,R513A_UNIT,R513A_UNIT,R513A_UNIT,R513A_UNIT,R513A_UNIT,R513A_UNIT,R513A_UNIT,R513A_UNIT,R513A_UNIT,R513A_UNIT,R513A_UNIT,R513A_UNIT,R513A_UNIT,R513A_UNIT,R513A_UNIT,R513A_UNIT,R513A_UNIT,R513A_UNIT,R513A_UNIT,R513A_UNIT,R513A_UNIT,R513A_UNIT,R513A_UNIT,R513A_UNIT,R513A_UNIT,R513A_UNIT,R513A_UNIT,R513A_UNIT,R513A_UNIT,R513A_UNIT,R513A_UNIT,R513A_UNIT,R513A_UNIT,R513A_UNIT,R513A_UNIT,R513A_UNIT,R513A_UNIT,R513A_UNIT,R513A_UNIT,R513A_UNIT,R513A_UNIT,R513A_UNIT,R513A_UNIT,R513A_UNIT,R513A_UNIT,R513A_UNIT,R513A_UNIT,R513A_UNIT,R513A_UNIT,R513A_UNIT,R513A_UNIT,R513A_UNIT,R513A_UNIT,R513A_UNIT,R513A_UNIT,R513A_UNIT,R513A_UNIT,R513A_UNIT,R513A_UNIT,R513A_UNIT,R513A_UNIT,R513A_UNIT,R513A_UNIT,R513A_UNIT,R513A_UNIT,R513A_UNIT,R513A_UNIT,R513A_UNIT,R513A_UNIT,R513A_UNIT,R513A_UNIT,R513A_UNIT,R513A_UNIT,R513A_UNIT,R513A_UNIT,R513A_UNIT,R513A_UNIT,R513A_UNIT,R513A_UNIT,R513A_UNIT,R513A_UNIT,R513A_UNIT,R513A_UNIT,R513A_UNIT,R513A_UNIT,R513A_UNIT,R513A_UNIT,R513A_UNIT,R513A_UNIT,R513A_UNIT,R513A_UNIT,R513A_UNIT,R513A_UNIT,R513A_UNIT,R513A_UNIT,R513A_UNIT,R513A_UNIT,R513A_UNIT,R513A_UNIT,R513A_UNIT,R513A_UNIT,R513A_UNIT,R513A_UNIT,R513A_UNIT,R513A_UNIT,R513A_UNIT,R513A_UNIT,R513A_UNIT,R513A_UNIT,R513A_UNIT,R513A_UNIT,R513A_UNIT,R513A_UNIT,R513A_UNIT,R513A_UNIT,R513A_UNIT,R513A_UNIT,R513A_UNIT,R513A_UNIT,R513A_UNIT,R513A_UNIT,R513A_UNIT,R513A_UNIT,R513A_UNIT,R513A_UNIT,LOGGER,LOGGER,LOGGER,LOGGER,LOGGER,LOGGER,LOGGER,LOGGER,LOGGER,LOGGER,LOGGER,LOGGER,LOGGER,LOGGER,LOGGER,LOGGER,LOGGER,LOGGER,LOGGER,LOGGER,LOGGER,LOGGER,LOGGER,LOGGER,LOGGER,LOGGER,LOGGER,LOGGER,LOGGER,LOGGER,LOGGER,LOGGER,LOGGER,LOGGER,LOGGER,LOGGER,LOGGER,LOGGER,LOGGER,LOGGER,LOGGER,LOGGER,LOGGER,LOGGER,LOGGER,LOGGER,LOGGER,LOGGER,LOGGER,LOGGER,LOGGER,LOGGER,LOGGER,LOGGER,LOGGER,LOGGER,LOGGER,LOGGER,LOGGER,LOGGER,LOGGER,LOGGER,LOGGER,LOGGER,LOGGER,LOGGER,LOGGER,LOGGER,LOGGER,LOGGER,LOGGER,LOGGER,LOGGER,LOGGER,LOGGER,LOGGER,LOGGER,LOGGER,LOGGER,LOGGER,LOGGER,LOGGER,LOGGER,LOGGER,LOGGER,LOGGER,LOGGER,LOGGER,LOGGER,LOGGER,LOGGER,LOGGER,LOGGER,LOGGER,LOGGER,LOGGER,LOGGER,LOGGER,LOGGER,LOGGER,LOGGER,LOGGER,LOGGER,LOGGER,LOGGER,LOGGER,LOGGER,LOGGER,LOGGER,LOGGER,LOGGER,LOGGER,LOGGER,LOGGER,LOGGER,LOGGER,LOGGER,LOGGER,LOGGER,LOGGER,LOGGER,LOGGER,LOGGER,LOGGER,LOGGER,LOGGER,LOGGER,LOGGER,LOGGER,LOGGER,LOGGER,LOGGER,LOGGER,LOGGER,LOGGER,LOGGER,LOGGER,LOGGER,LOGGER,LOGGER,LOGGER,LOGGER,LOGGER,LOGGER,LOGGER,LOGGER,TEST_STATION,TEST_STATION,TEST_STATION,TEST_STATION,TEST_STATION,TEST_STATION,TEST_STATION,TEST_STATION,TEST_STATION,TEST_STATION,TEST_STATION,TEST_STATION,TEST_STATION,TEST_STATION,TEST_STATION,TEST_STATION,TEST_STATION,TEST_STATION,TEST_STATION,TEST_STATION,TEST_STATION,TEST_STATION,TEST_STATION,TEST_STATION,TEST_STATION,TEST_STATION,TEST_STATION,TEST_STATION,TEST_STATION,TEST_STATION,TEST_STATION,TEST_STATION,TEST_STATION,TEST_STATION,TEST_STATION,TEST_STATION,TEST_STATION,TEST_STATION,TEST_STATION,TEST_STATION,TEST_STATION,TEST_STATION,TEST_STATION,TEST_STATION,TEST_STATION,TEST_STATION,TEST_STATION,TEST_STATION,TEST_STATION,TEST_STATION,TEST_STATION,TEST_STATION,TEST_STATION,TEST_STATION,TEST_STATION,TEST_STATION,TEST_STATION,TEST_STATION,TEST_STATION,TEST_STATION,TEST_STATION,TEST_STATION,TEST_STATION,TEST_STATION,TEST_STATION,TEST_STATION,TEST_STATION,CHAMBER,CHAMBER,CHAMBER,CHAMBER,CHAMBER,CHAMBER,CHAMBER,CHAMBER,CHAMBER,CHAMBER,CHAMBER,CHAMBER,CHAMBER,CHAMBER,CHAMBER,CHAMBER,CHAMBER,CHAMBER,CHAMBER,CHAMBER,CHAMBER,CHAMBER,CHAMBER,CHAMBER,CHAMBER,CHAMBER,CHAMBER,CHAMBER,CHAMBER,CHAMBER,CHAMBER,CHAMBER,CHAMBER,CHAMBER,CHAMBER,CHAMBER,CHAMBER,CHAMBER,CHAMBER,CHAMBER,CHAMBER
TIME,Cycle_Status,Unit_SN,Heat_Call,Defrost,Alarm_Register_1,Alarm_Register_2,Alarm_Register_3,AMB_Fahr_W,Cond_LWT_Fahr_W,Cond_EWT_Fahr_W,Cond_Flow_F,Evap1_Fahr_W,Evap2_Fahr_W,Cold_Sensor_Fahr_W,Warm_Sensor_Fahr_W,SLT_Fahr_W,SH_F,DLP_W,SLP_W,Flow_Percent_Set_W,VFP_Head_ft_F,Circ_Pump_Output,Evap_Flow_Output,LLSV_Output,Comp_Output,HGBV_Output,AOTS,Remote_Enable,Comp_Feedback,MMP_Aux,Voltage_Monitor,O.P.S.S.,F.C._Aux,Evap_Flow,Pan_Sensor,Damper_Switch,TT_High,TT_ODR,Cond_Heat_Output,Defrost_Heat_Output,Pan_Heat_Output,PD_ctl,SP_HC_Cut_In,EWT_Block,MP_HC_Cut_In,MP_HC_Cut_Out,BMS_Heat_Call,MCP6_HC_Rgstr,Master_Comm_Status,Member_Unit_Status,MCPLA_HeatCall,mqtt_member_status,Cond_Flow_Verif,Flow_Valve_Verif,PID_Start,Pump_OFF_Delay,HGBV_Max,Post_HGBV_Fan,Defrost_Enable,VFP_Setpoint_W,Hardware_IO_Map_W,K2_EEV_POS,Tank_Storage_Temp,Demand_Diff,Cold_Sensor_Cut_In_F,Hot_Sensor_Cut_In_F,Cond_LWT_Input_F,Startup_GPM_F,CFlow_Low_Limit_F,Start_Valve_Pos_F,Min_Valve_Pos_F,Defrost_Cut_In_F,Defrost_Cut_Out_F,HGBV_PSIG_Cut_In_F,HGBV_PSIG_Cut_Out_F,Freeze_Po_1_Cut_In,Freeze_Po_1_Cut_Out,Freeze_Pro_2_Cut_In,Freeze_Pro_2_Cut_Out,WS_FrzPro2_Cut_In,WS_FrzPro2_Cut_Out,Purge_Cut_Out_Fahr_F,Kp_Input,Ki_Input,Kd_Input,PID_Start_Diff_F,Pump_Delay_Time,Max_Pump_Duration,CFlow_VerifFail_Time,Manual_EvapFlow_TIME,EFlow_VerifFail_Time,Defr_Cut_In_Delay_W,Def_Enable_Time_W,Def_Max_Dur_Time_W,Post_Def_Fan_Time_W,HGBV_Duration_W,PostHGBVFan_Time_W,Max_Purge_Time,SinglePass_Config,Glycol_Source_Config,CWP_Config,K2_Config,Standby_Valve_Pos,HGBV_Defrost_Enable,HGBV_Disable,Unit_Model,Pump_Down_PSIG_F,Amb_Range_LOW,InitSV_Max_F,SrcTemp_SwitchTemp_F,EWT_Cut_Out_F,Demand_Mode,Unit_number,StaticIP_Status,ODR_LWT_Min_F,ODR_LWT_Max_F,ODR_Amb_Min_F,ODR_Amb_Max_F,HPB_WWSD_F,Password_Lock,Dev_psswrd_Lock,Service_Lock,Manual_Ctl_Status_W,Ducted_Config,Fans_Adj_Input_F,EWT_float,LWT_float,dT_float,GPM_float,Capacity,KW_float,KWX3412_float,COP,VFD_Hz_W,CompVFD_ErrorCode,CompVFD_Status,GPMXdT,VFD_Hz_Setpoint_W,FlowValve_FB%,FlowValve_SetPont,GPM_ps_1X10_float,GPM_ps_2X100_float,GPM_ps_1_float,GPM_ps_2_float,Amb_unit,VFP_ctl_Word_1_W,VFP_Ctl_Mode_W,VFP_Operation_Mode_W,VFP_Ctl_Setpoint_W,Fans_Spd_Disp_F,VFP_Status_Word_1_W,VFP_ProcFB_Status_W,VFP_CtlMode_Status_W,VFP_OpMode_Status_W,VFP_Alarm_Code_W,VFP_Warning_Code_W,VFP_Head_W,VFP_Flow_W,VFP_Performance_W,VFP_Speed_W,VFP_Freq_W,VFP_Dig_Inputs_W,VFP_Dig_Outputs_W,VFP_Pwr_Lo_W,VFP_RemoteFlow_W,VFP_InletPress_W,VFP_RemotePress1_W,VFP_FeedTankLvl_W,VFP_PwrEleTemp_W,VFP_MotorTemp_W,VFP_RemoteTemp1_W,VFP_EleTemp_W,VFP_LiquidTemp_W,CMRC_Alarm_1,CMRC_Alarm_2,CMRC_Alarm_3,CMRC_Alarm_4,CMRC_Alarm_5,CMRC_Alarm_6,CMRC_Alarm_7,CMRC_Alarm_8,CMRC_Alarm_9,CMRC_Alarm_10,K2_SuperHeat,K2_SLP,K2_SatT,K2_SLT,K2_NA1,K2_EEV_POS,K2_DLT,K2_Relay,K2_Alarm,K2_System,K2_Firm,VFP_head_F_feet,GPM_vfp,VFP_SetPoint_F,EWT_Raw,LWT_Raw,LLT_Raw,DLT_Raw,GPM_prosense_1X10,GPM_prosense_2X100,Temp_prosense_1,Temp_prosense_2,LLP,Water_Pressure_Out,LLT_Raw_C270,DLT_Raw_C270,SourceWater_EWT_C270,SourceWater_LWT_C270,Tekmar_Loop_LWT_C270,Compressor_head_Temp,LWT_SM_3_Raw,Compressor_head_X10,Compressor_head_F,EWT_Float,LWT_Float,LLT_Float,DLT_Float,LLP_SM_I_Float,LWT_SM_I_Float,LWT_SM_2_Float,LWT_SM_3_Float,AIR_TEMP_F_FL_ub,RH_FL,RH_FL_UB,EWT_Thermowell_ANSI,LWT_Thermowell_ANSI,LLT,DLT,EWT_SM_Internal,LWT_SM_Internal,LWT_SM_2,LWT_SM_3,DLP_Word,Ambient_air_temp,RH,DefrostCutOut,DefrostDelayTimer,DefrostMaxDurTimer,DefrostEnableTimer,DefrostEnableTC,LWTSet,Voltage_monitor,AlarmReg_1,AlarmReg_2,AlarmReg_3,PhAVolt_C90,PhAAmps_C90,PhBVolt_C90,PhBAmp_C90,PhCVolt_C90,PhCAmp_C90,TruPwr3Ph_C90,ReacPwr3Ph_C90,AprntPwr3Ph_C90,NetEnergy_C90,UnsignedEnergy_C90,PositiveEng_C90,NegativeEng_C90,NetReactiveEng_C90,NetApparentEng_C90,PowFac3ph_C90,PSIG_Table_START,SSLT_Table_START,Fist_Match_LLP_W,x2_LLP_First_Match_D,SLLT_Lookup_I,SLLT_F,SubCooling_F,CondFlowLoss_Fault,HotTankT_lo,HotTankT_hi,Cooler_EWT_lo,Cooler_EWT_hi,Cooler_LWT_lo,Cooler_LWT_hi,CoolFlowRt_lo,CoolFlowRt_hi,HW_Pump_set,HTank_cutIn,HTank_cutOut,ChillerFanPercent,ColdTankT_lo,ColdTankT_hi,EvapHeadrRetT_lo,EvapHeadrRetT_hi,EvapHeadrSupT_lo,EvapHeadrSupT_hi,Evap_Pump_set,CTank_cutIn,CTank_cutOut,HeatingEnable,Cond_hd_Sply,condReturnT_hi,EvapHeadrFlowIn_l,EvapHeadrFlowIn_h,CoolerFanFreq,condPumpFreq,evapPumpFreq_l,evapPumpFreq_h,AMTemp_low,AMTemp_high,Cooling_Cap,AMB_RH,HTank_cutIn_F,SupplyHeaderInletR,SupplyHeaderInletS,ReturnHeaderOutletR,ReturnHeaderOutletS,BoilerControlVR,BoilerControlVS,HotTankR,HotTankS,FluidCoolerInletR,FluidCoolerInletS,FluidCoolerOutletR,FluidCoolerOutletS,EvapInletR,EvapInletS,EvapOutletR,EvapOutletS,ColdTankR,ColdTankS,AuxTempRaw,HeatedTank_Float,SourceTank_Float,AuxTmpFlot,AuxTmpScld,TempC1,TempC1_ub,TempF,RH1,ABS_H1,DPC1,DPF1,MR1,Amb_temp_set_epic_F,RH_set_epic_F,Hum_manual_override,TempF1,RH1,ABS_H1,DPF1,TempF2,RH2,ABS_H2,DPF2,TempF3,RH3,DPC3,DPF3,TempF4,RH4,ABS_H4,DPF4,FloorTC,K2_SUP1_In,K2_SLP1_In,K2_ET1_In,K2_SAT1_In,K2_RT1_In,K2_ValvePos1_In,K2_AUX1a_In,K2_RLY1,K2_Alarm1,K2_System1,K2_Firmware1,K2_AUX1b_In,K2_SLP2_In,K2_ET2_In,TempC1,TempF,RH1,ABS_H1,DPC1,DPF1,MR1
2026-06-17T04:00:00,ERR,ERR,ERR,ERR,ERR,ERR,ERR,ERR,ERR,ERR,ERR,ERR,ERR,ERR,ERR,ERR,ERR,ERR,ERR,ERR,ERR,ERR,ERR,ERR,ERR,ERR,ERR,ERR,ERR,ERR,ERR,ERR,ERR,ERR,ERR,ERR,ERR,ERR,ERR,ERR,ERR,ERR,ERR,ERR,ERR,ERR,ERR,ERR,ERR,ERR,ERR,ERR,ERR,ERR,ERR,ERR,ERR,ERR,ERR,ERR,ERR,ERR,ERR,ERR,ERR,ERR,ERR,ERR,ERR,ERR,ERR,ERR,ERR,ERR,ERR,ERR,ERR,ERR,ERR,ERR,ERR,ERR,ERR,ERR,ERR,ERR,ERR,ERR,ERR,ERR,ERR,ERR,ERR,ERR,ERR,ERR,ERR,ERR,ERR,ERR,ERR,ERR,ERR,ERR,ERR,ERR,ERR,ERR,ERR,ERR,ERR,ERR,ERR,ERR,ERR,ERR,ERR,ERR,ERR,ERR,ERR,ERR,ERR,ERR,ERR,0.0,0.0,2.6474777903227054e+23,0.0,0.0,1.3936040501711995e+18,7.805,0.0,0,0,4,0,7300,-0.0,0,0.0,0.0,0.0,0.0,0.0,0,0,0,0,0.0,0,0,0,0,0,0,0,0,0,0,0,0,0,0,0,0,0,0,0,0,0,0,0,0,0,0,0,0,0,0,0,0,0,32,30,30,62,65476,0,300,0,0,8,21553,0.0,-107605600.0,0.0,0.0,0.0,0.0,0.0,0.0,0.0,0.0,0.0,0.0,0.0,0.0,0.0,0.0,0.0,0.0,0.0,0.0,0.0,0.0,2.004,-0.0,-2.004,-0.0,0.0,0.0,0.0,0.0,5439.0,-0.0,6962.0,0.0,0.0,-107615280.0,0.0,0.0,0.0,0.0,0.0,63,-1.905697261480837e+17,0.0,0.0,0.0,0.0,0.0,0.0,0.0,0.0,0,0,0,0.0,0.0,0.0,0.0,0.0,0.0,0.0,0.0,0.0,0.0,0.0,0.0,0.0,0.0,0.0,0.0,0,-107875648.0,63,0.0,126,2.7184242562605685e+23,-0.0,ERR,ERR,ERR,ERR,ERR,ERR,ERR,ERR,ERR,ERR,ERR,ERR,ERR,ERR,ERR,ERR,ERR,ERR,ERR,ERR,ERR,ERR,ERR,ERR,ERR,ERR,ERR,ERR,ERR,ERR,ERR,ERR,ERR,ERR,ERR,ERR,ERR,ERR,ERR,ERR,ERR,ERR,ERR,ERR,ERR,ERR,ERR,ERR,ERR,ERR,ERR,ERR,ERR,ERR,ERR,ERR,ERR,ERR,ERR,ERR,ERR,ERR,ERR,ERR,ERR,ERR,ERR,34.0,80.0,35,0.0,0.0,0.0,0.0,0.0,0.0,0.0,0.0,0.0,0.0,0.0,0.0,0.0,0.0,0.0,0.0,64.4,0,117,56,50,65476,0,300,0,0,8,20529,65476,0,0,57672,80.0,0.0,0.0,0.0,0.0,0.0
2026-06-17T04:00:01,ERR,ERR,ERR,ERR,ERR,ERR,ERR,ERR,ERR,ERR,ERR,ERR,ERR,ERR,ERR,ERR,ERR,ERR,ERR,ERR,ERR,ERR,ERR,ERR,ERR,ERR,ERR,ERR,ERR,ERR,ERR,ERR,ERR,ERR,ERR,ERR,ERR,ERR,ERR,ERR,ERR,ERR,ERR,ERR,ERR,ERR,ERR,ERR,ERR,ERR,ERR,ERR,ERR,ERR,ERR,ERR,ERR,ERR,ERR,ERR,ERR,ERR,ERR,ERR,ERR,ERR,ERR,ERR,ERR,ERR,ERR,ERR,ERR,ERR,ERR,ERR,ERR,ERR,ERR,ERR,ERR,ERR,ERR,ERR,ERR,ERR,ERR,ERR,ERR,ERR,ERR,ERR,ERR,ERR,ERR,ERR,ERR,ERR,ERR,ERR,ERR,ERR,ERR,ERR,ERR,ERR,ERR,ERR,ERR,ERR,ERR,ERR,ERR,ERR,ERR,ERR,ERR,ERR,ERR,ERR,ERR,ERR,ERR,ERR,ERR,0.0,0.0,2.6474777903227054e+23,0.0,0.0,1.3936040501711995e+18,7.805,0.0,0,0,4,0,7300,-0.0,0,0.0,0.0,0.0,0.0,0.0,0,0,0,0,0.0,0,0,0,0,0,0,0,0,0,0,0,0,0,0,0,0,0,0,0,0,0,0,0,0,0,0,0,0,0,0,0,0,0,32,30,30,62,65476,0,300,0,0,8,21553,0.0,-107605600.0,0.0,0.0,0.0,0.0,0.0,0.0,0.0,0.0,0.0,0.0,0.0,0.0,0.0,0.0,0.0,0.0,0.0,0.0,0.0,0.0,2.004,-0.0,-2.004,-0.0,0.0,0.0,0.0,0.0,5439.0,-0.0,6962.0,0.0,0.0,-107615280.0,0.0,0.0,0.0,0.0,0.0,63,-1.905697261480837e+17,0.0,0.0,0.0,0.0,0.0,0.0,0.0,0.0,0,0,0,0.0,0.0,0.0,0.0,0.0,0.0,0.0,0.0,0.0,0.0,0.0,0.0,0.0,0.0,0.0,0.0,0,-107875648.0,63,0.0,126,2.7184242562605685e+23,-0.0,ERR,ERR,ERR,ERR,ERR,ERR,ERR,ERR,ERR,ERR,ERR,ERR,ERR,ERR,ERR,ERR,ERR,ERR,ERR,ERR,ERR,ERR,ERR,ERR,ERR,ERR,ERR,ERR,ERR,ERR,ERR,ERR,ERR,ERR,ERR,ERR,ERR,ERR,ERR,ERR,ERR,ERR,ERR,ERR,ERR,ERR,ERR,ERR,ERR,ERR,ERR,ERR,ERR,ERR,ERR,ERR,ERR,ERR,ERR,ERR,ERR,ERR,ERR,ERR,ERR,ERR,ERR,34.0,80.0,35,0.0,0.0,0.0,0.0,0.0,0.0,0.0,0.0,0.0,0.0,0.0,0.0,0.0,0.0,0.0,0.0,64.4,0,117,56,50,65476,0,300,0,0,8,20529,65476,0,0,57672,80.0,0.0,0.0,0.0,0.0,0.0
2026-06-17T04:00:02,ERR,ERR,ERR,ERR,ERR,ERR,ERR,ERR,ERR,ERR,ERR,ERR,ERR,ERR,ERR,ERR,ERR,ERR,ERR,ERR,ERR,ERR,ERR,ERR,ERR,ERR,ERR,ERR,ERR,ERR,ERR,ERR,ERR,ERR,ERR,ERR,ERR,ERR,ERR,ERR,ERR,ERR,ERR,ERR,ERR,ERR,ERR,ERR,ERR,ERR,ERR,ERR,ERR,ERR,ERR,ERR,ERR,ERR,ERR,ERR,ERR,ERR,ERR,ERR,ERR,ERR,ERR,ERR,ERR,ERR,ERR,ERR,ERR,ERR,ERR,ERR,ERR,ERR,ERR,ERR,ERR,ERR,ERR,ERR,ERR,ERR,ERR,ERR,ERR,ERR,ERR,ERR,ERR,ERR,ERR,ERR,ERR,ERR,ERR,ERR,ERR,ERR,ERR,ERR,ERR,ERR,ERR,ERR,ERR,ERR,ERR,ERR,ERR,ERR,ERR,ERR,ERR,ERR,ERR,ERR,ERR,ERR,ERR,ERR,ERR,0.0,0.0,2.6474777903227054e+23,0.0,0.0,1.3936040501711995e+18,7.805,0.0,0,0,4,0,7300,-0.0,0,0.0,0.0,0.0,0.0,0.0,0,0,0,0,0.0,0,0,0,0,0,0,0,0,0,0,0,0,0,0,0,0,0,0,0,0,0,0,0,0,0,0,0,0,0,0,0,0,0,32,30,30,62,65476,0,300,0,0,8,21553,0.0,-107605600.0,0.0,0.0,0.0,0.0,0.0,0.0,0.0,0.0,0.0,0.0,0.0,0.0,0.0,0.0,0.0,0.0,0.0,0.0,0.0,0.0,2.004,-0.0,-2.004,-0.0,0.0,0.0,0.0,0.0,5439.0,-0.0,6962.0,0.0,0.0,-107615280.0,0.0,0.0,0.0,0.0,0.0,63,-1.905697261480837e+17,0.0,0.0,0.0,0.0,0.0,0.0,0.0,0.0,0,0,0,0.0,0.0,0.0,0.0,0.0,0.0,0.0,0.0,0.0,0.0,0.0,0.0,0.0,0.0,0.0,0.0,0,-107875648.0,63,0.0,126,2.7184242562605685e+23,-0.0,ERR,ERR,ERR,ERR,ERR,ERR,ERR,ERR,ERR,ERR,ERR,ERR,ERR,ERR,ERR,ERR,ERR,ERR,ERR,ERR,ERR,ERR,ERR,ERR,ERR,ERR,ERR,ERR,ERR,ERR,ERR,ERR,ERR,ERR,ERR,ERR,ERR,ERR,ERR,ERR,ERR,ERR,ERR,ERR,ERR,ERR,ERR,ERR,ERR,ERR,ERR,ERR,ERR,ERR,ERR,ERR,ERR,ERR,ERR,ERR,ERR,ERR,ERR,ERR,ERR,ERR,ERR,34.0,80.0,35,0.0,0.0,0.0,0.0,0.0,0.0,0.0,0.0,0.0,0.0,0.0,0.0,0.0,0.0,0.0,0.0,64.8,0,117,56,50,65476,0,300,0,0,8,20529,65476,0,0,57672,80.0,0.0,0.0,0.0,0.0,0.0
2026-06-17T04:00:03,ERR,ERR,ERR,ERR,ERR,ERR,ERR,ERR,ERR,ERR,ERR,ERR,ERR,ERR,ERR,ERR,ERR,ERR,ERR,ERR,ERR,ERR,ERR,ERR,ERR,ERR,ERR,ERR,ERR,ERR,ERR,ERR,ERR,ERR,ERR,ERR,ERR,ERR,ERR,ERR,ERR,ERR,ERR,ERR,ERR,ERR,ERR,ERR,ERR,ERR,ERR,ERR,ERR,ERR,ERR,ERR,ERR,ERR,ERR,ERR,ERR,ERR,ERR,ERR,ERR,ERR,ERR,ERR,ERR,ERR,ERR,ERR,ERR,ERR,ERR,ERR,ERR,ERR,ERR,ERR,ERR,ERR,ERR,ERR,ERR,ERR,ERR,ERR,ERR,ERR,ERR,ERR,ERR,ERR,ERR,ERR,ERR,ERR,ERR,ERR,ERR,ERR,ERR,ERR,ERR,ERR,ERR,ERR,ERR,ERR,ERR,ERR,ERR,ERR,ERR,ERR,ERR,ERR,ERR,ERR,ERR,ERR,ERR,ERR,ERR,0.0,0.0,2.6474777903227054e+23,0.0,0.0,1.3936040501711995e+18,7.805,0.0,0,0,4,0,7300,-0.0,0,0.0,0.0,0.0,0.0,0.0,0,0,0,0,0.0,0,0,0,0,0,0,0,0,0,0,0,0,0,0,0,0,0,0,0,0,0,0,0,0,0,0,0,0,0,0,0,0,0,32,30,30,62,65476,0,300,0,0,8,21553,0.0,-107605600.0,0.0,0.0,0.0,0.0,0.0,0.0,0.0,0.0,0.0,0.0,0.0,0.0,0.0,0.0,0.0,0.0,0.0,0.0,0.0,0.0,2.004,-0.0,-2.004,-0.0,0.0,0.0,0.0,0.0,5437.0,-0.0,6963.0,0.0,0.0,0.0,0.0,0.0,0.0,0.0,0.0,63,-126841077760.0,0.0,0.0,0.0,0.0,0.0,0.0,0.0,0.0,0,0,0,0.0,0.0,0.0,0.0,0.0,0.0,0.0,0.0,0.0,0.0,0.0,0.0,0.0,0.0,0.0,0.0,0,-107875648.0,63,0.0,126,2.7184242562605685e+23,-109447136.0,ERR,ERR,ERR,ERR,ERR,ERR,ERR,ERR,ERR,ERR,ERR,ERR,ERR,ERR,ERR,ERR,ERR,ERR,ERR,ERR,ERR,ERR,ERR,ERR,ERR,ERR,ERR,ERR,ERR,ERR,ERR,ERR,ERR,ERR,ERR,ERR,ERR,ERR,ERR,ERR,ERR,ERR,ERR,ERR,ERR,ERR,ERR,ERR,ERR,ERR,ERR,ERR,ERR,ERR,ERR,ERR,ERR,ERR,ERR,ERR,ERR,ERR,ERR,ERR,ERR,ERR,ERR,34.0,80.0,35,0.0,0.0,0.0,0.0,0.0,0.0,0.0,0.0,0.0,0.0,0.0,0.0,0.0,0.0,0.0,0.0,64.8,0,117,56,50,65476,0,300,0,0,8,20529,65476,0,0,57672,80.0,0.0,0.0,0.0,0.0,0.0
2026-06-17T04:00:04,ERR,ERR,ERR,ERR,ERR,ERR,ERR,ERR,ERR,ERR,ERR,ERR,ERR,ERR,ERR,ERR,ERR,ERR,ERR,ERR,ERR,ERR,ERR,ERR,ERR,ERR,ERR,ERR,ERR,ERR,ERR,ERR,ERR,ERR,ERR,ERR,ERR,ERR,ERR,ERR,ERR,ERR,ERR,ERR,ERR,ERR,ERR,ERR,ERR,ERR,ERR,ERR,ERR,ERR,ERR,ERR,ERR,ERR,ERR,ERR,ERR,ERR,ERR,ERR,ERR,ERR,ERR,ERR,ERR,ERR,ERR,ERR,ERR,ERR,ERR,ERR,ERR,ERR,ERR,ERR,ERR,ERR,ERR,ERR,ERR,ERR,ERR,ERR,ERR,ERR,ERR,ERR,ERR,ERR,ERR,ERR,ERR,ERR,ERR,ERR,ERR,ERR,ERR,ERR,ERR,ERR,ERR,ERR,ERR,ERR,ERR,ERR,ERR,ERR,ERR,ERR,ERR,ERR,ERR,ERR,ERR,ERR,ERR,ERR,ERR,0.0,0.0,2.6474777903227054e+23,0.0,0.0,1.3936040501711995e+18,7.805,0.0,0,0,4,0,7300,-0.0,0,0.0,0.0,0.0,0.0,0.0,0,0,0,0,0.0,0,0,0,0,0,0,0,0,0,0,0,0,0,0,0,0,0,0,0,0,0,0,0,0,0,0,0,0,0,0,0,0,0,32,30,30,62,65476,0,300,0,0,8,21553,0.0,-107605600.0,0.0,0.0,0.0,0.0,0.0,0.0,0.0,0.0,0.0,0.0,0.0,0.0,0.0,0.0,0.0,0.0,0.0,0.0,0.0,0.0,2.004,-0.0,-2.004,-0.0,0.0,0.0,0.0,0.0,5437.0,-0.0,6963.0,0.0,0.0,0.0,0.0,0.0,0.0,0.0,0.0,63,-126841077760.0,0.0,0.0,0.0,0.0,0.0,0.0,0.0,0.0,0,0,0,0.0,0.0,0.0,0.0,0.0,0.0,0.0,0.0,0.0,0.0,0.0,0.0,0.0,0.0,0.0,0.0,0,-107875648.0,63,0.0,126,2.7184242562605685e+23,-109447136.0,ERR,ERR,ERR,ERR,ERR,ERR,ERR,ERR,ERR,ERR,ERR,ERR,ERR,ERR,ERR,ERR,ERR,ERR,ERR,ERR,ERR,ERR,ERR,ERR,ERR,ERR,ERR,ERR,ERR,ERR,ERR,ERR,ERR,ERR,ERR,ERR,ERR,ERR,ERR,ERR,ERR,ERR,ERR,ERR,ERR,ERR,ERR,ERR,ERR,ERR,ERR,ERR,ERR,ERR,ERR,ERR,ERR,ERR,ERR,ERR,ERR,ERR,ERR,ERR,ERR,ERR,ERR,34.0,80.0,35,0.0,0.0,0.0,0.0,0.0,0.0,0.0,0.0,0.0,0.0,0.0,0.0,0.0,0.0,0.0,0.0,64.8,0,117,56,50,65476,0,300,0,0,8,20529,65476,0,0,57672,80.0,0.0,0.0,0.0,0.0,0.0
2026-06-17T04:00:05,ERR,ERR,ERR,ERR,ERR,ERR,ERR,ERR,ERR,ERR,ERR,ERR,ERR,ERR,ERR,ERR,ERR,ERR,ERR,ERR,ERR,ERR,ERR,ERR,ERR,ERR,ERR,ERR,ERR,ERR,ERR,ERR,ERR,ERR,ERR,ERR,ERR,ERR,ERR,ERR,ERR,ERR,ERR,ERR,ERR,ERR,ERR,ERR,ERR,ERR,ERR,ERR,ERR,ERR,ERR,ERR,ERR,ERR,ERR,ERR,ERR,ERR,ERR,ERR,ERR,ERR,ERR,ERR,ERR,ERR,ERR,ERR,ERR,ERR,ERR,ERR,ERR,ERR,ERR,ERR,ERR,ERR,ERR,ERR,ERR,ERR,ERR,ERR,ERR,ERR,ERR,ERR,ERR,ERR,ERR,ERR,ERR,ERR,ERR,ERR,ERR,ERR,ERR,ERR,ERR,ERR,ERR,ERR,ERR,ERR,ERR,ERR,ERR,ERR,ERR,ERR,ERR,ERR,ERR,ERR,ERR,ERR,ERR,ERR,ERR,0.0,0.0,2.6474777903227054e+23,0.0,0.0,1.3936040501711995e+18,7.805,0.0,0,0,4,0,7300,-0.0,0,0.0,0.0,0.0,0.0,0.0,0,0,0,0,0.0,0,0,0,0,0,0,0,0,0,0,0,0,0,0,0,0,0,0,0,0,0,0,0,0,0,0,0,0,0,0,0,0,0,32,30,30,62,65476,0,300,0,0,8,21553,0.0,-107605600.0,0.0,0.0,0.0,0.0,0.0,0.0,0.0,0.0,0.0,0.0,0.0,0.0,0.0,0.0,0.0,0.0,0.0,0.0,0.0,0.0,2.004,-0.0,-2.004,-0.0,0.0,0.0,0.0,0.0,5437.0,-0.0,6963.0,0.0,0.0,0.0,0.0,0.0,0.0,0.0,0.0,63,-126841077760.0,0.0,0.0,0.0,0.0,0.0,0.0,0.0,0.0,0,0,0,0.0,0.0,0.0,0.0,0.0,0.0,0.0,0.0,0.0,0.0,0.0,0.0,0.0,0.0,0.0,0.0,0,-107875648.0,63,0.0,126,2.7184242562605685e+23,-109447136.0,ERR,ERR,ERR,ERR,ERR,ERR,ERR,ERR,ERR,ERR,ERR,ERR,ERR,ERR,ERR,ERR,ERR,ERR,ERR,ERR,ERR,ERR,ERR,ERR,ERR,ERR,ERR,ERR,ERR,ERR,ERR,ERR,ERR,ERR,ERR,ERR,ERR,ERR,ERR,ERR,ERR,ERR,ERR,ERR,ERR,ERR,ERR,ERR,ERR,ERR,ERR,ERR,ERR,ERR,ERR,ERR,ERR,ERR,ERR,ERR,ERR,ERR,ERR,ERR,ERR,ERR,ERR,34.0,80.0,35,0.0,0.0,0.0,0.0,0.0,0.0,0.0,0.0,0.0,0.0,0.0,0.0,0.0,0.0,0.0,0.0,64.8,0,117,56,50,65476,0,300,0,0,8,20529,65476,0,0,57672,80.0,0.0,0.0,0.0,0.0,0.0
2026-06-17T04:00:06,ERR,ERR,ERR,ERR,ERR,ERR,ERR,ERR,ERR,ERR,ERR,ERR,ERR,ERR,ERR,ERR,ERR,ERR,ERR,ERR,ERR,ERR,ERR,ERR,ERR,ERR,ERR,ERR,ERR,ERR,ERR,ERR,ERR,ERR,ERR,ERR,ERR,ERR,ERR,ERR,ERR,ERR,ERR,ERR,ERR,ERR,ERR,ERR,ERR,ERR,ERR,ERR,ERR,ERR,ERR,ERR,ERR,ERR,ERR,ERR,ERR,ERR,ERR,ERR,ERR,ERR,ERR,ERR,ERR,ERR,ERR,ERR,ERR,ERR,ERR,ERR,ERR,ERR,ERR,ERR,ERR,ERR,ERR,ERR,ERR,ERR,ERR,ERR,ERR,ERR,ERR,ERR,ERR,ERR,ERR,ERR,ERR,ERR,ERR,ERR,ERR,ERR,ERR,ERR,ERR,ERR,ERR,ERR,ERR,ERR,ERR,ERR,ERR,ERR,ERR,ERR,ERR,ERR,ERR,ERR,ERR,ERR,ERR,ERR,ERR,0.0,0.0,2.6474777903227054e+23,0.0,0.0,1.3936040501711995e+18,7.805,0.0,0,0,4,0,7300,-0.0,0,0.0,0.0,0.0,0.0,0.0,0,0,0,0,0.0,0,0,0,0,0,0,0,0,0,0,0,0,0,0,0,0,0,0,0,0,0,0,0,0,0,0,0,0,0,0,0,0,0,32,30,30,62,65476,0,300,0,0,8,21553,0.0,-107605600.0,0.0,0.0,0.0,0.0,0.0,0.0,0.0,0.0,0.0,0.0,0.0,0.0,0.0,0.0,0.0,0.0,0.0,0.0,0.0,0.0,2.004,-0.0,-2.004,-0.0,0.0,0.0,0.0,0.0,5437.0,-0.0,6963.0,0.0,0.0,0.0,0.0,0.0,0.0,0.0,0.0,63,-126841077760.0,0.0,0.0,0.0,0.0,0.0,0.0,0.0,0.0,0,0,0,0.0,0.0,0.0,0.0,0.0,0.0,0.0,0.0,0.0,0.0,0.0,0.0,0.0,0.0,0.0,0.0,0,-107875648.0,63,0.0,126,2.7184242562605685e+23,-109447136.0,ERR,ERR,ERR,ERR,ERR,ERR,ERR,ERR,ERR,ERR,ERR,ERR,ERR,ERR,ERR,ERR,ERR,ERR,ERR,ERR,ERR,ERR,ERR,ERR,ERR,ERR,ERR,ERR,ERR,ERR,ERR,ERR,ERR,ERR,ERR,ERR,ERR,ERR,ERR,ERR,ERR,ERR,ERR,ERR,ERR,ERR,ERR,ERR,ERR,ERR,ERR,ERR,ERR,ERR,ERR,ERR,ERR,ERR,ERR,ERR,ERR,ERR,ERR,ERR,ERR,ERR,ERR,34.0,80.0,35,0.0,0.0,0.0,0.0,0.0,0.0,0.0,0.0,0.0,0.0,0.0,0.0,0.0,0.0,0.0,0.0,64.4,0,117,56,50,65476,0,300,0,0,8,20529,65476,0,0,57672,80.0,0.0,0.0,0.0,0.0,0.0
2026-06-17T04:00:07,ERR,ERR,ERR,ERR,ERR,ERR,ERR,ERR,ERR,ERR,ERR,ERR,ERR,ERR,ERR,ERR,ERR,ERR,ERR,ERR,ERR,ERR,ERR,ERR,ERR,ERR,ERR,ERR,ERR,ERR,ERR,ERR,ERR,ERR,ERR,ERR,ERR,ERR,ERR,ERR,ERR,ERR,ERR,ERR,ERR,ERR,ERR,ERR,ERR,ERR,ERR,ERR,ERR,ERR,ERR,ERR,ERR,ERR,ERR,ERR,ERR,ERR,ERR,ERR,ERR,ERR,ERR,ERR,ERR,ERR,ERR,ERR,ERR,ERR,ERR,ERR,ERR,ERR,ERR,ERR,ERR,ERR,ERR,ERR,ERR,ERR,ERR,ERR,ERR,ERR,ERR,ERR,ERR,ERR,ERR,ERR,ERR,ERR,ERR,ERR,ERR,ERR,ERR,ERR,ERR,ERR,ERR,ERR,ERR,ERR,ERR,ERR,ERR,ERR,ERR,ERR,ERR,ERR,ERR,ERR,ERR,ERR,ERR,ERR,ERR,0.0,0.0,2.6474777903227054e+23,0.0,0.0,1.3936040501711995e+18,7.805,0.0,0,0,4,0,7300,-0.0,0,0.0,0.0,0.0,0.0,0.0,0,0,0,0,0.0,0,0,0,0,0,0,0,0,0,0,0,0,0,0,0,0,0,0,0,0,0,0,0,0,0,0,0,0,0,0,0,0,0,32,30,30,62,65476,0,300,0,0,8,21553,0.0,-107605600.0,0.0,0.0,0.0,0.0,0.0,0.0,0.0,0.0,0.0,0.0,0.0,0.0,0.0,0.0,0.0,0.0,0.0,0.0,0.0,0.0,2.004,-0.0,-2.004,-0.0,0.0,0.0,0.0,0.0,5437.0,-0.0,6963.0,0.0,0.0,0.0,0.0,0.0,0.0,0.0,0.0,63,-126841077760.0,0.0,0.0,0.0,0.0,0.0,0.0,0.0,0.0,0,0,0,0.0,0.0,0.0,0.0,0.0,0.0,0.0,0.0,0.0,0.0,0.0,0.0,0.0,0.0,0.0,0.0,0,-107875648.0,63,0.0,126,2.7184242562605685e+23,-109447136.0,ERR,ERR,ERR,ERR,ERR,ERR,ERR,ERR,ERR,ERR,ERR,ERR,ERR,ERR,ERR,ERR,ERR,ERR,ERR,ERR,ERR,ERR,ERR,ERR,ERR,ERR,ERR,ERR,ERR,ERR,ERR,ERR,ERR,ERR,ERR,ERR,ERR,ERR,ERR,ERR,ERR,ERR,ERR,ERR,ERR,ERR,ERR,ERR,ERR,ERR,ERR,ERR,ERR,ERR,ERR,ERR,ERR,ERR,ERR,ERR,ERR,ERR,ERR,ERR,ERR,ERR,ERR,34.0,80.0,35,0.0,0.0,0.0,0.0,0.0,0.0,0.0,0.0,0.0,0.0,0.0,0.0,0.0,0.0,0.0,0.0,64.4,0,117,56,50,65476,0,300,0,0,8,20529,65476,0,0,57672,80.0,0.0,0.0,0.0,0.0,0.0
2026-06-17T04:00:08,ERR,ERR,ERR,ERR,ERR,ERR,ERR,ERR,ERR,ERR,ERR,ERR,ERR,ERR,ERR,ERR,ERR,ERR,ERR,ERR,ERR,ERR,ERR,ERR,ERR,ERR,ERR,ERR,ERR,ERR,ERR,ERR,ERR,ERR,ERR,ERR,ERR,ERR,ERR,ERR,ERR,ERR,ERR,ERR,ERR,ERR,ERR,ERR,ERR,ERR,ERR,ERR,ERR,ERR,ERR,ERR,ERR,ERR,ERR,ERR,ERR,ERR,ERR,ERR,ERR,ERR,ERR,ERR,ERR,ERR,ERR,ERR,ERR,ERR,ERR,ERR,ERR,ERR,ERR,ERR,ERR,ERR,ERR,ERR,ERR,ERR,ERR,ERR,ERR,ERR,ERR,ERR,ERR,ERR,ERR,ERR,ERR,ERR,ERR,ERR,ERR,ERR,ERR,ERR,ERR,ERR,ERR,ERR,ERR,ERR,ERR,ERR,ERR,ERR,ERR,ERR,ERR,ERR,ERR,ERR,ERR,ERR,ERR,ERR,ERR,0.0,0.0,2.6474777903227054e+23,0.0,0.0,1.3936040501711995e+18,7.805,0.0,0,0,4,0,7300,-0.0,0,0.0,0.0,0.0,0.0,0.0,0,0,0,0,0.0,0,0,0,0,0,0,0,0,0,0,0,0,0,0,0,0,0,0,0,0,0,0,0,0,0,0,0,0,0,0,0,0,0,32,30,30,62,65476,0,300,0,0,8,21553,0.0,-107605600.0,0.0,0.0,0.0,0.0,0.0,0.0,0.0,0.0,0.0,0.0,0.0,0.0,0.0,0.0,0.0,0.0,0.0,0.0,0.0,0.0,2.004,-0.0,-2.004,-0.0,0.0,0.0,0.0,0.0,5436.0,564146705793024.0,6955.0,0.0,0.0,0.0,0.0,0.0,0.0,0.0,0.0,63,-107615312.0,-71.63,0.0,0.0,0.0,0.0,0.0,0.0,0.0,0,0,0,0.0,0.0,0.0,0.0,0.0,0.0,0.0,0.0,0.0,0.0,0.0,0.0,0.0,0.0,0.0,0.0,0,-107875648.0,63,0.0,126,2.7184242562605685e+23,-0.0,ERR,ERR,ERR,ERR,ERR,ERR,ERR,ERR,ERR,ERR,ERR,ERR,ERR,ERR,ERR,ERR,ERR,ERR,ERR,ERR,ERR,ERR,ERR,ERR,ERR,ERR,ERR,ERR,ERR,ERR,ERR,ERR,ERR,ERR,ERR,ERR,ERR,ERR,ERR,ERR,ERR,ERR,ERR,ERR,ERR,ERR,ERR,ERR,ERR,ERR,ERR,ERR,ERR,ERR,ERR,ERR,ERR,ERR,ERR,ERR,ERR,ERR,ERR,ERR,ERR,ERR,ERR,34.0,80.0,35,0.0,0.0,0.0,0.0,0.0,0.0,0.0,0.0,0.0,0.0,0.0,0.0,0.0,0.0,0.0,0.0,64.4,0,117,56,50,65476,0,300,0,0,8,20529,65476,0,0,57672,80.0,0.0,0.0,0.0,0.0,0.0
2026-06-17T04:00:09,ERR,ERR,ERR,ERR,ERR,ERR,ERR,ERR,ERR,ERR,ERR,ERR,ERR,ERR,ERR,ERR,ERR,ERR,ERR,ERR,ERR,ERR,ERR,ERR,ERR,ERR,ERR,ERR,ERR,ERR,ERR,ERR,ERR,ERR,ERR,ERR,ERR,ERR,ERR,ERR,ERR,ERR,ERR,ERR,ERR,ERR,ERR,ERR,ERR,ERR,ERR,ERR,ERR,ERR,ERR,ERR,ERR,ERR,ERR,ERR,ERR,ERR,ERR,ERR,ERR,ERR,ERR,ERR,ERR,ERR,ERR,ERR,ERR,ERR,ERR,ERR,ERR,ERR,ERR,ERR,ERR,ERR,ERR,ERR,ERR,ERR,ERR,ERR,ERR,ERR,ERR,ERR,ERR,ERR,ERR,ERR,ERR,ERR,ERR,ERR,ERR,ERR,ERR,ERR,ERR,ERR,ERR,ERR,ERR,ERR,ERR,ERR,ERR,ERR,ERR,ERR,ERR,ERR,ERR,ERR,ERR,ERR,ERR,ERR,ERR,0.0,0.0,2.6474777903227054e+23,0.0,0.0,1.3936040501711995e+18,7.805,0.0,0,0,4,0,7300,-0.0,0,0.0,0.0,0.0,0.0,0.0,0,0,0,0,0.0,0,0,0,0,0,0,0,0,0,0,0,0,0,0,0,0,0,0,0,0,0,0,0,0,0,0,0,0,0,0,0,0,0,32,30,30,62,65476,0,300,0,0,8,21553,0.0,-107605600.0,0.0,0.0,0.0,0.0,0.0,0.0,0.0,0.0,0.0,0.0,0.0,0.0,0.0,0.0,0.0,0.0,0.0,0.0,0.0,0.0,2.004,-0.0,-2.004,-0.0,0.0,0.0,0.0,0.0,5436.0,564146705793024.0,6955.0,0.0,0.0,0.0,0.0,0.0,0.0,0.0,0.0,63,-107615312.0,-71.63,0.0,0.0,0.0,0.0,0.0,0.0,0.0,0,0,0,0.0,0.0,0.0,0.0,0.0,0.0,0.0,0.0,0.0,0.0,0.0,0.0,0.0,0.0,0.0,0.0,0,-107875648.0,63,0.0,126,2.7184242562605685e+23,-0.0,ERR,ERR,ERR,ERR,ERR,ERR,ERR,ERR,ERR,ERR,ERR,ERR,ERR,ERR,ERR,ERR,ERR,ERR,ERR,ERR,ERR,ERR,ERR,ERR,ERR,ERR,ERR,ERR,ERR,ERR,ERR,ERR,ERR,ERR,ERR,ERR,ERR,ERR,ERR,ERR,ERR,ERR,ERR,ERR,ERR,ERR,ERR,ERR,ERR,ERR,ERR,ERR,ERR,ERR,ERR,ERR,ERR,ERR,ERR,ERR,ERR,ERR,ERR,ERR,ERR,ERR,ERR,34.0,80.0,35,0.0,0.0,0.0,0.0,0.0,0.0,0.0,0.0,0.0,0.0,0.0,0.0,0.0,0.0,0.0,0.0,64.4,0,117,56,50,65476,0,300,0,0,8,20529,65476,0,0,57672,80.0,0.0,0.0,0.0,0.0,0.0
2026-06-17T04:00:10,ERR,ERR,ERR,ERR,ERR,ERR,ERR,ERR,ERR,ERR,ERR,ERR,ERR,ERR,ERR,ERR,ERR,ERR,ERR,ERR,ERR,ERR,ERR,ERR,ERR,ERR,ERR,ERR,ERR,ERR,ERR,ERR,ERR,ERR,ERR,ERR,ERR,ERR,ERR,ERR,ERR,ERR,ERR,ERR,ERR,ERR,ERR,ERR,ERR,ERR,ERR,ERR,ERR,ERR,ERR,ERR,ERR,ERR,ERR,ERR,ERR,ERR,ERR,ERR,ERR,ERR,ERR,ERR,ERR,ERR,ERR,ERR,ERR,ERR,ERR,ERR,ERR,ERR,ERR,ERR,ERR,ERR,ERR,ERR,ERR,ERR,ERR,ERR,ERR,ERR,ERR,ERR,ERR,ERR,ERR,ERR,ERR,ERR,ERR,ERR,ERR,ERR,ERR,ERR,ERR,ERR,ERR,ERR,ERR,ERR,ERR,ERR,ERR,ERR,ERR,ERR,ERR,ERR,ERR,ERR,ERR,ERR,ERR,ERR,ERR,0.0,0.0,2.6474777903227054e+23,0.0,0.0,1.3936040501711995e+18,7.805,0.0,0,0,4,0,7300,-0.0,0,0.0,0.0,0.0,0.0,0.0,0,0,0,0,0.0,0,0,0,0,0,0,0,0,0,0,0,0,0,0,0,0,0,0,0,0,0,0,0,0,0,0,0,0,0,0,0,0,0,32,30,30,62,65476,0,300,0,0,8,21553,0.0,-107605600.0,0.0,0.0,0.0,0.0,0.0,0.0,0.0,0.0,0.0,0.0,0.0,0.0,0.0,0.0,0.0,0.0,0.0,0.0,0.0,0.0,2.004,-0.0,-2.004,-0.0,0.0,0.0,0.0,0.0,5436.0,564146705793024.0,6955.0,0.0,0.0,0.0,0.0,0.0,0.0,0.0,0.0,63,-107615312.0,-71.63,0.0,0.0,0.0,0.0,0.0,0.0,0.0,0,0,0,0.0,0.0,0.0,0.0,0.0,0.0,0.0,0.0,0.0,0.0,0.0,0.0,0.0,0.0,0.0,0.0,0,-107875648.0,63,0.0,126,2.7184242562605685e+23,-0.0,ERR,ERR,ERR,ERR,ERR,ERR,ERR,ERR,ERR,ERR,ERR,ERR,ERR,ERR,ERR,ERR,ERR,ERR,ERR,ERR,ERR,ERR,ERR,ERR,ERR,ERR,ERR,ERR,ERR,ERR,ERR,ERR,ERR,ERR,ERR,ERR,ERR,ERR,ERR,ERR,ERR,ERR,ERR,ERR,ERR,ERR,ERR,ERR,ERR,ERR,ERR,ERR,ERR,ERR,ERR,ERR,ERR,ERR,ERR,ERR,ERR,ERR,ERR,ERR,ERR,ERR,ERR,34.0,80.0,35,0.0,0.0,0.0,0.0,0.0,0.0,0.0,0.0,0.0,0.0,0.0,0.0,0.0,0.0,0.0,0.0,64.4,0,117,56,50,65476,0,300,0,0,8,20529,65476,0,0,57672,80.0,0.0,0.0,0.0,0.0,0.0
2026-06-17T04:00:11,ERR,ERR,ERR,ERR,ERR,ERR,ERR,ERR,ERR,ERR,ERR,ERR,ERR,ERR,ERR,ERR,ERR,ERR,ERR,ERR,ERR,ERR,ERR,ERR,ERR,ERR,ERR,ERR,ERR,ERR,ERR,ERR,ERR,ERR,ERR,ERR,ERR,ERR,ERR,ERR,ERR,ERR,ERR,ERR,ERR,ERR,ERR,ERR,ERR,ERR,ERR,ERR,ERR,ERR,ERR,ERR,ERR,ERR,ERR,ERR,ERR,ERR,ERR,ERR,ERR,ERR,ERR,ERR,ERR,ERR,ERR,ERR,ERR,ERR,ERR,ERR,ERR,ERR,ERR,ERR,ERR,ERR,ERR,ERR,ERR,ERR,ERR,ERR,ERR,ERR,ERR,ERR,ERR,ERR,ERR,ERR,ERR,ERR,ERR,ERR,ERR,ERR,ERR,ERR,ERR,ERR,ERR,ERR,ERR,ERR,ERR,ERR,ERR,ERR,ERR,ERR,ERR,ERR,ERR,ERR,ERR,ERR,ERR,ERR,ERR,0.0,0.0,2.6474777903227054e+23,0.0,0.0,1.3936040501711995e+18,7.805,0.0,0,0,4,0,7300,-0.0,0,0.0,0.0,0.0,0.0,0.0,0,0,0,0,0.0,0,0,0,0,0,0,0,0,0,0,0,0,0,0,0,0,0,0,0,0,0,0,0,0,0,0,0,0,0,0,0,0,0,32,30,30,62,65476,0,300,0,0,8,21553,0.0,-107605600.0,0.0,0.0,0.0,0.0,0.0,0.0,0.0,0.0,0.0,0.0,0.0,0.0,0.0,0.0,0.0,0.0,0.0,0.0,0.0,0.0,2.004,-0.0,-2.004,-0.0,0.0,0.0,0.0,0.0,5436.0,564146705793024.0,6955.0,0.0,0.0,0.0,0.0,0.0,0.0,0.0,0.0,63,-107615312.0,-71.63,0.0,0.0,0.0,0.0,0.0,0.0,0.0,0,0,0,0.0,0.0,0.0,0.0,0.0,0.0,0.0,0.0,0.0,0.0,0.0,0.0,0.0,0.0,0.0,0.0,0,-107875648.0,63,0.0,126,2.7184242562605685e+23,-0.0,ERR,ERR,ERR,ERR,ERR,ERR,ERR,ERR,ERR,ERR,ERR,ERR,ERR,ERR,ERR,ERR,ERR,ERR,ERR,ERR,ERR,ERR,ERR,ERR,ERR,ERR,ERR,ERR,ERR,ERR,ERR,ERR,ERR,ERR,ERR,ERR,ERR,ERR,ERR,ERR,ERR,ERR,ERR,ERR,ERR,ERR,ERR,ERR,ERR,ERR,ERR,ERR,ERR,ERR,ERR,ERR,ERR,ERR,ERR,ERR,ERR,ERR,ERR,ERR,ERR,ERR,ERR,34.0,80.0,35,0.0,0.0,0.0,0.0,0.0,0.0,0.0,0.0,0.0,0.0,0.0,0.0,0.0,0.0,0.0,0.0,64.4,0,117,56,50,65476,0,300,0,0,8,20529,65476,0,0,57672,80.0,0.0,0.0,0.0,0.0,0.0
2026-06-17T04:00:12,ERR,ERR,ERR,ERR,ERR,ERR,ERR,ERR,ERR,ERR,ERR,ERR,ERR,ERR,ERR,ERR,ERR,ERR,ERR,ERR,ERR,ERR,ERR,ERR,ERR,ERR,ERR,ERR,ERR,ERR,ERR,ERR,ERR,ERR,ERR,ERR,ERR,ERR,ERR,ERR,ERR,ERR,ERR,ERR,ERR,ERR,ERR,ERR,ERR,ERR,ERR,ERR,ERR,ERR,ERR,ERR,ERR,ERR,ERR,ERR,ERR,ERR,ERR,ERR,ERR,ERR,ERR,ERR,ERR,ERR,ERR,ERR,ERR,ERR,ERR,ERR,ERR,ERR,ERR,ERR,ERR,ERR,ERR,ERR,ERR,ERR,ERR,ERR,ERR,ERR,ERR,ERR,ERR,ERR,ERR,ERR,ERR,ERR,ERR,ERR,ERR,ERR,ERR,ERR,ERR,ERR,ERR,ERR,ERR,ERR,ERR,ERR,ERR,ERR,ERR,ERR,ERR,ERR,ERR,ERR,ERR,ERR,ERR,ERR,ERR,0.0,0.0,2.6474777903227054e+23,0.0,0.0,1.3936040501711995e+18,7.805,0.0,0,0,4,0,7300,-0.0,0,0.0,0.0,0.0,0.0,0.0,0,0,0,0,0.0,0,0,0,0,0,0,0,0,0,0,0,0,0,0,0,0,0,0,0,0,0,0,0,0,0,0,0,0,0,0,0,0,0,32,30,30,62,65476,0,300,0,0,8,21553,0.0,-107605600.0,0.0,0.0,0.0,0.0,0.0,0.0,0.0,0.0,0.0,0.0,0.0,0.0,0.0,0.0,0.0,0.0,0.0,0.0,0.0,0.0,2.004,-0.0,-2.004,-0.0,0.0,0.0,0.0,0.0,5436.0,564146705793024.0,6955.0,0.0,0.0,0.0,0.0,0.0,0.0,0.0,0.0,63,-107615312.0,-71.63,0.0,0.0,0.0,0.0,0.0,0.0,0.0,0,0,0,0.0,0.0,0.0,0.0,0.0,0.0,0.0,0.0,0.0,0.0,0.0,0.0,0.0,0.0,0.0,0.0,0,-107875648.0,63,0.0,126,2.7184242562605685e+23,-0.0,ERR,ERR,ERR,ERR,ERR,ERR,ERR,ERR,ERR,ERR,ERR,ERR,ERR,ERR,ERR,ERR,ERR,ERR,ERR,ERR,ERR,ERR,ERR,ERR,ERR,ERR,ERR,ERR,ERR,ERR,ERR,ERR,ERR,ERR,ERR,ERR,ERR,ERR,ERR,ERR,ERR,ERR,ERR,ERR,ERR,ERR,ERR,ERR,ERR,ERR,ERR,ERR,ERR,ERR,ERR,ERR,ERR,ERR,ERR,ERR,ERR,ERR,ERR,ERR,ERR,ERR,ERR,34.0,80.0,35,0.0,0.0,0.0,0.0,0.0,0.0,0.0,0.0,0.0,0.0,0.0,0.0,0.0,0.0,0.0,0.0,64.8,0,117,56,50,65476,0,300,0,0,8,20529,65476,0,0,57672,80.0,0.0,0.0,0.0,0.0,0.0
2026-06-17T04:00:13,ERR,ERR,ERR,ERR,ERR,ERR,ERR,ERR,ERR,ERR,ERR,ERR,ERR,ERR,ERR,ERR,ERR,ERR,ERR,ERR,ERR,ERR,ERR,ERR,ERR,ERR,ERR,ERR,ERR,ERR,ERR,ERR,ERR,ERR,ERR,ERR,ERR,ERR,ERR,ERR,ERR,ERR,ERR,ERR,ERR,ERR,ERR,ERR,ERR,ERR,ERR,ERR,ERR,ERR,ERR,ERR,ERR,ERR,ERR,ERR,ERR,ERR,ERR,ERR,ERR,ERR,ERR,ERR,ERR,ERR,ERR,ERR,ERR,ERR,ERR,ERR,ERR,ERR,ERR,ERR,ERR,ERR,ERR,ERR,ERR,ERR,ERR,ERR,ERR,ERR,ERR,ERR,ERR,ERR,ERR,ERR,ERR,ERR,ERR,ERR,ERR,ERR,ERR,ERR,ERR,ERR,ERR,ERR,ERR,ERR,ERR,ERR,ERR,ERR,ERR,ERR,ERR,ERR,ERR,ERR,ERR,ERR,ERR,ERR,ERR,0.0,0.0,2.6474777903227054e+23,0.0,0.0,1.3936040501711995e+18,7.805,0.0,0,0,4,0,7300,-0.0,0,0.0,0.0,0.0,0.0,0.0,0,0,0,0,0.0,0,0,0,0,0,0,0,0,0,0,0,0,0,0,0,0,0,0,0,0,0,0,0,0,0,0,0,0,0,0,0,0,0,32,30,30,62,65476,0,300,0,0,8,21553,0.0,-107605600.0,0.0,0.0,0.0,0.0,0.0,0.0,0.0,0.0,0.0,0.0,0.0,0.0,0.0,0.0,0.0,0.0,0.0,0.0,0.0,0.0,2.004,-0.0,-0.0,-0.0,0.0,0.0,0.0,0.0,5434.0,564146705793024.0,6955.0,0.0,0.0,0.0,0.0,0.0,0.0,0.0,0.0,63,-71.63,-71.63,0.0,0.0,0.0,0.0,0.0,0.0,0.0,0,0,0,0.0,0.0,0.0,0.0,0.0,0.0,0.0,0.0,0.0,0.0,0.0,0.0,0.0,0.0,0.0,0.0,0,-107875648.0,63,0.0,126,2.7184242562605685e+23,-0.0,ERR,ERR,ERR,ERR,ERR,ERR,ERR,ERR,ERR,ERR,ERR,ERR,ERR,ERR,ERR,ERR,ERR,ERR,ERR,ERR,ERR,ERR,ERR,ERR,ERR,ERR,ERR,ERR,ERR,ERR,ERR,ERR,ERR,ERR,ERR,ERR,ERR,ERR,ERR,ERR,ERR,ERR,ERR,ERR,ERR,ERR,ERR,ERR,ERR,ERR,ERR,ERR,ERR,ERR,ERR,ERR,ERR,ERR,ERR,ERR,ERR,ERR,ERR,ERR,ERR,ERR,ERR,34.0,80.0,35,0.0,0.0,0.0,0.0,0.0,0.0,0.0,0.0,0.0,0.0,0.0,0.0,0.0,0.0,0.0,0.0,64.4,0,117,56,50,65476,0,300,0,0,8,20529,65476,0,0,57672,80.0,0.0,0.0,0.0,0.0,0.0
2026-06-17T04:00:14,ERR,ERR,ERR,ERR,ERR,ERR,ERR,ERR,ERR,ERR,ERR,ERR,ERR,ERR,ERR,ERR,ERR,ERR,ERR,ERR,ERR,ERR,ERR,ERR,ERR,ERR,ERR,ERR,ERR,ERR,ERR,ERR,ERR,ERR,ERR,ERR,ERR,ERR,ERR,ERR,ERR,ERR,ERR,ERR,ERR,ERR,ERR,ERR,ERR,ERR,ERR,ERR,ERR,ERR,ERR,ERR,ERR,ERR,ERR,ERR,ERR,ERR,ERR,ERR,ERR,ERR,ERR,ERR,ERR,ERR,ERR,ERR,ERR,ERR,ERR,ERR,ERR,ERR,ERR,ERR,ERR,ERR,ERR,ERR,ERR,ERR,ERR,ERR,ERR,ERR,ERR,ERR,ERR,ERR,ERR,ERR,ERR,ERR,ERR,ERR,ERR,ERR,ERR,ERR,ERR,ERR,ERR,ERR,ERR,ERR,ERR,ERR,ERR,ERR,ERR,ERR,ERR,ERR,ERR,ERR,ERR,ERR,ERR,ERR,ERR,0.0,0.0,2.6474777903227054e+23,0.0,0.0,1.3936040501711995e+18,7.805,0.0,0,0,4,0,7300,-0.0,0,0.0,0.0,0.0,0.0,0.0,0,0,0,0,0.0,0,0,0,0,0,0,0,0,0,0,0,0,0,0,0,0,0,0,0,0,0,0,0,0,0,0,0,0,0,0,0,0,0,32,30,30,62,65476,0,300,0,0,8,21553,0.0,-107605600.0,0.0,0.0,0.0,0.0,0.0,0.0,0.0,0.0,0.0,0.0,0.0,0.0,0.0,0.0,0.0,0.0,0.0,0.0,0.0,0.0,2.004,-0.0,-0.0,-0.0,0.0,0.0,0.0,0.0,5434.0,564146705793024.0,6955.0,0.0,0.0,0.0,0.0,0.0,0.0,0.0,0.0,63,-71.63,-71.63,0.0,0.0,0.0,0.0,0.0,0.0,0.0,0,0,0,0.0,0.0,0.0,0.0,0.0,0.0,0.0,0.0,0.0,0.0,0.0,0.0,0.0,0.0,0.0,0.0,0,-107875648.0,63,0.0,126,2.7184242562605685e+23,-0.0,ERR,ERR,ERR,ERR,ERR,ERR,ERR,ERR,ERR,ERR,ERR,ERR,ERR,ERR,ERR,ERR,ERR,ERR,ERR,ERR,ERR,ERR,ERR,ERR,ERR,ERR,ERR,ERR,ERR,ERR,ERR,ERR,ERR,ERR,ERR,ERR,ERR,ERR,ERR,ERR,ERR,ERR,ERR,ERR,ERR,ERR,ERR,ERR,ERR,ERR,ERR,ERR,ERR,ERR,ERR,ERR,ERR,ERR,ERR,ERR,ERR,ERR,ERR,ERR,ERR,ERR,ERR,34.0,80.0,35,0.0,0.0,0.0,0.0,0.0,0.0,0.0,0.0,0.0,0.0,0.0,0.0,0.0,0.0,0.0,0.0,64.4,0,117,56,50,65476,0,300,0,0,8,20529,65476,0,0,57672,80.0,0.0,0.0,0.0,0.0,0.0
2026-06-17T04:00:15,ERR,ERR,ERR,ERR,ERR,ERR,ERR,ERR,ERR,ERR,ERR,ERR,ERR,ERR,ERR,ERR,ERR,ERR,ERR,ERR,ERR,ERR,ERR,ERR,ERR,ERR,ERR,ERR,ERR,ERR,ERR,ERR,ERR,ERR,ERR,ERR,ERR,ERR,ERR,ERR,ERR,ERR,ERR,ERR,ERR,ERR,ERR,ERR,ERR,ERR,ERR,ERR,ERR,ERR,ERR,ERR,ERR,ERR,ERR,ERR,ERR,ERR,ERR,ERR,ERR,ERR,ERR,ERR,ERR,ERR,ERR,ERR,ERR,ERR,ERR,ERR,ERR,ERR,ERR,ERR,ERR,ERR,ERR,ERR,ERR,ERR,ERR,ERR,ERR,ERR,ERR,ERR,ERR,ERR,ERR,ERR,ERR,ERR,ERR,ERR,ERR,ERR,ERR,ERR,ERR,ERR,ERR,ERR,ERR,ERR,ERR,ERR,ERR,ERR,ERR,ERR,ERR,ERR,ERR,ERR,ERR,ERR,ERR,ERR,ERR,0.0,0.0,2.6474777903227054e+23,0.0,0.0,1.3936040501711995e+18,7.805,0.0,0,0,4,0,7300,-0.0,0,0.0,0.0,0.0,0.0,0.0,0,0,0,0,0.0,0,0,0,0,0,0,0,0,0,0,0,0,0,0,0,0,0,0,0,0,0,0,0,0,0,0,0,0,0,0,0,0,0,32,30,30,62,65476,0,300,0,0,8,21553,0.0,-107605600.0,0.0,0.0,0.0,0.0,0.0,0.0,0.0,0.0,0.0,0.0,0.0,0.0,0.0,0.0,0.0,0.0,0.0,0.0,0.0,0.0,2.004,-0.0,-0.0,-0.0,0.0,0.0,0.0,0.0,5434.0,564146705793024.0,6955.0,0.0,0.0,0.0,0.0,0.0,0.0,0.0,0.0,63,-71.63,-71.63,0.0,0.0,0.0,0.0,0.0,0.0,0.0,0,0,0,0.0,0.0,0.0,0.0,0.0,0.0,0.0,0.0,0.0,0.0,0.0,0.0,0.0,0.0,0.0,0.0,0,-107875648.0,63,0.0,126,2.7184242562605685e+23,-0.0,ERR,ERR,ERR,ERR,ERR,ERR,ERR,ERR,ERR,ERR,ERR,ERR,ERR,ERR,ERR,ERR,ERR,ERR,ERR,ERR,ERR,ERR,ERR,ERR,ERR,ERR,ERR,ERR,ERR,ERR,ERR,ERR,ERR,ERR,ERR,ERR,ERR,ERR,ERR,ERR,ERR,ERR,ERR,ERR,ERR,ERR,ERR,ERR,ERR,ERR,ERR,ERR,ERR,ERR,ERR,ERR,ERR,ERR,ERR,ERR,ERR,ERR,ERR,ERR,ERR,ERR,ERR,34.0,80.0,35,0.0,0.0,0.0,0.0,0.0,0.0,0.0,0.0,0.0,0.0,0.0,0.0,0.0,0.0,0.0,0.0,64.8,0,117,56,50,65476,0,300,0,0,8,20529,65476,0,0,57672,80.0,0.0,0.0,0.0,0.0,0.0
2026-06-17T04:00:16,ERR,ERR,ERR,ERR,ERR,ERR,ERR,ERR,ERR,ERR,ERR,ERR,ERR,ERR,ERR,ERR,ERR,ERR,ERR,ERR,ERR,ERR,ERR,ERR,ERR,ERR,ERR,ERR,ERR,ERR,ERR,ERR,ERR,ERR,ERR,ERR,ERR,ERR,ERR,ERR,ERR,ERR,ERR,ERR,ERR,ERR,ERR,ERR,ERR,ERR,ERR,ERR,ERR,ERR,ERR,ERR,ERR,ERR,ERR,ERR,ERR,ERR,ERR,ERR,ERR,ERR,ERR,ERR,ERR,ERR,ERR,ERR,ERR,ERR,ERR,ERR,ERR,ERR,ERR,ERR,ERR,ERR,ERR,ERR,ERR,ERR,ERR,ERR,ERR,ERR,ERR,ERR,ERR,ERR,ERR,ERR,ERR,ERR,ERR,ERR,ERR,ERR,ERR,ERR,ERR,ERR,ERR,ERR,ERR,ERR,ERR,ERR,ERR,ERR,ERR,ERR,ERR,ERR,ERR,ERR,ERR,ERR,ERR,ERR,ERR,0.0,0.0,2.6474777903227054e+23,0.0,0.0,1.3936040501711995e+18,7.805,0.0,0,0,4,0,7300,-0.0,0,0.0,0.0,0.0,0.0,0.0,0,0,0,0,0.0,0,0,0,0,0,0,0,0,0,0,0,0,0,0,0,0,0,0,0,0,0,0,0,0,0,0,0,0,0,0,0,0,0,32,30,30,62,65476,0,300,0,0,8,21553,0.0,-107605600.0,0.0,0.0,0.0,0.0,0.0,0.0,0.0,0.0,0.0,0.0,0.0,0.0,0.0,0.0,0.0,0.0,0.0,0.0,0.0,0.0,2.004,-0.0,-0.0,-0.0,0.0,0.0,0.0,0.0,5434.0,564146705793024.0,6955.0,0.0,0.0,0.0,0.0,0.0,0.0,0.0,0.0,63,-71.63,-71.63,0.0,0.0,0.0,0.0,0.0,0.0,0.0,0,0,0,0.0,0.0,0.0,0.0,0.0,0.0,0.0,0.0,0.0,0.0,0.0,0.0,0.0,0.0,0.0,0.0,0,-107875648.0,63,0.0,126,2.7184242562605685e+23,-0.0,ERR,ERR,ERR,ERR,ERR,ERR,ERR,ERR,ERR,ERR,ERR,ERR,ERR,ERR,ERR,ERR,ERR,ERR,ERR,ERR,ERR,ERR,ERR,ERR,ERR,ERR,ERR,ERR,ERR,ERR,ERR,ERR,ERR,ERR,ERR,ERR,ERR,ERR,ERR,ERR,ERR,ERR,ERR,ERR,ERR,ERR,ERR,ERR,ERR,ERR,ERR,ERR,ERR,ERR,ERR,ERR,ERR,ERR,ERR,ERR,ERR,ERR,ERR,ERR,ERR,ERR,ERR,34.0,80.0,35,0.0,0.0,0.0,0.0,0.0,0.0,0.0,0.0,0.0,0.0,0.0,0.0,0.0,0.0,0.0,0.0,64.8,0,117,56,50,65476,0,300,0,0,8,20529,65476,0,0,57672,80.0,0.0,0.0,0.0,0.0,0.0
2026-06-17T04:00:17,ERR,ERR,ERR,ERR,ERR,ERR,ERR,ERR,ERR,ERR,ERR,ERR,ERR,ERR,ERR,ERR,ERR,ERR,ERR,ERR,ERR,ERR,ERR,ERR,ERR,ERR,ERR,ERR,ERR,ERR,ERR,ERR,ERR,ERR,ERR,ERR,ERR,ERR,ERR,ERR,ERR,ERR,ERR,ERR,ERR,ERR,ERR,ERR,ERR,ERR,ERR,ERR,ERR,ERR,ERR,ERR,ERR,ERR,ERR,ERR,ERR,ERR,ERR,ERR,ERR,ERR,ERR,ERR,ERR,ERR,ERR,ERR,ERR,ERR,ERR,ERR,ERR,ERR,ERR,ERR,ERR,ERR,ERR,ERR,ERR,ERR,ERR,ERR,ERR,ERR,ERR,ERR,ERR,ERR,ERR,ERR,ERR,ERR,ERR,ERR,ERR,ERR,ERR,ERR,ERR,ERR,ERR,ERR,ERR,ERR,ERR,ERR,ERR,ERR,ERR,ERR,ERR,ERR,ERR,ERR,ERR,ERR,ERR,ERR,ERR,0.0,0.0,2.6474777903227054e+23,0.0,0.0,1.3936040501711995e+18,7.805,0.0,0,0,4,0,7300,-0.0,0,0.0,0.0,0.0,0.0,0.0,0,0,0,0,0.0,0,0,0,0,0,0,0,0,0,0,0,0,0,0,0,0,0,0,0,0,0,0,0,0,0,0,0,0,0,0,0,0,0,32,30,30,62,65476,0,300,0,0,8,21553,0.0,-107605600.0,0.0,0.0,0.0,0.0,0.0,0.0,0.0,0.0,0.0,0.0,0.0,0.0,0.0,0.0,0.0,0.0,0.0,0.0,0.0,0.0,2.004,-0.0,-0.0,-0.0,0.0,0.0,0.0,0.0,5434.0,564146705793024.0,6955.0,0.0,0.0,0.0,0.0,0.0,0.0,0.0,0.0,63,-71.63,-71.63,0.0,0.0,0.0,0.0,0.0,0.0,0.0,0,0,0,0.0,0.0,0.0,0.0,0.0,0.0,0.0,0.0,0.0,0.0,0.0,0.0,0.0,0.0,0.0,0.0,0,-107875648.0,63,0.0,126,2.7184242562605685e+23,-0.0,ERR,ERR,ERR,ERR,ERR,ERR,ERR,ERR,ERR,ERR,ERR,ERR,ERR,ERR,ERR,ERR,ERR,ERR,ERR,ERR,ERR,ERR,ERR,ERR,ERR,ERR,ERR,ERR,ERR,ERR,ERR,ERR,ERR,ERR,ERR,ERR,ERR,ERR,ERR,ERR,ERR,ERR,ERR,ERR,ERR,ERR,ERR,ERR,ERR,ERR,ERR,ERR,ERR,ERR,ERR,ERR,ERR,ERR,ERR,ERR,ERR,ERR,ERR,ERR,ERR,ERR,ERR,34.0,80.0,35,0.0,0.0,0.0,0.0,0.0,0.0,0.0,0.0,0.0,0.0,0.0,0.0,0.0,0.0,0.0,0.0,64.4,0,117,56,50,65476,0,300,0,0,8,20529,65476,0,0,57672,80.0,0.0,0.0,0.0,0.0,0.0
2026-06-17T04:00:18,ERR,ERR,ERR,ERR,ERR,ERR,ERR,ERR,ERR,ERR,ERR,ERR,ERR,ERR,ERR,ERR,ERR,ERR,ERR,ERR,ERR,ERR,ERR,ERR,ERR,ERR,ERR,ERR,ERR,ERR,ERR,ERR,ERR,ERR,ERR,ERR,ERR,ERR,ERR,ERR,ERR,ERR,ERR,ERR,ERR,ERR,ERR,ERR,ERR,ERR,ERR,ERR,ERR,ERR,ERR,ERR,ERR,ERR,ERR,ERR,ERR,ERR,ERR,ERR,ERR,ERR,ERR,ERR,ERR,ERR,ERR,ERR,ERR,ERR,ERR,ERR,ERR,ERR,ERR,ERR,ERR,ERR,ERR,ERR,ERR,ERR,ERR,ERR,ERR,ERR,ERR,ERR,ERR,ERR,ERR,ERR,ERR,ERR,ERR,ERR,ERR,ERR,ERR,ERR,ERR,ERR,ERR,ERR,ERR,ERR,ERR,ERR,ERR,ERR,ERR,ERR,ERR,ERR,ERR,ERR,ERR,ERR,ERR,ERR,ERR,0.0,0.0,2.6474777903227054e+23,0.0,0.0,1.3936040501711995e+18,7.805,0.0,0,0,4,0,7300,-0.0,0,0.0,0.0,0.0,0.0,0.0,0,0,0,0,0.0,0,0,0,0,0,0,0,0,0,0,0,0,0,0,0,0,0,0,0,0,0,0,0,0,0,0,0,0,0,0,0,0,0,32,30,30,62,65476,0,300,0,0,8,21553,0.0,-107605600.0,0.0,0.0,0.0,0.0,0.0,0.0,0.0,0.0,0.0,0.0,0.0,0.0,0.0,0.0,0.0,0.0,0.0,0.0,0.0,0.0,2.004,-0.0,-0.0,-0.0,0.0,0.0,0.0,0.0,5438.0,0.0,6951.0,0.0,0.0,0.0,0.0,0.0,0.0,0.0,0.0,63,-152018387730432.0,-0.0,0.0,0.0,0.0,0.0,0.0,0.0,0.0,0,0,0,0.0,0.0,0.0,0.0,0.0,0.0,0.0,0.0,0.0,0.0,0.0,0.0,0.0,0.0,0.0,0.0,0,-107875648.0,63,0.0,126,2.7184242562605685e+23,-109447136.0,ERR,ERR,ERR,ERR,ERR,ERR,ERR,ERR,ERR,ERR,ERR,ERR,ERR,ERR,ERR,ERR,ERR,ERR,ERR,ERR,ERR,ERR,ERR,ERR,ERR,ERR,ERR,ERR,ERR,ERR,ERR,ERR,ERR,ERR,ERR,ERR,ERR,ERR,ERR,ERR,ERR,ERR,ERR,ERR,ERR,ERR,ERR,ERR,ERR,ERR,ERR,ERR,ERR,ERR,ERR,ERR,ERR,ERR,ERR,ERR,ERR,ERR,ERR,ERR,ERR,ERR,ERR,34.0,80.0,35,0.0,0.0,0.0,0.0,0.0,0.0,0.0,0.0,0.0,0.0,0.0,0.0,0.0,0.0,0.0,0.0,64.4,0,117,56,50,65476,0,300,0,0,8,20529,65476,0,0,57672,80.0,0.0,0.0,0.0,0.0,0.0
2026-06-17T04:00:19,ERR,ERR,ERR,ERR,ERR,ERR,ERR,ERR,ERR,ERR,ERR,ERR,ERR,ERR,ERR,ERR,ERR,ERR,ERR,ERR,ERR,ERR,ERR,ERR,ERR,ERR,ERR,ERR,ERR,ERR,ERR,ERR,ERR,ERR,ERR,ERR,ERR,ERR,ERR,ERR,ERR,ERR,ERR,ERR,ERR,ERR,ERR,ERR,ERR,ERR,ERR,ERR,ERR,ERR,ERR,ERR,ERR,ERR,ERR,ERR,ERR,ERR,ERR,ERR,ERR,ERR,ERR,ERR,ERR,ERR,ERR,ERR,ERR,ERR,ERR,ERR,ERR,ERR,ERR,ERR,ERR,ERR,ERR,ERR,ERR,ERR,ERR,ERR,ERR,ERR,ERR,ERR,ERR,ERR,ERR,ERR,ERR,ERR,ERR,ERR,ERR,ERR,ERR,ERR,ERR,ERR,ERR,ERR,ERR,ERR,ERR,ERR,ERR,ERR,ERR,ERR,ERR,ERR,ERR,ERR,ERR,ERR,ERR,ERR,ERR,0.0,0.0,2.6474777903227054e+23,0.0,0.0,1.3936040501711995e+18,7.805,0.0,0,0,4,0,7300,-0.0,0,0.0,0.0,0.0,0.0,0.0,0,0,0,0,0.0,0,0,0,0,0,0,0,0,0,0,0,0,0,0,0,0,0,0,0,0,0,0,0,0,0,0,0,0,0,0,0,0,0,32,30,30,62,65476,0,300,0,0,8,21553,0.0,-107605600.0,0.0,0.0,0.0,0.0,0.0,0.0,0.0,0.0,0.0,0.0,0.0,0.0,0.0,0.0,0.0,0.0,0.0,0.0,0.0,0.0,2.004,-0.0,-0.0,-0.0,0.0,0.0,0.0,0.0,5438.0,0.0,6951.0,0.0,0.0,0.0,0.0,0.0,0.0,0.0,0.0,63,-152018387730432.0,-0.0,0.0,0.0,0.0,0.0,0.0,0.0,0.0,0,0,0,0.0,0.0,0.0,0.0,0.0,0.0,0.0,0.0,0.0,0.0,0.0,0.0,0.0,0.0,0.0,0.0,0,-107875648.0,63,0.0,126,2.7184242562605685e+23,-109447136.0,ERR,ERR,ERR,ERR,ERR,ERR,ERR,ERR,ERR,ERR,ERR,ERR,ERR,ERR,ERR,ERR,ERR,ERR,ERR,ERR,ERR,ERR,ERR,ERR,ERR,ERR,ERR,ERR,ERR,ERR,ERR,ERR,ERR,ERR,ERR,ERR,ERR,ERR,ERR,ERR,ERR,ERR,ERR,ERR,ERR,ERR,ERR,ERR,ERR,ERR,ERR,ERR,ERR,ERR,ERR,ERR,ERR,ERR,ERR,ERR,ERR,ERR,ERR,ERR,ERR,ERR,ERR,34.0,80.0,35,0.0,0.0,0.0,0.0,0.0,0.0,0.0,0.0,0.0,0.0,0.0,0.0,0.0,0.0,0.0,0.0,64.4,0,117,56,50,65476,0,300,0,0,8,20529,65476,0,0,57672,80.0,0.0,0.0,0.0,0.0,0.0
2026-06-17T04:00:20,ERR,ERR,ERR,ERR,ERR,ERR,ERR,ERR,ERR,ERR,ERR,ERR,ERR,ERR,ERR,ERR,ERR,ERR,ERR,ERR,ERR,ERR,ERR,ERR,ERR,ERR,ERR,ERR,ERR,ERR,ERR,ERR,ERR,ERR,ERR,ERR,ERR,ERR,ERR,ERR,ERR,ERR,ERR,ERR,ERR,ERR,ERR,ERR,ERR,ERR,ERR,ERR,ERR,ERR,ERR,ERR,ERR,ERR,ERR,ERR,ERR,ERR,ERR,ERR,ERR,ERR,ERR,ERR,ERR,ERR,ERR,ERR,ERR,ERR,ERR,ERR,ERR,ERR,ERR,ERR,ERR,ERR,ERR,ERR,ERR,ERR,ERR,ERR,ERR,ERR,ERR,ERR,ERR,ERR,ERR,ERR,ERR,ERR,ERR,ERR,ERR,ERR,ERR,ERR,ERR,ERR,ERR,ERR,ERR,ERR,ERR,ERR,ERR,ERR,ERR,ERR,ERR,ERR,ERR,ERR,ERR,ERR,ERR,ERR,ERR,0.0,0.0,2.6474777903227054e+23,0.0,0.0,1.3936040501711995e+18,7.805,0.0,0,0,4,0,7300,-0.0,0,0.0,0.0,0.0,0.0,0.0,0,0,0,0,0.0,0,0,0,0,0,0,0,0,0,0,0,0,0,0,0,0,0,0,0,0,0,0,0,0,0,0,0,0,0,0,0,0,0,32,30,30,62,65476,0,300,0,0,8,21553,0.0,-107605600.0,0.0,0.0,0.0,0.0,0.0,0.0,0.0,0.0,0.0,0.0,0.0,0.0,0.0,0.0,0.0,0.0,0.0,0.0,0.0,0.0,2.004,-0.0,-0.0,-0.0,0.0,0.0,0.0,0.0,5438.0,0.0,6951.0,0.0,0.0,0.0,0.0,0.0,0.0,0.0,0.0,63,-152018387730432.0,-0.0,0.0,0.0,0.0,0.0,0.0,0.0,0.0,0,0,0,0.0,0.0,0.0,0.0,0.0,0.0,0.0,0.0,0.0,0.0,0.0,0.0,0.0,0.0,0.0,0.0,0,-107875648.0,63,0.0,126,2.7184242562605685e+23,-109447136.0,ERR,ERR,ERR,ERR,ERR,ERR,ERR,ERR,ERR,ERR,ERR,ERR,ERR,ERR,ERR,ERR,ERR,ERR,ERR,ERR,ERR,ERR,ERR,ERR,ERR,ERR,ERR,ERR,ERR,ERR,ERR,ERR,ERR,ERR,ERR,ERR,ERR,ERR,ERR,ERR,ERR,ERR,ERR,ERR,ERR,ERR,ERR,ERR,ERR,ERR,ERR,ERR,ERR,ERR,ERR,ERR,ERR,ERR,ERR,ERR,ERR,ERR,ERR,ERR,ERR,ERR,ERR,34.0,80.0,35,0.0,0.0,0.0,0.0,0.0,0.0,0.0,0.0,0.0,0.0,0.0,0.0,0.0,0.0,0.0,0.0,64.8,0,117,56,50,65476,0,300,0,0,8,20529,65476,0,0,57672,80.0,0.0,0.0,0.0,0.0,0.0
2026-06-17T04:00:21,ERR,ERR,ERR,ERR,ERR,ERR,ERR,ERR,ERR,ERR,ERR,ERR,ERR,ERR,ERR,ERR,ERR,ERR,ERR,ERR,ERR,ERR,ERR,ERR,ERR,ERR,ERR,ERR,ERR,ERR,ERR,ERR,ERR,ERR,ERR,ERR,ERR,ERR,ERR,ERR,ERR,ERR,ERR,ERR,ERR,ERR,ERR,ERR,ERR,ERR,ERR,ERR,ERR,ERR,ERR,ERR,ERR,ERR,ERR,ERR,ERR,ERR,ERR,ERR,ERR,ERR,ERR,ERR,ERR,ERR,ERR,ERR,ERR,ERR,ERR,ERR,ERR,ERR,ERR,ERR,ERR,ERR,ERR,ERR,ERR,ERR,ERR,ERR,ERR,ERR,ERR,ERR,ERR,ERR,ERR,ERR,ERR,ERR,ERR,ERR,ERR,ERR,ERR,ERR,ERR,ERR,ERR,ERR,ERR,ERR,ERR,ERR,ERR,ERR,ERR,ERR,ERR,ERR,ERR,ERR,ERR,ERR,ERR,ERR,ERR,0.0,0.0,2.6474777903227054e+23,0.0,0.0,1.3936040501711995e+18,7.805,0.0,0,0,4,0,7300,-0.0,0,0.0,0.0,0.0,0.0,0.0,0,0,0,0,0.0,0,0,0,0,0,0,0,0,0,0,0,0,0,0,0,0,0,0,0,0,0,0,0,0,0,0,0,0,0,0,0,0,0,32,30,30,62,65476,0,300,0,0,8,21553,0.0,-107605600.0,0.0,0.0,0.0,0.0,0.0,0.0,0.0,0.0,0.0,0.0,0.0,0.0,0.0,0.0,0.0,0.0,0.0,0.0,0.0,0.0,2.004,-0.0,-0.0,-0.0,0.0,0.0,0.0,0.0,5438.0,0.0,6951.0,0.0,0.0,0.0,0.0,0.0,0.0,0.0,0.0,63,-152018387730432.0,-0.0,0.0,0.0,0.0,0.0,0.0,0.0,0.0,0,0,0,0.0,0.0,0.0,0.0,0.0,0.0,0.0,0.0,0.0,0.0,0.0,0.0,0.0,0.0,0.0,0.0,0,-107875648.0,63,0.0,126,2.7184242562605685e+23,-109447136.0,ERR,ERR,ERR,ERR,ERR,ERR,ERR,ERR,ERR,ERR,ERR,ERR,ERR,ERR,ERR,ERR,ERR,ERR,ERR,ERR,ERR,ERR,ERR,ERR,ERR,ERR,ERR,ERR,ERR,ERR,ERR,ERR,ERR,ERR,ERR,ERR,ERR,ERR,ERR,ERR,ERR,ERR,ERR,ERR,ERR,ERR,ERR,ERR,ERR,ERR,ERR,ERR,ERR,ERR,ERR,ERR,ERR,ERR,ERR,ERR,ERR,ERR,ERR,ERR,ERR,ERR,ERR,34.0,80.0,35,0.0,0.0,0.0,0.0,0.0,0.0,0.0,0.0,0.0,0.0,0.0,0.0,0.0,0.0,0.0,0.0,64.8,0,117,56,50,65476,0,300,0,0,8,20529,65476,0,0,57672,80.0,0.0,0.0,0.0,0.0,0.0
2026-06-17T04:00:22,ERR,ERR,ERR,ERR,ERR,ERR,ERR,ERR,ERR,ERR,ERR,ERR,ERR,ERR,ERR,ERR,ERR,ERR,ERR,ERR,ERR,ERR,ERR,ERR,ERR,ERR,ERR,ERR,ERR,ERR,ERR,ERR,ERR,ERR,ERR,ERR,ERR,ERR,ERR,ERR,ERR,ERR,ERR,ERR,ERR,ERR,ERR,ERR,ERR,ERR,ERR,ERR,ERR,ERR,ERR,ERR,ERR,ERR,ERR,ERR,ERR,ERR,ERR,ERR,ERR,ERR,ERR,ERR,ERR,ERR,ERR,ERR,ERR,ERR,ERR,ERR,ERR,ERR,ERR,ERR,ERR,ERR,ERR,ERR,ERR,ERR,ERR,ERR,ERR,ERR,ERR,ERR,ERR,ERR,ERR,ERR,ERR,ERR,ERR,ERR,ERR,ERR,ERR,ERR,ERR,ERR,ERR,ERR,ERR,ERR,ERR,ERR,ERR,ERR,ERR,ERR,ERR,ERR,ERR,ERR,ERR,ERR,ERR,ERR,ERR,0.0,0.0,2.6474777903227054e+23,0.0,0.0,1.3936040501711995e+18,7.805,0.0,0,0,4,0,7300,-0.0,0,0.0,0.0,0.0,0.0,0.0,0,0,0,0,0.0,0,0,0,0,0,0,0,0,0,0,0,0,0,0,0,0,0,0,0,0,0,0,0,0,0,0,0,0,0,0,0,0,0,32,30,30,62,65476,0,300,0,0,8,21553,0.0,-107605600.0,0.0,0.0,0.0,0.0,0.0,0.0,0.0,0.0,0.0,0.0,0.0,0.0,0.0,0.0,0.0,0.0,0.0,0.0,0.0,0.0,2.004,-0.0,-0.0,-0.0,0.0,0.0,0.0,0.0,5438.0,0.0,6951.0,0.0,0.0,0.0,0.0,0.0,0.0,0.0,0.0,63,-152018387730432.0,-0.0,0.0,0.0,0.0,0.0,0.0,0.0,0.0,0,0,0,0.0,0.0,0.0,0.0,0.0,0.0,0.0,0.0,0.0,0.0,0.0,0.0,0.0,0.0,0.0,0.0,0,-107875648.0,63,0.0,126,2.7184242562605685e+23,-109447136.0,ERR,ERR,ERR,ERR,ERR,ERR,ERR,ERR,ERR,ERR,ERR,ERR,ERR,ERR,ERR,ERR,ERR,ERR,ERR,ERR,ERR,ERR,ERR,ERR,ERR,ERR,ERR,ERR,ERR,ERR,ERR,ERR,ERR,ERR,ERR,ERR,ERR,ERR,ERR,ERR,ERR,ERR,ERR,ERR,ERR,ERR,ERR,ERR,ERR,ERR,ERR,ERR,ERR,ERR,ERR,ERR,ERR,ERR,ERR,ERR,ERR,ERR,ERR,ERR,ERR,ERR,ERR,34.0,80.0,35,0.0,0.0,0.0,0.0,0.0,0.0,0.0,0.0,0.0,0.0,0.0,0.0,0.0,0.0,0.0,0.0,64.8,0,117,56,50,65476,0,300,0,0,8,20529,65476,0,0,57672,80.0,0.0,0.0,0.0,0.0,0.0
2026-06-17T04:00:23,ERR,ERR,ERR,ERR,ERR,ERR,ERR,ERR,ERR,ERR,ERR,ERR,ERR,ERR,ERR,ERR,ERR,ERR,ERR,ERR,ERR,ERR,ERR,ERR,ERR,ERR,ERR,ERR,ERR,ERR,ERR,ERR,ERR,ERR,ERR,ERR,ERR,ERR,ERR,ERR,ERR,ERR,ERR,ERR,ERR,ERR,ERR,ERR,ERR,ERR,ERR,ERR,ERR,ERR,ERR,ERR,ERR,ERR,ERR,ERR,ERR,ERR,ERR,ERR,ERR,ERR,ERR,ERR,ERR,ERR,ERR,ERR,ERR,ERR,ERR,ERR,ERR,ERR,ERR,ERR,ERR,ERR,ERR,ERR,ERR,ERR,ERR,ERR,ERR,ERR,ERR,ERR,ERR,ERR,ERR,ERR,ERR,ERR,ERR,ERR,ERR,ERR,ERR,ERR,ERR,ERR,ERR,ERR,ERR,ERR,ERR,ERR,ERR,ERR,ERR,ERR,ERR,ERR,ERR,ERR,ERR,ERR,ERR,ERR,ERR,0.0,0.0,2.6474777903227054e+23,0.0,0.0,1.3936040501711995e+18,7.805,0.0,0,0,4,0,7300,-0.0,0,0.0,0.0,0.0,0.0,0.0,0,0,0,0,0.0,0,0,0,0,0,0,0,0,0,0,0,0,0,0,0,0,0,0,0,0,0,0,0,0,0,0,0,0,0,0,0,0,0,32,30,30,62,65476,0,300,0,0,8,21553,0.0,-107605600.0,0.0,0.0,0.0,0.0,0.0,0.0,0.0,0.0,0.0,0.0,0.0,0.0,0.0,0.0,0.0,0.0,0.0,0.0,0.0,0.0,2.004,-0.0,-0.0,-0.0,0.0,0.0,0.0,0.0,5438.0,0.0,6951.0,0.0,0.0,0.0,0.0,0.0,0.0,0.0,0.0,63,-152018387730432.0,-0.0,0.0,0.0,0.0,0.0,0.0,0.0,0.0,0,0,0,0.0,0.0,0.0,0.0,0.0,0.0,0.0,0.0,0.0,0.0,0.0,0.0,0.0,0.0,0.0,0.0,0,-107875648.0,63,0.0,126,2.7184242562605685e+23,-109447136.0,ERR,ERR,ERR,ERR,ERR,ERR,ERR,ERR,ERR,ERR,ERR,ERR,ERR,ERR,ERR,ERR,ERR,ERR,ERR,ERR,ERR,ERR,ERR,ERR,ERR,ERR,ERR,ERR,ERR,ERR,ERR,ERR,ERR,ERR,ERR,ERR,ERR,ERR,ERR,ERR,ERR,ERR,ERR,ERR,ERR,ERR,ERR,ERR,ERR,ERR,ERR,ERR,ERR,ERR,ERR,ERR,ERR,ERR,ERR,ERR,ERR,ERR,ERR,ERR,ERR,ERR,ERR,34.0,80.0,35,0.0,0.0,0.0,0.0,0.0,0.0,0.0,0.0,0.0,0.0,0.0,0.0,0.0,0.0,0.0,0.0,64.8,0,117,56,50,65476,0,300,0,0,8,20529,65476,0,0,57672,80.0,0.0,0.0,0.0,0.0,0.0
2026-06-17T04:00:24,ERR,ERR,ERR,ERR,ERR,ERR,ERR,ERR,ERR,ERR,ERR,ERR,ERR,ERR,ERR,ERR,ERR,ERR,ERR,ERR,ERR,ERR,ERR,ERR,ERR,ERR,ERR,ERR,ERR,ERR,ERR,ERR,ERR,ERR,ERR,ERR,ERR,ERR,ERR,ERR,ERR,ERR,ERR,ERR,ERR,ERR,ERR,ERR,ERR,ERR,ERR,ERR,ERR,ERR,ERR,ERR,ERR,ERR,ERR,ERR,ERR,ERR,ERR,ERR,ERR,ERR,ERR,ERR,ERR,ERR,ERR,ERR,ERR,ERR,ERR,ERR,ERR,ERR,ERR,ERR,ERR,ERR,ERR,ERR,ERR,ERR,ERR,ERR,ERR,ERR,ERR,ERR,ERR,ERR,ERR,ERR,ERR,ERR,ERR,ERR,ERR,ERR,ERR,ERR,ERR,ERR,ERR,ERR,ERR,ERR,ERR,ERR,ERR,ERR,ERR,ERR,ERR,ERR,ERR,ERR,ERR,ERR,ERR,ERR,ERR,0.0,0.0,2.6474777903227054e+23,0.0,0.0,1.3936040501711995e+18,7.805,0.0,0,0,4,0,7300,-0.0,0,0.0,0.0,0.0,0.0,0.0,0,0,0,0,0.0,0,0,0,0,0,0,0,0,0,0,0,0,0,0,0,0,0,0,0,0,0,0,0,0,0,0,0,0,0,0,0,0,0,32,30,30,62,65476,0,300,0,0,8,21553,0.0,-107605600.0,0.0,0.0,0.0,0.0,0.0,0.0,0.0,0.0,0.0,0.0,0.0,0.0,0.0,0.0,0.0,0.0,0.0,0.0,0.0,0.0,2.004,-0.0,-0.0,-0.0,0.0,0.0,0.0,0.0,5432.0,2.004,6952.0,0.0,0.0,-107615280.0,0.0,0.0,0.0,0.0,0.0,63,-0.0,-0.0,0.0,0.0,0.0,0.0,0.0,0.0,0.0,0,0,0,0.0,0.0,0.0,0.0,0.0,0.0,0.0,0.0,0.0,0.0,0.0,0.0,0.0,0.0,0.0,0.0,0,-107875648.0,63,0.0,126,2.7184242562605685e+23,-109447136.0,ERR,ERR,ERR,ERR,ERR,ERR,ERR,ERR,ERR,ERR,ERR,ERR,ERR,ERR,ERR,ERR,ERR,ERR,ERR,ERR,ERR,ERR,ERR,ERR,ERR,ERR,ERR,ERR,ERR,ERR,ERR,ERR,ERR,ERR,ERR,ERR,ERR,ERR,ERR,ERR,ERR,ERR,ERR,ERR,ERR,ERR,ERR,ERR,ERR,ERR,ERR,ERR,ERR,ERR,ERR,ERR,ERR,ERR,ERR,ERR,ERR,ERR,ERR,ERR,ERR,ERR,ERR,34.0,80.0,35,0.0,0.0,0.0,0.0,0.0,0.0,0.0,0.0,0.0,0.0,0.0,0.0,0.0,0.0,0.0,0.0,64.4,0,117,56,50,65476,0,300,0,0,8,20529,65476,0,0,57672,80.0,0.0,0.0,0.0,0.0,0.0
2026-06-17T04:00:25,ERR,ERR,ERR,ERR,ERR,ERR,ERR,ERR,ERR,ERR,ERR,ERR,ERR,ERR,ERR,ERR,ERR,ERR,ERR,ERR,ERR,ERR,ERR,ERR,ERR,ERR,ERR,ERR,ERR,ERR,ERR,ERR,ERR,ERR,ERR,ERR,ERR,ERR,ERR,ERR,ERR,ERR,ERR,ERR,ERR,ERR,ERR,ERR,ERR,ERR,ERR,ERR,ERR,ERR,ERR,ERR,ERR,ERR,ERR,ERR,ERR,ERR,ERR,ERR,ERR,ERR,ERR,ERR,ERR,ERR,ERR,ERR,ERR,ERR,ERR,ERR,ERR,ERR,ERR,ERR,ERR,ERR,ERR,ERR,ERR,ERR,ERR,ERR,ERR,ERR,ERR,ERR,ERR,ERR,ERR,ERR,ERR,ERR,ERR,ERR,ERR,ERR,ERR,ERR,ERR,ERR,ERR,ERR,ERR,ERR,ERR,ERR,ERR,ERR,ERR,ERR,ERR,ERR,ERR,ERR,ERR,ERR,ERR,ERR,ERR,0.0,0.0,2.6474777903227054e+23,0.0,0.0,1.3936040501711995e+18,7.805,0.0,0,0,4,0,7300,-0.0,0,0.0,0.0,0.0,0.0,0.0,0,0,0,0,0.0,0,0,0,0,0,0,0,0,0,0,0,0,0,0,0,0,0,0,0,0,0,0,0,0,0,0,0,0,0,0,0,0,0,32,30,30,62,65476,0,300,0,0,8,21553,0.0,-107605600.0,0.0,0.0,0.0,0.0,0.0,0.0,0.0,0.0,0.0,0.0,0.0,0.0,0.0,0.0,0.0,0.0,0.0,0.0,0.0,0.0,2.004,-0.0,-0.0,-0.0,0.0,0.0,0.0,0.0,5432.0,2.004,6952.0,0.0,0.0,-107615280.0,0.0,0.0,0.0,0.0,0.0,63,-0.0,-0.0,0.0,0.0,0.0,0.0,0.0,0.0,0.0,0,0,0,0.0,0.0,0.0,0.0,0.0,0.0,0.0,0.0,0.0,0.0,0.0,0.0,0.0,0.0,0.0,0.0,0,-107875648.0,63,0.0,126,2.7184242562605685e+23,-109447136.0,ERR,ERR,ERR,ERR,ERR,ERR,ERR,ERR,ERR,ERR,ERR,ERR,ERR,ERR,ERR,ERR,ERR,ERR,ERR,ERR,ERR,ERR,ERR,ERR,ERR,ERR,ERR,ERR,ERR,ERR,ERR,ERR,ERR,ERR,ERR,ERR,ERR,ERR,ERR,ERR,ERR,ERR,ERR,ERR,ERR,ERR,ERR,ERR,ERR,ERR,ERR,ERR,ERR,ERR,ERR,ERR,ERR,ERR,ERR,ERR,ERR,ERR,ERR,ERR,ERR,ERR,ERR,34.0,80.0,35,0.0,0.0,0.0,0.0,0.0,0.0,0.0,0.0,0.0,0.0,0.0,0.0,0.0,0.0,0.0,0.0,64.4,0,117,56,50,65476,0,300,0,0,8,20529,65476,0,0,57672,80.0,0.0,0.0,0.0,0.0,0.0
2026-06-17T04:00:26,ERR,ERR,ERR,ERR,ERR,ERR,ERR,ERR,ERR,ERR,ERR,ERR,ERR,ERR,ERR,ERR,ERR,ERR,ERR,ERR,ERR,ERR,ERR,ERR,ERR,ERR,ERR,ERR,ERR,ERR,ERR,ERR,ERR,ERR,ERR,ERR,ERR,ERR,ERR,ERR,ERR,ERR,ERR,ERR,ERR,ERR,ERR,ERR,ERR,ERR,ERR,ERR,ERR,ERR,ERR,ERR,ERR,ERR,ERR,ERR,ERR,ERR,ERR,ERR,ERR,ERR,ERR,ERR,ERR,ERR,ERR,ERR,ERR,ERR,ERR,ERR,ERR,ERR,ERR,ERR,ERR,ERR,ERR,ERR,ERR,ERR,ERR,ERR,ERR,ERR,ERR,ERR,ERR,ERR,ERR,ERR,ERR,ERR,ERR,ERR,ERR,ERR,ERR,ERR,ERR,ERR,ERR,ERR,ERR,ERR,ERR,ERR,ERR,ERR,ERR,ERR,ERR,ERR,ERR,ERR,ERR,ERR,ERR,ERR,ERR,0.0,0.0,2.6474777903227054e+23,0.0,0.0,1.3936040501711995e+18,7.805,0.0,0,0,4,0,7300,-0.0,0,0.0,0.0,0.0,0.0,0.0,0,0,0,0,0.0,0,0,0,0,0,0,0,0,0,0,0,0,0,0,0,0,0,0,0,0,0,0,0,0,0,0,0,0,0,0,0,0,0,32,30,30,62,65476,0,300,0,0,8,21553,0.0,-107605600.0,0.0,0.0,0.0,0.0,0.0,0.0,0.0,0.0,0.0,0.0,0.0,0.0,0.0,0.0,0.0,0.0,0.0,0.0,0.0,0.0,2.004,-0.0,-0.0,-0.0,0.0,0.0,0.0,0.0,5432.0,2.004,6952.0,0.0,0.0,-107615280.0,0.0,0.0,0.0,0.0,0.0,63,-0.0,-0.0,0.0,0.0,0.0,0.0,0.0,0.0,0.0,0,0,0,0.0,0.0,0.0,0.0,0.0,0.0,0.0,0.0,0.0,0.0,0.0,0.0,0.0,0.0,0.0,0.0,0,-107875648.0,63,0.0,126,2.7184242562605685e+23,-109447136.0,ERR,ERR,ERR,ERR,ERR,ERR,ERR,ERR,ERR,ERR,ERR,ERR,ERR,ERR,ERR,ERR,ERR,ERR,ERR,ERR,ERR,ERR,ERR,ERR,ERR,ERR,ERR,ERR,ERR,ERR,ERR,ERR,ERR,ERR,ERR,ERR,ERR,ERR,ERR,ERR,ERR,ERR,ERR,ERR,ERR,ERR,ERR,ERR,ERR,ERR,ERR,ERR,ERR,ERR,ERR,ERR,ERR,ERR,ERR,ERR,ERR,ERR,ERR,ERR,ERR,ERR,ERR,34.0,80.0,35,0.0,0.0,0.0,0.0,0.0,0.0,0.0,0.0,0.0,0.0,0.0,0.0,0.0,0.0,0.0,0.0,64.4,0,117,56,50,65476,0,300,0,0,8,20529,65476,0,0,57672,80.0,0.0,0.0,0.0,0.0,0.0
2026-06-17T04:00:27,ERR,ERR,ERR,ERR,ERR,ERR,ERR,ERR,ERR,ERR,ERR,ERR,ERR,ERR,ERR,ERR,ERR,ERR,ERR,ERR,ERR,ERR,ERR,ERR,ERR,ERR,ERR,ERR,ERR,ERR,ERR,ERR,ERR,ERR,ERR,ERR,ERR,ERR,ERR,ERR,ERR,ERR,ERR,ERR,ERR,ERR,ERR,ERR,ERR,ERR,ERR,ERR,ERR,ERR,ERR,ERR,ERR,ERR,ERR,ERR,ERR,ERR,ERR,ERR,ERR,ERR,ERR,ERR,ERR,ERR,ERR,ERR,ERR,ERR,ERR,ERR,ERR,ERR,ERR,ERR,ERR,ERR,ERR,ERR,ERR,ERR,ERR,ERR,ERR,ERR,ERR,ERR,ERR,ERR,ERR,ERR,ERR,ERR,ERR,ERR,ERR,ERR,ERR,ERR,ERR,ERR,ERR,ERR,ERR,ERR,ERR,ERR,ERR,ERR,ERR,ERR,ERR,ERR,ERR,ERR,ERR,ERR,ERR,ERR,ERR,0.0,0.0,2.6474777903227054e+23,0.0,0.0,1.3936040501711995e+18,7.805,0.0,0,0,4,0,7300,-0.0,0,0.0,0.0,0.0,0.0,0.0,0,0,0,0,0.0,0,0,0,0,0,0,0,0,0,0,0,0,0,0,0,0,0,0,0,0,0,0,0,0,0,0,0,0,0,0,0,0,0,32,30,30,62,65476,0,300,0,0,8,21553,0.0,-107605600.0,0.0,0.0,0.0,0.0,0.0,0.0,0.0,0.0,0.0,0.0,0.0,0.0,0.0,0.0,0.0,0.0,0.0,0.0,0.0,0.0,2.004,-0.0,-0.0,-0.0,0.0,0.0,0.0,0.0,5432.0,2.004,6952.0,0.0,0.0,-107615280.0,0.0,0.0,0.0,0.0,0.0,63,-0.0,-0.0,0.0,0.0,0.0,0.0,0.0,0.0,0.0,0,0,0,0.0,0.0,0.0,0.0,0.0,0.0,0.0,0.0,0.0,0.0,0.0,0.0,0.0,0.0,0.0,0.0,0,-107875648.0,63,0.0,126,2.7184242562605685e+23,-109447136.0,ERR,ERR,ERR,ERR,ERR,ERR,ERR,ERR,ERR,ERR,ERR,ERR,ERR,ERR,ERR,ERR,ERR,ERR,ERR,ERR,ERR,ERR,ERR,ERR,ERR,ERR,ERR,ERR,ERR,ERR,ERR,ERR,ERR,ERR,ERR,ERR,ERR,ERR,ERR,ERR,ERR,ERR,ERR,ERR,ERR,ERR,ERR,ERR,ERR,ERR,ERR,ERR,ERR,ERR,ERR,ERR,ERR,ERR,ERR,ERR,ERR,ERR,ERR,ERR,ERR,ERR,ERR,34.0,80.0,35,0.0,0.0,0.0,0.0,0.0,0.0,0.0,0.0,0.0,0.0,0.0,0.0,0.0,0.0,0.0,0.0,64.4,0,117,56,50,65476,0,300,0,0,8,20529,65476,0,0,57672,80.0,0.0,0.0,0.0,0.0,0.0
2026-06-17T04:00:28,ERR,ERR,ERR,ERR,ERR,ERR,ERR,ERR,ERR,ERR,ERR,ERR,ERR,ERR,ERR,ERR,ERR,ERR,ERR,ERR,ERR,ERR,ERR,ERR,ERR,ERR,ERR,ERR,ERR,ERR,ERR,ERR,ERR,ERR,ERR,ERR,ERR,ERR,ERR,ERR,ERR,ERR,ERR,ERR,ERR,ERR,ERR,ERR,ERR,ERR,ERR,ERR,ERR,ERR,ERR,ERR,ERR,ERR,ERR,ERR,ERR,ERR,ERR,ERR,ERR,ERR,ERR,ERR,ERR,ERR,ERR,ERR,ERR,ERR,ERR,ERR,ERR,ERR,ERR,ERR,ERR,ERR,ERR,ERR,ERR,ERR,ERR,ERR,ERR,ERR,ERR,ERR,ERR,ERR,ERR,ERR,ERR,ERR,ERR,ERR,ERR,ERR,ERR,ERR,ERR,ERR,ERR,ERR,ERR,ERR,ERR,ERR,ERR,ERR,ERR,ERR,ERR,ERR,ERR,ERR,ERR,ERR,ERR,ERR,ERR,0.0,0.0,2.6474777903227054e+23,0.0,0.0,1.3936040501711995e+18,7.805,0.0,0,0,4,0,7300,-0.0,0,0.0,0.0,0.0,0.0,0.0,0,0,0,0,0.0,0,0,0,0,0,0,0,0,0,0,0,0,0,0,0,0,0,0,0,0,0,0,0,0,0,0,0,0,0,0,0,0,0,32,30,30,62,65476,0,300,0,0,8,21553,0.0,-107605600.0,0.0,0.0,0.0,0.0,0.0,0.0,0.0,0.0,0.0,0.0,0.0,0.0,0.0,0.0,0.0,0.0,0.0,0.0,0.0,0.0,2.004,-0.0,-0.0,-0.0,0.0,0.0,0.0,0.0,5432.0,2.004,6952.0,0.0,0.0,-107615280.0,0.0,0.0,0.0,0.0,0.0,63,-0.0,-0.0,0.0,0.0,0.0,0.0,0.0,0.0,0.0,0,0,0,0.0,0.0,0.0,0.0,0.0,0.0,0.0,0.0,0.0,0.0,0.0,0.0,0.0,0.0,0.0,0.0,0,-107875648.0,63,0.0,126,2.7184242562605685e+23,-109447136.0,ERR,ERR,ERR,ERR,ERR,ERR,ERR,ERR,ERR,ERR,ERR,ERR,ERR,ERR,ERR,ERR,ERR,ERR,ERR,ERR,ERR,ERR,ERR,ERR,ERR,ERR,ERR,ERR,ERR,ERR,ERR,ERR,ERR,ERR,ERR,ERR,ERR,ERR,ERR,ERR,ERR,ERR,ERR,ERR,ERR,ERR,ERR,ERR,ERR,ERR,ERR,ERR,ERR,ERR,ERR,ERR,ERR,ERR,ERR,ERR,ERR,ERR,ERR,ERR,ERR,ERR,ERR,34.0,80.0,35,0.0,0.0,0.0,0.0,0.0,0.0,0.0,0.0,0.0,0.0,0.0,0.0,0.0,0.0,0.0,0.0,64.8,0,117,56,50,65476,0,300,0,0,8,20529,65476,0,0,57672,80.0,0.0,0.0,0.0,0.0,0.0
2026-06-17T04:00:29,ERR,ERR,ERR,ERR,ERR,ERR,ERR,ERR,ERR,ERR,ERR,ERR,ERR,ERR,ERR,ERR,ERR,ERR,ERR,ERR,ERR,ERR,ERR,ERR,ERR,ERR,ERR,ERR,ERR,ERR,ERR,ERR,ERR,ERR,ERR,ERR,ERR,ERR,ERR,ERR,ERR,ERR,ERR,ERR,ERR,ERR,ERR,ERR,ERR,ERR,ERR,ERR,ERR,ERR,ERR,ERR,ERR,ERR,ERR,ERR,ERR,ERR,ERR,ERR,ERR,ERR,ERR,ERR,ERR,ERR,ERR,ERR,ERR,ERR,ERR,ERR,ERR,ERR,ERR,ERR,ERR,ERR,ERR,ERR,ERR,ERR,ERR,ERR,ERR,ERR,ERR,ERR,ERR,ERR,ERR,ERR,ERR,ERR,ERR,ERR,ERR,ERR,ERR,ERR,ERR,ERR,ERR,ERR,ERR,ERR,ERR,ERR,ERR,ERR,ERR,ERR,ERR,ERR,ERR,ERR,ERR,ERR,ERR,ERR,ERR,0.0,0.0,2.6474777903227054e+23,0.0,0.0,1.3936040501711995e+18,7.805,0.0,0,0,4,0,7300,-0.0,0,0.0,0.0,0.0,0.0,0.0,0,0,0,0,0.0,0,0,0,0,0,0,0,0,0,0,0,0,0,0,0,0,0,0,0,0,0,0,0,0,0,0,0,0,0,0,0,0,0,32,30,30,62,65476,0,300,0,0,8,21553,0.0,-107605600.0,0.0,0.0,0.0,0.0,0.0,0.0,0.0,0.0,0.0,0.0,0.0,0.0,0.0,0.0,0.0,0.0,0.0,0.0,0.0,0.0,2.004,-0.0,-0.0,-0.0,0.0,0.0,0.0,0.0,5401.0,-1.0406668663850192e+34,6975.0,0.0,0.0,-107615280.0,0.0,0.0,0.0,0.0,0.0,63,-0.059,89220.688,0.0,0.0,0.0,0.0,0.0,0.0,0.0,0,0,0,0.0,0.0,0.0,0.0,0.0,0.0,0.0,0.0,0.0,0.0,0.0,0.0,0.0,0.0,0.0,0.0,0,-107875648.0,63,0.0,126,2.7184242562605685e+23,-109447136.0,ERR,ERR,ERR,ERR,ERR,ERR,ERR,ERR,ERR,ERR,ERR,ERR,ERR,ERR,ERR,ERR,ERR,ERR,ERR,ERR,ERR,ERR,ERR,ERR,ERR,ERR,ERR,ERR,ERR,ERR,ERR,ERR,ERR,ERR,ERR,ERR,ERR,ERR,ERR,ERR,ERR,ERR,ERR,ERR,ERR,ERR,ERR,ERR,ERR,ERR,ERR,ERR,ERR,ERR,ERR,ERR,ERR,ERR,ERR,ERR,ERR,ERR,ERR,ERR,ERR,ERR,ERR,34.0,80.0,35,0.0,0.0,0.0,0.0,0.0,0.0,0.0,0.0,0.0,0.0,0.0,0.0,0.0,0.0,0.0,0.0,64.4,0,117,56,50,65476,0,300,0,0,8,20529,65476,0,0,57672,80.0,0.0,0.0,0.0,0.0,0.0
2026-06-17T04:00:30,ERR,ERR,ERR,ERR,ERR,ERR,ERR,ERR,ERR,ERR,ERR,ERR,ERR,ERR,ERR,ERR,ERR,ERR,ERR,ERR,ERR,ERR,ERR,ERR,ERR,ERR,ERR,ERR,ERR,ERR,ERR,ERR,ERR,ERR,ERR,ERR,ERR,ERR,ERR,ERR,ERR,ERR,ERR,ERR,ERR,ERR,ERR,ERR,ERR,ERR,ERR,ERR,ERR,ERR,ERR,ERR,ERR,ERR,ERR,ERR,ERR,ERR,ERR,ERR,ERR,ERR,ERR,ERR,ERR,ERR,ERR,ERR,ERR,ERR,ERR,ERR,ERR,ERR,ERR,ERR,ERR,ERR,ERR,ERR,ERR,ERR,ERR,ERR,ERR,ERR,ERR,ERR,ERR,ERR,ERR,ERR,ERR,ERR,ERR,ERR,ERR,ERR,ERR,ERR,ERR,ERR,ERR,ERR,ERR,ERR,ERR,ERR,ERR,ERR,ERR,ERR,ERR,ERR,ERR,ERR,ERR,ERR,ERR,ERR,ERR,0.0,0.0,2.6474777903227054e+23,0.0,0.0,1.3936040501711995e+18,7.805,0.0,0,0,4,0,7300,-0.0,0,0.0,0.0,0.0,0.0,0.0,0,0,0,0,0.0,0,0,0,0,0,0,0,0,0,0,0,0,0,0,0,0,0,0,0,0,0,0,0,0,0,0,0,0,0,0,0,0,0,32,30,30,62,65476,0,300,0,0,8,21553,0.0,-107605600.0,0.0,0.0,0.0,0.0,0.0,0.0,0.0,0.0,0.0,0.0,0.0,0.0,0.0,0.0,0.0,0.0,0.0,0.0,0.0,0.0,2.004,-0.0,-0.0,-0.0,0.0,0.0,0.0,0.0,5401.0,-1.0406668663850192e+34,6975.0,0.0,0.0,-107615280.0,0.0,0.0,0.0,0.0,0.0,63,-0.059,89220.688,0.0,0.0,0.0,0.0,0.0,0.0,0.0,0,0,0,0.0,0.0,0.0,0.0,0.0,0.0,0.0,0.0,0.0,0.0,0.0,0.0,0.0,0.0,0.0,0.0,0,-107875648.0,63,0.0,126,2.7184242562605685e+23,-109447136.0,ERR,ERR,ERR,ERR,ERR,ERR,ERR,ERR,ERR,ERR,ERR,ERR,ERR,ERR,ERR,ERR,ERR,ERR,ERR,ERR,ERR,ERR,ERR,ERR,ERR,ERR,ERR,ERR,ERR,ERR,ERR,ERR,ERR,ERR,ERR,ERR,ERR,ERR,ERR,ERR,ERR,ERR,ERR,ERR,ERR,ERR,ERR,ERR,ERR,ERR,ERR,ERR,ERR,ERR,ERR,ERR,ERR,ERR,ERR,ERR,ERR,ERR,ERR,ERR,ERR,ERR,ERR,34.0,80.0,35,0.0,0.0,0.0,0.0,0.0,0.0,0.0,0.0,0.0,0.0,0.0,0.0,0.0,0.0,0.0,0.0,64.4,0,117,56,50,65476,0,300,0,0,8,20529,65476,0,0,57672,80.0,0.0,0.0,0.0,0.0,0.0
2026-06-17T04:00:31,ERR,ERR,ERR,ERR,ERR,ERR,ERR,ERR,ERR,ERR,ERR,ERR,ERR,ERR,ERR,ERR,ERR,ERR,ERR,ERR,ERR,ERR,ERR,ERR,ERR,ERR,ERR,ERR,ERR,ERR,ERR,ERR,ERR,ERR,ERR,ERR,ERR,ERR,ERR,ERR,ERR,ERR,ERR,ERR,ERR,ERR,ERR,ERR,ERR,ERR,ERR,ERR,ERR,ERR,ERR,ERR,ERR,ERR,ERR,ERR,ERR,ERR,ERR,ERR,ERR,ERR,ERR,ERR,ERR,ERR,ERR,ERR,ERR,ERR,ERR,ERR,ERR,ERR,ERR,ERR,ERR,ERR,ERR,ERR,ERR,ERR,ERR,ERR,ERR,ERR,ERR,ERR,ERR,ERR,ERR,ERR,ERR,ERR,ERR,ERR,ERR,ERR,ERR,ERR,ERR,ERR,ERR,ERR,ERR,ERR,ERR,ERR,ERR,ERR,ERR,ERR,ERR,ERR,ERR,ERR,ERR,ERR,ERR,ERR,ERR,0.0,0.0,2.6474777903227054e+23,0.0,0.0,1.3936040501711995e+18,7.805,0.0,0,0,4,0,7300,-0.0,0,0.0,0.0,0.0,0.0,0.0,0,0,0,0,0.0,0,0,0,0,0,0,0,0,0,0,0,0,0,0,0,0,0,0,0,0,0,0,0,0,0,0,0,0,0,0,0,0,0,32,30,30,62,65476,0,300,0,0,8,21553,0.0,-107605600.0,0.0,0.0,0.0,0.0,0.0,0.0,0.0,0.0,0.0,0.0,0.0,0.0,0.0,0.0,0.0,0.0,0.0,0.0,0.0,0.0,2.004,-0.0,-0.0,-0.0,0.0,0.0,0.0,0.0,5401.0,-1.0406668663850192e+34,6975.0,0.0,0.0,-107615280.0,0.0,0.0,0.0,0.0,0.0,63,-0.059,89220.688,0.0,0.0,0.0,0.0,0.0,0.0,0.0,0,0,0,0.0,0.0,0.0,0.0,0.0,0.0,0.0,0.0,0.0,0.0,0.0,0.0,0.0,0.0,0.0,0.0,0,-107875648.0,63,0.0,126,2.7184242562605685e+23,-109447136.0,ERR,ERR,ERR,ERR,ERR,ERR,ERR,ERR,ERR,ERR,ERR,ERR,ERR,ERR,ERR,ERR,ERR,ERR,ERR,ERR,ERR,ERR,ERR,ERR,ERR,ERR,ERR,ERR,ERR,ERR,ERR,ERR,ERR,ERR,ERR,ERR,ERR,ERR,ERR,ERR,ERR,ERR,ERR,ERR,ERR,ERR,ERR,ERR,ERR,ERR,ERR,ERR,ERR,ERR,ERR,ERR,ERR,ERR,ERR,ERR,ERR,ERR,ERR,ERR,ERR,ERR,ERR,34.0,80.0,35,0.0,0.0,0.0,0.0,0.0,0.0,0.0,0.0,0.0,0.0,0.0,0.0,0.0,0.0,0.0,0.0,64.4,0,117,56,50,65476,0,300,0,0,8,20529,65476,0,0,57672,80.0,0.0,0.0,0.0,0.0,0.0
2026-06-17T04:00:32,ERR,ERR,ERR,ERR,ERR,ERR,ERR,ERR,ERR,ERR,ERR,ERR,ERR,ERR,ERR,ERR,ERR,ERR,ERR,ERR,ERR,ERR,ERR,ERR,ERR,ERR,ERR,ERR,ERR,ERR,ERR,ERR,ERR,ERR,ERR,ERR,ERR,ERR,ERR,ERR,ERR,ERR,ERR,ERR,ERR,ERR,ERR,ERR,ERR,ERR,ERR,ERR,ERR,ERR,ERR,ERR,ERR,ERR,ERR,ERR,ERR,ERR,ERR,ERR,ERR,ERR,ERR,ERR,ERR,ERR,ERR,ERR,ERR,ERR,ERR,ERR,ERR,ERR,ERR,ERR,ERR,ERR,ERR,ERR,ERR,ERR,ERR,ERR,ERR,ERR,ERR,ERR,ERR,ERR,ERR,ERR,ERR,ERR,ERR,ERR,ERR,ERR,ERR,ERR,ERR,ERR,ERR,ERR,ERR,ERR,ERR,ERR,ERR,ERR,ERR,ERR,ERR,ERR,ERR,ERR,ERR,ERR,ERR,ERR,ERR,0.0,0.0,2.6474777903227054e+23,0.0,0.0,1.3936040501711995e+18,7.805,0.0,0,0,4,0,7300,-0.0,0,0.0,0.0,0.0,0.0,0.0,0,0,0,0,0.0,0,0,0,0,0,0,0,0,0,0,0,0,0,0,0,0,0,0,0,0,0,0,0,0,0,0,0,0,0,0,0,0,0,32,30,30,62,65476,0,300,0,0,8,21553,0.0,-107605600.0,0.0,0.0,0.0,0.0,0.0,0.0,0.0,0.0,0.0,0.0,0.0,0.0,0.0,0.0,0.0,0.0,0.0,0.0,0.0,0.0,2.004,-0.0,-0.0,-0.0,0.0,0.0,0.0,0.0,5401.0,-1.0406668663850192e+34,6975.0,0.0,0.0,-107615280.0,0.0,0.0,0.0,0.0,0.0,63,-0.059,89220.688,0.0,0.0,0.0,0.0,0.0,0.0,0.0,0,0,0,0.0,0.0,0.0,0.0,0.0,0.0,0.0,0.0,0.0,0.0,0.0,0.0,0.0,0.0,0.0,0.0,0,-107875648.0,63,0.0,126,2.7184242562605685e+23,-109447136.0,ERR,ERR,ERR,ERR,ERR,ERR,ERR,ERR,ERR,ERR,ERR,ERR,ERR,ERR,ERR,ERR,ERR,ERR,ERR,ERR,ERR,ERR,ERR,ERR,ERR,ERR,ERR,ERR,ERR,ERR,ERR,ERR,ERR,ERR,ERR,ERR,ERR,ERR,ERR,ERR,ERR,ERR,ERR,ERR,ERR,ERR,ERR,ERR,ERR,ERR,ERR,ERR,ERR,ERR,ERR,ERR,ERR,ERR,ERR,ERR,ERR,ERR,ERR,ERR,ERR,ERR,ERR,34.0,80.0,35,0.0,0.0,0.0,0.0,0.0,0.0,0.0,0.0,0.0,0.0,0.0,0.0,0.0,0.0,0.0,0.0,64.4,0,117,56,50,65476,0,300,0,0,8,20529,65476,0,0,57672,80.0,0.0,0.0,0.0,0.0,0.0
2026-06-17T04:00:33,ERR,ERR,ERR,ERR,ERR,ERR,ERR,ERR,ERR,ERR,ERR,ERR,ERR,ERR,ERR,ERR,ERR,ERR,ERR,ERR,ERR,ERR,ERR,ERR,ERR,ERR,ERR,ERR,ERR,ERR,ERR,ERR,ERR,ERR,ERR,ERR,ERR,ERR,ERR,ERR,ERR,ERR,ERR,ERR,ERR,ERR,ERR,ERR,ERR,ERR,ERR,ERR,ERR,ERR,ERR,ERR,ERR,ERR,ERR,ERR,ERR,ERR,ERR,ERR,ERR,ERR,ERR,ERR,ERR,ERR,ERR,ERR,ERR,ERR,ERR,ERR,ERR,ERR,ERR,ERR,ERR,ERR,ERR,ERR,ERR,ERR,ERR,ERR,ERR,ERR,ERR,ERR,ERR,ERR,ERR,ERR,ERR,ERR,ERR,ERR,ERR,ERR,ERR,ERR,ERR,ERR,ERR,ERR,ERR,ERR,ERR,ERR,ERR,ERR,ERR,ERR,ERR,ERR,ERR,ERR,ERR,ERR,ERR,ERR,ERR,0.0,0.0,2.6474777903227054e+23,0.0,0.0,1.3936040501711995e+18,7.805,0.0,0,0,4,0,7300,-0.0,0,0.0,0.0,0.0,0.0,0.0,0,0,0,0,0.0,0,0,0,0,0,0,0,0,0,0,0,0,0,0,0,0,0,0,0,0,0,0,0,0,0,0,0,0,0,0,0,0,0,32,30,30,62,65476,0,300,0,0,8,21553,0.0,-107605600.0,0.0,0.0,0.0,0.0,0.0,0.0,0.0,0.0,0.0,0.0,0.0,0.0,0.0,0.0,0.0,0.0,0.0,0.0,0.0,0.0,2.004,-0.0,-0.0,-0.0,0.0,0.0,0.0,0.0,5401.0,-1.0406668663850192e+34,6975.0,0.0,0.0,-107615280.0,0.0,0.0,0.0,0.0,0.0,63,-0.059,89220.688,0.0,0.0,0.0,0.0,0.0,0.0,0.0,0,0,0,0.0,0.0,0.0,0.0,0.0,0.0,0.0,0.0,0.0,0.0,0.0,0.0,0.0,0.0,0.0,0.0,0,-107875648.0,63,0.0,126,2.7184242562605685e+23,-109447136.0,ERR,ERR,ERR,ERR,ERR,ERR,ERR,ERR,ERR,ERR,ERR,ERR,ERR,ERR,ERR,ERR,ERR,ERR,ERR,ERR,ERR,ERR,ERR,ERR,ERR,ERR,ERR,ERR,ERR,ERR,ERR,ERR,ERR,ERR,ERR,ERR,ERR,ERR,ERR,ERR,ERR,ERR,ERR,ERR,ERR,ERR,ERR,ERR,ERR,ERR,ERR,ERR,ERR,ERR,ERR,ERR,ERR,ERR,ERR,ERR,ERR,ERR,ERR,ERR,ERR,ERR,ERR,34.0,80.0,35,0.0,0.0,0.0,0.0,0.0,0.0,0.0,0.0,0.0,0.0,0.0,0.0,0.0,0.0,0.0,0.0,64.4,0,117,56,50,65476,0,300,0,0,8,20529,65476,0,0,57672,80.0,0.0,0.0,0.0,0.0,0.0
2026-06-17T04:00:34,ERR,ERR,ERR,ERR,ERR,ERR,ERR,ERR,ERR,ERR,ERR,ERR,ERR,ERR,ERR,ERR,ERR,ERR,ERR,ERR,ERR,ERR,ERR,ERR,ERR,ERR,ERR,ERR,ERR,ERR,ERR,ERR,ERR,ERR,ERR,ERR,ERR,ERR,ERR,ERR,ERR,ERR,ERR,ERR,ERR,ERR,ERR,ERR,ERR,ERR,ERR,ERR,ERR,ERR,ERR,ERR,ERR,ERR,ERR,ERR,ERR,ERR,ERR,ERR,ERR,ERR,ERR,ERR,ERR,ERR,ERR,ERR,ERR,ERR,ERR,ERR,ERR,ERR,ERR,ERR,ERR,ERR,ERR,ERR,ERR,ERR,ERR,ERR,ERR,ERR,ERR,ERR,ERR,ERR,ERR,ERR,ERR,ERR,ERR,ERR,ERR,ERR,ERR,ERR,ERR,ERR,ERR,ERR,ERR,ERR,ERR,ERR,ERR,ERR,ERR,ERR,ERR,ERR,ERR,ERR,ERR,ERR,ERR,ERR,ERR,0.0,0.0,2.6474777903227054e+23,0.0,0.0,1.3936040501711995e+18,7.805,0.0,0,0,4,0,7300,-0.0,0,0.0,0.0,0.0,0.0,0.0,0,0,0,0,0.0,0,0,0,0,0,0,0,0,0,0,0,0,0,0,0,0,0,0,0,0,0,0,0,0,0,0,0,0,0,0,0,0,0,32,30,30,62,65476,0,300,0,0,8,21553,0.0,-107605600.0,0.0,0.0,0.0,0.0,0.0,0.0,0.0,0.0,0.0,0.0,0.0,0.0,0.0,0.0,0.0,0.0,0.0,0.0,0.0,0.0,2.004,-0.0,-2.004,-0.0,0.0,0.0,0.0,0.0,5405.0,-0.0,6962.0,0.0,0.0,0.0,0.0,0.0,0.0,0.0,0.0,63,-71.63,-71.63,0.0,0.0,0.0,0.0,0.0,0.0,0.0,0,0,0,0.0,0.0,0.0,0.0,0.0,0.0,0.0,0.0,0.0,0.0,0.0,0.0,0.0,0.0,0.0,0.0,0,-107875648.0,63,0.0,126,2.7184242562605685e+23,-0.0,ERR,ERR,ERR,ERR,ERR,ERR,ERR,ERR,ERR,ERR,ERR,ERR,ERR,ERR,ERR,ERR,ERR,ERR,ERR,ERR,ERR,ERR,ERR,ERR,ERR,ERR,ERR,ERR,ERR,ERR,ERR,ERR,ERR,ERR,ERR,ERR,ERR,ERR,ERR,ERR,ERR,ERR,ERR,ERR,ERR,ERR,ERR,ERR,ERR,ERR,ERR,ERR,ERR,ERR,ERR,ERR,ERR,ERR,ERR,ERR,ERR,ERR,ERR,ERR,ERR,ERR,ERR,34.0,80.0,35,0.0,0.0,0.0,0.0,0.0,0.0,0.0,0.0,0.0,0.0,0.0,0.0,0.0,0.0,0.0,0.0,64.4,0,117,56,50,65476,0,300,0,0,8,20529,65476,0,0,57672,80.0,0.0,0.0,0.0,0.0,0.0
2026-06-17T04:00:35,ERR,ERR,ERR,ERR,ERR,ERR,ERR,ERR,ERR,ERR,ERR,ERR,ERR,ERR,ERR,ERR,ERR,ERR,ERR,ERR,ERR,ERR,ERR,ERR,ERR,ERR,ERR,ERR,ERR,ERR,ERR,ERR,ERR,ERR,ERR,ERR,ERR,ERR,ERR,ERR,ERR,ERR,ERR,ERR,ERR,ERR,ERR,ERR,ERR,ERR,ERR,ERR,ERR,ERR,ERR,ERR,ERR,ERR,ERR,ERR,ERR,ERR,ERR,ERR,ERR,ERR,ERR,ERR,ERR,ERR,ERR,ERR,ERR,ERR,ERR,ERR,ERR,ERR,ERR,ERR,ERR,ERR,ERR,ERR,ERR,ERR,ERR,ERR,ERR,ERR,ERR,ERR,ERR,ERR,ERR,ERR,ERR,ERR,ERR,ERR,ERR,ERR,ERR,ERR,ERR,ERR,ERR,ERR,ERR,ERR,ERR,ERR,ERR,ERR,ERR,ERR,ERR,ERR,ERR,ERR,ERR,ERR,ERR,ERR,ERR,0.0,0.0,2.6474777903227054e+23,0.0,0.0,1.3936040501711995e+18,7.805,0.0,0,0,4,0,7300,-0.0,0,0.0,0.0,0.0,0.0,0.0,0,0,0,0,0.0,0,0,0,0,0,0,0,0,0,0,0,0,0,0,0,0,0,0,0,0,0,0,0,0,0,0,0,0,0,0,0,0,0,32,30,30,62,65476,0,300,0,0,8,21553,0.0,-107605600.0,0.0,0.0,0.0,0.0,0.0,0.0,0.0,0.0,0.0,0.0,0.0,0.0,0.0,0.0,0.0,0.0,0.0,0.0,0.0,0.0,2.004,-0.0,-2.004,-0.0,0.0,0.0,0.0,0.0,5405.0,-0.0,6962.0,0.0,0.0,0.0,0.0,0.0,0.0,0.0,0.0,63,-71.63,-71.63,0.0,0.0,0.0,0.0,0.0,0.0,0.0,0,0,0,0.0,0.0,0.0,0.0,0.0,0.0,0.0,0.0,0.0,0.0,0.0,0.0,0.0,0.0,0.0,0.0,0,-107875648.0,63,0.0,126,2.7184242562605685e+23,-0.0,ERR,ERR,ERR,ERR,ERR,ERR,ERR,ERR,ERR,ERR,ERR,ERR,ERR,ERR,ERR,ERR,ERR,ERR,ERR,ERR,ERR,ERR,ERR,ERR,ERR,ERR,ERR,ERR,ERR,ERR,ERR,ERR,ERR,ERR,ERR,ERR,ERR,ERR,ERR,ERR,ERR,ERR,ERR,ERR,ERR,ERR,ERR,ERR,ERR,ERR,ERR,ERR,ERR,ERR,ERR,ERR,ERR,ERR,ERR,ERR,ERR,ERR,ERR,ERR,ERR,ERR,ERR,34.0,80.0,35,0.0,0.0,0.0,0.0,0.0,0.0,0.0,0.0,0.0,0.0,0.0,0.0,0.0,0.0,0.0,0.0,64.4,0,117,56,50,65476,0,300,0,0,8,20529,65476,0,0,57672,80.0,0.0,0.0,0.0,0.0,0.0
2026-06-17T04:00:36,ERR,ERR,ERR,ERR,ERR,ERR,ERR,ERR,ERR,ERR,ERR,ERR,ERR,ERR,ERR,ERR,ERR,ERR,ERR,ERR,ERR,ERR,ERR,ERR,ERR,ERR,ERR,ERR,ERR,ERR,ERR,ERR,ERR,ERR,ERR,ERR,ERR,ERR,ERR,ERR,ERR,ERR,ERR,ERR,ERR,ERR,ERR,ERR,ERR,ERR,ERR,ERR,ERR,ERR,ERR,ERR,ERR,ERR,ERR,ERR,ERR,ERR,ERR,ERR,ERR,ERR,ERR,ERR,ERR,ERR,ERR,ERR,ERR,ERR,ERR,ERR,ERR,ERR,ERR,ERR,ERR,ERR,ERR,ERR,ERR,ERR,ERR,ERR,ERR,ERR,ERR,ERR,ERR,ERR,ERR,ERR,ERR,ERR,ERR,ERR,ERR,ERR,ERR,ERR,ERR,ERR,ERR,ERR,ERR,ERR,ERR,ERR,ERR,ERR,ERR,ERR,ERR,ERR,ERR,ERR,ERR,ERR,ERR,ERR,ERR,0.0,0.0,2.6474777903227054e+23,0.0,0.0,1.3936040501711995e+18,7.805,0.0,0,0,4,0,7300,-0.0,0,0.0,0.0,0.0,0.0,0.0,0,0,0,0,0.0,0,0,0,0,0,0,0,0,0,0,0,0,0,0,0,0,0,0,0,0,0,0,0,0,0,0,0,0,0,0,0,0,0,32,30,30,62,65476,0,300,0,0,8,21553,0.0,-107605600.0,0.0,0.0,0.0,0.0,0.0,0.0,0.0,0.0,0.0,0.0,0.0,0.0,0.0,0.0,0.0,0.0,0.0,0.0,0.0,0.0,2.004,-0.0,-2.004,-0.0,0.0,0.0,0.0,0.0,5405.0,-0.0,6962.0,0.0,0.0,0.0,0.0,0.0,0.0,0.0,0.0,63,-71.63,-71.63,0.0,0.0,0.0,0.0,0.0,0.0,0.0,0,0,0,0.0,0.0,0.0,0.0,0.0,0.0,0.0,0.0,0.0,0.0,0.0,0.0,0.0,0.0,0.0,0.0,0,-107875648.0,63,0.0,126,2.7184242562605685e+23,-0.0,ERR,ERR,ERR,ERR,ERR,ERR,ERR,ERR,ERR,ERR,ERR,ERR,ERR,ERR,ERR,ERR,ERR,ERR,ERR,ERR,ERR,ERR,ERR,ERR,ERR,ERR,ERR,ERR,ERR,ERR,ERR,ERR,ERR,ERR,ERR,ERR,ERR,ERR,ERR,ERR,ERR,ERR,ERR,ERR,ERR,ERR,ERR,ERR,ERR,ERR,ERR,ERR,ERR,ERR,ERR,ERR,ERR,ERR,ERR,ERR,ERR,ERR,ERR,ERR,ERR,ERR,ERR,34.0,80.0,35,0.0,0.0,0.0,0.0,0.0,0.0,0.0,0.0,0.0,0.0,0.0,0.0,0.0,0.0,0.0,0.0,64.4,0,117,56,50,65476,0,300,0,0,8,20529,65476,0,0,57672,80.0,0.0,0.0,0.0,0.0,0.0
2026-06-17T04:00:37,ERR,ERR,ERR,ERR,ERR,ERR,ERR,ERR,ERR,ERR,ERR,ERR,ERR,ERR,ERR,ERR,ERR,ERR,ERR,ERR,ERR,ERR,ERR,ERR,ERR,ERR,ERR,ERR,ERR,ERR,ERR,ERR,ERR,ERR,ERR,ERR,ERR,ERR,ERR,ERR,ERR,ERR,ERR,ERR,ERR,ERR,ERR,ERR,ERR,ERR,ERR,ERR,ERR,ERR,ERR,ERR,ERR,ERR,ERR,ERR,ERR,ERR,ERR,ERR,ERR,ERR,ERR,ERR,ERR,ERR,ERR,ERR,ERR,ERR,ERR,ERR,ERR,ERR,ERR,ERR,ERR,ERR,ERR,ERR,ERR,ERR,ERR,ERR,ERR,ERR,ERR,ERR,ERR,ERR,ERR,ERR,ERR,ERR,ERR,ERR,ERR,ERR,ERR,ERR,ERR,ERR,ERR,ERR,ERR,ERR,ERR,ERR,ERR,ERR,ERR,ERR,ERR,ERR,ERR,ERR,ERR,ERR,ERR,ERR,ERR,0.0,0.0,2.6474777903227054e+23,0.0,0.0,1.3936040501711995e+18,7.805,0.0,0,0,4,0,7300,-0.0,0,0.0,0.0,0.0,0.0,0.0,0,0,0,0,0.0,0,0,0,0,0,0,0,0,0,0,0,0,0,0,0,0,0,0,0,0,0,0,0,0,0,0,0,0,0,0,0,0,0,32,30,30,62,65476,0,300,0,0,8,21553,0.0,-107605600.0,0.0,0.0,0.0,0.0,0.0,0.0,0.0,0.0,0.0,0.0,0.0,0.0,0.0,0.0,0.0,0.0,0.0,0.0,0.0,0.0,2.004,-0.0,-2.004,-0.0,0.0,0.0,0.0,0.0,5405.0,-0.0,6962.0,0.0,0.0,0.0,0.0,0.0,0.0,0.0,0.0,63,-71.63,-71.63,0.0,0.0,0.0,0.0,0.0,0.0,0.0,0,0,0,0.0,0.0,0.0,0.0,0.0,0.0,0.0,0.0,0.0,0.0,0.0,0.0,0.0,0.0,0.0,0.0,0,-107875648.0,63,0.0,126,2.7184242562605685e+23,-0.0,ERR,ERR,ERR,ERR,ERR,ERR,ERR,ERR,ERR,ERR,ERR,ERR,ERR,ERR,ERR,ERR,ERR,ERR,ERR,ERR,ERR,ERR,ERR,ERR,ERR,ERR,ERR,ERR,ERR,ERR,ERR,ERR,ERR,ERR,ERR,ERR,ERR,ERR,ERR,ERR,ERR,ERR,ERR,ERR,ERR,ERR,ERR,ERR,ERR,ERR,ERR,ERR,ERR,ERR,ERR,ERR,ERR,ERR,ERR,ERR,ERR,ERR,ERR,ERR,ERR,ERR,ERR,34.0,80.0,35,0.0,0.0,0.0,0.0,0.0,0.0,0.0,0.0,0.0,0.0,0.0,0.0,0.0,0.0,0.0,0.0,64.4,0,117,56,50,65476,0,300,0,0,8,20529,65476,0,0,57672,80.0,0.0,0.0,0.0,0.0,0.0
2026-06-17T04:00:38,ERR,ERR,ERR,ERR,ERR,ERR,ERR,ERR,ERR,ERR,ERR,ERR,ERR,ERR,ERR,ERR,ERR,ERR,ERR,ERR,ERR,ERR,ERR,ERR,ERR,ERR,ERR,ERR,ERR,ERR,ERR,ERR,ERR,ERR,ERR,ERR,ERR,ERR,ERR,ERR,ERR,ERR,ERR,ERR,ERR,ERR,ERR,ERR,ERR,ERR,ERR,ERR,ERR,ERR,ERR,ERR,ERR,ERR,ERR,ERR,ERR,ERR,ERR,ERR,ERR,ERR,ERR,ERR,ERR,ERR,ERR,ERR,ERR,ERR,ERR,ERR,ERR,ERR,ERR,ERR,ERR,ERR,ERR,ERR,ERR,ERR,ERR,ERR,ERR,ERR,ERR,ERR,ERR,ERR,ERR,ERR,ERR,ERR,ERR,ERR,ERR,ERR,ERR,ERR,ERR,ERR,ERR,ERR,ERR,ERR,ERR,ERR,ERR,ERR,ERR,ERR,ERR,ERR,ERR,ERR,ERR,ERR,ERR,ERR,ERR,0.0,0.0,2.6474777903227054e+23,0.0,0.0,1.3936040501711995e+18,7.805,0.0,0,0,4,0,7300,-0.0,0,0.0,0.0,0.0,0.0,0.0,0,0,0,0,0.0,0,0,0,0,0,0,0,0,0,0,0,0,0,0,0,0,0,0,0,0,0,0,0,0,0,0,0,0,0,0,0,0,0,32,30,30,62,65476,0,300,0,0,8,21553,0.0,-107605600.0,0.0,0.0,0.0,0.0,0.0,0.0,0.0,0.0,0.0,0.0,0.0,0.0,0.0,0.0,0.0,0.0,0.0,0.0,0.0,0.0,2.004,-0.0,-2.004,-0.0,0.0,0.0,0.0,0.0,5405.0,-0.0,6962.0,0.0,0.0,0.0,0.0,0.0,0.0,0.0,0.0,63,-71.63,-71.63,0.0,0.0,0.0,0.0,0.0,0.0,0.0,0,0,0,0.0,0.0,0.0,0.0,0.0,0.0,0.0,0.0,0.0,0.0,0.0,0.0,0.0,0.0,0.0,0.0,0,-107875648.0,63,0.0,126,2.7184242562605685e+23,-0.0,ERR,ERR,ERR,ERR,ERR,ERR,ERR,ERR,ERR,ERR,ERR,ERR,ERR,ERR,ERR,ERR,ERR,ERR,ERR,ERR,ERR,ERR,ERR,ERR,ERR,ERR,ERR,ERR,ERR,ERR,ERR,ERR,ERR,ERR,ERR,ERR,ERR,ERR,ERR,ERR,ERR,ERR,ERR,ERR,ERR,ERR,ERR,ERR,ERR,ERR,ERR,ERR,ERR,ERR,ERR,ERR,ERR,ERR,ERR,ERR,ERR,ERR,ERR,ERR,ERR,ERR,ERR,34.0,80.0,35,0.0,0.0,0.0,0.0,0.0,0.0,0.0,0.0,0.0,0.0,0.0,0.0,0.0,0.0,0.0,0.0,64.4,0,117,56,50,65476,0,300,0,0,8,20529,65476,0,0,57672,80.0,0.0,0.0,0.0,0.0,0.0
2026-06-17T04:00:39,ERR,ERR,ERR,ERR,ERR,ERR,ERR,ERR,ERR,ERR,ERR,ERR,ERR,ERR,ERR,ERR,ERR,ERR,ERR,ERR,ERR,ERR,ERR,ERR,ERR,ERR,ERR,ERR,ERR,ERR,ERR,ERR,ERR,ERR,ERR,ERR,ERR,ERR,ERR,ERR,ERR,ERR,ERR,ERR,ERR,ERR,ERR,ERR,ERR,ERR,ERR,ERR,ERR,ERR,ERR,ERR,ERR,ERR,ERR,ERR,ERR,ERR,ERR,ERR,ERR,ERR,ERR,ERR,ERR,ERR,ERR,ERR,ERR,ERR,ERR,ERR,ERR,ERR,ERR,ERR,ERR,ERR,ERR,ERR,ERR,ERR,ERR,ERR,ERR,ERR,ERR,ERR,ERR,ERR,ERR,ERR,ERR,ERR,ERR,ERR,ERR,ERR,ERR,ERR,ERR,ERR,ERR,ERR,ERR,ERR,ERR,ERR,ERR,ERR,ERR,ERR,ERR,ERR,ERR,ERR,ERR,ERR,ERR,ERR,ERR,0.0,0.0,2.6474777903227054e+23,0.0,0.0,1.3936040501711995e+18,7.805,0.0,0,0,4,0,7300,-0.0,0,0.0,0.0,0.0,0.0,0.0,0,0,0,0,0.0,0,0,0,0,0,0,0,0,0,0,0,0,0,0,0,0,0,0,0,0,0,0,0,0,0,0,0,0,0,0,0,0,0,32,30,30,62,65476,0,300,0,0,8,21553,0.0,-107605600.0,0.0,0.0,0.0,0.0,0.0,0.0,0.0,0.0,0.0,0.0,0.0,0.0,0.0,0.0,0.0,0.0,0.0,0.0,0.0,0.0,2.004,-0.0,-2.004,-0.0,0.0,0.0,0.0,0.0,5404.0,3.697191411280511e+19,6956.0,0.0,0.0,0.0,0.0,0.0,0.0,0.0,0.0,63,-126841077760.0,-0.0,0.0,0.0,0.0,0.0,0.0,0.0,0.0,0,0,0,0.0,0.0,0.0,0.0,0.0,0.0,0.0,0.0,0.0,0.0,0.0,0.0,0.0,0.0,0.0,0.0,0,-107875648.0,63,0.0,126,2.7184242562605685e+23,-109447136.0,ERR,ERR,ERR,ERR,ERR,ERR,ERR,ERR,ERR,ERR,ERR,ERR,ERR,ERR,ERR,ERR,ERR,ERR,ERR,ERR,ERR,ERR,ERR,ERR,ERR,ERR,ERR,ERR,ERR,ERR,ERR,ERR,ERR,ERR,ERR,ERR,ERR,ERR,ERR,ERR,ERR,ERR,ERR,ERR,ERR,ERR,ERR,ERR,ERR,ERR,ERR,ERR,ERR,ERR,ERR,ERR,ERR,ERR,ERR,ERR,ERR,ERR,ERR,ERR,ERR,ERR,ERR,34.0,80.0,35,0.0,0.0,0.0,0.0,0.0,0.0,0.0,0.0,0.0,0.0,0.0,0.0,0.0,0.0,0.0,0.0,64.4,0,117,56,50,65476,0,300,0,0,8,20529,65476,0,0,57672,80.0,0.0,0.0,0.0,0.0,0.0
2026-06-17T04:00:40,ERR,ERR,ERR,ERR,ERR,ERR,ERR,ERR,ERR,ERR,ERR,ERR,ERR,ERR,ERR,ERR,ERR,ERR,ERR,ERR,ERR,ERR,ERR,ERR,ERR,ERR,ERR,ERR,ERR,ERR,ERR,ERR,ERR,ERR,ERR,ERR,ERR,ERR,ERR,ERR,ERR,ERR,ERR,ERR,ERR,ERR,ERR,ERR,ERR,ERR,ERR,ERR,ERR,ERR,ERR,ERR,ERR,ERR,ERR,ERR,ERR,ERR,ERR,ERR,ERR,ERR,ERR,ERR,ERR,ERR,ERR,ERR,ERR,ERR,ERR,ERR,ERR,ERR,ERR,ERR,ERR,ERR,ERR,ERR,ERR,ERR,ERR,ERR,ERR,ERR,ERR,ERR,ERR,ERR,ERR,ERR,ERR,ERR,ERR,ERR,ERR,ERR,ERR,ERR,ERR,ERR,ERR,ERR,ERR,ERR,ERR,ERR,ERR,ERR,ERR,ERR,ERR,ERR,ERR,ERR,ERR,ERR,ERR,ERR,ERR,0.0,0.0,2.6474777903227054e+23,0.0,0.0,1.3936040501711995e+18,7.805,0.0,0,0,4,0,7300,-0.0,0,0.0,0.0,0.0,0.0,0.0,0,0,0,0,0.0,0,0,0,0,0,0,0,0,0,0,0,0,0,0,0,0,0,0,0,0,0,0,0,0,0,0,0,0,0,0,0,0,0,32,30,30,62,65476,0,300,0,0,8,21553,0.0,-107605600.0,0.0,0.0,0.0,0.0,0.0,0.0,0.0,0.0,0.0,0.0,0.0,0.0,0.0,0.0,0.0,0.0,0.0,0.0,0.0,0.0,2.004,-0.0,-2.004,-0.0,0.0,0.0,0.0,0.0,5404.0,3.697191411280511e+19,6956.0,0.0,0.0,0.0,0.0,0.0,0.0,0.0,0.0,63,-126841077760.0,-0.0,0.0,0.0,0.0,0.0,0.0,0.0,0.0,0,0,0,0.0,0.0,0.0,0.0,0.0,0.0,0.0,0.0,0.0,0.0,0.0,0.0,0.0,0.0,0.0,0.0,0,-107875648.0,63,0.0,126,2.7184242562605685e+23,-109447136.0,ERR,ERR,ERR,ERR,ERR,ERR,ERR,ERR,ERR,ERR,ERR,ERR,ERR,ERR,ERR,ERR,ERR,ERR,ERR,ERR,ERR,ERR,ERR,ERR,ERR,ERR,ERR,ERR,ERR,ERR,ERR,ERR,ERR,ERR,ERR,ERR,ERR,ERR,ERR,ERR,ERR,ERR,ERR,ERR,ERR,ERR,ERR,ERR,ERR,ERR,ERR,ERR,ERR,ERR,ERR,ERR,ERR,ERR,ERR,ERR,ERR,ERR,ERR,ERR,ERR,ERR,ERR,34.0,80.0,35,0.0,0.0,0.0,0.0,0.0,0.0,0.0,0.0,0.0,0.0,0.0,0.0,0.0,0.0,0.0,0.0,64.4,0,117,56,50,65476,0,300,0,0,8,20529,65476,0,0,57672,80.0,0.0,0.0,0.0,0.0,0.0
2026-06-17T04:00:41,ERR,ERR,ERR,ERR,ERR,ERR,ERR,ERR,ERR,ERR,ERR,ERR,ERR,ERR,ERR,ERR,ERR,ERR,ERR,ERR,ERR,ERR,ERR,ERR,ERR,ERR,ERR,ERR,ERR,ERR,ERR,ERR,ERR,ERR,ERR,ERR,ERR,ERR,ERR,ERR,ERR,ERR,ERR,ERR,ERR,ERR,ERR,ERR,ERR,ERR,ERR,ERR,ERR,ERR,ERR,ERR,ERR,ERR,ERR,ERR,ERR,ERR,ERR,ERR,ERR,ERR,ERR,ERR,ERR,ERR,ERR,ERR,ERR,ERR,ERR,ERR,ERR,ERR,ERR,ERR,ERR,ERR,ERR,ERR,ERR,ERR,ERR,ERR,ERR,ERR,ERR,ERR,ERR,ERR,ERR,ERR,ERR,ERR,ERR,ERR,ERR,ERR,ERR,ERR,ERR,ERR,ERR,ERR,ERR,ERR,ERR,ERR,ERR,ERR,ERR,ERR,ERR,ERR,ERR,ERR,ERR,ERR,ERR,ERR,ERR,0.0,0.0,2.6474777903227054e+23,0.0,0.0,1.3936040501711995e+18,7.805,0.0,0,0,4,0,7300,-0.0,0,0.0,0.0,0.0,0.0,0.0,0,0,0,0,0.0,0,0,0,0,0,0,0,0,0,0,0,0,0,0,0,0,0,0,0,0,0,0,0,0,0,0,0,0,0,0,0,0,0,32,30,30,62,65476,0,300,0,0,8,21553,0.0,-107605600.0,0.0,0.0,0.0,0.0,0.0,0.0,0.0,0.0,0.0,0.0,0.0,0.0,0.0,0.0,0.0,0.0,0.0,0.0,0.0,0.0,2.004,-0.0,-2.004,-0.0,0.0,0.0,0.0,0.0,5404.0,3.697191411280511e+19,6956.0,0.0,0.0,0.0,0.0,0.0,0.0,0.0,0.0,63,-126841077760.0,-0.0,0.0,0.0,0.0,0.0,0.0,0.0,0.0,0,0,0,0.0,0.0,0.0,0.0,0.0,0.0,0.0,0.0,0.0,0.0,0.0,0.0,0.0,0.0,0.0,0.0,0,-107875648.0,63,0.0,126,2.7184242562605685e+23,-109447136.0,ERR,ERR,ERR,ERR,ERR,ERR,ERR,ERR,ERR,ERR,ERR,ERR,ERR,ERR,ERR,ERR,ERR,ERR,ERR,ERR,ERR,ERR,ERR,ERR,ERR,ERR,ERR,ERR,ERR,ERR,ERR,ERR,ERR,ERR,ERR,ERR,ERR,ERR,ERR,ERR,ERR,ERR,ERR,ERR,ERR,ERR,ERR,ERR,ERR,ERR,ERR,ERR,ERR,ERR,ERR,ERR,ERR,ERR,ERR,ERR,ERR,ERR,ERR,ERR,ERR,ERR,ERR,34.0,80.0,35,0.0,0.0,0.0,0.0,0.0,0.0,0.0,0.0,0.0,0.0,0.0,0.0,0.0,0.0,0.0,0.0,64.4,0,117,56,50,65476,0,300,0,0,8,20529,65476,0,0,57672,80.0,0.0,0.0,0.0,0.0,0.0
2026-06-17T04:00:42,ERR,ERR,ERR,ERR,ERR,ERR,ERR,ERR,ERR,ERR,ERR,ERR,ERR,ERR,ERR,ERR,ERR,ERR,ERR,ERR,ERR,ERR,ERR,ERR,ERR,ERR,ERR,ERR,ERR,ERR,ERR,ERR,ERR,ERR,ERR,ERR,ERR,ERR,ERR,ERR,ERR,ERR,ERR,ERR,ERR,ERR,ERR,ERR,ERR,ERR,ERR,ERR,ERR,ERR,ERR,ERR,ERR,ERR,ERR,ERR,ERR,ERR,ERR,ERR,ERR,ERR,ERR,ERR,ERR,ERR,ERR,ERR,ERR,ERR,ERR,ERR,ERR,ERR,ERR,ERR,ERR,ERR,ERR,ERR,ERR,ERR,ERR,ERR,ERR,ERR,ERR,ERR,ERR,ERR,ERR,ERR,ERR,ERR,ERR,ERR,ERR,ERR,ERR,ERR,ERR,ERR,ERR,ERR,ERR,ERR,ERR,ERR,ERR,ERR,ERR,ERR,ERR,ERR,ERR,ERR,ERR,ERR,ERR,ERR,ERR,0.0,0.0,2.6474777903227054e+23,0.0,0.0,1.3936040501711995e+18,7.805,0.0,0,0,4,0,7300,-0.0,0,0.0,0.0,0.0,0.0,0.0,0,0,0,0,0.0,0,0,0,0,0,0,0,0,0,0,0,0,0,0,0,0,0,0,0,0,0,0,0,0,0,0,0,0,0,0,0,0,0,32,30,30,62,65476,0,300,0,0,8,21553,0.0,-107605600.0,0.0,0.0,0.0,0.0,0.0,0.0,0.0,0.0,0.0,0.0,0.0,0.0,0.0,0.0,0.0,0.0,0.0,0.0,0.0,0.0,2.004,-0.0,-2.004,-0.0,0.0,0.0,0.0,0.0,5404.0,3.697191411280511e+19,6956.0,0.0,0.0,0.0,0.0,0.0,0.0,0.0,0.0,63,-126841077760.0,-0.0,0.0,0.0,0.0,0.0,0.0,0.0,0.0,0,0,0,0.0,0.0,0.0,0.0,0.0,0.0,0.0,0.0,0.0,0.0,0.0,0.0,0.0,0.0,0.0,0.0,0,-107875648.0,63,0.0,126,2.7184242562605685e+23,-109447136.0,ERR,ERR,ERR,ERR,ERR,ERR,ERR,ERR,ERR,ERR,ERR,ERR,ERR,ERR,ERR,ERR,ERR,ERR,ERR,ERR,ERR,ERR,ERR,ERR,ERR,ERR,ERR,ERR,ERR,ERR,ERR,ERR,ERR,ERR,ERR,ERR,ERR,ERR,ERR,ERR,ERR,ERR,ERR,ERR,ERR,ERR,ERR,ERR,ERR,ERR,ERR,ERR,ERR,ERR,ERR,ERR,ERR,ERR,ERR,ERR,ERR,ERR,ERR,ERR,ERR,ERR,ERR,34.0,80.0,35,0.0,0.0,0.0,0.0,0.0,0.0,0.0,0.0,0.0,0.0,0.0,0.0,0.0,0.0,0.0,0.0,64.4,0,117,56,50,65476,0,300,0,0,8,20529,65476,0,0,57672,80.0,0.0,0.0,0.0,0.0,0.0
2026-06-17T04:00:43,ERR,ERR,ERR,ERR,ERR,ERR,ERR,ERR,ERR,ERR,ERR,ERR,ERR,ERR,ERR,ERR,ERR,ERR,ERR,ERR,ERR,ERR,ERR,ERR,ERR,ERR,ERR,ERR,ERR,ERR,ERR,ERR,ERR,ERR,ERR,ERR,ERR,ERR,ERR,ERR,ERR,ERR,ERR,ERR,ERR,ERR,ERR,ERR,ERR,ERR,ERR,ERR,ERR,ERR,ERR,ERR,ERR,ERR,ERR,ERR,ERR,ERR,ERR,ERR,ERR,ERR,ERR,ERR,ERR,ERR,ERR,ERR,ERR,ERR,ERR,ERR,ERR,ERR,ERR,ERR,ERR,ERR,ERR,ERR,ERR,ERR,ERR,ERR,ERR,ERR,ERR,ERR,ERR,ERR,ERR,ERR,ERR,ERR,ERR,ERR,ERR,ERR,ERR,ERR,ERR,ERR,ERR,ERR,ERR,ERR,ERR,ERR,ERR,ERR,ERR,ERR,ERR,ERR,ERR,ERR,ERR,ERR,ERR,ERR,ERR,0.0,0.0,2.6474777903227054e+23,0.0,0.0,1.3936040501711995e+18,7.805,0.0,0,0,4,0,7300,-0.0,0,0.0,0.0,0.0,0.0,0.0,0,0,0,0,0.0,0,0,0,0,0,0,0,0,0,0,0,0,0,0,0,0,0,0,0,0,0,0,0,0,0,0,0,0,0,0,0,0,0,32,30,30,62,65476,0,300,0,0,8,21553,0.0,-107605600.0,0.0,0.0,0.0,0.0,0.0,0.0,0.0,0.0,0.0,0.0,0.0,0.0,0.0,0.0,0.0,0.0,0.0,0.0,0.0,0.0,2.004,-0.0,-2.004,-0.0,0.0,0.0,0.0,0.0,5404.0,3.697191411280511e+19,6956.0,0.0,0.0,0.0,0.0,0.0,0.0,0.0,0.0,63,-126841077760.0,-0.0,0.0,0.0,0.0,0.0,0.0,0.0,0.0,0,0,0,0.0,0.0,0.0,0.0,0.0,0.0,0.0,0.0,0.0,0.0,0.0,0.0,0.0,0.0,0.0,0.0,0,-107875648.0,63,0.0,126,2.7184242562605685e+23,-109447136.0,ERR,ERR,ERR,ERR,ERR,ERR,ERR,ERR,ERR,ERR,ERR,ERR,ERR,ERR,ERR,ERR,ERR,ERR,ERR,ERR,ERR,ERR,ERR,ERR,ERR,ERR,ERR,ERR,ERR,ERR,ERR,ERR,ERR,ERR,ERR,ERR,ERR,ERR,ERR,ERR,ERR,ERR,ERR,ERR,ERR,ERR,ERR,ERR,ERR,ERR,ERR,ERR,ERR,ERR,ERR,ERR,ERR,ERR,ERR,ERR,ERR,ERR,ERR,ERR,ERR,ERR,ERR,34.0,80.0,35,0.0,0.0,0.0,0.0,0.0,0.0,0.0,0.0,0.0,0.0,0.0,0.0,0.0,0.0,0.0,0.0,64.4,0,117,56,50,65476,0,300,0,0,8,20529,65476,0,0,57672,80.0,0.0,0.0,0.0,0.0,0.0
2026-06-17T04:00:44,ERR,ERR,ERR,ERR,ERR,ERR,ERR,ERR,ERR,ERR,ERR,ERR,ERR,ERR,ERR,ERR,ERR,ERR,ERR,ERR,ERR,ERR,ERR,ERR,ERR,ERR,ERR,ERR,ERR,ERR,ERR,ERR,ERR,ERR,ERR,ERR,ERR,ERR,ERR,ERR,ERR,ERR,ERR,ERR,ERR,ERR,ERR,ERR,ERR,ERR,ERR,ERR,ERR,ERR,ERR,ERR,ERR,ERR,ERR,ERR,ERR,ERR,ERR,ERR,ERR,ERR,ERR,ERR,ERR,ERR,ERR,ERR,ERR,ERR,ERR,ERR,ERR,ERR,ERR,ERR,ERR,ERR,ERR,ERR,ERR,ERR,ERR,ERR,ERR,ERR,ERR,ERR,ERR,ERR,ERR,ERR,ERR,ERR,ERR,ERR,ERR,ERR,ERR,ERR,ERR,ERR,ERR,ERR,ERR,ERR,ERR,ERR,ERR,ERR,ERR,ERR,ERR,ERR,ERR,ERR,ERR,ERR,ERR,ERR,ERR,0.0,0.0,2.6474777903227054e+23,0.0,0.0,1.3936040501711995e+18,7.805,0.0,0,0,4,0,7300,-0.0,0,0.0,0.0,0.0,0.0,0.0,0,0,0,0,0.0,0,0,0,0,0,0,0,0,0,0,0,0,0,0,0,0,0,0,0,0,0,0,0,0,0,0,0,0,0,0,0,0,0,32,30,30,62,65476,0,300,0,0,8,21553,0.0,-107605600.0,0.0,0.0,0.0,0.0,0.0,0.0,0.0,0.0,0.0,0.0,0.0,0.0,0.0,0.0,0.0,0.0,0.0,0.0,0.0,0.0,2.004,-0.0,-2.004,-0.0,0.0,0.0,0.0,0.0,5404.0,3.697191411280511e+19,6956.0,0.0,0.0,0.0,0.0,0.0,0.0,0.0,0.0,63,-126841077760.0,-0.0,0.0,0.0,0.0,0.0,0.0,0.0,0.0,0,0,0,0.0,0.0,0.0,0.0,0.0,0.0,0.0,0.0,0.0,0.0,0.0,0.0,0.0,0.0,0.0,0.0,0,-107875648.0,63,0.0,126,2.7184242562605685e+23,-109447136.0,ERR,ERR,ERR,ERR,ERR,ERR,ERR,ERR,ERR,ERR,ERR,ERR,ERR,ERR,ERR,ERR,ERR,ERR,ERR,ERR,ERR,ERR,ERR,ERR,ERR,ERR,ERR,ERR,ERR,ERR,ERR,ERR,ERR,ERR,ERR,ERR,ERR,ERR,ERR,ERR,ERR,ERR,ERR,ERR,ERR,ERR,ERR,ERR,ERR,ERR,ERR,ERR,ERR,ERR,ERR,ERR,ERR,ERR,ERR,ERR,ERR,ERR,ERR,ERR,ERR,ERR,ERR,34.0,80.0,35,0.0,0.0,0.0,0.0,0.0,0.0,0.0,0.0,0.0,0.0,0.0,0.0,0.0,0.0,0.0,0.0,64.4,0,117,56,50,65476,0,300,0,0,8,20529,65476,0,0,57672,80.0,0.0,0.0,0.0,0.0,0.0
2026-06-17T04:00:45,ERR,ERR,ERR,ERR,ERR,ERR,ERR,ERR,ERR,ERR,ERR,ERR,ERR,ERR,ERR,ERR,ERR,ERR,ERR,ERR,ERR,ERR,ERR,ERR,ERR,ERR,ERR,ERR,ERR,ERR,ERR,ERR,ERR,ERR,ERR,ERR,ERR,ERR,ERR,ERR,ERR,ERR,ERR,ERR,ERR,ERR,ERR,ERR,ERR,ERR,ERR,ERR,ERR,ERR,ERR,ERR,ERR,ERR,ERR,ERR,ERR,ERR,ERR,ERR,ERR,ERR,ERR,ERR,ERR,ERR,ERR,ERR,ERR,ERR,ERR,ERR,ERR,ERR,ERR,ERR,ERR,ERR,ERR,ERR,ERR,ERR,ERR,ERR,ERR,ERR,ERR,ERR,ERR,ERR,ERR,ERR,ERR,ERR,ERR,ERR,ERR,ERR,ERR,ERR,ERR,ERR,ERR,ERR,ERR,ERR,ERR,ERR,ERR,ERR,ERR,ERR,ERR,ERR,ERR,ERR,ERR,ERR,ERR,ERR,ERR,0.0,0.0,2.6474777903227054e+23,0.0,0.0,1.3936040501711995e+18,7.805,0.0,0,0,4,0,7300,-0.0,0,0.0,0.0,0.0,0.0,0.0,0,0,0,0,0.0,0,0,0,0,0,0,0,0,0,0,0,0,0,0,0,0,0,0,0,0,0,0,0,0,0,0,0,0,0,0,0,0,0,32,30,30,62,65476,0,300,0,0,8,21553,0.0,-107605600.0,0.0,0.0,0.0,0.0,0.0,0.0,0.0,0.0,0.0,0.0,0.0,0.0,0.0,0.0,0.0,0.0,0.0,0.0,0.0,0.0,2.004,-0.0,-0.0,-0.0,0.0,0.0,0.0,0.0,5406.0,2.4229913632967957e+24,6957.0,0.0,0.0,-107615280.0,0.0,0.0,0.0,0.0,0.0,63,-1.905697261480837e+17,4.066859324854333e+29,0.0,0.0,0.0,0.0,0.0,0.0,0.0,0,0,0,0.0,0.0,0.0,0.0,0.0,0.0,0.0,0.0,0.0,0.0,0.0,0.0,0.0,0.0,0.0,0.0,0,-107875648.0,63,0.0,126,2.7184242562605685e+23,-0.0,ERR,ERR,ERR,ERR,ERR,ERR,ERR,ERR,ERR,ERR,ERR,ERR,ERR,ERR,ERR,ERR,ERR,ERR,ERR,ERR,ERR,ERR,ERR,ERR,ERR,ERR,ERR,ERR,ERR,ERR,ERR,ERR,ERR,ERR,ERR,ERR,ERR,ERR,ERR,ERR,ERR,ERR,ERR,ERR,ERR,ERR,ERR,ERR,ERR,ERR,ERR,ERR,ERR,ERR,ERR,ERR,ERR,ERR,ERR,ERR,ERR,ERR,ERR,ERR,ERR,ERR,ERR,34.0,80.0,35,0.0,0.0,0.0,0.0,0.0,0.0,0.0,0.0,0.0,0.0,0.0,0.0,0.0,0.0,0.0,0.0,64.4,0,117,56,50,65476,0,300,0,0,8,20529,65476,0,0,57672,80.0,0.0,0.0,0.0,0.0,0.0
2026-06-17T04:00:46,ERR,ERR,ERR,ERR,ERR,ERR,ERR,ERR,ERR,ERR,ERR,ERR,ERR,ERR,ERR,ERR,ERR,ERR,ERR,ERR,ERR,ERR,ERR,ERR,ERR,ERR,ERR,ERR,ERR,ERR,ERR,ERR,ERR,ERR,ERR,ERR,ERR,ERR,ERR,ERR,ERR,ERR,ERR,ERR,ERR,ERR,ERR,ERR,ERR,ERR,ERR,ERR,ERR,ERR,ERR,ERR,ERR,ERR,ERR,ERR,ERR,ERR,ERR,ERR,ERR,ERR,ERR,ERR,ERR,ERR,ERR,ERR,ERR,ERR,ERR,ERR,ERR,ERR,ERR,ERR,ERR,ERR,ERR,ERR,ERR,ERR,ERR,ERR,ERR,ERR,ERR,ERR,ERR,ERR,ERR,ERR,ERR,ERR,ERR,ERR,ERR,ERR,ERR,ERR,ERR,ERR,ERR,ERR,ERR,ERR,ERR,ERR,ERR,ERR,ERR,ERR,ERR,ERR,ERR,ERR,ERR,ERR,ERR,ERR,ERR,0.0,0.0,2.6474777903227054e+23,0.0,0.0,1.3936040501711995e+18,7.805,0.0,0,0,4,0,7300,-0.0,0,0.0,0.0,0.0,0.0,0.0,0,0,0,0,0.0,0,0,0,0,0,0,0,0,0,0,0,0,0,0,0,0,0,0,0,0,0,0,0,0,0,0,0,0,0,0,0,0,0,32,30,30,62,65476,0,300,0,0,8,21553,0.0,-107605600.0,0.0,0.0,0.0,0.0,0.0,0.0,0.0,0.0,0.0,0.0,0.0,0.0,0.0,0.0,0.0,0.0,0.0,0.0,0.0,0.0,2.004,-0.0,-0.0,-0.0,0.0,0.0,0.0,0.0,5406.0,2.4229913632967957e+24,6957.0,0.0,0.0,-107615280.0,0.0,0.0,0.0,0.0,0.0,63,-1.905697261480837e+17,4.066859324854333e+29,0.0,0.0,0.0,0.0,0.0,0.0,0.0,0,0,0,0.0,0.0,0.0,0.0,0.0,0.0,0.0,0.0,0.0,0.0,0.0,0.0,0.0,0.0,0.0,0.0,0,-107875648.0,63,0.0,126,2.7184242562605685e+23,-0.0,ERR,ERR,ERR,ERR,ERR,ERR,ERR,ERR,ERR,ERR,ERR,ERR,ERR,ERR,ERR,ERR,ERR,ERR,ERR,ERR,ERR,ERR,ERR,ERR,ERR,ERR,ERR,ERR,ERR,ERR,ERR,ERR,ERR,ERR,ERR,ERR,ERR,ERR,ERR,ERR,ERR,ERR,ERR,ERR,ERR,ERR,ERR,ERR,ERR,ERR,ERR,ERR,ERR,ERR,ERR,ERR,ERR,ERR,ERR,ERR,ERR,ERR,ERR,ERR,ERR,ERR,ERR,34.0,80.0,35,0.0,0.0,0.0,0.0,0.0,0.0,0.0,0.0,0.0,0.0,0.0,0.0,0.0,0.0,0.0,0.0,64.8,0,117,56,50,65476,0,300,0,0,8,20529,65476,0,0,57672,80.0,0.0,0.0,0.0,0.0,0.0
2026-06-17T04:00:47,ERR,ERR,ERR,ERR,ERR,ERR,ERR,ERR,ERR,ERR,ERR,ERR,ERR,ERR,ERR,ERR,ERR,ERR,ERR,ERR,ERR,ERR,ERR,ERR,ERR,ERR,ERR,ERR,ERR,ERR,ERR,ERR,ERR,ERR,ERR,ERR,ERR,ERR,ERR,ERR,ERR,ERR,ERR,ERR,ERR,ERR,ERR,ERR,ERR,ERR,ERR,ERR,ERR,ERR,ERR,ERR,ERR,ERR,ERR,ERR,ERR,ERR,ERR,ERR,ERR,ERR,ERR,ERR,ERR,ERR,ERR,ERR,ERR,ERR,ERR,ERR,ERR,ERR,ERR,ERR,ERR,ERR,ERR,ERR,ERR,ERR,ERR,ERR,ERR,ERR,ERR,ERR,ERR,ERR,ERR,ERR,ERR,ERR,ERR,ERR,ERR,ERR,ERR,ERR,ERR,ERR,ERR,ERR,ERR,ERR,ERR,ERR,ERR,ERR,ERR,ERR,ERR,ERR,ERR,ERR,ERR,ERR,ERR,ERR,ERR,0.0,0.0,2.6474777903227054e+23,0.0,0.0,1.3936040501711995e+18,7.805,0.0,0,0,4,0,7300,-0.0,0,0.0,0.0,0.0,0.0,0.0,0,0,0,0,0.0,0,0,0,0,0,0,0,0,0,0,0,0,0,0,0,0,0,0,0,0,0,0,0,0,0,0,0,0,0,0,0,0,0,32,30,30,62,65476,0,300,0,0,8,21553,0.0,-107605600.0,0.0,0.0,0.0,0.0,0.0,0.0,0.0,0.0,0.0,0.0,0.0,0.0,0.0,0.0,0.0,0.0,0.0,0.0,0.0,0.0,2.004,-0.0,-0.0,-0.0,0.0,0.0,0.0,0.0,5406.0,2.4229913632967957e+24,6957.0,0.0,0.0,-107615280.0,0.0,0.0,0.0,0.0,0.0,63,-1.905697261480837e+17,4.066859324854333e+29,0.0,0.0,0.0,0.0,0.0,0.0,0.0,0,0,0,0.0,0.0,0.0,0.0,0.0,0.0,0.0,0.0,0.0,0.0,0.0,0.0,0.0,0.0,0.0,0.0,0,-107875648.0,63,0.0,126,2.7184242562605685e+23,-0.0,ERR,ERR,ERR,ERR,ERR,ERR,ERR,ERR,ERR,ERR,ERR,ERR,ERR,ERR,ERR,ERR,ERR,ERR,ERR,ERR,ERR,ERR,ERR,ERR,ERR,ERR,ERR,ERR,ERR,ERR,ERR,ERR,ERR,ERR,ERR,ERR,ERR,ERR,ERR,ERR,ERR,ERR,ERR,ERR,ERR,ERR,ERR,ERR,ERR,ERR,ERR,ERR,ERR,ERR,ERR,ERR,ERR,ERR,ERR,ERR,ERR,ERR,ERR,ERR,ERR,ERR,ERR,34.0,80.0,35,0.0,0.0,0.0,0.0,0.0,0.0,0.0,0.0,0.0,0.0,0.0,0.0,0.0,0.0,0.0,0.0,64.8,0,117,56,50,65476,0,300,0,0,8,20529,65476,0,0,57672,80.0,0.0,0.0,0.0,0.0,0.0
2026-06-17T04:00:48,ERR,ERR,ERR,ERR,ERR,ERR,ERR,ERR,ERR,ERR,ERR,ERR,ERR,ERR,ERR,ERR,ERR,ERR,ERR,ERR,ERR,ERR,ERR,ERR,ERR,ERR,ERR,ERR,ERR,ERR,ERR,ERR,ERR,ERR,ERR,ERR,ERR,ERR,ERR,ERR,ERR,ERR,ERR,ERR,ERR,ERR,ERR,ERR,ERR,ERR,ERR,ERR,ERR,ERR,ERR,ERR,ERR,ERR,ERR,ERR,ERR,ERR,ERR,ERR,ERR,ERR,ERR,ERR,ERR,ERR,ERR,ERR,ERR,ERR,ERR,ERR,ERR,ERR,ERR,ERR,ERR,ERR,ERR,ERR,ERR,ERR,ERR,ERR,ERR,ERR,ERR,ERR,ERR,ERR,ERR,ERR,ERR,ERR,ERR,ERR,ERR,ERR,ERR,ERR,ERR,ERR,ERR,ERR,ERR,ERR,ERR,ERR,ERR,ERR,ERR,ERR,ERR,ERR,ERR,ERR,ERR,ERR,ERR,ERR,ERR,0.0,0.0,2.6474777903227054e+23,0.0,0.0,1.3936040501711995e+18,7.805,0.0,0,0,4,0,7300,-0.0,0,0.0,0.0,0.0,0.0,0.0,0,0,0,0,0.0,0,0,0,0,0,0,0,0,0,0,0,0,0,0,0,0,0,0,0,0,0,0,0,0,0,0,0,0,0,0,0,0,0,32,30,30,62,65476,0,300,0,0,8,21553,0.0,-107605600.0,0.0,0.0,0.0,0.0,0.0,0.0,0.0,0.0,0.0,0.0,0.0,0.0,0.0,0.0,0.0,0.0,0.0,0.0,0.0,0.0,2.004,-0.0,-0.0,-0.0,0.0,0.0,0.0,0.0,5406.0,2.4229913632967957e+24,6957.0,0.0,0.0,-107615280.0,0.0,0.0,0.0,0.0,0.0,63,-1.905697261480837e+17,4.066859324854333e+29,0.0,0.0,0.0,0.0,0.0,0.0,0.0,0,0,0,0.0,0.0,0.0,0.0,0.0,0.0,0.0,0.0,0.0,0.0,0.0,0.0,0.0,0.0,0.0,0.0,0,-107875648.0,63,0.0,126,2.7184242562605685e+23,-0.0,ERR,ERR,ERR,ERR,ERR,ERR,ERR,ERR,ERR,ERR,ERR,ERR,ERR,ERR,ERR,ERR,ERR,ERR,ERR,ERR,ERR,ERR,ERR,ERR,ERR,ERR,ERR,ERR,ERR,ERR,ERR,ERR,ERR,ERR,ERR,ERR,ERR,ERR,ERR,ERR,ERR,ERR,ERR,ERR,ERR,ERR,ERR,ERR,ERR,ERR,ERR,ERR,ERR,ERR,ERR,ERR,ERR,ERR,ERR,ERR,ERR,ERR,ERR,ERR,ERR,ERR,ERR,34.0,80.0,35,0.0,0.0,0.0,0.0,0.0,0.0,0.0,0.0,0.0,0.0,0.0,0.0,0.0,0.0,0.0,0.0,64.4,0,117,56,50,65476,0,300,0,0,8,20529,65476,0,0,57672,80.0,0.0,0.0,0.0,0.0,0.0
2026-06-17T04:00:49,ERR,ERR,ERR,ERR,ERR,ERR,ERR,ERR,ERR,ERR,ERR,ERR,ERR,ERR,ERR,ERR,ERR,ERR,ERR,ERR,ERR,ERR,ERR,ERR,ERR,ERR,ERR,ERR,ERR,ERR,ERR,ERR,ERR,ERR,ERR,ERR,ERR,ERR,ERR,ERR,ERR,ERR,ERR,ERR,ERR,ERR,ERR,ERR,ERR,ERR,ERR,ERR,ERR,ERR,ERR,ERR,ERR,ERR,ERR,ERR,ERR,ERR,ERR,ERR,ERR,ERR,ERR,ERR,ERR,ERR,ERR,ERR,ERR,ERR,ERR,ERR,ERR,ERR,ERR,ERR,ERR,ERR,ERR,ERR,ERR,ERR,ERR,ERR,ERR,ERR,ERR,ERR,ERR,ERR,ERR,ERR,ERR,ERR,ERR,ERR,ERR,ERR,ERR,ERR,ERR,ERR,ERR,ERR,ERR,ERR,ERR,ERR,ERR,ERR,ERR,ERR,ERR,ERR,ERR,ERR,ERR,ERR,ERR,ERR,ERR,0.0,0.0,2.6474777903227054e+23,0.0,0.0,1.3936040501711995e+18,7.805,0.0,0,0,4,0,7300,-0.0,0,0.0,0.0,0.0,0.0,0.0,0,0,0,0,0.0,0,0,0,0,0,0,0,0,0,0,0,0,0,0,0,0,0,0,0,0,0,0,0,0,0,0,0,0,0,0,0,0,0,32,30,30,62,65476,0,300,0,0,8,21553,0.0,-107605600.0,0.0,0.0,0.0,0.0,0.0,0.0,0.0,0.0,0.0,0.0,0.0,0.0,0.0,0.0,0.0,0.0,0.0,0.0,0.0,0.0,2.004,-0.0,-0.0,-0.0,0.0,0.0,0.0,0.0,5406.0,2.4229913632967957e+24,6957.0,0.0,0.0,-107615280.0,0.0,0.0,0.0,0.0,0.0,63,-1.905697261480837e+17,4.066859324854333e+29,0.0,0.0,0.0,0.0,0.0,0.0,0.0,0,0,0,0.0,0.0,0.0,0.0,0.0,0.0,0.0,0.0,0.0,0.0,0.0,0.0,0.0,0.0,0.0,0.0,0,-107875648.0,63,0.0,126,2.7184242562605685e+23,-0.0,ERR,ERR,ERR,ERR,ERR,ERR,ERR,ERR,ERR,ERR,ERR,ERR,ERR,ERR,ERR,ERR,ERR,ERR,ERR,ERR,ERR,ERR,ERR,ERR,ERR,ERR,ERR,ERR,ERR,ERR,ERR,ERR,ERR,ERR,ERR,ERR,ERR,ERR,ERR,ERR,ERR,ERR,ERR,ERR,ERR,ERR,ERR,ERR,ERR,ERR,ERR,ERR,ERR,ERR,ERR,ERR,ERR,ERR,ERR,ERR,ERR,ERR,ERR,ERR,ERR,ERR,ERR,34.0,80.0,35,0.0,0.0,0.0,0.0,0.0,0.0,0.0,0.0,0.0,0.0,0.0,0.0,0.0,0.0,0.0,0.0,64.4,0,117,56,50,65476,0,300,0,0,8,20529,65476,0,0,57672,80.0,0.0,0.0,0.0,0.0,0.0
2026-06-17T04:00:50,ERR,ERR,ERR,ERR,ERR,ERR,ERR,ERR,ERR,ERR,ERR,ERR,ERR,ERR,ERR,ERR,ERR,ERR,ERR,ERR,ERR,ERR,ERR,ERR,ERR,ERR,ERR,ERR,ERR,ERR,ERR,ERR,ERR,ERR,ERR,ERR,ERR,ERR,ERR,ERR,ERR,ERR,ERR,ERR,ERR,ERR,ERR,ERR,ERR,ERR,ERR,ERR,ERR,ERR,ERR,ERR,ERR,ERR,ERR,ERR,ERR,ERR,ERR,ERR,ERR,ERR,ERR,ERR,ERR,ERR,ERR,ERR,ERR,ERR,ERR,ERR,ERR,ERR,ERR,ERR,ERR,ERR,ERR,ERR,ERR,ERR,ERR,ERR,ERR,ERR,ERR,ERR,ERR,ERR,ERR,ERR,ERR,ERR,ERR,ERR,ERR,ERR,ERR,ERR,ERR,ERR,ERR,ERR,ERR,ERR,ERR,ERR,ERR,ERR,ERR,ERR,ERR,ERR,ERR,ERR,ERR,ERR,ERR,ERR,ERR,0.0,0.0,2.6474777903227054e+23,0.0,0.0,1.3936040501711995e+18,7.805,0.0,0,0,4,0,7300,-0.0,0,0.0,0.0,0.0,0.0,0.0,0,0,0,0,0.0,0,0,0,0,0,0,0,0,0,0,0,0,0,0,0,0,0,0,0,0,0,0,0,0,0,0,0,0,0,0,0,0,0,32,30,30,62,65476,0,300,0,0,8,21553,0.0,-107605600.0,0.0,0.0,0.0,0.0,0.0,0.0,0.0,0.0,0.0,0.0,0.0,0.0,0.0,0.0,0.0,0.0,0.0,0.0,0.0,0.0,2.004,-0.0,-0.0,-0.0,0.0,0.0,0.0,0.0,5406.0,8608194560.0,6954.0,0.0,0.0,0.0,0.0,0.0,0.0,0.0,0.0,63,-152018387730432.0,4.066859324854333e+29,0.0,0.0,0.0,0.0,0.0,0.0,0.0,0,0,0,0.0,0.0,0.0,0.0,0.0,0.0,0.0,0.0,0.0,0.0,0.0,0.0,0.0,0.0,0.0,0.0,0,-107875648.0,63,0.0,126,2.7184242562605685e+23,-0.0,ERR,ERR,ERR,ERR,ERR,ERR,ERR,ERR,ERR,ERR,ERR,ERR,ERR,ERR,ERR,ERR,ERR,ERR,ERR,ERR,ERR,ERR,ERR,ERR,ERR,ERR,ERR,ERR,ERR,ERR,ERR,ERR,ERR,ERR,ERR,ERR,ERR,ERR,ERR,ERR,ERR,ERR,ERR,ERR,ERR,ERR,ERR,ERR,ERR,ERR,ERR,ERR,ERR,ERR,ERR,ERR,ERR,ERR,ERR,ERR,ERR,ERR,ERR,ERR,ERR,ERR,ERR,34.0,80.0,35,0.0,0.0,0.0,0.0,0.0,0.0,0.0,0.0,0.0,0.0,0.0,0.0,0.0,0.0,0.0,0.0,64.4,0,117,56,50,65476,0,300,0,0,8,20529,65476,0,0,57672,80.0,0.0,0.0,0.0,0.0,0.0
2026-06-17T04:00:51,ERR,ERR,ERR,ERR,ERR,ERR,ERR,ERR,ERR,ERR,ERR,ERR,ERR,ERR,ERR,ERR,ERR,ERR,ERR,ERR,ERR,ERR,ERR,ERR,ERR,ERR,ERR,ERR,ERR,ERR,ERR,ERR,ERR,ERR,ERR,ERR,ERR,ERR,ERR,ERR,ERR,ERR,ERR,ERR,ERR,ERR,ERR,ERR,ERR,ERR,ERR,ERR,ERR,ERR,ERR,ERR,ERR,ERR,ERR,ERR,ERR,ERR,ERR,ERR,ERR,ERR,ERR,ERR,ERR,ERR,ERR,ERR,ERR,ERR,ERR,ERR,ERR,ERR,ERR,ERR,ERR,ERR,ERR,ERR,ERR,ERR,ERR,ERR,ERR,ERR,ERR,ERR,ERR,ERR,ERR,ERR,ERR,ERR,ERR,ERR,ERR,ERR,ERR,ERR,ERR,ERR,ERR,ERR,ERR,ERR,ERR,ERR,ERR,ERR,ERR,ERR,ERR,ERR,ERR,ERR,ERR,ERR,ERR,ERR,ERR,0.0,0.0,2.6474777903227054e+23,0.0,0.0,1.3936040501711995e+18,7.805,0.0,0,0,4,0,7300,-0.0,0,0.0,0.0,0.0,0.0,0.0,0,0,0,0,0.0,0,0,0,0,0,0,0,0,0,0,0,0,0,0,0,0,0,0,0,0,0,0,0,0,0,0,0,0,0,0,0,0,0,32,30,30,62,65476,0,300,0,0,8,21553,0.0,-107605600.0,0.0,0.0,0.0,0.0,0.0,0.0,0.0,0.0,0.0,0.0,0.0,0.0,0.0,0.0,0.0,0.0,0.0,0.0,0.0,0.0,2.004,-0.0,-0.0,-0.0,0.0,0.0,0.0,0.0,5406.0,8608194560.0,6954.0,0.0,0.0,0.0,0.0,0.0,0.0,0.0,0.0,63,-152018387730432.0,4.066859324854333e+29,0.0,0.0,0.0,0.0,0.0,0.0,0.0,0,0,0,0.0,0.0,0.0,0.0,0.0,0.0,0.0,0.0,0.0,0.0,0.0,0.0,0.0,0.0,0.0,0.0,0,-107875648.0,63,0.0,126,2.7184242562605685e+23,-0.0,ERR,ERR,ERR,ERR,ERR,ERR,ERR,ERR,ERR,ERR,ERR,ERR,ERR,ERR,ERR,ERR,ERR,ERR,ERR,ERR,ERR,ERR,ERR,ERR,ERR,ERR,ERR,ERR,ERR,ERR,ERR,ERR,ERR,ERR,ERR,ERR,ERR,ERR,ERR,ERR,ERR,ERR,ERR,ERR,ERR,ERR,ERR,ERR,ERR,ERR,ERR,ERR,ERR,ERR,ERR,ERR,ERR,ERR,ERR,ERR,ERR,ERR,ERR,ERR,ERR,ERR,ERR,34.0,80.0,35,0.0,0.0,0.0,0.0,0.0,0.0,0.0,0.0,0.0,0.0,0.0,0.0,0.0,0.0,0.0,0.0,64.8,0,117,56,50,65476,0,300,0,0,8,20529,65476,0,0,57672,80.0,0.0,0.0,0.0,0.0,0.0
2026-06-17T04:00:52,ERR,ERR,ERR,ERR,ERR,ERR,ERR,ERR,ERR,ERR,ERR,ERR,ERR,ERR,ERR,ERR,ERR,ERR,ERR,ERR,ERR,ERR,ERR,ERR,ERR,ERR,ERR,ERR,ERR,ERR,ERR,ERR,ERR,ERR,ERR,ERR,ERR,ERR,ERR,ERR,ERR,ERR,ERR,ERR,ERR,ERR,ERR,ERR,ERR,ERR,ERR,ERR,ERR,ERR,ERR,ERR,ERR,ERR,ERR,ERR,ERR,ERR,ERR,ERR,ERR,ERR,ERR,ERR,ERR,ERR,ERR,ERR,ERR,ERR,ERR,ERR,ERR,ERR,ERR,ERR,ERR,ERR,ERR,ERR,ERR,ERR,ERR,ERR,ERR,ERR,ERR,ERR,ERR,ERR,ERR,ERR,ERR,ERR,ERR,ERR,ERR,ERR,ERR,ERR,ERR,ERR,ERR,ERR,ERR,ERR,ERR,ERR,ERR,ERR,ERR,ERR,ERR,ERR,ERR,ERR,ERR,ERR,ERR,ERR,ERR,0.0,0.0,2.6474777903227054e+23,0.0,0.0,1.3936040501711995e+18,7.805,0.0,0,0,4,0,7300,-0.0,0,0.0,0.0,0.0,0.0,0.0,0,0,0,0,0.0,0,0,0,0,0,0,0,0,0,0,0,0,0,0,0,0,0,0,0,0,0,0,0,0,0,0,0,0,0,0,0,0,0,32,30,30,62,65476,0,300,0,0,8,21553,0.0,-107605600.0,0.0,0.0,0.0,0.0,0.0,0.0,0.0,0.0,0.0,0.0,0.0,0.0,0.0,0.0,0.0,0.0,0.0,0.0,0.0,0.0,2.004,-0.0,-0.0,-0.0,0.0,0.0,0.0,0.0,5406.0,8608194560.0,6954.0,0.0,0.0,0.0,0.0,0.0,0.0,0.0,0.0,63,-152018387730432.0,4.066859324854333e+29,0.0,0.0,0.0,0.0,0.0,0.0,0.0,0,0,0,0.0,0.0,0.0,0.0,0.0,0.0,0.0,0.0,0.0,0.0,0.0,0.0,0.0,0.0,0.0,0.0,0,-107875648.0,63,0.0,126,2.7184242562605685e+23,-0.0,ERR,ERR,ERR,ERR,ERR,ERR,ERR,ERR,ERR,ERR,ERR,ERR,ERR,ERR,ERR,ERR,ERR,ERR,ERR,ERR,ERR,ERR,ERR,ERR,ERR,ERR,ERR,ERR,ERR,ERR,ERR,ERR,ERR,ERR,ERR,ERR,ERR,ERR,ERR,ERR,ERR,ERR,ERR,ERR,ERR,ERR,ERR,ERR,ERR,ERR,ERR,ERR,ERR,ERR,ERR,ERR,ERR,ERR,ERR,ERR,ERR,ERR,ERR,ERR,ERR,ERR,ERR,34.0,80.0,35,0.0,0.0,0.0,0.0,0.0,0.0,0.0,0.0,0.0,0.0,0.0,0.0,0.0,0.0,0.0,0.0,64.8,0,117,56,50,65476,0,300,0,0,8,20529,65476,0,0,57672,80.0,0.0,0.0,0.0,0.0,0.0
2026-06-17T04:00:53,ERR,ERR,ERR,ERR,ERR,ERR,ERR,ERR,ERR,ERR,ERR,ERR,ERR,ERR,ERR,ERR,ERR,ERR,ERR,ERR,ERR,ERR,ERR,ERR,ERR,ERR,ERR,ERR,ERR,ERR,ERR,ERR,ERR,ERR,ERR,ERR,ERR,ERR,ERR,ERR,ERR,ERR,ERR,ERR,ERR,ERR,ERR,ERR,ERR,ERR,ERR,ERR,ERR,ERR,ERR,ERR,ERR,ERR,ERR,ERR,ERR,ERR,ERR,ERR,ERR,ERR,ERR,ERR,ERR,ERR,ERR,ERR,ERR,ERR,ERR,ERR,ERR,ERR,ERR,ERR,ERR,ERR,ERR,ERR,ERR,ERR,ERR,ERR,ERR,ERR,ERR,ERR,ERR,ERR,ERR,ERR,ERR,ERR,ERR,ERR,ERR,ERR,ERR,ERR,ERR,ERR,ERR,ERR,ERR,ERR,ERR,ERR,ERR,ERR,ERR,ERR,ERR,ERR,ERR,ERR,ERR,ERR,ERR,ERR,ERR,0.0,0.0,2.6474777903227054e+23,0.0,0.0,1.3936040501711995e+18,7.805,0.0,0,0,4,0,7300,-0.0,0,0.0,0.0,0.0,0.0,0.0,0,0,0,0,0.0,0,0,0,0,0,0,0,0,0,0,0,0,0,0,0,0,0,0,0,0,0,0,0,0,0,0,0,0,0,0,0,0,0,32,30,30,62,65476,0,300,0,0,8,21553,0.0,-107605600.0,0.0,0.0,0.0,0.0,0.0,0.0,0.0,0.0,0.0,0.0,0.0,0.0,0.0,0.0,0.0,0.0,0.0,0.0,0.0,0.0,2.004,-0.0,-0.0,-0.0,0.0,0.0,0.0,0.0,5406.0,8608194560.0,6954.0,0.0,0.0,0.0,0.0,0.0,0.0,0.0,0.0,63,-152018387730432.0,4.066859324854333e+29,0.0,0.0,0.0,0.0,0.0,0.0,0.0,0,0,0,0.0,0.0,0.0,0.0,0.0,0.0,0.0,0.0,0.0,0.0,0.0,0.0,0.0,0.0,0.0,0.0,0,-107875648.0,63,0.0,126,2.7184242562605685e+23,-0.0,ERR,ERR,ERR,ERR,ERR,ERR,ERR,ERR,ERR,ERR,ERR,ERR,ERR,ERR,ERR,ERR,ERR,ERR,ERR,ERR,ERR,ERR,ERR,ERR,ERR,ERR,ERR,ERR,ERR,ERR,ERR,ERR,ERR,ERR,ERR,ERR,ERR,ERR,ERR,ERR,ERR,ERR,ERR,ERR,ERR,ERR,ERR,ERR,ERR,ERR,ERR,ERR,ERR,ERR,ERR,ERR,ERR,ERR,ERR,ERR,ERR,ERR,ERR,ERR,ERR,ERR,ERR,34.0,80.0,35,0.0,0.0,0.0,0.0,0.0,0.0,0.0,0.0,0.0,0.0,0.0,0.0,0.0,0.0,0.0,0.0,64.4,0,117,56,50,65476,0,300,0,0,8,20529,65476,0,0,57672,80.0,0.0,0.0,0.0,0.0,0.0
2026-06-17T04:00:54,ERR,ERR,ERR,ERR,ERR,ERR,ERR,ERR,ERR,ERR,ERR,ERR,ERR,ERR,ERR,ERR,ERR,ERR,ERR,ERR,ERR,ERR,ERR,ERR,ERR,ERR,ERR,ERR,ERR,ERR,ERR,ERR,ERR,ERR,ERR,ERR,ERR,ERR,ERR,ERR,ERR,ERR,ERR,ERR,ERR,ERR,ERR,ERR,ERR,ERR,ERR,ERR,ERR,ERR,ERR,ERR,ERR,ERR,ERR,ERR,ERR,ERR,ERR,ERR,ERR,ERR,ERR,ERR,ERR,ERR,ERR,ERR,ERR,ERR,ERR,ERR,ERR,ERR,ERR,ERR,ERR,ERR,ERR,ERR,ERR,ERR,ERR,ERR,ERR,ERR,ERR,ERR,ERR,ERR,ERR,ERR,ERR,ERR,ERR,ERR,ERR,ERR,ERR,ERR,ERR,ERR,ERR,ERR,ERR,ERR,ERR,ERR,ERR,ERR,ERR,ERR,ERR,ERR,ERR,ERR,ERR,ERR,ERR,ERR,ERR,0.0,0.0,2.6474777903227054e+23,0.0,0.0,1.3936040501711995e+18,7.805,0.0,0,0,4,0,7300,-0.0,0,0.0,0.0,0.0,0.0,0.0,0,0,0,0,0.0,0,0,0,0,0,0,0,0,0,0,0,0,0,0,0,0,0,0,0,0,0,0,0,0,0,0,0,0,0,0,0,0,0,32,30,30,62,65476,0,300,0,0,8,21553,0.0,-107605600.0,0.0,0.0,0.0,0.0,0.0,0.0,0.0,0.0,0.0,0.0,0.0,0.0,0.0,0.0,0.0,0.0,0.0,0.0,0.0,0.0,2.004,-0.0,-0.0,-0.0,0.0,0.0,0.0,0.0,5406.0,8608194560.0,6954.0,0.0,0.0,0.0,0.0,0.0,0.0,0.0,0.0,63,-152018387730432.0,4.066859324854333e+29,0.0,0.0,0.0,0.0,0.0,0.0,0.0,0,0,0,0.0,0.0,0.0,0.0,0.0,0.0,0.0,0.0,0.0,0.0,0.0,0.0,0.0,0.0,0.0,0.0,0,-107875648.0,63,0.0,126,2.7184242562605685e+23,-0.0,ERR,ERR,ERR,ERR,ERR,ERR,ERR,ERR,ERR,ERR,ERR,ERR,ERR,ERR,ERR,ERR,ERR,ERR,ERR,ERR,ERR,ERR,ERR,ERR,ERR,ERR,ERR,ERR,ERR,ERR,ERR,ERR,ERR,ERR,ERR,ERR,ERR,ERR,ERR,ERR,ERR,ERR,ERR,ERR,ERR,ERR,ERR,ERR,ERR,ERR,ERR,ERR,ERR,ERR,ERR,ERR,ERR,ERR,ERR,ERR,ERR,ERR,ERR,ERR,ERR,ERR,ERR,34.0,80.0,35,0.0,0.0,0.0,0.0,0.0,0.0,0.0,0.0,0.0,0.0,0.0,0.0,0.0,0.0,0.0,0.0,64.4,0,117,56,50,65476,0,300,0,0,8,20529,65476,0,0,57672,80.0,0.0,0.0,0.0,0.0,0.0
2026-06-17T04:00:55,ERR,ERR,ERR,ERR,ERR,ERR,ERR,ERR,ERR,ERR,ERR,ERR,ERR,ERR,ERR,ERR,ERR,ERR,ERR,ERR,ERR,ERR,ERR,ERR,ERR,ERR,ERR,ERR,ERR,ERR,ERR,ERR,ERR,ERR,ERR,ERR,ERR,ERR,ERR,ERR,ERR,ERR,ERR,ERR,ERR,ERR,ERR,ERR,ERR,ERR,ERR,ERR,ERR,ERR,ERR,ERR,ERR,ERR,ERR,ERR,ERR,ERR,ERR,ERR,ERR,ERR,ERR,ERR,ERR,ERR,ERR,ERR,ERR,ERR,ERR,ERR,ERR,ERR,ERR,ERR,ERR,ERR,ERR,ERR,ERR,ERR,ERR,ERR,ERR,ERR,ERR,ERR,ERR,ERR,ERR,ERR,ERR,ERR,ERR,ERR,ERR,ERR,ERR,ERR,ERR,ERR,ERR,ERR,ERR,ERR,ERR,ERR,ERR,ERR,ERR,ERR,ERR,ERR,ERR,ERR,ERR,ERR,ERR,ERR,ERR,0.0,0.0,2.6474777903227054e+23,0.0,0.0,1.3936040501711995e+18,7.805,0.0,0,0,4,0,7300,-0.0,0,0.0,0.0,0.0,0.0,0.0,0,0,0,0,0.0,0,0,0,0,0,0,0,0,0,0,0,0,0,0,0,0,0,0,0,0,0,0,0,0,0,0,0,0,0,0,0,0,0,32,30,30,62,65476,0,300,0,0,8,21553,0.0,-107605600.0,0.0,0.0,0.0,0.0,0.0,0.0,0.0,0.0,0.0,0.0,0.0,0.0,0.0,0.0,0.0,0.0,0.0,0.0,0.0,0.0,2.004,-0.0,-2.004,-0.0,0.0,0.0,0.0,0.0,5404.0,3.697191411280511e+19,6956.0,0.0,0.0,-107615280.0,0.0,0.0,0.0,0.0,0.0,63,-107615312.0,-0.0,0.0,0.0,0.0,0.0,0.0,0.0,0.0,0,0,0,0.0,0.0,0.0,0.0,0.0,0.0,0.0,0.0,0.0,0.0,0.0,0.0,0.0,0.0,0.0,0.0,0,-107875648.0,63,0.0,126,2.7184242562605685e+23,-109447136.0,ERR,ERR,ERR,ERR,ERR,ERR,ERR,ERR,ERR,ERR,ERR,ERR,ERR,ERR,ERR,ERR,ERR,ERR,ERR,ERR,ERR,ERR,ERR,ERR,ERR,ERR,ERR,ERR,ERR,ERR,ERR,ERR,ERR,ERR,ERR,ERR,ERR,ERR,ERR,ERR,ERR,ERR,ERR,ERR,ERR,ERR,ERR,ERR,ERR,ERR,ERR,ERR,ERR,ERR,ERR,ERR,ERR,ERR,ERR,ERR,ERR,ERR,ERR,ERR,ERR,ERR,ERR,34.0,80.0,35,0.0,0.0,0.0,0.0,0.0,0.0,0.0,0.0,0.0,0.0,0.0,0.0,0.0,0.0,0.0,0.0,64.4,0,117,56,50,65476,0,300,0,0,8,20529,65476,0,0,57672,80.0,0.0,0.0,0.0,0.0,0.0
2026-06-17T04:00:56,ERR,ERR,ERR,ERR,ERR,ERR,ERR,ERR,ERR,ERR,ERR,ERR,ERR,ERR,ERR,ERR,ERR,ERR,ERR,ERR,ERR,ERR,ERR,ERR,ERR,ERR,ERR,ERR,ERR,ERR,ERR,ERR,ERR,ERR,ERR,ERR,ERR,ERR,ERR,ERR,ERR,ERR,ERR,ERR,ERR,ERR,ERR,ERR,ERR,ERR,ERR,ERR,ERR,ERR,ERR,ERR,ERR,ERR,ERR,ERR,ERR,ERR,ERR,ERR,ERR,ERR,ERR,ERR,ERR,ERR,ERR,ERR,ERR,ERR,ERR,ERR,ERR,ERR,ERR,ERR,ERR,ERR,ERR,ERR,ERR,ERR,ERR,ERR,ERR,ERR,ERR,ERR,ERR,ERR,ERR,ERR,ERR,ERR,ERR,ERR,ERR,ERR,ERR,ERR,ERR,ERR,ERR,ERR,ERR,ERR,ERR,ERR,ERR,ERR,ERR,ERR,ERR,ERR,ERR,ERR,ERR,ERR,ERR,ERR,ERR,0.0,0.0,2.6474777903227054e+23,0.0,0.0,1.3936040501711995e+18,7.805,0.0,0,0,4,0,7300,-0.0,0,0.0,0.0,0.0,0.0,0.0,0,0,0,0,0.0,0,0,0,0,0,0,0,0,0,0,0,0,0,0,0,0,0,0,0,0,0,0,0,0,0,0,0,0,0,0,0,0,0,32,30,30,62,65476,0,300,0,0,8,21553,0.0,-107605600.0,0.0,0.0,0.0,0.0,0.0,0.0,0.0,0.0,0.0,0.0,0.0,0.0,0.0,0.0,0.0,0.0,0.0,0.0,0.0,0.0,2.004,-0.0,-2.004,-0.0,0.0,0.0,0.0,0.0,5404.0,3.697191411280511e+19,6956.0,0.0,0.0,-107615280.0,0.0,0.0,0.0,0.0,0.0,63,-107615312.0,-0.0,0.0,0.0,0.0,0.0,0.0,0.0,0.0,0,0,0,0.0,0.0,0.0,0.0,0.0,0.0,0.0,0.0,0.0,0.0,0.0,0.0,0.0,0.0,0.0,0.0,0,-107875648.0,63,0.0,126,2.7184242562605685e+23,-109447136.0,ERR,ERR,ERR,ERR,ERR,ERR,ERR,ERR,ERR,ERR,ERR,ERR,ERR,ERR,ERR,ERR,ERR,ERR,ERR,ERR,ERR,ERR,ERR,ERR,ERR,ERR,ERR,ERR,ERR,ERR,ERR,ERR,ERR,ERR,ERR,ERR,ERR,ERR,ERR,ERR,ERR,ERR,ERR,ERR,ERR,ERR,ERR,ERR,ERR,ERR,ERR,ERR,ERR,ERR,ERR,ERR,ERR,ERR,ERR,ERR,ERR,ERR,ERR,ERR,ERR,ERR,ERR,34.0,80.0,35,0.0,0.0,0.0,0.0,0.0,0.0,0.0,0.0,0.0,0.0,0.0,0.0,0.0,0.0,0.0,0.0,64.4,0,117,56,50,65476,0,300,0,0,8,20529,65476,0,0,57672,80.0,0.0,0.0,0.0,0.0,0.0
2026-06-17T04:00:57,ERR,ERR,ERR,ERR,ERR,ERR,ERR,ERR,ERR,ERR,ERR,ERR,ERR,ERR,ERR,ERR,ERR,ERR,ERR,ERR,ERR,ERR,ERR,ERR,ERR,ERR,ERR,ERR,ERR,ERR,ERR,ERR,ERR,ERR,ERR,ERR,ERR,ERR,ERR,ERR,ERR,ERR,ERR,ERR,ERR,ERR,ERR,ERR,ERR,ERR,ERR,ERR,ERR,ERR,ERR,ERR,ERR,ERR,ERR,ERR,ERR,ERR,ERR,ERR,ERR,ERR,ERR,ERR,ERR,ERR,ERR,ERR,ERR,ERR,ERR,ERR,ERR,ERR,ERR,ERR,ERR,ERR,ERR,ERR,ERR,ERR,ERR,ERR,ERR,ERR,ERR,ERR,ERR,ERR,ERR,ERR,ERR,ERR,ERR,ERR,ERR,ERR,ERR,ERR,ERR,ERR,ERR,ERR,ERR,ERR,ERR,ERR,ERR,ERR,ERR,ERR,ERR,ERR,ERR,ERR,ERR,ERR,ERR,ERR,ERR,0.0,0.0,2.6474777903227054e+23,0.0,0.0,1.3936040501711995e+18,7.805,0.0,0,0,4,0,7300,-0.0,0,0.0,0.0,0.0,0.0,0.0,0,0,0,0,0.0,0,0,0,0,0,0,0,0,0,0,0,0,0,0,0,0,0,0,0,0,0,0,0,0,0,0,0,0,0,0,0,0,0,32,30,30,62,65476,0,300,0,0,8,21553,0.0,-107605600.0,0.0,0.0,0.0,0.0,0.0,0.0,0.0,0.0,0.0,0.0,0.0,0.0,0.0,0.0,0.0,0.0,0.0,0.0,0.0,0.0,2.004,-0.0,-2.004,-0.0,0.0,0.0,0.0,0.0,5404.0,3.697191411280511e+19,6956.0,0.0,0.0,-107615280.0,0.0,0.0,0.0,0.0,0.0,63,-107615312.0,-0.0,0.0,0.0,0.0,0.0,0.0,0.0,0.0,0,0,0,0.0,0.0,0.0,0.0,0.0,0.0,0.0,0.0,0.0,0.0,0.0,0.0,0.0,0.0,0.0,0.0,0,-107875648.0,63,0.0,126,2.7184242562605685e+23,-109447136.0,ERR,ERR,ERR,ERR,ERR,ERR,ERR,ERR,ERR,ERR,ERR,ERR,ERR,ERR,ERR,ERR,ERR,ERR,ERR,ERR,ERR,ERR,ERR,ERR,ERR,ERR,ERR,ERR,ERR,ERR,ERR,ERR,ERR,ERR,ERR,ERR,ERR,ERR,ERR,ERR,ERR,ERR,ERR,ERR,ERR,ERR,ERR,ERR,ERR,ERR,ERR,ERR,ERR,ERR,ERR,ERR,ERR,ERR,ERR,ERR,ERR,ERR,ERR,ERR,ERR,ERR,ERR,34.0,80.0,35,0.0,0.0,0.0,0.0,0.0,0.0,0.0,0.0,0.0,0.0,0.0,0.0,0.0,0.0,0.0,0.0,64.4,0,117,56,50,65476,0,300,0,0,8,20529,65476,0,0,57672,80.0,0.0,0.0,0.0,0.0,0.0
2026-06-17T04:00:58,ERR,ERR,ERR,ERR,ERR,ERR,ERR,ERR,ERR,ERR,ERR,ERR,ERR,ERR,ERR,ERR,ERR,ERR,ERR,ERR,ERR,ERR,ERR,ERR,ERR,ERR,ERR,ERR,ERR,ERR,ERR,ERR,ERR,ERR,ERR,ERR,ERR,ERR,ERR,ERR,ERR,ERR,ERR,ERR,ERR,ERR,ERR,ERR,ERR,ERR,ERR,ERR,ERR,ERR,ERR,ERR,ERR,ERR,ERR,ERR,ERR,ERR,ERR,ERR,ERR,ERR,ERR,ERR,ERR,ERR,ERR,ERR,ERR,ERR,ERR,ERR,ERR,ERR,ERR,ERR,ERR,ERR,ERR,ERR,ERR,ERR,ERR,ERR,ERR,ERR,ERR,ERR,ERR,ERR,ERR,ERR,ERR,ERR,ERR,ERR,ERR,ERR,ERR,ERR,ERR,ERR,ERR,ERR,ERR,ERR,ERR,ERR,ERR,ERR,ERR,ERR,ERR,ERR,ERR,ERR,ERR,ERR,ERR,ERR,ERR,0.0,0.0,2.6474777903227054e+23,0.0,0.0,1.3936040501711995e+18,7.805,0.0,0,0,4,0,7300,-0.0,0,0.0,0.0,0.0,0.0,0.0,0,0,0,0,0.0,0,0,0,0,0,0,0,0,0,0,0,0,0,0,0,0,0,0,0,0,0,0,0,0,0,0,0,0,0,0,0,0,0,32,30,30,62,65476,0,300,0,0,8,21553,0.0,-107605600.0,0.0,0.0,0.0,0.0,0.0,0.0,0.0,0.0,0.0,0.0,0.0,0.0,0.0,0.0,0.0,0.0,0.0,0.0,0.0,0.0,2.004,-0.0,-2.004,-0.0,0.0,0.0,0.0,0.0,5404.0,3.697191411280511e+19,6956.0,0.0,0.0,-107615280.0,0.0,0.0,0.0,0.0,0.0,63,-107615312.0,-0.0,0.0,0.0,0.0,0.0,0.0,0.0,0.0,0,0,0,0.0,0.0,0.0,0.0,0.0,0.0,0.0,0.0,0.0,0.0,0.0,0.0,0.0,0.0,0.0,0.0,0,-107875648.0,63,0.0,126,2.7184242562605685e+23,-109447136.0,ERR,ERR,ERR,ERR,ERR,ERR,ERR,ERR,ERR,ERR,ERR,ERR,ERR,ERR,ERR,ERR,ERR,ERR,ERR,ERR,ERR,ERR,ERR,ERR,ERR,ERR,ERR,ERR,ERR,ERR,ERR,ERR,ERR,ERR,ERR,ERR,ERR,ERR,ERR,ERR,ERR,ERR,ERR,ERR,ERR,ERR,ERR,ERR,ERR,ERR,ERR,ERR,ERR,ERR,ERR,ERR,ERR,ERR,ERR,ERR,ERR,ERR,ERR,ERR,ERR,ERR,ERR,34.0,80.0,35,0.0,0.0,0.0,0.0,0.0,0.0,0.0,0.0,0.0,0.0,0.0,0.0,0.0,0.0,0.0,0.0,64.4,0,117,56,50,65476,0,300,0,0,8,20529,65476,0,0,57672,80.0,0.0,0.0,0.0,0.0,0.0
2026-06-17T04:00:59,ERR,ERR,ERR,ERR,ERR,ERR,ERR,ERR,ERR,ERR,ERR,ERR,ERR,ERR,ERR,ERR,ERR,ERR,ERR,ERR,ERR,ERR,ERR,ERR,ERR,ERR,ERR,ERR,ERR,ERR,ERR,ERR,ERR,ERR,ERR,ERR,ERR,ERR,ERR,ERR,ERR,ERR,ERR,ERR,ERR,ERR,ERR,ERR,ERR,ERR,ERR,ERR,ERR,ERR,ERR,ERR,ERR,ERR,ERR,ERR,ERR,ERR,ERR,ERR,ERR,ERR,ERR,ERR,ERR,ERR,ERR,ERR,ERR,ERR,ERR,ERR,ERR,ERR,ERR,ERR,ERR,ERR,ERR,ERR,ERR,ERR,ERR,ERR,ERR,ERR,ERR,ERR,ERR,ERR,ERR,ERR,ERR,ERR,ERR,ERR,ERR,ERR,ERR,ERR,ERR,ERR,ERR,ERR,ERR,ERR,ERR,ERR,ERR,ERR,ERR,ERR,ERR,ERR,ERR,ERR,ERR,ERR,ERR,ERR,ERR,0.0,0.0,2.6474777903227054e+23,0.0,0.0,1.3936040501711995e+18,7.805,0.0,0,0,4,0,7300,-0.0,0,0.0,0.0,0.0,0.0,0.0,0,0,0,0,0.0,0,0,0,0,0,0,0,0,0,0,0,0,0,0,0,0,0,0,0,0,0,0,0,0,0,0,0,0,0,0,0,0,0,32,30,30,62,65476,0,300,0,0,8,21553,0.0,-107605600.0,0.0,0.0,0.0,0.0,0.0,0.0,0.0,0.0,0.0,0.0,0.0,0.0,0.0,0.0,0.0,0.0,0.0,0.0,0.0,0.0,2.004,-0.0,-2.004,-0.0,0.0,0.0,0.0,0.0,5404.0,3.697191411280511e+19,6956.0,0.0,0.0,-107615280.0,0.0,0.0,0.0,0.0,0.0,63,-107615312.0,-0.0,0.0,0.0,0.0,0.0,0.0,0.0,0.0,0,0,0,0.0,0.0,0.0,0.0,0.0,0.0,0.0,0.0,0.0,0.0,0.0,0.0,0.0,0.0,0.0,0.0,0,-107875648.0,63,0.0,126,2.7184242562605685e+23,-109447136.0,ERR,ERR,ERR,ERR,ERR,ERR,ERR,ERR,ERR,ERR,ERR,ERR,ERR,ERR,ERR,ERR,ERR,ERR,ERR,ERR,ERR,ERR,ERR,ERR,ERR,ERR,ERR,ERR,ERR,ERR,ERR,ERR,ERR,ERR,ERR,ERR,ERR,ERR,ERR,ERR,ERR,ERR,ERR,ERR,ERR,ERR,ERR,ERR,ERR,ERR,ERR,ERR,ERR,ERR,ERR,ERR,ERR,ERR,ERR,ERR,ERR,ERR,ERR,ERR,ERR,ERR,ERR,34.0,80.0,35,0.0,0.0,0.0,0.0,0.0,0.0,0.0,0.0,0.0,0.0,0.0,0.0,0.0,0.0,0.0,0.0,64.4,0,117,56,50,65476,0,300,0,0,8,20529,65476,0,0,57672,80.0,0.0,0.0,0.0,0.0,0.0
2026-06-17T04:01:00,ERR,ERR,ERR,ERR,ERR,ERR,ERR,ERR,ERR,ERR,ERR,ERR,ERR,ERR,ERR,ERR,ERR,ERR,ERR,ERR,ERR,ERR,ERR,ERR,ERR,ERR,ERR,ERR,ERR,ERR,ERR,ERR,ERR,ERR,ERR,ERR,ERR,ERR,ERR,ERR,ERR,ERR,ERR,ERR,ERR,ERR,ERR,ERR,ERR,ERR,ERR,ERR,ERR,ERR,ERR,ERR,ERR,ERR,ERR,ERR,ERR,ERR,ERR,ERR,ERR,ERR,ERR,ERR,ERR,ERR,ERR,ERR,ERR,ERR,ERR,ERR,ERR,ERR,ERR,ERR,ERR,ERR,ERR,ERR,ERR,ERR,ERR,ERR,ERR,ERR,ERR,ERR,ERR,ERR,ERR,ERR,ERR,ERR,ERR,ERR,ERR,ERR,ERR,ERR,ERR,ERR,ERR,ERR,ERR,ERR,ERR,ERR,ERR,ERR,ERR,ERR,ERR,ERR,ERR,ERR,ERR,ERR,ERR,ERR,ERR,0.0,0.0,2.6474777903227054e+23,0.0,0.0,1.3936040501711995e+18,7.805,0.0,0,0,4,0,7300,-0.0,0,0.0,0.0,0.0,0.0,0.0,0,0,0,0,0.0,0,0,0,0,0,0,0,0,0,0,0,0,0,0,0,0,0,0,0,0,0,0,0,0,0,0,0,0,0,0,0,0,0,32,30,30,62,65476,0,300,0,0,8,21553,0.0,-107605600.0,0.0,0.0,0.0,0.0,0.0,0.0,0.0,0.0,0.0,0.0,0.0,0.0,0.0,0.0,0.0,0.0,0.0,0.0,0.0,0.0,2.004,-0.0,-0.0,-0.0,0.0,0.0,0.0,0.0,5404.0,2.4229913632967957e+24,6957.0,0.0,0.0,0.0,0.0,0.0,0.0,0.0,0.0,63,-107615312.0,-0.0,0.0,0.0,0.0,0.0,0.0,0.0,0.0,0,0,0,0.0,0.0,0.0,0.0,0.0,0.0,0.0,0.0,0.0,0.0,0.0,0.0,0.0,0.0,0.0,0.0,0,-107875648.0,63,0.0,126,2.7184242562605685e+23,-109447136.0,ERR,ERR,ERR,ERR,ERR,ERR,ERR,ERR,ERR,ERR,ERR,ERR,ERR,ERR,ERR,ERR,ERR,ERR,ERR,ERR,ERR,ERR,ERR,ERR,ERR,ERR,ERR,ERR,ERR,ERR,ERR,ERR,ERR,ERR,ERR,ERR,ERR,ERR,ERR,ERR,ERR,ERR,ERR,ERR,ERR,ERR,ERR,ERR,ERR,ERR,ERR,ERR,ERR,ERR,ERR,ERR,ERR,ERR,ERR,ERR,ERR,ERR,ERR,ERR,ERR,ERR,ERR,34.0,80.0,35,0.0,0.0,0.0,0.0,0.0,0.0,0.0,0.0,0.0,0.0,0.0,0.0,0.0,0.0,0.0,0.0,64.4,0,117,56,50,65476,0,300,0,0,8,20529,65476,0,0,57672,80.0,0.0,0.0,0.0,0.0,0.0
2026-06-17T04:01:01,ERR,ERR,ERR,ERR,ERR,ERR,ERR,ERR,ERR,ERR,ERR,ERR,ERR,ERR,ERR,ERR,ERR,ERR,ERR,ERR,ERR,ERR,ERR,ERR,ERR,ERR,ERR,ERR,ERR,ERR,ERR,ERR,ERR,ERR,ERR,ERR,ERR,ERR,ERR,ERR,ERR,ERR,ERR,ERR,ERR,ERR,ERR,ERR,ERR,ERR,ERR,ERR,ERR,ERR,ERR,ERR,ERR,ERR,ERR,ERR,ERR,ERR,ERR,ERR,ERR,ERR,ERR,ERR,ERR,ERR,ERR,ERR,ERR,ERR,ERR,ERR,ERR,ERR,ERR,ERR,ERR,ERR,ERR,ERR,ERR,ERR,ERR,ERR,ERR,ERR,ERR,ERR,ERR,ERR,ERR,ERR,ERR,ERR,ERR,ERR,ERR,ERR,ERR,ERR,ERR,ERR,ERR,ERR,ERR,ERR,ERR,ERR,ERR,ERR,ERR,ERR,ERR,ERR,ERR,ERR,ERR,ERR,ERR,ERR,ERR,0.0,0.0,2.6474777903227054e+23,0.0,0.0,1.3936040501711995e+18,7.805,0.0,0,0,4,0,7300,-0.0,0,0.0,0.0,0.0,0.0,0.0,0,0,0,0,0.0,0,0,0,0,0,0,0,0,0,0,0,0,0,0,0,0,0,0,0,0,0,0,0,0,0,0,0,0,0,0,0,0,0,32,30,30,62,65476,0,300,0,0,8,21553,0.0,-107605600.0,0.0,0.0,0.0,0.0,0.0,0.0,0.0,0.0,0.0,0.0,0.0,0.0,0.0,0.0,0.0,0.0,0.0,0.0,0.0,0.0,2.004,-0.0,-0.0,-0.0,0.0,0.0,0.0,0.0,5404.0,2.4229913632967957e+24,6957.0,0.0,0.0,0.0,0.0,0.0,0.0,0.0,0.0,63,-107615312.0,-0.0,0.0,0.0,0.0,0.0,0.0,0.0,0.0,0,0,0,0.0,0.0,0.0,0.0,0.0,0.0,0.0,0.0,0.0,0.0,0.0,0.0,0.0,0.0,0.0,0.0,0,-107875648.0,63,0.0,126,2.7184242562605685e+23,-109447136.0,ERR,ERR,ERR,ERR,ERR,ERR,ERR,ERR,ERR,ERR,ERR,ERR,ERR,ERR,ERR,ERR,ERR,ERR,ERR,ERR,ERR,ERR,ERR,ERR,ERR,ERR,ERR,ERR,ERR,ERR,ERR,ERR,ERR,ERR,ERR,ERR,ERR,ERR,ERR,ERR,ERR,ERR,ERR,ERR,ERR,ERR,ERR,ERR,ERR,ERR,ERR,ERR,ERR,ERR,ERR,ERR,ERR,ERR,ERR,ERR,ERR,ERR,ERR,ERR,ERR,ERR,ERR,34.0,80.0,35,0.0,0.0,0.0,0.0,0.0,0.0,0.0,0.0,0.0,0.0,0.0,0.0,0.0,0.0,0.0,0.0,64.4,0,117,56,50,65476,0,300,0,0,8,20529,65476,0,0,57672,80.0,0.0,0.0,0.0,0.0,0.0
2026-06-17T04:01:02,ERR,ERR,ERR,ERR,ERR,ERR,ERR,ERR,ERR,ERR,ERR,ERR,ERR,ERR,ERR,ERR,ERR,ERR,ERR,ERR,ERR,ERR,ERR,ERR,ERR,ERR,ERR,ERR,ERR,ERR,ERR,ERR,ERR,ERR,ERR,ERR,ERR,ERR,ERR,ERR,ERR,ERR,ERR,ERR,ERR,ERR,ERR,ERR,ERR,ERR,ERR,ERR,ERR,ERR,ERR,ERR,ERR,ERR,ERR,ERR,ERR,ERR,ERR,ERR,ERR,ERR,ERR,ERR,ERR,ERR,ERR,ERR,ERR,ERR,ERR,ERR,ERR,ERR,ERR,ERR,ERR,ERR,ERR,ERR,ERR,ERR,ERR,ERR,ERR,ERR,ERR,ERR,ERR,ERR,ERR,ERR,ERR,ERR,ERR,ERR,ERR,ERR,ERR,ERR,ERR,ERR,ERR,ERR,ERR,ERR,ERR,ERR,ERR,ERR,ERR,ERR,ERR,ERR,ERR,ERR,ERR,ERR,ERR,ERR,ERR,0.0,0.0,2.6474777903227054e+23,0.0,0.0,1.3936040501711995e+18,7.805,0.0,0,0,4,0,7300,-0.0,0,0.0,0.0,0.0,0.0,0.0,0,0,0,0,0.0,0,0,0,0,0,0,0,0,0,0,0,0,0,0,0,0,0,0,0,0,0,0,0,0,0,0,0,0,0,0,0,0,0,32,30,30,62,65476,0,300,0,0,8,21553,0.0,-107605600.0,0.0,0.0,0.0,0.0,0.0,0.0,0.0,0.0,0.0,0.0,0.0,0.0,0.0,0.0,0.0,0.0,0.0,0.0,0.0,0.0,2.004,-0.0,-0.0,-0.0,0.0,0.0,0.0,0.0,5404.0,2.4229913632967957e+24,6957.0,0.0,0.0,0.0,0.0,0.0,0.0,0.0,0.0,63,-107615312.0,-0.0,0.0,0.0,0.0,0.0,0.0,0.0,0.0,0,0,0,0.0,0.0,0.0,0.0,0.0,0.0,0.0,0.0,0.0,0.0,0.0,0.0,0.0,0.0,0.0,0.0,0,-107875648.0,63,0.0,126,2.7184242562605685e+23,-109447136.0,ERR,ERR,ERR,ERR,ERR,ERR,ERR,ERR,ERR,ERR,ERR,ERR,ERR,ERR,ERR,ERR,ERR,ERR,ERR,ERR,ERR,ERR,ERR,ERR,ERR,ERR,ERR,ERR,ERR,ERR,ERR,ERR,ERR,ERR,ERR,ERR,ERR,ERR,ERR,ERR,ERR,ERR,ERR,ERR,ERR,ERR,ERR,ERR,ERR,ERR,ERR,ERR,ERR,ERR,ERR,ERR,ERR,ERR,ERR,ERR,ERR,ERR,ERR,ERR,ERR,ERR,ERR,34.0,80.0,35,0.0,0.0,0.0,0.0,0.0,0.0,0.0,0.0,0.0,0.0,0.0,0.0,0.0,0.0,0.0,0.0,64.4,0,117,56,50,65476,0,300,0,0,8,20529,65476,0,0,57672,80.0,0.0,0.0,0.0,0.0,0.0
2026-06-17T04:01:03,ERR,ERR,ERR,ERR,ERR,ERR,ERR,ERR,ERR,ERR,ERR,ERR,ERR,ERR,ERR,ERR,ERR,ERR,ERR,ERR,ERR,ERR,ERR,ERR,ERR,ERR,ERR,ERR,ERR,ERR,ERR,ERR,ERR,ERR,ERR,ERR,ERR,ERR,ERR,ERR,ERR,ERR,ERR,ERR,ERR,ERR,ERR,ERR,ERR,ERR,ERR,ERR,ERR,ERR,ERR,ERR,ERR,ERR,ERR,ERR,ERR,ERR,ERR,ERR,ERR,ERR,ERR,ERR,ERR,ERR,ERR,ERR,ERR,ERR,ERR,ERR,ERR,ERR,ERR,ERR,ERR,ERR,ERR,ERR,ERR,ERR,ERR,ERR,ERR,ERR,ERR,ERR,ERR,ERR,ERR,ERR,ERR,ERR,ERR,ERR,ERR,ERR,ERR,ERR,ERR,ERR,ERR,ERR,ERR,ERR,ERR,ERR,ERR,ERR,ERR,ERR,ERR,ERR,ERR,ERR,ERR,ERR,ERR,ERR,ERR,0.0,0.0,2.6474777903227054e+23,0.0,0.0,1.3936040501711995e+18,7.805,0.0,0,0,4,0,7300,-0.0,0,0.0,0.0,0.0,0.0,0.0,0,0,0,0,0.0,0,0,0,0,0,0,0,0,0,0,0,0,0,0,0,0,0,0,0,0,0,0,0,0,0,0,0,0,0,0,0,0,0,32,30,30,62,65476,0,300,0,0,8,21553,0.0,-107605600.0,0.0,0.0,0.0,0.0,0.0,0.0,0.0,0.0,0.0,0.0,0.0,0.0,0.0,0.0,0.0,0.0,0.0,0.0,0.0,0.0,2.004,-0.0,-0.0,-0.0,0.0,0.0,0.0,0.0,5404.0,2.4229913632967957e+24,6957.0,0.0,0.0,0.0,0.0,0.0,0.0,0.0,0.0,63,-107615312.0,-0.0,0.0,0.0,0.0,0.0,0.0,0.0,0.0,0,0,0,0.0,0.0,0.0,0.0,0.0,0.0,0.0,0.0,0.0,0.0,0.0,0.0,0.0,0.0,0.0,0.0,0,-107875648.0,63,0.0,126,2.7184242562605685e+23,-109447136.0,ERR,ERR,ERR,ERR,ERR,ERR,ERR,ERR,ERR,ERR,ERR,ERR,ERR,ERR,ERR,ERR,ERR,ERR,ERR,ERR,ERR,ERR,ERR,ERR,ERR,ERR,ERR,ERR,ERR,ERR,ERR,ERR,ERR,ERR,ERR,ERR,ERR,ERR,ERR,ERR,ERR,ERR,ERR,ERR,ERR,ERR,ERR,ERR,ERR,ERR,ERR,ERR,ERR,ERR,ERR,ERR,ERR,ERR,ERR,ERR,ERR,ERR,ERR,ERR,ERR,ERR,ERR,34.0,80.0,35,0.0,0.0,0.0,0.0,0.0,0.0,0.0,0.0,0.0,0.0,0.0,0.0,0.0,0.0,0.0,0.0,64.4,0,117,56,50,65476,0,300,0,0,8,20529,65476,0,0,57672,80.0,0.0,0.0,0.0,0.0,0.0
2026-06-17T04:01:04,ERR,ERR,ERR,ERR,ERR,ERR,ERR,ERR,ERR,ERR,ERR,ERR,ERR,ERR,ERR,ERR,ERR,ERR,ERR,ERR,ERR,ERR,ERR,ERR,ERR,ERR,ERR,ERR,ERR,ERR,ERR,ERR,ERR,ERR,ERR,ERR,ERR,ERR,ERR,ERR,ERR,ERR,ERR,ERR,ERR,ERR,ERR,ERR,ERR,ERR,ERR,ERR,ERR,ERR,ERR,ERR,ERR,ERR,ERR,ERR,ERR,ERR,ERR,ERR,ERR,ERR,ERR,ERR,ERR,ERR,ERR,ERR,ERR,ERR,ERR,ERR,ERR,ERR,ERR,ERR,ERR,ERR,ERR,ERR,ERR,ERR,ERR,ERR,ERR,ERR,ERR,ERR,ERR,ERR,ERR,ERR,ERR,ERR,ERR,ERR,ERR,ERR,ERR,ERR,ERR,ERR,ERR,ERR,ERR,ERR,ERR,ERR,ERR,ERR,ERR,ERR,ERR,ERR,ERR,ERR,ERR,ERR,ERR,ERR,ERR,0.0,0.0,2.6474777903227054e+23,0.0,0.0,1.3936040501711995e+18,7.805,0.0,0,0,4,0,7300,-0.0,0,0.0,0.0,0.0,0.0,0.0,0,0,0,0,0.0,0,0,0,0,0,0,0,0,0,0,0,0,0,0,0,0,0,0,0,0,0,0,0,0,0,0,0,0,0,0,0,0,0,32,30,30,62,65476,0,300,0,0,8,21553,0.0,-107605600.0,0.0,0.0,0.0,0.0,0.0,0.0,0.0,0.0,0.0,0.0,0.0,0.0,0.0,0.0,0.0,0.0,0.0,0.0,0.0,0.0,2.004,-0.0,-0.0,-0.0,0.0,0.0,0.0,0.0,5404.0,2.4229913632967957e+24,6957.0,0.0,0.0,0.0,0.0,0.0,0.0,0.0,0.0,63,-107615312.0,-0.0,0.0,0.0,0.0,0.0,0.0,0.0,0.0,0,0,0,0.0,0.0,0.0,0.0,0.0,0.0,0.0,0.0,0.0,0.0,0.0,0.0,0.0,0.0,0.0,0.0,0,-107875648.0,63,0.0,126,2.7184242562605685e+23,-109447136.0,ERR,ERR,ERR,ERR,ERR,ERR,ERR,ERR,ERR,ERR,ERR,ERR,ERR,ERR,ERR,ERR,ERR,ERR,ERR,ERR,ERR,ERR,ERR,ERR,ERR,ERR,ERR,ERR,ERR,ERR,ERR,ERR,ERR,ERR,ERR,ERR,ERR,ERR,ERR,ERR,ERR,ERR,ERR,ERR,ERR,ERR,ERR,ERR,ERR,ERR,ERR,ERR,ERR,ERR,ERR,ERR,ERR,ERR,ERR,ERR,ERR,ERR,ERR,ERR,ERR,ERR,ERR,34.0,80.0,35,0.0,0.0,0.0,0.0,0.0,0.0,0.0,0.0,0.0,0.0,0.0,0.0,0.0,0.0,0.0,0.0,64.4,0,117,56,50,65476,0,300,0,0,8,20529,65476,0,0,57672,80.0,0.0,0.0,0.0,0.0,0.0
2026-06-17T04:01:05,ERR,ERR,ERR,ERR,ERR,ERR,ERR,ERR,ERR,ERR,ERR,ERR,ERR,ERR,ERR,ERR,ERR,ERR,ERR,ERR,ERR,ERR,ERR,ERR,ERR,ERR,ERR,ERR,ERR,ERR,ERR,ERR,ERR,ERR,ERR,ERR,ERR,ERR,ERR,ERR,ERR,ERR,ERR,ERR,ERR,ERR,ERR,ERR,ERR,ERR,ERR,ERR,ERR,ERR,ERR,ERR,ERR,ERR,ERR,ERR,ERR,ERR,ERR,ERR,ERR,ERR,ERR,ERR,ERR,ERR,ERR,ERR,ERR,ERR,ERR,ERR,ERR,ERR,ERR,ERR,ERR,ERR,ERR,ERR,ERR,ERR,ERR,ERR,ERR,ERR,ERR,ERR,ERR,ERR,ERR,ERR,ERR,ERR,ERR,ERR,ERR,ERR,ERR,ERR,ERR,ERR,ERR,ERR,ERR,ERR,ERR,ERR,ERR,ERR,ERR,ERR,ERR,ERR,ERR,ERR,ERR,ERR,ERR,ERR,ERR,0.0,0.0,2.6474777903227054e+23,0.0,0.0,1.3936040501711995e+18,7.805,0.0,0,0,4,0,7300,-0.0,0,0.0,0.0,0.0,0.0,0.0,0,0,0,0,0.0,0,0,0,0,0,0,0,0,0,0,0,0,0,0,0,0,0,0,0,0,0,0,0,0,0,0,0,0,0,0,0,0,0,32,30,30,62,65476,0,300,0,0,8,21553,0.0,-107605600.0,0.0,0.0,0.0,0.0,0.0,0.0,0.0,0.0,0.0,0.0,0.0,0.0,0.0,0.0,0.0,0.0,0.0,0.0,0.0,0.0,2.004,-0.0,-0.0,-0.0,0.0,0.0,0.0,0.0,5404.0,2.4229913632967957e+24,6957.0,0.0,0.0,0.0,0.0,0.0,0.0,0.0,0.0,63,-107615312.0,-0.0,0.0,0.0,0.0,0.0,0.0,0.0,0.0,0,0,0,0.0,0.0,0.0,0.0,0.0,0.0,0.0,0.0,0.0,0.0,0.0,0.0,0.0,0.0,0.0,0.0,0,-107875648.0,63,0.0,126,2.7184242562605685e+23,-109447136.0,ERR,ERR,ERR,ERR,ERR,ERR,ERR,ERR,ERR,ERR,ERR,ERR,ERR,ERR,ERR,ERR,ERR,ERR,ERR,ERR,ERR,ERR,ERR,ERR,ERR,ERR,ERR,ERR,ERR,ERR,ERR,ERR,ERR,ERR,ERR,ERR,ERR,ERR,ERR,ERR,ERR,ERR,ERR,ERR,ERR,ERR,ERR,ERR,ERR,ERR,ERR,ERR,ERR,ERR,ERR,ERR,ERR,ERR,ERR,ERR,ERR,ERR,ERR,ERR,ERR,ERR,ERR,34.0,80.0,35,0.0,0.0,0.0,0.0,0.0,0.0,0.0,0.0,0.0,0.0,0.0,0.0,0.0,0.0,0.0,0.0,64.4,0,117,56,50,65476,0,300,0,0,8,20529,65476,0,0,57672,80.0,0.0,0.0,0.0,0.0,0.0
2026-06-17T04:01:06,ERR,ERR,ERR,ERR,ERR,ERR,ERR,ERR,ERR,ERR,ERR,ERR,ERR,ERR,ERR,ERR,ERR,ERR,ERR,ERR,ERR,ERR,ERR,ERR,ERR,ERR,ERR,ERR,ERR,ERR,ERR,ERR,ERR,ERR,ERR,ERR,ERR,ERR,ERR,ERR,ERR,ERR,ERR,ERR,ERR,ERR,ERR,ERR,ERR,ERR,ERR,ERR,ERR,ERR,ERR,ERR,ERR,ERR,ERR,ERR,ERR,ERR,ERR,ERR,ERR,ERR,ERR,ERR,ERR,ERR,ERR,ERR,ERR,ERR,ERR,ERR,ERR,ERR,ERR,ERR,ERR,ERR,ERR,ERR,ERR,ERR,ERR,ERR,ERR,ERR,ERR,ERR,ERR,ERR,ERR,ERR,ERR,ERR,ERR,ERR,ERR,ERR,ERR,ERR,ERR,ERR,ERR,ERR,ERR,ERR,ERR,ERR,ERR,ERR,ERR,ERR,ERR,ERR,ERR,ERR,ERR,ERR,ERR,ERR,ERR,0.0,0.0,2.6474777903227054e+23,0.0,0.0,1.3936040501711995e+18,7.805,0.0,0,0,4,0,7300,-0.0,0,0.0,0.0,0.0,0.0,0.0,0,0,0,0,0.0,0,0,0,0,0,0,0,0,0,0,0,0,0,0,0,0,0,0,0,0,0,0,0,0,0,0,0,0,0,0,0,0,0,32,30,30,62,65476,0,300,0,0,8,21553,0.0,-107605600.0,0.0,0.0,0.0,0.0,0.0,0.0,0.0,0.0,0.0,0.0,0.0,0.0,0.0,0.0,0.0,0.0,0.0,0.0,0.0,0.0,2.004,-0.0,-2.004,-0.0,0.0,0.0,0.0,0.0,5401.0,-0.0,6963.0,0.0,0.0,-107615280.0,0.0,0.0,0.0,0.0,0.0,63,-89221.078,-107614904.0,0.0,0.0,0.0,0.0,0.0,0.0,0.0,0,0,0,0.0,0.0,0.0,0.0,0.0,0.0,0.0,0.0,0.0,0.0,0.0,0.0,0.0,0.0,0.0,0.0,0,-107875648.0,63,0.0,126,2.7184242562605685e+23,-0.0,ERR,ERR,ERR,ERR,ERR,ERR,ERR,ERR,ERR,ERR,ERR,ERR,ERR,ERR,ERR,ERR,ERR,ERR,ERR,ERR,ERR,ERR,ERR,ERR,ERR,ERR,ERR,ERR,ERR,ERR,ERR,ERR,ERR,ERR,ERR,ERR,ERR,ERR,ERR,ERR,ERR,ERR,ERR,ERR,ERR,ERR,ERR,ERR,ERR,ERR,ERR,ERR,ERR,ERR,ERR,ERR,ERR,ERR,ERR,ERR,ERR,ERR,ERR,ERR,ERR,ERR,ERR,34.0,80.0,35,0.0,0.0,0.0,0.0,0.0,0.0,0.0,0.0,0.0,0.0,0.0,0.0,0.0,0.0,0.0,0.0,64.4,0,117,56,50,65476,0,300,0,0,8,20529,65476,0,0,57672,80.0,0.0,0.0,0.0,0.0,0.0
2026-06-17T04:01:07,ERR,ERR,ERR,ERR,ERR,ERR,ERR,ERR,ERR,ERR,ERR,ERR,ERR,ERR,ERR,ERR,ERR,ERR,ERR,ERR,ERR,ERR,ERR,ERR,ERR,ERR,ERR,ERR,ERR,ERR,ERR,ERR,ERR,ERR,ERR,ERR,ERR,ERR,ERR,ERR,ERR,ERR,ERR,ERR,ERR,ERR,ERR,ERR,ERR,ERR,ERR,ERR,ERR,ERR,ERR,ERR,ERR,ERR,ERR,ERR,ERR,ERR,ERR,ERR,ERR,ERR,ERR,ERR,ERR,ERR,ERR,ERR,ERR,ERR,ERR,ERR,ERR,ERR,ERR,ERR,ERR,ERR,ERR,ERR,ERR,ERR,ERR,ERR,ERR,ERR,ERR,ERR,ERR,ERR,ERR,ERR,ERR,ERR,ERR,ERR,ERR,ERR,ERR,ERR,ERR,ERR,ERR,ERR,ERR,ERR,ERR,ERR,ERR,ERR,ERR,ERR,ERR,ERR,ERR,ERR,ERR,ERR,ERR,ERR,ERR,0.0,0.0,2.6474777903227054e+23,0.0,0.0,1.3936040501711995e+18,7.805,0.0,0,0,4,0,7300,-0.0,0,0.0,0.0,0.0,0.0,0.0,0,0,0,0,0.0,0,0,0,0,0,0,0,0,0,0,0,0,0,0,0,0,0,0,0,0,0,0,0,0,0,0,0,0,0,0,0,0,0,32,30,30,62,65476,0,300,0,0,8,21553,0.0,-107605600.0,0.0,0.0,0.0,0.0,0.0,0.0,0.0,0.0,0.0,0.0,0.0,0.0,0.0,0.0,0.0,0.0,0.0,0.0,0.0,0.0,2.004,-0.0,-2.004,-0.0,0.0,0.0,0.0,0.0,5401.0,-0.0,6963.0,0.0,0.0,-107615280.0,0.0,0.0,0.0,0.0,0.0,63,-89221.078,-107614904.0,0.0,0.0,0.0,0.0,0.0,0.0,0.0,0,0,0,0.0,0.0,0.0,0.0,0.0,0.0,0.0,0.0,0.0,0.0,0.0,0.0,0.0,0.0,0.0,0.0,0,-107875648.0,63,0.0,126,2.7184242562605685e+23,-0.0,ERR,ERR,ERR,ERR,ERR,ERR,ERR,ERR,ERR,ERR,ERR,ERR,ERR,ERR,ERR,ERR,ERR,ERR,ERR,ERR,ERR,ERR,ERR,ERR,ERR,ERR,ERR,ERR,ERR,ERR,ERR,ERR,ERR,ERR,ERR,ERR,ERR,ERR,ERR,ERR,ERR,ERR,ERR,ERR,ERR,ERR,ERR,ERR,ERR,ERR,ERR,ERR,ERR,ERR,ERR,ERR,ERR,ERR,ERR,ERR,ERR,ERR,ERR,ERR,ERR,ERR,ERR,34.0,80.0,35,0.0,0.0,0.0,0.0,0.0,0.0,0.0,0.0,0.0,0.0,0.0,0.0,0.0,0.0,0.0,0.0,64.4,0,117,56,50,65476,0,300,0,0,8,20529,65476,0,0,57672,80.0,0.0,0.0,0.0,0.0,0.0
2026-06-17T04:01:08,ERR,ERR,ERR,ERR,ERR,ERR,ERR,ERR,ERR,ERR,ERR,ERR,ERR,ERR,ERR,ERR,ERR,ERR,ERR,ERR,ERR,ERR,ERR,ERR,ERR,ERR,ERR,ERR,ERR,ERR,ERR,ERR,ERR,ERR,ERR,ERR,ERR,ERR,ERR,ERR,ERR,ERR,ERR,ERR,ERR,ERR,ERR,ERR,ERR,ERR,ERR,ERR,ERR,ERR,ERR,ERR,ERR,ERR,ERR,ERR,ERR,ERR,ERR,ERR,ERR,ERR,ERR,ERR,ERR,ERR,ERR,ERR,ERR,ERR,ERR,ERR,ERR,ERR,ERR,ERR,ERR,ERR,ERR,ERR,ERR,ERR,ERR,ERR,ERR,ERR,ERR,ERR,ERR,ERR,ERR,ERR,ERR,ERR,ERR,ERR,ERR,ERR,ERR,ERR,ERR,ERR,ERR,ERR,ERR,ERR,ERR,ERR,ERR,ERR,ERR,ERR,ERR,ERR,ERR,ERR,ERR,ERR,ERR,ERR,ERR,0.0,0.0,2.6474777903227054e+23,0.0,0.0,1.3936040501711995e+18,7.805,0.0,0,0,4,0,7300,-0.0,0,0.0,0.0,0.0,0.0,0.0,0,0,0,0,0.0,0,0,0,0,0,0,0,0,0,0,0,0,0,0,0,0,0,0,0,0,0,0,0,0,0,0,0,0,0,0,0,0,0,32,30,30,62,65476,0,300,0,0,8,21553,0.0,-107605600.0,0.0,0.0,0.0,0.0,0.0,0.0,0.0,0.0,0.0,0.0,0.0,0.0,0.0,0.0,0.0,0.0,0.0,0.0,0.0,0.0,2.004,-0.0,-2.004,-0.0,0.0,0.0,0.0,0.0,5401.0,-0.0,6963.0,0.0,0.0,-107615280.0,0.0,0.0,0.0,0.0,0.0,63,-89221.078,-107614904.0,0.0,0.0,0.0,0.0,0.0,0.0,0.0,0,0,0,0.0,0.0,0.0,0.0,0.0,0.0,0.0,0.0,0.0,0.0,0.0,0.0,0.0,0.0,0.0,0.0,0,-107875648.0,63,0.0,126,2.7184242562605685e+23,-0.0,ERR,ERR,ERR,ERR,ERR,ERR,ERR,ERR,ERR,ERR,ERR,ERR,ERR,ERR,ERR,ERR,ERR,ERR,ERR,ERR,ERR,ERR,ERR,ERR,ERR,ERR,ERR,ERR,ERR,ERR,ERR,ERR,ERR,ERR,ERR,ERR,ERR,ERR,ERR,ERR,ERR,ERR,ERR,ERR,ERR,ERR,ERR,ERR,ERR,ERR,ERR,ERR,ERR,ERR,ERR,ERR,ERR,ERR,ERR,ERR,ERR,ERR,ERR,ERR,ERR,ERR,ERR,34.0,80.0,35,0.0,0.0,0.0,0.0,0.0,0.0,0.0,0.0,0.0,0.0,0.0,0.0,0.0,0.0,0.0,0.0,64.4,0,117,56,50,65476,0,300,0,0,8,20529,65476,0,0,57672,80.0,0.0,0.0,0.0,0.0,0.0
2026-06-17T04:01:09,ERR,ERR,ERR,ERR,ERR,ERR,ERR,ERR,ERR,ERR,ERR,ERR,ERR,ERR,ERR,ERR,ERR,ERR,ERR,ERR,ERR,ERR,ERR,ERR,ERR,ERR,ERR,ERR,ERR,ERR,ERR,ERR,ERR,ERR,ERR,ERR,ERR,ERR,ERR,ERR,ERR,ERR,ERR,ERR,ERR,ERR,ERR,ERR,ERR,ERR,ERR,ERR,ERR,ERR,ERR,ERR,ERR,ERR,ERR,ERR,ERR,ERR,ERR,ERR,ERR,ERR,ERR,ERR,ERR,ERR,ERR,ERR,ERR,ERR,ERR,ERR,ERR,ERR,ERR,ERR,ERR,ERR,ERR,ERR,ERR,ERR,ERR,ERR,ERR,ERR,ERR,ERR,ERR,ERR,ERR,ERR,ERR,ERR,ERR,ERR,ERR,ERR,ERR,ERR,ERR,ERR,ERR,ERR,ERR,ERR,ERR,ERR,ERR,ERR,ERR,ERR,ERR,ERR,ERR,ERR,ERR,ERR,ERR,ERR,ERR,0.0,0.0,2.6474777903227054e+23,0.0,0.0,1.3936040501711995e+18,7.805,0.0,0,0,4,0,7300,-0.0,0,0.0,0.0,0.0,0.0,0.0,0,0,0,0,0.0,0,0,0,0,0,0,0,0,0,0,0,0,0,0,0,0,0,0,0,0,0,0,0,0,0,0,0,0,0,0,0,0,0,32,30,30,62,65476,0,300,0,0,8,21553,0.0,-107605600.0,0.0,0.0,0.0,0.0,0.0,0.0,0.0,0.0,0.0,0.0,0.0,0.0,0.0,0.0,0.0,0.0,0.0,0.0,0.0,0.0,2.004,-0.0,-2.004,-0.0,0.0,0.0,0.0,0.0,5401.0,-0.0,6963.0,0.0,0.0,-107615280.0,0.0,0.0,0.0,0.0,0.0,63,-89221.078,-107614904.0,0.0,0.0,0.0,0.0,0.0,0.0,0.0,0,0,0,0.0,0.0,0.0,0.0,0.0,0.0,0.0,0.0,0.0,0.0,0.0,0.0,0.0,0.0,0.0,0.0,0,-107875648.0,63,0.0,126,2.7184242562605685e+23,-0.0,ERR,ERR,ERR,ERR,ERR,ERR,ERR,ERR,ERR,ERR,ERR,ERR,ERR,ERR,ERR,ERR,ERR,ERR,ERR,ERR,ERR,ERR,ERR,ERR,ERR,ERR,ERR,ERR,ERR,ERR,ERR,ERR,ERR,ERR,ERR,ERR,ERR,ERR,ERR,ERR,ERR,ERR,ERR,ERR,ERR,ERR,ERR,ERR,ERR,ERR,ERR,ERR,ERR,ERR,ERR,ERR,ERR,ERR,ERR,ERR,ERR,ERR,ERR,ERR,ERR,ERR,ERR,34.0,80.0,35,0.0,0.0,0.0,0.0,0.0,0.0,0.0,0.0,0.0,0.0,0.0,0.0,0.0,0.0,0.0,0.0,64.8,0,117,56,50,65476,0,300,0,0,8,20529,65476,0,0,57672,80.0,0.0,0.0,0.0,0.0,0.0
2026-06-17T04:01:10,ERR,ERR,ERR,ERR,ERR,ERR,ERR,ERR,ERR,ERR,ERR,ERR,ERR,ERR,ERR,ERR,ERR,ERR,ERR,ERR,ERR,ERR,ERR,ERR,ERR,ERR,ERR,ERR,ERR,ERR,ERR,ERR,ERR,ERR,ERR,ERR,ERR,ERR,ERR,ERR,ERR,ERR,ERR,ERR,ERR,ERR,ERR,ERR,ERR,ERR,ERR,ERR,ERR,ERR,ERR,ERR,ERR,ERR,ERR,ERR,ERR,ERR,ERR,ERR,ERR,ERR,ERR,ERR,ERR,ERR,ERR,ERR,ERR,ERR,ERR,ERR,ERR,ERR,ERR,ERR,ERR,ERR,ERR,ERR,ERR,ERR,ERR,ERR,ERR,ERR,ERR,ERR,ERR,ERR,ERR,ERR,ERR,ERR,ERR,ERR,ERR,ERR,ERR,ERR,ERR,ERR,ERR,ERR,ERR,ERR,ERR,ERR,ERR,ERR,ERR,ERR,ERR,ERR,ERR,ERR,ERR,ERR,ERR,ERR,ERR,0.0,0.0,2.6474777903227054e+23,0.0,0.0,1.3936040501711995e+18,7.805,0.0,0,0,4,0,7300,-0.0,0,0.0,0.0,0.0,0.0,0.0,0,0,0,0,0.0,0,0,0,0,0,0,0,0,0,0,0,0,0,0,0,0,0,0,0,0,0,0,0,0,0,0,0,0,0,0,0,0,0,32,30,30,62,65476,0,300,0,0,8,21553,0.0,-107605600.0,0.0,0.0,0.0,0.0,0.0,0.0,0.0,0.0,0.0,0.0,0.0,0.0,0.0,0.0,0.0,0.0,0.0,0.0,0.0,0.0,2.004,-0.0,-2.004,-0.0,0.0,0.0,0.0,0.0,5401.0,-0.0,6963.0,0.0,0.0,-107615280.0,0.0,0.0,0.0,0.0,0.0,63,-89221.078,-107614904.0,0.0,0.0,0.0,0.0,0.0,0.0,0.0,0,0,0,0.0,0.0,0.0,0.0,0.0,0.0,0.0,0.0,0.0,0.0,0.0,0.0,0.0,0.0,0.0,0.0,0,-107875648.0,63,0.0,126,2.7184242562605685e+23,-0.0,ERR,ERR,ERR,ERR,ERR,ERR,ERR,ERR,ERR,ERR,ERR,ERR,ERR,ERR,ERR,ERR,ERR,ERR,ERR,ERR,ERR,ERR,ERR,ERR,ERR,ERR,ERR,ERR,ERR,ERR,ERR,ERR,ERR,ERR,ERR,ERR,ERR,ERR,ERR,ERR,ERR,ERR,ERR,ERR,ERR,ERR,ERR,ERR,ERR,ERR,ERR,ERR,ERR,ERR,ERR,ERR,ERR,ERR,ERR,ERR,ERR,ERR,ERR,ERR,ERR,ERR,ERR,34.0,80.0,35,0.0,0.0,0.0,0.0,0.0,0.0,0.0,0.0,0.0,0.0,0.0,0.0,0.0,0.0,0.0,0.0,64.8,0,117,56,50,65476,0,300,0,0,8,20529,65476,0,0,57672,80.0,0.0,0.0,0.0,0.0,0.0
2026-06-17T04:01:11,ERR,ERR,ERR,ERR,ERR,ERR,ERR,ERR,ERR,ERR,ERR,ERR,ERR,ERR,ERR,ERR,ERR,ERR,ERR,ERR,ERR,ERR,ERR,ERR,ERR,ERR,ERR,ERR,ERR,ERR,ERR,ERR,ERR,ERR,ERR,ERR,ERR,ERR,ERR,ERR,ERR,ERR,ERR,ERR,ERR,ERR,ERR,ERR,ERR,ERR,ERR,ERR,ERR,ERR,ERR,ERR,ERR,ERR,ERR,ERR,ERR,ERR,ERR,ERR,ERR,ERR,ERR,ERR,ERR,ERR,ERR,ERR,ERR,ERR,ERR,ERR,ERR,ERR,ERR,ERR,ERR,ERR,ERR,ERR,ERR,ERR,ERR,ERR,ERR,ERR,ERR,ERR,ERR,ERR,ERR,ERR,ERR,ERR,ERR,ERR,ERR,ERR,ERR,ERR,ERR,ERR,ERR,ERR,ERR,ERR,ERR,ERR,ERR,ERR,ERR,ERR,ERR,ERR,ERR,ERR,ERR,ERR,ERR,ERR,ERR,0.0,0.0,2.6474777903227054e+23,0.0,0.0,1.3936040501711995e+18,7.805,0.0,0,0,4,0,7300,-0.0,0,0.0,0.0,0.0,0.0,0.0,0,0,0,0,0.0,0,0,0,0,0,0,0,0,0,0,0,0,0,0,0,0,0,0,0,0,0,0,0,0,0,0,0,0,0,0,0,0,0,32,30,30,62,65476,0,300,0,0,8,21553,0.0,-107605600.0,0.0,0.0,0.0,0.0,0.0,0.0,0.0,0.0,0.0,0.0,0.0,0.0,0.0,0.0,0.0,0.0,0.0,0.0,0.0,0.0,2.004,-0.0,-2.004,-0.0,0.0,0.0,0.0,0.0,5406.0,1.587931619850188e+29,6958.0,0.0,0.0,-107615280.0,0.0,0.0,0.0,0.0,0.0,63,-152018387730432.0,-0.0,0.0,0.0,0.0,0.0,0.0,0.0,0.0,0,0,0,0.0,0.0,0.0,0.0,0.0,0.0,0.0,0.0,0.0,0.0,0.0,0.0,0.0,0.0,0.0,0.0,0,-107875648.0,63,0.0,126,2.7184242562605685e+23,-109447136.0,ERR,ERR,ERR,ERR,ERR,ERR,ERR,ERR,ERR,ERR,ERR,ERR,ERR,ERR,ERR,ERR,ERR,ERR,ERR,ERR,ERR,ERR,ERR,ERR,ERR,ERR,ERR,ERR,ERR,ERR,ERR,ERR,ERR,ERR,ERR,ERR,ERR,ERR,ERR,ERR,ERR,ERR,ERR,ERR,ERR,ERR,ERR,ERR,ERR,ERR,ERR,ERR,ERR,ERR,ERR,ERR,ERR,ERR,ERR,ERR,ERR,ERR,ERR,ERR,ERR,ERR,ERR,34.0,80.0,35,0.0,0.0,0.0,0.0,0.0,0.0,0.0,0.0,0.0,0.0,0.0,0.0,0.0,0.0,0.0,0.0,64.4,0,117,56,50,65476,0,300,0,0,8,20529,65476,0,0,57672,80.0,0.0,0.0,0.0,0.0,0.0
2026-06-17T04:01:12,ERR,ERR,ERR,ERR,ERR,ERR,ERR,ERR,ERR,ERR,ERR,ERR,ERR,ERR,ERR,ERR,ERR,ERR,ERR,ERR,ERR,ERR,ERR,ERR,ERR,ERR,ERR,ERR,ERR,ERR,ERR,ERR,ERR,ERR,ERR,ERR,ERR,ERR,ERR,ERR,ERR,ERR,ERR,ERR,ERR,ERR,ERR,ERR,ERR,ERR,ERR,ERR,ERR,ERR,ERR,ERR,ERR,ERR,ERR,ERR,ERR,ERR,ERR,ERR,ERR,ERR,ERR,ERR,ERR,ERR,ERR,ERR,ERR,ERR,ERR,ERR,ERR,ERR,ERR,ERR,ERR,ERR,ERR,ERR,ERR,ERR,ERR,ERR,ERR,ERR,ERR,ERR,ERR,ERR,ERR,ERR,ERR,ERR,ERR,ERR,ERR,ERR,ERR,ERR,ERR,ERR,ERR,ERR,ERR,ERR,ERR,ERR,ERR,ERR,ERR,ERR,ERR,ERR,ERR,ERR,ERR,ERR,ERR,ERR,ERR,0.0,0.0,2.6474777903227054e+23,0.0,0.0,1.3936040501711995e+18,7.805,0.0,0,0,4,0,7300,-0.0,0,0.0,0.0,0.0,0.0,0.0,0,0,0,0,0.0,0,0,0,0,0,0,0,0,0,0,0,0,0,0,0,0,0,0,0,0,0,0,0,0,0,0,0,0,0,0,0,0,0,32,30,30,62,65476,0,300,0,0,8,21553,0.0,-107605600.0,0.0,0.0,0.0,0.0,0.0,0.0,0.0,0.0,0.0,0.0,0.0,0.0,0.0,0.0,0.0,0.0,0.0,0.0,0.0,0.0,2.004,-0.0,-2.004,-0.0,0.0,0.0,0.0,0.0,5406.0,1.587931619850188e+29,6958.0,0.0,0.0,-107615280.0,0.0,0.0,0.0,0.0,0.0,63,-152018387730432.0,-0.0,0.0,0.0,0.0,0.0,0.0,0.0,0.0,0,0,0,0.0,0.0,0.0,0.0,0.0,0.0,0.0,0.0,0.0,0.0,0.0,0.0,0.0,0.0,0.0,0.0,0,-107875648.0,63,0.0,126,2.7184242562605685e+23,-109447136.0,ERR,ERR,ERR,ERR,ERR,ERR,ERR,ERR,ERR,ERR,ERR,ERR,ERR,ERR,ERR,ERR,ERR,ERR,ERR,ERR,ERR,ERR,ERR,ERR,ERR,ERR,ERR,ERR,ERR,ERR,ERR,ERR,ERR,ERR,ERR,ERR,ERR,ERR,ERR,ERR,ERR,ERR,ERR,ERR,ERR,ERR,ERR,ERR,ERR,ERR,ERR,ERR,ERR,ERR,ERR,ERR,ERR,ERR,ERR,ERR,ERR,ERR,ERR,ERR,ERR,ERR,ERR,34.0,80.0,35,0.0,0.0,0.0,0.0,0.0,0.0,0.0,0.0,0.0,0.0,0.0,0.0,0.0,0.0,0.0,0.0,64.4,0,117,56,50,65476,0,300,0,0,8,20529,65476,0,0,57672,80.0,0.0,0.0,0.0,0.0,0.0
2026-06-17T04:01:13,ERR,ERR,ERR,ERR,ERR,ERR,ERR,ERR,ERR,ERR,ERR,ERR,ERR,ERR,ERR,ERR,ERR,ERR,ERR,ERR,ERR,ERR,ERR,ERR,ERR,ERR,ERR,ERR,ERR,ERR,ERR,ERR,ERR,ERR,ERR,ERR,ERR,ERR,ERR,ERR,ERR,ERR,ERR,ERR,ERR,ERR,ERR,ERR,ERR,ERR,ERR,ERR,ERR,ERR,ERR,ERR,ERR,ERR,ERR,ERR,ERR,ERR,ERR,ERR,ERR,ERR,ERR,ERR,ERR,ERR,ERR,ERR,ERR,ERR,ERR,ERR,ERR,ERR,ERR,ERR,ERR,ERR,ERR,ERR,ERR,ERR,ERR,ERR,ERR,ERR,ERR,ERR,ERR,ERR,ERR,ERR,ERR,ERR,ERR,ERR,ERR,ERR,ERR,ERR,ERR,ERR,ERR,ERR,ERR,ERR,ERR,ERR,ERR,ERR,ERR,ERR,ERR,ERR,ERR,ERR,ERR,ERR,ERR,ERR,ERR,0.0,0.0,2.6474777903227054e+23,0.0,0.0,1.3936040501711995e+18,7.805,0.0,0,0,4,0,7300,-0.0,0,0.0,0.0,0.0,0.0,0.0,0,0,0,0,0.0,0,0,0,0,0,0,0,0,0,0,0,0,0,0,0,0,0,0,0,0,0,0,0,0,0,0,0,0,0,0,0,0,0,32,30,30,62,65476,0,300,0,0,8,21553,0.0,-107605600.0,0.0,0.0,0.0,0.0,0.0,0.0,0.0,0.0,0.0,0.0,0.0,0.0,0.0,0.0,0.0,0.0,0.0,0.0,0.0,0.0,2.004,-0.0,-2.004,-0.0,0.0,0.0,0.0,0.0,5406.0,1.587931619850188e+29,6958.0,0.0,0.0,-107615280.0,0.0,0.0,0.0,0.0,0.0,63,-152018387730432.0,-0.0,0.0,0.0,0.0,0.0,0.0,0.0,0.0,0,0,0,0.0,0.0,0.0,0.0,0.0,0.0,0.0,0.0,0.0,0.0,0.0,0.0,0.0,0.0,0.0,0.0,0,-107875648.0,63,0.0,126,2.7184242562605685e+23,-109447136.0,ERR,ERR,ERR,ERR,ERR,ERR,ERR,ERR,ERR,ERR,ERR,ERR,ERR,ERR,ERR,ERR,ERR,ERR,ERR,ERR,ERR,ERR,ERR,ERR,ERR,ERR,ERR,ERR,ERR,ERR,ERR,ERR,ERR,ERR,ERR,ERR,ERR,ERR,ERR,ERR,ERR,ERR,ERR,ERR,ERR,ERR,ERR,ERR,ERR,ERR,ERR,ERR,ERR,ERR,ERR,ERR,ERR,ERR,ERR,ERR,ERR,ERR,ERR,ERR,ERR,ERR,ERR,34.0,80.0,35,0.0,0.0,0.0,0.0,0.0,0.0,0.0,0.0,0.0,0.0,0.0,0.0,0.0,0.0,0.0,0.0,64.4,0,117,56,50,65476,0,300,0,0,8,20529,65476,0,0,57672,80.0,0.0,0.0,0.0,0.0,0.0
2026-06-17T04:01:14,ERR,ERR,ERR,ERR,ERR,ERR,ERR,ERR,ERR,ERR,ERR,ERR,ERR,ERR,ERR,ERR,ERR,ERR,ERR,ERR,ERR,ERR,ERR,ERR,ERR,ERR,ERR,ERR,ERR,ERR,ERR,ERR,ERR,ERR,ERR,ERR,ERR,ERR,ERR,ERR,ERR,ERR,ERR,ERR,ERR,ERR,ERR,ERR,ERR,ERR,ERR,ERR,ERR,ERR,ERR,ERR,ERR,ERR,ERR,ERR,ERR,ERR,ERR,ERR,ERR,ERR,ERR,ERR,ERR,ERR,ERR,ERR,ERR,ERR,ERR,ERR,ERR,ERR,ERR,ERR,ERR,ERR,ERR,ERR,ERR,ERR,ERR,ERR,ERR,ERR,ERR,ERR,ERR,ERR,ERR,ERR,ERR,ERR,ERR,ERR,ERR,ERR,ERR,ERR,ERR,ERR,ERR,ERR,ERR,ERR,ERR,ERR,ERR,ERR,ERR,ERR,ERR,ERR,ERR,ERR,ERR,ERR,ERR,ERR,ERR,0.0,0.0,2.6474777903227054e+23,0.0,0.0,1.3936040501711995e+18,7.805,0.0,0,0,4,0,7300,-0.0,0,0.0,0.0,0.0,0.0,0.0,0,0,0,0,0.0,0,0,0,0,0,0,0,0,0,0,0,0,0,0,0,0,0,0,0,0,0,0,0,0,0,0,0,0,0,0,0,0,0,32,30,30,62,65476,0,300,0,0,8,21553,0.0,-107605600.0,0.0,0.0,0.0,0.0,0.0,0.0,0.0,0.0,0.0,0.0,0.0,0.0,0.0,0.0,0.0,0.0,0.0,0.0,0.0,0.0,2.004,-0.0,-2.004,-0.0,0.0,0.0,0.0,0.0,5406.0,1.587931619850188e+29,6958.0,0.0,0.0,-107615280.0,0.0,0.0,0.0,0.0,0.0,63,-152018387730432.0,-0.0,0.0,0.0,0.0,0.0,0.0,0.0,0.0,0,0,0,0.0,0.0,0.0,0.0,0.0,0.0,0.0,0.0,0.0,0.0,0.0,0.0,0.0,0.0,0.0,0.0,0,-107875648.0,63,0.0,126,2.7184242562605685e+23,-109447136.0,ERR,ERR,ERR,ERR,ERR,ERR,ERR,ERR,ERR,ERR,ERR,ERR,ERR,ERR,ERR,ERR,ERR,ERR,ERR,ERR,ERR,ERR,ERR,ERR,ERR,ERR,ERR,ERR,ERR,ERR,ERR,ERR,ERR,ERR,ERR,ERR,ERR,ERR,ERR,ERR,ERR,ERR,ERR,ERR,ERR,ERR,ERR,ERR,ERR,ERR,ERR,ERR,ERR,ERR,ERR,ERR,ERR,ERR,ERR,ERR,ERR,ERR,ERR,ERR,ERR,ERR,ERR,34.0,80.0,35,0.0,0.0,0.0,0.0,0.0,0.0,0.0,0.0,0.0,0.0,0.0,0.0,0.0,0.0,0.0,0.0,64.4,0,117,56,50,65476,0,300,0,0,8,20529,65476,0,0,57672,80.0,0.0,0.0,0.0,0.0,0.0
2026-06-17T04:01:15,ERR,ERR,ERR,ERR,ERR,ERR,ERR,ERR,ERR,ERR,ERR,ERR,ERR,ERR,ERR,ERR,ERR,ERR,ERR,ERR,ERR,ERR,ERR,ERR,ERR,ERR,ERR,ERR,ERR,ERR,ERR,ERR,ERR,ERR,ERR,ERR,ERR,ERR,ERR,ERR,ERR,ERR,ERR,ERR,ERR,ERR,ERR,ERR,ERR,ERR,ERR,ERR,ERR,ERR,ERR,ERR,ERR,ERR,ERR,ERR,ERR,ERR,ERR,ERR,ERR,ERR,ERR,ERR,ERR,ERR,ERR,ERR,ERR,ERR,ERR,ERR,ERR,ERR,ERR,ERR,ERR,ERR,ERR,ERR,ERR,ERR,ERR,ERR,ERR,ERR,ERR,ERR,ERR,ERR,ERR,ERR,ERR,ERR,ERR,ERR,ERR,ERR,ERR,ERR,ERR,ERR,ERR,ERR,ERR,ERR,ERR,ERR,ERR,ERR,ERR,ERR,ERR,ERR,ERR,ERR,ERR,ERR,ERR,ERR,ERR,0.0,0.0,2.6474777903227054e+23,0.0,0.0,1.3936040501711995e+18,7.805,0.0,0,0,4,0,7300,-0.0,0,0.0,0.0,0.0,0.0,0.0,0,0,0,0,0.0,0,0,0,0,0,0,0,0,0,0,0,0,0,0,0,0,0,0,0,0,0,0,0,0,0,0,0,0,0,0,0,0,0,32,30,30,62,65476,0,300,0,0,8,21553,0.0,-107605600.0,0.0,0.0,0.0,0.0,0.0,0.0,0.0,0.0,0.0,0.0,0.0,0.0,0.0,0.0,0.0,0.0,0.0,0.0,0.0,0.0,2.004,-0.0,-2.004,-0.0,0.0,0.0,0.0,0.0,5406.0,1.587931619850188e+29,6958.0,0.0,0.0,-107615280.0,0.0,0.0,0.0,0.0,0.0,63,-152018387730432.0,-0.0,0.0,0.0,0.0,0.0,0.0,0.0,0.0,0,0,0,0.0,0.0,0.0,0.0,0.0,0.0,0.0,0.0,0.0,0.0,0.0,0.0,0.0,0.0,0.0,0.0,0,-107875648.0,63,0.0,126,2.7184242562605685e+23,-109447136.0,ERR,ERR,ERR,ERR,ERR,ERR,ERR,ERR,ERR,ERR,ERR,ERR,ERR,ERR,ERR,ERR,ERR,ERR,ERR,ERR,ERR,ERR,ERR,ERR,ERR,ERR,ERR,ERR,ERR,ERR,ERR,ERR,ERR,ERR,ERR,ERR,ERR,ERR,ERR,ERR,ERR,ERR,ERR,ERR,ERR,ERR,ERR,ERR,ERR,ERR,ERR,ERR,ERR,ERR,ERR,ERR,ERR,ERR,ERR,ERR,ERR,ERR,ERR,ERR,ERR,ERR,ERR,34.0,80.0,35,0.0,0.0,0.0,0.0,0.0,0.0,0.0,0.0,0.0,0.0,0.0,0.0,0.0,0.0,0.0,0.0,64.4,0,117,56,50,65476,0,300,0,0,8,20529,65476,0,0,57672,80.0,0.0,0.0,0.0,0.0,0.0
2026-06-17T04:01:16,ERR,ERR,ERR,ERR,ERR,ERR,ERR,ERR,ERR,ERR,ERR,ERR,ERR,ERR,ERR,ERR,ERR,ERR,ERR,ERR,ERR,ERR,ERR,ERR,ERR,ERR,ERR,ERR,ERR,ERR,ERR,ERR,ERR,ERR,ERR,ERR,ERR,ERR,ERR,ERR,ERR,ERR,ERR,ERR,ERR,ERR,ERR,ERR,ERR,ERR,ERR,ERR,ERR,ERR,ERR,ERR,ERR,ERR,ERR,ERR,ERR,ERR,ERR,ERR,ERR,ERR,ERR,ERR,ERR,ERR,ERR,ERR,ERR,ERR,ERR,ERR,ERR,ERR,ERR,ERR,ERR,ERR,ERR,ERR,ERR,ERR,ERR,ERR,ERR,ERR,ERR,ERR,ERR,ERR,ERR,ERR,ERR,ERR,ERR,ERR,ERR,ERR,ERR,ERR,ERR,ERR,ERR,ERR,ERR,ERR,ERR,ERR,ERR,ERR,ERR,ERR,ERR,ERR,ERR,ERR,ERR,ERR,ERR,ERR,ERR,0.0,0.0,2.6474777903227054e+23,0.0,0.0,1.3936040501711995e+18,7.805,0.0,0,0,4,0,7300,-0.0,0,0.0,0.0,0.0,0.0,0.0,0,0,0,0,0.0,0,0,0,0,0,0,0,0,0,0,0,0,0,0,0,0,0,0,0,0,0,0,0,0,0,0,0,0,0,0,0,0,0,32,30,30,62,65476,0,300,0,0,8,21553,0.0,-107605600.0,0.0,0.0,0.0,0.0,0.0,0.0,0.0,0.0,0.0,0.0,0.0,0.0,0.0,0.0,0.0,0.0,0.0,0.0,0.0,0.0,2.004,-0.0,-2.004,-0.0,0.0,0.0,0.0,0.0,5406.0,0.0,6949.0,0.0,0.0,-107615280.0,0.0,0.0,0.0,0.0,0.0,63,-152018387730432.0,0.059,0.0,0.0,0.0,0.0,0.0,0.0,0.0,0,0,0,0.0,0.0,0.0,0.0,0.0,0.0,0.0,0.0,0.0,0.0,0.0,0.0,0.0,0.0,0.0,0.0,0,-107875648.0,63,0.0,126,2.7184242562605685e+23,-109447136.0,ERR,ERR,ERR,ERR,ERR,ERR,ERR,ERR,ERR,ERR,ERR,ERR,ERR,ERR,ERR,ERR,ERR,ERR,ERR,ERR,ERR,ERR,ERR,ERR,ERR,ERR,ERR,ERR,ERR,ERR,ERR,ERR,ERR,ERR,ERR,ERR,ERR,ERR,ERR,ERR,ERR,ERR,ERR,ERR,ERR,ERR,ERR,ERR,ERR,ERR,ERR,ERR,ERR,ERR,ERR,ERR,ERR,ERR,ERR,ERR,ERR,ERR,ERR,ERR,ERR,ERR,ERR,34.0,80.0,35,0.0,0.0,0.0,0.0,0.0,0.0,0.0,0.0,0.0,0.0,0.0,0.0,0.0,0.0,0.0,0.0,64.4,0,117,56,50,65476,0,300,0,0,8,20529,65476,0,0,57672,80.0,0.0,0.0,0.0,0.0,0.0
2026-06-17T04:01:17,ERR,ERR,ERR,ERR,ERR,ERR,ERR,ERR,ERR,ERR,ERR,ERR,ERR,ERR,ERR,ERR,ERR,ERR,ERR,ERR,ERR,ERR,ERR,ERR,ERR,ERR,ERR,ERR,ERR,ERR,ERR,ERR,ERR,ERR,ERR,ERR,ERR,ERR,ERR,ERR,ERR,ERR,ERR,ERR,ERR,ERR,ERR,ERR,ERR,ERR,ERR,ERR,ERR,ERR,ERR,ERR,ERR,ERR,ERR,ERR,ERR,ERR,ERR,ERR,ERR,ERR,ERR,ERR,ERR,ERR,ERR,ERR,ERR,ERR,ERR,ERR,ERR,ERR,ERR,ERR,ERR,ERR,ERR,ERR,ERR,ERR,ERR,ERR,ERR,ERR,ERR,ERR,ERR,ERR,ERR,ERR,ERR,ERR,ERR,ERR,ERR,ERR,ERR,ERR,ERR,ERR,ERR,ERR,ERR,ERR,ERR,ERR,ERR,ERR,ERR,ERR,ERR,ERR,ERR,ERR,ERR,ERR,ERR,ERR,ERR,0.0,0.0,2.6474777903227054e+23,0.0,0.0,1.3936040501711995e+18,7.805,0.0,0,0,4,0,7300,-0.0,0,0.0,0.0,0.0,0.0,0.0,0,0,0,0,0.0,0,0,0,0,0,0,0,0,0,0,0,0,0,0,0,0,0,0,0,0,0,0,0,0,0,0,0,0,0,0,0,0,0,32,30,30,62,65476,0,300,0,0,8,21553,0.0,-107605600.0,0.0,0.0,0.0,0.0,0.0,0.0,0.0,0.0,0.0,0.0,0.0,0.0,0.0,0.0,0.0,0.0,0.0,0.0,0.0,0.0,2.004,-0.0,-2.004,-0.0,0.0,0.0,0.0,0.0,5406.0,0.0,6949.0,0.0,0.0,-107615280.0,0.0,0.0,0.0,0.0,0.0,63,-152018387730432.0,0.059,0.0,0.0,0.0,0.0,0.0,0.0,0.0,0,0,0,0.0,0.0,0.0,0.0,0.0,0.0,0.0,0.0,0.0,0.0,0.0,0.0,0.0,0.0,0.0,0.0,0,-107875648.0,63,0.0,126,2.7184242562605685e+23,-109447136.0,ERR,ERR,ERR,ERR,ERR,ERR,ERR,ERR,ERR,ERR,ERR,ERR,ERR,ERR,ERR,ERR,ERR,ERR,ERR,ERR,ERR,ERR,ERR,ERR,ERR,ERR,ERR,ERR,ERR,ERR,ERR,ERR,ERR,ERR,ERR,ERR,ERR,ERR,ERR,ERR,ERR,ERR,ERR,ERR,ERR,ERR,ERR,ERR,ERR,ERR,ERR,ERR,ERR,ERR,ERR,ERR,ERR,ERR,ERR,ERR,ERR,ERR,ERR,ERR,ERR,ERR,ERR,34.0,80.0,35,0.0,0.0,0.0,0.0,0.0,0.0,0.0,0.0,0.0,0.0,0.0,0.0,0.0,0.0,0.0,0.0,64.4,0,117,56,50,65476,0,300,0,0,8,20529,65476,0,0,57672,80.0,0.0,0.0,0.0,0.0,0.0
2026-06-17T04:01:18,ERR,ERR,ERR,ERR,ERR,ERR,ERR,ERR,ERR,ERR,ERR,ERR,ERR,ERR,ERR,ERR,ERR,ERR,ERR,ERR,ERR,ERR,ERR,ERR,ERR,ERR,ERR,ERR,ERR,ERR,ERR,ERR,ERR,ERR,ERR,ERR,ERR,ERR,ERR,ERR,ERR,ERR,ERR,ERR,ERR,ERR,ERR,ERR,ERR,ERR,ERR,ERR,ERR,ERR,ERR,ERR,ERR,ERR,ERR,ERR,ERR,ERR,ERR,ERR,ERR,ERR,ERR,ERR,ERR,ERR,ERR,ERR,ERR,ERR,ERR,ERR,ERR,ERR,ERR,ERR,ERR,ERR,ERR,ERR,ERR,ERR,ERR,ERR,ERR,ERR,ERR,ERR,ERR,ERR,ERR,ERR,ERR,ERR,ERR,ERR,ERR,ERR,ERR,ERR,ERR,ERR,ERR,ERR,ERR,ERR,ERR,ERR,ERR,ERR,ERR,ERR,ERR,ERR,ERR,ERR,ERR,ERR,ERR,ERR,ERR,0.0,0.0,2.6474777903227054e+23,0.0,0.0,1.3936040501711995e+18,7.805,0.0,0,0,4,0,7300,-0.0,0,0.0,0.0,0.0,0.0,0.0,0,0,0,0,0.0,0,0,0,0,0,0,0,0,0,0,0,0,0,0,0,0,0,0,0,0,0,0,0,0,0,0,0,0,0,0,0,0,0,32,30,30,62,65476,0,300,0,0,8,21553,0.0,-107605600.0,0.0,0.0,0.0,0.0,0.0,0.0,0.0,0.0,0.0,0.0,0.0,0.0,0.0,0.0,0.0,0.0,0.0,0.0,0.0,0.0,2.004,-0.0,-2.004,-0.0,0.0,0.0,0.0,0.0,5406.0,0.0,6949.0,0.0,0.0,-107615280.0,0.0,0.0,0.0,0.0,0.0,63,-152018387730432.0,0.059,0.0,0.0,0.0,0.0,0.0,0.0,0.0,0,0,0,0.0,0.0,0.0,0.0,0.0,0.0,0.0,0.0,0.0,0.0,0.0,0.0,0.0,0.0,0.0,0.0,0,-107875648.0,63,0.0,126,2.7184242562605685e+23,-109447136.0,ERR,ERR,ERR,ERR,ERR,ERR,ERR,ERR,ERR,ERR,ERR,ERR,ERR,ERR,ERR,ERR,ERR,ERR,ERR,ERR,ERR,ERR,ERR,ERR,ERR,ERR,ERR,ERR,ERR,ERR,ERR,ERR,ERR,ERR,ERR,ERR,ERR,ERR,ERR,ERR,ERR,ERR,ERR,ERR,ERR,ERR,ERR,ERR,ERR,ERR,ERR,ERR,ERR,ERR,ERR,ERR,ERR,ERR,ERR,ERR,ERR,ERR,ERR,ERR,ERR,ERR,ERR,34.0,80.0,35,0.0,0.0,0.0,0.0,0.0,0.0,0.0,0.0,0.0,0.0,0.0,0.0,0.0,0.0,0.0,0.0,64.4,0,117,56,50,65476,0,300,0,0,8,20529,65476,0,0,57672,80.0,0.0,0.0,0.0,0.0,0.0
2026-06-17T04:01:19,ERR,ERR,ERR,ERR,ERR,ERR,ERR,ERR,ERR,ERR,ERR,ERR,ERR,ERR,ERR,ERR,ERR,ERR,ERR,ERR,ERR,ERR,ERR,ERR,ERR,ERR,ERR,ERR,ERR,ERR,ERR,ERR,ERR,ERR,ERR,ERR,ERR,ERR,ERR,ERR,ERR,ERR,ERR,ERR,ERR,ERR,ERR,ERR,ERR,ERR,ERR,ERR,ERR,ERR,ERR,ERR,ERR,ERR,ERR,ERR,ERR,ERR,ERR,ERR,ERR,ERR,ERR,ERR,ERR,ERR,ERR,ERR,ERR,ERR,ERR,ERR,ERR,ERR,ERR,ERR,ERR,ERR,ERR,ERR,ERR,ERR,ERR,ERR,ERR,ERR,ERR,ERR,ERR,ERR,ERR,ERR,ERR,ERR,ERR,ERR,ERR,ERR,ERR,ERR,ERR,ERR,ERR,ERR,ERR,ERR,ERR,ERR,ERR,ERR,ERR,ERR,ERR,ERR,ERR,ERR,ERR,ERR,ERR,ERR,ERR,0.0,0.0,2.6474777903227054e+23,0.0,0.0,1.3936040501711995e+18,7.805,0.0,0,0,4,0,7300,-0.0,0,0.0,0.0,0.0,0.0,0.0,0,0,0,0,0.0,0,0,0,0,0,0,0,0,0,0,0,0,0,0,0,0,0,0,0,0,0,0,0,0,0,0,0,0,0,0,0,0,0,32,30,30,62,65476,0,300,0,0,8,21553,0.0,-107605600.0,0.0,0.0,0.0,0.0,0.0,0.0,0.0,0.0,0.0,0.0,0.0,0.0,0.0,0.0,0.0,0.0,0.0,0.0,0.0,0.0,2.004,-0.0,-2.004,-0.0,0.0,0.0,0.0,0.0,5406.0,0.0,6949.0,0.0,0.0,-107615280.0,0.0,0.0,0.0,0.0,0.0,63,-152018387730432.0,0.059,0.0,0.0,0.0,0.0,0.0,0.0,0.0,0,0,0,0.0,0.0,0.0,0.0,0.0,0.0,0.0,0.0,0.0,0.0,0.0,0.0,0.0,0.0,0.0,0.0,0,-107875648.0,63,0.0,126,2.7184242562605685e+23,-109447136.0,ERR,ERR,ERR,ERR,ERR,ERR,ERR,ERR,ERR,ERR,ERR,ERR,ERR,ERR,ERR,ERR,ERR,ERR,ERR,ERR,ERR,ERR,ERR,ERR,ERR,ERR,ERR,ERR,ERR,ERR,ERR,ERR,ERR,ERR,ERR,ERR,ERR,ERR,ERR,ERR,ERR,ERR,ERR,ERR,ERR,ERR,ERR,ERR,ERR,ERR,ERR,ERR,ERR,ERR,ERR,ERR,ERR,ERR,ERR,ERR,ERR,ERR,ERR,ERR,ERR,ERR,ERR,34.0,80.0,35,0.0,0.0,0.0,0.0,0.0,0.0,0.0,0.0,0.0,0.0,0.0,0.0,0.0,0.0,0.0,0.0,64.4,0,117,56,50,65476,0,300,0,0,8,20529,65476,0,0,57672,80.0,0.0,0.0,0.0,0.0,0.0
2026-06-17T04:01:20,ERR,ERR,ERR,ERR,ERR,ERR,ERR,ERR,ERR,ERR,ERR,ERR,ERR,ERR,ERR,ERR,ERR,ERR,ERR,ERR,ERR,ERR,ERR,ERR,ERR,ERR,ERR,ERR,ERR,ERR,ERR,ERR,ERR,ERR,ERR,ERR,ERR,ERR,ERR,ERR,ERR,ERR,ERR,ERR,ERR,ERR,ERR,ERR,ERR,ERR,ERR,ERR,ERR,ERR,ERR,ERR,ERR,ERR,ERR,ERR,ERR,ERR,ERR,ERR,ERR,ERR,ERR,ERR,ERR,ERR,ERR,ERR,ERR,ERR,ERR,ERR,ERR,ERR,ERR,ERR,ERR,ERR,ERR,ERR,ERR,ERR,ERR,ERR,ERR,ERR,ERR,ERR,ERR,ERR,ERR,ERR,ERR,ERR,ERR,ERR,ERR,ERR,ERR,ERR,ERR,ERR,ERR,ERR,ERR,ERR,ERR,ERR,ERR,ERR,ERR,ERR,ERR,ERR,ERR,ERR,ERR,ERR,ERR,ERR,ERR,0.0,0.0,2.6474777903227054e+23,0.0,0.0,1.3936040501711995e+18,7.805,0.0,0,0,4,0,7300,-0.0,0,0.0,0.0,0.0,0.0,0.0,0,0,0,0,0.0,0,0,0,0,0,0,0,0,0,0,0,0,0,0,0,0,0,0,0,0,0,0,0,0,0,0,0,0,0,0,0,0,0,32,30,30,62,65476,0,300,0,0,8,21553,0.0,-107605600.0,0.0,0.0,0.0,0.0,0.0,0.0,0.0,0.0,0.0,0.0,0.0,0.0,0.0,0.0,0.0,0.0,0.0,0.0,0.0,0.0,2.004,-0.0,-2.004,-0.0,0.0,0.0,0.0,0.0,5406.0,0.0,6949.0,0.0,0.0,-107615280.0,0.0,0.0,0.0,0.0,0.0,63,-152018387730432.0,0.059,0.0,0.0,0.0,0.0,0.0,0.0,0.0,0,0,0,0.0,0.0,0.0,0.0,0.0,0.0,0.0,0.0,0.0,0.0,0.0,0.0,0.0,0.0,0.0,0.0,0,-107875648.0,63,0.0,126,2.7184242562605685e+23,-109447136.0,ERR,ERR,ERR,ERR,ERR,ERR,ERR,ERR,ERR,ERR,ERR,ERR,ERR,ERR,ERR,ERR,ERR,ERR,ERR,ERR,ERR,ERR,ERR,ERR,ERR,ERR,ERR,ERR,ERR,ERR,ERR,ERR,ERR,ERR,ERR,ERR,ERR,ERR,ERR,ERR,ERR,ERR,ERR,ERR,ERR,ERR,ERR,ERR,ERR,ERR,ERR,ERR,ERR,ERR,ERR,ERR,ERR,ERR,ERR,ERR,ERR,ERR,ERR,ERR,ERR,ERR,ERR,34.0,80.0,35,0.0,0.0,0.0,0.0,0.0,0.0,0.0,0.0,0.0,0.0,0.0,0.0,0.0,0.0,0.0,0.0,64.4,0,117,56,50,65476,0,300,0,0,8,20529,65476,0,0,57672,80.0,0.0,0.0,0.0,0.0,0.0
2026-06-17T04:01:21,ERR,ERR,ERR,ERR,ERR,ERR,ERR,ERR,ERR,ERR,ERR,ERR,ERR,ERR,ERR,ERR,ERR,ERR,ERR,ERR,ERR,ERR,ERR,ERR,ERR,ERR,ERR,ERR,ERR,ERR,ERR,ERR,ERR,ERR,ERR,ERR,ERR,ERR,ERR,ERR,ERR,ERR,ERR,ERR,ERR,ERR,ERR,ERR,ERR,ERR,ERR,ERR,ERR,ERR,ERR,ERR,ERR,ERR,ERR,ERR,ERR,ERR,ERR,ERR,ERR,ERR,ERR,ERR,ERR,ERR,ERR,ERR,ERR,ERR,ERR,ERR,ERR,ERR,ERR,ERR,ERR,ERR,ERR,ERR,ERR,ERR,ERR,ERR,ERR,ERR,ERR,ERR,ERR,ERR,ERR,ERR,ERR,ERR,ERR,ERR,ERR,ERR,ERR,ERR,ERR,ERR,ERR,ERR,ERR,ERR,ERR,ERR,ERR,ERR,ERR,ERR,ERR,ERR,ERR,ERR,ERR,ERR,ERR,ERR,ERR,0.0,0.0,2.6474777903227054e+23,0.0,0.0,1.3936040501711995e+18,7.805,0.0,0,0,4,0,7300,-0.0,0,0.0,0.0,0.0,0.0,0.0,0,0,0,0,0.0,0,0,0,0,0,0,0,0,0,0,0,0,0,0,0,0,0,0,0,0,0,0,0,0,0,0,0,0,0,0,0,0,0,32,30,30,62,65476,0,300,0,0,8,21553,0.0,-107605600.0,0.0,0.0,0.0,0.0,0.0,0.0,0.0,0.0,0.0,0.0,0.0,0.0,0.0,0.0,0.0,0.0,0.0,0.0,0.0,0.0,2.004,-0.0,-2.004,-0.0,0.0,0.0,0.0,0.0,5405.0,131350.625,6953.0,0.0,0.0,-107615280.0,0.0,0.0,0.0,0.0,0.0,63,-126841077760.0,2.7184201129489113e+23,0.0,0.0,0.0,0.0,0.0,0.0,0.0,0,0,0,0.0,0.0,0.0,0.0,0.0,0.0,0.0,0.0,0.0,0.0,0.0,0.0,0.0,0.0,0.0,0.0,0,-107875648.0,63,0.0,126,2.7184242562605685e+23,-0.0,ERR,ERR,ERR,ERR,ERR,ERR,ERR,ERR,ERR,ERR,ERR,ERR,ERR,ERR,ERR,ERR,ERR,ERR,ERR,ERR,ERR,ERR,ERR,ERR,ERR,ERR,ERR,ERR,ERR,ERR,ERR,ERR,ERR,ERR,ERR,ERR,ERR,ERR,ERR,ERR,ERR,ERR,ERR,ERR,ERR,ERR,ERR,ERR,ERR,ERR,ERR,ERR,ERR,ERR,ERR,ERR,ERR,ERR,ERR,ERR,ERR,ERR,ERR,ERR,ERR,ERR,ERR,34.0,80.0,35,0.0,0.0,0.0,0.0,0.0,0.0,0.0,0.0,0.0,0.0,0.0,0.0,0.0,0.0,0.0,0.0,64.4,0,117,56,50,65476,0,300,0,0,8,20529,65476,0,0,57672,80.0,0.0,0.0,0.0,0.0,0.0
2026-06-17T04:01:22,ERR,ERR,ERR,ERR,ERR,ERR,ERR,ERR,ERR,ERR,ERR,ERR,ERR,ERR,ERR,ERR,ERR,ERR,ERR,ERR,ERR,ERR,ERR,ERR,ERR,ERR,ERR,ERR,ERR,ERR,ERR,ERR,ERR,ERR,ERR,ERR,ERR,ERR,ERR,ERR,ERR,ERR,ERR,ERR,ERR,ERR,ERR,ERR,ERR,ERR,ERR,ERR,ERR,ERR,ERR,ERR,ERR,ERR,ERR,ERR,ERR,ERR,ERR,ERR,ERR,ERR,ERR,ERR,ERR,ERR,ERR,ERR,ERR,ERR,ERR,ERR,ERR,ERR,ERR,ERR,ERR,ERR,ERR,ERR,ERR,ERR,ERR,ERR,ERR,ERR,ERR,ERR,ERR,ERR,ERR,ERR,ERR,ERR,ERR,ERR,ERR,ERR,ERR,ERR,ERR,ERR,ERR,ERR,ERR,ERR,ERR,ERR,ERR,ERR,ERR,ERR,ERR,ERR,ERR,ERR,ERR,ERR,ERR,ERR,ERR,0.0,0.0,2.6474777903227054e+23,0.0,0.0,1.3936040501711995e+18,7.805,0.0,0,0,4,0,7300,-0.0,0,0.0,0.0,0.0,0.0,0.0,0,0,0,0,0.0,0,0,0,0,0,0,0,0,0,0,0,0,0,0,0,0,0,0,0,0,0,0,0,0,0,0,0,0,0,0,0,0,0,32,30,30,62,65476,0,300,0,0,8,21553,0.0,-107605600.0,0.0,0.0,0.0,0.0,0.0,0.0,0.0,0.0,0.0,0.0,0.0,0.0,0.0,0.0,0.0,0.0,0.0,0.0,0.0,0.0,2.004,-0.0,-2.004,-0.0,0.0,0.0,0.0,0.0,5405.0,131350.625,6953.0,0.0,0.0,-107615280.0,0.0,0.0,0.0,0.0,0.0,63,-126841077760.0,2.7184201129489113e+23,0.0,0.0,0.0,0.0,0.0,0.0,0.0,0,0,0,0.0,0.0,0.0,0.0,0.0,0.0,0.0,0.0,0.0,0.0,0.0,0.0,0.0,0.0,0.0,0.0,0,-107875648.0,63,0.0,126,2.7184242562605685e+23,-0.0,ERR,ERR,ERR,ERR,ERR,ERR,ERR,ERR,ERR,ERR,ERR,ERR,ERR,ERR,ERR,ERR,ERR,ERR,ERR,ERR,ERR,ERR,ERR,ERR,ERR,ERR,ERR,ERR,ERR,ERR,ERR,ERR,ERR,ERR,ERR,ERR,ERR,ERR,ERR,ERR,ERR,ERR,ERR,ERR,ERR,ERR,ERR,ERR,ERR,ERR,ERR,ERR,ERR,ERR,ERR,ERR,ERR,ERR,ERR,ERR,ERR,ERR,ERR,ERR,ERR,ERR,ERR,34.0,80.0,35,0.0,0.0,0.0,0.0,0.0,0.0,0.0,0.0,0.0,0.0,0.0,0.0,0.0,0.0,0.0,0.0,64.4,0,117,56,50,65476,0,300,0,0,8,20529,65476,0,0,57672,80.0,0.0,0.0,0.0,0.0,0.0
2026-06-17T04:01:23,ERR,ERR,ERR,ERR,ERR,ERR,ERR,ERR,ERR,ERR,ERR,ERR,ERR,ERR,ERR,ERR,ERR,ERR,ERR,ERR,ERR,ERR,ERR,ERR,ERR,ERR,ERR,ERR,ERR,ERR,ERR,ERR,ERR,ERR,ERR,ERR,ERR,ERR,ERR,ERR,ERR,ERR,ERR,ERR,ERR,ERR,ERR,ERR,ERR,ERR,ERR,ERR,ERR,ERR,ERR,ERR,ERR,ERR,ERR,ERR,ERR,ERR,ERR,ERR,ERR,ERR,ERR,ERR,ERR,ERR,ERR,ERR,ERR,ERR,ERR,ERR,ERR,ERR,ERR,ERR,ERR,ERR,ERR,ERR,ERR,ERR,ERR,ERR,ERR,ERR,ERR,ERR,ERR,ERR,ERR,ERR,ERR,ERR,ERR,ERR,ERR,ERR,ERR,ERR,ERR,ERR,ERR,ERR,ERR,ERR,ERR,ERR,ERR,ERR,ERR,ERR,ERR,ERR,ERR,ERR,ERR,ERR,ERR,ERR,ERR,0.0,0.0,2.6474777903227054e+23,0.0,0.0,1.3936040501711995e+18,7.805,0.0,0,0,4,0,7300,-0.0,0,0.0,0.0,0.0,0.0,0.0,0,0,0,0,0.0,0,0,0,0,0,0,0,0,0,0,0,0,0,0,0,0,0,0,0,0,0,0,0,0,0,0,0,0,0,0,0,0,0,32,30,30,62,65476,0,300,0,0,8,21553,0.0,-107605600.0,0.0,0.0,0.0,0.0,0.0,0.0,0.0,0.0,0.0,0.0,0.0,0.0,0.0,0.0,0.0,0.0,0.0,0.0,0.0,0.0,2.004,-0.0,-2.004,-0.0,0.0,0.0,0.0,0.0,5405.0,131350.625,6953.0,0.0,0.0,-107615280.0,0.0,0.0,0.0,0.0,0.0,63,-126841077760.0,2.7184201129489113e+23,0.0,0.0,0.0,0.0,0.0,0.0,0.0,0,0,0,0.0,0.0,0.0,0.0,0.0,0.0,0.0,0.0,0.0,0.0,0.0,0.0,0.0,0.0,0.0,0.0,0,-107875648.0,63,0.0,126,2.7184242562605685e+23,-0.0,ERR,ERR,ERR,ERR,ERR,ERR,ERR,ERR,ERR,ERR,ERR,ERR,ERR,ERR,ERR,ERR,ERR,ERR,ERR,ERR,ERR,ERR,ERR,ERR,ERR,ERR,ERR,ERR,ERR,ERR,ERR,ERR,ERR,ERR,ERR,ERR,ERR,ERR,ERR,ERR,ERR,ERR,ERR,ERR,ERR,ERR,ERR,ERR,ERR,ERR,ERR,ERR,ERR,ERR,ERR,ERR,ERR,ERR,ERR,ERR,ERR,ERR,ERR,ERR,ERR,ERR,ERR,34.0,80.0,35,0.0,0.0,0.0,0.0,0.0,0.0,0.0,0.0,0.0,0.0,0.0,0.0,0.0,0.0,0.0,0.0,64.8,0,117,56,50,65476,0,300,0,0,8,20529,65476,0,0,57672,80.0,0.0,0.0,0.0,0.0,0.0
2026-06-17T04:01:24,ERR,ERR,ERR,ERR,ERR,ERR,ERR,ERR,ERR,ERR,ERR,ERR,ERR,ERR,ERR,ERR,ERR,ERR,ERR,ERR,ERR,ERR,ERR,ERR,ERR,ERR,ERR,ERR,ERR,ERR,ERR,ERR,ERR,ERR,ERR,ERR,ERR,ERR,ERR,ERR,ERR,ERR,ERR,ERR,ERR,ERR,ERR,ERR,ERR,ERR,ERR,ERR,ERR,ERR,ERR,ERR,ERR,ERR,ERR,ERR,ERR,ERR,ERR,ERR,ERR,ERR,ERR,ERR,ERR,ERR,ERR,ERR,ERR,ERR,ERR,ERR,ERR,ERR,ERR,ERR,ERR,ERR,ERR,ERR,ERR,ERR,ERR,ERR,ERR,ERR,ERR,ERR,ERR,ERR,ERR,ERR,ERR,ERR,ERR,ERR,ERR,ERR,ERR,ERR,ERR,ERR,ERR,ERR,ERR,ERR,ERR,ERR,ERR,ERR,ERR,ERR,ERR,ERR,ERR,ERR,ERR,ERR,ERR,ERR,ERR,0.0,0.0,2.6474777903227054e+23,0.0,0.0,1.3936040501711995e+18,7.805,0.0,0,0,4,0,7300,-0.0,0,0.0,0.0,0.0,0.0,0.0,0,0,0,0,0.0,0,0,0,0,0,0,0,0,0,0,0,0,0,0,0,0,0,0,0,0,0,0,0,0,0,0,0,0,0,0,0,0,0,32,30,30,62,65476,0,300,0,0,8,21553,0.0,-107605600.0,0.0,0.0,0.0,0.0,0.0,0.0,0.0,0.0,0.0,0.0,0.0,0.0,0.0,0.0,0.0,0.0,0.0,0.0,0.0,0.0,2.004,-0.0,-2.004,-0.0,0.0,0.0,0.0,0.0,5405.0,131350.625,6953.0,0.0,0.0,-107615280.0,0.0,0.0,0.0,0.0,0.0,63,-126841077760.0,2.7184201129489113e+23,0.0,0.0,0.0,0.0,0.0,0.0,0.0,0,0,0,0.0,0.0,0.0,0.0,0.0,0.0,0.0,0.0,0.0,0.0,0.0,0.0,0.0,0.0,0.0,0.0,0,-107875648.0,63,0.0,126,2.7184242562605685e+23,-0.0,ERR,ERR,ERR,ERR,ERR,ERR,ERR,ERR,ERR,ERR,ERR,ERR,ERR,ERR,ERR,ERR,ERR,ERR,ERR,ERR,ERR,ERR,ERR,ERR,ERR,ERR,ERR,ERR,ERR,ERR,ERR,ERR,ERR,ERR,ERR,ERR,ERR,ERR,ERR,ERR,ERR,ERR,ERR,ERR,ERR,ERR,ERR,ERR,ERR,ERR,ERR,ERR,ERR,ERR,ERR,ERR,ERR,ERR,ERR,ERR,ERR,ERR,ERR,ERR,ERR,ERR,ERR,34.0,80.0,35,0.0,0.0,0.0,0.0,0.0,0.0,0.0,0.0,0.0,0.0,0.0,0.0,0.0,0.0,0.0,0.0,64.8,0,117,56,50,65476,0,300,0,0,8,20529,65476,0,0,57672,80.0,0.0,0.0,0.0,0.0,0.0
2026-06-17T04:01:25,ERR,ERR,ERR,ERR,ERR,ERR,ERR,ERR,ERR,ERR,ERR,ERR,ERR,ERR,ERR,ERR,ERR,ERR,ERR,ERR,ERR,ERR,ERR,ERR,ERR,ERR,ERR,ERR,ERR,ERR,ERR,ERR,ERR,ERR,ERR,ERR,ERR,ERR,ERR,ERR,ERR,ERR,ERR,ERR,ERR,ERR,ERR,ERR,ERR,ERR,ERR,ERR,ERR,ERR,ERR,ERR,ERR,ERR,ERR,ERR,ERR,ERR,ERR,ERR,ERR,ERR,ERR,ERR,ERR,ERR,ERR,ERR,ERR,ERR,ERR,ERR,ERR,ERR,ERR,ERR,ERR,ERR,ERR,ERR,ERR,ERR,ERR,ERR,ERR,ERR,ERR,ERR,ERR,ERR,ERR,ERR,ERR,ERR,ERR,ERR,ERR,ERR,ERR,ERR,ERR,ERR,ERR,ERR,ERR,ERR,ERR,ERR,ERR,ERR,ERR,ERR,ERR,ERR,ERR,ERR,ERR,ERR,ERR,ERR,ERR,0.0,0.0,2.6474777903227054e+23,0.0,0.0,1.3936040501711995e+18,7.805,0.0,0,0,4,0,7300,-0.0,0,0.0,0.0,0.0,0.0,0.0,0,0,0,0,0.0,0,0,0,0,0,0,0,0,0,0,0,0,0,0,0,0,0,0,0,0,0,0,0,0,0,0,0,0,0,0,0,0,0,32,30,30,62,65476,0,300,0,0,8,21553,0.0,-107605600.0,0.0,0.0,0.0,0.0,0.0,0.0,0.0,0.0,0.0,0.0,0.0,0.0,0.0,0.0,0.0,0.0,0.0,0.0,0.0,0.0,2.004,-0.0,-2.004,-0.0,0.0,0.0,0.0,0.0,5405.0,131350.625,6953.0,0.0,0.0,-107615280.0,0.0,0.0,0.0,0.0,0.0,63,-126841077760.0,2.7184201129489113e+23,0.0,0.0,0.0,0.0,0.0,0.0,0.0,0,0,0,0.0,0.0,0.0,0.0,0.0,0.0,0.0,0.0,0.0,0.0,0.0,0.0,0.0,0.0,0.0,0.0,0,-107875648.0,63,0.0,126,2.7184242562605685e+23,-0.0,ERR,ERR,ERR,ERR,ERR,ERR,ERR,ERR,ERR,ERR,ERR,ERR,ERR,ERR,ERR,ERR,ERR,ERR,ERR,ERR,ERR,ERR,ERR,ERR,ERR,ERR,ERR,ERR,ERR,ERR,ERR,ERR,ERR,ERR,ERR,ERR,ERR,ERR,ERR,ERR,ERR,ERR,ERR,ERR,ERR,ERR,ERR,ERR,ERR,ERR,ERR,ERR,ERR,ERR,ERR,ERR,ERR,ERR,ERR,ERR,ERR,ERR,ERR,ERR,ERR,ERR,ERR,34.0,80.0,35,0.0,0.0,0.0,0.0,0.0,0.0,0.0,0.0,0.0,0.0,0.0,0.0,0.0,0.0,0.0,0.0,64.4,0,117,56,50,65476,0,300,0,0,8,20529,65476,0,0,57672,80.0,0.0,0.0,0.0,0.0,0.0
2026-06-17T04:01:26,ERR,ERR,ERR,ERR,ERR,ERR,ERR,ERR,ERR,ERR,ERR,ERR,ERR,ERR,ERR,ERR,ERR,ERR,ERR,ERR,ERR,ERR,ERR,ERR,ERR,ERR,ERR,ERR,ERR,ERR,ERR,ERR,ERR,ERR,ERR,ERR,ERR,ERR,ERR,ERR,ERR,ERR,ERR,ERR,ERR,ERR,ERR,ERR,ERR,ERR,ERR,ERR,ERR,ERR,ERR,ERR,ERR,ERR,ERR,ERR,ERR,ERR,ERR,ERR,ERR,ERR,ERR,ERR,ERR,ERR,ERR,ERR,ERR,ERR,ERR,ERR,ERR,ERR,ERR,ERR,ERR,ERR,ERR,ERR,ERR,ERR,ERR,ERR,ERR,ERR,ERR,ERR,ERR,ERR,ERR,ERR,ERR,ERR,ERR,ERR,ERR,ERR,ERR,ERR,ERR,ERR,ERR,ERR,ERR,ERR,ERR,ERR,ERR,ERR,ERR,ERR,ERR,ERR,ERR,ERR,ERR,ERR,ERR,ERR,ERR,0.0,0.0,2.6474777903227054e+23,0.0,0.0,1.3936040501711995e+18,7.805,0.0,0,0,4,0,7300,-0.0,0,0.0,0.0,0.0,0.0,0.0,0,0,0,0,0.0,0,0,0,0,0,0,0,0,0,0,0,0,0,0,0,0,0,0,0,0,0,0,0,0,0,0,0,0,0,0,0,0,0,32,30,30,62,65476,0,300,0,0,8,21553,0.0,-107605600.0,0.0,0.0,0.0,0.0,0.0,0.0,0.0,0.0,0.0,0.0,0.0,0.0,0.0,0.0,0.0,0.0,0.0,0.0,0.0,0.0,2.004,-0.0,-2.004,-0.0,0.0,0.0,0.0,0.0,5405.0,131350.625,6953.0,0.0,0.0,-107615280.0,0.0,0.0,0.0,0.0,0.0,63,-126841077760.0,2.7184201129489113e+23,0.0,0.0,0.0,0.0,0.0,0.0,0.0,0,0,0,0.0,0.0,0.0,0.0,0.0,0.0,0.0,0.0,0.0,0.0,0.0,0.0,0.0,0.0,0.0,0.0,0,-107875648.0,63,0.0,126,2.7184242562605685e+23,-0.0,ERR,ERR,ERR,ERR,ERR,ERR,ERR,ERR,ERR,ERR,ERR,ERR,ERR,ERR,ERR,ERR,ERR,ERR,ERR,ERR,ERR,ERR,ERR,ERR,ERR,ERR,ERR,ERR,ERR,ERR,ERR,ERR,ERR,ERR,ERR,ERR,ERR,ERR,ERR,ERR,ERR,ERR,ERR,ERR,ERR,ERR,ERR,ERR,ERR,ERR,ERR,ERR,ERR,ERR,ERR,ERR,ERR,ERR,ERR,ERR,ERR,ERR,ERR,ERR,ERR,ERR,ERR,34.0,80.0,35,0.0,0.0,0.0,0.0,0.0,0.0,0.0,0.0,0.0,0.0,0.0,0.0,0.0,0.0,0.0,0.0,64.4,0,117,56,50,65476,0,300,0,0,8,20529,65476,0,0,57672,80.0,0.0,0.0,0.0,0.0,0.0
2026-06-17T04:01:27,ERR,ERR,ERR,ERR,ERR,ERR,ERR,ERR,ERR,ERR,ERR,ERR,ERR,ERR,ERR,ERR,ERR,ERR,ERR,ERR,ERR,ERR,ERR,ERR,ERR,ERR,ERR,ERR,ERR,ERR,ERR,ERR,ERR,ERR,ERR,ERR,ERR,ERR,ERR,ERR,ERR,ERR,ERR,ERR,ERR,ERR,ERR,ERR,ERR,ERR,ERR,ERR,ERR,ERR,ERR,ERR,ERR,ERR,ERR,ERR,ERR,ERR,ERR,ERR,ERR,ERR,ERR,ERR,ERR,ERR,ERR,ERR,ERR,ERR,ERR,ERR,ERR,ERR,ERR,ERR,ERR,ERR,ERR,ERR,ERR,ERR,ERR,ERR,ERR,ERR,ERR,ERR,ERR,ERR,ERR,ERR,ERR,ERR,ERR,ERR,ERR,ERR,ERR,ERR,ERR,ERR,ERR,ERR,ERR,ERR,ERR,ERR,ERR,ERR,ERR,ERR,ERR,ERR,ERR,ERR,ERR,ERR,ERR,ERR,ERR,0.0,0.0,2.6474777903227054e+23,0.0,0.0,1.3936040501711995e+18,7.805,0.0,0,0,4,0,7300,-0.0,0,0.0,0.0,0.0,0.0,0.0,0,0,0,0,0.0,0,0,0,0,0,0,0,0,0,0,0,0,0,0,0,0,0,0,0,0,0,0,0,0,0,0,0,0,0,0,0,0,0,32,30,30,62,65476,0,300,0,0,8,21553,0.0,-107605600.0,0.0,0.0,0.0,0.0,0.0,0.0,0.0,0.0,0.0,0.0,0.0,0.0,0.0,0.0,0.0,0.0,0.0,0.0,0.0,0.0,2.004,-0.0,-0.0,-0.0,0.0,0.0,0.0,0.0,5405.0,0.0,6948.0,0.0,0.0,0.0,0.0,0.0,0.0,0.0,0.0,63,-126841077760.0,0.0,0.0,0.0,0.0,0.0,0.0,0.0,0.0,0,0,0,0.0,0.0,0.0,0.0,0.0,0.0,0.0,0.0,0.0,0.0,0.0,0.0,0.0,0.0,0.0,0.0,0,-107875648.0,63,0.0,126,2.7184242562605685e+23,-109447136.0,ERR,ERR,ERR,ERR,ERR,ERR,ERR,ERR,ERR,ERR,ERR,ERR,ERR,ERR,ERR,ERR,ERR,ERR,ERR,ERR,ERR,ERR,ERR,ERR,ERR,ERR,ERR,ERR,ERR,ERR,ERR,ERR,ERR,ERR,ERR,ERR,ERR,ERR,ERR,ERR,ERR,ERR,ERR,ERR,ERR,ERR,ERR,ERR,ERR,ERR,ERR,ERR,ERR,ERR,ERR,ERR,ERR,ERR,ERR,ERR,ERR,ERR,ERR,ERR,ERR,ERR,ERR,34.0,80.0,35,0.0,0.0,0.0,0.0,0.0,0.0,0.0,0.0,0.0,0.0,0.0,0.0,0.0,0.0,0.0,0.0,64.4,0,117,56,50,65476,0,300,0,0,8,20529,65476,0,0,57672,80.0,0.0,0.0,0.0,0.0,0.0
2026-06-17T04:01:28,ERR,ERR,ERR,ERR,ERR,ERR,ERR,ERR,ERR,ERR,ERR,ERR,ERR,ERR,ERR,ERR,ERR,ERR,ERR,ERR,ERR,ERR,ERR,ERR,ERR,ERR,ERR,ERR,ERR,ERR,ERR,ERR,ERR,ERR,ERR,ERR,ERR,ERR,ERR,ERR,ERR,ERR,ERR,ERR,ERR,ERR,ERR,ERR,ERR,ERR,ERR,ERR,ERR,ERR,ERR,ERR,ERR,ERR,ERR,ERR,ERR,ERR,ERR,ERR,ERR,ERR,ERR,ERR,ERR,ERR,ERR,ERR,ERR,ERR,ERR,ERR,ERR,ERR,ERR,ERR,ERR,ERR,ERR,ERR,ERR,ERR,ERR,ERR,ERR,ERR,ERR,ERR,ERR,ERR,ERR,ERR,ERR,ERR,ERR,ERR,ERR,ERR,ERR,ERR,ERR,ERR,ERR,ERR,ERR,ERR,ERR,ERR,ERR,ERR,ERR,ERR,ERR,ERR,ERR,ERR,ERR,ERR,ERR,ERR,ERR,0.0,0.0,2.6474777903227054e+23,0.0,0.0,1.3936040501711995e+18,7.805,0.0,0,0,4,0,7300,-0.0,0,0.0,0.0,0.0,0.0,0.0,0,0,0,0,0.0,0,0,0,0,0,0,0,0,0,0,0,0,0,0,0,0,0,0,0,0,0,0,0,0,0,0,0,0,0,0,0,0,0,32,30,30,62,65476,0,300,0,0,8,21553,0.0,-107605600.0,0.0,0.0,0.0,0.0,0.0,0.0,0.0,0.0,0.0,0.0,0.0,0.0,0.0,0.0,0.0,0.0,0.0,0.0,0.0,0.0,2.004,-0.0,-0.0,-0.0,0.0,0.0,0.0,0.0,5405.0,0.0,6948.0,0.0,0.0,0.0,0.0,0.0,0.0,0.0,0.0,63,-126841077760.0,0.0,0.0,0.0,0.0,0.0,0.0,0.0,0.0,0,0,0,0.0,0.0,0.0,0.0,0.0,0.0,0.0,0.0,0.0,0.0,0.0,0.0,0.0,0.0,0.0,0.0,0,-107875648.0,63,0.0,126,2.7184242562605685e+23,-109447136.0,ERR,ERR,ERR,ERR,ERR,ERR,ERR,ERR,ERR,ERR,ERR,ERR,ERR,ERR,ERR,ERR,ERR,ERR,ERR,ERR,ERR,ERR,ERR,ERR,ERR,ERR,ERR,ERR,ERR,ERR,ERR,ERR,ERR,ERR,ERR,ERR,ERR,ERR,ERR,ERR,ERR,ERR,ERR,ERR,ERR,ERR,ERR,ERR,ERR,ERR,ERR,ERR,ERR,ERR,ERR,ERR,ERR,ERR,ERR,ERR,ERR,ERR,ERR,ERR,ERR,ERR,ERR,34.0,80.0,35,0.0,0.0,0.0,0.0,0.0,0.0,0.0,0.0,0.0,0.0,0.0,0.0,0.0,0.0,0.0,0.0,64.4,0,117,56,50,65476,0,300,0,0,8,20529,65476,0,0,57672,80.0,0.0,0.0,0.0,0.0,0.0
2026-06-17T04:01:29,ERR,ERR,ERR,ERR,ERR,ERR,ERR,ERR,ERR,ERR,ERR,ERR,ERR,ERR,ERR,ERR,ERR,ERR,ERR,ERR,ERR,ERR,ERR,ERR,ERR,ERR,ERR,ERR,ERR,ERR,ERR,ERR,ERR,ERR,ERR,ERR,ERR,ERR,ERR,ERR,ERR,ERR,ERR,ERR,ERR,ERR,ERR,ERR,ERR,ERR,ERR,ERR,ERR,ERR,ERR,ERR,ERR,ERR,ERR,ERR,ERR,ERR,ERR,ERR,ERR,ERR,ERR,ERR,ERR,ERR,ERR,ERR,ERR,ERR,ERR,ERR,ERR,ERR,ERR,ERR,ERR,ERR,ERR,ERR,ERR,ERR,ERR,ERR,ERR,ERR,ERR,ERR,ERR,ERR,ERR,ERR,ERR,ERR,ERR,ERR,ERR,ERR,ERR,ERR,ERR,ERR,ERR,ERR,ERR,ERR,ERR,ERR,ERR,ERR,ERR,ERR,ERR,ERR,ERR,ERR,ERR,ERR,ERR,ERR,ERR,0.0,0.0,2.6474777903227054e+23,0.0,0.0,1.3936040501711995e+18,7.805,0.0,0,0,4,0,7300,-0.0,0,0.0,0.0,0.0,0.0,0.0,0,0,0,0,0.0,0,0,0,0,0,0,0,0,0,0,0,0,0,0,0,0,0,0,0,0,0,0,0,0,0,0,0,0,0,0,0,0,0,32,30,30,62,65476,0,300,0,0,8,21553,0.0,-107605600.0,0.0,0.0,0.0,0.0,0.0,0.0,0.0,0.0,0.0,0.0,0.0,0.0,0.0,0.0,0.0,0.0,0.0,0.0,0.0,0.0,2.004,-0.0,-0.0,-0.0,0.0,0.0,0.0,0.0,5405.0,0.0,6948.0,0.0,0.0,0.0,0.0,0.0,0.0,0.0,0.0,63,-126841077760.0,0.0,0.0,0.0,0.0,0.0,0.0,0.0,0.0,0,0,0,0.0,0.0,0.0,0.0,0.0,0.0,0.0,0.0,0.0,0.0,0.0,0.0,0.0,0.0,0.0,0.0,0,-107875648.0,63,0.0,126,2.7184242562605685e+23,-109447136.0,ERR,ERR,ERR,ERR,ERR,ERR,ERR,ERR,ERR,ERR,ERR,ERR,ERR,ERR,ERR,ERR,ERR,ERR,ERR,ERR,ERR,ERR,ERR,ERR,ERR,ERR,ERR,ERR,ERR,ERR,ERR,ERR,ERR,ERR,ERR,ERR,ERR,ERR,ERR,ERR,ERR,ERR,ERR,ERR,ERR,ERR,ERR,ERR,ERR,ERR,ERR,ERR,ERR,ERR,ERR,ERR,ERR,ERR,ERR,ERR,ERR,ERR,ERR,ERR,ERR,ERR,ERR,34.0,80.0,35,0.0,0.0,0.0,0.0,0.0,0.0,0.0,0.0,0.0,0.0,0.0,0.0,0.0,0.0,0.0,0.0,64.8,0,117,56,50,65476,0,300,0,0,8,20529,65476,0,0,57672,80.0,0.0,0.0,0.0,0.0,0.0
2026-06-17T04:01:30,ERR,ERR,ERR,ERR,ERR,ERR,ERR,ERR,ERR,ERR,ERR,ERR,ERR,ERR,ERR,ERR,ERR,ERR,ERR,ERR,ERR,ERR,ERR,ERR,ERR,ERR,ERR,ERR,ERR,ERR,ERR,ERR,ERR,ERR,ERR,ERR,ERR,ERR,ERR,ERR,ERR,ERR,ERR,ERR,ERR,ERR,ERR,ERR,ERR,ERR,ERR,ERR,ERR,ERR,ERR,ERR,ERR,ERR,ERR,ERR,ERR,ERR,ERR,ERR,ERR,ERR,ERR,ERR,ERR,ERR,ERR,ERR,ERR,ERR,ERR,ERR,ERR,ERR,ERR,ERR,ERR,ERR,ERR,ERR,ERR,ERR,ERR,ERR,ERR,ERR,ERR,ERR,ERR,ERR,ERR,ERR,ERR,ERR,ERR,ERR,ERR,ERR,ERR,ERR,ERR,ERR,ERR,ERR,ERR,ERR,ERR,ERR,ERR,ERR,ERR,ERR,ERR,ERR,ERR,ERR,ERR,ERR,ERR,ERR,ERR,0.0,0.0,2.6474777903227054e+23,0.0,0.0,1.3936040501711995e+18,7.805,0.0,0,0,4,0,7300,-0.0,0,0.0,0.0,0.0,0.0,0.0,0,0,0,0,0.0,0,0,0,0,0,0,0,0,0,0,0,0,0,0,0,0,0,0,0,0,0,0,0,0,0,0,0,0,0,0,0,0,0,32,30,30,62,65476,0,300,0,0,8,21553,0.0,-107605600.0,0.0,0.0,0.0,0.0,0.0,0.0,0.0,0.0,0.0,0.0,0.0,0.0,0.0,0.0,0.0,0.0,0.0,0.0,0.0,0.0,2.004,-0.0,-0.0,-0.0,0.0,0.0,0.0,0.0,5405.0,0.0,6948.0,0.0,0.0,0.0,0.0,0.0,0.0,0.0,0.0,63,-126841077760.0,0.0,0.0,0.0,0.0,0.0,0.0,0.0,0.0,0,0,0,0.0,0.0,0.0,0.0,0.0,0.0,0.0,0.0,0.0,0.0,0.0,0.0,0.0,0.0,0.0,0.0,0,-107875648.0,63,0.0,126,2.7184242562605685e+23,-109447136.0,ERR,ERR,ERR,ERR,ERR,ERR,ERR,ERR,ERR,ERR,ERR,ERR,ERR,ERR,ERR,ERR,ERR,ERR,ERR,ERR,ERR,ERR,ERR,ERR,ERR,ERR,ERR,ERR,ERR,ERR,ERR,ERR,ERR,ERR,ERR,ERR,ERR,ERR,ERR,ERR,ERR,ERR,ERR,ERR,ERR,ERR,ERR,ERR,ERR,ERR,ERR,ERR,ERR,ERR,ERR,ERR,ERR,ERR,ERR,ERR,ERR,ERR,ERR,ERR,ERR,ERR,ERR,34.0,80.0,35,0.0,0.0,0.0,0.0,0.0,0.0,0.0,0.0,0.0,0.0,0.0,0.0,0.0,0.0,0.0,0.0,64.8,0,117,56,50,65476,0,300,0,0,8,20529,65476,0,0,57672,80.0,0.0,0.0,0.0,0.0,0.0
2026-06-17T04:01:31,ERR,ERR,ERR,ERR,ERR,ERR,ERR,ERR,ERR,ERR,ERR,ERR,ERR,ERR,ERR,ERR,ERR,ERR,ERR,ERR,ERR,ERR,ERR,ERR,ERR,ERR,ERR,ERR,ERR,ERR,ERR,ERR,ERR,ERR,ERR,ERR,ERR,ERR,ERR,ERR,ERR,ERR,ERR,ERR,ERR,ERR,ERR,ERR,ERR,ERR,ERR,ERR,ERR,ERR,ERR,ERR,ERR,ERR,ERR,ERR,ERR,ERR,ERR,ERR,ERR,ERR,ERR,ERR,ERR,ERR,ERR,ERR,ERR,ERR,ERR,ERR,ERR,ERR,ERR,ERR,ERR,ERR,ERR,ERR,ERR,ERR,ERR,ERR,ERR,ERR,ERR,ERR,ERR,ERR,ERR,ERR,ERR,ERR,ERR,ERR,ERR,ERR,ERR,ERR,ERR,ERR,ERR,ERR,ERR,ERR,ERR,ERR,ERR,ERR,ERR,ERR,ERR,ERR,ERR,ERR,ERR,ERR,ERR,ERR,ERR,0.0,0.0,2.6474777903227054e+23,0.0,0.0,1.3936040501711995e+18,7.805,0.0,0,0,4,0,7300,-0.0,0,0.0,0.0,0.0,0.0,0.0,0,0,0,0,0.0,0,0,0,0,0,0,0,0,0,0,0,0,0,0,0,0,0,0,0,0,0,0,0,0,0,0,0,0,0,0,0,0,0,32,30,30,62,65476,0,300,0,0,8,21553,0.0,-107605600.0,0.0,0.0,0.0,0.0,0.0,0.0,0.0,0.0,0.0,0.0,0.0,0.0,0.0,0.0,0.0,0.0,0.0,0.0,0.0,0.0,2.004,-0.0,-0.0,-0.0,0.0,0.0,0.0,0.0,5405.0,0.0,6948.0,0.0,0.0,0.0,0.0,0.0,0.0,0.0,0.0,63,-126841077760.0,0.0,0.0,0.0,0.0,0.0,0.0,0.0,0.0,0,0,0,0.0,0.0,0.0,0.0,0.0,0.0,0.0,0.0,0.0,0.0,0.0,0.0,0.0,0.0,0.0,0.0,0,-107875648.0,63,0.0,126,2.7184242562605685e+23,-109447136.0,ERR,ERR,ERR,ERR,ERR,ERR,ERR,ERR,ERR,ERR,ERR,ERR,ERR,ERR,ERR,ERR,ERR,ERR,ERR,ERR,ERR,ERR,ERR,ERR,ERR,ERR,ERR,ERR,ERR,ERR,ERR,ERR,ERR,ERR,ERR,ERR,ERR,ERR,ERR,ERR,ERR,ERR,ERR,ERR,ERR,ERR,ERR,ERR,ERR,ERR,ERR,ERR,ERR,ERR,ERR,ERR,ERR,ERR,ERR,ERR,ERR,ERR,ERR,ERR,ERR,ERR,ERR,34.0,80.0,35,0.0,0.0,0.0,0.0,0.0,0.0,0.0,0.0,0.0,0.0,0.0,0.0,0.0,0.0,0.0,0.0,64.4,0,117,56,50,65476,0,300,0,0,8,20529,65476,0,0,57672,80.0,0.0,0.0,0.0,0.0,0.0
2026-06-17T04:01:32,ERR,ERR,ERR,ERR,ERR,ERR,ERR,ERR,ERR,ERR,ERR,ERR,ERR,ERR,ERR,ERR,ERR,ERR,ERR,ERR,ERR,ERR,ERR,ERR,ERR,ERR,ERR,ERR,ERR,ERR,ERR,ERR,ERR,ERR,ERR,ERR,ERR,ERR,ERR,ERR,ERR,ERR,ERR,ERR,ERR,ERR,ERR,ERR,ERR,ERR,ERR,ERR,ERR,ERR,ERR,ERR,ERR,ERR,ERR,ERR,ERR,ERR,ERR,ERR,ERR,ERR,ERR,ERR,ERR,ERR,ERR,ERR,ERR,ERR,ERR,ERR,ERR,ERR,ERR,ERR,ERR,ERR,ERR,ERR,ERR,ERR,ERR,ERR,ERR,ERR,ERR,ERR,ERR,ERR,ERR,ERR,ERR,ERR,ERR,ERR,ERR,ERR,ERR,ERR,ERR,ERR,ERR,ERR,ERR,ERR,ERR,ERR,ERR,ERR,ERR,ERR,ERR,ERR,ERR,ERR,ERR,ERR,ERR,ERR,ERR,0.0,0.0,2.6474777903227054e+23,0.0,0.0,1.3936040501711995e+18,7.805,0.0,0,0,4,0,7300,-0.0,0,0.0,0.0,0.0,0.0,0.0,0,0,0,0,0.0,0,0,0,0,0,0,0,0,0,0,0,0,0,0,0,0,0,0,0,0,0,0,0,0,0,0,0,0,0,0,0,0,0,32,30,30,62,65476,0,300,0,0,8,21553,0.0,-107605600.0,0.0,0.0,0.0,0.0,0.0,0.0,0.0,0.0,0.0,0.0,0.0,0.0,0.0,0.0,0.0,0.0,0.0,0.0,0.0,0.0,2.004,-0.0,-2.004,-0.0,0.0,0.0,0.0,0.0,5406.0,0.0,6946.0,0.0,0.0,0.0,0.0,0.0,0.0,0.0,0.0,63,-152018387730432.0,0.0,0.0,0.0,0.0,0.0,0.0,0.0,0.0,0,0,0,0.0,0.0,0.0,0.0,0.0,0.0,0.0,0.0,0.0,0.0,0.0,0.0,0.0,0.0,0.0,0.0,0,-107875648.0,63,0.0,126,2.7184242562605685e+23,-0.0,ERR,ERR,ERR,ERR,ERR,ERR,ERR,ERR,ERR,ERR,ERR,ERR,ERR,ERR,ERR,ERR,ERR,ERR,ERR,ERR,ERR,ERR,ERR,ERR,ERR,ERR,ERR,ERR,ERR,ERR,ERR,ERR,ERR,ERR,ERR,ERR,ERR,ERR,ERR,ERR,ERR,ERR,ERR,ERR,ERR,ERR,ERR,ERR,ERR,ERR,ERR,ERR,ERR,ERR,ERR,ERR,ERR,ERR,ERR,ERR,ERR,ERR,ERR,ERR,ERR,ERR,ERR,34.0,80.0,35,0.0,0.0,0.0,0.0,0.0,0.0,0.0,0.0,0.0,0.0,0.0,0.0,0.0,0.0,0.0,0.0,64.4,0,117,56,50,65476,0,300,0,0,8,20529,65476,0,0,57672,80.0,0.0,0.0,0.0,0.0,0.0
2026-06-17T04:01:33,ERR,ERR,ERR,ERR,ERR,ERR,ERR,ERR,ERR,ERR,ERR,ERR,ERR,ERR,ERR,ERR,ERR,ERR,ERR,ERR,ERR,ERR,ERR,ERR,ERR,ERR,ERR,ERR,ERR,ERR,ERR,ERR,ERR,ERR,ERR,ERR,ERR,ERR,ERR,ERR,ERR,ERR,ERR,ERR,ERR,ERR,ERR,ERR,ERR,ERR,ERR,ERR,ERR,ERR,ERR,ERR,ERR,ERR,ERR,ERR,ERR,ERR,ERR,ERR,ERR,ERR,ERR,ERR,ERR,ERR,ERR,ERR,ERR,ERR,ERR,ERR,ERR,ERR,ERR,ERR,ERR,ERR,ERR,ERR,ERR,ERR,ERR,ERR,ERR,ERR,ERR,ERR,ERR,ERR,ERR,ERR,ERR,ERR,ERR,ERR,ERR,ERR,ERR,ERR,ERR,ERR,ERR,ERR,ERR,ERR,ERR,ERR,ERR,ERR,ERR,ERR,ERR,ERR,ERR,ERR,ERR,ERR,ERR,ERR,ERR,0.0,0.0,2.6474777903227054e+23,0.0,0.0,1.3936040501711995e+18,7.805,0.0,0,0,4,0,7300,-0.0,0,0.0,0.0,0.0,0.0,0.0,0,0,0,0,0.0,0,0,0,0,0,0,0,0,0,0,0,0,0,0,0,0,0,0,0,0,0,0,0,0,0,0,0,0,0,0,0,0,0,32,30,30,62,65476,0,300,0,0,8,21553,0.0,-107605600.0,0.0,0.0,0.0,0.0,0.0,0.0,0.0,0.0,0.0,0.0,0.0,0.0,0.0,0.0,0.0,0.0,0.0,0.0,0.0,0.0,2.004,-0.0,-2.004,-0.0,0.0,0.0,0.0,0.0,5406.0,0.0,6946.0,0.0,0.0,0.0,0.0,0.0,0.0,0.0,0.0,63,-152018387730432.0,0.0,0.0,0.0,0.0,0.0,0.0,0.0,0.0,0,0,0,0.0,0.0,0.0,0.0,0.0,0.0,0.0,0.0,0.0,0.0,0.0,0.0,0.0,0.0,0.0,0.0,0,-107875648.0,63,0.0,126,2.7184242562605685e+23,-0.0,ERR,ERR,ERR,ERR,ERR,ERR,ERR,ERR,ERR,ERR,ERR,ERR,ERR,ERR,ERR,ERR,ERR,ERR,ERR,ERR,ERR,ERR,ERR,ERR,ERR,ERR,ERR,ERR,ERR,ERR,ERR,ERR,ERR,ERR,ERR,ERR,ERR,ERR,ERR,ERR,ERR,ERR,ERR,ERR,ERR,ERR,ERR,ERR,ERR,ERR,ERR,ERR,ERR,ERR,ERR,ERR,ERR,ERR,ERR,ERR,ERR,ERR,ERR,ERR,ERR,ERR,ERR,34.0,80.0,35,0.0,0.0,0.0,0.0,0.0,0.0,0.0,0.0,0.0,0.0,0.0,0.0,0.0,0.0,0.0,0.0,64.4,0,117,56,50,65476,0,300,0,0,8,20529,65476,0,0,57672,80.0,0.0,0.0,0.0,0.0,0.0
2026-06-17T04:01:34,ERR,ERR,ERR,ERR,ERR,ERR,ERR,ERR,ERR,ERR,ERR,ERR,ERR,ERR,ERR,ERR,ERR,ERR,ERR,ERR,ERR,ERR,ERR,ERR,ERR,ERR,ERR,ERR,ERR,ERR,ERR,ERR,ERR,ERR,ERR,ERR,ERR,ERR,ERR,ERR,ERR,ERR,ERR,ERR,ERR,ERR,ERR,ERR,ERR,ERR,ERR,ERR,ERR,ERR,ERR,ERR,ERR,ERR,ERR,ERR,ERR,ERR,ERR,ERR,ERR,ERR,ERR,ERR,ERR,ERR,ERR,ERR,ERR,ERR,ERR,ERR,ERR,ERR,ERR,ERR,ERR,ERR,ERR,ERR,ERR,ERR,ERR,ERR,ERR,ERR,ERR,ERR,ERR,ERR,ERR,ERR,ERR,ERR,ERR,ERR,ERR,ERR,ERR,ERR,ERR,ERR,ERR,ERR,ERR,ERR,ERR,ERR,ERR,ERR,ERR,ERR,ERR,ERR,ERR,ERR,ERR,ERR,ERR,ERR,ERR,0.0,0.0,2.6474777903227054e+23,0.0,0.0,1.3936040501711995e+18,7.805,0.0,0,0,4,0,7300,-0.0,0,0.0,0.0,0.0,0.0,0.0,0,0,0,0,0.0,0,0,0,0,0,0,0,0,0,0,0,0,0,0,0,0,0,0,0,0,0,0,0,0,0,0,0,0,0,0,0,0,0,32,30,30,62,65476,0,300,0,0,8,21553,0.0,-107605600.0,0.0,0.0,0.0,0.0,0.0,0.0,0.0,0.0,0.0,0.0,0.0,0.0,0.0,0.0,0.0,0.0,0.0,0.0,0.0,0.0,2.004,-0.0,-2.004,-0.0,0.0,0.0,0.0,0.0,5406.0,0.0,6946.0,0.0,0.0,0.0,0.0,0.0,0.0,0.0,0.0,63,-152018387730432.0,0.0,0.0,0.0,0.0,0.0,0.0,0.0,0.0,0,0,0,0.0,0.0,0.0,0.0,0.0,0.0,0.0,0.0,0.0,0.0,0.0,0.0,0.0,0.0,0.0,0.0,0,-107875648.0,63,0.0,126,2.7184242562605685e+23,-0.0,ERR,ERR,ERR,ERR,ERR,ERR,ERR,ERR,ERR,ERR,ERR,ERR,ERR,ERR,ERR,ERR,ERR,ERR,ERR,ERR,ERR,ERR,ERR,ERR,ERR,ERR,ERR,ERR,ERR,ERR,ERR,ERR,ERR,ERR,ERR,ERR,ERR,ERR,ERR,ERR,ERR,ERR,ERR,ERR,ERR,ERR,ERR,ERR,ERR,ERR,ERR,ERR,ERR,ERR,ERR,ERR,ERR,ERR,ERR,ERR,ERR,ERR,ERR,ERR,ERR,ERR,ERR,34.0,80.0,35,0.0,0.0,0.0,0.0,0.0,0.0,0.0,0.0,0.0,0.0,0.0,0.0,0.0,0.0,0.0,0.0,64.4,0,117,56,50,65476,0,300,0,0,8,20529,65476,0,0,57672,80.0,0.0,0.0,0.0,0.0,0.0
2026-06-17T04:01:35,ERR,ERR,ERR,ERR,ERR,ERR,ERR,ERR,ERR,ERR,ERR,ERR,ERR,ERR,ERR,ERR,ERR,ERR,ERR,ERR,ERR,ERR,ERR,ERR,ERR,ERR,ERR,ERR,ERR,ERR,ERR,ERR,ERR,ERR,ERR,ERR,ERR,ERR,ERR,ERR,ERR,ERR,ERR,ERR,ERR,ERR,ERR,ERR,ERR,ERR,ERR,ERR,ERR,ERR,ERR,ERR,ERR,ERR,ERR,ERR,ERR,ERR,ERR,ERR,ERR,ERR,ERR,ERR,ERR,ERR,ERR,ERR,ERR,ERR,ERR,ERR,ERR,ERR,ERR,ERR,ERR,ERR,ERR,ERR,ERR,ERR,ERR,ERR,ERR,ERR,ERR,ERR,ERR,ERR,ERR,ERR,ERR,ERR,ERR,ERR,ERR,ERR,ERR,ERR,ERR,ERR,ERR,ERR,ERR,ERR,ERR,ERR,ERR,ERR,ERR,ERR,ERR,ERR,ERR,ERR,ERR,ERR,ERR,ERR,ERR,0.0,0.0,2.6474777903227054e+23,0.0,0.0,1.3936040501711995e+18,7.805,0.0,0,0,4,0,7300,-0.0,0,0.0,0.0,0.0,0.0,0.0,0,0,0,0,0.0,0,0,0,0,0,0,0,0,0,0,0,0,0,0,0,0,0,0,0,0,0,0,0,0,0,0,0,0,0,0,0,0,0,32,30,30,62,65476,0,300,0,0,8,21553,0.0,-107605600.0,0.0,0.0,0.0,0.0,0.0,0.0,0.0,0.0,0.0,0.0,0.0,0.0,0.0,0.0,0.0,0.0,0.0,0.0,0.0,0.0,2.004,-0.0,-2.004,-0.0,0.0,0.0,0.0,0.0,5406.0,0.0,6946.0,0.0,0.0,0.0,0.0,0.0,0.0,0.0,0.0,63,-152018387730432.0,0.0,0.0,0.0,0.0,0.0,0.0,0.0,0.0,0,0,0,0.0,0.0,0.0,0.0,0.0,0.0,0.0,0.0,0.0,0.0,0.0,0.0,0.0,0.0,0.0,0.0,0,-107875648.0,63,0.0,126,2.7184242562605685e+23,-0.0,ERR,ERR,ERR,ERR,ERR,ERR,ERR,ERR,ERR,ERR,ERR,ERR,ERR,ERR,ERR,ERR,ERR,ERR,ERR,ERR,ERR,ERR,ERR,ERR,ERR,ERR,ERR,ERR,ERR,ERR,ERR,ERR,ERR,ERR,ERR,ERR,ERR,ERR,ERR,ERR,ERR,ERR,ERR,ERR,ERR,ERR,ERR,ERR,ERR,ERR,ERR,ERR,ERR,ERR,ERR,ERR,ERR,ERR,ERR,ERR,ERR,ERR,ERR,ERR,ERR,ERR,ERR,34.0,80.0,35,0.0,0.0,0.0,0.0,0.0,0.0,0.0,0.0,0.0,0.0,0.0,0.0,0.0,0.0,0.0,0.0,64.4,0,117,56,50,65476,0,300,0,0,8,20529,65476,0,0,57672,80.0,0.0,0.0,0.0,0.0,0.0
2026-06-17T04:01:36,ERR,ERR,ERR,ERR,ERR,ERR,ERR,ERR,ERR,ERR,ERR,ERR,ERR,ERR,ERR,ERR,ERR,ERR,ERR,ERR,ERR,ERR,ERR,ERR,ERR,ERR,ERR,ERR,ERR,ERR,ERR,ERR,ERR,ERR,ERR,ERR,ERR,ERR,ERR,ERR,ERR,ERR,ERR,ERR,ERR,ERR,ERR,ERR,ERR,ERR,ERR,ERR,ERR,ERR,ERR,ERR,ERR,ERR,ERR,ERR,ERR,ERR,ERR,ERR,ERR,ERR,ERR,ERR,ERR,ERR,ERR,ERR,ERR,ERR,ERR,ERR,ERR,ERR,ERR,ERR,ERR,ERR,ERR,ERR,ERR,ERR,ERR,ERR,ERR,ERR,ERR,ERR,ERR,ERR,ERR,ERR,ERR,ERR,ERR,ERR,ERR,ERR,ERR,ERR,ERR,ERR,ERR,ERR,ERR,ERR,ERR,ERR,ERR,ERR,ERR,ERR,ERR,ERR,ERR,ERR,ERR,ERR,ERR,ERR,ERR,0.0,0.0,2.6474777903227054e+23,0.0,0.0,1.3936040501711995e+18,7.805,0.0,0,0,4,0,7300,-0.0,0,0.0,0.0,0.0,0.0,0.0,0,0,0,0,0.0,0,0,0,0,0,0,0,0,0,0,0,0,0,0,0,0,0,0,0,0,0,0,0,0,0,0,0,0,0,0,0,0,0,32,30,30,62,65476,0,300,0,0,8,21553,0.0,-107605600.0,0.0,0.0,0.0,0.0,0.0,0.0,0.0,0.0,0.0,0.0,0.0,0.0,0.0,0.0,0.0,0.0,0.0,0.0,0.0,0.0,2.004,-0.0,-2.004,-0.0,0.0,0.0,0.0,0.0,5406.0,0.0,6946.0,0.0,0.0,0.0,0.0,0.0,0.0,0.0,0.0,63,-152018387730432.0,0.0,0.0,0.0,0.0,0.0,0.0,0.0,0.0,0,0,0,0.0,0.0,0.0,0.0,0.0,0.0,0.0,0.0,0.0,0.0,0.0,0.0,0.0,0.0,0.0,0.0,0,-107875648.0,63,0.0,126,2.7184242562605685e+23,-0.0,ERR,ERR,ERR,ERR,ERR,ERR,ERR,ERR,ERR,ERR,ERR,ERR,ERR,ERR,ERR,ERR,ERR,ERR,ERR,ERR,ERR,ERR,ERR,ERR,ERR,ERR,ERR,ERR,ERR,ERR,ERR,ERR,ERR,ERR,ERR,ERR,ERR,ERR,ERR,ERR,ERR,ERR,ERR,ERR,ERR,ERR,ERR,ERR,ERR,ERR,ERR,ERR,ERR,ERR,ERR,ERR,ERR,ERR,ERR,ERR,ERR,ERR,ERR,ERR,ERR,ERR,ERR,34.0,80.0,35,0.0,0.0,0.0,0.0,0.0,0.0,0.0,0.0,0.0,0.0,0.0,0.0,0.0,0.0,0.0,0.0,64.8,0,117,56,50,65476,0,300,0,0,8,20529,65476,0,0,57672,80.0,0.0,0.0,0.0,0.0,0.0
2026-06-17T04:01:37,ERR,ERR,ERR,ERR,ERR,ERR,ERR,ERR,ERR,ERR,ERR,ERR,ERR,ERR,ERR,ERR,ERR,ERR,ERR,ERR,ERR,ERR,ERR,ERR,ERR,ERR,ERR,ERR,ERR,ERR,ERR,ERR,ERR,ERR,ERR,ERR,ERR,ERR,ERR,ERR,ERR,ERR,ERR,ERR,ERR,ERR,ERR,ERR,ERR,ERR,ERR,ERR,ERR,ERR,ERR,ERR,ERR,ERR,ERR,ERR,ERR,ERR,ERR,ERR,ERR,ERR,ERR,ERR,ERR,ERR,ERR,ERR,ERR,ERR,ERR,ERR,ERR,ERR,ERR,ERR,ERR,ERR,ERR,ERR,ERR,ERR,ERR,ERR,ERR,ERR,ERR,ERR,ERR,ERR,ERR,ERR,ERR,ERR,ERR,ERR,ERR,ERR,ERR,ERR,ERR,ERR,ERR,ERR,ERR,ERR,ERR,ERR,ERR,ERR,ERR,ERR,ERR,ERR,ERR,ERR,ERR,ERR,ERR,ERR,ERR,0.0,0.0,2.6474777903227054e+23,0.0,0.0,1.3936040501711995e+18,7.805,0.0,0,0,4,0,7300,-0.0,0,0.0,0.0,0.0,0.0,0.0,0,0,0,0,0.0,0,0,0,0,0,0,0,0,0,0,0,0,0,0,0,0,0,0,0,0,0,0,0,0,0,0,0,0,0,0,0,0,0,32,30,30,62,65476,0,300,0,0,8,21553,0.0,-107605600.0,0.0,0.0,0.0,0.0,0.0,0.0,0.0,0.0,0.0,0.0,0.0,0.0,0.0,0.0,0.0,0.0,0.0,0.0,0.0,0.0,2.004,-0.0,-2.004,-0.0,0.0,0.0,0.0,0.0,5402.0,131350.625,6953.0,0.0,0.0,-107615280.0,0.0,0.0,0.0,0.0,0.0,63,-71.63,2.7184201129489113e+23,0.0,0.0,0.0,0.0,0.0,0.0,0.0,0,0,0,0.0,0.0,0.0,0.0,0.0,0.0,0.0,0.0,0.0,0.0,0.0,0.0,0.0,0.0,0.0,0.0,0,-107875648.0,63,0.0,126,2.7184242562605685e+23,-0.0,ERR,ERR,ERR,ERR,ERR,ERR,ERR,ERR,ERR,ERR,ERR,ERR,ERR,ERR,ERR,ERR,ERR,ERR,ERR,ERR,ERR,ERR,ERR,ERR,ERR,ERR,ERR,ERR,ERR,ERR,ERR,ERR,ERR,ERR,ERR,ERR,ERR,ERR,ERR,ERR,ERR,ERR,ERR,ERR,ERR,ERR,ERR,ERR,ERR,ERR,ERR,ERR,ERR,ERR,ERR,ERR,ERR,ERR,ERR,ERR,ERR,ERR,ERR,ERR,ERR,ERR,ERR,34.0,80.0,35,0.0,0.0,0.0,0.0,0.0,0.0,0.0,0.0,0.0,0.0,0.0,0.0,0.0,0.0,0.0,0.0,64.8,0,117,56,50,65476,0,300,0,0,8,20529,65476,0,0,57672,80.0,0.0,0.0,0.0,0.0,0.0
2026-06-17T04:01:38,ERR,ERR,ERR,ERR,ERR,ERR,ERR,ERR,ERR,ERR,ERR,ERR,ERR,ERR,ERR,ERR,ERR,ERR,ERR,ERR,ERR,ERR,ERR,ERR,ERR,ERR,ERR,ERR,ERR,ERR,ERR,ERR,ERR,ERR,ERR,ERR,ERR,ERR,ERR,ERR,ERR,ERR,ERR,ERR,ERR,ERR,ERR,ERR,ERR,ERR,ERR,ERR,ERR,ERR,ERR,ERR,ERR,ERR,ERR,ERR,ERR,ERR,ERR,ERR,ERR,ERR,ERR,ERR,ERR,ERR,ERR,ERR,ERR,ERR,ERR,ERR,ERR,ERR,ERR,ERR,ERR,ERR,ERR,ERR,ERR,ERR,ERR,ERR,ERR,ERR,ERR,ERR,ERR,ERR,ERR,ERR,ERR,ERR,ERR,ERR,ERR,ERR,ERR,ERR,ERR,ERR,ERR,ERR,ERR,ERR,ERR,ERR,ERR,ERR,ERR,ERR,ERR,ERR,ERR,ERR,ERR,ERR,ERR,ERR,ERR,0.0,0.0,2.6474777903227054e+23,0.0,0.0,1.3936040501711995e+18,7.805,0.0,0,0,4,0,7300,-0.0,0,0.0,0.0,0.0,0.0,0.0,0,0,0,0,0.0,0,0,0,0,0,0,0,0,0,0,0,0,0,0,0,0,0,0,0,0,0,0,0,0,0,0,0,0,0,0,0,0,0,32,30,30,62,65476,0,300,0,0,8,21553,0.0,-107605600.0,0.0,0.0,0.0,0.0,0.0,0.0,0.0,0.0,0.0,0.0,0.0,0.0,0.0,0.0,0.0,0.0,0.0,0.0,0.0,0.0,2.004,-0.0,-2.004,-0.0,0.0,0.0,0.0,0.0,5402.0,131350.625,6953.0,0.0,0.0,-107615280.0,0.0,0.0,0.0,0.0,0.0,63,-71.63,2.7184201129489113e+23,0.0,0.0,0.0,0.0,0.0,0.0,0.0,0,0,0,0.0,0.0,0.0,0.0,0.0,0.0,0.0,0.0,0.0,0.0,0.0,0.0,0.0,0.0,0.0,0.0,0,-107875648.0,63,0.0,126,2.7184242562605685e+23,-0.0,ERR,ERR,ERR,ERR,ERR,ERR,ERR,ERR,ERR,ERR,ERR,ERR,ERR,ERR,ERR,ERR,ERR,ERR,ERR,ERR,ERR,ERR,ERR,ERR,ERR,ERR,ERR,ERR,ERR,ERR,ERR,ERR,ERR,ERR,ERR,ERR,ERR,ERR,ERR,ERR,ERR,ERR,ERR,ERR,ERR,ERR,ERR,ERR,ERR,ERR,ERR,ERR,ERR,ERR,ERR,ERR,ERR,ERR,ERR,ERR,ERR,ERR,ERR,ERR,ERR,ERR,ERR,34.0,80.0,35,0.0,0.0,0.0,0.0,0.0,0.0,0.0,0.0,0.0,0.0,0.0,0.0,0.0,0.0,0.0,0.0,64.4,0,117,56,50,65476,0,300,0,0,8,20529,65476,0,0,57672,80.0,0.0,0.0,0.0,0.0,0.0
2026-06-17T04:01:39,ERR,ERR,ERR,ERR,ERR,ERR,ERR,ERR,ERR,ERR,ERR,ERR,ERR,ERR,ERR,ERR,ERR,ERR,ERR,ERR,ERR,ERR,ERR,ERR,ERR,ERR,ERR,ERR,ERR,ERR,ERR,ERR,ERR,ERR,ERR,ERR,ERR,ERR,ERR,ERR,ERR,ERR,ERR,ERR,ERR,ERR,ERR,ERR,ERR,ERR,ERR,ERR,ERR,ERR,ERR,ERR,ERR,ERR,ERR,ERR,ERR,ERR,ERR,ERR,ERR,ERR,ERR,ERR,ERR,ERR,ERR,ERR,ERR,ERR,ERR,ERR,ERR,ERR,ERR,ERR,ERR,ERR,ERR,ERR,ERR,ERR,ERR,ERR,ERR,ERR,ERR,ERR,ERR,ERR,ERR,ERR,ERR,ERR,ERR,ERR,ERR,ERR,ERR,ERR,ERR,ERR,ERR,ERR,ERR,ERR,ERR,ERR,ERR,ERR,ERR,ERR,ERR,ERR,ERR,ERR,ERR,ERR,ERR,ERR,ERR,0.0,0.0,2.6474777903227054e+23,0.0,0.0,1.3936040501711995e+18,7.805,0.0,0,0,4,0,7300,-0.0,0,0.0,0.0,0.0,0.0,0.0,0,0,0,0,0.0,0,0,0,0,0,0,0,0,0,0,0,0,0,0,0,0,0,0,0,0,0,0,0,0,0,0,0,0,0,0,0,0,0,32,30,30,62,65476,0,300,0,0,8,21553,0.0,-107605600.0,0.0,0.0,0.0,0.0,0.0,0.0,0.0,0.0,0.0,0.0,0.0,0.0,0.0,0.0,0.0,0.0,0.0,0.0,0.0,0.0,2.004,-0.0,-2.004,-0.0,0.0,0.0,0.0,0.0,5402.0,131350.625,6953.0,0.0,0.0,-107615280.0,0.0,0.0,0.0,0.0,0.0,63,-71.63,2.7184201129489113e+23,0.0,0.0,0.0,0.0,0.0,0.0,0.0,0,0,0,0.0,0.0,0.0,0.0,0.0,0.0,0.0,0.0,0.0,0.0,0.0,0.0,0.0,0.0,0.0,0.0,0,-107875648.0,63,0.0,126,2.7184242562605685e+23,-0.0,ERR,ERR,ERR,ERR,ERR,ERR,ERR,ERR,ERR,ERR,ERR,ERR,ERR,ERR,ERR,ERR,ERR,ERR,ERR,ERR,ERR,ERR,ERR,ERR,ERR,ERR,ERR,ERR,ERR,ERR,ERR,ERR,ERR,ERR,ERR,ERR,ERR,ERR,ERR,ERR,ERR,ERR,ERR,ERR,ERR,ERR,ERR,ERR,ERR,ERR,ERR,ERR,ERR,ERR,ERR,ERR,ERR,ERR,ERR,ERR,ERR,ERR,ERR,ERR,ERR,ERR,ERR,34.0,80.0,35,0.0,0.0,0.0,0.0,0.0,0.0,0.0,0.0,0.0,0.0,0.0,0.0,0.0,0.0,0.0,0.0,64.4,0,117,56,50,65476,0,300,0,0,8,20529,65476,0,0,57672,80.0,0.0,0.0,0.0,0.0,0.0
2026-06-17T04:01:40,ERR,ERR,ERR,ERR,ERR,ERR,ERR,ERR,ERR,ERR,ERR,ERR,ERR,ERR,ERR,ERR,ERR,ERR,ERR,ERR,ERR,ERR,ERR,ERR,ERR,ERR,ERR,ERR,ERR,ERR,ERR,ERR,ERR,ERR,ERR,ERR,ERR,ERR,ERR,ERR,ERR,ERR,ERR,ERR,ERR,ERR,ERR,ERR,ERR,ERR,ERR,ERR,ERR,ERR,ERR,ERR,ERR,ERR,ERR,ERR,ERR,ERR,ERR,ERR,ERR,ERR,ERR,ERR,ERR,ERR,ERR,ERR,ERR,ERR,ERR,ERR,ERR,ERR,ERR,ERR,ERR,ERR,ERR,ERR,ERR,ERR,ERR,ERR,ERR,ERR,ERR,ERR,ERR,ERR,ERR,ERR,ERR,ERR,ERR,ERR,ERR,ERR,ERR,ERR,ERR,ERR,ERR,ERR,ERR,ERR,ERR,ERR,ERR,ERR,ERR,ERR,ERR,ERR,ERR,ERR,ERR,ERR,ERR,ERR,ERR,0.0,0.0,2.6474777903227054e+23,0.0,0.0,1.3936040501711995e+18,7.805,0.0,0,0,4,0,7300,-0.0,0,0.0,0.0,0.0,0.0,0.0,0,0,0,0,0.0,0,0,0,0,0,0,0,0,0,0,0,0,0,0,0,0,0,0,0,0,0,0,0,0,0,0,0,0,0,0,0,0,0,32,30,30,62,65476,0,300,0,0,8,21553,0.0,-107605600.0,0.0,0.0,0.0,0.0,0.0,0.0,0.0,0.0,0.0,0.0,0.0,0.0,0.0,0.0,0.0,0.0,0.0,0.0,0.0,0.0,2.004,-0.0,-2.004,-0.0,0.0,0.0,0.0,0.0,5402.0,131350.625,6953.0,0.0,0.0,-107615280.0,0.0,0.0,0.0,0.0,0.0,63,-71.63,2.7184201129489113e+23,0.0,0.0,0.0,0.0,0.0,0.0,0.0,0,0,0,0.0,0.0,0.0,0.0,0.0,0.0,0.0,0.0,0.0,0.0,0.0,0.0,0.0,0.0,0.0,0.0,0,-107875648.0,63,0.0,126,2.7184242562605685e+23,-0.0,ERR,ERR,ERR,ERR,ERR,ERR,ERR,ERR,ERR,ERR,ERR,ERR,ERR,ERR,ERR,ERR,ERR,ERR,ERR,ERR,ERR,ERR,ERR,ERR,ERR,ERR,ERR,ERR,ERR,ERR,ERR,ERR,ERR,ERR,ERR,ERR,ERR,ERR,ERR,ERR,ERR,ERR,ERR,ERR,ERR,ERR,ERR,ERR,ERR,ERR,ERR,ERR,ERR,ERR,ERR,ERR,ERR,ERR,ERR,ERR,ERR,ERR,ERR,ERR,ERR,ERR,ERR,34.0,80.0,35,0.0,0.0,0.0,0.0,0.0,0.0,0.0,0.0,0.0,0.0,0.0,0.0,0.0,0.0,0.0,0.0,64.4,0,117,56,50,65476,0,300,0,0,8,20529,65476,0,0,57672,80.0,0.0,0.0,0.0,0.0,0.0
2026-06-17T04:01:41,ERR,ERR,ERR,ERR,ERR,ERR,ERR,ERR,ERR,ERR,ERR,ERR,ERR,ERR,ERR,ERR,ERR,ERR,ERR,ERR,ERR,ERR,ERR,ERR,ERR,ERR,ERR,ERR,ERR,ERR,ERR,ERR,ERR,ERR,ERR,ERR,ERR,ERR,ERR,ERR,ERR,ERR,ERR,ERR,ERR,ERR,ERR,ERR,ERR,ERR,ERR,ERR,ERR,ERR,ERR,ERR,ERR,ERR,ERR,ERR,ERR,ERR,ERR,ERR,ERR,ERR,ERR,ERR,ERR,ERR,ERR,ERR,ERR,ERR,ERR,ERR,ERR,ERR,ERR,ERR,ERR,ERR,ERR,ERR,ERR,ERR,ERR,ERR,ERR,ERR,ERR,ERR,ERR,ERR,ERR,ERR,ERR,ERR,ERR,ERR,ERR,ERR,ERR,ERR,ERR,ERR,ERR,ERR,ERR,ERR,ERR,ERR,ERR,ERR,ERR,ERR,ERR,ERR,ERR,ERR,ERR,ERR,ERR,ERR,ERR,0.0,0.0,2.6474777903227054e+23,0.0,0.0,1.3936040501711995e+18,7.805,0.0,0,0,4,0,7300,-0.0,0,0.0,0.0,0.0,0.0,0.0,0,0,0,0,0.0,0,0,0,0,0,0,0,0,0,0,0,0,0,0,0,0,0,0,0,0,0,0,0,0,0,0,0,0,0,0,0,0,0,32,30,30,62,65476,0,300,0,0,8,21553,0.0,-107605600.0,0.0,0.0,0.0,0.0,0.0,0.0,0.0,0.0,0.0,0.0,0.0,0.0,0.0,0.0,0.0,0.0,0.0,0.0,0.0,0.0,2.004,-0.0,-2.004,-0.0,0.0,0.0,0.0,0.0,5402.0,131350.625,6953.0,0.0,0.0,-107615280.0,0.0,0.0,0.0,0.0,0.0,63,-71.63,2.7184201129489113e+23,0.0,0.0,0.0,0.0,0.0,0.0,0.0,0,0,0,0.0,0.0,0.0,0.0,0.0,0.0,0.0,0.0,0.0,0.0,0.0,0.0,0.0,0.0,0.0,0.0,0,-107875648.0,63,0.0,126,2.7184242562605685e+23,-0.0,ERR,ERR,ERR,ERR,ERR,ERR,ERR,ERR,ERR,ERR,ERR,ERR,ERR,ERR,ERR,ERR,ERR,ERR,ERR,ERR,ERR,ERR,ERR,ERR,ERR,ERR,ERR,ERR,ERR,ERR,ERR,ERR,ERR,ERR,ERR,ERR,ERR,ERR,ERR,ERR,ERR,ERR,ERR,ERR,ERR,ERR,ERR,ERR,ERR,ERR,ERR,ERR,ERR,ERR,ERR,ERR,ERR,ERR,ERR,ERR,ERR,ERR,ERR,ERR,ERR,ERR,ERR,34.0,80.0,35,0.0,0.0,0.0,0.0,0.0,0.0,0.0,0.0,0.0,0.0,0.0,0.0,0.0,0.0,0.0,0.0,64.4,0,117,56,50,65476,0,300,0,0,8,20529,65476,0,0,57672,80.0,0.0,0.0,0.0,0.0,0.0
2026-06-17T04:01:42,ERR,ERR,ERR,ERR,ERR,ERR,ERR,ERR,ERR,ERR,ERR,ERR,ERR,ERR,ERR,ERR,ERR,ERR,ERR,ERR,ERR,ERR,ERR,ERR,ERR,ERR,ERR,ERR,ERR,ERR,ERR,ERR,ERR,ERR,ERR,ERR,ERR,ERR,ERR,ERR,ERR,ERR,ERR,ERR,ERR,ERR,ERR,ERR,ERR,ERR,ERR,ERR,ERR,ERR,ERR,ERR,ERR,ERR,ERR,ERR,ERR,ERR,ERR,ERR,ERR,ERR,ERR,ERR,ERR,ERR,ERR,ERR,ERR,ERR,ERR,ERR,ERR,ERR,ERR,ERR,ERR,ERR,ERR,ERR,ERR,ERR,ERR,ERR,ERR,ERR,ERR,ERR,ERR,ERR,ERR,ERR,ERR,ERR,ERR,ERR,ERR,ERR,ERR,ERR,ERR,ERR,ERR,ERR,ERR,ERR,ERR,ERR,ERR,ERR,ERR,ERR,ERR,ERR,ERR,ERR,ERR,ERR,ERR,ERR,ERR,0.0,0.0,2.6474777903227054e+23,0.0,0.0,1.3936040501711995e+18,7.805,0.0,0,0,4,0,7300,-0.0,0,0.0,0.0,0.0,0.0,0.0,0,0,0,0,0.0,0,0,0,0,0,0,0,0,0,0,0,0,0,0,0,0,0,0,0,0,0,0,0,0,0,0,0,0,0,0,0,0,0,32,30,30,62,65476,0,300,0,0,8,21553,0.0,-107605600.0,0.0,0.0,0.0,0.0,0.0,0.0,0.0,0.0,0.0,0.0,0.0,0.0,0.0,0.0,0.0,0.0,0.0,0.0,0.0,0.0,2.004,-0.0,-0.0,-0.0,0.0,0.0,0.0,0.0,5401.0,-8608194560.0,6970.0,0.0,0.0,-107615280.0,0.0,0.0,0.0,0.0,0.0,63,-71.63,0.0,0.0,0.0,0.0,0.0,0.0,0.0,0.0,0,0,0,0.0,0.0,0.0,0.0,0.0,0.0,0.0,0.0,0.0,0.0,0.0,0.0,0.0,0.0,0.0,0.0,0,-107875648.0,63,0.0,126,2.7184242562605685e+23,-0.0,ERR,ERR,ERR,ERR,ERR,ERR,ERR,ERR,ERR,ERR,ERR,ERR,ERR,ERR,ERR,ERR,ERR,ERR,ERR,ERR,ERR,ERR,ERR,ERR,ERR,ERR,ERR,ERR,ERR,ERR,ERR,ERR,ERR,ERR,ERR,ERR,ERR,ERR,ERR,ERR,ERR,ERR,ERR,ERR,ERR,ERR,ERR,ERR,ERR,ERR,ERR,ERR,ERR,ERR,ERR,ERR,ERR,ERR,ERR,ERR,ERR,ERR,ERR,ERR,ERR,ERR,ERR,34.0,80.0,35,0.0,0.0,0.0,0.0,0.0,0.0,0.0,0.0,0.0,0.0,0.0,0.0,0.0,0.0,0.0,0.0,64.4,0,117,56,50,65476,0,300,0,0,8,20529,65476,0,0,57672,80.0,0.0,0.0,0.0,0.0,0.0
2026-06-17T04:01:43,ERR,ERR,ERR,ERR,ERR,ERR,ERR,ERR,ERR,ERR,ERR,ERR,ERR,ERR,ERR,ERR,ERR,ERR,ERR,ERR,ERR,ERR,ERR,ERR,ERR,ERR,ERR,ERR,ERR,ERR,ERR,ERR,ERR,ERR,ERR,ERR,ERR,ERR,ERR,ERR,ERR,ERR,ERR,ERR,ERR,ERR,ERR,ERR,ERR,ERR,ERR,ERR,ERR,ERR,ERR,ERR,ERR,ERR,ERR,ERR,ERR,ERR,ERR,ERR,ERR,ERR,ERR,ERR,ERR,ERR,ERR,ERR,ERR,ERR,ERR,ERR,ERR,ERR,ERR,ERR,ERR,ERR,ERR,ERR,ERR,ERR,ERR,ERR,ERR,ERR,ERR,ERR,ERR,ERR,ERR,ERR,ERR,ERR,ERR,ERR,ERR,ERR,ERR,ERR,ERR,ERR,ERR,ERR,ERR,ERR,ERR,ERR,ERR,ERR,ERR,ERR,ERR,ERR,ERR,ERR,ERR,ERR,ERR,ERR,ERR,0.0,0.0,2.6474777903227054e+23,0.0,0.0,1.3936040501711995e+18,7.805,0.0,0,0,4,0,7300,-0.0,0,0.0,0.0,0.0,0.0,0.0,0,0,0,0,0.0,0,0,0,0,0,0,0,0,0,0,0,0,0,0,0,0,0,0,0,0,0,0,0,0,0,0,0,0,0,0,0,0,0,32,30,30,62,65476,0,300,0,0,8,21553,0.0,-107605600.0,0.0,0.0,0.0,0.0,0.0,0.0,0.0,0.0,0.0,0.0,0.0,0.0,0.0,0.0,0.0,0.0,0.0,0.0,0.0,0.0,2.004,-0.0,-0.0,-0.0,0.0,0.0,0.0,0.0,5401.0,-8608194560.0,6970.0,0.0,0.0,-107615280.0,0.0,0.0,0.0,0.0,0.0,63,-71.63,0.0,0.0,0.0,0.0,0.0,0.0,0.0,0.0,0,0,0,0.0,0.0,0.0,0.0,0.0,0.0,0.0,0.0,0.0,0.0,0.0,0.0,0.0,0.0,0.0,0.0,0,-107875648.0,63,0.0,126,2.7184242562605685e+23,-0.0,ERR,ERR,ERR,ERR,ERR,ERR,ERR,ERR,ERR,ERR,ERR,ERR,ERR,ERR,ERR,ERR,ERR,ERR,ERR,ERR,ERR,ERR,ERR,ERR,ERR,ERR,ERR,ERR,ERR,ERR,ERR,ERR,ERR,ERR,ERR,ERR,ERR,ERR,ERR,ERR,ERR,ERR,ERR,ERR,ERR,ERR,ERR,ERR,ERR,ERR,ERR,ERR,ERR,ERR,ERR,ERR,ERR,ERR,ERR,ERR,ERR,ERR,ERR,ERR,ERR,ERR,ERR,34.0,80.0,35,0.0,0.0,0.0,0.0,0.0,0.0,0.0,0.0,0.0,0.0,0.0,0.0,0.0,0.0,0.0,0.0,64.4,0,117,56,50,65476,0,300,0,0,8,20529,65476,0,0,57672,80.0,0.0,0.0,0.0,0.0,0.0
2026-06-17T04:01:44,ERR,ERR,ERR,ERR,ERR,ERR,ERR,ERR,ERR,ERR,ERR,ERR,ERR,ERR,ERR,ERR,ERR,ERR,ERR,ERR,ERR,ERR,ERR,ERR,ERR,ERR,ERR,ERR,ERR,ERR,ERR,ERR,ERR,ERR,ERR,ERR,ERR,ERR,ERR,ERR,ERR,ERR,ERR,ERR,ERR,ERR,ERR,ERR,ERR,ERR,ERR,ERR,ERR,ERR,ERR,ERR,ERR,ERR,ERR,ERR,ERR,ERR,ERR,ERR,ERR,ERR,ERR,ERR,ERR,ERR,ERR,ERR,ERR,ERR,ERR,ERR,ERR,ERR,ERR,ERR,ERR,ERR,ERR,ERR,ERR,ERR,ERR,ERR,ERR,ERR,ERR,ERR,ERR,ERR,ERR,ERR,ERR,ERR,ERR,ERR,ERR,ERR,ERR,ERR,ERR,ERR,ERR,ERR,ERR,ERR,ERR,ERR,ERR,ERR,ERR,ERR,ERR,ERR,ERR,ERR,ERR,ERR,ERR,ERR,ERR,0.0,0.0,2.6474777903227054e+23,0.0,0.0,1.3936040501711995e+18,7.805,0.0,0,0,4,0,7300,-0.0,0,0.0,0.0,0.0,0.0,0.0,0,0,0,0,0.0,0,0,0,0,0,0,0,0,0,0,0,0,0,0,0,0,0,0,0,0,0,0,0,0,0,0,0,0,0,0,0,0,0,32,30,30,62,65476,0,300,0,0,8,21553,0.0,-107605600.0,0.0,0.0,0.0,0.0,0.0,0.0,0.0,0.0,0.0,0.0,0.0,0.0,0.0,0.0,0.0,0.0,0.0,0.0,0.0,0.0,2.004,-0.0,-0.0,-0.0,0.0,0.0,0.0,0.0,5401.0,-8608194560.0,6970.0,0.0,0.0,-107615280.0,0.0,0.0,0.0,0.0,0.0,63,-71.63,0.0,0.0,0.0,0.0,0.0,0.0,0.0,0.0,0,0,0,0.0,0.0,0.0,0.0,0.0,0.0,0.0,0.0,0.0,0.0,0.0,0.0,0.0,0.0,0.0,0.0,0,-107875648.0,63,0.0,126,2.7184242562605685e+23,-0.0,ERR,ERR,ERR,ERR,ERR,ERR,ERR,ERR,ERR,ERR,ERR,ERR,ERR,ERR,ERR,ERR,ERR,ERR,ERR,ERR,ERR,ERR,ERR,ERR,ERR,ERR,ERR,ERR,ERR,ERR,ERR,ERR,ERR,ERR,ERR,ERR,ERR,ERR,ERR,ERR,ERR,ERR,ERR,ERR,ERR,ERR,ERR,ERR,ERR,ERR,ERR,ERR,ERR,ERR,ERR,ERR,ERR,ERR,ERR,ERR,ERR,ERR,ERR,ERR,ERR,ERR,ERR,34.0,80.0,35,0.0,0.0,0.0,0.0,0.0,0.0,0.0,0.0,0.0,0.0,0.0,0.0,0.0,0.0,0.0,0.0,64.4,0,117,56,50,65476,0,300,0,0,8,20529,65476,0,0,57672,80.0,0.0,0.0,0.0,0.0,0.0
2026-06-17T04:01:45,ERR,ERR,ERR,ERR,ERR,ERR,ERR,ERR,ERR,ERR,ERR,ERR,ERR,ERR,ERR,ERR,ERR,ERR,ERR,ERR,ERR,ERR,ERR,ERR,ERR,ERR,ERR,ERR,ERR,ERR,ERR,ERR,ERR,ERR,ERR,ERR,ERR,ERR,ERR,ERR,ERR,ERR,ERR,ERR,ERR,ERR,ERR,ERR,ERR,ERR,ERR,ERR,ERR,ERR,ERR,ERR,ERR,ERR,ERR,ERR,ERR,ERR,ERR,ERR,ERR,ERR,ERR,ERR,ERR,ERR,ERR,ERR,ERR,ERR,ERR,ERR,ERR,ERR,ERR,ERR,ERR,ERR,ERR,ERR,ERR,ERR,ERR,ERR,ERR,ERR,ERR,ERR,ERR,ERR,ERR,ERR,ERR,ERR,ERR,ERR,ERR,ERR,ERR,ERR,ERR,ERR,ERR,ERR,ERR,ERR,ERR,ERR,ERR,ERR,ERR,ERR,ERR,ERR,ERR,ERR,ERR,ERR,ERR,ERR,ERR,0.0,0.0,2.6474777903227054e+23,0.0,0.0,1.3936040501711995e+18,7.805,0.0,0,0,4,0,7300,-0.0,0,0.0,0.0,0.0,0.0,0.0,0,0,0,0,0.0,0,0,0,0,0,0,0,0,0,0,0,0,0,0,0,0,0,0,0,0,0,0,0,0,0,0,0,0,0,0,0,0,0,32,30,30,62,65476,0,300,0,0,8,21553,0.0,-107605600.0,0.0,0.0,0.0,0.0,0.0,0.0,0.0,0.0,0.0,0.0,0.0,0.0,0.0,0.0,0.0,0.0,0.0,0.0,0.0,0.0,2.004,-0.0,-0.0,-0.0,0.0,0.0,0.0,0.0,5401.0,-8608194560.0,6970.0,0.0,0.0,-107615280.0,0.0,0.0,0.0,0.0,0.0,63,-71.63,0.0,0.0,0.0,0.0,0.0,0.0,0.0,0.0,0,0,0,0.0,0.0,0.0,0.0,0.0,0.0,0.0,0.0,0.0,0.0,0.0,0.0,0.0,0.0,0.0,0.0,0,-107875648.0,63,0.0,126,2.7184242562605685e+23,-0.0,ERR,ERR,ERR,ERR,ERR,ERR,ERR,ERR,ERR,ERR,ERR,ERR,ERR,ERR,ERR,ERR,ERR,ERR,ERR,ERR,ERR,ERR,ERR,ERR,ERR,ERR,ERR,ERR,ERR,ERR,ERR,ERR,ERR,ERR,ERR,ERR,ERR,ERR,ERR,ERR,ERR,ERR,ERR,ERR,ERR,ERR,ERR,ERR,ERR,ERR,ERR,ERR,ERR,ERR,ERR,ERR,ERR,ERR,ERR,ERR,ERR,ERR,ERR,ERR,ERR,ERR,ERR,34.0,80.0,35,0.0,0.0,0.0,0.0,0.0,0.0,0.0,0.0,0.0,0.0,0.0,0.0,0.0,0.0,0.0,0.0,64.4,0,117,56,50,65476,0,300,0,0,8,20529,65476,0,0,57672,80.0,0.0,0.0,0.0,0.0,0.0
2026-06-17T04:01:46,ERR,ERR,ERR,ERR,ERR,ERR,ERR,ERR,ERR,ERR,ERR,ERR,ERR,ERR,ERR,ERR,ERR,ERR,ERR,ERR,ERR,ERR,ERR,ERR,ERR,ERR,ERR,ERR,ERR,ERR,ERR,ERR,ERR,ERR,ERR,ERR,ERR,ERR,ERR,ERR,ERR,ERR,ERR,ERR,ERR,ERR,ERR,ERR,ERR,ERR,ERR,ERR,ERR,ERR,ERR,ERR,ERR,ERR,ERR,ERR,ERR,ERR,ERR,ERR,ERR,ERR,ERR,ERR,ERR,ERR,ERR,ERR,ERR,ERR,ERR,ERR,ERR,ERR,ERR,ERR,ERR,ERR,ERR,ERR,ERR,ERR,ERR,ERR,ERR,ERR,ERR,ERR,ERR,ERR,ERR,ERR,ERR,ERR,ERR,ERR,ERR,ERR,ERR,ERR,ERR,ERR,ERR,ERR,ERR,ERR,ERR,ERR,ERR,ERR,ERR,ERR,ERR,ERR,ERR,ERR,ERR,ERR,ERR,ERR,ERR,0.0,0.0,2.6474777903227054e+23,0.0,0.0,1.3936040501711995e+18,7.805,0.0,0,0,4,0,7300,-0.0,0,0.0,0.0,0.0,0.0,0.0,0,0,0,0,0.0,0,0,0,0,0,0,0,0,0,0,0,0,0,0,0,0,0,0,0,0,0,0,0,0,0,0,0,0,0,0,0,0,0,32,30,30,62,65476,0,300,0,0,8,21553,0.0,-107605600.0,0.0,0.0,0.0,0.0,0.0,0.0,0.0,0.0,0.0,0.0,0.0,0.0,0.0,0.0,0.0,0.0,0.0,0.0,0.0,0.0,2.004,-0.0,-0.0,-0.0,0.0,0.0,0.0,0.0,5401.0,-8608194560.0,6970.0,0.0,0.0,-107615280.0,0.0,0.0,0.0,0.0,0.0,63,-71.63,0.0,0.0,0.0,0.0,0.0,0.0,0.0,0.0,0,0,0,0.0,0.0,0.0,0.0,0.0,0.0,0.0,0.0,0.0,0.0,0.0,0.0,0.0,0.0,0.0,0.0,0,-107875648.0,63,0.0,126,2.7184242562605685e+23,-0.0,ERR,ERR,ERR,ERR,ERR,ERR,ERR,ERR,ERR,ERR,ERR,ERR,ERR,ERR,ERR,ERR,ERR,ERR,ERR,ERR,ERR,ERR,ERR,ERR,ERR,ERR,ERR,ERR,ERR,ERR,ERR,ERR,ERR,ERR,ERR,ERR,ERR,ERR,ERR,ERR,ERR,ERR,ERR,ERR,ERR,ERR,ERR,ERR,ERR,ERR,ERR,ERR,ERR,ERR,ERR,ERR,ERR,ERR,ERR,ERR,ERR,ERR,ERR,ERR,ERR,ERR,ERR,34.0,80.0,35,0.0,0.0,0.0,0.0,0.0,0.0,0.0,0.0,0.0,0.0,0.0,0.0,0.0,0.0,0.0,0.0,64.4,0,117,56,50,65476,0,300,0,0,8,20529,65476,0,0,57672,80.0,0.0,0.0,0.0,0.0,0.0
2026-06-17T04:01:47,ERR,ERR,ERR,ERR,ERR,ERR,ERR,ERR,ERR,ERR,ERR,ERR,ERR,ERR,ERR,ERR,ERR,ERR,ERR,ERR,ERR,ERR,ERR,ERR,ERR,ERR,ERR,ERR,ERR,ERR,ERR,ERR,ERR,ERR,ERR,ERR,ERR,ERR,ERR,ERR,ERR,ERR,ERR,ERR,ERR,ERR,ERR,ERR,ERR,ERR,ERR,ERR,ERR,ERR,ERR,ERR,ERR,ERR,ERR,ERR,ERR,ERR,ERR,ERR,ERR,ERR,ERR,ERR,ERR,ERR,ERR,ERR,ERR,ERR,ERR,ERR,ERR,ERR,ERR,ERR,ERR,ERR,ERR,ERR,ERR,ERR,ERR,ERR,ERR,ERR,ERR,ERR,ERR,ERR,ERR,ERR,ERR,ERR,ERR,ERR,ERR,ERR,ERR,ERR,ERR,ERR,ERR,ERR,ERR,ERR,ERR,ERR,ERR,ERR,ERR,ERR,ERR,ERR,ERR,ERR,ERR,ERR,ERR,ERR,ERR,0.0,0.0,2.6474777903227054e+23,0.0,0.0,1.3936040501711995e+18,7.805,0.0,0,0,4,0,7300,-0.0,0,0.0,0.0,0.0,0.0,0.0,0,0,0,0,0.0,0,0,0,0,0,0,0,0,0,0,0,0,0,0,0,0,0,0,0,0,0,0,0,0,0,0,0,0,0,0,0,0,0,32,30,30,62,65476,0,300,0,0,8,21553,0.0,-107605600.0,0.0,0.0,0.0,0.0,0.0,0.0,0.0,0.0,0.0,0.0,0.0,0.0,0.0,0.0,0.0,0.0,0.0,0.0,0.0,0.0,2.004,-0.0,-0.0,-0.0,0.0,0.0,0.0,0.0,5401.0,-8608194560.0,6970.0,0.0,0.0,-107615280.0,0.0,0.0,0.0,0.0,0.0,63,-71.63,0.0,0.0,0.0,0.0,0.0,0.0,0.0,0.0,0,0,0,0.0,0.0,0.0,0.0,0.0,0.0,0.0,0.0,0.0,0.0,0.0,0.0,0.0,0.0,0.0,0.0,0,-107875648.0,63,0.0,126,2.7184242562605685e+23,-0.0,ERR,ERR,ERR,ERR,ERR,ERR,ERR,ERR,ERR,ERR,ERR,ERR,ERR,ERR,ERR,ERR,ERR,ERR,ERR,ERR,ERR,ERR,ERR,ERR,ERR,ERR,ERR,ERR,ERR,ERR,ERR,ERR,ERR,ERR,ERR,ERR,ERR,ERR,ERR,ERR,ERR,ERR,ERR,ERR,ERR,ERR,ERR,ERR,ERR,ERR,ERR,ERR,ERR,ERR,ERR,ERR,ERR,ERR,ERR,ERR,ERR,ERR,ERR,ERR,ERR,ERR,ERR,34.0,80.0,35,0.0,0.0,0.0,0.0,0.0,0.0,0.0,0.0,0.0,0.0,0.0,0.0,0.0,0.0,0.0,0.0,64.4,0,117,56,50,65476,0,300,0,0,8,20529,65476,0,0,57672,80.0,0.0,0.0,0.0,0.0,0.0
2026-06-17T04:01:48,ERR,ERR,ERR,ERR,ERR,ERR,ERR,ERR,ERR,ERR,ERR,ERR,ERR,ERR,ERR,ERR,ERR,ERR,ERR,ERR,ERR,ERR,ERR,ERR,ERR,ERR,ERR,ERR,ERR,ERR,ERR,ERR,ERR,ERR,ERR,ERR,ERR,ERR,ERR,ERR,ERR,ERR,ERR,ERR,ERR,ERR,ERR,ERR,ERR,ERR,ERR,ERR,ERR,ERR,ERR,ERR,ERR,ERR,ERR,ERR,ERR,ERR,ERR,ERR,ERR,ERR,ERR,ERR,ERR,ERR,ERR,ERR,ERR,ERR,ERR,ERR,ERR,ERR,ERR,ERR,ERR,ERR,ERR,ERR,ERR,ERR,ERR,ERR,ERR,ERR,ERR,ERR,ERR,ERR,ERR,ERR,ERR,ERR,ERR,ERR,ERR,ERR,ERR,ERR,ERR,ERR,ERR,ERR,ERR,ERR,ERR,ERR,ERR,ERR,ERR,ERR,ERR,ERR,ERR,ERR,ERR,ERR,ERR,ERR,ERR,0.0,0.0,2.6474777903227054e+23,0.0,0.0,1.3936040501711995e+18,7.805,0.0,0,0,4,0,7300,-0.0,0,0.0,0.0,0.0,0.0,0.0,0,0,0,0,0.0,0,0,0,0,0,0,0,0,0,0,0,0,0,0,0,0,0,0,0,0,0,0,0,0,0,0,0,0,0,0,0,0,0,32,30,30,62,65476,0,300,0,0,8,21553,0.0,-107605600.0,0.0,0.0,0.0,0.0,0.0,0.0,0.0,0.0,0.0,0.0,0.0,0.0,0.0,0.0,0.0,0.0,0.0,0.0,0.0,0.0,2.004,-0.0,-2.004,-0.0,0.0,0.0,0.0,0.0,5437.0,0.0,6948.0,0.0,0.0,0.0,0.0,0.0,0.0,0.0,0.0,63,-126841077760.0,5.8480620214123924e+35,0.0,0.0,0.0,0.0,0.0,0.0,0.0,0,0,0,0.0,0.0,0.0,0.0,0.0,0.0,0.0,0.0,0.0,0.0,0.0,0.0,0.0,0.0,0.0,0.0,0,-107875648.0,63,0.0,126,2.7184242562605685e+23,-0.0,ERR,ERR,ERR,ERR,ERR,ERR,ERR,ERR,ERR,ERR,ERR,ERR,ERR,ERR,ERR,ERR,ERR,ERR,ERR,ERR,ERR,ERR,ERR,ERR,ERR,ERR,ERR,ERR,ERR,ERR,ERR,ERR,ERR,ERR,ERR,ERR,ERR,ERR,ERR,ERR,ERR,ERR,ERR,ERR,ERR,ERR,ERR,ERR,ERR,ERR,ERR,ERR,ERR,ERR,ERR,ERR,ERR,ERR,ERR,ERR,ERR,ERR,ERR,ERR,ERR,ERR,ERR,34.0,80.0,35,0.0,0.0,0.0,0.0,0.0,0.0,0.0,0.0,0.0,0.0,0.0,0.0,0.0,0.0,0.0,0.0,64.4,0,117,56,50,65476,0,300,0,0,8,20529,65476,0,0,57672,80.0,0.0,0.0,0.0,0.0,0.0
2026-06-17T04:01:49,ERR,ERR,ERR,ERR,ERR,ERR,ERR,ERR,ERR,ERR,ERR,ERR,ERR,ERR,ERR,ERR,ERR,ERR,ERR,ERR,ERR,ERR,ERR,ERR,ERR,ERR,ERR,ERR,ERR,ERR,ERR,ERR,ERR,ERR,ERR,ERR,ERR,ERR,ERR,ERR,ERR,ERR,ERR,ERR,ERR,ERR,ERR,ERR,ERR,ERR,ERR,ERR,ERR,ERR,ERR,ERR,ERR,ERR,ERR,ERR,ERR,ERR,ERR,ERR,ERR,ERR,ERR,ERR,ERR,ERR,ERR,ERR,ERR,ERR,ERR,ERR,ERR,ERR,ERR,ERR,ERR,ERR,ERR,ERR,ERR,ERR,ERR,ERR,ERR,ERR,ERR,ERR,ERR,ERR,ERR,ERR,ERR,ERR,ERR,ERR,ERR,ERR,ERR,ERR,ERR,ERR,ERR,ERR,ERR,ERR,ERR,ERR,ERR,ERR,ERR,ERR,ERR,ERR,ERR,ERR,ERR,ERR,ERR,ERR,ERR,0.0,0.0,2.6474777903227054e+23,0.0,0.0,1.3936040501711995e+18,7.805,0.0,0,0,4,0,7300,-0.0,0,0.0,0.0,0.0,0.0,0.0,0,0,0,0,0.0,0,0,0,0,0,0,0,0,0,0,0,0,0,0,0,0,0,0,0,0,0,0,0,0,0,0,0,0,0,0,0,0,0,32,30,30,62,65476,0,300,0,0,8,21553,0.0,-107605600.0,0.0,0.0,0.0,0.0,0.0,0.0,0.0,0.0,0.0,0.0,0.0,0.0,0.0,0.0,0.0,0.0,0.0,0.0,0.0,0.0,2.004,-0.0,-2.004,-0.0,0.0,0.0,0.0,0.0,5437.0,0.0,6948.0,0.0,0.0,0.0,0.0,0.0,0.0,0.0,0.0,63,-126841077760.0,5.8480620214123924e+35,0.0,0.0,0.0,0.0,0.0,0.0,0.0,0,0,0,0.0,0.0,0.0,0.0,0.0,0.0,0.0,0.0,0.0,0.0,0.0,0.0,0.0,0.0,0.0,0.0,0,-107875648.0,63,0.0,126,2.7184242562605685e+23,-0.0,ERR,ERR,ERR,ERR,ERR,ERR,ERR,ERR,ERR,ERR,ERR,ERR,ERR,ERR,ERR,ERR,ERR,ERR,ERR,ERR,ERR,ERR,ERR,ERR,ERR,ERR,ERR,ERR,ERR,ERR,ERR,ERR,ERR,ERR,ERR,ERR,ERR,ERR,ERR,ERR,ERR,ERR,ERR,ERR,ERR,ERR,ERR,ERR,ERR,ERR,ERR,ERR,ERR,ERR,ERR,ERR,ERR,ERR,ERR,ERR,ERR,ERR,ERR,ERR,ERR,ERR,ERR,34.0,80.0,35,0.0,0.0,0.0,0.0,0.0,0.0,0.0,0.0,0.0,0.0,0.0,0.0,0.0,0.0,0.0,0.0,64.4,0,117,56,50,65476,0,300,0,0,8,20529,65476,0,0,57672,80.0,0.0,0.0,0.0,0.0,0.0
2026-06-17T04:01:50,ERR,ERR,ERR,ERR,ERR,ERR,ERR,ERR,ERR,ERR,ERR,ERR,ERR,ERR,ERR,ERR,ERR,ERR,ERR,ERR,ERR,ERR,ERR,ERR,ERR,ERR,ERR,ERR,ERR,ERR,ERR,ERR,ERR,ERR,ERR,ERR,ERR,ERR,ERR,ERR,ERR,ERR,ERR,ERR,ERR,ERR,ERR,ERR,ERR,ERR,ERR,ERR,ERR,ERR,ERR,ERR,ERR,ERR,ERR,ERR,ERR,ERR,ERR,ERR,ERR,ERR,ERR,ERR,ERR,ERR,ERR,ERR,ERR,ERR,ERR,ERR,ERR,ERR,ERR,ERR,ERR,ERR,ERR,ERR,ERR,ERR,ERR,ERR,ERR,ERR,ERR,ERR,ERR,ERR,ERR,ERR,ERR,ERR,ERR,ERR,ERR,ERR,ERR,ERR,ERR,ERR,ERR,ERR,ERR,ERR,ERR,ERR,ERR,ERR,ERR,ERR,ERR,ERR,ERR,ERR,ERR,ERR,ERR,ERR,ERR,0.0,0.0,2.6474777903227054e+23,0.0,0.0,1.3936040501711995e+18,7.805,0.0,0,0,4,0,7300,-0.0,0,0.0,0.0,0.0,0.0,0.0,0,0,0,0,0.0,0,0,0,0,0,0,0,0,0,0,0,0,0,0,0,0,0,0,0,0,0,0,0,0,0,0,0,0,0,0,0,0,0,32,30,30,62,65476,0,300,0,0,8,21553,0.0,-107605600.0,0.0,0.0,0.0,0.0,0.0,0.0,0.0,0.0,0.0,0.0,0.0,0.0,0.0,0.0,0.0,0.0,0.0,0.0,0.0,0.0,2.004,-0.0,-2.004,-0.0,0.0,0.0,0.0,0.0,5437.0,0.0,6948.0,0.0,0.0,0.0,0.0,0.0,0.0,0.0,0.0,63,-126841077760.0,5.8480620214123924e+35,0.0,0.0,0.0,0.0,0.0,0.0,0.0,0,0,0,0.0,0.0,0.0,0.0,0.0,0.0,0.0,0.0,0.0,0.0,0.0,0.0,0.0,0.0,0.0,0.0,0,-107875648.0,63,0.0,126,2.7184242562605685e+23,-0.0,ERR,ERR,ERR,ERR,ERR,ERR,ERR,ERR,ERR,ERR,ERR,ERR,ERR,ERR,ERR,ERR,ERR,ERR,ERR,ERR,ERR,ERR,ERR,ERR,ERR,ERR,ERR,ERR,ERR,ERR,ERR,ERR,ERR,ERR,ERR,ERR,ERR,ERR,ERR,ERR,ERR,ERR,ERR,ERR,ERR,ERR,ERR,ERR,ERR,ERR,ERR,ERR,ERR,ERR,ERR,ERR,ERR,ERR,ERR,ERR,ERR,ERR,ERR,ERR,ERR,ERR,ERR,34.0,80.0,35,0.0,0.0,0.0,0.0,0.0,0.0,0.0,0.0,0.0,0.0,0.0,0.0,0.0,0.0,0.0,0.0,64.8,0,117,56,50,65476,0,300,0,0,8,20529,65476,0,0,57672,80.0,0.0,0.0,0.0,0.0,0.0
2026-06-17T04:01:51,ERR,ERR,ERR,ERR,ERR,ERR,ERR,ERR,ERR,ERR,ERR,ERR,ERR,ERR,ERR,ERR,ERR,ERR,ERR,ERR,ERR,ERR,ERR,ERR,ERR,ERR,ERR,ERR,ERR,ERR,ERR,ERR,ERR,ERR,ERR,ERR,ERR,ERR,ERR,ERR,ERR,ERR,ERR,ERR,ERR,ERR,ERR,ERR,ERR,ERR,ERR,ERR,ERR,ERR,ERR,ERR,ERR,ERR,ERR,ERR,ERR,ERR,ERR,ERR,ERR,ERR,ERR,ERR,ERR,ERR,ERR,ERR,ERR,ERR,ERR,ERR,ERR,ERR,ERR,ERR,ERR,ERR,ERR,ERR,ERR,ERR,ERR,ERR,ERR,ERR,ERR,ERR,ERR,ERR,ERR,ERR,ERR,ERR,ERR,ERR,ERR,ERR,ERR,ERR,ERR,ERR,ERR,ERR,ERR,ERR,ERR,ERR,ERR,ERR,ERR,ERR,ERR,ERR,ERR,ERR,ERR,ERR,ERR,ERR,ERR,0.0,0.0,2.6474777903227054e+23,0.0,0.0,1.3936040501711995e+18,7.805,0.0,0,0,4,0,7300,-0.0,0,0.0,0.0,0.0,0.0,0.0,0,0,0,0,0.0,0,0,0,0,0,0,0,0,0,0,0,0,0,0,0,0,0,0,0,0,0,0,0,0,0,0,0,0,0,0,0,0,0,32,30,30,62,65476,0,300,0,0,8,21553,0.0,-107605600.0,0.0,0.0,0.0,0.0,0.0,0.0,0.0,0.0,0.0,0.0,0.0,0.0,0.0,0.0,0.0,0.0,0.0,0.0,0.0,0.0,2.004,-0.0,-2.004,-0.0,0.0,0.0,0.0,0.0,5437.0,0.0,6948.0,0.0,0.0,0.0,0.0,0.0,0.0,0.0,0.0,63,-126841077760.0,5.8480620214123924e+35,0.0,0.0,0.0,0.0,0.0,0.0,0.0,0,0,0,0.0,0.0,0.0,0.0,0.0,0.0,0.0,0.0,0.0,0.0,0.0,0.0,0.0,0.0,0.0,0.0,0,-107875648.0,63,0.0,126,2.7184242562605685e+23,-0.0,ERR,ERR,ERR,ERR,ERR,ERR,ERR,ERR,ERR,ERR,ERR,ERR,ERR,ERR,ERR,ERR,ERR,ERR,ERR,ERR,ERR,ERR,ERR,ERR,ERR,ERR,ERR,ERR,ERR,ERR,ERR,ERR,ERR,ERR,ERR,ERR,ERR,ERR,ERR,ERR,ERR,ERR,ERR,ERR,ERR,ERR,ERR,ERR,ERR,ERR,ERR,ERR,ERR,ERR,ERR,ERR,ERR,ERR,ERR,ERR,ERR,ERR,ERR,ERR,ERR,ERR,ERR,34.0,80.0,35,0.0,0.0,0.0,0.0,0.0,0.0,0.0,0.0,0.0,0.0,0.0,0.0,0.0,0.0,0.0,0.0,64.8,0,117,56,50,65476,0,300,0,0,8,20529,65476,0,0,57672,80.0,0.0,0.0,0.0,0.0,0.0
2026-06-17T04:01:52,ERR,ERR,ERR,ERR,ERR,ERR,ERR,ERR,ERR,ERR,ERR,ERR,ERR,ERR,ERR,ERR,ERR,ERR,ERR,ERR,ERR,ERR,ERR,ERR,ERR,ERR,ERR,ERR,ERR,ERR,ERR,ERR,ERR,ERR,ERR,ERR,ERR,ERR,ERR,ERR,ERR,ERR,ERR,ERR,ERR,ERR,ERR,ERR,ERR,ERR,ERR,ERR,ERR,ERR,ERR,ERR,ERR,ERR,ERR,ERR,ERR,ERR,ERR,ERR,ERR,ERR,ERR,ERR,ERR,ERR,ERR,ERR,ERR,ERR,ERR,ERR,ERR,ERR,ERR,ERR,ERR,ERR,ERR,ERR,ERR,ERR,ERR,ERR,ERR,ERR,ERR,ERR,ERR,ERR,ERR,ERR,ERR,ERR,ERR,ERR,ERR,ERR,ERR,ERR,ERR,ERR,ERR,ERR,ERR,ERR,ERR,ERR,ERR,ERR,ERR,ERR,ERR,ERR,ERR,ERR,ERR,ERR,ERR,ERR,ERR,0.0,0.0,2.6474777903227054e+23,0.0,0.0,1.3936040501711995e+18,7.805,0.0,0,0,4,0,7300,-0.0,0,0.0,0.0,0.0,0.0,0.0,0,0,0,0,0.0,0,0,0,0,0,0,0,0,0,0,0,0,0,0,0,0,0,0,0,0,0,0,0,0,0,0,0,0,0,0,0,0,0,32,30,30,62,65476,0,300,0,0,8,21553,0.0,-107605600.0,0.0,0.0,0.0,0.0,0.0,0.0,0.0,0.0,0.0,0.0,0.0,0.0,0.0,0.0,0.0,0.0,0.0,0.0,0.0,0.0,2.004,-0.0,-2.004,-0.0,0.0,0.0,0.0,0.0,5437.0,0.0,6948.0,0.0,0.0,0.0,0.0,0.0,0.0,0.0,0.0,63,-126841077760.0,5.8480620214123924e+35,0.0,0.0,0.0,0.0,0.0,0.0,0.0,0,0,0,0.0,0.0,0.0,0.0,0.0,0.0,0.0,0.0,0.0,0.0,0.0,0.0,0.0,0.0,0.0,0.0,0,-107875648.0,63,0.0,126,2.7184242562605685e+23,-0.0,ERR,ERR,ERR,ERR,ERR,ERR,ERR,ERR,ERR,ERR,ERR,ERR,ERR,ERR,ERR,ERR,ERR,ERR,ERR,ERR,ERR,ERR,ERR,ERR,ERR,ERR,ERR,ERR,ERR,ERR,ERR,ERR,ERR,ERR,ERR,ERR,ERR,ERR,ERR,ERR,ERR,ERR,ERR,ERR,ERR,ERR,ERR,ERR,ERR,ERR,ERR,ERR,ERR,ERR,ERR,ERR,ERR,ERR,ERR,ERR,ERR,ERR,ERR,ERR,ERR,ERR,ERR,34.0,80.0,35,0.0,0.0,0.0,0.0,0.0,0.0,0.0,0.0,0.0,0.0,0.0,0.0,0.0,0.0,0.0,0.0,64.4,0,117,56,50,65476,0,300,0,0,8,20529,65476,0,0,57672,80.0,0.0,0.0,0.0,0.0,0.0
2026-06-17T04:01:53,ERR,ERR,ERR,ERR,ERR,ERR,ERR,ERR,ERR,ERR,ERR,ERR,ERR,ERR,ERR,ERR,ERR,ERR,ERR,ERR,ERR,ERR,ERR,ERR,ERR,ERR,ERR,ERR,ERR,ERR,ERR,ERR,ERR,ERR,ERR,ERR,ERR,ERR,ERR,ERR,ERR,ERR,ERR,ERR,ERR,ERR,ERR,ERR,ERR,ERR,ERR,ERR,ERR,ERR,ERR,ERR,ERR,ERR,ERR,ERR,ERR,ERR,ERR,ERR,ERR,ERR,ERR,ERR,ERR,ERR,ERR,ERR,ERR,ERR,ERR,ERR,ERR,ERR,ERR,ERR,ERR,ERR,ERR,ERR,ERR,ERR,ERR,ERR,ERR,ERR,ERR,ERR,ERR,ERR,ERR,ERR,ERR,ERR,ERR,ERR,ERR,ERR,ERR,ERR,ERR,ERR,ERR,ERR,ERR,ERR,ERR,ERR,ERR,ERR,ERR,ERR,ERR,ERR,ERR,ERR,ERR,ERR,ERR,ERR,ERR,0.0,0.0,2.6474777903227054e+23,0.0,0.0,1.3936040501711995e+18,7.805,0.0,0,0,4,0,7300,-0.0,0,0.0,0.0,0.0,0.0,0.0,0,0,0,0,0.0,0,0,0,0,0,0,0,0,0,0,0,0,0,0,0,0,0,0,0,0,0,0,0,0,0,0,0,0,0,0,0,0,0,32,30,30,62,65476,0,300,0,0,8,21553,0.0,-107605600.0,0.0,0.0,0.0,0.0,0.0,0.0,0.0,0.0,0.0,0.0,0.0,0.0,0.0,0.0,0.0,0.0,0.0,0.0,0.0,0.0,2.004,-0.0,-0.0,-0.0,0.0,0.0,0.0,0.0,5404.0,-2.4229913632967957e+24,6973.0,0.0,0.0,-107615280.0,0.0,0.0,0.0,0.0,0.0,63,-107615312.0,0.0,0.0,0.0,0.0,0.0,0.0,0.0,0.0,0,0,0,0.0,0.0,0.0,0.0,0.0,0.0,0.0,0.0,0.0,0.0,0.0,0.0,0.0,0.0,0.0,0.0,0,-107875648.0,63,0.0,126,2.7184242562605685e+23,-109447136.0,ERR,ERR,ERR,ERR,ERR,ERR,ERR,ERR,ERR,ERR,ERR,ERR,ERR,ERR,ERR,ERR,ERR,ERR,ERR,ERR,ERR,ERR,ERR,ERR,ERR,ERR,ERR,ERR,ERR,ERR,ERR,ERR,ERR,ERR,ERR,ERR,ERR,ERR,ERR,ERR,ERR,ERR,ERR,ERR,ERR,ERR,ERR,ERR,ERR,ERR,ERR,ERR,ERR,ERR,ERR,ERR,ERR,ERR,ERR,ERR,ERR,ERR,ERR,ERR,ERR,ERR,ERR,34.0,80.0,35,0.0,0.0,0.0,0.0,0.0,0.0,0.0,0.0,0.0,0.0,0.0,0.0,0.0,0.0,0.0,0.0,64.4,0,117,56,50,65476,0,300,0,0,8,20529,65476,0,0,57672,80.0,0.0,0.0,0.0,0.0,0.0
2026-06-17T04:01:54,ERR,ERR,ERR,ERR,ERR,ERR,ERR,ERR,ERR,ERR,ERR,ERR,ERR,ERR,ERR,ERR,ERR,ERR,ERR,ERR,ERR,ERR,ERR,ERR,ERR,ERR,ERR,ERR,ERR,ERR,ERR,ERR,ERR,ERR,ERR,ERR,ERR,ERR,ERR,ERR,ERR,ERR,ERR,ERR,ERR,ERR,ERR,ERR,ERR,ERR,ERR,ERR,ERR,ERR,ERR,ERR,ERR,ERR,ERR,ERR,ERR,ERR,ERR,ERR,ERR,ERR,ERR,ERR,ERR,ERR,ERR,ERR,ERR,ERR,ERR,ERR,ERR,ERR,ERR,ERR,ERR,ERR,ERR,ERR,ERR,ERR,ERR,ERR,ERR,ERR,ERR,ERR,ERR,ERR,ERR,ERR,ERR,ERR,ERR,ERR,ERR,ERR,ERR,ERR,ERR,ERR,ERR,ERR,ERR,ERR,ERR,ERR,ERR,ERR,ERR,ERR,ERR,ERR,ERR,ERR,ERR,ERR,ERR,ERR,ERR,0.0,0.0,2.6474777903227054e+23,0.0,0.0,1.3936040501711995e+18,7.805,0.0,0,0,4,0,7300,-0.0,0,0.0,0.0,0.0,0.0,0.0,0,0,0,0,0.0,0,0,0,0,0,0,0,0,0,0,0,0,0,0,0,0,0,0,0,0,0,0,0,0,0,0,0,0,0,0,0,0,0,32,30,30,62,65476,0,300,0,0,8,21553,0.0,-107605600.0,0.0,0.0,0.0,0.0,0.0,0.0,0.0,0.0,0.0,0.0,0.0,0.0,0.0,0.0,0.0,0.0,0.0,0.0,0.0,0.0,2.004,-0.0,-0.0,-0.0,0.0,0.0,0.0,0.0,5404.0,-2.4229913632967957e+24,6973.0,0.0,0.0,-107615280.0,0.0,0.0,0.0,0.0,0.0,63,-107615312.0,0.0,0.0,0.0,0.0,0.0,0.0,0.0,0.0,0,0,0,0.0,0.0,0.0,0.0,0.0,0.0,0.0,0.0,0.0,0.0,0.0,0.0,0.0,0.0,0.0,0.0,0,-107875648.0,63,0.0,126,2.7184242562605685e+23,-109447136.0,ERR,ERR,ERR,ERR,ERR,ERR,ERR,ERR,ERR,ERR,ERR,ERR,ERR,ERR,ERR,ERR,ERR,ERR,ERR,ERR,ERR,ERR,ERR,ERR,ERR,ERR,ERR,ERR,ERR,ERR,ERR,ERR,ERR,ERR,ERR,ERR,ERR,ERR,ERR,ERR,ERR,ERR,ERR,ERR,ERR,ERR,ERR,ERR,ERR,ERR,ERR,ERR,ERR,ERR,ERR,ERR,ERR,ERR,ERR,ERR,ERR,ERR,ERR,ERR,ERR,ERR,ERR,34.0,80.0,35,0.0,0.0,0.0,0.0,0.0,0.0,0.0,0.0,0.0,0.0,0.0,0.0,0.0,0.0,0.0,0.0,64.4,0,117,56,50,65476,0,300,0,0,8,20529,65476,0,0,57672,80.0,0.0,0.0,0.0,0.0,0.0
2026-06-17T04:01:55,ERR,ERR,ERR,ERR,ERR,ERR,ERR,ERR,ERR,ERR,ERR,ERR,ERR,ERR,ERR,ERR,ERR,ERR,ERR,ERR,ERR,ERR,ERR,ERR,ERR,ERR,ERR,ERR,ERR,ERR,ERR,ERR,ERR,ERR,ERR,ERR,ERR,ERR,ERR,ERR,ERR,ERR,ERR,ERR,ERR,ERR,ERR,ERR,ERR,ERR,ERR,ERR,ERR,ERR,ERR,ERR,ERR,ERR,ERR,ERR,ERR,ERR,ERR,ERR,ERR,ERR,ERR,ERR,ERR,ERR,ERR,ERR,ERR,ERR,ERR,ERR,ERR,ERR,ERR,ERR,ERR,ERR,ERR,ERR,ERR,ERR,ERR,ERR,ERR,ERR,ERR,ERR,ERR,ERR,ERR,ERR,ERR,ERR,ERR,ERR,ERR,ERR,ERR,ERR,ERR,ERR,ERR,ERR,ERR,ERR,ERR,ERR,ERR,ERR,ERR,ERR,ERR,ERR,ERR,ERR,ERR,ERR,ERR,ERR,ERR,0.0,0.0,2.6474777903227054e+23,0.0,0.0,1.3936040501711995e+18,7.805,0.0,0,0,4,0,7300,-0.0,0,0.0,0.0,0.0,0.0,0.0,0,0,0,0,0.0,0,0,0,0,0,0,0,0,0,0,0,0,0,0,0,0,0,0,0,0,0,0,0,0,0,0,0,0,0,0,0,0,0,32,30,30,62,65476,0,300,0,0,8,21553,0.0,-107605600.0,0.0,0.0,0.0,0.0,0.0,0.0,0.0,0.0,0.0,0.0,0.0,0.0,0.0,0.0,0.0,0.0,0.0,0.0,0.0,0.0,2.004,-0.0,-0.0,-0.0,0.0,0.0,0.0,0.0,5404.0,-2.4229913632967957e+24,6973.0,0.0,0.0,-107615280.0,0.0,0.0,0.0,0.0,0.0,63,-107615312.0,0.0,0.0,0.0,0.0,0.0,0.0,0.0,0.0,0,0,0,0.0,0.0,0.0,0.0,0.0,0.0,0.0,0.0,0.0,0.0,0.0,0.0,0.0,0.0,0.0,0.0,0,-107875648.0,63,0.0,126,2.7184242562605685e+23,-109447136.0,ERR,ERR,ERR,ERR,ERR,ERR,ERR,ERR,ERR,ERR,ERR,ERR,ERR,ERR,ERR,ERR,ERR,ERR,ERR,ERR,ERR,ERR,ERR,ERR,ERR,ERR,ERR,ERR,ERR,ERR,ERR,ERR,ERR,ERR,ERR,ERR,ERR,ERR,ERR,ERR,ERR,ERR,ERR,ERR,ERR,ERR,ERR,ERR,ERR,ERR,ERR,ERR,ERR,ERR,ERR,ERR,ERR,ERR,ERR,ERR,ERR,ERR,ERR,ERR,ERR,ERR,ERR,34.0,80.0,35,0.0,0.0,0.0,0.0,0.0,0.0,0.0,0.0,0.0,0.0,0.0,0.0,0.0,0.0,0.0,0.0,64.4,0,117,56,50,65476,0,300,0,0,8,20529,65476,0,0,57672,80.0,0.0,0.0,0.0,0.0,0.0
2026-06-17T04:01:56,ERR,ERR,ERR,ERR,ERR,ERR,ERR,ERR,ERR,ERR,ERR,ERR,ERR,ERR,ERR,ERR,ERR,ERR,ERR,ERR,ERR,ERR,ERR,ERR,ERR,ERR,ERR,ERR,ERR,ERR,ERR,ERR,ERR,ERR,ERR,ERR,ERR,ERR,ERR,ERR,ERR,ERR,ERR,ERR,ERR,ERR,ERR,ERR,ERR,ERR,ERR,ERR,ERR,ERR,ERR,ERR,ERR,ERR,ERR,ERR,ERR,ERR,ERR,ERR,ERR,ERR,ERR,ERR,ERR,ERR,ERR,ERR,ERR,ERR,ERR,ERR,ERR,ERR,ERR,ERR,ERR,ERR,ERR,ERR,ERR,ERR,ERR,ERR,ERR,ERR,ERR,ERR,ERR,ERR,ERR,ERR,ERR,ERR,ERR,ERR,ERR,ERR,ERR,ERR,ERR,ERR,ERR,ERR,ERR,ERR,ERR,ERR,ERR,ERR,ERR,ERR,ERR,ERR,ERR,ERR,ERR,ERR,ERR,ERR,ERR,0.0,0.0,2.6474777903227054e+23,0.0,0.0,1.3936040501711995e+18,7.805,0.0,0,0,4,0,7300,-0.0,0,0.0,0.0,0.0,0.0,0.0,0,0,0,0,0.0,0,0,0,0,0,0,0,0,0,0,0,0,0,0,0,0,0,0,0,0,0,0,0,0,0,0,0,0,0,0,0,0,0,32,30,30,62,65476,0,300,0,0,8,21553,0.0,-107605600.0,0.0,0.0,0.0,0.0,0.0,0.0,0.0,0.0,0.0,0.0,0.0,0.0,0.0,0.0,0.0,0.0,0.0,0.0,0.0,0.0,2.004,-0.0,-0.0,-0.0,0.0,0.0,0.0,0.0,5404.0,-2.4229913632967957e+24,6973.0,0.0,0.0,-107615280.0,0.0,0.0,0.0,0.0,0.0,63,-107615312.0,0.0,0.0,0.0,0.0,0.0,0.0,0.0,0.0,0,0,0,0.0,0.0,0.0,0.0,0.0,0.0,0.0,0.0,0.0,0.0,0.0,0.0,0.0,0.0,0.0,0.0,0,-107875648.0,63,0.0,126,2.7184242562605685e+23,-109447136.0,ERR,ERR,ERR,ERR,ERR,ERR,ERR,ERR,ERR,ERR,ERR,ERR,ERR,ERR,ERR,ERR,ERR,ERR,ERR,ERR,ERR,ERR,ERR,ERR,ERR,ERR,ERR,ERR,ERR,ERR,ERR,ERR,ERR,ERR,ERR,ERR,ERR,ERR,ERR,ERR,ERR,ERR,ERR,ERR,ERR,ERR,ERR,ERR,ERR,ERR,ERR,ERR,ERR,ERR,ERR,ERR,ERR,ERR,ERR,ERR,ERR,ERR,ERR,ERR,ERR,ERR,ERR,34.0,80.0,35,0.0,0.0,0.0,0.0,0.0,0.0,0.0,0.0,0.0,0.0,0.0,0.0,0.0,0.0,0.0,0.0,64.4,0,117,56,50,65476,0,300,0,0,8,20529,65476,0,0,57672,80.0,0.0,0.0,0.0,0.0,0.0
2026-06-17T04:01:57,ERR,ERR,ERR,ERR,ERR,ERR,ERR,ERR,ERR,ERR,ERR,ERR,ERR,ERR,ERR,ERR,ERR,ERR,ERR,ERR,ERR,ERR,ERR,ERR,ERR,ERR,ERR,ERR,ERR,ERR,ERR,ERR,ERR,ERR,ERR,ERR,ERR,ERR,ERR,ERR,ERR,ERR,ERR,ERR,ERR,ERR,ERR,ERR,ERR,ERR,ERR,ERR,ERR,ERR,ERR,ERR,ERR,ERR,ERR,ERR,ERR,ERR,ERR,ERR,ERR,ERR,ERR,ERR,ERR,ERR,ERR,ERR,ERR,ERR,ERR,ERR,ERR,ERR,ERR,ERR,ERR,ERR,ERR,ERR,ERR,ERR,ERR,ERR,ERR,ERR,ERR,ERR,ERR,ERR,ERR,ERR,ERR,ERR,ERR,ERR,ERR,ERR,ERR,ERR,ERR,ERR,ERR,ERR,ERR,ERR,ERR,ERR,ERR,ERR,ERR,ERR,ERR,ERR,ERR,ERR,ERR,ERR,ERR,ERR,ERR,0.0,0.0,2.6474777903227054e+23,0.0,0.0,1.3936040501711995e+18,7.805,0.0,0,0,4,0,7300,-0.0,0,0.0,0.0,0.0,0.0,0.0,0,0,0,0,0.0,0,0,0,0,0,0,0,0,0,0,0,0,0,0,0,0,0,0,0,0,0,0,0,0,0,0,0,0,0,0,0,0,0,32,30,30,62,65476,0,300,0,0,8,21553,0.0,-107605600.0,0.0,0.0,0.0,0.0,0.0,0.0,0.0,0.0,0.0,0.0,0.0,0.0,0.0,0.0,0.0,0.0,0.0,0.0,0.0,0.0,2.004,-0.0,-0.0,-0.0,0.0,0.0,0.0,0.0,5404.0,-2.4229913632967957e+24,6973.0,0.0,0.0,-107615280.0,0.0,0.0,0.0,0.0,0.0,63,-107615312.0,0.0,0.0,0.0,0.0,0.0,0.0,0.0,0.0,0,0,0,0.0,0.0,0.0,0.0,0.0,0.0,0.0,0.0,0.0,0.0,0.0,0.0,0.0,0.0,0.0,0.0,0,-107875648.0,63,0.0,126,2.7184242562605685e+23,-109447136.0,ERR,ERR,ERR,ERR,ERR,ERR,ERR,ERR,ERR,ERR,ERR,ERR,ERR,ERR,ERR,ERR,ERR,ERR,ERR,ERR,ERR,ERR,ERR,ERR,ERR,ERR,ERR,ERR,ERR,ERR,ERR,ERR,ERR,ERR,ERR,ERR,ERR,ERR,ERR,ERR,ERR,ERR,ERR,ERR,ERR,ERR,ERR,ERR,ERR,ERR,ERR,ERR,ERR,ERR,ERR,ERR,ERR,ERR,ERR,ERR,ERR,ERR,ERR,ERR,ERR,ERR,ERR,34.0,80.0,35,0.0,0.0,0.0,0.0,0.0,0.0,0.0,0.0,0.0,0.0,0.0,0.0,0.0,0.0,0.0,0.0,64.4,0,117,56,50,65476,0,300,0,0,8,20529,65476,0,0,57672,80.0,0.0,0.0,0.0,0.0,0.0
2026-06-17T04:01:58,ERR,ERR,ERR,ERR,ERR,ERR,ERR,ERR,ERR,ERR,ERR,ERR,ERR,ERR,ERR,ERR,ERR,ERR,ERR,ERR,ERR,ERR,ERR,ERR,ERR,ERR,ERR,ERR,ERR,ERR,ERR,ERR,ERR,ERR,ERR,ERR,ERR,ERR,ERR,ERR,ERR,ERR,ERR,ERR,ERR,ERR,ERR,ERR,ERR,ERR,ERR,ERR,ERR,ERR,ERR,ERR,ERR,ERR,ERR,ERR,ERR,ERR,ERR,ERR,ERR,ERR,ERR,ERR,ERR,ERR,ERR,ERR,ERR,ERR,ERR,ERR,ERR,ERR,ERR,ERR,ERR,ERR,ERR,ERR,ERR,ERR,ERR,ERR,ERR,ERR,ERR,ERR,ERR,ERR,ERR,ERR,ERR,ERR,ERR,ERR,ERR,ERR,ERR,ERR,ERR,ERR,ERR,ERR,ERR,ERR,ERR,ERR,ERR,ERR,ERR,ERR,ERR,ERR,ERR,ERR,ERR,ERR,ERR,ERR,ERR,0.0,0.0,2.6474777903227054e+23,0.0,0.0,1.3936040501711995e+18,7.805,0.0,0,0,4,0,7300,-0.0,0,0.0,0.0,0.0,0.0,0.0,0,0,0,0,0.0,0,0,0,0,0,0,0,0,0,0,0,0,0,0,0,0,0,0,0,0,0,0,0,0,0,0,0,0,0,0,0,0,0,32,30,30,62,65476,0,300,0,0,8,21553,0.0,-107605600.0,0.0,0.0,0.0,0.0,0.0,0.0,0.0,0.0,0.0,0.0,0.0,0.0,0.0,0.0,0.0,0.0,0.0,0.0,0.0,0.0,2.004,-0.0,-0.0,-0.0,0.0,0.0,0.0,0.0,5400.0,-0.0,6966.0,0.0,0.0,-107615280.0,0.0,0.0,0.0,0.0,0.0,63,-0.0,-3.22200830126699e+26,0.0,0.0,0.0,0.0,0.0,0.0,0.0,0,0,0,0.0,0.0,0.0,0.0,0.0,0.0,0.0,0.0,0.0,0.0,0.0,0.0,0.0,0.0,0.0,0.0,0,-107875648.0,63,0.0,126,2.7184242562605685e+23,-109447136.0,ERR,ERR,ERR,ERR,ERR,ERR,ERR,ERR,ERR,ERR,ERR,ERR,ERR,ERR,ERR,ERR,ERR,ERR,ERR,ERR,ERR,ERR,ERR,ERR,ERR,ERR,ERR,ERR,ERR,ERR,ERR,ERR,ERR,ERR,ERR,ERR,ERR,ERR,ERR,ERR,ERR,ERR,ERR,ERR,ERR,ERR,ERR,ERR,ERR,ERR,ERR,ERR,ERR,ERR,ERR,ERR,ERR,ERR,ERR,ERR,ERR,ERR,ERR,ERR,ERR,ERR,ERR,34.0,80.0,35,0.0,0.0,0.0,0.0,0.0,0.0,0.0,0.0,0.0,0.0,0.0,0.0,0.0,0.0,0.0,0.0,64.4,0,117,56,50,65476,0,300,0,0,8,20529,65476,0,0,57672,80.0,0.0,0.0,0.0,0.0,0.0
2026-06-17T04:01:59,ERR,ERR,ERR,ERR,ERR,ERR,ERR,ERR,ERR,ERR,ERR,ERR,ERR,ERR,ERR,ERR,ERR,ERR,ERR,ERR,ERR,ERR,ERR,ERR,ERR,ERR,ERR,ERR,ERR,ERR,ERR,ERR,ERR,ERR,ERR,ERR,ERR,ERR,ERR,ERR,ERR,ERR,ERR,ERR,ERR,ERR,ERR,ERR,ERR,ERR,ERR,ERR,ERR,ERR,ERR,ERR,ERR,ERR,ERR,ERR,ERR,ERR,ERR,ERR,ERR,ERR,ERR,ERR,ERR,ERR,ERR,ERR,ERR,ERR,ERR,ERR,ERR,ERR,ERR,ERR,ERR,ERR,ERR,ERR,ERR,ERR,ERR,ERR,ERR,ERR,ERR,ERR,ERR,ERR,ERR,ERR,ERR,ERR,ERR,ERR,ERR,ERR,ERR,ERR,ERR,ERR,ERR,ERR,ERR,ERR,ERR,ERR,ERR,ERR,ERR,ERR,ERR,ERR,ERR,ERR,ERR,ERR,ERR,ERR,ERR,0.0,0.0,2.6474777903227054e+23,0.0,0.0,1.3936040501711995e+18,7.805,0.0,0,0,4,0,7300,-0.0,0,0.0,0.0,0.0,0.0,0.0,0,0,0,0,0.0,0,0,0,0,0,0,0,0,0,0,0,0,0,0,0,0,0,0,0,0,0,0,0,0,0,0,0,0,0,0,0,0,0,32,30,30,62,65476,0,300,0,0,8,21553,0.0,-107605600.0,0.0,0.0,0.0,0.0,0.0,0.0,0.0,0.0,0.0,0.0,0.0,0.0,0.0,0.0,0.0,0.0,0.0,0.0,0.0,0.0,2.004,-0.0,-0.0,-0.0,0.0,0.0,0.0,0.0,5400.0,-0.0,6966.0,0.0,0.0,-107615280.0,0.0,0.0,0.0,0.0,0.0,63,-0.0,-3.22200830126699e+26,0.0,0.0,0.0,0.0,0.0,0.0,0.0,0,0,0,0.0,0.0,0.0,0.0,0.0,0.0,0.0,0.0,0.0,0.0,0.0,0.0,0.0,0.0,0.0,0.0,0,-107875648.0,63,0.0,126,2.7184242562605685e+23,-109447136.0,ERR,ERR,ERR,ERR,ERR,ERR,ERR,ERR,ERR,ERR,ERR,ERR,ERR,ERR,ERR,ERR,ERR,ERR,ERR,ERR,ERR,ERR,ERR,ERR,ERR,ERR,ERR,ERR,ERR,ERR,ERR,ERR,ERR,ERR,ERR,ERR,ERR,ERR,ERR,ERR,ERR,ERR,ERR,ERR,ERR,ERR,ERR,ERR,ERR,ERR,ERR,ERR,ERR,ERR,ERR,ERR,ERR,ERR,ERR,ERR,ERR,ERR,ERR,ERR,ERR,ERR,ERR,34.0,80.0,35,0.0,0.0,0.0,0.0,0.0,0.0,0.0,0.0,0.0,0.0,0.0,0.0,0.0,0.0,0.0,0.0,64.4,0,117,56,50,65476,0,300,0,0,8,20529,65476,0,0,57672,80.0,0.0,0.0,0.0,0.0,0.0
2026-06-17T04:02:00,ERR,ERR,ERR,ERR,ERR,ERR,ERR,ERR,ERR,ERR,ERR,ERR,ERR,ERR,ERR,ERR,ERR,ERR,ERR,ERR,ERR,ERR,ERR,ERR,ERR,ERR,ERR,ERR,ERR,ERR,ERR,ERR,ERR,ERR,ERR,ERR,ERR,ERR,ERR,ERR,ERR,ERR,ERR,ERR,ERR,ERR,ERR,ERR,ERR,ERR,ERR,ERR,ERR,ERR,ERR,ERR,ERR,ERR,ERR,ERR,ERR,ERR,ERR,ERR,ERR,ERR,ERR,ERR,ERR,ERR,ERR,ERR,ERR,ERR,ERR,ERR,ERR,ERR,ERR,ERR,ERR,ERR,ERR,ERR,ERR,ERR,ERR,ERR,ERR,ERR,ERR,ERR,ERR,ERR,ERR,ERR,ERR,ERR,ERR,ERR,ERR,ERR,ERR,ERR,ERR,ERR,ERR,ERR,ERR,ERR,ERR,ERR,ERR,ERR,ERR,ERR,ERR,ERR,ERR,ERR,ERR,ERR,ERR,ERR,ERR,0.0,0.0,2.6474777903227054e+23,0.0,0.0,1.3936040501711995e+18,7.805,0.0,0,0,4,0,7300,-0.0,0,0.0,0.0,0.0,0.0,0.0,0,0,0,0,0.0,0,0,0,0,0,0,0,0,0,0,0,0,0,0,0,0,0,0,0,0,0,0,0,0,0,0,0,0,0,0,0,0,0,32,30,30,62,65476,0,300,0,0,8,21553,0.0,-107605600.0,0.0,0.0,0.0,0.0,0.0,0.0,0.0,0.0,0.0,0.0,0.0,0.0,0.0,0.0,0.0,0.0,0.0,0.0,0.0,0.0,2.004,-0.0,-0.0,-0.0,0.0,0.0,0.0,0.0,5400.0,-0.0,6966.0,0.0,0.0,-107615280.0,0.0,0.0,0.0,0.0,0.0,63,-0.0,-3.22200830126699e+26,0.0,0.0,0.0,0.0,0.0,0.0,0.0,0,0,0,0.0,0.0,0.0,0.0,0.0,0.0,0.0,0.0,0.0,0.0,0.0,0.0,0.0,0.0,0.0,0.0,0,-107875648.0,63,0.0,126,2.7184242562605685e+23,-109447136.0,ERR,ERR,ERR,ERR,ERR,ERR,ERR,ERR,ERR,ERR,ERR,ERR,ERR,ERR,ERR,ERR,ERR,ERR,ERR,ERR,ERR,ERR,ERR,ERR,ERR,ERR,ERR,ERR,ERR,ERR,ERR,ERR,ERR,ERR,ERR,ERR,ERR,ERR,ERR,ERR,ERR,ERR,ERR,ERR,ERR,ERR,ERR,ERR,ERR,ERR,ERR,ERR,ERR,ERR,ERR,ERR,ERR,ERR,ERR,ERR,ERR,ERR,ERR,ERR,ERR,ERR,ERR,34.0,80.0,35,0.0,0.0,0.0,0.0,0.0,0.0,0.0,0.0,0.0,0.0,0.0,0.0,0.0,0.0,0.0,0.0,64.4,0,117,56,50,65476,0,300,0,0,8,20529,65476,0,0,57672,80.0,0.0,0.0,0.0,0.0,0.0
2026-06-17T04:02:01,ERR,ERR,ERR,ERR,ERR,ERR,ERR,ERR,ERR,ERR,ERR,ERR,ERR,ERR,ERR,ERR,ERR,ERR,ERR,ERR,ERR,ERR,ERR,ERR,ERR,ERR,ERR,ERR,ERR,ERR,ERR,ERR,ERR,ERR,ERR,ERR,ERR,ERR,ERR,ERR,ERR,ERR,ERR,ERR,ERR,ERR,ERR,ERR,ERR,ERR,ERR,ERR,ERR,ERR,ERR,ERR,ERR,ERR,ERR,ERR,ERR,ERR,ERR,ERR,ERR,ERR,ERR,ERR,ERR,ERR,ERR,ERR,ERR,ERR,ERR,ERR,ERR,ERR,ERR,ERR,ERR,ERR,ERR,ERR,ERR,ERR,ERR,ERR,ERR,ERR,ERR,ERR,ERR,ERR,ERR,ERR,ERR,ERR,ERR,ERR,ERR,ERR,ERR,ERR,ERR,ERR,ERR,ERR,ERR,ERR,ERR,ERR,ERR,ERR,ERR,ERR,ERR,ERR,ERR,ERR,ERR,ERR,ERR,ERR,ERR,0.0,0.0,2.6474777903227054e+23,0.0,0.0,1.3936040501711995e+18,7.805,0.0,0,0,4,0,7300,-0.0,0,0.0,0.0,0.0,0.0,0.0,0,0,0,0,0.0,0,0,0,0,0,0,0,0,0,0,0,0,0,0,0,0,0,0,0,0,0,0,0,0,0,0,0,0,0,0,0,0,0,32,30,30,62,65476,0,300,0,0,8,21553,0.0,-107605600.0,0.0,0.0,0.0,0.0,0.0,0.0,0.0,0.0,0.0,0.0,0.0,0.0,0.0,0.0,0.0,0.0,0.0,0.0,0.0,0.0,2.004,-0.0,-0.0,-0.0,0.0,0.0,0.0,0.0,5400.0,-0.0,6966.0,0.0,0.0,-107615280.0,0.0,0.0,0.0,0.0,0.0,63,-0.0,-3.22200830126699e+26,0.0,0.0,0.0,0.0,0.0,0.0,0.0,0,0,0,0.0,0.0,0.0,0.0,0.0,0.0,0.0,0.0,0.0,0.0,0.0,0.0,0.0,0.0,0.0,0.0,0,-107875648.0,63,0.0,126,2.7184242562605685e+23,-109447136.0,ERR,ERR,ERR,ERR,ERR,ERR,ERR,ERR,ERR,ERR,ERR,ERR,ERR,ERR,ERR,ERR,ERR,ERR,ERR,ERR,ERR,ERR,ERR,ERR,ERR,ERR,ERR,ERR,ERR,ERR,ERR,ERR,ERR,ERR,ERR,ERR,ERR,ERR,ERR,ERR,ERR,ERR,ERR,ERR,ERR,ERR,ERR,ERR,ERR,ERR,ERR,ERR,ERR,ERR,ERR,ERR,ERR,ERR,ERR,ERR,ERR,ERR,ERR,ERR,ERR,ERR,ERR,34.0,80.0,35,0.0,0.0,0.0,0.0,0.0,0.0,0.0,0.0,0.0,0.0,0.0,0.0,0.0,0.0,0.0,0.0,64.4,0,117,56,50,65476,0,300,0,0,8,20529,65476,0,0,57672,80.0,0.0,0.0,0.0,0.0,0.0
2026-06-17T04:02:02,ERR,ERR,ERR,ERR,ERR,ERR,ERR,ERR,ERR,ERR,ERR,ERR,ERR,ERR,ERR,ERR,ERR,ERR,ERR,ERR,ERR,ERR,ERR,ERR,ERR,ERR,ERR,ERR,ERR,ERR,ERR,ERR,ERR,ERR,ERR,ERR,ERR,ERR,ERR,ERR,ERR,ERR,ERR,ERR,ERR,ERR,ERR,ERR,ERR,ERR,ERR,ERR,ERR,ERR,ERR,ERR,ERR,ERR,ERR,ERR,ERR,ERR,ERR,ERR,ERR,ERR,ERR,ERR,ERR,ERR,ERR,ERR,ERR,ERR,ERR,ERR,ERR,ERR,ERR,ERR,ERR,ERR,ERR,ERR,ERR,ERR,ERR,ERR,ERR,ERR,ERR,ERR,ERR,ERR,ERR,ERR,ERR,ERR,ERR,ERR,ERR,ERR,ERR,ERR,ERR,ERR,ERR,ERR,ERR,ERR,ERR,ERR,ERR,ERR,ERR,ERR,ERR,ERR,ERR,ERR,ERR,ERR,ERR,ERR,ERR,0.0,0.0,2.6474777903227054e+23,0.0,0.0,1.3936040501711995e+18,7.805,0.0,0,0,4,0,7300,-0.0,0,0.0,0.0,0.0,0.0,0.0,0,0,0,0,0.0,0,0,0,0,0,0,0,0,0,0,0,0,0,0,0,0,0,0,0,0,0,0,0,0,0,0,0,0,0,0,0,0,0,32,30,30,62,65476,0,300,0,0,8,21553,0.0,-107605600.0,0.0,0.0,0.0,0.0,0.0,0.0,0.0,0.0,0.0,0.0,0.0,0.0,0.0,0.0,0.0,0.0,0.0,0.0,0.0,0.0,2.004,-0.0,-0.0,-0.0,0.0,0.0,0.0,0.0,5400.0,-0.0,6966.0,0.0,0.0,-107615280.0,0.0,0.0,0.0,0.0,0.0,63,-0.0,-3.22200830126699e+26,0.0,0.0,0.0,0.0,0.0,0.0,0.0,0,0,0,0.0,0.0,0.0,0.0,0.0,0.0,0.0,0.0,0.0,0.0,0.0,0.0,0.0,0.0,0.0,0.0,0,-107875648.0,63,0.0,126,2.7184242562605685e+23,-109447136.0,ERR,ERR,ERR,ERR,ERR,ERR,ERR,ERR,ERR,ERR,ERR,ERR,ERR,ERR,ERR,ERR,ERR,ERR,ERR,ERR,ERR,ERR,ERR,ERR,ERR,ERR,ERR,ERR,ERR,ERR,ERR,ERR,ERR,ERR,ERR,ERR,ERR,ERR,ERR,ERR,ERR,ERR,ERR,ERR,ERR,ERR,ERR,ERR,ERR,ERR,ERR,ERR,ERR,ERR,ERR,ERR,ERR,ERR,ERR,ERR,ERR,ERR,ERR,ERR,ERR,ERR,ERR,34.0,80.0,35,0.0,0.0,0.0,0.0,0.0,0.0,0.0,0.0,0.0,0.0,0.0,0.0,0.0,0.0,0.0,0.0,64.4,0,117,56,50,65476,0,300,0,0,8,20529,65476,0,0,57672,80.0,0.0,0.0,0.0,0.0,0.0
2026-06-17T04:02:03,ERR,ERR,ERR,ERR,ERR,ERR,ERR,ERR,ERR,ERR,ERR,ERR,ERR,ERR,ERR,ERR,ERR,ERR,ERR,ERR,ERR,ERR,ERR,ERR,ERR,ERR,ERR,ERR,ERR,ERR,ERR,ERR,ERR,ERR,ERR,ERR,ERR,ERR,ERR,ERR,ERR,ERR,ERR,ERR,ERR,ERR,ERR,ERR,ERR,ERR,ERR,ERR,ERR,ERR,ERR,ERR,ERR,ERR,ERR,ERR,ERR,ERR,ERR,ERR,ERR,ERR,ERR,ERR,ERR,ERR,ERR,ERR,ERR,ERR,ERR,ERR,ERR,ERR,ERR,ERR,ERR,ERR,ERR,ERR,ERR,ERR,ERR,ERR,ERR,ERR,ERR,ERR,ERR,ERR,ERR,ERR,ERR,ERR,ERR,ERR,ERR,ERR,ERR,ERR,ERR,ERR,ERR,ERR,ERR,ERR,ERR,ERR,ERR,ERR,ERR,ERR,ERR,ERR,ERR,ERR,ERR,ERR,ERR,ERR,ERR,0.0,0.0,2.6474777903227054e+23,0.0,0.0,1.3936040501711995e+18,7.805,0.0,0,0,4,0,7300,-0.0,0,0.0,0.0,0.0,0.0,0.0,0,0,0,0,0.0,0,0,0,0,0,0,0,0,0,0,0,0,0,0,0,0,0,0,0,0,0,0,0,0,0,0,0,0,0,0,0,0,0,32,30,30,62,65476,0,300,0,0,8,21553,0.0,-107605600.0,0.0,0.0,0.0,0.0,0.0,0.0,0.0,0.0,0.0,0.0,0.0,0.0,0.0,0.0,0.0,0.0,0.0,0.0,0.0,0.0,2.004,-0.0,-2.004,-0.0,0.0,0.0,0.0,0.0,5404.0,1.587931619850188e+29,6958.0,0.0,0.0,-107615280.0,0.0,0.0,0.0,0.0,0.0,63,-107615312.0,5.84806162527158e+35,0.0,0.0,0.0,0.0,0.0,0.0,0.0,0,0,0,0.0,0.0,0.0,0.0,0.0,0.0,0.0,0.0,0.0,0.0,0.0,0.0,0.0,0.0,0.0,0.0,0,-107875648.0,63,0.0,126,2.7184242562605685e+23,-0.0,ERR,ERR,ERR,ERR,ERR,ERR,ERR,ERR,ERR,ERR,ERR,ERR,ERR,ERR,ERR,ERR,ERR,ERR,ERR,ERR,ERR,ERR,ERR,ERR,ERR,ERR,ERR,ERR,ERR,ERR,ERR,ERR,ERR,ERR,ERR,ERR,ERR,ERR,ERR,ERR,ERR,ERR,ERR,ERR,ERR,ERR,ERR,ERR,ERR,ERR,ERR,ERR,ERR,ERR,ERR,ERR,ERR,ERR,ERR,ERR,ERR,ERR,ERR,ERR,ERR,ERR,ERR,34.0,80.0,35,0.0,0.0,0.0,0.0,0.0,0.0,0.0,0.0,0.0,0.0,0.0,0.0,0.0,0.0,0.0,0.0,64.8,0,117,56,50,65476,0,300,0,0,8,20529,65476,0,0,57672,80.0,0.0,0.0,0.0,0.0,0.0
2026-06-17T04:02:04,ERR,ERR,ERR,ERR,ERR,ERR,ERR,ERR,ERR,ERR,ERR,ERR,ERR,ERR,ERR,ERR,ERR,ERR,ERR,ERR,ERR,ERR,ERR,ERR,ERR,ERR,ERR,ERR,ERR,ERR,ERR,ERR,ERR,ERR,ERR,ERR,ERR,ERR,ERR,ERR,ERR,ERR,ERR,ERR,ERR,ERR,ERR,ERR,ERR,ERR,ERR,ERR,ERR,ERR,ERR,ERR,ERR,ERR,ERR,ERR,ERR,ERR,ERR,ERR,ERR,ERR,ERR,ERR,ERR,ERR,ERR,ERR,ERR,ERR,ERR,ERR,ERR,ERR,ERR,ERR,ERR,ERR,ERR,ERR,ERR,ERR,ERR,ERR,ERR,ERR,ERR,ERR,ERR,ERR,ERR,ERR,ERR,ERR,ERR,ERR,ERR,ERR,ERR,ERR,ERR,ERR,ERR,ERR,ERR,ERR,ERR,ERR,ERR,ERR,ERR,ERR,ERR,ERR,ERR,ERR,ERR,ERR,ERR,ERR,ERR,0.0,0.0,2.6474777903227054e+23,0.0,0.0,1.3936040501711995e+18,7.805,0.0,0,0,4,0,7300,-0.0,0,0.0,0.0,0.0,0.0,0.0,0,0,0,0,0.0,0,0,0,0,0,0,0,0,0,0,0,0,0,0,0,0,0,0,0,0,0,0,0,0,0,0,0,0,0,0,0,0,0,32,30,30,62,65476,0,300,0,0,8,21553,0.0,-107605600.0,0.0,0.0,0.0,0.0,0.0,0.0,0.0,0.0,0.0,0.0,0.0,0.0,0.0,0.0,0.0,0.0,0.0,0.0,0.0,0.0,2.004,-0.0,-2.004,-0.0,0.0,0.0,0.0,0.0,5404.0,1.587931619850188e+29,6958.0,0.0,0.0,-107615280.0,0.0,0.0,0.0,0.0,0.0,63,-107615312.0,5.84806162527158e+35,0.0,0.0,0.0,0.0,0.0,0.0,0.0,0,0,0,0.0,0.0,0.0,0.0,0.0,0.0,0.0,0.0,0.0,0.0,0.0,0.0,0.0,0.0,0.0,0.0,0,-107875648.0,63,0.0,126,2.7184242562605685e+23,-0.0,ERR,ERR,ERR,ERR,ERR,ERR,ERR,ERR,ERR,ERR,ERR,ERR,ERR,ERR,ERR,ERR,ERR,ERR,ERR,ERR,ERR,ERR,ERR,ERR,ERR,ERR,ERR,ERR,ERR,ERR,ERR,ERR,ERR,ERR,ERR,ERR,ERR,ERR,ERR,ERR,ERR,ERR,ERR,ERR,ERR,ERR,ERR,ERR,ERR,ERR,ERR,ERR,ERR,ERR,ERR,ERR,ERR,ERR,ERR,ERR,ERR,ERR,ERR,ERR,ERR,ERR,ERR,34.0,80.0,35,0.0,0.0,0.0,0.0,0.0,0.0,0.0,0.0,0.0,0.0,0.0,0.0,0.0,0.0,0.0,0.0,64.8,0,117,56,50,65476,0,300,0,0,8,20529,65476,0,0,57672,80.0,0.0,0.0,0.0,0.0,0.0
2026-06-17T04:02:05,ERR,ERR,ERR,ERR,ERR,ERR,ERR,ERR,ERR,ERR,ERR,ERR,ERR,ERR,ERR,ERR,ERR,ERR,ERR,ERR,ERR,ERR,ERR,ERR,ERR,ERR,ERR,ERR,ERR,ERR,ERR,ERR,ERR,ERR,ERR,ERR,ERR,ERR,ERR,ERR,ERR,ERR,ERR,ERR,ERR,ERR,ERR,ERR,ERR,ERR,ERR,ERR,ERR,ERR,ERR,ERR,ERR,ERR,ERR,ERR,ERR,ERR,ERR,ERR,ERR,ERR,ERR,ERR,ERR,ERR,ERR,ERR,ERR,ERR,ERR,ERR,ERR,ERR,ERR,ERR,ERR,ERR,ERR,ERR,ERR,ERR,ERR,ERR,ERR,ERR,ERR,ERR,ERR,ERR,ERR,ERR,ERR,ERR,ERR,ERR,ERR,ERR,ERR,ERR,ERR,ERR,ERR,ERR,ERR,ERR,ERR,ERR,ERR,ERR,ERR,ERR,ERR,ERR,ERR,ERR,ERR,ERR,ERR,ERR,ERR,0.0,0.0,2.6474777903227054e+23,0.0,0.0,1.3936040501711995e+18,7.805,0.0,0,0,4,0,7300,-0.0,0,0.0,0.0,0.0,0.0,0.0,0,0,0,0,0.0,0,0,0,0,0,0,0,0,0,0,0,0,0,0,0,0,0,0,0,0,0,0,0,0,0,0,0,0,0,0,0,0,0,32,30,30,62,65476,0,300,0,0,8,21553,0.0,-107605600.0,0.0,0.0,0.0,0.0,0.0,0.0,0.0,0.0,0.0,0.0,0.0,0.0,0.0,0.0,0.0,0.0,0.0,0.0,0.0,0.0,2.004,-0.0,-2.004,-0.0,0.0,0.0,0.0,0.0,5404.0,1.587931619850188e+29,6958.0,0.0,0.0,-107615280.0,0.0,0.0,0.0,0.0,0.0,63,-107615312.0,5.84806162527158e+35,0.0,0.0,0.0,0.0,0.0,0.0,0.0,0,0,0,0.0,0.0,0.0,0.0,0.0,0.0,0.0,0.0,0.0,0.0,0.0,0.0,0.0,0.0,0.0,0.0,0,-107875648.0,63,0.0,126,2.7184242562605685e+23,-0.0,ERR,ERR,ERR,ERR,ERR,ERR,ERR,ERR,ERR,ERR,ERR,ERR,ERR,ERR,ERR,ERR,ERR,ERR,ERR,ERR,ERR,ERR,ERR,ERR,ERR,ERR,ERR,ERR,ERR,ERR,ERR,ERR,ERR,ERR,ERR,ERR,ERR,ERR,ERR,ERR,ERR,ERR,ERR,ERR,ERR,ERR,ERR,ERR,ERR,ERR,ERR,ERR,ERR,ERR,ERR,ERR,ERR,ERR,ERR,ERR,ERR,ERR,ERR,ERR,ERR,ERR,ERR,34.0,80.0,35,0.0,0.0,0.0,0.0,0.0,0.0,0.0,0.0,0.0,0.0,0.0,0.0,0.0,0.0,0.0,0.0,64.4,0,117,56,50,65476,0,300,0,0,8,20529,65476,0,0,57672,80.0,0.0,0.0,0.0,0.0,0.0
2026-06-17T04:02:06,ERR,ERR,ERR,ERR,ERR,ERR,ERR,ERR,ERR,ERR,ERR,ERR,ERR,ERR,ERR,ERR,ERR,ERR,ERR,ERR,ERR,ERR,ERR,ERR,ERR,ERR,ERR,ERR,ERR,ERR,ERR,ERR,ERR,ERR,ERR,ERR,ERR,ERR,ERR,ERR,ERR,ERR,ERR,ERR,ERR,ERR,ERR,ERR,ERR,ERR,ERR,ERR,ERR,ERR,ERR,ERR,ERR,ERR,ERR,ERR,ERR,ERR,ERR,ERR,ERR,ERR,ERR,ERR,ERR,ERR,ERR,ERR,ERR,ERR,ERR,ERR,ERR,ERR,ERR,ERR,ERR,ERR,ERR,ERR,ERR,ERR,ERR,ERR,ERR,ERR,ERR,ERR,ERR,ERR,ERR,ERR,ERR,ERR,ERR,ERR,ERR,ERR,ERR,ERR,ERR,ERR,ERR,ERR,ERR,ERR,ERR,ERR,ERR,ERR,ERR,ERR,ERR,ERR,ERR,ERR,ERR,ERR,ERR,ERR,ERR,0.0,0.0,2.6474777903227054e+23,0.0,0.0,1.3936040501711995e+18,7.805,0.0,0,0,4,0,7300,-0.0,0,0.0,0.0,0.0,0.0,0.0,0,0,0,0,0.0,0,0,0,0,0,0,0,0,0,0,0,0,0,0,0,0,0,0,0,0,0,0,0,0,0,0,0,0,0,0,0,0,0,32,30,30,62,65476,0,300,0,0,8,21553,0.0,-107605600.0,0.0,0.0,0.0,0.0,0.0,0.0,0.0,0.0,0.0,0.0,0.0,0.0,0.0,0.0,0.0,0.0,0.0,0.0,0.0,0.0,2.004,-0.0,-2.004,-0.0,0.0,0.0,0.0,0.0,5404.0,1.587931619850188e+29,6958.0,0.0,0.0,-107615280.0,0.0,0.0,0.0,0.0,0.0,63,-107615312.0,5.84806162527158e+35,0.0,0.0,0.0,0.0,0.0,0.0,0.0,0,0,0,0.0,0.0,0.0,0.0,0.0,0.0,0.0,0.0,0.0,0.0,0.0,0.0,0.0,0.0,0.0,0.0,0,-107875648.0,63,0.0,126,2.7184242562605685e+23,-0.0,ERR,ERR,ERR,ERR,ERR,ERR,ERR,ERR,ERR,ERR,ERR,ERR,ERR,ERR,ERR,ERR,ERR,ERR,ERR,ERR,ERR,ERR,ERR,ERR,ERR,ERR,ERR,ERR,ERR,ERR,ERR,ERR,ERR,ERR,ERR,ERR,ERR,ERR,ERR,ERR,ERR,ERR,ERR,ERR,ERR,ERR,ERR,ERR,ERR,ERR,ERR,ERR,ERR,ERR,ERR,ERR,ERR,ERR,ERR,ERR,ERR,ERR,ERR,ERR,ERR,ERR,ERR,34.0,80.0,35,0.0,0.0,0.0,0.0,0.0,0.0,0.0,0.0,0.0,0.0,0.0,0.0,0.0,0.0,0.0,0.0,64.4,0,117,56,50,65476,0,300,0,0,8,20529,65476,0,0,57672,80.0,0.0,0.0,0.0,0.0,0.0
2026-06-17T04:02:07,ERR,ERR,ERR,ERR,ERR,ERR,ERR,ERR,ERR,ERR,ERR,ERR,ERR,ERR,ERR,ERR,ERR,ERR,ERR,ERR,ERR,ERR,ERR,ERR,ERR,ERR,ERR,ERR,ERR,ERR,ERR,ERR,ERR,ERR,ERR,ERR,ERR,ERR,ERR,ERR,ERR,ERR,ERR,ERR,ERR,ERR,ERR,ERR,ERR,ERR,ERR,ERR,ERR,ERR,ERR,ERR,ERR,ERR,ERR,ERR,ERR,ERR,ERR,ERR,ERR,ERR,ERR,ERR,ERR,ERR,ERR,ERR,ERR,ERR,ERR,ERR,ERR,ERR,ERR,ERR,ERR,ERR,ERR,ERR,ERR,ERR,ERR,ERR,ERR,ERR,ERR,ERR,ERR,ERR,ERR,ERR,ERR,ERR,ERR,ERR,ERR,ERR,ERR,ERR,ERR,ERR,ERR,ERR,ERR,ERR,ERR,ERR,ERR,ERR,ERR,ERR,ERR,ERR,ERR,ERR,ERR,ERR,ERR,ERR,ERR,0.0,0.0,2.6474777903227054e+23,0.0,0.0,1.3936040501711995e+18,7.805,0.0,0,0,4,0,7300,-0.0,0,0.0,0.0,0.0,0.0,0.0,0,0,0,0,0.0,0,0,0,0,0,0,0,0,0,0,0,0,0,0,0,0,0,0,0,0,0,0,0,0,0,0,0,0,0,0,0,0,0,32,30,30,62,65476,0,300,0,0,8,21553,0.0,-107605600.0,0.0,0.0,0.0,0.0,0.0,0.0,0.0,0.0,0.0,0.0,0.0,0.0,0.0,0.0,0.0,0.0,0.0,0.0,0.0,0.0,2.004,-0.0,-2.004,-0.0,0.0,0.0,0.0,0.0,5404.0,1.587931619850188e+29,6958.0,0.0,0.0,-107615280.0,0.0,0.0,0.0,0.0,0.0,63,-107615312.0,5.84806162527158e+35,0.0,0.0,0.0,0.0,0.0,0.0,0.0,0,0,0,0.0,0.0,0.0,0.0,0.0,0.0,0.0,0.0,0.0,0.0,0.0,0.0,0.0,0.0,0.0,0.0,0,-107875648.0,63,0.0,126,2.7184242562605685e+23,-0.0,ERR,ERR,ERR,ERR,ERR,ERR,ERR,ERR,ERR,ERR,ERR,ERR,ERR,ERR,ERR,ERR,ERR,ERR,ERR,ERR,ERR,ERR,ERR,ERR,ERR,ERR,ERR,ERR,ERR,ERR,ERR,ERR,ERR,ERR,ERR,ERR,ERR,ERR,ERR,ERR,ERR,ERR,ERR,ERR,ERR,ERR,ERR,ERR,ERR,ERR,ERR,ERR,ERR,ERR,ERR,ERR,ERR,ERR,ERR,ERR,ERR,ERR,ERR,ERR,ERR,ERR,ERR,34.0,80.0,35,0.0,0.0,0.0,0.0,0.0,0.0,0.0,0.0,0.0,0.0,0.0,0.0,0.0,0.0,0.0,0.0,64.4,0,117,56,50,65476,0,300,0,0,8,20529,65476,0,0,57672,80.0,0.0,0.0,0.0,0.0,0.0
2026-06-17T04:02:08,ERR,ERR,ERR,ERR,ERR,ERR,ERR,ERR,ERR,ERR,ERR,ERR,ERR,ERR,ERR,ERR,ERR,ERR,ERR,ERR,ERR,ERR,ERR,ERR,ERR,ERR,ERR,ERR,ERR,ERR,ERR,ERR,ERR,ERR,ERR,ERR,ERR,ERR,ERR,ERR,ERR,ERR,ERR,ERR,ERR,ERR,ERR,ERR,ERR,ERR,ERR,ERR,ERR,ERR,ERR,ERR,ERR,ERR,ERR,ERR,ERR,ERR,ERR,ERR,ERR,ERR,ERR,ERR,ERR,ERR,ERR,ERR,ERR,ERR,ERR,ERR,ERR,ERR,ERR,ERR,ERR,ERR,ERR,ERR,ERR,ERR,ERR,ERR,ERR,ERR,ERR,ERR,ERR,ERR,ERR,ERR,ERR,ERR,ERR,ERR,ERR,ERR,ERR,ERR,ERR,ERR,ERR,ERR,ERR,ERR,ERR,ERR,ERR,ERR,ERR,ERR,ERR,ERR,ERR,ERR,ERR,ERR,ERR,ERR,ERR,0.0,0.0,2.6474777903227054e+23,0.0,0.0,1.3936040501711995e+18,7.805,0.0,0,0,4,0,7300,-0.0,0,0.0,0.0,0.0,0.0,0.0,0,0,0,0,0.0,0,0,0,0,0,0,0,0,0,0,0,0,0,0,0,0,0,0,0,0,0,0,0,0,0,0,0,0,0,0,0,0,0,32,30,30,62,65476,0,300,0,0,8,21553,0.0,-107605600.0,0.0,0.0,0.0,0.0,0.0,0.0,0.0,0.0,0.0,0.0,0.0,0.0,0.0,0.0,0.0,0.0,0.0,0.0,0.0,0.0,2.004,-0.0,-2.004,-0.0,0.0,0.0,0.0,0.0,5404.0,1.587931619850188e+29,6958.0,0.0,0.0,-107615280.0,0.0,0.0,0.0,0.0,0.0,63,-107615312.0,5.84806162527158e+35,0.0,0.0,0.0,0.0,0.0,0.0,0.0,0,0,0,0.0,0.0,0.0,0.0,0.0,0.0,0.0,0.0,0.0,0.0,0.0,0.0,0.0,0.0,0.0,0.0,0,-107875648.0,63,0.0,126,2.7184242562605685e+23,-0.0,ERR,ERR,ERR,ERR,ERR,ERR,ERR,ERR,ERR,ERR,ERR,ERR,ERR,ERR,ERR,ERR,ERR,ERR,ERR,ERR,ERR,ERR,ERR,ERR,ERR,ERR,ERR,ERR,ERR,ERR,ERR,ERR,ERR,ERR,ERR,ERR,ERR,ERR,ERR,ERR,ERR,ERR,ERR,ERR,ERR,ERR,ERR,ERR,ERR,ERR,ERR,ERR,ERR,ERR,ERR,ERR,ERR,ERR,ERR,ERR,ERR,ERR,ERR,ERR,ERR,ERR,ERR,34.0,80.0,35,0.0,0.0,0.0,0.0,0.0,0.0,0.0,0.0,0.0,0.0,0.0,0.0,0.0,0.0,0.0,0.0,64.4,0,117,56,50,65476,0,300,0,0,8,20529,65476,0,0,57672,80.0,0.0,0.0,0.0,0.0,0.0
2026-06-17T04:02:09,ERR,ERR,ERR,ERR,ERR,ERR,ERR,ERR,ERR,ERR,ERR,ERR,ERR,ERR,ERR,ERR,ERR,ERR,ERR,ERR,ERR,ERR,ERR,ERR,ERR,ERR,ERR,ERR,ERR,ERR,ERR,ERR,ERR,ERR,ERR,ERR,ERR,ERR,ERR,ERR,ERR,ERR,ERR,ERR,ERR,ERR,ERR,ERR,ERR,ERR,ERR,ERR,ERR,ERR,ERR,ERR,ERR,ERR,ERR,ERR,ERR,ERR,ERR,ERR,ERR,ERR,ERR,ERR,ERR,ERR,ERR,ERR,ERR,ERR,ERR,ERR,ERR,ERR,ERR,ERR,ERR,ERR,ERR,ERR,ERR,ERR,ERR,ERR,ERR,ERR,ERR,ERR,ERR,ERR,ERR,ERR,ERR,ERR,ERR,ERR,ERR,ERR,ERR,ERR,ERR,ERR,ERR,ERR,ERR,ERR,ERR,ERR,ERR,ERR,ERR,ERR,ERR,ERR,ERR,ERR,ERR,ERR,ERR,ERR,ERR,0.0,0.0,2.6474777903227054e+23,0.0,0.0,1.3936040501711995e+18,7.805,0.0,0,0,4,0,7300,-0.0,0,0.0,0.0,0.0,0.0,0.0,0,0,0,0,0.0,0,0,0,0,0,0,0,0,0,0,0,0,0,0,0,0,0,0,0,0,0,0,0,0,0,0,0,0,0,0,0,0,0,32,30,30,62,65476,0,300,0,0,8,21553,0.0,-107605600.0,0.0,0.0,0.0,0.0,0.0,0.0,0.0,0.0,0.0,0.0,0.0,0.0,0.0,0.0,0.0,0.0,0.0,0.0,0.0,0.0,2.004,-0.0,-0.0,-0.0,0.0,0.0,0.0,0.0,5402.0,0.0,6950.0,0.0,0.0,-107615280.0,0.0,0.0,0.0,0.0,0.0,63,-71.63,89220.68,0.0,0.0,0.0,0.0,0.0,0.0,0.0,0,0,0,0.0,0.0,0.0,0.0,0.0,0.0,0.0,0.0,0.0,0.0,0.0,0.0,0.0,0.0,0.0,0.0,0,-107875648.0,63,0.0,126,2.7184242562605685e+23,-0.0,ERR,ERR,ERR,ERR,ERR,ERR,ERR,ERR,ERR,ERR,ERR,ERR,ERR,ERR,ERR,ERR,ERR,ERR,ERR,ERR,ERR,ERR,ERR,ERR,ERR,ERR,ERR,ERR,ERR,ERR,ERR,ERR,ERR,ERR,ERR,ERR,ERR,ERR,ERR,ERR,ERR,ERR,ERR,ERR,ERR,ERR,ERR,ERR,ERR,ERR,ERR,ERR,ERR,ERR,ERR,ERR,ERR,ERR,ERR,ERR,ERR,ERR,ERR,ERR,ERR,ERR,ERR,34.0,80.0,35,0.0,0.0,0.0,0.0,0.0,0.0,0.0,0.0,0.0,0.0,0.0,0.0,0.0,0.0,0.0,0.0,64.4,0,117,56,50,65476,0,300,0,0,8,20529,65476,0,0,57672,80.0,0.0,0.0,0.0,0.0,0.0
2026-06-17T04:02:10,ERR,ERR,ERR,ERR,ERR,ERR,ERR,ERR,ERR,ERR,ERR,ERR,ERR,ERR,ERR,ERR,ERR,ERR,ERR,ERR,ERR,ERR,ERR,ERR,ERR,ERR,ERR,ERR,ERR,ERR,ERR,ERR,ERR,ERR,ERR,ERR,ERR,ERR,ERR,ERR,ERR,ERR,ERR,ERR,ERR,ERR,ERR,ERR,ERR,ERR,ERR,ERR,ERR,ERR,ERR,ERR,ERR,ERR,ERR,ERR,ERR,ERR,ERR,ERR,ERR,ERR,ERR,ERR,ERR,ERR,ERR,ERR,ERR,ERR,ERR,ERR,ERR,ERR,ERR,ERR,ERR,ERR,ERR,ERR,ERR,ERR,ERR,ERR,ERR,ERR,ERR,ERR,ERR,ERR,ERR,ERR,ERR,ERR,ERR,ERR,ERR,ERR,ERR,ERR,ERR,ERR,ERR,ERR,ERR,ERR,ERR,ERR,ERR,ERR,ERR,ERR,ERR,ERR,ERR,ERR,ERR,ERR,ERR,ERR,ERR,0.0,0.0,2.6474777903227054e+23,0.0,0.0,1.3936040501711995e+18,7.805,0.0,0,0,4,0,7300,-0.0,0,0.0,0.0,0.0,0.0,0.0,0,0,0,0,0.0,0,0,0,0,0,0,0,0,0,0,0,0,0,0,0,0,0,0,0,0,0,0,0,0,0,0,0,0,0,0,0,0,0,32,30,30,62,65476,0,300,0,0,8,21553,0.0,-107605600.0,0.0,0.0,0.0,0.0,0.0,0.0,0.0,0.0,0.0,0.0,0.0,0.0,0.0,0.0,0.0,0.0,0.0,0.0,0.0,0.0,2.004,-0.0,-0.0,-0.0,0.0,0.0,0.0,0.0,5402.0,0.0,6950.0,0.0,0.0,-107615280.0,0.0,0.0,0.0,0.0,0.0,63,-71.63,89220.68,0.0,0.0,0.0,0.0,0.0,0.0,0.0,0,0,0,0.0,0.0,0.0,0.0,0.0,0.0,0.0,0.0,0.0,0.0,0.0,0.0,0.0,0.0,0.0,0.0,0,-107875648.0,63,0.0,126,2.7184242562605685e+23,-0.0,ERR,ERR,ERR,ERR,ERR,ERR,ERR,ERR,ERR,ERR,ERR,ERR,ERR,ERR,ERR,ERR,ERR,ERR,ERR,ERR,ERR,ERR,ERR,ERR,ERR,ERR,ERR,ERR,ERR,ERR,ERR,ERR,ERR,ERR,ERR,ERR,ERR,ERR,ERR,ERR,ERR,ERR,ERR,ERR,ERR,ERR,ERR,ERR,ERR,ERR,ERR,ERR,ERR,ERR,ERR,ERR,ERR,ERR,ERR,ERR,ERR,ERR,ERR,ERR,ERR,ERR,ERR,34.0,80.0,35,0.0,0.0,0.0,0.0,0.0,0.0,0.0,0.0,0.0,0.0,0.0,0.0,0.0,0.0,0.0,0.0,64.4,0,117,56,50,65476,0,300,0,0,8,20529,65476,0,0,57672,80.0,0.0,0.0,0.0,0.0,0.0
2026-06-17T04:02:11,ERR,ERR,ERR,ERR,ERR,ERR,ERR,ERR,ERR,ERR,ERR,ERR,ERR,ERR,ERR,ERR,ERR,ERR,ERR,ERR,ERR,ERR,ERR,ERR,ERR,ERR,ERR,ERR,ERR,ERR,ERR,ERR,ERR,ERR,ERR,ERR,ERR,ERR,ERR,ERR,ERR,ERR,ERR,ERR,ERR,ERR,ERR,ERR,ERR,ERR,ERR,ERR,ERR,ERR,ERR,ERR,ERR,ERR,ERR,ERR,ERR,ERR,ERR,ERR,ERR,ERR,ERR,ERR,ERR,ERR,ERR,ERR,ERR,ERR,ERR,ERR,ERR,ERR,ERR,ERR,ERR,ERR,ERR,ERR,ERR,ERR,ERR,ERR,ERR,ERR,ERR,ERR,ERR,ERR,ERR,ERR,ERR,ERR,ERR,ERR,ERR,ERR,ERR,ERR,ERR,ERR,ERR,ERR,ERR,ERR,ERR,ERR,ERR,ERR,ERR,ERR,ERR,ERR,ERR,ERR,ERR,ERR,ERR,ERR,ERR,0.0,0.0,2.6474777903227054e+23,0.0,0.0,1.3936040501711995e+18,7.805,0.0,0,0,4,0,7300,-0.0,0,0.0,0.0,0.0,0.0,0.0,0,0,0,0,0.0,0,0,0,0,0,0,0,0,0,0,0,0,0,0,0,0,0,0,0,0,0,0,0,0,0,0,0,0,0,0,0,0,0,32,30,30,62,65476,0,300,0,0,8,21553,0.0,-107605600.0,0.0,0.0,0.0,0.0,0.0,0.0,0.0,0.0,0.0,0.0,0.0,0.0,0.0,0.0,0.0,0.0,0.0,0.0,0.0,0.0,2.004,-0.0,-0.0,-0.0,0.0,0.0,0.0,0.0,5402.0,0.0,6950.0,0.0,0.0,-107615280.0,0.0,0.0,0.0,0.0,0.0,63,-71.63,89220.68,0.0,0.0,0.0,0.0,0.0,0.0,0.0,0,0,0,0.0,0.0,0.0,0.0,0.0,0.0,0.0,0.0,0.0,0.0,0.0,0.0,0.0,0.0,0.0,0.0,0,-107875648.0,63,0.0,126,2.7184242562605685e+23,-0.0,ERR,ERR,ERR,ERR,ERR,ERR,ERR,ERR,ERR,ERR,ERR,ERR,ERR,ERR,ERR,ERR,ERR,ERR,ERR,ERR,ERR,ERR,ERR,ERR,ERR,ERR,ERR,ERR,ERR,ERR,ERR,ERR,ERR,ERR,ERR,ERR,ERR,ERR,ERR,ERR,ERR,ERR,ERR,ERR,ERR,ERR,ERR,ERR,ERR,ERR,ERR,ERR,ERR,ERR,ERR,ERR,ERR,ERR,ERR,ERR,ERR,ERR,ERR,ERR,ERR,ERR,ERR,34.0,80.0,35,0.0,0.0,0.0,0.0,0.0,0.0,0.0,0.0,0.0,0.0,0.0,0.0,0.0,0.0,0.0,0.0,64.4,0,117,56,50,65476,0,300,0,0,8,20529,65476,0,0,57672,80.0,0.0,0.0,0.0,0.0,0.0
2026-06-17T04:02:12,ERR,ERR,ERR,ERR,ERR,ERR,ERR,ERR,ERR,ERR,ERR,ERR,ERR,ERR,ERR,ERR,ERR,ERR,ERR,ERR,ERR,ERR,ERR,ERR,ERR,ERR,ERR,ERR,ERR,ERR,ERR,ERR,ERR,ERR,ERR,ERR,ERR,ERR,ERR,ERR,ERR,ERR,ERR,ERR,ERR,ERR,ERR,ERR,ERR,ERR,ERR,ERR,ERR,ERR,ERR,ERR,ERR,ERR,ERR,ERR,ERR,ERR,ERR,ERR,ERR,ERR,ERR,ERR,ERR,ERR,ERR,ERR,ERR,ERR,ERR,ERR,ERR,ERR,ERR,ERR,ERR,ERR,ERR,ERR,ERR,ERR,ERR,ERR,ERR,ERR,ERR,ERR,ERR,ERR,ERR,ERR,ERR,ERR,ERR,ERR,ERR,ERR,ERR,ERR,ERR,ERR,ERR,ERR,ERR,ERR,ERR,ERR,ERR,ERR,ERR,ERR,ERR,ERR,ERR,ERR,ERR,ERR,ERR,ERR,ERR,0.0,0.0,2.6474777903227054e+23,0.0,0.0,1.3936040501711995e+18,7.805,0.0,0,0,4,0,7300,-0.0,0,0.0,0.0,0.0,0.0,0.0,0,0,0,0,0.0,0,0,0,0,0,0,0,0,0,0,0,0,0,0,0,0,0,0,0,0,0,0,0,0,0,0,0,0,0,0,0,0,0,32,30,30,62,65476,0,300,0,0,8,21553,0.0,-107605600.0,0.0,0.0,0.0,0.0,0.0,0.0,0.0,0.0,0.0,0.0,0.0,0.0,0.0,0.0,0.0,0.0,0.0,0.0,0.0,0.0,2.004,-0.0,-0.0,-0.0,0.0,0.0,0.0,0.0,5402.0,0.0,6950.0,0.0,0.0,-107615280.0,0.0,0.0,0.0,0.0,0.0,63,-71.63,89220.68,0.0,0.0,0.0,0.0,0.0,0.0,0.0,0,0,0,0.0,0.0,0.0,0.0,0.0,0.0,0.0,0.0,0.0,0.0,0.0,0.0,0.0,0.0,0.0,0.0,0,-107875648.0,63,0.0,126,2.7184242562605685e+23,-0.0,ERR,ERR,ERR,ERR,ERR,ERR,ERR,ERR,ERR,ERR,ERR,ERR,ERR,ERR,ERR,ERR,ERR,ERR,ERR,ERR,ERR,ERR,ERR,ERR,ERR,ERR,ERR,ERR,ERR,ERR,ERR,ERR,ERR,ERR,ERR,ERR,ERR,ERR,ERR,ERR,ERR,ERR,ERR,ERR,ERR,ERR,ERR,ERR,ERR,ERR,ERR,ERR,ERR,ERR,ERR,ERR,ERR,ERR,ERR,ERR,ERR,ERR,ERR,ERR,ERR,ERR,ERR,34.0,80.0,35,0.0,0.0,0.0,0.0,0.0,0.0,0.0,0.0,0.0,0.0,0.0,0.0,0.0,0.0,0.0,0.0,64.4,0,117,56,50,65476,0,300,0,0,8,20529,65476,0,0,57672,80.0,0.0,0.0,0.0,0.0,0.0
2026-06-17T04:02:13,ERR,ERR,ERR,ERR,ERR,ERR,ERR,ERR,ERR,ERR,ERR,ERR,ERR,ERR,ERR,ERR,ERR,ERR,ERR,ERR,ERR,ERR,ERR,ERR,ERR,ERR,ERR,ERR,ERR,ERR,ERR,ERR,ERR,ERR,ERR,ERR,ERR,ERR,ERR,ERR,ERR,ERR,ERR,ERR,ERR,ERR,ERR,ERR,ERR,ERR,ERR,ERR,ERR,ERR,ERR,ERR,ERR,ERR,ERR,ERR,ERR,ERR,ERR,ERR,ERR,ERR,ERR,ERR,ERR,ERR,ERR,ERR,ERR,ERR,ERR,ERR,ERR,ERR,ERR,ERR,ERR,ERR,ERR,ERR,ERR,ERR,ERR,ERR,ERR,ERR,ERR,ERR,ERR,ERR,ERR,ERR,ERR,ERR,ERR,ERR,ERR,ERR,ERR,ERR,ERR,ERR,ERR,ERR,ERR,ERR,ERR,ERR,ERR,ERR,ERR,ERR,ERR,ERR,ERR,ERR,ERR,ERR,ERR,ERR,ERR,0.0,0.0,2.6474777903227054e+23,0.0,0.0,1.3936040501711995e+18,7.805,0.0,0,0,4,0,7300,-0.0,0,0.0,0.0,0.0,0.0,0.0,0,0,0,0,0.0,0,0,0,0,0,0,0,0,0,0,0,0,0,0,0,0,0,0,0,0,0,0,0,0,0,0,0,0,0,0,0,0,0,32,30,30,62,65476,0,300,0,0,8,21553,0.0,-107605600.0,0.0,0.0,0.0,0.0,0.0,0.0,0.0,0.0,0.0,0.0,0.0,0.0,0.0,0.0,0.0,0.0,0.0,0.0,0.0,0.0,2.004,-0.0,-0.0,-0.0,0.0,0.0,0.0,0.0,5402.0,0.0,6950.0,0.0,0.0,-107615280.0,0.0,0.0,0.0,0.0,0.0,63,-71.63,89220.68,0.0,0.0,0.0,0.0,0.0,0.0,0.0,0,0,0,0.0,0.0,0.0,0.0,0.0,0.0,0.0,0.0,0.0,0.0,0.0,0.0,0.0,0.0,0.0,0.0,0,-107875648.0,63,0.0,126,2.7184242562605685e+23,-0.0,ERR,ERR,ERR,ERR,ERR,ERR,ERR,ERR,ERR,ERR,ERR,ERR,ERR,ERR,ERR,ERR,ERR,ERR,ERR,ERR,ERR,ERR,ERR,ERR,ERR,ERR,ERR,ERR,ERR,ERR,ERR,ERR,ERR,ERR,ERR,ERR,ERR,ERR,ERR,ERR,ERR,ERR,ERR,ERR,ERR,ERR,ERR,ERR,ERR,ERR,ERR,ERR,ERR,ERR,ERR,ERR,ERR,ERR,ERR,ERR,ERR,ERR,ERR,ERR,ERR,ERR,ERR,34.0,80.0,35,0.0,0.0,0.0,0.0,0.0,0.0,0.0,0.0,0.0,0.0,0.0,0.0,0.0,0.0,0.0,0.0,64.4,0,117,56,50,65476,0,300,0,0,8,20529,65476,0,0,57672,80.0,0.0,0.0,0.0,0.0,0.0
2026-06-17T04:02:14,ERR,ERR,ERR,ERR,ERR,ERR,ERR,ERR,ERR,ERR,ERR,ERR,ERR,ERR,ERR,ERR,ERR,ERR,ERR,ERR,ERR,ERR,ERR,ERR,ERR,ERR,ERR,ERR,ERR,ERR,ERR,ERR,ERR,ERR,ERR,ERR,ERR,ERR,ERR,ERR,ERR,ERR,ERR,ERR,ERR,ERR,ERR,ERR,ERR,ERR,ERR,ERR,ERR,ERR,ERR,ERR,ERR,ERR,ERR,ERR,ERR,ERR,ERR,ERR,ERR,ERR,ERR,ERR,ERR,ERR,ERR,ERR,ERR,ERR,ERR,ERR,ERR,ERR,ERR,ERR,ERR,ERR,ERR,ERR,ERR,ERR,ERR,ERR,ERR,ERR,ERR,ERR,ERR,ERR,ERR,ERR,ERR,ERR,ERR,ERR,ERR,ERR,ERR,ERR,ERR,ERR,ERR,ERR,ERR,ERR,ERR,ERR,ERR,ERR,ERR,ERR,ERR,ERR,ERR,ERR,ERR,ERR,ERR,ERR,ERR,0.0,0.0,2.6474777903227054e+23,0.0,0.0,1.3936040501711995e+18,7.805,0.0,0,0,4,0,7300,-0.0,0,0.0,0.0,0.0,0.0,0.0,0,0,0,0,0.0,0,0,0,0,0,0,0,0,0,0,0,0,0,0,0,0,0,0,0,0,0,0,0,0,0,0,0,0,0,0,0,0,0,32,30,30,62,65476,0,300,0,0,8,21553,0.0,-107605600.0,0.0,0.0,0.0,0.0,0.0,0.0,0.0,0.0,0.0,0.0,0.0,0.0,0.0,0.0,0.0,0.0,0.0,0.0,0.0,0.0,2.004,-0.0,-2.004,-0.0,0.0,0.0,0.0,0.0,5402.0,0.0,6949.0,0.0,0.0,-107615280.0,0.0,0.0,0.0,0.0,0.0,63,-71.63,0.059,0.0,0.0,0.0,0.0,0.0,0.0,0.0,0,0,0,0.0,0.0,0.0,0.0,0.0,0.0,0.0,0.0,0.0,0.0,0.0,0.0,0.0,0.0,0.0,0.0,0,-107875648.0,63,0.0,126,2.7184242562605685e+23,-0.0,ERR,ERR,ERR,ERR,ERR,ERR,ERR,ERR,ERR,ERR,ERR,ERR,ERR,ERR,ERR,ERR,ERR,ERR,ERR,ERR,ERR,ERR,ERR,ERR,ERR,ERR,ERR,ERR,ERR,ERR,ERR,ERR,ERR,ERR,ERR,ERR,ERR,ERR,ERR,ERR,ERR,ERR,ERR,ERR,ERR,ERR,ERR,ERR,ERR,ERR,ERR,ERR,ERR,ERR,ERR,ERR,ERR,ERR,ERR,ERR,ERR,ERR,ERR,ERR,ERR,ERR,ERR,34.0,80.0,35,0.0,0.0,0.0,0.0,0.0,0.0,0.0,0.0,0.0,0.0,0.0,0.0,0.0,0.0,0.0,0.0,64.4,0,117,56,50,65476,0,300,0,0,8,20529,65476,0,0,57672,80.0,0.0,0.0,0.0,0.0,0.0
2026-06-17T04:02:15,ERR,ERR,ERR,ERR,ERR,ERR,ERR,ERR,ERR,ERR,ERR,ERR,ERR,ERR,ERR,ERR,ERR,ERR,ERR,ERR,ERR,ERR,ERR,ERR,ERR,ERR,ERR,ERR,ERR,ERR,ERR,ERR,ERR,ERR,ERR,ERR,ERR,ERR,ERR,ERR,ERR,ERR,ERR,ERR,ERR,ERR,ERR,ERR,ERR,ERR,ERR,ERR,ERR,ERR,ERR,ERR,ERR,ERR,ERR,ERR,ERR,ERR,ERR,ERR,ERR,ERR,ERR,ERR,ERR,ERR,ERR,ERR,ERR,ERR,ERR,ERR,ERR,ERR,ERR,ERR,ERR,ERR,ERR,ERR,ERR,ERR,ERR,ERR,ERR,ERR,ERR,ERR,ERR,ERR,ERR,ERR,ERR,ERR,ERR,ERR,ERR,ERR,ERR,ERR,ERR,ERR,ERR,ERR,ERR,ERR,ERR,ERR,ERR,ERR,ERR,ERR,ERR,ERR,ERR,ERR,ERR,ERR,ERR,ERR,ERR,0.0,0.0,2.6474777903227054e+23,0.0,0.0,1.3936040501711995e+18,7.805,0.0,0,0,4,0,7300,-0.0,0,0.0,0.0,0.0,0.0,0.0,0,0,0,0,0.0,0,0,0,0,0,0,0,0,0,0,0,0,0,0,0,0,0,0,0,0,0,0,0,0,0,0,0,0,0,0,0,0,0,32,30,30,62,65476,0,300,0,0,8,21553,0.0,-107605600.0,0.0,0.0,0.0,0.0,0.0,0.0,0.0,0.0,0.0,0.0,0.0,0.0,0.0,0.0,0.0,0.0,0.0,0.0,0.0,0.0,2.004,-0.0,-2.004,-0.0,0.0,0.0,0.0,0.0,5402.0,0.0,6949.0,0.0,0.0,-107615280.0,0.0,0.0,0.0,0.0,0.0,63,-71.63,0.059,0.0,0.0,0.0,0.0,0.0,0.0,0.0,0,0,0,0.0,0.0,0.0,0.0,0.0,0.0,0.0,0.0,0.0,0.0,0.0,0.0,0.0,0.0,0.0,0.0,0,-107875648.0,63,0.0,126,2.7184242562605685e+23,-0.0,ERR,ERR,ERR,ERR,ERR,ERR,ERR,ERR,ERR,ERR,ERR,ERR,ERR,ERR,ERR,ERR,ERR,ERR,ERR,ERR,ERR,ERR,ERR,ERR,ERR,ERR,ERR,ERR,ERR,ERR,ERR,ERR,ERR,ERR,ERR,ERR,ERR,ERR,ERR,ERR,ERR,ERR,ERR,ERR,ERR,ERR,ERR,ERR,ERR,ERR,ERR,ERR,ERR,ERR,ERR,ERR,ERR,ERR,ERR,ERR,ERR,ERR,ERR,ERR,ERR,ERR,ERR,34.0,80.0,35,0.0,0.0,0.0,0.0,0.0,0.0,0.0,0.0,0.0,0.0,0.0,0.0,0.0,0.0,0.0,0.0,64.4,0,117,56,50,65476,0,300,0,0,8,20529,65476,0,0,57672,80.0,0.0,0.0,0.0,0.0,0.0
2026-06-17T04:02:16,ERR,ERR,ERR,ERR,ERR,ERR,ERR,ERR,ERR,ERR,ERR,ERR,ERR,ERR,ERR,ERR,ERR,ERR,ERR,ERR,ERR,ERR,ERR,ERR,ERR,ERR,ERR,ERR,ERR,ERR,ERR,ERR,ERR,ERR,ERR,ERR,ERR,ERR,ERR,ERR,ERR,ERR,ERR,ERR,ERR,ERR,ERR,ERR,ERR,ERR,ERR,ERR,ERR,ERR,ERR,ERR,ERR,ERR,ERR,ERR,ERR,ERR,ERR,ERR,ERR,ERR,ERR,ERR,ERR,ERR,ERR,ERR,ERR,ERR,ERR,ERR,ERR,ERR,ERR,ERR,ERR,ERR,ERR,ERR,ERR,ERR,ERR,ERR,ERR,ERR,ERR,ERR,ERR,ERR,ERR,ERR,ERR,ERR,ERR,ERR,ERR,ERR,ERR,ERR,ERR,ERR,ERR,ERR,ERR,ERR,ERR,ERR,ERR,ERR,ERR,ERR,ERR,ERR,ERR,ERR,ERR,ERR,ERR,ERR,ERR,0.0,0.0,2.6474777903227054e+23,0.0,0.0,1.3936040501711995e+18,7.805,0.0,0,0,4,0,7300,-0.0,0,0.0,0.0,0.0,0.0,0.0,0,0,0,0,0.0,0,0,0,0,0,0,0,0,0,0,0,0,0,0,0,0,0,0,0,0,0,0,0,0,0,0,0,0,0,0,0,0,0,32,30,30,62,65476,0,300,0,0,8,21553,0.0,-107605600.0,0.0,0.0,0.0,0.0,0.0,0.0,0.0,0.0,0.0,0.0,0.0,0.0,0.0,0.0,0.0,0.0,0.0,0.0,0.0,0.0,2.004,-0.0,-2.004,-0.0,0.0,0.0,0.0,0.0,5402.0,0.0,6949.0,0.0,0.0,-107615280.0,0.0,0.0,0.0,0.0,0.0,63,-71.63,0.059,0.0,0.0,0.0,0.0,0.0,0.0,0.0,0,0,0,0.0,0.0,0.0,0.0,0.0,0.0,0.0,0.0,0.0,0.0,0.0,0.0,0.0,0.0,0.0,0.0,0,-107875648.0,63,0.0,126,2.7184242562605685e+23,-0.0,ERR,ERR,ERR,ERR,ERR,ERR,ERR,ERR,ERR,ERR,ERR,ERR,ERR,ERR,ERR,ERR,ERR,ERR,ERR,ERR,ERR,ERR,ERR,ERR,ERR,ERR,ERR,ERR,ERR,ERR,ERR,ERR,ERR,ERR,ERR,ERR,ERR,ERR,ERR,ERR,ERR,ERR,ERR,ERR,ERR,ERR,ERR,ERR,ERR,ERR,ERR,ERR,ERR,ERR,ERR,ERR,ERR,ERR,ERR,ERR,ERR,ERR,ERR,ERR,ERR,ERR,ERR,34.0,80.0,35,0.0,0.0,0.0,0.0,0.0,0.0,0.0,0.0,0.0,0.0,0.0,0.0,0.0,0.0,0.0,0.0,64.8,0,117,56,50,65476,0,300,0,0,8,20529,65476,0,0,57672,80.0,0.0,0.0,0.0,0.0,0.0
2026-06-17T04:02:17,ERR,ERR,ERR,ERR,ERR,ERR,ERR,ERR,ERR,ERR,ERR,ERR,ERR,ERR,ERR,ERR,ERR,ERR,ERR,ERR,ERR,ERR,ERR,ERR,ERR,ERR,ERR,ERR,ERR,ERR,ERR,ERR,ERR,ERR,ERR,ERR,ERR,ERR,ERR,ERR,ERR,ERR,ERR,ERR,ERR,ERR,ERR,ERR,ERR,ERR,ERR,ERR,ERR,ERR,ERR,ERR,ERR,ERR,ERR,ERR,ERR,ERR,ERR,ERR,ERR,ERR,ERR,ERR,ERR,ERR,ERR,ERR,ERR,ERR,ERR,ERR,ERR,ERR,ERR,ERR,ERR,ERR,ERR,ERR,ERR,ERR,ERR,ERR,ERR,ERR,ERR,ERR,ERR,ERR,ERR,ERR,ERR,ERR,ERR,ERR,ERR,ERR,ERR,ERR,ERR,ERR,ERR,ERR,ERR,ERR,ERR,ERR,ERR,ERR,ERR,ERR,ERR,ERR,ERR,ERR,ERR,ERR,ERR,ERR,ERR,0.0,0.0,2.6474777903227054e+23,0.0,0.0,1.3936040501711995e+18,7.805,0.0,0,0,4,0,7300,-0.0,0,0.0,0.0,0.0,0.0,0.0,0,0,0,0,0.0,0,0,0,0,0,0,0,0,0,0,0,0,0,0,0,0,0,0,0,0,0,0,0,0,0,0,0,0,0,0,0,0,0,32,30,30,62,65476,0,300,0,0,8,21553,0.0,-107605600.0,0.0,0.0,0.0,0.0,0.0,0.0,0.0,0.0,0.0,0.0,0.0,0.0,0.0,0.0,0.0,0.0,0.0,0.0,0.0,0.0,2.004,-0.0,-2.004,-0.0,0.0,0.0,0.0,0.0,5402.0,0.0,6949.0,0.0,0.0,-107615280.0,0.0,0.0,0.0,0.0,0.0,63,-71.63,0.059,0.0,0.0,0.0,0.0,0.0,0.0,0.0,0,0,0,0.0,0.0,0.0,0.0,0.0,0.0,0.0,0.0,0.0,0.0,0.0,0.0,0.0,0.0,0.0,0.0,0,-107875648.0,63,0.0,126,2.7184242562605685e+23,-0.0,ERR,ERR,ERR,ERR,ERR,ERR,ERR,ERR,ERR,ERR,ERR,ERR,ERR,ERR,ERR,ERR,ERR,ERR,ERR,ERR,ERR,ERR,ERR,ERR,ERR,ERR,ERR,ERR,ERR,ERR,ERR,ERR,ERR,ERR,ERR,ERR,ERR,ERR,ERR,ERR,ERR,ERR,ERR,ERR,ERR,ERR,ERR,ERR,ERR,ERR,ERR,ERR,ERR,ERR,ERR,ERR,ERR,ERR,ERR,ERR,ERR,ERR,ERR,ERR,ERR,ERR,ERR,34.0,80.0,35,0.0,0.0,0.0,0.0,0.0,0.0,0.0,0.0,0.0,0.0,0.0,0.0,0.0,0.0,0.0,0.0,64.8,0,117,56,50,65476,0,300,0,0,8,20529,65476,0,0,57672,80.0,0.0,0.0,0.0,0.0,0.0
2026-06-17T04:02:18,ERR,ERR,ERR,ERR,ERR,ERR,ERR,ERR,ERR,ERR,ERR,ERR,ERR,ERR,ERR,ERR,ERR,ERR,ERR,ERR,ERR,ERR,ERR,ERR,ERR,ERR,ERR,ERR,ERR,ERR,ERR,ERR,ERR,ERR,ERR,ERR,ERR,ERR,ERR,ERR,ERR,ERR,ERR,ERR,ERR,ERR,ERR,ERR,ERR,ERR,ERR,ERR,ERR,ERR,ERR,ERR,ERR,ERR,ERR,ERR,ERR,ERR,ERR,ERR,ERR,ERR,ERR,ERR,ERR,ERR,ERR,ERR,ERR,ERR,ERR,ERR,ERR,ERR,ERR,ERR,ERR,ERR,ERR,ERR,ERR,ERR,ERR,ERR,ERR,ERR,ERR,ERR,ERR,ERR,ERR,ERR,ERR,ERR,ERR,ERR,ERR,ERR,ERR,ERR,ERR,ERR,ERR,ERR,ERR,ERR,ERR,ERR,ERR,ERR,ERR,ERR,ERR,ERR,ERR,ERR,ERR,ERR,ERR,ERR,ERR,0.0,0.0,2.6474777903227054e+23,0.0,0.0,1.3936040501711995e+18,7.805,0.0,0,0,4,0,7300,-0.0,0,0.0,0.0,0.0,0.0,0.0,0,0,0,0,0.0,0,0,0,0,0,0,0,0,0,0,0,0,0,0,0,0,0,0,0,0,0,0,0,0,0,0,0,0,0,0,0,0,0,32,30,30,62,65476,0,300,0,0,8,21553,0.0,-107605600.0,0.0,0.0,0.0,0.0,0.0,0.0,0.0,0.0,0.0,0.0,0.0,0.0,0.0,0.0,0.0,0.0,0.0,0.0,0.0,0.0,2.004,-0.0,-2.004,-0.0,0.0,0.0,0.0,0.0,5402.0,0.0,6949.0,0.0,0.0,-107615280.0,0.0,0.0,0.0,0.0,0.0,63,-71.63,0.059,0.0,0.0,0.0,0.0,0.0,0.0,0.0,0,0,0,0.0,0.0,0.0,0.0,0.0,0.0,0.0,0.0,0.0,0.0,0.0,0.0,0.0,0.0,0.0,0.0,0,-107875648.0,63,0.0,126,2.7184242562605685e+23,-0.0,ERR,ERR,ERR,ERR,ERR,ERR,ERR,ERR,ERR,ERR,ERR,ERR,ERR,ERR,ERR,ERR,ERR,ERR,ERR,ERR,ERR,ERR,ERR,ERR,ERR,ERR,ERR,ERR,ERR,ERR,ERR,ERR,ERR,ERR,ERR,ERR,ERR,ERR,ERR,ERR,ERR,ERR,ERR,ERR,ERR,ERR,ERR,ERR,ERR,ERR,ERR,ERR,ERR,ERR,ERR,ERR,ERR,ERR,ERR,ERR,ERR,ERR,ERR,ERR,ERR,ERR,ERR,34.0,80.0,35,0.0,0.0,0.0,0.0,0.0,0.0,0.0,0.0,0.0,0.0,0.0,0.0,0.0,0.0,0.0,0.0,64.8,0,117,56,50,65476,0,300,0,0,8,20529,65476,0,0,57672,80.0,0.0,0.0,0.0,0.0,0.0
2026-06-17T04:02:19,ERR,ERR,ERR,ERR,ERR,ERR,ERR,ERR,ERR,ERR,ERR,ERR,ERR,ERR,ERR,ERR,ERR,ERR,ERR,ERR,ERR,ERR,ERR,ERR,ERR,ERR,ERR,ERR,ERR,ERR,ERR,ERR,ERR,ERR,ERR,ERR,ERR,ERR,ERR,ERR,ERR,ERR,ERR,ERR,ERR,ERR,ERR,ERR,ERR,ERR,ERR,ERR,ERR,ERR,ERR,ERR,ERR,ERR,ERR,ERR,ERR,ERR,ERR,ERR,ERR,ERR,ERR,ERR,ERR,ERR,ERR,ERR,ERR,ERR,ERR,ERR,ERR,ERR,ERR,ERR,ERR,ERR,ERR,ERR,ERR,ERR,ERR,ERR,ERR,ERR,ERR,ERR,ERR,ERR,ERR,ERR,ERR,ERR,ERR,ERR,ERR,ERR,ERR,ERR,ERR,ERR,ERR,ERR,ERR,ERR,ERR,ERR,ERR,ERR,ERR,ERR,ERR,ERR,ERR,ERR,ERR,ERR,ERR,ERR,ERR,0.0,0.0,2.6474777903227054e+23,0.0,0.0,1.3936040501711995e+18,7.805,0.0,0,0,4,0,7300,-0.0,0,0.0,0.0,0.0,0.0,0.0,0,0,0,0,0.0,0,0,0,0,0,0,0,0,0,0,0,0,0,0,0,0,0,0,0,0,0,0,0,0,0,0,0,0,0,0,0,0,0,32,30,30,62,65476,0,300,0,0,8,21553,0.0,-107605600.0,0.0,0.0,0.0,0.0,0.0,0.0,0.0,0.0,0.0,0.0,0.0,0.0,0.0,0.0,0.0,0.0,0.0,0.0,0.0,0.0,2.004,-0.0,-0.0,-0.0,0.0,0.0,0.0,0.0,5401.0,0.0,6948.0,0.0,0.0,0.0,0.0,0.0,0.0,0.0,0.0,63,-0.059,0.0,0.0,0.0,0.0,0.0,0.0,0.0,0.0,0,0,0,0.0,0.0,0.0,0.0,0.0,0.0,0.0,0.0,0.0,0.0,0.0,0.0,0.0,0.0,0.0,0.0,0,-107875648.0,63,0.0,126,2.7184242562605685e+23,-0.0,ERR,ERR,ERR,ERR,ERR,ERR,ERR,ERR,ERR,ERR,ERR,ERR,ERR,ERR,ERR,ERR,ERR,ERR,ERR,ERR,ERR,ERR,ERR,ERR,ERR,ERR,ERR,ERR,ERR,ERR,ERR,ERR,ERR,ERR,ERR,ERR,ERR,ERR,ERR,ERR,ERR,ERR,ERR,ERR,ERR,ERR,ERR,ERR,ERR,ERR,ERR,ERR,ERR,ERR,ERR,ERR,ERR,ERR,ERR,ERR,ERR,ERR,ERR,ERR,ERR,ERR,ERR,34.0,80.0,35,0.0,0.0,0.0,0.0,0.0,0.0,0.0,0.0,0.0,0.0,0.0,0.0,0.0,0.0,0.0,0.0,64.4,0,117,56,50,65476,0,300,0,0,8,20529,65476,0,0,57672,80.0,0.0,0.0,0.0,0.0,0.0
2026-06-17T04:02:20,ERR,ERR,ERR,ERR,ERR,ERR,ERR,ERR,ERR,ERR,ERR,ERR,ERR,ERR,ERR,ERR,ERR,ERR,ERR,ERR,ERR,ERR,ERR,ERR,ERR,ERR,ERR,ERR,ERR,ERR,ERR,ERR,ERR,ERR,ERR,ERR,ERR,ERR,ERR,ERR,ERR,ERR,ERR,ERR,ERR,ERR,ERR,ERR,ERR,ERR,ERR,ERR,ERR,ERR,ERR,ERR,ERR,ERR,ERR,ERR,ERR,ERR,ERR,ERR,ERR,ERR,ERR,ERR,ERR,ERR,ERR,ERR,ERR,ERR,ERR,ERR,ERR,ERR,ERR,ERR,ERR,ERR,ERR,ERR,ERR,ERR,ERR,ERR,ERR,ERR,ERR,ERR,ERR,ERR,ERR,ERR,ERR,ERR,ERR,ERR,ERR,ERR,ERR,ERR,ERR,ERR,ERR,ERR,ERR,ERR,ERR,ERR,ERR,ERR,ERR,ERR,ERR,ERR,ERR,ERR,ERR,ERR,ERR,ERR,ERR,0.0,0.0,2.6474777903227054e+23,0.0,0.0,1.3936040501711995e+18,7.805,0.0,0,0,4,0,7300,-0.0,0,0.0,0.0,0.0,0.0,0.0,0,0,0,0,0.0,0,0,0,0,0,0,0,0,0,0,0,0,0,0,0,0,0,0,0,0,0,0,0,0,0,0,0,0,0,0,0,0,0,32,30,30,62,65476,0,300,0,0,8,21553,0.0,-107605600.0,0.0,0.0,0.0,0.0,0.0,0.0,0.0,0.0,0.0,0.0,0.0,0.0,0.0,0.0,0.0,0.0,0.0,0.0,0.0,0.0,2.004,-0.0,-0.0,-0.0,0.0,0.0,0.0,0.0,5401.0,0.0,6948.0,0.0,0.0,0.0,0.0,0.0,0.0,0.0,0.0,63,-0.059,0.0,0.0,0.0,0.0,0.0,0.0,0.0,0.0,0,0,0,0.0,0.0,0.0,0.0,0.0,0.0,0.0,0.0,0.0,0.0,0.0,0.0,0.0,0.0,0.0,0.0,0,-107875648.0,63,0.0,126,2.7184242562605685e+23,-0.0,ERR,ERR,ERR,ERR,ERR,ERR,ERR,ERR,ERR,ERR,ERR,ERR,ERR,ERR,ERR,ERR,ERR,ERR,ERR,ERR,ERR,ERR,ERR,ERR,ERR,ERR,ERR,ERR,ERR,ERR,ERR,ERR,ERR,ERR,ERR,ERR,ERR,ERR,ERR,ERR,ERR,ERR,ERR,ERR,ERR,ERR,ERR,ERR,ERR,ERR,ERR,ERR,ERR,ERR,ERR,ERR,ERR,ERR,ERR,ERR,ERR,ERR,ERR,ERR,ERR,ERR,ERR,34.0,80.0,35,0.0,0.0,0.0,0.0,0.0,0.0,0.0,0.0,0.0,0.0,0.0,0.0,0.0,0.0,0.0,0.0,64.4,0,117,56,50,65476,0,300,0,0,8,20529,65476,0,0,57672,80.0,0.0,0.0,0.0,0.0,0.0
2026-06-17T04:02:21,ERR,ERR,ERR,ERR,ERR,ERR,ERR,ERR,ERR,ERR,ERR,ERR,ERR,ERR,ERR,ERR,ERR,ERR,ERR,ERR,ERR,ERR,ERR,ERR,ERR,ERR,ERR,ERR,ERR,ERR,ERR,ERR,ERR,ERR,ERR,ERR,ERR,ERR,ERR,ERR,ERR,ERR,ERR,ERR,ERR,ERR,ERR,ERR,ERR,ERR,ERR,ERR,ERR,ERR,ERR,ERR,ERR,ERR,ERR,ERR,ERR,ERR,ERR,ERR,ERR,ERR,ERR,ERR,ERR,ERR,ERR,ERR,ERR,ERR,ERR,ERR,ERR,ERR,ERR,ERR,ERR,ERR,ERR,ERR,ERR,ERR,ERR,ERR,ERR,ERR,ERR,ERR,ERR,ERR,ERR,ERR,ERR,ERR,ERR,ERR,ERR,ERR,ERR,ERR,ERR,ERR,ERR,ERR,ERR,ERR,ERR,ERR,ERR,ERR,ERR,ERR,ERR,ERR,ERR,ERR,ERR,ERR,ERR,ERR,ERR,0.0,0.0,2.6474777903227054e+23,0.0,0.0,1.3936040501711995e+18,7.805,0.0,0,0,4,0,7300,-0.0,0,0.0,0.0,0.0,0.0,0.0,0,0,0,0,0.0,0,0,0,0,0,0,0,0,0,0,0,0,0,0,0,0,0,0,0,0,0,0,0,0,0,0,0,0,0,0,0,0,0,32,30,30,62,65476,0,300,0,0,8,21553,0.0,-107605600.0,0.0,0.0,0.0,0.0,0.0,0.0,0.0,0.0,0.0,0.0,0.0,0.0,0.0,0.0,0.0,0.0,0.0,0.0,0.0,0.0,2.004,-0.0,-0.0,-0.0,0.0,0.0,0.0,0.0,5401.0,0.0,6948.0,0.0,0.0,0.0,0.0,0.0,0.0,0.0,0.0,63,-0.059,0.0,0.0,0.0,0.0,0.0,0.0,0.0,0.0,0,0,0,0.0,0.0,0.0,0.0,0.0,0.0,0.0,0.0,0.0,0.0,0.0,0.0,0.0,0.0,0.0,0.0,0,-107875648.0,63,0.0,126,2.7184242562605685e+23,-0.0,ERR,ERR,ERR,ERR,ERR,ERR,ERR,ERR,ERR,ERR,ERR,ERR,ERR,ERR,ERR,ERR,ERR,ERR,ERR,ERR,ERR,ERR,ERR,ERR,ERR,ERR,ERR,ERR,ERR,ERR,ERR,ERR,ERR,ERR,ERR,ERR,ERR,ERR,ERR,ERR,ERR,ERR,ERR,ERR,ERR,ERR,ERR,ERR,ERR,ERR,ERR,ERR,ERR,ERR,ERR,ERR,ERR,ERR,ERR,ERR,ERR,ERR,ERR,ERR,ERR,ERR,ERR,34.0,80.0,35,0.0,0.0,0.0,0.0,0.0,0.0,0.0,0.0,0.0,0.0,0.0,0.0,0.0,0.0,0.0,0.0,64.8,0,117,56,50,65476,0,300,0,0,8,20529,65476,0,0,57672,80.0,0.0,0.0,0.0,0.0,0.0
2026-06-17T04:02:22,ERR,ERR,ERR,ERR,ERR,ERR,ERR,ERR,ERR,ERR,ERR,ERR,ERR,ERR,ERR,ERR,ERR,ERR,ERR,ERR,ERR,ERR,ERR,ERR,ERR,ERR,ERR,ERR,ERR,ERR,ERR,ERR,ERR,ERR,ERR,ERR,ERR,ERR,ERR,ERR,ERR,ERR,ERR,ERR,ERR,ERR,ERR,ERR,ERR,ERR,ERR,ERR,ERR,ERR,ERR,ERR,ERR,ERR,ERR,ERR,ERR,ERR,ERR,ERR,ERR,ERR,ERR,ERR,ERR,ERR,ERR,ERR,ERR,ERR,ERR,ERR,ERR,ERR,ERR,ERR,ERR,ERR,ERR,ERR,ERR,ERR,ERR,ERR,ERR,ERR,ERR,ERR,ERR,ERR,ERR,ERR,ERR,ERR,ERR,ERR,ERR,ERR,ERR,ERR,ERR,ERR,ERR,ERR,ERR,ERR,ERR,ERR,ERR,ERR,ERR,ERR,ERR,ERR,ERR,ERR,ERR,ERR,ERR,ERR,ERR,0.0,0.0,2.6474777903227054e+23,0.0,0.0,1.3936040501711995e+18,7.805,0.0,0,0,4,0,7300,-0.0,0,0.0,0.0,0.0,0.0,0.0,0,0,0,0,0.0,0,0,0,0,0,0,0,0,0,0,0,0,0,0,0,0,0,0,0,0,0,0,0,0,0,0,0,0,0,0,0,0,0,32,30,30,62,65476,0,300,0,0,8,21553,0.0,-107605600.0,0.0,0.0,0.0,0.0,0.0,0.0,0.0,0.0,0.0,0.0,0.0,0.0,0.0,0.0,0.0,0.0,0.0,0.0,0.0,0.0,2.004,-0.0,-0.0,-0.0,0.0,0.0,0.0,0.0,5401.0,0.0,6948.0,0.0,0.0,0.0,0.0,0.0,0.0,0.0,0.0,63,-0.059,0.0,0.0,0.0,0.0,0.0,0.0,0.0,0.0,0,0,0,0.0,0.0,0.0,0.0,0.0,0.0,0.0,0.0,0.0,0.0,0.0,0.0,0.0,0.0,0.0,0.0,0,-107875648.0,63,0.0,126,2.7184242562605685e+23,-0.0,ERR,ERR,ERR,ERR,ERR,ERR,ERR,ERR,ERR,ERR,ERR,ERR,ERR,ERR,ERR,ERR,ERR,ERR,ERR,ERR,ERR,ERR,ERR,ERR,ERR,ERR,ERR,ERR,ERR,ERR,ERR,ERR,ERR,ERR,ERR,ERR,ERR,ERR,ERR,ERR,ERR,ERR,ERR,ERR,ERR,ERR,ERR,ERR,ERR,ERR,ERR,ERR,ERR,ERR,ERR,ERR,ERR,ERR,ERR,ERR,ERR,ERR,ERR,ERR,ERR,ERR,ERR,34.0,80.0,35,0.0,0.0,0.0,0.0,0.0,0.0,0.0,0.0,0.0,0.0,0.0,0.0,0.0,0.0,0.0,0.0,64.8,0,117,56,50,65476,0,300,0,0,8,20529,65476,0,0,57672,80.0,0.0,0.0,0.0,0.0,0.0
2026-06-17T04:02:23,ERR,ERR,ERR,ERR,ERR,ERR,ERR,ERR,ERR,ERR,ERR,ERR,ERR,ERR,ERR,ERR,ERR,ERR,ERR,ERR,ERR,ERR,ERR,ERR,ERR,ERR,ERR,ERR,ERR,ERR,ERR,ERR,ERR,ERR,ERR,ERR,ERR,ERR,ERR,ERR,ERR,ERR,ERR,ERR,ERR,ERR,ERR,ERR,ERR,ERR,ERR,ERR,ERR,ERR,ERR,ERR,ERR,ERR,ERR,ERR,ERR,ERR,ERR,ERR,ERR,ERR,ERR,ERR,ERR,ERR,ERR,ERR,ERR,ERR,ERR,ERR,ERR,ERR,ERR,ERR,ERR,ERR,ERR,ERR,ERR,ERR,ERR,ERR,ERR,ERR,ERR,ERR,ERR,ERR,ERR,ERR,ERR,ERR,ERR,ERR,ERR,ERR,ERR,ERR,ERR,ERR,ERR,ERR,ERR,ERR,ERR,ERR,ERR,ERR,ERR,ERR,ERR,ERR,ERR,ERR,ERR,ERR,ERR,ERR,ERR,0.0,0.0,2.6474777903227054e+23,0.0,0.0,1.3936040501711995e+18,7.805,0.0,0,0,4,0,7300,-0.0,0,0.0,0.0,0.0,0.0,0.0,0,0,0,0,0.0,0,0,0,0,0,0,0,0,0,0,0,0,0,0,0,0,0,0,0,0,0,0,0,0,0,0,0,0,0,0,0,0,0,32,30,30,62,65476,0,300,0,0,8,21553,0.0,-107605600.0,0.0,0.0,0.0,0.0,0.0,0.0,0.0,0.0,0.0,0.0,0.0,0.0,0.0,0.0,0.0,0.0,0.0,0.0,0.0,0.0,2.004,-0.0,-0.0,-0.0,0.0,0.0,0.0,0.0,5401.0,0.0,6948.0,0.0,0.0,0.0,0.0,0.0,0.0,0.0,0.0,63,-0.059,0.0,0.0,0.0,0.0,0.0,0.0,0.0,0.0,0,0,0,0.0,0.0,0.0,0.0,0.0,0.0,0.0,0.0,0.0,0.0,0.0,0.0,0.0,0.0,0.0,0.0,0,-107875648.0,63,0.0,126,2.7184242562605685e+23,-0.0,ERR,ERR,ERR,ERR,ERR,ERR,ERR,ERR,ERR,ERR,ERR,ERR,ERR,ERR,ERR,ERR,ERR,ERR,ERR,ERR,ERR,ERR,ERR,ERR,ERR,ERR,ERR,ERR,ERR,ERR,ERR,ERR,ERR,ERR,ERR,ERR,ERR,ERR,ERR,ERR,ERR,ERR,ERR,ERR,ERR,ERR,ERR,ERR,ERR,ERR,ERR,ERR,ERR,ERR,ERR,ERR,ERR,ERR,ERR,ERR,ERR,ERR,ERR,ERR,ERR,ERR,ERR,34.0,80.0,35,0.0,0.0,0.0,0.0,0.0,0.0,0.0,0.0,0.0,0.0,0.0,0.0,0.0,0.0,0.0,0.0,64.4,0,117,56,50,65476,0,300,0,0,8,20529,65476,0,0,57672,80.0,0.0,0.0,0.0,0.0,0.0
2026-06-17T04:02:24,ERR,ERR,ERR,ERR,ERR,ERR,ERR,ERR,ERR,ERR,ERR,ERR,ERR,ERR,ERR,ERR,ERR,ERR,ERR,ERR,ERR,ERR,ERR,ERR,ERR,ERR,ERR,ERR,ERR,ERR,ERR,ERR,ERR,ERR,ERR,ERR,ERR,ERR,ERR,ERR,ERR,ERR,ERR,ERR,ERR,ERR,ERR,ERR,ERR,ERR,ERR,ERR,ERR,ERR,ERR,ERR,ERR,ERR,ERR,ERR,ERR,ERR,ERR,ERR,ERR,ERR,ERR,ERR,ERR,ERR,ERR,ERR,ERR,ERR,ERR,ERR,ERR,ERR,ERR,ERR,ERR,ERR,ERR,ERR,ERR,ERR,ERR,ERR,ERR,ERR,ERR,ERR,ERR,ERR,ERR,ERR,ERR,ERR,ERR,ERR,ERR,ERR,ERR,ERR,ERR,ERR,ERR,ERR,ERR,ERR,ERR,ERR,ERR,ERR,ERR,ERR,ERR,ERR,ERR,ERR,ERR,ERR,ERR,ERR,ERR,0.0,0.0,2.6474777903227054e+23,0.0,0.0,1.3936040501711995e+18,7.805,0.0,0,0,4,0,7300,-0.0,0,0.0,0.0,0.0,0.0,0.0,0,0,0,0,0.0,0,0,0,0,0,0,0,0,0,0,0,0,0,0,0,0,0,0,0,0,0,0,0,0,0,0,0,0,0,0,0,0,0,32,30,30,62,65476,0,300,0,0,8,21553,0.0,-107605600.0,0.0,0.0,0.0,0.0,0.0,0.0,0.0,0.0,0.0,0.0,0.0,0.0,0.0,0.0,0.0,0.0,0.0,0.0,0.0,0.0,2.004,-0.0,-0.0,-0.0,0.0,0.0,0.0,0.0,5401.0,0.0,6948.0,0.0,0.0,0.0,0.0,0.0,0.0,0.0,0.0,63,-0.059,0.0,0.0,0.0,0.0,0.0,0.0,0.0,0.0,0,0,0,0.0,0.0,0.0,0.0,0.0,0.0,0.0,0.0,0.0,0.0,0.0,0.0,0.0,0.0,0.0,0.0,0,-107875648.0,63,0.0,126,2.7184242562605685e+23,-0.0,ERR,ERR,ERR,ERR,ERR,ERR,ERR,ERR,ERR,ERR,ERR,ERR,ERR,ERR,ERR,ERR,ERR,ERR,ERR,ERR,ERR,ERR,ERR,ERR,ERR,ERR,ERR,ERR,ERR,ERR,ERR,ERR,ERR,ERR,ERR,ERR,ERR,ERR,ERR,ERR,ERR,ERR,ERR,ERR,ERR,ERR,ERR,ERR,ERR,ERR,ERR,ERR,ERR,ERR,ERR,ERR,ERR,ERR,ERR,ERR,ERR,ERR,ERR,ERR,ERR,ERR,ERR,34.0,80.0,35,0.0,0.0,0.0,0.0,0.0,0.0,0.0,0.0,0.0,0.0,0.0,0.0,0.0,0.0,0.0,0.0,64.4,0,117,56,50,65476,0,300,0,0,8,20529,65476,0,0,57672,80.0,0.0,0.0,0.0,0.0,0.0
2026-06-17T04:02:25,ERR,ERR,ERR,ERR,ERR,ERR,ERR,ERR,ERR,ERR,ERR,ERR,ERR,ERR,ERR,ERR,ERR,ERR,ERR,ERR,ERR,ERR,ERR,ERR,ERR,ERR,ERR,ERR,ERR,ERR,ERR,ERR,ERR,ERR,ERR,ERR,ERR,ERR,ERR,ERR,ERR,ERR,ERR,ERR,ERR,ERR,ERR,ERR,ERR,ERR,ERR,ERR,ERR,ERR,ERR,ERR,ERR,ERR,ERR,ERR,ERR,ERR,ERR,ERR,ERR,ERR,ERR,ERR,ERR,ERR,ERR,ERR,ERR,ERR,ERR,ERR,ERR,ERR,ERR,ERR,ERR,ERR,ERR,ERR,ERR,ERR,ERR,ERR,ERR,ERR,ERR,ERR,ERR,ERR,ERR,ERR,ERR,ERR,ERR,ERR,ERR,ERR,ERR,ERR,ERR,ERR,ERR,ERR,ERR,ERR,ERR,ERR,ERR,ERR,ERR,ERR,ERR,ERR,ERR,ERR,ERR,ERR,ERR,ERR,ERR,0.0,0.0,2.6474777903227054e+23,0.0,0.0,1.3936040501711995e+18,7.805,0.0,0,0,4,0,7300,-0.0,0,0.0,0.0,0.0,0.0,0.0,0,0,0,0,0.0,0,0,0,0,0,0,0,0,0,0,0,0,0,0,0,0,0,0,0,0,0,0,0,0,0,0,0,0,0,0,0,0,0,32,30,30,62,65476,0,300,0,0,8,21553,0.0,-107605600.0,0.0,0.0,0.0,0.0,0.0,0.0,0.0,0.0,0.0,0.0,0.0,0.0,0.0,0.0,0.0,0.0,0.0,0.0,0.0,0.0,2.004,-0.0,-0.0,-0.0,0.0,0.0,0.0,0.0,5403.0,0.0,6947.0,0.0,0.0,0.0,0.0,0.0,0.0,0.0,0.0,63,-89221.078,0.0,0.0,0.0,0.0,0.0,0.0,0.0,0.0,0,0,0,0.0,0.0,0.0,0.0,0.0,0.0,0.0,0.0,0.0,0.0,0.0,0.0,0.0,0.0,0.0,0.0,0,-107875648.0,63,0.0,126,2.7184242562605685e+23,-109447136.0,ERR,ERR,ERR,ERR,ERR,ERR,ERR,ERR,ERR,ERR,ERR,ERR,ERR,ERR,ERR,ERR,ERR,ERR,ERR,ERR,ERR,ERR,ERR,ERR,ERR,ERR,ERR,ERR,ERR,ERR,ERR,ERR,ERR,ERR,ERR,ERR,ERR,ERR,ERR,ERR,ERR,ERR,ERR,ERR,ERR,ERR,ERR,ERR,ERR,ERR,ERR,ERR,ERR,ERR,ERR,ERR,ERR,ERR,ERR,ERR,ERR,ERR,ERR,ERR,ERR,ERR,ERR,34.0,80.0,35,0.0,0.0,0.0,0.0,0.0,0.0,0.0,0.0,0.0,0.0,0.0,0.0,0.0,0.0,0.0,0.0,64.8,0,117,56,50,65476,0,300,0,0,8,20529,65476,0,0,57672,80.0,0.0,0.0,0.0,0.0,0.0
2026-06-17T04:02:26,ERR,ERR,ERR,ERR,ERR,ERR,ERR,ERR,ERR,ERR,ERR,ERR,ERR,ERR,ERR,ERR,ERR,ERR,ERR,ERR,ERR,ERR,ERR,ERR,ERR,ERR,ERR,ERR,ERR,ERR,ERR,ERR,ERR,ERR,ERR,ERR,ERR,ERR,ERR,ERR,ERR,ERR,ERR,ERR,ERR,ERR,ERR,ERR,ERR,ERR,ERR,ERR,ERR,ERR,ERR,ERR,ERR,ERR,ERR,ERR,ERR,ERR,ERR,ERR,ERR,ERR,ERR,ERR,ERR,ERR,ERR,ERR,ERR,ERR,ERR,ERR,ERR,ERR,ERR,ERR,ERR,ERR,ERR,ERR,ERR,ERR,ERR,ERR,ERR,ERR,ERR,ERR,ERR,ERR,ERR,ERR,ERR,ERR,ERR,ERR,ERR,ERR,ERR,ERR,ERR,ERR,ERR,ERR,ERR,ERR,ERR,ERR,ERR,ERR,ERR,ERR,ERR,ERR,ERR,ERR,ERR,ERR,ERR,ERR,ERR,0.0,0.0,2.6474777903227054e+23,0.0,0.0,1.3936040501711995e+18,7.805,0.0,0,0,4,0,7300,-0.0,0,0.0,0.0,0.0,0.0,0.0,0,0,0,0,0.0,0,0,0,0,0,0,0,0,0,0,0,0,0,0,0,0,0,0,0,0,0,0,0,0,0,0,0,0,0,0,0,0,0,32,30,30,62,65476,0,300,0,0,8,21553,0.0,-107605600.0,0.0,0.0,0.0,0.0,0.0,0.0,0.0,0.0,0.0,0.0,0.0,0.0,0.0,0.0,0.0,0.0,0.0,0.0,0.0,0.0,2.004,-0.0,-0.0,-0.0,0.0,0.0,0.0,0.0,5403.0,0.0,6947.0,0.0,0.0,0.0,0.0,0.0,0.0,0.0,0.0,63,-89221.078,0.0,0.0,0.0,0.0,0.0,0.0,0.0,0.0,0,0,0,0.0,0.0,0.0,0.0,0.0,0.0,0.0,0.0,0.0,0.0,0.0,0.0,0.0,0.0,0.0,0.0,0,-107875648.0,63,0.0,126,2.7184242562605685e+23,-109447136.0,ERR,ERR,ERR,ERR,ERR,ERR,ERR,ERR,ERR,ERR,ERR,ERR,ERR,ERR,ERR,ERR,ERR,ERR,ERR,ERR,ERR,ERR,ERR,ERR,ERR,ERR,ERR,ERR,ERR,ERR,ERR,ERR,ERR,ERR,ERR,ERR,ERR,ERR,ERR,ERR,ERR,ERR,ERR,ERR,ERR,ERR,ERR,ERR,ERR,ERR,ERR,ERR,ERR,ERR,ERR,ERR,ERR,ERR,ERR,ERR,ERR,ERR,ERR,ERR,ERR,ERR,ERR,34.0,80.0,35,0.0,0.0,0.0,0.0,0.0,0.0,0.0,0.0,0.0,0.0,0.0,0.0,0.0,0.0,0.0,0.0,64.8,0,117,56,50,65476,0,300,0,0,8,20529,65476,0,0,57672,80.0,0.0,0.0,0.0,0.0,0.0
2026-06-17T04:02:27,ERR,ERR,ERR,ERR,ERR,ERR,ERR,ERR,ERR,ERR,ERR,ERR,ERR,ERR,ERR,ERR,ERR,ERR,ERR,ERR,ERR,ERR,ERR,ERR,ERR,ERR,ERR,ERR,ERR,ERR,ERR,ERR,ERR,ERR,ERR,ERR,ERR,ERR,ERR,ERR,ERR,ERR,ERR,ERR,ERR,ERR,ERR,ERR,ERR,ERR,ERR,ERR,ERR,ERR,ERR,ERR,ERR,ERR,ERR,ERR,ERR,ERR,ERR,ERR,ERR,ERR,ERR,ERR,ERR,ERR,ERR,ERR,ERR,ERR,ERR,ERR,ERR,ERR,ERR,ERR,ERR,ERR,ERR,ERR,ERR,ERR,ERR,ERR,ERR,ERR,ERR,ERR,ERR,ERR,ERR,ERR,ERR,ERR,ERR,ERR,ERR,ERR,ERR,ERR,ERR,ERR,ERR,ERR,ERR,ERR,ERR,ERR,ERR,ERR,ERR,ERR,ERR,ERR,ERR,ERR,ERR,ERR,ERR,ERR,ERR,0.0,0.0,2.6474777903227054e+23,0.0,0.0,1.3936040501711995e+18,7.805,0.0,0,0,4,0,7300,-0.0,0,0.0,0.0,0.0,0.0,0.0,0,0,0,0,0.0,0,0,0,0,0,0,0,0,0,0,0,0,0,0,0,0,0,0,0,0,0,0,0,0,0,0,0,0,0,0,0,0,0,32,30,30,62,65476,0,300,0,0,8,21553,0.0,-107605600.0,0.0,0.0,0.0,0.0,0.0,0.0,0.0,0.0,0.0,0.0,0.0,0.0,0.0,0.0,0.0,0.0,0.0,0.0,0.0,0.0,2.004,-0.0,-0.0,-0.0,0.0,0.0,0.0,0.0,5403.0,0.0,6947.0,0.0,0.0,0.0,0.0,0.0,0.0,0.0,0.0,63,-89221.078,0.0,0.0,0.0,0.0,0.0,0.0,0.0,0.0,0,0,0,0.0,0.0,0.0,0.0,0.0,0.0,0.0,0.0,0.0,0.0,0.0,0.0,0.0,0.0,0.0,0.0,0,-107875648.0,63,0.0,126,2.7184242562605685e+23,-109447136.0,ERR,ERR,ERR,ERR,ERR,ERR,ERR,ERR,ERR,ERR,ERR,ERR,ERR,ERR,ERR,ERR,ERR,ERR,ERR,ERR,ERR,ERR,ERR,ERR,ERR,ERR,ERR,ERR,ERR,ERR,ERR,ERR,ERR,ERR,ERR,ERR,ERR,ERR,ERR,ERR,ERR,ERR,ERR,ERR,ERR,ERR,ERR,ERR,ERR,ERR,ERR,ERR,ERR,ERR,ERR,ERR,ERR,ERR,ERR,ERR,ERR,ERR,ERR,ERR,ERR,ERR,ERR,34.0,80.0,35,0.0,0.0,0.0,0.0,0.0,0.0,0.0,0.0,0.0,0.0,0.0,0.0,0.0,0.0,0.0,0.0,64.4,0,117,56,50,65476,0,300,0,0,8,20529,65476,0,0,57672,80.0,0.0,0.0,0.0,0.0,0.0
2026-06-17T04:02:28,ERR,ERR,ERR,ERR,ERR,ERR,ERR,ERR,ERR,ERR,ERR,ERR,ERR,ERR,ERR,ERR,ERR,ERR,ERR,ERR,ERR,ERR,ERR,ERR,ERR,ERR,ERR,ERR,ERR,ERR,ERR,ERR,ERR,ERR,ERR,ERR,ERR,ERR,ERR,ERR,ERR,ERR,ERR,ERR,ERR,ERR,ERR,ERR,ERR,ERR,ERR,ERR,ERR,ERR,ERR,ERR,ERR,ERR,ERR,ERR,ERR,ERR,ERR,ERR,ERR,ERR,ERR,ERR,ERR,ERR,ERR,ERR,ERR,ERR,ERR,ERR,ERR,ERR,ERR,ERR,ERR,ERR,ERR,ERR,ERR,ERR,ERR,ERR,ERR,ERR,ERR,ERR,ERR,ERR,ERR,ERR,ERR,ERR,ERR,ERR,ERR,ERR,ERR,ERR,ERR,ERR,ERR,ERR,ERR,ERR,ERR,ERR,ERR,ERR,ERR,ERR,ERR,ERR,ERR,ERR,ERR,ERR,ERR,ERR,ERR,0.0,0.0,2.6474777903227054e+23,0.0,0.0,1.3936040501711995e+18,7.805,0.0,0,0,4,0,7300,-0.0,0,0.0,0.0,0.0,0.0,0.0,0,0,0,0,0.0,0,0,0,0,0,0,0,0,0,0,0,0,0,0,0,0,0,0,0,0,0,0,0,0,0,0,0,0,0,0,0,0,0,32,30,30,62,65476,0,300,0,0,8,21553,0.0,-107605600.0,0.0,0.0,0.0,0.0,0.0,0.0,0.0,0.0,0.0,0.0,0.0,0.0,0.0,0.0,0.0,0.0,0.0,0.0,0.0,0.0,2.004,-0.0,-0.0,-0.0,0.0,0.0,0.0,0.0,5403.0,0.0,6947.0,0.0,0.0,0.0,0.0,0.0,0.0,0.0,0.0,63,-89221.078,0.0,0.0,0.0,0.0,0.0,0.0,0.0,0.0,0,0,0,0.0,0.0,0.0,0.0,0.0,0.0,0.0,0.0,0.0,0.0,0.0,0.0,0.0,0.0,0.0,0.0,0,-107875648.0,63,0.0,126,2.7184242562605685e+23,-109447136.0,ERR,ERR,ERR,ERR,ERR,ERR,ERR,ERR,ERR,ERR,ERR,ERR,ERR,ERR,ERR,ERR,ERR,ERR,ERR,ERR,ERR,ERR,ERR,ERR,ERR,ERR,ERR,ERR,ERR,ERR,ERR,ERR,ERR,ERR,ERR,ERR,ERR,ERR,ERR,ERR,ERR,ERR,ERR,ERR,ERR,ERR,ERR,ERR,ERR,ERR,ERR,ERR,ERR,ERR,ERR,ERR,ERR,ERR,ERR,ERR,ERR,ERR,ERR,ERR,ERR,ERR,ERR,34.0,80.0,35,0.0,0.0,0.0,0.0,0.0,0.0,0.0,0.0,0.0,0.0,0.0,0.0,0.0,0.0,0.0,0.0,64.4,0,117,56,50,65476,0,300,0,0,8,20529,65476,0,0,57672,80.0,0.0,0.0,0.0,0.0,0.0
2026-06-17T04:02:29,ERR,ERR,ERR,ERR,ERR,ERR,ERR,ERR,ERR,ERR,ERR,ERR,ERR,ERR,ERR,ERR,ERR,ERR,ERR,ERR,ERR,ERR,ERR,ERR,ERR,ERR,ERR,ERR,ERR,ERR,ERR,ERR,ERR,ERR,ERR,ERR,ERR,ERR,ERR,ERR,ERR,ERR,ERR,ERR,ERR,ERR,ERR,ERR,ERR,ERR,ERR,ERR,ERR,ERR,ERR,ERR,ERR,ERR,ERR,ERR,ERR,ERR,ERR,ERR,ERR,ERR,ERR,ERR,ERR,ERR,ERR,ERR,ERR,ERR,ERR,ERR,ERR,ERR,ERR,ERR,ERR,ERR,ERR,ERR,ERR,ERR,ERR,ERR,ERR,ERR,ERR,ERR,ERR,ERR,ERR,ERR,ERR,ERR,ERR,ERR,ERR,ERR,ERR,ERR,ERR,ERR,ERR,ERR,ERR,ERR,ERR,ERR,ERR,ERR,ERR,ERR,ERR,ERR,ERR,ERR,ERR,ERR,ERR,ERR,ERR,0.0,0.0,2.6474777903227054e+23,0.0,0.0,1.3936040501711995e+18,7.805,0.0,0,0,4,0,7300,-0.0,0,0.0,0.0,0.0,0.0,0.0,0,0,0,0,0.0,0,0,0,0,0,0,0,0,0,0,0,0,0,0,0,0,0,0,0,0,0,0,0,0,0,0,0,0,0,0,0,0,0,32,30,30,62,65476,0,300,0,0,8,21553,0.0,-107605600.0,0.0,0.0,0.0,0.0,0.0,0.0,0.0,0.0,0.0,0.0,0.0,0.0,0.0,0.0,0.0,0.0,0.0,0.0,0.0,0.0,2.004,-0.0,-0.0,-0.0,0.0,0.0,0.0,0.0,5403.0,0.0,6947.0,0.0,0.0,0.0,0.0,0.0,0.0,0.0,0.0,63,-89221.078,0.0,0.0,0.0,0.0,0.0,0.0,0.0,0.0,0,0,0,0.0,0.0,0.0,0.0,0.0,0.0,0.0,0.0,0.0,0.0,0.0,0.0,0.0,0.0,0.0,0.0,0,-107875648.0,63,0.0,126,2.7184242562605685e+23,-109447136.0,ERR,ERR,ERR,ERR,ERR,ERR,ERR,ERR,ERR,ERR,ERR,ERR,ERR,ERR,ERR,ERR,ERR,ERR,ERR,ERR,ERR,ERR,ERR,ERR,ERR,ERR,ERR,ERR,ERR,ERR,ERR,ERR,ERR,ERR,ERR,ERR,ERR,ERR,ERR,ERR,ERR,ERR,ERR,ERR,ERR,ERR,ERR,ERR,ERR,ERR,ERR,ERR,ERR,ERR,ERR,ERR,ERR,ERR,ERR,ERR,ERR,ERR,ERR,ERR,ERR,ERR,ERR,34.0,80.0,35,0.0,0.0,0.0,0.0,0.0,0.0,0.0,0.0,0.0,0.0,0.0,0.0,0.0,0.0,0.0,0.0,64.4,0,117,56,50,65476,0,300,0,0,8,20529,65476,0,0,57672,80.0,0.0,0.0,0.0,0.0,0.0
2026-06-17T04:02:30,ERR,ERR,ERR,ERR,ERR,ERR,ERR,ERR,ERR,ERR,ERR,ERR,ERR,ERR,ERR,ERR,ERR,ERR,ERR,ERR,ERR,ERR,ERR,ERR,ERR,ERR,ERR,ERR,ERR,ERR,ERR,ERR,ERR,ERR,ERR,ERR,ERR,ERR,ERR,ERR,ERR,ERR,ERR,ERR,ERR,ERR,ERR,ERR,ERR,ERR,ERR,ERR,ERR,ERR,ERR,ERR,ERR,ERR,ERR,ERR,ERR,ERR,ERR,ERR,ERR,ERR,ERR,ERR,ERR,ERR,ERR,ERR,ERR,ERR,ERR,ERR,ERR,ERR,ERR,ERR,ERR,ERR,ERR,ERR,ERR,ERR,ERR,ERR,ERR,ERR,ERR,ERR,ERR,ERR,ERR,ERR,ERR,ERR,ERR,ERR,ERR,ERR,ERR,ERR,ERR,ERR,ERR,ERR,ERR,ERR,ERR,ERR,ERR,ERR,ERR,ERR,ERR,ERR,ERR,ERR,ERR,ERR,ERR,ERR,ERR,0.0,0.0,2.6474777903227054e+23,0.0,0.0,1.3936040501711995e+18,7.805,0.0,0,0,4,0,7300,-0.0,0,0.0,0.0,0.0,0.0,0.0,0,0,0,0,0.0,0,0,0,0,0,0,0,0,0,0,0,0,0,0,0,0,0,0,0,0,0,0,0,0,0,0,0,0,0,0,0,0,0,32,30,30,62,65476,0,300,0,0,8,21553,0.0,-107605600.0,0.0,0.0,0.0,0.0,0.0,0.0,0.0,0.0,0.0,0.0,0.0,0.0,0.0,0.0,0.0,0.0,0.0,0.0,0.0,0.0,2.004,-0.0,-0.0,-0.0,0.0,0.0,0.0,0.0,5371.0,-1.5879314309555287e+29,6974.0,0.0,0.0,-107615280.0,0.0,0.0,0.0,0.0,0.0,63,-89221.078,-4.950406933936077e+32,0.0,0.0,0.0,0.0,0.0,0.0,0.0,0,0,0,0.0,0.0,0.0,0.0,0.0,0.0,0.0,0.0,0.0,0.0,0.0,0.0,0.0,0.0,0.0,0.0,0,-107875648.0,63,0.0,126,2.7184242562605685e+23,-0.0,ERR,ERR,ERR,ERR,ERR,ERR,ERR,ERR,ERR,ERR,ERR,ERR,ERR,ERR,ERR,ERR,ERR,ERR,ERR,ERR,ERR,ERR,ERR,ERR,ERR,ERR,ERR,ERR,ERR,ERR,ERR,ERR,ERR,ERR,ERR,ERR,ERR,ERR,ERR,ERR,ERR,ERR,ERR,ERR,ERR,ERR,ERR,ERR,ERR,ERR,ERR,ERR,ERR,ERR,ERR,ERR,ERR,ERR,ERR,ERR,ERR,ERR,ERR,ERR,ERR,ERR,ERR,34.0,80.0,35,0.0,0.0,0.0,0.0,0.0,0.0,0.0,0.0,0.0,0.0,0.0,0.0,0.0,0.0,0.0,0.0,64.4,0,117,56,50,65476,0,300,0,0,8,20529,65476,0,0,57672,80.0,0.0,0.0,0.0,0.0,0.0
2026-06-17T04:02:31,ERR,ERR,ERR,ERR,ERR,ERR,ERR,ERR,ERR,ERR,ERR,ERR,ERR,ERR,ERR,ERR,ERR,ERR,ERR,ERR,ERR,ERR,ERR,ERR,ERR,ERR,ERR,ERR,ERR,ERR,ERR,ERR,ERR,ERR,ERR,ERR,ERR,ERR,ERR,ERR,ERR,ERR,ERR,ERR,ERR,ERR,ERR,ERR,ERR,ERR,ERR,ERR,ERR,ERR,ERR,ERR,ERR,ERR,ERR,ERR,ERR,ERR,ERR,ERR,ERR,ERR,ERR,ERR,ERR,ERR,ERR,ERR,ERR,ERR,ERR,ERR,ERR,ERR,ERR,ERR,ERR,ERR,ERR,ERR,ERR,ERR,ERR,ERR,ERR,ERR,ERR,ERR,ERR,ERR,ERR,ERR,ERR,ERR,ERR,ERR,ERR,ERR,ERR,ERR,ERR,ERR,ERR,ERR,ERR,ERR,ERR,ERR,ERR,ERR,ERR,ERR,ERR,ERR,ERR,ERR,ERR,ERR,ERR,ERR,ERR,0.0,0.0,2.6474777903227054e+23,0.0,0.0,1.3936040501711995e+18,7.805,0.0,0,0,4,0,7300,-0.0,0,0.0,0.0,0.0,0.0,0.0,0,0,0,0,0.0,0,0,0,0,0,0,0,0,0,0,0,0,0,0,0,0,0,0,0,0,0,0,0,0,0,0,0,0,0,0,0,0,0,32,30,30,62,65476,0,300,0,0,8,21553,0.0,-107605600.0,0.0,0.0,0.0,0.0,0.0,0.0,0.0,0.0,0.0,0.0,0.0,0.0,0.0,0.0,0.0,0.0,0.0,0.0,0.0,0.0,2.004,-0.0,-0.0,-0.0,0.0,0.0,0.0,0.0,5371.0,-1.5879314309555287e+29,6974.0,0.0,0.0,-107615280.0,0.0,0.0,0.0,0.0,0.0,63,-89221.078,-4.950406933936077e+32,0.0,0.0,0.0,0.0,0.0,0.0,0.0,0,0,0,0.0,0.0,0.0,0.0,0.0,0.0,0.0,0.0,0.0,0.0,0.0,0.0,0.0,0.0,0.0,0.0,0,-107875648.0,63,0.0,126,2.7184242562605685e+23,-0.0,ERR,ERR,ERR,ERR,ERR,ERR,ERR,ERR,ERR,ERR,ERR,ERR,ERR,ERR,ERR,ERR,ERR,ERR,ERR,ERR,ERR,ERR,ERR,ERR,ERR,ERR,ERR,ERR,ERR,ERR,ERR,ERR,ERR,ERR,ERR,ERR,ERR,ERR,ERR,ERR,ERR,ERR,ERR,ERR,ERR,ERR,ERR,ERR,ERR,ERR,ERR,ERR,ERR,ERR,ERR,ERR,ERR,ERR,ERR,ERR,ERR,ERR,ERR,ERR,ERR,ERR,ERR,34.0,80.0,35,0.0,0.0,0.0,0.0,0.0,0.0,0.0,0.0,0.0,0.0,0.0,0.0,0.0,0.0,0.0,0.0,64.4,0,117,56,50,65476,0,300,0,0,8,20529,65476,0,0,57672,80.0,0.0,0.0,0.0,0.0,0.0
2026-06-17T04:02:32,ERR,ERR,ERR,ERR,ERR,ERR,ERR,ERR,ERR,ERR,ERR,ERR,ERR,ERR,ERR,ERR,ERR,ERR,ERR,ERR,ERR,ERR,ERR,ERR,ERR,ERR,ERR,ERR,ERR,ERR,ERR,ERR,ERR,ERR,ERR,ERR,ERR,ERR,ERR,ERR,ERR,ERR,ERR,ERR,ERR,ERR,ERR,ERR,ERR,ERR,ERR,ERR,ERR,ERR,ERR,ERR,ERR,ERR,ERR,ERR,ERR,ERR,ERR,ERR,ERR,ERR,ERR,ERR,ERR,ERR,ERR,ERR,ERR,ERR,ERR,ERR,ERR,ERR,ERR,ERR,ERR,ERR,ERR,ERR,ERR,ERR,ERR,ERR,ERR,ERR,ERR,ERR,ERR,ERR,ERR,ERR,ERR,ERR,ERR,ERR,ERR,ERR,ERR,ERR,ERR,ERR,ERR,ERR,ERR,ERR,ERR,ERR,ERR,ERR,ERR,ERR,ERR,ERR,ERR,ERR,ERR,ERR,ERR,ERR,ERR,0.0,0.0,2.6474777903227054e+23,0.0,0.0,1.3936040501711995e+18,7.805,0.0,0,0,4,0,7300,-0.0,0,0.0,0.0,0.0,0.0,0.0,0,0,0,0,0.0,0,0,0,0,0,0,0,0,0,0,0,0,0,0,0,0,0,0,0,0,0,0,0,0,0,0,0,0,0,0,0,0,0,32,30,30,62,65476,0,300,0,0,8,21553,0.0,-107605600.0,0.0,0.0,0.0,0.0,0.0,0.0,0.0,0.0,0.0,0.0,0.0,0.0,0.0,0.0,0.0,0.0,0.0,0.0,0.0,0.0,2.004,-0.0,-0.0,-0.0,0.0,0.0,0.0,0.0,5371.0,-1.5879314309555287e+29,6974.0,0.0,0.0,-107615280.0,0.0,0.0,0.0,0.0,0.0,63,-89221.078,-4.950406933936077e+32,0.0,0.0,0.0,0.0,0.0,0.0,0.0,0,0,0,0.0,0.0,0.0,0.0,0.0,0.0,0.0,0.0,0.0,0.0,0.0,0.0,0.0,0.0,0.0,0.0,0,-107875648.0,63,0.0,126,2.7184242562605685e+23,-0.0,ERR,ERR,ERR,ERR,ERR,ERR,ERR,ERR,ERR,ERR,ERR,ERR,ERR,ERR,ERR,ERR,ERR,ERR,ERR,ERR,ERR,ERR,ERR,ERR,ERR,ERR,ERR,ERR,ERR,ERR,ERR,ERR,ERR,ERR,ERR,ERR,ERR,ERR,ERR,ERR,ERR,ERR,ERR,ERR,ERR,ERR,ERR,ERR,ERR,ERR,ERR,ERR,ERR,ERR,ERR,ERR,ERR,ERR,ERR,ERR,ERR,ERR,ERR,ERR,ERR,ERR,ERR,34.0,80.0,35,0.0,0.0,0.0,0.0,0.0,0.0,0.0,0.0,0.0,0.0,0.0,0.0,0.0,0.0,0.0,0.0,64.4,0,117,56,50,65476,0,300,0,0,8,20529,65476,0,0,57672,80.0,0.0,0.0,0.0,0.0,0.0
2026-06-17T04:02:33,ERR,ERR,ERR,ERR,ERR,ERR,ERR,ERR,ERR,ERR,ERR,ERR,ERR,ERR,ERR,ERR,ERR,ERR,ERR,ERR,ERR,ERR,ERR,ERR,ERR,ERR,ERR,ERR,ERR,ERR,ERR,ERR,ERR,ERR,ERR,ERR,ERR,ERR,ERR,ERR,ERR,ERR,ERR,ERR,ERR,ERR,ERR,ERR,ERR,ERR,ERR,ERR,ERR,ERR,ERR,ERR,ERR,ERR,ERR,ERR,ERR,ERR,ERR,ERR,ERR,ERR,ERR,ERR,ERR,ERR,ERR,ERR,ERR,ERR,ERR,ERR,ERR,ERR,ERR,ERR,ERR,ERR,ERR,ERR,ERR,ERR,ERR,ERR,ERR,ERR,ERR,ERR,ERR,ERR,ERR,ERR,ERR,ERR,ERR,ERR,ERR,ERR,ERR,ERR,ERR,ERR,ERR,ERR,ERR,ERR,ERR,ERR,ERR,ERR,ERR,ERR,ERR,ERR,ERR,ERR,ERR,ERR,ERR,ERR,ERR,0.0,0.0,2.6474777903227054e+23,0.0,0.0,1.3936040501711995e+18,7.805,0.0,0,0,4,0,7300,-0.0,0,0.0,0.0,0.0,0.0,0.0,0,0,0,0,0.0,0,0,0,0,0,0,0,0,0,0,0,0,0,0,0,0,0,0,0,0,0,0,0,0,0,0,0,0,0,0,0,0,0,32,30,30,62,65476,0,300,0,0,8,21553,0.0,-107605600.0,0.0,0.0,0.0,0.0,0.0,0.0,0.0,0.0,0.0,0.0,0.0,0.0,0.0,0.0,0.0,0.0,0.0,0.0,0.0,0.0,2.004,-0.0,-0.0,-0.0,0.0,0.0,0.0,0.0,5371.0,-1.5879314309555287e+29,6974.0,0.0,0.0,-107615280.0,0.0,0.0,0.0,0.0,0.0,63,-89221.078,-4.950406933936077e+32,0.0,0.0,0.0,0.0,0.0,0.0,0.0,0,0,0,0.0,0.0,0.0,0.0,0.0,0.0,0.0,0.0,0.0,0.0,0.0,0.0,0.0,0.0,0.0,0.0,0,-107875648.0,63,0.0,126,2.7184242562605685e+23,-0.0,ERR,ERR,ERR,ERR,ERR,ERR,ERR,ERR,ERR,ERR,ERR,ERR,ERR,ERR,ERR,ERR,ERR,ERR,ERR,ERR,ERR,ERR,ERR,ERR,ERR,ERR,ERR,ERR,ERR,ERR,ERR,ERR,ERR,ERR,ERR,ERR,ERR,ERR,ERR,ERR,ERR,ERR,ERR,ERR,ERR,ERR,ERR,ERR,ERR,ERR,ERR,ERR,ERR,ERR,ERR,ERR,ERR,ERR,ERR,ERR,ERR,ERR,ERR,ERR,ERR,ERR,ERR,34.0,80.0,35,0.0,0.0,0.0,0.0,0.0,0.0,0.0,0.0,0.0,0.0,0.0,0.0,0.0,0.0,0.0,0.0,64.4,0,117,56,50,65476,0,300,0,0,8,20529,65476,0,0,57672,80.0,0.0,0.0,0.0,0.0,0.0
2026-06-17T04:02:34,ERR,ERR,ERR,ERR,ERR,ERR,ERR,ERR,ERR,ERR,ERR,ERR,ERR,ERR,ERR,ERR,ERR,ERR,ERR,ERR,ERR,ERR,ERR,ERR,ERR,ERR,ERR,ERR,ERR,ERR,ERR,ERR,ERR,ERR,ERR,ERR,ERR,ERR,ERR,ERR,ERR,ERR,ERR,ERR,ERR,ERR,ERR,ERR,ERR,ERR,ERR,ERR,ERR,ERR,ERR,ERR,ERR,ERR,ERR,ERR,ERR,ERR,ERR,ERR,ERR,ERR,ERR,ERR,ERR,ERR,ERR,ERR,ERR,ERR,ERR,ERR,ERR,ERR,ERR,ERR,ERR,ERR,ERR,ERR,ERR,ERR,ERR,ERR,ERR,ERR,ERR,ERR,ERR,ERR,ERR,ERR,ERR,ERR,ERR,ERR,ERR,ERR,ERR,ERR,ERR,ERR,ERR,ERR,ERR,ERR,ERR,ERR,ERR,ERR,ERR,ERR,ERR,ERR,ERR,ERR,ERR,ERR,ERR,ERR,ERR,0.0,0.0,2.6474777903227054e+23,0.0,0.0,1.3936040501711995e+18,7.805,0.0,0,0,4,0,7300,-0.0,0,0.0,0.0,0.0,0.0,0.0,0,0,0,0,0.0,0,0,0,0,0,0,0,0,0,0,0,0,0,0,0,0,0,0,0,0,0,0,0,0,0,0,0,0,0,0,0,0,0,32,30,30,62,65476,0,300,0,0,8,21553,0.0,-107605600.0,0.0,0.0,0.0,0.0,0.0,0.0,0.0,0.0,0.0,0.0,0.0,0.0,0.0,0.0,0.0,0.0,0.0,0.0,0.0,0.0,2.004,-0.0,-0.0,-0.0,0.0,0.0,0.0,0.0,5371.0,-1.5879314309555287e+29,6974.0,0.0,0.0,-107615280.0,0.0,0.0,0.0,0.0,0.0,63,-89221.078,-4.950406933936077e+32,0.0,0.0,0.0,0.0,0.0,0.0,0.0,0,0,0,0.0,0.0,0.0,0.0,0.0,0.0,0.0,0.0,0.0,0.0,0.0,0.0,0.0,0.0,0.0,0.0,0,-107875648.0,63,0.0,126,2.7184242562605685e+23,-0.0,ERR,ERR,ERR,ERR,ERR,ERR,ERR,ERR,ERR,ERR,ERR,ERR,ERR,ERR,ERR,ERR,ERR,ERR,ERR,ERR,ERR,ERR,ERR,ERR,ERR,ERR,ERR,ERR,ERR,ERR,ERR,ERR,ERR,ERR,ERR,ERR,ERR,ERR,ERR,ERR,ERR,ERR,ERR,ERR,ERR,ERR,ERR,ERR,ERR,ERR,ERR,ERR,ERR,ERR,ERR,ERR,ERR,ERR,ERR,ERR,ERR,ERR,ERR,ERR,ERR,ERR,ERR,34.0,80.0,35,0.0,0.0,0.0,0.0,0.0,0.0,0.0,0.0,0.0,0.0,0.0,0.0,0.0,0.0,0.0,0.0,64.4,0,117,56,50,65476,0,300,0,0,8,20529,65476,0,0,57672,80.0,0.0,0.0,0.0,0.0,0.0
2026-06-17T04:02:35,ERR,ERR,ERR,ERR,ERR,ERR,ERR,ERR,ERR,ERR,ERR,ERR,ERR,ERR,ERR,ERR,ERR,ERR,ERR,ERR,ERR,ERR,ERR,ERR,ERR,ERR,ERR,ERR,ERR,ERR,ERR,ERR,ERR,ERR,ERR,ERR,ERR,ERR,ERR,ERR,ERR,ERR,ERR,ERR,ERR,ERR,ERR,ERR,ERR,ERR,ERR,ERR,ERR,ERR,ERR,ERR,ERR,ERR,ERR,ERR,ERR,ERR,ERR,ERR,ERR,ERR,ERR,ERR,ERR,ERR,ERR,ERR,ERR,ERR,ERR,ERR,ERR,ERR,ERR,ERR,ERR,ERR,ERR,ERR,ERR,ERR,ERR,ERR,ERR,ERR,ERR,ERR,ERR,ERR,ERR,ERR,ERR,ERR,ERR,ERR,ERR,ERR,ERR,ERR,ERR,ERR,ERR,ERR,ERR,ERR,ERR,ERR,ERR,ERR,ERR,ERR,ERR,ERR,ERR,ERR,ERR,ERR,ERR,ERR,ERR,0.0,0.0,2.6474777903227054e+23,0.0,0.0,1.3936040501711995e+18,7.805,0.0,0,0,4,0,7300,-0.0,0,0.0,0.0,0.0,0.0,0.0,0,0,0,0,0.0,0,0,0,0,0,0,0,0,0,0,0,0,0,0,0,0,0,0,0,0,0,0,0,0,0,0,0,0,0,0,0,0,0,32,30,30,62,65476,0,300,0,0,8,21553,0.0,-107605600.0,0.0,0.0,0.0,0.0,0.0,0.0,0.0,0.0,0.0,0.0,0.0,0.0,0.0,0.0,0.0,0.0,0.0,0.0,0.0,0.0,2.004,-0.0,-0.0,-0.0,0.0,0.0,0.0,0.0,5403.0,0.0,6947.0,0.0,0.0,-107615280.0,0.0,0.0,0.0,0.0,0.0,63,-89221.078,0.0,0.0,0.0,0.0,0.0,0.0,0.0,0.0,0,0,0,0.0,0.0,0.0,0.0,0.0,0.0,0.0,0.0,0.0,0.0,0.0,0.0,0.0,0.0,0.0,0.0,0,-107875648.0,63,0.0,126,2.7184242562605685e+23,-0.0,ERR,ERR,ERR,ERR,ERR,ERR,ERR,ERR,ERR,ERR,ERR,ERR,ERR,ERR,ERR,ERR,ERR,ERR,ERR,ERR,ERR,ERR,ERR,ERR,ERR,ERR,ERR,ERR,ERR,ERR,ERR,ERR,ERR,ERR,ERR,ERR,ERR,ERR,ERR,ERR,ERR,ERR,ERR,ERR,ERR,ERR,ERR,ERR,ERR,ERR,ERR,ERR,ERR,ERR,ERR,ERR,ERR,ERR,ERR,ERR,ERR,ERR,ERR,ERR,ERR,ERR,ERR,34.0,80.0,35,0.0,0.0,0.0,0.0,0.0,0.0,0.0,0.0,0.0,0.0,0.0,0.0,0.0,0.0,0.0,0.0,64.4,0,117,56,50,65476,0,300,0,0,8,20529,65476,0,0,57672,80.0,0.0,0.0,0.0,0.0,0.0
2026-06-17T04:02:36,ERR,ERR,ERR,ERR,ERR,ERR,ERR,ERR,ERR,ERR,ERR,ERR,ERR,ERR,ERR,ERR,ERR,ERR,ERR,ERR,ERR,ERR,ERR,ERR,ERR,ERR,ERR,ERR,ERR,ERR,ERR,ERR,ERR,ERR,ERR,ERR,ERR,ERR,ERR,ERR,ERR,ERR,ERR,ERR,ERR,ERR,ERR,ERR,ERR,ERR,ERR,ERR,ERR,ERR,ERR,ERR,ERR,ERR,ERR,ERR,ERR,ERR,ERR,ERR,ERR,ERR,ERR,ERR,ERR,ERR,ERR,ERR,ERR,ERR,ERR,ERR,ERR,ERR,ERR,ERR,ERR,ERR,ERR,ERR,ERR,ERR,ERR,ERR,ERR,ERR,ERR,ERR,ERR,ERR,ERR,ERR,ERR,ERR,ERR,ERR,ERR,ERR,ERR,ERR,ERR,ERR,ERR,ERR,ERR,ERR,ERR,ERR,ERR,ERR,ERR,ERR,ERR,ERR,ERR,ERR,ERR,ERR,ERR,ERR,ERR,0.0,0.0,2.6474777903227054e+23,0.0,0.0,1.3936040501711995e+18,7.805,0.0,0,0,4,0,7300,-0.0,0,0.0,0.0,0.0,0.0,0.0,0,0,0,0,0.0,0,0,0,0,0,0,0,0,0,0,0,0,0,0,0,0,0,0,0,0,0,0,0,0,0,0,0,0,0,0,0,0,0,32,30,30,62,65476,0,300,0,0,8,21553,0.0,-107605600.0,0.0,0.0,0.0,0.0,0.0,0.0,0.0,0.0,0.0,0.0,0.0,0.0,0.0,0.0,0.0,0.0,0.0,0.0,0.0,0.0,2.004,-0.0,-0.0,-0.0,0.0,0.0,0.0,0.0,5403.0,0.0,6947.0,0.0,0.0,-107615280.0,0.0,0.0,0.0,0.0,0.0,63,-89221.078,0.0,0.0,0.0,0.0,0.0,0.0,0.0,0.0,0,0,0,0.0,0.0,0.0,0.0,0.0,0.0,0.0,0.0,0.0,0.0,0.0,0.0,0.0,0.0,0.0,0.0,0,-107875648.0,63,0.0,126,2.7184242562605685e+23,-0.0,ERR,ERR,ERR,ERR,ERR,ERR,ERR,ERR,ERR,ERR,ERR,ERR,ERR,ERR,ERR,ERR,ERR,ERR,ERR,ERR,ERR,ERR,ERR,ERR,ERR,ERR,ERR,ERR,ERR,ERR,ERR,ERR,ERR,ERR,ERR,ERR,ERR,ERR,ERR,ERR,ERR,ERR,ERR,ERR,ERR,ERR,ERR,ERR,ERR,ERR,ERR,ERR,ERR,ERR,ERR,ERR,ERR,ERR,ERR,ERR,ERR,ERR,ERR,ERR,ERR,ERR,ERR,34.0,80.0,35,0.0,0.0,0.0,0.0,0.0,0.0,0.0,0.0,0.0,0.0,0.0,0.0,0.0,0.0,0.0,0.0,64.4,0,117,56,50,65476,0,300,0,0,8,20529,65476,0,0,57672,80.0,0.0,0.0,0.0,0.0,0.0
2026-06-17T04:02:37,ERR,ERR,ERR,ERR,ERR,ERR,ERR,ERR,ERR,ERR,ERR,ERR,ERR,ERR,ERR,ERR,ERR,ERR,ERR,ERR,ERR,ERR,ERR,ERR,ERR,ERR,ERR,ERR,ERR,ERR,ERR,ERR,ERR,ERR,ERR,ERR,ERR,ERR,ERR,ERR,ERR,ERR,ERR,ERR,ERR,ERR,ERR,ERR,ERR,ERR,ERR,ERR,ERR,ERR,ERR,ERR,ERR,ERR,ERR,ERR,ERR,ERR,ERR,ERR,ERR,ERR,ERR,ERR,ERR,ERR,ERR,ERR,ERR,ERR,ERR,ERR,ERR,ERR,ERR,ERR,ERR,ERR,ERR,ERR,ERR,ERR,ERR,ERR,ERR,ERR,ERR,ERR,ERR,ERR,ERR,ERR,ERR,ERR,ERR,ERR,ERR,ERR,ERR,ERR,ERR,ERR,ERR,ERR,ERR,ERR,ERR,ERR,ERR,ERR,ERR,ERR,ERR,ERR,ERR,ERR,ERR,ERR,ERR,ERR,ERR,0.0,0.0,2.6474777903227054e+23,0.0,0.0,1.3936040501711995e+18,7.805,0.0,0,0,4,0,7300,-0.0,0,0.0,0.0,0.0,0.0,0.0,0,0,0,0,0.0,0,0,0,0,0,0,0,0,0,0,0,0,0,0,0,0,0,0,0,0,0,0,0,0,0,0,0,0,0,0,0,0,0,32,30,30,62,65476,0,300,0,0,8,21553,0.0,-107605600.0,0.0,0.0,0.0,0.0,0.0,0.0,0.0,0.0,0.0,0.0,0.0,0.0,0.0,0.0,0.0,0.0,0.0,0.0,0.0,0.0,2.004,-0.0,-0.0,-0.0,0.0,0.0,0.0,0.0,5403.0,0.0,6947.0,0.0,0.0,-107615280.0,0.0,0.0,0.0,0.0,0.0,63,-89221.078,0.0,0.0,0.0,0.0,0.0,0.0,0.0,0.0,0,0,0,0.0,0.0,0.0,0.0,0.0,0.0,0.0,0.0,0.0,0.0,0.0,0.0,0.0,0.0,0.0,0.0,0,-107875648.0,63,0.0,126,2.7184242562605685e+23,-0.0,ERR,ERR,ERR,ERR,ERR,ERR,ERR,ERR,ERR,ERR,ERR,ERR,ERR,ERR,ERR,ERR,ERR,ERR,ERR,ERR,ERR,ERR,ERR,ERR,ERR,ERR,ERR,ERR,ERR,ERR,ERR,ERR,ERR,ERR,ERR,ERR,ERR,ERR,ERR,ERR,ERR,ERR,ERR,ERR,ERR,ERR,ERR,ERR,ERR,ERR,ERR,ERR,ERR,ERR,ERR,ERR,ERR,ERR,ERR,ERR,ERR,ERR,ERR,ERR,ERR,ERR,ERR,34.0,80.0,35,0.0,0.0,0.0,0.0,0.0,0.0,0.0,0.0,0.0,0.0,0.0,0.0,0.0,0.0,0.0,0.0,64.4,0,117,56,50,65476,0,300,0,0,8,20529,65476,0,0,57672,80.0,0.0,0.0,0.0,0.0,0.0
2026-06-17T04:02:38,ERR,ERR,ERR,ERR,ERR,ERR,ERR,ERR,ERR,ERR,ERR,ERR,ERR,ERR,ERR,ERR,ERR,ERR,ERR,ERR,ERR,ERR,ERR,ERR,ERR,ERR,ERR,ERR,ERR,ERR,ERR,ERR,ERR,ERR,ERR,ERR,ERR,ERR,ERR,ERR,ERR,ERR,ERR,ERR,ERR,ERR,ERR,ERR,ERR,ERR,ERR,ERR,ERR,ERR,ERR,ERR,ERR,ERR,ERR,ERR,ERR,ERR,ERR,ERR,ERR,ERR,ERR,ERR,ERR,ERR,ERR,ERR,ERR,ERR,ERR,ERR,ERR,ERR,ERR,ERR,ERR,ERR,ERR,ERR,ERR,ERR,ERR,ERR,ERR,ERR,ERR,ERR,ERR,ERR,ERR,ERR,ERR,ERR,ERR,ERR,ERR,ERR,ERR,ERR,ERR,ERR,ERR,ERR,ERR,ERR,ERR,ERR,ERR,ERR,ERR,ERR,ERR,ERR,ERR,ERR,ERR,ERR,ERR,ERR,ERR,0.0,0.0,2.6474777903227054e+23,0.0,0.0,1.3936040501711995e+18,7.805,0.0,0,0,4,0,7300,-0.0,0,0.0,0.0,0.0,0.0,0.0,0,0,0,0,0.0,0,0,0,0,0,0,0,0,0,0,0,0,0,0,0,0,0,0,0,0,0,0,0,0,0,0,0,0,0,0,0,0,0,32,30,30,62,65476,0,300,0,0,8,21553,0.0,-107605600.0,0.0,0.0,0.0,0.0,0.0,0.0,0.0,0.0,0.0,0.0,0.0,0.0,0.0,0.0,0.0,0.0,0.0,0.0,0.0,0.0,2.004,-0.0,-0.0,-0.0,0.0,0.0,0.0,0.0,5403.0,0.0,6947.0,0.0,0.0,-107615280.0,0.0,0.0,0.0,0.0,0.0,63,-89221.078,0.0,0.0,0.0,0.0,0.0,0.0,0.0,0.0,0,0,0,0.0,0.0,0.0,0.0,0.0,0.0,0.0,0.0,0.0,0.0,0.0,0.0,0.0,0.0,0.0,0.0,0,-107875648.0,63,0.0,126,2.7184242562605685e+23,-0.0,ERR,ERR,ERR,ERR,ERR,ERR,ERR,ERR,ERR,ERR,ERR,ERR,ERR,ERR,ERR,ERR,ERR,ERR,ERR,ERR,ERR,ERR,ERR,ERR,ERR,ERR,ERR,ERR,ERR,ERR,ERR,ERR,ERR,ERR,ERR,ERR,ERR,ERR,ERR,ERR,ERR,ERR,ERR,ERR,ERR,ERR,ERR,ERR,ERR,ERR,ERR,ERR,ERR,ERR,ERR,ERR,ERR,ERR,ERR,ERR,ERR,ERR,ERR,ERR,ERR,ERR,ERR,34.0,80.0,35,0.0,0.0,0.0,0.0,0.0,0.0,0.0,0.0,0.0,0.0,0.0,0.0,0.0,0.0,0.0,0.0,64.4,0,117,56,50,65476,0,300,0,0,8,20529,65476,0,0,57672,80.0,0.0,0.0,0.0,0.0,0.0
2026-06-17T04:02:39,ERR,ERR,ERR,ERR,ERR,ERR,ERR,ERR,ERR,ERR,ERR,ERR,ERR,ERR,ERR,ERR,ERR,ERR,ERR,ERR,ERR,ERR,ERR,ERR,ERR,ERR,ERR,ERR,ERR,ERR,ERR,ERR,ERR,ERR,ERR,ERR,ERR,ERR,ERR,ERR,ERR,ERR,ERR,ERR,ERR,ERR,ERR,ERR,ERR,ERR,ERR,ERR,ERR,ERR,ERR,ERR,ERR,ERR,ERR,ERR,ERR,ERR,ERR,ERR,ERR,ERR,ERR,ERR,ERR,ERR,ERR,ERR,ERR,ERR,ERR,ERR,ERR,ERR,ERR,ERR,ERR,ERR,ERR,ERR,ERR,ERR,ERR,ERR,ERR,ERR,ERR,ERR,ERR,ERR,ERR,ERR,ERR,ERR,ERR,ERR,ERR,ERR,ERR,ERR,ERR,ERR,ERR,ERR,ERR,ERR,ERR,ERR,ERR,ERR,ERR,ERR,ERR,ERR,ERR,ERR,ERR,ERR,ERR,ERR,ERR,0.0,0.0,2.6474777903227054e+23,0.0,0.0,1.3936040501711995e+18,7.805,0.0,0,0,4,0,7300,-0.0,0,0.0,0.0,0.0,0.0,0.0,0,0,0,0,0.0,0,0,0,0,0,0,0,0,0,0,0,0,0,0,0,0,0,0,0,0,0,0,0,0,0,0,0,0,0,0,0,0,0,32,30,30,62,65476,0,300,0,0,8,21553,0.0,-107605600.0,0.0,0.0,0.0,0.0,0.0,0.0,0.0,0.0,0.0,0.0,0.0,0.0,0.0,0.0,0.0,0.0,0.0,0.0,0.0,0.0,2.004,-0.0,-0.0,-0.0,0.0,0.0,0.0,0.0,5403.0,0.0,6947.0,0.0,0.0,-107615280.0,0.0,0.0,0.0,0.0,0.0,63,-89221.078,0.0,0.0,0.0,0.0,0.0,0.0,0.0,0.0,0,0,0,0.0,0.0,0.0,0.0,0.0,0.0,0.0,0.0,0.0,0.0,0.0,0.0,0.0,0.0,0.0,0.0,0,-107875648.0,63,0.0,126,2.7184242562605685e+23,-0.0,ERR,ERR,ERR,ERR,ERR,ERR,ERR,ERR,ERR,ERR,ERR,ERR,ERR,ERR,ERR,ERR,ERR,ERR,ERR,ERR,ERR,ERR,ERR,ERR,ERR,ERR,ERR,ERR,ERR,ERR,ERR,ERR,ERR,ERR,ERR,ERR,ERR,ERR,ERR,ERR,ERR,ERR,ERR,ERR,ERR,ERR,ERR,ERR,ERR,ERR,ERR,ERR,ERR,ERR,ERR,ERR,ERR,ERR,ERR,ERR,ERR,ERR,ERR,ERR,ERR,ERR,ERR,34.0,80.0,35,0.0,0.0,0.0,0.0,0.0,0.0,0.0,0.0,0.0,0.0,0.0,0.0,0.0,0.0,0.0,0.0,64.4,0,117,56,50,65476,0,300,0,0,8,20529,65476,0,0,57672,80.0,0.0,0.0,0.0,0.0,0.0
2026-06-17T04:02:40,ERR,ERR,ERR,ERR,ERR,ERR,ERR,ERR,ERR,ERR,ERR,ERR,ERR,ERR,ERR,ERR,ERR,ERR,ERR,ERR,ERR,ERR,ERR,ERR,ERR,ERR,ERR,ERR,ERR,ERR,ERR,ERR,ERR,ERR,ERR,ERR,ERR,ERR,ERR,ERR,ERR,ERR,ERR,ERR,ERR,ERR,ERR,ERR,ERR,ERR,ERR,ERR,ERR,ERR,ERR,ERR,ERR,ERR,ERR,ERR,ERR,ERR,ERR,ERR,ERR,ERR,ERR,ERR,ERR,ERR,ERR,ERR,ERR,ERR,ERR,ERR,ERR,ERR,ERR,ERR,ERR,ERR,ERR,ERR,ERR,ERR,ERR,ERR,ERR,ERR,ERR,ERR,ERR,ERR,ERR,ERR,ERR,ERR,ERR,ERR,ERR,ERR,ERR,ERR,ERR,ERR,ERR,ERR,ERR,ERR,ERR,ERR,ERR,ERR,ERR,ERR,ERR,ERR,ERR,ERR,ERR,ERR,ERR,ERR,ERR,0.0,0.0,2.6474777903227054e+23,0.0,0.0,1.3936040501711995e+18,7.805,0.0,0,0,4,0,7300,-0.0,0,0.0,0.0,0.0,0.0,0.0,0,0,0,0,0.0,0,0,0,0,0,0,0,0,0,0,0,0,0,0,0,0,0,0,0,0,0,0,0,0,0,0,0,0,0,0,0,0,0,32,30,30,62,65476,0,300,0,0,8,21553,0.0,-107605600.0,0.0,0.0,0.0,0.0,0.0,0.0,0.0,0.0,0.0,0.0,0.0,0.0,0.0,0.0,0.0,0.0,0.0,0.0,0.0,0.0,2.004,-0.0,-0.0,-0.0,0.0,0.0,0.0,0.0,5403.0,0.0,6947.0,0.0,0.0,-107615280.0,0.0,0.0,0.0,0.0,0.0,63,-89221.078,0.0,0.0,0.0,0.0,0.0,0.0,0.0,0.0,0,0,0,0.0,0.0,0.0,0.0,0.0,0.0,0.0,0.0,0.0,0.0,0.0,0.0,0.0,0.0,0.0,0.0,0,-107875648.0,63,0.0,126,2.7184242562605685e+23,-0.0,ERR,ERR,ERR,ERR,ERR,ERR,ERR,ERR,ERR,ERR,ERR,ERR,ERR,ERR,ERR,ERR,ERR,ERR,ERR,ERR,ERR,ERR,ERR,ERR,ERR,ERR,ERR,ERR,ERR,ERR,ERR,ERR,ERR,ERR,ERR,ERR,ERR,ERR,ERR,ERR,ERR,ERR,ERR,ERR,ERR,ERR,ERR,ERR,ERR,ERR,ERR,ERR,ERR,ERR,ERR,ERR,ERR,ERR,ERR,ERR,ERR,ERR,ERR,ERR,ERR,ERR,ERR,34.0,80.0,35,0.0,0.0,0.0,0.0,0.0,0.0,0.0,0.0,0.0,0.0,0.0,0.0,0.0,0.0,0.0,0.0,64.4,0,117,56,50,65476,0,300,0,0,8,20529,65476,0,0,57672,80.0,0.0,0.0,0.0,0.0,0.0
2026-06-17T04:02:41,ERR,ERR,ERR,ERR,ERR,ERR,ERR,ERR,ERR,ERR,ERR,ERR,ERR,ERR,ERR,ERR,ERR,ERR,ERR,ERR,ERR,ERR,ERR,ERR,ERR,ERR,ERR,ERR,ERR,ERR,ERR,ERR,ERR,ERR,ERR,ERR,ERR,ERR,ERR,ERR,ERR,ERR,ERR,ERR,ERR,ERR,ERR,ERR,ERR,ERR,ERR,ERR,ERR,ERR,ERR,ERR,ERR,ERR,ERR,ERR,ERR,ERR,ERR,ERR,ERR,ERR,ERR,ERR,ERR,ERR,ERR,ERR,ERR,ERR,ERR,ERR,ERR,ERR,ERR,ERR,ERR,ERR,ERR,ERR,ERR,ERR,ERR,ERR,ERR,ERR,ERR,ERR,ERR,ERR,ERR,ERR,ERR,ERR,ERR,ERR,ERR,ERR,ERR,ERR,ERR,ERR,ERR,ERR,ERR,ERR,ERR,ERR,ERR,ERR,ERR,ERR,ERR,ERR,ERR,ERR,ERR,ERR,ERR,ERR,ERR,0.0,0.0,2.6474777903227054e+23,0.0,0.0,1.3936040501711995e+18,7.805,0.0,0,0,4,0,7300,-0.0,0,0.0,0.0,0.0,0.0,0.0,0,0,0,0,0.0,0,0,0,0,0,0,0,0,0,0,0,0,0,0,0,0,0,0,0,0,0,0,0,0,0,0,0,0,0,0,0,0,0,32,30,30,62,65476,0,300,0,0,8,21553,0.0,-107605600.0,0.0,0.0,0.0,0.0,0.0,0.0,0.0,0.0,0.0,0.0,0.0,0.0,0.0,0.0,0.0,0.0,0.0,0.0,0.0,0.0,2.004,-0.0,-0.0,-0.0,0.0,0.0,0.0,0.0,5401.0,3.697191411280511e+19,6956.0,0.0,0.0,-107615280.0,0.0,0.0,0.0,0.0,0.0,63,-0.059,-0.0,0.0,0.0,0.0,0.0,0.0,0.0,0.0,0,0,0,0.0,0.0,0.0,0.0,0.0,0.0,0.0,0.0,0.0,0.0,0.0,0.0,0.0,0.0,0.0,0.0,0,-107875648.0,63,0.0,126,2.7184242562605685e+23,-0.0,ERR,ERR,ERR,ERR,ERR,ERR,ERR,ERR,ERR,ERR,ERR,ERR,ERR,ERR,ERR,ERR,ERR,ERR,ERR,ERR,ERR,ERR,ERR,ERR,ERR,ERR,ERR,ERR,ERR,ERR,ERR,ERR,ERR,ERR,ERR,ERR,ERR,ERR,ERR,ERR,ERR,ERR,ERR,ERR,ERR,ERR,ERR,ERR,ERR,ERR,ERR,ERR,ERR,ERR,ERR,ERR,ERR,ERR,ERR,ERR,ERR,ERR,ERR,ERR,ERR,ERR,ERR,34.0,80.0,35,0.0,0.0,0.0,0.0,0.0,0.0,0.0,0.0,0.0,0.0,0.0,0.0,0.0,0.0,0.0,0.0,64.4,0,117,56,50,65476,0,300,0,0,8,20529,65476,0,0,57672,80.0,0.0,0.0,0.0,0.0,0.0
2026-06-17T04:02:42,ERR,ERR,ERR,ERR,ERR,ERR,ERR,ERR,ERR,ERR,ERR,ERR,ERR,ERR,ERR,ERR,ERR,ERR,ERR,ERR,ERR,ERR,ERR,ERR,ERR,ERR,ERR,ERR,ERR,ERR,ERR,ERR,ERR,ERR,ERR,ERR,ERR,ERR,ERR,ERR,ERR,ERR,ERR,ERR,ERR,ERR,ERR,ERR,ERR,ERR,ERR,ERR,ERR,ERR,ERR,ERR,ERR,ERR,ERR,ERR,ERR,ERR,ERR,ERR,ERR,ERR,ERR,ERR,ERR,ERR,ERR,ERR,ERR,ERR,ERR,ERR,ERR,ERR,ERR,ERR,ERR,ERR,ERR,ERR,ERR,ERR,ERR,ERR,ERR,ERR,ERR,ERR,ERR,ERR,ERR,ERR,ERR,ERR,ERR,ERR,ERR,ERR,ERR,ERR,ERR,ERR,ERR,ERR,ERR,ERR,ERR,ERR,ERR,ERR,ERR,ERR,ERR,ERR,ERR,ERR,ERR,ERR,ERR,ERR,ERR,0.0,0.0,2.6474777903227054e+23,0.0,0.0,1.3936040501711995e+18,7.805,0.0,0,0,4,0,7300,-0.0,0,0.0,0.0,0.0,0.0,0.0,0,0,0,0,0.0,0,0,0,0,0,0,0,0,0,0,0,0,0,0,0,0,0,0,0,0,0,0,0,0,0,0,0,0,0,0,0,0,0,32,30,30,62,65476,0,300,0,0,8,21553,0.0,-107605600.0,0.0,0.0,0.0,0.0,0.0,0.0,0.0,0.0,0.0,0.0,0.0,0.0,0.0,0.0,0.0,0.0,0.0,0.0,0.0,0.0,2.004,-0.0,-0.0,-0.0,0.0,0.0,0.0,0.0,5401.0,3.697191411280511e+19,6956.0,0.0,0.0,-107615280.0,0.0,0.0,0.0,0.0,0.0,63,-0.059,-0.0,0.0,0.0,0.0,0.0,0.0,0.0,0.0,0,0,0,0.0,0.0,0.0,0.0,0.0,0.0,0.0,0.0,0.0,0.0,0.0,0.0,0.0,0.0,0.0,0.0,0,-107875648.0,63,0.0,126,2.7184242562605685e+23,-0.0,ERR,ERR,ERR,ERR,ERR,ERR,ERR,ERR,ERR,ERR,ERR,ERR,ERR,ERR,ERR,ERR,ERR,ERR,ERR,ERR,ERR,ERR,ERR,ERR,ERR,ERR,ERR,ERR,ERR,ERR,ERR,ERR,ERR,ERR,ERR,ERR,ERR,ERR,ERR,ERR,ERR,ERR,ERR,ERR,ERR,ERR,ERR,ERR,ERR,ERR,ERR,ERR,ERR,ERR,ERR,ERR,ERR,ERR,ERR,ERR,ERR,ERR,ERR,ERR,ERR,ERR,ERR,34.0,80.0,35,0.0,0.0,0.0,0.0,0.0,0.0,0.0,0.0,0.0,0.0,0.0,0.0,0.0,0.0,0.0,0.0,64.4,0,117,56,50,65476,0,300,0,0,8,20529,65476,0,0,57672,80.0,0.0,0.0,0.0,0.0,0.0
2026-06-17T04:02:43,ERR,ERR,ERR,ERR,ERR,ERR,ERR,ERR,ERR,ERR,ERR,ERR,ERR,ERR,ERR,ERR,ERR,ERR,ERR,ERR,ERR,ERR,ERR,ERR,ERR,ERR,ERR,ERR,ERR,ERR,ERR,ERR,ERR,ERR,ERR,ERR,ERR,ERR,ERR,ERR,ERR,ERR,ERR,ERR,ERR,ERR,ERR,ERR,ERR,ERR,ERR,ERR,ERR,ERR,ERR,ERR,ERR,ERR,ERR,ERR,ERR,ERR,ERR,ERR,ERR,ERR,ERR,ERR,ERR,ERR,ERR,ERR,ERR,ERR,ERR,ERR,ERR,ERR,ERR,ERR,ERR,ERR,ERR,ERR,ERR,ERR,ERR,ERR,ERR,ERR,ERR,ERR,ERR,ERR,ERR,ERR,ERR,ERR,ERR,ERR,ERR,ERR,ERR,ERR,ERR,ERR,ERR,ERR,ERR,ERR,ERR,ERR,ERR,ERR,ERR,ERR,ERR,ERR,ERR,ERR,ERR,ERR,ERR,ERR,ERR,0.0,0.0,2.6474777903227054e+23,0.0,0.0,1.3936040501711995e+18,7.805,0.0,0,0,4,0,7300,-0.0,0,0.0,0.0,0.0,0.0,0.0,0,0,0,0,0.0,0,0,0,0,0,0,0,0,0,0,0,0,0,0,0,0,0,0,0,0,0,0,0,0,0,0,0,0,0,0,0,0,0,32,30,30,62,65476,0,300,0,0,8,21553,0.0,-107605600.0,0.0,0.0,0.0,0.0,0.0,0.0,0.0,0.0,0.0,0.0,0.0,0.0,0.0,0.0,0.0,0.0,0.0,0.0,0.0,0.0,2.004,-0.0,-0.0,-0.0,0.0,0.0,0.0,0.0,5401.0,3.697191411280511e+19,6956.0,0.0,0.0,-107615280.0,0.0,0.0,0.0,0.0,0.0,63,-0.059,-0.0,0.0,0.0,0.0,0.0,0.0,0.0,0.0,0,0,0,0.0,0.0,0.0,0.0,0.0,0.0,0.0,0.0,0.0,0.0,0.0,0.0,0.0,0.0,0.0,0.0,0,-107875648.0,63,0.0,126,2.7184242562605685e+23,-0.0,ERR,ERR,ERR,ERR,ERR,ERR,ERR,ERR,ERR,ERR,ERR,ERR,ERR,ERR,ERR,ERR,ERR,ERR,ERR,ERR,ERR,ERR,ERR,ERR,ERR,ERR,ERR,ERR,ERR,ERR,ERR,ERR,ERR,ERR,ERR,ERR,ERR,ERR,ERR,ERR,ERR,ERR,ERR,ERR,ERR,ERR,ERR,ERR,ERR,ERR,ERR,ERR,ERR,ERR,ERR,ERR,ERR,ERR,ERR,ERR,ERR,ERR,ERR,ERR,ERR,ERR,ERR,34.0,80.0,35,0.0,0.0,0.0,0.0,0.0,0.0,0.0,0.0,0.0,0.0,0.0,0.0,0.0,0.0,0.0,0.0,64.4,0,117,56,50,65476,0,300,0,0,8,20529,65476,0,0,57672,80.0,0.0,0.0,0.0,0.0,0.0
2026-06-17T04:02:44,ERR,ERR,ERR,ERR,ERR,ERR,ERR,ERR,ERR,ERR,ERR,ERR,ERR,ERR,ERR,ERR,ERR,ERR,ERR,ERR,ERR,ERR,ERR,ERR,ERR,ERR,ERR,ERR,ERR,ERR,ERR,ERR,ERR,ERR,ERR,ERR,ERR,ERR,ERR,ERR,ERR,ERR,ERR,ERR,ERR,ERR,ERR,ERR,ERR,ERR,ERR,ERR,ERR,ERR,ERR,ERR,ERR,ERR,ERR,ERR,ERR,ERR,ERR,ERR,ERR,ERR,ERR,ERR,ERR,ERR,ERR,ERR,ERR,ERR,ERR,ERR,ERR,ERR,ERR,ERR,ERR,ERR,ERR,ERR,ERR,ERR,ERR,ERR,ERR,ERR,ERR,ERR,ERR,ERR,ERR,ERR,ERR,ERR,ERR,ERR,ERR,ERR,ERR,ERR,ERR,ERR,ERR,ERR,ERR,ERR,ERR,ERR,ERR,ERR,ERR,ERR,ERR,ERR,ERR,ERR,ERR,ERR,ERR,ERR,ERR,0.0,0.0,2.6474777903227054e+23,0.0,0.0,1.3936040501711995e+18,7.805,0.0,0,0,4,0,7300,-0.0,0,0.0,0.0,0.0,0.0,0.0,0,0,0,0,0.0,0,0,0,0,0,0,0,0,0,0,0,0,0,0,0,0,0,0,0,0,0,0,0,0,0,0,0,0,0,0,0,0,0,32,30,30,62,65476,0,300,0,0,8,21553,0.0,-107605600.0,0.0,0.0,0.0,0.0,0.0,0.0,0.0,0.0,0.0,0.0,0.0,0.0,0.0,0.0,0.0,0.0,0.0,0.0,0.0,0.0,2.004,-0.0,-0.0,-0.0,0.0,0.0,0.0,0.0,5401.0,3.697191411280511e+19,6956.0,0.0,0.0,-107615280.0,0.0,0.0,0.0,0.0,0.0,63,-0.059,-0.0,0.0,0.0,0.0,0.0,0.0,0.0,0.0,0,0,0,0.0,0.0,0.0,0.0,0.0,0.0,0.0,0.0,0.0,0.0,0.0,0.0,0.0,0.0,0.0,0.0,0,-107875648.0,63,0.0,126,2.7184242562605685e+23,-0.0,ERR,ERR,ERR,ERR,ERR,ERR,ERR,ERR,ERR,ERR,ERR,ERR,ERR,ERR,ERR,ERR,ERR,ERR,ERR,ERR,ERR,ERR,ERR,ERR,ERR,ERR,ERR,ERR,ERR,ERR,ERR,ERR,ERR,ERR,ERR,ERR,ERR,ERR,ERR,ERR,ERR,ERR,ERR,ERR,ERR,ERR,ERR,ERR,ERR,ERR,ERR,ERR,ERR,ERR,ERR,ERR,ERR,ERR,ERR,ERR,ERR,ERR,ERR,ERR,ERR,ERR,ERR,34.0,80.0,35,0.0,0.0,0.0,0.0,0.0,0.0,0.0,0.0,0.0,0.0,0.0,0.0,0.0,0.0,0.0,0.0,64.4,0,117,56,50,65476,0,300,0,0,8,20529,65476,0,0,57672,80.0,0.0,0.0,0.0,0.0,0.0
2026-06-17T04:02:45,ERR,ERR,ERR,ERR,ERR,ERR,ERR,ERR,ERR,ERR,ERR,ERR,ERR,ERR,ERR,ERR,ERR,ERR,ERR,ERR,ERR,ERR,ERR,ERR,ERR,ERR,ERR,ERR,ERR,ERR,ERR,ERR,ERR,ERR,ERR,ERR,ERR,ERR,ERR,ERR,ERR,ERR,ERR,ERR,ERR,ERR,ERR,ERR,ERR,ERR,ERR,ERR,ERR,ERR,ERR,ERR,ERR,ERR,ERR,ERR,ERR,ERR,ERR,ERR,ERR,ERR,ERR,ERR,ERR,ERR,ERR,ERR,ERR,ERR,ERR,ERR,ERR,ERR,ERR,ERR,ERR,ERR,ERR,ERR,ERR,ERR,ERR,ERR,ERR,ERR,ERR,ERR,ERR,ERR,ERR,ERR,ERR,ERR,ERR,ERR,ERR,ERR,ERR,ERR,ERR,ERR,ERR,ERR,ERR,ERR,ERR,ERR,ERR,ERR,ERR,ERR,ERR,ERR,ERR,ERR,ERR,ERR,ERR,ERR,ERR,0.0,0.0,2.6474777903227054e+23,0.0,0.0,1.3936040501711995e+18,7.805,0.0,0,0,4,0,7300,-0.0,0,0.0,0.0,0.0,0.0,0.0,0,0,0,0,0.0,0,0,0,0,0,0,0,0,0,0,0,0,0,0,0,0,0,0,0,0,0,0,0,0,0,0,0,0,0,0,0,0,0,32,30,30,62,65476,0,300,0,0,8,21553,0.0,-107605600.0,0.0,0.0,0.0,0.0,0.0,0.0,0.0,0.0,0.0,0.0,0.0,0.0,0.0,0.0,0.0,0.0,0.0,0.0,0.0,0.0,2.004,-0.0,-0.0,-0.0,0.0,0.0,0.0,0.0,5401.0,3.697191411280511e+19,6956.0,0.0,0.0,-107615280.0,0.0,0.0,0.0,0.0,0.0,63,-0.059,-0.0,0.0,0.0,0.0,0.0,0.0,0.0,0.0,0,0,0,0.0,0.0,0.0,0.0,0.0,0.0,0.0,0.0,0.0,0.0,0.0,0.0,0.0,0.0,0.0,0.0,0,-107875648.0,63,0.0,126,2.7184242562605685e+23,-0.0,ERR,ERR,ERR,ERR,ERR,ERR,ERR,ERR,ERR,ERR,ERR,ERR,ERR,ERR,ERR,ERR,ERR,ERR,ERR,ERR,ERR,ERR,ERR,ERR,ERR,ERR,ERR,ERR,ERR,ERR,ERR,ERR,ERR,ERR,ERR,ERR,ERR,ERR,ERR,ERR,ERR,ERR,ERR,ERR,ERR,ERR,ERR,ERR,ERR,ERR,ERR,ERR,ERR,ERR,ERR,ERR,ERR,ERR,ERR,ERR,ERR,ERR,ERR,ERR,ERR,ERR,ERR,34.0,80.0,35,0.0,0.0,0.0,0.0,0.0,0.0,0.0,0.0,0.0,0.0,0.0,0.0,0.0,0.0,0.0,0.0,64.4,0,117,56,50,65476,0,300,0,0,8,20529,65476,0,0,57672,80.0,0.0,0.0,0.0,0.0,0.0
2026-06-17T04:02:46,ERR,ERR,ERR,ERR,ERR,ERR,ERR,ERR,ERR,ERR,ERR,ERR,ERR,ERR,ERR,ERR,ERR,ERR,ERR,ERR,ERR,ERR,ERR,ERR,ERR,ERR,ERR,ERR,ERR,ERR,ERR,ERR,ERR,ERR,ERR,ERR,ERR,ERR,ERR,ERR,ERR,ERR,ERR,ERR,ERR,ERR,ERR,ERR,ERR,ERR,ERR,ERR,ERR,ERR,ERR,ERR,ERR,ERR,ERR,ERR,ERR,ERR,ERR,ERR,ERR,ERR,ERR,ERR,ERR,ERR,ERR,ERR,ERR,ERR,ERR,ERR,ERR,ERR,ERR,ERR,ERR,ERR,ERR,ERR,ERR,ERR,ERR,ERR,ERR,ERR,ERR,ERR,ERR,ERR,ERR,ERR,ERR,ERR,ERR,ERR,ERR,ERR,ERR,ERR,ERR,ERR,ERR,ERR,ERR,ERR,ERR,ERR,ERR,ERR,ERR,ERR,ERR,ERR,ERR,ERR,ERR,ERR,ERR,ERR,ERR,0.0,0.0,2.6474777903227054e+23,0.0,0.0,1.3936040501711995e+18,7.805,0.0,0,0,4,0,7300,-0.0,0,0.0,0.0,0.0,0.0,0.0,0,0,0,0,0.0,0,0,0,0,0,0,0,0,0,0,0,0,0,0,0,0,0,0,0,0,0,0,0,0,0,0,0,0,0,0,0,0,0,32,30,30,62,65476,0,300,0,0,8,21553,0.0,-107605600.0,0.0,0.0,0.0,0.0,0.0,0.0,0.0,0.0,0.0,0.0,0.0,0.0,0.0,0.0,0.0,0.0,0.0,0.0,0.0,0.0,2.004,-0.0,-0.0,2.004,0.0,0.0,0.0,0.0,5405.0,-8608194560.0,6970.0,0.0,0.0,-107615280.0,0.0,0.0,0.0,0.0,0.0,63,-126841077760.0,0.0,0.0,0.0,0.0,0.0,0.0,0.0,0.0,0,0,0,0.0,0.0,0.0,0.0,0.0,0.0,0.0,0.0,0.0,0.0,0.0,0.0,0.0,0.0,0.0,0.0,0,-107875648.0,63,0.0,126,2.7184242562605685e+23,-0.0,ERR,ERR,ERR,ERR,ERR,ERR,ERR,ERR,ERR,ERR,ERR,ERR,ERR,ERR,ERR,ERR,ERR,ERR,ERR,ERR,ERR,ERR,ERR,ERR,ERR,ERR,ERR,ERR,ERR,ERR,ERR,ERR,ERR,ERR,ERR,ERR,ERR,ERR,ERR,ERR,ERR,ERR,ERR,ERR,ERR,ERR,ERR,ERR,ERR,ERR,ERR,ERR,ERR,ERR,ERR,ERR,ERR,ERR,ERR,ERR,ERR,ERR,ERR,ERR,ERR,ERR,ERR,34.0,80.0,35,0.0,0.0,0.0,0.0,0.0,0.0,0.0,0.0,0.0,0.0,0.0,0.0,0.0,0.0,0.0,0.0,64.4,0,117,56,50,65476,0,300,0,0,8,20529,65476,0,0,57672,80.0,0.0,0.0,0.0,0.0,0.0
2026-06-17T04:02:47,ERR,ERR,ERR,ERR,ERR,ERR,ERR,ERR,ERR,ERR,ERR,ERR,ERR,ERR,ERR,ERR,ERR,ERR,ERR,ERR,ERR,ERR,ERR,ERR,ERR,ERR,ERR,ERR,ERR,ERR,ERR,ERR,ERR,ERR,ERR,ERR,ERR,ERR,ERR,ERR,ERR,ERR,ERR,ERR,ERR,ERR,ERR,ERR,ERR,ERR,ERR,ERR,ERR,ERR,ERR,ERR,ERR,ERR,ERR,ERR,ERR,ERR,ERR,ERR,ERR,ERR,ERR,ERR,ERR,ERR,ERR,ERR,ERR,ERR,ERR,ERR,ERR,ERR,ERR,ERR,ERR,ERR,ERR,ERR,ERR,ERR,ERR,ERR,ERR,ERR,ERR,ERR,ERR,ERR,ERR,ERR,ERR,ERR,ERR,ERR,ERR,ERR,ERR,ERR,ERR,ERR,ERR,ERR,ERR,ERR,ERR,ERR,ERR,ERR,ERR,ERR,ERR,ERR,ERR,ERR,ERR,ERR,ERR,ERR,ERR,0.0,0.0,2.6474777903227054e+23,0.0,0.0,1.3936040501711995e+18,7.805,0.0,0,0,4,0,7300,-0.0,0,0.0,0.0,0.0,0.0,0.0,0,0,0,0,0.0,0,0,0,0,0,0,0,0,0,0,0,0,0,0,0,0,0,0,0,0,0,0,0,0,0,0,0,0,0,0,0,0,0,32,30,30,62,65476,0,300,0,0,8,21553,0.0,-107605600.0,0.0,0.0,0.0,0.0,0.0,0.0,0.0,0.0,0.0,0.0,0.0,0.0,0.0,0.0,0.0,0.0,0.0,0.0,0.0,0.0,2.004,-0.0,-0.0,2.004,0.0,0.0,0.0,0.0,5405.0,-8608194560.0,6970.0,0.0,0.0,-107615280.0,0.0,0.0,0.0,0.0,0.0,63,-126841077760.0,0.0,0.0,0.0,0.0,0.0,0.0,0.0,0.0,0,0,0,0.0,0.0,0.0,0.0,0.0,0.0,0.0,0.0,0.0,0.0,0.0,0.0,0.0,0.0,0.0,0.0,0,-107875648.0,63,0.0,126,2.7184242562605685e+23,-0.0,ERR,ERR,ERR,ERR,ERR,ERR,ERR,ERR,ERR,ERR,ERR,ERR,ERR,ERR,ERR,ERR,ERR,ERR,ERR,ERR,ERR,ERR,ERR,ERR,ERR,ERR,ERR,ERR,ERR,ERR,ERR,ERR,ERR,ERR,ERR,ERR,ERR,ERR,ERR,ERR,ERR,ERR,ERR,ERR,ERR,ERR,ERR,ERR,ERR,ERR,ERR,ERR,ERR,ERR,ERR,ERR,ERR,ERR,ERR,ERR,ERR,ERR,ERR,ERR,ERR,ERR,ERR,34.0,80.0,35,0.0,0.0,0.0,0.0,0.0,0.0,0.0,0.0,0.0,0.0,0.0,0.0,0.0,0.0,0.0,0.0,64.4,0,117,56,50,65476,0,300,0,0,8,20529,65476,0,0,57672,80.0,0.0,0.0,0.0,0.0,0.0
2026-06-17T04:02:48,ERR,ERR,ERR,ERR,ERR,ERR,ERR,ERR,ERR,ERR,ERR,ERR,ERR,ERR,ERR,ERR,ERR,ERR,ERR,ERR,ERR,ERR,ERR,ERR,ERR,ERR,ERR,ERR,ERR,ERR,ERR,ERR,ERR,ERR,ERR,ERR,ERR,ERR,ERR,ERR,ERR,ERR,ERR,ERR,ERR,ERR,ERR,ERR,ERR,ERR,ERR,ERR,ERR,ERR,ERR,ERR,ERR,ERR,ERR,ERR,ERR,ERR,ERR,ERR,ERR,ERR,ERR,ERR,ERR,ERR,ERR,ERR,ERR,ERR,ERR,ERR,ERR,ERR,ERR,ERR,ERR,ERR,ERR,ERR,ERR,ERR,ERR,ERR,ERR,ERR,ERR,ERR,ERR,ERR,ERR,ERR,ERR,ERR,ERR,ERR,ERR,ERR,ERR,ERR,ERR,ERR,ERR,ERR,ERR,ERR,ERR,ERR,ERR,ERR,ERR,ERR,ERR,ERR,ERR,ERR,ERR,ERR,ERR,ERR,ERR,0.0,0.0,2.6474777903227054e+23,0.0,0.0,1.3936040501711995e+18,7.805,0.0,0,0,4,0,7300,-0.0,0,0.0,0.0,0.0,0.0,0.0,0,0,0,0,0.0,0,0,0,0,0,0,0,0,0,0,0,0,0,0,0,0,0,0,0,0,0,0,0,0,0,0,0,0,0,0,0,0,0,32,30,30,62,65476,0,300,0,0,8,21553,0.0,-107605600.0,0.0,0.0,0.0,0.0,0.0,0.0,0.0,0.0,0.0,0.0,0.0,0.0,0.0,0.0,0.0,0.0,0.0,0.0,0.0,0.0,2.004,-0.0,-0.0,2.004,0.0,0.0,0.0,0.0,5405.0,-8608194560.0,6970.0,0.0,0.0,-107615280.0,0.0,0.0,0.0,0.0,0.0,63,-126841077760.0,0.0,0.0,0.0,0.0,0.0,0.0,0.0,0.0,0,0,0,0.0,0.0,0.0,0.0,0.0,0.0,0.0,0.0,0.0,0.0,0.0,0.0,0.0,0.0,0.0,0.0,0,-107875648.0,63,0.0,126,2.7184242562605685e+23,-0.0,ERR,ERR,ERR,ERR,ERR,ERR,ERR,ERR,ERR,ERR,ERR,ERR,ERR,ERR,ERR,ERR,ERR,ERR,ERR,ERR,ERR,ERR,ERR,ERR,ERR,ERR,ERR,ERR,ERR,ERR,ERR,ERR,ERR,ERR,ERR,ERR,ERR,ERR,ERR,ERR,ERR,ERR,ERR,ERR,ERR,ERR,ERR,ERR,ERR,ERR,ERR,ERR,ERR,ERR,ERR,ERR,ERR,ERR,ERR,ERR,ERR,ERR,ERR,ERR,ERR,ERR,ERR,34.0,80.0,35,0.0,0.0,0.0,0.0,0.0,0.0,0.0,0.0,0.0,0.0,0.0,0.0,0.0,0.0,0.0,0.0,64.4,0,117,56,50,65476,0,300,0,0,8,20529,65476,0,0,57672,80.0,0.0,0.0,0.0,0.0,0.0
2026-06-17T04:02:49,ERR,ERR,ERR,ERR,ERR,ERR,ERR,ERR,ERR,ERR,ERR,ERR,ERR,ERR,ERR,ERR,ERR,ERR,ERR,ERR,ERR,ERR,ERR,ERR,ERR,ERR,ERR,ERR,ERR,ERR,ERR,ERR,ERR,ERR,ERR,ERR,ERR,ERR,ERR,ERR,ERR,ERR,ERR,ERR,ERR,ERR,ERR,ERR,ERR,ERR,ERR,ERR,ERR,ERR,ERR,ERR,ERR,ERR,ERR,ERR,ERR,ERR,ERR,ERR,ERR,ERR,ERR,ERR,ERR,ERR,ERR,ERR,ERR,ERR,ERR,ERR,ERR,ERR,ERR,ERR,ERR,ERR,ERR,ERR,ERR,ERR,ERR,ERR,ERR,ERR,ERR,ERR,ERR,ERR,ERR,ERR,ERR,ERR,ERR,ERR,ERR,ERR,ERR,ERR,ERR,ERR,ERR,ERR,ERR,ERR,ERR,ERR,ERR,ERR,ERR,ERR,ERR,ERR,ERR,ERR,ERR,ERR,ERR,ERR,ERR,0.0,0.0,2.6474777903227054e+23,0.0,0.0,1.3936040501711995e+18,7.805,0.0,0,0,4,0,7300,-0.0,0,0.0,0.0,0.0,0.0,0.0,0,0,0,0,0.0,0,0,0,0,0,0,0,0,0,0,0,0,0,0,0,0,0,0,0,0,0,0,0,0,0,0,0,0,0,0,0,0,0,32,30,30,62,65476,0,300,0,0,8,21553,0.0,-107605600.0,0.0,0.0,0.0,0.0,0.0,0.0,0.0,0.0,0.0,0.0,0.0,0.0,0.0,0.0,0.0,0.0,0.0,0.0,0.0,0.0,2.004,-0.0,-0.0,2.004,0.0,0.0,0.0,0.0,5405.0,-8608194560.0,6970.0,0.0,0.0,-107615280.0,0.0,0.0,0.0,0.0,0.0,63,-126841077760.0,0.0,0.0,0.0,0.0,0.0,0.0,0.0,0.0,0,0,0,0.0,0.0,0.0,0.0,0.0,0.0,0.0,0.0,0.0,0.0,0.0,0.0,0.0,0.0,0.0,0.0,0,-107875648.0,63,0.0,126,2.7184242562605685e+23,-0.0,ERR,ERR,ERR,ERR,ERR,ERR,ERR,ERR,ERR,ERR,ERR,ERR,ERR,ERR,ERR,ERR,ERR,ERR,ERR,ERR,ERR,ERR,ERR,ERR,ERR,ERR,ERR,ERR,ERR,ERR,ERR,ERR,ERR,ERR,ERR,ERR,ERR,ERR,ERR,ERR,ERR,ERR,ERR,ERR,ERR,ERR,ERR,ERR,ERR,ERR,ERR,ERR,ERR,ERR,ERR,ERR,ERR,ERR,ERR,ERR,ERR,ERR,ERR,ERR,ERR,ERR,ERR,34.0,80.0,35,0.0,0.0,0.0,0.0,0.0,0.0,0.0,0.0,0.0,0.0,0.0,0.0,0.0,0.0,0.0,0.0,64.4,0,117,56,50,65476,0,300,0,0,8,20529,65476,0,0,57672,80.0,0.0,0.0,0.0,0.0,0.0
2026-06-17T04:02:50,ERR,ERR,ERR,ERR,ERR,ERR,ERR,ERR,ERR,ERR,ERR,ERR,ERR,ERR,ERR,ERR,ERR,ERR,ERR,ERR,ERR,ERR,ERR,ERR,ERR,ERR,ERR,ERR,ERR,ERR,ERR,ERR,ERR,ERR,ERR,ERR,ERR,ERR,ERR,ERR,ERR,ERR,ERR,ERR,ERR,ERR,ERR,ERR,ERR,ERR,ERR,ERR,ERR,ERR,ERR,ERR,ERR,ERR,ERR,ERR,ERR,ERR,ERR,ERR,ERR,ERR,ERR,ERR,ERR,ERR,ERR,ERR,ERR,ERR,ERR,ERR,ERR,ERR,ERR,ERR,ERR,ERR,ERR,ERR,ERR,ERR,ERR,ERR,ERR,ERR,ERR,ERR,ERR,ERR,ERR,ERR,ERR,ERR,ERR,ERR,ERR,ERR,ERR,ERR,ERR,ERR,ERR,ERR,ERR,ERR,ERR,ERR,ERR,ERR,ERR,ERR,ERR,ERR,ERR,ERR,ERR,ERR,ERR,ERR,ERR,0.0,0.0,2.6474777903227054e+23,0.0,0.0,1.3936040501711995e+18,7.805,0.0,0,0,4,0,7300,-0.0,0,0.0,0.0,0.0,0.0,0.0,0,0,0,0,0.0,0,0,0,0,0,0,0,0,0,0,0,0,0,0,0,0,0,0,0,0,0,0,0,0,0,0,0,0,0,0,0,0,0,32,30,30,62,65476,0,300,0,0,8,21553,0.0,-107605600.0,0.0,0.0,0.0,0.0,0.0,0.0,0.0,0.0,0.0,0.0,0.0,0.0,0.0,0.0,0.0,0.0,0.0,0.0,0.0,0.0,2.004,-0.0,-0.0,2.004,0.0,0.0,0.0,0.0,5405.0,-8608194560.0,6970.0,0.0,0.0,-107615280.0,0.0,0.0,0.0,0.0,0.0,63,-126841077760.0,0.0,0.0,0.0,0.0,0.0,0.0,0.0,0.0,0,0,0,0.0,0.0,0.0,0.0,0.0,0.0,0.0,0.0,0.0,0.0,0.0,0.0,0.0,0.0,0.0,0.0,0,-107875648.0,63,0.0,126,2.7184242562605685e+23,-0.0,ERR,ERR,ERR,ERR,ERR,ERR,ERR,ERR,ERR,ERR,ERR,ERR,ERR,ERR,ERR,ERR,ERR,ERR,ERR,ERR,ERR,ERR,ERR,ERR,ERR,ERR,ERR,ERR,ERR,ERR,ERR,ERR,ERR,ERR,ERR,ERR,ERR,ERR,ERR,ERR,ERR,ERR,ERR,ERR,ERR,ERR,ERR,ERR,ERR,ERR,ERR,ERR,ERR,ERR,ERR,ERR,ERR,ERR,ERR,ERR,ERR,ERR,ERR,ERR,ERR,ERR,ERR,34.0,80.0,35,0.0,0.0,0.0,0.0,0.0,0.0,0.0,0.0,0.0,0.0,0.0,0.0,0.0,0.0,0.0,0.0,64.4,0,117,56,50,65476,0,300,0,0,8,20529,65476,0,0,57672,80.0,0.0,0.0,0.0,0.0,0.0
2026-06-17T04:02:51,ERR,ERR,ERR,ERR,ERR,ERR,ERR,ERR,ERR,ERR,ERR,ERR,ERR,ERR,ERR,ERR,ERR,ERR,ERR,ERR,ERR,ERR,ERR,ERR,ERR,ERR,ERR,ERR,ERR,ERR,ERR,ERR,ERR,ERR,ERR,ERR,ERR,ERR,ERR,ERR,ERR,ERR,ERR,ERR,ERR,ERR,ERR,ERR,ERR,ERR,ERR,ERR,ERR,ERR,ERR,ERR,ERR,ERR,ERR,ERR,ERR,ERR,ERR,ERR,ERR,ERR,ERR,ERR,ERR,ERR,ERR,ERR,ERR,ERR,ERR,ERR,ERR,ERR,ERR,ERR,ERR,ERR,ERR,ERR,ERR,ERR,ERR,ERR,ERR,ERR,ERR,ERR,ERR,ERR,ERR,ERR,ERR,ERR,ERR,ERR,ERR,ERR,ERR,ERR,ERR,ERR,ERR,ERR,ERR,ERR,ERR,ERR,ERR,ERR,ERR,ERR,ERR,ERR,ERR,ERR,ERR,ERR,ERR,ERR,ERR,0.0,0.0,2.6474777903227054e+23,0.0,0.0,1.3936040501711995e+18,7.805,0.0,0,0,4,0,7300,-0.0,0,0.0,0.0,0.0,0.0,0.0,0,0,0,0,0.0,0,0,0,0,0,0,0,0,0,0,0,0,0,0,0,0,0,0,0,0,0,0,0,0,0,0,0,0,0,0,0,0,0,32,30,30,62,65476,0,300,0,0,8,21553,0.0,-107605600.0,0.0,0.0,0.0,0.0,0.0,0.0,0.0,0.0,0.0,0.0,0.0,0.0,0.0,0.0,0.0,0.0,0.0,0.0,0.0,0.0,2.004,-0.0,-0.0,-0.0,0.0,0.0,0.0,0.0,5436.0,564146705793024.0,6955.0,0.0,0.0,-107615280.0,0.0,0.0,0.0,0.0,0.0,63,-107615312.0,-71.63,0.0,0.0,0.0,0.0,0.0,0.0,0.0,0,0,0,0.0,0.0,0.0,0.0,0.0,0.0,0.0,0.0,0.0,0.0,0.0,0.0,0.0,0.0,0.0,0.0,0,-107875648.0,63,0.0,126,2.7184242562605685e+23,-109447136.0,ERR,ERR,ERR,ERR,ERR,ERR,ERR,ERR,ERR,ERR,ERR,ERR,ERR,ERR,ERR,ERR,ERR,ERR,ERR,ERR,ERR,ERR,ERR,ERR,ERR,ERR,ERR,ERR,ERR,ERR,ERR,ERR,ERR,ERR,ERR,ERR,ERR,ERR,ERR,ERR,ERR,ERR,ERR,ERR,ERR,ERR,ERR,ERR,ERR,ERR,ERR,ERR,ERR,ERR,ERR,ERR,ERR,ERR,ERR,ERR,ERR,ERR,ERR,ERR,ERR,ERR,ERR,34.0,80.0,35,0.0,0.0,0.0,0.0,0.0,0.0,0.0,0.0,0.0,0.0,0.0,0.0,0.0,0.0,0.0,0.0,64.4,0,117,56,50,65476,0,300,0,0,8,20529,65476,0,0,57672,80.0,0.0,0.0,0.0,0.0,0.0
2026-06-17T04:02:52,ERR,ERR,ERR,ERR,ERR,ERR,ERR,ERR,ERR,ERR,ERR,ERR,ERR,ERR,ERR,ERR,ERR,ERR,ERR,ERR,ERR,ERR,ERR,ERR,ERR,ERR,ERR,ERR,ERR,ERR,ERR,ERR,ERR,ERR,ERR,ERR,ERR,ERR,ERR,ERR,ERR,ERR,ERR,ERR,ERR,ERR,ERR,ERR,ERR,ERR,ERR,ERR,ERR,ERR,ERR,ERR,ERR,ERR,ERR,ERR,ERR,ERR,ERR,ERR,ERR,ERR,ERR,ERR,ERR,ERR,ERR,ERR,ERR,ERR,ERR,ERR,ERR,ERR,ERR,ERR,ERR,ERR,ERR,ERR,ERR,ERR,ERR,ERR,ERR,ERR,ERR,ERR,ERR,ERR,ERR,ERR,ERR,ERR,ERR,ERR,ERR,ERR,ERR,ERR,ERR,ERR,ERR,ERR,ERR,ERR,ERR,ERR,ERR,ERR,ERR,ERR,ERR,ERR,ERR,ERR,ERR,ERR,ERR,ERR,ERR,0.0,0.0,2.6474777903227054e+23,0.0,0.0,1.3936040501711995e+18,7.805,0.0,0,0,4,0,7300,-0.0,0,0.0,0.0,0.0,0.0,0.0,0,0,0,0,0.0,0,0,0,0,0,0,0,0,0,0,0,0,0,0,0,0,0,0,0,0,0,0,0,0,0,0,0,0,0,0,0,0,0,32,30,30,62,65476,0,300,0,0,8,21553,0.0,-107605600.0,0.0,0.0,0.0,0.0,0.0,0.0,0.0,0.0,0.0,0.0,0.0,0.0,0.0,0.0,0.0,0.0,0.0,0.0,0.0,0.0,2.004,-0.0,-0.0,-0.0,0.0,0.0,0.0,0.0,5436.0,564146705793024.0,6955.0,0.0,0.0,-107615280.0,0.0,0.0,0.0,0.0,0.0,63,-107615312.0,-71.63,0.0,0.0,0.0,0.0,0.0,0.0,0.0,0,0,0,0.0,0.0,0.0,0.0,0.0,0.0,0.0,0.0,0.0,0.0,0.0,0.0,0.0,0.0,0.0,0.0,0,-107875648.0,63,0.0,126,2.7184242562605685e+23,-109447136.0,ERR,ERR,ERR,ERR,ERR,ERR,ERR,ERR,ERR,ERR,ERR,ERR,ERR,ERR,ERR,ERR,ERR,ERR,ERR,ERR,ERR,ERR,ERR,ERR,ERR,ERR,ERR,ERR,ERR,ERR,ERR,ERR,ERR,ERR,ERR,ERR,ERR,ERR,ERR,ERR,ERR,ERR,ERR,ERR,ERR,ERR,ERR,ERR,ERR,ERR,ERR,ERR,ERR,ERR,ERR,ERR,ERR,ERR,ERR,ERR,ERR,ERR,ERR,ERR,ERR,ERR,ERR,34.0,80.0,35,0.0,0.0,0.0,0.0,0.0,0.0,0.0,0.0,0.0,0.0,0.0,0.0,0.0,0.0,0.0,0.0,64.4,0,117,56,50,65476,0,300,0,0,8,20529,65476,0,0,57672,80.0,0.0,0.0,0.0,0.0,0.0
2026-06-17T04:02:53,ERR,ERR,ERR,ERR,ERR,ERR,ERR,ERR,ERR,ERR,ERR,ERR,ERR,ERR,ERR,ERR,ERR,ERR,ERR,ERR,ERR,ERR,ERR,ERR,ERR,ERR,ERR,ERR,ERR,ERR,ERR,ERR,ERR,ERR,ERR,ERR,ERR,ERR,ERR,ERR,ERR,ERR,ERR,ERR,ERR,ERR,ERR,ERR,ERR,ERR,ERR,ERR,ERR,ERR,ERR,ERR,ERR,ERR,ERR,ERR,ERR,ERR,ERR,ERR,ERR,ERR,ERR,ERR,ERR,ERR,ERR,ERR,ERR,ERR,ERR,ERR,ERR,ERR,ERR,ERR,ERR,ERR,ERR,ERR,ERR,ERR,ERR,ERR,ERR,ERR,ERR,ERR,ERR,ERR,ERR,ERR,ERR,ERR,ERR,ERR,ERR,ERR,ERR,ERR,ERR,ERR,ERR,ERR,ERR,ERR,ERR,ERR,ERR,ERR,ERR,ERR,ERR,ERR,ERR,ERR,ERR,ERR,ERR,ERR,ERR,0.0,0.0,2.6474777903227054e+23,0.0,0.0,1.3936040501711995e+18,7.805,0.0,0,0,4,0,7300,-0.0,0,0.0,0.0,0.0,0.0,0.0,0,0,0,0,0.0,0,0,0,0,0,0,0,0,0,0,0,0,0,0,0,0,0,0,0,0,0,0,0,0,0,0,0,0,0,0,0,0,0,32,30,30,62,65476,0,300,0,0,8,21553,0.0,-107605600.0,0.0,0.0,0.0,0.0,0.0,0.0,0.0,0.0,0.0,0.0,0.0,0.0,0.0,0.0,0.0,0.0,0.0,0.0,0.0,0.0,2.004,-0.0,-0.0,-0.0,0.0,0.0,0.0,0.0,5436.0,564146705793024.0,6955.0,0.0,0.0,-107615280.0,0.0,0.0,0.0,0.0,0.0,63,-107615312.0,-71.63,0.0,0.0,0.0,0.0,0.0,0.0,0.0,0,0,0,0.0,0.0,0.0,0.0,0.0,0.0,0.0,0.0,0.0,0.0,0.0,0.0,0.0,0.0,0.0,0.0,0,-107875648.0,63,0.0,126,2.7184242562605685e+23,-109447136.0,ERR,ERR,ERR,ERR,ERR,ERR,ERR,ERR,ERR,ERR,ERR,ERR,ERR,ERR,ERR,ERR,ERR,ERR,ERR,ERR,ERR,ERR,ERR,ERR,ERR,ERR,ERR,ERR,ERR,ERR,ERR,ERR,ERR,ERR,ERR,ERR,ERR,ERR,ERR,ERR,ERR,ERR,ERR,ERR,ERR,ERR,ERR,ERR,ERR,ERR,ERR,ERR,ERR,ERR,ERR,ERR,ERR,ERR,ERR,ERR,ERR,ERR,ERR,ERR,ERR,ERR,ERR,34.0,80.0,35,0.0,0.0,0.0,0.0,0.0,0.0,0.0,0.0,0.0,0.0,0.0,0.0,0.0,0.0,0.0,0.0,64.4,0,117,56,50,65476,0,300,0,0,8,20529,65476,0,0,57672,80.0,0.0,0.0,0.0,0.0,0.0
2026-06-17T04:02:54,ERR,ERR,ERR,ERR,ERR,ERR,ERR,ERR,ERR,ERR,ERR,ERR,ERR,ERR,ERR,ERR,ERR,ERR,ERR,ERR,ERR,ERR,ERR,ERR,ERR,ERR,ERR,ERR,ERR,ERR,ERR,ERR,ERR,ERR,ERR,ERR,ERR,ERR,ERR,ERR,ERR,ERR,ERR,ERR,ERR,ERR,ERR,ERR,ERR,ERR,ERR,ERR,ERR,ERR,ERR,ERR,ERR,ERR,ERR,ERR,ERR,ERR,ERR,ERR,ERR,ERR,ERR,ERR,ERR,ERR,ERR,ERR,ERR,ERR,ERR,ERR,ERR,ERR,ERR,ERR,ERR,ERR,ERR,ERR,ERR,ERR,ERR,ERR,ERR,ERR,ERR,ERR,ERR,ERR,ERR,ERR,ERR,ERR,ERR,ERR,ERR,ERR,ERR,ERR,ERR,ERR,ERR,ERR,ERR,ERR,ERR,ERR,ERR,ERR,ERR,ERR,ERR,ERR,ERR,ERR,ERR,ERR,ERR,ERR,ERR,0.0,0.0,2.6474777903227054e+23,0.0,0.0,1.3936040501711995e+18,7.805,0.0,0,0,4,0,7300,-0.0,0,0.0,0.0,0.0,0.0,0.0,0,0,0,0,0.0,0,0,0,0,0,0,0,0,0,0,0,0,0,0,0,0,0,0,0,0,0,0,0,0,0,0,0,0,0,0,0,0,0,32,30,30,62,65476,0,300,0,0,8,21553,0.0,-107605600.0,0.0,0.0,0.0,0.0,0.0,0.0,0.0,0.0,0.0,0.0,0.0,0.0,0.0,0.0,0.0,0.0,0.0,0.0,0.0,0.0,2.004,-0.0,-0.0,-0.0,0.0,0.0,0.0,0.0,5436.0,564146705793024.0,6955.0,0.0,0.0,-107615280.0,0.0,0.0,0.0,0.0,0.0,63,-107615312.0,-71.63,0.0,0.0,0.0,0.0,0.0,0.0,0.0,0,0,0,0.0,0.0,0.0,0.0,0.0,0.0,0.0,0.0,0.0,0.0,0.0,0.0,0.0,0.0,0.0,0.0,0,-107875648.0,63,0.0,126,2.7184242562605685e+23,-109447136.0,ERR,ERR,ERR,ERR,ERR,ERR,ERR,ERR,ERR,ERR,ERR,ERR,ERR,ERR,ERR,ERR,ERR,ERR,ERR,ERR,ERR,ERR,ERR,ERR,ERR,ERR,ERR,ERR,ERR,ERR,ERR,ERR,ERR,ERR,ERR,ERR,ERR,ERR,ERR,ERR,ERR,ERR,ERR,ERR,ERR,ERR,ERR,ERR,ERR,ERR,ERR,ERR,ERR,ERR,ERR,ERR,ERR,ERR,ERR,ERR,ERR,ERR,ERR,ERR,ERR,ERR,ERR,34.0,80.0,35,0.0,0.0,0.0,0.0,0.0,0.0,0.0,0.0,0.0,0.0,0.0,0.0,0.0,0.0,0.0,0.0,64.4,0,117,56,50,65476,0,300,0,0,8,20529,65476,0,0,57672,80.0,0.0,0.0,0.0,0.0,0.0
2026-06-17T04:02:55,ERR,ERR,ERR,ERR,ERR,ERR,ERR,ERR,ERR,ERR,ERR,ERR,ERR,ERR,ERR,ERR,ERR,ERR,ERR,ERR,ERR,ERR,ERR,ERR,ERR,ERR,ERR,ERR,ERR,ERR,ERR,ERR,ERR,ERR,ERR,ERR,ERR,ERR,ERR,ERR,ERR,ERR,ERR,ERR,ERR,ERR,ERR,ERR,ERR,ERR,ERR,ERR,ERR,ERR,ERR,ERR,ERR,ERR,ERR,ERR,ERR,ERR,ERR,ERR,ERR,ERR,ERR,ERR,ERR,ERR,ERR,ERR,ERR,ERR,ERR,ERR,ERR,ERR,ERR,ERR,ERR,ERR,ERR,ERR,ERR,ERR,ERR,ERR,ERR,ERR,ERR,ERR,ERR,ERR,ERR,ERR,ERR,ERR,ERR,ERR,ERR,ERR,ERR,ERR,ERR,ERR,ERR,ERR,ERR,ERR,ERR,ERR,ERR,ERR,ERR,ERR,ERR,ERR,ERR,ERR,ERR,ERR,ERR,ERR,ERR,0.0,0.0,2.6474777903227054e+23,0.0,0.0,1.3936040501711995e+18,7.805,0.0,0,0,4,0,7300,-0.0,0,0.0,0.0,0.0,0.0,0.0,0,0,0,0,0.0,0,0,0,0,0,0,0,0,0,0,0,0,0,0,0,0,0,0,0,0,0,0,0,0,0,0,0,0,0,0,0,0,0,32,30,30,62,65476,0,300,0,0,8,21553,0.0,-107605600.0,0.0,0.0,0.0,0.0,0.0,0.0,0.0,0.0,0.0,0.0,0.0,0.0,0.0,0.0,0.0,0.0,0.0,0.0,0.0,0.0,2.004,-0.0,-0.0,-0.0,0.0,0.0,0.0,0.0,5436.0,564146705793024.0,6955.0,0.0,0.0,-107615280.0,0.0,0.0,0.0,0.0,0.0,63,-107615312.0,-71.63,0.0,0.0,0.0,0.0,0.0,0.0,0.0,0,0,0,0.0,0.0,0.0,0.0,0.0,0.0,0.0,0.0,0.0,0.0,0.0,0.0,0.0,0.0,0.0,0.0,0,-107875648.0,63,0.0,126,2.7184242562605685e+23,-109447136.0,ERR,ERR,ERR,ERR,ERR,ERR,ERR,ERR,ERR,ERR,ERR,ERR,ERR,ERR,ERR,ERR,ERR,ERR,ERR,ERR,ERR,ERR,ERR,ERR,ERR,ERR,ERR,ERR,ERR,ERR,ERR,ERR,ERR,ERR,ERR,ERR,ERR,ERR,ERR,ERR,ERR,ERR,ERR,ERR,ERR,ERR,ERR,ERR,ERR,ERR,ERR,ERR,ERR,ERR,ERR,ERR,ERR,ERR,ERR,ERR,ERR,ERR,ERR,ERR,ERR,ERR,ERR,34.0,80.0,35,0.0,0.0,0.0,0.0,0.0,0.0,0.0,0.0,0.0,0.0,0.0,0.0,0.0,0.0,0.0,0.0,64.4,0,117,56,50,65476,0,300,0,0,8,20529,65476,0,0,57672,80.0,0.0,0.0,0.0,0.0,0.0
2026-06-17T04:02:56,ERR,ERR,ERR,ERR,ERR,ERR,ERR,ERR,ERR,ERR,ERR,ERR,ERR,ERR,ERR,ERR,ERR,ERR,ERR,ERR,ERR,ERR,ERR,ERR,ERR,ERR,ERR,ERR,ERR,ERR,ERR,ERR,ERR,ERR,ERR,ERR,ERR,ERR,ERR,ERR,ERR,ERR,ERR,ERR,ERR,ERR,ERR,ERR,ERR,ERR,ERR,ERR,ERR,ERR,ERR,ERR,ERR,ERR,ERR,ERR,ERR,ERR,ERR,ERR,ERR,ERR,ERR,ERR,ERR,ERR,ERR,ERR,ERR,ERR,ERR,ERR,ERR,ERR,ERR,ERR,ERR,ERR,ERR,ERR,ERR,ERR,ERR,ERR,ERR,ERR,ERR,ERR,ERR,ERR,ERR,ERR,ERR,ERR,ERR,ERR,ERR,ERR,ERR,ERR,ERR,ERR,ERR,ERR,ERR,ERR,ERR,ERR,ERR,ERR,ERR,ERR,ERR,ERR,ERR,ERR,ERR,ERR,ERR,ERR,ERR,0.0,0.0,2.6474777903227054e+23,0.0,0.0,1.3936040501711995e+18,7.805,0.0,0,0,4,0,7300,-0.0,0,0.0,0.0,0.0,0.0,0.0,0,0,0,0,0.0,0,0,0,0,0,0,0,0,0,0,0,0,0,0,0,0,0,0,0,0,0,0,0,0,0,0,0,0,0,0,0,0,0,32,30,30,62,65476,0,300,0,0,8,21553,0.0,-107605600.0,0.0,0.0,0.0,0.0,0.0,0.0,0.0,0.0,0.0,0.0,0.0,0.0,0.0,0.0,0.0,0.0,0.0,0.0,0.0,0.0,2.004,-0.0,-0.0,-0.0,0.0,0.0,0.0,0.0,5437.0,-3.697191851085162e+19,6972.0,0.0,0.0,-107615280.0,0.0,0.0,0.0,0.0,0.0,63,-126841077760.0,4.0668600804329706e+29,0.0,0.0,0.0,0.0,0.0,0.0,0.0,0,0,0,0.0,0.0,0.0,0.0,0.0,0.0,0.0,0.0,0.0,0.0,0.0,0.0,0.0,0.0,0.0,0.0,0,-107875648.0,63,0.0,126,2.7184242562605685e+23,-0.0,ERR,ERR,ERR,ERR,ERR,ERR,ERR,ERR,ERR,ERR,ERR,ERR,ERR,ERR,ERR,ERR,ERR,ERR,ERR,ERR,ERR,ERR,ERR,ERR,ERR,ERR,ERR,ERR,ERR,ERR,ERR,ERR,ERR,ERR,ERR,ERR,ERR,ERR,ERR,ERR,ERR,ERR,ERR,ERR,ERR,ERR,ERR,ERR,ERR,ERR,ERR,ERR,ERR,ERR,ERR,ERR,ERR,ERR,ERR,ERR,ERR,ERR,ERR,ERR,ERR,ERR,ERR,34.0,80.0,35,0.0,0.0,0.0,0.0,0.0,0.0,0.0,0.0,0.0,0.0,0.0,0.0,0.0,0.0,0.0,0.0,64.4,0,117,56,50,65476,0,300,0,0,8,20529,65476,0,0,57672,80.0,0.0,0.0,0.0,0.0,0.0
2026-06-17T04:02:57,ERR,ERR,ERR,ERR,ERR,ERR,ERR,ERR,ERR,ERR,ERR,ERR,ERR,ERR,ERR,ERR,ERR,ERR,ERR,ERR,ERR,ERR,ERR,ERR,ERR,ERR,ERR,ERR,ERR,ERR,ERR,ERR,ERR,ERR,ERR,ERR,ERR,ERR,ERR,ERR,ERR,ERR,ERR,ERR,ERR,ERR,ERR,ERR,ERR,ERR,ERR,ERR,ERR,ERR,ERR,ERR,ERR,ERR,ERR,ERR,ERR,ERR,ERR,ERR,ERR,ERR,ERR,ERR,ERR,ERR,ERR,ERR,ERR,ERR,ERR,ERR,ERR,ERR,ERR,ERR,ERR,ERR,ERR,ERR,ERR,ERR,ERR,ERR,ERR,ERR,ERR,ERR,ERR,ERR,ERR,ERR,ERR,ERR,ERR,ERR,ERR,ERR,ERR,ERR,ERR,ERR,ERR,ERR,ERR,ERR,ERR,ERR,ERR,ERR,ERR,ERR,ERR,ERR,ERR,ERR,ERR,ERR,ERR,ERR,ERR,0.0,0.0,2.6474777903227054e+23,0.0,0.0,1.3936040501711995e+18,7.805,0.0,0,0,4,0,7300,-0.0,0,0.0,0.0,0.0,0.0,0.0,0,0,0,0,0.0,0,0,0,0,0,0,0,0,0,0,0,0,0,0,0,0,0,0,0,0,0,0,0,0,0,0,0,0,0,0,0,0,0,32,30,30,62,65476,0,300,0,0,8,21553,0.0,-107605600.0,0.0,0.0,0.0,0.0,0.0,0.0,0.0,0.0,0.0,0.0,0.0,0.0,0.0,0.0,0.0,0.0,0.0,0.0,0.0,0.0,2.004,-0.0,-0.0,-0.0,0.0,0.0,0.0,0.0,5437.0,-3.697191851085162e+19,6972.0,0.0,0.0,-107615280.0,0.0,0.0,0.0,0.0,0.0,63,-126841077760.0,4.0668600804329706e+29,0.0,0.0,0.0,0.0,0.0,0.0,0.0,0,0,0,0.0,0.0,0.0,0.0,0.0,0.0,0.0,0.0,0.0,0.0,0.0,0.0,0.0,0.0,0.0,0.0,0,-107875648.0,63,0.0,126,2.7184242562605685e+23,-0.0,ERR,ERR,ERR,ERR,ERR,ERR,ERR,ERR,ERR,ERR,ERR,ERR,ERR,ERR,ERR,ERR,ERR,ERR,ERR,ERR,ERR,ERR,ERR,ERR,ERR,ERR,ERR,ERR,ERR,ERR,ERR,ERR,ERR,ERR,ERR,ERR,ERR,ERR,ERR,ERR,ERR,ERR,ERR,ERR,ERR,ERR,ERR,ERR,ERR,ERR,ERR,ERR,ERR,ERR,ERR,ERR,ERR,ERR,ERR,ERR,ERR,ERR,ERR,ERR,ERR,ERR,ERR,34.0,80.0,35,0.0,0.0,0.0,0.0,0.0,0.0,0.0,0.0,0.0,0.0,0.0,0.0,0.0,0.0,0.0,0.0,64.4,0,117,56,50,65476,0,300,0,0,8,20529,65476,0,0,57672,80.0,0.0,0.0,0.0,0.0,0.0
2026-06-17T04:02:58,ERR,ERR,ERR,ERR,ERR,ERR,ERR,ERR,ERR,ERR,ERR,ERR,ERR,ERR,ERR,ERR,ERR,ERR,ERR,ERR,ERR,ERR,ERR,ERR,ERR,ERR,ERR,ERR,ERR,ERR,ERR,ERR,ERR,ERR,ERR,ERR,ERR,ERR,ERR,ERR,ERR,ERR,ERR,ERR,ERR,ERR,ERR,ERR,ERR,ERR,ERR,ERR,ERR,ERR,ERR,ERR,ERR,ERR,ERR,ERR,ERR,ERR,ERR,ERR,ERR,ERR,ERR,ERR,ERR,ERR,ERR,ERR,ERR,ERR,ERR,ERR,ERR,ERR,ERR,ERR,ERR,ERR,ERR,ERR,ERR,ERR,ERR,ERR,ERR,ERR,ERR,ERR,ERR,ERR,ERR,ERR,ERR,ERR,ERR,ERR,ERR,ERR,ERR,ERR,ERR,ERR,ERR,ERR,ERR,ERR,ERR,ERR,ERR,ERR,ERR,ERR,ERR,ERR,ERR,ERR,ERR,ERR,ERR,ERR,ERR,0.0,0.0,2.6474777903227054e+23,0.0,0.0,1.3936040501711995e+18,7.805,0.0,0,0,4,0,7300,-0.0,0,0.0,0.0,0.0,0.0,0.0,0,0,0,0,0.0,0,0,0,0,0,0,0,0,0,0,0,0,0,0,0,0,0,0,0,0,0,0,0,0,0,0,0,0,0,0,0,0,0,32,30,30,62,65476,0,300,0,0,8,21553,0.0,-107605600.0,0.0,0.0,0.0,0.0,0.0,0.0,0.0,0.0,0.0,0.0,0.0,0.0,0.0,0.0,0.0,0.0,0.0,0.0,0.0,0.0,2.004,-0.0,-0.0,-0.0,0.0,0.0,0.0,0.0,5437.0,-3.697191851085162e+19,6972.0,0.0,0.0,-107615280.0,0.0,0.0,0.0,0.0,0.0,63,-126841077760.0,4.0668600804329706e+29,0.0,0.0,0.0,0.0,0.0,0.0,0.0,0,0,0,0.0,0.0,0.0,0.0,0.0,0.0,0.0,0.0,0.0,0.0,0.0,0.0,0.0,0.0,0.0,0.0,0,-107875648.0,63,0.0,126,2.7184242562605685e+23,-0.0,ERR,ERR,ERR,ERR,ERR,ERR,ERR,ERR,ERR,ERR,ERR,ERR,ERR,ERR,ERR,ERR,ERR,ERR,ERR,ERR,ERR,ERR,ERR,ERR,ERR,ERR,ERR,ERR,ERR,ERR,ERR,ERR,ERR,ERR,ERR,ERR,ERR,ERR,ERR,ERR,ERR,ERR,ERR,ERR,ERR,ERR,ERR,ERR,ERR,ERR,ERR,ERR,ERR,ERR,ERR,ERR,ERR,ERR,ERR,ERR,ERR,ERR,ERR,ERR,ERR,ERR,ERR,34.0,80.0,35,0.0,0.0,0.0,0.0,0.0,0.0,0.0,0.0,0.0,0.0,0.0,0.0,0.0,0.0,0.0,0.0,64.4,0,117,56,50,65476,0,300,0,0,8,20529,65476,0,0,57672,80.0,0.0,0.0,0.0,0.0,0.0
2026-06-17T04:02:59,ERR,ERR,ERR,ERR,ERR,ERR,ERR,ERR,ERR,ERR,ERR,ERR,ERR,ERR,ERR,ERR,ERR,ERR,ERR,ERR,ERR,ERR,ERR,ERR,ERR,ERR,ERR,ERR,ERR,ERR,ERR,ERR,ERR,ERR,ERR,ERR,ERR,ERR,ERR,ERR,ERR,ERR,ERR,ERR,ERR,ERR,ERR,ERR,ERR,ERR,ERR,ERR,ERR,ERR,ERR,ERR,ERR,ERR,ERR,ERR,ERR,ERR,ERR,ERR,ERR,ERR,ERR,ERR,ERR,ERR,ERR,ERR,ERR,ERR,ERR,ERR,ERR,ERR,ERR,ERR,ERR,ERR,ERR,ERR,ERR,ERR,ERR,ERR,ERR,ERR,ERR,ERR,ERR,ERR,ERR,ERR,ERR,ERR,ERR,ERR,ERR,ERR,ERR,ERR,ERR,ERR,ERR,ERR,ERR,ERR,ERR,ERR,ERR,ERR,ERR,ERR,ERR,ERR,ERR,ERR,ERR,ERR,ERR,ERR,ERR,0.0,0.0,2.6474777903227054e+23,0.0,0.0,1.3936040501711995e+18,7.805,0.0,0,0,4,0,7300,-0.0,0,0.0,0.0,0.0,0.0,0.0,0,0,0,0,0.0,0,0,0,0,0,0,0,0,0,0,0,0,0,0,0,0,0,0,0,0,0,0,0,0,0,0,0,0,0,0,0,0,0,32,30,30,62,65476,0,300,0,0,8,21553,0.0,-107605600.0,0.0,0.0,0.0,0.0,0.0,0.0,0.0,0.0,0.0,0.0,0.0,0.0,0.0,0.0,0.0,0.0,0.0,0.0,0.0,0.0,2.004,-0.0,-0.0,-0.0,0.0,0.0,0.0,0.0,5437.0,-3.697191851085162e+19,6972.0,0.0,0.0,-107615280.0,0.0,0.0,0.0,0.0,0.0,63,-126841077760.0,4.0668600804329706e+29,0.0,0.0,0.0,0.0,0.0,0.0,0.0,0,0,0,0.0,0.0,0.0,0.0,0.0,0.0,0.0,0.0,0.0,0.0,0.0,0.0,0.0,0.0,0.0,0.0,0,-107875648.0,63,0.0,126,2.7184242562605685e+23,-0.0,ERR,ERR,ERR,ERR,ERR,ERR,ERR,ERR,ERR,ERR,ERR,ERR,ERR,ERR,ERR,ERR,ERR,ERR,ERR,ERR,ERR,ERR,ERR,ERR,ERR,ERR,ERR,ERR,ERR,ERR,ERR,ERR,ERR,ERR,ERR,ERR,ERR,ERR,ERR,ERR,ERR,ERR,ERR,ERR,ERR,ERR,ERR,ERR,ERR,ERR,ERR,ERR,ERR,ERR,ERR,ERR,ERR,ERR,ERR,ERR,ERR,ERR,ERR,ERR,ERR,ERR,ERR,34.0,80.0,35,0.0,0.0,0.0,0.0,0.0,0.0,0.0,0.0,0.0,0.0,0.0,0.0,0.0,0.0,0.0,0.0,64.4,0,117,56,50,65476,0,300,0,0,8,20529,65476,0,0,57672,80.0,0.0,0.0,0.0,0.0,0.0
2026-06-17T04:03:00,ERR,ERR,ERR,ERR,ERR,ERR,ERR,ERR,ERR,ERR,ERR,ERR,ERR,ERR,ERR,ERR,ERR,ERR,ERR,ERR,ERR,ERR,ERR,ERR,ERR,ERR,ERR,ERR,ERR,ERR,ERR,ERR,ERR,ERR,ERR,ERR,ERR,ERR,ERR,ERR,ERR,ERR,ERR,ERR,ERR,ERR,ERR,ERR,ERR,ERR,ERR,ERR,ERR,ERR,ERR,ERR,ERR,ERR,ERR,ERR,ERR,ERR,ERR,ERR,ERR,ERR,ERR,ERR,ERR,ERR,ERR,ERR,ERR,ERR,ERR,ERR,ERR,ERR,ERR,ERR,ERR,ERR,ERR,ERR,ERR,ERR,ERR,ERR,ERR,ERR,ERR,ERR,ERR,ERR,ERR,ERR,ERR,ERR,ERR,ERR,ERR,ERR,ERR,ERR,ERR,ERR,ERR,ERR,ERR,ERR,ERR,ERR,ERR,ERR,ERR,ERR,ERR,ERR,ERR,ERR,ERR,ERR,ERR,ERR,ERR,0.0,0.0,2.6474777903227054e+23,0.0,0.0,1.3936040501711995e+18,7.805,0.0,0,0,4,0,7300,-0.0,0,0.0,0.0,0.0,0.0,0.0,0,0,0,0,0.0,0,0,0,0,0,0,0,0,0,0,0,0,0,0,0,0,0,0,0,0,0,0,0,0,0,0,0,0,0,0,0,0,0,32,30,30,62,65476,0,300,0,0,8,21553,0.0,-107605600.0,0.0,0.0,0.0,0.0,0.0,0.0,0.0,0.0,0.0,0.0,0.0,0.0,0.0,0.0,0.0,0.0,0.0,0.0,0.0,0.0,2.004,-0.0,-0.0,-0.0,0.0,0.0,0.0,0.0,5437.0,-3.697191851085162e+19,6972.0,0.0,0.0,-107615280.0,0.0,0.0,0.0,0.0,0.0,63,-126841077760.0,4.0668600804329706e+29,0.0,0.0,0.0,0.0,0.0,0.0,0.0,0,0,0,0.0,0.0,0.0,0.0,0.0,0.0,0.0,0.0,0.0,0.0,0.0,0.0,0.0,0.0,0.0,0.0,0,-107875648.0,63,0.0,126,2.7184242562605685e+23,-0.0,ERR,ERR,ERR,ERR,ERR,ERR,ERR,ERR,ERR,ERR,ERR,ERR,ERR,ERR,ERR,ERR,ERR,ERR,ERR,ERR,ERR,ERR,ERR,ERR,ERR,ERR,ERR,ERR,ERR,ERR,ERR,ERR,ERR,ERR,ERR,ERR,ERR,ERR,ERR,ERR,ERR,ERR,ERR,ERR,ERR,ERR,ERR,ERR,ERR,ERR,ERR,ERR,ERR,ERR,ERR,ERR,ERR,ERR,ERR,ERR,ERR,ERR,ERR,ERR,ERR,ERR,ERR,34.0,80.0,35,0.0,0.0,0.0,0.0,0.0,0.0,0.0,0.0,0.0,0.0,0.0,0.0,0.0,0.0,0.0,0.0,64.4,0,117,56,50,65476,0,300,0,0,8,20529,65476,0,0,57672,80.0,0.0,0.0,0.0,0.0,0.0
2026-06-17T04:03:01,ERR,ERR,ERR,ERR,ERR,ERR,ERR,ERR,ERR,ERR,ERR,ERR,ERR,ERR,ERR,ERR,ERR,ERR,ERR,ERR,ERR,ERR,ERR,ERR,ERR,ERR,ERR,ERR,ERR,ERR,ERR,ERR,ERR,ERR,ERR,ERR,ERR,ERR,ERR,ERR,ERR,ERR,ERR,ERR,ERR,ERR,ERR,ERR,ERR,ERR,ERR,ERR,ERR,ERR,ERR,ERR,ERR,ERR,ERR,ERR,ERR,ERR,ERR,ERR,ERR,ERR,ERR,ERR,ERR,ERR,ERR,ERR,ERR,ERR,ERR,ERR,ERR,ERR,ERR,ERR,ERR,ERR,ERR,ERR,ERR,ERR,ERR,ERR,ERR,ERR,ERR,ERR,ERR,ERR,ERR,ERR,ERR,ERR,ERR,ERR,ERR,ERR,ERR,ERR,ERR,ERR,ERR,ERR,ERR,ERR,ERR,ERR,ERR,ERR,ERR,ERR,ERR,ERR,ERR,ERR,ERR,ERR,ERR,ERR,ERR,0.0,0.0,2.6474777903227054e+23,0.0,0.0,1.3936040501711995e+18,7.805,0.0,0,0,4,0,7300,-0.0,0,0.0,0.0,0.0,0.0,0.0,0,0,0,0,0.0,0,0,0,0,0,0,0,0,0,0,0,0,0,0,0,0,0,0,0,0,0,0,0,0,0,0,0,0,0,0,0,0,0,32,30,30,62,65476,0,300,0,0,8,21553,0.0,-107605600.0,0.0,0.0,0.0,0.0,0.0,0.0,0.0,0.0,0.0,0.0,0.0,0.0,0.0,0.0,0.0,0.0,0.0,0.0,0.0,0.0,2.004,-0.0,-0.0,-0.0,0.0,0.0,0.0,0.0,5437.0,-3.697191851085162e+19,6972.0,0.0,0.0,-107615280.0,0.0,0.0,0.0,0.0,0.0,63,-126841077760.0,4.0668600804329706e+29,0.0,0.0,0.0,0.0,0.0,0.0,0.0,0,0,0,0.0,0.0,0.0,0.0,0.0,0.0,0.0,0.0,0.0,0.0,0.0,0.0,0.0,0.0,0.0,0.0,0,-107875648.0,63,0.0,126,2.7184242562605685e+23,-0.0,ERR,ERR,ERR,ERR,ERR,ERR,ERR,ERR,ERR,ERR,ERR,ERR,ERR,ERR,ERR,ERR,ERR,ERR,ERR,ERR,ERR,ERR,ERR,ERR,ERR,ERR,ERR,ERR,ERR,ERR,ERR,ERR,ERR,ERR,ERR,ERR,ERR,ERR,ERR,ERR,ERR,ERR,ERR,ERR,ERR,ERR,ERR,ERR,ERR,ERR,ERR,ERR,ERR,ERR,ERR,ERR,ERR,ERR,ERR,ERR,ERR,ERR,ERR,ERR,ERR,ERR,ERR,34.0,80.0,35,0.0,0.0,0.0,0.0,0.0,0.0,0.0,0.0,0.0,0.0,0.0,0.0,0.0,0.0,0.0,0.0,64.8,0,117,56,50,65476,0,300,0,0,8,20529,65476,0,0,57672,80.0,0.0,0.0,0.0,0.0,0.0
2026-06-17T04:03:02,ERR,ERR,ERR,ERR,ERR,ERR,ERR,ERR,ERR,ERR,ERR,ERR,ERR,ERR,ERR,ERR,ERR,ERR,ERR,ERR,ERR,ERR,ERR,ERR,ERR,ERR,ERR,ERR,ERR,ERR,ERR,ERR,ERR,ERR,ERR,ERR,ERR,ERR,ERR,ERR,ERR,ERR,ERR,ERR,ERR,ERR,ERR,ERR,ERR,ERR,ERR,ERR,ERR,ERR,ERR,ERR,ERR,ERR,ERR,ERR,ERR,ERR,ERR,ERR,ERR,ERR,ERR,ERR,ERR,ERR,ERR,ERR,ERR,ERR,ERR,ERR,ERR,ERR,ERR,ERR,ERR,ERR,ERR,ERR,ERR,ERR,ERR,ERR,ERR,ERR,ERR,ERR,ERR,ERR,ERR,ERR,ERR,ERR,ERR,ERR,ERR,ERR,ERR,ERR,ERR,ERR,ERR,ERR,ERR,ERR,ERR,ERR,ERR,ERR,ERR,ERR,ERR,ERR,ERR,ERR,ERR,ERR,ERR,ERR,ERR,0.0,0.0,2.6474777903227054e+23,0.0,0.0,1.3936040501711995e+18,7.805,0.0,0,0,4,0,7300,-0.0,0,0.0,0.0,0.0,0.0,0.0,0,0,0,0,0.0,0,0,0,0,0,0,0,0,0,0,0,0,0,0,0,0,0,0,0,0,0,0,0,0,0,0,0,0,0,0,0,0,0,32,30,30,62,65476,0,300,0,0,8,21553,0.0,-107605600.0,0.0,0.0,0.0,0.0,0.0,0.0,0.0,0.0,0.0,0.0,0.0,0.0,0.0,0.0,0.0,0.0,0.0,0.0,0.0,0.0,2.004,-0.0,-0.0,2.004,0.0,0.0,0.0,0.0,5467.0,8608196608.0,6954.0,0.0,0.0,-107615280.0,0.0,0.0,0.0,0.0,0.0,63,-89221.078,0.0,0.0,0.0,0.0,0.0,0.0,0.0,0.0,0,0,0,0.0,0.0,0.0,0.0,0.0,0.0,0.0,0.0,0.0,0.0,0.0,0.0,0.0,0.0,0.0,0.0,0,-107875648.0,63,0.0,126,2.7184242562605685e+23,-0.0,ERR,ERR,ERR,ERR,ERR,ERR,ERR,ERR,ERR,ERR,ERR,ERR,ERR,ERR,ERR,ERR,ERR,ERR,ERR,ERR,ERR,ERR,ERR,ERR,ERR,ERR,ERR,ERR,ERR,ERR,ERR,ERR,ERR,ERR,ERR,ERR,ERR,ERR,ERR,ERR,ERR,ERR,ERR,ERR,ERR,ERR,ERR,ERR,ERR,ERR,ERR,ERR,ERR,ERR,ERR,ERR,ERR,ERR,ERR,ERR,ERR,ERR,ERR,ERR,ERR,ERR,ERR,34.0,80.0,35,0.0,0.0,0.0,0.0,0.0,0.0,0.0,0.0,0.0,0.0,0.0,0.0,0.0,0.0,0.0,0.0,64.8,0,117,56,50,65476,0,300,0,0,8,20529,65476,0,0,57672,80.0,0.0,0.0,0.0,0.0,0.0
2026-06-17T04:03:03,ERR,ERR,ERR,ERR,ERR,ERR,ERR,ERR,ERR,ERR,ERR,ERR,ERR,ERR,ERR,ERR,ERR,ERR,ERR,ERR,ERR,ERR,ERR,ERR,ERR,ERR,ERR,ERR,ERR,ERR,ERR,ERR,ERR,ERR,ERR,ERR,ERR,ERR,ERR,ERR,ERR,ERR,ERR,ERR,ERR,ERR,ERR,ERR,ERR,ERR,ERR,ERR,ERR,ERR,ERR,ERR,ERR,ERR,ERR,ERR,ERR,ERR,ERR,ERR,ERR,ERR,ERR,ERR,ERR,ERR,ERR,ERR,ERR,ERR,ERR,ERR,ERR,ERR,ERR,ERR,ERR,ERR,ERR,ERR,ERR,ERR,ERR,ERR,ERR,ERR,ERR,ERR,ERR,ERR,ERR,ERR,ERR,ERR,ERR,ERR,ERR,ERR,ERR,ERR,ERR,ERR,ERR,ERR,ERR,ERR,ERR,ERR,ERR,ERR,ERR,ERR,ERR,ERR,ERR,ERR,ERR,ERR,ERR,ERR,ERR,0.0,0.0,2.6474777903227054e+23,0.0,0.0,1.3936040501711995e+18,7.805,0.0,0,0,4,0,7300,-0.0,0,0.0,0.0,0.0,0.0,0.0,0,0,0,0,0.0,0,0,0,0,0,0,0,0,0,0,0,0,0,0,0,0,0,0,0,0,0,0,0,0,0,0,0,0,0,0,0,0,0,32,30,30,62,65476,0,300,0,0,8,21553,0.0,-107605600.0,0.0,0.0,0.0,0.0,0.0,0.0,0.0,0.0,0.0,0.0,0.0,0.0,0.0,0.0,0.0,0.0,0.0,0.0,0.0,0.0,2.004,-0.0,-0.0,2.004,0.0,0.0,0.0,0.0,5467.0,8608196608.0,6954.0,0.0,0.0,-107615280.0,0.0,0.0,0.0,0.0,0.0,63,-89221.078,0.0,0.0,0.0,0.0,0.0,0.0,0.0,0.0,0,0,0,0.0,0.0,0.0,0.0,0.0,0.0,0.0,0.0,0.0,0.0,0.0,0.0,0.0,0.0,0.0,0.0,0,-107875648.0,63,0.0,126,2.7184242562605685e+23,-0.0,ERR,ERR,ERR,ERR,ERR,ERR,ERR,ERR,ERR,ERR,ERR,ERR,ERR,ERR,ERR,ERR,ERR,ERR,ERR,ERR,ERR,ERR,ERR,ERR,ERR,ERR,ERR,ERR,ERR,ERR,ERR,ERR,ERR,ERR,ERR,ERR,ERR,ERR,ERR,ERR,ERR,ERR,ERR,ERR,ERR,ERR,ERR,ERR,ERR,ERR,ERR,ERR,ERR,ERR,ERR,ERR,ERR,ERR,ERR,ERR,ERR,ERR,ERR,ERR,ERR,ERR,ERR,34.0,80.0,35,0.0,0.0,0.0,0.0,0.0,0.0,0.0,0.0,0.0,0.0,0.0,0.0,0.0,0.0,0.0,0.0,64.4,0,117,56,50,65476,0,300,0,0,8,20529,65476,0,0,57672,80.0,0.0,0.0,0.0,0.0,0.0
2026-06-17T04:03:04,ERR,ERR,ERR,ERR,ERR,ERR,ERR,ERR,ERR,ERR,ERR,ERR,ERR,ERR,ERR,ERR,ERR,ERR,ERR,ERR,ERR,ERR,ERR,ERR,ERR,ERR,ERR,ERR,ERR,ERR,ERR,ERR,ERR,ERR,ERR,ERR,ERR,ERR,ERR,ERR,ERR,ERR,ERR,ERR,ERR,ERR,ERR,ERR,ERR,ERR,ERR,ERR,ERR,ERR,ERR,ERR,ERR,ERR,ERR,ERR,ERR,ERR,ERR,ERR,ERR,ERR,ERR,ERR,ERR,ERR,ERR,ERR,ERR,ERR,ERR,ERR,ERR,ERR,ERR,ERR,ERR,ERR,ERR,ERR,ERR,ERR,ERR,ERR,ERR,ERR,ERR,ERR,ERR,ERR,ERR,ERR,ERR,ERR,ERR,ERR,ERR,ERR,ERR,ERR,ERR,ERR,ERR,ERR,ERR,ERR,ERR,ERR,ERR,ERR,ERR,ERR,ERR,ERR,ERR,ERR,ERR,ERR,ERR,ERR,ERR,0.0,0.0,2.6474777903227054e+23,0.0,0.0,1.3936040501711995e+18,7.805,0.0,0,0,4,0,7300,-0.0,0,0.0,0.0,0.0,0.0,0.0,0,0,0,0,0.0,0,0,0,0,0,0,0,0,0,0,0,0,0,0,0,0,0,0,0,0,0,0,0,0,0,0,0,0,0,0,0,0,0,32,30,30,62,65476,0,300,0,0,8,21553,0.0,-107605600.0,0.0,0.0,0.0,0.0,0.0,0.0,0.0,0.0,0.0,0.0,0.0,0.0,0.0,0.0,0.0,0.0,0.0,0.0,0.0,0.0,2.004,-0.0,-0.0,2.004,0.0,0.0,0.0,0.0,5467.0,8608196608.0,6954.0,0.0,0.0,-107615280.0,0.0,0.0,0.0,0.0,0.0,63,-89221.078,0.0,0.0,0.0,0.0,0.0,0.0,0.0,0.0,0,0,0,0.0,0.0,0.0,0.0,0.0,0.0,0.0,0.0,0.0,0.0,0.0,0.0,0.0,0.0,0.0,0.0,0,-107875648.0,63,0.0,126,2.7184242562605685e+23,-0.0,ERR,ERR,ERR,ERR,ERR,ERR,ERR,ERR,ERR,ERR,ERR,ERR,ERR,ERR,ERR,ERR,ERR,ERR,ERR,ERR,ERR,ERR,ERR,ERR,ERR,ERR,ERR,ERR,ERR,ERR,ERR,ERR,ERR,ERR,ERR,ERR,ERR,ERR,ERR,ERR,ERR,ERR,ERR,ERR,ERR,ERR,ERR,ERR,ERR,ERR,ERR,ERR,ERR,ERR,ERR,ERR,ERR,ERR,ERR,ERR,ERR,ERR,ERR,ERR,ERR,ERR,ERR,34.0,80.0,35,0.0,0.0,0.0,0.0,0.0,0.0,0.0,0.0,0.0,0.0,0.0,0.0,0.0,0.0,0.0,0.0,64.4,0,117,56,50,65476,0,300,0,0,8,20529,65476,0,0,57672,80.0,0.0,0.0,0.0,0.0,0.0
2026-06-17T04:03:05,ERR,ERR,ERR,ERR,ERR,ERR,ERR,ERR,ERR,ERR,ERR,ERR,ERR,ERR,ERR,ERR,ERR,ERR,ERR,ERR,ERR,ERR,ERR,ERR,ERR,ERR,ERR,ERR,ERR,ERR,ERR,ERR,ERR,ERR,ERR,ERR,ERR,ERR,ERR,ERR,ERR,ERR,ERR,ERR,ERR,ERR,ERR,ERR,ERR,ERR,ERR,ERR,ERR,ERR,ERR,ERR,ERR,ERR,ERR,ERR,ERR,ERR,ERR,ERR,ERR,ERR,ERR,ERR,ERR,ERR,ERR,ERR,ERR,ERR,ERR,ERR,ERR,ERR,ERR,ERR,ERR,ERR,ERR,ERR,ERR,ERR,ERR,ERR,ERR,ERR,ERR,ERR,ERR,ERR,ERR,ERR,ERR,ERR,ERR,ERR,ERR,ERR,ERR,ERR,ERR,ERR,ERR,ERR,ERR,ERR,ERR,ERR,ERR,ERR,ERR,ERR,ERR,ERR,ERR,ERR,ERR,ERR,ERR,ERR,ERR,0.0,0.0,2.6474777903227054e+23,0.0,0.0,1.3936040501711995e+18,7.805,0.0,0,0,4,0,7300,-0.0,0,0.0,0.0,0.0,0.0,0.0,0,0,0,0,0.0,0,0,0,0,0,0,0,0,0,0,0,0,0,0,0,0,0,0,0,0,0,0,0,0,0,0,0,0,0,0,0,0,0,32,30,30,62,65476,0,300,0,0,8,21553,0.0,-107605600.0,0.0,0.0,0.0,0.0,0.0,0.0,0.0,0.0,0.0,0.0,0.0,0.0,0.0,0.0,0.0,0.0,0.0,0.0,0.0,0.0,2.004,-0.0,-0.0,2.004,0.0,0.0,0.0,0.0,5467.0,8608196608.0,6954.0,0.0,0.0,-107615280.0,0.0,0.0,0.0,0.0,0.0,63,-89221.078,0.0,0.0,0.0,0.0,0.0,0.0,0.0,0.0,0,0,0,0.0,0.0,0.0,0.0,0.0,0.0,0.0,0.0,0.0,0.0,0.0,0.0,0.0,0.0,0.0,0.0,0,-107875648.0,63,0.0,126,2.7184242562605685e+23,-0.0,ERR,ERR,ERR,ERR,ERR,ERR,ERR,ERR,ERR,ERR,ERR,ERR,ERR,ERR,ERR,ERR,ERR,ERR,ERR,ERR,ERR,ERR,ERR,ERR,ERR,ERR,ERR,ERR,ERR,ERR,ERR,ERR,ERR,ERR,ERR,ERR,ERR,ERR,ERR,ERR,ERR,ERR,ERR,ERR,ERR,ERR,ERR,ERR,ERR,ERR,ERR,ERR,ERR,ERR,ERR,ERR,ERR,ERR,ERR,ERR,ERR,ERR,ERR,ERR,ERR,ERR,ERR,34.0,80.0,35,0.0,0.0,0.0,0.0,0.0,0.0,0.0,0.0,0.0,0.0,0.0,0.0,0.0,0.0,0.0,0.0,64.4,0,117,56,50,65476,0,300,0,0,8,20529,65476,0,0,57672,80.0,0.0,0.0,0.0,0.0,0.0
2026-06-17T04:03:06,ERR,ERR,ERR,ERR,ERR,ERR,ERR,ERR,ERR,ERR,ERR,ERR,ERR,ERR,ERR,ERR,ERR,ERR,ERR,ERR,ERR,ERR,ERR,ERR,ERR,ERR,ERR,ERR,ERR,ERR,ERR,ERR,ERR,ERR,ERR,ERR,ERR,ERR,ERR,ERR,ERR,ERR,ERR,ERR,ERR,ERR,ERR,ERR,ERR,ERR,ERR,ERR,ERR,ERR,ERR,ERR,ERR,ERR,ERR,ERR,ERR,ERR,ERR,ERR,ERR,ERR,ERR,ERR,ERR,ERR,ERR,ERR,ERR,ERR,ERR,ERR,ERR,ERR,ERR,ERR,ERR,ERR,ERR,ERR,ERR,ERR,ERR,ERR,ERR,ERR,ERR,ERR,ERR,ERR,ERR,ERR,ERR,ERR,ERR,ERR,ERR,ERR,ERR,ERR,ERR,ERR,ERR,ERR,ERR,ERR,ERR,ERR,ERR,ERR,ERR,ERR,ERR,ERR,ERR,ERR,ERR,ERR,ERR,ERR,ERR,0.0,0.0,2.6474777903227054e+23,0.0,0.0,1.3936040501711995e+18,7.805,0.0,0,0,4,0,7300,-0.0,0,0.0,0.0,0.0,0.0,0.0,0,0,0,0,0.0,0,0,0,0,0,0,0,0,0,0,0,0,0,0,0,0,0,0,0,0,0,0,0,0,0,0,0,0,0,0,0,0,0,32,30,30,62,65476,0,300,0,0,8,21553,0.0,-107605600.0,0.0,0.0,0.0,0.0,0.0,0.0,0.0,0.0,0.0,0.0,0.0,0.0,0.0,0.0,0.0,0.0,0.0,0.0,0.0,0.0,2.004,-0.0,-0.0,2.004,0.0,0.0,0.0,0.0,5467.0,8608196608.0,6954.0,0.0,0.0,-107615280.0,0.0,0.0,0.0,0.0,0.0,63,-89221.078,0.0,0.0,0.0,0.0,0.0,0.0,0.0,0.0,0,0,0,0.0,0.0,0.0,0.0,0.0,0.0,0.0,0.0,0.0,0.0,0.0,0.0,0.0,0.0,0.0,0.0,0,-107875648.0,63,0.0,126,2.7184242562605685e+23,-0.0,ERR,ERR,ERR,ERR,ERR,ERR,ERR,ERR,ERR,ERR,ERR,ERR,ERR,ERR,ERR,ERR,ERR,ERR,ERR,ERR,ERR,ERR,ERR,ERR,ERR,ERR,ERR,ERR,ERR,ERR,ERR,ERR,ERR,ERR,ERR,ERR,ERR,ERR,ERR,ERR,ERR,ERR,ERR,ERR,ERR,ERR,ERR,ERR,ERR,ERR,ERR,ERR,ERR,ERR,ERR,ERR,ERR,ERR,ERR,ERR,ERR,ERR,ERR,ERR,ERR,ERR,ERR,34.0,80.0,35,0.0,0.0,0.0,0.0,0.0,0.0,0.0,0.0,0.0,0.0,0.0,0.0,0.0,0.0,0.0,0.0,64.4,0,117,56,50,65476,0,300,0,0,8,20529,65476,0,0,57672,80.0,0.0,0.0,0.0,0.0,0.0
2026-06-17T04:03:07,ERR,ERR,ERR,ERR,ERR,ERR,ERR,ERR,ERR,ERR,ERR,ERR,ERR,ERR,ERR,ERR,ERR,ERR,ERR,ERR,ERR,ERR,ERR,ERR,ERR,ERR,ERR,ERR,ERR,ERR,ERR,ERR,ERR,ERR,ERR,ERR,ERR,ERR,ERR,ERR,ERR,ERR,ERR,ERR,ERR,ERR,ERR,ERR,ERR,ERR,ERR,ERR,ERR,ERR,ERR,ERR,ERR,ERR,ERR,ERR,ERR,ERR,ERR,ERR,ERR,ERR,ERR,ERR,ERR,ERR,ERR,ERR,ERR,ERR,ERR,ERR,ERR,ERR,ERR,ERR,ERR,ERR,ERR,ERR,ERR,ERR,ERR,ERR,ERR,ERR,ERR,ERR,ERR,ERR,ERR,ERR,ERR,ERR,ERR,ERR,ERR,ERR,ERR,ERR,ERR,ERR,ERR,ERR,ERR,ERR,ERR,ERR,ERR,ERR,ERR,ERR,ERR,ERR,ERR,ERR,ERR,ERR,ERR,ERR,ERR,0.0,0.0,2.6474777903227054e+23,0.0,0.0,1.3936040501711995e+18,7.805,0.0,0,0,4,0,7300,-0.0,0,0.0,0.0,0.0,0.0,0.0,0,0,0,0,0.0,0,0,0,0,0,0,0,0,0,0,0,0,0,0,0,0,0,0,0,0,0,0,0,0,0,0,0,0,0,0,0,0,0,32,30,30,62,65476,0,300,0,0,8,21553,0.0,-107605600.0,0.0,0.0,0.0,0.0,0.0,0.0,0.0,0.0,0.0,0.0,0.0,0.0,0.0,0.0,0.0,0.0,0.0,0.0,0.0,0.0,2.004,-0.0,-0.0,-0.0,0.0,0.0,0.0,0.0,5469.0,-0.0,6966.0,0.0,0.0,-107615280.0,0.0,0.0,0.0,0.0,0.0,63,-126841077760.0,5.8480628136940176e+35,0.0,0.0,0.0,0.0,0.0,0.0,0.0,0,0,0,0.0,0.0,0.0,0.0,0.0,0.0,0.0,0.0,0.0,0.0,0.0,0.0,0.0,0.0,0.0,0.0,0,-107875648.0,63,0.0,126,2.7184242562605685e+23,-0.0,ERR,ERR,ERR,ERR,ERR,ERR,ERR,ERR,ERR,ERR,ERR,ERR,ERR,ERR,ERR,ERR,ERR,ERR,ERR,ERR,ERR,ERR,ERR,ERR,ERR,ERR,ERR,ERR,ERR,ERR,ERR,ERR,ERR,ERR,ERR,ERR,ERR,ERR,ERR,ERR,ERR,ERR,ERR,ERR,ERR,ERR,ERR,ERR,ERR,ERR,ERR,ERR,ERR,ERR,ERR,ERR,ERR,ERR,ERR,ERR,ERR,ERR,ERR,ERR,ERR,ERR,ERR,34.0,80.0,35,0.0,0.0,0.0,0.0,0.0,0.0,0.0,0.0,0.0,0.0,0.0,0.0,0.0,0.0,0.0,0.0,64.8,0,117,56,50,65476,0,300,0,0,8,20529,65476,0,0,57672,80.0,0.0,0.0,0.0,0.0,0.0
2026-06-17T04:03:08,ERR,ERR,ERR,ERR,ERR,ERR,ERR,ERR,ERR,ERR,ERR,ERR,ERR,ERR,ERR,ERR,ERR,ERR,ERR,ERR,ERR,ERR,ERR,ERR,ERR,ERR,ERR,ERR,ERR,ERR,ERR,ERR,ERR,ERR,ERR,ERR,ERR,ERR,ERR,ERR,ERR,ERR,ERR,ERR,ERR,ERR,ERR,ERR,ERR,ERR,ERR,ERR,ERR,ERR,ERR,ERR,ERR,ERR,ERR,ERR,ERR,ERR,ERR,ERR,ERR,ERR,ERR,ERR,ERR,ERR,ERR,ERR,ERR,ERR,ERR,ERR,ERR,ERR,ERR,ERR,ERR,ERR,ERR,ERR,ERR,ERR,ERR,ERR,ERR,ERR,ERR,ERR,ERR,ERR,ERR,ERR,ERR,ERR,ERR,ERR,ERR,ERR,ERR,ERR,ERR,ERR,ERR,ERR,ERR,ERR,ERR,ERR,ERR,ERR,ERR,ERR,ERR,ERR,ERR,ERR,ERR,ERR,ERR,ERR,ERR,0.0,0.0,2.6474777903227054e+23,0.0,0.0,1.3936040501711995e+18,7.805,0.0,0,0,4,0,7300,-0.0,0,0.0,0.0,0.0,0.0,0.0,0,0,0,0,0.0,0,0,0,0,0,0,0,0,0,0,0,0,0,0,0,0,0,0,0,0,0,0,0,0,0,0,0,0,0,0,0,0,0,32,30,30,62,65476,0,300,0,0,8,21553,0.0,-107605600.0,0.0,0.0,0.0,0.0,0.0,0.0,0.0,0.0,0.0,0.0,0.0,0.0,0.0,0.0,0.0,0.0,0.0,0.0,0.0,0.0,2.004,-0.0,-0.0,-0.0,0.0,0.0,0.0,0.0,5469.0,-0.0,6966.0,0.0,0.0,-107615280.0,0.0,0.0,0.0,0.0,0.0,63,-126841077760.0,5.8480628136940176e+35,0.0,0.0,0.0,0.0,0.0,0.0,0.0,0,0,0,0.0,0.0,0.0,0.0,0.0,0.0,0.0,0.0,0.0,0.0,0.0,0.0,0.0,0.0,0.0,0.0,0,-107875648.0,63,0.0,126,2.7184242562605685e+23,-0.0,ERR,ERR,ERR,ERR,ERR,ERR,ERR,ERR,ERR,ERR,ERR,ERR,ERR,ERR,ERR,ERR,ERR,ERR,ERR,ERR,ERR,ERR,ERR,ERR,ERR,ERR,ERR,ERR,ERR,ERR,ERR,ERR,ERR,ERR,ERR,ERR,ERR,ERR,ERR,ERR,ERR,ERR,ERR,ERR,ERR,ERR,ERR,ERR,ERR,ERR,ERR,ERR,ERR,ERR,ERR,ERR,ERR,ERR,ERR,ERR,ERR,ERR,ERR,ERR,ERR,ERR,ERR,34.0,80.0,35,0.0,0.0,0.0,0.0,0.0,0.0,0.0,0.0,0.0,0.0,0.0,0.0,0.0,0.0,0.0,0.0,64.8,0,117,56,50,65476,0,300,0,0,8,20529,65476,0,0,57672,80.0,0.0,0.0,0.0,0.0,0.0
2026-06-17T04:03:09,ERR,ERR,ERR,ERR,ERR,ERR,ERR,ERR,ERR,ERR,ERR,ERR,ERR,ERR,ERR,ERR,ERR,ERR,ERR,ERR,ERR,ERR,ERR,ERR,ERR,ERR,ERR,ERR,ERR,ERR,ERR,ERR,ERR,ERR,ERR,ERR,ERR,ERR,ERR,ERR,ERR,ERR,ERR,ERR,ERR,ERR,ERR,ERR,ERR,ERR,ERR,ERR,ERR,ERR,ERR,ERR,ERR,ERR,ERR,ERR,ERR,ERR,ERR,ERR,ERR,ERR,ERR,ERR,ERR,ERR,ERR,ERR,ERR,ERR,ERR,ERR,ERR,ERR,ERR,ERR,ERR,ERR,ERR,ERR,ERR,ERR,ERR,ERR,ERR,ERR,ERR,ERR,ERR,ERR,ERR,ERR,ERR,ERR,ERR,ERR,ERR,ERR,ERR,ERR,ERR,ERR,ERR,ERR,ERR,ERR,ERR,ERR,ERR,ERR,ERR,ERR,ERR,ERR,ERR,ERR,ERR,ERR,ERR,ERR,ERR,0.0,0.0,2.6474777903227054e+23,0.0,0.0,1.3936040501711995e+18,7.805,0.0,0,0,4,0,7300,-0.0,0,0.0,0.0,0.0,0.0,0.0,0,0,0,0,0.0,0,0,0,0,0,0,0,0,0,0,0,0,0,0,0,0,0,0,0,0,0,0,0,0,0,0,0,0,0,0,0,0,0,32,30,30,62,65476,0,300,0,0,8,21553,0.0,-107605600.0,0.0,0.0,0.0,0.0,0.0,0.0,0.0,0.0,0.0,0.0,0.0,0.0,0.0,0.0,0.0,0.0,0.0,0.0,0.0,0.0,2.004,-0.0,-0.0,-0.0,0.0,0.0,0.0,0.0,5469.0,-0.0,6966.0,0.0,0.0,-107615280.0,0.0,0.0,0.0,0.0,0.0,63,-126841077760.0,5.8480628136940176e+35,0.0,0.0,0.0,0.0,0.0,0.0,0.0,0,0,0,0.0,0.0,0.0,0.0,0.0,0.0,0.0,0.0,0.0,0.0,0.0,0.0,0.0,0.0,0.0,0.0,0,-107875648.0,63,0.0,126,2.7184242562605685e+23,-0.0,ERR,ERR,ERR,ERR,ERR,ERR,ERR,ERR,ERR,ERR,ERR,ERR,ERR,ERR,ERR,ERR,ERR,ERR,ERR,ERR,ERR,ERR,ERR,ERR,ERR,ERR,ERR,ERR,ERR,ERR,ERR,ERR,ERR,ERR,ERR,ERR,ERR,ERR,ERR,ERR,ERR,ERR,ERR,ERR,ERR,ERR,ERR,ERR,ERR,ERR,ERR,ERR,ERR,ERR,ERR,ERR,ERR,ERR,ERR,ERR,ERR,ERR,ERR,ERR,ERR,ERR,ERR,34.0,80.0,35,0.0,0.0,0.0,0.0,0.0,0.0,0.0,0.0,0.0,0.0,0.0,0.0,0.0,0.0,0.0,0.0,64.8,0,117,56,50,65476,0,300,0,0,8,20529,65476,0,0,57672,80.0,0.0,0.0,0.0,0.0,0.0
2026-06-17T04:03:10,ERR,ERR,ERR,ERR,ERR,ERR,ERR,ERR,ERR,ERR,ERR,ERR,ERR,ERR,ERR,ERR,ERR,ERR,ERR,ERR,ERR,ERR,ERR,ERR,ERR,ERR,ERR,ERR,ERR,ERR,ERR,ERR,ERR,ERR,ERR,ERR,ERR,ERR,ERR,ERR,ERR,ERR,ERR,ERR,ERR,ERR,ERR,ERR,ERR,ERR,ERR,ERR,ERR,ERR,ERR,ERR,ERR,ERR,ERR,ERR,ERR,ERR,ERR,ERR,ERR,ERR,ERR,ERR,ERR,ERR,ERR,ERR,ERR,ERR,ERR,ERR,ERR,ERR,ERR,ERR,ERR,ERR,ERR,ERR,ERR,ERR,ERR,ERR,ERR,ERR,ERR,ERR,ERR,ERR,ERR,ERR,ERR,ERR,ERR,ERR,ERR,ERR,ERR,ERR,ERR,ERR,ERR,ERR,ERR,ERR,ERR,ERR,ERR,ERR,ERR,ERR,ERR,ERR,ERR,ERR,ERR,ERR,ERR,ERR,ERR,0.0,0.0,2.6474777903227054e+23,0.0,0.0,1.3936040501711995e+18,7.805,0.0,0,0,4,0,7300,-0.0,0,0.0,0.0,0.0,0.0,0.0,0,0,0,0,0.0,0,0,0,0,0,0,0,0,0,0,0,0,0,0,0,0,0,0,0,0,0,0,0,0,0,0,0,0,0,0,0,0,0,32,30,30,62,65476,0,300,0,0,8,21553,0.0,-107605600.0,0.0,0.0,0.0,0.0,0.0,0.0,0.0,0.0,0.0,0.0,0.0,0.0,0.0,0.0,0.0,0.0,0.0,0.0,0.0,0.0,2.004,-0.0,-0.0,-0.0,0.0,0.0,0.0,0.0,5469.0,-0.0,6966.0,0.0,0.0,-107615280.0,0.0,0.0,0.0,0.0,0.0,63,-126841077760.0,5.8480628136940176e+35,0.0,0.0,0.0,0.0,0.0,0.0,0.0,0,0,0,0.0,0.0,0.0,0.0,0.0,0.0,0.0,0.0,0.0,0.0,0.0,0.0,0.0,0.0,0.0,0.0,0,-107875648.0,63,0.0,126,2.7184242562605685e+23,-0.0,ERR,ERR,ERR,ERR,ERR,ERR,ERR,ERR,ERR,ERR,ERR,ERR,ERR,ERR,ERR,ERR,ERR,ERR,ERR,ERR,ERR,ERR,ERR,ERR,ERR,ERR,ERR,ERR,ERR,ERR,ERR,ERR,ERR,ERR,ERR,ERR,ERR,ERR,ERR,ERR,ERR,ERR,ERR,ERR,ERR,ERR,ERR,ERR,ERR,ERR,ERR,ERR,ERR,ERR,ERR,ERR,ERR,ERR,ERR,ERR,ERR,ERR,ERR,ERR,ERR,ERR,ERR,34.0,80.0,35,0.0,0.0,0.0,0.0,0.0,0.0,0.0,0.0,0.0,0.0,0.0,0.0,0.0,0.0,0.0,0.0,64.4,0,117,56,50,65476,0,300,0,0,8,20529,65476,0,0,57672,80.0,0.0,0.0,0.0,0.0,0.0
2026-06-17T04:03:11,ERR,ERR,ERR,ERR,ERR,ERR,ERR,ERR,ERR,ERR,ERR,ERR,ERR,ERR,ERR,ERR,ERR,ERR,ERR,ERR,ERR,ERR,ERR,ERR,ERR,ERR,ERR,ERR,ERR,ERR,ERR,ERR,ERR,ERR,ERR,ERR,ERR,ERR,ERR,ERR,ERR,ERR,ERR,ERR,ERR,ERR,ERR,ERR,ERR,ERR,ERR,ERR,ERR,ERR,ERR,ERR,ERR,ERR,ERR,ERR,ERR,ERR,ERR,ERR,ERR,ERR,ERR,ERR,ERR,ERR,ERR,ERR,ERR,ERR,ERR,ERR,ERR,ERR,ERR,ERR,ERR,ERR,ERR,ERR,ERR,ERR,ERR,ERR,ERR,ERR,ERR,ERR,ERR,ERR,ERR,ERR,ERR,ERR,ERR,ERR,ERR,ERR,ERR,ERR,ERR,ERR,ERR,ERR,ERR,ERR,ERR,ERR,ERR,ERR,ERR,ERR,ERR,ERR,ERR,ERR,ERR,ERR,ERR,ERR,ERR,0.0,0.0,2.6474777903227054e+23,0.0,0.0,1.3936040501711995e+18,7.805,0.0,0,0,4,0,7300,-0.0,0,0.0,0.0,0.0,0.0,0.0,0,0,0,0,0.0,0,0,0,0,0,0,0,0,0,0,0,0,0,0,0,0,0,0,0,0,0,0,0,0,0,0,0,0,0,0,0,0,0,32,30,30,62,65476,0,300,0,0,8,21553,0.0,-107605600.0,0.0,0.0,0.0,0.0,0.0,0.0,0.0,0.0,0.0,0.0,0.0,0.0,0.0,0.0,0.0,0.0,0.0,0.0,0.0,0.0,2.004,-0.0,-0.0,-0.0,0.0,0.0,0.0,0.0,5469.0,-0.0,6966.0,0.0,0.0,-107615280.0,0.0,0.0,0.0,0.0,0.0,63,-126841077760.0,5.8480628136940176e+35,0.0,0.0,0.0,0.0,0.0,0.0,0.0,0,0,0,0.0,0.0,0.0,0.0,0.0,0.0,0.0,0.0,0.0,0.0,0.0,0.0,0.0,0.0,0.0,0.0,0,-107875648.0,63,0.0,126,2.7184242562605685e+23,-0.0,ERR,ERR,ERR,ERR,ERR,ERR,ERR,ERR,ERR,ERR,ERR,ERR,ERR,ERR,ERR,ERR,ERR,ERR,ERR,ERR,ERR,ERR,ERR,ERR,ERR,ERR,ERR,ERR,ERR,ERR,ERR,ERR,ERR,ERR,ERR,ERR,ERR,ERR,ERR,ERR,ERR,ERR,ERR,ERR,ERR,ERR,ERR,ERR,ERR,ERR,ERR,ERR,ERR,ERR,ERR,ERR,ERR,ERR,ERR,ERR,ERR,ERR,ERR,ERR,ERR,ERR,ERR,34.0,80.0,35,0.0,0.0,0.0,0.0,0.0,0.0,0.0,0.0,0.0,0.0,0.0,0.0,0.0,0.0,0.0,0.0,64.4,0,117,56,50,65476,0,300,0,0,8,20529,65476,0,0,57672,80.0,0.0,0.0,0.0,0.0,0.0
2026-06-17T04:03:12,ERR,ERR,ERR,ERR,ERR,ERR,ERR,ERR,ERR,ERR,ERR,ERR,ERR,ERR,ERR,ERR,ERR,ERR,ERR,ERR,ERR,ERR,ERR,ERR,ERR,ERR,ERR,ERR,ERR,ERR,ERR,ERR,ERR,ERR,ERR,ERR,ERR,ERR,ERR,ERR,ERR,ERR,ERR,ERR,ERR,ERR,ERR,ERR,ERR,ERR,ERR,ERR,ERR,ERR,ERR,ERR,ERR,ERR,ERR,ERR,ERR,ERR,ERR,ERR,ERR,ERR,ERR,ERR,ERR,ERR,ERR,ERR,ERR,ERR,ERR,ERR,ERR,ERR,ERR,ERR,ERR,ERR,ERR,ERR,ERR,ERR,ERR,ERR,ERR,ERR,ERR,ERR,ERR,ERR,ERR,ERR,ERR,ERR,ERR,ERR,ERR,ERR,ERR,ERR,ERR,ERR,ERR,ERR,ERR,ERR,ERR,ERR,ERR,ERR,ERR,ERR,ERR,ERR,ERR,ERR,ERR,ERR,ERR,ERR,ERR,0.0,0.0,2.6474777903227054e+23,0.0,0.0,1.3936040501711995e+18,7.805,0.0,0,0,4,0,7300,-0.0,0,0.0,0.0,0.0,0.0,0.0,0,0,0,0,0.0,0,0,0,0,0,0,0,0,0,0,0,0,0,0,0,0,0,0,0,0,0,0,0,0,0,0,0,0,0,0,0,0,0,32,30,30,62,65476,0,300,0,0,8,21553,0.0,-107605600.0,0.0,0.0,0.0,0.0,0.0,0.0,0.0,0.0,0.0,0.0,0.0,0.0,0.0,0.0,0.0,0.0,0.0,0.0,0.0,0.0,2.004,-0.0,-0.0,-0.0,0.0,0.0,0.0,0.0,5469.0,-3.697192290889813e+19,6972.0,0.0,0.0,-107615280.0,0.0,0.0,0.0,0.0,0.0,63,-126841077760.0,-0.0,0.0,0.0,0.0,0.0,0.0,0.0,0.0,0,0,0,0.0,0.0,0.0,0.0,0.0,0.0,0.0,0.0,0.0,0.0,0.0,0.0,0.0,0.0,0.0,0.0,0,-107875648.0,63,0.0,126,2.7184242562605685e+23,-109447136.0,ERR,ERR,ERR,ERR,ERR,ERR,ERR,ERR,ERR,ERR,ERR,ERR,ERR,ERR,ERR,ERR,ERR,ERR,ERR,ERR,ERR,ERR,ERR,ERR,ERR,ERR,ERR,ERR,ERR,ERR,ERR,ERR,ERR,ERR,ERR,ERR,ERR,ERR,ERR,ERR,ERR,ERR,ERR,ERR,ERR,ERR,ERR,ERR,ERR,ERR,ERR,ERR,ERR,ERR,ERR,ERR,ERR,ERR,ERR,ERR,ERR,ERR,ERR,ERR,ERR,ERR,ERR,34.0,80.0,35,0.0,0.0,0.0,0.0,0.0,0.0,0.0,0.0,0.0,0.0,0.0,0.0,0.0,0.0,0.0,0.0,64.4,0,117,56,50,65476,0,300,0,0,8,20529,65476,0,0,57672,80.0,0.0,0.0,0.0,0.0,0.0
2026-06-17T04:03:13,ERR,ERR,ERR,ERR,ERR,ERR,ERR,ERR,ERR,ERR,ERR,ERR,ERR,ERR,ERR,ERR,ERR,ERR,ERR,ERR,ERR,ERR,ERR,ERR,ERR,ERR,ERR,ERR,ERR,ERR,ERR,ERR,ERR,ERR,ERR,ERR,ERR,ERR,ERR,ERR,ERR,ERR,ERR,ERR,ERR,ERR,ERR,ERR,ERR,ERR,ERR,ERR,ERR,ERR,ERR,ERR,ERR,ERR,ERR,ERR,ERR,ERR,ERR,ERR,ERR,ERR,ERR,ERR,ERR,ERR,ERR,ERR,ERR,ERR,ERR,ERR,ERR,ERR,ERR,ERR,ERR,ERR,ERR,ERR,ERR,ERR,ERR,ERR,ERR,ERR,ERR,ERR,ERR,ERR,ERR,ERR,ERR,ERR,ERR,ERR,ERR,ERR,ERR,ERR,ERR,ERR,ERR,ERR,ERR,ERR,ERR,ERR,ERR,ERR,ERR,ERR,ERR,ERR,ERR,ERR,ERR,ERR,ERR,ERR,ERR,0.0,0.0,2.6474777903227054e+23,0.0,0.0,1.3936040501711995e+18,7.805,0.0,0,0,4,0,7300,-0.0,0,0.0,0.0,0.0,0.0,0.0,0,0,0,0,0.0,0,0,0,0,0,0,0,0,0,0,0,0,0,0,0,0,0,0,0,0,0,0,0,0,0,0,0,0,0,0,0,0,0,32,30,30,62,65476,0,300,0,0,8,21553,0.0,-107605600.0,0.0,0.0,0.0,0.0,0.0,0.0,0.0,0.0,0.0,0.0,0.0,0.0,0.0,0.0,0.0,0.0,0.0,0.0,0.0,0.0,2.004,-0.0,-0.0,-0.0,0.0,0.0,0.0,0.0,5469.0,-3.697192290889813e+19,6972.0,0.0,0.0,-107615280.0,0.0,0.0,0.0,0.0,0.0,63,-126841077760.0,-0.0,0.0,0.0,0.0,0.0,0.0,0.0,0.0,0,0,0,0.0,0.0,0.0,0.0,0.0,0.0,0.0,0.0,0.0,0.0,0.0,0.0,0.0,0.0,0.0,0.0,0,-107875648.0,63,0.0,126,2.7184242562605685e+23,-109447136.0,ERR,ERR,ERR,ERR,ERR,ERR,ERR,ERR,ERR,ERR,ERR,ERR,ERR,ERR,ERR,ERR,ERR,ERR,ERR,ERR,ERR,ERR,ERR,ERR,ERR,ERR,ERR,ERR,ERR,ERR,ERR,ERR,ERR,ERR,ERR,ERR,ERR,ERR,ERR,ERR,ERR,ERR,ERR,ERR,ERR,ERR,ERR,ERR,ERR,ERR,ERR,ERR,ERR,ERR,ERR,ERR,ERR,ERR,ERR,ERR,ERR,ERR,ERR,ERR,ERR,ERR,ERR,34.0,80.0,35,0.0,0.0,0.0,0.0,0.0,0.0,0.0,0.0,0.0,0.0,0.0,0.0,0.0,0.0,0.0,0.0,64.4,0,117,56,50,65476,0,300,0,0,8,20529,65476,0,0,57672,80.0,0.0,0.0,0.0,0.0,0.0
2026-06-17T04:03:14,ERR,ERR,ERR,ERR,ERR,ERR,ERR,ERR,ERR,ERR,ERR,ERR,ERR,ERR,ERR,ERR,ERR,ERR,ERR,ERR,ERR,ERR,ERR,ERR,ERR,ERR,ERR,ERR,ERR,ERR,ERR,ERR,ERR,ERR,ERR,ERR,ERR,ERR,ERR,ERR,ERR,ERR,ERR,ERR,ERR,ERR,ERR,ERR,ERR,ERR,ERR,ERR,ERR,ERR,ERR,ERR,ERR,ERR,ERR,ERR,ERR,ERR,ERR,ERR,ERR,ERR,ERR,ERR,ERR,ERR,ERR,ERR,ERR,ERR,ERR,ERR,ERR,ERR,ERR,ERR,ERR,ERR,ERR,ERR,ERR,ERR,ERR,ERR,ERR,ERR,ERR,ERR,ERR,ERR,ERR,ERR,ERR,ERR,ERR,ERR,ERR,ERR,ERR,ERR,ERR,ERR,ERR,ERR,ERR,ERR,ERR,ERR,ERR,ERR,ERR,ERR,ERR,ERR,ERR,ERR,ERR,ERR,ERR,ERR,ERR,0.0,0.0,2.6474777903227054e+23,0.0,0.0,1.3936040501711995e+18,7.805,0.0,0,0,4,0,7300,-0.0,0,0.0,0.0,0.0,0.0,0.0,0,0,0,0,0.0,0,0,0,0,0,0,0,0,0,0,0,0,0,0,0,0,0,0,0,0,0,0,0,0,0,0,0,0,0,0,0,0,0,32,30,30,62,65476,0,300,0,0,8,21553,0.0,-107605600.0,0.0,0.0,0.0,0.0,0.0,0.0,0.0,0.0,0.0,0.0,0.0,0.0,0.0,0.0,0.0,0.0,0.0,0.0,0.0,0.0,2.004,-0.0,-0.0,-0.0,0.0,0.0,0.0,0.0,5469.0,-3.697192290889813e+19,6972.0,0.0,0.0,-107615280.0,0.0,0.0,0.0,0.0,0.0,63,-126841077760.0,-0.0,0.0,0.0,0.0,0.0,0.0,0.0,0.0,0,0,0,0.0,0.0,0.0,0.0,0.0,0.0,0.0,0.0,0.0,0.0,0.0,0.0,0.0,0.0,0.0,0.0,0,-107875648.0,63,0.0,126,2.7184242562605685e+23,-109447136.0,ERR,ERR,ERR,ERR,ERR,ERR,ERR,ERR,ERR,ERR,ERR,ERR,ERR,ERR,ERR,ERR,ERR,ERR,ERR,ERR,ERR,ERR,ERR,ERR,ERR,ERR,ERR,ERR,ERR,ERR,ERR,ERR,ERR,ERR,ERR,ERR,ERR,ERR,ERR,ERR,ERR,ERR,ERR,ERR,ERR,ERR,ERR,ERR,ERR,ERR,ERR,ERR,ERR,ERR,ERR,ERR,ERR,ERR,ERR,ERR,ERR,ERR,ERR,ERR,ERR,ERR,ERR,34.0,80.0,35,0.0,0.0,0.0,0.0,0.0,0.0,0.0,0.0,0.0,0.0,0.0,0.0,0.0,0.0,0.0,0.0,64.4,0,117,56,50,65476,0,300,0,0,8,20529,65476,0,0,57672,80.0,0.0,0.0,0.0,0.0,0.0
2026-06-17T04:03:15,ERR,ERR,ERR,ERR,ERR,ERR,ERR,ERR,ERR,ERR,ERR,ERR,ERR,ERR,ERR,ERR,ERR,ERR,ERR,ERR,ERR,ERR,ERR,ERR,ERR,ERR,ERR,ERR,ERR,ERR,ERR,ERR,ERR,ERR,ERR,ERR,ERR,ERR,ERR,ERR,ERR,ERR,ERR,ERR,ERR,ERR,ERR,ERR,ERR,ERR,ERR,ERR,ERR,ERR,ERR,ERR,ERR,ERR,ERR,ERR,ERR,ERR,ERR,ERR,ERR,ERR,ERR,ERR,ERR,ERR,ERR,ERR,ERR,ERR,ERR,ERR,ERR,ERR,ERR,ERR,ERR,ERR,ERR,ERR,ERR,ERR,ERR,ERR,ERR,ERR,ERR,ERR,ERR,ERR,ERR,ERR,ERR,ERR,ERR,ERR,ERR,ERR,ERR,ERR,ERR,ERR,ERR,ERR,ERR,ERR,ERR,ERR,ERR,ERR,ERR,ERR,ERR,ERR,ERR,ERR,ERR,ERR,ERR,ERR,ERR,0.0,0.0,2.6474777903227054e+23,0.0,0.0,1.3936040501711995e+18,7.805,0.0,0,0,4,0,7300,-0.0,0,0.0,0.0,0.0,0.0,0.0,0,0,0,0,0.0,0,0,0,0,0,0,0,0,0,0,0,0,0,0,0,0,0,0,0,0,0,0,0,0,0,0,0,0,0,0,0,0,0,32,30,30,62,65476,0,300,0,0,8,21553,0.0,-107605600.0,0.0,0.0,0.0,0.0,0.0,0.0,0.0,0.0,0.0,0.0,0.0,0.0,0.0,0.0,0.0,0.0,0.0,0.0,0.0,0.0,2.004,-0.0,-0.0,-0.0,0.0,0.0,0.0,0.0,5469.0,-3.697192290889813e+19,6972.0,0.0,0.0,-107615280.0,0.0,0.0,0.0,0.0,0.0,63,-126841077760.0,-0.0,0.0,0.0,0.0,0.0,0.0,0.0,0.0,0,0,0,0.0,0.0,0.0,0.0,0.0,0.0,0.0,0.0,0.0,0.0,0.0,0.0,0.0,0.0,0.0,0.0,0,-107875648.0,63,0.0,126,2.7184242562605685e+23,-109447136.0,ERR,ERR,ERR,ERR,ERR,ERR,ERR,ERR,ERR,ERR,ERR,ERR,ERR,ERR,ERR,ERR,ERR,ERR,ERR,ERR,ERR,ERR,ERR,ERR,ERR,ERR,ERR,ERR,ERR,ERR,ERR,ERR,ERR,ERR,ERR,ERR,ERR,ERR,ERR,ERR,ERR,ERR,ERR,ERR,ERR,ERR,ERR,ERR,ERR,ERR,ERR,ERR,ERR,ERR,ERR,ERR,ERR,ERR,ERR,ERR,ERR,ERR,ERR,ERR,ERR,ERR,ERR,34.0,80.0,35,0.0,0.0,0.0,0.0,0.0,0.0,0.0,0.0,0.0,0.0,0.0,0.0,0.0,0.0,0.0,0.0,64.4,0,117,56,50,65476,0,300,0,0,8,20529,65476,0,0,57672,80.0,0.0,0.0,0.0,0.0,0.0
2026-06-17T04:03:16,ERR,ERR,ERR,ERR,ERR,ERR,ERR,ERR,ERR,ERR,ERR,ERR,ERR,ERR,ERR,ERR,ERR,ERR,ERR,ERR,ERR,ERR,ERR,ERR,ERR,ERR,ERR,ERR,ERR,ERR,ERR,ERR,ERR,ERR,ERR,ERR,ERR,ERR,ERR,ERR,ERR,ERR,ERR,ERR,ERR,ERR,ERR,ERR,ERR,ERR,ERR,ERR,ERR,ERR,ERR,ERR,ERR,ERR,ERR,ERR,ERR,ERR,ERR,ERR,ERR,ERR,ERR,ERR,ERR,ERR,ERR,ERR,ERR,ERR,ERR,ERR,ERR,ERR,ERR,ERR,ERR,ERR,ERR,ERR,ERR,ERR,ERR,ERR,ERR,ERR,ERR,ERR,ERR,ERR,ERR,ERR,ERR,ERR,ERR,ERR,ERR,ERR,ERR,ERR,ERR,ERR,ERR,ERR,ERR,ERR,ERR,ERR,ERR,ERR,ERR,ERR,ERR,ERR,ERR,ERR,ERR,ERR,ERR,ERR,ERR,0.0,0.0,2.6474777903227054e+23,0.0,0.0,1.3936040501711995e+18,7.805,0.0,0,0,4,0,7300,-0.0,0,0.0,0.0,0.0,0.0,0.0,0,0,0,0,0.0,0,0,0,0,0,0,0,0,0,0,0,0,0,0,0,0,0,0,0,0,0,0,0,0,0,0,0,0,0,0,0,0,0,32,30,30,62,65476,0,300,0,0,8,21553,0.0,-107605600.0,0.0,0.0,0.0,0.0,0.0,0.0,0.0,0.0,0.0,0.0,0.0,0.0,0.0,0.0,0.0,0.0,0.0,0.0,0.0,0.0,2.004,-0.0,-0.0,-0.0,0.0,0.0,0.0,0.0,5469.0,-3.697192290889813e+19,6972.0,0.0,0.0,-107615280.0,0.0,0.0,0.0,0.0,0.0,63,-126841077760.0,-0.0,0.0,0.0,0.0,0.0,0.0,0.0,0.0,0,0,0,0.0,0.0,0.0,0.0,0.0,0.0,0.0,0.0,0.0,0.0,0.0,0.0,0.0,0.0,0.0,0.0,0,-107875648.0,63,0.0,126,2.7184242562605685e+23,-109447136.0,ERR,ERR,ERR,ERR,ERR,ERR,ERR,ERR,ERR,ERR,ERR,ERR,ERR,ERR,ERR,ERR,ERR,ERR,ERR,ERR,ERR,ERR,ERR,ERR,ERR,ERR,ERR,ERR,ERR,ERR,ERR,ERR,ERR,ERR,ERR,ERR,ERR,ERR,ERR,ERR,ERR,ERR,ERR,ERR,ERR,ERR,ERR,ERR,ERR,ERR,ERR,ERR,ERR,ERR,ERR,ERR,ERR,ERR,ERR,ERR,ERR,ERR,ERR,ERR,ERR,ERR,ERR,34.0,80.0,35,0.0,0.0,0.0,0.0,0.0,0.0,0.0,0.0,0.0,0.0,0.0,0.0,0.0,0.0,0.0,0.0,64.4,0,117,56,50,65476,0,300,0,0,8,20529,65476,0,0,57672,80.0,0.0,0.0,0.0,0.0,0.0
2026-06-17T04:03:17,ERR,ERR,ERR,ERR,ERR,ERR,ERR,ERR,ERR,ERR,ERR,ERR,ERR,ERR,ERR,ERR,ERR,ERR,ERR,ERR,ERR,ERR,ERR,ERR,ERR,ERR,ERR,ERR,ERR,ERR,ERR,ERR,ERR,ERR,ERR,ERR,ERR,ERR,ERR,ERR,ERR,ERR,ERR,ERR,ERR,ERR,ERR,ERR,ERR,ERR,ERR,ERR,ERR,ERR,ERR,ERR,ERR,ERR,ERR,ERR,ERR,ERR,ERR,ERR,ERR,ERR,ERR,ERR,ERR,ERR,ERR,ERR,ERR,ERR,ERR,ERR,ERR,ERR,ERR,ERR,ERR,ERR,ERR,ERR,ERR,ERR,ERR,ERR,ERR,ERR,ERR,ERR,ERR,ERR,ERR,ERR,ERR,ERR,ERR,ERR,ERR,ERR,ERR,ERR,ERR,ERR,ERR,ERR,ERR,ERR,ERR,ERR,ERR,ERR,ERR,ERR,ERR,ERR,ERR,ERR,ERR,ERR,ERR,ERR,ERR,0.0,0.0,2.6474777903227054e+23,0.0,0.0,1.3936040501711995e+18,7.805,0.0,0,0,4,0,7300,-0.0,0,0.0,0.0,0.0,0.0,0.0,0,0,0,0,0.0,0,0,0,0,0,0,0,0,0,0,0,0,0,0,0,0,0,0,0,0,0,0,0,0,0,0,0,0,0,0,0,0,0,32,30,30,62,65476,0,300,0,0,8,21553,0.0,-107605600.0,0.0,0.0,0.0,0.0,0.0,0.0,0.0,0.0,0.0,0.0,0.0,0.0,0.0,0.0,0.0,0.0,0.0,0.0,0.0,0.0,2.004,-0.0,-2.004,-0.0,0.0,0.0,0.0,0.0,5469.0,-564146772901888.0,6971.0,0.0,0.0,0.0,0.0,0.0,0.0,0.0,0.0,63,-126841077760.0,-0.0,0.0,0.0,0.0,0.0,0.0,0.0,0.0,0,0,0,0.0,0.0,0.0,0.0,0.0,0.0,0.0,0.0,0.0,0.0,0.0,0.0,0.0,0.0,0.0,0.0,0,-107875648.0,63,0.0,126,2.7184242562605685e+23,-109447136.0,ERR,ERR,ERR,ERR,ERR,ERR,ERR,ERR,ERR,ERR,ERR,ERR,ERR,ERR,ERR,ERR,ERR,ERR,ERR,ERR,ERR,ERR,ERR,ERR,ERR,ERR,ERR,ERR,ERR,ERR,ERR,ERR,ERR,ERR,ERR,ERR,ERR,ERR,ERR,ERR,ERR,ERR,ERR,ERR,ERR,ERR,ERR,ERR,ERR,ERR,ERR,ERR,ERR,ERR,ERR,ERR,ERR,ERR,ERR,ERR,ERR,ERR,ERR,ERR,ERR,ERR,ERR,34.0,80.0,35,0.0,0.0,0.0,0.0,0.0,0.0,0.0,0.0,0.0,0.0,0.0,0.0,0.0,0.0,0.0,0.0,64.4,0,117,56,50,65476,0,300,0,0,8,20529,65476,0,0,57672,80.0,0.0,0.0,0.0,0.0,0.0
2026-06-17T04:03:18,ERR,ERR,ERR,ERR,ERR,ERR,ERR,ERR,ERR,ERR,ERR,ERR,ERR,ERR,ERR,ERR,ERR,ERR,ERR,ERR,ERR,ERR,ERR,ERR,ERR,ERR,ERR,ERR,ERR,ERR,ERR,ERR,ERR,ERR,ERR,ERR,ERR,ERR,ERR,ERR,ERR,ERR,ERR,ERR,ERR,ERR,ERR,ERR,ERR,ERR,ERR,ERR,ERR,ERR,ERR,ERR,ERR,ERR,ERR,ERR,ERR,ERR,ERR,ERR,ERR,ERR,ERR,ERR,ERR,ERR,ERR,ERR,ERR,ERR,ERR,ERR,ERR,ERR,ERR,ERR,ERR,ERR,ERR,ERR,ERR,ERR,ERR,ERR,ERR,ERR,ERR,ERR,ERR,ERR,ERR,ERR,ERR,ERR,ERR,ERR,ERR,ERR,ERR,ERR,ERR,ERR,ERR,ERR,ERR,ERR,ERR,ERR,ERR,ERR,ERR,ERR,ERR,ERR,ERR,ERR,ERR,ERR,ERR,ERR,ERR,0.0,0.0,2.6474777903227054e+23,0.0,0.0,1.3936040501711995e+18,7.805,0.0,0,0,4,0,7300,-0.0,0,0.0,0.0,0.0,0.0,0.0,0,0,0,0,0.0,0,0,0,0,0,0,0,0,0,0,0,0,0,0,0,0,0,0,0,0,0,0,0,0,0,0,0,0,0,0,0,0,0,32,30,30,62,65476,0,300,0,0,8,21553,0.0,-107605600.0,0.0,0.0,0.0,0.0,0.0,0.0,0.0,0.0,0.0,0.0,0.0,0.0,0.0,0.0,0.0,0.0,0.0,0.0,0.0,0.0,2.004,-0.0,-2.004,-0.0,0.0,0.0,0.0,0.0,5469.0,-564146772901888.0,6971.0,0.0,0.0,0.0,0.0,0.0,0.0,0.0,0.0,63,-126841077760.0,-0.0,0.0,0.0,0.0,0.0,0.0,0.0,0.0,0,0,0,0.0,0.0,0.0,0.0,0.0,0.0,0.0,0.0,0.0,0.0,0.0,0.0,0.0,0.0,0.0,0.0,0,-107875648.0,63,0.0,126,2.7184242562605685e+23,-109447136.0,ERR,ERR,ERR,ERR,ERR,ERR,ERR,ERR,ERR,ERR,ERR,ERR,ERR,ERR,ERR,ERR,ERR,ERR,ERR,ERR,ERR,ERR,ERR,ERR,ERR,ERR,ERR,ERR,ERR,ERR,ERR,ERR,ERR,ERR,ERR,ERR,ERR,ERR,ERR,ERR,ERR,ERR,ERR,ERR,ERR,ERR,ERR,ERR,ERR,ERR,ERR,ERR,ERR,ERR,ERR,ERR,ERR,ERR,ERR,ERR,ERR,ERR,ERR,ERR,ERR,ERR,ERR,34.0,80.0,35,0.0,0.0,0.0,0.0,0.0,0.0,0.0,0.0,0.0,0.0,0.0,0.0,0.0,0.0,0.0,0.0,64.4,0,117,56,50,65476,0,300,0,0,8,20529,65476,0,0,57672,80.0,0.0,0.0,0.0,0.0,0.0
2026-06-17T04:03:19,ERR,ERR,ERR,ERR,ERR,ERR,ERR,ERR,ERR,ERR,ERR,ERR,ERR,ERR,ERR,ERR,ERR,ERR,ERR,ERR,ERR,ERR,ERR,ERR,ERR,ERR,ERR,ERR,ERR,ERR,ERR,ERR,ERR,ERR,ERR,ERR,ERR,ERR,ERR,ERR,ERR,ERR,ERR,ERR,ERR,ERR,ERR,ERR,ERR,ERR,ERR,ERR,ERR,ERR,ERR,ERR,ERR,ERR,ERR,ERR,ERR,ERR,ERR,ERR,ERR,ERR,ERR,ERR,ERR,ERR,ERR,ERR,ERR,ERR,ERR,ERR,ERR,ERR,ERR,ERR,ERR,ERR,ERR,ERR,ERR,ERR,ERR,ERR,ERR,ERR,ERR,ERR,ERR,ERR,ERR,ERR,ERR,ERR,ERR,ERR,ERR,ERR,ERR,ERR,ERR,ERR,ERR,ERR,ERR,ERR,ERR,ERR,ERR,ERR,ERR,ERR,ERR,ERR,ERR,ERR,ERR,ERR,ERR,ERR,ERR,0.0,0.0,2.6474777903227054e+23,0.0,0.0,1.3936040501711995e+18,7.805,0.0,0,0,4,0,7300,-0.0,0,0.0,0.0,0.0,0.0,0.0,0,0,0,0,0.0,0,0,0,0,0,0,0,0,0,0,0,0,0,0,0,0,0,0,0,0,0,0,0,0,0,0,0,0,0,0,0,0,0,32,30,30,62,65476,0,300,0,0,8,21553,0.0,-107605600.0,0.0,0.0,0.0,0.0,0.0,0.0,0.0,0.0,0.0,0.0,0.0,0.0,0.0,0.0,0.0,0.0,0.0,0.0,0.0,0.0,2.004,-0.0,-2.004,-0.0,0.0,0.0,0.0,0.0,5469.0,-564146772901888.0,6971.0,0.0,0.0,0.0,0.0,0.0,0.0,0.0,0.0,63,-126841077760.0,-0.0,0.0,0.0,0.0,0.0,0.0,0.0,0.0,0,0,0,0.0,0.0,0.0,0.0,0.0,0.0,0.0,0.0,0.0,0.0,0.0,0.0,0.0,0.0,0.0,0.0,0,-107875648.0,63,0.0,126,2.7184242562605685e+23,-109447136.0,ERR,ERR,ERR,ERR,ERR,ERR,ERR,ERR,ERR,ERR,ERR,ERR,ERR,ERR,ERR,ERR,ERR,ERR,ERR,ERR,ERR,ERR,ERR,ERR,ERR,ERR,ERR,ERR,ERR,ERR,ERR,ERR,ERR,ERR,ERR,ERR,ERR,ERR,ERR,ERR,ERR,ERR,ERR,ERR,ERR,ERR,ERR,ERR,ERR,ERR,ERR,ERR,ERR,ERR,ERR,ERR,ERR,ERR,ERR,ERR,ERR,ERR,ERR,ERR,ERR,ERR,ERR,34.0,80.0,35,0.0,0.0,0.0,0.0,0.0,0.0,0.0,0.0,0.0,0.0,0.0,0.0,0.0,0.0,0.0,0.0,64.4,0,117,56,50,65476,0,300,0,0,8,20529,65476,0,0,57672,80.0,0.0,0.0,0.0,0.0,0.0
2026-06-17T04:03:20,ERR,ERR,ERR,ERR,ERR,ERR,ERR,ERR,ERR,ERR,ERR,ERR,ERR,ERR,ERR,ERR,ERR,ERR,ERR,ERR,ERR,ERR,ERR,ERR,ERR,ERR,ERR,ERR,ERR,ERR,ERR,ERR,ERR,ERR,ERR,ERR,ERR,ERR,ERR,ERR,ERR,ERR,ERR,ERR,ERR,ERR,ERR,ERR,ERR,ERR,ERR,ERR,ERR,ERR,ERR,ERR,ERR,ERR,ERR,ERR,ERR,ERR,ERR,ERR,ERR,ERR,ERR,ERR,ERR,ERR,ERR,ERR,ERR,ERR,ERR,ERR,ERR,ERR,ERR,ERR,ERR,ERR,ERR,ERR,ERR,ERR,ERR,ERR,ERR,ERR,ERR,ERR,ERR,ERR,ERR,ERR,ERR,ERR,ERR,ERR,ERR,ERR,ERR,ERR,ERR,ERR,ERR,ERR,ERR,ERR,ERR,ERR,ERR,ERR,ERR,ERR,ERR,ERR,ERR,ERR,ERR,ERR,ERR,ERR,ERR,0.0,0.0,2.6474777903227054e+23,0.0,0.0,1.3936040501711995e+18,7.805,0.0,0,0,4,0,7300,-0.0,0,0.0,0.0,0.0,0.0,0.0,0,0,0,0,0.0,0,0,0,0,0,0,0,0,0,0,0,0,0,0,0,0,0,0,0,0,0,0,0,0,0,0,0,0,0,0,0,0,0,32,30,30,62,65476,0,300,0,0,8,21553,0.0,-107605600.0,0.0,0.0,0.0,0.0,0.0,0.0,0.0,0.0,0.0,0.0,0.0,0.0,0.0,0.0,0.0,0.0,0.0,0.0,0.0,0.0,2.004,-0.0,-2.004,-0.0,0.0,0.0,0.0,0.0,5469.0,-564146772901888.0,6971.0,0.0,0.0,0.0,0.0,0.0,0.0,0.0,0.0,63,-126841077760.0,-0.0,0.0,0.0,0.0,0.0,0.0,0.0,0.0,0,0,0,0.0,0.0,0.0,0.0,0.0,0.0,0.0,0.0,0.0,0.0,0.0,0.0,0.0,0.0,0.0,0.0,0,-107875648.0,63,0.0,126,2.7184242562605685e+23,-109447136.0,ERR,ERR,ERR,ERR,ERR,ERR,ERR,ERR,ERR,ERR,ERR,ERR,ERR,ERR,ERR,ERR,ERR,ERR,ERR,ERR,ERR,ERR,ERR,ERR,ERR,ERR,ERR,ERR,ERR,ERR,ERR,ERR,ERR,ERR,ERR,ERR,ERR,ERR,ERR,ERR,ERR,ERR,ERR,ERR,ERR,ERR,ERR,ERR,ERR,ERR,ERR,ERR,ERR,ERR,ERR,ERR,ERR,ERR,ERR,ERR,ERR,ERR,ERR,ERR,ERR,ERR,ERR,34.0,80.0,35,0.0,0.0,0.0,0.0,0.0,0.0,0.0,0.0,0.0,0.0,0.0,0.0,0.0,0.0,0.0,0.0,64.4,0,117,56,50,65476,0,300,0,0,8,20529,65476,0,0,57672,80.0,0.0,0.0,0.0,0.0,0.0
2026-06-17T04:03:21,ERR,ERR,ERR,ERR,ERR,ERR,ERR,ERR,ERR,ERR,ERR,ERR,ERR,ERR,ERR,ERR,ERR,ERR,ERR,ERR,ERR,ERR,ERR,ERR,ERR,ERR,ERR,ERR,ERR,ERR,ERR,ERR,ERR,ERR,ERR,ERR,ERR,ERR,ERR,ERR,ERR,ERR,ERR,ERR,ERR,ERR,ERR,ERR,ERR,ERR,ERR,ERR,ERR,ERR,ERR,ERR,ERR,ERR,ERR,ERR,ERR,ERR,ERR,ERR,ERR,ERR,ERR,ERR,ERR,ERR,ERR,ERR,ERR,ERR,ERR,ERR,ERR,ERR,ERR,ERR,ERR,ERR,ERR,ERR,ERR,ERR,ERR,ERR,ERR,ERR,ERR,ERR,ERR,ERR,ERR,ERR,ERR,ERR,ERR,ERR,ERR,ERR,ERR,ERR,ERR,ERR,ERR,ERR,ERR,ERR,ERR,ERR,ERR,ERR,ERR,ERR,ERR,ERR,ERR,ERR,ERR,ERR,ERR,ERR,ERR,0.0,0.0,2.6474777903227054e+23,0.0,0.0,1.3936040501711995e+18,7.805,0.0,0,0,4,0,7300,-0.0,0,0.0,0.0,0.0,0.0,0.0,0,0,0,0,0.0,0,0,0,0,0,0,0,0,0,0,0,0,0,0,0,0,0,0,0,0,0,0,0,0,0,0,0,0,0,0,0,0,0,32,30,30,62,65476,0,300,0,0,8,21553,0.0,-107605600.0,0.0,0.0,0.0,0.0,0.0,0.0,0.0,0.0,0.0,0.0,0.0,0.0,0.0,0.0,0.0,0.0,0.0,0.0,0.0,0.0,2.004,-0.0,-2.004,-0.0,0.0,0.0,0.0,0.0,5469.0,-564146772901888.0,6971.0,0.0,0.0,0.0,0.0,0.0,0.0,0.0,0.0,63,-126841077760.0,-0.0,0.0,0.0,0.0,0.0,0.0,0.0,0.0,0,0,0,0.0,0.0,0.0,0.0,0.0,0.0,0.0,0.0,0.0,0.0,0.0,0.0,0.0,0.0,0.0,0.0,0,-107875648.0,63,0.0,126,2.7184242562605685e+23,-109447136.0,ERR,ERR,ERR,ERR,ERR,ERR,ERR,ERR,ERR,ERR,ERR,ERR,ERR,ERR,ERR,ERR,ERR,ERR,ERR,ERR,ERR,ERR,ERR,ERR,ERR,ERR,ERR,ERR,ERR,ERR,ERR,ERR,ERR,ERR,ERR,ERR,ERR,ERR,ERR,ERR,ERR,ERR,ERR,ERR,ERR,ERR,ERR,ERR,ERR,ERR,ERR,ERR,ERR,ERR,ERR,ERR,ERR,ERR,ERR,ERR,ERR,ERR,ERR,ERR,ERR,ERR,ERR,34.0,80.0,35,0.0,0.0,0.0,0.0,0.0,0.0,0.0,0.0,0.0,0.0,0.0,0.0,0.0,0.0,0.0,0.0,64.4,0,117,56,50,65476,0,300,0,0,8,20529,65476,0,0,57672,80.0,0.0,0.0,0.0,0.0,0.0
2026-06-17T04:03:22,ERR,ERR,ERR,ERR,ERR,ERR,ERR,ERR,ERR,ERR,ERR,ERR,ERR,ERR,ERR,ERR,ERR,ERR,ERR,ERR,ERR,ERR,ERR,ERR,ERR,ERR,ERR,ERR,ERR,ERR,ERR,ERR,ERR,ERR,ERR,ERR,ERR,ERR,ERR,ERR,ERR,ERR,ERR,ERR,ERR,ERR,ERR,ERR,ERR,ERR,ERR,ERR,ERR,ERR,ERR,ERR,ERR,ERR,ERR,ERR,ERR,ERR,ERR,ERR,ERR,ERR,ERR,ERR,ERR,ERR,ERR,ERR,ERR,ERR,ERR,ERR,ERR,ERR,ERR,ERR,ERR,ERR,ERR,ERR,ERR,ERR,ERR,ERR,ERR,ERR,ERR,ERR,ERR,ERR,ERR,ERR,ERR,ERR,ERR,ERR,ERR,ERR,ERR,ERR,ERR,ERR,ERR,ERR,ERR,ERR,ERR,ERR,ERR,ERR,ERR,ERR,ERR,ERR,ERR,ERR,ERR,ERR,ERR,ERR,ERR,0.0,0.0,2.6474777903227054e+23,0.0,0.0,1.3936040501711995e+18,7.805,0.0,0,0,4,0,7300,-0.0,0,0.0,0.0,0.0,0.0,0.0,0,0,0,0,0.0,0,0,0,0,0,0,0,0,0,0,0,0,0,0,0,0,0,0,0,0,0,0,0,0,0,0,0,0,0,0,0,0,0,32,30,30,62,65476,0,300,0,0,8,21553,0.0,-107605600.0,0.0,0.0,0.0,0.0,0.0,0.0,0.0,0.0,0.0,0.0,0.0,0.0,0.0,0.0,0.0,0.0,0.0,0.0,0.0,0.0,2.004,-0.0,-2.004,-0.0,0.0,0.0,0.0,0.0,5469.0,-564146772901888.0,6971.0,0.0,0.0,0.0,0.0,0.0,0.0,0.0,0.0,63,-126841077760.0,-0.0,0.0,0.0,0.0,0.0,0.0,0.0,0.0,0,0,0,0.0,0.0,0.0,0.0,0.0,0.0,0.0,0.0,0.0,0.0,0.0,0.0,0.0,0.0,0.0,0.0,0,-107875648.0,63,0.0,126,2.7184242562605685e+23,-109447136.0,ERR,ERR,ERR,ERR,ERR,ERR,ERR,ERR,ERR,ERR,ERR,ERR,ERR,ERR,ERR,ERR,ERR,ERR,ERR,ERR,ERR,ERR,ERR,ERR,ERR,ERR,ERR,ERR,ERR,ERR,ERR,ERR,ERR,ERR,ERR,ERR,ERR,ERR,ERR,ERR,ERR,ERR,ERR,ERR,ERR,ERR,ERR,ERR,ERR,ERR,ERR,ERR,ERR,ERR,ERR,ERR,ERR,ERR,ERR,ERR,ERR,ERR,ERR,ERR,ERR,ERR,ERR,34.0,80.0,35,0.0,0.0,0.0,0.0,0.0,0.0,0.0,0.0,0.0,0.0,0.0,0.0,0.0,0.0,0.0,0.0,64.4,0,117,56,50,65476,0,300,0,0,8,20529,65476,0,0,57672,80.0,0.0,0.0,0.0,0.0,0.0
2026-06-17T04:03:23,ERR,ERR,ERR,ERR,ERR,ERR,ERR,ERR,ERR,ERR,ERR,ERR,ERR,ERR,ERR,ERR,ERR,ERR,ERR,ERR,ERR,ERR,ERR,ERR,ERR,ERR,ERR,ERR,ERR,ERR,ERR,ERR,ERR,ERR,ERR,ERR,ERR,ERR,ERR,ERR,ERR,ERR,ERR,ERR,ERR,ERR,ERR,ERR,ERR,ERR,ERR,ERR,ERR,ERR,ERR,ERR,ERR,ERR,ERR,ERR,ERR,ERR,ERR,ERR,ERR,ERR,ERR,ERR,ERR,ERR,ERR,ERR,ERR,ERR,ERR,ERR,ERR,ERR,ERR,ERR,ERR,ERR,ERR,ERR,ERR,ERR,ERR,ERR,ERR,ERR,ERR,ERR,ERR,ERR,ERR,ERR,ERR,ERR,ERR,ERR,ERR,ERR,ERR,ERR,ERR,ERR,ERR,ERR,ERR,ERR,ERR,ERR,ERR,ERR,ERR,ERR,ERR,ERR,ERR,ERR,ERR,ERR,ERR,ERR,ERR,0.0,0.0,2.6474777903227054e+23,0.0,0.0,1.3936040501711995e+18,7.805,0.0,0,0,4,0,7300,-0.0,0,0.0,0.0,0.0,0.0,0.0,0,0,0,0,0.0,0,0,0,0,0,0,0,0,0,0,0,0,0,0,0,0,0,0,0,0,0,0,0,0,0,0,0,0,0,0,0,0,0,32,30,30,62,65476,0,300,0,0,8,21553,0.0,-107605600.0,0.0,0.0,0.0,0.0,0.0,0.0,0.0,0.0,0.0,0.0,0.0,0.0,0.0,0.0,0.0,0.0,0.0,0.0,0.0,0.0,2.004,-0.0,-0.0,-0.0,0.0,0.0,0.0,0.0,5469.0,3.697192290889813e+19,6956.0,0.0,0.0,-107615280.0,0.0,0.0,0.0,0.0,0.0,63,-126841077760.0,0.0,0.0,0.0,0.0,0.0,0.0,0.0,0.0,0,0,0,0.0,0.0,0.0,0.0,0.0,0.0,0.0,0.0,0.0,0.0,0.0,0.0,0.0,0.0,0.0,0.0,0,-107875648.0,63,0.0,126,2.7184242562605685e+23,-0.0,ERR,ERR,ERR,ERR,ERR,ERR,ERR,ERR,ERR,ERR,ERR,ERR,ERR,ERR,ERR,ERR,ERR,ERR,ERR,ERR,ERR,ERR,ERR,ERR,ERR,ERR,ERR,ERR,ERR,ERR,ERR,ERR,ERR,ERR,ERR,ERR,ERR,ERR,ERR,ERR,ERR,ERR,ERR,ERR,ERR,ERR,ERR,ERR,ERR,ERR,ERR,ERR,ERR,ERR,ERR,ERR,ERR,ERR,ERR,ERR,ERR,ERR,ERR,ERR,ERR,ERR,ERR,34.0,80.0,35,0.0,0.0,0.0,0.0,0.0,0.0,0.0,0.0,0.0,0.0,0.0,0.0,0.0,0.0,0.0,0.0,64.8,0,117,56,50,65476,0,300,0,0,8,20529,65476,0,0,57672,80.0,0.0,0.0,0.0,0.0,0.0
2026-06-17T04:03:24,ERR,ERR,ERR,ERR,ERR,ERR,ERR,ERR,ERR,ERR,ERR,ERR,ERR,ERR,ERR,ERR,ERR,ERR,ERR,ERR,ERR,ERR,ERR,ERR,ERR,ERR,ERR,ERR,ERR,ERR,ERR,ERR,ERR,ERR,ERR,ERR,ERR,ERR,ERR,ERR,ERR,ERR,ERR,ERR,ERR,ERR,ERR,ERR,ERR,ERR,ERR,ERR,ERR,ERR,ERR,ERR,ERR,ERR,ERR,ERR,ERR,ERR,ERR,ERR,ERR,ERR,ERR,ERR,ERR,ERR,ERR,ERR,ERR,ERR,ERR,ERR,ERR,ERR,ERR,ERR,ERR,ERR,ERR,ERR,ERR,ERR,ERR,ERR,ERR,ERR,ERR,ERR,ERR,ERR,ERR,ERR,ERR,ERR,ERR,ERR,ERR,ERR,ERR,ERR,ERR,ERR,ERR,ERR,ERR,ERR,ERR,ERR,ERR,ERR,ERR,ERR,ERR,ERR,ERR,ERR,ERR,ERR,ERR,ERR,ERR,0.0,0.0,2.6474777903227054e+23,0.0,0.0,1.3936040501711995e+18,7.805,0.0,0,0,4,0,7300,-0.0,0,0.0,0.0,0.0,0.0,0.0,0,0,0,0,0.0,0,0,0,0,0,0,0,0,0,0,0,0,0,0,0,0,0,0,0,0,0,0,0,0,0,0,0,0,0,0,0,0,0,32,30,30,62,65476,0,300,0,0,8,21553,0.0,-107605600.0,0.0,0.0,0.0,0.0,0.0,0.0,0.0,0.0,0.0,0.0,0.0,0.0,0.0,0.0,0.0,0.0,0.0,0.0,0.0,0.0,2.004,-0.0,-0.0,-0.0,0.0,0.0,0.0,0.0,5469.0,3.697192290889813e+19,6956.0,0.0,0.0,-107615280.0,0.0,0.0,0.0,0.0,0.0,63,-126841077760.0,0.0,0.0,0.0,0.0,0.0,0.0,0.0,0.0,0,0,0,0.0,0.0,0.0,0.0,0.0,0.0,0.0,0.0,0.0,0.0,0.0,0.0,0.0,0.0,0.0,0.0,0,-107875648.0,63,0.0,126,2.7184242562605685e+23,-0.0,ERR,ERR,ERR,ERR,ERR,ERR,ERR,ERR,ERR,ERR,ERR,ERR,ERR,ERR,ERR,ERR,ERR,ERR,ERR,ERR,ERR,ERR,ERR,ERR,ERR,ERR,ERR,ERR,ERR,ERR,ERR,ERR,ERR,ERR,ERR,ERR,ERR,ERR,ERR,ERR,ERR,ERR,ERR,ERR,ERR,ERR,ERR,ERR,ERR,ERR,ERR,ERR,ERR,ERR,ERR,ERR,ERR,ERR,ERR,ERR,ERR,ERR,ERR,ERR,ERR,ERR,ERR,34.0,80.0,35,0.0,0.0,0.0,0.0,0.0,0.0,0.0,0.0,0.0,0.0,0.0,0.0,0.0,0.0,0.0,0.0,64.8,0,117,56,50,65476,0,300,0,0,8,20529,65476,0,0,57672,80.0,0.0,0.0,0.0,0.0,0.0
2026-06-17T04:03:25,ERR,ERR,ERR,ERR,ERR,ERR,ERR,ERR,ERR,ERR,ERR,ERR,ERR,ERR,ERR,ERR,ERR,ERR,ERR,ERR,ERR,ERR,ERR,ERR,ERR,ERR,ERR,ERR,ERR,ERR,ERR,ERR,ERR,ERR,ERR,ERR,ERR,ERR,ERR,ERR,ERR,ERR,ERR,ERR,ERR,ERR,ERR,ERR,ERR,ERR,ERR,ERR,ERR,ERR,ERR,ERR,ERR,ERR,ERR,ERR,ERR,ERR,ERR,ERR,ERR,ERR,ERR,ERR,ERR,ERR,ERR,ERR,ERR,ERR,ERR,ERR,ERR,ERR,ERR,ERR,ERR,ERR,ERR,ERR,ERR,ERR,ERR,ERR,ERR,ERR,ERR,ERR,ERR,ERR,ERR,ERR,ERR,ERR,ERR,ERR,ERR,ERR,ERR,ERR,ERR,ERR,ERR,ERR,ERR,ERR,ERR,ERR,ERR,ERR,ERR,ERR,ERR,ERR,ERR,ERR,ERR,ERR,ERR,ERR,ERR,0.0,0.0,2.6474777903227054e+23,0.0,0.0,1.3936040501711995e+18,7.805,0.0,0,0,4,0,7300,-0.0,0,0.0,0.0,0.0,0.0,0.0,0,0,0,0,0.0,0,0,0,0,0,0,0,0,0,0,0,0,0,0,0,0,0,0,0,0,0,0,0,0,0,0,0,0,0,0,0,0,0,32,30,30,62,65476,0,300,0,0,8,21553,0.0,-107605600.0,0.0,0.0,0.0,0.0,0.0,0.0,0.0,0.0,0.0,0.0,0.0,0.0,0.0,0.0,0.0,0.0,0.0,0.0,0.0,0.0,2.004,-0.0,-0.0,-0.0,0.0,0.0,0.0,0.0,5469.0,3.697192290889813e+19,6956.0,0.0,0.0,-107615280.0,0.0,0.0,0.0,0.0,0.0,63,-126841077760.0,0.0,0.0,0.0,0.0,0.0,0.0,0.0,0.0,0,0,0,0.0,0.0,0.0,0.0,0.0,0.0,0.0,0.0,0.0,0.0,0.0,0.0,0.0,0.0,0.0,0.0,0,-107875648.0,63,0.0,126,2.7184242562605685e+23,-0.0,ERR,ERR,ERR,ERR,ERR,ERR,ERR,ERR,ERR,ERR,ERR,ERR,ERR,ERR,ERR,ERR,ERR,ERR,ERR,ERR,ERR,ERR,ERR,ERR,ERR,ERR,ERR,ERR,ERR,ERR,ERR,ERR,ERR,ERR,ERR,ERR,ERR,ERR,ERR,ERR,ERR,ERR,ERR,ERR,ERR,ERR,ERR,ERR,ERR,ERR,ERR,ERR,ERR,ERR,ERR,ERR,ERR,ERR,ERR,ERR,ERR,ERR,ERR,ERR,ERR,ERR,ERR,34.0,80.0,35,0.0,0.0,0.0,0.0,0.0,0.0,0.0,0.0,0.0,0.0,0.0,0.0,0.0,0.0,0.0,0.0,64.4,0,117,56,50,65476,0,300,0,0,8,20529,65476,0,0,57672,80.0,0.0,0.0,0.0,0.0,0.0
2026-06-17T04:03:26,ERR,ERR,ERR,ERR,ERR,ERR,ERR,ERR,ERR,ERR,ERR,ERR,ERR,ERR,ERR,ERR,ERR,ERR,ERR,ERR,ERR,ERR,ERR,ERR,ERR,ERR,ERR,ERR,ERR,ERR,ERR,ERR,ERR,ERR,ERR,ERR,ERR,ERR,ERR,ERR,ERR,ERR,ERR,ERR,ERR,ERR,ERR,ERR,ERR,ERR,ERR,ERR,ERR,ERR,ERR,ERR,ERR,ERR,ERR,ERR,ERR,ERR,ERR,ERR,ERR,ERR,ERR,ERR,ERR,ERR,ERR,ERR,ERR,ERR,ERR,ERR,ERR,ERR,ERR,ERR,ERR,ERR,ERR,ERR,ERR,ERR,ERR,ERR,ERR,ERR,ERR,ERR,ERR,ERR,ERR,ERR,ERR,ERR,ERR,ERR,ERR,ERR,ERR,ERR,ERR,ERR,ERR,ERR,ERR,ERR,ERR,ERR,ERR,ERR,ERR,ERR,ERR,ERR,ERR,ERR,ERR,ERR,ERR,ERR,ERR,0.0,0.0,2.6474777903227054e+23,0.0,0.0,1.3936040501711995e+18,7.805,0.0,0,0,4,0,7300,-0.0,0,0.0,0.0,0.0,0.0,0.0,0,0,0,0,0.0,0,0,0,0,0,0,0,0,0,0,0,0,0,0,0,0,0,0,0,0,0,0,0,0,0,0,0,0,0,0,0,0,0,32,30,30,62,65476,0,300,0,0,8,21553,0.0,-107605600.0,0.0,0.0,0.0,0.0,0.0,0.0,0.0,0.0,0.0,0.0,0.0,0.0,0.0,0.0,0.0,0.0,0.0,0.0,0.0,0.0,2.004,-0.0,-0.0,-0.0,0.0,0.0,0.0,0.0,5469.0,3.697192290889813e+19,6956.0,0.0,0.0,-107615280.0,0.0,0.0,0.0,0.0,0.0,63,-126841077760.0,0.0,0.0,0.0,0.0,0.0,0.0,0.0,0.0,0,0,0,0.0,0.0,0.0,0.0,0.0,0.0,0.0,0.0,0.0,0.0,0.0,0.0,0.0,0.0,0.0,0.0,0,-107875648.0,63,0.0,126,2.7184242562605685e+23,-0.0,ERR,ERR,ERR,ERR,ERR,ERR,ERR,ERR,ERR,ERR,ERR,ERR,ERR,ERR,ERR,ERR,ERR,ERR,ERR,ERR,ERR,ERR,ERR,ERR,ERR,ERR,ERR,ERR,ERR,ERR,ERR,ERR,ERR,ERR,ERR,ERR,ERR,ERR,ERR,ERR,ERR,ERR,ERR,ERR,ERR,ERR,ERR,ERR,ERR,ERR,ERR,ERR,ERR,ERR,ERR,ERR,ERR,ERR,ERR,ERR,ERR,ERR,ERR,ERR,ERR,ERR,ERR,34.0,80.0,35,0.0,0.0,0.0,0.0,0.0,0.0,0.0,0.0,0.0,0.0,0.0,0.0,0.0,0.0,0.0,0.0,64.4,0,117,56,50,65476,0,300,0,0,8,20529,65476,0,0,57672,80.0,0.0,0.0,0.0,0.0,0.0
2026-06-17T04:03:27,ERR,ERR,ERR,ERR,ERR,ERR,ERR,ERR,ERR,ERR,ERR,ERR,ERR,ERR,ERR,ERR,ERR,ERR,ERR,ERR,ERR,ERR,ERR,ERR,ERR,ERR,ERR,ERR,ERR,ERR,ERR,ERR,ERR,ERR,ERR,ERR,ERR,ERR,ERR,ERR,ERR,ERR,ERR,ERR,ERR,ERR,ERR,ERR,ERR,ERR,ERR,ERR,ERR,ERR,ERR,ERR,ERR,ERR,ERR,ERR,ERR,ERR,ERR,ERR,ERR,ERR,ERR,ERR,ERR,ERR,ERR,ERR,ERR,ERR,ERR,ERR,ERR,ERR,ERR,ERR,ERR,ERR,ERR,ERR,ERR,ERR,ERR,ERR,ERR,ERR,ERR,ERR,ERR,ERR,ERR,ERR,ERR,ERR,ERR,ERR,ERR,ERR,ERR,ERR,ERR,ERR,ERR,ERR,ERR,ERR,ERR,ERR,ERR,ERR,ERR,ERR,ERR,ERR,ERR,ERR,ERR,ERR,ERR,ERR,ERR,0.0,0.0,2.6474777903227054e+23,0.0,0.0,1.3936040501711995e+18,7.805,0.0,0,0,4,0,7300,-0.0,0,0.0,0.0,0.0,0.0,0.0,0,0,0,0,0.0,0,0,0,0,0,0,0,0,0,0,0,0,0,0,0,0,0,0,0,0,0,0,0,0,0,0,0,0,0,0,0,0,0,32,30,30,62,65476,0,300,0,0,8,21553,0.0,-107605600.0,0.0,0.0,0.0,0.0,0.0,0.0,0.0,0.0,0.0,0.0,0.0,0.0,0.0,0.0,0.0,0.0,0.0,0.0,0.0,0.0,2.004,-0.0,-0.0,-0.0,0.0,0.0,0.0,0.0,5469.0,3.697192290889813e+19,6956.0,0.0,0.0,-107615280.0,0.0,0.0,0.0,0.0,0.0,63,-126841077760.0,0.0,0.0,0.0,0.0,0.0,0.0,0.0,0.0,0,0,0,0.0,0.0,0.0,0.0,0.0,0.0,0.0,0.0,0.0,0.0,0.0,0.0,0.0,0.0,0.0,0.0,0,-107875648.0,63,0.0,126,2.7184242562605685e+23,-0.0,ERR,ERR,ERR,ERR,ERR,ERR,ERR,ERR,ERR,ERR,ERR,ERR,ERR,ERR,ERR,ERR,ERR,ERR,ERR,ERR,ERR,ERR,ERR,ERR,ERR,ERR,ERR,ERR,ERR,ERR,ERR,ERR,ERR,ERR,ERR,ERR,ERR,ERR,ERR,ERR,ERR,ERR,ERR,ERR,ERR,ERR,ERR,ERR,ERR,ERR,ERR,ERR,ERR,ERR,ERR,ERR,ERR,ERR,ERR,ERR,ERR,ERR,ERR,ERR,ERR,ERR,ERR,34.0,80.0,35,0.0,0.0,0.0,0.0,0.0,0.0,0.0,0.0,0.0,0.0,0.0,0.0,0.0,0.0,0.0,0.0,64.4,0,117,56,50,65476,0,300,0,0,8,20529,65476,0,0,57672,80.0,0.0,0.0,0.0,0.0,0.0
2026-06-17T04:03:28,ERR,ERR,ERR,ERR,ERR,ERR,ERR,ERR,ERR,ERR,ERR,ERR,ERR,ERR,ERR,ERR,ERR,ERR,ERR,ERR,ERR,ERR,ERR,ERR,ERR,ERR,ERR,ERR,ERR,ERR,ERR,ERR,ERR,ERR,ERR,ERR,ERR,ERR,ERR,ERR,ERR,ERR,ERR,ERR,ERR,ERR,ERR,ERR,ERR,ERR,ERR,ERR,ERR,ERR,ERR,ERR,ERR,ERR,ERR,ERR,ERR,ERR,ERR,ERR,ERR,ERR,ERR,ERR,ERR,ERR,ERR,ERR,ERR,ERR,ERR,ERR,ERR,ERR,ERR,ERR,ERR,ERR,ERR,ERR,ERR,ERR,ERR,ERR,ERR,ERR,ERR,ERR,ERR,ERR,ERR,ERR,ERR,ERR,ERR,ERR,ERR,ERR,ERR,ERR,ERR,ERR,ERR,ERR,ERR,ERR,ERR,ERR,ERR,ERR,ERR,ERR,ERR,ERR,ERR,ERR,ERR,ERR,ERR,ERR,ERR,0.0,0.0,2.6474777903227054e+23,0.0,0.0,1.3936040501711995e+18,7.805,0.0,0,0,4,0,7300,-0.0,0,0.0,0.0,0.0,0.0,0.0,0,0,0,0,0.0,0,0,0,0,0,0,0,0,0,0,0,0,0,0,0,0,0,0,0,0,0,0,0,0,0,0,0,0,0,0,0,0,0,32,30,30,62,65476,0,300,0,0,8,21553,0.0,-107605600.0,0.0,0.0,0.0,0.0,0.0,0.0,0.0,0.0,0.0,0.0,0.0,0.0,0.0,0.0,0.0,0.0,0.0,0.0,0.0,0.0,2.004,-0.0,-0.0,-0.0,0.0,0.0,0.0,0.0,5468.0,564146772901888.0,6955.0,0.0,0.0,-107615280.0,0.0,0.0,0.0,0.0,0.0,63,-107615312.0,0.0,0.0,0.0,0.0,0.0,0.0,0.0,0.0,0,0,0,0.0,0.0,0.0,0.0,0.0,0.0,0.0,0.0,0.0,0.0,0.0,0.0,0.0,0.0,0.0,0.0,0,-107875648.0,63,0.0,126,2.7184242562605685e+23,-109447136.0,ERR,ERR,ERR,ERR,ERR,ERR,ERR,ERR,ERR,ERR,ERR,ERR,ERR,ERR,ERR,ERR,ERR,ERR,ERR,ERR,ERR,ERR,ERR,ERR,ERR,ERR,ERR,ERR,ERR,ERR,ERR,ERR,ERR,ERR,ERR,ERR,ERR,ERR,ERR,ERR,ERR,ERR,ERR,ERR,ERR,ERR,ERR,ERR,ERR,ERR,ERR,ERR,ERR,ERR,ERR,ERR,ERR,ERR,ERR,ERR,ERR,ERR,ERR,ERR,ERR,ERR,ERR,34.0,80.0,35,0.0,0.0,0.0,0.0,0.0,0.0,0.0,0.0,0.0,0.0,0.0,0.0,0.0,0.0,0.0,0.0,64.4,0,117,56,50,65476,0,300,0,0,8,20529,65476,0,0,57672,80.0,0.0,0.0,0.0,0.0,0.0
2026-06-17T04:03:29,ERR,ERR,ERR,ERR,ERR,ERR,ERR,ERR,ERR,ERR,ERR,ERR,ERR,ERR,ERR,ERR,ERR,ERR,ERR,ERR,ERR,ERR,ERR,ERR,ERR,ERR,ERR,ERR,ERR,ERR,ERR,ERR,ERR,ERR,ERR,ERR,ERR,ERR,ERR,ERR,ERR,ERR,ERR,ERR,ERR,ERR,ERR,ERR,ERR,ERR,ERR,ERR,ERR,ERR,ERR,ERR,ERR,ERR,ERR,ERR,ERR,ERR,ERR,ERR,ERR,ERR,ERR,ERR,ERR,ERR,ERR,ERR,ERR,ERR,ERR,ERR,ERR,ERR,ERR,ERR,ERR,ERR,ERR,ERR,ERR,ERR,ERR,ERR,ERR,ERR,ERR,ERR,ERR,ERR,ERR,ERR,ERR,ERR,ERR,ERR,ERR,ERR,ERR,ERR,ERR,ERR,ERR,ERR,ERR,ERR,ERR,ERR,ERR,ERR,ERR,ERR,ERR,ERR,ERR,ERR,ERR,ERR,ERR,ERR,ERR,0.0,0.0,2.6474777903227054e+23,0.0,0.0,1.3936040501711995e+18,7.805,0.0,0,0,4,0,7300,-0.0,0,0.0,0.0,0.0,0.0,0.0,0,0,0,0,0.0,0,0,0,0,0,0,0,0,0,0,0,0,0,0,0,0,0,0,0,0,0,0,0,0,0,0,0,0,0,0,0,0,0,32,30,30,62,65476,0,300,0,0,8,21553,0.0,-107605600.0,0.0,0.0,0.0,0.0,0.0,0.0,0.0,0.0,0.0,0.0,0.0,0.0,0.0,0.0,0.0,0.0,0.0,0.0,0.0,0.0,2.004,-0.0,-0.0,-0.0,0.0,0.0,0.0,0.0,5468.0,564146772901888.0,6955.0,0.0,0.0,-107615280.0,0.0,0.0,0.0,0.0,0.0,63,-107615312.0,0.0,0.0,0.0,0.0,0.0,0.0,0.0,0.0,0,0,0,0.0,0.0,0.0,0.0,0.0,0.0,0.0,0.0,0.0,0.0,0.0,0.0,0.0,0.0,0.0,0.0,0,-107875648.0,63,0.0,126,2.7184242562605685e+23,-109447136.0,ERR,ERR,ERR,ERR,ERR,ERR,ERR,ERR,ERR,ERR,ERR,ERR,ERR,ERR,ERR,ERR,ERR,ERR,ERR,ERR,ERR,ERR,ERR,ERR,ERR,ERR,ERR,ERR,ERR,ERR,ERR,ERR,ERR,ERR,ERR,ERR,ERR,ERR,ERR,ERR,ERR,ERR,ERR,ERR,ERR,ERR,ERR,ERR,ERR,ERR,ERR,ERR,ERR,ERR,ERR,ERR,ERR,ERR,ERR,ERR,ERR,ERR,ERR,ERR,ERR,ERR,ERR,34.0,80.0,35,0.0,0.0,0.0,0.0,0.0,0.0,0.0,0.0,0.0,0.0,0.0,0.0,0.0,0.0,0.0,0.0,64.4,0,117,56,50,65476,0,300,0,0,8,20529,65476,0,0,57672,80.0,0.0,0.0,0.0,0.0,0.0
2026-06-17T04:03:30,ERR,ERR,ERR,ERR,ERR,ERR,ERR,ERR,ERR,ERR,ERR,ERR,ERR,ERR,ERR,ERR,ERR,ERR,ERR,ERR,ERR,ERR,ERR,ERR,ERR,ERR,ERR,ERR,ERR,ERR,ERR,ERR,ERR,ERR,ERR,ERR,ERR,ERR,ERR,ERR,ERR,ERR,ERR,ERR,ERR,ERR,ERR,ERR,ERR,ERR,ERR,ERR,ERR,ERR,ERR,ERR,ERR,ERR,ERR,ERR,ERR,ERR,ERR,ERR,ERR,ERR,ERR,ERR,ERR,ERR,ERR,ERR,ERR,ERR,ERR,ERR,ERR,ERR,ERR,ERR,ERR,ERR,ERR,ERR,ERR,ERR,ERR,ERR,ERR,ERR,ERR,ERR,ERR,ERR,ERR,ERR,ERR,ERR,ERR,ERR,ERR,ERR,ERR,ERR,ERR,ERR,ERR,ERR,ERR,ERR,ERR,ERR,ERR,ERR,ERR,ERR,ERR,ERR,ERR,ERR,ERR,ERR,ERR,ERR,ERR,0.0,0.0,2.6474777903227054e+23,0.0,0.0,1.3936040501711995e+18,7.805,0.0,0,0,4,0,7300,-0.0,0,0.0,0.0,0.0,0.0,0.0,0,0,0,0,0.0,0,0,0,0,0,0,0,0,0,0,0,0,0,0,0,0,0,0,0,0,0,0,0,0,0,0,0,0,0,0,0,0,0,32,30,30,62,65476,0,300,0,0,8,21553,0.0,-107605600.0,0.0,0.0,0.0,0.0,0.0,0.0,0.0,0.0,0.0,0.0,0.0,0.0,0.0,0.0,0.0,0.0,0.0,0.0,0.0,0.0,2.004,-0.0,-0.0,-0.0,0.0,0.0,0.0,0.0,5468.0,564146772901888.0,6955.0,0.0,0.0,-107615280.0,0.0,0.0,0.0,0.0,0.0,63,-107615312.0,0.0,0.0,0.0,0.0,0.0,0.0,0.0,0.0,0,0,0,0.0,0.0,0.0,0.0,0.0,0.0,0.0,0.0,0.0,0.0,0.0,0.0,0.0,0.0,0.0,0.0,0,-107875648.0,63,0.0,126,2.7184242562605685e+23,-109447136.0,ERR,ERR,ERR,ERR,ERR,ERR,ERR,ERR,ERR,ERR,ERR,ERR,ERR,ERR,ERR,ERR,ERR,ERR,ERR,ERR,ERR,ERR,ERR,ERR,ERR,ERR,ERR,ERR,ERR,ERR,ERR,ERR,ERR,ERR,ERR,ERR,ERR,ERR,ERR,ERR,ERR,ERR,ERR,ERR,ERR,ERR,ERR,ERR,ERR,ERR,ERR,ERR,ERR,ERR,ERR,ERR,ERR,ERR,ERR,ERR,ERR,ERR,ERR,ERR,ERR,ERR,ERR,34.0,80.0,35,0.0,0.0,0.0,0.0,0.0,0.0,0.0,0.0,0.0,0.0,0.0,0.0,0.0,0.0,0.0,0.0,64.8,0,117,56,50,65476,0,300,0,0,8,20529,65476,0,0,57672,80.0,0.0,0.0,0.0,0.0,0.0
2026-06-17T04:03:31,ERR,ERR,ERR,ERR,ERR,ERR,ERR,ERR,ERR,ERR,ERR,ERR,ERR,ERR,ERR,ERR,ERR,ERR,ERR,ERR,ERR,ERR,ERR,ERR,ERR,ERR,ERR,ERR,ERR,ERR,ERR,ERR,ERR,ERR,ERR,ERR,ERR,ERR,ERR,ERR,ERR,ERR,ERR,ERR,ERR,ERR,ERR,ERR,ERR,ERR,ERR,ERR,ERR,ERR,ERR,ERR,ERR,ERR,ERR,ERR,ERR,ERR,ERR,ERR,ERR,ERR,ERR,ERR,ERR,ERR,ERR,ERR,ERR,ERR,ERR,ERR,ERR,ERR,ERR,ERR,ERR,ERR,ERR,ERR,ERR,ERR,ERR,ERR,ERR,ERR,ERR,ERR,ERR,ERR,ERR,ERR,ERR,ERR,ERR,ERR,ERR,ERR,ERR,ERR,ERR,ERR,ERR,ERR,ERR,ERR,ERR,ERR,ERR,ERR,ERR,ERR,ERR,ERR,ERR,ERR,ERR,ERR,ERR,ERR,ERR,0.0,0.0,2.6474777903227054e+23,0.0,0.0,1.3936040501711995e+18,7.805,0.0,0,0,4,0,7300,-0.0,0,0.0,0.0,0.0,0.0,0.0,0,0,0,0,0.0,0,0,0,0,0,0,0,0,0,0,0,0,0,0,0,0,0,0,0,0,0,0,0,0,0,0,0,0,0,0,0,0,0,32,30,30,62,65476,0,300,0,0,8,21553,0.0,-107605600.0,0.0,0.0,0.0,0.0,0.0,0.0,0.0,0.0,0.0,0.0,0.0,0.0,0.0,0.0,0.0,0.0,0.0,0.0,0.0,0.0,2.004,-0.0,-0.0,-0.0,0.0,0.0,0.0,0.0,5468.0,564146772901888.0,6955.0,0.0,0.0,-107615280.0,0.0,0.0,0.0,0.0,0.0,63,-107615312.0,0.0,0.0,0.0,0.0,0.0,0.0,0.0,0.0,0,0,0,0.0,0.0,0.0,0.0,0.0,0.0,0.0,0.0,0.0,0.0,0.0,0.0,0.0,0.0,0.0,0.0,0,-107875648.0,63,0.0,126,2.7184242562605685e+23,-109447136.0,ERR,ERR,ERR,ERR,ERR,ERR,ERR,ERR,ERR,ERR,ERR,ERR,ERR,ERR,ERR,ERR,ERR,ERR,ERR,ERR,ERR,ERR,ERR,ERR,ERR,ERR,ERR,ERR,ERR,ERR,ERR,ERR,ERR,ERR,ERR,ERR,ERR,ERR,ERR,ERR,ERR,ERR,ERR,ERR,ERR,ERR,ERR,ERR,ERR,ERR,ERR,ERR,ERR,ERR,ERR,ERR,ERR,ERR,ERR,ERR,ERR,ERR,ERR,ERR,ERR,ERR,ERR,34.0,80.0,35,0.0,0.0,0.0,0.0,0.0,0.0,0.0,0.0,0.0,0.0,0.0,0.0,0.0,0.0,0.0,0.0,64.8,0,117,56,50,65476,0,300,0,0,8,20529,65476,0,0,57672,80.0,0.0,0.0,0.0,0.0,0.0
2026-06-17T04:03:32,ERR,ERR,ERR,ERR,ERR,ERR,ERR,ERR,ERR,ERR,ERR,ERR,ERR,ERR,ERR,ERR,ERR,ERR,ERR,ERR,ERR,ERR,ERR,ERR,ERR,ERR,ERR,ERR,ERR,ERR,ERR,ERR,ERR,ERR,ERR,ERR,ERR,ERR,ERR,ERR,ERR,ERR,ERR,ERR,ERR,ERR,ERR,ERR,ERR,ERR,ERR,ERR,ERR,ERR,ERR,ERR,ERR,ERR,ERR,ERR,ERR,ERR,ERR,ERR,ERR,ERR,ERR,ERR,ERR,ERR,ERR,ERR,ERR,ERR,ERR,ERR,ERR,ERR,ERR,ERR,ERR,ERR,ERR,ERR,ERR,ERR,ERR,ERR,ERR,ERR,ERR,ERR,ERR,ERR,ERR,ERR,ERR,ERR,ERR,ERR,ERR,ERR,ERR,ERR,ERR,ERR,ERR,ERR,ERR,ERR,ERR,ERR,ERR,ERR,ERR,ERR,ERR,ERR,ERR,ERR,ERR,ERR,ERR,ERR,ERR,0.0,0.0,2.6474777903227054e+23,0.0,0.0,1.3936040501711995e+18,7.805,0.0,0,0,4,0,7300,-0.0,0,0.0,0.0,0.0,0.0,0.0,0,0,0,0,0.0,0,0,0,0,0,0,0,0,0,0,0,0,0,0,0,0,0,0,0,0,0,0,0,0,0,0,0,0,0,0,0,0,0,32,30,30,62,65476,0,300,0,0,8,21553,0.0,-107605600.0,0.0,0.0,0.0,0.0,0.0,0.0,0.0,0.0,0.0,0.0,0.0,0.0,0.0,0.0,0.0,0.0,0.0,0.0,0.0,0.0,2.004,-0.0,-0.0,-0.0,0.0,0.0,0.0,0.0,5468.0,564146772901888.0,6955.0,0.0,0.0,-107615280.0,0.0,0.0,0.0,0.0,0.0,63,-107615312.0,0.0,0.0,0.0,0.0,0.0,0.0,0.0,0.0,0,0,0,0.0,0.0,0.0,0.0,0.0,0.0,0.0,0.0,0.0,0.0,0.0,0.0,0.0,0.0,0.0,0.0,0,-107875648.0,63,0.0,126,2.7184242562605685e+23,-109447136.0,ERR,ERR,ERR,ERR,ERR,ERR,ERR,ERR,ERR,ERR,ERR,ERR,ERR,ERR,ERR,ERR,ERR,ERR,ERR,ERR,ERR,ERR,ERR,ERR,ERR,ERR,ERR,ERR,ERR,ERR,ERR,ERR,ERR,ERR,ERR,ERR,ERR,ERR,ERR,ERR,ERR,ERR,ERR,ERR,ERR,ERR,ERR,ERR,ERR,ERR,ERR,ERR,ERR,ERR,ERR,ERR,ERR,ERR,ERR,ERR,ERR,ERR,ERR,ERR,ERR,ERR,ERR,34.0,80.0,35,0.0,0.0,0.0,0.0,0.0,0.0,0.0,0.0,0.0,0.0,0.0,0.0,0.0,0.0,0.0,0.0,64.8,0,117,56,50,65476,0,300,0,0,8,20529,65476,0,0,57672,80.0,0.0,0.0,0.0,0.0,0.0
2026-06-17T04:03:33,ERR,ERR,ERR,ERR,ERR,ERR,ERR,ERR,ERR,ERR,ERR,ERR,ERR,ERR,ERR,ERR,ERR,ERR,ERR,ERR,ERR,ERR,ERR,ERR,ERR,ERR,ERR,ERR,ERR,ERR,ERR,ERR,ERR,ERR,ERR,ERR,ERR,ERR,ERR,ERR,ERR,ERR,ERR,ERR,ERR,ERR,ERR,ERR,ERR,ERR,ERR,ERR,ERR,ERR,ERR,ERR,ERR,ERR,ERR,ERR,ERR,ERR,ERR,ERR,ERR,ERR,ERR,ERR,ERR,ERR,ERR,ERR,ERR,ERR,ERR,ERR,ERR,ERR,ERR,ERR,ERR,ERR,ERR,ERR,ERR,ERR,ERR,ERR,ERR,ERR,ERR,ERR,ERR,ERR,ERR,ERR,ERR,ERR,ERR,ERR,ERR,ERR,ERR,ERR,ERR,ERR,ERR,ERR,ERR,ERR,ERR,ERR,ERR,ERR,ERR,ERR,ERR,ERR,ERR,ERR,ERR,ERR,ERR,ERR,ERR,0.0,0.0,2.6474777903227054e+23,0.0,0.0,1.3936040501711995e+18,7.805,0.0,0,0,4,0,7300,-0.0,0,0.0,0.0,0.0,0.0,0.0,0,0,0,0,0.0,0,0,0,0,0,0,0,0,0,0,0,0,0,0,0,0,0,0,0,0,0,0,0,0,0,0,0,0,0,0,0,0,0,32,30,30,62,65476,0,300,0,0,8,21553,0.0,-107605600.0,0.0,0.0,0.0,0.0,0.0,0.0,0.0,0.0,0.0,0.0,0.0,0.0,0.0,0.0,0.0,0.0,0.0,0.0,0.0,0.0,2.004,-0.0,-0.0,-0.0,0.0,0.0,0.0,0.0,5466.0,-0.0,6963.0,0.0,0.0,-107615280.0,0.0,0.0,0.0,0.0,0.0,63,-89221.078,1.9056890151436288e+17,0.0,0.0,0.0,0.0,0.0,0.0,0.0,0,0,0,0.0,0.0,0.0,0.0,0.0,0.0,0.0,0.0,0.0,0.0,0.0,0.0,0.0,0.0,0.0,0.0,0,-107875648.0,63,0.0,126,2.7184242562605685e+23,-0.0,ERR,ERR,ERR,ERR,ERR,ERR,ERR,ERR,ERR,ERR,ERR,ERR,ERR,ERR,ERR,ERR,ERR,ERR,ERR,ERR,ERR,ERR,ERR,ERR,ERR,ERR,ERR,ERR,ERR,ERR,ERR,ERR,ERR,ERR,ERR,ERR,ERR,ERR,ERR,ERR,ERR,ERR,ERR,ERR,ERR,ERR,ERR,ERR,ERR,ERR,ERR,ERR,ERR,ERR,ERR,ERR,ERR,ERR,ERR,ERR,ERR,ERR,ERR,ERR,ERR,ERR,ERR,34.0,80.0,35,0.0,0.0,0.0,0.0,0.0,0.0,0.0,0.0,0.0,0.0,0.0,0.0,0.0,0.0,0.0,0.0,64.8,0,117,56,50,65476,0,300,0,0,8,20529,65476,0,0,57672,80.0,0.0,0.0,0.0,0.0,0.0
2026-06-17T04:03:34,ERR,ERR,ERR,ERR,ERR,ERR,ERR,ERR,ERR,ERR,ERR,ERR,ERR,ERR,ERR,ERR,ERR,ERR,ERR,ERR,ERR,ERR,ERR,ERR,ERR,ERR,ERR,ERR,ERR,ERR,ERR,ERR,ERR,ERR,ERR,ERR,ERR,ERR,ERR,ERR,ERR,ERR,ERR,ERR,ERR,ERR,ERR,ERR,ERR,ERR,ERR,ERR,ERR,ERR,ERR,ERR,ERR,ERR,ERR,ERR,ERR,ERR,ERR,ERR,ERR,ERR,ERR,ERR,ERR,ERR,ERR,ERR,ERR,ERR,ERR,ERR,ERR,ERR,ERR,ERR,ERR,ERR,ERR,ERR,ERR,ERR,ERR,ERR,ERR,ERR,ERR,ERR,ERR,ERR,ERR,ERR,ERR,ERR,ERR,ERR,ERR,ERR,ERR,ERR,ERR,ERR,ERR,ERR,ERR,ERR,ERR,ERR,ERR,ERR,ERR,ERR,ERR,ERR,ERR,ERR,ERR,ERR,ERR,ERR,ERR,0.0,0.0,2.6474777903227054e+23,0.0,0.0,1.3936040501711995e+18,7.805,0.0,0,0,4,0,7300,-0.0,0,0.0,0.0,0.0,0.0,0.0,0,0,0,0,0.0,0,0,0,0,0,0,0,0,0,0,0,0,0,0,0,0,0,0,0,0,0,0,0,0,0,0,0,0,0,0,0,0,0,32,30,30,62,65476,0,300,0,0,8,21553,0.0,-107605600.0,0.0,0.0,0.0,0.0,0.0,0.0,0.0,0.0,0.0,0.0,0.0,0.0,0.0,0.0,0.0,0.0,0.0,0.0,0.0,0.0,2.004,-0.0,-0.0,-0.0,0.0,0.0,0.0,0.0,5466.0,-0.0,6963.0,0.0,0.0,-107615280.0,0.0,0.0,0.0,0.0,0.0,63,-89221.078,1.9056890151436288e+17,0.0,0.0,0.0,0.0,0.0,0.0,0.0,0,0,0,0.0,0.0,0.0,0.0,0.0,0.0,0.0,0.0,0.0,0.0,0.0,0.0,0.0,0.0,0.0,0.0,0,-107875648.0,63,0.0,126,2.7184242562605685e+23,-0.0,ERR,ERR,ERR,ERR,ERR,ERR,ERR,ERR,ERR,ERR,ERR,ERR,ERR,ERR,ERR,ERR,ERR,ERR,ERR,ERR,ERR,ERR,ERR,ERR,ERR,ERR,ERR,ERR,ERR,ERR,ERR,ERR,ERR,ERR,ERR,ERR,ERR,ERR,ERR,ERR,ERR,ERR,ERR,ERR,ERR,ERR,ERR,ERR,ERR,ERR,ERR,ERR,ERR,ERR,ERR,ERR,ERR,ERR,ERR,ERR,ERR,ERR,ERR,ERR,ERR,ERR,ERR,34.0,80.0,35,0.0,0.0,0.0,0.0,0.0,0.0,0.0,0.0,0.0,0.0,0.0,0.0,0.0,0.0,0.0,0.0,64.4,0,117,56,50,65476,0,300,0,0,8,20529,65476,0,0,57672,80.0,0.0,0.0,0.0,0.0,0.0
2026-06-17T04:03:35,ERR,ERR,ERR,ERR,ERR,ERR,ERR,ERR,ERR,ERR,ERR,ERR,ERR,ERR,ERR,ERR,ERR,ERR,ERR,ERR,ERR,ERR,ERR,ERR,ERR,ERR,ERR,ERR,ERR,ERR,ERR,ERR,ERR,ERR,ERR,ERR,ERR,ERR,ERR,ERR,ERR,ERR,ERR,ERR,ERR,ERR,ERR,ERR,ERR,ERR,ERR,ERR,ERR,ERR,ERR,ERR,ERR,ERR,ERR,ERR,ERR,ERR,ERR,ERR,ERR,ERR,ERR,ERR,ERR,ERR,ERR,ERR,ERR,ERR,ERR,ERR,ERR,ERR,ERR,ERR,ERR,ERR,ERR,ERR,ERR,ERR,ERR,ERR,ERR,ERR,ERR,ERR,ERR,ERR,ERR,ERR,ERR,ERR,ERR,ERR,ERR,ERR,ERR,ERR,ERR,ERR,ERR,ERR,ERR,ERR,ERR,ERR,ERR,ERR,ERR,ERR,ERR,ERR,ERR,ERR,ERR,ERR,ERR,ERR,ERR,0.0,0.0,2.6474777903227054e+23,0.0,0.0,1.3936040501711995e+18,7.805,0.0,0,0,4,0,7300,-0.0,0,0.0,0.0,0.0,0.0,0.0,0,0,0,0,0.0,0,0,0,0,0,0,0,0,0,0,0,0,0,0,0,0,0,0,0,0,0,0,0,0,0,0,0,0,0,0,0,0,0,32,30,30,62,65476,0,300,0,0,8,21553,0.0,-107605600.0,0.0,0.0,0.0,0.0,0.0,0.0,0.0,0.0,0.0,0.0,0.0,0.0,0.0,0.0,0.0,0.0,0.0,0.0,0.0,0.0,2.004,-0.0,-0.0,-0.0,0.0,0.0,0.0,0.0,5466.0,-0.0,6963.0,0.0,0.0,-107615280.0,0.0,0.0,0.0,0.0,0.0,63,-89221.078,1.9056890151436288e+17,0.0,0.0,0.0,0.0,0.0,0.0,0.0,0,0,0,0.0,0.0,0.0,0.0,0.0,0.0,0.0,0.0,0.0,0.0,0.0,0.0,0.0,0.0,0.0,0.0,0,-107875648.0,63,0.0,126,2.7184242562605685e+23,-0.0,ERR,ERR,ERR,ERR,ERR,ERR,ERR,ERR,ERR,ERR,ERR,ERR,ERR,ERR,ERR,ERR,ERR,ERR,ERR,ERR,ERR,ERR,ERR,ERR,ERR,ERR,ERR,ERR,ERR,ERR,ERR,ERR,ERR,ERR,ERR,ERR,ERR,ERR,ERR,ERR,ERR,ERR,ERR,ERR,ERR,ERR,ERR,ERR,ERR,ERR,ERR,ERR,ERR,ERR,ERR,ERR,ERR,ERR,ERR,ERR,ERR,ERR,ERR,ERR,ERR,ERR,ERR,34.0,80.0,35,0.0,0.0,0.0,0.0,0.0,0.0,0.0,0.0,0.0,0.0,0.0,0.0,0.0,0.0,0.0,0.0,64.4,0,117,56,50,65476,0,300,0,0,8,20529,65476,0,0,57672,80.0,0.0,0.0,0.0,0.0,0.0
2026-06-17T04:03:36,ERR,ERR,ERR,ERR,ERR,ERR,ERR,ERR,ERR,ERR,ERR,ERR,ERR,ERR,ERR,ERR,ERR,ERR,ERR,ERR,ERR,ERR,ERR,ERR,ERR,ERR,ERR,ERR,ERR,ERR,ERR,ERR,ERR,ERR,ERR,ERR,ERR,ERR,ERR,ERR,ERR,ERR,ERR,ERR,ERR,ERR,ERR,ERR,ERR,ERR,ERR,ERR,ERR,ERR,ERR,ERR,ERR,ERR,ERR,ERR,ERR,ERR,ERR,ERR,ERR,ERR,ERR,ERR,ERR,ERR,ERR,ERR,ERR,ERR,ERR,ERR,ERR,ERR,ERR,ERR,ERR,ERR,ERR,ERR,ERR,ERR,ERR,ERR,ERR,ERR,ERR,ERR,ERR,ERR,ERR,ERR,ERR,ERR,ERR,ERR,ERR,ERR,ERR,ERR,ERR,ERR,ERR,ERR,ERR,ERR,ERR,ERR,ERR,ERR,ERR,ERR,ERR,ERR,ERR,ERR,ERR,ERR,ERR,ERR,ERR,0.0,0.0,2.6474777903227054e+23,0.0,0.0,1.3936040501711995e+18,7.805,0.0,0,0,4,0,7300,-0.0,0,0.0,0.0,0.0,0.0,0.0,0,0,0,0,0.0,0,0,0,0,0,0,0,0,0,0,0,0,0,0,0,0,0,0,0,0,0,0,0,0,0,0,0,0,0,0,0,0,0,32,30,30,62,65476,0,300,0,0,8,21553,0.0,-107605600.0,0.0,0.0,0.0,0.0,0.0,0.0,0.0,0.0,0.0,0.0,0.0,0.0,0.0,0.0,0.0,0.0,0.0,0.0,0.0,0.0,2.004,-0.0,-0.0,-0.0,0.0,0.0,0.0,0.0,5466.0,-0.0,6963.0,0.0,0.0,-107615280.0,0.0,0.0,0.0,0.0,0.0,63,-89221.078,1.9056890151436288e+17,0.0,0.0,0.0,0.0,0.0,0.0,0.0,0,0,0,0.0,0.0,0.0,0.0,0.0,0.0,0.0,0.0,0.0,0.0,0.0,0.0,0.0,0.0,0.0,0.0,0,-107875648.0,63,0.0,126,2.7184242562605685e+23,-0.0,ERR,ERR,ERR,ERR,ERR,ERR,ERR,ERR,ERR,ERR,ERR,ERR,ERR,ERR,ERR,ERR,ERR,ERR,ERR,ERR,ERR,ERR,ERR,ERR,ERR,ERR,ERR,ERR,ERR,ERR,ERR,ERR,ERR,ERR,ERR,ERR,ERR,ERR,ERR,ERR,ERR,ERR,ERR,ERR,ERR,ERR,ERR,ERR,ERR,ERR,ERR,ERR,ERR,ERR,ERR,ERR,ERR,ERR,ERR,ERR,ERR,ERR,ERR,ERR,ERR,ERR,ERR,34.0,80.0,35,0.0,0.0,0.0,0.0,0.0,0.0,0.0,0.0,0.0,0.0,0.0,0.0,0.0,0.0,0.0,0.0,64.8,0,117,56,50,65476,0,300,0,0,8,20529,65476,0,0,57672,80.0,0.0,0.0,0.0,0.0,0.0
2026-06-17T04:03:37,ERR,ERR,ERR,ERR,ERR,ERR,ERR,ERR,ERR,ERR,ERR,ERR,ERR,ERR,ERR,ERR,ERR,ERR,ERR,ERR,ERR,ERR,ERR,ERR,ERR,ERR,ERR,ERR,ERR,ERR,ERR,ERR,ERR,ERR,ERR,ERR,ERR,ERR,ERR,ERR,ERR,ERR,ERR,ERR,ERR,ERR,ERR,ERR,ERR,ERR,ERR,ERR,ERR,ERR,ERR,ERR,ERR,ERR,ERR,ERR,ERR,ERR,ERR,ERR,ERR,ERR,ERR,ERR,ERR,ERR,ERR,ERR,ERR,ERR,ERR,ERR,ERR,ERR,ERR,ERR,ERR,ERR,ERR,ERR,ERR,ERR,ERR,ERR,ERR,ERR,ERR,ERR,ERR,ERR,ERR,ERR,ERR,ERR,ERR,ERR,ERR,ERR,ERR,ERR,ERR,ERR,ERR,ERR,ERR,ERR,ERR,ERR,ERR,ERR,ERR,ERR,ERR,ERR,ERR,ERR,ERR,ERR,ERR,ERR,ERR,0.0,0.0,2.6474777903227054e+23,0.0,0.0,1.3936040501711995e+18,7.805,0.0,0,0,4,0,7300,-0.0,0,0.0,0.0,0.0,0.0,0.0,0,0,0,0,0.0,0,0,0,0,0,0,0,0,0,0,0,0,0,0,0,0,0,0,0,0,0,0,0,0,0,0,0,0,0,0,0,0,0,32,30,30,62,65476,0,300,0,0,8,21553,0.0,-107605600.0,0.0,0.0,0.0,0.0,0.0,0.0,0.0,0.0,0.0,0.0,0.0,0.0,0.0,0.0,0.0,0.0,0.0,0.0,0.0,0.0,2.004,-0.0,-0.0,-0.0,0.0,0.0,0.0,0.0,5466.0,-0.0,6963.0,0.0,0.0,-107615280.0,0.0,0.0,0.0,0.0,0.0,63,-89221.078,1.9056890151436288e+17,0.0,0.0,0.0,0.0,0.0,0.0,0.0,0,0,0,0.0,0.0,0.0,0.0,0.0,0.0,0.0,0.0,0.0,0.0,0.0,0.0,0.0,0.0,0.0,0.0,0,-107875648.0,63,0.0,126,2.7184242562605685e+23,-0.0,ERR,ERR,ERR,ERR,ERR,ERR,ERR,ERR,ERR,ERR,ERR,ERR,ERR,ERR,ERR,ERR,ERR,ERR,ERR,ERR,ERR,ERR,ERR,ERR,ERR,ERR,ERR,ERR,ERR,ERR,ERR,ERR,ERR,ERR,ERR,ERR,ERR,ERR,ERR,ERR,ERR,ERR,ERR,ERR,ERR,ERR,ERR,ERR,ERR,ERR,ERR,ERR,ERR,ERR,ERR,ERR,ERR,ERR,ERR,ERR,ERR,ERR,ERR,ERR,ERR,ERR,ERR,34.0,80.0,35,0.0,0.0,0.0,0.0,0.0,0.0,0.0,0.0,0.0,0.0,0.0,0.0,0.0,0.0,0.0,0.0,64.8,0,117,56,50,65476,0,300,0,0,8,20529,65476,0,0,57672,80.0,0.0,0.0,0.0,0.0,0.0
2026-06-17T04:03:38,ERR,ERR,ERR,ERR,ERR,ERR,ERR,ERR,ERR,ERR,ERR,ERR,ERR,ERR,ERR,ERR,ERR,ERR,ERR,ERR,ERR,ERR,ERR,ERR,ERR,ERR,ERR,ERR,ERR,ERR,ERR,ERR,ERR,ERR,ERR,ERR,ERR,ERR,ERR,ERR,ERR,ERR,ERR,ERR,ERR,ERR,ERR,ERR,ERR,ERR,ERR,ERR,ERR,ERR,ERR,ERR,ERR,ERR,ERR,ERR,ERR,ERR,ERR,ERR,ERR,ERR,ERR,ERR,ERR,ERR,ERR,ERR,ERR,ERR,ERR,ERR,ERR,ERR,ERR,ERR,ERR,ERR,ERR,ERR,ERR,ERR,ERR,ERR,ERR,ERR,ERR,ERR,ERR,ERR,ERR,ERR,ERR,ERR,ERR,ERR,ERR,ERR,ERR,ERR,ERR,ERR,ERR,ERR,ERR,ERR,ERR,ERR,ERR,ERR,ERR,ERR,ERR,ERR,ERR,ERR,ERR,ERR,ERR,ERR,ERR,0.0,0.0,2.6474777903227054e+23,0.0,0.0,1.3936040501711995e+18,7.805,0.0,0,0,4,0,7300,-0.0,0,0.0,0.0,0.0,0.0,0.0,0,0,0,0,0.0,0,0,0,0,0,0,0,0,0,0,0,0,0,0,0,0,0,0,0,0,0,0,0,0,0,0,0,0,0,0,0,0,0,32,30,30,62,65476,0,300,0,0,8,21553,0.0,-107605600.0,0.0,0.0,0.0,0.0,0.0,0.0,0.0,0.0,0.0,0.0,0.0,0.0,0.0,0.0,0.0,0.0,0.0,0.0,0.0,0.0,2.004,-0.0,-0.0,2.004,0.0,0.0,0.0,0.0,5465.0,2.004,6952.0,0.0,0.0,-107615280.0,0.0,0.0,0.0,0.0,0.0,63,-0.059,-3.222009039136753e+26,0.0,0.0,0.0,0.0,0.0,0.0,0.0,0,0,0,0.0,0.0,0.0,0.0,0.0,0.0,0.0,0.0,0.0,0.0,0.0,0.0,0.0,0.0,0.0,0.0,0,-107875648.0,63,0.0,126,2.7184242562605685e+23,-0.0,ERR,ERR,ERR,ERR,ERR,ERR,ERR,ERR,ERR,ERR,ERR,ERR,ERR,ERR,ERR,ERR,ERR,ERR,ERR,ERR,ERR,ERR,ERR,ERR,ERR,ERR,ERR,ERR,ERR,ERR,ERR,ERR,ERR,ERR,ERR,ERR,ERR,ERR,ERR,ERR,ERR,ERR,ERR,ERR,ERR,ERR,ERR,ERR,ERR,ERR,ERR,ERR,ERR,ERR,ERR,ERR,ERR,ERR,ERR,ERR,ERR,ERR,ERR,ERR,ERR,ERR,ERR,34.0,80.0,35,0.0,0.0,0.0,0.0,0.0,0.0,0.0,0.0,0.0,0.0,0.0,0.0,0.0,0.0,0.0,0.0,64.8,0,117,56,50,65476,0,300,0,0,8,20529,65476,0,0,57672,80.0,0.0,0.0,0.0,0.0,0.0
2026-06-17T04:03:39,ERR,ERR,ERR,ERR,ERR,ERR,ERR,ERR,ERR,ERR,ERR,ERR,ERR,ERR,ERR,ERR,ERR,ERR,ERR,ERR,ERR,ERR,ERR,ERR,ERR,ERR,ERR,ERR,ERR,ERR,ERR,ERR,ERR,ERR,ERR,ERR,ERR,ERR,ERR,ERR,ERR,ERR,ERR,ERR,ERR,ERR,ERR,ERR,ERR,ERR,ERR,ERR,ERR,ERR,ERR,ERR,ERR,ERR,ERR,ERR,ERR,ERR,ERR,ERR,ERR,ERR,ERR,ERR,ERR,ERR,ERR,ERR,ERR,ERR,ERR,ERR,ERR,ERR,ERR,ERR,ERR,ERR,ERR,ERR,ERR,ERR,ERR,ERR,ERR,ERR,ERR,ERR,ERR,ERR,ERR,ERR,ERR,ERR,ERR,ERR,ERR,ERR,ERR,ERR,ERR,ERR,ERR,ERR,ERR,ERR,ERR,ERR,ERR,ERR,ERR,ERR,ERR,ERR,ERR,ERR,ERR,ERR,ERR,ERR,ERR,0.0,0.0,2.6474777903227054e+23,0.0,0.0,1.3936040501711995e+18,7.805,0.0,0,0,4,0,7300,-0.0,0,0.0,0.0,0.0,0.0,0.0,0,0,0,0,0.0,0,0,0,0,0,0,0,0,0,0,0,0,0,0,0,0,0,0,0,0,0,0,0,0,0,0,0,0,0,0,0,0,0,32,30,30,62,65476,0,300,0,0,8,21553,0.0,-107605600.0,0.0,0.0,0.0,0.0,0.0,0.0,0.0,0.0,0.0,0.0,0.0,0.0,0.0,0.0,0.0,0.0,0.0,0.0,0.0,0.0,2.004,-0.0,-0.0,2.004,0.0,0.0,0.0,0.0,5465.0,2.004,6952.0,0.0,0.0,-107615280.0,0.0,0.0,0.0,0.0,0.0,63,-0.059,-3.222009039136753e+26,0.0,0.0,0.0,0.0,0.0,0.0,0.0,0,0,0,0.0,0.0,0.0,0.0,0.0,0.0,0.0,0.0,0.0,0.0,0.0,0.0,0.0,0.0,0.0,0.0,0,-107875648.0,63,0.0,126,2.7184242562605685e+23,-0.0,ERR,ERR,ERR,ERR,ERR,ERR,ERR,ERR,ERR,ERR,ERR,ERR,ERR,ERR,ERR,ERR,ERR,ERR,ERR,ERR,ERR,ERR,ERR,ERR,ERR,ERR,ERR,ERR,ERR,ERR,ERR,ERR,ERR,ERR,ERR,ERR,ERR,ERR,ERR,ERR,ERR,ERR,ERR,ERR,ERR,ERR,ERR,ERR,ERR,ERR,ERR,ERR,ERR,ERR,ERR,ERR,ERR,ERR,ERR,ERR,ERR,ERR,ERR,ERR,ERR,ERR,ERR,34.0,80.0,35,0.0,0.0,0.0,0.0,0.0,0.0,0.0,0.0,0.0,0.0,0.0,0.0,0.0,0.0,0.0,0.0,64.8,0,117,56,50,65476,0,300,0,0,8,20529,65476,0,0,57672,80.0,0.0,0.0,0.0,0.0,0.0
2026-06-17T04:03:40,ERR,ERR,ERR,ERR,ERR,ERR,ERR,ERR,ERR,ERR,ERR,ERR,ERR,ERR,ERR,ERR,ERR,ERR,ERR,ERR,ERR,ERR,ERR,ERR,ERR,ERR,ERR,ERR,ERR,ERR,ERR,ERR,ERR,ERR,ERR,ERR,ERR,ERR,ERR,ERR,ERR,ERR,ERR,ERR,ERR,ERR,ERR,ERR,ERR,ERR,ERR,ERR,ERR,ERR,ERR,ERR,ERR,ERR,ERR,ERR,ERR,ERR,ERR,ERR,ERR,ERR,ERR,ERR,ERR,ERR,ERR,ERR,ERR,ERR,ERR,ERR,ERR,ERR,ERR,ERR,ERR,ERR,ERR,ERR,ERR,ERR,ERR,ERR,ERR,ERR,ERR,ERR,ERR,ERR,ERR,ERR,ERR,ERR,ERR,ERR,ERR,ERR,ERR,ERR,ERR,ERR,ERR,ERR,ERR,ERR,ERR,ERR,ERR,ERR,ERR,ERR,ERR,ERR,ERR,ERR,ERR,ERR,ERR,ERR,ERR,0.0,0.0,2.6474777903227054e+23,0.0,0.0,1.3936040501711995e+18,7.805,0.0,0,0,4,0,7300,-0.0,0,0.0,0.0,0.0,0.0,0.0,0,0,0,0,0.0,0,0,0,0,0,0,0,0,0,0,0,0,0,0,0,0,0,0,0,0,0,0,0,0,0,0,0,0,0,0,0,0,0,32,30,30,62,65476,0,300,0,0,8,21553,0.0,-107605600.0,0.0,0.0,0.0,0.0,0.0,0.0,0.0,0.0,0.0,0.0,0.0,0.0,0.0,0.0,0.0,0.0,0.0,0.0,0.0,0.0,2.004,-0.0,-0.0,2.004,0.0,0.0,0.0,0.0,5465.0,2.004,6952.0,0.0,0.0,-107615280.0,0.0,0.0,0.0,0.0,0.0,63,-0.059,-3.222009039136753e+26,0.0,0.0,0.0,0.0,0.0,0.0,0.0,0,0,0,0.0,0.0,0.0,0.0,0.0,0.0,0.0,0.0,0.0,0.0,0.0,0.0,0.0,0.0,0.0,0.0,0,-107875648.0,63,0.0,126,2.7184242562605685e+23,-0.0,ERR,ERR,ERR,ERR,ERR,ERR,ERR,ERR,ERR,ERR,ERR,ERR,ERR,ERR,ERR,ERR,ERR,ERR,ERR,ERR,ERR,ERR,ERR,ERR,ERR,ERR,ERR,ERR,ERR,ERR,ERR,ERR,ERR,ERR,ERR,ERR,ERR,ERR,ERR,ERR,ERR,ERR,ERR,ERR,ERR,ERR,ERR,ERR,ERR,ERR,ERR,ERR,ERR,ERR,ERR,ERR,ERR,ERR,ERR,ERR,ERR,ERR,ERR,ERR,ERR,ERR,ERR,34.0,80.0,35,0.0,0.0,0.0,0.0,0.0,0.0,0.0,0.0,0.0,0.0,0.0,0.0,0.0,0.0,0.0,0.0,64.8,0,117,56,50,65476,0,300,0,0,8,20529,65476,0,0,57672,80.0,0.0,0.0,0.0,0.0,0.0
2026-06-17T04:03:41,ERR,ERR,ERR,ERR,ERR,ERR,ERR,ERR,ERR,ERR,ERR,ERR,ERR,ERR,ERR,ERR,ERR,ERR,ERR,ERR,ERR,ERR,ERR,ERR,ERR,ERR,ERR,ERR,ERR,ERR,ERR,ERR,ERR,ERR,ERR,ERR,ERR,ERR,ERR,ERR,ERR,ERR,ERR,ERR,ERR,ERR,ERR,ERR,ERR,ERR,ERR,ERR,ERR,ERR,ERR,ERR,ERR,ERR,ERR,ERR,ERR,ERR,ERR,ERR,ERR,ERR,ERR,ERR,ERR,ERR,ERR,ERR,ERR,ERR,ERR,ERR,ERR,ERR,ERR,ERR,ERR,ERR,ERR,ERR,ERR,ERR,ERR,ERR,ERR,ERR,ERR,ERR,ERR,ERR,ERR,ERR,ERR,ERR,ERR,ERR,ERR,ERR,ERR,ERR,ERR,ERR,ERR,ERR,ERR,ERR,ERR,ERR,ERR,ERR,ERR,ERR,ERR,ERR,ERR,ERR,ERR,ERR,ERR,ERR,ERR,0.0,0.0,2.6474777903227054e+23,0.0,0.0,1.3936040501711995e+18,7.805,0.0,0,0,4,0,7300,-0.0,0,0.0,0.0,0.0,0.0,0.0,0,0,0,0,0.0,0,0,0,0,0,0,0,0,0,0,0,0,0,0,0,0,0,0,0,0,0,0,0,0,0,0,0,0,0,0,0,0,0,32,30,30,62,65476,0,300,0,0,8,21553,0.0,-107605600.0,0.0,0.0,0.0,0.0,0.0,0.0,0.0,0.0,0.0,0.0,0.0,0.0,0.0,0.0,0.0,0.0,0.0,0.0,0.0,0.0,2.004,-0.0,-0.0,2.004,0.0,0.0,0.0,0.0,5465.0,2.004,6952.0,0.0,0.0,-107615280.0,0.0,0.0,0.0,0.0,0.0,63,-0.059,-3.222009039136753e+26,0.0,0.0,0.0,0.0,0.0,0.0,0.0,0,0,0,0.0,0.0,0.0,0.0,0.0,0.0,0.0,0.0,0.0,0.0,0.0,0.0,0.0,0.0,0.0,0.0,0,-107875648.0,63,0.0,126,2.7184242562605685e+23,-0.0,ERR,ERR,ERR,ERR,ERR,ERR,ERR,ERR,ERR,ERR,ERR,ERR,ERR,ERR,ERR,ERR,ERR,ERR,ERR,ERR,ERR,ERR,ERR,ERR,ERR,ERR,ERR,ERR,ERR,ERR,ERR,ERR,ERR,ERR,ERR,ERR,ERR,ERR,ERR,ERR,ERR,ERR,ERR,ERR,ERR,ERR,ERR,ERR,ERR,ERR,ERR,ERR,ERR,ERR,ERR,ERR,ERR,ERR,ERR,ERR,ERR,ERR,ERR,ERR,ERR,ERR,ERR,34.0,80.0,35,0.0,0.0,0.0,0.0,0.0,0.0,0.0,0.0,0.0,0.0,0.0,0.0,0.0,0.0,0.0,0.0,64.4,0,117,56,50,65476,0,300,0,0,8,20529,65476,0,0,57672,80.0,0.0,0.0,0.0,0.0,0.0
2026-06-17T04:03:42,ERR,ERR,ERR,ERR,ERR,ERR,ERR,ERR,ERR,ERR,ERR,ERR,ERR,ERR,ERR,ERR,ERR,ERR,ERR,ERR,ERR,ERR,ERR,ERR,ERR,ERR,ERR,ERR,ERR,ERR,ERR,ERR,ERR,ERR,ERR,ERR,ERR,ERR,ERR,ERR,ERR,ERR,ERR,ERR,ERR,ERR,ERR,ERR,ERR,ERR,ERR,ERR,ERR,ERR,ERR,ERR,ERR,ERR,ERR,ERR,ERR,ERR,ERR,ERR,ERR,ERR,ERR,ERR,ERR,ERR,ERR,ERR,ERR,ERR,ERR,ERR,ERR,ERR,ERR,ERR,ERR,ERR,ERR,ERR,ERR,ERR,ERR,ERR,ERR,ERR,ERR,ERR,ERR,ERR,ERR,ERR,ERR,ERR,ERR,ERR,ERR,ERR,ERR,ERR,ERR,ERR,ERR,ERR,ERR,ERR,ERR,ERR,ERR,ERR,ERR,ERR,ERR,ERR,ERR,ERR,ERR,ERR,ERR,ERR,ERR,0.0,0.0,2.6474777903227054e+23,0.0,0.0,1.3936040501711995e+18,7.805,0.0,0,0,4,0,7300,-0.0,0,0.0,0.0,0.0,0.0,0.0,0,0,0,0,0.0,0,0,0,0,0,0,0,0,0,0,0,0,0,0,0,0,0,0,0,0,0,0,0,0,0,0,0,0,0,0,0,0,0,32,30,30,62,65476,0,300,0,0,8,21553,0.0,-107605600.0,0.0,0.0,0.0,0.0,0.0,0.0,0.0,0.0,0.0,0.0,0.0,0.0,0.0,0.0,0.0,0.0,0.0,0.0,0.0,0.0,2.004,-0.0,-0.0,2.004,0.0,0.0,0.0,0.0,5465.0,2.004,6952.0,0.0,0.0,-107615280.0,0.0,0.0,0.0,0.0,0.0,63,-0.059,-3.222009039136753e+26,0.0,0.0,0.0,0.0,0.0,0.0,0.0,0,0,0,0.0,0.0,0.0,0.0,0.0,0.0,0.0,0.0,0.0,0.0,0.0,0.0,0.0,0.0,0.0,0.0,0,-107875648.0,63,0.0,126,2.7184242562605685e+23,-0.0,ERR,ERR,ERR,ERR,ERR,ERR,ERR,ERR,ERR,ERR,ERR,ERR,ERR,ERR,ERR,ERR,ERR,ERR,ERR,ERR,ERR,ERR,ERR,ERR,ERR,ERR,ERR,ERR,ERR,ERR,ERR,ERR,ERR,ERR,ERR,ERR,ERR,ERR,ERR,ERR,ERR,ERR,ERR,ERR,ERR,ERR,ERR,ERR,ERR,ERR,ERR,ERR,ERR,ERR,ERR,ERR,ERR,ERR,ERR,ERR,ERR,ERR,ERR,ERR,ERR,ERR,ERR,34.0,80.0,35,0.0,0.0,0.0,0.0,0.0,0.0,0.0,0.0,0.0,0.0,0.0,0.0,0.0,0.0,0.0,0.0,64.4,0,117,56,50,65476,0,300,0,0,8,20529,65476,0,0,57672,80.0,0.0,0.0,0.0,0.0,0.0
2026-06-17T04:03:43,ERR,ERR,ERR,ERR,ERR,ERR,ERR,ERR,ERR,ERR,ERR,ERR,ERR,ERR,ERR,ERR,ERR,ERR,ERR,ERR,ERR,ERR,ERR,ERR,ERR,ERR,ERR,ERR,ERR,ERR,ERR,ERR,ERR,ERR,ERR,ERR,ERR,ERR,ERR,ERR,ERR,ERR,ERR,ERR,ERR,ERR,ERR,ERR,ERR,ERR,ERR,ERR,ERR,ERR,ERR,ERR,ERR,ERR,ERR,ERR,ERR,ERR,ERR,ERR,ERR,ERR,ERR,ERR,ERR,ERR,ERR,ERR,ERR,ERR,ERR,ERR,ERR,ERR,ERR,ERR,ERR,ERR,ERR,ERR,ERR,ERR,ERR,ERR,ERR,ERR,ERR,ERR,ERR,ERR,ERR,ERR,ERR,ERR,ERR,ERR,ERR,ERR,ERR,ERR,ERR,ERR,ERR,ERR,ERR,ERR,ERR,ERR,ERR,ERR,ERR,ERR,ERR,ERR,ERR,ERR,ERR,ERR,ERR,ERR,ERR,0.0,0.0,2.6474777903227054e+23,0.0,0.0,1.3936040501711995e+18,7.805,0.0,0,0,4,0,7300,-0.0,0,0.0,0.0,0.0,0.0,0.0,0,0,0,0,0.0,0,0,0,0,0,0,0,0,0,0,0,0,0,0,0,0,0,0,0,0,0,0,0,0,0,0,0,0,0,0,0,0,0,32,30,30,62,65476,0,300,0,0,8,21553,0.0,-107605600.0,0.0,0.0,0.0,0.0,0.0,0.0,0.0,0.0,0.0,0.0,0.0,0.0,0.0,0.0,0.0,0.0,0.0,0.0,0.0,0.0,2.004,-0.0,-0.0,2.004,0.0,0.0,0.0,0.0,5465.0,2.004,6952.0,0.0,0.0,-107615280.0,0.0,0.0,0.0,0.0,0.0,63,-0.059,-3.222009039136753e+26,0.0,0.0,0.0,0.0,0.0,0.0,0.0,0,0,0,0.0,0.0,0.0,0.0,0.0,0.0,0.0,0.0,0.0,0.0,0.0,0.0,0.0,0.0,0.0,0.0,0,-107875648.0,63,0.0,126,2.7184242562605685e+23,-0.0,ERR,ERR,ERR,ERR,ERR,ERR,ERR,ERR,ERR,ERR,ERR,ERR,ERR,ERR,ERR,ERR,ERR,ERR,ERR,ERR,ERR,ERR,ERR,ERR,ERR,ERR,ERR,ERR,ERR,ERR,ERR,ERR,ERR,ERR,ERR,ERR,ERR,ERR,ERR,ERR,ERR,ERR,ERR,ERR,ERR,ERR,ERR,ERR,ERR,ERR,ERR,ERR,ERR,ERR,ERR,ERR,ERR,ERR,ERR,ERR,ERR,ERR,ERR,ERR,ERR,ERR,ERR,34.0,80.0,35,0.0,0.0,0.0,0.0,0.0,0.0,0.0,0.0,0.0,0.0,0.0,0.0,0.0,0.0,0.0,0.0,64.4,0,117,56,50,65476,0,300,0,0,8,20529,65476,0,0,57672,80.0,0.0,0.0,0.0,0.0,0.0
2026-06-17T04:03:44,ERR,ERR,ERR,ERR,ERR,ERR,ERR,ERR,ERR,ERR,ERR,ERR,ERR,ERR,ERR,ERR,ERR,ERR,ERR,ERR,ERR,ERR,ERR,ERR,ERR,ERR,ERR,ERR,ERR,ERR,ERR,ERR,ERR,ERR,ERR,ERR,ERR,ERR,ERR,ERR,ERR,ERR,ERR,ERR,ERR,ERR,ERR,ERR,ERR,ERR,ERR,ERR,ERR,ERR,ERR,ERR,ERR,ERR,ERR,ERR,ERR,ERR,ERR,ERR,ERR,ERR,ERR,ERR,ERR,ERR,ERR,ERR,ERR,ERR,ERR,ERR,ERR,ERR,ERR,ERR,ERR,ERR,ERR,ERR,ERR,ERR,ERR,ERR,ERR,ERR,ERR,ERR,ERR,ERR,ERR,ERR,ERR,ERR,ERR,ERR,ERR,ERR,ERR,ERR,ERR,ERR,ERR,ERR,ERR,ERR,ERR,ERR,ERR,ERR,ERR,ERR,ERR,ERR,ERR,ERR,ERR,ERR,ERR,ERR,ERR,0.0,0.0,2.6474777903227054e+23,0.0,0.0,1.3936040501711995e+18,7.805,0.0,0,0,4,0,7300,-0.0,0,0.0,0.0,0.0,0.0,0.0,0,0,0,0,0.0,0,0,0,0,0,0,0,0,0,0,0,0,0,0,0,0,0,0,0,0,0,0,0,0,0,0,0,0,0,0,0,0,0,32,30,30,62,65476,0,300,0,0,8,21553,0.0,-107605600.0,0.0,0.0,0.0,0.0,0.0,0.0,0.0,0.0,0.0,0.0,0.0,0.0,0.0,0.0,0.0,0.0,0.0,0.0,0.0,0.0,2.004,-0.0,-0.0,-0.0,0.0,0.0,0.0,0.0,5468.0,0.0,6945.0,0.0,0.0,-107615280.0,0.0,0.0,0.0,0.0,0.0,63,-107615312.0,-0.0,0.0,0.0,0.0,0.0,0.0,0.0,0.0,0,0,0,0.0,0.0,0.0,0.0,0.0,0.0,0.0,0.0,0.0,0.0,0.0,0.0,0.0,0.0,0.0,0.0,0,-107875648.0,63,0.0,126,2.7184242562605685e+23,-0.0,ERR,ERR,ERR,ERR,ERR,ERR,ERR,ERR,ERR,ERR,ERR,ERR,ERR,ERR,ERR,ERR,ERR,ERR,ERR,ERR,ERR,ERR,ERR,ERR,ERR,ERR,ERR,ERR,ERR,ERR,ERR,ERR,ERR,ERR,ERR,ERR,ERR,ERR,ERR,ERR,ERR,ERR,ERR,ERR,ERR,ERR,ERR,ERR,ERR,ERR,ERR,ERR,ERR,ERR,ERR,ERR,ERR,ERR,ERR,ERR,ERR,ERR,ERR,ERR,ERR,ERR,ERR,34.0,80.0,35,0.0,0.0,0.0,0.0,0.0,0.0,0.0,0.0,0.0,0.0,0.0,0.0,0.0,0.0,0.0,0.0,64.4,0,117,56,50,65476,0,300,0,0,8,20529,65476,0,0,57672,80.0,0.0,0.0,0.0,0.0,0.0
2026-06-17T04:03:45,ERR,ERR,ERR,ERR,ERR,ERR,ERR,ERR,ERR,ERR,ERR,ERR,ERR,ERR,ERR,ERR,ERR,ERR,ERR,ERR,ERR,ERR,ERR,ERR,ERR,ERR,ERR,ERR,ERR,ERR,ERR,ERR,ERR,ERR,ERR,ERR,ERR,ERR,ERR,ERR,ERR,ERR,ERR,ERR,ERR,ERR,ERR,ERR,ERR,ERR,ERR,ERR,ERR,ERR,ERR,ERR,ERR,ERR,ERR,ERR,ERR,ERR,ERR,ERR,ERR,ERR,ERR,ERR,ERR,ERR,ERR,ERR,ERR,ERR,ERR,ERR,ERR,ERR,ERR,ERR,ERR,ERR,ERR,ERR,ERR,ERR,ERR,ERR,ERR,ERR,ERR,ERR,ERR,ERR,ERR,ERR,ERR,ERR,ERR,ERR,ERR,ERR,ERR,ERR,ERR,ERR,ERR,ERR,ERR,ERR,ERR,ERR,ERR,ERR,ERR,ERR,ERR,ERR,ERR,ERR,ERR,ERR,ERR,ERR,ERR,0.0,0.0,2.6474777903227054e+23,0.0,0.0,1.3936040501711995e+18,7.805,0.0,0,0,4,0,7300,-0.0,0,0.0,0.0,0.0,0.0,0.0,0,0,0,0,0.0,0,0,0,0,0,0,0,0,0,0,0,0,0,0,0,0,0,0,0,0,0,0,0,0,0,0,0,0,0,0,0,0,0,32,30,30,62,65476,0,300,0,0,8,21553,0.0,-107605600.0,0.0,0.0,0.0,0.0,0.0,0.0,0.0,0.0,0.0,0.0,0.0,0.0,0.0,0.0,0.0,0.0,0.0,0.0,0.0,0.0,2.004,-0.0,-0.0,-0.0,0.0,0.0,0.0,0.0,5468.0,0.0,6945.0,0.0,0.0,-107615280.0,0.0,0.0,0.0,0.0,0.0,63,-107615312.0,-0.0,0.0,0.0,0.0,0.0,0.0,0.0,0.0,0,0,0,0.0,0.0,0.0,0.0,0.0,0.0,0.0,0.0,0.0,0.0,0.0,0.0,0.0,0.0,0.0,0.0,0,-107875648.0,63,0.0,126,2.7184242562605685e+23,-0.0,ERR,ERR,ERR,ERR,ERR,ERR,ERR,ERR,ERR,ERR,ERR,ERR,ERR,ERR,ERR,ERR,ERR,ERR,ERR,ERR,ERR,ERR,ERR,ERR,ERR,ERR,ERR,ERR,ERR,ERR,ERR,ERR,ERR,ERR,ERR,ERR,ERR,ERR,ERR,ERR,ERR,ERR,ERR,ERR,ERR,ERR,ERR,ERR,ERR,ERR,ERR,ERR,ERR,ERR,ERR,ERR,ERR,ERR,ERR,ERR,ERR,ERR,ERR,ERR,ERR,ERR,ERR,34.0,80.0,35,0.0,0.0,0.0,0.0,0.0,0.0,0.0,0.0,0.0,0.0,0.0,0.0,0.0,0.0,0.0,0.0,64.4,0,117,56,50,65476,0,300,0,0,8,20529,65476,0,0,57672,80.0,0.0,0.0,0.0,0.0,0.0
2026-06-17T04:03:46,ERR,ERR,ERR,ERR,ERR,ERR,ERR,ERR,ERR,ERR,ERR,ERR,ERR,ERR,ERR,ERR,ERR,ERR,ERR,ERR,ERR,ERR,ERR,ERR,ERR,ERR,ERR,ERR,ERR,ERR,ERR,ERR,ERR,ERR,ERR,ERR,ERR,ERR,ERR,ERR,ERR,ERR,ERR,ERR,ERR,ERR,ERR,ERR,ERR,ERR,ERR,ERR,ERR,ERR,ERR,ERR,ERR,ERR,ERR,ERR,ERR,ERR,ERR,ERR,ERR,ERR,ERR,ERR,ERR,ERR,ERR,ERR,ERR,ERR,ERR,ERR,ERR,ERR,ERR,ERR,ERR,ERR,ERR,ERR,ERR,ERR,ERR,ERR,ERR,ERR,ERR,ERR,ERR,ERR,ERR,ERR,ERR,ERR,ERR,ERR,ERR,ERR,ERR,ERR,ERR,ERR,ERR,ERR,ERR,ERR,ERR,ERR,ERR,ERR,ERR,ERR,ERR,ERR,ERR,ERR,ERR,ERR,ERR,ERR,ERR,0.0,0.0,2.6474777903227054e+23,0.0,0.0,1.3936040501711995e+18,7.805,0.0,0,0,4,0,7300,-0.0,0,0.0,0.0,0.0,0.0,0.0,0,0,0,0,0.0,0,0,0,0,0,0,0,0,0,0,0,0,0,0,0,0,0,0,0,0,0,0,0,0,0,0,0,0,0,0,0,0,0,32,30,30,62,65476,0,300,0,0,8,21553,0.0,-107605600.0,0.0,0.0,0.0,0.0,0.0,0.0,0.0,0.0,0.0,0.0,0.0,0.0,0.0,0.0,0.0,0.0,0.0,0.0,0.0,0.0,2.004,-0.0,-0.0,-0.0,0.0,0.0,0.0,0.0,5468.0,0.0,6945.0,0.0,0.0,-107615280.0,0.0,0.0,0.0,0.0,0.0,63,-107615312.0,-0.0,0.0,0.0,0.0,0.0,0.0,0.0,0.0,0,0,0,0.0,0.0,0.0,0.0,0.0,0.0,0.0,0.0,0.0,0.0,0.0,0.0,0.0,0.0,0.0,0.0,0,-107875648.0,63,0.0,126,2.7184242562605685e+23,-0.0,ERR,ERR,ERR,ERR,ERR,ERR,ERR,ERR,ERR,ERR,ERR,ERR,ERR,ERR,ERR,ERR,ERR,ERR,ERR,ERR,ERR,ERR,ERR,ERR,ERR,ERR,ERR,ERR,ERR,ERR,ERR,ERR,ERR,ERR,ERR,ERR,ERR,ERR,ERR,ERR,ERR,ERR,ERR,ERR,ERR,ERR,ERR,ERR,ERR,ERR,ERR,ERR,ERR,ERR,ERR,ERR,ERR,ERR,ERR,ERR,ERR,ERR,ERR,ERR,ERR,ERR,ERR,34.0,80.0,35,0.0,0.0,0.0,0.0,0.0,0.0,0.0,0.0,0.0,0.0,0.0,0.0,0.0,0.0,0.0,0.0,64.4,0,117,56,50,65476,0,300,0,0,8,20529,65476,0,0,57672,80.0,0.0,0.0,0.0,0.0,0.0
2026-06-17T04:03:47,ERR,ERR,ERR,ERR,ERR,ERR,ERR,ERR,ERR,ERR,ERR,ERR,ERR,ERR,ERR,ERR,ERR,ERR,ERR,ERR,ERR,ERR,ERR,ERR,ERR,ERR,ERR,ERR,ERR,ERR,ERR,ERR,ERR,ERR,ERR,ERR,ERR,ERR,ERR,ERR,ERR,ERR,ERR,ERR,ERR,ERR,ERR,ERR,ERR,ERR,ERR,ERR,ERR,ERR,ERR,ERR,ERR,ERR,ERR,ERR,ERR,ERR,ERR,ERR,ERR,ERR,ERR,ERR,ERR,ERR,ERR,ERR,ERR,ERR,ERR,ERR,ERR,ERR,ERR,ERR,ERR,ERR,ERR,ERR,ERR,ERR,ERR,ERR,ERR,ERR,ERR,ERR,ERR,ERR,ERR,ERR,ERR,ERR,ERR,ERR,ERR,ERR,ERR,ERR,ERR,ERR,ERR,ERR,ERR,ERR,ERR,ERR,ERR,ERR,ERR,ERR,ERR,ERR,ERR,ERR,ERR,ERR,ERR,ERR,ERR,0.0,0.0,2.6474777903227054e+23,0.0,0.0,1.3936040501711995e+18,7.805,0.0,0,0,4,0,7300,-0.0,0,0.0,0.0,0.0,0.0,0.0,0,0,0,0,0.0,0,0,0,0,0,0,0,0,0,0,0,0,0,0,0,0,0,0,0,0,0,0,0,0,0,0,0,0,0,0,0,0,0,32,30,30,62,65476,0,300,0,0,8,21553,0.0,-107605600.0,0.0,0.0,0.0,0.0,0.0,0.0,0.0,0.0,0.0,0.0,0.0,0.0,0.0,0.0,0.0,0.0,0.0,0.0,0.0,0.0,2.004,-0.0,-0.0,-0.0,0.0,0.0,0.0,0.0,5468.0,0.0,6945.0,0.0,0.0,-107615280.0,0.0,0.0,0.0,0.0,0.0,63,-107615312.0,-0.0,0.0,0.0,0.0,0.0,0.0,0.0,0.0,0,0,0,0.0,0.0,0.0,0.0,0.0,0.0,0.0,0.0,0.0,0.0,0.0,0.0,0.0,0.0,0.0,0.0,0,-107875648.0,63,0.0,126,2.7184242562605685e+23,-0.0,ERR,ERR,ERR,ERR,ERR,ERR,ERR,ERR,ERR,ERR,ERR,ERR,ERR,ERR,ERR,ERR,ERR,ERR,ERR,ERR,ERR,ERR,ERR,ERR,ERR,ERR,ERR,ERR,ERR,ERR,ERR,ERR,ERR,ERR,ERR,ERR,ERR,ERR,ERR,ERR,ERR,ERR,ERR,ERR,ERR,ERR,ERR,ERR,ERR,ERR,ERR,ERR,ERR,ERR,ERR,ERR,ERR,ERR,ERR,ERR,ERR,ERR,ERR,ERR,ERR,ERR,ERR,34.0,80.0,35,0.0,0.0,0.0,0.0,0.0,0.0,0.0,0.0,0.0,0.0,0.0,0.0,0.0,0.0,0.0,0.0,64.4,0,117,56,50,65476,0,300,0,0,8,20529,65476,0,0,57672,80.0,0.0,0.0,0.0,0.0,0.0
2026-06-17T04:03:48,ERR,ERR,ERR,ERR,ERR,ERR,ERR,ERR,ERR,ERR,ERR,ERR,ERR,ERR,ERR,ERR,ERR,ERR,ERR,ERR,ERR,ERR,ERR,ERR,ERR,ERR,ERR,ERR,ERR,ERR,ERR,ERR,ERR,ERR,ERR,ERR,ERR,ERR,ERR,ERR,ERR,ERR,ERR,ERR,ERR,ERR,ERR,ERR,ERR,ERR,ERR,ERR,ERR,ERR,ERR,ERR,ERR,ERR,ERR,ERR,ERR,ERR,ERR,ERR,ERR,ERR,ERR,ERR,ERR,ERR,ERR,ERR,ERR,ERR,ERR,ERR,ERR,ERR,ERR,ERR,ERR,ERR,ERR,ERR,ERR,ERR,ERR,ERR,ERR,ERR,ERR,ERR,ERR,ERR,ERR,ERR,ERR,ERR,ERR,ERR,ERR,ERR,ERR,ERR,ERR,ERR,ERR,ERR,ERR,ERR,ERR,ERR,ERR,ERR,ERR,ERR,ERR,ERR,ERR,ERR,ERR,ERR,ERR,ERR,ERR,0.0,0.0,2.6474777903227054e+23,0.0,0.0,1.3936040501711995e+18,7.805,0.0,0,0,4,0,7300,-0.0,0,0.0,0.0,0.0,0.0,0.0,0,0,0,0,0.0,0,0,0,0,0,0,0,0,0,0,0,0,0,0,0,0,0,0,0,0,0,0,0,0,0,0,0,0,0,0,0,0,0,32,30,30,62,65476,0,300,0,0,8,21553,0.0,-107605600.0,0.0,0.0,0.0,0.0,0.0,0.0,0.0,0.0,0.0,0.0,0.0,0.0,0.0,0.0,0.0,0.0,0.0,0.0,0.0,0.0,2.004,-0.0,-0.0,-0.0,0.0,0.0,0.0,0.0,5468.0,0.0,6945.0,0.0,0.0,-107615280.0,0.0,0.0,0.0,0.0,0.0,63,-107615312.0,-0.0,0.0,0.0,0.0,0.0,0.0,0.0,0.0,0,0,0,0.0,0.0,0.0,0.0,0.0,0.0,0.0,0.0,0.0,0.0,0.0,0.0,0.0,0.0,0.0,0.0,0,-107875648.0,63,0.0,126,2.7184242562605685e+23,-0.0,ERR,ERR,ERR,ERR,ERR,ERR,ERR,ERR,ERR,ERR,ERR,ERR,ERR,ERR,ERR,ERR,ERR,ERR,ERR,ERR,ERR,ERR,ERR,ERR,ERR,ERR,ERR,ERR,ERR,ERR,ERR,ERR,ERR,ERR,ERR,ERR,ERR,ERR,ERR,ERR,ERR,ERR,ERR,ERR,ERR,ERR,ERR,ERR,ERR,ERR,ERR,ERR,ERR,ERR,ERR,ERR,ERR,ERR,ERR,ERR,ERR,ERR,ERR,ERR,ERR,ERR,ERR,34.0,80.0,35,0.0,0.0,0.0,0.0,0.0,0.0,0.0,0.0,0.0,0.0,0.0,0.0,0.0,0.0,0.0,0.0,64.8,0,117,56,50,65476,0,300,0,0,8,20529,65476,0,0,57672,80.0,0.0,0.0,0.0,0.0,0.0
2026-06-17T04:03:49,ERR,ERR,ERR,ERR,ERR,ERR,ERR,ERR,ERR,ERR,ERR,ERR,ERR,ERR,ERR,ERR,ERR,ERR,ERR,ERR,ERR,ERR,ERR,ERR,ERR,ERR,ERR,ERR,ERR,ERR,ERR,ERR,ERR,ERR,ERR,ERR,ERR,ERR,ERR,ERR,ERR,ERR,ERR,ERR,ERR,ERR,ERR,ERR,ERR,ERR,ERR,ERR,ERR,ERR,ERR,ERR,ERR,ERR,ERR,ERR,ERR,ERR,ERR,ERR,ERR,ERR,ERR,ERR,ERR,ERR,ERR,ERR,ERR,ERR,ERR,ERR,ERR,ERR,ERR,ERR,ERR,ERR,ERR,ERR,ERR,ERR,ERR,ERR,ERR,ERR,ERR,ERR,ERR,ERR,ERR,ERR,ERR,ERR,ERR,ERR,ERR,ERR,ERR,ERR,ERR,ERR,ERR,ERR,ERR,ERR,ERR,ERR,ERR,ERR,ERR,ERR,ERR,ERR,ERR,ERR,ERR,ERR,ERR,ERR,ERR,0.0,0.0,2.6474777903227054e+23,0.0,0.0,1.3936040501711995e+18,7.805,0.0,0,0,4,0,7300,-0.0,0,0.0,0.0,0.0,0.0,0.0,0,0,0,0,0.0,0,0,0,0,0,0,0,0,0,0,0,0,0,0,0,0,0,0,0,0,0,0,0,0,0,0,0,0,0,0,0,0,0,32,30,30,62,65476,0,300,0,0,8,21553,0.0,-107605600.0,0.0,0.0,0.0,0.0,0.0,0.0,0.0,0.0,0.0,0.0,0.0,0.0,0.0,0.0,0.0,0.0,0.0,0.0,0.0,0.0,2.004,-0.0,-2.004,-0.0,0.0,0.0,0.0,0.0,5468.0,0.0,6946.0,0.0,0.0,-107615280.0,0.0,0.0,0.0,0.0,0.0,63,-107615312.0,-0.0,0.0,0.0,0.0,0.0,0.0,0.0,0.0,0,0,0,0.0,0.0,0.0,0.0,0.0,0.0,0.0,0.0,0.0,0.0,0.0,0.0,0.0,0.0,0.0,0.0,0,-107875648.0,63,0.0,126,2.7184242562605685e+23,-0.0,ERR,ERR,ERR,ERR,ERR,ERR,ERR,ERR,ERR,ERR,ERR,ERR,ERR,ERR,ERR,ERR,ERR,ERR,ERR,ERR,ERR,ERR,ERR,ERR,ERR,ERR,ERR,ERR,ERR,ERR,ERR,ERR,ERR,ERR,ERR,ERR,ERR,ERR,ERR,ERR,ERR,ERR,ERR,ERR,ERR,ERR,ERR,ERR,ERR,ERR,ERR,ERR,ERR,ERR,ERR,ERR,ERR,ERR,ERR,ERR,ERR,ERR,ERR,ERR,ERR,ERR,ERR,34.0,80.0,35,0.0,0.0,0.0,0.0,0.0,0.0,0.0,0.0,0.0,0.0,0.0,0.0,0.0,0.0,0.0,0.0,64.8,0,117,56,50,65476,0,300,0,0,8,20529,65476,0,0,57672,80.0,0.0,0.0,0.0,0.0,0.0
2026-06-17T04:03:50,ERR,ERR,ERR,ERR,ERR,ERR,ERR,ERR,ERR,ERR,ERR,ERR,ERR,ERR,ERR,ERR,ERR,ERR,ERR,ERR,ERR,ERR,ERR,ERR,ERR,ERR,ERR,ERR,ERR,ERR,ERR,ERR,ERR,ERR,ERR,ERR,ERR,ERR,ERR,ERR,ERR,ERR,ERR,ERR,ERR,ERR,ERR,ERR,ERR,ERR,ERR,ERR,ERR,ERR,ERR,ERR,ERR,ERR,ERR,ERR,ERR,ERR,ERR,ERR,ERR,ERR,ERR,ERR,ERR,ERR,ERR,ERR,ERR,ERR,ERR,ERR,ERR,ERR,ERR,ERR,ERR,ERR,ERR,ERR,ERR,ERR,ERR,ERR,ERR,ERR,ERR,ERR,ERR,ERR,ERR,ERR,ERR,ERR,ERR,ERR,ERR,ERR,ERR,ERR,ERR,ERR,ERR,ERR,ERR,ERR,ERR,ERR,ERR,ERR,ERR,ERR,ERR,ERR,ERR,ERR,ERR,ERR,ERR,ERR,ERR,0.0,0.0,2.6474777903227054e+23,0.0,0.0,1.3936040501711995e+18,7.805,0.0,0,0,4,0,7300,-0.0,0,0.0,0.0,0.0,0.0,0.0,0,0,0,0,0.0,0,0,0,0,0,0,0,0,0,0,0,0,0,0,0,0,0,0,0,0,0,0,0,0,0,0,0,0,0,0,0,0,0,32,30,30,62,65476,0,300,0,0,8,21553,0.0,-107605600.0,0.0,0.0,0.0,0.0,0.0,0.0,0.0,0.0,0.0,0.0,0.0,0.0,0.0,0.0,0.0,0.0,0.0,0.0,0.0,0.0,2.004,-0.0,-2.004,-0.0,0.0,0.0,0.0,0.0,5468.0,0.0,6946.0,0.0,0.0,-107615280.0,0.0,0.0,0.0,0.0,0.0,63,-107615312.0,-0.0,0.0,0.0,0.0,0.0,0.0,0.0,0.0,0,0,0,0.0,0.0,0.0,0.0,0.0,0.0,0.0,0.0,0.0,0.0,0.0,0.0,0.0,0.0,0.0,0.0,0,-107875648.0,63,0.0,126,2.7184242562605685e+23,-0.0,ERR,ERR,ERR,ERR,ERR,ERR,ERR,ERR,ERR,ERR,ERR,ERR,ERR,ERR,ERR,ERR,ERR,ERR,ERR,ERR,ERR,ERR,ERR,ERR,ERR,ERR,ERR,ERR,ERR,ERR,ERR,ERR,ERR,ERR,ERR,ERR,ERR,ERR,ERR,ERR,ERR,ERR,ERR,ERR,ERR,ERR,ERR,ERR,ERR,ERR,ERR,ERR,ERR,ERR,ERR,ERR,ERR,ERR,ERR,ERR,ERR,ERR,ERR,ERR,ERR,ERR,ERR,34.0,80.0,35,0.0,0.0,0.0,0.0,0.0,0.0,0.0,0.0,0.0,0.0,0.0,0.0,0.0,0.0,0.0,0.0,64.4,0,117,56,50,65476,0,300,0,0,8,20529,65476,0,0,57672,80.0,0.0,0.0,0.0,0.0,0.0
2026-06-17T04:03:51,ERR,ERR,ERR,ERR,ERR,ERR,ERR,ERR,ERR,ERR,ERR,ERR,ERR,ERR,ERR,ERR,ERR,ERR,ERR,ERR,ERR,ERR,ERR,ERR,ERR,ERR,ERR,ERR,ERR,ERR,ERR,ERR,ERR,ERR,ERR,ERR,ERR,ERR,ERR,ERR,ERR,ERR,ERR,ERR,ERR,ERR,ERR,ERR,ERR,ERR,ERR,ERR,ERR,ERR,ERR,ERR,ERR,ERR,ERR,ERR,ERR,ERR,ERR,ERR,ERR,ERR,ERR,ERR,ERR,ERR,ERR,ERR,ERR,ERR,ERR,ERR,ERR,ERR,ERR,ERR,ERR,ERR,ERR,ERR,ERR,ERR,ERR,ERR,ERR,ERR,ERR,ERR,ERR,ERR,ERR,ERR,ERR,ERR,ERR,ERR,ERR,ERR,ERR,ERR,ERR,ERR,ERR,ERR,ERR,ERR,ERR,ERR,ERR,ERR,ERR,ERR,ERR,ERR,ERR,ERR,ERR,ERR,ERR,ERR,ERR,0.0,0.0,2.6474777903227054e+23,0.0,0.0,1.3936040501711995e+18,7.805,0.0,0,0,4,0,7300,-0.0,0,0.0,0.0,0.0,0.0,0.0,0,0,0,0,0.0,0,0,0,0,0,0,0,0,0,0,0,0,0,0,0,0,0,0,0,0,0,0,0,0,0,0,0,0,0,0,0,0,0,32,30,30,62,65476,0,300,0,0,8,21553,0.0,-107605600.0,0.0,0.0,0.0,0.0,0.0,0.0,0.0,0.0,0.0,0.0,0.0,0.0,0.0,0.0,0.0,0.0,0.0,0.0,0.0,0.0,2.004,-0.0,-2.004,-0.0,0.0,0.0,0.0,0.0,5468.0,0.0,6946.0,0.0,0.0,-107615280.0,0.0,0.0,0.0,0.0,0.0,63,-107615312.0,-0.0,0.0,0.0,0.0,0.0,0.0,0.0,0.0,0,0,0,0.0,0.0,0.0,0.0,0.0,0.0,0.0,0.0,0.0,0.0,0.0,0.0,0.0,0.0,0.0,0.0,0,-107875648.0,63,0.0,126,2.7184242562605685e+23,-0.0,ERR,ERR,ERR,ERR,ERR,ERR,ERR,ERR,ERR,ERR,ERR,ERR,ERR,ERR,ERR,ERR,ERR,ERR,ERR,ERR,ERR,ERR,ERR,ERR,ERR,ERR,ERR,ERR,ERR,ERR,ERR,ERR,ERR,ERR,ERR,ERR,ERR,ERR,ERR,ERR,ERR,ERR,ERR,ERR,ERR,ERR,ERR,ERR,ERR,ERR,ERR,ERR,ERR,ERR,ERR,ERR,ERR,ERR,ERR,ERR,ERR,ERR,ERR,ERR,ERR,ERR,ERR,34.0,80.0,35,0.0,0.0,0.0,0.0,0.0,0.0,0.0,0.0,0.0,0.0,0.0,0.0,0.0,0.0,0.0,0.0,64.4,0,117,56,50,65476,0,300,0,0,8,20529,65476,0,0,57672,80.0,0.0,0.0,0.0,0.0,0.0
2026-06-17T04:03:52,ERR,ERR,ERR,ERR,ERR,ERR,ERR,ERR,ERR,ERR,ERR,ERR,ERR,ERR,ERR,ERR,ERR,ERR,ERR,ERR,ERR,ERR,ERR,ERR,ERR,ERR,ERR,ERR,ERR,ERR,ERR,ERR,ERR,ERR,ERR,ERR,ERR,ERR,ERR,ERR,ERR,ERR,ERR,ERR,ERR,ERR,ERR,ERR,ERR,ERR,ERR,ERR,ERR,ERR,ERR,ERR,ERR,ERR,ERR,ERR,ERR,ERR,ERR,ERR,ERR,ERR,ERR,ERR,ERR,ERR,ERR,ERR,ERR,ERR,ERR,ERR,ERR,ERR,ERR,ERR,ERR,ERR,ERR,ERR,ERR,ERR,ERR,ERR,ERR,ERR,ERR,ERR,ERR,ERR,ERR,ERR,ERR,ERR,ERR,ERR,ERR,ERR,ERR,ERR,ERR,ERR,ERR,ERR,ERR,ERR,ERR,ERR,ERR,ERR,ERR,ERR,ERR,ERR,ERR,ERR,ERR,ERR,ERR,ERR,ERR,0.0,0.0,2.6474777903227054e+23,0.0,0.0,1.3936040501711995e+18,7.805,0.0,0,0,4,0,7300,-0.0,0,0.0,0.0,0.0,0.0,0.0,0,0,0,0,0.0,0,0,0,0,0,0,0,0,0,0,0,0,0,0,0,0,0,0,0,0,0,0,0,0,0,0,0,0,0,0,0,0,0,32,30,30,62,65476,0,300,0,0,8,21553,0.0,-107605600.0,0.0,0.0,0.0,0.0,0.0,0.0,0.0,0.0,0.0,0.0,0.0,0.0,0.0,0.0,0.0,0.0,0.0,0.0,0.0,0.0,2.004,-0.0,-2.004,-0.0,0.0,0.0,0.0,0.0,5468.0,0.0,6946.0,0.0,0.0,-107615280.0,0.0,0.0,0.0,0.0,0.0,63,-107615312.0,-0.0,0.0,0.0,0.0,0.0,0.0,0.0,0.0,0,0,0,0.0,0.0,0.0,0.0,0.0,0.0,0.0,0.0,0.0,0.0,0.0,0.0,0.0,0.0,0.0,0.0,0,-107875648.0,63,0.0,126,2.7184242562605685e+23,-0.0,ERR,ERR,ERR,ERR,ERR,ERR,ERR,ERR,ERR,ERR,ERR,ERR,ERR,ERR,ERR,ERR,ERR,ERR,ERR,ERR,ERR,ERR,ERR,ERR,ERR,ERR,ERR,ERR,ERR,ERR,ERR,ERR,ERR,ERR,ERR,ERR,ERR,ERR,ERR,ERR,ERR,ERR,ERR,ERR,ERR,ERR,ERR,ERR,ERR,ERR,ERR,ERR,ERR,ERR,ERR,ERR,ERR,ERR,ERR,ERR,ERR,ERR,ERR,ERR,ERR,ERR,ERR,34.0,80.0,35,0.0,0.0,0.0,0.0,0.0,0.0,0.0,0.0,0.0,0.0,0.0,0.0,0.0,0.0,0.0,0.0,64.4,0,117,56,50,65476,0,300,0,0,8,20529,65476,0,0,57672,80.0,0.0,0.0,0.0,0.0,0.0
2026-06-17T04:03:53,ERR,ERR,ERR,ERR,ERR,ERR,ERR,ERR,ERR,ERR,ERR,ERR,ERR,ERR,ERR,ERR,ERR,ERR,ERR,ERR,ERR,ERR,ERR,ERR,ERR,ERR,ERR,ERR,ERR,ERR,ERR,ERR,ERR,ERR,ERR,ERR,ERR,ERR,ERR,ERR,ERR,ERR,ERR,ERR,ERR,ERR,ERR,ERR,ERR,ERR,ERR,ERR,ERR,ERR,ERR,ERR,ERR,ERR,ERR,ERR,ERR,ERR,ERR,ERR,ERR,ERR,ERR,ERR,ERR,ERR,ERR,ERR,ERR,ERR,ERR,ERR,ERR,ERR,ERR,ERR,ERR,ERR,ERR,ERR,ERR,ERR,ERR,ERR,ERR,ERR,ERR,ERR,ERR,ERR,ERR,ERR,ERR,ERR,ERR,ERR,ERR,ERR,ERR,ERR,ERR,ERR,ERR,ERR,ERR,ERR,ERR,ERR,ERR,ERR,ERR,ERR,ERR,ERR,ERR,ERR,ERR,ERR,ERR,ERR,ERR,0.0,0.0,2.6474777903227054e+23,0.0,0.0,1.3936040501711995e+18,7.805,0.0,0,0,4,0,7300,-0.0,0,0.0,0.0,0.0,0.0,0.0,0,0,0,0,0.0,0,0,0,0,0,0,0,0,0,0,0,0,0,0,0,0,0,0,0,0,0,0,0,0,0,0,0,0,0,0,0,0,0,32,30,30,62,65476,0,300,0,0,8,21553,0.0,-107605600.0,0.0,0.0,0.0,0.0,0.0,0.0,0.0,0.0,0.0,0.0,0.0,0.0,0.0,0.0,0.0,0.0,0.0,0.0,0.0,0.0,2.004,-0.0,-2.004,-0.0,0.0,0.0,0.0,0.0,5468.0,0.0,6946.0,0.0,0.0,-107615280.0,0.0,0.0,0.0,0.0,0.0,63,-107615312.0,-0.0,0.0,0.0,0.0,0.0,0.0,0.0,0.0,0,0,0,0.0,0.0,0.0,0.0,0.0,0.0,0.0,0.0,0.0,0.0,0.0,0.0,0.0,0.0,0.0,0.0,0,-107875648.0,63,0.0,126,2.7184242562605685e+23,-0.0,ERR,ERR,ERR,ERR,ERR,ERR,ERR,ERR,ERR,ERR,ERR,ERR,ERR,ERR,ERR,ERR,ERR,ERR,ERR,ERR,ERR,ERR,ERR,ERR,ERR,ERR,ERR,ERR,ERR,ERR,ERR,ERR,ERR,ERR,ERR,ERR,ERR,ERR,ERR,ERR,ERR,ERR,ERR,ERR,ERR,ERR,ERR,ERR,ERR,ERR,ERR,ERR,ERR,ERR,ERR,ERR,ERR,ERR,ERR,ERR,ERR,ERR,ERR,ERR,ERR,ERR,ERR,34.0,80.0,35,0.0,0.0,0.0,0.0,0.0,0.0,0.0,0.0,0.0,0.0,0.0,0.0,0.0,0.0,0.0,0.0,64.4,0,117,56,50,65476,0,300,0,0,8,20529,65476,0,0,57672,80.0,0.0,0.0,0.0,0.0,0.0
2026-06-17T04:03:54,ERR,ERR,ERR,ERR,ERR,ERR,ERR,ERR,ERR,ERR,ERR,ERR,ERR,ERR,ERR,ERR,ERR,ERR,ERR,ERR,ERR,ERR,ERR,ERR,ERR,ERR,ERR,ERR,ERR,ERR,ERR,ERR,ERR,ERR,ERR,ERR,ERR,ERR,ERR,ERR,ERR,ERR,ERR,ERR,ERR,ERR,ERR,ERR,ERR,ERR,ERR,ERR,ERR,ERR,ERR,ERR,ERR,ERR,ERR,ERR,ERR,ERR,ERR,ERR,ERR,ERR,ERR,ERR,ERR,ERR,ERR,ERR,ERR,ERR,ERR,ERR,ERR,ERR,ERR,ERR,ERR,ERR,ERR,ERR,ERR,ERR,ERR,ERR,ERR,ERR,ERR,ERR,ERR,ERR,ERR,ERR,ERR,ERR,ERR,ERR,ERR,ERR,ERR,ERR,ERR,ERR,ERR,ERR,ERR,ERR,ERR,ERR,ERR,ERR,ERR,ERR,ERR,ERR,ERR,ERR,ERR,ERR,ERR,ERR,ERR,0.0,0.0,2.6474777903227054e+23,0.0,0.0,1.3936040501711995e+18,7.805,0.0,0,0,4,0,7300,-0.0,0,0.0,0.0,0.0,0.0,0.0,0,0,0,0,0.0,0,0,0,0,0,0,0,0,0,0,0,0,0,0,0,0,0,0,0,0,0,0,0,0,0,0,0,0,0,0,0,0,0,32,30,30,62,65476,0,300,0,0,8,21553,0.0,-107605600.0,0.0,0.0,0.0,0.0,0.0,0.0,0.0,0.0,0.0,0.0,0.0,0.0,0.0,0.0,0.0,0.0,0.0,0.0,0.0,0.0,2.004,-0.0,-2.004,2.004,0.0,0.0,0.0,0.0,5468.0,0.0,6974.0,0.0,0.0,-107615280.0,0.0,0.0,0.0,0.0,0.0,63,-107615312.0,-0.0,0.0,0.0,0.0,0.0,0.0,0.0,0.0,0,0,0,0.0,0.0,0.0,0.0,0.0,0.0,0.0,0.0,0.0,0.0,0.0,0.0,0.0,0.0,0.0,0.0,0,-107875648.0,63,0.0,126,2.7184242562605685e+23,-0.0,ERR,ERR,ERR,ERR,ERR,ERR,ERR,ERR,ERR,ERR,ERR,ERR,ERR,ERR,ERR,ERR,ERR,ERR,ERR,ERR,ERR,ERR,ERR,ERR,ERR,ERR,ERR,ERR,ERR,ERR,ERR,ERR,ERR,ERR,ERR,ERR,ERR,ERR,ERR,ERR,ERR,ERR,ERR,ERR,ERR,ERR,ERR,ERR,ERR,ERR,ERR,ERR,ERR,ERR,ERR,ERR,ERR,ERR,ERR,ERR,ERR,ERR,ERR,ERR,ERR,ERR,ERR,34.0,80.0,35,0.0,0.0,0.0,0.0,0.0,0.0,0.0,0.0,0.0,0.0,0.0,0.0,0.0,0.0,0.0,0.0,64.4,0,117,56,50,65476,0,300,0,0,8,20529,65476,0,0,57672,80.0,0.0,0.0,0.0,0.0,0.0
2026-06-17T04:03:55,ERR,ERR,ERR,ERR,ERR,ERR,ERR,ERR,ERR,ERR,ERR,ERR,ERR,ERR,ERR,ERR,ERR,ERR,ERR,ERR,ERR,ERR,ERR,ERR,ERR,ERR,ERR,ERR,ERR,ERR,ERR,ERR,ERR,ERR,ERR,ERR,ERR,ERR,ERR,ERR,ERR,ERR,ERR,ERR,ERR,ERR,ERR,ERR,ERR,ERR,ERR,ERR,ERR,ERR,ERR,ERR,ERR,ERR,ERR,ERR,ERR,ERR,ERR,ERR,ERR,ERR,ERR,ERR,ERR,ERR,ERR,ERR,ERR,ERR,ERR,ERR,ERR,ERR,ERR,ERR,ERR,ERR,ERR,ERR,ERR,ERR,ERR,ERR,ERR,ERR,ERR,ERR,ERR,ERR,ERR,ERR,ERR,ERR,ERR,ERR,ERR,ERR,ERR,ERR,ERR,ERR,ERR,ERR,ERR,ERR,ERR,ERR,ERR,ERR,ERR,ERR,ERR,ERR,ERR,ERR,ERR,ERR,ERR,ERR,ERR,0.0,0.0,2.6474777903227054e+23,0.0,0.0,1.3936040501711995e+18,7.805,0.0,0,0,4,0,7300,-0.0,0,0.0,0.0,0.0,0.0,0.0,0,0,0,0,0.0,0,0,0,0,0,0,0,0,0,0,0,0,0,0,0,0,0,0,0,0,0,0,0,0,0,0,0,0,0,0,0,0,0,32,30,30,62,65476,0,300,0,0,8,21553,0.0,-107605600.0,0.0,0.0,0.0,0.0,0.0,0.0,0.0,0.0,0.0,0.0,0.0,0.0,0.0,0.0,0.0,0.0,0.0,0.0,0.0,0.0,2.004,-0.0,-2.004,2.004,0.0,0.0,0.0,0.0,5468.0,0.0,6974.0,0.0,0.0,-107615280.0,0.0,0.0,0.0,0.0,0.0,63,-107615312.0,-0.0,0.0,0.0,0.0,0.0,0.0,0.0,0.0,0,0,0,0.0,0.0,0.0,0.0,0.0,0.0,0.0,0.0,0.0,0.0,0.0,0.0,0.0,0.0,0.0,0.0,0,-107875648.0,63,0.0,126,2.7184242562605685e+23,-0.0,ERR,ERR,ERR,ERR,ERR,ERR,ERR,ERR,ERR,ERR,ERR,ERR,ERR,ERR,ERR,ERR,ERR,ERR,ERR,ERR,ERR,ERR,ERR,ERR,ERR,ERR,ERR,ERR,ERR,ERR,ERR,ERR,ERR,ERR,ERR,ERR,ERR,ERR,ERR,ERR,ERR,ERR,ERR,ERR,ERR,ERR,ERR,ERR,ERR,ERR,ERR,ERR,ERR,ERR,ERR,ERR,ERR,ERR,ERR,ERR,ERR,ERR,ERR,ERR,ERR,ERR,ERR,34.0,80.0,35,0.0,0.0,0.0,0.0,0.0,0.0,0.0,0.0,0.0,0.0,0.0,0.0,0.0,0.0,0.0,0.0,64.4,0,117,56,50,65476,0,300,0,0,8,20529,65476,0,0,57672,80.0,0.0,0.0,0.0,0.0,0.0
2026-06-17T04:03:56,ERR,ERR,ERR,ERR,ERR,ERR,ERR,ERR,ERR,ERR,ERR,ERR,ERR,ERR,ERR,ERR,ERR,ERR,ERR,ERR,ERR,ERR,ERR,ERR,ERR,ERR,ERR,ERR,ERR,ERR,ERR,ERR,ERR,ERR,ERR,ERR,ERR,ERR,ERR,ERR,ERR,ERR,ERR,ERR,ERR,ERR,ERR,ERR,ERR,ERR,ERR,ERR,ERR,ERR,ERR,ERR,ERR,ERR,ERR,ERR,ERR,ERR,ERR,ERR,ERR,ERR,ERR,ERR,ERR,ERR,ERR,ERR,ERR,ERR,ERR,ERR,ERR,ERR,ERR,ERR,ERR,ERR,ERR,ERR,ERR,ERR,ERR,ERR,ERR,ERR,ERR,ERR,ERR,ERR,ERR,ERR,ERR,ERR,ERR,ERR,ERR,ERR,ERR,ERR,ERR,ERR,ERR,ERR,ERR,ERR,ERR,ERR,ERR,ERR,ERR,ERR,ERR,ERR,ERR,ERR,ERR,ERR,ERR,ERR,ERR,0.0,0.0,2.6474777903227054e+23,0.0,0.0,1.3936040501711995e+18,7.805,0.0,0,0,4,0,7300,-0.0,0,0.0,0.0,0.0,0.0,0.0,0,0,0,0,0.0,0,0,0,0,0,0,0,0,0,0,0,0,0,0,0,0,0,0,0,0,0,0,0,0,0,0,0,0,0,0,0,0,0,32,30,30,62,65476,0,300,0,0,8,21553,0.0,-107605600.0,0.0,0.0,0.0,0.0,0.0,0.0,0.0,0.0,0.0,0.0,0.0,0.0,0.0,0.0,0.0,0.0,0.0,0.0,0.0,0.0,2.004,-0.0,-2.004,2.004,0.0,0.0,0.0,0.0,5468.0,0.0,6974.0,0.0,0.0,-107615280.0,0.0,0.0,0.0,0.0,0.0,63,-107615312.0,-0.0,0.0,0.0,0.0,0.0,0.0,0.0,0.0,0,0,0,0.0,0.0,0.0,0.0,0.0,0.0,0.0,0.0,0.0,0.0,0.0,0.0,0.0,0.0,0.0,0.0,0,-107875648.0,63,0.0,126,2.7184242562605685e+23,-0.0,ERR,ERR,ERR,ERR,ERR,ERR,ERR,ERR,ERR,ERR,ERR,ERR,ERR,ERR,ERR,ERR,ERR,ERR,ERR,ERR,ERR,ERR,ERR,ERR,ERR,ERR,ERR,ERR,ERR,ERR,ERR,ERR,ERR,ERR,ERR,ERR,ERR,ERR,ERR,ERR,ERR,ERR,ERR,ERR,ERR,ERR,ERR,ERR,ERR,ERR,ERR,ERR,ERR,ERR,ERR,ERR,ERR,ERR,ERR,ERR,ERR,ERR,ERR,ERR,ERR,ERR,ERR,34.0,80.0,35,0.0,0.0,0.0,0.0,0.0,0.0,0.0,0.0,0.0,0.0,0.0,0.0,0.0,0.0,0.0,0.0,64.4,0,117,56,50,65476,0,300,0,0,8,20529,65476,0,0,57672,80.0,0.0,0.0,0.0,0.0,0.0
2026-06-17T04:03:57,ERR,ERR,ERR,ERR,ERR,ERR,ERR,ERR,ERR,ERR,ERR,ERR,ERR,ERR,ERR,ERR,ERR,ERR,ERR,ERR,ERR,ERR,ERR,ERR,ERR,ERR,ERR,ERR,ERR,ERR,ERR,ERR,ERR,ERR,ERR,ERR,ERR,ERR,ERR,ERR,ERR,ERR,ERR,ERR,ERR,ERR,ERR,ERR,ERR,ERR,ERR,ERR,ERR,ERR,ERR,ERR,ERR,ERR,ERR,ERR,ERR,ERR,ERR,ERR,ERR,ERR,ERR,ERR,ERR,ERR,ERR,ERR,ERR,ERR,ERR,ERR,ERR,ERR,ERR,ERR,ERR,ERR,ERR,ERR,ERR,ERR,ERR,ERR,ERR,ERR,ERR,ERR,ERR,ERR,ERR,ERR,ERR,ERR,ERR,ERR,ERR,ERR,ERR,ERR,ERR,ERR,ERR,ERR,ERR,ERR,ERR,ERR,ERR,ERR,ERR,ERR,ERR,ERR,ERR,ERR,ERR,ERR,ERR,ERR,ERR,0.0,0.0,2.6474777903227054e+23,0.0,0.0,1.3936040501711995e+18,7.805,0.0,0,0,4,0,7300,-0.0,0,0.0,0.0,0.0,0.0,0.0,0,0,0,0,0.0,0,0,0,0,0,0,0,0,0,0,0,0,0,0,0,0,0,0,0,0,0,0,0,0,0,0,0,0,0,0,0,0,0,32,30,30,62,65476,0,300,0,0,8,21553,0.0,-107605600.0,0.0,0.0,0.0,0.0,0.0,0.0,0.0,0.0,0.0,0.0,0.0,0.0,0.0,0.0,0.0,0.0,0.0,0.0,0.0,0.0,2.004,-0.0,-2.004,2.004,0.0,0.0,0.0,0.0,5468.0,0.0,6974.0,0.0,0.0,-107615280.0,0.0,0.0,0.0,0.0,0.0,63,-107615312.0,-0.0,0.0,0.0,0.0,0.0,0.0,0.0,0.0,0,0,0,0.0,0.0,0.0,0.0,0.0,0.0,0.0,0.0,0.0,0.0,0.0,0.0,0.0,0.0,0.0,0.0,0,-107875648.0,63,0.0,126,2.7184242562605685e+23,-0.0,ERR,ERR,ERR,ERR,ERR,ERR,ERR,ERR,ERR,ERR,ERR,ERR,ERR,ERR,ERR,ERR,ERR,ERR,ERR,ERR,ERR,ERR,ERR,ERR,ERR,ERR,ERR,ERR,ERR,ERR,ERR,ERR,ERR,ERR,ERR,ERR,ERR,ERR,ERR,ERR,ERR,ERR,ERR,ERR,ERR,ERR,ERR,ERR,ERR,ERR,ERR,ERR,ERR,ERR,ERR,ERR,ERR,ERR,ERR,ERR,ERR,ERR,ERR,ERR,ERR,ERR,ERR,34.0,80.0,35,0.0,0.0,0.0,0.0,0.0,0.0,0.0,0.0,0.0,0.0,0.0,0.0,0.0,0.0,0.0,0.0,64.4,0,117,56,50,65476,0,300,0,0,8,20529,65476,0,0,57672,80.0,0.0,0.0,0.0,0.0,0.0
2026-06-17T04:03:58,ERR,ERR,ERR,ERR,ERR,ERR,ERR,ERR,ERR,ERR,ERR,ERR,ERR,ERR,ERR,ERR,ERR,ERR,ERR,ERR,ERR,ERR,ERR,ERR,ERR,ERR,ERR,ERR,ERR,ERR,ERR,ERR,ERR,ERR,ERR,ERR,ERR,ERR,ERR,ERR,ERR,ERR,ERR,ERR,ERR,ERR,ERR,ERR,ERR,ERR,ERR,ERR,ERR,ERR,ERR,ERR,ERR,ERR,ERR,ERR,ERR,ERR,ERR,ERR,ERR,ERR,ERR,ERR,ERR,ERR,ERR,ERR,ERR,ERR,ERR,ERR,ERR,ERR,ERR,ERR,ERR,ERR,ERR,ERR,ERR,ERR,ERR,ERR,ERR,ERR,ERR,ERR,ERR,ERR,ERR,ERR,ERR,ERR,ERR,ERR,ERR,ERR,ERR,ERR,ERR,ERR,ERR,ERR,ERR,ERR,ERR,ERR,ERR,ERR,ERR,ERR,ERR,ERR,ERR,ERR,ERR,ERR,ERR,ERR,ERR,0.0,0.0,2.6474777903227054e+23,0.0,0.0,1.3936040501711995e+18,7.805,0.0,0,0,4,0,7300,-0.0,0,0.0,0.0,0.0,0.0,0.0,0,0,0,0,0.0,0,0,0,0,0,0,0,0,0,0,0,0,0,0,0,0,0,0,0,0,0,0,0,0,0,0,0,0,0,0,0,0,0,32,30,30,62,65476,0,300,0,0,8,21553,0.0,-107605600.0,0.0,0.0,0.0,0.0,0.0,0.0,0.0,0.0,0.0,0.0,0.0,0.0,0.0,0.0,0.0,0.0,0.0,0.0,0.0,0.0,2.004,-0.0,-2.004,2.004,0.0,0.0,0.0,0.0,5468.0,0.0,6974.0,0.0,0.0,-107615280.0,0.0,0.0,0.0,0.0,0.0,63,-107615312.0,-0.0,0.0,0.0,0.0,0.0,0.0,0.0,0.0,0,0,0,0.0,0.0,0.0,0.0,0.0,0.0,0.0,0.0,0.0,0.0,0.0,0.0,0.0,0.0,0.0,0.0,0,-107875648.0,63,0.0,126,2.7184242562605685e+23,-0.0,ERR,ERR,ERR,ERR,ERR,ERR,ERR,ERR,ERR,ERR,ERR,ERR,ERR,ERR,ERR,ERR,ERR,ERR,ERR,ERR,ERR,ERR,ERR,ERR,ERR,ERR,ERR,ERR,ERR,ERR,ERR,ERR,ERR,ERR,ERR,ERR,ERR,ERR,ERR,ERR,ERR,ERR,ERR,ERR,ERR,ERR,ERR,ERR,ERR,ERR,ERR,ERR,ERR,ERR,ERR,ERR,ERR,ERR,ERR,ERR,ERR,ERR,ERR,ERR,ERR,ERR,ERR,34.0,80.0,35,0.0,0.0,0.0,0.0,0.0,0.0,0.0,0.0,0.0,0.0,0.0,0.0,0.0,0.0,0.0,0.0,64.4,0,117,56,50,65476,0,300,0,0,8,20529,65476,0,0,57672,80.0,0.0,0.0,0.0,0.0,0.0
2026-06-17T04:03:59,ERR,ERR,ERR,ERR,ERR,ERR,ERR,ERR,ERR,ERR,ERR,ERR,ERR,ERR,ERR,ERR,ERR,ERR,ERR,ERR,ERR,ERR,ERR,ERR,ERR,ERR,ERR,ERR,ERR,ERR,ERR,ERR,ERR,ERR,ERR,ERR,ERR,ERR,ERR,ERR,ERR,ERR,ERR,ERR,ERR,ERR,ERR,ERR,ERR,ERR,ERR,ERR,ERR,ERR,ERR,ERR,ERR,ERR,ERR,ERR,ERR,ERR,ERR,ERR,ERR,ERR,ERR,ERR,ERR,ERR,ERR,ERR,ERR,ERR,ERR,ERR,ERR,ERR,ERR,ERR,ERR,ERR,ERR,ERR,ERR,ERR,ERR,ERR,ERR,ERR,ERR,ERR,ERR,ERR,ERR,ERR,ERR,ERR,ERR,ERR,ERR,ERR,ERR,ERR,ERR,ERR,ERR,ERR,ERR,ERR,ERR,ERR,ERR,ERR,ERR,ERR,ERR,ERR,ERR,ERR,ERR,ERR,ERR,ERR,ERR,0.0,0.0,2.6474777903227054e+23,0.0,0.0,1.3936040501711995e+18,7.805,0.0,0,0,4,0,7300,-0.0,0,0.0,0.0,0.0,0.0,0.0,0,0,0,0,0.0,0,0,0,0,0,0,0,0,0,0,0,0,0,0,0,0,0,0,0,0,0,0,0,0,0,0,0,0,0,0,0,0,0,32,30,30,62,65476,0,300,0,0,8,21553,0.0,-107605600.0,0.0,0.0,0.0,0.0,0.0,0.0,0.0,0.0,0.0,0.0,0.0,0.0,0.0,0.0,0.0,0.0,0.0,0.0,0.0,0.0,2.004,-0.0,-0.0,-0.0,0.0,0.0,0.0,0.0,5435.0,-1.0406669901790231e+34,6975.0,0.0,0.0,-107615280.0,0.0,0.0,0.0,0.0,0.0,63,-89221.078,-0.0,0.0,0.0,0.0,0.0,0.0,0.0,0.0,0,0,0,0.0,0.0,0.0,0.0,0.0,0.0,0.0,0.0,0.0,0.0,0.0,0.0,0.0,0.0,0.0,0.0,0,-107875648.0,63,0.0,126,2.7184242562605685e+23,-0.0,ERR,ERR,ERR,ERR,ERR,ERR,ERR,ERR,ERR,ERR,ERR,ERR,ERR,ERR,ERR,ERR,ERR,ERR,ERR,ERR,ERR,ERR,ERR,ERR,ERR,ERR,ERR,ERR,ERR,ERR,ERR,ERR,ERR,ERR,ERR,ERR,ERR,ERR,ERR,ERR,ERR,ERR,ERR,ERR,ERR,ERR,ERR,ERR,ERR,ERR,ERR,ERR,ERR,ERR,ERR,ERR,ERR,ERR,ERR,ERR,ERR,ERR,ERR,ERR,ERR,ERR,ERR,34.0,80.0,35,0.0,0.0,0.0,0.0,0.0,0.0,0.0,0.0,0.0,0.0,0.0,0.0,0.0,0.0,0.0,0.0,64.4,0,117,56,50,65476,0,300,0,0,8,20529,65476,0,0,57672,80.0,0.0,0.0,0.0,0.0,0.0
2026-06-17T04:04:00,ERR,ERR,ERR,ERR,ERR,ERR,ERR,ERR,ERR,ERR,ERR,ERR,ERR,ERR,ERR,ERR,ERR,ERR,ERR,ERR,ERR,ERR,ERR,ERR,ERR,ERR,ERR,ERR,ERR,ERR,ERR,ERR,ERR,ERR,ERR,ERR,ERR,ERR,ERR,ERR,ERR,ERR,ERR,ERR,ERR,ERR,ERR,ERR,ERR,ERR,ERR,ERR,ERR,ERR,ERR,ERR,ERR,ERR,ERR,ERR,ERR,ERR,ERR,ERR,ERR,ERR,ERR,ERR,ERR,ERR,ERR,ERR,ERR,ERR,ERR,ERR,ERR,ERR,ERR,ERR,ERR,ERR,ERR,ERR,ERR,ERR,ERR,ERR,ERR,ERR,ERR,ERR,ERR,ERR,ERR,ERR,ERR,ERR,ERR,ERR,ERR,ERR,ERR,ERR,ERR,ERR,ERR,ERR,ERR,ERR,ERR,ERR,ERR,ERR,ERR,ERR,ERR,ERR,ERR,ERR,ERR,ERR,ERR,ERR,ERR,0.0,0.0,2.6474777903227054e+23,0.0,0.0,1.3936040501711995e+18,7.805,0.0,0,0,4,0,7300,-0.0,0,0.0,0.0,0.0,0.0,0.0,0,0,0,0,0.0,0,0,0,0,0,0,0,0,0,0,0,0,0,0,0,0,0,0,0,0,0,0,0,0,0,0,0,0,0,0,0,0,0,32,30,30,62,65476,0,300,0,0,8,21553,0.0,-107605600.0,0.0,0.0,0.0,0.0,0.0,0.0,0.0,0.0,0.0,0.0,0.0,0.0,0.0,0.0,0.0,0.0,0.0,0.0,0.0,0.0,2.004,-0.0,-0.0,-0.0,0.0,0.0,0.0,0.0,5435.0,-1.0406669901790231e+34,6975.0,0.0,0.0,-107615280.0,0.0,0.0,0.0,0.0,0.0,63,-89221.078,-0.0,0.0,0.0,0.0,0.0,0.0,0.0,0.0,0,0,0,0.0,0.0,0.0,0.0,0.0,0.0,0.0,0.0,0.0,0.0,0.0,0.0,0.0,0.0,0.0,0.0,0,-107875648.0,63,0.0,126,2.7184242562605685e+23,-0.0,ERR,ERR,ERR,ERR,ERR,ERR,ERR,ERR,ERR,ERR,ERR,ERR,ERR,ERR,ERR,ERR,ERR,ERR,ERR,ERR,ERR,ERR,ERR,ERR,ERR,ERR,ERR,ERR,ERR,ERR,ERR,ERR,ERR,ERR,ERR,ERR,ERR,ERR,ERR,ERR,ERR,ERR,ERR,ERR,ERR,ERR,ERR,ERR,ERR,ERR,ERR,ERR,ERR,ERR,ERR,ERR,ERR,ERR,ERR,ERR,ERR,ERR,ERR,ERR,ERR,ERR,ERR,34.0,80.0,35,0.0,0.0,0.0,0.0,0.0,0.0,0.0,0.0,0.0,0.0,0.0,0.0,0.0,0.0,0.0,0.0,64.4,0,117,56,50,65476,0,300,0,0,8,20529,65476,0,0,57672,80.0,0.0,0.0,0.0,0.0,0.0
2026-06-17T04:04:01,ERR,ERR,ERR,ERR,ERR,ERR,ERR,ERR,ERR,ERR,ERR,ERR,ERR,ERR,ERR,ERR,ERR,ERR,ERR,ERR,ERR,ERR,ERR,ERR,ERR,ERR,ERR,ERR,ERR,ERR,ERR,ERR,ERR,ERR,ERR,ERR,ERR,ERR,ERR,ERR,ERR,ERR,ERR,ERR,ERR,ERR,ERR,ERR,ERR,ERR,ERR,ERR,ERR,ERR,ERR,ERR,ERR,ERR,ERR,ERR,ERR,ERR,ERR,ERR,ERR,ERR,ERR,ERR,ERR,ERR,ERR,ERR,ERR,ERR,ERR,ERR,ERR,ERR,ERR,ERR,ERR,ERR,ERR,ERR,ERR,ERR,ERR,ERR,ERR,ERR,ERR,ERR,ERR,ERR,ERR,ERR,ERR,ERR,ERR,ERR,ERR,ERR,ERR,ERR,ERR,ERR,ERR,ERR,ERR,ERR,ERR,ERR,ERR,ERR,ERR,ERR,ERR,ERR,ERR,ERR,ERR,ERR,ERR,ERR,ERR,0.0,0.0,2.6474777903227054e+23,0.0,0.0,1.3936040501711995e+18,7.805,0.0,0,0,4,0,7300,-0.0,0,0.0,0.0,0.0,0.0,0.0,0,0,0,0,0.0,0,0,0,0,0,0,0,0,0,0,0,0,0,0,0,0,0,0,0,0,0,0,0,0,0,0,0,0,0,0,0,0,0,32,30,30,62,65476,0,300,0,0,8,21553,0.0,-107605600.0,0.0,0.0,0.0,0.0,0.0,0.0,0.0,0.0,0.0,0.0,0.0,0.0,0.0,0.0,0.0,0.0,0.0,0.0,0.0,0.0,2.004,-0.0,-0.0,-0.0,0.0,0.0,0.0,0.0,5435.0,-1.0406669901790231e+34,6975.0,0.0,0.0,-107615280.0,0.0,0.0,0.0,0.0,0.0,63,-89221.078,-0.0,0.0,0.0,0.0,0.0,0.0,0.0,0.0,0,0,0,0.0,0.0,0.0,0.0,0.0,0.0,0.0,0.0,0.0,0.0,0.0,0.0,0.0,0.0,0.0,0.0,0,-107875648.0,63,0.0,126,2.7184242562605685e+23,-0.0,ERR,ERR,ERR,ERR,ERR,ERR,ERR,ERR,ERR,ERR,ERR,ERR,ERR,ERR,ERR,ERR,ERR,ERR,ERR,ERR,ERR,ERR,ERR,ERR,ERR,ERR,ERR,ERR,ERR,ERR,ERR,ERR,ERR,ERR,ERR,ERR,ERR,ERR,ERR,ERR,ERR,ERR,ERR,ERR,ERR,ERR,ERR,ERR,ERR,ERR,ERR,ERR,ERR,ERR,ERR,ERR,ERR,ERR,ERR,ERR,ERR,ERR,ERR,ERR,ERR,ERR,ERR,34.0,80.0,35,0.0,0.0,0.0,0.0,0.0,0.0,0.0,0.0,0.0,0.0,0.0,0.0,0.0,0.0,0.0,0.0,64.4,0,117,56,50,65476,0,300,0,0,8,20529,65476,0,0,57672,80.0,0.0,0.0,0.0,0.0,0.0
2026-06-17T04:04:02,ERR,ERR,ERR,ERR,ERR,ERR,ERR,ERR,ERR,ERR,ERR,ERR,ERR,ERR,ERR,ERR,ERR,ERR,ERR,ERR,ERR,ERR,ERR,ERR,ERR,ERR,ERR,ERR,ERR,ERR,ERR,ERR,ERR,ERR,ERR,ERR,ERR,ERR,ERR,ERR,ERR,ERR,ERR,ERR,ERR,ERR,ERR,ERR,ERR,ERR,ERR,ERR,ERR,ERR,ERR,ERR,ERR,ERR,ERR,ERR,ERR,ERR,ERR,ERR,ERR,ERR,ERR,ERR,ERR,ERR,ERR,ERR,ERR,ERR,ERR,ERR,ERR,ERR,ERR,ERR,ERR,ERR,ERR,ERR,ERR,ERR,ERR,ERR,ERR,ERR,ERR,ERR,ERR,ERR,ERR,ERR,ERR,ERR,ERR,ERR,ERR,ERR,ERR,ERR,ERR,ERR,ERR,ERR,ERR,ERR,ERR,ERR,ERR,ERR,ERR,ERR,ERR,ERR,ERR,ERR,ERR,ERR,ERR,ERR,ERR,0.0,0.0,2.6474777903227054e+23,0.0,0.0,1.3936040501711995e+18,7.805,0.0,0,0,4,0,7300,-0.0,0,0.0,0.0,0.0,0.0,0.0,0,0,0,0,0.0,0,0,0,0,0,0,0,0,0,0,0,0,0,0,0,0,0,0,0,0,0,0,0,0,0,0,0,0,0,0,0,0,0,32,30,30,62,65476,0,300,0,0,8,21553,0.0,-107605600.0,0.0,0.0,0.0,0.0,0.0,0.0,0.0,0.0,0.0,0.0,0.0,0.0,0.0,0.0,0.0,0.0,0.0,0.0,0.0,0.0,2.004,-0.0,-0.0,-0.0,0.0,0.0,0.0,0.0,5435.0,-1.0406669901790231e+34,6975.0,0.0,0.0,-107615280.0,0.0,0.0,0.0,0.0,0.0,63,-89221.078,-0.0,0.0,0.0,0.0,0.0,0.0,0.0,0.0,0,0,0,0.0,0.0,0.0,0.0,0.0,0.0,0.0,0.0,0.0,0.0,0.0,0.0,0.0,0.0,0.0,0.0,0,-107875648.0,63,0.0,126,2.7184242562605685e+23,-0.0,ERR,ERR,ERR,ERR,ERR,ERR,ERR,ERR,ERR,ERR,ERR,ERR,ERR,ERR,ERR,ERR,ERR,ERR,ERR,ERR,ERR,ERR,ERR,ERR,ERR,ERR,ERR,ERR,ERR,ERR,ERR,ERR,ERR,ERR,ERR,ERR,ERR,ERR,ERR,ERR,ERR,ERR,ERR,ERR,ERR,ERR,ERR,ERR,ERR,ERR,ERR,ERR,ERR,ERR,ERR,ERR,ERR,ERR,ERR,ERR,ERR,ERR,ERR,ERR,ERR,ERR,ERR,34.0,80.0,35,0.0,0.0,0.0,0.0,0.0,0.0,0.0,0.0,0.0,0.0,0.0,0.0,0.0,0.0,0.0,0.0,64.4,0,117,56,50,65476,0,300,0,0,8,20529,65476,0,0,57672,80.0,0.0,0.0,0.0,0.0,0.0
2026-06-17T04:04:03,ERR,ERR,ERR,ERR,ERR,ERR,ERR,ERR,ERR,ERR,ERR,ERR,ERR,ERR,ERR,ERR,ERR,ERR,ERR,ERR,ERR,ERR,ERR,ERR,ERR,ERR,ERR,ERR,ERR,ERR,ERR,ERR,ERR,ERR,ERR,ERR,ERR,ERR,ERR,ERR,ERR,ERR,ERR,ERR,ERR,ERR,ERR,ERR,ERR,ERR,ERR,ERR,ERR,ERR,ERR,ERR,ERR,ERR,ERR,ERR,ERR,ERR,ERR,ERR,ERR,ERR,ERR,ERR,ERR,ERR,ERR,ERR,ERR,ERR,ERR,ERR,ERR,ERR,ERR,ERR,ERR,ERR,ERR,ERR,ERR,ERR,ERR,ERR,ERR,ERR,ERR,ERR,ERR,ERR,ERR,ERR,ERR,ERR,ERR,ERR,ERR,ERR,ERR,ERR,ERR,ERR,ERR,ERR,ERR,ERR,ERR,ERR,ERR,ERR,ERR,ERR,ERR,ERR,ERR,ERR,ERR,ERR,ERR,ERR,ERR,0.0,0.0,2.6474777903227054e+23,0.0,0.0,1.3936040501711995e+18,7.805,0.0,0,0,4,0,7300,-0.0,0,0.0,0.0,0.0,0.0,0.0,0,0,0,0,0.0,0,0,0,0,0,0,0,0,0,0,0,0,0,0,0,0,0,0,0,0,0,0,0,0,0,0,0,0,0,0,0,0,0,32,30,30,62,65476,0,300,0,0,8,21553,0.0,-107605600.0,0.0,0.0,0.0,0.0,0.0,0.0,0.0,0.0,0.0,0.0,0.0,0.0,0.0,0.0,0.0,0.0,0.0,0.0,0.0,0.0,2.004,-0.0,-0.0,-0.0,0.0,0.0,0.0,0.0,5435.0,-1.0406669901790231e+34,6975.0,0.0,0.0,-107615280.0,0.0,0.0,0.0,0.0,0.0,63,-89221.078,-0.0,0.0,0.0,0.0,0.0,0.0,0.0,0.0,0,0,0,0.0,0.0,0.0,0.0,0.0,0.0,0.0,0.0,0.0,0.0,0.0,0.0,0.0,0.0,0.0,0.0,0,-107875648.0,63,0.0,126,2.7184242562605685e+23,-0.0,ERR,ERR,ERR,ERR,ERR,ERR,ERR,ERR,ERR,ERR,ERR,ERR,ERR,ERR,ERR,ERR,ERR,ERR,ERR,ERR,ERR,ERR,ERR,ERR,ERR,ERR,ERR,ERR,ERR,ERR,ERR,ERR,ERR,ERR,ERR,ERR,ERR,ERR,ERR,ERR,ERR,ERR,ERR,ERR,ERR,ERR,ERR,ERR,ERR,ERR,ERR,ERR,ERR,ERR,ERR,ERR,ERR,ERR,ERR,ERR,ERR,ERR,ERR,ERR,ERR,ERR,ERR,34.0,80.0,35,0.0,0.0,0.0,0.0,0.0,0.0,0.0,0.0,0.0,0.0,0.0,0.0,0.0,0.0,0.0,0.0,64.4,0,117,56,50,65476,0,300,0,0,8,20529,65476,0,0,57672,80.0,0.0,0.0,0.0,0.0,0.0
2026-06-17T04:04:04,ERR,ERR,ERR,ERR,ERR,ERR,ERR,ERR,ERR,ERR,ERR,ERR,ERR,ERR,ERR,ERR,ERR,ERR,ERR,ERR,ERR,ERR,ERR,ERR,ERR,ERR,ERR,ERR,ERR,ERR,ERR,ERR,ERR,ERR,ERR,ERR,ERR,ERR,ERR,ERR,ERR,ERR,ERR,ERR,ERR,ERR,ERR,ERR,ERR,ERR,ERR,ERR,ERR,ERR,ERR,ERR,ERR,ERR,ERR,ERR,ERR,ERR,ERR,ERR,ERR,ERR,ERR,ERR,ERR,ERR,ERR,ERR,ERR,ERR,ERR,ERR,ERR,ERR,ERR,ERR,ERR,ERR,ERR,ERR,ERR,ERR,ERR,ERR,ERR,ERR,ERR,ERR,ERR,ERR,ERR,ERR,ERR,ERR,ERR,ERR,ERR,ERR,ERR,ERR,ERR,ERR,ERR,ERR,ERR,ERR,ERR,ERR,ERR,ERR,ERR,ERR,ERR,ERR,ERR,ERR,ERR,ERR,ERR,ERR,ERR,0.0,0.0,2.6474777903227054e+23,0.0,0.0,1.3936040501711995e+18,7.805,0.0,0,0,4,0,7300,-0.0,0,0.0,0.0,0.0,0.0,0.0,0,0,0,0,0.0,0,0,0,0,0,0,0,0,0,0,0,0,0,0,0,0,0,0,0,0,0,0,0,0,0,0,0,0,0,0,0,0,0,32,30,30,62,65476,0,300,0,0,8,21553,0.0,-107605600.0,0.0,0.0,0.0,0.0,0.0,0.0,0.0,0.0,0.0,0.0,0.0,0.0,0.0,0.0,0.0,0.0,0.0,0.0,0.0,0.0,2.004,-0.0,-0.0,-0.0,0.0,0.0,0.0,0.0,5467.0,0.0,6946.0,0.0,0.0,-107615280.0,0.0,0.0,0.0,0.0,0.0,63,-0.0,-0.0,0.0,0.0,0.0,0.0,0.0,0.0,0.0,0,0,0,0.0,0.0,0.0,0.0,0.0,0.0,0.0,0.0,0.0,0.0,0.0,0.0,0.0,0.0,0.0,0.0,0,-107875648.0,63,0.0,126,2.7184242562605685e+23,-0.0,ERR,ERR,ERR,ERR,ERR,ERR,ERR,ERR,ERR,ERR,ERR,ERR,ERR,ERR,ERR,ERR,ERR,ERR,ERR,ERR,ERR,ERR,ERR,ERR,ERR,ERR,ERR,ERR,ERR,ERR,ERR,ERR,ERR,ERR,ERR,ERR,ERR,ERR,ERR,ERR,ERR,ERR,ERR,ERR,ERR,ERR,ERR,ERR,ERR,ERR,ERR,ERR,ERR,ERR,ERR,ERR,ERR,ERR,ERR,ERR,ERR,ERR,ERR,ERR,ERR,ERR,ERR,34.0,80.0,35,0.0,0.0,0.0,0.0,0.0,0.0,0.0,0.0,0.0,0.0,0.0,0.0,0.0,0.0,0.0,0.0,64.4,0,117,56,50,65476,0,300,0,0,8,20529,65476,0,0,57672,80.0,0.0,0.0,0.0,0.0,0.0
2026-06-17T04:04:05,ERR,ERR,ERR,ERR,ERR,ERR,ERR,ERR,ERR,ERR,ERR,ERR,ERR,ERR,ERR,ERR,ERR,ERR,ERR,ERR,ERR,ERR,ERR,ERR,ERR,ERR,ERR,ERR,ERR,ERR,ERR,ERR,ERR,ERR,ERR,ERR,ERR,ERR,ERR,ERR,ERR,ERR,ERR,ERR,ERR,ERR,ERR,ERR,ERR,ERR,ERR,ERR,ERR,ERR,ERR,ERR,ERR,ERR,ERR,ERR,ERR,ERR,ERR,ERR,ERR,ERR,ERR,ERR,ERR,ERR,ERR,ERR,ERR,ERR,ERR,ERR,ERR,ERR,ERR,ERR,ERR,ERR,ERR,ERR,ERR,ERR,ERR,ERR,ERR,ERR,ERR,ERR,ERR,ERR,ERR,ERR,ERR,ERR,ERR,ERR,ERR,ERR,ERR,ERR,ERR,ERR,ERR,ERR,ERR,ERR,ERR,ERR,ERR,ERR,ERR,ERR,ERR,ERR,ERR,ERR,ERR,ERR,ERR,ERR,ERR,0.0,0.0,2.6474777903227054e+23,0.0,0.0,1.3936040501711995e+18,7.805,0.0,0,0,4,0,7300,-0.0,0,0.0,0.0,0.0,0.0,0.0,0,0,0,0,0.0,0,0,0,0,0,0,0,0,0,0,0,0,0,0,0,0,0,0,0,0,0,0,0,0,0,0,0,0,0,0,0,0,0,32,30,30,62,65476,0,300,0,0,8,21553,0.0,-107605600.0,0.0,0.0,0.0,0.0,0.0,0.0,0.0,0.0,0.0,0.0,0.0,0.0,0.0,0.0,0.0,0.0,0.0,0.0,0.0,0.0,2.004,-0.0,-0.0,-0.0,0.0,0.0,0.0,0.0,5467.0,0.0,6946.0,0.0,0.0,-107615280.0,0.0,0.0,0.0,0.0,0.0,63,-0.0,-0.0,0.0,0.0,0.0,0.0,0.0,0.0,0.0,0,0,0,0.0,0.0,0.0,0.0,0.0,0.0,0.0,0.0,0.0,0.0,0.0,0.0,0.0,0.0,0.0,0.0,0,-107875648.0,63,0.0,126,2.7184242562605685e+23,-0.0,ERR,ERR,ERR,ERR,ERR,ERR,ERR,ERR,ERR,ERR,ERR,ERR,ERR,ERR,ERR,ERR,ERR,ERR,ERR,ERR,ERR,ERR,ERR,ERR,ERR,ERR,ERR,ERR,ERR,ERR,ERR,ERR,ERR,ERR,ERR,ERR,ERR,ERR,ERR,ERR,ERR,ERR,ERR,ERR,ERR,ERR,ERR,ERR,ERR,ERR,ERR,ERR,ERR,ERR,ERR,ERR,ERR,ERR,ERR,ERR,ERR,ERR,ERR,ERR,ERR,ERR,ERR,34.0,80.0,35,0.0,0.0,0.0,0.0,0.0,0.0,0.0,0.0,0.0,0.0,0.0,0.0,0.0,0.0,0.0,0.0,64.4,0,117,56,50,65476,0,300,0,0,8,20529,65476,0,0,57672,80.0,0.0,0.0,0.0,0.0,0.0
2026-06-17T04:04:06,ERR,ERR,ERR,ERR,ERR,ERR,ERR,ERR,ERR,ERR,ERR,ERR,ERR,ERR,ERR,ERR,ERR,ERR,ERR,ERR,ERR,ERR,ERR,ERR,ERR,ERR,ERR,ERR,ERR,ERR,ERR,ERR,ERR,ERR,ERR,ERR,ERR,ERR,ERR,ERR,ERR,ERR,ERR,ERR,ERR,ERR,ERR,ERR,ERR,ERR,ERR,ERR,ERR,ERR,ERR,ERR,ERR,ERR,ERR,ERR,ERR,ERR,ERR,ERR,ERR,ERR,ERR,ERR,ERR,ERR,ERR,ERR,ERR,ERR,ERR,ERR,ERR,ERR,ERR,ERR,ERR,ERR,ERR,ERR,ERR,ERR,ERR,ERR,ERR,ERR,ERR,ERR,ERR,ERR,ERR,ERR,ERR,ERR,ERR,ERR,ERR,ERR,ERR,ERR,ERR,ERR,ERR,ERR,ERR,ERR,ERR,ERR,ERR,ERR,ERR,ERR,ERR,ERR,ERR,ERR,ERR,ERR,ERR,ERR,ERR,0.0,0.0,2.6474777903227054e+23,0.0,0.0,1.3936040501711995e+18,7.805,0.0,0,0,4,0,7300,-0.0,0,0.0,0.0,0.0,0.0,0.0,0,0,0,0,0.0,0,0,0,0,0,0,0,0,0,0,0,0,0,0,0,0,0,0,0,0,0,0,0,0,0,0,0,0,0,0,0,0,0,32,30,30,62,65476,0,300,0,0,8,21553,0.0,-107605600.0,0.0,0.0,0.0,0.0,0.0,0.0,0.0,0.0,0.0,0.0,0.0,0.0,0.0,0.0,0.0,0.0,0.0,0.0,0.0,0.0,2.004,-0.0,-0.0,-0.0,0.0,0.0,0.0,0.0,5467.0,0.0,6946.0,0.0,0.0,-107615280.0,0.0,0.0,0.0,0.0,0.0,63,-0.0,-0.0,0.0,0.0,0.0,0.0,0.0,0.0,0.0,0,0,0,0.0,0.0,0.0,0.0,0.0,0.0,0.0,0.0,0.0,0.0,0.0,0.0,0.0,0.0,0.0,0.0,0,-107875648.0,63,0.0,126,2.7184242562605685e+23,-0.0,ERR,ERR,ERR,ERR,ERR,ERR,ERR,ERR,ERR,ERR,ERR,ERR,ERR,ERR,ERR,ERR,ERR,ERR,ERR,ERR,ERR,ERR,ERR,ERR,ERR,ERR,ERR,ERR,ERR,ERR,ERR,ERR,ERR,ERR,ERR,ERR,ERR,ERR,ERR,ERR,ERR,ERR,ERR,ERR,ERR,ERR,ERR,ERR,ERR,ERR,ERR,ERR,ERR,ERR,ERR,ERR,ERR,ERR,ERR,ERR,ERR,ERR,ERR,ERR,ERR,ERR,ERR,34.0,80.0,35,0.0,0.0,0.0,0.0,0.0,0.0,0.0,0.0,0.0,0.0,0.0,0.0,0.0,0.0,0.0,0.0,64.4,0,117,56,50,65476,0,300,0,0,8,20529,65476,0,0,57672,80.0,0.0,0.0,0.0,0.0,0.0
2026-06-17T04:04:07,ERR,ERR,ERR,ERR,ERR,ERR,ERR,ERR,ERR,ERR,ERR,ERR,ERR,ERR,ERR,ERR,ERR,ERR,ERR,ERR,ERR,ERR,ERR,ERR,ERR,ERR,ERR,ERR,ERR,ERR,ERR,ERR,ERR,ERR,ERR,ERR,ERR,ERR,ERR,ERR,ERR,ERR,ERR,ERR,ERR,ERR,ERR,ERR,ERR,ERR,ERR,ERR,ERR,ERR,ERR,ERR,ERR,ERR,ERR,ERR,ERR,ERR,ERR,ERR,ERR,ERR,ERR,ERR,ERR,ERR,ERR,ERR,ERR,ERR,ERR,ERR,ERR,ERR,ERR,ERR,ERR,ERR,ERR,ERR,ERR,ERR,ERR,ERR,ERR,ERR,ERR,ERR,ERR,ERR,ERR,ERR,ERR,ERR,ERR,ERR,ERR,ERR,ERR,ERR,ERR,ERR,ERR,ERR,ERR,ERR,ERR,ERR,ERR,ERR,ERR,ERR,ERR,ERR,ERR,ERR,ERR,ERR,ERR,ERR,ERR,0.0,0.0,2.6474777903227054e+23,0.0,0.0,1.3936040501711995e+18,7.805,0.0,0,0,4,0,7300,-0.0,0,0.0,0.0,0.0,0.0,0.0,0,0,0,0,0.0,0,0,0,0,0,0,0,0,0,0,0,0,0,0,0,0,0,0,0,0,0,0,0,0,0,0,0,0,0,0,0,0,0,32,30,30,62,65476,0,300,0,0,8,21553,0.0,-107605600.0,0.0,0.0,0.0,0.0,0.0,0.0,0.0,0.0,0.0,0.0,0.0,0.0,0.0,0.0,0.0,0.0,0.0,0.0,0.0,0.0,2.004,-0.0,-0.0,-0.0,0.0,0.0,0.0,0.0,5467.0,0.0,6946.0,0.0,0.0,-107615280.0,0.0,0.0,0.0,0.0,0.0,63,-0.0,-0.0,0.0,0.0,0.0,0.0,0.0,0.0,0.0,0,0,0,0.0,0.0,0.0,0.0,0.0,0.0,0.0,0.0,0.0,0.0,0.0,0.0,0.0,0.0,0.0,0.0,0,-107875648.0,63,0.0,126,2.7184242562605685e+23,-0.0,ERR,ERR,ERR,ERR,ERR,ERR,ERR,ERR,ERR,ERR,ERR,ERR,ERR,ERR,ERR,ERR,ERR,ERR,ERR,ERR,ERR,ERR,ERR,ERR,ERR,ERR,ERR,ERR,ERR,ERR,ERR,ERR,ERR,ERR,ERR,ERR,ERR,ERR,ERR,ERR,ERR,ERR,ERR,ERR,ERR,ERR,ERR,ERR,ERR,ERR,ERR,ERR,ERR,ERR,ERR,ERR,ERR,ERR,ERR,ERR,ERR,ERR,ERR,ERR,ERR,ERR,ERR,34.0,80.0,35,0.0,0.0,0.0,0.0,0.0,0.0,0.0,0.0,0.0,0.0,0.0,0.0,0.0,0.0,0.0,0.0,64.4,0,117,56,50,65476,0,300,0,0,8,20529,65476,0,0,57672,80.0,0.0,0.0,0.0,0.0,0.0
2026-06-17T04:04:08,ERR,ERR,ERR,ERR,ERR,ERR,ERR,ERR,ERR,ERR,ERR,ERR,ERR,ERR,ERR,ERR,ERR,ERR,ERR,ERR,ERR,ERR,ERR,ERR,ERR,ERR,ERR,ERR,ERR,ERR,ERR,ERR,ERR,ERR,ERR,ERR,ERR,ERR,ERR,ERR,ERR,ERR,ERR,ERR,ERR,ERR,ERR,ERR,ERR,ERR,ERR,ERR,ERR,ERR,ERR,ERR,ERR,ERR,ERR,ERR,ERR,ERR,ERR,ERR,ERR,ERR,ERR,ERR,ERR,ERR,ERR,ERR,ERR,ERR,ERR,ERR,ERR,ERR,ERR,ERR,ERR,ERR,ERR,ERR,ERR,ERR,ERR,ERR,ERR,ERR,ERR,ERR,ERR,ERR,ERR,ERR,ERR,ERR,ERR,ERR,ERR,ERR,ERR,ERR,ERR,ERR,ERR,ERR,ERR,ERR,ERR,ERR,ERR,ERR,ERR,ERR,ERR,ERR,ERR,ERR,ERR,ERR,ERR,ERR,ERR,0.0,0.0,2.6474777903227054e+23,0.0,0.0,1.3936040501711995e+18,7.805,0.0,0,0,4,0,7300,-0.0,0,0.0,0.0,0.0,0.0,0.0,0,0,0,0,0.0,0,0,0,0,0,0,0,0,0,0,0,0,0,0,0,0,0,0,0,0,0,0,0,0,0,0,0,0,0,0,0,0,0,32,30,30,62,65476,0,300,0,0,8,21553,0.0,-107605600.0,0.0,0.0,0.0,0.0,0.0,0.0,0.0,0.0,0.0,0.0,0.0,0.0,0.0,0.0,0.0,0.0,0.0,0.0,0.0,0.0,2.004,-0.0,-0.0,-0.0,0.0,0.0,0.0,0.0,5467.0,0.0,6946.0,0.0,0.0,-107615280.0,0.0,0.0,0.0,0.0,0.0,63,-0.0,-0.0,0.0,0.0,0.0,0.0,0.0,0.0,0.0,0,0,0,0.0,0.0,0.0,0.0,0.0,0.0,0.0,0.0,0.0,0.0,0.0,0.0,0.0,0.0,0.0,0.0,0,-107875648.0,63,0.0,126,2.7184242562605685e+23,-0.0,ERR,ERR,ERR,ERR,ERR,ERR,ERR,ERR,ERR,ERR,ERR,ERR,ERR,ERR,ERR,ERR,ERR,ERR,ERR,ERR,ERR,ERR,ERR,ERR,ERR,ERR,ERR,ERR,ERR,ERR,ERR,ERR,ERR,ERR,ERR,ERR,ERR,ERR,ERR,ERR,ERR,ERR,ERR,ERR,ERR,ERR,ERR,ERR,ERR,ERR,ERR,ERR,ERR,ERR,ERR,ERR,ERR,ERR,ERR,ERR,ERR,ERR,ERR,ERR,ERR,ERR,ERR,34.0,80.0,35,0.0,0.0,0.0,0.0,0.0,0.0,0.0,0.0,0.0,0.0,0.0,0.0,0.0,0.0,0.0,0.0,64.4,0,117,56,50,65476,0,300,0,0,8,20529,65476,0,0,57672,80.0,0.0,0.0,0.0,0.0,0.0
2026-06-17T04:04:09,ERR,ERR,ERR,ERR,ERR,ERR,ERR,ERR,ERR,ERR,ERR,ERR,ERR,ERR,ERR,ERR,ERR,ERR,ERR,ERR,ERR,ERR,ERR,ERR,ERR,ERR,ERR,ERR,ERR,ERR,ERR,ERR,ERR,ERR,ERR,ERR,ERR,ERR,ERR,ERR,ERR,ERR,ERR,ERR,ERR,ERR,ERR,ERR,ERR,ERR,ERR,ERR,ERR,ERR,ERR,ERR,ERR,ERR,ERR,ERR,ERR,ERR,ERR,ERR,ERR,ERR,ERR,ERR,ERR,ERR,ERR,ERR,ERR,ERR,ERR,ERR,ERR,ERR,ERR,ERR,ERR,ERR,ERR,ERR,ERR,ERR,ERR,ERR,ERR,ERR,ERR,ERR,ERR,ERR,ERR,ERR,ERR,ERR,ERR,ERR,ERR,ERR,ERR,ERR,ERR,ERR,ERR,ERR,ERR,ERR,ERR,ERR,ERR,ERR,ERR,ERR,ERR,ERR,ERR,ERR,ERR,ERR,ERR,ERR,ERR,0.0,0.0,2.6474777903227054e+23,0.0,0.0,1.3936040501711995e+18,7.805,0.0,0,0,4,0,7300,-0.0,0,0.0,0.0,0.0,0.0,0.0,0,0,0,0,0.0,0,0,0,0,0,0,0,0,0,0,0,0,0,0,0,0,0,0,0,0,0,0,0,0,0,0,0,0,0,0,0,0,0,32,30,30,62,65476,0,300,0,0,8,21553,0.0,-107605600.0,0.0,0.0,0.0,0.0,0.0,0.0,0.0,0.0,0.0,0.0,0.0,0.0,0.0,0.0,0.0,0.0,0.0,0.0,0.0,0.0,2.004,-0.0,-0.0,-0.0,0.0,0.0,0.0,0.0,5467.0,0.0,6946.0,0.0,0.0,-107615280.0,0.0,0.0,0.0,0.0,0.0,63,-0.0,-0.0,0.0,0.0,0.0,0.0,0.0,0.0,0.0,0,0,0,0.0,0.0,0.0,0.0,0.0,0.0,0.0,0.0,0.0,0.0,0.0,0.0,0.0,0.0,0.0,0.0,0,-107875648.0,63,0.0,126,2.7184242562605685e+23,-0.0,ERR,ERR,ERR,ERR,ERR,ERR,ERR,ERR,ERR,ERR,ERR,ERR,ERR,ERR,ERR,ERR,ERR,ERR,ERR,ERR,ERR,ERR,ERR,ERR,ERR,ERR,ERR,ERR,ERR,ERR,ERR,ERR,ERR,ERR,ERR,ERR,ERR,ERR,ERR,ERR,ERR,ERR,ERR,ERR,ERR,ERR,ERR,ERR,ERR,ERR,ERR,ERR,ERR,ERR,ERR,ERR,ERR,ERR,ERR,ERR,ERR,ERR,ERR,ERR,ERR,ERR,ERR,34.0,80.0,35,0.0,0.0,0.0,0.0,0.0,0.0,0.0,0.0,0.0,0.0,0.0,0.0,0.0,0.0,0.0,0.0,64.4,0,117,56,50,65476,0,300,0,0,8,20529,65476,0,0,57672,80.0,0.0,0.0,0.0,0.0,0.0
2026-06-17T04:04:10,ERR,ERR,ERR,ERR,ERR,ERR,ERR,ERR,ERR,ERR,ERR,ERR,ERR,ERR,ERR,ERR,ERR,ERR,ERR,ERR,ERR,ERR,ERR,ERR,ERR,ERR,ERR,ERR,ERR,ERR,ERR,ERR,ERR,ERR,ERR,ERR,ERR,ERR,ERR,ERR,ERR,ERR,ERR,ERR,ERR,ERR,ERR,ERR,ERR,ERR,ERR,ERR,ERR,ERR,ERR,ERR,ERR,ERR,ERR,ERR,ERR,ERR,ERR,ERR,ERR,ERR,ERR,ERR,ERR,ERR,ERR,ERR,ERR,ERR,ERR,ERR,ERR,ERR,ERR,ERR,ERR,ERR,ERR,ERR,ERR,ERR,ERR,ERR,ERR,ERR,ERR,ERR,ERR,ERR,ERR,ERR,ERR,ERR,ERR,ERR,ERR,ERR,ERR,ERR,ERR,ERR,ERR,ERR,ERR,ERR,ERR,ERR,ERR,ERR,ERR,ERR,ERR,ERR,ERR,ERR,ERR,ERR,ERR,ERR,ERR,0.0,0.0,2.6474777903227054e+23,0.0,0.0,1.3936040501711995e+18,7.805,0.0,0,0,4,0,7300,-0.0,0,0.0,0.0,0.0,0.0,0.0,0,0,0,0,0.0,0,0,0,0,0,0,0,0,0,0,0,0,0,0,0,0,0,0,0,0,0,0,0,0,0,0,0,0,0,0,0,0,0,32,30,30,62,65476,0,300,0,0,8,21553,0.0,-107605600.0,0.0,0.0,0.0,0.0,0.0,0.0,0.0,0.0,0.0,0.0,0.0,0.0,0.0,0.0,0.0,0.0,0.0,0.0,0.0,0.0,2.004,-0.0,-0.0,2.004,0.0,0.0,0.0,0.0,5466.0,2.004,6952.0,0.0,0.0,-107615280.0,0.0,0.0,0.0,0.0,0.0,63,-71.63,-3.222009039136753e+26,0.0,0.0,0.0,0.0,0.0,0.0,0.0,0,0,0,0.0,0.0,0.0,0.0,0.0,0.0,0.0,0.0,0.0,0.0,0.0,0.0,0.0,0.0,0.0,0.0,0,-107875648.0,63,0.0,126,2.7184242562605685e+23,-0.0,ERR,ERR,ERR,ERR,ERR,ERR,ERR,ERR,ERR,ERR,ERR,ERR,ERR,ERR,ERR,ERR,ERR,ERR,ERR,ERR,ERR,ERR,ERR,ERR,ERR,ERR,ERR,ERR,ERR,ERR,ERR,ERR,ERR,ERR,ERR,ERR,ERR,ERR,ERR,ERR,ERR,ERR,ERR,ERR,ERR,ERR,ERR,ERR,ERR,ERR,ERR,ERR,ERR,ERR,ERR,ERR,ERR,ERR,ERR,ERR,ERR,ERR,ERR,ERR,ERR,ERR,ERR,34.0,80.0,35,0.0,0.0,0.0,0.0,0.0,0.0,0.0,0.0,0.0,0.0,0.0,0.0,0.0,0.0,0.0,0.0,64.4,0,117,56,50,65476,0,300,0,0,8,20529,65476,0,0,57672,80.0,0.0,0.0,0.0,0.0,0.0
2026-06-17T04:04:11,ERR,ERR,ERR,ERR,ERR,ERR,ERR,ERR,ERR,ERR,ERR,ERR,ERR,ERR,ERR,ERR,ERR,ERR,ERR,ERR,ERR,ERR,ERR,ERR,ERR,ERR,ERR,ERR,ERR,ERR,ERR,ERR,ERR,ERR,ERR,ERR,ERR,ERR,ERR,ERR,ERR,ERR,ERR,ERR,ERR,ERR,ERR,ERR,ERR,ERR,ERR,ERR,ERR,ERR,ERR,ERR,ERR,ERR,ERR,ERR,ERR,ERR,ERR,ERR,ERR,ERR,ERR,ERR,ERR,ERR,ERR,ERR,ERR,ERR,ERR,ERR,ERR,ERR,ERR,ERR,ERR,ERR,ERR,ERR,ERR,ERR,ERR,ERR,ERR,ERR,ERR,ERR,ERR,ERR,ERR,ERR,ERR,ERR,ERR,ERR,ERR,ERR,ERR,ERR,ERR,ERR,ERR,ERR,ERR,ERR,ERR,ERR,ERR,ERR,ERR,ERR,ERR,ERR,ERR,ERR,ERR,ERR,ERR,ERR,ERR,0.0,0.0,2.6474777903227054e+23,0.0,0.0,1.3936040501711995e+18,7.805,0.0,0,0,4,0,7300,-0.0,0,0.0,0.0,0.0,0.0,0.0,0,0,0,0,0.0,0,0,0,0,0,0,0,0,0,0,0,0,0,0,0,0,0,0,0,0,0,0,0,0,0,0,0,0,0,0,0,0,0,32,30,30,62,65476,0,300,0,0,8,21553,0.0,-107605600.0,0.0,0.0,0.0,0.0,0.0,0.0,0.0,0.0,0.0,0.0,0.0,0.0,0.0,0.0,0.0,0.0,0.0,0.0,0.0,0.0,2.004,-0.0,-0.0,2.004,0.0,0.0,0.0,0.0,5466.0,2.004,6952.0,0.0,0.0,-107615280.0,0.0,0.0,0.0,0.0,0.0,63,-71.63,-3.222009039136753e+26,0.0,0.0,0.0,0.0,0.0,0.0,0.0,0,0,0,0.0,0.0,0.0,0.0,0.0,0.0,0.0,0.0,0.0,0.0,0.0,0.0,0.0,0.0,0.0,0.0,0,-107875648.0,63,0.0,126,2.7184242562605685e+23,-0.0,ERR,ERR,ERR,ERR,ERR,ERR,ERR,ERR,ERR,ERR,ERR,ERR,ERR,ERR,ERR,ERR,ERR,ERR,ERR,ERR,ERR,ERR,ERR,ERR,ERR,ERR,ERR,ERR,ERR,ERR,ERR,ERR,ERR,ERR,ERR,ERR,ERR,ERR,ERR,ERR,ERR,ERR,ERR,ERR,ERR,ERR,ERR,ERR,ERR,ERR,ERR,ERR,ERR,ERR,ERR,ERR,ERR,ERR,ERR,ERR,ERR,ERR,ERR,ERR,ERR,ERR,ERR,34.0,80.0,35,0.0,0.0,0.0,0.0,0.0,0.0,0.0,0.0,0.0,0.0,0.0,0.0,0.0,0.0,0.0,0.0,64.4,0,117,56,50,65476,0,300,0,0,8,20529,65476,0,0,57672,80.0,0.0,0.0,0.0,0.0,0.0
2026-06-17T04:04:12,ERR,ERR,ERR,ERR,ERR,ERR,ERR,ERR,ERR,ERR,ERR,ERR,ERR,ERR,ERR,ERR,ERR,ERR,ERR,ERR,ERR,ERR,ERR,ERR,ERR,ERR,ERR,ERR,ERR,ERR,ERR,ERR,ERR,ERR,ERR,ERR,ERR,ERR,ERR,ERR,ERR,ERR,ERR,ERR,ERR,ERR,ERR,ERR,ERR,ERR,ERR,ERR,ERR,ERR,ERR,ERR,ERR,ERR,ERR,ERR,ERR,ERR,ERR,ERR,ERR,ERR,ERR,ERR,ERR,ERR,ERR,ERR,ERR,ERR,ERR,ERR,ERR,ERR,ERR,ERR,ERR,ERR,ERR,ERR,ERR,ERR,ERR,ERR,ERR,ERR,ERR,ERR,ERR,ERR,ERR,ERR,ERR,ERR,ERR,ERR,ERR,ERR,ERR,ERR,ERR,ERR,ERR,ERR,ERR,ERR,ERR,ERR,ERR,ERR,ERR,ERR,ERR,ERR,ERR,ERR,ERR,ERR,ERR,ERR,ERR,0.0,0.0,2.6474777903227054e+23,0.0,0.0,1.3936040501711995e+18,7.805,0.0,0,0,4,0,7300,-0.0,0,0.0,0.0,0.0,0.0,0.0,0,0,0,0,0.0,0,0,0,0,0,0,0,0,0,0,0,0,0,0,0,0,0,0,0,0,0,0,0,0,0,0,0,0,0,0,0,0,0,32,30,30,62,65476,0,300,0,0,8,21553,0.0,-107605600.0,0.0,0.0,0.0,0.0,0.0,0.0,0.0,0.0,0.0,0.0,0.0,0.0,0.0,0.0,0.0,0.0,0.0,0.0,0.0,0.0,2.004,-0.0,-0.0,2.004,0.0,0.0,0.0,0.0,5466.0,2.004,6952.0,0.0,0.0,-107615280.0,0.0,0.0,0.0,0.0,0.0,63,-71.63,-3.222009039136753e+26,0.0,0.0,0.0,0.0,0.0,0.0,0.0,0,0,0,0.0,0.0,0.0,0.0,0.0,0.0,0.0,0.0,0.0,0.0,0.0,0.0,0.0,0.0,0.0,0.0,0,-107875648.0,63,0.0,126,2.7184242562605685e+23,-0.0,ERR,ERR,ERR,ERR,ERR,ERR,ERR,ERR,ERR,ERR,ERR,ERR,ERR,ERR,ERR,ERR,ERR,ERR,ERR,ERR,ERR,ERR,ERR,ERR,ERR,ERR,ERR,ERR,ERR,ERR,ERR,ERR,ERR,ERR,ERR,ERR,ERR,ERR,ERR,ERR,ERR,ERR,ERR,ERR,ERR,ERR,ERR,ERR,ERR,ERR,ERR,ERR,ERR,ERR,ERR,ERR,ERR,ERR,ERR,ERR,ERR,ERR,ERR,ERR,ERR,ERR,ERR,34.0,80.0,35,0.0,0.0,0.0,0.0,0.0,0.0,0.0,0.0,0.0,0.0,0.0,0.0,0.0,0.0,0.0,0.0,64.4,0,117,56,50,65476,0,300,0,0,8,20529,65476,0,0,57672,80.0,0.0,0.0,0.0,0.0,0.0
2026-06-17T04:04:13,ERR,ERR,ERR,ERR,ERR,ERR,ERR,ERR,ERR,ERR,ERR,ERR,ERR,ERR,ERR,ERR,ERR,ERR,ERR,ERR,ERR,ERR,ERR,ERR,ERR,ERR,ERR,ERR,ERR,ERR,ERR,ERR,ERR,ERR,ERR,ERR,ERR,ERR,ERR,ERR,ERR,ERR,ERR,ERR,ERR,ERR,ERR,ERR,ERR,ERR,ERR,ERR,ERR,ERR,ERR,ERR,ERR,ERR,ERR,ERR,ERR,ERR,ERR,ERR,ERR,ERR,ERR,ERR,ERR,ERR,ERR,ERR,ERR,ERR,ERR,ERR,ERR,ERR,ERR,ERR,ERR,ERR,ERR,ERR,ERR,ERR,ERR,ERR,ERR,ERR,ERR,ERR,ERR,ERR,ERR,ERR,ERR,ERR,ERR,ERR,ERR,ERR,ERR,ERR,ERR,ERR,ERR,ERR,ERR,ERR,ERR,ERR,ERR,ERR,ERR,ERR,ERR,ERR,ERR,ERR,ERR,ERR,ERR,ERR,ERR,0.0,0.0,2.6474777903227054e+23,0.0,0.0,1.3936040501711995e+18,7.805,0.0,0,0,4,0,7300,-0.0,0,0.0,0.0,0.0,0.0,0.0,0,0,0,0,0.0,0,0,0,0,0,0,0,0,0,0,0,0,0,0,0,0,0,0,0,0,0,0,0,0,0,0,0,0,0,0,0,0,0,32,30,30,62,65476,0,300,0,0,8,21553,0.0,-107605600.0,0.0,0.0,0.0,0.0,0.0,0.0,0.0,0.0,0.0,0.0,0.0,0.0,0.0,0.0,0.0,0.0,0.0,0.0,0.0,0.0,2.004,-0.0,-0.0,2.004,0.0,0.0,0.0,0.0,5466.0,2.004,6952.0,0.0,0.0,-107615280.0,0.0,0.0,0.0,0.0,0.0,63,-71.63,-3.222009039136753e+26,0.0,0.0,0.0,0.0,0.0,0.0,0.0,0,0,0,0.0,0.0,0.0,0.0,0.0,0.0,0.0,0.0,0.0,0.0,0.0,0.0,0.0,0.0,0.0,0.0,0,-107875648.0,63,0.0,126,2.7184242562605685e+23,-0.0,ERR,ERR,ERR,ERR,ERR,ERR,ERR,ERR,ERR,ERR,ERR,ERR,ERR,ERR,ERR,ERR,ERR,ERR,ERR,ERR,ERR,ERR,ERR,ERR,ERR,ERR,ERR,ERR,ERR,ERR,ERR,ERR,ERR,ERR,ERR,ERR,ERR,ERR,ERR,ERR,ERR,ERR,ERR,ERR,ERR,ERR,ERR,ERR,ERR,ERR,ERR,ERR,ERR,ERR,ERR,ERR,ERR,ERR,ERR,ERR,ERR,ERR,ERR,ERR,ERR,ERR,ERR,34.0,80.0,35,0.0,0.0,0.0,0.0,0.0,0.0,0.0,0.0,0.0,0.0,0.0,0.0,0.0,0.0,0.0,0.0,64.8,0,117,56,50,65476,0,300,0,0,8,20529,65476,0,0,57672,80.0,0.0,0.0,0.0,0.0,0.0
2026-06-17T04:04:14,ERR,ERR,ERR,ERR,ERR,ERR,ERR,ERR,ERR,ERR,ERR,ERR,ERR,ERR,ERR,ERR,ERR,ERR,ERR,ERR,ERR,ERR,ERR,ERR,ERR,ERR,ERR,ERR,ERR,ERR,ERR,ERR,ERR,ERR,ERR,ERR,ERR,ERR,ERR,ERR,ERR,ERR,ERR,ERR,ERR,ERR,ERR,ERR,ERR,ERR,ERR,ERR,ERR,ERR,ERR,ERR,ERR,ERR,ERR,ERR,ERR,ERR,ERR,ERR,ERR,ERR,ERR,ERR,ERR,ERR,ERR,ERR,ERR,ERR,ERR,ERR,ERR,ERR,ERR,ERR,ERR,ERR,ERR,ERR,ERR,ERR,ERR,ERR,ERR,ERR,ERR,ERR,ERR,ERR,ERR,ERR,ERR,ERR,ERR,ERR,ERR,ERR,ERR,ERR,ERR,ERR,ERR,ERR,ERR,ERR,ERR,ERR,ERR,ERR,ERR,ERR,ERR,ERR,ERR,ERR,ERR,ERR,ERR,ERR,ERR,0.0,0.0,2.6474777903227054e+23,0.0,0.0,1.3936040501711995e+18,7.805,0.0,0,0,4,0,7300,-0.0,0,0.0,0.0,0.0,0.0,0.0,0,0,0,0,0.0,0,0,0,0,0,0,0,0,0,0,0,0,0,0,0,0,0,0,0,0,0,0,0,0,0,0,0,0,0,0,0,0,0,32,30,30,62,65476,0,300,0,0,8,21553,0.0,-107605600.0,0.0,0.0,0.0,0.0,0.0,0.0,0.0,0.0,0.0,0.0,0.0,0.0,0.0,0.0,0.0,0.0,0.0,0.0,0.0,0.0,2.004,-0.0,-0.0,2.004,0.0,0.0,0.0,0.0,5466.0,2.004,6952.0,0.0,0.0,-107615280.0,0.0,0.0,0.0,0.0,0.0,63,-71.63,-3.222009039136753e+26,0.0,0.0,0.0,0.0,0.0,0.0,0.0,0,0,0,0.0,0.0,0.0,0.0,0.0,0.0,0.0,0.0,0.0,0.0,0.0,0.0,0.0,0.0,0.0,0.0,0,-107875648.0,63,0.0,126,2.7184242562605685e+23,-0.0,ERR,ERR,ERR,ERR,ERR,ERR,ERR,ERR,ERR,ERR,ERR,ERR,ERR,ERR,ERR,ERR,ERR,ERR,ERR,ERR,ERR,ERR,ERR,ERR,ERR,ERR,ERR,ERR,ERR,ERR,ERR,ERR,ERR,ERR,ERR,ERR,ERR,ERR,ERR,ERR,ERR,ERR,ERR,ERR,ERR,ERR,ERR,ERR,ERR,ERR,ERR,ERR,ERR,ERR,ERR,ERR,ERR,ERR,ERR,ERR,ERR,ERR,ERR,ERR,ERR,ERR,ERR,34.0,80.0,35,0.0,0.0,0.0,0.0,0.0,0.0,0.0,0.0,0.0,0.0,0.0,0.0,0.0,0.0,0.0,0.0,64.8,0,117,56,50,65476,0,300,0,0,8,20529,65476,0,0,57672,80.0,0.0,0.0,0.0,0.0,0.0
2026-06-17T04:04:15,ERR,ERR,ERR,ERR,ERR,ERR,ERR,ERR,ERR,ERR,ERR,ERR,ERR,ERR,ERR,ERR,ERR,ERR,ERR,ERR,ERR,ERR,ERR,ERR,ERR,ERR,ERR,ERR,ERR,ERR,ERR,ERR,ERR,ERR,ERR,ERR,ERR,ERR,ERR,ERR,ERR,ERR,ERR,ERR,ERR,ERR,ERR,ERR,ERR,ERR,ERR,ERR,ERR,ERR,ERR,ERR,ERR,ERR,ERR,ERR,ERR,ERR,ERR,ERR,ERR,ERR,ERR,ERR,ERR,ERR,ERR,ERR,ERR,ERR,ERR,ERR,ERR,ERR,ERR,ERR,ERR,ERR,ERR,ERR,ERR,ERR,ERR,ERR,ERR,ERR,ERR,ERR,ERR,ERR,ERR,ERR,ERR,ERR,ERR,ERR,ERR,ERR,ERR,ERR,ERR,ERR,ERR,ERR,ERR,ERR,ERR,ERR,ERR,ERR,ERR,ERR,ERR,ERR,ERR,ERR,ERR,ERR,ERR,ERR,ERR,0.0,0.0,2.6474777903227054e+23,0.0,0.0,1.3936040501711995e+18,7.805,0.0,0,0,4,0,7300,-0.0,0,0.0,0.0,0.0,0.0,0.0,0,0,0,0,0.0,0,0,0,0,0,0,0,0,0,0,0,0,0,0,0,0,0,0,0,0,0,0,0,0,0,0,0,0,0,0,0,0,0,32,30,30,62,65476,0,300,0,0,8,21553,0.0,-107605600.0,0.0,0.0,0.0,0.0,0.0,0.0,0.0,0.0,0.0,0.0,0.0,0.0,0.0,0.0,0.0,0.0,0.0,0.0,0.0,0.0,2.004,-0.0,-0.0,2.004,0.0,0.0,0.0,0.0,5467.0,0.0,6944.0,0.0,0.0,-107615280.0,0.0,0.0,0.0,0.0,0.0,63,-89221.078,-0.0,0.0,0.0,0.0,0.0,0.0,0.0,0.0,0,0,0,0.0,0.0,0.0,0.0,0.0,0.0,0.0,0.0,0.0,0.0,0.0,0.0,0.0,0.0,0.0,0.0,0,-107875648.0,63,0.0,126,2.7184242562605685e+23,-0.0,ERR,ERR,ERR,ERR,ERR,ERR,ERR,ERR,ERR,ERR,ERR,ERR,ERR,ERR,ERR,ERR,ERR,ERR,ERR,ERR,ERR,ERR,ERR,ERR,ERR,ERR,ERR,ERR,ERR,ERR,ERR,ERR,ERR,ERR,ERR,ERR,ERR,ERR,ERR,ERR,ERR,ERR,ERR,ERR,ERR,ERR,ERR,ERR,ERR,ERR,ERR,ERR,ERR,ERR,ERR,ERR,ERR,ERR,ERR,ERR,ERR,ERR,ERR,ERR,ERR,ERR,ERR,34.0,80.0,35,0.0,0.0,0.0,0.0,0.0,0.0,0.0,0.0,0.0,0.0,0.0,0.0,0.0,0.0,0.0,0.0,64.4,0,117,56,50,65476,0,300,0,0,8,20529,65476,0,0,57672,80.0,0.0,0.0,0.0,0.0,0.0
2026-06-17T04:04:16,ERR,ERR,ERR,ERR,ERR,ERR,ERR,ERR,ERR,ERR,ERR,ERR,ERR,ERR,ERR,ERR,ERR,ERR,ERR,ERR,ERR,ERR,ERR,ERR,ERR,ERR,ERR,ERR,ERR,ERR,ERR,ERR,ERR,ERR,ERR,ERR,ERR,ERR,ERR,ERR,ERR,ERR,ERR,ERR,ERR,ERR,ERR,ERR,ERR,ERR,ERR,ERR,ERR,ERR,ERR,ERR,ERR,ERR,ERR,ERR,ERR,ERR,ERR,ERR,ERR,ERR,ERR,ERR,ERR,ERR,ERR,ERR,ERR,ERR,ERR,ERR,ERR,ERR,ERR,ERR,ERR,ERR,ERR,ERR,ERR,ERR,ERR,ERR,ERR,ERR,ERR,ERR,ERR,ERR,ERR,ERR,ERR,ERR,ERR,ERR,ERR,ERR,ERR,ERR,ERR,ERR,ERR,ERR,ERR,ERR,ERR,ERR,ERR,ERR,ERR,ERR,ERR,ERR,ERR,ERR,ERR,ERR,ERR,ERR,ERR,0.0,0.0,2.6474777903227054e+23,0.0,0.0,1.3936040501711995e+18,7.805,0.0,0,0,4,0,7300,-0.0,0,0.0,0.0,0.0,0.0,0.0,0,0,0,0,0.0,0,0,0,0,0,0,0,0,0,0,0,0,0,0,0,0,0,0,0,0,0,0,0,0,0,0,0,0,0,0,0,0,0,32,30,30,62,65476,0,300,0,0,8,21553,0.0,-107605600.0,0.0,0.0,0.0,0.0,0.0,0.0,0.0,0.0,0.0,0.0,0.0,0.0,0.0,0.0,0.0,0.0,0.0,0.0,0.0,0.0,2.004,-0.0,-0.0,2.004,0.0,0.0,0.0,0.0,5467.0,0.0,6944.0,0.0,0.0,-107615280.0,0.0,0.0,0.0,0.0,0.0,63,-89221.078,-0.0,0.0,0.0,0.0,0.0,0.0,0.0,0.0,0,0,0,0.0,0.0,0.0,0.0,0.0,0.0,0.0,0.0,0.0,0.0,0.0,0.0,0.0,0.0,0.0,0.0,0,-107875648.0,63,0.0,126,2.7184242562605685e+23,-0.0,ERR,ERR,ERR,ERR,ERR,ERR,ERR,ERR,ERR,ERR,ERR,ERR,ERR,ERR,ERR,ERR,ERR,ERR,ERR,ERR,ERR,ERR,ERR,ERR,ERR,ERR,ERR,ERR,ERR,ERR,ERR,ERR,ERR,ERR,ERR,ERR,ERR,ERR,ERR,ERR,ERR,ERR,ERR,ERR,ERR,ERR,ERR,ERR,ERR,ERR,ERR,ERR,ERR,ERR,ERR,ERR,ERR,ERR,ERR,ERR,ERR,ERR,ERR,ERR,ERR,ERR,ERR,34.0,80.0,35,0.0,0.0,0.0,0.0,0.0,0.0,0.0,0.0,0.0,0.0,0.0,0.0,0.0,0.0,0.0,0.0,64.4,0,117,56,50,65476,0,300,0,0,8,20529,65476,0,0,57672,80.0,0.0,0.0,0.0,0.0,0.0
2026-06-17T04:04:17,ERR,ERR,ERR,ERR,ERR,ERR,ERR,ERR,ERR,ERR,ERR,ERR,ERR,ERR,ERR,ERR,ERR,ERR,ERR,ERR,ERR,ERR,ERR,ERR,ERR,ERR,ERR,ERR,ERR,ERR,ERR,ERR,ERR,ERR,ERR,ERR,ERR,ERR,ERR,ERR,ERR,ERR,ERR,ERR,ERR,ERR,ERR,ERR,ERR,ERR,ERR,ERR,ERR,ERR,ERR,ERR,ERR,ERR,ERR,ERR,ERR,ERR,ERR,ERR,ERR,ERR,ERR,ERR,ERR,ERR,ERR,ERR,ERR,ERR,ERR,ERR,ERR,ERR,ERR,ERR,ERR,ERR,ERR,ERR,ERR,ERR,ERR,ERR,ERR,ERR,ERR,ERR,ERR,ERR,ERR,ERR,ERR,ERR,ERR,ERR,ERR,ERR,ERR,ERR,ERR,ERR,ERR,ERR,ERR,ERR,ERR,ERR,ERR,ERR,ERR,ERR,ERR,ERR,ERR,ERR,ERR,ERR,ERR,ERR,ERR,0.0,0.0,2.6474777903227054e+23,0.0,0.0,1.3936040501711995e+18,7.805,0.0,0,0,4,0,7300,-0.0,0,0.0,0.0,0.0,0.0,0.0,0,0,0,0,0.0,0,0,0,0,0,0,0,0,0,0,0,0,0,0,0,0,0,0,0,0,0,0,0,0,0,0,0,0,0,0,0,0,0,32,30,30,62,65476,0,300,0,0,8,21553,0.0,-107605600.0,0.0,0.0,0.0,0.0,0.0,0.0,0.0,0.0,0.0,0.0,0.0,0.0,0.0,0.0,0.0,0.0,0.0,0.0,0.0,0.0,2.004,-0.0,-0.0,2.004,0.0,0.0,0.0,0.0,5467.0,0.0,6944.0,0.0,0.0,-107615280.0,0.0,0.0,0.0,0.0,0.0,63,-89221.078,-0.0,0.0,0.0,0.0,0.0,0.0,0.0,0.0,0,0,0,0.0,0.0,0.0,0.0,0.0,0.0,0.0,0.0,0.0,0.0,0.0,0.0,0.0,0.0,0.0,0.0,0,-107875648.0,63,0.0,126,2.7184242562605685e+23,-0.0,ERR,ERR,ERR,ERR,ERR,ERR,ERR,ERR,ERR,ERR,ERR,ERR,ERR,ERR,ERR,ERR,ERR,ERR,ERR,ERR,ERR,ERR,ERR,ERR,ERR,ERR,ERR,ERR,ERR,ERR,ERR,ERR,ERR,ERR,ERR,ERR,ERR,ERR,ERR,ERR,ERR,ERR,ERR,ERR,ERR,ERR,ERR,ERR,ERR,ERR,ERR,ERR,ERR,ERR,ERR,ERR,ERR,ERR,ERR,ERR,ERR,ERR,ERR,ERR,ERR,ERR,ERR,34.0,80.0,35,0.0,0.0,0.0,0.0,0.0,0.0,0.0,0.0,0.0,0.0,0.0,0.0,0.0,0.0,0.0,0.0,64.4,0,117,56,50,65476,0,300,0,0,8,20529,65476,0,0,57672,80.0,0.0,0.0,0.0,0.0,0.0
2026-06-17T04:04:18,ERR,ERR,ERR,ERR,ERR,ERR,ERR,ERR,ERR,ERR,ERR,ERR,ERR,ERR,ERR,ERR,ERR,ERR,ERR,ERR,ERR,ERR,ERR,ERR,ERR,ERR,ERR,ERR,ERR,ERR,ERR,ERR,ERR,ERR,ERR,ERR,ERR,ERR,ERR,ERR,ERR,ERR,ERR,ERR,ERR,ERR,ERR,ERR,ERR,ERR,ERR,ERR,ERR,ERR,ERR,ERR,ERR,ERR,ERR,ERR,ERR,ERR,ERR,ERR,ERR,ERR,ERR,ERR,ERR,ERR,ERR,ERR,ERR,ERR,ERR,ERR,ERR,ERR,ERR,ERR,ERR,ERR,ERR,ERR,ERR,ERR,ERR,ERR,ERR,ERR,ERR,ERR,ERR,ERR,ERR,ERR,ERR,ERR,ERR,ERR,ERR,ERR,ERR,ERR,ERR,ERR,ERR,ERR,ERR,ERR,ERR,ERR,ERR,ERR,ERR,ERR,ERR,ERR,ERR,ERR,ERR,ERR,ERR,ERR,ERR,0.0,0.0,2.6474777903227054e+23,0.0,0.0,1.3936040501711995e+18,7.805,0.0,0,0,4,0,7300,-0.0,0,0.0,0.0,0.0,0.0,0.0,0,0,0,0,0.0,0,0,0,0,0,0,0,0,0,0,0,0,0,0,0,0,0,0,0,0,0,0,0,0,0,0,0,0,0,0,0,0,0,32,30,30,62,65476,0,300,0,0,8,21553,0.0,-107605600.0,0.0,0.0,0.0,0.0,0.0,0.0,0.0,0.0,0.0,0.0,0.0,0.0,0.0,0.0,0.0,0.0,0.0,0.0,0.0,0.0,2.004,-0.0,-0.0,2.004,0.0,0.0,0.0,0.0,5467.0,0.0,6944.0,0.0,0.0,-107615280.0,0.0,0.0,0.0,0.0,0.0,63,-89221.078,-0.0,0.0,0.0,0.0,0.0,0.0,0.0,0.0,0,0,0,0.0,0.0,0.0,0.0,0.0,0.0,0.0,0.0,0.0,0.0,0.0,0.0,0.0,0.0,0.0,0.0,0,-107875648.0,63,0.0,126,2.7184242562605685e+23,-0.0,ERR,ERR,ERR,ERR,ERR,ERR,ERR,ERR,ERR,ERR,ERR,ERR,ERR,ERR,ERR,ERR,ERR,ERR,ERR,ERR,ERR,ERR,ERR,ERR,ERR,ERR,ERR,ERR,ERR,ERR,ERR,ERR,ERR,ERR,ERR,ERR,ERR,ERR,ERR,ERR,ERR,ERR,ERR,ERR,ERR,ERR,ERR,ERR,ERR,ERR,ERR,ERR,ERR,ERR,ERR,ERR,ERR,ERR,ERR,ERR,ERR,ERR,ERR,ERR,ERR,ERR,ERR,34.0,80.0,35,0.0,0.0,0.0,0.0,0.0,0.0,0.0,0.0,0.0,0.0,0.0,0.0,0.0,0.0,0.0,0.0,64.4,0,117,56,50,65476,0,300,0,0,8,20529,65476,0,0,57672,80.0,0.0,0.0,0.0,0.0,0.0
2026-06-17T04:04:19,ERR,ERR,ERR,ERR,ERR,ERR,ERR,ERR,ERR,ERR,ERR,ERR,ERR,ERR,ERR,ERR,ERR,ERR,ERR,ERR,ERR,ERR,ERR,ERR,ERR,ERR,ERR,ERR,ERR,ERR,ERR,ERR,ERR,ERR,ERR,ERR,ERR,ERR,ERR,ERR,ERR,ERR,ERR,ERR,ERR,ERR,ERR,ERR,ERR,ERR,ERR,ERR,ERR,ERR,ERR,ERR,ERR,ERR,ERR,ERR,ERR,ERR,ERR,ERR,ERR,ERR,ERR,ERR,ERR,ERR,ERR,ERR,ERR,ERR,ERR,ERR,ERR,ERR,ERR,ERR,ERR,ERR,ERR,ERR,ERR,ERR,ERR,ERR,ERR,ERR,ERR,ERR,ERR,ERR,ERR,ERR,ERR,ERR,ERR,ERR,ERR,ERR,ERR,ERR,ERR,ERR,ERR,ERR,ERR,ERR,ERR,ERR,ERR,ERR,ERR,ERR,ERR,ERR,ERR,ERR,ERR,ERR,ERR,ERR,ERR,0.0,0.0,2.6474777903227054e+23,0.0,0.0,1.3936040501711995e+18,7.805,0.0,0,0,4,0,7300,-0.0,0,0.0,0.0,0.0,0.0,0.0,0,0,0,0,0.0,0,0,0,0,0,0,0,0,0,0,0,0,0,0,0,0,0,0,0,0,0,0,0,0,0,0,0,0,0,0,0,0,0,32,30,30,62,65476,0,300,0,0,8,21553,0.0,-107605600.0,0.0,0.0,0.0,0.0,0.0,0.0,0.0,0.0,0.0,0.0,0.0,0.0,0.0,0.0,0.0,0.0,0.0,0.0,0.0,0.0,2.004,-0.0,-0.0,2.004,0.0,0.0,0.0,0.0,5467.0,0.0,6944.0,0.0,0.0,-107615280.0,0.0,0.0,0.0,0.0,0.0,63,-89221.078,-0.0,0.0,0.0,0.0,0.0,0.0,0.0,0.0,0,0,0,0.0,0.0,0.0,0.0,0.0,0.0,0.0,0.0,0.0,0.0,0.0,0.0,0.0,0.0,0.0,0.0,0,-107875648.0,63,0.0,126,2.7184242562605685e+23,-0.0,ERR,ERR,ERR,ERR,ERR,ERR,ERR,ERR,ERR,ERR,ERR,ERR,ERR,ERR,ERR,ERR,ERR,ERR,ERR,ERR,ERR,ERR,ERR,ERR,ERR,ERR,ERR,ERR,ERR,ERR,ERR,ERR,ERR,ERR,ERR,ERR,ERR,ERR,ERR,ERR,ERR,ERR,ERR,ERR,ERR,ERR,ERR,ERR,ERR,ERR,ERR,ERR,ERR,ERR,ERR,ERR,ERR,ERR,ERR,ERR,ERR,ERR,ERR,ERR,ERR,ERR,ERR,34.0,80.0,35,0.0,0.0,0.0,0.0,0.0,0.0,0.0,0.0,0.0,0.0,0.0,0.0,0.0,0.0,0.0,0.0,64.4,0,117,56,50,65476,0,300,0,0,8,20529,65476,0,0,57672,80.0,0.0,0.0,0.0,0.0,0.0
2026-06-17T04:04:20,ERR,ERR,ERR,ERR,ERR,ERR,ERR,ERR,ERR,ERR,ERR,ERR,ERR,ERR,ERR,ERR,ERR,ERR,ERR,ERR,ERR,ERR,ERR,ERR,ERR,ERR,ERR,ERR,ERR,ERR,ERR,ERR,ERR,ERR,ERR,ERR,ERR,ERR,ERR,ERR,ERR,ERR,ERR,ERR,ERR,ERR,ERR,ERR,ERR,ERR,ERR,ERR,ERR,ERR,ERR,ERR,ERR,ERR,ERR,ERR,ERR,ERR,ERR,ERR,ERR,ERR,ERR,ERR,ERR,ERR,ERR,ERR,ERR,ERR,ERR,ERR,ERR,ERR,ERR,ERR,ERR,ERR,ERR,ERR,ERR,ERR,ERR,ERR,ERR,ERR,ERR,ERR,ERR,ERR,ERR,ERR,ERR,ERR,ERR,ERR,ERR,ERR,ERR,ERR,ERR,ERR,ERR,ERR,ERR,ERR,ERR,ERR,ERR,ERR,ERR,ERR,ERR,ERR,ERR,ERR,ERR,ERR,ERR,ERR,ERR,0.0,0.0,2.6474777903227054e+23,0.0,0.0,1.3936040501711995e+18,7.805,0.0,0,0,4,0,7300,-0.0,0,0.0,0.0,0.0,0.0,0.0,0,0,0,0,0.0,0,0,0,0,0,0,0,0,0,0,0,0,0,0,0,0,0,0,0,0,0,0,0,0,0,0,0,0,0,0,0,0,0,32,30,30,62,65476,0,300,0,0,8,21553,0.0,-107605600.0,0.0,0.0,0.0,0.0,0.0,0.0,0.0,0.0,0.0,0.0,0.0,0.0,0.0,0.0,0.0,0.0,0.0,0.0,0.0,0.0,2.004,-0.0,-0.0,2.004,0.0,0.0,0.0,0.0,5435.0,-2.004,6968.0,0.0,0.0,-107615280.0,0.0,0.0,0.0,0.0,0.0,63,-89221.078,89220.695,0.0,0.0,0.0,0.0,0.0,0.0,0.0,0,0,0,0.0,0.0,0.0,0.0,0.0,0.0,0.0,0.0,0.0,0.0,0.0,0.0,0.0,0.0,0.0,0.0,0,-107875648.0,63,0.0,126,2.7184242562605685e+23,-0.0,ERR,ERR,ERR,ERR,ERR,ERR,ERR,ERR,ERR,ERR,ERR,ERR,ERR,ERR,ERR,ERR,ERR,ERR,ERR,ERR,ERR,ERR,ERR,ERR,ERR,ERR,ERR,ERR,ERR,ERR,ERR,ERR,ERR,ERR,ERR,ERR,ERR,ERR,ERR,ERR,ERR,ERR,ERR,ERR,ERR,ERR,ERR,ERR,ERR,ERR,ERR,ERR,ERR,ERR,ERR,ERR,ERR,ERR,ERR,ERR,ERR,ERR,ERR,ERR,ERR,ERR,ERR,34.0,80.0,35,0.0,0.0,0.0,0.0,0.0,0.0,0.0,0.0,0.0,0.0,0.0,0.0,0.0,0.0,0.0,0.0,64.4,0,117,56,50,65476,0,300,0,0,8,20529,65476,0,0,57672,80.0,0.0,0.0,0.0,0.0,0.0
2026-06-17T04:04:21,ERR,ERR,ERR,ERR,ERR,ERR,ERR,ERR,ERR,ERR,ERR,ERR,ERR,ERR,ERR,ERR,ERR,ERR,ERR,ERR,ERR,ERR,ERR,ERR,ERR,ERR,ERR,ERR,ERR,ERR,ERR,ERR,ERR,ERR,ERR,ERR,ERR,ERR,ERR,ERR,ERR,ERR,ERR,ERR,ERR,ERR,ERR,ERR,ERR,ERR,ERR,ERR,ERR,ERR,ERR,ERR,ERR,ERR,ERR,ERR,ERR,ERR,ERR,ERR,ERR,ERR,ERR,ERR,ERR,ERR,ERR,ERR,ERR,ERR,ERR,ERR,ERR,ERR,ERR,ERR,ERR,ERR,ERR,ERR,ERR,ERR,ERR,ERR,ERR,ERR,ERR,ERR,ERR,ERR,ERR,ERR,ERR,ERR,ERR,ERR,ERR,ERR,ERR,ERR,ERR,ERR,ERR,ERR,ERR,ERR,ERR,ERR,ERR,ERR,ERR,ERR,ERR,ERR,ERR,ERR,ERR,ERR,ERR,ERR,ERR,0.0,0.0,2.6474777903227054e+23,0.0,0.0,1.3936040501711995e+18,7.805,0.0,0,0,4,0,7300,-0.0,0,0.0,0.0,0.0,0.0,0.0,0,0,0,0,0.0,0,0,0,0,0,0,0,0,0,0,0,0,0,0,0,0,0,0,0,0,0,0,0,0,0,0,0,0,0,0,0,0,0,32,30,30,62,65476,0,300,0,0,8,21553,0.0,-107605600.0,0.0,0.0,0.0,0.0,0.0,0.0,0.0,0.0,0.0,0.0,0.0,0.0,0.0,0.0,0.0,0.0,0.0,0.0,0.0,0.0,2.004,-0.0,-0.0,2.004,0.0,0.0,0.0,0.0,5435.0,-2.004,6968.0,0.0,0.0,-107615280.0,0.0,0.0,0.0,0.0,0.0,63,-89221.078,89220.695,0.0,0.0,0.0,0.0,0.0,0.0,0.0,0,0,0,0.0,0.0,0.0,0.0,0.0,0.0,0.0,0.0,0.0,0.0,0.0,0.0,0.0,0.0,0.0,0.0,0,-107875648.0,63,0.0,126,2.7184242562605685e+23,-0.0,ERR,ERR,ERR,ERR,ERR,ERR,ERR,ERR,ERR,ERR,ERR,ERR,ERR,ERR,ERR,ERR,ERR,ERR,ERR,ERR,ERR,ERR,ERR,ERR,ERR,ERR,ERR,ERR,ERR,ERR,ERR,ERR,ERR,ERR,ERR,ERR,ERR,ERR,ERR,ERR,ERR,ERR,ERR,ERR,ERR,ERR,ERR,ERR,ERR,ERR,ERR,ERR,ERR,ERR,ERR,ERR,ERR,ERR,ERR,ERR,ERR,ERR,ERR,ERR,ERR,ERR,ERR,34.0,80.0,35,0.0,0.0,0.0,0.0,0.0,0.0,0.0,0.0,0.0,0.0,0.0,0.0,0.0,0.0,0.0,0.0,64.4,0,117,56,50,65476,0,300,0,0,8,20529,65476,0,0,57672,80.0,0.0,0.0,0.0,0.0,0.0
2026-06-17T04:04:22,ERR,ERR,ERR,ERR,ERR,ERR,ERR,ERR,ERR,ERR,ERR,ERR,ERR,ERR,ERR,ERR,ERR,ERR,ERR,ERR,ERR,ERR,ERR,ERR,ERR,ERR,ERR,ERR,ERR,ERR,ERR,ERR,ERR,ERR,ERR,ERR,ERR,ERR,ERR,ERR,ERR,ERR,ERR,ERR,ERR,ERR,ERR,ERR,ERR,ERR,ERR,ERR,ERR,ERR,ERR,ERR,ERR,ERR,ERR,ERR,ERR,ERR,ERR,ERR,ERR,ERR,ERR,ERR,ERR,ERR,ERR,ERR,ERR,ERR,ERR,ERR,ERR,ERR,ERR,ERR,ERR,ERR,ERR,ERR,ERR,ERR,ERR,ERR,ERR,ERR,ERR,ERR,ERR,ERR,ERR,ERR,ERR,ERR,ERR,ERR,ERR,ERR,ERR,ERR,ERR,ERR,ERR,ERR,ERR,ERR,ERR,ERR,ERR,ERR,ERR,ERR,ERR,ERR,ERR,ERR,ERR,ERR,ERR,ERR,ERR,0.0,0.0,2.6474777903227054e+23,0.0,0.0,1.3936040501711995e+18,7.805,0.0,0,0,4,0,7300,-0.0,0,0.0,0.0,0.0,0.0,0.0,0,0,0,0,0.0,0,0,0,0,0,0,0,0,0,0,0,0,0,0,0,0,0,0,0,0,0,0,0,0,0,0,0,0,0,0,0,0,0,32,30,30,62,65476,0,300,0,0,8,21553,0.0,-107605600.0,0.0,0.0,0.0,0.0,0.0,0.0,0.0,0.0,0.0,0.0,0.0,0.0,0.0,0.0,0.0,0.0,0.0,0.0,0.0,0.0,2.004,-0.0,-0.0,2.004,0.0,0.0,0.0,0.0,5435.0,-2.004,6968.0,0.0,0.0,-107615280.0,0.0,0.0,0.0,0.0,0.0,63,-89221.078,89220.695,0.0,0.0,0.0,0.0,0.0,0.0,0.0,0,0,0,0.0,0.0,0.0,0.0,0.0,0.0,0.0,0.0,0.0,0.0,0.0,0.0,0.0,0.0,0.0,0.0,0,-107875648.0,63,0.0,126,2.7184242562605685e+23,-0.0,ERR,ERR,ERR,ERR,ERR,ERR,ERR,ERR,ERR,ERR,ERR,ERR,ERR,ERR,ERR,ERR,ERR,ERR,ERR,ERR,ERR,ERR,ERR,ERR,ERR,ERR,ERR,ERR,ERR,ERR,ERR,ERR,ERR,ERR,ERR,ERR,ERR,ERR,ERR,ERR,ERR,ERR,ERR,ERR,ERR,ERR,ERR,ERR,ERR,ERR,ERR,ERR,ERR,ERR,ERR,ERR,ERR,ERR,ERR,ERR,ERR,ERR,ERR,ERR,ERR,ERR,ERR,34.0,80.0,35,0.0,0.0,0.0,0.0,0.0,0.0,0.0,0.0,0.0,0.0,0.0,0.0,0.0,0.0,0.0,0.0,64.8,0,117,56,50,65476,0,300,0,0,8,20529,65476,0,0,57672,80.0,0.0,0.0,0.0,0.0,0.0
2026-06-17T04:04:24,ERR,ERR,ERR,ERR,ERR,ERR,ERR,ERR,ERR,ERR,ERR,ERR,ERR,ERR,ERR,ERR,ERR,ERR,ERR,ERR,ERR,ERR,ERR,ERR,ERR,ERR,ERR,ERR,ERR,ERR,ERR,ERR,ERR,ERR,ERR,ERR,ERR,ERR,ERR,ERR,ERR,ERR,ERR,ERR,ERR,ERR,ERR,ERR,ERR,ERR,ERR,ERR,ERR,ERR,ERR,ERR,ERR,ERR,ERR,ERR,ERR,ERR,ERR,ERR,ERR,ERR,ERR,ERR,ERR,ERR,ERR,ERR,ERR,ERR,ERR,ERR,ERR,ERR,ERR,ERR,ERR,ERR,ERR,ERR,ERR,ERR,ERR,ERR,ERR,ERR,ERR,ERR,ERR,ERR,ERR,ERR,ERR,ERR,ERR,ERR,ERR,ERR,ERR,ERR,ERR,ERR,ERR,ERR,ERR,ERR,ERR,ERR,ERR,ERR,ERR,ERR,ERR,ERR,ERR,ERR,ERR,ERR,ERR,ERR,ERR,0.0,0.0,2.6474777903227054e+23,0.0,0.0,1.3936040501711995e+18,7.805,0.0,0,0,4,0,7300,-0.0,0,0.0,0.0,0.0,0.0,0.0,0,0,0,0,0.0,0,0,0,0,0,0,0,0,0,0,0,0,0,0,0,0,0,0,0,0,0,0,0,0,0,0,0,0,0,0,0,0,0,32,30,30,62,65476,0,300,0,0,8,21553,0.0,-107605600.0,0.0,0.0,0.0,0.0,0.0,0.0,0.0,0.0,0.0,0.0,0.0,0.0,0.0,0.0,0.0,0.0,0.0,0.0,0.0,0.0,2.004,-0.0,-0.0,2.004,0.0,0.0,0.0,0.0,5435.0,-2.004,6968.0,0.0,0.0,-107615280.0,0.0,0.0,0.0,0.0,0.0,63,-89221.078,89220.695,0.0,0.0,0.0,0.0,0.0,0.0,0.0,0,0,0,0.0,0.0,0.0,0.0,0.0,0.0,0.0,0.0,0.0,0.0,0.0,0.0,0.0,0.0,0.0,0.0,0,-107875648.0,63,0.0,126,2.7184242562605685e+23,-0.0,ERR,ERR,ERR,ERR,ERR,ERR,ERR,ERR,ERR,ERR,ERR,ERR,ERR,ERR,ERR,ERR,ERR,ERR,ERR,ERR,ERR,ERR,ERR,ERR,ERR,ERR,ERR,ERR,ERR,ERR,ERR,ERR,ERR,ERR,ERR,ERR,ERR,ERR,ERR,ERR,ERR,ERR,ERR,ERR,ERR,ERR,ERR,ERR,ERR,ERR,ERR,ERR,ERR,ERR,ERR,ERR,ERR,ERR,ERR,ERR,ERR,ERR,ERR,ERR,ERR,ERR,ERR,34.0,80.0,35,0.0,0.0,0.0,0.0,0.0,0.0,0.0,0.0,0.0,0.0,0.0,0.0,0.0,0.0,0.0,0.0,64.8,0,117,56,50,65476,0,300,0,0,8,20529,65476,0,0,57672,80.0,0.0,0.0,0.0,0.0,0.0
2026-06-17T04:04:25,ERR,ERR,ERR,ERR,ERR,ERR,ERR,ERR,ERR,ERR,ERR,ERR,ERR,ERR,ERR,ERR,ERR,ERR,ERR,ERR,ERR,ERR,ERR,ERR,ERR,ERR,ERR,ERR,ERR,ERR,ERR,ERR,ERR,ERR,ERR,ERR,ERR,ERR,ERR,ERR,ERR,ERR,ERR,ERR,ERR,ERR,ERR,ERR,ERR,ERR,ERR,ERR,ERR,ERR,ERR,ERR,ERR,ERR,ERR,ERR,ERR,ERR,ERR,ERR,ERR,ERR,ERR,ERR,ERR,ERR,ERR,ERR,ERR,ERR,ERR,ERR,ERR,ERR,ERR,ERR,ERR,ERR,ERR,ERR,ERR,ERR,ERR,ERR,ERR,ERR,ERR,ERR,ERR,ERR,ERR,ERR,ERR,ERR,ERR,ERR,ERR,ERR,ERR,ERR,ERR,ERR,ERR,ERR,ERR,ERR,ERR,ERR,ERR,ERR,ERR,ERR,ERR,ERR,ERR,ERR,ERR,ERR,ERR,ERR,ERR,0.0,0.0,2.6474777903227054e+23,0.0,0.0,1.3936040501711995e+18,7.805,0.0,0,0,4,0,7300,-0.0,0,0.0,0.0,0.0,0.0,0.0,0,0,0,0,0.0,0,0,0,0,0,0,0,0,0,0,0,0,0,0,0,0,0,0,0,0,0,0,0,0,0,0,0,0,0,0,0,0,0,32,30,30,62,65476,0,300,0,0,8,21553,0.0,-107605600.0,0.0,0.0,0.0,0.0,0.0,0.0,0.0,0.0,0.0,0.0,0.0,0.0,0.0,0.0,0.0,0.0,0.0,0.0,0.0,0.0,2.004,-0.0,-0.0,2.004,0.0,0.0,0.0,0.0,5435.0,-2.004,6968.0,0.0,0.0,-107615280.0,0.0,0.0,0.0,0.0,0.0,63,-89221.078,89220.695,0.0,0.0,0.0,0.0,0.0,0.0,0.0,0,0,0,0.0,0.0,0.0,0.0,0.0,0.0,0.0,0.0,0.0,0.0,0.0,0.0,0.0,0.0,0.0,0.0,0,-107875648.0,63,0.0,126,2.7184242562605685e+23,-0.0,ERR,ERR,ERR,ERR,ERR,ERR,ERR,ERR,ERR,ERR,ERR,ERR,ERR,ERR,ERR,ERR,ERR,ERR,ERR,ERR,ERR,ERR,ERR,ERR,ERR,ERR,ERR,ERR,ERR,ERR,ERR,ERR,ERR,ERR,ERR,ERR,ERR,ERR,ERR,ERR,ERR,ERR,ERR,ERR,ERR,ERR,ERR,ERR,ERR,ERR,ERR,ERR,ERR,ERR,ERR,ERR,ERR,ERR,ERR,ERR,ERR,ERR,ERR,ERR,ERR,ERR,ERR,34.0,80.0,35,0.0,0.0,0.0,0.0,0.0,0.0,0.0,0.0,0.0,0.0,0.0,0.0,0.0,0.0,0.0,0.0,64.4,0,117,56,50,65476,0,300,0,0,8,20529,65476,0,0,57672,80.0,0.0,0.0,0.0,0.0,0.0
2026-06-17T04:04:26,ERR,ERR,ERR,ERR,ERR,ERR,ERR,ERR,ERR,ERR,ERR,ERR,ERR,ERR,ERR,ERR,ERR,ERR,ERR,ERR,ERR,ERR,ERR,ERR,ERR,ERR,ERR,ERR,ERR,ERR,ERR,ERR,ERR,ERR,ERR,ERR,ERR,ERR,ERR,ERR,ERR,ERR,ERR,ERR,ERR,ERR,ERR,ERR,ERR,ERR,ERR,ERR,ERR,ERR,ERR,ERR,ERR,ERR,ERR,ERR,ERR,ERR,ERR,ERR,ERR,ERR,ERR,ERR,ERR,ERR,ERR,ERR,ERR,ERR,ERR,ERR,ERR,ERR,ERR,ERR,ERR,ERR,ERR,ERR,ERR,ERR,ERR,ERR,ERR,ERR,ERR,ERR,ERR,ERR,ERR,ERR,ERR,ERR,ERR,ERR,ERR,ERR,ERR,ERR,ERR,ERR,ERR,ERR,ERR,ERR,ERR,ERR,ERR,ERR,ERR,ERR,ERR,ERR,ERR,ERR,ERR,ERR,ERR,ERR,ERR,0.0,0.0,2.6474777903227054e+23,0.0,0.0,1.3936040501711995e+18,7.805,0.0,0,0,4,0,7300,-0.0,0,0.0,0.0,0.0,0.0,0.0,0,0,0,0,0.0,0,0,0,0,0,0,0,0,0,0,0,0,0,0,0,0,0,0,0,0,0,0,0,0,0,0,0,0,0,0,0,0,0,32,30,30,62,65476,0,300,0,0,8,21553,0.0,-107605600.0,0.0,0.0,0.0,0.0,0.0,0.0,0.0,0.0,0.0,0.0,0.0,0.0,0.0,0.0,0.0,0.0,0.0,0.0,0.0,0.0,2.004,-0.0,-0.0,-0.0,0.0,0.0,0.0,0.0,5436.0,-0.0,6964.0,0.0,0.0,-107615280.0,0.0,0.0,0.0,0.0,0.0,63,-107615312.0,0.0,0.0,0.0,0.0,0.0,0.0,0.0,0.0,0,0,0,0.0,0.0,0.0,0.0,0.0,0.0,0.0,0.0,0.0,0.0,0.0,0.0,0.0,0.0,0.0,0.0,0,-107875648.0,63,0.0,126,2.7184242562605685e+23,-0.0,ERR,ERR,ERR,ERR,ERR,ERR,ERR,ERR,ERR,ERR,ERR,ERR,ERR,ERR,ERR,ERR,ERR,ERR,ERR,ERR,ERR,ERR,ERR,ERR,ERR,ERR,ERR,ERR,ERR,ERR,ERR,ERR,ERR,ERR,ERR,ERR,ERR,ERR,ERR,ERR,ERR,ERR,ERR,ERR,ERR,ERR,ERR,ERR,ERR,ERR,ERR,ERR,ERR,ERR,ERR,ERR,ERR,ERR,ERR,ERR,ERR,ERR,ERR,ERR,ERR,ERR,ERR,34.0,80.0,35,0.0,0.0,0.0,0.0,0.0,0.0,0.0,0.0,0.0,0.0,0.0,0.0,0.0,0.0,0.0,0.0,64.4,0,117,56,50,65476,0,300,0,0,8,20529,65476,0,0,57672,80.0,0.0,0.0,0.0,0.0,0.0
2026-06-17T04:04:27,ERR,ERR,ERR,ERR,ERR,ERR,ERR,ERR,ERR,ERR,ERR,ERR,ERR,ERR,ERR,ERR,ERR,ERR,ERR,ERR,ERR,ERR,ERR,ERR,ERR,ERR,ERR,ERR,ERR,ERR,ERR,ERR,ERR,ERR,ERR,ERR,ERR,ERR,ERR,ERR,ERR,ERR,ERR,ERR,ERR,ERR,ERR,ERR,ERR,ERR,ERR,ERR,ERR,ERR,ERR,ERR,ERR,ERR,ERR,ERR,ERR,ERR,ERR,ERR,ERR,ERR,ERR,ERR,ERR,ERR,ERR,ERR,ERR,ERR,ERR,ERR,ERR,ERR,ERR,ERR,ERR,ERR,ERR,ERR,ERR,ERR,ERR,ERR,ERR,ERR,ERR,ERR,ERR,ERR,ERR,ERR,ERR,ERR,ERR,ERR,ERR,ERR,ERR,ERR,ERR,ERR,ERR,ERR,ERR,ERR,ERR,ERR,ERR,ERR,ERR,ERR,ERR,ERR,ERR,ERR,ERR,ERR,ERR,ERR,ERR,0.0,0.0,2.6474777903227054e+23,0.0,0.0,1.3936040501711995e+18,7.805,0.0,0,0,4,0,7300,-0.0,0,0.0,0.0,0.0,0.0,0.0,0,0,0,0,0.0,0,0,0,0,0,0,0,0,0,0,0,0,0,0,0,0,0,0,0,0,0,0,0,0,0,0,0,0,0,0,0,0,0,32,30,30,62,65476,0,300,0,0,8,21553,0.0,-107605600.0,0.0,0.0,0.0,0.0,0.0,0.0,0.0,0.0,0.0,0.0,0.0,0.0,0.0,0.0,0.0,0.0,0.0,0.0,0.0,0.0,2.004,-0.0,-0.0,-0.0,0.0,0.0,0.0,0.0,5436.0,-0.0,6964.0,0.0,0.0,-107615280.0,0.0,0.0,0.0,0.0,0.0,63,-107615312.0,0.0,0.0,0.0,0.0,0.0,0.0,0.0,0.0,0,0,0,0.0,0.0,0.0,0.0,0.0,0.0,0.0,0.0,0.0,0.0,0.0,0.0,0.0,0.0,0.0,0.0,0,-107875648.0,63,0.0,126,2.7184242562605685e+23,-0.0,ERR,ERR,ERR,ERR,ERR,ERR,ERR,ERR,ERR,ERR,ERR,ERR,ERR,ERR,ERR,ERR,ERR,ERR,ERR,ERR,ERR,ERR,ERR,ERR,ERR,ERR,ERR,ERR,ERR,ERR,ERR,ERR,ERR,ERR,ERR,ERR,ERR,ERR,ERR,ERR,ERR,ERR,ERR,ERR,ERR,ERR,ERR,ERR,ERR,ERR,ERR,ERR,ERR,ERR,ERR,ERR,ERR,ERR,ERR,ERR,ERR,ERR,ERR,ERR,ERR,ERR,ERR,34.0,80.0,35,0.0,0.0,0.0,0.0,0.0,0.0,0.0,0.0,0.0,0.0,0.0,0.0,0.0,0.0,0.0,0.0,64.4,0,117,56,50,65476,0,300,0,0,8,20529,65476,0,0,57672,80.0,0.0,0.0,0.0,0.0,0.0
2026-06-17T04:04:28,ERR,ERR,ERR,ERR,ERR,ERR,ERR,ERR,ERR,ERR,ERR,ERR,ERR,ERR,ERR,ERR,ERR,ERR,ERR,ERR,ERR,ERR,ERR,ERR,ERR,ERR,ERR,ERR,ERR,ERR,ERR,ERR,ERR,ERR,ERR,ERR,ERR,ERR,ERR,ERR,ERR,ERR,ERR,ERR,ERR,ERR,ERR,ERR,ERR,ERR,ERR,ERR,ERR,ERR,ERR,ERR,ERR,ERR,ERR,ERR,ERR,ERR,ERR,ERR,ERR,ERR,ERR,ERR,ERR,ERR,ERR,ERR,ERR,ERR,ERR,ERR,ERR,ERR,ERR,ERR,ERR,ERR,ERR,ERR,ERR,ERR,ERR,ERR,ERR,ERR,ERR,ERR,ERR,ERR,ERR,ERR,ERR,ERR,ERR,ERR,ERR,ERR,ERR,ERR,ERR,ERR,ERR,ERR,ERR,ERR,ERR,ERR,ERR,ERR,ERR,ERR,ERR,ERR,ERR,ERR,ERR,ERR,ERR,ERR,ERR,0.0,0.0,2.6474777903227054e+23,0.0,0.0,1.3936040501711995e+18,7.805,0.0,0,0,4,0,7300,-0.0,0,0.0,0.0,0.0,0.0,0.0,0,0,0,0,0.0,0,0,0,0,0,0,0,0,0,0,0,0,0,0,0,0,0,0,0,0,0,0,0,0,0,0,0,0,0,0,0,0,0,32,30,30,62,65476,0,300,0,0,8,21553,0.0,-107605600.0,0.0,0.0,0.0,0.0,0.0,0.0,0.0,0.0,0.0,0.0,0.0,0.0,0.0,0.0,0.0,0.0,0.0,0.0,0.0,0.0,2.004,-0.0,-0.0,-0.0,0.0,0.0,0.0,0.0,5436.0,-0.0,6964.0,0.0,0.0,-107615280.0,0.0,0.0,0.0,0.0,0.0,63,-107615312.0,0.0,0.0,0.0,0.0,0.0,0.0,0.0,0.0,0,0,0,0.0,0.0,0.0,0.0,0.0,0.0,0.0,0.0,0.0,0.0,0.0,0.0,0.0,0.0,0.0,0.0,0,-107875648.0,63,0.0,126,2.7184242562605685e+23,-0.0,ERR,ERR,ERR,ERR,ERR,ERR,ERR,ERR,ERR,ERR,ERR,ERR,ERR,ERR,ERR,ERR,ERR,ERR,ERR,ERR,ERR,ERR,ERR,ERR,ERR,ERR,ERR,ERR,ERR,ERR,ERR,ERR,ERR,ERR,ERR,ERR,ERR,ERR,ERR,ERR,ERR,ERR,ERR,ERR,ERR,ERR,ERR,ERR,ERR,ERR,ERR,ERR,ERR,ERR,ERR,ERR,ERR,ERR,ERR,ERR,ERR,ERR,ERR,ERR,ERR,ERR,ERR,34.0,80.0,35,0.0,0.0,0.0,0.0,0.0,0.0,0.0,0.0,0.0,0.0,0.0,0.0,0.0,0.0,0.0,0.0,64.4,0,117,56,50,65476,0,300,0,0,8,20529,65476,0,0,57672,80.0,0.0,0.0,0.0,0.0,0.0
2026-06-17T04:04:29,ERR,ERR,ERR,ERR,ERR,ERR,ERR,ERR,ERR,ERR,ERR,ERR,ERR,ERR,ERR,ERR,ERR,ERR,ERR,ERR,ERR,ERR,ERR,ERR,ERR,ERR,ERR,ERR,ERR,ERR,ERR,ERR,ERR,ERR,ERR,ERR,ERR,ERR,ERR,ERR,ERR,ERR,ERR,ERR,ERR,ERR,ERR,ERR,ERR,ERR,ERR,ERR,ERR,ERR,ERR,ERR,ERR,ERR,ERR,ERR,ERR,ERR,ERR,ERR,ERR,ERR,ERR,ERR,ERR,ERR,ERR,ERR,ERR,ERR,ERR,ERR,ERR,ERR,ERR,ERR,ERR,ERR,ERR,ERR,ERR,ERR,ERR,ERR,ERR,ERR,ERR,ERR,ERR,ERR,ERR,ERR,ERR,ERR,ERR,ERR,ERR,ERR,ERR,ERR,ERR,ERR,ERR,ERR,ERR,ERR,ERR,ERR,ERR,ERR,ERR,ERR,ERR,ERR,ERR,ERR,ERR,ERR,ERR,ERR,ERR,0.0,0.0,2.6474777903227054e+23,0.0,0.0,1.3936040501711995e+18,7.805,0.0,0,0,4,0,7300,-0.0,0,0.0,0.0,0.0,0.0,0.0,0,0,0,0,0.0,0,0,0,0,0,0,0,0,0,0,0,0,0,0,0,0,0,0,0,0,0,0,0,0,0,0,0,0,0,0,0,0,0,32,30,30,62,65476,0,300,0,0,8,21553,0.0,-107605600.0,0.0,0.0,0.0,0.0,0.0,0.0,0.0,0.0,0.0,0.0,0.0,0.0,0.0,0.0,0.0,0.0,0.0,0.0,0.0,0.0,2.004,-0.0,-0.0,-0.0,0.0,0.0,0.0,0.0,5436.0,-0.0,6964.0,0.0,0.0,-107615280.0,0.0,0.0,0.0,0.0,0.0,63,-107615312.0,0.0,0.0,0.0,0.0,0.0,0.0,0.0,0.0,0,0,0,0.0,0.0,0.0,0.0,0.0,0.0,0.0,0.0,0.0,0.0,0.0,0.0,0.0,0.0,0.0,0.0,0,-107875648.0,63,0.0,126,2.7184242562605685e+23,-0.0,ERR,ERR,ERR,ERR,ERR,ERR,ERR,ERR,ERR,ERR,ERR,ERR,ERR,ERR,ERR,ERR,ERR,ERR,ERR,ERR,ERR,ERR,ERR,ERR,ERR,ERR,ERR,ERR,ERR,ERR,ERR,ERR,ERR,ERR,ERR,ERR,ERR,ERR,ERR,ERR,ERR,ERR,ERR,ERR,ERR,ERR,ERR,ERR,ERR,ERR,ERR,ERR,ERR,ERR,ERR,ERR,ERR,ERR,ERR,ERR,ERR,ERR,ERR,ERR,ERR,ERR,ERR,34.0,80.0,35,0.0,0.0,0.0,0.0,0.0,0.0,0.0,0.0,0.0,0.0,0.0,0.0,0.0,0.0,0.0,0.0,64.8,0,117,56,50,65476,0,300,0,0,8,20529,65476,0,0,57672,80.0,0.0,0.0,0.0,0.0,0.0
2026-06-17T04:04:30,ERR,ERR,ERR,ERR,ERR,ERR,ERR,ERR,ERR,ERR,ERR,ERR,ERR,ERR,ERR,ERR,ERR,ERR,ERR,ERR,ERR,ERR,ERR,ERR,ERR,ERR,ERR,ERR,ERR,ERR,ERR,ERR,ERR,ERR,ERR,ERR,ERR,ERR,ERR,ERR,ERR,ERR,ERR,ERR,ERR,ERR,ERR,ERR,ERR,ERR,ERR,ERR,ERR,ERR,ERR,ERR,ERR,ERR,ERR,ERR,ERR,ERR,ERR,ERR,ERR,ERR,ERR,ERR,ERR,ERR,ERR,ERR,ERR,ERR,ERR,ERR,ERR,ERR,ERR,ERR,ERR,ERR,ERR,ERR,ERR,ERR,ERR,ERR,ERR,ERR,ERR,ERR,ERR,ERR,ERR,ERR,ERR,ERR,ERR,ERR,ERR,ERR,ERR,ERR,ERR,ERR,ERR,ERR,ERR,ERR,ERR,ERR,ERR,ERR,ERR,ERR,ERR,ERR,ERR,ERR,ERR,ERR,ERR,ERR,ERR,0.0,0.0,2.6474777903227054e+23,0.0,0.0,1.3936040501711995e+18,7.805,0.0,0,0,4,0,7300,-0.0,0,0.0,0.0,0.0,0.0,0.0,0,0,0,0,0.0,0,0,0,0,0,0,0,0,0,0,0,0,0,0,0,0,0,0,0,0,0,0,0,0,0,0,0,0,0,0,0,0,0,32,30,30,62,65476,0,300,0,0,8,21553,0.0,-107605600.0,0.0,0.0,0.0,0.0,0.0,0.0,0.0,0.0,0.0,0.0,0.0,0.0,0.0,0.0,0.0,0.0,0.0,0.0,0.0,0.0,2.004,-0.0,-0.0,-0.0,0.0,0.0,0.0,0.0,5436.0,-0.0,6964.0,0.0,0.0,-107615280.0,0.0,0.0,0.0,0.0,0.0,63,-107615312.0,0.0,0.0,0.0,0.0,0.0,0.0,0.0,0.0,0,0,0,0.0,0.0,0.0,0.0,0.0,0.0,0.0,0.0,0.0,0.0,0.0,0.0,0.0,0.0,0.0,0.0,0,-107875648.0,63,0.0,126,2.7184242562605685e+23,-0.0,ERR,ERR,ERR,ERR,ERR,ERR,ERR,ERR,ERR,ERR,ERR,ERR,ERR,ERR,ERR,ERR,ERR,ERR,ERR,ERR,ERR,ERR,ERR,ERR,ERR,ERR,ERR,ERR,ERR,ERR,ERR,ERR,ERR,ERR,ERR,ERR,ERR,ERR,ERR,ERR,ERR,ERR,ERR,ERR,ERR,ERR,ERR,ERR,ERR,ERR,ERR,ERR,ERR,ERR,ERR,ERR,ERR,ERR,ERR,ERR,ERR,ERR,ERR,ERR,ERR,ERR,ERR,34.0,80.0,35,0.0,0.0,0.0,0.0,0.0,0.0,0.0,0.0,0.0,0.0,0.0,0.0,0.0,0.0,0.0,0.0,64.8,0,117,56,50,65476,0,300,0,0,8,20529,65476,0,0,57672,80.0,0.0,0.0,0.0,0.0,0.0
2026-06-17T04:04:31,ERR,ERR,ERR,ERR,ERR,ERR,ERR,ERR,ERR,ERR,ERR,ERR,ERR,ERR,ERR,ERR,ERR,ERR,ERR,ERR,ERR,ERR,ERR,ERR,ERR,ERR,ERR,ERR,ERR,ERR,ERR,ERR,ERR,ERR,ERR,ERR,ERR,ERR,ERR,ERR,ERR,ERR,ERR,ERR,ERR,ERR,ERR,ERR,ERR,ERR,ERR,ERR,ERR,ERR,ERR,ERR,ERR,ERR,ERR,ERR,ERR,ERR,ERR,ERR,ERR,ERR,ERR,ERR,ERR,ERR,ERR,ERR,ERR,ERR,ERR,ERR,ERR,ERR,ERR,ERR,ERR,ERR,ERR,ERR,ERR,ERR,ERR,ERR,ERR,ERR,ERR,ERR,ERR,ERR,ERR,ERR,ERR,ERR,ERR,ERR,ERR,ERR,ERR,ERR,ERR,ERR,ERR,ERR,ERR,ERR,ERR,ERR,ERR,ERR,ERR,ERR,ERR,ERR,ERR,ERR,ERR,ERR,ERR,ERR,ERR,0.0,0.0,2.6474777903227054e+23,0.0,0.0,1.3936040501711995e+18,7.805,0.0,0,0,4,0,7300,-0.0,0,0.0,0.0,0.0,0.0,0.0,0,0,0,0,0.0,0,0,0,0,0,0,0,0,0,0,0,0,0,0,0,0,0,0,0,0,0,0,0,0,0,0,0,0,0,0,0,0,0,32,30,30,62,65476,0,300,0,0,8,21553,0.0,-107605600.0,0.0,0.0,0.0,0.0,0.0,0.0,0.0,0.0,0.0,0.0,0.0,0.0,0.0,0.0,0.0,0.0,0.0,0.0,0.0,0.0,2.004,-0.0,-0.0,-0.0,0.0,0.0,0.0,0.0,5436.0,-0.0,6964.0,0.0,0.0,-107615280.0,0.0,0.0,0.0,0.0,0.0,63,-107615312.0,0.0,0.0,0.0,0.0,0.0,0.0,0.0,0.0,0,0,0,0.0,0.0,0.0,0.0,0.0,0.0,0.0,0.0,0.0,0.0,0.0,0.0,0.0,0.0,0.0,0.0,0,-107875648.0,63,0.0,126,2.7184242562605685e+23,-0.0,ERR,ERR,ERR,ERR,ERR,ERR,ERR,ERR,ERR,ERR,ERR,ERR,ERR,ERR,ERR,ERR,ERR,ERR,ERR,ERR,ERR,ERR,ERR,ERR,ERR,ERR,ERR,ERR,ERR,ERR,ERR,ERR,ERR,ERR,ERR,ERR,ERR,ERR,ERR,ERR,ERR,ERR,ERR,ERR,ERR,ERR,ERR,ERR,ERR,ERR,ERR,ERR,ERR,ERR,ERR,ERR,ERR,ERR,ERR,ERR,ERR,ERR,ERR,ERR,ERR,ERR,ERR,34.0,80.0,35,0.0,0.0,0.0,0.0,0.0,0.0,0.0,0.0,0.0,0.0,0.0,0.0,0.0,0.0,0.0,0.0,64.8,0,117,56,50,65476,0,300,0,0,8,20529,65476,0,0,57672,80.0,0.0,0.0,0.0,0.0,0.0
2026-06-17T04:04:32,ERR,ERR,ERR,ERR,ERR,ERR,ERR,ERR,ERR,ERR,ERR,ERR,ERR,ERR,ERR,ERR,ERR,ERR,ERR,ERR,ERR,ERR,ERR,ERR,ERR,ERR,ERR,ERR,ERR,ERR,ERR,ERR,ERR,ERR,ERR,ERR,ERR,ERR,ERR,ERR,ERR,ERR,ERR,ERR,ERR,ERR,ERR,ERR,ERR,ERR,ERR,ERR,ERR,ERR,ERR,ERR,ERR,ERR,ERR,ERR,ERR,ERR,ERR,ERR,ERR,ERR,ERR,ERR,ERR,ERR,ERR,ERR,ERR,ERR,ERR,ERR,ERR,ERR,ERR,ERR,ERR,ERR,ERR,ERR,ERR,ERR,ERR,ERR,ERR,ERR,ERR,ERR,ERR,ERR,ERR,ERR,ERR,ERR,ERR,ERR,ERR,ERR,ERR,ERR,ERR,ERR,ERR,ERR,ERR,ERR,ERR,ERR,ERR,ERR,ERR,ERR,ERR,ERR,ERR,ERR,ERR,ERR,ERR,ERR,ERR,0.0,0.0,2.6474777903227054e+23,0.0,0.0,1.3936040501711995e+18,7.805,0.0,0,0,4,0,7300,-0.0,0,0.0,0.0,0.0,0.0,0.0,0,0,0,0,0.0,0,0,0,0,0,0,0,0,0,0,0,0,0,0,0,0,0,0,0,0,0,0,0,0,0,0,0,0,0,0,0,0,0,32,30,30,62,65476,0,300,0,0,8,21553,0.0,-107605600.0,0.0,0.0,0.0,0.0,0.0,0.0,0.0,0.0,0.0,0.0,0.0,0.0,0.0,0.0,0.0,0.0,0.0,0.0,0.0,0.0,2.004,-0.0,-0.0,2.004,0.0,0.0,0.0,0.0,5435.0,-0.0,6963.0,0.0,0.0,-107615280.0,0.0,0.0,0.0,0.0,0.0,63,-89221.078,0.0,0.0,0.0,0.0,0.0,0.0,0.0,0.0,0,0,0,0.0,0.0,0.0,0.0,0.0,0.0,0.0,0.0,0.0,0.0,0.0,0.0,0.0,0.0,0.0,0.0,0,-107875648.0,63,0.0,126,2.7184242562605685e+23,-0.0,ERR,ERR,ERR,ERR,ERR,ERR,ERR,ERR,ERR,ERR,ERR,ERR,ERR,ERR,ERR,ERR,ERR,ERR,ERR,ERR,ERR,ERR,ERR,ERR,ERR,ERR,ERR,ERR,ERR,ERR,ERR,ERR,ERR,ERR,ERR,ERR,ERR,ERR,ERR,ERR,ERR,ERR,ERR,ERR,ERR,ERR,ERR,ERR,ERR,ERR,ERR,ERR,ERR,ERR,ERR,ERR,ERR,ERR,ERR,ERR,ERR,ERR,ERR,ERR,ERR,ERR,ERR,34.0,80.0,35,0.0,0.0,0.0,0.0,0.0,0.0,0.0,0.0,0.0,0.0,0.0,0.0,0.0,0.0,0.0,0.0,64.4,0,117,56,50,65476,0,300,0,0,8,20529,65476,0,0,57672,80.0,0.0,0.0,0.0,0.0,0.0
2026-06-17T04:04:33,ERR,ERR,ERR,ERR,ERR,ERR,ERR,ERR,ERR,ERR,ERR,ERR,ERR,ERR,ERR,ERR,ERR,ERR,ERR,ERR,ERR,ERR,ERR,ERR,ERR,ERR,ERR,ERR,ERR,ERR,ERR,ERR,ERR,ERR,ERR,ERR,ERR,ERR,ERR,ERR,ERR,ERR,ERR,ERR,ERR,ERR,ERR,ERR,ERR,ERR,ERR,ERR,ERR,ERR,ERR,ERR,ERR,ERR,ERR,ERR,ERR,ERR,ERR,ERR,ERR,ERR,ERR,ERR,ERR,ERR,ERR,ERR,ERR,ERR,ERR,ERR,ERR,ERR,ERR,ERR,ERR,ERR,ERR,ERR,ERR,ERR,ERR,ERR,ERR,ERR,ERR,ERR,ERR,ERR,ERR,ERR,ERR,ERR,ERR,ERR,ERR,ERR,ERR,ERR,ERR,ERR,ERR,ERR,ERR,ERR,ERR,ERR,ERR,ERR,ERR,ERR,ERR,ERR,ERR,ERR,ERR,ERR,ERR,ERR,ERR,0.0,0.0,2.6474777903227054e+23,0.0,0.0,1.3936040501711995e+18,7.805,0.0,0,0,4,0,7300,-0.0,0,0.0,0.0,0.0,0.0,0.0,0,0,0,0,0.0,0,0,0,0,0,0,0,0,0,0,0,0,0,0,0,0,0,0,0,0,0,0,0,0,0,0,0,0,0,0,0,0,0,32,30,30,62,65476,0,300,0,0,8,21553,0.0,-107605600.0,0.0,0.0,0.0,0.0,0.0,0.0,0.0,0.0,0.0,0.0,0.0,0.0,0.0,0.0,0.0,0.0,0.0,0.0,0.0,0.0,2.004,-0.0,-0.0,2.004,0.0,0.0,0.0,0.0,5435.0,-0.0,6963.0,0.0,0.0,-107615280.0,0.0,0.0,0.0,0.0,0.0,63,-89221.078,0.0,0.0,0.0,0.0,0.0,0.0,0.0,0.0,0,0,0,0.0,0.0,0.0,0.0,0.0,0.0,0.0,0.0,0.0,0.0,0.0,0.0,0.0,0.0,0.0,0.0,0,-107875648.0,63,0.0,126,2.7184242562605685e+23,-0.0,ERR,ERR,ERR,ERR,ERR,ERR,ERR,ERR,ERR,ERR,ERR,ERR,ERR,ERR,ERR,ERR,ERR,ERR,ERR,ERR,ERR,ERR,ERR,ERR,ERR,ERR,ERR,ERR,ERR,ERR,ERR,ERR,ERR,ERR,ERR,ERR,ERR,ERR,ERR,ERR,ERR,ERR,ERR,ERR,ERR,ERR,ERR,ERR,ERR,ERR,ERR,ERR,ERR,ERR,ERR,ERR,ERR,ERR,ERR,ERR,ERR,ERR,ERR,ERR,ERR,ERR,ERR,34.0,80.0,35,0.0,0.0,0.0,0.0,0.0,0.0,0.0,0.0,0.0,0.0,0.0,0.0,0.0,0.0,0.0,0.0,64.4,0,117,56,50,65476,0,300,0,0,8,20529,65476,0,0,57672,80.0,0.0,0.0,0.0,0.0,0.0
2026-06-17T04:04:34,ERR,ERR,ERR,ERR,ERR,ERR,ERR,ERR,ERR,ERR,ERR,ERR,ERR,ERR,ERR,ERR,ERR,ERR,ERR,ERR,ERR,ERR,ERR,ERR,ERR,ERR,ERR,ERR,ERR,ERR,ERR,ERR,ERR,ERR,ERR,ERR,ERR,ERR,ERR,ERR,ERR,ERR,ERR,ERR,ERR,ERR,ERR,ERR,ERR,ERR,ERR,ERR,ERR,ERR,ERR,ERR,ERR,ERR,ERR,ERR,ERR,ERR,ERR,ERR,ERR,ERR,ERR,ERR,ERR,ERR,ERR,ERR,ERR,ERR,ERR,ERR,ERR,ERR,ERR,ERR,ERR,ERR,ERR,ERR,ERR,ERR,ERR,ERR,ERR,ERR,ERR,ERR,ERR,ERR,ERR,ERR,ERR,ERR,ERR,ERR,ERR,ERR,ERR,ERR,ERR,ERR,ERR,ERR,ERR,ERR,ERR,ERR,ERR,ERR,ERR,ERR,ERR,ERR,ERR,ERR,ERR,ERR,ERR,ERR,ERR,0.0,0.0,2.6474777903227054e+23,0.0,0.0,1.3936040501711995e+18,7.805,0.0,0,0,4,0,7300,-0.0,0,0.0,0.0,0.0,0.0,0.0,0,0,0,0,0.0,0,0,0,0,0,0,0,0,0,0,0,0,0,0,0,0,0,0,0,0,0,0,0,0,0,0,0,0,0,0,0,0,0,32,30,30,62,65476,0,300,0,0,8,21553,0.0,-107605600.0,0.0,0.0,0.0,0.0,0.0,0.0,0.0,0.0,0.0,0.0,0.0,0.0,0.0,0.0,0.0,0.0,0.0,0.0,0.0,0.0,2.004,-0.0,-0.0,2.004,0.0,0.0,0.0,0.0,5435.0,-0.0,6963.0,0.0,0.0,-107615280.0,0.0,0.0,0.0,0.0,0.0,63,-89221.078,0.0,0.0,0.0,0.0,0.0,0.0,0.0,0.0,0,0,0,0.0,0.0,0.0,0.0,0.0,0.0,0.0,0.0,0.0,0.0,0.0,0.0,0.0,0.0,0.0,0.0,0,-107875648.0,63,0.0,126,2.7184242562605685e+23,-0.0,ERR,ERR,ERR,ERR,ERR,ERR,ERR,ERR,ERR,ERR,ERR,ERR,ERR,ERR,ERR,ERR,ERR,ERR,ERR,ERR,ERR,ERR,ERR,ERR,ERR,ERR,ERR,ERR,ERR,ERR,ERR,ERR,ERR,ERR,ERR,ERR,ERR,ERR,ERR,ERR,ERR,ERR,ERR,ERR,ERR,ERR,ERR,ERR,ERR,ERR,ERR,ERR,ERR,ERR,ERR,ERR,ERR,ERR,ERR,ERR,ERR,ERR,ERR,ERR,ERR,ERR,ERR,34.0,80.0,35,0.0,0.0,0.0,0.0,0.0,0.0,0.0,0.0,0.0,0.0,0.0,0.0,0.0,0.0,0.0,0.0,64.4,0,117,56,50,65476,0,300,0,0,8,20529,65476,0,0,57672,80.0,0.0,0.0,0.0,0.0,0.0
2026-06-17T04:04:35,ERR,ERR,ERR,ERR,ERR,ERR,ERR,ERR,ERR,ERR,ERR,ERR,ERR,ERR,ERR,ERR,ERR,ERR,ERR,ERR,ERR,ERR,ERR,ERR,ERR,ERR,ERR,ERR,ERR,ERR,ERR,ERR,ERR,ERR,ERR,ERR,ERR,ERR,ERR,ERR,ERR,ERR,ERR,ERR,ERR,ERR,ERR,ERR,ERR,ERR,ERR,ERR,ERR,ERR,ERR,ERR,ERR,ERR,ERR,ERR,ERR,ERR,ERR,ERR,ERR,ERR,ERR,ERR,ERR,ERR,ERR,ERR,ERR,ERR,ERR,ERR,ERR,ERR,ERR,ERR,ERR,ERR,ERR,ERR,ERR,ERR,ERR,ERR,ERR,ERR,ERR,ERR,ERR,ERR,ERR,ERR,ERR,ERR,ERR,ERR,ERR,ERR,ERR,ERR,ERR,ERR,ERR,ERR,ERR,ERR,ERR,ERR,ERR,ERR,ERR,ERR,ERR,ERR,ERR,ERR,ERR,ERR,ERR,ERR,ERR,0.0,0.0,2.6474777903227054e+23,0.0,0.0,1.3936040501711995e+18,7.805,0.0,0,0,4,0,7300,-0.0,0,0.0,0.0,0.0,0.0,0.0,0,0,0,0,0.0,0,0,0,0,0,0,0,0,0,0,0,0,0,0,0,0,0,0,0,0,0,0,0,0,0,0,0,0,0,0,0,0,0,32,30,30,62,65476,0,300,0,0,8,21553,0.0,-107605600.0,0.0,0.0,0.0,0.0,0.0,0.0,0.0,0.0,0.0,0.0,0.0,0.0,0.0,0.0,0.0,0.0,0.0,0.0,0.0,0.0,2.004,-0.0,-0.0,2.004,0.0,0.0,0.0,0.0,5435.0,-0.0,6963.0,0.0,0.0,-107615280.0,0.0,0.0,0.0,0.0,0.0,63,-89221.078,0.0,0.0,0.0,0.0,0.0,0.0,0.0,0.0,0,0,0,0.0,0.0,0.0,0.0,0.0,0.0,0.0,0.0,0.0,0.0,0.0,0.0,0.0,0.0,0.0,0.0,0,-107875648.0,63,0.0,126,2.7184242562605685e+23,-0.0,ERR,ERR,ERR,ERR,ERR,ERR,ERR,ERR,ERR,ERR,ERR,ERR,ERR,ERR,ERR,ERR,ERR,ERR,ERR,ERR,ERR,ERR,ERR,ERR,ERR,ERR,ERR,ERR,ERR,ERR,ERR,ERR,ERR,ERR,ERR,ERR,ERR,ERR,ERR,ERR,ERR,ERR,ERR,ERR,ERR,ERR,ERR,ERR,ERR,ERR,ERR,ERR,ERR,ERR,ERR,ERR,ERR,ERR,ERR,ERR,ERR,ERR,ERR,ERR,ERR,ERR,ERR,34.0,80.0,35,0.0,0.0,0.0,0.0,0.0,0.0,0.0,0.0,0.0,0.0,0.0,0.0,0.0,0.0,0.0,0.0,64.4,0,117,56,50,65476,0,300,0,0,8,20529,65476,0,0,57672,80.0,0.0,0.0,0.0,0.0,0.0
2026-06-17T04:04:36,ERR,ERR,ERR,ERR,ERR,ERR,ERR,ERR,ERR,ERR,ERR,ERR,ERR,ERR,ERR,ERR,ERR,ERR,ERR,ERR,ERR,ERR,ERR,ERR,ERR,ERR,ERR,ERR,ERR,ERR,ERR,ERR,ERR,ERR,ERR,ERR,ERR,ERR,ERR,ERR,ERR,ERR,ERR,ERR,ERR,ERR,ERR,ERR,ERR,ERR,ERR,ERR,ERR,ERR,ERR,ERR,ERR,ERR,ERR,ERR,ERR,ERR,ERR,ERR,ERR,ERR,ERR,ERR,ERR,ERR,ERR,ERR,ERR,ERR,ERR,ERR,ERR,ERR,ERR,ERR,ERR,ERR,ERR,ERR,ERR,ERR,ERR,ERR,ERR,ERR,ERR,ERR,ERR,ERR,ERR,ERR,ERR,ERR,ERR,ERR,ERR,ERR,ERR,ERR,ERR,ERR,ERR,ERR,ERR,ERR,ERR,ERR,ERR,ERR,ERR,ERR,ERR,ERR,ERR,ERR,ERR,ERR,ERR,ERR,ERR,0.0,0.0,2.6474777903227054e+23,0.0,0.0,1.3936040501711995e+18,7.805,0.0,0,0,4,0,7300,-0.0,0,0.0,0.0,0.0,0.0,0.0,0,0,0,0,0.0,0,0,0,0,0,0,0,0,0,0,0,0,0,0,0,0,0,0,0,0,0,0,0,0,0,0,0,0,0,0,0,0,0,32,30,30,62,65476,0,300,0,0,8,21553,0.0,-107605600.0,0.0,0.0,0.0,0.0,0.0,0.0,0.0,0.0,0.0,0.0,0.0,0.0,0.0,0.0,0.0,0.0,0.0,0.0,0.0,0.0,2.004,-0.0,-0.0,2.004,0.0,0.0,0.0,0.0,5435.0,-0.0,6963.0,0.0,0.0,-107615280.0,0.0,0.0,0.0,0.0,0.0,63,-89221.078,0.0,0.0,0.0,0.0,0.0,0.0,0.0,0.0,0,0,0,0.0,0.0,0.0,0.0,0.0,0.0,0.0,0.0,0.0,0.0,0.0,0.0,0.0,0.0,0.0,0.0,0,-107875648.0,63,0.0,126,2.7184242562605685e+23,-0.0,ERR,ERR,ERR,ERR,ERR,ERR,ERR,ERR,ERR,ERR,ERR,ERR,ERR,ERR,ERR,ERR,ERR,ERR,ERR,ERR,ERR,ERR,ERR,ERR,ERR,ERR,ERR,ERR,ERR,ERR,ERR,ERR,ERR,ERR,ERR,ERR,ERR,ERR,ERR,ERR,ERR,ERR,ERR,ERR,ERR,ERR,ERR,ERR,ERR,ERR,ERR,ERR,ERR,ERR,ERR,ERR,ERR,ERR,ERR,ERR,ERR,ERR,ERR,ERR,ERR,ERR,ERR,34.0,80.0,35,0.0,0.0,0.0,0.0,0.0,0.0,0.0,0.0,0.0,0.0,0.0,0.0,0.0,0.0,0.0,0.0,64.4,0,117,56,50,65476,0,300,0,0,8,20529,65476,0,0,57672,80.0,0.0,0.0,0.0,0.0,0.0
2026-06-17T04:04:37,ERR,ERR,ERR,ERR,ERR,ERR,ERR,ERR,ERR,ERR,ERR,ERR,ERR,ERR,ERR,ERR,ERR,ERR,ERR,ERR,ERR,ERR,ERR,ERR,ERR,ERR,ERR,ERR,ERR,ERR,ERR,ERR,ERR,ERR,ERR,ERR,ERR,ERR,ERR,ERR,ERR,ERR,ERR,ERR,ERR,ERR,ERR,ERR,ERR,ERR,ERR,ERR,ERR,ERR,ERR,ERR,ERR,ERR,ERR,ERR,ERR,ERR,ERR,ERR,ERR,ERR,ERR,ERR,ERR,ERR,ERR,ERR,ERR,ERR,ERR,ERR,ERR,ERR,ERR,ERR,ERR,ERR,ERR,ERR,ERR,ERR,ERR,ERR,ERR,ERR,ERR,ERR,ERR,ERR,ERR,ERR,ERR,ERR,ERR,ERR,ERR,ERR,ERR,ERR,ERR,ERR,ERR,ERR,ERR,ERR,ERR,ERR,ERR,ERR,ERR,ERR,ERR,ERR,ERR,ERR,ERR,ERR,ERR,ERR,ERR,0.0,0.0,2.6474777903227054e+23,0.0,0.0,1.3936040501711995e+18,7.805,0.0,0,0,4,0,7300,-0.0,0,0.0,0.0,0.0,0.0,0.0,0,0,0,0,0.0,0,0,0,0,0,0,0,0,0,0,0,0,0,0,0,0,0,0,0,0,0,0,0,0,0,0,0,0,0,0,0,0,0,32,30,30,62,65476,0,300,0,0,8,21553,0.0,-107605600.0,0.0,0.0,0.0,0.0,0.0,0.0,0.0,0.0,0.0,0.0,0.0,0.0,0.0,0.0,0.0,0.0,0.0,0.0,0.0,0.0,2.004,-0.0,-0.0,2.004,0.0,0.0,0.0,0.0,5435.0,-0.0,6965.0,0.0,0.0,-107615280.0,0.0,0.0,0.0,0.0,0.0,63,-89221.078,0.0,0.0,0.0,0.0,0.0,0.0,0.0,0.0,0,0,0,0.0,0.0,0.0,0.0,0.0,0.0,0.0,0.0,0.0,0.0,0.0,0.0,0.0,0.0,0.0,0.0,0,-107875648.0,63,0.0,126,2.7184242562605685e+23,-0.0,ERR,ERR,ERR,ERR,ERR,ERR,ERR,ERR,ERR,ERR,ERR,ERR,ERR,ERR,ERR,ERR,ERR,ERR,ERR,ERR,ERR,ERR,ERR,ERR,ERR,ERR,ERR,ERR,ERR,ERR,ERR,ERR,ERR,ERR,ERR,ERR,ERR,ERR,ERR,ERR,ERR,ERR,ERR,ERR,ERR,ERR,ERR,ERR,ERR,ERR,ERR,ERR,ERR,ERR,ERR,ERR,ERR,ERR,ERR,ERR,ERR,ERR,ERR,ERR,ERR,ERR,ERR,34.0,80.0,35,0.0,0.0,0.0,0.0,0.0,0.0,0.0,0.0,0.0,0.0,0.0,0.0,0.0,0.0,0.0,0.0,64.4,0,117,56,50,65476,0,300,0,0,8,20529,65476,0,0,57672,80.0,0.0,0.0,0.0,0.0,0.0
2026-06-17T04:04:38,ERR,ERR,ERR,ERR,ERR,ERR,ERR,ERR,ERR,ERR,ERR,ERR,ERR,ERR,ERR,ERR,ERR,ERR,ERR,ERR,ERR,ERR,ERR,ERR,ERR,ERR,ERR,ERR,ERR,ERR,ERR,ERR,ERR,ERR,ERR,ERR,ERR,ERR,ERR,ERR,ERR,ERR,ERR,ERR,ERR,ERR,ERR,ERR,ERR,ERR,ERR,ERR,ERR,ERR,ERR,ERR,ERR,ERR,ERR,ERR,ERR,ERR,ERR,ERR,ERR,ERR,ERR,ERR,ERR,ERR,ERR,ERR,ERR,ERR,ERR,ERR,ERR,ERR,ERR,ERR,ERR,ERR,ERR,ERR,ERR,ERR,ERR,ERR,ERR,ERR,ERR,ERR,ERR,ERR,ERR,ERR,ERR,ERR,ERR,ERR,ERR,ERR,ERR,ERR,ERR,ERR,ERR,ERR,ERR,ERR,ERR,ERR,ERR,ERR,ERR,ERR,ERR,ERR,ERR,ERR,ERR,ERR,ERR,ERR,ERR,0.0,0.0,2.6474777903227054e+23,0.0,0.0,1.3936040501711995e+18,7.805,0.0,0,0,4,0,7300,-0.0,0,0.0,0.0,0.0,0.0,0.0,0,0,0,0,0.0,0,0,0,0,0,0,0,0,0,0,0,0,0,0,0,0,0,0,0,0,0,0,0,0,0,0,0,0,0,0,0,0,0,32,30,30,62,65476,0,300,0,0,8,21553,0.0,-107605600.0,0.0,0.0,0.0,0.0,0.0,0.0,0.0,0.0,0.0,0.0,0.0,0.0,0.0,0.0,0.0,0.0,0.0,0.0,0.0,0.0,2.004,-0.0,-0.0,2.004,0.0,0.0,0.0,0.0,5435.0,-0.0,6965.0,0.0,0.0,-107615280.0,0.0,0.0,0.0,0.0,0.0,63,-89221.078,0.0,0.0,0.0,0.0,0.0,0.0,0.0,0.0,0,0,0,0.0,0.0,0.0,0.0,0.0,0.0,0.0,0.0,0.0,0.0,0.0,0.0,0.0,0.0,0.0,0.0,0,-107875648.0,63,0.0,126,2.7184242562605685e+23,-0.0,ERR,ERR,ERR,ERR,ERR,ERR,ERR,ERR,ERR,ERR,ERR,ERR,ERR,ERR,ERR,ERR,ERR,ERR,ERR,ERR,ERR,ERR,ERR,ERR,ERR,ERR,ERR,ERR,ERR,ERR,ERR,ERR,ERR,ERR,ERR,ERR,ERR,ERR,ERR,ERR,ERR,ERR,ERR,ERR,ERR,ERR,ERR,ERR,ERR,ERR,ERR,ERR,ERR,ERR,ERR,ERR,ERR,ERR,ERR,ERR,ERR,ERR,ERR,ERR,ERR,ERR,ERR,34.0,80.0,35,0.0,0.0,0.0,0.0,0.0,0.0,0.0,0.0,0.0,0.0,0.0,0.0,0.0,0.0,0.0,0.0,64.4,0,117,56,50,65476,0,300,0,0,8,20529,65476,0,0,57672,80.0,0.0,0.0,0.0,0.0,0.0
2026-06-17T04:04:39,ERR,ERR,ERR,ERR,ERR,ERR,ERR,ERR,ERR,ERR,ERR,ERR,ERR,ERR,ERR,ERR,ERR,ERR,ERR,ERR,ERR,ERR,ERR,ERR,ERR,ERR,ERR,ERR,ERR,ERR,ERR,ERR,ERR,ERR,ERR,ERR,ERR,ERR,ERR,ERR,ERR,ERR,ERR,ERR,ERR,ERR,ERR,ERR,ERR,ERR,ERR,ERR,ERR,ERR,ERR,ERR,ERR,ERR,ERR,ERR,ERR,ERR,ERR,ERR,ERR,ERR,ERR,ERR,ERR,ERR,ERR,ERR,ERR,ERR,ERR,ERR,ERR,ERR,ERR,ERR,ERR,ERR,ERR,ERR,ERR,ERR,ERR,ERR,ERR,ERR,ERR,ERR,ERR,ERR,ERR,ERR,ERR,ERR,ERR,ERR,ERR,ERR,ERR,ERR,ERR,ERR,ERR,ERR,ERR,ERR,ERR,ERR,ERR,ERR,ERR,ERR,ERR,ERR,ERR,ERR,ERR,ERR,ERR,ERR,ERR,0.0,0.0,2.6474777903227054e+23,0.0,0.0,1.3936040501711995e+18,7.805,0.0,0,0,4,0,7300,-0.0,0,0.0,0.0,0.0,0.0,0.0,0,0,0,0,0.0,0,0,0,0,0,0,0,0,0,0,0,0,0,0,0,0,0,0,0,0,0,0,0,0,0,0,0,0,0,0,0,0,0,32,30,30,62,65476,0,300,0,0,8,21553,0.0,-107605600.0,0.0,0.0,0.0,0.0,0.0,0.0,0.0,0.0,0.0,0.0,0.0,0.0,0.0,0.0,0.0,0.0,0.0,0.0,0.0,0.0,2.004,-0.0,-0.0,2.004,0.0,0.0,0.0,0.0,5435.0,-0.0,6965.0,0.0,0.0,-107615280.0,0.0,0.0,0.0,0.0,0.0,63,-89221.078,0.0,0.0,0.0,0.0,0.0,0.0,0.0,0.0,0,0,0,0.0,0.0,0.0,0.0,0.0,0.0,0.0,0.0,0.0,0.0,0.0,0.0,0.0,0.0,0.0,0.0,0,-107875648.0,63,0.0,126,2.7184242562605685e+23,-0.0,ERR,ERR,ERR,ERR,ERR,ERR,ERR,ERR,ERR,ERR,ERR,ERR,ERR,ERR,ERR,ERR,ERR,ERR,ERR,ERR,ERR,ERR,ERR,ERR,ERR,ERR,ERR,ERR,ERR,ERR,ERR,ERR,ERR,ERR,ERR,ERR,ERR,ERR,ERR,ERR,ERR,ERR,ERR,ERR,ERR,ERR,ERR,ERR,ERR,ERR,ERR,ERR,ERR,ERR,ERR,ERR,ERR,ERR,ERR,ERR,ERR,ERR,ERR,ERR,ERR,ERR,ERR,34.0,80.0,35,0.0,0.0,0.0,0.0,0.0,0.0,0.0,0.0,0.0,0.0,0.0,0.0,0.0,0.0,0.0,0.0,64.4,0,117,56,50,65476,0,300,0,0,8,20529,65476,0,0,57672,80.0,0.0,0.0,0.0,0.0,0.0
2026-06-17T04:04:40,ERR,ERR,ERR,ERR,ERR,ERR,ERR,ERR,ERR,ERR,ERR,ERR,ERR,ERR,ERR,ERR,ERR,ERR,ERR,ERR,ERR,ERR,ERR,ERR,ERR,ERR,ERR,ERR,ERR,ERR,ERR,ERR,ERR,ERR,ERR,ERR,ERR,ERR,ERR,ERR,ERR,ERR,ERR,ERR,ERR,ERR,ERR,ERR,ERR,ERR,ERR,ERR,ERR,ERR,ERR,ERR,ERR,ERR,ERR,ERR,ERR,ERR,ERR,ERR,ERR,ERR,ERR,ERR,ERR,ERR,ERR,ERR,ERR,ERR,ERR,ERR,ERR,ERR,ERR,ERR,ERR,ERR,ERR,ERR,ERR,ERR,ERR,ERR,ERR,ERR,ERR,ERR,ERR,ERR,ERR,ERR,ERR,ERR,ERR,ERR,ERR,ERR,ERR,ERR,ERR,ERR,ERR,ERR,ERR,ERR,ERR,ERR,ERR,ERR,ERR,ERR,ERR,ERR,ERR,ERR,ERR,ERR,ERR,ERR,ERR,0.0,0.0,2.6474777903227054e+23,0.0,0.0,1.3936040501711995e+18,7.805,0.0,0,0,4,0,7300,-0.0,0,0.0,0.0,0.0,0.0,0.0,0,0,0,0,0.0,0,0,0,0,0,0,0,0,0,0,0,0,0,0,0,0,0,0,0,0,0,0,0,0,0,0,0,0,0,0,0,0,0,32,30,30,62,65476,0,300,0,0,8,21553,0.0,-107605600.0,0.0,0.0,0.0,0.0,0.0,0.0,0.0,0.0,0.0,0.0,0.0,0.0,0.0,0.0,0.0,0.0,0.0,0.0,0.0,0.0,2.004,-0.0,-0.0,2.004,0.0,0.0,0.0,0.0,5435.0,-0.0,6965.0,0.0,0.0,-107615280.0,0.0,0.0,0.0,0.0,0.0,63,-89221.078,0.0,0.0,0.0,0.0,0.0,0.0,0.0,0.0,0,0,0,0.0,0.0,0.0,0.0,0.0,0.0,0.0,0.0,0.0,0.0,0.0,0.0,0.0,0.0,0.0,0.0,0,-107875648.0,63,0.0,126,2.7184242562605685e+23,-0.0,ERR,ERR,ERR,ERR,ERR,ERR,ERR,ERR,ERR,ERR,ERR,ERR,ERR,ERR,ERR,ERR,ERR,ERR,ERR,ERR,ERR,ERR,ERR,ERR,ERR,ERR,ERR,ERR,ERR,ERR,ERR,ERR,ERR,ERR,ERR,ERR,ERR,ERR,ERR,ERR,ERR,ERR,ERR,ERR,ERR,ERR,ERR,ERR,ERR,ERR,ERR,ERR,ERR,ERR,ERR,ERR,ERR,ERR,ERR,ERR,ERR,ERR,ERR,ERR,ERR,ERR,ERR,34.0,80.0,35,0.0,0.0,0.0,0.0,0.0,0.0,0.0,0.0,0.0,0.0,0.0,0.0,0.0,0.0,0.0,0.0,64.4,0,117,56,50,65476,0,300,0,0,8,20529,65476,0,0,57672,80.0,0.0,0.0,0.0,0.0,0.0
2026-06-17T04:04:41,ERR,ERR,ERR,ERR,ERR,ERR,ERR,ERR,ERR,ERR,ERR,ERR,ERR,ERR,ERR,ERR,ERR,ERR,ERR,ERR,ERR,ERR,ERR,ERR,ERR,ERR,ERR,ERR,ERR,ERR,ERR,ERR,ERR,ERR,ERR,ERR,ERR,ERR,ERR,ERR,ERR,ERR,ERR,ERR,ERR,ERR,ERR,ERR,ERR,ERR,ERR,ERR,ERR,ERR,ERR,ERR,ERR,ERR,ERR,ERR,ERR,ERR,ERR,ERR,ERR,ERR,ERR,ERR,ERR,ERR,ERR,ERR,ERR,ERR,ERR,ERR,ERR,ERR,ERR,ERR,ERR,ERR,ERR,ERR,ERR,ERR,ERR,ERR,ERR,ERR,ERR,ERR,ERR,ERR,ERR,ERR,ERR,ERR,ERR,ERR,ERR,ERR,ERR,ERR,ERR,ERR,ERR,ERR,ERR,ERR,ERR,ERR,ERR,ERR,ERR,ERR,ERR,ERR,ERR,ERR,ERR,ERR,ERR,ERR,ERR,0.0,0.0,2.6474777903227054e+23,0.0,0.0,1.3936040501711995e+18,7.805,0.0,0,0,4,0,7300,-0.0,0,0.0,0.0,0.0,0.0,0.0,0,0,0,0,0.0,0,0,0,0,0,0,0,0,0,0,0,0,0,0,0,0,0,0,0,0,0,0,0,0,0,0,0,0,0,0,0,0,0,32,30,30,62,65476,0,300,0,0,8,21553,0.0,-107605600.0,0.0,0.0,0.0,0.0,0.0,0.0,0.0,0.0,0.0,0.0,0.0,0.0,0.0,0.0,0.0,0.0,0.0,0.0,0.0,0.0,2.004,-0.0,-0.0,2.004,0.0,0.0,0.0,0.0,5435.0,-0.0,6965.0,0.0,0.0,-107615280.0,0.0,0.0,0.0,0.0,0.0,63,-89221.078,0.0,0.0,0.0,0.0,0.0,0.0,0.0,0.0,0,0,0,0.0,0.0,0.0,0.0,0.0,0.0,0.0,0.0,0.0,0.0,0.0,0.0,0.0,0.0,0.0,0.0,0,-107875648.0,63,0.0,126,2.7184242562605685e+23,-0.0,ERR,ERR,ERR,ERR,ERR,ERR,ERR,ERR,ERR,ERR,ERR,ERR,ERR,ERR,ERR,ERR,ERR,ERR,ERR,ERR,ERR,ERR,ERR,ERR,ERR,ERR,ERR,ERR,ERR,ERR,ERR,ERR,ERR,ERR,ERR,ERR,ERR,ERR,ERR,ERR,ERR,ERR,ERR,ERR,ERR,ERR,ERR,ERR,ERR,ERR,ERR,ERR,ERR,ERR,ERR,ERR,ERR,ERR,ERR,ERR,ERR,ERR,ERR,ERR,ERR,ERR,ERR,34.0,80.0,35,0.0,0.0,0.0,0.0,0.0,0.0,0.0,0.0,0.0,0.0,0.0,0.0,0.0,0.0,0.0,0.0,64.4,0,117,56,50,65476,0,300,0,0,8,20529,65476,0,0,57672,80.0,0.0,0.0,0.0,0.0,0.0
2026-06-17T04:04:42,ERR,ERR,ERR,ERR,ERR,ERR,ERR,ERR,ERR,ERR,ERR,ERR,ERR,ERR,ERR,ERR,ERR,ERR,ERR,ERR,ERR,ERR,ERR,ERR,ERR,ERR,ERR,ERR,ERR,ERR,ERR,ERR,ERR,ERR,ERR,ERR,ERR,ERR,ERR,ERR,ERR,ERR,ERR,ERR,ERR,ERR,ERR,ERR,ERR,ERR,ERR,ERR,ERR,ERR,ERR,ERR,ERR,ERR,ERR,ERR,ERR,ERR,ERR,ERR,ERR,ERR,ERR,ERR,ERR,ERR,ERR,ERR,ERR,ERR,ERR,ERR,ERR,ERR,ERR,ERR,ERR,ERR,ERR,ERR,ERR,ERR,ERR,ERR,ERR,ERR,ERR,ERR,ERR,ERR,ERR,ERR,ERR,ERR,ERR,ERR,ERR,ERR,ERR,ERR,ERR,ERR,ERR,ERR,ERR,ERR,ERR,ERR,ERR,ERR,ERR,ERR,ERR,ERR,ERR,ERR,ERR,ERR,ERR,ERR,ERR,0.0,0.0,2.6474777903227054e+23,0.0,0.0,1.3936040501711995e+18,7.805,0.0,0,0,4,0,7300,-0.0,0,0.0,0.0,0.0,0.0,0.0,0,0,0,0,0.0,0,0,0,0,0,0,0,0,0,0,0,0,0,0,0,0,0,0,0,0,0,0,0,0,0,0,0,0,0,0,0,0,0,32,30,30,62,65476,0,300,0,0,8,21553,0.0,-107605600.0,0.0,0.0,0.0,0.0,0.0,0.0,0.0,0.0,0.0,0.0,0.0,0.0,0.0,0.0,0.0,0.0,0.0,0.0,0.0,0.0,2.004,-0.0,-0.0,2.004,0.0,0.0,0.0,0.0,5435.0,-2.422991651527172e+24,6973.0,0.0,0.0,-107615280.0,0.0,0.0,0.0,0.0,0.0,63,-89221.078,-0.0,0.0,0.0,0.0,0.0,0.0,0.0,0.0,0,0,0,0.0,0.0,0.0,0.0,0.0,0.0,0.0,0.0,0.0,0.0,0.0,0.0,0.0,0.0,0.0,0.0,0,-107875648.0,63,0.0,126,2.7184242562605685e+23,-0.0,ERR,ERR,ERR,ERR,ERR,ERR,ERR,ERR,ERR,ERR,ERR,ERR,ERR,ERR,ERR,ERR,ERR,ERR,ERR,ERR,ERR,ERR,ERR,ERR,ERR,ERR,ERR,ERR,ERR,ERR,ERR,ERR,ERR,ERR,ERR,ERR,ERR,ERR,ERR,ERR,ERR,ERR,ERR,ERR,ERR,ERR,ERR,ERR,ERR,ERR,ERR,ERR,ERR,ERR,ERR,ERR,ERR,ERR,ERR,ERR,ERR,ERR,ERR,ERR,ERR,ERR,ERR,34.0,80.0,35,0.0,0.0,0.0,0.0,0.0,0.0,0.0,0.0,0.0,0.0,0.0,0.0,0.0,0.0,0.0,0.0,64.4,0,117,56,50,65476,0,300,0,0,8,20529,65476,0,0,57672,80.0,0.0,0.0,0.0,0.0,0.0
2026-06-17T04:04:43,ERR,ERR,ERR,ERR,ERR,ERR,ERR,ERR,ERR,ERR,ERR,ERR,ERR,ERR,ERR,ERR,ERR,ERR,ERR,ERR,ERR,ERR,ERR,ERR,ERR,ERR,ERR,ERR,ERR,ERR,ERR,ERR,ERR,ERR,ERR,ERR,ERR,ERR,ERR,ERR,ERR,ERR,ERR,ERR,ERR,ERR,ERR,ERR,ERR,ERR,ERR,ERR,ERR,ERR,ERR,ERR,ERR,ERR,ERR,ERR,ERR,ERR,ERR,ERR,ERR,ERR,ERR,ERR,ERR,ERR,ERR,ERR,ERR,ERR,ERR,ERR,ERR,ERR,ERR,ERR,ERR,ERR,ERR,ERR,ERR,ERR,ERR,ERR,ERR,ERR,ERR,ERR,ERR,ERR,ERR,ERR,ERR,ERR,ERR,ERR,ERR,ERR,ERR,ERR,ERR,ERR,ERR,ERR,ERR,ERR,ERR,ERR,ERR,ERR,ERR,ERR,ERR,ERR,ERR,ERR,ERR,ERR,ERR,ERR,ERR,0.0,0.0,2.6474777903227054e+23,0.0,0.0,1.3936040501711995e+18,7.805,0.0,0,0,4,0,7300,-0.0,0,0.0,0.0,0.0,0.0,0.0,0,0,0,0,0.0,0,0,0,0,0,0,0,0,0,0,0,0,0,0,0,0,0,0,0,0,0,0,0,0,0,0,0,0,0,0,0,0,0,32,30,30,62,65476,0,300,0,0,8,21553,0.0,-107605600.0,0.0,0.0,0.0,0.0,0.0,0.0,0.0,0.0,0.0,0.0,0.0,0.0,0.0,0.0,0.0,0.0,0.0,0.0,0.0,0.0,2.004,-0.0,-0.0,2.004,0.0,0.0,0.0,0.0,5435.0,-2.422991651527172e+24,6973.0,0.0,0.0,-107615280.0,0.0,0.0,0.0,0.0,0.0,63,-89221.078,-0.0,0.0,0.0,0.0,0.0,0.0,0.0,0.0,0,0,0,0.0,0.0,0.0,0.0,0.0,0.0,0.0,0.0,0.0,0.0,0.0,0.0,0.0,0.0,0.0,0.0,0,-107875648.0,63,0.0,126,2.7184242562605685e+23,-0.0,ERR,ERR,ERR,ERR,ERR,ERR,ERR,ERR,ERR,ERR,ERR,ERR,ERR,ERR,ERR,ERR,ERR,ERR,ERR,ERR,ERR,ERR,ERR,ERR,ERR,ERR,ERR,ERR,ERR,ERR,ERR,ERR,ERR,ERR,ERR,ERR,ERR,ERR,ERR,ERR,ERR,ERR,ERR,ERR,ERR,ERR,ERR,ERR,ERR,ERR,ERR,ERR,ERR,ERR,ERR,ERR,ERR,ERR,ERR,ERR,ERR,ERR,ERR,ERR,ERR,ERR,ERR,34.0,80.0,35,0.0,0.0,0.0,0.0,0.0,0.0,0.0,0.0,0.0,0.0,0.0,0.0,0.0,0.0,0.0,0.0,64.4,0,117,56,50,65476,0,300,0,0,8,20529,65476,0,0,57672,80.0,0.0,0.0,0.0,0.0,0.0
2026-06-17T04:04:44,ERR,ERR,ERR,ERR,ERR,ERR,ERR,ERR,ERR,ERR,ERR,ERR,ERR,ERR,ERR,ERR,ERR,ERR,ERR,ERR,ERR,ERR,ERR,ERR,ERR,ERR,ERR,ERR,ERR,ERR,ERR,ERR,ERR,ERR,ERR,ERR,ERR,ERR,ERR,ERR,ERR,ERR,ERR,ERR,ERR,ERR,ERR,ERR,ERR,ERR,ERR,ERR,ERR,ERR,ERR,ERR,ERR,ERR,ERR,ERR,ERR,ERR,ERR,ERR,ERR,ERR,ERR,ERR,ERR,ERR,ERR,ERR,ERR,ERR,ERR,ERR,ERR,ERR,ERR,ERR,ERR,ERR,ERR,ERR,ERR,ERR,ERR,ERR,ERR,ERR,ERR,ERR,ERR,ERR,ERR,ERR,ERR,ERR,ERR,ERR,ERR,ERR,ERR,ERR,ERR,ERR,ERR,ERR,ERR,ERR,ERR,ERR,ERR,ERR,ERR,ERR,ERR,ERR,ERR,ERR,ERR,ERR,ERR,ERR,ERR,0.0,0.0,2.6474777903227054e+23,0.0,0.0,1.3936040501711995e+18,7.805,0.0,0,0,4,0,7300,-0.0,0,0.0,0.0,0.0,0.0,0.0,0,0,0,0,0.0,0,0,0,0,0,0,0,0,0,0,0,0,0,0,0,0,0,0,0,0,0,0,0,0,0,0,0,0,0,0,0,0,0,32,30,30,62,65476,0,300,0,0,8,21553,0.0,-107605600.0,0.0,0.0,0.0,0.0,0.0,0.0,0.0,0.0,0.0,0.0,0.0,0.0,0.0,0.0,0.0,0.0,0.0,0.0,0.0,0.0,2.004,-0.0,-0.0,2.004,0.0,0.0,0.0,0.0,5435.0,-2.422991651527172e+24,6973.0,0.0,0.0,-107615280.0,0.0,0.0,0.0,0.0,0.0,63,-89221.078,-0.0,0.0,0.0,0.0,0.0,0.0,0.0,0.0,0,0,0,0.0,0.0,0.0,0.0,0.0,0.0,0.0,0.0,0.0,0.0,0.0,0.0,0.0,0.0,0.0,0.0,0,-107875648.0,63,0.0,126,2.7184242562605685e+23,-0.0,ERR,ERR,ERR,ERR,ERR,ERR,ERR,ERR,ERR,ERR,ERR,ERR,ERR,ERR,ERR,ERR,ERR,ERR,ERR,ERR,ERR,ERR,ERR,ERR,ERR,ERR,ERR,ERR,ERR,ERR,ERR,ERR,ERR,ERR,ERR,ERR,ERR,ERR,ERR,ERR,ERR,ERR,ERR,ERR,ERR,ERR,ERR,ERR,ERR,ERR,ERR,ERR,ERR,ERR,ERR,ERR,ERR,ERR,ERR,ERR,ERR,ERR,ERR,ERR,ERR,ERR,ERR,34.0,80.0,35,0.0,0.0,0.0,0.0,0.0,0.0,0.0,0.0,0.0,0.0,0.0,0.0,0.0,0.0,0.0,0.0,64.4,0,117,56,50,65476,0,300,0,0,8,20529,65476,0,0,57672,80.0,0.0,0.0,0.0,0.0,0.0
2026-06-17T04:04:45,ERR,ERR,ERR,ERR,ERR,ERR,ERR,ERR,ERR,ERR,ERR,ERR,ERR,ERR,ERR,ERR,ERR,ERR,ERR,ERR,ERR,ERR,ERR,ERR,ERR,ERR,ERR,ERR,ERR,ERR,ERR,ERR,ERR,ERR,ERR,ERR,ERR,ERR,ERR,ERR,ERR,ERR,ERR,ERR,ERR,ERR,ERR,ERR,ERR,ERR,ERR,ERR,ERR,ERR,ERR,ERR,ERR,ERR,ERR,ERR,ERR,ERR,ERR,ERR,ERR,ERR,ERR,ERR,ERR,ERR,ERR,ERR,ERR,ERR,ERR,ERR,ERR,ERR,ERR,ERR,ERR,ERR,ERR,ERR,ERR,ERR,ERR,ERR,ERR,ERR,ERR,ERR,ERR,ERR,ERR,ERR,ERR,ERR,ERR,ERR,ERR,ERR,ERR,ERR,ERR,ERR,ERR,ERR,ERR,ERR,ERR,ERR,ERR,ERR,ERR,ERR,ERR,ERR,ERR,ERR,ERR,ERR,ERR,ERR,ERR,0.0,0.0,2.6474777903227054e+23,0.0,0.0,1.3936040501711995e+18,7.805,0.0,0,0,4,0,7300,-0.0,0,0.0,0.0,0.0,0.0,0.0,0,0,0,0,0.0,0,0,0,0,0,0,0,0,0,0,0,0,0,0,0,0,0,0,0,0,0,0,0,0,0,0,0,0,0,0,0,0,0,32,30,30,62,65476,0,300,0,0,8,21553,0.0,-107605600.0,0.0,0.0,0.0,0.0,0.0,0.0,0.0,0.0,0.0,0.0,0.0,0.0,0.0,0.0,0.0,0.0,0.0,0.0,0.0,0.0,2.004,-0.0,-0.0,2.004,0.0,0.0,0.0,0.0,5435.0,-2.422991651527172e+24,6973.0,0.0,0.0,-107615280.0,0.0,0.0,0.0,0.0,0.0,63,-89221.078,-0.0,0.0,0.0,0.0,0.0,0.0,0.0,0.0,0,0,0,0.0,0.0,0.0,0.0,0.0,0.0,0.0,0.0,0.0,0.0,0.0,0.0,0.0,0.0,0.0,0.0,0,-107875648.0,63,0.0,126,2.7184242562605685e+23,-0.0,ERR,ERR,ERR,ERR,ERR,ERR,ERR,ERR,ERR,ERR,ERR,ERR,ERR,ERR,ERR,ERR,ERR,ERR,ERR,ERR,ERR,ERR,ERR,ERR,ERR,ERR,ERR,ERR,ERR,ERR,ERR,ERR,ERR,ERR,ERR,ERR,ERR,ERR,ERR,ERR,ERR,ERR,ERR,ERR,ERR,ERR,ERR,ERR,ERR,ERR,ERR,ERR,ERR,ERR,ERR,ERR,ERR,ERR,ERR,ERR,ERR,ERR,ERR,ERR,ERR,ERR,ERR,34.0,80.0,35,0.0,0.0,0.0,0.0,0.0,0.0,0.0,0.0,0.0,0.0,0.0,0.0,0.0,0.0,0.0,0.0,64.4,0,117,56,50,65476,0,300,0,0,8,20529,65476,0,0,57672,80.0,0.0,0.0,0.0,0.0,0.0
2026-06-17T04:04:46,ERR,ERR,ERR,ERR,ERR,ERR,ERR,ERR,ERR,ERR,ERR,ERR,ERR,ERR,ERR,ERR,ERR,ERR,ERR,ERR,ERR,ERR,ERR,ERR,ERR,ERR,ERR,ERR,ERR,ERR,ERR,ERR,ERR,ERR,ERR,ERR,ERR,ERR,ERR,ERR,ERR,ERR,ERR,ERR,ERR,ERR,ERR,ERR,ERR,ERR,ERR,ERR,ERR,ERR,ERR,ERR,ERR,ERR,ERR,ERR,ERR,ERR,ERR,ERR,ERR,ERR,ERR,ERR,ERR,ERR,ERR,ERR,ERR,ERR,ERR,ERR,ERR,ERR,ERR,ERR,ERR,ERR,ERR,ERR,ERR,ERR,ERR,ERR,ERR,ERR,ERR,ERR,ERR,ERR,ERR,ERR,ERR,ERR,ERR,ERR,ERR,ERR,ERR,ERR,ERR,ERR,ERR,ERR,ERR,ERR,ERR,ERR,ERR,ERR,ERR,ERR,ERR,ERR,ERR,ERR,ERR,ERR,ERR,ERR,ERR,0.0,0.0,2.6474777903227054e+23,0.0,0.0,1.3936040501711995e+18,7.805,0.0,0,0,4,0,7300,-0.0,0,0.0,0.0,0.0,0.0,0.0,0,0,0,0,0.0,0,0,0,0,0,0,0,0,0,0,0,0,0,0,0,0,0,0,0,0,0,0,0,0,0,0,0,0,0,0,0,0,0,32,30,30,62,65476,0,300,0,0,8,21553,0.0,-107605600.0,0.0,0.0,0.0,0.0,0.0,0.0,0.0,0.0,0.0,0.0,0.0,0.0,0.0,0.0,0.0,0.0,0.0,0.0,0.0,0.0,2.004,-0.0,-0.0,2.004,0.0,0.0,0.0,0.0,5435.0,-2.422991651527172e+24,6973.0,0.0,0.0,-107615280.0,0.0,0.0,0.0,0.0,0.0,63,-89221.078,-0.0,0.0,0.0,0.0,0.0,0.0,0.0,0.0,0,0,0,0.0,0.0,0.0,0.0,0.0,0.0,0.0,0.0,0.0,0.0,0.0,0.0,0.0,0.0,0.0,0.0,0,-107875648.0,63,0.0,126,2.7184242562605685e+23,-0.0,ERR,ERR,ERR,ERR,ERR,ERR,ERR,ERR,ERR,ERR,ERR,ERR,ERR,ERR,ERR,ERR,ERR,ERR,ERR,ERR,ERR,ERR,ERR,ERR,ERR,ERR,ERR,ERR,ERR,ERR,ERR,ERR,ERR,ERR,ERR,ERR,ERR,ERR,ERR,ERR,ERR,ERR,ERR,ERR,ERR,ERR,ERR,ERR,ERR,ERR,ERR,ERR,ERR,ERR,ERR,ERR,ERR,ERR,ERR,ERR,ERR,ERR,ERR,ERR,ERR,ERR,ERR,34.0,80.0,35,0.0,0.0,0.0,0.0,0.0,0.0,0.0,0.0,0.0,0.0,0.0,0.0,0.0,0.0,0.0,0.0,64.4,0,117,56,50,65476,0,300,0,0,8,20529,65476,0,0,57672,80.0,0.0,0.0,0.0,0.0,0.0
2026-06-17T04:04:47,ERR,ERR,ERR,ERR,ERR,ERR,ERR,ERR,ERR,ERR,ERR,ERR,ERR,ERR,ERR,ERR,ERR,ERR,ERR,ERR,ERR,ERR,ERR,ERR,ERR,ERR,ERR,ERR,ERR,ERR,ERR,ERR,ERR,ERR,ERR,ERR,ERR,ERR,ERR,ERR,ERR,ERR,ERR,ERR,ERR,ERR,ERR,ERR,ERR,ERR,ERR,ERR,ERR,ERR,ERR,ERR,ERR,ERR,ERR,ERR,ERR,ERR,ERR,ERR,ERR,ERR,ERR,ERR,ERR,ERR,ERR,ERR,ERR,ERR,ERR,ERR,ERR,ERR,ERR,ERR,ERR,ERR,ERR,ERR,ERR,ERR,ERR,ERR,ERR,ERR,ERR,ERR,ERR,ERR,ERR,ERR,ERR,ERR,ERR,ERR,ERR,ERR,ERR,ERR,ERR,ERR,ERR,ERR,ERR,ERR,ERR,ERR,ERR,ERR,ERR,ERR,ERR,ERR,ERR,ERR,ERR,ERR,ERR,ERR,ERR,0.0,0.0,2.6474777903227054e+23,0.0,0.0,1.3936040501711995e+18,7.805,0.0,0,0,4,0,7300,-0.0,0,0.0,0.0,0.0,0.0,0.0,0,0,0,0,0.0,0,0,0,0,0,0,0,0,0,0,0,0,0,0,0,0,0,0,0,0,0,0,0,0,0,0,0,0,0,0,0,0,0,32,30,30,62,65476,0,300,0,0,8,21553,0.0,-107605600.0,0.0,0.0,0.0,0.0,0.0,0.0,0.0,0.0,0.0,0.0,0.0,0.0,0.0,0.0,0.0,0.0,0.0,0.0,0.0,0.0,2.004,-0.0,-0.0,2.004,0.0,0.0,0.0,0.0,5467.0,0.0,6949.0,0.0,0.0,-107615280.0,0.0,0.0,0.0,0.0,0.0,63,-89221.078,-107614920.0,0.0,0.0,0.0,0.0,0.0,0.0,0.0,0,0,0,0.0,0.0,0.0,0.0,0.0,0.0,0.0,0.0,0.0,0.0,0.0,0.0,0.0,0.0,0.0,0.0,0,-107875648.0,63,0.0,126,2.7184242562605685e+23,-0.0,ERR,ERR,ERR,ERR,ERR,ERR,ERR,ERR,ERR,ERR,ERR,ERR,ERR,ERR,ERR,ERR,ERR,ERR,ERR,ERR,ERR,ERR,ERR,ERR,ERR,ERR,ERR,ERR,ERR,ERR,ERR,ERR,ERR,ERR,ERR,ERR,ERR,ERR,ERR,ERR,ERR,ERR,ERR,ERR,ERR,ERR,ERR,ERR,ERR,ERR,ERR,ERR,ERR,ERR,ERR,ERR,ERR,ERR,ERR,ERR,ERR,ERR,ERR,ERR,ERR,ERR,ERR,34.0,80.0,35,0.0,0.0,0.0,0.0,0.0,0.0,0.0,0.0,0.0,0.0,0.0,0.0,0.0,0.0,0.0,0.0,64.4,0,117,56,50,65476,0,300,0,0,8,20529,65476,0,0,57672,80.0,0.0,0.0,0.0,0.0,0.0
2026-06-17T04:04:48,ERR,ERR,ERR,ERR,ERR,ERR,ERR,ERR,ERR,ERR,ERR,ERR,ERR,ERR,ERR,ERR,ERR,ERR,ERR,ERR,ERR,ERR,ERR,ERR,ERR,ERR,ERR,ERR,ERR,ERR,ERR,ERR,ERR,ERR,ERR,ERR,ERR,ERR,ERR,ERR,ERR,ERR,ERR,ERR,ERR,ERR,ERR,ERR,ERR,ERR,ERR,ERR,ERR,ERR,ERR,ERR,ERR,ERR,ERR,ERR,ERR,ERR,ERR,ERR,ERR,ERR,ERR,ERR,ERR,ERR,ERR,ERR,ERR,ERR,ERR,ERR,ERR,ERR,ERR,ERR,ERR,ERR,ERR,ERR,ERR,ERR,ERR,ERR,ERR,ERR,ERR,ERR,ERR,ERR,ERR,ERR,ERR,ERR,ERR,ERR,ERR,ERR,ERR,ERR,ERR,ERR,ERR,ERR,ERR,ERR,ERR,ERR,ERR,ERR,ERR,ERR,ERR,ERR,ERR,ERR,ERR,ERR,ERR,ERR,ERR,0.0,0.0,2.6474777903227054e+23,0.0,0.0,1.3936040501711995e+18,7.805,0.0,0,0,4,0,7300,-0.0,0,0.0,0.0,0.0,0.0,0.0,0,0,0,0,0.0,0,0,0,0,0,0,0,0,0,0,0,0,0,0,0,0,0,0,0,0,0,0,0,0,0,0,0,0,0,0,0,0,0,32,30,30,62,65476,0,300,0,0,8,21553,0.0,-107605600.0,0.0,0.0,0.0,0.0,0.0,0.0,0.0,0.0,0.0,0.0,0.0,0.0,0.0,0.0,0.0,0.0,0.0,0.0,0.0,0.0,2.004,-0.0,-0.0,2.004,0.0,0.0,0.0,0.0,5467.0,0.0,6949.0,0.0,0.0,-107615280.0,0.0,0.0,0.0,0.0,0.0,63,-89221.078,-107614920.0,0.0,0.0,0.0,0.0,0.0,0.0,0.0,0,0,0,0.0,0.0,0.0,0.0,0.0,0.0,0.0,0.0,0.0,0.0,0.0,0.0,0.0,0.0,0.0,0.0,0,-107875648.0,63,0.0,126,2.7184242562605685e+23,-0.0,ERR,ERR,ERR,ERR,ERR,ERR,ERR,ERR,ERR,ERR,ERR,ERR,ERR,ERR,ERR,ERR,ERR,ERR,ERR,ERR,ERR,ERR,ERR,ERR,ERR,ERR,ERR,ERR,ERR,ERR,ERR,ERR,ERR,ERR,ERR,ERR,ERR,ERR,ERR,ERR,ERR,ERR,ERR,ERR,ERR,ERR,ERR,ERR,ERR,ERR,ERR,ERR,ERR,ERR,ERR,ERR,ERR,ERR,ERR,ERR,ERR,ERR,ERR,ERR,ERR,ERR,ERR,34.0,80.0,35,0.0,0.0,0.0,0.0,0.0,0.0,0.0,0.0,0.0,0.0,0.0,0.0,0.0,0.0,0.0,0.0,64.8,0,117,56,50,65476,0,300,0,0,8,20529,65476,0,0,57672,80.0,0.0,0.0,0.0,0.0,0.0
2026-06-17T04:04:49,ERR,ERR,ERR,ERR,ERR,ERR,ERR,ERR,ERR,ERR,ERR,ERR,ERR,ERR,ERR,ERR,ERR,ERR,ERR,ERR,ERR,ERR,ERR,ERR,ERR,ERR,ERR,ERR,ERR,ERR,ERR,ERR,ERR,ERR,ERR,ERR,ERR,ERR,ERR,ERR,ERR,ERR,ERR,ERR,ERR,ERR,ERR,ERR,ERR,ERR,ERR,ERR,ERR,ERR,ERR,ERR,ERR,ERR,ERR,ERR,ERR,ERR,ERR,ERR,ERR,ERR,ERR,ERR,ERR,ERR,ERR,ERR,ERR,ERR,ERR,ERR,ERR,ERR,ERR,ERR,ERR,ERR,ERR,ERR,ERR,ERR,ERR,ERR,ERR,ERR,ERR,ERR,ERR,ERR,ERR,ERR,ERR,ERR,ERR,ERR,ERR,ERR,ERR,ERR,ERR,ERR,ERR,ERR,ERR,ERR,ERR,ERR,ERR,ERR,ERR,ERR,ERR,ERR,ERR,ERR,ERR,ERR,ERR,ERR,ERR,0.0,0.0,2.6474777903227054e+23,0.0,0.0,1.3936040501711995e+18,7.805,0.0,0,0,4,0,7300,-0.0,0,0.0,0.0,0.0,0.0,0.0,0,0,0,0,0.0,0,0,0,0,0,0,0,0,0,0,0,0,0,0,0,0,0,0,0,0,0,0,0,0,0,0,0,0,0,0,0,0,0,32,30,30,62,65476,0,300,0,0,8,21553,0.0,-107605600.0,0.0,0.0,0.0,0.0,0.0,0.0,0.0,0.0,0.0,0.0,0.0,0.0,0.0,0.0,0.0,0.0,0.0,0.0,0.0,0.0,2.004,-0.0,-0.0,2.004,0.0,0.0,0.0,0.0,5467.0,0.0,6949.0,0.0,0.0,-107615280.0,0.0,0.0,0.0,0.0,0.0,63,-89221.078,-107614920.0,0.0,0.0,0.0,0.0,0.0,0.0,0.0,0,0,0,0.0,0.0,0.0,0.0,0.0,0.0,0.0,0.0,0.0,0.0,0.0,0.0,0.0,0.0,0.0,0.0,0,-107875648.0,63,0.0,126,2.7184242562605685e+23,-0.0,ERR,ERR,ERR,ERR,ERR,ERR,ERR,ERR,ERR,ERR,ERR,ERR,ERR,ERR,ERR,ERR,ERR,ERR,ERR,ERR,ERR,ERR,ERR,ERR,ERR,ERR,ERR,ERR,ERR,ERR,ERR,ERR,ERR,ERR,ERR,ERR,ERR,ERR,ERR,ERR,ERR,ERR,ERR,ERR,ERR,ERR,ERR,ERR,ERR,ERR,ERR,ERR,ERR,ERR,ERR,ERR,ERR,ERR,ERR,ERR,ERR,ERR,ERR,ERR,ERR,ERR,ERR,34.0,80.0,35,0.0,0.0,0.0,0.0,0.0,0.0,0.0,0.0,0.0,0.0,0.0,0.0,0.0,0.0,0.0,0.0,64.8,0,117,56,50,65476,0,300,0,0,8,20529,65476,0,0,57672,80.0,0.0,0.0,0.0,0.0,0.0
2026-06-17T04:04:50,ERR,ERR,ERR,ERR,ERR,ERR,ERR,ERR,ERR,ERR,ERR,ERR,ERR,ERR,ERR,ERR,ERR,ERR,ERR,ERR,ERR,ERR,ERR,ERR,ERR,ERR,ERR,ERR,ERR,ERR,ERR,ERR,ERR,ERR,ERR,ERR,ERR,ERR,ERR,ERR,ERR,ERR,ERR,ERR,ERR,ERR,ERR,ERR,ERR,ERR,ERR,ERR,ERR,ERR,ERR,ERR,ERR,ERR,ERR,ERR,ERR,ERR,ERR,ERR,ERR,ERR,ERR,ERR,ERR,ERR,ERR,ERR,ERR,ERR,ERR,ERR,ERR,ERR,ERR,ERR,ERR,ERR,ERR,ERR,ERR,ERR,ERR,ERR,ERR,ERR,ERR,ERR,ERR,ERR,ERR,ERR,ERR,ERR,ERR,ERR,ERR,ERR,ERR,ERR,ERR,ERR,ERR,ERR,ERR,ERR,ERR,ERR,ERR,ERR,ERR,ERR,ERR,ERR,ERR,ERR,ERR,ERR,ERR,ERR,ERR,0.0,0.0,2.6474777903227054e+23,0.0,0.0,1.3936040501711995e+18,7.805,0.0,0,0,4,0,7300,-0.0,0,0.0,0.0,0.0,0.0,0.0,0,0,0,0,0.0,0,0,0,0,0,0,0,0,0,0,0,0,0,0,0,0,0,0,0,0,0,0,0,0,0,0,0,0,0,0,0,0,0,32,30,30,62,65476,0,300,0,0,8,21553,0.0,-107605600.0,0.0,0.0,0.0,0.0,0.0,0.0,0.0,0.0,0.0,0.0,0.0,0.0,0.0,0.0,0.0,0.0,0.0,0.0,0.0,0.0,2.004,-0.0,-0.0,2.004,0.0,0.0,0.0,0.0,5467.0,0.0,6949.0,0.0,0.0,-107615280.0,0.0,0.0,0.0,0.0,0.0,63,-89221.078,-107614920.0,0.0,0.0,0.0,0.0,0.0,0.0,0.0,0,0,0,0.0,0.0,0.0,0.0,0.0,0.0,0.0,0.0,0.0,0.0,0.0,0.0,0.0,0.0,0.0,0.0,0,-107875648.0,63,0.0,126,2.7184242562605685e+23,-0.0,ERR,ERR,ERR,ERR,ERR,ERR,ERR,ERR,ERR,ERR,ERR,ERR,ERR,ERR,ERR,ERR,ERR,ERR,ERR,ERR,ERR,ERR,ERR,ERR,ERR,ERR,ERR,ERR,ERR,ERR,ERR,ERR,ERR,ERR,ERR,ERR,ERR,ERR,ERR,ERR,ERR,ERR,ERR,ERR,ERR,ERR,ERR,ERR,ERR,ERR,ERR,ERR,ERR,ERR,ERR,ERR,ERR,ERR,ERR,ERR,ERR,ERR,ERR,ERR,ERR,ERR,ERR,34.0,80.0,35,0.0,0.0,0.0,0.0,0.0,0.0,0.0,0.0,0.0,0.0,0.0,0.0,0.0,0.0,0.0,0.0,64.4,0,117,56,50,65476,0,300,0,0,8,20529,65476,0,0,57672,80.0,0.0,0.0,0.0,0.0,0.0
2026-06-17T04:04:51,ERR,ERR,ERR,ERR,ERR,ERR,ERR,ERR,ERR,ERR,ERR,ERR,ERR,ERR,ERR,ERR,ERR,ERR,ERR,ERR,ERR,ERR,ERR,ERR,ERR,ERR,ERR,ERR,ERR,ERR,ERR,ERR,ERR,ERR,ERR,ERR,ERR,ERR,ERR,ERR,ERR,ERR,ERR,ERR,ERR,ERR,ERR,ERR,ERR,ERR,ERR,ERR,ERR,ERR,ERR,ERR,ERR,ERR,ERR,ERR,ERR,ERR,ERR,ERR,ERR,ERR,ERR,ERR,ERR,ERR,ERR,ERR,ERR,ERR,ERR,ERR,ERR,ERR,ERR,ERR,ERR,ERR,ERR,ERR,ERR,ERR,ERR,ERR,ERR,ERR,ERR,ERR,ERR,ERR,ERR,ERR,ERR,ERR,ERR,ERR,ERR,ERR,ERR,ERR,ERR,ERR,ERR,ERR,ERR,ERR,ERR,ERR,ERR,ERR,ERR,ERR,ERR,ERR,ERR,ERR,ERR,ERR,ERR,ERR,ERR,0.0,0.0,2.6474777903227054e+23,0.0,0.0,1.3936040501711995e+18,7.805,0.0,0,0,4,0,7300,-0.0,0,0.0,0.0,0.0,0.0,0.0,0,0,0,0,0.0,0,0,0,0,0,0,0,0,0,0,0,0,0,0,0,0,0,0,0,0,0,0,0,0,0,0,0,0,0,0,0,0,0,32,30,30,62,65476,0,300,0,0,8,21553,0.0,-107605600.0,0.0,0.0,0.0,0.0,0.0,0.0,0.0,0.0,0.0,0.0,0.0,0.0,0.0,0.0,0.0,0.0,0.0,0.0,0.0,0.0,2.004,-0.0,-0.0,2.004,0.0,0.0,0.0,0.0,5467.0,0.0,6949.0,0.0,0.0,-107615280.0,0.0,0.0,0.0,0.0,0.0,63,-89221.078,-107614920.0,0.0,0.0,0.0,0.0,0.0,0.0,0.0,0,0,0,0.0,0.0,0.0,0.0,0.0,0.0,0.0,0.0,0.0,0.0,0.0,0.0,0.0,0.0,0.0,0.0,0,-107875648.0,63,0.0,126,2.7184242562605685e+23,-0.0,ERR,ERR,ERR,ERR,ERR,ERR,ERR,ERR,ERR,ERR,ERR,ERR,ERR,ERR,ERR,ERR,ERR,ERR,ERR,ERR,ERR,ERR,ERR,ERR,ERR,ERR,ERR,ERR,ERR,ERR,ERR,ERR,ERR,ERR,ERR,ERR,ERR,ERR,ERR,ERR,ERR,ERR,ERR,ERR,ERR,ERR,ERR,ERR,ERR,ERR,ERR,ERR,ERR,ERR,ERR,ERR,ERR,ERR,ERR,ERR,ERR,ERR,ERR,ERR,ERR,ERR,ERR,34.0,80.0,35,0.0,0.0,0.0,0.0,0.0,0.0,0.0,0.0,0.0,0.0,0.0,0.0,0.0,0.0,0.0,0.0,64.4,0,117,56,50,65476,0,300,0,0,8,20529,65476,0,0,57672,80.0,0.0,0.0,0.0,0.0,0.0
2026-06-17T04:04:52,ERR,ERR,ERR,ERR,ERR,ERR,ERR,ERR,ERR,ERR,ERR,ERR,ERR,ERR,ERR,ERR,ERR,ERR,ERR,ERR,ERR,ERR,ERR,ERR,ERR,ERR,ERR,ERR,ERR,ERR,ERR,ERR,ERR,ERR,ERR,ERR,ERR,ERR,ERR,ERR,ERR,ERR,ERR,ERR,ERR,ERR,ERR,ERR,ERR,ERR,ERR,ERR,ERR,ERR,ERR,ERR,ERR,ERR,ERR,ERR,ERR,ERR,ERR,ERR,ERR,ERR,ERR,ERR,ERR,ERR,ERR,ERR,ERR,ERR,ERR,ERR,ERR,ERR,ERR,ERR,ERR,ERR,ERR,ERR,ERR,ERR,ERR,ERR,ERR,ERR,ERR,ERR,ERR,ERR,ERR,ERR,ERR,ERR,ERR,ERR,ERR,ERR,ERR,ERR,ERR,ERR,ERR,ERR,ERR,ERR,ERR,ERR,ERR,ERR,ERR,ERR,ERR,ERR,ERR,ERR,ERR,ERR,ERR,ERR,ERR,0.0,0.0,2.6474777903227054e+23,0.0,0.0,1.3936040501711995e+18,7.805,0.0,0,0,4,0,7300,-0.0,0,0.0,0.0,0.0,0.0,0.0,0,0,0,0,0.0,0,0,0,0,0,0,0,0,0,0,0,0,0,0,0,0,0,0,0,0,0,0,0,0,0,0,0,0,0,0,0,0,0,32,30,30,62,65476,0,300,0,0,8,21553,0.0,-107605600.0,0.0,0.0,0.0,0.0,0.0,0.0,0.0,0.0,0.0,0.0,0.0,0.0,0.0,0.0,0.0,0.0,0.0,0.0,0.0,0.0,2.004,-0.0,-0.0,2.004,0.0,0.0,0.0,0.0,5467.0,0.0,6949.0,0.0,0.0,-107615280.0,0.0,0.0,0.0,0.0,0.0,63,-89221.078,-107614920.0,0.0,0.0,0.0,0.0,0.0,0.0,0.0,0,0,0,0.0,0.0,0.0,0.0,0.0,0.0,0.0,0.0,0.0,0.0,0.0,0.0,0.0,0.0,0.0,0.0,0,-107875648.0,63,0.0,126,2.7184242562605685e+23,-0.0,ERR,ERR,ERR,ERR,ERR,ERR,ERR,ERR,ERR,ERR,ERR,ERR,ERR,ERR,ERR,ERR,ERR,ERR,ERR,ERR,ERR,ERR,ERR,ERR,ERR,ERR,ERR,ERR,ERR,ERR,ERR,ERR,ERR,ERR,ERR,ERR,ERR,ERR,ERR,ERR,ERR,ERR,ERR,ERR,ERR,ERR,ERR,ERR,ERR,ERR,ERR,ERR,ERR,ERR,ERR,ERR,ERR,ERR,ERR,ERR,ERR,ERR,ERR,ERR,ERR,ERR,ERR,34.0,80.0,35,0.0,0.0,0.0,0.0,0.0,0.0,0.0,0.0,0.0,0.0,0.0,0.0,0.0,0.0,0.0,0.0,64.4,0,117,56,50,65476,0,300,0,0,8,20529,65476,0,0,57672,80.0,0.0,0.0,0.0,0.0,0.0
2026-06-17T04:04:53,ERR,ERR,ERR,ERR,ERR,ERR,ERR,ERR,ERR,ERR,ERR,ERR,ERR,ERR,ERR,ERR,ERR,ERR,ERR,ERR,ERR,ERR,ERR,ERR,ERR,ERR,ERR,ERR,ERR,ERR,ERR,ERR,ERR,ERR,ERR,ERR,ERR,ERR,ERR,ERR,ERR,ERR,ERR,ERR,ERR,ERR,ERR,ERR,ERR,ERR,ERR,ERR,ERR,ERR,ERR,ERR,ERR,ERR,ERR,ERR,ERR,ERR,ERR,ERR,ERR,ERR,ERR,ERR,ERR,ERR,ERR,ERR,ERR,ERR,ERR,ERR,ERR,ERR,ERR,ERR,ERR,ERR,ERR,ERR,ERR,ERR,ERR,ERR,ERR,ERR,ERR,ERR,ERR,ERR,ERR,ERR,ERR,ERR,ERR,ERR,ERR,ERR,ERR,ERR,ERR,ERR,ERR,ERR,ERR,ERR,ERR,ERR,ERR,ERR,ERR,ERR,ERR,ERR,ERR,ERR,ERR,ERR,ERR,ERR,ERR,0.0,0.0,2.6474777903227054e+23,0.0,0.0,1.3936040501711995e+18,7.805,0.0,0,0,4,0,7300,-0.0,0,0.0,0.0,0.0,0.0,0.0,0,0,0,0,0.0,0,0,0,0,0,0,0,0,0,0,0,0,0,0,0,0,0,0,0,0,0,0,0,0,0,0,0,0,0,0,0,0,0,32,30,30,62,65476,0,300,0,0,8,21553,0.0,-107605600.0,0.0,0.0,0.0,0.0,0.0,0.0,0.0,0.0,0.0,0.0,0.0,0.0,0.0,0.0,0.0,0.0,0.0,0.0,0.0,0.0,2.004,-0.0,-0.0,2.004,0.0,0.0,0.0,0.0,5467.0,1.040667113973027e+34,6961.0,0.0,0.0,-107615280.0,0.0,0.0,0.0,0.0,0.0,63,-89221.078,89220.703,0.0,0.0,0.0,0.0,0.0,0.0,0.0,0,0,0,0.0,0.0,0.0,0.0,0.0,0.0,0.0,0.0,0.0,0.0,0.0,0.0,0.0,0.0,0.0,0.0,0,-107875648.0,63,0.0,126,2.7184242562605685e+23,-0.0,ERR,ERR,ERR,ERR,ERR,ERR,ERR,ERR,ERR,ERR,ERR,ERR,ERR,ERR,ERR,ERR,ERR,ERR,ERR,ERR,ERR,ERR,ERR,ERR,ERR,ERR,ERR,ERR,ERR,ERR,ERR,ERR,ERR,ERR,ERR,ERR,ERR,ERR,ERR,ERR,ERR,ERR,ERR,ERR,ERR,ERR,ERR,ERR,ERR,ERR,ERR,ERR,ERR,ERR,ERR,ERR,ERR,ERR,ERR,ERR,ERR,ERR,ERR,ERR,ERR,ERR,ERR,34.0,80.0,35,0.0,0.0,0.0,0.0,0.0,0.0,0.0,0.0,0.0,0.0,0.0,0.0,0.0,0.0,0.0,0.0,64.4,0,117,56,50,65476,0,300,0,0,8,20529,65476,0,0,57672,80.0,0.0,0.0,0.0,0.0,0.0
2026-06-17T04:04:54,ERR,ERR,ERR,ERR,ERR,ERR,ERR,ERR,ERR,ERR,ERR,ERR,ERR,ERR,ERR,ERR,ERR,ERR,ERR,ERR,ERR,ERR,ERR,ERR,ERR,ERR,ERR,ERR,ERR,ERR,ERR,ERR,ERR,ERR,ERR,ERR,ERR,ERR,ERR,ERR,ERR,ERR,ERR,ERR,ERR,ERR,ERR,ERR,ERR,ERR,ERR,ERR,ERR,ERR,ERR,ERR,ERR,ERR,ERR,ERR,ERR,ERR,ERR,ERR,ERR,ERR,ERR,ERR,ERR,ERR,ERR,ERR,ERR,ERR,ERR,ERR,ERR,ERR,ERR,ERR,ERR,ERR,ERR,ERR,ERR,ERR,ERR,ERR,ERR,ERR,ERR,ERR,ERR,ERR,ERR,ERR,ERR,ERR,ERR,ERR,ERR,ERR,ERR,ERR,ERR,ERR,ERR,ERR,ERR,ERR,ERR,ERR,ERR,ERR,ERR,ERR,ERR,ERR,ERR,ERR,ERR,ERR,ERR,ERR,ERR,0.0,0.0,2.6474777903227054e+23,0.0,0.0,1.3936040501711995e+18,7.805,0.0,0,0,4,0,7300,-0.0,0,0.0,0.0,0.0,0.0,0.0,0,0,0,0,0.0,0,0,0,0,0,0,0,0,0,0,0,0,0,0,0,0,0,0,0,0,0,0,0,0,0,0,0,0,0,0,0,0,0,32,30,30,62,65476,0,300,0,0,8,21553,0.0,-107605600.0,0.0,0.0,0.0,0.0,0.0,0.0,0.0,0.0,0.0,0.0,0.0,0.0,0.0,0.0,0.0,0.0,0.0,0.0,0.0,0.0,2.004,-0.0,-0.0,2.004,0.0,0.0,0.0,0.0,5467.0,1.040667113973027e+34,6961.0,0.0,0.0,-107615280.0,0.0,0.0,0.0,0.0,0.0,63,-89221.078,89220.703,0.0,0.0,0.0,0.0,0.0,0.0,0.0,0,0,0,0.0,0.0,0.0,0.0,0.0,0.0,0.0,0.0,0.0,0.0,0.0,0.0,0.0,0.0,0.0,0.0,0,-107875648.0,63,0.0,126,2.7184242562605685e+23,-0.0,ERR,ERR,ERR,ERR,ERR,ERR,ERR,ERR,ERR,ERR,ERR,ERR,ERR,ERR,ERR,ERR,ERR,ERR,ERR,ERR,ERR,ERR,ERR,ERR,ERR,ERR,ERR,ERR,ERR,ERR,ERR,ERR,ERR,ERR,ERR,ERR,ERR,ERR,ERR,ERR,ERR,ERR,ERR,ERR,ERR,ERR,ERR,ERR,ERR,ERR,ERR,ERR,ERR,ERR,ERR,ERR,ERR,ERR,ERR,ERR,ERR,ERR,ERR,ERR,ERR,ERR,ERR,34.0,80.0,35,0.0,0.0,0.0,0.0,0.0,0.0,0.0,0.0,0.0,0.0,0.0,0.0,0.0,0.0,0.0,0.0,64.4,0,117,56,50,65476,0,300,0,0,8,20529,65476,0,0,57672,80.0,0.0,0.0,0.0,0.0,0.0
2026-06-17T04:04:55,ERR,ERR,ERR,ERR,ERR,ERR,ERR,ERR,ERR,ERR,ERR,ERR,ERR,ERR,ERR,ERR,ERR,ERR,ERR,ERR,ERR,ERR,ERR,ERR,ERR,ERR,ERR,ERR,ERR,ERR,ERR,ERR,ERR,ERR,ERR,ERR,ERR,ERR,ERR,ERR,ERR,ERR,ERR,ERR,ERR,ERR,ERR,ERR,ERR,ERR,ERR,ERR,ERR,ERR,ERR,ERR,ERR,ERR,ERR,ERR,ERR,ERR,ERR,ERR,ERR,ERR,ERR,ERR,ERR,ERR,ERR,ERR,ERR,ERR,ERR,ERR,ERR,ERR,ERR,ERR,ERR,ERR,ERR,ERR,ERR,ERR,ERR,ERR,ERR,ERR,ERR,ERR,ERR,ERR,ERR,ERR,ERR,ERR,ERR,ERR,ERR,ERR,ERR,ERR,ERR,ERR,ERR,ERR,ERR,ERR,ERR,ERR,ERR,ERR,ERR,ERR,ERR,ERR,ERR,ERR,ERR,ERR,ERR,ERR,ERR,0.0,0.0,2.6474777903227054e+23,0.0,0.0,1.3936040501711995e+18,7.805,0.0,0,0,4,0,7300,-0.0,0,0.0,0.0,0.0,0.0,0.0,0,0,0,0,0.0,0,0,0,0,0,0,0,0,0,0,0,0,0,0,0,0,0,0,0,0,0,0,0,0,0,0,0,0,0,0,0,0,0,32,30,30,62,65476,0,300,0,0,8,21553,0.0,-107605600.0,0.0,0.0,0.0,0.0,0.0,0.0,0.0,0.0,0.0,0.0,0.0,0.0,0.0,0.0,0.0,0.0,0.0,0.0,0.0,0.0,2.004,-0.0,-0.0,2.004,0.0,0.0,0.0,0.0,5467.0,1.040667113973027e+34,6961.0,0.0,0.0,-107615280.0,0.0,0.0,0.0,0.0,0.0,63,-89221.078,89220.703,0.0,0.0,0.0,0.0,0.0,0.0,0.0,0,0,0,0.0,0.0,0.0,0.0,0.0,0.0,0.0,0.0,0.0,0.0,0.0,0.0,0.0,0.0,0.0,0.0,0,-107875648.0,63,0.0,126,2.7184242562605685e+23,-0.0,ERR,ERR,ERR,ERR,ERR,ERR,ERR,ERR,ERR,ERR,ERR,ERR,ERR,ERR,ERR,ERR,ERR,ERR,ERR,ERR,ERR,ERR,ERR,ERR,ERR,ERR,ERR,ERR,ERR,ERR,ERR,ERR,ERR,ERR,ERR,ERR,ERR,ERR,ERR,ERR,ERR,ERR,ERR,ERR,ERR,ERR,ERR,ERR,ERR,ERR,ERR,ERR,ERR,ERR,ERR,ERR,ERR,ERR,ERR,ERR,ERR,ERR,ERR,ERR,ERR,ERR,ERR,34.0,80.0,35,0.0,0.0,0.0,0.0,0.0,0.0,0.0,0.0,0.0,0.0,0.0,0.0,0.0,0.0,0.0,0.0,64.4,0,117,56,50,65476,0,300,0,0,8,20529,65476,0,0,57672,80.0,0.0,0.0,0.0,0.0,0.0
2026-06-17T04:04:56,ERR,ERR,ERR,ERR,ERR,ERR,ERR,ERR,ERR,ERR,ERR,ERR,ERR,ERR,ERR,ERR,ERR,ERR,ERR,ERR,ERR,ERR,ERR,ERR,ERR,ERR,ERR,ERR,ERR,ERR,ERR,ERR,ERR,ERR,ERR,ERR,ERR,ERR,ERR,ERR,ERR,ERR,ERR,ERR,ERR,ERR,ERR,ERR,ERR,ERR,ERR,ERR,ERR,ERR,ERR,ERR,ERR,ERR,ERR,ERR,ERR,ERR,ERR,ERR,ERR,ERR,ERR,ERR,ERR,ERR,ERR,ERR,ERR,ERR,ERR,ERR,ERR,ERR,ERR,ERR,ERR,ERR,ERR,ERR,ERR,ERR,ERR,ERR,ERR,ERR,ERR,ERR,ERR,ERR,ERR,ERR,ERR,ERR,ERR,ERR,ERR,ERR,ERR,ERR,ERR,ERR,ERR,ERR,ERR,ERR,ERR,ERR,ERR,ERR,ERR,ERR,ERR,ERR,ERR,ERR,ERR,ERR,ERR,ERR,ERR,0.0,0.0,2.6474777903227054e+23,0.0,0.0,1.3936040501711995e+18,7.805,0.0,0,0,4,0,7300,-0.0,0,0.0,0.0,0.0,0.0,0.0,0,0,0,0,0.0,0,0,0,0,0,0,0,0,0,0,0,0,0,0,0,0,0,0,0,0,0,0,0,0,0,0,0,0,0,0,0,0,0,32,30,30,62,65476,0,300,0,0,8,21553,0.0,-107605600.0,0.0,0.0,0.0,0.0,0.0,0.0,0.0,0.0,0.0,0.0,0.0,0.0,0.0,0.0,0.0,0.0,0.0,0.0,0.0,0.0,2.004,-0.0,-0.0,2.004,0.0,0.0,0.0,0.0,5467.0,1.040667113973027e+34,6961.0,0.0,0.0,-107615280.0,0.0,0.0,0.0,0.0,0.0,63,-89221.078,89220.703,0.0,0.0,0.0,0.0,0.0,0.0,0.0,0,0,0,0.0,0.0,0.0,0.0,0.0,0.0,0.0,0.0,0.0,0.0,0.0,0.0,0.0,0.0,0.0,0.0,0,-107875648.0,63,0.0,126,2.7184242562605685e+23,-0.0,ERR,ERR,ERR,ERR,ERR,ERR,ERR,ERR,ERR,ERR,ERR,ERR,ERR,ERR,ERR,ERR,ERR,ERR,ERR,ERR,ERR,ERR,ERR,ERR,ERR,ERR,ERR,ERR,ERR,ERR,ERR,ERR,ERR,ERR,ERR,ERR,ERR,ERR,ERR,ERR,ERR,ERR,ERR,ERR,ERR,ERR,ERR,ERR,ERR,ERR,ERR,ERR,ERR,ERR,ERR,ERR,ERR,ERR,ERR,ERR,ERR,ERR,ERR,ERR,ERR,ERR,ERR,34.0,80.0,35,0.0,0.0,0.0,0.0,0.0,0.0,0.0,0.0,0.0,0.0,0.0,0.0,0.0,0.0,0.0,0.0,64.8,0,117,56,50,65476,0,300,0,0,8,20529,65476,0,0,57672,80.0,0.0,0.0,0.0,0.0,0.0
2026-06-17T04:04:57,ERR,ERR,ERR,ERR,ERR,ERR,ERR,ERR,ERR,ERR,ERR,ERR,ERR,ERR,ERR,ERR,ERR,ERR,ERR,ERR,ERR,ERR,ERR,ERR,ERR,ERR,ERR,ERR,ERR,ERR,ERR,ERR,ERR,ERR,ERR,ERR,ERR,ERR,ERR,ERR,ERR,ERR,ERR,ERR,ERR,ERR,ERR,ERR,ERR,ERR,ERR,ERR,ERR,ERR,ERR,ERR,ERR,ERR,ERR,ERR,ERR,ERR,ERR,ERR,ERR,ERR,ERR,ERR,ERR,ERR,ERR,ERR,ERR,ERR,ERR,ERR,ERR,ERR,ERR,ERR,ERR,ERR,ERR,ERR,ERR,ERR,ERR,ERR,ERR,ERR,ERR,ERR,ERR,ERR,ERR,ERR,ERR,ERR,ERR,ERR,ERR,ERR,ERR,ERR,ERR,ERR,ERR,ERR,ERR,ERR,ERR,ERR,ERR,ERR,ERR,ERR,ERR,ERR,ERR,ERR,ERR,ERR,ERR,ERR,ERR,0.0,0.0,2.6474777903227054e+23,0.0,0.0,1.3936040501711995e+18,7.805,0.0,0,0,4,0,7300,-0.0,0,0.0,0.0,0.0,0.0,0.0,0,0,0,0,0.0,0,0,0,0,0,0,0,0,0,0,0,0,0,0,0,0,0,0,0,0,0,0,0,0,0,0,0,0,0,0,0,0,0,32,30,30,62,65476,0,300,0,0,8,21553,0.0,-107605600.0,0.0,0.0,0.0,0.0,0.0,0.0,0.0,0.0,0.0,0.0,0.0,0.0,0.0,0.0,0.0,0.0,0.0,0.0,0.0,0.0,2.004,-0.0,-0.0,2.004,0.0,0.0,0.0,0.0,5467.0,1.040667113973027e+34,6961.0,0.0,0.0,-107615280.0,0.0,0.0,0.0,0.0,0.0,63,-89221.078,89220.703,0.0,0.0,0.0,0.0,0.0,0.0,0.0,0,0,0,0.0,0.0,0.0,0.0,0.0,0.0,0.0,0.0,0.0,0.0,0.0,0.0,0.0,0.0,0.0,0.0,0,-107875648.0,63,0.0,126,2.7184242562605685e+23,-0.0,ERR,ERR,ERR,ERR,ERR,ERR,ERR,ERR,ERR,ERR,ERR,ERR,ERR,ERR,ERR,ERR,ERR,ERR,ERR,ERR,ERR,ERR,ERR,ERR,ERR,ERR,ERR,ERR,ERR,ERR,ERR,ERR,ERR,ERR,ERR,ERR,ERR,ERR,ERR,ERR,ERR,ERR,ERR,ERR,ERR,ERR,ERR,ERR,ERR,ERR,ERR,ERR,ERR,ERR,ERR,ERR,ERR,ERR,ERR,ERR,ERR,ERR,ERR,ERR,ERR,ERR,ERR,34.0,80.0,35,0.0,0.0,0.0,0.0,0.0,0.0,0.0,0.0,0.0,0.0,0.0,0.0,0.0,0.0,0.0,0.0,64.4,0,117,56,50,65476,0,300,0,0,8,20529,65476,0,0,57672,80.0,0.0,0.0,0.0,0.0,0.0
2026-06-17T04:04:58,ERR,ERR,ERR,ERR,ERR,ERR,ERR,ERR,ERR,ERR,ERR,ERR,ERR,ERR,ERR,ERR,ERR,ERR,ERR,ERR,ERR,ERR,ERR,ERR,ERR,ERR,ERR,ERR,ERR,ERR,ERR,ERR,ERR,ERR,ERR,ERR,ERR,ERR,ERR,ERR,ERR,ERR,ERR,ERR,ERR,ERR,ERR,ERR,ERR,ERR,ERR,ERR,ERR,ERR,ERR,ERR,ERR,ERR,ERR,ERR,ERR,ERR,ERR,ERR,ERR,ERR,ERR,ERR,ERR,ERR,ERR,ERR,ERR,ERR,ERR,ERR,ERR,ERR,ERR,ERR,ERR,ERR,ERR,ERR,ERR,ERR,ERR,ERR,ERR,ERR,ERR,ERR,ERR,ERR,ERR,ERR,ERR,ERR,ERR,ERR,ERR,ERR,ERR,ERR,ERR,ERR,ERR,ERR,ERR,ERR,ERR,ERR,ERR,ERR,ERR,ERR,ERR,ERR,ERR,ERR,ERR,ERR,ERR,ERR,ERR,0.0,0.0,2.6474777903227054e+23,0.0,0.0,1.3936040501711995e+18,7.805,0.0,0,0,4,0,7300,-0.0,0,0.0,0.0,0.0,0.0,0.0,0,0,0,0,0.0,0,0,0,0,0,0,0,0,0,0,0,0,0,0,0,0,0,0,0,0,0,0,0,0,0,0,0,0,0,0,0,0,0,32,30,30,62,65476,0,300,0,0,8,21553,0.0,-107605600.0,0.0,0.0,0.0,0.0,0.0,0.0,0.0,0.0,0.0,0.0,0.0,0.0,0.0,0.0,0.0,0.0,0.0,0.0,0.0,0.0,2.004,-0.0,-0.0,2.004,0.0,0.0,0.0,0.0,5467.0,-0.0,6965.0,0.0,0.0,-107615280.0,0.0,0.0,0.0,0.0,0.0,63,-89221.078,4.066860458222289e+29,0.0,0.0,0.0,0.0,0.0,0.0,0.0,0,0,0,0.0,0.0,0.0,0.0,0.0,0.0,0.0,0.0,0.0,0.0,0.0,0.0,0.0,0.0,0.0,0.0,0,-107875648.0,63,0.0,126,2.7184242562605685e+23,-0.0,ERR,ERR,ERR,ERR,ERR,ERR,ERR,ERR,ERR,ERR,ERR,ERR,ERR,ERR,ERR,ERR,ERR,ERR,ERR,ERR,ERR,ERR,ERR,ERR,ERR,ERR,ERR,ERR,ERR,ERR,ERR,ERR,ERR,ERR,ERR,ERR,ERR,ERR,ERR,ERR,ERR,ERR,ERR,ERR,ERR,ERR,ERR,ERR,ERR,ERR,ERR,ERR,ERR,ERR,ERR,ERR,ERR,ERR,ERR,ERR,ERR,ERR,ERR,ERR,ERR,ERR,ERR,34.0,80.0,35,0.0,0.0,0.0,0.0,0.0,0.0,0.0,0.0,0.0,0.0,0.0,0.0,0.0,0.0,0.0,0.0,64.4,0,117,56,50,65476,0,300,0,0,8,20529,65476,0,0,57672,80.0,0.0,0.0,0.0,0.0,0.0
2026-06-17T04:04:59,ERR,ERR,ERR,ERR,ERR,ERR,ERR,ERR,ERR,ERR,ERR,ERR,ERR,ERR,ERR,ERR,ERR,ERR,ERR,ERR,ERR,ERR,ERR,ERR,ERR,ERR,ERR,ERR,ERR,ERR,ERR,ERR,ERR,ERR,ERR,ERR,ERR,ERR,ERR,ERR,ERR,ERR,ERR,ERR,ERR,ERR,ERR,ERR,ERR,ERR,ERR,ERR,ERR,ERR,ERR,ERR,ERR,ERR,ERR,ERR,ERR,ERR,ERR,ERR,ERR,ERR,ERR,ERR,ERR,ERR,ERR,ERR,ERR,ERR,ERR,ERR,ERR,ERR,ERR,ERR,ERR,ERR,ERR,ERR,ERR,ERR,ERR,ERR,ERR,ERR,ERR,ERR,ERR,ERR,ERR,ERR,ERR,ERR,ERR,ERR,ERR,ERR,ERR,ERR,ERR,ERR,ERR,ERR,ERR,ERR,ERR,ERR,ERR,ERR,ERR,ERR,ERR,ERR,ERR,ERR,ERR,ERR,ERR,ERR,ERR,0.0,0.0,2.6474777903227054e+23,0.0,0.0,1.3936040501711995e+18,7.805,0.0,0,0,4,0,7300,-0.0,0,0.0,0.0,0.0,0.0,0.0,0,0,0,0,0.0,0,0,0,0,0,0,0,0,0,0,0,0,0,0,0,0,0,0,0,0,0,0,0,0,0,0,0,0,0,0,0,0,0,32,30,30,62,65476,0,300,0,0,8,21553,0.0,-107605600.0,0.0,0.0,0.0,0.0,0.0,0.0,0.0,0.0,0.0,0.0,0.0,0.0,0.0,0.0,0.0,0.0,0.0,0.0,0.0,0.0,2.004,-0.0,-0.0,2.004,0.0,0.0,0.0,0.0,5467.0,-0.0,6965.0,0.0,0.0,-107615280.0,0.0,0.0,0.0,0.0,0.0,63,-89221.078,4.066860458222289e+29,0.0,0.0,0.0,0.0,0.0,0.0,0.0,0,0,0,0.0,0.0,0.0,0.0,0.0,0.0,0.0,0.0,0.0,0.0,0.0,0.0,0.0,0.0,0.0,0.0,0,-107875648.0,63,0.0,126,2.7184242562605685e+23,-0.0,ERR,ERR,ERR,ERR,ERR,ERR,ERR,ERR,ERR,ERR,ERR,ERR,ERR,ERR,ERR,ERR,ERR,ERR,ERR,ERR,ERR,ERR,ERR,ERR,ERR,ERR,ERR,ERR,ERR,ERR,ERR,ERR,ERR,ERR,ERR,ERR,ERR,ERR,ERR,ERR,ERR,ERR,ERR,ERR,ERR,ERR,ERR,ERR,ERR,ERR,ERR,ERR,ERR,ERR,ERR,ERR,ERR,ERR,ERR,ERR,ERR,ERR,ERR,ERR,ERR,ERR,ERR,34.0,80.0,35,0.0,0.0,0.0,0.0,0.0,0.0,0.0,0.0,0.0,0.0,0.0,0.0,0.0,0.0,0.0,0.0,64.4,0,117,56,50,65476,0,300,0,0,8,20529,65476,0,0,57672,80.0,0.0,0.0,0.0,0.0,0.0
2026-06-17T04:05:00,ERR,ERR,ERR,ERR,ERR,ERR,ERR,ERR,ERR,ERR,ERR,ERR,ERR,ERR,ERR,ERR,ERR,ERR,ERR,ERR,ERR,ERR,ERR,ERR,ERR,ERR,ERR,ERR,ERR,ERR,ERR,ERR,ERR,ERR,ERR,ERR,ERR,ERR,ERR,ERR,ERR,ERR,ERR,ERR,ERR,ERR,ERR,ERR,ERR,ERR,ERR,ERR,ERR,ERR,ERR,ERR,ERR,ERR,ERR,ERR,ERR,ERR,ERR,ERR,ERR,ERR,ERR,ERR,ERR,ERR,ERR,ERR,ERR,ERR,ERR,ERR,ERR,ERR,ERR,ERR,ERR,ERR,ERR,ERR,ERR,ERR,ERR,ERR,ERR,ERR,ERR,ERR,ERR,ERR,ERR,ERR,ERR,ERR,ERR,ERR,ERR,ERR,ERR,ERR,ERR,ERR,ERR,ERR,ERR,ERR,ERR,ERR,ERR,ERR,ERR,ERR,ERR,ERR,ERR,ERR,ERR,ERR,ERR,ERR,ERR,0.0,0.0,2.6474777903227054e+23,0.0,0.0,1.3936040501711995e+18,7.805,0.0,0,0,4,0,7300,-0.0,0,0.0,0.0,0.0,0.0,0.0,0,0,0,0,0.0,0,0,0,0,0,0,0,0,0,0,0,0,0,0,0,0,0,0,0,0,0,0,0,0,0,0,0,0,0,0,0,0,0,32,30,30,62,65476,0,300,0,0,8,21553,0.0,-107605600.0,0.0,0.0,0.0,0.0,0.0,0.0,0.0,0.0,0.0,0.0,0.0,0.0,0.0,0.0,0.0,0.0,0.0,0.0,0.0,0.0,2.004,-0.0,-0.0,2.004,0.0,0.0,0.0,0.0,5467.0,-0.0,6965.0,0.0,0.0,-107615280.0,0.0,0.0,0.0,0.0,0.0,63,-89221.078,4.066860458222289e+29,0.0,0.0,0.0,0.0,0.0,0.0,0.0,0,0,0,0.0,0.0,0.0,0.0,0.0,0.0,0.0,0.0,0.0,0.0,0.0,0.0,0.0,0.0,0.0,0.0,0,-107875648.0,63,0.0,126,2.7184242562605685e+23,-0.0,ERR,ERR,ERR,ERR,ERR,ERR,ERR,ERR,ERR,ERR,ERR,ERR,ERR,ERR,ERR,ERR,ERR,ERR,ERR,ERR,ERR,ERR,ERR,ERR,ERR,ERR,ERR,ERR,ERR,ERR,ERR,ERR,ERR,ERR,ERR,ERR,ERR,ERR,ERR,ERR,ERR,ERR,ERR,ERR,ERR,ERR,ERR,ERR,ERR,ERR,ERR,ERR,ERR,ERR,ERR,ERR,ERR,ERR,ERR,ERR,ERR,ERR,ERR,ERR,ERR,ERR,ERR,34.0,80.0,35,0.0,0.0,0.0,0.0,0.0,0.0,0.0,0.0,0.0,0.0,0.0,0.0,0.0,0.0,0.0,0.0,64.4,0,117,56,50,65476,0,300,0,0,8,20529,65476,0,0,57672,80.0,0.0,0.0,0.0,0.0,0.0
2026-06-17T04:05:01,ERR,ERR,ERR,ERR,ERR,ERR,ERR,ERR,ERR,ERR,ERR,ERR,ERR,ERR,ERR,ERR,ERR,ERR,ERR,ERR,ERR,ERR,ERR,ERR,ERR,ERR,ERR,ERR,ERR,ERR,ERR,ERR,ERR,ERR,ERR,ERR,ERR,ERR,ERR,ERR,ERR,ERR,ERR,ERR,ERR,ERR,ERR,ERR,ERR,ERR,ERR,ERR,ERR,ERR,ERR,ERR,ERR,ERR,ERR,ERR,ERR,ERR,ERR,ERR,ERR,ERR,ERR,ERR,ERR,ERR,ERR,ERR,ERR,ERR,ERR,ERR,ERR,ERR,ERR,ERR,ERR,ERR,ERR,ERR,ERR,ERR,ERR,ERR,ERR,ERR,ERR,ERR,ERR,ERR,ERR,ERR,ERR,ERR,ERR,ERR,ERR,ERR,ERR,ERR,ERR,ERR,ERR,ERR,ERR,ERR,ERR,ERR,ERR,ERR,ERR,ERR,ERR,ERR,ERR,ERR,ERR,ERR,ERR,ERR,ERR,0.0,0.0,2.6474777903227054e+23,0.0,0.0,1.3936040501711995e+18,7.805,0.0,0,0,4,0,7300,-0.0,0,0.0,0.0,0.0,0.0,0.0,0,0,0,0,0.0,0,0,0,0,0,0,0,0,0,0,0,0,0,0,0,0,0,0,0,0,0,0,0,0,0,0,0,0,0,0,0,0,0,32,30,30,62,65476,0,300,0,0,8,21553,0.0,-107605600.0,0.0,0.0,0.0,0.0,0.0,0.0,0.0,0.0,0.0,0.0,0.0,0.0,0.0,0.0,0.0,0.0,0.0,0.0,0.0,0.0,2.004,-0.0,-0.0,2.004,0.0,0.0,0.0,0.0,5467.0,-0.0,6965.0,0.0,0.0,-107615280.0,0.0,0.0,0.0,0.0,0.0,63,-89221.078,4.066860458222289e+29,0.0,0.0,0.0,0.0,0.0,0.0,0.0,0,0,0,0.0,0.0,0.0,0.0,0.0,0.0,0.0,0.0,0.0,0.0,0.0,0.0,0.0,0.0,0.0,0.0,0,-107875648.0,63,0.0,126,2.7184242562605685e+23,-0.0,ERR,ERR,ERR,ERR,ERR,ERR,ERR,ERR,ERR,ERR,ERR,ERR,ERR,ERR,ERR,ERR,ERR,ERR,ERR,ERR,ERR,ERR,ERR,ERR,ERR,ERR,ERR,ERR,ERR,ERR,ERR,ERR,ERR,ERR,ERR,ERR,ERR,ERR,ERR,ERR,ERR,ERR,ERR,ERR,ERR,ERR,ERR,ERR,ERR,ERR,ERR,ERR,ERR,ERR,ERR,ERR,ERR,ERR,ERR,ERR,ERR,ERR,ERR,ERR,ERR,ERR,ERR,34.0,80.0,35,0.0,0.0,0.0,0.0,0.0,0.0,0.0,0.0,0.0,0.0,0.0,0.0,0.0,0.0,0.0,0.0,64.4,0,117,56,50,65476,0,300,0,0,8,20529,65476,0,0,57672,80.0,0.0,0.0,0.0,0.0,0.0
2026-06-17T04:05:02,ERR,ERR,ERR,ERR,ERR,ERR,ERR,ERR,ERR,ERR,ERR,ERR,ERR,ERR,ERR,ERR,ERR,ERR,ERR,ERR,ERR,ERR,ERR,ERR,ERR,ERR,ERR,ERR,ERR,ERR,ERR,ERR,ERR,ERR,ERR,ERR,ERR,ERR,ERR,ERR,ERR,ERR,ERR,ERR,ERR,ERR,ERR,ERR,ERR,ERR,ERR,ERR,ERR,ERR,ERR,ERR,ERR,ERR,ERR,ERR,ERR,ERR,ERR,ERR,ERR,ERR,ERR,ERR,ERR,ERR,ERR,ERR,ERR,ERR,ERR,ERR,ERR,ERR,ERR,ERR,ERR,ERR,ERR,ERR,ERR,ERR,ERR,ERR,ERR,ERR,ERR,ERR,ERR,ERR,ERR,ERR,ERR,ERR,ERR,ERR,ERR,ERR,ERR,ERR,ERR,ERR,ERR,ERR,ERR,ERR,ERR,ERR,ERR,ERR,ERR,ERR,ERR,ERR,ERR,ERR,ERR,ERR,ERR,ERR,ERR,0.0,0.0,2.6474777903227054e+23,0.0,0.0,1.3936040501711995e+18,7.805,0.0,0,0,4,0,7300,-0.0,0,0.0,0.0,0.0,0.0,0.0,0,0,0,0,0.0,0,0,0,0,0,0,0,0,0,0,0,0,0,0,0,0,0,0,0,0,0,0,0,0,0,0,0,0,0,0,0,0,0,32,30,30,62,65476,0,300,0,0,8,21553,0.0,-107605600.0,0.0,0.0,0.0,0.0,0.0,0.0,0.0,0.0,0.0,0.0,0.0,0.0,0.0,0.0,0.0,0.0,0.0,0.0,0.0,0.0,2.004,-0.0,-0.0,2.004,0.0,0.0,0.0,0.0,5467.0,-0.0,6965.0,0.0,0.0,-107615280.0,0.0,0.0,0.0,0.0,0.0,63,-89221.078,4.066860458222289e+29,0.0,0.0,0.0,0.0,0.0,0.0,0.0,0,0,0,0.0,0.0,0.0,0.0,0.0,0.0,0.0,0.0,0.0,0.0,0.0,0.0,0.0,0.0,0.0,0.0,0,-107875648.0,63,0.0,126,2.7184242562605685e+23,-0.0,ERR,ERR,ERR,ERR,ERR,ERR,ERR,ERR,ERR,ERR,ERR,ERR,ERR,ERR,ERR,ERR,ERR,ERR,ERR,ERR,ERR,ERR,ERR,ERR,ERR,ERR,ERR,ERR,ERR,ERR,ERR,ERR,ERR,ERR,ERR,ERR,ERR,ERR,ERR,ERR,ERR,ERR,ERR,ERR,ERR,ERR,ERR,ERR,ERR,ERR,ERR,ERR,ERR,ERR,ERR,ERR,ERR,ERR,ERR,ERR,ERR,ERR,ERR,ERR,ERR,ERR,ERR,34.0,80.0,35,0.0,0.0,0.0,0.0,0.0,0.0,0.0,0.0,0.0,0.0,0.0,0.0,0.0,0.0,0.0,0.0,64.4,0,117,56,50,65476,0,300,0,0,8,20529,65476,0,0,57672,80.0,0.0,0.0,0.0,0.0,0.0
2026-06-17T04:05:03,ERR,ERR,ERR,ERR,ERR,ERR,ERR,ERR,ERR,ERR,ERR,ERR,ERR,ERR,ERR,ERR,ERR,ERR,ERR,ERR,ERR,ERR,ERR,ERR,ERR,ERR,ERR,ERR,ERR,ERR,ERR,ERR,ERR,ERR,ERR,ERR,ERR,ERR,ERR,ERR,ERR,ERR,ERR,ERR,ERR,ERR,ERR,ERR,ERR,ERR,ERR,ERR,ERR,ERR,ERR,ERR,ERR,ERR,ERR,ERR,ERR,ERR,ERR,ERR,ERR,ERR,ERR,ERR,ERR,ERR,ERR,ERR,ERR,ERR,ERR,ERR,ERR,ERR,ERR,ERR,ERR,ERR,ERR,ERR,ERR,ERR,ERR,ERR,ERR,ERR,ERR,ERR,ERR,ERR,ERR,ERR,ERR,ERR,ERR,ERR,ERR,ERR,ERR,ERR,ERR,ERR,ERR,ERR,ERR,ERR,ERR,ERR,ERR,ERR,ERR,ERR,ERR,ERR,ERR,ERR,ERR,ERR,ERR,ERR,ERR,0.0,0.0,2.6474777903227054e+23,0.0,0.0,1.3936040501711995e+18,7.805,0.0,0,0,4,0,7300,-0.0,0,0.0,0.0,0.0,0.0,0.0,0,0,0,0,0.0,0,0,0,0,0,0,0,0,0,0,0,0,0,0,0,0,0,0,0,0,0,0,0,0,0,0,0,0,0,0,0,0,0,32,30,30,62,65476,0,300,0,0,8,21553,0.0,-107605600.0,0.0,0.0,0.0,0.0,0.0,0.0,0.0,0.0,0.0,0.0,0.0,0.0,0.0,0.0,0.0,0.0,0.0,0.0,0.0,0.0,2.004,-0.0,-0.0,-0.0,0.0,0.0,0.0,0.0,5467.0,-1.040667113973027e+34,6975.0,0.0,0.0,-107615280.0,0.0,0.0,0.0,0.0,0.0,63,-89221.078,-152017582424064.0,0.0,0.0,0.0,0.0,0.0,0.0,0.0,0,0,0,0.0,0.0,0.0,0.0,0.0,0.0,0.0,0.0,0.0,0.0,0.0,0.0,0.0,0.0,0.0,0.0,0,-107875648.0,63,0.0,126,2.7184242562605685e+23,-0.0,ERR,ERR,ERR,ERR,ERR,ERR,ERR,ERR,ERR,ERR,ERR,ERR,ERR,ERR,ERR,ERR,ERR,ERR,ERR,ERR,ERR,ERR,ERR,ERR,ERR,ERR,ERR,ERR,ERR,ERR,ERR,ERR,ERR,ERR,ERR,ERR,ERR,ERR,ERR,ERR,ERR,ERR,ERR,ERR,ERR,ERR,ERR,ERR,ERR,ERR,ERR,ERR,ERR,ERR,ERR,ERR,ERR,ERR,ERR,ERR,ERR,ERR,ERR,ERR,ERR,ERR,ERR,34.0,80.0,35,0.0,0.0,0.0,0.0,0.0,0.0,0.0,0.0,0.0,0.0,0.0,0.0,0.0,0.0,0.0,0.0,64.4,0,117,56,50,65476,0,300,0,0,8,20529,65476,0,0,57672,80.0,0.0,0.0,0.0,0.0,0.0
2026-06-17T04:05:04,ERR,ERR,ERR,ERR,ERR,ERR,ERR,ERR,ERR,ERR,ERR,ERR,ERR,ERR,ERR,ERR,ERR,ERR,ERR,ERR,ERR,ERR,ERR,ERR,ERR,ERR,ERR,ERR,ERR,ERR,ERR,ERR,ERR,ERR,ERR,ERR,ERR,ERR,ERR,ERR,ERR,ERR,ERR,ERR,ERR,ERR,ERR,ERR,ERR,ERR,ERR,ERR,ERR,ERR,ERR,ERR,ERR,ERR,ERR,ERR,ERR,ERR,ERR,ERR,ERR,ERR,ERR,ERR,ERR,ERR,ERR,ERR,ERR,ERR,ERR,ERR,ERR,ERR,ERR,ERR,ERR,ERR,ERR,ERR,ERR,ERR,ERR,ERR,ERR,ERR,ERR,ERR,ERR,ERR,ERR,ERR,ERR,ERR,ERR,ERR,ERR,ERR,ERR,ERR,ERR,ERR,ERR,ERR,ERR,ERR,ERR,ERR,ERR,ERR,ERR,ERR,ERR,ERR,ERR,ERR,ERR,ERR,ERR,ERR,ERR,0.0,0.0,2.6474777903227054e+23,0.0,0.0,1.3936040501711995e+18,7.805,0.0,0,0,4,0,7300,-0.0,0,0.0,0.0,0.0,0.0,0.0,0,0,0,0,0.0,0,0,0,0,0,0,0,0,0,0,0,0,0,0,0,0,0,0,0,0,0,0,0,0,0,0,0,0,0,0,0,0,0,32,30,30,62,65476,0,300,0,0,8,21553,0.0,-107605600.0,0.0,0.0,0.0,0.0,0.0,0.0,0.0,0.0,0.0,0.0,0.0,0.0,0.0,0.0,0.0,0.0,0.0,0.0,0.0,0.0,2.004,-0.0,-0.0,-0.0,0.0,0.0,0.0,0.0,5467.0,-1.040667113973027e+34,6975.0,0.0,0.0,-107615280.0,0.0,0.0,0.0,0.0,0.0,63,-89221.078,-152017582424064.0,0.0,0.0,0.0,0.0,0.0,0.0,0.0,0,0,0,0.0,0.0,0.0,0.0,0.0,0.0,0.0,0.0,0.0,0.0,0.0,0.0,0.0,0.0,0.0,0.0,0,-107875648.0,63,0.0,126,2.7184242562605685e+23,-0.0,ERR,ERR,ERR,ERR,ERR,ERR,ERR,ERR,ERR,ERR,ERR,ERR,ERR,ERR,ERR,ERR,ERR,ERR,ERR,ERR,ERR,ERR,ERR,ERR,ERR,ERR,ERR,ERR,ERR,ERR,ERR,ERR,ERR,ERR,ERR,ERR,ERR,ERR,ERR,ERR,ERR,ERR,ERR,ERR,ERR,ERR,ERR,ERR,ERR,ERR,ERR,ERR,ERR,ERR,ERR,ERR,ERR,ERR,ERR,ERR,ERR,ERR,ERR,ERR,ERR,ERR,ERR,34.0,80.0,35,0.0,0.0,0.0,0.0,0.0,0.0,0.0,0.0,0.0,0.0,0.0,0.0,0.0,0.0,0.0,0.0,64.4,0,117,56,50,65476,0,300,0,0,8,20529,65476,0,0,57672,80.0,0.0,0.0,0.0,0.0,0.0
2026-06-17T04:05:05,ERR,ERR,ERR,ERR,ERR,ERR,ERR,ERR,ERR,ERR,ERR,ERR,ERR,ERR,ERR,ERR,ERR,ERR,ERR,ERR,ERR,ERR,ERR,ERR,ERR,ERR,ERR,ERR,ERR,ERR,ERR,ERR,ERR,ERR,ERR,ERR,ERR,ERR,ERR,ERR,ERR,ERR,ERR,ERR,ERR,ERR,ERR,ERR,ERR,ERR,ERR,ERR,ERR,ERR,ERR,ERR,ERR,ERR,ERR,ERR,ERR,ERR,ERR,ERR,ERR,ERR,ERR,ERR,ERR,ERR,ERR,ERR,ERR,ERR,ERR,ERR,ERR,ERR,ERR,ERR,ERR,ERR,ERR,ERR,ERR,ERR,ERR,ERR,ERR,ERR,ERR,ERR,ERR,ERR,ERR,ERR,ERR,ERR,ERR,ERR,ERR,ERR,ERR,ERR,ERR,ERR,ERR,ERR,ERR,ERR,ERR,ERR,ERR,ERR,ERR,ERR,ERR,ERR,ERR,ERR,ERR,ERR,ERR,ERR,ERR,0.0,0.0,2.6474777903227054e+23,0.0,0.0,1.3936040501711995e+18,7.805,0.0,0,0,4,0,7300,-0.0,0,0.0,0.0,0.0,0.0,0.0,0,0,0,0,0.0,0,0,0,0,0,0,0,0,0,0,0,0,0,0,0,0,0,0,0,0,0,0,0,0,0,0,0,0,0,0,0,0,0,32,30,30,62,65476,0,300,0,0,8,21553,0.0,-107605600.0,0.0,0.0,0.0,0.0,0.0,0.0,0.0,0.0,0.0,0.0,0.0,0.0,0.0,0.0,0.0,0.0,0.0,0.0,0.0,0.0,2.004,-0.0,-0.0,-0.0,0.0,0.0,0.0,0.0,5467.0,-1.040667113973027e+34,6975.0,0.0,0.0,-107615280.0,0.0,0.0,0.0,0.0,0.0,63,-89221.078,-152017582424064.0,0.0,0.0,0.0,0.0,0.0,0.0,0.0,0,0,0,0.0,0.0,0.0,0.0,0.0,0.0,0.0,0.0,0.0,0.0,0.0,0.0,0.0,0.0,0.0,0.0,0,-107875648.0,63,0.0,126,2.7184242562605685e+23,-0.0,ERR,ERR,ERR,ERR,ERR,ERR,ERR,ERR,ERR,ERR,ERR,ERR,ERR,ERR,ERR,ERR,ERR,ERR,ERR,ERR,ERR,ERR,ERR,ERR,ERR,ERR,ERR,ERR,ERR,ERR,ERR,ERR,ERR,ERR,ERR,ERR,ERR,ERR,ERR,ERR,ERR,ERR,ERR,ERR,ERR,ERR,ERR,ERR,ERR,ERR,ERR,ERR,ERR,ERR,ERR,ERR,ERR,ERR,ERR,ERR,ERR,ERR,ERR,ERR,ERR,ERR,ERR,34.0,80.0,35,0.0,0.0,0.0,0.0,0.0,0.0,0.0,0.0,0.0,0.0,0.0,0.0,0.0,0.0,0.0,0.0,64.8,0,117,56,50,65476,0,300,0,0,8,20529,65476,0,0,57672,80.0,0.0,0.0,0.0,0.0,0.0
2026-06-17T04:05:06,ERR,ERR,ERR,ERR,ERR,ERR,ERR,ERR,ERR,ERR,ERR,ERR,ERR,ERR,ERR,ERR,ERR,ERR,ERR,ERR,ERR,ERR,ERR,ERR,ERR,ERR,ERR,ERR,ERR,ERR,ERR,ERR,ERR,ERR,ERR,ERR,ERR,ERR,ERR,ERR,ERR,ERR,ERR,ERR,ERR,ERR,ERR,ERR,ERR,ERR,ERR,ERR,ERR,ERR,ERR,ERR,ERR,ERR,ERR,ERR,ERR,ERR,ERR,ERR,ERR,ERR,ERR,ERR,ERR,ERR,ERR,ERR,ERR,ERR,ERR,ERR,ERR,ERR,ERR,ERR,ERR,ERR,ERR,ERR,ERR,ERR,ERR,ERR,ERR,ERR,ERR,ERR,ERR,ERR,ERR,ERR,ERR,ERR,ERR,ERR,ERR,ERR,ERR,ERR,ERR,ERR,ERR,ERR,ERR,ERR,ERR,ERR,ERR,ERR,ERR,ERR,ERR,ERR,ERR,ERR,ERR,ERR,ERR,ERR,ERR,0.0,0.0,2.6474777903227054e+23,0.0,0.0,1.3936040501711995e+18,7.805,0.0,0,0,4,0,7300,-0.0,0,0.0,0.0,0.0,0.0,0.0,0,0,0,0,0.0,0,0,0,0,0,0,0,0,0,0,0,0,0,0,0,0,0,0,0,0,0,0,0,0,0,0,0,0,0,0,0,0,0,32,30,30,62,65476,0,300,0,0,8,21553,0.0,-107605600.0,0.0,0.0,0.0,0.0,0.0,0.0,0.0,0.0,0.0,0.0,0.0,0.0,0.0,0.0,0.0,0.0,0.0,0.0,0.0,0.0,2.004,-0.0,-0.0,-0.0,0.0,0.0,0.0,0.0,5467.0,-1.040667113973027e+34,6975.0,0.0,0.0,-107615280.0,0.0,0.0,0.0,0.0,0.0,63,-89221.078,-152017582424064.0,0.0,0.0,0.0,0.0,0.0,0.0,0.0,0,0,0,0.0,0.0,0.0,0.0,0.0,0.0,0.0,0.0,0.0,0.0,0.0,0.0,0.0,0.0,0.0,0.0,0,-107875648.0,63,0.0,126,2.7184242562605685e+23,-0.0,ERR,ERR,ERR,ERR,ERR,ERR,ERR,ERR,ERR,ERR,ERR,ERR,ERR,ERR,ERR,ERR,ERR,ERR,ERR,ERR,ERR,ERR,ERR,ERR,ERR,ERR,ERR,ERR,ERR,ERR,ERR,ERR,ERR,ERR,ERR,ERR,ERR,ERR,ERR,ERR,ERR,ERR,ERR,ERR,ERR,ERR,ERR,ERR,ERR,ERR,ERR,ERR,ERR,ERR,ERR,ERR,ERR,ERR,ERR,ERR,ERR,ERR,ERR,ERR,ERR,ERR,ERR,34.0,80.0,35,0.0,0.0,0.0,0.0,0.0,0.0,0.0,0.0,0.0,0.0,0.0,0.0,0.0,0.0,0.0,0.0,64.8,0,117,56,50,65476,0,300,0,0,8,20529,65476,0,0,57672,80.0,0.0,0.0,0.0,0.0,0.0
2026-06-17T04:05:07,ERR,ERR,ERR,ERR,ERR,ERR,ERR,ERR,ERR,ERR,ERR,ERR,ERR,ERR,ERR,ERR,ERR,ERR,ERR,ERR,ERR,ERR,ERR,ERR,ERR,ERR,ERR,ERR,ERR,ERR,ERR,ERR,ERR,ERR,ERR,ERR,ERR,ERR,ERR,ERR,ERR,ERR,ERR,ERR,ERR,ERR,ERR,ERR,ERR,ERR,ERR,ERR,ERR,ERR,ERR,ERR,ERR,ERR,ERR,ERR,ERR,ERR,ERR,ERR,ERR,ERR,ERR,ERR,ERR,ERR,ERR,ERR,ERR,ERR,ERR,ERR,ERR,ERR,ERR,ERR,ERR,ERR,ERR,ERR,ERR,ERR,ERR,ERR,ERR,ERR,ERR,ERR,ERR,ERR,ERR,ERR,ERR,ERR,ERR,ERR,ERR,ERR,ERR,ERR,ERR,ERR,ERR,ERR,ERR,ERR,ERR,ERR,ERR,ERR,ERR,ERR,ERR,ERR,ERR,ERR,ERR,ERR,ERR,ERR,ERR,0.0,0.0,2.6474777903227054e+23,0.0,0.0,1.3936040501711995e+18,7.805,0.0,0,0,4,0,7300,-0.0,0,0.0,0.0,0.0,0.0,0.0,0,0,0,0,0.0,0,0,0,0,0,0,0,0,0,0,0,0,0,0,0,0,0,0,0,0,0,0,0,0,0,0,0,0,0,0,0,0,0,32,30,30,62,65476,0,300,0,0,8,21553,0.0,-107605600.0,0.0,0.0,0.0,0.0,0.0,0.0,0.0,0.0,0.0,0.0,0.0,0.0,0.0,0.0,0.0,0.0,0.0,0.0,0.0,0.0,2.004,-0.0,-0.0,-0.0,0.0,0.0,0.0,0.0,5467.0,-1.040667113973027e+34,6975.0,0.0,0.0,-107615280.0,0.0,0.0,0.0,0.0,0.0,63,-89221.078,-152017582424064.0,0.0,0.0,0.0,0.0,0.0,0.0,0.0,0,0,0,0.0,0.0,0.0,0.0,0.0,0.0,0.0,0.0,0.0,0.0,0.0,0.0,0.0,0.0,0.0,0.0,0,-107875648.0,63,0.0,126,2.7184242562605685e+23,-0.0,ERR,ERR,ERR,ERR,ERR,ERR,ERR,ERR,ERR,ERR,ERR,ERR,ERR,ERR,ERR,ERR,ERR,ERR,ERR,ERR,ERR,ERR,ERR,ERR,ERR,ERR,ERR,ERR,ERR,ERR,ERR,ERR,ERR,ERR,ERR,ERR,ERR,ERR,ERR,ERR,ERR,ERR,ERR,ERR,ERR,ERR,ERR,ERR,ERR,ERR,ERR,ERR,ERR,ERR,ERR,ERR,ERR,ERR,ERR,ERR,ERR,ERR,ERR,ERR,ERR,ERR,ERR,34.0,80.0,35,0.0,0.0,0.0,0.0,0.0,0.0,0.0,0.0,0.0,0.0,0.0,0.0,0.0,0.0,0.0,0.0,64.8,0,117,56,50,65476,0,300,0,0,8,20529,65476,0,0,57672,80.0,0.0,0.0,0.0,0.0,0.0
2026-06-17T04:05:08,ERR,ERR,ERR,ERR,ERR,ERR,ERR,ERR,ERR,ERR,ERR,ERR,ERR,ERR,ERR,ERR,ERR,ERR,ERR,ERR,ERR,ERR,ERR,ERR,ERR,ERR,ERR,ERR,ERR,ERR,ERR,ERR,ERR,ERR,ERR,ERR,ERR,ERR,ERR,ERR,ERR,ERR,ERR,ERR,ERR,ERR,ERR,ERR,ERR,ERR,ERR,ERR,ERR,ERR,ERR,ERR,ERR,ERR,ERR,ERR,ERR,ERR,ERR,ERR,ERR,ERR,ERR,ERR,ERR,ERR,ERR,ERR,ERR,ERR,ERR,ERR,ERR,ERR,ERR,ERR,ERR,ERR,ERR,ERR,ERR,ERR,ERR,ERR,ERR,ERR,ERR,ERR,ERR,ERR,ERR,ERR,ERR,ERR,ERR,ERR,ERR,ERR,ERR,ERR,ERR,ERR,ERR,ERR,ERR,ERR,ERR,ERR,ERR,ERR,ERR,ERR,ERR,ERR,ERR,ERR,ERR,ERR,ERR,ERR,ERR,0.0,0.0,2.6474777903227054e+23,0.0,0.0,1.3936040501711995e+18,7.805,0.0,0,0,4,0,7300,-0.0,0,0.0,0.0,0.0,0.0,0.0,0,0,0,0,0.0,0,0,0,0,0,0,0,0,0,0,0,0,0,0,0,0,0,0,0,0,0,0,0,0,0,0,0,0,0,0,0,0,0,32,30,30,62,65476,0,300,0,0,8,21553,0.0,-107605600.0,0.0,0.0,0.0,0.0,0.0,0.0,0.0,0.0,0.0,0.0,0.0,0.0,0.0,0.0,0.0,0.0,0.0,0.0,0.0,0.0,2.004,-0.0,-0.0,2.004,0.0,0.0,0.0,0.0,5467.0,-1.5879319976395066e+29,6974.0,0.0,0.0,-107615280.0,0.0,0.0,0.0,0.0,0.0,63,-89221.078,-107614928.0,0.0,0.0,0.0,0.0,0.0,0.0,0.0,0,0,0,0.0,0.0,0.0,0.0,0.0,0.0,0.0,0.0,0.0,0.0,0.0,0.0,0.0,0.0,0.0,0.0,0,-107875648.0,63,0.0,126,2.7184242562605685e+23,-109447136.0,ERR,ERR,ERR,ERR,ERR,ERR,ERR,ERR,ERR,ERR,ERR,ERR,ERR,ERR,ERR,ERR,ERR,ERR,ERR,ERR,ERR,ERR,ERR,ERR,ERR,ERR,ERR,ERR,ERR,ERR,ERR,ERR,ERR,ERR,ERR,ERR,ERR,ERR,ERR,ERR,ERR,ERR,ERR,ERR,ERR,ERR,ERR,ERR,ERR,ERR,ERR,ERR,ERR,ERR,ERR,ERR,ERR,ERR,ERR,ERR,ERR,ERR,ERR,ERR,ERR,ERR,ERR,34.0,80.0,35,0.0,0.0,0.0,0.0,0.0,0.0,0.0,0.0,0.0,0.0,0.0,0.0,0.0,0.0,0.0,0.0,64.4,0,117,56,50,65476,0,300,0,0,8,20529,65476,0,0,57672,80.0,0.0,0.0,0.0,0.0,0.0
2026-06-17T04:05:09,ERR,ERR,ERR,ERR,ERR,ERR,ERR,ERR,ERR,ERR,ERR,ERR,ERR,ERR,ERR,ERR,ERR,ERR,ERR,ERR,ERR,ERR,ERR,ERR,ERR,ERR,ERR,ERR,ERR,ERR,ERR,ERR,ERR,ERR,ERR,ERR,ERR,ERR,ERR,ERR,ERR,ERR,ERR,ERR,ERR,ERR,ERR,ERR,ERR,ERR,ERR,ERR,ERR,ERR,ERR,ERR,ERR,ERR,ERR,ERR,ERR,ERR,ERR,ERR,ERR,ERR,ERR,ERR,ERR,ERR,ERR,ERR,ERR,ERR,ERR,ERR,ERR,ERR,ERR,ERR,ERR,ERR,ERR,ERR,ERR,ERR,ERR,ERR,ERR,ERR,ERR,ERR,ERR,ERR,ERR,ERR,ERR,ERR,ERR,ERR,ERR,ERR,ERR,ERR,ERR,ERR,ERR,ERR,ERR,ERR,ERR,ERR,ERR,ERR,ERR,ERR,ERR,ERR,ERR,ERR,ERR,ERR,ERR,ERR,ERR,0.0,0.0,2.6474777903227054e+23,0.0,0.0,1.3936040501711995e+18,7.805,0.0,0,0,4,0,7300,-0.0,0,0.0,0.0,0.0,0.0,0.0,0,0,0,0,0.0,0,0,0,0,0,0,0,0,0,0,0,0,0,0,0,0,0,0,0,0,0,0,0,0,0,0,0,0,0,0,0,0,0,32,30,30,62,65476,0,300,0,0,8,21553,0.0,-107605600.0,0.0,0.0,0.0,0.0,0.0,0.0,0.0,0.0,0.0,0.0,0.0,0.0,0.0,0.0,0.0,0.0,0.0,0.0,0.0,0.0,2.004,-0.0,-0.0,2.004,0.0,0.0,0.0,0.0,5467.0,-1.5879319976395066e+29,6974.0,0.0,0.0,-107615280.0,0.0,0.0,0.0,0.0,0.0,63,-89221.078,-107614928.0,0.0,0.0,0.0,0.0,0.0,0.0,0.0,0,0,0,0.0,0.0,0.0,0.0,0.0,0.0,0.0,0.0,0.0,0.0,0.0,0.0,0.0,0.0,0.0,0.0,0,-107875648.0,63,0.0,126,2.7184242562605685e+23,-109447136.0,ERR,ERR,ERR,ERR,ERR,ERR,ERR,ERR,ERR,ERR,ERR,ERR,ERR,ERR,ERR,ERR,ERR,ERR,ERR,ERR,ERR,ERR,ERR,ERR,ERR,ERR,ERR,ERR,ERR,ERR,ERR,ERR,ERR,ERR,ERR,ERR,ERR,ERR,ERR,ERR,ERR,ERR,ERR,ERR,ERR,ERR,ERR,ERR,ERR,ERR,ERR,ERR,ERR,ERR,ERR,ERR,ERR,ERR,ERR,ERR,ERR,ERR,ERR,ERR,ERR,ERR,ERR,34.0,80.0,35,0.0,0.0,0.0,0.0,0.0,0.0,0.0,0.0,0.0,0.0,0.0,0.0,0.0,0.0,0.0,0.0,64.4,0,117,56,50,65476,0,300,0,0,8,20529,65476,0,0,57672,80.0,0.0,0.0,0.0,0.0,0.0
2026-06-17T04:05:10,ERR,ERR,ERR,ERR,ERR,ERR,ERR,ERR,ERR,ERR,ERR,ERR,ERR,ERR,ERR,ERR,ERR,ERR,ERR,ERR,ERR,ERR,ERR,ERR,ERR,ERR,ERR,ERR,ERR,ERR,ERR,ERR,ERR,ERR,ERR,ERR,ERR,ERR,ERR,ERR,ERR,ERR,ERR,ERR,ERR,ERR,ERR,ERR,ERR,ERR,ERR,ERR,ERR,ERR,ERR,ERR,ERR,ERR,ERR,ERR,ERR,ERR,ERR,ERR,ERR,ERR,ERR,ERR,ERR,ERR,ERR,ERR,ERR,ERR,ERR,ERR,ERR,ERR,ERR,ERR,ERR,ERR,ERR,ERR,ERR,ERR,ERR,ERR,ERR,ERR,ERR,ERR,ERR,ERR,ERR,ERR,ERR,ERR,ERR,ERR,ERR,ERR,ERR,ERR,ERR,ERR,ERR,ERR,ERR,ERR,ERR,ERR,ERR,ERR,ERR,ERR,ERR,ERR,ERR,ERR,ERR,ERR,ERR,ERR,ERR,0.0,0.0,2.6474777903227054e+23,0.0,0.0,1.3936040501711995e+18,7.805,0.0,0,0,4,0,7300,-0.0,0,0.0,0.0,0.0,0.0,0.0,0,0,0,0,0.0,0,0,0,0,0,0,0,0,0,0,0,0,0,0,0,0,0,0,0,0,0,0,0,0,0,0,0,0,0,0,0,0,0,32,30,30,62,65476,0,300,0,0,8,21553,0.0,-107605600.0,0.0,0.0,0.0,0.0,0.0,0.0,0.0,0.0,0.0,0.0,0.0,0.0,0.0,0.0,0.0,0.0,0.0,0.0,0.0,0.0,2.004,-0.0,-0.0,2.004,0.0,0.0,0.0,0.0,5467.0,-1.5879319976395066e+29,6974.0,0.0,0.0,-107615280.0,0.0,0.0,0.0,0.0,0.0,63,-89221.078,-107614928.0,0.0,0.0,0.0,0.0,0.0,0.0,0.0,0,0,0,0.0,0.0,0.0,0.0,0.0,0.0,0.0,0.0,0.0,0.0,0.0,0.0,0.0,0.0,0.0,0.0,0,-107875648.0,63,0.0,126,2.7184242562605685e+23,-109447136.0,ERR,ERR,ERR,ERR,ERR,ERR,ERR,ERR,ERR,ERR,ERR,ERR,ERR,ERR,ERR,ERR,ERR,ERR,ERR,ERR,ERR,ERR,ERR,ERR,ERR,ERR,ERR,ERR,ERR,ERR,ERR,ERR,ERR,ERR,ERR,ERR,ERR,ERR,ERR,ERR,ERR,ERR,ERR,ERR,ERR,ERR,ERR,ERR,ERR,ERR,ERR,ERR,ERR,ERR,ERR,ERR,ERR,ERR,ERR,ERR,ERR,ERR,ERR,ERR,ERR,ERR,ERR,34.0,80.0,35,0.0,0.0,0.0,0.0,0.0,0.0,0.0,0.0,0.0,0.0,0.0,0.0,0.0,0.0,0.0,0.0,64.4,0,117,56,50,65476,0,300,0,0,8,20529,65476,0,0,57672,80.0,0.0,0.0,0.0,0.0,0.0
2026-06-17T04:05:11,ERR,ERR,ERR,ERR,ERR,ERR,ERR,ERR,ERR,ERR,ERR,ERR,ERR,ERR,ERR,ERR,ERR,ERR,ERR,ERR,ERR,ERR,ERR,ERR,ERR,ERR,ERR,ERR,ERR,ERR,ERR,ERR,ERR,ERR,ERR,ERR,ERR,ERR,ERR,ERR,ERR,ERR,ERR,ERR,ERR,ERR,ERR,ERR,ERR,ERR,ERR,ERR,ERR,ERR,ERR,ERR,ERR,ERR,ERR,ERR,ERR,ERR,ERR,ERR,ERR,ERR,ERR,ERR,ERR,ERR,ERR,ERR,ERR,ERR,ERR,ERR,ERR,ERR,ERR,ERR,ERR,ERR,ERR,ERR,ERR,ERR,ERR,ERR,ERR,ERR,ERR,ERR,ERR,ERR,ERR,ERR,ERR,ERR,ERR,ERR,ERR,ERR,ERR,ERR,ERR,ERR,ERR,ERR,ERR,ERR,ERR,ERR,ERR,ERR,ERR,ERR,ERR,ERR,ERR,ERR,ERR,ERR,ERR,ERR,ERR,0.0,0.0,2.6474777903227054e+23,0.0,0.0,1.3936040501711995e+18,7.805,0.0,0,0,4,0,7300,-0.0,0,0.0,0.0,0.0,0.0,0.0,0,0,0,0,0.0,0,0,0,0,0,0,0,0,0,0,0,0,0,0,0,0,0,0,0,0,0,0,0,0,0,0,0,0,0,0,0,0,0,32,30,30,62,65476,0,300,0,0,8,21553,0.0,-107605600.0,0.0,0.0,0.0,0.0,0.0,0.0,0.0,0.0,0.0,0.0,0.0,0.0,0.0,0.0,0.0,0.0,0.0,0.0,0.0,0.0,2.004,-0.0,-0.0,2.004,0.0,0.0,0.0,0.0,5467.0,-1.5879319976395066e+29,6974.0,0.0,0.0,-107615280.0,0.0,0.0,0.0,0.0,0.0,63,-89221.078,-107614928.0,0.0,0.0,0.0,0.0,0.0,0.0,0.0,0,0,0,0.0,0.0,0.0,0.0,0.0,0.0,0.0,0.0,0.0,0.0,0.0,0.0,0.0,0.0,0.0,0.0,0,-107875648.0,63,0.0,126,2.7184242562605685e+23,-109447136.0,ERR,ERR,ERR,ERR,ERR,ERR,ERR,ERR,ERR,ERR,ERR,ERR,ERR,ERR,ERR,ERR,ERR,ERR,ERR,ERR,ERR,ERR,ERR,ERR,ERR,ERR,ERR,ERR,ERR,ERR,ERR,ERR,ERR,ERR,ERR,ERR,ERR,ERR,ERR,ERR,ERR,ERR,ERR,ERR,ERR,ERR,ERR,ERR,ERR,ERR,ERR,ERR,ERR,ERR,ERR,ERR,ERR,ERR,ERR,ERR,ERR,ERR,ERR,ERR,ERR,ERR,ERR,34.0,80.0,35,0.0,0.0,0.0,0.0,0.0,0.0,0.0,0.0,0.0,0.0,0.0,0.0,0.0,0.0,0.0,0.0,64.4,0,117,56,50,65476,0,300,0,0,8,20529,65476,0,0,57672,80.0,0.0,0.0,0.0,0.0,0.0
2026-06-17T04:05:12,ERR,ERR,ERR,ERR,ERR,ERR,ERR,ERR,ERR,ERR,ERR,ERR,ERR,ERR,ERR,ERR,ERR,ERR,ERR,ERR,ERR,ERR,ERR,ERR,ERR,ERR,ERR,ERR,ERR,ERR,ERR,ERR,ERR,ERR,ERR,ERR,ERR,ERR,ERR,ERR,ERR,ERR,ERR,ERR,ERR,ERR,ERR,ERR,ERR,ERR,ERR,ERR,ERR,ERR,ERR,ERR,ERR,ERR,ERR,ERR,ERR,ERR,ERR,ERR,ERR,ERR,ERR,ERR,ERR,ERR,ERR,ERR,ERR,ERR,ERR,ERR,ERR,ERR,ERR,ERR,ERR,ERR,ERR,ERR,ERR,ERR,ERR,ERR,ERR,ERR,ERR,ERR,ERR,ERR,ERR,ERR,ERR,ERR,ERR,ERR,ERR,ERR,ERR,ERR,ERR,ERR,ERR,ERR,ERR,ERR,ERR,ERR,ERR,ERR,ERR,ERR,ERR,ERR,ERR,ERR,ERR,ERR,ERR,ERR,ERR,0.0,0.0,2.6474777903227054e+23,0.0,0.0,1.3936040501711995e+18,7.805,0.0,0,0,4,0,7300,-0.0,0,0.0,0.0,0.0,0.0,0.0,0,0,0,0,0.0,0,0,0,0,0,0,0,0,0,0,0,0,0,0,0,0,0,0,0,0,0,0,0,0,0,0,0,0,0,0,0,0,0,32,30,30,62,65476,0,300,0,0,8,21553,0.0,-107605600.0,0.0,0.0,0.0,0.0,0.0,0.0,0.0,0.0,0.0,0.0,0.0,0.0,0.0,0.0,0.0,0.0,0.0,0.0,0.0,0.0,2.004,-0.0,-0.0,2.004,0.0,0.0,0.0,0.0,5467.0,-1.5879319976395066e+29,6974.0,0.0,0.0,-107615280.0,0.0,0.0,0.0,0.0,0.0,63,-89221.078,-107614928.0,0.0,0.0,0.0,0.0,0.0,0.0,0.0,0,0,0,0.0,0.0,0.0,0.0,0.0,0.0,0.0,0.0,0.0,0.0,0.0,0.0,0.0,0.0,0.0,0.0,0,-107875648.0,63,0.0,126,2.7184242562605685e+23,-109447136.0,ERR,ERR,ERR,ERR,ERR,ERR,ERR,ERR,ERR,ERR,ERR,ERR,ERR,ERR,ERR,ERR,ERR,ERR,ERR,ERR,ERR,ERR,ERR,ERR,ERR,ERR,ERR,ERR,ERR,ERR,ERR,ERR,ERR,ERR,ERR,ERR,ERR,ERR,ERR,ERR,ERR,ERR,ERR,ERR,ERR,ERR,ERR,ERR,ERR,ERR,ERR,ERR,ERR,ERR,ERR,ERR,ERR,ERR,ERR,ERR,ERR,ERR,ERR,ERR,ERR,ERR,ERR,34.0,80.0,35,0.0,0.0,0.0,0.0,0.0,0.0,0.0,0.0,0.0,0.0,0.0,0.0,0.0,0.0,0.0,0.0,64.4,0,117,56,50,65476,0,300,0,0,8,20529,65476,0,0,57672,80.0,0.0,0.0,0.0,0.0,0.0
2026-06-17T04:05:13,ERR,ERR,ERR,ERR,ERR,ERR,ERR,ERR,ERR,ERR,ERR,ERR,ERR,ERR,ERR,ERR,ERR,ERR,ERR,ERR,ERR,ERR,ERR,ERR,ERR,ERR,ERR,ERR,ERR,ERR,ERR,ERR,ERR,ERR,ERR,ERR,ERR,ERR,ERR,ERR,ERR,ERR,ERR,ERR,ERR,ERR,ERR,ERR,ERR,ERR,ERR,ERR,ERR,ERR,ERR,ERR,ERR,ERR,ERR,ERR,ERR,ERR,ERR,ERR,ERR,ERR,ERR,ERR,ERR,ERR,ERR,ERR,ERR,ERR,ERR,ERR,ERR,ERR,ERR,ERR,ERR,ERR,ERR,ERR,ERR,ERR,ERR,ERR,ERR,ERR,ERR,ERR,ERR,ERR,ERR,ERR,ERR,ERR,ERR,ERR,ERR,ERR,ERR,ERR,ERR,ERR,ERR,ERR,ERR,ERR,ERR,ERR,ERR,ERR,ERR,ERR,ERR,ERR,ERR,ERR,ERR,ERR,ERR,ERR,ERR,0.0,0.0,2.6474777903227054e+23,0.0,0.0,1.3936040501711995e+18,7.805,0.0,0,0,4,0,7300,-0.0,0,0.0,0.0,0.0,0.0,0.0,0,0,0,0,0.0,0,0,0,0,0,0,0,0,0,0,0,0,0,0,0,0,0,0,0,0,0,0,0,0,0,0,0,0,0,0,0,0,0,32,30,30,62,65476,0,300,0,0,8,21553,0.0,-107605600.0,0.0,0.0,0.0,0.0,0.0,0.0,0.0,0.0,0.0,0.0,0.0,0.0,0.0,0.0,0.0,0.0,0.0,0.0,0.0,0.0,2.004,-0.0,-0.0,2.004,0.0,0.0,0.0,0.0,5467.0,-1.5879319976395066e+29,6974.0,0.0,0.0,-107615280.0,0.0,0.0,0.0,0.0,0.0,63,-89221.078,-107614928.0,0.0,0.0,0.0,0.0,0.0,0.0,0.0,0,0,0,0.0,0.0,0.0,0.0,0.0,0.0,0.0,0.0,0.0,0.0,0.0,0.0,0.0,0.0,0.0,0.0,0,-107875648.0,63,0.0,126,2.7184242562605685e+23,-109447136.0,ERR,ERR,ERR,ERR,ERR,ERR,ERR,ERR,ERR,ERR,ERR,ERR,ERR,ERR,ERR,ERR,ERR,ERR,ERR,ERR,ERR,ERR,ERR,ERR,ERR,ERR,ERR,ERR,ERR,ERR,ERR,ERR,ERR,ERR,ERR,ERR,ERR,ERR,ERR,ERR,ERR,ERR,ERR,ERR,ERR,ERR,ERR,ERR,ERR,ERR,ERR,ERR,ERR,ERR,ERR,ERR,ERR,ERR,ERR,ERR,ERR,ERR,ERR,ERR,ERR,ERR,ERR,34.0,80.0,35,0.0,0.0,0.0,0.0,0.0,0.0,0.0,0.0,0.0,0.0,0.0,0.0,0.0,0.0,0.0,0.0,64.4,0,117,56,50,65476,0,300,0,0,8,20529,65476,0,0,57672,80.0,0.0,0.0,0.0,0.0,0.0
2026-06-17T04:05:14,ERR,ERR,ERR,ERR,ERR,ERR,ERR,ERR,ERR,ERR,ERR,ERR,ERR,ERR,ERR,ERR,ERR,ERR,ERR,ERR,ERR,ERR,ERR,ERR,ERR,ERR,ERR,ERR,ERR,ERR,ERR,ERR,ERR,ERR,ERR,ERR,ERR,ERR,ERR,ERR,ERR,ERR,ERR,ERR,ERR,ERR,ERR,ERR,ERR,ERR,ERR,ERR,ERR,ERR,ERR,ERR,ERR,ERR,ERR,ERR,ERR,ERR,ERR,ERR,ERR,ERR,ERR,ERR,ERR,ERR,ERR,ERR,ERR,ERR,ERR,ERR,ERR,ERR,ERR,ERR,ERR,ERR,ERR,ERR,ERR,ERR,ERR,ERR,ERR,ERR,ERR,ERR,ERR,ERR,ERR,ERR,ERR,ERR,ERR,ERR,ERR,ERR,ERR,ERR,ERR,ERR,ERR,ERR,ERR,ERR,ERR,ERR,ERR,ERR,ERR,ERR,ERR,ERR,ERR,ERR,ERR,ERR,ERR,ERR,ERR,0.0,0.0,2.6474777903227054e+23,0.0,0.0,1.3936040501711995e+18,7.805,0.0,0,0,4,0,7300,-0.0,0,0.0,0.0,0.0,0.0,0.0,0,0,0,0,0.0,0,0,0,0,0,0,0,0,0,0,0,0,0,0,0,0,0,0,0,0,0,0,0,0,0,0,0,0,0,0,0,0,0,32,30,30,62,65476,0,300,0,0,8,21553,0.0,-107605600.0,0.0,0.0,0.0,0.0,0.0,0.0,0.0,0.0,0.0,0.0,0.0,0.0,0.0,0.0,0.0,0.0,0.0,0.0,0.0,0.0,2.004,-0.0,-0.0,2.004,0.0,0.0,0.0,0.0,5466.0,-3.697192290889813e+19,6972.0,0.0,0.0,-107615280.0,0.0,0.0,0.0,0.0,0.0,63,-71.63,-0.0,0.0,0.0,0.0,0.0,0.0,0.0,0.0,0,0,0,0.0,0.0,0.0,0.0,0.0,0.0,0.0,0.0,0.0,0.0,0.0,0.0,0.0,0.0,0.0,0.0,0,-107875648.0,63,0.0,126,2.7184242562605685e+23,-0.0,ERR,ERR,ERR,ERR,ERR,ERR,ERR,ERR,ERR,ERR,ERR,ERR,ERR,ERR,ERR,ERR,ERR,ERR,ERR,ERR,ERR,ERR,ERR,ERR,ERR,ERR,ERR,ERR,ERR,ERR,ERR,ERR,ERR,ERR,ERR,ERR,ERR,ERR,ERR,ERR,ERR,ERR,ERR,ERR,ERR,ERR,ERR,ERR,ERR,ERR,ERR,ERR,ERR,ERR,ERR,ERR,ERR,ERR,ERR,ERR,ERR,ERR,ERR,ERR,ERR,ERR,ERR,34.0,80.0,35,0.0,0.0,0.0,0.0,0.0,0.0,0.0,0.0,0.0,0.0,0.0,0.0,0.0,0.0,0.0,0.0,64.8,0,117,56,50,65476,0,300,0,0,8,20529,65476,0,0,57672,80.0,0.0,0.0,0.0,0.0,0.0
2026-06-17T04:05:15,ERR,ERR,ERR,ERR,ERR,ERR,ERR,ERR,ERR,ERR,ERR,ERR,ERR,ERR,ERR,ERR,ERR,ERR,ERR,ERR,ERR,ERR,ERR,ERR,ERR,ERR,ERR,ERR,ERR,ERR,ERR,ERR,ERR,ERR,ERR,ERR,ERR,ERR,ERR,ERR,ERR,ERR,ERR,ERR,ERR,ERR,ERR,ERR,ERR,ERR,ERR,ERR,ERR,ERR,ERR,ERR,ERR,ERR,ERR,ERR,ERR,ERR,ERR,ERR,ERR,ERR,ERR,ERR,ERR,ERR,ERR,ERR,ERR,ERR,ERR,ERR,ERR,ERR,ERR,ERR,ERR,ERR,ERR,ERR,ERR,ERR,ERR,ERR,ERR,ERR,ERR,ERR,ERR,ERR,ERR,ERR,ERR,ERR,ERR,ERR,ERR,ERR,ERR,ERR,ERR,ERR,ERR,ERR,ERR,ERR,ERR,ERR,ERR,ERR,ERR,ERR,ERR,ERR,ERR,ERR,ERR,ERR,ERR,ERR,ERR,0.0,0.0,2.6474777903227054e+23,0.0,0.0,1.3936040501711995e+18,7.805,0.0,0,0,4,0,7300,-0.0,0,0.0,0.0,0.0,0.0,0.0,0,0,0,0,0.0,0,0,0,0,0,0,0,0,0,0,0,0,0,0,0,0,0,0,0,0,0,0,0,0,0,0,0,0,0,0,0,0,0,32,30,30,62,65476,0,300,0,0,8,21553,0.0,-107605600.0,0.0,0.0,0.0,0.0,0.0,0.0,0.0,0.0,0.0,0.0,0.0,0.0,0.0,0.0,0.0,0.0,0.0,0.0,0.0,0.0,2.004,-0.0,-0.0,2.004,0.0,0.0,0.0,0.0,5466.0,-3.697192290889813e+19,6972.0,0.0,0.0,-107615280.0,0.0,0.0,0.0,0.0,0.0,63,-71.63,-0.0,0.0,0.0,0.0,0.0,0.0,0.0,0.0,0,0,0,0.0,0.0,0.0,0.0,0.0,0.0,0.0,0.0,0.0,0.0,0.0,0.0,0.0,0.0,0.0,0.0,0,-107875648.0,63,0.0,126,2.7184242562605685e+23,-0.0,ERR,ERR,ERR,ERR,ERR,ERR,ERR,ERR,ERR,ERR,ERR,ERR,ERR,ERR,ERR,ERR,ERR,ERR,ERR,ERR,ERR,ERR,ERR,ERR,ERR,ERR,ERR,ERR,ERR,ERR,ERR,ERR,ERR,ERR,ERR,ERR,ERR,ERR,ERR,ERR,ERR,ERR,ERR,ERR,ERR,ERR,ERR,ERR,ERR,ERR,ERR,ERR,ERR,ERR,ERR,ERR,ERR,ERR,ERR,ERR,ERR,ERR,ERR,ERR,ERR,ERR,ERR,34.0,80.0,35,0.0,0.0,0.0,0.0,0.0,0.0,0.0,0.0,0.0,0.0,0.0,0.0,0.0,0.0,0.0,0.0,64.8,0,117,56,50,65476,0,300,0,0,8,20529,65476,0,0,57672,80.0,0.0,0.0,0.0,0.0,0.0
2026-06-17T04:05:16,ERR,ERR,ERR,ERR,ERR,ERR,ERR,ERR,ERR,ERR,ERR,ERR,ERR,ERR,ERR,ERR,ERR,ERR,ERR,ERR,ERR,ERR,ERR,ERR,ERR,ERR,ERR,ERR,ERR,ERR,ERR,ERR,ERR,ERR,ERR,ERR,ERR,ERR,ERR,ERR,ERR,ERR,ERR,ERR,ERR,ERR,ERR,ERR,ERR,ERR,ERR,ERR,ERR,ERR,ERR,ERR,ERR,ERR,ERR,ERR,ERR,ERR,ERR,ERR,ERR,ERR,ERR,ERR,ERR,ERR,ERR,ERR,ERR,ERR,ERR,ERR,ERR,ERR,ERR,ERR,ERR,ERR,ERR,ERR,ERR,ERR,ERR,ERR,ERR,ERR,ERR,ERR,ERR,ERR,ERR,ERR,ERR,ERR,ERR,ERR,ERR,ERR,ERR,ERR,ERR,ERR,ERR,ERR,ERR,ERR,ERR,ERR,ERR,ERR,ERR,ERR,ERR,ERR,ERR,ERR,ERR,ERR,ERR,ERR,ERR,0.0,0.0,2.6474777903227054e+23,0.0,0.0,1.3936040501711995e+18,7.805,0.0,0,0,4,0,7300,-0.0,0,0.0,0.0,0.0,0.0,0.0,0,0,0,0,0.0,0,0,0,0,0,0,0,0,0,0,0,0,0,0,0,0,0,0,0,0,0,0,0,0,0,0,0,0,0,0,0,0,0,32,30,30,62,65476,0,300,0,0,8,21553,0.0,-107605600.0,0.0,0.0,0.0,0.0,0.0,0.0,0.0,0.0,0.0,0.0,0.0,0.0,0.0,0.0,0.0,0.0,0.0,0.0,0.0,0.0,2.004,-0.0,-0.0,2.004,0.0,0.0,0.0,0.0,5466.0,-3.697192290889813e+19,6972.0,0.0,0.0,-107615280.0,0.0,0.0,0.0,0.0,0.0,63,-71.63,-0.0,0.0,0.0,0.0,0.0,0.0,0.0,0.0,0,0,0,0.0,0.0,0.0,0.0,0.0,0.0,0.0,0.0,0.0,0.0,0.0,0.0,0.0,0.0,0.0,0.0,0,-107875648.0,63,0.0,126,2.7184242562605685e+23,-0.0,ERR,ERR,ERR,ERR,ERR,ERR,ERR,ERR,ERR,ERR,ERR,ERR,ERR,ERR,ERR,ERR,ERR,ERR,ERR,ERR,ERR,ERR,ERR,ERR,ERR,ERR,ERR,ERR,ERR,ERR,ERR,ERR,ERR,ERR,ERR,ERR,ERR,ERR,ERR,ERR,ERR,ERR,ERR,ERR,ERR,ERR,ERR,ERR,ERR,ERR,ERR,ERR,ERR,ERR,ERR,ERR,ERR,ERR,ERR,ERR,ERR,ERR,ERR,ERR,ERR,ERR,ERR,34.0,80.0,35,0.0,0.0,0.0,0.0,0.0,0.0,0.0,0.0,0.0,0.0,0.0,0.0,0.0,0.0,0.0,0.0,64.4,0,117,56,50,65476,0,300,0,0,8,20529,65476,0,0,57672,80.0,0.0,0.0,0.0,0.0,0.0
2026-06-17T04:05:17,ERR,ERR,ERR,ERR,ERR,ERR,ERR,ERR,ERR,ERR,ERR,ERR,ERR,ERR,ERR,ERR,ERR,ERR,ERR,ERR,ERR,ERR,ERR,ERR,ERR,ERR,ERR,ERR,ERR,ERR,ERR,ERR,ERR,ERR,ERR,ERR,ERR,ERR,ERR,ERR,ERR,ERR,ERR,ERR,ERR,ERR,ERR,ERR,ERR,ERR,ERR,ERR,ERR,ERR,ERR,ERR,ERR,ERR,ERR,ERR,ERR,ERR,ERR,ERR,ERR,ERR,ERR,ERR,ERR,ERR,ERR,ERR,ERR,ERR,ERR,ERR,ERR,ERR,ERR,ERR,ERR,ERR,ERR,ERR,ERR,ERR,ERR,ERR,ERR,ERR,ERR,ERR,ERR,ERR,ERR,ERR,ERR,ERR,ERR,ERR,ERR,ERR,ERR,ERR,ERR,ERR,ERR,ERR,ERR,ERR,ERR,ERR,ERR,ERR,ERR,ERR,ERR,ERR,ERR,ERR,ERR,ERR,ERR,ERR,ERR,0.0,0.0,2.6474777903227054e+23,0.0,0.0,1.3936040501711995e+18,7.805,0.0,0,0,4,0,7300,-0.0,0,0.0,0.0,0.0,0.0,0.0,0,0,0,0,0.0,0,0,0,0,0,0,0,0,0,0,0,0,0,0,0,0,0,0,0,0,0,0,0,0,0,0,0,0,0,0,0,0,0,32,30,30,62,65476,0,300,0,0,8,21553,0.0,-107605600.0,0.0,0.0,0.0,0.0,0.0,0.0,0.0,0.0,0.0,0.0,0.0,0.0,0.0,0.0,0.0,0.0,0.0,0.0,0.0,0.0,2.004,-0.0,-0.0,2.004,0.0,0.0,0.0,0.0,5466.0,-3.697192290889813e+19,6972.0,0.0,0.0,-107615280.0,0.0,0.0,0.0,0.0,0.0,63,-71.63,-0.0,0.0,0.0,0.0,0.0,0.0,0.0,0.0,0,0,0,0.0,0.0,0.0,0.0,0.0,0.0,0.0,0.0,0.0,0.0,0.0,0.0,0.0,0.0,0.0,0.0,0,-107875648.0,63,0.0,126,2.7184242562605685e+23,-0.0,ERR,ERR,ERR,ERR,ERR,ERR,ERR,ERR,ERR,ERR,ERR,ERR,ERR,ERR,ERR,ERR,ERR,ERR,ERR,ERR,ERR,ERR,ERR,ERR,ERR,ERR,ERR,ERR,ERR,ERR,ERR,ERR,ERR,ERR,ERR,ERR,ERR,ERR,ERR,ERR,ERR,ERR,ERR,ERR,ERR,ERR,ERR,ERR,ERR,ERR,ERR,ERR,ERR,ERR,ERR,ERR,ERR,ERR,ERR,ERR,ERR,ERR,ERR,ERR,ERR,ERR,ERR,34.0,80.0,35,0.0,0.0,0.0,0.0,0.0,0.0,0.0,0.0,0.0,0.0,0.0,0.0,0.0,0.0,0.0,0.0,64.4,0,117,56,50,65476,0,300,0,0,8,20529,65476,0,0,57672,80.0,0.0,0.0,0.0,0.0,0.0
2026-06-17T04:05:18,ERR,ERR,ERR,ERR,ERR,ERR,ERR,ERR,ERR,ERR,ERR,ERR,ERR,ERR,ERR,ERR,ERR,ERR,ERR,ERR,ERR,ERR,ERR,ERR,ERR,ERR,ERR,ERR,ERR,ERR,ERR,ERR,ERR,ERR,ERR,ERR,ERR,ERR,ERR,ERR,ERR,ERR,ERR,ERR,ERR,ERR,ERR,ERR,ERR,ERR,ERR,ERR,ERR,ERR,ERR,ERR,ERR,ERR,ERR,ERR,ERR,ERR,ERR,ERR,ERR,ERR,ERR,ERR,ERR,ERR,ERR,ERR,ERR,ERR,ERR,ERR,ERR,ERR,ERR,ERR,ERR,ERR,ERR,ERR,ERR,ERR,ERR,ERR,ERR,ERR,ERR,ERR,ERR,ERR,ERR,ERR,ERR,ERR,ERR,ERR,ERR,ERR,ERR,ERR,ERR,ERR,ERR,ERR,ERR,ERR,ERR,ERR,ERR,ERR,ERR,ERR,ERR,ERR,ERR,ERR,ERR,ERR,ERR,ERR,ERR,0.0,0.0,2.6474777903227054e+23,0.0,0.0,1.3936040501711995e+18,7.805,0.0,0,0,4,0,7300,-0.0,0,0.0,0.0,0.0,0.0,0.0,0,0,0,0,0.0,0,0,0,0,0,0,0,0,0,0,0,0,0,0,0,0,0,0,0,0,0,0,0,0,0,0,0,0,0,0,0,0,0,32,30,30,62,65476,0,300,0,0,8,21553,0.0,-107605600.0,0.0,0.0,0.0,0.0,0.0,0.0,0.0,0.0,0.0,0.0,0.0,0.0,0.0,0.0,0.0,0.0,0.0,0.0,0.0,0.0,2.004,-0.0,-0.0,2.004,0.0,0.0,0.0,0.0,5466.0,-3.697192290889813e+19,6972.0,0.0,0.0,-107615280.0,0.0,0.0,0.0,0.0,0.0,63,-71.63,-0.0,0.0,0.0,0.0,0.0,0.0,0.0,0.0,0,0,0,0.0,0.0,0.0,0.0,0.0,0.0,0.0,0.0,0.0,0.0,0.0,0.0,0.0,0.0,0.0,0.0,0,-107875648.0,63,0.0,126,2.7184242562605685e+23,-0.0,ERR,ERR,ERR,ERR,ERR,ERR,ERR,ERR,ERR,ERR,ERR,ERR,ERR,ERR,ERR,ERR,ERR,ERR,ERR,ERR,ERR,ERR,ERR,ERR,ERR,ERR,ERR,ERR,ERR,ERR,ERR,ERR,ERR,ERR,ERR,ERR,ERR,ERR,ERR,ERR,ERR,ERR,ERR,ERR,ERR,ERR,ERR,ERR,ERR,ERR,ERR,ERR,ERR,ERR,ERR,ERR,ERR,ERR,ERR,ERR,ERR,ERR,ERR,ERR,ERR,ERR,ERR,34.0,80.0,35,0.0,0.0,0.0,0.0,0.0,0.0,0.0,0.0,0.0,0.0,0.0,0.0,0.0,0.0,0.0,0.0,64.4,0,117,56,50,65476,0,300,0,0,8,20529,65476,0,0,57672,80.0,0.0,0.0,0.0,0.0,0.0
2026-06-17T04:05:19,ERR,ERR,ERR,ERR,ERR,ERR,ERR,ERR,ERR,ERR,ERR,ERR,ERR,ERR,ERR,ERR,ERR,ERR,ERR,ERR,ERR,ERR,ERR,ERR,ERR,ERR,ERR,ERR,ERR,ERR,ERR,ERR,ERR,ERR,ERR,ERR,ERR,ERR,ERR,ERR,ERR,ERR,ERR,ERR,ERR,ERR,ERR,ERR,ERR,ERR,ERR,ERR,ERR,ERR,ERR,ERR,ERR,ERR,ERR,ERR,ERR,ERR,ERR,ERR,ERR,ERR,ERR,ERR,ERR,ERR,ERR,ERR,ERR,ERR,ERR,ERR,ERR,ERR,ERR,ERR,ERR,ERR,ERR,ERR,ERR,ERR,ERR,ERR,ERR,ERR,ERR,ERR,ERR,ERR,ERR,ERR,ERR,ERR,ERR,ERR,ERR,ERR,ERR,ERR,ERR,ERR,ERR,ERR,ERR,ERR,ERR,ERR,ERR,ERR,ERR,ERR,ERR,ERR,ERR,ERR,ERR,ERR,ERR,ERR,ERR,0.0,0.0,2.6474777903227054e+23,0.0,0.0,1.3936040501711995e+18,7.805,0.0,0,0,4,0,7300,-0.0,0,0.0,0.0,0.0,0.0,0.0,0,0,0,0,0.0,0,0,0,0,0,0,0,0,0,0,0,0,0,0,0,0,0,0,0,0,0,0,0,0,0,0,0,0,0,0,0,0,0,32,30,30,62,65476,0,300,0,0,8,21553,0.0,-107605600.0,0.0,0.0,0.0,0.0,0.0,0.0,0.0,0.0,0.0,0.0,0.0,0.0,0.0,0.0,0.0,0.0,0.0,0.0,0.0,0.0,2.004,-0.0,-0.0,2.004,0.0,0.0,0.0,0.0,5497.0,0.0,6944.0,0.0,0.0,-107615280.0,0.0,0.0,0.0,0.0,0.0,63,-0.0,-0.0,0.0,0.0,0.0,0.0,0.0,0.0,0.0,0,0,0,0.0,0.0,0.0,0.0,0.0,0.0,0.0,0.0,0.0,0.0,0.0,0.0,0.0,0.0,0.0,0.0,0,-107875648.0,63,0.0,126,2.7184242562605685e+23,-0.0,ERR,ERR,ERR,ERR,ERR,ERR,ERR,ERR,ERR,ERR,ERR,ERR,ERR,ERR,ERR,ERR,ERR,ERR,ERR,ERR,ERR,ERR,ERR,ERR,ERR,ERR,ERR,ERR,ERR,ERR,ERR,ERR,ERR,ERR,ERR,ERR,ERR,ERR,ERR,ERR,ERR,ERR,ERR,ERR,ERR,ERR,ERR,ERR,ERR,ERR,ERR,ERR,ERR,ERR,ERR,ERR,ERR,ERR,ERR,ERR,ERR,ERR,ERR,ERR,ERR,ERR,ERR,34.0,80.0,35,0.0,0.0,0.0,0.0,0.0,0.0,0.0,0.0,0.0,0.0,0.0,0.0,0.0,0.0,0.0,0.0,64.4,0,117,56,50,65476,0,300,0,0,8,20529,65476,0,0,57672,80.0,0.0,0.0,0.0,0.0,0.0
2026-06-17T04:05:20,ERR,ERR,ERR,ERR,ERR,ERR,ERR,ERR,ERR,ERR,ERR,ERR,ERR,ERR,ERR,ERR,ERR,ERR,ERR,ERR,ERR,ERR,ERR,ERR,ERR,ERR,ERR,ERR,ERR,ERR,ERR,ERR,ERR,ERR,ERR,ERR,ERR,ERR,ERR,ERR,ERR,ERR,ERR,ERR,ERR,ERR,ERR,ERR,ERR,ERR,ERR,ERR,ERR,ERR,ERR,ERR,ERR,ERR,ERR,ERR,ERR,ERR,ERR,ERR,ERR,ERR,ERR,ERR,ERR,ERR,ERR,ERR,ERR,ERR,ERR,ERR,ERR,ERR,ERR,ERR,ERR,ERR,ERR,ERR,ERR,ERR,ERR,ERR,ERR,ERR,ERR,ERR,ERR,ERR,ERR,ERR,ERR,ERR,ERR,ERR,ERR,ERR,ERR,ERR,ERR,ERR,ERR,ERR,ERR,ERR,ERR,ERR,ERR,ERR,ERR,ERR,ERR,ERR,ERR,ERR,ERR,ERR,ERR,ERR,ERR,0.0,0.0,2.6474777903227054e+23,0.0,0.0,1.3936040501711995e+18,7.805,0.0,0,0,4,0,7300,-0.0,0,0.0,0.0,0.0,0.0,0.0,0,0,0,0,0.0,0,0,0,0,0,0,0,0,0,0,0,0,0,0,0,0,0,0,0,0,0,0,0,0,0,0,0,0,0,0,0,0,0,32,30,30,62,65476,0,300,0,0,8,21553,0.0,-107605600.0,0.0,0.0,0.0,0.0,0.0,0.0,0.0,0.0,0.0,0.0,0.0,0.0,0.0,0.0,0.0,0.0,0.0,0.0,0.0,0.0,2.004,-0.0,-0.0,2.004,0.0,0.0,0.0,0.0,5497.0,0.0,6944.0,0.0,0.0,-107615280.0,0.0,0.0,0.0,0.0,0.0,63,-0.0,-0.0,0.0,0.0,0.0,0.0,0.0,0.0,0.0,0,0,0,0.0,0.0,0.0,0.0,0.0,0.0,0.0,0.0,0.0,0.0,0.0,0.0,0.0,0.0,0.0,0.0,0,-107875648.0,63,0.0,126,2.7184242562605685e+23,-0.0,ERR,ERR,ERR,ERR,ERR,ERR,ERR,ERR,ERR,ERR,ERR,ERR,ERR,ERR,ERR,ERR,ERR,ERR,ERR,ERR,ERR,ERR,ERR,ERR,ERR,ERR,ERR,ERR,ERR,ERR,ERR,ERR,ERR,ERR,ERR,ERR,ERR,ERR,ERR,ERR,ERR,ERR,ERR,ERR,ERR,ERR,ERR,ERR,ERR,ERR,ERR,ERR,ERR,ERR,ERR,ERR,ERR,ERR,ERR,ERR,ERR,ERR,ERR,ERR,ERR,ERR,ERR,34.0,80.0,35,0.0,0.0,0.0,0.0,0.0,0.0,0.0,0.0,0.0,0.0,0.0,0.0,0.0,0.0,0.0,0.0,64.4,0,117,56,50,65476,0,300,0,0,8,20529,65476,0,0,57672,80.0,0.0,0.0,0.0,0.0,0.0
2026-06-17T04:05:21,ERR,ERR,ERR,ERR,ERR,ERR,ERR,ERR,ERR,ERR,ERR,ERR,ERR,ERR,ERR,ERR,ERR,ERR,ERR,ERR,ERR,ERR,ERR,ERR,ERR,ERR,ERR,ERR,ERR,ERR,ERR,ERR,ERR,ERR,ERR,ERR,ERR,ERR,ERR,ERR,ERR,ERR,ERR,ERR,ERR,ERR,ERR,ERR,ERR,ERR,ERR,ERR,ERR,ERR,ERR,ERR,ERR,ERR,ERR,ERR,ERR,ERR,ERR,ERR,ERR,ERR,ERR,ERR,ERR,ERR,ERR,ERR,ERR,ERR,ERR,ERR,ERR,ERR,ERR,ERR,ERR,ERR,ERR,ERR,ERR,ERR,ERR,ERR,ERR,ERR,ERR,ERR,ERR,ERR,ERR,ERR,ERR,ERR,ERR,ERR,ERR,ERR,ERR,ERR,ERR,ERR,ERR,ERR,ERR,ERR,ERR,ERR,ERR,ERR,ERR,ERR,ERR,ERR,ERR,ERR,ERR,ERR,ERR,ERR,ERR,0.0,0.0,2.6474777903227054e+23,0.0,0.0,1.3936040501711995e+18,7.805,0.0,0,0,4,0,7300,-0.0,0,0.0,0.0,0.0,0.0,0.0,0,0,0,0,0.0,0,0,0,0,0,0,0,0,0,0,0,0,0,0,0,0,0,0,0,0,0,0,0,0,0,0,0,0,0,0,0,0,0,32,30,30,62,65476,0,300,0,0,8,21553,0.0,-107605600.0,0.0,0.0,0.0,0.0,0.0,0.0,0.0,0.0,0.0,0.0,0.0,0.0,0.0,0.0,0.0,0.0,0.0,0.0,0.0,0.0,2.004,-0.0,-0.0,2.004,0.0,0.0,0.0,0.0,5497.0,0.0,6944.0,0.0,0.0,-107615280.0,0.0,0.0,0.0,0.0,0.0,63,-0.0,-0.0,0.0,0.0,0.0,0.0,0.0,0.0,0.0,0,0,0,0.0,0.0,0.0,0.0,0.0,0.0,0.0,0.0,0.0,0.0,0.0,0.0,0.0,0.0,0.0,0.0,0,-107875648.0,63,0.0,126,2.7184242562605685e+23,-0.0,ERR,ERR,ERR,ERR,ERR,ERR,ERR,ERR,ERR,ERR,ERR,ERR,ERR,ERR,ERR,ERR,ERR,ERR,ERR,ERR,ERR,ERR,ERR,ERR,ERR,ERR,ERR,ERR,ERR,ERR,ERR,ERR,ERR,ERR,ERR,ERR,ERR,ERR,ERR,ERR,ERR,ERR,ERR,ERR,ERR,ERR,ERR,ERR,ERR,ERR,ERR,ERR,ERR,ERR,ERR,ERR,ERR,ERR,ERR,ERR,ERR,ERR,ERR,ERR,ERR,ERR,ERR,34.0,80.0,35,0.0,0.0,0.0,0.0,0.0,0.0,0.0,0.0,0.0,0.0,0.0,0.0,0.0,0.0,0.0,0.0,64.8,0,117,56,50,65476,0,300,0,0,8,20529,65476,0,0,57672,80.0,0.0,0.0,0.0,0.0,0.0
2026-06-17T04:05:22,ERR,ERR,ERR,ERR,ERR,ERR,ERR,ERR,ERR,ERR,ERR,ERR,ERR,ERR,ERR,ERR,ERR,ERR,ERR,ERR,ERR,ERR,ERR,ERR,ERR,ERR,ERR,ERR,ERR,ERR,ERR,ERR,ERR,ERR,ERR,ERR,ERR,ERR,ERR,ERR,ERR,ERR,ERR,ERR,ERR,ERR,ERR,ERR,ERR,ERR,ERR,ERR,ERR,ERR,ERR,ERR,ERR,ERR,ERR,ERR,ERR,ERR,ERR,ERR,ERR,ERR,ERR,ERR,ERR,ERR,ERR,ERR,ERR,ERR,ERR,ERR,ERR,ERR,ERR,ERR,ERR,ERR,ERR,ERR,ERR,ERR,ERR,ERR,ERR,ERR,ERR,ERR,ERR,ERR,ERR,ERR,ERR,ERR,ERR,ERR,ERR,ERR,ERR,ERR,ERR,ERR,ERR,ERR,ERR,ERR,ERR,ERR,ERR,ERR,ERR,ERR,ERR,ERR,ERR,ERR,ERR,ERR,ERR,ERR,ERR,0.0,0.0,2.6474777903227054e+23,0.0,0.0,1.3936040501711995e+18,7.805,0.0,0,0,4,0,7300,-0.0,0,0.0,0.0,0.0,0.0,0.0,0,0,0,0,0.0,0,0,0,0,0,0,0,0,0,0,0,0,0,0,0,0,0,0,0,0,0,0,0,0,0,0,0,0,0,0,0,0,0,32,30,30,62,65476,0,300,0,0,8,21553,0.0,-107605600.0,0.0,0.0,0.0,0.0,0.0,0.0,0.0,0.0,0.0,0.0,0.0,0.0,0.0,0.0,0.0,0.0,0.0,0.0,0.0,0.0,2.004,-0.0,-0.0,2.004,0.0,0.0,0.0,0.0,5497.0,0.0,6944.0,0.0,0.0,-107615280.0,0.0,0.0,0.0,0.0,0.0,63,-0.0,-0.0,0.0,0.0,0.0,0.0,0.0,0.0,0.0,0,0,0,0.0,0.0,0.0,0.0,0.0,0.0,0.0,0.0,0.0,0.0,0.0,0.0,0.0,0.0,0.0,0.0,0,-107875648.0,63,0.0,126,2.7184242562605685e+23,-0.0,ERR,ERR,ERR,ERR,ERR,ERR,ERR,ERR,ERR,ERR,ERR,ERR,ERR,ERR,ERR,ERR,ERR,ERR,ERR,ERR,ERR,ERR,ERR,ERR,ERR,ERR,ERR,ERR,ERR,ERR,ERR,ERR,ERR,ERR,ERR,ERR,ERR,ERR,ERR,ERR,ERR,ERR,ERR,ERR,ERR,ERR,ERR,ERR,ERR,ERR,ERR,ERR,ERR,ERR,ERR,ERR,ERR,ERR,ERR,ERR,ERR,ERR,ERR,ERR,ERR,ERR,ERR,34.0,80.0,35,0.0,0.0,0.0,0.0,0.0,0.0,0.0,0.0,0.0,0.0,0.0,0.0,0.0,0.0,0.0,0.0,64.8,0,117,56,50,65476,0,300,0,0,8,20529,65476,0,0,57672,80.0,0.0,0.0,0.0,0.0,0.0
2026-06-17T04:05:23,ERR,ERR,ERR,ERR,ERR,ERR,ERR,ERR,ERR,ERR,ERR,ERR,ERR,ERR,ERR,ERR,ERR,ERR,ERR,ERR,ERR,ERR,ERR,ERR,ERR,ERR,ERR,ERR,ERR,ERR,ERR,ERR,ERR,ERR,ERR,ERR,ERR,ERR,ERR,ERR,ERR,ERR,ERR,ERR,ERR,ERR,ERR,ERR,ERR,ERR,ERR,ERR,ERR,ERR,ERR,ERR,ERR,ERR,ERR,ERR,ERR,ERR,ERR,ERR,ERR,ERR,ERR,ERR,ERR,ERR,ERR,ERR,ERR,ERR,ERR,ERR,ERR,ERR,ERR,ERR,ERR,ERR,ERR,ERR,ERR,ERR,ERR,ERR,ERR,ERR,ERR,ERR,ERR,ERR,ERR,ERR,ERR,ERR,ERR,ERR,ERR,ERR,ERR,ERR,ERR,ERR,ERR,ERR,ERR,ERR,ERR,ERR,ERR,ERR,ERR,ERR,ERR,ERR,ERR,ERR,ERR,ERR,ERR,ERR,ERR,0.0,0.0,2.6474777903227054e+23,0.0,0.0,1.3936040501711995e+18,7.805,0.0,0,0,4,0,7300,-0.0,0,0.0,0.0,0.0,0.0,0.0,0,0,0,0,0.0,0,0,0,0,0,0,0,0,0,0,0,0,0,0,0,0,0,0,0,0,0,0,0,0,0,0,0,0,0,0,0,0,0,32,30,30,62,65476,0,300,0,0,8,21553,0.0,-107605600.0,0.0,0.0,0.0,0.0,0.0,0.0,0.0,0.0,0.0,0.0,0.0,0.0,0.0,0.0,0.0,0.0,0.0,0.0,0.0,0.0,2.004,-0.0,-0.0,2.004,0.0,0.0,0.0,0.0,5497.0,0.0,6944.0,0.0,0.0,-107615280.0,0.0,0.0,0.0,0.0,0.0,63,-0.0,-0.0,0.0,0.0,0.0,0.0,0.0,0.0,0.0,0,0,0,0.0,0.0,0.0,0.0,0.0,0.0,0.0,0.0,0.0,0.0,0.0,0.0,0.0,0.0,0.0,0.0,0,-107875648.0,63,0.0,126,2.7184242562605685e+23,-0.0,ERR,ERR,ERR,ERR,ERR,ERR,ERR,ERR,ERR,ERR,ERR,ERR,ERR,ERR,ERR,ERR,ERR,ERR,ERR,ERR,ERR,ERR,ERR,ERR,ERR,ERR,ERR,ERR,ERR,ERR,ERR,ERR,ERR,ERR,ERR,ERR,ERR,ERR,ERR,ERR,ERR,ERR,ERR,ERR,ERR,ERR,ERR,ERR,ERR,ERR,ERR,ERR,ERR,ERR,ERR,ERR,ERR,ERR,ERR,ERR,ERR,ERR,ERR,ERR,ERR,ERR,ERR,34.0,80.0,35,0.0,0.0,0.0,0.0,0.0,0.0,0.0,0.0,0.0,0.0,0.0,0.0,0.0,0.0,0.0,0.0,64.8,0,117,56,50,65476,0,300,0,0,8,20529,65476,0,0,57672,80.0,0.0,0.0,0.0,0.0,0.0
2026-06-17T04:05:24,ERR,ERR,ERR,ERR,ERR,ERR,ERR,ERR,ERR,ERR,ERR,ERR,ERR,ERR,ERR,ERR,ERR,ERR,ERR,ERR,ERR,ERR,ERR,ERR,ERR,ERR,ERR,ERR,ERR,ERR,ERR,ERR,ERR,ERR,ERR,ERR,ERR,ERR,ERR,ERR,ERR,ERR,ERR,ERR,ERR,ERR,ERR,ERR,ERR,ERR,ERR,ERR,ERR,ERR,ERR,ERR,ERR,ERR,ERR,ERR,ERR,ERR,ERR,ERR,ERR,ERR,ERR,ERR,ERR,ERR,ERR,ERR,ERR,ERR,ERR,ERR,ERR,ERR,ERR,ERR,ERR,ERR,ERR,ERR,ERR,ERR,ERR,ERR,ERR,ERR,ERR,ERR,ERR,ERR,ERR,ERR,ERR,ERR,ERR,ERR,ERR,ERR,ERR,ERR,ERR,ERR,ERR,ERR,ERR,ERR,ERR,ERR,ERR,ERR,ERR,ERR,ERR,ERR,ERR,ERR,ERR,ERR,ERR,ERR,ERR,0.0,0.0,2.6474777903227054e+23,0.0,0.0,1.3936040501711995e+18,7.805,0.0,0,0,4,0,7300,-0.0,0,0.0,0.0,0.0,0.0,0.0,0,0,0,0,0.0,0,0,0,0,0,0,0,0,0,0,0,0,0,0,0,0,0,0,0,0,0,0,0,0,0,0,0,0,0,0,0,0,0,32,30,30,62,65476,0,300,0,0,8,21553,0.0,-107605600.0,0.0,0.0,0.0,0.0,0.0,0.0,0.0,0.0,0.0,0.0,0.0,0.0,0.0,0.0,0.0,0.0,0.0,0.0,0.0,0.0,2.004,-0.0,-2.004,2.004,0.0,0.0,0.0,0.0,5464.0,-1.040667113973027e+34,6975.0,0.0,0.0,-107615280.0,0.0,0.0,0.0,0.0,0.0,63,-0.059,-2.3088312179351985e+20,0.0,0.0,0.0,0.0,0.0,0.0,0.0,0,0,0,0.0,0.0,0.0,0.0,0.0,0.0,0.0,0.0,0.0,0.0,0.0,0.0,0.0,0.0,0.0,0.0,0,-107875648.0,63,0.0,126,2.7184242562605685e+23,-0.0,ERR,ERR,ERR,ERR,ERR,ERR,ERR,ERR,ERR,ERR,ERR,ERR,ERR,ERR,ERR,ERR,ERR,ERR,ERR,ERR,ERR,ERR,ERR,ERR,ERR,ERR,ERR,ERR,ERR,ERR,ERR,ERR,ERR,ERR,ERR,ERR,ERR,ERR,ERR,ERR,ERR,ERR,ERR,ERR,ERR,ERR,ERR,ERR,ERR,ERR,ERR,ERR,ERR,ERR,ERR,ERR,ERR,ERR,ERR,ERR,ERR,ERR,ERR,ERR,ERR,ERR,ERR,34.0,80.0,35,0.0,0.0,0.0,0.0,0.0,0.0,0.0,0.0,0.0,0.0,0.0,0.0,0.0,0.0,0.0,0.0,64.8,0,117,56,50,65476,0,300,0,0,8,20529,65476,0,0,57672,80.0,0.0,0.0,0.0,0.0,0.0
2026-06-17T04:05:25,ERR,ERR,ERR,ERR,ERR,ERR,ERR,ERR,ERR,ERR,ERR,ERR,ERR,ERR,ERR,ERR,ERR,ERR,ERR,ERR,ERR,ERR,ERR,ERR,ERR,ERR,ERR,ERR,ERR,ERR,ERR,ERR,ERR,ERR,ERR,ERR,ERR,ERR,ERR,ERR,ERR,ERR,ERR,ERR,ERR,ERR,ERR,ERR,ERR,ERR,ERR,ERR,ERR,ERR,ERR,ERR,ERR,ERR,ERR,ERR,ERR,ERR,ERR,ERR,ERR,ERR,ERR,ERR,ERR,ERR,ERR,ERR,ERR,ERR,ERR,ERR,ERR,ERR,ERR,ERR,ERR,ERR,ERR,ERR,ERR,ERR,ERR,ERR,ERR,ERR,ERR,ERR,ERR,ERR,ERR,ERR,ERR,ERR,ERR,ERR,ERR,ERR,ERR,ERR,ERR,ERR,ERR,ERR,ERR,ERR,ERR,ERR,ERR,ERR,ERR,ERR,ERR,ERR,ERR,ERR,ERR,ERR,ERR,ERR,ERR,0.0,0.0,2.6474777903227054e+23,0.0,0.0,1.3936040501711995e+18,7.805,0.0,0,0,4,0,7300,-0.0,0,0.0,0.0,0.0,0.0,0.0,0,0,0,0,0.0,0,0,0,0,0,0,0,0,0,0,0,0,0,0,0,0,0,0,0,0,0,0,0,0,0,0,0,0,0,0,0,0,0,32,30,30,62,65476,0,300,0,0,8,21553,0.0,-107605600.0,0.0,0.0,0.0,0.0,0.0,0.0,0.0,0.0,0.0,0.0,0.0,0.0,0.0,0.0,0.0,0.0,0.0,0.0,0.0,0.0,2.004,-0.0,-2.004,2.004,0.0,0.0,0.0,0.0,5464.0,-1.040667113973027e+34,6975.0,0.0,0.0,-107615280.0,0.0,0.0,0.0,0.0,0.0,63,-0.059,-2.3088312179351985e+20,0.0,0.0,0.0,0.0,0.0,0.0,0.0,0,0,0,0.0,0.0,0.0,0.0,0.0,0.0,0.0,0.0,0.0,0.0,0.0,0.0,0.0,0.0,0.0,0.0,0,-107875648.0,63,0.0,126,2.7184242562605685e+23,-0.0,ERR,ERR,ERR,ERR,ERR,ERR,ERR,ERR,ERR,ERR,ERR,ERR,ERR,ERR,ERR,ERR,ERR,ERR,ERR,ERR,ERR,ERR,ERR,ERR,ERR,ERR,ERR,ERR,ERR,ERR,ERR,ERR,ERR,ERR,ERR,ERR,ERR,ERR,ERR,ERR,ERR,ERR,ERR,ERR,ERR,ERR,ERR,ERR,ERR,ERR,ERR,ERR,ERR,ERR,ERR,ERR,ERR,ERR,ERR,ERR,ERR,ERR,ERR,ERR,ERR,ERR,ERR,34.0,80.0,35,0.0,0.0,0.0,0.0,0.0,0.0,0.0,0.0,0.0,0.0,0.0,0.0,0.0,0.0,0.0,0.0,64.4,0,117,56,50,65476,0,300,0,0,8,20529,65476,0,0,57672,80.0,0.0,0.0,0.0,0.0,0.0
2026-06-17T04:05:26,ERR,ERR,ERR,ERR,ERR,ERR,ERR,ERR,ERR,ERR,ERR,ERR,ERR,ERR,ERR,ERR,ERR,ERR,ERR,ERR,ERR,ERR,ERR,ERR,ERR,ERR,ERR,ERR,ERR,ERR,ERR,ERR,ERR,ERR,ERR,ERR,ERR,ERR,ERR,ERR,ERR,ERR,ERR,ERR,ERR,ERR,ERR,ERR,ERR,ERR,ERR,ERR,ERR,ERR,ERR,ERR,ERR,ERR,ERR,ERR,ERR,ERR,ERR,ERR,ERR,ERR,ERR,ERR,ERR,ERR,ERR,ERR,ERR,ERR,ERR,ERR,ERR,ERR,ERR,ERR,ERR,ERR,ERR,ERR,ERR,ERR,ERR,ERR,ERR,ERR,ERR,ERR,ERR,ERR,ERR,ERR,ERR,ERR,ERR,ERR,ERR,ERR,ERR,ERR,ERR,ERR,ERR,ERR,ERR,ERR,ERR,ERR,ERR,ERR,ERR,ERR,ERR,ERR,ERR,ERR,ERR,ERR,ERR,ERR,ERR,0.0,0.0,2.6474777903227054e+23,0.0,0.0,1.3936040501711995e+18,7.805,0.0,0,0,4,0,7300,-0.0,0,0.0,0.0,0.0,0.0,0.0,0,0,0,0,0.0,0,0,0,0,0,0,0,0,0,0,0,0,0,0,0,0,0,0,0,0,0,0,0,0,0,0,0,0,0,0,0,0,0,32,30,30,62,65476,0,300,0,0,8,21553,0.0,-107605600.0,0.0,0.0,0.0,0.0,0.0,0.0,0.0,0.0,0.0,0.0,0.0,0.0,0.0,0.0,0.0,0.0,0.0,0.0,0.0,0.0,2.004,-0.0,-2.004,2.004,0.0,0.0,0.0,0.0,5464.0,-1.040667113973027e+34,6975.0,0.0,0.0,-107615280.0,0.0,0.0,0.0,0.0,0.0,63,-0.059,-2.3088312179351985e+20,0.0,0.0,0.0,0.0,0.0,0.0,0.0,0,0,0,0.0,0.0,0.0,0.0,0.0,0.0,0.0,0.0,0.0,0.0,0.0,0.0,0.0,0.0,0.0,0.0,0,-107875648.0,63,0.0,126,2.7184242562605685e+23,-0.0,ERR,ERR,ERR,ERR,ERR,ERR,ERR,ERR,ERR,ERR,ERR,ERR,ERR,ERR,ERR,ERR,ERR,ERR,ERR,ERR,ERR,ERR,ERR,ERR,ERR,ERR,ERR,ERR,ERR,ERR,ERR,ERR,ERR,ERR,ERR,ERR,ERR,ERR,ERR,ERR,ERR,ERR,ERR,ERR,ERR,ERR,ERR,ERR,ERR,ERR,ERR,ERR,ERR,ERR,ERR,ERR,ERR,ERR,ERR,ERR,ERR,ERR,ERR,ERR,ERR,ERR,ERR,34.0,80.0,35,0.0,0.0,0.0,0.0,0.0,0.0,0.0,0.0,0.0,0.0,0.0,0.0,0.0,0.0,0.0,0.0,64.4,0,117,56,50,65476,0,300,0,0,8,20529,65476,0,0,57672,80.0,0.0,0.0,0.0,0.0,0.0
2026-06-17T04:05:27,ERR,ERR,ERR,ERR,ERR,ERR,ERR,ERR,ERR,ERR,ERR,ERR,ERR,ERR,ERR,ERR,ERR,ERR,ERR,ERR,ERR,ERR,ERR,ERR,ERR,ERR,ERR,ERR,ERR,ERR,ERR,ERR,ERR,ERR,ERR,ERR,ERR,ERR,ERR,ERR,ERR,ERR,ERR,ERR,ERR,ERR,ERR,ERR,ERR,ERR,ERR,ERR,ERR,ERR,ERR,ERR,ERR,ERR,ERR,ERR,ERR,ERR,ERR,ERR,ERR,ERR,ERR,ERR,ERR,ERR,ERR,ERR,ERR,ERR,ERR,ERR,ERR,ERR,ERR,ERR,ERR,ERR,ERR,ERR,ERR,ERR,ERR,ERR,ERR,ERR,ERR,ERR,ERR,ERR,ERR,ERR,ERR,ERR,ERR,ERR,ERR,ERR,ERR,ERR,ERR,ERR,ERR,ERR,ERR,ERR,ERR,ERR,ERR,ERR,ERR,ERR,ERR,ERR,ERR,ERR,ERR,ERR,ERR,ERR,ERR,0.0,0.0,2.6474777903227054e+23,0.0,0.0,1.3936040501711995e+18,7.805,0.0,0,0,4,0,7300,-0.0,0,0.0,0.0,0.0,0.0,0.0,0,0,0,0,0.0,0,0,0,0,0,0,0,0,0,0,0,0,0,0,0,0,0,0,0,0,0,0,0,0,0,0,0,0,0,0,0,0,0,32,30,30,62,65476,0,300,0,0,8,21553,0.0,-107605600.0,0.0,0.0,0.0,0.0,0.0,0.0,0.0,0.0,0.0,0.0,0.0,0.0,0.0,0.0,0.0,0.0,0.0,0.0,0.0,0.0,2.004,-0.0,-2.004,2.004,0.0,0.0,0.0,0.0,5464.0,-1.040667113973027e+34,6975.0,0.0,0.0,-107615280.0,0.0,0.0,0.0,0.0,0.0,63,-0.059,-2.3088312179351985e+20,0.0,0.0,0.0,0.0,0.0,0.0,0.0,0,0,0,0.0,0.0,0.0,0.0,0.0,0.0,0.0,0.0,0.0,0.0,0.0,0.0,0.0,0.0,0.0,0.0,0,-107875648.0,63,0.0,126,2.7184242562605685e+23,-0.0,ERR,ERR,ERR,ERR,ERR,ERR,ERR,ERR,ERR,ERR,ERR,ERR,ERR,ERR,ERR,ERR,ERR,ERR,ERR,ERR,ERR,ERR,ERR,ERR,ERR,ERR,ERR,ERR,ERR,ERR,ERR,ERR,ERR,ERR,ERR,ERR,ERR,ERR,ERR,ERR,ERR,ERR,ERR,ERR,ERR,ERR,ERR,ERR,ERR,ERR,ERR,ERR,ERR,ERR,ERR,ERR,ERR,ERR,ERR,ERR,ERR,ERR,ERR,ERR,ERR,ERR,ERR,34.0,80.0,35,0.0,0.0,0.0,0.0,0.0,0.0,0.0,0.0,0.0,0.0,0.0,0.0,0.0,0.0,0.0,0.0,64.4,0,117,56,50,65476,0,300,0,0,8,20529,65476,0,0,57672,80.0,0.0,0.0,0.0,0.0,0.0
2026-06-17T04:05:28,ERR,ERR,ERR,ERR,ERR,ERR,ERR,ERR,ERR,ERR,ERR,ERR,ERR,ERR,ERR,ERR,ERR,ERR,ERR,ERR,ERR,ERR,ERR,ERR,ERR,ERR,ERR,ERR,ERR,ERR,ERR,ERR,ERR,ERR,ERR,ERR,ERR,ERR,ERR,ERR,ERR,ERR,ERR,ERR,ERR,ERR,ERR,ERR,ERR,ERR,ERR,ERR,ERR,ERR,ERR,ERR,ERR,ERR,ERR,ERR,ERR,ERR,ERR,ERR,ERR,ERR,ERR,ERR,ERR,ERR,ERR,ERR,ERR,ERR,ERR,ERR,ERR,ERR,ERR,ERR,ERR,ERR,ERR,ERR,ERR,ERR,ERR,ERR,ERR,ERR,ERR,ERR,ERR,ERR,ERR,ERR,ERR,ERR,ERR,ERR,ERR,ERR,ERR,ERR,ERR,ERR,ERR,ERR,ERR,ERR,ERR,ERR,ERR,ERR,ERR,ERR,ERR,ERR,ERR,ERR,ERR,ERR,ERR,ERR,ERR,0.0,0.0,2.6474777903227054e+23,0.0,0.0,1.3936040501711995e+18,7.805,0.0,0,0,4,0,7300,-0.0,0,0.0,0.0,0.0,0.0,0.0,0,0,0,0,0.0,0,0,0,0,0,0,0,0,0,0,0,0,0,0,0,0,0,0,0,0,0,0,0,0,0,0,0,0,0,0,0,0,0,32,30,30,62,65476,0,300,0,0,8,21553,0.0,-107605600.0,0.0,0.0,0.0,0.0,0.0,0.0,0.0,0.0,0.0,0.0,0.0,0.0,0.0,0.0,0.0,0.0,0.0,0.0,0.0,0.0,2.004,-0.0,-2.004,2.004,0.0,0.0,0.0,0.0,5464.0,-1.040667113973027e+34,6975.0,0.0,0.0,-107615280.0,0.0,0.0,0.0,0.0,0.0,63,-0.059,-2.3088312179351985e+20,0.0,0.0,0.0,0.0,0.0,0.0,0.0,0,0,0,0.0,0.0,0.0,0.0,0.0,0.0,0.0,0.0,0.0,0.0,0.0,0.0,0.0,0.0,0.0,0.0,0,-107875648.0,63,0.0,126,2.7184242562605685e+23,-0.0,ERR,ERR,ERR,ERR,ERR,ERR,ERR,ERR,ERR,ERR,ERR,ERR,ERR,ERR,ERR,ERR,ERR,ERR,ERR,ERR,ERR,ERR,ERR,ERR,ERR,ERR,ERR,ERR,ERR,ERR,ERR,ERR,ERR,ERR,ERR,ERR,ERR,ERR,ERR,ERR,ERR,ERR,ERR,ERR,ERR,ERR,ERR,ERR,ERR,ERR,ERR,ERR,ERR,ERR,ERR,ERR,ERR,ERR,ERR,ERR,ERR,ERR,ERR,ERR,ERR,ERR,ERR,34.0,80.0,35,0.0,0.0,0.0,0.0,0.0,0.0,0.0,0.0,0.0,0.0,0.0,0.0,0.0,0.0,0.0,0.0,64.4,0,117,56,50,65476,0,300,0,0,8,20529,65476,0,0,57672,80.0,0.0,0.0,0.0,0.0,0.0
2026-06-17T04:05:29,ERR,ERR,ERR,ERR,ERR,ERR,ERR,ERR,ERR,ERR,ERR,ERR,ERR,ERR,ERR,ERR,ERR,ERR,ERR,ERR,ERR,ERR,ERR,ERR,ERR,ERR,ERR,ERR,ERR,ERR,ERR,ERR,ERR,ERR,ERR,ERR,ERR,ERR,ERR,ERR,ERR,ERR,ERR,ERR,ERR,ERR,ERR,ERR,ERR,ERR,ERR,ERR,ERR,ERR,ERR,ERR,ERR,ERR,ERR,ERR,ERR,ERR,ERR,ERR,ERR,ERR,ERR,ERR,ERR,ERR,ERR,ERR,ERR,ERR,ERR,ERR,ERR,ERR,ERR,ERR,ERR,ERR,ERR,ERR,ERR,ERR,ERR,ERR,ERR,ERR,ERR,ERR,ERR,ERR,ERR,ERR,ERR,ERR,ERR,ERR,ERR,ERR,ERR,ERR,ERR,ERR,ERR,ERR,ERR,ERR,ERR,ERR,ERR,ERR,ERR,ERR,ERR,ERR,ERR,ERR,ERR,ERR,ERR,ERR,ERR,0.0,0.0,2.6474777903227054e+23,0.0,0.0,1.3936040501711995e+18,7.805,0.0,0,0,4,0,7300,-0.0,0,0.0,0.0,0.0,0.0,0.0,0,0,0,0,0.0,0,0,0,0,0,0,0,0,0,0,0,0,0,0,0,0,0,0,0,0,0,0,0,0,0,0,0,0,0,0,0,0,0,32,30,30,62,65476,0,300,0,0,8,21553,0.0,-107605600.0,0.0,0.0,0.0,0.0,0.0,0.0,0.0,0.0,0.0,0.0,0.0,0.0,0.0,0.0,0.0,0.0,0.0,0.0,0.0,0.0,2.004,-0.0,-0.0,2.004,0.0,0.0,0.0,0.0,5498.0,0.0,6950.0,0.0,0.0,-107615280.0,0.0,0.0,0.0,0.0,0.0,63,-71.63,0.0,0.0,0.0,0.0,0.0,0.0,0.0,0.0,0,0,0,0.0,0.0,0.0,0.0,0.0,0.0,0.0,0.0,0.0,0.0,0.0,0.0,0.0,0.0,0.0,0.0,0,-107875648.0,63,0.0,126,2.7184242562605685e+23,-0.0,ERR,ERR,ERR,ERR,ERR,ERR,ERR,ERR,ERR,ERR,ERR,ERR,ERR,ERR,ERR,ERR,ERR,ERR,ERR,ERR,ERR,ERR,ERR,ERR,ERR,ERR,ERR,ERR,ERR,ERR,ERR,ERR,ERR,ERR,ERR,ERR,ERR,ERR,ERR,ERR,ERR,ERR,ERR,ERR,ERR,ERR,ERR,ERR,ERR,ERR,ERR,ERR,ERR,ERR,ERR,ERR,ERR,ERR,ERR,ERR,ERR,ERR,ERR,ERR,ERR,ERR,ERR,34.0,80.0,35,0.0,0.0,0.0,0.0,0.0,0.0,0.0,0.0,0.0,0.0,0.0,0.0,0.0,0.0,0.0,0.0,64.4,0,117,56,50,65476,0,300,0,0,8,20529,65476,0,0,57672,80.0,0.0,0.0,0.0,0.0,0.0
2026-06-17T04:05:30,ERR,ERR,ERR,ERR,ERR,ERR,ERR,ERR,ERR,ERR,ERR,ERR,ERR,ERR,ERR,ERR,ERR,ERR,ERR,ERR,ERR,ERR,ERR,ERR,ERR,ERR,ERR,ERR,ERR,ERR,ERR,ERR,ERR,ERR,ERR,ERR,ERR,ERR,ERR,ERR,ERR,ERR,ERR,ERR,ERR,ERR,ERR,ERR,ERR,ERR,ERR,ERR,ERR,ERR,ERR,ERR,ERR,ERR,ERR,ERR,ERR,ERR,ERR,ERR,ERR,ERR,ERR,ERR,ERR,ERR,ERR,ERR,ERR,ERR,ERR,ERR,ERR,ERR,ERR,ERR,ERR,ERR,ERR,ERR,ERR,ERR,ERR,ERR,ERR,ERR,ERR,ERR,ERR,ERR,ERR,ERR,ERR,ERR,ERR,ERR,ERR,ERR,ERR,ERR,ERR,ERR,ERR,ERR,ERR,ERR,ERR,ERR,ERR,ERR,ERR,ERR,ERR,ERR,ERR,ERR,ERR,ERR,ERR,ERR,ERR,0.0,0.0,2.6474777903227054e+23,0.0,0.0,1.3936040501711995e+18,7.805,0.0,0,0,4,0,7300,-0.0,0,0.0,0.0,0.0,0.0,0.0,0,0,0,0,0.0,0,0,0,0,0,0,0,0,0,0,0,0,0,0,0,0,0,0,0,0,0,0,0,0,0,0,0,0,0,0,0,0,0,32,30,30,62,65476,0,300,0,0,8,21553,0.0,-107605600.0,0.0,0.0,0.0,0.0,0.0,0.0,0.0,0.0,0.0,0.0,0.0,0.0,0.0,0.0,0.0,0.0,0.0,0.0,0.0,0.0,2.004,-0.0,-0.0,2.004,0.0,0.0,0.0,0.0,5498.0,0.0,6950.0,0.0,0.0,-107615280.0,0.0,0.0,0.0,0.0,0.0,63,-71.63,0.0,0.0,0.0,0.0,0.0,0.0,0.0,0.0,0,0,0,0.0,0.0,0.0,0.0,0.0,0.0,0.0,0.0,0.0,0.0,0.0,0.0,0.0,0.0,0.0,0.0,0,-107875648.0,63,0.0,126,2.7184242562605685e+23,-0.0,ERR,ERR,ERR,ERR,ERR,ERR,ERR,ERR,ERR,ERR,ERR,ERR,ERR,ERR,ERR,ERR,ERR,ERR,ERR,ERR,ERR,ERR,ERR,ERR,ERR,ERR,ERR,ERR,ERR,ERR,ERR,ERR,ERR,ERR,ERR,ERR,ERR,ERR,ERR,ERR,ERR,ERR,ERR,ERR,ERR,ERR,ERR,ERR,ERR,ERR,ERR,ERR,ERR,ERR,ERR,ERR,ERR,ERR,ERR,ERR,ERR,ERR,ERR,ERR,ERR,ERR,ERR,34.0,80.0,35,0.0,0.0,0.0,0.0,0.0,0.0,0.0,0.0,0.0,0.0,0.0,0.0,0.0,0.0,0.0,0.0,64.4,0,117,56,50,65476,0,300,0,0,8,20529,65476,0,0,57672,80.0,0.0,0.0,0.0,0.0,0.0
2026-06-17T04:05:31,ERR,ERR,ERR,ERR,ERR,ERR,ERR,ERR,ERR,ERR,ERR,ERR,ERR,ERR,ERR,ERR,ERR,ERR,ERR,ERR,ERR,ERR,ERR,ERR,ERR,ERR,ERR,ERR,ERR,ERR,ERR,ERR,ERR,ERR,ERR,ERR,ERR,ERR,ERR,ERR,ERR,ERR,ERR,ERR,ERR,ERR,ERR,ERR,ERR,ERR,ERR,ERR,ERR,ERR,ERR,ERR,ERR,ERR,ERR,ERR,ERR,ERR,ERR,ERR,ERR,ERR,ERR,ERR,ERR,ERR,ERR,ERR,ERR,ERR,ERR,ERR,ERR,ERR,ERR,ERR,ERR,ERR,ERR,ERR,ERR,ERR,ERR,ERR,ERR,ERR,ERR,ERR,ERR,ERR,ERR,ERR,ERR,ERR,ERR,ERR,ERR,ERR,ERR,ERR,ERR,ERR,ERR,ERR,ERR,ERR,ERR,ERR,ERR,ERR,ERR,ERR,ERR,ERR,ERR,ERR,ERR,ERR,ERR,ERR,ERR,0.0,0.0,2.6474777903227054e+23,0.0,0.0,1.3936040501711995e+18,7.805,0.0,0,0,4,0,7300,-0.0,0,0.0,0.0,0.0,0.0,0.0,0,0,0,0,0.0,0,0,0,0,0,0,0,0,0,0,0,0,0,0,0,0,0,0,0,0,0,0,0,0,0,0,0,0,0,0,0,0,0,32,30,30,62,65476,0,300,0,0,8,21553,0.0,-107605600.0,0.0,0.0,0.0,0.0,0.0,0.0,0.0,0.0,0.0,0.0,0.0,0.0,0.0,0.0,0.0,0.0,0.0,0.0,0.0,0.0,2.004,-0.0,-0.0,2.004,0.0,0.0,0.0,0.0,5498.0,0.0,6950.0,0.0,0.0,-107615280.0,0.0,0.0,0.0,0.0,0.0,63,-71.63,0.0,0.0,0.0,0.0,0.0,0.0,0.0,0.0,0,0,0,0.0,0.0,0.0,0.0,0.0,0.0,0.0,0.0,0.0,0.0,0.0,0.0,0.0,0.0,0.0,0.0,0,-107875648.0,63,0.0,126,2.7184242562605685e+23,-0.0,ERR,ERR,ERR,ERR,ERR,ERR,ERR,ERR,ERR,ERR,ERR,ERR,ERR,ERR,ERR,ERR,ERR,ERR,ERR,ERR,ERR,ERR,ERR,ERR,ERR,ERR,ERR,ERR,ERR,ERR,ERR,ERR,ERR,ERR,ERR,ERR,ERR,ERR,ERR,ERR,ERR,ERR,ERR,ERR,ERR,ERR,ERR,ERR,ERR,ERR,ERR,ERR,ERR,ERR,ERR,ERR,ERR,ERR,ERR,ERR,ERR,ERR,ERR,ERR,ERR,ERR,ERR,34.0,80.0,35,0.0,0.0,0.0,0.0,0.0,0.0,0.0,0.0,0.0,0.0,0.0,0.0,0.0,0.0,0.0,0.0,64.4,0,117,56,50,65476,0,300,0,0,8,20529,65476,0,0,57672,80.0,0.0,0.0,0.0,0.0,0.0
2026-06-17T04:05:32,ERR,ERR,ERR,ERR,ERR,ERR,ERR,ERR,ERR,ERR,ERR,ERR,ERR,ERR,ERR,ERR,ERR,ERR,ERR,ERR,ERR,ERR,ERR,ERR,ERR,ERR,ERR,ERR,ERR,ERR,ERR,ERR,ERR,ERR,ERR,ERR,ERR,ERR,ERR,ERR,ERR,ERR,ERR,ERR,ERR,ERR,ERR,ERR,ERR,ERR,ERR,ERR,ERR,ERR,ERR,ERR,ERR,ERR,ERR,ERR,ERR,ERR,ERR,ERR,ERR,ERR,ERR,ERR,ERR,ERR,ERR,ERR,ERR,ERR,ERR,ERR,ERR,ERR,ERR,ERR,ERR,ERR,ERR,ERR,ERR,ERR,ERR,ERR,ERR,ERR,ERR,ERR,ERR,ERR,ERR,ERR,ERR,ERR,ERR,ERR,ERR,ERR,ERR,ERR,ERR,ERR,ERR,ERR,ERR,ERR,ERR,ERR,ERR,ERR,ERR,ERR,ERR,ERR,ERR,ERR,ERR,ERR,ERR,ERR,ERR,0.0,0.0,2.6474777903227054e+23,0.0,0.0,1.3936040501711995e+18,7.805,0.0,0,0,4,0,7300,-0.0,0,0.0,0.0,0.0,0.0,0.0,0,0,0,0,0.0,0,0,0,0,0,0,0,0,0,0,0,0,0,0,0,0,0,0,0,0,0,0,0,0,0,0,0,0,0,0,0,0,0,32,30,30,62,65476,0,300,0,0,8,21553,0.0,-107605600.0,0.0,0.0,0.0,0.0,0.0,0.0,0.0,0.0,0.0,0.0,0.0,0.0,0.0,0.0,0.0,0.0,0.0,0.0,0.0,0.0,2.004,-0.0,-0.0,2.004,0.0,0.0,0.0,0.0,5498.0,0.0,6950.0,0.0,0.0,-107615280.0,0.0,0.0,0.0,0.0,0.0,63,-71.63,0.0,0.0,0.0,0.0,0.0,0.0,0.0,0.0,0,0,0,0.0,0.0,0.0,0.0,0.0,0.0,0.0,0.0,0.0,0.0,0.0,0.0,0.0,0.0,0.0,0.0,0,-107875648.0,63,0.0,126,2.7184242562605685e+23,-0.0,ERR,ERR,ERR,ERR,ERR,ERR,ERR,ERR,ERR,ERR,ERR,ERR,ERR,ERR,ERR,ERR,ERR,ERR,ERR,ERR,ERR,ERR,ERR,ERR,ERR,ERR,ERR,ERR,ERR,ERR,ERR,ERR,ERR,ERR,ERR,ERR,ERR,ERR,ERR,ERR,ERR,ERR,ERR,ERR,ERR,ERR,ERR,ERR,ERR,ERR,ERR,ERR,ERR,ERR,ERR,ERR,ERR,ERR,ERR,ERR,ERR,ERR,ERR,ERR,ERR,ERR,ERR,34.0,80.0,35,0.0,0.0,0.0,0.0,0.0,0.0,0.0,0.0,0.0,0.0,0.0,0.0,0.0,0.0,0.0,0.0,64.4,0,117,56,50,65476,0,300,0,0,8,20529,65476,0,0,57672,80.0,0.0,0.0,0.0,0.0,0.0
2026-06-17T04:05:33,ERR,ERR,ERR,ERR,ERR,ERR,ERR,ERR,ERR,ERR,ERR,ERR,ERR,ERR,ERR,ERR,ERR,ERR,ERR,ERR,ERR,ERR,ERR,ERR,ERR,ERR,ERR,ERR,ERR,ERR,ERR,ERR,ERR,ERR,ERR,ERR,ERR,ERR,ERR,ERR,ERR,ERR,ERR,ERR,ERR,ERR,ERR,ERR,ERR,ERR,ERR,ERR,ERR,ERR,ERR,ERR,ERR,ERR,ERR,ERR,ERR,ERR,ERR,ERR,ERR,ERR,ERR,ERR,ERR,ERR,ERR,ERR,ERR,ERR,ERR,ERR,ERR,ERR,ERR,ERR,ERR,ERR,ERR,ERR,ERR,ERR,ERR,ERR,ERR,ERR,ERR,ERR,ERR,ERR,ERR,ERR,ERR,ERR,ERR,ERR,ERR,ERR,ERR,ERR,ERR,ERR,ERR,ERR,ERR,ERR,ERR,ERR,ERR,ERR,ERR,ERR,ERR,ERR,ERR,ERR,ERR,ERR,ERR,ERR,ERR,0.0,0.0,2.6474777903227054e+23,0.0,0.0,1.3936040501711995e+18,7.805,0.0,0,0,4,0,7300,-0.0,0,0.0,0.0,0.0,0.0,0.0,0,0,0,0,0.0,0,0,0,0,0,0,0,0,0,0,0,0,0,0,0,0,0,0,0,0,0,0,0,0,0,0,0,0,0,0,0,0,0,32,30,30,62,65476,0,300,0,0,8,21553,0.0,-107605600.0,0.0,0.0,0.0,0.0,0.0,0.0,0.0,0.0,0.0,0.0,0.0,0.0,0.0,0.0,0.0,0.0,0.0,0.0,0.0,0.0,2.004,-0.0,-0.0,2.004,0.0,0.0,0.0,0.0,5498.0,0.0,6950.0,0.0,0.0,-107615280.0,0.0,0.0,0.0,0.0,0.0,63,-71.63,0.0,0.0,0.0,0.0,0.0,0.0,0.0,0.0,0,0,0,0.0,0.0,0.0,0.0,0.0,0.0,0.0,0.0,0.0,0.0,0.0,0.0,0.0,0.0,0.0,0.0,0,-107875648.0,63,0.0,126,2.7184242562605685e+23,-0.0,ERR,ERR,ERR,ERR,ERR,ERR,ERR,ERR,ERR,ERR,ERR,ERR,ERR,ERR,ERR,ERR,ERR,ERR,ERR,ERR,ERR,ERR,ERR,ERR,ERR,ERR,ERR,ERR,ERR,ERR,ERR,ERR,ERR,ERR,ERR,ERR,ERR,ERR,ERR,ERR,ERR,ERR,ERR,ERR,ERR,ERR,ERR,ERR,ERR,ERR,ERR,ERR,ERR,ERR,ERR,ERR,ERR,ERR,ERR,ERR,ERR,ERR,ERR,ERR,ERR,ERR,ERR,34.0,80.0,35,0.0,0.0,0.0,0.0,0.0,0.0,0.0,0.0,0.0,0.0,0.0,0.0,0.0,0.0,0.0,0.0,64.4,0,117,56,50,65476,0,300,0,0,8,20529,65476,0,0,57672,80.0,0.0,0.0,0.0,0.0,0.0
2026-06-17T04:05:34,ERR,ERR,ERR,ERR,ERR,ERR,ERR,ERR,ERR,ERR,ERR,ERR,ERR,ERR,ERR,ERR,ERR,ERR,ERR,ERR,ERR,ERR,ERR,ERR,ERR,ERR,ERR,ERR,ERR,ERR,ERR,ERR,ERR,ERR,ERR,ERR,ERR,ERR,ERR,ERR,ERR,ERR,ERR,ERR,ERR,ERR,ERR,ERR,ERR,ERR,ERR,ERR,ERR,ERR,ERR,ERR,ERR,ERR,ERR,ERR,ERR,ERR,ERR,ERR,ERR,ERR,ERR,ERR,ERR,ERR,ERR,ERR,ERR,ERR,ERR,ERR,ERR,ERR,ERR,ERR,ERR,ERR,ERR,ERR,ERR,ERR,ERR,ERR,ERR,ERR,ERR,ERR,ERR,ERR,ERR,ERR,ERR,ERR,ERR,ERR,ERR,ERR,ERR,ERR,ERR,ERR,ERR,ERR,ERR,ERR,ERR,ERR,ERR,ERR,ERR,ERR,ERR,ERR,ERR,ERR,ERR,ERR,ERR,ERR,ERR,0.0,0.0,2.6474777903227054e+23,0.0,0.0,1.3936040501711995e+18,7.805,0.0,0,0,4,0,7300,-0.0,0,0.0,0.0,0.0,0.0,0.0,0,0,0,0,0.0,0,0,0,0,0,0,0,0,0,0,0,0,0,0,0,0,0,0,0,0,0,0,0,0,0,0,0,0,0,0,0,0,0,32,30,30,62,65476,0,300,0,0,8,21553,0.0,-107605600.0,0.0,0.0,0.0,0.0,0.0,0.0,0.0,0.0,0.0,0.0,0.0,0.0,0.0,0.0,0.0,0.0,0.0,0.0,0.0,0.0,2.004,-0.0,-0.0,2.004,0.0,0.0,0.0,0.0,5498.0,0.0,6950.0,0.0,0.0,-107615280.0,0.0,0.0,0.0,0.0,0.0,63,-71.63,0.0,0.0,0.0,0.0,0.0,0.0,0.0,0.0,0,0,0,0.0,0.0,0.0,0.0,0.0,0.0,0.0,0.0,0.0,0.0,0.0,0.0,0.0,0.0,0.0,0.0,0,-107875648.0,63,0.0,126,2.7184242562605685e+23,-0.0,ERR,ERR,ERR,ERR,ERR,ERR,ERR,ERR,ERR,ERR,ERR,ERR,ERR,ERR,ERR,ERR,ERR,ERR,ERR,ERR,ERR,ERR,ERR,ERR,ERR,ERR,ERR,ERR,ERR,ERR,ERR,ERR,ERR,ERR,ERR,ERR,ERR,ERR,ERR,ERR,ERR,ERR,ERR,ERR,ERR,ERR,ERR,ERR,ERR,ERR,ERR,ERR,ERR,ERR,ERR,ERR,ERR,ERR,ERR,ERR,ERR,ERR,ERR,ERR,ERR,ERR,ERR,34.0,80.0,35,0.0,0.0,0.0,0.0,0.0,0.0,0.0,0.0,0.0,0.0,0.0,0.0,0.0,0.0,0.0,0.0,64.4,0,117,56,50,65476,0,300,0,0,8,20529,65476,0,0,57672,80.0,0.0,0.0,0.0,0.0,0.0
2026-06-17T04:05:35,ERR,ERR,ERR,ERR,ERR,ERR,ERR,ERR,ERR,ERR,ERR,ERR,ERR,ERR,ERR,ERR,ERR,ERR,ERR,ERR,ERR,ERR,ERR,ERR,ERR,ERR,ERR,ERR,ERR,ERR,ERR,ERR,ERR,ERR,ERR,ERR,ERR,ERR,ERR,ERR,ERR,ERR,ERR,ERR,ERR,ERR,ERR,ERR,ERR,ERR,ERR,ERR,ERR,ERR,ERR,ERR,ERR,ERR,ERR,ERR,ERR,ERR,ERR,ERR,ERR,ERR,ERR,ERR,ERR,ERR,ERR,ERR,ERR,ERR,ERR,ERR,ERR,ERR,ERR,ERR,ERR,ERR,ERR,ERR,ERR,ERR,ERR,ERR,ERR,ERR,ERR,ERR,ERR,ERR,ERR,ERR,ERR,ERR,ERR,ERR,ERR,ERR,ERR,ERR,ERR,ERR,ERR,ERR,ERR,ERR,ERR,ERR,ERR,ERR,ERR,ERR,ERR,ERR,ERR,ERR,ERR,ERR,ERR,ERR,ERR,0.0,0.0,2.6474777903227054e+23,0.0,0.0,1.3936040501711995e+18,7.805,0.0,0,0,4,0,7300,-0.0,0,0.0,0.0,0.0,0.0,0.0,0,0,0,0,0.0,0,0,0,0,0,0,0,0,0,0,0,0,0,0,0,0,0,0,0,0,0,0,0,0,0,0,0,0,0,0,0,0,0,32,30,30,62,65476,0,300,0,0,8,21553,0.0,-107605600.0,0.0,0.0,0.0,0.0,0.0,0.0,0.0,0.0,0.0,0.0,0.0,0.0,0.0,0.0,0.0,0.0,0.0,0.0,0.0,0.0,2.004,-0.0,-0.0,2.004,0.0,0.0,0.0,0.0,5493.0,0.0,6945.0,0.0,0.0,-107615280.0,0.0,0.0,0.0,0.0,0.0,63,-0.0,-3.222009408071634e+26,0.0,0.0,0.0,0.0,0.0,0.0,0.0,0,0,0,0.0,0.0,0.0,0.0,0.0,0.0,0.0,0.0,0.0,0.0,0.0,0.0,0.0,0.0,0.0,0.0,0,-107875648.0,63,0.0,126,2.7184242562605685e+23,-0.0,ERR,ERR,ERR,ERR,ERR,ERR,ERR,ERR,ERR,ERR,ERR,ERR,ERR,ERR,ERR,ERR,ERR,ERR,ERR,ERR,ERR,ERR,ERR,ERR,ERR,ERR,ERR,ERR,ERR,ERR,ERR,ERR,ERR,ERR,ERR,ERR,ERR,ERR,ERR,ERR,ERR,ERR,ERR,ERR,ERR,ERR,ERR,ERR,ERR,ERR,ERR,ERR,ERR,ERR,ERR,ERR,ERR,ERR,ERR,ERR,ERR,ERR,ERR,ERR,ERR,ERR,ERR,34.0,80.0,35,0.0,0.0,0.0,0.0,0.0,0.0,0.0,0.0,0.0,0.0,0.0,0.0,0.0,0.0,0.0,0.0,64.4,0,117,56,50,65476,0,300,0,0,8,20529,65476,0,0,57672,80.0,0.0,0.0,0.0,0.0,0.0
2026-06-17T04:05:36,ERR,ERR,ERR,ERR,ERR,ERR,ERR,ERR,ERR,ERR,ERR,ERR,ERR,ERR,ERR,ERR,ERR,ERR,ERR,ERR,ERR,ERR,ERR,ERR,ERR,ERR,ERR,ERR,ERR,ERR,ERR,ERR,ERR,ERR,ERR,ERR,ERR,ERR,ERR,ERR,ERR,ERR,ERR,ERR,ERR,ERR,ERR,ERR,ERR,ERR,ERR,ERR,ERR,ERR,ERR,ERR,ERR,ERR,ERR,ERR,ERR,ERR,ERR,ERR,ERR,ERR,ERR,ERR,ERR,ERR,ERR,ERR,ERR,ERR,ERR,ERR,ERR,ERR,ERR,ERR,ERR,ERR,ERR,ERR,ERR,ERR,ERR,ERR,ERR,ERR,ERR,ERR,ERR,ERR,ERR,ERR,ERR,ERR,ERR,ERR,ERR,ERR,ERR,ERR,ERR,ERR,ERR,ERR,ERR,ERR,ERR,ERR,ERR,ERR,ERR,ERR,ERR,ERR,ERR,ERR,ERR,ERR,ERR,ERR,ERR,0.0,0.0,2.6474777903227054e+23,0.0,0.0,1.3936040501711995e+18,7.805,0.0,0,0,4,0,7300,-0.0,0,0.0,0.0,0.0,0.0,0.0,0,0,0,0,0.0,0,0,0,0,0,0,0,0,0,0,0,0,0,0,0,0,0,0,0,0,0,0,0,0,0,0,0,0,0,0,0,0,0,32,30,30,62,65476,0,300,0,0,8,21553,0.0,-107605600.0,0.0,0.0,0.0,0.0,0.0,0.0,0.0,0.0,0.0,0.0,0.0,0.0,0.0,0.0,0.0,0.0,0.0,0.0,0.0,0.0,2.004,-0.0,-0.0,2.004,0.0,0.0,0.0,0.0,5493.0,0.0,6945.0,0.0,0.0,-107615280.0,0.0,0.0,0.0,0.0,0.0,63,-0.0,-3.222009408071634e+26,0.0,0.0,0.0,0.0,0.0,0.0,0.0,0,0,0,0.0,0.0,0.0,0.0,0.0,0.0,0.0,0.0,0.0,0.0,0.0,0.0,0.0,0.0,0.0,0.0,0,-107875648.0,63,0.0,126,2.7184242562605685e+23,-0.0,ERR,ERR,ERR,ERR,ERR,ERR,ERR,ERR,ERR,ERR,ERR,ERR,ERR,ERR,ERR,ERR,ERR,ERR,ERR,ERR,ERR,ERR,ERR,ERR,ERR,ERR,ERR,ERR,ERR,ERR,ERR,ERR,ERR,ERR,ERR,ERR,ERR,ERR,ERR,ERR,ERR,ERR,ERR,ERR,ERR,ERR,ERR,ERR,ERR,ERR,ERR,ERR,ERR,ERR,ERR,ERR,ERR,ERR,ERR,ERR,ERR,ERR,ERR,ERR,ERR,ERR,ERR,34.0,80.0,35,0.0,0.0,0.0,0.0,0.0,0.0,0.0,0.0,0.0,0.0,0.0,0.0,0.0,0.0,0.0,0.0,64.4,0,117,56,50,65476,0,300,0,0,8,20529,65476,0,0,57672,80.0,0.0,0.0,0.0,0.0,0.0
2026-06-17T04:05:37,ERR,ERR,ERR,ERR,ERR,ERR,ERR,ERR,ERR,ERR,ERR,ERR,ERR,ERR,ERR,ERR,ERR,ERR,ERR,ERR,ERR,ERR,ERR,ERR,ERR,ERR,ERR,ERR,ERR,ERR,ERR,ERR,ERR,ERR,ERR,ERR,ERR,ERR,ERR,ERR,ERR,ERR,ERR,ERR,ERR,ERR,ERR,ERR,ERR,ERR,ERR,ERR,ERR,ERR,ERR,ERR,ERR,ERR,ERR,ERR,ERR,ERR,ERR,ERR,ERR,ERR,ERR,ERR,ERR,ERR,ERR,ERR,ERR,ERR,ERR,ERR,ERR,ERR,ERR,ERR,ERR,ERR,ERR,ERR,ERR,ERR,ERR,ERR,ERR,ERR,ERR,ERR,ERR,ERR,ERR,ERR,ERR,ERR,ERR,ERR,ERR,ERR,ERR,ERR,ERR,ERR,ERR,ERR,ERR,ERR,ERR,ERR,ERR,ERR,ERR,ERR,ERR,ERR,ERR,ERR,ERR,ERR,ERR,ERR,ERR,0.0,0.0,2.6474777903227054e+23,0.0,0.0,1.3936040501711995e+18,7.805,0.0,0,0,4,0,7300,-0.0,0,0.0,0.0,0.0,0.0,0.0,0,0,0,0,0.0,0,0,0,0,0,0,0,0,0,0,0,0,0,0,0,0,0,0,0,0,0,0,0,0,0,0,0,0,0,0,0,0,0,32,30,30,62,65476,0,300,0,0,8,21553,0.0,-107605600.0,0.0,0.0,0.0,0.0,0.0,0.0,0.0,0.0,0.0,0.0,0.0,0.0,0.0,0.0,0.0,0.0,0.0,0.0,0.0,0.0,2.004,-0.0,-0.0,2.004,0.0,0.0,0.0,0.0,5493.0,0.0,6945.0,0.0,0.0,-107615280.0,0.0,0.0,0.0,0.0,0.0,63,-0.0,-3.222009408071634e+26,0.0,0.0,0.0,0.0,0.0,0.0,0.0,0,0,0,0.0,0.0,0.0,0.0,0.0,0.0,0.0,0.0,0.0,0.0,0.0,0.0,0.0,0.0,0.0,0.0,0,-107875648.0,63,0.0,126,2.7184242562605685e+23,-0.0,ERR,ERR,ERR,ERR,ERR,ERR,ERR,ERR,ERR,ERR,ERR,ERR,ERR,ERR,ERR,ERR,ERR,ERR,ERR,ERR,ERR,ERR,ERR,ERR,ERR,ERR,ERR,ERR,ERR,ERR,ERR,ERR,ERR,ERR,ERR,ERR,ERR,ERR,ERR,ERR,ERR,ERR,ERR,ERR,ERR,ERR,ERR,ERR,ERR,ERR,ERR,ERR,ERR,ERR,ERR,ERR,ERR,ERR,ERR,ERR,ERR,ERR,ERR,ERR,ERR,ERR,ERR,34.0,80.0,35,0.0,0.0,0.0,0.0,0.0,0.0,0.0,0.0,0.0,0.0,0.0,0.0,0.0,0.0,0.0,0.0,64.4,0,117,56,50,65476,0,300,0,0,8,20529,65476,0,0,57672,80.0,0.0,0.0,0.0,0.0,0.0
2026-06-17T04:05:38,ERR,ERR,ERR,ERR,ERR,ERR,ERR,ERR,ERR,ERR,ERR,ERR,ERR,ERR,ERR,ERR,ERR,ERR,ERR,ERR,ERR,ERR,ERR,ERR,ERR,ERR,ERR,ERR,ERR,ERR,ERR,ERR,ERR,ERR,ERR,ERR,ERR,ERR,ERR,ERR,ERR,ERR,ERR,ERR,ERR,ERR,ERR,ERR,ERR,ERR,ERR,ERR,ERR,ERR,ERR,ERR,ERR,ERR,ERR,ERR,ERR,ERR,ERR,ERR,ERR,ERR,ERR,ERR,ERR,ERR,ERR,ERR,ERR,ERR,ERR,ERR,ERR,ERR,ERR,ERR,ERR,ERR,ERR,ERR,ERR,ERR,ERR,ERR,ERR,ERR,ERR,ERR,ERR,ERR,ERR,ERR,ERR,ERR,ERR,ERR,ERR,ERR,ERR,ERR,ERR,ERR,ERR,ERR,ERR,ERR,ERR,ERR,ERR,ERR,ERR,ERR,ERR,ERR,ERR,ERR,ERR,ERR,ERR,ERR,ERR,0.0,0.0,2.6474777903227054e+23,0.0,0.0,1.3936040501711995e+18,7.805,0.0,0,0,4,0,7300,-0.0,0,0.0,0.0,0.0,0.0,0.0,0,0,0,0,0.0,0,0,0,0,0,0,0,0,0,0,0,0,0,0,0,0,0,0,0,0,0,0,0,0,0,0,0,0,0,0,0,0,0,32,30,30,62,65476,0,300,0,0,8,21553,0.0,-107605600.0,0.0,0.0,0.0,0.0,0.0,0.0,0.0,0.0,0.0,0.0,0.0,0.0,0.0,0.0,0.0,0.0,0.0,0.0,0.0,0.0,2.004,-0.0,-0.0,2.004,0.0,0.0,0.0,0.0,5493.0,0.0,6945.0,0.0,0.0,-107615280.0,0.0,0.0,0.0,0.0,0.0,63,-0.0,-3.222009408071634e+26,0.0,0.0,0.0,0.0,0.0,0.0,0.0,0,0,0,0.0,0.0,0.0,0.0,0.0,0.0,0.0,0.0,0.0,0.0,0.0,0.0,0.0,0.0,0.0,0.0,0,-107875648.0,63,0.0,126,2.7184242562605685e+23,-0.0,ERR,ERR,ERR,ERR,ERR,ERR,ERR,ERR,ERR,ERR,ERR,ERR,ERR,ERR,ERR,ERR,ERR,ERR,ERR,ERR,ERR,ERR,ERR,ERR,ERR,ERR,ERR,ERR,ERR,ERR,ERR,ERR,ERR,ERR,ERR,ERR,ERR,ERR,ERR,ERR,ERR,ERR,ERR,ERR,ERR,ERR,ERR,ERR,ERR,ERR,ERR,ERR,ERR,ERR,ERR,ERR,ERR,ERR,ERR,ERR,ERR,ERR,ERR,ERR,ERR,ERR,ERR,34.0,80.0,35,0.0,0.0,0.0,0.0,0.0,0.0,0.0,0.0,0.0,0.0,0.0,0.0,0.0,0.0,0.0,0.0,64.4,0,117,56,50,65476,0,300,0,0,8,20529,65476,0,0,57672,80.0,0.0,0.0,0.0,0.0,0.0
2026-06-17T04:05:39,ERR,ERR,ERR,ERR,ERR,ERR,ERR,ERR,ERR,ERR,ERR,ERR,ERR,ERR,ERR,ERR,ERR,ERR,ERR,ERR,ERR,ERR,ERR,ERR,ERR,ERR,ERR,ERR,ERR,ERR,ERR,ERR,ERR,ERR,ERR,ERR,ERR,ERR,ERR,ERR,ERR,ERR,ERR,ERR,ERR,ERR,ERR,ERR,ERR,ERR,ERR,ERR,ERR,ERR,ERR,ERR,ERR,ERR,ERR,ERR,ERR,ERR,ERR,ERR,ERR,ERR,ERR,ERR,ERR,ERR,ERR,ERR,ERR,ERR,ERR,ERR,ERR,ERR,ERR,ERR,ERR,ERR,ERR,ERR,ERR,ERR,ERR,ERR,ERR,ERR,ERR,ERR,ERR,ERR,ERR,ERR,ERR,ERR,ERR,ERR,ERR,ERR,ERR,ERR,ERR,ERR,ERR,ERR,ERR,ERR,ERR,ERR,ERR,ERR,ERR,ERR,ERR,ERR,ERR,ERR,ERR,ERR,ERR,ERR,ERR,0.0,0.0,2.6474777903227054e+23,0.0,0.0,1.3936040501711995e+18,7.805,0.0,0,0,4,0,7300,-0.0,0,0.0,0.0,0.0,0.0,0.0,0,0,0,0,0.0,0,0,0,0,0,0,0,0,0,0,0,0,0,0,0,0,0,0,0,0,0,0,0,0,0,0,0,0,0,0,0,0,0,32,30,30,62,65476,0,300,0,0,8,21553,0.0,-107605600.0,0.0,0.0,0.0,0.0,0.0,0.0,0.0,0.0,0.0,0.0,0.0,0.0,0.0,0.0,0.0,0.0,0.0,0.0,0.0,0.0,2.004,-0.0,-0.0,2.004,0.0,0.0,0.0,0.0,5493.0,0.0,6945.0,0.0,0.0,-107615280.0,0.0,0.0,0.0,0.0,0.0,63,-0.0,-3.222009408071634e+26,0.0,0.0,0.0,0.0,0.0,0.0,0.0,0,0,0,0.0,0.0,0.0,0.0,0.0,0.0,0.0,0.0,0.0,0.0,0.0,0.0,0.0,0.0,0.0,0.0,0,-107875648.0,63,0.0,126,2.7184242562605685e+23,-0.0,ERR,ERR,ERR,ERR,ERR,ERR,ERR,ERR,ERR,ERR,ERR,ERR,ERR,ERR,ERR,ERR,ERR,ERR,ERR,ERR,ERR,ERR,ERR,ERR,ERR,ERR,ERR,ERR,ERR,ERR,ERR,ERR,ERR,ERR,ERR,ERR,ERR,ERR,ERR,ERR,ERR,ERR,ERR,ERR,ERR,ERR,ERR,ERR,ERR,ERR,ERR,ERR,ERR,ERR,ERR,ERR,ERR,ERR,ERR,ERR,ERR,ERR,ERR,ERR,ERR,ERR,ERR,34.0,80.0,35,0.0,0.0,0.0,0.0,0.0,0.0,0.0,0.0,0.0,0.0,0.0,0.0,0.0,0.0,0.0,0.0,64.8,0,117,56,50,65476,0,300,0,0,8,20529,65476,0,0,57672,80.0,0.0,0.0,0.0,0.0,0.0
2026-06-17T04:05:40,ERR,ERR,ERR,ERR,ERR,ERR,ERR,ERR,ERR,ERR,ERR,ERR,ERR,ERR,ERR,ERR,ERR,ERR,ERR,ERR,ERR,ERR,ERR,ERR,ERR,ERR,ERR,ERR,ERR,ERR,ERR,ERR,ERR,ERR,ERR,ERR,ERR,ERR,ERR,ERR,ERR,ERR,ERR,ERR,ERR,ERR,ERR,ERR,ERR,ERR,ERR,ERR,ERR,ERR,ERR,ERR,ERR,ERR,ERR,ERR,ERR,ERR,ERR,ERR,ERR,ERR,ERR,ERR,ERR,ERR,ERR,ERR,ERR,ERR,ERR,ERR,ERR,ERR,ERR,ERR,ERR,ERR,ERR,ERR,ERR,ERR,ERR,ERR,ERR,ERR,ERR,ERR,ERR,ERR,ERR,ERR,ERR,ERR,ERR,ERR,ERR,ERR,ERR,ERR,ERR,ERR,ERR,ERR,ERR,ERR,ERR,ERR,ERR,ERR,ERR,ERR,ERR,ERR,ERR,ERR,ERR,ERR,ERR,ERR,ERR,0.0,0.0,2.6474777903227054e+23,0.0,0.0,1.3936040501711995e+18,7.805,0.0,0,0,4,0,7300,-0.0,0,0.0,0.0,0.0,0.0,0.0,0,0,0,0,0.0,0,0,0,0,0,0,0,0,0,0,0,0,0,0,0,0,0,0,0,0,0,0,0,0,0,0,0,0,0,0,0,0,0,32,30,30,62,65476,0,300,0,0,8,21553,0.0,-107605600.0,0.0,0.0,0.0,0.0,0.0,0.0,0.0,0.0,0.0,0.0,0.0,0.0,0.0,0.0,0.0,0.0,0.0,0.0,0.0,0.0,2.004,-0.0,-0.0,2.004,0.0,0.0,0.0,0.0,5461.0,-564146772901888.0,6971.0,0.0,0.0,-107615280.0,0.0,0.0,0.0,0.0,0.0,63,-0.0,-0.0,0.0,0.0,0.0,0.0,0.0,0.0,0.0,0,0,0,0.0,0.0,0.0,0.0,0.0,0.0,0.0,0.0,0.0,0.0,0.0,0.0,0.0,0.0,0.0,0.0,0,-107875648.0,63,0.0,126,2.7184242562605685e+23,-0.0,ERR,ERR,ERR,ERR,ERR,ERR,ERR,ERR,ERR,ERR,ERR,ERR,ERR,ERR,ERR,ERR,ERR,ERR,ERR,ERR,ERR,ERR,ERR,ERR,ERR,ERR,ERR,ERR,ERR,ERR,ERR,ERR,ERR,ERR,ERR,ERR,ERR,ERR,ERR,ERR,ERR,ERR,ERR,ERR,ERR,ERR,ERR,ERR,ERR,ERR,ERR,ERR,ERR,ERR,ERR,ERR,ERR,ERR,ERR,ERR,ERR,ERR,ERR,ERR,ERR,ERR,ERR,34.0,80.0,35,0.0,0.0,0.0,0.0,0.0,0.0,0.0,0.0,0.0,0.0,0.0,0.0,0.0,0.0,0.0,0.0,64.8,0,117,56,50,65476,0,300,0,0,8,20529,65476,0,0,57672,80.0,0.0,0.0,0.0,0.0,0.0
2026-06-17T04:05:41,ERR,ERR,ERR,ERR,ERR,ERR,ERR,ERR,ERR,ERR,ERR,ERR,ERR,ERR,ERR,ERR,ERR,ERR,ERR,ERR,ERR,ERR,ERR,ERR,ERR,ERR,ERR,ERR,ERR,ERR,ERR,ERR,ERR,ERR,ERR,ERR,ERR,ERR,ERR,ERR,ERR,ERR,ERR,ERR,ERR,ERR,ERR,ERR,ERR,ERR,ERR,ERR,ERR,ERR,ERR,ERR,ERR,ERR,ERR,ERR,ERR,ERR,ERR,ERR,ERR,ERR,ERR,ERR,ERR,ERR,ERR,ERR,ERR,ERR,ERR,ERR,ERR,ERR,ERR,ERR,ERR,ERR,ERR,ERR,ERR,ERR,ERR,ERR,ERR,ERR,ERR,ERR,ERR,ERR,ERR,ERR,ERR,ERR,ERR,ERR,ERR,ERR,ERR,ERR,ERR,ERR,ERR,ERR,ERR,ERR,ERR,ERR,ERR,ERR,ERR,ERR,ERR,ERR,ERR,ERR,ERR,ERR,ERR,ERR,ERR,0.0,0.0,2.6474777903227054e+23,0.0,0.0,1.3936040501711995e+18,7.805,0.0,0,0,4,0,7300,-0.0,0,0.0,0.0,0.0,0.0,0.0,0,0,0,0,0.0,0,0,0,0,0,0,0,0,0,0,0,0,0,0,0,0,0,0,0,0,0,0,0,0,0,0,0,0,0,0,0,0,0,32,30,30,62,65476,0,300,0,0,8,21553,0.0,-107605600.0,0.0,0.0,0.0,0.0,0.0,0.0,0.0,0.0,0.0,0.0,0.0,0.0,0.0,0.0,0.0,0.0,0.0,0.0,0.0,0.0,2.004,-0.0,-0.0,2.004,0.0,0.0,0.0,0.0,5461.0,-564146772901888.0,6971.0,0.0,0.0,-107615280.0,0.0,0.0,0.0,0.0,0.0,63,-0.0,-0.0,0.0,0.0,0.0,0.0,0.0,0.0,0.0,0,0,0,0.0,0.0,0.0,0.0,0.0,0.0,0.0,0.0,0.0,0.0,0.0,0.0,0.0,0.0,0.0,0.0,0,-107875648.0,63,0.0,126,2.7184242562605685e+23,-0.0,ERR,ERR,ERR,ERR,ERR,ERR,ERR,ERR,ERR,ERR,ERR,ERR,ERR,ERR,ERR,ERR,ERR,ERR,ERR,ERR,ERR,ERR,ERR,ERR,ERR,ERR,ERR,ERR,ERR,ERR,ERR,ERR,ERR,ERR,ERR,ERR,ERR,ERR,ERR,ERR,ERR,ERR,ERR,ERR,ERR,ERR,ERR,ERR,ERR,ERR,ERR,ERR,ERR,ERR,ERR,ERR,ERR,ERR,ERR,ERR,ERR,ERR,ERR,ERR,ERR,ERR,ERR,34.0,80.0,35,0.0,0.0,0.0,0.0,0.0,0.0,0.0,0.0,0.0,0.0,0.0,0.0,0.0,0.0,0.0,0.0,64.4,0,117,56,50,65476,0,300,0,0,8,20529,65476,0,0,57672,80.0,0.0,0.0,0.0,0.0,0.0
2026-06-17T04:05:42,ERR,ERR,ERR,ERR,ERR,ERR,ERR,ERR,ERR,ERR,ERR,ERR,ERR,ERR,ERR,ERR,ERR,ERR,ERR,ERR,ERR,ERR,ERR,ERR,ERR,ERR,ERR,ERR,ERR,ERR,ERR,ERR,ERR,ERR,ERR,ERR,ERR,ERR,ERR,ERR,ERR,ERR,ERR,ERR,ERR,ERR,ERR,ERR,ERR,ERR,ERR,ERR,ERR,ERR,ERR,ERR,ERR,ERR,ERR,ERR,ERR,ERR,ERR,ERR,ERR,ERR,ERR,ERR,ERR,ERR,ERR,ERR,ERR,ERR,ERR,ERR,ERR,ERR,ERR,ERR,ERR,ERR,ERR,ERR,ERR,ERR,ERR,ERR,ERR,ERR,ERR,ERR,ERR,ERR,ERR,ERR,ERR,ERR,ERR,ERR,ERR,ERR,ERR,ERR,ERR,ERR,ERR,ERR,ERR,ERR,ERR,ERR,ERR,ERR,ERR,ERR,ERR,ERR,ERR,ERR,ERR,ERR,ERR,ERR,ERR,0.0,0.0,2.6474777903227054e+23,0.0,0.0,1.3936040501711995e+18,7.805,0.0,0,0,4,0,7300,-0.0,0,0.0,0.0,0.0,0.0,0.0,0,0,0,0,0.0,0,0,0,0,0,0,0,0,0,0,0,0,0,0,0,0,0,0,0,0,0,0,0,0,0,0,0,0,0,0,0,0,0,32,30,30,62,65476,0,300,0,0,8,21553,0.0,-107605600.0,0.0,0.0,0.0,0.0,0.0,0.0,0.0,0.0,0.0,0.0,0.0,0.0,0.0,0.0,0.0,0.0,0.0,0.0,0.0,0.0,2.004,-0.0,-0.0,2.004,0.0,0.0,0.0,0.0,5461.0,-564146772901888.0,6971.0,0.0,0.0,-107615280.0,0.0,0.0,0.0,0.0,0.0,63,-0.0,-0.0,0.0,0.0,0.0,0.0,0.0,0.0,0.0,0,0,0,0.0,0.0,0.0,0.0,0.0,0.0,0.0,0.0,0.0,0.0,0.0,0.0,0.0,0.0,0.0,0.0,0,-107875648.0,63,0.0,126,2.7184242562605685e+23,-0.0,ERR,ERR,ERR,ERR,ERR,ERR,ERR,ERR,ERR,ERR,ERR,ERR,ERR,ERR,ERR,ERR,ERR,ERR,ERR,ERR,ERR,ERR,ERR,ERR,ERR,ERR,ERR,ERR,ERR,ERR,ERR,ERR,ERR,ERR,ERR,ERR,ERR,ERR,ERR,ERR,ERR,ERR,ERR,ERR,ERR,ERR,ERR,ERR,ERR,ERR,ERR,ERR,ERR,ERR,ERR,ERR,ERR,ERR,ERR,ERR,ERR,ERR,ERR,ERR,ERR,ERR,ERR,34.0,80.0,35,0.0,0.0,0.0,0.0,0.0,0.0,0.0,0.0,0.0,0.0,0.0,0.0,0.0,0.0,0.0,0.0,64.4,0,117,56,50,65476,0,300,0,0,8,20529,65476,0,0,57672,80.0,0.0,0.0,0.0,0.0,0.0
2026-06-17T04:05:43,ERR,ERR,ERR,ERR,ERR,ERR,ERR,ERR,ERR,ERR,ERR,ERR,ERR,ERR,ERR,ERR,ERR,ERR,ERR,ERR,ERR,ERR,ERR,ERR,ERR,ERR,ERR,ERR,ERR,ERR,ERR,ERR,ERR,ERR,ERR,ERR,ERR,ERR,ERR,ERR,ERR,ERR,ERR,ERR,ERR,ERR,ERR,ERR,ERR,ERR,ERR,ERR,ERR,ERR,ERR,ERR,ERR,ERR,ERR,ERR,ERR,ERR,ERR,ERR,ERR,ERR,ERR,ERR,ERR,ERR,ERR,ERR,ERR,ERR,ERR,ERR,ERR,ERR,ERR,ERR,ERR,ERR,ERR,ERR,ERR,ERR,ERR,ERR,ERR,ERR,ERR,ERR,ERR,ERR,ERR,ERR,ERR,ERR,ERR,ERR,ERR,ERR,ERR,ERR,ERR,ERR,ERR,ERR,ERR,ERR,ERR,ERR,ERR,ERR,ERR,ERR,ERR,ERR,ERR,ERR,ERR,ERR,ERR,ERR,ERR,0.0,0.0,2.6474777903227054e+23,0.0,0.0,1.3936040501711995e+18,7.805,0.0,0,0,4,0,7300,-0.0,0,0.0,0.0,0.0,0.0,0.0,0,0,0,0,0.0,0,0,0,0,0,0,0,0,0,0,0,0,0,0,0,0,0,0,0,0,0,0,0,0,0,0,0,0,0,0,0,0,0,32,30,30,62,65476,0,300,0,0,8,21553,0.0,-107605600.0,0.0,0.0,0.0,0.0,0.0,0.0,0.0,0.0,0.0,0.0,0.0,0.0,0.0,0.0,0.0,0.0,0.0,0.0,0.0,0.0,2.004,-0.0,-0.0,2.004,0.0,0.0,0.0,0.0,5461.0,-564146772901888.0,6971.0,0.0,0.0,-107615280.0,0.0,0.0,0.0,0.0,0.0,63,-0.0,-0.0,0.0,0.0,0.0,0.0,0.0,0.0,0.0,0,0,0,0.0,0.0,0.0,0.0,0.0,0.0,0.0,0.0,0.0,0.0,0.0,0.0,0.0,0.0,0.0,0.0,0,-107875648.0,63,0.0,126,2.7184242562605685e+23,-0.0,ERR,ERR,ERR,ERR,ERR,ERR,ERR,ERR,ERR,ERR,ERR,ERR,ERR,ERR,ERR,ERR,ERR,ERR,ERR,ERR,ERR,ERR,ERR,ERR,ERR,ERR,ERR,ERR,ERR,ERR,ERR,ERR,ERR,ERR,ERR,ERR,ERR,ERR,ERR,ERR,ERR,ERR,ERR,ERR,ERR,ERR,ERR,ERR,ERR,ERR,ERR,ERR,ERR,ERR,ERR,ERR,ERR,ERR,ERR,ERR,ERR,ERR,ERR,ERR,ERR,ERR,ERR,34.0,80.0,35,0.0,0.0,0.0,0.0,0.0,0.0,0.0,0.0,0.0,0.0,0.0,0.0,0.0,0.0,0.0,0.0,64.8,0,117,56,50,65476,0,300,0,0,8,20529,65476,0,0,57672,80.0,0.0,0.0,0.0,0.0,0.0
2026-06-17T04:05:44,ERR,ERR,ERR,ERR,ERR,ERR,ERR,ERR,ERR,ERR,ERR,ERR,ERR,ERR,ERR,ERR,ERR,ERR,ERR,ERR,ERR,ERR,ERR,ERR,ERR,ERR,ERR,ERR,ERR,ERR,ERR,ERR,ERR,ERR,ERR,ERR,ERR,ERR,ERR,ERR,ERR,ERR,ERR,ERR,ERR,ERR,ERR,ERR,ERR,ERR,ERR,ERR,ERR,ERR,ERR,ERR,ERR,ERR,ERR,ERR,ERR,ERR,ERR,ERR,ERR,ERR,ERR,ERR,ERR,ERR,ERR,ERR,ERR,ERR,ERR,ERR,ERR,ERR,ERR,ERR,ERR,ERR,ERR,ERR,ERR,ERR,ERR,ERR,ERR,ERR,ERR,ERR,ERR,ERR,ERR,ERR,ERR,ERR,ERR,ERR,ERR,ERR,ERR,ERR,ERR,ERR,ERR,ERR,ERR,ERR,ERR,ERR,ERR,ERR,ERR,ERR,ERR,ERR,ERR,ERR,ERR,ERR,ERR,ERR,ERR,0.0,0.0,2.6474777903227054e+23,0.0,0.0,1.3936040501711995e+18,7.805,0.0,0,0,4,0,7300,-0.0,0,0.0,0.0,0.0,0.0,0.0,0,0,0,0,0.0,0,0,0,0,0,0,0,0,0,0,0,0,0,0,0,0,0,0,0,0,0,0,0,0,0,0,0,0,0,0,0,0,0,32,30,30,62,65476,0,300,0,0,8,21553,0.0,-107605600.0,0.0,0.0,0.0,0.0,0.0,0.0,0.0,0.0,0.0,0.0,0.0,0.0,0.0,0.0,0.0,0.0,0.0,0.0,0.0,0.0,2.004,-0.0,-0.0,2.004,0.0,0.0,0.0,0.0,5461.0,-564146772901888.0,6971.0,0.0,0.0,-107615280.0,0.0,0.0,0.0,0.0,0.0,63,-0.0,-0.0,0.0,0.0,0.0,0.0,0.0,0.0,0.0,0,0,0,0.0,0.0,0.0,0.0,0.0,0.0,0.0,0.0,0.0,0.0,0.0,0.0,0.0,0.0,0.0,0.0,0,-107875648.0,63,0.0,126,2.7184242562605685e+23,-0.0,ERR,ERR,ERR,ERR,ERR,ERR,ERR,ERR,ERR,ERR,ERR,ERR,ERR,ERR,ERR,ERR,ERR,ERR,ERR,ERR,ERR,ERR,ERR,ERR,ERR,ERR,ERR,ERR,ERR,ERR,ERR,ERR,ERR,ERR,ERR,ERR,ERR,ERR,ERR,ERR,ERR,ERR,ERR,ERR,ERR,ERR,ERR,ERR,ERR,ERR,ERR,ERR,ERR,ERR,ERR,ERR,ERR,ERR,ERR,ERR,ERR,ERR,ERR,ERR,ERR,ERR,ERR,34.0,80.0,35,0.0,0.0,0.0,0.0,0.0,0.0,0.0,0.0,0.0,0.0,0.0,0.0,0.0,0.0,0.0,0.0,64.4,0,117,56,50,65476,0,300,0,0,8,20529,65476,0,0,57672,80.0,0.0,0.0,0.0,0.0,0.0
2026-06-17T04:05:45,ERR,ERR,ERR,ERR,ERR,ERR,ERR,ERR,ERR,ERR,ERR,ERR,ERR,ERR,ERR,ERR,ERR,ERR,ERR,ERR,ERR,ERR,ERR,ERR,ERR,ERR,ERR,ERR,ERR,ERR,ERR,ERR,ERR,ERR,ERR,ERR,ERR,ERR,ERR,ERR,ERR,ERR,ERR,ERR,ERR,ERR,ERR,ERR,ERR,ERR,ERR,ERR,ERR,ERR,ERR,ERR,ERR,ERR,ERR,ERR,ERR,ERR,ERR,ERR,ERR,ERR,ERR,ERR,ERR,ERR,ERR,ERR,ERR,ERR,ERR,ERR,ERR,ERR,ERR,ERR,ERR,ERR,ERR,ERR,ERR,ERR,ERR,ERR,ERR,ERR,ERR,ERR,ERR,ERR,ERR,ERR,ERR,ERR,ERR,ERR,ERR,ERR,ERR,ERR,ERR,ERR,ERR,ERR,ERR,ERR,ERR,ERR,ERR,ERR,ERR,ERR,ERR,ERR,ERR,ERR,ERR,ERR,ERR,ERR,ERR,0.0,0.0,2.6474777903227054e+23,0.0,0.0,1.3936040501711995e+18,7.805,0.0,0,0,4,0,7300,-0.0,0,0.0,0.0,0.0,0.0,0.0,0,0,0,0,0.0,0,0,0,0,0,0,0,0,0,0,0,0,0,0,0,0,0,0,0,0,0,0,0,0,0,0,0,0,0,0,0,0,0,32,30,30,62,65476,0,300,0,0,8,21553,0.0,-107605600.0,0.0,0.0,0.0,0.0,0.0,0.0,0.0,0.0,0.0,0.0,0.0,0.0,0.0,0.0,0.0,0.0,0.0,0.0,0.0,0.0,2.004,-0.0,-0.0,2.004,0.0,0.0,0.0,0.0,5462.0,0.0,6947.0,0.0,0.0,-107615280.0,0.0,0.0,0.0,0.0,0.0,63,-0.0,0.0,0.0,0.0,0.0,0.0,0.0,0.0,0.0,0,0,0,0.0,0.0,0.0,0.0,0.0,0.0,0.0,0.0,0.0,0.0,0.0,0.0,0.0,0.0,0.0,0.0,0,-107875648.0,63,0.0,126,2.7184242562605685e+23,-0.0,ERR,ERR,ERR,ERR,ERR,ERR,ERR,ERR,ERR,ERR,ERR,ERR,ERR,ERR,ERR,ERR,ERR,ERR,ERR,ERR,ERR,ERR,ERR,ERR,ERR,ERR,ERR,ERR,ERR,ERR,ERR,ERR,ERR,ERR,ERR,ERR,ERR,ERR,ERR,ERR,ERR,ERR,ERR,ERR,ERR,ERR,ERR,ERR,ERR,ERR,ERR,ERR,ERR,ERR,ERR,ERR,ERR,ERR,ERR,ERR,ERR,ERR,ERR,ERR,ERR,ERR,ERR,34.0,80.0,35,0.0,0.0,0.0,0.0,0.0,0.0,0.0,0.0,0.0,0.0,0.0,0.0,0.0,0.0,0.0,0.0,64.4,0,117,56,50,65476,0,300,0,0,8,20529,65476,0,0,57672,80.0,0.0,0.0,0.0,0.0,0.0
2026-06-17T04:05:46,ERR,ERR,ERR,ERR,ERR,ERR,ERR,ERR,ERR,ERR,ERR,ERR,ERR,ERR,ERR,ERR,ERR,ERR,ERR,ERR,ERR,ERR,ERR,ERR,ERR,ERR,ERR,ERR,ERR,ERR,ERR,ERR,ERR,ERR,ERR,ERR,ERR,ERR,ERR,ERR,ERR,ERR,ERR,ERR,ERR,ERR,ERR,ERR,ERR,ERR,ERR,ERR,ERR,ERR,ERR,ERR,ERR,ERR,ERR,ERR,ERR,ERR,ERR,ERR,ERR,ERR,ERR,ERR,ERR,ERR,ERR,ERR,ERR,ERR,ERR,ERR,ERR,ERR,ERR,ERR,ERR,ERR,ERR,ERR,ERR,ERR,ERR,ERR,ERR,ERR,ERR,ERR,ERR,ERR,ERR,ERR,ERR,ERR,ERR,ERR,ERR,ERR,ERR,ERR,ERR,ERR,ERR,ERR,ERR,ERR,ERR,ERR,ERR,ERR,ERR,ERR,ERR,ERR,ERR,ERR,ERR,ERR,ERR,ERR,ERR,0.0,0.0,2.6474777903227054e+23,0.0,0.0,1.3936040501711995e+18,7.805,0.0,0,0,4,0,7300,-0.0,0,0.0,0.0,0.0,0.0,0.0,0,0,0,0,0.0,0,0,0,0,0,0,0,0,0,0,0,0,0,0,0,0,0,0,0,0,0,0,0,0,0,0,0,0,0,0,0,0,0,32,30,30,62,65476,0,300,0,0,8,21553,0.0,-107605600.0,0.0,0.0,0.0,0.0,0.0,0.0,0.0,0.0,0.0,0.0,0.0,0.0,0.0,0.0,0.0,0.0,0.0,0.0,0.0,0.0,2.004,-0.0,-0.0,2.004,0.0,0.0,0.0,0.0,5462.0,0.0,6947.0,0.0,0.0,-107615280.0,0.0,0.0,0.0,0.0,0.0,63,-0.0,0.0,0.0,0.0,0.0,0.0,0.0,0.0,0.0,0,0,0,0.0,0.0,0.0,0.0,0.0,0.0,0.0,0.0,0.0,0.0,0.0,0.0,0.0,0.0,0.0,0.0,0,-107875648.0,63,0.0,126,2.7184242562605685e+23,-0.0,ERR,ERR,ERR,ERR,ERR,ERR,ERR,ERR,ERR,ERR,ERR,ERR,ERR,ERR,ERR,ERR,ERR,ERR,ERR,ERR,ERR,ERR,ERR,ERR,ERR,ERR,ERR,ERR,ERR,ERR,ERR,ERR,ERR,ERR,ERR,ERR,ERR,ERR,ERR,ERR,ERR,ERR,ERR,ERR,ERR,ERR,ERR,ERR,ERR,ERR,ERR,ERR,ERR,ERR,ERR,ERR,ERR,ERR,ERR,ERR,ERR,ERR,ERR,ERR,ERR,ERR,ERR,34.0,80.0,35,0.0,0.0,0.0,0.0,0.0,0.0,0.0,0.0,0.0,0.0,0.0,0.0,0.0,0.0,0.0,0.0,64.4,0,117,56,50,65476,0,300,0,0,8,20529,65476,0,0,57672,80.0,0.0,0.0,0.0,0.0,0.0
2026-06-17T04:05:47,ERR,ERR,ERR,ERR,ERR,ERR,ERR,ERR,ERR,ERR,ERR,ERR,ERR,ERR,ERR,ERR,ERR,ERR,ERR,ERR,ERR,ERR,ERR,ERR,ERR,ERR,ERR,ERR,ERR,ERR,ERR,ERR,ERR,ERR,ERR,ERR,ERR,ERR,ERR,ERR,ERR,ERR,ERR,ERR,ERR,ERR,ERR,ERR,ERR,ERR,ERR,ERR,ERR,ERR,ERR,ERR,ERR,ERR,ERR,ERR,ERR,ERR,ERR,ERR,ERR,ERR,ERR,ERR,ERR,ERR,ERR,ERR,ERR,ERR,ERR,ERR,ERR,ERR,ERR,ERR,ERR,ERR,ERR,ERR,ERR,ERR,ERR,ERR,ERR,ERR,ERR,ERR,ERR,ERR,ERR,ERR,ERR,ERR,ERR,ERR,ERR,ERR,ERR,ERR,ERR,ERR,ERR,ERR,ERR,ERR,ERR,ERR,ERR,ERR,ERR,ERR,ERR,ERR,ERR,ERR,ERR,ERR,ERR,ERR,ERR,0.0,0.0,2.6474777903227054e+23,0.0,0.0,1.3936040501711995e+18,7.805,0.0,0,0,4,0,7300,-0.0,0,0.0,0.0,0.0,0.0,0.0,0,0,0,0,0.0,0,0,0,0,0,0,0,0,0,0,0,0,0,0,0,0,0,0,0,0,0,0,0,0,0,0,0,0,0,0,0,0,0,32,30,30,62,65476,0,300,0,0,8,21553,0.0,-107605600.0,0.0,0.0,0.0,0.0,0.0,0.0,0.0,0.0,0.0,0.0,0.0,0.0,0.0,0.0,0.0,0.0,0.0,0.0,0.0,0.0,2.004,-0.0,-0.0,2.004,0.0,0.0,0.0,0.0,5462.0,0.0,6947.0,0.0,0.0,-107615280.0,0.0,0.0,0.0,0.0,0.0,63,-0.0,0.0,0.0,0.0,0.0,0.0,0.0,0.0,0.0,0,0,0,0.0,0.0,0.0,0.0,0.0,0.0,0.0,0.0,0.0,0.0,0.0,0.0,0.0,0.0,0.0,0.0,0,-107875648.0,63,0.0,126,2.7184242562605685e+23,-0.0,ERR,ERR,ERR,ERR,ERR,ERR,ERR,ERR,ERR,ERR,ERR,ERR,ERR,ERR,ERR,ERR,ERR,ERR,ERR,ERR,ERR,ERR,ERR,ERR,ERR,ERR,ERR,ERR,ERR,ERR,ERR,ERR,ERR,ERR,ERR,ERR,ERR,ERR,ERR,ERR,ERR,ERR,ERR,ERR,ERR,ERR,ERR,ERR,ERR,ERR,ERR,ERR,ERR,ERR,ERR,ERR,ERR,ERR,ERR,ERR,ERR,ERR,ERR,ERR,ERR,ERR,ERR,34.0,80.0,35,0.0,0.0,0.0,0.0,0.0,0.0,0.0,0.0,0.0,0.0,0.0,0.0,0.0,0.0,0.0,0.0,64.4,0,117,56,50,65476,0,300,0,0,8,20529,65476,0,0,57672,80.0,0.0,0.0,0.0,0.0,0.0
2026-06-17T04:05:48,ERR,ERR,ERR,ERR,ERR,ERR,ERR,ERR,ERR,ERR,ERR,ERR,ERR,ERR,ERR,ERR,ERR,ERR,ERR,ERR,ERR,ERR,ERR,ERR,ERR,ERR,ERR,ERR,ERR,ERR,ERR,ERR,ERR,ERR,ERR,ERR,ERR,ERR,ERR,ERR,ERR,ERR,ERR,ERR,ERR,ERR,ERR,ERR,ERR,ERR,ERR,ERR,ERR,ERR,ERR,ERR,ERR,ERR,ERR,ERR,ERR,ERR,ERR,ERR,ERR,ERR,ERR,ERR,ERR,ERR,ERR,ERR,ERR,ERR,ERR,ERR,ERR,ERR,ERR,ERR,ERR,ERR,ERR,ERR,ERR,ERR,ERR,ERR,ERR,ERR,ERR,ERR,ERR,ERR,ERR,ERR,ERR,ERR,ERR,ERR,ERR,ERR,ERR,ERR,ERR,ERR,ERR,ERR,ERR,ERR,ERR,ERR,ERR,ERR,ERR,ERR,ERR,ERR,ERR,ERR,ERR,ERR,ERR,ERR,ERR,0.0,0.0,2.6474777903227054e+23,0.0,0.0,1.3936040501711995e+18,7.805,0.0,0,0,4,0,7300,-0.0,0,0.0,0.0,0.0,0.0,0.0,0,0,0,0,0.0,0,0,0,0,0,0,0,0,0,0,0,0,0,0,0,0,0,0,0,0,0,0,0,0,0,0,0,0,0,0,0,0,0,32,30,30,62,65476,0,300,0,0,8,21553,0.0,-107605600.0,0.0,0.0,0.0,0.0,0.0,0.0,0.0,0.0,0.0,0.0,0.0,0.0,0.0,0.0,0.0,0.0,0.0,0.0,0.0,0.0,2.004,-0.0,-0.0,2.004,0.0,0.0,0.0,0.0,5462.0,0.0,6947.0,0.0,0.0,-107615280.0,0.0,0.0,0.0,0.0,0.0,63,-0.0,0.0,0.0,0.0,0.0,0.0,0.0,0.0,0.0,0,0,0,0.0,0.0,0.0,0.0,0.0,0.0,0.0,0.0,0.0,0.0,0.0,0.0,0.0,0.0,0.0,0.0,0,-107875648.0,63,0.0,126,2.7184242562605685e+23,-0.0,ERR,ERR,ERR,ERR,ERR,ERR,ERR,ERR,ERR,ERR,ERR,ERR,ERR,ERR,ERR,ERR,ERR,ERR,ERR,ERR,ERR,ERR,ERR,ERR,ERR,ERR,ERR,ERR,ERR,ERR,ERR,ERR,ERR,ERR,ERR,ERR,ERR,ERR,ERR,ERR,ERR,ERR,ERR,ERR,ERR,ERR,ERR,ERR,ERR,ERR,ERR,ERR,ERR,ERR,ERR,ERR,ERR,ERR,ERR,ERR,ERR,ERR,ERR,ERR,ERR,ERR,ERR,34.0,80.0,35,0.0,0.0,0.0,0.0,0.0,0.0,0.0,0.0,0.0,0.0,0.0,0.0,0.0,0.0,0.0,0.0,64.8,0,117,56,50,65476,0,300,0,0,8,20529,65476,0,0,57672,80.0,0.0,0.0,0.0,0.0,0.0
2026-06-17T04:05:49,ERR,ERR,ERR,ERR,ERR,ERR,ERR,ERR,ERR,ERR,ERR,ERR,ERR,ERR,ERR,ERR,ERR,ERR,ERR,ERR,ERR,ERR,ERR,ERR,ERR,ERR,ERR,ERR,ERR,ERR,ERR,ERR,ERR,ERR,ERR,ERR,ERR,ERR,ERR,ERR,ERR,ERR,ERR,ERR,ERR,ERR,ERR,ERR,ERR,ERR,ERR,ERR,ERR,ERR,ERR,ERR,ERR,ERR,ERR,ERR,ERR,ERR,ERR,ERR,ERR,ERR,ERR,ERR,ERR,ERR,ERR,ERR,ERR,ERR,ERR,ERR,ERR,ERR,ERR,ERR,ERR,ERR,ERR,ERR,ERR,ERR,ERR,ERR,ERR,ERR,ERR,ERR,ERR,ERR,ERR,ERR,ERR,ERR,ERR,ERR,ERR,ERR,ERR,ERR,ERR,ERR,ERR,ERR,ERR,ERR,ERR,ERR,ERR,ERR,ERR,ERR,ERR,ERR,ERR,ERR,ERR,ERR,ERR,ERR,ERR,0.0,0.0,2.6474777903227054e+23,0.0,0.0,1.3936040501711995e+18,7.805,0.0,0,0,4,0,7300,-0.0,0,0.0,0.0,0.0,0.0,0.0,0,0,0,0,0.0,0,0,0,0,0,0,0,0,0,0,0,0,0,0,0,0,0,0,0,0,0,0,0,0,0,0,0,0,0,0,0,0,0,32,30,30,62,65476,0,300,0,0,8,21553,0.0,-107605600.0,0.0,0.0,0.0,0.0,0.0,0.0,0.0,0.0,0.0,0.0,0.0,0.0,0.0,0.0,0.0,0.0,0.0,0.0,0.0,0.0,2.004,-0.0,-0.0,2.004,0.0,0.0,0.0,0.0,5462.0,0.0,6947.0,0.0,0.0,-107615280.0,0.0,0.0,0.0,0.0,0.0,63,-0.0,0.0,0.0,0.0,0.0,0.0,0.0,0.0,0.0,0,0,0,0.0,0.0,0.0,0.0,0.0,0.0,0.0,0.0,0.0,0.0,0.0,0.0,0.0,0.0,0.0,0.0,0,-107875648.0,63,0.0,126,2.7184242562605685e+23,-0.0,ERR,ERR,ERR,ERR,ERR,ERR,ERR,ERR,ERR,ERR,ERR,ERR,ERR,ERR,ERR,ERR,ERR,ERR,ERR,ERR,ERR,ERR,ERR,ERR,ERR,ERR,ERR,ERR,ERR,ERR,ERR,ERR,ERR,ERR,ERR,ERR,ERR,ERR,ERR,ERR,ERR,ERR,ERR,ERR,ERR,ERR,ERR,ERR,ERR,ERR,ERR,ERR,ERR,ERR,ERR,ERR,ERR,ERR,ERR,ERR,ERR,ERR,ERR,ERR,ERR,ERR,ERR,34.0,80.0,35,0.0,0.0,0.0,0.0,0.0,0.0,0.0,0.0,0.0,0.0,0.0,0.0,0.0,0.0,0.0,0.0,64.8,0,117,56,50,65476,0,300,0,0,8,20529,65476,0,0,57672,80.0,0.0,0.0,0.0,0.0,0.0
2026-06-17T04:05:50,ERR,ERR,ERR,ERR,ERR,ERR,ERR,ERR,ERR,ERR,ERR,ERR,ERR,ERR,ERR,ERR,ERR,ERR,ERR,ERR,ERR,ERR,ERR,ERR,ERR,ERR,ERR,ERR,ERR,ERR,ERR,ERR,ERR,ERR,ERR,ERR,ERR,ERR,ERR,ERR,ERR,ERR,ERR,ERR,ERR,ERR,ERR,ERR,ERR,ERR,ERR,ERR,ERR,ERR,ERR,ERR,ERR,ERR,ERR,ERR,ERR,ERR,ERR,ERR,ERR,ERR,ERR,ERR,ERR,ERR,ERR,ERR,ERR,ERR,ERR,ERR,ERR,ERR,ERR,ERR,ERR,ERR,ERR,ERR,ERR,ERR,ERR,ERR,ERR,ERR,ERR,ERR,ERR,ERR,ERR,ERR,ERR,ERR,ERR,ERR,ERR,ERR,ERR,ERR,ERR,ERR,ERR,ERR,ERR,ERR,ERR,ERR,ERR,ERR,ERR,ERR,ERR,ERR,ERR,ERR,ERR,ERR,ERR,ERR,ERR,0.0,0.0,2.6474777903227054e+23,0.0,0.0,1.3936040501711995e+18,7.805,0.0,0,0,4,0,7300,-0.0,0,0.0,0.0,0.0,0.0,0.0,0,0,0,0,0.0,0,0,0,0,0,0,0,0,0,0,0,0,0,0,0,0,0,0,0,0,0,0,0,0,0,0,0,0,0,0,0,0,0,32,30,30,62,65476,0,300,0,0,8,21553,0.0,-107605600.0,0.0,0.0,0.0,0.0,0.0,0.0,0.0,0.0,0.0,0.0,0.0,0.0,0.0,0.0,0.0,0.0,0.0,0.0,0.0,0.0,2.004,-0.0,-0.0,2.004,0.0,0.0,0.0,0.0,5495.0,0.0,6949.0,0.0,0.0,-107615280.0,0.0,0.0,0.0,0.0,0.0,63,-0.0,0.0,0.0,0.0,0.0,0.0,0.0,0.0,0.0,0,0,0,0.0,0.0,0.0,0.0,0.0,0.0,0.0,0.0,0.0,0.0,0.0,0.0,0.0,0.0,0.0,0.0,0,-107875648.0,63,0.0,126,2.7184242562605685e+23,-0.0,ERR,ERR,ERR,ERR,ERR,ERR,ERR,ERR,ERR,ERR,ERR,ERR,ERR,ERR,ERR,ERR,ERR,ERR,ERR,ERR,ERR,ERR,ERR,ERR,ERR,ERR,ERR,ERR,ERR,ERR,ERR,ERR,ERR,ERR,ERR,ERR,ERR,ERR,ERR,ERR,ERR,ERR,ERR,ERR,ERR,ERR,ERR,ERR,ERR,ERR,ERR,ERR,ERR,ERR,ERR,ERR,ERR,ERR,ERR,ERR,ERR,ERR,ERR,ERR,ERR,ERR,ERR,34.0,80.0,35,0.0,0.0,0.0,0.0,0.0,0.0,0.0,0.0,0.0,0.0,0.0,0.0,0.0,0.0,0.0,0.0,64.4,0,117,56,50,65476,0,300,0,0,8,20529,65476,0,0,57672,80.0,0.0,0.0,0.0,0.0,0.0
2026-06-17T04:05:51,ERR,ERR,ERR,ERR,ERR,ERR,ERR,ERR,ERR,ERR,ERR,ERR,ERR,ERR,ERR,ERR,ERR,ERR,ERR,ERR,ERR,ERR,ERR,ERR,ERR,ERR,ERR,ERR,ERR,ERR,ERR,ERR,ERR,ERR,ERR,ERR,ERR,ERR,ERR,ERR,ERR,ERR,ERR,ERR,ERR,ERR,ERR,ERR,ERR,ERR,ERR,ERR,ERR,ERR,ERR,ERR,ERR,ERR,ERR,ERR,ERR,ERR,ERR,ERR,ERR,ERR,ERR,ERR,ERR,ERR,ERR,ERR,ERR,ERR,ERR,ERR,ERR,ERR,ERR,ERR,ERR,ERR,ERR,ERR,ERR,ERR,ERR,ERR,ERR,ERR,ERR,ERR,ERR,ERR,ERR,ERR,ERR,ERR,ERR,ERR,ERR,ERR,ERR,ERR,ERR,ERR,ERR,ERR,ERR,ERR,ERR,ERR,ERR,ERR,ERR,ERR,ERR,ERR,ERR,ERR,ERR,ERR,ERR,ERR,ERR,0.0,0.0,2.6474777903227054e+23,0.0,0.0,1.3936040501711995e+18,7.805,0.0,0,0,4,0,7300,-0.0,0,0.0,0.0,0.0,0.0,0.0,0,0,0,0,0.0,0,0,0,0,0,0,0,0,0,0,0,0,0,0,0,0,0,0,0,0,0,0,0,0,0,0,0,0,0,0,0,0,0,32,30,30,62,65476,0,300,0,0,8,21553,0.0,-107605600.0,0.0,0.0,0.0,0.0,0.0,0.0,0.0,0.0,0.0,0.0,0.0,0.0,0.0,0.0,0.0,0.0,0.0,0.0,0.0,0.0,2.004,-0.0,-0.0,2.004,0.0,0.0,0.0,0.0,5495.0,0.0,6949.0,0.0,0.0,-107615280.0,0.0,0.0,0.0,0.0,0.0,63,-0.0,0.0,0.0,0.0,0.0,0.0,0.0,0.0,0.0,0,0,0,0.0,0.0,0.0,0.0,0.0,0.0,0.0,0.0,0.0,0.0,0.0,0.0,0.0,0.0,0.0,0.0,0,-107875648.0,63,0.0,126,2.7184242562605685e+23,-0.0,ERR,ERR,ERR,ERR,ERR,ERR,ERR,ERR,ERR,ERR,ERR,ERR,ERR,ERR,ERR,ERR,ERR,ERR,ERR,ERR,ERR,ERR,ERR,ERR,ERR,ERR,ERR,ERR,ERR,ERR,ERR,ERR,ERR,ERR,ERR,ERR,ERR,ERR,ERR,ERR,ERR,ERR,ERR,ERR,ERR,ERR,ERR,ERR,ERR,ERR,ERR,ERR,ERR,ERR,ERR,ERR,ERR,ERR,ERR,ERR,ERR,ERR,ERR,ERR,ERR,ERR,ERR,34.0,80.0,35,0.0,0.0,0.0,0.0,0.0,0.0,0.0,0.0,0.0,0.0,0.0,0.0,0.0,0.0,0.0,0.0,64.4,0,117,56,50,65476,0,300,0,0,8,20529,65476,0,0,57672,80.0,0.0,0.0,0.0,0.0,0.0
2026-06-17T04:05:52,ERR,ERR,ERR,ERR,ERR,ERR,ERR,ERR,ERR,ERR,ERR,ERR,ERR,ERR,ERR,ERR,ERR,ERR,ERR,ERR,ERR,ERR,ERR,ERR,ERR,ERR,ERR,ERR,ERR,ERR,ERR,ERR,ERR,ERR,ERR,ERR,ERR,ERR,ERR,ERR,ERR,ERR,ERR,ERR,ERR,ERR,ERR,ERR,ERR,ERR,ERR,ERR,ERR,ERR,ERR,ERR,ERR,ERR,ERR,ERR,ERR,ERR,ERR,ERR,ERR,ERR,ERR,ERR,ERR,ERR,ERR,ERR,ERR,ERR,ERR,ERR,ERR,ERR,ERR,ERR,ERR,ERR,ERR,ERR,ERR,ERR,ERR,ERR,ERR,ERR,ERR,ERR,ERR,ERR,ERR,ERR,ERR,ERR,ERR,ERR,ERR,ERR,ERR,ERR,ERR,ERR,ERR,ERR,ERR,ERR,ERR,ERR,ERR,ERR,ERR,ERR,ERR,ERR,ERR,ERR,ERR,ERR,ERR,ERR,ERR,0.0,0.0,2.6474777903227054e+23,0.0,0.0,1.3936040501711995e+18,7.805,0.0,0,0,4,0,7300,-0.0,0,0.0,0.0,0.0,0.0,0.0,0,0,0,0,0.0,0,0,0,0,0,0,0,0,0,0,0,0,0,0,0,0,0,0,0,0,0,0,0,0,0,0,0,0,0,0,0,0,0,32,30,30,62,65476,0,300,0,0,8,21553,0.0,-107605600.0,0.0,0.0,0.0,0.0,0.0,0.0,0.0,0.0,0.0,0.0,0.0,0.0,0.0,0.0,0.0,0.0,0.0,0.0,0.0,0.0,2.004,-0.0,-0.0,2.004,0.0,0.0,0.0,0.0,5495.0,0.0,6949.0,0.0,0.0,-107615280.0,0.0,0.0,0.0,0.0,0.0,63,-0.0,0.0,0.0,0.0,0.0,0.0,0.0,0.0,0.0,0,0,0,0.0,0.0,0.0,0.0,0.0,0.0,0.0,0.0,0.0,0.0,0.0,0.0,0.0,0.0,0.0,0.0,0,-107875648.0,63,0.0,126,2.7184242562605685e+23,-0.0,ERR,ERR,ERR,ERR,ERR,ERR,ERR,ERR,ERR,ERR,ERR,ERR,ERR,ERR,ERR,ERR,ERR,ERR,ERR,ERR,ERR,ERR,ERR,ERR,ERR,ERR,ERR,ERR,ERR,ERR,ERR,ERR,ERR,ERR,ERR,ERR,ERR,ERR,ERR,ERR,ERR,ERR,ERR,ERR,ERR,ERR,ERR,ERR,ERR,ERR,ERR,ERR,ERR,ERR,ERR,ERR,ERR,ERR,ERR,ERR,ERR,ERR,ERR,ERR,ERR,ERR,ERR,34.0,80.0,35,0.0,0.0,0.0,0.0,0.0,0.0,0.0,0.0,0.0,0.0,0.0,0.0,0.0,0.0,0.0,0.0,64.4,0,117,56,50,65476,0,300,0,0,8,20529,65476,0,0,57672,80.0,0.0,0.0,0.0,0.0,0.0
2026-06-17T04:05:53,ERR,ERR,ERR,ERR,ERR,ERR,ERR,ERR,ERR,ERR,ERR,ERR,ERR,ERR,ERR,ERR,ERR,ERR,ERR,ERR,ERR,ERR,ERR,ERR,ERR,ERR,ERR,ERR,ERR,ERR,ERR,ERR,ERR,ERR,ERR,ERR,ERR,ERR,ERR,ERR,ERR,ERR,ERR,ERR,ERR,ERR,ERR,ERR,ERR,ERR,ERR,ERR,ERR,ERR,ERR,ERR,ERR,ERR,ERR,ERR,ERR,ERR,ERR,ERR,ERR,ERR,ERR,ERR,ERR,ERR,ERR,ERR,ERR,ERR,ERR,ERR,ERR,ERR,ERR,ERR,ERR,ERR,ERR,ERR,ERR,ERR,ERR,ERR,ERR,ERR,ERR,ERR,ERR,ERR,ERR,ERR,ERR,ERR,ERR,ERR,ERR,ERR,ERR,ERR,ERR,ERR,ERR,ERR,ERR,ERR,ERR,ERR,ERR,ERR,ERR,ERR,ERR,ERR,ERR,ERR,ERR,ERR,ERR,ERR,ERR,0.0,0.0,2.6474777903227054e+23,0.0,0.0,1.3936040501711995e+18,7.805,0.0,0,0,4,0,7300,-0.0,0,0.0,0.0,0.0,0.0,0.0,0,0,0,0,0.0,0,0,0,0,0,0,0,0,0,0,0,0,0,0,0,0,0,0,0,0,0,0,0,0,0,0,0,0,0,0,0,0,0,32,30,30,62,65476,0,300,0,0,8,21553,0.0,-107605600.0,0.0,0.0,0.0,0.0,0.0,0.0,0.0,0.0,0.0,0.0,0.0,0.0,0.0,0.0,0.0,0.0,0.0,0.0,0.0,0.0,2.004,-0.0,-0.0,2.004,0.0,0.0,0.0,0.0,5495.0,0.0,6949.0,0.0,0.0,-107615280.0,0.0,0.0,0.0,0.0,0.0,63,-0.0,0.0,0.0,0.0,0.0,0.0,0.0,0.0,0.0,0,0,0,0.0,0.0,0.0,0.0,0.0,0.0,0.0,0.0,0.0,0.0,0.0,0.0,0.0,0.0,0.0,0.0,0,-107875648.0,63,0.0,126,2.7184242562605685e+23,-0.0,ERR,ERR,ERR,ERR,ERR,ERR,ERR,ERR,ERR,ERR,ERR,ERR,ERR,ERR,ERR,ERR,ERR,ERR,ERR,ERR,ERR,ERR,ERR,ERR,ERR,ERR,ERR,ERR,ERR,ERR,ERR,ERR,ERR,ERR,ERR,ERR,ERR,ERR,ERR,ERR,ERR,ERR,ERR,ERR,ERR,ERR,ERR,ERR,ERR,ERR,ERR,ERR,ERR,ERR,ERR,ERR,ERR,ERR,ERR,ERR,ERR,ERR,ERR,ERR,ERR,ERR,ERR,34.0,80.0,35,0.0,0.0,0.0,0.0,0.0,0.0,0.0,0.0,0.0,0.0,0.0,0.0,0.0,0.0,0.0,0.0,64.4,0,117,56,50,65476,0,300,0,0,8,20529,65476,0,0,57672,80.0,0.0,0.0,0.0,0.0,0.0
2026-06-17T04:05:54,ERR,ERR,ERR,ERR,ERR,ERR,ERR,ERR,ERR,ERR,ERR,ERR,ERR,ERR,ERR,ERR,ERR,ERR,ERR,ERR,ERR,ERR,ERR,ERR,ERR,ERR,ERR,ERR,ERR,ERR,ERR,ERR,ERR,ERR,ERR,ERR,ERR,ERR,ERR,ERR,ERR,ERR,ERR,ERR,ERR,ERR,ERR,ERR,ERR,ERR,ERR,ERR,ERR,ERR,ERR,ERR,ERR,ERR,ERR,ERR,ERR,ERR,ERR,ERR,ERR,ERR,ERR,ERR,ERR,ERR,ERR,ERR,ERR,ERR,ERR,ERR,ERR,ERR,ERR,ERR,ERR,ERR,ERR,ERR,ERR,ERR,ERR,ERR,ERR,ERR,ERR,ERR,ERR,ERR,ERR,ERR,ERR,ERR,ERR,ERR,ERR,ERR,ERR,ERR,ERR,ERR,ERR,ERR,ERR,ERR,ERR,ERR,ERR,ERR,ERR,ERR,ERR,ERR,ERR,ERR,ERR,ERR,ERR,ERR,ERR,0.0,0.0,2.6474777903227054e+23,0.0,0.0,1.3936040501711995e+18,7.805,0.0,0,0,4,0,7300,-0.0,0,0.0,0.0,0.0,0.0,0.0,0,0,0,0,0.0,0,0,0,0,0,0,0,0,0,0,0,0,0,0,0,0,0,0,0,0,0,0,0,0,0,0,0,0,0,0,0,0,0,32,30,30,62,65476,0,300,0,0,8,21553,0.0,-107605600.0,0.0,0.0,0.0,0.0,0.0,0.0,0.0,0.0,0.0,0.0,0.0,0.0,0.0,0.0,0.0,0.0,0.0,0.0,0.0,0.0,2.004,-0.0,-0.0,2.004,0.0,0.0,0.0,0.0,5495.0,0.0,6949.0,0.0,0.0,-107615280.0,0.0,0.0,0.0,0.0,0.0,63,-0.0,0.0,0.0,0.0,0.0,0.0,0.0,0.0,0.0,0,0,0,0.0,0.0,0.0,0.0,0.0,0.0,0.0,0.0,0.0,0.0,0.0,0.0,0.0,0.0,0.0,0.0,0,-107875648.0,63,0.0,126,2.7184242562605685e+23,-0.0,ERR,ERR,ERR,ERR,ERR,ERR,ERR,ERR,ERR,ERR,ERR,ERR,ERR,ERR,ERR,ERR,ERR,ERR,ERR,ERR,ERR,ERR,ERR,ERR,ERR,ERR,ERR,ERR,ERR,ERR,ERR,ERR,ERR,ERR,ERR,ERR,ERR,ERR,ERR,ERR,ERR,ERR,ERR,ERR,ERR,ERR,ERR,ERR,ERR,ERR,ERR,ERR,ERR,ERR,ERR,ERR,ERR,ERR,ERR,ERR,ERR,ERR,ERR,ERR,ERR,ERR,ERR,34.0,80.0,35,0.0,0.0,0.0,0.0,0.0,0.0,0.0,0.0,0.0,0.0,0.0,0.0,0.0,0.0,0.0,0.0,64.8,0,117,56,50,65476,0,300,0,0,8,20529,65476,0,0,57672,80.0,0.0,0.0,0.0,0.0,0.0
2026-06-17T04:05:55,ERR,ERR,ERR,ERR,ERR,ERR,ERR,ERR,ERR,ERR,ERR,ERR,ERR,ERR,ERR,ERR,ERR,ERR,ERR,ERR,ERR,ERR,ERR,ERR,ERR,ERR,ERR,ERR,ERR,ERR,ERR,ERR,ERR,ERR,ERR,ERR,ERR,ERR,ERR,ERR,ERR,ERR,ERR,ERR,ERR,ERR,ERR,ERR,ERR,ERR,ERR,ERR,ERR,ERR,ERR,ERR,ERR,ERR,ERR,ERR,ERR,ERR,ERR,ERR,ERR,ERR,ERR,ERR,ERR,ERR,ERR,ERR,ERR,ERR,ERR,ERR,ERR,ERR,ERR,ERR,ERR,ERR,ERR,ERR,ERR,ERR,ERR,ERR,ERR,ERR,ERR,ERR,ERR,ERR,ERR,ERR,ERR,ERR,ERR,ERR,ERR,ERR,ERR,ERR,ERR,ERR,ERR,ERR,ERR,ERR,ERR,ERR,ERR,ERR,ERR,ERR,ERR,ERR,ERR,ERR,ERR,ERR,ERR,ERR,ERR,0.0,0.0,2.6474777903227054e+23,0.0,0.0,1.3936040501711995e+18,7.805,0.0,0,0,4,0,7300,-0.0,0,0.0,0.0,0.0,0.0,0.0,0,0,0,0,0.0,0,0,0,0,0,0,0,0,0,0,0,0,0,0,0,0,0,0,0,0,0,0,0,0,0,0,0,0,0,0,0,0,0,32,30,30,62,65476,0,300,0,0,8,21553,0.0,-107605600.0,0.0,0.0,0.0,0.0,0.0,0.0,0.0,0.0,0.0,0.0,0.0,0.0,0.0,0.0,0.0,0.0,0.0,0.0,0.0,0.0,2.004,-0.0,-0.0,2.004,0.0,0.0,0.0,0.0,5495.0,0.0,6949.0,0.0,0.0,-107615280.0,0.0,0.0,0.0,0.0,0.0,63,-0.0,0.0,0.0,0.0,0.0,0.0,0.0,0.0,0.0,0,0,0,0.0,0.0,0.0,0.0,0.0,0.0,0.0,0.0,0.0,0.0,0.0,0.0,0.0,0.0,0.0,0.0,0,-107875648.0,63,0.0,126,2.7184242562605685e+23,-0.0,ERR,ERR,ERR,ERR,ERR,ERR,ERR,ERR,ERR,ERR,ERR,ERR,ERR,ERR,ERR,ERR,ERR,ERR,ERR,ERR,ERR,ERR,ERR,ERR,ERR,ERR,ERR,ERR,ERR,ERR,ERR,ERR,ERR,ERR,ERR,ERR,ERR,ERR,ERR,ERR,ERR,ERR,ERR,ERR,ERR,ERR,ERR,ERR,ERR,ERR,ERR,ERR,ERR,ERR,ERR,ERR,ERR,ERR,ERR,ERR,ERR,ERR,ERR,ERR,ERR,ERR,ERR,34.0,80.0,35,0.0,0.0,0.0,0.0,0.0,0.0,0.0,0.0,0.0,0.0,0.0,0.0,0.0,0.0,0.0,0.0,64.4,0,117,56,50,65476,0,300,0,0,8,20529,65476,0,0,57672,80.0,0.0,0.0,0.0,0.0,0.0
2026-06-17T04:05:56,ERR,ERR,ERR,ERR,ERR,ERR,ERR,ERR,ERR,ERR,ERR,ERR,ERR,ERR,ERR,ERR,ERR,ERR,ERR,ERR,ERR,ERR,ERR,ERR,ERR,ERR,ERR,ERR,ERR,ERR,ERR,ERR,ERR,ERR,ERR,ERR,ERR,ERR,ERR,ERR,ERR,ERR,ERR,ERR,ERR,ERR,ERR,ERR,ERR,ERR,ERR,ERR,ERR,ERR,ERR,ERR,ERR,ERR,ERR,ERR,ERR,ERR,ERR,ERR,ERR,ERR,ERR,ERR,ERR,ERR,ERR,ERR,ERR,ERR,ERR,ERR,ERR,ERR,ERR,ERR,ERR,ERR,ERR,ERR,ERR,ERR,ERR,ERR,ERR,ERR,ERR,ERR,ERR,ERR,ERR,ERR,ERR,ERR,ERR,ERR,ERR,ERR,ERR,ERR,ERR,ERR,ERR,ERR,ERR,ERR,ERR,ERR,ERR,ERR,ERR,ERR,ERR,ERR,ERR,ERR,ERR,ERR,ERR,ERR,ERR,0.0,0.0,2.6474777903227054e+23,0.0,0.0,1.3936040501711995e+18,7.805,0.0,0,0,4,0,7300,-0.0,0,0.0,0.0,0.0,0.0,0.0,0,0,0,0,0.0,0,0,0,0,0,0,0,0,0,0,0,0,0,0,0,0,0,0,0,0,0,0,0,0,0,0,0,0,0,0,0,0,0,32,30,30,62,65476,0,300,0,0,8,21553,0.0,-107605600.0,0.0,0.0,0.0,0.0,0.0,0.0,0.0,0.0,0.0,0.0,0.0,0.0,0.0,0.0,0.0,0.0,0.0,0.0,0.0,0.0,2.004,-0.0,-0.0,2.004,0.0,0.0,0.0,0.0,5458.0,-2.422991939757548e+24,6971.0,0.0,0.0,-107615280.0,0.0,0.0,0.0,0.0,0.0,63,-0.0,-0.0,0.0,0.0,0.0,0.0,0.0,0.0,0.0,0,0,0,0.0,0.0,0.0,0.0,0.0,0.0,0.0,0.0,0.0,0.0,0.0,0.0,0.0,0.0,0.0,0.0,0,-107875648.0,63,0.0,126,2.7184242562605685e+23,-0.0,ERR,ERR,ERR,ERR,ERR,ERR,ERR,ERR,ERR,ERR,ERR,ERR,ERR,ERR,ERR,ERR,ERR,ERR,ERR,ERR,ERR,ERR,ERR,ERR,ERR,ERR,ERR,ERR,ERR,ERR,ERR,ERR,ERR,ERR,ERR,ERR,ERR,ERR,ERR,ERR,ERR,ERR,ERR,ERR,ERR,ERR,ERR,ERR,ERR,ERR,ERR,ERR,ERR,ERR,ERR,ERR,ERR,ERR,ERR,ERR,ERR,ERR,ERR,ERR,ERR,ERR,ERR,34.0,80.0,35,0.0,0.0,0.0,0.0,0.0,0.0,0.0,0.0,0.0,0.0,0.0,0.0,0.0,0.0,0.0,0.0,64.4,0,117,56,50,65476,0,300,0,0,8,20529,65476,0,0,57672,80.0,0.0,0.0,0.0,0.0,0.0
2026-06-17T04:05:57,ERR,ERR,ERR,ERR,ERR,ERR,ERR,ERR,ERR,ERR,ERR,ERR,ERR,ERR,ERR,ERR,ERR,ERR,ERR,ERR,ERR,ERR,ERR,ERR,ERR,ERR,ERR,ERR,ERR,ERR,ERR,ERR,ERR,ERR,ERR,ERR,ERR,ERR,ERR,ERR,ERR,ERR,ERR,ERR,ERR,ERR,ERR,ERR,ERR,ERR,ERR,ERR,ERR,ERR,ERR,ERR,ERR,ERR,ERR,ERR,ERR,ERR,ERR,ERR,ERR,ERR,ERR,ERR,ERR,ERR,ERR,ERR,ERR,ERR,ERR,ERR,ERR,ERR,ERR,ERR,ERR,ERR,ERR,ERR,ERR,ERR,ERR,ERR,ERR,ERR,ERR,ERR,ERR,ERR,ERR,ERR,ERR,ERR,ERR,ERR,ERR,ERR,ERR,ERR,ERR,ERR,ERR,ERR,ERR,ERR,ERR,ERR,ERR,ERR,ERR,ERR,ERR,ERR,ERR,ERR,ERR,ERR,ERR,ERR,ERR,0.0,0.0,2.6474777903227054e+23,0.0,0.0,1.3936040501711995e+18,7.805,0.0,0,0,4,0,7300,-0.0,0,0.0,0.0,0.0,0.0,0.0,0,0,0,0,0.0,0,0,0,0,0,0,0,0,0,0,0,0,0,0,0,0,0,0,0,0,0,0,0,0,0,0,0,0,0,0,0,0,0,32,30,30,62,65476,0,300,0,0,8,21553,0.0,-107605600.0,0.0,0.0,0.0,0.0,0.0,0.0,0.0,0.0,0.0,0.0,0.0,0.0,0.0,0.0,0.0,0.0,0.0,0.0,0.0,0.0,2.004,-0.0,-0.0,2.004,0.0,0.0,0.0,0.0,5458.0,-2.422991939757548e+24,6971.0,0.0,0.0,-107615280.0,0.0,0.0,0.0,0.0,0.0,63,-0.0,-0.0,0.0,0.0,0.0,0.0,0.0,0.0,0.0,0,0,0,0.0,0.0,0.0,0.0,0.0,0.0,0.0,0.0,0.0,0.0,0.0,0.0,0.0,0.0,0.0,0.0,0,-107875648.0,63,0.0,126,2.7184242562605685e+23,-0.0,ERR,ERR,ERR,ERR,ERR,ERR,ERR,ERR,ERR,ERR,ERR,ERR,ERR,ERR,ERR,ERR,ERR,ERR,ERR,ERR,ERR,ERR,ERR,ERR,ERR,ERR,ERR,ERR,ERR,ERR,ERR,ERR,ERR,ERR,ERR,ERR,ERR,ERR,ERR,ERR,ERR,ERR,ERR,ERR,ERR,ERR,ERR,ERR,ERR,ERR,ERR,ERR,ERR,ERR,ERR,ERR,ERR,ERR,ERR,ERR,ERR,ERR,ERR,ERR,ERR,ERR,ERR,34.0,80.0,35,0.0,0.0,0.0,0.0,0.0,0.0,0.0,0.0,0.0,0.0,0.0,0.0,0.0,0.0,0.0,0.0,64.8,0,117,56,50,65476,0,300,0,0,8,20529,65476,0,0,57672,80.0,0.0,0.0,0.0,0.0,0.0
2026-06-17T04:05:58,ERR,ERR,ERR,ERR,ERR,ERR,ERR,ERR,ERR,ERR,ERR,ERR,ERR,ERR,ERR,ERR,ERR,ERR,ERR,ERR,ERR,ERR,ERR,ERR,ERR,ERR,ERR,ERR,ERR,ERR,ERR,ERR,ERR,ERR,ERR,ERR,ERR,ERR,ERR,ERR,ERR,ERR,ERR,ERR,ERR,ERR,ERR,ERR,ERR,ERR,ERR,ERR,ERR,ERR,ERR,ERR,ERR,ERR,ERR,ERR,ERR,ERR,ERR,ERR,ERR,ERR,ERR,ERR,ERR,ERR,ERR,ERR,ERR,ERR,ERR,ERR,ERR,ERR,ERR,ERR,ERR,ERR,ERR,ERR,ERR,ERR,ERR,ERR,ERR,ERR,ERR,ERR,ERR,ERR,ERR,ERR,ERR,ERR,ERR,ERR,ERR,ERR,ERR,ERR,ERR,ERR,ERR,ERR,ERR,ERR,ERR,ERR,ERR,ERR,ERR,ERR,ERR,ERR,ERR,ERR,ERR,ERR,ERR,ERR,ERR,0.0,0.0,2.6474777903227054e+23,0.0,0.0,1.3936040501711995e+18,7.805,0.0,0,0,4,0,7300,-0.0,0,0.0,0.0,0.0,0.0,0.0,0,0,0,0,0.0,0,0,0,0,0,0,0,0,0,0,0,0,0,0,0,0,0,0,0,0,0,0,0,0,0,0,0,0,0,0,0,0,0,32,30,30,62,65476,0,300,0,0,8,21553,0.0,-107605600.0,0.0,0.0,0.0,0.0,0.0,0.0,0.0,0.0,0.0,0.0,0.0,0.0,0.0,0.0,0.0,0.0,0.0,0.0,0.0,0.0,2.004,-0.0,-0.0,2.004,0.0,0.0,0.0,0.0,5458.0,-2.422991939757548e+24,6971.0,0.0,0.0,-107615280.0,0.0,0.0,0.0,0.0,0.0,63,-0.0,-0.0,0.0,0.0,0.0,0.0,0.0,0.0,0.0,0,0,0,0.0,0.0,0.0,0.0,0.0,0.0,0.0,0.0,0.0,0.0,0.0,0.0,0.0,0.0,0.0,0.0,0,-107875648.0,63,0.0,126,2.7184242562605685e+23,-0.0,ERR,ERR,ERR,ERR,ERR,ERR,ERR,ERR,ERR,ERR,ERR,ERR,ERR,ERR,ERR,ERR,ERR,ERR,ERR,ERR,ERR,ERR,ERR,ERR,ERR,ERR,ERR,ERR,ERR,ERR,ERR,ERR,ERR,ERR,ERR,ERR,ERR,ERR,ERR,ERR,ERR,ERR,ERR,ERR,ERR,ERR,ERR,ERR,ERR,ERR,ERR,ERR,ERR,ERR,ERR,ERR,ERR,ERR,ERR,ERR,ERR,ERR,ERR,ERR,ERR,ERR,ERR,34.0,80.0,35,0.0,0.0,0.0,0.0,0.0,0.0,0.0,0.0,0.0,0.0,0.0,0.0,0.0,0.0,0.0,0.0,64.8,0,117,56,50,65476,0,300,0,0,8,20529,65476,0,0,57672,80.0,0.0,0.0,0.0,0.0,0.0
2026-06-17T04:05:59,ERR,ERR,ERR,ERR,ERR,ERR,ERR,ERR,ERR,ERR,ERR,ERR,ERR,ERR,ERR,ERR,ERR,ERR,ERR,ERR,ERR,ERR,ERR,ERR,ERR,ERR,ERR,ERR,ERR,ERR,ERR,ERR,ERR,ERR,ERR,ERR,ERR,ERR,ERR,ERR,ERR,ERR,ERR,ERR,ERR,ERR,ERR,ERR,ERR,ERR,ERR,ERR,ERR,ERR,ERR,ERR,ERR,ERR,ERR,ERR,ERR,ERR,ERR,ERR,ERR,ERR,ERR,ERR,ERR,ERR,ERR,ERR,ERR,ERR,ERR,ERR,ERR,ERR,ERR,ERR,ERR,ERR,ERR,ERR,ERR,ERR,ERR,ERR,ERR,ERR,ERR,ERR,ERR,ERR,ERR,ERR,ERR,ERR,ERR,ERR,ERR,ERR,ERR,ERR,ERR,ERR,ERR,ERR,ERR,ERR,ERR,ERR,ERR,ERR,ERR,ERR,ERR,ERR,ERR,ERR,ERR,ERR,ERR,ERR,ERR,0.0,0.0,2.6474777903227054e+23,0.0,0.0,1.3936040501711995e+18,7.805,0.0,0,0,4,0,7300,-0.0,0,0.0,0.0,0.0,0.0,0.0,0,0,0,0,0.0,0,0,0,0,0,0,0,0,0,0,0,0,0,0,0,0,0,0,0,0,0,0,0,0,0,0,0,0,0,0,0,0,0,32,30,30,62,65476,0,300,0,0,8,21553,0.0,-107605600.0,0.0,0.0,0.0,0.0,0.0,0.0,0.0,0.0,0.0,0.0,0.0,0.0,0.0,0.0,0.0,0.0,0.0,0.0,0.0,0.0,2.004,-0.0,-0.0,2.004,0.0,0.0,0.0,0.0,5458.0,-2.422991939757548e+24,6971.0,0.0,0.0,-107615280.0,0.0,0.0,0.0,0.0,0.0,63,-0.0,-0.0,0.0,0.0,0.0,0.0,0.0,0.0,0.0,0,0,0,0.0,0.0,0.0,0.0,0.0,0.0,0.0,0.0,0.0,0.0,0.0,0.0,0.0,0.0,0.0,0.0,0,-107875648.0,63,0.0,126,2.7184242562605685e+23,-0.0,ERR,ERR,ERR,ERR,ERR,ERR,ERR,ERR,ERR,ERR,ERR,ERR,ERR,ERR,ERR,ERR,ERR,ERR,ERR,ERR,ERR,ERR,ERR,ERR,ERR,ERR,ERR,ERR,ERR,ERR,ERR,ERR,ERR,ERR,ERR,ERR,ERR,ERR,ERR,ERR,ERR,ERR,ERR,ERR,ERR,ERR,ERR,ERR,ERR,ERR,ERR,ERR,ERR,ERR,ERR,ERR,ERR,ERR,ERR,ERR,ERR,ERR,ERR,ERR,ERR,ERR,ERR,34.0,80.0,35,0.0,0.0,0.0,0.0,0.0,0.0,0.0,0.0,0.0,0.0,0.0,0.0,0.0,0.0,0.0,0.0,64.4,0,117,56,50,65476,0,300,0,0,8,20529,65476,0,0,57672,80.0,0.0,0.0,0.0,0.0,0.0
2026-06-17T04:06:00,ERR,ERR,ERR,ERR,ERR,ERR,ERR,ERR,ERR,ERR,ERR,ERR,ERR,ERR,ERR,ERR,ERR,ERR,ERR,ERR,ERR,ERR,ERR,ERR,ERR,ERR,ERR,ERR,ERR,ERR,ERR,ERR,ERR,ERR,ERR,ERR,ERR,ERR,ERR,ERR,ERR,ERR,ERR,ERR,ERR,ERR,ERR,ERR,ERR,ERR,ERR,ERR,ERR,ERR,ERR,ERR,ERR,ERR,ERR,ERR,ERR,ERR,ERR,ERR,ERR,ERR,ERR,ERR,ERR,ERR,ERR,ERR,ERR,ERR,ERR,ERR,ERR,ERR,ERR,ERR,ERR,ERR,ERR,ERR,ERR,ERR,ERR,ERR,ERR,ERR,ERR,ERR,ERR,ERR,ERR,ERR,ERR,ERR,ERR,ERR,ERR,ERR,ERR,ERR,ERR,ERR,ERR,ERR,ERR,ERR,ERR,ERR,ERR,ERR,ERR,ERR,ERR,ERR,ERR,ERR,ERR,ERR,ERR,ERR,ERR,0.0,0.0,2.6474777903227054e+23,0.0,0.0,1.3936040501711995e+18,7.805,0.0,0,0,4,0,7300,-0.0,0,0.0,0.0,0.0,0.0,0.0,0,0,0,0,0.0,0,0,0,0,0,0,0,0,0,0,0,0,0,0,0,0,0,0,0,0,0,0,0,0,0,0,0,0,0,0,0,0,0,32,30,30,62,65476,0,300,0,0,8,21553,0.0,-107605600.0,0.0,0.0,0.0,0.0,0.0,0.0,0.0,0.0,0.0,0.0,0.0,0.0,0.0,0.0,0.0,0.0,0.0,0.0,0.0,0.0,2.004,-0.0,-0.0,2.004,0.0,0.0,0.0,0.0,5458.0,-2.422991939757548e+24,6971.0,0.0,0.0,-107615280.0,0.0,0.0,0.0,0.0,0.0,63,-0.0,-0.0,0.0,0.0,0.0,0.0,0.0,0.0,0.0,0,0,0,0.0,0.0,0.0,0.0,0.0,0.0,0.0,0.0,0.0,0.0,0.0,0.0,0.0,0.0,0.0,0.0,0,-107875648.0,63,0.0,126,2.7184242562605685e+23,-0.0,ERR,ERR,ERR,ERR,ERR,ERR,ERR,ERR,ERR,ERR,ERR,ERR,ERR,ERR,ERR,ERR,ERR,ERR,ERR,ERR,ERR,ERR,ERR,ERR,ERR,ERR,ERR,ERR,ERR,ERR,ERR,ERR,ERR,ERR,ERR,ERR,ERR,ERR,ERR,ERR,ERR,ERR,ERR,ERR,ERR,ERR,ERR,ERR,ERR,ERR,ERR,ERR,ERR,ERR,ERR,ERR,ERR,ERR,ERR,ERR,ERR,ERR,ERR,ERR,ERR,ERR,ERR,34.0,80.0,35,0.0,0.0,0.0,0.0,0.0,0.0,0.0,0.0,0.0,0.0,0.0,0.0,0.0,0.0,0.0,0.0,64.4,0,117,56,50,65476,0,300,0,0,8,20529,65476,0,0,57672,80.0,0.0,0.0,0.0,0.0,0.0
2026-06-17T04:06:01,ERR,ERR,ERR,ERR,ERR,ERR,ERR,ERR,ERR,ERR,ERR,ERR,ERR,ERR,ERR,ERR,ERR,ERR,ERR,ERR,ERR,ERR,ERR,ERR,ERR,ERR,ERR,ERR,ERR,ERR,ERR,ERR,ERR,ERR,ERR,ERR,ERR,ERR,ERR,ERR,ERR,ERR,ERR,ERR,ERR,ERR,ERR,ERR,ERR,ERR,ERR,ERR,ERR,ERR,ERR,ERR,ERR,ERR,ERR,ERR,ERR,ERR,ERR,ERR,ERR,ERR,ERR,ERR,ERR,ERR,ERR,ERR,ERR,ERR,ERR,ERR,ERR,ERR,ERR,ERR,ERR,ERR,ERR,ERR,ERR,ERR,ERR,ERR,ERR,ERR,ERR,ERR,ERR,ERR,ERR,ERR,ERR,ERR,ERR,ERR,ERR,ERR,ERR,ERR,ERR,ERR,ERR,ERR,ERR,ERR,ERR,ERR,ERR,ERR,ERR,ERR,ERR,ERR,ERR,ERR,ERR,ERR,ERR,ERR,ERR,0.0,0.0,2.6474777903227054e+23,0.0,0.0,1.3936040501711995e+18,7.805,0.0,0,0,4,0,7300,-0.0,0,0.0,0.0,0.0,0.0,0.0,0,0,0,0,0.0,0,0,0,0,0,0,0,0,0,0,0,0,0,0,0,0,0,0,0,0,0,0,0,0,0,0,0,0,0,0,0,0,0,32,30,30,62,65476,0,300,0,0,8,21553,0.0,-107605600.0,0.0,0.0,0.0,0.0,0.0,0.0,0.0,0.0,0.0,0.0,0.0,0.0,0.0,0.0,0.0,0.0,0.0,0.0,0.0,0.0,2.004,-0.0,-0.0,2.004,0.0,0.0,0.0,0.0,5464.0,-564146772901888.0,6971.0,0.0,0.0,-107615280.0,0.0,0.0,0.0,0.0,0.0,63,-0.0,-0.0,0.0,0.0,0.0,0.0,0.0,0.0,0.0,0,0,0,0.0,0.0,0.0,0.0,0.0,0.0,0.0,0.0,0.0,0.0,0.0,0.0,0.0,0.0,0.0,0.0,0,-107875648.0,63,0.0,126,2.7184242562605685e+23,-0.0,ERR,ERR,ERR,ERR,ERR,ERR,ERR,ERR,ERR,ERR,ERR,ERR,ERR,ERR,ERR,ERR,ERR,ERR,ERR,ERR,ERR,ERR,ERR,ERR,ERR,ERR,ERR,ERR,ERR,ERR,ERR,ERR,ERR,ERR,ERR,ERR,ERR,ERR,ERR,ERR,ERR,ERR,ERR,ERR,ERR,ERR,ERR,ERR,ERR,ERR,ERR,ERR,ERR,ERR,ERR,ERR,ERR,ERR,ERR,ERR,ERR,ERR,ERR,ERR,ERR,ERR,ERR,34.0,80.0,35,0.0,0.0,0.0,0.0,0.0,0.0,0.0,0.0,0.0,0.0,0.0,0.0,0.0,0.0,0.0,0.0,64.8,0,117,56,50,65476,0,300,0,0,8,20529,65476,0,0,57672,80.0,0.0,0.0,0.0,0.0,0.0
2026-06-17T04:06:02,ERR,ERR,ERR,ERR,ERR,ERR,ERR,ERR,ERR,ERR,ERR,ERR,ERR,ERR,ERR,ERR,ERR,ERR,ERR,ERR,ERR,ERR,ERR,ERR,ERR,ERR,ERR,ERR,ERR,ERR,ERR,ERR,ERR,ERR,ERR,ERR,ERR,ERR,ERR,ERR,ERR,ERR,ERR,ERR,ERR,ERR,ERR,ERR,ERR,ERR,ERR,ERR,ERR,ERR,ERR,ERR,ERR,ERR,ERR,ERR,ERR,ERR,ERR,ERR,ERR,ERR,ERR,ERR,ERR,ERR,ERR,ERR,ERR,ERR,ERR,ERR,ERR,ERR,ERR,ERR,ERR,ERR,ERR,ERR,ERR,ERR,ERR,ERR,ERR,ERR,ERR,ERR,ERR,ERR,ERR,ERR,ERR,ERR,ERR,ERR,ERR,ERR,ERR,ERR,ERR,ERR,ERR,ERR,ERR,ERR,ERR,ERR,ERR,ERR,ERR,ERR,ERR,ERR,ERR,ERR,ERR,ERR,ERR,ERR,ERR,0.0,0.0,2.6474777903227054e+23,0.0,0.0,1.3936040501711995e+18,7.805,0.0,0,0,4,0,7300,-0.0,0,0.0,0.0,0.0,0.0,0.0,0,0,0,0,0.0,0,0,0,0,0,0,0,0,0,0,0,0,0,0,0,0,0,0,0,0,0,0,0,0,0,0,0,0,0,0,0,0,0,32,30,30,62,65476,0,300,0,0,8,21553,0.0,-107605600.0,0.0,0.0,0.0,0.0,0.0,0.0,0.0,0.0,0.0,0.0,0.0,0.0,0.0,0.0,0.0,0.0,0.0,0.0,0.0,0.0,2.004,-0.0,-0.0,2.004,0.0,0.0,0.0,0.0,5464.0,-564146772901888.0,6971.0,0.0,0.0,-107615280.0,0.0,0.0,0.0,0.0,0.0,63,-0.0,-0.0,0.0,0.0,0.0,0.0,0.0,0.0,0.0,0,0,0,0.0,0.0,0.0,0.0,0.0,0.0,0.0,0.0,0.0,0.0,0.0,0.0,0.0,0.0,0.0,0.0,0,-107875648.0,63,0.0,126,2.7184242562605685e+23,-0.0,ERR,ERR,ERR,ERR,ERR,ERR,ERR,ERR,ERR,ERR,ERR,ERR,ERR,ERR,ERR,ERR,ERR,ERR,ERR,ERR,ERR,ERR,ERR,ERR,ERR,ERR,ERR,ERR,ERR,ERR,ERR,ERR,ERR,ERR,ERR,ERR,ERR,ERR,ERR,ERR,ERR,ERR,ERR,ERR,ERR,ERR,ERR,ERR,ERR,ERR,ERR,ERR,ERR,ERR,ERR,ERR,ERR,ERR,ERR,ERR,ERR,ERR,ERR,ERR,ERR,ERR,ERR,34.0,80.0,35,0.0,0.0,0.0,0.0,0.0,0.0,0.0,0.0,0.0,0.0,0.0,0.0,0.0,0.0,0.0,0.0,64.8,0,117,56,50,65476,0,300,0,0,8,20529,65476,0,0,57672,80.0,0.0,0.0,0.0,0.0,0.0
2026-06-17T04:06:03,ERR,ERR,ERR,ERR,ERR,ERR,ERR,ERR,ERR,ERR,ERR,ERR,ERR,ERR,ERR,ERR,ERR,ERR,ERR,ERR,ERR,ERR,ERR,ERR,ERR,ERR,ERR,ERR,ERR,ERR,ERR,ERR,ERR,ERR,ERR,ERR,ERR,ERR,ERR,ERR,ERR,ERR,ERR,ERR,ERR,ERR,ERR,ERR,ERR,ERR,ERR,ERR,ERR,ERR,ERR,ERR,ERR,ERR,ERR,ERR,ERR,ERR,ERR,ERR,ERR,ERR,ERR,ERR,ERR,ERR,ERR,ERR,ERR,ERR,ERR,ERR,ERR,ERR,ERR,ERR,ERR,ERR,ERR,ERR,ERR,ERR,ERR,ERR,ERR,ERR,ERR,ERR,ERR,ERR,ERR,ERR,ERR,ERR,ERR,ERR,ERR,ERR,ERR,ERR,ERR,ERR,ERR,ERR,ERR,ERR,ERR,ERR,ERR,ERR,ERR,ERR,ERR,ERR,ERR,ERR,ERR,ERR,ERR,ERR,ERR,0.0,0.0,2.6474777903227054e+23,0.0,0.0,1.3936040501711995e+18,7.805,0.0,0,0,4,0,7300,-0.0,0,0.0,0.0,0.0,0.0,0.0,0,0,0,0,0.0,0,0,0,0,0,0,0,0,0,0,0,0,0,0,0,0,0,0,0,0,0,0,0,0,0,0,0,0,0,0,0,0,0,32,30,30,62,65476,0,300,0,0,8,21553,0.0,-107605600.0,0.0,0.0,0.0,0.0,0.0,0.0,0.0,0.0,0.0,0.0,0.0,0.0,0.0,0.0,0.0,0.0,0.0,0.0,0.0,0.0,2.004,-0.0,-0.0,2.004,0.0,0.0,0.0,0.0,5464.0,-564146772901888.0,6971.0,0.0,0.0,-107615280.0,0.0,0.0,0.0,0.0,0.0,63,-0.0,-0.0,0.0,0.0,0.0,0.0,0.0,0.0,0.0,0,0,0,0.0,0.0,0.0,0.0,0.0,0.0,0.0,0.0,0.0,0.0,0.0,0.0,0.0,0.0,0.0,0.0,0,-107875648.0,63,0.0,126,2.7184242562605685e+23,-0.0,ERR,ERR,ERR,ERR,ERR,ERR,ERR,ERR,ERR,ERR,ERR,ERR,ERR,ERR,ERR,ERR,ERR,ERR,ERR,ERR,ERR,ERR,ERR,ERR,ERR,ERR,ERR,ERR,ERR,ERR,ERR,ERR,ERR,ERR,ERR,ERR,ERR,ERR,ERR,ERR,ERR,ERR,ERR,ERR,ERR,ERR,ERR,ERR,ERR,ERR,ERR,ERR,ERR,ERR,ERR,ERR,ERR,ERR,ERR,ERR,ERR,ERR,ERR,ERR,ERR,ERR,ERR,34.0,80.0,35,0.0,0.0,0.0,0.0,0.0,0.0,0.0,0.0,0.0,0.0,0.0,0.0,0.0,0.0,0.0,0.0,64.4,0,117,56,50,65476,0,300,0,0,8,20529,65476,0,0,57672,80.0,0.0,0.0,0.0,0.0,0.0
2026-06-17T04:06:04,ERR,ERR,ERR,ERR,ERR,ERR,ERR,ERR,ERR,ERR,ERR,ERR,ERR,ERR,ERR,ERR,ERR,ERR,ERR,ERR,ERR,ERR,ERR,ERR,ERR,ERR,ERR,ERR,ERR,ERR,ERR,ERR,ERR,ERR,ERR,ERR,ERR,ERR,ERR,ERR,ERR,ERR,ERR,ERR,ERR,ERR,ERR,ERR,ERR,ERR,ERR,ERR,ERR,ERR,ERR,ERR,ERR,ERR,ERR,ERR,ERR,ERR,ERR,ERR,ERR,ERR,ERR,ERR,ERR,ERR,ERR,ERR,ERR,ERR,ERR,ERR,ERR,ERR,ERR,ERR,ERR,ERR,ERR,ERR,ERR,ERR,ERR,ERR,ERR,ERR,ERR,ERR,ERR,ERR,ERR,ERR,ERR,ERR,ERR,ERR,ERR,ERR,ERR,ERR,ERR,ERR,ERR,ERR,ERR,ERR,ERR,ERR,ERR,ERR,ERR,ERR,ERR,ERR,ERR,ERR,ERR,ERR,ERR,ERR,ERR,0.0,0.0,2.6474777903227054e+23,0.0,0.0,1.3936040501711995e+18,7.805,0.0,0,0,4,0,7300,-0.0,0,0.0,0.0,0.0,0.0,0.0,0,0,0,0,0.0,0,0,0,0,0,0,0,0,0,0,0,0,0,0,0,0,0,0,0,0,0,0,0,0,0,0,0,0,0,0,0,0,0,32,30,30,62,65476,0,300,0,0,8,21553,0.0,-107605600.0,0.0,0.0,0.0,0.0,0.0,0.0,0.0,0.0,0.0,0.0,0.0,0.0,0.0,0.0,0.0,0.0,0.0,0.0,0.0,0.0,2.004,-0.0,-0.0,2.004,0.0,0.0,0.0,0.0,5464.0,-564146772901888.0,6971.0,0.0,0.0,-107615280.0,0.0,0.0,0.0,0.0,0.0,63,-0.0,-0.0,0.0,0.0,0.0,0.0,0.0,0.0,0.0,0,0,0,0.0,0.0,0.0,0.0,0.0,0.0,0.0,0.0,0.0,0.0,0.0,0.0,0.0,0.0,0.0,0.0,0,-107875648.0,63,0.0,126,2.7184242562605685e+23,-0.0,ERR,ERR,ERR,ERR,ERR,ERR,ERR,ERR,ERR,ERR,ERR,ERR,ERR,ERR,ERR,ERR,ERR,ERR,ERR,ERR,ERR,ERR,ERR,ERR,ERR,ERR,ERR,ERR,ERR,ERR,ERR,ERR,ERR,ERR,ERR,ERR,ERR,ERR,ERR,ERR,ERR,ERR,ERR,ERR,ERR,ERR,ERR,ERR,ERR,ERR,ERR,ERR,ERR,ERR,ERR,ERR,ERR,ERR,ERR,ERR,ERR,ERR,ERR,ERR,ERR,ERR,ERR,34.0,80.0,35,0.0,0.0,0.0,0.0,0.0,0.0,0.0,0.0,0.0,0.0,0.0,0.0,0.0,0.0,0.0,0.0,64.4,0,117,56,50,65476,0,300,0,0,8,20529,65476,0,0,57672,80.0,0.0,0.0,0.0,0.0,0.0
2026-06-17T04:06:05,ERR,ERR,ERR,ERR,ERR,ERR,ERR,ERR,ERR,ERR,ERR,ERR,ERR,ERR,ERR,ERR,ERR,ERR,ERR,ERR,ERR,ERR,ERR,ERR,ERR,ERR,ERR,ERR,ERR,ERR,ERR,ERR,ERR,ERR,ERR,ERR,ERR,ERR,ERR,ERR,ERR,ERR,ERR,ERR,ERR,ERR,ERR,ERR,ERR,ERR,ERR,ERR,ERR,ERR,ERR,ERR,ERR,ERR,ERR,ERR,ERR,ERR,ERR,ERR,ERR,ERR,ERR,ERR,ERR,ERR,ERR,ERR,ERR,ERR,ERR,ERR,ERR,ERR,ERR,ERR,ERR,ERR,ERR,ERR,ERR,ERR,ERR,ERR,ERR,ERR,ERR,ERR,ERR,ERR,ERR,ERR,ERR,ERR,ERR,ERR,ERR,ERR,ERR,ERR,ERR,ERR,ERR,ERR,ERR,ERR,ERR,ERR,ERR,ERR,ERR,ERR,ERR,ERR,ERR,ERR,ERR,ERR,ERR,ERR,ERR,0.0,0.0,2.6474777903227054e+23,0.0,0.0,1.3936040501711995e+18,7.805,0.0,0,0,4,0,7300,-0.0,0,0.0,0.0,0.0,0.0,0.0,0,0,0,0,0.0,0,0,0,0,0,0,0,0,0,0,0,0,0,0,0,0,0,0,0,0,0,0,0,0,0,0,0,0,0,0,0,0,0,32,30,30,62,65476,0,300,0,0,8,21553,0.0,-107605600.0,0.0,0.0,0.0,0.0,0.0,0.0,0.0,0.0,0.0,0.0,0.0,0.0,0.0,0.0,0.0,0.0,0.0,0.0,0.0,0.0,2.004,-0.0,-0.0,2.004,0.0,0.0,0.0,0.0,5464.0,-564146772901888.0,6971.0,0.0,0.0,-107615280.0,0.0,0.0,0.0,0.0,0.0,63,-0.0,-0.0,0.0,0.0,0.0,0.0,0.0,0.0,0.0,0,0,0,0.0,0.0,0.0,0.0,0.0,0.0,0.0,0.0,0.0,0.0,0.0,0.0,0.0,0.0,0.0,0.0,0,-107875648.0,63,0.0,126,2.7184242562605685e+23,-0.0,ERR,ERR,ERR,ERR,ERR,ERR,ERR,ERR,ERR,ERR,ERR,ERR,ERR,ERR,ERR,ERR,ERR,ERR,ERR,ERR,ERR,ERR,ERR,ERR,ERR,ERR,ERR,ERR,ERR,ERR,ERR,ERR,ERR,ERR,ERR,ERR,ERR,ERR,ERR,ERR,ERR,ERR,ERR,ERR,ERR,ERR,ERR,ERR,ERR,ERR,ERR,ERR,ERR,ERR,ERR,ERR,ERR,ERR,ERR,ERR,ERR,ERR,ERR,ERR,ERR,ERR,ERR,34.0,80.0,35,0.0,0.0,0.0,0.0,0.0,0.0,0.0,0.0,0.0,0.0,0.0,0.0,0.0,0.0,0.0,0.0,64.4,0,117,56,50,65476,0,300,0,0,8,20529,65476,0,0,57672,80.0,0.0,0.0,0.0,0.0,0.0
2026-06-17T04:06:06,ERR,ERR,ERR,ERR,ERR,ERR,ERR,ERR,ERR,ERR,ERR,ERR,ERR,ERR,ERR,ERR,ERR,ERR,ERR,ERR,ERR,ERR,ERR,ERR,ERR,ERR,ERR,ERR,ERR,ERR,ERR,ERR,ERR,ERR,ERR,ERR,ERR,ERR,ERR,ERR,ERR,ERR,ERR,ERR,ERR,ERR,ERR,ERR,ERR,ERR,ERR,ERR,ERR,ERR,ERR,ERR,ERR,ERR,ERR,ERR,ERR,ERR,ERR,ERR,ERR,ERR,ERR,ERR,ERR,ERR,ERR,ERR,ERR,ERR,ERR,ERR,ERR,ERR,ERR,ERR,ERR,ERR,ERR,ERR,ERR,ERR,ERR,ERR,ERR,ERR,ERR,ERR,ERR,ERR,ERR,ERR,ERR,ERR,ERR,ERR,ERR,ERR,ERR,ERR,ERR,ERR,ERR,ERR,ERR,ERR,ERR,ERR,ERR,ERR,ERR,ERR,ERR,ERR,ERR,ERR,ERR,ERR,ERR,ERR,ERR,0.0,0.0,2.6474777903227054e+23,0.0,0.0,1.3936040501711995e+18,7.805,0.0,0,0,4,0,7300,-0.0,0,0.0,0.0,0.0,0.0,0.0,0,0,0,0,0.0,0,0,0,0,0,0,0,0,0,0,0,0,0,0,0,0,0,0,0,0,0,0,0,0,0,0,0,0,0,0,0,0,0,32,30,30,62,65476,0,300,0,0,8,21553,0.0,-107605600.0,0.0,0.0,0.0,0.0,0.0,0.0,0.0,0.0,0.0,0.0,0.0,0.0,0.0,0.0,0.0,0.0,0.0,0.0,0.0,0.0,2.004,-0.0,-2.004,2.004,0.0,0.0,0.0,0.0,5464.0,-8608196608.0,6970.0,0.0,0.0,-107615280.0,0.0,0.0,0.0,0.0,0.0,63,-0.0,-0.0,0.0,0.0,0.0,0.0,0.0,0.0,0.0,0,0,0,0.0,0.0,0.0,0.0,0.0,0.0,0.0,0.0,0.0,0.0,0.0,0.0,0.0,0.0,0.0,0.0,0,-107875648.0,63,0.0,126,2.7184242562605685e+23,-0.0,ERR,ERR,ERR,ERR,ERR,ERR,ERR,ERR,ERR,ERR,ERR,ERR,ERR,ERR,ERR,ERR,ERR,ERR,ERR,ERR,ERR,ERR,ERR,ERR,ERR,ERR,ERR,ERR,ERR,ERR,ERR,ERR,ERR,ERR,ERR,ERR,ERR,ERR,ERR,ERR,ERR,ERR,ERR,ERR,ERR,ERR,ERR,ERR,ERR,ERR,ERR,ERR,ERR,ERR,ERR,ERR,ERR,ERR,ERR,ERR,ERR,ERR,ERR,ERR,ERR,ERR,ERR,34.0,80.0,35,0.0,0.0,0.0,0.0,0.0,0.0,0.0,0.0,0.0,0.0,0.0,0.0,0.0,0.0,0.0,0.0,64.8,0,117,56,50,65476,0,300,0,0,8,20529,65476,0,0,57672,80.0,0.0,0.0,0.0,0.0,0.0
2026-06-17T04:06:07,ERR,ERR,ERR,ERR,ERR,ERR,ERR,ERR,ERR,ERR,ERR,ERR,ERR,ERR,ERR,ERR,ERR,ERR,ERR,ERR,ERR,ERR,ERR,ERR,ERR,ERR,ERR,ERR,ERR,ERR,ERR,ERR,ERR,ERR,ERR,ERR,ERR,ERR,ERR,ERR,ERR,ERR,ERR,ERR,ERR,ERR,ERR,ERR,ERR,ERR,ERR,ERR,ERR,ERR,ERR,ERR,ERR,ERR,ERR,ERR,ERR,ERR,ERR,ERR,ERR,ERR,ERR,ERR,ERR,ERR,ERR,ERR,ERR,ERR,ERR,ERR,ERR,ERR,ERR,ERR,ERR,ERR,ERR,ERR,ERR,ERR,ERR,ERR,ERR,ERR,ERR,ERR,ERR,ERR,ERR,ERR,ERR,ERR,ERR,ERR,ERR,ERR,ERR,ERR,ERR,ERR,ERR,ERR,ERR,ERR,ERR,ERR,ERR,ERR,ERR,ERR,ERR,ERR,ERR,ERR,ERR,ERR,ERR,ERR,ERR,0.0,0.0,2.6474777903227054e+23,0.0,0.0,1.3936040501711995e+18,7.805,0.0,0,0,4,0,7300,-0.0,0,0.0,0.0,0.0,0.0,0.0,0,0,0,0,0.0,0,0,0,0,0,0,0,0,0,0,0,0,0,0,0,0,0,0,0,0,0,0,0,0,0,0,0,0,0,0,0,0,0,32,30,30,62,65476,0,300,0,0,8,21553,0.0,-107605600.0,0.0,0.0,0.0,0.0,0.0,0.0,0.0,0.0,0.0,0.0,0.0,0.0,0.0,0.0,0.0,0.0,0.0,0.0,0.0,0.0,2.004,-0.0,-2.004,2.004,0.0,0.0,0.0,0.0,5464.0,-8608196608.0,6970.0,0.0,0.0,-107615280.0,0.0,0.0,0.0,0.0,0.0,63,-0.0,-0.0,0.0,0.0,0.0,0.0,0.0,0.0,0.0,0,0,0,0.0,0.0,0.0,0.0,0.0,0.0,0.0,0.0,0.0,0.0,0.0,0.0,0.0,0.0,0.0,0.0,0,-107875648.0,63,0.0,126,2.7184242562605685e+23,-0.0,ERR,ERR,ERR,ERR,ERR,ERR,ERR,ERR,ERR,ERR,ERR,ERR,ERR,ERR,ERR,ERR,ERR,ERR,ERR,ERR,ERR,ERR,ERR,ERR,ERR,ERR,ERR,ERR,ERR,ERR,ERR,ERR,ERR,ERR,ERR,ERR,ERR,ERR,ERR,ERR,ERR,ERR,ERR,ERR,ERR,ERR,ERR,ERR,ERR,ERR,ERR,ERR,ERR,ERR,ERR,ERR,ERR,ERR,ERR,ERR,ERR,ERR,ERR,ERR,ERR,ERR,ERR,34.0,80.0,35,0.0,0.0,0.0,0.0,0.0,0.0,0.0,0.0,0.0,0.0,0.0,0.0,0.0,0.0,0.0,0.0,64.8,0,117,56,50,65476,0,300,0,0,8,20529,65476,0,0,57672,80.0,0.0,0.0,0.0,0.0,0.0
2026-06-17T04:06:08,ERR,ERR,ERR,ERR,ERR,ERR,ERR,ERR,ERR,ERR,ERR,ERR,ERR,ERR,ERR,ERR,ERR,ERR,ERR,ERR,ERR,ERR,ERR,ERR,ERR,ERR,ERR,ERR,ERR,ERR,ERR,ERR,ERR,ERR,ERR,ERR,ERR,ERR,ERR,ERR,ERR,ERR,ERR,ERR,ERR,ERR,ERR,ERR,ERR,ERR,ERR,ERR,ERR,ERR,ERR,ERR,ERR,ERR,ERR,ERR,ERR,ERR,ERR,ERR,ERR,ERR,ERR,ERR,ERR,ERR,ERR,ERR,ERR,ERR,ERR,ERR,ERR,ERR,ERR,ERR,ERR,ERR,ERR,ERR,ERR,ERR,ERR,ERR,ERR,ERR,ERR,ERR,ERR,ERR,ERR,ERR,ERR,ERR,ERR,ERR,ERR,ERR,ERR,ERR,ERR,ERR,ERR,ERR,ERR,ERR,ERR,ERR,ERR,ERR,ERR,ERR,ERR,ERR,ERR,ERR,ERR,ERR,ERR,ERR,ERR,0.0,0.0,2.6474777903227054e+23,0.0,0.0,1.3936040501711995e+18,7.805,0.0,0,0,4,0,7300,-0.0,0,0.0,0.0,0.0,0.0,0.0,0,0,0,0,0.0,0,0,0,0,0,0,0,0,0,0,0,0,0,0,0,0,0,0,0,0,0,0,0,0,0,0,0,0,0,0,0,0,0,32,30,30,62,65476,0,300,0,0,8,21553,0.0,-107605600.0,0.0,0.0,0.0,0.0,0.0,0.0,0.0,0.0,0.0,0.0,0.0,0.0,0.0,0.0,0.0,0.0,0.0,0.0,0.0,0.0,2.004,-0.0,-2.004,2.004,0.0,0.0,0.0,0.0,5464.0,-8608196608.0,6970.0,0.0,0.0,-107615280.0,0.0,0.0,0.0,0.0,0.0,63,-0.0,-0.0,0.0,0.0,0.0,0.0,0.0,0.0,0.0,0,0,0,0.0,0.0,0.0,0.0,0.0,0.0,0.0,0.0,0.0,0.0,0.0,0.0,0.0,0.0,0.0,0.0,0,-107875648.0,63,0.0,126,2.7184242562605685e+23,-0.0,ERR,ERR,ERR,ERR,ERR,ERR,ERR,ERR,ERR,ERR,ERR,ERR,ERR,ERR,ERR,ERR,ERR,ERR,ERR,ERR,ERR,ERR,ERR,ERR,ERR,ERR,ERR,ERR,ERR,ERR,ERR,ERR,ERR,ERR,ERR,ERR,ERR,ERR,ERR,ERR,ERR,ERR,ERR,ERR,ERR,ERR,ERR,ERR,ERR,ERR,ERR,ERR,ERR,ERR,ERR,ERR,ERR,ERR,ERR,ERR,ERR,ERR,ERR,ERR,ERR,ERR,ERR,34.0,80.0,35,0.0,0.0,0.0,0.0,0.0,0.0,0.0,0.0,0.0,0.0,0.0,0.0,0.0,0.0,0.0,0.0,64.4,0,117,56,50,65476,0,300,0,0,8,20529,65476,0,0,57672,80.0,0.0,0.0,0.0,0.0,0.0
2026-06-17T04:06:09,ERR,ERR,ERR,ERR,ERR,ERR,ERR,ERR,ERR,ERR,ERR,ERR,ERR,ERR,ERR,ERR,ERR,ERR,ERR,ERR,ERR,ERR,ERR,ERR,ERR,ERR,ERR,ERR,ERR,ERR,ERR,ERR,ERR,ERR,ERR,ERR,ERR,ERR,ERR,ERR,ERR,ERR,ERR,ERR,ERR,ERR,ERR,ERR,ERR,ERR,ERR,ERR,ERR,ERR,ERR,ERR,ERR,ERR,ERR,ERR,ERR,ERR,ERR,ERR,ERR,ERR,ERR,ERR,ERR,ERR,ERR,ERR,ERR,ERR,ERR,ERR,ERR,ERR,ERR,ERR,ERR,ERR,ERR,ERR,ERR,ERR,ERR,ERR,ERR,ERR,ERR,ERR,ERR,ERR,ERR,ERR,ERR,ERR,ERR,ERR,ERR,ERR,ERR,ERR,ERR,ERR,ERR,ERR,ERR,ERR,ERR,ERR,ERR,ERR,ERR,ERR,ERR,ERR,ERR,ERR,ERR,ERR,ERR,ERR,ERR,0.0,0.0,2.6474777903227054e+23,0.0,0.0,1.3936040501711995e+18,7.805,0.0,0,0,4,0,7300,-0.0,0,0.0,0.0,0.0,0.0,0.0,0,0,0,0,0.0,0,0,0,0,0,0,0,0,0,0,0,0,0,0,0,0,0,0,0,0,0,0,0,0,0,0,0,0,0,0,0,0,0,32,30,30,62,65476,0,300,0,0,8,21553,0.0,-107605600.0,0.0,0.0,0.0,0.0,0.0,0.0,0.0,0.0,0.0,0.0,0.0,0.0,0.0,0.0,0.0,0.0,0.0,0.0,0.0,0.0,2.004,-0.0,-2.004,2.004,0.0,0.0,0.0,0.0,5464.0,-8608196608.0,6970.0,0.0,0.0,-107615280.0,0.0,0.0,0.0,0.0,0.0,63,-0.0,-0.0,0.0,0.0,0.0,0.0,0.0,0.0,0.0,0,0,0,0.0,0.0,0.0,0.0,0.0,0.0,0.0,0.0,0.0,0.0,0.0,0.0,0.0,0.0,0.0,0.0,0,-107875648.0,63,0.0,126,2.7184242562605685e+23,-0.0,ERR,ERR,ERR,ERR,ERR,ERR,ERR,ERR,ERR,ERR,ERR,ERR,ERR,ERR,ERR,ERR,ERR,ERR,ERR,ERR,ERR,ERR,ERR,ERR,ERR,ERR,ERR,ERR,ERR,ERR,ERR,ERR,ERR,ERR,ERR,ERR,ERR,ERR,ERR,ERR,ERR,ERR,ERR,ERR,ERR,ERR,ERR,ERR,ERR,ERR,ERR,ERR,ERR,ERR,ERR,ERR,ERR,ERR,ERR,ERR,ERR,ERR,ERR,ERR,ERR,ERR,ERR,34.0,80.0,35,0.0,0.0,0.0,0.0,0.0,0.0,0.0,0.0,0.0,0.0,0.0,0.0,0.0,0.0,0.0,0.0,64.4,0,117,56,50,65476,0,300,0,0,8,20529,65476,0,0,57672,80.0,0.0,0.0,0.0,0.0,0.0
2026-06-17T04:06:10,ERR,ERR,ERR,ERR,ERR,ERR,ERR,ERR,ERR,ERR,ERR,ERR,ERR,ERR,ERR,ERR,ERR,ERR,ERR,ERR,ERR,ERR,ERR,ERR,ERR,ERR,ERR,ERR,ERR,ERR,ERR,ERR,ERR,ERR,ERR,ERR,ERR,ERR,ERR,ERR,ERR,ERR,ERR,ERR,ERR,ERR,ERR,ERR,ERR,ERR,ERR,ERR,ERR,ERR,ERR,ERR,ERR,ERR,ERR,ERR,ERR,ERR,ERR,ERR,ERR,ERR,ERR,ERR,ERR,ERR,ERR,ERR,ERR,ERR,ERR,ERR,ERR,ERR,ERR,ERR,ERR,ERR,ERR,ERR,ERR,ERR,ERR,ERR,ERR,ERR,ERR,ERR,ERR,ERR,ERR,ERR,ERR,ERR,ERR,ERR,ERR,ERR,ERR,ERR,ERR,ERR,ERR,ERR,ERR,ERR,ERR,ERR,ERR,ERR,ERR,ERR,ERR,ERR,ERR,ERR,ERR,ERR,ERR,ERR,ERR,0.0,0.0,2.6474777903227054e+23,0.0,0.0,1.3936040501711995e+18,7.805,0.0,0,0,4,0,7300,-0.0,0,0.0,0.0,0.0,0.0,0.0,0,0,0,0,0.0,0,0,0,0,0,0,0,0,0,0,0,0,0,0,0,0,0,0,0,0,0,0,0,0,0,0,0,0,0,0,0,0,0,32,30,30,62,65476,0,300,0,0,8,21553,0.0,-107605600.0,0.0,0.0,0.0,0.0,0.0,0.0,0.0,0.0,0.0,0.0,0.0,0.0,0.0,0.0,0.0,0.0,0.0,0.0,0.0,0.0,2.004,-0.0,-2.004,2.004,0.0,0.0,0.0,0.0,5464.0,-8608196608.0,6970.0,0.0,0.0,-107615280.0,0.0,0.0,0.0,0.0,0.0,63,-0.0,-0.0,0.0,0.0,0.0,0.0,0.0,0.0,0.0,0,0,0,0.0,0.0,0.0,0.0,0.0,0.0,0.0,0.0,0.0,0.0,0.0,0.0,0.0,0.0,0.0,0.0,0,-107875648.0,63,0.0,126,2.7184242562605685e+23,-0.0,ERR,ERR,ERR,ERR,ERR,ERR,ERR,ERR,ERR,ERR,ERR,ERR,ERR,ERR,ERR,ERR,ERR,ERR,ERR,ERR,ERR,ERR,ERR,ERR,ERR,ERR,ERR,ERR,ERR,ERR,ERR,ERR,ERR,ERR,ERR,ERR,ERR,ERR,ERR,ERR,ERR,ERR,ERR,ERR,ERR,ERR,ERR,ERR,ERR,ERR,ERR,ERR,ERR,ERR,ERR,ERR,ERR,ERR,ERR,ERR,ERR,ERR,ERR,ERR,ERR,ERR,ERR,34.0,80.0,35,0.0,0.0,0.0,0.0,0.0,0.0,0.0,0.0,0.0,0.0,0.0,0.0,0.0,0.0,0.0,0.0,64.4,0,117,56,50,65476,0,300,0,0,8,20529,65476,0,0,57672,80.0,0.0,0.0,0.0,0.0,0.0
2026-06-17T04:06:11,ERR,ERR,ERR,ERR,ERR,ERR,ERR,ERR,ERR,ERR,ERR,ERR,ERR,ERR,ERR,ERR,ERR,ERR,ERR,ERR,ERR,ERR,ERR,ERR,ERR,ERR,ERR,ERR,ERR,ERR,ERR,ERR,ERR,ERR,ERR,ERR,ERR,ERR,ERR,ERR,ERR,ERR,ERR,ERR,ERR,ERR,ERR,ERR,ERR,ERR,ERR,ERR,ERR,ERR,ERR,ERR,ERR,ERR,ERR,ERR,ERR,ERR,ERR,ERR,ERR,ERR,ERR,ERR,ERR,ERR,ERR,ERR,ERR,ERR,ERR,ERR,ERR,ERR,ERR,ERR,ERR,ERR,ERR,ERR,ERR,ERR,ERR,ERR,ERR,ERR,ERR,ERR,ERR,ERR,ERR,ERR,ERR,ERR,ERR,ERR,ERR,ERR,ERR,ERR,ERR,ERR,ERR,ERR,ERR,ERR,ERR,ERR,ERR,ERR,ERR,ERR,ERR,ERR,ERR,ERR,ERR,ERR,ERR,ERR,ERR,0.0,0.0,2.6474777903227054e+23,0.0,0.0,1.3936040501711995e+18,7.805,0.0,0,0,4,0,7300,-0.0,0,0.0,0.0,0.0,0.0,0.0,0,0,0,0,0.0,0,0,0,0,0,0,0,0,0,0,0,0,0,0,0,0,0,0,0,0,0,0,0,0,0,0,0,0,0,0,0,0,0,32,30,30,62,65476,0,300,0,0,8,21553,0.0,-107605600.0,0.0,0.0,0.0,0.0,0.0,0.0,0.0,0.0,0.0,0.0,0.0,0.0,0.0,0.0,0.0,0.0,0.0,0.0,0.0,0.0,2.004,-0.0,-0.0,2.004,0.0,0.0,0.0,0.0,5462.0,1.5879319976395066e+29,6958.0,0.0,0.0,-107615280.0,0.0,0.0,0.0,0.0,0.0,63,-0.0,0.0,0.0,0.0,0.0,0.0,0.0,0.0,0.0,0,0,0,0.0,0.0,0.0,0.0,0.0,0.0,0.0,0.0,0.0,0.0,0.0,0.0,0.0,0.0,0.0,0.0,0,-107875648.0,63,0.0,126,2.7184242562605685e+23,-0.0,ERR,ERR,ERR,ERR,ERR,ERR,ERR,ERR,ERR,ERR,ERR,ERR,ERR,ERR,ERR,ERR,ERR,ERR,ERR,ERR,ERR,ERR,ERR,ERR,ERR,ERR,ERR,ERR,ERR,ERR,ERR,ERR,ERR,ERR,ERR,ERR,ERR,ERR,ERR,ERR,ERR,ERR,ERR,ERR,ERR,ERR,ERR,ERR,ERR,ERR,ERR,ERR,ERR,ERR,ERR,ERR,ERR,ERR,ERR,ERR,ERR,ERR,ERR,ERR,ERR,ERR,ERR,34.0,80.0,35,0.0,0.0,0.0,0.0,0.0,0.0,0.0,0.0,0.0,0.0,0.0,0.0,0.0,0.0,0.0,0.0,64.4,0,117,56,50,65476,0,300,0,0,8,20529,65476,0,0,57672,80.0,0.0,0.0,0.0,0.0,0.0
2026-06-17T04:06:12,ERR,ERR,ERR,ERR,ERR,ERR,ERR,ERR,ERR,ERR,ERR,ERR,ERR,ERR,ERR,ERR,ERR,ERR,ERR,ERR,ERR,ERR,ERR,ERR,ERR,ERR,ERR,ERR,ERR,ERR,ERR,ERR,ERR,ERR,ERR,ERR,ERR,ERR,ERR,ERR,ERR,ERR,ERR,ERR,ERR,ERR,ERR,ERR,ERR,ERR,ERR,ERR,ERR,ERR,ERR,ERR,ERR,ERR,ERR,ERR,ERR,ERR,ERR,ERR,ERR,ERR,ERR,ERR,ERR,ERR,ERR,ERR,ERR,ERR,ERR,ERR,ERR,ERR,ERR,ERR,ERR,ERR,ERR,ERR,ERR,ERR,ERR,ERR,ERR,ERR,ERR,ERR,ERR,ERR,ERR,ERR,ERR,ERR,ERR,ERR,ERR,ERR,ERR,ERR,ERR,ERR,ERR,ERR,ERR,ERR,ERR,ERR,ERR,ERR,ERR,ERR,ERR,ERR,ERR,ERR,ERR,ERR,ERR,ERR,ERR,0.0,0.0,2.6474777903227054e+23,0.0,0.0,1.3936040501711995e+18,7.805,0.0,0,0,4,0,7300,-0.0,0,0.0,0.0,0.0,0.0,0.0,0,0,0,0,0.0,0,0,0,0,0,0,0,0,0,0,0,0,0,0,0,0,0,0,0,0,0,0,0,0,0,0,0,0,0,0,0,0,0,32,30,30,62,65476,0,300,0,0,8,21553,0.0,-107605600.0,0.0,0.0,0.0,0.0,0.0,0.0,0.0,0.0,0.0,0.0,0.0,0.0,0.0,0.0,0.0,0.0,0.0,0.0,0.0,0.0,2.004,-0.0,-0.0,2.004,0.0,0.0,0.0,0.0,5462.0,1.5879319976395066e+29,6958.0,0.0,0.0,-107615280.0,0.0,0.0,0.0,0.0,0.0,63,-0.0,0.0,0.0,0.0,0.0,0.0,0.0,0.0,0.0,0,0,0,0.0,0.0,0.0,0.0,0.0,0.0,0.0,0.0,0.0,0.0,0.0,0.0,0.0,0.0,0.0,0.0,0,-107875648.0,63,0.0,126,2.7184242562605685e+23,-0.0,ERR,ERR,ERR,ERR,ERR,ERR,ERR,ERR,ERR,ERR,ERR,ERR,ERR,ERR,ERR,ERR,ERR,ERR,ERR,ERR,ERR,ERR,ERR,ERR,ERR,ERR,ERR,ERR,ERR,ERR,ERR,ERR,ERR,ERR,ERR,ERR,ERR,ERR,ERR,ERR,ERR,ERR,ERR,ERR,ERR,ERR,ERR,ERR,ERR,ERR,ERR,ERR,ERR,ERR,ERR,ERR,ERR,ERR,ERR,ERR,ERR,ERR,ERR,ERR,ERR,ERR,ERR,34.0,80.0,35,0.0,0.0,0.0,0.0,0.0,0.0,0.0,0.0,0.0,0.0,0.0,0.0,0.0,0.0,0.0,0.0,64.4,0,117,56,50,65476,0,300,0,0,8,20529,65476,0,0,57672,80.0,0.0,0.0,0.0,0.0,0.0
2026-06-17T04:06:13,ERR,ERR,ERR,ERR,ERR,ERR,ERR,ERR,ERR,ERR,ERR,ERR,ERR,ERR,ERR,ERR,ERR,ERR,ERR,ERR,ERR,ERR,ERR,ERR,ERR,ERR,ERR,ERR,ERR,ERR,ERR,ERR,ERR,ERR,ERR,ERR,ERR,ERR,ERR,ERR,ERR,ERR,ERR,ERR,ERR,ERR,ERR,ERR,ERR,ERR,ERR,ERR,ERR,ERR,ERR,ERR,ERR,ERR,ERR,ERR,ERR,ERR,ERR,ERR,ERR,ERR,ERR,ERR,ERR,ERR,ERR,ERR,ERR,ERR,ERR,ERR,ERR,ERR,ERR,ERR,ERR,ERR,ERR,ERR,ERR,ERR,ERR,ERR,ERR,ERR,ERR,ERR,ERR,ERR,ERR,ERR,ERR,ERR,ERR,ERR,ERR,ERR,ERR,ERR,ERR,ERR,ERR,ERR,ERR,ERR,ERR,ERR,ERR,ERR,ERR,ERR,ERR,ERR,ERR,ERR,ERR,ERR,ERR,ERR,ERR,0.0,0.0,2.6474777903227054e+23,0.0,0.0,1.3936040501711995e+18,7.805,0.0,0,0,4,0,7300,-0.0,0,0.0,0.0,0.0,0.0,0.0,0,0,0,0,0.0,0,0,0,0,0,0,0,0,0,0,0,0,0,0,0,0,0,0,0,0,0,0,0,0,0,0,0,0,0,0,0,0,0,32,30,30,62,65476,0,300,0,0,8,21553,0.0,-107605600.0,0.0,0.0,0.0,0.0,0.0,0.0,0.0,0.0,0.0,0.0,0.0,0.0,0.0,0.0,0.0,0.0,0.0,0.0,0.0,0.0,2.004,-0.0,-0.0,2.004,0.0,0.0,0.0,0.0,5462.0,1.5879319976395066e+29,6958.0,0.0,0.0,-107615280.0,0.0,0.0,0.0,0.0,0.0,63,-0.0,0.0,0.0,0.0,0.0,0.0,0.0,0.0,0.0,0,0,0,0.0,0.0,0.0,0.0,0.0,0.0,0.0,0.0,0.0,0.0,0.0,0.0,0.0,0.0,0.0,0.0,0,-107875648.0,63,0.0,126,2.7184242562605685e+23,-0.0,ERR,ERR,ERR,ERR,ERR,ERR,ERR,ERR,ERR,ERR,ERR,ERR,ERR,ERR,ERR,ERR,ERR,ERR,ERR,ERR,ERR,ERR,ERR,ERR,ERR,ERR,ERR,ERR,ERR,ERR,ERR,ERR,ERR,ERR,ERR,ERR,ERR,ERR,ERR,ERR,ERR,ERR,ERR,ERR,ERR,ERR,ERR,ERR,ERR,ERR,ERR,ERR,ERR,ERR,ERR,ERR,ERR,ERR,ERR,ERR,ERR,ERR,ERR,ERR,ERR,ERR,ERR,34.0,80.0,35,0.0,0.0,0.0,0.0,0.0,0.0,0.0,0.0,0.0,0.0,0.0,0.0,0.0,0.0,0.0,0.0,64.4,0,117,56,50,65476,0,300,0,0,8,20529,65476,0,0,57672,80.0,0.0,0.0,0.0,0.0,0.0
2026-06-17T04:06:14,ERR,ERR,ERR,ERR,ERR,ERR,ERR,ERR,ERR,ERR,ERR,ERR,ERR,ERR,ERR,ERR,ERR,ERR,ERR,ERR,ERR,ERR,ERR,ERR,ERR,ERR,ERR,ERR,ERR,ERR,ERR,ERR,ERR,ERR,ERR,ERR,ERR,ERR,ERR,ERR,ERR,ERR,ERR,ERR,ERR,ERR,ERR,ERR,ERR,ERR,ERR,ERR,ERR,ERR,ERR,ERR,ERR,ERR,ERR,ERR,ERR,ERR,ERR,ERR,ERR,ERR,ERR,ERR,ERR,ERR,ERR,ERR,ERR,ERR,ERR,ERR,ERR,ERR,ERR,ERR,ERR,ERR,ERR,ERR,ERR,ERR,ERR,ERR,ERR,ERR,ERR,ERR,ERR,ERR,ERR,ERR,ERR,ERR,ERR,ERR,ERR,ERR,ERR,ERR,ERR,ERR,ERR,ERR,ERR,ERR,ERR,ERR,ERR,ERR,ERR,ERR,ERR,ERR,ERR,ERR,ERR,ERR,ERR,ERR,ERR,0.0,0.0,2.6474777903227054e+23,0.0,0.0,1.3936040501711995e+18,7.805,0.0,0,0,4,0,7300,-0.0,0,0.0,0.0,0.0,0.0,0.0,0,0,0,0,0.0,0,0,0,0,0,0,0,0,0,0,0,0,0,0,0,0,0,0,0,0,0,0,0,0,0,0,0,0,0,0,0,0,0,32,30,30,62,65476,0,300,0,0,8,21553,0.0,-107605600.0,0.0,0.0,0.0,0.0,0.0,0.0,0.0,0.0,0.0,0.0,0.0,0.0,0.0,0.0,0.0,0.0,0.0,0.0,0.0,0.0,2.004,-0.0,-0.0,2.004,0.0,0.0,0.0,0.0,5462.0,1.5879319976395066e+29,6958.0,0.0,0.0,-107615280.0,0.0,0.0,0.0,0.0,0.0,63,-0.0,0.0,0.0,0.0,0.0,0.0,0.0,0.0,0.0,0,0,0,0.0,0.0,0.0,0.0,0.0,0.0,0.0,0.0,0.0,0.0,0.0,0.0,0.0,0.0,0.0,0.0,0,-107875648.0,63,0.0,126,2.7184242562605685e+23,-0.0,ERR,ERR,ERR,ERR,ERR,ERR,ERR,ERR,ERR,ERR,ERR,ERR,ERR,ERR,ERR,ERR,ERR,ERR,ERR,ERR,ERR,ERR,ERR,ERR,ERR,ERR,ERR,ERR,ERR,ERR,ERR,ERR,ERR,ERR,ERR,ERR,ERR,ERR,ERR,ERR,ERR,ERR,ERR,ERR,ERR,ERR,ERR,ERR,ERR,ERR,ERR,ERR,ERR,ERR,ERR,ERR,ERR,ERR,ERR,ERR,ERR,ERR,ERR,ERR,ERR,ERR,ERR,34.0,80.0,35,0.0,0.0,0.0,0.0,0.0,0.0,0.0,0.0,0.0,0.0,0.0,0.0,0.0,0.0,0.0,0.0,64.4,0,117,56,50,65476,0,300,0,0,8,20529,65476,0,0,57672,80.0,0.0,0.0,0.0,0.0,0.0
2026-06-17T04:06:15,ERR,ERR,ERR,ERR,ERR,ERR,ERR,ERR,ERR,ERR,ERR,ERR,ERR,ERR,ERR,ERR,ERR,ERR,ERR,ERR,ERR,ERR,ERR,ERR,ERR,ERR,ERR,ERR,ERR,ERR,ERR,ERR,ERR,ERR,ERR,ERR,ERR,ERR,ERR,ERR,ERR,ERR,ERR,ERR,ERR,ERR,ERR,ERR,ERR,ERR,ERR,ERR,ERR,ERR,ERR,ERR,ERR,ERR,ERR,ERR,ERR,ERR,ERR,ERR,ERR,ERR,ERR,ERR,ERR,ERR,ERR,ERR,ERR,ERR,ERR,ERR,ERR,ERR,ERR,ERR,ERR,ERR,ERR,ERR,ERR,ERR,ERR,ERR,ERR,ERR,ERR,ERR,ERR,ERR,ERR,ERR,ERR,ERR,ERR,ERR,ERR,ERR,ERR,ERR,ERR,ERR,ERR,ERR,ERR,ERR,ERR,ERR,ERR,ERR,ERR,ERR,ERR,ERR,ERR,ERR,ERR,ERR,ERR,ERR,ERR,0.0,0.0,2.6474777903227054e+23,0.0,0.0,1.3936040501711995e+18,7.805,0.0,0,0,4,0,7300,-0.0,0,0.0,0.0,0.0,0.0,0.0,0,0,0,0,0.0,0,0,0,0,0,0,0,0,0,0,0,0,0,0,0,0,0,0,0,0,0,0,0,0,0,0,0,0,0,0,0,0,0,32,30,30,62,65476,0,300,0,0,8,21553,0.0,-107605600.0,0.0,0.0,0.0,0.0,0.0,0.0,0.0,0.0,0.0,0.0,0.0,0.0,0.0,0.0,0.0,0.0,0.0,0.0,0.0,0.0,2.004,-0.0,-0.0,2.004,0.0,0.0,0.0,0.0,5462.0,1.5879319976395066e+29,6958.0,0.0,0.0,-107615280.0,0.0,0.0,0.0,0.0,0.0,63,-0.0,0.0,0.0,0.0,0.0,0.0,0.0,0.0,0.0,0,0,0,0.0,0.0,0.0,0.0,0.0,0.0,0.0,0.0,0.0,0.0,0.0,0.0,0.0,0.0,0.0,0.0,0,-107875648.0,63,0.0,126,2.7184242562605685e+23,-0.0,ERR,ERR,ERR,ERR,ERR,ERR,ERR,ERR,ERR,ERR,ERR,ERR,ERR,ERR,ERR,ERR,ERR,ERR,ERR,ERR,ERR,ERR,ERR,ERR,ERR,ERR,ERR,ERR,ERR,ERR,ERR,ERR,ERR,ERR,ERR,ERR,ERR,ERR,ERR,ERR,ERR,ERR,ERR,ERR,ERR,ERR,ERR,ERR,ERR,ERR,ERR,ERR,ERR,ERR,ERR,ERR,ERR,ERR,ERR,ERR,ERR,ERR,ERR,ERR,ERR,ERR,ERR,34.0,80.0,35,0.0,0.0,0.0,0.0,0.0,0.0,0.0,0.0,0.0,0.0,0.0,0.0,0.0,0.0,0.0,0.0,64.4,0,117,56,50,65476,0,300,0,0,8,20529,65476,0,0,57672,80.0,0.0,0.0,0.0,0.0,0.0
2026-06-17T04:06:16,ERR,ERR,ERR,ERR,ERR,ERR,ERR,ERR,ERR,ERR,ERR,ERR,ERR,ERR,ERR,ERR,ERR,ERR,ERR,ERR,ERR,ERR,ERR,ERR,ERR,ERR,ERR,ERR,ERR,ERR,ERR,ERR,ERR,ERR,ERR,ERR,ERR,ERR,ERR,ERR,ERR,ERR,ERR,ERR,ERR,ERR,ERR,ERR,ERR,ERR,ERR,ERR,ERR,ERR,ERR,ERR,ERR,ERR,ERR,ERR,ERR,ERR,ERR,ERR,ERR,ERR,ERR,ERR,ERR,ERR,ERR,ERR,ERR,ERR,ERR,ERR,ERR,ERR,ERR,ERR,ERR,ERR,ERR,ERR,ERR,ERR,ERR,ERR,ERR,ERR,ERR,ERR,ERR,ERR,ERR,ERR,ERR,ERR,ERR,ERR,ERR,ERR,ERR,ERR,ERR,ERR,ERR,ERR,ERR,ERR,ERR,ERR,ERR,ERR,ERR,ERR,ERR,ERR,ERR,ERR,ERR,ERR,ERR,ERR,ERR,0.0,0.0,2.6474777903227054e+23,0.0,0.0,1.3936040501711995e+18,7.805,0.0,0,0,4,0,7300,-0.0,0,0.0,0.0,0.0,0.0,0.0,0,0,0,0,0.0,0,0,0,0,0,0,0,0,0,0,0,0,0,0,0,0,0,0,0,0,0,0,0,0,0,0,0,0,0,0,0,0,0,32,30,30,62,65476,0,300,0,0,8,21553,0.0,-107605600.0,0.0,0.0,0.0,0.0,0.0,0.0,0.0,0.0,0.0,0.0,0.0,0.0,0.0,0.0,0.0,0.0,0.0,0.0,0.0,0.0,2.004,-0.0,-0.0,2.004,0.0,0.0,0.0,0.0,5462.0,1.5879319976395066e+29,6958.0,0.0,0.0,-107615280.0,0.0,0.0,0.0,0.0,0.0,63,-0.0,0.0,0.0,0.0,0.0,0.0,0.0,0.0,0.0,0,0,0,0.0,0.0,0.0,0.0,0.0,0.0,0.0,0.0,0.0,0.0,0.0,0.0,0.0,0.0,0.0,0.0,0,-107875648.0,63,0.0,126,2.7184242562605685e+23,-0.0,ERR,ERR,ERR,ERR,ERR,ERR,ERR,ERR,ERR,ERR,ERR,ERR,ERR,ERR,ERR,ERR,ERR,ERR,ERR,ERR,ERR,ERR,ERR,ERR,ERR,ERR,ERR,ERR,ERR,ERR,ERR,ERR,ERR,ERR,ERR,ERR,ERR,ERR,ERR,ERR,ERR,ERR,ERR,ERR,ERR,ERR,ERR,ERR,ERR,ERR,ERR,ERR,ERR,ERR,ERR,ERR,ERR,ERR,ERR,ERR,ERR,ERR,ERR,ERR,ERR,ERR,ERR,34.0,80.0,35,0.0,0.0,0.0,0.0,0.0,0.0,0.0,0.0,0.0,0.0,0.0,0.0,0.0,0.0,0.0,0.0,64.4,0,117,56,50,65476,0,300,0,0,8,20529,65476,0,0,57672,80.0,0.0,0.0,0.0,0.0,0.0
2026-06-17T04:06:17,ERR,ERR,ERR,ERR,ERR,ERR,ERR,ERR,ERR,ERR,ERR,ERR,ERR,ERR,ERR,ERR,ERR,ERR,ERR,ERR,ERR,ERR,ERR,ERR,ERR,ERR,ERR,ERR,ERR,ERR,ERR,ERR,ERR,ERR,ERR,ERR,ERR,ERR,ERR,ERR,ERR,ERR,ERR,ERR,ERR,ERR,ERR,ERR,ERR,ERR,ERR,ERR,ERR,ERR,ERR,ERR,ERR,ERR,ERR,ERR,ERR,ERR,ERR,ERR,ERR,ERR,ERR,ERR,ERR,ERR,ERR,ERR,ERR,ERR,ERR,ERR,ERR,ERR,ERR,ERR,ERR,ERR,ERR,ERR,ERR,ERR,ERR,ERR,ERR,ERR,ERR,ERR,ERR,ERR,ERR,ERR,ERR,ERR,ERR,ERR,ERR,ERR,ERR,ERR,ERR,ERR,ERR,ERR,ERR,ERR,ERR,ERR,ERR,ERR,ERR,ERR,ERR,ERR,ERR,ERR,ERR,ERR,ERR,ERR,ERR,0.0,0.0,2.6474777903227054e+23,0.0,0.0,1.3936040501711995e+18,7.805,0.0,0,0,4,0,7300,-0.0,0,0.0,0.0,0.0,0.0,0.0,0,0,0,0,0.0,0,0,0,0,0,0,0,0,0,0,0,0,0,0,0,0,0,0,0,0,0,0,0,0,0,0,0,0,0,0,0,0,0,32,30,30,62,65476,0,300,0,0,8,21553,0.0,-107605600.0,0.0,0.0,0.0,0.0,0.0,0.0,0.0,0.0,0.0,0.0,0.0,0.0,0.0,0.0,0.0,0.0,0.0,0.0,0.0,0.0,2.004,-0.0,-0.0,2.004,0.0,0.0,0.0,0.0,5460.0,0.0,6944.0,0.0,0.0,-107615280.0,0.0,0.0,0.0,0.0,0.0,63,-0.0,-0.0,0.0,0.0,0.0,0.0,0.0,0.0,0.0,0,0,0,0.0,0.0,0.0,0.0,0.0,0.0,0.0,0.0,0.0,0.0,0.0,0.0,0.0,0.0,0.0,0.0,0,-107875648.0,63,0.0,126,2.7184242562605685e+23,-0.0,ERR,ERR,ERR,ERR,ERR,ERR,ERR,ERR,ERR,ERR,ERR,ERR,ERR,ERR,ERR,ERR,ERR,ERR,ERR,ERR,ERR,ERR,ERR,ERR,ERR,ERR,ERR,ERR,ERR,ERR,ERR,ERR,ERR,ERR,ERR,ERR,ERR,ERR,ERR,ERR,ERR,ERR,ERR,ERR,ERR,ERR,ERR,ERR,ERR,ERR,ERR,ERR,ERR,ERR,ERR,ERR,ERR,ERR,ERR,ERR,ERR,ERR,ERR,ERR,ERR,ERR,ERR,34.0,80.0,35,0.0,0.0,0.0,0.0,0.0,0.0,0.0,0.0,0.0,0.0,0.0,0.0,0.0,0.0,0.0,0.0,64.4,0,117,56,50,65476,0,300,0,0,8,20529,65476,0,0,57672,80.0,0.0,0.0,0.0,0.0,0.0
2026-06-17T04:06:18,ERR,ERR,ERR,ERR,ERR,ERR,ERR,ERR,ERR,ERR,ERR,ERR,ERR,ERR,ERR,ERR,ERR,ERR,ERR,ERR,ERR,ERR,ERR,ERR,ERR,ERR,ERR,ERR,ERR,ERR,ERR,ERR,ERR,ERR,ERR,ERR,ERR,ERR,ERR,ERR,ERR,ERR,ERR,ERR,ERR,ERR,ERR,ERR,ERR,ERR,ERR,ERR,ERR,ERR,ERR,ERR,ERR,ERR,ERR,ERR,ERR,ERR,ERR,ERR,ERR,ERR,ERR,ERR,ERR,ERR,ERR,ERR,ERR,ERR,ERR,ERR,ERR,ERR,ERR,ERR,ERR,ERR,ERR,ERR,ERR,ERR,ERR,ERR,ERR,ERR,ERR,ERR,ERR,ERR,ERR,ERR,ERR,ERR,ERR,ERR,ERR,ERR,ERR,ERR,ERR,ERR,ERR,ERR,ERR,ERR,ERR,ERR,ERR,ERR,ERR,ERR,ERR,ERR,ERR,ERR,ERR,ERR,ERR,ERR,ERR,0.0,0.0,2.6474777903227054e+23,0.0,0.0,1.3936040501711995e+18,7.805,0.0,0,0,4,0,7300,-0.0,0,0.0,0.0,0.0,0.0,0.0,0,0,0,0,0.0,0,0,0,0,0,0,0,0,0,0,0,0,0,0,0,0,0,0,0,0,0,0,0,0,0,0,0,0,0,0,0,0,0,32,30,30,62,65476,0,300,0,0,8,21553,0.0,-107605600.0,0.0,0.0,0.0,0.0,0.0,0.0,0.0,0.0,0.0,0.0,0.0,0.0,0.0,0.0,0.0,0.0,0.0,0.0,0.0,0.0,2.004,-0.0,-0.0,2.004,0.0,0.0,0.0,0.0,5460.0,0.0,6944.0,0.0,0.0,-107615280.0,0.0,0.0,0.0,0.0,0.0,63,-0.0,-0.0,0.0,0.0,0.0,0.0,0.0,0.0,0.0,0,0,0,0.0,0.0,0.0,0.0,0.0,0.0,0.0,0.0,0.0,0.0,0.0,0.0,0.0,0.0,0.0,0.0,0,-107875648.0,63,0.0,126,2.7184242562605685e+23,-0.0,ERR,ERR,ERR,ERR,ERR,ERR,ERR,ERR,ERR,ERR,ERR,ERR,ERR,ERR,ERR,ERR,ERR,ERR,ERR,ERR,ERR,ERR,ERR,ERR,ERR,ERR,ERR,ERR,ERR,ERR,ERR,ERR,ERR,ERR,ERR,ERR,ERR,ERR,ERR,ERR,ERR,ERR,ERR,ERR,ERR,ERR,ERR,ERR,ERR,ERR,ERR,ERR,ERR,ERR,ERR,ERR,ERR,ERR,ERR,ERR,ERR,ERR,ERR,ERR,ERR,ERR,ERR,34.0,80.0,35,0.0,0.0,0.0,0.0,0.0,0.0,0.0,0.0,0.0,0.0,0.0,0.0,0.0,0.0,0.0,0.0,64.4,0,117,56,50,65476,0,300,0,0,8,20529,65476,0,0,57672,80.0,0.0,0.0,0.0,0.0,0.0
2026-06-17T04:06:19,ERR,ERR,ERR,ERR,ERR,ERR,ERR,ERR,ERR,ERR,ERR,ERR,ERR,ERR,ERR,ERR,ERR,ERR,ERR,ERR,ERR,ERR,ERR,ERR,ERR,ERR,ERR,ERR,ERR,ERR,ERR,ERR,ERR,ERR,ERR,ERR,ERR,ERR,ERR,ERR,ERR,ERR,ERR,ERR,ERR,ERR,ERR,ERR,ERR,ERR,ERR,ERR,ERR,ERR,ERR,ERR,ERR,ERR,ERR,ERR,ERR,ERR,ERR,ERR,ERR,ERR,ERR,ERR,ERR,ERR,ERR,ERR,ERR,ERR,ERR,ERR,ERR,ERR,ERR,ERR,ERR,ERR,ERR,ERR,ERR,ERR,ERR,ERR,ERR,ERR,ERR,ERR,ERR,ERR,ERR,ERR,ERR,ERR,ERR,ERR,ERR,ERR,ERR,ERR,ERR,ERR,ERR,ERR,ERR,ERR,ERR,ERR,ERR,ERR,ERR,ERR,ERR,ERR,ERR,ERR,ERR,ERR,ERR,ERR,ERR,0.0,0.0,2.6474777903227054e+23,0.0,0.0,1.3936040501711995e+18,7.805,0.0,0,0,4,0,7300,-0.0,0,0.0,0.0,0.0,0.0,0.0,0,0,0,0,0.0,0,0,0,0,0,0,0,0,0,0,0,0,0,0,0,0,0,0,0,0,0,0,0,0,0,0,0,0,0,0,0,0,0,32,30,30,62,65476,0,300,0,0,8,21553,0.0,-107605600.0,0.0,0.0,0.0,0.0,0.0,0.0,0.0,0.0,0.0,0.0,0.0,0.0,0.0,0.0,0.0,0.0,0.0,0.0,0.0,0.0,2.004,-0.0,-0.0,2.004,0.0,0.0,0.0,0.0,5460.0,0.0,6944.0,0.0,0.0,-107615280.0,0.0,0.0,0.0,0.0,0.0,63,-0.0,-0.0,0.0,0.0,0.0,0.0,0.0,0.0,0.0,0,0,0,0.0,0.0,0.0,0.0,0.0,0.0,0.0,0.0,0.0,0.0,0.0,0.0,0.0,0.0,0.0,0.0,0,-107875648.0,63,0.0,126,2.7184242562605685e+23,-0.0,ERR,ERR,ERR,ERR,ERR,ERR,ERR,ERR,ERR,ERR,ERR,ERR,ERR,ERR,ERR,ERR,ERR,ERR,ERR,ERR,ERR,ERR,ERR,ERR,ERR,ERR,ERR,ERR,ERR,ERR,ERR,ERR,ERR,ERR,ERR,ERR,ERR,ERR,ERR,ERR,ERR,ERR,ERR,ERR,ERR,ERR,ERR,ERR,ERR,ERR,ERR,ERR,ERR,ERR,ERR,ERR,ERR,ERR,ERR,ERR,ERR,ERR,ERR,ERR,ERR,ERR,ERR,34.0,80.0,35,0.0,0.0,0.0,0.0,0.0,0.0,0.0,0.0,0.0,0.0,0.0,0.0,0.0,0.0,0.0,0.0,64.4,0,117,56,50,65476,0,300,0,0,8,20529,65476,0,0,57672,80.0,0.0,0.0,0.0,0.0,0.0
2026-06-17T04:06:20,ERR,ERR,ERR,ERR,ERR,ERR,ERR,ERR,ERR,ERR,ERR,ERR,ERR,ERR,ERR,ERR,ERR,ERR,ERR,ERR,ERR,ERR,ERR,ERR,ERR,ERR,ERR,ERR,ERR,ERR,ERR,ERR,ERR,ERR,ERR,ERR,ERR,ERR,ERR,ERR,ERR,ERR,ERR,ERR,ERR,ERR,ERR,ERR,ERR,ERR,ERR,ERR,ERR,ERR,ERR,ERR,ERR,ERR,ERR,ERR,ERR,ERR,ERR,ERR,ERR,ERR,ERR,ERR,ERR,ERR,ERR,ERR,ERR,ERR,ERR,ERR,ERR,ERR,ERR,ERR,ERR,ERR,ERR,ERR,ERR,ERR,ERR,ERR,ERR,ERR,ERR,ERR,ERR,ERR,ERR,ERR,ERR,ERR,ERR,ERR,ERR,ERR,ERR,ERR,ERR,ERR,ERR,ERR,ERR,ERR,ERR,ERR,ERR,ERR,ERR,ERR,ERR,ERR,ERR,ERR,ERR,ERR,ERR,ERR,ERR,0.0,0.0,2.6474777903227054e+23,0.0,0.0,1.3936040501711995e+18,7.805,0.0,0,0,4,0,7300,-0.0,0,0.0,0.0,0.0,0.0,0.0,0,0,0,0,0.0,0,0,0,0,0,0,0,0,0,0,0,0,0,0,0,0,0,0,0,0,0,0,0,0,0,0,0,0,0,0,0,0,0,32,30,30,62,65476,0,300,0,0,8,21553,0.0,-107605600.0,0.0,0.0,0.0,0.0,0.0,0.0,0.0,0.0,0.0,0.0,0.0,0.0,0.0,0.0,0.0,0.0,0.0,0.0,0.0,0.0,2.004,-0.0,-0.0,2.004,0.0,0.0,0.0,0.0,5460.0,0.0,6944.0,0.0,0.0,-107615280.0,0.0,0.0,0.0,0.0,0.0,63,-0.0,-0.0,0.0,0.0,0.0,0.0,0.0,0.0,0.0,0,0,0,0.0,0.0,0.0,0.0,0.0,0.0,0.0,0.0,0.0,0.0,0.0,0.0,0.0,0.0,0.0,0.0,0,-107875648.0,63,0.0,126,2.7184242562605685e+23,-0.0,ERR,ERR,ERR,ERR,ERR,ERR,ERR,ERR,ERR,ERR,ERR,ERR,ERR,ERR,ERR,ERR,ERR,ERR,ERR,ERR,ERR,ERR,ERR,ERR,ERR,ERR,ERR,ERR,ERR,ERR,ERR,ERR,ERR,ERR,ERR,ERR,ERR,ERR,ERR,ERR,ERR,ERR,ERR,ERR,ERR,ERR,ERR,ERR,ERR,ERR,ERR,ERR,ERR,ERR,ERR,ERR,ERR,ERR,ERR,ERR,ERR,ERR,ERR,ERR,ERR,ERR,ERR,34.0,80.0,35,0.0,0.0,0.0,0.0,0.0,0.0,0.0,0.0,0.0,0.0,0.0,0.0,0.0,0.0,0.0,0.0,64.4,0,117,56,50,65476,0,300,0,0,8,20529,65476,0,0,57672,80.0,0.0,0.0,0.0,0.0,0.0
2026-06-17T04:06:21,ERR,ERR,ERR,ERR,ERR,ERR,ERR,ERR,ERR,ERR,ERR,ERR,ERR,ERR,ERR,ERR,ERR,ERR,ERR,ERR,ERR,ERR,ERR,ERR,ERR,ERR,ERR,ERR,ERR,ERR,ERR,ERR,ERR,ERR,ERR,ERR,ERR,ERR,ERR,ERR,ERR,ERR,ERR,ERR,ERR,ERR,ERR,ERR,ERR,ERR,ERR,ERR,ERR,ERR,ERR,ERR,ERR,ERR,ERR,ERR,ERR,ERR,ERR,ERR,ERR,ERR,ERR,ERR,ERR,ERR,ERR,ERR,ERR,ERR,ERR,ERR,ERR,ERR,ERR,ERR,ERR,ERR,ERR,ERR,ERR,ERR,ERR,ERR,ERR,ERR,ERR,ERR,ERR,ERR,ERR,ERR,ERR,ERR,ERR,ERR,ERR,ERR,ERR,ERR,ERR,ERR,ERR,ERR,ERR,ERR,ERR,ERR,ERR,ERR,ERR,ERR,ERR,ERR,ERR,ERR,ERR,ERR,ERR,ERR,ERR,0.0,0.0,2.6474777903227054e+23,0.0,0.0,1.3936040501711995e+18,7.805,0.0,0,0,4,0,7300,-0.0,0,0.0,0.0,0.0,0.0,0.0,0,0,0,0,0.0,0,0,0,0,0,0,0,0,0,0,0,0,0,0,0,0,0,0,0,0,0,0,0,0,0,0,0,0,0,0,0,0,0,32,30,30,62,65476,0,300,0,0,8,21553,0.0,-107605600.0,0.0,0.0,0.0,0.0,0.0,0.0,0.0,0.0,0.0,0.0,0.0,0.0,0.0,0.0,0.0,0.0,0.0,0.0,0.0,0.0,2.004,-0.0,-0.0,2.004,0.0,0.0,0.0,0.0,5460.0,0.0,6944.0,0.0,0.0,-107615280.0,0.0,0.0,0.0,0.0,0.0,63,-0.0,-0.0,0.0,0.0,0.0,0.0,0.0,0.0,0.0,0,0,0,0.0,0.0,0.0,0.0,0.0,0.0,0.0,0.0,0.0,0.0,0.0,0.0,0.0,0.0,0.0,0.0,0,-107875648.0,63,0.0,126,2.7184242562605685e+23,-0.0,ERR,ERR,ERR,ERR,ERR,ERR,ERR,ERR,ERR,ERR,ERR,ERR,ERR,ERR,ERR,ERR,ERR,ERR,ERR,ERR,ERR,ERR,ERR,ERR,ERR,ERR,ERR,ERR,ERR,ERR,ERR,ERR,ERR,ERR,ERR,ERR,ERR,ERR,ERR,ERR,ERR,ERR,ERR,ERR,ERR,ERR,ERR,ERR,ERR,ERR,ERR,ERR,ERR,ERR,ERR,ERR,ERR,ERR,ERR,ERR,ERR,ERR,ERR,ERR,ERR,ERR,ERR,34.0,80.0,35,0.0,0.0,0.0,0.0,0.0,0.0,0.0,0.0,0.0,0.0,0.0,0.0,0.0,0.0,0.0,0.0,64.4,0,117,56,50,65476,0,300,0,0,8,20529,65476,0,0,57672,80.0,0.0,0.0,0.0,0.0,0.0
2026-06-17T04:06:22,ERR,ERR,ERR,ERR,ERR,ERR,ERR,ERR,ERR,ERR,ERR,ERR,ERR,ERR,ERR,ERR,ERR,ERR,ERR,ERR,ERR,ERR,ERR,ERR,ERR,ERR,ERR,ERR,ERR,ERR,ERR,ERR,ERR,ERR,ERR,ERR,ERR,ERR,ERR,ERR,ERR,ERR,ERR,ERR,ERR,ERR,ERR,ERR,ERR,ERR,ERR,ERR,ERR,ERR,ERR,ERR,ERR,ERR,ERR,ERR,ERR,ERR,ERR,ERR,ERR,ERR,ERR,ERR,ERR,ERR,ERR,ERR,ERR,ERR,ERR,ERR,ERR,ERR,ERR,ERR,ERR,ERR,ERR,ERR,ERR,ERR,ERR,ERR,ERR,ERR,ERR,ERR,ERR,ERR,ERR,ERR,ERR,ERR,ERR,ERR,ERR,ERR,ERR,ERR,ERR,ERR,ERR,ERR,ERR,ERR,ERR,ERR,ERR,ERR,ERR,ERR,ERR,ERR,ERR,ERR,ERR,ERR,ERR,ERR,ERR,0.0,0.0,2.6474777903227054e+23,0.0,0.0,1.3936040501711995e+18,7.805,0.0,0,0,4,0,7300,-0.0,0,0.0,0.0,0.0,0.0,0.0,0,0,0,0,0.0,0,0,0,0,0,0,0,0,0,0,0,0,0,0,0,0,0,0,0,0,0,0,0,0,0,0,0,0,0,0,0,0,0,32,30,30,62,65476,0,300,0,0,8,21553,0.0,-107605600.0,0.0,0.0,0.0,0.0,0.0,0.0,0.0,0.0,0.0,0.0,0.0,0.0,0.0,0.0,0.0,0.0,0.0,0.0,0.0,0.0,2.004,-0.0,-0.0,2.004,0.0,0.0,0.0,0.0,5460.0,-1.0406669901790231e+34,6975.0,0.0,0.0,-107615280.0,0.0,0.0,0.0,0.0,0.0,63,-0.0,-0.0,0.0,0.0,0.0,0.0,0.0,0.0,0.0,0,0,0,0.0,0.0,0.0,0.0,0.0,0.0,0.0,0.0,0.0,0.0,0.0,0.0,0.0,0.0,0.0,0.0,0,-107875648.0,63,0.0,126,2.7184242562605685e+23,-0.0,ERR,ERR,ERR,ERR,ERR,ERR,ERR,ERR,ERR,ERR,ERR,ERR,ERR,ERR,ERR,ERR,ERR,ERR,ERR,ERR,ERR,ERR,ERR,ERR,ERR,ERR,ERR,ERR,ERR,ERR,ERR,ERR,ERR,ERR,ERR,ERR,ERR,ERR,ERR,ERR,ERR,ERR,ERR,ERR,ERR,ERR,ERR,ERR,ERR,ERR,ERR,ERR,ERR,ERR,ERR,ERR,ERR,ERR,ERR,ERR,ERR,ERR,ERR,ERR,ERR,ERR,ERR,34.0,80.0,35,0.0,0.0,0.0,0.0,0.0,0.0,0.0,0.0,0.0,0.0,0.0,0.0,0.0,0.0,0.0,0.0,64.4,0,117,56,50,65476,0,300,0,0,8,20529,65476,0,0,57672,80.0,0.0,0.0,0.0,0.0,0.0
2026-06-17T04:06:23,ERR,ERR,ERR,ERR,ERR,ERR,ERR,ERR,ERR,ERR,ERR,ERR,ERR,ERR,ERR,ERR,ERR,ERR,ERR,ERR,ERR,ERR,ERR,ERR,ERR,ERR,ERR,ERR,ERR,ERR,ERR,ERR,ERR,ERR,ERR,ERR,ERR,ERR,ERR,ERR,ERR,ERR,ERR,ERR,ERR,ERR,ERR,ERR,ERR,ERR,ERR,ERR,ERR,ERR,ERR,ERR,ERR,ERR,ERR,ERR,ERR,ERR,ERR,ERR,ERR,ERR,ERR,ERR,ERR,ERR,ERR,ERR,ERR,ERR,ERR,ERR,ERR,ERR,ERR,ERR,ERR,ERR,ERR,ERR,ERR,ERR,ERR,ERR,ERR,ERR,ERR,ERR,ERR,ERR,ERR,ERR,ERR,ERR,ERR,ERR,ERR,ERR,ERR,ERR,ERR,ERR,ERR,ERR,ERR,ERR,ERR,ERR,ERR,ERR,ERR,ERR,ERR,ERR,ERR,ERR,ERR,ERR,ERR,ERR,ERR,0.0,0.0,2.6474777903227054e+23,0.0,0.0,1.3936040501711995e+18,7.805,0.0,0,0,4,0,7300,-0.0,0,0.0,0.0,0.0,0.0,0.0,0,0,0,0,0.0,0,0,0,0,0,0,0,0,0,0,0,0,0,0,0,0,0,0,0,0,0,0,0,0,0,0,0,0,0,0,0,0,0,32,30,30,62,65476,0,300,0,0,8,21553,0.0,-107605600.0,0.0,0.0,0.0,0.0,0.0,0.0,0.0,0.0,0.0,0.0,0.0,0.0,0.0,0.0,0.0,0.0,0.0,0.0,0.0,0.0,2.004,-0.0,-0.0,2.004,0.0,0.0,0.0,0.0,5460.0,-1.0406669901790231e+34,6975.0,0.0,0.0,-107615280.0,0.0,0.0,0.0,0.0,0.0,63,-0.0,-0.0,0.0,0.0,0.0,0.0,0.0,0.0,0.0,0,0,0,0.0,0.0,0.0,0.0,0.0,0.0,0.0,0.0,0.0,0.0,0.0,0.0,0.0,0.0,0.0,0.0,0,-107875648.0,63,0.0,126,2.7184242562605685e+23,-0.0,ERR,ERR,ERR,ERR,ERR,ERR,ERR,ERR,ERR,ERR,ERR,ERR,ERR,ERR,ERR,ERR,ERR,ERR,ERR,ERR,ERR,ERR,ERR,ERR,ERR,ERR,ERR,ERR,ERR,ERR,ERR,ERR,ERR,ERR,ERR,ERR,ERR,ERR,ERR,ERR,ERR,ERR,ERR,ERR,ERR,ERR,ERR,ERR,ERR,ERR,ERR,ERR,ERR,ERR,ERR,ERR,ERR,ERR,ERR,ERR,ERR,ERR,ERR,ERR,ERR,ERR,ERR,34.0,80.0,35,0.0,0.0,0.0,0.0,0.0,0.0,0.0,0.0,0.0,0.0,0.0,0.0,0.0,0.0,0.0,0.0,64.4,0,117,56,50,65476,0,300,0,0,8,20529,65476,0,0,57672,80.0,0.0,0.0,0.0,0.0,0.0
2026-06-17T04:06:24,ERR,ERR,ERR,ERR,ERR,ERR,ERR,ERR,ERR,ERR,ERR,ERR,ERR,ERR,ERR,ERR,ERR,ERR,ERR,ERR,ERR,ERR,ERR,ERR,ERR,ERR,ERR,ERR,ERR,ERR,ERR,ERR,ERR,ERR,ERR,ERR,ERR,ERR,ERR,ERR,ERR,ERR,ERR,ERR,ERR,ERR,ERR,ERR,ERR,ERR,ERR,ERR,ERR,ERR,ERR,ERR,ERR,ERR,ERR,ERR,ERR,ERR,ERR,ERR,ERR,ERR,ERR,ERR,ERR,ERR,ERR,ERR,ERR,ERR,ERR,ERR,ERR,ERR,ERR,ERR,ERR,ERR,ERR,ERR,ERR,ERR,ERR,ERR,ERR,ERR,ERR,ERR,ERR,ERR,ERR,ERR,ERR,ERR,ERR,ERR,ERR,ERR,ERR,ERR,ERR,ERR,ERR,ERR,ERR,ERR,ERR,ERR,ERR,ERR,ERR,ERR,ERR,ERR,ERR,ERR,ERR,ERR,ERR,ERR,ERR,0.0,0.0,2.6474777903227054e+23,0.0,0.0,1.3936040501711995e+18,7.805,0.0,0,0,4,0,7300,-0.0,0,0.0,0.0,0.0,0.0,0.0,0,0,0,0,0.0,0,0,0,0,0,0,0,0,0,0,0,0,0,0,0,0,0,0,0,0,0,0,0,0,0,0,0,0,0,0,0,0,0,32,30,30,62,65476,0,300,0,0,8,21553,0.0,-107605600.0,0.0,0.0,0.0,0.0,0.0,0.0,0.0,0.0,0.0,0.0,0.0,0.0,0.0,0.0,0.0,0.0,0.0,0.0,0.0,0.0,2.004,-0.0,-0.0,2.004,0.0,0.0,0.0,0.0,5460.0,-1.0406669901790231e+34,6975.0,0.0,0.0,-107615280.0,0.0,0.0,0.0,0.0,0.0,63,-0.0,-0.0,0.0,0.0,0.0,0.0,0.0,0.0,0.0,0,0,0,0.0,0.0,0.0,0.0,0.0,0.0,0.0,0.0,0.0,0.0,0.0,0.0,0.0,0.0,0.0,0.0,0,-107875648.0,63,0.0,126,2.7184242562605685e+23,-0.0,ERR,ERR,ERR,ERR,ERR,ERR,ERR,ERR,ERR,ERR,ERR,ERR,ERR,ERR,ERR,ERR,ERR,ERR,ERR,ERR,ERR,ERR,ERR,ERR,ERR,ERR,ERR,ERR,ERR,ERR,ERR,ERR,ERR,ERR,ERR,ERR,ERR,ERR,ERR,ERR,ERR,ERR,ERR,ERR,ERR,ERR,ERR,ERR,ERR,ERR,ERR,ERR,ERR,ERR,ERR,ERR,ERR,ERR,ERR,ERR,ERR,ERR,ERR,ERR,ERR,ERR,ERR,34.0,80.0,35,0.0,0.0,0.0,0.0,0.0,0.0,0.0,0.0,0.0,0.0,0.0,0.0,0.0,0.0,0.0,0.0,64.8,0,117,56,50,65476,0,300,0,0,8,20529,65476,0,0,57672,80.0,0.0,0.0,0.0,0.0,0.0
2026-06-17T04:06:25,ERR,ERR,ERR,ERR,ERR,ERR,ERR,ERR,ERR,ERR,ERR,ERR,ERR,ERR,ERR,ERR,ERR,ERR,ERR,ERR,ERR,ERR,ERR,ERR,ERR,ERR,ERR,ERR,ERR,ERR,ERR,ERR,ERR,ERR,ERR,ERR,ERR,ERR,ERR,ERR,ERR,ERR,ERR,ERR,ERR,ERR,ERR,ERR,ERR,ERR,ERR,ERR,ERR,ERR,ERR,ERR,ERR,ERR,ERR,ERR,ERR,ERR,ERR,ERR,ERR,ERR,ERR,ERR,ERR,ERR,ERR,ERR,ERR,ERR,ERR,ERR,ERR,ERR,ERR,ERR,ERR,ERR,ERR,ERR,ERR,ERR,ERR,ERR,ERR,ERR,ERR,ERR,ERR,ERR,ERR,ERR,ERR,ERR,ERR,ERR,ERR,ERR,ERR,ERR,ERR,ERR,ERR,ERR,ERR,ERR,ERR,ERR,ERR,ERR,ERR,ERR,ERR,ERR,ERR,ERR,ERR,ERR,ERR,ERR,ERR,0.0,0.0,2.6474777903227054e+23,0.0,0.0,1.3936040501711995e+18,7.805,0.0,0,0,4,0,7300,-0.0,0,0.0,0.0,0.0,0.0,0.0,0,0,0,0,0.0,0,0,0,0,0,0,0,0,0,0,0,0,0,0,0,0,0,0,0,0,0,0,0,0,0,0,0,0,0,0,0,0,0,32,30,30,62,65476,0,300,0,0,8,21553,0.0,-107605600.0,0.0,0.0,0.0,0.0,0.0,0.0,0.0,0.0,0.0,0.0,0.0,0.0,0.0,0.0,0.0,0.0,0.0,0.0,0.0,0.0,2.004,-0.0,-0.0,2.004,0.0,0.0,0.0,0.0,5460.0,-1.0406669901790231e+34,6975.0,0.0,0.0,-107615280.0,0.0,0.0,0.0,0.0,0.0,63,-0.0,-0.0,0.0,0.0,0.0,0.0,0.0,0.0,0.0,0,0,0,0.0,0.0,0.0,0.0,0.0,0.0,0.0,0.0,0.0,0.0,0.0,0.0,0.0,0.0,0.0,0.0,0,-107875648.0,63,0.0,126,2.7184242562605685e+23,-0.0,ERR,ERR,ERR,ERR,ERR,ERR,ERR,ERR,ERR,ERR,ERR,ERR,ERR,ERR,ERR,ERR,ERR,ERR,ERR,ERR,ERR,ERR,ERR,ERR,ERR,ERR,ERR,ERR,ERR,ERR,ERR,ERR,ERR,ERR,ERR,ERR,ERR,ERR,ERR,ERR,ERR,ERR,ERR,ERR,ERR,ERR,ERR,ERR,ERR,ERR,ERR,ERR,ERR,ERR,ERR,ERR,ERR,ERR,ERR,ERR,ERR,ERR,ERR,ERR,ERR,ERR,ERR,34.0,80.0,35,0.0,0.0,0.0,0.0,0.0,0.0,0.0,0.0,0.0,0.0,0.0,0.0,0.0,0.0,0.0,0.0,64.8,0,117,56,50,65476,0,300,0,0,8,20529,65476,0,0,57672,80.0,0.0,0.0,0.0,0.0,0.0
2026-06-17T04:06:26,ERR,ERR,ERR,ERR,ERR,ERR,ERR,ERR,ERR,ERR,ERR,ERR,ERR,ERR,ERR,ERR,ERR,ERR,ERR,ERR,ERR,ERR,ERR,ERR,ERR,ERR,ERR,ERR,ERR,ERR,ERR,ERR,ERR,ERR,ERR,ERR,ERR,ERR,ERR,ERR,ERR,ERR,ERR,ERR,ERR,ERR,ERR,ERR,ERR,ERR,ERR,ERR,ERR,ERR,ERR,ERR,ERR,ERR,ERR,ERR,ERR,ERR,ERR,ERR,ERR,ERR,ERR,ERR,ERR,ERR,ERR,ERR,ERR,ERR,ERR,ERR,ERR,ERR,ERR,ERR,ERR,ERR,ERR,ERR,ERR,ERR,ERR,ERR,ERR,ERR,ERR,ERR,ERR,ERR,ERR,ERR,ERR,ERR,ERR,ERR,ERR,ERR,ERR,ERR,ERR,ERR,ERR,ERR,ERR,ERR,ERR,ERR,ERR,ERR,ERR,ERR,ERR,ERR,ERR,ERR,ERR,ERR,ERR,ERR,ERR,0.0,0.0,2.6474777903227054e+23,0.0,0.0,1.3936040501711995e+18,7.805,0.0,0,0,4,0,7300,-0.0,0,0.0,0.0,0.0,0.0,0.0,0,0,0,0,0.0,0,0,0,0,0,0,0,0,0,0,0,0,0,0,0,0,0,0,0,0,0,0,0,0,0,0,0,0,0,0,0,0,0,32,30,30,62,65476,0,300,0,0,8,21553,0.0,-107605600.0,0.0,0.0,0.0,0.0,0.0,0.0,0.0,0.0,0.0,0.0,0.0,0.0,0.0,0.0,0.0,0.0,0.0,0.0,0.0,0.0,2.004,-0.0,-0.0,2.004,0.0,0.0,0.0,0.0,5460.0,-1.0406669901790231e+34,6975.0,0.0,0.0,-107615280.0,0.0,0.0,0.0,0.0,0.0,63,-0.0,-0.0,0.0,0.0,0.0,0.0,0.0,0.0,0.0,0,0,0,0.0,0.0,0.0,0.0,0.0,0.0,0.0,0.0,0.0,0.0,0.0,0.0,0.0,0.0,0.0,0.0,0,-107875648.0,63,0.0,126,2.7184242562605685e+23,-0.0,ERR,ERR,ERR,ERR,ERR,ERR,ERR,ERR,ERR,ERR,ERR,ERR,ERR,ERR,ERR,ERR,ERR,ERR,ERR,ERR,ERR,ERR,ERR,ERR,ERR,ERR,ERR,ERR,ERR,ERR,ERR,ERR,ERR,ERR,ERR,ERR,ERR,ERR,ERR,ERR,ERR,ERR,ERR,ERR,ERR,ERR,ERR,ERR,ERR,ERR,ERR,ERR,ERR,ERR,ERR,ERR,ERR,ERR,ERR,ERR,ERR,ERR,ERR,ERR,ERR,ERR,ERR,34.0,80.0,35,0.0,0.0,0.0,0.0,0.0,0.0,0.0,0.0,0.0,0.0,0.0,0.0,0.0,0.0,0.0,0.0,64.8,0,117,56,50,65476,0,300,0,0,8,20529,65476,0,0,57672,80.0,0.0,0.0,0.0,0.0,0.0
2026-06-17T04:06:27,ERR,ERR,ERR,ERR,ERR,ERR,ERR,ERR,ERR,ERR,ERR,ERR,ERR,ERR,ERR,ERR,ERR,ERR,ERR,ERR,ERR,ERR,ERR,ERR,ERR,ERR,ERR,ERR,ERR,ERR,ERR,ERR,ERR,ERR,ERR,ERR,ERR,ERR,ERR,ERR,ERR,ERR,ERR,ERR,ERR,ERR,ERR,ERR,ERR,ERR,ERR,ERR,ERR,ERR,ERR,ERR,ERR,ERR,ERR,ERR,ERR,ERR,ERR,ERR,ERR,ERR,ERR,ERR,ERR,ERR,ERR,ERR,ERR,ERR,ERR,ERR,ERR,ERR,ERR,ERR,ERR,ERR,ERR,ERR,ERR,ERR,ERR,ERR,ERR,ERR,ERR,ERR,ERR,ERR,ERR,ERR,ERR,ERR,ERR,ERR,ERR,ERR,ERR,ERR,ERR,ERR,ERR,ERR,ERR,ERR,ERR,ERR,ERR,ERR,ERR,ERR,ERR,ERR,ERR,ERR,ERR,ERR,ERR,ERR,ERR,0.0,0.0,2.6474777903227054e+23,0.0,0.0,1.3936040501711995e+18,7.805,0.0,0,0,4,0,7300,-0.0,0,0.0,0.0,0.0,0.0,0.0,0,0,0,0,0.0,0,0,0,0,0,0,0,0,0,0,0,0,0,0,0,0,0,0,0,0,0,0,0,0,0,0,0,0,0,0,0,0,0,32,30,30,62,65476,0,300,0,0,8,21553,0.0,-107605600.0,0.0,0.0,0.0,0.0,0.0,0.0,0.0,0.0,0.0,0.0,0.0,0.0,0.0,0.0,0.0,0.0,0.0,0.0,0.0,0.0,2.004,-0.0,-0.0,2.004,0.0,0.0,0.0,0.0,5423.0,-1.5879318087448473e+29,6974.0,0.0,0.0,-107615280.0,0.0,0.0,0.0,0.0,0.0,63,-0.0,-0.0,0.0,0.0,0.0,0.0,0.0,0.0,0.0,0,0,0,0.0,0.0,0.0,0.0,0.0,0.0,0.0,0.0,0.0,0.0,0.0,0.0,0.0,0.0,0.0,0.0,0,-107875648.0,63,0.0,126,2.7184242562605685e+23,-0.0,ERR,ERR,ERR,ERR,ERR,ERR,ERR,ERR,ERR,ERR,ERR,ERR,ERR,ERR,ERR,ERR,ERR,ERR,ERR,ERR,ERR,ERR,ERR,ERR,ERR,ERR,ERR,ERR,ERR,ERR,ERR,ERR,ERR,ERR,ERR,ERR,ERR,ERR,ERR,ERR,ERR,ERR,ERR,ERR,ERR,ERR,ERR,ERR,ERR,ERR,ERR,ERR,ERR,ERR,ERR,ERR,ERR,ERR,ERR,ERR,ERR,ERR,ERR,ERR,ERR,ERR,ERR,34.0,80.0,35,0.0,0.0,0.0,0.0,0.0,0.0,0.0,0.0,0.0,0.0,0.0,0.0,0.0,0.0,0.0,0.0,64.8,0,117,56,50,65476,0,300,0,0,8,20529,65476,0,0,57672,80.0,0.0,0.0,0.0,0.0,0.0
2026-06-17T04:06:28,ERR,ERR,ERR,ERR,ERR,ERR,ERR,ERR,ERR,ERR,ERR,ERR,ERR,ERR,ERR,ERR,ERR,ERR,ERR,ERR,ERR,ERR,ERR,ERR,ERR,ERR,ERR,ERR,ERR,ERR,ERR,ERR,ERR,ERR,ERR,ERR,ERR,ERR,ERR,ERR,ERR,ERR,ERR,ERR,ERR,ERR,ERR,ERR,ERR,ERR,ERR,ERR,ERR,ERR,ERR,ERR,ERR,ERR,ERR,ERR,ERR,ERR,ERR,ERR,ERR,ERR,ERR,ERR,ERR,ERR,ERR,ERR,ERR,ERR,ERR,ERR,ERR,ERR,ERR,ERR,ERR,ERR,ERR,ERR,ERR,ERR,ERR,ERR,ERR,ERR,ERR,ERR,ERR,ERR,ERR,ERR,ERR,ERR,ERR,ERR,ERR,ERR,ERR,ERR,ERR,ERR,ERR,ERR,ERR,ERR,ERR,ERR,ERR,ERR,ERR,ERR,ERR,ERR,ERR,ERR,ERR,ERR,ERR,ERR,ERR,0.0,0.0,2.6474777903227054e+23,0.0,0.0,1.3936040501711995e+18,7.805,0.0,0,0,4,0,7300,-0.0,0,0.0,0.0,0.0,0.0,0.0,0,0,0,0,0.0,0,0,0,0,0,0,0,0,0,0,0,0,0,0,0,0,0,0,0,0,0,0,0,0,0,0,0,0,0,0,0,0,0,32,30,30,62,65476,0,300,0,0,8,21553,0.0,-107605600.0,0.0,0.0,0.0,0.0,0.0,0.0,0.0,0.0,0.0,0.0,0.0,0.0,0.0,0.0,0.0,0.0,0.0,0.0,0.0,0.0,2.004,-0.0,-0.0,2.004,0.0,0.0,0.0,0.0,5423.0,-1.5879318087448473e+29,6974.0,0.0,0.0,-107615280.0,0.0,0.0,0.0,0.0,0.0,63,-0.0,-0.0,0.0,0.0,0.0,0.0,0.0,0.0,0.0,0,0,0,0.0,0.0,0.0,0.0,0.0,0.0,0.0,0.0,0.0,0.0,0.0,0.0,0.0,0.0,0.0,0.0,0,-107875648.0,63,0.0,126,2.7184242562605685e+23,-0.0,ERR,ERR,ERR,ERR,ERR,ERR,ERR,ERR,ERR,ERR,ERR,ERR,ERR,ERR,ERR,ERR,ERR,ERR,ERR,ERR,ERR,ERR,ERR,ERR,ERR,ERR,ERR,ERR,ERR,ERR,ERR,ERR,ERR,ERR,ERR,ERR,ERR,ERR,ERR,ERR,ERR,ERR,ERR,ERR,ERR,ERR,ERR,ERR,ERR,ERR,ERR,ERR,ERR,ERR,ERR,ERR,ERR,ERR,ERR,ERR,ERR,ERR,ERR,ERR,ERR,ERR,ERR,34.0,80.0,35,0.0,0.0,0.0,0.0,0.0,0.0,0.0,0.0,0.0,0.0,0.0,0.0,0.0,0.0,0.0,0.0,64.4,0,117,56,50,65476,0,300,0,0,8,20529,65476,0,0,57672,80.0,0.0,0.0,0.0,0.0,0.0
2026-06-17T04:06:29,ERR,ERR,ERR,ERR,ERR,ERR,ERR,ERR,ERR,ERR,ERR,ERR,ERR,ERR,ERR,ERR,ERR,ERR,ERR,ERR,ERR,ERR,ERR,ERR,ERR,ERR,ERR,ERR,ERR,ERR,ERR,ERR,ERR,ERR,ERR,ERR,ERR,ERR,ERR,ERR,ERR,ERR,ERR,ERR,ERR,ERR,ERR,ERR,ERR,ERR,ERR,ERR,ERR,ERR,ERR,ERR,ERR,ERR,ERR,ERR,ERR,ERR,ERR,ERR,ERR,ERR,ERR,ERR,ERR,ERR,ERR,ERR,ERR,ERR,ERR,ERR,ERR,ERR,ERR,ERR,ERR,ERR,ERR,ERR,ERR,ERR,ERR,ERR,ERR,ERR,ERR,ERR,ERR,ERR,ERR,ERR,ERR,ERR,ERR,ERR,ERR,ERR,ERR,ERR,ERR,ERR,ERR,ERR,ERR,ERR,ERR,ERR,ERR,ERR,ERR,ERR,ERR,ERR,ERR,ERR,ERR,ERR,ERR,ERR,ERR,0.0,0.0,2.6474777903227054e+23,0.0,0.0,1.3936040501711995e+18,7.805,0.0,0,0,4,0,7300,-0.0,0,0.0,0.0,0.0,0.0,0.0,0,0,0,0,0.0,0,0,0,0,0,0,0,0,0,0,0,0,0,0,0,0,0,0,0,0,0,0,0,0,0,0,0,0,0,0,0,0,0,32,30,30,62,65476,0,300,0,0,8,21553,0.0,-107605600.0,0.0,0.0,0.0,0.0,0.0,0.0,0.0,0.0,0.0,0.0,0.0,0.0,0.0,0.0,0.0,0.0,0.0,0.0,0.0,0.0,2.004,-0.0,-0.0,2.004,0.0,0.0,0.0,0.0,5423.0,-1.5879318087448473e+29,6974.0,0.0,0.0,-107615280.0,0.0,0.0,0.0,0.0,0.0,63,-0.0,-0.0,0.0,0.0,0.0,0.0,0.0,0.0,0.0,0,0,0,0.0,0.0,0.0,0.0,0.0,0.0,0.0,0.0,0.0,0.0,0.0,0.0,0.0,0.0,0.0,0.0,0,-107875648.0,63,0.0,126,2.7184242562605685e+23,-0.0,ERR,ERR,ERR,ERR,ERR,ERR,ERR,ERR,ERR,ERR,ERR,ERR,ERR,ERR,ERR,ERR,ERR,ERR,ERR,ERR,ERR,ERR,ERR,ERR,ERR,ERR,ERR,ERR,ERR,ERR,ERR,ERR,ERR,ERR,ERR,ERR,ERR,ERR,ERR,ERR,ERR,ERR,ERR,ERR,ERR,ERR,ERR,ERR,ERR,ERR,ERR,ERR,ERR,ERR,ERR,ERR,ERR,ERR,ERR,ERR,ERR,ERR,ERR,ERR,ERR,ERR,ERR,34.0,80.0,35,0.0,0.0,0.0,0.0,0.0,0.0,0.0,0.0,0.0,0.0,0.0,0.0,0.0,0.0,0.0,0.0,64.4,0,117,56,50,65476,0,300,0,0,8,20529,65476,0,0,57672,80.0,0.0,0.0,0.0,0.0,0.0
2026-06-17T04:06:30,ERR,ERR,ERR,ERR,ERR,ERR,ERR,ERR,ERR,ERR,ERR,ERR,ERR,ERR,ERR,ERR,ERR,ERR,ERR,ERR,ERR,ERR,ERR,ERR,ERR,ERR,ERR,ERR,ERR,ERR,ERR,ERR,ERR,ERR,ERR,ERR,ERR,ERR,ERR,ERR,ERR,ERR,ERR,ERR,ERR,ERR,ERR,ERR,ERR,ERR,ERR,ERR,ERR,ERR,ERR,ERR,ERR,ERR,ERR,ERR,ERR,ERR,ERR,ERR,ERR,ERR,ERR,ERR,ERR,ERR,ERR,ERR,ERR,ERR,ERR,ERR,ERR,ERR,ERR,ERR,ERR,ERR,ERR,ERR,ERR,ERR,ERR,ERR,ERR,ERR,ERR,ERR,ERR,ERR,ERR,ERR,ERR,ERR,ERR,ERR,ERR,ERR,ERR,ERR,ERR,ERR,ERR,ERR,ERR,ERR,ERR,ERR,ERR,ERR,ERR,ERR,ERR,ERR,ERR,ERR,ERR,ERR,ERR,ERR,ERR,0.0,0.0,2.6474777903227054e+23,0.0,0.0,1.3936040501711995e+18,7.805,0.0,0,0,4,0,7300,-0.0,0,0.0,0.0,0.0,0.0,0.0,0,0,0,0,0.0,0,0,0,0,0,0,0,0,0,0,0,0,0,0,0,0,0,0,0,0,0,0,0,0,0,0,0,0,0,0,0,0,0,32,30,30,62,65476,0,300,0,0,8,21553,0.0,-107605600.0,0.0,0.0,0.0,0.0,0.0,0.0,0.0,0.0,0.0,0.0,0.0,0.0,0.0,0.0,0.0,0.0,0.0,0.0,0.0,0.0,2.004,-0.0,-0.0,2.004,0.0,0.0,0.0,0.0,5423.0,-1.5879318087448473e+29,6974.0,0.0,0.0,-107615280.0,0.0,0.0,0.0,0.0,0.0,63,-0.0,-0.0,0.0,0.0,0.0,0.0,0.0,0.0,0.0,0,0,0,0.0,0.0,0.0,0.0,0.0,0.0,0.0,0.0,0.0,0.0,0.0,0.0,0.0,0.0,0.0,0.0,0,-107875648.0,63,0.0,126,2.7184242562605685e+23,-0.0,ERR,ERR,ERR,ERR,ERR,ERR,ERR,ERR,ERR,ERR,ERR,ERR,ERR,ERR,ERR,ERR,ERR,ERR,ERR,ERR,ERR,ERR,ERR,ERR,ERR,ERR,ERR,ERR,ERR,ERR,ERR,ERR,ERR,ERR,ERR,ERR,ERR,ERR,ERR,ERR,ERR,ERR,ERR,ERR,ERR,ERR,ERR,ERR,ERR,ERR,ERR,ERR,ERR,ERR,ERR,ERR,ERR,ERR,ERR,ERR,ERR,ERR,ERR,ERR,ERR,ERR,ERR,34.0,80.0,35,0.0,0.0,0.0,0.0,0.0,0.0,0.0,0.0,0.0,0.0,0.0,0.0,0.0,0.0,0.0,0.0,64.4,0,117,56,50,65476,0,300,0,0,8,20529,65476,0,0,57672,80.0,0.0,0.0,0.0,0.0,0.0
2026-06-17T04:06:31,ERR,ERR,ERR,ERR,ERR,ERR,ERR,ERR,ERR,ERR,ERR,ERR,ERR,ERR,ERR,ERR,ERR,ERR,ERR,ERR,ERR,ERR,ERR,ERR,ERR,ERR,ERR,ERR,ERR,ERR,ERR,ERR,ERR,ERR,ERR,ERR,ERR,ERR,ERR,ERR,ERR,ERR,ERR,ERR,ERR,ERR,ERR,ERR,ERR,ERR,ERR,ERR,ERR,ERR,ERR,ERR,ERR,ERR,ERR,ERR,ERR,ERR,ERR,ERR,ERR,ERR,ERR,ERR,ERR,ERR,ERR,ERR,ERR,ERR,ERR,ERR,ERR,ERR,ERR,ERR,ERR,ERR,ERR,ERR,ERR,ERR,ERR,ERR,ERR,ERR,ERR,ERR,ERR,ERR,ERR,ERR,ERR,ERR,ERR,ERR,ERR,ERR,ERR,ERR,ERR,ERR,ERR,ERR,ERR,ERR,ERR,ERR,ERR,ERR,ERR,ERR,ERR,ERR,ERR,ERR,ERR,ERR,ERR,ERR,ERR,0.0,0.0,2.6474777903227054e+23,0.0,0.0,1.3936040501711995e+18,7.805,0.0,0,0,4,0,7300,-0.0,0,0.0,0.0,0.0,0.0,0.0,0,0,0,0,0.0,0,0,0,0,0,0,0,0,0,0,0,0,0,0,0,0,0,0,0,0,0,0,0,0,0,0,0,0,0,0,0,0,0,32,30,30,62,65476,0,300,0,0,8,21553,0.0,-107605600.0,0.0,0.0,0.0,0.0,0.0,0.0,0.0,0.0,0.0,0.0,0.0,0.0,0.0,0.0,0.0,0.0,0.0,0.0,0.0,0.0,2.004,-0.0,-0.0,2.004,0.0,0.0,0.0,0.0,5423.0,-1.5879318087448473e+29,6974.0,0.0,0.0,-107615280.0,0.0,0.0,0.0,0.0,0.0,63,-0.0,-0.0,0.0,0.0,0.0,0.0,0.0,0.0,0.0,0,0,0,0.0,0.0,0.0,0.0,0.0,0.0,0.0,0.0,0.0,0.0,0.0,0.0,0.0,0.0,0.0,0.0,0,-107875648.0,63,0.0,126,2.7184242562605685e+23,-0.0,ERR,ERR,ERR,ERR,ERR,ERR,ERR,ERR,ERR,ERR,ERR,ERR,ERR,ERR,ERR,ERR,ERR,ERR,ERR,ERR,ERR,ERR,ERR,ERR,ERR,ERR,ERR,ERR,ERR,ERR,ERR,ERR,ERR,ERR,ERR,ERR,ERR,ERR,ERR,ERR,ERR,ERR,ERR,ERR,ERR,ERR,ERR,ERR,ERR,ERR,ERR,ERR,ERR,ERR,ERR,ERR,ERR,ERR,ERR,ERR,ERR,ERR,ERR,ERR,ERR,ERR,ERR,34.0,80.0,35,0.0,0.0,0.0,0.0,0.0,0.0,0.0,0.0,0.0,0.0,0.0,0.0,0.0,0.0,0.0,0.0,64.4,0,117,56,50,65476,0,300,0,0,8,20529,65476,0,0,57672,80.0,0.0,0.0,0.0,0.0,0.0
2026-06-17T04:06:32,ERR,ERR,ERR,ERR,ERR,ERR,ERR,ERR,ERR,ERR,ERR,ERR,ERR,ERR,ERR,ERR,ERR,ERR,ERR,ERR,ERR,ERR,ERR,ERR,ERR,ERR,ERR,ERR,ERR,ERR,ERR,ERR,ERR,ERR,ERR,ERR,ERR,ERR,ERR,ERR,ERR,ERR,ERR,ERR,ERR,ERR,ERR,ERR,ERR,ERR,ERR,ERR,ERR,ERR,ERR,ERR,ERR,ERR,ERR,ERR,ERR,ERR,ERR,ERR,ERR,ERR,ERR,ERR,ERR,ERR,ERR,ERR,ERR,ERR,ERR,ERR,ERR,ERR,ERR,ERR,ERR,ERR,ERR,ERR,ERR,ERR,ERR,ERR,ERR,ERR,ERR,ERR,ERR,ERR,ERR,ERR,ERR,ERR,ERR,ERR,ERR,ERR,ERR,ERR,ERR,ERR,ERR,ERR,ERR,ERR,ERR,ERR,ERR,ERR,ERR,ERR,ERR,ERR,ERR,ERR,ERR,ERR,ERR,ERR,ERR,0.0,0.0,2.6474777903227054e+23,0.0,0.0,1.3936040501711995e+18,7.805,0.0,0,0,4,0,7300,-0.0,0,0.0,0.0,0.0,0.0,0.0,0,0,0,0,0.0,0,0,0,0,0,0,0,0,0,0,0,0,0,0,0,0,0,0,0,0,0,0,0,0,0,0,0,0,0,0,0,0,0,32,30,30,62,65476,0,300,0,0,8,21553,0.0,-107605600.0,0.0,0.0,0.0,0.0,0.0,0.0,0.0,0.0,0.0,0.0,0.0,0.0,0.0,0.0,0.0,0.0,0.0,0.0,0.0,0.0,2.004,-0.0,-0.0,2.004,0.0,0.0,0.0,0.0,5415.0,-0.0,6964.0,0.0,0.0,-107615280.0,0.0,0.0,0.0,0.0,0.0,63,2.3088396621844998e+20,0.0,0.0,0.0,0.0,0.0,0.0,0.0,0.0,0,0,0,0.0,0.0,0.0,0.0,0.0,0.0,0.0,0.0,0.0,0.0,0.0,0.0,0.0,0.0,0.0,0.0,0,-107875648.0,63,0.0,126,2.7184242562605685e+23,-0.0,ERR,ERR,ERR,ERR,ERR,ERR,ERR,ERR,ERR,ERR,ERR,ERR,ERR,ERR,ERR,ERR,ERR,ERR,ERR,ERR,ERR,ERR,ERR,ERR,ERR,ERR,ERR,ERR,ERR,ERR,ERR,ERR,ERR,ERR,ERR,ERR,ERR,ERR,ERR,ERR,ERR,ERR,ERR,ERR,ERR,ERR,ERR,ERR,ERR,ERR,ERR,ERR,ERR,ERR,ERR,ERR,ERR,ERR,ERR,ERR,ERR,ERR,ERR,ERR,ERR,ERR,ERR,34.0,80.0,35,0.0,0.0,0.0,0.0,0.0,0.0,0.0,0.0,0.0,0.0,0.0,0.0,0.0,0.0,0.0,0.0,64.4,0,117,56,50,65476,0,300,0,0,8,20529,65476,0,0,57672,80.0,0.0,0.0,0.0,0.0,0.0
2026-06-17T04:06:33,ERR,ERR,ERR,ERR,ERR,ERR,ERR,ERR,ERR,ERR,ERR,ERR,ERR,ERR,ERR,ERR,ERR,ERR,ERR,ERR,ERR,ERR,ERR,ERR,ERR,ERR,ERR,ERR,ERR,ERR,ERR,ERR,ERR,ERR,ERR,ERR,ERR,ERR,ERR,ERR,ERR,ERR,ERR,ERR,ERR,ERR,ERR,ERR,ERR,ERR,ERR,ERR,ERR,ERR,ERR,ERR,ERR,ERR,ERR,ERR,ERR,ERR,ERR,ERR,ERR,ERR,ERR,ERR,ERR,ERR,ERR,ERR,ERR,ERR,ERR,ERR,ERR,ERR,ERR,ERR,ERR,ERR,ERR,ERR,ERR,ERR,ERR,ERR,ERR,ERR,ERR,ERR,ERR,ERR,ERR,ERR,ERR,ERR,ERR,ERR,ERR,ERR,ERR,ERR,ERR,ERR,ERR,ERR,ERR,ERR,ERR,ERR,ERR,ERR,ERR,ERR,ERR,ERR,ERR,ERR,ERR,ERR,ERR,ERR,ERR,0.0,0.0,2.6474777903227054e+23,0.0,0.0,1.3936040501711995e+18,7.805,0.0,0,0,4,0,7300,-0.0,0,0.0,0.0,0.0,0.0,0.0,0,0,0,0,0.0,0,0,0,0,0,0,0,0,0,0,0,0,0,0,0,0,0,0,0,0,0,0,0,0,0,0,0,0,0,0,0,0,0,32,30,30,62,65476,0,300,0,0,8,21553,0.0,-107605600.0,0.0,0.0,0.0,0.0,0.0,0.0,0.0,0.0,0.0,0.0,0.0,0.0,0.0,0.0,0.0,0.0,0.0,0.0,0.0,0.0,2.004,-0.0,-0.0,2.004,0.0,0.0,0.0,0.0,5415.0,-0.0,6964.0,0.0,0.0,-107615280.0,0.0,0.0,0.0,0.0,0.0,63,2.3088396621844998e+20,0.0,0.0,0.0,0.0,0.0,0.0,0.0,0.0,0,0,0,0.0,0.0,0.0,0.0,0.0,0.0,0.0,0.0,0.0,0.0,0.0,0.0,0.0,0.0,0.0,0.0,0,-107875648.0,63,0.0,126,2.7184242562605685e+23,-0.0,ERR,ERR,ERR,ERR,ERR,ERR,ERR,ERR,ERR,ERR,ERR,ERR,ERR,ERR,ERR,ERR,ERR,ERR,ERR,ERR,ERR,ERR,ERR,ERR,ERR,ERR,ERR,ERR,ERR,ERR,ERR,ERR,ERR,ERR,ERR,ERR,ERR,ERR,ERR,ERR,ERR,ERR,ERR,ERR,ERR,ERR,ERR,ERR,ERR,ERR,ERR,ERR,ERR,ERR,ERR,ERR,ERR,ERR,ERR,ERR,ERR,ERR,ERR,ERR,ERR,ERR,ERR,34.0,80.0,35,0.0,0.0,0.0,0.0,0.0,0.0,0.0,0.0,0.0,0.0,0.0,0.0,0.0,0.0,0.0,0.0,64.8,0,117,56,50,65476,0,300,0,0,8,20529,65476,0,0,57672,80.0,0.0,0.0,0.0,0.0,0.0
2026-06-17T04:06:34,ERR,ERR,ERR,ERR,ERR,ERR,ERR,ERR,ERR,ERR,ERR,ERR,ERR,ERR,ERR,ERR,ERR,ERR,ERR,ERR,ERR,ERR,ERR,ERR,ERR,ERR,ERR,ERR,ERR,ERR,ERR,ERR,ERR,ERR,ERR,ERR,ERR,ERR,ERR,ERR,ERR,ERR,ERR,ERR,ERR,ERR,ERR,ERR,ERR,ERR,ERR,ERR,ERR,ERR,ERR,ERR,ERR,ERR,ERR,ERR,ERR,ERR,ERR,ERR,ERR,ERR,ERR,ERR,ERR,ERR,ERR,ERR,ERR,ERR,ERR,ERR,ERR,ERR,ERR,ERR,ERR,ERR,ERR,ERR,ERR,ERR,ERR,ERR,ERR,ERR,ERR,ERR,ERR,ERR,ERR,ERR,ERR,ERR,ERR,ERR,ERR,ERR,ERR,ERR,ERR,ERR,ERR,ERR,ERR,ERR,ERR,ERR,ERR,ERR,ERR,ERR,ERR,ERR,ERR,ERR,ERR,ERR,ERR,ERR,ERR,0.0,0.0,2.6474777903227054e+23,0.0,0.0,1.3936040501711995e+18,7.805,0.0,0,0,4,0,7300,-0.0,0,0.0,0.0,0.0,0.0,0.0,0,0,0,0,0.0,0,0,0,0,0,0,0,0,0,0,0,0,0,0,0,0,0,0,0,0,0,0,0,0,0,0,0,0,0,0,0,0,0,32,30,30,62,65476,0,300,0,0,8,21553,0.0,-107605600.0,0.0,0.0,0.0,0.0,0.0,0.0,0.0,0.0,0.0,0.0,0.0,0.0,0.0,0.0,0.0,0.0,0.0,0.0,0.0,0.0,2.004,-0.0,-0.0,2.004,0.0,0.0,0.0,0.0,5415.0,-0.0,6964.0,0.0,0.0,-107615280.0,0.0,0.0,0.0,0.0,0.0,63,2.3088396621844998e+20,0.0,0.0,0.0,0.0,0.0,0.0,0.0,0.0,0,0,0,0.0,0.0,0.0,0.0,0.0,0.0,0.0,0.0,0.0,0.0,0.0,0.0,0.0,0.0,0.0,0.0,0,-107875648.0,63,0.0,126,2.7184242562605685e+23,-0.0,ERR,ERR,ERR,ERR,ERR,ERR,ERR,ERR,ERR,ERR,ERR,ERR,ERR,ERR,ERR,ERR,ERR,ERR,ERR,ERR,ERR,ERR,ERR,ERR,ERR,ERR,ERR,ERR,ERR,ERR,ERR,ERR,ERR,ERR,ERR,ERR,ERR,ERR,ERR,ERR,ERR,ERR,ERR,ERR,ERR,ERR,ERR,ERR,ERR,ERR,ERR,ERR,ERR,ERR,ERR,ERR,ERR,ERR,ERR,ERR,ERR,ERR,ERR,ERR,ERR,ERR,ERR,34.0,80.0,35,0.0,0.0,0.0,0.0,0.0,0.0,0.0,0.0,0.0,0.0,0.0,0.0,0.0,0.0,0.0,0.0,64.8,0,117,56,50,65476,0,300,0,0,8,20529,65476,0,0,57672,80.0,0.0,0.0,0.0,0.0,0.0
2026-06-17T04:06:35,ERR,ERR,ERR,ERR,ERR,ERR,ERR,ERR,ERR,ERR,ERR,ERR,ERR,ERR,ERR,ERR,ERR,ERR,ERR,ERR,ERR,ERR,ERR,ERR,ERR,ERR,ERR,ERR,ERR,ERR,ERR,ERR,ERR,ERR,ERR,ERR,ERR,ERR,ERR,ERR,ERR,ERR,ERR,ERR,ERR,ERR,ERR,ERR,ERR,ERR,ERR,ERR,ERR,ERR,ERR,ERR,ERR,ERR,ERR,ERR,ERR,ERR,ERR,ERR,ERR,ERR,ERR,ERR,ERR,ERR,ERR,ERR,ERR,ERR,ERR,ERR,ERR,ERR,ERR,ERR,ERR,ERR,ERR,ERR,ERR,ERR,ERR,ERR,ERR,ERR,ERR,ERR,ERR,ERR,ERR,ERR,ERR,ERR,ERR,ERR,ERR,ERR,ERR,ERR,ERR,ERR,ERR,ERR,ERR,ERR,ERR,ERR,ERR,ERR,ERR,ERR,ERR,ERR,ERR,ERR,ERR,ERR,ERR,ERR,ERR,0.0,0.0,2.6474777903227054e+23,0.0,0.0,1.3936040501711995e+18,7.805,0.0,0,0,4,0,7300,-0.0,0,0.0,0.0,0.0,0.0,0.0,0,0,0,0,0.0,0,0,0,0,0,0,0,0,0,0,0,0,0,0,0,0,0,0,0,0,0,0,0,0,0,0,0,0,0,0,0,0,0,32,30,30,62,65476,0,300,0,0,8,21553,0.0,-107605600.0,0.0,0.0,0.0,0.0,0.0,0.0,0.0,0.0,0.0,0.0,0.0,0.0,0.0,0.0,0.0,0.0,0.0,0.0,0.0,0.0,2.004,-0.0,-0.0,2.004,0.0,0.0,0.0,0.0,5415.0,-0.0,6964.0,0.0,0.0,-107615280.0,0.0,0.0,0.0,0.0,0.0,63,2.3088396621844998e+20,0.0,0.0,0.0,0.0,0.0,0.0,0.0,0.0,0,0,0,0.0,0.0,0.0,0.0,0.0,0.0,0.0,0.0,0.0,0.0,0.0,0.0,0.0,0.0,0.0,0.0,0,-107875648.0,63,0.0,126,2.7184242562605685e+23,-0.0,ERR,ERR,ERR,ERR,ERR,ERR,ERR,ERR,ERR,ERR,ERR,ERR,ERR,ERR,ERR,ERR,ERR,ERR,ERR,ERR,ERR,ERR,ERR,ERR,ERR,ERR,ERR,ERR,ERR,ERR,ERR,ERR,ERR,ERR,ERR,ERR,ERR,ERR,ERR,ERR,ERR,ERR,ERR,ERR,ERR,ERR,ERR,ERR,ERR,ERR,ERR,ERR,ERR,ERR,ERR,ERR,ERR,ERR,ERR,ERR,ERR,ERR,ERR,ERR,ERR,ERR,ERR,34.0,80.0,35,0.0,0.0,0.0,0.0,0.0,0.0,0.0,0.0,0.0,0.0,0.0,0.0,0.0,0.0,0.0,0.0,64.8,0,117,56,50,65476,0,300,0,0,8,20529,65476,0,0,57672,80.0,0.0,0.0,0.0,0.0,0.0
2026-06-17T04:06:36,ERR,ERR,ERR,ERR,ERR,ERR,ERR,ERR,ERR,ERR,ERR,ERR,ERR,ERR,ERR,ERR,ERR,ERR,ERR,ERR,ERR,ERR,ERR,ERR,ERR,ERR,ERR,ERR,ERR,ERR,ERR,ERR,ERR,ERR,ERR,ERR,ERR,ERR,ERR,ERR,ERR,ERR,ERR,ERR,ERR,ERR,ERR,ERR,ERR,ERR,ERR,ERR,ERR,ERR,ERR,ERR,ERR,ERR,ERR,ERR,ERR,ERR,ERR,ERR,ERR,ERR,ERR,ERR,ERR,ERR,ERR,ERR,ERR,ERR,ERR,ERR,ERR,ERR,ERR,ERR,ERR,ERR,ERR,ERR,ERR,ERR,ERR,ERR,ERR,ERR,ERR,ERR,ERR,ERR,ERR,ERR,ERR,ERR,ERR,ERR,ERR,ERR,ERR,ERR,ERR,ERR,ERR,ERR,ERR,ERR,ERR,ERR,ERR,ERR,ERR,ERR,ERR,ERR,ERR,ERR,ERR,ERR,ERR,ERR,ERR,0.0,0.0,2.6474777903227054e+23,0.0,0.0,1.3936040501711995e+18,7.805,0.0,0,0,4,0,7300,-0.0,0,0.0,0.0,0.0,0.0,0.0,0,0,0,0,0.0,0,0,0,0,0,0,0,0,0,0,0,0,0,0,0,0,0,0,0,0,0,0,0,0,0,0,0,0,0,0,0,0,0,32,30,30,62,65476,0,300,0,0,8,21553,0.0,-107605600.0,0.0,0.0,0.0,0.0,0.0,0.0,0.0,0.0,0.0,0.0,0.0,0.0,0.0,0.0,0.0,0.0,0.0,0.0,0.0,0.0,2.004,-0.0,-0.0,2.004,0.0,0.0,0.0,0.0,5415.0,-0.0,6964.0,0.0,0.0,-107615280.0,0.0,0.0,0.0,0.0,0.0,63,2.3088396621844998e+20,0.0,0.0,0.0,0.0,0.0,0.0,0.0,0.0,0,0,0,0.0,0.0,0.0,0.0,0.0,0.0,0.0,0.0,0.0,0.0,0.0,0.0,0.0,0.0,0.0,0.0,0,-107875648.0,63,0.0,126,2.7184242562605685e+23,-0.0,ERR,ERR,ERR,ERR,ERR,ERR,ERR,ERR,ERR,ERR,ERR,ERR,ERR,ERR,ERR,ERR,ERR,ERR,ERR,ERR,ERR,ERR,ERR,ERR,ERR,ERR,ERR,ERR,ERR,ERR,ERR,ERR,ERR,ERR,ERR,ERR,ERR,ERR,ERR,ERR,ERR,ERR,ERR,ERR,ERR,ERR,ERR,ERR,ERR,ERR,ERR,ERR,ERR,ERR,ERR,ERR,ERR,ERR,ERR,ERR,ERR,ERR,ERR,ERR,ERR,ERR,ERR,34.0,80.0,35,0.0,0.0,0.0,0.0,0.0,0.0,0.0,0.0,0.0,0.0,0.0,0.0,0.0,0.0,0.0,0.0,64.8,0,117,56,50,65476,0,300,0,0,8,20529,65476,0,0,57672,80.0,0.0,0.0,0.0,0.0,0.0
2026-06-17T04:06:37,ERR,ERR,ERR,ERR,ERR,ERR,ERR,ERR,ERR,ERR,ERR,ERR,ERR,ERR,ERR,ERR,ERR,ERR,ERR,ERR,ERR,ERR,ERR,ERR,ERR,ERR,ERR,ERR,ERR,ERR,ERR,ERR,ERR,ERR,ERR,ERR,ERR,ERR,ERR,ERR,ERR,ERR,ERR,ERR,ERR,ERR,ERR,ERR,ERR,ERR,ERR,ERR,ERR,ERR,ERR,ERR,ERR,ERR,ERR,ERR,ERR,ERR,ERR,ERR,ERR,ERR,ERR,ERR,ERR,ERR,ERR,ERR,ERR,ERR,ERR,ERR,ERR,ERR,ERR,ERR,ERR,ERR,ERR,ERR,ERR,ERR,ERR,ERR,ERR,ERR,ERR,ERR,ERR,ERR,ERR,ERR,ERR,ERR,ERR,ERR,ERR,ERR,ERR,ERR,ERR,ERR,ERR,ERR,ERR,ERR,ERR,ERR,ERR,ERR,ERR,ERR,ERR,ERR,ERR,ERR,ERR,ERR,ERR,ERR,ERR,0.0,0.0,2.6474777903227054e+23,0.0,0.0,1.3936040501711995e+18,7.805,0.0,0,0,4,0,7300,-0.0,0,0.0,0.0,0.0,0.0,0.0,0,0,0,0,0.0,0,0,0,0,0,0,0,0,0,0,0,0,0,0,0,0,0,0,0,0,0,0,0,0,0,0,0,0,0,0,0,0,0,32,30,30,62,65476,0,300,0,0,8,21553,0.0,-107605600.0,0.0,0.0,0.0,0.0,0.0,0.0,0.0,0.0,0.0,0.0,0.0,0.0,0.0,0.0,0.0,0.0,0.0,0.0,0.0,0.0,2.004,-0.0,-0.0,2.004,0.0,0.0,0.0,0.0,5415.0,-0.0,6964.0,0.0,0.0,-107615280.0,0.0,0.0,0.0,0.0,0.0,63,2.3088396621844998e+20,0.0,0.0,0.0,0.0,0.0,0.0,0.0,0.0,0,0,0,0.0,0.0,0.0,0.0,0.0,0.0,0.0,0.0,0.0,0.0,0.0,0.0,0.0,0.0,0.0,0.0,0,-107875648.0,63,0.0,126,2.7184242562605685e+23,-0.0,ERR,ERR,ERR,ERR,ERR,ERR,ERR,ERR,ERR,ERR,ERR,ERR,ERR,ERR,ERR,ERR,ERR,ERR,ERR,ERR,ERR,ERR,ERR,ERR,ERR,ERR,ERR,ERR,ERR,ERR,ERR,ERR,ERR,ERR,ERR,ERR,ERR,ERR,ERR,ERR,ERR,ERR,ERR,ERR,ERR,ERR,ERR,ERR,ERR,ERR,ERR,ERR,ERR,ERR,ERR,ERR,ERR,ERR,ERR,ERR,ERR,ERR,ERR,ERR,ERR,ERR,ERR,34.0,80.0,35,0.0,0.0,0.0,0.0,0.0,0.0,0.0,0.0,0.0,0.0,0.0,0.0,0.0,0.0,0.0,0.0,64.4,0,117,56,50,65476,0,300,0,0,8,20529,65476,0,0,57672,80.0,0.0,0.0,0.0,0.0,0.0
2026-06-17T04:06:38,ERR,ERR,ERR,ERR,ERR,ERR,ERR,ERR,ERR,ERR,ERR,ERR,ERR,ERR,ERR,ERR,ERR,ERR,ERR,ERR,ERR,ERR,ERR,ERR,ERR,ERR,ERR,ERR,ERR,ERR,ERR,ERR,ERR,ERR,ERR,ERR,ERR,ERR,ERR,ERR,ERR,ERR,ERR,ERR,ERR,ERR,ERR,ERR,ERR,ERR,ERR,ERR,ERR,ERR,ERR,ERR,ERR,ERR,ERR,ERR,ERR,ERR,ERR,ERR,ERR,ERR,ERR,ERR,ERR,ERR,ERR,ERR,ERR,ERR,ERR,ERR,ERR,ERR,ERR,ERR,ERR,ERR,ERR,ERR,ERR,ERR,ERR,ERR,ERR,ERR,ERR,ERR,ERR,ERR,ERR,ERR,ERR,ERR,ERR,ERR,ERR,ERR,ERR,ERR,ERR,ERR,ERR,ERR,ERR,ERR,ERR,ERR,ERR,ERR,ERR,ERR,ERR,ERR,ERR,ERR,ERR,ERR,ERR,ERR,ERR,0.0,0.0,2.6474777903227054e+23,0.0,0.0,1.3936040501711995e+18,7.805,0.0,0,0,4,0,7300,-0.0,0,0.0,0.0,0.0,0.0,0.0,0,0,0,0,0.0,0,0,0,0,0,0,0,0,0,0,0,0,0,0,0,0,0,0,0,0,0,0,0,0,0,0,0,0,0,0,0,0,0,32,30,30,62,65476,0,300,0,0,8,21553,0.0,-107605600.0,0.0,0.0,0.0,0.0,0.0,0.0,0.0,0.0,0.0,0.0,0.0,0.0,0.0,0.0,0.0,0.0,0.0,0.0,0.0,0.0,2.004,-0.0,-0.0,2.004,0.0,0.0,0.0,0.0,5422.0,3.697191851085162e+19,6956.0,0.0,0.0,-107615280.0,0.0,0.0,0.0,0.0,0.0,63,-0.0,-107614912.0,0.0,0.0,0.0,0.0,0.0,0.0,0.0,0,0,0,0.0,0.0,0.0,0.0,0.0,0.0,0.0,0.0,0.0,0.0,0.0,0.0,0.0,0.0,0.0,0.0,0,-107875648.0,63,0.0,126,2.7184242562605685e+23,-0.0,ERR,ERR,ERR,ERR,ERR,ERR,ERR,ERR,ERR,ERR,ERR,ERR,ERR,ERR,ERR,ERR,ERR,ERR,ERR,ERR,ERR,ERR,ERR,ERR,ERR,ERR,ERR,ERR,ERR,ERR,ERR,ERR,ERR,ERR,ERR,ERR,ERR,ERR,ERR,ERR,ERR,ERR,ERR,ERR,ERR,ERR,ERR,ERR,ERR,ERR,ERR,ERR,ERR,ERR,ERR,ERR,ERR,ERR,ERR,ERR,ERR,ERR,ERR,ERR,ERR,ERR,ERR,34.0,80.0,35,0.0,0.0,0.0,0.0,0.0,0.0,0.0,0.0,0.0,0.0,0.0,0.0,0.0,0.0,0.0,0.0,64.4,0,117,56,50,65476,0,300,0,0,8,20529,65476,0,0,57672,80.0,0.0,0.0,0.0,0.0,0.0
2026-06-17T04:06:39,ERR,ERR,ERR,ERR,ERR,ERR,ERR,ERR,ERR,ERR,ERR,ERR,ERR,ERR,ERR,ERR,ERR,ERR,ERR,ERR,ERR,ERR,ERR,ERR,ERR,ERR,ERR,ERR,ERR,ERR,ERR,ERR,ERR,ERR,ERR,ERR,ERR,ERR,ERR,ERR,ERR,ERR,ERR,ERR,ERR,ERR,ERR,ERR,ERR,ERR,ERR,ERR,ERR,ERR,ERR,ERR,ERR,ERR,ERR,ERR,ERR,ERR,ERR,ERR,ERR,ERR,ERR,ERR,ERR,ERR,ERR,ERR,ERR,ERR,ERR,ERR,ERR,ERR,ERR,ERR,ERR,ERR,ERR,ERR,ERR,ERR,ERR,ERR,ERR,ERR,ERR,ERR,ERR,ERR,ERR,ERR,ERR,ERR,ERR,ERR,ERR,ERR,ERR,ERR,ERR,ERR,ERR,ERR,ERR,ERR,ERR,ERR,ERR,ERR,ERR,ERR,ERR,ERR,ERR,ERR,ERR,ERR,ERR,ERR,ERR,0.0,0.0,2.6474777903227054e+23,0.0,0.0,1.3936040501711995e+18,7.805,0.0,0,0,4,0,7300,-0.0,0,0.0,0.0,0.0,0.0,0.0,0,0,0,0,0.0,0,0,0,0,0,0,0,0,0,0,0,0,0,0,0,0,0,0,0,0,0,0,0,0,0,0,0,0,0,0,0,0,0,32,30,30,62,65476,0,300,0,0,8,21553,0.0,-107605600.0,0.0,0.0,0.0,0.0,0.0,0.0,0.0,0.0,0.0,0.0,0.0,0.0,0.0,0.0,0.0,0.0,0.0,0.0,0.0,0.0,2.004,-0.0,-0.0,2.004,0.0,0.0,0.0,0.0,5422.0,3.697191851085162e+19,6956.0,0.0,0.0,-107615280.0,0.0,0.0,0.0,0.0,0.0,63,-0.0,-107614912.0,0.0,0.0,0.0,0.0,0.0,0.0,0.0,0,0,0,0.0,0.0,0.0,0.0,0.0,0.0,0.0,0.0,0.0,0.0,0.0,0.0,0.0,0.0,0.0,0.0,0,-107875648.0,63,0.0,126,2.7184242562605685e+23,-0.0,ERR,ERR,ERR,ERR,ERR,ERR,ERR,ERR,ERR,ERR,ERR,ERR,ERR,ERR,ERR,ERR,ERR,ERR,ERR,ERR,ERR,ERR,ERR,ERR,ERR,ERR,ERR,ERR,ERR,ERR,ERR,ERR,ERR,ERR,ERR,ERR,ERR,ERR,ERR,ERR,ERR,ERR,ERR,ERR,ERR,ERR,ERR,ERR,ERR,ERR,ERR,ERR,ERR,ERR,ERR,ERR,ERR,ERR,ERR,ERR,ERR,ERR,ERR,ERR,ERR,ERR,ERR,34.0,80.0,35,0.0,0.0,0.0,0.0,0.0,0.0,0.0,0.0,0.0,0.0,0.0,0.0,0.0,0.0,0.0,0.0,64.4,0,117,56,50,65476,0,300,0,0,8,20529,65476,0,0,57672,80.0,0.0,0.0,0.0,0.0,0.0
2026-06-17T04:06:40,ERR,ERR,ERR,ERR,ERR,ERR,ERR,ERR,ERR,ERR,ERR,ERR,ERR,ERR,ERR,ERR,ERR,ERR,ERR,ERR,ERR,ERR,ERR,ERR,ERR,ERR,ERR,ERR,ERR,ERR,ERR,ERR,ERR,ERR,ERR,ERR,ERR,ERR,ERR,ERR,ERR,ERR,ERR,ERR,ERR,ERR,ERR,ERR,ERR,ERR,ERR,ERR,ERR,ERR,ERR,ERR,ERR,ERR,ERR,ERR,ERR,ERR,ERR,ERR,ERR,ERR,ERR,ERR,ERR,ERR,ERR,ERR,ERR,ERR,ERR,ERR,ERR,ERR,ERR,ERR,ERR,ERR,ERR,ERR,ERR,ERR,ERR,ERR,ERR,ERR,ERR,ERR,ERR,ERR,ERR,ERR,ERR,ERR,ERR,ERR,ERR,ERR,ERR,ERR,ERR,ERR,ERR,ERR,ERR,ERR,ERR,ERR,ERR,ERR,ERR,ERR,ERR,ERR,ERR,ERR,ERR,ERR,ERR,ERR,ERR,0.0,0.0,2.6474777903227054e+23,0.0,0.0,1.3936040501711995e+18,7.805,0.0,0,0,4,0,7300,-0.0,0,0.0,0.0,0.0,0.0,0.0,0,0,0,0,0.0,0,0,0,0,0,0,0,0,0,0,0,0,0,0,0,0,0,0,0,0,0,0,0,0,0,0,0,0,0,0,0,0,0,32,30,30,62,65476,0,300,0,0,8,21553,0.0,-107605600.0,0.0,0.0,0.0,0.0,0.0,0.0,0.0,0.0,0.0,0.0,0.0,0.0,0.0,0.0,0.0,0.0,0.0,0.0,0.0,0.0,2.004,-0.0,-0.0,2.004,0.0,0.0,0.0,0.0,5422.0,3.697191851085162e+19,6956.0,0.0,0.0,-107615280.0,0.0,0.0,0.0,0.0,0.0,63,-0.0,-107614912.0,0.0,0.0,0.0,0.0,0.0,0.0,0.0,0,0,0,0.0,0.0,0.0,0.0,0.0,0.0,0.0,0.0,0.0,0.0,0.0,0.0,0.0,0.0,0.0,0.0,0,-107875648.0,63,0.0,126,2.7184242562605685e+23,-0.0,ERR,ERR,ERR,ERR,ERR,ERR,ERR,ERR,ERR,ERR,ERR,ERR,ERR,ERR,ERR,ERR,ERR,ERR,ERR,ERR,ERR,ERR,ERR,ERR,ERR,ERR,ERR,ERR,ERR,ERR,ERR,ERR,ERR,ERR,ERR,ERR,ERR,ERR,ERR,ERR,ERR,ERR,ERR,ERR,ERR,ERR,ERR,ERR,ERR,ERR,ERR,ERR,ERR,ERR,ERR,ERR,ERR,ERR,ERR,ERR,ERR,ERR,ERR,ERR,ERR,ERR,ERR,34.0,80.0,35,0.0,0.0,0.0,0.0,0.0,0.0,0.0,0.0,0.0,0.0,0.0,0.0,0.0,0.0,0.0,0.0,64.4,0,117,56,50,65476,0,300,0,0,8,20529,65476,0,0,57672,80.0,0.0,0.0,0.0,0.0,0.0
2026-06-17T04:06:41,ERR,ERR,ERR,ERR,ERR,ERR,ERR,ERR,ERR,ERR,ERR,ERR,ERR,ERR,ERR,ERR,ERR,ERR,ERR,ERR,ERR,ERR,ERR,ERR,ERR,ERR,ERR,ERR,ERR,ERR,ERR,ERR,ERR,ERR,ERR,ERR,ERR,ERR,ERR,ERR,ERR,ERR,ERR,ERR,ERR,ERR,ERR,ERR,ERR,ERR,ERR,ERR,ERR,ERR,ERR,ERR,ERR,ERR,ERR,ERR,ERR,ERR,ERR,ERR,ERR,ERR,ERR,ERR,ERR,ERR,ERR,ERR,ERR,ERR,ERR,ERR,ERR,ERR,ERR,ERR,ERR,ERR,ERR,ERR,ERR,ERR,ERR,ERR,ERR,ERR,ERR,ERR,ERR,ERR,ERR,ERR,ERR,ERR,ERR,ERR,ERR,ERR,ERR,ERR,ERR,ERR,ERR,ERR,ERR,ERR,ERR,ERR,ERR,ERR,ERR,ERR,ERR,ERR,ERR,ERR,ERR,ERR,ERR,ERR,ERR,0.0,0.0,2.6474777903227054e+23,0.0,0.0,1.3936040501711995e+18,7.805,0.0,0,0,4,0,7300,-0.0,0,0.0,0.0,0.0,0.0,0.0,0,0,0,0,0.0,0,0,0,0,0,0,0,0,0,0,0,0,0,0,0,0,0,0,0,0,0,0,0,0,0,0,0,0,0,0,0,0,0,32,30,30,62,65476,0,300,0,0,8,21553,0.0,-107605600.0,0.0,0.0,0.0,0.0,0.0,0.0,0.0,0.0,0.0,0.0,0.0,0.0,0.0,0.0,0.0,0.0,0.0,0.0,0.0,0.0,2.004,-0.0,-0.0,2.004,0.0,0.0,0.0,0.0,5422.0,3.697191851085162e+19,6956.0,0.0,0.0,-107615280.0,0.0,0.0,0.0,0.0,0.0,63,-0.0,-107614912.0,0.0,0.0,0.0,0.0,0.0,0.0,0.0,0,0,0,0.0,0.0,0.0,0.0,0.0,0.0,0.0,0.0,0.0,0.0,0.0,0.0,0.0,0.0,0.0,0.0,0,-107875648.0,63,0.0,126,2.7184242562605685e+23,-0.0,ERR,ERR,ERR,ERR,ERR,ERR,ERR,ERR,ERR,ERR,ERR,ERR,ERR,ERR,ERR,ERR,ERR,ERR,ERR,ERR,ERR,ERR,ERR,ERR,ERR,ERR,ERR,ERR,ERR,ERR,ERR,ERR,ERR,ERR,ERR,ERR,ERR,ERR,ERR,ERR,ERR,ERR,ERR,ERR,ERR,ERR,ERR,ERR,ERR,ERR,ERR,ERR,ERR,ERR,ERR,ERR,ERR,ERR,ERR,ERR,ERR,ERR,ERR,ERR,ERR,ERR,ERR,34.0,80.0,35,0.0,0.0,0.0,0.0,0.0,0.0,0.0,0.0,0.0,0.0,0.0,0.0,0.0,0.0,0.0,0.0,64.8,0,117,56,50,65476,0,300,0,0,8,20529,65476,0,0,57672,80.0,0.0,0.0,0.0,0.0,0.0
2026-06-17T04:06:42,ERR,ERR,ERR,ERR,ERR,ERR,ERR,ERR,ERR,ERR,ERR,ERR,ERR,ERR,ERR,ERR,ERR,ERR,ERR,ERR,ERR,ERR,ERR,ERR,ERR,ERR,ERR,ERR,ERR,ERR,ERR,ERR,ERR,ERR,ERR,ERR,ERR,ERR,ERR,ERR,ERR,ERR,ERR,ERR,ERR,ERR,ERR,ERR,ERR,ERR,ERR,ERR,ERR,ERR,ERR,ERR,ERR,ERR,ERR,ERR,ERR,ERR,ERR,ERR,ERR,ERR,ERR,ERR,ERR,ERR,ERR,ERR,ERR,ERR,ERR,ERR,ERR,ERR,ERR,ERR,ERR,ERR,ERR,ERR,ERR,ERR,ERR,ERR,ERR,ERR,ERR,ERR,ERR,ERR,ERR,ERR,ERR,ERR,ERR,ERR,ERR,ERR,ERR,ERR,ERR,ERR,ERR,ERR,ERR,ERR,ERR,ERR,ERR,ERR,ERR,ERR,ERR,ERR,ERR,ERR,ERR,ERR,ERR,ERR,ERR,0.0,0.0,2.6474777903227054e+23,0.0,0.0,1.3936040501711995e+18,7.805,0.0,0,0,4,0,7300,-0.0,0,0.0,0.0,0.0,0.0,0.0,0,0,0,0,0.0,0,0,0,0,0,0,0,0,0,0,0,0,0,0,0,0,0,0,0,0,0,0,0,0,0,0,0,0,0,0,0,0,0,32,30,30,62,65476,0,300,0,0,8,21553,0.0,-107605600.0,0.0,0.0,0.0,0.0,0.0,0.0,0.0,0.0,0.0,0.0,0.0,0.0,0.0,0.0,0.0,0.0,0.0,0.0,0.0,0.0,2.004,-0.0,-0.0,2.004,0.0,0.0,0.0,0.0,5422.0,3.697191851085162e+19,6956.0,0.0,0.0,-107615280.0,0.0,0.0,0.0,0.0,0.0,63,-0.0,-107614912.0,0.0,0.0,0.0,0.0,0.0,0.0,0.0,0,0,0,0.0,0.0,0.0,0.0,0.0,0.0,0.0,0.0,0.0,0.0,0.0,0.0,0.0,0.0,0.0,0.0,0,-107875648.0,63,0.0,126,2.7184242562605685e+23,-0.0,ERR,ERR,ERR,ERR,ERR,ERR,ERR,ERR,ERR,ERR,ERR,ERR,ERR,ERR,ERR,ERR,ERR,ERR,ERR,ERR,ERR,ERR,ERR,ERR,ERR,ERR,ERR,ERR,ERR,ERR,ERR,ERR,ERR,ERR,ERR,ERR,ERR,ERR,ERR,ERR,ERR,ERR,ERR,ERR,ERR,ERR,ERR,ERR,ERR,ERR,ERR,ERR,ERR,ERR,ERR,ERR,ERR,ERR,ERR,ERR,ERR,ERR,ERR,ERR,ERR,ERR,ERR,34.0,80.0,35,0.0,0.0,0.0,0.0,0.0,0.0,0.0,0.0,0.0,0.0,0.0,0.0,0.0,0.0,0.0,0.0,64.4,0,117,56,50,65476,0,300,0,0,8,20529,65476,0,0,57672,80.0,0.0,0.0,0.0,0.0,0.0
2026-06-17T04:06:43,ERR,ERR,ERR,ERR,ERR,ERR,ERR,ERR,ERR,ERR,ERR,ERR,ERR,ERR,ERR,ERR,ERR,ERR,ERR,ERR,ERR,ERR,ERR,ERR,ERR,ERR,ERR,ERR,ERR,ERR,ERR,ERR,ERR,ERR,ERR,ERR,ERR,ERR,ERR,ERR,ERR,ERR,ERR,ERR,ERR,ERR,ERR,ERR,ERR,ERR,ERR,ERR,ERR,ERR,ERR,ERR,ERR,ERR,ERR,ERR,ERR,ERR,ERR,ERR,ERR,ERR,ERR,ERR,ERR,ERR,ERR,ERR,ERR,ERR,ERR,ERR,ERR,ERR,ERR,ERR,ERR,ERR,ERR,ERR,ERR,ERR,ERR,ERR,ERR,ERR,ERR,ERR,ERR,ERR,ERR,ERR,ERR,ERR,ERR,ERR,ERR,ERR,ERR,ERR,ERR,ERR,ERR,ERR,ERR,ERR,ERR,ERR,ERR,ERR,ERR,ERR,ERR,ERR,ERR,ERR,ERR,ERR,ERR,ERR,ERR,0.0,0.0,2.6474777903227054e+23,0.0,0.0,1.3936040501711995e+18,7.805,0.0,0,0,4,0,7300,-0.0,0,0.0,0.0,0.0,0.0,0.0,0,0,0,0,0.0,0,0,0,0,0,0,0,0,0,0,0,0,0,0,0,0,0,0,0,0,0,0,0,0,0,0,0,0,0,0,0,0,0,32,30,30,62,65476,0,300,0,0,8,21553,0.0,-107605600.0,0.0,0.0,0.0,0.0,0.0,0.0,0.0,0.0,0.0,0.0,0.0,0.0,0.0,0.0,0.0,0.0,0.0,0.0,0.0,0.0,2.004,-0.0,-0.0,2.004,0.0,0.0,0.0,0.0,5426.0,1.0406669901790231e+34,6959.0,0.0,0.0,-107615280.0,0.0,0.0,0.0,0.0,0.0,63,-0.0,-3.222008670201871e+26,0.0,0.0,0.0,0.0,0.0,0.0,0.0,0,0,0,0.0,0.0,0.0,0.0,0.0,0.0,0.0,0.0,0.0,0.0,0.0,0.0,0.0,0.0,0.0,0.0,0,-107875648.0,63,0.0,126,2.7184242562605685e+23,-0.0,ERR,ERR,ERR,ERR,ERR,ERR,ERR,ERR,ERR,ERR,ERR,ERR,ERR,ERR,ERR,ERR,ERR,ERR,ERR,ERR,ERR,ERR,ERR,ERR,ERR,ERR,ERR,ERR,ERR,ERR,ERR,ERR,ERR,ERR,ERR,ERR,ERR,ERR,ERR,ERR,ERR,ERR,ERR,ERR,ERR,ERR,ERR,ERR,ERR,ERR,ERR,ERR,ERR,ERR,ERR,ERR,ERR,ERR,ERR,ERR,ERR,ERR,ERR,ERR,ERR,ERR,ERR,34.0,80.0,35,0.0,0.0,0.0,0.0,0.0,0.0,0.0,0.0,0.0,0.0,0.0,0.0,0.0,0.0,0.0,0.0,64.4,0,117,56,50,65476,0,300,0,0,8,20529,65476,0,0,57672,80.0,0.0,0.0,0.0,0.0,0.0
2026-06-17T04:06:44,ERR,ERR,ERR,ERR,ERR,ERR,ERR,ERR,ERR,ERR,ERR,ERR,ERR,ERR,ERR,ERR,ERR,ERR,ERR,ERR,ERR,ERR,ERR,ERR,ERR,ERR,ERR,ERR,ERR,ERR,ERR,ERR,ERR,ERR,ERR,ERR,ERR,ERR,ERR,ERR,ERR,ERR,ERR,ERR,ERR,ERR,ERR,ERR,ERR,ERR,ERR,ERR,ERR,ERR,ERR,ERR,ERR,ERR,ERR,ERR,ERR,ERR,ERR,ERR,ERR,ERR,ERR,ERR,ERR,ERR,ERR,ERR,ERR,ERR,ERR,ERR,ERR,ERR,ERR,ERR,ERR,ERR,ERR,ERR,ERR,ERR,ERR,ERR,ERR,ERR,ERR,ERR,ERR,ERR,ERR,ERR,ERR,ERR,ERR,ERR,ERR,ERR,ERR,ERR,ERR,ERR,ERR,ERR,ERR,ERR,ERR,ERR,ERR,ERR,ERR,ERR,ERR,ERR,ERR,ERR,ERR,ERR,ERR,ERR,ERR,0.0,0.0,2.6474777903227054e+23,0.0,0.0,1.3936040501711995e+18,7.805,0.0,0,0,4,0,7300,-0.0,0,0.0,0.0,0.0,0.0,0.0,0,0,0,0,0.0,0,0,0,0,0,0,0,0,0,0,0,0,0,0,0,0,0,0,0,0,0,0,0,0,0,0,0,0,0,0,0,0,0,32,30,30,62,65476,0,300,0,0,8,21553,0.0,-107605600.0,0.0,0.0,0.0,0.0,0.0,0.0,0.0,0.0,0.0,0.0,0.0,0.0,0.0,0.0,0.0,0.0,0.0,0.0,0.0,0.0,2.004,-0.0,-0.0,2.004,0.0,0.0,0.0,0.0,5426.0,1.0406669901790231e+34,6959.0,0.0,0.0,-107615280.0,0.0,0.0,0.0,0.0,0.0,63,-0.0,-3.222008670201871e+26,0.0,0.0,0.0,0.0,0.0,0.0,0.0,0,0,0,0.0,0.0,0.0,0.0,0.0,0.0,0.0,0.0,0.0,0.0,0.0,0.0,0.0,0.0,0.0,0.0,0,-107875648.0,63,0.0,126,2.7184242562605685e+23,-0.0,ERR,ERR,ERR,ERR,ERR,ERR,ERR,ERR,ERR,ERR,ERR,ERR,ERR,ERR,ERR,ERR,ERR,ERR,ERR,ERR,ERR,ERR,ERR,ERR,ERR,ERR,ERR,ERR,ERR,ERR,ERR,ERR,ERR,ERR,ERR,ERR,ERR,ERR,ERR,ERR,ERR,ERR,ERR,ERR,ERR,ERR,ERR,ERR,ERR,ERR,ERR,ERR,ERR,ERR,ERR,ERR,ERR,ERR,ERR,ERR,ERR,ERR,ERR,ERR,ERR,ERR,ERR,34.0,80.0,35,0.0,0.0,0.0,0.0,0.0,0.0,0.0,0.0,0.0,0.0,0.0,0.0,0.0,0.0,0.0,0.0,64.4,0,117,56,50,65476,0,300,0,0,8,20529,65476,0,0,57672,80.0,0.0,0.0,0.0,0.0,0.0
2026-06-17T04:06:45,ERR,ERR,ERR,ERR,ERR,ERR,ERR,ERR,ERR,ERR,ERR,ERR,ERR,ERR,ERR,ERR,ERR,ERR,ERR,ERR,ERR,ERR,ERR,ERR,ERR,ERR,ERR,ERR,ERR,ERR,ERR,ERR,ERR,ERR,ERR,ERR,ERR,ERR,ERR,ERR,ERR,ERR,ERR,ERR,ERR,ERR,ERR,ERR,ERR,ERR,ERR,ERR,ERR,ERR,ERR,ERR,ERR,ERR,ERR,ERR,ERR,ERR,ERR,ERR,ERR,ERR,ERR,ERR,ERR,ERR,ERR,ERR,ERR,ERR,ERR,ERR,ERR,ERR,ERR,ERR,ERR,ERR,ERR,ERR,ERR,ERR,ERR,ERR,ERR,ERR,ERR,ERR,ERR,ERR,ERR,ERR,ERR,ERR,ERR,ERR,ERR,ERR,ERR,ERR,ERR,ERR,ERR,ERR,ERR,ERR,ERR,ERR,ERR,ERR,ERR,ERR,ERR,ERR,ERR,ERR,ERR,ERR,ERR,ERR,ERR,0.0,0.0,2.6474777903227054e+23,0.0,0.0,1.3936040501711995e+18,7.805,0.0,0,0,4,0,7300,-0.0,0,0.0,0.0,0.0,0.0,0.0,0,0,0,0,0.0,0,0,0,0,0,0,0,0,0,0,0,0,0,0,0,0,0,0,0,0,0,0,0,0,0,0,0,0,0,0,0,0,0,32,30,30,62,65476,0,300,0,0,8,21553,0.0,-107605600.0,0.0,0.0,0.0,0.0,0.0,0.0,0.0,0.0,0.0,0.0,0.0,0.0,0.0,0.0,0.0,0.0,0.0,0.0,0.0,0.0,2.004,-0.0,-0.0,2.004,0.0,0.0,0.0,0.0,5426.0,1.0406669901790231e+34,6959.0,0.0,0.0,-107615280.0,0.0,0.0,0.0,0.0,0.0,63,-0.0,-3.222008670201871e+26,0.0,0.0,0.0,0.0,0.0,0.0,0.0,0,0,0,0.0,0.0,0.0,0.0,0.0,0.0,0.0,0.0,0.0,0.0,0.0,0.0,0.0,0.0,0.0,0.0,0,-107875648.0,63,0.0,126,2.7184242562605685e+23,-0.0,ERR,ERR,ERR,ERR,ERR,ERR,ERR,ERR,ERR,ERR,ERR,ERR,ERR,ERR,ERR,ERR,ERR,ERR,ERR,ERR,ERR,ERR,ERR,ERR,ERR,ERR,ERR,ERR,ERR,ERR,ERR,ERR,ERR,ERR,ERR,ERR,ERR,ERR,ERR,ERR,ERR,ERR,ERR,ERR,ERR,ERR,ERR,ERR,ERR,ERR,ERR,ERR,ERR,ERR,ERR,ERR,ERR,ERR,ERR,ERR,ERR,ERR,ERR,ERR,ERR,ERR,ERR,34.0,80.0,35,0.0,0.0,0.0,0.0,0.0,0.0,0.0,0.0,0.0,0.0,0.0,0.0,0.0,0.0,0.0,0.0,64.4,0,117,56,50,65476,0,300,0,0,8,20529,65476,0,0,57672,80.0,0.0,0.0,0.0,0.0,0.0
2026-06-17T04:06:46,ERR,ERR,ERR,ERR,ERR,ERR,ERR,ERR,ERR,ERR,ERR,ERR,ERR,ERR,ERR,ERR,ERR,ERR,ERR,ERR,ERR,ERR,ERR,ERR,ERR,ERR,ERR,ERR,ERR,ERR,ERR,ERR,ERR,ERR,ERR,ERR,ERR,ERR,ERR,ERR,ERR,ERR,ERR,ERR,ERR,ERR,ERR,ERR,ERR,ERR,ERR,ERR,ERR,ERR,ERR,ERR,ERR,ERR,ERR,ERR,ERR,ERR,ERR,ERR,ERR,ERR,ERR,ERR,ERR,ERR,ERR,ERR,ERR,ERR,ERR,ERR,ERR,ERR,ERR,ERR,ERR,ERR,ERR,ERR,ERR,ERR,ERR,ERR,ERR,ERR,ERR,ERR,ERR,ERR,ERR,ERR,ERR,ERR,ERR,ERR,ERR,ERR,ERR,ERR,ERR,ERR,ERR,ERR,ERR,ERR,ERR,ERR,ERR,ERR,ERR,ERR,ERR,ERR,ERR,ERR,ERR,ERR,ERR,ERR,ERR,0.0,0.0,2.6474777903227054e+23,0.0,0.0,1.3936040501711995e+18,7.805,0.0,0,0,4,0,7300,-0.0,0,0.0,0.0,0.0,0.0,0.0,0,0,0,0,0.0,0,0,0,0,0,0,0,0,0,0,0,0,0,0,0,0,0,0,0,0,0,0,0,0,0,0,0,0,0,0,0,0,0,32,30,30,62,65476,0,300,0,0,8,21553,0.0,-107605600.0,0.0,0.0,0.0,0.0,0.0,0.0,0.0,0.0,0.0,0.0,0.0,0.0,0.0,0.0,0.0,0.0,0.0,0.0,0.0,0.0,2.004,-0.0,-0.0,2.004,0.0,0.0,0.0,0.0,5426.0,1.0406669901790231e+34,6959.0,0.0,0.0,-107615280.0,0.0,0.0,0.0,0.0,0.0,63,-0.0,-3.222008670201871e+26,0.0,0.0,0.0,0.0,0.0,0.0,0.0,0,0,0,0.0,0.0,0.0,0.0,0.0,0.0,0.0,0.0,0.0,0.0,0.0,0.0,0.0,0.0,0.0,0.0,0,-107875648.0,63,0.0,126,2.7184242562605685e+23,-0.0,ERR,ERR,ERR,ERR,ERR,ERR,ERR,ERR,ERR,ERR,ERR,ERR,ERR,ERR,ERR,ERR,ERR,ERR,ERR,ERR,ERR,ERR,ERR,ERR,ERR,ERR,ERR,ERR,ERR,ERR,ERR,ERR,ERR,ERR,ERR,ERR,ERR,ERR,ERR,ERR,ERR,ERR,ERR,ERR,ERR,ERR,ERR,ERR,ERR,ERR,ERR,ERR,ERR,ERR,ERR,ERR,ERR,ERR,ERR,ERR,ERR,ERR,ERR,ERR,ERR,ERR,ERR,34.0,80.0,35,0.0,0.0,0.0,0.0,0.0,0.0,0.0,0.0,0.0,0.0,0.0,0.0,0.0,0.0,0.0,0.0,64.4,0,117,56,50,65476,0,300,0,0,8,20529,65476,0,0,57672,80.0,0.0,0.0,0.0,0.0,0.0
2026-06-17T04:06:47,ERR,ERR,ERR,ERR,ERR,ERR,ERR,ERR,ERR,ERR,ERR,ERR,ERR,ERR,ERR,ERR,ERR,ERR,ERR,ERR,ERR,ERR,ERR,ERR,ERR,ERR,ERR,ERR,ERR,ERR,ERR,ERR,ERR,ERR,ERR,ERR,ERR,ERR,ERR,ERR,ERR,ERR,ERR,ERR,ERR,ERR,ERR,ERR,ERR,ERR,ERR,ERR,ERR,ERR,ERR,ERR,ERR,ERR,ERR,ERR,ERR,ERR,ERR,ERR,ERR,ERR,ERR,ERR,ERR,ERR,ERR,ERR,ERR,ERR,ERR,ERR,ERR,ERR,ERR,ERR,ERR,ERR,ERR,ERR,ERR,ERR,ERR,ERR,ERR,ERR,ERR,ERR,ERR,ERR,ERR,ERR,ERR,ERR,ERR,ERR,ERR,ERR,ERR,ERR,ERR,ERR,ERR,ERR,ERR,ERR,ERR,ERR,ERR,ERR,ERR,ERR,ERR,ERR,ERR,ERR,ERR,ERR,ERR,ERR,ERR,0.0,0.0,2.6474777903227054e+23,0.0,0.0,1.3936040501711995e+18,7.805,0.0,0,0,4,0,7300,-0.0,0,0.0,0.0,0.0,0.0,0.0,0,0,0,0,0.0,0,0,0,0,0,0,0,0,0,0,0,0,0,0,0,0,0,0,0,0,0,0,0,0,0,0,0,0,0,0,0,0,0,32,30,30,62,65476,0,300,0,0,8,21553,0.0,-107605600.0,0.0,0.0,0.0,0.0,0.0,0.0,0.0,0.0,0.0,0.0,0.0,0.0,0.0,0.0,0.0,0.0,0.0,0.0,0.0,0.0,2.004,-0.0,-0.0,2.004,0.0,0.0,0.0,0.0,5426.0,1.0406669901790231e+34,6959.0,0.0,0.0,-107615280.0,0.0,0.0,0.0,0.0,0.0,63,-0.0,-3.222008670201871e+26,0.0,0.0,0.0,0.0,0.0,0.0,0.0,0,0,0,0.0,0.0,0.0,0.0,0.0,0.0,0.0,0.0,0.0,0.0,0.0,0.0,0.0,0.0,0.0,0.0,0,-107875648.0,63,0.0,126,2.7184242562605685e+23,-0.0,ERR,ERR,ERR,ERR,ERR,ERR,ERR,ERR,ERR,ERR,ERR,ERR,ERR,ERR,ERR,ERR,ERR,ERR,ERR,ERR,ERR,ERR,ERR,ERR,ERR,ERR,ERR,ERR,ERR,ERR,ERR,ERR,ERR,ERR,ERR,ERR,ERR,ERR,ERR,ERR,ERR,ERR,ERR,ERR,ERR,ERR,ERR,ERR,ERR,ERR,ERR,ERR,ERR,ERR,ERR,ERR,ERR,ERR,ERR,ERR,ERR,ERR,ERR,ERR,ERR,ERR,ERR,34.0,80.0,35,0.0,0.0,0.0,0.0,0.0,0.0,0.0,0.0,0.0,0.0,0.0,0.0,0.0,0.0,0.0,0.0,64.4,0,117,56,50,65476,0,300,0,0,8,20529,65476,0,0,57672,80.0,0.0,0.0,0.0,0.0,0.0
2026-06-17T04:06:48,ERR,ERR,ERR,ERR,ERR,ERR,ERR,ERR,ERR,ERR,ERR,ERR,ERR,ERR,ERR,ERR,ERR,ERR,ERR,ERR,ERR,ERR,ERR,ERR,ERR,ERR,ERR,ERR,ERR,ERR,ERR,ERR,ERR,ERR,ERR,ERR,ERR,ERR,ERR,ERR,ERR,ERR,ERR,ERR,ERR,ERR,ERR,ERR,ERR,ERR,ERR,ERR,ERR,ERR,ERR,ERR,ERR,ERR,ERR,ERR,ERR,ERR,ERR,ERR,ERR,ERR,ERR,ERR,ERR,ERR,ERR,ERR,ERR,ERR,ERR,ERR,ERR,ERR,ERR,ERR,ERR,ERR,ERR,ERR,ERR,ERR,ERR,ERR,ERR,ERR,ERR,ERR,ERR,ERR,ERR,ERR,ERR,ERR,ERR,ERR,ERR,ERR,ERR,ERR,ERR,ERR,ERR,ERR,ERR,ERR,ERR,ERR,ERR,ERR,ERR,ERR,ERR,ERR,ERR,ERR,ERR,ERR,ERR,ERR,ERR,0.0,0.0,2.6474777903227054e+23,0.0,0.0,1.3936040501711995e+18,7.805,0.0,0,0,4,0,7300,-0.0,0,0.0,0.0,0.0,0.0,0.0,0,0,0,0,0.0,0,0,0,0,0,0,0,0,0,0,0,0,0,0,0,0,0,0,0,0,0,0,0,0,0,0,0,0,0,0,0,0,0,32,30,30,62,65476,0,300,0,0,8,21553,0.0,-107605600.0,0.0,0.0,0.0,0.0,0.0,0.0,0.0,0.0,0.0,0.0,0.0,0.0,0.0,0.0,0.0,0.0,0.0,0.0,0.0,0.0,2.004,-0.0,-0.0,2.004,0.0,0.0,0.0,0.0,5429.0,0.0,6949.0,0.0,0.0,-107615280.0,0.0,0.0,0.0,0.0,0.0,63,-0.0,-0.0,0.0,0.0,0.0,0.0,0.0,0.0,0.0,0,0,0,0.0,0.0,0.0,0.0,0.0,0.0,0.0,0.0,0.0,0.0,0.0,0.0,0.0,0.0,0.0,0.0,0,-107875648.0,63,0.0,126,2.7184242562605685e+23,-0.0,ERR,ERR,ERR,ERR,ERR,ERR,ERR,ERR,ERR,ERR,ERR,ERR,ERR,ERR,ERR,ERR,ERR,ERR,ERR,ERR,ERR,ERR,ERR,ERR,ERR,ERR,ERR,ERR,ERR,ERR,ERR,ERR,ERR,ERR,ERR,ERR,ERR,ERR,ERR,ERR,ERR,ERR,ERR,ERR,ERR,ERR,ERR,ERR,ERR,ERR,ERR,ERR,ERR,ERR,ERR,ERR,ERR,ERR,ERR,ERR,ERR,ERR,ERR,ERR,ERR,ERR,ERR,34.0,80.0,35,0.0,0.0,0.0,0.0,0.0,0.0,0.0,0.0,0.0,0.0,0.0,0.0,0.0,0.0,0.0,0.0,64.4,0,117,56,50,65476,0,300,0,0,8,20529,65476,0,0,57672,80.0,0.0,0.0,0.0,0.0,0.0
2026-06-17T04:06:49,ERR,ERR,ERR,ERR,ERR,ERR,ERR,ERR,ERR,ERR,ERR,ERR,ERR,ERR,ERR,ERR,ERR,ERR,ERR,ERR,ERR,ERR,ERR,ERR,ERR,ERR,ERR,ERR,ERR,ERR,ERR,ERR,ERR,ERR,ERR,ERR,ERR,ERR,ERR,ERR,ERR,ERR,ERR,ERR,ERR,ERR,ERR,ERR,ERR,ERR,ERR,ERR,ERR,ERR,ERR,ERR,ERR,ERR,ERR,ERR,ERR,ERR,ERR,ERR,ERR,ERR,ERR,ERR,ERR,ERR,ERR,ERR,ERR,ERR,ERR,ERR,ERR,ERR,ERR,ERR,ERR,ERR,ERR,ERR,ERR,ERR,ERR,ERR,ERR,ERR,ERR,ERR,ERR,ERR,ERR,ERR,ERR,ERR,ERR,ERR,ERR,ERR,ERR,ERR,ERR,ERR,ERR,ERR,ERR,ERR,ERR,ERR,ERR,ERR,ERR,ERR,ERR,ERR,ERR,ERR,ERR,ERR,ERR,ERR,ERR,0.0,0.0,2.6474777903227054e+23,0.0,0.0,1.3936040501711995e+18,7.805,0.0,0,0,4,0,7300,-0.0,0,0.0,0.0,0.0,0.0,0.0,0,0,0,0,0.0,0,0,0,0,0,0,0,0,0,0,0,0,0,0,0,0,0,0,0,0,0,0,0,0,0,0,0,0,0,0,0,0,0,32,30,30,62,65476,0,300,0,0,8,21553,0.0,-107605600.0,0.0,0.0,0.0,0.0,0.0,0.0,0.0,0.0,0.0,0.0,0.0,0.0,0.0,0.0,0.0,0.0,0.0,0.0,0.0,0.0,2.004,-0.0,-0.0,2.004,0.0,0.0,0.0,0.0,5429.0,0.0,6949.0,0.0,0.0,-107615280.0,0.0,0.0,0.0,0.0,0.0,63,-0.0,-0.0,0.0,0.0,0.0,0.0,0.0,0.0,0.0,0,0,0,0.0,0.0,0.0,0.0,0.0,0.0,0.0,0.0,0.0,0.0,0.0,0.0,0.0,0.0,0.0,0.0,0,-107875648.0,63,0.0,126,2.7184242562605685e+23,-0.0,ERR,ERR,ERR,ERR,ERR,ERR,ERR,ERR,ERR,ERR,ERR,ERR,ERR,ERR,ERR,ERR,ERR,ERR,ERR,ERR,ERR,ERR,ERR,ERR,ERR,ERR,ERR,ERR,ERR,ERR,ERR,ERR,ERR,ERR,ERR,ERR,ERR,ERR,ERR,ERR,ERR,ERR,ERR,ERR,ERR,ERR,ERR,ERR,ERR,ERR,ERR,ERR,ERR,ERR,ERR,ERR,ERR,ERR,ERR,ERR,ERR,ERR,ERR,ERR,ERR,ERR,ERR,34.0,80.0,35,0.0,0.0,0.0,0.0,0.0,0.0,0.0,0.0,0.0,0.0,0.0,0.0,0.0,0.0,0.0,0.0,64.4,0,117,56,50,65476,0,300,0,0,8,20529,65476,0,0,57672,80.0,0.0,0.0,0.0,0.0,0.0
2026-06-17T04:06:50,ERR,ERR,ERR,ERR,ERR,ERR,ERR,ERR,ERR,ERR,ERR,ERR,ERR,ERR,ERR,ERR,ERR,ERR,ERR,ERR,ERR,ERR,ERR,ERR,ERR,ERR,ERR,ERR,ERR,ERR,ERR,ERR,ERR,ERR,ERR,ERR,ERR,ERR,ERR,ERR,ERR,ERR,ERR,ERR,ERR,ERR,ERR,ERR,ERR,ERR,ERR,ERR,ERR,ERR,ERR,ERR,ERR,ERR,ERR,ERR,ERR,ERR,ERR,ERR,ERR,ERR,ERR,ERR,ERR,ERR,ERR,ERR,ERR,ERR,ERR,ERR,ERR,ERR,ERR,ERR,ERR,ERR,ERR,ERR,ERR,ERR,ERR,ERR,ERR,ERR,ERR,ERR,ERR,ERR,ERR,ERR,ERR,ERR,ERR,ERR,ERR,ERR,ERR,ERR,ERR,ERR,ERR,ERR,ERR,ERR,ERR,ERR,ERR,ERR,ERR,ERR,ERR,ERR,ERR,ERR,ERR,ERR,ERR,ERR,ERR,0.0,0.0,2.6474777903227054e+23,0.0,0.0,1.3936040501711995e+18,7.805,0.0,0,0,4,0,7300,-0.0,0,0.0,0.0,0.0,0.0,0.0,0,0,0,0,0.0,0,0,0,0,0,0,0,0,0,0,0,0,0,0,0,0,0,0,0,0,0,0,0,0,0,0,0,0,0,0,0,0,0,32,30,30,62,65476,0,300,0,0,8,21553,0.0,-107605600.0,0.0,0.0,0.0,0.0,0.0,0.0,0.0,0.0,0.0,0.0,0.0,0.0,0.0,0.0,0.0,0.0,0.0,0.0,0.0,0.0,2.004,-0.0,-0.0,2.004,0.0,0.0,0.0,0.0,5429.0,0.0,6949.0,0.0,0.0,-107615280.0,0.0,0.0,0.0,0.0,0.0,63,-0.0,-0.0,0.0,0.0,0.0,0.0,0.0,0.0,0.0,0,0,0,0.0,0.0,0.0,0.0,0.0,0.0,0.0,0.0,0.0,0.0,0.0,0.0,0.0,0.0,0.0,0.0,0,-107875648.0,63,0.0,126,2.7184242562605685e+23,-0.0,ERR,ERR,ERR,ERR,ERR,ERR,ERR,ERR,ERR,ERR,ERR,ERR,ERR,ERR,ERR,ERR,ERR,ERR,ERR,ERR,ERR,ERR,ERR,ERR,ERR,ERR,ERR,ERR,ERR,ERR,ERR,ERR,ERR,ERR,ERR,ERR,ERR,ERR,ERR,ERR,ERR,ERR,ERR,ERR,ERR,ERR,ERR,ERR,ERR,ERR,ERR,ERR,ERR,ERR,ERR,ERR,ERR,ERR,ERR,ERR,ERR,ERR,ERR,ERR,ERR,ERR,ERR,34.0,80.0,35,0.0,0.0,0.0,0.0,0.0,0.0,0.0,0.0,0.0,0.0,0.0,0.0,0.0,0.0,0.0,0.0,64.4,0,117,56,50,65476,0,300,0,0,8,20529,65476,0,0,57672,80.0,0.0,0.0,0.0,0.0,0.0
2026-06-17T04:06:51,ERR,ERR,ERR,ERR,ERR,ERR,ERR,ERR,ERR,ERR,ERR,ERR,ERR,ERR,ERR,ERR,ERR,ERR,ERR,ERR,ERR,ERR,ERR,ERR,ERR,ERR,ERR,ERR,ERR,ERR,ERR,ERR,ERR,ERR,ERR,ERR,ERR,ERR,ERR,ERR,ERR,ERR,ERR,ERR,ERR,ERR,ERR,ERR,ERR,ERR,ERR,ERR,ERR,ERR,ERR,ERR,ERR,ERR,ERR,ERR,ERR,ERR,ERR,ERR,ERR,ERR,ERR,ERR,ERR,ERR,ERR,ERR,ERR,ERR,ERR,ERR,ERR,ERR,ERR,ERR,ERR,ERR,ERR,ERR,ERR,ERR,ERR,ERR,ERR,ERR,ERR,ERR,ERR,ERR,ERR,ERR,ERR,ERR,ERR,ERR,ERR,ERR,ERR,ERR,ERR,ERR,ERR,ERR,ERR,ERR,ERR,ERR,ERR,ERR,ERR,ERR,ERR,ERR,ERR,ERR,ERR,ERR,ERR,ERR,ERR,0.0,0.0,2.6474777903227054e+23,0.0,0.0,1.3936040501711995e+18,7.805,0.0,0,0,4,0,7300,-0.0,0,0.0,0.0,0.0,0.0,0.0,0,0,0,0,0.0,0,0,0,0,0,0,0,0,0,0,0,0,0,0,0,0,0,0,0,0,0,0,0,0,0,0,0,0,0,0,0,0,0,32,30,30,62,65476,0,300,0,0,8,21553,0.0,-107605600.0,0.0,0.0,0.0,0.0,0.0,0.0,0.0,0.0,0.0,0.0,0.0,0.0,0.0,0.0,0.0,0.0,0.0,0.0,0.0,0.0,2.004,-0.0,-0.0,2.004,0.0,0.0,0.0,0.0,5429.0,0.0,6949.0,0.0,0.0,-107615280.0,0.0,0.0,0.0,0.0,0.0,63,-0.0,-0.0,0.0,0.0,0.0,0.0,0.0,0.0,0.0,0,0,0,0.0,0.0,0.0,0.0,0.0,0.0,0.0,0.0,0.0,0.0,0.0,0.0,0.0,0.0,0.0,0.0,0,-107875648.0,63,0.0,126,2.7184242562605685e+23,-0.0,ERR,ERR,ERR,ERR,ERR,ERR,ERR,ERR,ERR,ERR,ERR,ERR,ERR,ERR,ERR,ERR,ERR,ERR,ERR,ERR,ERR,ERR,ERR,ERR,ERR,ERR,ERR,ERR,ERR,ERR,ERR,ERR,ERR,ERR,ERR,ERR,ERR,ERR,ERR,ERR,ERR,ERR,ERR,ERR,ERR,ERR,ERR,ERR,ERR,ERR,ERR,ERR,ERR,ERR,ERR,ERR,ERR,ERR,ERR,ERR,ERR,ERR,ERR,ERR,ERR,ERR,ERR,34.0,80.0,35,0.0,0.0,0.0,0.0,0.0,0.0,0.0,0.0,0.0,0.0,0.0,0.0,0.0,0.0,0.0,0.0,64.4,0,117,56,50,65476,0,300,0,0,8,20529,65476,0,0,57672,80.0,0.0,0.0,0.0,0.0,0.0
2026-06-17T04:06:52,ERR,ERR,ERR,ERR,ERR,ERR,ERR,ERR,ERR,ERR,ERR,ERR,ERR,ERR,ERR,ERR,ERR,ERR,ERR,ERR,ERR,ERR,ERR,ERR,ERR,ERR,ERR,ERR,ERR,ERR,ERR,ERR,ERR,ERR,ERR,ERR,ERR,ERR,ERR,ERR,ERR,ERR,ERR,ERR,ERR,ERR,ERR,ERR,ERR,ERR,ERR,ERR,ERR,ERR,ERR,ERR,ERR,ERR,ERR,ERR,ERR,ERR,ERR,ERR,ERR,ERR,ERR,ERR,ERR,ERR,ERR,ERR,ERR,ERR,ERR,ERR,ERR,ERR,ERR,ERR,ERR,ERR,ERR,ERR,ERR,ERR,ERR,ERR,ERR,ERR,ERR,ERR,ERR,ERR,ERR,ERR,ERR,ERR,ERR,ERR,ERR,ERR,ERR,ERR,ERR,ERR,ERR,ERR,ERR,ERR,ERR,ERR,ERR,ERR,ERR,ERR,ERR,ERR,ERR,ERR,ERR,ERR,ERR,ERR,ERR,0.0,0.0,2.6474777903227054e+23,0.0,0.0,1.3936040501711995e+18,7.805,0.0,0,0,4,0,7300,-0.0,0,0.0,0.0,0.0,0.0,0.0,0,0,0,0,0.0,0,0,0,0,0,0,0,0,0,0,0,0,0,0,0,0,0,0,0,0,0,0,0,0,0,0,0,0,0,0,0,0,0,32,30,30,62,65476,0,300,0,0,8,21553,0.0,-107605600.0,0.0,0.0,0.0,0.0,0.0,0.0,0.0,0.0,0.0,0.0,0.0,0.0,0.0,0.0,0.0,0.0,0.0,0.0,0.0,0.0,2.004,-0.0,-0.0,2.004,0.0,0.0,0.0,0.0,5429.0,0.0,6949.0,0.0,0.0,-107615280.0,0.0,0.0,0.0,0.0,0.0,63,-0.0,-0.0,0.0,0.0,0.0,0.0,0.0,0.0,0.0,0,0,0,0.0,0.0,0.0,0.0,0.0,0.0,0.0,0.0,0.0,0.0,0.0,0.0,0.0,0.0,0.0,0.0,0,-107875648.0,63,0.0,126,2.7184242562605685e+23,-0.0,ERR,ERR,ERR,ERR,ERR,ERR,ERR,ERR,ERR,ERR,ERR,ERR,ERR,ERR,ERR,ERR,ERR,ERR,ERR,ERR,ERR,ERR,ERR,ERR,ERR,ERR,ERR,ERR,ERR,ERR,ERR,ERR,ERR,ERR,ERR,ERR,ERR,ERR,ERR,ERR,ERR,ERR,ERR,ERR,ERR,ERR,ERR,ERR,ERR,ERR,ERR,ERR,ERR,ERR,ERR,ERR,ERR,ERR,ERR,ERR,ERR,ERR,ERR,ERR,ERR,ERR,ERR,34.0,80.0,35,0.0,0.0,0.0,0.0,0.0,0.0,0.0,0.0,0.0,0.0,0.0,0.0,0.0,0.0,0.0,0.0,64.4,0,117,56,50,65476,0,300,0,0,8,20529,65476,0,0,57672,80.0,0.0,0.0,0.0,0.0,0.0
2026-06-17T04:06:53,ERR,ERR,ERR,ERR,ERR,ERR,ERR,ERR,ERR,ERR,ERR,ERR,ERR,ERR,ERR,ERR,ERR,ERR,ERR,ERR,ERR,ERR,ERR,ERR,ERR,ERR,ERR,ERR,ERR,ERR,ERR,ERR,ERR,ERR,ERR,ERR,ERR,ERR,ERR,ERR,ERR,ERR,ERR,ERR,ERR,ERR,ERR,ERR,ERR,ERR,ERR,ERR,ERR,ERR,ERR,ERR,ERR,ERR,ERR,ERR,ERR,ERR,ERR,ERR,ERR,ERR,ERR,ERR,ERR,ERR,ERR,ERR,ERR,ERR,ERR,ERR,ERR,ERR,ERR,ERR,ERR,ERR,ERR,ERR,ERR,ERR,ERR,ERR,ERR,ERR,ERR,ERR,ERR,ERR,ERR,ERR,ERR,ERR,ERR,ERR,ERR,ERR,ERR,ERR,ERR,ERR,ERR,ERR,ERR,ERR,ERR,ERR,ERR,ERR,ERR,ERR,ERR,ERR,ERR,ERR,ERR,ERR,ERR,ERR,ERR,0.0,0.0,2.6474777903227054e+23,0.0,0.0,1.3936040501711995e+18,7.805,0.0,0,0,4,0,7300,-0.0,0,0.0,0.0,0.0,0.0,0.0,0,0,0,0,0.0,0,0,0,0,0,0,0,0,0,0,0,0,0,0,0,0,0,0,0,0,0,0,0,0,0,0,0,0,0,0,0,0,0,32,30,30,62,65476,0,300,0,0,8,21553,0.0,-107605600.0,0.0,0.0,0.0,0.0,0.0,0.0,0.0,0.0,0.0,0.0,0.0,0.0,0.0,0.0,0.0,0.0,0.0,0.0,0.0,0.0,2.004,-0.0,-0.0,2.004,0.0,0.0,0.0,0.0,5426.0,131350.641,6953.0,0.0,0.0,-107615280.0,0.0,0.0,0.0,0.0,0.0,63,-0.0,-0.0,0.0,0.0,0.0,0.0,0.0,0.0,0.0,0,0,0,0.0,0.0,0.0,0.0,0.0,0.0,0.0,0.0,0.0,0.0,0.0,0.0,0.0,0.0,0.0,0.0,0,-107875648.0,63,0.0,126,2.7184242562605685e+23,-0.0,ERR,ERR,ERR,ERR,ERR,ERR,ERR,ERR,ERR,ERR,ERR,ERR,ERR,ERR,ERR,ERR,ERR,ERR,ERR,ERR,ERR,ERR,ERR,ERR,ERR,ERR,ERR,ERR,ERR,ERR,ERR,ERR,ERR,ERR,ERR,ERR,ERR,ERR,ERR,ERR,ERR,ERR,ERR,ERR,ERR,ERR,ERR,ERR,ERR,ERR,ERR,ERR,ERR,ERR,ERR,ERR,ERR,ERR,ERR,ERR,ERR,ERR,ERR,ERR,ERR,ERR,ERR,34.0,80.0,35,0.0,0.0,0.0,0.0,0.0,0.0,0.0,0.0,0.0,0.0,0.0,0.0,0.0,0.0,0.0,0.0,64.4,0,117,56,50,65476,0,300,0,0,8,20529,65476,0,0,57672,80.0,0.0,0.0,0.0,0.0,0.0
2026-06-17T04:06:54,ERR,ERR,ERR,ERR,ERR,ERR,ERR,ERR,ERR,ERR,ERR,ERR,ERR,ERR,ERR,ERR,ERR,ERR,ERR,ERR,ERR,ERR,ERR,ERR,ERR,ERR,ERR,ERR,ERR,ERR,ERR,ERR,ERR,ERR,ERR,ERR,ERR,ERR,ERR,ERR,ERR,ERR,ERR,ERR,ERR,ERR,ERR,ERR,ERR,ERR,ERR,ERR,ERR,ERR,ERR,ERR,ERR,ERR,ERR,ERR,ERR,ERR,ERR,ERR,ERR,ERR,ERR,ERR,ERR,ERR,ERR,ERR,ERR,ERR,ERR,ERR,ERR,ERR,ERR,ERR,ERR,ERR,ERR,ERR,ERR,ERR,ERR,ERR,ERR,ERR,ERR,ERR,ERR,ERR,ERR,ERR,ERR,ERR,ERR,ERR,ERR,ERR,ERR,ERR,ERR,ERR,ERR,ERR,ERR,ERR,ERR,ERR,ERR,ERR,ERR,ERR,ERR,ERR,ERR,ERR,ERR,ERR,ERR,ERR,ERR,0.0,0.0,2.6474777903227054e+23,0.0,0.0,1.3936040501711995e+18,7.805,0.0,0,0,4,0,7300,-0.0,0,0.0,0.0,0.0,0.0,0.0,0,0,0,0,0.0,0,0,0,0,0,0,0,0,0,0,0,0,0,0,0,0,0,0,0,0,0,0,0,0,0,0,0,0,0,0,0,0,0,32,30,30,62,65476,0,300,0,0,8,21553,0.0,-107605600.0,0.0,0.0,0.0,0.0,0.0,0.0,0.0,0.0,0.0,0.0,0.0,0.0,0.0,0.0,0.0,0.0,0.0,0.0,0.0,0.0,2.004,-0.0,-0.0,2.004,0.0,0.0,0.0,0.0,5426.0,131350.641,6953.0,0.0,0.0,-107615280.0,0.0,0.0,0.0,0.0,0.0,63,-0.0,-0.0,0.0,0.0,0.0,0.0,0.0,0.0,0.0,0,0,0,0.0,0.0,0.0,0.0,0.0,0.0,0.0,0.0,0.0,0.0,0.0,0.0,0.0,0.0,0.0,0.0,0,-107875648.0,63,0.0,126,2.7184242562605685e+23,-0.0,ERR,ERR,ERR,ERR,ERR,ERR,ERR,ERR,ERR,ERR,ERR,ERR,ERR,ERR,ERR,ERR,ERR,ERR,ERR,ERR,ERR,ERR,ERR,ERR,ERR,ERR,ERR,ERR,ERR,ERR,ERR,ERR,ERR,ERR,ERR,ERR,ERR,ERR,ERR,ERR,ERR,ERR,ERR,ERR,ERR,ERR,ERR,ERR,ERR,ERR,ERR,ERR,ERR,ERR,ERR,ERR,ERR,ERR,ERR,ERR,ERR,ERR,ERR,ERR,ERR,ERR,ERR,34.0,80.0,35,0.0,0.0,0.0,0.0,0.0,0.0,0.0,0.0,0.0,0.0,0.0,0.0,0.0,0.0,0.0,0.0,64.4,0,117,56,50,65476,0,300,0,0,8,20529,65476,0,0,57672,80.0,0.0,0.0,0.0,0.0,0.0
2026-06-17T04:06:55,ERR,ERR,ERR,ERR,ERR,ERR,ERR,ERR,ERR,ERR,ERR,ERR,ERR,ERR,ERR,ERR,ERR,ERR,ERR,ERR,ERR,ERR,ERR,ERR,ERR,ERR,ERR,ERR,ERR,ERR,ERR,ERR,ERR,ERR,ERR,ERR,ERR,ERR,ERR,ERR,ERR,ERR,ERR,ERR,ERR,ERR,ERR,ERR,ERR,ERR,ERR,ERR,ERR,ERR,ERR,ERR,ERR,ERR,ERR,ERR,ERR,ERR,ERR,ERR,ERR,ERR,ERR,ERR,ERR,ERR,ERR,ERR,ERR,ERR,ERR,ERR,ERR,ERR,ERR,ERR,ERR,ERR,ERR,ERR,ERR,ERR,ERR,ERR,ERR,ERR,ERR,ERR,ERR,ERR,ERR,ERR,ERR,ERR,ERR,ERR,ERR,ERR,ERR,ERR,ERR,ERR,ERR,ERR,ERR,ERR,ERR,ERR,ERR,ERR,ERR,ERR,ERR,ERR,ERR,ERR,ERR,ERR,ERR,ERR,ERR,0.0,0.0,2.6474777903227054e+23,0.0,0.0,1.3936040501711995e+18,7.805,0.0,0,0,4,0,7300,-0.0,0,0.0,0.0,0.0,0.0,0.0,0,0,0,0,0.0,0,0,0,0,0,0,0,0,0,0,0,0,0,0,0,0,0,0,0,0,0,0,0,0,0,0,0,0,0,0,0,0,0,32,30,30,62,65476,0,300,0,0,8,21553,0.0,-107605600.0,0.0,0.0,0.0,0.0,0.0,0.0,0.0,0.0,0.0,0.0,0.0,0.0,0.0,0.0,0.0,0.0,0.0,0.0,0.0,0.0,2.004,-0.0,-0.0,2.004,0.0,0.0,0.0,0.0,5426.0,131350.641,6953.0,0.0,0.0,-107615280.0,0.0,0.0,0.0,0.0,0.0,63,-0.0,-0.0,0.0,0.0,0.0,0.0,0.0,0.0,0.0,0,0,0,0.0,0.0,0.0,0.0,0.0,0.0,0.0,0.0,0.0,0.0,0.0,0.0,0.0,0.0,0.0,0.0,0,-107875648.0,63,0.0,126,2.7184242562605685e+23,-0.0,ERR,ERR,ERR,ERR,ERR,ERR,ERR,ERR,ERR,ERR,ERR,ERR,ERR,ERR,ERR,ERR,ERR,ERR,ERR,ERR,ERR,ERR,ERR,ERR,ERR,ERR,ERR,ERR,ERR,ERR,ERR,ERR,ERR,ERR,ERR,ERR,ERR,ERR,ERR,ERR,ERR,ERR,ERR,ERR,ERR,ERR,ERR,ERR,ERR,ERR,ERR,ERR,ERR,ERR,ERR,ERR,ERR,ERR,ERR,ERR,ERR,ERR,ERR,ERR,ERR,ERR,ERR,34.0,80.0,35,0.0,0.0,0.0,0.0,0.0,0.0,0.0,0.0,0.0,0.0,0.0,0.0,0.0,0.0,0.0,0.0,64.4,0,117,56,50,65476,0,300,0,0,8,20529,65476,0,0,57672,80.0,0.0,0.0,0.0,0.0,0.0
2026-06-17T04:06:56,ERR,ERR,ERR,ERR,ERR,ERR,ERR,ERR,ERR,ERR,ERR,ERR,ERR,ERR,ERR,ERR,ERR,ERR,ERR,ERR,ERR,ERR,ERR,ERR,ERR,ERR,ERR,ERR,ERR,ERR,ERR,ERR,ERR,ERR,ERR,ERR,ERR,ERR,ERR,ERR,ERR,ERR,ERR,ERR,ERR,ERR,ERR,ERR,ERR,ERR,ERR,ERR,ERR,ERR,ERR,ERR,ERR,ERR,ERR,ERR,ERR,ERR,ERR,ERR,ERR,ERR,ERR,ERR,ERR,ERR,ERR,ERR,ERR,ERR,ERR,ERR,ERR,ERR,ERR,ERR,ERR,ERR,ERR,ERR,ERR,ERR,ERR,ERR,ERR,ERR,ERR,ERR,ERR,ERR,ERR,ERR,ERR,ERR,ERR,ERR,ERR,ERR,ERR,ERR,ERR,ERR,ERR,ERR,ERR,ERR,ERR,ERR,ERR,ERR,ERR,ERR,ERR,ERR,ERR,ERR,ERR,ERR,ERR,ERR,ERR,0.0,0.0,2.6474777903227054e+23,0.0,0.0,1.3936040501711995e+18,7.805,0.0,0,0,4,0,7300,-0.0,0,0.0,0.0,0.0,0.0,0.0,0,0,0,0,0.0,0,0,0,0,0,0,0,0,0,0,0,0,0,0,0,0,0,0,0,0,0,0,0,0,0,0,0,0,0,0,0,0,0,32,30,30,62,65476,0,300,0,0,8,21553,0.0,-107605600.0,0.0,0.0,0.0,0.0,0.0,0.0,0.0,0.0,0.0,0.0,0.0,0.0,0.0,0.0,0.0,0.0,0.0,0.0,0.0,0.0,2.004,-0.0,-0.0,2.004,0.0,0.0,0.0,0.0,5426.0,131350.641,6953.0,0.0,0.0,-107615280.0,0.0,0.0,0.0,0.0,0.0,63,-0.0,-0.0,0.0,0.0,0.0,0.0,0.0,0.0,0.0,0,0,0,0.0,0.0,0.0,0.0,0.0,0.0,0.0,0.0,0.0,0.0,0.0,0.0,0.0,0.0,0.0,0.0,0,-107875648.0,63,0.0,126,2.7184242562605685e+23,-0.0,ERR,ERR,ERR,ERR,ERR,ERR,ERR,ERR,ERR,ERR,ERR,ERR,ERR,ERR,ERR,ERR,ERR,ERR,ERR,ERR,ERR,ERR,ERR,ERR,ERR,ERR,ERR,ERR,ERR,ERR,ERR,ERR,ERR,ERR,ERR,ERR,ERR,ERR,ERR,ERR,ERR,ERR,ERR,ERR,ERR,ERR,ERR,ERR,ERR,ERR,ERR,ERR,ERR,ERR,ERR,ERR,ERR,ERR,ERR,ERR,ERR,ERR,ERR,ERR,ERR,ERR,ERR,34.0,80.0,35,0.0,0.0,0.0,0.0,0.0,0.0,0.0,0.0,0.0,0.0,0.0,0.0,0.0,0.0,0.0,0.0,64.4,0,117,56,50,65476,0,300,0,0,8,20529,65476,0,0,57672,80.0,0.0,0.0,0.0,0.0,0.0
2026-06-17T04:06:57,ERR,ERR,ERR,ERR,ERR,ERR,ERR,ERR,ERR,ERR,ERR,ERR,ERR,ERR,ERR,ERR,ERR,ERR,ERR,ERR,ERR,ERR,ERR,ERR,ERR,ERR,ERR,ERR,ERR,ERR,ERR,ERR,ERR,ERR,ERR,ERR,ERR,ERR,ERR,ERR,ERR,ERR,ERR,ERR,ERR,ERR,ERR,ERR,ERR,ERR,ERR,ERR,ERR,ERR,ERR,ERR,ERR,ERR,ERR,ERR,ERR,ERR,ERR,ERR,ERR,ERR,ERR,ERR,ERR,ERR,ERR,ERR,ERR,ERR,ERR,ERR,ERR,ERR,ERR,ERR,ERR,ERR,ERR,ERR,ERR,ERR,ERR,ERR,ERR,ERR,ERR,ERR,ERR,ERR,ERR,ERR,ERR,ERR,ERR,ERR,ERR,ERR,ERR,ERR,ERR,ERR,ERR,ERR,ERR,ERR,ERR,ERR,ERR,ERR,ERR,ERR,ERR,ERR,ERR,ERR,ERR,ERR,ERR,ERR,ERR,0.0,0.0,2.6474777903227054e+23,0.0,0.0,1.3936040501711995e+18,7.805,0.0,0,0,4,0,7300,-0.0,0,0.0,0.0,0.0,0.0,0.0,0,0,0,0,0.0,0,0,0,0,0,0,0,0,0,0,0,0,0,0,0,0,0,0,0,0,0,0,0,0,0,0,0,0,0,0,0,0,0,32,30,30,62,65476,0,300,0,0,8,21553,0.0,-107605600.0,0.0,0.0,0.0,0.0,0.0,0.0,0.0,0.0,0.0,0.0,0.0,0.0,0.0,0.0,0.0,0.0,0.0,0.0,0.0,0.0,2.004,-0.0,-0.0,2.004,0.0,0.0,0.0,0.0,5426.0,131350.641,6953.0,0.0,0.0,-107615280.0,0.0,0.0,0.0,0.0,0.0,63,-0.0,-0.0,0.0,0.0,0.0,0.0,0.0,0.0,0.0,0,0,0,0.0,0.0,0.0,0.0,0.0,0.0,0.0,0.0,0.0,0.0,0.0,0.0,0.0,0.0,0.0,0.0,0,-107875648.0,63,0.0,126,2.7184242562605685e+23,-0.0,ERR,ERR,ERR,ERR,ERR,ERR,ERR,ERR,ERR,ERR,ERR,ERR,ERR,ERR,ERR,ERR,ERR,ERR,ERR,ERR,ERR,ERR,ERR,ERR,ERR,ERR,ERR,ERR,ERR,ERR,ERR,ERR,ERR,ERR,ERR,ERR,ERR,ERR,ERR,ERR,ERR,ERR,ERR,ERR,ERR,ERR,ERR,ERR,ERR,ERR,ERR,ERR,ERR,ERR,ERR,ERR,ERR,ERR,ERR,ERR,ERR,ERR,ERR,ERR,ERR,ERR,ERR,34.0,80.0,35,0.0,0.0,0.0,0.0,0.0,0.0,0.0,0.0,0.0,0.0,0.0,0.0,0.0,0.0,0.0,0.0,64.4,0,117,56,50,65476,0,300,0,0,8,20529,65476,0,0,57672,80.0,0.0,0.0,0.0,0.0,0.0
2026-06-17T04:06:58,ERR,ERR,ERR,ERR,ERR,ERR,ERR,ERR,ERR,ERR,ERR,ERR,ERR,ERR,ERR,ERR,ERR,ERR,ERR,ERR,ERR,ERR,ERR,ERR,ERR,ERR,ERR,ERR,ERR,ERR,ERR,ERR,ERR,ERR,ERR,ERR,ERR,ERR,ERR,ERR,ERR,ERR,ERR,ERR,ERR,ERR,ERR,ERR,ERR,ERR,ERR,ERR,ERR,ERR,ERR,ERR,ERR,ERR,ERR,ERR,ERR,ERR,ERR,ERR,ERR,ERR,ERR,ERR,ERR,ERR,ERR,ERR,ERR,ERR,ERR,ERR,ERR,ERR,ERR,ERR,ERR,ERR,ERR,ERR,ERR,ERR,ERR,ERR,ERR,ERR,ERR,ERR,ERR,ERR,ERR,ERR,ERR,ERR,ERR,ERR,ERR,ERR,ERR,ERR,ERR,ERR,ERR,ERR,ERR,ERR,ERR,ERR,ERR,ERR,ERR,ERR,ERR,ERR,ERR,ERR,ERR,ERR,ERR,ERR,ERR,0.0,0.0,2.6474777903227054e+23,0.0,0.0,1.3936040501711995e+18,7.805,0.0,0,0,4,0,7300,-0.0,0,0.0,0.0,0.0,0.0,0.0,0,0,0,0,0.0,0,0,0,0,0,0,0,0,0,0,0,0,0,0,0,0,0,0,0,0,0,0,0,0,0,0,0,0,0,0,0,0,0,32,30,30,62,65476,0,300,0,0,8,21553,0.0,-107605600.0,0.0,0.0,0.0,0.0,0.0,0.0,0.0,0.0,0.0,0.0,0.0,0.0,0.0,0.0,0.0,0.0,0.0,0.0,0.0,0.0,2.004,-0.0,-0.0,2.004,0.0,0.0,0.0,0.0,5426.0,131350.641,6953.0,0.0,0.0,-107615280.0,0.0,0.0,0.0,0.0,0.0,63,-0.0,-0.0,0.0,0.0,0.0,0.0,0.0,0.0,0.0,0,0,0,0.0,0.0,0.0,0.0,0.0,0.0,0.0,0.0,0.0,0.0,0.0,0.0,0.0,0.0,0.0,0.0,0,-107875648.0,63,0.0,126,2.7184242562605685e+23,-0.0,ERR,ERR,ERR,ERR,ERR,ERR,ERR,ERR,ERR,ERR,ERR,ERR,ERR,ERR,ERR,ERR,ERR,ERR,ERR,ERR,ERR,ERR,ERR,ERR,ERR,ERR,ERR,ERR,ERR,ERR,ERR,ERR,ERR,ERR,ERR,ERR,ERR,ERR,ERR,ERR,ERR,ERR,ERR,ERR,ERR,ERR,ERR,ERR,ERR,ERR,ERR,ERR,ERR,ERR,ERR,ERR,ERR,ERR,ERR,ERR,ERR,ERR,ERR,ERR,ERR,ERR,ERR,34.0,80.0,35,0.0,0.0,0.0,0.0,0.0,0.0,0.0,0.0,0.0,0.0,0.0,0.0,0.0,0.0,0.0,0.0,64.4,0,117,56,50,65476,0,300,0,0,8,20529,65476,0,0,57672,80.0,0.0,0.0,0.0,0.0,0.0
2026-06-17T04:06:59,ERR,ERR,ERR,ERR,ERR,ERR,ERR,ERR,ERR,ERR,ERR,ERR,ERR,ERR,ERR,ERR,ERR,ERR,ERR,ERR,ERR,ERR,ERR,ERR,ERR,ERR,ERR,ERR,ERR,ERR,ERR,ERR,ERR,ERR,ERR,ERR,ERR,ERR,ERR,ERR,ERR,ERR,ERR,ERR,ERR,ERR,ERR,ERR,ERR,ERR,ERR,ERR,ERR,ERR,ERR,ERR,ERR,ERR,ERR,ERR,ERR,ERR,ERR,ERR,ERR,ERR,ERR,ERR,ERR,ERR,ERR,ERR,ERR,ERR,ERR,ERR,ERR,ERR,ERR,ERR,ERR,ERR,ERR,ERR,ERR,ERR,ERR,ERR,ERR,ERR,ERR,ERR,ERR,ERR,ERR,ERR,ERR,ERR,ERR,ERR,ERR,ERR,ERR,ERR,ERR,ERR,ERR,ERR,ERR,ERR,ERR,ERR,ERR,ERR,ERR,ERR,ERR,ERR,ERR,ERR,ERR,ERR,ERR,ERR,ERR,0.0,0.0,2.6474777903227054e+23,0.0,0.0,1.3936040501711995e+18,7.805,0.0,0,0,4,0,7300,-0.0,0,0.0,0.0,0.0,0.0,0.0,0,0,0,0,0.0,0,0,0,0,0,0,0,0,0,0,0,0,0,0,0,0,0,0,0,0,0,0,0,0,0,0,0,0,0,0,0,0,0,32,30,30,62,65476,0,300,0,0,8,21553,0.0,-107605600.0,0.0,0.0,0.0,0.0,0.0,0.0,0.0,0.0,0.0,0.0,0.0,0.0,0.0,0.0,0.0,0.0,0.0,0.0,0.0,0.0,2.004,-0.0,-0.0,2.004,0.0,0.0,0.0,0.0,5432.0,-0.0,6962.0,0.0,0.0,-107615280.0,0.0,0.0,0.0,0.0,0.0,63,-0.0,0.0,0.0,0.0,0.0,0.0,0.0,0.0,0.0,0,0,0,0.0,0.0,0.0,0.0,0.0,0.0,0.0,0.0,0.0,0.0,0.0,0.0,0.0,0.0,0.0,0.0,0,-107875648.0,63,0.0,126,2.7184242562605685e+23,-0.0,ERR,ERR,ERR,ERR,ERR,ERR,ERR,ERR,ERR,ERR,ERR,ERR,ERR,ERR,ERR,ERR,ERR,ERR,ERR,ERR,ERR,ERR,ERR,ERR,ERR,ERR,ERR,ERR,ERR,ERR,ERR,ERR,ERR,ERR,ERR,ERR,ERR,ERR,ERR,ERR,ERR,ERR,ERR,ERR,ERR,ERR,ERR,ERR,ERR,ERR,ERR,ERR,ERR,ERR,ERR,ERR,ERR,ERR,ERR,ERR,ERR,ERR,ERR,ERR,ERR,ERR,ERR,34.0,80.0,35,0.0,0.0,0.0,0.0,0.0,0.0,0.0,0.0,0.0,0.0,0.0,0.0,0.0,0.0,0.0,0.0,64.8,0,117,56,50,65476,0,300,0,0,8,20529,65476,0,0,57672,80.0,0.0,0.0,0.0,0.0,0.0
2026-06-17T04:07:00,ERR,ERR,ERR,ERR,ERR,ERR,ERR,ERR,ERR,ERR,ERR,ERR,ERR,ERR,ERR,ERR,ERR,ERR,ERR,ERR,ERR,ERR,ERR,ERR,ERR,ERR,ERR,ERR,ERR,ERR,ERR,ERR,ERR,ERR,ERR,ERR,ERR,ERR,ERR,ERR,ERR,ERR,ERR,ERR,ERR,ERR,ERR,ERR,ERR,ERR,ERR,ERR,ERR,ERR,ERR,ERR,ERR,ERR,ERR,ERR,ERR,ERR,ERR,ERR,ERR,ERR,ERR,ERR,ERR,ERR,ERR,ERR,ERR,ERR,ERR,ERR,ERR,ERR,ERR,ERR,ERR,ERR,ERR,ERR,ERR,ERR,ERR,ERR,ERR,ERR,ERR,ERR,ERR,ERR,ERR,ERR,ERR,ERR,ERR,ERR,ERR,ERR,ERR,ERR,ERR,ERR,ERR,ERR,ERR,ERR,ERR,ERR,ERR,ERR,ERR,ERR,ERR,ERR,ERR,ERR,ERR,ERR,ERR,ERR,ERR,0.0,0.0,2.6474777903227054e+23,0.0,0.0,1.3936040501711995e+18,7.805,0.0,0,0,4,0,7300,-0.0,0,0.0,0.0,0.0,0.0,0.0,0,0,0,0,0.0,0,0,0,0,0,0,0,0,0,0,0,0,0,0,0,0,0,0,0,0,0,0,0,0,0,0,0,0,0,0,0,0,0,32,30,30,62,65476,0,300,0,0,8,21553,0.0,-107605600.0,0.0,0.0,0.0,0.0,0.0,0.0,0.0,0.0,0.0,0.0,0.0,0.0,0.0,0.0,0.0,0.0,0.0,0.0,0.0,0.0,2.004,-0.0,-0.0,2.004,0.0,0.0,0.0,0.0,5432.0,-0.0,6962.0,0.0,0.0,-107615280.0,0.0,0.0,0.0,0.0,0.0,63,-0.0,0.0,0.0,0.0,0.0,0.0,0.0,0.0,0.0,0,0,0,0.0,0.0,0.0,0.0,0.0,0.0,0.0,0.0,0.0,0.0,0.0,0.0,0.0,0.0,0.0,0.0,0,-107875648.0,63,0.0,126,2.7184242562605685e+23,-0.0,ERR,ERR,ERR,ERR,ERR,ERR,ERR,ERR,ERR,ERR,ERR,ERR,ERR,ERR,ERR,ERR,ERR,ERR,ERR,ERR,ERR,ERR,ERR,ERR,ERR,ERR,ERR,ERR,ERR,ERR,ERR,ERR,ERR,ERR,ERR,ERR,ERR,ERR,ERR,ERR,ERR,ERR,ERR,ERR,ERR,ERR,ERR,ERR,ERR,ERR,ERR,ERR,ERR,ERR,ERR,ERR,ERR,ERR,ERR,ERR,ERR,ERR,ERR,ERR,ERR,ERR,ERR,34.0,80.0,35,0.0,0.0,0.0,0.0,0.0,0.0,0.0,0.0,0.0,0.0,0.0,0.0,0.0,0.0,0.0,0.0,64.8,0,117,56,50,65476,0,300,0,0,8,20529,65476,0,0,57672,80.0,0.0,0.0,0.0,0.0,0.0
2026-06-17T04:07:01,ERR,ERR,ERR,ERR,ERR,ERR,ERR,ERR,ERR,ERR,ERR,ERR,ERR,ERR,ERR,ERR,ERR,ERR,ERR,ERR,ERR,ERR,ERR,ERR,ERR,ERR,ERR,ERR,ERR,ERR,ERR,ERR,ERR,ERR,ERR,ERR,ERR,ERR,ERR,ERR,ERR,ERR,ERR,ERR,ERR,ERR,ERR,ERR,ERR,ERR,ERR,ERR,ERR,ERR,ERR,ERR,ERR,ERR,ERR,ERR,ERR,ERR,ERR,ERR,ERR,ERR,ERR,ERR,ERR,ERR,ERR,ERR,ERR,ERR,ERR,ERR,ERR,ERR,ERR,ERR,ERR,ERR,ERR,ERR,ERR,ERR,ERR,ERR,ERR,ERR,ERR,ERR,ERR,ERR,ERR,ERR,ERR,ERR,ERR,ERR,ERR,ERR,ERR,ERR,ERR,ERR,ERR,ERR,ERR,ERR,ERR,ERR,ERR,ERR,ERR,ERR,ERR,ERR,ERR,ERR,ERR,ERR,ERR,ERR,ERR,0.0,0.0,2.6474777903227054e+23,0.0,0.0,1.3936040501711995e+18,7.805,0.0,0,0,4,0,7300,-0.0,0,0.0,0.0,0.0,0.0,0.0,0,0,0,0,0.0,0,0,0,0,0,0,0,0,0,0,0,0,0,0,0,0,0,0,0,0,0,0,0,0,0,0,0,0,0,0,0,0,0,32,30,30,62,65476,0,300,0,0,8,21553,0.0,-107605600.0,0.0,0.0,0.0,0.0,0.0,0.0,0.0,0.0,0.0,0.0,0.0,0.0,0.0,0.0,0.0,0.0,0.0,0.0,0.0,0.0,2.004,-0.0,-0.0,2.004,0.0,0.0,0.0,0.0,5432.0,-0.0,6962.0,0.0,0.0,-107615280.0,0.0,0.0,0.0,0.0,0.0,63,-0.0,0.0,0.0,0.0,0.0,0.0,0.0,0.0,0.0,0,0,0,0.0,0.0,0.0,0.0,0.0,0.0,0.0,0.0,0.0,0.0,0.0,0.0,0.0,0.0,0.0,0.0,0,-107875648.0,63,0.0,126,2.7184242562605685e+23,-0.0,ERR,ERR,ERR,ERR,ERR,ERR,ERR,ERR,ERR,ERR,ERR,ERR,ERR,ERR,ERR,ERR,ERR,ERR,ERR,ERR,ERR,ERR,ERR,ERR,ERR,ERR,ERR,ERR,ERR,ERR,ERR,ERR,ERR,ERR,ERR,ERR,ERR,ERR,ERR,ERR,ERR,ERR,ERR,ERR,ERR,ERR,ERR,ERR,ERR,ERR,ERR,ERR,ERR,ERR,ERR,ERR,ERR,ERR,ERR,ERR,ERR,ERR,ERR,ERR,ERR,ERR,ERR,34.0,80.0,35,0.0,0.0,0.0,0.0,0.0,0.0,0.0,0.0,0.0,0.0,0.0,0.0,0.0,0.0,0.0,0.0,64.8,0,117,56,50,65476,0,300,0,0,8,20529,65476,0,0,57672,80.0,0.0,0.0,0.0,0.0,0.0
2026-06-17T04:07:02,ERR,ERR,ERR,ERR,ERR,ERR,ERR,ERR,ERR,ERR,ERR,ERR,ERR,ERR,ERR,ERR,ERR,ERR,ERR,ERR,ERR,ERR,ERR,ERR,ERR,ERR,ERR,ERR,ERR,ERR,ERR,ERR,ERR,ERR,ERR,ERR,ERR,ERR,ERR,ERR,ERR,ERR,ERR,ERR,ERR,ERR,ERR,ERR,ERR,ERR,ERR,ERR,ERR,ERR,ERR,ERR,ERR,ERR,ERR,ERR,ERR,ERR,ERR,ERR,ERR,ERR,ERR,ERR,ERR,ERR,ERR,ERR,ERR,ERR,ERR,ERR,ERR,ERR,ERR,ERR,ERR,ERR,ERR,ERR,ERR,ERR,ERR,ERR,ERR,ERR,ERR,ERR,ERR,ERR,ERR,ERR,ERR,ERR,ERR,ERR,ERR,ERR,ERR,ERR,ERR,ERR,ERR,ERR,ERR,ERR,ERR,ERR,ERR,ERR,ERR,ERR,ERR,ERR,ERR,ERR,ERR,ERR,ERR,ERR,ERR,0.0,0.0,2.6474777903227054e+23,0.0,0.0,1.3936040501711995e+18,7.805,0.0,0,0,4,0,7300,-0.0,0,0.0,0.0,0.0,0.0,0.0,0,0,0,0,0.0,0,0,0,0,0,0,0,0,0,0,0,0,0,0,0,0,0,0,0,0,0,0,0,0,0,0,0,0,0,0,0,0,0,32,30,30,62,65476,0,300,0,0,8,21553,0.0,-107605600.0,0.0,0.0,0.0,0.0,0.0,0.0,0.0,0.0,0.0,0.0,0.0,0.0,0.0,0.0,0.0,0.0,0.0,0.0,0.0,0.0,2.004,-0.0,-0.0,2.004,0.0,0.0,0.0,0.0,5432.0,-0.0,6962.0,0.0,0.0,-107615280.0,0.0,0.0,0.0,0.0,0.0,63,-0.0,0.0,0.0,0.0,0.0,0.0,0.0,0.0,0.0,0,0,0,0.0,0.0,0.0,0.0,0.0,0.0,0.0,0.0,0.0,0.0,0.0,0.0,0.0,0.0,0.0,0.0,0,-107875648.0,63,0.0,126,2.7184242562605685e+23,-0.0,ERR,ERR,ERR,ERR,ERR,ERR,ERR,ERR,ERR,ERR,ERR,ERR,ERR,ERR,ERR,ERR,ERR,ERR,ERR,ERR,ERR,ERR,ERR,ERR,ERR,ERR,ERR,ERR,ERR,ERR,ERR,ERR,ERR,ERR,ERR,ERR,ERR,ERR,ERR,ERR,ERR,ERR,ERR,ERR,ERR,ERR,ERR,ERR,ERR,ERR,ERR,ERR,ERR,ERR,ERR,ERR,ERR,ERR,ERR,ERR,ERR,ERR,ERR,ERR,ERR,ERR,ERR,34.0,80.0,35,0.0,0.0,0.0,0.0,0.0,0.0,0.0,0.0,0.0,0.0,0.0,0.0,0.0,0.0,0.0,0.0,64.4,0,117,56,50,65476,0,300,0,0,8,20529,65476,0,0,57672,80.0,0.0,0.0,0.0,0.0,0.0
2026-06-17T04:07:03,ERR,ERR,ERR,ERR,ERR,ERR,ERR,ERR,ERR,ERR,ERR,ERR,ERR,ERR,ERR,ERR,ERR,ERR,ERR,ERR,ERR,ERR,ERR,ERR,ERR,ERR,ERR,ERR,ERR,ERR,ERR,ERR,ERR,ERR,ERR,ERR,ERR,ERR,ERR,ERR,ERR,ERR,ERR,ERR,ERR,ERR,ERR,ERR,ERR,ERR,ERR,ERR,ERR,ERR,ERR,ERR,ERR,ERR,ERR,ERR,ERR,ERR,ERR,ERR,ERR,ERR,ERR,ERR,ERR,ERR,ERR,ERR,ERR,ERR,ERR,ERR,ERR,ERR,ERR,ERR,ERR,ERR,ERR,ERR,ERR,ERR,ERR,ERR,ERR,ERR,ERR,ERR,ERR,ERR,ERR,ERR,ERR,ERR,ERR,ERR,ERR,ERR,ERR,ERR,ERR,ERR,ERR,ERR,ERR,ERR,ERR,ERR,ERR,ERR,ERR,ERR,ERR,ERR,ERR,ERR,ERR,ERR,ERR,ERR,ERR,0.0,0.0,2.6474777903227054e+23,0.0,0.0,1.3936040501711995e+18,7.805,0.0,0,0,4,0,7300,-0.0,0,0.0,0.0,0.0,0.0,0.0,0,0,0,0,0.0,0,0,0,0,0,0,0,0,0,0,0,0,0,0,0,0,0,0,0,0,0,0,0,0,0,0,0,0,0,0,0,0,0,32,30,30,62,65476,0,300,0,0,8,21553,0.0,-107605600.0,0.0,0.0,0.0,0.0,0.0,0.0,0.0,0.0,0.0,0.0,0.0,0.0,0.0,0.0,0.0,0.0,0.0,0.0,0.0,0.0,2.004,-0.0,-0.0,2.004,0.0,0.0,0.0,0.0,5432.0,-0.0,6962.0,0.0,0.0,-107615280.0,0.0,0.0,0.0,0.0,0.0,63,-0.0,0.0,0.0,0.0,0.0,0.0,0.0,0.0,0.0,0,0,0,0.0,0.0,0.0,0.0,0.0,0.0,0.0,0.0,0.0,0.0,0.0,0.0,0.0,0.0,0.0,0.0,0,-107875648.0,63,0.0,126,2.7184242562605685e+23,-0.0,ERR,ERR,ERR,ERR,ERR,ERR,ERR,ERR,ERR,ERR,ERR,ERR,ERR,ERR,ERR,ERR,ERR,ERR,ERR,ERR,ERR,ERR,ERR,ERR,ERR,ERR,ERR,ERR,ERR,ERR,ERR,ERR,ERR,ERR,ERR,ERR,ERR,ERR,ERR,ERR,ERR,ERR,ERR,ERR,ERR,ERR,ERR,ERR,ERR,ERR,ERR,ERR,ERR,ERR,ERR,ERR,ERR,ERR,ERR,ERR,ERR,ERR,ERR,ERR,ERR,ERR,ERR,34.0,80.0,35,0.0,0.0,0.0,0.0,0.0,0.0,0.0,0.0,0.0,0.0,0.0,0.0,0.0,0.0,0.0,0.0,64.4,0,117,56,50,65476,0,300,0,0,8,20529,65476,0,0,57672,80.0,0.0,0.0,0.0,0.0,0.0
2026-06-17T04:07:04,ERR,ERR,ERR,ERR,ERR,ERR,ERR,ERR,ERR,ERR,ERR,ERR,ERR,ERR,ERR,ERR,ERR,ERR,ERR,ERR,ERR,ERR,ERR,ERR,ERR,ERR,ERR,ERR,ERR,ERR,ERR,ERR,ERR,ERR,ERR,ERR,ERR,ERR,ERR,ERR,ERR,ERR,ERR,ERR,ERR,ERR,ERR,ERR,ERR,ERR,ERR,ERR,ERR,ERR,ERR,ERR,ERR,ERR,ERR,ERR,ERR,ERR,ERR,ERR,ERR,ERR,ERR,ERR,ERR,ERR,ERR,ERR,ERR,ERR,ERR,ERR,ERR,ERR,ERR,ERR,ERR,ERR,ERR,ERR,ERR,ERR,ERR,ERR,ERR,ERR,ERR,ERR,ERR,ERR,ERR,ERR,ERR,ERR,ERR,ERR,ERR,ERR,ERR,ERR,ERR,ERR,ERR,ERR,ERR,ERR,ERR,ERR,ERR,ERR,ERR,ERR,ERR,ERR,ERR,ERR,ERR,ERR,ERR,ERR,ERR,0.0,0.0,2.6474777903227054e+23,0.0,0.0,1.3936040501711995e+18,7.805,0.0,0,0,4,0,7300,-0.0,0,0.0,0.0,0.0,0.0,0.0,0,0,0,0,0.0,0,0,0,0,0,0,0,0,0,0,0,0,0,0,0,0,0,0,0,0,0,0,0,0,0,0,0,0,0,0,0,0,0,32,30,30,62,65476,0,300,0,0,8,21553,0.0,-107605600.0,0.0,0.0,0.0,0.0,0.0,0.0,0.0,0.0,0.0,0.0,0.0,0.0,0.0,0.0,0.0,0.0,0.0,0.0,0.0,0.0,2.004,-0.0,-0.0,2.004,0.0,0.0,0.0,0.0,5432.0,2.422991651527172e+24,6957.0,0.0,0.0,-107615280.0,0.0,0.0,0.0,0.0,0.0,63,-0.059,-152017548869632.0,0.0,0.0,0.0,0.0,0.0,0.0,0.0,0,0,0,0.0,0.0,0.0,0.0,0.0,0.0,0.0,0.0,0.0,0.0,0.0,0.0,0.0,0.0,0.0,0.0,0,-107875648.0,63,0.0,126,2.7184242562605685e+23,-0.0,ERR,ERR,ERR,ERR,ERR,ERR,ERR,ERR,ERR,ERR,ERR,ERR,ERR,ERR,ERR,ERR,ERR,ERR,ERR,ERR,ERR,ERR,ERR,ERR,ERR,ERR,ERR,ERR,ERR,ERR,ERR,ERR,ERR,ERR,ERR,ERR,ERR,ERR,ERR,ERR,ERR,ERR,ERR,ERR,ERR,ERR,ERR,ERR,ERR,ERR,ERR,ERR,ERR,ERR,ERR,ERR,ERR,ERR,ERR,ERR,ERR,ERR,ERR,ERR,ERR,ERR,ERR,34.0,80.0,35,0.0,0.0,0.0,0.0,0.0,0.0,0.0,0.0,0.0,0.0,0.0,0.0,0.0,0.0,0.0,0.0,64.4,0,117,56,50,65476,0,300,0,0,8,20529,65476,0,0,57672,80.0,0.0,0.0,0.0,0.0,0.0
2026-06-17T04:07:05,ERR,ERR,ERR,ERR,ERR,ERR,ERR,ERR,ERR,ERR,ERR,ERR,ERR,ERR,ERR,ERR,ERR,ERR,ERR,ERR,ERR,ERR,ERR,ERR,ERR,ERR,ERR,ERR,ERR,ERR,ERR,ERR,ERR,ERR,ERR,ERR,ERR,ERR,ERR,ERR,ERR,ERR,ERR,ERR,ERR,ERR,ERR,ERR,ERR,ERR,ERR,ERR,ERR,ERR,ERR,ERR,ERR,ERR,ERR,ERR,ERR,ERR,ERR,ERR,ERR,ERR,ERR,ERR,ERR,ERR,ERR,ERR,ERR,ERR,ERR,ERR,ERR,ERR,ERR,ERR,ERR,ERR,ERR,ERR,ERR,ERR,ERR,ERR,ERR,ERR,ERR,ERR,ERR,ERR,ERR,ERR,ERR,ERR,ERR,ERR,ERR,ERR,ERR,ERR,ERR,ERR,ERR,ERR,ERR,ERR,ERR,ERR,ERR,ERR,ERR,ERR,ERR,ERR,ERR,ERR,ERR,ERR,ERR,ERR,ERR,0.0,0.0,2.6474777903227054e+23,0.0,0.0,1.3936040501711995e+18,7.805,0.0,0,0,4,0,7300,-0.0,0,0.0,0.0,0.0,0.0,0.0,0,0,0,0,0.0,0,0,0,0,0,0,0,0,0,0,0,0,0,0,0,0,0,0,0,0,0,0,0,0,0,0,0,0,0,0,0,0,0,32,30,30,62,65476,0,300,0,0,8,21553,0.0,-107605600.0,0.0,0.0,0.0,0.0,0.0,0.0,0.0,0.0,0.0,0.0,0.0,0.0,0.0,0.0,0.0,0.0,0.0,0.0,0.0,0.0,2.004,-0.0,-0.0,2.004,0.0,0.0,0.0,0.0,5432.0,2.422991651527172e+24,6957.0,0.0,0.0,-107615280.0,0.0,0.0,0.0,0.0,0.0,63,-0.059,-152017548869632.0,0.0,0.0,0.0,0.0,0.0,0.0,0.0,0,0,0,0.0,0.0,0.0,0.0,0.0,0.0,0.0,0.0,0.0,0.0,0.0,0.0,0.0,0.0,0.0,0.0,0,-107875648.0,63,0.0,126,2.7184242562605685e+23,-0.0,ERR,ERR,ERR,ERR,ERR,ERR,ERR,ERR,ERR,ERR,ERR,ERR,ERR,ERR,ERR,ERR,ERR,ERR,ERR,ERR,ERR,ERR,ERR,ERR,ERR,ERR,ERR,ERR,ERR,ERR,ERR,ERR,ERR,ERR,ERR,ERR,ERR,ERR,ERR,ERR,ERR,ERR,ERR,ERR,ERR,ERR,ERR,ERR,ERR,ERR,ERR,ERR,ERR,ERR,ERR,ERR,ERR,ERR,ERR,ERR,ERR,ERR,ERR,ERR,ERR,ERR,ERR,34.0,80.0,35,0.0,0.0,0.0,0.0,0.0,0.0,0.0,0.0,0.0,0.0,0.0,0.0,0.0,0.0,0.0,0.0,64.4,0,117,56,50,65476,0,300,0,0,8,20529,65476,0,0,57672,80.0,0.0,0.0,0.0,0.0,0.0
2026-06-17T04:07:06,ERR,ERR,ERR,ERR,ERR,ERR,ERR,ERR,ERR,ERR,ERR,ERR,ERR,ERR,ERR,ERR,ERR,ERR,ERR,ERR,ERR,ERR,ERR,ERR,ERR,ERR,ERR,ERR,ERR,ERR,ERR,ERR,ERR,ERR,ERR,ERR,ERR,ERR,ERR,ERR,ERR,ERR,ERR,ERR,ERR,ERR,ERR,ERR,ERR,ERR,ERR,ERR,ERR,ERR,ERR,ERR,ERR,ERR,ERR,ERR,ERR,ERR,ERR,ERR,ERR,ERR,ERR,ERR,ERR,ERR,ERR,ERR,ERR,ERR,ERR,ERR,ERR,ERR,ERR,ERR,ERR,ERR,ERR,ERR,ERR,ERR,ERR,ERR,ERR,ERR,ERR,ERR,ERR,ERR,ERR,ERR,ERR,ERR,ERR,ERR,ERR,ERR,ERR,ERR,ERR,ERR,ERR,ERR,ERR,ERR,ERR,ERR,ERR,ERR,ERR,ERR,ERR,ERR,ERR,ERR,ERR,ERR,ERR,ERR,ERR,0.0,0.0,2.6474777903227054e+23,0.0,0.0,1.3936040501711995e+18,7.805,0.0,0,0,4,0,7300,-0.0,0,0.0,0.0,0.0,0.0,0.0,0,0,0,0,0.0,0,0,0,0,0,0,0,0,0,0,0,0,0,0,0,0,0,0,0,0,0,0,0,0,0,0,0,0,0,0,0,0,0,32,30,30,62,65476,0,300,0,0,8,21553,0.0,-107605600.0,0.0,0.0,0.0,0.0,0.0,0.0,0.0,0.0,0.0,0.0,0.0,0.0,0.0,0.0,0.0,0.0,0.0,0.0,0.0,0.0,2.004,-0.0,-0.0,2.004,0.0,0.0,0.0,0.0,5432.0,2.422991651527172e+24,6957.0,0.0,0.0,-107615280.0,0.0,0.0,0.0,0.0,0.0,63,-0.059,-152017548869632.0,0.0,0.0,0.0,0.0,0.0,0.0,0.0,0,0,0,0.0,0.0,0.0,0.0,0.0,0.0,0.0,0.0,0.0,0.0,0.0,0.0,0.0,0.0,0.0,0.0,0,-107875648.0,63,0.0,126,2.7184242562605685e+23,-0.0,ERR,ERR,ERR,ERR,ERR,ERR,ERR,ERR,ERR,ERR,ERR,ERR,ERR,ERR,ERR,ERR,ERR,ERR,ERR,ERR,ERR,ERR,ERR,ERR,ERR,ERR,ERR,ERR,ERR,ERR,ERR,ERR,ERR,ERR,ERR,ERR,ERR,ERR,ERR,ERR,ERR,ERR,ERR,ERR,ERR,ERR,ERR,ERR,ERR,ERR,ERR,ERR,ERR,ERR,ERR,ERR,ERR,ERR,ERR,ERR,ERR,ERR,ERR,ERR,ERR,ERR,ERR,34.0,80.0,35,0.0,0.0,0.0,0.0,0.0,0.0,0.0,0.0,0.0,0.0,0.0,0.0,0.0,0.0,0.0,0.0,64.4,0,117,56,50,65476,0,300,0,0,8,20529,65476,0,0,57672,80.0,0.0,0.0,0.0,0.0,0.0
2026-06-17T04:07:07,ERR,ERR,ERR,ERR,ERR,ERR,ERR,ERR,ERR,ERR,ERR,ERR,ERR,ERR,ERR,ERR,ERR,ERR,ERR,ERR,ERR,ERR,ERR,ERR,ERR,ERR,ERR,ERR,ERR,ERR,ERR,ERR,ERR,ERR,ERR,ERR,ERR,ERR,ERR,ERR,ERR,ERR,ERR,ERR,ERR,ERR,ERR,ERR,ERR,ERR,ERR,ERR,ERR,ERR,ERR,ERR,ERR,ERR,ERR,ERR,ERR,ERR,ERR,ERR,ERR,ERR,ERR,ERR,ERR,ERR,ERR,ERR,ERR,ERR,ERR,ERR,ERR,ERR,ERR,ERR,ERR,ERR,ERR,ERR,ERR,ERR,ERR,ERR,ERR,ERR,ERR,ERR,ERR,ERR,ERR,ERR,ERR,ERR,ERR,ERR,ERR,ERR,ERR,ERR,ERR,ERR,ERR,ERR,ERR,ERR,ERR,ERR,ERR,ERR,ERR,ERR,ERR,ERR,ERR,ERR,ERR,ERR,ERR,ERR,ERR,0.0,0.0,2.6474777903227054e+23,0.0,0.0,1.3936040501711995e+18,7.805,0.0,0,0,4,0,7300,-0.0,0,0.0,0.0,0.0,0.0,0.0,0,0,0,0,0.0,0,0,0,0,0,0,0,0,0,0,0,0,0,0,0,0,0,0,0,0,0,0,0,0,0,0,0,0,0,0,0,0,0,32,30,30,62,65476,0,300,0,0,8,21553,0.0,-107605600.0,0.0,0.0,0.0,0.0,0.0,0.0,0.0,0.0,0.0,0.0,0.0,0.0,0.0,0.0,0.0,0.0,0.0,0.0,0.0,0.0,2.004,-0.0,-0.0,2.004,0.0,0.0,0.0,0.0,5432.0,2.422991651527172e+24,6957.0,0.0,0.0,-107615280.0,0.0,0.0,0.0,0.0,0.0,63,-0.059,-152017548869632.0,0.0,0.0,0.0,0.0,0.0,0.0,0.0,0,0,0,0.0,0.0,0.0,0.0,0.0,0.0,0.0,0.0,0.0,0.0,0.0,0.0,0.0,0.0,0.0,0.0,0,-107875648.0,63,0.0,126,2.7184242562605685e+23,-0.0,ERR,ERR,ERR,ERR,ERR,ERR,ERR,ERR,ERR,ERR,ERR,ERR,ERR,ERR,ERR,ERR,ERR,ERR,ERR,ERR,ERR,ERR,ERR,ERR,ERR,ERR,ERR,ERR,ERR,ERR,ERR,ERR,ERR,ERR,ERR,ERR,ERR,ERR,ERR,ERR,ERR,ERR,ERR,ERR,ERR,ERR,ERR,ERR,ERR,ERR,ERR,ERR,ERR,ERR,ERR,ERR,ERR,ERR,ERR,ERR,ERR,ERR,ERR,ERR,ERR,ERR,ERR,34.0,80.0,35,0.0,0.0,0.0,0.0,0.0,0.0,0.0,0.0,0.0,0.0,0.0,0.0,0.0,0.0,0.0,0.0,64.4,0,117,56,50,65476,0,300,0,0,8,20529,65476,0,0,57672,80.0,0.0,0.0,0.0,0.0,0.0
2026-06-17T04:07:08,ERR,ERR,ERR,ERR,ERR,ERR,ERR,ERR,ERR,ERR,ERR,ERR,ERR,ERR,ERR,ERR,ERR,ERR,ERR,ERR,ERR,ERR,ERR,ERR,ERR,ERR,ERR,ERR,ERR,ERR,ERR,ERR,ERR,ERR,ERR,ERR,ERR,ERR,ERR,ERR,ERR,ERR,ERR,ERR,ERR,ERR,ERR,ERR,ERR,ERR,ERR,ERR,ERR,ERR,ERR,ERR,ERR,ERR,ERR,ERR,ERR,ERR,ERR,ERR,ERR,ERR,ERR,ERR,ERR,ERR,ERR,ERR,ERR,ERR,ERR,ERR,ERR,ERR,ERR,ERR,ERR,ERR,ERR,ERR,ERR,ERR,ERR,ERR,ERR,ERR,ERR,ERR,ERR,ERR,ERR,ERR,ERR,ERR,ERR,ERR,ERR,ERR,ERR,ERR,ERR,ERR,ERR,ERR,ERR,ERR,ERR,ERR,ERR,ERR,ERR,ERR,ERR,ERR,ERR,ERR,ERR,ERR,ERR,ERR,ERR,0.0,0.0,2.6474777903227054e+23,0.0,0.0,1.3936040501711995e+18,7.805,0.0,0,0,4,0,7300,-0.0,0,0.0,0.0,0.0,0.0,0.0,0,0,0,0,0.0,0,0,0,0,0,0,0,0,0,0,0,0,0,0,0,0,0,0,0,0,0,0,0,0,0,0,0,0,0,0,0,0,0,32,30,30,62,65476,0,300,0,0,8,21553,0.0,-107605600.0,0.0,0.0,0.0,0.0,0.0,0.0,0.0,0.0,0.0,0.0,0.0,0.0,0.0,0.0,0.0,0.0,0.0,0.0,0.0,0.0,2.004,-0.0,-0.0,2.004,0.0,0.0,0.0,0.0,5432.0,2.422991651527172e+24,6957.0,0.0,0.0,-107615280.0,0.0,0.0,0.0,0.0,0.0,63,-0.059,-152017548869632.0,0.0,0.0,0.0,0.0,0.0,0.0,0.0,0,0,0,0.0,0.0,0.0,0.0,0.0,0.0,0.0,0.0,0.0,0.0,0.0,0.0,0.0,0.0,0.0,0.0,0,-107875648.0,63,0.0,126,2.7184242562605685e+23,-0.0,ERR,ERR,ERR,ERR,ERR,ERR,ERR,ERR,ERR,ERR,ERR,ERR,ERR,ERR,ERR,ERR,ERR,ERR,ERR,ERR,ERR,ERR,ERR,ERR,ERR,ERR,ERR,ERR,ERR,ERR,ERR,ERR,ERR,ERR,ERR,ERR,ERR,ERR,ERR,ERR,ERR,ERR,ERR,ERR,ERR,ERR,ERR,ERR,ERR,ERR,ERR,ERR,ERR,ERR,ERR,ERR,ERR,ERR,ERR,ERR,ERR,ERR,ERR,ERR,ERR,ERR,ERR,34.0,80.0,35,0.0,0.0,0.0,0.0,0.0,0.0,0.0,0.0,0.0,0.0,0.0,0.0,0.0,0.0,0.0,0.0,64.4,0,117,56,50,65476,0,300,0,0,8,20529,65476,0,0,57672,80.0,0.0,0.0,0.0,0.0,0.0
2026-06-17T04:07:09,ERR,ERR,ERR,ERR,ERR,ERR,ERR,ERR,ERR,ERR,ERR,ERR,ERR,ERR,ERR,ERR,ERR,ERR,ERR,ERR,ERR,ERR,ERR,ERR,ERR,ERR,ERR,ERR,ERR,ERR,ERR,ERR,ERR,ERR,ERR,ERR,ERR,ERR,ERR,ERR,ERR,ERR,ERR,ERR,ERR,ERR,ERR,ERR,ERR,ERR,ERR,ERR,ERR,ERR,ERR,ERR,ERR,ERR,ERR,ERR,ERR,ERR,ERR,ERR,ERR,ERR,ERR,ERR,ERR,ERR,ERR,ERR,ERR,ERR,ERR,ERR,ERR,ERR,ERR,ERR,ERR,ERR,ERR,ERR,ERR,ERR,ERR,ERR,ERR,ERR,ERR,ERR,ERR,ERR,ERR,ERR,ERR,ERR,ERR,ERR,ERR,ERR,ERR,ERR,ERR,ERR,ERR,ERR,ERR,ERR,ERR,ERR,ERR,ERR,ERR,ERR,ERR,ERR,ERR,ERR,ERR,ERR,ERR,ERR,ERR,0.0,0.0,2.6474777903227054e+23,0.0,0.0,1.3936040501711995e+18,7.805,0.0,0,0,4,0,7300,-0.0,0,0.0,0.0,0.0,0.0,0.0,0,0,0,0,0.0,0,0,0,0,0,0,0,0,0,0,0,0,0,0,0,0,0,0,0,0,0,0,0,0,0,0,0,0,0,0,0,0,0,32,30,30,62,65476,0,300,0,0,8,21553,0.0,-107605600.0,0.0,0.0,0.0,0.0,0.0,0.0,0.0,0.0,0.0,0.0,0.0,0.0,0.0,0.0,0.0,0.0,0.0,0.0,0.0,0.0,2.004,-0.0,-0.0,2.004,0.0,0.0,0.0,0.0,5431.0,0.0,6950.0,0.0,0.0,-107615280.0,0.0,0.0,0.0,0.0,0.0,63,-0.0,-0.0,0.0,0.0,0.0,0.0,0.0,0.0,0.0,0,0,0,0.0,0.0,0.0,0.0,0.0,0.0,0.0,0.0,0.0,0.0,0.0,0.0,0.0,0.0,0.0,0.0,0,-107875648.0,63,0.0,126,2.7184242562605685e+23,-0.0,ERR,ERR,ERR,ERR,ERR,ERR,ERR,ERR,ERR,ERR,ERR,ERR,ERR,ERR,ERR,ERR,ERR,ERR,ERR,ERR,ERR,ERR,ERR,ERR,ERR,ERR,ERR,ERR,ERR,ERR,ERR,ERR,ERR,ERR,ERR,ERR,ERR,ERR,ERR,ERR,ERR,ERR,ERR,ERR,ERR,ERR,ERR,ERR,ERR,ERR,ERR,ERR,ERR,ERR,ERR,ERR,ERR,ERR,ERR,ERR,ERR,ERR,ERR,ERR,ERR,ERR,ERR,34.0,80.0,35,0.0,0.0,0.0,0.0,0.0,0.0,0.0,0.0,0.0,0.0,0.0,0.0,0.0,0.0,0.0,0.0,64.8,0,117,56,50,65476,0,300,0,0,8,20529,65476,0,0,57672,80.0,0.0,0.0,0.0,0.0,0.0
2026-06-17T04:07:10,ERR,ERR,ERR,ERR,ERR,ERR,ERR,ERR,ERR,ERR,ERR,ERR,ERR,ERR,ERR,ERR,ERR,ERR,ERR,ERR,ERR,ERR,ERR,ERR,ERR,ERR,ERR,ERR,ERR,ERR,ERR,ERR,ERR,ERR,ERR,ERR,ERR,ERR,ERR,ERR,ERR,ERR,ERR,ERR,ERR,ERR,ERR,ERR,ERR,ERR,ERR,ERR,ERR,ERR,ERR,ERR,ERR,ERR,ERR,ERR,ERR,ERR,ERR,ERR,ERR,ERR,ERR,ERR,ERR,ERR,ERR,ERR,ERR,ERR,ERR,ERR,ERR,ERR,ERR,ERR,ERR,ERR,ERR,ERR,ERR,ERR,ERR,ERR,ERR,ERR,ERR,ERR,ERR,ERR,ERR,ERR,ERR,ERR,ERR,ERR,ERR,ERR,ERR,ERR,ERR,ERR,ERR,ERR,ERR,ERR,ERR,ERR,ERR,ERR,ERR,ERR,ERR,ERR,ERR,ERR,ERR,ERR,ERR,ERR,ERR,0.0,0.0,2.6474777903227054e+23,0.0,0.0,1.3936040501711995e+18,7.805,0.0,0,0,4,0,7300,-0.0,0,0.0,0.0,0.0,0.0,0.0,0,0,0,0,0.0,0,0,0,0,0,0,0,0,0,0,0,0,0,0,0,0,0,0,0,0,0,0,0,0,0,0,0,0,0,0,0,0,0,32,30,30,62,65476,0,300,0,0,8,21553,0.0,-107605600.0,0.0,0.0,0.0,0.0,0.0,0.0,0.0,0.0,0.0,0.0,0.0,0.0,0.0,0.0,0.0,0.0,0.0,0.0,0.0,0.0,2.004,-0.0,-0.0,2.004,0.0,0.0,0.0,0.0,5431.0,0.0,6950.0,0.0,0.0,-107615280.0,0.0,0.0,0.0,0.0,0.0,63,-0.0,-0.0,0.0,0.0,0.0,0.0,0.0,0.0,0.0,0,0,0,0.0,0.0,0.0,0.0,0.0,0.0,0.0,0.0,0.0,0.0,0.0,0.0,0.0,0.0,0.0,0.0,0,-107875648.0,63,0.0,126,2.7184242562605685e+23,-0.0,ERR,ERR,ERR,ERR,ERR,ERR,ERR,ERR,ERR,ERR,ERR,ERR,ERR,ERR,ERR,ERR,ERR,ERR,ERR,ERR,ERR,ERR,ERR,ERR,ERR,ERR,ERR,ERR,ERR,ERR,ERR,ERR,ERR,ERR,ERR,ERR,ERR,ERR,ERR,ERR,ERR,ERR,ERR,ERR,ERR,ERR,ERR,ERR,ERR,ERR,ERR,ERR,ERR,ERR,ERR,ERR,ERR,ERR,ERR,ERR,ERR,ERR,ERR,ERR,ERR,ERR,ERR,34.0,80.0,35,0.0,0.0,0.0,0.0,0.0,0.0,0.0,0.0,0.0,0.0,0.0,0.0,0.0,0.0,0.0,0.0,64.8,0,117,56,50,65476,0,300,0,0,8,20529,65476,0,0,57672,80.0,0.0,0.0,0.0,0.0,0.0
2026-06-17T04:07:11,ERR,ERR,ERR,ERR,ERR,ERR,ERR,ERR,ERR,ERR,ERR,ERR,ERR,ERR,ERR,ERR,ERR,ERR,ERR,ERR,ERR,ERR,ERR,ERR,ERR,ERR,ERR,ERR,ERR,ERR,ERR,ERR,ERR,ERR,ERR,ERR,ERR,ERR,ERR,ERR,ERR,ERR,ERR,ERR,ERR,ERR,ERR,ERR,ERR,ERR,ERR,ERR,ERR,ERR,ERR,ERR,ERR,ERR,ERR,ERR,ERR,ERR,ERR,ERR,ERR,ERR,ERR,ERR,ERR,ERR,ERR,ERR,ERR,ERR,ERR,ERR,ERR,ERR,ERR,ERR,ERR,ERR,ERR,ERR,ERR,ERR,ERR,ERR,ERR,ERR,ERR,ERR,ERR,ERR,ERR,ERR,ERR,ERR,ERR,ERR,ERR,ERR,ERR,ERR,ERR,ERR,ERR,ERR,ERR,ERR,ERR,ERR,ERR,ERR,ERR,ERR,ERR,ERR,ERR,ERR,ERR,ERR,ERR,ERR,ERR,0.0,0.0,2.6474777903227054e+23,0.0,0.0,1.3936040501711995e+18,7.805,0.0,0,0,4,0,7300,-0.0,0,0.0,0.0,0.0,0.0,0.0,0,0,0,0,0.0,0,0,0,0,0,0,0,0,0,0,0,0,0,0,0,0,0,0,0,0,0,0,0,0,0,0,0,0,0,0,0,0,0,32,30,30,62,65476,0,300,0,0,8,21553,0.0,-107605600.0,0.0,0.0,0.0,0.0,0.0,0.0,0.0,0.0,0.0,0.0,0.0,0.0,0.0,0.0,0.0,0.0,0.0,0.0,0.0,0.0,2.004,-0.0,-0.0,2.004,0.0,0.0,0.0,0.0,5431.0,0.0,6950.0,0.0,0.0,-107615280.0,0.0,0.0,0.0,0.0,0.0,63,-0.0,-0.0,0.0,0.0,0.0,0.0,0.0,0.0,0.0,0,0,0,0.0,0.0,0.0,0.0,0.0,0.0,0.0,0.0,0.0,0.0,0.0,0.0,0.0,0.0,0.0,0.0,0,-107875648.0,63,0.0,126,2.7184242562605685e+23,-0.0,ERR,ERR,ERR,ERR,ERR,ERR,ERR,ERR,ERR,ERR,ERR,ERR,ERR,ERR,ERR,ERR,ERR,ERR,ERR,ERR,ERR,ERR,ERR,ERR,ERR,ERR,ERR,ERR,ERR,ERR,ERR,ERR,ERR,ERR,ERR,ERR,ERR,ERR,ERR,ERR,ERR,ERR,ERR,ERR,ERR,ERR,ERR,ERR,ERR,ERR,ERR,ERR,ERR,ERR,ERR,ERR,ERR,ERR,ERR,ERR,ERR,ERR,ERR,ERR,ERR,ERR,ERR,34.0,80.0,35,0.0,0.0,0.0,0.0,0.0,0.0,0.0,0.0,0.0,0.0,0.0,0.0,0.0,0.0,0.0,0.0,64.4,0,117,56,50,65476,0,300,0,0,8,20529,65476,0,0,57672,80.0,0.0,0.0,0.0,0.0,0.0
2026-06-17T04:07:12,ERR,ERR,ERR,ERR,ERR,ERR,ERR,ERR,ERR,ERR,ERR,ERR,ERR,ERR,ERR,ERR,ERR,ERR,ERR,ERR,ERR,ERR,ERR,ERR,ERR,ERR,ERR,ERR,ERR,ERR,ERR,ERR,ERR,ERR,ERR,ERR,ERR,ERR,ERR,ERR,ERR,ERR,ERR,ERR,ERR,ERR,ERR,ERR,ERR,ERR,ERR,ERR,ERR,ERR,ERR,ERR,ERR,ERR,ERR,ERR,ERR,ERR,ERR,ERR,ERR,ERR,ERR,ERR,ERR,ERR,ERR,ERR,ERR,ERR,ERR,ERR,ERR,ERR,ERR,ERR,ERR,ERR,ERR,ERR,ERR,ERR,ERR,ERR,ERR,ERR,ERR,ERR,ERR,ERR,ERR,ERR,ERR,ERR,ERR,ERR,ERR,ERR,ERR,ERR,ERR,ERR,ERR,ERR,ERR,ERR,ERR,ERR,ERR,ERR,ERR,ERR,ERR,ERR,ERR,ERR,ERR,ERR,ERR,ERR,ERR,0.0,0.0,2.6474777903227054e+23,0.0,0.0,1.3936040501711995e+18,7.805,0.0,0,0,4,0,7300,-0.0,0,0.0,0.0,0.0,0.0,0.0,0,0,0,0,0.0,0,0,0,0,0,0,0,0,0,0,0,0,0,0,0,0,0,0,0,0,0,0,0,0,0,0,0,0,0,0,0,0,0,32,30,30,62,65476,0,300,0,0,8,21553,0.0,-107605600.0,0.0,0.0,0.0,0.0,0.0,0.0,0.0,0.0,0.0,0.0,0.0,0.0,0.0,0.0,0.0,0.0,0.0,0.0,0.0,0.0,2.004,-0.0,-0.0,2.004,0.0,0.0,0.0,0.0,5431.0,0.0,6950.0,0.0,0.0,-107615280.0,0.0,0.0,0.0,0.0,0.0,63,-0.0,-0.0,0.0,0.0,0.0,0.0,0.0,0.0,0.0,0,0,0,0.0,0.0,0.0,0.0,0.0,0.0,0.0,0.0,0.0,0.0,0.0,0.0,0.0,0.0,0.0,0.0,0,-107875648.0,63,0.0,126,2.7184242562605685e+23,-0.0,ERR,ERR,ERR,ERR,ERR,ERR,ERR,ERR,ERR,ERR,ERR,ERR,ERR,ERR,ERR,ERR,ERR,ERR,ERR,ERR,ERR,ERR,ERR,ERR,ERR,ERR,ERR,ERR,ERR,ERR,ERR,ERR,ERR,ERR,ERR,ERR,ERR,ERR,ERR,ERR,ERR,ERR,ERR,ERR,ERR,ERR,ERR,ERR,ERR,ERR,ERR,ERR,ERR,ERR,ERR,ERR,ERR,ERR,ERR,ERR,ERR,ERR,ERR,ERR,ERR,ERR,ERR,34.0,80.0,35,0.0,0.0,0.0,0.0,0.0,0.0,0.0,0.0,0.0,0.0,0.0,0.0,0.0,0.0,0.0,0.0,64.4,0,117,56,50,65476,0,300,0,0,8,20529,65476,0,0,57672,80.0,0.0,0.0,0.0,0.0,0.0
2026-06-17T04:07:13,ERR,ERR,ERR,ERR,ERR,ERR,ERR,ERR,ERR,ERR,ERR,ERR,ERR,ERR,ERR,ERR,ERR,ERR,ERR,ERR,ERR,ERR,ERR,ERR,ERR,ERR,ERR,ERR,ERR,ERR,ERR,ERR,ERR,ERR,ERR,ERR,ERR,ERR,ERR,ERR,ERR,ERR,ERR,ERR,ERR,ERR,ERR,ERR,ERR,ERR,ERR,ERR,ERR,ERR,ERR,ERR,ERR,ERR,ERR,ERR,ERR,ERR,ERR,ERR,ERR,ERR,ERR,ERR,ERR,ERR,ERR,ERR,ERR,ERR,ERR,ERR,ERR,ERR,ERR,ERR,ERR,ERR,ERR,ERR,ERR,ERR,ERR,ERR,ERR,ERR,ERR,ERR,ERR,ERR,ERR,ERR,ERR,ERR,ERR,ERR,ERR,ERR,ERR,ERR,ERR,ERR,ERR,ERR,ERR,ERR,ERR,ERR,ERR,ERR,ERR,ERR,ERR,ERR,ERR,ERR,ERR,ERR,ERR,ERR,ERR,0.0,0.0,2.6474777903227054e+23,0.0,0.0,1.3936040501711995e+18,7.805,0.0,0,0,4,0,7300,-0.0,0,0.0,0.0,0.0,0.0,0.0,0,0,0,0,0.0,0,0,0,0,0,0,0,0,0,0,0,0,0,0,0,0,0,0,0,0,0,0,0,0,0,0,0,0,0,0,0,0,0,32,30,30,62,65476,0,300,0,0,8,21553,0.0,-107605600.0,0.0,0.0,0.0,0.0,0.0,0.0,0.0,0.0,0.0,0.0,0.0,0.0,0.0,0.0,0.0,0.0,0.0,0.0,0.0,0.0,2.004,-0.0,-0.0,2.004,0.0,0.0,0.0,0.0,5431.0,0.0,6950.0,0.0,0.0,-107615280.0,0.0,0.0,0.0,0.0,0.0,63,-0.0,-0.0,0.0,0.0,0.0,0.0,0.0,0.0,0.0,0,0,0,0.0,0.0,0.0,0.0,0.0,0.0,0.0,0.0,0.0,0.0,0.0,0.0,0.0,0.0,0.0,0.0,0,-107875648.0,63,0.0,126,2.7184242562605685e+23,-0.0,ERR,ERR,ERR,ERR,ERR,ERR,ERR,ERR,ERR,ERR,ERR,ERR,ERR,ERR,ERR,ERR,ERR,ERR,ERR,ERR,ERR,ERR,ERR,ERR,ERR,ERR,ERR,ERR,ERR,ERR,ERR,ERR,ERR,ERR,ERR,ERR,ERR,ERR,ERR,ERR,ERR,ERR,ERR,ERR,ERR,ERR,ERR,ERR,ERR,ERR,ERR,ERR,ERR,ERR,ERR,ERR,ERR,ERR,ERR,ERR,ERR,ERR,ERR,ERR,ERR,ERR,ERR,34.0,80.0,35,0.0,0.0,0.0,0.0,0.0,0.0,0.0,0.0,0.0,0.0,0.0,0.0,0.0,0.0,0.0,0.0,64.8,0,117,56,50,65476,0,300,0,0,8,20529,65476,0,0,57672,80.0,0.0,0.0,0.0,0.0,0.0
2026-06-17T04:07:14,ERR,ERR,ERR,ERR,ERR,ERR,ERR,ERR,ERR,ERR,ERR,ERR,ERR,ERR,ERR,ERR,ERR,ERR,ERR,ERR,ERR,ERR,ERR,ERR,ERR,ERR,ERR,ERR,ERR,ERR,ERR,ERR,ERR,ERR,ERR,ERR,ERR,ERR,ERR,ERR,ERR,ERR,ERR,ERR,ERR,ERR,ERR,ERR,ERR,ERR,ERR,ERR,ERR,ERR,ERR,ERR,ERR,ERR,ERR,ERR,ERR,ERR,ERR,ERR,ERR,ERR,ERR,ERR,ERR,ERR,ERR,ERR,ERR,ERR,ERR,ERR,ERR,ERR,ERR,ERR,ERR,ERR,ERR,ERR,ERR,ERR,ERR,ERR,ERR,ERR,ERR,ERR,ERR,ERR,ERR,ERR,ERR,ERR,ERR,ERR,ERR,ERR,ERR,ERR,ERR,ERR,ERR,ERR,ERR,ERR,ERR,ERR,ERR,ERR,ERR,ERR,ERR,ERR,ERR,ERR,ERR,ERR,ERR,ERR,ERR,0.0,0.0,2.6474777903227054e+23,0.0,0.0,1.3936040501711995e+18,7.805,0.0,0,0,4,0,7300,-0.0,0,0.0,0.0,0.0,0.0,0.0,0,0,0,0,0.0,0,0,0,0,0,0,0,0,0,0,0,0,0,0,0,0,0,0,0,0,0,0,0,0,0,0,0,0,0,0,0,0,0,32,30,30,62,65476,0,300,0,0,8,21553,0.0,-107605600.0,0.0,0.0,0.0,0.0,0.0,0.0,0.0,0.0,0.0,0.0,0.0,0.0,0.0,0.0,0.0,0.0,0.0,0.0,0.0,0.0,2.004,-0.0,-0.0,2.004,0.0,0.0,0.0,0.0,5431.0,0.0,6950.0,0.0,0.0,-107615280.0,0.0,0.0,0.0,0.0,0.0,63,-0.0,-0.0,0.0,0.0,0.0,0.0,0.0,0.0,0.0,0,0,0,0.0,0.0,0.0,0.0,0.0,0.0,0.0,0.0,0.0,0.0,0.0,0.0,0.0,0.0,0.0,0.0,0,-107875648.0,63,0.0,126,2.7184242562605685e+23,-0.0,ERR,ERR,ERR,ERR,ERR,ERR,ERR,ERR,ERR,ERR,ERR,ERR,ERR,ERR,ERR,ERR,ERR,ERR,ERR,ERR,ERR,ERR,ERR,ERR,ERR,ERR,ERR,ERR,ERR,ERR,ERR,ERR,ERR,ERR,ERR,ERR,ERR,ERR,ERR,ERR,ERR,ERR,ERR,ERR,ERR,ERR,ERR,ERR,ERR,ERR,ERR,ERR,ERR,ERR,ERR,ERR,ERR,ERR,ERR,ERR,ERR,ERR,ERR,ERR,ERR,ERR,ERR,34.0,80.0,35,0.0,0.0,0.0,0.0,0.0,0.0,0.0,0.0,0.0,0.0,0.0,0.0,0.0,0.0,0.0,0.0,64.8,0,117,56,50,65476,0,300,0,0,8,20529,65476,0,0,57672,80.0,0.0,0.0,0.0,0.0,0.0
2026-06-17T04:07:15,ERR,ERR,ERR,ERR,ERR,ERR,ERR,ERR,ERR,ERR,ERR,ERR,ERR,ERR,ERR,ERR,ERR,ERR,ERR,ERR,ERR,ERR,ERR,ERR,ERR,ERR,ERR,ERR,ERR,ERR,ERR,ERR,ERR,ERR,ERR,ERR,ERR,ERR,ERR,ERR,ERR,ERR,ERR,ERR,ERR,ERR,ERR,ERR,ERR,ERR,ERR,ERR,ERR,ERR,ERR,ERR,ERR,ERR,ERR,ERR,ERR,ERR,ERR,ERR,ERR,ERR,ERR,ERR,ERR,ERR,ERR,ERR,ERR,ERR,ERR,ERR,ERR,ERR,ERR,ERR,ERR,ERR,ERR,ERR,ERR,ERR,ERR,ERR,ERR,ERR,ERR,ERR,ERR,ERR,ERR,ERR,ERR,ERR,ERR,ERR,ERR,ERR,ERR,ERR,ERR,ERR,ERR,ERR,ERR,ERR,ERR,ERR,ERR,ERR,ERR,ERR,ERR,ERR,ERR,ERR,ERR,ERR,ERR,ERR,ERR,0.0,0.0,2.6474777903227054e+23,0.0,0.0,1.3936040501711995e+18,7.805,0.0,0,0,4,0,7300,-0.0,0,0.0,0.0,0.0,0.0,0.0,0,0,0,0,0.0,0,0,0,0,0,0,0,0,0,0,0,0,0,0,0,0,0,0,0,0,0,0,0,0,0,0,0,0,0,0,0,0,0,32,30,30,62,65476,0,300,0,0,8,21553,0.0,-107605600.0,0.0,0.0,0.0,0.0,0.0,0.0,0.0,0.0,0.0,0.0,0.0,0.0,0.0,0.0,0.0,0.0,0.0,0.0,0.0,0.0,2.004,-0.0,-0.0,2.004,0.0,0.0,0.0,0.0,5434.0,0.0,6948.0,0.0,0.0,-107615280.0,0.0,0.0,0.0,0.0,0.0,63,-71.63,4.066859702643652e+29,0.0,0.0,0.0,0.0,0.0,0.0,0.0,0,0,0,0.0,0.0,0.0,0.0,0.0,0.0,0.0,0.0,0.0,0.0,0.0,0.0,0.0,0.0,0.0,0.0,0,-107875648.0,63,0.0,126,2.7184242562605685e+23,-0.0,ERR,ERR,ERR,ERR,ERR,ERR,ERR,ERR,ERR,ERR,ERR,ERR,ERR,ERR,ERR,ERR,ERR,ERR,ERR,ERR,ERR,ERR,ERR,ERR,ERR,ERR,ERR,ERR,ERR,ERR,ERR,ERR,ERR,ERR,ERR,ERR,ERR,ERR,ERR,ERR,ERR,ERR,ERR,ERR,ERR,ERR,ERR,ERR,ERR,ERR,ERR,ERR,ERR,ERR,ERR,ERR,ERR,ERR,ERR,ERR,ERR,ERR,ERR,ERR,ERR,ERR,ERR,34.0,80.0,35,0.0,0.0,0.0,0.0,0.0,0.0,0.0,0.0,0.0,0.0,0.0,0.0,0.0,0.0,0.0,0.0,64.4,0,117,56,50,65476,0,300,0,0,8,20529,65476,0,0,57672,80.0,0.0,0.0,0.0,0.0,0.0
2026-06-17T04:07:16,ERR,ERR,ERR,ERR,ERR,ERR,ERR,ERR,ERR,ERR,ERR,ERR,ERR,ERR,ERR,ERR,ERR,ERR,ERR,ERR,ERR,ERR,ERR,ERR,ERR,ERR,ERR,ERR,ERR,ERR,ERR,ERR,ERR,ERR,ERR,ERR,ERR,ERR,ERR,ERR,ERR,ERR,ERR,ERR,ERR,ERR,ERR,ERR,ERR,ERR,ERR,ERR,ERR,ERR,ERR,ERR,ERR,ERR,ERR,ERR,ERR,ERR,ERR,ERR,ERR,ERR,ERR,ERR,ERR,ERR,ERR,ERR,ERR,ERR,ERR,ERR,ERR,ERR,ERR,ERR,ERR,ERR,ERR,ERR,ERR,ERR,ERR,ERR,ERR,ERR,ERR,ERR,ERR,ERR,ERR,ERR,ERR,ERR,ERR,ERR,ERR,ERR,ERR,ERR,ERR,ERR,ERR,ERR,ERR,ERR,ERR,ERR,ERR,ERR,ERR,ERR,ERR,ERR,ERR,ERR,ERR,ERR,ERR,ERR,ERR,0.0,0.0,2.6474777903227054e+23,0.0,0.0,1.3936040501711995e+18,7.805,0.0,0,0,4,0,7300,-0.0,0,0.0,0.0,0.0,0.0,0.0,0,0,0,0,0.0,0,0,0,0,0,0,0,0,0,0,0,0,0,0,0,0,0,0,0,0,0,0,0,0,0,0,0,0,0,0,0,0,0,32,30,30,62,65476,0,300,0,0,8,21553,0.0,-107605600.0,0.0,0.0,0.0,0.0,0.0,0.0,0.0,0.0,0.0,0.0,0.0,0.0,0.0,0.0,0.0,0.0,0.0,0.0,0.0,0.0,2.004,-0.0,-0.0,2.004,0.0,0.0,0.0,0.0,5434.0,0.0,6948.0,0.0,0.0,-107615280.0,0.0,0.0,0.0,0.0,0.0,63,-71.63,4.066859702643652e+29,0.0,0.0,0.0,0.0,0.0,0.0,0.0,0,0,0,0.0,0.0,0.0,0.0,0.0,0.0,0.0,0.0,0.0,0.0,0.0,0.0,0.0,0.0,0.0,0.0,0,-107875648.0,63,0.0,126,2.7184242562605685e+23,-0.0,ERR,ERR,ERR,ERR,ERR,ERR,ERR,ERR,ERR,ERR,ERR,ERR,ERR,ERR,ERR,ERR,ERR,ERR,ERR,ERR,ERR,ERR,ERR,ERR,ERR,ERR,ERR,ERR,ERR,ERR,ERR,ERR,ERR,ERR,ERR,ERR,ERR,ERR,ERR,ERR,ERR,ERR,ERR,ERR,ERR,ERR,ERR,ERR,ERR,ERR,ERR,ERR,ERR,ERR,ERR,ERR,ERR,ERR,ERR,ERR,ERR,ERR,ERR,ERR,ERR,ERR,ERR,34.0,80.0,35,0.0,0.0,0.0,0.0,0.0,0.0,0.0,0.0,0.0,0.0,0.0,0.0,0.0,0.0,0.0,0.0,64.4,0,117,56,50,65476,0,300,0,0,8,20529,65476,0,0,57672,80.0,0.0,0.0,0.0,0.0,0.0
2026-06-17T04:07:17,ERR,ERR,ERR,ERR,ERR,ERR,ERR,ERR,ERR,ERR,ERR,ERR,ERR,ERR,ERR,ERR,ERR,ERR,ERR,ERR,ERR,ERR,ERR,ERR,ERR,ERR,ERR,ERR,ERR,ERR,ERR,ERR,ERR,ERR,ERR,ERR,ERR,ERR,ERR,ERR,ERR,ERR,ERR,ERR,ERR,ERR,ERR,ERR,ERR,ERR,ERR,ERR,ERR,ERR,ERR,ERR,ERR,ERR,ERR,ERR,ERR,ERR,ERR,ERR,ERR,ERR,ERR,ERR,ERR,ERR,ERR,ERR,ERR,ERR,ERR,ERR,ERR,ERR,ERR,ERR,ERR,ERR,ERR,ERR,ERR,ERR,ERR,ERR,ERR,ERR,ERR,ERR,ERR,ERR,ERR,ERR,ERR,ERR,ERR,ERR,ERR,ERR,ERR,ERR,ERR,ERR,ERR,ERR,ERR,ERR,ERR,ERR,ERR,ERR,ERR,ERR,ERR,ERR,ERR,ERR,ERR,ERR,ERR,ERR,ERR,0.0,0.0,2.6474777903227054e+23,0.0,0.0,1.3936040501711995e+18,7.805,0.0,0,0,4,0,7300,-0.0,0,0.0,0.0,0.0,0.0,0.0,0,0,0,0,0.0,0,0,0,0,0,0,0,0,0,0,0,0,0,0,0,0,0,0,0,0,0,0,0,0,0,0,0,0,0,0,0,0,0,32,30,30,62,65476,0,300,0,0,8,21553,0.0,-107605600.0,0.0,0.0,0.0,0.0,0.0,0.0,0.0,0.0,0.0,0.0,0.0,0.0,0.0,0.0,0.0,0.0,0.0,0.0,0.0,0.0,2.004,-0.0,-0.0,2.004,0.0,0.0,0.0,0.0,5434.0,0.0,6948.0,0.0,0.0,-107615280.0,0.0,0.0,0.0,0.0,0.0,63,-71.63,4.066859702643652e+29,0.0,0.0,0.0,0.0,0.0,0.0,0.0,0,0,0,0.0,0.0,0.0,0.0,0.0,0.0,0.0,0.0,0.0,0.0,0.0,0.0,0.0,0.0,0.0,0.0,0,-107875648.0,63,0.0,126,2.7184242562605685e+23,-0.0,ERR,ERR,ERR,ERR,ERR,ERR,ERR,ERR,ERR,ERR,ERR,ERR,ERR,ERR,ERR,ERR,ERR,ERR,ERR,ERR,ERR,ERR,ERR,ERR,ERR,ERR,ERR,ERR,ERR,ERR,ERR,ERR,ERR,ERR,ERR,ERR,ERR,ERR,ERR,ERR,ERR,ERR,ERR,ERR,ERR,ERR,ERR,ERR,ERR,ERR,ERR,ERR,ERR,ERR,ERR,ERR,ERR,ERR,ERR,ERR,ERR,ERR,ERR,ERR,ERR,ERR,ERR,34.0,80.0,35,0.0,0.0,0.0,0.0,0.0,0.0,0.0,0.0,0.0,0.0,0.0,0.0,0.0,0.0,0.0,0.0,64.8,0,117,56,50,65476,0,300,0,0,8,20529,65476,0,0,57672,80.0,0.0,0.0,0.0,0.0,0.0
2026-06-17T04:07:18,ERR,ERR,ERR,ERR,ERR,ERR,ERR,ERR,ERR,ERR,ERR,ERR,ERR,ERR,ERR,ERR,ERR,ERR,ERR,ERR,ERR,ERR,ERR,ERR,ERR,ERR,ERR,ERR,ERR,ERR,ERR,ERR,ERR,ERR,ERR,ERR,ERR,ERR,ERR,ERR,ERR,ERR,ERR,ERR,ERR,ERR,ERR,ERR,ERR,ERR,ERR,ERR,ERR,ERR,ERR,ERR,ERR,ERR,ERR,ERR,ERR,ERR,ERR,ERR,ERR,ERR,ERR,ERR,ERR,ERR,ERR,ERR,ERR,ERR,ERR,ERR,ERR,ERR,ERR,ERR,ERR,ERR,ERR,ERR,ERR,ERR,ERR,ERR,ERR,ERR,ERR,ERR,ERR,ERR,ERR,ERR,ERR,ERR,ERR,ERR,ERR,ERR,ERR,ERR,ERR,ERR,ERR,ERR,ERR,ERR,ERR,ERR,ERR,ERR,ERR,ERR,ERR,ERR,ERR,ERR,ERR,ERR,ERR,ERR,ERR,0.0,0.0,2.6474777903227054e+23,0.0,0.0,1.3936040501711995e+18,7.805,0.0,0,0,4,0,7300,-0.0,0,0.0,0.0,0.0,0.0,0.0,0,0,0,0,0.0,0,0,0,0,0,0,0,0,0,0,0,0,0,0,0,0,0,0,0,0,0,0,0,0,0,0,0,0,0,0,0,0,0,32,30,30,62,65476,0,300,0,0,8,21553,0.0,-107605600.0,0.0,0.0,0.0,0.0,0.0,0.0,0.0,0.0,0.0,0.0,0.0,0.0,0.0,0.0,0.0,0.0,0.0,0.0,0.0,0.0,2.004,-0.0,-0.0,2.004,0.0,0.0,0.0,0.0,5434.0,0.0,6948.0,0.0,0.0,-107615280.0,0.0,0.0,0.0,0.0,0.0,63,-71.63,4.066859702643652e+29,0.0,0.0,0.0,0.0,0.0,0.0,0.0,0,0,0,0.0,0.0,0.0,0.0,0.0,0.0,0.0,0.0,0.0,0.0,0.0,0.0,0.0,0.0,0.0,0.0,0,-107875648.0,63,0.0,126,2.7184242562605685e+23,-0.0,ERR,ERR,ERR,ERR,ERR,ERR,ERR,ERR,ERR,ERR,ERR,ERR,ERR,ERR,ERR,ERR,ERR,ERR,ERR,ERR,ERR,ERR,ERR,ERR,ERR,ERR,ERR,ERR,ERR,ERR,ERR,ERR,ERR,ERR,ERR,ERR,ERR,ERR,ERR,ERR,ERR,ERR,ERR,ERR,ERR,ERR,ERR,ERR,ERR,ERR,ERR,ERR,ERR,ERR,ERR,ERR,ERR,ERR,ERR,ERR,ERR,ERR,ERR,ERR,ERR,ERR,ERR,34.0,80.0,35,0.0,0.0,0.0,0.0,0.0,0.0,0.0,0.0,0.0,0.0,0.0,0.0,0.0,0.0,0.0,0.0,64.8,0,117,56,50,65476,0,300,0,0,8,20529,65476,0,0,57672,80.0,0.0,0.0,0.0,0.0,0.0
2026-06-17T04:07:19,ERR,ERR,ERR,ERR,ERR,ERR,ERR,ERR,ERR,ERR,ERR,ERR,ERR,ERR,ERR,ERR,ERR,ERR,ERR,ERR,ERR,ERR,ERR,ERR,ERR,ERR,ERR,ERR,ERR,ERR,ERR,ERR,ERR,ERR,ERR,ERR,ERR,ERR,ERR,ERR,ERR,ERR,ERR,ERR,ERR,ERR,ERR,ERR,ERR,ERR,ERR,ERR,ERR,ERR,ERR,ERR,ERR,ERR,ERR,ERR,ERR,ERR,ERR,ERR,ERR,ERR,ERR,ERR,ERR,ERR,ERR,ERR,ERR,ERR,ERR,ERR,ERR,ERR,ERR,ERR,ERR,ERR,ERR,ERR,ERR,ERR,ERR,ERR,ERR,ERR,ERR,ERR,ERR,ERR,ERR,ERR,ERR,ERR,ERR,ERR,ERR,ERR,ERR,ERR,ERR,ERR,ERR,ERR,ERR,ERR,ERR,ERR,ERR,ERR,ERR,ERR,ERR,ERR,ERR,ERR,ERR,ERR,ERR,ERR,ERR,0.0,0.0,2.6474777903227054e+23,0.0,0.0,1.3936040501711995e+18,7.805,0.0,0,0,4,0,7300,-0.0,0,0.0,0.0,0.0,0.0,0.0,0,0,0,0,0.0,0,0,0,0,0,0,0,0,0,0,0,0,0,0,0,0,0,0,0,0,0,0,0,0,0,0,0,0,0,0,0,0,0,32,30,30,62,65476,0,300,0,0,8,21553,0.0,-107605600.0,0.0,0.0,0.0,0.0,0.0,0.0,0.0,0.0,0.0,0.0,0.0,0.0,0.0,0.0,0.0,0.0,0.0,0.0,0.0,0.0,2.004,-0.0,-0.0,2.004,0.0,0.0,0.0,0.0,5434.0,0.0,6948.0,0.0,0.0,-107615280.0,0.0,0.0,0.0,0.0,0.0,63,-71.63,4.066859702643652e+29,0.0,0.0,0.0,0.0,0.0,0.0,0.0,0,0,0,0.0,0.0,0.0,0.0,0.0,0.0,0.0,0.0,0.0,0.0,0.0,0.0,0.0,0.0,0.0,0.0,0,-107875648.0,63,0.0,126,2.7184242562605685e+23,-0.0,ERR,ERR,ERR,ERR,ERR,ERR,ERR,ERR,ERR,ERR,ERR,ERR,ERR,ERR,ERR,ERR,ERR,ERR,ERR,ERR,ERR,ERR,ERR,ERR,ERR,ERR,ERR,ERR,ERR,ERR,ERR,ERR,ERR,ERR,ERR,ERR,ERR,ERR,ERR,ERR,ERR,ERR,ERR,ERR,ERR,ERR,ERR,ERR,ERR,ERR,ERR,ERR,ERR,ERR,ERR,ERR,ERR,ERR,ERR,ERR,ERR,ERR,ERR,ERR,ERR,ERR,ERR,34.0,80.0,35,0.0,0.0,0.0,0.0,0.0,0.0,0.0,0.0,0.0,0.0,0.0,0.0,0.0,0.0,0.0,0.0,64.8,0,117,56,50,65476,0,300,0,0,8,20529,65476,0,0,57672,80.0,0.0,0.0,0.0,0.0,0.0
2026-06-17T04:07:20,ERR,ERR,ERR,ERR,ERR,ERR,ERR,ERR,ERR,ERR,ERR,ERR,ERR,ERR,ERR,ERR,ERR,ERR,ERR,ERR,ERR,ERR,ERR,ERR,ERR,ERR,ERR,ERR,ERR,ERR,ERR,ERR,ERR,ERR,ERR,ERR,ERR,ERR,ERR,ERR,ERR,ERR,ERR,ERR,ERR,ERR,ERR,ERR,ERR,ERR,ERR,ERR,ERR,ERR,ERR,ERR,ERR,ERR,ERR,ERR,ERR,ERR,ERR,ERR,ERR,ERR,ERR,ERR,ERR,ERR,ERR,ERR,ERR,ERR,ERR,ERR,ERR,ERR,ERR,ERR,ERR,ERR,ERR,ERR,ERR,ERR,ERR,ERR,ERR,ERR,ERR,ERR,ERR,ERR,ERR,ERR,ERR,ERR,ERR,ERR,ERR,ERR,ERR,ERR,ERR,ERR,ERR,ERR,ERR,ERR,ERR,ERR,ERR,ERR,ERR,ERR,ERR,ERR,ERR,ERR,ERR,ERR,ERR,ERR,ERR,0.0,0.0,2.6474777903227054e+23,0.0,0.0,1.3936040501711995e+18,7.805,0.0,0,0,4,0,7300,-0.0,0,0.0,0.0,0.0,0.0,0.0,0,0,0,0,0.0,0,0,0,0,0,0,0,0,0,0,0,0,0,0,0,0,0,0,0,0,0,0,0,0,0,0,0,0,0,0,0,0,0,32,30,30,62,65476,0,300,0,0,8,21553,0.0,-107605600.0,0.0,0.0,0.0,0.0,0.0,0.0,0.0,0.0,0.0,0.0,0.0,0.0,0.0,0.0,0.0,0.0,0.0,0.0,0.0,0.0,2.004,-0.0,-0.0,2.004,0.0,0.0,0.0,0.0,5431.0,0.0,6950.0,0.0,0.0,-107615280.0,0.0,0.0,0.0,0.0,0.0,63,-0.0,-0.0,0.0,0.0,0.0,0.0,0.0,0.0,0.0,0,0,0,0.0,0.0,0.0,0.0,0.0,0.0,0.0,0.0,0.0,0.0,0.0,0.0,0.0,0.0,0.0,0.0,0,-107875648.0,63,0.0,126,2.7184242562605685e+23,-0.0,ERR,ERR,ERR,ERR,ERR,ERR,ERR,ERR,ERR,ERR,ERR,ERR,ERR,ERR,ERR,ERR,ERR,ERR,ERR,ERR,ERR,ERR,ERR,ERR,ERR,ERR,ERR,ERR,ERR,ERR,ERR,ERR,ERR,ERR,ERR,ERR,ERR,ERR,ERR,ERR,ERR,ERR,ERR,ERR,ERR,ERR,ERR,ERR,ERR,ERR,ERR,ERR,ERR,ERR,ERR,ERR,ERR,ERR,ERR,ERR,ERR,ERR,ERR,ERR,ERR,ERR,ERR,34.0,80.0,35,0.0,0.0,0.0,0.0,0.0,0.0,0.0,0.0,0.0,0.0,0.0,0.0,0.0,0.0,0.0,0.0,64.8,0,117,56,50,65476,0,300,0,0,8,20529,65476,0,0,57672,80.0,0.0,0.0,0.0,0.0,0.0
2026-06-17T04:07:21,ERR,ERR,ERR,ERR,ERR,ERR,ERR,ERR,ERR,ERR,ERR,ERR,ERR,ERR,ERR,ERR,ERR,ERR,ERR,ERR,ERR,ERR,ERR,ERR,ERR,ERR,ERR,ERR,ERR,ERR,ERR,ERR,ERR,ERR,ERR,ERR,ERR,ERR,ERR,ERR,ERR,ERR,ERR,ERR,ERR,ERR,ERR,ERR,ERR,ERR,ERR,ERR,ERR,ERR,ERR,ERR,ERR,ERR,ERR,ERR,ERR,ERR,ERR,ERR,ERR,ERR,ERR,ERR,ERR,ERR,ERR,ERR,ERR,ERR,ERR,ERR,ERR,ERR,ERR,ERR,ERR,ERR,ERR,ERR,ERR,ERR,ERR,ERR,ERR,ERR,ERR,ERR,ERR,ERR,ERR,ERR,ERR,ERR,ERR,ERR,ERR,ERR,ERR,ERR,ERR,ERR,ERR,ERR,ERR,ERR,ERR,ERR,ERR,ERR,ERR,ERR,ERR,ERR,ERR,ERR,ERR,ERR,ERR,ERR,ERR,0.0,0.0,2.6474777903227054e+23,0.0,0.0,1.3936040501711995e+18,7.805,0.0,0,0,4,0,7300,-0.0,0,0.0,0.0,0.0,0.0,0.0,0,0,0,0,0.0,0,0,0,0,0,0,0,0,0,0,0,0,0,0,0,0,0,0,0,0,0,0,0,0,0,0,0,0,0,0,0,0,0,32,30,30,62,65476,0,300,0,0,8,21553,0.0,-107605600.0,0.0,0.0,0.0,0.0,0.0,0.0,0.0,0.0,0.0,0.0,0.0,0.0,0.0,0.0,0.0,0.0,0.0,0.0,0.0,0.0,2.004,-0.0,-0.0,2.004,0.0,0.0,0.0,0.0,5431.0,0.0,6950.0,0.0,0.0,-107615280.0,0.0,0.0,0.0,0.0,0.0,63,-0.0,-0.0,0.0,0.0,0.0,0.0,0.0,0.0,0.0,0,0,0,0.0,0.0,0.0,0.0,0.0,0.0,0.0,0.0,0.0,0.0,0.0,0.0,0.0,0.0,0.0,0.0,0,-107875648.0,63,0.0,126,2.7184242562605685e+23,-0.0,ERR,ERR,ERR,ERR,ERR,ERR,ERR,ERR,ERR,ERR,ERR,ERR,ERR,ERR,ERR,ERR,ERR,ERR,ERR,ERR,ERR,ERR,ERR,ERR,ERR,ERR,ERR,ERR,ERR,ERR,ERR,ERR,ERR,ERR,ERR,ERR,ERR,ERR,ERR,ERR,ERR,ERR,ERR,ERR,ERR,ERR,ERR,ERR,ERR,ERR,ERR,ERR,ERR,ERR,ERR,ERR,ERR,ERR,ERR,ERR,ERR,ERR,ERR,ERR,ERR,ERR,ERR,34.0,80.0,35,0.0,0.0,0.0,0.0,0.0,0.0,0.0,0.0,0.0,0.0,0.0,0.0,0.0,0.0,0.0,0.0,64.8,0,117,56,50,65476,0,300,0,0,8,20529,65476,0,0,57672,80.0,0.0,0.0,0.0,0.0,0.0
2026-06-17T04:07:22,ERR,ERR,ERR,ERR,ERR,ERR,ERR,ERR,ERR,ERR,ERR,ERR,ERR,ERR,ERR,ERR,ERR,ERR,ERR,ERR,ERR,ERR,ERR,ERR,ERR,ERR,ERR,ERR,ERR,ERR,ERR,ERR,ERR,ERR,ERR,ERR,ERR,ERR,ERR,ERR,ERR,ERR,ERR,ERR,ERR,ERR,ERR,ERR,ERR,ERR,ERR,ERR,ERR,ERR,ERR,ERR,ERR,ERR,ERR,ERR,ERR,ERR,ERR,ERR,ERR,ERR,ERR,ERR,ERR,ERR,ERR,ERR,ERR,ERR,ERR,ERR,ERR,ERR,ERR,ERR,ERR,ERR,ERR,ERR,ERR,ERR,ERR,ERR,ERR,ERR,ERR,ERR,ERR,ERR,ERR,ERR,ERR,ERR,ERR,ERR,ERR,ERR,ERR,ERR,ERR,ERR,ERR,ERR,ERR,ERR,ERR,ERR,ERR,ERR,ERR,ERR,ERR,ERR,ERR,ERR,ERR,ERR,ERR,ERR,ERR,0.0,0.0,2.6474777903227054e+23,0.0,0.0,1.3936040501711995e+18,7.805,0.0,0,0,4,0,7300,-0.0,0,0.0,0.0,0.0,0.0,0.0,0,0,0,0,0.0,0,0,0,0,0,0,0,0,0,0,0,0,0,0,0,0,0,0,0,0,0,0,0,0,0,0,0,0,0,0,0,0,0,32,30,30,62,65476,0,300,0,0,8,21553,0.0,-107605600.0,0.0,0.0,0.0,0.0,0.0,0.0,0.0,0.0,0.0,0.0,0.0,0.0,0.0,0.0,0.0,0.0,0.0,0.0,0.0,0.0,2.004,-0.0,-0.0,2.004,0.0,0.0,0.0,0.0,5431.0,0.0,6950.0,0.0,0.0,-107615280.0,0.0,0.0,0.0,0.0,0.0,63,-0.0,-0.0,0.0,0.0,0.0,0.0,0.0,0.0,0.0,0,0,0,0.0,0.0,0.0,0.0,0.0,0.0,0.0,0.0,0.0,0.0,0.0,0.0,0.0,0.0,0.0,0.0,0,-107875648.0,63,0.0,126,2.7184242562605685e+23,-0.0,ERR,ERR,ERR,ERR,ERR,ERR,ERR,ERR,ERR,ERR,ERR,ERR,ERR,ERR,ERR,ERR,ERR,ERR,ERR,ERR,ERR,ERR,ERR,ERR,ERR,ERR,ERR,ERR,ERR,ERR,ERR,ERR,ERR,ERR,ERR,ERR,ERR,ERR,ERR,ERR,ERR,ERR,ERR,ERR,ERR,ERR,ERR,ERR,ERR,ERR,ERR,ERR,ERR,ERR,ERR,ERR,ERR,ERR,ERR,ERR,ERR,ERR,ERR,ERR,ERR,ERR,ERR,34.0,80.0,35,0.0,0.0,0.0,0.0,0.0,0.0,0.0,0.0,0.0,0.0,0.0,0.0,0.0,0.0,0.0,0.0,64.4,0,117,56,50,65476,0,300,0,0,8,20529,65476,0,0,57672,80.0,0.0,0.0,0.0,0.0,0.0
2026-06-17T04:07:23,ERR,ERR,ERR,ERR,ERR,ERR,ERR,ERR,ERR,ERR,ERR,ERR,ERR,ERR,ERR,ERR,ERR,ERR,ERR,ERR,ERR,ERR,ERR,ERR,ERR,ERR,ERR,ERR,ERR,ERR,ERR,ERR,ERR,ERR,ERR,ERR,ERR,ERR,ERR,ERR,ERR,ERR,ERR,ERR,ERR,ERR,ERR,ERR,ERR,ERR,ERR,ERR,ERR,ERR,ERR,ERR,ERR,ERR,ERR,ERR,ERR,ERR,ERR,ERR,ERR,ERR,ERR,ERR,ERR,ERR,ERR,ERR,ERR,ERR,ERR,ERR,ERR,ERR,ERR,ERR,ERR,ERR,ERR,ERR,ERR,ERR,ERR,ERR,ERR,ERR,ERR,ERR,ERR,ERR,ERR,ERR,ERR,ERR,ERR,ERR,ERR,ERR,ERR,ERR,ERR,ERR,ERR,ERR,ERR,ERR,ERR,ERR,ERR,ERR,ERR,ERR,ERR,ERR,ERR,ERR,ERR,ERR,ERR,ERR,ERR,0.0,0.0,2.6474777903227054e+23,0.0,0.0,1.3936040501711995e+18,7.805,0.0,0,0,4,0,7300,-0.0,0,0.0,0.0,0.0,0.0,0.0,0,0,0,0,0.0,0,0,0,0,0,0,0,0,0,0,0,0,0,0,0,0,0,0,0,0,0,0,0,0,0,0,0,0,0,0,0,0,0,32,30,30,62,65476,0,300,0,0,8,21553,0.0,-107605600.0,0.0,0.0,0.0,0.0,0.0,0.0,0.0,0.0,0.0,0.0,0.0,0.0,0.0,0.0,0.0,0.0,0.0,0.0,0.0,0.0,2.004,-0.0,-0.0,2.004,0.0,0.0,0.0,0.0,5431.0,0.0,6950.0,0.0,0.0,-107615280.0,0.0,0.0,0.0,0.0,0.0,63,-0.0,-0.0,0.0,0.0,0.0,0.0,0.0,0.0,0.0,0,0,0,0.0,0.0,0.0,0.0,0.0,0.0,0.0,0.0,0.0,0.0,0.0,0.0,0.0,0.0,0.0,0.0,0,-107875648.0,63,0.0,126,2.7184242562605685e+23,-0.0,ERR,ERR,ERR,ERR,ERR,ERR,ERR,ERR,ERR,ERR,ERR,ERR,ERR,ERR,ERR,ERR,ERR,ERR,ERR,ERR,ERR,ERR,ERR,ERR,ERR,ERR,ERR,ERR,ERR,ERR,ERR,ERR,ERR,ERR,ERR,ERR,ERR,ERR,ERR,ERR,ERR,ERR,ERR,ERR,ERR,ERR,ERR,ERR,ERR,ERR,ERR,ERR,ERR,ERR,ERR,ERR,ERR,ERR,ERR,ERR,ERR,ERR,ERR,ERR,ERR,ERR,ERR,34.0,80.0,35,0.0,0.0,0.0,0.0,0.0,0.0,0.0,0.0,0.0,0.0,0.0,0.0,0.0,0.0,0.0,0.0,64.4,0,117,56,50,65476,0,300,0,0,8,20529,65476,0,0,57672,80.0,0.0,0.0,0.0,0.0,0.0
2026-06-17T04:07:24,ERR,ERR,ERR,ERR,ERR,ERR,ERR,ERR,ERR,ERR,ERR,ERR,ERR,ERR,ERR,ERR,ERR,ERR,ERR,ERR,ERR,ERR,ERR,ERR,ERR,ERR,ERR,ERR,ERR,ERR,ERR,ERR,ERR,ERR,ERR,ERR,ERR,ERR,ERR,ERR,ERR,ERR,ERR,ERR,ERR,ERR,ERR,ERR,ERR,ERR,ERR,ERR,ERR,ERR,ERR,ERR,ERR,ERR,ERR,ERR,ERR,ERR,ERR,ERR,ERR,ERR,ERR,ERR,ERR,ERR,ERR,ERR,ERR,ERR,ERR,ERR,ERR,ERR,ERR,ERR,ERR,ERR,ERR,ERR,ERR,ERR,ERR,ERR,ERR,ERR,ERR,ERR,ERR,ERR,ERR,ERR,ERR,ERR,ERR,ERR,ERR,ERR,ERR,ERR,ERR,ERR,ERR,ERR,ERR,ERR,ERR,ERR,ERR,ERR,ERR,ERR,ERR,ERR,ERR,ERR,ERR,ERR,ERR,ERR,ERR,0.0,0.0,2.6474777903227054e+23,0.0,0.0,1.3936040501711995e+18,7.805,0.0,0,0,4,0,7300,-0.0,0,0.0,0.0,0.0,0.0,0.0,0,0,0,0,0.0,0,0,0,0,0,0,0,0,0,0,0,0,0,0,0,0,0,0,0,0,0,0,0,0,0,0,0,0,0,0,0,0,0,32,30,30,62,65476,0,300,0,0,8,21553,0.0,-107605600.0,0.0,0.0,0.0,0.0,0.0,0.0,0.0,0.0,0.0,0.0,0.0,0.0,0.0,0.0,0.0,0.0,0.0,0.0,0.0,0.0,2.004,-0.0,-0.0,2.004,0.0,0.0,0.0,0.0,5431.0,0.0,6950.0,0.0,0.0,-107615280.0,0.0,0.0,0.0,0.0,0.0,63,-0.0,-0.0,0.0,0.0,0.0,0.0,0.0,0.0,0.0,0,0,0,0.0,0.0,0.0,0.0,0.0,0.0,0.0,0.0,0.0,0.0,0.0,0.0,0.0,0.0,0.0,0.0,0,-107875648.0,63,0.0,126,2.7184242562605685e+23,-0.0,ERR,ERR,ERR,ERR,ERR,ERR,ERR,ERR,ERR,ERR,ERR,ERR,ERR,ERR,ERR,ERR,ERR,ERR,ERR,ERR,ERR,ERR,ERR,ERR,ERR,ERR,ERR,ERR,ERR,ERR,ERR,ERR,ERR,ERR,ERR,ERR,ERR,ERR,ERR,ERR,ERR,ERR,ERR,ERR,ERR,ERR,ERR,ERR,ERR,ERR,ERR,ERR,ERR,ERR,ERR,ERR,ERR,ERR,ERR,ERR,ERR,ERR,ERR,ERR,ERR,ERR,ERR,34.0,80.0,35,0.0,0.0,0.0,0.0,0.0,0.0,0.0,0.0,0.0,0.0,0.0,0.0,0.0,0.0,0.0,0.0,64.4,0,117,56,50,65476,0,300,0,0,8,20529,65476,0,0,57672,80.0,0.0,0.0,0.0,0.0,0.0
2026-06-17T04:07:25,ERR,ERR,ERR,ERR,ERR,ERR,ERR,ERR,ERR,ERR,ERR,ERR,ERR,ERR,ERR,ERR,ERR,ERR,ERR,ERR,ERR,ERR,ERR,ERR,ERR,ERR,ERR,ERR,ERR,ERR,ERR,ERR,ERR,ERR,ERR,ERR,ERR,ERR,ERR,ERR,ERR,ERR,ERR,ERR,ERR,ERR,ERR,ERR,ERR,ERR,ERR,ERR,ERR,ERR,ERR,ERR,ERR,ERR,ERR,ERR,ERR,ERR,ERR,ERR,ERR,ERR,ERR,ERR,ERR,ERR,ERR,ERR,ERR,ERR,ERR,ERR,ERR,ERR,ERR,ERR,ERR,ERR,ERR,ERR,ERR,ERR,ERR,ERR,ERR,ERR,ERR,ERR,ERR,ERR,ERR,ERR,ERR,ERR,ERR,ERR,ERR,ERR,ERR,ERR,ERR,ERR,ERR,ERR,ERR,ERR,ERR,ERR,ERR,ERR,ERR,ERR,ERR,ERR,ERR,ERR,ERR,ERR,ERR,ERR,ERR,0.0,0.0,2.6474777903227054e+23,0.0,0.0,1.3936040501711995e+18,7.805,0.0,0,0,4,0,7300,-0.0,0,0.0,0.0,0.0,0.0,0.0,0,0,0,0,0.0,0,0,0,0,0,0,0,0,0,0,0,0,0,0,0,0,0,0,0,0,0,0,0,0,0,0,0,0,0,0,0,0,0,32,30,30,62,65476,0,300,0,0,8,21553,0.0,-107605600.0,0.0,0.0,0.0,0.0,0.0,0.0,0.0,0.0,0.0,0.0,0.0,0.0,0.0,0.0,0.0,0.0,0.0,0.0,0.0,0.0,2.004,-0.0,-0.0,2.004,0.0,0.0,0.0,0.0,5433.0,2.004,6952.0,0.0,0.0,-107615280.0,0.0,0.0,0.0,0.0,0.0,63,-0.059,-0.0,0.0,0.0,0.0,0.0,0.0,0.0,0.0,0,0,0,0.0,0.0,0.0,0.0,0.0,0.0,0.0,0.0,0.0,0.0,0.0,0.0,0.0,0.0,0.0,0.0,0,-107875648.0,63,0.0,126,2.7184242562605685e+23,-0.0,ERR,ERR,ERR,ERR,ERR,ERR,ERR,ERR,ERR,ERR,ERR,ERR,ERR,ERR,ERR,ERR,ERR,ERR,ERR,ERR,ERR,ERR,ERR,ERR,ERR,ERR,ERR,ERR,ERR,ERR,ERR,ERR,ERR,ERR,ERR,ERR,ERR,ERR,ERR,ERR,ERR,ERR,ERR,ERR,ERR,ERR,ERR,ERR,ERR,ERR,ERR,ERR,ERR,ERR,ERR,ERR,ERR,ERR,ERR,ERR,ERR,ERR,ERR,ERR,ERR,ERR,ERR,34.0,80.0,35,0.0,0.0,0.0,0.0,0.0,0.0,0.0,0.0,0.0,0.0,0.0,0.0,0.0,0.0,0.0,0.0,64.4,0,117,56,50,65476,0,300,0,0,8,20529,65476,0,0,57672,80.0,0.0,0.0,0.0,0.0,0.0
2026-06-17T04:07:26,ERR,ERR,ERR,ERR,ERR,ERR,ERR,ERR,ERR,ERR,ERR,ERR,ERR,ERR,ERR,ERR,ERR,ERR,ERR,ERR,ERR,ERR,ERR,ERR,ERR,ERR,ERR,ERR,ERR,ERR,ERR,ERR,ERR,ERR,ERR,ERR,ERR,ERR,ERR,ERR,ERR,ERR,ERR,ERR,ERR,ERR,ERR,ERR,ERR,ERR,ERR,ERR,ERR,ERR,ERR,ERR,ERR,ERR,ERR,ERR,ERR,ERR,ERR,ERR,ERR,ERR,ERR,ERR,ERR,ERR,ERR,ERR,ERR,ERR,ERR,ERR,ERR,ERR,ERR,ERR,ERR,ERR,ERR,ERR,ERR,ERR,ERR,ERR,ERR,ERR,ERR,ERR,ERR,ERR,ERR,ERR,ERR,ERR,ERR,ERR,ERR,ERR,ERR,ERR,ERR,ERR,ERR,ERR,ERR,ERR,ERR,ERR,ERR,ERR,ERR,ERR,ERR,ERR,ERR,ERR,ERR,ERR,ERR,ERR,ERR,0.0,0.0,2.6474777903227054e+23,0.0,0.0,1.3936040501711995e+18,7.805,0.0,0,0,4,0,7300,-0.0,0,0.0,0.0,0.0,0.0,0.0,0,0,0,0,0.0,0,0,0,0,0,0,0,0,0,0,0,0,0,0,0,0,0,0,0,0,0,0,0,0,0,0,0,0,0,0,0,0,0,32,30,30,62,65476,0,300,0,0,8,21553,0.0,-107605600.0,0.0,0.0,0.0,0.0,0.0,0.0,0.0,0.0,0.0,0.0,0.0,0.0,0.0,0.0,0.0,0.0,0.0,0.0,0.0,0.0,2.004,-0.0,-0.0,2.004,0.0,0.0,0.0,0.0,5433.0,2.004,6952.0,0.0,0.0,-107615280.0,0.0,0.0,0.0,0.0,0.0,63,-0.059,-0.0,0.0,0.0,0.0,0.0,0.0,0.0,0.0,0,0,0,0.0,0.0,0.0,0.0,0.0,0.0,0.0,0.0,0.0,0.0,0.0,0.0,0.0,0.0,0.0,0.0,0,-107875648.0,63,0.0,126,2.7184242562605685e+23,-0.0,ERR,ERR,ERR,ERR,ERR,ERR,ERR,ERR,ERR,ERR,ERR,ERR,ERR,ERR,ERR,ERR,ERR,ERR,ERR,ERR,ERR,ERR,ERR,ERR,ERR,ERR,ERR,ERR,ERR,ERR,ERR,ERR,ERR,ERR,ERR,ERR,ERR,ERR,ERR,ERR,ERR,ERR,ERR,ERR,ERR,ERR,ERR,ERR,ERR,ERR,ERR,ERR,ERR,ERR,ERR,ERR,ERR,ERR,ERR,ERR,ERR,ERR,ERR,ERR,ERR,ERR,ERR,34.0,80.0,35,0.0,0.0,0.0,0.0,0.0,0.0,0.0,0.0,0.0,0.0,0.0,0.0,0.0,0.0,0.0,0.0,64.4,0,117,56,50,65476,0,300,0,0,8,20529,65476,0,0,57672,80.0,0.0,0.0,0.0,0.0,0.0
2026-06-17T04:07:27,ERR,ERR,ERR,ERR,ERR,ERR,ERR,ERR,ERR,ERR,ERR,ERR,ERR,ERR,ERR,ERR,ERR,ERR,ERR,ERR,ERR,ERR,ERR,ERR,ERR,ERR,ERR,ERR,ERR,ERR,ERR,ERR,ERR,ERR,ERR,ERR,ERR,ERR,ERR,ERR,ERR,ERR,ERR,ERR,ERR,ERR,ERR,ERR,ERR,ERR,ERR,ERR,ERR,ERR,ERR,ERR,ERR,ERR,ERR,ERR,ERR,ERR,ERR,ERR,ERR,ERR,ERR,ERR,ERR,ERR,ERR,ERR,ERR,ERR,ERR,ERR,ERR,ERR,ERR,ERR,ERR,ERR,ERR,ERR,ERR,ERR,ERR,ERR,ERR,ERR,ERR,ERR,ERR,ERR,ERR,ERR,ERR,ERR,ERR,ERR,ERR,ERR,ERR,ERR,ERR,ERR,ERR,ERR,ERR,ERR,ERR,ERR,ERR,ERR,ERR,ERR,ERR,ERR,ERR,ERR,ERR,ERR,ERR,ERR,ERR,0.0,0.0,2.6474777903227054e+23,0.0,0.0,1.3936040501711995e+18,7.805,0.0,0,0,4,0,7300,-0.0,0,0.0,0.0,0.0,0.0,0.0,0,0,0,0,0.0,0,0,0,0,0,0,0,0,0,0,0,0,0,0,0,0,0,0,0,0,0,0,0,0,0,0,0,0,0,0,0,0,0,32,30,30,62,65476,0,300,0,0,8,21553,0.0,-107605600.0,0.0,0.0,0.0,0.0,0.0,0.0,0.0,0.0,0.0,0.0,0.0,0.0,0.0,0.0,0.0,0.0,0.0,0.0,0.0,0.0,2.004,-0.0,-0.0,2.004,0.0,0.0,0.0,0.0,5433.0,2.004,6952.0,0.0,0.0,-107615280.0,0.0,0.0,0.0,0.0,0.0,63,-0.059,-0.0,0.0,0.0,0.0,0.0,0.0,0.0,0.0,0,0,0,0.0,0.0,0.0,0.0,0.0,0.0,0.0,0.0,0.0,0.0,0.0,0.0,0.0,0.0,0.0,0.0,0,-107875648.0,63,0.0,126,2.7184242562605685e+23,-0.0,ERR,ERR,ERR,ERR,ERR,ERR,ERR,ERR,ERR,ERR,ERR,ERR,ERR,ERR,ERR,ERR,ERR,ERR,ERR,ERR,ERR,ERR,ERR,ERR,ERR,ERR,ERR,ERR,ERR,ERR,ERR,ERR,ERR,ERR,ERR,ERR,ERR,ERR,ERR,ERR,ERR,ERR,ERR,ERR,ERR,ERR,ERR,ERR,ERR,ERR,ERR,ERR,ERR,ERR,ERR,ERR,ERR,ERR,ERR,ERR,ERR,ERR,ERR,ERR,ERR,ERR,ERR,34.0,80.0,35,0.0,0.0,0.0,0.0,0.0,0.0,0.0,0.0,0.0,0.0,0.0,0.0,0.0,0.0,0.0,0.0,64.4,0,117,56,50,65476,0,300,0,0,8,20529,65476,0,0,57672,80.0,0.0,0.0,0.0,0.0,0.0
2026-06-17T04:07:28,ERR,ERR,ERR,ERR,ERR,ERR,ERR,ERR,ERR,ERR,ERR,ERR,ERR,ERR,ERR,ERR,ERR,ERR,ERR,ERR,ERR,ERR,ERR,ERR,ERR,ERR,ERR,ERR,ERR,ERR,ERR,ERR,ERR,ERR,ERR,ERR,ERR,ERR,ERR,ERR,ERR,ERR,ERR,ERR,ERR,ERR,ERR,ERR,ERR,ERR,ERR,ERR,ERR,ERR,ERR,ERR,ERR,ERR,ERR,ERR,ERR,ERR,ERR,ERR,ERR,ERR,ERR,ERR,ERR,ERR,ERR,ERR,ERR,ERR,ERR,ERR,ERR,ERR,ERR,ERR,ERR,ERR,ERR,ERR,ERR,ERR,ERR,ERR,ERR,ERR,ERR,ERR,ERR,ERR,ERR,ERR,ERR,ERR,ERR,ERR,ERR,ERR,ERR,ERR,ERR,ERR,ERR,ERR,ERR,ERR,ERR,ERR,ERR,ERR,ERR,ERR,ERR,ERR,ERR,ERR,ERR,ERR,ERR,ERR,ERR,0.0,0.0,2.6474777903227054e+23,0.0,0.0,1.3936040501711995e+18,7.805,0.0,0,0,4,0,7300,-0.0,0,0.0,0.0,0.0,0.0,0.0,0,0,0,0,0.0,0,0,0,0,0,0,0,0,0,0,0,0,0,0,0,0,0,0,0,0,0,0,0,0,0,0,0,0,0,0,0,0,0,32,30,30,62,65476,0,300,0,0,8,21553,0.0,-107605600.0,0.0,0.0,0.0,0.0,0.0,0.0,0.0,0.0,0.0,0.0,0.0,0.0,0.0,0.0,0.0,0.0,0.0,0.0,0.0,0.0,2.004,-0.0,-0.0,2.004,0.0,0.0,0.0,0.0,5433.0,2.004,6952.0,0.0,0.0,-107615280.0,0.0,0.0,0.0,0.0,0.0,63,-0.059,-0.0,0.0,0.0,0.0,0.0,0.0,0.0,0.0,0,0,0,0.0,0.0,0.0,0.0,0.0,0.0,0.0,0.0,0.0,0.0,0.0,0.0,0.0,0.0,0.0,0.0,0,-107875648.0,63,0.0,126,2.7184242562605685e+23,-0.0,ERR,ERR,ERR,ERR,ERR,ERR,ERR,ERR,ERR,ERR,ERR,ERR,ERR,ERR,ERR,ERR,ERR,ERR,ERR,ERR,ERR,ERR,ERR,ERR,ERR,ERR,ERR,ERR,ERR,ERR,ERR,ERR,ERR,ERR,ERR,ERR,ERR,ERR,ERR,ERR,ERR,ERR,ERR,ERR,ERR,ERR,ERR,ERR,ERR,ERR,ERR,ERR,ERR,ERR,ERR,ERR,ERR,ERR,ERR,ERR,ERR,ERR,ERR,ERR,ERR,ERR,ERR,34.0,80.0,35,0.0,0.0,0.0,0.0,0.0,0.0,0.0,0.0,0.0,0.0,0.0,0.0,0.0,0.0,0.0,0.0,64.4,0,117,56,50,65476,0,300,0,0,8,20529,65476,0,0,57672,80.0,0.0,0.0,0.0,0.0,0.0
2026-06-17T04:07:29,ERR,ERR,ERR,ERR,ERR,ERR,ERR,ERR,ERR,ERR,ERR,ERR,ERR,ERR,ERR,ERR,ERR,ERR,ERR,ERR,ERR,ERR,ERR,ERR,ERR,ERR,ERR,ERR,ERR,ERR,ERR,ERR,ERR,ERR,ERR,ERR,ERR,ERR,ERR,ERR,ERR,ERR,ERR,ERR,ERR,ERR,ERR,ERR,ERR,ERR,ERR,ERR,ERR,ERR,ERR,ERR,ERR,ERR,ERR,ERR,ERR,ERR,ERR,ERR,ERR,ERR,ERR,ERR,ERR,ERR,ERR,ERR,ERR,ERR,ERR,ERR,ERR,ERR,ERR,ERR,ERR,ERR,ERR,ERR,ERR,ERR,ERR,ERR,ERR,ERR,ERR,ERR,ERR,ERR,ERR,ERR,ERR,ERR,ERR,ERR,ERR,ERR,ERR,ERR,ERR,ERR,ERR,ERR,ERR,ERR,ERR,ERR,ERR,ERR,ERR,ERR,ERR,ERR,ERR,ERR,ERR,ERR,ERR,ERR,ERR,0.0,0.0,2.6474777903227054e+23,0.0,0.0,1.3936040501711995e+18,7.805,0.0,0,0,4,0,7300,-0.0,0,0.0,0.0,0.0,0.0,0.0,0,0,0,0,0.0,0,0,0,0,0,0,0,0,0,0,0,0,0,0,0,0,0,0,0,0,0,0,0,0,0,0,0,0,0,0,0,0,0,32,30,30,62,65476,0,300,0,0,8,21553,0.0,-107605600.0,0.0,0.0,0.0,0.0,0.0,0.0,0.0,0.0,0.0,0.0,0.0,0.0,0.0,0.0,0.0,0.0,0.0,0.0,0.0,0.0,2.004,-0.0,-0.0,2.004,0.0,0.0,0.0,0.0,5433.0,2.004,6952.0,0.0,0.0,-107615280.0,0.0,0.0,0.0,0.0,0.0,63,-0.059,-0.0,0.0,0.0,0.0,0.0,0.0,0.0,0.0,0,0,0,0.0,0.0,0.0,0.0,0.0,0.0,0.0,0.0,0.0,0.0,0.0,0.0,0.0,0.0,0.0,0.0,0,-107875648.0,63,0.0,126,2.7184242562605685e+23,-0.0,ERR,ERR,ERR,ERR,ERR,ERR,ERR,ERR,ERR,ERR,ERR,ERR,ERR,ERR,ERR,ERR,ERR,ERR,ERR,ERR,ERR,ERR,ERR,ERR,ERR,ERR,ERR,ERR,ERR,ERR,ERR,ERR,ERR,ERR,ERR,ERR,ERR,ERR,ERR,ERR,ERR,ERR,ERR,ERR,ERR,ERR,ERR,ERR,ERR,ERR,ERR,ERR,ERR,ERR,ERR,ERR,ERR,ERR,ERR,ERR,ERR,ERR,ERR,ERR,ERR,ERR,ERR,34.0,80.0,35,0.0,0.0,0.0,0.0,0.0,0.0,0.0,0.0,0.0,0.0,0.0,0.0,0.0,0.0,0.0,0.0,64.4,0,117,56,50,65476,0,300,0,0,8,20529,65476,0,0,57672,80.0,0.0,0.0,0.0,0.0,0.0
2026-06-17T04:07:30,ERR,ERR,ERR,ERR,ERR,ERR,ERR,ERR,ERR,ERR,ERR,ERR,ERR,ERR,ERR,ERR,ERR,ERR,ERR,ERR,ERR,ERR,ERR,ERR,ERR,ERR,ERR,ERR,ERR,ERR,ERR,ERR,ERR,ERR,ERR,ERR,ERR,ERR,ERR,ERR,ERR,ERR,ERR,ERR,ERR,ERR,ERR,ERR,ERR,ERR,ERR,ERR,ERR,ERR,ERR,ERR,ERR,ERR,ERR,ERR,ERR,ERR,ERR,ERR,ERR,ERR,ERR,ERR,ERR,ERR,ERR,ERR,ERR,ERR,ERR,ERR,ERR,ERR,ERR,ERR,ERR,ERR,ERR,ERR,ERR,ERR,ERR,ERR,ERR,ERR,ERR,ERR,ERR,ERR,ERR,ERR,ERR,ERR,ERR,ERR,ERR,ERR,ERR,ERR,ERR,ERR,ERR,ERR,ERR,ERR,ERR,ERR,ERR,ERR,ERR,ERR,ERR,ERR,ERR,ERR,ERR,ERR,ERR,ERR,ERR,0.0,0.0,2.6474777903227054e+23,0.0,0.0,1.3936040501711995e+18,7.805,0.0,0,0,4,0,7300,-0.0,0,0.0,0.0,0.0,0.0,0.0,0,0,0,0,0.0,0,0,0,0,0,0,0,0,0,0,0,0,0,0,0,0,0,0,0,0,0,0,0,0,0,0,0,0,0,0,0,0,0,32,30,30,62,65476,0,300,0,0,8,21553,0.0,-107605600.0,0.0,0.0,0.0,0.0,0.0,0.0,0.0,0.0,0.0,0.0,0.0,0.0,0.0,0.0,0.0,0.0,0.0,0.0,0.0,0.0,2.004,-0.0,-0.0,2.004,0.0,0.0,0.0,0.0,5433.0,-8608195584.0,6970.0,0.0,0.0,-107615280.0,0.0,0.0,0.0,0.0,0.0,63,-0.059,1.905688843344937e+17,0.0,0.0,0.0,0.0,0.0,0.0,0.0,0,0,0,0.0,0.0,0.0,0.0,0.0,0.0,0.0,0.0,0.0,0.0,0.0,0.0,0.0,0.0,0.0,0.0,0,-107875648.0,63,0.0,126,2.7184242562605685e+23,-0.0,ERR,ERR,ERR,ERR,ERR,ERR,ERR,ERR,ERR,ERR,ERR,ERR,ERR,ERR,ERR,ERR,ERR,ERR,ERR,ERR,ERR,ERR,ERR,ERR,ERR,ERR,ERR,ERR,ERR,ERR,ERR,ERR,ERR,ERR,ERR,ERR,ERR,ERR,ERR,ERR,ERR,ERR,ERR,ERR,ERR,ERR,ERR,ERR,ERR,ERR,ERR,ERR,ERR,ERR,ERR,ERR,ERR,ERR,ERR,ERR,ERR,ERR,ERR,ERR,ERR,ERR,ERR,34.0,80.0,35,0.0,0.0,0.0,0.0,0.0,0.0,0.0,0.0,0.0,0.0,0.0,0.0,0.0,0.0,0.0,0.0,64.4,0,117,56,50,65476,0,300,0,0,8,20529,65476,0,0,57672,80.0,0.0,0.0,0.0,0.0,0.0
2026-06-17T04:07:31,ERR,ERR,ERR,ERR,ERR,ERR,ERR,ERR,ERR,ERR,ERR,ERR,ERR,ERR,ERR,ERR,ERR,ERR,ERR,ERR,ERR,ERR,ERR,ERR,ERR,ERR,ERR,ERR,ERR,ERR,ERR,ERR,ERR,ERR,ERR,ERR,ERR,ERR,ERR,ERR,ERR,ERR,ERR,ERR,ERR,ERR,ERR,ERR,ERR,ERR,ERR,ERR,ERR,ERR,ERR,ERR,ERR,ERR,ERR,ERR,ERR,ERR,ERR,ERR,ERR,ERR,ERR,ERR,ERR,ERR,ERR,ERR,ERR,ERR,ERR,ERR,ERR,ERR,ERR,ERR,ERR,ERR,ERR,ERR,ERR,ERR,ERR,ERR,ERR,ERR,ERR,ERR,ERR,ERR,ERR,ERR,ERR,ERR,ERR,ERR,ERR,ERR,ERR,ERR,ERR,ERR,ERR,ERR,ERR,ERR,ERR,ERR,ERR,ERR,ERR,ERR,ERR,ERR,ERR,ERR,ERR,ERR,ERR,ERR,ERR,0.0,0.0,2.6474777903227054e+23,0.0,0.0,1.3936040501711995e+18,7.805,0.0,0,0,4,0,7300,-0.0,0,0.0,0.0,0.0,0.0,0.0,0,0,0,0,0.0,0,0,0,0,0,0,0,0,0,0,0,0,0,0,0,0,0,0,0,0,0,0,0,0,0,0,0,0,0,0,0,0,0,32,30,30,62,65476,0,300,0,0,8,21553,0.0,-107605600.0,0.0,0.0,0.0,0.0,0.0,0.0,0.0,0.0,0.0,0.0,0.0,0.0,0.0,0.0,0.0,0.0,0.0,0.0,0.0,0.0,2.004,-0.0,-0.0,2.004,0.0,0.0,0.0,0.0,5433.0,-8608195584.0,6970.0,0.0,0.0,-107615280.0,0.0,0.0,0.0,0.0,0.0,63,-0.059,1.905688843344937e+17,0.0,0.0,0.0,0.0,0.0,0.0,0.0,0,0,0,0.0,0.0,0.0,0.0,0.0,0.0,0.0,0.0,0.0,0.0,0.0,0.0,0.0,0.0,0.0,0.0,0,-107875648.0,63,0.0,126,2.7184242562605685e+23,-0.0,ERR,ERR,ERR,ERR,ERR,ERR,ERR,ERR,ERR,ERR,ERR,ERR,ERR,ERR,ERR,ERR,ERR,ERR,ERR,ERR,ERR,ERR,ERR,ERR,ERR,ERR,ERR,ERR,ERR,ERR,ERR,ERR,ERR,ERR,ERR,ERR,ERR,ERR,ERR,ERR,ERR,ERR,ERR,ERR,ERR,ERR,ERR,ERR,ERR,ERR,ERR,ERR,ERR,ERR,ERR,ERR,ERR,ERR,ERR,ERR,ERR,ERR,ERR,ERR,ERR,ERR,ERR,34.0,80.0,35,0.0,0.0,0.0,0.0,0.0,0.0,0.0,0.0,0.0,0.0,0.0,0.0,0.0,0.0,0.0,0.0,64.8,0,117,56,50,65476,0,300,0,0,8,20529,65476,0,0,57672,80.0,0.0,0.0,0.0,0.0,0.0
2026-06-17T04:07:32,ERR,ERR,ERR,ERR,ERR,ERR,ERR,ERR,ERR,ERR,ERR,ERR,ERR,ERR,ERR,ERR,ERR,ERR,ERR,ERR,ERR,ERR,ERR,ERR,ERR,ERR,ERR,ERR,ERR,ERR,ERR,ERR,ERR,ERR,ERR,ERR,ERR,ERR,ERR,ERR,ERR,ERR,ERR,ERR,ERR,ERR,ERR,ERR,ERR,ERR,ERR,ERR,ERR,ERR,ERR,ERR,ERR,ERR,ERR,ERR,ERR,ERR,ERR,ERR,ERR,ERR,ERR,ERR,ERR,ERR,ERR,ERR,ERR,ERR,ERR,ERR,ERR,ERR,ERR,ERR,ERR,ERR,ERR,ERR,ERR,ERR,ERR,ERR,ERR,ERR,ERR,ERR,ERR,ERR,ERR,ERR,ERR,ERR,ERR,ERR,ERR,ERR,ERR,ERR,ERR,ERR,ERR,ERR,ERR,ERR,ERR,ERR,ERR,ERR,ERR,ERR,ERR,ERR,ERR,ERR,ERR,ERR,ERR,ERR,ERR,0.0,0.0,2.6474777903227054e+23,0.0,0.0,1.3936040501711995e+18,7.805,0.0,0,0,4,0,7300,-0.0,0,0.0,0.0,0.0,0.0,0.0,0,0,0,0,0.0,0,0,0,0,0,0,0,0,0,0,0,0,0,0,0,0,0,0,0,0,0,0,0,0,0,0,0,0,0,0,0,0,0,32,30,30,62,65476,0,300,0,0,8,21553,0.0,-107605600.0,0.0,0.0,0.0,0.0,0.0,0.0,0.0,0.0,0.0,0.0,0.0,0.0,0.0,0.0,0.0,0.0,0.0,0.0,0.0,0.0,2.004,-0.0,-0.0,2.004,0.0,0.0,0.0,0.0,5433.0,-8608195584.0,6970.0,0.0,0.0,-107615280.0,0.0,0.0,0.0,0.0,0.0,63,-0.059,1.905688843344937e+17,0.0,0.0,0.0,0.0,0.0,0.0,0.0,0,0,0,0.0,0.0,0.0,0.0,0.0,0.0,0.0,0.0,0.0,0.0,0.0,0.0,0.0,0.0,0.0,0.0,0,-107875648.0,63,0.0,126,2.7184242562605685e+23,-0.0,ERR,ERR,ERR,ERR,ERR,ERR,ERR,ERR,ERR,ERR,ERR,ERR,ERR,ERR,ERR,ERR,ERR,ERR,ERR,ERR,ERR,ERR,ERR,ERR,ERR,ERR,ERR,ERR,ERR,ERR,ERR,ERR,ERR,ERR,ERR,ERR,ERR,ERR,ERR,ERR,ERR,ERR,ERR,ERR,ERR,ERR,ERR,ERR,ERR,ERR,ERR,ERR,ERR,ERR,ERR,ERR,ERR,ERR,ERR,ERR,ERR,ERR,ERR,ERR,ERR,ERR,ERR,34.0,80.0,35,0.0,0.0,0.0,0.0,0.0,0.0,0.0,0.0,0.0,0.0,0.0,0.0,0.0,0.0,0.0,0.0,64.8,0,117,56,50,65476,0,300,0,0,8,20529,65476,0,0,57672,80.0,0.0,0.0,0.0,0.0,0.0
2026-06-17T04:07:33,ERR,ERR,ERR,ERR,ERR,ERR,ERR,ERR,ERR,ERR,ERR,ERR,ERR,ERR,ERR,ERR,ERR,ERR,ERR,ERR,ERR,ERR,ERR,ERR,ERR,ERR,ERR,ERR,ERR,ERR,ERR,ERR,ERR,ERR,ERR,ERR,ERR,ERR,ERR,ERR,ERR,ERR,ERR,ERR,ERR,ERR,ERR,ERR,ERR,ERR,ERR,ERR,ERR,ERR,ERR,ERR,ERR,ERR,ERR,ERR,ERR,ERR,ERR,ERR,ERR,ERR,ERR,ERR,ERR,ERR,ERR,ERR,ERR,ERR,ERR,ERR,ERR,ERR,ERR,ERR,ERR,ERR,ERR,ERR,ERR,ERR,ERR,ERR,ERR,ERR,ERR,ERR,ERR,ERR,ERR,ERR,ERR,ERR,ERR,ERR,ERR,ERR,ERR,ERR,ERR,ERR,ERR,ERR,ERR,ERR,ERR,ERR,ERR,ERR,ERR,ERR,ERR,ERR,ERR,ERR,ERR,ERR,ERR,ERR,ERR,0.0,0.0,2.6474777903227054e+23,0.0,0.0,1.3936040501711995e+18,7.805,0.0,0,0,4,0,7300,-0.0,0,0.0,0.0,0.0,0.0,0.0,0,0,0,0,0.0,0,0,0,0,0,0,0,0,0,0,0,0,0,0,0,0,0,0,0,0,0,0,0,0,0,0,0,0,0,0,0,0,0,32,30,30,62,65476,0,300,0,0,8,21553,0.0,-107605600.0,0.0,0.0,0.0,0.0,0.0,0.0,0.0,0.0,0.0,0.0,0.0,0.0,0.0,0.0,0.0,0.0,0.0,0.0,0.0,0.0,2.004,-0.0,-0.0,2.004,0.0,0.0,0.0,0.0,5433.0,-8608195584.0,6970.0,0.0,0.0,-107615280.0,0.0,0.0,0.0,0.0,0.0,63,-0.059,1.905688843344937e+17,0.0,0.0,0.0,0.0,0.0,0.0,0.0,0,0,0,0.0,0.0,0.0,0.0,0.0,0.0,0.0,0.0,0.0,0.0,0.0,0.0,0.0,0.0,0.0,0.0,0,-107875648.0,63,0.0,126,2.7184242562605685e+23,-0.0,ERR,ERR,ERR,ERR,ERR,ERR,ERR,ERR,ERR,ERR,ERR,ERR,ERR,ERR,ERR,ERR,ERR,ERR,ERR,ERR,ERR,ERR,ERR,ERR,ERR,ERR,ERR,ERR,ERR,ERR,ERR,ERR,ERR,ERR,ERR,ERR,ERR,ERR,ERR,ERR,ERR,ERR,ERR,ERR,ERR,ERR,ERR,ERR,ERR,ERR,ERR,ERR,ERR,ERR,ERR,ERR,ERR,ERR,ERR,ERR,ERR,ERR,ERR,ERR,ERR,ERR,ERR,34.0,80.0,35,0.0,0.0,0.0,0.0,0.0,0.0,0.0,0.0,0.0,0.0,0.0,0.0,0.0,0.0,0.0,0.0,64.4,0,117,56,50,65476,0,300,0,0,8,20529,65476,0,0,57672,80.0,0.0,0.0,0.0,0.0,0.0
2026-06-17T04:07:34,ERR,ERR,ERR,ERR,ERR,ERR,ERR,ERR,ERR,ERR,ERR,ERR,ERR,ERR,ERR,ERR,ERR,ERR,ERR,ERR,ERR,ERR,ERR,ERR,ERR,ERR,ERR,ERR,ERR,ERR,ERR,ERR,ERR,ERR,ERR,ERR,ERR,ERR,ERR,ERR,ERR,ERR,ERR,ERR,ERR,ERR,ERR,ERR,ERR,ERR,ERR,ERR,ERR,ERR,ERR,ERR,ERR,ERR,ERR,ERR,ERR,ERR,ERR,ERR,ERR,ERR,ERR,ERR,ERR,ERR,ERR,ERR,ERR,ERR,ERR,ERR,ERR,ERR,ERR,ERR,ERR,ERR,ERR,ERR,ERR,ERR,ERR,ERR,ERR,ERR,ERR,ERR,ERR,ERR,ERR,ERR,ERR,ERR,ERR,ERR,ERR,ERR,ERR,ERR,ERR,ERR,ERR,ERR,ERR,ERR,ERR,ERR,ERR,ERR,ERR,ERR,ERR,ERR,ERR,ERR,ERR,ERR,ERR,ERR,ERR,0.0,0.0,2.6474777903227054e+23,0.0,0.0,1.3936040501711995e+18,7.805,0.0,0,0,4,0,7300,-0.0,0,0.0,0.0,0.0,0.0,0.0,0,0,0,0,0.0,0,0,0,0,0,0,0,0,0,0,0,0,0,0,0,0,0,0,0,0,0,0,0,0,0,0,0,0,0,0,0,0,0,32,30,30,62,65476,0,300,0,0,8,21553,0.0,-107605600.0,0.0,0.0,0.0,0.0,0.0,0.0,0.0,0.0,0.0,0.0,0.0,0.0,0.0,0.0,0.0,0.0,0.0,0.0,0.0,0.0,2.004,-0.0,-0.0,2.004,0.0,0.0,0.0,0.0,5433.0,-8608195584.0,6970.0,0.0,0.0,-107615280.0,0.0,0.0,0.0,0.0,0.0,63,-0.059,1.905688843344937e+17,0.0,0.0,0.0,0.0,0.0,0.0,0.0,0,0,0,0.0,0.0,0.0,0.0,0.0,0.0,0.0,0.0,0.0,0.0,0.0,0.0,0.0,0.0,0.0,0.0,0,-107875648.0,63,0.0,126,2.7184242562605685e+23,-0.0,ERR,ERR,ERR,ERR,ERR,ERR,ERR,ERR,ERR,ERR,ERR,ERR,ERR,ERR,ERR,ERR,ERR,ERR,ERR,ERR,ERR,ERR,ERR,ERR,ERR,ERR,ERR,ERR,ERR,ERR,ERR,ERR,ERR,ERR,ERR,ERR,ERR,ERR,ERR,ERR,ERR,ERR,ERR,ERR,ERR,ERR,ERR,ERR,ERR,ERR,ERR,ERR,ERR,ERR,ERR,ERR,ERR,ERR,ERR,ERR,ERR,ERR,ERR,ERR,ERR,ERR,ERR,34.0,80.0,35,0.0,0.0,0.0,0.0,0.0,0.0,0.0,0.0,0.0,0.0,0.0,0.0,0.0,0.0,0.0,0.0,64.4,0,117,56,50,65476,0,300,0,0,8,20529,65476,0,0,57672,80.0,0.0,0.0,0.0,0.0,0.0
2026-06-17T04:07:35,ERR,ERR,ERR,ERR,ERR,ERR,ERR,ERR,ERR,ERR,ERR,ERR,ERR,ERR,ERR,ERR,ERR,ERR,ERR,ERR,ERR,ERR,ERR,ERR,ERR,ERR,ERR,ERR,ERR,ERR,ERR,ERR,ERR,ERR,ERR,ERR,ERR,ERR,ERR,ERR,ERR,ERR,ERR,ERR,ERR,ERR,ERR,ERR,ERR,ERR,ERR,ERR,ERR,ERR,ERR,ERR,ERR,ERR,ERR,ERR,ERR,ERR,ERR,ERR,ERR,ERR,ERR,ERR,ERR,ERR,ERR,ERR,ERR,ERR,ERR,ERR,ERR,ERR,ERR,ERR,ERR,ERR,ERR,ERR,ERR,ERR,ERR,ERR,ERR,ERR,ERR,ERR,ERR,ERR,ERR,ERR,ERR,ERR,ERR,ERR,ERR,ERR,ERR,ERR,ERR,ERR,ERR,ERR,ERR,ERR,ERR,ERR,ERR,ERR,ERR,ERR,ERR,ERR,ERR,ERR,ERR,ERR,ERR,ERR,ERR,0.0,0.0,2.6474777903227054e+23,0.0,0.0,1.3936040501711995e+18,7.805,0.0,0,0,4,0,7300,-0.0,0,0.0,0.0,0.0,0.0,0.0,0,0,0,0,0.0,0,0,0,0,0,0,0,0,0,0,0,0,0,0,0,0,0,0,0,0,0,0,0,0,0,0,0,0,0,0,0,0,0,32,30,30,62,65476,0,300,0,0,8,21553,0.0,-107605600.0,0.0,0.0,0.0,0.0,0.0,0.0,0.0,0.0,0.0,0.0,0.0,0.0,0.0,0.0,0.0,0.0,0.0,0.0,0.0,0.0,2.004,-0.0,-0.0,2.004,0.0,0.0,0.0,0.0,5433.0,-8608195584.0,6970.0,0.0,0.0,-107615280.0,0.0,0.0,0.0,0.0,0.0,63,-0.059,1.905688843344937e+17,0.0,0.0,0.0,0.0,0.0,0.0,0.0,0,0,0,0.0,0.0,0.0,0.0,0.0,0.0,0.0,0.0,0.0,0.0,0.0,0.0,0.0,0.0,0.0,0.0,0,-107875648.0,63,0.0,126,2.7184242562605685e+23,-0.0,ERR,ERR,ERR,ERR,ERR,ERR,ERR,ERR,ERR,ERR,ERR,ERR,ERR,ERR,ERR,ERR,ERR,ERR,ERR,ERR,ERR,ERR,ERR,ERR,ERR,ERR,ERR,ERR,ERR,ERR,ERR,ERR,ERR,ERR,ERR,ERR,ERR,ERR,ERR,ERR,ERR,ERR,ERR,ERR,ERR,ERR,ERR,ERR,ERR,ERR,ERR,ERR,ERR,ERR,ERR,ERR,ERR,ERR,ERR,ERR,ERR,ERR,ERR,ERR,ERR,ERR,ERR,34.0,80.0,35,0.0,0.0,0.0,0.0,0.0,0.0,0.0,0.0,0.0,0.0,0.0,0.0,0.0,0.0,0.0,0.0,64.4,0,117,56,50,65476,0,300,0,0,8,20529,65476,0,0,57672,80.0,0.0,0.0,0.0,0.0,0.0
2026-06-17T04:07:36,ERR,ERR,ERR,ERR,ERR,ERR,ERR,ERR,ERR,ERR,ERR,ERR,ERR,ERR,ERR,ERR,ERR,ERR,ERR,ERR,ERR,ERR,ERR,ERR,ERR,ERR,ERR,ERR,ERR,ERR,ERR,ERR,ERR,ERR,ERR,ERR,ERR,ERR,ERR,ERR,ERR,ERR,ERR,ERR,ERR,ERR,ERR,ERR,ERR,ERR,ERR,ERR,ERR,ERR,ERR,ERR,ERR,ERR,ERR,ERR,ERR,ERR,ERR,ERR,ERR,ERR,ERR,ERR,ERR,ERR,ERR,ERR,ERR,ERR,ERR,ERR,ERR,ERR,ERR,ERR,ERR,ERR,ERR,ERR,ERR,ERR,ERR,ERR,ERR,ERR,ERR,ERR,ERR,ERR,ERR,ERR,ERR,ERR,ERR,ERR,ERR,ERR,ERR,ERR,ERR,ERR,ERR,ERR,ERR,ERR,ERR,ERR,ERR,ERR,ERR,ERR,ERR,ERR,ERR,ERR,ERR,ERR,ERR,ERR,ERR,0.0,0.0,2.6474777903227054e+23,0.0,0.0,1.3936040501711995e+18,7.805,0.0,0,0,4,0,7300,-0.0,0,0.0,0.0,0.0,0.0,0.0,0,0,0,0,0.0,0,0,0,0,0,0,0,0,0,0,0,0,0,0,0,0,0,0,0,0,0,0,0,0,0,0,0,0,0,0,0,0,0,32,30,30,62,65476,0,300,0,0,8,21553,0.0,-107605600.0,0.0,0.0,0.0,0.0,0.0,0.0,0.0,0.0,0.0,0.0,0.0,0.0,0.0,0.0,0.0,0.0,0.0,0.0,0.0,0.0,2.004,-0.0,-0.0,2.004,0.0,0.0,0.0,0.0,5459.0,2.004,6952.0,0.0,0.0,-107615280.0,0.0,0.0,0.0,0.0,0.0,63,-0.0,-3.222009039136753e+26,0.0,0.0,0.0,0.0,0.0,0.0,0.0,0,0,0,0.0,0.0,0.0,0.0,0.0,0.0,0.0,0.0,0.0,0.0,0.0,0.0,0.0,0.0,0.0,0.0,0,-107875648.0,63,0.0,126,2.7184242562605685e+23,-0.0,ERR,ERR,ERR,ERR,ERR,ERR,ERR,ERR,ERR,ERR,ERR,ERR,ERR,ERR,ERR,ERR,ERR,ERR,ERR,ERR,ERR,ERR,ERR,ERR,ERR,ERR,ERR,ERR,ERR,ERR,ERR,ERR,ERR,ERR,ERR,ERR,ERR,ERR,ERR,ERR,ERR,ERR,ERR,ERR,ERR,ERR,ERR,ERR,ERR,ERR,ERR,ERR,ERR,ERR,ERR,ERR,ERR,ERR,ERR,ERR,ERR,ERR,ERR,ERR,ERR,ERR,ERR,34.0,80.0,35,0.0,0.0,0.0,0.0,0.0,0.0,0.0,0.0,0.0,0.0,0.0,0.0,0.0,0.0,0.0,0.0,64.4,0,117,56,50,65476,0,300,0,0,8,20529,65476,0,0,57672,80.0,0.0,0.0,0.0,0.0,0.0
2026-06-17T04:07:37,ERR,ERR,ERR,ERR,ERR,ERR,ERR,ERR,ERR,ERR,ERR,ERR,ERR,ERR,ERR,ERR,ERR,ERR,ERR,ERR,ERR,ERR,ERR,ERR,ERR,ERR,ERR,ERR,ERR,ERR,ERR,ERR,ERR,ERR,ERR,ERR,ERR,ERR,ERR,ERR,ERR,ERR,ERR,ERR,ERR,ERR,ERR,ERR,ERR,ERR,ERR,ERR,ERR,ERR,ERR,ERR,ERR,ERR,ERR,ERR,ERR,ERR,ERR,ERR,ERR,ERR,ERR,ERR,ERR,ERR,ERR,ERR,ERR,ERR,ERR,ERR,ERR,ERR,ERR,ERR,ERR,ERR,ERR,ERR,ERR,ERR,ERR,ERR,ERR,ERR,ERR,ERR,ERR,ERR,ERR,ERR,ERR,ERR,ERR,ERR,ERR,ERR,ERR,ERR,ERR,ERR,ERR,ERR,ERR,ERR,ERR,ERR,ERR,ERR,ERR,ERR,ERR,ERR,ERR,ERR,ERR,ERR,ERR,ERR,ERR,0.0,0.0,2.6474777903227054e+23,0.0,0.0,1.3936040501711995e+18,7.805,0.0,0,0,4,0,7300,-0.0,0,0.0,0.0,0.0,0.0,0.0,0,0,0,0,0.0,0,0,0,0,0,0,0,0,0,0,0,0,0,0,0,0,0,0,0,0,0,0,0,0,0,0,0,0,0,0,0,0,0,32,30,30,62,65476,0,300,0,0,8,21553,0.0,-107605600.0,0.0,0.0,0.0,0.0,0.0,0.0,0.0,0.0,0.0,0.0,0.0,0.0,0.0,0.0,0.0,0.0,0.0,0.0,0.0,0.0,2.004,-0.0,-0.0,2.004,0.0,0.0,0.0,0.0,5459.0,2.004,6952.0,0.0,0.0,-107615280.0,0.0,0.0,0.0,0.0,0.0,63,-0.0,-3.222009039136753e+26,0.0,0.0,0.0,0.0,0.0,0.0,0.0,0,0,0,0.0,0.0,0.0,0.0,0.0,0.0,0.0,0.0,0.0,0.0,0.0,0.0,0.0,0.0,0.0,0.0,0,-107875648.0,63,0.0,126,2.7184242562605685e+23,-0.0,ERR,ERR,ERR,ERR,ERR,ERR,ERR,ERR,ERR,ERR,ERR,ERR,ERR,ERR,ERR,ERR,ERR,ERR,ERR,ERR,ERR,ERR,ERR,ERR,ERR,ERR,ERR,ERR,ERR,ERR,ERR,ERR,ERR,ERR,ERR,ERR,ERR,ERR,ERR,ERR,ERR,ERR,ERR,ERR,ERR,ERR,ERR,ERR,ERR,ERR,ERR,ERR,ERR,ERR,ERR,ERR,ERR,ERR,ERR,ERR,ERR,ERR,ERR,ERR,ERR,ERR,ERR,34.0,80.0,35,0.0,0.0,0.0,0.0,0.0,0.0,0.0,0.0,0.0,0.0,0.0,0.0,0.0,0.0,0.0,0.0,64.4,0,117,56,50,65476,0,300,0,0,8,20529,65476,0,0,57672,80.0,0.0,0.0,0.0,0.0,0.0
2026-06-17T04:07:38,ERR,ERR,ERR,ERR,ERR,ERR,ERR,ERR,ERR,ERR,ERR,ERR,ERR,ERR,ERR,ERR,ERR,ERR,ERR,ERR,ERR,ERR,ERR,ERR,ERR,ERR,ERR,ERR,ERR,ERR,ERR,ERR,ERR,ERR,ERR,ERR,ERR,ERR,ERR,ERR,ERR,ERR,ERR,ERR,ERR,ERR,ERR,ERR,ERR,ERR,ERR,ERR,ERR,ERR,ERR,ERR,ERR,ERR,ERR,ERR,ERR,ERR,ERR,ERR,ERR,ERR,ERR,ERR,ERR,ERR,ERR,ERR,ERR,ERR,ERR,ERR,ERR,ERR,ERR,ERR,ERR,ERR,ERR,ERR,ERR,ERR,ERR,ERR,ERR,ERR,ERR,ERR,ERR,ERR,ERR,ERR,ERR,ERR,ERR,ERR,ERR,ERR,ERR,ERR,ERR,ERR,ERR,ERR,ERR,ERR,ERR,ERR,ERR,ERR,ERR,ERR,ERR,ERR,ERR,ERR,ERR,ERR,ERR,ERR,ERR,0.0,0.0,2.6474777903227054e+23,0.0,0.0,1.3936040501711995e+18,7.805,0.0,0,0,4,0,7300,-0.0,0,0.0,0.0,0.0,0.0,0.0,0,0,0,0,0.0,0,0,0,0,0,0,0,0,0,0,0,0,0,0,0,0,0,0,0,0,0,0,0,0,0,0,0,0,0,0,0,0,0,32,30,30,62,65476,0,300,0,0,8,21553,0.0,-107605600.0,0.0,0.0,0.0,0.0,0.0,0.0,0.0,0.0,0.0,0.0,0.0,0.0,0.0,0.0,0.0,0.0,0.0,0.0,0.0,0.0,2.004,-0.0,-0.0,2.004,0.0,0.0,0.0,0.0,5459.0,2.004,6952.0,0.0,0.0,-107615280.0,0.0,0.0,0.0,0.0,0.0,63,-0.0,-3.222009039136753e+26,0.0,0.0,0.0,0.0,0.0,0.0,0.0,0,0,0,0.0,0.0,0.0,0.0,0.0,0.0,0.0,0.0,0.0,0.0,0.0,0.0,0.0,0.0,0.0,0.0,0,-107875648.0,63,0.0,126,2.7184242562605685e+23,-0.0,ERR,ERR,ERR,ERR,ERR,ERR,ERR,ERR,ERR,ERR,ERR,ERR,ERR,ERR,ERR,ERR,ERR,ERR,ERR,ERR,ERR,ERR,ERR,ERR,ERR,ERR,ERR,ERR,ERR,ERR,ERR,ERR,ERR,ERR,ERR,ERR,ERR,ERR,ERR,ERR,ERR,ERR,ERR,ERR,ERR,ERR,ERR,ERR,ERR,ERR,ERR,ERR,ERR,ERR,ERR,ERR,ERR,ERR,ERR,ERR,ERR,ERR,ERR,ERR,ERR,ERR,ERR,34.0,80.0,35,0.0,0.0,0.0,0.0,0.0,0.0,0.0,0.0,0.0,0.0,0.0,0.0,0.0,0.0,0.0,0.0,64.8,0,117,56,50,65476,0,300,0,0,8,20529,65476,0,0,57672,80.0,0.0,0.0,0.0,0.0,0.0
2026-06-17T04:07:39,ERR,ERR,ERR,ERR,ERR,ERR,ERR,ERR,ERR,ERR,ERR,ERR,ERR,ERR,ERR,ERR,ERR,ERR,ERR,ERR,ERR,ERR,ERR,ERR,ERR,ERR,ERR,ERR,ERR,ERR,ERR,ERR,ERR,ERR,ERR,ERR,ERR,ERR,ERR,ERR,ERR,ERR,ERR,ERR,ERR,ERR,ERR,ERR,ERR,ERR,ERR,ERR,ERR,ERR,ERR,ERR,ERR,ERR,ERR,ERR,ERR,ERR,ERR,ERR,ERR,ERR,ERR,ERR,ERR,ERR,ERR,ERR,ERR,ERR,ERR,ERR,ERR,ERR,ERR,ERR,ERR,ERR,ERR,ERR,ERR,ERR,ERR,ERR,ERR,ERR,ERR,ERR,ERR,ERR,ERR,ERR,ERR,ERR,ERR,ERR,ERR,ERR,ERR,ERR,ERR,ERR,ERR,ERR,ERR,ERR,ERR,ERR,ERR,ERR,ERR,ERR,ERR,ERR,ERR,ERR,ERR,ERR,ERR,ERR,ERR,0.0,0.0,2.6474777903227054e+23,0.0,0.0,1.3936040501711995e+18,7.805,0.0,0,0,4,0,7300,-0.0,0,0.0,0.0,0.0,0.0,0.0,0,0,0,0,0.0,0,0,0,0,0,0,0,0,0,0,0,0,0,0,0,0,0,0,0,0,0,0,0,0,0,0,0,0,0,0,0,0,0,32,30,30,62,65476,0,300,0,0,8,21553,0.0,-107605600.0,0.0,0.0,0.0,0.0,0.0,0.0,0.0,0.0,0.0,0.0,0.0,0.0,0.0,0.0,0.0,0.0,0.0,0.0,0.0,0.0,2.004,-0.0,-0.0,2.004,0.0,0.0,0.0,0.0,5459.0,2.004,6952.0,0.0,0.0,-107615280.0,0.0,0.0,0.0,0.0,0.0,63,-0.0,-3.222009039136753e+26,0.0,0.0,0.0,0.0,0.0,0.0,0.0,0,0,0,0.0,0.0,0.0,0.0,0.0,0.0,0.0,0.0,0.0,0.0,0.0,0.0,0.0,0.0,0.0,0.0,0,-107875648.0,63,0.0,126,2.7184242562605685e+23,-0.0,ERR,ERR,ERR,ERR,ERR,ERR,ERR,ERR,ERR,ERR,ERR,ERR,ERR,ERR,ERR,ERR,ERR,ERR,ERR,ERR,ERR,ERR,ERR,ERR,ERR,ERR,ERR,ERR,ERR,ERR,ERR,ERR,ERR,ERR,ERR,ERR,ERR,ERR,ERR,ERR,ERR,ERR,ERR,ERR,ERR,ERR,ERR,ERR,ERR,ERR,ERR,ERR,ERR,ERR,ERR,ERR,ERR,ERR,ERR,ERR,ERR,ERR,ERR,ERR,ERR,ERR,ERR,34.0,80.0,35,0.0,0.0,0.0,0.0,0.0,0.0,0.0,0.0,0.0,0.0,0.0,0.0,0.0,0.0,0.0,0.0,64.8,0,117,56,50,65476,0,300,0,0,8,20529,65476,0,0,57672,80.0,0.0,0.0,0.0,0.0,0.0
2026-06-17T04:07:40,ERR,ERR,ERR,ERR,ERR,ERR,ERR,ERR,ERR,ERR,ERR,ERR,ERR,ERR,ERR,ERR,ERR,ERR,ERR,ERR,ERR,ERR,ERR,ERR,ERR,ERR,ERR,ERR,ERR,ERR,ERR,ERR,ERR,ERR,ERR,ERR,ERR,ERR,ERR,ERR,ERR,ERR,ERR,ERR,ERR,ERR,ERR,ERR,ERR,ERR,ERR,ERR,ERR,ERR,ERR,ERR,ERR,ERR,ERR,ERR,ERR,ERR,ERR,ERR,ERR,ERR,ERR,ERR,ERR,ERR,ERR,ERR,ERR,ERR,ERR,ERR,ERR,ERR,ERR,ERR,ERR,ERR,ERR,ERR,ERR,ERR,ERR,ERR,ERR,ERR,ERR,ERR,ERR,ERR,ERR,ERR,ERR,ERR,ERR,ERR,ERR,ERR,ERR,ERR,ERR,ERR,ERR,ERR,ERR,ERR,ERR,ERR,ERR,ERR,ERR,ERR,ERR,ERR,ERR,ERR,ERR,ERR,ERR,ERR,ERR,0.0,0.0,2.6474777903227054e+23,0.0,0.0,1.3936040501711995e+18,7.805,0.0,0,0,4,0,7300,-0.0,0,0.0,0.0,0.0,0.0,0.0,0,0,0,0,0.0,0,0,0,0,0,0,0,0,0,0,0,0,0,0,0,0,0,0,0,0,0,0,0,0,0,0,0,0,0,0,0,0,0,32,30,30,62,65476,0,300,0,0,8,21553,0.0,-107605600.0,0.0,0.0,0.0,0.0,0.0,0.0,0.0,0.0,0.0,0.0,0.0,0.0,0.0,0.0,0.0,0.0,0.0,0.0,0.0,0.0,2.004,-0.0,-0.0,2.004,0.0,0.0,0.0,0.0,5459.0,2.004,6952.0,0.0,0.0,-107615280.0,0.0,0.0,0.0,0.0,0.0,63,-0.0,-3.222009039136753e+26,0.0,0.0,0.0,0.0,0.0,0.0,0.0,0,0,0,0.0,0.0,0.0,0.0,0.0,0.0,0.0,0.0,0.0,0.0,0.0,0.0,0.0,0.0,0.0,0.0,0,-107875648.0,63,0.0,126,2.7184242562605685e+23,-0.0,ERR,ERR,ERR,ERR,ERR,ERR,ERR,ERR,ERR,ERR,ERR,ERR,ERR,ERR,ERR,ERR,ERR,ERR,ERR,ERR,ERR,ERR,ERR,ERR,ERR,ERR,ERR,ERR,ERR,ERR,ERR,ERR,ERR,ERR,ERR,ERR,ERR,ERR,ERR,ERR,ERR,ERR,ERR,ERR,ERR,ERR,ERR,ERR,ERR,ERR,ERR,ERR,ERR,ERR,ERR,ERR,ERR,ERR,ERR,ERR,ERR,ERR,ERR,ERR,ERR,ERR,ERR,34.0,80.0,35,0.0,0.0,0.0,0.0,0.0,0.0,0.0,0.0,0.0,0.0,0.0,0.0,0.0,0.0,0.0,0.0,64.4,0,117,56,50,65476,0,300,0,0,8,20529,65476,0,0,57672,80.0,0.0,0.0,0.0,0.0,0.0
2026-06-17T04:07:41,ERR,ERR,ERR,ERR,ERR,ERR,ERR,ERR,ERR,ERR,ERR,ERR,ERR,ERR,ERR,ERR,ERR,ERR,ERR,ERR,ERR,ERR,ERR,ERR,ERR,ERR,ERR,ERR,ERR,ERR,ERR,ERR,ERR,ERR,ERR,ERR,ERR,ERR,ERR,ERR,ERR,ERR,ERR,ERR,ERR,ERR,ERR,ERR,ERR,ERR,ERR,ERR,ERR,ERR,ERR,ERR,ERR,ERR,ERR,ERR,ERR,ERR,ERR,ERR,ERR,ERR,ERR,ERR,ERR,ERR,ERR,ERR,ERR,ERR,ERR,ERR,ERR,ERR,ERR,ERR,ERR,ERR,ERR,ERR,ERR,ERR,ERR,ERR,ERR,ERR,ERR,ERR,ERR,ERR,ERR,ERR,ERR,ERR,ERR,ERR,ERR,ERR,ERR,ERR,ERR,ERR,ERR,ERR,ERR,ERR,ERR,ERR,ERR,ERR,ERR,ERR,ERR,ERR,ERR,ERR,ERR,ERR,ERR,ERR,ERR,0.0,0.0,2.6474777903227054e+23,0.0,0.0,1.3936040501711995e+18,7.805,0.0,0,0,4,0,7300,-0.0,0,0.0,0.0,0.0,0.0,0.0,0,0,0,0,0.0,0,0,0,0,0,0,0,0,0,0,0,0,0,0,0,0,0,0,0,0,0,0,0,0,0,0,0,0,0,0,0,0,0,32,30,30,62,65476,0,300,0,0,8,21553,0.0,-107605600.0,0.0,0.0,0.0,0.0,0.0,0.0,0.0,0.0,0.0,0.0,0.0,0.0,0.0,0.0,0.0,0.0,0.0,0.0,0.0,0.0,2.004,-0.0,-0.0,2.004,0.0,0.0,0.0,0.0,5454.0,-0.0,6967.0,0.0,0.0,-107615280.0,0.0,0.0,0.0,0.0,0.0,63,-0.0,-0.0,0.0,0.0,0.0,0.0,0.0,0.0,0.0,0,0,0,0.0,0.0,0.0,0.0,0.0,0.0,0.0,0.0,0.0,0.0,0.0,0.0,0.0,0.0,0.0,0.0,0,-107875648.0,63,0.0,126,2.7184242562605685e+23,-0.0,ERR,ERR,ERR,ERR,ERR,ERR,ERR,ERR,ERR,ERR,ERR,ERR,ERR,ERR,ERR,ERR,ERR,ERR,ERR,ERR,ERR,ERR,ERR,ERR,ERR,ERR,ERR,ERR,ERR,ERR,ERR,ERR,ERR,ERR,ERR,ERR,ERR,ERR,ERR,ERR,ERR,ERR,ERR,ERR,ERR,ERR,ERR,ERR,ERR,ERR,ERR,ERR,ERR,ERR,ERR,ERR,ERR,ERR,ERR,ERR,ERR,ERR,ERR,ERR,ERR,ERR,ERR,34.0,80.0,35,0.0,0.0,0.0,0.0,0.0,0.0,0.0,0.0,0.0,0.0,0.0,0.0,0.0,0.0,0.0,0.0,64.4,0,117,56,50,65476,0,300,0,0,8,20529,65476,0,0,57672,80.0,0.0,0.0,0.0,0.0,0.0
2026-06-17T04:07:42,ERR,ERR,ERR,ERR,ERR,ERR,ERR,ERR,ERR,ERR,ERR,ERR,ERR,ERR,ERR,ERR,ERR,ERR,ERR,ERR,ERR,ERR,ERR,ERR,ERR,ERR,ERR,ERR,ERR,ERR,ERR,ERR,ERR,ERR,ERR,ERR,ERR,ERR,ERR,ERR,ERR,ERR,ERR,ERR,ERR,ERR,ERR,ERR,ERR,ERR,ERR,ERR,ERR,ERR,ERR,ERR,ERR,ERR,ERR,ERR,ERR,ERR,ERR,ERR,ERR,ERR,ERR,ERR,ERR,ERR,ERR,ERR,ERR,ERR,ERR,ERR,ERR,ERR,ERR,ERR,ERR,ERR,ERR,ERR,ERR,ERR,ERR,ERR,ERR,ERR,ERR,ERR,ERR,ERR,ERR,ERR,ERR,ERR,ERR,ERR,ERR,ERR,ERR,ERR,ERR,ERR,ERR,ERR,ERR,ERR,ERR,ERR,ERR,ERR,ERR,ERR,ERR,ERR,ERR,ERR,ERR,ERR,ERR,ERR,ERR,0.0,0.0,2.6474777903227054e+23,0.0,0.0,1.3936040501711995e+18,7.805,0.0,0,0,4,0,7300,-0.0,0,0.0,0.0,0.0,0.0,0.0,0,0,0,0,0.0,0,0,0,0,0,0,0,0,0,0,0,0,0,0,0,0,0,0,0,0,0,0,0,0,0,0,0,0,0,0,0,0,0,32,30,30,62,65476,0,300,0,0,8,21553,0.0,-107605600.0,0.0,0.0,0.0,0.0,0.0,0.0,0.0,0.0,0.0,0.0,0.0,0.0,0.0,0.0,0.0,0.0,0.0,0.0,0.0,0.0,2.004,-0.0,-0.0,2.004,0.0,0.0,0.0,0.0,5454.0,-0.0,6967.0,0.0,0.0,-107615280.0,0.0,0.0,0.0,0.0,0.0,63,-0.0,-0.0,0.0,0.0,0.0,0.0,0.0,0.0,0.0,0,0,0,0.0,0.0,0.0,0.0,0.0,0.0,0.0,0.0,0.0,0.0,0.0,0.0,0.0,0.0,0.0,0.0,0,-107875648.0,63,0.0,126,2.7184242562605685e+23,-0.0,ERR,ERR,ERR,ERR,ERR,ERR,ERR,ERR,ERR,ERR,ERR,ERR,ERR,ERR,ERR,ERR,ERR,ERR,ERR,ERR,ERR,ERR,ERR,ERR,ERR,ERR,ERR,ERR,ERR,ERR,ERR,ERR,ERR,ERR,ERR,ERR,ERR,ERR,ERR,ERR,ERR,ERR,ERR,ERR,ERR,ERR,ERR,ERR,ERR,ERR,ERR,ERR,ERR,ERR,ERR,ERR,ERR,ERR,ERR,ERR,ERR,ERR,ERR,ERR,ERR,ERR,ERR,34.0,80.0,35,0.0,0.0,0.0,0.0,0.0,0.0,0.0,0.0,0.0,0.0,0.0,0.0,0.0,0.0,0.0,0.0,64.4,0,117,56,50,65476,0,300,0,0,8,20529,65476,0,0,57672,80.0,0.0,0.0,0.0,0.0,0.0
2026-06-17T04:07:43,ERR,ERR,ERR,ERR,ERR,ERR,ERR,ERR,ERR,ERR,ERR,ERR,ERR,ERR,ERR,ERR,ERR,ERR,ERR,ERR,ERR,ERR,ERR,ERR,ERR,ERR,ERR,ERR,ERR,ERR,ERR,ERR,ERR,ERR,ERR,ERR,ERR,ERR,ERR,ERR,ERR,ERR,ERR,ERR,ERR,ERR,ERR,ERR,ERR,ERR,ERR,ERR,ERR,ERR,ERR,ERR,ERR,ERR,ERR,ERR,ERR,ERR,ERR,ERR,ERR,ERR,ERR,ERR,ERR,ERR,ERR,ERR,ERR,ERR,ERR,ERR,ERR,ERR,ERR,ERR,ERR,ERR,ERR,ERR,ERR,ERR,ERR,ERR,ERR,ERR,ERR,ERR,ERR,ERR,ERR,ERR,ERR,ERR,ERR,ERR,ERR,ERR,ERR,ERR,ERR,ERR,ERR,ERR,ERR,ERR,ERR,ERR,ERR,ERR,ERR,ERR,ERR,ERR,ERR,ERR,ERR,ERR,ERR,ERR,ERR,0.0,0.0,2.6474777903227054e+23,0.0,0.0,1.3936040501711995e+18,7.805,0.0,0,0,4,0,7300,-0.0,0,0.0,0.0,0.0,0.0,0.0,0,0,0,0,0.0,0,0,0,0,0,0,0,0,0,0,0,0,0,0,0,0,0,0,0,0,0,0,0,0,0,0,0,0,0,0,0,0,0,32,30,30,62,65476,0,300,0,0,8,21553,0.0,-107605600.0,0.0,0.0,0.0,0.0,0.0,0.0,0.0,0.0,0.0,0.0,0.0,0.0,0.0,0.0,0.0,0.0,0.0,0.0,0.0,0.0,2.004,-0.0,-0.0,2.004,0.0,0.0,0.0,0.0,5454.0,-0.0,6967.0,0.0,0.0,-107615280.0,0.0,0.0,0.0,0.0,0.0,63,-0.0,-0.0,0.0,0.0,0.0,0.0,0.0,0.0,0.0,0,0,0,0.0,0.0,0.0,0.0,0.0,0.0,0.0,0.0,0.0,0.0,0.0,0.0,0.0,0.0,0.0,0.0,0,-107875648.0,63,0.0,126,2.7184242562605685e+23,-0.0,ERR,ERR,ERR,ERR,ERR,ERR,ERR,ERR,ERR,ERR,ERR,ERR,ERR,ERR,ERR,ERR,ERR,ERR,ERR,ERR,ERR,ERR,ERR,ERR,ERR,ERR,ERR,ERR,ERR,ERR,ERR,ERR,ERR,ERR,ERR,ERR,ERR,ERR,ERR,ERR,ERR,ERR,ERR,ERR,ERR,ERR,ERR,ERR,ERR,ERR,ERR,ERR,ERR,ERR,ERR,ERR,ERR,ERR,ERR,ERR,ERR,ERR,ERR,ERR,ERR,ERR,ERR,34.0,80.0,35,0.0,0.0,0.0,0.0,0.0,0.0,0.0,0.0,0.0,0.0,0.0,0.0,0.0,0.0,0.0,0.0,64.4,0,117,56,50,65476,0,300,0,0,8,20529,65476,0,0,57672,80.0,0.0,0.0,0.0,0.0,0.0
2026-06-17T04:07:44,ERR,ERR,ERR,ERR,ERR,ERR,ERR,ERR,ERR,ERR,ERR,ERR,ERR,ERR,ERR,ERR,ERR,ERR,ERR,ERR,ERR,ERR,ERR,ERR,ERR,ERR,ERR,ERR,ERR,ERR,ERR,ERR,ERR,ERR,ERR,ERR,ERR,ERR,ERR,ERR,ERR,ERR,ERR,ERR,ERR,ERR,ERR,ERR,ERR,ERR,ERR,ERR,ERR,ERR,ERR,ERR,ERR,ERR,ERR,ERR,ERR,ERR,ERR,ERR,ERR,ERR,ERR,ERR,ERR,ERR,ERR,ERR,ERR,ERR,ERR,ERR,ERR,ERR,ERR,ERR,ERR,ERR,ERR,ERR,ERR,ERR,ERR,ERR,ERR,ERR,ERR,ERR,ERR,ERR,ERR,ERR,ERR,ERR,ERR,ERR,ERR,ERR,ERR,ERR,ERR,ERR,ERR,ERR,ERR,ERR,ERR,ERR,ERR,ERR,ERR,ERR,ERR,ERR,ERR,ERR,ERR,ERR,ERR,ERR,ERR,0.0,0.0,2.6474777903227054e+23,0.0,0.0,1.3936040501711995e+18,7.805,0.0,0,0,4,0,7300,-0.0,0,0.0,0.0,0.0,0.0,0.0,0,0,0,0,0.0,0,0,0,0,0,0,0,0,0,0,0,0,0,0,0,0,0,0,0,0,0,0,0,0,0,0,0,0,0,0,0,0,0,32,30,30,62,65476,0,300,0,0,8,21553,0.0,-107605600.0,0.0,0.0,0.0,0.0,0.0,0.0,0.0,0.0,0.0,0.0,0.0,0.0,0.0,0.0,0.0,0.0,0.0,0.0,0.0,0.0,2.004,-0.0,-0.0,2.004,0.0,0.0,0.0,0.0,5454.0,-0.0,6967.0,0.0,0.0,-107615280.0,0.0,0.0,0.0,0.0,0.0,63,-0.0,-0.0,0.0,0.0,0.0,0.0,0.0,0.0,0.0,0,0,0,0.0,0.0,0.0,0.0,0.0,0.0,0.0,0.0,0.0,0.0,0.0,0.0,0.0,0.0,0.0,0.0,0,-107875648.0,63,0.0,126,2.7184242562605685e+23,-0.0,ERR,ERR,ERR,ERR,ERR,ERR,ERR,ERR,ERR,ERR,ERR,ERR,ERR,ERR,ERR,ERR,ERR,ERR,ERR,ERR,ERR,ERR,ERR,ERR,ERR,ERR,ERR,ERR,ERR,ERR,ERR,ERR,ERR,ERR,ERR,ERR,ERR,ERR,ERR,ERR,ERR,ERR,ERR,ERR,ERR,ERR,ERR,ERR,ERR,ERR,ERR,ERR,ERR,ERR,ERR,ERR,ERR,ERR,ERR,ERR,ERR,ERR,ERR,ERR,ERR,ERR,ERR,34.0,80.0,35,0.0,0.0,0.0,0.0,0.0,0.0,0.0,0.0,0.0,0.0,0.0,0.0,0.0,0.0,0.0,0.0,64.8,0,117,56,50,65476,0,300,0,0,8,20529,65476,0,0,57672,80.0,0.0,0.0,0.0,0.0,0.0
2026-06-17T04:07:45,ERR,ERR,ERR,ERR,ERR,ERR,ERR,ERR,ERR,ERR,ERR,ERR,ERR,ERR,ERR,ERR,ERR,ERR,ERR,ERR,ERR,ERR,ERR,ERR,ERR,ERR,ERR,ERR,ERR,ERR,ERR,ERR,ERR,ERR,ERR,ERR,ERR,ERR,ERR,ERR,ERR,ERR,ERR,ERR,ERR,ERR,ERR,ERR,ERR,ERR,ERR,ERR,ERR,ERR,ERR,ERR,ERR,ERR,ERR,ERR,ERR,ERR,ERR,ERR,ERR,ERR,ERR,ERR,ERR,ERR,ERR,ERR,ERR,ERR,ERR,ERR,ERR,ERR,ERR,ERR,ERR,ERR,ERR,ERR,ERR,ERR,ERR,ERR,ERR,ERR,ERR,ERR,ERR,ERR,ERR,ERR,ERR,ERR,ERR,ERR,ERR,ERR,ERR,ERR,ERR,ERR,ERR,ERR,ERR,ERR,ERR,ERR,ERR,ERR,ERR,ERR,ERR,ERR,ERR,ERR,ERR,ERR,ERR,ERR,ERR,0.0,0.0,2.6474777903227054e+23,0.0,0.0,1.3936040501711995e+18,7.805,0.0,0,0,4,0,7300,-0.0,0,0.0,0.0,0.0,0.0,0.0,0,0,0,0,0.0,0,0,0,0,0,0,0,0,0,0,0,0,0,0,0,0,0,0,0,0,0,0,0,0,0,0,0,0,0,0,0,0,0,32,30,30,62,65476,0,300,0,0,8,21553,0.0,-107605600.0,0.0,0.0,0.0,0.0,0.0,0.0,0.0,0.0,0.0,0.0,0.0,0.0,0.0,0.0,0.0,0.0,0.0,0.0,0.0,0.0,2.004,-0.0,-0.0,2.004,0.0,0.0,0.0,0.0,5454.0,-0.0,6967.0,0.0,0.0,-107615280.0,0.0,0.0,0.0,0.0,0.0,63,-0.0,-0.0,0.0,0.0,0.0,0.0,0.0,0.0,0.0,0,0,0,0.0,0.0,0.0,0.0,0.0,0.0,0.0,0.0,0.0,0.0,0.0,0.0,0.0,0.0,0.0,0.0,0,-107875648.0,63,0.0,126,2.7184242562605685e+23,-0.0,ERR,ERR,ERR,ERR,ERR,ERR,ERR,ERR,ERR,ERR,ERR,ERR,ERR,ERR,ERR,ERR,ERR,ERR,ERR,ERR,ERR,ERR,ERR,ERR,ERR,ERR,ERR,ERR,ERR,ERR,ERR,ERR,ERR,ERR,ERR,ERR,ERR,ERR,ERR,ERR,ERR,ERR,ERR,ERR,ERR,ERR,ERR,ERR,ERR,ERR,ERR,ERR,ERR,ERR,ERR,ERR,ERR,ERR,ERR,ERR,ERR,ERR,ERR,ERR,ERR,ERR,ERR,34.0,80.0,35,0.0,0.0,0.0,0.0,0.0,0.0,0.0,0.0,0.0,0.0,0.0,0.0,0.0,0.0,0.0,0.0,64.8,0,117,56,50,65476,0,300,0,0,8,20529,65476,0,0,57672,80.0,0.0,0.0,0.0,0.0,0.0
2026-06-17T04:07:46,ERR,ERR,ERR,ERR,ERR,ERR,ERR,ERR,ERR,ERR,ERR,ERR,ERR,ERR,ERR,ERR,ERR,ERR,ERR,ERR,ERR,ERR,ERR,ERR,ERR,ERR,ERR,ERR,ERR,ERR,ERR,ERR,ERR,ERR,ERR,ERR,ERR,ERR,ERR,ERR,ERR,ERR,ERR,ERR,ERR,ERR,ERR,ERR,ERR,ERR,ERR,ERR,ERR,ERR,ERR,ERR,ERR,ERR,ERR,ERR,ERR,ERR,ERR,ERR,ERR,ERR,ERR,ERR,ERR,ERR,ERR,ERR,ERR,ERR,ERR,ERR,ERR,ERR,ERR,ERR,ERR,ERR,ERR,ERR,ERR,ERR,ERR,ERR,ERR,ERR,ERR,ERR,ERR,ERR,ERR,ERR,ERR,ERR,ERR,ERR,ERR,ERR,ERR,ERR,ERR,ERR,ERR,ERR,ERR,ERR,ERR,ERR,ERR,ERR,ERR,ERR,ERR,ERR,ERR,ERR,ERR,ERR,ERR,ERR,ERR,0.0,0.0,2.6474777903227054e+23,0.0,0.0,1.3936040501711995e+18,7.805,0.0,0,0,4,0,7300,-0.0,0,0.0,0.0,0.0,0.0,0.0,0,0,0,0,0.0,0,0,0,0,0,0,0,0,0,0,0,0,0,0,0,0,0,0,0,0,0,0,0,0,0,0,0,0,0,0,0,0,0,32,30,30,62,65476,0,300,0,0,8,21553,0.0,-107605600.0,0.0,0.0,0.0,0.0,0.0,0.0,0.0,0.0,0.0,0.0,0.0,0.0,0.0,0.0,0.0,0.0,0.0,0.0,0.0,0.0,2.004,-0.0,-0.0,2.004,0.0,0.0,0.0,0.0,5492.0,-1.5879319976395066e+29,6974.0,0.0,0.0,-107615280.0,0.0,0.0,0.0,0.0,0.0,63,-0.0,-107614928.0,0.0,0.0,0.0,0.0,0.0,0.0,0.0,0,0,0,0.0,0.0,0.0,0.0,0.0,0.0,0.0,0.0,0.0,0.0,0.0,0.0,0.0,0.0,0.0,0.0,0,-107875648.0,63,0.0,126,2.7184242562605685e+23,-0.0,ERR,ERR,ERR,ERR,ERR,ERR,ERR,ERR,ERR,ERR,ERR,ERR,ERR,ERR,ERR,ERR,ERR,ERR,ERR,ERR,ERR,ERR,ERR,ERR,ERR,ERR,ERR,ERR,ERR,ERR,ERR,ERR,ERR,ERR,ERR,ERR,ERR,ERR,ERR,ERR,ERR,ERR,ERR,ERR,ERR,ERR,ERR,ERR,ERR,ERR,ERR,ERR,ERR,ERR,ERR,ERR,ERR,ERR,ERR,ERR,ERR,ERR,ERR,ERR,ERR,ERR,ERR,34.0,80.0,35,0.0,0.0,0.0,0.0,0.0,0.0,0.0,0.0,0.0,0.0,0.0,0.0,0.0,0.0,0.0,0.0,64.8,0,117,56,50,65476,0,300,0,0,8,20529,65476,0,0,57672,80.0,0.0,0.0,0.0,0.0,0.0
2026-06-17T04:07:47,ERR,ERR,ERR,ERR,ERR,ERR,ERR,ERR,ERR,ERR,ERR,ERR,ERR,ERR,ERR,ERR,ERR,ERR,ERR,ERR,ERR,ERR,ERR,ERR,ERR,ERR,ERR,ERR,ERR,ERR,ERR,ERR,ERR,ERR,ERR,ERR,ERR,ERR,ERR,ERR,ERR,ERR,ERR,ERR,ERR,ERR,ERR,ERR,ERR,ERR,ERR,ERR,ERR,ERR,ERR,ERR,ERR,ERR,ERR,ERR,ERR,ERR,ERR,ERR,ERR,ERR,ERR,ERR,ERR,ERR,ERR,ERR,ERR,ERR,ERR,ERR,ERR,ERR,ERR,ERR,ERR,ERR,ERR,ERR,ERR,ERR,ERR,ERR,ERR,ERR,ERR,ERR,ERR,ERR,ERR,ERR,ERR,ERR,ERR,ERR,ERR,ERR,ERR,ERR,ERR,ERR,ERR,ERR,ERR,ERR,ERR,ERR,ERR,ERR,ERR,ERR,ERR,ERR,ERR,ERR,ERR,ERR,ERR,ERR,ERR,0.0,0.0,2.6474777903227054e+23,0.0,0.0,1.3936040501711995e+18,7.805,0.0,0,0,4,0,7300,-0.0,0,0.0,0.0,0.0,0.0,0.0,0,0,0,0,0.0,0,0,0,0,0,0,0,0,0,0,0,0,0,0,0,0,0,0,0,0,0,0,0,0,0,0,0,0,0,0,0,0,0,32,30,30,62,65476,0,300,0,0,8,21553,0.0,-107605600.0,0.0,0.0,0.0,0.0,0.0,0.0,0.0,0.0,0.0,0.0,0.0,0.0,0.0,0.0,0.0,0.0,0.0,0.0,0.0,0.0,2.004,-0.0,-0.0,2.004,0.0,0.0,0.0,0.0,5492.0,-1.5879319976395066e+29,6974.0,0.0,0.0,-107615280.0,0.0,0.0,0.0,0.0,0.0,63,-0.0,-107614928.0,0.0,0.0,0.0,0.0,0.0,0.0,0.0,0,0,0,0.0,0.0,0.0,0.0,0.0,0.0,0.0,0.0,0.0,0.0,0.0,0.0,0.0,0.0,0.0,0.0,0,-107875648.0,63,0.0,126,2.7184242562605685e+23,-0.0,ERR,ERR,ERR,ERR,ERR,ERR,ERR,ERR,ERR,ERR,ERR,ERR,ERR,ERR,ERR,ERR,ERR,ERR,ERR,ERR,ERR,ERR,ERR,ERR,ERR,ERR,ERR,ERR,ERR,ERR,ERR,ERR,ERR,ERR,ERR,ERR,ERR,ERR,ERR,ERR,ERR,ERR,ERR,ERR,ERR,ERR,ERR,ERR,ERR,ERR,ERR,ERR,ERR,ERR,ERR,ERR,ERR,ERR,ERR,ERR,ERR,ERR,ERR,ERR,ERR,ERR,ERR,34.0,80.0,35,0.0,0.0,0.0,0.0,0.0,0.0,0.0,0.0,0.0,0.0,0.0,0.0,0.0,0.0,0.0,0.0,64.4,0,117,56,50,65476,0,300,0,0,8,20529,65476,0,0,57672,80.0,0.0,0.0,0.0,0.0,0.0
2026-06-17T04:07:48,ERR,ERR,ERR,ERR,ERR,ERR,ERR,ERR,ERR,ERR,ERR,ERR,ERR,ERR,ERR,ERR,ERR,ERR,ERR,ERR,ERR,ERR,ERR,ERR,ERR,ERR,ERR,ERR,ERR,ERR,ERR,ERR,ERR,ERR,ERR,ERR,ERR,ERR,ERR,ERR,ERR,ERR,ERR,ERR,ERR,ERR,ERR,ERR,ERR,ERR,ERR,ERR,ERR,ERR,ERR,ERR,ERR,ERR,ERR,ERR,ERR,ERR,ERR,ERR,ERR,ERR,ERR,ERR,ERR,ERR,ERR,ERR,ERR,ERR,ERR,ERR,ERR,ERR,ERR,ERR,ERR,ERR,ERR,ERR,ERR,ERR,ERR,ERR,ERR,ERR,ERR,ERR,ERR,ERR,ERR,ERR,ERR,ERR,ERR,ERR,ERR,ERR,ERR,ERR,ERR,ERR,ERR,ERR,ERR,ERR,ERR,ERR,ERR,ERR,ERR,ERR,ERR,ERR,ERR,ERR,ERR,ERR,ERR,ERR,ERR,0.0,0.0,2.6474777903227054e+23,0.0,0.0,1.3936040501711995e+18,7.805,0.0,0,0,4,0,7300,-0.0,0,0.0,0.0,0.0,0.0,0.0,0,0,0,0,0.0,0,0,0,0,0,0,0,0,0,0,0,0,0,0,0,0,0,0,0,0,0,0,0,0,0,0,0,0,0,0,0,0,0,32,30,30,62,65476,0,300,0,0,8,21553,0.0,-107605600.0,0.0,0.0,0.0,0.0,0.0,0.0,0.0,0.0,0.0,0.0,0.0,0.0,0.0,0.0,0.0,0.0,0.0,0.0,0.0,0.0,2.004,-0.0,-0.0,2.004,0.0,0.0,0.0,0.0,5492.0,-1.5879319976395066e+29,6974.0,0.0,0.0,-107615280.0,0.0,0.0,0.0,0.0,0.0,63,-0.0,-107614928.0,0.0,0.0,0.0,0.0,0.0,0.0,0.0,0,0,0,0.0,0.0,0.0,0.0,0.0,0.0,0.0,0.0,0.0,0.0,0.0,0.0,0.0,0.0,0.0,0.0,0,-107875648.0,63,0.0,126,2.7184242562605685e+23,-0.0,ERR,ERR,ERR,ERR,ERR,ERR,ERR,ERR,ERR,ERR,ERR,ERR,ERR,ERR,ERR,ERR,ERR,ERR,ERR,ERR,ERR,ERR,ERR,ERR,ERR,ERR,ERR,ERR,ERR,ERR,ERR,ERR,ERR,ERR,ERR,ERR,ERR,ERR,ERR,ERR,ERR,ERR,ERR,ERR,ERR,ERR,ERR,ERR,ERR,ERR,ERR,ERR,ERR,ERR,ERR,ERR,ERR,ERR,ERR,ERR,ERR,ERR,ERR,ERR,ERR,ERR,ERR,34.0,80.0,35,0.0,0.0,0.0,0.0,0.0,0.0,0.0,0.0,0.0,0.0,0.0,0.0,0.0,0.0,0.0,0.0,64.4,0,117,56,50,65476,0,300,0,0,8,20529,65476,0,0,57672,80.0,0.0,0.0,0.0,0.0,0.0
2026-06-17T04:07:49,ERR,ERR,ERR,ERR,ERR,ERR,ERR,ERR,ERR,ERR,ERR,ERR,ERR,ERR,ERR,ERR,ERR,ERR,ERR,ERR,ERR,ERR,ERR,ERR,ERR,ERR,ERR,ERR,ERR,ERR,ERR,ERR,ERR,ERR,ERR,ERR,ERR,ERR,ERR,ERR,ERR,ERR,ERR,ERR,ERR,ERR,ERR,ERR,ERR,ERR,ERR,ERR,ERR,ERR,ERR,ERR,ERR,ERR,ERR,ERR,ERR,ERR,ERR,ERR,ERR,ERR,ERR,ERR,ERR,ERR,ERR,ERR,ERR,ERR,ERR,ERR,ERR,ERR,ERR,ERR,ERR,ERR,ERR,ERR,ERR,ERR,ERR,ERR,ERR,ERR,ERR,ERR,ERR,ERR,ERR,ERR,ERR,ERR,ERR,ERR,ERR,ERR,ERR,ERR,ERR,ERR,ERR,ERR,ERR,ERR,ERR,ERR,ERR,ERR,ERR,ERR,ERR,ERR,ERR,ERR,ERR,ERR,ERR,ERR,ERR,0.0,0.0,2.6474777903227054e+23,0.0,0.0,1.3936040501711995e+18,7.805,0.0,0,0,4,0,7300,-0.0,0,0.0,0.0,0.0,0.0,0.0,0,0,0,0,0.0,0,0,0,0,0,0,0,0,0,0,0,0,0,0,0,0,0,0,0,0,0,0,0,0,0,0,0,0,0,0,0,0,0,32,30,30,62,65476,0,300,0,0,8,21553,0.0,-107605600.0,0.0,0.0,0.0,0.0,0.0,0.0,0.0,0.0,0.0,0.0,0.0,0.0,0.0,0.0,0.0,0.0,0.0,0.0,0.0,0.0,2.004,-0.0,-0.0,2.004,0.0,0.0,0.0,0.0,5492.0,-1.5879319976395066e+29,6974.0,0.0,0.0,-107615280.0,0.0,0.0,0.0,0.0,0.0,63,-0.0,-107614928.0,0.0,0.0,0.0,0.0,0.0,0.0,0.0,0,0,0,0.0,0.0,0.0,0.0,0.0,0.0,0.0,0.0,0.0,0.0,0.0,0.0,0.0,0.0,0.0,0.0,0,-107875648.0,63,0.0,126,2.7184242562605685e+23,-0.0,ERR,ERR,ERR,ERR,ERR,ERR,ERR,ERR,ERR,ERR,ERR,ERR,ERR,ERR,ERR,ERR,ERR,ERR,ERR,ERR,ERR,ERR,ERR,ERR,ERR,ERR,ERR,ERR,ERR,ERR,ERR,ERR,ERR,ERR,ERR,ERR,ERR,ERR,ERR,ERR,ERR,ERR,ERR,ERR,ERR,ERR,ERR,ERR,ERR,ERR,ERR,ERR,ERR,ERR,ERR,ERR,ERR,ERR,ERR,ERR,ERR,ERR,ERR,ERR,ERR,ERR,ERR,34.0,80.0,35,0.0,0.0,0.0,0.0,0.0,0.0,0.0,0.0,0.0,0.0,0.0,0.0,0.0,0.0,0.0,0.0,64.4,0,117,56,50,65476,0,300,0,0,8,20529,65476,0,0,57672,80.0,0.0,0.0,0.0,0.0,0.0
2026-06-17T04:07:50,ERR,ERR,ERR,ERR,ERR,ERR,ERR,ERR,ERR,ERR,ERR,ERR,ERR,ERR,ERR,ERR,ERR,ERR,ERR,ERR,ERR,ERR,ERR,ERR,ERR,ERR,ERR,ERR,ERR,ERR,ERR,ERR,ERR,ERR,ERR,ERR,ERR,ERR,ERR,ERR,ERR,ERR,ERR,ERR,ERR,ERR,ERR,ERR,ERR,ERR,ERR,ERR,ERR,ERR,ERR,ERR,ERR,ERR,ERR,ERR,ERR,ERR,ERR,ERR,ERR,ERR,ERR,ERR,ERR,ERR,ERR,ERR,ERR,ERR,ERR,ERR,ERR,ERR,ERR,ERR,ERR,ERR,ERR,ERR,ERR,ERR,ERR,ERR,ERR,ERR,ERR,ERR,ERR,ERR,ERR,ERR,ERR,ERR,ERR,ERR,ERR,ERR,ERR,ERR,ERR,ERR,ERR,ERR,ERR,ERR,ERR,ERR,ERR,ERR,ERR,ERR,ERR,ERR,ERR,ERR,ERR,ERR,ERR,ERR,ERR,0.0,0.0,2.6474777903227054e+23,0.0,0.0,1.3936040501711995e+18,7.805,0.0,0,0,4,0,7300,-0.0,0,0.0,0.0,0.0,0.0,0.0,0,0,0,0,0.0,0,0,0,0,0,0,0,0,0,0,0,0,0,0,0,0,0,0,0,0,0,0,0,0,0,0,0,0,0,0,0,0,0,32,30,30,62,65476,0,300,0,0,8,21553,0.0,-107605600.0,0.0,0.0,0.0,0.0,0.0,0.0,0.0,0.0,0.0,0.0,0.0,0.0,0.0,0.0,0.0,0.0,0.0,0.0,0.0,0.0,2.004,-0.0,-0.0,2.004,0.0,0.0,0.0,0.0,5492.0,-1.5879319976395066e+29,6974.0,0.0,0.0,-107615280.0,0.0,0.0,0.0,0.0,0.0,63,-0.0,-107614928.0,0.0,0.0,0.0,0.0,0.0,0.0,0.0,0,0,0,0.0,0.0,0.0,0.0,0.0,0.0,0.0,0.0,0.0,0.0,0.0,0.0,0.0,0.0,0.0,0.0,0,-107875648.0,63,0.0,126,2.7184242562605685e+23,-0.0,ERR,ERR,ERR,ERR,ERR,ERR,ERR,ERR,ERR,ERR,ERR,ERR,ERR,ERR,ERR,ERR,ERR,ERR,ERR,ERR,ERR,ERR,ERR,ERR,ERR,ERR,ERR,ERR,ERR,ERR,ERR,ERR,ERR,ERR,ERR,ERR,ERR,ERR,ERR,ERR,ERR,ERR,ERR,ERR,ERR,ERR,ERR,ERR,ERR,ERR,ERR,ERR,ERR,ERR,ERR,ERR,ERR,ERR,ERR,ERR,ERR,ERR,ERR,ERR,ERR,ERR,ERR,34.0,80.0,35,0.0,0.0,0.0,0.0,0.0,0.0,0.0,0.0,0.0,0.0,0.0,0.0,0.0,0.0,0.0,0.0,64.4,0,117,56,50,65476,0,300,0,0,8,20529,65476,0,0,57672,80.0,0.0,0.0,0.0,0.0,0.0
2026-06-17T04:07:51,ERR,ERR,ERR,ERR,ERR,ERR,ERR,ERR,ERR,ERR,ERR,ERR,ERR,ERR,ERR,ERR,ERR,ERR,ERR,ERR,ERR,ERR,ERR,ERR,ERR,ERR,ERR,ERR,ERR,ERR,ERR,ERR,ERR,ERR,ERR,ERR,ERR,ERR,ERR,ERR,ERR,ERR,ERR,ERR,ERR,ERR,ERR,ERR,ERR,ERR,ERR,ERR,ERR,ERR,ERR,ERR,ERR,ERR,ERR,ERR,ERR,ERR,ERR,ERR,ERR,ERR,ERR,ERR,ERR,ERR,ERR,ERR,ERR,ERR,ERR,ERR,ERR,ERR,ERR,ERR,ERR,ERR,ERR,ERR,ERR,ERR,ERR,ERR,ERR,ERR,ERR,ERR,ERR,ERR,ERR,ERR,ERR,ERR,ERR,ERR,ERR,ERR,ERR,ERR,ERR,ERR,ERR,ERR,ERR,ERR,ERR,ERR,ERR,ERR,ERR,ERR,ERR,ERR,ERR,ERR,ERR,ERR,ERR,ERR,ERR,0.0,0.0,2.6474777903227054e+23,0.0,0.0,1.3936040501711995e+18,7.805,0.0,0,0,4,0,7300,-0.0,0,0.0,0.0,0.0,0.0,0.0,0,0,0,0,0.0,0,0,0,0,0,0,0,0,0,0,0,0,0,0,0,0,0,0,0,0,0,0,0,0,0,0,0,0,0,0,0,0,0,32,30,30,62,65476,0,300,0,0,8,21553,0.0,-107605600.0,0.0,0.0,0.0,0.0,0.0,0.0,0.0,0.0,0.0,0.0,0.0,0.0,0.0,0.0,0.0,0.0,0.0,0.0,0.0,0.0,2.004,-0.0,-0.0,2.004,0.0,0.0,0.0,0.0,5495.0,0.0,6944.0,0.0,0.0,-107615280.0,0.0,0.0,0.0,0.0,0.0,63,-0.0,-71.63,0.0,0.0,0.0,0.0,0.0,0.0,0.0,0,0,0,0.0,0.0,0.0,0.0,0.0,0.0,0.0,0.0,0.0,0.0,0.0,0.0,0.0,0.0,0.0,0.0,0,-107875648.0,63,0.0,126,2.7184242562605685e+23,-0.0,ERR,ERR,ERR,ERR,ERR,ERR,ERR,ERR,ERR,ERR,ERR,ERR,ERR,ERR,ERR,ERR,ERR,ERR,ERR,ERR,ERR,ERR,ERR,ERR,ERR,ERR,ERR,ERR,ERR,ERR,ERR,ERR,ERR,ERR,ERR,ERR,ERR,ERR,ERR,ERR,ERR,ERR,ERR,ERR,ERR,ERR,ERR,ERR,ERR,ERR,ERR,ERR,ERR,ERR,ERR,ERR,ERR,ERR,ERR,ERR,ERR,ERR,ERR,ERR,ERR,ERR,ERR,34.0,80.0,35,0.0,0.0,0.0,0.0,0.0,0.0,0.0,0.0,0.0,0.0,0.0,0.0,0.0,0.0,0.0,0.0,64.4,0,117,56,50,65476,0,300,0,0,8,20529,65476,0,0,57672,80.0,0.0,0.0,0.0,0.0,0.0
2026-06-17T04:07:52,ERR,ERR,ERR,ERR,ERR,ERR,ERR,ERR,ERR,ERR,ERR,ERR,ERR,ERR,ERR,ERR,ERR,ERR,ERR,ERR,ERR,ERR,ERR,ERR,ERR,ERR,ERR,ERR,ERR,ERR,ERR,ERR,ERR,ERR,ERR,ERR,ERR,ERR,ERR,ERR,ERR,ERR,ERR,ERR,ERR,ERR,ERR,ERR,ERR,ERR,ERR,ERR,ERR,ERR,ERR,ERR,ERR,ERR,ERR,ERR,ERR,ERR,ERR,ERR,ERR,ERR,ERR,ERR,ERR,ERR,ERR,ERR,ERR,ERR,ERR,ERR,ERR,ERR,ERR,ERR,ERR,ERR,ERR,ERR,ERR,ERR,ERR,ERR,ERR,ERR,ERR,ERR,ERR,ERR,ERR,ERR,ERR,ERR,ERR,ERR,ERR,ERR,ERR,ERR,ERR,ERR,ERR,ERR,ERR,ERR,ERR,ERR,ERR,ERR,ERR,ERR,ERR,ERR,ERR,ERR,ERR,ERR,ERR,ERR,ERR,0.0,0.0,2.6474777903227054e+23,0.0,0.0,1.3936040501711995e+18,7.805,0.0,0,0,4,0,7300,-0.0,0,0.0,0.0,0.0,0.0,0.0,0,0,0,0,0.0,0,0,0,0,0,0,0,0,0,0,0,0,0,0,0,0,0,0,0,0,0,0,0,0,0,0,0,0,0,0,0,0,0,32,30,30,62,65476,0,300,0,0,8,21553,0.0,-107605600.0,0.0,0.0,0.0,0.0,0.0,0.0,0.0,0.0,0.0,0.0,0.0,0.0,0.0,0.0,0.0,0.0,0.0,0.0,0.0,0.0,2.004,-0.0,-0.0,2.004,0.0,0.0,0.0,0.0,5495.0,0.0,6944.0,0.0,0.0,-107615280.0,0.0,0.0,0.0,0.0,0.0,63,-0.0,-71.63,0.0,0.0,0.0,0.0,0.0,0.0,0.0,0,0,0,0.0,0.0,0.0,0.0,0.0,0.0,0.0,0.0,0.0,0.0,0.0,0.0,0.0,0.0,0.0,0.0,0,-107875648.0,63,0.0,126,2.7184242562605685e+23,-0.0,ERR,ERR,ERR,ERR,ERR,ERR,ERR,ERR,ERR,ERR,ERR,ERR,ERR,ERR,ERR,ERR,ERR,ERR,ERR,ERR,ERR,ERR,ERR,ERR,ERR,ERR,ERR,ERR,ERR,ERR,ERR,ERR,ERR,ERR,ERR,ERR,ERR,ERR,ERR,ERR,ERR,ERR,ERR,ERR,ERR,ERR,ERR,ERR,ERR,ERR,ERR,ERR,ERR,ERR,ERR,ERR,ERR,ERR,ERR,ERR,ERR,ERR,ERR,ERR,ERR,ERR,ERR,34.0,80.0,35,0.0,0.0,0.0,0.0,0.0,0.0,0.0,0.0,0.0,0.0,0.0,0.0,0.0,0.0,0.0,0.0,64.4,0,117,56,50,65476,0,300,0,0,8,20529,65476,0,0,57672,80.0,0.0,0.0,0.0,0.0,0.0
2026-06-17T04:07:53,ERR,ERR,ERR,ERR,ERR,ERR,ERR,ERR,ERR,ERR,ERR,ERR,ERR,ERR,ERR,ERR,ERR,ERR,ERR,ERR,ERR,ERR,ERR,ERR,ERR,ERR,ERR,ERR,ERR,ERR,ERR,ERR,ERR,ERR,ERR,ERR,ERR,ERR,ERR,ERR,ERR,ERR,ERR,ERR,ERR,ERR,ERR,ERR,ERR,ERR,ERR,ERR,ERR,ERR,ERR,ERR,ERR,ERR,ERR,ERR,ERR,ERR,ERR,ERR,ERR,ERR,ERR,ERR,ERR,ERR,ERR,ERR,ERR,ERR,ERR,ERR,ERR,ERR,ERR,ERR,ERR,ERR,ERR,ERR,ERR,ERR,ERR,ERR,ERR,ERR,ERR,ERR,ERR,ERR,ERR,ERR,ERR,ERR,ERR,ERR,ERR,ERR,ERR,ERR,ERR,ERR,ERR,ERR,ERR,ERR,ERR,ERR,ERR,ERR,ERR,ERR,ERR,ERR,ERR,ERR,ERR,ERR,ERR,ERR,ERR,0.0,0.0,2.6474777903227054e+23,0.0,0.0,1.3936040501711995e+18,7.805,0.0,0,0,4,0,7300,-0.0,0,0.0,0.0,0.0,0.0,0.0,0,0,0,0,0.0,0,0,0,0,0,0,0,0,0,0,0,0,0,0,0,0,0,0,0,0,0,0,0,0,0,0,0,0,0,0,0,0,0,32,30,30,62,65476,0,300,0,0,8,21553,0.0,-107605600.0,0.0,0.0,0.0,0.0,0.0,0.0,0.0,0.0,0.0,0.0,0.0,0.0,0.0,0.0,0.0,0.0,0.0,0.0,0.0,0.0,2.004,-0.0,-0.0,2.004,0.0,0.0,0.0,0.0,5495.0,0.0,6944.0,0.0,0.0,-107615280.0,0.0,0.0,0.0,0.0,0.0,63,-0.0,-71.63,0.0,0.0,0.0,0.0,0.0,0.0,0.0,0,0,0,0.0,0.0,0.0,0.0,0.0,0.0,0.0,0.0,0.0,0.0,0.0,0.0,0.0,0.0,0.0,0.0,0,-107875648.0,63,0.0,126,2.7184242562605685e+23,-0.0,ERR,ERR,ERR,ERR,ERR,ERR,ERR,ERR,ERR,ERR,ERR,ERR,ERR,ERR,ERR,ERR,ERR,ERR,ERR,ERR,ERR,ERR,ERR,ERR,ERR,ERR,ERR,ERR,ERR,ERR,ERR,ERR,ERR,ERR,ERR,ERR,ERR,ERR,ERR,ERR,ERR,ERR,ERR,ERR,ERR,ERR,ERR,ERR,ERR,ERR,ERR,ERR,ERR,ERR,ERR,ERR,ERR,ERR,ERR,ERR,ERR,ERR,ERR,ERR,ERR,ERR,ERR,34.0,80.0,35,0.0,0.0,0.0,0.0,0.0,0.0,0.0,0.0,0.0,0.0,0.0,0.0,0.0,0.0,0.0,0.0,64.8,0,117,56,50,65476,0,300,0,0,8,20529,65476,0,0,57672,80.0,0.0,0.0,0.0,0.0,0.0
2026-06-17T04:07:54,ERR,ERR,ERR,ERR,ERR,ERR,ERR,ERR,ERR,ERR,ERR,ERR,ERR,ERR,ERR,ERR,ERR,ERR,ERR,ERR,ERR,ERR,ERR,ERR,ERR,ERR,ERR,ERR,ERR,ERR,ERR,ERR,ERR,ERR,ERR,ERR,ERR,ERR,ERR,ERR,ERR,ERR,ERR,ERR,ERR,ERR,ERR,ERR,ERR,ERR,ERR,ERR,ERR,ERR,ERR,ERR,ERR,ERR,ERR,ERR,ERR,ERR,ERR,ERR,ERR,ERR,ERR,ERR,ERR,ERR,ERR,ERR,ERR,ERR,ERR,ERR,ERR,ERR,ERR,ERR,ERR,ERR,ERR,ERR,ERR,ERR,ERR,ERR,ERR,ERR,ERR,ERR,ERR,ERR,ERR,ERR,ERR,ERR,ERR,ERR,ERR,ERR,ERR,ERR,ERR,ERR,ERR,ERR,ERR,ERR,ERR,ERR,ERR,ERR,ERR,ERR,ERR,ERR,ERR,ERR,ERR,ERR,ERR,ERR,ERR,0.0,0.0,2.6474777903227054e+23,0.0,0.0,1.3936040501711995e+18,7.805,0.0,0,0,4,0,7300,-0.0,0,0.0,0.0,0.0,0.0,0.0,0,0,0,0,0.0,0,0,0,0,0,0,0,0,0,0,0,0,0,0,0,0,0,0,0,0,0,0,0,0,0,0,0,0,0,0,0,0,0,32,30,30,62,65476,0,300,0,0,8,21553,0.0,-107605600.0,0.0,0.0,0.0,0.0,0.0,0.0,0.0,0.0,0.0,0.0,0.0,0.0,0.0,0.0,0.0,0.0,0.0,0.0,0.0,0.0,2.004,-0.0,-0.0,2.004,0.0,0.0,0.0,0.0,5495.0,0.0,6944.0,0.0,0.0,-107615280.0,0.0,0.0,0.0,0.0,0.0,63,-0.0,-71.63,0.0,0.0,0.0,0.0,0.0,0.0,0.0,0,0,0,0.0,0.0,0.0,0.0,0.0,0.0,0.0,0.0,0.0,0.0,0.0,0.0,0.0,0.0,0.0,0.0,0,-107875648.0,63,0.0,126,2.7184242562605685e+23,-0.0,ERR,ERR,ERR,ERR,ERR,ERR,ERR,ERR,ERR,ERR,ERR,ERR,ERR,ERR,ERR,ERR,ERR,ERR,ERR,ERR,ERR,ERR,ERR,ERR,ERR,ERR,ERR,ERR,ERR,ERR,ERR,ERR,ERR,ERR,ERR,ERR,ERR,ERR,ERR,ERR,ERR,ERR,ERR,ERR,ERR,ERR,ERR,ERR,ERR,ERR,ERR,ERR,ERR,ERR,ERR,ERR,ERR,ERR,ERR,ERR,ERR,ERR,ERR,ERR,ERR,ERR,ERR,34.0,80.0,35,0.0,0.0,0.0,0.0,0.0,0.0,0.0,0.0,0.0,0.0,0.0,0.0,0.0,0.0,0.0,0.0,64.8,0,117,56,50,65476,0,300,0,0,8,20529,65476,0,0,57672,80.0,0.0,0.0,0.0,0.0,0.0
2026-06-17T04:07:55,ERR,ERR,ERR,ERR,ERR,ERR,ERR,ERR,ERR,ERR,ERR,ERR,ERR,ERR,ERR,ERR,ERR,ERR,ERR,ERR,ERR,ERR,ERR,ERR,ERR,ERR,ERR,ERR,ERR,ERR,ERR,ERR,ERR,ERR,ERR,ERR,ERR,ERR,ERR,ERR,ERR,ERR,ERR,ERR,ERR,ERR,ERR,ERR,ERR,ERR,ERR,ERR,ERR,ERR,ERR,ERR,ERR,ERR,ERR,ERR,ERR,ERR,ERR,ERR,ERR,ERR,ERR,ERR,ERR,ERR,ERR,ERR,ERR,ERR,ERR,ERR,ERR,ERR,ERR,ERR,ERR,ERR,ERR,ERR,ERR,ERR,ERR,ERR,ERR,ERR,ERR,ERR,ERR,ERR,ERR,ERR,ERR,ERR,ERR,ERR,ERR,ERR,ERR,ERR,ERR,ERR,ERR,ERR,ERR,ERR,ERR,ERR,ERR,ERR,ERR,ERR,ERR,ERR,ERR,ERR,ERR,ERR,ERR,ERR,ERR,0.0,0.0,2.6474777903227054e+23,0.0,0.0,1.3936040501711995e+18,7.805,0.0,0,0,4,0,7300,-0.0,0,0.0,0.0,0.0,0.0,0.0,0,0,0,0,0.0,0,0,0,0,0,0,0,0,0,0,0,0,0,0,0,0,0,0,0,0,0,0,0,0,0,0,0,0,0,0,0,0,0,32,30,30,62,65476,0,300,0,0,8,21553,0.0,-107605600.0,0.0,0.0,0.0,0.0,0.0,0.0,0.0,0.0,0.0,0.0,0.0,0.0,0.0,0.0,0.0,0.0,0.0,0.0,0.0,0.0,2.004,-0.0,-0.0,2.004,0.0,0.0,0.0,0.0,5495.0,0.0,6944.0,0.0,0.0,-107615280.0,0.0,0.0,0.0,0.0,0.0,63,-0.0,-71.63,0.0,0.0,0.0,0.0,0.0,0.0,0.0,0,0,0,0.0,0.0,0.0,0.0,0.0,0.0,0.0,0.0,0.0,0.0,0.0,0.0,0.0,0.0,0.0,0.0,0,-107875648.0,63,0.0,126,2.7184242562605685e+23,-0.0,ERR,ERR,ERR,ERR,ERR,ERR,ERR,ERR,ERR,ERR,ERR,ERR,ERR,ERR,ERR,ERR,ERR,ERR,ERR,ERR,ERR,ERR,ERR,ERR,ERR,ERR,ERR,ERR,ERR,ERR,ERR,ERR,ERR,ERR,ERR,ERR,ERR,ERR,ERR,ERR,ERR,ERR,ERR,ERR,ERR,ERR,ERR,ERR,ERR,ERR,ERR,ERR,ERR,ERR,ERR,ERR,ERR,ERR,ERR,ERR,ERR,ERR,ERR,ERR,ERR,ERR,ERR,34.0,80.0,35,0.0,0.0,0.0,0.0,0.0,0.0,0.0,0.0,0.0,0.0,0.0,0.0,0.0,0.0,0.0,0.0,64.8,0,117,56,50,65476,0,300,0,0,8,20529,65476,0,0,57672,80.0,0.0,0.0,0.0,0.0,0.0
2026-06-17T04:07:56,ERR,ERR,ERR,ERR,ERR,ERR,ERR,ERR,ERR,ERR,ERR,ERR,ERR,ERR,ERR,ERR,ERR,ERR,ERR,ERR,ERR,ERR,ERR,ERR,ERR,ERR,ERR,ERR,ERR,ERR,ERR,ERR,ERR,ERR,ERR,ERR,ERR,ERR,ERR,ERR,ERR,ERR,ERR,ERR,ERR,ERR,ERR,ERR,ERR,ERR,ERR,ERR,ERR,ERR,ERR,ERR,ERR,ERR,ERR,ERR,ERR,ERR,ERR,ERR,ERR,ERR,ERR,ERR,ERR,ERR,ERR,ERR,ERR,ERR,ERR,ERR,ERR,ERR,ERR,ERR,ERR,ERR,ERR,ERR,ERR,ERR,ERR,ERR,ERR,ERR,ERR,ERR,ERR,ERR,ERR,ERR,ERR,ERR,ERR,ERR,ERR,ERR,ERR,ERR,ERR,ERR,ERR,ERR,ERR,ERR,ERR,ERR,ERR,ERR,ERR,ERR,ERR,ERR,ERR,ERR,ERR,ERR,ERR,ERR,ERR,0.0,0.0,2.6474777903227054e+23,0.0,0.0,1.3936040501711995e+18,7.805,0.0,0,0,4,0,7300,-0.0,0,0.0,0.0,0.0,0.0,0.0,0,0,0,0,0.0,0,0,0,0,0,0,0,0,0,0,0,0,0,0,0,0,0,0,0,0,0,0,0,0,0,0,0,0,0,0,0,0,0,32,30,30,62,65476,0,300,0,0,8,21553,0.0,-107605600.0,0.0,0.0,0.0,0.0,0.0,0.0,0.0,0.0,0.0,0.0,0.0,0.0,0.0,0.0,0.0,0.0,0.0,0.0,0.0,0.0,2.004,-0.0,-0.0,2.004,0.0,0.0,0.0,0.0,5463.0,-3.697192290889813e+19,6972.0,0.0,0.0,-107615280.0,0.0,0.0,0.0,0.0,0.0,63,-0.0,-0.0,0.0,0.0,0.0,0.0,0.0,0.0,0.0,0,0,0,0.0,0.0,0.0,0.0,0.0,0.0,0.0,0.0,0.0,0.0,0.0,0.0,0.0,0.0,0.0,0.0,0,-107875648.0,63,0.0,126,2.7184242562605685e+23,-0.0,ERR,ERR,ERR,ERR,ERR,ERR,ERR,ERR,ERR,ERR,ERR,ERR,ERR,ERR,ERR,ERR,ERR,ERR,ERR,ERR,ERR,ERR,ERR,ERR,ERR,ERR,ERR,ERR,ERR,ERR,ERR,ERR,ERR,ERR,ERR,ERR,ERR,ERR,ERR,ERR,ERR,ERR,ERR,ERR,ERR,ERR,ERR,ERR,ERR,ERR,ERR,ERR,ERR,ERR,ERR,ERR,ERR,ERR,ERR,ERR,ERR,ERR,ERR,ERR,ERR,ERR,ERR,34.0,80.0,35,0.0,0.0,0.0,0.0,0.0,0.0,0.0,0.0,0.0,0.0,0.0,0.0,0.0,0.0,0.0,0.0,64.8,0,117,56,50,65476,0,300,0,0,8,20529,65476,0,0,57672,80.0,0.0,0.0,0.0,0.0,0.0
2026-06-17T04:07:57,ERR,ERR,ERR,ERR,ERR,ERR,ERR,ERR,ERR,ERR,ERR,ERR,ERR,ERR,ERR,ERR,ERR,ERR,ERR,ERR,ERR,ERR,ERR,ERR,ERR,ERR,ERR,ERR,ERR,ERR,ERR,ERR,ERR,ERR,ERR,ERR,ERR,ERR,ERR,ERR,ERR,ERR,ERR,ERR,ERR,ERR,ERR,ERR,ERR,ERR,ERR,ERR,ERR,ERR,ERR,ERR,ERR,ERR,ERR,ERR,ERR,ERR,ERR,ERR,ERR,ERR,ERR,ERR,ERR,ERR,ERR,ERR,ERR,ERR,ERR,ERR,ERR,ERR,ERR,ERR,ERR,ERR,ERR,ERR,ERR,ERR,ERR,ERR,ERR,ERR,ERR,ERR,ERR,ERR,ERR,ERR,ERR,ERR,ERR,ERR,ERR,ERR,ERR,ERR,ERR,ERR,ERR,ERR,ERR,ERR,ERR,ERR,ERR,ERR,ERR,ERR,ERR,ERR,ERR,ERR,ERR,ERR,ERR,ERR,ERR,0.0,0.0,2.6474777903227054e+23,0.0,0.0,1.3936040501711995e+18,7.805,0.0,0,0,4,0,7300,-0.0,0,0.0,0.0,0.0,0.0,0.0,0,0,0,0,0.0,0,0,0,0,0,0,0,0,0,0,0,0,0,0,0,0,0,0,0,0,0,0,0,0,0,0,0,0,0,0,0,0,0,32,30,30,62,65476,0,300,0,0,8,21553,0.0,-107605600.0,0.0,0.0,0.0,0.0,0.0,0.0,0.0,0.0,0.0,0.0,0.0,0.0,0.0,0.0,0.0,0.0,0.0,0.0,0.0,0.0,2.004,-0.0,-0.0,2.004,0.0,0.0,0.0,0.0,5463.0,-3.697192290889813e+19,6972.0,0.0,0.0,-107615280.0,0.0,0.0,0.0,0.0,0.0,63,-0.0,-0.0,0.0,0.0,0.0,0.0,0.0,0.0,0.0,0,0,0,0.0,0.0,0.0,0.0,0.0,0.0,0.0,0.0,0.0,0.0,0.0,0.0,0.0,0.0,0.0,0.0,0,-107875648.0,63,0.0,126,2.7184242562605685e+23,-0.0,ERR,ERR,ERR,ERR,ERR,ERR,ERR,ERR,ERR,ERR,ERR,ERR,ERR,ERR,ERR,ERR,ERR,ERR,ERR,ERR,ERR,ERR,ERR,ERR,ERR,ERR,ERR,ERR,ERR,ERR,ERR,ERR,ERR,ERR,ERR,ERR,ERR,ERR,ERR,ERR,ERR,ERR,ERR,ERR,ERR,ERR,ERR,ERR,ERR,ERR,ERR,ERR,ERR,ERR,ERR,ERR,ERR,ERR,ERR,ERR,ERR,ERR,ERR,ERR,ERR,ERR,ERR,34.0,80.0,35,0.0,0.0,0.0,0.0,0.0,0.0,0.0,0.0,0.0,0.0,0.0,0.0,0.0,0.0,0.0,0.0,64.8,0,117,56,50,65476,0,300,0,0,8,20529,65476,0,0,57672,80.0,0.0,0.0,0.0,0.0,0.0
2026-06-17T04:07:58,ERR,ERR,ERR,ERR,ERR,ERR,ERR,ERR,ERR,ERR,ERR,ERR,ERR,ERR,ERR,ERR,ERR,ERR,ERR,ERR,ERR,ERR,ERR,ERR,ERR,ERR,ERR,ERR,ERR,ERR,ERR,ERR,ERR,ERR,ERR,ERR,ERR,ERR,ERR,ERR,ERR,ERR,ERR,ERR,ERR,ERR,ERR,ERR,ERR,ERR,ERR,ERR,ERR,ERR,ERR,ERR,ERR,ERR,ERR,ERR,ERR,ERR,ERR,ERR,ERR,ERR,ERR,ERR,ERR,ERR,ERR,ERR,ERR,ERR,ERR,ERR,ERR,ERR,ERR,ERR,ERR,ERR,ERR,ERR,ERR,ERR,ERR,ERR,ERR,ERR,ERR,ERR,ERR,ERR,ERR,ERR,ERR,ERR,ERR,ERR,ERR,ERR,ERR,ERR,ERR,ERR,ERR,ERR,ERR,ERR,ERR,ERR,ERR,ERR,ERR,ERR,ERR,ERR,ERR,ERR,ERR,ERR,ERR,ERR,ERR,0.0,0.0,2.6474777903227054e+23,0.0,0.0,1.3936040501711995e+18,7.805,0.0,0,0,4,0,7300,-0.0,0,0.0,0.0,0.0,0.0,0.0,0,0,0,0,0.0,0,0,0,0,0,0,0,0,0,0,0,0,0,0,0,0,0,0,0,0,0,0,0,0,0,0,0,0,0,0,0,0,0,32,30,30,62,65476,0,300,0,0,8,21553,0.0,-107605600.0,0.0,0.0,0.0,0.0,0.0,0.0,0.0,0.0,0.0,0.0,0.0,0.0,0.0,0.0,0.0,0.0,0.0,0.0,0.0,0.0,2.004,-0.0,-0.0,2.004,0.0,0.0,0.0,0.0,5463.0,-3.697192290889813e+19,6972.0,0.0,0.0,-107615280.0,0.0,0.0,0.0,0.0,0.0,63,-0.0,-0.0,0.0,0.0,0.0,0.0,0.0,0.0,0.0,0,0,0,0.0,0.0,0.0,0.0,0.0,0.0,0.0,0.0,0.0,0.0,0.0,0.0,0.0,0.0,0.0,0.0,0,-107875648.0,63,0.0,126,2.7184242562605685e+23,-0.0,ERR,ERR,ERR,ERR,ERR,ERR,ERR,ERR,ERR,ERR,ERR,ERR,ERR,ERR,ERR,ERR,ERR,ERR,ERR,ERR,ERR,ERR,ERR,ERR,ERR,ERR,ERR,ERR,ERR,ERR,ERR,ERR,ERR,ERR,ERR,ERR,ERR,ERR,ERR,ERR,ERR,ERR,ERR,ERR,ERR,ERR,ERR,ERR,ERR,ERR,ERR,ERR,ERR,ERR,ERR,ERR,ERR,ERR,ERR,ERR,ERR,ERR,ERR,ERR,ERR,ERR,ERR,34.0,80.0,35,0.0,0.0,0.0,0.0,0.0,0.0,0.0,0.0,0.0,0.0,0.0,0.0,0.0,0.0,0.0,0.0,64.4,0,117,56,50,65476,0,300,0,0,8,20529,65476,0,0,57672,80.0,0.0,0.0,0.0,0.0,0.0
2026-06-17T04:07:59,ERR,ERR,ERR,ERR,ERR,ERR,ERR,ERR,ERR,ERR,ERR,ERR,ERR,ERR,ERR,ERR,ERR,ERR,ERR,ERR,ERR,ERR,ERR,ERR,ERR,ERR,ERR,ERR,ERR,ERR,ERR,ERR,ERR,ERR,ERR,ERR,ERR,ERR,ERR,ERR,ERR,ERR,ERR,ERR,ERR,ERR,ERR,ERR,ERR,ERR,ERR,ERR,ERR,ERR,ERR,ERR,ERR,ERR,ERR,ERR,ERR,ERR,ERR,ERR,ERR,ERR,ERR,ERR,ERR,ERR,ERR,ERR,ERR,ERR,ERR,ERR,ERR,ERR,ERR,ERR,ERR,ERR,ERR,ERR,ERR,ERR,ERR,ERR,ERR,ERR,ERR,ERR,ERR,ERR,ERR,ERR,ERR,ERR,ERR,ERR,ERR,ERR,ERR,ERR,ERR,ERR,ERR,ERR,ERR,ERR,ERR,ERR,ERR,ERR,ERR,ERR,ERR,ERR,ERR,ERR,ERR,ERR,ERR,ERR,ERR,0.0,0.0,2.6474777903227054e+23,0.0,0.0,1.3936040501711995e+18,7.805,0.0,0,0,4,0,7300,-0.0,0,0.0,0.0,0.0,0.0,0.0,0,0,0,0,0.0,0,0,0,0,0,0,0,0,0,0,0,0,0,0,0,0,0,0,0,0,0,0,0,0,0,0,0,0,0,0,0,0,0,32,30,30,62,65476,0,300,0,0,8,21553,0.0,-107605600.0,0.0,0.0,0.0,0.0,0.0,0.0,0.0,0.0,0.0,0.0,0.0,0.0,0.0,0.0,0.0,0.0,0.0,0.0,0.0,0.0,2.004,-0.0,-0.0,2.004,0.0,0.0,0.0,0.0,5463.0,-3.697192290889813e+19,6972.0,0.0,0.0,-107615280.0,0.0,0.0,0.0,0.0,0.0,63,-0.0,-0.0,0.0,0.0,0.0,0.0,0.0,0.0,0.0,0,0,0,0.0,0.0,0.0,0.0,0.0,0.0,0.0,0.0,0.0,0.0,0.0,0.0,0.0,0.0,0.0,0.0,0,-107875648.0,63,0.0,126,2.7184242562605685e+23,-0.0,ERR,ERR,ERR,ERR,ERR,ERR,ERR,ERR,ERR,ERR,ERR,ERR,ERR,ERR,ERR,ERR,ERR,ERR,ERR,ERR,ERR,ERR,ERR,ERR,ERR,ERR,ERR,ERR,ERR,ERR,ERR,ERR,ERR,ERR,ERR,ERR,ERR,ERR,ERR,ERR,ERR,ERR,ERR,ERR,ERR,ERR,ERR,ERR,ERR,ERR,ERR,ERR,ERR,ERR,ERR,ERR,ERR,ERR,ERR,ERR,ERR,ERR,ERR,ERR,ERR,ERR,ERR,34.0,80.0,35,0.0,0.0,0.0,0.0,0.0,0.0,0.0,0.0,0.0,0.0,0.0,0.0,0.0,0.0,0.0,0.0,64.4,0,117,56,50,65476,0,300,0,0,8,20529,65476,0,0,57672,80.0,0.0,0.0,0.0,0.0,0.0
2026-06-17T04:08:00,ERR,ERR,ERR,ERR,ERR,ERR,ERR,ERR,ERR,ERR,ERR,ERR,ERR,ERR,ERR,ERR,ERR,ERR,ERR,ERR,ERR,ERR,ERR,ERR,ERR,ERR,ERR,ERR,ERR,ERR,ERR,ERR,ERR,ERR,ERR,ERR,ERR,ERR,ERR,ERR,ERR,ERR,ERR,ERR,ERR,ERR,ERR,ERR,ERR,ERR,ERR,ERR,ERR,ERR,ERR,ERR,ERR,ERR,ERR,ERR,ERR,ERR,ERR,ERR,ERR,ERR,ERR,ERR,ERR,ERR,ERR,ERR,ERR,ERR,ERR,ERR,ERR,ERR,ERR,ERR,ERR,ERR,ERR,ERR,ERR,ERR,ERR,ERR,ERR,ERR,ERR,ERR,ERR,ERR,ERR,ERR,ERR,ERR,ERR,ERR,ERR,ERR,ERR,ERR,ERR,ERR,ERR,ERR,ERR,ERR,ERR,ERR,ERR,ERR,ERR,ERR,ERR,ERR,ERR,ERR,ERR,ERR,ERR,ERR,ERR,0.0,0.0,2.6474777903227054e+23,0.0,0.0,1.3936040501711995e+18,7.805,0.0,0,0,4,0,7300,-0.0,0,0.0,0.0,0.0,0.0,0.0,0,0,0,0,0.0,0,0,0,0,0,0,0,0,0,0,0,0,0,0,0,0,0,0,0,0,0,0,0,0,0,0,0,0,0,0,0,0,0,32,30,30,62,65476,0,300,0,0,8,21553,0.0,-107605600.0,0.0,0.0,0.0,0.0,0.0,0.0,0.0,0.0,0.0,0.0,0.0,0.0,0.0,0.0,0.0,0.0,0.0,0.0,0.0,0.0,2.004,-0.0,-0.0,2.004,0.0,0.0,0.0,0.0,5463.0,-3.697192290889813e+19,6972.0,0.0,0.0,-107615280.0,0.0,0.0,0.0,0.0,0.0,63,-0.0,-0.0,0.0,0.0,0.0,0.0,0.0,0.0,0.0,0,0,0,0.0,0.0,0.0,0.0,0.0,0.0,0.0,0.0,0.0,0.0,0.0,0.0,0.0,0.0,0.0,0.0,0,-107875648.0,63,0.0,126,2.7184242562605685e+23,-0.0,ERR,ERR,ERR,ERR,ERR,ERR,ERR,ERR,ERR,ERR,ERR,ERR,ERR,ERR,ERR,ERR,ERR,ERR,ERR,ERR,ERR,ERR,ERR,ERR,ERR,ERR,ERR,ERR,ERR,ERR,ERR,ERR,ERR,ERR,ERR,ERR,ERR,ERR,ERR,ERR,ERR,ERR,ERR,ERR,ERR,ERR,ERR,ERR,ERR,ERR,ERR,ERR,ERR,ERR,ERR,ERR,ERR,ERR,ERR,ERR,ERR,ERR,ERR,ERR,ERR,ERR,ERR,34.0,80.0,35,0.0,0.0,0.0,0.0,0.0,0.0,0.0,0.0,0.0,0.0,0.0,0.0,0.0,0.0,0.0,0.0,64.4,0,117,56,50,65476,0,300,0,0,8,20529,65476,0,0,57672,80.0,0.0,0.0,0.0,0.0,0.0
2026-06-17T04:08:01,ERR,ERR,ERR,ERR,ERR,ERR,ERR,ERR,ERR,ERR,ERR,ERR,ERR,ERR,ERR,ERR,ERR,ERR,ERR,ERR,ERR,ERR,ERR,ERR,ERR,ERR,ERR,ERR,ERR,ERR,ERR,ERR,ERR,ERR,ERR,ERR,ERR,ERR,ERR,ERR,ERR,ERR,ERR,ERR,ERR,ERR,ERR,ERR,ERR,ERR,ERR,ERR,ERR,ERR,ERR,ERR,ERR,ERR,ERR,ERR,ERR,ERR,ERR,ERR,ERR,ERR,ERR,ERR,ERR,ERR,ERR,ERR,ERR,ERR,ERR,ERR,ERR,ERR,ERR,ERR,ERR,ERR,ERR,ERR,ERR,ERR,ERR,ERR,ERR,ERR,ERR,ERR,ERR,ERR,ERR,ERR,ERR,ERR,ERR,ERR,ERR,ERR,ERR,ERR,ERR,ERR,ERR,ERR,ERR,ERR,ERR,ERR,ERR,ERR,ERR,ERR,ERR,ERR,ERR,ERR,ERR,ERR,ERR,ERR,ERR,0.0,0.0,2.6474777903227054e+23,0.0,0.0,1.3936040501711995e+18,7.805,0.0,0,0,4,0,7300,-0.0,0,0.0,0.0,0.0,0.0,0.0,0,0,0,0,0.0,0,0,0,0,0,0,0,0,0,0,0,0,0,0,0,0,0,0,0,0,0,0,0,0,0,0,0,0,0,0,0,0,0,32,30,30,62,65476,0,300,0,0,8,21553,0.0,-107605600.0,0.0,0.0,0.0,0.0,0.0,0.0,0.0,0.0,0.0,0.0,0.0,0.0,0.0,0.0,0.0,0.0,0.0,0.0,0.0,0.0,2.004,-0.0,-0.0,2.004,0.0,0.0,0.0,0.0,5463.0,-3.697192290889813e+19,6972.0,0.0,0.0,-107615280.0,0.0,0.0,0.0,0.0,0.0,63,-0.0,-0.0,0.0,0.0,0.0,0.0,0.0,0.0,0.0,0,0,0,0.0,0.0,0.0,0.0,0.0,0.0,0.0,0.0,0.0,0.0,0.0,0.0,0.0,0.0,0.0,0.0,0,-107875648.0,63,0.0,126,2.7184242562605685e+23,-0.0,ERR,ERR,ERR,ERR,ERR,ERR,ERR,ERR,ERR,ERR,ERR,ERR,ERR,ERR,ERR,ERR,ERR,ERR,ERR,ERR,ERR,ERR,ERR,ERR,ERR,ERR,ERR,ERR,ERR,ERR,ERR,ERR,ERR,ERR,ERR,ERR,ERR,ERR,ERR,ERR,ERR,ERR,ERR,ERR,ERR,ERR,ERR,ERR,ERR,ERR,ERR,ERR,ERR,ERR,ERR,ERR,ERR,ERR,ERR,ERR,ERR,ERR,ERR,ERR,ERR,ERR,ERR,34.0,80.0,35,0.0,0.0,0.0,0.0,0.0,0.0,0.0,0.0,0.0,0.0,0.0,0.0,0.0,0.0,0.0,0.0,64.4,0,117,56,50,65476,0,300,0,0,8,20529,65476,0,0,57672,80.0,0.0,0.0,0.0,0.0,0.0
2026-06-17T04:08:02,ERR,ERR,ERR,ERR,ERR,ERR,ERR,ERR,ERR,ERR,ERR,ERR,ERR,ERR,ERR,ERR,ERR,ERR,ERR,ERR,ERR,ERR,ERR,ERR,ERR,ERR,ERR,ERR,ERR,ERR,ERR,ERR,ERR,ERR,ERR,ERR,ERR,ERR,ERR,ERR,ERR,ERR,ERR,ERR,ERR,ERR,ERR,ERR,ERR,ERR,ERR,ERR,ERR,ERR,ERR,ERR,ERR,ERR,ERR,ERR,ERR,ERR,ERR,ERR,ERR,ERR,ERR,ERR,ERR,ERR,ERR,ERR,ERR,ERR,ERR,ERR,ERR,ERR,ERR,ERR,ERR,ERR,ERR,ERR,ERR,ERR,ERR,ERR,ERR,ERR,ERR,ERR,ERR,ERR,ERR,ERR,ERR,ERR,ERR,ERR,ERR,ERR,ERR,ERR,ERR,ERR,ERR,ERR,ERR,ERR,ERR,ERR,ERR,ERR,ERR,ERR,ERR,ERR,ERR,ERR,ERR,ERR,ERR,ERR,ERR,0.0,0.0,2.6474777903227054e+23,0.0,0.0,1.3936040501711995e+18,7.805,0.0,0,0,4,0,7300,-0.0,0,0.0,0.0,0.0,0.0,0.0,0,0,0,0,0.0,0,0,0,0,0,0,0,0,0,0,0,0,0,0,0,0,0,0,0,0,0,0,0,0,0,0,0,0,0,0,0,0,0,32,30,30,62,65476,0,300,0,0,8,21553,0.0,-107605600.0,0.0,0.0,0.0,0.0,0.0,0.0,0.0,0.0,0.0,0.0,0.0,0.0,0.0,0.0,0.0,0.0,0.0,0.0,0.0,0.0,2.004,-0.0,-0.0,2.004,0.0,0.0,0.0,0.0,5497.0,0.0,6946.0,0.0,0.0,-107615280.0,0.0,0.0,0.0,0.0,0.0,63,-0.059,0.0,0.0,0.0,0.0,0.0,0.0,0.0,0.0,0,0,0,0.0,0.0,0.0,0.0,0.0,0.0,0.0,0.0,0.0,0.0,0.0,0.0,0.0,0.0,0.0,0.0,0,-107875648.0,63,0.0,126,2.7184242562605685e+23,-0.0,ERR,ERR,ERR,ERR,ERR,ERR,ERR,ERR,ERR,ERR,ERR,ERR,ERR,ERR,ERR,ERR,ERR,ERR,ERR,ERR,ERR,ERR,ERR,ERR,ERR,ERR,ERR,ERR,ERR,ERR,ERR,ERR,ERR,ERR,ERR,ERR,ERR,ERR,ERR,ERR,ERR,ERR,ERR,ERR,ERR,ERR,ERR,ERR,ERR,ERR,ERR,ERR,ERR,ERR,ERR,ERR,ERR,ERR,ERR,ERR,ERR,ERR,ERR,ERR,ERR,ERR,ERR,34.0,80.0,35,0.0,0.0,0.0,0.0,0.0,0.0,0.0,0.0,0.0,0.0,0.0,0.0,0.0,0.0,0.0,0.0,64.4,0,117,56,50,65476,0,300,0,0,8,20529,65476,0,0,57672,80.0,0.0,0.0,0.0,0.0,0.0
2026-06-17T04:08:03,ERR,ERR,ERR,ERR,ERR,ERR,ERR,ERR,ERR,ERR,ERR,ERR,ERR,ERR,ERR,ERR,ERR,ERR,ERR,ERR,ERR,ERR,ERR,ERR,ERR,ERR,ERR,ERR,ERR,ERR,ERR,ERR,ERR,ERR,ERR,ERR,ERR,ERR,ERR,ERR,ERR,ERR,ERR,ERR,ERR,ERR,ERR,ERR,ERR,ERR,ERR,ERR,ERR,ERR,ERR,ERR,ERR,ERR,ERR,ERR,ERR,ERR,ERR,ERR,ERR,ERR,ERR,ERR,ERR,ERR,ERR,ERR,ERR,ERR,ERR,ERR,ERR,ERR,ERR,ERR,ERR,ERR,ERR,ERR,ERR,ERR,ERR,ERR,ERR,ERR,ERR,ERR,ERR,ERR,ERR,ERR,ERR,ERR,ERR,ERR,ERR,ERR,ERR,ERR,ERR,ERR,ERR,ERR,ERR,ERR,ERR,ERR,ERR,ERR,ERR,ERR,ERR,ERR,ERR,ERR,ERR,ERR,ERR,ERR,ERR,0.0,0.0,2.6474777903227054e+23,0.0,0.0,1.3936040501711995e+18,7.805,0.0,0,0,4,0,7300,-0.0,0,0.0,0.0,0.0,0.0,0.0,0,0,0,0,0.0,0,0,0,0,0,0,0,0,0,0,0,0,0,0,0,0,0,0,0,0,0,0,0,0,0,0,0,0,0,0,0,0,0,32,30,30,62,65476,0,300,0,0,8,21553,0.0,-107605600.0,0.0,0.0,0.0,0.0,0.0,0.0,0.0,0.0,0.0,0.0,0.0,0.0,0.0,0.0,0.0,0.0,0.0,0.0,0.0,0.0,2.004,-0.0,-0.0,2.004,0.0,0.0,0.0,0.0,5497.0,0.0,6946.0,0.0,0.0,-107615280.0,0.0,0.0,0.0,0.0,0.0,63,-0.059,0.0,0.0,0.0,0.0,0.0,0.0,0.0,0.0,0,0,0,0.0,0.0,0.0,0.0,0.0,0.0,0.0,0.0,0.0,0.0,0.0,0.0,0.0,0.0,0.0,0.0,0,-107875648.0,63,0.0,126,2.7184242562605685e+23,-0.0,ERR,ERR,ERR,ERR,ERR,ERR,ERR,ERR,ERR,ERR,ERR,ERR,ERR,ERR,ERR,ERR,ERR,ERR,ERR,ERR,ERR,ERR,ERR,ERR,ERR,ERR,ERR,ERR,ERR,ERR,ERR,ERR,ERR,ERR,ERR,ERR,ERR,ERR,ERR,ERR,ERR,ERR,ERR,ERR,ERR,ERR,ERR,ERR,ERR,ERR,ERR,ERR,ERR,ERR,ERR,ERR,ERR,ERR,ERR,ERR,ERR,ERR,ERR,ERR,ERR,ERR,ERR,34.0,80.0,35,0.0,0.0,0.0,0.0,0.0,0.0,0.0,0.0,0.0,0.0,0.0,0.0,0.0,0.0,0.0,0.0,64.4,0,117,56,50,65476,0,300,0,0,8,20529,65476,0,0,57672,80.0,0.0,0.0,0.0,0.0,0.0
2026-06-17T04:08:04,ERR,ERR,ERR,ERR,ERR,ERR,ERR,ERR,ERR,ERR,ERR,ERR,ERR,ERR,ERR,ERR,ERR,ERR,ERR,ERR,ERR,ERR,ERR,ERR,ERR,ERR,ERR,ERR,ERR,ERR,ERR,ERR,ERR,ERR,ERR,ERR,ERR,ERR,ERR,ERR,ERR,ERR,ERR,ERR,ERR,ERR,ERR,ERR,ERR,ERR,ERR,ERR,ERR,ERR,ERR,ERR,ERR,ERR,ERR,ERR,ERR,ERR,ERR,ERR,ERR,ERR,ERR,ERR,ERR,ERR,ERR,ERR,ERR,ERR,ERR,ERR,ERR,ERR,ERR,ERR,ERR,ERR,ERR,ERR,ERR,ERR,ERR,ERR,ERR,ERR,ERR,ERR,ERR,ERR,ERR,ERR,ERR,ERR,ERR,ERR,ERR,ERR,ERR,ERR,ERR,ERR,ERR,ERR,ERR,ERR,ERR,ERR,ERR,ERR,ERR,ERR,ERR,ERR,ERR,ERR,ERR,ERR,ERR,ERR,ERR,0.0,0.0,2.6474777903227054e+23,0.0,0.0,1.3936040501711995e+18,7.805,0.0,0,0,4,0,7300,-0.0,0,0.0,0.0,0.0,0.0,0.0,0,0,0,0,0.0,0,0,0,0,0,0,0,0,0,0,0,0,0,0,0,0,0,0,0,0,0,0,0,0,0,0,0,0,0,0,0,0,0,32,30,30,62,65476,0,300,0,0,8,21553,0.0,-107605600.0,0.0,0.0,0.0,0.0,0.0,0.0,0.0,0.0,0.0,0.0,0.0,0.0,0.0,0.0,0.0,0.0,0.0,0.0,0.0,0.0,2.004,-0.0,-0.0,2.004,0.0,0.0,0.0,0.0,5497.0,0.0,6946.0,0.0,0.0,-107615280.0,0.0,0.0,0.0,0.0,0.0,63,-0.059,0.0,0.0,0.0,0.0,0.0,0.0,0.0,0.0,0,0,0,0.0,0.0,0.0,0.0,0.0,0.0,0.0,0.0,0.0,0.0,0.0,0.0,0.0,0.0,0.0,0.0,0,-107875648.0,63,0.0,126,2.7184242562605685e+23,-0.0,ERR,ERR,ERR,ERR,ERR,ERR,ERR,ERR,ERR,ERR,ERR,ERR,ERR,ERR,ERR,ERR,ERR,ERR,ERR,ERR,ERR,ERR,ERR,ERR,ERR,ERR,ERR,ERR,ERR,ERR,ERR,ERR,ERR,ERR,ERR,ERR,ERR,ERR,ERR,ERR,ERR,ERR,ERR,ERR,ERR,ERR,ERR,ERR,ERR,ERR,ERR,ERR,ERR,ERR,ERR,ERR,ERR,ERR,ERR,ERR,ERR,ERR,ERR,ERR,ERR,ERR,ERR,34.0,80.0,35,0.0,0.0,0.0,0.0,0.0,0.0,0.0,0.0,0.0,0.0,0.0,0.0,0.0,0.0,0.0,0.0,64.4,0,117,56,50,65476,0,300,0,0,8,20529,65476,0,0,57672,80.0,0.0,0.0,0.0,0.0,0.0
2026-06-17T04:08:05,ERR,ERR,ERR,ERR,ERR,ERR,ERR,ERR,ERR,ERR,ERR,ERR,ERR,ERR,ERR,ERR,ERR,ERR,ERR,ERR,ERR,ERR,ERR,ERR,ERR,ERR,ERR,ERR,ERR,ERR,ERR,ERR,ERR,ERR,ERR,ERR,ERR,ERR,ERR,ERR,ERR,ERR,ERR,ERR,ERR,ERR,ERR,ERR,ERR,ERR,ERR,ERR,ERR,ERR,ERR,ERR,ERR,ERR,ERR,ERR,ERR,ERR,ERR,ERR,ERR,ERR,ERR,ERR,ERR,ERR,ERR,ERR,ERR,ERR,ERR,ERR,ERR,ERR,ERR,ERR,ERR,ERR,ERR,ERR,ERR,ERR,ERR,ERR,ERR,ERR,ERR,ERR,ERR,ERR,ERR,ERR,ERR,ERR,ERR,ERR,ERR,ERR,ERR,ERR,ERR,ERR,ERR,ERR,ERR,ERR,ERR,ERR,ERR,ERR,ERR,ERR,ERR,ERR,ERR,ERR,ERR,ERR,ERR,ERR,ERR,0.0,0.0,2.6474777903227054e+23,0.0,0.0,1.3936040501711995e+18,7.805,0.0,0,0,4,0,7300,-0.0,0,0.0,0.0,0.0,0.0,0.0,0,0,0,0,0.0,0,0,0,0,0,0,0,0,0,0,0,0,0,0,0,0,0,0,0,0,0,0,0,0,0,0,0,0,0,0,0,0,0,32,30,30,62,65476,0,300,0,0,8,21553,0.0,-107605600.0,0.0,0.0,0.0,0.0,0.0,0.0,0.0,0.0,0.0,0.0,0.0,0.0,0.0,0.0,0.0,0.0,0.0,0.0,0.0,0.0,2.004,-0.0,-0.0,2.004,0.0,0.0,0.0,0.0,5497.0,0.0,6946.0,0.0,0.0,-107615280.0,0.0,0.0,0.0,0.0,0.0,63,-0.059,0.0,0.0,0.0,0.0,0.0,0.0,0.0,0.0,0,0,0,0.0,0.0,0.0,0.0,0.0,0.0,0.0,0.0,0.0,0.0,0.0,0.0,0.0,0.0,0.0,0.0,0,-107875648.0,63,0.0,126,2.7184242562605685e+23,-0.0,ERR,ERR,ERR,ERR,ERR,ERR,ERR,ERR,ERR,ERR,ERR,ERR,ERR,ERR,ERR,ERR,ERR,ERR,ERR,ERR,ERR,ERR,ERR,ERR,ERR,ERR,ERR,ERR,ERR,ERR,ERR,ERR,ERR,ERR,ERR,ERR,ERR,ERR,ERR,ERR,ERR,ERR,ERR,ERR,ERR,ERR,ERR,ERR,ERR,ERR,ERR,ERR,ERR,ERR,ERR,ERR,ERR,ERR,ERR,ERR,ERR,ERR,ERR,ERR,ERR,ERR,ERR,34.0,80.0,35,0.0,0.0,0.0,0.0,0.0,0.0,0.0,0.0,0.0,0.0,0.0,0.0,0.0,0.0,0.0,0.0,64.4,0,117,56,50,65476,0,300,0,0,8,20529,65476,0,0,57672,80.0,0.0,0.0,0.0,0.0,0.0
2026-06-17T04:08:06,ERR,ERR,ERR,ERR,ERR,ERR,ERR,ERR,ERR,ERR,ERR,ERR,ERR,ERR,ERR,ERR,ERR,ERR,ERR,ERR,ERR,ERR,ERR,ERR,ERR,ERR,ERR,ERR,ERR,ERR,ERR,ERR,ERR,ERR,ERR,ERR,ERR,ERR,ERR,ERR,ERR,ERR,ERR,ERR,ERR,ERR,ERR,ERR,ERR,ERR,ERR,ERR,ERR,ERR,ERR,ERR,ERR,ERR,ERR,ERR,ERR,ERR,ERR,ERR,ERR,ERR,ERR,ERR,ERR,ERR,ERR,ERR,ERR,ERR,ERR,ERR,ERR,ERR,ERR,ERR,ERR,ERR,ERR,ERR,ERR,ERR,ERR,ERR,ERR,ERR,ERR,ERR,ERR,ERR,ERR,ERR,ERR,ERR,ERR,ERR,ERR,ERR,ERR,ERR,ERR,ERR,ERR,ERR,ERR,ERR,ERR,ERR,ERR,ERR,ERR,ERR,ERR,ERR,ERR,ERR,ERR,ERR,ERR,ERR,ERR,0.0,0.0,2.6474777903227054e+23,0.0,0.0,1.3936040501711995e+18,7.805,0.0,0,0,4,0,7300,-0.0,0,0.0,0.0,0.0,0.0,0.0,0,0,0,0,0.0,0,0,0,0,0,0,0,0,0,0,0,0,0,0,0,0,0,0,0,0,0,0,0,0,0,0,0,0,0,0,0,0,0,32,30,30,62,65476,0,300,0,0,8,21553,0.0,-107605600.0,0.0,0.0,0.0,0.0,0.0,0.0,0.0,0.0,0.0,0.0,0.0,0.0,0.0,0.0,0.0,0.0,0.0,0.0,0.0,0.0,2.004,-0.0,-0.0,2.004,0.0,0.0,0.0,0.0,5497.0,0.0,6946.0,0.0,0.0,-107615280.0,0.0,0.0,0.0,0.0,0.0,63,-0.059,0.0,0.0,0.0,0.0,0.0,0.0,0.0,0.0,0,0,0,0.0,0.0,0.0,0.0,0.0,0.0,0.0,0.0,0.0,0.0,0.0,0.0,0.0,0.0,0.0,0.0,0,-107875648.0,63,0.0,126,2.7184242562605685e+23,-0.0,ERR,ERR,ERR,ERR,ERR,ERR,ERR,ERR,ERR,ERR,ERR,ERR,ERR,ERR,ERR,ERR,ERR,ERR,ERR,ERR,ERR,ERR,ERR,ERR,ERR,ERR,ERR,ERR,ERR,ERR,ERR,ERR,ERR,ERR,ERR,ERR,ERR,ERR,ERR,ERR,ERR,ERR,ERR,ERR,ERR,ERR,ERR,ERR,ERR,ERR,ERR,ERR,ERR,ERR,ERR,ERR,ERR,ERR,ERR,ERR,ERR,ERR,ERR,ERR,ERR,ERR,ERR,34.0,80.0,35,0.0,0.0,0.0,0.0,0.0,0.0,0.0,0.0,0.0,0.0,0.0,0.0,0.0,0.0,0.0,0.0,64.4,0,117,56,50,65476,0,300,0,0,8,20529,65476,0,0,57672,80.0,0.0,0.0,0.0,0.0,0.0
2026-06-17T04:08:07,ERR,ERR,ERR,ERR,ERR,ERR,ERR,ERR,ERR,ERR,ERR,ERR,ERR,ERR,ERR,ERR,ERR,ERR,ERR,ERR,ERR,ERR,ERR,ERR,ERR,ERR,ERR,ERR,ERR,ERR,ERR,ERR,ERR,ERR,ERR,ERR,ERR,ERR,ERR,ERR,ERR,ERR,ERR,ERR,ERR,ERR,ERR,ERR,ERR,ERR,ERR,ERR,ERR,ERR,ERR,ERR,ERR,ERR,ERR,ERR,ERR,ERR,ERR,ERR,ERR,ERR,ERR,ERR,ERR,ERR,ERR,ERR,ERR,ERR,ERR,ERR,ERR,ERR,ERR,ERR,ERR,ERR,ERR,ERR,ERR,ERR,ERR,ERR,ERR,ERR,ERR,ERR,ERR,ERR,ERR,ERR,ERR,ERR,ERR,ERR,ERR,ERR,ERR,ERR,ERR,ERR,ERR,ERR,ERR,ERR,ERR,ERR,ERR,ERR,ERR,ERR,ERR,ERR,ERR,ERR,ERR,ERR,ERR,ERR,ERR,0.0,0.0,2.6474777903227054e+23,0.0,0.0,1.3936040501711995e+18,7.805,0.0,0,0,4,0,7300,-0.0,0,0.0,0.0,0.0,0.0,0.0,0,0,0,0,0.0,0,0,0,0,0,0,0,0,0,0,0,0,0,0,0,0,0,0,0,0,0,0,0,0,0,0,0,0,0,0,0,0,0,32,30,30,62,65476,0,300,0,0,8,21553,0.0,-107605600.0,0.0,0.0,0.0,0.0,0.0,0.0,0.0,0.0,0.0,0.0,0.0,0.0,0.0,0.0,0.0,0.0,0.0,0.0,0.0,0.0,2.004,-0.0,-0.0,2.004,0.0,0.0,0.0,0.0,5491.0,2.422992227987924e+24,6956.0,0.0,0.0,-107615280.0,0.0,0.0,0.0,0.0,0.0,63,-0.0,1.9056891869423206e+17,0.0,0.0,0.0,0.0,0.0,0.0,0.0,0,0,0,0.0,0.0,0.0,0.0,0.0,0.0,0.0,0.0,0.0,0.0,0.0,0.0,0.0,0.0,0.0,0.0,0,-107875648.0,63,0.0,126,2.7184242562605685e+23,-0.0,ERR,ERR,ERR,ERR,ERR,ERR,ERR,ERR,ERR,ERR,ERR,ERR,ERR,ERR,ERR,ERR,ERR,ERR,ERR,ERR,ERR,ERR,ERR,ERR,ERR,ERR,ERR,ERR,ERR,ERR,ERR,ERR,ERR,ERR,ERR,ERR,ERR,ERR,ERR,ERR,ERR,ERR,ERR,ERR,ERR,ERR,ERR,ERR,ERR,ERR,ERR,ERR,ERR,ERR,ERR,ERR,ERR,ERR,ERR,ERR,ERR,ERR,ERR,ERR,ERR,ERR,ERR,34.0,80.0,35,0.0,0.0,0.0,0.0,0.0,0.0,0.0,0.0,0.0,0.0,0.0,0.0,0.0,0.0,0.0,0.0,64.4,0,117,56,50,65476,0,300,0,0,8,20529,65476,0,0,57672,80.0,0.0,0.0,0.0,0.0,0.0
2026-06-17T04:08:08,ERR,ERR,ERR,ERR,ERR,ERR,ERR,ERR,ERR,ERR,ERR,ERR,ERR,ERR,ERR,ERR,ERR,ERR,ERR,ERR,ERR,ERR,ERR,ERR,ERR,ERR,ERR,ERR,ERR,ERR,ERR,ERR,ERR,ERR,ERR,ERR,ERR,ERR,ERR,ERR,ERR,ERR,ERR,ERR,ERR,ERR,ERR,ERR,ERR,ERR,ERR,ERR,ERR,ERR,ERR,ERR,ERR,ERR,ERR,ERR,ERR,ERR,ERR,ERR,ERR,ERR,ERR,ERR,ERR,ERR,ERR,ERR,ERR,ERR,ERR,ERR,ERR,ERR,ERR,ERR,ERR,ERR,ERR,ERR,ERR,ERR,ERR,ERR,ERR,ERR,ERR,ERR,ERR,ERR,ERR,ERR,ERR,ERR,ERR,ERR,ERR,ERR,ERR,ERR,ERR,ERR,ERR,ERR,ERR,ERR,ERR,ERR,ERR,ERR,ERR,ERR,ERR,ERR,ERR,ERR,ERR,ERR,ERR,ERR,ERR,0.0,0.0,2.6474777903227054e+23,0.0,0.0,1.3936040501711995e+18,7.805,0.0,0,0,4,0,7300,-0.0,0,0.0,0.0,0.0,0.0,0.0,0,0,0,0,0.0,0,0,0,0,0,0,0,0,0,0,0,0,0,0,0,0,0,0,0,0,0,0,0,0,0,0,0,0,0,0,0,0,0,32,30,30,62,65476,0,300,0,0,8,21553,0.0,-107605600.0,0.0,0.0,0.0,0.0,0.0,0.0,0.0,0.0,0.0,0.0,0.0,0.0,0.0,0.0,0.0,0.0,0.0,0.0,0.0,0.0,2.004,-0.0,-0.0,2.004,0.0,0.0,0.0,0.0,5491.0,2.422992227987924e+24,6956.0,0.0,0.0,-107615280.0,0.0,0.0,0.0,0.0,0.0,63,-0.0,1.9056891869423206e+17,0.0,0.0,0.0,0.0,0.0,0.0,0.0,0,0,0,0.0,0.0,0.0,0.0,0.0,0.0,0.0,0.0,0.0,0.0,0.0,0.0,0.0,0.0,0.0,0.0,0,-107875648.0,63,0.0,126,2.7184242562605685e+23,-0.0,ERR,ERR,ERR,ERR,ERR,ERR,ERR,ERR,ERR,ERR,ERR,ERR,ERR,ERR,ERR,ERR,ERR,ERR,ERR,ERR,ERR,ERR,ERR,ERR,ERR,ERR,ERR,ERR,ERR,ERR,ERR,ERR,ERR,ERR,ERR,ERR,ERR,ERR,ERR,ERR,ERR,ERR,ERR,ERR,ERR,ERR,ERR,ERR,ERR,ERR,ERR,ERR,ERR,ERR,ERR,ERR,ERR,ERR,ERR,ERR,ERR,ERR,ERR,ERR,ERR,ERR,ERR,34.0,80.0,35,0.0,0.0,0.0,0.0,0.0,0.0,0.0,0.0,0.0,0.0,0.0,0.0,0.0,0.0,0.0,0.0,64.4,0,117,56,50,65476,0,300,0,0,8,20529,65476,0,0,57672,80.0,0.0,0.0,0.0,0.0,0.0
2026-06-17T04:08:09,ERR,ERR,ERR,ERR,ERR,ERR,ERR,ERR,ERR,ERR,ERR,ERR,ERR,ERR,ERR,ERR,ERR,ERR,ERR,ERR,ERR,ERR,ERR,ERR,ERR,ERR,ERR,ERR,ERR,ERR,ERR,ERR,ERR,ERR,ERR,ERR,ERR,ERR,ERR,ERR,ERR,ERR,ERR,ERR,ERR,ERR,ERR,ERR,ERR,ERR,ERR,ERR,ERR,ERR,ERR,ERR,ERR,ERR,ERR,ERR,ERR,ERR,ERR,ERR,ERR,ERR,ERR,ERR,ERR,ERR,ERR,ERR,ERR,ERR,ERR,ERR,ERR,ERR,ERR,ERR,ERR,ERR,ERR,ERR,ERR,ERR,ERR,ERR,ERR,ERR,ERR,ERR,ERR,ERR,ERR,ERR,ERR,ERR,ERR,ERR,ERR,ERR,ERR,ERR,ERR,ERR,ERR,ERR,ERR,ERR,ERR,ERR,ERR,ERR,ERR,ERR,ERR,ERR,ERR,ERR,ERR,ERR,ERR,ERR,ERR,0.0,0.0,2.6474777903227054e+23,0.0,0.0,1.3936040501711995e+18,7.805,0.0,0,0,4,0,7300,-0.0,0,0.0,0.0,0.0,0.0,0.0,0,0,0,0,0.0,0,0,0,0,0,0,0,0,0,0,0,0,0,0,0,0,0,0,0,0,0,0,0,0,0,0,0,0,0,0,0,0,0,32,30,30,62,65476,0,300,0,0,8,21553,0.0,-107605600.0,0.0,0.0,0.0,0.0,0.0,0.0,0.0,0.0,0.0,0.0,0.0,0.0,0.0,0.0,0.0,0.0,0.0,0.0,0.0,0.0,2.004,-0.0,-0.0,2.004,0.0,0.0,0.0,0.0,5491.0,2.422992227987924e+24,6956.0,0.0,0.0,-107615280.0,0.0,0.0,0.0,0.0,0.0,63,-0.0,1.9056891869423206e+17,0.0,0.0,0.0,0.0,0.0,0.0,0.0,0,0,0,0.0,0.0,0.0,0.0,0.0,0.0,0.0,0.0,0.0,0.0,0.0,0.0,0.0,0.0,0.0,0.0,0,-107875648.0,63,0.0,126,2.7184242562605685e+23,-0.0,ERR,ERR,ERR,ERR,ERR,ERR,ERR,ERR,ERR,ERR,ERR,ERR,ERR,ERR,ERR,ERR,ERR,ERR,ERR,ERR,ERR,ERR,ERR,ERR,ERR,ERR,ERR,ERR,ERR,ERR,ERR,ERR,ERR,ERR,ERR,ERR,ERR,ERR,ERR,ERR,ERR,ERR,ERR,ERR,ERR,ERR,ERR,ERR,ERR,ERR,ERR,ERR,ERR,ERR,ERR,ERR,ERR,ERR,ERR,ERR,ERR,ERR,ERR,ERR,ERR,ERR,ERR,34.0,80.0,35,0.0,0.0,0.0,0.0,0.0,0.0,0.0,0.0,0.0,0.0,0.0,0.0,0.0,0.0,0.0,0.0,64.4,0,117,56,50,65476,0,300,0,0,8,20529,65476,0,0,57672,80.0,0.0,0.0,0.0,0.0,0.0
2026-06-17T04:08:10,ERR,ERR,ERR,ERR,ERR,ERR,ERR,ERR,ERR,ERR,ERR,ERR,ERR,ERR,ERR,ERR,ERR,ERR,ERR,ERR,ERR,ERR,ERR,ERR,ERR,ERR,ERR,ERR,ERR,ERR,ERR,ERR,ERR,ERR,ERR,ERR,ERR,ERR,ERR,ERR,ERR,ERR,ERR,ERR,ERR,ERR,ERR,ERR,ERR,ERR,ERR,ERR,ERR,ERR,ERR,ERR,ERR,ERR,ERR,ERR,ERR,ERR,ERR,ERR,ERR,ERR,ERR,ERR,ERR,ERR,ERR,ERR,ERR,ERR,ERR,ERR,ERR,ERR,ERR,ERR,ERR,ERR,ERR,ERR,ERR,ERR,ERR,ERR,ERR,ERR,ERR,ERR,ERR,ERR,ERR,ERR,ERR,ERR,ERR,ERR,ERR,ERR,ERR,ERR,ERR,ERR,ERR,ERR,ERR,ERR,ERR,ERR,ERR,ERR,ERR,ERR,ERR,ERR,ERR,ERR,ERR,ERR,ERR,ERR,ERR,0.0,0.0,2.6474777903227054e+23,0.0,0.0,1.3936040501711995e+18,7.805,0.0,0,0,4,0,7300,-0.0,0,0.0,0.0,0.0,0.0,0.0,0,0,0,0,0.0,0,0,0,0,0,0,0,0,0,0,0,0,0,0,0,0,0,0,0,0,0,0,0,0,0,0,0,0,0,0,0,0,0,32,30,30,62,65476,0,300,0,0,8,21553,0.0,-107605600.0,0.0,0.0,0.0,0.0,0.0,0.0,0.0,0.0,0.0,0.0,0.0,0.0,0.0,0.0,0.0,0.0,0.0,0.0,0.0,0.0,2.004,-0.0,-0.0,2.004,0.0,0.0,0.0,0.0,5491.0,2.422992227987924e+24,6956.0,0.0,0.0,-107615280.0,0.0,0.0,0.0,0.0,0.0,63,-0.0,1.9056891869423206e+17,0.0,0.0,0.0,0.0,0.0,0.0,0.0,0,0,0,0.0,0.0,0.0,0.0,0.0,0.0,0.0,0.0,0.0,0.0,0.0,0.0,0.0,0.0,0.0,0.0,0,-107875648.0,63,0.0,126,2.7184242562605685e+23,-0.0,ERR,ERR,ERR,ERR,ERR,ERR,ERR,ERR,ERR,ERR,ERR,ERR,ERR,ERR,ERR,ERR,ERR,ERR,ERR,ERR,ERR,ERR,ERR,ERR,ERR,ERR,ERR,ERR,ERR,ERR,ERR,ERR,ERR,ERR,ERR,ERR,ERR,ERR,ERR,ERR,ERR,ERR,ERR,ERR,ERR,ERR,ERR,ERR,ERR,ERR,ERR,ERR,ERR,ERR,ERR,ERR,ERR,ERR,ERR,ERR,ERR,ERR,ERR,ERR,ERR,ERR,ERR,34.0,80.0,35,0.0,0.0,0.0,0.0,0.0,0.0,0.0,0.0,0.0,0.0,0.0,0.0,0.0,0.0,0.0,0.0,64.4,0,117,56,50,65476,0,300,0,0,8,20529,65476,0,0,57672,80.0,0.0,0.0,0.0,0.0,0.0
2026-06-17T04:08:11,ERR,ERR,ERR,ERR,ERR,ERR,ERR,ERR,ERR,ERR,ERR,ERR,ERR,ERR,ERR,ERR,ERR,ERR,ERR,ERR,ERR,ERR,ERR,ERR,ERR,ERR,ERR,ERR,ERR,ERR,ERR,ERR,ERR,ERR,ERR,ERR,ERR,ERR,ERR,ERR,ERR,ERR,ERR,ERR,ERR,ERR,ERR,ERR,ERR,ERR,ERR,ERR,ERR,ERR,ERR,ERR,ERR,ERR,ERR,ERR,ERR,ERR,ERR,ERR,ERR,ERR,ERR,ERR,ERR,ERR,ERR,ERR,ERR,ERR,ERR,ERR,ERR,ERR,ERR,ERR,ERR,ERR,ERR,ERR,ERR,ERR,ERR,ERR,ERR,ERR,ERR,ERR,ERR,ERR,ERR,ERR,ERR,ERR,ERR,ERR,ERR,ERR,ERR,ERR,ERR,ERR,ERR,ERR,ERR,ERR,ERR,ERR,ERR,ERR,ERR,ERR,ERR,ERR,ERR,ERR,ERR,ERR,ERR,ERR,ERR,0.0,0.0,2.6474777903227054e+23,0.0,0.0,1.3936040501711995e+18,7.805,0.0,0,0,4,0,7300,-0.0,0,0.0,0.0,0.0,0.0,0.0,0,0,0,0,0.0,0,0,0,0,0,0,0,0,0,0,0,0,0,0,0,0,0,0,0,0,0,0,0,0,0,0,0,0,0,0,0,0,0,32,30,30,62,65476,0,300,0,0,8,21553,0.0,-107605600.0,0.0,0.0,0.0,0.0,0.0,0.0,0.0,0.0,0.0,0.0,0.0,0.0,0.0,0.0,0.0,0.0,0.0,0.0,0.0,0.0,2.004,-0.0,-0.0,2.004,0.0,0.0,0.0,0.0,5491.0,2.422992227987924e+24,6956.0,0.0,0.0,-107615280.0,0.0,0.0,0.0,0.0,0.0,63,-0.0,1.9056891869423206e+17,0.0,0.0,0.0,0.0,0.0,0.0,0.0,0,0,0,0.0,0.0,0.0,0.0,0.0,0.0,0.0,0.0,0.0,0.0,0.0,0.0,0.0,0.0,0.0,0.0,0,-107875648.0,63,0.0,126,2.7184242562605685e+23,-0.0,ERR,ERR,ERR,ERR,ERR,ERR,ERR,ERR,ERR,ERR,ERR,ERR,ERR,ERR,ERR,ERR,ERR,ERR,ERR,ERR,ERR,ERR,ERR,ERR,ERR,ERR,ERR,ERR,ERR,ERR,ERR,ERR,ERR,ERR,ERR,ERR,ERR,ERR,ERR,ERR,ERR,ERR,ERR,ERR,ERR,ERR,ERR,ERR,ERR,ERR,ERR,ERR,ERR,ERR,ERR,ERR,ERR,ERR,ERR,ERR,ERR,ERR,ERR,ERR,ERR,ERR,ERR,34.0,80.0,35,0.0,0.0,0.0,0.0,0.0,0.0,0.0,0.0,0.0,0.0,0.0,0.0,0.0,0.0,0.0,0.0,64.4,0,117,56,50,65476,0,300,0,0,8,20529,65476,0,0,57672,80.0,0.0,0.0,0.0,0.0,0.0
2026-06-17T04:08:12,ERR,ERR,ERR,ERR,ERR,ERR,ERR,ERR,ERR,ERR,ERR,ERR,ERR,ERR,ERR,ERR,ERR,ERR,ERR,ERR,ERR,ERR,ERR,ERR,ERR,ERR,ERR,ERR,ERR,ERR,ERR,ERR,ERR,ERR,ERR,ERR,ERR,ERR,ERR,ERR,ERR,ERR,ERR,ERR,ERR,ERR,ERR,ERR,ERR,ERR,ERR,ERR,ERR,ERR,ERR,ERR,ERR,ERR,ERR,ERR,ERR,ERR,ERR,ERR,ERR,ERR,ERR,ERR,ERR,ERR,ERR,ERR,ERR,ERR,ERR,ERR,ERR,ERR,ERR,ERR,ERR,ERR,ERR,ERR,ERR,ERR,ERR,ERR,ERR,ERR,ERR,ERR,ERR,ERR,ERR,ERR,ERR,ERR,ERR,ERR,ERR,ERR,ERR,ERR,ERR,ERR,ERR,ERR,ERR,ERR,ERR,ERR,ERR,ERR,ERR,ERR,ERR,ERR,ERR,ERR,ERR,ERR,ERR,ERR,ERR,0.0,0.0,2.6474777903227054e+23,0.0,0.0,1.3936040501711995e+18,7.805,0.0,0,0,4,0,7300,-0.0,0,0.0,0.0,0.0,0.0,0.0,0,0,0,0,0.0,0,0,0,0,0,0,0,0,0,0,0,0,0,0,0,0,0,0,0,0,0,0,0,0,0,0,0,0,0,0,0,0,0,32,30,30,62,65476,0,300,0,0,8,21553,0.0,-107605600.0,0.0,0.0,0.0,0.0,0.0,0.0,0.0,0.0,0.0,0.0,0.0,0.0,0.0,0.0,0.0,0.0,0.0,0.0,0.0,0.0,2.004,-0.0,-0.0,2.004,0.0,0.0,0.0,0.0,5491.0,-0.0,6966.0,0.0,0.0,-107615280.0,0.0,0.0,0.0,0.0,0.0,63,-0.0,-71.63,0.0,0.0,0.0,0.0,0.0,0.0,0.0,0,0,0,0.0,0.0,0.0,0.0,0.0,0.0,0.0,0.0,0.0,0.0,0.0,0.0,0.0,0.0,0.0,0.0,0,-107875648.0,63,0.0,126,2.7184242562605685e+23,-0.0,ERR,ERR,ERR,ERR,ERR,ERR,ERR,ERR,ERR,ERR,ERR,ERR,ERR,ERR,ERR,ERR,ERR,ERR,ERR,ERR,ERR,ERR,ERR,ERR,ERR,ERR,ERR,ERR,ERR,ERR,ERR,ERR,ERR,ERR,ERR,ERR,ERR,ERR,ERR,ERR,ERR,ERR,ERR,ERR,ERR,ERR,ERR,ERR,ERR,ERR,ERR,ERR,ERR,ERR,ERR,ERR,ERR,ERR,ERR,ERR,ERR,ERR,ERR,ERR,ERR,ERR,ERR,34.0,80.0,35,0.0,0.0,0.0,0.0,0.0,0.0,0.0,0.0,0.0,0.0,0.0,0.0,0.0,0.0,0.0,0.0,64.4,0,117,56,50,65476,0,300,0,0,8,20529,65476,0,0,57672,80.0,0.0,0.0,0.0,0.0,0.0
2026-06-17T04:08:13,ERR,ERR,ERR,ERR,ERR,ERR,ERR,ERR,ERR,ERR,ERR,ERR,ERR,ERR,ERR,ERR,ERR,ERR,ERR,ERR,ERR,ERR,ERR,ERR,ERR,ERR,ERR,ERR,ERR,ERR,ERR,ERR,ERR,ERR,ERR,ERR,ERR,ERR,ERR,ERR,ERR,ERR,ERR,ERR,ERR,ERR,ERR,ERR,ERR,ERR,ERR,ERR,ERR,ERR,ERR,ERR,ERR,ERR,ERR,ERR,ERR,ERR,ERR,ERR,ERR,ERR,ERR,ERR,ERR,ERR,ERR,ERR,ERR,ERR,ERR,ERR,ERR,ERR,ERR,ERR,ERR,ERR,ERR,ERR,ERR,ERR,ERR,ERR,ERR,ERR,ERR,ERR,ERR,ERR,ERR,ERR,ERR,ERR,ERR,ERR,ERR,ERR,ERR,ERR,ERR,ERR,ERR,ERR,ERR,ERR,ERR,ERR,ERR,ERR,ERR,ERR,ERR,ERR,ERR,ERR,ERR,ERR,ERR,ERR,ERR,0.0,0.0,2.6474777903227054e+23,0.0,0.0,1.3936040501711995e+18,7.805,0.0,0,0,4,0,7300,-0.0,0,0.0,0.0,0.0,0.0,0.0,0,0,0,0,0.0,0,0,0,0,0,0,0,0,0,0,0,0,0,0,0,0,0,0,0,0,0,0,0,0,0,0,0,0,0,0,0,0,0,32,30,30,62,65476,0,300,0,0,8,21553,0.0,-107605600.0,0.0,0.0,0.0,0.0,0.0,0.0,0.0,0.0,0.0,0.0,0.0,0.0,0.0,0.0,0.0,0.0,0.0,0.0,0.0,0.0,2.004,-0.0,-0.0,2.004,0.0,0.0,0.0,0.0,5491.0,-0.0,6966.0,0.0,0.0,-107615280.0,0.0,0.0,0.0,0.0,0.0,63,-0.0,-71.63,0.0,0.0,0.0,0.0,0.0,0.0,0.0,0,0,0,0.0,0.0,0.0,0.0,0.0,0.0,0.0,0.0,0.0,0.0,0.0,0.0,0.0,0.0,0.0,0.0,0,-107875648.0,63,0.0,126,2.7184242562605685e+23,-0.0,ERR,ERR,ERR,ERR,ERR,ERR,ERR,ERR,ERR,ERR,ERR,ERR,ERR,ERR,ERR,ERR,ERR,ERR,ERR,ERR,ERR,ERR,ERR,ERR,ERR,ERR,ERR,ERR,ERR,ERR,ERR,ERR,ERR,ERR,ERR,ERR,ERR,ERR,ERR,ERR,ERR,ERR,ERR,ERR,ERR,ERR,ERR,ERR,ERR,ERR,ERR,ERR,ERR,ERR,ERR,ERR,ERR,ERR,ERR,ERR,ERR,ERR,ERR,ERR,ERR,ERR,ERR,34.0,80.0,35,0.0,0.0,0.0,0.0,0.0,0.0,0.0,0.0,0.0,0.0,0.0,0.0,0.0,0.0,0.0,0.0,64.4,0,117,56,50,65476,0,300,0,0,8,20529,65476,0,0,57672,80.0,0.0,0.0,0.0,0.0,0.0
2026-06-17T04:08:14,ERR,ERR,ERR,ERR,ERR,ERR,ERR,ERR,ERR,ERR,ERR,ERR,ERR,ERR,ERR,ERR,ERR,ERR,ERR,ERR,ERR,ERR,ERR,ERR,ERR,ERR,ERR,ERR,ERR,ERR,ERR,ERR,ERR,ERR,ERR,ERR,ERR,ERR,ERR,ERR,ERR,ERR,ERR,ERR,ERR,ERR,ERR,ERR,ERR,ERR,ERR,ERR,ERR,ERR,ERR,ERR,ERR,ERR,ERR,ERR,ERR,ERR,ERR,ERR,ERR,ERR,ERR,ERR,ERR,ERR,ERR,ERR,ERR,ERR,ERR,ERR,ERR,ERR,ERR,ERR,ERR,ERR,ERR,ERR,ERR,ERR,ERR,ERR,ERR,ERR,ERR,ERR,ERR,ERR,ERR,ERR,ERR,ERR,ERR,ERR,ERR,ERR,ERR,ERR,ERR,ERR,ERR,ERR,ERR,ERR,ERR,ERR,ERR,ERR,ERR,ERR,ERR,ERR,ERR,ERR,ERR,ERR,ERR,ERR,ERR,0.0,0.0,2.6474777903227054e+23,0.0,0.0,1.3936040501711995e+18,7.805,0.0,0,0,4,0,7300,-0.0,0,0.0,0.0,0.0,0.0,0.0,0,0,0,0,0.0,0,0,0,0,0,0,0,0,0,0,0,0,0,0,0,0,0,0,0,0,0,0,0,0,0,0,0,0,0,0,0,0,0,32,30,30,62,65476,0,300,0,0,8,21553,0.0,-107605600.0,0.0,0.0,0.0,0.0,0.0,0.0,0.0,0.0,0.0,0.0,0.0,0.0,0.0,0.0,0.0,0.0,0.0,0.0,0.0,0.0,2.004,-0.0,-0.0,2.004,0.0,0.0,0.0,0.0,5491.0,-0.0,6966.0,0.0,0.0,-107615280.0,0.0,0.0,0.0,0.0,0.0,63,-0.0,-71.63,0.0,0.0,0.0,0.0,0.0,0.0,0.0,0,0,0,0.0,0.0,0.0,0.0,0.0,0.0,0.0,0.0,0.0,0.0,0.0,0.0,0.0,0.0,0.0,0.0,0,-107875648.0,63,0.0,126,2.7184242562605685e+23,-0.0,ERR,ERR,ERR,ERR,ERR,ERR,ERR,ERR,ERR,ERR,ERR,ERR,ERR,ERR,ERR,ERR,ERR,ERR,ERR,ERR,ERR,ERR,ERR,ERR,ERR,ERR,ERR,ERR,ERR,ERR,ERR,ERR,ERR,ERR,ERR,ERR,ERR,ERR,ERR,ERR,ERR,ERR,ERR,ERR,ERR,ERR,ERR,ERR,ERR,ERR,ERR,ERR,ERR,ERR,ERR,ERR,ERR,ERR,ERR,ERR,ERR,ERR,ERR,ERR,ERR,ERR,ERR,34.0,80.0,35,0.0,0.0,0.0,0.0,0.0,0.0,0.0,0.0,0.0,0.0,0.0,0.0,0.0,0.0,0.0,0.0,64.4,0,117,56,50,65476,0,300,0,0,8,20529,65476,0,0,57672,80.0,0.0,0.0,0.0,0.0,0.0
2026-06-17T04:08:15,ERR,ERR,ERR,ERR,ERR,ERR,ERR,ERR,ERR,ERR,ERR,ERR,ERR,ERR,ERR,ERR,ERR,ERR,ERR,ERR,ERR,ERR,ERR,ERR,ERR,ERR,ERR,ERR,ERR,ERR,ERR,ERR,ERR,ERR,ERR,ERR,ERR,ERR,ERR,ERR,ERR,ERR,ERR,ERR,ERR,ERR,ERR,ERR,ERR,ERR,ERR,ERR,ERR,ERR,ERR,ERR,ERR,ERR,ERR,ERR,ERR,ERR,ERR,ERR,ERR,ERR,ERR,ERR,ERR,ERR,ERR,ERR,ERR,ERR,ERR,ERR,ERR,ERR,ERR,ERR,ERR,ERR,ERR,ERR,ERR,ERR,ERR,ERR,ERR,ERR,ERR,ERR,ERR,ERR,ERR,ERR,ERR,ERR,ERR,ERR,ERR,ERR,ERR,ERR,ERR,ERR,ERR,ERR,ERR,ERR,ERR,ERR,ERR,ERR,ERR,ERR,ERR,ERR,ERR,ERR,ERR,ERR,ERR,ERR,ERR,0.0,0.0,2.6474777903227054e+23,0.0,0.0,1.3936040501711995e+18,7.805,0.0,0,0,4,0,7300,-0.0,0,0.0,0.0,0.0,0.0,0.0,0,0,0,0,0.0,0,0,0,0,0,0,0,0,0,0,0,0,0,0,0,0,0,0,0,0,0,0,0,0,0,0,0,0,0,0,0,0,0,32,30,30,62,65476,0,300,0,0,8,21553,0.0,-107605600.0,0.0,0.0,0.0,0.0,0.0,0.0,0.0,0.0,0.0,0.0,0.0,0.0,0.0,0.0,0.0,0.0,0.0,0.0,0.0,0.0,2.004,-0.0,-0.0,2.004,0.0,0.0,0.0,0.0,5491.0,-0.0,6966.0,0.0,0.0,-107615280.0,0.0,0.0,0.0,0.0,0.0,63,-0.0,-71.63,0.0,0.0,0.0,0.0,0.0,0.0,0.0,0,0,0,0.0,0.0,0.0,0.0,0.0,0.0,0.0,0.0,0.0,0.0,0.0,0.0,0.0,0.0,0.0,0.0,0,-107875648.0,63,0.0,126,2.7184242562605685e+23,-0.0,ERR,ERR,ERR,ERR,ERR,ERR,ERR,ERR,ERR,ERR,ERR,ERR,ERR,ERR,ERR,ERR,ERR,ERR,ERR,ERR,ERR,ERR,ERR,ERR,ERR,ERR,ERR,ERR,ERR,ERR,ERR,ERR,ERR,ERR,ERR,ERR,ERR,ERR,ERR,ERR,ERR,ERR,ERR,ERR,ERR,ERR,ERR,ERR,ERR,ERR,ERR,ERR,ERR,ERR,ERR,ERR,ERR,ERR,ERR,ERR,ERR,ERR,ERR,ERR,ERR,ERR,ERR,34.0,80.0,35,0.0,0.0,0.0,0.0,0.0,0.0,0.0,0.0,0.0,0.0,0.0,0.0,0.0,0.0,0.0,0.0,64.4,0,117,56,50,65476,0,300,0,0,8,20529,65476,0,0,57672,80.0,0.0,0.0,0.0,0.0,0.0
2026-06-17T04:08:16,ERR,ERR,ERR,ERR,ERR,ERR,ERR,ERR,ERR,ERR,ERR,ERR,ERR,ERR,ERR,ERR,ERR,ERR,ERR,ERR,ERR,ERR,ERR,ERR,ERR,ERR,ERR,ERR,ERR,ERR,ERR,ERR,ERR,ERR,ERR,ERR,ERR,ERR,ERR,ERR,ERR,ERR,ERR,ERR,ERR,ERR,ERR,ERR,ERR,ERR,ERR,ERR,ERR,ERR,ERR,ERR,ERR,ERR,ERR,ERR,ERR,ERR,ERR,ERR,ERR,ERR,ERR,ERR,ERR,ERR,ERR,ERR,ERR,ERR,ERR,ERR,ERR,ERR,ERR,ERR,ERR,ERR,ERR,ERR,ERR,ERR,ERR,ERR,ERR,ERR,ERR,ERR,ERR,ERR,ERR,ERR,ERR,ERR,ERR,ERR,ERR,ERR,ERR,ERR,ERR,ERR,ERR,ERR,ERR,ERR,ERR,ERR,ERR,ERR,ERR,ERR,ERR,ERR,ERR,ERR,ERR,ERR,ERR,ERR,ERR,0.0,0.0,2.6474777903227054e+23,0.0,0.0,1.3936040501711995e+18,7.805,0.0,0,0,4,0,7300,-0.0,0,0.0,0.0,0.0,0.0,0.0,0,0,0,0,0.0,0,0,0,0,0,0,0,0,0,0,0,0,0,0,0,0,0,0,0,0,0,0,0,0,0,0,0,0,0,0,0,0,0,32,30,30,62,65476,0,300,0,0,8,21553,0.0,-107605600.0,0.0,0.0,0.0,0.0,0.0,0.0,0.0,0.0,0.0,0.0,0.0,0.0,0.0,0.0,0.0,0.0,0.0,0.0,0.0,0.0,2.004,-0.0,-0.0,2.004,0.0,0.0,0.0,0.0,5491.0,-0.0,6966.0,0.0,0.0,-107615280.0,0.0,0.0,0.0,0.0,0.0,63,-0.0,-71.63,0.0,0.0,0.0,0.0,0.0,0.0,0.0,0,0,0,0.0,0.0,0.0,0.0,0.0,0.0,0.0,0.0,0.0,0.0,0.0,0.0,0.0,0.0,0.0,0.0,0,-107875648.0,63,0.0,126,2.7184242562605685e+23,-0.0,ERR,ERR,ERR,ERR,ERR,ERR,ERR,ERR,ERR,ERR,ERR,ERR,ERR,ERR,ERR,ERR,ERR,ERR,ERR,ERR,ERR,ERR,ERR,ERR,ERR,ERR,ERR,ERR,ERR,ERR,ERR,ERR,ERR,ERR,ERR,ERR,ERR,ERR,ERR,ERR,ERR,ERR,ERR,ERR,ERR,ERR,ERR,ERR,ERR,ERR,ERR,ERR,ERR,ERR,ERR,ERR,ERR,ERR,ERR,ERR,ERR,ERR,ERR,ERR,ERR,ERR,ERR,34.0,80.0,35,0.0,0.0,0.0,0.0,0.0,0.0,0.0,0.0,0.0,0.0,0.0,0.0,0.0,0.0,0.0,0.0,64.4,0,117,56,50,65476,0,300,0,0,8,20529,65476,0,0,57672,80.0,0.0,0.0,0.0,0.0,0.0
2026-06-17T04:08:17,ERR,ERR,ERR,ERR,ERR,ERR,ERR,ERR,ERR,ERR,ERR,ERR,ERR,ERR,ERR,ERR,ERR,ERR,ERR,ERR,ERR,ERR,ERR,ERR,ERR,ERR,ERR,ERR,ERR,ERR,ERR,ERR,ERR,ERR,ERR,ERR,ERR,ERR,ERR,ERR,ERR,ERR,ERR,ERR,ERR,ERR,ERR,ERR,ERR,ERR,ERR,ERR,ERR,ERR,ERR,ERR,ERR,ERR,ERR,ERR,ERR,ERR,ERR,ERR,ERR,ERR,ERR,ERR,ERR,ERR,ERR,ERR,ERR,ERR,ERR,ERR,ERR,ERR,ERR,ERR,ERR,ERR,ERR,ERR,ERR,ERR,ERR,ERR,ERR,ERR,ERR,ERR,ERR,ERR,ERR,ERR,ERR,ERR,ERR,ERR,ERR,ERR,ERR,ERR,ERR,ERR,ERR,ERR,ERR,ERR,ERR,ERR,ERR,ERR,ERR,ERR,ERR,ERR,ERR,ERR,ERR,ERR,ERR,ERR,ERR,0.0,0.0,2.6474777903227054e+23,0.0,0.0,1.3936040501711995e+18,7.805,0.0,0,0,4,0,7300,-0.0,0,0.0,0.0,0.0,0.0,0.0,0,0,0,0,0.0,0,0,0,0,0,0,0,0,0,0,0,0,0,0,0,0,0,0,0,0,0,0,0,0,0,0,0,0,0,0,0,0,0,32,30,30,62,65476,0,300,0,0,8,21553,0.0,-107605600.0,0.0,0.0,0.0,0.0,0.0,0.0,0.0,0.0,0.0,0.0,0.0,0.0,0.0,0.0,0.0,0.0,0.0,0.0,0.0,0.0,2.004,-0.0,-0.0,2.004,0.0,0.0,0.0,0.0,5496.0,-0.0,6967.0,0.0,0.0,-107615280.0,0.0,0.0,0.0,0.0,0.0,63,-0.0,-107614936.0,0.0,0.0,0.0,0.0,0.0,0.0,0.0,0,0,0,0.0,0.0,0.0,0.0,0.0,0.0,0.0,0.0,0.0,0.0,0.0,0.0,0.0,0.0,0.0,0.0,0,-107875648.0,63,0.0,126,2.7184242562605685e+23,-0.0,ERR,ERR,ERR,ERR,ERR,ERR,ERR,ERR,ERR,ERR,ERR,ERR,ERR,ERR,ERR,ERR,ERR,ERR,ERR,ERR,ERR,ERR,ERR,ERR,ERR,ERR,ERR,ERR,ERR,ERR,ERR,ERR,ERR,ERR,ERR,ERR,ERR,ERR,ERR,ERR,ERR,ERR,ERR,ERR,ERR,ERR,ERR,ERR,ERR,ERR,ERR,ERR,ERR,ERR,ERR,ERR,ERR,ERR,ERR,ERR,ERR,ERR,ERR,ERR,ERR,ERR,ERR,34.0,80.0,35,0.0,0.0,0.0,0.0,0.0,0.0,0.0,0.0,0.0,0.0,0.0,0.0,0.0,0.0,0.0,0.0,64.4,0,117,56,50,65476,0,300,0,0,8,20529,65476,0,0,57672,80.0,0.0,0.0,0.0,0.0,0.0
2026-06-17T04:08:18,ERR,ERR,ERR,ERR,ERR,ERR,ERR,ERR,ERR,ERR,ERR,ERR,ERR,ERR,ERR,ERR,ERR,ERR,ERR,ERR,ERR,ERR,ERR,ERR,ERR,ERR,ERR,ERR,ERR,ERR,ERR,ERR,ERR,ERR,ERR,ERR,ERR,ERR,ERR,ERR,ERR,ERR,ERR,ERR,ERR,ERR,ERR,ERR,ERR,ERR,ERR,ERR,ERR,ERR,ERR,ERR,ERR,ERR,ERR,ERR,ERR,ERR,ERR,ERR,ERR,ERR,ERR,ERR,ERR,ERR,ERR,ERR,ERR,ERR,ERR,ERR,ERR,ERR,ERR,ERR,ERR,ERR,ERR,ERR,ERR,ERR,ERR,ERR,ERR,ERR,ERR,ERR,ERR,ERR,ERR,ERR,ERR,ERR,ERR,ERR,ERR,ERR,ERR,ERR,ERR,ERR,ERR,ERR,ERR,ERR,ERR,ERR,ERR,ERR,ERR,ERR,ERR,ERR,ERR,ERR,ERR,ERR,ERR,ERR,ERR,0.0,0.0,2.6474777903227054e+23,0.0,0.0,1.3936040501711995e+18,7.805,0.0,0,0,4,0,7300,-0.0,0,0.0,0.0,0.0,0.0,0.0,0,0,0,0,0.0,0,0,0,0,0,0,0,0,0,0,0,0,0,0,0,0,0,0,0,0,0,0,0,0,0,0,0,0,0,0,0,0,0,32,30,30,62,65476,0,300,0,0,8,21553,0.0,-107605600.0,0.0,0.0,0.0,0.0,0.0,0.0,0.0,0.0,0.0,0.0,0.0,0.0,0.0,0.0,0.0,0.0,0.0,0.0,0.0,0.0,2.004,-0.0,-0.0,2.004,0.0,0.0,0.0,0.0,5496.0,-0.0,6967.0,0.0,0.0,-107615280.0,0.0,0.0,0.0,0.0,0.0,63,-0.0,-107614936.0,0.0,0.0,0.0,0.0,0.0,0.0,0.0,0,0,0,0.0,0.0,0.0,0.0,0.0,0.0,0.0,0.0,0.0,0.0,0.0,0.0,0.0,0.0,0.0,0.0,0,-107875648.0,63,0.0,126,2.7184242562605685e+23,-0.0,ERR,ERR,ERR,ERR,ERR,ERR,ERR,ERR,ERR,ERR,ERR,ERR,ERR,ERR,ERR,ERR,ERR,ERR,ERR,ERR,ERR,ERR,ERR,ERR,ERR,ERR,ERR,ERR,ERR,ERR,ERR,ERR,ERR,ERR,ERR,ERR,ERR,ERR,ERR,ERR,ERR,ERR,ERR,ERR,ERR,ERR,ERR,ERR,ERR,ERR,ERR,ERR,ERR,ERR,ERR,ERR,ERR,ERR,ERR,ERR,ERR,ERR,ERR,ERR,ERR,ERR,ERR,34.0,80.0,35,0.0,0.0,0.0,0.0,0.0,0.0,0.0,0.0,0.0,0.0,0.0,0.0,0.0,0.0,0.0,0.0,64.4,0,117,56,50,65476,0,300,0,0,8,20529,65476,0,0,57672,80.0,0.0,0.0,0.0,0.0,0.0
2026-06-17T04:08:19,ERR,ERR,ERR,ERR,ERR,ERR,ERR,ERR,ERR,ERR,ERR,ERR,ERR,ERR,ERR,ERR,ERR,ERR,ERR,ERR,ERR,ERR,ERR,ERR,ERR,ERR,ERR,ERR,ERR,ERR,ERR,ERR,ERR,ERR,ERR,ERR,ERR,ERR,ERR,ERR,ERR,ERR,ERR,ERR,ERR,ERR,ERR,ERR,ERR,ERR,ERR,ERR,ERR,ERR,ERR,ERR,ERR,ERR,ERR,ERR,ERR,ERR,ERR,ERR,ERR,ERR,ERR,ERR,ERR,ERR,ERR,ERR,ERR,ERR,ERR,ERR,ERR,ERR,ERR,ERR,ERR,ERR,ERR,ERR,ERR,ERR,ERR,ERR,ERR,ERR,ERR,ERR,ERR,ERR,ERR,ERR,ERR,ERR,ERR,ERR,ERR,ERR,ERR,ERR,ERR,ERR,ERR,ERR,ERR,ERR,ERR,ERR,ERR,ERR,ERR,ERR,ERR,ERR,ERR,ERR,ERR,ERR,ERR,ERR,ERR,0.0,0.0,2.6474777903227054e+23,0.0,0.0,1.3936040501711995e+18,7.805,0.0,0,0,4,0,7300,-0.0,0,0.0,0.0,0.0,0.0,0.0,0,0,0,0,0.0,0,0,0,0,0,0,0,0,0,0,0,0,0,0,0,0,0,0,0,0,0,0,0,0,0,0,0,0,0,0,0,0,0,32,30,30,62,65476,0,300,0,0,8,21553,0.0,-107605600.0,0.0,0.0,0.0,0.0,0.0,0.0,0.0,0.0,0.0,0.0,0.0,0.0,0.0,0.0,0.0,0.0,0.0,0.0,0.0,0.0,2.004,-0.0,-0.0,2.004,0.0,0.0,0.0,0.0,5496.0,-0.0,6967.0,0.0,0.0,-107615280.0,0.0,0.0,0.0,0.0,0.0,63,-0.0,-107614936.0,0.0,0.0,0.0,0.0,0.0,0.0,0.0,0,0,0,0.0,0.0,0.0,0.0,0.0,0.0,0.0,0.0,0.0,0.0,0.0,0.0,0.0,0.0,0.0,0.0,0,-107875648.0,63,0.0,126,2.7184242562605685e+23,-0.0,ERR,ERR,ERR,ERR,ERR,ERR,ERR,ERR,ERR,ERR,ERR,ERR,ERR,ERR,ERR,ERR,ERR,ERR,ERR,ERR,ERR,ERR,ERR,ERR,ERR,ERR,ERR,ERR,ERR,ERR,ERR,ERR,ERR,ERR,ERR,ERR,ERR,ERR,ERR,ERR,ERR,ERR,ERR,ERR,ERR,ERR,ERR,ERR,ERR,ERR,ERR,ERR,ERR,ERR,ERR,ERR,ERR,ERR,ERR,ERR,ERR,ERR,ERR,ERR,ERR,ERR,ERR,34.0,80.0,35,0.0,0.0,0.0,0.0,0.0,0.0,0.0,0.0,0.0,0.0,0.0,0.0,0.0,0.0,0.0,0.0,64.4,0,117,56,50,65476,0,300,0,0,8,20529,65476,0,0,57672,80.0,0.0,0.0,0.0,0.0,0.0
2026-06-17T04:08:20,ERR,ERR,ERR,ERR,ERR,ERR,ERR,ERR,ERR,ERR,ERR,ERR,ERR,ERR,ERR,ERR,ERR,ERR,ERR,ERR,ERR,ERR,ERR,ERR,ERR,ERR,ERR,ERR,ERR,ERR,ERR,ERR,ERR,ERR,ERR,ERR,ERR,ERR,ERR,ERR,ERR,ERR,ERR,ERR,ERR,ERR,ERR,ERR,ERR,ERR,ERR,ERR,ERR,ERR,ERR,ERR,ERR,ERR,ERR,ERR,ERR,ERR,ERR,ERR,ERR,ERR,ERR,ERR,ERR,ERR,ERR,ERR,ERR,ERR,ERR,ERR,ERR,ERR,ERR,ERR,ERR,ERR,ERR,ERR,ERR,ERR,ERR,ERR,ERR,ERR,ERR,ERR,ERR,ERR,ERR,ERR,ERR,ERR,ERR,ERR,ERR,ERR,ERR,ERR,ERR,ERR,ERR,ERR,ERR,ERR,ERR,ERR,ERR,ERR,ERR,ERR,ERR,ERR,ERR,ERR,ERR,ERR,ERR,ERR,ERR,0.0,0.0,2.6474777903227054e+23,0.0,0.0,1.3936040501711995e+18,7.805,0.0,0,0,4,0,7300,-0.0,0,0.0,0.0,0.0,0.0,0.0,0,0,0,0,0.0,0,0,0,0,0,0,0,0,0,0,0,0,0,0,0,0,0,0,0,0,0,0,0,0,0,0,0,0,0,0,0,0,0,32,30,30,62,65476,0,300,0,0,8,21553,0.0,-107605600.0,0.0,0.0,0.0,0.0,0.0,0.0,0.0,0.0,0.0,0.0,0.0,0.0,0.0,0.0,0.0,0.0,0.0,0.0,0.0,0.0,2.004,-0.0,-0.0,2.004,0.0,0.0,0.0,0.0,5496.0,-0.0,6967.0,0.0,0.0,-107615280.0,0.0,0.0,0.0,0.0,0.0,63,-0.0,-107614936.0,0.0,0.0,0.0,0.0,0.0,0.0,0.0,0,0,0,0.0,0.0,0.0,0.0,0.0,0.0,0.0,0.0,0.0,0.0,0.0,0.0,0.0,0.0,0.0,0.0,0,-107875648.0,63,0.0,126,2.7184242562605685e+23,-0.0,ERR,ERR,ERR,ERR,ERR,ERR,ERR,ERR,ERR,ERR,ERR,ERR,ERR,ERR,ERR,ERR,ERR,ERR,ERR,ERR,ERR,ERR,ERR,ERR,ERR,ERR,ERR,ERR,ERR,ERR,ERR,ERR,ERR,ERR,ERR,ERR,ERR,ERR,ERR,ERR,ERR,ERR,ERR,ERR,ERR,ERR,ERR,ERR,ERR,ERR,ERR,ERR,ERR,ERR,ERR,ERR,ERR,ERR,ERR,ERR,ERR,ERR,ERR,ERR,ERR,ERR,ERR,34.0,80.0,35,0.0,0.0,0.0,0.0,0.0,0.0,0.0,0.0,0.0,0.0,0.0,0.0,0.0,0.0,0.0,0.0,64.4,0,117,56,50,65476,0,300,0,0,8,20529,65476,0,0,57672,80.0,0.0,0.0,0.0,0.0,0.0
2026-06-17T04:08:21,ERR,ERR,ERR,ERR,ERR,ERR,ERR,ERR,ERR,ERR,ERR,ERR,ERR,ERR,ERR,ERR,ERR,ERR,ERR,ERR,ERR,ERR,ERR,ERR,ERR,ERR,ERR,ERR,ERR,ERR,ERR,ERR,ERR,ERR,ERR,ERR,ERR,ERR,ERR,ERR,ERR,ERR,ERR,ERR,ERR,ERR,ERR,ERR,ERR,ERR,ERR,ERR,ERR,ERR,ERR,ERR,ERR,ERR,ERR,ERR,ERR,ERR,ERR,ERR,ERR,ERR,ERR,ERR,ERR,ERR,ERR,ERR,ERR,ERR,ERR,ERR,ERR,ERR,ERR,ERR,ERR,ERR,ERR,ERR,ERR,ERR,ERR,ERR,ERR,ERR,ERR,ERR,ERR,ERR,ERR,ERR,ERR,ERR,ERR,ERR,ERR,ERR,ERR,ERR,ERR,ERR,ERR,ERR,ERR,ERR,ERR,ERR,ERR,ERR,ERR,ERR,ERR,ERR,ERR,ERR,ERR,ERR,ERR,ERR,ERR,0.0,0.0,2.6474777903227054e+23,0.0,0.0,1.3936040501711995e+18,7.805,0.0,0,0,4,0,7300,-0.0,0,0.0,0.0,0.0,0.0,0.0,0,0,0,0,0.0,0,0,0,0,0,0,0,0,0,0,0,0,0,0,0,0,0,0,0,0,0,0,0,0,0,0,0,0,0,0,0,0,0,32,30,30,62,65476,0,300,0,0,8,21553,0.0,-107605600.0,0.0,0.0,0.0,0.0,0.0,0.0,0.0,0.0,0.0,0.0,0.0,0.0,0.0,0.0,0.0,0.0,0.0,0.0,0.0,0.0,2.004,-0.0,-0.0,2.004,0.0,0.0,0.0,0.0,5496.0,-0.0,6967.0,0.0,0.0,-107615280.0,0.0,0.0,0.0,0.0,0.0,63,-0.0,-107614936.0,0.0,0.0,0.0,0.0,0.0,0.0,0.0,0,0,0,0.0,0.0,0.0,0.0,0.0,0.0,0.0,0.0,0.0,0.0,0.0,0.0,0.0,0.0,0.0,0.0,0,-107875648.0,63,0.0,126,2.7184242562605685e+23,-0.0,ERR,ERR,ERR,ERR,ERR,ERR,ERR,ERR,ERR,ERR,ERR,ERR,ERR,ERR,ERR,ERR,ERR,ERR,ERR,ERR,ERR,ERR,ERR,ERR,ERR,ERR,ERR,ERR,ERR,ERR,ERR,ERR,ERR,ERR,ERR,ERR,ERR,ERR,ERR,ERR,ERR,ERR,ERR,ERR,ERR,ERR,ERR,ERR,ERR,ERR,ERR,ERR,ERR,ERR,ERR,ERR,ERR,ERR,ERR,ERR,ERR,ERR,ERR,ERR,ERR,ERR,ERR,34.0,80.0,35,0.0,0.0,0.0,0.0,0.0,0.0,0.0,0.0,0.0,0.0,0.0,0.0,0.0,0.0,0.0,0.0,64.4,0,117,56,50,65476,0,300,0,0,8,20529,65476,0,0,57672,80.0,0.0,0.0,0.0,0.0,0.0
2026-06-17T04:08:22,ERR,ERR,ERR,ERR,ERR,ERR,ERR,ERR,ERR,ERR,ERR,ERR,ERR,ERR,ERR,ERR,ERR,ERR,ERR,ERR,ERR,ERR,ERR,ERR,ERR,ERR,ERR,ERR,ERR,ERR,ERR,ERR,ERR,ERR,ERR,ERR,ERR,ERR,ERR,ERR,ERR,ERR,ERR,ERR,ERR,ERR,ERR,ERR,ERR,ERR,ERR,ERR,ERR,ERR,ERR,ERR,ERR,ERR,ERR,ERR,ERR,ERR,ERR,ERR,ERR,ERR,ERR,ERR,ERR,ERR,ERR,ERR,ERR,ERR,ERR,ERR,ERR,ERR,ERR,ERR,ERR,ERR,ERR,ERR,ERR,ERR,ERR,ERR,ERR,ERR,ERR,ERR,ERR,ERR,ERR,ERR,ERR,ERR,ERR,ERR,ERR,ERR,ERR,ERR,ERR,ERR,ERR,ERR,ERR,ERR,ERR,ERR,ERR,ERR,ERR,ERR,ERR,ERR,ERR,ERR,ERR,ERR,ERR,ERR,ERR,0.0,0.0,2.6474777903227054e+23,0.0,0.0,1.3936040501711995e+18,7.805,0.0,0,0,4,0,7300,-0.0,0,0.0,0.0,0.0,0.0,0.0,0,0,0,0,0.0,0,0,0,0,0,0,0,0,0,0,0,0,0,0,0,0,0,0,0,0,0,0,0,0,0,0,0,0,0,0,0,0,0,32,30,30,62,65476,0,300,0,0,8,21553,0.0,-107605600.0,0.0,0.0,0.0,0.0,0.0,0.0,0.0,0.0,0.0,0.0,0.0,0.0,0.0,0.0,0.0,0.0,0.0,0.0,0.0,0.0,2.004,-0.0,-0.0,2.004,0.0,0.0,0.0,0.0,5496.0,-0.0,6967.0,0.0,0.0,-107615280.0,0.0,0.0,0.0,0.0,0.0,63,-0.0,-107614936.0,0.0,0.0,0.0,0.0,0.0,0.0,0.0,0,0,0,0.0,0.0,0.0,0.0,0.0,0.0,0.0,0.0,0.0,0.0,0.0,0.0,0.0,0.0,0.0,0.0,0,-107875648.0,63,0.0,126,2.7184242562605685e+23,-0.0,ERR,ERR,ERR,ERR,ERR,ERR,ERR,ERR,ERR,ERR,ERR,ERR,ERR,ERR,ERR,ERR,ERR,ERR,ERR,ERR,ERR,ERR,ERR,ERR,ERR,ERR,ERR,ERR,ERR,ERR,ERR,ERR,ERR,ERR,ERR,ERR,ERR,ERR,ERR,ERR,ERR,ERR,ERR,ERR,ERR,ERR,ERR,ERR,ERR,ERR,ERR,ERR,ERR,ERR,ERR,ERR,ERR,ERR,ERR,ERR,ERR,ERR,ERR,ERR,ERR,ERR,ERR,34.0,80.0,35,0.0,0.0,0.0,0.0,0.0,0.0,0.0,0.0,0.0,0.0,0.0,0.0,0.0,0.0,0.0,0.0,64.8,0,117,56,50,65476,0,300,0,0,8,20529,65476,0,0,57672,80.0,0.0,0.0,0.0,0.0,0.0
2026-06-17T04:08:23,ERR,ERR,ERR,ERR,ERR,ERR,ERR,ERR,ERR,ERR,ERR,ERR,ERR,ERR,ERR,ERR,ERR,ERR,ERR,ERR,ERR,ERR,ERR,ERR,ERR,ERR,ERR,ERR,ERR,ERR,ERR,ERR,ERR,ERR,ERR,ERR,ERR,ERR,ERR,ERR,ERR,ERR,ERR,ERR,ERR,ERR,ERR,ERR,ERR,ERR,ERR,ERR,ERR,ERR,ERR,ERR,ERR,ERR,ERR,ERR,ERR,ERR,ERR,ERR,ERR,ERR,ERR,ERR,ERR,ERR,ERR,ERR,ERR,ERR,ERR,ERR,ERR,ERR,ERR,ERR,ERR,ERR,ERR,ERR,ERR,ERR,ERR,ERR,ERR,ERR,ERR,ERR,ERR,ERR,ERR,ERR,ERR,ERR,ERR,ERR,ERR,ERR,ERR,ERR,ERR,ERR,ERR,ERR,ERR,ERR,ERR,ERR,ERR,ERR,ERR,ERR,ERR,ERR,ERR,ERR,ERR,ERR,ERR,ERR,ERR,0.0,0.0,2.6474777903227054e+23,0.0,0.0,1.3936040501711995e+18,7.805,0.0,0,0,4,0,7300,-0.0,0,0.0,0.0,0.0,0.0,0.0,0,0,0,0,0.0,0,0,0,0,0,0,0,0,0,0,0,0,0,0,0,0,0,0,0,0,0,0,0,0,0,0,0,0,0,0,0,0,0,32,30,30,62,65476,0,300,0,0,8,21553,0.0,-107605600.0,0.0,0.0,0.0,0.0,0.0,0.0,0.0,0.0,0.0,0.0,0.0,0.0,0.0,0.0,0.0,0.0,0.0,0.0,0.0,0.0,2.004,-0.0,-0.0,2.004,0.0,0.0,0.0,0.0,5495.0,8608197632.0,6954.0,0.0,0.0,-107615280.0,0.0,0.0,0.0,0.0,0.0,63,-0.0,89220.711,0.0,0.0,0.0,0.0,0.0,0.0,0.0,0,0,0,0.0,0.0,0.0,0.0,0.0,0.0,0.0,0.0,0.0,0.0,0.0,0.0,0.0,0.0,0.0,0.0,0,-107875648.0,63,0.0,126,2.7184242562605685e+23,-0.0,ERR,ERR,ERR,ERR,ERR,ERR,ERR,ERR,ERR,ERR,ERR,ERR,ERR,ERR,ERR,ERR,ERR,ERR,ERR,ERR,ERR,ERR,ERR,ERR,ERR,ERR,ERR,ERR,ERR,ERR,ERR,ERR,ERR,ERR,ERR,ERR,ERR,ERR,ERR,ERR,ERR,ERR,ERR,ERR,ERR,ERR,ERR,ERR,ERR,ERR,ERR,ERR,ERR,ERR,ERR,ERR,ERR,ERR,ERR,ERR,ERR,ERR,ERR,ERR,ERR,ERR,ERR,34.0,80.0,35,0.0,0.0,0.0,0.0,0.0,0.0,0.0,0.0,0.0,0.0,0.0,0.0,0.0,0.0,0.0,0.0,64.8,0,117,56,50,65476,0,300,0,0,8,20529,65476,0,0,57672,80.0,0.0,0.0,0.0,0.0,0.0
2026-06-17T04:08:24,ERR,ERR,ERR,ERR,ERR,ERR,ERR,ERR,ERR,ERR,ERR,ERR,ERR,ERR,ERR,ERR,ERR,ERR,ERR,ERR,ERR,ERR,ERR,ERR,ERR,ERR,ERR,ERR,ERR,ERR,ERR,ERR,ERR,ERR,ERR,ERR,ERR,ERR,ERR,ERR,ERR,ERR,ERR,ERR,ERR,ERR,ERR,ERR,ERR,ERR,ERR,ERR,ERR,ERR,ERR,ERR,ERR,ERR,ERR,ERR,ERR,ERR,ERR,ERR,ERR,ERR,ERR,ERR,ERR,ERR,ERR,ERR,ERR,ERR,ERR,ERR,ERR,ERR,ERR,ERR,ERR,ERR,ERR,ERR,ERR,ERR,ERR,ERR,ERR,ERR,ERR,ERR,ERR,ERR,ERR,ERR,ERR,ERR,ERR,ERR,ERR,ERR,ERR,ERR,ERR,ERR,ERR,ERR,ERR,ERR,ERR,ERR,ERR,ERR,ERR,ERR,ERR,ERR,ERR,ERR,ERR,ERR,ERR,ERR,ERR,0.0,0.0,2.6474777903227054e+23,0.0,0.0,1.3936040501711995e+18,7.805,0.0,0,0,4,0,7300,-0.0,0,0.0,0.0,0.0,0.0,0.0,0,0,0,0,0.0,0,0,0,0,0,0,0,0,0,0,0,0,0,0,0,0,0,0,0,0,0,0,0,0,0,0,0,0,0,0,0,0,0,32,30,30,62,65476,0,300,0,0,8,21553,0.0,-107605600.0,0.0,0.0,0.0,0.0,0.0,0.0,0.0,0.0,0.0,0.0,0.0,0.0,0.0,0.0,0.0,0.0,0.0,0.0,0.0,0.0,2.004,-0.0,-0.0,2.004,0.0,0.0,0.0,0.0,5495.0,8608197632.0,6954.0,0.0,0.0,-107615280.0,0.0,0.0,0.0,0.0,0.0,63,-0.0,89220.711,0.0,0.0,0.0,0.0,0.0,0.0,0.0,0,0,0,0.0,0.0,0.0,0.0,0.0,0.0,0.0,0.0,0.0,0.0,0.0,0.0,0.0,0.0,0.0,0.0,0,-107875648.0,63,0.0,126,2.7184242562605685e+23,-0.0,ERR,ERR,ERR,ERR,ERR,ERR,ERR,ERR,ERR,ERR,ERR,ERR,ERR,ERR,ERR,ERR,ERR,ERR,ERR,ERR,ERR,ERR,ERR,ERR,ERR,ERR,ERR,ERR,ERR,ERR,ERR,ERR,ERR,ERR,ERR,ERR,ERR,ERR,ERR,ERR,ERR,ERR,ERR,ERR,ERR,ERR,ERR,ERR,ERR,ERR,ERR,ERR,ERR,ERR,ERR,ERR,ERR,ERR,ERR,ERR,ERR,ERR,ERR,ERR,ERR,ERR,ERR,34.0,80.0,35,0.0,0.0,0.0,0.0,0.0,0.0,0.0,0.0,0.0,0.0,0.0,0.0,0.0,0.0,0.0,0.0,64.4,0,117,56,50,65476,0,300,0,0,8,20529,65476,0,0,57672,80.0,0.0,0.0,0.0,0.0,0.0
2026-06-17T04:08:25,ERR,ERR,ERR,ERR,ERR,ERR,ERR,ERR,ERR,ERR,ERR,ERR,ERR,ERR,ERR,ERR,ERR,ERR,ERR,ERR,ERR,ERR,ERR,ERR,ERR,ERR,ERR,ERR,ERR,ERR,ERR,ERR,ERR,ERR,ERR,ERR,ERR,ERR,ERR,ERR,ERR,ERR,ERR,ERR,ERR,ERR,ERR,ERR,ERR,ERR,ERR,ERR,ERR,ERR,ERR,ERR,ERR,ERR,ERR,ERR,ERR,ERR,ERR,ERR,ERR,ERR,ERR,ERR,ERR,ERR,ERR,ERR,ERR,ERR,ERR,ERR,ERR,ERR,ERR,ERR,ERR,ERR,ERR,ERR,ERR,ERR,ERR,ERR,ERR,ERR,ERR,ERR,ERR,ERR,ERR,ERR,ERR,ERR,ERR,ERR,ERR,ERR,ERR,ERR,ERR,ERR,ERR,ERR,ERR,ERR,ERR,ERR,ERR,ERR,ERR,ERR,ERR,ERR,ERR,ERR,ERR,ERR,ERR,ERR,ERR,0.0,0.0,2.6474777903227054e+23,0.0,0.0,1.3936040501711995e+18,7.805,0.0,0,0,4,0,7300,-0.0,0,0.0,0.0,0.0,0.0,0.0,0,0,0,0,0.0,0,0,0,0,0,0,0,0,0,0,0,0,0,0,0,0,0,0,0,0,0,0,0,0,0,0,0,0,0,0,0,0,0,32,30,30,62,65476,0,300,0,0,8,21553,0.0,-107605600.0,0.0,0.0,0.0,0.0,0.0,0.0,0.0,0.0,0.0,0.0,0.0,0.0,0.0,0.0,0.0,0.0,0.0,0.0,0.0,0.0,2.004,-0.0,-0.0,2.004,0.0,0.0,0.0,0.0,5495.0,8608197632.0,6954.0,0.0,0.0,-107615280.0,0.0,0.0,0.0,0.0,0.0,63,-0.0,89220.711,0.0,0.0,0.0,0.0,0.0,0.0,0.0,0,0,0,0.0,0.0,0.0,0.0,0.0,0.0,0.0,0.0,0.0,0.0,0.0,0.0,0.0,0.0,0.0,0.0,0,-107875648.0,63,0.0,126,2.7184242562605685e+23,-0.0,ERR,ERR,ERR,ERR,ERR,ERR,ERR,ERR,ERR,ERR,ERR,ERR,ERR,ERR,ERR,ERR,ERR,ERR,ERR,ERR,ERR,ERR,ERR,ERR,ERR,ERR,ERR,ERR,ERR,ERR,ERR,ERR,ERR,ERR,ERR,ERR,ERR,ERR,ERR,ERR,ERR,ERR,ERR,ERR,ERR,ERR,ERR,ERR,ERR,ERR,ERR,ERR,ERR,ERR,ERR,ERR,ERR,ERR,ERR,ERR,ERR,ERR,ERR,ERR,ERR,ERR,ERR,34.0,80.0,35,0.0,0.0,0.0,0.0,0.0,0.0,0.0,0.0,0.0,0.0,0.0,0.0,0.0,0.0,0.0,0.0,64.4,0,117,56,50,65476,0,300,0,0,8,20529,65476,0,0,57672,80.0,0.0,0.0,0.0,0.0,0.0
2026-06-17T04:08:26,ERR,ERR,ERR,ERR,ERR,ERR,ERR,ERR,ERR,ERR,ERR,ERR,ERR,ERR,ERR,ERR,ERR,ERR,ERR,ERR,ERR,ERR,ERR,ERR,ERR,ERR,ERR,ERR,ERR,ERR,ERR,ERR,ERR,ERR,ERR,ERR,ERR,ERR,ERR,ERR,ERR,ERR,ERR,ERR,ERR,ERR,ERR,ERR,ERR,ERR,ERR,ERR,ERR,ERR,ERR,ERR,ERR,ERR,ERR,ERR,ERR,ERR,ERR,ERR,ERR,ERR,ERR,ERR,ERR,ERR,ERR,ERR,ERR,ERR,ERR,ERR,ERR,ERR,ERR,ERR,ERR,ERR,ERR,ERR,ERR,ERR,ERR,ERR,ERR,ERR,ERR,ERR,ERR,ERR,ERR,ERR,ERR,ERR,ERR,ERR,ERR,ERR,ERR,ERR,ERR,ERR,ERR,ERR,ERR,ERR,ERR,ERR,ERR,ERR,ERR,ERR,ERR,ERR,ERR,ERR,ERR,ERR,ERR,ERR,ERR,0.0,0.0,2.6474777903227054e+23,0.0,0.0,1.3936040501711995e+18,7.805,0.0,0,0,4,0,7300,-0.0,0,0.0,0.0,0.0,0.0,0.0,0,0,0,0,0.0,0,0,0,0,0,0,0,0,0,0,0,0,0,0,0,0,0,0,0,0,0,0,0,0,0,0,0,0,0,0,0,0,0,32,30,30,62,65476,0,300,0,0,8,21553,0.0,-107605600.0,0.0,0.0,0.0,0.0,0.0,0.0,0.0,0.0,0.0,0.0,0.0,0.0,0.0,0.0,0.0,0.0,0.0,0.0,0.0,0.0,2.004,-0.0,-0.0,2.004,0.0,0.0,0.0,0.0,5495.0,8608197632.0,6954.0,0.0,0.0,-107615280.0,0.0,0.0,0.0,0.0,0.0,63,-0.0,89220.711,0.0,0.0,0.0,0.0,0.0,0.0,0.0,0,0,0,0.0,0.0,0.0,0.0,0.0,0.0,0.0,0.0,0.0,0.0,0.0,0.0,0.0,0.0,0.0,0.0,0,-107875648.0,63,0.0,126,2.7184242562605685e+23,-0.0,ERR,ERR,ERR,ERR,ERR,ERR,ERR,ERR,ERR,ERR,ERR,ERR,ERR,ERR,ERR,ERR,ERR,ERR,ERR,ERR,ERR,ERR,ERR,ERR,ERR,ERR,ERR,ERR,ERR,ERR,ERR,ERR,ERR,ERR,ERR,ERR,ERR,ERR,ERR,ERR,ERR,ERR,ERR,ERR,ERR,ERR,ERR,ERR,ERR,ERR,ERR,ERR,ERR,ERR,ERR,ERR,ERR,ERR,ERR,ERR,ERR,ERR,ERR,ERR,ERR,ERR,ERR,34.0,80.0,35,0.0,0.0,0.0,0.0,0.0,0.0,0.0,0.0,0.0,0.0,0.0,0.0,0.0,0.0,0.0,0.0,64.4,0,117,56,50,65476,0,300,0,0,8,20529,65476,0,0,57672,80.0,0.0,0.0,0.0,0.0,0.0
2026-06-17T04:08:27,ERR,ERR,ERR,ERR,ERR,ERR,ERR,ERR,ERR,ERR,ERR,ERR,ERR,ERR,ERR,ERR,ERR,ERR,ERR,ERR,ERR,ERR,ERR,ERR,ERR,ERR,ERR,ERR,ERR,ERR,ERR,ERR,ERR,ERR,ERR,ERR,ERR,ERR,ERR,ERR,ERR,ERR,ERR,ERR,ERR,ERR,ERR,ERR,ERR,ERR,ERR,ERR,ERR,ERR,ERR,ERR,ERR,ERR,ERR,ERR,ERR,ERR,ERR,ERR,ERR,ERR,ERR,ERR,ERR,ERR,ERR,ERR,ERR,ERR,ERR,ERR,ERR,ERR,ERR,ERR,ERR,ERR,ERR,ERR,ERR,ERR,ERR,ERR,ERR,ERR,ERR,ERR,ERR,ERR,ERR,ERR,ERR,ERR,ERR,ERR,ERR,ERR,ERR,ERR,ERR,ERR,ERR,ERR,ERR,ERR,ERR,ERR,ERR,ERR,ERR,ERR,ERR,ERR,ERR,ERR,ERR,ERR,ERR,ERR,ERR,0.0,0.0,2.6474777903227054e+23,0.0,0.0,1.3936040501711995e+18,7.805,0.0,0,0,4,0,7300,-0.0,0,0.0,0.0,0.0,0.0,0.0,0,0,0,0,0.0,0,0,0,0,0,0,0,0,0,0,0,0,0,0,0,0,0,0,0,0,0,0,0,0,0,0,0,0,0,0,0,0,0,32,30,30,62,65476,0,300,0,0,8,21553,0.0,-107605600.0,0.0,0.0,0.0,0.0,0.0,0.0,0.0,0.0,0.0,0.0,0.0,0.0,0.0,0.0,0.0,0.0,0.0,0.0,0.0,0.0,2.004,-0.0,-0.0,2.004,0.0,0.0,0.0,0.0,5495.0,8608197632.0,6954.0,0.0,0.0,-107615280.0,0.0,0.0,0.0,0.0,0.0,63,-0.0,89220.711,0.0,0.0,0.0,0.0,0.0,0.0,0.0,0,0,0,0.0,0.0,0.0,0.0,0.0,0.0,0.0,0.0,0.0,0.0,0.0,0.0,0.0,0.0,0.0,0.0,0,-107875648.0,63,0.0,126,2.7184242562605685e+23,-0.0,ERR,ERR,ERR,ERR,ERR,ERR,ERR,ERR,ERR,ERR,ERR,ERR,ERR,ERR,ERR,ERR,ERR,ERR,ERR,ERR,ERR,ERR,ERR,ERR,ERR,ERR,ERR,ERR,ERR,ERR,ERR,ERR,ERR,ERR,ERR,ERR,ERR,ERR,ERR,ERR,ERR,ERR,ERR,ERR,ERR,ERR,ERR,ERR,ERR,ERR,ERR,ERR,ERR,ERR,ERR,ERR,ERR,ERR,ERR,ERR,ERR,ERR,ERR,ERR,ERR,ERR,ERR,34.0,80.0,35,0.0,0.0,0.0,0.0,0.0,0.0,0.0,0.0,0.0,0.0,0.0,0.0,0.0,0.0,0.0,0.0,64.8,0,117,56,50,65476,0,300,0,0,8,20529,65476,0,0,57672,80.0,0.0,0.0,0.0,0.0,0.0
2026-06-17T04:08:28,ERR,ERR,ERR,ERR,ERR,ERR,ERR,ERR,ERR,ERR,ERR,ERR,ERR,ERR,ERR,ERR,ERR,ERR,ERR,ERR,ERR,ERR,ERR,ERR,ERR,ERR,ERR,ERR,ERR,ERR,ERR,ERR,ERR,ERR,ERR,ERR,ERR,ERR,ERR,ERR,ERR,ERR,ERR,ERR,ERR,ERR,ERR,ERR,ERR,ERR,ERR,ERR,ERR,ERR,ERR,ERR,ERR,ERR,ERR,ERR,ERR,ERR,ERR,ERR,ERR,ERR,ERR,ERR,ERR,ERR,ERR,ERR,ERR,ERR,ERR,ERR,ERR,ERR,ERR,ERR,ERR,ERR,ERR,ERR,ERR,ERR,ERR,ERR,ERR,ERR,ERR,ERR,ERR,ERR,ERR,ERR,ERR,ERR,ERR,ERR,ERR,ERR,ERR,ERR,ERR,ERR,ERR,ERR,ERR,ERR,ERR,ERR,ERR,ERR,ERR,ERR,ERR,ERR,ERR,ERR,ERR,ERR,ERR,ERR,ERR,0.0,0.0,2.6474777903227054e+23,0.0,0.0,1.3936040501711995e+18,7.805,0.0,0,0,4,0,7300,-0.0,0,0.0,0.0,0.0,0.0,0.0,0,0,0,0,0.0,0,0,0,0,0,0,0,0,0,0,0,0,0,0,0,0,0,0,0,0,0,0,0,0,0,0,0,0,0,0,0,0,0,32,30,30,62,65476,0,300,0,0,8,21553,0.0,-107605600.0,0.0,0.0,0.0,0.0,0.0,0.0,0.0,0.0,0.0,0.0,0.0,0.0,0.0,0.0,0.0,0.0,0.0,0.0,0.0,0.0,2.004,-0.0,-0.0,2.004,0.0,0.0,0.0,0.0,5464.0,-0.0,6956.0,0.0,0.0,-107615280.0,0.0,0.0,0.0,0.0,0.0,63,-0.059,0.0,0.0,0.0,0.0,0.0,0.0,0.0,0.0,0,0,0,0.0,0.0,0.0,0.0,0.0,0.0,0.0,0.0,0.0,0.0,0.0,0.0,0.0,0.0,0.0,0.0,0,-107875648.0,63,0.0,126,2.7184242562605685e+23,-0.0,ERR,ERR,ERR,ERR,ERR,ERR,ERR,ERR,ERR,ERR,ERR,ERR,ERR,ERR,ERR,ERR,ERR,ERR,ERR,ERR,ERR,ERR,ERR,ERR,ERR,ERR,ERR,ERR,ERR,ERR,ERR,ERR,ERR,ERR,ERR,ERR,ERR,ERR,ERR,ERR,ERR,ERR,ERR,ERR,ERR,ERR,ERR,ERR,ERR,ERR,ERR,ERR,ERR,ERR,ERR,ERR,ERR,ERR,ERR,ERR,ERR,ERR,ERR,ERR,ERR,ERR,ERR,34.0,80.0,35,0.0,0.0,0.0,0.0,0.0,0.0,0.0,0.0,0.0,0.0,0.0,0.0,0.0,0.0,0.0,0.0,64.8,0,117,56,50,65476,0,300,0,0,8,20529,65476,0,0,57672,80.0,0.0,0.0,0.0,0.0,0.0
2026-06-17T04:08:29,ERR,ERR,ERR,ERR,ERR,ERR,ERR,ERR,ERR,ERR,ERR,ERR,ERR,ERR,ERR,ERR,ERR,ERR,ERR,ERR,ERR,ERR,ERR,ERR,ERR,ERR,ERR,ERR,ERR,ERR,ERR,ERR,ERR,ERR,ERR,ERR,ERR,ERR,ERR,ERR,ERR,ERR,ERR,ERR,ERR,ERR,ERR,ERR,ERR,ERR,ERR,ERR,ERR,ERR,ERR,ERR,ERR,ERR,ERR,ERR,ERR,ERR,ERR,ERR,ERR,ERR,ERR,ERR,ERR,ERR,ERR,ERR,ERR,ERR,ERR,ERR,ERR,ERR,ERR,ERR,ERR,ERR,ERR,ERR,ERR,ERR,ERR,ERR,ERR,ERR,ERR,ERR,ERR,ERR,ERR,ERR,ERR,ERR,ERR,ERR,ERR,ERR,ERR,ERR,ERR,ERR,ERR,ERR,ERR,ERR,ERR,ERR,ERR,ERR,ERR,ERR,ERR,ERR,ERR,ERR,ERR,ERR,ERR,ERR,ERR,0.0,0.0,2.6474777903227054e+23,0.0,0.0,1.3936040501711995e+18,7.805,0.0,0,0,4,0,7300,-0.0,0,0.0,0.0,0.0,0.0,0.0,0,0,0,0,0.0,0,0,0,0,0,0,0,0,0,0,0,0,0,0,0,0,0,0,0,0,0,0,0,0,0,0,0,0,0,0,0,0,0,32,30,30,62,65476,0,300,0,0,8,21553,0.0,-107605600.0,0.0,0.0,0.0,0.0,0.0,0.0,0.0,0.0,0.0,0.0,0.0,0.0,0.0,0.0,0.0,0.0,0.0,0.0,0.0,0.0,2.004,-0.0,-0.0,2.004,0.0,0.0,0.0,0.0,5464.0,-0.0,6956.0,0.0,0.0,-107615280.0,0.0,0.0,0.0,0.0,0.0,63,-0.059,0.0,0.0,0.0,0.0,0.0,0.0,0.0,0.0,0,0,0,0.0,0.0,0.0,0.0,0.0,0.0,0.0,0.0,0.0,0.0,0.0,0.0,0.0,0.0,0.0,0.0,0,-107875648.0,63,0.0,126,2.7184242562605685e+23,-0.0,ERR,ERR,ERR,ERR,ERR,ERR,ERR,ERR,ERR,ERR,ERR,ERR,ERR,ERR,ERR,ERR,ERR,ERR,ERR,ERR,ERR,ERR,ERR,ERR,ERR,ERR,ERR,ERR,ERR,ERR,ERR,ERR,ERR,ERR,ERR,ERR,ERR,ERR,ERR,ERR,ERR,ERR,ERR,ERR,ERR,ERR,ERR,ERR,ERR,ERR,ERR,ERR,ERR,ERR,ERR,ERR,ERR,ERR,ERR,ERR,ERR,ERR,ERR,ERR,ERR,ERR,ERR,34.0,80.0,35,0.0,0.0,0.0,0.0,0.0,0.0,0.0,0.0,0.0,0.0,0.0,0.0,0.0,0.0,0.0,0.0,64.8,0,117,56,50,65476,0,300,0,0,8,20529,65476,0,0,57672,80.0,0.0,0.0,0.0,0.0,0.0
2026-06-17T04:08:30,ERR,ERR,ERR,ERR,ERR,ERR,ERR,ERR,ERR,ERR,ERR,ERR,ERR,ERR,ERR,ERR,ERR,ERR,ERR,ERR,ERR,ERR,ERR,ERR,ERR,ERR,ERR,ERR,ERR,ERR,ERR,ERR,ERR,ERR,ERR,ERR,ERR,ERR,ERR,ERR,ERR,ERR,ERR,ERR,ERR,ERR,ERR,ERR,ERR,ERR,ERR,ERR,ERR,ERR,ERR,ERR,ERR,ERR,ERR,ERR,ERR,ERR,ERR,ERR,ERR,ERR,ERR,ERR,ERR,ERR,ERR,ERR,ERR,ERR,ERR,ERR,ERR,ERR,ERR,ERR,ERR,ERR,ERR,ERR,ERR,ERR,ERR,ERR,ERR,ERR,ERR,ERR,ERR,ERR,ERR,ERR,ERR,ERR,ERR,ERR,ERR,ERR,ERR,ERR,ERR,ERR,ERR,ERR,ERR,ERR,ERR,ERR,ERR,ERR,ERR,ERR,ERR,ERR,ERR,ERR,ERR,ERR,ERR,ERR,ERR,0.0,0.0,2.6474777903227054e+23,0.0,0.0,1.3936040501711995e+18,7.805,0.0,0,0,4,0,7300,-0.0,0,0.0,0.0,0.0,0.0,0.0,0,0,0,0,0.0,0,0,0,0,0,0,0,0,0,0,0,0,0,0,0,0,0,0,0,0,0,0,0,0,0,0,0,0,0,0,0,0,0,32,30,30,62,65476,0,300,0,0,8,21553,0.0,-107605600.0,0.0,0.0,0.0,0.0,0.0,0.0,0.0,0.0,0.0,0.0,0.0,0.0,0.0,0.0,0.0,0.0,0.0,0.0,0.0,0.0,2.004,-0.0,-0.0,2.004,0.0,0.0,0.0,0.0,5464.0,-0.0,6956.0,0.0,0.0,-107615280.0,0.0,0.0,0.0,0.0,0.0,63,-0.059,0.0,0.0,0.0,0.0,0.0,0.0,0.0,0.0,0,0,0,0.0,0.0,0.0,0.0,0.0,0.0,0.0,0.0,0.0,0.0,0.0,0.0,0.0,0.0,0.0,0.0,0,-107875648.0,63,0.0,126,2.7184242562605685e+23,-0.0,ERR,ERR,ERR,ERR,ERR,ERR,ERR,ERR,ERR,ERR,ERR,ERR,ERR,ERR,ERR,ERR,ERR,ERR,ERR,ERR,ERR,ERR,ERR,ERR,ERR,ERR,ERR,ERR,ERR,ERR,ERR,ERR,ERR,ERR,ERR,ERR,ERR,ERR,ERR,ERR,ERR,ERR,ERR,ERR,ERR,ERR,ERR,ERR,ERR,ERR,ERR,ERR,ERR,ERR,ERR,ERR,ERR,ERR,ERR,ERR,ERR,ERR,ERR,ERR,ERR,ERR,ERR,34.0,80.0,35,0.0,0.0,0.0,0.0,0.0,0.0,0.0,0.0,0.0,0.0,0.0,0.0,0.0,0.0,0.0,0.0,64.8,0,117,56,50,65476,0,300,0,0,8,20529,65476,0,0,57672,80.0,0.0,0.0,0.0,0.0,0.0
2026-06-17T04:08:31,ERR,ERR,ERR,ERR,ERR,ERR,ERR,ERR,ERR,ERR,ERR,ERR,ERR,ERR,ERR,ERR,ERR,ERR,ERR,ERR,ERR,ERR,ERR,ERR,ERR,ERR,ERR,ERR,ERR,ERR,ERR,ERR,ERR,ERR,ERR,ERR,ERR,ERR,ERR,ERR,ERR,ERR,ERR,ERR,ERR,ERR,ERR,ERR,ERR,ERR,ERR,ERR,ERR,ERR,ERR,ERR,ERR,ERR,ERR,ERR,ERR,ERR,ERR,ERR,ERR,ERR,ERR,ERR,ERR,ERR,ERR,ERR,ERR,ERR,ERR,ERR,ERR,ERR,ERR,ERR,ERR,ERR,ERR,ERR,ERR,ERR,ERR,ERR,ERR,ERR,ERR,ERR,ERR,ERR,ERR,ERR,ERR,ERR,ERR,ERR,ERR,ERR,ERR,ERR,ERR,ERR,ERR,ERR,ERR,ERR,ERR,ERR,ERR,ERR,ERR,ERR,ERR,ERR,ERR,ERR,ERR,ERR,ERR,ERR,ERR,0.0,0.0,2.6474777903227054e+23,0.0,0.0,1.3936040501711995e+18,7.805,0.0,0,0,4,0,7300,-0.0,0,0.0,0.0,0.0,0.0,0.0,0,0,0,0,0.0,0,0,0,0,0,0,0,0,0,0,0,0,0,0,0,0,0,0,0,0,0,0,0,0,0,0,0,0,0,0,0,0,0,32,30,30,62,65476,0,300,0,0,8,21553,0.0,-107605600.0,0.0,0.0,0.0,0.0,0.0,0.0,0.0,0.0,0.0,0.0,0.0,0.0,0.0,0.0,0.0,0.0,0.0,0.0,0.0,0.0,2.004,-0.0,-0.0,2.004,0.0,0.0,0.0,0.0,5464.0,-0.0,6956.0,0.0,0.0,-107615280.0,0.0,0.0,0.0,0.0,0.0,63,-0.059,0.0,0.0,0.0,0.0,0.0,0.0,0.0,0.0,0,0,0,0.0,0.0,0.0,0.0,0.0,0.0,0.0,0.0,0.0,0.0,0.0,0.0,0.0,0.0,0.0,0.0,0,-107875648.0,63,0.0,126,2.7184242562605685e+23,-0.0,ERR,ERR,ERR,ERR,ERR,ERR,ERR,ERR,ERR,ERR,ERR,ERR,ERR,ERR,ERR,ERR,ERR,ERR,ERR,ERR,ERR,ERR,ERR,ERR,ERR,ERR,ERR,ERR,ERR,ERR,ERR,ERR,ERR,ERR,ERR,ERR,ERR,ERR,ERR,ERR,ERR,ERR,ERR,ERR,ERR,ERR,ERR,ERR,ERR,ERR,ERR,ERR,ERR,ERR,ERR,ERR,ERR,ERR,ERR,ERR,ERR,ERR,ERR,ERR,ERR,ERR,ERR,34.0,80.0,35,0.0,0.0,0.0,0.0,0.0,0.0,0.0,0.0,0.0,0.0,0.0,0.0,0.0,0.0,0.0,0.0,64.4,0,117,56,50,65476,0,300,0,0,8,20529,65476,0,0,57672,80.0,0.0,0.0,0.0,0.0,0.0
2026-06-17T04:08:32,ERR,ERR,ERR,ERR,ERR,ERR,ERR,ERR,ERR,ERR,ERR,ERR,ERR,ERR,ERR,ERR,ERR,ERR,ERR,ERR,ERR,ERR,ERR,ERR,ERR,ERR,ERR,ERR,ERR,ERR,ERR,ERR,ERR,ERR,ERR,ERR,ERR,ERR,ERR,ERR,ERR,ERR,ERR,ERR,ERR,ERR,ERR,ERR,ERR,ERR,ERR,ERR,ERR,ERR,ERR,ERR,ERR,ERR,ERR,ERR,ERR,ERR,ERR,ERR,ERR,ERR,ERR,ERR,ERR,ERR,ERR,ERR,ERR,ERR,ERR,ERR,ERR,ERR,ERR,ERR,ERR,ERR,ERR,ERR,ERR,ERR,ERR,ERR,ERR,ERR,ERR,ERR,ERR,ERR,ERR,ERR,ERR,ERR,ERR,ERR,ERR,ERR,ERR,ERR,ERR,ERR,ERR,ERR,ERR,ERR,ERR,ERR,ERR,ERR,ERR,ERR,ERR,ERR,ERR,ERR,ERR,ERR,ERR,ERR,ERR,0.0,0.0,2.6474777903227054e+23,0.0,0.0,1.3936040501711995e+18,7.805,0.0,0,0,4,0,7300,-0.0,0,0.0,0.0,0.0,0.0,0.0,0,0,0,0,0.0,0,0,0,0,0,0,0,0,0,0,0,0,0,0,0,0,0,0,0,0,0,0,0,0,0,0,0,0,0,0,0,0,0,32,30,30,62,65476,0,300,0,0,8,21553,0.0,-107605600.0,0.0,0.0,0.0,0.0,0.0,0.0,0.0,0.0,0.0,0.0,0.0,0.0,0.0,0.0,0.0,0.0,0.0,0.0,0.0,0.0,2.004,-0.0,-0.0,2.004,0.0,0.0,0.0,0.0,5464.0,-0.0,6956.0,0.0,0.0,-107615280.0,0.0,0.0,0.0,0.0,0.0,63,-0.059,0.0,0.0,0.0,0.0,0.0,0.0,0.0,0.0,0,0,0,0.0,0.0,0.0,0.0,0.0,0.0,0.0,0.0,0.0,0.0,0.0,0.0,0.0,0.0,0.0,0.0,0,-107875648.0,63,0.0,126,2.7184242562605685e+23,-0.0,ERR,ERR,ERR,ERR,ERR,ERR,ERR,ERR,ERR,ERR,ERR,ERR,ERR,ERR,ERR,ERR,ERR,ERR,ERR,ERR,ERR,ERR,ERR,ERR,ERR,ERR,ERR,ERR,ERR,ERR,ERR,ERR,ERR,ERR,ERR,ERR,ERR,ERR,ERR,ERR,ERR,ERR,ERR,ERR,ERR,ERR,ERR,ERR,ERR,ERR,ERR,ERR,ERR,ERR,ERR,ERR,ERR,ERR,ERR,ERR,ERR,ERR,ERR,ERR,ERR,ERR,ERR,34.0,80.0,35,0.0,0.0,0.0,0.0,0.0,0.0,0.0,0.0,0.0,0.0,0.0,0.0,0.0,0.0,0.0,0.0,64.4,0,117,56,50,65476,0,300,0,0,8,20529,65476,0,0,57672,80.0,0.0,0.0,0.0,0.0,0.0
2026-06-17T04:08:33,ERR,ERR,ERR,ERR,ERR,ERR,ERR,ERR,ERR,ERR,ERR,ERR,ERR,ERR,ERR,ERR,ERR,ERR,ERR,ERR,ERR,ERR,ERR,ERR,ERR,ERR,ERR,ERR,ERR,ERR,ERR,ERR,ERR,ERR,ERR,ERR,ERR,ERR,ERR,ERR,ERR,ERR,ERR,ERR,ERR,ERR,ERR,ERR,ERR,ERR,ERR,ERR,ERR,ERR,ERR,ERR,ERR,ERR,ERR,ERR,ERR,ERR,ERR,ERR,ERR,ERR,ERR,ERR,ERR,ERR,ERR,ERR,ERR,ERR,ERR,ERR,ERR,ERR,ERR,ERR,ERR,ERR,ERR,ERR,ERR,ERR,ERR,ERR,ERR,ERR,ERR,ERR,ERR,ERR,ERR,ERR,ERR,ERR,ERR,ERR,ERR,ERR,ERR,ERR,ERR,ERR,ERR,ERR,ERR,ERR,ERR,ERR,ERR,ERR,ERR,ERR,ERR,ERR,ERR,ERR,ERR,ERR,ERR,ERR,ERR,0.0,0.0,2.6474777903227054e+23,0.0,0.0,1.3936040501711995e+18,7.805,0.0,0,0,4,0,7300,-0.0,0,0.0,0.0,0.0,0.0,0.0,0,0,0,0,0.0,0,0,0,0,0,0,0,0,0,0,0,0,0,0,0,0,0,0,0,0,0,0,0,0,0,0,0,0,0,0,0,0,0,32,30,30,62,65476,0,300,0,0,8,21553,0.0,-107605600.0,0.0,0.0,0.0,0.0,0.0,0.0,0.0,0.0,0.0,0.0,0.0,0.0,0.0,0.0,0.0,0.0,0.0,0.0,0.0,0.0,2.004,-0.0,-0.0,2.004,0.0,0.0,0.0,0.0,5433.0,-8608195584.0,6970.0,0.0,0.0,-107615280.0,0.0,0.0,0.0,0.0,0.0,63,-0.059,1.905688843344937e+17,0.0,0.0,0.0,0.0,0.0,0.0,0.0,0,0,0,0.0,0.0,0.0,0.0,0.0,0.0,0.0,0.0,0.0,0.0,0.0,0.0,0.0,0.0,0.0,0.0,0,-107875648.0,63,0.0,126,2.7184242562605685e+23,-0.0,ERR,ERR,ERR,ERR,ERR,ERR,ERR,ERR,ERR,ERR,ERR,ERR,ERR,ERR,ERR,ERR,ERR,ERR,ERR,ERR,ERR,ERR,ERR,ERR,ERR,ERR,ERR,ERR,ERR,ERR,ERR,ERR,ERR,ERR,ERR,ERR,ERR,ERR,ERR,ERR,ERR,ERR,ERR,ERR,ERR,ERR,ERR,ERR,ERR,ERR,ERR,ERR,ERR,ERR,ERR,ERR,ERR,ERR,ERR,ERR,ERR,ERR,ERR,ERR,ERR,ERR,ERR,34.0,80.0,35,0.0,0.0,0.0,0.0,0.0,0.0,0.0,0.0,0.0,0.0,0.0,0.0,0.0,0.0,0.0,0.0,64.8,0,117,56,50,65476,0,300,0,0,8,20529,65476,0,0,57672,80.0,0.0,0.0,0.0,0.0,0.0
2026-06-17T04:08:34,ERR,ERR,ERR,ERR,ERR,ERR,ERR,ERR,ERR,ERR,ERR,ERR,ERR,ERR,ERR,ERR,ERR,ERR,ERR,ERR,ERR,ERR,ERR,ERR,ERR,ERR,ERR,ERR,ERR,ERR,ERR,ERR,ERR,ERR,ERR,ERR,ERR,ERR,ERR,ERR,ERR,ERR,ERR,ERR,ERR,ERR,ERR,ERR,ERR,ERR,ERR,ERR,ERR,ERR,ERR,ERR,ERR,ERR,ERR,ERR,ERR,ERR,ERR,ERR,ERR,ERR,ERR,ERR,ERR,ERR,ERR,ERR,ERR,ERR,ERR,ERR,ERR,ERR,ERR,ERR,ERR,ERR,ERR,ERR,ERR,ERR,ERR,ERR,ERR,ERR,ERR,ERR,ERR,ERR,ERR,ERR,ERR,ERR,ERR,ERR,ERR,ERR,ERR,ERR,ERR,ERR,ERR,ERR,ERR,ERR,ERR,ERR,ERR,ERR,ERR,ERR,ERR,ERR,ERR,ERR,ERR,ERR,ERR,ERR,ERR,0.0,0.0,2.6474777903227054e+23,0.0,0.0,1.3936040501711995e+18,7.805,0.0,0,0,4,0,7300,-0.0,0,0.0,0.0,0.0,0.0,0.0,0,0,0,0,0.0,0,0,0,0,0,0,0,0,0,0,0,0,0,0,0,0,0,0,0,0,0,0,0,0,0,0,0,0,0,0,0,0,0,32,30,30,62,65476,0,300,0,0,8,21553,0.0,-107605600.0,0.0,0.0,0.0,0.0,0.0,0.0,0.0,0.0,0.0,0.0,0.0,0.0,0.0,0.0,0.0,0.0,0.0,0.0,0.0,0.0,2.004,-0.0,-0.0,2.004,0.0,0.0,0.0,0.0,5433.0,-8608195584.0,6970.0,0.0,0.0,-107615280.0,0.0,0.0,0.0,0.0,0.0,63,-0.059,1.905688843344937e+17,0.0,0.0,0.0,0.0,0.0,0.0,0.0,0,0,0,0.0,0.0,0.0,0.0,0.0,0.0,0.0,0.0,0.0,0.0,0.0,0.0,0.0,0.0,0.0,0.0,0,-107875648.0,63,0.0,126,2.7184242562605685e+23,-0.0,ERR,ERR,ERR,ERR,ERR,ERR,ERR,ERR,ERR,ERR,ERR,ERR,ERR,ERR,ERR,ERR,ERR,ERR,ERR,ERR,ERR,ERR,ERR,ERR,ERR,ERR,ERR,ERR,ERR,ERR,ERR,ERR,ERR,ERR,ERR,ERR,ERR,ERR,ERR,ERR,ERR,ERR,ERR,ERR,ERR,ERR,ERR,ERR,ERR,ERR,ERR,ERR,ERR,ERR,ERR,ERR,ERR,ERR,ERR,ERR,ERR,ERR,ERR,ERR,ERR,ERR,ERR,34.0,80.0,35,0.0,0.0,0.0,0.0,0.0,0.0,0.0,0.0,0.0,0.0,0.0,0.0,0.0,0.0,0.0,0.0,64.4,0,117,56,50,65476,0,300,0,0,8,20529,65476,0,0,57672,80.0,0.0,0.0,0.0,0.0,0.0
2026-06-17T04:08:35,ERR,ERR,ERR,ERR,ERR,ERR,ERR,ERR,ERR,ERR,ERR,ERR,ERR,ERR,ERR,ERR,ERR,ERR,ERR,ERR,ERR,ERR,ERR,ERR,ERR,ERR,ERR,ERR,ERR,ERR,ERR,ERR,ERR,ERR,ERR,ERR,ERR,ERR,ERR,ERR,ERR,ERR,ERR,ERR,ERR,ERR,ERR,ERR,ERR,ERR,ERR,ERR,ERR,ERR,ERR,ERR,ERR,ERR,ERR,ERR,ERR,ERR,ERR,ERR,ERR,ERR,ERR,ERR,ERR,ERR,ERR,ERR,ERR,ERR,ERR,ERR,ERR,ERR,ERR,ERR,ERR,ERR,ERR,ERR,ERR,ERR,ERR,ERR,ERR,ERR,ERR,ERR,ERR,ERR,ERR,ERR,ERR,ERR,ERR,ERR,ERR,ERR,ERR,ERR,ERR,ERR,ERR,ERR,ERR,ERR,ERR,ERR,ERR,ERR,ERR,ERR,ERR,ERR,ERR,ERR,ERR,ERR,ERR,ERR,ERR,0.0,0.0,2.6474777903227054e+23,0.0,0.0,1.3936040501711995e+18,7.805,0.0,0,0,4,0,7300,-0.0,0,0.0,0.0,0.0,0.0,0.0,0,0,0,0,0.0,0,0,0,0,0,0,0,0,0,0,0,0,0,0,0,0,0,0,0,0,0,0,0,0,0,0,0,0,0,0,0,0,0,32,30,30,62,65476,0,300,0,0,8,21553,0.0,-107605600.0,0.0,0.0,0.0,0.0,0.0,0.0,0.0,0.0,0.0,0.0,0.0,0.0,0.0,0.0,0.0,0.0,0.0,0.0,0.0,0.0,2.004,-0.0,-0.0,2.004,0.0,0.0,0.0,0.0,5433.0,-8608195584.0,6970.0,0.0,0.0,-107615280.0,0.0,0.0,0.0,0.0,0.0,63,-0.059,1.905688843344937e+17,0.0,0.0,0.0,0.0,0.0,0.0,0.0,0,0,0,0.0,0.0,0.0,0.0,0.0,0.0,0.0,0.0,0.0,0.0,0.0,0.0,0.0,0.0,0.0,0.0,0,-107875648.0,63,0.0,126,2.7184242562605685e+23,-0.0,ERR,ERR,ERR,ERR,ERR,ERR,ERR,ERR,ERR,ERR,ERR,ERR,ERR,ERR,ERR,ERR,ERR,ERR,ERR,ERR,ERR,ERR,ERR,ERR,ERR,ERR,ERR,ERR,ERR,ERR,ERR,ERR,ERR,ERR,ERR,ERR,ERR,ERR,ERR,ERR,ERR,ERR,ERR,ERR,ERR,ERR,ERR,ERR,ERR,ERR,ERR,ERR,ERR,ERR,ERR,ERR,ERR,ERR,ERR,ERR,ERR,ERR,ERR,ERR,ERR,ERR,ERR,34.0,80.0,35,0.0,0.0,0.0,0.0,0.0,0.0,0.0,0.0,0.0,0.0,0.0,0.0,0.0,0.0,0.0,0.0,64.4,0,117,56,50,65476,0,300,0,0,8,20529,65476,0,0,57672,80.0,0.0,0.0,0.0,0.0,0.0
2026-06-17T04:08:36,ERR,ERR,ERR,ERR,ERR,ERR,ERR,ERR,ERR,ERR,ERR,ERR,ERR,ERR,ERR,ERR,ERR,ERR,ERR,ERR,ERR,ERR,ERR,ERR,ERR,ERR,ERR,ERR,ERR,ERR,ERR,ERR,ERR,ERR,ERR,ERR,ERR,ERR,ERR,ERR,ERR,ERR,ERR,ERR,ERR,ERR,ERR,ERR,ERR,ERR,ERR,ERR,ERR,ERR,ERR,ERR,ERR,ERR,ERR,ERR,ERR,ERR,ERR,ERR,ERR,ERR,ERR,ERR,ERR,ERR,ERR,ERR,ERR,ERR,ERR,ERR,ERR,ERR,ERR,ERR,ERR,ERR,ERR,ERR,ERR,ERR,ERR,ERR,ERR,ERR,ERR,ERR,ERR,ERR,ERR,ERR,ERR,ERR,ERR,ERR,ERR,ERR,ERR,ERR,ERR,ERR,ERR,ERR,ERR,ERR,ERR,ERR,ERR,ERR,ERR,ERR,ERR,ERR,ERR,ERR,ERR,ERR,ERR,ERR,ERR,0.0,0.0,2.6474777903227054e+23,0.0,0.0,1.3936040501711995e+18,7.805,0.0,0,0,4,0,7300,-0.0,0,0.0,0.0,0.0,0.0,0.0,0,0,0,0,0.0,0,0,0,0,0,0,0,0,0,0,0,0,0,0,0,0,0,0,0,0,0,0,0,0,0,0,0,0,0,0,0,0,0,32,30,30,62,65476,0,300,0,0,8,21553,0.0,-107605600.0,0.0,0.0,0.0,0.0,0.0,0.0,0.0,0.0,0.0,0.0,0.0,0.0,0.0,0.0,0.0,0.0,0.0,0.0,0.0,0.0,2.004,-0.0,-0.0,2.004,0.0,0.0,0.0,0.0,5433.0,-8608195584.0,6970.0,0.0,0.0,-107615280.0,0.0,0.0,0.0,0.0,0.0,63,-0.059,1.905688843344937e+17,0.0,0.0,0.0,0.0,0.0,0.0,0.0,0,0,0,0.0,0.0,0.0,0.0,0.0,0.0,0.0,0.0,0.0,0.0,0.0,0.0,0.0,0.0,0.0,0.0,0,-107875648.0,63,0.0,126,2.7184242562605685e+23,-0.0,ERR,ERR,ERR,ERR,ERR,ERR,ERR,ERR,ERR,ERR,ERR,ERR,ERR,ERR,ERR,ERR,ERR,ERR,ERR,ERR,ERR,ERR,ERR,ERR,ERR,ERR,ERR,ERR,ERR,ERR,ERR,ERR,ERR,ERR,ERR,ERR,ERR,ERR,ERR,ERR,ERR,ERR,ERR,ERR,ERR,ERR,ERR,ERR,ERR,ERR,ERR,ERR,ERR,ERR,ERR,ERR,ERR,ERR,ERR,ERR,ERR,ERR,ERR,ERR,ERR,ERR,ERR,34.0,80.0,35,0.0,0.0,0.0,0.0,0.0,0.0,0.0,0.0,0.0,0.0,0.0,0.0,0.0,0.0,0.0,0.0,64.8,0,117,56,50,65476,0,300,0,0,8,20529,65476,0,0,57672,80.0,0.0,0.0,0.0,0.0,0.0
2026-06-17T04:08:37,ERR,ERR,ERR,ERR,ERR,ERR,ERR,ERR,ERR,ERR,ERR,ERR,ERR,ERR,ERR,ERR,ERR,ERR,ERR,ERR,ERR,ERR,ERR,ERR,ERR,ERR,ERR,ERR,ERR,ERR,ERR,ERR,ERR,ERR,ERR,ERR,ERR,ERR,ERR,ERR,ERR,ERR,ERR,ERR,ERR,ERR,ERR,ERR,ERR,ERR,ERR,ERR,ERR,ERR,ERR,ERR,ERR,ERR,ERR,ERR,ERR,ERR,ERR,ERR,ERR,ERR,ERR,ERR,ERR,ERR,ERR,ERR,ERR,ERR,ERR,ERR,ERR,ERR,ERR,ERR,ERR,ERR,ERR,ERR,ERR,ERR,ERR,ERR,ERR,ERR,ERR,ERR,ERR,ERR,ERR,ERR,ERR,ERR,ERR,ERR,ERR,ERR,ERR,ERR,ERR,ERR,ERR,ERR,ERR,ERR,ERR,ERR,ERR,ERR,ERR,ERR,ERR,ERR,ERR,ERR,ERR,ERR,ERR,ERR,ERR,0.0,0.0,2.6474777903227054e+23,0.0,0.0,1.3936040501711995e+18,7.805,0.0,0,0,4,0,7300,-0.0,0,0.0,0.0,0.0,0.0,0.0,0,0,0,0,0.0,0,0,0,0,0,0,0,0,0,0,0,0,0,0,0,0,0,0,0,0,0,0,0,0,0,0,0,0,0,0,0,0,0,32,30,30,62,65476,0,300,0,0,8,21553,0.0,-107605600.0,0.0,0.0,0.0,0.0,0.0,0.0,0.0,0.0,0.0,0.0,0.0,0.0,0.0,0.0,0.0,0.0,0.0,0.0,0.0,0.0,2.004,-0.0,-0.0,2.004,0.0,0.0,0.0,0.0,5433.0,-8608195584.0,6970.0,0.0,0.0,-107615280.0,0.0,0.0,0.0,0.0,0.0,63,-0.059,1.905688843344937e+17,0.0,0.0,0.0,0.0,0.0,0.0,0.0,0,0,0,0.0,0.0,0.0,0.0,0.0,0.0,0.0,0.0,0.0,0.0,0.0,0.0,0.0,0.0,0.0,0.0,0,-107875648.0,63,0.0,126,2.7184242562605685e+23,-0.0,ERR,ERR,ERR,ERR,ERR,ERR,ERR,ERR,ERR,ERR,ERR,ERR,ERR,ERR,ERR,ERR,ERR,ERR,ERR,ERR,ERR,ERR,ERR,ERR,ERR,ERR,ERR,ERR,ERR,ERR,ERR,ERR,ERR,ERR,ERR,ERR,ERR,ERR,ERR,ERR,ERR,ERR,ERR,ERR,ERR,ERR,ERR,ERR,ERR,ERR,ERR,ERR,ERR,ERR,ERR,ERR,ERR,ERR,ERR,ERR,ERR,ERR,ERR,ERR,ERR,ERR,ERR,34.0,80.0,35,0.0,0.0,0.0,0.0,0.0,0.0,0.0,0.0,0.0,0.0,0.0,0.0,0.0,0.0,0.0,0.0,64.8,0,117,56,50,65476,0,300,0,0,8,20529,65476,0,0,57672,80.0,0.0,0.0,0.0,0.0,0.0
2026-06-17T04:08:38,ERR,ERR,ERR,ERR,ERR,ERR,ERR,ERR,ERR,ERR,ERR,ERR,ERR,ERR,ERR,ERR,ERR,ERR,ERR,ERR,ERR,ERR,ERR,ERR,ERR,ERR,ERR,ERR,ERR,ERR,ERR,ERR,ERR,ERR,ERR,ERR,ERR,ERR,ERR,ERR,ERR,ERR,ERR,ERR,ERR,ERR,ERR,ERR,ERR,ERR,ERR,ERR,ERR,ERR,ERR,ERR,ERR,ERR,ERR,ERR,ERR,ERR,ERR,ERR,ERR,ERR,ERR,ERR,ERR,ERR,ERR,ERR,ERR,ERR,ERR,ERR,ERR,ERR,ERR,ERR,ERR,ERR,ERR,ERR,ERR,ERR,ERR,ERR,ERR,ERR,ERR,ERR,ERR,ERR,ERR,ERR,ERR,ERR,ERR,ERR,ERR,ERR,ERR,ERR,ERR,ERR,ERR,ERR,ERR,ERR,ERR,ERR,ERR,ERR,ERR,ERR,ERR,ERR,ERR,ERR,ERR,ERR,ERR,ERR,ERR,0.0,0.0,2.6474777903227054e+23,0.0,0.0,1.3936040501711995e+18,7.805,0.0,0,0,4,0,7300,-0.0,0,0.0,0.0,0.0,0.0,0.0,0,0,0,0,0.0,0,0,0,0,0,0,0,0,0,0,0,0,0,0,0,0,0,0,0,0,0,0,0,0,0,0,0,0,0,0,0,0,0,32,30,30,62,65476,0,300,0,0,8,21553,0.0,-107605600.0,0.0,0.0,0.0,0.0,0.0,0.0,0.0,0.0,0.0,0.0,0.0,0.0,0.0,0.0,0.0,0.0,0.0,0.0,0.0,0.0,2.004,-0.0,-0.0,2.004,0.0,0.0,0.0,0.0,5433.0,-8608195584.0,6970.0,0.0,0.0,-107615280.0,0.0,0.0,0.0,0.0,0.0,63,-0.059,1.905688843344937e+17,0.0,0.0,0.0,0.0,0.0,0.0,0.0,0,0,0,0.0,0.0,0.0,0.0,0.0,0.0,0.0,0.0,0.0,0.0,0.0,0.0,0.0,0.0,0.0,0.0,0,-107875648.0,63,0.0,126,2.7184242562605685e+23,-0.0,ERR,ERR,ERR,ERR,ERR,ERR,ERR,ERR,ERR,ERR,ERR,ERR,ERR,ERR,ERR,ERR,ERR,ERR,ERR,ERR,ERR,ERR,ERR,ERR,ERR,ERR,ERR,ERR,ERR,ERR,ERR,ERR,ERR,ERR,ERR,ERR,ERR,ERR,ERR,ERR,ERR,ERR,ERR,ERR,ERR,ERR,ERR,ERR,ERR,ERR,ERR,ERR,ERR,ERR,ERR,ERR,ERR,ERR,ERR,ERR,ERR,ERR,ERR,ERR,ERR,ERR,ERR,34.0,80.0,35,0.0,0.0,0.0,0.0,0.0,0.0,0.0,0.0,0.0,0.0,0.0,0.0,0.0,0.0,0.0,0.0,64.4,0,117,56,50,65476,0,300,0,0,8,20529,65476,0,0,57672,80.0,0.0,0.0,0.0,0.0,0.0
2026-06-17T04:08:39,ERR,ERR,ERR,ERR,ERR,ERR,ERR,ERR,ERR,ERR,ERR,ERR,ERR,ERR,ERR,ERR,ERR,ERR,ERR,ERR,ERR,ERR,ERR,ERR,ERR,ERR,ERR,ERR,ERR,ERR,ERR,ERR,ERR,ERR,ERR,ERR,ERR,ERR,ERR,ERR,ERR,ERR,ERR,ERR,ERR,ERR,ERR,ERR,ERR,ERR,ERR,ERR,ERR,ERR,ERR,ERR,ERR,ERR,ERR,ERR,ERR,ERR,ERR,ERR,ERR,ERR,ERR,ERR,ERR,ERR,ERR,ERR,ERR,ERR,ERR,ERR,ERR,ERR,ERR,ERR,ERR,ERR,ERR,ERR,ERR,ERR,ERR,ERR,ERR,ERR,ERR,ERR,ERR,ERR,ERR,ERR,ERR,ERR,ERR,ERR,ERR,ERR,ERR,ERR,ERR,ERR,ERR,ERR,ERR,ERR,ERR,ERR,ERR,ERR,ERR,ERR,ERR,ERR,ERR,ERR,ERR,ERR,ERR,ERR,ERR,0.0,0.0,2.6474777903227054e+23,0.0,0.0,1.3936040501711995e+18,7.805,0.0,0,0,4,0,7300,-0.0,0,0.0,0.0,0.0,0.0,0.0,0,0,0,0,0.0,0,0,0,0,0,0,0,0,0,0,0,0,0,0,0,0,0,0,0,0,0,0,0,0,0,0,0,0,0,0,0,0,0,32,30,30,62,65476,0,300,0,0,8,21553,0.0,-107605600.0,0.0,0.0,0.0,0.0,0.0,0.0,0.0,0.0,0.0,0.0,0.0,0.0,0.0,0.0,0.0,0.0,0.0,0.0,0.0,0.0,2.004,-0.0,-0.0,2.004,0.0,0.0,0.0,0.0,5430.0,-2.422991651527172e+24,6973.0,0.0,0.0,-107615280.0,0.0,0.0,0.0,0.0,0.0,63,-0.0,5.848062417553205e+35,0.0,0.0,0.0,0.0,0.0,0.0,0.0,0,0,0,0.0,0.0,0.0,0.0,0.0,0.0,0.0,0.0,0.0,0.0,0.0,0.0,0.0,0.0,0.0,0.0,0,-107875648.0,63,0.0,126,2.7184242562605685e+23,-0.0,ERR,ERR,ERR,ERR,ERR,ERR,ERR,ERR,ERR,ERR,ERR,ERR,ERR,ERR,ERR,ERR,ERR,ERR,ERR,ERR,ERR,ERR,ERR,ERR,ERR,ERR,ERR,ERR,ERR,ERR,ERR,ERR,ERR,ERR,ERR,ERR,ERR,ERR,ERR,ERR,ERR,ERR,ERR,ERR,ERR,ERR,ERR,ERR,ERR,ERR,ERR,ERR,ERR,ERR,ERR,ERR,ERR,ERR,ERR,ERR,ERR,ERR,ERR,ERR,ERR,ERR,ERR,34.0,80.0,35,0.0,0.0,0.0,0.0,0.0,0.0,0.0,0.0,0.0,0.0,0.0,0.0,0.0,0.0,0.0,0.0,64.4,0,117,56,50,65476,0,300,0,0,8,20529,65476,0,0,57672,80.0,0.0,0.0,0.0,0.0,0.0
2026-06-17T04:08:40,ERR,ERR,ERR,ERR,ERR,ERR,ERR,ERR,ERR,ERR,ERR,ERR,ERR,ERR,ERR,ERR,ERR,ERR,ERR,ERR,ERR,ERR,ERR,ERR,ERR,ERR,ERR,ERR,ERR,ERR,ERR,ERR,ERR,ERR,ERR,ERR,ERR,ERR,ERR,ERR,ERR,ERR,ERR,ERR,ERR,ERR,ERR,ERR,ERR,ERR,ERR,ERR,ERR,ERR,ERR,ERR,ERR,ERR,ERR,ERR,ERR,ERR,ERR,ERR,ERR,ERR,ERR,ERR,ERR,ERR,ERR,ERR,ERR,ERR,ERR,ERR,ERR,ERR,ERR,ERR,ERR,ERR,ERR,ERR,ERR,ERR,ERR,ERR,ERR,ERR,ERR,ERR,ERR,ERR,ERR,ERR,ERR,ERR,ERR,ERR,ERR,ERR,ERR,ERR,ERR,ERR,ERR,ERR,ERR,ERR,ERR,ERR,ERR,ERR,ERR,ERR,ERR,ERR,ERR,ERR,ERR,ERR,ERR,ERR,ERR,0.0,0.0,2.6474777903227054e+23,0.0,0.0,1.3936040501711995e+18,7.805,0.0,0,0,4,0,7300,-0.0,0,0.0,0.0,0.0,0.0,0.0,0,0,0,0,0.0,0,0,0,0,0,0,0,0,0,0,0,0,0,0,0,0,0,0,0,0,0,0,0,0,0,0,0,0,0,0,0,0,0,32,30,30,62,65476,0,300,0,0,8,21553,0.0,-107605600.0,0.0,0.0,0.0,0.0,0.0,0.0,0.0,0.0,0.0,0.0,0.0,0.0,0.0,0.0,0.0,0.0,0.0,0.0,0.0,0.0,2.004,-0.0,-0.0,2.004,0.0,0.0,0.0,0.0,5430.0,-2.422991651527172e+24,6973.0,0.0,0.0,-107615280.0,0.0,0.0,0.0,0.0,0.0,63,-0.0,5.848062417553205e+35,0.0,0.0,0.0,0.0,0.0,0.0,0.0,0,0,0,0.0,0.0,0.0,0.0,0.0,0.0,0.0,0.0,0.0,0.0,0.0,0.0,0.0,0.0,0.0,0.0,0,-107875648.0,63,0.0,126,2.7184242562605685e+23,-0.0,ERR,ERR,ERR,ERR,ERR,ERR,ERR,ERR,ERR,ERR,ERR,ERR,ERR,ERR,ERR,ERR,ERR,ERR,ERR,ERR,ERR,ERR,ERR,ERR,ERR,ERR,ERR,ERR,ERR,ERR,ERR,ERR,ERR,ERR,ERR,ERR,ERR,ERR,ERR,ERR,ERR,ERR,ERR,ERR,ERR,ERR,ERR,ERR,ERR,ERR,ERR,ERR,ERR,ERR,ERR,ERR,ERR,ERR,ERR,ERR,ERR,ERR,ERR,ERR,ERR,ERR,ERR,34.0,80.0,35,0.0,0.0,0.0,0.0,0.0,0.0,0.0,0.0,0.0,0.0,0.0,0.0,0.0,0.0,0.0,0.0,64.4,0,117,56,50,65476,0,300,0,0,8,20529,65476,0,0,57672,80.0,0.0,0.0,0.0,0.0,0.0
2026-06-17T04:08:41,ERR,ERR,ERR,ERR,ERR,ERR,ERR,ERR,ERR,ERR,ERR,ERR,ERR,ERR,ERR,ERR,ERR,ERR,ERR,ERR,ERR,ERR,ERR,ERR,ERR,ERR,ERR,ERR,ERR,ERR,ERR,ERR,ERR,ERR,ERR,ERR,ERR,ERR,ERR,ERR,ERR,ERR,ERR,ERR,ERR,ERR,ERR,ERR,ERR,ERR,ERR,ERR,ERR,ERR,ERR,ERR,ERR,ERR,ERR,ERR,ERR,ERR,ERR,ERR,ERR,ERR,ERR,ERR,ERR,ERR,ERR,ERR,ERR,ERR,ERR,ERR,ERR,ERR,ERR,ERR,ERR,ERR,ERR,ERR,ERR,ERR,ERR,ERR,ERR,ERR,ERR,ERR,ERR,ERR,ERR,ERR,ERR,ERR,ERR,ERR,ERR,ERR,ERR,ERR,ERR,ERR,ERR,ERR,ERR,ERR,ERR,ERR,ERR,ERR,ERR,ERR,ERR,ERR,ERR,ERR,ERR,ERR,ERR,ERR,ERR,0.0,0.0,2.6474777903227054e+23,0.0,0.0,1.3936040501711995e+18,7.805,0.0,0,0,4,0,7300,-0.0,0,0.0,0.0,0.0,0.0,0.0,0,0,0,0,0.0,0,0,0,0,0,0,0,0,0,0,0,0,0,0,0,0,0,0,0,0,0,0,0,0,0,0,0,0,0,0,0,0,0,32,30,30,62,65476,0,300,0,0,8,21553,0.0,-107605600.0,0.0,0.0,0.0,0.0,0.0,0.0,0.0,0.0,0.0,0.0,0.0,0.0,0.0,0.0,0.0,0.0,0.0,0.0,0.0,0.0,2.004,-0.0,-0.0,2.004,0.0,0.0,0.0,0.0,5430.0,-2.422991651527172e+24,6973.0,0.0,0.0,-107615280.0,0.0,0.0,0.0,0.0,0.0,63,-0.0,5.848062417553205e+35,0.0,0.0,0.0,0.0,0.0,0.0,0.0,0,0,0,0.0,0.0,0.0,0.0,0.0,0.0,0.0,0.0,0.0,0.0,0.0,0.0,0.0,0.0,0.0,0.0,0,-107875648.0,63,0.0,126,2.7184242562605685e+23,-0.0,ERR,ERR,ERR,ERR,ERR,ERR,ERR,ERR,ERR,ERR,ERR,ERR,ERR,ERR,ERR,ERR,ERR,ERR,ERR,ERR,ERR,ERR,ERR,ERR,ERR,ERR,ERR,ERR,ERR,ERR,ERR,ERR,ERR,ERR,ERR,ERR,ERR,ERR,ERR,ERR,ERR,ERR,ERR,ERR,ERR,ERR,ERR,ERR,ERR,ERR,ERR,ERR,ERR,ERR,ERR,ERR,ERR,ERR,ERR,ERR,ERR,ERR,ERR,ERR,ERR,ERR,ERR,34.0,80.0,35,0.0,0.0,0.0,0.0,0.0,0.0,0.0,0.0,0.0,0.0,0.0,0.0,0.0,0.0,0.0,0.0,64.4,0,117,56,50,65476,0,300,0,0,8,20529,65476,0,0,57672,80.0,0.0,0.0,0.0,0.0,0.0
2026-06-17T04:08:42,ERR,ERR,ERR,ERR,ERR,ERR,ERR,ERR,ERR,ERR,ERR,ERR,ERR,ERR,ERR,ERR,ERR,ERR,ERR,ERR,ERR,ERR,ERR,ERR,ERR,ERR,ERR,ERR,ERR,ERR,ERR,ERR,ERR,ERR,ERR,ERR,ERR,ERR,ERR,ERR,ERR,ERR,ERR,ERR,ERR,ERR,ERR,ERR,ERR,ERR,ERR,ERR,ERR,ERR,ERR,ERR,ERR,ERR,ERR,ERR,ERR,ERR,ERR,ERR,ERR,ERR,ERR,ERR,ERR,ERR,ERR,ERR,ERR,ERR,ERR,ERR,ERR,ERR,ERR,ERR,ERR,ERR,ERR,ERR,ERR,ERR,ERR,ERR,ERR,ERR,ERR,ERR,ERR,ERR,ERR,ERR,ERR,ERR,ERR,ERR,ERR,ERR,ERR,ERR,ERR,ERR,ERR,ERR,ERR,ERR,ERR,ERR,ERR,ERR,ERR,ERR,ERR,ERR,ERR,ERR,ERR,ERR,ERR,ERR,ERR,0.0,0.0,2.6474777903227054e+23,0.0,0.0,1.3936040501711995e+18,7.805,0.0,0,0,4,0,7300,-0.0,0,0.0,0.0,0.0,0.0,0.0,0,0,0,0,0.0,0,0,0,0,0,0,0,0,0,0,0,0,0,0,0,0,0,0,0,0,0,0,0,0,0,0,0,0,0,0,0,0,0,32,30,30,62,65476,0,300,0,0,8,21553,0.0,-107605600.0,0.0,0.0,0.0,0.0,0.0,0.0,0.0,0.0,0.0,0.0,0.0,0.0,0.0,0.0,0.0,0.0,0.0,0.0,0.0,0.0,2.004,-0.0,-0.0,2.004,0.0,0.0,0.0,0.0,5430.0,-2.422991651527172e+24,6973.0,0.0,0.0,-107615280.0,0.0,0.0,0.0,0.0,0.0,63,-0.0,5.848062417553205e+35,0.0,0.0,0.0,0.0,0.0,0.0,0.0,0,0,0,0.0,0.0,0.0,0.0,0.0,0.0,0.0,0.0,0.0,0.0,0.0,0.0,0.0,0.0,0.0,0.0,0,-107875648.0,63,0.0,126,2.7184242562605685e+23,-0.0,ERR,ERR,ERR,ERR,ERR,ERR,ERR,ERR,ERR,ERR,ERR,ERR,ERR,ERR,ERR,ERR,ERR,ERR,ERR,ERR,ERR,ERR,ERR,ERR,ERR,ERR,ERR,ERR,ERR,ERR,ERR,ERR,ERR,ERR,ERR,ERR,ERR,ERR,ERR,ERR,ERR,ERR,ERR,ERR,ERR,ERR,ERR,ERR,ERR,ERR,ERR,ERR,ERR,ERR,ERR,ERR,ERR,ERR,ERR,ERR,ERR,ERR,ERR,ERR,ERR,ERR,ERR,34.0,80.0,35,0.0,0.0,0.0,0.0,0.0,0.0,0.0,0.0,0.0,0.0,0.0,0.0,0.0,0.0,0.0,0.0,64.4,0,117,56,50,65476,0,300,0,0,8,20529,65476,0,0,57672,80.0,0.0,0.0,0.0,0.0,0.0
2026-06-17T04:08:43,ERR,ERR,ERR,ERR,ERR,ERR,ERR,ERR,ERR,ERR,ERR,ERR,ERR,ERR,ERR,ERR,ERR,ERR,ERR,ERR,ERR,ERR,ERR,ERR,ERR,ERR,ERR,ERR,ERR,ERR,ERR,ERR,ERR,ERR,ERR,ERR,ERR,ERR,ERR,ERR,ERR,ERR,ERR,ERR,ERR,ERR,ERR,ERR,ERR,ERR,ERR,ERR,ERR,ERR,ERR,ERR,ERR,ERR,ERR,ERR,ERR,ERR,ERR,ERR,ERR,ERR,ERR,ERR,ERR,ERR,ERR,ERR,ERR,ERR,ERR,ERR,ERR,ERR,ERR,ERR,ERR,ERR,ERR,ERR,ERR,ERR,ERR,ERR,ERR,ERR,ERR,ERR,ERR,ERR,ERR,ERR,ERR,ERR,ERR,ERR,ERR,ERR,ERR,ERR,ERR,ERR,ERR,ERR,ERR,ERR,ERR,ERR,ERR,ERR,ERR,ERR,ERR,ERR,ERR,ERR,ERR,ERR,ERR,ERR,ERR,0.0,0.0,2.6474777903227054e+23,0.0,0.0,1.3936040501711995e+18,7.805,0.0,0,0,4,0,7300,-0.0,0,0.0,0.0,0.0,0.0,0.0,0,0,0,0,0.0,0,0,0,0,0,0,0,0,0,0,0,0,0,0,0,0,0,0,0,0,0,0,0,0,0,0,0,0,0,0,0,0,0,32,30,30,62,65476,0,300,0,0,8,21553,0.0,-107605600.0,0.0,0.0,0.0,0.0,0.0,0.0,0.0,0.0,0.0,0.0,0.0,0.0,0.0,0.0,0.0,0.0,0.0,0.0,0.0,0.0,2.004,-0.0,-0.0,2.004,0.0,0.0,0.0,0.0,5430.0,-2.422991651527172e+24,6973.0,0.0,0.0,-107615280.0,0.0,0.0,0.0,0.0,0.0,63,-0.0,5.848062417553205e+35,0.0,0.0,0.0,0.0,0.0,0.0,0.0,0,0,0,0.0,0.0,0.0,0.0,0.0,0.0,0.0,0.0,0.0,0.0,0.0,0.0,0.0,0.0,0.0,0.0,0,-107875648.0,63,0.0,126,2.7184242562605685e+23,-0.0,ERR,ERR,ERR,ERR,ERR,ERR,ERR,ERR,ERR,ERR,ERR,ERR,ERR,ERR,ERR,ERR,ERR,ERR,ERR,ERR,ERR,ERR,ERR,ERR,ERR,ERR,ERR,ERR,ERR,ERR,ERR,ERR,ERR,ERR,ERR,ERR,ERR,ERR,ERR,ERR,ERR,ERR,ERR,ERR,ERR,ERR,ERR,ERR,ERR,ERR,ERR,ERR,ERR,ERR,ERR,ERR,ERR,ERR,ERR,ERR,ERR,ERR,ERR,ERR,ERR,ERR,ERR,34.0,80.0,35,0.0,0.0,0.0,0.0,0.0,0.0,0.0,0.0,0.0,0.0,0.0,0.0,0.0,0.0,0.0,0.0,64.4,0,117,56,50,65476,0,300,0,0,8,20529,65476,0,0,57672,80.0,0.0,0.0,0.0,0.0,0.0
2026-06-17T04:08:44,ERR,ERR,ERR,ERR,ERR,ERR,ERR,ERR,ERR,ERR,ERR,ERR,ERR,ERR,ERR,ERR,ERR,ERR,ERR,ERR,ERR,ERR,ERR,ERR,ERR,ERR,ERR,ERR,ERR,ERR,ERR,ERR,ERR,ERR,ERR,ERR,ERR,ERR,ERR,ERR,ERR,ERR,ERR,ERR,ERR,ERR,ERR,ERR,ERR,ERR,ERR,ERR,ERR,ERR,ERR,ERR,ERR,ERR,ERR,ERR,ERR,ERR,ERR,ERR,ERR,ERR,ERR,ERR,ERR,ERR,ERR,ERR,ERR,ERR,ERR,ERR,ERR,ERR,ERR,ERR,ERR,ERR,ERR,ERR,ERR,ERR,ERR,ERR,ERR,ERR,ERR,ERR,ERR,ERR,ERR,ERR,ERR,ERR,ERR,ERR,ERR,ERR,ERR,ERR,ERR,ERR,ERR,ERR,ERR,ERR,ERR,ERR,ERR,ERR,ERR,ERR,ERR,ERR,ERR,ERR,ERR,ERR,ERR,ERR,ERR,0.0,0.0,2.6474777903227054e+23,0.0,0.0,1.3936040501711995e+18,7.805,0.0,0,0,4,0,7300,-0.0,0,0.0,0.0,0.0,0.0,0.0,0,0,0,0,0.0,0,0,0,0,0,0,0,0,0,0,0,0,0,0,0,0,0,0,0,0,0,0,0,0,0,0,0,0,0,0,0,0,0,32,30,30,62,65476,0,300,0,0,8,21553,0.0,-107605600.0,0.0,0.0,0.0,0.0,0.0,0.0,0.0,0.0,0.0,0.0,0.0,0.0,0.0,0.0,0.0,0.0,0.0,0.0,0.0,0.0,2.004,-0.0,-0.0,2.004,0.0,0.0,0.0,0.0,5432.0,-564146705793024.0,6971.0,0.0,0.0,-107615280.0,0.0,0.0,0.0,0.0,0.0,63,-0.0,2.7184204732368815e+23,0.0,0.0,0.0,0.0,0.0,0.0,0.0,0,0,0,0.0,0.0,0.0,0.0,0.0,0.0,0.0,0.0,0.0,0.0,0.0,0.0,0.0,0.0,0.0,0.0,0,-107875648.0,63,0.0,126,2.7184242562605685e+23,-0.0,ERR,ERR,ERR,ERR,ERR,ERR,ERR,ERR,ERR,ERR,ERR,ERR,ERR,ERR,ERR,ERR,ERR,ERR,ERR,ERR,ERR,ERR,ERR,ERR,ERR,ERR,ERR,ERR,ERR,ERR,ERR,ERR,ERR,ERR,ERR,ERR,ERR,ERR,ERR,ERR,ERR,ERR,ERR,ERR,ERR,ERR,ERR,ERR,ERR,ERR,ERR,ERR,ERR,ERR,ERR,ERR,ERR,ERR,ERR,ERR,ERR,ERR,ERR,ERR,ERR,ERR,ERR,34.0,80.0,35,0.0,0.0,0.0,0.0,0.0,0.0,0.0,0.0,0.0,0.0,0.0,0.0,0.0,0.0,0.0,0.0,64.8,0,117,56,50,65476,0,300,0,0,8,20529,65476,0,0,57672,80.0,0.0,0.0,0.0,0.0,0.0
2026-06-17T04:08:45,ERR,ERR,ERR,ERR,ERR,ERR,ERR,ERR,ERR,ERR,ERR,ERR,ERR,ERR,ERR,ERR,ERR,ERR,ERR,ERR,ERR,ERR,ERR,ERR,ERR,ERR,ERR,ERR,ERR,ERR,ERR,ERR,ERR,ERR,ERR,ERR,ERR,ERR,ERR,ERR,ERR,ERR,ERR,ERR,ERR,ERR,ERR,ERR,ERR,ERR,ERR,ERR,ERR,ERR,ERR,ERR,ERR,ERR,ERR,ERR,ERR,ERR,ERR,ERR,ERR,ERR,ERR,ERR,ERR,ERR,ERR,ERR,ERR,ERR,ERR,ERR,ERR,ERR,ERR,ERR,ERR,ERR,ERR,ERR,ERR,ERR,ERR,ERR,ERR,ERR,ERR,ERR,ERR,ERR,ERR,ERR,ERR,ERR,ERR,ERR,ERR,ERR,ERR,ERR,ERR,ERR,ERR,ERR,ERR,ERR,ERR,ERR,ERR,ERR,ERR,ERR,ERR,ERR,ERR,ERR,ERR,ERR,ERR,ERR,ERR,0.0,0.0,2.6474777903227054e+23,0.0,0.0,1.3936040501711995e+18,7.805,0.0,0,0,4,0,7300,-0.0,0,0.0,0.0,0.0,0.0,0.0,0,0,0,0,0.0,0,0,0,0,0,0,0,0,0,0,0,0,0,0,0,0,0,0,0,0,0,0,0,0,0,0,0,0,0,0,0,0,0,32,30,30,62,65476,0,300,0,0,8,21553,0.0,-107605600.0,0.0,0.0,0.0,0.0,0.0,0.0,0.0,0.0,0.0,0.0,0.0,0.0,0.0,0.0,0.0,0.0,0.0,0.0,0.0,0.0,2.004,-0.0,-0.0,2.004,0.0,0.0,0.0,0.0,5432.0,-564146705793024.0,6971.0,0.0,0.0,-107615280.0,0.0,0.0,0.0,0.0,0.0,63,-0.0,2.7184204732368815e+23,0.0,0.0,0.0,0.0,0.0,0.0,0.0,0,0,0,0.0,0.0,0.0,0.0,0.0,0.0,0.0,0.0,0.0,0.0,0.0,0.0,0.0,0.0,0.0,0.0,0,-107875648.0,63,0.0,126,2.7184242562605685e+23,-0.0,ERR,ERR,ERR,ERR,ERR,ERR,ERR,ERR,ERR,ERR,ERR,ERR,ERR,ERR,ERR,ERR,ERR,ERR,ERR,ERR,ERR,ERR,ERR,ERR,ERR,ERR,ERR,ERR,ERR,ERR,ERR,ERR,ERR,ERR,ERR,ERR,ERR,ERR,ERR,ERR,ERR,ERR,ERR,ERR,ERR,ERR,ERR,ERR,ERR,ERR,ERR,ERR,ERR,ERR,ERR,ERR,ERR,ERR,ERR,ERR,ERR,ERR,ERR,ERR,ERR,ERR,ERR,34.0,80.0,35,0.0,0.0,0.0,0.0,0.0,0.0,0.0,0.0,0.0,0.0,0.0,0.0,0.0,0.0,0.0,0.0,64.8,0,117,56,50,65476,0,300,0,0,8,20529,65476,0,0,57672,80.0,0.0,0.0,0.0,0.0,0.0
2026-06-17T04:08:46,ERR,ERR,ERR,ERR,ERR,ERR,ERR,ERR,ERR,ERR,ERR,ERR,ERR,ERR,ERR,ERR,ERR,ERR,ERR,ERR,ERR,ERR,ERR,ERR,ERR,ERR,ERR,ERR,ERR,ERR,ERR,ERR,ERR,ERR,ERR,ERR,ERR,ERR,ERR,ERR,ERR,ERR,ERR,ERR,ERR,ERR,ERR,ERR,ERR,ERR,ERR,ERR,ERR,ERR,ERR,ERR,ERR,ERR,ERR,ERR,ERR,ERR,ERR,ERR,ERR,ERR,ERR,ERR,ERR,ERR,ERR,ERR,ERR,ERR,ERR,ERR,ERR,ERR,ERR,ERR,ERR,ERR,ERR,ERR,ERR,ERR,ERR,ERR,ERR,ERR,ERR,ERR,ERR,ERR,ERR,ERR,ERR,ERR,ERR,ERR,ERR,ERR,ERR,ERR,ERR,ERR,ERR,ERR,ERR,ERR,ERR,ERR,ERR,ERR,ERR,ERR,ERR,ERR,ERR,ERR,ERR,ERR,ERR,ERR,ERR,0.0,0.0,2.6474777903227054e+23,0.0,0.0,1.3936040501711995e+18,7.805,0.0,0,0,4,0,7300,-0.0,0,0.0,0.0,0.0,0.0,0.0,0,0,0,0,0.0,0,0,0,0,0,0,0,0,0,0,0,0,0,0,0,0,0,0,0,0,0,0,0,0,0,0,0,0,0,0,0,0,0,32,30,30,62,65476,0,300,0,0,8,21553,0.0,-107605600.0,0.0,0.0,0.0,0.0,0.0,0.0,0.0,0.0,0.0,0.0,0.0,0.0,0.0,0.0,0.0,0.0,0.0,0.0,0.0,0.0,2.004,-0.0,-0.0,2.004,0.0,0.0,0.0,0.0,5432.0,-564146705793024.0,6971.0,0.0,0.0,-107615280.0,0.0,0.0,0.0,0.0,0.0,63,-0.0,2.7184204732368815e+23,0.0,0.0,0.0,0.0,0.0,0.0,0.0,0,0,0,0.0,0.0,0.0,0.0,0.0,0.0,0.0,0.0,0.0,0.0,0.0,0.0,0.0,0.0,0.0,0.0,0,-107875648.0,63,0.0,126,2.7184242562605685e+23,-0.0,ERR,ERR,ERR,ERR,ERR,ERR,ERR,ERR,ERR,ERR,ERR,ERR,ERR,ERR,ERR,ERR,ERR,ERR,ERR,ERR,ERR,ERR,ERR,ERR,ERR,ERR,ERR,ERR,ERR,ERR,ERR,ERR,ERR,ERR,ERR,ERR,ERR,ERR,ERR,ERR,ERR,ERR,ERR,ERR,ERR,ERR,ERR,ERR,ERR,ERR,ERR,ERR,ERR,ERR,ERR,ERR,ERR,ERR,ERR,ERR,ERR,ERR,ERR,ERR,ERR,ERR,ERR,34.0,80.0,35,0.0,0.0,0.0,0.0,0.0,0.0,0.0,0.0,0.0,0.0,0.0,0.0,0.0,0.0,0.0,0.0,64.8,0,117,56,50,65476,0,300,0,0,8,20529,65476,0,0,57672,80.0,0.0,0.0,0.0,0.0,0.0
2026-06-17T04:08:47,ERR,ERR,ERR,ERR,ERR,ERR,ERR,ERR,ERR,ERR,ERR,ERR,ERR,ERR,ERR,ERR,ERR,ERR,ERR,ERR,ERR,ERR,ERR,ERR,ERR,ERR,ERR,ERR,ERR,ERR,ERR,ERR,ERR,ERR,ERR,ERR,ERR,ERR,ERR,ERR,ERR,ERR,ERR,ERR,ERR,ERR,ERR,ERR,ERR,ERR,ERR,ERR,ERR,ERR,ERR,ERR,ERR,ERR,ERR,ERR,ERR,ERR,ERR,ERR,ERR,ERR,ERR,ERR,ERR,ERR,ERR,ERR,ERR,ERR,ERR,ERR,ERR,ERR,ERR,ERR,ERR,ERR,ERR,ERR,ERR,ERR,ERR,ERR,ERR,ERR,ERR,ERR,ERR,ERR,ERR,ERR,ERR,ERR,ERR,ERR,ERR,ERR,ERR,ERR,ERR,ERR,ERR,ERR,ERR,ERR,ERR,ERR,ERR,ERR,ERR,ERR,ERR,ERR,ERR,ERR,ERR,ERR,ERR,ERR,ERR,0.0,0.0,2.6474777903227054e+23,0.0,0.0,1.3936040501711995e+18,7.805,0.0,0,0,4,0,7300,-0.0,0,0.0,0.0,0.0,0.0,0.0,0,0,0,0,0.0,0,0,0,0,0,0,0,0,0,0,0,0,0,0,0,0,0,0,0,0,0,0,0,0,0,0,0,0,0,0,0,0,0,32,30,30,62,65476,0,300,0,0,8,21553,0.0,-107605600.0,0.0,0.0,0.0,0.0,0.0,0.0,0.0,0.0,0.0,0.0,0.0,0.0,0.0,0.0,0.0,0.0,0.0,0.0,0.0,0.0,2.004,-0.0,-0.0,2.004,0.0,0.0,0.0,0.0,5432.0,-564146705793024.0,6971.0,0.0,0.0,-107615280.0,0.0,0.0,0.0,0.0,0.0,63,-0.0,2.7184204732368815e+23,0.0,0.0,0.0,0.0,0.0,0.0,0.0,0,0,0,0.0,0.0,0.0,0.0,0.0,0.0,0.0,0.0,0.0,0.0,0.0,0.0,0.0,0.0,0.0,0.0,0,-107875648.0,63,0.0,126,2.7184242562605685e+23,-0.0,ERR,ERR,ERR,ERR,ERR,ERR,ERR,ERR,ERR,ERR,ERR,ERR,ERR,ERR,ERR,ERR,ERR,ERR,ERR,ERR,ERR,ERR,ERR,ERR,ERR,ERR,ERR,ERR,ERR,ERR,ERR,ERR,ERR,ERR,ERR,ERR,ERR,ERR,ERR,ERR,ERR,ERR,ERR,ERR,ERR,ERR,ERR,ERR,ERR,ERR,ERR,ERR,ERR,ERR,ERR,ERR,ERR,ERR,ERR,ERR,ERR,ERR,ERR,ERR,ERR,ERR,ERR,34.0,80.0,35,0.0,0.0,0.0,0.0,0.0,0.0,0.0,0.0,0.0,0.0,0.0,0.0,0.0,0.0,0.0,0.0,64.4,0,117,56,50,65476,0,300,0,0,8,20529,65476,0,0,57672,80.0,0.0,0.0,0.0,0.0,0.0
2026-06-17T04:08:48,ERR,ERR,ERR,ERR,ERR,ERR,ERR,ERR,ERR,ERR,ERR,ERR,ERR,ERR,ERR,ERR,ERR,ERR,ERR,ERR,ERR,ERR,ERR,ERR,ERR,ERR,ERR,ERR,ERR,ERR,ERR,ERR,ERR,ERR,ERR,ERR,ERR,ERR,ERR,ERR,ERR,ERR,ERR,ERR,ERR,ERR,ERR,ERR,ERR,ERR,ERR,ERR,ERR,ERR,ERR,ERR,ERR,ERR,ERR,ERR,ERR,ERR,ERR,ERR,ERR,ERR,ERR,ERR,ERR,ERR,ERR,ERR,ERR,ERR,ERR,ERR,ERR,ERR,ERR,ERR,ERR,ERR,ERR,ERR,ERR,ERR,ERR,ERR,ERR,ERR,ERR,ERR,ERR,ERR,ERR,ERR,ERR,ERR,ERR,ERR,ERR,ERR,ERR,ERR,ERR,ERR,ERR,ERR,ERR,ERR,ERR,ERR,ERR,ERR,ERR,ERR,ERR,ERR,ERR,ERR,ERR,ERR,ERR,ERR,ERR,0.0,0.0,2.6474777903227054e+23,0.0,0.0,1.3936040501711995e+18,7.805,0.0,0,0,4,0,7300,-0.0,0,0.0,0.0,0.0,0.0,0.0,0,0,0,0,0.0,0,0,0,0,0,0,0,0,0,0,0,0,0,0,0,0,0,0,0,0,0,0,0,0,0,0,0,0,0,0,0,0,0,32,30,30,62,65476,0,300,0,0,8,21553,0.0,-107605600.0,0.0,0.0,0.0,0.0,0.0,0.0,0.0,0.0,0.0,0.0,0.0,0.0,0.0,0.0,0.0,0.0,0.0,0.0,0.0,0.0,2.004,-0.0,-0.0,2.004,0.0,0.0,0.0,0.0,5432.0,-564146705793024.0,6971.0,0.0,0.0,-107615280.0,0.0,0.0,0.0,0.0,0.0,63,-0.0,2.7184204732368815e+23,0.0,0.0,0.0,0.0,0.0,0.0,0.0,0,0,0,0.0,0.0,0.0,0.0,0.0,0.0,0.0,0.0,0.0,0.0,0.0,0.0,0.0,0.0,0.0,0.0,0,-107875648.0,63,0.0,126,2.7184242562605685e+23,-0.0,ERR,ERR,ERR,ERR,ERR,ERR,ERR,ERR,ERR,ERR,ERR,ERR,ERR,ERR,ERR,ERR,ERR,ERR,ERR,ERR,ERR,ERR,ERR,ERR,ERR,ERR,ERR,ERR,ERR,ERR,ERR,ERR,ERR,ERR,ERR,ERR,ERR,ERR,ERR,ERR,ERR,ERR,ERR,ERR,ERR,ERR,ERR,ERR,ERR,ERR,ERR,ERR,ERR,ERR,ERR,ERR,ERR,ERR,ERR,ERR,ERR,ERR,ERR,ERR,ERR,ERR,ERR,34.0,80.0,35,0.0,0.0,0.0,0.0,0.0,0.0,0.0,0.0,0.0,0.0,0.0,0.0,0.0,0.0,0.0,0.0,64.4,0,117,56,50,65476,0,300,0,0,8,20529,65476,0,0,57672,80.0,0.0,0.0,0.0,0.0,0.0
2026-06-17T04:08:49,ERR,ERR,ERR,ERR,ERR,ERR,ERR,ERR,ERR,ERR,ERR,ERR,ERR,ERR,ERR,ERR,ERR,ERR,ERR,ERR,ERR,ERR,ERR,ERR,ERR,ERR,ERR,ERR,ERR,ERR,ERR,ERR,ERR,ERR,ERR,ERR,ERR,ERR,ERR,ERR,ERR,ERR,ERR,ERR,ERR,ERR,ERR,ERR,ERR,ERR,ERR,ERR,ERR,ERR,ERR,ERR,ERR,ERR,ERR,ERR,ERR,ERR,ERR,ERR,ERR,ERR,ERR,ERR,ERR,ERR,ERR,ERR,ERR,ERR,ERR,ERR,ERR,ERR,ERR,ERR,ERR,ERR,ERR,ERR,ERR,ERR,ERR,ERR,ERR,ERR,ERR,ERR,ERR,ERR,ERR,ERR,ERR,ERR,ERR,ERR,ERR,ERR,ERR,ERR,ERR,ERR,ERR,ERR,ERR,ERR,ERR,ERR,ERR,ERR,ERR,ERR,ERR,ERR,ERR,ERR,ERR,ERR,ERR,ERR,ERR,0.0,0.0,2.6474777903227054e+23,0.0,0.0,1.3936040501711995e+18,7.805,0.0,0,0,4,0,7300,-0.0,0,0.0,0.0,0.0,0.0,0.0,0,0,0,0,0.0,0,0,0,0,0,0,0,0,0,0,0,0,0,0,0,0,0,0,0,0,0,0,0,0,0,0,0,0,0,0,0,0,0,32,30,30,62,65476,0,300,0,0,8,21553,0.0,-107605600.0,0.0,0.0,0.0,0.0,0.0,0.0,0.0,0.0,0.0,0.0,0.0,0.0,0.0,0.0,0.0,0.0,0.0,0.0,0.0,0.0,2.004,-0.0,-0.0,2.004,0.0,0.0,0.0,0.0,5432.0,-0.0,6967.0,0.0,0.0,-107615280.0,0.0,0.0,0.0,0.0,0.0,63,-0.0,0.059,0.0,0.0,0.0,0.0,0.0,0.0,0.0,0,0,0,0.0,0.0,0.0,0.0,0.0,0.0,0.0,0.0,0.0,0.0,0.0,0.0,0.0,0.0,0.0,0.0,0,-107875648.0,63,0.0,126,2.7184242562605685e+23,-0.0,ERR,ERR,ERR,ERR,ERR,ERR,ERR,ERR,ERR,ERR,ERR,ERR,ERR,ERR,ERR,ERR,ERR,ERR,ERR,ERR,ERR,ERR,ERR,ERR,ERR,ERR,ERR,ERR,ERR,ERR,ERR,ERR,ERR,ERR,ERR,ERR,ERR,ERR,ERR,ERR,ERR,ERR,ERR,ERR,ERR,ERR,ERR,ERR,ERR,ERR,ERR,ERR,ERR,ERR,ERR,ERR,ERR,ERR,ERR,ERR,ERR,ERR,ERR,ERR,ERR,ERR,ERR,34.0,80.0,35,0.0,0.0,0.0,0.0,0.0,0.0,0.0,0.0,0.0,0.0,0.0,0.0,0.0,0.0,0.0,0.0,64.8,0,117,56,50,65476,0,300,0,0,8,20529,65476,0,0,57672,80.0,0.0,0.0,0.0,0.0,0.0
2026-06-17T04:08:50,ERR,ERR,ERR,ERR,ERR,ERR,ERR,ERR,ERR,ERR,ERR,ERR,ERR,ERR,ERR,ERR,ERR,ERR,ERR,ERR,ERR,ERR,ERR,ERR,ERR,ERR,ERR,ERR,ERR,ERR,ERR,ERR,ERR,ERR,ERR,ERR,ERR,ERR,ERR,ERR,ERR,ERR,ERR,ERR,ERR,ERR,ERR,ERR,ERR,ERR,ERR,ERR,ERR,ERR,ERR,ERR,ERR,ERR,ERR,ERR,ERR,ERR,ERR,ERR,ERR,ERR,ERR,ERR,ERR,ERR,ERR,ERR,ERR,ERR,ERR,ERR,ERR,ERR,ERR,ERR,ERR,ERR,ERR,ERR,ERR,ERR,ERR,ERR,ERR,ERR,ERR,ERR,ERR,ERR,ERR,ERR,ERR,ERR,ERR,ERR,ERR,ERR,ERR,ERR,ERR,ERR,ERR,ERR,ERR,ERR,ERR,ERR,ERR,ERR,ERR,ERR,ERR,ERR,ERR,ERR,ERR,ERR,ERR,ERR,ERR,0.0,0.0,2.6474777903227054e+23,0.0,0.0,1.3936040501711995e+18,7.805,0.0,0,0,4,0,7300,-0.0,0,0.0,0.0,0.0,0.0,0.0,0,0,0,0,0.0,0,0,0,0,0,0,0,0,0,0,0,0,0,0,0,0,0,0,0,0,0,0,0,0,0,0,0,0,0,0,0,0,0,32,30,30,62,65476,0,300,0,0,8,21553,0.0,-107605600.0,0.0,0.0,0.0,0.0,0.0,0.0,0.0,0.0,0.0,0.0,0.0,0.0,0.0,0.0,0.0,0.0,0.0,0.0,0.0,0.0,2.004,-0.0,-0.0,2.004,0.0,0.0,0.0,0.0,5432.0,-0.0,6967.0,0.0,0.0,-107615280.0,0.0,0.0,0.0,0.0,0.0,63,-0.0,0.059,0.0,0.0,0.0,0.0,0.0,0.0,0.0,0,0,0,0.0,0.0,0.0,0.0,0.0,0.0,0.0,0.0,0.0,0.0,0.0,0.0,0.0,0.0,0.0,0.0,0,-107875648.0,63,0.0,126,2.7184242562605685e+23,-0.0,ERR,ERR,ERR,ERR,ERR,ERR,ERR,ERR,ERR,ERR,ERR,ERR,ERR,ERR,ERR,ERR,ERR,ERR,ERR,ERR,ERR,ERR,ERR,ERR,ERR,ERR,ERR,ERR,ERR,ERR,ERR,ERR,ERR,ERR,ERR,ERR,ERR,ERR,ERR,ERR,ERR,ERR,ERR,ERR,ERR,ERR,ERR,ERR,ERR,ERR,ERR,ERR,ERR,ERR,ERR,ERR,ERR,ERR,ERR,ERR,ERR,ERR,ERR,ERR,ERR,ERR,ERR,34.0,80.0,35,0.0,0.0,0.0,0.0,0.0,0.0,0.0,0.0,0.0,0.0,0.0,0.0,0.0,0.0,0.0,0.0,64.8,0,117,56,50,65476,0,300,0,0,8,20529,65476,0,0,57672,80.0,0.0,0.0,0.0,0.0,0.0
2026-06-17T04:08:51,ERR,ERR,ERR,ERR,ERR,ERR,ERR,ERR,ERR,ERR,ERR,ERR,ERR,ERR,ERR,ERR,ERR,ERR,ERR,ERR,ERR,ERR,ERR,ERR,ERR,ERR,ERR,ERR,ERR,ERR,ERR,ERR,ERR,ERR,ERR,ERR,ERR,ERR,ERR,ERR,ERR,ERR,ERR,ERR,ERR,ERR,ERR,ERR,ERR,ERR,ERR,ERR,ERR,ERR,ERR,ERR,ERR,ERR,ERR,ERR,ERR,ERR,ERR,ERR,ERR,ERR,ERR,ERR,ERR,ERR,ERR,ERR,ERR,ERR,ERR,ERR,ERR,ERR,ERR,ERR,ERR,ERR,ERR,ERR,ERR,ERR,ERR,ERR,ERR,ERR,ERR,ERR,ERR,ERR,ERR,ERR,ERR,ERR,ERR,ERR,ERR,ERR,ERR,ERR,ERR,ERR,ERR,ERR,ERR,ERR,ERR,ERR,ERR,ERR,ERR,ERR,ERR,ERR,ERR,ERR,ERR,ERR,ERR,ERR,ERR,0.0,0.0,2.6474777903227054e+23,0.0,0.0,1.3936040501711995e+18,7.805,0.0,0,0,4,0,7300,-0.0,0,0.0,0.0,0.0,0.0,0.0,0,0,0,0,0.0,0,0,0,0,0,0,0,0,0,0,0,0,0,0,0,0,0,0,0,0,0,0,0,0,0,0,0,0,0,0,0,0,0,32,30,30,62,65476,0,300,0,0,8,21553,0.0,-107605600.0,0.0,0.0,0.0,0.0,0.0,0.0,0.0,0.0,0.0,0.0,0.0,0.0,0.0,0.0,0.0,0.0,0.0,0.0,0.0,0.0,2.004,-0.0,-0.0,2.004,0.0,0.0,0.0,0.0,5432.0,-0.0,6967.0,0.0,0.0,-107615280.0,0.0,0.0,0.0,0.0,0.0,63,-0.0,0.059,0.0,0.0,0.0,0.0,0.0,0.0,0.0,0,0,0,0.0,0.0,0.0,0.0,0.0,0.0,0.0,0.0,0.0,0.0,0.0,0.0,0.0,0.0,0.0,0.0,0,-107875648.0,63,0.0,126,2.7184242562605685e+23,-0.0,ERR,ERR,ERR,ERR,ERR,ERR,ERR,ERR,ERR,ERR,ERR,ERR,ERR,ERR,ERR,ERR,ERR,ERR,ERR,ERR,ERR,ERR,ERR,ERR,ERR,ERR,ERR,ERR,ERR,ERR,ERR,ERR,ERR,ERR,ERR,ERR,ERR,ERR,ERR,ERR,ERR,ERR,ERR,ERR,ERR,ERR,ERR,ERR,ERR,ERR,ERR,ERR,ERR,ERR,ERR,ERR,ERR,ERR,ERR,ERR,ERR,ERR,ERR,ERR,ERR,ERR,ERR,34.0,80.0,35,0.0,0.0,0.0,0.0,0.0,0.0,0.0,0.0,0.0,0.0,0.0,0.0,0.0,0.0,0.0,0.0,64.4,0,117,56,50,65476,0,300,0,0,8,20529,65476,0,0,57672,80.0,0.0,0.0,0.0,0.0,0.0
2026-06-17T04:08:52,ERR,ERR,ERR,ERR,ERR,ERR,ERR,ERR,ERR,ERR,ERR,ERR,ERR,ERR,ERR,ERR,ERR,ERR,ERR,ERR,ERR,ERR,ERR,ERR,ERR,ERR,ERR,ERR,ERR,ERR,ERR,ERR,ERR,ERR,ERR,ERR,ERR,ERR,ERR,ERR,ERR,ERR,ERR,ERR,ERR,ERR,ERR,ERR,ERR,ERR,ERR,ERR,ERR,ERR,ERR,ERR,ERR,ERR,ERR,ERR,ERR,ERR,ERR,ERR,ERR,ERR,ERR,ERR,ERR,ERR,ERR,ERR,ERR,ERR,ERR,ERR,ERR,ERR,ERR,ERR,ERR,ERR,ERR,ERR,ERR,ERR,ERR,ERR,ERR,ERR,ERR,ERR,ERR,ERR,ERR,ERR,ERR,ERR,ERR,ERR,ERR,ERR,ERR,ERR,ERR,ERR,ERR,ERR,ERR,ERR,ERR,ERR,ERR,ERR,ERR,ERR,ERR,ERR,ERR,ERR,ERR,ERR,ERR,ERR,ERR,0.0,0.0,2.6474777903227054e+23,0.0,0.0,1.3936040501711995e+18,7.805,0.0,0,0,4,0,7300,-0.0,0,0.0,0.0,0.0,0.0,0.0,0,0,0,0,0.0,0,0,0,0,0,0,0,0,0,0,0,0,0,0,0,0,0,0,0,0,0,0,0,0,0,0,0,0,0,0,0,0,0,32,30,30,62,65476,0,300,0,0,8,21553,0.0,-107605600.0,0.0,0.0,0.0,0.0,0.0,0.0,0.0,0.0,0.0,0.0,0.0,0.0,0.0,0.0,0.0,0.0,0.0,0.0,0.0,0.0,2.004,-0.0,-0.0,2.004,0.0,0.0,0.0,0.0,5432.0,-0.0,6967.0,0.0,0.0,-107615280.0,0.0,0.0,0.0,0.0,0.0,63,-0.0,0.059,0.0,0.0,0.0,0.0,0.0,0.0,0.0,0,0,0,0.0,0.0,0.0,0.0,0.0,0.0,0.0,0.0,0.0,0.0,0.0,0.0,0.0,0.0,0.0,0.0,0,-107875648.0,63,0.0,126,2.7184242562605685e+23,-0.0,ERR,ERR,ERR,ERR,ERR,ERR,ERR,ERR,ERR,ERR,ERR,ERR,ERR,ERR,ERR,ERR,ERR,ERR,ERR,ERR,ERR,ERR,ERR,ERR,ERR,ERR,ERR,ERR,ERR,ERR,ERR,ERR,ERR,ERR,ERR,ERR,ERR,ERR,ERR,ERR,ERR,ERR,ERR,ERR,ERR,ERR,ERR,ERR,ERR,ERR,ERR,ERR,ERR,ERR,ERR,ERR,ERR,ERR,ERR,ERR,ERR,ERR,ERR,ERR,ERR,ERR,ERR,34.0,80.0,35,0.0,0.0,0.0,0.0,0.0,0.0,0.0,0.0,0.0,0.0,0.0,0.0,0.0,0.0,0.0,0.0,64.4,0,117,56,50,65476,0,300,0,0,8,20529,65476,0,0,57672,80.0,0.0,0.0,0.0,0.0,0.0
2026-06-17T04:08:53,ERR,ERR,ERR,ERR,ERR,ERR,ERR,ERR,ERR,ERR,ERR,ERR,ERR,ERR,ERR,ERR,ERR,ERR,ERR,ERR,ERR,ERR,ERR,ERR,ERR,ERR,ERR,ERR,ERR,ERR,ERR,ERR,ERR,ERR,ERR,ERR,ERR,ERR,ERR,ERR,ERR,ERR,ERR,ERR,ERR,ERR,ERR,ERR,ERR,ERR,ERR,ERR,ERR,ERR,ERR,ERR,ERR,ERR,ERR,ERR,ERR,ERR,ERR,ERR,ERR,ERR,ERR,ERR,ERR,ERR,ERR,ERR,ERR,ERR,ERR,ERR,ERR,ERR,ERR,ERR,ERR,ERR,ERR,ERR,ERR,ERR,ERR,ERR,ERR,ERR,ERR,ERR,ERR,ERR,ERR,ERR,ERR,ERR,ERR,ERR,ERR,ERR,ERR,ERR,ERR,ERR,ERR,ERR,ERR,ERR,ERR,ERR,ERR,ERR,ERR,ERR,ERR,ERR,ERR,ERR,ERR,ERR,ERR,ERR,ERR,0.0,0.0,2.6474777903227054e+23,0.0,0.0,1.3936040501711995e+18,7.805,0.0,0,0,4,0,7300,-0.0,0,0.0,0.0,0.0,0.0,0.0,0,0,0,0,0.0,0,0,0,0,0,0,0,0,0,0,0,0,0,0,0,0,0,0,0,0,0,0,0,0,0,0,0,0,0,0,0,0,0,32,30,30,62,65476,0,300,0,0,8,21553,0.0,-107605600.0,0.0,0.0,0.0,0.0,0.0,0.0,0.0,0.0,0.0,0.0,0.0,0.0,0.0,0.0,0.0,0.0,0.0,0.0,0.0,0.0,2.004,-0.0,-0.0,2.004,0.0,0.0,0.0,0.0,5432.0,-0.0,6967.0,0.0,0.0,-107615280.0,0.0,0.0,0.0,0.0,0.0,63,-0.0,0.059,0.0,0.0,0.0,0.0,0.0,0.0,0.0,0,0,0,0.0,0.0,0.0,0.0,0.0,0.0,0.0,0.0,0.0,0.0,0.0,0.0,0.0,0.0,0.0,0.0,0,-107875648.0,63,0.0,126,2.7184242562605685e+23,-0.0,ERR,ERR,ERR,ERR,ERR,ERR,ERR,ERR,ERR,ERR,ERR,ERR,ERR,ERR,ERR,ERR,ERR,ERR,ERR,ERR,ERR,ERR,ERR,ERR,ERR,ERR,ERR,ERR,ERR,ERR,ERR,ERR,ERR,ERR,ERR,ERR,ERR,ERR,ERR,ERR,ERR,ERR,ERR,ERR,ERR,ERR,ERR,ERR,ERR,ERR,ERR,ERR,ERR,ERR,ERR,ERR,ERR,ERR,ERR,ERR,ERR,ERR,ERR,ERR,ERR,ERR,ERR,34.0,80.0,35,0.0,0.0,0.0,0.0,0.0,0.0,0.0,0.0,0.0,0.0,0.0,0.0,0.0,0.0,0.0,0.0,64.8,0,117,56,50,65476,0,300,0,0,8,20529,65476,0,0,57672,80.0,0.0,0.0,0.0,0.0,0.0
2026-06-17T04:08:54,ERR,ERR,ERR,ERR,ERR,ERR,ERR,ERR,ERR,ERR,ERR,ERR,ERR,ERR,ERR,ERR,ERR,ERR,ERR,ERR,ERR,ERR,ERR,ERR,ERR,ERR,ERR,ERR,ERR,ERR,ERR,ERR,ERR,ERR,ERR,ERR,ERR,ERR,ERR,ERR,ERR,ERR,ERR,ERR,ERR,ERR,ERR,ERR,ERR,ERR,ERR,ERR,ERR,ERR,ERR,ERR,ERR,ERR,ERR,ERR,ERR,ERR,ERR,ERR,ERR,ERR,ERR,ERR,ERR,ERR,ERR,ERR,ERR,ERR,ERR,ERR,ERR,ERR,ERR,ERR,ERR,ERR,ERR,ERR,ERR,ERR,ERR,ERR,ERR,ERR,ERR,ERR,ERR,ERR,ERR,ERR,ERR,ERR,ERR,ERR,ERR,ERR,ERR,ERR,ERR,ERR,ERR,ERR,ERR,ERR,ERR,ERR,ERR,ERR,ERR,ERR,ERR,ERR,ERR,ERR,ERR,ERR,ERR,ERR,ERR,0.0,0.0,2.6474777903227054e+23,0.0,0.0,1.3936040501711995e+18,7.805,0.0,0,0,4,0,7300,-0.0,0,0.0,0.0,0.0,0.0,0.0,0,0,0,0,0.0,0,0,0,0,0,0,0,0,0,0,0,0,0,0,0,0,0,0,0,0,0,0,0,0,0,0,0,0,0,0,0,0,0,32,30,30,62,65476,0,300,0,0,8,21553,0.0,-107605600.0,0.0,0.0,0.0,0.0,0.0,0.0,0.0,0.0,0.0,0.0,0.0,0.0,0.0,0.0,0.0,0.0,0.0,0.0,0.0,0.0,2.004,-0.0,-0.0,2.004,0.0,0.0,0.0,0.0,5432.0,-0.0,6953.0,0.0,0.0,-107615280.0,0.0,0.0,0.0,0.0,0.0,63,-0.0,-0.0,0.0,0.0,0.0,0.0,0.0,0.0,0.0,0,0,0,0.0,0.0,0.0,0.0,0.0,0.0,0.0,0.0,0.0,0.0,0.0,0.0,0.0,0.0,0.0,0.0,0,-107875648.0,63,0.0,126,2.7184242562605685e+23,-0.0,ERR,ERR,ERR,ERR,ERR,ERR,ERR,ERR,ERR,ERR,ERR,ERR,ERR,ERR,ERR,ERR,ERR,ERR,ERR,ERR,ERR,ERR,ERR,ERR,ERR,ERR,ERR,ERR,ERR,ERR,ERR,ERR,ERR,ERR,ERR,ERR,ERR,ERR,ERR,ERR,ERR,ERR,ERR,ERR,ERR,ERR,ERR,ERR,ERR,ERR,ERR,ERR,ERR,ERR,ERR,ERR,ERR,ERR,ERR,ERR,ERR,ERR,ERR,ERR,ERR,ERR,ERR,34.0,80.0,35,0.0,0.0,0.0,0.0,0.0,0.0,0.0,0.0,0.0,0.0,0.0,0.0,0.0,0.0,0.0,0.0,64.4,0,117,56,50,65476,0,300,0,0,8,20529,65476,0,0,57672,80.0,0.0,0.0,0.0,0.0,0.0
2026-06-17T04:08:55,ERR,ERR,ERR,ERR,ERR,ERR,ERR,ERR,ERR,ERR,ERR,ERR,ERR,ERR,ERR,ERR,ERR,ERR,ERR,ERR,ERR,ERR,ERR,ERR,ERR,ERR,ERR,ERR,ERR,ERR,ERR,ERR,ERR,ERR,ERR,ERR,ERR,ERR,ERR,ERR,ERR,ERR,ERR,ERR,ERR,ERR,ERR,ERR,ERR,ERR,ERR,ERR,ERR,ERR,ERR,ERR,ERR,ERR,ERR,ERR,ERR,ERR,ERR,ERR,ERR,ERR,ERR,ERR,ERR,ERR,ERR,ERR,ERR,ERR,ERR,ERR,ERR,ERR,ERR,ERR,ERR,ERR,ERR,ERR,ERR,ERR,ERR,ERR,ERR,ERR,ERR,ERR,ERR,ERR,ERR,ERR,ERR,ERR,ERR,ERR,ERR,ERR,ERR,ERR,ERR,ERR,ERR,ERR,ERR,ERR,ERR,ERR,ERR,ERR,ERR,ERR,ERR,ERR,ERR,ERR,ERR,ERR,ERR,ERR,ERR,0.0,0.0,2.6474777903227054e+23,0.0,0.0,1.3936040501711995e+18,7.805,0.0,0,0,4,0,7300,-0.0,0,0.0,0.0,0.0,0.0,0.0,0,0,0,0,0.0,0,0,0,0,0,0,0,0,0,0,0,0,0,0,0,0,0,0,0,0,0,0,0,0,0,0,0,0,0,0,0,0,0,32,30,30,62,65476,0,300,0,0,8,21553,0.0,-107605600.0,0.0,0.0,0.0,0.0,0.0,0.0,0.0,0.0,0.0,0.0,0.0,0.0,0.0,0.0,0.0,0.0,0.0,0.0,0.0,0.0,2.004,-0.0,-0.0,2.004,0.0,0.0,0.0,0.0,5432.0,-0.0,6953.0,0.0,0.0,-107615280.0,0.0,0.0,0.0,0.0,0.0,63,-0.0,-0.0,0.0,0.0,0.0,0.0,0.0,0.0,0.0,0,0,0,0.0,0.0,0.0,0.0,0.0,0.0,0.0,0.0,0.0,0.0,0.0,0.0,0.0,0.0,0.0,0.0,0,-107875648.0,63,0.0,126,2.7184242562605685e+23,-0.0,ERR,ERR,ERR,ERR,ERR,ERR,ERR,ERR,ERR,ERR,ERR,ERR,ERR,ERR,ERR,ERR,ERR,ERR,ERR,ERR,ERR,ERR,ERR,ERR,ERR,ERR,ERR,ERR,ERR,ERR,ERR,ERR,ERR,ERR,ERR,ERR,ERR,ERR,ERR,ERR,ERR,ERR,ERR,ERR,ERR,ERR,ERR,ERR,ERR,ERR,ERR,ERR,ERR,ERR,ERR,ERR,ERR,ERR,ERR,ERR,ERR,ERR,ERR,ERR,ERR,ERR,ERR,34.0,80.0,35,0.0,0.0,0.0,0.0,0.0,0.0,0.0,0.0,0.0,0.0,0.0,0.0,0.0,0.0,0.0,0.0,64.4,0,117,56,50,65476,0,300,0,0,8,20529,65476,0,0,57672,80.0,0.0,0.0,0.0,0.0,0.0
2026-06-17T04:08:56,ERR,ERR,ERR,ERR,ERR,ERR,ERR,ERR,ERR,ERR,ERR,ERR,ERR,ERR,ERR,ERR,ERR,ERR,ERR,ERR,ERR,ERR,ERR,ERR,ERR,ERR,ERR,ERR,ERR,ERR,ERR,ERR,ERR,ERR,ERR,ERR,ERR,ERR,ERR,ERR,ERR,ERR,ERR,ERR,ERR,ERR,ERR,ERR,ERR,ERR,ERR,ERR,ERR,ERR,ERR,ERR,ERR,ERR,ERR,ERR,ERR,ERR,ERR,ERR,ERR,ERR,ERR,ERR,ERR,ERR,ERR,ERR,ERR,ERR,ERR,ERR,ERR,ERR,ERR,ERR,ERR,ERR,ERR,ERR,ERR,ERR,ERR,ERR,ERR,ERR,ERR,ERR,ERR,ERR,ERR,ERR,ERR,ERR,ERR,ERR,ERR,ERR,ERR,ERR,ERR,ERR,ERR,ERR,ERR,ERR,ERR,ERR,ERR,ERR,ERR,ERR,ERR,ERR,ERR,ERR,ERR,ERR,ERR,ERR,ERR,0.0,0.0,2.6474777903227054e+23,0.0,0.0,1.3936040501711995e+18,7.805,0.0,0,0,4,0,7300,-0.0,0,0.0,0.0,0.0,0.0,0.0,0,0,0,0,0.0,0,0,0,0,0,0,0,0,0,0,0,0,0,0,0,0,0,0,0,0,0,0,0,0,0,0,0,0,0,0,0,0,0,32,30,30,62,65476,0,300,0,0,8,21553,0.0,-107605600.0,0.0,0.0,0.0,0.0,0.0,0.0,0.0,0.0,0.0,0.0,0.0,0.0,0.0,0.0,0.0,0.0,0.0,0.0,0.0,0.0,2.004,-0.0,-0.0,2.004,0.0,0.0,0.0,0.0,5432.0,-0.0,6953.0,0.0,0.0,-107615280.0,0.0,0.0,0.0,0.0,0.0,63,-0.0,-0.0,0.0,0.0,0.0,0.0,0.0,0.0,0.0,0,0,0,0.0,0.0,0.0,0.0,0.0,0.0,0.0,0.0,0.0,0.0,0.0,0.0,0.0,0.0,0.0,0.0,0,-107875648.0,63,0.0,126,2.7184242562605685e+23,-0.0,ERR,ERR,ERR,ERR,ERR,ERR,ERR,ERR,ERR,ERR,ERR,ERR,ERR,ERR,ERR,ERR,ERR,ERR,ERR,ERR,ERR,ERR,ERR,ERR,ERR,ERR,ERR,ERR,ERR,ERR,ERR,ERR,ERR,ERR,ERR,ERR,ERR,ERR,ERR,ERR,ERR,ERR,ERR,ERR,ERR,ERR,ERR,ERR,ERR,ERR,ERR,ERR,ERR,ERR,ERR,ERR,ERR,ERR,ERR,ERR,ERR,ERR,ERR,ERR,ERR,ERR,ERR,34.0,80.0,35,0.0,0.0,0.0,0.0,0.0,0.0,0.0,0.0,0.0,0.0,0.0,0.0,0.0,0.0,0.0,0.0,64.4,0,117,56,50,65476,0,300,0,0,8,20529,65476,0,0,57672,80.0,0.0,0.0,0.0,0.0,0.0
2026-06-17T04:08:57,ERR,ERR,ERR,ERR,ERR,ERR,ERR,ERR,ERR,ERR,ERR,ERR,ERR,ERR,ERR,ERR,ERR,ERR,ERR,ERR,ERR,ERR,ERR,ERR,ERR,ERR,ERR,ERR,ERR,ERR,ERR,ERR,ERR,ERR,ERR,ERR,ERR,ERR,ERR,ERR,ERR,ERR,ERR,ERR,ERR,ERR,ERR,ERR,ERR,ERR,ERR,ERR,ERR,ERR,ERR,ERR,ERR,ERR,ERR,ERR,ERR,ERR,ERR,ERR,ERR,ERR,ERR,ERR,ERR,ERR,ERR,ERR,ERR,ERR,ERR,ERR,ERR,ERR,ERR,ERR,ERR,ERR,ERR,ERR,ERR,ERR,ERR,ERR,ERR,ERR,ERR,ERR,ERR,ERR,ERR,ERR,ERR,ERR,ERR,ERR,ERR,ERR,ERR,ERR,ERR,ERR,ERR,ERR,ERR,ERR,ERR,ERR,ERR,ERR,ERR,ERR,ERR,ERR,ERR,ERR,ERR,ERR,ERR,ERR,ERR,0.0,0.0,2.6474777903227054e+23,0.0,0.0,1.3936040501711995e+18,7.805,0.0,0,0,4,0,7300,-0.0,0,0.0,0.0,0.0,0.0,0.0,0,0,0,0,0.0,0,0,0,0,0,0,0,0,0,0,0,0,0,0,0,0,0,0,0,0,0,0,0,0,0,0,0,0,0,0,0,0,0,32,30,30,62,65476,0,300,0,0,8,21553,0.0,-107605600.0,0.0,0.0,0.0,0.0,0.0,0.0,0.0,0.0,0.0,0.0,0.0,0.0,0.0,0.0,0.0,0.0,0.0,0.0,0.0,0.0,2.004,-0.0,-0.0,2.004,0.0,0.0,0.0,0.0,5432.0,-0.0,6953.0,0.0,0.0,-107615280.0,0.0,0.0,0.0,0.0,0.0,63,-0.0,-0.0,0.0,0.0,0.0,0.0,0.0,0.0,0.0,0,0,0,0.0,0.0,0.0,0.0,0.0,0.0,0.0,0.0,0.0,0.0,0.0,0.0,0.0,0.0,0.0,0.0,0,-107875648.0,63,0.0,126,2.7184242562605685e+23,-0.0,ERR,ERR,ERR,ERR,ERR,ERR,ERR,ERR,ERR,ERR,ERR,ERR,ERR,ERR,ERR,ERR,ERR,ERR,ERR,ERR,ERR,ERR,ERR,ERR,ERR,ERR,ERR,ERR,ERR,ERR,ERR,ERR,ERR,ERR,ERR,ERR,ERR,ERR,ERR,ERR,ERR,ERR,ERR,ERR,ERR,ERR,ERR,ERR,ERR,ERR,ERR,ERR,ERR,ERR,ERR,ERR,ERR,ERR,ERR,ERR,ERR,ERR,ERR,ERR,ERR,ERR,ERR,34.0,80.0,35,0.0,0.0,0.0,0.0,0.0,0.0,0.0,0.0,0.0,0.0,0.0,0.0,0.0,0.0,0.0,0.0,64.4,0,117,56,50,65476,0,300,0,0,8,20529,65476,0,0,57672,80.0,0.0,0.0,0.0,0.0,0.0
2026-06-17T04:08:58,ERR,ERR,ERR,ERR,ERR,ERR,ERR,ERR,ERR,ERR,ERR,ERR,ERR,ERR,ERR,ERR,ERR,ERR,ERR,ERR,ERR,ERR,ERR,ERR,ERR,ERR,ERR,ERR,ERR,ERR,ERR,ERR,ERR,ERR,ERR,ERR,ERR,ERR,ERR,ERR,ERR,ERR,ERR,ERR,ERR,ERR,ERR,ERR,ERR,ERR,ERR,ERR,ERR,ERR,ERR,ERR,ERR,ERR,ERR,ERR,ERR,ERR,ERR,ERR,ERR,ERR,ERR,ERR,ERR,ERR,ERR,ERR,ERR,ERR,ERR,ERR,ERR,ERR,ERR,ERR,ERR,ERR,ERR,ERR,ERR,ERR,ERR,ERR,ERR,ERR,ERR,ERR,ERR,ERR,ERR,ERR,ERR,ERR,ERR,ERR,ERR,ERR,ERR,ERR,ERR,ERR,ERR,ERR,ERR,ERR,ERR,ERR,ERR,ERR,ERR,ERR,ERR,ERR,ERR,ERR,ERR,ERR,ERR,ERR,ERR,0.0,0.0,2.6474777903227054e+23,0.0,0.0,1.3936040501711995e+18,7.805,0.0,0,0,4,0,7300,-0.0,0,0.0,0.0,0.0,0.0,0.0,0,0,0,0,0.0,0,0,0,0,0,0,0,0,0,0,0,0,0,0,0,0,0,0,0,0,0,0,0,0,0,0,0,0,0,0,0,0,0,32,30,30,62,65476,0,300,0,0,8,21553,0.0,-107605600.0,0.0,0.0,0.0,0.0,0.0,0.0,0.0,0.0,0.0,0.0,0.0,0.0,0.0,0.0,0.0,0.0,0.0,0.0,0.0,0.0,2.004,-0.0,-0.0,2.004,0.0,0.0,0.0,0.0,5432.0,-0.0,6953.0,0.0,0.0,-107615280.0,0.0,0.0,0.0,0.0,0.0,63,-0.0,-0.0,0.0,0.0,0.0,0.0,0.0,0.0,0.0,0,0,0,0.0,0.0,0.0,0.0,0.0,0.0,0.0,0.0,0.0,0.0,0.0,0.0,0.0,0.0,0.0,0.0,0,-107875648.0,63,0.0,126,2.7184242562605685e+23,-0.0,ERR,ERR,ERR,ERR,ERR,ERR,ERR,ERR,ERR,ERR,ERR,ERR,ERR,ERR,ERR,ERR,ERR,ERR,ERR,ERR,ERR,ERR,ERR,ERR,ERR,ERR,ERR,ERR,ERR,ERR,ERR,ERR,ERR,ERR,ERR,ERR,ERR,ERR,ERR,ERR,ERR,ERR,ERR,ERR,ERR,ERR,ERR,ERR,ERR,ERR,ERR,ERR,ERR,ERR,ERR,ERR,ERR,ERR,ERR,ERR,ERR,ERR,ERR,ERR,ERR,ERR,ERR,34.0,80.0,35,0.0,0.0,0.0,0.0,0.0,0.0,0.0,0.0,0.0,0.0,0.0,0.0,0.0,0.0,0.0,0.0,64.8,0,117,56,50,65476,0,300,0,0,8,20529,65476,0,0,57672,80.0,0.0,0.0,0.0,0.0,0.0
2026-06-17T04:08:59,ERR,ERR,ERR,ERR,ERR,ERR,ERR,ERR,ERR,ERR,ERR,ERR,ERR,ERR,ERR,ERR,ERR,ERR,ERR,ERR,ERR,ERR,ERR,ERR,ERR,ERR,ERR,ERR,ERR,ERR,ERR,ERR,ERR,ERR,ERR,ERR,ERR,ERR,ERR,ERR,ERR,ERR,ERR,ERR,ERR,ERR,ERR,ERR,ERR,ERR,ERR,ERR,ERR,ERR,ERR,ERR,ERR,ERR,ERR,ERR,ERR,ERR,ERR,ERR,ERR,ERR,ERR,ERR,ERR,ERR,ERR,ERR,ERR,ERR,ERR,ERR,ERR,ERR,ERR,ERR,ERR,ERR,ERR,ERR,ERR,ERR,ERR,ERR,ERR,ERR,ERR,ERR,ERR,ERR,ERR,ERR,ERR,ERR,ERR,ERR,ERR,ERR,ERR,ERR,ERR,ERR,ERR,ERR,ERR,ERR,ERR,ERR,ERR,ERR,ERR,ERR,ERR,ERR,ERR,ERR,ERR,ERR,ERR,ERR,ERR,0.0,0.0,2.6474777903227054e+23,0.0,0.0,1.3936040501711995e+18,7.805,0.0,0,0,4,0,7300,-0.0,0,0.0,0.0,0.0,0.0,0.0,0,0,0,0,0.0,0,0,0,0,0,0,0,0,0,0,0,0,0,0,0,0,0,0,0,0,0,0,0,0,0,0,0,0,0,0,0,0,0,32,30,30,62,65476,0,300,0,0,8,21553,0.0,-107605600.0,0.0,0.0,0.0,0.0,0.0,0.0,0.0,0.0,0.0,0.0,0.0,0.0,0.0,0.0,0.0,0.0,0.0,0.0,0.0,0.0,2.004,-0.0,-0.0,2.004,0.0,0.0,0.0,0.0,5432.0,-0.0,6953.0,0.0,0.0,-107615280.0,0.0,0.0,0.0,0.0,0.0,63,-0.0,-0.0,0.0,0.0,0.0,0.0,0.0,0.0,0.0,0,0,0,0.0,0.0,0.0,0.0,0.0,0.0,0.0,0.0,0.0,0.0,0.0,0.0,0.0,0.0,0.0,0.0,0,-107875648.0,63,0.0,126,2.7184242562605685e+23,-0.0,ERR,ERR,ERR,ERR,ERR,ERR,ERR,ERR,ERR,ERR,ERR,ERR,ERR,ERR,ERR,ERR,ERR,ERR,ERR,ERR,ERR,ERR,ERR,ERR,ERR,ERR,ERR,ERR,ERR,ERR,ERR,ERR,ERR,ERR,ERR,ERR,ERR,ERR,ERR,ERR,ERR,ERR,ERR,ERR,ERR,ERR,ERR,ERR,ERR,ERR,ERR,ERR,ERR,ERR,ERR,ERR,ERR,ERR,ERR,ERR,ERR,ERR,ERR,ERR,ERR,ERR,ERR,34.0,80.0,35,0.0,0.0,0.0,0.0,0.0,0.0,0.0,0.0,0.0,0.0,0.0,0.0,0.0,0.0,0.0,0.0,64.8,0,117,56,50,65476,0,300,0,0,8,20529,65476,0,0,57672,80.0,0.0,0.0,0.0,0.0,0.0
2026-06-17T04:09:00,ERR,ERR,ERR,ERR,ERR,ERR,ERR,ERR,ERR,ERR,ERR,ERR,ERR,ERR,ERR,ERR,ERR,ERR,ERR,ERR,ERR,ERR,ERR,ERR,ERR,ERR,ERR,ERR,ERR,ERR,ERR,ERR,ERR,ERR,ERR,ERR,ERR,ERR,ERR,ERR,ERR,ERR,ERR,ERR,ERR,ERR,ERR,ERR,ERR,ERR,ERR,ERR,ERR,ERR,ERR,ERR,ERR,ERR,ERR,ERR,ERR,ERR,ERR,ERR,ERR,ERR,ERR,ERR,ERR,ERR,ERR,ERR,ERR,ERR,ERR,ERR,ERR,ERR,ERR,ERR,ERR,ERR,ERR,ERR,ERR,ERR,ERR,ERR,ERR,ERR,ERR,ERR,ERR,ERR,ERR,ERR,ERR,ERR,ERR,ERR,ERR,ERR,ERR,ERR,ERR,ERR,ERR,ERR,ERR,ERR,ERR,ERR,ERR,ERR,ERR,ERR,ERR,ERR,ERR,ERR,ERR,ERR,ERR,ERR,ERR,0.0,0.0,2.6474777903227054e+23,0.0,0.0,1.3936040501711995e+18,7.805,0.0,0,0,4,0,7300,-0.0,0,0.0,0.0,0.0,0.0,0.0,0,0,0,0,0.0,0,0,0,0,0,0,0,0,0,0,0,0,0,0,0,0,0,0,0,0,0,0,0,0,0,0,0,0,0,0,0,0,0,32,30,30,62,65476,0,300,0,0,8,21553,0.0,-107605600.0,0.0,0.0,0.0,0.0,0.0,0.0,0.0,0.0,0.0,0.0,0.0,0.0,0.0,0.0,0.0,0.0,0.0,0.0,0.0,0.0,2.004,-0.0,-0.0,2.004,0.0,0.0,0.0,0.0,5433.0,0.0,6945.0,0.0,0.0,-107615280.0,0.0,0.0,0.0,0.0,0.0,63,-0.059,0.0,0.0,0.0,0.0,0.0,0.0,0.0,0.0,0,0,0,0.0,0.0,0.0,0.0,0.0,0.0,0.0,0.0,0.0,0.0,0.0,0.0,0.0,0.0,0.0,0.0,0,-107875648.0,63,0.0,126,2.7184242562605685e+23,-0.0,ERR,ERR,ERR,ERR,ERR,ERR,ERR,ERR,ERR,ERR,ERR,ERR,ERR,ERR,ERR,ERR,ERR,ERR,ERR,ERR,ERR,ERR,ERR,ERR,ERR,ERR,ERR,ERR,ERR,ERR,ERR,ERR,ERR,ERR,ERR,ERR,ERR,ERR,ERR,ERR,ERR,ERR,ERR,ERR,ERR,ERR,ERR,ERR,ERR,ERR,ERR,ERR,ERR,ERR,ERR,ERR,ERR,ERR,ERR,ERR,ERR,ERR,ERR,ERR,ERR,ERR,ERR,34.0,80.0,35,0.0,0.0,0.0,0.0,0.0,0.0,0.0,0.0,0.0,0.0,0.0,0.0,0.0,0.0,0.0,0.0,64.4,0,117,56,50,65476,0,300,0,0,8,20529,65476,0,0,57672,80.0,0.0,0.0,0.0,0.0,0.0
2026-06-17T04:09:01,ERR,ERR,ERR,ERR,ERR,ERR,ERR,ERR,ERR,ERR,ERR,ERR,ERR,ERR,ERR,ERR,ERR,ERR,ERR,ERR,ERR,ERR,ERR,ERR,ERR,ERR,ERR,ERR,ERR,ERR,ERR,ERR,ERR,ERR,ERR,ERR,ERR,ERR,ERR,ERR,ERR,ERR,ERR,ERR,ERR,ERR,ERR,ERR,ERR,ERR,ERR,ERR,ERR,ERR,ERR,ERR,ERR,ERR,ERR,ERR,ERR,ERR,ERR,ERR,ERR,ERR,ERR,ERR,ERR,ERR,ERR,ERR,ERR,ERR,ERR,ERR,ERR,ERR,ERR,ERR,ERR,ERR,ERR,ERR,ERR,ERR,ERR,ERR,ERR,ERR,ERR,ERR,ERR,ERR,ERR,ERR,ERR,ERR,ERR,ERR,ERR,ERR,ERR,ERR,ERR,ERR,ERR,ERR,ERR,ERR,ERR,ERR,ERR,ERR,ERR,ERR,ERR,ERR,ERR,ERR,ERR,ERR,ERR,ERR,ERR,0.0,0.0,2.6474777903227054e+23,0.0,0.0,1.3936040501711995e+18,7.805,0.0,0,0,4,0,7300,-0.0,0,0.0,0.0,0.0,0.0,0.0,0,0,0,0,0.0,0,0,0,0,0,0,0,0,0,0,0,0,0,0,0,0,0,0,0,0,0,0,0,0,0,0,0,0,0,0,0,0,0,32,30,30,62,65476,0,300,0,0,8,21553,0.0,-107605600.0,0.0,0.0,0.0,0.0,0.0,0.0,0.0,0.0,0.0,0.0,0.0,0.0,0.0,0.0,0.0,0.0,0.0,0.0,0.0,0.0,2.004,-0.0,-0.0,2.004,0.0,0.0,0.0,0.0,5433.0,0.0,6945.0,0.0,0.0,-107615280.0,0.0,0.0,0.0,0.0,0.0,63,-0.059,0.0,0.0,0.0,0.0,0.0,0.0,0.0,0.0,0,0,0,0.0,0.0,0.0,0.0,0.0,0.0,0.0,0.0,0.0,0.0,0.0,0.0,0.0,0.0,0.0,0.0,0,-107875648.0,63,0.0,126,2.7184242562605685e+23,-0.0,ERR,ERR,ERR,ERR,ERR,ERR,ERR,ERR,ERR,ERR,ERR,ERR,ERR,ERR,ERR,ERR,ERR,ERR,ERR,ERR,ERR,ERR,ERR,ERR,ERR,ERR,ERR,ERR,ERR,ERR,ERR,ERR,ERR,ERR,ERR,ERR,ERR,ERR,ERR,ERR,ERR,ERR,ERR,ERR,ERR,ERR,ERR,ERR,ERR,ERR,ERR,ERR,ERR,ERR,ERR,ERR,ERR,ERR,ERR,ERR,ERR,ERR,ERR,ERR,ERR,ERR,ERR,34.0,80.0,35,0.0,0.0,0.0,0.0,0.0,0.0,0.0,0.0,0.0,0.0,0.0,0.0,0.0,0.0,0.0,0.0,64.4,0,117,56,50,65476,0,300,0,0,8,20529,65476,0,0,57672,80.0,0.0,0.0,0.0,0.0,0.0
2026-06-17T04:09:02,ERR,ERR,ERR,ERR,ERR,ERR,ERR,ERR,ERR,ERR,ERR,ERR,ERR,ERR,ERR,ERR,ERR,ERR,ERR,ERR,ERR,ERR,ERR,ERR,ERR,ERR,ERR,ERR,ERR,ERR,ERR,ERR,ERR,ERR,ERR,ERR,ERR,ERR,ERR,ERR,ERR,ERR,ERR,ERR,ERR,ERR,ERR,ERR,ERR,ERR,ERR,ERR,ERR,ERR,ERR,ERR,ERR,ERR,ERR,ERR,ERR,ERR,ERR,ERR,ERR,ERR,ERR,ERR,ERR,ERR,ERR,ERR,ERR,ERR,ERR,ERR,ERR,ERR,ERR,ERR,ERR,ERR,ERR,ERR,ERR,ERR,ERR,ERR,ERR,ERR,ERR,ERR,ERR,ERR,ERR,ERR,ERR,ERR,ERR,ERR,ERR,ERR,ERR,ERR,ERR,ERR,ERR,ERR,ERR,ERR,ERR,ERR,ERR,ERR,ERR,ERR,ERR,ERR,ERR,ERR,ERR,ERR,ERR,ERR,ERR,0.0,0.0,2.6474777903227054e+23,0.0,0.0,1.3936040501711995e+18,7.805,0.0,0,0,4,0,7300,-0.0,0,0.0,0.0,0.0,0.0,0.0,0,0,0,0,0.0,0,0,0,0,0,0,0,0,0,0,0,0,0,0,0,0,0,0,0,0,0,0,0,0,0,0,0,0,0,0,0,0,0,32,30,30,62,65476,0,300,0,0,8,21553,0.0,-107605600.0,0.0,0.0,0.0,0.0,0.0,0.0,0.0,0.0,0.0,0.0,0.0,0.0,0.0,0.0,0.0,0.0,0.0,0.0,0.0,0.0,2.004,-0.0,-0.0,2.004,0.0,0.0,0.0,0.0,5433.0,0.0,6945.0,0.0,0.0,-107615280.0,0.0,0.0,0.0,0.0,0.0,63,-0.059,0.0,0.0,0.0,0.0,0.0,0.0,0.0,0.0,0,0,0,0.0,0.0,0.0,0.0,0.0,0.0,0.0,0.0,0.0,0.0,0.0,0.0,0.0,0.0,0.0,0.0,0,-107875648.0,63,0.0,126,2.7184242562605685e+23,-0.0,ERR,ERR,ERR,ERR,ERR,ERR,ERR,ERR,ERR,ERR,ERR,ERR,ERR,ERR,ERR,ERR,ERR,ERR,ERR,ERR,ERR,ERR,ERR,ERR,ERR,ERR,ERR,ERR,ERR,ERR,ERR,ERR,ERR,ERR,ERR,ERR,ERR,ERR,ERR,ERR,ERR,ERR,ERR,ERR,ERR,ERR,ERR,ERR,ERR,ERR,ERR,ERR,ERR,ERR,ERR,ERR,ERR,ERR,ERR,ERR,ERR,ERR,ERR,ERR,ERR,ERR,ERR,34.0,80.0,35,0.0,0.0,0.0,0.0,0.0,0.0,0.0,0.0,0.0,0.0,0.0,0.0,0.0,0.0,0.0,0.0,64.4,0,117,56,50,65476,0,300,0,0,8,20529,65476,0,0,57672,80.0,0.0,0.0,0.0,0.0,0.0
2026-06-17T04:09:03,ERR,ERR,ERR,ERR,ERR,ERR,ERR,ERR,ERR,ERR,ERR,ERR,ERR,ERR,ERR,ERR,ERR,ERR,ERR,ERR,ERR,ERR,ERR,ERR,ERR,ERR,ERR,ERR,ERR,ERR,ERR,ERR,ERR,ERR,ERR,ERR,ERR,ERR,ERR,ERR,ERR,ERR,ERR,ERR,ERR,ERR,ERR,ERR,ERR,ERR,ERR,ERR,ERR,ERR,ERR,ERR,ERR,ERR,ERR,ERR,ERR,ERR,ERR,ERR,ERR,ERR,ERR,ERR,ERR,ERR,ERR,ERR,ERR,ERR,ERR,ERR,ERR,ERR,ERR,ERR,ERR,ERR,ERR,ERR,ERR,ERR,ERR,ERR,ERR,ERR,ERR,ERR,ERR,ERR,ERR,ERR,ERR,ERR,ERR,ERR,ERR,ERR,ERR,ERR,ERR,ERR,ERR,ERR,ERR,ERR,ERR,ERR,ERR,ERR,ERR,ERR,ERR,ERR,ERR,ERR,ERR,ERR,ERR,ERR,ERR,0.0,0.0,2.6474777903227054e+23,0.0,0.0,1.3936040501711995e+18,7.805,0.0,0,0,4,0,7300,-0.0,0,0.0,0.0,0.0,0.0,0.0,0,0,0,0,0.0,0,0,0,0,0,0,0,0,0,0,0,0,0,0,0,0,0,0,0,0,0,0,0,0,0,0,0,0,0,0,0,0,0,32,30,30,62,65476,0,300,0,0,8,21553,0.0,-107605600.0,0.0,0.0,0.0,0.0,0.0,0.0,0.0,0.0,0.0,0.0,0.0,0.0,0.0,0.0,0.0,0.0,0.0,0.0,0.0,0.0,2.004,-0.0,-0.0,2.004,0.0,0.0,0.0,0.0,5433.0,0.0,6945.0,0.0,0.0,-107615280.0,0.0,0.0,0.0,0.0,0.0,63,-0.059,0.0,0.0,0.0,0.0,0.0,0.0,0.0,0.0,0,0,0,0.0,0.0,0.0,0.0,0.0,0.0,0.0,0.0,0.0,0.0,0.0,0.0,0.0,0.0,0.0,0.0,0,-107875648.0,63,0.0,126,2.7184242562605685e+23,-0.0,ERR,ERR,ERR,ERR,ERR,ERR,ERR,ERR,ERR,ERR,ERR,ERR,ERR,ERR,ERR,ERR,ERR,ERR,ERR,ERR,ERR,ERR,ERR,ERR,ERR,ERR,ERR,ERR,ERR,ERR,ERR,ERR,ERR,ERR,ERR,ERR,ERR,ERR,ERR,ERR,ERR,ERR,ERR,ERR,ERR,ERR,ERR,ERR,ERR,ERR,ERR,ERR,ERR,ERR,ERR,ERR,ERR,ERR,ERR,ERR,ERR,ERR,ERR,ERR,ERR,ERR,ERR,34.0,80.0,35,0.0,0.0,0.0,0.0,0.0,0.0,0.0,0.0,0.0,0.0,0.0,0.0,0.0,0.0,0.0,0.0,64.8,0,117,56,50,65476,0,300,0,0,8,20529,65476,0,0,57672,80.0,0.0,0.0,0.0,0.0,0.0
2026-06-17T04:09:04,ERR,ERR,ERR,ERR,ERR,ERR,ERR,ERR,ERR,ERR,ERR,ERR,ERR,ERR,ERR,ERR,ERR,ERR,ERR,ERR,ERR,ERR,ERR,ERR,ERR,ERR,ERR,ERR,ERR,ERR,ERR,ERR,ERR,ERR,ERR,ERR,ERR,ERR,ERR,ERR,ERR,ERR,ERR,ERR,ERR,ERR,ERR,ERR,ERR,ERR,ERR,ERR,ERR,ERR,ERR,ERR,ERR,ERR,ERR,ERR,ERR,ERR,ERR,ERR,ERR,ERR,ERR,ERR,ERR,ERR,ERR,ERR,ERR,ERR,ERR,ERR,ERR,ERR,ERR,ERR,ERR,ERR,ERR,ERR,ERR,ERR,ERR,ERR,ERR,ERR,ERR,ERR,ERR,ERR,ERR,ERR,ERR,ERR,ERR,ERR,ERR,ERR,ERR,ERR,ERR,ERR,ERR,ERR,ERR,ERR,ERR,ERR,ERR,ERR,ERR,ERR,ERR,ERR,ERR,ERR,ERR,ERR,ERR,ERR,ERR,0.0,0.0,2.6474777903227054e+23,0.0,0.0,1.3936040501711995e+18,7.805,0.0,0,0,4,0,7300,-0.0,0,0.0,0.0,0.0,0.0,0.0,0,0,0,0,0.0,0,0,0,0,0,0,0,0,0,0,0,0,0,0,0,0,0,0,0,0,0,0,0,0,0,0,0,0,0,0,0,0,0,32,30,30,62,65476,0,300,0,0,8,21553,0.0,-107605600.0,0.0,0.0,0.0,0.0,0.0,0.0,0.0,0.0,0.0,0.0,0.0,0.0,0.0,0.0,0.0,0.0,0.0,0.0,0.0,0.0,2.004,-0.0,-0.0,2.004,0.0,0.0,0.0,0.0,5433.0,0.0,6945.0,0.0,0.0,-107615280.0,0.0,0.0,0.0,0.0,0.0,63,-0.059,0.0,0.0,0.0,0.0,0.0,0.0,0.0,0.0,0,0,0,0.0,0.0,0.0,0.0,0.0,0.0,0.0,0.0,0.0,0.0,0.0,0.0,0.0,0.0,0.0,0.0,0,-107875648.0,63,0.0,126,2.7184242562605685e+23,-0.0,ERR,ERR,ERR,ERR,ERR,ERR,ERR,ERR,ERR,ERR,ERR,ERR,ERR,ERR,ERR,ERR,ERR,ERR,ERR,ERR,ERR,ERR,ERR,ERR,ERR,ERR,ERR,ERR,ERR,ERR,ERR,ERR,ERR,ERR,ERR,ERR,ERR,ERR,ERR,ERR,ERR,ERR,ERR,ERR,ERR,ERR,ERR,ERR,ERR,ERR,ERR,ERR,ERR,ERR,ERR,ERR,ERR,ERR,ERR,ERR,ERR,ERR,ERR,ERR,ERR,ERR,ERR,34.0,80.0,35,0.0,0.0,0.0,0.0,0.0,0.0,0.0,0.0,0.0,0.0,0.0,0.0,0.0,0.0,0.0,0.0,64.8,0,117,56,50,65476,0,300,0,0,8,20529,65476,0,0,57672,80.0,0.0,0.0,0.0,0.0,0.0
2026-06-17T04:09:05,ERR,ERR,ERR,ERR,ERR,ERR,ERR,ERR,ERR,ERR,ERR,ERR,ERR,ERR,ERR,ERR,ERR,ERR,ERR,ERR,ERR,ERR,ERR,ERR,ERR,ERR,ERR,ERR,ERR,ERR,ERR,ERR,ERR,ERR,ERR,ERR,ERR,ERR,ERR,ERR,ERR,ERR,ERR,ERR,ERR,ERR,ERR,ERR,ERR,ERR,ERR,ERR,ERR,ERR,ERR,ERR,ERR,ERR,ERR,ERR,ERR,ERR,ERR,ERR,ERR,ERR,ERR,ERR,ERR,ERR,ERR,ERR,ERR,ERR,ERR,ERR,ERR,ERR,ERR,ERR,ERR,ERR,ERR,ERR,ERR,ERR,ERR,ERR,ERR,ERR,ERR,ERR,ERR,ERR,ERR,ERR,ERR,ERR,ERR,ERR,ERR,ERR,ERR,ERR,ERR,ERR,ERR,ERR,ERR,ERR,ERR,ERR,ERR,ERR,ERR,ERR,ERR,ERR,ERR,ERR,ERR,ERR,ERR,ERR,ERR,0.0,0.0,2.6474777903227054e+23,0.0,0.0,1.3936040501711995e+18,7.805,0.0,0,0,4,0,7300,-0.0,0,0.0,0.0,0.0,0.0,0.0,0,0,0,0,0.0,0,0,0,0,0,0,0,0,0,0,0,0,0,0,0,0,0,0,0,0,0,0,0,0,0,0,0,0,0,0,0,0,0,32,30,30,62,65476,0,300,0,0,8,21553,0.0,-107605600.0,0.0,0.0,0.0,0.0,0.0,0.0,0.0,0.0,0.0,0.0,0.0,0.0,0.0,0.0,0.0,0.0,0.0,0.0,0.0,0.0,2.004,-0.0,-0.0,2.004,0.0,0.0,0.0,0.0,5400.0,564146638684160.0,6955.0,0.0,0.0,-107615280.0,0.0,0.0,0.0,0.0,0.0,63,-0.0,1.9056884997475533e+17,0.0,0.0,0.0,0.0,0.0,0.0,0.0,0,0,0,0.0,0.0,0.0,0.0,0.0,0.0,0.0,0.0,0.0,0.0,0.0,0.0,0.0,0.0,0.0,0.0,0,-107875648.0,63,0.0,126,2.7184242562605685e+23,-0.0,ERR,ERR,ERR,ERR,ERR,ERR,ERR,ERR,ERR,ERR,ERR,ERR,ERR,ERR,ERR,ERR,ERR,ERR,ERR,ERR,ERR,ERR,ERR,ERR,ERR,ERR,ERR,ERR,ERR,ERR,ERR,ERR,ERR,ERR,ERR,ERR,ERR,ERR,ERR,ERR,ERR,ERR,ERR,ERR,ERR,ERR,ERR,ERR,ERR,ERR,ERR,ERR,ERR,ERR,ERR,ERR,ERR,ERR,ERR,ERR,ERR,ERR,ERR,ERR,ERR,ERR,ERR,34.0,80.0,35,0.0,0.0,0.0,0.0,0.0,0.0,0.0,0.0,0.0,0.0,0.0,0.0,0.0,0.0,0.0,0.0,64.8,0,117,56,50,65476,0,300,0,0,8,20529,65476,0,0,57672,80.0,0.0,0.0,0.0,0.0,0.0
2026-06-17T04:09:06,ERR,ERR,ERR,ERR,ERR,ERR,ERR,ERR,ERR,ERR,ERR,ERR,ERR,ERR,ERR,ERR,ERR,ERR,ERR,ERR,ERR,ERR,ERR,ERR,ERR,ERR,ERR,ERR,ERR,ERR,ERR,ERR,ERR,ERR,ERR,ERR,ERR,ERR,ERR,ERR,ERR,ERR,ERR,ERR,ERR,ERR,ERR,ERR,ERR,ERR,ERR,ERR,ERR,ERR,ERR,ERR,ERR,ERR,ERR,ERR,ERR,ERR,ERR,ERR,ERR,ERR,ERR,ERR,ERR,ERR,ERR,ERR,ERR,ERR,ERR,ERR,ERR,ERR,ERR,ERR,ERR,ERR,ERR,ERR,ERR,ERR,ERR,ERR,ERR,ERR,ERR,ERR,ERR,ERR,ERR,ERR,ERR,ERR,ERR,ERR,ERR,ERR,ERR,ERR,ERR,ERR,ERR,ERR,ERR,ERR,ERR,ERR,ERR,ERR,ERR,ERR,ERR,ERR,ERR,ERR,ERR,ERR,ERR,ERR,ERR,0.0,0.0,2.6474777903227054e+23,0.0,0.0,1.3936040501711995e+18,7.805,0.0,0,0,4,0,7300,-0.0,0,0.0,0.0,0.0,0.0,0.0,0,0,0,0,0.0,0,0,0,0,0,0,0,0,0,0,0,0,0,0,0,0,0,0,0,0,0,0,0,0,0,0,0,0,0,0,0,0,0,32,30,30,62,65476,0,300,0,0,8,21553,0.0,-107605600.0,0.0,0.0,0.0,0.0,0.0,0.0,0.0,0.0,0.0,0.0,0.0,0.0,0.0,0.0,0.0,0.0,0.0,0.0,0.0,0.0,2.004,-0.0,-0.0,2.004,0.0,0.0,0.0,0.0,5400.0,564146638684160.0,6955.0,0.0,0.0,-107615280.0,0.0,0.0,0.0,0.0,0.0,63,-0.0,1.9056884997475533e+17,0.0,0.0,0.0,0.0,0.0,0.0,0.0,0,0,0,0.0,0.0,0.0,0.0,0.0,0.0,0.0,0.0,0.0,0.0,0.0,0.0,0.0,0.0,0.0,0.0,0,-107875648.0,63,0.0,126,2.7184242562605685e+23,-0.0,ERR,ERR,ERR,ERR,ERR,ERR,ERR,ERR,ERR,ERR,ERR,ERR,ERR,ERR,ERR,ERR,ERR,ERR,ERR,ERR,ERR,ERR,ERR,ERR,ERR,ERR,ERR,ERR,ERR,ERR,ERR,ERR,ERR,ERR,ERR,ERR,ERR,ERR,ERR,ERR,ERR,ERR,ERR,ERR,ERR,ERR,ERR,ERR,ERR,ERR,ERR,ERR,ERR,ERR,ERR,ERR,ERR,ERR,ERR,ERR,ERR,ERR,ERR,ERR,ERR,ERR,ERR,34.0,80.0,35,0.0,0.0,0.0,0.0,0.0,0.0,0.0,0.0,0.0,0.0,0.0,0.0,0.0,0.0,0.0,0.0,64.8,0,117,56,50,65476,0,300,0,0,8,20529,65476,0,0,57672,80.0,0.0,0.0,0.0,0.0,0.0
2026-06-17T04:09:07,ERR,ERR,ERR,ERR,ERR,ERR,ERR,ERR,ERR,ERR,ERR,ERR,ERR,ERR,ERR,ERR,ERR,ERR,ERR,ERR,ERR,ERR,ERR,ERR,ERR,ERR,ERR,ERR,ERR,ERR,ERR,ERR,ERR,ERR,ERR,ERR,ERR,ERR,ERR,ERR,ERR,ERR,ERR,ERR,ERR,ERR,ERR,ERR,ERR,ERR,ERR,ERR,ERR,ERR,ERR,ERR,ERR,ERR,ERR,ERR,ERR,ERR,ERR,ERR,ERR,ERR,ERR,ERR,ERR,ERR,ERR,ERR,ERR,ERR,ERR,ERR,ERR,ERR,ERR,ERR,ERR,ERR,ERR,ERR,ERR,ERR,ERR,ERR,ERR,ERR,ERR,ERR,ERR,ERR,ERR,ERR,ERR,ERR,ERR,ERR,ERR,ERR,ERR,ERR,ERR,ERR,ERR,ERR,ERR,ERR,ERR,ERR,ERR,ERR,ERR,ERR,ERR,ERR,ERR,ERR,ERR,ERR,ERR,ERR,ERR,0.0,0.0,2.6474777903227054e+23,0.0,0.0,1.3936040501711995e+18,7.805,0.0,0,0,4,0,7300,-0.0,0,0.0,0.0,0.0,0.0,0.0,0,0,0,0,0.0,0,0,0,0,0,0,0,0,0,0,0,0,0,0,0,0,0,0,0,0,0,0,0,0,0,0,0,0,0,0,0,0,0,32,30,30,62,65476,0,300,0,0,8,21553,0.0,-107605600.0,0.0,0.0,0.0,0.0,0.0,0.0,0.0,0.0,0.0,0.0,0.0,0.0,0.0,0.0,0.0,0.0,0.0,0.0,0.0,0.0,2.004,-0.0,-0.0,2.004,0.0,0.0,0.0,0.0,5400.0,564146638684160.0,6955.0,0.0,0.0,-107615280.0,0.0,0.0,0.0,0.0,0.0,63,-0.0,1.9056884997475533e+17,0.0,0.0,0.0,0.0,0.0,0.0,0.0,0,0,0,0.0,0.0,0.0,0.0,0.0,0.0,0.0,0.0,0.0,0.0,0.0,0.0,0.0,0.0,0.0,0.0,0,-107875648.0,63,0.0,126,2.7184242562605685e+23,-0.0,ERR,ERR,ERR,ERR,ERR,ERR,ERR,ERR,ERR,ERR,ERR,ERR,ERR,ERR,ERR,ERR,ERR,ERR,ERR,ERR,ERR,ERR,ERR,ERR,ERR,ERR,ERR,ERR,ERR,ERR,ERR,ERR,ERR,ERR,ERR,ERR,ERR,ERR,ERR,ERR,ERR,ERR,ERR,ERR,ERR,ERR,ERR,ERR,ERR,ERR,ERR,ERR,ERR,ERR,ERR,ERR,ERR,ERR,ERR,ERR,ERR,ERR,ERR,ERR,ERR,ERR,ERR,34.0,80.0,35,0.0,0.0,0.0,0.0,0.0,0.0,0.0,0.0,0.0,0.0,0.0,0.0,0.0,0.0,0.0,0.0,64.4,0,117,56,50,65476,0,300,0,0,8,20529,65476,0,0,57672,80.0,0.0,0.0,0.0,0.0,0.0
2026-06-17T04:09:08,ERR,ERR,ERR,ERR,ERR,ERR,ERR,ERR,ERR,ERR,ERR,ERR,ERR,ERR,ERR,ERR,ERR,ERR,ERR,ERR,ERR,ERR,ERR,ERR,ERR,ERR,ERR,ERR,ERR,ERR,ERR,ERR,ERR,ERR,ERR,ERR,ERR,ERR,ERR,ERR,ERR,ERR,ERR,ERR,ERR,ERR,ERR,ERR,ERR,ERR,ERR,ERR,ERR,ERR,ERR,ERR,ERR,ERR,ERR,ERR,ERR,ERR,ERR,ERR,ERR,ERR,ERR,ERR,ERR,ERR,ERR,ERR,ERR,ERR,ERR,ERR,ERR,ERR,ERR,ERR,ERR,ERR,ERR,ERR,ERR,ERR,ERR,ERR,ERR,ERR,ERR,ERR,ERR,ERR,ERR,ERR,ERR,ERR,ERR,ERR,ERR,ERR,ERR,ERR,ERR,ERR,ERR,ERR,ERR,ERR,ERR,ERR,ERR,ERR,ERR,ERR,ERR,ERR,ERR,ERR,ERR,ERR,ERR,ERR,ERR,0.0,0.0,2.6474777903227054e+23,0.0,0.0,1.3936040501711995e+18,7.805,0.0,0,0,4,0,7300,-0.0,0,0.0,0.0,0.0,0.0,0.0,0,0,0,0,0.0,0,0,0,0,0,0,0,0,0,0,0,0,0,0,0,0,0,0,0,0,0,0,0,0,0,0,0,0,0,0,0,0,0,32,30,30,62,65476,0,300,0,0,8,21553,0.0,-107605600.0,0.0,0.0,0.0,0.0,0.0,0.0,0.0,0.0,0.0,0.0,0.0,0.0,0.0,0.0,0.0,0.0,0.0,0.0,0.0,0.0,2.004,-0.0,-0.0,2.004,0.0,0.0,0.0,0.0,5400.0,564146638684160.0,6955.0,0.0,0.0,-107615280.0,0.0,0.0,0.0,0.0,0.0,63,-0.0,1.9056884997475533e+17,0.0,0.0,0.0,0.0,0.0,0.0,0.0,0,0,0,0.0,0.0,0.0,0.0,0.0,0.0,0.0,0.0,0.0,0.0,0.0,0.0,0.0,0.0,0.0,0.0,0,-107875648.0,63,0.0,126,2.7184242562605685e+23,-0.0,ERR,ERR,ERR,ERR,ERR,ERR,ERR,ERR,ERR,ERR,ERR,ERR,ERR,ERR,ERR,ERR,ERR,ERR,ERR,ERR,ERR,ERR,ERR,ERR,ERR,ERR,ERR,ERR,ERR,ERR,ERR,ERR,ERR,ERR,ERR,ERR,ERR,ERR,ERR,ERR,ERR,ERR,ERR,ERR,ERR,ERR,ERR,ERR,ERR,ERR,ERR,ERR,ERR,ERR,ERR,ERR,ERR,ERR,ERR,ERR,ERR,ERR,ERR,ERR,ERR,ERR,ERR,34.0,80.0,35,0.0,0.0,0.0,0.0,0.0,0.0,0.0,0.0,0.0,0.0,0.0,0.0,0.0,0.0,0.0,0.0,64.4,0,117,56,50,65476,0,300,0,0,8,20529,65476,0,0,57672,80.0,0.0,0.0,0.0,0.0,0.0
2026-06-17T04:09:09,ERR,ERR,ERR,ERR,ERR,ERR,ERR,ERR,ERR,ERR,ERR,ERR,ERR,ERR,ERR,ERR,ERR,ERR,ERR,ERR,ERR,ERR,ERR,ERR,ERR,ERR,ERR,ERR,ERR,ERR,ERR,ERR,ERR,ERR,ERR,ERR,ERR,ERR,ERR,ERR,ERR,ERR,ERR,ERR,ERR,ERR,ERR,ERR,ERR,ERR,ERR,ERR,ERR,ERR,ERR,ERR,ERR,ERR,ERR,ERR,ERR,ERR,ERR,ERR,ERR,ERR,ERR,ERR,ERR,ERR,ERR,ERR,ERR,ERR,ERR,ERR,ERR,ERR,ERR,ERR,ERR,ERR,ERR,ERR,ERR,ERR,ERR,ERR,ERR,ERR,ERR,ERR,ERR,ERR,ERR,ERR,ERR,ERR,ERR,ERR,ERR,ERR,ERR,ERR,ERR,ERR,ERR,ERR,ERR,ERR,ERR,ERR,ERR,ERR,ERR,ERR,ERR,ERR,ERR,ERR,ERR,ERR,ERR,ERR,ERR,0.0,0.0,2.6474777903227054e+23,0.0,0.0,1.3936040501711995e+18,7.805,0.0,0,0,4,0,7300,-0.0,0,0.0,0.0,0.0,0.0,0.0,0,0,0,0,0.0,0,0,0,0,0,0,0,0,0,0,0,0,0,0,0,0,0,0,0,0,0,0,0,0,0,0,0,0,0,0,0,0,0,32,30,30,62,65476,0,300,0,0,8,21553,0.0,-107605600.0,0.0,0.0,0.0,0.0,0.0,0.0,0.0,0.0,0.0,0.0,0.0,0.0,0.0,0.0,0.0,0.0,0.0,0.0,0.0,0.0,2.004,-0.0,-0.0,2.004,0.0,0.0,0.0,0.0,5400.0,564146638684160.0,6955.0,0.0,0.0,-107615280.0,0.0,0.0,0.0,0.0,0.0,63,-0.0,1.9056884997475533e+17,0.0,0.0,0.0,0.0,0.0,0.0,0.0,0,0,0,0.0,0.0,0.0,0.0,0.0,0.0,0.0,0.0,0.0,0.0,0.0,0.0,0.0,0.0,0.0,0.0,0,-107875648.0,63,0.0,126,2.7184242562605685e+23,-0.0,ERR,ERR,ERR,ERR,ERR,ERR,ERR,ERR,ERR,ERR,ERR,ERR,ERR,ERR,ERR,ERR,ERR,ERR,ERR,ERR,ERR,ERR,ERR,ERR,ERR,ERR,ERR,ERR,ERR,ERR,ERR,ERR,ERR,ERR,ERR,ERR,ERR,ERR,ERR,ERR,ERR,ERR,ERR,ERR,ERR,ERR,ERR,ERR,ERR,ERR,ERR,ERR,ERR,ERR,ERR,ERR,ERR,ERR,ERR,ERR,ERR,ERR,ERR,ERR,ERR,ERR,ERR,34.0,80.0,35,0.0,0.0,0.0,0.0,0.0,0.0,0.0,0.0,0.0,0.0,0.0,0.0,0.0,0.0,0.0,0.0,64.8,0,117,56,50,65476,0,300,0,0,8,20529,65476,0,0,57672,80.0,0.0,0.0,0.0,0.0,0.0
2026-06-17T04:09:10,ERR,ERR,ERR,ERR,ERR,ERR,ERR,ERR,ERR,ERR,ERR,ERR,ERR,ERR,ERR,ERR,ERR,ERR,ERR,ERR,ERR,ERR,ERR,ERR,ERR,ERR,ERR,ERR,ERR,ERR,ERR,ERR,ERR,ERR,ERR,ERR,ERR,ERR,ERR,ERR,ERR,ERR,ERR,ERR,ERR,ERR,ERR,ERR,ERR,ERR,ERR,ERR,ERR,ERR,ERR,ERR,ERR,ERR,ERR,ERR,ERR,ERR,ERR,ERR,ERR,ERR,ERR,ERR,ERR,ERR,ERR,ERR,ERR,ERR,ERR,ERR,ERR,ERR,ERR,ERR,ERR,ERR,ERR,ERR,ERR,ERR,ERR,ERR,ERR,ERR,ERR,ERR,ERR,ERR,ERR,ERR,ERR,ERR,ERR,ERR,ERR,ERR,ERR,ERR,ERR,ERR,ERR,ERR,ERR,ERR,ERR,ERR,ERR,ERR,ERR,ERR,ERR,ERR,ERR,ERR,ERR,ERR,ERR,ERR,ERR,0.0,0.0,2.6474777903227054e+23,0.0,0.0,1.3936040501711995e+18,7.805,0.0,0,0,4,0,7300,-0.0,0,0.0,0.0,0.0,0.0,0.0,0,0,0,0,0.0,0,0,0,0,0,0,0,0,0,0,0,0,0,0,0,0,0,0,0,0,0,0,0,0,0,0,0,0,0,0,0,0,0,32,30,30,62,65476,0,300,0,0,8,21553,0.0,-107605600.0,0.0,0.0,0.0,0.0,0.0,0.0,0.0,0.0,0.0,0.0,0.0,0.0,0.0,0.0,0.0,0.0,0.0,0.0,0.0,0.0,2.004,2.004,-0.0,2.004,0.0,0.0,0.0,0.0,5400.0,0.0,6946.0,0.0,0.0,-107615280.0,0.0,0.0,0.0,0.0,0.0,63,-0.0,0.0,0.0,0.0,0.0,0.0,0.0,0.0,0.0,0,0,0,0.0,0.0,0.0,0.0,0.0,0.0,0.0,0.0,0.0,0.0,0.0,0.0,0.0,0.0,0.0,0.0,0,-107875648.0,63,0.0,126,2.7184242562605685e+23,-0.0,ERR,ERR,ERR,ERR,ERR,ERR,ERR,ERR,ERR,ERR,ERR,ERR,ERR,ERR,ERR,ERR,ERR,ERR,ERR,ERR,ERR,ERR,ERR,ERR,ERR,ERR,ERR,ERR,ERR,ERR,ERR,ERR,ERR,ERR,ERR,ERR,ERR,ERR,ERR,ERR,ERR,ERR,ERR,ERR,ERR,ERR,ERR,ERR,ERR,ERR,ERR,ERR,ERR,ERR,ERR,ERR,ERR,ERR,ERR,ERR,ERR,ERR,ERR,ERR,ERR,ERR,ERR,34.0,80.0,35,0.0,0.0,0.0,0.0,0.0,0.0,0.0,0.0,0.0,0.0,0.0,0.0,0.0,0.0,0.0,0.0,64.4,0,117,56,50,65476,0,300,0,0,8,20529,65476,0,0,57672,80.0,0.0,0.0,0.0,0.0,0.0
2026-06-17T04:09:11,ERR,ERR,ERR,ERR,ERR,ERR,ERR,ERR,ERR,ERR,ERR,ERR,ERR,ERR,ERR,ERR,ERR,ERR,ERR,ERR,ERR,ERR,ERR,ERR,ERR,ERR,ERR,ERR,ERR,ERR,ERR,ERR,ERR,ERR,ERR,ERR,ERR,ERR,ERR,ERR,ERR,ERR,ERR,ERR,ERR,ERR,ERR,ERR,ERR,ERR,ERR,ERR,ERR,ERR,ERR,ERR,ERR,ERR,ERR,ERR,ERR,ERR,ERR,ERR,ERR,ERR,ERR,ERR,ERR,ERR,ERR,ERR,ERR,ERR,ERR,ERR,ERR,ERR,ERR,ERR,ERR,ERR,ERR,ERR,ERR,ERR,ERR,ERR,ERR,ERR,ERR,ERR,ERR,ERR,ERR,ERR,ERR,ERR,ERR,ERR,ERR,ERR,ERR,ERR,ERR,ERR,ERR,ERR,ERR,ERR,ERR,ERR,ERR,ERR,ERR,ERR,ERR,ERR,ERR,ERR,ERR,ERR,ERR,ERR,ERR,0.0,0.0,2.6474777903227054e+23,0.0,0.0,1.3936040501711995e+18,7.805,0.0,0,0,4,0,7300,-0.0,0,0.0,0.0,0.0,0.0,0.0,0,0,0,0,0.0,0,0,0,0,0,0,0,0,0,0,0,0,0,0,0,0,0,0,0,0,0,0,0,0,0,0,0,0,0,0,0,0,0,32,30,30,62,65476,0,300,0,0,8,21553,0.0,-107605600.0,0.0,0.0,0.0,0.0,0.0,0.0,0.0,0.0,0.0,0.0,0.0,0.0,0.0,0.0,0.0,0.0,0.0,0.0,0.0,0.0,2.004,2.004,-0.0,2.004,0.0,0.0,0.0,0.0,5400.0,0.0,6946.0,0.0,0.0,-107615280.0,0.0,0.0,0.0,0.0,0.0,63,-0.0,0.0,0.0,0.0,0.0,0.0,0.0,0.0,0.0,0,0,0,0.0,0.0,0.0,0.0,0.0,0.0,0.0,0.0,0.0,0.0,0.0,0.0,0.0,0.0,0.0,0.0,0,-107875648.0,63,0.0,126,2.7184242562605685e+23,-0.0,ERR,ERR,ERR,ERR,ERR,ERR,ERR,ERR,ERR,ERR,ERR,ERR,ERR,ERR,ERR,ERR,ERR,ERR,ERR,ERR,ERR,ERR,ERR,ERR,ERR,ERR,ERR,ERR,ERR,ERR,ERR,ERR,ERR,ERR,ERR,ERR,ERR,ERR,ERR,ERR,ERR,ERR,ERR,ERR,ERR,ERR,ERR,ERR,ERR,ERR,ERR,ERR,ERR,ERR,ERR,ERR,ERR,ERR,ERR,ERR,ERR,ERR,ERR,ERR,ERR,ERR,ERR,34.0,80.0,35,0.0,0.0,0.0,0.0,0.0,0.0,0.0,0.0,0.0,0.0,0.0,0.0,0.0,0.0,0.0,0.0,64.4,0,117,56,50,65476,0,300,0,0,8,20529,65476,0,0,57672,80.0,0.0,0.0,0.0,0.0,0.0
2026-06-17T04:09:12,ERR,ERR,ERR,ERR,ERR,ERR,ERR,ERR,ERR,ERR,ERR,ERR,ERR,ERR,ERR,ERR,ERR,ERR,ERR,ERR,ERR,ERR,ERR,ERR,ERR,ERR,ERR,ERR,ERR,ERR,ERR,ERR,ERR,ERR,ERR,ERR,ERR,ERR,ERR,ERR,ERR,ERR,ERR,ERR,ERR,ERR,ERR,ERR,ERR,ERR,ERR,ERR,ERR,ERR,ERR,ERR,ERR,ERR,ERR,ERR,ERR,ERR,ERR,ERR,ERR,ERR,ERR,ERR,ERR,ERR,ERR,ERR,ERR,ERR,ERR,ERR,ERR,ERR,ERR,ERR,ERR,ERR,ERR,ERR,ERR,ERR,ERR,ERR,ERR,ERR,ERR,ERR,ERR,ERR,ERR,ERR,ERR,ERR,ERR,ERR,ERR,ERR,ERR,ERR,ERR,ERR,ERR,ERR,ERR,ERR,ERR,ERR,ERR,ERR,ERR,ERR,ERR,ERR,ERR,ERR,ERR,ERR,ERR,ERR,ERR,0.0,0.0,2.6474777903227054e+23,0.0,0.0,1.3936040501711995e+18,7.805,0.0,0,0,4,0,7300,-0.0,0,0.0,0.0,0.0,0.0,0.0,0,0,0,0,0.0,0,0,0,0,0,0,0,0,0,0,0,0,0,0,0,0,0,0,0,0,0,0,0,0,0,0,0,0,0,0,0,0,0,32,30,30,62,65476,0,300,0,0,8,21553,0.0,-107605600.0,0.0,0.0,0.0,0.0,0.0,0.0,0.0,0.0,0.0,0.0,0.0,0.0,0.0,0.0,0.0,0.0,0.0,0.0,0.0,0.0,2.004,2.004,-0.0,2.004,0.0,0.0,0.0,0.0,5400.0,0.0,6946.0,0.0,0.0,-107615280.0,0.0,0.0,0.0,0.0,0.0,63,-0.0,0.0,0.0,0.0,0.0,0.0,0.0,0.0,0.0,0,0,0,0.0,0.0,0.0,0.0,0.0,0.0,0.0,0.0,0.0,0.0,0.0,0.0,0.0,0.0,0.0,0.0,0,-107875648.0,63,0.0,126,2.7184242562605685e+23,-0.0,ERR,ERR,ERR,ERR,ERR,ERR,ERR,ERR,ERR,ERR,ERR,ERR,ERR,ERR,ERR,ERR,ERR,ERR,ERR,ERR,ERR,ERR,ERR,ERR,ERR,ERR,ERR,ERR,ERR,ERR,ERR,ERR,ERR,ERR,ERR,ERR,ERR,ERR,ERR,ERR,ERR,ERR,ERR,ERR,ERR,ERR,ERR,ERR,ERR,ERR,ERR,ERR,ERR,ERR,ERR,ERR,ERR,ERR,ERR,ERR,ERR,ERR,ERR,ERR,ERR,ERR,ERR,34.0,80.0,35,0.0,0.0,0.0,0.0,0.0,0.0,0.0,0.0,0.0,0.0,0.0,0.0,0.0,0.0,0.0,0.0,64.4,0,117,56,50,65476,0,300,0,0,8,20529,65476,0,0,57672,80.0,0.0,0.0,0.0,0.0,0.0
2026-06-17T04:09:13,ERR,ERR,ERR,ERR,ERR,ERR,ERR,ERR,ERR,ERR,ERR,ERR,ERR,ERR,ERR,ERR,ERR,ERR,ERR,ERR,ERR,ERR,ERR,ERR,ERR,ERR,ERR,ERR,ERR,ERR,ERR,ERR,ERR,ERR,ERR,ERR,ERR,ERR,ERR,ERR,ERR,ERR,ERR,ERR,ERR,ERR,ERR,ERR,ERR,ERR,ERR,ERR,ERR,ERR,ERR,ERR,ERR,ERR,ERR,ERR,ERR,ERR,ERR,ERR,ERR,ERR,ERR,ERR,ERR,ERR,ERR,ERR,ERR,ERR,ERR,ERR,ERR,ERR,ERR,ERR,ERR,ERR,ERR,ERR,ERR,ERR,ERR,ERR,ERR,ERR,ERR,ERR,ERR,ERR,ERR,ERR,ERR,ERR,ERR,ERR,ERR,ERR,ERR,ERR,ERR,ERR,ERR,ERR,ERR,ERR,ERR,ERR,ERR,ERR,ERR,ERR,ERR,ERR,ERR,ERR,ERR,ERR,ERR,ERR,ERR,0.0,0.0,2.6474777903227054e+23,0.0,0.0,1.3936040501711995e+18,7.805,0.0,0,0,4,0,7300,-0.0,0,0.0,0.0,0.0,0.0,0.0,0,0,0,0,0.0,0,0,0,0,0,0,0,0,0,0,0,0,0,0,0,0,0,0,0,0,0,0,0,0,0,0,0,0,0,0,0,0,0,32,30,30,62,65476,0,300,0,0,8,21553,0.0,-107605600.0,0.0,0.0,0.0,0.0,0.0,0.0,0.0,0.0,0.0,0.0,0.0,0.0,0.0,0.0,0.0,0.0,0.0,0.0,0.0,0.0,2.004,2.004,-0.0,2.004,0.0,0.0,0.0,0.0,5400.0,0.0,6946.0,0.0,0.0,-107615280.0,0.0,0.0,0.0,0.0,0.0,63,-0.0,0.0,0.0,0.0,0.0,0.0,0.0,0.0,0.0,0,0,0,0.0,0.0,0.0,0.0,0.0,0.0,0.0,0.0,0.0,0.0,0.0,0.0,0.0,0.0,0.0,0.0,0,-107875648.0,63,0.0,126,2.7184242562605685e+23,-0.0,ERR,ERR,ERR,ERR,ERR,ERR,ERR,ERR,ERR,ERR,ERR,ERR,ERR,ERR,ERR,ERR,ERR,ERR,ERR,ERR,ERR,ERR,ERR,ERR,ERR,ERR,ERR,ERR,ERR,ERR,ERR,ERR,ERR,ERR,ERR,ERR,ERR,ERR,ERR,ERR,ERR,ERR,ERR,ERR,ERR,ERR,ERR,ERR,ERR,ERR,ERR,ERR,ERR,ERR,ERR,ERR,ERR,ERR,ERR,ERR,ERR,ERR,ERR,ERR,ERR,ERR,ERR,34.0,80.0,35,0.0,0.0,0.0,0.0,0.0,0.0,0.0,0.0,0.0,0.0,0.0,0.0,0.0,0.0,0.0,0.0,64.4,0,117,56,50,65476,0,300,0,0,8,20529,65476,0,0,57672,80.0,0.0,0.0,0.0,0.0,0.0
2026-06-17T04:09:14,ERR,ERR,ERR,ERR,ERR,ERR,ERR,ERR,ERR,ERR,ERR,ERR,ERR,ERR,ERR,ERR,ERR,ERR,ERR,ERR,ERR,ERR,ERR,ERR,ERR,ERR,ERR,ERR,ERR,ERR,ERR,ERR,ERR,ERR,ERR,ERR,ERR,ERR,ERR,ERR,ERR,ERR,ERR,ERR,ERR,ERR,ERR,ERR,ERR,ERR,ERR,ERR,ERR,ERR,ERR,ERR,ERR,ERR,ERR,ERR,ERR,ERR,ERR,ERR,ERR,ERR,ERR,ERR,ERR,ERR,ERR,ERR,ERR,ERR,ERR,ERR,ERR,ERR,ERR,ERR,ERR,ERR,ERR,ERR,ERR,ERR,ERR,ERR,ERR,ERR,ERR,ERR,ERR,ERR,ERR,ERR,ERR,ERR,ERR,ERR,ERR,ERR,ERR,ERR,ERR,ERR,ERR,ERR,ERR,ERR,ERR,ERR,ERR,ERR,ERR,ERR,ERR,ERR,ERR,ERR,ERR,ERR,ERR,ERR,ERR,0.0,0.0,2.6474777903227054e+23,0.0,0.0,1.3936040501711995e+18,7.805,0.0,0,0,4,0,7300,-0.0,0,0.0,0.0,0.0,0.0,0.0,0,0,0,0,0.0,0,0,0,0,0,0,0,0,0,0,0,0,0,0,0,0,0,0,0,0,0,0,0,0,0,0,0,0,0,0,0,0,0,32,30,30,62,65476,0,300,0,0,8,21553,0.0,-107605600.0,0.0,0.0,0.0,0.0,0.0,0.0,0.0,0.0,0.0,0.0,0.0,0.0,0.0,0.0,0.0,0.0,0.0,0.0,0.0,0.0,2.004,2.004,-0.0,2.004,0.0,0.0,0.0,0.0,5400.0,0.0,6946.0,0.0,0.0,-107615280.0,0.0,0.0,0.0,0.0,0.0,63,-0.0,0.0,0.0,0.0,0.0,0.0,0.0,0.0,0.0,0,0,0,0.0,0.0,0.0,0.0,0.0,0.0,0.0,0.0,0.0,0.0,0.0,0.0,0.0,0.0,0.0,0.0,0,-107875648.0,63,0.0,126,2.7184242562605685e+23,-0.0,ERR,ERR,ERR,ERR,ERR,ERR,ERR,ERR,ERR,ERR,ERR,ERR,ERR,ERR,ERR,ERR,ERR,ERR,ERR,ERR,ERR,ERR,ERR,ERR,ERR,ERR,ERR,ERR,ERR,ERR,ERR,ERR,ERR,ERR,ERR,ERR,ERR,ERR,ERR,ERR,ERR,ERR,ERR,ERR,ERR,ERR,ERR,ERR,ERR,ERR,ERR,ERR,ERR,ERR,ERR,ERR,ERR,ERR,ERR,ERR,ERR,ERR,ERR,ERR,ERR,ERR,ERR,34.0,80.0,35,0.0,0.0,0.0,0.0,0.0,0.0,0.0,0.0,0.0,0.0,0.0,0.0,0.0,0.0,0.0,0.0,64.4,0,117,56,50,65476,0,300,0,0,8,20529,65476,0,0,57672,80.0,0.0,0.0,0.0,0.0,0.0
2026-06-17T04:09:15,ERR,ERR,ERR,ERR,ERR,ERR,ERR,ERR,ERR,ERR,ERR,ERR,ERR,ERR,ERR,ERR,ERR,ERR,ERR,ERR,ERR,ERR,ERR,ERR,ERR,ERR,ERR,ERR,ERR,ERR,ERR,ERR,ERR,ERR,ERR,ERR,ERR,ERR,ERR,ERR,ERR,ERR,ERR,ERR,ERR,ERR,ERR,ERR,ERR,ERR,ERR,ERR,ERR,ERR,ERR,ERR,ERR,ERR,ERR,ERR,ERR,ERR,ERR,ERR,ERR,ERR,ERR,ERR,ERR,ERR,ERR,ERR,ERR,ERR,ERR,ERR,ERR,ERR,ERR,ERR,ERR,ERR,ERR,ERR,ERR,ERR,ERR,ERR,ERR,ERR,ERR,ERR,ERR,ERR,ERR,ERR,ERR,ERR,ERR,ERR,ERR,ERR,ERR,ERR,ERR,ERR,ERR,ERR,ERR,ERR,ERR,ERR,ERR,ERR,ERR,ERR,ERR,ERR,ERR,ERR,ERR,ERR,ERR,ERR,ERR,0.0,0.0,2.6474777903227054e+23,0.0,0.0,1.3936040501711995e+18,7.805,0.0,0,0,4,0,7300,-0.0,0,0.0,0.0,0.0,0.0,0.0,0,0,0,0,0.0,0,0,0,0,0,0,0,0,0,0,0,0,0,0,0,0,0,0,0,0,0,0,0,0,0,0,0,0,0,0,0,0,0,32,30,30,62,65476,0,300,0,0,8,21553,0.0,-107605600.0,0.0,0.0,0.0,0.0,0.0,0.0,0.0,0.0,0.0,0.0,0.0,0.0,0.0,0.0,0.0,0.0,0.0,0.0,0.0,0.0,2.004,-0.0,-0.0,2.004,0.0,0.0,0.0,0.0,5364.0,-564146571575296.0,6971.0,0.0,0.0,-107615280.0,0.0,0.0,0.0,0.0,0.0,63,-0.0,-152017515315200.0,0.0,0.0,0.0,0.0,0.0,0.0,0.0,0,0,0,0.0,0.0,0.0,0.0,0.0,0.0,0.0,0.0,0.0,0.0,0.0,0.0,0.0,0.0,0.0,0.0,0,-107875648.0,63,0.0,126,2.7184242562605685e+23,-0.0,ERR,ERR,ERR,ERR,ERR,ERR,ERR,ERR,ERR,ERR,ERR,ERR,ERR,ERR,ERR,ERR,ERR,ERR,ERR,ERR,ERR,ERR,ERR,ERR,ERR,ERR,ERR,ERR,ERR,ERR,ERR,ERR,ERR,ERR,ERR,ERR,ERR,ERR,ERR,ERR,ERR,ERR,ERR,ERR,ERR,ERR,ERR,ERR,ERR,ERR,ERR,ERR,ERR,ERR,ERR,ERR,ERR,ERR,ERR,ERR,ERR,ERR,ERR,ERR,ERR,ERR,ERR,34.0,80.0,35,0.0,0.0,0.0,0.0,0.0,0.0,0.0,0.0,0.0,0.0,0.0,0.0,0.0,0.0,0.0,0.0,64.4,0,117,56,50,65476,0,300,0,0,8,20529,65476,0,0,57672,80.0,0.0,0.0,0.0,0.0,0.0
2026-06-17T04:09:16,ERR,ERR,ERR,ERR,ERR,ERR,ERR,ERR,ERR,ERR,ERR,ERR,ERR,ERR,ERR,ERR,ERR,ERR,ERR,ERR,ERR,ERR,ERR,ERR,ERR,ERR,ERR,ERR,ERR,ERR,ERR,ERR,ERR,ERR,ERR,ERR,ERR,ERR,ERR,ERR,ERR,ERR,ERR,ERR,ERR,ERR,ERR,ERR,ERR,ERR,ERR,ERR,ERR,ERR,ERR,ERR,ERR,ERR,ERR,ERR,ERR,ERR,ERR,ERR,ERR,ERR,ERR,ERR,ERR,ERR,ERR,ERR,ERR,ERR,ERR,ERR,ERR,ERR,ERR,ERR,ERR,ERR,ERR,ERR,ERR,ERR,ERR,ERR,ERR,ERR,ERR,ERR,ERR,ERR,ERR,ERR,ERR,ERR,ERR,ERR,ERR,ERR,ERR,ERR,ERR,ERR,ERR,ERR,ERR,ERR,ERR,ERR,ERR,ERR,ERR,ERR,ERR,ERR,ERR,ERR,ERR,ERR,ERR,ERR,ERR,0.0,0.0,2.6474777903227054e+23,0.0,0.0,1.3936040501711995e+18,7.805,0.0,0,0,4,0,7300,-0.0,0,0.0,0.0,0.0,0.0,0.0,0,0,0,0,0.0,0,0,0,0,0,0,0,0,0,0,0,0,0,0,0,0,0,0,0,0,0,0,0,0,0,0,0,0,0,0,0,0,0,32,30,30,62,65476,0,300,0,0,8,21553,0.0,-107605600.0,0.0,0.0,0.0,0.0,0.0,0.0,0.0,0.0,0.0,0.0,0.0,0.0,0.0,0.0,0.0,0.0,0.0,0.0,0.0,0.0,2.004,-0.0,-0.0,2.004,0.0,0.0,0.0,0.0,5364.0,-564146571575296.0,6971.0,0.0,0.0,-107615280.0,0.0,0.0,0.0,0.0,0.0,63,-0.0,-152017515315200.0,0.0,0.0,0.0,0.0,0.0,0.0,0.0,0,0,0,0.0,0.0,0.0,0.0,0.0,0.0,0.0,0.0,0.0,0.0,0.0,0.0,0.0,0.0,0.0,0.0,0,-107875648.0,63,0.0,126,2.7184242562605685e+23,-0.0,ERR,ERR,ERR,ERR,ERR,ERR,ERR,ERR,ERR,ERR,ERR,ERR,ERR,ERR,ERR,ERR,ERR,ERR,ERR,ERR,ERR,ERR,ERR,ERR,ERR,ERR,ERR,ERR,ERR,ERR,ERR,ERR,ERR,ERR,ERR,ERR,ERR,ERR,ERR,ERR,ERR,ERR,ERR,ERR,ERR,ERR,ERR,ERR,ERR,ERR,ERR,ERR,ERR,ERR,ERR,ERR,ERR,ERR,ERR,ERR,ERR,ERR,ERR,ERR,ERR,ERR,ERR,34.0,80.0,35,0.0,0.0,0.0,0.0,0.0,0.0,0.0,0.0,0.0,0.0,0.0,0.0,0.0,0.0,0.0,0.0,64.4,0,117,56,50,65476,0,300,0,0,8,20529,65476,0,0,57672,80.0,0.0,0.0,0.0,0.0,0.0
2026-06-17T04:09:17,ERR,ERR,ERR,ERR,ERR,ERR,ERR,ERR,ERR,ERR,ERR,ERR,ERR,ERR,ERR,ERR,ERR,ERR,ERR,ERR,ERR,ERR,ERR,ERR,ERR,ERR,ERR,ERR,ERR,ERR,ERR,ERR,ERR,ERR,ERR,ERR,ERR,ERR,ERR,ERR,ERR,ERR,ERR,ERR,ERR,ERR,ERR,ERR,ERR,ERR,ERR,ERR,ERR,ERR,ERR,ERR,ERR,ERR,ERR,ERR,ERR,ERR,ERR,ERR,ERR,ERR,ERR,ERR,ERR,ERR,ERR,ERR,ERR,ERR,ERR,ERR,ERR,ERR,ERR,ERR,ERR,ERR,ERR,ERR,ERR,ERR,ERR,ERR,ERR,ERR,ERR,ERR,ERR,ERR,ERR,ERR,ERR,ERR,ERR,ERR,ERR,ERR,ERR,ERR,ERR,ERR,ERR,ERR,ERR,ERR,ERR,ERR,ERR,ERR,ERR,ERR,ERR,ERR,ERR,ERR,ERR,ERR,ERR,ERR,ERR,0.0,0.0,2.6474777903227054e+23,0.0,0.0,1.3936040501711995e+18,7.805,0.0,0,0,4,0,7300,-0.0,0,0.0,0.0,0.0,0.0,0.0,0,0,0,0,0.0,0,0,0,0,0,0,0,0,0,0,0,0,0,0,0,0,0,0,0,0,0,0,0,0,0,0,0,0,0,0,0,0,0,32,30,30,62,65476,0,300,0,0,8,21553,0.0,-107605600.0,0.0,0.0,0.0,0.0,0.0,0.0,0.0,0.0,0.0,0.0,0.0,0.0,0.0,0.0,0.0,0.0,0.0,0.0,0.0,0.0,2.004,-0.0,-0.0,2.004,0.0,0.0,0.0,0.0,5364.0,-564146571575296.0,6971.0,0.0,0.0,-107615280.0,0.0,0.0,0.0,0.0,0.0,63,-0.0,-152017515315200.0,0.0,0.0,0.0,0.0,0.0,0.0,0.0,0,0,0,0.0,0.0,0.0,0.0,0.0,0.0,0.0,0.0,0.0,0.0,0.0,0.0,0.0,0.0,0.0,0.0,0,-107875648.0,63,0.0,126,2.7184242562605685e+23,-0.0,ERR,ERR,ERR,ERR,ERR,ERR,ERR,ERR,ERR,ERR,ERR,ERR,ERR,ERR,ERR,ERR,ERR,ERR,ERR,ERR,ERR,ERR,ERR,ERR,ERR,ERR,ERR,ERR,ERR,ERR,ERR,ERR,ERR,ERR,ERR,ERR,ERR,ERR,ERR,ERR,ERR,ERR,ERR,ERR,ERR,ERR,ERR,ERR,ERR,ERR,ERR,ERR,ERR,ERR,ERR,ERR,ERR,ERR,ERR,ERR,ERR,ERR,ERR,ERR,ERR,ERR,ERR,34.0,80.0,35,0.0,0.0,0.0,0.0,0.0,0.0,0.0,0.0,0.0,0.0,0.0,0.0,0.0,0.0,0.0,0.0,64.4,0,117,56,50,65476,0,300,0,0,8,20529,65476,0,0,57672,80.0,0.0,0.0,0.0,0.0,0.0
2026-06-17T04:09:18,ERR,ERR,ERR,ERR,ERR,ERR,ERR,ERR,ERR,ERR,ERR,ERR,ERR,ERR,ERR,ERR,ERR,ERR,ERR,ERR,ERR,ERR,ERR,ERR,ERR,ERR,ERR,ERR,ERR,ERR,ERR,ERR,ERR,ERR,ERR,ERR,ERR,ERR,ERR,ERR,ERR,ERR,ERR,ERR,ERR,ERR,ERR,ERR,ERR,ERR,ERR,ERR,ERR,ERR,ERR,ERR,ERR,ERR,ERR,ERR,ERR,ERR,ERR,ERR,ERR,ERR,ERR,ERR,ERR,ERR,ERR,ERR,ERR,ERR,ERR,ERR,ERR,ERR,ERR,ERR,ERR,ERR,ERR,ERR,ERR,ERR,ERR,ERR,ERR,ERR,ERR,ERR,ERR,ERR,ERR,ERR,ERR,ERR,ERR,ERR,ERR,ERR,ERR,ERR,ERR,ERR,ERR,ERR,ERR,ERR,ERR,ERR,ERR,ERR,ERR,ERR,ERR,ERR,ERR,ERR,ERR,ERR,ERR,ERR,ERR,0.0,0.0,2.6474777903227054e+23,0.0,0.0,1.3936040501711995e+18,7.805,0.0,0,0,4,0,7300,-0.0,0,0.0,0.0,0.0,0.0,0.0,0,0,0,0,0.0,0,0,0,0,0,0,0,0,0,0,0,0,0,0,0,0,0,0,0,0,0,0,0,0,0,0,0,0,0,0,0,0,0,32,30,30,62,65476,0,300,0,0,8,21553,0.0,-107605600.0,0.0,0.0,0.0,0.0,0.0,0.0,0.0,0.0,0.0,0.0,0.0,0.0,0.0,0.0,0.0,0.0,0.0,0.0,0.0,0.0,2.004,-0.0,-0.0,2.004,0.0,0.0,0.0,0.0,5364.0,-564146571575296.0,6971.0,0.0,0.0,-107615280.0,0.0,0.0,0.0,0.0,0.0,63,-0.0,-152017515315200.0,0.0,0.0,0.0,0.0,0.0,0.0,0.0,0,0,0,0.0,0.0,0.0,0.0,0.0,0.0,0.0,0.0,0.0,0.0,0.0,0.0,0.0,0.0,0.0,0.0,0,-107875648.0,63,0.0,126,2.7184242562605685e+23,-0.0,ERR,ERR,ERR,ERR,ERR,ERR,ERR,ERR,ERR,ERR,ERR,ERR,ERR,ERR,ERR,ERR,ERR,ERR,ERR,ERR,ERR,ERR,ERR,ERR,ERR,ERR,ERR,ERR,ERR,ERR,ERR,ERR,ERR,ERR,ERR,ERR,ERR,ERR,ERR,ERR,ERR,ERR,ERR,ERR,ERR,ERR,ERR,ERR,ERR,ERR,ERR,ERR,ERR,ERR,ERR,ERR,ERR,ERR,ERR,ERR,ERR,ERR,ERR,ERR,ERR,ERR,ERR,34.0,80.0,35,0.0,0.0,0.0,0.0,0.0,0.0,0.0,0.0,0.0,0.0,0.0,0.0,0.0,0.0,0.0,0.0,64.4,0,117,56,50,65476,0,300,0,0,8,20529,65476,0,0,57672,80.0,0.0,0.0,0.0,0.0,0.0
2026-06-17T04:09:19,ERR,ERR,ERR,ERR,ERR,ERR,ERR,ERR,ERR,ERR,ERR,ERR,ERR,ERR,ERR,ERR,ERR,ERR,ERR,ERR,ERR,ERR,ERR,ERR,ERR,ERR,ERR,ERR,ERR,ERR,ERR,ERR,ERR,ERR,ERR,ERR,ERR,ERR,ERR,ERR,ERR,ERR,ERR,ERR,ERR,ERR,ERR,ERR,ERR,ERR,ERR,ERR,ERR,ERR,ERR,ERR,ERR,ERR,ERR,ERR,ERR,ERR,ERR,ERR,ERR,ERR,ERR,ERR,ERR,ERR,ERR,ERR,ERR,ERR,ERR,ERR,ERR,ERR,ERR,ERR,ERR,ERR,ERR,ERR,ERR,ERR,ERR,ERR,ERR,ERR,ERR,ERR,ERR,ERR,ERR,ERR,ERR,ERR,ERR,ERR,ERR,ERR,ERR,ERR,ERR,ERR,ERR,ERR,ERR,ERR,ERR,ERR,ERR,ERR,ERR,ERR,ERR,ERR,ERR,ERR,ERR,ERR,ERR,ERR,ERR,0.0,0.0,2.6474777903227054e+23,0.0,0.0,1.3936040501711995e+18,7.805,0.0,0,0,4,0,7300,-0.0,0,0.0,0.0,0.0,0.0,0.0,0,0,0,0,0.0,0,0,0,0,0,0,0,0,0,0,0,0,0,0,0,0,0,0,0,0,0,0,0,0,0,0,0,0,0,0,0,0,0,32,30,30,62,65476,0,300,0,0,8,21553,0.0,-107605600.0,0.0,0.0,0.0,0.0,0.0,0.0,0.0,0.0,0.0,0.0,0.0,0.0,0.0,0.0,0.0,0.0,0.0,0.0,0.0,0.0,2.004,-0.0,-0.0,2.004,0.0,0.0,0.0,0.0,5364.0,-564146571575296.0,6971.0,0.0,0.0,-107615280.0,0.0,0.0,0.0,0.0,0.0,63,-0.0,-152017515315200.0,0.0,0.0,0.0,0.0,0.0,0.0,0.0,0,0,0,0.0,0.0,0.0,0.0,0.0,0.0,0.0,0.0,0.0,0.0,0.0,0.0,0.0,0.0,0.0,0.0,0,-107875648.0,63,0.0,126,2.7184242562605685e+23,-0.0,ERR,ERR,ERR,ERR,ERR,ERR,ERR,ERR,ERR,ERR,ERR,ERR,ERR,ERR,ERR,ERR,ERR,ERR,ERR,ERR,ERR,ERR,ERR,ERR,ERR,ERR,ERR,ERR,ERR,ERR,ERR,ERR,ERR,ERR,ERR,ERR,ERR,ERR,ERR,ERR,ERR,ERR,ERR,ERR,ERR,ERR,ERR,ERR,ERR,ERR,ERR,ERR,ERR,ERR,ERR,ERR,ERR,ERR,ERR,ERR,ERR,ERR,ERR,ERR,ERR,ERR,ERR,34.0,80.0,35,0.0,0.0,0.0,0.0,0.0,0.0,0.0,0.0,0.0,0.0,0.0,0.0,0.0,0.0,0.0,0.0,64.8,0,117,56,50,65476,0,300,0,0,8,20529,65476,0,0,57672,80.0,0.0,0.0,0.0,0.0,0.0
2026-06-17T04:09:20,ERR,ERR,ERR,ERR,ERR,ERR,ERR,ERR,ERR,ERR,ERR,ERR,ERR,ERR,ERR,ERR,ERR,ERR,ERR,ERR,ERR,ERR,ERR,ERR,ERR,ERR,ERR,ERR,ERR,ERR,ERR,ERR,ERR,ERR,ERR,ERR,ERR,ERR,ERR,ERR,ERR,ERR,ERR,ERR,ERR,ERR,ERR,ERR,ERR,ERR,ERR,ERR,ERR,ERR,ERR,ERR,ERR,ERR,ERR,ERR,ERR,ERR,ERR,ERR,ERR,ERR,ERR,ERR,ERR,ERR,ERR,ERR,ERR,ERR,ERR,ERR,ERR,ERR,ERR,ERR,ERR,ERR,ERR,ERR,ERR,ERR,ERR,ERR,ERR,ERR,ERR,ERR,ERR,ERR,ERR,ERR,ERR,ERR,ERR,ERR,ERR,ERR,ERR,ERR,ERR,ERR,ERR,ERR,ERR,ERR,ERR,ERR,ERR,ERR,ERR,ERR,ERR,ERR,ERR,ERR,ERR,ERR,ERR,ERR,ERR,0.0,0.0,2.6474777903227054e+23,0.0,0.0,1.3936040501711995e+18,7.805,0.0,0,0,4,0,7300,-0.0,0,0.0,0.0,0.0,0.0,0.0,0,0,0,0,0.0,0,0,0,0,0,0,0,0,0,0,0,0,0,0,0,0,0,0,0,0,0,0,0,0,0,0,0,0,0,0,0,0,0,32,30,30,62,65476,0,300,0,0,8,21553,0.0,-107605600.0,0.0,0.0,0.0,0.0,0.0,0.0,0.0,0.0,0.0,0.0,0.0,0.0,0.0,0.0,0.0,0.0,0.0,0.0,0.0,0.0,2.004,-0.0,-0.0,2.004,0.0,0.0,0.0,0.0,5361.0,-564146571575296.0,6971.0,0.0,0.0,-107615280.0,0.0,0.0,0.0,0.0,0.0,63,-0.0,-152017515315200.0,0.0,0.0,0.0,0.0,0.0,0.0,0.0,0,0,0,0.0,0.0,0.0,0.0,0.0,0.0,0.0,0.0,0.0,0.0,0.0,0.0,0.0,0.0,0.0,0.0,0,-107875648.0,63,0.0,126,2.7184242562605685e+23,-0.0,ERR,ERR,ERR,ERR,ERR,ERR,ERR,ERR,ERR,ERR,ERR,ERR,ERR,ERR,ERR,ERR,ERR,ERR,ERR,ERR,ERR,ERR,ERR,ERR,ERR,ERR,ERR,ERR,ERR,ERR,ERR,ERR,ERR,ERR,ERR,ERR,ERR,ERR,ERR,ERR,ERR,ERR,ERR,ERR,ERR,ERR,ERR,ERR,ERR,ERR,ERR,ERR,ERR,ERR,ERR,ERR,ERR,ERR,ERR,ERR,ERR,ERR,ERR,ERR,ERR,ERR,ERR,34.0,80.0,35,0.0,0.0,0.0,0.0,0.0,0.0,0.0,0.0,0.0,0.0,0.0,0.0,0.0,0.0,0.0,0.0,64.8,0,117,56,50,65476,0,300,0,0,8,20529,65476,0,0,57672,80.0,0.0,0.0,0.0,0.0,0.0
2026-06-17T04:09:21,ERR,ERR,ERR,ERR,ERR,ERR,ERR,ERR,ERR,ERR,ERR,ERR,ERR,ERR,ERR,ERR,ERR,ERR,ERR,ERR,ERR,ERR,ERR,ERR,ERR,ERR,ERR,ERR,ERR,ERR,ERR,ERR,ERR,ERR,ERR,ERR,ERR,ERR,ERR,ERR,ERR,ERR,ERR,ERR,ERR,ERR,ERR,ERR,ERR,ERR,ERR,ERR,ERR,ERR,ERR,ERR,ERR,ERR,ERR,ERR,ERR,ERR,ERR,ERR,ERR,ERR,ERR,ERR,ERR,ERR,ERR,ERR,ERR,ERR,ERR,ERR,ERR,ERR,ERR,ERR,ERR,ERR,ERR,ERR,ERR,ERR,ERR,ERR,ERR,ERR,ERR,ERR,ERR,ERR,ERR,ERR,ERR,ERR,ERR,ERR,ERR,ERR,ERR,ERR,ERR,ERR,ERR,ERR,ERR,ERR,ERR,ERR,ERR,ERR,ERR,ERR,ERR,ERR,ERR,ERR,ERR,ERR,ERR,ERR,ERR,0.0,0.0,2.6474777903227054e+23,0.0,0.0,1.3936040501711995e+18,7.805,0.0,0,0,4,0,7300,-0.0,0,0.0,0.0,0.0,0.0,0.0,0,0,0,0,0.0,0,0,0,0,0,0,0,0,0,0,0,0,0,0,0,0,0,0,0,0,0,0,0,0,0,0,0,0,0,0,0,0,0,32,30,30,62,65476,0,300,0,0,8,21553,0.0,-107605600.0,0.0,0.0,0.0,0.0,0.0,0.0,0.0,0.0,0.0,0.0,0.0,0.0,0.0,0.0,0.0,0.0,0.0,0.0,0.0,0.0,2.004,-0.0,-0.0,2.004,0.0,0.0,0.0,0.0,5361.0,-564146571575296.0,6971.0,0.0,0.0,-107615280.0,0.0,0.0,0.0,0.0,0.0,63,-0.0,-152017515315200.0,0.0,0.0,0.0,0.0,0.0,0.0,0.0,0,0,0,0.0,0.0,0.0,0.0,0.0,0.0,0.0,0.0,0.0,0.0,0.0,0.0,0.0,0.0,0.0,0.0,0,-107875648.0,63,0.0,126,2.7184242562605685e+23,-0.0,ERR,ERR,ERR,ERR,ERR,ERR,ERR,ERR,ERR,ERR,ERR,ERR,ERR,ERR,ERR,ERR,ERR,ERR,ERR,ERR,ERR,ERR,ERR,ERR,ERR,ERR,ERR,ERR,ERR,ERR,ERR,ERR,ERR,ERR,ERR,ERR,ERR,ERR,ERR,ERR,ERR,ERR,ERR,ERR,ERR,ERR,ERR,ERR,ERR,ERR,ERR,ERR,ERR,ERR,ERR,ERR,ERR,ERR,ERR,ERR,ERR,ERR,ERR,ERR,ERR,ERR,ERR,34.0,80.0,35,0.0,0.0,0.0,0.0,0.0,0.0,0.0,0.0,0.0,0.0,0.0,0.0,0.0,0.0,0.0,0.0,64.4,0,117,56,50,65476,0,300,0,0,8,20529,65476,0,0,57672,80.0,0.0,0.0,0.0,0.0,0.0
2026-06-17T04:09:22,ERR,ERR,ERR,ERR,ERR,ERR,ERR,ERR,ERR,ERR,ERR,ERR,ERR,ERR,ERR,ERR,ERR,ERR,ERR,ERR,ERR,ERR,ERR,ERR,ERR,ERR,ERR,ERR,ERR,ERR,ERR,ERR,ERR,ERR,ERR,ERR,ERR,ERR,ERR,ERR,ERR,ERR,ERR,ERR,ERR,ERR,ERR,ERR,ERR,ERR,ERR,ERR,ERR,ERR,ERR,ERR,ERR,ERR,ERR,ERR,ERR,ERR,ERR,ERR,ERR,ERR,ERR,ERR,ERR,ERR,ERR,ERR,ERR,ERR,ERR,ERR,ERR,ERR,ERR,ERR,ERR,ERR,ERR,ERR,ERR,ERR,ERR,ERR,ERR,ERR,ERR,ERR,ERR,ERR,ERR,ERR,ERR,ERR,ERR,ERR,ERR,ERR,ERR,ERR,ERR,ERR,ERR,ERR,ERR,ERR,ERR,ERR,ERR,ERR,ERR,ERR,ERR,ERR,ERR,ERR,ERR,ERR,ERR,ERR,ERR,0.0,0.0,2.6474777903227054e+23,0.0,0.0,1.3936040501711995e+18,7.805,0.0,0,0,4,0,7300,-0.0,0,0.0,0.0,0.0,0.0,0.0,0,0,0,0,0.0,0,0,0,0,0,0,0,0,0,0,0,0,0,0,0,0,0,0,0,0,0,0,0,0,0,0,0,0,0,0,0,0,0,32,30,30,62,65476,0,300,0,0,8,21553,0.0,-107605600.0,0.0,0.0,0.0,0.0,0.0,0.0,0.0,0.0,0.0,0.0,0.0,0.0,0.0,0.0,0.0,0.0,0.0,0.0,0.0,0.0,2.004,-0.0,-0.0,2.004,0.0,0.0,0.0,0.0,5361.0,-564146571575296.0,6971.0,0.0,0.0,-107615280.0,0.0,0.0,0.0,0.0,0.0,63,-0.0,-152017515315200.0,0.0,0.0,0.0,0.0,0.0,0.0,0.0,0,0,0,0.0,0.0,0.0,0.0,0.0,0.0,0.0,0.0,0.0,0.0,0.0,0.0,0.0,0.0,0.0,0.0,0,-107875648.0,63,0.0,126,2.7184242562605685e+23,-0.0,ERR,ERR,ERR,ERR,ERR,ERR,ERR,ERR,ERR,ERR,ERR,ERR,ERR,ERR,ERR,ERR,ERR,ERR,ERR,ERR,ERR,ERR,ERR,ERR,ERR,ERR,ERR,ERR,ERR,ERR,ERR,ERR,ERR,ERR,ERR,ERR,ERR,ERR,ERR,ERR,ERR,ERR,ERR,ERR,ERR,ERR,ERR,ERR,ERR,ERR,ERR,ERR,ERR,ERR,ERR,ERR,ERR,ERR,ERR,ERR,ERR,ERR,ERR,ERR,ERR,ERR,ERR,34.0,80.0,35,0.0,0.0,0.0,0.0,0.0,0.0,0.0,0.0,0.0,0.0,0.0,0.0,0.0,0.0,0.0,0.0,64.4,0,117,56,50,65476,0,300,0,0,8,20529,65476,0,0,57672,80.0,0.0,0.0,0.0,0.0,0.0
2026-06-17T04:09:23,ERR,ERR,ERR,ERR,ERR,ERR,ERR,ERR,ERR,ERR,ERR,ERR,ERR,ERR,ERR,ERR,ERR,ERR,ERR,ERR,ERR,ERR,ERR,ERR,ERR,ERR,ERR,ERR,ERR,ERR,ERR,ERR,ERR,ERR,ERR,ERR,ERR,ERR,ERR,ERR,ERR,ERR,ERR,ERR,ERR,ERR,ERR,ERR,ERR,ERR,ERR,ERR,ERR,ERR,ERR,ERR,ERR,ERR,ERR,ERR,ERR,ERR,ERR,ERR,ERR,ERR,ERR,ERR,ERR,ERR,ERR,ERR,ERR,ERR,ERR,ERR,ERR,ERR,ERR,ERR,ERR,ERR,ERR,ERR,ERR,ERR,ERR,ERR,ERR,ERR,ERR,ERR,ERR,ERR,ERR,ERR,ERR,ERR,ERR,ERR,ERR,ERR,ERR,ERR,ERR,ERR,ERR,ERR,ERR,ERR,ERR,ERR,ERR,ERR,ERR,ERR,ERR,ERR,ERR,ERR,ERR,ERR,ERR,ERR,ERR,0.0,0.0,2.6474777903227054e+23,0.0,0.0,1.3936040501711995e+18,7.805,0.0,0,0,4,0,7300,-0.0,0,0.0,0.0,0.0,0.0,0.0,0,0,0,0,0.0,0,0,0,0,0,0,0,0,0,0,0,0,0,0,0,0,0,0,0,0,0,0,0,0,0,0,0,0,0,0,0,0,0,32,30,30,62,65476,0,300,0,0,8,21553,0.0,-107605600.0,0.0,0.0,0.0,0.0,0.0,0.0,0.0,0.0,0.0,0.0,0.0,0.0,0.0,0.0,0.0,0.0,0.0,0.0,0.0,0.0,2.004,-0.0,-0.0,2.004,0.0,0.0,0.0,0.0,5361.0,-564146571575296.0,6971.0,0.0,0.0,-107615280.0,0.0,0.0,0.0,0.0,0.0,63,-0.0,-152017515315200.0,0.0,0.0,0.0,0.0,0.0,0.0,0.0,0,0,0,0.0,0.0,0.0,0.0,0.0,0.0,0.0,0.0,0.0,0.0,0.0,0.0,0.0,0.0,0.0,0.0,0,-107875648.0,63,0.0,126,2.7184242562605685e+23,-0.0,ERR,ERR,ERR,ERR,ERR,ERR,ERR,ERR,ERR,ERR,ERR,ERR,ERR,ERR,ERR,ERR,ERR,ERR,ERR,ERR,ERR,ERR,ERR,ERR,ERR,ERR,ERR,ERR,ERR,ERR,ERR,ERR,ERR,ERR,ERR,ERR,ERR,ERR,ERR,ERR,ERR,ERR,ERR,ERR,ERR,ERR,ERR,ERR,ERR,ERR,ERR,ERR,ERR,ERR,ERR,ERR,ERR,ERR,ERR,ERR,ERR,ERR,ERR,ERR,ERR,ERR,ERR,34.0,80.0,35,0.0,0.0,0.0,0.0,0.0,0.0,0.0,0.0,0.0,0.0,0.0,0.0,0.0,0.0,0.0,0.0,64.4,0,117,56,50,65476,0,300,0,0,8,20529,65476,0,0,57672,80.0,0.0,0.0,0.0,0.0,0.0
2026-06-17T04:09:24,ERR,ERR,ERR,ERR,ERR,ERR,ERR,ERR,ERR,ERR,ERR,ERR,ERR,ERR,ERR,ERR,ERR,ERR,ERR,ERR,ERR,ERR,ERR,ERR,ERR,ERR,ERR,ERR,ERR,ERR,ERR,ERR,ERR,ERR,ERR,ERR,ERR,ERR,ERR,ERR,ERR,ERR,ERR,ERR,ERR,ERR,ERR,ERR,ERR,ERR,ERR,ERR,ERR,ERR,ERR,ERR,ERR,ERR,ERR,ERR,ERR,ERR,ERR,ERR,ERR,ERR,ERR,ERR,ERR,ERR,ERR,ERR,ERR,ERR,ERR,ERR,ERR,ERR,ERR,ERR,ERR,ERR,ERR,ERR,ERR,ERR,ERR,ERR,ERR,ERR,ERR,ERR,ERR,ERR,ERR,ERR,ERR,ERR,ERR,ERR,ERR,ERR,ERR,ERR,ERR,ERR,ERR,ERR,ERR,ERR,ERR,ERR,ERR,ERR,ERR,ERR,ERR,ERR,ERR,ERR,ERR,ERR,ERR,ERR,ERR,0.0,0.0,2.6474777903227054e+23,0.0,0.0,1.3936040501711995e+18,7.805,0.0,0,0,4,0,7300,-0.0,0,0.0,0.0,0.0,0.0,0.0,0,0,0,0,0.0,0,0,0,0,0,0,0,0,0,0,0,0,0,0,0,0,0,0,0,0,0,0,0,0,0,0,0,0,0,0,0,0,0,32,30,30,62,65476,0,300,0,0,8,21553,0.0,-107605600.0,0.0,0.0,0.0,0.0,0.0,0.0,0.0,0.0,0.0,0.0,0.0,0.0,0.0,0.0,0.0,0.0,0.0,0.0,0.0,0.0,2.004,-0.0,-0.0,2.004,0.0,0.0,0.0,0.0,5361.0,-564146571575296.0,6971.0,0.0,0.0,-107615280.0,0.0,0.0,0.0,0.0,0.0,63,-0.0,-152017515315200.0,0.0,0.0,0.0,0.0,0.0,0.0,0.0,0,0,0,0.0,0.0,0.0,0.0,0.0,0.0,0.0,0.0,0.0,0.0,0.0,0.0,0.0,0.0,0.0,0.0,0,-107875648.0,63,0.0,126,2.7184242562605685e+23,-0.0,ERR,ERR,ERR,ERR,ERR,ERR,ERR,ERR,ERR,ERR,ERR,ERR,ERR,ERR,ERR,ERR,ERR,ERR,ERR,ERR,ERR,ERR,ERR,ERR,ERR,ERR,ERR,ERR,ERR,ERR,ERR,ERR,ERR,ERR,ERR,ERR,ERR,ERR,ERR,ERR,ERR,ERR,ERR,ERR,ERR,ERR,ERR,ERR,ERR,ERR,ERR,ERR,ERR,ERR,ERR,ERR,ERR,ERR,ERR,ERR,ERR,ERR,ERR,ERR,ERR,ERR,ERR,34.0,80.0,35,0.0,0.0,0.0,0.0,0.0,0.0,0.0,0.0,0.0,0.0,0.0,0.0,0.0,0.0,0.0,0.0,64.4,0,117,56,50,65476,0,300,0,0,8,20529,65476,0,0,57672,80.0,0.0,0.0,0.0,0.0,0.0
2026-06-17T04:09:25,ERR,ERR,ERR,ERR,ERR,ERR,ERR,ERR,ERR,ERR,ERR,ERR,ERR,ERR,ERR,ERR,ERR,ERR,ERR,ERR,ERR,ERR,ERR,ERR,ERR,ERR,ERR,ERR,ERR,ERR,ERR,ERR,ERR,ERR,ERR,ERR,ERR,ERR,ERR,ERR,ERR,ERR,ERR,ERR,ERR,ERR,ERR,ERR,ERR,ERR,ERR,ERR,ERR,ERR,ERR,ERR,ERR,ERR,ERR,ERR,ERR,ERR,ERR,ERR,ERR,ERR,ERR,ERR,ERR,ERR,ERR,ERR,ERR,ERR,ERR,ERR,ERR,ERR,ERR,ERR,ERR,ERR,ERR,ERR,ERR,ERR,ERR,ERR,ERR,ERR,ERR,ERR,ERR,ERR,ERR,ERR,ERR,ERR,ERR,ERR,ERR,ERR,ERR,ERR,ERR,ERR,ERR,ERR,ERR,ERR,ERR,ERR,ERR,ERR,ERR,ERR,ERR,ERR,ERR,ERR,ERR,ERR,ERR,ERR,ERR,0.0,0.0,2.6474777903227054e+23,0.0,0.0,1.3936040501711995e+18,7.805,0.0,0,0,4,0,7300,-0.0,0,0.0,0.0,0.0,0.0,0.0,0,0,0,0,0.0,0,0,0,0,0,0,0,0,0,0,0,0,0,0,0,0,0,0,0,0,0,0,0,0,0,0,0,0,0,0,0,0,0,32,30,30,62,65476,0,300,0,0,8,21553,0.0,-107605600.0,0.0,0.0,0.0,0.0,0.0,0.0,0.0,0.0,0.0,0.0,0.0,0.0,0.0,0.0,0.0,0.0,0.0,0.0,0.0,0.0,2.004,-0.0,-0.0,2.004,0.0,0.0,0.0,0.0,5361.0,-564146571575296.0,6971.0,0.0,0.0,-107615280.0,0.0,0.0,0.0,0.0,0.0,63,-0.0,-152017515315200.0,0.0,0.0,0.0,0.0,0.0,0.0,0.0,0,0,0,0.0,0.0,0.0,0.0,0.0,0.0,0.0,0.0,0.0,0.0,0.0,0.0,0.0,0.0,0.0,0.0,0,-107875648.0,63,0.0,126,2.7184242562605685e+23,-0.0,ERR,ERR,ERR,ERR,ERR,ERR,ERR,ERR,ERR,ERR,ERR,ERR,ERR,ERR,ERR,ERR,ERR,ERR,ERR,ERR,ERR,ERR,ERR,ERR,ERR,ERR,ERR,ERR,ERR,ERR,ERR,ERR,ERR,ERR,ERR,ERR,ERR,ERR,ERR,ERR,ERR,ERR,ERR,ERR,ERR,ERR,ERR,ERR,ERR,ERR,ERR,ERR,ERR,ERR,ERR,ERR,ERR,ERR,ERR,ERR,ERR,ERR,ERR,ERR,ERR,ERR,ERR,34.0,80.0,35,0.0,0.0,0.0,0.0,0.0,0.0,0.0,0.0,0.0,0.0,0.0,0.0,0.0,0.0,0.0,0.0,64.4,0,117,56,50,65476,0,300,0,0,8,20529,65476,0,0,57672,80.0,0.0,0.0,0.0,0.0,0.0
2026-06-17T04:09:26,ERR,ERR,ERR,ERR,ERR,ERR,ERR,ERR,ERR,ERR,ERR,ERR,ERR,ERR,ERR,ERR,ERR,ERR,ERR,ERR,ERR,ERR,ERR,ERR,ERR,ERR,ERR,ERR,ERR,ERR,ERR,ERR,ERR,ERR,ERR,ERR,ERR,ERR,ERR,ERR,ERR,ERR,ERR,ERR,ERR,ERR,ERR,ERR,ERR,ERR,ERR,ERR,ERR,ERR,ERR,ERR,ERR,ERR,ERR,ERR,ERR,ERR,ERR,ERR,ERR,ERR,ERR,ERR,ERR,ERR,ERR,ERR,ERR,ERR,ERR,ERR,ERR,ERR,ERR,ERR,ERR,ERR,ERR,ERR,ERR,ERR,ERR,ERR,ERR,ERR,ERR,ERR,ERR,ERR,ERR,ERR,ERR,ERR,ERR,ERR,ERR,ERR,ERR,ERR,ERR,ERR,ERR,ERR,ERR,ERR,ERR,ERR,ERR,ERR,ERR,ERR,ERR,ERR,ERR,ERR,ERR,ERR,ERR,ERR,ERR,0.0,0.0,2.6474777903227054e+23,0.0,0.0,1.3936040501711995e+18,7.805,0.0,0,0,4,0,7300,-0.0,0,0.0,0.0,0.0,0.0,0.0,0,0,0,0,0.0,0,0,0,0,0,0,0,0,0,0,0,0,0,0,0,0,0,0,0,0,0,0,0,0,0,0,0,0,0,0,0,0,0,32,30,30,62,65476,0,300,0,0,8,21553,0.0,-107605600.0,0.0,0.0,0.0,0.0,0.0,0.0,0.0,0.0,0.0,0.0,0.0,0.0,0.0,0.0,0.0,0.0,0.0,0.0,0.0,0.0,2.004,-0.0,-0.0,2.004,0.0,0.0,0.0,0.0,5399.0,0.0,6974.0,0.0,0.0,-107615280.0,0.0,0.0,0.0,0.0,0.0,63,-0.0,-4.950406933936077e+32,0.0,0.0,0.0,0.0,0.0,0.0,0.0,0,0,0,0.0,0.0,0.0,0.0,0.0,0.0,0.0,0.0,0.0,0.0,0.0,0.0,0.0,0.0,0.0,0.0,0,-107875648.0,63,0.0,126,2.7184242562605685e+23,-0.0,ERR,ERR,ERR,ERR,ERR,ERR,ERR,ERR,ERR,ERR,ERR,ERR,ERR,ERR,ERR,ERR,ERR,ERR,ERR,ERR,ERR,ERR,ERR,ERR,ERR,ERR,ERR,ERR,ERR,ERR,ERR,ERR,ERR,ERR,ERR,ERR,ERR,ERR,ERR,ERR,ERR,ERR,ERR,ERR,ERR,ERR,ERR,ERR,ERR,ERR,ERR,ERR,ERR,ERR,ERR,ERR,ERR,ERR,ERR,ERR,ERR,ERR,ERR,ERR,ERR,ERR,ERR,34.0,80.0,35,0.0,0.0,0.0,0.0,0.0,0.0,0.0,0.0,0.0,0.0,0.0,0.0,0.0,0.0,0.0,0.0,64.4,0,117,56,50,65476,0,300,0,0,8,20529,65476,0,0,57672,80.0,0.0,0.0,0.0,0.0,0.0
2026-06-17T04:09:27,ERR,ERR,ERR,ERR,ERR,ERR,ERR,ERR,ERR,ERR,ERR,ERR,ERR,ERR,ERR,ERR,ERR,ERR,ERR,ERR,ERR,ERR,ERR,ERR,ERR,ERR,ERR,ERR,ERR,ERR,ERR,ERR,ERR,ERR,ERR,ERR,ERR,ERR,ERR,ERR,ERR,ERR,ERR,ERR,ERR,ERR,ERR,ERR,ERR,ERR,ERR,ERR,ERR,ERR,ERR,ERR,ERR,ERR,ERR,ERR,ERR,ERR,ERR,ERR,ERR,ERR,ERR,ERR,ERR,ERR,ERR,ERR,ERR,ERR,ERR,ERR,ERR,ERR,ERR,ERR,ERR,ERR,ERR,ERR,ERR,ERR,ERR,ERR,ERR,ERR,ERR,ERR,ERR,ERR,ERR,ERR,ERR,ERR,ERR,ERR,ERR,ERR,ERR,ERR,ERR,ERR,ERR,ERR,ERR,ERR,ERR,ERR,ERR,ERR,ERR,ERR,ERR,ERR,ERR,ERR,ERR,ERR,ERR,ERR,ERR,0.0,0.0,2.6474777903227054e+23,0.0,0.0,1.3936040501711995e+18,7.805,0.0,0,0,4,0,7300,-0.0,0,0.0,0.0,0.0,0.0,0.0,0,0,0,0,0.0,0,0,0,0,0,0,0,0,0,0,0,0,0,0,0,0,0,0,0,0,0,0,0,0,0,0,0,0,0,0,0,0,0,32,30,30,62,65476,0,300,0,0,8,21553,0.0,-107605600.0,0.0,0.0,0.0,0.0,0.0,0.0,0.0,0.0,0.0,0.0,0.0,0.0,0.0,0.0,0.0,0.0,0.0,0.0,0.0,0.0,2.004,-0.0,-0.0,2.004,0.0,0.0,0.0,0.0,5399.0,0.0,6974.0,0.0,0.0,-107615280.0,0.0,0.0,0.0,0.0,0.0,63,-0.0,-4.950406933936077e+32,0.0,0.0,0.0,0.0,0.0,0.0,0.0,0,0,0,0.0,0.0,0.0,0.0,0.0,0.0,0.0,0.0,0.0,0.0,0.0,0.0,0.0,0.0,0.0,0.0,0,-107875648.0,63,0.0,126,2.7184242562605685e+23,-0.0,ERR,ERR,ERR,ERR,ERR,ERR,ERR,ERR,ERR,ERR,ERR,ERR,ERR,ERR,ERR,ERR,ERR,ERR,ERR,ERR,ERR,ERR,ERR,ERR,ERR,ERR,ERR,ERR,ERR,ERR,ERR,ERR,ERR,ERR,ERR,ERR,ERR,ERR,ERR,ERR,ERR,ERR,ERR,ERR,ERR,ERR,ERR,ERR,ERR,ERR,ERR,ERR,ERR,ERR,ERR,ERR,ERR,ERR,ERR,ERR,ERR,ERR,ERR,ERR,ERR,ERR,ERR,34.0,80.0,35,0.0,0.0,0.0,0.0,0.0,0.0,0.0,0.0,0.0,0.0,0.0,0.0,0.0,0.0,0.0,0.0,64.8,0,117,56,50,65476,0,300,0,0,8,20529,65476,0,0,57672,80.0,0.0,0.0,0.0,0.0,0.0
2026-06-17T04:09:28,ERR,ERR,ERR,ERR,ERR,ERR,ERR,ERR,ERR,ERR,ERR,ERR,ERR,ERR,ERR,ERR,ERR,ERR,ERR,ERR,ERR,ERR,ERR,ERR,ERR,ERR,ERR,ERR,ERR,ERR,ERR,ERR,ERR,ERR,ERR,ERR,ERR,ERR,ERR,ERR,ERR,ERR,ERR,ERR,ERR,ERR,ERR,ERR,ERR,ERR,ERR,ERR,ERR,ERR,ERR,ERR,ERR,ERR,ERR,ERR,ERR,ERR,ERR,ERR,ERR,ERR,ERR,ERR,ERR,ERR,ERR,ERR,ERR,ERR,ERR,ERR,ERR,ERR,ERR,ERR,ERR,ERR,ERR,ERR,ERR,ERR,ERR,ERR,ERR,ERR,ERR,ERR,ERR,ERR,ERR,ERR,ERR,ERR,ERR,ERR,ERR,ERR,ERR,ERR,ERR,ERR,ERR,ERR,ERR,ERR,ERR,ERR,ERR,ERR,ERR,ERR,ERR,ERR,ERR,ERR,ERR,ERR,ERR,ERR,ERR,0.0,0.0,2.6474777903227054e+23,0.0,0.0,1.3936040501711995e+18,7.805,0.0,0,0,4,0,7300,-0.0,0,0.0,0.0,0.0,0.0,0.0,0,0,0,0,0.0,0,0,0,0,0,0,0,0,0,0,0,0,0,0,0,0,0,0,0,0,0,0,0,0,0,0,0,0,0,0,0,0,0,32,30,30,62,65476,0,300,0,0,8,21553,0.0,-107605600.0,0.0,0.0,0.0,0.0,0.0,0.0,0.0,0.0,0.0,0.0,0.0,0.0,0.0,0.0,0.0,0.0,0.0,0.0,0.0,0.0,2.004,-0.0,-0.0,2.004,0.0,0.0,0.0,0.0,5399.0,0.0,6974.0,0.0,0.0,-107615280.0,0.0,0.0,0.0,0.0,0.0,63,-0.0,-4.950406933936077e+32,0.0,0.0,0.0,0.0,0.0,0.0,0.0,0,0,0,0.0,0.0,0.0,0.0,0.0,0.0,0.0,0.0,0.0,0.0,0.0,0.0,0.0,0.0,0.0,0.0,0,-107875648.0,63,0.0,126,2.7184242562605685e+23,-0.0,ERR,ERR,ERR,ERR,ERR,ERR,ERR,ERR,ERR,ERR,ERR,ERR,ERR,ERR,ERR,ERR,ERR,ERR,ERR,ERR,ERR,ERR,ERR,ERR,ERR,ERR,ERR,ERR,ERR,ERR,ERR,ERR,ERR,ERR,ERR,ERR,ERR,ERR,ERR,ERR,ERR,ERR,ERR,ERR,ERR,ERR,ERR,ERR,ERR,ERR,ERR,ERR,ERR,ERR,ERR,ERR,ERR,ERR,ERR,ERR,ERR,ERR,ERR,ERR,ERR,ERR,ERR,34.0,80.0,35,0.0,0.0,0.0,0.0,0.0,0.0,0.0,0.0,0.0,0.0,0.0,0.0,0.0,0.0,0.0,0.0,64.4,0,117,56,50,65476,0,300,0,0,8,20529,65476,0,0,57672,80.0,0.0,0.0,0.0,0.0,0.0
2026-06-17T04:09:29,ERR,ERR,ERR,ERR,ERR,ERR,ERR,ERR,ERR,ERR,ERR,ERR,ERR,ERR,ERR,ERR,ERR,ERR,ERR,ERR,ERR,ERR,ERR,ERR,ERR,ERR,ERR,ERR,ERR,ERR,ERR,ERR,ERR,ERR,ERR,ERR,ERR,ERR,ERR,ERR,ERR,ERR,ERR,ERR,ERR,ERR,ERR,ERR,ERR,ERR,ERR,ERR,ERR,ERR,ERR,ERR,ERR,ERR,ERR,ERR,ERR,ERR,ERR,ERR,ERR,ERR,ERR,ERR,ERR,ERR,ERR,ERR,ERR,ERR,ERR,ERR,ERR,ERR,ERR,ERR,ERR,ERR,ERR,ERR,ERR,ERR,ERR,ERR,ERR,ERR,ERR,ERR,ERR,ERR,ERR,ERR,ERR,ERR,ERR,ERR,ERR,ERR,ERR,ERR,ERR,ERR,ERR,ERR,ERR,ERR,ERR,ERR,ERR,ERR,ERR,ERR,ERR,ERR,ERR,ERR,ERR,ERR,ERR,ERR,ERR,0.0,0.0,2.6474777903227054e+23,0.0,0.0,1.3936040501711995e+18,7.805,0.0,0,0,4,0,7300,-0.0,0,0.0,0.0,0.0,0.0,0.0,0,0,0,0,0.0,0,0,0,0,0,0,0,0,0,0,0,0,0,0,0,0,0,0,0,0,0,0,0,0,0,0,0,0,0,0,0,0,0,32,30,30,62,65476,0,300,0,0,8,21553,0.0,-107605600.0,0.0,0.0,0.0,0.0,0.0,0.0,0.0,0.0,0.0,0.0,0.0,0.0,0.0,0.0,0.0,0.0,0.0,0.0,0.0,0.0,2.004,-0.0,-0.0,2.004,0.0,0.0,0.0,0.0,5399.0,0.0,6974.0,0.0,0.0,-107615280.0,0.0,0.0,0.0,0.0,0.0,63,-0.0,-4.950406933936077e+32,0.0,0.0,0.0,0.0,0.0,0.0,0.0,0,0,0,0.0,0.0,0.0,0.0,0.0,0.0,0.0,0.0,0.0,0.0,0.0,0.0,0.0,0.0,0.0,0.0,0,-107875648.0,63,0.0,126,2.7184242562605685e+23,-0.0,ERR,ERR,ERR,ERR,ERR,ERR,ERR,ERR,ERR,ERR,ERR,ERR,ERR,ERR,ERR,ERR,ERR,ERR,ERR,ERR,ERR,ERR,ERR,ERR,ERR,ERR,ERR,ERR,ERR,ERR,ERR,ERR,ERR,ERR,ERR,ERR,ERR,ERR,ERR,ERR,ERR,ERR,ERR,ERR,ERR,ERR,ERR,ERR,ERR,ERR,ERR,ERR,ERR,ERR,ERR,ERR,ERR,ERR,ERR,ERR,ERR,ERR,ERR,ERR,ERR,ERR,ERR,34.0,80.0,35,0.0,0.0,0.0,0.0,0.0,0.0,0.0,0.0,0.0,0.0,0.0,0.0,0.0,0.0,0.0,0.0,64.4,0,117,56,50,65476,0,300,0,0,8,20529,65476,0,0,57672,80.0,0.0,0.0,0.0,0.0,0.0
2026-06-17T04:09:30,ERR,ERR,ERR,ERR,ERR,ERR,ERR,ERR,ERR,ERR,ERR,ERR,ERR,ERR,ERR,ERR,ERR,ERR,ERR,ERR,ERR,ERR,ERR,ERR,ERR,ERR,ERR,ERR,ERR,ERR,ERR,ERR,ERR,ERR,ERR,ERR,ERR,ERR,ERR,ERR,ERR,ERR,ERR,ERR,ERR,ERR,ERR,ERR,ERR,ERR,ERR,ERR,ERR,ERR,ERR,ERR,ERR,ERR,ERR,ERR,ERR,ERR,ERR,ERR,ERR,ERR,ERR,ERR,ERR,ERR,ERR,ERR,ERR,ERR,ERR,ERR,ERR,ERR,ERR,ERR,ERR,ERR,ERR,ERR,ERR,ERR,ERR,ERR,ERR,ERR,ERR,ERR,ERR,ERR,ERR,ERR,ERR,ERR,ERR,ERR,ERR,ERR,ERR,ERR,ERR,ERR,ERR,ERR,ERR,ERR,ERR,ERR,ERR,ERR,ERR,ERR,ERR,ERR,ERR,ERR,ERR,ERR,ERR,ERR,ERR,0.0,0.0,2.6474777903227054e+23,0.0,0.0,1.3936040501711995e+18,7.805,0.0,0,0,4,0,7300,-0.0,0,0.0,0.0,0.0,0.0,0.0,0,0,0,0,0.0,0,0,0,0,0,0,0,0,0,0,0,0,0,0,0,0,0,0,0,0,0,0,0,0,0,0,0,0,0,0,0,0,0,32,30,30,62,65476,0,300,0,0,8,21553,0.0,-107605600.0,0.0,0.0,0.0,0.0,0.0,0.0,0.0,0.0,0.0,0.0,0.0,0.0,0.0,0.0,0.0,0.0,0.0,0.0,0.0,0.0,2.004,-0.0,-0.0,2.004,0.0,0.0,0.0,0.0,5399.0,0.0,6974.0,0.0,0.0,-107615280.0,0.0,0.0,0.0,0.0,0.0,63,-0.0,-4.950406933936077e+32,0.0,0.0,0.0,0.0,0.0,0.0,0.0,0,0,0,0.0,0.0,0.0,0.0,0.0,0.0,0.0,0.0,0.0,0.0,0.0,0.0,0.0,0.0,0.0,0.0,0,-107875648.0,63,0.0,126,2.7184242562605685e+23,-0.0,ERR,ERR,ERR,ERR,ERR,ERR,ERR,ERR,ERR,ERR,ERR,ERR,ERR,ERR,ERR,ERR,ERR,ERR,ERR,ERR,ERR,ERR,ERR,ERR,ERR,ERR,ERR,ERR,ERR,ERR,ERR,ERR,ERR,ERR,ERR,ERR,ERR,ERR,ERR,ERR,ERR,ERR,ERR,ERR,ERR,ERR,ERR,ERR,ERR,ERR,ERR,ERR,ERR,ERR,ERR,ERR,ERR,ERR,ERR,ERR,ERR,ERR,ERR,ERR,ERR,ERR,ERR,34.0,80.0,35,0.0,0.0,0.0,0.0,0.0,0.0,0.0,0.0,0.0,0.0,0.0,0.0,0.0,0.0,0.0,0.0,64.4,0,117,56,50,65476,0,300,0,0,8,20529,65476,0,0,57672,80.0,0.0,0.0,0.0,0.0,0.0
2026-06-17T04:09:31,ERR,ERR,ERR,ERR,ERR,ERR,ERR,ERR,ERR,ERR,ERR,ERR,ERR,ERR,ERR,ERR,ERR,ERR,ERR,ERR,ERR,ERR,ERR,ERR,ERR,ERR,ERR,ERR,ERR,ERR,ERR,ERR,ERR,ERR,ERR,ERR,ERR,ERR,ERR,ERR,ERR,ERR,ERR,ERR,ERR,ERR,ERR,ERR,ERR,ERR,ERR,ERR,ERR,ERR,ERR,ERR,ERR,ERR,ERR,ERR,ERR,ERR,ERR,ERR,ERR,ERR,ERR,ERR,ERR,ERR,ERR,ERR,ERR,ERR,ERR,ERR,ERR,ERR,ERR,ERR,ERR,ERR,ERR,ERR,ERR,ERR,ERR,ERR,ERR,ERR,ERR,ERR,ERR,ERR,ERR,ERR,ERR,ERR,ERR,ERR,ERR,ERR,ERR,ERR,ERR,ERR,ERR,ERR,ERR,ERR,ERR,ERR,ERR,ERR,ERR,ERR,ERR,ERR,ERR,ERR,ERR,ERR,ERR,ERR,ERR,0.0,0.0,2.6474777903227054e+23,0.0,0.0,1.3936040501711995e+18,7.805,0.0,0,0,4,0,7300,-0.0,0,0.0,0.0,0.0,0.0,0.0,0,0,0,0,0.0,0,0,0,0,0,0,0,0,0,0,0,0,0,0,0,0,0,0,0,0,0,0,0,0,0,0,0,0,0,0,0,0,0,32,30,30,62,65476,0,300,0,0,8,21553,0.0,-107605600.0,0.0,0.0,0.0,0.0,0.0,0.0,0.0,0.0,0.0,0.0,0.0,0.0,0.0,0.0,0.0,0.0,0.0,0.0,0.0,0.0,2.004,-0.0,-0.0,2.004,0.0,0.0,0.0,0.0,5395.0,0.0,6944.0,0.0,0.0,-107615280.0,0.0,0.0,0.0,0.0,0.0,63,-0.0,0.0,0.0,0.0,0.0,0.0,0.0,0.0,0.0,0,0,0,0.0,0.0,0.0,0.0,0.0,0.0,0.0,0.0,0.0,0.0,0.0,0.0,0.0,0.0,0.0,0.0,0,-107875648.0,63,0.0,126,2.7184242562605685e+23,-0.0,ERR,ERR,ERR,ERR,ERR,ERR,ERR,ERR,ERR,ERR,ERR,ERR,ERR,ERR,ERR,ERR,ERR,ERR,ERR,ERR,ERR,ERR,ERR,ERR,ERR,ERR,ERR,ERR,ERR,ERR,ERR,ERR,ERR,ERR,ERR,ERR,ERR,ERR,ERR,ERR,ERR,ERR,ERR,ERR,ERR,ERR,ERR,ERR,ERR,ERR,ERR,ERR,ERR,ERR,ERR,ERR,ERR,ERR,ERR,ERR,ERR,ERR,ERR,ERR,ERR,ERR,ERR,34.0,80.0,35,0.0,0.0,0.0,0.0,0.0,0.0,0.0,0.0,0.0,0.0,0.0,0.0,0.0,0.0,0.0,0.0,64.4,0,117,56,50,65476,0,300,0,0,8,20529,65476,0,0,57672,80.0,0.0,0.0,0.0,0.0,0.0
2026-06-17T04:09:32,ERR,ERR,ERR,ERR,ERR,ERR,ERR,ERR,ERR,ERR,ERR,ERR,ERR,ERR,ERR,ERR,ERR,ERR,ERR,ERR,ERR,ERR,ERR,ERR,ERR,ERR,ERR,ERR,ERR,ERR,ERR,ERR,ERR,ERR,ERR,ERR,ERR,ERR,ERR,ERR,ERR,ERR,ERR,ERR,ERR,ERR,ERR,ERR,ERR,ERR,ERR,ERR,ERR,ERR,ERR,ERR,ERR,ERR,ERR,ERR,ERR,ERR,ERR,ERR,ERR,ERR,ERR,ERR,ERR,ERR,ERR,ERR,ERR,ERR,ERR,ERR,ERR,ERR,ERR,ERR,ERR,ERR,ERR,ERR,ERR,ERR,ERR,ERR,ERR,ERR,ERR,ERR,ERR,ERR,ERR,ERR,ERR,ERR,ERR,ERR,ERR,ERR,ERR,ERR,ERR,ERR,ERR,ERR,ERR,ERR,ERR,ERR,ERR,ERR,ERR,ERR,ERR,ERR,ERR,ERR,ERR,ERR,ERR,ERR,ERR,0.0,0.0,2.6474777903227054e+23,0.0,0.0,1.3936040501711995e+18,7.805,0.0,0,0,4,0,7300,-0.0,0,0.0,0.0,0.0,0.0,0.0,0,0,0,0,0.0,0,0,0,0,0,0,0,0,0,0,0,0,0,0,0,0,0,0,0,0,0,0,0,0,0,0,0,0,0,0,0,0,0,32,30,30,62,65476,0,300,0,0,8,21553,0.0,-107605600.0,0.0,0.0,0.0,0.0,0.0,0.0,0.0,0.0,0.0,0.0,0.0,0.0,0.0,0.0,0.0,0.0,0.0,0.0,0.0,0.0,2.004,-0.0,-0.0,2.004,0.0,0.0,0.0,0.0,5395.0,0.0,6944.0,0.0,0.0,-107615280.0,0.0,0.0,0.0,0.0,0.0,63,-0.0,0.0,0.0,0.0,0.0,0.0,0.0,0.0,0.0,0,0,0,0.0,0.0,0.0,0.0,0.0,0.0,0.0,0.0,0.0,0.0,0.0,0.0,0.0,0.0,0.0,0.0,0,-107875648.0,63,0.0,126,2.7184242562605685e+23,-0.0,ERR,ERR,ERR,ERR,ERR,ERR,ERR,ERR,ERR,ERR,ERR,ERR,ERR,ERR,ERR,ERR,ERR,ERR,ERR,ERR,ERR,ERR,ERR,ERR,ERR,ERR,ERR,ERR,ERR,ERR,ERR,ERR,ERR,ERR,ERR,ERR,ERR,ERR,ERR,ERR,ERR,ERR,ERR,ERR,ERR,ERR,ERR,ERR,ERR,ERR,ERR,ERR,ERR,ERR,ERR,ERR,ERR,ERR,ERR,ERR,ERR,ERR,ERR,ERR,ERR,ERR,ERR,34.0,80.0,35,0.0,0.0,0.0,0.0,0.0,0.0,0.0,0.0,0.0,0.0,0.0,0.0,0.0,0.0,0.0,0.0,64.4,0,117,56,50,65476,0,300,0,0,8,20529,65476,0,0,57672,80.0,0.0,0.0,0.0,0.0,0.0
2026-06-17T04:09:33,ERR,ERR,ERR,ERR,ERR,ERR,ERR,ERR,ERR,ERR,ERR,ERR,ERR,ERR,ERR,ERR,ERR,ERR,ERR,ERR,ERR,ERR,ERR,ERR,ERR,ERR,ERR,ERR,ERR,ERR,ERR,ERR,ERR,ERR,ERR,ERR,ERR,ERR,ERR,ERR,ERR,ERR,ERR,ERR,ERR,ERR,ERR,ERR,ERR,ERR,ERR,ERR,ERR,ERR,ERR,ERR,ERR,ERR,ERR,ERR,ERR,ERR,ERR,ERR,ERR,ERR,ERR,ERR,ERR,ERR,ERR,ERR,ERR,ERR,ERR,ERR,ERR,ERR,ERR,ERR,ERR,ERR,ERR,ERR,ERR,ERR,ERR,ERR,ERR,ERR,ERR,ERR,ERR,ERR,ERR,ERR,ERR,ERR,ERR,ERR,ERR,ERR,ERR,ERR,ERR,ERR,ERR,ERR,ERR,ERR,ERR,ERR,ERR,ERR,ERR,ERR,ERR,ERR,ERR,ERR,ERR,ERR,ERR,ERR,ERR,0.0,0.0,2.6474777903227054e+23,0.0,0.0,1.3936040501711995e+18,7.805,0.0,0,0,4,0,7300,-0.0,0,0.0,0.0,0.0,0.0,0.0,0,0,0,0,0.0,0,0,0,0,0,0,0,0,0,0,0,0,0,0,0,0,0,0,0,0,0,0,0,0,0,0,0,0,0,0,0,0,0,32,30,30,62,65476,0,300,0,0,8,21553,0.0,-107605600.0,0.0,0.0,0.0,0.0,0.0,0.0,0.0,0.0,0.0,0.0,0.0,0.0,0.0,0.0,0.0,0.0,0.0,0.0,0.0,0.0,2.004,-0.0,-0.0,2.004,0.0,0.0,0.0,0.0,5395.0,0.0,6944.0,0.0,0.0,-107615280.0,0.0,0.0,0.0,0.0,0.0,63,-0.0,0.0,0.0,0.0,0.0,0.0,0.0,0.0,0.0,0,0,0,0.0,0.0,0.0,0.0,0.0,0.0,0.0,0.0,0.0,0.0,0.0,0.0,0.0,0.0,0.0,0.0,0,-107875648.0,63,0.0,126,2.7184242562605685e+23,-0.0,ERR,ERR,ERR,ERR,ERR,ERR,ERR,ERR,ERR,ERR,ERR,ERR,ERR,ERR,ERR,ERR,ERR,ERR,ERR,ERR,ERR,ERR,ERR,ERR,ERR,ERR,ERR,ERR,ERR,ERR,ERR,ERR,ERR,ERR,ERR,ERR,ERR,ERR,ERR,ERR,ERR,ERR,ERR,ERR,ERR,ERR,ERR,ERR,ERR,ERR,ERR,ERR,ERR,ERR,ERR,ERR,ERR,ERR,ERR,ERR,ERR,ERR,ERR,ERR,ERR,ERR,ERR,34.0,80.0,35,0.0,0.0,0.0,0.0,0.0,0.0,0.0,0.0,0.0,0.0,0.0,0.0,0.0,0.0,0.0,0.0,64.4,0,117,56,50,65476,0,300,0,0,8,20529,65476,0,0,57672,80.0,0.0,0.0,0.0,0.0,0.0
2026-06-17T04:09:34,ERR,ERR,ERR,ERR,ERR,ERR,ERR,ERR,ERR,ERR,ERR,ERR,ERR,ERR,ERR,ERR,ERR,ERR,ERR,ERR,ERR,ERR,ERR,ERR,ERR,ERR,ERR,ERR,ERR,ERR,ERR,ERR,ERR,ERR,ERR,ERR,ERR,ERR,ERR,ERR,ERR,ERR,ERR,ERR,ERR,ERR,ERR,ERR,ERR,ERR,ERR,ERR,ERR,ERR,ERR,ERR,ERR,ERR,ERR,ERR,ERR,ERR,ERR,ERR,ERR,ERR,ERR,ERR,ERR,ERR,ERR,ERR,ERR,ERR,ERR,ERR,ERR,ERR,ERR,ERR,ERR,ERR,ERR,ERR,ERR,ERR,ERR,ERR,ERR,ERR,ERR,ERR,ERR,ERR,ERR,ERR,ERR,ERR,ERR,ERR,ERR,ERR,ERR,ERR,ERR,ERR,ERR,ERR,ERR,ERR,ERR,ERR,ERR,ERR,ERR,ERR,ERR,ERR,ERR,ERR,ERR,ERR,ERR,ERR,ERR,0.0,0.0,2.6474777903227054e+23,0.0,0.0,1.3936040501711995e+18,7.805,0.0,0,0,4,0,7300,-0.0,0,0.0,0.0,0.0,0.0,0.0,0,0,0,0,0.0,0,0,0,0,0,0,0,0,0,0,0,0,0,0,0,0,0,0,0,0,0,0,0,0,0,0,0,0,0,0,0,0,0,32,30,30,62,65476,0,300,0,0,8,21553,0.0,-107605600.0,0.0,0.0,0.0,0.0,0.0,0.0,0.0,0.0,0.0,0.0,0.0,0.0,0.0,0.0,0.0,0.0,0.0,0.0,0.0,0.0,2.004,-0.0,-0.0,2.004,0.0,0.0,0.0,0.0,5395.0,0.0,6944.0,0.0,0.0,-107615280.0,0.0,0.0,0.0,0.0,0.0,63,-0.0,0.0,0.0,0.0,0.0,0.0,0.0,0.0,0.0,0,0,0,0.0,0.0,0.0,0.0,0.0,0.0,0.0,0.0,0.0,0.0,0.0,0.0,0.0,0.0,0.0,0.0,0,-107875648.0,63,0.0,126,2.7184242562605685e+23,-0.0,ERR,ERR,ERR,ERR,ERR,ERR,ERR,ERR,ERR,ERR,ERR,ERR,ERR,ERR,ERR,ERR,ERR,ERR,ERR,ERR,ERR,ERR,ERR,ERR,ERR,ERR,ERR,ERR,ERR,ERR,ERR,ERR,ERR,ERR,ERR,ERR,ERR,ERR,ERR,ERR,ERR,ERR,ERR,ERR,ERR,ERR,ERR,ERR,ERR,ERR,ERR,ERR,ERR,ERR,ERR,ERR,ERR,ERR,ERR,ERR,ERR,ERR,ERR,ERR,ERR,ERR,ERR,34.0,80.0,35,0.0,0.0,0.0,0.0,0.0,0.0,0.0,0.0,0.0,0.0,0.0,0.0,0.0,0.0,0.0,0.0,64.4,0,117,56,50,65476,0,300,0,0,8,20529,65476,0,0,57672,80.0,0.0,0.0,0.0,0.0,0.0
2026-06-17T04:09:35,ERR,ERR,ERR,ERR,ERR,ERR,ERR,ERR,ERR,ERR,ERR,ERR,ERR,ERR,ERR,ERR,ERR,ERR,ERR,ERR,ERR,ERR,ERR,ERR,ERR,ERR,ERR,ERR,ERR,ERR,ERR,ERR,ERR,ERR,ERR,ERR,ERR,ERR,ERR,ERR,ERR,ERR,ERR,ERR,ERR,ERR,ERR,ERR,ERR,ERR,ERR,ERR,ERR,ERR,ERR,ERR,ERR,ERR,ERR,ERR,ERR,ERR,ERR,ERR,ERR,ERR,ERR,ERR,ERR,ERR,ERR,ERR,ERR,ERR,ERR,ERR,ERR,ERR,ERR,ERR,ERR,ERR,ERR,ERR,ERR,ERR,ERR,ERR,ERR,ERR,ERR,ERR,ERR,ERR,ERR,ERR,ERR,ERR,ERR,ERR,ERR,ERR,ERR,ERR,ERR,ERR,ERR,ERR,ERR,ERR,ERR,ERR,ERR,ERR,ERR,ERR,ERR,ERR,ERR,ERR,ERR,ERR,ERR,ERR,ERR,0.0,0.0,2.6474777903227054e+23,0.0,0.0,1.3936040501711995e+18,7.805,0.0,0,0,4,0,7300,-0.0,0,0.0,0.0,0.0,0.0,0.0,0,0,0,0,0.0,0,0,0,0,0,0,0,0,0,0,0,0,0,0,0,0,0,0,0,0,0,0,0,0,0,0,0,0,0,0,0,0,0,32,30,30,62,65476,0,300,0,0,8,21553,0.0,-107605600.0,0.0,0.0,0.0,0.0,0.0,0.0,0.0,0.0,0.0,0.0,0.0,0.0,0.0,0.0,0.0,0.0,0.0,0.0,0.0,0.0,2.004,-0.0,-0.0,2.004,0.0,0.0,0.0,0.0,5395.0,0.0,6944.0,0.0,0.0,-107615280.0,0.0,0.0,0.0,0.0,0.0,63,-0.0,0.0,0.0,0.0,0.0,0.0,0.0,0.0,0.0,0,0,0,0.0,0.0,0.0,0.0,0.0,0.0,0.0,0.0,0.0,0.0,0.0,0.0,0.0,0.0,0.0,0.0,0,-107875648.0,63,0.0,126,2.7184242562605685e+23,-0.0,ERR,ERR,ERR,ERR,ERR,ERR,ERR,ERR,ERR,ERR,ERR,ERR,ERR,ERR,ERR,ERR,ERR,ERR,ERR,ERR,ERR,ERR,ERR,ERR,ERR,ERR,ERR,ERR,ERR,ERR,ERR,ERR,ERR,ERR,ERR,ERR,ERR,ERR,ERR,ERR,ERR,ERR,ERR,ERR,ERR,ERR,ERR,ERR,ERR,ERR,ERR,ERR,ERR,ERR,ERR,ERR,ERR,ERR,ERR,ERR,ERR,ERR,ERR,ERR,ERR,ERR,ERR,34.0,80.0,35,0.0,0.0,0.0,0.0,0.0,0.0,0.0,0.0,0.0,0.0,0.0,0.0,0.0,0.0,0.0,0.0,64.4,0,117,56,50,65476,0,300,0,0,8,20529,65476,0,0,57672,80.0,0.0,0.0,0.0,0.0,0.0
2026-06-17T04:09:36,ERR,ERR,ERR,ERR,ERR,ERR,ERR,ERR,ERR,ERR,ERR,ERR,ERR,ERR,ERR,ERR,ERR,ERR,ERR,ERR,ERR,ERR,ERR,ERR,ERR,ERR,ERR,ERR,ERR,ERR,ERR,ERR,ERR,ERR,ERR,ERR,ERR,ERR,ERR,ERR,ERR,ERR,ERR,ERR,ERR,ERR,ERR,ERR,ERR,ERR,ERR,ERR,ERR,ERR,ERR,ERR,ERR,ERR,ERR,ERR,ERR,ERR,ERR,ERR,ERR,ERR,ERR,ERR,ERR,ERR,ERR,ERR,ERR,ERR,ERR,ERR,ERR,ERR,ERR,ERR,ERR,ERR,ERR,ERR,ERR,ERR,ERR,ERR,ERR,ERR,ERR,ERR,ERR,ERR,ERR,ERR,ERR,ERR,ERR,ERR,ERR,ERR,ERR,ERR,ERR,ERR,ERR,ERR,ERR,ERR,ERR,ERR,ERR,ERR,ERR,ERR,ERR,ERR,ERR,ERR,ERR,ERR,ERR,ERR,ERR,0.0,0.0,2.6474777903227054e+23,0.0,0.0,1.3936040501711995e+18,7.805,0.0,0,0,4,0,7300,-0.0,0,0.0,0.0,0.0,0.0,0.0,0,0,0,0,0.0,0,0,0,0,0,0,0,0,0,0,0,0,0,0,0,0,0,0,0,0,0,0,0,0,0,0,0,0,0,0,0,0,0,32,30,30,62,65476,0,300,0,0,8,21553,0.0,-107605600.0,0.0,0.0,0.0,0.0,0.0,0.0,0.0,0.0,0.0,0.0,0.0,0.0,0.0,0.0,0.0,0.0,0.0,0.0,0.0,0.0,2.004,-0.0,-0.0,2.004,0.0,0.0,0.0,0.0,5398.0,8608194560.0,6954.0,0.0,0.0,-107615280.0,0.0,0.0,0.0,0.0,0.0,63,-0.0,4.066859324854333e+29,0.0,0.0,0.0,0.0,0.0,0.0,0.0,0,0,0,0.0,0.0,0.0,0.0,0.0,0.0,0.0,0.0,0.0,0.0,0.0,0.0,0.0,0.0,0.0,0.0,0,-107875648.0,63,0.0,126,2.7184242562605685e+23,-0.0,ERR,ERR,ERR,ERR,ERR,ERR,ERR,ERR,ERR,ERR,ERR,ERR,ERR,ERR,ERR,ERR,ERR,ERR,ERR,ERR,ERR,ERR,ERR,ERR,ERR,ERR,ERR,ERR,ERR,ERR,ERR,ERR,ERR,ERR,ERR,ERR,ERR,ERR,ERR,ERR,ERR,ERR,ERR,ERR,ERR,ERR,ERR,ERR,ERR,ERR,ERR,ERR,ERR,ERR,ERR,ERR,ERR,ERR,ERR,ERR,ERR,ERR,ERR,ERR,ERR,ERR,ERR,34.0,80.0,35,0.0,0.0,0.0,0.0,0.0,0.0,0.0,0.0,0.0,0.0,0.0,0.0,0.0,0.0,0.0,0.0,64.4,0,117,56,50,65476,0,300,0,0,8,20529,65476,0,0,57672,80.0,0.0,0.0,0.0,0.0,0.0
2026-06-17T04:09:37,ERR,ERR,ERR,ERR,ERR,ERR,ERR,ERR,ERR,ERR,ERR,ERR,ERR,ERR,ERR,ERR,ERR,ERR,ERR,ERR,ERR,ERR,ERR,ERR,ERR,ERR,ERR,ERR,ERR,ERR,ERR,ERR,ERR,ERR,ERR,ERR,ERR,ERR,ERR,ERR,ERR,ERR,ERR,ERR,ERR,ERR,ERR,ERR,ERR,ERR,ERR,ERR,ERR,ERR,ERR,ERR,ERR,ERR,ERR,ERR,ERR,ERR,ERR,ERR,ERR,ERR,ERR,ERR,ERR,ERR,ERR,ERR,ERR,ERR,ERR,ERR,ERR,ERR,ERR,ERR,ERR,ERR,ERR,ERR,ERR,ERR,ERR,ERR,ERR,ERR,ERR,ERR,ERR,ERR,ERR,ERR,ERR,ERR,ERR,ERR,ERR,ERR,ERR,ERR,ERR,ERR,ERR,ERR,ERR,ERR,ERR,ERR,ERR,ERR,ERR,ERR,ERR,ERR,ERR,ERR,ERR,ERR,ERR,ERR,ERR,0.0,0.0,2.6474777903227054e+23,0.0,0.0,1.3936040501711995e+18,7.805,0.0,0,0,4,0,7300,-0.0,0,0.0,0.0,0.0,0.0,0.0,0,0,0,0,0.0,0,0,0,0,0,0,0,0,0,0,0,0,0,0,0,0,0,0,0,0,0,0,0,0,0,0,0,0,0,0,0,0,0,32,30,30,62,65476,0,300,0,0,8,21553,0.0,-107605600.0,0.0,0.0,0.0,0.0,0.0,0.0,0.0,0.0,0.0,0.0,0.0,0.0,0.0,0.0,0.0,0.0,0.0,0.0,0.0,0.0,2.004,-0.0,-0.0,2.004,0.0,0.0,0.0,0.0,5398.0,8608194560.0,6954.0,0.0,0.0,-107615280.0,0.0,0.0,0.0,0.0,0.0,63,-0.0,4.066859324854333e+29,0.0,0.0,0.0,0.0,0.0,0.0,0.0,0,0,0,0.0,0.0,0.0,0.0,0.0,0.0,0.0,0.0,0.0,0.0,0.0,0.0,0.0,0.0,0.0,0.0,0,-107875648.0,63,0.0,126,2.7184242562605685e+23,-0.0,ERR,ERR,ERR,ERR,ERR,ERR,ERR,ERR,ERR,ERR,ERR,ERR,ERR,ERR,ERR,ERR,ERR,ERR,ERR,ERR,ERR,ERR,ERR,ERR,ERR,ERR,ERR,ERR,ERR,ERR,ERR,ERR,ERR,ERR,ERR,ERR,ERR,ERR,ERR,ERR,ERR,ERR,ERR,ERR,ERR,ERR,ERR,ERR,ERR,ERR,ERR,ERR,ERR,ERR,ERR,ERR,ERR,ERR,ERR,ERR,ERR,ERR,ERR,ERR,ERR,ERR,ERR,34.0,80.0,35,0.0,0.0,0.0,0.0,0.0,0.0,0.0,0.0,0.0,0.0,0.0,0.0,0.0,0.0,0.0,0.0,64.4,0,117,56,50,65476,0,300,0,0,8,20529,65476,0,0,57672,80.0,0.0,0.0,0.0,0.0,0.0
2026-06-17T04:09:38,ERR,ERR,ERR,ERR,ERR,ERR,ERR,ERR,ERR,ERR,ERR,ERR,ERR,ERR,ERR,ERR,ERR,ERR,ERR,ERR,ERR,ERR,ERR,ERR,ERR,ERR,ERR,ERR,ERR,ERR,ERR,ERR,ERR,ERR,ERR,ERR,ERR,ERR,ERR,ERR,ERR,ERR,ERR,ERR,ERR,ERR,ERR,ERR,ERR,ERR,ERR,ERR,ERR,ERR,ERR,ERR,ERR,ERR,ERR,ERR,ERR,ERR,ERR,ERR,ERR,ERR,ERR,ERR,ERR,ERR,ERR,ERR,ERR,ERR,ERR,ERR,ERR,ERR,ERR,ERR,ERR,ERR,ERR,ERR,ERR,ERR,ERR,ERR,ERR,ERR,ERR,ERR,ERR,ERR,ERR,ERR,ERR,ERR,ERR,ERR,ERR,ERR,ERR,ERR,ERR,ERR,ERR,ERR,ERR,ERR,ERR,ERR,ERR,ERR,ERR,ERR,ERR,ERR,ERR,ERR,ERR,ERR,ERR,ERR,ERR,0.0,0.0,2.6474777903227054e+23,0.0,0.0,1.3936040501711995e+18,7.805,0.0,0,0,4,0,7300,-0.0,0,0.0,0.0,0.0,0.0,0.0,0,0,0,0,0.0,0,0,0,0,0,0,0,0,0,0,0,0,0,0,0,0,0,0,0,0,0,0,0,0,0,0,0,0,0,0,0,0,0,32,30,30,62,65476,0,300,0,0,8,21553,0.0,-107605600.0,0.0,0.0,0.0,0.0,0.0,0.0,0.0,0.0,0.0,0.0,0.0,0.0,0.0,0.0,0.0,0.0,0.0,0.0,0.0,0.0,2.004,-0.0,-0.0,2.004,0.0,0.0,0.0,0.0,5398.0,8608194560.0,6954.0,0.0,0.0,-107615280.0,0.0,0.0,0.0,0.0,0.0,63,-0.0,4.066859324854333e+29,0.0,0.0,0.0,0.0,0.0,0.0,0.0,0,0,0,0.0,0.0,0.0,0.0,0.0,0.0,0.0,0.0,0.0,0.0,0.0,0.0,0.0,0.0,0.0,0.0,0,-107875648.0,63,0.0,126,2.7184242562605685e+23,-0.0,ERR,ERR,ERR,ERR,ERR,ERR,ERR,ERR,ERR,ERR,ERR,ERR,ERR,ERR,ERR,ERR,ERR,ERR,ERR,ERR,ERR,ERR,ERR,ERR,ERR,ERR,ERR,ERR,ERR,ERR,ERR,ERR,ERR,ERR,ERR,ERR,ERR,ERR,ERR,ERR,ERR,ERR,ERR,ERR,ERR,ERR,ERR,ERR,ERR,ERR,ERR,ERR,ERR,ERR,ERR,ERR,ERR,ERR,ERR,ERR,ERR,ERR,ERR,ERR,ERR,ERR,ERR,34.0,80.0,35,0.0,0.0,0.0,0.0,0.0,0.0,0.0,0.0,0.0,0.0,0.0,0.0,0.0,0.0,0.0,0.0,64.8,0,117,56,50,65476,0,300,0,0,8,20529,65476,0,0,57672,80.0,0.0,0.0,0.0,0.0,0.0
2026-06-17T04:09:39,ERR,ERR,ERR,ERR,ERR,ERR,ERR,ERR,ERR,ERR,ERR,ERR,ERR,ERR,ERR,ERR,ERR,ERR,ERR,ERR,ERR,ERR,ERR,ERR,ERR,ERR,ERR,ERR,ERR,ERR,ERR,ERR,ERR,ERR,ERR,ERR,ERR,ERR,ERR,ERR,ERR,ERR,ERR,ERR,ERR,ERR,ERR,ERR,ERR,ERR,ERR,ERR,ERR,ERR,ERR,ERR,ERR,ERR,ERR,ERR,ERR,ERR,ERR,ERR,ERR,ERR,ERR,ERR,ERR,ERR,ERR,ERR,ERR,ERR,ERR,ERR,ERR,ERR,ERR,ERR,ERR,ERR,ERR,ERR,ERR,ERR,ERR,ERR,ERR,ERR,ERR,ERR,ERR,ERR,ERR,ERR,ERR,ERR,ERR,ERR,ERR,ERR,ERR,ERR,ERR,ERR,ERR,ERR,ERR,ERR,ERR,ERR,ERR,ERR,ERR,ERR,ERR,ERR,ERR,ERR,ERR,ERR,ERR,ERR,ERR,0.0,0.0,2.6474777903227054e+23,0.0,0.0,1.3936040501711995e+18,7.805,0.0,0,0,4,0,7300,-0.0,0,0.0,0.0,0.0,0.0,0.0,0,0,0,0,0.0,0,0,0,0,0,0,0,0,0,0,0,0,0,0,0,0,0,0,0,0,0,0,0,0,0,0,0,0,0,0,0,0,0,32,30,30,62,65476,0,300,0,0,8,21553,0.0,-107605600.0,0.0,0.0,0.0,0.0,0.0,0.0,0.0,0.0,0.0,0.0,0.0,0.0,0.0,0.0,0.0,0.0,0.0,0.0,0.0,0.0,2.004,-0.0,-0.0,2.004,0.0,0.0,0.0,0.0,5398.0,8608194560.0,6954.0,0.0,0.0,-107615280.0,0.0,0.0,0.0,0.0,0.0,63,-0.0,4.066859324854333e+29,0.0,0.0,0.0,0.0,0.0,0.0,0.0,0,0,0,0.0,0.0,0.0,0.0,0.0,0.0,0.0,0.0,0.0,0.0,0.0,0.0,0.0,0.0,0.0,0.0,0,-107875648.0,63,0.0,126,2.7184242562605685e+23,-0.0,ERR,ERR,ERR,ERR,ERR,ERR,ERR,ERR,ERR,ERR,ERR,ERR,ERR,ERR,ERR,ERR,ERR,ERR,ERR,ERR,ERR,ERR,ERR,ERR,ERR,ERR,ERR,ERR,ERR,ERR,ERR,ERR,ERR,ERR,ERR,ERR,ERR,ERR,ERR,ERR,ERR,ERR,ERR,ERR,ERR,ERR,ERR,ERR,ERR,ERR,ERR,ERR,ERR,ERR,ERR,ERR,ERR,ERR,ERR,ERR,ERR,ERR,ERR,ERR,ERR,ERR,ERR,34.0,80.0,35,0.0,0.0,0.0,0.0,0.0,0.0,0.0,0.0,0.0,0.0,0.0,0.0,0.0,0.0,0.0,0.0,64.4,0,117,56,50,65476,0,300,0,0,8,20529,65476,0,0,57672,80.0,0.0,0.0,0.0,0.0,0.0
2026-06-17T04:09:40,ERR,ERR,ERR,ERR,ERR,ERR,ERR,ERR,ERR,ERR,ERR,ERR,ERR,ERR,ERR,ERR,ERR,ERR,ERR,ERR,ERR,ERR,ERR,ERR,ERR,ERR,ERR,ERR,ERR,ERR,ERR,ERR,ERR,ERR,ERR,ERR,ERR,ERR,ERR,ERR,ERR,ERR,ERR,ERR,ERR,ERR,ERR,ERR,ERR,ERR,ERR,ERR,ERR,ERR,ERR,ERR,ERR,ERR,ERR,ERR,ERR,ERR,ERR,ERR,ERR,ERR,ERR,ERR,ERR,ERR,ERR,ERR,ERR,ERR,ERR,ERR,ERR,ERR,ERR,ERR,ERR,ERR,ERR,ERR,ERR,ERR,ERR,ERR,ERR,ERR,ERR,ERR,ERR,ERR,ERR,ERR,ERR,ERR,ERR,ERR,ERR,ERR,ERR,ERR,ERR,ERR,ERR,ERR,ERR,ERR,ERR,ERR,ERR,ERR,ERR,ERR,ERR,ERR,ERR,ERR,ERR,ERR,ERR,ERR,ERR,0.0,0.0,2.6474777903227054e+23,0.0,0.0,1.3936040501711995e+18,7.805,0.0,0,0,4,0,7300,-0.0,0,0.0,0.0,0.0,0.0,0.0,0,0,0,0,0.0,0,0,0,0,0,0,0,0,0,0,0,0,0,0,0,0,0,0,0,0,0,0,0,0,0,0,0,0,0,0,0,0,0,32,30,30,62,65476,0,300,0,0,8,21553,0.0,-107605600.0,0.0,0.0,0.0,0.0,0.0,0.0,0.0,0.0,0.0,0.0,0.0,0.0,0.0,0.0,0.0,0.0,0.0,0.0,0.0,0.0,2.004,-0.0,-0.0,2.004,0.0,0.0,0.0,0.0,5398.0,8608194560.0,6954.0,0.0,0.0,-107615280.0,0.0,0.0,0.0,0.0,0.0,63,-0.0,4.066859324854333e+29,0.0,0.0,0.0,0.0,0.0,0.0,0.0,0,0,0,0.0,0.0,0.0,0.0,0.0,0.0,0.0,0.0,0.0,0.0,0.0,0.0,0.0,0.0,0.0,0.0,0,-107875648.0,63,0.0,126,2.7184242562605685e+23,-0.0,ERR,ERR,ERR,ERR,ERR,ERR,ERR,ERR,ERR,ERR,ERR,ERR,ERR,ERR,ERR,ERR,ERR,ERR,ERR,ERR,ERR,ERR,ERR,ERR,ERR,ERR,ERR,ERR,ERR,ERR,ERR,ERR,ERR,ERR,ERR,ERR,ERR,ERR,ERR,ERR,ERR,ERR,ERR,ERR,ERR,ERR,ERR,ERR,ERR,ERR,ERR,ERR,ERR,ERR,ERR,ERR,ERR,ERR,ERR,ERR,ERR,ERR,ERR,ERR,ERR,ERR,ERR,34.0,80.0,35,0.0,0.0,0.0,0.0,0.0,0.0,0.0,0.0,0.0,0.0,0.0,0.0,0.0,0.0,0.0,0.0,64.4,0,117,56,50,65476,0,300,0,0,8,20529,65476,0,0,57672,80.0,0.0,0.0,0.0,0.0,0.0
2026-06-17T04:09:41,ERR,ERR,ERR,ERR,ERR,ERR,ERR,ERR,ERR,ERR,ERR,ERR,ERR,ERR,ERR,ERR,ERR,ERR,ERR,ERR,ERR,ERR,ERR,ERR,ERR,ERR,ERR,ERR,ERR,ERR,ERR,ERR,ERR,ERR,ERR,ERR,ERR,ERR,ERR,ERR,ERR,ERR,ERR,ERR,ERR,ERR,ERR,ERR,ERR,ERR,ERR,ERR,ERR,ERR,ERR,ERR,ERR,ERR,ERR,ERR,ERR,ERR,ERR,ERR,ERR,ERR,ERR,ERR,ERR,ERR,ERR,ERR,ERR,ERR,ERR,ERR,ERR,ERR,ERR,ERR,ERR,ERR,ERR,ERR,ERR,ERR,ERR,ERR,ERR,ERR,ERR,ERR,ERR,ERR,ERR,ERR,ERR,ERR,ERR,ERR,ERR,ERR,ERR,ERR,ERR,ERR,ERR,ERR,ERR,ERR,ERR,ERR,ERR,ERR,ERR,ERR,ERR,ERR,ERR,ERR,ERR,ERR,ERR,ERR,ERR,0.0,0.0,2.6474777903227054e+23,0.0,0.0,1.3936040501711995e+18,7.805,0.0,0,0,4,0,7300,-0.0,0,0.0,0.0,0.0,0.0,0.0,0,0,0,0,0.0,0,0,0,0,0,0,0,0,0,0,0,0,0,0,0,0,0,0,0,0,0,0,0,0,0,0,0,0,0,0,0,0,0,32,30,30,62,65476,0,300,0,0,8,21553,0.0,-107605600.0,0.0,0.0,0.0,0.0,0.0,0.0,0.0,0.0,0.0,0.0,0.0,0.0,0.0,0.0,0.0,0.0,0.0,0.0,0.0,0.0,2.004,-0.0,-0.0,2.004,0.0,0.0,0.0,0.0,5398.0,8608194560.0,6954.0,0.0,0.0,-107615280.0,0.0,0.0,0.0,0.0,0.0,63,-0.0,4.066859324854333e+29,0.0,0.0,0.0,0.0,0.0,0.0,0.0,0,0,0,0.0,0.0,0.0,0.0,0.0,0.0,0.0,0.0,0.0,0.0,0.0,0.0,0.0,0.0,0.0,0.0,0,-107875648.0,63,0.0,126,2.7184242562605685e+23,-0.0,ERR,ERR,ERR,ERR,ERR,ERR,ERR,ERR,ERR,ERR,ERR,ERR,ERR,ERR,ERR,ERR,ERR,ERR,ERR,ERR,ERR,ERR,ERR,ERR,ERR,ERR,ERR,ERR,ERR,ERR,ERR,ERR,ERR,ERR,ERR,ERR,ERR,ERR,ERR,ERR,ERR,ERR,ERR,ERR,ERR,ERR,ERR,ERR,ERR,ERR,ERR,ERR,ERR,ERR,ERR,ERR,ERR,ERR,ERR,ERR,ERR,ERR,ERR,ERR,ERR,ERR,ERR,34.0,80.0,35,0.0,0.0,0.0,0.0,0.0,0.0,0.0,0.0,0.0,0.0,0.0,0.0,0.0,0.0,0.0,0.0,64.4,0,117,56,50,65476,0,300,0,0,8,20529,65476,0,0,57672,80.0,0.0,0.0,0.0,0.0,0.0
2026-06-17T04:09:42,ERR,ERR,ERR,ERR,ERR,ERR,ERR,ERR,ERR,ERR,ERR,ERR,ERR,ERR,ERR,ERR,ERR,ERR,ERR,ERR,ERR,ERR,ERR,ERR,ERR,ERR,ERR,ERR,ERR,ERR,ERR,ERR,ERR,ERR,ERR,ERR,ERR,ERR,ERR,ERR,ERR,ERR,ERR,ERR,ERR,ERR,ERR,ERR,ERR,ERR,ERR,ERR,ERR,ERR,ERR,ERR,ERR,ERR,ERR,ERR,ERR,ERR,ERR,ERR,ERR,ERR,ERR,ERR,ERR,ERR,ERR,ERR,ERR,ERR,ERR,ERR,ERR,ERR,ERR,ERR,ERR,ERR,ERR,ERR,ERR,ERR,ERR,ERR,ERR,ERR,ERR,ERR,ERR,ERR,ERR,ERR,ERR,ERR,ERR,ERR,ERR,ERR,ERR,ERR,ERR,ERR,ERR,ERR,ERR,ERR,ERR,ERR,ERR,ERR,ERR,ERR,ERR,ERR,ERR,ERR,ERR,ERR,ERR,ERR,ERR,0.0,0.0,2.6474777903227054e+23,0.0,0.0,1.3936040501711995e+18,7.805,0.0,0,0,4,0,7300,-0.0,0,0.0,0.0,0.0,0.0,0.0,0,0,0,0,0.0,0,0,0,0,0,0,0,0,0,0,0,0,0,0,0,0,0,0,0,0,0,0,0,0,0,0,0,0,0,0,0,0,0,32,30,30,62,65476,0,300,0,0,8,21553,0.0,-107605600.0,0.0,0.0,0.0,0.0,0.0,0.0,0.0,0.0,0.0,0.0,0.0,0.0,0.0,0.0,0.0,0.0,0.0,0.0,0.0,0.0,2.004,-0.0,-0.0,2.004,0.0,0.0,0.0,0.0,5400.0,-1.587931619850188e+29,6974.0,0.0,0.0,-107615280.0,0.0,0.0,0.0,0.0,0.0,63,-0.0,0.059,0.0,0.0,0.0,0.0,0.0,0.0,0.0,0,0,0,0.0,0.0,0.0,0.0,0.0,0.0,0.0,0.0,0.0,0.0,0.0,0.0,0.0,0.0,0.0,0.0,0,-107875648.0,63,0.0,126,2.7184242562605685e+23,-0.0,ERR,ERR,ERR,ERR,ERR,ERR,ERR,ERR,ERR,ERR,ERR,ERR,ERR,ERR,ERR,ERR,ERR,ERR,ERR,ERR,ERR,ERR,ERR,ERR,ERR,ERR,ERR,ERR,ERR,ERR,ERR,ERR,ERR,ERR,ERR,ERR,ERR,ERR,ERR,ERR,ERR,ERR,ERR,ERR,ERR,ERR,ERR,ERR,ERR,ERR,ERR,ERR,ERR,ERR,ERR,ERR,ERR,ERR,ERR,ERR,ERR,ERR,ERR,ERR,ERR,ERR,ERR,34.0,80.0,35,0.0,0.0,0.0,0.0,0.0,0.0,0.0,0.0,0.0,0.0,0.0,0.0,0.0,0.0,0.0,0.0,64.4,0,117,56,50,65476,0,300,0,0,8,20529,65476,0,0,57672,80.0,0.0,0.0,0.0,0.0,0.0
2026-06-17T04:09:43,ERR,ERR,ERR,ERR,ERR,ERR,ERR,ERR,ERR,ERR,ERR,ERR,ERR,ERR,ERR,ERR,ERR,ERR,ERR,ERR,ERR,ERR,ERR,ERR,ERR,ERR,ERR,ERR,ERR,ERR,ERR,ERR,ERR,ERR,ERR,ERR,ERR,ERR,ERR,ERR,ERR,ERR,ERR,ERR,ERR,ERR,ERR,ERR,ERR,ERR,ERR,ERR,ERR,ERR,ERR,ERR,ERR,ERR,ERR,ERR,ERR,ERR,ERR,ERR,ERR,ERR,ERR,ERR,ERR,ERR,ERR,ERR,ERR,ERR,ERR,ERR,ERR,ERR,ERR,ERR,ERR,ERR,ERR,ERR,ERR,ERR,ERR,ERR,ERR,ERR,ERR,ERR,ERR,ERR,ERR,ERR,ERR,ERR,ERR,ERR,ERR,ERR,ERR,ERR,ERR,ERR,ERR,ERR,ERR,ERR,ERR,ERR,ERR,ERR,ERR,ERR,ERR,ERR,ERR,ERR,ERR,ERR,ERR,ERR,ERR,0.0,0.0,2.6474777903227054e+23,0.0,0.0,1.3936040501711995e+18,7.805,0.0,0,0,4,0,7300,-0.0,0,0.0,0.0,0.0,0.0,0.0,0,0,0,0,0.0,0,0,0,0,0,0,0,0,0,0,0,0,0,0,0,0,0,0,0,0,0,0,0,0,0,0,0,0,0,0,0,0,0,32,30,30,62,65476,0,300,0,0,8,21553,0.0,-107605600.0,0.0,0.0,0.0,0.0,0.0,0.0,0.0,0.0,0.0,0.0,0.0,0.0,0.0,0.0,0.0,0.0,0.0,0.0,0.0,0.0,2.004,-0.0,-0.0,2.004,0.0,0.0,0.0,0.0,5400.0,-1.587931619850188e+29,6974.0,0.0,0.0,-107615280.0,0.0,0.0,0.0,0.0,0.0,63,-0.0,0.059,0.0,0.0,0.0,0.0,0.0,0.0,0.0,0,0,0,0.0,0.0,0.0,0.0,0.0,0.0,0.0,0.0,0.0,0.0,0.0,0.0,0.0,0.0,0.0,0.0,0,-107875648.0,63,0.0,126,2.7184242562605685e+23,-0.0,ERR,ERR,ERR,ERR,ERR,ERR,ERR,ERR,ERR,ERR,ERR,ERR,ERR,ERR,ERR,ERR,ERR,ERR,ERR,ERR,ERR,ERR,ERR,ERR,ERR,ERR,ERR,ERR,ERR,ERR,ERR,ERR,ERR,ERR,ERR,ERR,ERR,ERR,ERR,ERR,ERR,ERR,ERR,ERR,ERR,ERR,ERR,ERR,ERR,ERR,ERR,ERR,ERR,ERR,ERR,ERR,ERR,ERR,ERR,ERR,ERR,ERR,ERR,ERR,ERR,ERR,ERR,34.0,80.0,35,0.0,0.0,0.0,0.0,0.0,0.0,0.0,0.0,0.0,0.0,0.0,0.0,0.0,0.0,0.0,0.0,64.4,0,117,56,50,65476,0,300,0,0,8,20529,65476,0,0,57672,80.0,0.0,0.0,0.0,0.0,0.0
2026-06-17T04:09:44,ERR,ERR,ERR,ERR,ERR,ERR,ERR,ERR,ERR,ERR,ERR,ERR,ERR,ERR,ERR,ERR,ERR,ERR,ERR,ERR,ERR,ERR,ERR,ERR,ERR,ERR,ERR,ERR,ERR,ERR,ERR,ERR,ERR,ERR,ERR,ERR,ERR,ERR,ERR,ERR,ERR,ERR,ERR,ERR,ERR,ERR,ERR,ERR,ERR,ERR,ERR,ERR,ERR,ERR,ERR,ERR,ERR,ERR,ERR,ERR,ERR,ERR,ERR,ERR,ERR,ERR,ERR,ERR,ERR,ERR,ERR,ERR,ERR,ERR,ERR,ERR,ERR,ERR,ERR,ERR,ERR,ERR,ERR,ERR,ERR,ERR,ERR,ERR,ERR,ERR,ERR,ERR,ERR,ERR,ERR,ERR,ERR,ERR,ERR,ERR,ERR,ERR,ERR,ERR,ERR,ERR,ERR,ERR,ERR,ERR,ERR,ERR,ERR,ERR,ERR,ERR,ERR,ERR,ERR,ERR,ERR,ERR,ERR,ERR,ERR,0.0,0.0,2.6474777903227054e+23,0.0,0.0,1.3936040501711995e+18,7.805,0.0,0,0,4,0,7300,-0.0,0,0.0,0.0,0.0,0.0,0.0,0,0,0,0,0.0,0,0,0,0,0,0,0,0,0,0,0,0,0,0,0,0,0,0,0,0,0,0,0,0,0,0,0,0,0,0,0,0,0,32,30,30,62,65476,0,300,0,0,8,21553,0.0,-107605600.0,0.0,0.0,0.0,0.0,0.0,0.0,0.0,0.0,0.0,0.0,0.0,0.0,0.0,0.0,0.0,0.0,0.0,0.0,0.0,0.0,2.004,-0.0,-0.0,2.004,0.0,0.0,0.0,0.0,5400.0,-1.587931619850188e+29,6974.0,0.0,0.0,-107615280.0,0.0,0.0,0.0,0.0,0.0,63,-0.0,0.059,0.0,0.0,0.0,0.0,0.0,0.0,0.0,0,0,0,0.0,0.0,0.0,0.0,0.0,0.0,0.0,0.0,0.0,0.0,0.0,0.0,0.0,0.0,0.0,0.0,0,-107875648.0,63,0.0,126,2.7184242562605685e+23,-0.0,ERR,ERR,ERR,ERR,ERR,ERR,ERR,ERR,ERR,ERR,ERR,ERR,ERR,ERR,ERR,ERR,ERR,ERR,ERR,ERR,ERR,ERR,ERR,ERR,ERR,ERR,ERR,ERR,ERR,ERR,ERR,ERR,ERR,ERR,ERR,ERR,ERR,ERR,ERR,ERR,ERR,ERR,ERR,ERR,ERR,ERR,ERR,ERR,ERR,ERR,ERR,ERR,ERR,ERR,ERR,ERR,ERR,ERR,ERR,ERR,ERR,ERR,ERR,ERR,ERR,ERR,ERR,34.0,80.0,35,0.0,0.0,0.0,0.0,0.0,0.0,0.0,0.0,0.0,0.0,0.0,0.0,0.0,0.0,0.0,0.0,64.4,0,117,56,50,65476,0,300,0,0,8,20529,65476,0,0,57672,80.0,0.0,0.0,0.0,0.0,0.0
2026-06-17T04:09:45,ERR,ERR,ERR,ERR,ERR,ERR,ERR,ERR,ERR,ERR,ERR,ERR,ERR,ERR,ERR,ERR,ERR,ERR,ERR,ERR,ERR,ERR,ERR,ERR,ERR,ERR,ERR,ERR,ERR,ERR,ERR,ERR,ERR,ERR,ERR,ERR,ERR,ERR,ERR,ERR,ERR,ERR,ERR,ERR,ERR,ERR,ERR,ERR,ERR,ERR,ERR,ERR,ERR,ERR,ERR,ERR,ERR,ERR,ERR,ERR,ERR,ERR,ERR,ERR,ERR,ERR,ERR,ERR,ERR,ERR,ERR,ERR,ERR,ERR,ERR,ERR,ERR,ERR,ERR,ERR,ERR,ERR,ERR,ERR,ERR,ERR,ERR,ERR,ERR,ERR,ERR,ERR,ERR,ERR,ERR,ERR,ERR,ERR,ERR,ERR,ERR,ERR,ERR,ERR,ERR,ERR,ERR,ERR,ERR,ERR,ERR,ERR,ERR,ERR,ERR,ERR,ERR,ERR,ERR,ERR,ERR,ERR,ERR,ERR,ERR,0.0,0.0,2.6474777903227054e+23,0.0,0.0,1.3936040501711995e+18,7.805,0.0,0,0,4,0,7300,-0.0,0,0.0,0.0,0.0,0.0,0.0,0,0,0,0,0.0,0,0,0,0,0,0,0,0,0,0,0,0,0,0,0,0,0,0,0,0,0,0,0,0,0,0,0,0,0,0,0,0,0,32,30,30,62,65476,0,300,0,0,8,21553,0.0,-107605600.0,0.0,0.0,0.0,0.0,0.0,0.0,0.0,0.0,0.0,0.0,0.0,0.0,0.0,0.0,0.0,0.0,0.0,0.0,0.0,0.0,2.004,-0.0,-0.0,2.004,0.0,0.0,0.0,0.0,5400.0,-1.587931619850188e+29,6974.0,0.0,0.0,-107615280.0,0.0,0.0,0.0,0.0,0.0,63,-0.0,0.059,0.0,0.0,0.0,0.0,0.0,0.0,0.0,0,0,0,0.0,0.0,0.0,0.0,0.0,0.0,0.0,0.0,0.0,0.0,0.0,0.0,0.0,0.0,0.0,0.0,0,-107875648.0,63,0.0,126,2.7184242562605685e+23,-0.0,ERR,ERR,ERR,ERR,ERR,ERR,ERR,ERR,ERR,ERR,ERR,ERR,ERR,ERR,ERR,ERR,ERR,ERR,ERR,ERR,ERR,ERR,ERR,ERR,ERR,ERR,ERR,ERR,ERR,ERR,ERR,ERR,ERR,ERR,ERR,ERR,ERR,ERR,ERR,ERR,ERR,ERR,ERR,ERR,ERR,ERR,ERR,ERR,ERR,ERR,ERR,ERR,ERR,ERR,ERR,ERR,ERR,ERR,ERR,ERR,ERR,ERR,ERR,ERR,ERR,ERR,ERR,34.0,80.0,35,0.0,0.0,0.0,0.0,0.0,0.0,0.0,0.0,0.0,0.0,0.0,0.0,0.0,0.0,0.0,0.0,64.4,0,117,56,50,65476,0,300,0,0,8,20529,65476,0,0,57672,80.0,0.0,0.0,0.0,0.0,0.0
2026-06-17T04:09:46,ERR,ERR,ERR,ERR,ERR,ERR,ERR,ERR,ERR,ERR,ERR,ERR,ERR,ERR,ERR,ERR,ERR,ERR,ERR,ERR,ERR,ERR,ERR,ERR,ERR,ERR,ERR,ERR,ERR,ERR,ERR,ERR,ERR,ERR,ERR,ERR,ERR,ERR,ERR,ERR,ERR,ERR,ERR,ERR,ERR,ERR,ERR,ERR,ERR,ERR,ERR,ERR,ERR,ERR,ERR,ERR,ERR,ERR,ERR,ERR,ERR,ERR,ERR,ERR,ERR,ERR,ERR,ERR,ERR,ERR,ERR,ERR,ERR,ERR,ERR,ERR,ERR,ERR,ERR,ERR,ERR,ERR,ERR,ERR,ERR,ERR,ERR,ERR,ERR,ERR,ERR,ERR,ERR,ERR,ERR,ERR,ERR,ERR,ERR,ERR,ERR,ERR,ERR,ERR,ERR,ERR,ERR,ERR,ERR,ERR,ERR,ERR,ERR,ERR,ERR,ERR,ERR,ERR,ERR,ERR,ERR,ERR,ERR,ERR,ERR,0.0,0.0,2.6474777903227054e+23,0.0,0.0,1.3936040501711995e+18,7.805,0.0,0,0,4,0,7300,-0.0,0,0.0,0.0,0.0,0.0,0.0,0,0,0,0,0.0,0,0,0,0,0,0,0,0,0,0,0,0,0,0,0,0,0,0,0,0,0,0,0,0,0,0,0,0,0,0,0,0,0,32,30,30,62,65476,0,300,0,0,8,21553,0.0,-107605600.0,0.0,0.0,0.0,0.0,0.0,0.0,0.0,0.0,0.0,0.0,0.0,0.0,0.0,0.0,0.0,0.0,0.0,0.0,0.0,0.0,2.004,-0.0,-0.0,2.004,0.0,0.0,0.0,0.0,5400.0,-1.587931619850188e+29,6974.0,0.0,0.0,-107615280.0,0.0,0.0,0.0,0.0,0.0,63,-0.0,0.059,0.0,0.0,0.0,0.0,0.0,0.0,0.0,0,0,0,0.0,0.0,0.0,0.0,0.0,0.0,0.0,0.0,0.0,0.0,0.0,0.0,0.0,0.0,0.0,0.0,0,-107875648.0,63,0.0,126,2.7184242562605685e+23,-0.0,ERR,ERR,ERR,ERR,ERR,ERR,ERR,ERR,ERR,ERR,ERR,ERR,ERR,ERR,ERR,ERR,ERR,ERR,ERR,ERR,ERR,ERR,ERR,ERR,ERR,ERR,ERR,ERR,ERR,ERR,ERR,ERR,ERR,ERR,ERR,ERR,ERR,ERR,ERR,ERR,ERR,ERR,ERR,ERR,ERR,ERR,ERR,ERR,ERR,ERR,ERR,ERR,ERR,ERR,ERR,ERR,ERR,ERR,ERR,ERR,ERR,ERR,ERR,ERR,ERR,ERR,ERR,34.0,80.0,35,0.0,0.0,0.0,0.0,0.0,0.0,0.0,0.0,0.0,0.0,0.0,0.0,0.0,0.0,0.0,0.0,64.4,0,117,56,50,65476,0,300,0,0,8,20529,65476,0,0,57672,80.0,0.0,0.0,0.0,0.0,0.0
2026-06-17T04:09:47,ERR,ERR,ERR,ERR,ERR,ERR,ERR,ERR,ERR,ERR,ERR,ERR,ERR,ERR,ERR,ERR,ERR,ERR,ERR,ERR,ERR,ERR,ERR,ERR,ERR,ERR,ERR,ERR,ERR,ERR,ERR,ERR,ERR,ERR,ERR,ERR,ERR,ERR,ERR,ERR,ERR,ERR,ERR,ERR,ERR,ERR,ERR,ERR,ERR,ERR,ERR,ERR,ERR,ERR,ERR,ERR,ERR,ERR,ERR,ERR,ERR,ERR,ERR,ERR,ERR,ERR,ERR,ERR,ERR,ERR,ERR,ERR,ERR,ERR,ERR,ERR,ERR,ERR,ERR,ERR,ERR,ERR,ERR,ERR,ERR,ERR,ERR,ERR,ERR,ERR,ERR,ERR,ERR,ERR,ERR,ERR,ERR,ERR,ERR,ERR,ERR,ERR,ERR,ERR,ERR,ERR,ERR,ERR,ERR,ERR,ERR,ERR,ERR,ERR,ERR,ERR,ERR,ERR,ERR,ERR,ERR,ERR,ERR,ERR,ERR,0.0,0.0,2.6474777903227054e+23,0.0,0.0,1.3936040501711995e+18,7.805,0.0,0,0,4,0,7300,-0.0,0,0.0,0.0,0.0,0.0,0.0,0,0,0,0,0.0,0,0,0,0,0,0,0,0,0,0,0,0,0,0,0,0,0,0,0,0,0,0,0,0,0,0,0,0,0,0,0,0,0,32,30,30,62,65476,0,300,0,0,8,21553,0.0,-107605600.0,0.0,0.0,0.0,0.0,0.0,0.0,0.0,0.0,0.0,0.0,0.0,0.0,0.0,0.0,0.0,0.0,0.0,0.0,0.0,0.0,2.004,-0.0,-0.0,2.004,0.0,0.0,0.0,0.0,5432.0,-131350.641,6969.0,0.0,0.0,-107615280.0,0.0,0.0,0.0,0.0,0.0,63,-0.0,126840676352.0,0.0,0.0,0.0,0.0,0.0,0.0,0.0,0,0,0,0.0,0.0,0.0,0.0,0.0,0.0,0.0,0.0,0.0,0.0,0.0,0.0,0.0,0.0,0.0,0.0,0,-107875648.0,63,0.0,126,2.7184242562605685e+23,-0.0,ERR,ERR,ERR,ERR,ERR,ERR,ERR,ERR,ERR,ERR,ERR,ERR,ERR,ERR,ERR,ERR,ERR,ERR,ERR,ERR,ERR,ERR,ERR,ERR,ERR,ERR,ERR,ERR,ERR,ERR,ERR,ERR,ERR,ERR,ERR,ERR,ERR,ERR,ERR,ERR,ERR,ERR,ERR,ERR,ERR,ERR,ERR,ERR,ERR,ERR,ERR,ERR,ERR,ERR,ERR,ERR,ERR,ERR,ERR,ERR,ERR,ERR,ERR,ERR,ERR,ERR,ERR,34.0,80.0,35,0.0,0.0,0.0,0.0,0.0,0.0,0.0,0.0,0.0,0.0,0.0,0.0,0.0,0.0,0.0,0.0,64.8,0,117,56,50,65476,0,300,0,0,8,20529,65476,0,0,57672,80.0,0.0,0.0,0.0,0.0,0.0
2026-06-17T04:09:48,ERR,ERR,ERR,ERR,ERR,ERR,ERR,ERR,ERR,ERR,ERR,ERR,ERR,ERR,ERR,ERR,ERR,ERR,ERR,ERR,ERR,ERR,ERR,ERR,ERR,ERR,ERR,ERR,ERR,ERR,ERR,ERR,ERR,ERR,ERR,ERR,ERR,ERR,ERR,ERR,ERR,ERR,ERR,ERR,ERR,ERR,ERR,ERR,ERR,ERR,ERR,ERR,ERR,ERR,ERR,ERR,ERR,ERR,ERR,ERR,ERR,ERR,ERR,ERR,ERR,ERR,ERR,ERR,ERR,ERR,ERR,ERR,ERR,ERR,ERR,ERR,ERR,ERR,ERR,ERR,ERR,ERR,ERR,ERR,ERR,ERR,ERR,ERR,ERR,ERR,ERR,ERR,ERR,ERR,ERR,ERR,ERR,ERR,ERR,ERR,ERR,ERR,ERR,ERR,ERR,ERR,ERR,ERR,ERR,ERR,ERR,ERR,ERR,ERR,ERR,ERR,ERR,ERR,ERR,ERR,ERR,ERR,ERR,ERR,ERR,0.0,0.0,2.6474777903227054e+23,0.0,0.0,1.3936040501711995e+18,7.805,0.0,0,0,4,0,7300,-0.0,0,0.0,0.0,0.0,0.0,0.0,0,0,0,0,0.0,0,0,0,0,0,0,0,0,0,0,0,0,0,0,0,0,0,0,0,0,0,0,0,0,0,0,0,0,0,0,0,0,0,32,30,30,62,65476,0,300,0,0,8,21553,0.0,-107605600.0,0.0,0.0,0.0,0.0,0.0,0.0,0.0,0.0,0.0,0.0,0.0,0.0,0.0,0.0,0.0,0.0,0.0,0.0,0.0,0.0,2.004,-0.0,-0.0,2.004,0.0,0.0,0.0,0.0,5432.0,-131350.641,6969.0,0.0,0.0,-107615280.0,0.0,0.0,0.0,0.0,0.0,63,-0.0,126840676352.0,0.0,0.0,0.0,0.0,0.0,0.0,0.0,0,0,0,0.0,0.0,0.0,0.0,0.0,0.0,0.0,0.0,0.0,0.0,0.0,0.0,0.0,0.0,0.0,0.0,0,-107875648.0,63,0.0,126,2.7184242562605685e+23,-0.0,ERR,ERR,ERR,ERR,ERR,ERR,ERR,ERR,ERR,ERR,ERR,ERR,ERR,ERR,ERR,ERR,ERR,ERR,ERR,ERR,ERR,ERR,ERR,ERR,ERR,ERR,ERR,ERR,ERR,ERR,ERR,ERR,ERR,ERR,ERR,ERR,ERR,ERR,ERR,ERR,ERR,ERR,ERR,ERR,ERR,ERR,ERR,ERR,ERR,ERR,ERR,ERR,ERR,ERR,ERR,ERR,ERR,ERR,ERR,ERR,ERR,ERR,ERR,ERR,ERR,ERR,ERR,34.0,80.0,35,0.0,0.0,0.0,0.0,0.0,0.0,0.0,0.0,0.0,0.0,0.0,0.0,0.0,0.0,0.0,0.0,64.4,0,117,56,50,65476,0,300,0,0,8,20529,65476,0,0,57672,80.0,0.0,0.0,0.0,0.0,0.0
2026-06-17T04:09:49,ERR,ERR,ERR,ERR,ERR,ERR,ERR,ERR,ERR,ERR,ERR,ERR,ERR,ERR,ERR,ERR,ERR,ERR,ERR,ERR,ERR,ERR,ERR,ERR,ERR,ERR,ERR,ERR,ERR,ERR,ERR,ERR,ERR,ERR,ERR,ERR,ERR,ERR,ERR,ERR,ERR,ERR,ERR,ERR,ERR,ERR,ERR,ERR,ERR,ERR,ERR,ERR,ERR,ERR,ERR,ERR,ERR,ERR,ERR,ERR,ERR,ERR,ERR,ERR,ERR,ERR,ERR,ERR,ERR,ERR,ERR,ERR,ERR,ERR,ERR,ERR,ERR,ERR,ERR,ERR,ERR,ERR,ERR,ERR,ERR,ERR,ERR,ERR,ERR,ERR,ERR,ERR,ERR,ERR,ERR,ERR,ERR,ERR,ERR,ERR,ERR,ERR,ERR,ERR,ERR,ERR,ERR,ERR,ERR,ERR,ERR,ERR,ERR,ERR,ERR,ERR,ERR,ERR,ERR,ERR,ERR,ERR,ERR,ERR,ERR,0.0,0.0,2.6474777903227054e+23,0.0,0.0,1.3936040501711995e+18,7.805,0.0,0,0,4,0,7300,-0.0,0,0.0,0.0,0.0,0.0,0.0,0,0,0,0,0.0,0,0,0,0,0,0,0,0,0,0,0,0,0,0,0,0,0,0,0,0,0,0,0,0,0,0,0,0,0,0,0,0,0,32,30,30,62,65476,0,300,0,0,8,21553,0.0,-107605600.0,0.0,0.0,0.0,0.0,0.0,0.0,0.0,0.0,0.0,0.0,0.0,0.0,0.0,0.0,0.0,0.0,0.0,0.0,0.0,0.0,2.004,-0.0,-0.0,2.004,0.0,0.0,0.0,0.0,5432.0,-131350.641,6969.0,0.0,0.0,-107615280.0,0.0,0.0,0.0,0.0,0.0,63,-0.0,126840676352.0,0.0,0.0,0.0,0.0,0.0,0.0,0.0,0,0,0,0.0,0.0,0.0,0.0,0.0,0.0,0.0,0.0,0.0,0.0,0.0,0.0,0.0,0.0,0.0,0.0,0,-107875648.0,63,0.0,126,2.7184242562605685e+23,-0.0,ERR,ERR,ERR,ERR,ERR,ERR,ERR,ERR,ERR,ERR,ERR,ERR,ERR,ERR,ERR,ERR,ERR,ERR,ERR,ERR,ERR,ERR,ERR,ERR,ERR,ERR,ERR,ERR,ERR,ERR,ERR,ERR,ERR,ERR,ERR,ERR,ERR,ERR,ERR,ERR,ERR,ERR,ERR,ERR,ERR,ERR,ERR,ERR,ERR,ERR,ERR,ERR,ERR,ERR,ERR,ERR,ERR,ERR,ERR,ERR,ERR,ERR,ERR,ERR,ERR,ERR,ERR,34.0,80.0,35,0.0,0.0,0.0,0.0,0.0,0.0,0.0,0.0,0.0,0.0,0.0,0.0,0.0,0.0,0.0,0.0,64.4,0,117,56,50,65476,0,300,0,0,8,20529,65476,0,0,57672,80.0,0.0,0.0,0.0,0.0,0.0
2026-06-17T04:09:50,ERR,ERR,ERR,ERR,ERR,ERR,ERR,ERR,ERR,ERR,ERR,ERR,ERR,ERR,ERR,ERR,ERR,ERR,ERR,ERR,ERR,ERR,ERR,ERR,ERR,ERR,ERR,ERR,ERR,ERR,ERR,ERR,ERR,ERR,ERR,ERR,ERR,ERR,ERR,ERR,ERR,ERR,ERR,ERR,ERR,ERR,ERR,ERR,ERR,ERR,ERR,ERR,ERR,ERR,ERR,ERR,ERR,ERR,ERR,ERR,ERR,ERR,ERR,ERR,ERR,ERR,ERR,ERR,ERR,ERR,ERR,ERR,ERR,ERR,ERR,ERR,ERR,ERR,ERR,ERR,ERR,ERR,ERR,ERR,ERR,ERR,ERR,ERR,ERR,ERR,ERR,ERR,ERR,ERR,ERR,ERR,ERR,ERR,ERR,ERR,ERR,ERR,ERR,ERR,ERR,ERR,ERR,ERR,ERR,ERR,ERR,ERR,ERR,ERR,ERR,ERR,ERR,ERR,ERR,ERR,ERR,ERR,ERR,ERR,ERR,0.0,0.0,2.6474777903227054e+23,0.0,0.0,1.3936040501711995e+18,7.805,0.0,0,0,4,0,7300,-0.0,0,0.0,0.0,0.0,0.0,0.0,0,0,0,0,0.0,0,0,0,0,0,0,0,0,0,0,0,0,0,0,0,0,0,0,0,0,0,0,0,0,0,0,0,0,0,0,0,0,0,32,30,30,62,65476,0,300,0,0,8,21553,0.0,-107605600.0,0.0,0.0,0.0,0.0,0.0,0.0,0.0,0.0,0.0,0.0,0.0,0.0,0.0,0.0,0.0,0.0,0.0,0.0,0.0,0.0,2.004,-0.0,-0.0,2.004,0.0,0.0,0.0,0.0,5432.0,-131350.641,6969.0,0.0,0.0,-107615280.0,0.0,0.0,0.0,0.0,0.0,63,-0.0,126840676352.0,0.0,0.0,0.0,0.0,0.0,0.0,0.0,0,0,0,0.0,0.0,0.0,0.0,0.0,0.0,0.0,0.0,0.0,0.0,0.0,0.0,0.0,0.0,0.0,0.0,0,-107875648.0,63,0.0,126,2.7184242562605685e+23,-0.0,ERR,ERR,ERR,ERR,ERR,ERR,ERR,ERR,ERR,ERR,ERR,ERR,ERR,ERR,ERR,ERR,ERR,ERR,ERR,ERR,ERR,ERR,ERR,ERR,ERR,ERR,ERR,ERR,ERR,ERR,ERR,ERR,ERR,ERR,ERR,ERR,ERR,ERR,ERR,ERR,ERR,ERR,ERR,ERR,ERR,ERR,ERR,ERR,ERR,ERR,ERR,ERR,ERR,ERR,ERR,ERR,ERR,ERR,ERR,ERR,ERR,ERR,ERR,ERR,ERR,ERR,ERR,34.0,80.0,35,0.0,0.0,0.0,0.0,0.0,0.0,0.0,0.0,0.0,0.0,0.0,0.0,0.0,0.0,0.0,0.0,64.8,0,117,56,50,65476,0,300,0,0,8,20529,65476,0,0,57672,80.0,0.0,0.0,0.0,0.0,0.0
2026-06-17T04:09:51,ERR,ERR,ERR,ERR,ERR,ERR,ERR,ERR,ERR,ERR,ERR,ERR,ERR,ERR,ERR,ERR,ERR,ERR,ERR,ERR,ERR,ERR,ERR,ERR,ERR,ERR,ERR,ERR,ERR,ERR,ERR,ERR,ERR,ERR,ERR,ERR,ERR,ERR,ERR,ERR,ERR,ERR,ERR,ERR,ERR,ERR,ERR,ERR,ERR,ERR,ERR,ERR,ERR,ERR,ERR,ERR,ERR,ERR,ERR,ERR,ERR,ERR,ERR,ERR,ERR,ERR,ERR,ERR,ERR,ERR,ERR,ERR,ERR,ERR,ERR,ERR,ERR,ERR,ERR,ERR,ERR,ERR,ERR,ERR,ERR,ERR,ERR,ERR,ERR,ERR,ERR,ERR,ERR,ERR,ERR,ERR,ERR,ERR,ERR,ERR,ERR,ERR,ERR,ERR,ERR,ERR,ERR,ERR,ERR,ERR,ERR,ERR,ERR,ERR,ERR,ERR,ERR,ERR,ERR,ERR,ERR,ERR,ERR,ERR,ERR,0.0,0.0,2.6474777903227054e+23,0.0,0.0,1.3936040501711995e+18,7.805,0.0,0,0,4,0,7300,-0.0,0,0.0,0.0,0.0,0.0,0.0,0,0,0,0,0.0,0,0,0,0,0,0,0,0,0,0,0,0,0,0,0,0,0,0,0,0,0,0,0,0,0,0,0,0,0,0,0,0,0,32,30,30,62,65476,0,300,0,0,8,21553,0.0,-107605600.0,0.0,0.0,0.0,0.0,0.0,0.0,0.0,0.0,0.0,0.0,0.0,0.0,0.0,0.0,0.0,0.0,0.0,0.0,0.0,0.0,2.004,-0.0,-0.0,2.004,0.0,0.0,0.0,0.0,5432.0,-131350.641,6969.0,0.0,0.0,-107615280.0,0.0,0.0,0.0,0.0,0.0,63,-0.0,126840676352.0,0.0,0.0,0.0,0.0,0.0,0.0,0.0,0,0,0,0.0,0.0,0.0,0.0,0.0,0.0,0.0,0.0,0.0,0.0,0.0,0.0,0.0,0.0,0.0,0.0,0,-107875648.0,63,0.0,126,2.7184242562605685e+23,-0.0,ERR,ERR,ERR,ERR,ERR,ERR,ERR,ERR,ERR,ERR,ERR,ERR,ERR,ERR,ERR,ERR,ERR,ERR,ERR,ERR,ERR,ERR,ERR,ERR,ERR,ERR,ERR,ERR,ERR,ERR,ERR,ERR,ERR,ERR,ERR,ERR,ERR,ERR,ERR,ERR,ERR,ERR,ERR,ERR,ERR,ERR,ERR,ERR,ERR,ERR,ERR,ERR,ERR,ERR,ERR,ERR,ERR,ERR,ERR,ERR,ERR,ERR,ERR,ERR,ERR,ERR,ERR,34.0,80.0,35,0.0,0.0,0.0,0.0,0.0,0.0,0.0,0.0,0.0,0.0,0.0,0.0,0.0,0.0,0.0,0.0,64.8,0,117,56,50,65476,0,300,0,0,8,20529,65476,0,0,57672,80.0,0.0,0.0,0.0,0.0,0.0
2026-06-17T04:09:52,ERR,ERR,ERR,ERR,ERR,ERR,ERR,ERR,ERR,ERR,ERR,ERR,ERR,ERR,ERR,ERR,ERR,ERR,ERR,ERR,ERR,ERR,ERR,ERR,ERR,ERR,ERR,ERR,ERR,ERR,ERR,ERR,ERR,ERR,ERR,ERR,ERR,ERR,ERR,ERR,ERR,ERR,ERR,ERR,ERR,ERR,ERR,ERR,ERR,ERR,ERR,ERR,ERR,ERR,ERR,ERR,ERR,ERR,ERR,ERR,ERR,ERR,ERR,ERR,ERR,ERR,ERR,ERR,ERR,ERR,ERR,ERR,ERR,ERR,ERR,ERR,ERR,ERR,ERR,ERR,ERR,ERR,ERR,ERR,ERR,ERR,ERR,ERR,ERR,ERR,ERR,ERR,ERR,ERR,ERR,ERR,ERR,ERR,ERR,ERR,ERR,ERR,ERR,ERR,ERR,ERR,ERR,ERR,ERR,ERR,ERR,ERR,ERR,ERR,ERR,ERR,ERR,ERR,ERR,ERR,ERR,ERR,ERR,ERR,ERR,0.0,0.0,2.6474777903227054e+23,0.0,0.0,1.3936040501711995e+18,7.805,0.0,0,0,4,0,7300,-0.0,0,0.0,0.0,0.0,0.0,0.0,0,0,0,0,0.0,0,0,0,0,0,0,0,0,0,0,0,0,0,0,0,0,0,0,0,0,0,0,0,0,0,0,0,0,0,0,0,0,0,32,30,30,62,65476,0,300,0,0,8,21553,0.0,-107605600.0,0.0,0.0,0.0,0.0,0.0,0.0,0.0,0.0,0.0,0.0,0.0,0.0,0.0,0.0,0.0,0.0,0.0,0.0,0.0,0.0,2.004,-0.0,-0.0,2.004,0.0,0.0,0.0,0.0,5464.0,-0.0,6963.0,0.0,0.0,-107615280.0,0.0,0.0,0.0,0.0,0.0,63,-0.0,1.9056890151436288e+17,0.0,0.0,0.0,0.0,0.0,0.0,0.0,0,0,0,0.0,0.0,0.0,0.0,0.0,0.0,0.0,0.0,0.0,0.0,0.0,0.0,0.0,0.0,0.0,0.0,0,-107875648.0,63,0.0,126,2.7184242562605685e+23,-0.0,ERR,ERR,ERR,ERR,ERR,ERR,ERR,ERR,ERR,ERR,ERR,ERR,ERR,ERR,ERR,ERR,ERR,ERR,ERR,ERR,ERR,ERR,ERR,ERR,ERR,ERR,ERR,ERR,ERR,ERR,ERR,ERR,ERR,ERR,ERR,ERR,ERR,ERR,ERR,ERR,ERR,ERR,ERR,ERR,ERR,ERR,ERR,ERR,ERR,ERR,ERR,ERR,ERR,ERR,ERR,ERR,ERR,ERR,ERR,ERR,ERR,ERR,ERR,ERR,ERR,ERR,ERR,34.0,80.0,35,0.0,0.0,0.0,0.0,0.0,0.0,0.0,0.0,0.0,0.0,0.0,0.0,0.0,0.0,0.0,0.0,64.4,0,117,56,50,65476,0,300,0,0,8,20529,65476,0,0,57672,80.0,0.0,0.0,0.0,0.0,0.0
2026-06-17T04:09:53,ERR,ERR,ERR,ERR,ERR,ERR,ERR,ERR,ERR,ERR,ERR,ERR,ERR,ERR,ERR,ERR,ERR,ERR,ERR,ERR,ERR,ERR,ERR,ERR,ERR,ERR,ERR,ERR,ERR,ERR,ERR,ERR,ERR,ERR,ERR,ERR,ERR,ERR,ERR,ERR,ERR,ERR,ERR,ERR,ERR,ERR,ERR,ERR,ERR,ERR,ERR,ERR,ERR,ERR,ERR,ERR,ERR,ERR,ERR,ERR,ERR,ERR,ERR,ERR,ERR,ERR,ERR,ERR,ERR,ERR,ERR,ERR,ERR,ERR,ERR,ERR,ERR,ERR,ERR,ERR,ERR,ERR,ERR,ERR,ERR,ERR,ERR,ERR,ERR,ERR,ERR,ERR,ERR,ERR,ERR,ERR,ERR,ERR,ERR,ERR,ERR,ERR,ERR,ERR,ERR,ERR,ERR,ERR,ERR,ERR,ERR,ERR,ERR,ERR,ERR,ERR,ERR,ERR,ERR,ERR,ERR,ERR,ERR,ERR,ERR,0.0,0.0,2.6474777903227054e+23,0.0,0.0,1.3936040501711995e+18,7.805,0.0,0,0,4,0,7300,-0.0,0,0.0,0.0,0.0,0.0,0.0,0,0,0,0,0.0,0,0,0,0,0,0,0,0,0,0,0,0,0,0,0,0,0,0,0,0,0,0,0,0,0,0,0,0,0,0,0,0,0,32,30,30,62,65476,0,300,0,0,8,21553,0.0,-107605600.0,0.0,0.0,0.0,0.0,0.0,0.0,0.0,0.0,0.0,0.0,0.0,0.0,0.0,0.0,0.0,0.0,0.0,0.0,0.0,0.0,2.004,-0.0,-0.0,2.004,0.0,0.0,0.0,0.0,5464.0,-0.0,6963.0,0.0,0.0,-107615280.0,0.0,0.0,0.0,0.0,0.0,63,-0.0,1.9056890151436288e+17,0.0,0.0,0.0,0.0,0.0,0.0,0.0,0,0,0,0.0,0.0,0.0,0.0,0.0,0.0,0.0,0.0,0.0,0.0,0.0,0.0,0.0,0.0,0.0,0.0,0,-107875648.0,63,0.0,126,2.7184242562605685e+23,-0.0,ERR,ERR,ERR,ERR,ERR,ERR,ERR,ERR,ERR,ERR,ERR,ERR,ERR,ERR,ERR,ERR,ERR,ERR,ERR,ERR,ERR,ERR,ERR,ERR,ERR,ERR,ERR,ERR,ERR,ERR,ERR,ERR,ERR,ERR,ERR,ERR,ERR,ERR,ERR,ERR,ERR,ERR,ERR,ERR,ERR,ERR,ERR,ERR,ERR,ERR,ERR,ERR,ERR,ERR,ERR,ERR,ERR,ERR,ERR,ERR,ERR,ERR,ERR,ERR,ERR,ERR,ERR,34.0,80.0,35,0.0,0.0,0.0,0.0,0.0,0.0,0.0,0.0,0.0,0.0,0.0,0.0,0.0,0.0,0.0,0.0,64.4,0,117,56,50,65476,0,300,0,0,8,20529,65476,0,0,57672,80.0,0.0,0.0,0.0,0.0,0.0
2026-06-17T04:09:54,ERR,ERR,ERR,ERR,ERR,ERR,ERR,ERR,ERR,ERR,ERR,ERR,ERR,ERR,ERR,ERR,ERR,ERR,ERR,ERR,ERR,ERR,ERR,ERR,ERR,ERR,ERR,ERR,ERR,ERR,ERR,ERR,ERR,ERR,ERR,ERR,ERR,ERR,ERR,ERR,ERR,ERR,ERR,ERR,ERR,ERR,ERR,ERR,ERR,ERR,ERR,ERR,ERR,ERR,ERR,ERR,ERR,ERR,ERR,ERR,ERR,ERR,ERR,ERR,ERR,ERR,ERR,ERR,ERR,ERR,ERR,ERR,ERR,ERR,ERR,ERR,ERR,ERR,ERR,ERR,ERR,ERR,ERR,ERR,ERR,ERR,ERR,ERR,ERR,ERR,ERR,ERR,ERR,ERR,ERR,ERR,ERR,ERR,ERR,ERR,ERR,ERR,ERR,ERR,ERR,ERR,ERR,ERR,ERR,ERR,ERR,ERR,ERR,ERR,ERR,ERR,ERR,ERR,ERR,ERR,ERR,ERR,ERR,ERR,ERR,0.0,0.0,2.6474777903227054e+23,0.0,0.0,1.3936040501711995e+18,7.805,0.0,0,0,4,0,7300,-0.0,0,0.0,0.0,0.0,0.0,0.0,0,0,0,0,0.0,0,0,0,0,0,0,0,0,0,0,0,0,0,0,0,0,0,0,0,0,0,0,0,0,0,0,0,0,0,0,0,0,0,32,30,30,62,65476,0,300,0,0,8,21553,0.0,-107605600.0,0.0,0.0,0.0,0.0,0.0,0.0,0.0,0.0,0.0,0.0,0.0,0.0,0.0,0.0,0.0,0.0,0.0,0.0,0.0,0.0,2.004,-0.0,-0.0,2.004,0.0,0.0,0.0,0.0,5464.0,-0.0,6963.0,0.0,0.0,-107615280.0,0.0,0.0,0.0,0.0,0.0,63,-0.0,1.9056890151436288e+17,0.0,0.0,0.0,0.0,0.0,0.0,0.0,0,0,0,0.0,0.0,0.0,0.0,0.0,0.0,0.0,0.0,0.0,0.0,0.0,0.0,0.0,0.0,0.0,0.0,0,-107875648.0,63,0.0,126,2.7184242562605685e+23,-0.0,ERR,ERR,ERR,ERR,ERR,ERR,ERR,ERR,ERR,ERR,ERR,ERR,ERR,ERR,ERR,ERR,ERR,ERR,ERR,ERR,ERR,ERR,ERR,ERR,ERR,ERR,ERR,ERR,ERR,ERR,ERR,ERR,ERR,ERR,ERR,ERR,ERR,ERR,ERR,ERR,ERR,ERR,ERR,ERR,ERR,ERR,ERR,ERR,ERR,ERR,ERR,ERR,ERR,ERR,ERR,ERR,ERR,ERR,ERR,ERR,ERR,ERR,ERR,ERR,ERR,ERR,ERR,34.0,80.0,35,0.0,0.0,0.0,0.0,0.0,0.0,0.0,0.0,0.0,0.0,0.0,0.0,0.0,0.0,0.0,0.0,64.4,0,117,56,50,65476,0,300,0,0,8,20529,65476,0,0,57672,80.0,0.0,0.0,0.0,0.0,0.0
2026-06-17T04:09:55,ERR,ERR,ERR,ERR,ERR,ERR,ERR,ERR,ERR,ERR,ERR,ERR,ERR,ERR,ERR,ERR,ERR,ERR,ERR,ERR,ERR,ERR,ERR,ERR,ERR,ERR,ERR,ERR,ERR,ERR,ERR,ERR,ERR,ERR,ERR,ERR,ERR,ERR,ERR,ERR,ERR,ERR,ERR,ERR,ERR,ERR,ERR,ERR,ERR,ERR,ERR,ERR,ERR,ERR,ERR,ERR,ERR,ERR,ERR,ERR,ERR,ERR,ERR,ERR,ERR,ERR,ERR,ERR,ERR,ERR,ERR,ERR,ERR,ERR,ERR,ERR,ERR,ERR,ERR,ERR,ERR,ERR,ERR,ERR,ERR,ERR,ERR,ERR,ERR,ERR,ERR,ERR,ERR,ERR,ERR,ERR,ERR,ERR,ERR,ERR,ERR,ERR,ERR,ERR,ERR,ERR,ERR,ERR,ERR,ERR,ERR,ERR,ERR,ERR,ERR,ERR,ERR,ERR,ERR,ERR,ERR,ERR,ERR,ERR,ERR,0.0,0.0,2.6474777903227054e+23,0.0,0.0,1.3936040501711995e+18,7.805,0.0,0,0,4,0,7300,-0.0,0,0.0,0.0,0.0,0.0,0.0,0,0,0,0,0.0,0,0,0,0,0,0,0,0,0,0,0,0,0,0,0,0,0,0,0,0,0,0,0,0,0,0,0,0,0,0,0,0,0,32,30,30,62,65476,0,300,0,0,8,21553,0.0,-107605600.0,0.0,0.0,0.0,0.0,0.0,0.0,0.0,0.0,0.0,0.0,0.0,0.0,0.0,0.0,0.0,0.0,0.0,0.0,0.0,0.0,2.004,-0.0,-0.0,2.004,0.0,0.0,0.0,0.0,5464.0,-0.0,6963.0,0.0,0.0,-107615280.0,0.0,0.0,0.0,0.0,0.0,63,-0.0,1.9056890151436288e+17,0.0,0.0,0.0,0.0,0.0,0.0,0.0,0,0,0,0.0,0.0,0.0,0.0,0.0,0.0,0.0,0.0,0.0,0.0,0.0,0.0,0.0,0.0,0.0,0.0,0,-107875648.0,63,0.0,126,2.7184242562605685e+23,-0.0,ERR,ERR,ERR,ERR,ERR,ERR,ERR,ERR,ERR,ERR,ERR,ERR,ERR,ERR,ERR,ERR,ERR,ERR,ERR,ERR,ERR,ERR,ERR,ERR,ERR,ERR,ERR,ERR,ERR,ERR,ERR,ERR,ERR,ERR,ERR,ERR,ERR,ERR,ERR,ERR,ERR,ERR,ERR,ERR,ERR,ERR,ERR,ERR,ERR,ERR,ERR,ERR,ERR,ERR,ERR,ERR,ERR,ERR,ERR,ERR,ERR,ERR,ERR,ERR,ERR,ERR,ERR,34.0,80.0,35,0.0,0.0,0.0,0.0,0.0,0.0,0.0,0.0,0.0,0.0,0.0,0.0,0.0,0.0,0.0,0.0,64.4,0,117,56,50,65476,0,300,0,0,8,20529,65476,0,0,57672,80.0,0.0,0.0,0.0,0.0,0.0
2026-06-17T04:09:56,ERR,ERR,ERR,ERR,ERR,ERR,ERR,ERR,ERR,ERR,ERR,ERR,ERR,ERR,ERR,ERR,ERR,ERR,ERR,ERR,ERR,ERR,ERR,ERR,ERR,ERR,ERR,ERR,ERR,ERR,ERR,ERR,ERR,ERR,ERR,ERR,ERR,ERR,ERR,ERR,ERR,ERR,ERR,ERR,ERR,ERR,ERR,ERR,ERR,ERR,ERR,ERR,ERR,ERR,ERR,ERR,ERR,ERR,ERR,ERR,ERR,ERR,ERR,ERR,ERR,ERR,ERR,ERR,ERR,ERR,ERR,ERR,ERR,ERR,ERR,ERR,ERR,ERR,ERR,ERR,ERR,ERR,ERR,ERR,ERR,ERR,ERR,ERR,ERR,ERR,ERR,ERR,ERR,ERR,ERR,ERR,ERR,ERR,ERR,ERR,ERR,ERR,ERR,ERR,ERR,ERR,ERR,ERR,ERR,ERR,ERR,ERR,ERR,ERR,ERR,ERR,ERR,ERR,ERR,ERR,ERR,ERR,ERR,ERR,ERR,0.0,0.0,2.6474777903227054e+23,0.0,0.0,1.3936040501711995e+18,7.805,0.0,0,0,4,0,7300,-0.0,0,0.0,0.0,0.0,0.0,0.0,0,0,0,0,0.0,0,0,0,0,0,0,0,0,0,0,0,0,0,0,0,0,0,0,0,0,0,0,0,0,0,0,0,0,0,0,0,0,0,32,30,30,62,65476,0,300,0,0,8,21553,0.0,-107605600.0,0.0,0.0,0.0,0.0,0.0,0.0,0.0,0.0,0.0,0.0,0.0,0.0,0.0,0.0,0.0,0.0,0.0,0.0,0.0,0.0,2.004,-0.0,-0.0,2.004,0.0,0.0,0.0,0.0,5464.0,-0.0,6963.0,0.0,0.0,-107615280.0,0.0,0.0,0.0,0.0,0.0,63,-0.0,1.9056890151436288e+17,0.0,0.0,0.0,0.0,0.0,0.0,0.0,0,0,0,0.0,0.0,0.0,0.0,0.0,0.0,0.0,0.0,0.0,0.0,0.0,0.0,0.0,0.0,0.0,0.0,0,-107875648.0,63,0.0,126,2.7184242562605685e+23,-0.0,ERR,ERR,ERR,ERR,ERR,ERR,ERR,ERR,ERR,ERR,ERR,ERR,ERR,ERR,ERR,ERR,ERR,ERR,ERR,ERR,ERR,ERR,ERR,ERR,ERR,ERR,ERR,ERR,ERR,ERR,ERR,ERR,ERR,ERR,ERR,ERR,ERR,ERR,ERR,ERR,ERR,ERR,ERR,ERR,ERR,ERR,ERR,ERR,ERR,ERR,ERR,ERR,ERR,ERR,ERR,ERR,ERR,ERR,ERR,ERR,ERR,ERR,ERR,ERR,ERR,ERR,ERR,34.0,80.0,35,0.0,0.0,0.0,0.0,0.0,0.0,0.0,0.0,0.0,0.0,0.0,0.0,0.0,0.0,0.0,0.0,64.4,0,117,56,50,65476,0,300,0,0,8,20529,65476,0,0,57672,80.0,0.0,0.0,0.0,0.0,0.0
2026-06-17T04:09:57,ERR,ERR,ERR,ERR,ERR,ERR,ERR,ERR,ERR,ERR,ERR,ERR,ERR,ERR,ERR,ERR,ERR,ERR,ERR,ERR,ERR,ERR,ERR,ERR,ERR,ERR,ERR,ERR,ERR,ERR,ERR,ERR,ERR,ERR,ERR,ERR,ERR,ERR,ERR,ERR,ERR,ERR,ERR,ERR,ERR,ERR,ERR,ERR,ERR,ERR,ERR,ERR,ERR,ERR,ERR,ERR,ERR,ERR,ERR,ERR,ERR,ERR,ERR,ERR,ERR,ERR,ERR,ERR,ERR,ERR,ERR,ERR,ERR,ERR,ERR,ERR,ERR,ERR,ERR,ERR,ERR,ERR,ERR,ERR,ERR,ERR,ERR,ERR,ERR,ERR,ERR,ERR,ERR,ERR,ERR,ERR,ERR,ERR,ERR,ERR,ERR,ERR,ERR,ERR,ERR,ERR,ERR,ERR,ERR,ERR,ERR,ERR,ERR,ERR,ERR,ERR,ERR,ERR,ERR,ERR,ERR,ERR,ERR,ERR,ERR,0.0,0.0,2.6474777903227054e+23,0.0,0.0,1.3936040501711995e+18,7.805,0.0,0,0,4,0,7300,-0.0,0,0.0,0.0,0.0,0.0,0.0,0,0,0,0,0.0,0,0,0,0,0,0,0,0,0,0,0,0,0,0,0,0,0,0,0,0,0,0,0,0,0,0,0,0,0,0,0,0,0,32,30,30,62,65476,0,300,0,0,8,21553,0.0,-107605600.0,0.0,0.0,0.0,0.0,0.0,0.0,0.0,0.0,0.0,0.0,0.0,0.0,0.0,0.0,0.0,0.0,0.0,0.0,0.0,0.0,2.004,-0.0,-0.0,2.004,0.0,0.0,0.0,0.0,5461.0,-1.040667113973027e+34,6975.0,0.0,0.0,-107615280.0,0.0,0.0,0.0,0.0,0.0,63,-0.0,-152017582424064.0,0.0,0.0,0.0,0.0,0.0,0.0,0.0,0,0,0,0.0,0.0,0.0,0.0,0.0,0.0,0.0,0.0,0.0,0.0,0.0,0.0,0.0,0.0,0.0,0.0,0,-107875648.0,63,0.0,126,2.7184242562605685e+23,-0.0,ERR,ERR,ERR,ERR,ERR,ERR,ERR,ERR,ERR,ERR,ERR,ERR,ERR,ERR,ERR,ERR,ERR,ERR,ERR,ERR,ERR,ERR,ERR,ERR,ERR,ERR,ERR,ERR,ERR,ERR,ERR,ERR,ERR,ERR,ERR,ERR,ERR,ERR,ERR,ERR,ERR,ERR,ERR,ERR,ERR,ERR,ERR,ERR,ERR,ERR,ERR,ERR,ERR,ERR,ERR,ERR,ERR,ERR,ERR,ERR,ERR,ERR,ERR,ERR,ERR,ERR,ERR,34.0,80.0,35,0.0,0.0,0.0,0.0,0.0,0.0,0.0,0.0,0.0,0.0,0.0,0.0,0.0,0.0,0.0,0.0,64.8,0,117,56,50,65476,0,300,0,0,8,20529,65476,0,0,57672,80.0,0.0,0.0,0.0,0.0,0.0
2026-06-17T04:09:58,ERR,ERR,ERR,ERR,ERR,ERR,ERR,ERR,ERR,ERR,ERR,ERR,ERR,ERR,ERR,ERR,ERR,ERR,ERR,ERR,ERR,ERR,ERR,ERR,ERR,ERR,ERR,ERR,ERR,ERR,ERR,ERR,ERR,ERR,ERR,ERR,ERR,ERR,ERR,ERR,ERR,ERR,ERR,ERR,ERR,ERR,ERR,ERR,ERR,ERR,ERR,ERR,ERR,ERR,ERR,ERR,ERR,ERR,ERR,ERR,ERR,ERR,ERR,ERR,ERR,ERR,ERR,ERR,ERR,ERR,ERR,ERR,ERR,ERR,ERR,ERR,ERR,ERR,ERR,ERR,ERR,ERR,ERR,ERR,ERR,ERR,ERR,ERR,ERR,ERR,ERR,ERR,ERR,ERR,ERR,ERR,ERR,ERR,ERR,ERR,ERR,ERR,ERR,ERR,ERR,ERR,ERR,ERR,ERR,ERR,ERR,ERR,ERR,ERR,ERR,ERR,ERR,ERR,ERR,ERR,ERR,ERR,ERR,ERR,ERR,0.0,0.0,2.6474777903227054e+23,0.0,0.0,1.3936040501711995e+18,7.805,0.0,0,0,4,0,7300,-0.0,0,0.0,0.0,0.0,0.0,0.0,0,0,0,0,0.0,0,0,0,0,0,0,0,0,0,0,0,0,0,0,0,0,0,0,0,0,0,0,0,0,0,0,0,0,0,0,0,0,0,32,30,30,62,65476,0,300,0,0,8,21553,0.0,-107605600.0,0.0,0.0,0.0,0.0,0.0,0.0,0.0,0.0,0.0,0.0,0.0,0.0,0.0,0.0,0.0,0.0,0.0,0.0,0.0,0.0,2.004,-0.0,-0.0,2.004,0.0,0.0,0.0,0.0,5461.0,-1.040667113973027e+34,6975.0,0.0,0.0,-107615280.0,0.0,0.0,0.0,0.0,0.0,63,-0.0,-152017582424064.0,0.0,0.0,0.0,0.0,0.0,0.0,0.0,0,0,0,0.0,0.0,0.0,0.0,0.0,0.0,0.0,0.0,0.0,0.0,0.0,0.0,0.0,0.0,0.0,0.0,0,-107875648.0,63,0.0,126,2.7184242562605685e+23,-0.0,ERR,ERR,ERR,ERR,ERR,ERR,ERR,ERR,ERR,ERR,ERR,ERR,ERR,ERR,ERR,ERR,ERR,ERR,ERR,ERR,ERR,ERR,ERR,ERR,ERR,ERR,ERR,ERR,ERR,ERR,ERR,ERR,ERR,ERR,ERR,ERR,ERR,ERR,ERR,ERR,ERR,ERR,ERR,ERR,ERR,ERR,ERR,ERR,ERR,ERR,ERR,ERR,ERR,ERR,ERR,ERR,ERR,ERR,ERR,ERR,ERR,ERR,ERR,ERR,ERR,ERR,ERR,34.0,80.0,35,0.0,0.0,0.0,0.0,0.0,0.0,0.0,0.0,0.0,0.0,0.0,0.0,0.0,0.0,0.0,0.0,64.8,0,117,56,50,65476,0,300,0,0,8,20529,65476,0,0,57672,80.0,0.0,0.0,0.0,0.0,0.0
2026-06-17T04:09:59,ERR,ERR,ERR,ERR,ERR,ERR,ERR,ERR,ERR,ERR,ERR,ERR,ERR,ERR,ERR,ERR,ERR,ERR,ERR,ERR,ERR,ERR,ERR,ERR,ERR,ERR,ERR,ERR,ERR,ERR,ERR,ERR,ERR,ERR,ERR,ERR,ERR,ERR,ERR,ERR,ERR,ERR,ERR,ERR,ERR,ERR,ERR,ERR,ERR,ERR,ERR,ERR,ERR,ERR,ERR,ERR,ERR,ERR,ERR,ERR,ERR,ERR,ERR,ERR,ERR,ERR,ERR,ERR,ERR,ERR,ERR,ERR,ERR,ERR,ERR,ERR,ERR,ERR,ERR,ERR,ERR,ERR,ERR,ERR,ERR,ERR,ERR,ERR,ERR,ERR,ERR,ERR,ERR,ERR,ERR,ERR,ERR,ERR,ERR,ERR,ERR,ERR,ERR,ERR,ERR,ERR,ERR,ERR,ERR,ERR,ERR,ERR,ERR,ERR,ERR,ERR,ERR,ERR,ERR,ERR,ERR,ERR,ERR,ERR,ERR,0.0,0.0,2.6474777903227054e+23,0.0,0.0,1.3936040501711995e+18,7.805,0.0,0,0,4,0,7300,-0.0,0,0.0,0.0,0.0,0.0,0.0,0,0,0,0,0.0,0,0,0,0,0,0,0,0,0,0,0,0,0,0,0,0,0,0,0,0,0,0,0,0,0,0,0,0,0,0,0,0,0,32,30,30,62,65476,0,300,0,0,8,21553,0.0,-107605600.0,0.0,0.0,0.0,0.0,0.0,0.0,0.0,0.0,0.0,0.0,0.0,0.0,0.0,0.0,0.0,0.0,0.0,0.0,0.0,0.0,2.004,-0.0,-0.0,2.004,0.0,0.0,0.0,0.0,5461.0,-1.040667113973027e+34,6975.0,0.0,0.0,-107615280.0,0.0,0.0,0.0,0.0,0.0,63,-0.0,-152017582424064.0,0.0,0.0,0.0,0.0,0.0,0.0,0.0,0,0,0,0.0,0.0,0.0,0.0,0.0,0.0,0.0,0.0,0.0,0.0,0.0,0.0,0.0,0.0,0.0,0.0,0,-107875648.0,63,0.0,126,2.7184242562605685e+23,-0.0,ERR,ERR,ERR,ERR,ERR,ERR,ERR,ERR,ERR,ERR,ERR,ERR,ERR,ERR,ERR,ERR,ERR,ERR,ERR,ERR,ERR,ERR,ERR,ERR,ERR,ERR,ERR,ERR,ERR,ERR,ERR,ERR,ERR,ERR,ERR,ERR,ERR,ERR,ERR,ERR,ERR,ERR,ERR,ERR,ERR,ERR,ERR,ERR,ERR,ERR,ERR,ERR,ERR,ERR,ERR,ERR,ERR,ERR,ERR,ERR,ERR,ERR,ERR,ERR,ERR,ERR,ERR,34.0,80.0,35,0.0,0.0,0.0,0.0,0.0,0.0,0.0,0.0,0.0,0.0,0.0,0.0,0.0,0.0,0.0,0.0,64.4,0,117,56,50,65476,0,300,0,0,8,20529,65476,0,0,57672,80.0,0.0,0.0,0.0,0.0,0.0
2026-06-17T04:10:00,ERR,ERR,ERR,ERR,ERR,ERR,ERR,ERR,ERR,ERR,ERR,ERR,ERR,ERR,ERR,ERR,ERR,ERR,ERR,ERR,ERR,ERR,ERR,ERR,ERR,ERR,ERR,ERR,ERR,ERR,ERR,ERR,ERR,ERR,ERR,ERR,ERR,ERR,ERR,ERR,ERR,ERR,ERR,ERR,ERR,ERR,ERR,ERR,ERR,ERR,ERR,ERR,ERR,ERR,ERR,ERR,ERR,ERR,ERR,ERR,ERR,ERR,ERR,ERR,ERR,ERR,ERR,ERR,ERR,ERR,ERR,ERR,ERR,ERR,ERR,ERR,ERR,ERR,ERR,ERR,ERR,ERR,ERR,ERR,ERR,ERR,ERR,ERR,ERR,ERR,ERR,ERR,ERR,ERR,ERR,ERR,ERR,ERR,ERR,ERR,ERR,ERR,ERR,ERR,ERR,ERR,ERR,ERR,ERR,ERR,ERR,ERR,ERR,ERR,ERR,ERR,ERR,ERR,ERR,ERR,ERR,ERR,ERR,ERR,ERR,0.0,0.0,2.6474777903227054e+23,0.0,0.0,1.3936040501711995e+18,7.805,0.0,0,0,4,0,7300,-0.0,0,0.0,0.0,0.0,0.0,0.0,0,0,0,0,0.0,0,0,0,0,0,0,0,0,0,0,0,0,0,0,0,0,0,0,0,0,0,0,0,0,0,0,0,0,0,0,0,0,0,32,30,30,62,65476,0,300,0,0,8,21553,0.0,-107605600.0,0.0,0.0,0.0,0.0,0.0,0.0,0.0,0.0,0.0,0.0,0.0,0.0,0.0,0.0,0.0,0.0,0.0,0.0,0.0,0.0,2.004,-0.0,-0.0,2.004,0.0,0.0,0.0,0.0,5461.0,-1.040667113973027e+34,6975.0,0.0,0.0,-107615280.0,0.0,0.0,0.0,0.0,0.0,63,-0.0,-152017582424064.0,0.0,0.0,0.0,0.0,0.0,0.0,0.0,0,0,0,0.0,0.0,0.0,0.0,0.0,0.0,0.0,0.0,0.0,0.0,0.0,0.0,0.0,0.0,0.0,0.0,0,-107875648.0,63,0.0,126,2.7184242562605685e+23,-0.0,ERR,ERR,ERR,ERR,ERR,ERR,ERR,ERR,ERR,ERR,ERR,ERR,ERR,ERR,ERR,ERR,ERR,ERR,ERR,ERR,ERR,ERR,ERR,ERR,ERR,ERR,ERR,ERR,ERR,ERR,ERR,ERR,ERR,ERR,ERR,ERR,ERR,ERR,ERR,ERR,ERR,ERR,ERR,ERR,ERR,ERR,ERR,ERR,ERR,ERR,ERR,ERR,ERR,ERR,ERR,ERR,ERR,ERR,ERR,ERR,ERR,ERR,ERR,ERR,ERR,ERR,ERR,34.0,80.0,35,0.0,0.0,0.0,0.0,0.0,0.0,0.0,0.0,0.0,0.0,0.0,0.0,0.0,0.0,0.0,0.0,64.4,0,117,56,50,65476,0,300,0,0,8,20529,65476,0,0,57672,80.0,0.0,0.0,0.0,0.0,0.0
2026-06-17T04:10:01,ERR,ERR,ERR,ERR,ERR,ERR,ERR,ERR,ERR,ERR,ERR,ERR,ERR,ERR,ERR,ERR,ERR,ERR,ERR,ERR,ERR,ERR,ERR,ERR,ERR,ERR,ERR,ERR,ERR,ERR,ERR,ERR,ERR,ERR,ERR,ERR,ERR,ERR,ERR,ERR,ERR,ERR,ERR,ERR,ERR,ERR,ERR,ERR,ERR,ERR,ERR,ERR,ERR,ERR,ERR,ERR,ERR,ERR,ERR,ERR,ERR,ERR,ERR,ERR,ERR,ERR,ERR,ERR,ERR,ERR,ERR,ERR,ERR,ERR,ERR,ERR,ERR,ERR,ERR,ERR,ERR,ERR,ERR,ERR,ERR,ERR,ERR,ERR,ERR,ERR,ERR,ERR,ERR,ERR,ERR,ERR,ERR,ERR,ERR,ERR,ERR,ERR,ERR,ERR,ERR,ERR,ERR,ERR,ERR,ERR,ERR,ERR,ERR,ERR,ERR,ERR,ERR,ERR,ERR,ERR,ERR,ERR,ERR,ERR,ERR,0.0,0.0,2.6474777903227054e+23,0.0,0.0,1.3936040501711995e+18,7.805,0.0,0,0,4,0,7300,-0.0,0,0.0,0.0,0.0,0.0,0.0,0,0,0,0,0.0,0,0,0,0,0,0,0,0,0,0,0,0,0,0,0,0,0,0,0,0,0,0,0,0,0,0,0,0,0,0,0,0,0,32,30,30,62,65476,0,300,0,0,8,21553,0.0,-107605600.0,0.0,0.0,0.0,0.0,0.0,0.0,0.0,0.0,0.0,0.0,0.0,0.0,0.0,0.0,0.0,0.0,0.0,0.0,0.0,0.0,2.004,-0.0,-0.0,2.004,0.0,0.0,0.0,0.0,5461.0,-1.040667113973027e+34,6975.0,0.0,0.0,-107615280.0,0.0,0.0,0.0,0.0,0.0,63,-0.0,-152017582424064.0,0.0,0.0,0.0,0.0,0.0,0.0,0.0,0,0,0,0.0,0.0,0.0,0.0,0.0,0.0,0.0,0.0,0.0,0.0,0.0,0.0,0.0,0.0,0.0,0.0,0,-107875648.0,63,0.0,126,2.7184242562605685e+23,-0.0,ERR,ERR,ERR,ERR,ERR,ERR,ERR,ERR,ERR,ERR,ERR,ERR,ERR,ERR,ERR,ERR,ERR,ERR,ERR,ERR,ERR,ERR,ERR,ERR,ERR,ERR,ERR,ERR,ERR,ERR,ERR,ERR,ERR,ERR,ERR,ERR,ERR,ERR,ERR,ERR,ERR,ERR,ERR,ERR,ERR,ERR,ERR,ERR,ERR,ERR,ERR,ERR,ERR,ERR,ERR,ERR,ERR,ERR,ERR,ERR,ERR,ERR,ERR,ERR,ERR,ERR,ERR,34.0,80.0,35,0.0,0.0,0.0,0.0,0.0,0.0,0.0,0.0,0.0,0.0,0.0,0.0,0.0,0.0,0.0,0.0,64.4,0,117,56,50,65476,0,300,0,0,8,20529,65476,0,0,57672,80.0,0.0,0.0,0.0,0.0,0.0
2026-06-17T04:10:02,ERR,ERR,ERR,ERR,ERR,ERR,ERR,ERR,ERR,ERR,ERR,ERR,ERR,ERR,ERR,ERR,ERR,ERR,ERR,ERR,ERR,ERR,ERR,ERR,ERR,ERR,ERR,ERR,ERR,ERR,ERR,ERR,ERR,ERR,ERR,ERR,ERR,ERR,ERR,ERR,ERR,ERR,ERR,ERR,ERR,ERR,ERR,ERR,ERR,ERR,ERR,ERR,ERR,ERR,ERR,ERR,ERR,ERR,ERR,ERR,ERR,ERR,ERR,ERR,ERR,ERR,ERR,ERR,ERR,ERR,ERR,ERR,ERR,ERR,ERR,ERR,ERR,ERR,ERR,ERR,ERR,ERR,ERR,ERR,ERR,ERR,ERR,ERR,ERR,ERR,ERR,ERR,ERR,ERR,ERR,ERR,ERR,ERR,ERR,ERR,ERR,ERR,ERR,ERR,ERR,ERR,ERR,ERR,ERR,ERR,ERR,ERR,ERR,ERR,ERR,ERR,ERR,ERR,ERR,ERR,ERR,ERR,ERR,ERR,ERR,0.0,0.0,2.6474777903227054e+23,0.0,0.0,1.3936040501711995e+18,7.805,0.0,0,0,4,0,7300,-0.0,0,0.0,0.0,0.0,0.0,0.0,0,0,0,0,0.0,0,0,0,0,0,0,0,0,0,0,0,0,0,0,0,0,0,0,0,0,0,0,0,0,0,0,0,0,0,0,0,0,0,32,30,30,62,65476,0,300,0,0,8,21553,0.0,-107605600.0,0.0,0.0,0.0,0.0,0.0,0.0,0.0,0.0,0.0,0.0,0.0,0.0,0.0,0.0,0.0,0.0,0.0,0.0,0.0,0.0,2.004,2.004,-0.0,2.004,0.0,0.0,0.0,0.0,5494.0,1.040667237767031e+34,6959.0,0.0,0.0,-107615280.0,0.0,0.0,0.0,0.0,0.0,63,-0.0,-0.0,0.0,0.0,0.0,0.0,0.0,0.0,0.0,0,0,0,0.0,0.0,0.0,0.0,0.0,0.0,0.0,0.0,0.0,0.0,0.0,0.0,0.0,0.0,0.0,0.0,0,-107875648.0,63,0.0,126,2.7184242562605685e+23,-0.0,ERR,ERR,ERR,ERR,ERR,ERR,ERR,ERR,ERR,ERR,ERR,ERR,ERR,ERR,ERR,ERR,ERR,ERR,ERR,ERR,ERR,ERR,ERR,ERR,ERR,ERR,ERR,ERR,ERR,ERR,ERR,ERR,ERR,ERR,ERR,ERR,ERR,ERR,ERR,ERR,ERR,ERR,ERR,ERR,ERR,ERR,ERR,ERR,ERR,ERR,ERR,ERR,ERR,ERR,ERR,ERR,ERR,ERR,ERR,ERR,ERR,ERR,ERR,ERR,ERR,ERR,ERR,34.0,80.0,35,0.0,0.0,0.0,0.0,0.0,0.0,0.0,0.0,0.0,0.0,0.0,0.0,0.0,0.0,0.0,0.0,64.4,0,117,56,50,65476,0,300,0,0,8,20529,65476,0,0,57672,80.0,0.0,0.0,0.0,0.0,0.0
2026-06-17T04:10:03,ERR,ERR,ERR,ERR,ERR,ERR,ERR,ERR,ERR,ERR,ERR,ERR,ERR,ERR,ERR,ERR,ERR,ERR,ERR,ERR,ERR,ERR,ERR,ERR,ERR,ERR,ERR,ERR,ERR,ERR,ERR,ERR,ERR,ERR,ERR,ERR,ERR,ERR,ERR,ERR,ERR,ERR,ERR,ERR,ERR,ERR,ERR,ERR,ERR,ERR,ERR,ERR,ERR,ERR,ERR,ERR,ERR,ERR,ERR,ERR,ERR,ERR,ERR,ERR,ERR,ERR,ERR,ERR,ERR,ERR,ERR,ERR,ERR,ERR,ERR,ERR,ERR,ERR,ERR,ERR,ERR,ERR,ERR,ERR,ERR,ERR,ERR,ERR,ERR,ERR,ERR,ERR,ERR,ERR,ERR,ERR,ERR,ERR,ERR,ERR,ERR,ERR,ERR,ERR,ERR,ERR,ERR,ERR,ERR,ERR,ERR,ERR,ERR,ERR,ERR,ERR,ERR,ERR,ERR,ERR,ERR,ERR,ERR,ERR,ERR,0.0,0.0,2.6474777903227054e+23,0.0,0.0,1.3936040501711995e+18,7.805,0.0,0,0,4,0,7300,-0.0,0,0.0,0.0,0.0,0.0,0.0,0,0,0,0,0.0,0,0,0,0,0,0,0,0,0,0,0,0,0,0,0,0,0,0,0,0,0,0,0,0,0,0,0,0,0,0,0,0,0,32,30,30,62,65476,0,300,0,0,8,21553,0.0,-107605600.0,0.0,0.0,0.0,0.0,0.0,0.0,0.0,0.0,0.0,0.0,0.0,0.0,0.0,0.0,0.0,0.0,0.0,0.0,0.0,0.0,2.004,2.004,-0.0,2.004,0.0,0.0,0.0,0.0,5494.0,1.040667237767031e+34,6959.0,0.0,0.0,-107615280.0,0.0,0.0,0.0,0.0,0.0,63,-0.0,-0.0,0.0,0.0,0.0,0.0,0.0,0.0,0.0,0,0,0,0.0,0.0,0.0,0.0,0.0,0.0,0.0,0.0,0.0,0.0,0.0,0.0,0.0,0.0,0.0,0.0,0,-107875648.0,63,0.0,126,2.7184242562605685e+23,-0.0,ERR,ERR,ERR,ERR,ERR,ERR,ERR,ERR,ERR,ERR,ERR,ERR,ERR,ERR,ERR,ERR,ERR,ERR,ERR,ERR,ERR,ERR,ERR,ERR,ERR,ERR,ERR,ERR,ERR,ERR,ERR,ERR,ERR,ERR,ERR,ERR,ERR,ERR,ERR,ERR,ERR,ERR,ERR,ERR,ERR,ERR,ERR,ERR,ERR,ERR,ERR,ERR,ERR,ERR,ERR,ERR,ERR,ERR,ERR,ERR,ERR,ERR,ERR,ERR,ERR,ERR,ERR,34.0,80.0,35,0.0,0.0,0.0,0.0,0.0,0.0,0.0,0.0,0.0,0.0,0.0,0.0,0.0,0.0,0.0,0.0,64.4,0,117,56,50,65476,0,300,0,0,8,20529,65476,0,0,57672,80.0,0.0,0.0,0.0,0.0,0.0
2026-06-17T04:10:04,ERR,ERR,ERR,ERR,ERR,ERR,ERR,ERR,ERR,ERR,ERR,ERR,ERR,ERR,ERR,ERR,ERR,ERR,ERR,ERR,ERR,ERR,ERR,ERR,ERR,ERR,ERR,ERR,ERR,ERR,ERR,ERR,ERR,ERR,ERR,ERR,ERR,ERR,ERR,ERR,ERR,ERR,ERR,ERR,ERR,ERR,ERR,ERR,ERR,ERR,ERR,ERR,ERR,ERR,ERR,ERR,ERR,ERR,ERR,ERR,ERR,ERR,ERR,ERR,ERR,ERR,ERR,ERR,ERR,ERR,ERR,ERR,ERR,ERR,ERR,ERR,ERR,ERR,ERR,ERR,ERR,ERR,ERR,ERR,ERR,ERR,ERR,ERR,ERR,ERR,ERR,ERR,ERR,ERR,ERR,ERR,ERR,ERR,ERR,ERR,ERR,ERR,ERR,ERR,ERR,ERR,ERR,ERR,ERR,ERR,ERR,ERR,ERR,ERR,ERR,ERR,ERR,ERR,ERR,ERR,ERR,ERR,ERR,ERR,ERR,0.0,0.0,2.6474777903227054e+23,0.0,0.0,1.3936040501711995e+18,7.805,0.0,0,0,4,0,7300,-0.0,0,0.0,0.0,0.0,0.0,0.0,0,0,0,0,0.0,0,0,0,0,0,0,0,0,0,0,0,0,0,0,0,0,0,0,0,0,0,0,0,0,0,0,0,0,0,0,0,0,0,32,30,30,62,65476,0,300,0,0,8,21553,0.0,-107605600.0,0.0,0.0,0.0,0.0,0.0,0.0,0.0,0.0,0.0,0.0,0.0,0.0,0.0,0.0,0.0,0.0,0.0,0.0,0.0,0.0,2.004,2.004,-0.0,2.004,0.0,0.0,0.0,0.0,5494.0,1.040667237767031e+34,6959.0,0.0,0.0,-107615280.0,0.0,0.0,0.0,0.0,0.0,63,-0.0,-0.0,0.0,0.0,0.0,0.0,0.0,0.0,0.0,0,0,0,0.0,0.0,0.0,0.0,0.0,0.0,0.0,0.0,0.0,0.0,0.0,0.0,0.0,0.0,0.0,0.0,0,-107875648.0,63,0.0,126,2.7184242562605685e+23,-0.0,ERR,ERR,ERR,ERR,ERR,ERR,ERR,ERR,ERR,ERR,ERR,ERR,ERR,ERR,ERR,ERR,ERR,ERR,ERR,ERR,ERR,ERR,ERR,ERR,ERR,ERR,ERR,ERR,ERR,ERR,ERR,ERR,ERR,ERR,ERR,ERR,ERR,ERR,ERR,ERR,ERR,ERR,ERR,ERR,ERR,ERR,ERR,ERR,ERR,ERR,ERR,ERR,ERR,ERR,ERR,ERR,ERR,ERR,ERR,ERR,ERR,ERR,ERR,ERR,ERR,ERR,ERR,34.0,80.0,35,0.0,0.0,0.0,0.0,0.0,0.0,0.0,0.0,0.0,0.0,0.0,0.0,0.0,0.0,0.0,0.0,64.4,0,117,56,50,65476,0,300,0,0,8,20529,65476,0,0,57672,80.0,0.0,0.0,0.0,0.0,0.0
2026-06-17T04:10:05,ERR,ERR,ERR,ERR,ERR,ERR,ERR,ERR,ERR,ERR,ERR,ERR,ERR,ERR,ERR,ERR,ERR,ERR,ERR,ERR,ERR,ERR,ERR,ERR,ERR,ERR,ERR,ERR,ERR,ERR,ERR,ERR,ERR,ERR,ERR,ERR,ERR,ERR,ERR,ERR,ERR,ERR,ERR,ERR,ERR,ERR,ERR,ERR,ERR,ERR,ERR,ERR,ERR,ERR,ERR,ERR,ERR,ERR,ERR,ERR,ERR,ERR,ERR,ERR,ERR,ERR,ERR,ERR,ERR,ERR,ERR,ERR,ERR,ERR,ERR,ERR,ERR,ERR,ERR,ERR,ERR,ERR,ERR,ERR,ERR,ERR,ERR,ERR,ERR,ERR,ERR,ERR,ERR,ERR,ERR,ERR,ERR,ERR,ERR,ERR,ERR,ERR,ERR,ERR,ERR,ERR,ERR,ERR,ERR,ERR,ERR,ERR,ERR,ERR,ERR,ERR,ERR,ERR,ERR,ERR,ERR,ERR,ERR,ERR,ERR,0.0,0.0,2.6474777903227054e+23,0.0,0.0,1.3936040501711995e+18,7.805,0.0,0,0,4,0,7300,-0.0,0,0.0,0.0,0.0,0.0,0.0,0,0,0,0,0.0,0,0,0,0,0,0,0,0,0,0,0,0,0,0,0,0,0,0,0,0,0,0,0,0,0,0,0,0,0,0,0,0,0,32,30,30,62,65476,0,300,0,0,8,21553,0.0,-107605600.0,0.0,0.0,0.0,0.0,0.0,0.0,0.0,0.0,0.0,0.0,0.0,0.0,0.0,0.0,0.0,0.0,0.0,0.0,0.0,0.0,2.004,2.004,-0.0,2.004,0.0,0.0,0.0,0.0,5494.0,1.040667237767031e+34,6959.0,0.0,0.0,-107615280.0,0.0,0.0,0.0,0.0,0.0,63,-0.0,-0.0,0.0,0.0,0.0,0.0,0.0,0.0,0.0,0,0,0,0.0,0.0,0.0,0.0,0.0,0.0,0.0,0.0,0.0,0.0,0.0,0.0,0.0,0.0,0.0,0.0,0,-107875648.0,63,0.0,126,2.7184242562605685e+23,-0.0,ERR,ERR,ERR,ERR,ERR,ERR,ERR,ERR,ERR,ERR,ERR,ERR,ERR,ERR,ERR,ERR,ERR,ERR,ERR,ERR,ERR,ERR,ERR,ERR,ERR,ERR,ERR,ERR,ERR,ERR,ERR,ERR,ERR,ERR,ERR,ERR,ERR,ERR,ERR,ERR,ERR,ERR,ERR,ERR,ERR,ERR,ERR,ERR,ERR,ERR,ERR,ERR,ERR,ERR,ERR,ERR,ERR,ERR,ERR,ERR,ERR,ERR,ERR,ERR,ERR,ERR,ERR,34.0,80.0,35,0.0,0.0,0.0,0.0,0.0,0.0,0.0,0.0,0.0,0.0,0.0,0.0,0.0,0.0,0.0,0.0,64.4,0,117,56,50,65476,0,300,0,0,8,20529,65476,0,0,57672,80.0,0.0,0.0,0.0,0.0,0.0
2026-06-17T04:10:06,ERR,ERR,ERR,ERR,ERR,ERR,ERR,ERR,ERR,ERR,ERR,ERR,ERR,ERR,ERR,ERR,ERR,ERR,ERR,ERR,ERR,ERR,ERR,ERR,ERR,ERR,ERR,ERR,ERR,ERR,ERR,ERR,ERR,ERR,ERR,ERR,ERR,ERR,ERR,ERR,ERR,ERR,ERR,ERR,ERR,ERR,ERR,ERR,ERR,ERR,ERR,ERR,ERR,ERR,ERR,ERR,ERR,ERR,ERR,ERR,ERR,ERR,ERR,ERR,ERR,ERR,ERR,ERR,ERR,ERR,ERR,ERR,ERR,ERR,ERR,ERR,ERR,ERR,ERR,ERR,ERR,ERR,ERR,ERR,ERR,ERR,ERR,ERR,ERR,ERR,ERR,ERR,ERR,ERR,ERR,ERR,ERR,ERR,ERR,ERR,ERR,ERR,ERR,ERR,ERR,ERR,ERR,ERR,ERR,ERR,ERR,ERR,ERR,ERR,ERR,ERR,ERR,ERR,ERR,ERR,ERR,ERR,ERR,ERR,ERR,0.0,0.0,2.6474777903227054e+23,0.0,0.0,1.3936040501711995e+18,7.805,0.0,0,0,4,0,7300,-0.0,0,0.0,0.0,0.0,0.0,0.0,0,0,0,0,0.0,0,0,0,0,0,0,0,0,0,0,0,0,0,0,0,0,0,0,0,0,0,0,0,0,0,0,0,0,0,0,0,0,0,32,30,30,62,65476,0,300,0,0,8,21553,0.0,-107605600.0,0.0,0.0,0.0,0.0,0.0,0.0,0.0,0.0,0.0,0.0,0.0,0.0,0.0,0.0,0.0,0.0,0.0,0.0,0.0,0.0,2.004,2.004,-0.0,2.004,0.0,0.0,0.0,0.0,5494.0,1.040667237767031e+34,6959.0,0.0,0.0,-107615280.0,0.0,0.0,0.0,0.0,0.0,63,-0.0,-0.0,0.0,0.0,0.0,0.0,0.0,0.0,0.0,0,0,0,0.0,0.0,0.0,0.0,0.0,0.0,0.0,0.0,0.0,0.0,0.0,0.0,0.0,0.0,0.0,0.0,0,-107875648.0,63,0.0,126,2.7184242562605685e+23,-0.0,ERR,ERR,ERR,ERR,ERR,ERR,ERR,ERR,ERR,ERR,ERR,ERR,ERR,ERR,ERR,ERR,ERR,ERR,ERR,ERR,ERR,ERR,ERR,ERR,ERR,ERR,ERR,ERR,ERR,ERR,ERR,ERR,ERR,ERR,ERR,ERR,ERR,ERR,ERR,ERR,ERR,ERR,ERR,ERR,ERR,ERR,ERR,ERR,ERR,ERR,ERR,ERR,ERR,ERR,ERR,ERR,ERR,ERR,ERR,ERR,ERR,ERR,ERR,ERR,ERR,ERR,ERR,34.0,80.0,35,0.0,0.0,0.0,0.0,0.0,0.0,0.0,0.0,0.0,0.0,0.0,0.0,0.0,0.0,0.0,0.0,64.8,0,117,56,50,65476,0,300,0,0,8,20529,65476,0,0,57672,80.0,0.0,0.0,0.0,0.0,0.0
2026-06-17T04:10:07,ERR,ERR,ERR,ERR,ERR,ERR,ERR,ERR,ERR,ERR,ERR,ERR,ERR,ERR,ERR,ERR,ERR,ERR,ERR,ERR,ERR,ERR,ERR,ERR,ERR,ERR,ERR,ERR,ERR,ERR,ERR,ERR,ERR,ERR,ERR,ERR,ERR,ERR,ERR,ERR,ERR,ERR,ERR,ERR,ERR,ERR,ERR,ERR,ERR,ERR,ERR,ERR,ERR,ERR,ERR,ERR,ERR,ERR,ERR,ERR,ERR,ERR,ERR,ERR,ERR,ERR,ERR,ERR,ERR,ERR,ERR,ERR,ERR,ERR,ERR,ERR,ERR,ERR,ERR,ERR,ERR,ERR,ERR,ERR,ERR,ERR,ERR,ERR,ERR,ERR,ERR,ERR,ERR,ERR,ERR,ERR,ERR,ERR,ERR,ERR,ERR,ERR,ERR,ERR,ERR,ERR,ERR,ERR,ERR,ERR,ERR,ERR,ERR,ERR,ERR,ERR,ERR,ERR,ERR,ERR,ERR,ERR,ERR,ERR,ERR,0.0,0.0,2.6474777903227054e+23,0.0,0.0,1.3936040501711995e+18,7.805,0.0,0,0,4,0,7300,-0.0,0,0.0,0.0,0.0,0.0,0.0,0,0,0,0,0.0,0,0,0,0,0,0,0,0,0,0,0,0,0,0,0,0,0,0,0,0,0,0,0,0,0,0,0,0,0,0,0,0,0,32,30,30,62,65476,0,300,0,0,8,21553,0.0,-107605600.0,0.0,0.0,0.0,0.0,0.0,0.0,0.0,0.0,0.0,0.0,0.0,0.0,0.0,0.0,0.0,0.0,0.0,0.0,0.0,0.0,2.004,2.004,-0.0,2.004,0.0,0.0,0.0,0.0,5494.0,1.040667237767031e+34,6959.0,0.0,0.0,-107615280.0,0.0,0.0,0.0,0.0,0.0,63,-0.0,-0.0,0.0,0.0,0.0,0.0,0.0,0.0,0.0,0,0,0,0.0,0.0,0.0,0.0,0.0,0.0,0.0,0.0,0.0,0.0,0.0,0.0,0.0,0.0,0.0,0.0,0,-107875648.0,63,0.0,126,2.7184242562605685e+23,-0.0,ERR,ERR,ERR,ERR,ERR,ERR,ERR,ERR,ERR,ERR,ERR,ERR,ERR,ERR,ERR,ERR,ERR,ERR,ERR,ERR,ERR,ERR,ERR,ERR,ERR,ERR,ERR,ERR,ERR,ERR,ERR,ERR,ERR,ERR,ERR,ERR,ERR,ERR,ERR,ERR,ERR,ERR,ERR,ERR,ERR,ERR,ERR,ERR,ERR,ERR,ERR,ERR,ERR,ERR,ERR,ERR,ERR,ERR,ERR,ERR,ERR,ERR,ERR,ERR,ERR,ERR,ERR,34.0,80.0,35,0.0,0.0,0.0,0.0,0.0,0.0,0.0,0.0,0.0,0.0,0.0,0.0,0.0,0.0,0.0,0.0,64.8,0,117,56,50,65476,0,300,0,0,8,20529,65476,0,0,57672,80.0,0.0,0.0,0.0,0.0,0.0
2026-06-17T04:10:08,ERR,ERR,ERR,ERR,ERR,ERR,ERR,ERR,ERR,ERR,ERR,ERR,ERR,ERR,ERR,ERR,ERR,ERR,ERR,ERR,ERR,ERR,ERR,ERR,ERR,ERR,ERR,ERR,ERR,ERR,ERR,ERR,ERR,ERR,ERR,ERR,ERR,ERR,ERR,ERR,ERR,ERR,ERR,ERR,ERR,ERR,ERR,ERR,ERR,ERR,ERR,ERR,ERR,ERR,ERR,ERR,ERR,ERR,ERR,ERR,ERR,ERR,ERR,ERR,ERR,ERR,ERR,ERR,ERR,ERR,ERR,ERR,ERR,ERR,ERR,ERR,ERR,ERR,ERR,ERR,ERR,ERR,ERR,ERR,ERR,ERR,ERR,ERR,ERR,ERR,ERR,ERR,ERR,ERR,ERR,ERR,ERR,ERR,ERR,ERR,ERR,ERR,ERR,ERR,ERR,ERR,ERR,ERR,ERR,ERR,ERR,ERR,ERR,ERR,ERR,ERR,ERR,ERR,ERR,ERR,ERR,ERR,ERR,ERR,ERR,0.0,0.0,2.6474777903227054e+23,0.0,0.0,1.3936040501711995e+18,7.805,0.0,0,0,4,0,7300,-0.0,0,0.0,0.0,0.0,0.0,0.0,0,0,0,0,0.0,0,0,0,0,0,0,0,0,0,0,0,0,0,0,0,0,0,0,0,0,0,0,0,0,0,0,0,0,0,0,0,0,0,32,30,30,62,65476,0,300,0,0,8,21553,0.0,-107605600.0,0.0,0.0,0.0,0.0,0.0,0.0,0.0,0.0,0.0,0.0,0.0,0.0,0.0,0.0,0.0,0.0,0.0,0.0,0.0,0.0,2.004,-0.0,-0.0,2.004,0.0,0.0,0.0,0.0,5495.0,-131350.672,6969.0,0.0,0.0,-107615280.0,0.0,0.0,0.0,0.0,0.0,63,-0.0,-2.308831393857059e+20,0.0,0.0,0.0,0.0,0.0,0.0,0.0,0,0,0,0.0,0.0,0.0,0.0,0.0,0.0,0.0,0.0,0.0,0.0,0.0,0.0,0.0,0.0,0.0,0.0,0,-107875648.0,63,0.0,126,2.7184242562605685e+23,-0.0,ERR,ERR,ERR,ERR,ERR,ERR,ERR,ERR,ERR,ERR,ERR,ERR,ERR,ERR,ERR,ERR,ERR,ERR,ERR,ERR,ERR,ERR,ERR,ERR,ERR,ERR,ERR,ERR,ERR,ERR,ERR,ERR,ERR,ERR,ERR,ERR,ERR,ERR,ERR,ERR,ERR,ERR,ERR,ERR,ERR,ERR,ERR,ERR,ERR,ERR,ERR,ERR,ERR,ERR,ERR,ERR,ERR,ERR,ERR,ERR,ERR,ERR,ERR,ERR,ERR,ERR,ERR,34.0,80.0,35,0.0,0.0,0.0,0.0,0.0,0.0,0.0,0.0,0.0,0.0,0.0,0.0,0.0,0.0,0.0,0.0,64.4,0,117,56,50,65476,0,300,0,0,8,20529,65476,0,0,57672,80.0,0.0,0.0,0.0,0.0,0.0
2026-06-17T04:10:09,ERR,ERR,ERR,ERR,ERR,ERR,ERR,ERR,ERR,ERR,ERR,ERR,ERR,ERR,ERR,ERR,ERR,ERR,ERR,ERR,ERR,ERR,ERR,ERR,ERR,ERR,ERR,ERR,ERR,ERR,ERR,ERR,ERR,ERR,ERR,ERR,ERR,ERR,ERR,ERR,ERR,ERR,ERR,ERR,ERR,ERR,ERR,ERR,ERR,ERR,ERR,ERR,ERR,ERR,ERR,ERR,ERR,ERR,ERR,ERR,ERR,ERR,ERR,ERR,ERR,ERR,ERR,ERR,ERR,ERR,ERR,ERR,ERR,ERR,ERR,ERR,ERR,ERR,ERR,ERR,ERR,ERR,ERR,ERR,ERR,ERR,ERR,ERR,ERR,ERR,ERR,ERR,ERR,ERR,ERR,ERR,ERR,ERR,ERR,ERR,ERR,ERR,ERR,ERR,ERR,ERR,ERR,ERR,ERR,ERR,ERR,ERR,ERR,ERR,ERR,ERR,ERR,ERR,ERR,ERR,ERR,ERR,ERR,ERR,ERR,0.0,0.0,2.6474777903227054e+23,0.0,0.0,1.3936040501711995e+18,7.805,0.0,0,0,4,0,7300,-0.0,0,0.0,0.0,0.0,0.0,0.0,0,0,0,0,0.0,0,0,0,0,0,0,0,0,0,0,0,0,0,0,0,0,0,0,0,0,0,0,0,0,0,0,0,0,0,0,0,0,0,32,30,30,62,65476,0,300,0,0,8,21553,0.0,-107605600.0,0.0,0.0,0.0,0.0,0.0,0.0,0.0,0.0,0.0,0.0,0.0,0.0,0.0,0.0,0.0,0.0,0.0,0.0,0.0,0.0,2.004,-0.0,-0.0,2.004,0.0,0.0,0.0,0.0,5495.0,-131350.672,6969.0,0.0,0.0,-107615280.0,0.0,0.0,0.0,0.0,0.0,63,-0.0,-2.308831393857059e+20,0.0,0.0,0.0,0.0,0.0,0.0,0.0,0,0,0,0.0,0.0,0.0,0.0,0.0,0.0,0.0,0.0,0.0,0.0,0.0,0.0,0.0,0.0,0.0,0.0,0,-107875648.0,63,0.0,126,2.7184242562605685e+23,-0.0,ERR,ERR,ERR,ERR,ERR,ERR,ERR,ERR,ERR,ERR,ERR,ERR,ERR,ERR,ERR,ERR,ERR,ERR,ERR,ERR,ERR,ERR,ERR,ERR,ERR,ERR,ERR,ERR,ERR,ERR,ERR,ERR,ERR,ERR,ERR,ERR,ERR,ERR,ERR,ERR,ERR,ERR,ERR,ERR,ERR,ERR,ERR,ERR,ERR,ERR,ERR,ERR,ERR,ERR,ERR,ERR,ERR,ERR,ERR,ERR,ERR,ERR,ERR,ERR,ERR,ERR,ERR,34.0,80.0,35,0.0,0.0,0.0,0.0,0.0,0.0,0.0,0.0,0.0,0.0,0.0,0.0,0.0,0.0,0.0,0.0,64.4,0,117,56,50,65476,0,300,0,0,8,20529,65476,0,0,57672,80.0,0.0,0.0,0.0,0.0,0.0
2026-06-17T04:10:10,ERR,ERR,ERR,ERR,ERR,ERR,ERR,ERR,ERR,ERR,ERR,ERR,ERR,ERR,ERR,ERR,ERR,ERR,ERR,ERR,ERR,ERR,ERR,ERR,ERR,ERR,ERR,ERR,ERR,ERR,ERR,ERR,ERR,ERR,ERR,ERR,ERR,ERR,ERR,ERR,ERR,ERR,ERR,ERR,ERR,ERR,ERR,ERR,ERR,ERR,ERR,ERR,ERR,ERR,ERR,ERR,ERR,ERR,ERR,ERR,ERR,ERR,ERR,ERR,ERR,ERR,ERR,ERR,ERR,ERR,ERR,ERR,ERR,ERR,ERR,ERR,ERR,ERR,ERR,ERR,ERR,ERR,ERR,ERR,ERR,ERR,ERR,ERR,ERR,ERR,ERR,ERR,ERR,ERR,ERR,ERR,ERR,ERR,ERR,ERR,ERR,ERR,ERR,ERR,ERR,ERR,ERR,ERR,ERR,ERR,ERR,ERR,ERR,ERR,ERR,ERR,ERR,ERR,ERR,ERR,ERR,ERR,ERR,ERR,ERR,0.0,0.0,2.6474777903227054e+23,0.0,0.0,1.3936040501711995e+18,7.805,0.0,0,0,4,0,7300,-0.0,0,0.0,0.0,0.0,0.0,0.0,0,0,0,0,0.0,0,0,0,0,0,0,0,0,0,0,0,0,0,0,0,0,0,0,0,0,0,0,0,0,0,0,0,0,0,0,0,0,0,32,30,30,62,65476,0,300,0,0,8,21553,0.0,-107605600.0,0.0,0.0,0.0,0.0,0.0,0.0,0.0,0.0,0.0,0.0,0.0,0.0,0.0,0.0,0.0,0.0,0.0,0.0,0.0,0.0,2.004,-0.0,-0.0,2.004,0.0,0.0,0.0,0.0,5495.0,-131350.672,6969.0,0.0,0.0,-107615280.0,0.0,0.0,0.0,0.0,0.0,63,-0.0,-2.308831393857059e+20,0.0,0.0,0.0,0.0,0.0,0.0,0.0,0,0,0,0.0,0.0,0.0,0.0,0.0,0.0,0.0,0.0,0.0,0.0,0.0,0.0,0.0,0.0,0.0,0.0,0,-107875648.0,63,0.0,126,2.7184242562605685e+23,-0.0,ERR,ERR,ERR,ERR,ERR,ERR,ERR,ERR,ERR,ERR,ERR,ERR,ERR,ERR,ERR,ERR,ERR,ERR,ERR,ERR,ERR,ERR,ERR,ERR,ERR,ERR,ERR,ERR,ERR,ERR,ERR,ERR,ERR,ERR,ERR,ERR,ERR,ERR,ERR,ERR,ERR,ERR,ERR,ERR,ERR,ERR,ERR,ERR,ERR,ERR,ERR,ERR,ERR,ERR,ERR,ERR,ERR,ERR,ERR,ERR,ERR,ERR,ERR,ERR,ERR,ERR,ERR,34.0,80.0,35,0.0,0.0,0.0,0.0,0.0,0.0,0.0,0.0,0.0,0.0,0.0,0.0,0.0,0.0,0.0,0.0,64.4,0,117,56,50,65476,0,300,0,0,8,20529,65476,0,0,57672,80.0,0.0,0.0,0.0,0.0,0.0
2026-06-17T04:10:11,ERR,ERR,ERR,ERR,ERR,ERR,ERR,ERR,ERR,ERR,ERR,ERR,ERR,ERR,ERR,ERR,ERR,ERR,ERR,ERR,ERR,ERR,ERR,ERR,ERR,ERR,ERR,ERR,ERR,ERR,ERR,ERR,ERR,ERR,ERR,ERR,ERR,ERR,ERR,ERR,ERR,ERR,ERR,ERR,ERR,ERR,ERR,ERR,ERR,ERR,ERR,ERR,ERR,ERR,ERR,ERR,ERR,ERR,ERR,ERR,ERR,ERR,ERR,ERR,ERR,ERR,ERR,ERR,ERR,ERR,ERR,ERR,ERR,ERR,ERR,ERR,ERR,ERR,ERR,ERR,ERR,ERR,ERR,ERR,ERR,ERR,ERR,ERR,ERR,ERR,ERR,ERR,ERR,ERR,ERR,ERR,ERR,ERR,ERR,ERR,ERR,ERR,ERR,ERR,ERR,ERR,ERR,ERR,ERR,ERR,ERR,ERR,ERR,ERR,ERR,ERR,ERR,ERR,ERR,ERR,ERR,ERR,ERR,ERR,ERR,0.0,0.0,2.6474777903227054e+23,0.0,0.0,1.3936040501711995e+18,7.805,0.0,0,0,4,0,7300,-0.0,0,0.0,0.0,0.0,0.0,0.0,0,0,0,0,0.0,0,0,0,0,0,0,0,0,0,0,0,0,0,0,0,0,0,0,0,0,0,0,0,0,0,0,0,0,0,0,0,0,0,32,30,30,62,65476,0,300,0,0,8,21553,0.0,-107605600.0,0.0,0.0,0.0,0.0,0.0,0.0,0.0,0.0,0.0,0.0,0.0,0.0,0.0,0.0,0.0,0.0,0.0,0.0,0.0,0.0,2.004,-0.0,-0.0,2.004,0.0,0.0,0.0,0.0,5495.0,-131350.672,6969.0,0.0,0.0,-107615280.0,0.0,0.0,0.0,0.0,0.0,63,-0.0,-2.308831393857059e+20,0.0,0.0,0.0,0.0,0.0,0.0,0.0,0,0,0,0.0,0.0,0.0,0.0,0.0,0.0,0.0,0.0,0.0,0.0,0.0,0.0,0.0,0.0,0.0,0.0,0,-107875648.0,63,0.0,126,2.7184242562605685e+23,-0.0,ERR,ERR,ERR,ERR,ERR,ERR,ERR,ERR,ERR,ERR,ERR,ERR,ERR,ERR,ERR,ERR,ERR,ERR,ERR,ERR,ERR,ERR,ERR,ERR,ERR,ERR,ERR,ERR,ERR,ERR,ERR,ERR,ERR,ERR,ERR,ERR,ERR,ERR,ERR,ERR,ERR,ERR,ERR,ERR,ERR,ERR,ERR,ERR,ERR,ERR,ERR,ERR,ERR,ERR,ERR,ERR,ERR,ERR,ERR,ERR,ERR,ERR,ERR,ERR,ERR,ERR,ERR,34.0,80.0,35,0.0,0.0,0.0,0.0,0.0,0.0,0.0,0.0,0.0,0.0,0.0,0.0,0.0,0.0,0.0,0.0,64.4,0,117,56,50,65476,0,300,0,0,8,20529,65476,0,0,57672,80.0,0.0,0.0,0.0,0.0,0.0
2026-06-17T04:10:12,ERR,ERR,ERR,ERR,ERR,ERR,ERR,ERR,ERR,ERR,ERR,ERR,ERR,ERR,ERR,ERR,ERR,ERR,ERR,ERR,ERR,ERR,ERR,ERR,ERR,ERR,ERR,ERR,ERR,ERR,ERR,ERR,ERR,ERR,ERR,ERR,ERR,ERR,ERR,ERR,ERR,ERR,ERR,ERR,ERR,ERR,ERR,ERR,ERR,ERR,ERR,ERR,ERR,ERR,ERR,ERR,ERR,ERR,ERR,ERR,ERR,ERR,ERR,ERR,ERR,ERR,ERR,ERR,ERR,ERR,ERR,ERR,ERR,ERR,ERR,ERR,ERR,ERR,ERR,ERR,ERR,ERR,ERR,ERR,ERR,ERR,ERR,ERR,ERR,ERR,ERR,ERR,ERR,ERR,ERR,ERR,ERR,ERR,ERR,ERR,ERR,ERR,ERR,ERR,ERR,ERR,ERR,ERR,ERR,ERR,ERR,ERR,ERR,ERR,ERR,ERR,ERR,ERR,ERR,ERR,ERR,ERR,ERR,ERR,ERR,0.0,0.0,2.6474777903227054e+23,0.0,0.0,1.3936040501711995e+18,7.805,0.0,0,0,4,0,7300,-0.0,0,0.0,0.0,0.0,0.0,0.0,0,0,0,0,0.0,0,0,0,0,0,0,0,0,0,0,0,0,0,0,0,0,0,0,0,0,0,0,0,0,0,0,0,0,0,0,0,0,0,32,30,30,62,65476,0,300,0,0,8,21553,0.0,-107605600.0,0.0,0.0,0.0,0.0,0.0,0.0,0.0,0.0,0.0,0.0,0.0,0.0,0.0,0.0,0.0,0.0,0.0,0.0,0.0,0.0,2.004,-0.0,-0.0,2.004,0.0,0.0,0.0,0.0,5495.0,-131350.672,6969.0,0.0,0.0,-107615280.0,0.0,0.0,0.0,0.0,0.0,63,-0.0,-2.308831393857059e+20,0.0,0.0,0.0,0.0,0.0,0.0,0.0,0,0,0,0.0,0.0,0.0,0.0,0.0,0.0,0.0,0.0,0.0,0.0,0.0,0.0,0.0,0.0,0.0,0.0,0,-107875648.0,63,0.0,126,2.7184242562605685e+23,-0.0,ERR,ERR,ERR,ERR,ERR,ERR,ERR,ERR,ERR,ERR,ERR,ERR,ERR,ERR,ERR,ERR,ERR,ERR,ERR,ERR,ERR,ERR,ERR,ERR,ERR,ERR,ERR,ERR,ERR,ERR,ERR,ERR,ERR,ERR,ERR,ERR,ERR,ERR,ERR,ERR,ERR,ERR,ERR,ERR,ERR,ERR,ERR,ERR,ERR,ERR,ERR,ERR,ERR,ERR,ERR,ERR,ERR,ERR,ERR,ERR,ERR,ERR,ERR,ERR,ERR,ERR,ERR,34.0,80.0,35,0.0,0.0,0.0,0.0,0.0,0.0,0.0,0.0,0.0,0.0,0.0,0.0,0.0,0.0,0.0,0.0,64.4,0,117,56,50,65476,0,300,0,0,8,20529,65476,0,0,57672,80.0,0.0,0.0,0.0,0.0,0.0
2026-06-17T04:10:13,ERR,ERR,ERR,ERR,ERR,ERR,ERR,ERR,ERR,ERR,ERR,ERR,ERR,ERR,ERR,ERR,ERR,ERR,ERR,ERR,ERR,ERR,ERR,ERR,ERR,ERR,ERR,ERR,ERR,ERR,ERR,ERR,ERR,ERR,ERR,ERR,ERR,ERR,ERR,ERR,ERR,ERR,ERR,ERR,ERR,ERR,ERR,ERR,ERR,ERR,ERR,ERR,ERR,ERR,ERR,ERR,ERR,ERR,ERR,ERR,ERR,ERR,ERR,ERR,ERR,ERR,ERR,ERR,ERR,ERR,ERR,ERR,ERR,ERR,ERR,ERR,ERR,ERR,ERR,ERR,ERR,ERR,ERR,ERR,ERR,ERR,ERR,ERR,ERR,ERR,ERR,ERR,ERR,ERR,ERR,ERR,ERR,ERR,ERR,ERR,ERR,ERR,ERR,ERR,ERR,ERR,ERR,ERR,ERR,ERR,ERR,ERR,ERR,ERR,ERR,ERR,ERR,ERR,ERR,ERR,ERR,ERR,ERR,ERR,ERR,0.0,0.0,0.0,0.0,0.0,1.3936040501711995e+18,7.805,0.0,0,0,4,0,7300,-0.0,0,0.0,0.0,0.0,0.0,0.0,0,0,0,0,0.0,0,0,0,0,0,0,0,0,0,0,0,0,0,0,0,0,0,0,0,0,0,0,0,0,0,0,0,0,0,0,0,0,0,32,30,30,62,65476,0,300,0,0,8,21553,0.0,-107605600.0,0.0,0.0,0.0,0.0,0.0,0.0,0.0,0.0,0.0,0.0,0.0,0.0,0.0,0.0,0.0,0.0,0.0,0.0,0.0,0.0,2.004,2.004,-0.0,2.004,0.0,0.0,0.0,0.0,5496.0,-1.587932186534166e+29,6974.0,0.0,0.0,-107615280.0,0.0,0.0,0.0,0.0,0.0,63,-0.0,0.0,0.0,0.0,0.0,0.0,0.0,0.0,0.0,0,0,0,0.0,0.0,0.0,0.0,0.0,0.0,0.0,0.0,0.0,0.0,0.0,0.0,0.0,0.0,0.0,0.0,0,-107875648.0,63,0.0,126,2.7184242562605685e+23,-0.0,ERR,ERR,ERR,ERR,ERR,ERR,ERR,ERR,ERR,ERR,ERR,ERR,ERR,ERR,ERR,ERR,ERR,ERR,ERR,ERR,ERR,ERR,ERR,ERR,ERR,ERR,ERR,ERR,ERR,ERR,ERR,ERR,ERR,ERR,ERR,ERR,ERR,ERR,ERR,ERR,ERR,ERR,ERR,ERR,ERR,ERR,ERR,ERR,ERR,ERR,ERR,ERR,ERR,ERR,ERR,ERR,ERR,ERR,ERR,ERR,ERR,ERR,ERR,ERR,ERR,ERR,ERR,34.0,80.0,35,0.0,0.0,0.0,0.0,0.0,0.0,0.0,0.0,0.0,0.0,0.0,0.0,0.0,0.0,0.0,0.0,64.4,0,117,56,50,65476,0,300,0,0,8,20529,65476,0,0,57672,80.0,0.0,0.0,0.0,0.0,0.0
2026-06-17T04:10:14,ERR,ERR,ERR,ERR,ERR,ERR,ERR,ERR,ERR,ERR,ERR,ERR,ERR,ERR,ERR,ERR,ERR,ERR,ERR,ERR,ERR,ERR,ERR,ERR,ERR,ERR,ERR,ERR,ERR,ERR,ERR,ERR,ERR,ERR,ERR,ERR,ERR,ERR,ERR,ERR,ERR,ERR,ERR,ERR,ERR,ERR,ERR,ERR,ERR,ERR,ERR,ERR,ERR,ERR,ERR,ERR,ERR,ERR,ERR,ERR,ERR,ERR,ERR,ERR,ERR,ERR,ERR,ERR,ERR,ERR,ERR,ERR,ERR,ERR,ERR,ERR,ERR,ERR,ERR,ERR,ERR,ERR,ERR,ERR,ERR,ERR,ERR,ERR,ERR,ERR,ERR,ERR,ERR,ERR,ERR,ERR,ERR,ERR,ERR,ERR,ERR,ERR,ERR,ERR,ERR,ERR,ERR,ERR,ERR,ERR,ERR,ERR,ERR,ERR,ERR,ERR,ERR,ERR,ERR,ERR,ERR,ERR,ERR,ERR,ERR,0.0,0.0,0.0,0.0,0.0,1.3936040501711995e+18,7.805,0.0,0,0,4,0,7300,-0.0,0,0.0,0.0,0.0,0.0,0.0,0,0,0,0,0.0,0,0,0,0,0,0,0,0,0,0,0,0,0,0,0,0,0,0,0,0,0,0,0,0,0,0,0,0,0,0,0,0,0,32,30,30,62,65476,0,300,0,0,8,21553,0.0,-107605600.0,0.0,0.0,0.0,0.0,0.0,0.0,0.0,0.0,0.0,0.0,0.0,0.0,0.0,0.0,0.0,0.0,0.0,0.0,0.0,0.0,2.004,2.004,-0.0,2.004,0.0,0.0,0.0,0.0,5496.0,-1.587932186534166e+29,6974.0,0.0,0.0,-107615280.0,0.0,0.0,0.0,0.0,0.0,63,-0.0,0.0,0.0,0.0,0.0,0.0,0.0,0.0,0.0,0,0,0,0.0,0.0,0.0,0.0,0.0,0.0,0.0,0.0,0.0,0.0,0.0,0.0,0.0,0.0,0.0,0.0,0,-107875648.0,63,0.0,126,2.7184242562605685e+23,-0.0,ERR,ERR,ERR,ERR,ERR,ERR,ERR,ERR,ERR,ERR,ERR,ERR,ERR,ERR,ERR,ERR,ERR,ERR,ERR,ERR,ERR,ERR,ERR,ERR,ERR,ERR,ERR,ERR,ERR,ERR,ERR,ERR,ERR,ERR,ERR,ERR,ERR,ERR,ERR,ERR,ERR,ERR,ERR,ERR,ERR,ERR,ERR,ERR,ERR,ERR,ERR,ERR,ERR,ERR,ERR,ERR,ERR,ERR,ERR,ERR,ERR,ERR,ERR,ERR,ERR,ERR,ERR,34.0,80.0,35,0.0,0.0,0.0,0.0,0.0,0.0,0.0,0.0,0.0,0.0,0.0,0.0,0.0,0.0,0.0,0.0,64.4,0,117,56,50,65476,0,300,0,0,8,20529,65476,0,0,57672,80.0,0.0,0.0,0.0,0.0,0.0
2026-06-17T04:10:15,ERR,ERR,ERR,ERR,ERR,ERR,ERR,ERR,ERR,ERR,ERR,ERR,ERR,ERR,ERR,ERR,ERR,ERR,ERR,ERR,ERR,ERR,ERR,ERR,ERR,ERR,ERR,ERR,ERR,ERR,ERR,ERR,ERR,ERR,ERR,ERR,ERR,ERR,ERR,ERR,ERR,ERR,ERR,ERR,ERR,ERR,ERR,ERR,ERR,ERR,ERR,ERR,ERR,ERR,ERR,ERR,ERR,ERR,ERR,ERR,ERR,ERR,ERR,ERR,ERR,ERR,ERR,ERR,ERR,ERR,ERR,ERR,ERR,ERR,ERR,ERR,ERR,ERR,ERR,ERR,ERR,ERR,ERR,ERR,ERR,ERR,ERR,ERR,ERR,ERR,ERR,ERR,ERR,ERR,ERR,ERR,ERR,ERR,ERR,ERR,ERR,ERR,ERR,ERR,ERR,ERR,ERR,ERR,ERR,ERR,ERR,ERR,ERR,ERR,ERR,ERR,ERR,ERR,ERR,ERR,ERR,ERR,ERR,ERR,ERR,0.0,0.0,0.0,0.0,0.0,1.3936040501711995e+18,7.805,0.0,0,0,4,0,7300,-0.0,0,0.0,0.0,0.0,0.0,0.0,0,0,0,0,0.0,0,0,0,0,0,0,0,0,0,0,0,0,0,0,0,0,0,0,0,0,0,0,0,0,0,0,0,0,0,0,0,0,0,32,30,30,62,65476,0,300,0,0,8,21553,0.0,-107605600.0,0.0,0.0,0.0,0.0,0.0,0.0,0.0,0.0,0.0,0.0,0.0,0.0,0.0,0.0,0.0,0.0,0.0,0.0,0.0,0.0,2.004,2.004,-0.0,2.004,0.0,0.0,0.0,0.0,5496.0,-1.587932186534166e+29,6974.0,0.0,0.0,-107615280.0,0.0,0.0,0.0,0.0,0.0,63,-0.0,0.0,0.0,0.0,0.0,0.0,0.0,0.0,0.0,0,0,0,0.0,0.0,0.0,0.0,0.0,0.0,0.0,0.0,0.0,0.0,0.0,0.0,0.0,0.0,0.0,0.0,0,-107875648.0,63,0.0,126,2.7184242562605685e+23,-0.0,ERR,ERR,ERR,ERR,ERR,ERR,ERR,ERR,ERR,ERR,ERR,ERR,ERR,ERR,ERR,ERR,ERR,ERR,ERR,ERR,ERR,ERR,ERR,ERR,ERR,ERR,ERR,ERR,ERR,ERR,ERR,ERR,ERR,ERR,ERR,ERR,ERR,ERR,ERR,ERR,ERR,ERR,ERR,ERR,ERR,ERR,ERR,ERR,ERR,ERR,ERR,ERR,ERR,ERR,ERR,ERR,ERR,ERR,ERR,ERR,ERR,ERR,ERR,ERR,ERR,ERR,ERR,34.0,80.0,35,0.0,0.0,0.0,0.0,0.0,0.0,0.0,0.0,0.0,0.0,0.0,0.0,0.0,0.0,0.0,0.0,64.4,0,117,56,50,65476,0,300,0,0,8,20529,65476,0,0,57672,80.0,0.0,0.0,0.0,0.0,0.0
2026-06-17T04:10:16,ERR,ERR,ERR,ERR,ERR,ERR,ERR,ERR,ERR,ERR,ERR,ERR,ERR,ERR,ERR,ERR,ERR,ERR,ERR,ERR,ERR,ERR,ERR,ERR,ERR,ERR,ERR,ERR,ERR,ERR,ERR,ERR,ERR,ERR,ERR,ERR,ERR,ERR,ERR,ERR,ERR,ERR,ERR,ERR,ERR,ERR,ERR,ERR,ERR,ERR,ERR,ERR,ERR,ERR,ERR,ERR,ERR,ERR,ERR,ERR,ERR,ERR,ERR,ERR,ERR,ERR,ERR,ERR,ERR,ERR,ERR,ERR,ERR,ERR,ERR,ERR,ERR,ERR,ERR,ERR,ERR,ERR,ERR,ERR,ERR,ERR,ERR,ERR,ERR,ERR,ERR,ERR,ERR,ERR,ERR,ERR,ERR,ERR,ERR,ERR,ERR,ERR,ERR,ERR,ERR,ERR,ERR,ERR,ERR,ERR,ERR,ERR,ERR,ERR,ERR,ERR,ERR,ERR,ERR,ERR,ERR,ERR,ERR,ERR,ERR,0.0,0.0,0.0,0.0,0.0,1.3936040501711995e+18,7.805,0.0,0,0,4,0,7300,-0.0,0,0.0,0.0,0.0,0.0,0.0,0,0,0,0,0.0,0,0,0,0,0,0,0,0,0,0,0,0,0,0,0,0,0,0,0,0,0,0,0,0,0,0,0,0,0,0,0,0,0,32,30,30,62,65476,0,300,0,0,8,21553,0.0,-107605600.0,0.0,0.0,0.0,0.0,0.0,0.0,0.0,0.0,0.0,0.0,0.0,0.0,0.0,0.0,0.0,0.0,0.0,0.0,0.0,0.0,2.004,2.004,-0.0,2.004,0.0,0.0,0.0,0.0,5496.0,-1.587932186534166e+29,6974.0,0.0,0.0,-107615280.0,0.0,0.0,0.0,0.0,0.0,63,-0.0,0.0,0.0,0.0,0.0,0.0,0.0,0.0,0.0,0,0,0,0.0,0.0,0.0,0.0,0.0,0.0,0.0,0.0,0.0,0.0,0.0,0.0,0.0,0.0,0.0,0.0,0,-107875648.0,63,0.0,126,2.7184242562605685e+23,-0.0,ERR,ERR,ERR,ERR,ERR,ERR,ERR,ERR,ERR,ERR,ERR,ERR,ERR,ERR,ERR,ERR,ERR,ERR,ERR,ERR,ERR,ERR,ERR,ERR,ERR,ERR,ERR,ERR,ERR,ERR,ERR,ERR,ERR,ERR,ERR,ERR,ERR,ERR,ERR,ERR,ERR,ERR,ERR,ERR,ERR,ERR,ERR,ERR,ERR,ERR,ERR,ERR,ERR,ERR,ERR,ERR,ERR,ERR,ERR,ERR,ERR,ERR,ERR,ERR,ERR,ERR,ERR,34.0,80.0,35,0.0,0.0,0.0,0.0,0.0,0.0,0.0,0.0,0.0,0.0,0.0,0.0,0.0,0.0,0.0,0.0,64.4,0,117,56,50,65476,0,300,0,0,8,20529,65476,0,0,57672,80.0,0.0,0.0,0.0,0.0,0.0
2026-06-17T04:10:17,ERR,ERR,ERR,ERR,ERR,ERR,ERR,ERR,ERR,ERR,ERR,ERR,ERR,ERR,ERR,ERR,ERR,ERR,ERR,ERR,ERR,ERR,ERR,ERR,ERR,ERR,ERR,ERR,ERR,ERR,ERR,ERR,ERR,ERR,ERR,ERR,ERR,ERR,ERR,ERR,ERR,ERR,ERR,ERR,ERR,ERR,ERR,ERR,ERR,ERR,ERR,ERR,ERR,ERR,ERR,ERR,ERR,ERR,ERR,ERR,ERR,ERR,ERR,ERR,ERR,ERR,ERR,ERR,ERR,ERR,ERR,ERR,ERR,ERR,ERR,ERR,ERR,ERR,ERR,ERR,ERR,ERR,ERR,ERR,ERR,ERR,ERR,ERR,ERR,ERR,ERR,ERR,ERR,ERR,ERR,ERR,ERR,ERR,ERR,ERR,ERR,ERR,ERR,ERR,ERR,ERR,ERR,ERR,ERR,ERR,ERR,ERR,ERR,ERR,ERR,ERR,ERR,ERR,ERR,ERR,ERR,ERR,ERR,ERR,ERR,0.0,0.0,0.0,0.0,0.0,1.3936040501711995e+18,7.805,0.0,0,0,4,0,7300,-0.0,0,0.0,0.0,0.0,0.0,0.0,0,0,0,0,0.0,0,0,0,0,0,0,0,0,0,0,0,0,0,0,0,0,0,0,0,0,0,0,0,0,0,0,0,0,0,0,0,0,0,32,30,30,62,65476,0,300,0,0,8,21553,0.0,-107605600.0,0.0,0.0,0.0,0.0,0.0,0.0,0.0,0.0,0.0,0.0,0.0,0.0,0.0,0.0,0.0,0.0,0.0,0.0,0.0,0.0,2.004,2.004,-0.0,2.004,0.0,0.0,0.0,0.0,5496.0,-1.587932186534166e+29,6974.0,0.0,0.0,-107615280.0,0.0,0.0,0.0,0.0,0.0,63,-0.0,0.0,0.0,0.0,0.0,0.0,0.0,0.0,0.0,0,0,0,0.0,0.0,0.0,0.0,0.0,0.0,0.0,0.0,0.0,0.0,0.0,0.0,0.0,0.0,0.0,0.0,0,-107875648.0,63,0.0,126,2.7184242562605685e+23,-0.0,ERR,ERR,ERR,ERR,ERR,ERR,ERR,ERR,ERR,ERR,ERR,ERR,ERR,ERR,ERR,ERR,ERR,ERR,ERR,ERR,ERR,ERR,ERR,ERR,ERR,ERR,ERR,ERR,ERR,ERR,ERR,ERR,ERR,ERR,ERR,ERR,ERR,ERR,ERR,ERR,ERR,ERR,ERR,ERR,ERR,ERR,ERR,ERR,ERR,ERR,ERR,ERR,ERR,ERR,ERR,ERR,ERR,ERR,ERR,ERR,ERR,ERR,ERR,ERR,ERR,ERR,ERR,34.0,80.0,35,0.0,0.0,0.0,0.0,0.0,0.0,0.0,0.0,0.0,0.0,0.0,0.0,0.0,0.0,0.0,0.0,64.4,0,117,56,50,65476,0,300,0,0,8,20529,65476,0,0,57672,80.0,0.0,0.0,0.0,0.0,0.0
2026-06-17T04:10:18,ERR,ERR,ERR,ERR,ERR,ERR,ERR,ERR,ERR,ERR,ERR,ERR,ERR,ERR,ERR,ERR,ERR,ERR,ERR,ERR,ERR,ERR,ERR,ERR,ERR,ERR,ERR,ERR,ERR,ERR,ERR,ERR,ERR,ERR,ERR,ERR,ERR,ERR,ERR,ERR,ERR,ERR,ERR,ERR,ERR,ERR,ERR,ERR,ERR,ERR,ERR,ERR,ERR,ERR,ERR,ERR,ERR,ERR,ERR,ERR,ERR,ERR,ERR,ERR,ERR,ERR,ERR,ERR,ERR,ERR,ERR,ERR,ERR,ERR,ERR,ERR,ERR,ERR,ERR,ERR,ERR,ERR,ERR,ERR,ERR,ERR,ERR,ERR,ERR,ERR,ERR,ERR,ERR,ERR,ERR,ERR,ERR,ERR,ERR,ERR,ERR,ERR,ERR,ERR,ERR,ERR,ERR,ERR,ERR,ERR,ERR,ERR,ERR,ERR,ERR,ERR,ERR,ERR,ERR,ERR,ERR,ERR,ERR,ERR,ERR,0.0,0.0,2.6474777903227054e+23,0.0,0.0,1.3936040501711995e+18,7.805,0.0,0,0,4,0,7300,-0.0,0,0.0,0.0,0.0,0.0,0.0,0,0,0,0,0.0,0,0,0,0,0,0,0,0,0,0,0,0,0,0,0,0,0,0,0,0,0,0,0,0,0,0,0,0,0,0,0,0,0,32,30,30,62,65476,0,300,0,0,8,21553,0.0,-107605600.0,0.0,0.0,0.0,0.0,0.0,0.0,0.0,0.0,0.0,0.0,0.0,0.0,0.0,0.0,0.0,0.0,0.0,0.0,0.0,0.0,2.004,2.004,-0.0,2.004,0.0,0.0,0.0,0.0,5526.0,0.0,6945.0,0.0,0.0,-107615280.0,0.0,0.0,0.0,0.0,0.0,63,-0.0,0.0,0.0,0.0,0.0,0.0,0.0,0.0,0.0,0,0,0,0.0,0.0,0.0,0.0,0.0,0.0,0.0,0.0,0.0,0.0,0.0,0.0,0.0,0.0,0.0,0.0,0,-107875648.0,63,0.0,126,2.7184242562605685e+23,-0.0,ERR,ERR,ERR,ERR,ERR,ERR,ERR,ERR,ERR,ERR,ERR,ERR,ERR,ERR,ERR,ERR,ERR,ERR,ERR,ERR,ERR,ERR,ERR,ERR,ERR,ERR,ERR,ERR,ERR,ERR,ERR,ERR,ERR,ERR,ERR,ERR,ERR,ERR,ERR,ERR,ERR,ERR,ERR,ERR,ERR,ERR,ERR,ERR,ERR,ERR,ERR,ERR,ERR,ERR,ERR,ERR,ERR,ERR,ERR,ERR,ERR,ERR,ERR,ERR,ERR,ERR,ERR,34.0,80.0,35,0.0,0.0,0.0,0.0,0.0,0.0,0.0,0.0,0.0,0.0,0.0,0.0,0.0,0.0,0.0,0.0,64.4,0,117,56,50,65476,0,300,0,0,8,20529,65476,0,0,57672,80.0,0.0,0.0,0.0,0.0,0.0
2026-06-17T04:10:19,ERR,ERR,ERR,ERR,ERR,ERR,ERR,ERR,ERR,ERR,ERR,ERR,ERR,ERR,ERR,ERR,ERR,ERR,ERR,ERR,ERR,ERR,ERR,ERR,ERR,ERR,ERR,ERR,ERR,ERR,ERR,ERR,ERR,ERR,ERR,ERR,ERR,ERR,ERR,ERR,ERR,ERR,ERR,ERR,ERR,ERR,ERR,ERR,ERR,ERR,ERR,ERR,ERR,ERR,ERR,ERR,ERR,ERR,ERR,ERR,ERR,ERR,ERR,ERR,ERR,ERR,ERR,ERR,ERR,ERR,ERR,ERR,ERR,ERR,ERR,ERR,ERR,ERR,ERR,ERR,ERR,ERR,ERR,ERR,ERR,ERR,ERR,ERR,ERR,ERR,ERR,ERR,ERR,ERR,ERR,ERR,ERR,ERR,ERR,ERR,ERR,ERR,ERR,ERR,ERR,ERR,ERR,ERR,ERR,ERR,ERR,ERR,ERR,ERR,ERR,ERR,ERR,ERR,ERR,ERR,ERR,ERR,ERR,ERR,ERR,0.0,0.0,2.6474777903227054e+23,0.0,0.0,1.3936040501711995e+18,7.805,0.0,0,0,4,0,7300,-0.0,0,0.0,0.0,0.0,0.0,0.0,0,0,0,0,0.0,0,0,0,0,0,0,0,0,0,0,0,0,0,0,0,0,0,0,0,0,0,0,0,0,0,0,0,0,0,0,0,0,0,32,30,30,62,65476,0,300,0,0,8,21553,0.0,-107605600.0,0.0,0.0,0.0,0.0,0.0,0.0,0.0,0.0,0.0,0.0,0.0,0.0,0.0,0.0,0.0,0.0,0.0,0.0,0.0,0.0,2.004,2.004,-0.0,2.004,0.0,0.0,0.0,0.0,5526.0,0.0,6945.0,0.0,0.0,-107615280.0,0.0,0.0,0.0,0.0,0.0,63,-0.0,0.0,0.0,0.0,0.0,0.0,0.0,0.0,0.0,0,0,0,0.0,0.0,0.0,0.0,0.0,0.0,0.0,0.0,0.0,0.0,0.0,0.0,0.0,0.0,0.0,0.0,0,-107875648.0,63,0.0,126,2.7184242562605685e+23,-0.0,ERR,ERR,ERR,ERR,ERR,ERR,ERR,ERR,ERR,ERR,ERR,ERR,ERR,ERR,ERR,ERR,ERR,ERR,ERR,ERR,ERR,ERR,ERR,ERR,ERR,ERR,ERR,ERR,ERR,ERR,ERR,ERR,ERR,ERR,ERR,ERR,ERR,ERR,ERR,ERR,ERR,ERR,ERR,ERR,ERR,ERR,ERR,ERR,ERR,ERR,ERR,ERR,ERR,ERR,ERR,ERR,ERR,ERR,ERR,ERR,ERR,ERR,ERR,ERR,ERR,ERR,ERR,34.0,80.0,35,0.0,0.0,0.0,0.0,0.0,0.0,0.0,0.0,0.0,0.0,0.0,0.0,0.0,0.0,0.0,0.0,64.4,0,117,56,50,65476,0,300,0,0,8,20529,65476,0,0,57672,80.0,0.0,0.0,0.0,0.0,0.0
2026-06-17T04:10:20,ERR,ERR,ERR,ERR,ERR,ERR,ERR,ERR,ERR,ERR,ERR,ERR,ERR,ERR,ERR,ERR,ERR,ERR,ERR,ERR,ERR,ERR,ERR,ERR,ERR,ERR,ERR,ERR,ERR,ERR,ERR,ERR,ERR,ERR,ERR,ERR,ERR,ERR,ERR,ERR,ERR,ERR,ERR,ERR,ERR,ERR,ERR,ERR,ERR,ERR,ERR,ERR,ERR,ERR,ERR,ERR,ERR,ERR,ERR,ERR,ERR,ERR,ERR,ERR,ERR,ERR,ERR,ERR,ERR,ERR,ERR,ERR,ERR,ERR,ERR,ERR,ERR,ERR,ERR,ERR,ERR,ERR,ERR,ERR,ERR,ERR,ERR,ERR,ERR,ERR,ERR,ERR,ERR,ERR,ERR,ERR,ERR,ERR,ERR,ERR,ERR,ERR,ERR,ERR,ERR,ERR,ERR,ERR,ERR,ERR,ERR,ERR,ERR,ERR,ERR,ERR,ERR,ERR,ERR,ERR,ERR,ERR,ERR,ERR,ERR,0.0,0.0,2.6474777903227054e+23,0.0,0.0,1.3936040501711995e+18,7.805,0.0,0,0,4,0,7300,-0.0,0,0.0,0.0,0.0,0.0,0.0,0,0,0,0,0.0,0,0,0,0,0,0,0,0,0,0,0,0,0,0,0,0,0,0,0,0,0,0,0,0,0,0,0,0,0,0,0,0,0,32,30,30,62,65476,0,300,0,0,8,21553,0.0,-107605600.0,0.0,0.0,0.0,0.0,0.0,0.0,0.0,0.0,0.0,0.0,0.0,0.0,0.0,0.0,0.0,0.0,0.0,0.0,0.0,0.0,2.004,2.004,-0.0,2.004,0.0,0.0,0.0,0.0,5526.0,0.0,6945.0,0.0,0.0,-107615280.0,0.0,0.0,0.0,0.0,0.0,63,-0.0,0.0,0.0,0.0,0.0,0.0,0.0,0.0,0.0,0,0,0,0.0,0.0,0.0,0.0,0.0,0.0,0.0,0.0,0.0,0.0,0.0,0.0,0.0,0.0,0.0,0.0,0,-107875648.0,63,0.0,126,2.7184242562605685e+23,-0.0,ERR,ERR,ERR,ERR,ERR,ERR,ERR,ERR,ERR,ERR,ERR,ERR,ERR,ERR,ERR,ERR,ERR,ERR,ERR,ERR,ERR,ERR,ERR,ERR,ERR,ERR,ERR,ERR,ERR,ERR,ERR,ERR,ERR,ERR,ERR,ERR,ERR,ERR,ERR,ERR,ERR,ERR,ERR,ERR,ERR,ERR,ERR,ERR,ERR,ERR,ERR,ERR,ERR,ERR,ERR,ERR,ERR,ERR,ERR,ERR,ERR,ERR,ERR,ERR,ERR,ERR,ERR,34.0,80.0,35,0.0,0.0,0.0,0.0,0.0,0.0,0.0,0.0,0.0,0.0,0.0,0.0,0.0,0.0,0.0,0.0,64.4,0,117,56,50,65476,0,300,0,0,8,20529,65476,0,0,57672,80.0,0.0,0.0,0.0,0.0,0.0
2026-06-17T04:10:21,ERR,ERR,ERR,ERR,ERR,ERR,ERR,ERR,ERR,ERR,ERR,ERR,ERR,ERR,ERR,ERR,ERR,ERR,ERR,ERR,ERR,ERR,ERR,ERR,ERR,ERR,ERR,ERR,ERR,ERR,ERR,ERR,ERR,ERR,ERR,ERR,ERR,ERR,ERR,ERR,ERR,ERR,ERR,ERR,ERR,ERR,ERR,ERR,ERR,ERR,ERR,ERR,ERR,ERR,ERR,ERR,ERR,ERR,ERR,ERR,ERR,ERR,ERR,ERR,ERR,ERR,ERR,ERR,ERR,ERR,ERR,ERR,ERR,ERR,ERR,ERR,ERR,ERR,ERR,ERR,ERR,ERR,ERR,ERR,ERR,ERR,ERR,ERR,ERR,ERR,ERR,ERR,ERR,ERR,ERR,ERR,ERR,ERR,ERR,ERR,ERR,ERR,ERR,ERR,ERR,ERR,ERR,ERR,ERR,ERR,ERR,ERR,ERR,ERR,ERR,ERR,ERR,ERR,ERR,ERR,ERR,ERR,ERR,ERR,ERR,0.0,0.0,2.6474777903227054e+23,0.0,0.0,1.3936040501711995e+18,7.805,0.0,0,0,4,0,7300,-0.0,0,0.0,0.0,0.0,0.0,0.0,0,0,0,0,0.0,0,0,0,0,0,0,0,0,0,0,0,0,0,0,0,0,0,0,0,0,0,0,0,0,0,0,0,0,0,0,0,0,0,32,30,30,62,65476,0,300,0,0,8,21553,0.0,-107605600.0,0.0,0.0,0.0,0.0,0.0,0.0,0.0,0.0,0.0,0.0,0.0,0.0,0.0,0.0,0.0,0.0,0.0,0.0,0.0,0.0,2.004,2.004,-0.0,2.004,0.0,0.0,0.0,0.0,5526.0,0.0,6945.0,0.0,0.0,-107615280.0,0.0,0.0,0.0,0.0,0.0,63,-0.0,0.0,0.0,0.0,0.0,0.0,0.0,0.0,0.0,0,0,0,0.0,0.0,0.0,0.0,0.0,0.0,0.0,0.0,0.0,0.0,0.0,0.0,0.0,0.0,0.0,0.0,0,-107875648.0,63,0.0,126,2.7184242562605685e+23,-0.0,ERR,ERR,ERR,ERR,ERR,ERR,ERR,ERR,ERR,ERR,ERR,ERR,ERR,ERR,ERR,ERR,ERR,ERR,ERR,ERR,ERR,ERR,ERR,ERR,ERR,ERR,ERR,ERR,ERR,ERR,ERR,ERR,ERR,ERR,ERR,ERR,ERR,ERR,ERR,ERR,ERR,ERR,ERR,ERR,ERR,ERR,ERR,ERR,ERR,ERR,ERR,ERR,ERR,ERR,ERR,ERR,ERR,ERR,ERR,ERR,ERR,ERR,ERR,ERR,ERR,ERR,ERR,34.0,80.0,35,0.0,0.0,0.0,0.0,0.0,0.0,0.0,0.0,0.0,0.0,0.0,0.0,0.0,0.0,0.0,0.0,64.4,0,117,56,50,65476,0,300,0,0,8,20529,65476,0,0,57672,80.0,0.0,0.0,0.0,0.0,0.0
2026-06-17T04:10:22,ERR,ERR,ERR,ERR,ERR,ERR,ERR,ERR,ERR,ERR,ERR,ERR,ERR,ERR,ERR,ERR,ERR,ERR,ERR,ERR,ERR,ERR,ERR,ERR,ERR,ERR,ERR,ERR,ERR,ERR,ERR,ERR,ERR,ERR,ERR,ERR,ERR,ERR,ERR,ERR,ERR,ERR,ERR,ERR,ERR,ERR,ERR,ERR,ERR,ERR,ERR,ERR,ERR,ERR,ERR,ERR,ERR,ERR,ERR,ERR,ERR,ERR,ERR,ERR,ERR,ERR,ERR,ERR,ERR,ERR,ERR,ERR,ERR,ERR,ERR,ERR,ERR,ERR,ERR,ERR,ERR,ERR,ERR,ERR,ERR,ERR,ERR,ERR,ERR,ERR,ERR,ERR,ERR,ERR,ERR,ERR,ERR,ERR,ERR,ERR,ERR,ERR,ERR,ERR,ERR,ERR,ERR,ERR,ERR,ERR,ERR,ERR,ERR,ERR,ERR,ERR,ERR,ERR,ERR,ERR,ERR,ERR,ERR,ERR,ERR,0.0,0.0,2.6474777903227054e+23,0.0,0.0,1.3936040501711995e+18,7.805,0.0,0,0,4,0,7300,-0.0,0,0.0,0.0,0.0,0.0,0.0,0,0,0,0,0.0,0,0,0,0,0,0,0,0,0,0,0,0,0,0,0,0,0,0,0,0,0,0,0,0,0,0,0,0,0,0,0,0,0,32,30,30,62,65476,0,300,0,0,8,21553,0.0,-107605600.0,0.0,0.0,0.0,0.0,0.0,0.0,0.0,0.0,0.0,0.0,0.0,0.0,0.0,0.0,0.0,0.0,0.0,0.0,0.0,0.0,2.004,2.004,-0.0,2.004,0.0,0.0,0.0,0.0,5526.0,0.0,6945.0,0.0,0.0,-107615280.0,0.0,0.0,0.0,0.0,0.0,63,-0.0,0.0,0.0,0.0,0.0,0.0,0.0,0.0,0.0,0,0,0,0.0,0.0,0.0,0.0,0.0,0.0,0.0,0.0,0.0,0.0,0.0,0.0,0.0,0.0,0.0,0.0,0,-107875648.0,63,0.0,126,2.7184242562605685e+23,-0.0,ERR,ERR,ERR,ERR,ERR,ERR,ERR,ERR,ERR,ERR,ERR,ERR,ERR,ERR,ERR,ERR,ERR,ERR,ERR,ERR,ERR,ERR,ERR,ERR,ERR,ERR,ERR,ERR,ERR,ERR,ERR,ERR,ERR,ERR,ERR,ERR,ERR,ERR,ERR,ERR,ERR,ERR,ERR,ERR,ERR,ERR,ERR,ERR,ERR,ERR,ERR,ERR,ERR,ERR,ERR,ERR,ERR,ERR,ERR,ERR,ERR,ERR,ERR,ERR,ERR,ERR,ERR,34.0,80.0,35,0.0,0.0,0.0,0.0,0.0,0.0,0.0,0.0,0.0,0.0,0.0,0.0,0.0,0.0,0.0,0.0,64.4,0,117,56,50,65476,0,300,0,0,8,20529,65476,0,0,57672,80.0,0.0,0.0,0.0,0.0,0.0
2026-06-17T04:10:23,ERR,ERR,ERR,ERR,ERR,ERR,ERR,ERR,ERR,ERR,ERR,ERR,ERR,ERR,ERR,ERR,ERR,ERR,ERR,ERR,ERR,ERR,ERR,ERR,ERR,ERR,ERR,ERR,ERR,ERR,ERR,ERR,ERR,ERR,ERR,ERR,ERR,ERR,ERR,ERR,ERR,ERR,ERR,ERR,ERR,ERR,ERR,ERR,ERR,ERR,ERR,ERR,ERR,ERR,ERR,ERR,ERR,ERR,ERR,ERR,ERR,ERR,ERR,ERR,ERR,ERR,ERR,ERR,ERR,ERR,ERR,ERR,ERR,ERR,ERR,ERR,ERR,ERR,ERR,ERR,ERR,ERR,ERR,ERR,ERR,ERR,ERR,ERR,ERR,ERR,ERR,ERR,ERR,ERR,ERR,ERR,ERR,ERR,ERR,ERR,ERR,ERR,ERR,ERR,ERR,ERR,ERR,ERR,ERR,ERR,ERR,ERR,ERR,ERR,ERR,ERR,ERR,ERR,ERR,ERR,ERR,ERR,ERR,ERR,ERR,0.0,0.0,0.0,0.0,0.0,1.3936040501711995e+18,7.805,0.0,0,0,4,0,7300,-0.0,0,0.0,0.0,0.0,0.0,0.0,0,0,0,0,0.0,0,0,0,0,0,0,0,0,0,0,0,0,0,0,0,0,0,0,0,0,0,0,0,0,0,0,0,0,0,0,0,0,0,32,30,30,62,65476,0,300,0,0,8,21553,0.0,-107605600.0,0.0,0.0,0.0,0.0,0.0,0.0,0.0,0.0,0.0,0.0,0.0,0.0,0.0,0.0,0.0,0.0,0.0,0.0,0.0,0.0,2.004,2.004,-0.0,2.004,0.0,0.0,0.0,0.0,5495.0,-8608197632.0,6970.0,0.0,0.0,-107615280.0,0.0,0.0,0.0,0.0,0.0,63,-0.0,-3.222009777006516e+26,0.0,0.0,0.0,0.0,0.0,0.0,0.0,0,0,0,0.0,0.0,0.0,0.0,0.0,0.0,0.0,0.0,0.0,0.0,0.0,0.0,0.0,0.0,0.0,0.0,0,-107875648.0,63,0.0,126,2.7184242562605685e+23,-0.0,ERR,ERR,ERR,ERR,ERR,ERR,ERR,ERR,ERR,ERR,ERR,ERR,ERR,ERR,ERR,ERR,ERR,ERR,ERR,ERR,ERR,ERR,ERR,ERR,ERR,ERR,ERR,ERR,ERR,ERR,ERR,ERR,ERR,ERR,ERR,ERR,ERR,ERR,ERR,ERR,ERR,ERR,ERR,ERR,ERR,ERR,ERR,ERR,ERR,ERR,ERR,ERR,ERR,ERR,ERR,ERR,ERR,ERR,ERR,ERR,ERR,ERR,ERR,ERR,ERR,ERR,ERR,34.0,80.0,35,0.0,0.0,0.0,0.0,0.0,0.0,0.0,0.0,0.0,0.0,0.0,0.0,0.0,0.0,0.0,0.0,64.4,0,117,56,50,65476,0,300,0,0,8,20529,65476,0,0,57672,80.0,0.0,0.0,0.0,0.0,0.0
2026-06-17T04:10:24,ERR,ERR,ERR,ERR,ERR,ERR,ERR,ERR,ERR,ERR,ERR,ERR,ERR,ERR,ERR,ERR,ERR,ERR,ERR,ERR,ERR,ERR,ERR,ERR,ERR,ERR,ERR,ERR,ERR,ERR,ERR,ERR,ERR,ERR,ERR,ERR,ERR,ERR,ERR,ERR,ERR,ERR,ERR,ERR,ERR,ERR,ERR,ERR,ERR,ERR,ERR,ERR,ERR,ERR,ERR,ERR,ERR,ERR,ERR,ERR,ERR,ERR,ERR,ERR,ERR,ERR,ERR,ERR,ERR,ERR,ERR,ERR,ERR,ERR,ERR,ERR,ERR,ERR,ERR,ERR,ERR,ERR,ERR,ERR,ERR,ERR,ERR,ERR,ERR,ERR,ERR,ERR,ERR,ERR,ERR,ERR,ERR,ERR,ERR,ERR,ERR,ERR,ERR,ERR,ERR,ERR,ERR,ERR,ERR,ERR,ERR,ERR,ERR,ERR,ERR,ERR,ERR,ERR,ERR,ERR,ERR,ERR,ERR,ERR,ERR,0.0,0.0,0.0,0.0,0.0,1.3936040501711995e+18,7.805,0.0,0,0,4,0,7300,-0.0,0,0.0,0.0,0.0,0.0,0.0,0,0,0,0,0.0,0,0,0,0,0,0,0,0,0,0,0,0,0,0,0,0,0,0,0,0,0,0,0,0,0,0,0,0,0,0,0,0,0,32,30,30,62,65476,0,300,0,0,8,21553,0.0,-107605600.0,0.0,0.0,0.0,0.0,0.0,0.0,0.0,0.0,0.0,0.0,0.0,0.0,0.0,0.0,0.0,0.0,0.0,0.0,0.0,0.0,2.004,2.004,-0.0,2.004,0.0,0.0,0.0,0.0,5495.0,-8608197632.0,6970.0,0.0,0.0,-107615280.0,0.0,0.0,0.0,0.0,0.0,63,-0.0,-3.222009777006516e+26,0.0,0.0,0.0,0.0,0.0,0.0,0.0,0,0,0,0.0,0.0,0.0,0.0,0.0,0.0,0.0,0.0,0.0,0.0,0.0,0.0,0.0,0.0,0.0,0.0,0,-107875648.0,63,0.0,126,2.7184242562605685e+23,-0.0,ERR,ERR,ERR,ERR,ERR,ERR,ERR,ERR,ERR,ERR,ERR,ERR,ERR,ERR,ERR,ERR,ERR,ERR,ERR,ERR,ERR,ERR,ERR,ERR,ERR,ERR,ERR,ERR,ERR,ERR,ERR,ERR,ERR,ERR,ERR,ERR,ERR,ERR,ERR,ERR,ERR,ERR,ERR,ERR,ERR,ERR,ERR,ERR,ERR,ERR,ERR,ERR,ERR,ERR,ERR,ERR,ERR,ERR,ERR,ERR,ERR,ERR,ERR,ERR,ERR,ERR,ERR,34.0,80.0,35,0.0,0.0,0.0,0.0,0.0,0.0,0.0,0.0,0.0,0.0,0.0,0.0,0.0,0.0,0.0,0.0,64.4,0,117,56,50,65476,0,300,0,0,8,20529,65476,0,0,57672,80.0,0.0,0.0,0.0,0.0,0.0
2026-06-17T04:10:25,ERR,ERR,ERR,ERR,ERR,ERR,ERR,ERR,ERR,ERR,ERR,ERR,ERR,ERR,ERR,ERR,ERR,ERR,ERR,ERR,ERR,ERR,ERR,ERR,ERR,ERR,ERR,ERR,ERR,ERR,ERR,ERR,ERR,ERR,ERR,ERR,ERR,ERR,ERR,ERR,ERR,ERR,ERR,ERR,ERR,ERR,ERR,ERR,ERR,ERR,ERR,ERR,ERR,ERR,ERR,ERR,ERR,ERR,ERR,ERR,ERR,ERR,ERR,ERR,ERR,ERR,ERR,ERR,ERR,ERR,ERR,ERR,ERR,ERR,ERR,ERR,ERR,ERR,ERR,ERR,ERR,ERR,ERR,ERR,ERR,ERR,ERR,ERR,ERR,ERR,ERR,ERR,ERR,ERR,ERR,ERR,ERR,ERR,ERR,ERR,ERR,ERR,ERR,ERR,ERR,ERR,ERR,ERR,ERR,ERR,ERR,ERR,ERR,ERR,ERR,ERR,ERR,ERR,ERR,ERR,ERR,ERR,ERR,ERR,ERR,0.0,0.0,0.0,0.0,0.0,1.3936040501711995e+18,7.805,0.0,0,0,4,0,7300,-0.0,0,0.0,0.0,0.0,0.0,0.0,0,0,0,0,0.0,0,0,0,0,0,0,0,0,0,0,0,0,0,0,0,0,0,0,0,0,0,0,0,0,0,0,0,0,0,0,0,0,0,32,30,30,62,65476,0,300,0,0,8,21553,0.0,-107605600.0,0.0,0.0,0.0,0.0,0.0,0.0,0.0,0.0,0.0,0.0,0.0,0.0,0.0,0.0,0.0,0.0,0.0,0.0,0.0,0.0,2.004,2.004,-0.0,2.004,0.0,0.0,0.0,0.0,5495.0,-8608197632.0,6970.0,0.0,0.0,-107615280.0,0.0,0.0,0.0,0.0,0.0,63,-0.0,-3.222009777006516e+26,0.0,0.0,0.0,0.0,0.0,0.0,0.0,0,0,0,0.0,0.0,0.0,0.0,0.0,0.0,0.0,0.0,0.0,0.0,0.0,0.0,0.0,0.0,0.0,0.0,0,-107875648.0,63,0.0,126,2.7184242562605685e+23,-0.0,ERR,ERR,ERR,ERR,ERR,ERR,ERR,ERR,ERR,ERR,ERR,ERR,ERR,ERR,ERR,ERR,ERR,ERR,ERR,ERR,ERR,ERR,ERR,ERR,ERR,ERR,ERR,ERR,ERR,ERR,ERR,ERR,ERR,ERR,ERR,ERR,ERR,ERR,ERR,ERR,ERR,ERR,ERR,ERR,ERR,ERR,ERR,ERR,ERR,ERR,ERR,ERR,ERR,ERR,ERR,ERR,ERR,ERR,ERR,ERR,ERR,ERR,ERR,ERR,ERR,ERR,ERR,34.0,80.0,35,0.0,0.0,0.0,0.0,0.0,0.0,0.0,0.0,0.0,0.0,0.0,0.0,0.0,0.0,0.0,0.0,64.4,0,117,56,50,65476,0,300,0,0,8,20529,65476,0,0,57672,80.0,0.0,0.0,0.0,0.0,0.0
2026-06-17T04:10:26,ERR,ERR,ERR,ERR,ERR,ERR,ERR,ERR,ERR,ERR,ERR,ERR,ERR,ERR,ERR,ERR,ERR,ERR,ERR,ERR,ERR,ERR,ERR,ERR,ERR,ERR,ERR,ERR,ERR,ERR,ERR,ERR,ERR,ERR,ERR,ERR,ERR,ERR,ERR,ERR,ERR,ERR,ERR,ERR,ERR,ERR,ERR,ERR,ERR,ERR,ERR,ERR,ERR,ERR,ERR,ERR,ERR,ERR,ERR,ERR,ERR,ERR,ERR,ERR,ERR,ERR,ERR,ERR,ERR,ERR,ERR,ERR,ERR,ERR,ERR,ERR,ERR,ERR,ERR,ERR,ERR,ERR,ERR,ERR,ERR,ERR,ERR,ERR,ERR,ERR,ERR,ERR,ERR,ERR,ERR,ERR,ERR,ERR,ERR,ERR,ERR,ERR,ERR,ERR,ERR,ERR,ERR,ERR,ERR,ERR,ERR,ERR,ERR,ERR,ERR,ERR,ERR,ERR,ERR,ERR,ERR,ERR,ERR,ERR,ERR,0.0,0.0,0.0,0.0,0.0,1.3936040501711995e+18,7.805,0.0,0,0,4,0,7300,-0.0,0,0.0,0.0,0.0,0.0,0.0,0,0,0,0,0.0,0,0,0,0,0,0,0,0,0,0,0,0,0,0,0,0,0,0,0,0,0,0,0,0,0,0,0,0,0,0,0,0,0,32,30,30,62,65476,0,300,0,0,8,21553,0.0,-107605600.0,0.0,0.0,0.0,0.0,0.0,0.0,0.0,0.0,0.0,0.0,0.0,0.0,0.0,0.0,0.0,0.0,0.0,0.0,0.0,0.0,2.004,2.004,-0.0,2.004,0.0,0.0,0.0,0.0,5495.0,-8608197632.0,6970.0,0.0,0.0,-107615280.0,0.0,0.0,0.0,0.0,0.0,63,-0.0,-3.222009777006516e+26,0.0,0.0,0.0,0.0,0.0,0.0,0.0,0,0,0,0.0,0.0,0.0,0.0,0.0,0.0,0.0,0.0,0.0,0.0,0.0,0.0,0.0,0.0,0.0,0.0,0,-107875648.0,63,0.0,126,2.7184242562605685e+23,-0.0,ERR,ERR,ERR,ERR,ERR,ERR,ERR,ERR,ERR,ERR,ERR,ERR,ERR,ERR,ERR,ERR,ERR,ERR,ERR,ERR,ERR,ERR,ERR,ERR,ERR,ERR,ERR,ERR,ERR,ERR,ERR,ERR,ERR,ERR,ERR,ERR,ERR,ERR,ERR,ERR,ERR,ERR,ERR,ERR,ERR,ERR,ERR,ERR,ERR,ERR,ERR,ERR,ERR,ERR,ERR,ERR,ERR,ERR,ERR,ERR,ERR,ERR,ERR,ERR,ERR,ERR,ERR,34.0,80.0,35,0.0,0.0,0.0,0.0,0.0,0.0,0.0,0.0,0.0,0.0,0.0,0.0,0.0,0.0,0.0,0.0,64.4,0,117,56,50,65476,0,300,0,0,8,20529,65476,0,0,57672,80.0,0.0,0.0,0.0,0.0,0.0
2026-06-17T04:10:27,ERR,ERR,ERR,ERR,ERR,ERR,ERR,ERR,ERR,ERR,ERR,ERR,ERR,ERR,ERR,ERR,ERR,ERR,ERR,ERR,ERR,ERR,ERR,ERR,ERR,ERR,ERR,ERR,ERR,ERR,ERR,ERR,ERR,ERR,ERR,ERR,ERR,ERR,ERR,ERR,ERR,ERR,ERR,ERR,ERR,ERR,ERR,ERR,ERR,ERR,ERR,ERR,ERR,ERR,ERR,ERR,ERR,ERR,ERR,ERR,ERR,ERR,ERR,ERR,ERR,ERR,ERR,ERR,ERR,ERR,ERR,ERR,ERR,ERR,ERR,ERR,ERR,ERR,ERR,ERR,ERR,ERR,ERR,ERR,ERR,ERR,ERR,ERR,ERR,ERR,ERR,ERR,ERR,ERR,ERR,ERR,ERR,ERR,ERR,ERR,ERR,ERR,ERR,ERR,ERR,ERR,ERR,ERR,ERR,ERR,ERR,ERR,ERR,ERR,ERR,ERR,ERR,ERR,ERR,ERR,ERR,ERR,ERR,ERR,ERR,0.0,0.0,0.0,0.0,0.0,1.3936040501711995e+18,7.805,0.0,0,0,4,0,7300,-0.0,0,0.0,0.0,0.0,0.0,0.0,0,0,0,0,0.0,0,0,0,0,0,0,0,0,0,0,0,0,0,0,0,0,0,0,0,0,0,0,0,0,0,0,0,0,0,0,0,0,0,32,30,30,62,65476,0,300,0,0,8,21553,0.0,-107605600.0,0.0,0.0,0.0,0.0,0.0,0.0,0.0,0.0,0.0,0.0,0.0,0.0,0.0,0.0,0.0,0.0,0.0,0.0,0.0,0.0,2.004,2.004,-0.0,2.004,0.0,0.0,0.0,0.0,5495.0,-8608197632.0,6970.0,0.0,0.0,-107615280.0,0.0,0.0,0.0,0.0,0.0,63,-0.0,-3.222009777006516e+26,0.0,0.0,0.0,0.0,0.0,0.0,0.0,0,0,0,0.0,0.0,0.0,0.0,0.0,0.0,0.0,0.0,0.0,0.0,0.0,0.0,0.0,0.0,0.0,0.0,0,-107875648.0,63,0.0,126,2.7184242562605685e+23,-0.0,ERR,ERR,ERR,ERR,ERR,ERR,ERR,ERR,ERR,ERR,ERR,ERR,ERR,ERR,ERR,ERR,ERR,ERR,ERR,ERR,ERR,ERR,ERR,ERR,ERR,ERR,ERR,ERR,ERR,ERR,ERR,ERR,ERR,ERR,ERR,ERR,ERR,ERR,ERR,ERR,ERR,ERR,ERR,ERR,ERR,ERR,ERR,ERR,ERR,ERR,ERR,ERR,ERR,ERR,ERR,ERR,ERR,ERR,ERR,ERR,ERR,ERR,ERR,ERR,ERR,ERR,ERR,34.0,80.0,35,0.0,0.0,0.0,0.0,0.0,0.0,0.0,0.0,0.0,0.0,0.0,0.0,0.0,0.0,0.0,0.0,64.4,0,117,56,50,65476,0,300,0,0,8,20529,65476,0,0,57672,80.0,0.0,0.0,0.0,0.0,0.0
2026-06-17T04:10:28,ERR,ERR,ERR,ERR,ERR,ERR,ERR,ERR,ERR,ERR,ERR,ERR,ERR,ERR,ERR,ERR,ERR,ERR,ERR,ERR,ERR,ERR,ERR,ERR,ERR,ERR,ERR,ERR,ERR,ERR,ERR,ERR,ERR,ERR,ERR,ERR,ERR,ERR,ERR,ERR,ERR,ERR,ERR,ERR,ERR,ERR,ERR,ERR,ERR,ERR,ERR,ERR,ERR,ERR,ERR,ERR,ERR,ERR,ERR,ERR,ERR,ERR,ERR,ERR,ERR,ERR,ERR,ERR,ERR,ERR,ERR,ERR,ERR,ERR,ERR,ERR,ERR,ERR,ERR,ERR,ERR,ERR,ERR,ERR,ERR,ERR,ERR,ERR,ERR,ERR,ERR,ERR,ERR,ERR,ERR,ERR,ERR,ERR,ERR,ERR,ERR,ERR,ERR,ERR,ERR,ERR,ERR,ERR,ERR,ERR,ERR,ERR,ERR,ERR,ERR,ERR,ERR,ERR,ERR,ERR,ERR,ERR,ERR,ERR,ERR,0.0,0.0,0.0,0.0,0.0,1.3936040501711995e+18,7.805,0.0,0,0,4,0,7300,-0.0,0,0.0,0.0,0.0,0.0,0.0,0,0,0,0,0.0,0,0,0,0,0,0,0,0,0,0,0,0,0,0,0,0,0,0,0,0,0,0,0,0,0,0,0,0,0,0,0,0,0,32,30,30,62,65476,0,300,0,0,8,21553,0.0,-107605600.0,0.0,0.0,0.0,0.0,0.0,0.0,0.0,0.0,0.0,0.0,0.0,0.0,0.0,0.0,0.0,0.0,0.0,0.0,0.0,0.0,2.004,2.004,-0.0,2.004,0.0,0.0,0.0,0.0,5495.0,-8608197632.0,6970.0,0.0,0.0,-107615280.0,0.0,0.0,0.0,0.0,0.0,63,-0.0,-3.222009777006516e+26,0.0,0.0,0.0,0.0,0.0,0.0,0.0,0,0,0,0.0,0.0,0.0,0.0,0.0,0.0,0.0,0.0,0.0,0.0,0.0,0.0,0.0,0.0,0.0,0.0,0,-107875648.0,63,0.0,126,2.7184242562605685e+23,-0.0,ERR,ERR,ERR,ERR,ERR,ERR,ERR,ERR,ERR,ERR,ERR,ERR,ERR,ERR,ERR,ERR,ERR,ERR,ERR,ERR,ERR,ERR,ERR,ERR,ERR,ERR,ERR,ERR,ERR,ERR,ERR,ERR,ERR,ERR,ERR,ERR,ERR,ERR,ERR,ERR,ERR,ERR,ERR,ERR,ERR,ERR,ERR,ERR,ERR,ERR,ERR,ERR,ERR,ERR,ERR,ERR,ERR,ERR,ERR,ERR,ERR,ERR,ERR,ERR,ERR,ERR,ERR,34.0,80.0,35,0.0,0.0,0.0,0.0,0.0,0.0,0.0,0.0,0.0,0.0,0.0,0.0,0.0,0.0,0.0,0.0,64.8,0,117,56,50,65476,0,300,0,0,8,20529,65476,0,0,57672,80.0,0.0,0.0,0.0,0.0,0.0
2026-06-17T04:10:29,ERR,ERR,ERR,ERR,ERR,ERR,ERR,ERR,ERR,ERR,ERR,ERR,ERR,ERR,ERR,ERR,ERR,ERR,ERR,ERR,ERR,ERR,ERR,ERR,ERR,ERR,ERR,ERR,ERR,ERR,ERR,ERR,ERR,ERR,ERR,ERR,ERR,ERR,ERR,ERR,ERR,ERR,ERR,ERR,ERR,ERR,ERR,ERR,ERR,ERR,ERR,ERR,ERR,ERR,ERR,ERR,ERR,ERR,ERR,ERR,ERR,ERR,ERR,ERR,ERR,ERR,ERR,ERR,ERR,ERR,ERR,ERR,ERR,ERR,ERR,ERR,ERR,ERR,ERR,ERR,ERR,ERR,ERR,ERR,ERR,ERR,ERR,ERR,ERR,ERR,ERR,ERR,ERR,ERR,ERR,ERR,ERR,ERR,ERR,ERR,ERR,ERR,ERR,ERR,ERR,ERR,ERR,ERR,ERR,ERR,ERR,ERR,ERR,ERR,ERR,ERR,ERR,ERR,ERR,ERR,ERR,ERR,ERR,ERR,ERR,0.0,0.0,2.6474777903227054e+23,0.0,0.0,1.3936040501711995e+18,7.805,0.0,0,0,4,0,7300,-0.0,0,0.0,0.0,0.0,0.0,0.0,0,0,0,0,0.0,0,0,0,0,0,0,0,0,0,0,0,0,0,0,0,0,0,0,0,0,0,0,0,0,0,0,0,0,0,0,0,0,0,32,30,30,62,65476,0,300,0,0,8,21553,0.0,-107605600.0,0.0,0.0,0.0,0.0,0.0,0.0,0.0,0.0,0.0,0.0,0.0,0.0,0.0,0.0,0.0,0.0,0.0,0.0,0.0,0.0,2.004,2.004,-0.0,2.004,0.0,0.0,0.0,0.0,5495.0,-8608197632.0,6970.0,0.0,0.0,-107615280.0,0.0,0.0,0.0,0.0,0.0,63,-0.0,-3.222009777006516e+26,0.0,0.0,0.0,0.0,0.0,0.0,0.0,0,0,0,0.0,0.0,0.0,0.0,0.0,0.0,0.0,0.0,0.0,0.0,0.0,0.0,0.0,0.0,0.0,0.0,0,-107875648.0,63,0.0,126,2.7184242562605685e+23,-0.0,ERR,ERR,ERR,ERR,ERR,ERR,ERR,ERR,ERR,ERR,ERR,ERR,ERR,ERR,ERR,ERR,ERR,ERR,ERR,ERR,ERR,ERR,ERR,ERR,ERR,ERR,ERR,ERR,ERR,ERR,ERR,ERR,ERR,ERR,ERR,ERR,ERR,ERR,ERR,ERR,ERR,ERR,ERR,ERR,ERR,ERR,ERR,ERR,ERR,ERR,ERR,ERR,ERR,ERR,ERR,ERR,ERR,ERR,ERR,ERR,ERR,ERR,ERR,ERR,ERR,ERR,ERR,34.0,80.0,35,0.0,0.0,0.0,0.0,0.0,0.0,0.0,0.0,0.0,0.0,0.0,0.0,0.0,0.0,0.0,0.0,64.8,0,117,56,50,65476,0,300,0,0,8,20529,65476,0,0,57672,80.0,0.0,0.0,0.0,0.0,0.0
2026-06-17T04:10:30,ERR,ERR,ERR,ERR,ERR,ERR,ERR,ERR,ERR,ERR,ERR,ERR,ERR,ERR,ERR,ERR,ERR,ERR,ERR,ERR,ERR,ERR,ERR,ERR,ERR,ERR,ERR,ERR,ERR,ERR,ERR,ERR,ERR,ERR,ERR,ERR,ERR,ERR,ERR,ERR,ERR,ERR,ERR,ERR,ERR,ERR,ERR,ERR,ERR,ERR,ERR,ERR,ERR,ERR,ERR,ERR,ERR,ERR,ERR,ERR,ERR,ERR,ERR,ERR,ERR,ERR,ERR,ERR,ERR,ERR,ERR,ERR,ERR,ERR,ERR,ERR,ERR,ERR,ERR,ERR,ERR,ERR,ERR,ERR,ERR,ERR,ERR,ERR,ERR,ERR,ERR,ERR,ERR,ERR,ERR,ERR,ERR,ERR,ERR,ERR,ERR,ERR,ERR,ERR,ERR,ERR,ERR,ERR,ERR,ERR,ERR,ERR,ERR,ERR,ERR,ERR,ERR,ERR,ERR,ERR,ERR,ERR,ERR,ERR,ERR,0.0,0.0,2.6474777903227054e+23,0.0,0.0,1.3936040501711995e+18,7.805,0.0,0,0,4,0,7300,-0.0,0,0.0,0.0,0.0,0.0,0.0,0,0,0,0,0.0,0,0,0,0,0,0,0,0,0,0,0,0,0,0,0,0,0,0,0,0,0,0,0,0,0,0,0,0,0,0,0,0,0,32,30,30,62,65476,0,300,0,0,8,21553,0.0,-107605600.0,0.0,0.0,0.0,0.0,0.0,0.0,0.0,0.0,0.0,0.0,0.0,0.0,0.0,0.0,0.0,0.0,0.0,0.0,0.0,0.0,2.004,2.004,-0.0,2.004,0.0,0.0,0.0,0.0,5495.0,-8608197632.0,6970.0,0.0,0.0,-107615280.0,0.0,0.0,0.0,0.0,0.0,63,-0.0,-3.222009777006516e+26,0.0,0.0,0.0,0.0,0.0,0.0,0.0,0,0,0,0.0,0.0,0.0,0.0,0.0,0.0,0.0,0.0,0.0,0.0,0.0,0.0,0.0,0.0,0.0,0.0,0,-107875648.0,63,0.0,126,2.7184242562605685e+23,-0.0,ERR,ERR,ERR,ERR,ERR,ERR,ERR,ERR,ERR,ERR,ERR,ERR,ERR,ERR,ERR,ERR,ERR,ERR,ERR,ERR,ERR,ERR,ERR,ERR,ERR,ERR,ERR,ERR,ERR,ERR,ERR,ERR,ERR,ERR,ERR,ERR,ERR,ERR,ERR,ERR,ERR,ERR,ERR,ERR,ERR,ERR,ERR,ERR,ERR,ERR,ERR,ERR,ERR,ERR,ERR,ERR,ERR,ERR,ERR,ERR,ERR,ERR,ERR,ERR,ERR,ERR,ERR,34.0,80.0,35,0.0,0.0,0.0,0.0,0.0,0.0,0.0,0.0,0.0,0.0,0.0,0.0,0.0,0.0,0.0,0.0,64.8,0,117,56,50,65476,0,300,0,0,8,20529,65476,0,0,57672,80.0,0.0,0.0,0.0,0.0,0.0
2026-06-17T04:10:31,ERR,ERR,ERR,ERR,ERR,ERR,ERR,ERR,ERR,ERR,ERR,ERR,ERR,ERR,ERR,ERR,ERR,ERR,ERR,ERR,ERR,ERR,ERR,ERR,ERR,ERR,ERR,ERR,ERR,ERR,ERR,ERR,ERR,ERR,ERR,ERR,ERR,ERR,ERR,ERR,ERR,ERR,ERR,ERR,ERR,ERR,ERR,ERR,ERR,ERR,ERR,ERR,ERR,ERR,ERR,ERR,ERR,ERR,ERR,ERR,ERR,ERR,ERR,ERR,ERR,ERR,ERR,ERR,ERR,ERR,ERR,ERR,ERR,ERR,ERR,ERR,ERR,ERR,ERR,ERR,ERR,ERR,ERR,ERR,ERR,ERR,ERR,ERR,ERR,ERR,ERR,ERR,ERR,ERR,ERR,ERR,ERR,ERR,ERR,ERR,ERR,ERR,ERR,ERR,ERR,ERR,ERR,ERR,ERR,ERR,ERR,ERR,ERR,ERR,ERR,ERR,ERR,ERR,ERR,ERR,ERR,ERR,ERR,ERR,ERR,0.0,0.0,2.6474777903227054e+23,0.0,0.0,1.3936040501711995e+18,7.805,0.0,0,0,4,0,7300,-0.0,0,0.0,0.0,0.0,0.0,0.0,0,0,0,0,0.0,0,0,0,0,0,0,0,0,0,0,0,0,0,0,0,0,0,0,0,0,0,0,0,0,0,0,0,0,0,0,0,0,0,32,30,30,62,65476,0,300,0,0,8,21553,0.0,-107605600.0,0.0,0.0,0.0,0.0,0.0,0.0,0.0,0.0,0.0,0.0,0.0,0.0,0.0,0.0,0.0,0.0,0.0,0.0,0.0,0.0,2.004,2.004,-0.0,2.004,0.0,0.0,0.0,0.0,5495.0,-8608197632.0,6970.0,0.0,0.0,-107615280.0,0.0,0.0,0.0,0.0,0.0,63,-0.0,-3.222009777006516e+26,0.0,0.0,0.0,0.0,0.0,0.0,0.0,0,0,0,0.0,0.0,0.0,0.0,0.0,0.0,0.0,0.0,0.0,0.0,0.0,0.0,0.0,0.0,0.0,0.0,0,-107875648.0,63,0.0,126,2.7184242562605685e+23,-0.0,ERR,ERR,ERR,ERR,ERR,ERR,ERR,ERR,ERR,ERR,ERR,ERR,ERR,ERR,ERR,ERR,ERR,ERR,ERR,ERR,ERR,ERR,ERR,ERR,ERR,ERR,ERR,ERR,ERR,ERR,ERR,ERR,ERR,ERR,ERR,ERR,ERR,ERR,ERR,ERR,ERR,ERR,ERR,ERR,ERR,ERR,ERR,ERR,ERR,ERR,ERR,ERR,ERR,ERR,ERR,ERR,ERR,ERR,ERR,ERR,ERR,ERR,ERR,ERR,ERR,ERR,ERR,34.0,80.0,35,0.0,0.0,0.0,0.0,0.0,0.0,0.0,0.0,0.0,0.0,0.0,0.0,0.0,0.0,0.0,0.0,64.8,0,117,56,50,65476,0,300,0,0,8,20529,65476,0,0,57672,80.0,0.0,0.0,0.0,0.0,0.0
2026-06-17T04:10:32,ERR,ERR,ERR,ERR,ERR,ERR,ERR,ERR,ERR,ERR,ERR,ERR,ERR,ERR,ERR,ERR,ERR,ERR,ERR,ERR,ERR,ERR,ERR,ERR,ERR,ERR,ERR,ERR,ERR,ERR,ERR,ERR,ERR,ERR,ERR,ERR,ERR,ERR,ERR,ERR,ERR,ERR,ERR,ERR,ERR,ERR,ERR,ERR,ERR,ERR,ERR,ERR,ERR,ERR,ERR,ERR,ERR,ERR,ERR,ERR,ERR,ERR,ERR,ERR,ERR,ERR,ERR,ERR,ERR,ERR,ERR,ERR,ERR,ERR,ERR,ERR,ERR,ERR,ERR,ERR,ERR,ERR,ERR,ERR,ERR,ERR,ERR,ERR,ERR,ERR,ERR,ERR,ERR,ERR,ERR,ERR,ERR,ERR,ERR,ERR,ERR,ERR,ERR,ERR,ERR,ERR,ERR,ERR,ERR,ERR,ERR,ERR,ERR,ERR,ERR,ERR,ERR,ERR,ERR,ERR,ERR,ERR,ERR,ERR,ERR,0.0,0.0,2.6474777903227054e+23,0.0,0.0,1.3936040501711995e+18,7.805,0.0,0,0,4,0,7300,-0.0,0,0.0,0.0,0.0,0.0,0.0,0,0,0,0,0.0,0,0,0,0,0,0,0,0,0,0,0,0,0,0,0,0,0,0,0,0,0,0,0,0,0,0,0,0,0,0,0,0,0,32,30,30,62,65476,0,300,0,0,8,21553,0.0,-107605600.0,0.0,0.0,0.0,0.0,0.0,0.0,0.0,0.0,0.0,0.0,0.0,0.0,0.0,0.0,0.0,0.0,0.0,0.0,0.0,0.0,2.004,2.004,-0.0,2.004,0.0,0.0,0.0,0.0,5495.0,-8608197632.0,6970.0,0.0,0.0,-107615280.0,0.0,0.0,0.0,0.0,0.0,63,-0.0,-3.222009777006516e+26,0.0,0.0,0.0,0.0,0.0,0.0,0.0,0,0,0,0.0,0.0,0.0,0.0,0.0,0.0,0.0,0.0,0.0,0.0,0.0,0.0,0.0,0.0,0.0,0.0,0,-107875648.0,63,0.0,126,2.7184242562605685e+23,-0.0,ERR,ERR,ERR,ERR,ERR,ERR,ERR,ERR,ERR,ERR,ERR,ERR,ERR,ERR,ERR,ERR,ERR,ERR,ERR,ERR,ERR,ERR,ERR,ERR,ERR,ERR,ERR,ERR,ERR,ERR,ERR,ERR,ERR,ERR,ERR,ERR,ERR,ERR,ERR,ERR,ERR,ERR,ERR,ERR,ERR,ERR,ERR,ERR,ERR,ERR,ERR,ERR,ERR,ERR,ERR,ERR,ERR,ERR,ERR,ERR,ERR,ERR,ERR,ERR,ERR,ERR,ERR,34.0,80.0,35,0.0,0.0,0.0,0.0,0.0,0.0,0.0,0.0,0.0,0.0,0.0,0.0,0.0,0.0,0.0,0.0,64.4,0,117,56,50,65476,0,300,0,0,8,20529,65476,0,0,57672,80.0,0.0,0.0,0.0,0.0,0.0
2026-06-17T04:10:33,ERR,ERR,ERR,ERR,ERR,ERR,ERR,ERR,ERR,ERR,ERR,ERR,ERR,ERR,ERR,ERR,ERR,ERR,ERR,ERR,ERR,ERR,ERR,ERR,ERR,ERR,ERR,ERR,ERR,ERR,ERR,ERR,ERR,ERR,ERR,ERR,ERR,ERR,ERR,ERR,ERR,ERR,ERR,ERR,ERR,ERR,ERR,ERR,ERR,ERR,ERR,ERR,ERR,ERR,ERR,ERR,ERR,ERR,ERR,ERR,ERR,ERR,ERR,ERR,ERR,ERR,ERR,ERR,ERR,ERR,ERR,ERR,ERR,ERR,ERR,ERR,ERR,ERR,ERR,ERR,ERR,ERR,ERR,ERR,ERR,ERR,ERR,ERR,ERR,ERR,ERR,ERR,ERR,ERR,ERR,ERR,ERR,ERR,ERR,ERR,ERR,ERR,ERR,ERR,ERR,ERR,ERR,ERR,ERR,ERR,ERR,ERR,ERR,ERR,ERR,ERR,ERR,ERR,ERR,ERR,ERR,ERR,ERR,ERR,ERR,0.0,0.0,2.6474777903227054e+23,0.0,0.0,1.3936040501711995e+18,7.805,0.0,0,0,4,0,7300,-0.0,0,0.0,0.0,0.0,0.0,0.0,0,0,0,0,0.0,0,0,0,0,0,0,0,0,0,0,0,0,0,0,0,0,0,0,0,0,0,0,0,0,0,0,0,0,0,0,0,0,0,32,30,30,62,65476,0,300,0,0,8,21553,0.0,-107605600.0,0.0,0.0,0.0,0.0,0.0,0.0,0.0,0.0,0.0,0.0,0.0,0.0,0.0,0.0,0.0,0.0,0.0,0.0,0.0,0.0,2.004,2.004,-0.0,2.004,0.0,0.0,0.0,0.0,5495.0,-8608197632.0,6970.0,0.0,0.0,-107615280.0,0.0,0.0,0.0,0.0,0.0,63,-0.0,-3.222009777006516e+26,0.0,0.0,0.0,0.0,0.0,0.0,0.0,0,0,0,0.0,0.0,0.0,0.0,0.0,0.0,0.0,0.0,0.0,0.0,0.0,0.0,0.0,0.0,0.0,0.0,0,-107875648.0,63,0.0,126,2.7184242562605685e+23,-0.0,ERR,ERR,ERR,ERR,ERR,ERR,ERR,ERR,ERR,ERR,ERR,ERR,ERR,ERR,ERR,ERR,ERR,ERR,ERR,ERR,ERR,ERR,ERR,ERR,ERR,ERR,ERR,ERR,ERR,ERR,ERR,ERR,ERR,ERR,ERR,ERR,ERR,ERR,ERR,ERR,ERR,ERR,ERR,ERR,ERR,ERR,ERR,ERR,ERR,ERR,ERR,ERR,ERR,ERR,ERR,ERR,ERR,ERR,ERR,ERR,ERR,ERR,ERR,ERR,ERR,ERR,ERR,34.0,80.0,35,0.0,0.0,0.0,0.0,0.0,0.0,0.0,0.0,0.0,0.0,0.0,0.0,0.0,0.0,0.0,0.0,64.4,0,117,56,50,65476,0,300,0,0,8,20529,65476,0,0,57672,80.0,0.0,0.0,0.0,0.0,0.0
2026-06-17T04:10:34,ERR,ERR,ERR,ERR,ERR,ERR,ERR,ERR,ERR,ERR,ERR,ERR,ERR,ERR,ERR,ERR,ERR,ERR,ERR,ERR,ERR,ERR,ERR,ERR,ERR,ERR,ERR,ERR,ERR,ERR,ERR,ERR,ERR,ERR,ERR,ERR,ERR,ERR,ERR,ERR,ERR,ERR,ERR,ERR,ERR,ERR,ERR,ERR,ERR,ERR,ERR,ERR,ERR,ERR,ERR,ERR,ERR,ERR,ERR,ERR,ERR,ERR,ERR,ERR,ERR,ERR,ERR,ERR,ERR,ERR,ERR,ERR,ERR,ERR,ERR,ERR,ERR,ERR,ERR,ERR,ERR,ERR,ERR,ERR,ERR,ERR,ERR,ERR,ERR,ERR,ERR,ERR,ERR,ERR,ERR,ERR,ERR,ERR,ERR,ERR,ERR,ERR,ERR,ERR,ERR,ERR,ERR,ERR,ERR,ERR,ERR,ERR,ERR,ERR,ERR,ERR,ERR,ERR,ERR,ERR,ERR,ERR,ERR,ERR,ERR,0.0,0.0,0.0,0.0,0.0,1.3936040501711995e+18,7.805,0.0,0,0,4,0,7300,-0.0,0,0.0,0.0,0.0,0.0,0.0,0,0,0,0,0.0,0,0,0,0,0,0,0,0,0,0,0,0,0,0,0,0,0,0,0,0,0,0,0,0,0,0,0,0,0,0,0,0,0,32,30,30,62,65476,0,300,0,0,8,21553,0.0,-107605600.0,0.0,0.0,0.0,0.0,0.0,0.0,0.0,0.0,0.0,0.0,0.0,0.0,0.0,0.0,0.0,0.0,0.0,0.0,0.0,0.0,2.004,2.004,-0.0,2.004,0.0,0.0,0.0,0.0,5491.0,-0.0,6964.0,0.0,0.0,-107615280.0,0.0,0.0,0.0,0.0,0.0,63,-0.0,-0.0,0.0,0.0,0.0,0.0,0.0,0.0,0.0,0,0,0,0.0,0.0,0.0,0.0,0.0,0.0,0.0,0.0,0.0,0.0,0.0,0.0,0.0,0.0,0.0,0.0,0,-107875648.0,63,0.0,126,2.7184242562605685e+23,-0.0,ERR,ERR,ERR,ERR,ERR,ERR,ERR,ERR,ERR,ERR,ERR,ERR,ERR,ERR,ERR,ERR,ERR,ERR,ERR,ERR,ERR,ERR,ERR,ERR,ERR,ERR,ERR,ERR,ERR,ERR,ERR,ERR,ERR,ERR,ERR,ERR,ERR,ERR,ERR,ERR,ERR,ERR,ERR,ERR,ERR,ERR,ERR,ERR,ERR,ERR,ERR,ERR,ERR,ERR,ERR,ERR,ERR,ERR,ERR,ERR,ERR,ERR,ERR,ERR,ERR,ERR,ERR,34.0,80.0,35,0.0,0.0,0.0,0.0,0.0,0.0,0.0,0.0,0.0,0.0,0.0,0.0,0.0,0.0,0.0,0.0,64.4,0,117,56,50,65476,0,300,0,0,8,20529,65476,0,0,57672,80.0,0.0,0.0,0.0,0.0,0.0
2026-06-17T04:10:35,ERR,ERR,ERR,ERR,ERR,ERR,ERR,ERR,ERR,ERR,ERR,ERR,ERR,ERR,ERR,ERR,ERR,ERR,ERR,ERR,ERR,ERR,ERR,ERR,ERR,ERR,ERR,ERR,ERR,ERR,ERR,ERR,ERR,ERR,ERR,ERR,ERR,ERR,ERR,ERR,ERR,ERR,ERR,ERR,ERR,ERR,ERR,ERR,ERR,ERR,ERR,ERR,ERR,ERR,ERR,ERR,ERR,ERR,ERR,ERR,ERR,ERR,ERR,ERR,ERR,ERR,ERR,ERR,ERR,ERR,ERR,ERR,ERR,ERR,ERR,ERR,ERR,ERR,ERR,ERR,ERR,ERR,ERR,ERR,ERR,ERR,ERR,ERR,ERR,ERR,ERR,ERR,ERR,ERR,ERR,ERR,ERR,ERR,ERR,ERR,ERR,ERR,ERR,ERR,ERR,ERR,ERR,ERR,ERR,ERR,ERR,ERR,ERR,ERR,ERR,ERR,ERR,ERR,ERR,ERR,ERR,ERR,ERR,ERR,ERR,0.0,0.0,0.0,0.0,0.0,1.3936040501711995e+18,7.805,0.0,0,0,4,0,7300,-0.0,0,0.0,0.0,0.0,0.0,0.0,0,0,0,0,0.0,0,0,0,0,0,0,0,0,0,0,0,0,0,0,0,0,0,0,0,0,0,0,0,0,0,0,0,0,0,0,0,0,0,32,30,30,62,65476,0,300,0,0,8,21553,0.0,-107605600.0,0.0,0.0,0.0,0.0,0.0,0.0,0.0,0.0,0.0,0.0,0.0,0.0,0.0,0.0,0.0,0.0,0.0,0.0,0.0,0.0,2.004,2.004,-0.0,2.004,0.0,0.0,0.0,0.0,5491.0,-0.0,6964.0,0.0,0.0,-107615280.0,0.0,0.0,0.0,0.0,0.0,63,-0.0,-0.0,0.0,0.0,0.0,0.0,0.0,0.0,0.0,0,0,0,0.0,0.0,0.0,0.0,0.0,0.0,0.0,0.0,0.0,0.0,0.0,0.0,0.0,0.0,0.0,0.0,0,-107875648.0,63,0.0,126,2.7184242562605685e+23,-0.0,ERR,ERR,ERR,ERR,ERR,ERR,ERR,ERR,ERR,ERR,ERR,ERR,ERR,ERR,ERR,ERR,ERR,ERR,ERR,ERR,ERR,ERR,ERR,ERR,ERR,ERR,ERR,ERR,ERR,ERR,ERR,ERR,ERR,ERR,ERR,ERR,ERR,ERR,ERR,ERR,ERR,ERR,ERR,ERR,ERR,ERR,ERR,ERR,ERR,ERR,ERR,ERR,ERR,ERR,ERR,ERR,ERR,ERR,ERR,ERR,ERR,ERR,ERR,ERR,ERR,ERR,ERR,34.0,80.0,35,0.0,0.0,0.0,0.0,0.0,0.0,0.0,0.0,0.0,0.0,0.0,0.0,0.0,0.0,0.0,0.0,64.4,0,117,56,50,65476,0,300,0,0,8,20529,65476,0,0,57672,80.0,0.0,0.0,0.0,0.0,0.0
2026-06-17T04:10:36,ERR,ERR,ERR,ERR,ERR,ERR,ERR,ERR,ERR,ERR,ERR,ERR,ERR,ERR,ERR,ERR,ERR,ERR,ERR,ERR,ERR,ERR,ERR,ERR,ERR,ERR,ERR,ERR,ERR,ERR,ERR,ERR,ERR,ERR,ERR,ERR,ERR,ERR,ERR,ERR,ERR,ERR,ERR,ERR,ERR,ERR,ERR,ERR,ERR,ERR,ERR,ERR,ERR,ERR,ERR,ERR,ERR,ERR,ERR,ERR,ERR,ERR,ERR,ERR,ERR,ERR,ERR,ERR,ERR,ERR,ERR,ERR,ERR,ERR,ERR,ERR,ERR,ERR,ERR,ERR,ERR,ERR,ERR,ERR,ERR,ERR,ERR,ERR,ERR,ERR,ERR,ERR,ERR,ERR,ERR,ERR,ERR,ERR,ERR,ERR,ERR,ERR,ERR,ERR,ERR,ERR,ERR,ERR,ERR,ERR,ERR,ERR,ERR,ERR,ERR,ERR,ERR,ERR,ERR,ERR,ERR,ERR,ERR,ERR,ERR,0.0,0.0,0.0,0.0,0.0,1.3936040501711995e+18,7.805,0.0,0,0,4,0,7300,-0.0,0,0.0,0.0,0.0,0.0,0.0,0,0,0,0,0.0,0,0,0,0,0,0,0,0,0,0,0,0,0,0,0,0,0,0,0,0,0,0,0,0,0,0,0,0,0,0,0,0,0,32,30,30,62,65476,0,300,0,0,8,21553,0.0,-107605600.0,0.0,0.0,0.0,0.0,0.0,0.0,0.0,0.0,0.0,0.0,0.0,0.0,0.0,0.0,0.0,0.0,0.0,0.0,0.0,0.0,2.004,2.004,-0.0,2.004,0.0,0.0,0.0,0.0,5491.0,-0.0,6964.0,0.0,0.0,-107615280.0,0.0,0.0,0.0,0.0,0.0,63,-0.0,-0.0,0.0,0.0,0.0,0.0,0.0,0.0,0.0,0,0,0,0.0,0.0,0.0,0.0,0.0,0.0,0.0,0.0,0.0,0.0,0.0,0.0,0.0,0.0,0.0,0.0,0,-107875648.0,63,0.0,126,2.7184242562605685e+23,-0.0,ERR,ERR,ERR,ERR,ERR,ERR,ERR,ERR,ERR,ERR,ERR,ERR,ERR,ERR,ERR,ERR,ERR,ERR,ERR,ERR,ERR,ERR,ERR,ERR,ERR,ERR,ERR,ERR,ERR,ERR,ERR,ERR,ERR,ERR,ERR,ERR,ERR,ERR,ERR,ERR,ERR,ERR,ERR,ERR,ERR,ERR,ERR,ERR,ERR,ERR,ERR,ERR,ERR,ERR,ERR,ERR,ERR,ERR,ERR,ERR,ERR,ERR,ERR,ERR,ERR,ERR,ERR,34.0,80.0,35,0.0,0.0,0.0,0.0,0.0,0.0,0.0,0.0,0.0,0.0,0.0,0.0,0.0,0.0,0.0,0.0,64.4,0,117,56,50,65476,0,300,0,0,8,20529,65476,0,0,57672,80.0,0.0,0.0,0.0,0.0,0.0
2026-06-17T04:10:37,ERR,ERR,ERR,ERR,ERR,ERR,ERR,ERR,ERR,ERR,ERR,ERR,ERR,ERR,ERR,ERR,ERR,ERR,ERR,ERR,ERR,ERR,ERR,ERR,ERR,ERR,ERR,ERR,ERR,ERR,ERR,ERR,ERR,ERR,ERR,ERR,ERR,ERR,ERR,ERR,ERR,ERR,ERR,ERR,ERR,ERR,ERR,ERR,ERR,ERR,ERR,ERR,ERR,ERR,ERR,ERR,ERR,ERR,ERR,ERR,ERR,ERR,ERR,ERR,ERR,ERR,ERR,ERR,ERR,ERR,ERR,ERR,ERR,ERR,ERR,ERR,ERR,ERR,ERR,ERR,ERR,ERR,ERR,ERR,ERR,ERR,ERR,ERR,ERR,ERR,ERR,ERR,ERR,ERR,ERR,ERR,ERR,ERR,ERR,ERR,ERR,ERR,ERR,ERR,ERR,ERR,ERR,ERR,ERR,ERR,ERR,ERR,ERR,ERR,ERR,ERR,ERR,ERR,ERR,ERR,ERR,ERR,ERR,ERR,ERR,0.0,0.0,0.0,0.0,0.0,1.3936040501711995e+18,7.805,0.0,0,0,4,0,7300,-0.0,0,0.0,0.0,0.0,0.0,0.0,0,0,0,0,0.0,0,0,0,0,0,0,0,0,0,0,0,0,0,0,0,0,0,0,0,0,0,0,0,0,0,0,0,0,0,0,0,0,0,32,30,30,62,65476,0,300,0,0,8,21553,0.0,-107605600.0,0.0,0.0,0.0,0.0,0.0,0.0,0.0,0.0,0.0,0.0,0.0,0.0,0.0,0.0,0.0,0.0,0.0,0.0,0.0,0.0,2.004,2.004,-0.0,2.004,0.0,0.0,0.0,0.0,5491.0,-0.0,6964.0,0.0,0.0,-107615280.0,0.0,0.0,0.0,0.0,0.0,63,-0.0,-0.0,0.0,0.0,0.0,0.0,0.0,0.0,0.0,0,0,0,0.0,0.0,0.0,0.0,0.0,0.0,0.0,0.0,0.0,0.0,0.0,0.0,0.0,0.0,0.0,0.0,0,-107875648.0,63,0.0,126,2.7184242562605685e+23,-0.0,ERR,ERR,ERR,ERR,ERR,ERR,ERR,ERR,ERR,ERR,ERR,ERR,ERR,ERR,ERR,ERR,ERR,ERR,ERR,ERR,ERR,ERR,ERR,ERR,ERR,ERR,ERR,ERR,ERR,ERR,ERR,ERR,ERR,ERR,ERR,ERR,ERR,ERR,ERR,ERR,ERR,ERR,ERR,ERR,ERR,ERR,ERR,ERR,ERR,ERR,ERR,ERR,ERR,ERR,ERR,ERR,ERR,ERR,ERR,ERR,ERR,ERR,ERR,ERR,ERR,ERR,ERR,34.0,80.0,35,0.0,0.0,0.0,0.0,0.0,0.0,0.0,0.0,0.0,0.0,0.0,0.0,0.0,0.0,0.0,0.0,64.4,0,117,56,50,65476,0,300,0,0,8,20529,65476,0,0,57672,80.0,0.0,0.0,0.0,0.0,0.0
2026-06-17T04:10:38,ERR,ERR,ERR,ERR,ERR,ERR,ERR,ERR,ERR,ERR,ERR,ERR,ERR,ERR,ERR,ERR,ERR,ERR,ERR,ERR,ERR,ERR,ERR,ERR,ERR,ERR,ERR,ERR,ERR,ERR,ERR,ERR,ERR,ERR,ERR,ERR,ERR,ERR,ERR,ERR,ERR,ERR,ERR,ERR,ERR,ERR,ERR,ERR,ERR,ERR,ERR,ERR,ERR,ERR,ERR,ERR,ERR,ERR,ERR,ERR,ERR,ERR,ERR,ERR,ERR,ERR,ERR,ERR,ERR,ERR,ERR,ERR,ERR,ERR,ERR,ERR,ERR,ERR,ERR,ERR,ERR,ERR,ERR,ERR,ERR,ERR,ERR,ERR,ERR,ERR,ERR,ERR,ERR,ERR,ERR,ERR,ERR,ERR,ERR,ERR,ERR,ERR,ERR,ERR,ERR,ERR,ERR,ERR,ERR,ERR,ERR,ERR,ERR,ERR,ERR,ERR,ERR,ERR,ERR,ERR,ERR,ERR,ERR,ERR,ERR,0.0,0.0,0.0,0.0,0.0,1.3936040501711995e+18,7.805,0.0,0,0,4,0,7300,-0.0,0,0.0,0.0,0.0,0.0,0.0,0,0,0,0,0.0,0,0,0,0,0,0,0,0,0,0,0,0,0,0,0,0,0,0,0,0,0,0,0,0,0,0,0,0,0,0,0,0,0,32,30,30,62,65476,0,300,0,0,8,21553,0.0,-107605600.0,0.0,0.0,0.0,0.0,0.0,0.0,0.0,0.0,0.0,0.0,0.0,0.0,0.0,0.0,0.0,0.0,0.0,0.0,0.0,0.0,2.004,2.004,-0.0,2.004,0.0,0.0,0.0,0.0,5491.0,-0.0,6964.0,0.0,0.0,-107615280.0,0.0,0.0,0.0,0.0,0.0,63,-0.0,-0.0,0.0,0.0,0.0,0.0,0.0,0.0,0.0,0,0,0,0.0,0.0,0.0,0.0,0.0,0.0,0.0,0.0,0.0,0.0,0.0,0.0,0.0,0.0,0.0,0.0,0,-107875648.0,63,0.0,126,2.7184242562605685e+23,-0.0,ERR,ERR,ERR,ERR,ERR,ERR,ERR,ERR,ERR,ERR,ERR,ERR,ERR,ERR,ERR,ERR,ERR,ERR,ERR,ERR,ERR,ERR,ERR,ERR,ERR,ERR,ERR,ERR,ERR,ERR,ERR,ERR,ERR,ERR,ERR,ERR,ERR,ERR,ERR,ERR,ERR,ERR,ERR,ERR,ERR,ERR,ERR,ERR,ERR,ERR,ERR,ERR,ERR,ERR,ERR,ERR,ERR,ERR,ERR,ERR,ERR,ERR,ERR,ERR,ERR,ERR,ERR,34.0,80.0,35,0.0,0.0,0.0,0.0,0.0,0.0,0.0,0.0,0.0,0.0,0.0,0.0,0.0,0.0,0.0,0.0,64.4,0,117,56,50,65476,0,300,0,0,8,20529,65476,0,0,57672,80.0,0.0,0.0,0.0,0.0,0.0
2026-06-17T04:10:39,ERR,ERR,ERR,ERR,ERR,ERR,ERR,ERR,ERR,ERR,ERR,ERR,ERR,ERR,ERR,ERR,ERR,ERR,ERR,ERR,ERR,ERR,ERR,ERR,ERR,ERR,ERR,ERR,ERR,ERR,ERR,ERR,ERR,ERR,ERR,ERR,ERR,ERR,ERR,ERR,ERR,ERR,ERR,ERR,ERR,ERR,ERR,ERR,ERR,ERR,ERR,ERR,ERR,ERR,ERR,ERR,ERR,ERR,ERR,ERR,ERR,ERR,ERR,ERR,ERR,ERR,ERR,ERR,ERR,ERR,ERR,ERR,ERR,ERR,ERR,ERR,ERR,ERR,ERR,ERR,ERR,ERR,ERR,ERR,ERR,ERR,ERR,ERR,ERR,ERR,ERR,ERR,ERR,ERR,ERR,ERR,ERR,ERR,ERR,ERR,ERR,ERR,ERR,ERR,ERR,ERR,ERR,ERR,ERR,ERR,ERR,ERR,ERR,ERR,ERR,ERR,ERR,ERR,ERR,ERR,ERR,ERR,ERR,ERR,ERR,0.0,0.0,0.0,0.0,0.0,1.3936040501711995e+18,7.805,0.0,0,0,4,0,7300,-0.0,0,0.0,0.0,0.0,0.0,0.0,0,0,0,0,0.0,0,0,0,0,0,0,0,0,0,0,0,0,0,0,0,0,0,0,0,0,0,0,0,0,0,0,0,0,0,0,0,0,0,32,30,30,62,65476,0,300,0,0,8,21553,0.0,-107605600.0,0.0,0.0,0.0,0.0,0.0,0.0,0.0,0.0,0.0,0.0,0.0,0.0,0.0,0.0,0.0,0.0,0.0,0.0,0.0,0.0,2.004,2.004,-0.0,2.004,0.0,0.0,0.0,0.0,5492.0,-0.0,6966.0,0.0,0.0,-107615280.0,0.0,0.0,0.0,0.0,0.0,63,-0.0,-71.63,0.0,0.0,0.0,0.0,0.0,0.0,0.0,0,0,0,0.0,0.0,0.0,0.0,0.0,0.0,0.0,0.0,0.0,0.0,0.0,0.0,0.0,0.0,0.0,0.0,0,-107875648.0,63,0.0,126,2.7184242562605685e+23,-0.0,ERR,ERR,ERR,ERR,ERR,ERR,ERR,ERR,ERR,ERR,ERR,ERR,ERR,ERR,ERR,ERR,ERR,ERR,ERR,ERR,ERR,ERR,ERR,ERR,ERR,ERR,ERR,ERR,ERR,ERR,ERR,ERR,ERR,ERR,ERR,ERR,ERR,ERR,ERR,ERR,ERR,ERR,ERR,ERR,ERR,ERR,ERR,ERR,ERR,ERR,ERR,ERR,ERR,ERR,ERR,ERR,ERR,ERR,ERR,ERR,ERR,ERR,ERR,ERR,ERR,ERR,ERR,34.0,80.0,35,0.0,0.0,0.0,0.0,0.0,0.0,0.0,0.0,0.0,0.0,0.0,0.0,0.0,0.0,0.0,0.0,64.4,0,117,56,50,65476,0,300,0,0,8,20529,65476,0,0,57672,80.0,0.0,0.0,0.0,0.0,0.0
2026-06-17T04:10:40,ERR,ERR,ERR,ERR,ERR,ERR,ERR,ERR,ERR,ERR,ERR,ERR,ERR,ERR,ERR,ERR,ERR,ERR,ERR,ERR,ERR,ERR,ERR,ERR,ERR,ERR,ERR,ERR,ERR,ERR,ERR,ERR,ERR,ERR,ERR,ERR,ERR,ERR,ERR,ERR,ERR,ERR,ERR,ERR,ERR,ERR,ERR,ERR,ERR,ERR,ERR,ERR,ERR,ERR,ERR,ERR,ERR,ERR,ERR,ERR,ERR,ERR,ERR,ERR,ERR,ERR,ERR,ERR,ERR,ERR,ERR,ERR,ERR,ERR,ERR,ERR,ERR,ERR,ERR,ERR,ERR,ERR,ERR,ERR,ERR,ERR,ERR,ERR,ERR,ERR,ERR,ERR,ERR,ERR,ERR,ERR,ERR,ERR,ERR,ERR,ERR,ERR,ERR,ERR,ERR,ERR,ERR,ERR,ERR,ERR,ERR,ERR,ERR,ERR,ERR,ERR,ERR,ERR,ERR,ERR,ERR,ERR,ERR,ERR,ERR,0.0,0.0,0.0,0.0,0.0,1.3936040501711995e+18,7.805,0.0,0,0,4,0,7300,-0.0,0,0.0,0.0,0.0,0.0,0.0,0,0,0,0,0.0,0,0,0,0,0,0,0,0,0,0,0,0,0,0,0,0,0,0,0,0,0,0,0,0,0,0,0,0,0,0,0,0,0,32,30,30,62,65476,0,300,0,0,8,21553,0.0,-107605600.0,0.0,0.0,0.0,0.0,0.0,0.0,0.0,0.0,0.0,0.0,0.0,0.0,0.0,0.0,0.0,0.0,0.0,0.0,0.0,0.0,2.004,2.004,-0.0,2.004,0.0,0.0,0.0,0.0,5492.0,-0.0,6966.0,0.0,0.0,-107615280.0,0.0,0.0,0.0,0.0,0.0,63,-0.0,-71.63,0.0,0.0,0.0,0.0,0.0,0.0,0.0,0,0,0,0.0,0.0,0.0,0.0,0.0,0.0,0.0,0.0,0.0,0.0,0.0,0.0,0.0,0.0,0.0,0.0,0,-107875648.0,63,0.0,126,2.7184242562605685e+23,-0.0,ERR,ERR,ERR,ERR,ERR,ERR,ERR,ERR,ERR,ERR,ERR,ERR,ERR,ERR,ERR,ERR,ERR,ERR,ERR,ERR,ERR,ERR,ERR,ERR,ERR,ERR,ERR,ERR,ERR,ERR,ERR,ERR,ERR,ERR,ERR,ERR,ERR,ERR,ERR,ERR,ERR,ERR,ERR,ERR,ERR,ERR,ERR,ERR,ERR,ERR,ERR,ERR,ERR,ERR,ERR,ERR,ERR,ERR,ERR,ERR,ERR,ERR,ERR,ERR,ERR,ERR,ERR,34.0,80.0,35,0.0,0.0,0.0,0.0,0.0,0.0,0.0,0.0,0.0,0.0,0.0,0.0,0.0,0.0,0.0,0.0,64.4,0,117,56,50,65476,0,300,0,0,8,20529,65476,0,0,57672,80.0,0.0,0.0,0.0,0.0,0.0
2026-06-17T04:10:41,ERR,ERR,ERR,ERR,ERR,ERR,ERR,ERR,ERR,ERR,ERR,ERR,ERR,ERR,ERR,ERR,ERR,ERR,ERR,ERR,ERR,ERR,ERR,ERR,ERR,ERR,ERR,ERR,ERR,ERR,ERR,ERR,ERR,ERR,ERR,ERR,ERR,ERR,ERR,ERR,ERR,ERR,ERR,ERR,ERR,ERR,ERR,ERR,ERR,ERR,ERR,ERR,ERR,ERR,ERR,ERR,ERR,ERR,ERR,ERR,ERR,ERR,ERR,ERR,ERR,ERR,ERR,ERR,ERR,ERR,ERR,ERR,ERR,ERR,ERR,ERR,ERR,ERR,ERR,ERR,ERR,ERR,ERR,ERR,ERR,ERR,ERR,ERR,ERR,ERR,ERR,ERR,ERR,ERR,ERR,ERR,ERR,ERR,ERR,ERR,ERR,ERR,ERR,ERR,ERR,ERR,ERR,ERR,ERR,ERR,ERR,ERR,ERR,ERR,ERR,ERR,ERR,ERR,ERR,ERR,ERR,ERR,ERR,ERR,ERR,0.0,0.0,0.0,0.0,0.0,1.3936040501711995e+18,7.805,0.0,0,0,4,0,7300,-0.0,0,0.0,0.0,0.0,0.0,0.0,0,0,0,0,0.0,0,0,0,0,0,0,0,0,0,0,0,0,0,0,0,0,0,0,0,0,0,0,0,0,0,0,0,0,0,0,0,0,0,32,30,30,62,65476,0,300,0,0,8,21553,0.0,-107605600.0,0.0,0.0,0.0,0.0,0.0,0.0,0.0,0.0,0.0,0.0,0.0,0.0,0.0,0.0,0.0,0.0,0.0,0.0,0.0,0.0,2.004,2.004,-0.0,2.004,0.0,0.0,0.0,0.0,5492.0,-0.0,6966.0,0.0,0.0,-107615280.0,0.0,0.0,0.0,0.0,0.0,63,-0.0,-71.63,0.0,0.0,0.0,0.0,0.0,0.0,0.0,0,0,0,0.0,0.0,0.0,0.0,0.0,0.0,0.0,0.0,0.0,0.0,0.0,0.0,0.0,0.0,0.0,0.0,0,-107875648.0,63,0.0,126,2.7184242562605685e+23,-0.0,ERR,ERR,ERR,ERR,ERR,ERR,ERR,ERR,ERR,ERR,ERR,ERR,ERR,ERR,ERR,ERR,ERR,ERR,ERR,ERR,ERR,ERR,ERR,ERR,ERR,ERR,ERR,ERR,ERR,ERR,ERR,ERR,ERR,ERR,ERR,ERR,ERR,ERR,ERR,ERR,ERR,ERR,ERR,ERR,ERR,ERR,ERR,ERR,ERR,ERR,ERR,ERR,ERR,ERR,ERR,ERR,ERR,ERR,ERR,ERR,ERR,ERR,ERR,ERR,ERR,ERR,ERR,34.0,80.0,35,0.0,0.0,0.0,0.0,0.0,0.0,0.0,0.0,0.0,0.0,0.0,0.0,0.0,0.0,0.0,0.0,64.4,0,117,56,50,65476,0,300,0,0,8,20529,65476,0,0,57672,80.0,0.0,0.0,0.0,0.0,0.0
2026-06-17T04:10:42,ERR,ERR,ERR,ERR,ERR,ERR,ERR,ERR,ERR,ERR,ERR,ERR,ERR,ERR,ERR,ERR,ERR,ERR,ERR,ERR,ERR,ERR,ERR,ERR,ERR,ERR,ERR,ERR,ERR,ERR,ERR,ERR,ERR,ERR,ERR,ERR,ERR,ERR,ERR,ERR,ERR,ERR,ERR,ERR,ERR,ERR,ERR,ERR,ERR,ERR,ERR,ERR,ERR,ERR,ERR,ERR,ERR,ERR,ERR,ERR,ERR,ERR,ERR,ERR,ERR,ERR,ERR,ERR,ERR,ERR,ERR,ERR,ERR,ERR,ERR,ERR,ERR,ERR,ERR,ERR,ERR,ERR,ERR,ERR,ERR,ERR,ERR,ERR,ERR,ERR,ERR,ERR,ERR,ERR,ERR,ERR,ERR,ERR,ERR,ERR,ERR,ERR,ERR,ERR,ERR,ERR,ERR,ERR,ERR,ERR,ERR,ERR,ERR,ERR,ERR,ERR,ERR,ERR,ERR,ERR,ERR,ERR,ERR,ERR,ERR,0.0,0.0,0.0,0.0,0.0,1.3936040501711995e+18,7.805,0.0,0,0,4,0,7300,-0.0,0,0.0,0.0,0.0,0.0,0.0,0,0,0,0,0.0,0,0,0,0,0,0,0,0,0,0,0,0,0,0,0,0,0,0,0,0,0,0,0,0,0,0,0,0,0,0,0,0,0,32,30,30,62,65476,0,300,0,0,8,21553,0.0,-107605600.0,0.0,0.0,0.0,0.0,0.0,0.0,0.0,0.0,0.0,0.0,0.0,0.0,0.0,0.0,0.0,0.0,0.0,0.0,0.0,0.0,2.004,2.004,-0.0,2.004,0.0,0.0,0.0,0.0,5492.0,-0.0,6966.0,0.0,0.0,-107615280.0,0.0,0.0,0.0,0.0,0.0,63,-0.0,-71.63,0.0,0.0,0.0,0.0,0.0,0.0,0.0,0,0,0,0.0,0.0,0.0,0.0,0.0,0.0,0.0,0.0,0.0,0.0,0.0,0.0,0.0,0.0,0.0,0.0,0,-107875648.0,63,0.0,126,2.7184242562605685e+23,-0.0,ERR,ERR,ERR,ERR,ERR,ERR,ERR,ERR,ERR,ERR,ERR,ERR,ERR,ERR,ERR,ERR,ERR,ERR,ERR,ERR,ERR,ERR,ERR,ERR,ERR,ERR,ERR,ERR,ERR,ERR,ERR,ERR,ERR,ERR,ERR,ERR,ERR,ERR,ERR,ERR,ERR,ERR,ERR,ERR,ERR,ERR,ERR,ERR,ERR,ERR,ERR,ERR,ERR,ERR,ERR,ERR,ERR,ERR,ERR,ERR,ERR,ERR,ERR,ERR,ERR,ERR,ERR,34.0,80.0,35,0.0,0.0,0.0,0.0,0.0,0.0,0.0,0.0,0.0,0.0,0.0,0.0,0.0,0.0,0.0,0.0,64.4,0,117,56,50,65476,0,300,0,0,8,20529,65476,0,0,57672,80.0,0.0,0.0,0.0,0.0,0.0
2026-06-17T04:10:43,ERR,ERR,ERR,ERR,ERR,ERR,ERR,ERR,ERR,ERR,ERR,ERR,ERR,ERR,ERR,ERR,ERR,ERR,ERR,ERR,ERR,ERR,ERR,ERR,ERR,ERR,ERR,ERR,ERR,ERR,ERR,ERR,ERR,ERR,ERR,ERR,ERR,ERR,ERR,ERR,ERR,ERR,ERR,ERR,ERR,ERR,ERR,ERR,ERR,ERR,ERR,ERR,ERR,ERR,ERR,ERR,ERR,ERR,ERR,ERR,ERR,ERR,ERR,ERR,ERR,ERR,ERR,ERR,ERR,ERR,ERR,ERR,ERR,ERR,ERR,ERR,ERR,ERR,ERR,ERR,ERR,ERR,ERR,ERR,ERR,ERR,ERR,ERR,ERR,ERR,ERR,ERR,ERR,ERR,ERR,ERR,ERR,ERR,ERR,ERR,ERR,ERR,ERR,ERR,ERR,ERR,ERR,ERR,ERR,ERR,ERR,ERR,ERR,ERR,ERR,ERR,ERR,ERR,ERR,ERR,ERR,ERR,ERR,ERR,ERR,0.0,0.0,0.0,0.0,0.0,1.3936040501711995e+18,7.805,0.0,0,0,4,0,7300,-0.0,0,0.0,0.0,0.0,0.0,0.0,0,0,0,0,0.0,0,0,0,0,0,0,0,0,0,0,0,0,0,0,0,0,0,0,0,0,0,0,0,0,0,0,0,0,0,0,0,0,0,32,30,30,62,65476,0,300,0,0,8,21553,0.0,-107605600.0,0.0,0.0,0.0,0.0,0.0,0.0,0.0,0.0,0.0,0.0,0.0,0.0,0.0,0.0,0.0,0.0,0.0,0.0,0.0,0.0,2.004,2.004,-0.0,2.004,0.0,0.0,0.0,0.0,5492.0,-0.0,6966.0,0.0,0.0,-107615280.0,0.0,0.0,0.0,0.0,0.0,63,-0.0,-71.63,0.0,0.0,0.0,0.0,0.0,0.0,0.0,0,0,0,0.0,0.0,0.0,0.0,0.0,0.0,0.0,0.0,0.0,0.0,0.0,0.0,0.0,0.0,0.0,0.0,0,-107875648.0,63,0.0,126,2.7184242562605685e+23,-0.0,ERR,ERR,ERR,ERR,ERR,ERR,ERR,ERR,ERR,ERR,ERR,ERR,ERR,ERR,ERR,ERR,ERR,ERR,ERR,ERR,ERR,ERR,ERR,ERR,ERR,ERR,ERR,ERR,ERR,ERR,ERR,ERR,ERR,ERR,ERR,ERR,ERR,ERR,ERR,ERR,ERR,ERR,ERR,ERR,ERR,ERR,ERR,ERR,ERR,ERR,ERR,ERR,ERR,ERR,ERR,ERR,ERR,ERR,ERR,ERR,ERR,ERR,ERR,ERR,ERR,ERR,ERR,34.0,80.0,35,0.0,0.0,0.0,0.0,0.0,0.0,0.0,0.0,0.0,0.0,0.0,0.0,0.0,0.0,0.0,0.0,64.8,0,117,56,50,65476,0,300,0,0,8,20529,65476,0,0,57672,80.0,0.0,0.0,0.0,0.0,0.0
2026-06-17T04:10:44,ERR,ERR,ERR,ERR,ERR,ERR,ERR,ERR,ERR,ERR,ERR,ERR,ERR,ERR,ERR,ERR,ERR,ERR,ERR,ERR,ERR,ERR,ERR,ERR,ERR,ERR,ERR,ERR,ERR,ERR,ERR,ERR,ERR,ERR,ERR,ERR,ERR,ERR,ERR,ERR,ERR,ERR,ERR,ERR,ERR,ERR,ERR,ERR,ERR,ERR,ERR,ERR,ERR,ERR,ERR,ERR,ERR,ERR,ERR,ERR,ERR,ERR,ERR,ERR,ERR,ERR,ERR,ERR,ERR,ERR,ERR,ERR,ERR,ERR,ERR,ERR,ERR,ERR,ERR,ERR,ERR,ERR,ERR,ERR,ERR,ERR,ERR,ERR,ERR,ERR,ERR,ERR,ERR,ERR,ERR,ERR,ERR,ERR,ERR,ERR,ERR,ERR,ERR,ERR,ERR,ERR,ERR,ERR,ERR,ERR,ERR,ERR,ERR,ERR,ERR,ERR,ERR,ERR,ERR,ERR,ERR,ERR,ERR,ERR,ERR,0.0,0.0,0.0,0.0,0.0,1.3936040501711995e+18,7.805,0.0,0,0,4,0,7300,-0.0,0,0.0,0.0,0.0,0.0,0.0,0,0,0,0,0.0,0,0,0,0,0,0,0,0,0,0,0,0,0,0,0,0,0,0,0,0,0,0,0,0,0,0,0,0,0,0,0,0,0,32,30,30,62,65476,0,300,0,0,8,21553,0.0,-107605600.0,0.0,0.0,0.0,0.0,0.0,0.0,0.0,0.0,0.0,0.0,0.0,0.0,0.0,0.0,0.0,0.0,0.0,0.0,0.0,0.0,2.004,2.004,-0.0,2.004,0.0,0.0,0.0,0.0,5492.0,-0.0,6966.0,0.0,0.0,-107615280.0,0.0,0.0,0.0,0.0,0.0,63,-0.0,-71.63,0.0,0.0,0.0,0.0,0.0,0.0,0.0,0,0,0,0.0,0.0,0.0,0.0,0.0,0.0,0.0,0.0,0.0,0.0,0.0,0.0,0.0,0.0,0.0,0.0,0,-107875648.0,63,0.0,126,2.7184242562605685e+23,-0.0,ERR,ERR,ERR,ERR,ERR,ERR,ERR,ERR,ERR,ERR,ERR,ERR,ERR,ERR,ERR,ERR,ERR,ERR,ERR,ERR,ERR,ERR,ERR,ERR,ERR,ERR,ERR,ERR,ERR,ERR,ERR,ERR,ERR,ERR,ERR,ERR,ERR,ERR,ERR,ERR,ERR,ERR,ERR,ERR,ERR,ERR,ERR,ERR,ERR,ERR,ERR,ERR,ERR,ERR,ERR,ERR,ERR,ERR,ERR,ERR,ERR,ERR,ERR,ERR,ERR,ERR,ERR,34.0,80.0,35,0.0,0.0,0.0,0.0,0.0,0.0,0.0,0.0,0.0,0.0,0.0,0.0,0.0,0.0,0.0,0.0,64.4,0,117,56,50,65476,0,300,0,0,8,20529,65476,0,0,57672,80.0,0.0,0.0,0.0,0.0,0.0
2026-06-17T04:10:45,ERR,ERR,ERR,ERR,ERR,ERR,ERR,ERR,ERR,ERR,ERR,ERR,ERR,ERR,ERR,ERR,ERR,ERR,ERR,ERR,ERR,ERR,ERR,ERR,ERR,ERR,ERR,ERR,ERR,ERR,ERR,ERR,ERR,ERR,ERR,ERR,ERR,ERR,ERR,ERR,ERR,ERR,ERR,ERR,ERR,ERR,ERR,ERR,ERR,ERR,ERR,ERR,ERR,ERR,ERR,ERR,ERR,ERR,ERR,ERR,ERR,ERR,ERR,ERR,ERR,ERR,ERR,ERR,ERR,ERR,ERR,ERR,ERR,ERR,ERR,ERR,ERR,ERR,ERR,ERR,ERR,ERR,ERR,ERR,ERR,ERR,ERR,ERR,ERR,ERR,ERR,ERR,ERR,ERR,ERR,ERR,ERR,ERR,ERR,ERR,ERR,ERR,ERR,ERR,ERR,ERR,ERR,ERR,ERR,ERR,ERR,ERR,ERR,ERR,ERR,ERR,ERR,ERR,ERR,ERR,ERR,ERR,ERR,ERR,ERR,0.0,0.0,0.0,0.0,0.0,1.3936040501711995e+18,7.805,0.0,0,0,4,0,7300,-0.0,0,0.0,0.0,0.0,0.0,0.0,0,0,0,0,0.0,0,0,0,0,0,0,0,0,0,0,0,0,0,0,0,0,0,0,0,0,0,0,0,0,0,0,0,0,0,0,0,0,0,32,30,30,62,65476,0,300,0,0,8,21553,0.0,-107605600.0,0.0,0.0,0.0,0.0,0.0,0.0,0.0,0.0,0.0,0.0,0.0,0.0,0.0,0.0,0.0,0.0,0.0,0.0,0.0,0.0,2.004,2.004,-0.0,2.004,0.0,0.0,0.0,0.0,5492.0,-3.697192730694464e+19,6972.0,0.0,0.0,-107615280.0,0.0,0.0,0.0,0.0,0.0,63,-0.0,0.0,0.0,0.0,0.0,0.0,0.0,0.0,0.0,0,0,0,0.0,0.0,0.0,0.0,0.0,0.0,0.0,0.0,0.0,0.0,0.0,0.0,0.0,0.0,0.0,0.0,0,-107875648.0,63,0.0,126,2.7184242562605685e+23,-0.0,ERR,ERR,ERR,ERR,ERR,ERR,ERR,ERR,ERR,ERR,ERR,ERR,ERR,ERR,ERR,ERR,ERR,ERR,ERR,ERR,ERR,ERR,ERR,ERR,ERR,ERR,ERR,ERR,ERR,ERR,ERR,ERR,ERR,ERR,ERR,ERR,ERR,ERR,ERR,ERR,ERR,ERR,ERR,ERR,ERR,ERR,ERR,ERR,ERR,ERR,ERR,ERR,ERR,ERR,ERR,ERR,ERR,ERR,ERR,ERR,ERR,ERR,ERR,ERR,ERR,ERR,ERR,34.0,80.0,35,0.0,0.0,0.0,0.0,0.0,0.0,0.0,0.0,0.0,0.0,0.0,0.0,0.0,0.0,0.0,0.0,64.4,0,117,56,50,65476,0,300,0,0,8,20529,65476,0,0,57672,80.0,0.0,0.0,0.0,0.0,0.0
2026-06-17T04:10:46,ERR,ERR,ERR,ERR,ERR,ERR,ERR,ERR,ERR,ERR,ERR,ERR,ERR,ERR,ERR,ERR,ERR,ERR,ERR,ERR,ERR,ERR,ERR,ERR,ERR,ERR,ERR,ERR,ERR,ERR,ERR,ERR,ERR,ERR,ERR,ERR,ERR,ERR,ERR,ERR,ERR,ERR,ERR,ERR,ERR,ERR,ERR,ERR,ERR,ERR,ERR,ERR,ERR,ERR,ERR,ERR,ERR,ERR,ERR,ERR,ERR,ERR,ERR,ERR,ERR,ERR,ERR,ERR,ERR,ERR,ERR,ERR,ERR,ERR,ERR,ERR,ERR,ERR,ERR,ERR,ERR,ERR,ERR,ERR,ERR,ERR,ERR,ERR,ERR,ERR,ERR,ERR,ERR,ERR,ERR,ERR,ERR,ERR,ERR,ERR,ERR,ERR,ERR,ERR,ERR,ERR,ERR,ERR,ERR,ERR,ERR,ERR,ERR,ERR,ERR,ERR,ERR,ERR,ERR,ERR,ERR,ERR,ERR,ERR,ERR,0.0,0.0,0.0,0.0,0.0,1.3936040501711995e+18,7.805,0.0,0,0,4,0,7300,-0.0,0,0.0,0.0,0.0,0.0,0.0,0,0,0,0,0.0,0,0,0,0,0,0,0,0,0,0,0,0,0,0,0,0,0,0,0,0,0,0,0,0,0,0,0,0,0,0,0,0,0,32,30,30,62,65476,0,300,0,0,8,21553,0.0,-107605600.0,0.0,0.0,0.0,0.0,0.0,0.0,0.0,0.0,0.0,0.0,0.0,0.0,0.0,0.0,0.0,0.0,0.0,0.0,0.0,0.0,2.004,2.004,-0.0,2.004,0.0,0.0,0.0,0.0,5492.0,-3.697192730694464e+19,6972.0,0.0,0.0,-107615280.0,0.0,0.0,0.0,0.0,0.0,63,-0.0,0.0,0.0,0.0,0.0,0.0,0.0,0.0,0.0,0,0,0,0.0,0.0,0.0,0.0,0.0,0.0,0.0,0.0,0.0,0.0,0.0,0.0,0.0,0.0,0.0,0.0,0,-107875648.0,63,0.0,126,2.7184242562605685e+23,-0.0,ERR,ERR,ERR,ERR,ERR,ERR,ERR,ERR,ERR,ERR,ERR,ERR,ERR,ERR,ERR,ERR,ERR,ERR,ERR,ERR,ERR,ERR,ERR,ERR,ERR,ERR,ERR,ERR,ERR,ERR,ERR,ERR,ERR,ERR,ERR,ERR,ERR,ERR,ERR,ERR,ERR,ERR,ERR,ERR,ERR,ERR,ERR,ERR,ERR,ERR,ERR,ERR,ERR,ERR,ERR,ERR,ERR,ERR,ERR,ERR,ERR,ERR,ERR,ERR,ERR,ERR,ERR,34.0,80.0,35,0.0,0.0,0.0,0.0,0.0,0.0,0.0,0.0,0.0,0.0,0.0,0.0,0.0,0.0,0.0,0.0,64.4,0,117,56,50,65476,0,300,0,0,8,20529,65476,0,0,57672,80.0,0.0,0.0,0.0,0.0,0.0
2026-06-17T04:10:47,ERR,ERR,ERR,ERR,ERR,ERR,ERR,ERR,ERR,ERR,ERR,ERR,ERR,ERR,ERR,ERR,ERR,ERR,ERR,ERR,ERR,ERR,ERR,ERR,ERR,ERR,ERR,ERR,ERR,ERR,ERR,ERR,ERR,ERR,ERR,ERR,ERR,ERR,ERR,ERR,ERR,ERR,ERR,ERR,ERR,ERR,ERR,ERR,ERR,ERR,ERR,ERR,ERR,ERR,ERR,ERR,ERR,ERR,ERR,ERR,ERR,ERR,ERR,ERR,ERR,ERR,ERR,ERR,ERR,ERR,ERR,ERR,ERR,ERR,ERR,ERR,ERR,ERR,ERR,ERR,ERR,ERR,ERR,ERR,ERR,ERR,ERR,ERR,ERR,ERR,ERR,ERR,ERR,ERR,ERR,ERR,ERR,ERR,ERR,ERR,ERR,ERR,ERR,ERR,ERR,ERR,ERR,ERR,ERR,ERR,ERR,ERR,ERR,ERR,ERR,ERR,ERR,ERR,ERR,ERR,ERR,ERR,ERR,ERR,ERR,0.0,0.0,0.0,0.0,0.0,1.3936040501711995e+18,7.805,0.0,0,0,4,0,7300,-0.0,0,0.0,0.0,0.0,0.0,0.0,0,0,0,0,0.0,0,0,0,0,0,0,0,0,0,0,0,0,0,0,0,0,0,0,0,0,0,0,0,0,0,0,0,0,0,0,0,0,0,32,30,30,62,65476,0,300,0,0,8,21553,0.0,-107605600.0,0.0,0.0,0.0,0.0,0.0,0.0,0.0,0.0,0.0,0.0,0.0,0.0,0.0,0.0,0.0,0.0,0.0,0.0,0.0,0.0,2.004,2.004,-0.0,2.004,0.0,0.0,0.0,0.0,5492.0,-3.697192730694464e+19,6972.0,0.0,0.0,-107615280.0,0.0,0.0,0.0,0.0,0.0,63,-0.0,0.0,0.0,0.0,0.0,0.0,0.0,0.0,0.0,0,0,0,0.0,0.0,0.0,0.0,0.0,0.0,0.0,0.0,0.0,0.0,0.0,0.0,0.0,0.0,0.0,0.0,0,-107875648.0,63,0.0,126,2.7184242562605685e+23,-0.0,ERR,ERR,ERR,ERR,ERR,ERR,ERR,ERR,ERR,ERR,ERR,ERR,ERR,ERR,ERR,ERR,ERR,ERR,ERR,ERR,ERR,ERR,ERR,ERR,ERR,ERR,ERR,ERR,ERR,ERR,ERR,ERR,ERR,ERR,ERR,ERR,ERR,ERR,ERR,ERR,ERR,ERR,ERR,ERR,ERR,ERR,ERR,ERR,ERR,ERR,ERR,ERR,ERR,ERR,ERR,ERR,ERR,ERR,ERR,ERR,ERR,ERR,ERR,ERR,ERR,ERR,ERR,34.0,80.0,35,0.0,0.0,0.0,0.0,0.0,0.0,0.0,0.0,0.0,0.0,0.0,0.0,0.0,0.0,0.0,0.0,64.4,0,117,56,50,65476,0,300,0,0,8,20529,65476,0,0,57672,80.0,0.0,0.0,0.0,0.0,0.0
2026-06-17T04:10:48,ERR,ERR,ERR,ERR,ERR,ERR,ERR,ERR,ERR,ERR,ERR,ERR,ERR,ERR,ERR,ERR,ERR,ERR,ERR,ERR,ERR,ERR,ERR,ERR,ERR,ERR,ERR,ERR,ERR,ERR,ERR,ERR,ERR,ERR,ERR,ERR,ERR,ERR,ERR,ERR,ERR,ERR,ERR,ERR,ERR,ERR,ERR,ERR,ERR,ERR,ERR,ERR,ERR,ERR,ERR,ERR,ERR,ERR,ERR,ERR,ERR,ERR,ERR,ERR,ERR,ERR,ERR,ERR,ERR,ERR,ERR,ERR,ERR,ERR,ERR,ERR,ERR,ERR,ERR,ERR,ERR,ERR,ERR,ERR,ERR,ERR,ERR,ERR,ERR,ERR,ERR,ERR,ERR,ERR,ERR,ERR,ERR,ERR,ERR,ERR,ERR,ERR,ERR,ERR,ERR,ERR,ERR,ERR,ERR,ERR,ERR,ERR,ERR,ERR,ERR,ERR,ERR,ERR,ERR,ERR,ERR,ERR,ERR,ERR,ERR,0.0,0.0,0.0,0.0,0.0,1.3936040501711995e+18,7.805,0.0,0,0,4,0,7300,-0.0,0,0.0,0.0,0.0,0.0,0.0,0,0,0,0,0.0,0,0,0,0,0,0,0,0,0,0,0,0,0,0,0,0,0,0,0,0,0,0,0,0,0,0,0,0,0,0,0,0,0,32,30,30,62,65476,0,300,0,0,8,21553,0.0,-107605600.0,0.0,0.0,0.0,0.0,0.0,0.0,0.0,0.0,0.0,0.0,0.0,0.0,0.0,0.0,0.0,0.0,0.0,0.0,0.0,0.0,2.004,2.004,-0.0,2.004,0.0,0.0,0.0,0.0,5492.0,-3.697192730694464e+19,6972.0,0.0,0.0,-107615280.0,0.0,0.0,0.0,0.0,0.0,63,-0.0,0.0,0.0,0.0,0.0,0.0,0.0,0.0,0.0,0,0,0,0.0,0.0,0.0,0.0,0.0,0.0,0.0,0.0,0.0,0.0,0.0,0.0,0.0,0.0,0.0,0.0,0,-107875648.0,63,0.0,126,2.7184242562605685e+23,-0.0,ERR,ERR,ERR,ERR,ERR,ERR,ERR,ERR,ERR,ERR,ERR,ERR,ERR,ERR,ERR,ERR,ERR,ERR,ERR,ERR,ERR,ERR,ERR,ERR,ERR,ERR,ERR,ERR,ERR,ERR,ERR,ERR,ERR,ERR,ERR,ERR,ERR,ERR,ERR,ERR,ERR,ERR,ERR,ERR,ERR,ERR,ERR,ERR,ERR,ERR,ERR,ERR,ERR,ERR,ERR,ERR,ERR,ERR,ERR,ERR,ERR,ERR,ERR,ERR,ERR,ERR,ERR,34.0,80.0,35,0.0,0.0,0.0,0.0,0.0,0.0,0.0,0.0,0.0,0.0,0.0,0.0,0.0,0.0,0.0,0.0,64.4,0,117,56,50,65476,0,300,0,0,8,20529,65476,0,0,57672,80.0,0.0,0.0,0.0,0.0,0.0
2026-06-17T04:10:49,ERR,ERR,ERR,ERR,ERR,ERR,ERR,ERR,ERR,ERR,ERR,ERR,ERR,ERR,ERR,ERR,ERR,ERR,ERR,ERR,ERR,ERR,ERR,ERR,ERR,ERR,ERR,ERR,ERR,ERR,ERR,ERR,ERR,ERR,ERR,ERR,ERR,ERR,ERR,ERR,ERR,ERR,ERR,ERR,ERR,ERR,ERR,ERR,ERR,ERR,ERR,ERR,ERR,ERR,ERR,ERR,ERR,ERR,ERR,ERR,ERR,ERR,ERR,ERR,ERR,ERR,ERR,ERR,ERR,ERR,ERR,ERR,ERR,ERR,ERR,ERR,ERR,ERR,ERR,ERR,ERR,ERR,ERR,ERR,ERR,ERR,ERR,ERR,ERR,ERR,ERR,ERR,ERR,ERR,ERR,ERR,ERR,ERR,ERR,ERR,ERR,ERR,ERR,ERR,ERR,ERR,ERR,ERR,ERR,ERR,ERR,ERR,ERR,ERR,ERR,ERR,ERR,ERR,ERR,ERR,ERR,ERR,ERR,ERR,ERR,0.0,0.0,0.0,0.0,0.0,1.3936040501711995e+18,7.805,0.0,0,0,4,0,7300,-0.0,0,0.0,0.0,0.0,0.0,0.0,0,0,0,0,0.0,0,0,0,0,0,0,0,0,0,0,0,0,0,0,0,0,0,0,0,0,0,0,0,0,0,0,0,0,0,0,0,0,0,32,30,30,62,65476,0,300,0,0,8,21553,0.0,-107605600.0,0.0,0.0,0.0,0.0,0.0,0.0,0.0,0.0,0.0,0.0,0.0,0.0,0.0,0.0,0.0,0.0,0.0,0.0,0.0,0.0,2.004,2.004,-0.0,2.004,0.0,0.0,0.0,0.0,5492.0,-3.697192730694464e+19,6972.0,0.0,0.0,-107615280.0,0.0,0.0,0.0,0.0,0.0,63,-0.0,0.0,0.0,0.0,0.0,0.0,0.0,0.0,0.0,0,0,0,0.0,0.0,0.0,0.0,0.0,0.0,0.0,0.0,0.0,0.0,0.0,0.0,0.0,0.0,0.0,0.0,0,-107875648.0,63,0.0,126,2.7184242562605685e+23,-0.0,ERR,ERR,ERR,ERR,ERR,ERR,ERR,ERR,ERR,ERR,ERR,ERR,ERR,ERR,ERR,ERR,ERR,ERR,ERR,ERR,ERR,ERR,ERR,ERR,ERR,ERR,ERR,ERR,ERR,ERR,ERR,ERR,ERR,ERR,ERR,ERR,ERR,ERR,ERR,ERR,ERR,ERR,ERR,ERR,ERR,ERR,ERR,ERR,ERR,ERR,ERR,ERR,ERR,ERR,ERR,ERR,ERR,ERR,ERR,ERR,ERR,ERR,ERR,ERR,ERR,ERR,ERR,34.0,80.0,35,0.0,0.0,0.0,0.0,0.0,0.0,0.0,0.0,0.0,0.0,0.0,0.0,0.0,0.0,0.0,0.0,64.4,0,117,56,50,65476,0,300,0,0,8,20529,65476,0,0,57672,80.0,0.0,0.0,0.0,0.0,0.0
2026-06-17T04:10:50,ERR,ERR,ERR,ERR,ERR,ERR,ERR,ERR,ERR,ERR,ERR,ERR,ERR,ERR,ERR,ERR,ERR,ERR,ERR,ERR,ERR,ERR,ERR,ERR,ERR,ERR,ERR,ERR,ERR,ERR,ERR,ERR,ERR,ERR,ERR,ERR,ERR,ERR,ERR,ERR,ERR,ERR,ERR,ERR,ERR,ERR,ERR,ERR,ERR,ERR,ERR,ERR,ERR,ERR,ERR,ERR,ERR,ERR,ERR,ERR,ERR,ERR,ERR,ERR,ERR,ERR,ERR,ERR,ERR,ERR,ERR,ERR,ERR,ERR,ERR,ERR,ERR,ERR,ERR,ERR,ERR,ERR,ERR,ERR,ERR,ERR,ERR,ERR,ERR,ERR,ERR,ERR,ERR,ERR,ERR,ERR,ERR,ERR,ERR,ERR,ERR,ERR,ERR,ERR,ERR,ERR,ERR,ERR,ERR,ERR,ERR,ERR,ERR,ERR,ERR,ERR,ERR,ERR,ERR,ERR,ERR,ERR,ERR,ERR,ERR,0.0,0.0,0.0,0.0,0.0,1.3936040501711995e+18,7.805,0.0,0,0,4,0,7300,-0.0,0,0.0,0.0,0.0,0.0,0.0,0,0,0,0,0.0,0,0,0,0,0,0,0,0,0,0,0,0,0,0,0,0,0,0,0,0,0,0,0,0,0,0,0,0,0,0,0,0,0,32,30,30,62,65476,0,300,0,0,8,21553,0.0,-107605600.0,0.0,0.0,0.0,0.0,0.0,0.0,0.0,0.0,0.0,0.0,0.0,0.0,0.0,0.0,0.0,0.0,0.0,0.0,0.0,0.0,2.004,2.004,-0.0,2.004,0.0,0.0,0.0,0.0,5492.0,-2.422992227987924e+24,6973.0,0.0,0.0,-107615280.0,0.0,0.0,0.0,0.0,0.0,63,-0.0,0.0,0.0,0.0,0.0,0.0,0.0,0.0,0.0,0,0,0,0.0,0.0,0.0,0.0,0.0,0.0,0.0,0.0,0.0,0.0,0.0,0.0,0.0,0.0,0.0,0.0,0,-107875648.0,63,0.0,126,2.7184242562605685e+23,-0.0,ERR,ERR,ERR,ERR,ERR,ERR,ERR,ERR,ERR,ERR,ERR,ERR,ERR,ERR,ERR,ERR,ERR,ERR,ERR,ERR,ERR,ERR,ERR,ERR,ERR,ERR,ERR,ERR,ERR,ERR,ERR,ERR,ERR,ERR,ERR,ERR,ERR,ERR,ERR,ERR,ERR,ERR,ERR,ERR,ERR,ERR,ERR,ERR,ERR,ERR,ERR,ERR,ERR,ERR,ERR,ERR,ERR,ERR,ERR,ERR,ERR,ERR,ERR,ERR,ERR,ERR,ERR,34.0,80.0,35,0.0,0.0,0.0,0.0,0.0,0.0,0.0,0.0,0.0,0.0,0.0,0.0,0.0,0.0,0.0,0.0,64.8,0,117,56,50,65476,0,300,0,0,8,20529,65476,0,0,57672,80.0,0.0,0.0,0.0,0.0,0.0
2026-06-17T04:10:51,ERR,ERR,ERR,ERR,ERR,ERR,ERR,ERR,ERR,ERR,ERR,ERR,ERR,ERR,ERR,ERR,ERR,ERR,ERR,ERR,ERR,ERR,ERR,ERR,ERR,ERR,ERR,ERR,ERR,ERR,ERR,ERR,ERR,ERR,ERR,ERR,ERR,ERR,ERR,ERR,ERR,ERR,ERR,ERR,ERR,ERR,ERR,ERR,ERR,ERR,ERR,ERR,ERR,ERR,ERR,ERR,ERR,ERR,ERR,ERR,ERR,ERR,ERR,ERR,ERR,ERR,ERR,ERR,ERR,ERR,ERR,ERR,ERR,ERR,ERR,ERR,ERR,ERR,ERR,ERR,ERR,ERR,ERR,ERR,ERR,ERR,ERR,ERR,ERR,ERR,ERR,ERR,ERR,ERR,ERR,ERR,ERR,ERR,ERR,ERR,ERR,ERR,ERR,ERR,ERR,ERR,ERR,ERR,ERR,ERR,ERR,ERR,ERR,ERR,ERR,ERR,ERR,ERR,ERR,ERR,ERR,ERR,ERR,ERR,ERR,0.0,0.0,0.0,0.0,0.0,1.3936040501711995e+18,7.805,0.0,0,0,4,0,7300,-0.0,0,0.0,0.0,0.0,0.0,0.0,0,0,0,0,0.0,0,0,0,0,0,0,0,0,0,0,0,0,0,0,0,0,0,0,0,0,0,0,0,0,0,0,0,0,0,0,0,0,0,32,30,30,62,65476,0,300,0,0,8,21553,0.0,-107605600.0,0.0,0.0,0.0,0.0,0.0,0.0,0.0,0.0,0.0,0.0,0.0,0.0,0.0,0.0,0.0,0.0,0.0,0.0,0.0,0.0,2.004,2.004,-0.0,2.004,0.0,0.0,0.0,0.0,5492.0,-2.422992227987924e+24,6973.0,0.0,0.0,-107615280.0,0.0,0.0,0.0,0.0,0.0,63,-0.0,0.0,0.0,0.0,0.0,0.0,0.0,0.0,0.0,0,0,0,0.0,0.0,0.0,0.0,0.0,0.0,0.0,0.0,0.0,0.0,0.0,0.0,0.0,0.0,0.0,0.0,0,-107875648.0,63,0.0,126,2.7184242562605685e+23,-0.0,ERR,ERR,ERR,ERR,ERR,ERR,ERR,ERR,ERR,ERR,ERR,ERR,ERR,ERR,ERR,ERR,ERR,ERR,ERR,ERR,ERR,ERR,ERR,ERR,ERR,ERR,ERR,ERR,ERR,ERR,ERR,ERR,ERR,ERR,ERR,ERR,ERR,ERR,ERR,ERR,ERR,ERR,ERR,ERR,ERR,ERR,ERR,ERR,ERR,ERR,ERR,ERR,ERR,ERR,ERR,ERR,ERR,ERR,ERR,ERR,ERR,ERR,ERR,ERR,ERR,ERR,ERR,34.0,80.0,35,0.0,0.0,0.0,0.0,0.0,0.0,0.0,0.0,0.0,0.0,0.0,0.0,0.0,0.0,0.0,0.0,64.8,0,117,56,50,65476,0,300,0,0,8,20529,65476,0,0,57672,80.0,0.0,0.0,0.0,0.0,0.0
2026-06-17T04:10:52,ERR,ERR,ERR,ERR,ERR,ERR,ERR,ERR,ERR,ERR,ERR,ERR,ERR,ERR,ERR,ERR,ERR,ERR,ERR,ERR,ERR,ERR,ERR,ERR,ERR,ERR,ERR,ERR,ERR,ERR,ERR,ERR,ERR,ERR,ERR,ERR,ERR,ERR,ERR,ERR,ERR,ERR,ERR,ERR,ERR,ERR,ERR,ERR,ERR,ERR,ERR,ERR,ERR,ERR,ERR,ERR,ERR,ERR,ERR,ERR,ERR,ERR,ERR,ERR,ERR,ERR,ERR,ERR,ERR,ERR,ERR,ERR,ERR,ERR,ERR,ERR,ERR,ERR,ERR,ERR,ERR,ERR,ERR,ERR,ERR,ERR,ERR,ERR,ERR,ERR,ERR,ERR,ERR,ERR,ERR,ERR,ERR,ERR,ERR,ERR,ERR,ERR,ERR,ERR,ERR,ERR,ERR,ERR,ERR,ERR,ERR,ERR,ERR,ERR,ERR,ERR,ERR,ERR,ERR,ERR,ERR,ERR,ERR,ERR,ERR,0.0,0.0,0.0,0.0,0.0,1.3936040501711995e+18,7.805,0.0,0,0,4,0,7300,-0.0,0,0.0,0.0,0.0,0.0,0.0,0,0,0,0,0.0,0,0,0,0,0,0,0,0,0,0,0,0,0,0,0,0,0,0,0,0,0,0,0,0,0,0,0,0,0,0,0,0,0,32,30,30,62,65476,0,300,0,0,8,21553,0.0,-107605600.0,0.0,0.0,0.0,0.0,0.0,0.0,0.0,0.0,0.0,0.0,0.0,0.0,0.0,0.0,0.0,0.0,0.0,0.0,0.0,0.0,2.004,2.004,-0.0,2.004,0.0,0.0,0.0,0.0,5492.0,-2.422992227987924e+24,6973.0,0.0,0.0,-107615280.0,0.0,0.0,0.0,0.0,0.0,63,-0.0,0.0,0.0,0.0,0.0,0.0,0.0,0.0,0.0,0,0,0,0.0,0.0,0.0,0.0,0.0,0.0,0.0,0.0,0.0,0.0,0.0,0.0,0.0,0.0,0.0,0.0,0,-107875648.0,63,0.0,126,2.7184242562605685e+23,-0.0,ERR,ERR,ERR,ERR,ERR,ERR,ERR,ERR,ERR,ERR,ERR,ERR,ERR,ERR,ERR,ERR,ERR,ERR,ERR,ERR,ERR,ERR,ERR,ERR,ERR,ERR,ERR,ERR,ERR,ERR,ERR,ERR,ERR,ERR,ERR,ERR,ERR,ERR,ERR,ERR,ERR,ERR,ERR,ERR,ERR,ERR,ERR,ERR,ERR,ERR,ERR,ERR,ERR,ERR,ERR,ERR,ERR,ERR,ERR,ERR,ERR,ERR,ERR,ERR,ERR,ERR,ERR,34.0,80.0,35,0.0,0.0,0.0,0.0,0.0,0.0,0.0,0.0,0.0,0.0,0.0,0.0,0.0,0.0,0.0,0.0,64.8,0,117,56,50,65476,0,300,0,0,8,20529,65476,0,0,57672,80.0,0.0,0.0,0.0,0.0,0.0
2026-06-17T04:10:53,ERR,ERR,ERR,ERR,ERR,ERR,ERR,ERR,ERR,ERR,ERR,ERR,ERR,ERR,ERR,ERR,ERR,ERR,ERR,ERR,ERR,ERR,ERR,ERR,ERR,ERR,ERR,ERR,ERR,ERR,ERR,ERR,ERR,ERR,ERR,ERR,ERR,ERR,ERR,ERR,ERR,ERR,ERR,ERR,ERR,ERR,ERR,ERR,ERR,ERR,ERR,ERR,ERR,ERR,ERR,ERR,ERR,ERR,ERR,ERR,ERR,ERR,ERR,ERR,ERR,ERR,ERR,ERR,ERR,ERR,ERR,ERR,ERR,ERR,ERR,ERR,ERR,ERR,ERR,ERR,ERR,ERR,ERR,ERR,ERR,ERR,ERR,ERR,ERR,ERR,ERR,ERR,ERR,ERR,ERR,ERR,ERR,ERR,ERR,ERR,ERR,ERR,ERR,ERR,ERR,ERR,ERR,ERR,ERR,ERR,ERR,ERR,ERR,ERR,ERR,ERR,ERR,ERR,ERR,ERR,ERR,ERR,ERR,ERR,ERR,0.0,0.0,0.0,0.0,0.0,1.3936040501711995e+18,7.805,0.0,0,0,4,0,7300,-0.0,0,0.0,0.0,0.0,0.0,0.0,0,0,0,0,0.0,0,0,0,0,0,0,0,0,0,0,0,0,0,0,0,0,0,0,0,0,0,0,0,0,0,0,0,0,0,0,0,0,0,32,30,30,62,65476,0,300,0,0,8,21553,0.0,-107605600.0,0.0,0.0,0.0,0.0,0.0,0.0,0.0,0.0,0.0,0.0,0.0,0.0,0.0,0.0,0.0,0.0,0.0,0.0,0.0,0.0,2.004,2.004,-0.0,2.004,0.0,0.0,0.0,0.0,5492.0,-2.422992227987924e+24,6973.0,0.0,0.0,-107615280.0,0.0,0.0,0.0,0.0,0.0,63,-0.0,0.0,0.0,0.0,0.0,0.0,0.0,0.0,0.0,0,0,0,0.0,0.0,0.0,0.0,0.0,0.0,0.0,0.0,0.0,0.0,0.0,0.0,0.0,0.0,0.0,0.0,0,-107875648.0,63,0.0,126,2.7184242562605685e+23,-0.0,ERR,ERR,ERR,ERR,ERR,ERR,ERR,ERR,ERR,ERR,ERR,ERR,ERR,ERR,ERR,ERR,ERR,ERR,ERR,ERR,ERR,ERR,ERR,ERR,ERR,ERR,ERR,ERR,ERR,ERR,ERR,ERR,ERR,ERR,ERR,ERR,ERR,ERR,ERR,ERR,ERR,ERR,ERR,ERR,ERR,ERR,ERR,ERR,ERR,ERR,ERR,ERR,ERR,ERR,ERR,ERR,ERR,ERR,ERR,ERR,ERR,ERR,ERR,ERR,ERR,ERR,ERR,34.0,80.0,35,0.0,0.0,0.0,0.0,0.0,0.0,0.0,0.0,0.0,0.0,0.0,0.0,0.0,0.0,0.0,0.0,64.4,0,117,56,50,65476,0,300,0,0,8,20529,65476,0,0,57672,80.0,0.0,0.0,0.0,0.0,0.0
2026-06-17T04:10:54,ERR,ERR,ERR,ERR,ERR,ERR,ERR,ERR,ERR,ERR,ERR,ERR,ERR,ERR,ERR,ERR,ERR,ERR,ERR,ERR,ERR,ERR,ERR,ERR,ERR,ERR,ERR,ERR,ERR,ERR,ERR,ERR,ERR,ERR,ERR,ERR,ERR,ERR,ERR,ERR,ERR,ERR,ERR,ERR,ERR,ERR,ERR,ERR,ERR,ERR,ERR,ERR,ERR,ERR,ERR,ERR,ERR,ERR,ERR,ERR,ERR,ERR,ERR,ERR,ERR,ERR,ERR,ERR,ERR,ERR,ERR,ERR,ERR,ERR,ERR,ERR,ERR,ERR,ERR,ERR,ERR,ERR,ERR,ERR,ERR,ERR,ERR,ERR,ERR,ERR,ERR,ERR,ERR,ERR,ERR,ERR,ERR,ERR,ERR,ERR,ERR,ERR,ERR,ERR,ERR,ERR,ERR,ERR,ERR,ERR,ERR,ERR,ERR,ERR,ERR,ERR,ERR,ERR,ERR,ERR,ERR,ERR,ERR,ERR,ERR,0.0,0.0,0.0,0.0,0.0,1.3936040501711995e+18,7.805,0.0,0,0,4,0,7300,-0.0,0,0.0,0.0,0.0,0.0,0.0,0,0,0,0,0.0,0,0,0,0,0,0,0,0,0,0,0,0,0,0,0,0,0,0,0,0,0,0,0,0,0,0,0,0,0,0,0,0,0,32,30,30,62,65476,0,300,0,0,8,21553,0.0,-107605600.0,0.0,0.0,0.0,0.0,0.0,0.0,0.0,0.0,0.0,0.0,0.0,0.0,0.0,0.0,0.0,0.0,0.0,0.0,0.0,0.0,2.004,2.004,-0.0,2.004,0.0,0.0,0.0,0.0,5492.0,-2.422992227987924e+24,6973.0,0.0,0.0,-107615280.0,0.0,0.0,0.0,0.0,0.0,63,-0.0,0.0,0.0,0.0,0.0,0.0,0.0,0.0,0.0,0,0,0,0.0,0.0,0.0,0.0,0.0,0.0,0.0,0.0,0.0,0.0,0.0,0.0,0.0,0.0,0.0,0.0,0,-107875648.0,63,0.0,126,2.7184242562605685e+23,-0.0,ERR,ERR,ERR,ERR,ERR,ERR,ERR,ERR,ERR,ERR,ERR,ERR,ERR,ERR,ERR,ERR,ERR,ERR,ERR,ERR,ERR,ERR,ERR,ERR,ERR,ERR,ERR,ERR,ERR,ERR,ERR,ERR,ERR,ERR,ERR,ERR,ERR,ERR,ERR,ERR,ERR,ERR,ERR,ERR,ERR,ERR,ERR,ERR,ERR,ERR,ERR,ERR,ERR,ERR,ERR,ERR,ERR,ERR,ERR,ERR,ERR,ERR,ERR,ERR,ERR,ERR,ERR,34.0,80.0,35,0.0,0.0,0.0,0.0,0.0,0.0,0.0,0.0,0.0,0.0,0.0,0.0,0.0,0.0,0.0,0.0,64.4,0,117,56,50,65476,0,300,0,0,8,20529,65476,0,0,57672,80.0,0.0,0.0,0.0,0.0,0.0
2026-06-17T04:10:55,ERR,ERR,ERR,ERR,ERR,ERR,ERR,ERR,ERR,ERR,ERR,ERR,ERR,ERR,ERR,ERR,ERR,ERR,ERR,ERR,ERR,ERR,ERR,ERR,ERR,ERR,ERR,ERR,ERR,ERR,ERR,ERR,ERR,ERR,ERR,ERR,ERR,ERR,ERR,ERR,ERR,ERR,ERR,ERR,ERR,ERR,ERR,ERR,ERR,ERR,ERR,ERR,ERR,ERR,ERR,ERR,ERR,ERR,ERR,ERR,ERR,ERR,ERR,ERR,ERR,ERR,ERR,ERR,ERR,ERR,ERR,ERR,ERR,ERR,ERR,ERR,ERR,ERR,ERR,ERR,ERR,ERR,ERR,ERR,ERR,ERR,ERR,ERR,ERR,ERR,ERR,ERR,ERR,ERR,ERR,ERR,ERR,ERR,ERR,ERR,ERR,ERR,ERR,ERR,ERR,ERR,ERR,ERR,ERR,ERR,ERR,ERR,ERR,ERR,ERR,ERR,ERR,ERR,ERR,ERR,ERR,ERR,ERR,ERR,ERR,0.0,0.0,0.0,0.0,0.0,1.3936040501711995e+18,7.805,0.0,0,0,4,0,7300,-0.0,0,0.0,0.0,0.0,0.0,0.0,0,0,0,0,0.0,0,0,0,0,0,0,0,0,0,0,0,0,0,0,0,0,0,0,0,0,0,0,0,0,0,0,0,0,0,0,0,0,0,32,30,30,62,65476,0,300,0,0,8,21553,0.0,-107605600.0,0.0,0.0,0.0,0.0,0.0,0.0,0.0,0.0,0.0,0.0,0.0,0.0,0.0,0.0,0.0,0.0,0.0,0.0,0.0,0.0,2.004,2.004,-0.0,2.004,0.0,0.0,0.0,0.0,5494.0,-0.0,6965.0,0.0,0.0,-107615280.0,0.0,0.0,0.0,0.0,0.0,63,-0.0,-0.0,0.0,0.0,0.0,0.0,0.0,0.0,0.0,0,0,0,0.0,0.0,0.0,0.0,0.0,0.0,0.0,0.0,0.0,0.0,0.0,0.0,0.0,0.0,0.0,0.0,0,-107875648.0,63,0.0,126,2.7184242562605685e+23,-0.0,ERR,ERR,ERR,ERR,ERR,ERR,ERR,ERR,ERR,ERR,ERR,ERR,ERR,ERR,ERR,ERR,ERR,ERR,ERR,ERR,ERR,ERR,ERR,ERR,ERR,ERR,ERR,ERR,ERR,ERR,ERR,ERR,ERR,ERR,ERR,ERR,ERR,ERR,ERR,ERR,ERR,ERR,ERR,ERR,ERR,ERR,ERR,ERR,ERR,ERR,ERR,ERR,ERR,ERR,ERR,ERR,ERR,ERR,ERR,ERR,ERR,ERR,ERR,ERR,ERR,ERR,ERR,34.0,80.0,35,0.0,0.0,0.0,0.0,0.0,0.0,0.0,0.0,0.0,0.0,0.0,0.0,0.0,0.0,0.0,0.0,64.8,0,117,56,50,65476,0,300,0,0,8,20529,65476,0,0,57672,80.0,0.0,0.0,0.0,0.0,0.0
2026-06-17T04:10:56,ERR,ERR,ERR,ERR,ERR,ERR,ERR,ERR,ERR,ERR,ERR,ERR,ERR,ERR,ERR,ERR,ERR,ERR,ERR,ERR,ERR,ERR,ERR,ERR,ERR,ERR,ERR,ERR,ERR,ERR,ERR,ERR,ERR,ERR,ERR,ERR,ERR,ERR,ERR,ERR,ERR,ERR,ERR,ERR,ERR,ERR,ERR,ERR,ERR,ERR,ERR,ERR,ERR,ERR,ERR,ERR,ERR,ERR,ERR,ERR,ERR,ERR,ERR,ERR,ERR,ERR,ERR,ERR,ERR,ERR,ERR,ERR,ERR,ERR,ERR,ERR,ERR,ERR,ERR,ERR,ERR,ERR,ERR,ERR,ERR,ERR,ERR,ERR,ERR,ERR,ERR,ERR,ERR,ERR,ERR,ERR,ERR,ERR,ERR,ERR,ERR,ERR,ERR,ERR,ERR,ERR,ERR,ERR,ERR,ERR,ERR,ERR,ERR,ERR,ERR,ERR,ERR,ERR,ERR,ERR,ERR,ERR,ERR,ERR,ERR,0.0,0.0,0.0,0.0,0.0,1.3936040501711995e+18,7.805,0.0,0,0,4,0,7300,-0.0,0,0.0,0.0,0.0,0.0,0.0,0,0,0,0,0.0,0,0,0,0,0,0,0,0,0,0,0,0,0,0,0,0,0,0,0,0,0,0,0,0,0,0,0,0,0,0,0,0,0,32,30,30,62,65476,0,300,0,0,8,21553,0.0,-107605600.0,0.0,0.0,0.0,0.0,0.0,0.0,0.0,0.0,0.0,0.0,0.0,0.0,0.0,0.0,0.0,0.0,0.0,0.0,0.0,0.0,2.004,2.004,-0.0,2.004,0.0,0.0,0.0,0.0,5494.0,-0.0,6965.0,0.0,0.0,-107615280.0,0.0,0.0,0.0,0.0,0.0,63,-0.0,-0.0,0.0,0.0,0.0,0.0,0.0,0.0,0.0,0,0,0,0.0,0.0,0.0,0.0,0.0,0.0,0.0,0.0,0.0,0.0,0.0,0.0,0.0,0.0,0.0,0.0,0,-107875648.0,63,0.0,126,2.7184242562605685e+23,-0.0,ERR,ERR,ERR,ERR,ERR,ERR,ERR,ERR,ERR,ERR,ERR,ERR,ERR,ERR,ERR,ERR,ERR,ERR,ERR,ERR,ERR,ERR,ERR,ERR,ERR,ERR,ERR,ERR,ERR,ERR,ERR,ERR,ERR,ERR,ERR,ERR,ERR,ERR,ERR,ERR,ERR,ERR,ERR,ERR,ERR,ERR,ERR,ERR,ERR,ERR,ERR,ERR,ERR,ERR,ERR,ERR,ERR,ERR,ERR,ERR,ERR,ERR,ERR,ERR,ERR,ERR,ERR,34.0,80.0,35,0.0,0.0,0.0,0.0,0.0,0.0,0.0,0.0,0.0,0.0,0.0,0.0,0.0,0.0,0.0,0.0,64.8,0,117,56,50,65476,0,300,0,0,8,20529,65476,0,0,57672,80.0,0.0,0.0,0.0,0.0,0.0
2026-06-17T04:10:57,ERR,ERR,ERR,ERR,ERR,ERR,ERR,ERR,ERR,ERR,ERR,ERR,ERR,ERR,ERR,ERR,ERR,ERR,ERR,ERR,ERR,ERR,ERR,ERR,ERR,ERR,ERR,ERR,ERR,ERR,ERR,ERR,ERR,ERR,ERR,ERR,ERR,ERR,ERR,ERR,ERR,ERR,ERR,ERR,ERR,ERR,ERR,ERR,ERR,ERR,ERR,ERR,ERR,ERR,ERR,ERR,ERR,ERR,ERR,ERR,ERR,ERR,ERR,ERR,ERR,ERR,ERR,ERR,ERR,ERR,ERR,ERR,ERR,ERR,ERR,ERR,ERR,ERR,ERR,ERR,ERR,ERR,ERR,ERR,ERR,ERR,ERR,ERR,ERR,ERR,ERR,ERR,ERR,ERR,ERR,ERR,ERR,ERR,ERR,ERR,ERR,ERR,ERR,ERR,ERR,ERR,ERR,ERR,ERR,ERR,ERR,ERR,ERR,ERR,ERR,ERR,ERR,ERR,ERR,ERR,ERR,ERR,ERR,ERR,ERR,0.0,0.0,0.0,0.0,0.0,1.3936040501711995e+18,7.805,0.0,0,0,4,0,7300,-0.0,0,0.0,0.0,0.0,0.0,0.0,0,0,0,0,0.0,0,0,0,0,0,0,0,0,0,0,0,0,0,0,0,0,0,0,0,0,0,0,0,0,0,0,0,0,0,0,0,0,0,32,30,30,62,65476,0,300,0,0,8,21553,0.0,-107605600.0,0.0,0.0,0.0,0.0,0.0,0.0,0.0,0.0,0.0,0.0,0.0,0.0,0.0,0.0,0.0,0.0,0.0,0.0,0.0,0.0,2.004,2.004,-0.0,2.004,0.0,0.0,0.0,0.0,5494.0,-0.0,6965.0,0.0,0.0,-107615280.0,0.0,0.0,0.0,0.0,0.0,63,-0.0,-0.0,0.0,0.0,0.0,0.0,0.0,0.0,0.0,0,0,0,0.0,0.0,0.0,0.0,0.0,0.0,0.0,0.0,0.0,0.0,0.0,0.0,0.0,0.0,0.0,0.0,0,-107875648.0,63,0.0,126,2.7184242562605685e+23,-0.0,ERR,ERR,ERR,ERR,ERR,ERR,ERR,ERR,ERR,ERR,ERR,ERR,ERR,ERR,ERR,ERR,ERR,ERR,ERR,ERR,ERR,ERR,ERR,ERR,ERR,ERR,ERR,ERR,ERR,ERR,ERR,ERR,ERR,ERR,ERR,ERR,ERR,ERR,ERR,ERR,ERR,ERR,ERR,ERR,ERR,ERR,ERR,ERR,ERR,ERR,ERR,ERR,ERR,ERR,ERR,ERR,ERR,ERR,ERR,ERR,ERR,ERR,ERR,ERR,ERR,ERR,ERR,34.0,80.0,35,0.0,0.0,0.0,0.0,0.0,0.0,0.0,0.0,0.0,0.0,0.0,0.0,0.0,0.0,0.0,0.0,64.4,0,117,56,50,65476,0,300,0,0,8,20529,65476,0,0,57672,80.0,0.0,0.0,0.0,0.0,0.0
2026-06-17T04:10:58,ERR,ERR,ERR,ERR,ERR,ERR,ERR,ERR,ERR,ERR,ERR,ERR,ERR,ERR,ERR,ERR,ERR,ERR,ERR,ERR,ERR,ERR,ERR,ERR,ERR,ERR,ERR,ERR,ERR,ERR,ERR,ERR,ERR,ERR,ERR,ERR,ERR,ERR,ERR,ERR,ERR,ERR,ERR,ERR,ERR,ERR,ERR,ERR,ERR,ERR,ERR,ERR,ERR,ERR,ERR,ERR,ERR,ERR,ERR,ERR,ERR,ERR,ERR,ERR,ERR,ERR,ERR,ERR,ERR,ERR,ERR,ERR,ERR,ERR,ERR,ERR,ERR,ERR,ERR,ERR,ERR,ERR,ERR,ERR,ERR,ERR,ERR,ERR,ERR,ERR,ERR,ERR,ERR,ERR,ERR,ERR,ERR,ERR,ERR,ERR,ERR,ERR,ERR,ERR,ERR,ERR,ERR,ERR,ERR,ERR,ERR,ERR,ERR,ERR,ERR,ERR,ERR,ERR,ERR,ERR,ERR,ERR,ERR,ERR,ERR,0.0,0.0,0.0,0.0,0.0,1.3936040501711995e+18,7.805,0.0,0,0,4,0,7300,-0.0,0,0.0,0.0,0.0,0.0,0.0,0,0,0,0,0.0,0,0,0,0,0,0,0,0,0,0,0,0,0,0,0,0,0,0,0,0,0,0,0,0,0,0,0,0,0,0,0,0,0,32,30,30,62,65476,0,300,0,0,8,21553,0.0,-107605600.0,0.0,0.0,0.0,0.0,0.0,0.0,0.0,0.0,0.0,0.0,0.0,0.0,0.0,0.0,0.0,0.0,0.0,0.0,0.0,0.0,2.004,2.004,-0.0,2.004,0.0,0.0,0.0,0.0,5494.0,-0.0,6965.0,0.0,0.0,-107615280.0,0.0,0.0,0.0,0.0,0.0,63,-0.0,-0.0,0.0,0.0,0.0,0.0,0.0,0.0,0.0,0,0,0,0.0,0.0,0.0,0.0,0.0,0.0,0.0,0.0,0.0,0.0,0.0,0.0,0.0,0.0,0.0,0.0,0,-107875648.0,63,0.0,126,2.7184242562605685e+23,-0.0,ERR,ERR,ERR,ERR,ERR,ERR,ERR,ERR,ERR,ERR,ERR,ERR,ERR,ERR,ERR,ERR,ERR,ERR,ERR,ERR,ERR,ERR,ERR,ERR,ERR,ERR,ERR,ERR,ERR,ERR,ERR,ERR,ERR,ERR,ERR,ERR,ERR,ERR,ERR,ERR,ERR,ERR,ERR,ERR,ERR,ERR,ERR,ERR,ERR,ERR,ERR,ERR,ERR,ERR,ERR,ERR,ERR,ERR,ERR,ERR,ERR,ERR,ERR,ERR,ERR,ERR,ERR,34.0,80.0,35,0.0,0.0,0.0,0.0,0.0,0.0,0.0,0.0,0.0,0.0,0.0,0.0,0.0,0.0,0.0,0.0,64.4,0,117,56,50,65476,0,300,0,0,8,20529,65476,0,0,57672,80.0,0.0,0.0,0.0,0.0,0.0
2026-06-17T04:10:59,ERR,ERR,ERR,ERR,ERR,ERR,ERR,ERR,ERR,ERR,ERR,ERR,ERR,ERR,ERR,ERR,ERR,ERR,ERR,ERR,ERR,ERR,ERR,ERR,ERR,ERR,ERR,ERR,ERR,ERR,ERR,ERR,ERR,ERR,ERR,ERR,ERR,ERR,ERR,ERR,ERR,ERR,ERR,ERR,ERR,ERR,ERR,ERR,ERR,ERR,ERR,ERR,ERR,ERR,ERR,ERR,ERR,ERR,ERR,ERR,ERR,ERR,ERR,ERR,ERR,ERR,ERR,ERR,ERR,ERR,ERR,ERR,ERR,ERR,ERR,ERR,ERR,ERR,ERR,ERR,ERR,ERR,ERR,ERR,ERR,ERR,ERR,ERR,ERR,ERR,ERR,ERR,ERR,ERR,ERR,ERR,ERR,ERR,ERR,ERR,ERR,ERR,ERR,ERR,ERR,ERR,ERR,ERR,ERR,ERR,ERR,ERR,ERR,ERR,ERR,ERR,ERR,ERR,ERR,ERR,ERR,ERR,ERR,ERR,ERR,0.0,0.0,0.0,0.0,0.0,1.3936040501711995e+18,7.805,0.0,0,0,4,0,7300,-0.0,0,0.0,0.0,0.0,0.0,0.0,0,0,0,0,0.0,0,0,0,0,0,0,0,0,0,0,0,0,0,0,0,0,0,0,0,0,0,0,0,0,0,0,0,0,0,0,0,0,0,32,30,30,62,65476,0,300,0,0,8,21553,0.0,-107605600.0,0.0,0.0,0.0,0.0,0.0,0.0,0.0,0.0,0.0,0.0,0.0,0.0,0.0,0.0,0.0,0.0,0.0,0.0,0.0,0.0,2.004,2.004,-0.0,2.004,0.0,0.0,0.0,0.0,5494.0,-0.0,6965.0,0.0,0.0,-107615280.0,0.0,0.0,0.0,0.0,0.0,63,-0.0,-0.0,0.0,0.0,0.0,0.0,0.0,0.0,0.0,0,0,0,0.0,0.0,0.0,0.0,0.0,0.0,0.0,0.0,0.0,0.0,0.0,0.0,0.0,0.0,0.0,0.0,0,-107875648.0,63,0.0,126,2.7184242562605685e+23,-0.0,ERR,ERR,ERR,ERR,ERR,ERR,ERR,ERR,ERR,ERR,ERR,ERR,ERR,ERR,ERR,ERR,ERR,ERR,ERR,ERR,ERR,ERR,ERR,ERR,ERR,ERR,ERR,ERR,ERR,ERR,ERR,ERR,ERR,ERR,ERR,ERR,ERR,ERR,ERR,ERR,ERR,ERR,ERR,ERR,ERR,ERR,ERR,ERR,ERR,ERR,ERR,ERR,ERR,ERR,ERR,ERR,ERR,ERR,ERR,ERR,ERR,ERR,ERR,ERR,ERR,ERR,ERR,34.0,80.0,35,0.0,0.0,0.0,0.0,0.0,0.0,0.0,0.0,0.0,0.0,0.0,0.0,0.0,0.0,0.0,0.0,64.8,0,117,56,50,65476,0,300,0,0,8,20529,65476,0,0,57672,80.0,0.0,0.0,0.0,0.0,0.0
2026-06-17T04:11:00,ERR,ERR,ERR,ERR,ERR,ERR,ERR,ERR,ERR,ERR,ERR,ERR,ERR,ERR,ERR,ERR,ERR,ERR,ERR,ERR,ERR,ERR,ERR,ERR,ERR,ERR,ERR,ERR,ERR,ERR,ERR,ERR,ERR,ERR,ERR,ERR,ERR,ERR,ERR,ERR,ERR,ERR,ERR,ERR,ERR,ERR,ERR,ERR,ERR,ERR,ERR,ERR,ERR,ERR,ERR,ERR,ERR,ERR,ERR,ERR,ERR,ERR,ERR,ERR,ERR,ERR,ERR,ERR,ERR,ERR,ERR,ERR,ERR,ERR,ERR,ERR,ERR,ERR,ERR,ERR,ERR,ERR,ERR,ERR,ERR,ERR,ERR,ERR,ERR,ERR,ERR,ERR,ERR,ERR,ERR,ERR,ERR,ERR,ERR,ERR,ERR,ERR,ERR,ERR,ERR,ERR,ERR,ERR,ERR,ERR,ERR,ERR,ERR,ERR,ERR,ERR,ERR,ERR,ERR,ERR,ERR,ERR,ERR,ERR,ERR,0.0,0.0,0.0,0.0,0.0,1.3936040501711995e+18,7.805,0.0,0,0,4,0,7300,-0.0,0,0.0,0.0,0.0,0.0,0.0,0,0,0,0,0.0,0,0,0,0,0,0,0,0,0,0,0,0,0,0,0,0,0,0,0,0,0,0,0,0,0,0,0,0,0,0,0,0,0,32,30,30,62,65476,0,300,0,0,8,21553,0.0,-107605600.0,0.0,0.0,0.0,0.0,0.0,0.0,0.0,0.0,0.0,0.0,0.0,0.0,0.0,0.0,0.0,0.0,0.0,0.0,0.0,0.0,2.004,2.004,-0.0,2.004,0.0,0.0,0.0,0.0,5494.0,-0.0,6965.0,0.0,0.0,-107615280.0,0.0,0.0,0.0,0.0,0.0,63,-0.0,-0.0,0.0,0.0,0.0,0.0,0.0,0.0,0.0,0,0,0,0.0,0.0,0.0,0.0,0.0,0.0,0.0,0.0,0.0,0.0,0.0,0.0,0.0,0.0,0.0,0.0,0,-107875648.0,63,0.0,126,2.7184242562605685e+23,-0.0,ERR,ERR,ERR,ERR,ERR,ERR,ERR,ERR,ERR,ERR,ERR,ERR,ERR,ERR,ERR,ERR,ERR,ERR,ERR,ERR,ERR,ERR,ERR,ERR,ERR,ERR,ERR,ERR,ERR,ERR,ERR,ERR,ERR,ERR,ERR,ERR,ERR,ERR,ERR,ERR,ERR,ERR,ERR,ERR,ERR,ERR,ERR,ERR,ERR,ERR,ERR,ERR,ERR,ERR,ERR,ERR,ERR,ERR,ERR,ERR,ERR,ERR,ERR,ERR,ERR,ERR,ERR,34.0,80.0,35,0.0,0.0,0.0,0.0,0.0,0.0,0.0,0.0,0.0,0.0,0.0,0.0,0.0,0.0,0.0,0.0,64.8,0,117,56,50,65476,0,300,0,0,8,20529,65476,0,0,57672,80.0,0.0,0.0,0.0,0.0,0.0
2026-06-17T04:11:01,ERR,ERR,ERR,ERR,ERR,ERR,ERR,ERR,ERR,ERR,ERR,ERR,ERR,ERR,ERR,ERR,ERR,ERR,ERR,ERR,ERR,ERR,ERR,ERR,ERR,ERR,ERR,ERR,ERR,ERR,ERR,ERR,ERR,ERR,ERR,ERR,ERR,ERR,ERR,ERR,ERR,ERR,ERR,ERR,ERR,ERR,ERR,ERR,ERR,ERR,ERR,ERR,ERR,ERR,ERR,ERR,ERR,ERR,ERR,ERR,ERR,ERR,ERR,ERR,ERR,ERR,ERR,ERR,ERR,ERR,ERR,ERR,ERR,ERR,ERR,ERR,ERR,ERR,ERR,ERR,ERR,ERR,ERR,ERR,ERR,ERR,ERR,ERR,ERR,ERR,ERR,ERR,ERR,ERR,ERR,ERR,ERR,ERR,ERR,ERR,ERR,ERR,ERR,ERR,ERR,ERR,ERR,ERR,ERR,ERR,ERR,ERR,ERR,ERR,ERR,ERR,ERR,ERR,ERR,ERR,ERR,ERR,ERR,ERR,ERR,0.0,0.0,0.0,0.0,0.0,1.3936040501711995e+18,7.805,0.0,0,0,4,0,7300,-0.0,0,0.0,0.0,0.0,0.0,0.0,0,0,0,0,0.0,0,0,0,0,0,0,0,0,0,0,0,0,0,0,0,0,0,0,0,0,0,0,0,0,0,0,0,0,0,0,0,0,0,32,30,30,62,65476,0,300,0,0,8,21553,0.0,-107605600.0,0.0,0.0,0.0,0.0,0.0,0.0,0.0,0.0,0.0,0.0,0.0,0.0,0.0,0.0,0.0,0.0,0.0,0.0,0.0,0.0,2.004,2.004,-0.0,2.004,0.0,0.0,0.0,0.0,5494.0,-0.0,6965.0,0.0,0.0,-107615280.0,0.0,0.0,0.0,0.0,0.0,63,-0.0,-0.0,0.0,0.0,0.0,0.0,0.0,0.0,0.0,0,0,0,0.0,0.0,0.0,0.0,0.0,0.0,0.0,0.0,0.0,0.0,0.0,0.0,0.0,0.0,0.0,0.0,0,-107875648.0,63,0.0,126,2.7184242562605685e+23,-0.0,ERR,ERR,ERR,ERR,ERR,ERR,ERR,ERR,ERR,ERR,ERR,ERR,ERR,ERR,ERR,ERR,ERR,ERR,ERR,ERR,ERR,ERR,ERR,ERR,ERR,ERR,ERR,ERR,ERR,ERR,ERR,ERR,ERR,ERR,ERR,ERR,ERR,ERR,ERR,ERR,ERR,ERR,ERR,ERR,ERR,ERR,ERR,ERR,ERR,ERR,ERR,ERR,ERR,ERR,ERR,ERR,ERR,ERR,ERR,ERR,ERR,ERR,ERR,ERR,ERR,ERR,ERR,34.0,80.0,35,0.0,0.0,0.0,0.0,0.0,0.0,0.0,0.0,0.0,0.0,0.0,0.0,0.0,0.0,0.0,0.0,64.4,0,117,56,50,65476,0,300,0,0,8,20529,65476,0,0,57672,80.0,0.0,0.0,0.0,0.0,0.0
2026-06-17T04:11:02,ERR,ERR,ERR,ERR,ERR,ERR,ERR,ERR,ERR,ERR,ERR,ERR,ERR,ERR,ERR,ERR,ERR,ERR,ERR,ERR,ERR,ERR,ERR,ERR,ERR,ERR,ERR,ERR,ERR,ERR,ERR,ERR,ERR,ERR,ERR,ERR,ERR,ERR,ERR,ERR,ERR,ERR,ERR,ERR,ERR,ERR,ERR,ERR,ERR,ERR,ERR,ERR,ERR,ERR,ERR,ERR,ERR,ERR,ERR,ERR,ERR,ERR,ERR,ERR,ERR,ERR,ERR,ERR,ERR,ERR,ERR,ERR,ERR,ERR,ERR,ERR,ERR,ERR,ERR,ERR,ERR,ERR,ERR,ERR,ERR,ERR,ERR,ERR,ERR,ERR,ERR,ERR,ERR,ERR,ERR,ERR,ERR,ERR,ERR,ERR,ERR,ERR,ERR,ERR,ERR,ERR,ERR,ERR,ERR,ERR,ERR,ERR,ERR,ERR,ERR,ERR,ERR,ERR,ERR,ERR,ERR,ERR,ERR,ERR,ERR,0.0,0.0,0.0,0.0,0.0,1.3936040501711995e+18,7.805,0.0,0,0,4,0,7300,-0.0,0,0.0,0.0,0.0,0.0,0.0,0,0,0,0,0.0,0,0,0,0,0,0,0,0,0,0,0,0,0,0,0,0,0,0,0,0,0,0,0,0,0,0,0,0,0,0,0,0,0,32,30,30,62,65476,0,300,0,0,8,21553,0.0,-107605600.0,0.0,0.0,0.0,0.0,0.0,0.0,0.0,0.0,0.0,0.0,0.0,0.0,0.0,0.0,0.0,0.0,0.0,0.0,0.0,0.0,2.004,2.004,-0.0,2.004,0.0,0.0,0.0,0.0,5494.0,-0.0,6965.0,0.0,0.0,-107615280.0,0.0,0.0,0.0,0.0,0.0,63,-0.0,-0.0,0.0,0.0,0.0,0.0,0.0,0.0,0.0,0,0,0,0.0,0.0,0.0,0.0,0.0,0.0,0.0,0.0,0.0,0.0,0.0,0.0,0.0,0.0,0.0,0.0,0,-107875648.0,63,0.0,126,2.7184242562605685e+23,-0.0,ERR,ERR,ERR,ERR,ERR,ERR,ERR,ERR,ERR,ERR,ERR,ERR,ERR,ERR,ERR,ERR,ERR,ERR,ERR,ERR,ERR,ERR,ERR,ERR,ERR,ERR,ERR,ERR,ERR,ERR,ERR,ERR,ERR,ERR,ERR,ERR,ERR,ERR,ERR,ERR,ERR,ERR,ERR,ERR,ERR,ERR,ERR,ERR,ERR,ERR,ERR,ERR,ERR,ERR,ERR,ERR,ERR,ERR,ERR,ERR,ERR,ERR,ERR,ERR,ERR,ERR,ERR,34.0,80.0,35,0.0,0.0,0.0,0.0,0.0,0.0,0.0,0.0,0.0,0.0,0.0,0.0,0.0,0.0,0.0,0.0,64.4,0,117,56,50,65476,0,300,0,0,8,20529,65476,0,0,57672,80.0,0.0,0.0,0.0,0.0,0.0
2026-06-17T04:11:03,ERR,ERR,ERR,ERR,ERR,ERR,ERR,ERR,ERR,ERR,ERR,ERR,ERR,ERR,ERR,ERR,ERR,ERR,ERR,ERR,ERR,ERR,ERR,ERR,ERR,ERR,ERR,ERR,ERR,ERR,ERR,ERR,ERR,ERR,ERR,ERR,ERR,ERR,ERR,ERR,ERR,ERR,ERR,ERR,ERR,ERR,ERR,ERR,ERR,ERR,ERR,ERR,ERR,ERR,ERR,ERR,ERR,ERR,ERR,ERR,ERR,ERR,ERR,ERR,ERR,ERR,ERR,ERR,ERR,ERR,ERR,ERR,ERR,ERR,ERR,ERR,ERR,ERR,ERR,ERR,ERR,ERR,ERR,ERR,ERR,ERR,ERR,ERR,ERR,ERR,ERR,ERR,ERR,ERR,ERR,ERR,ERR,ERR,ERR,ERR,ERR,ERR,ERR,ERR,ERR,ERR,ERR,ERR,ERR,ERR,ERR,ERR,ERR,ERR,ERR,ERR,ERR,ERR,ERR,ERR,ERR,ERR,ERR,ERR,ERR,0.0,0.0,0.0,0.0,0.0,1.3936040501711995e+18,7.805,0.0,0,0,4,0,7300,-0.0,0,0.0,0.0,0.0,0.0,0.0,0,0,0,0,0.0,0,0,0,0,0,0,0,0,0,0,0,0,0,0,0,0,0,0,0,0,0,0,0,0,0,0,0,0,0,0,0,0,0,32,30,30,62,65476,0,300,0,0,8,21553,0.0,-107605600.0,0.0,0.0,0.0,0.0,0.0,0.0,0.0,0.0,0.0,0.0,0.0,0.0,0.0,0.0,0.0,0.0,0.0,0.0,0.0,0.0,2.004,2.004,-0.0,2.004,0.0,0.0,0.0,0.0,5494.0,-0.0,6965.0,0.0,0.0,-107615280.0,0.0,0.0,0.0,0.0,0.0,63,-0.0,-0.0,0.0,0.0,0.0,0.0,0.0,0.0,0.0,0,0,0,0.0,0.0,0.0,0.0,0.0,0.0,0.0,0.0,0.0,0.0,0.0,0.0,0.0,0.0,0.0,0.0,0,-107875648.0,63,0.0,126,2.7184242562605685e+23,-0.0,ERR,ERR,ERR,ERR,ERR,ERR,ERR,ERR,ERR,ERR,ERR,ERR,ERR,ERR,ERR,ERR,ERR,ERR,ERR,ERR,ERR,ERR,ERR,ERR,ERR,ERR,ERR,ERR,ERR,ERR,ERR,ERR,ERR,ERR,ERR,ERR,ERR,ERR,ERR,ERR,ERR,ERR,ERR,ERR,ERR,ERR,ERR,ERR,ERR,ERR,ERR,ERR,ERR,ERR,ERR,ERR,ERR,ERR,ERR,ERR,ERR,ERR,ERR,ERR,ERR,ERR,ERR,34.0,80.0,35,0.0,0.0,0.0,0.0,0.0,0.0,0.0,0.0,0.0,0.0,0.0,0.0,0.0,0.0,0.0,0.0,64.4,0,117,56,50,65476,0,300,0,0,8,20529,65476,0,0,57672,80.0,0.0,0.0,0.0,0.0,0.0
2026-06-17T04:11:04,ERR,ERR,ERR,ERR,ERR,ERR,ERR,ERR,ERR,ERR,ERR,ERR,ERR,ERR,ERR,ERR,ERR,ERR,ERR,ERR,ERR,ERR,ERR,ERR,ERR,ERR,ERR,ERR,ERR,ERR,ERR,ERR,ERR,ERR,ERR,ERR,ERR,ERR,ERR,ERR,ERR,ERR,ERR,ERR,ERR,ERR,ERR,ERR,ERR,ERR,ERR,ERR,ERR,ERR,ERR,ERR,ERR,ERR,ERR,ERR,ERR,ERR,ERR,ERR,ERR,ERR,ERR,ERR,ERR,ERR,ERR,ERR,ERR,ERR,ERR,ERR,ERR,ERR,ERR,ERR,ERR,ERR,ERR,ERR,ERR,ERR,ERR,ERR,ERR,ERR,ERR,ERR,ERR,ERR,ERR,ERR,ERR,ERR,ERR,ERR,ERR,ERR,ERR,ERR,ERR,ERR,ERR,ERR,ERR,ERR,ERR,ERR,ERR,ERR,ERR,ERR,ERR,ERR,ERR,ERR,ERR,ERR,ERR,ERR,ERR,0.0,0.0,0.0,0.0,0.0,1.3936040501711995e+18,7.805,0.0,0,0,4,0,7300,-0.0,0,0.0,0.0,0.0,0.0,0.0,0,0,0,0,0.0,0,0,0,0,0,0,0,0,0,0,0,0,0,0,0,0,0,0,0,0,0,0,0,0,0,0,0,0,0,0,0,0,0,32,30,30,62,65476,0,300,0,0,8,21553,0.0,-107605600.0,0.0,0.0,0.0,0.0,0.0,0.0,0.0,0.0,0.0,0.0,0.0,0.0,0.0,0.0,0.0,0.0,0.0,0.0,0.0,0.0,2.004,2.004,-0.0,2.004,0.0,0.0,0.0,0.0,5494.0,-0.0,6965.0,0.0,0.0,-107615280.0,0.0,0.0,0.0,0.0,0.0,63,-0.0,-0.0,0.0,0.0,0.0,0.0,0.0,0.0,0.0,0,0,0,0.0,0.0,0.0,0.0,0.0,0.0,0.0,0.0,0.0,0.0,0.0,0.0,0.0,0.0,0.0,0.0,0,-107875648.0,63,0.0,126,2.7184242562605685e+23,-0.0,ERR,ERR,ERR,ERR,ERR,ERR,ERR,ERR,ERR,ERR,ERR,ERR,ERR,ERR,ERR,ERR,ERR,ERR,ERR,ERR,ERR,ERR,ERR,ERR,ERR,ERR,ERR,ERR,ERR,ERR,ERR,ERR,ERR,ERR,ERR,ERR,ERR,ERR,ERR,ERR,ERR,ERR,ERR,ERR,ERR,ERR,ERR,ERR,ERR,ERR,ERR,ERR,ERR,ERR,ERR,ERR,ERR,ERR,ERR,ERR,ERR,ERR,ERR,ERR,ERR,ERR,ERR,34.0,80.0,35,0.0,0.0,0.0,0.0,0.0,0.0,0.0,0.0,0.0,0.0,0.0,0.0,0.0,0.0,0.0,0.0,64.4,0,117,56,50,65476,0,300,0,0,8,20529,65476,0,0,57672,80.0,0.0,0.0,0.0,0.0,0.0
2026-06-17T04:11:05,ERR,ERR,ERR,ERR,ERR,ERR,ERR,ERR,ERR,ERR,ERR,ERR,ERR,ERR,ERR,ERR,ERR,ERR,ERR,ERR,ERR,ERR,ERR,ERR,ERR,ERR,ERR,ERR,ERR,ERR,ERR,ERR,ERR,ERR,ERR,ERR,ERR,ERR,ERR,ERR,ERR,ERR,ERR,ERR,ERR,ERR,ERR,ERR,ERR,ERR,ERR,ERR,ERR,ERR,ERR,ERR,ERR,ERR,ERR,ERR,ERR,ERR,ERR,ERR,ERR,ERR,ERR,ERR,ERR,ERR,ERR,ERR,ERR,ERR,ERR,ERR,ERR,ERR,ERR,ERR,ERR,ERR,ERR,ERR,ERR,ERR,ERR,ERR,ERR,ERR,ERR,ERR,ERR,ERR,ERR,ERR,ERR,ERR,ERR,ERR,ERR,ERR,ERR,ERR,ERR,ERR,ERR,ERR,ERR,ERR,ERR,ERR,ERR,ERR,ERR,ERR,ERR,ERR,ERR,ERR,ERR,ERR,ERR,ERR,ERR,0.0,0.0,2.6474777903227054e+23,0.0,0.0,1.3936040501711995e+18,7.805,0.0,0,0,4,0,7300,-0.0,0,0.0,0.0,0.0,0.0,0.0,0,0,0,0,0.0,0,0,0,0,0,0,0,0,0,0,0,0,0,0,0,0,0,0,0,0,0,0,0,0,0,0,0,0,0,0,0,0,0,32,30,30,62,65476,0,300,0,0,8,21553,0.0,-107605600.0,0.0,0.0,0.0,0.0,0.0,0.0,0.0,0.0,0.0,0.0,0.0,0.0,0.0,0.0,0.0,0.0,0.0,0.0,0.0,0.0,2.004,2.004,-0.0,2.004,0.0,0.0,0.0,0.0,5492.0,1.587932186534166e+29,6958.0,0.0,0.0,-107615280.0,0.0,0.0,0.0,0.0,0.0,63,-0.0,4.066860836011608e+29,0.0,0.0,0.0,0.0,0.0,0.0,0.0,0,0,0,0.0,0.0,0.0,0.0,0.0,0.0,0.0,0.0,0.0,0.0,0.0,0.0,0.0,0.0,0.0,0.0,0,-107875648.0,63,0.0,126,2.7184242562605685e+23,-0.0,ERR,ERR,ERR,ERR,ERR,ERR,ERR,ERR,ERR,ERR,ERR,ERR,ERR,ERR,ERR,ERR,ERR,ERR,ERR,ERR,ERR,ERR,ERR,ERR,ERR,ERR,ERR,ERR,ERR,ERR,ERR,ERR,ERR,ERR,ERR,ERR,ERR,ERR,ERR,ERR,ERR,ERR,ERR,ERR,ERR,ERR,ERR,ERR,ERR,ERR,ERR,ERR,ERR,ERR,ERR,ERR,ERR,ERR,ERR,ERR,ERR,ERR,ERR,ERR,ERR,ERR,ERR,34.0,80.0,35,0.0,0.0,0.0,0.0,0.0,0.0,0.0,0.0,0.0,0.0,0.0,0.0,0.0,0.0,0.0,0.0,64.4,0,117,56,50,65476,0,300,0,0,8,20529,65476,0,0,57672,80.0,0.0,0.0,0.0,0.0,0.0
2026-06-17T04:11:06,ERR,ERR,ERR,ERR,ERR,ERR,ERR,ERR,ERR,ERR,ERR,ERR,ERR,ERR,ERR,ERR,ERR,ERR,ERR,ERR,ERR,ERR,ERR,ERR,ERR,ERR,ERR,ERR,ERR,ERR,ERR,ERR,ERR,ERR,ERR,ERR,ERR,ERR,ERR,ERR,ERR,ERR,ERR,ERR,ERR,ERR,ERR,ERR,ERR,ERR,ERR,ERR,ERR,ERR,ERR,ERR,ERR,ERR,ERR,ERR,ERR,ERR,ERR,ERR,ERR,ERR,ERR,ERR,ERR,ERR,ERR,ERR,ERR,ERR,ERR,ERR,ERR,ERR,ERR,ERR,ERR,ERR,ERR,ERR,ERR,ERR,ERR,ERR,ERR,ERR,ERR,ERR,ERR,ERR,ERR,ERR,ERR,ERR,ERR,ERR,ERR,ERR,ERR,ERR,ERR,ERR,ERR,ERR,ERR,ERR,ERR,ERR,ERR,ERR,ERR,ERR,ERR,ERR,ERR,ERR,ERR,ERR,ERR,ERR,ERR,0.0,0.0,2.6474777903227054e+23,0.0,0.0,1.3936040501711995e+18,7.805,0.0,0,0,4,0,7300,-0.0,0,0.0,0.0,0.0,0.0,0.0,0,0,0,0,0.0,0,0,0,0,0,0,0,0,0,0,0,0,0,0,0,0,0,0,0,0,0,0,0,0,0,0,0,0,0,0,0,0,0,32,30,30,62,65476,0,300,0,0,8,21553,0.0,-107605600.0,0.0,0.0,0.0,0.0,0.0,0.0,0.0,0.0,0.0,0.0,0.0,0.0,0.0,0.0,0.0,0.0,0.0,0.0,0.0,0.0,2.004,2.004,-0.0,2.004,0.0,0.0,0.0,0.0,5492.0,1.587932186534166e+29,6958.0,0.0,0.0,-107615280.0,0.0,0.0,0.0,0.0,0.0,63,-0.0,4.066860836011608e+29,0.0,0.0,0.0,0.0,0.0,0.0,0.0,0,0,0,0.0,0.0,0.0,0.0,0.0,0.0,0.0,0.0,0.0,0.0,0.0,0.0,0.0,0.0,0.0,0.0,0,-107875648.0,63,0.0,126,2.7184242562605685e+23,-0.0,ERR,ERR,ERR,ERR,ERR,ERR,ERR,ERR,ERR,ERR,ERR,ERR,ERR,ERR,ERR,ERR,ERR,ERR,ERR,ERR,ERR,ERR,ERR,ERR,ERR,ERR,ERR,ERR,ERR,ERR,ERR,ERR,ERR,ERR,ERR,ERR,ERR,ERR,ERR,ERR,ERR,ERR,ERR,ERR,ERR,ERR,ERR,ERR,ERR,ERR,ERR,ERR,ERR,ERR,ERR,ERR,ERR,ERR,ERR,ERR,ERR,ERR,ERR,ERR,ERR,ERR,ERR,34.0,80.0,35,0.0,0.0,0.0,0.0,0.0,0.0,0.0,0.0,0.0,0.0,0.0,0.0,0.0,0.0,0.0,0.0,64.8,0,117,56,50,65476,0,300,0,0,8,20529,65476,0,0,57672,80.0,0.0,0.0,0.0,0.0,0.0
2026-06-17T04:11:07,ERR,ERR,ERR,ERR,ERR,ERR,ERR,ERR,ERR,ERR,ERR,ERR,ERR,ERR,ERR,ERR,ERR,ERR,ERR,ERR,ERR,ERR,ERR,ERR,ERR,ERR,ERR,ERR,ERR,ERR,ERR,ERR,ERR,ERR,ERR,ERR,ERR,ERR,ERR,ERR,ERR,ERR,ERR,ERR,ERR,ERR,ERR,ERR,ERR,ERR,ERR,ERR,ERR,ERR,ERR,ERR,ERR,ERR,ERR,ERR,ERR,ERR,ERR,ERR,ERR,ERR,ERR,ERR,ERR,ERR,ERR,ERR,ERR,ERR,ERR,ERR,ERR,ERR,ERR,ERR,ERR,ERR,ERR,ERR,ERR,ERR,ERR,ERR,ERR,ERR,ERR,ERR,ERR,ERR,ERR,ERR,ERR,ERR,ERR,ERR,ERR,ERR,ERR,ERR,ERR,ERR,ERR,ERR,ERR,ERR,ERR,ERR,ERR,ERR,ERR,ERR,ERR,ERR,ERR,ERR,ERR,ERR,ERR,ERR,ERR,0.0,0.0,2.6474777903227054e+23,0.0,0.0,1.3936040501711995e+18,7.805,0.0,0,0,4,0,7300,-0.0,0,0.0,0.0,0.0,0.0,0.0,0,0,0,0,0.0,0,0,0,0,0,0,0,0,0,0,0,0,0,0,0,0,0,0,0,0,0,0,0,0,0,0,0,0,0,0,0,0,0,32,30,30,62,65476,0,300,0,0,8,21553,0.0,-107605600.0,0.0,0.0,0.0,0.0,0.0,0.0,0.0,0.0,0.0,0.0,0.0,0.0,0.0,0.0,0.0,0.0,0.0,0.0,0.0,0.0,2.004,2.004,-0.0,2.004,0.0,0.0,0.0,0.0,5492.0,1.587932186534166e+29,6958.0,0.0,0.0,-107615280.0,0.0,0.0,0.0,0.0,0.0,63,-0.0,4.066860836011608e+29,0.0,0.0,0.0,0.0,0.0,0.0,0.0,0,0,0,0.0,0.0,0.0,0.0,0.0,0.0,0.0,0.0,0.0,0.0,0.0,0.0,0.0,0.0,0.0,0.0,0,-107875648.0,63,0.0,126,2.7184242562605685e+23,-0.0,ERR,ERR,ERR,ERR,ERR,ERR,ERR,ERR,ERR,ERR,ERR,ERR,ERR,ERR,ERR,ERR,ERR,ERR,ERR,ERR,ERR,ERR,ERR,ERR,ERR,ERR,ERR,ERR,ERR,ERR,ERR,ERR,ERR,ERR,ERR,ERR,ERR,ERR,ERR,ERR,ERR,ERR,ERR,ERR,ERR,ERR,ERR,ERR,ERR,ERR,ERR,ERR,ERR,ERR,ERR,ERR,ERR,ERR,ERR,ERR,ERR,ERR,ERR,ERR,ERR,ERR,ERR,34.0,80.0,35,0.0,0.0,0.0,0.0,0.0,0.0,0.0,0.0,0.0,0.0,0.0,0.0,0.0,0.0,0.0,0.0,64.8,0,117,56,50,65476,0,300,0,0,8,20529,65476,0,0,57672,80.0,0.0,0.0,0.0,0.0,0.0
2026-06-17T04:11:08,ERR,ERR,ERR,ERR,ERR,ERR,ERR,ERR,ERR,ERR,ERR,ERR,ERR,ERR,ERR,ERR,ERR,ERR,ERR,ERR,ERR,ERR,ERR,ERR,ERR,ERR,ERR,ERR,ERR,ERR,ERR,ERR,ERR,ERR,ERR,ERR,ERR,ERR,ERR,ERR,ERR,ERR,ERR,ERR,ERR,ERR,ERR,ERR,ERR,ERR,ERR,ERR,ERR,ERR,ERR,ERR,ERR,ERR,ERR,ERR,ERR,ERR,ERR,ERR,ERR,ERR,ERR,ERR,ERR,ERR,ERR,ERR,ERR,ERR,ERR,ERR,ERR,ERR,ERR,ERR,ERR,ERR,ERR,ERR,ERR,ERR,ERR,ERR,ERR,ERR,ERR,ERR,ERR,ERR,ERR,ERR,ERR,ERR,ERR,ERR,ERR,ERR,ERR,ERR,ERR,ERR,ERR,ERR,ERR,ERR,ERR,ERR,ERR,ERR,ERR,ERR,ERR,ERR,ERR,ERR,ERR,ERR,ERR,ERR,ERR,0.0,0.0,2.6474777903227054e+23,0.0,0.0,1.3936040501711995e+18,7.805,0.0,0,0,4,0,7300,-0.0,0,0.0,0.0,0.0,0.0,0.0,0,0,0,0,0.0,0,0,0,0,0,0,0,0,0,0,0,0,0,0,0,0,0,0,0,0,0,0,0,0,0,0,0,0,0,0,0,0,0,32,30,30,62,65476,0,300,0,0,8,21553,0.0,-107605600.0,0.0,0.0,0.0,0.0,0.0,0.0,0.0,0.0,0.0,0.0,0.0,0.0,0.0,0.0,0.0,0.0,0.0,0.0,0.0,0.0,2.004,2.004,-0.0,2.004,0.0,0.0,0.0,0.0,5492.0,1.587932186534166e+29,6958.0,0.0,0.0,-107615280.0,0.0,0.0,0.0,0.0,0.0,63,-0.0,4.066860836011608e+29,0.0,0.0,0.0,0.0,0.0,0.0,0.0,0,0,0,0.0,0.0,0.0,0.0,0.0,0.0,0.0,0.0,0.0,0.0,0.0,0.0,0.0,0.0,0.0,0.0,0,-107875648.0,63,0.0,126,2.7184242562605685e+23,-0.0,ERR,ERR,ERR,ERR,ERR,ERR,ERR,ERR,ERR,ERR,ERR,ERR,ERR,ERR,ERR,ERR,ERR,ERR,ERR,ERR,ERR,ERR,ERR,ERR,ERR,ERR,ERR,ERR,ERR,ERR,ERR,ERR,ERR,ERR,ERR,ERR,ERR,ERR,ERR,ERR,ERR,ERR,ERR,ERR,ERR,ERR,ERR,ERR,ERR,ERR,ERR,ERR,ERR,ERR,ERR,ERR,ERR,ERR,ERR,ERR,ERR,ERR,ERR,ERR,ERR,ERR,ERR,34.0,80.0,35,0.0,0.0,0.0,0.0,0.0,0.0,0.0,0.0,0.0,0.0,0.0,0.0,0.0,0.0,0.0,0.0,64.4,0,117,56,50,65476,0,300,0,0,8,20529,65476,0,0,57672,80.0,0.0,0.0,0.0,0.0,0.0
2026-06-17T04:11:09,ERR,ERR,ERR,ERR,ERR,ERR,ERR,ERR,ERR,ERR,ERR,ERR,ERR,ERR,ERR,ERR,ERR,ERR,ERR,ERR,ERR,ERR,ERR,ERR,ERR,ERR,ERR,ERR,ERR,ERR,ERR,ERR,ERR,ERR,ERR,ERR,ERR,ERR,ERR,ERR,ERR,ERR,ERR,ERR,ERR,ERR,ERR,ERR,ERR,ERR,ERR,ERR,ERR,ERR,ERR,ERR,ERR,ERR,ERR,ERR,ERR,ERR,ERR,ERR,ERR,ERR,ERR,ERR,ERR,ERR,ERR,ERR,ERR,ERR,ERR,ERR,ERR,ERR,ERR,ERR,ERR,ERR,ERR,ERR,ERR,ERR,ERR,ERR,ERR,ERR,ERR,ERR,ERR,ERR,ERR,ERR,ERR,ERR,ERR,ERR,ERR,ERR,ERR,ERR,ERR,ERR,ERR,ERR,ERR,ERR,ERR,ERR,ERR,ERR,ERR,ERR,ERR,ERR,ERR,ERR,ERR,ERR,ERR,ERR,ERR,0.0,0.0,2.6474777903227054e+23,0.0,0.0,1.3936040501711995e+18,7.805,0.0,0,0,4,0,7300,-0.0,0,0.0,0.0,0.0,0.0,0.0,0,0,0,0,0.0,0,0,0,0,0,0,0,0,0,0,0,0,0,0,0,0,0,0,0,0,0,0,0,0,0,0,0,0,0,0,0,0,0,32,30,30,62,65476,0,300,0,0,8,21553,0.0,-107605600.0,0.0,0.0,0.0,0.0,0.0,0.0,0.0,0.0,0.0,0.0,0.0,0.0,0.0,0.0,0.0,0.0,0.0,0.0,0.0,0.0,2.004,2.004,-0.0,2.004,0.0,0.0,0.0,0.0,5492.0,1.587932186534166e+29,6958.0,0.0,0.0,-107615280.0,0.0,0.0,0.0,0.0,0.0,63,-0.0,4.066860836011608e+29,0.0,0.0,0.0,0.0,0.0,0.0,0.0,0,0,0,0.0,0.0,0.0,0.0,0.0,0.0,0.0,0.0,0.0,0.0,0.0,0.0,0.0,0.0,0.0,0.0,0,-107875648.0,63,0.0,126,2.7184242562605685e+23,-0.0,ERR,ERR,ERR,ERR,ERR,ERR,ERR,ERR,ERR,ERR,ERR,ERR,ERR,ERR,ERR,ERR,ERR,ERR,ERR,ERR,ERR,ERR,ERR,ERR,ERR,ERR,ERR,ERR,ERR,ERR,ERR,ERR,ERR,ERR,ERR,ERR,ERR,ERR,ERR,ERR,ERR,ERR,ERR,ERR,ERR,ERR,ERR,ERR,ERR,ERR,ERR,ERR,ERR,ERR,ERR,ERR,ERR,ERR,ERR,ERR,ERR,ERR,ERR,ERR,ERR,ERR,ERR,34.0,80.0,35,0.0,0.0,0.0,0.0,0.0,0.0,0.0,0.0,0.0,0.0,0.0,0.0,0.0,0.0,0.0,0.0,64.4,0,117,56,50,65476,0,300,0,0,8,20529,65476,0,0,57672,80.0,0.0,0.0,0.0,0.0,0.0
2026-06-17T04:11:10,ERR,ERR,ERR,ERR,ERR,ERR,ERR,ERR,ERR,ERR,ERR,ERR,ERR,ERR,ERR,ERR,ERR,ERR,ERR,ERR,ERR,ERR,ERR,ERR,ERR,ERR,ERR,ERR,ERR,ERR,ERR,ERR,ERR,ERR,ERR,ERR,ERR,ERR,ERR,ERR,ERR,ERR,ERR,ERR,ERR,ERR,ERR,ERR,ERR,ERR,ERR,ERR,ERR,ERR,ERR,ERR,ERR,ERR,ERR,ERR,ERR,ERR,ERR,ERR,ERR,ERR,ERR,ERR,ERR,ERR,ERR,ERR,ERR,ERR,ERR,ERR,ERR,ERR,ERR,ERR,ERR,ERR,ERR,ERR,ERR,ERR,ERR,ERR,ERR,ERR,ERR,ERR,ERR,ERR,ERR,ERR,ERR,ERR,ERR,ERR,ERR,ERR,ERR,ERR,ERR,ERR,ERR,ERR,ERR,ERR,ERR,ERR,ERR,ERR,ERR,ERR,ERR,ERR,ERR,ERR,ERR,ERR,ERR,ERR,ERR,0.0,0.0,2.6474777903227054e+23,0.0,0.0,1.3936040501711995e+18,7.805,0.0,0,0,4,0,7300,-0.0,0,0.0,0.0,0.0,0.0,0.0,0,0,0,0,0.0,0,0,0,0,0,0,0,0,0,0,0,0,0,0,0,0,0,0,0,0,0,0,0,0,0,0,0,0,0,0,0,0,0,32,30,30,62,65476,0,300,0,0,8,21553,0.0,-107605600.0,0.0,0.0,0.0,0.0,0.0,0.0,0.0,0.0,0.0,0.0,0.0,0.0,0.0,0.0,0.0,0.0,0.0,0.0,0.0,0.0,2.004,2.004,-0.0,2.004,0.0,0.0,0.0,0.0,5492.0,1.587932186534166e+29,6958.0,0.0,0.0,-107615280.0,0.0,0.0,0.0,0.0,0.0,63,-0.0,4.066860836011608e+29,0.0,0.0,0.0,0.0,0.0,0.0,0.0,0,0,0,0.0,0.0,0.0,0.0,0.0,0.0,0.0,0.0,0.0,0.0,0.0,0.0,0.0,0.0,0.0,0.0,0,-107875648.0,63,0.0,126,2.7184242562605685e+23,-0.0,ERR,ERR,ERR,ERR,ERR,ERR,ERR,ERR,ERR,ERR,ERR,ERR,ERR,ERR,ERR,ERR,ERR,ERR,ERR,ERR,ERR,ERR,ERR,ERR,ERR,ERR,ERR,ERR,ERR,ERR,ERR,ERR,ERR,ERR,ERR,ERR,ERR,ERR,ERR,ERR,ERR,ERR,ERR,ERR,ERR,ERR,ERR,ERR,ERR,ERR,ERR,ERR,ERR,ERR,ERR,ERR,ERR,ERR,ERR,ERR,ERR,ERR,ERR,ERR,ERR,ERR,ERR,34.0,80.0,35,0.0,0.0,0.0,0.0,0.0,0.0,0.0,0.0,0.0,0.0,0.0,0.0,0.0,0.0,0.0,0.0,64.4,0,117,56,50,65476,0,300,0,0,8,20529,65476,0,0,57672,80.0,0.0,0.0,0.0,0.0,0.0
2026-06-17T04:11:11,ERR,ERR,ERR,ERR,ERR,ERR,ERR,ERR,ERR,ERR,ERR,ERR,ERR,ERR,ERR,ERR,ERR,ERR,ERR,ERR,ERR,ERR,ERR,ERR,ERR,ERR,ERR,ERR,ERR,ERR,ERR,ERR,ERR,ERR,ERR,ERR,ERR,ERR,ERR,ERR,ERR,ERR,ERR,ERR,ERR,ERR,ERR,ERR,ERR,ERR,ERR,ERR,ERR,ERR,ERR,ERR,ERR,ERR,ERR,ERR,ERR,ERR,ERR,ERR,ERR,ERR,ERR,ERR,ERR,ERR,ERR,ERR,ERR,ERR,ERR,ERR,ERR,ERR,ERR,ERR,ERR,ERR,ERR,ERR,ERR,ERR,ERR,ERR,ERR,ERR,ERR,ERR,ERR,ERR,ERR,ERR,ERR,ERR,ERR,ERR,ERR,ERR,ERR,ERR,ERR,ERR,ERR,ERR,ERR,ERR,ERR,ERR,ERR,ERR,ERR,ERR,ERR,ERR,ERR,ERR,ERR,ERR,ERR,ERR,ERR,0.0,0.0,2.6474777903227054e+23,0.0,0.0,1.3936040501711995e+18,7.805,0.0,0,0,4,0,7300,-0.0,0,0.0,0.0,0.0,0.0,0.0,0,0,0,0,0.0,0,0,0,0,0,0,0,0,0,0,0,0,0,0,0,0,0,0,0,0,0,0,0,0,0,0,0,0,0,0,0,0,0,32,30,30,62,65476,0,300,0,0,8,21553,0.0,-107605600.0,0.0,0.0,0.0,0.0,0.0,0.0,0.0,0.0,0.0,0.0,0.0,0.0,0.0,0.0,0.0,0.0,0.0,0.0,0.0,0.0,2.004,2.004,-0.0,2.004,0.0,0.0,0.0,0.0,5493.0,0.0,6946.0,0.0,0.0,-107615280.0,0.0,0.0,0.0,0.0,0.0,63,-0.0,-4.9504084813611264e+32,0.0,0.0,0.0,0.0,0.0,0.0,0.0,0,0,0,0.0,0.0,0.0,0.0,0.0,0.0,0.0,0.0,0.0,0.0,0.0,0.0,0.0,0.0,0.0,0.0,0,-107875648.0,63,0.0,126,2.7184242562605685e+23,-0.0,ERR,ERR,ERR,ERR,ERR,ERR,ERR,ERR,ERR,ERR,ERR,ERR,ERR,ERR,ERR,ERR,ERR,ERR,ERR,ERR,ERR,ERR,ERR,ERR,ERR,ERR,ERR,ERR,ERR,ERR,ERR,ERR,ERR,ERR,ERR,ERR,ERR,ERR,ERR,ERR,ERR,ERR,ERR,ERR,ERR,ERR,ERR,ERR,ERR,ERR,ERR,ERR,ERR,ERR,ERR,ERR,ERR,ERR,ERR,ERR,ERR,ERR,ERR,ERR,ERR,ERR,ERR,34.0,80.0,35,0.0,0.0,0.0,0.0,0.0,0.0,0.0,0.0,0.0,0.0,0.0,0.0,0.0,0.0,0.0,0.0,64.4,0,117,56,50,65476,0,300,0,0,8,20529,65476,0,0,57672,80.0,0.0,0.0,0.0,0.0,0.0
2026-06-17T04:11:12,ERR,ERR,ERR,ERR,ERR,ERR,ERR,ERR,ERR,ERR,ERR,ERR,ERR,ERR,ERR,ERR,ERR,ERR,ERR,ERR,ERR,ERR,ERR,ERR,ERR,ERR,ERR,ERR,ERR,ERR,ERR,ERR,ERR,ERR,ERR,ERR,ERR,ERR,ERR,ERR,ERR,ERR,ERR,ERR,ERR,ERR,ERR,ERR,ERR,ERR,ERR,ERR,ERR,ERR,ERR,ERR,ERR,ERR,ERR,ERR,ERR,ERR,ERR,ERR,ERR,ERR,ERR,ERR,ERR,ERR,ERR,ERR,ERR,ERR,ERR,ERR,ERR,ERR,ERR,ERR,ERR,ERR,ERR,ERR,ERR,ERR,ERR,ERR,ERR,ERR,ERR,ERR,ERR,ERR,ERR,ERR,ERR,ERR,ERR,ERR,ERR,ERR,ERR,ERR,ERR,ERR,ERR,ERR,ERR,ERR,ERR,ERR,ERR,ERR,ERR,ERR,ERR,ERR,ERR,ERR,ERR,ERR,ERR,ERR,ERR,0.0,0.0,2.6474777903227054e+23,0.0,0.0,1.3936040501711995e+18,7.805,0.0,0,0,4,0,7300,-0.0,0,0.0,0.0,0.0,0.0,0.0,0,0,0,0,0.0,0,0,0,0,0,0,0,0,0,0,0,0,0,0,0,0,0,0,0,0,0,0,0,0,0,0,0,0,0,0,0,0,0,32,30,30,62,65476,0,300,0,0,8,21553,0.0,-107605600.0,0.0,0.0,0.0,0.0,0.0,0.0,0.0,0.0,0.0,0.0,0.0,0.0,0.0,0.0,0.0,0.0,0.0,0.0,0.0,0.0,2.004,2.004,-0.0,2.004,0.0,0.0,0.0,0.0,5493.0,0.0,6946.0,0.0,0.0,-107615280.0,0.0,0.0,0.0,0.0,0.0,63,-0.0,-4.9504084813611264e+32,0.0,0.0,0.0,0.0,0.0,0.0,0.0,0,0,0,0.0,0.0,0.0,0.0,0.0,0.0,0.0,0.0,0.0,0.0,0.0,0.0,0.0,0.0,0.0,0.0,0,-107875648.0,63,0.0,126,2.7184242562605685e+23,-0.0,ERR,ERR,ERR,ERR,ERR,ERR,ERR,ERR,ERR,ERR,ERR,ERR,ERR,ERR,ERR,ERR,ERR,ERR,ERR,ERR,ERR,ERR,ERR,ERR,ERR,ERR,ERR,ERR,ERR,ERR,ERR,ERR,ERR,ERR,ERR,ERR,ERR,ERR,ERR,ERR,ERR,ERR,ERR,ERR,ERR,ERR,ERR,ERR,ERR,ERR,ERR,ERR,ERR,ERR,ERR,ERR,ERR,ERR,ERR,ERR,ERR,ERR,ERR,ERR,ERR,ERR,ERR,34.0,80.0,35,0.0,0.0,0.0,0.0,0.0,0.0,0.0,0.0,0.0,0.0,0.0,0.0,0.0,0.0,0.0,0.0,64.4,0,117,56,50,65476,0,300,0,0,8,20529,65476,0,0,57672,80.0,0.0,0.0,0.0,0.0,0.0
2026-06-17T04:11:13,ERR,ERR,ERR,ERR,ERR,ERR,ERR,ERR,ERR,ERR,ERR,ERR,ERR,ERR,ERR,ERR,ERR,ERR,ERR,ERR,ERR,ERR,ERR,ERR,ERR,ERR,ERR,ERR,ERR,ERR,ERR,ERR,ERR,ERR,ERR,ERR,ERR,ERR,ERR,ERR,ERR,ERR,ERR,ERR,ERR,ERR,ERR,ERR,ERR,ERR,ERR,ERR,ERR,ERR,ERR,ERR,ERR,ERR,ERR,ERR,ERR,ERR,ERR,ERR,ERR,ERR,ERR,ERR,ERR,ERR,ERR,ERR,ERR,ERR,ERR,ERR,ERR,ERR,ERR,ERR,ERR,ERR,ERR,ERR,ERR,ERR,ERR,ERR,ERR,ERR,ERR,ERR,ERR,ERR,ERR,ERR,ERR,ERR,ERR,ERR,ERR,ERR,ERR,ERR,ERR,ERR,ERR,ERR,ERR,ERR,ERR,ERR,ERR,ERR,ERR,ERR,ERR,ERR,ERR,ERR,ERR,ERR,ERR,ERR,ERR,0.0,0.0,2.6474777903227054e+23,0.0,0.0,1.3936040501711995e+18,7.805,0.0,0,0,4,0,7300,-0.0,0,0.0,0.0,0.0,0.0,0.0,0,0,0,0,0.0,0,0,0,0,0,0,0,0,0,0,0,0,0,0,0,0,0,0,0,0,0,0,0,0,0,0,0,0,0,0,0,0,0,32,30,30,62,65476,0,300,0,0,8,21553,0.0,-107605600.0,0.0,0.0,0.0,0.0,0.0,0.0,0.0,0.0,0.0,0.0,0.0,0.0,0.0,0.0,0.0,0.0,0.0,0.0,0.0,0.0,2.004,2.004,-0.0,2.004,0.0,0.0,0.0,0.0,5493.0,0.0,6946.0,0.0,0.0,-107615280.0,0.0,0.0,0.0,0.0,0.0,63,-0.0,-4.9504084813611264e+32,0.0,0.0,0.0,0.0,0.0,0.0,0.0,0,0,0,0.0,0.0,0.0,0.0,0.0,0.0,0.0,0.0,0.0,0.0,0.0,0.0,0.0,0.0,0.0,0.0,0,-107875648.0,63,0.0,126,2.7184242562605685e+23,-0.0,ERR,ERR,ERR,ERR,ERR,ERR,ERR,ERR,ERR,ERR,ERR,ERR,ERR,ERR,ERR,ERR,ERR,ERR,ERR,ERR,ERR,ERR,ERR,ERR,ERR,ERR,ERR,ERR,ERR,ERR,ERR,ERR,ERR,ERR,ERR,ERR,ERR,ERR,ERR,ERR,ERR,ERR,ERR,ERR,ERR,ERR,ERR,ERR,ERR,ERR,ERR,ERR,ERR,ERR,ERR,ERR,ERR,ERR,ERR,ERR,ERR,ERR,ERR,ERR,ERR,ERR,ERR,34.0,80.0,35,0.0,0.0,0.0,0.0,0.0,0.0,0.0,0.0,0.0,0.0,0.0,0.0,0.0,0.0,0.0,0.0,64.4,0,117,56,50,65476,0,300,0,0,8,20529,65476,0,0,57672,80.0,0.0,0.0,0.0,0.0,0.0
2026-06-17T04:11:14,ERR,ERR,ERR,ERR,ERR,ERR,ERR,ERR,ERR,ERR,ERR,ERR,ERR,ERR,ERR,ERR,ERR,ERR,ERR,ERR,ERR,ERR,ERR,ERR,ERR,ERR,ERR,ERR,ERR,ERR,ERR,ERR,ERR,ERR,ERR,ERR,ERR,ERR,ERR,ERR,ERR,ERR,ERR,ERR,ERR,ERR,ERR,ERR,ERR,ERR,ERR,ERR,ERR,ERR,ERR,ERR,ERR,ERR,ERR,ERR,ERR,ERR,ERR,ERR,ERR,ERR,ERR,ERR,ERR,ERR,ERR,ERR,ERR,ERR,ERR,ERR,ERR,ERR,ERR,ERR,ERR,ERR,ERR,ERR,ERR,ERR,ERR,ERR,ERR,ERR,ERR,ERR,ERR,ERR,ERR,ERR,ERR,ERR,ERR,ERR,ERR,ERR,ERR,ERR,ERR,ERR,ERR,ERR,ERR,ERR,ERR,ERR,ERR,ERR,ERR,ERR,ERR,ERR,ERR,ERR,ERR,ERR,ERR,ERR,ERR,0.0,0.0,2.6474777903227054e+23,0.0,0.0,1.3936040501711995e+18,7.805,0.0,0,0,4,0,7300,-0.0,0,0.0,0.0,0.0,0.0,0.0,0,0,0,0,0.0,0,0,0,0,0,0,0,0,0,0,0,0,0,0,0,0,0,0,0,0,0,0,0,0,0,0,0,0,0,0,0,0,0,32,30,30,62,65476,0,300,0,0,8,21553,0.0,-107605600.0,0.0,0.0,0.0,0.0,0.0,0.0,0.0,0.0,0.0,0.0,0.0,0.0,0.0,0.0,0.0,0.0,0.0,0.0,0.0,0.0,2.004,2.004,-0.0,2.004,0.0,0.0,0.0,0.0,5493.0,0.0,6946.0,0.0,0.0,-107615280.0,0.0,0.0,0.0,0.0,0.0,63,-0.0,-4.9504084813611264e+32,0.0,0.0,0.0,0.0,0.0,0.0,0.0,0,0,0,0.0,0.0,0.0,0.0,0.0,0.0,0.0,0.0,0.0,0.0,0.0,0.0,0.0,0.0,0.0,0.0,0,-107875648.0,63,0.0,126,2.7184242562605685e+23,-0.0,ERR,ERR,ERR,ERR,ERR,ERR,ERR,ERR,ERR,ERR,ERR,ERR,ERR,ERR,ERR,ERR,ERR,ERR,ERR,ERR,ERR,ERR,ERR,ERR,ERR,ERR,ERR,ERR,ERR,ERR,ERR,ERR,ERR,ERR,ERR,ERR,ERR,ERR,ERR,ERR,ERR,ERR,ERR,ERR,ERR,ERR,ERR,ERR,ERR,ERR,ERR,ERR,ERR,ERR,ERR,ERR,ERR,ERR,ERR,ERR,ERR,ERR,ERR,ERR,ERR,ERR,ERR,34.0,80.0,35,0.0,0.0,0.0,0.0,0.0,0.0,0.0,0.0,0.0,0.0,0.0,0.0,0.0,0.0,0.0,0.0,64.4,0,117,56,50,65476,0,300,0,0,8,20529,65476,0,0,57672,80.0,0.0,0.0,0.0,0.0,0.0
2026-06-17T04:11:15,ERR,ERR,ERR,ERR,ERR,ERR,ERR,ERR,ERR,ERR,ERR,ERR,ERR,ERR,ERR,ERR,ERR,ERR,ERR,ERR,ERR,ERR,ERR,ERR,ERR,ERR,ERR,ERR,ERR,ERR,ERR,ERR,ERR,ERR,ERR,ERR,ERR,ERR,ERR,ERR,ERR,ERR,ERR,ERR,ERR,ERR,ERR,ERR,ERR,ERR,ERR,ERR,ERR,ERR,ERR,ERR,ERR,ERR,ERR,ERR,ERR,ERR,ERR,ERR,ERR,ERR,ERR,ERR,ERR,ERR,ERR,ERR,ERR,ERR,ERR,ERR,ERR,ERR,ERR,ERR,ERR,ERR,ERR,ERR,ERR,ERR,ERR,ERR,ERR,ERR,ERR,ERR,ERR,ERR,ERR,ERR,ERR,ERR,ERR,ERR,ERR,ERR,ERR,ERR,ERR,ERR,ERR,ERR,ERR,ERR,ERR,ERR,ERR,ERR,ERR,ERR,ERR,ERR,ERR,ERR,ERR,ERR,ERR,ERR,ERR,0.0,0.0,2.6474777903227054e+23,0.0,0.0,1.3936040501711995e+18,7.805,0.0,0,0,4,0,7300,-0.0,0,0.0,0.0,0.0,0.0,0.0,0,0,0,0,0.0,0,0,0,0,0,0,0,0,0,0,0,0,0,0,0,0,0,0,0,0,0,0,0,0,0,0,0,0,0,0,0,0,0,32,30,30,62,65476,0,300,0,0,8,21553,0.0,-107605600.0,0.0,0.0,0.0,0.0,0.0,0.0,0.0,0.0,0.0,0.0,0.0,0.0,0.0,0.0,0.0,0.0,0.0,0.0,0.0,0.0,2.004,2.004,-0.0,2.004,0.0,0.0,0.0,0.0,5493.0,0.0,6946.0,0.0,0.0,-107615280.0,0.0,0.0,0.0,0.0,0.0,63,-0.0,-4.9504084813611264e+32,0.0,0.0,0.0,0.0,0.0,0.0,0.0,0,0,0,0.0,0.0,0.0,0.0,0.0,0.0,0.0,0.0,0.0,0.0,0.0,0.0,0.0,0.0,0.0,0.0,0,-107875648.0,63,0.0,126,2.7184242562605685e+23,-0.0,ERR,ERR,ERR,ERR,ERR,ERR,ERR,ERR,ERR,ERR,ERR,ERR,ERR,ERR,ERR,ERR,ERR,ERR,ERR,ERR,ERR,ERR,ERR,ERR,ERR,ERR,ERR,ERR,ERR,ERR,ERR,ERR,ERR,ERR,ERR,ERR,ERR,ERR,ERR,ERR,ERR,ERR,ERR,ERR,ERR,ERR,ERR,ERR,ERR,ERR,ERR,ERR,ERR,ERR,ERR,ERR,ERR,ERR,ERR,ERR,ERR,ERR,ERR,ERR,ERR,ERR,ERR,34.0,80.0,35,0.0,0.0,0.0,0.0,0.0,0.0,0.0,0.0,0.0,0.0,0.0,0.0,0.0,0.0,0.0,0.0,64.4,0,117,56,50,65476,0,300,0,0,8,20529,65476,0,0,57672,80.0,0.0,0.0,0.0,0.0,0.0
2026-06-17T04:11:16,ERR,ERR,ERR,ERR,ERR,ERR,ERR,ERR,ERR,ERR,ERR,ERR,ERR,ERR,ERR,ERR,ERR,ERR,ERR,ERR,ERR,ERR,ERR,ERR,ERR,ERR,ERR,ERR,ERR,ERR,ERR,ERR,ERR,ERR,ERR,ERR,ERR,ERR,ERR,ERR,ERR,ERR,ERR,ERR,ERR,ERR,ERR,ERR,ERR,ERR,ERR,ERR,ERR,ERR,ERR,ERR,ERR,ERR,ERR,ERR,ERR,ERR,ERR,ERR,ERR,ERR,ERR,ERR,ERR,ERR,ERR,ERR,ERR,ERR,ERR,ERR,ERR,ERR,ERR,ERR,ERR,ERR,ERR,ERR,ERR,ERR,ERR,ERR,ERR,ERR,ERR,ERR,ERR,ERR,ERR,ERR,ERR,ERR,ERR,ERR,ERR,ERR,ERR,ERR,ERR,ERR,ERR,ERR,ERR,ERR,ERR,ERR,ERR,ERR,ERR,ERR,ERR,ERR,ERR,ERR,ERR,ERR,ERR,ERR,ERR,0.0,0.0,0.0,0.0,0.0,1.3936040501711995e+18,7.805,0.0,0,0,4,0,7300,-0.0,0,0.0,0.0,0.0,0.0,0.0,0,0,0,0,0.0,0,0,0,0,0,0,0,0,0,0,0,0,0,0,0,0,0,0,0,0,0,0,0,0,0,0,0,0,0,0,0,0,0,32,30,30,62,65476,0,300,0,0,8,21553,0.0,-107605600.0,0.0,0.0,0.0,0.0,0.0,0.0,0.0,0.0,0.0,0.0,0.0,0.0,0.0,0.0,0.0,0.0,0.0,0.0,0.0,0.0,2.004,2.004,-0.0,2.004,0.0,0.0,0.0,0.0,5461.0,-8608196608.0,6970.0,0.0,0.0,-107615280.0,0.0,0.0,0.0,0.0,0.0,63,-0.0,-0.0,0.0,0.0,0.0,0.0,0.0,0.0,0.0,0,0,0,0.0,0.0,0.0,0.0,0.0,0.0,0.0,0.0,0.0,0.0,0.0,0.0,0.0,0.0,0.0,0.0,0,-107875648.0,63,0.0,126,2.7184242562605685e+23,-0.0,ERR,ERR,ERR,ERR,ERR,ERR,ERR,ERR,ERR,ERR,ERR,ERR,ERR,ERR,ERR,ERR,ERR,ERR,ERR,ERR,ERR,ERR,ERR,ERR,ERR,ERR,ERR,ERR,ERR,ERR,ERR,ERR,ERR,ERR,ERR,ERR,ERR,ERR,ERR,ERR,ERR,ERR,ERR,ERR,ERR,ERR,ERR,ERR,ERR,ERR,ERR,ERR,ERR,ERR,ERR,ERR,ERR,ERR,ERR,ERR,ERR,ERR,ERR,ERR,ERR,ERR,ERR,34.0,80.0,35,0.0,0.0,0.0,0.0,0.0,0.0,0.0,0.0,0.0,0.0,0.0,0.0,0.0,0.0,0.0,0.0,64.4,0,117,56,50,65476,0,300,0,0,8,20529,65476,0,0,57672,80.0,0.0,0.0,0.0,0.0,0.0
2026-06-17T04:11:17,ERR,ERR,ERR,ERR,ERR,ERR,ERR,ERR,ERR,ERR,ERR,ERR,ERR,ERR,ERR,ERR,ERR,ERR,ERR,ERR,ERR,ERR,ERR,ERR,ERR,ERR,ERR,ERR,ERR,ERR,ERR,ERR,ERR,ERR,ERR,ERR,ERR,ERR,ERR,ERR,ERR,ERR,ERR,ERR,ERR,ERR,ERR,ERR,ERR,ERR,ERR,ERR,ERR,ERR,ERR,ERR,ERR,ERR,ERR,ERR,ERR,ERR,ERR,ERR,ERR,ERR,ERR,ERR,ERR,ERR,ERR,ERR,ERR,ERR,ERR,ERR,ERR,ERR,ERR,ERR,ERR,ERR,ERR,ERR,ERR,ERR,ERR,ERR,ERR,ERR,ERR,ERR,ERR,ERR,ERR,ERR,ERR,ERR,ERR,ERR,ERR,ERR,ERR,ERR,ERR,ERR,ERR,ERR,ERR,ERR,ERR,ERR,ERR,ERR,ERR,ERR,ERR,ERR,ERR,ERR,ERR,ERR,ERR,ERR,ERR,0.0,0.0,0.0,0.0,0.0,1.3936040501711995e+18,7.805,0.0,0,0,4,0,7300,-0.0,0,0.0,0.0,0.0,0.0,0.0,0,0,0,0,0.0,0,0,0,0,0,0,0,0,0,0,0,0,0,0,0,0,0,0,0,0,0,0,0,0,0,0,0,0,0,0,0,0,0,32,30,30,62,65476,0,300,0,0,8,21553,0.0,-107605600.0,0.0,0.0,0.0,0.0,0.0,0.0,0.0,0.0,0.0,0.0,0.0,0.0,0.0,0.0,0.0,0.0,0.0,0.0,0.0,0.0,2.004,2.004,-0.0,2.004,0.0,0.0,0.0,0.0,5461.0,-8608196608.0,6970.0,0.0,0.0,-107615280.0,0.0,0.0,0.0,0.0,0.0,63,-0.0,-0.0,0.0,0.0,0.0,0.0,0.0,0.0,0.0,0,0,0,0.0,0.0,0.0,0.0,0.0,0.0,0.0,0.0,0.0,0.0,0.0,0.0,0.0,0.0,0.0,0.0,0,-107875648.0,63,0.0,126,2.7184242562605685e+23,-0.0,ERR,ERR,ERR,ERR,ERR,ERR,ERR,ERR,ERR,ERR,ERR,ERR,ERR,ERR,ERR,ERR,ERR,ERR,ERR,ERR,ERR,ERR,ERR,ERR,ERR,ERR,ERR,ERR,ERR,ERR,ERR,ERR,ERR,ERR,ERR,ERR,ERR,ERR,ERR,ERR,ERR,ERR,ERR,ERR,ERR,ERR,ERR,ERR,ERR,ERR,ERR,ERR,ERR,ERR,ERR,ERR,ERR,ERR,ERR,ERR,ERR,ERR,ERR,ERR,ERR,ERR,ERR,34.0,80.0,35,0.0,0.0,0.0,0.0,0.0,0.0,0.0,0.0,0.0,0.0,0.0,0.0,0.0,0.0,0.0,0.0,64.4,0,117,56,50,65476,0,300,0,0,8,20529,65476,0,0,57672,80.0,0.0,0.0,0.0,0.0,0.0
2026-06-17T04:11:18,ERR,ERR,ERR,ERR,ERR,ERR,ERR,ERR,ERR,ERR,ERR,ERR,ERR,ERR,ERR,ERR,ERR,ERR,ERR,ERR,ERR,ERR,ERR,ERR,ERR,ERR,ERR,ERR,ERR,ERR,ERR,ERR,ERR,ERR,ERR,ERR,ERR,ERR,ERR,ERR,ERR,ERR,ERR,ERR,ERR,ERR,ERR,ERR,ERR,ERR,ERR,ERR,ERR,ERR,ERR,ERR,ERR,ERR,ERR,ERR,ERR,ERR,ERR,ERR,ERR,ERR,ERR,ERR,ERR,ERR,ERR,ERR,ERR,ERR,ERR,ERR,ERR,ERR,ERR,ERR,ERR,ERR,ERR,ERR,ERR,ERR,ERR,ERR,ERR,ERR,ERR,ERR,ERR,ERR,ERR,ERR,ERR,ERR,ERR,ERR,ERR,ERR,ERR,ERR,ERR,ERR,ERR,ERR,ERR,ERR,ERR,ERR,ERR,ERR,ERR,ERR,ERR,ERR,ERR,ERR,ERR,ERR,ERR,ERR,ERR,0.0,0.0,0.0,0.0,0.0,1.3936040501711995e+18,7.805,0.0,0,0,4,0,7300,-0.0,0,0.0,0.0,0.0,0.0,0.0,0,0,0,0,0.0,0,0,0,0,0,0,0,0,0,0,0,0,0,0,0,0,0,0,0,0,0,0,0,0,0,0,0,0,0,0,0,0,0,32,30,30,62,65476,0,300,0,0,8,21553,0.0,-107605600.0,0.0,0.0,0.0,0.0,0.0,0.0,0.0,0.0,0.0,0.0,0.0,0.0,0.0,0.0,0.0,0.0,0.0,0.0,0.0,0.0,2.004,2.004,-0.0,2.004,0.0,0.0,0.0,0.0,5461.0,-8608196608.0,6970.0,0.0,0.0,-107615280.0,0.0,0.0,0.0,0.0,0.0,63,-0.0,-0.0,0.0,0.0,0.0,0.0,0.0,0.0,0.0,0,0,0,0.0,0.0,0.0,0.0,0.0,0.0,0.0,0.0,0.0,0.0,0.0,0.0,0.0,0.0,0.0,0.0,0,-107875648.0,63,0.0,126,2.7184242562605685e+23,-0.0,ERR,ERR,ERR,ERR,ERR,ERR,ERR,ERR,ERR,ERR,ERR,ERR,ERR,ERR,ERR,ERR,ERR,ERR,ERR,ERR,ERR,ERR,ERR,ERR,ERR,ERR,ERR,ERR,ERR,ERR,ERR,ERR,ERR,ERR,ERR,ERR,ERR,ERR,ERR,ERR,ERR,ERR,ERR,ERR,ERR,ERR,ERR,ERR,ERR,ERR,ERR,ERR,ERR,ERR,ERR,ERR,ERR,ERR,ERR,ERR,ERR,ERR,ERR,ERR,ERR,ERR,ERR,34.0,80.0,35,0.0,0.0,0.0,0.0,0.0,0.0,0.0,0.0,0.0,0.0,0.0,0.0,0.0,0.0,0.0,0.0,64.4,0,117,56,50,65476,0,300,0,0,8,20529,65476,0,0,57672,80.0,0.0,0.0,0.0,0.0,0.0
2026-06-17T04:11:19,ERR,ERR,ERR,ERR,ERR,ERR,ERR,ERR,ERR,ERR,ERR,ERR,ERR,ERR,ERR,ERR,ERR,ERR,ERR,ERR,ERR,ERR,ERR,ERR,ERR,ERR,ERR,ERR,ERR,ERR,ERR,ERR,ERR,ERR,ERR,ERR,ERR,ERR,ERR,ERR,ERR,ERR,ERR,ERR,ERR,ERR,ERR,ERR,ERR,ERR,ERR,ERR,ERR,ERR,ERR,ERR,ERR,ERR,ERR,ERR,ERR,ERR,ERR,ERR,ERR,ERR,ERR,ERR,ERR,ERR,ERR,ERR,ERR,ERR,ERR,ERR,ERR,ERR,ERR,ERR,ERR,ERR,ERR,ERR,ERR,ERR,ERR,ERR,ERR,ERR,ERR,ERR,ERR,ERR,ERR,ERR,ERR,ERR,ERR,ERR,ERR,ERR,ERR,ERR,ERR,ERR,ERR,ERR,ERR,ERR,ERR,ERR,ERR,ERR,ERR,ERR,ERR,ERR,ERR,ERR,ERR,ERR,ERR,ERR,ERR,0.0,0.0,0.0,0.0,0.0,1.3936040501711995e+18,7.805,0.0,0,0,4,0,7300,-0.0,0,0.0,0.0,0.0,0.0,0.0,0,0,0,0,0.0,0,0,0,0,0,0,0,0,0,0,0,0,0,0,0,0,0,0,0,0,0,0,0,0,0,0,0,0,0,0,0,0,0,32,30,30,62,65476,0,300,0,0,8,21553,0.0,-107605600.0,0.0,0.0,0.0,0.0,0.0,0.0,0.0,0.0,0.0,0.0,0.0,0.0,0.0,0.0,0.0,0.0,0.0,0.0,0.0,0.0,2.004,2.004,-0.0,2.004,0.0,0.0,0.0,0.0,5461.0,-8608196608.0,6970.0,0.0,0.0,-107615280.0,0.0,0.0,0.0,0.0,0.0,63,-0.0,-0.0,0.0,0.0,0.0,0.0,0.0,0.0,0.0,0,0,0,0.0,0.0,0.0,0.0,0.0,0.0,0.0,0.0,0.0,0.0,0.0,0.0,0.0,0.0,0.0,0.0,0,-107875648.0,63,0.0,126,2.7184242562605685e+23,-0.0,ERR,ERR,ERR,ERR,ERR,ERR,ERR,ERR,ERR,ERR,ERR,ERR,ERR,ERR,ERR,ERR,ERR,ERR,ERR,ERR,ERR,ERR,ERR,ERR,ERR,ERR,ERR,ERR,ERR,ERR,ERR,ERR,ERR,ERR,ERR,ERR,ERR,ERR,ERR,ERR,ERR,ERR,ERR,ERR,ERR,ERR,ERR,ERR,ERR,ERR,ERR,ERR,ERR,ERR,ERR,ERR,ERR,ERR,ERR,ERR,ERR,ERR,ERR,ERR,ERR,ERR,ERR,34.0,80.0,35,0.0,0.0,0.0,0.0,0.0,0.0,0.0,0.0,0.0,0.0,0.0,0.0,0.0,0.0,0.0,0.0,64.4,0,117,56,50,65476,0,300,0,0,8,20529,65476,0,0,57672,80.0,0.0,0.0,0.0,0.0,0.0
2026-06-17T04:11:20,ERR,ERR,ERR,ERR,ERR,ERR,ERR,ERR,ERR,ERR,ERR,ERR,ERR,ERR,ERR,ERR,ERR,ERR,ERR,ERR,ERR,ERR,ERR,ERR,ERR,ERR,ERR,ERR,ERR,ERR,ERR,ERR,ERR,ERR,ERR,ERR,ERR,ERR,ERR,ERR,ERR,ERR,ERR,ERR,ERR,ERR,ERR,ERR,ERR,ERR,ERR,ERR,ERR,ERR,ERR,ERR,ERR,ERR,ERR,ERR,ERR,ERR,ERR,ERR,ERR,ERR,ERR,ERR,ERR,ERR,ERR,ERR,ERR,ERR,ERR,ERR,ERR,ERR,ERR,ERR,ERR,ERR,ERR,ERR,ERR,ERR,ERR,ERR,ERR,ERR,ERR,ERR,ERR,ERR,ERR,ERR,ERR,ERR,ERR,ERR,ERR,ERR,ERR,ERR,ERR,ERR,ERR,ERR,ERR,ERR,ERR,ERR,ERR,ERR,ERR,ERR,ERR,ERR,ERR,ERR,ERR,ERR,ERR,ERR,ERR,0.0,0.0,0.0,0.0,0.0,1.3936040501711995e+18,7.805,0.0,0,0,4,0,7300,-0.0,0,0.0,0.0,0.0,0.0,0.0,0,0,0,0,0.0,0,0,0,0,0,0,0,0,0,0,0,0,0,0,0,0,0,0,0,0,0,0,0,0,0,0,0,0,0,0,0,0,0,32,30,30,62,65476,0,300,0,0,8,21553,0.0,-107605600.0,0.0,0.0,0.0,0.0,0.0,0.0,0.0,0.0,0.0,0.0,0.0,0.0,0.0,0.0,0.0,0.0,0.0,0.0,0.0,0.0,2.004,2.004,-0.0,2.004,0.0,0.0,0.0,0.0,5461.0,-8608196608.0,6970.0,0.0,0.0,-107615280.0,0.0,0.0,0.0,0.0,0.0,63,-0.0,-0.0,0.0,0.0,0.0,0.0,0.0,0.0,0.0,0,0,0,0.0,0.0,0.0,0.0,0.0,0.0,0.0,0.0,0.0,0.0,0.0,0.0,0.0,0.0,0.0,0.0,0,-107875648.0,63,0.0,126,2.7184242562605685e+23,-0.0,ERR,ERR,ERR,ERR,ERR,ERR,ERR,ERR,ERR,ERR,ERR,ERR,ERR,ERR,ERR,ERR,ERR,ERR,ERR,ERR,ERR,ERR,ERR,ERR,ERR,ERR,ERR,ERR,ERR,ERR,ERR,ERR,ERR,ERR,ERR,ERR,ERR,ERR,ERR,ERR,ERR,ERR,ERR,ERR,ERR,ERR,ERR,ERR,ERR,ERR,ERR,ERR,ERR,ERR,ERR,ERR,ERR,ERR,ERR,ERR,ERR,ERR,ERR,ERR,ERR,ERR,ERR,34.0,80.0,35,0.0,0.0,0.0,0.0,0.0,0.0,0.0,0.0,0.0,0.0,0.0,0.0,0.0,0.0,0.0,0.0,64.4,0,117,56,50,65476,0,300,0,0,8,20529,65476,0,0,57672,80.0,0.0,0.0,0.0,0.0,0.0
2026-06-17T04:11:21,ERR,ERR,ERR,ERR,ERR,ERR,ERR,ERR,ERR,ERR,ERR,ERR,ERR,ERR,ERR,ERR,ERR,ERR,ERR,ERR,ERR,ERR,ERR,ERR,ERR,ERR,ERR,ERR,ERR,ERR,ERR,ERR,ERR,ERR,ERR,ERR,ERR,ERR,ERR,ERR,ERR,ERR,ERR,ERR,ERR,ERR,ERR,ERR,ERR,ERR,ERR,ERR,ERR,ERR,ERR,ERR,ERR,ERR,ERR,ERR,ERR,ERR,ERR,ERR,ERR,ERR,ERR,ERR,ERR,ERR,ERR,ERR,ERR,ERR,ERR,ERR,ERR,ERR,ERR,ERR,ERR,ERR,ERR,ERR,ERR,ERR,ERR,ERR,ERR,ERR,ERR,ERR,ERR,ERR,ERR,ERR,ERR,ERR,ERR,ERR,ERR,ERR,ERR,ERR,ERR,ERR,ERR,ERR,ERR,ERR,ERR,ERR,ERR,ERR,ERR,ERR,ERR,ERR,ERR,ERR,ERR,ERR,ERR,ERR,ERR,0.0,0.0,0.0,0.0,0.0,1.3936040501711995e+18,7.805,0.0,0,0,4,0,7300,-0.0,0,0.0,0.0,0.0,0.0,0.0,0,0,0,0,0.0,0,0,0,0,0,0,0,0,0,0,0,0,0,0,0,0,0,0,0,0,0,0,0,0,0,0,0,0,0,0,0,0,0,32,30,30,62,65476,0,300,0,0,8,21553,0.0,-107605600.0,0.0,0.0,0.0,0.0,0.0,0.0,0.0,0.0,0.0,0.0,0.0,0.0,0.0,0.0,0.0,0.0,0.0,0.0,0.0,0.0,2.004,2.004,-0.0,2.004,0.0,0.0,0.0,0.0,5460.0,-3.697192290889813e+19,6972.0,0.0,0.0,-107615280.0,0.0,0.0,0.0,0.0,0.0,63,-0.0,-0.0,0.0,0.0,0.0,0.0,0.0,0.0,0.0,0,0,0,0.0,0.0,0.0,0.0,0.0,0.0,0.0,0.0,0.0,0.0,0.0,0.0,0.0,0.0,0.0,0.0,0,-107875648.0,63,0.0,126,2.7184242562605685e+23,-0.0,ERR,ERR,ERR,ERR,ERR,ERR,ERR,ERR,ERR,ERR,ERR,ERR,ERR,ERR,ERR,ERR,ERR,ERR,ERR,ERR,ERR,ERR,ERR,ERR,ERR,ERR,ERR,ERR,ERR,ERR,ERR,ERR,ERR,ERR,ERR,ERR,ERR,ERR,ERR,ERR,ERR,ERR,ERR,ERR,ERR,ERR,ERR,ERR,ERR,ERR,ERR,ERR,ERR,ERR,ERR,ERR,ERR,ERR,ERR,ERR,ERR,ERR,ERR,ERR,ERR,ERR,ERR,34.0,80.0,35,0.0,0.0,0.0,0.0,0.0,0.0,0.0,0.0,0.0,0.0,0.0,0.0,0.0,0.0,0.0,0.0,64.4,0,117,56,50,65476,0,300,0,0,8,20529,65476,0,0,57672,80.0,0.0,0.0,0.0,0.0,0.0
2026-06-17T04:11:22,ERR,ERR,ERR,ERR,ERR,ERR,ERR,ERR,ERR,ERR,ERR,ERR,ERR,ERR,ERR,ERR,ERR,ERR,ERR,ERR,ERR,ERR,ERR,ERR,ERR,ERR,ERR,ERR,ERR,ERR,ERR,ERR,ERR,ERR,ERR,ERR,ERR,ERR,ERR,ERR,ERR,ERR,ERR,ERR,ERR,ERR,ERR,ERR,ERR,ERR,ERR,ERR,ERR,ERR,ERR,ERR,ERR,ERR,ERR,ERR,ERR,ERR,ERR,ERR,ERR,ERR,ERR,ERR,ERR,ERR,ERR,ERR,ERR,ERR,ERR,ERR,ERR,ERR,ERR,ERR,ERR,ERR,ERR,ERR,ERR,ERR,ERR,ERR,ERR,ERR,ERR,ERR,ERR,ERR,ERR,ERR,ERR,ERR,ERR,ERR,ERR,ERR,ERR,ERR,ERR,ERR,ERR,ERR,ERR,ERR,ERR,ERR,ERR,ERR,ERR,ERR,ERR,ERR,ERR,ERR,ERR,ERR,ERR,ERR,ERR,0.0,0.0,0.0,0.0,0.0,1.3936040501711995e+18,7.805,0.0,0,0,4,0,7300,-0.0,0,0.0,0.0,0.0,0.0,0.0,0,0,0,0,0.0,0,0,0,0,0,0,0,0,0,0,0,0,0,0,0,0,0,0,0,0,0,0,0,0,0,0,0,0,0,0,0,0,0,32,30,30,62,65476,0,300,0,0,8,21553,0.0,-107605600.0,0.0,0.0,0.0,0.0,0.0,0.0,0.0,0.0,0.0,0.0,0.0,0.0,0.0,0.0,0.0,0.0,0.0,0.0,0.0,0.0,2.004,2.004,-0.0,2.004,0.0,0.0,0.0,0.0,5460.0,-3.697192290889813e+19,6972.0,0.0,0.0,-107615280.0,0.0,0.0,0.0,0.0,0.0,63,-0.0,-0.0,0.0,0.0,0.0,0.0,0.0,0.0,0.0,0,0,0,0.0,0.0,0.0,0.0,0.0,0.0,0.0,0.0,0.0,0.0,0.0,0.0,0.0,0.0,0.0,0.0,0,-107875648.0,63,0.0,126,2.7184242562605685e+23,-0.0,ERR,ERR,ERR,ERR,ERR,ERR,ERR,ERR,ERR,ERR,ERR,ERR,ERR,ERR,ERR,ERR,ERR,ERR,ERR,ERR,ERR,ERR,ERR,ERR,ERR,ERR,ERR,ERR,ERR,ERR,ERR,ERR,ERR,ERR,ERR,ERR,ERR,ERR,ERR,ERR,ERR,ERR,ERR,ERR,ERR,ERR,ERR,ERR,ERR,ERR,ERR,ERR,ERR,ERR,ERR,ERR,ERR,ERR,ERR,ERR,ERR,ERR,ERR,ERR,ERR,ERR,ERR,34.0,80.0,35,0.0,0.0,0.0,0.0,0.0,0.0,0.0,0.0,0.0,0.0,0.0,0.0,0.0,0.0,0.0,0.0,64.4,0,117,56,50,65476,0,300,0,0,8,20529,65476,0,0,57672,80.0,0.0,0.0,0.0,0.0,0.0
2026-06-17T04:11:23,ERR,ERR,ERR,ERR,ERR,ERR,ERR,ERR,ERR,ERR,ERR,ERR,ERR,ERR,ERR,ERR,ERR,ERR,ERR,ERR,ERR,ERR,ERR,ERR,ERR,ERR,ERR,ERR,ERR,ERR,ERR,ERR,ERR,ERR,ERR,ERR,ERR,ERR,ERR,ERR,ERR,ERR,ERR,ERR,ERR,ERR,ERR,ERR,ERR,ERR,ERR,ERR,ERR,ERR,ERR,ERR,ERR,ERR,ERR,ERR,ERR,ERR,ERR,ERR,ERR,ERR,ERR,ERR,ERR,ERR,ERR,ERR,ERR,ERR,ERR,ERR,ERR,ERR,ERR,ERR,ERR,ERR,ERR,ERR,ERR,ERR,ERR,ERR,ERR,ERR,ERR,ERR,ERR,ERR,ERR,ERR,ERR,ERR,ERR,ERR,ERR,ERR,ERR,ERR,ERR,ERR,ERR,ERR,ERR,ERR,ERR,ERR,ERR,ERR,ERR,ERR,ERR,ERR,ERR,ERR,ERR,ERR,ERR,ERR,ERR,0.0,0.0,0.0,0.0,0.0,1.3936040501711995e+18,7.805,0.0,0,0,4,0,7300,-0.0,0,0.0,0.0,0.0,0.0,0.0,0,0,0,0,0.0,0,0,0,0,0,0,0,0,0,0,0,0,0,0,0,0,0,0,0,0,0,0,0,0,0,0,0,0,0,0,0,0,0,32,30,30,62,65476,0,300,0,0,8,21553,0.0,-107605600.0,0.0,0.0,0.0,0.0,0.0,0.0,0.0,0.0,0.0,0.0,0.0,0.0,0.0,0.0,0.0,0.0,0.0,0.0,0.0,0.0,2.004,2.004,-0.0,2.004,0.0,0.0,0.0,0.0,5460.0,-3.697192290889813e+19,6972.0,0.0,0.0,-107615280.0,0.0,0.0,0.0,0.0,0.0,63,-0.0,-0.0,0.0,0.0,0.0,0.0,0.0,0.0,0.0,0,0,0,0.0,0.0,0.0,0.0,0.0,0.0,0.0,0.0,0.0,0.0,0.0,0.0,0.0,0.0,0.0,0.0,0,-107875648.0,63,0.0,126,2.7184242562605685e+23,-0.0,ERR,ERR,ERR,ERR,ERR,ERR,ERR,ERR,ERR,ERR,ERR,ERR,ERR,ERR,ERR,ERR,ERR,ERR,ERR,ERR,ERR,ERR,ERR,ERR,ERR,ERR,ERR,ERR,ERR,ERR,ERR,ERR,ERR,ERR,ERR,ERR,ERR,ERR,ERR,ERR,ERR,ERR,ERR,ERR,ERR,ERR,ERR,ERR,ERR,ERR,ERR,ERR,ERR,ERR,ERR,ERR,ERR,ERR,ERR,ERR,ERR,ERR,ERR,ERR,ERR,ERR,ERR,34.0,80.0,35,0.0,0.0,0.0,0.0,0.0,0.0,0.0,0.0,0.0,0.0,0.0,0.0,0.0,0.0,0.0,0.0,64.4,0,117,56,50,65476,0,300,0,0,8,20529,65476,0,0,57672,80.0,0.0,0.0,0.0,0.0,0.0
2026-06-17T04:11:24,ERR,ERR,ERR,ERR,ERR,ERR,ERR,ERR,ERR,ERR,ERR,ERR,ERR,ERR,ERR,ERR,ERR,ERR,ERR,ERR,ERR,ERR,ERR,ERR,ERR,ERR,ERR,ERR,ERR,ERR,ERR,ERR,ERR,ERR,ERR,ERR,ERR,ERR,ERR,ERR,ERR,ERR,ERR,ERR,ERR,ERR,ERR,ERR,ERR,ERR,ERR,ERR,ERR,ERR,ERR,ERR,ERR,ERR,ERR,ERR,ERR,ERR,ERR,ERR,ERR,ERR,ERR,ERR,ERR,ERR,ERR,ERR,ERR,ERR,ERR,ERR,ERR,ERR,ERR,ERR,ERR,ERR,ERR,ERR,ERR,ERR,ERR,ERR,ERR,ERR,ERR,ERR,ERR,ERR,ERR,ERR,ERR,ERR,ERR,ERR,ERR,ERR,ERR,ERR,ERR,ERR,ERR,ERR,ERR,ERR,ERR,ERR,ERR,ERR,ERR,ERR,ERR,ERR,ERR,ERR,ERR,ERR,ERR,ERR,ERR,0.0,0.0,0.0,0.0,0.0,1.3936040501711995e+18,7.805,0.0,0,0,4,0,7300,-0.0,0,0.0,0.0,0.0,0.0,0.0,0,0,0,0,0.0,0,0,0,0,0,0,0,0,0,0,0,0,0,0,0,0,0,0,0,0,0,0,0,0,0,0,0,0,0,0,0,0,0,32,30,30,62,65476,0,300,0,0,8,21553,0.0,-107605600.0,0.0,0.0,0.0,0.0,0.0,0.0,0.0,0.0,0.0,0.0,0.0,0.0,0.0,0.0,0.0,0.0,0.0,0.0,0.0,0.0,2.004,2.004,-0.0,2.004,0.0,0.0,0.0,0.0,5460.0,-3.697192290889813e+19,6972.0,0.0,0.0,-107615280.0,0.0,0.0,0.0,0.0,0.0,63,-0.0,-0.0,0.0,0.0,0.0,0.0,0.0,0.0,0.0,0,0,0,0.0,0.0,0.0,0.0,0.0,0.0,0.0,0.0,0.0,0.0,0.0,0.0,0.0,0.0,0.0,0.0,0,-107875648.0,63,0.0,126,2.7184242562605685e+23,-0.0,ERR,ERR,ERR,ERR,ERR,ERR,ERR,ERR,ERR,ERR,ERR,ERR,ERR,ERR,ERR,ERR,ERR,ERR,ERR,ERR,ERR,ERR,ERR,ERR,ERR,ERR,ERR,ERR,ERR,ERR,ERR,ERR,ERR,ERR,ERR,ERR,ERR,ERR,ERR,ERR,ERR,ERR,ERR,ERR,ERR,ERR,ERR,ERR,ERR,ERR,ERR,ERR,ERR,ERR,ERR,ERR,ERR,ERR,ERR,ERR,ERR,ERR,ERR,ERR,ERR,ERR,ERR,34.0,80.0,35,0.0,0.0,0.0,0.0,0.0,0.0,0.0,0.0,0.0,0.0,0.0,0.0,0.0,0.0,0.0,0.0,64.4,0,117,56,50,65476,0,300,0,0,8,20529,65476,0,0,57672,80.0,0.0,0.0,0.0,0.0,0.0
2026-06-17T04:11:25,ERR,ERR,ERR,ERR,ERR,ERR,ERR,ERR,ERR,ERR,ERR,ERR,ERR,ERR,ERR,ERR,ERR,ERR,ERR,ERR,ERR,ERR,ERR,ERR,ERR,ERR,ERR,ERR,ERR,ERR,ERR,ERR,ERR,ERR,ERR,ERR,ERR,ERR,ERR,ERR,ERR,ERR,ERR,ERR,ERR,ERR,ERR,ERR,ERR,ERR,ERR,ERR,ERR,ERR,ERR,ERR,ERR,ERR,ERR,ERR,ERR,ERR,ERR,ERR,ERR,ERR,ERR,ERR,ERR,ERR,ERR,ERR,ERR,ERR,ERR,ERR,ERR,ERR,ERR,ERR,ERR,ERR,ERR,ERR,ERR,ERR,ERR,ERR,ERR,ERR,ERR,ERR,ERR,ERR,ERR,ERR,ERR,ERR,ERR,ERR,ERR,ERR,ERR,ERR,ERR,ERR,ERR,ERR,ERR,ERR,ERR,ERR,ERR,ERR,ERR,ERR,ERR,ERR,ERR,ERR,ERR,ERR,ERR,ERR,ERR,0.0,0.0,0.0,0.0,0.0,1.3936040501711995e+18,7.805,0.0,0,0,4,0,7300,-0.0,0,0.0,0.0,0.0,0.0,0.0,0,0,0,0,0.0,0,0,0,0,0,0,0,0,0,0,0,0,0,0,0,0,0,0,0,0,0,0,0,0,0,0,0,0,0,0,0,0,0,32,30,30,62,65476,0,300,0,0,8,21553,0.0,-107605600.0,0.0,0.0,0.0,0.0,0.0,0.0,0.0,0.0,0.0,0.0,0.0,0.0,0.0,0.0,0.0,0.0,0.0,0.0,0.0,0.0,2.004,2.004,-0.0,2.004,0.0,0.0,0.0,0.0,5460.0,-3.697192290889813e+19,6972.0,0.0,0.0,-107615280.0,0.0,0.0,0.0,0.0,0.0,63,-0.0,-0.0,0.0,0.0,0.0,0.0,0.0,0.0,0.0,0,0,0,0.0,0.0,0.0,0.0,0.0,0.0,0.0,0.0,0.0,0.0,0.0,0.0,0.0,0.0,0.0,0.0,0,-107875648.0,63,0.0,126,2.7184242562605685e+23,-0.0,ERR,ERR,ERR,ERR,ERR,ERR,ERR,ERR,ERR,ERR,ERR,ERR,ERR,ERR,ERR,ERR,ERR,ERR,ERR,ERR,ERR,ERR,ERR,ERR,ERR,ERR,ERR,ERR,ERR,ERR,ERR,ERR,ERR,ERR,ERR,ERR,ERR,ERR,ERR,ERR,ERR,ERR,ERR,ERR,ERR,ERR,ERR,ERR,ERR,ERR,ERR,ERR,ERR,ERR,ERR,ERR,ERR,ERR,ERR,ERR,ERR,ERR,ERR,ERR,ERR,ERR,ERR,34.0,80.0,35,0.0,0.0,0.0,0.0,0.0,0.0,0.0,0.0,0.0,0.0,0.0,0.0,0.0,0.0,0.0,0.0,64.4,0,117,56,50,65476,0,300,0,0,8,20529,65476,0,0,57672,80.0,0.0,0.0,0.0,0.0,0.0
2026-06-17T04:11:26,ERR,ERR,ERR,ERR,ERR,ERR,ERR,ERR,ERR,ERR,ERR,ERR,ERR,ERR,ERR,ERR,ERR,ERR,ERR,ERR,ERR,ERR,ERR,ERR,ERR,ERR,ERR,ERR,ERR,ERR,ERR,ERR,ERR,ERR,ERR,ERR,ERR,ERR,ERR,ERR,ERR,ERR,ERR,ERR,ERR,ERR,ERR,ERR,ERR,ERR,ERR,ERR,ERR,ERR,ERR,ERR,ERR,ERR,ERR,ERR,ERR,ERR,ERR,ERR,ERR,ERR,ERR,ERR,ERR,ERR,ERR,ERR,ERR,ERR,ERR,ERR,ERR,ERR,ERR,ERR,ERR,ERR,ERR,ERR,ERR,ERR,ERR,ERR,ERR,ERR,ERR,ERR,ERR,ERR,ERR,ERR,ERR,ERR,ERR,ERR,ERR,ERR,ERR,ERR,ERR,ERR,ERR,ERR,ERR,ERR,ERR,ERR,ERR,ERR,ERR,ERR,ERR,ERR,ERR,ERR,ERR,ERR,ERR,ERR,ERR,0.0,0.0,0.0,0.0,0.0,1.3936040501711995e+18,7.805,0.0,0,0,4,0,7300,-0.0,0,0.0,0.0,0.0,0.0,0.0,0,0,0,0,0.0,0,0,0,0,0,0,0,0,0,0,0,0,0,0,0,0,0,0,0,0,0,0,0,0,0,0,0,0,0,0,0,0,0,32,30,30,62,65476,0,300,0,0,8,21553,0.0,-107605600.0,0.0,0.0,0.0,0.0,0.0,0.0,0.0,0.0,0.0,0.0,0.0,0.0,0.0,0.0,0.0,0.0,0.0,0.0,0.0,0.0,2.004,2.004,-0.0,2.004,0.0,0.0,0.0,0.0,5460.0,-3.697192290889813e+19,6972.0,0.0,0.0,-107615280.0,0.0,0.0,0.0,0.0,0.0,63,-0.0,-0.0,0.0,0.0,0.0,0.0,0.0,0.0,0.0,0,0,0,0.0,0.0,0.0,0.0,0.0,0.0,0.0,0.0,0.0,0.0,0.0,0.0,0.0,0.0,0.0,0.0,0,-107875648.0,63,0.0,126,2.7184242562605685e+23,-0.0,ERR,ERR,ERR,ERR,ERR,ERR,ERR,ERR,ERR,ERR,ERR,ERR,ERR,ERR,ERR,ERR,ERR,ERR,ERR,ERR,ERR,ERR,ERR,ERR,ERR,ERR,ERR,ERR,ERR,ERR,ERR,ERR,ERR,ERR,ERR,ERR,ERR,ERR,ERR,ERR,ERR,ERR,ERR,ERR,ERR,ERR,ERR,ERR,ERR,ERR,ERR,ERR,ERR,ERR,ERR,ERR,ERR,ERR,ERR,ERR,ERR,ERR,ERR,ERR,ERR,ERR,ERR,34.0,80.0,35,0.0,0.0,0.0,0.0,0.0,0.0,0.0,0.0,0.0,0.0,0.0,0.0,0.0,0.0,0.0,0.0,64.8,0,117,56,50,65476,0,300,0,0,8,20529,65476,0,0,57672,80.0,0.0,0.0,0.0,0.0,0.0
2026-06-17T04:11:27,ERR,ERR,ERR,ERR,ERR,ERR,ERR,ERR,ERR,ERR,ERR,ERR,ERR,ERR,ERR,ERR,ERR,ERR,ERR,ERR,ERR,ERR,ERR,ERR,ERR,ERR,ERR,ERR,ERR,ERR,ERR,ERR,ERR,ERR,ERR,ERR,ERR,ERR,ERR,ERR,ERR,ERR,ERR,ERR,ERR,ERR,ERR,ERR,ERR,ERR,ERR,ERR,ERR,ERR,ERR,ERR,ERR,ERR,ERR,ERR,ERR,ERR,ERR,ERR,ERR,ERR,ERR,ERR,ERR,ERR,ERR,ERR,ERR,ERR,ERR,ERR,ERR,ERR,ERR,ERR,ERR,ERR,ERR,ERR,ERR,ERR,ERR,ERR,ERR,ERR,ERR,ERR,ERR,ERR,ERR,ERR,ERR,ERR,ERR,ERR,ERR,ERR,ERR,ERR,ERR,ERR,ERR,ERR,ERR,ERR,ERR,ERR,ERR,ERR,ERR,ERR,ERR,ERR,ERR,ERR,ERR,ERR,ERR,ERR,ERR,0.0,0.0,0.0,0.0,0.0,1.3936040501711995e+18,7.805,0.0,0,0,4,0,7300,-0.0,0,0.0,0.0,0.0,0.0,0.0,0,0,0,0,0.0,0,0,0,0,0,0,0,0,0,0,0,0,0,0,0,0,0,0,0,0,0,0,0,0,0,0,0,0,0,0,0,0,0,32,30,30,62,65476,0,300,0,0,8,21553,0.0,-107605600.0,0.0,0.0,0.0,0.0,0.0,0.0,0.0,0.0,0.0,0.0,0.0,0.0,0.0,0.0,0.0,0.0,0.0,0.0,0.0,0.0,2.004,-0.0,-0.0,2.004,0.0,0.0,0.0,0.0,5493.0,564146840010752.0,6955.0,0.0,0.0,-107615280.0,0.0,0.0,0.0,0.0,0.0,63,-0.0,126840692736.0,0.0,0.0,0.0,0.0,0.0,0.0,0.0,0,0,0,0.0,0.0,0.0,0.0,0.0,0.0,0.0,0.0,0.0,0.0,0.0,0.0,0.0,0.0,0.0,0.0,0,-107875648.0,63,0.0,126,2.7184242562605685e+23,-0.0,ERR,ERR,ERR,ERR,ERR,ERR,ERR,ERR,ERR,ERR,ERR,ERR,ERR,ERR,ERR,ERR,ERR,ERR,ERR,ERR,ERR,ERR,ERR,ERR,ERR,ERR,ERR,ERR,ERR,ERR,ERR,ERR,ERR,ERR,ERR,ERR,ERR,ERR,ERR,ERR,ERR,ERR,ERR,ERR,ERR,ERR,ERR,ERR,ERR,ERR,ERR,ERR,ERR,ERR,ERR,ERR,ERR,ERR,ERR,ERR,ERR,ERR,ERR,ERR,ERR,ERR,ERR,34.0,80.0,35,0.0,0.0,0.0,0.0,0.0,0.0,0.0,0.0,0.0,0.0,0.0,0.0,0.0,0.0,0.0,0.0,64.8,0,117,56,50,65476,0,300,0,0,8,20529,65476,0,0,57672,80.0,0.0,0.0,0.0,0.0,0.0
2026-06-17T04:11:28,ERR,ERR,ERR,ERR,ERR,ERR,ERR,ERR,ERR,ERR,ERR,ERR,ERR,ERR,ERR,ERR,ERR,ERR,ERR,ERR,ERR,ERR,ERR,ERR,ERR,ERR,ERR,ERR,ERR,ERR,ERR,ERR,ERR,ERR,ERR,ERR,ERR,ERR,ERR,ERR,ERR,ERR,ERR,ERR,ERR,ERR,ERR,ERR,ERR,ERR,ERR,ERR,ERR,ERR,ERR,ERR,ERR,ERR,ERR,ERR,ERR,ERR,ERR,ERR,ERR,ERR,ERR,ERR,ERR,ERR,ERR,ERR,ERR,ERR,ERR,ERR,ERR,ERR,ERR,ERR,ERR,ERR,ERR,ERR,ERR,ERR,ERR,ERR,ERR,ERR,ERR,ERR,ERR,ERR,ERR,ERR,ERR,ERR,ERR,ERR,ERR,ERR,ERR,ERR,ERR,ERR,ERR,ERR,ERR,ERR,ERR,ERR,ERR,ERR,ERR,ERR,ERR,ERR,ERR,ERR,ERR,ERR,ERR,ERR,ERR,0.0,0.0,0.0,0.0,0.0,1.3936040501711995e+18,7.805,0.0,0,0,4,0,7300,-0.0,0,0.0,0.0,0.0,0.0,0.0,0,0,0,0,0.0,0,0,0,0,0,0,0,0,0,0,0,0,0,0,0,0,0,0,0,0,0,0,0,0,0,0,0,0,0,0,0,0,0,32,30,30,62,65476,0,300,0,0,8,21553,0.0,-107605600.0,0.0,0.0,0.0,0.0,0.0,0.0,0.0,0.0,0.0,0.0,0.0,0.0,0.0,0.0,0.0,0.0,0.0,0.0,0.0,0.0,2.004,-0.0,-0.0,2.004,0.0,0.0,0.0,0.0,5493.0,564146840010752.0,6955.0,0.0,0.0,-107615280.0,0.0,0.0,0.0,0.0,0.0,63,-0.0,126840692736.0,0.0,0.0,0.0,0.0,0.0,0.0,0.0,0,0,0,0.0,0.0,0.0,0.0,0.0,0.0,0.0,0.0,0.0,0.0,0.0,0.0,0.0,0.0,0.0,0.0,0,-107875648.0,63,0.0,126,2.7184242562605685e+23,-0.0,ERR,ERR,ERR,ERR,ERR,ERR,ERR,ERR,ERR,ERR,ERR,ERR,ERR,ERR,ERR,ERR,ERR,ERR,ERR,ERR,ERR,ERR,ERR,ERR,ERR,ERR,ERR,ERR,ERR,ERR,ERR,ERR,ERR,ERR,ERR,ERR,ERR,ERR,ERR,ERR,ERR,ERR,ERR,ERR,ERR,ERR,ERR,ERR,ERR,ERR,ERR,ERR,ERR,ERR,ERR,ERR,ERR,ERR,ERR,ERR,ERR,ERR,ERR,ERR,ERR,ERR,ERR,34.0,80.0,35,0.0,0.0,0.0,0.0,0.0,0.0,0.0,0.0,0.0,0.0,0.0,0.0,0.0,0.0,0.0,0.0,64.4,0,117,56,50,65476,0,300,0,0,8,20529,65476,0,0,57672,80.0,0.0,0.0,0.0,0.0,0.0
2026-06-17T04:11:29,ERR,ERR,ERR,ERR,ERR,ERR,ERR,ERR,ERR,ERR,ERR,ERR,ERR,ERR,ERR,ERR,ERR,ERR,ERR,ERR,ERR,ERR,ERR,ERR,ERR,ERR,ERR,ERR,ERR,ERR,ERR,ERR,ERR,ERR,ERR,ERR,ERR,ERR,ERR,ERR,ERR,ERR,ERR,ERR,ERR,ERR,ERR,ERR,ERR,ERR,ERR,ERR,ERR,ERR,ERR,ERR,ERR,ERR,ERR,ERR,ERR,ERR,ERR,ERR,ERR,ERR,ERR,ERR,ERR,ERR,ERR,ERR,ERR,ERR,ERR,ERR,ERR,ERR,ERR,ERR,ERR,ERR,ERR,ERR,ERR,ERR,ERR,ERR,ERR,ERR,ERR,ERR,ERR,ERR,ERR,ERR,ERR,ERR,ERR,ERR,ERR,ERR,ERR,ERR,ERR,ERR,ERR,ERR,ERR,ERR,ERR,ERR,ERR,ERR,ERR,ERR,ERR,ERR,ERR,ERR,ERR,ERR,ERR,ERR,ERR,0.0,0.0,0.0,0.0,0.0,1.3936040501711995e+18,7.805,0.0,0,0,4,0,7300,-0.0,0,0.0,0.0,0.0,0.0,0.0,0,0,0,0,0.0,0,0,0,0,0,0,0,0,0,0,0,0,0,0,0,0,0,0,0,0,0,0,0,0,0,0,0,0,0,0,0,0,0,32,30,30,62,65476,0,300,0,0,8,21553,0.0,-107605600.0,0.0,0.0,0.0,0.0,0.0,0.0,0.0,0.0,0.0,0.0,0.0,0.0,0.0,0.0,0.0,0.0,0.0,0.0,0.0,0.0,2.004,-0.0,-0.0,2.004,0.0,0.0,0.0,0.0,5493.0,564146840010752.0,6955.0,0.0,0.0,-107615280.0,0.0,0.0,0.0,0.0,0.0,63,-0.0,126840692736.0,0.0,0.0,0.0,0.0,0.0,0.0,0.0,0,0,0,0.0,0.0,0.0,0.0,0.0,0.0,0.0,0.0,0.0,0.0,0.0,0.0,0.0,0.0,0.0,0.0,0,-107875648.0,63,0.0,126,2.7184242562605685e+23,-0.0,ERR,ERR,ERR,ERR,ERR,ERR,ERR,ERR,ERR,ERR,ERR,ERR,ERR,ERR,ERR,ERR,ERR,ERR,ERR,ERR,ERR,ERR,ERR,ERR,ERR,ERR,ERR,ERR,ERR,ERR,ERR,ERR,ERR,ERR,ERR,ERR,ERR,ERR,ERR,ERR,ERR,ERR,ERR,ERR,ERR,ERR,ERR,ERR,ERR,ERR,ERR,ERR,ERR,ERR,ERR,ERR,ERR,ERR,ERR,ERR,ERR,ERR,ERR,ERR,ERR,ERR,ERR,34.0,80.0,35,0.0,0.0,0.0,0.0,0.0,0.0,0.0,0.0,0.0,0.0,0.0,0.0,0.0,0.0,0.0,0.0,64.4,0,117,56,50,65476,0,300,0,0,8,20529,65476,0,0,57672,80.0,0.0,0.0,0.0,0.0,0.0
2026-06-17T04:11:30,ERR,ERR,ERR,ERR,ERR,ERR,ERR,ERR,ERR,ERR,ERR,ERR,ERR,ERR,ERR,ERR,ERR,ERR,ERR,ERR,ERR,ERR,ERR,ERR,ERR,ERR,ERR,ERR,ERR,ERR,ERR,ERR,ERR,ERR,ERR,ERR,ERR,ERR,ERR,ERR,ERR,ERR,ERR,ERR,ERR,ERR,ERR,ERR,ERR,ERR,ERR,ERR,ERR,ERR,ERR,ERR,ERR,ERR,ERR,ERR,ERR,ERR,ERR,ERR,ERR,ERR,ERR,ERR,ERR,ERR,ERR,ERR,ERR,ERR,ERR,ERR,ERR,ERR,ERR,ERR,ERR,ERR,ERR,ERR,ERR,ERR,ERR,ERR,ERR,ERR,ERR,ERR,ERR,ERR,ERR,ERR,ERR,ERR,ERR,ERR,ERR,ERR,ERR,ERR,ERR,ERR,ERR,ERR,ERR,ERR,ERR,ERR,ERR,ERR,ERR,ERR,ERR,ERR,ERR,ERR,ERR,ERR,ERR,ERR,ERR,0.0,0.0,0.0,0.0,0.0,1.3936040501711995e+18,7.805,0.0,0,0,4,0,7300,-0.0,0,0.0,0.0,0.0,0.0,0.0,0,0,0,0,0.0,0,0,0,0,0,0,0,0,0,0,0,0,0,0,0,0,0,0,0,0,0,0,0,0,0,0,0,0,0,0,0,0,0,32,30,30,62,65476,0,300,0,0,8,21553,0.0,-107605600.0,0.0,0.0,0.0,0.0,0.0,0.0,0.0,0.0,0.0,0.0,0.0,0.0,0.0,0.0,0.0,0.0,0.0,0.0,0.0,0.0,2.004,-0.0,-0.0,2.004,0.0,0.0,0.0,0.0,5493.0,564146840010752.0,6955.0,0.0,0.0,-107615280.0,0.0,0.0,0.0,0.0,0.0,63,-0.0,126840692736.0,0.0,0.0,0.0,0.0,0.0,0.0,0.0,0,0,0,0.0,0.0,0.0,0.0,0.0,0.0,0.0,0.0,0.0,0.0,0.0,0.0,0.0,0.0,0.0,0.0,0,-107875648.0,63,0.0,126,2.7184242562605685e+23,-0.0,ERR,ERR,ERR,ERR,ERR,ERR,ERR,ERR,ERR,ERR,ERR,ERR,ERR,ERR,ERR,ERR,ERR,ERR,ERR,ERR,ERR,ERR,ERR,ERR,ERR,ERR,ERR,ERR,ERR,ERR,ERR,ERR,ERR,ERR,ERR,ERR,ERR,ERR,ERR,ERR,ERR,ERR,ERR,ERR,ERR,ERR,ERR,ERR,ERR,ERR,ERR,ERR,ERR,ERR,ERR,ERR,ERR,ERR,ERR,ERR,ERR,ERR,ERR,ERR,ERR,ERR,ERR,34.0,80.0,35,0.0,0.0,0.0,0.0,0.0,0.0,0.0,0.0,0.0,0.0,0.0,0.0,0.0,0.0,0.0,0.0,64.4,0,117,56,50,65476,0,300,0,0,8,20529,65476,0,0,57672,80.0,0.0,0.0,0.0,0.0,0.0
2026-06-17T04:11:31,ERR,ERR,ERR,ERR,ERR,ERR,ERR,ERR,ERR,ERR,ERR,ERR,ERR,ERR,ERR,ERR,ERR,ERR,ERR,ERR,ERR,ERR,ERR,ERR,ERR,ERR,ERR,ERR,ERR,ERR,ERR,ERR,ERR,ERR,ERR,ERR,ERR,ERR,ERR,ERR,ERR,ERR,ERR,ERR,ERR,ERR,ERR,ERR,ERR,ERR,ERR,ERR,ERR,ERR,ERR,ERR,ERR,ERR,ERR,ERR,ERR,ERR,ERR,ERR,ERR,ERR,ERR,ERR,ERR,ERR,ERR,ERR,ERR,ERR,ERR,ERR,ERR,ERR,ERR,ERR,ERR,ERR,ERR,ERR,ERR,ERR,ERR,ERR,ERR,ERR,ERR,ERR,ERR,ERR,ERR,ERR,ERR,ERR,ERR,ERR,ERR,ERR,ERR,ERR,ERR,ERR,ERR,ERR,ERR,ERR,ERR,ERR,ERR,ERR,ERR,ERR,ERR,ERR,ERR,ERR,ERR,ERR,ERR,ERR,ERR,0.0,0.0,0.0,0.0,0.0,1.3936040501711995e+18,7.805,0.0,0,0,4,0,7300,-0.0,0,0.0,0.0,0.0,0.0,0.0,0,0,0,0,0.0,0,0,0,0,0,0,0,0,0,0,0,0,0,0,0,0,0,0,0,0,0,0,0,0,0,0,0,0,0,0,0,0,0,32,30,30,62,65476,0,300,0,0,8,21553,0.0,-107605600.0,0.0,0.0,0.0,0.0,0.0,0.0,0.0,0.0,0.0,0.0,0.0,0.0,0.0,0.0,0.0,0.0,0.0,0.0,0.0,0.0,2.004,-0.0,-0.0,2.004,0.0,0.0,0.0,0.0,5493.0,564146840010752.0,6955.0,0.0,0.0,-107615280.0,0.0,0.0,0.0,0.0,0.0,63,-0.0,126840692736.0,0.0,0.0,0.0,0.0,0.0,0.0,0.0,0,0,0,0.0,0.0,0.0,0.0,0.0,0.0,0.0,0.0,0.0,0.0,0.0,0.0,0.0,0.0,0.0,0.0,0,-107875648.0,63,0.0,126,2.7184242562605685e+23,-0.0,ERR,ERR,ERR,ERR,ERR,ERR,ERR,ERR,ERR,ERR,ERR,ERR,ERR,ERR,ERR,ERR,ERR,ERR,ERR,ERR,ERR,ERR,ERR,ERR,ERR,ERR,ERR,ERR,ERR,ERR,ERR,ERR,ERR,ERR,ERR,ERR,ERR,ERR,ERR,ERR,ERR,ERR,ERR,ERR,ERR,ERR,ERR,ERR,ERR,ERR,ERR,ERR,ERR,ERR,ERR,ERR,ERR,ERR,ERR,ERR,ERR,ERR,ERR,ERR,ERR,ERR,ERR,34.0,80.0,35,0.0,0.0,0.0,0.0,0.0,0.0,0.0,0.0,0.0,0.0,0.0,0.0,0.0,0.0,0.0,0.0,64.4,0,117,56,50,65476,0,300,0,0,8,20529,65476,0,0,57672,80.0,0.0,0.0,0.0,0.0,0.0
2026-06-17T04:11:32,ERR,ERR,ERR,ERR,ERR,ERR,ERR,ERR,ERR,ERR,ERR,ERR,ERR,ERR,ERR,ERR,ERR,ERR,ERR,ERR,ERR,ERR,ERR,ERR,ERR,ERR,ERR,ERR,ERR,ERR,ERR,ERR,ERR,ERR,ERR,ERR,ERR,ERR,ERR,ERR,ERR,ERR,ERR,ERR,ERR,ERR,ERR,ERR,ERR,ERR,ERR,ERR,ERR,ERR,ERR,ERR,ERR,ERR,ERR,ERR,ERR,ERR,ERR,ERR,ERR,ERR,ERR,ERR,ERR,ERR,ERR,ERR,ERR,ERR,ERR,ERR,ERR,ERR,ERR,ERR,ERR,ERR,ERR,ERR,ERR,ERR,ERR,ERR,ERR,ERR,ERR,ERR,ERR,ERR,ERR,ERR,ERR,ERR,ERR,ERR,ERR,ERR,ERR,ERR,ERR,ERR,ERR,ERR,ERR,ERR,ERR,ERR,ERR,ERR,ERR,ERR,ERR,ERR,ERR,ERR,ERR,ERR,ERR,ERR,ERR,0.0,0.0,0.0,0.0,0.0,1.3936040501711995e+18,7.805,0.0,0,0,4,0,7300,-0.0,0,0.0,0.0,0.0,0.0,0.0,0,0,0,0,0.0,0,0,0,0,0,0,0,0,0,0,0,0,0,0,0,0,0,0,0,0,0,0,0,0,0,0,0,0,0,0,0,0,0,32,30,30,62,65476,0,300,0,0,8,21553,0.0,-107605600.0,0.0,0.0,0.0,0.0,0.0,0.0,0.0,0.0,0.0,0.0,0.0,0.0,0.0,0.0,0.0,0.0,0.0,0.0,0.0,0.0,2.004,2.004,-0.0,2.004,0.0,0.0,0.0,0.0,5492.0,-1.040667237767031e+34,6975.0,0.0,0.0,-107615280.0,0.0,0.0,0.0,0.0,0.0,63,-0.0,0.0,0.0,0.0,0.0,0.0,0.0,0.0,0.0,0,0,0,0.0,0.0,0.0,0.0,0.0,0.0,0.0,0.0,0.0,0.0,0.0,0.0,0.0,0.0,0.0,0.0,0,-107875648.0,63,0.0,126,2.7184242562605685e+23,-0.0,ERR,ERR,ERR,ERR,ERR,ERR,ERR,ERR,ERR,ERR,ERR,ERR,ERR,ERR,ERR,ERR,ERR,ERR,ERR,ERR,ERR,ERR,ERR,ERR,ERR,ERR,ERR,ERR,ERR,ERR,ERR,ERR,ERR,ERR,ERR,ERR,ERR,ERR,ERR,ERR,ERR,ERR,ERR,ERR,ERR,ERR,ERR,ERR,ERR,ERR,ERR,ERR,ERR,ERR,ERR,ERR,ERR,ERR,ERR,ERR,ERR,ERR,ERR,ERR,ERR,ERR,ERR,34.0,80.0,35,0.0,0.0,0.0,0.0,0.0,0.0,0.0,0.0,0.0,0.0,0.0,0.0,0.0,0.0,0.0,0.0,64.8,0,117,56,50,65476,0,300,0,0,8,20529,65476,0,0,57672,80.0,0.0,0.0,0.0,0.0,0.0
2026-06-17T04:11:33,ERR,ERR,ERR,ERR,ERR,ERR,ERR,ERR,ERR,ERR,ERR,ERR,ERR,ERR,ERR,ERR,ERR,ERR,ERR,ERR,ERR,ERR,ERR,ERR,ERR,ERR,ERR,ERR,ERR,ERR,ERR,ERR,ERR,ERR,ERR,ERR,ERR,ERR,ERR,ERR,ERR,ERR,ERR,ERR,ERR,ERR,ERR,ERR,ERR,ERR,ERR,ERR,ERR,ERR,ERR,ERR,ERR,ERR,ERR,ERR,ERR,ERR,ERR,ERR,ERR,ERR,ERR,ERR,ERR,ERR,ERR,ERR,ERR,ERR,ERR,ERR,ERR,ERR,ERR,ERR,ERR,ERR,ERR,ERR,ERR,ERR,ERR,ERR,ERR,ERR,ERR,ERR,ERR,ERR,ERR,ERR,ERR,ERR,ERR,ERR,ERR,ERR,ERR,ERR,ERR,ERR,ERR,ERR,ERR,ERR,ERR,ERR,ERR,ERR,ERR,ERR,ERR,ERR,ERR,ERR,ERR,ERR,ERR,ERR,ERR,0.0,0.0,0.0,0.0,0.0,1.3936040501711995e+18,7.805,0.0,0,0,4,0,7300,-0.0,0,0.0,0.0,0.0,0.0,0.0,0,0,0,0,0.0,0,0,0,0,0,0,0,0,0,0,0,0,0,0,0,0,0,0,0,0,0,0,0,0,0,0,0,0,0,0,0,0,0,32,30,30,62,65476,0,300,0,0,8,21553,0.0,-107605600.0,0.0,0.0,0.0,0.0,0.0,0.0,0.0,0.0,0.0,0.0,0.0,0.0,0.0,0.0,0.0,0.0,0.0,0.0,0.0,0.0,2.004,2.004,-0.0,2.004,0.0,0.0,0.0,0.0,5492.0,-1.040667237767031e+34,6975.0,0.0,0.0,-107615280.0,0.0,0.0,0.0,0.0,0.0,63,-0.0,0.0,0.0,0.0,0.0,0.0,0.0,0.0,0.0,0,0,0,0.0,0.0,0.0,0.0,0.0,0.0,0.0,0.0,0.0,0.0,0.0,0.0,0.0,0.0,0.0,0.0,0,-107875648.0,63,0.0,126,2.7184242562605685e+23,-0.0,ERR,ERR,ERR,ERR,ERR,ERR,ERR,ERR,ERR,ERR,ERR,ERR,ERR,ERR,ERR,ERR,ERR,ERR,ERR,ERR,ERR,ERR,ERR,ERR,ERR,ERR,ERR,ERR,ERR,ERR,ERR,ERR,ERR,ERR,ERR,ERR,ERR,ERR,ERR,ERR,ERR,ERR,ERR,ERR,ERR,ERR,ERR,ERR,ERR,ERR,ERR,ERR,ERR,ERR,ERR,ERR,ERR,ERR,ERR,ERR,ERR,ERR,ERR,ERR,ERR,ERR,ERR,34.0,80.0,35,0.0,0.0,0.0,0.0,0.0,0.0,0.0,0.0,0.0,0.0,0.0,0.0,0.0,0.0,0.0,0.0,64.8,0,117,56,50,65476,0,300,0,0,8,20529,65476,0,0,57672,80.0,0.0,0.0,0.0,0.0,0.0
2026-06-17T04:11:34,ERR,ERR,ERR,ERR,ERR,ERR,ERR,ERR,ERR,ERR,ERR,ERR,ERR,ERR,ERR,ERR,ERR,ERR,ERR,ERR,ERR,ERR,ERR,ERR,ERR,ERR,ERR,ERR,ERR,ERR,ERR,ERR,ERR,ERR,ERR,ERR,ERR,ERR,ERR,ERR,ERR,ERR,ERR,ERR,ERR,ERR,ERR,ERR,ERR,ERR,ERR,ERR,ERR,ERR,ERR,ERR,ERR,ERR,ERR,ERR,ERR,ERR,ERR,ERR,ERR,ERR,ERR,ERR,ERR,ERR,ERR,ERR,ERR,ERR,ERR,ERR,ERR,ERR,ERR,ERR,ERR,ERR,ERR,ERR,ERR,ERR,ERR,ERR,ERR,ERR,ERR,ERR,ERR,ERR,ERR,ERR,ERR,ERR,ERR,ERR,ERR,ERR,ERR,ERR,ERR,ERR,ERR,ERR,ERR,ERR,ERR,ERR,ERR,ERR,ERR,ERR,ERR,ERR,ERR,ERR,ERR,ERR,ERR,ERR,ERR,0.0,0.0,0.0,0.0,0.0,1.3936040501711995e+18,7.805,0.0,0,0,4,0,7300,-0.0,0,0.0,0.0,0.0,0.0,0.0,0,0,0,0,0.0,0,0,0,0,0,0,0,0,0,0,0,0,0,0,0,0,0,0,0,0,0,0,0,0,0,0,0,0,0,0,0,0,0,32,30,30,62,65476,0,300,0,0,8,21553,0.0,-107605600.0,0.0,0.0,0.0,0.0,0.0,0.0,0.0,0.0,0.0,0.0,0.0,0.0,0.0,0.0,0.0,0.0,0.0,0.0,0.0,0.0,2.004,2.004,-0.0,2.004,0.0,0.0,0.0,0.0,5492.0,-1.040667237767031e+34,6975.0,0.0,0.0,-107615280.0,0.0,0.0,0.0,0.0,0.0,63,-0.0,0.0,0.0,0.0,0.0,0.0,0.0,0.0,0.0,0,0,0,0.0,0.0,0.0,0.0,0.0,0.0,0.0,0.0,0.0,0.0,0.0,0.0,0.0,0.0,0.0,0.0,0,-107875648.0,63,0.0,126,2.7184242562605685e+23,-0.0,ERR,ERR,ERR,ERR,ERR,ERR,ERR,ERR,ERR,ERR,ERR,ERR,ERR,ERR,ERR,ERR,ERR,ERR,ERR,ERR,ERR,ERR,ERR,ERR,ERR,ERR,ERR,ERR,ERR,ERR,ERR,ERR,ERR,ERR,ERR,ERR,ERR,ERR,ERR,ERR,ERR,ERR,ERR,ERR,ERR,ERR,ERR,ERR,ERR,ERR,ERR,ERR,ERR,ERR,ERR,ERR,ERR,ERR,ERR,ERR,ERR,ERR,ERR,ERR,ERR,ERR,ERR,34.0,80.0,35,0.0,0.0,0.0,0.0,0.0,0.0,0.0,0.0,0.0,0.0,0.0,0.0,0.0,0.0,0.0,0.0,64.4,0,117,56,50,65476,0,300,0,0,8,20529,65476,0,0,57672,80.0,0.0,0.0,0.0,0.0,0.0
2026-06-17T04:11:35,ERR,ERR,ERR,ERR,ERR,ERR,ERR,ERR,ERR,ERR,ERR,ERR,ERR,ERR,ERR,ERR,ERR,ERR,ERR,ERR,ERR,ERR,ERR,ERR,ERR,ERR,ERR,ERR,ERR,ERR,ERR,ERR,ERR,ERR,ERR,ERR,ERR,ERR,ERR,ERR,ERR,ERR,ERR,ERR,ERR,ERR,ERR,ERR,ERR,ERR,ERR,ERR,ERR,ERR,ERR,ERR,ERR,ERR,ERR,ERR,ERR,ERR,ERR,ERR,ERR,ERR,ERR,ERR,ERR,ERR,ERR,ERR,ERR,ERR,ERR,ERR,ERR,ERR,ERR,ERR,ERR,ERR,ERR,ERR,ERR,ERR,ERR,ERR,ERR,ERR,ERR,ERR,ERR,ERR,ERR,ERR,ERR,ERR,ERR,ERR,ERR,ERR,ERR,ERR,ERR,ERR,ERR,ERR,ERR,ERR,ERR,ERR,ERR,ERR,ERR,ERR,ERR,ERR,ERR,ERR,ERR,ERR,ERR,ERR,ERR,0.0,0.0,0.0,0.0,0.0,1.3936040501711995e+18,7.805,0.0,0,0,4,0,7300,-0.0,0,0.0,0.0,0.0,0.0,0.0,0,0,0,0,0.0,0,0,0,0,0,0,0,0,0,0,0,0,0,0,0,0,0,0,0,0,0,0,0,0,0,0,0,0,0,0,0,0,0,32,30,30,62,65476,0,300,0,0,8,21553,0.0,-107605600.0,0.0,0.0,0.0,0.0,0.0,0.0,0.0,0.0,0.0,0.0,0.0,0.0,0.0,0.0,0.0,0.0,0.0,0.0,0.0,0.0,2.004,2.004,-0.0,2.004,0.0,0.0,0.0,0.0,5492.0,-1.040667237767031e+34,6975.0,0.0,0.0,-107615280.0,0.0,0.0,0.0,0.0,0.0,63,-0.0,0.0,0.0,0.0,0.0,0.0,0.0,0.0,0.0,0,0,0,0.0,0.0,0.0,0.0,0.0,0.0,0.0,0.0,0.0,0.0,0.0,0.0,0.0,0.0,0.0,0.0,0,-107875648.0,63,0.0,126,2.7184242562605685e+23,-0.0,ERR,ERR,ERR,ERR,ERR,ERR,ERR,ERR,ERR,ERR,ERR,ERR,ERR,ERR,ERR,ERR,ERR,ERR,ERR,ERR,ERR,ERR,ERR,ERR,ERR,ERR,ERR,ERR,ERR,ERR,ERR,ERR,ERR,ERR,ERR,ERR,ERR,ERR,ERR,ERR,ERR,ERR,ERR,ERR,ERR,ERR,ERR,ERR,ERR,ERR,ERR,ERR,ERR,ERR,ERR,ERR,ERR,ERR,ERR,ERR,ERR,ERR,ERR,ERR,ERR,ERR,ERR,34.0,80.0,35,0.0,0.0,0.0,0.0,0.0,0.0,0.0,0.0,0.0,0.0,0.0,0.0,0.0,0.0,0.0,0.0,64.4,0,117,56,50,65476,0,300,0,0,8,20529,65476,0,0,57672,80.0,0.0,0.0,0.0,0.0,0.0
2026-06-17T04:11:36,ERR,ERR,ERR,ERR,ERR,ERR,ERR,ERR,ERR,ERR,ERR,ERR,ERR,ERR,ERR,ERR,ERR,ERR,ERR,ERR,ERR,ERR,ERR,ERR,ERR,ERR,ERR,ERR,ERR,ERR,ERR,ERR,ERR,ERR,ERR,ERR,ERR,ERR,ERR,ERR,ERR,ERR,ERR,ERR,ERR,ERR,ERR,ERR,ERR,ERR,ERR,ERR,ERR,ERR,ERR,ERR,ERR,ERR,ERR,ERR,ERR,ERR,ERR,ERR,ERR,ERR,ERR,ERR,ERR,ERR,ERR,ERR,ERR,ERR,ERR,ERR,ERR,ERR,ERR,ERR,ERR,ERR,ERR,ERR,ERR,ERR,ERR,ERR,ERR,ERR,ERR,ERR,ERR,ERR,ERR,ERR,ERR,ERR,ERR,ERR,ERR,ERR,ERR,ERR,ERR,ERR,ERR,ERR,ERR,ERR,ERR,ERR,ERR,ERR,ERR,ERR,ERR,ERR,ERR,ERR,ERR,ERR,ERR,ERR,ERR,0.0,0.0,0.0,0.0,0.0,1.3936040501711995e+18,7.805,0.0,0,0,4,0,7300,-0.0,0,0.0,0.0,0.0,0.0,0.0,0,0,0,0,0.0,0,0,0,0,0,0,0,0,0,0,0,0,0,0,0,0,0,0,0,0,0,0,0,0,0,0,0,0,0,0,0,0,0,32,30,30,62,65476,0,300,0,0,8,21553,0.0,-107605600.0,0.0,0.0,0.0,0.0,0.0,0.0,0.0,0.0,0.0,0.0,0.0,0.0,0.0,0.0,0.0,0.0,0.0,0.0,0.0,0.0,2.004,2.004,-0.0,2.004,0.0,0.0,0.0,0.0,5492.0,-1.040667237767031e+34,6975.0,0.0,0.0,-107615280.0,0.0,0.0,0.0,0.0,0.0,63,-0.0,0.0,0.0,0.0,0.0,0.0,0.0,0.0,0.0,0,0,0,0.0,0.0,0.0,0.0,0.0,0.0,0.0,0.0,0.0,0.0,0.0,0.0,0.0,0.0,0.0,0.0,0,-107875648.0,63,0.0,126,2.7184242562605685e+23,-0.0,ERR,ERR,ERR,ERR,ERR,ERR,ERR,ERR,ERR,ERR,ERR,ERR,ERR,ERR,ERR,ERR,ERR,ERR,ERR,ERR,ERR,ERR,ERR,ERR,ERR,ERR,ERR,ERR,ERR,ERR,ERR,ERR,ERR,ERR,ERR,ERR,ERR,ERR,ERR,ERR,ERR,ERR,ERR,ERR,ERR,ERR,ERR,ERR,ERR,ERR,ERR,ERR,ERR,ERR,ERR,ERR,ERR,ERR,ERR,ERR,ERR,ERR,ERR,ERR,ERR,ERR,ERR,34.0,80.0,35,0.0,0.0,0.0,0.0,0.0,0.0,0.0,0.0,0.0,0.0,0.0,0.0,0.0,0.0,0.0,0.0,64.4,0,117,56,50,65476,0,300,0,0,8,20529,65476,0,0,57672,80.0,0.0,0.0,0.0,0.0,0.0
2026-06-17T04:11:37,ERR,ERR,ERR,ERR,ERR,ERR,ERR,ERR,ERR,ERR,ERR,ERR,ERR,ERR,ERR,ERR,ERR,ERR,ERR,ERR,ERR,ERR,ERR,ERR,ERR,ERR,ERR,ERR,ERR,ERR,ERR,ERR,ERR,ERR,ERR,ERR,ERR,ERR,ERR,ERR,ERR,ERR,ERR,ERR,ERR,ERR,ERR,ERR,ERR,ERR,ERR,ERR,ERR,ERR,ERR,ERR,ERR,ERR,ERR,ERR,ERR,ERR,ERR,ERR,ERR,ERR,ERR,ERR,ERR,ERR,ERR,ERR,ERR,ERR,ERR,ERR,ERR,ERR,ERR,ERR,ERR,ERR,ERR,ERR,ERR,ERR,ERR,ERR,ERR,ERR,ERR,ERR,ERR,ERR,ERR,ERR,ERR,ERR,ERR,ERR,ERR,ERR,ERR,ERR,ERR,ERR,ERR,ERR,ERR,ERR,ERR,ERR,ERR,ERR,ERR,ERR,ERR,ERR,ERR,ERR,ERR,ERR,ERR,ERR,ERR,0.0,0.0,2.6474777903227054e+23,0.0,0.0,1.3936040501711995e+18,7.805,0.0,0,0,4,0,7300,-0.0,0,0.0,0.0,0.0,0.0,0.0,0,0,0,0,0.0,0,0,0,0,0,0,0,0,0,0,0,0,0,0,0,0,0,0,0,0,0,0,0,0,0,0,0,0,0,0,0,0,0,32,30,30,62,65476,0,300,0,0,8,21553,0.0,-107605600.0,0.0,0.0,0.0,0.0,0.0,0.0,0.0,0.0,0.0,0.0,0.0,0.0,0.0,0.0,0.0,0.0,0.0,0.0,0.0,0.0,2.004,2.004,-0.0,2.004,0.0,0.0,0.0,0.0,5524.0,-0.0,6960.0,0.0,0.0,-107615280.0,0.0,0.0,0.0,0.0,0.0,63,-0.0,-107614944.0,0.0,0.0,0.0,0.0,0.0,0.0,0.0,0,0,0,0.0,0.0,0.0,0.0,0.0,0.0,0.0,0.0,0.0,0.0,0.0,0.0,0.0,0.0,0.0,0.0,0,-107875648.0,63,0.0,126,2.7184242562605685e+23,-0.0,ERR,ERR,ERR,ERR,ERR,ERR,ERR,ERR,ERR,ERR,ERR,ERR,ERR,ERR,ERR,ERR,ERR,ERR,ERR,ERR,ERR,ERR,ERR,ERR,ERR,ERR,ERR,ERR,ERR,ERR,ERR,ERR,ERR,ERR,ERR,ERR,ERR,ERR,ERR,ERR,ERR,ERR,ERR,ERR,ERR,ERR,ERR,ERR,ERR,ERR,ERR,ERR,ERR,ERR,ERR,ERR,ERR,ERR,ERR,ERR,ERR,ERR,ERR,ERR,ERR,ERR,ERR,34.0,80.0,35,0.0,0.0,0.0,0.0,0.0,0.0,0.0,0.0,0.0,0.0,0.0,0.0,0.0,0.0,0.0,0.0,64.4,0,117,56,50,65476,0,300,0,0,8,20529,65476,0,0,57672,80.0,0.0,0.0,0.0,0.0,0.0
2026-06-17T04:11:38,ERR,ERR,ERR,ERR,ERR,ERR,ERR,ERR,ERR,ERR,ERR,ERR,ERR,ERR,ERR,ERR,ERR,ERR,ERR,ERR,ERR,ERR,ERR,ERR,ERR,ERR,ERR,ERR,ERR,ERR,ERR,ERR,ERR,ERR,ERR,ERR,ERR,ERR,ERR,ERR,ERR,ERR,ERR,ERR,ERR,ERR,ERR,ERR,ERR,ERR,ERR,ERR,ERR,ERR,ERR,ERR,ERR,ERR,ERR,ERR,ERR,ERR,ERR,ERR,ERR,ERR,ERR,ERR,ERR,ERR,ERR,ERR,ERR,ERR,ERR,ERR,ERR,ERR,ERR,ERR,ERR,ERR,ERR,ERR,ERR,ERR,ERR,ERR,ERR,ERR,ERR,ERR,ERR,ERR,ERR,ERR,ERR,ERR,ERR,ERR,ERR,ERR,ERR,ERR,ERR,ERR,ERR,ERR,ERR,ERR,ERR,ERR,ERR,ERR,ERR,ERR,ERR,ERR,ERR,ERR,ERR,ERR,ERR,ERR,ERR,0.0,0.0,2.6474777903227054e+23,0.0,0.0,1.3936040501711995e+18,7.805,0.0,0,0,4,0,7300,-0.0,0,0.0,0.0,0.0,0.0,0.0,0,0,0,0,0.0,0,0,0,0,0,0,0,0,0,0,0,0,0,0,0,0,0,0,0,0,0,0,0,0,0,0,0,0,0,0,0,0,0,32,30,30,62,65476,0,300,0,0,8,21553,0.0,-107605600.0,0.0,0.0,0.0,0.0,0.0,0.0,0.0,0.0,0.0,0.0,0.0,0.0,0.0,0.0,0.0,0.0,0.0,0.0,0.0,0.0,2.004,2.004,-0.0,2.004,0.0,0.0,0.0,0.0,5524.0,-0.0,6960.0,0.0,0.0,-107615280.0,0.0,0.0,0.0,0.0,0.0,63,-0.0,-107614944.0,0.0,0.0,0.0,0.0,0.0,0.0,0.0,0,0,0,0.0,0.0,0.0,0.0,0.0,0.0,0.0,0.0,0.0,0.0,0.0,0.0,0.0,0.0,0.0,0.0,0,-107875648.0,63,0.0,126,2.7184242562605685e+23,-0.0,ERR,ERR,ERR,ERR,ERR,ERR,ERR,ERR,ERR,ERR,ERR,ERR,ERR,ERR,ERR,ERR,ERR,ERR,ERR,ERR,ERR,ERR,ERR,ERR,ERR,ERR,ERR,ERR,ERR,ERR,ERR,ERR,ERR,ERR,ERR,ERR,ERR,ERR,ERR,ERR,ERR,ERR,ERR,ERR,ERR,ERR,ERR,ERR,ERR,ERR,ERR,ERR,ERR,ERR,ERR,ERR,ERR,ERR,ERR,ERR,ERR,ERR,ERR,ERR,ERR,ERR,ERR,34.0,80.0,35,0.0,0.0,0.0,0.0,0.0,0.0,0.0,0.0,0.0,0.0,0.0,0.0,0.0,0.0,0.0,0.0,64.4,0,117,56,50,65476,0,300,0,0,8,20529,65476,0,0,57672,80.0,0.0,0.0,0.0,0.0,0.0
2026-06-17T04:11:39,ERR,ERR,ERR,ERR,ERR,ERR,ERR,ERR,ERR,ERR,ERR,ERR,ERR,ERR,ERR,ERR,ERR,ERR,ERR,ERR,ERR,ERR,ERR,ERR,ERR,ERR,ERR,ERR,ERR,ERR,ERR,ERR,ERR,ERR,ERR,ERR,ERR,ERR,ERR,ERR,ERR,ERR,ERR,ERR,ERR,ERR,ERR,ERR,ERR,ERR,ERR,ERR,ERR,ERR,ERR,ERR,ERR,ERR,ERR,ERR,ERR,ERR,ERR,ERR,ERR,ERR,ERR,ERR,ERR,ERR,ERR,ERR,ERR,ERR,ERR,ERR,ERR,ERR,ERR,ERR,ERR,ERR,ERR,ERR,ERR,ERR,ERR,ERR,ERR,ERR,ERR,ERR,ERR,ERR,ERR,ERR,ERR,ERR,ERR,ERR,ERR,ERR,ERR,ERR,ERR,ERR,ERR,ERR,ERR,ERR,ERR,ERR,ERR,ERR,ERR,ERR,ERR,ERR,ERR,ERR,ERR,ERR,ERR,ERR,ERR,0.0,0.0,2.6474777903227054e+23,0.0,0.0,1.3936040501711995e+18,7.805,0.0,0,0,4,0,7300,-0.0,0,0.0,0.0,0.0,0.0,0.0,0,0,0,0,0.0,0,0,0,0,0,0,0,0,0,0,0,0,0,0,0,0,0,0,0,0,0,0,0,0,0,0,0,0,0,0,0,0,0,32,30,30,62,65476,0,300,0,0,8,21553,0.0,-107605600.0,0.0,0.0,0.0,0.0,0.0,0.0,0.0,0.0,0.0,0.0,0.0,0.0,0.0,0.0,0.0,0.0,0.0,0.0,0.0,0.0,2.004,2.004,-0.0,2.004,0.0,0.0,0.0,0.0,5524.0,-0.0,6960.0,0.0,0.0,-107615280.0,0.0,0.0,0.0,0.0,0.0,63,-0.0,-107614944.0,0.0,0.0,0.0,0.0,0.0,0.0,0.0,0,0,0,0.0,0.0,0.0,0.0,0.0,0.0,0.0,0.0,0.0,0.0,0.0,0.0,0.0,0.0,0.0,0.0,0,-107875648.0,63,0.0,126,2.7184242562605685e+23,-0.0,ERR,ERR,ERR,ERR,ERR,ERR,ERR,ERR,ERR,ERR,ERR,ERR,ERR,ERR,ERR,ERR,ERR,ERR,ERR,ERR,ERR,ERR,ERR,ERR,ERR,ERR,ERR,ERR,ERR,ERR,ERR,ERR,ERR,ERR,ERR,ERR,ERR,ERR,ERR,ERR,ERR,ERR,ERR,ERR,ERR,ERR,ERR,ERR,ERR,ERR,ERR,ERR,ERR,ERR,ERR,ERR,ERR,ERR,ERR,ERR,ERR,ERR,ERR,ERR,ERR,ERR,ERR,34.0,80.0,35,0.0,0.0,0.0,0.0,0.0,0.0,0.0,0.0,0.0,0.0,0.0,0.0,0.0,0.0,0.0,0.0,64.4,0,117,56,50,65476,0,300,0,0,8,20529,65476,0,0,57672,80.0,0.0,0.0,0.0,0.0,0.0
2026-06-17T04:11:40,ERR,ERR,ERR,ERR,ERR,ERR,ERR,ERR,ERR,ERR,ERR,ERR,ERR,ERR,ERR,ERR,ERR,ERR,ERR,ERR,ERR,ERR,ERR,ERR,ERR,ERR,ERR,ERR,ERR,ERR,ERR,ERR,ERR,ERR,ERR,ERR,ERR,ERR,ERR,ERR,ERR,ERR,ERR,ERR,ERR,ERR,ERR,ERR,ERR,ERR,ERR,ERR,ERR,ERR,ERR,ERR,ERR,ERR,ERR,ERR,ERR,ERR,ERR,ERR,ERR,ERR,ERR,ERR,ERR,ERR,ERR,ERR,ERR,ERR,ERR,ERR,ERR,ERR,ERR,ERR,ERR,ERR,ERR,ERR,ERR,ERR,ERR,ERR,ERR,ERR,ERR,ERR,ERR,ERR,ERR,ERR,ERR,ERR,ERR,ERR,ERR,ERR,ERR,ERR,ERR,ERR,ERR,ERR,ERR,ERR,ERR,ERR,ERR,ERR,ERR,ERR,ERR,ERR,ERR,ERR,ERR,ERR,ERR,ERR,ERR,0.0,0.0,2.6474777903227054e+23,0.0,0.0,1.3936040501711995e+18,7.805,0.0,0,0,4,0,7300,-0.0,0,0.0,0.0,0.0,0.0,0.0,0,0,0,0,0.0,0,0,0,0,0,0,0,0,0,0,0,0,0,0,0,0,0,0,0,0,0,0,0,0,0,0,0,0,0,0,0,0,0,32,30,30,62,65476,0,300,0,0,8,21553,0.0,-107605600.0,0.0,0.0,0.0,0.0,0.0,0.0,0.0,0.0,0.0,0.0,0.0,0.0,0.0,0.0,0.0,0.0,0.0,0.0,0.0,0.0,2.004,2.004,-0.0,2.004,0.0,0.0,0.0,0.0,5524.0,-0.0,6960.0,0.0,0.0,-107615280.0,0.0,0.0,0.0,0.0,0.0,63,-0.0,-107614944.0,0.0,0.0,0.0,0.0,0.0,0.0,0.0,0,0,0,0.0,0.0,0.0,0.0,0.0,0.0,0.0,0.0,0.0,0.0,0.0,0.0,0.0,0.0,0.0,0.0,0,-107875648.0,63,0.0,126,2.7184242562605685e+23,-0.0,ERR,ERR,ERR,ERR,ERR,ERR,ERR,ERR,ERR,ERR,ERR,ERR,ERR,ERR,ERR,ERR,ERR,ERR,ERR,ERR,ERR,ERR,ERR,ERR,ERR,ERR,ERR,ERR,ERR,ERR,ERR,ERR,ERR,ERR,ERR,ERR,ERR,ERR,ERR,ERR,ERR,ERR,ERR,ERR,ERR,ERR,ERR,ERR,ERR,ERR,ERR,ERR,ERR,ERR,ERR,ERR,ERR,ERR,ERR,ERR,ERR,ERR,ERR,ERR,ERR,ERR,ERR,34.0,80.0,35,0.0,0.0,0.0,0.0,0.0,0.0,0.0,0.0,0.0,0.0,0.0,0.0,0.0,0.0,0.0,0.0,64.4,0,117,56,50,65476,0,300,0,0,8,20529,65476,0,0,57672,80.0,0.0,0.0,0.0,0.0,0.0
2026-06-17T04:11:41,ERR,ERR,ERR,ERR,ERR,ERR,ERR,ERR,ERR,ERR,ERR,ERR,ERR,ERR,ERR,ERR,ERR,ERR,ERR,ERR,ERR,ERR,ERR,ERR,ERR,ERR,ERR,ERR,ERR,ERR,ERR,ERR,ERR,ERR,ERR,ERR,ERR,ERR,ERR,ERR,ERR,ERR,ERR,ERR,ERR,ERR,ERR,ERR,ERR,ERR,ERR,ERR,ERR,ERR,ERR,ERR,ERR,ERR,ERR,ERR,ERR,ERR,ERR,ERR,ERR,ERR,ERR,ERR,ERR,ERR,ERR,ERR,ERR,ERR,ERR,ERR,ERR,ERR,ERR,ERR,ERR,ERR,ERR,ERR,ERR,ERR,ERR,ERR,ERR,ERR,ERR,ERR,ERR,ERR,ERR,ERR,ERR,ERR,ERR,ERR,ERR,ERR,ERR,ERR,ERR,ERR,ERR,ERR,ERR,ERR,ERR,ERR,ERR,ERR,ERR,ERR,ERR,ERR,ERR,ERR,ERR,ERR,ERR,ERR,ERR,0.0,0.0,2.6474777903227054e+23,0.0,0.0,1.3936040501711995e+18,7.805,0.0,0,0,4,0,7300,-0.0,0,0.0,0.0,0.0,0.0,0.0,0,0,0,0,0.0,0,0,0,0,0,0,0,0,0,0,0,0,0,0,0,0,0,0,0,0,0,0,0,0,0,0,0,0,0,0,0,0,0,32,30,30,62,65476,0,300,0,0,8,21553,0.0,-107605600.0,0.0,0.0,0.0,0.0,0.0,0.0,0.0,0.0,0.0,0.0,0.0,0.0,0.0,0.0,0.0,0.0,0.0,0.0,0.0,0.0,2.004,2.004,-0.0,2.004,0.0,0.0,0.0,0.0,5524.0,-0.0,6960.0,0.0,0.0,-107615280.0,0.0,0.0,0.0,0.0,0.0,63,-0.0,-107614944.0,0.0,0.0,0.0,0.0,0.0,0.0,0.0,0,0,0,0.0,0.0,0.0,0.0,0.0,0.0,0.0,0.0,0.0,0.0,0.0,0.0,0.0,0.0,0.0,0.0,0,-107875648.0,63,0.0,126,2.7184242562605685e+23,-0.0,ERR,ERR,ERR,ERR,ERR,ERR,ERR,ERR,ERR,ERR,ERR,ERR,ERR,ERR,ERR,ERR,ERR,ERR,ERR,ERR,ERR,ERR,ERR,ERR,ERR,ERR,ERR,ERR,ERR,ERR,ERR,ERR,ERR,ERR,ERR,ERR,ERR,ERR,ERR,ERR,ERR,ERR,ERR,ERR,ERR,ERR,ERR,ERR,ERR,ERR,ERR,ERR,ERR,ERR,ERR,ERR,ERR,ERR,ERR,ERR,ERR,ERR,ERR,ERR,ERR,ERR,ERR,34.0,80.0,35,0.0,0.0,0.0,0.0,0.0,0.0,0.0,0.0,0.0,0.0,0.0,0.0,0.0,0.0,0.0,0.0,64.4,0,117,56,50,65476,0,300,0,0,8,20529,65476,0,0,57672,80.0,0.0,0.0,0.0,0.0,0.0
2026-06-17T04:11:42,ERR,ERR,ERR,ERR,ERR,ERR,ERR,ERR,ERR,ERR,ERR,ERR,ERR,ERR,ERR,ERR,ERR,ERR,ERR,ERR,ERR,ERR,ERR,ERR,ERR,ERR,ERR,ERR,ERR,ERR,ERR,ERR,ERR,ERR,ERR,ERR,ERR,ERR,ERR,ERR,ERR,ERR,ERR,ERR,ERR,ERR,ERR,ERR,ERR,ERR,ERR,ERR,ERR,ERR,ERR,ERR,ERR,ERR,ERR,ERR,ERR,ERR,ERR,ERR,ERR,ERR,ERR,ERR,ERR,ERR,ERR,ERR,ERR,ERR,ERR,ERR,ERR,ERR,ERR,ERR,ERR,ERR,ERR,ERR,ERR,ERR,ERR,ERR,ERR,ERR,ERR,ERR,ERR,ERR,ERR,ERR,ERR,ERR,ERR,ERR,ERR,ERR,ERR,ERR,ERR,ERR,ERR,ERR,ERR,ERR,ERR,ERR,ERR,ERR,ERR,ERR,ERR,ERR,ERR,ERR,ERR,ERR,ERR,ERR,ERR,0.0,0.0,2.6474777903227054e+23,0.0,0.0,1.3936040501711995e+18,7.805,0.0,0,0,4,0,7300,-0.0,0,0.0,0.0,0.0,0.0,0.0,0,0,0,0,0.0,0,0,0,0,0,0,0,0,0,0,0,0,0,0,0,0,0,0,0,0,0,0,0,0,0,0,0,0,0,0,0,0,0,32,30,30,62,65476,0,300,0,0,8,21553,0.0,-107605600.0,0.0,0.0,0.0,0.0,0.0,0.0,0.0,0.0,0.0,0.0,0.0,0.0,0.0,0.0,0.0,0.0,0.0,0.0,0.0,0.0,2.004,2.004,-0.0,2.004,0.0,0.0,0.0,0.0,5524.0,-0.0,6960.0,0.0,0.0,-107615280.0,0.0,0.0,0.0,0.0,0.0,63,-0.0,-107614944.0,0.0,0.0,0.0,0.0,0.0,0.0,0.0,0,0,0,0.0,0.0,0.0,0.0,0.0,0.0,0.0,0.0,0.0,0.0,0.0,0.0,0.0,0.0,0.0,0.0,0,-107875648.0,63,0.0,126,2.7184242562605685e+23,-0.0,ERR,ERR,ERR,ERR,ERR,ERR,ERR,ERR,ERR,ERR,ERR,ERR,ERR,ERR,ERR,ERR,ERR,ERR,ERR,ERR,ERR,ERR,ERR,ERR,ERR,ERR,ERR,ERR,ERR,ERR,ERR,ERR,ERR,ERR,ERR,ERR,ERR,ERR,ERR,ERR,ERR,ERR,ERR,ERR,ERR,ERR,ERR,ERR,ERR,ERR,ERR,ERR,ERR,ERR,ERR,ERR,ERR,ERR,ERR,ERR,ERR,ERR,ERR,ERR,ERR,ERR,ERR,34.0,80.0,35,0.0,0.0,0.0,0.0,0.0,0.0,0.0,0.0,0.0,0.0,0.0,0.0,0.0,0.0,0.0,0.0,64.4,0,117,56,50,65476,0,300,0,0,8,20529,65476,0,0,57672,80.0,0.0,0.0,0.0,0.0,0.0
2026-06-17T04:11:43,ERR,ERR,ERR,ERR,ERR,ERR,ERR,ERR,ERR,ERR,ERR,ERR,ERR,ERR,ERR,ERR,ERR,ERR,ERR,ERR,ERR,ERR,ERR,ERR,ERR,ERR,ERR,ERR,ERR,ERR,ERR,ERR,ERR,ERR,ERR,ERR,ERR,ERR,ERR,ERR,ERR,ERR,ERR,ERR,ERR,ERR,ERR,ERR,ERR,ERR,ERR,ERR,ERR,ERR,ERR,ERR,ERR,ERR,ERR,ERR,ERR,ERR,ERR,ERR,ERR,ERR,ERR,ERR,ERR,ERR,ERR,ERR,ERR,ERR,ERR,ERR,ERR,ERR,ERR,ERR,ERR,ERR,ERR,ERR,ERR,ERR,ERR,ERR,ERR,ERR,ERR,ERR,ERR,ERR,ERR,ERR,ERR,ERR,ERR,ERR,ERR,ERR,ERR,ERR,ERR,ERR,ERR,ERR,ERR,ERR,ERR,ERR,ERR,ERR,ERR,ERR,ERR,ERR,ERR,ERR,ERR,ERR,ERR,ERR,ERR,0.0,0.0,0.0,0.0,0.0,1.3936040501711995e+18,7.805,0.0,0,0,4,0,7300,-0.0,0,0.0,0.0,0.0,0.0,0.0,0,0,0,0,0.0,0,0,0,0,0,0,0,0,0,0,0,0,0,0,0,0,0,0,0,0,0,0,0,0,0,0,0,0,0,0,0,0,0,32,30,30,62,65476,0,300,0,0,8,21553,0.0,-107605600.0,0.0,0.0,0.0,0.0,0.0,0.0,0.0,0.0,0.0,0.0,0.0,0.0,0.0,0.0,0.0,0.0,0.0,0.0,0.0,0.0,2.004,2.004,-0.0,2.004,0.0,0.0,0.0,0.0,5520.0,-0.0,6961.0,0.0,0.0,-107615280.0,0.0,0.0,0.0,0.0,0.0,63,-0.0,-152017615978496.0,0.0,0.0,0.0,0.0,0.0,0.0,0.0,0,0,0,0.0,0.0,0.0,0.0,0.0,0.0,0.0,0.0,0.0,0.0,0.0,0.0,0.0,0.0,0.0,0.0,0,-107875648.0,63,0.0,126,2.7184242562605685e+23,-0.0,ERR,ERR,ERR,ERR,ERR,ERR,ERR,ERR,ERR,ERR,ERR,ERR,ERR,ERR,ERR,ERR,ERR,ERR,ERR,ERR,ERR,ERR,ERR,ERR,ERR,ERR,ERR,ERR,ERR,ERR,ERR,ERR,ERR,ERR,ERR,ERR,ERR,ERR,ERR,ERR,ERR,ERR,ERR,ERR,ERR,ERR,ERR,ERR,ERR,ERR,ERR,ERR,ERR,ERR,ERR,ERR,ERR,ERR,ERR,ERR,ERR,ERR,ERR,ERR,ERR,ERR,ERR,34.0,80.0,35,0.0,0.0,0.0,0.0,0.0,0.0,0.0,0.0,0.0,0.0,0.0,0.0,0.0,0.0,0.0,0.0,64.8,0,117,56,50,65476,0,300,0,0,8,20529,65476,0,0,57672,80.0,0.0,0.0,0.0,0.0,0.0
2026-06-17T04:11:44,ERR,ERR,ERR,ERR,ERR,ERR,ERR,ERR,ERR,ERR,ERR,ERR,ERR,ERR,ERR,ERR,ERR,ERR,ERR,ERR,ERR,ERR,ERR,ERR,ERR,ERR,ERR,ERR,ERR,ERR,ERR,ERR,ERR,ERR,ERR,ERR,ERR,ERR,ERR,ERR,ERR,ERR,ERR,ERR,ERR,ERR,ERR,ERR,ERR,ERR,ERR,ERR,ERR,ERR,ERR,ERR,ERR,ERR,ERR,ERR,ERR,ERR,ERR,ERR,ERR,ERR,ERR,ERR,ERR,ERR,ERR,ERR,ERR,ERR,ERR,ERR,ERR,ERR,ERR,ERR,ERR,ERR,ERR,ERR,ERR,ERR,ERR,ERR,ERR,ERR,ERR,ERR,ERR,ERR,ERR,ERR,ERR,ERR,ERR,ERR,ERR,ERR,ERR,ERR,ERR,ERR,ERR,ERR,ERR,ERR,ERR,ERR,ERR,ERR,ERR,ERR,ERR,ERR,ERR,ERR,ERR,ERR,ERR,ERR,ERR,0.0,0.0,0.0,0.0,0.0,1.3936040501711995e+18,7.805,0.0,0,0,4,0,7300,-0.0,0,0.0,0.0,0.0,0.0,0.0,0,0,0,0,0.0,0,0,0,0,0,0,0,0,0,0,0,0,0,0,0,0,0,0,0,0,0,0,0,0,0,0,0,0,0,0,0,0,0,32,30,30,62,65476,0,300,0,0,8,21553,0.0,-107605600.0,0.0,0.0,0.0,0.0,0.0,0.0,0.0,0.0,0.0,0.0,0.0,0.0,0.0,0.0,0.0,0.0,0.0,0.0,0.0,0.0,2.004,2.004,-0.0,2.004,0.0,0.0,0.0,0.0,5520.0,-0.0,6961.0,0.0,0.0,-107615280.0,0.0,0.0,0.0,0.0,0.0,63,-0.0,-152017615978496.0,0.0,0.0,0.0,0.0,0.0,0.0,0.0,0,0,0,0.0,0.0,0.0,0.0,0.0,0.0,0.0,0.0,0.0,0.0,0.0,0.0,0.0,0.0,0.0,0.0,0,-107875648.0,63,0.0,126,2.7184242562605685e+23,-0.0,ERR,ERR,ERR,ERR,ERR,ERR,ERR,ERR,ERR,ERR,ERR,ERR,ERR,ERR,ERR,ERR,ERR,ERR,ERR,ERR,ERR,ERR,ERR,ERR,ERR,ERR,ERR,ERR,ERR,ERR,ERR,ERR,ERR,ERR,ERR,ERR,ERR,ERR,ERR,ERR,ERR,ERR,ERR,ERR,ERR,ERR,ERR,ERR,ERR,ERR,ERR,ERR,ERR,ERR,ERR,ERR,ERR,ERR,ERR,ERR,ERR,ERR,ERR,ERR,ERR,ERR,ERR,34.0,80.0,35,0.0,0.0,0.0,0.0,0.0,0.0,0.0,0.0,0.0,0.0,0.0,0.0,0.0,0.0,0.0,0.0,64.8,0,117,56,50,65476,0,300,0,0,8,20529,65476,0,0,57672,80.0,0.0,0.0,0.0,0.0,0.0
2026-06-17T04:11:45,ERR,ERR,ERR,ERR,ERR,ERR,ERR,ERR,ERR,ERR,ERR,ERR,ERR,ERR,ERR,ERR,ERR,ERR,ERR,ERR,ERR,ERR,ERR,ERR,ERR,ERR,ERR,ERR,ERR,ERR,ERR,ERR,ERR,ERR,ERR,ERR,ERR,ERR,ERR,ERR,ERR,ERR,ERR,ERR,ERR,ERR,ERR,ERR,ERR,ERR,ERR,ERR,ERR,ERR,ERR,ERR,ERR,ERR,ERR,ERR,ERR,ERR,ERR,ERR,ERR,ERR,ERR,ERR,ERR,ERR,ERR,ERR,ERR,ERR,ERR,ERR,ERR,ERR,ERR,ERR,ERR,ERR,ERR,ERR,ERR,ERR,ERR,ERR,ERR,ERR,ERR,ERR,ERR,ERR,ERR,ERR,ERR,ERR,ERR,ERR,ERR,ERR,ERR,ERR,ERR,ERR,ERR,ERR,ERR,ERR,ERR,ERR,ERR,ERR,ERR,ERR,ERR,ERR,ERR,ERR,ERR,ERR,ERR,ERR,ERR,0.0,0.0,0.0,0.0,0.0,1.3936040501711995e+18,7.805,0.0,0,0,4,0,7300,-0.0,0,0.0,0.0,0.0,0.0,0.0,0,0,0,0,0.0,0,0,0,0,0,0,0,0,0,0,0,0,0,0,0,0,0,0,0,0,0,0,0,0,0,0,0,0,0,0,0,0,0,32,30,30,62,65476,0,300,0,0,8,21553,0.0,-107605600.0,0.0,0.0,0.0,0.0,0.0,0.0,0.0,0.0,0.0,0.0,0.0,0.0,0.0,0.0,0.0,0.0,0.0,0.0,0.0,0.0,2.004,2.004,-0.0,2.004,0.0,0.0,0.0,0.0,5520.0,-0.0,6961.0,0.0,0.0,-107615280.0,0.0,0.0,0.0,0.0,0.0,63,-0.0,-152017615978496.0,0.0,0.0,0.0,0.0,0.0,0.0,0.0,0,0,0,0.0,0.0,0.0,0.0,0.0,0.0,0.0,0.0,0.0,0.0,0.0,0.0,0.0,0.0,0.0,0.0,0,-107875648.0,63,0.0,126,2.7184242562605685e+23,-0.0,ERR,ERR,ERR,ERR,ERR,ERR,ERR,ERR,ERR,ERR,ERR,ERR,ERR,ERR,ERR,ERR,ERR,ERR,ERR,ERR,ERR,ERR,ERR,ERR,ERR,ERR,ERR,ERR,ERR,ERR,ERR,ERR,ERR,ERR,ERR,ERR,ERR,ERR,ERR,ERR,ERR,ERR,ERR,ERR,ERR,ERR,ERR,ERR,ERR,ERR,ERR,ERR,ERR,ERR,ERR,ERR,ERR,ERR,ERR,ERR,ERR,ERR,ERR,ERR,ERR,ERR,ERR,34.0,80.0,35,0.0,0.0,0.0,0.0,0.0,0.0,0.0,0.0,0.0,0.0,0.0,0.0,0.0,0.0,0.0,0.0,64.4,0,117,56,50,65476,0,300,0,0,8,20529,65476,0,0,57672,80.0,0.0,0.0,0.0,0.0,0.0
2026-06-17T04:11:46,ERR,ERR,ERR,ERR,ERR,ERR,ERR,ERR,ERR,ERR,ERR,ERR,ERR,ERR,ERR,ERR,ERR,ERR,ERR,ERR,ERR,ERR,ERR,ERR,ERR,ERR,ERR,ERR,ERR,ERR,ERR,ERR,ERR,ERR,ERR,ERR,ERR,ERR,ERR,ERR,ERR,ERR,ERR,ERR,ERR,ERR,ERR,ERR,ERR,ERR,ERR,ERR,ERR,ERR,ERR,ERR,ERR,ERR,ERR,ERR,ERR,ERR,ERR,ERR,ERR,ERR,ERR,ERR,ERR,ERR,ERR,ERR,ERR,ERR,ERR,ERR,ERR,ERR,ERR,ERR,ERR,ERR,ERR,ERR,ERR,ERR,ERR,ERR,ERR,ERR,ERR,ERR,ERR,ERR,ERR,ERR,ERR,ERR,ERR,ERR,ERR,ERR,ERR,ERR,ERR,ERR,ERR,ERR,ERR,ERR,ERR,ERR,ERR,ERR,ERR,ERR,ERR,ERR,ERR,ERR,ERR,ERR,ERR,ERR,ERR,0.0,0.0,0.0,0.0,0.0,1.3936040501711995e+18,7.805,0.0,0,0,4,0,7300,-0.0,0,0.0,0.0,0.0,0.0,0.0,0,0,0,0,0.0,0,0,0,0,0,0,0,0,0,0,0,0,0,0,0,0,0,0,0,0,0,0,0,0,0,0,0,0,0,0,0,0,0,32,30,30,62,65476,0,300,0,0,8,21553,0.0,-107605600.0,0.0,0.0,0.0,0.0,0.0,0.0,0.0,0.0,0.0,0.0,0.0,0.0,0.0,0.0,0.0,0.0,0.0,0.0,0.0,0.0,2.004,2.004,-0.0,2.004,0.0,0.0,0.0,0.0,5520.0,-0.0,6961.0,0.0,0.0,-107615280.0,0.0,0.0,0.0,0.0,0.0,63,-0.0,-152017615978496.0,0.0,0.0,0.0,0.0,0.0,0.0,0.0,0,0,0,0.0,0.0,0.0,0.0,0.0,0.0,0.0,0.0,0.0,0.0,0.0,0.0,0.0,0.0,0.0,0.0,0,-107875648.0,63,0.0,126,2.7184242562605685e+23,-0.0,ERR,ERR,ERR,ERR,ERR,ERR,ERR,ERR,ERR,ERR,ERR,ERR,ERR,ERR,ERR,ERR,ERR,ERR,ERR,ERR,ERR,ERR,ERR,ERR,ERR,ERR,ERR,ERR,ERR,ERR,ERR,ERR,ERR,ERR,ERR,ERR,ERR,ERR,ERR,ERR,ERR,ERR,ERR,ERR,ERR,ERR,ERR,ERR,ERR,ERR,ERR,ERR,ERR,ERR,ERR,ERR,ERR,ERR,ERR,ERR,ERR,ERR,ERR,ERR,ERR,ERR,ERR,34.0,80.0,35,0.0,0.0,0.0,0.0,0.0,0.0,0.0,0.0,0.0,0.0,0.0,0.0,0.0,0.0,0.0,0.0,64.4,0,117,56,50,65476,0,300,0,0,8,20529,65476,0,0,57672,80.0,0.0,0.0,0.0,0.0,0.0
2026-06-17T04:11:47,ERR,ERR,ERR,ERR,ERR,ERR,ERR,ERR,ERR,ERR,ERR,ERR,ERR,ERR,ERR,ERR,ERR,ERR,ERR,ERR,ERR,ERR,ERR,ERR,ERR,ERR,ERR,ERR,ERR,ERR,ERR,ERR,ERR,ERR,ERR,ERR,ERR,ERR,ERR,ERR,ERR,ERR,ERR,ERR,ERR,ERR,ERR,ERR,ERR,ERR,ERR,ERR,ERR,ERR,ERR,ERR,ERR,ERR,ERR,ERR,ERR,ERR,ERR,ERR,ERR,ERR,ERR,ERR,ERR,ERR,ERR,ERR,ERR,ERR,ERR,ERR,ERR,ERR,ERR,ERR,ERR,ERR,ERR,ERR,ERR,ERR,ERR,ERR,ERR,ERR,ERR,ERR,ERR,ERR,ERR,ERR,ERR,ERR,ERR,ERR,ERR,ERR,ERR,ERR,ERR,ERR,ERR,ERR,ERR,ERR,ERR,ERR,ERR,ERR,ERR,ERR,ERR,ERR,ERR,ERR,ERR,ERR,ERR,ERR,ERR,0.0,0.0,0.0,0.0,0.0,1.3936040501711995e+18,7.805,0.0,0,0,4,0,7300,-0.0,0,0.0,0.0,0.0,0.0,0.0,0,0,0,0,0.0,0,0,0,0,0,0,0,0,0,0,0,0,0,0,0,0,0,0,0,0,0,0,0,0,0,0,0,0,0,0,0,0,0,32,30,30,62,65476,0,300,0,0,8,21553,0.0,-107605600.0,0.0,0.0,0.0,0.0,0.0,0.0,0.0,0.0,0.0,0.0,0.0,0.0,0.0,0.0,0.0,0.0,0.0,0.0,0.0,0.0,2.004,2.004,-0.0,2.004,0.0,0.0,0.0,0.0,5520.0,-0.0,6961.0,0.0,0.0,-107615280.0,0.0,0.0,0.0,0.0,0.0,63,-0.0,-152017615978496.0,0.0,0.0,0.0,0.0,0.0,0.0,0.0,0,0,0,0.0,0.0,0.0,0.0,0.0,0.0,0.0,0.0,0.0,0.0,0.0,0.0,0.0,0.0,0.0,0.0,0,-107875648.0,63,0.0,126,2.7184242562605685e+23,-0.0,ERR,ERR,ERR,ERR,ERR,ERR,ERR,ERR,ERR,ERR,ERR,ERR,ERR,ERR,ERR,ERR,ERR,ERR,ERR,ERR,ERR,ERR,ERR,ERR,ERR,ERR,ERR,ERR,ERR,ERR,ERR,ERR,ERR,ERR,ERR,ERR,ERR,ERR,ERR,ERR,ERR,ERR,ERR,ERR,ERR,ERR,ERR,ERR,ERR,ERR,ERR,ERR,ERR,ERR,ERR,ERR,ERR,ERR,ERR,ERR,ERR,ERR,ERR,ERR,ERR,ERR,ERR,34.0,80.0,35,0.0,0.0,0.0,0.0,0.0,0.0,0.0,0.0,0.0,0.0,0.0,0.0,0.0,0.0,0.0,0.0,64.4,0,117,56,50,65476,0,300,0,0,8,20529,65476,0,0,57672,80.0,0.0,0.0,0.0,0.0,0.0
2026-06-17T04:11:48,ERR,ERR,ERR,ERR,ERR,ERR,ERR,ERR,ERR,ERR,ERR,ERR,ERR,ERR,ERR,ERR,ERR,ERR,ERR,ERR,ERR,ERR,ERR,ERR,ERR,ERR,ERR,ERR,ERR,ERR,ERR,ERR,ERR,ERR,ERR,ERR,ERR,ERR,ERR,ERR,ERR,ERR,ERR,ERR,ERR,ERR,ERR,ERR,ERR,ERR,ERR,ERR,ERR,ERR,ERR,ERR,ERR,ERR,ERR,ERR,ERR,ERR,ERR,ERR,ERR,ERR,ERR,ERR,ERR,ERR,ERR,ERR,ERR,ERR,ERR,ERR,ERR,ERR,ERR,ERR,ERR,ERR,ERR,ERR,ERR,ERR,ERR,ERR,ERR,ERR,ERR,ERR,ERR,ERR,ERR,ERR,ERR,ERR,ERR,ERR,ERR,ERR,ERR,ERR,ERR,ERR,ERR,ERR,ERR,ERR,ERR,ERR,ERR,ERR,ERR,ERR,ERR,ERR,ERR,ERR,ERR,ERR,ERR,ERR,ERR,0.0,0.0,0.0,0.0,0.0,1.3936040501711995e+18,7.805,0.0,0,0,4,0,7300,-0.0,0,0.0,0.0,0.0,0.0,0.0,0,0,0,0,0.0,0,0,0,0,0,0,0,0,0,0,0,0,0,0,0,0,0,0,0,0,0,0,0,0,0,0,0,0,0,0,0,0,0,32,30,30,62,65476,0,300,0,0,8,21553,0.0,-107605600.0,0.0,0.0,0.0,0.0,0.0,0.0,0.0,0.0,0.0,0.0,0.0,0.0,0.0,0.0,0.0,0.0,0.0,0.0,0.0,0.0,2.004,2.004,-0.0,2.004,0.0,0.0,0.0,0.0,5524.0,-0.0,6965.0,0.0,0.0,-107615280.0,0.0,0.0,0.0,0.0,0.0,63,-0.0,0.0,0.0,0.0,0.0,0.0,0.0,0.0,0.0,0,0,0,0.0,0.0,0.0,0.0,0.0,0.0,0.0,0.0,0.0,0.0,0.0,0.0,0.0,0.0,0.0,0.0,0,-107875648.0,63,0.0,126,2.7184242562605685e+23,-0.0,ERR,ERR,ERR,ERR,ERR,ERR,ERR,ERR,ERR,ERR,ERR,ERR,ERR,ERR,ERR,ERR,ERR,ERR,ERR,ERR,ERR,ERR,ERR,ERR,ERR,ERR,ERR,ERR,ERR,ERR,ERR,ERR,ERR,ERR,ERR,ERR,ERR,ERR,ERR,ERR,ERR,ERR,ERR,ERR,ERR,ERR,ERR,ERR,ERR,ERR,ERR,ERR,ERR,ERR,ERR,ERR,ERR,ERR,ERR,ERR,ERR,ERR,ERR,ERR,ERR,ERR,ERR,34.0,80.0,35,0.0,0.0,0.0,0.0,0.0,0.0,0.0,0.0,0.0,0.0,0.0,0.0,0.0,0.0,0.0,0.0,64.4,0,117,56,50,65476,0,300,0,0,8,20529,65476,0,0,57672,80.0,0.0,0.0,0.0,0.0,0.0
2026-06-17T04:11:49,ERR,ERR,ERR,ERR,ERR,ERR,ERR,ERR,ERR,ERR,ERR,ERR,ERR,ERR,ERR,ERR,ERR,ERR,ERR,ERR,ERR,ERR,ERR,ERR,ERR,ERR,ERR,ERR,ERR,ERR,ERR,ERR,ERR,ERR,ERR,ERR,ERR,ERR,ERR,ERR,ERR,ERR,ERR,ERR,ERR,ERR,ERR,ERR,ERR,ERR,ERR,ERR,ERR,ERR,ERR,ERR,ERR,ERR,ERR,ERR,ERR,ERR,ERR,ERR,ERR,ERR,ERR,ERR,ERR,ERR,ERR,ERR,ERR,ERR,ERR,ERR,ERR,ERR,ERR,ERR,ERR,ERR,ERR,ERR,ERR,ERR,ERR,ERR,ERR,ERR,ERR,ERR,ERR,ERR,ERR,ERR,ERR,ERR,ERR,ERR,ERR,ERR,ERR,ERR,ERR,ERR,ERR,ERR,ERR,ERR,ERR,ERR,ERR,ERR,ERR,ERR,ERR,ERR,ERR,ERR,ERR,ERR,ERR,ERR,ERR,0.0,0.0,0.0,0.0,0.0,1.3936040501711995e+18,7.805,0.0,0,0,4,0,7300,-0.0,0,0.0,0.0,0.0,0.0,0.0,0,0,0,0,0.0,0,0,0,0,0,0,0,0,0,0,0,0,0,0,0,0,0,0,0,0,0,0,0,0,0,0,0,0,0,0,0,0,0,32,30,30,62,65476,0,300,0,0,8,21553,0.0,-107605600.0,0.0,0.0,0.0,0.0,0.0,0.0,0.0,0.0,0.0,0.0,0.0,0.0,0.0,0.0,0.0,0.0,0.0,0.0,0.0,0.0,2.004,2.004,-0.0,2.004,0.0,0.0,0.0,0.0,5524.0,-0.0,6965.0,0.0,0.0,-107615280.0,0.0,0.0,0.0,0.0,0.0,63,-0.0,0.0,0.0,0.0,0.0,0.0,0.0,0.0,0.0,0,0,0,0.0,0.0,0.0,0.0,0.0,0.0,0.0,0.0,0.0,0.0,0.0,0.0,0.0,0.0,0.0,0.0,0,-107875648.0,63,0.0,126,2.7184242562605685e+23,-0.0,ERR,ERR,ERR,ERR,ERR,ERR,ERR,ERR,ERR,ERR,ERR,ERR,ERR,ERR,ERR,ERR,ERR,ERR,ERR,ERR,ERR,ERR,ERR,ERR,ERR,ERR,ERR,ERR,ERR,ERR,ERR,ERR,ERR,ERR,ERR,ERR,ERR,ERR,ERR,ERR,ERR,ERR,ERR,ERR,ERR,ERR,ERR,ERR,ERR,ERR,ERR,ERR,ERR,ERR,ERR,ERR,ERR,ERR,ERR,ERR,ERR,ERR,ERR,ERR,ERR,ERR,ERR,34.0,80.0,35,0.0,0.0,0.0,0.0,0.0,0.0,0.0,0.0,0.0,0.0,0.0,0.0,0.0,0.0,0.0,0.0,64.4,0,117,56,50,65476,0,300,0,0,8,20529,65476,0,0,57672,80.0,0.0,0.0,0.0,0.0,0.0
2026-06-17T04:11:50,ERR,ERR,ERR,ERR,ERR,ERR,ERR,ERR,ERR,ERR,ERR,ERR,ERR,ERR,ERR,ERR,ERR,ERR,ERR,ERR,ERR,ERR,ERR,ERR,ERR,ERR,ERR,ERR,ERR,ERR,ERR,ERR,ERR,ERR,ERR,ERR,ERR,ERR,ERR,ERR,ERR,ERR,ERR,ERR,ERR,ERR,ERR,ERR,ERR,ERR,ERR,ERR,ERR,ERR,ERR,ERR,ERR,ERR,ERR,ERR,ERR,ERR,ERR,ERR,ERR,ERR,ERR,ERR,ERR,ERR,ERR,ERR,ERR,ERR,ERR,ERR,ERR,ERR,ERR,ERR,ERR,ERR,ERR,ERR,ERR,ERR,ERR,ERR,ERR,ERR,ERR,ERR,ERR,ERR,ERR,ERR,ERR,ERR,ERR,ERR,ERR,ERR,ERR,ERR,ERR,ERR,ERR,ERR,ERR,ERR,ERR,ERR,ERR,ERR,ERR,ERR,ERR,ERR,ERR,ERR,ERR,ERR,ERR,ERR,ERR,0.0,0.0,0.0,0.0,0.0,1.3936040501711995e+18,7.805,0.0,0,0,4,0,7300,-0.0,0,0.0,0.0,0.0,0.0,0.0,0,0,0,0,0.0,0,0,0,0,0,0,0,0,0,0,0,0,0,0,0,0,0,0,0,0,0,0,0,0,0,0,0,0,0,0,0,0,0,32,30,30,62,65476,0,300,0,0,8,21553,0.0,-107605600.0,0.0,0.0,0.0,0.0,0.0,0.0,0.0,0.0,0.0,0.0,0.0,0.0,0.0,0.0,0.0,0.0,0.0,0.0,0.0,0.0,2.004,2.004,-0.0,2.004,0.0,0.0,0.0,0.0,5524.0,-0.0,6965.0,0.0,0.0,-107615280.0,0.0,0.0,0.0,0.0,0.0,63,-0.0,0.0,0.0,0.0,0.0,0.0,0.0,0.0,0.0,0,0,0,0.0,0.0,0.0,0.0,0.0,0.0,0.0,0.0,0.0,0.0,0.0,0.0,0.0,0.0,0.0,0.0,0,-107875648.0,63,0.0,126,2.7184242562605685e+23,-0.0,ERR,ERR,ERR,ERR,ERR,ERR,ERR,ERR,ERR,ERR,ERR,ERR,ERR,ERR,ERR,ERR,ERR,ERR,ERR,ERR,ERR,ERR,ERR,ERR,ERR,ERR,ERR,ERR,ERR,ERR,ERR,ERR,ERR,ERR,ERR,ERR,ERR,ERR,ERR,ERR,ERR,ERR,ERR,ERR,ERR,ERR,ERR,ERR,ERR,ERR,ERR,ERR,ERR,ERR,ERR,ERR,ERR,ERR,ERR,ERR,ERR,ERR,ERR,ERR,ERR,ERR,ERR,34.0,80.0,35,0.0,0.0,0.0,0.0,0.0,0.0,0.0,0.0,0.0,0.0,0.0,0.0,0.0,0.0,0.0,0.0,64.4,0,117,56,50,65476,0,300,0,0,8,20529,65476,0,0,57672,80.0,0.0,0.0,0.0,0.0,0.0
2026-06-17T04:11:51,ERR,ERR,ERR,ERR,ERR,ERR,ERR,ERR,ERR,ERR,ERR,ERR,ERR,ERR,ERR,ERR,ERR,ERR,ERR,ERR,ERR,ERR,ERR,ERR,ERR,ERR,ERR,ERR,ERR,ERR,ERR,ERR,ERR,ERR,ERR,ERR,ERR,ERR,ERR,ERR,ERR,ERR,ERR,ERR,ERR,ERR,ERR,ERR,ERR,ERR,ERR,ERR,ERR,ERR,ERR,ERR,ERR,ERR,ERR,ERR,ERR,ERR,ERR,ERR,ERR,ERR,ERR,ERR,ERR,ERR,ERR,ERR,ERR,ERR,ERR,ERR,ERR,ERR,ERR,ERR,ERR,ERR,ERR,ERR,ERR,ERR,ERR,ERR,ERR,ERR,ERR,ERR,ERR,ERR,ERR,ERR,ERR,ERR,ERR,ERR,ERR,ERR,ERR,ERR,ERR,ERR,ERR,ERR,ERR,ERR,ERR,ERR,ERR,ERR,ERR,ERR,ERR,ERR,ERR,ERR,ERR,ERR,ERR,ERR,ERR,0.0,0.0,0.0,0.0,0.0,1.3936040501711995e+18,7.805,0.0,0,0,4,0,7300,-0.0,0,0.0,0.0,0.0,0.0,0.0,0,0,0,0,0.0,0,0,0,0,0,0,0,0,0,0,0,0,0,0,0,0,0,0,0,0,0,0,0,0,0,0,0,0,0,0,0,0,0,32,30,30,62,65476,0,300,0,0,8,21553,0.0,-107605600.0,0.0,0.0,0.0,0.0,0.0,0.0,0.0,0.0,0.0,0.0,0.0,0.0,0.0,0.0,0.0,0.0,0.0,0.0,0.0,0.0,2.004,2.004,-0.0,2.004,0.0,0.0,0.0,0.0,5524.0,-0.0,6965.0,0.0,0.0,-107615280.0,0.0,0.0,0.0,0.0,0.0,63,-0.0,0.0,0.0,0.0,0.0,0.0,0.0,0.0,0.0,0,0,0,0.0,0.0,0.0,0.0,0.0,0.0,0.0,0.0,0.0,0.0,0.0,0.0,0.0,0.0,0.0,0.0,0,-107875648.0,63,0.0,126,2.7184242562605685e+23,-0.0,ERR,ERR,ERR,ERR,ERR,ERR,ERR,ERR,ERR,ERR,ERR,ERR,ERR,ERR,ERR,ERR,ERR,ERR,ERR,ERR,ERR,ERR,ERR,ERR,ERR,ERR,ERR,ERR,ERR,ERR,ERR,ERR,ERR,ERR,ERR,ERR,ERR,ERR,ERR,ERR,ERR,ERR,ERR,ERR,ERR,ERR,ERR,ERR,ERR,ERR,ERR,ERR,ERR,ERR,ERR,ERR,ERR,ERR,ERR,ERR,ERR,ERR,ERR,ERR,ERR,ERR,ERR,34.0,80.0,35,0.0,0.0,0.0,0.0,0.0,0.0,0.0,0.0,0.0,0.0,0.0,0.0,0.0,0.0,0.0,0.0,64.4,0,117,56,50,65476,0,300,0,0,8,20529,65476,0,0,57672,80.0,0.0,0.0,0.0,0.0,0.0
2026-06-17T04:11:52,ERR,ERR,ERR,ERR,ERR,ERR,ERR,ERR,ERR,ERR,ERR,ERR,ERR,ERR,ERR,ERR,ERR,ERR,ERR,ERR,ERR,ERR,ERR,ERR,ERR,ERR,ERR,ERR,ERR,ERR,ERR,ERR,ERR,ERR,ERR,ERR,ERR,ERR,ERR,ERR,ERR,ERR,ERR,ERR,ERR,ERR,ERR,ERR,ERR,ERR,ERR,ERR,ERR,ERR,ERR,ERR,ERR,ERR,ERR,ERR,ERR,ERR,ERR,ERR,ERR,ERR,ERR,ERR,ERR,ERR,ERR,ERR,ERR,ERR,ERR,ERR,ERR,ERR,ERR,ERR,ERR,ERR,ERR,ERR,ERR,ERR,ERR,ERR,ERR,ERR,ERR,ERR,ERR,ERR,ERR,ERR,ERR,ERR,ERR,ERR,ERR,ERR,ERR,ERR,ERR,ERR,ERR,ERR,ERR,ERR,ERR,ERR,ERR,ERR,ERR,ERR,ERR,ERR,ERR,ERR,ERR,ERR,ERR,ERR,ERR,0.0,0.0,0.0,0.0,0.0,1.3936040501711995e+18,7.805,0.0,0,0,4,0,7300,-0.0,0,0.0,0.0,0.0,0.0,0.0,0,0,0,0,0.0,0,0,0,0,0,0,0,0,0,0,0,0,0,0,0,0,0,0,0,0,0,0,0,0,0,0,0,0,0,0,0,0,0,32,30,30,62,65476,0,300,0,0,8,21553,0.0,-107605600.0,0.0,0.0,0.0,0.0,0.0,0.0,0.0,0.0,0.0,0.0,0.0,0.0,0.0,0.0,0.0,0.0,0.0,0.0,0.0,0.0,2.004,2.004,-0.0,2.004,0.0,0.0,0.0,0.0,5524.0,-0.0,6965.0,0.0,0.0,-107615280.0,0.0,0.0,0.0,0.0,0.0,63,-0.0,0.0,0.0,0.0,0.0,0.0,0.0,0.0,0.0,0,0,0,0.0,0.0,0.0,0.0,0.0,0.0,0.0,0.0,0.0,0.0,0.0,0.0,0.0,0.0,0.0,0.0,0,-107875648.0,63,0.0,126,2.7184242562605685e+23,-0.0,ERR,ERR,ERR,ERR,ERR,ERR,ERR,ERR,ERR,ERR,ERR,ERR,ERR,ERR,ERR,ERR,ERR,ERR,ERR,ERR,ERR,ERR,ERR,ERR,ERR,ERR,ERR,ERR,ERR,ERR,ERR,ERR,ERR,ERR,ERR,ERR,ERR,ERR,ERR,ERR,ERR,ERR,ERR,ERR,ERR,ERR,ERR,ERR,ERR,ERR,ERR,ERR,ERR,ERR,ERR,ERR,ERR,ERR,ERR,ERR,ERR,ERR,ERR,ERR,ERR,ERR,ERR,34.0,80.0,35,0.0,0.0,0.0,0.0,0.0,0.0,0.0,0.0,0.0,0.0,0.0,0.0,0.0,0.0,0.0,0.0,64.8,0,117,56,50,65476,0,300,0,0,8,20529,65476,0,0,57672,80.0,0.0,0.0,0.0,0.0,0.0
2026-06-17T04:11:53,ERR,ERR,ERR,ERR,ERR,ERR,ERR,ERR,ERR,ERR,ERR,ERR,ERR,ERR,ERR,ERR,ERR,ERR,ERR,ERR,ERR,ERR,ERR,ERR,ERR,ERR,ERR,ERR,ERR,ERR,ERR,ERR,ERR,ERR,ERR,ERR,ERR,ERR,ERR,ERR,ERR,ERR,ERR,ERR,ERR,ERR,ERR,ERR,ERR,ERR,ERR,ERR,ERR,ERR,ERR,ERR,ERR,ERR,ERR,ERR,ERR,ERR,ERR,ERR,ERR,ERR,ERR,ERR,ERR,ERR,ERR,ERR,ERR,ERR,ERR,ERR,ERR,ERR,ERR,ERR,ERR,ERR,ERR,ERR,ERR,ERR,ERR,ERR,ERR,ERR,ERR,ERR,ERR,ERR,ERR,ERR,ERR,ERR,ERR,ERR,ERR,ERR,ERR,ERR,ERR,ERR,ERR,ERR,ERR,ERR,ERR,ERR,ERR,ERR,ERR,ERR,ERR,ERR,ERR,ERR,ERR,ERR,ERR,ERR,ERR,0.0,0.0,2.6474777903227054e+23,0.0,0.0,1.3936040501711995e+18,7.805,0.0,0,0,4,0,7300,-0.0,0,0.0,0.0,0.0,0.0,0.0,0,0,0,0,0.0,0,0,0,0,0,0,0,0,0,0,0,0,0,0,0,0,0,0,0,0,0,0,0,0,0,0,0,0,0,0,0,0,0,32,30,30,62,65476,0,300,0,0,8,21553,0.0,-107605600.0,0.0,0.0,0.0,0.0,0.0,0.0,0.0,0.0,0.0,0.0,0.0,0.0,0.0,0.0,0.0,0.0,0.0,0.0,0.0,0.0,2.004,2.004,-0.0,2.004,0.0,0.0,0.0,0.0,5524.0,-0.0,6961.0,0.0,0.0,-107615280.0,0.0,0.0,0.0,0.0,0.0,63,-0.0,-71.63,0.0,0.0,0.0,0.0,0.0,0.0,0.0,0,0,0,0.0,0.0,0.0,0.0,0.0,0.0,0.0,0.0,0.0,0.0,0.0,0.0,0.0,0.0,0.0,0.0,0,-107875648.0,63,0.0,126,2.7184242562605685e+23,-0.0,ERR,ERR,ERR,ERR,ERR,ERR,ERR,ERR,ERR,ERR,ERR,ERR,ERR,ERR,ERR,ERR,ERR,ERR,ERR,ERR,ERR,ERR,ERR,ERR,ERR,ERR,ERR,ERR,ERR,ERR,ERR,ERR,ERR,ERR,ERR,ERR,ERR,ERR,ERR,ERR,ERR,ERR,ERR,ERR,ERR,ERR,ERR,ERR,ERR,ERR,ERR,ERR,ERR,ERR,ERR,ERR,ERR,ERR,ERR,ERR,ERR,ERR,ERR,ERR,ERR,ERR,ERR,34.0,80.0,35,0.0,0.0,0.0,0.0,0.0,0.0,0.0,0.0,0.0,0.0,0.0,0.0,0.0,0.0,0.0,0.0,64.8,0,117,56,50,65476,0,300,0,0,8,20529,65476,0,0,57672,80.0,0.0,0.0,0.0,0.0,0.0
2026-06-17T04:11:54,ERR,ERR,ERR,ERR,ERR,ERR,ERR,ERR,ERR,ERR,ERR,ERR,ERR,ERR,ERR,ERR,ERR,ERR,ERR,ERR,ERR,ERR,ERR,ERR,ERR,ERR,ERR,ERR,ERR,ERR,ERR,ERR,ERR,ERR,ERR,ERR,ERR,ERR,ERR,ERR,ERR,ERR,ERR,ERR,ERR,ERR,ERR,ERR,ERR,ERR,ERR,ERR,ERR,ERR,ERR,ERR,ERR,ERR,ERR,ERR,ERR,ERR,ERR,ERR,ERR,ERR,ERR,ERR,ERR,ERR,ERR,ERR,ERR,ERR,ERR,ERR,ERR,ERR,ERR,ERR,ERR,ERR,ERR,ERR,ERR,ERR,ERR,ERR,ERR,ERR,ERR,ERR,ERR,ERR,ERR,ERR,ERR,ERR,ERR,ERR,ERR,ERR,ERR,ERR,ERR,ERR,ERR,ERR,ERR,ERR,ERR,ERR,ERR,ERR,ERR,ERR,ERR,ERR,ERR,ERR,ERR,ERR,ERR,ERR,ERR,0.0,0.0,2.6474777903227054e+23,0.0,0.0,1.3936040501711995e+18,7.805,0.0,0,0,4,0,7300,-0.0,0,0.0,0.0,0.0,0.0,0.0,0,0,0,0,0.0,0,0,0,0,0,0,0,0,0,0,0,0,0,0,0,0,0,0,0,0,0,0,0,0,0,0,0,0,0,0,0,0,0,32,30,30,62,65476,0,300,0,0,8,21553,0.0,-107605600.0,0.0,0.0,0.0,0.0,0.0,0.0,0.0,0.0,0.0,0.0,0.0,0.0,0.0,0.0,0.0,0.0,0.0,0.0,0.0,0.0,2.004,2.004,-0.0,2.004,0.0,0.0,0.0,0.0,5524.0,-0.0,6961.0,0.0,0.0,-107615280.0,0.0,0.0,0.0,0.0,0.0,63,-0.0,-71.63,0.0,0.0,0.0,0.0,0.0,0.0,0.0,0,0,0,0.0,0.0,0.0,0.0,0.0,0.0,0.0,0.0,0.0,0.0,0.0,0.0,0.0,0.0,0.0,0.0,0,-107875648.0,63,0.0,126,2.7184242562605685e+23,-0.0,ERR,ERR,ERR,ERR,ERR,ERR,ERR,ERR,ERR,ERR,ERR,ERR,ERR,ERR,ERR,ERR,ERR,ERR,ERR,ERR,ERR,ERR,ERR,ERR,ERR,ERR,ERR,ERR,ERR,ERR,ERR,ERR,ERR,ERR,ERR,ERR,ERR,ERR,ERR,ERR,ERR,ERR,ERR,ERR,ERR,ERR,ERR,ERR,ERR,ERR,ERR,ERR,ERR,ERR,ERR,ERR,ERR,ERR,ERR,ERR,ERR,ERR,ERR,ERR,ERR,ERR,ERR,34.0,80.0,35,0.0,0.0,0.0,0.0,0.0,0.0,0.0,0.0,0.0,0.0,0.0,0.0,0.0,0.0,0.0,0.0,64.4,0,117,56,50,65476,0,300,0,0,8,20529,65476,0,0,57672,80.0,0.0,0.0,0.0,0.0,0.0
2026-06-17T04:11:55,ERR,ERR,ERR,ERR,ERR,ERR,ERR,ERR,ERR,ERR,ERR,ERR,ERR,ERR,ERR,ERR,ERR,ERR,ERR,ERR,ERR,ERR,ERR,ERR,ERR,ERR,ERR,ERR,ERR,ERR,ERR,ERR,ERR,ERR,ERR,ERR,ERR,ERR,ERR,ERR,ERR,ERR,ERR,ERR,ERR,ERR,ERR,ERR,ERR,ERR,ERR,ERR,ERR,ERR,ERR,ERR,ERR,ERR,ERR,ERR,ERR,ERR,ERR,ERR,ERR,ERR,ERR,ERR,ERR,ERR,ERR,ERR,ERR,ERR,ERR,ERR,ERR,ERR,ERR,ERR,ERR,ERR,ERR,ERR,ERR,ERR,ERR,ERR,ERR,ERR,ERR,ERR,ERR,ERR,ERR,ERR,ERR,ERR,ERR,ERR,ERR,ERR,ERR,ERR,ERR,ERR,ERR,ERR,ERR,ERR,ERR,ERR,ERR,ERR,ERR,ERR,ERR,ERR,ERR,ERR,ERR,ERR,ERR,ERR,ERR,0.0,0.0,2.6474777903227054e+23,0.0,0.0,1.3936040501711995e+18,7.805,0.0,0,0,4,0,7300,-0.0,0,0.0,0.0,0.0,0.0,0.0,0,0,0,0,0.0,0,0,0,0,0,0,0,0,0,0,0,0,0,0,0,0,0,0,0,0,0,0,0,0,0,0,0,0,0,0,0,0,0,32,30,30,62,65476,0,300,0,0,8,21553,0.0,-107605600.0,0.0,0.0,0.0,0.0,0.0,0.0,0.0,0.0,0.0,0.0,0.0,0.0,0.0,0.0,0.0,0.0,0.0,0.0,0.0,0.0,2.004,2.004,-0.0,2.004,0.0,0.0,0.0,0.0,5524.0,-0.0,6961.0,0.0,0.0,-107615280.0,0.0,0.0,0.0,0.0,0.0,63,-0.0,-71.63,0.0,0.0,0.0,0.0,0.0,0.0,0.0,0,0,0,0.0,0.0,0.0,0.0,0.0,0.0,0.0,0.0,0.0,0.0,0.0,0.0,0.0,0.0,0.0,0.0,0,-107875648.0,63,0.0,126,2.7184242562605685e+23,-0.0,ERR,ERR,ERR,ERR,ERR,ERR,ERR,ERR,ERR,ERR,ERR,ERR,ERR,ERR,ERR,ERR,ERR,ERR,ERR,ERR,ERR,ERR,ERR,ERR,ERR,ERR,ERR,ERR,ERR,ERR,ERR,ERR,ERR,ERR,ERR,ERR,ERR,ERR,ERR,ERR,ERR,ERR,ERR,ERR,ERR,ERR,ERR,ERR,ERR,ERR,ERR,ERR,ERR,ERR,ERR,ERR,ERR,ERR,ERR,ERR,ERR,ERR,ERR,ERR,ERR,ERR,ERR,34.0,80.0,35,0.0,0.0,0.0,0.0,0.0,0.0,0.0,0.0,0.0,0.0,0.0,0.0,0.0,0.0,0.0,0.0,64.4,0,117,56,50,65476,0,300,0,0,8,20529,65476,0,0,57672,80.0,0.0,0.0,0.0,0.0,0.0
2026-06-17T04:11:56,ERR,ERR,ERR,ERR,ERR,ERR,ERR,ERR,ERR,ERR,ERR,ERR,ERR,ERR,ERR,ERR,ERR,ERR,ERR,ERR,ERR,ERR,ERR,ERR,ERR,ERR,ERR,ERR,ERR,ERR,ERR,ERR,ERR,ERR,ERR,ERR,ERR,ERR,ERR,ERR,ERR,ERR,ERR,ERR,ERR,ERR,ERR,ERR,ERR,ERR,ERR,ERR,ERR,ERR,ERR,ERR,ERR,ERR,ERR,ERR,ERR,ERR,ERR,ERR,ERR,ERR,ERR,ERR,ERR,ERR,ERR,ERR,ERR,ERR,ERR,ERR,ERR,ERR,ERR,ERR,ERR,ERR,ERR,ERR,ERR,ERR,ERR,ERR,ERR,ERR,ERR,ERR,ERR,ERR,ERR,ERR,ERR,ERR,ERR,ERR,ERR,ERR,ERR,ERR,ERR,ERR,ERR,ERR,ERR,ERR,ERR,ERR,ERR,ERR,ERR,ERR,ERR,ERR,ERR,ERR,ERR,ERR,ERR,ERR,ERR,0.0,0.0,2.6474777903227054e+23,0.0,0.0,1.3936040501711995e+18,7.805,0.0,0,0,4,0,7300,-0.0,0,0.0,0.0,0.0,0.0,0.0,0,0,0,0,0.0,0,0,0,0,0,0,0,0,0,0,0,0,0,0,0,0,0,0,0,0,0,0,0,0,0,0,0,0,0,0,0,0,0,32,30,30,62,65476,0,300,0,0,8,21553,0.0,-107605600.0,0.0,0.0,0.0,0.0,0.0,0.0,0.0,0.0,0.0,0.0,0.0,0.0,0.0,0.0,0.0,0.0,0.0,0.0,0.0,0.0,2.004,2.004,-0.0,2.004,0.0,0.0,0.0,0.0,5524.0,-0.0,6961.0,0.0,0.0,-107615280.0,0.0,0.0,0.0,0.0,0.0,63,-0.0,-71.63,0.0,0.0,0.0,0.0,0.0,0.0,0.0,0,0,0,0.0,0.0,0.0,0.0,0.0,0.0,0.0,0.0,0.0,0.0,0.0,0.0,0.0,0.0,0.0,0.0,0,-107875648.0,63,0.0,126,2.7184242562605685e+23,-0.0,ERR,ERR,ERR,ERR,ERR,ERR,ERR,ERR,ERR,ERR,ERR,ERR,ERR,ERR,ERR,ERR,ERR,ERR,ERR,ERR,ERR,ERR,ERR,ERR,ERR,ERR,ERR,ERR,ERR,ERR,ERR,ERR,ERR,ERR,ERR,ERR,ERR,ERR,ERR,ERR,ERR,ERR,ERR,ERR,ERR,ERR,ERR,ERR,ERR,ERR,ERR,ERR,ERR,ERR,ERR,ERR,ERR,ERR,ERR,ERR,ERR,ERR,ERR,ERR,ERR,ERR,ERR,34.0,80.0,35,0.0,0.0,0.0,0.0,0.0,0.0,0.0,0.0,0.0,0.0,0.0,0.0,0.0,0.0,0.0,0.0,64.4,0,117,56,50,65476,0,300,0,0,8,20529,65476,0,0,57672,80.0,0.0,0.0,0.0,0.0,0.0
2026-06-17T04:11:57,ERR,ERR,ERR,ERR,ERR,ERR,ERR,ERR,ERR,ERR,ERR,ERR,ERR,ERR,ERR,ERR,ERR,ERR,ERR,ERR,ERR,ERR,ERR,ERR,ERR,ERR,ERR,ERR,ERR,ERR,ERR,ERR,ERR,ERR,ERR,ERR,ERR,ERR,ERR,ERR,ERR,ERR,ERR,ERR,ERR,ERR,ERR,ERR,ERR,ERR,ERR,ERR,ERR,ERR,ERR,ERR,ERR,ERR,ERR,ERR,ERR,ERR,ERR,ERR,ERR,ERR,ERR,ERR,ERR,ERR,ERR,ERR,ERR,ERR,ERR,ERR,ERR,ERR,ERR,ERR,ERR,ERR,ERR,ERR,ERR,ERR,ERR,ERR,ERR,ERR,ERR,ERR,ERR,ERR,ERR,ERR,ERR,ERR,ERR,ERR,ERR,ERR,ERR,ERR,ERR,ERR,ERR,ERR,ERR,ERR,ERR,ERR,ERR,ERR,ERR,ERR,ERR,ERR,ERR,ERR,ERR,ERR,ERR,ERR,ERR,0.0,0.0,2.6474777903227054e+23,0.0,0.0,1.3936040501711995e+18,7.805,0.0,0,0,4,0,7300,-0.0,0,0.0,0.0,0.0,0.0,0.0,0,0,0,0,0.0,0,0,0,0,0,0,0,0,0,0,0,0,0,0,0,0,0,0,0,0,0,0,0,0,0,0,0,0,0,0,0,0,0,32,30,30,62,65476,0,300,0,0,8,21553,0.0,-107605600.0,0.0,0.0,0.0,0.0,0.0,0.0,0.0,0.0,0.0,0.0,0.0,0.0,0.0,0.0,0.0,0.0,0.0,0.0,0.0,0.0,2.004,2.004,-0.0,2.004,0.0,0.0,0.0,0.0,5524.0,-0.0,6961.0,0.0,0.0,-107615280.0,0.0,0.0,0.0,0.0,0.0,63,-0.0,-71.63,0.0,0.0,0.0,0.0,0.0,0.0,0.0,0,0,0,0.0,0.0,0.0,0.0,0.0,0.0,0.0,0.0,0.0,0.0,0.0,0.0,0.0,0.0,0.0,0.0,0,-107875648.0,63,0.0,126,2.7184242562605685e+23,-0.0,ERR,ERR,ERR,ERR,ERR,ERR,ERR,ERR,ERR,ERR,ERR,ERR,ERR,ERR,ERR,ERR,ERR,ERR,ERR,ERR,ERR,ERR,ERR,ERR,ERR,ERR,ERR,ERR,ERR,ERR,ERR,ERR,ERR,ERR,ERR,ERR,ERR,ERR,ERR,ERR,ERR,ERR,ERR,ERR,ERR,ERR,ERR,ERR,ERR,ERR,ERR,ERR,ERR,ERR,ERR,ERR,ERR,ERR,ERR,ERR,ERR,ERR,ERR,ERR,ERR,ERR,ERR,34.0,80.0,35,0.0,0.0,0.0,0.0,0.0,0.0,0.0,0.0,0.0,0.0,0.0,0.0,0.0,0.0,0.0,0.0,64.8,0,117,56,50,65476,0,300,0,0,8,20529,65476,0,0,57672,80.0,0.0,0.0,0.0,0.0,0.0
2026-06-17T04:11:58,ERR,ERR,ERR,ERR,ERR,ERR,ERR,ERR,ERR,ERR,ERR,ERR,ERR,ERR,ERR,ERR,ERR,ERR,ERR,ERR,ERR,ERR,ERR,ERR,ERR,ERR,ERR,ERR,ERR,ERR,ERR,ERR,ERR,ERR,ERR,ERR,ERR,ERR,ERR,ERR,ERR,ERR,ERR,ERR,ERR,ERR,ERR,ERR,ERR,ERR,ERR,ERR,ERR,ERR,ERR,ERR,ERR,ERR,ERR,ERR,ERR,ERR,ERR,ERR,ERR,ERR,ERR,ERR,ERR,ERR,ERR,ERR,ERR,ERR,ERR,ERR,ERR,ERR,ERR,ERR,ERR,ERR,ERR,ERR,ERR,ERR,ERR,ERR,ERR,ERR,ERR,ERR,ERR,ERR,ERR,ERR,ERR,ERR,ERR,ERR,ERR,ERR,ERR,ERR,ERR,ERR,ERR,ERR,ERR,ERR,ERR,ERR,ERR,ERR,ERR,ERR,ERR,ERR,ERR,ERR,ERR,ERR,ERR,ERR,ERR,0.0,0.0,0.0,0.0,0.0,1.3936040501711995e+18,7.805,0.0,0,0,4,0,7300,-0.0,0,0.0,0.0,0.0,0.0,0.0,0,0,0,0,0.0,0,0,0,0,0,0,0,0,0,0,0,0,0,0,0,0,0,0,0,0,0,0,0,0,0,0,0,0,0,0,0,0,0,32,30,30,62,65476,0,300,0,0,8,21553,0.0,-107605600.0,0.0,0.0,0.0,0.0,0.0,0.0,0.0,0.0,0.0,0.0,0.0,0.0,0.0,0.0,0.0,0.0,0.0,0.0,0.0,0.0,2.004,2.004,-0.0,2.004,0.0,0.0,0.0,0.0,5524.0,2.004,6952.0,0.0,0.0,-107615280.0,0.0,0.0,0.0,0.0,0.0,63,-0.0,5.848063605975643e+35,0.0,0.0,0.0,0.0,0.0,0.0,0.0,0,0,0,0.0,0.0,0.0,0.0,0.0,0.0,0.0,0.0,0.0,0.0,0.0,0.0,0.0,0.0,0.0,0.0,0,-107875648.0,63,0.0,126,2.7184242562605685e+23,-0.0,ERR,ERR,ERR,ERR,ERR,ERR,ERR,ERR,ERR,ERR,ERR,ERR,ERR,ERR,ERR,ERR,ERR,ERR,ERR,ERR,ERR,ERR,ERR,ERR,ERR,ERR,ERR,ERR,ERR,ERR,ERR,ERR,ERR,ERR,ERR,ERR,ERR,ERR,ERR,ERR,ERR,ERR,ERR,ERR,ERR,ERR,ERR,ERR,ERR,ERR,ERR,ERR,ERR,ERR,ERR,ERR,ERR,ERR,ERR,ERR,ERR,ERR,ERR,ERR,ERR,ERR,ERR,34.0,80.0,35,0.0,0.0,0.0,0.0,0.0,0.0,0.0,0.0,0.0,0.0,0.0,0.0,0.0,0.0,0.0,0.0,64.8,0,117,56,50,65476,0,300,0,0,8,20529,65476,0,0,57672,80.0,0.0,0.0,0.0,0.0,0.0
2026-06-17T04:11:59,ERR,ERR,ERR,ERR,ERR,ERR,ERR,ERR,ERR,ERR,ERR,ERR,ERR,ERR,ERR,ERR,ERR,ERR,ERR,ERR,ERR,ERR,ERR,ERR,ERR,ERR,ERR,ERR,ERR,ERR,ERR,ERR,ERR,ERR,ERR,ERR,ERR,ERR,ERR,ERR,ERR,ERR,ERR,ERR,ERR,ERR,ERR,ERR,ERR,ERR,ERR,ERR,ERR,ERR,ERR,ERR,ERR,ERR,ERR,ERR,ERR,ERR,ERR,ERR,ERR,ERR,ERR,ERR,ERR,ERR,ERR,ERR,ERR,ERR,ERR,ERR,ERR,ERR,ERR,ERR,ERR,ERR,ERR,ERR,ERR,ERR,ERR,ERR,ERR,ERR,ERR,ERR,ERR,ERR,ERR,ERR,ERR,ERR,ERR,ERR,ERR,ERR,ERR,ERR,ERR,ERR,ERR,ERR,ERR,ERR,ERR,ERR,ERR,ERR,ERR,ERR,ERR,ERR,ERR,ERR,ERR,ERR,ERR,ERR,ERR,0.0,0.0,0.0,0.0,0.0,1.3936040501711995e+18,7.805,0.0,0,0,4,0,7300,-0.0,0,0.0,0.0,0.0,0.0,0.0,0,0,0,0,0.0,0,0,0,0,0,0,0,0,0,0,0,0,0,0,0,0,0,0,0,0,0,0,0,0,0,0,0,0,0,0,0,0,0,32,30,30,62,65476,0,300,0,0,8,21553,0.0,-107605600.0,0.0,0.0,0.0,0.0,0.0,0.0,0.0,0.0,0.0,0.0,0.0,0.0,0.0,0.0,0.0,0.0,0.0,0.0,0.0,0.0,2.004,2.004,-0.0,2.004,0.0,0.0,0.0,0.0,5524.0,2.004,6952.0,0.0,0.0,-107615280.0,0.0,0.0,0.0,0.0,0.0,63,-0.0,5.848063605975643e+35,0.0,0.0,0.0,0.0,0.0,0.0,0.0,0,0,0,0.0,0.0,0.0,0.0,0.0,0.0,0.0,0.0,0.0,0.0,0.0,0.0,0.0,0.0,0.0,0.0,0,-107875648.0,63,0.0,126,2.7184242562605685e+23,-0.0,ERR,ERR,ERR,ERR,ERR,ERR,ERR,ERR,ERR,ERR,ERR,ERR,ERR,ERR,ERR,ERR,ERR,ERR,ERR,ERR,ERR,ERR,ERR,ERR,ERR,ERR,ERR,ERR,ERR,ERR,ERR,ERR,ERR,ERR,ERR,ERR,ERR,ERR,ERR,ERR,ERR,ERR,ERR,ERR,ERR,ERR,ERR,ERR,ERR,ERR,ERR,ERR,ERR,ERR,ERR,ERR,ERR,ERR,ERR,ERR,ERR,ERR,ERR,ERR,ERR,ERR,ERR,34.0,80.0,35,0.0,0.0,0.0,0.0,0.0,0.0,0.0,0.0,0.0,0.0,0.0,0.0,0.0,0.0,0.0,0.0,64.4,0,117,56,50,65476,0,300,0,0,8,20529,65476,0,0,57672,80.0,0.0,0.0,0.0,0.0,0.0
2026-06-17T04:12:00,ERR,ERR,ERR,ERR,ERR,ERR,ERR,ERR,ERR,ERR,ERR,ERR,ERR,ERR,ERR,ERR,ERR,ERR,ERR,ERR,ERR,ERR,ERR,ERR,ERR,ERR,ERR,ERR,ERR,ERR,ERR,ERR,ERR,ERR,ERR,ERR,ERR,ERR,ERR,ERR,ERR,ERR,ERR,ERR,ERR,ERR,ERR,ERR,ERR,ERR,ERR,ERR,ERR,ERR,ERR,ERR,ERR,ERR,ERR,ERR,ERR,ERR,ERR,ERR,ERR,ERR,ERR,ERR,ERR,ERR,ERR,ERR,ERR,ERR,ERR,ERR,ERR,ERR,ERR,ERR,ERR,ERR,ERR,ERR,ERR,ERR,ERR,ERR,ERR,ERR,ERR,ERR,ERR,ERR,ERR,ERR,ERR,ERR,ERR,ERR,ERR,ERR,ERR,ERR,ERR,ERR,ERR,ERR,ERR,ERR,ERR,ERR,ERR,ERR,ERR,ERR,ERR,ERR,ERR,ERR,ERR,ERR,ERR,ERR,ERR,0.0,0.0,0.0,0.0,0.0,1.3936040501711995e+18,7.805,0.0,0,0,4,0,7300,-0.0,0,0.0,0.0,0.0,0.0,0.0,0,0,0,0,0.0,0,0,0,0,0,0,0,0,0,0,0,0,0,0,0,0,0,0,0,0,0,0,0,0,0,0,0,0,0,0,0,0,0,32,30,30,62,65476,0,300,0,0,8,21553,0.0,-107605600.0,0.0,0.0,0.0,0.0,0.0,0.0,0.0,0.0,0.0,0.0,0.0,0.0,0.0,0.0,0.0,0.0,0.0,0.0,0.0,0.0,2.004,2.004,-0.0,2.004,0.0,0.0,0.0,0.0,5524.0,2.004,6952.0,0.0,0.0,-107615280.0,0.0,0.0,0.0,0.0,0.0,63,-0.0,5.848063605975643e+35,0.0,0.0,0.0,0.0,0.0,0.0,0.0,0,0,0,0.0,0.0,0.0,0.0,0.0,0.0,0.0,0.0,0.0,0.0,0.0,0.0,0.0,0.0,0.0,0.0,0,-107875648.0,63,0.0,126,2.7184242562605685e+23,-0.0,ERR,ERR,ERR,ERR,ERR,ERR,ERR,ERR,ERR,ERR,ERR,ERR,ERR,ERR,ERR,ERR,ERR,ERR,ERR,ERR,ERR,ERR,ERR,ERR,ERR,ERR,ERR,ERR,ERR,ERR,ERR,ERR,ERR,ERR,ERR,ERR,ERR,ERR,ERR,ERR,ERR,ERR,ERR,ERR,ERR,ERR,ERR,ERR,ERR,ERR,ERR,ERR,ERR,ERR,ERR,ERR,ERR,ERR,ERR,ERR,ERR,ERR,ERR,ERR,ERR,ERR,ERR,34.0,80.0,35,0.0,0.0,0.0,0.0,0.0,0.0,0.0,0.0,0.0,0.0,0.0,0.0,0.0,0.0,0.0,0.0,64.4,0,117,56,50,65476,0,300,0,0,8,20529,65476,0,0,57672,80.0,0.0,0.0,0.0,0.0,0.0
2026-06-17T04:12:01,ERR,ERR,ERR,ERR,ERR,ERR,ERR,ERR,ERR,ERR,ERR,ERR,ERR,ERR,ERR,ERR,ERR,ERR,ERR,ERR,ERR,ERR,ERR,ERR,ERR,ERR,ERR,ERR,ERR,ERR,ERR,ERR,ERR,ERR,ERR,ERR,ERR,ERR,ERR,ERR,ERR,ERR,ERR,ERR,ERR,ERR,ERR,ERR,ERR,ERR,ERR,ERR,ERR,ERR,ERR,ERR,ERR,ERR,ERR,ERR,ERR,ERR,ERR,ERR,ERR,ERR,ERR,ERR,ERR,ERR,ERR,ERR,ERR,ERR,ERR,ERR,ERR,ERR,ERR,ERR,ERR,ERR,ERR,ERR,ERR,ERR,ERR,ERR,ERR,ERR,ERR,ERR,ERR,ERR,ERR,ERR,ERR,ERR,ERR,ERR,ERR,ERR,ERR,ERR,ERR,ERR,ERR,ERR,ERR,ERR,ERR,ERR,ERR,ERR,ERR,ERR,ERR,ERR,ERR,ERR,ERR,ERR,ERR,ERR,ERR,0.0,0.0,0.0,0.0,0.0,1.3936040501711995e+18,7.805,0.0,0,0,4,0,7300,-0.0,0,0.0,0.0,0.0,0.0,0.0,0,0,0,0,0.0,0,0,0,0,0,0,0,0,0,0,0,0,0,0,0,0,0,0,0,0,0,0,0,0,0,0,0,0,0,0,0,0,0,32,30,30,62,65476,0,300,0,0,8,21553,0.0,-107605600.0,0.0,0.0,0.0,0.0,0.0,0.0,0.0,0.0,0.0,0.0,0.0,0.0,0.0,0.0,0.0,0.0,0.0,0.0,0.0,0.0,2.004,2.004,-0.0,2.004,0.0,0.0,0.0,0.0,5524.0,2.004,6952.0,0.0,0.0,-107615280.0,0.0,0.0,0.0,0.0,0.0,63,-0.0,5.848063605975643e+35,0.0,0.0,0.0,0.0,0.0,0.0,0.0,0,0,0,0.0,0.0,0.0,0.0,0.0,0.0,0.0,0.0,0.0,0.0,0.0,0.0,0.0,0.0,0.0,0.0,0,-107875648.0,63,0.0,126,2.7184242562605685e+23,-0.0,ERR,ERR,ERR,ERR,ERR,ERR,ERR,ERR,ERR,ERR,ERR,ERR,ERR,ERR,ERR,ERR,ERR,ERR,ERR,ERR,ERR,ERR,ERR,ERR,ERR,ERR,ERR,ERR,ERR,ERR,ERR,ERR,ERR,ERR,ERR,ERR,ERR,ERR,ERR,ERR,ERR,ERR,ERR,ERR,ERR,ERR,ERR,ERR,ERR,ERR,ERR,ERR,ERR,ERR,ERR,ERR,ERR,ERR,ERR,ERR,ERR,ERR,ERR,ERR,ERR,ERR,ERR,34.0,80.0,35,0.0,0.0,0.0,0.0,0.0,0.0,0.0,0.0,0.0,0.0,0.0,0.0,0.0,0.0,0.0,0.0,64.4,0,117,56,50,65476,0,300,0,0,8,20529,65476,0,0,57672,80.0,0.0,0.0,0.0,0.0,0.0
2026-06-17T04:12:02,ERR,ERR,ERR,ERR,ERR,ERR,ERR,ERR,ERR,ERR,ERR,ERR,ERR,ERR,ERR,ERR,ERR,ERR,ERR,ERR,ERR,ERR,ERR,ERR,ERR,ERR,ERR,ERR,ERR,ERR,ERR,ERR,ERR,ERR,ERR,ERR,ERR,ERR,ERR,ERR,ERR,ERR,ERR,ERR,ERR,ERR,ERR,ERR,ERR,ERR,ERR,ERR,ERR,ERR,ERR,ERR,ERR,ERR,ERR,ERR,ERR,ERR,ERR,ERR,ERR,ERR,ERR,ERR,ERR,ERR,ERR,ERR,ERR,ERR,ERR,ERR,ERR,ERR,ERR,ERR,ERR,ERR,ERR,ERR,ERR,ERR,ERR,ERR,ERR,ERR,ERR,ERR,ERR,ERR,ERR,ERR,ERR,ERR,ERR,ERR,ERR,ERR,ERR,ERR,ERR,ERR,ERR,ERR,ERR,ERR,ERR,ERR,ERR,ERR,ERR,ERR,ERR,ERR,ERR,ERR,ERR,ERR,ERR,ERR,ERR,0.0,0.0,0.0,0.0,0.0,1.3936040501711995e+18,7.805,0.0,0,0,4,0,7300,-0.0,0,0.0,0.0,0.0,0.0,0.0,0,0,0,0,0.0,0,0,0,0,0,0,0,0,0,0,0,0,0,0,0,0,0,0,0,0,0,0,0,0,0,0,0,0,0,0,0,0,0,32,30,30,62,65476,0,300,0,0,8,21553,0.0,-107605600.0,0.0,0.0,0.0,0.0,0.0,0.0,0.0,0.0,0.0,0.0,0.0,0.0,0.0,0.0,0.0,0.0,0.0,0.0,0.0,0.0,2.004,2.004,-0.0,2.004,0.0,0.0,0.0,0.0,5524.0,2.004,6952.0,0.0,0.0,-107615280.0,0.0,0.0,0.0,0.0,0.0,63,-0.0,5.848063605975643e+35,0.0,0.0,0.0,0.0,0.0,0.0,0.0,0,0,0,0.0,0.0,0.0,0.0,0.0,0.0,0.0,0.0,0.0,0.0,0.0,0.0,0.0,0.0,0.0,0.0,0,-107875648.0,63,0.0,126,2.7184242562605685e+23,-0.0,ERR,ERR,ERR,ERR,ERR,ERR,ERR,ERR,ERR,ERR,ERR,ERR,ERR,ERR,ERR,ERR,ERR,ERR,ERR,ERR,ERR,ERR,ERR,ERR,ERR,ERR,ERR,ERR,ERR,ERR,ERR,ERR,ERR,ERR,ERR,ERR,ERR,ERR,ERR,ERR,ERR,ERR,ERR,ERR,ERR,ERR,ERR,ERR,ERR,ERR,ERR,ERR,ERR,ERR,ERR,ERR,ERR,ERR,ERR,ERR,ERR,ERR,ERR,ERR,ERR,ERR,ERR,34.0,80.0,35,0.0,0.0,0.0,0.0,0.0,0.0,0.0,0.0,0.0,0.0,0.0,0.0,0.0,0.0,0.0,0.0,64.8,0,117,56,50,65476,0,300,0,0,8,20529,65476,0,0,57672,80.0,0.0,0.0,0.0,0.0,0.0
2026-06-17T04:12:03,ERR,ERR,ERR,ERR,ERR,ERR,ERR,ERR,ERR,ERR,ERR,ERR,ERR,ERR,ERR,ERR,ERR,ERR,ERR,ERR,ERR,ERR,ERR,ERR,ERR,ERR,ERR,ERR,ERR,ERR,ERR,ERR,ERR,ERR,ERR,ERR,ERR,ERR,ERR,ERR,ERR,ERR,ERR,ERR,ERR,ERR,ERR,ERR,ERR,ERR,ERR,ERR,ERR,ERR,ERR,ERR,ERR,ERR,ERR,ERR,ERR,ERR,ERR,ERR,ERR,ERR,ERR,ERR,ERR,ERR,ERR,ERR,ERR,ERR,ERR,ERR,ERR,ERR,ERR,ERR,ERR,ERR,ERR,ERR,ERR,ERR,ERR,ERR,ERR,ERR,ERR,ERR,ERR,ERR,ERR,ERR,ERR,ERR,ERR,ERR,ERR,ERR,ERR,ERR,ERR,ERR,ERR,ERR,ERR,ERR,ERR,ERR,ERR,ERR,ERR,ERR,ERR,ERR,ERR,ERR,ERR,ERR,ERR,ERR,ERR,0.0,0.0,0.0,0.0,0.0,1.3936040501711995e+18,7.805,0.0,0,0,4,0,7300,-0.0,0,0.0,0.0,0.0,0.0,0.0,0,0,0,0,0.0,0,0,0,0,0,0,0,0,0,0,0,0,0,0,0,0,0,0,0,0,0,0,0,0,0,0,0,0,0,0,0,0,0,32,30,30,62,65476,0,300,0,0,8,21553,0.0,-107605600.0,0.0,0.0,0.0,0.0,0.0,0.0,0.0,0.0,0.0,0.0,0.0,0.0,0.0,0.0,0.0,0.0,0.0,0.0,0.0,0.0,2.004,2.004,-0.0,2.004,0.0,0.0,0.0,0.0,5524.0,2.004,6952.0,0.0,0.0,-107615280.0,0.0,0.0,0.0,0.0,0.0,63,-0.0,5.848063605975643e+35,0.0,0.0,0.0,0.0,0.0,0.0,0.0,0,0,0,0.0,0.0,0.0,0.0,0.0,0.0,0.0,0.0,0.0,0.0,0.0,0.0,0.0,0.0,0.0,0.0,0,-107875648.0,63,0.0,126,2.7184242562605685e+23,-0.0,ERR,ERR,ERR,ERR,ERR,ERR,ERR,ERR,ERR,ERR,ERR,ERR,ERR,ERR,ERR,ERR,ERR,ERR,ERR,ERR,ERR,ERR,ERR,ERR,ERR,ERR,ERR,ERR,ERR,ERR,ERR,ERR,ERR,ERR,ERR,ERR,ERR,ERR,ERR,ERR,ERR,ERR,ERR,ERR,ERR,ERR,ERR,ERR,ERR,ERR,ERR,ERR,ERR,ERR,ERR,ERR,ERR,ERR,ERR,ERR,ERR,ERR,ERR,ERR,ERR,ERR,ERR,34.0,80.0,35,0.0,0.0,0.0,0.0,0.0,0.0,0.0,0.0,0.0,0.0,0.0,0.0,0.0,0.0,0.0,0.0,64.8,0,117,56,50,65476,0,300,0,0,8,20529,65476,0,0,57672,80.0,0.0,0.0,0.0,0.0,0.0
2026-06-17T04:12:04,ERR,ERR,ERR,ERR,ERR,ERR,ERR,ERR,ERR,ERR,ERR,ERR,ERR,ERR,ERR,ERR,ERR,ERR,ERR,ERR,ERR,ERR,ERR,ERR,ERR,ERR,ERR,ERR,ERR,ERR,ERR,ERR,ERR,ERR,ERR,ERR,ERR,ERR,ERR,ERR,ERR,ERR,ERR,ERR,ERR,ERR,ERR,ERR,ERR,ERR,ERR,ERR,ERR,ERR,ERR,ERR,ERR,ERR,ERR,ERR,ERR,ERR,ERR,ERR,ERR,ERR,ERR,ERR,ERR,ERR,ERR,ERR,ERR,ERR,ERR,ERR,ERR,ERR,ERR,ERR,ERR,ERR,ERR,ERR,ERR,ERR,ERR,ERR,ERR,ERR,ERR,ERR,ERR,ERR,ERR,ERR,ERR,ERR,ERR,ERR,ERR,ERR,ERR,ERR,ERR,ERR,ERR,ERR,ERR,ERR,ERR,ERR,ERR,ERR,ERR,ERR,ERR,ERR,ERR,ERR,ERR,ERR,ERR,ERR,ERR,0.0,0.0,0.0,0.0,0.0,1.3936040501711995e+18,7.805,0.0,0,0,4,0,7300,-0.0,0,0.0,0.0,0.0,0.0,0.0,0,0,0,0,0.0,0,0,0,0,0,0,0,0,0,0,0,0,0,0,0,0,0,0,0,0,0,0,0,0,0,0,0,0,0,0,0,0,0,32,30,30,62,65476,0,300,0,0,8,21553,0.0,-107605600.0,0.0,0.0,0.0,0.0,0.0,0.0,0.0,0.0,0.0,0.0,0.0,0.0,0.0,0.0,0.0,0.0,0.0,0.0,0.0,0.0,2.004,2.004,-0.0,2.004,0.0,0.0,0.0,0.0,5524.0,0.0,6947.0,0.0,0.0,-107615280.0,0.0,0.0,0.0,0.0,0.0,63,-0.0,0.059,0.0,0.0,0.0,0.0,0.0,0.0,0.0,0,0,0,0.0,0.0,0.0,0.0,0.0,0.0,0.0,0.0,0.0,0.0,0.0,0.0,0.0,0.0,0.0,0.0,0,-107875648.0,63,0.0,126,2.7184242562605685e+23,-0.0,ERR,ERR,ERR,ERR,ERR,ERR,ERR,ERR,ERR,ERR,ERR,ERR,ERR,ERR,ERR,ERR,ERR,ERR,ERR,ERR,ERR,ERR,ERR,ERR,ERR,ERR,ERR,ERR,ERR,ERR,ERR,ERR,ERR,ERR,ERR,ERR,ERR,ERR,ERR,ERR,ERR,ERR,ERR,ERR,ERR,ERR,ERR,ERR,ERR,ERR,ERR,ERR,ERR,ERR,ERR,ERR,ERR,ERR,ERR,ERR,ERR,ERR,ERR,ERR,ERR,ERR,ERR,34.0,80.0,35,0.0,0.0,0.0,0.0,0.0,0.0,0.0,0.0,0.0,0.0,0.0,0.0,0.0,0.0,0.0,0.0,64.4,0,117,56,50,65476,0,300,0,0,8,20529,65476,0,0,57672,80.0,0.0,0.0,0.0,0.0,0.0
2026-06-17T04:12:05,ERR,ERR,ERR,ERR,ERR,ERR,ERR,ERR,ERR,ERR,ERR,ERR,ERR,ERR,ERR,ERR,ERR,ERR,ERR,ERR,ERR,ERR,ERR,ERR,ERR,ERR,ERR,ERR,ERR,ERR,ERR,ERR,ERR,ERR,ERR,ERR,ERR,ERR,ERR,ERR,ERR,ERR,ERR,ERR,ERR,ERR,ERR,ERR,ERR,ERR,ERR,ERR,ERR,ERR,ERR,ERR,ERR,ERR,ERR,ERR,ERR,ERR,ERR,ERR,ERR,ERR,ERR,ERR,ERR,ERR,ERR,ERR,ERR,ERR,ERR,ERR,ERR,ERR,ERR,ERR,ERR,ERR,ERR,ERR,ERR,ERR,ERR,ERR,ERR,ERR,ERR,ERR,ERR,ERR,ERR,ERR,ERR,ERR,ERR,ERR,ERR,ERR,ERR,ERR,ERR,ERR,ERR,ERR,ERR,ERR,ERR,ERR,ERR,ERR,ERR,ERR,ERR,ERR,ERR,ERR,ERR,ERR,ERR,ERR,ERR,0.0,0.0,0.0,0.0,0.0,1.3936040501711995e+18,7.805,0.0,0,0,4,0,7300,-0.0,0,0.0,0.0,0.0,0.0,0.0,0,0,0,0,0.0,0,0,0,0,0,0,0,0,0,0,0,0,0,0,0,0,0,0,0,0,0,0,0,0,0,0,0,0,0,0,0,0,0,32,30,30,62,65476,0,300,0,0,8,21553,0.0,-107605600.0,0.0,0.0,0.0,0.0,0.0,0.0,0.0,0.0,0.0,0.0,0.0,0.0,0.0,0.0,0.0,0.0,0.0,0.0,0.0,0.0,2.004,2.004,-0.0,2.004,0.0,0.0,0.0,0.0,5524.0,0.0,6947.0,0.0,0.0,-107615280.0,0.0,0.0,0.0,0.0,0.0,63,-0.0,0.059,0.0,0.0,0.0,0.0,0.0,0.0,0.0,0,0,0,0.0,0.0,0.0,0.0,0.0,0.0,0.0,0.0,0.0,0.0,0.0,0.0,0.0,0.0,0.0,0.0,0,-107875648.0,63,0.0,126,2.7184242562605685e+23,-0.0,ERR,ERR,ERR,ERR,ERR,ERR,ERR,ERR,ERR,ERR,ERR,ERR,ERR,ERR,ERR,ERR,ERR,ERR,ERR,ERR,ERR,ERR,ERR,ERR,ERR,ERR,ERR,ERR,ERR,ERR,ERR,ERR,ERR,ERR,ERR,ERR,ERR,ERR,ERR,ERR,ERR,ERR,ERR,ERR,ERR,ERR,ERR,ERR,ERR,ERR,ERR,ERR,ERR,ERR,ERR,ERR,ERR,ERR,ERR,ERR,ERR,ERR,ERR,ERR,ERR,ERR,ERR,34.0,80.0,35,0.0,0.0,0.0,0.0,0.0,0.0,0.0,0.0,0.0,0.0,0.0,0.0,0.0,0.0,0.0,0.0,64.4,0,117,56,50,65476,0,300,0,0,8,20529,65476,0,0,57672,80.0,0.0,0.0,0.0,0.0,0.0
2026-06-17T04:12:06,ERR,ERR,ERR,ERR,ERR,ERR,ERR,ERR,ERR,ERR,ERR,ERR,ERR,ERR,ERR,ERR,ERR,ERR,ERR,ERR,ERR,ERR,ERR,ERR,ERR,ERR,ERR,ERR,ERR,ERR,ERR,ERR,ERR,ERR,ERR,ERR,ERR,ERR,ERR,ERR,ERR,ERR,ERR,ERR,ERR,ERR,ERR,ERR,ERR,ERR,ERR,ERR,ERR,ERR,ERR,ERR,ERR,ERR,ERR,ERR,ERR,ERR,ERR,ERR,ERR,ERR,ERR,ERR,ERR,ERR,ERR,ERR,ERR,ERR,ERR,ERR,ERR,ERR,ERR,ERR,ERR,ERR,ERR,ERR,ERR,ERR,ERR,ERR,ERR,ERR,ERR,ERR,ERR,ERR,ERR,ERR,ERR,ERR,ERR,ERR,ERR,ERR,ERR,ERR,ERR,ERR,ERR,ERR,ERR,ERR,ERR,ERR,ERR,ERR,ERR,ERR,ERR,ERR,ERR,ERR,ERR,ERR,ERR,ERR,ERR,0.0,0.0,0.0,0.0,0.0,1.3936040501711995e+18,7.805,0.0,0,0,4,0,7300,-0.0,0,0.0,0.0,0.0,0.0,0.0,0,0,0,0,0.0,0,0,0,0,0,0,0,0,0,0,0,0,0,0,0,0,0,0,0,0,0,0,0,0,0,0,0,0,0,0,0,0,0,32,30,30,62,65476,0,300,0,0,8,21553,0.0,-107605600.0,0.0,0.0,0.0,0.0,0.0,0.0,0.0,0.0,0.0,0.0,0.0,0.0,0.0,0.0,0.0,0.0,0.0,0.0,0.0,0.0,2.004,2.004,-0.0,2.004,0.0,0.0,0.0,0.0,5524.0,0.0,6947.0,0.0,0.0,-107615280.0,0.0,0.0,0.0,0.0,0.0,63,-0.0,0.059,0.0,0.0,0.0,0.0,0.0,0.0,0.0,0,0,0,0.0,0.0,0.0,0.0,0.0,0.0,0.0,0.0,0.0,0.0,0.0,0.0,0.0,0.0,0.0,0.0,0,-107875648.0,63,0.0,126,2.7184242562605685e+23,-0.0,ERR,ERR,ERR,ERR,ERR,ERR,ERR,ERR,ERR,ERR,ERR,ERR,ERR,ERR,ERR,ERR,ERR,ERR,ERR,ERR,ERR,ERR,ERR,ERR,ERR,ERR,ERR,ERR,ERR,ERR,ERR,ERR,ERR,ERR,ERR,ERR,ERR,ERR,ERR,ERR,ERR,ERR,ERR,ERR,ERR,ERR,ERR,ERR,ERR,ERR,ERR,ERR,ERR,ERR,ERR,ERR,ERR,ERR,ERR,ERR,ERR,ERR,ERR,ERR,ERR,ERR,ERR,34.0,80.0,35,0.0,0.0,0.0,0.0,0.0,0.0,0.0,0.0,0.0,0.0,0.0,0.0,0.0,0.0,0.0,0.0,64.4,0,117,56,50,65476,0,300,0,0,8,20529,65476,0,0,57672,80.0,0.0,0.0,0.0,0.0,0.0
2026-06-17T04:12:07,ERR,ERR,ERR,ERR,ERR,ERR,ERR,ERR,ERR,ERR,ERR,ERR,ERR,ERR,ERR,ERR,ERR,ERR,ERR,ERR,ERR,ERR,ERR,ERR,ERR,ERR,ERR,ERR,ERR,ERR,ERR,ERR,ERR,ERR,ERR,ERR,ERR,ERR,ERR,ERR,ERR,ERR,ERR,ERR,ERR,ERR,ERR,ERR,ERR,ERR,ERR,ERR,ERR,ERR,ERR,ERR,ERR,ERR,ERR,ERR,ERR,ERR,ERR,ERR,ERR,ERR,ERR,ERR,ERR,ERR,ERR,ERR,ERR,ERR,ERR,ERR,ERR,ERR,ERR,ERR,ERR,ERR,ERR,ERR,ERR,ERR,ERR,ERR,ERR,ERR,ERR,ERR,ERR,ERR,ERR,ERR,ERR,ERR,ERR,ERR,ERR,ERR,ERR,ERR,ERR,ERR,ERR,ERR,ERR,ERR,ERR,ERR,ERR,ERR,ERR,ERR,ERR,ERR,ERR,ERR,ERR,ERR,ERR,ERR,ERR,0.0,0.0,0.0,0.0,0.0,1.3936040501711995e+18,7.805,0.0,0,0,4,0,7300,-0.0,0,0.0,0.0,0.0,0.0,0.0,0,0,0,0,0.0,0,0,0,0,0,0,0,0,0,0,0,0,0,0,0,0,0,0,0,0,0,0,0,0,0,0,0,0,0,0,0,0,0,32,30,30,62,65476,0,300,0,0,8,21553,0.0,-107605600.0,0.0,0.0,0.0,0.0,0.0,0.0,0.0,0.0,0.0,0.0,0.0,0.0,0.0,0.0,0.0,0.0,0.0,0.0,0.0,0.0,2.004,2.004,-0.0,2.004,0.0,0.0,0.0,0.0,5524.0,0.0,6947.0,0.0,0.0,-107615280.0,0.0,0.0,0.0,0.0,0.0,63,-0.0,0.059,0.0,0.0,0.0,0.0,0.0,0.0,0.0,0,0,0,0.0,0.0,0.0,0.0,0.0,0.0,0.0,0.0,0.0,0.0,0.0,0.0,0.0,0.0,0.0,0.0,0,-107875648.0,63,0.0,126,2.7184242562605685e+23,-0.0,ERR,ERR,ERR,ERR,ERR,ERR,ERR,ERR,ERR,ERR,ERR,ERR,ERR,ERR,ERR,ERR,ERR,ERR,ERR,ERR,ERR,ERR,ERR,ERR,ERR,ERR,ERR,ERR,ERR,ERR,ERR,ERR,ERR,ERR,ERR,ERR,ERR,ERR,ERR,ERR,ERR,ERR,ERR,ERR,ERR,ERR,ERR,ERR,ERR,ERR,ERR,ERR,ERR,ERR,ERR,ERR,ERR,ERR,ERR,ERR,ERR,ERR,ERR,ERR,ERR,ERR,ERR,34.0,80.0,35,0.0,0.0,0.0,0.0,0.0,0.0,0.0,0.0,0.0,0.0,0.0,0.0,0.0,0.0,0.0,0.0,64.4,0,117,56,50,65476,0,300,0,0,8,20529,65476,0,0,57672,80.0,0.0,0.0,0.0,0.0,0.0
2026-06-17T04:12:08,ERR,ERR,ERR,ERR,ERR,ERR,ERR,ERR,ERR,ERR,ERR,ERR,ERR,ERR,ERR,ERR,ERR,ERR,ERR,ERR,ERR,ERR,ERR,ERR,ERR,ERR,ERR,ERR,ERR,ERR,ERR,ERR,ERR,ERR,ERR,ERR,ERR,ERR,ERR,ERR,ERR,ERR,ERR,ERR,ERR,ERR,ERR,ERR,ERR,ERR,ERR,ERR,ERR,ERR,ERR,ERR,ERR,ERR,ERR,ERR,ERR,ERR,ERR,ERR,ERR,ERR,ERR,ERR,ERR,ERR,ERR,ERR,ERR,ERR,ERR,ERR,ERR,ERR,ERR,ERR,ERR,ERR,ERR,ERR,ERR,ERR,ERR,ERR,ERR,ERR,ERR,ERR,ERR,ERR,ERR,ERR,ERR,ERR,ERR,ERR,ERR,ERR,ERR,ERR,ERR,ERR,ERR,ERR,ERR,ERR,ERR,ERR,ERR,ERR,ERR,ERR,ERR,ERR,ERR,ERR,ERR,ERR,ERR,ERR,ERR,0.0,0.0,0.0,0.0,0.0,1.3936040501711995e+18,7.805,0.0,0,0,4,0,7300,-0.0,0,0.0,0.0,0.0,0.0,0.0,0,0,0,0,0.0,0,0,0,0,0,0,0,0,0,0,0,0,0,0,0,0,0,0,0,0,0,0,0,0,0,0,0,0,0,0,0,0,0,32,30,30,62,65476,0,300,0,0,8,21553,0.0,-107605600.0,0.0,0.0,0.0,0.0,0.0,0.0,0.0,0.0,0.0,0.0,0.0,0.0,0.0,0.0,0.0,0.0,0.0,0.0,0.0,0.0,2.004,2.004,-0.0,2.004,0.0,0.0,0.0,0.0,5524.0,0.0,6947.0,0.0,0.0,-107615280.0,0.0,0.0,0.0,0.0,0.0,63,-0.0,0.059,0.0,0.0,0.0,0.0,0.0,0.0,0.0,0,0,0,0.0,0.0,0.0,0.0,0.0,0.0,0.0,0.0,0.0,0.0,0.0,0.0,0.0,0.0,0.0,0.0,0,-107875648.0,63,0.0,126,2.7184242562605685e+23,-0.0,ERR,ERR,ERR,ERR,ERR,ERR,ERR,ERR,ERR,ERR,ERR,ERR,ERR,ERR,ERR,ERR,ERR,ERR,ERR,ERR,ERR,ERR,ERR,ERR,ERR,ERR,ERR,ERR,ERR,ERR,ERR,ERR,ERR,ERR,ERR,ERR,ERR,ERR,ERR,ERR,ERR,ERR,ERR,ERR,ERR,ERR,ERR,ERR,ERR,ERR,ERR,ERR,ERR,ERR,ERR,ERR,ERR,ERR,ERR,ERR,ERR,ERR,ERR,ERR,ERR,ERR,ERR,34.0,80.0,35,0.0,0.0,0.0,0.0,0.0,0.0,0.0,0.0,0.0,0.0,0.0,0.0,0.0,0.0,0.0,0.0,64.4,0,117,56,50,65476,0,300,0,0,8,20529,65476,0,0,57672,80.0,0.0,0.0,0.0,0.0,0.0
2026-06-17T04:12:09,ERR,ERR,ERR,ERR,ERR,ERR,ERR,ERR,ERR,ERR,ERR,ERR,ERR,ERR,ERR,ERR,ERR,ERR,ERR,ERR,ERR,ERR,ERR,ERR,ERR,ERR,ERR,ERR,ERR,ERR,ERR,ERR,ERR,ERR,ERR,ERR,ERR,ERR,ERR,ERR,ERR,ERR,ERR,ERR,ERR,ERR,ERR,ERR,ERR,ERR,ERR,ERR,ERR,ERR,ERR,ERR,ERR,ERR,ERR,ERR,ERR,ERR,ERR,ERR,ERR,ERR,ERR,ERR,ERR,ERR,ERR,ERR,ERR,ERR,ERR,ERR,ERR,ERR,ERR,ERR,ERR,ERR,ERR,ERR,ERR,ERR,ERR,ERR,ERR,ERR,ERR,ERR,ERR,ERR,ERR,ERR,ERR,ERR,ERR,ERR,ERR,ERR,ERR,ERR,ERR,ERR,ERR,ERR,ERR,ERR,ERR,ERR,ERR,ERR,ERR,ERR,ERR,ERR,ERR,ERR,ERR,ERR,ERR,ERR,ERR,0.0,0.0,0.0,0.0,0.0,1.3936040501711995e+18,7.805,0.0,0,0,4,0,7300,-0.0,0,0.0,0.0,0.0,0.0,0.0,0,0,0,0,0.0,0,0,0,0,0,0,0,0,0,0,0,0,0,0,0,0,0,0,0,0,0,0,0,0,0,0,0,0,0,0,0,0,0,32,30,30,62,65476,0,300,0,0,8,21553,0.0,-107605600.0,0.0,0.0,0.0,0.0,0.0,0.0,0.0,0.0,0.0,0.0,0.0,0.0,0.0,0.0,0.0,0.0,0.0,0.0,0.0,0.0,2.004,2.004,-0.0,2.004,0.0,0.0,0.0,0.0,5524.0,0.0,6948.0,0.0,0.0,-107615280.0,0.0,0.0,0.0,0.0,0.0,63,-0.0,89220.719,0.0,0.0,0.0,0.0,0.0,0.0,0.0,0,0,0,0.0,0.0,0.0,0.0,0.0,0.0,0.0,0.0,0.0,0.0,0.0,0.0,0.0,0.0,0.0,0.0,0,-107875648.0,63,0.0,126,2.7184242562605685e+23,-0.0,ERR,ERR,ERR,ERR,ERR,ERR,ERR,ERR,ERR,ERR,ERR,ERR,ERR,ERR,ERR,ERR,ERR,ERR,ERR,ERR,ERR,ERR,ERR,ERR,ERR,ERR,ERR,ERR,ERR,ERR,ERR,ERR,ERR,ERR,ERR,ERR,ERR,ERR,ERR,ERR,ERR,ERR,ERR,ERR,ERR,ERR,ERR,ERR,ERR,ERR,ERR,ERR,ERR,ERR,ERR,ERR,ERR,ERR,ERR,ERR,ERR,ERR,ERR,ERR,ERR,ERR,ERR,34.0,80.0,35,0.0,0.0,0.0,0.0,0.0,0.0,0.0,0.0,0.0,0.0,0.0,0.0,0.0,0.0,0.0,0.0,64.4,0,117,56,50,65476,0,300,0,0,8,20529,65476,0,0,57672,80.0,0.0,0.0,0.0,0.0,0.0
2026-06-17T04:12:10,ERR,ERR,ERR,ERR,ERR,ERR,ERR,ERR,ERR,ERR,ERR,ERR,ERR,ERR,ERR,ERR,ERR,ERR,ERR,ERR,ERR,ERR,ERR,ERR,ERR,ERR,ERR,ERR,ERR,ERR,ERR,ERR,ERR,ERR,ERR,ERR,ERR,ERR,ERR,ERR,ERR,ERR,ERR,ERR,ERR,ERR,ERR,ERR,ERR,ERR,ERR,ERR,ERR,ERR,ERR,ERR,ERR,ERR,ERR,ERR,ERR,ERR,ERR,ERR,ERR,ERR,ERR,ERR,ERR,ERR,ERR,ERR,ERR,ERR,ERR,ERR,ERR,ERR,ERR,ERR,ERR,ERR,ERR,ERR,ERR,ERR,ERR,ERR,ERR,ERR,ERR,ERR,ERR,ERR,ERR,ERR,ERR,ERR,ERR,ERR,ERR,ERR,ERR,ERR,ERR,ERR,ERR,ERR,ERR,ERR,ERR,ERR,ERR,ERR,ERR,ERR,ERR,ERR,ERR,ERR,ERR,ERR,ERR,ERR,ERR,0.0,0.0,0.0,0.0,0.0,1.3936040501711995e+18,7.805,0.0,0,0,4,0,7300,-0.0,0,0.0,0.0,0.0,0.0,0.0,0,0,0,0,0.0,0,0,0,0,0,0,0,0,0,0,0,0,0,0,0,0,0,0,0,0,0,0,0,0,0,0,0,0,0,0,0,0,0,32,30,30,62,65476,0,300,0,0,8,21553,0.0,-107605600.0,0.0,0.0,0.0,0.0,0.0,0.0,0.0,0.0,0.0,0.0,0.0,0.0,0.0,0.0,0.0,0.0,0.0,0.0,0.0,0.0,2.004,2.004,-0.0,2.004,0.0,0.0,0.0,0.0,5524.0,0.0,6948.0,0.0,0.0,-107615280.0,0.0,0.0,0.0,0.0,0.0,63,-0.0,89220.719,0.0,0.0,0.0,0.0,0.0,0.0,0.0,0,0,0,0.0,0.0,0.0,0.0,0.0,0.0,0.0,0.0,0.0,0.0,0.0,0.0,0.0,0.0,0.0,0.0,0,-107875648.0,63,0.0,126,2.7184242562605685e+23,-0.0,ERR,ERR,ERR,ERR,ERR,ERR,ERR,ERR,ERR,ERR,ERR,ERR,ERR,ERR,ERR,ERR,ERR,ERR,ERR,ERR,ERR,ERR,ERR,ERR,ERR,ERR,ERR,ERR,ERR,ERR,ERR,ERR,ERR,ERR,ERR,ERR,ERR,ERR,ERR,ERR,ERR,ERR,ERR,ERR,ERR,ERR,ERR,ERR,ERR,ERR,ERR,ERR,ERR,ERR,ERR,ERR,ERR,ERR,ERR,ERR,ERR,ERR,ERR,ERR,ERR,ERR,ERR,34.0,80.0,35,0.0,0.0,0.0,0.0,0.0,0.0,0.0,0.0,0.0,0.0,0.0,0.0,0.0,0.0,0.0,0.0,64.4,0,117,56,50,65476,0,300,0,0,8,20529,65476,0,0,57672,80.0,0.0,0.0,0.0,0.0,0.0
2026-06-17T04:12:11,ERR,ERR,ERR,ERR,ERR,ERR,ERR,ERR,ERR,ERR,ERR,ERR,ERR,ERR,ERR,ERR,ERR,ERR,ERR,ERR,ERR,ERR,ERR,ERR,ERR,ERR,ERR,ERR,ERR,ERR,ERR,ERR,ERR,ERR,ERR,ERR,ERR,ERR,ERR,ERR,ERR,ERR,ERR,ERR,ERR,ERR,ERR,ERR,ERR,ERR,ERR,ERR,ERR,ERR,ERR,ERR,ERR,ERR,ERR,ERR,ERR,ERR,ERR,ERR,ERR,ERR,ERR,ERR,ERR,ERR,ERR,ERR,ERR,ERR,ERR,ERR,ERR,ERR,ERR,ERR,ERR,ERR,ERR,ERR,ERR,ERR,ERR,ERR,ERR,ERR,ERR,ERR,ERR,ERR,ERR,ERR,ERR,ERR,ERR,ERR,ERR,ERR,ERR,ERR,ERR,ERR,ERR,ERR,ERR,ERR,ERR,ERR,ERR,ERR,ERR,ERR,ERR,ERR,ERR,ERR,ERR,ERR,ERR,ERR,ERR,0.0,0.0,0.0,0.0,0.0,1.3936040501711995e+18,7.805,0.0,0,0,4,0,7300,-0.0,0,0.0,0.0,0.0,0.0,0.0,0,0,0,0,0.0,0,0,0,0,0,0,0,0,0,0,0,0,0,0,0,0,0,0,0,0,0,0,0,0,0,0,0,0,0,0,0,0,0,32,30,30,62,65476,0,300,0,0,8,21553,0.0,-107605600.0,0.0,0.0,0.0,0.0,0.0,0.0,0.0,0.0,0.0,0.0,0.0,0.0,0.0,0.0,0.0,0.0,0.0,0.0,0.0,0.0,2.004,2.004,-0.0,2.004,0.0,0.0,0.0,0.0,5524.0,0.0,6948.0,0.0,0.0,-107615280.0,0.0,0.0,0.0,0.0,0.0,63,-0.0,89220.719,0.0,0.0,0.0,0.0,0.0,0.0,0.0,0,0,0,0.0,0.0,0.0,0.0,0.0,0.0,0.0,0.0,0.0,0.0,0.0,0.0,0.0,0.0,0.0,0.0,0,-107875648.0,63,0.0,126,2.7184242562605685e+23,-0.0,ERR,ERR,ERR,ERR,ERR,ERR,ERR,ERR,ERR,ERR,ERR,ERR,ERR,ERR,ERR,ERR,ERR,ERR,ERR,ERR,ERR,ERR,ERR,ERR,ERR,ERR,ERR,ERR,ERR,ERR,ERR,ERR,ERR,ERR,ERR,ERR,ERR,ERR,ERR,ERR,ERR,ERR,ERR,ERR,ERR,ERR,ERR,ERR,ERR,ERR,ERR,ERR,ERR,ERR,ERR,ERR,ERR,ERR,ERR,ERR,ERR,ERR,ERR,ERR,ERR,ERR,ERR,34.0,80.0,35,0.0,0.0,0.0,0.0,0.0,0.0,0.0,0.0,0.0,0.0,0.0,0.0,0.0,0.0,0.0,0.0,64.4,0,117,56,50,65476,0,300,0,0,8,20529,65476,0,0,57672,80.0,0.0,0.0,0.0,0.0,0.0
2026-06-17T04:12:12,ERR,ERR,ERR,ERR,ERR,ERR,ERR,ERR,ERR,ERR,ERR,ERR,ERR,ERR,ERR,ERR,ERR,ERR,ERR,ERR,ERR,ERR,ERR,ERR,ERR,ERR,ERR,ERR,ERR,ERR,ERR,ERR,ERR,ERR,ERR,ERR,ERR,ERR,ERR,ERR,ERR,ERR,ERR,ERR,ERR,ERR,ERR,ERR,ERR,ERR,ERR,ERR,ERR,ERR,ERR,ERR,ERR,ERR,ERR,ERR,ERR,ERR,ERR,ERR,ERR,ERR,ERR,ERR,ERR,ERR,ERR,ERR,ERR,ERR,ERR,ERR,ERR,ERR,ERR,ERR,ERR,ERR,ERR,ERR,ERR,ERR,ERR,ERR,ERR,ERR,ERR,ERR,ERR,ERR,ERR,ERR,ERR,ERR,ERR,ERR,ERR,ERR,ERR,ERR,ERR,ERR,ERR,ERR,ERR,ERR,ERR,ERR,ERR,ERR,ERR,ERR,ERR,ERR,ERR,ERR,ERR,ERR,ERR,ERR,ERR,0.0,0.0,0.0,0.0,0.0,1.3936040501711995e+18,7.805,0.0,0,0,4,0,7300,-0.0,0,0.0,0.0,0.0,0.0,0.0,0,0,0,0,0.0,0,0,0,0,0,0,0,0,0,0,0,0,0,0,0,0,0,0,0,0,0,0,0,0,0,0,0,0,0,0,0,0,0,32,30,30,62,65476,0,300,0,0,8,21553,0.0,-107605600.0,0.0,0.0,0.0,0.0,0.0,0.0,0.0,0.0,0.0,0.0,0.0,0.0,0.0,0.0,0.0,0.0,0.0,0.0,0.0,0.0,2.004,2.004,-0.0,2.004,0.0,0.0,0.0,0.0,5524.0,0.0,6948.0,0.0,0.0,-107615280.0,0.0,0.0,0.0,0.0,0.0,63,-0.0,89220.719,0.0,0.0,0.0,0.0,0.0,0.0,0.0,0,0,0,0.0,0.0,0.0,0.0,0.0,0.0,0.0,0.0,0.0,0.0,0.0,0.0,0.0,0.0,0.0,0.0,0,-107875648.0,63,0.0,126,2.7184242562605685e+23,-0.0,ERR,ERR,ERR,ERR,ERR,ERR,ERR,ERR,ERR,ERR,ERR,ERR,ERR,ERR,ERR,ERR,ERR,ERR,ERR,ERR,ERR,ERR,ERR,ERR,ERR,ERR,ERR,ERR,ERR,ERR,ERR,ERR,ERR,ERR,ERR,ERR,ERR,ERR,ERR,ERR,ERR,ERR,ERR,ERR,ERR,ERR,ERR,ERR,ERR,ERR,ERR,ERR,ERR,ERR,ERR,ERR,ERR,ERR,ERR,ERR,ERR,ERR,ERR,ERR,ERR,ERR,ERR,34.0,80.0,35,0.0,0.0,0.0,0.0,0.0,0.0,0.0,0.0,0.0,0.0,0.0,0.0,0.0,0.0,0.0,0.0,64.4,0,117,56,50,65476,0,300,0,0,8,20529,65476,0,0,57672,80.0,0.0,0.0,0.0,0.0,0.0
2026-06-17T04:12:13,ERR,ERR,ERR,ERR,ERR,ERR,ERR,ERR,ERR,ERR,ERR,ERR,ERR,ERR,ERR,ERR,ERR,ERR,ERR,ERR,ERR,ERR,ERR,ERR,ERR,ERR,ERR,ERR,ERR,ERR,ERR,ERR,ERR,ERR,ERR,ERR,ERR,ERR,ERR,ERR,ERR,ERR,ERR,ERR,ERR,ERR,ERR,ERR,ERR,ERR,ERR,ERR,ERR,ERR,ERR,ERR,ERR,ERR,ERR,ERR,ERR,ERR,ERR,ERR,ERR,ERR,ERR,ERR,ERR,ERR,ERR,ERR,ERR,ERR,ERR,ERR,ERR,ERR,ERR,ERR,ERR,ERR,ERR,ERR,ERR,ERR,ERR,ERR,ERR,ERR,ERR,ERR,ERR,ERR,ERR,ERR,ERR,ERR,ERR,ERR,ERR,ERR,ERR,ERR,ERR,ERR,ERR,ERR,ERR,ERR,ERR,ERR,ERR,ERR,ERR,ERR,ERR,ERR,ERR,ERR,ERR,ERR,ERR,ERR,ERR,0.0,0.0,0.0,0.0,0.0,1.3936040501711995e+18,7.805,0.0,0,0,4,0,7300,-0.0,0,0.0,0.0,0.0,0.0,0.0,0,0,0,0,0.0,0,0,0,0,0,0,0,0,0,0,0,0,0,0,0,0,0,0,0,0,0,0,0,0,0,0,0,0,0,0,0,0,0,32,30,30,62,65476,0,300,0,0,8,21553,0.0,-107605600.0,0.0,0.0,0.0,0.0,0.0,0.0,0.0,0.0,0.0,0.0,0.0,0.0,0.0,0.0,0.0,0.0,0.0,0.0,0.0,0.0,2.004,2.004,-0.0,2.004,0.0,0.0,0.0,0.0,5524.0,0.0,6948.0,0.0,0.0,-107615280.0,0.0,0.0,0.0,0.0,0.0,63,-0.0,89220.719,0.0,0.0,0.0,0.0,0.0,0.0,0.0,0,0,0,0.0,0.0,0.0,0.0,0.0,0.0,0.0,0.0,0.0,0.0,0.0,0.0,0.0,0.0,0.0,0.0,0,-107875648.0,63,0.0,126,2.7184242562605685e+23,-0.0,ERR,ERR,ERR,ERR,ERR,ERR,ERR,ERR,ERR,ERR,ERR,ERR,ERR,ERR,ERR,ERR,ERR,ERR,ERR,ERR,ERR,ERR,ERR,ERR,ERR,ERR,ERR,ERR,ERR,ERR,ERR,ERR,ERR,ERR,ERR,ERR,ERR,ERR,ERR,ERR,ERR,ERR,ERR,ERR,ERR,ERR,ERR,ERR,ERR,ERR,ERR,ERR,ERR,ERR,ERR,ERR,ERR,ERR,ERR,ERR,ERR,ERR,ERR,ERR,ERR,ERR,ERR,34.0,80.0,35,0.0,0.0,0.0,0.0,0.0,0.0,0.0,0.0,0.0,0.0,0.0,0.0,0.0,0.0,0.0,0.0,64.4,0,117,56,50,65476,0,300,0,0,8,20529,65476,0,0,57672,80.0,0.0,0.0,0.0,0.0,0.0
2026-06-17T04:12:14,ERR,ERR,ERR,ERR,ERR,ERR,ERR,ERR,ERR,ERR,ERR,ERR,ERR,ERR,ERR,ERR,ERR,ERR,ERR,ERR,ERR,ERR,ERR,ERR,ERR,ERR,ERR,ERR,ERR,ERR,ERR,ERR,ERR,ERR,ERR,ERR,ERR,ERR,ERR,ERR,ERR,ERR,ERR,ERR,ERR,ERR,ERR,ERR,ERR,ERR,ERR,ERR,ERR,ERR,ERR,ERR,ERR,ERR,ERR,ERR,ERR,ERR,ERR,ERR,ERR,ERR,ERR,ERR,ERR,ERR,ERR,ERR,ERR,ERR,ERR,ERR,ERR,ERR,ERR,ERR,ERR,ERR,ERR,ERR,ERR,ERR,ERR,ERR,ERR,ERR,ERR,ERR,ERR,ERR,ERR,ERR,ERR,ERR,ERR,ERR,ERR,ERR,ERR,ERR,ERR,ERR,ERR,ERR,ERR,ERR,ERR,ERR,ERR,ERR,ERR,ERR,ERR,ERR,ERR,ERR,ERR,ERR,ERR,ERR,ERR,0.0,0.0,0.0,0.0,0.0,1.3936040501711995e+18,7.805,0.0,0,0,4,0,7300,-0.0,0,0.0,0.0,0.0,0.0,0.0,0,0,0,0,0.0,0,0,0,0,0,0,0,0,0,0,0,0,0,0,0,0,0,0,0,0,0,0,0,0,0,0,0,0,0,0,0,0,0,32,30,30,62,65476,0,300,0,0,8,21553,0.0,-107605600.0,0.0,0.0,0.0,0.0,0.0,0.0,0.0,0.0,0.0,0.0,0.0,0.0,0.0,0.0,0.0,0.0,0.0,0.0,0.0,0.0,2.004,2.004,-0.0,2.004,0.0,0.0,0.0,0.0,5522.0,0.0,6945.0,0.0,0.0,-107615280.0,0.0,0.0,0.0,0.0,0.0,63,-0.0,0.0,0.0,0.0,0.0,0.0,0.0,0.0,0.0,0,0,0,0.0,0.0,0.0,0.0,0.0,0.0,0.0,0.0,0.0,0.0,0.0,0.0,0.0,0.0,0.0,0.0,0,-107875648.0,63,0.0,126,2.7184242562605685e+23,-0.0,ERR,ERR,ERR,ERR,ERR,ERR,ERR,ERR,ERR,ERR,ERR,ERR,ERR,ERR,ERR,ERR,ERR,ERR,ERR,ERR,ERR,ERR,ERR,ERR,ERR,ERR,ERR,ERR,ERR,ERR,ERR,ERR,ERR,ERR,ERR,ERR,ERR,ERR,ERR,ERR,ERR,ERR,ERR,ERR,ERR,ERR,ERR,ERR,ERR,ERR,ERR,ERR,ERR,ERR,ERR,ERR,ERR,ERR,ERR,ERR,ERR,ERR,ERR,ERR,ERR,ERR,ERR,34.0,80.0,35,0.0,0.0,0.0,0.0,0.0,0.0,0.0,0.0,0.0,0.0,0.0,0.0,0.0,0.0,0.0,0.0,64.4,0,117,56,50,65476,0,300,0,0,8,20529,65476,0,0,57672,80.0,0.0,0.0,0.0,0.0,0.0
2026-06-17T04:12:15,ERR,ERR,ERR,ERR,ERR,ERR,ERR,ERR,ERR,ERR,ERR,ERR,ERR,ERR,ERR,ERR,ERR,ERR,ERR,ERR,ERR,ERR,ERR,ERR,ERR,ERR,ERR,ERR,ERR,ERR,ERR,ERR,ERR,ERR,ERR,ERR,ERR,ERR,ERR,ERR,ERR,ERR,ERR,ERR,ERR,ERR,ERR,ERR,ERR,ERR,ERR,ERR,ERR,ERR,ERR,ERR,ERR,ERR,ERR,ERR,ERR,ERR,ERR,ERR,ERR,ERR,ERR,ERR,ERR,ERR,ERR,ERR,ERR,ERR,ERR,ERR,ERR,ERR,ERR,ERR,ERR,ERR,ERR,ERR,ERR,ERR,ERR,ERR,ERR,ERR,ERR,ERR,ERR,ERR,ERR,ERR,ERR,ERR,ERR,ERR,ERR,ERR,ERR,ERR,ERR,ERR,ERR,ERR,ERR,ERR,ERR,ERR,ERR,ERR,ERR,ERR,ERR,ERR,ERR,ERR,ERR,ERR,ERR,ERR,ERR,0.0,0.0,0.0,0.0,0.0,1.3936040501711995e+18,7.805,0.0,0,0,4,0,7300,-0.0,0,0.0,0.0,0.0,0.0,0.0,0,0,0,0,0.0,0,0,0,0,0,0,0,0,0,0,0,0,0,0,0,0,0,0,0,0,0,0,0,0,0,0,0,0,0,0,0,0,0,32,30,30,62,65476,0,300,0,0,8,21553,0.0,-107605600.0,0.0,0.0,0.0,0.0,0.0,0.0,0.0,0.0,0.0,0.0,0.0,0.0,0.0,0.0,0.0,0.0,0.0,0.0,0.0,0.0,2.004,2.004,-0.0,2.004,0.0,0.0,0.0,0.0,5522.0,0.0,6945.0,0.0,0.0,-107615280.0,0.0,0.0,0.0,0.0,0.0,63,-0.0,0.0,0.0,0.0,0.0,0.0,0.0,0.0,0.0,0,0,0,0.0,0.0,0.0,0.0,0.0,0.0,0.0,0.0,0.0,0.0,0.0,0.0,0.0,0.0,0.0,0.0,0,-107875648.0,63,0.0,126,2.7184242562605685e+23,-0.0,ERR,ERR,ERR,ERR,ERR,ERR,ERR,ERR,ERR,ERR,ERR,ERR,ERR,ERR,ERR,ERR,ERR,ERR,ERR,ERR,ERR,ERR,ERR,ERR,ERR,ERR,ERR,ERR,ERR,ERR,ERR,ERR,ERR,ERR,ERR,ERR,ERR,ERR,ERR,ERR,ERR,ERR,ERR,ERR,ERR,ERR,ERR,ERR,ERR,ERR,ERR,ERR,ERR,ERR,ERR,ERR,ERR,ERR,ERR,ERR,ERR,ERR,ERR,ERR,ERR,ERR,ERR,34.0,80.0,35,0.0,0.0,0.0,0.0,0.0,0.0,0.0,0.0,0.0,0.0,0.0,0.0,0.0,0.0,0.0,0.0,64.4,0,117,56,50,65476,0,300,0,0,8,20529,65476,0,0,57672,80.0,0.0,0.0,0.0,0.0,0.0
2026-06-17T04:12:16,ERR,ERR,ERR,ERR,ERR,ERR,ERR,ERR,ERR,ERR,ERR,ERR,ERR,ERR,ERR,ERR,ERR,ERR,ERR,ERR,ERR,ERR,ERR,ERR,ERR,ERR,ERR,ERR,ERR,ERR,ERR,ERR,ERR,ERR,ERR,ERR,ERR,ERR,ERR,ERR,ERR,ERR,ERR,ERR,ERR,ERR,ERR,ERR,ERR,ERR,ERR,ERR,ERR,ERR,ERR,ERR,ERR,ERR,ERR,ERR,ERR,ERR,ERR,ERR,ERR,ERR,ERR,ERR,ERR,ERR,ERR,ERR,ERR,ERR,ERR,ERR,ERR,ERR,ERR,ERR,ERR,ERR,ERR,ERR,ERR,ERR,ERR,ERR,ERR,ERR,ERR,ERR,ERR,ERR,ERR,ERR,ERR,ERR,ERR,ERR,ERR,ERR,ERR,ERR,ERR,ERR,ERR,ERR,ERR,ERR,ERR,ERR,ERR,ERR,ERR,ERR,ERR,ERR,ERR,ERR,ERR,ERR,ERR,ERR,ERR,0.0,0.0,0.0,0.0,0.0,1.3936040501711995e+18,7.805,0.0,0,0,4,0,7300,-0.0,0,0.0,0.0,0.0,0.0,0.0,0,0,0,0,0.0,0,0,0,0,0,0,0,0,0,0,0,0,0,0,0,0,0,0,0,0,0,0,0,0,0,0,0,0,0,0,0,0,0,32,30,30,62,65476,0,300,0,0,8,21553,0.0,-107605600.0,0.0,0.0,0.0,0.0,0.0,0.0,0.0,0.0,0.0,0.0,0.0,0.0,0.0,0.0,0.0,0.0,0.0,0.0,0.0,0.0,2.004,2.004,-0.0,2.004,0.0,0.0,0.0,0.0,5522.0,0.0,6945.0,0.0,0.0,-107615280.0,0.0,0.0,0.0,0.0,0.0,63,-0.0,0.0,0.0,0.0,0.0,0.0,0.0,0.0,0.0,0,0,0,0.0,0.0,0.0,0.0,0.0,0.0,0.0,0.0,0.0,0.0,0.0,0.0,0.0,0.0,0.0,0.0,0,-107875648.0,63,0.0,126,2.7184242562605685e+23,-0.0,ERR,ERR,ERR,ERR,ERR,ERR,ERR,ERR,ERR,ERR,ERR,ERR,ERR,ERR,ERR,ERR,ERR,ERR,ERR,ERR,ERR,ERR,ERR,ERR,ERR,ERR,ERR,ERR,ERR,ERR,ERR,ERR,ERR,ERR,ERR,ERR,ERR,ERR,ERR,ERR,ERR,ERR,ERR,ERR,ERR,ERR,ERR,ERR,ERR,ERR,ERR,ERR,ERR,ERR,ERR,ERR,ERR,ERR,ERR,ERR,ERR,ERR,ERR,ERR,ERR,ERR,ERR,34.0,80.0,35,0.0,0.0,0.0,0.0,0.0,0.0,0.0,0.0,0.0,0.0,0.0,0.0,0.0,0.0,0.0,0.0,64.4,0,117,56,50,65476,0,300,0,0,8,20529,65476,0,0,57672,80.0,0.0,0.0,0.0,0.0,0.0
2026-06-17T04:12:17,ERR,ERR,ERR,ERR,ERR,ERR,ERR,ERR,ERR,ERR,ERR,ERR,ERR,ERR,ERR,ERR,ERR,ERR,ERR,ERR,ERR,ERR,ERR,ERR,ERR,ERR,ERR,ERR,ERR,ERR,ERR,ERR,ERR,ERR,ERR,ERR,ERR,ERR,ERR,ERR,ERR,ERR,ERR,ERR,ERR,ERR,ERR,ERR,ERR,ERR,ERR,ERR,ERR,ERR,ERR,ERR,ERR,ERR,ERR,ERR,ERR,ERR,ERR,ERR,ERR,ERR,ERR,ERR,ERR,ERR,ERR,ERR,ERR,ERR,ERR,ERR,ERR,ERR,ERR,ERR,ERR,ERR,ERR,ERR,ERR,ERR,ERR,ERR,ERR,ERR,ERR,ERR,ERR,ERR,ERR,ERR,ERR,ERR,ERR,ERR,ERR,ERR,ERR,ERR,ERR,ERR,ERR,ERR,ERR,ERR,ERR,ERR,ERR,ERR,ERR,ERR,ERR,ERR,ERR,ERR,ERR,ERR,ERR,ERR,ERR,0.0,0.0,0.0,0.0,0.0,1.3936040501711995e+18,7.805,0.0,0,0,4,0,7300,-0.0,0,0.0,0.0,0.0,0.0,0.0,0,0,0,0,0.0,0,0,0,0,0,0,0,0,0,0,0,0,0,0,0,0,0,0,0,0,0,0,0,0,0,0,0,0,0,0,0,0,0,32,30,30,62,65476,0,300,0,0,8,21553,0.0,-107605600.0,0.0,0.0,0.0,0.0,0.0,0.0,0.0,0.0,0.0,0.0,0.0,0.0,0.0,0.0,0.0,0.0,0.0,0.0,0.0,0.0,2.004,2.004,-0.0,2.004,0.0,0.0,0.0,0.0,5522.0,0.0,6945.0,0.0,0.0,-107615280.0,0.0,0.0,0.0,0.0,0.0,63,-0.0,0.0,0.0,0.0,0.0,0.0,0.0,0.0,0.0,0,0,0,0.0,0.0,0.0,0.0,0.0,0.0,0.0,0.0,0.0,0.0,0.0,0.0,0.0,0.0,0.0,0.0,0,-107875648.0,63,0.0,126,2.7184242562605685e+23,-0.0,ERR,ERR,ERR,ERR,ERR,ERR,ERR,ERR,ERR,ERR,ERR,ERR,ERR,ERR,ERR,ERR,ERR,ERR,ERR,ERR,ERR,ERR,ERR,ERR,ERR,ERR,ERR,ERR,ERR,ERR,ERR,ERR,ERR,ERR,ERR,ERR,ERR,ERR,ERR,ERR,ERR,ERR,ERR,ERR,ERR,ERR,ERR,ERR,ERR,ERR,ERR,ERR,ERR,ERR,ERR,ERR,ERR,ERR,ERR,ERR,ERR,ERR,ERR,ERR,ERR,ERR,ERR,34.0,80.0,35,0.0,0.0,0.0,0.0,0.0,0.0,0.0,0.0,0.0,0.0,0.0,0.0,0.0,0.0,0.0,0.0,64.4,0,117,56,50,65476,0,300,0,0,8,20529,65476,0,0,57672,80.0,0.0,0.0,0.0,0.0,0.0
2026-06-17T04:12:18,ERR,ERR,ERR,ERR,ERR,ERR,ERR,ERR,ERR,ERR,ERR,ERR,ERR,ERR,ERR,ERR,ERR,ERR,ERR,ERR,ERR,ERR,ERR,ERR,ERR,ERR,ERR,ERR,ERR,ERR,ERR,ERR,ERR,ERR,ERR,ERR,ERR,ERR,ERR,ERR,ERR,ERR,ERR,ERR,ERR,ERR,ERR,ERR,ERR,ERR,ERR,ERR,ERR,ERR,ERR,ERR,ERR,ERR,ERR,ERR,ERR,ERR,ERR,ERR,ERR,ERR,ERR,ERR,ERR,ERR,ERR,ERR,ERR,ERR,ERR,ERR,ERR,ERR,ERR,ERR,ERR,ERR,ERR,ERR,ERR,ERR,ERR,ERR,ERR,ERR,ERR,ERR,ERR,ERR,ERR,ERR,ERR,ERR,ERR,ERR,ERR,ERR,ERR,ERR,ERR,ERR,ERR,ERR,ERR,ERR,ERR,ERR,ERR,ERR,ERR,ERR,ERR,ERR,ERR,ERR,ERR,ERR,ERR,ERR,ERR,0.0,0.0,0.0,0.0,0.0,1.3936040501711995e+18,7.805,0.0,0,0,4,0,7300,-0.0,0,0.0,0.0,0.0,0.0,0.0,0,0,0,0,0.0,0,0,0,0,0,0,0,0,0,0,0,0,0,0,0,0,0,0,0,0,0,0,0,0,0,0,0,0,0,0,0,0,0,32,30,30,62,65476,0,300,0,0,8,21553,0.0,-107605600.0,0.0,0.0,0.0,0.0,0.0,0.0,0.0,0.0,0.0,0.0,0.0,0.0,0.0,0.0,0.0,0.0,0.0,0.0,0.0,0.0,2.004,2.004,-0.0,2.004,0.0,0.0,0.0,0.0,5522.0,0.0,6945.0,0.0,0.0,-107615280.0,0.0,0.0,0.0,0.0,0.0,63,-0.0,0.0,0.0,0.0,0.0,0.0,0.0,0.0,0.0,0,0,0,0.0,0.0,0.0,0.0,0.0,0.0,0.0,0.0,0.0,0.0,0.0,0.0,0.0,0.0,0.0,0.0,0,-107875648.0,63,0.0,126,2.7184242562605685e+23,-0.0,ERR,ERR,ERR,ERR,ERR,ERR,ERR,ERR,ERR,ERR,ERR,ERR,ERR,ERR,ERR,ERR,ERR,ERR,ERR,ERR,ERR,ERR,ERR,ERR,ERR,ERR,ERR,ERR,ERR,ERR,ERR,ERR,ERR,ERR,ERR,ERR,ERR,ERR,ERR,ERR,ERR,ERR,ERR,ERR,ERR,ERR,ERR,ERR,ERR,ERR,ERR,ERR,ERR,ERR,ERR,ERR,ERR,ERR,ERR,ERR,ERR,ERR,ERR,ERR,ERR,ERR,ERR,34.0,80.0,35,0.0,0.0,0.0,0.0,0.0,0.0,0.0,0.0,0.0,0.0,0.0,0.0,0.0,0.0,0.0,0.0,64.4,0,117,56,50,65476,0,300,0,0,8,20529,65476,0,0,57672,80.0,0.0,0.0,0.0,0.0,0.0
2026-06-17T04:12:19,ERR,ERR,ERR,ERR,ERR,ERR,ERR,ERR,ERR,ERR,ERR,ERR,ERR,ERR,ERR,ERR,ERR,ERR,ERR,ERR,ERR,ERR,ERR,ERR,ERR,ERR,ERR,ERR,ERR,ERR,ERR,ERR,ERR,ERR,ERR,ERR,ERR,ERR,ERR,ERR,ERR,ERR,ERR,ERR,ERR,ERR,ERR,ERR,ERR,ERR,ERR,ERR,ERR,ERR,ERR,ERR,ERR,ERR,ERR,ERR,ERR,ERR,ERR,ERR,ERR,ERR,ERR,ERR,ERR,ERR,ERR,ERR,ERR,ERR,ERR,ERR,ERR,ERR,ERR,ERR,ERR,ERR,ERR,ERR,ERR,ERR,ERR,ERR,ERR,ERR,ERR,ERR,ERR,ERR,ERR,ERR,ERR,ERR,ERR,ERR,ERR,ERR,ERR,ERR,ERR,ERR,ERR,ERR,ERR,ERR,ERR,ERR,ERR,ERR,ERR,ERR,ERR,ERR,ERR,ERR,ERR,ERR,ERR,ERR,ERR,0.0,0.0,0.0,0.0,0.0,1.3936040501711995e+18,7.805,0.0,0,0,4,0,7300,-0.0,0,0.0,0.0,0.0,0.0,0.0,0,0,0,0,0.0,0,0,0,0,0,0,0,0,0,0,0,0,0,0,0,0,0,0,0,0,0,0,0,0,0,0,0,0,0,0,0,0,0,32,30,30,62,65476,0,300,0,0,8,21553,0.0,-107605600.0,0.0,0.0,0.0,0.0,0.0,0.0,0.0,0.0,0.0,0.0,0.0,0.0,0.0,0.0,0.0,0.0,0.0,0.0,0.0,0.0,2.004,2.004,-0.0,2.004,0.0,0.0,0.0,0.0,5520.0,0.0,6948.0,0.0,0.0,-107615280.0,0.0,0.0,0.0,0.0,0.0,63,-0.0,126840700928.0,0.0,0.0,0.0,0.0,0.0,0.0,0.0,0,0,0,0.0,0.0,0.0,0.0,0.0,0.0,0.0,0.0,0.0,0.0,0.0,0.0,0.0,0.0,0.0,0.0,0,-107875648.0,63,0.0,126,2.7184242562605685e+23,-0.0,ERR,ERR,ERR,ERR,ERR,ERR,ERR,ERR,ERR,ERR,ERR,ERR,ERR,ERR,ERR,ERR,ERR,ERR,ERR,ERR,ERR,ERR,ERR,ERR,ERR,ERR,ERR,ERR,ERR,ERR,ERR,ERR,ERR,ERR,ERR,ERR,ERR,ERR,ERR,ERR,ERR,ERR,ERR,ERR,ERR,ERR,ERR,ERR,ERR,ERR,ERR,ERR,ERR,ERR,ERR,ERR,ERR,ERR,ERR,ERR,ERR,ERR,ERR,ERR,ERR,ERR,ERR,34.0,80.0,35,0.0,0.0,0.0,0.0,0.0,0.0,0.0,0.0,0.0,0.0,0.0,0.0,0.0,0.0,0.0,0.0,64.8,0,117,56,50,65476,0,300,0,0,8,20529,65476,0,0,57672,80.0,0.0,0.0,0.0,0.0,0.0
2026-06-17T04:12:20,ERR,ERR,ERR,ERR,ERR,ERR,ERR,ERR,ERR,ERR,ERR,ERR,ERR,ERR,ERR,ERR,ERR,ERR,ERR,ERR,ERR,ERR,ERR,ERR,ERR,ERR,ERR,ERR,ERR,ERR,ERR,ERR,ERR,ERR,ERR,ERR,ERR,ERR,ERR,ERR,ERR,ERR,ERR,ERR,ERR,ERR,ERR,ERR,ERR,ERR,ERR,ERR,ERR,ERR,ERR,ERR,ERR,ERR,ERR,ERR,ERR,ERR,ERR,ERR,ERR,ERR,ERR,ERR,ERR,ERR,ERR,ERR,ERR,ERR,ERR,ERR,ERR,ERR,ERR,ERR,ERR,ERR,ERR,ERR,ERR,ERR,ERR,ERR,ERR,ERR,ERR,ERR,ERR,ERR,ERR,ERR,ERR,ERR,ERR,ERR,ERR,ERR,ERR,ERR,ERR,ERR,ERR,ERR,ERR,ERR,ERR,ERR,ERR,ERR,ERR,ERR,ERR,ERR,ERR,ERR,ERR,ERR,ERR,ERR,ERR,0.0,0.0,0.0,0.0,0.0,1.3936040501711995e+18,7.805,0.0,0,0,4,0,7300,-0.0,0,0.0,0.0,0.0,0.0,0.0,0,0,0,0,0.0,0,0,0,0,0,0,0,0,0,0,0,0,0,0,0,0,0,0,0,0,0,0,0,0,0,0,0,0,0,0,0,0,0,32,30,30,62,65476,0,300,0,0,8,21553,0.0,-107605600.0,0.0,0.0,0.0,0.0,0.0,0.0,0.0,0.0,0.0,0.0,0.0,0.0,0.0,0.0,0.0,0.0,0.0,0.0,0.0,0.0,2.004,2.004,-0.0,2.004,0.0,0.0,0.0,0.0,5520.0,0.0,6948.0,0.0,0.0,-107615280.0,0.0,0.0,0.0,0.0,0.0,63,-0.0,126840700928.0,0.0,0.0,0.0,0.0,0.0,0.0,0.0,0,0,0,0.0,0.0,0.0,0.0,0.0,0.0,0.0,0.0,0.0,0.0,0.0,0.0,0.0,0.0,0.0,0.0,0,-107875648.0,63,0.0,126,2.7184242562605685e+23,-0.0,ERR,ERR,ERR,ERR,ERR,ERR,ERR,ERR,ERR,ERR,ERR,ERR,ERR,ERR,ERR,ERR,ERR,ERR,ERR,ERR,ERR,ERR,ERR,ERR,ERR,ERR,ERR,ERR,ERR,ERR,ERR,ERR,ERR,ERR,ERR,ERR,ERR,ERR,ERR,ERR,ERR,ERR,ERR,ERR,ERR,ERR,ERR,ERR,ERR,ERR,ERR,ERR,ERR,ERR,ERR,ERR,ERR,ERR,ERR,ERR,ERR,ERR,ERR,ERR,ERR,ERR,ERR,34.0,80.0,35,0.0,0.0,0.0,0.0,0.0,0.0,0.0,0.0,0.0,0.0,0.0,0.0,0.0,0.0,0.0,0.0,64.8,0,117,56,50,65476,0,300,0,0,8,20529,65476,0,0,57672,80.0,0.0,0.0,0.0,0.0,0.0
2026-06-17T04:12:21,ERR,ERR,ERR,ERR,ERR,ERR,ERR,ERR,ERR,ERR,ERR,ERR,ERR,ERR,ERR,ERR,ERR,ERR,ERR,ERR,ERR,ERR,ERR,ERR,ERR,ERR,ERR,ERR,ERR,ERR,ERR,ERR,ERR,ERR,ERR,ERR,ERR,ERR,ERR,ERR,ERR,ERR,ERR,ERR,ERR,ERR,ERR,ERR,ERR,ERR,ERR,ERR,ERR,ERR,ERR,ERR,ERR,ERR,ERR,ERR,ERR,ERR,ERR,ERR,ERR,ERR,ERR,ERR,ERR,ERR,ERR,ERR,ERR,ERR,ERR,ERR,ERR,ERR,ERR,ERR,ERR,ERR,ERR,ERR,ERR,ERR,ERR,ERR,ERR,ERR,ERR,ERR,ERR,ERR,ERR,ERR,ERR,ERR,ERR,ERR,ERR,ERR,ERR,ERR,ERR,ERR,ERR,ERR,ERR,ERR,ERR,ERR,ERR,ERR,ERR,ERR,ERR,ERR,ERR,ERR,ERR,ERR,ERR,ERR,ERR,0.0,0.0,0.0,0.0,0.0,1.3936040501711995e+18,7.805,0.0,0,0,4,0,7300,-0.0,0,0.0,0.0,0.0,0.0,0.0,0,0,0,0,0.0,0,0,0,0,0,0,0,0,0,0,0,0,0,0,0,0,0,0,0,0,0,0,0,0,0,0,0,0,0,0,0,0,0,32,30,30,62,65476,0,300,0,0,8,21553,0.0,-107605600.0,0.0,0.0,0.0,0.0,0.0,0.0,0.0,0.0,0.0,0.0,0.0,0.0,0.0,0.0,0.0,0.0,0.0,0.0,0.0,0.0,2.004,2.004,-0.0,2.004,0.0,0.0,0.0,0.0,5520.0,0.0,6948.0,0.0,0.0,-107615280.0,0.0,0.0,0.0,0.0,0.0,63,-0.0,126840700928.0,0.0,0.0,0.0,0.0,0.0,0.0,0.0,0,0,0,0.0,0.0,0.0,0.0,0.0,0.0,0.0,0.0,0.0,0.0,0.0,0.0,0.0,0.0,0.0,0.0,0,-107875648.0,63,0.0,126,2.7184242562605685e+23,-0.0,ERR,ERR,ERR,ERR,ERR,ERR,ERR,ERR,ERR,ERR,ERR,ERR,ERR,ERR,ERR,ERR,ERR,ERR,ERR,ERR,ERR,ERR,ERR,ERR,ERR,ERR,ERR,ERR,ERR,ERR,ERR,ERR,ERR,ERR,ERR,ERR,ERR,ERR,ERR,ERR,ERR,ERR,ERR,ERR,ERR,ERR,ERR,ERR,ERR,ERR,ERR,ERR,ERR,ERR,ERR,ERR,ERR,ERR,ERR,ERR,ERR,ERR,ERR,ERR,ERR,ERR,ERR,34.0,80.0,35,0.0,0.0,0.0,0.0,0.0,0.0,0.0,0.0,0.0,0.0,0.0,0.0,0.0,0.0,0.0,0.0,64.8,0,117,56,50,65476,0,300,0,0,8,20529,65476,0,0,57672,80.0,0.0,0.0,0.0,0.0,0.0
2026-06-17T04:12:22,ERR,ERR,ERR,ERR,ERR,ERR,ERR,ERR,ERR,ERR,ERR,ERR,ERR,ERR,ERR,ERR,ERR,ERR,ERR,ERR,ERR,ERR,ERR,ERR,ERR,ERR,ERR,ERR,ERR,ERR,ERR,ERR,ERR,ERR,ERR,ERR,ERR,ERR,ERR,ERR,ERR,ERR,ERR,ERR,ERR,ERR,ERR,ERR,ERR,ERR,ERR,ERR,ERR,ERR,ERR,ERR,ERR,ERR,ERR,ERR,ERR,ERR,ERR,ERR,ERR,ERR,ERR,ERR,ERR,ERR,ERR,ERR,ERR,ERR,ERR,ERR,ERR,ERR,ERR,ERR,ERR,ERR,ERR,ERR,ERR,ERR,ERR,ERR,ERR,ERR,ERR,ERR,ERR,ERR,ERR,ERR,ERR,ERR,ERR,ERR,ERR,ERR,ERR,ERR,ERR,ERR,ERR,ERR,ERR,ERR,ERR,ERR,ERR,ERR,ERR,ERR,ERR,ERR,ERR,ERR,ERR,ERR,ERR,ERR,ERR,0.0,0.0,0.0,0.0,0.0,1.3936040501711995e+18,7.805,0.0,0,0,4,0,7300,-0.0,0,0.0,0.0,0.0,0.0,0.0,0,0,0,0,0.0,0,0,0,0,0,0,0,0,0,0,0,0,0,0,0,0,0,0,0,0,0,0,0,0,0,0,0,0,0,0,0,0,0,32,30,30,62,65476,0,300,0,0,8,21553,0.0,-107605600.0,0.0,0.0,0.0,0.0,0.0,0.0,0.0,0.0,0.0,0.0,0.0,0.0,0.0,0.0,0.0,0.0,0.0,0.0,0.0,0.0,2.004,2.004,-0.0,2.004,0.0,0.0,0.0,0.0,5520.0,0.0,6948.0,0.0,0.0,-107615280.0,0.0,0.0,0.0,0.0,0.0,63,-0.0,126840700928.0,0.0,0.0,0.0,0.0,0.0,0.0,0.0,0,0,0,0.0,0.0,0.0,0.0,0.0,0.0,0.0,0.0,0.0,0.0,0.0,0.0,0.0,0.0,0.0,0.0,0,-107875648.0,63,0.0,126,2.7184242562605685e+23,-0.0,ERR,ERR,ERR,ERR,ERR,ERR,ERR,ERR,ERR,ERR,ERR,ERR,ERR,ERR,ERR,ERR,ERR,ERR,ERR,ERR,ERR,ERR,ERR,ERR,ERR,ERR,ERR,ERR,ERR,ERR,ERR,ERR,ERR,ERR,ERR,ERR,ERR,ERR,ERR,ERR,ERR,ERR,ERR,ERR,ERR,ERR,ERR,ERR,ERR,ERR,ERR,ERR,ERR,ERR,ERR,ERR,ERR,ERR,ERR,ERR,ERR,ERR,ERR,ERR,ERR,ERR,ERR,34.0,80.0,35,0.0,0.0,0.0,0.0,0.0,0.0,0.0,0.0,0.0,0.0,0.0,0.0,0.0,0.0,0.0,0.0,64.4,0,117,56,50,65476,0,300,0,0,8,20529,65476,0,0,57672,80.0,0.0,0.0,0.0,0.0,0.0
2026-06-17T04:12:23,ERR,ERR,ERR,ERR,ERR,ERR,ERR,ERR,ERR,ERR,ERR,ERR,ERR,ERR,ERR,ERR,ERR,ERR,ERR,ERR,ERR,ERR,ERR,ERR,ERR,ERR,ERR,ERR,ERR,ERR,ERR,ERR,ERR,ERR,ERR,ERR,ERR,ERR,ERR,ERR,ERR,ERR,ERR,ERR,ERR,ERR,ERR,ERR,ERR,ERR,ERR,ERR,ERR,ERR,ERR,ERR,ERR,ERR,ERR,ERR,ERR,ERR,ERR,ERR,ERR,ERR,ERR,ERR,ERR,ERR,ERR,ERR,ERR,ERR,ERR,ERR,ERR,ERR,ERR,ERR,ERR,ERR,ERR,ERR,ERR,ERR,ERR,ERR,ERR,ERR,ERR,ERR,ERR,ERR,ERR,ERR,ERR,ERR,ERR,ERR,ERR,ERR,ERR,ERR,ERR,ERR,ERR,ERR,ERR,ERR,ERR,ERR,ERR,ERR,ERR,ERR,ERR,ERR,ERR,ERR,ERR,ERR,ERR,ERR,ERR,0.0,0.0,0.0,0.0,0.0,1.3936040501711995e+18,7.805,0.0,0,0,4,0,7300,-0.0,0,0.0,0.0,0.0,0.0,0.0,0,0,0,0,0.0,0,0,0,0,0,0,0,0,0,0,0,0,0,0,0,0,0,0,0,0,0,0,0,0,0,0,0,0,0,0,0,0,0,32,30,30,62,65476,0,300,0,0,8,21553,0.0,-107605600.0,0.0,0.0,0.0,0.0,0.0,0.0,0.0,0.0,0.0,0.0,0.0,0.0,0.0,0.0,0.0,0.0,0.0,0.0,0.0,0.0,2.004,2.004,-0.0,2.004,0.0,0.0,0.0,0.0,5520.0,0.0,6948.0,0.0,0.0,-107615280.0,0.0,0.0,0.0,0.0,0.0,63,-0.0,126840700928.0,0.0,0.0,0.0,0.0,0.0,0.0,0.0,0,0,0,0.0,0.0,0.0,0.0,0.0,0.0,0.0,0.0,0.0,0.0,0.0,0.0,0.0,0.0,0.0,0.0,0,-107875648.0,63,0.0,126,2.7184242562605685e+23,-0.0,ERR,ERR,ERR,ERR,ERR,ERR,ERR,ERR,ERR,ERR,ERR,ERR,ERR,ERR,ERR,ERR,ERR,ERR,ERR,ERR,ERR,ERR,ERR,ERR,ERR,ERR,ERR,ERR,ERR,ERR,ERR,ERR,ERR,ERR,ERR,ERR,ERR,ERR,ERR,ERR,ERR,ERR,ERR,ERR,ERR,ERR,ERR,ERR,ERR,ERR,ERR,ERR,ERR,ERR,ERR,ERR,ERR,ERR,ERR,ERR,ERR,ERR,ERR,ERR,ERR,ERR,ERR,34.0,80.0,35,0.0,0.0,0.0,0.0,0.0,0.0,0.0,0.0,0.0,0.0,0.0,0.0,0.0,0.0,0.0,0.0,64.4,0,117,56,50,65476,0,300,0,0,8,20529,65476,0,0,57672,80.0,0.0,0.0,0.0,0.0,0.0
2026-06-17T04:12:24,ERR,ERR,ERR,ERR,ERR,ERR,ERR,ERR,ERR,ERR,ERR,ERR,ERR,ERR,ERR,ERR,ERR,ERR,ERR,ERR,ERR,ERR,ERR,ERR,ERR,ERR,ERR,ERR,ERR,ERR,ERR,ERR,ERR,ERR,ERR,ERR,ERR,ERR,ERR,ERR,ERR,ERR,ERR,ERR,ERR,ERR,ERR,ERR,ERR,ERR,ERR,ERR,ERR,ERR,ERR,ERR,ERR,ERR,ERR,ERR,ERR,ERR,ERR,ERR,ERR,ERR,ERR,ERR,ERR,ERR,ERR,ERR,ERR,ERR,ERR,ERR,ERR,ERR,ERR,ERR,ERR,ERR,ERR,ERR,ERR,ERR,ERR,ERR,ERR,ERR,ERR,ERR,ERR,ERR,ERR,ERR,ERR,ERR,ERR,ERR,ERR,ERR,ERR,ERR,ERR,ERR,ERR,ERR,ERR,ERR,ERR,ERR,ERR,ERR,ERR,ERR,ERR,ERR,ERR,ERR,ERR,ERR,ERR,ERR,ERR,0.0,0.0,0.0,0.0,0.0,1.3936040501711995e+18,7.805,0.0,0,0,4,0,7300,-0.0,0,0.0,0.0,0.0,0.0,0.0,0,0,0,0,0.0,0,0,0,0,0,0,0,0,0,0,0,0,0,0,0,0,0,0,0,0,0,0,0,0,0,0,0,0,0,0,0,0,0,32,30,30,62,65476,0,300,0,0,8,21553,0.0,-107605600.0,0.0,0.0,0.0,0.0,0.0,0.0,0.0,0.0,0.0,0.0,0.0,0.0,0.0,0.0,0.0,0.0,0.0,0.0,0.0,0.0,2.004,2.004,-0.0,2.004,0.0,0.0,0.0,0.0,5520.0,0.0,6948.0,0.0,0.0,-107615280.0,0.0,0.0,0.0,0.0,0.0,63,-0.0,126840700928.0,0.0,0.0,0.0,0.0,0.0,0.0,0.0,0,0,0,0.0,0.0,0.0,0.0,0.0,0.0,0.0,0.0,0.0,0.0,0.0,0.0,0.0,0.0,0.0,0.0,0,-107875648.0,63,0.0,126,2.7184242562605685e+23,-0.0,ERR,ERR,ERR,ERR,ERR,ERR,ERR,ERR,ERR,ERR,ERR,ERR,ERR,ERR,ERR,ERR,ERR,ERR,ERR,ERR,ERR,ERR,ERR,ERR,ERR,ERR,ERR,ERR,ERR,ERR,ERR,ERR,ERR,ERR,ERR,ERR,ERR,ERR,ERR,ERR,ERR,ERR,ERR,ERR,ERR,ERR,ERR,ERR,ERR,ERR,ERR,ERR,ERR,ERR,ERR,ERR,ERR,ERR,ERR,ERR,ERR,ERR,ERR,ERR,ERR,ERR,ERR,34.0,80.0,35,0.0,0.0,0.0,0.0,0.0,0.0,0.0,0.0,0.0,0.0,0.0,0.0,0.0,0.0,0.0,0.0,64.4,0,117,56,50,65476,0,300,0,0,8,20529,65476,0,0,57672,80.0,0.0,0.0,0.0,0.0,0.0
2026-06-17T04:12:25,ERR,ERR,ERR,ERR,ERR,ERR,ERR,ERR,ERR,ERR,ERR,ERR,ERR,ERR,ERR,ERR,ERR,ERR,ERR,ERR,ERR,ERR,ERR,ERR,ERR,ERR,ERR,ERR,ERR,ERR,ERR,ERR,ERR,ERR,ERR,ERR,ERR,ERR,ERR,ERR,ERR,ERR,ERR,ERR,ERR,ERR,ERR,ERR,ERR,ERR,ERR,ERR,ERR,ERR,ERR,ERR,ERR,ERR,ERR,ERR,ERR,ERR,ERR,ERR,ERR,ERR,ERR,ERR,ERR,ERR,ERR,ERR,ERR,ERR,ERR,ERR,ERR,ERR,ERR,ERR,ERR,ERR,ERR,ERR,ERR,ERR,ERR,ERR,ERR,ERR,ERR,ERR,ERR,ERR,ERR,ERR,ERR,ERR,ERR,ERR,ERR,ERR,ERR,ERR,ERR,ERR,ERR,ERR,ERR,ERR,ERR,ERR,ERR,ERR,ERR,ERR,ERR,ERR,ERR,ERR,ERR,ERR,ERR,ERR,ERR,0.0,0.0,0.0,0.0,0.0,1.3936040501711995e+18,7.805,0.0,0,0,4,0,7300,-0.0,0,0.0,0.0,0.0,0.0,0.0,0,0,0,0,0.0,0,0,0,0,0,0,0,0,0,0,0,0,0,0,0,0,0,0,0,0,0,0,0,0,0,0,0,0,0,0,0,0,0,32,30,30,62,65476,0,300,0,0,8,21553,0.0,-107605600.0,0.0,0.0,0.0,0.0,0.0,0.0,0.0,0.0,0.0,0.0,0.0,0.0,0.0,0.0,0.0,0.0,0.0,0.0,0.0,0.0,2.004,2.004,-0.0,2.004,0.0,0.0,0.0,0.0,5487.0,-0.0,6960.0,0.0,0.0,-107615280.0,0.0,0.0,0.0,0.0,0.0,63,-0.0,-0.0,0.0,0.0,0.0,0.0,0.0,0.0,0.0,0,0,0,0.0,0.0,0.0,0.0,0.0,0.0,0.0,0.0,0.0,0.0,0.0,0.0,0.0,0.0,0.0,0.0,0,-107875648.0,63,0.0,126,2.7184242562605685e+23,-0.0,ERR,ERR,ERR,ERR,ERR,ERR,ERR,ERR,ERR,ERR,ERR,ERR,ERR,ERR,ERR,ERR,ERR,ERR,ERR,ERR,ERR,ERR,ERR,ERR,ERR,ERR,ERR,ERR,ERR,ERR,ERR,ERR,ERR,ERR,ERR,ERR,ERR,ERR,ERR,ERR,ERR,ERR,ERR,ERR,ERR,ERR,ERR,ERR,ERR,ERR,ERR,ERR,ERR,ERR,ERR,ERR,ERR,ERR,ERR,ERR,ERR,ERR,ERR,ERR,ERR,ERR,ERR,34.0,80.0,35,0.0,0.0,0.0,0.0,0.0,0.0,0.0,0.0,0.0,0.0,0.0,0.0,0.0,0.0,0.0,0.0,64.4,0,117,56,50,65476,0,300,0,0,8,20529,65476,0,0,57672,80.0,0.0,0.0,0.0,0.0,0.0
2026-06-17T04:12:26,ERR,ERR,ERR,ERR,ERR,ERR,ERR,ERR,ERR,ERR,ERR,ERR,ERR,ERR,ERR,ERR,ERR,ERR,ERR,ERR,ERR,ERR,ERR,ERR,ERR,ERR,ERR,ERR,ERR,ERR,ERR,ERR,ERR,ERR,ERR,ERR,ERR,ERR,ERR,ERR,ERR,ERR,ERR,ERR,ERR,ERR,ERR,ERR,ERR,ERR,ERR,ERR,ERR,ERR,ERR,ERR,ERR,ERR,ERR,ERR,ERR,ERR,ERR,ERR,ERR,ERR,ERR,ERR,ERR,ERR,ERR,ERR,ERR,ERR,ERR,ERR,ERR,ERR,ERR,ERR,ERR,ERR,ERR,ERR,ERR,ERR,ERR,ERR,ERR,ERR,ERR,ERR,ERR,ERR,ERR,ERR,ERR,ERR,ERR,ERR,ERR,ERR,ERR,ERR,ERR,ERR,ERR,ERR,ERR,ERR,ERR,ERR,ERR,ERR,ERR,ERR,ERR,ERR,ERR,ERR,ERR,ERR,ERR,ERR,ERR,0.0,0.0,0.0,0.0,0.0,1.3936040501711995e+18,7.805,0.0,0,0,4,0,7300,-0.0,0,0.0,0.0,0.0,0.0,0.0,0,0,0,0,0.0,0,0,0,0,0,0,0,0,0,0,0,0,0,0,0,0,0,0,0,0,0,0,0,0,0,0,0,0,0,0,0,0,0,32,30,30,62,65476,0,300,0,0,8,21553,0.0,-107605600.0,0.0,0.0,0.0,0.0,0.0,0.0,0.0,0.0,0.0,0.0,0.0,0.0,0.0,0.0,0.0,0.0,0.0,0.0,0.0,0.0,2.004,2.004,-0.0,2.004,0.0,0.0,0.0,0.0,5487.0,-0.0,6960.0,0.0,0.0,-107615280.0,0.0,0.0,0.0,0.0,0.0,63,-0.0,-0.0,0.0,0.0,0.0,0.0,0.0,0.0,0.0,0,0,0,0.0,0.0,0.0,0.0,0.0,0.0,0.0,0.0,0.0,0.0,0.0,0.0,0.0,0.0,0.0,0.0,0,-107875648.0,63,0.0,126,2.7184242562605685e+23,-0.0,ERR,ERR,ERR,ERR,ERR,ERR,ERR,ERR,ERR,ERR,ERR,ERR,ERR,ERR,ERR,ERR,ERR,ERR,ERR,ERR,ERR,ERR,ERR,ERR,ERR,ERR,ERR,ERR,ERR,ERR,ERR,ERR,ERR,ERR,ERR,ERR,ERR,ERR,ERR,ERR,ERR,ERR,ERR,ERR,ERR,ERR,ERR,ERR,ERR,ERR,ERR,ERR,ERR,ERR,ERR,ERR,ERR,ERR,ERR,ERR,ERR,ERR,ERR,ERR,ERR,ERR,ERR,34.0,80.0,35,0.0,0.0,0.0,0.0,0.0,0.0,0.0,0.0,0.0,0.0,0.0,0.0,0.0,0.0,0.0,0.0,64.8,0,117,56,50,65476,0,300,0,0,8,20529,65476,0,0,57672,80.0,0.0,0.0,0.0,0.0,0.0
2026-06-17T04:12:27,ERR,ERR,ERR,ERR,ERR,ERR,ERR,ERR,ERR,ERR,ERR,ERR,ERR,ERR,ERR,ERR,ERR,ERR,ERR,ERR,ERR,ERR,ERR,ERR,ERR,ERR,ERR,ERR,ERR,ERR,ERR,ERR,ERR,ERR,ERR,ERR,ERR,ERR,ERR,ERR,ERR,ERR,ERR,ERR,ERR,ERR,ERR,ERR,ERR,ERR,ERR,ERR,ERR,ERR,ERR,ERR,ERR,ERR,ERR,ERR,ERR,ERR,ERR,ERR,ERR,ERR,ERR,ERR,ERR,ERR,ERR,ERR,ERR,ERR,ERR,ERR,ERR,ERR,ERR,ERR,ERR,ERR,ERR,ERR,ERR,ERR,ERR,ERR,ERR,ERR,ERR,ERR,ERR,ERR,ERR,ERR,ERR,ERR,ERR,ERR,ERR,ERR,ERR,ERR,ERR,ERR,ERR,ERR,ERR,ERR,ERR,ERR,ERR,ERR,ERR,ERR,ERR,ERR,ERR,ERR,ERR,ERR,ERR,ERR,ERR,0.0,0.0,0.0,0.0,0.0,1.3936040501711995e+18,7.805,0.0,0,0,4,0,7300,-0.0,0,0.0,0.0,0.0,0.0,0.0,0,0,0,0,0.0,0,0,0,0,0,0,0,0,0,0,0,0,0,0,0,0,0,0,0,0,0,0,0,0,0,0,0,0,0,0,0,0,0,32,30,30,62,65476,0,300,0,0,8,21553,0.0,-107605600.0,0.0,0.0,0.0,0.0,0.0,0.0,0.0,0.0,0.0,0.0,0.0,0.0,0.0,0.0,0.0,0.0,0.0,0.0,0.0,0.0,2.004,2.004,-0.0,2.004,0.0,0.0,0.0,0.0,5487.0,-0.0,6960.0,0.0,0.0,-107615280.0,0.0,0.0,0.0,0.0,0.0,63,-0.0,-0.0,0.0,0.0,0.0,0.0,0.0,0.0,0.0,0,0,0,0.0,0.0,0.0,0.0,0.0,0.0,0.0,0.0,0.0,0.0,0.0,0.0,0.0,0.0,0.0,0.0,0,-107875648.0,63,0.0,126,2.7184242562605685e+23,-0.0,ERR,ERR,ERR,ERR,ERR,ERR,ERR,ERR,ERR,ERR,ERR,ERR,ERR,ERR,ERR,ERR,ERR,ERR,ERR,ERR,ERR,ERR,ERR,ERR,ERR,ERR,ERR,ERR,ERR,ERR,ERR,ERR,ERR,ERR,ERR,ERR,ERR,ERR,ERR,ERR,ERR,ERR,ERR,ERR,ERR,ERR,ERR,ERR,ERR,ERR,ERR,ERR,ERR,ERR,ERR,ERR,ERR,ERR,ERR,ERR,ERR,ERR,ERR,ERR,ERR,ERR,ERR,34.0,80.0,35,0.0,0.0,0.0,0.0,0.0,0.0,0.0,0.0,0.0,0.0,0.0,0.0,0.0,0.0,0.0,0.0,64.8,0,117,56,50,65476,0,300,0,0,8,20529,65476,0,0,57672,80.0,0.0,0.0,0.0,0.0,0.0
2026-06-17T04:12:28,ERR,ERR,ERR,ERR,ERR,ERR,ERR,ERR,ERR,ERR,ERR,ERR,ERR,ERR,ERR,ERR,ERR,ERR,ERR,ERR,ERR,ERR,ERR,ERR,ERR,ERR,ERR,ERR,ERR,ERR,ERR,ERR,ERR,ERR,ERR,ERR,ERR,ERR,ERR,ERR,ERR,ERR,ERR,ERR,ERR,ERR,ERR,ERR,ERR,ERR,ERR,ERR,ERR,ERR,ERR,ERR,ERR,ERR,ERR,ERR,ERR,ERR,ERR,ERR,ERR,ERR,ERR,ERR,ERR,ERR,ERR,ERR,ERR,ERR,ERR,ERR,ERR,ERR,ERR,ERR,ERR,ERR,ERR,ERR,ERR,ERR,ERR,ERR,ERR,ERR,ERR,ERR,ERR,ERR,ERR,ERR,ERR,ERR,ERR,ERR,ERR,ERR,ERR,ERR,ERR,ERR,ERR,ERR,ERR,ERR,ERR,ERR,ERR,ERR,ERR,ERR,ERR,ERR,ERR,ERR,ERR,ERR,ERR,ERR,ERR,0.0,0.0,0.0,0.0,0.0,1.3936040501711995e+18,7.805,0.0,0,0,4,0,7300,-0.0,0,0.0,0.0,0.0,0.0,0.0,0,0,0,0,0.0,0,0,0,0,0,0,0,0,0,0,0,0,0,0,0,0,0,0,0,0,0,0,0,0,0,0,0,0,0,0,0,0,0,32,30,30,62,65476,0,300,0,0,8,21553,0.0,-107605600.0,0.0,0.0,0.0,0.0,0.0,0.0,0.0,0.0,0.0,0.0,0.0,0.0,0.0,0.0,0.0,0.0,0.0,0.0,0.0,0.0,2.004,2.004,-0.0,2.004,0.0,0.0,0.0,0.0,5487.0,-0.0,6960.0,0.0,0.0,-107615280.0,0.0,0.0,0.0,0.0,0.0,63,-0.0,-0.0,0.0,0.0,0.0,0.0,0.0,0.0,0.0,0,0,0,0.0,0.0,0.0,0.0,0.0,0.0,0.0,0.0,0.0,0.0,0.0,0.0,0.0,0.0,0.0,0.0,0,-107875648.0,63,0.0,126,2.7184242562605685e+23,-0.0,ERR,ERR,ERR,ERR,ERR,ERR,ERR,ERR,ERR,ERR,ERR,ERR,ERR,ERR,ERR,ERR,ERR,ERR,ERR,ERR,ERR,ERR,ERR,ERR,ERR,ERR,ERR,ERR,ERR,ERR,ERR,ERR,ERR,ERR,ERR,ERR,ERR,ERR,ERR,ERR,ERR,ERR,ERR,ERR,ERR,ERR,ERR,ERR,ERR,ERR,ERR,ERR,ERR,ERR,ERR,ERR,ERR,ERR,ERR,ERR,ERR,ERR,ERR,ERR,ERR,ERR,ERR,34.0,80.0,35,0.0,0.0,0.0,0.0,0.0,0.0,0.0,0.0,0.0,0.0,0.0,0.0,0.0,0.0,0.0,0.0,64.4,0,117,56,50,65476,0,300,0,0,8,20529,65476,0,0,57672,80.0,0.0,0.0,0.0,0.0,0.0
2026-06-17T04:12:29,ERR,ERR,ERR,ERR,ERR,ERR,ERR,ERR,ERR,ERR,ERR,ERR,ERR,ERR,ERR,ERR,ERR,ERR,ERR,ERR,ERR,ERR,ERR,ERR,ERR,ERR,ERR,ERR,ERR,ERR,ERR,ERR,ERR,ERR,ERR,ERR,ERR,ERR,ERR,ERR,ERR,ERR,ERR,ERR,ERR,ERR,ERR,ERR,ERR,ERR,ERR,ERR,ERR,ERR,ERR,ERR,ERR,ERR,ERR,ERR,ERR,ERR,ERR,ERR,ERR,ERR,ERR,ERR,ERR,ERR,ERR,ERR,ERR,ERR,ERR,ERR,ERR,ERR,ERR,ERR,ERR,ERR,ERR,ERR,ERR,ERR,ERR,ERR,ERR,ERR,ERR,ERR,ERR,ERR,ERR,ERR,ERR,ERR,ERR,ERR,ERR,ERR,ERR,ERR,ERR,ERR,ERR,ERR,ERR,ERR,ERR,ERR,ERR,ERR,ERR,ERR,ERR,ERR,ERR,ERR,ERR,ERR,ERR,ERR,ERR,0.0,0.0,0.0,0.0,0.0,1.3936040501711995e+18,7.805,0.0,0,0,4,0,7300,-0.0,0,0.0,0.0,0.0,0.0,0.0,0,0,0,0,0.0,0,0,0,0,0,0,0,0,0,0,0,0,0,0,0,0,0,0,0,0,0,0,0,0,0,0,0,0,0,0,0,0,0,32,30,30,62,65476,0,300,0,0,8,21553,0.0,-107605600.0,0.0,0.0,0.0,0.0,0.0,0.0,0.0,0.0,0.0,0.0,0.0,0.0,0.0,0.0,0.0,0.0,0.0,0.0,0.0,0.0,2.004,2.004,-0.0,2.004,0.0,0.0,0.0,0.0,5487.0,-0.0,6960.0,0.0,0.0,-107615280.0,0.0,0.0,0.0,0.0,0.0,63,-0.0,-0.0,0.0,0.0,0.0,0.0,0.0,0.0,0.0,0,0,0,0.0,0.0,0.0,0.0,0.0,0.0,0.0,0.0,0.0,0.0,0.0,0.0,0.0,0.0,0.0,0.0,0,-107875648.0,63,0.0,126,2.7184242562605685e+23,-0.0,ERR,ERR,ERR,ERR,ERR,ERR,ERR,ERR,ERR,ERR,ERR,ERR,ERR,ERR,ERR,ERR,ERR,ERR,ERR,ERR,ERR,ERR,ERR,ERR,ERR,ERR,ERR,ERR,ERR,ERR,ERR,ERR,ERR,ERR,ERR,ERR,ERR,ERR,ERR,ERR,ERR,ERR,ERR,ERR,ERR,ERR,ERR,ERR,ERR,ERR,ERR,ERR,ERR,ERR,ERR,ERR,ERR,ERR,ERR,ERR,ERR,ERR,ERR,ERR,ERR,ERR,ERR,34.0,80.0,35,0.0,0.0,0.0,0.0,0.0,0.0,0.0,0.0,0.0,0.0,0.0,0.0,0.0,0.0,0.0,0.0,64.4,0,117,56,50,65476,0,300,0,0,8,20529,65476,0,0,57672,80.0,0.0,0.0,0.0,0.0,0.0
2026-06-17T04:12:30,ERR,ERR,ERR,ERR,ERR,ERR,ERR,ERR,ERR,ERR,ERR,ERR,ERR,ERR,ERR,ERR,ERR,ERR,ERR,ERR,ERR,ERR,ERR,ERR,ERR,ERR,ERR,ERR,ERR,ERR,ERR,ERR,ERR,ERR,ERR,ERR,ERR,ERR,ERR,ERR,ERR,ERR,ERR,ERR,ERR,ERR,ERR,ERR,ERR,ERR,ERR,ERR,ERR,ERR,ERR,ERR,ERR,ERR,ERR,ERR,ERR,ERR,ERR,ERR,ERR,ERR,ERR,ERR,ERR,ERR,ERR,ERR,ERR,ERR,ERR,ERR,ERR,ERR,ERR,ERR,ERR,ERR,ERR,ERR,ERR,ERR,ERR,ERR,ERR,ERR,ERR,ERR,ERR,ERR,ERR,ERR,ERR,ERR,ERR,ERR,ERR,ERR,ERR,ERR,ERR,ERR,ERR,ERR,ERR,ERR,ERR,ERR,ERR,ERR,ERR,ERR,ERR,ERR,ERR,ERR,ERR,ERR,ERR,ERR,ERR,0.0,0.0,0.0,0.0,0.0,1.3936040501711995e+18,7.805,0.0,0,0,4,0,7300,-0.0,0,0.0,0.0,0.0,0.0,0.0,0,0,0,0,0.0,0,0,0,0,0,0,0,0,0,0,0,0,0,0,0,0,0,0,0,0,0,0,0,0,0,0,0,0,0,0,0,0,0,32,30,30,62,65476,0,300,0,0,8,21553,0.0,-107605600.0,0.0,0.0,0.0,0.0,0.0,0.0,0.0,0.0,0.0,0.0,0.0,0.0,0.0,0.0,0.0,0.0,0.0,0.0,0.0,0.0,2.004,2.004,-0.0,2.004,0.0,0.0,0.0,0.0,5485.0,131350.672,6953.0,0.0,0.0,-107615280.0,0.0,0.0,0.0,0.0,0.0,63,-0.0,89220.711,0.0,0.0,0.0,0.0,0.0,0.0,0.0,0,0,0,0.0,0.0,0.0,0.0,0.0,0.0,0.0,0.0,0.0,0.0,0.0,0.0,0.0,0.0,0.0,0.0,0,-107875648.0,63,0.0,126,2.7184242562605685e+23,-0.0,ERR,ERR,ERR,ERR,ERR,ERR,ERR,ERR,ERR,ERR,ERR,ERR,ERR,ERR,ERR,ERR,ERR,ERR,ERR,ERR,ERR,ERR,ERR,ERR,ERR,ERR,ERR,ERR,ERR,ERR,ERR,ERR,ERR,ERR,ERR,ERR,ERR,ERR,ERR,ERR,ERR,ERR,ERR,ERR,ERR,ERR,ERR,ERR,ERR,ERR,ERR,ERR,ERR,ERR,ERR,ERR,ERR,ERR,ERR,ERR,ERR,ERR,ERR,ERR,ERR,ERR,ERR,34.0,80.0,35,0.0,0.0,0.0,0.0,0.0,0.0,0.0,0.0,0.0,0.0,0.0,0.0,0.0,0.0,0.0,0.0,64.4,0,117,56,50,65476,0,300,0,0,8,20529,65476,0,0,57672,80.0,0.0,0.0,0.0,0.0,0.0
2026-06-17T04:12:31,ERR,ERR,ERR,ERR,ERR,ERR,ERR,ERR,ERR,ERR,ERR,ERR,ERR,ERR,ERR,ERR,ERR,ERR,ERR,ERR,ERR,ERR,ERR,ERR,ERR,ERR,ERR,ERR,ERR,ERR,ERR,ERR,ERR,ERR,ERR,ERR,ERR,ERR,ERR,ERR,ERR,ERR,ERR,ERR,ERR,ERR,ERR,ERR,ERR,ERR,ERR,ERR,ERR,ERR,ERR,ERR,ERR,ERR,ERR,ERR,ERR,ERR,ERR,ERR,ERR,ERR,ERR,ERR,ERR,ERR,ERR,ERR,ERR,ERR,ERR,ERR,ERR,ERR,ERR,ERR,ERR,ERR,ERR,ERR,ERR,ERR,ERR,ERR,ERR,ERR,ERR,ERR,ERR,ERR,ERR,ERR,ERR,ERR,ERR,ERR,ERR,ERR,ERR,ERR,ERR,ERR,ERR,ERR,ERR,ERR,ERR,ERR,ERR,ERR,ERR,ERR,ERR,ERR,ERR,ERR,ERR,ERR,ERR,ERR,ERR,0.0,0.0,0.0,0.0,0.0,1.3936040501711995e+18,7.805,0.0,0,0,4,0,7300,-0.0,0,0.0,0.0,0.0,0.0,0.0,0,0,0,0,0.0,0,0,0,0,0,0,0,0,0,0,0,0,0,0,0,0,0,0,0,0,0,0,0,0,0,0,0,0,0,0,0,0,0,32,30,30,62,65476,0,300,0,0,8,21553,0.0,-107605600.0,0.0,0.0,0.0,0.0,0.0,0.0,0.0,0.0,0.0,0.0,0.0,0.0,0.0,0.0,0.0,0.0,0.0,0.0,0.0,0.0,2.004,2.004,-0.0,2.004,0.0,0.0,0.0,0.0,5485.0,131350.672,6953.0,0.0,0.0,-107615280.0,0.0,0.0,0.0,0.0,0.0,63,-0.0,89220.711,0.0,0.0,0.0,0.0,0.0,0.0,0.0,0,0,0,0.0,0.0,0.0,0.0,0.0,0.0,0.0,0.0,0.0,0.0,0.0,0.0,0.0,0.0,0.0,0.0,0,-107875648.0,63,0.0,126,2.7184242562605685e+23,-0.0,ERR,ERR,ERR,ERR,ERR,ERR,ERR,ERR,ERR,ERR,ERR,ERR,ERR,ERR,ERR,ERR,ERR,ERR,ERR,ERR,ERR,ERR,ERR,ERR,ERR,ERR,ERR,ERR,ERR,ERR,ERR,ERR,ERR,ERR,ERR,ERR,ERR,ERR,ERR,ERR,ERR,ERR,ERR,ERR,ERR,ERR,ERR,ERR,ERR,ERR,ERR,ERR,ERR,ERR,ERR,ERR,ERR,ERR,ERR,ERR,ERR,ERR,ERR,ERR,ERR,ERR,ERR,34.0,80.0,35,0.0,0.0,0.0,0.0,0.0,0.0,0.0,0.0,0.0,0.0,0.0,0.0,0.0,0.0,0.0,0.0,64.4,0,117,56,50,65476,0,300,0,0,8,20529,65476,0,0,57672,80.0,0.0,0.0,0.0,0.0,0.0
2026-06-17T04:12:32,ERR,ERR,ERR,ERR,ERR,ERR,ERR,ERR,ERR,ERR,ERR,ERR,ERR,ERR,ERR,ERR,ERR,ERR,ERR,ERR,ERR,ERR,ERR,ERR,ERR,ERR,ERR,ERR,ERR,ERR,ERR,ERR,ERR,ERR,ERR,ERR,ERR,ERR,ERR,ERR,ERR,ERR,ERR,ERR,ERR,ERR,ERR,ERR,ERR,ERR,ERR,ERR,ERR,ERR,ERR,ERR,ERR,ERR,ERR,ERR,ERR,ERR,ERR,ERR,ERR,ERR,ERR,ERR,ERR,ERR,ERR,ERR,ERR,ERR,ERR,ERR,ERR,ERR,ERR,ERR,ERR,ERR,ERR,ERR,ERR,ERR,ERR,ERR,ERR,ERR,ERR,ERR,ERR,ERR,ERR,ERR,ERR,ERR,ERR,ERR,ERR,ERR,ERR,ERR,ERR,ERR,ERR,ERR,ERR,ERR,ERR,ERR,ERR,ERR,ERR,ERR,ERR,ERR,ERR,ERR,ERR,ERR,ERR,ERR,ERR,0.0,0.0,0.0,0.0,0.0,1.3936040501711995e+18,7.805,0.0,0,0,4,0,7300,-0.0,0,0.0,0.0,0.0,0.0,0.0,0,0,0,0,0.0,0,0,0,0,0,0,0,0,0,0,0,0,0,0,0,0,0,0,0,0,0,0,0,0,0,0,0,0,0,0,0,0,0,32,30,30,62,65476,0,300,0,0,8,21553,0.0,-107605600.0,0.0,0.0,0.0,0.0,0.0,0.0,0.0,0.0,0.0,0.0,0.0,0.0,0.0,0.0,0.0,0.0,0.0,0.0,0.0,0.0,2.004,2.004,-0.0,2.004,0.0,0.0,0.0,0.0,5485.0,131350.672,6953.0,0.0,0.0,-107615280.0,0.0,0.0,0.0,0.0,0.0,63,-0.0,89220.711,0.0,0.0,0.0,0.0,0.0,0.0,0.0,0,0,0,0.0,0.0,0.0,0.0,0.0,0.0,0.0,0.0,0.0,0.0,0.0,0.0,0.0,0.0,0.0,0.0,0,-107875648.0,63,0.0,126,2.7184242562605685e+23,-0.0,ERR,ERR,ERR,ERR,ERR,ERR,ERR,ERR,ERR,ERR,ERR,ERR,ERR,ERR,ERR,ERR,ERR,ERR,ERR,ERR,ERR,ERR,ERR,ERR,ERR,ERR,ERR,ERR,ERR,ERR,ERR,ERR,ERR,ERR,ERR,ERR,ERR,ERR,ERR,ERR,ERR,ERR,ERR,ERR,ERR,ERR,ERR,ERR,ERR,ERR,ERR,ERR,ERR,ERR,ERR,ERR,ERR,ERR,ERR,ERR,ERR,ERR,ERR,ERR,ERR,ERR,ERR,34.0,80.0,35,0.0,0.0,0.0,0.0,0.0,0.0,0.0,0.0,0.0,0.0,0.0,0.0,0.0,0.0,0.0,0.0,64.4,0,117,56,50,65476,0,300,0,0,8,20529,65476,0,0,57672,80.0,0.0,0.0,0.0,0.0,0.0
2026-06-17T04:12:33,ERR,ERR,ERR,ERR,ERR,ERR,ERR,ERR,ERR,ERR,ERR,ERR,ERR,ERR,ERR,ERR,ERR,ERR,ERR,ERR,ERR,ERR,ERR,ERR,ERR,ERR,ERR,ERR,ERR,ERR,ERR,ERR,ERR,ERR,ERR,ERR,ERR,ERR,ERR,ERR,ERR,ERR,ERR,ERR,ERR,ERR,ERR,ERR,ERR,ERR,ERR,ERR,ERR,ERR,ERR,ERR,ERR,ERR,ERR,ERR,ERR,ERR,ERR,ERR,ERR,ERR,ERR,ERR,ERR,ERR,ERR,ERR,ERR,ERR,ERR,ERR,ERR,ERR,ERR,ERR,ERR,ERR,ERR,ERR,ERR,ERR,ERR,ERR,ERR,ERR,ERR,ERR,ERR,ERR,ERR,ERR,ERR,ERR,ERR,ERR,ERR,ERR,ERR,ERR,ERR,ERR,ERR,ERR,ERR,ERR,ERR,ERR,ERR,ERR,ERR,ERR,ERR,ERR,ERR,ERR,ERR,ERR,ERR,ERR,ERR,0.0,0.0,0.0,0.0,0.0,1.3936040501711995e+18,7.805,0.0,0,0,4,0,7300,-0.0,0,0.0,0.0,0.0,0.0,0.0,0,0,0,0,0.0,0,0,0,0,0,0,0,0,0,0,0,0,0,0,0,0,0,0,0,0,0,0,0,0,0,0,0,0,0,0,0,0,0,32,30,30,62,65476,0,300,0,0,8,21553,0.0,-107605600.0,0.0,0.0,0.0,0.0,0.0,0.0,0.0,0.0,0.0,0.0,0.0,0.0,0.0,0.0,0.0,0.0,0.0,0.0,0.0,0.0,2.004,2.004,-0.0,2.004,0.0,0.0,0.0,0.0,5485.0,131350.672,6953.0,0.0,0.0,-107615280.0,0.0,0.0,0.0,0.0,0.0,63,-0.0,89220.711,0.0,0.0,0.0,0.0,0.0,0.0,0.0,0,0,0,0.0,0.0,0.0,0.0,0.0,0.0,0.0,0.0,0.0,0.0,0.0,0.0,0.0,0.0,0.0,0.0,0,-107875648.0,63,0.0,126,2.7184242562605685e+23,-0.0,ERR,ERR,ERR,ERR,ERR,ERR,ERR,ERR,ERR,ERR,ERR,ERR,ERR,ERR,ERR,ERR,ERR,ERR,ERR,ERR,ERR,ERR,ERR,ERR,ERR,ERR,ERR,ERR,ERR,ERR,ERR,ERR,ERR,ERR,ERR,ERR,ERR,ERR,ERR,ERR,ERR,ERR,ERR,ERR,ERR,ERR,ERR,ERR,ERR,ERR,ERR,ERR,ERR,ERR,ERR,ERR,ERR,ERR,ERR,ERR,ERR,ERR,ERR,ERR,ERR,ERR,ERR,34.0,80.0,35,0.0,0.0,0.0,0.0,0.0,0.0,0.0,0.0,0.0,0.0,0.0,0.0,0.0,0.0,0.0,0.0,64.4,0,117,56,50,65476,0,300,0,0,8,20529,65476,0,0,57672,80.0,0.0,0.0,0.0,0.0,0.0
2026-06-17T04:12:34,ERR,ERR,ERR,ERR,ERR,ERR,ERR,ERR,ERR,ERR,ERR,ERR,ERR,ERR,ERR,ERR,ERR,ERR,ERR,ERR,ERR,ERR,ERR,ERR,ERR,ERR,ERR,ERR,ERR,ERR,ERR,ERR,ERR,ERR,ERR,ERR,ERR,ERR,ERR,ERR,ERR,ERR,ERR,ERR,ERR,ERR,ERR,ERR,ERR,ERR,ERR,ERR,ERR,ERR,ERR,ERR,ERR,ERR,ERR,ERR,ERR,ERR,ERR,ERR,ERR,ERR,ERR,ERR,ERR,ERR,ERR,ERR,ERR,ERR,ERR,ERR,ERR,ERR,ERR,ERR,ERR,ERR,ERR,ERR,ERR,ERR,ERR,ERR,ERR,ERR,ERR,ERR,ERR,ERR,ERR,ERR,ERR,ERR,ERR,ERR,ERR,ERR,ERR,ERR,ERR,ERR,ERR,ERR,ERR,ERR,ERR,ERR,ERR,ERR,ERR,ERR,ERR,ERR,ERR,ERR,ERR,ERR,ERR,ERR,ERR,0.0,0.0,0.0,0.0,0.0,1.3936040501711995e+18,7.805,0.0,0,0,4,0,7300,-0.0,0,0.0,0.0,0.0,0.0,0.0,0,0,0,0,0.0,0,0,0,0,0,0,0,0,0,0,0,0,0,0,0,0,0,0,0,0,0,0,0,0,0,0,0,0,0,0,0,0,0,32,30,30,62,65476,0,300,0,0,8,21553,0.0,-107605600.0,0.0,0.0,0.0,0.0,0.0,0.0,0.0,0.0,0.0,0.0,0.0,0.0,0.0,0.0,0.0,0.0,0.0,0.0,0.0,0.0,2.004,2.004,-0.0,2.004,0.0,0.0,0.0,0.0,5485.0,131350.672,6953.0,0.0,0.0,-107615280.0,0.0,0.0,0.0,0.0,0.0,63,-0.0,89220.711,0.0,0.0,0.0,0.0,0.0,0.0,0.0,0,0,0,0.0,0.0,0.0,0.0,0.0,0.0,0.0,0.0,0.0,0.0,0.0,0.0,0.0,0.0,0.0,0.0,0,-107875648.0,63,0.0,126,2.7184242562605685e+23,-0.0,ERR,ERR,ERR,ERR,ERR,ERR,ERR,ERR,ERR,ERR,ERR,ERR,ERR,ERR,ERR,ERR,ERR,ERR,ERR,ERR,ERR,ERR,ERR,ERR,ERR,ERR,ERR,ERR,ERR,ERR,ERR,ERR,ERR,ERR,ERR,ERR,ERR,ERR,ERR,ERR,ERR,ERR,ERR,ERR,ERR,ERR,ERR,ERR,ERR,ERR,ERR,ERR,ERR,ERR,ERR,ERR,ERR,ERR,ERR,ERR,ERR,ERR,ERR,ERR,ERR,ERR,ERR,34.0,80.0,35,0.0,0.0,0.0,0.0,0.0,0.0,0.0,0.0,0.0,0.0,0.0,0.0,0.0,0.0,0.0,0.0,64.4,0,117,56,50,65476,0,300,0,0,8,20529,65476,0,0,57672,80.0,0.0,0.0,0.0,0.0,0.0
2026-06-17T04:12:35,ERR,ERR,ERR,ERR,ERR,ERR,ERR,ERR,ERR,ERR,ERR,ERR,ERR,ERR,ERR,ERR,ERR,ERR,ERR,ERR,ERR,ERR,ERR,ERR,ERR,ERR,ERR,ERR,ERR,ERR,ERR,ERR,ERR,ERR,ERR,ERR,ERR,ERR,ERR,ERR,ERR,ERR,ERR,ERR,ERR,ERR,ERR,ERR,ERR,ERR,ERR,ERR,ERR,ERR,ERR,ERR,ERR,ERR,ERR,ERR,ERR,ERR,ERR,ERR,ERR,ERR,ERR,ERR,ERR,ERR,ERR,ERR,ERR,ERR,ERR,ERR,ERR,ERR,ERR,ERR,ERR,ERR,ERR,ERR,ERR,ERR,ERR,ERR,ERR,ERR,ERR,ERR,ERR,ERR,ERR,ERR,ERR,ERR,ERR,ERR,ERR,ERR,ERR,ERR,ERR,ERR,ERR,ERR,ERR,ERR,ERR,ERR,ERR,ERR,ERR,ERR,ERR,ERR,ERR,ERR,ERR,ERR,ERR,ERR,ERR,0.0,0.0,0.0,0.0,0.0,1.3936040501711995e+18,7.805,0.0,0,0,4,0,7300,-0.0,0,0.0,0.0,0.0,0.0,0.0,0,0,0,0,0.0,0,0,0,0,0,0,0,0,0,0,0,0,0,0,0,0,0,0,0,0,0,0,0,0,0,0,0,0,0,0,0,0,0,32,30,30,62,65476,0,300,0,0,8,21553,0.0,-107605600.0,0.0,0.0,0.0,0.0,0.0,0.0,0.0,0.0,0.0,0.0,0.0,0.0,0.0,0.0,0.0,0.0,0.0,0.0,0.0,0.0,2.004,2.004,-0.0,2.004,0.0,0.0,0.0,0.0,5486.0,8608197632.0,6954.0,0.0,0.0,-107615280.0,0.0,0.0,0.0,0.0,0.0,63,-0.0,89220.711,0.0,0.0,0.0,0.0,0.0,0.0,0.0,0,0,0,0.0,0.0,0.0,0.0,0.0,0.0,0.0,0.0,0.0,0.0,0.0,0.0,0.0,0.0,0.0,0.0,0,-107875648.0,63,0.0,126,2.7184242562605685e+23,-0.0,ERR,ERR,ERR,ERR,ERR,ERR,ERR,ERR,ERR,ERR,ERR,ERR,ERR,ERR,ERR,ERR,ERR,ERR,ERR,ERR,ERR,ERR,ERR,ERR,ERR,ERR,ERR,ERR,ERR,ERR,ERR,ERR,ERR,ERR,ERR,ERR,ERR,ERR,ERR,ERR,ERR,ERR,ERR,ERR,ERR,ERR,ERR,ERR,ERR,ERR,ERR,ERR,ERR,ERR,ERR,ERR,ERR,ERR,ERR,ERR,ERR,ERR,ERR,ERR,ERR,ERR,ERR,34.0,80.0,35,0.0,0.0,0.0,0.0,0.0,0.0,0.0,0.0,0.0,0.0,0.0,0.0,0.0,0.0,0.0,0.0,64.4,0,117,56,50,65476,0,300,0,0,8,20529,65476,0,0,57672,80.0,0.0,0.0,0.0,0.0,0.0
2026-06-17T04:12:36,ERR,ERR,ERR,ERR,ERR,ERR,ERR,ERR,ERR,ERR,ERR,ERR,ERR,ERR,ERR,ERR,ERR,ERR,ERR,ERR,ERR,ERR,ERR,ERR,ERR,ERR,ERR,ERR,ERR,ERR,ERR,ERR,ERR,ERR,ERR,ERR,ERR,ERR,ERR,ERR,ERR,ERR,ERR,ERR,ERR,ERR,ERR,ERR,ERR,ERR,ERR,ERR,ERR,ERR,ERR,ERR,ERR,ERR,ERR,ERR,ERR,ERR,ERR,ERR,ERR,ERR,ERR,ERR,ERR,ERR,ERR,ERR,ERR,ERR,ERR,ERR,ERR,ERR,ERR,ERR,ERR,ERR,ERR,ERR,ERR,ERR,ERR,ERR,ERR,ERR,ERR,ERR,ERR,ERR,ERR,ERR,ERR,ERR,ERR,ERR,ERR,ERR,ERR,ERR,ERR,ERR,ERR,ERR,ERR,ERR,ERR,ERR,ERR,ERR,ERR,ERR,ERR,ERR,ERR,ERR,ERR,ERR,ERR,ERR,ERR,0.0,0.0,0.0,0.0,0.0,1.3936040501711995e+18,7.805,0.0,0,0,4,0,7300,-0.0,0,0.0,0.0,0.0,0.0,0.0,0,0,0,0,0.0,0,0,0,0,0,0,0,0,0,0,0,0,0,0,0,0,0,0,0,0,0,0,0,0,0,0,0,0,0,0,0,0,0,32,30,30,62,65476,0,300,0,0,8,21553,0.0,-107605600.0,0.0,0.0,0.0,0.0,0.0,0.0,0.0,0.0,0.0,0.0,0.0,0.0,0.0,0.0,0.0,0.0,0.0,0.0,0.0,0.0,2.004,2.004,-0.0,2.004,0.0,0.0,0.0,0.0,5486.0,8608197632.0,6954.0,0.0,0.0,-107615280.0,0.0,0.0,0.0,0.0,0.0,63,-0.0,89220.711,0.0,0.0,0.0,0.0,0.0,0.0,0.0,0,0,0,0.0,0.0,0.0,0.0,0.0,0.0,0.0,0.0,0.0,0.0,0.0,0.0,0.0,0.0,0.0,0.0,0,-107875648.0,63,0.0,126,2.7184242562605685e+23,-0.0,ERR,ERR,ERR,ERR,ERR,ERR,ERR,ERR,ERR,ERR,ERR,ERR,ERR,ERR,ERR,ERR,ERR,ERR,ERR,ERR,ERR,ERR,ERR,ERR,ERR,ERR,ERR,ERR,ERR,ERR,ERR,ERR,ERR,ERR,ERR,ERR,ERR,ERR,ERR,ERR,ERR,ERR,ERR,ERR,ERR,ERR,ERR,ERR,ERR,ERR,ERR,ERR,ERR,ERR,ERR,ERR,ERR,ERR,ERR,ERR,ERR,ERR,ERR,ERR,ERR,ERR,ERR,34.0,80.0,35,0.0,0.0,0.0,0.0,0.0,0.0,0.0,0.0,0.0,0.0,0.0,0.0,0.0,0.0,0.0,0.0,64.4,0,117,56,50,65476,0,300,0,0,8,20529,65476,0,0,57672,80.0,0.0,0.0,0.0,0.0,0.0
2026-06-17T04:12:37,ERR,ERR,ERR,ERR,ERR,ERR,ERR,ERR,ERR,ERR,ERR,ERR,ERR,ERR,ERR,ERR,ERR,ERR,ERR,ERR,ERR,ERR,ERR,ERR,ERR,ERR,ERR,ERR,ERR,ERR,ERR,ERR,ERR,ERR,ERR,ERR,ERR,ERR,ERR,ERR,ERR,ERR,ERR,ERR,ERR,ERR,ERR,ERR,ERR,ERR,ERR,ERR,ERR,ERR,ERR,ERR,ERR,ERR,ERR,ERR,ERR,ERR,ERR,ERR,ERR,ERR,ERR,ERR,ERR,ERR,ERR,ERR,ERR,ERR,ERR,ERR,ERR,ERR,ERR,ERR,ERR,ERR,ERR,ERR,ERR,ERR,ERR,ERR,ERR,ERR,ERR,ERR,ERR,ERR,ERR,ERR,ERR,ERR,ERR,ERR,ERR,ERR,ERR,ERR,ERR,ERR,ERR,ERR,ERR,ERR,ERR,ERR,ERR,ERR,ERR,ERR,ERR,ERR,ERR,ERR,ERR,ERR,ERR,ERR,ERR,0.0,0.0,0.0,0.0,0.0,1.3936040501711995e+18,7.805,0.0,0,0,4,0,7300,-0.0,0,0.0,0.0,0.0,0.0,0.0,0,0,0,0,0.0,0,0,0,0,0,0,0,0,0,0,0,0,0,0,0,0,0,0,0,0,0,0,0,0,0,0,0,0,0,0,0,0,0,32,30,30,62,65476,0,300,0,0,8,21553,0.0,-107605600.0,0.0,0.0,0.0,0.0,0.0,0.0,0.0,0.0,0.0,0.0,0.0,0.0,0.0,0.0,0.0,0.0,0.0,0.0,0.0,0.0,2.004,2.004,-0.0,2.004,0.0,0.0,0.0,0.0,5486.0,8608197632.0,6954.0,0.0,0.0,-107615280.0,0.0,0.0,0.0,0.0,0.0,63,-0.0,89220.711,0.0,0.0,0.0,0.0,0.0,0.0,0.0,0,0,0,0.0,0.0,0.0,0.0,0.0,0.0,0.0,0.0,0.0,0.0,0.0,0.0,0.0,0.0,0.0,0.0,0,-107875648.0,63,0.0,126,2.7184242562605685e+23,-0.0,ERR,ERR,ERR,ERR,ERR,ERR,ERR,ERR,ERR,ERR,ERR,ERR,ERR,ERR,ERR,ERR,ERR,ERR,ERR,ERR,ERR,ERR,ERR,ERR,ERR,ERR,ERR,ERR,ERR,ERR,ERR,ERR,ERR,ERR,ERR,ERR,ERR,ERR,ERR,ERR,ERR,ERR,ERR,ERR,ERR,ERR,ERR,ERR,ERR,ERR,ERR,ERR,ERR,ERR,ERR,ERR,ERR,ERR,ERR,ERR,ERR,ERR,ERR,ERR,ERR,ERR,ERR,34.0,80.0,35,0.0,0.0,0.0,0.0,0.0,0.0,0.0,0.0,0.0,0.0,0.0,0.0,0.0,0.0,0.0,0.0,64.8,0,117,56,50,65476,0,300,0,0,8,20529,65476,0,0,57672,80.0,0.0,0.0,0.0,0.0,0.0
2026-06-17T04:12:38,ERR,ERR,ERR,ERR,ERR,ERR,ERR,ERR,ERR,ERR,ERR,ERR,ERR,ERR,ERR,ERR,ERR,ERR,ERR,ERR,ERR,ERR,ERR,ERR,ERR,ERR,ERR,ERR,ERR,ERR,ERR,ERR,ERR,ERR,ERR,ERR,ERR,ERR,ERR,ERR,ERR,ERR,ERR,ERR,ERR,ERR,ERR,ERR,ERR,ERR,ERR,ERR,ERR,ERR,ERR,ERR,ERR,ERR,ERR,ERR,ERR,ERR,ERR,ERR,ERR,ERR,ERR,ERR,ERR,ERR,ERR,ERR,ERR,ERR,ERR,ERR,ERR,ERR,ERR,ERR,ERR,ERR,ERR,ERR,ERR,ERR,ERR,ERR,ERR,ERR,ERR,ERR,ERR,ERR,ERR,ERR,ERR,ERR,ERR,ERR,ERR,ERR,ERR,ERR,ERR,ERR,ERR,ERR,ERR,ERR,ERR,ERR,ERR,ERR,ERR,ERR,ERR,ERR,ERR,ERR,ERR,ERR,ERR,ERR,ERR,0.0,0.0,0.0,0.0,0.0,1.3936040501711995e+18,7.805,0.0,0,0,4,0,7300,-0.0,0,0.0,0.0,0.0,0.0,0.0,0,0,0,0,0.0,0,0,0,0,0,0,0,0,0,0,0,0,0,0,0,0,0,0,0,0,0,0,0,0,0,0,0,0,0,0,0,0,0,32,30,30,62,65476,0,300,0,0,8,21553,0.0,-107605600.0,0.0,0.0,0.0,0.0,0.0,0.0,0.0,0.0,0.0,0.0,0.0,0.0,0.0,0.0,0.0,0.0,0.0,0.0,0.0,0.0,2.004,2.004,-0.0,2.004,0.0,0.0,0.0,0.0,5486.0,8608197632.0,6954.0,0.0,0.0,-107615280.0,0.0,0.0,0.0,0.0,0.0,63,-0.0,89220.711,0.0,0.0,0.0,0.0,0.0,0.0,0.0,0,0,0,0.0,0.0,0.0,0.0,0.0,0.0,0.0,0.0,0.0,0.0,0.0,0.0,0.0,0.0,0.0,0.0,0,-107875648.0,63,0.0,126,2.7184242562605685e+23,-0.0,ERR,ERR,ERR,ERR,ERR,ERR,ERR,ERR,ERR,ERR,ERR,ERR,ERR,ERR,ERR,ERR,ERR,ERR,ERR,ERR,ERR,ERR,ERR,ERR,ERR,ERR,ERR,ERR,ERR,ERR,ERR,ERR,ERR,ERR,ERR,ERR,ERR,ERR,ERR,ERR,ERR,ERR,ERR,ERR,ERR,ERR,ERR,ERR,ERR,ERR,ERR,ERR,ERR,ERR,ERR,ERR,ERR,ERR,ERR,ERR,ERR,ERR,ERR,ERR,ERR,ERR,ERR,34.0,80.0,35,0.0,0.0,0.0,0.0,0.0,0.0,0.0,0.0,0.0,0.0,0.0,0.0,0.0,0.0,0.0,0.0,64.8,0,117,56,50,65476,0,300,0,0,8,20529,65476,0,0,57672,80.0,0.0,0.0,0.0,0.0,0.0
2026-06-17T04:12:39,ERR,ERR,ERR,ERR,ERR,ERR,ERR,ERR,ERR,ERR,ERR,ERR,ERR,ERR,ERR,ERR,ERR,ERR,ERR,ERR,ERR,ERR,ERR,ERR,ERR,ERR,ERR,ERR,ERR,ERR,ERR,ERR,ERR,ERR,ERR,ERR,ERR,ERR,ERR,ERR,ERR,ERR,ERR,ERR,ERR,ERR,ERR,ERR,ERR,ERR,ERR,ERR,ERR,ERR,ERR,ERR,ERR,ERR,ERR,ERR,ERR,ERR,ERR,ERR,ERR,ERR,ERR,ERR,ERR,ERR,ERR,ERR,ERR,ERR,ERR,ERR,ERR,ERR,ERR,ERR,ERR,ERR,ERR,ERR,ERR,ERR,ERR,ERR,ERR,ERR,ERR,ERR,ERR,ERR,ERR,ERR,ERR,ERR,ERR,ERR,ERR,ERR,ERR,ERR,ERR,ERR,ERR,ERR,ERR,ERR,ERR,ERR,ERR,ERR,ERR,ERR,ERR,ERR,ERR,ERR,ERR,ERR,ERR,ERR,ERR,0.0,0.0,0.0,0.0,0.0,1.3936040501711995e+18,7.805,0.0,0,0,4,0,7300,-0.0,0,0.0,0.0,0.0,0.0,0.0,0,0,0,0,0.0,0,0,0,0,0,0,0,0,0,0,0,0,0,0,0,0,0,0,0,0,0,0,0,0,0,0,0,0,0,0,0,0,0,32,30,30,62,65476,0,300,0,0,8,21553,0.0,-107605600.0,0.0,0.0,0.0,0.0,0.0,0.0,0.0,0.0,0.0,0.0,0.0,0.0,0.0,0.0,0.0,0.0,0.0,0.0,0.0,0.0,2.004,2.004,-0.0,2.004,0.0,0.0,0.0,0.0,5486.0,8608197632.0,6954.0,0.0,0.0,-107615280.0,0.0,0.0,0.0,0.0,0.0,63,-0.0,89220.711,0.0,0.0,0.0,0.0,0.0,0.0,0.0,0,0,0,0.0,0.0,0.0,0.0,0.0,0.0,0.0,0.0,0.0,0.0,0.0,0.0,0.0,0.0,0.0,0.0,0,-107875648.0,63,0.0,126,2.7184242562605685e+23,-0.0,ERR,ERR,ERR,ERR,ERR,ERR,ERR,ERR,ERR,ERR,ERR,ERR,ERR,ERR,ERR,ERR,ERR,ERR,ERR,ERR,ERR,ERR,ERR,ERR,ERR,ERR,ERR,ERR,ERR,ERR,ERR,ERR,ERR,ERR,ERR,ERR,ERR,ERR,ERR,ERR,ERR,ERR,ERR,ERR,ERR,ERR,ERR,ERR,ERR,ERR,ERR,ERR,ERR,ERR,ERR,ERR,ERR,ERR,ERR,ERR,ERR,ERR,ERR,ERR,ERR,ERR,ERR,34.0,80.0,35,0.0,0.0,0.0,0.0,0.0,0.0,0.0,0.0,0.0,0.0,0.0,0.0,0.0,0.0,0.0,0.0,64.8,0,117,56,50,65476,0,300,0,0,8,20529,65476,0,0,57672,80.0,0.0,0.0,0.0,0.0,0.0
2026-06-17T04:12:40,ERR,ERR,ERR,ERR,ERR,ERR,ERR,ERR,ERR,ERR,ERR,ERR,ERR,ERR,ERR,ERR,ERR,ERR,ERR,ERR,ERR,ERR,ERR,ERR,ERR,ERR,ERR,ERR,ERR,ERR,ERR,ERR,ERR,ERR,ERR,ERR,ERR,ERR,ERR,ERR,ERR,ERR,ERR,ERR,ERR,ERR,ERR,ERR,ERR,ERR,ERR,ERR,ERR,ERR,ERR,ERR,ERR,ERR,ERR,ERR,ERR,ERR,ERR,ERR,ERR,ERR,ERR,ERR,ERR,ERR,ERR,ERR,ERR,ERR,ERR,ERR,ERR,ERR,ERR,ERR,ERR,ERR,ERR,ERR,ERR,ERR,ERR,ERR,ERR,ERR,ERR,ERR,ERR,ERR,ERR,ERR,ERR,ERR,ERR,ERR,ERR,ERR,ERR,ERR,ERR,ERR,ERR,ERR,ERR,ERR,ERR,ERR,ERR,ERR,ERR,ERR,ERR,ERR,ERR,ERR,ERR,ERR,ERR,ERR,ERR,0.0,0.0,0.0,0.0,0.0,1.3936040501711995e+18,7.805,0.0,0,0,4,0,7300,-0.0,0,0.0,0.0,0.0,0.0,0.0,0,0,0,0,0.0,0,0,0,0,0,0,0,0,0,0,0,0,0,0,0,0,0,0,0,0,0,0,0,0,0,0,0,0,0,0,0,0,0,32,30,30,62,65476,0,300,0,0,8,21553,0.0,-107605600.0,0.0,0.0,0.0,0.0,0.0,0.0,0.0,0.0,0.0,0.0,0.0,0.0,0.0,0.0,0.0,0.0,0.0,0.0,0.0,0.0,2.004,2.004,-0.0,2.004,0.0,0.0,0.0,0.0,5489.0,8608197632.0,6954.0,0.0,0.0,-107615280.0,-107615328.0,0.0,0.0,0.0,0.0,63,-0.0,0.0,0.0,0.0,0.0,0.0,0.0,0.0,0.0,0,0,0,0.0,0.0,0.0,0.0,0.0,0.0,0.0,0.0,0.0,0.0,0.0,0.0,0.0,0.0,0.0,0.0,0,-107875648.0,63,0.0,126,2.7184242562605685e+23,-0.0,ERR,ERR,ERR,ERR,ERR,ERR,ERR,ERR,ERR,ERR,ERR,ERR,ERR,ERR,ERR,ERR,ERR,ERR,ERR,ERR,ERR,ERR,ERR,ERR,ERR,ERR,ERR,ERR,ERR,ERR,ERR,ERR,ERR,ERR,ERR,ERR,ERR,ERR,ERR,ERR,ERR,ERR,ERR,ERR,ERR,ERR,ERR,ERR,ERR,ERR,ERR,ERR,ERR,ERR,ERR,ERR,ERR,ERR,ERR,ERR,ERR,ERR,ERR,ERR,ERR,ERR,ERR,34.0,80.0,35,0.0,0.0,0.0,0.0,0.0,0.0,0.0,0.0,0.0,0.0,0.0,0.0,0.0,0.0,0.0,0.0,64.4,0,117,56,50,65476,0,300,0,0,8,20529,65476,0,0,57672,80.0,0.0,0.0,0.0,0.0,0.0
2026-06-17T04:12:41,ERR,ERR,ERR,ERR,ERR,ERR,ERR,ERR,ERR,ERR,ERR,ERR,ERR,ERR,ERR,ERR,ERR,ERR,ERR,ERR,ERR,ERR,ERR,ERR,ERR,ERR,ERR,ERR,ERR,ERR,ERR,ERR,ERR,ERR,ERR,ERR,ERR,ERR,ERR,ERR,ERR,ERR,ERR,ERR,ERR,ERR,ERR,ERR,ERR,ERR,ERR,ERR,ERR,ERR,ERR,ERR,ERR,ERR,ERR,ERR,ERR,ERR,ERR,ERR,ERR,ERR,ERR,ERR,ERR,ERR,ERR,ERR,ERR,ERR,ERR,ERR,ERR,ERR,ERR,ERR,ERR,ERR,ERR,ERR,ERR,ERR,ERR,ERR,ERR,ERR,ERR,ERR,ERR,ERR,ERR,ERR,ERR,ERR,ERR,ERR,ERR,ERR,ERR,ERR,ERR,ERR,ERR,ERR,ERR,ERR,ERR,ERR,ERR,ERR,ERR,ERR,ERR,ERR,ERR,ERR,ERR,ERR,ERR,ERR,ERR,0.0,0.0,0.0,0.0,0.0,1.3936040501711995e+18,7.805,0.0,0,0,4,0,7300,-0.0,0,0.0,0.0,0.0,0.0,0.0,0,0,0,0,0.0,0,0,0,0,0,0,0,0,0,0,0,0,0,0,0,0,0,0,0,0,0,0,0,0,0,0,0,0,0,0,0,0,0,32,30,30,62,65476,0,300,0,0,8,21553,0.0,-107605600.0,0.0,0.0,0.0,0.0,0.0,0.0,0.0,0.0,0.0,0.0,0.0,0.0,0.0,0.0,0.0,0.0,0.0,0.0,0.0,0.0,2.004,2.004,-0.0,2.004,0.0,0.0,0.0,0.0,5489.0,8608197632.0,6954.0,0.0,0.0,-107615280.0,-107615328.0,0.0,0.0,0.0,0.0,63,-0.0,0.0,0.0,0.0,0.0,0.0,0.0,0.0,0.0,0,0,0,0.0,0.0,0.0,0.0,0.0,0.0,0.0,0.0,0.0,0.0,0.0,0.0,0.0,0.0,0.0,0.0,0,-107875648.0,63,0.0,126,2.7184242562605685e+23,-0.0,ERR,ERR,ERR,ERR,ERR,ERR,ERR,ERR,ERR,ERR,ERR,ERR,ERR,ERR,ERR,ERR,ERR,ERR,ERR,ERR,ERR,ERR,ERR,ERR,ERR,ERR,ERR,ERR,ERR,ERR,ERR,ERR,ERR,ERR,ERR,ERR,ERR,ERR,ERR,ERR,ERR,ERR,ERR,ERR,ERR,ERR,ERR,ERR,ERR,ERR,ERR,ERR,ERR,ERR,ERR,ERR,ERR,ERR,ERR,ERR,ERR,ERR,ERR,ERR,ERR,ERR,ERR,34.0,80.0,35,0.0,0.0,0.0,0.0,0.0,0.0,0.0,0.0,0.0,0.0,0.0,0.0,0.0,0.0,0.0,0.0,64.4,0,117,56,50,65476,0,300,0,0,8,20529,65476,0,0,57672,80.0,0.0,0.0,0.0,0.0,0.0
2026-06-17T04:12:42,ERR,ERR,ERR,ERR,ERR,ERR,ERR,ERR,ERR,ERR,ERR,ERR,ERR,ERR,ERR,ERR,ERR,ERR,ERR,ERR,ERR,ERR,ERR,ERR,ERR,ERR,ERR,ERR,ERR,ERR,ERR,ERR,ERR,ERR,ERR,ERR,ERR,ERR,ERR,ERR,ERR,ERR,ERR,ERR,ERR,ERR,ERR,ERR,ERR,ERR,ERR,ERR,ERR,ERR,ERR,ERR,ERR,ERR,ERR,ERR,ERR,ERR,ERR,ERR,ERR,ERR,ERR,ERR,ERR,ERR,ERR,ERR,ERR,ERR,ERR,ERR,ERR,ERR,ERR,ERR,ERR,ERR,ERR,ERR,ERR,ERR,ERR,ERR,ERR,ERR,ERR,ERR,ERR,ERR,ERR,ERR,ERR,ERR,ERR,ERR,ERR,ERR,ERR,ERR,ERR,ERR,ERR,ERR,ERR,ERR,ERR,ERR,ERR,ERR,ERR,ERR,ERR,ERR,ERR,ERR,ERR,ERR,ERR,ERR,ERR,0.0,0.0,0.0,0.0,0.0,1.3936040501711995e+18,7.805,0.0,0,0,4,0,7300,-0.0,0,0.0,0.0,0.0,0.0,0.0,0,0,0,0,0.0,0,0,0,0,0,0,0,0,0,0,0,0,0,0,0,0,0,0,0,0,0,0,0,0,0,0,0,0,0,0,0,0,0,32,30,30,62,65476,0,300,0,0,8,21553,0.0,-107605600.0,0.0,0.0,0.0,0.0,0.0,0.0,0.0,0.0,0.0,0.0,0.0,0.0,0.0,0.0,0.0,0.0,0.0,0.0,0.0,0.0,2.004,2.004,-0.0,2.004,0.0,0.0,0.0,0.0,5489.0,8608197632.0,6954.0,0.0,0.0,-107615280.0,-107615328.0,0.0,0.0,0.0,0.0,63,-0.0,0.0,0.0,0.0,0.0,0.0,0.0,0.0,0.0,0,0,0,0.0,0.0,0.0,0.0,0.0,0.0,0.0,0.0,0.0,0.0,0.0,0.0,0.0,0.0,0.0,0.0,0,-107875648.0,63,0.0,126,2.7184242562605685e+23,-0.0,ERR,ERR,ERR,ERR,ERR,ERR,ERR,ERR,ERR,ERR,ERR,ERR,ERR,ERR,ERR,ERR,ERR,ERR,ERR,ERR,ERR,ERR,ERR,ERR,ERR,ERR,ERR,ERR,ERR,ERR,ERR,ERR,ERR,ERR,ERR,ERR,ERR,ERR,ERR,ERR,ERR,ERR,ERR,ERR,ERR,ERR,ERR,ERR,ERR,ERR,ERR,ERR,ERR,ERR,ERR,ERR,ERR,ERR,ERR,ERR,ERR,ERR,ERR,ERR,ERR,ERR,ERR,34.0,80.0,35,0.0,0.0,0.0,0.0,0.0,0.0,0.0,0.0,0.0,0.0,0.0,0.0,0.0,0.0,0.0,0.0,64.4,0,117,56,50,65476,0,300,0,0,8,20529,65476,0,0,57672,80.0,0.0,0.0,0.0,0.0,0.0
2026-06-17T04:12:43,ERR,ERR,ERR,ERR,ERR,ERR,ERR,ERR,ERR,ERR,ERR,ERR,ERR,ERR,ERR,ERR,ERR,ERR,ERR,ERR,ERR,ERR,ERR,ERR,ERR,ERR,ERR,ERR,ERR,ERR,ERR,ERR,ERR,ERR,ERR,ERR,ERR,ERR,ERR,ERR,ERR,ERR,ERR,ERR,ERR,ERR,ERR,ERR,ERR,ERR,ERR,ERR,ERR,ERR,ERR,ERR,ERR,ERR,ERR,ERR,ERR,ERR,ERR,ERR,ERR,ERR,ERR,ERR,ERR,ERR,ERR,ERR,ERR,ERR,ERR,ERR,ERR,ERR,ERR,ERR,ERR,ERR,ERR,ERR,ERR,ERR,ERR,ERR,ERR,ERR,ERR,ERR,ERR,ERR,ERR,ERR,ERR,ERR,ERR,ERR,ERR,ERR,ERR,ERR,ERR,ERR,ERR,ERR,ERR,ERR,ERR,ERR,ERR,ERR,ERR,ERR,ERR,ERR,ERR,ERR,ERR,ERR,ERR,ERR,ERR,0.0,0.0,0.0,0.0,0.0,1.3936040501711995e+18,7.805,0.0,0,0,4,0,7300,-0.0,0,0.0,0.0,0.0,0.0,0.0,0,0,0,0,0.0,0,0,0,0,0,0,0,0,0,0,0,0,0,0,0,0,0,0,0,0,0,0,0,0,0,0,0,0,0,0,0,0,0,32,30,30,62,65476,0,300,0,0,8,21553,0.0,-107605600.0,0.0,0.0,0.0,0.0,0.0,0.0,0.0,0.0,0.0,0.0,0.0,0.0,0.0,0.0,0.0,0.0,0.0,0.0,0.0,0.0,2.004,2.004,-0.0,2.004,0.0,0.0,0.0,0.0,5489.0,8608197632.0,6954.0,0.0,0.0,-107615280.0,-107615328.0,0.0,0.0,0.0,0.0,63,-0.0,0.0,0.0,0.0,0.0,0.0,0.0,0.0,0.0,0,0,0,0.0,0.0,0.0,0.0,0.0,0.0,0.0,0.0,0.0,0.0,0.0,0.0,0.0,0.0,0.0,0.0,0,-107875648.0,63,0.0,126,2.7184242562605685e+23,-0.0,ERR,ERR,ERR,ERR,ERR,ERR,ERR,ERR,ERR,ERR,ERR,ERR,ERR,ERR,ERR,ERR,ERR,ERR,ERR,ERR,ERR,ERR,ERR,ERR,ERR,ERR,ERR,ERR,ERR,ERR,ERR,ERR,ERR,ERR,ERR,ERR,ERR,ERR,ERR,ERR,ERR,ERR,ERR,ERR,ERR,ERR,ERR,ERR,ERR,ERR,ERR,ERR,ERR,ERR,ERR,ERR,ERR,ERR,ERR,ERR,ERR,ERR,ERR,ERR,ERR,ERR,ERR,34.0,80.0,35,0.0,0.0,0.0,0.0,0.0,0.0,0.0,0.0,0.0,0.0,0.0,0.0,0.0,0.0,0.0,0.0,64.4,0,117,56,50,65476,0,300,0,0,8,20529,65476,0,0,57672,80.0,0.0,0.0,0.0,0.0,0.0
2026-06-17T04:12:44,ERR,ERR,ERR,ERR,ERR,ERR,ERR,ERR,ERR,ERR,ERR,ERR,ERR,ERR,ERR,ERR,ERR,ERR,ERR,ERR,ERR,ERR,ERR,ERR,ERR,ERR,ERR,ERR,ERR,ERR,ERR,ERR,ERR,ERR,ERR,ERR,ERR,ERR,ERR,ERR,ERR,ERR,ERR,ERR,ERR,ERR,ERR,ERR,ERR,ERR,ERR,ERR,ERR,ERR,ERR,ERR,ERR,ERR,ERR,ERR,ERR,ERR,ERR,ERR,ERR,ERR,ERR,ERR,ERR,ERR,ERR,ERR,ERR,ERR,ERR,ERR,ERR,ERR,ERR,ERR,ERR,ERR,ERR,ERR,ERR,ERR,ERR,ERR,ERR,ERR,ERR,ERR,ERR,ERR,ERR,ERR,ERR,ERR,ERR,ERR,ERR,ERR,ERR,ERR,ERR,ERR,ERR,ERR,ERR,ERR,ERR,ERR,ERR,ERR,ERR,ERR,ERR,ERR,ERR,ERR,ERR,ERR,ERR,ERR,ERR,0.0,0.0,0.0,0.0,0.0,1.3936040501711995e+18,7.805,0.0,0,0,4,0,7300,-0.0,0,0.0,0.0,0.0,0.0,0.0,0,0,0,0,0.0,0,0,0,0,0,0,0,0,0,0,0,0,0,0,0,0,0,0,0,0,0,0,0,0,0,0,0,0,0,0,0,0,0,32,30,30,62,65476,0,300,0,0,8,21553,0.0,-107605600.0,0.0,0.0,0.0,0.0,0.0,0.0,0.0,0.0,0.0,0.0,0.0,0.0,0.0,0.0,0.0,0.0,0.0,0.0,0.0,0.0,2.004,2.004,-0.0,2.004,0.0,0.0,0.0,0.0,5489.0,8608197632.0,6954.0,0.0,0.0,-107615280.0,-107615328.0,0.0,0.0,0.0,0.0,63,-0.0,0.0,0.0,0.0,0.0,0.0,0.0,0.0,0.0,0,0,0,0.0,0.0,0.0,0.0,0.0,0.0,0.0,0.0,0.0,0.0,0.0,0.0,0.0,0.0,0.0,0.0,0,-107875648.0,63,0.0,126,2.7184242562605685e+23,-0.0,ERR,ERR,ERR,ERR,ERR,ERR,ERR,ERR,ERR,ERR,ERR,ERR,ERR,ERR,ERR,ERR,ERR,ERR,ERR,ERR,ERR,ERR,ERR,ERR,ERR,ERR,ERR,ERR,ERR,ERR,ERR,ERR,ERR,ERR,ERR,ERR,ERR,ERR,ERR,ERR,ERR,ERR,ERR,ERR,ERR,ERR,ERR,ERR,ERR,ERR,ERR,ERR,ERR,ERR,ERR,ERR,ERR,ERR,ERR,ERR,ERR,ERR,ERR,ERR,ERR,ERR,ERR,34.0,80.0,35,0.0,0.0,0.0,0.0,0.0,0.0,0.0,0.0,0.0,0.0,0.0,0.0,0.0,0.0,0.0,0.0,64.4,0,117,56,50,65476,0,300,0,0,8,20529,65476,0,0,57672,80.0,0.0,0.0,0.0,0.0,0.0
2026-06-17T04:12:45,ERR,ERR,ERR,ERR,ERR,ERR,ERR,ERR,ERR,ERR,ERR,ERR,ERR,ERR,ERR,ERR,ERR,ERR,ERR,ERR,ERR,ERR,ERR,ERR,ERR,ERR,ERR,ERR,ERR,ERR,ERR,ERR,ERR,ERR,ERR,ERR,ERR,ERR,ERR,ERR,ERR,ERR,ERR,ERR,ERR,ERR,ERR,ERR,ERR,ERR,ERR,ERR,ERR,ERR,ERR,ERR,ERR,ERR,ERR,ERR,ERR,ERR,ERR,ERR,ERR,ERR,ERR,ERR,ERR,ERR,ERR,ERR,ERR,ERR,ERR,ERR,ERR,ERR,ERR,ERR,ERR,ERR,ERR,ERR,ERR,ERR,ERR,ERR,ERR,ERR,ERR,ERR,ERR,ERR,ERR,ERR,ERR,ERR,ERR,ERR,ERR,ERR,ERR,ERR,ERR,ERR,ERR,ERR,ERR,ERR,ERR,ERR,ERR,ERR,ERR,ERR,ERR,ERR,ERR,ERR,ERR,ERR,ERR,ERR,ERR,0.0,0.0,0.0,0.0,0.0,1.3936040501711995e+18,7.805,0.0,0,0,4,0,7300,-0.0,0,0.0,0.0,0.0,0.0,0.0,0,0,0,0,0.0,0,0,0,0,0,0,0,0,0,0,0,0,0,0,0,0,0,0,0,0,0,0,0,0,0,0,0,0,0,0,0,0,0,32,30,30,62,65476,0,300,0,0,8,21553,0.0,-107605600.0,0.0,0.0,0.0,0.0,0.0,0.0,0.0,0.0,0.0,0.0,0.0,0.0,0.0,0.0,0.0,0.0,0.0,0.0,0.0,0.0,2.004,2.004,-0.0,2.004,0.0,0.0,0.0,0.0,5489.0,8608197632.0,6954.0,0.0,0.0,-107615280.0,-107615328.0,0.0,0.0,0.0,0.0,63,-0.0,0.0,0.0,0.0,0.0,0.0,0.0,0.0,0.0,0,0,0,0.0,0.0,0.0,0.0,0.0,0.0,0.0,0.0,0.0,0.0,0.0,0.0,0.0,0.0,0.0,0.0,0,-107875648.0,63,0.0,126,2.7184242562605685e+23,-0.0,ERR,ERR,ERR,ERR,ERR,ERR,ERR,ERR,ERR,ERR,ERR,ERR,ERR,ERR,ERR,ERR,ERR,ERR,ERR,ERR,ERR,ERR,ERR,ERR,ERR,ERR,ERR,ERR,ERR,ERR,ERR,ERR,ERR,ERR,ERR,ERR,ERR,ERR,ERR,ERR,ERR,ERR,ERR,ERR,ERR,ERR,ERR,ERR,ERR,ERR,ERR,ERR,ERR,ERR,ERR,ERR,ERR,ERR,ERR,ERR,ERR,ERR,ERR,ERR,ERR,ERR,ERR,34.0,80.0,35,0.0,0.0,0.0,0.0,0.0,0.0,0.0,0.0,0.0,0.0,0.0,0.0,0.0,0.0,0.0,0.0,64.4,0,117,56,50,65476,0,300,0,0,8,20529,65476,0,0,57672,80.0,0.0,0.0,0.0,0.0,0.0
2026-06-17T04:12:46,ERR,ERR,ERR,ERR,ERR,ERR,ERR,ERR,ERR,ERR,ERR,ERR,ERR,ERR,ERR,ERR,ERR,ERR,ERR,ERR,ERR,ERR,ERR,ERR,ERR,ERR,ERR,ERR,ERR,ERR,ERR,ERR,ERR,ERR,ERR,ERR,ERR,ERR,ERR,ERR,ERR,ERR,ERR,ERR,ERR,ERR,ERR,ERR,ERR,ERR,ERR,ERR,ERR,ERR,ERR,ERR,ERR,ERR,ERR,ERR,ERR,ERR,ERR,ERR,ERR,ERR,ERR,ERR,ERR,ERR,ERR,ERR,ERR,ERR,ERR,ERR,ERR,ERR,ERR,ERR,ERR,ERR,ERR,ERR,ERR,ERR,ERR,ERR,ERR,ERR,ERR,ERR,ERR,ERR,ERR,ERR,ERR,ERR,ERR,ERR,ERR,ERR,ERR,ERR,ERR,ERR,ERR,ERR,ERR,ERR,ERR,ERR,ERR,ERR,ERR,ERR,ERR,ERR,ERR,ERR,ERR,ERR,ERR,ERR,ERR,0.0,0.0,0.0,0.0,0.0,1.3936040501711995e+18,7.805,0.0,0,0,4,0,7300,-0.0,0,0.0,0.0,0.0,0.0,0.0,0,0,0,0,0.0,0,0,0,0,0,0,0,0,0,0,0,0,0,0,0,0,0,0,0,0,0,0,0,0,0,0,0,0,0,0,0,0,0,32,30,30,62,65476,0,300,0,0,8,21553,0.0,-107605600.0,0.0,0.0,0.0,0.0,0.0,0.0,0.0,0.0,0.0,0.0,0.0,0.0,0.0,0.0,0.0,0.0,0.0,0.0,0.0,0.0,2.004,2.004,-0.0,0.0,0.0,0.0,0.0,0.0,5456.0,-0.0,6966.0,0.0,0.0,-107615280.0,0.0,0.0,0.0,0.0,0.0,63,-0.0,126840684544.0,0.0,0.0,0.0,0.0,0.0,0.0,0.0,0,0,0,0.0,0.0,0.0,0.0,0.0,0.0,0.0,0.0,0.0,0.0,0.0,0.0,0.0,0.0,0.0,0.0,0,-107875648.0,63,0.0,126,2.7184242562605685e+23,-0.0,ERR,ERR,ERR,ERR,ERR,ERR,ERR,ERR,ERR,ERR,ERR,ERR,ERR,ERR,ERR,ERR,ERR,ERR,ERR,ERR,ERR,ERR,ERR,ERR,ERR,ERR,ERR,ERR,ERR,ERR,ERR,ERR,ERR,ERR,ERR,ERR,ERR,ERR,ERR,ERR,ERR,ERR,ERR,ERR,ERR,ERR,ERR,ERR,ERR,ERR,ERR,ERR,ERR,ERR,ERR,ERR,ERR,ERR,ERR,ERR,ERR,ERR,ERR,ERR,ERR,ERR,ERR,34.0,80.0,35,0.0,0.0,0.0,0.0,0.0,0.0,0.0,0.0,0.0,0.0,0.0,0.0,0.0,0.0,0.0,0.0,64.4,0,117,56,50,65476,0,300,0,0,8,20529,65476,0,0,57672,80.0,0.0,0.0,0.0,0.0,0.0
2026-06-17T04:12:47,ERR,ERR,ERR,ERR,ERR,ERR,ERR,ERR,ERR,ERR,ERR,ERR,ERR,ERR,ERR,ERR,ERR,ERR,ERR,ERR,ERR,ERR,ERR,ERR,ERR,ERR,ERR,ERR,ERR,ERR,ERR,ERR,ERR,ERR,ERR,ERR,ERR,ERR,ERR,ERR,ERR,ERR,ERR,ERR,ERR,ERR,ERR,ERR,ERR,ERR,ERR,ERR,ERR,ERR,ERR,ERR,ERR,ERR,ERR,ERR,ERR,ERR,ERR,ERR,ERR,ERR,ERR,ERR,ERR,ERR,ERR,ERR,ERR,ERR,ERR,ERR,ERR,ERR,ERR,ERR,ERR,ERR,ERR,ERR,ERR,ERR,ERR,ERR,ERR,ERR,ERR,ERR,ERR,ERR,ERR,ERR,ERR,ERR,ERR,ERR,ERR,ERR,ERR,ERR,ERR,ERR,ERR,ERR,ERR,ERR,ERR,ERR,ERR,ERR,ERR,ERR,ERR,ERR,ERR,ERR,ERR,ERR,ERR,ERR,ERR,0.0,0.0,0.0,0.0,0.0,1.3936040501711995e+18,7.805,0.0,0,0,4,0,7300,-0.0,0,0.0,0.0,0.0,0.0,0.0,0,0,0,0,0.0,0,0,0,0,0,0,0,0,0,0,0,0,0,0,0,0,0,0,0,0,0,0,0,0,0,0,0,0,0,0,0,0,0,32,30,30,62,65476,0,300,0,0,8,21553,0.0,-107605600.0,0.0,0.0,0.0,0.0,0.0,0.0,0.0,0.0,0.0,0.0,0.0,0.0,0.0,0.0,0.0,0.0,0.0,0.0,0.0,0.0,2.004,2.004,-0.0,0.0,0.0,0.0,0.0,0.0,5456.0,-0.0,6966.0,0.0,0.0,-107615280.0,0.0,0.0,0.0,0.0,0.0,63,-0.0,126840684544.0,0.0,0.0,0.0,0.0,0.0,0.0,0.0,0,0,0,0.0,0.0,0.0,0.0,0.0,0.0,0.0,0.0,0.0,0.0,0.0,0.0,0.0,0.0,0.0,0.0,0,-107875648.0,63,0.0,126,2.7184242562605685e+23,-0.0,ERR,ERR,ERR,ERR,ERR,ERR,ERR,ERR,ERR,ERR,ERR,ERR,ERR,ERR,ERR,ERR,ERR,ERR,ERR,ERR,ERR,ERR,ERR,ERR,ERR,ERR,ERR,ERR,ERR,ERR,ERR,ERR,ERR,ERR,ERR,ERR,ERR,ERR,ERR,ERR,ERR,ERR,ERR,ERR,ERR,ERR,ERR,ERR,ERR,ERR,ERR,ERR,ERR,ERR,ERR,ERR,ERR,ERR,ERR,ERR,ERR,ERR,ERR,ERR,ERR,ERR,ERR,34.0,80.0,35,0.0,0.0,0.0,0.0,0.0,0.0,0.0,0.0,0.0,0.0,0.0,0.0,0.0,0.0,0.0,0.0,64.4,0,117,56,50,65476,0,300,0,0,8,20529,65476,0,0,57672,80.0,0.0,0.0,0.0,0.0,0.0
2026-06-17T04:12:48,ERR,ERR,ERR,ERR,ERR,ERR,ERR,ERR,ERR,ERR,ERR,ERR,ERR,ERR,ERR,ERR,ERR,ERR,ERR,ERR,ERR,ERR,ERR,ERR,ERR,ERR,ERR,ERR,ERR,ERR,ERR,ERR,ERR,ERR,ERR,ERR,ERR,ERR,ERR,ERR,ERR,ERR,ERR,ERR,ERR,ERR,ERR,ERR,ERR,ERR,ERR,ERR,ERR,ERR,ERR,ERR,ERR,ERR,ERR,ERR,ERR,ERR,ERR,ERR,ERR,ERR,ERR,ERR,ERR,ERR,ERR,ERR,ERR,ERR,ERR,ERR,ERR,ERR,ERR,ERR,ERR,ERR,ERR,ERR,ERR,ERR,ERR,ERR,ERR,ERR,ERR,ERR,ERR,ERR,ERR,ERR,ERR,ERR,ERR,ERR,ERR,ERR,ERR,ERR,ERR,ERR,ERR,ERR,ERR,ERR,ERR,ERR,ERR,ERR,ERR,ERR,ERR,ERR,ERR,ERR,ERR,ERR,ERR,ERR,ERR,0.0,0.0,0.0,0.0,0.0,1.3936040501711995e+18,7.805,0.0,0,0,4,0,7300,-0.0,0,0.0,0.0,0.0,0.0,0.0,0,0,0,0,0.0,0,0,0,0,0,0,0,0,0,0,0,0,0,0,0,0,0,0,0,0,0,0,0,0,0,0,0,0,0,0,0,0,0,32,30,30,62,65476,0,300,0,0,8,21553,0.0,-107605600.0,0.0,0.0,0.0,0.0,0.0,0.0,0.0,0.0,0.0,0.0,0.0,0.0,0.0,0.0,0.0,0.0,0.0,0.0,0.0,0.0,2.004,2.004,-0.0,0.0,0.0,0.0,0.0,0.0,5456.0,-0.0,6966.0,0.0,0.0,-107615280.0,0.0,0.0,0.0,0.0,0.0,63,-0.0,126840684544.0,0.0,0.0,0.0,0.0,0.0,0.0,0.0,0,0,0,0.0,0.0,0.0,0.0,0.0,0.0,0.0,0.0,0.0,0.0,0.0,0.0,0.0,0.0,0.0,0.0,0,-107875648.0,63,0.0,126,2.7184242562605685e+23,-0.0,ERR,ERR,ERR,ERR,ERR,ERR,ERR,ERR,ERR,ERR,ERR,ERR,ERR,ERR,ERR,ERR,ERR,ERR,ERR,ERR,ERR,ERR,ERR,ERR,ERR,ERR,ERR,ERR,ERR,ERR,ERR,ERR,ERR,ERR,ERR,ERR,ERR,ERR,ERR,ERR,ERR,ERR,ERR,ERR,ERR,ERR,ERR,ERR,ERR,ERR,ERR,ERR,ERR,ERR,ERR,ERR,ERR,ERR,ERR,ERR,ERR,ERR,ERR,ERR,ERR,ERR,ERR,34.0,80.0,35,0.0,0.0,0.0,0.0,0.0,0.0,0.0,0.0,0.0,0.0,0.0,0.0,0.0,0.0,0.0,0.0,64.4,0,117,56,50,65476,0,300,0,0,8,20529,65476,0,0,57672,80.0,0.0,0.0,0.0,0.0,0.0
2026-06-17T04:12:49,ERR,ERR,ERR,ERR,ERR,ERR,ERR,ERR,ERR,ERR,ERR,ERR,ERR,ERR,ERR,ERR,ERR,ERR,ERR,ERR,ERR,ERR,ERR,ERR,ERR,ERR,ERR,ERR,ERR,ERR,ERR,ERR,ERR,ERR,ERR,ERR,ERR,ERR,ERR,ERR,ERR,ERR,ERR,ERR,ERR,ERR,ERR,ERR,ERR,ERR,ERR,ERR,ERR,ERR,ERR,ERR,ERR,ERR,ERR,ERR,ERR,ERR,ERR,ERR,ERR,ERR,ERR,ERR,ERR,ERR,ERR,ERR,ERR,ERR,ERR,ERR,ERR,ERR,ERR,ERR,ERR,ERR,ERR,ERR,ERR,ERR,ERR,ERR,ERR,ERR,ERR,ERR,ERR,ERR,ERR,ERR,ERR,ERR,ERR,ERR,ERR,ERR,ERR,ERR,ERR,ERR,ERR,ERR,ERR,ERR,ERR,ERR,ERR,ERR,ERR,ERR,ERR,ERR,ERR,ERR,ERR,ERR,ERR,ERR,ERR,0.0,0.0,0.0,0.0,0.0,1.3936040501711995e+18,7.805,0.0,0,0,4,0,7300,-0.0,0,0.0,0.0,0.0,0.0,0.0,0,0,0,0,0.0,0,0,0,0,0,0,0,0,0,0,0,0,0,0,0,0,0,0,0,0,0,0,0,0,0,0,0,0,0,0,0,0,0,32,30,30,62,65476,0,300,0,0,8,21553,0.0,-107605600.0,0.0,0.0,0.0,0.0,0.0,0.0,0.0,0.0,0.0,0.0,0.0,0.0,0.0,0.0,0.0,0.0,0.0,0.0,0.0,0.0,2.004,2.004,-0.0,0.0,0.0,0.0,0.0,0.0,5456.0,-0.0,6966.0,0.0,0.0,-107615280.0,0.0,0.0,0.0,0.0,0.0,63,-0.0,126840684544.0,0.0,0.0,0.0,0.0,0.0,0.0,0.0,0,0,0,0.0,0.0,0.0,0.0,0.0,0.0,0.0,0.0,0.0,0.0,0.0,0.0,0.0,0.0,0.0,0.0,0,-107875648.0,63,0.0,126,2.7184242562605685e+23,-0.0,ERR,ERR,ERR,ERR,ERR,ERR,ERR,ERR,ERR,ERR,ERR,ERR,ERR,ERR,ERR,ERR,ERR,ERR,ERR,ERR,ERR,ERR,ERR,ERR,ERR,ERR,ERR,ERR,ERR,ERR,ERR,ERR,ERR,ERR,ERR,ERR,ERR,ERR,ERR,ERR,ERR,ERR,ERR,ERR,ERR,ERR,ERR,ERR,ERR,ERR,ERR,ERR,ERR,ERR,ERR,ERR,ERR,ERR,ERR,ERR,ERR,ERR,ERR,ERR,ERR,ERR,ERR,34.0,80.0,35,0.0,0.0,0.0,0.0,0.0,0.0,0.0,0.0,0.0,0.0,0.0,0.0,0.0,0.0,0.0,0.0,64.4,0,117,56,50,65476,0,300,0,0,8,20529,65476,0,0,57672,80.0,0.0,0.0,0.0,0.0,0.0
2026-06-17T04:12:50,ERR,ERR,ERR,ERR,ERR,ERR,ERR,ERR,ERR,ERR,ERR,ERR,ERR,ERR,ERR,ERR,ERR,ERR,ERR,ERR,ERR,ERR,ERR,ERR,ERR,ERR,ERR,ERR,ERR,ERR,ERR,ERR,ERR,ERR,ERR,ERR,ERR,ERR,ERR,ERR,ERR,ERR,ERR,ERR,ERR,ERR,ERR,ERR,ERR,ERR,ERR,ERR,ERR,ERR,ERR,ERR,ERR,ERR,ERR,ERR,ERR,ERR,ERR,ERR,ERR,ERR,ERR,ERR,ERR,ERR,ERR,ERR,ERR,ERR,ERR,ERR,ERR,ERR,ERR,ERR,ERR,ERR,ERR,ERR,ERR,ERR,ERR,ERR,ERR,ERR,ERR,ERR,ERR,ERR,ERR,ERR,ERR,ERR,ERR,ERR,ERR,ERR,ERR,ERR,ERR,ERR,ERR,ERR,ERR,ERR,ERR,ERR,ERR,ERR,ERR,ERR,ERR,ERR,ERR,ERR,ERR,ERR,ERR,ERR,ERR,0.0,0.0,0.0,0.0,0.0,1.3936040501711995e+18,7.805,0.0,0,0,4,0,7300,-0.0,0,0.0,0.0,0.0,0.0,0.0,0,0,0,0,0.0,0,0,0,0,0,0,0,0,0,0,0,0,0,0,0,0,0,0,0,0,0,0,0,0,0,0,0,0,0,0,0,0,0,32,30,30,62,65476,0,300,0,0,8,21553,0.0,-107605600.0,0.0,0.0,0.0,0.0,0.0,0.0,0.0,0.0,0.0,0.0,0.0,0.0,0.0,0.0,0.0,0.0,0.0,0.0,0.0,0.0,2.004,2.004,-0.0,0.0,0.0,0.0,0.0,0.0,5456.0,-0.0,6966.0,0.0,0.0,-107615280.0,0.0,0.0,0.0,0.0,0.0,63,-0.0,126840684544.0,0.0,0.0,0.0,0.0,0.0,0.0,0.0,0,0,0,0.0,0.0,0.0,0.0,0.0,0.0,0.0,0.0,0.0,0.0,0.0,0.0,0.0,0.0,0.0,0.0,0,-107875648.0,63,0.0,126,2.7184242562605685e+23,-0.0,ERR,ERR,ERR,ERR,ERR,ERR,ERR,ERR,ERR,ERR,ERR,ERR,ERR,ERR,ERR,ERR,ERR,ERR,ERR,ERR,ERR,ERR,ERR,ERR,ERR,ERR,ERR,ERR,ERR,ERR,ERR,ERR,ERR,ERR,ERR,ERR,ERR,ERR,ERR,ERR,ERR,ERR,ERR,ERR,ERR,ERR,ERR,ERR,ERR,ERR,ERR,ERR,ERR,ERR,ERR,ERR,ERR,ERR,ERR,ERR,ERR,ERR,ERR,ERR,ERR,ERR,ERR,34.0,80.0,35,0.0,0.0,0.0,0.0,0.0,0.0,0.0,0.0,0.0,0.0,0.0,0.0,0.0,0.0,0.0,0.0,64.4,0,117,56,50,65476,0,300,0,0,8,20529,65476,0,0,57672,80.0,0.0,0.0,0.0,0.0,0.0
2026-06-17T04:12:51,ERR,ERR,ERR,ERR,ERR,ERR,ERR,ERR,ERR,ERR,ERR,ERR,ERR,ERR,ERR,ERR,ERR,ERR,ERR,ERR,ERR,ERR,ERR,ERR,ERR,ERR,ERR,ERR,ERR,ERR,ERR,ERR,ERR,ERR,ERR,ERR,ERR,ERR,ERR,ERR,ERR,ERR,ERR,ERR,ERR,ERR,ERR,ERR,ERR,ERR,ERR,ERR,ERR,ERR,ERR,ERR,ERR,ERR,ERR,ERR,ERR,ERR,ERR,ERR,ERR,ERR,ERR,ERR,ERR,ERR,ERR,ERR,ERR,ERR,ERR,ERR,ERR,ERR,ERR,ERR,ERR,ERR,ERR,ERR,ERR,ERR,ERR,ERR,ERR,ERR,ERR,ERR,ERR,ERR,ERR,ERR,ERR,ERR,ERR,ERR,ERR,ERR,ERR,ERR,ERR,ERR,ERR,ERR,ERR,ERR,ERR,ERR,ERR,ERR,ERR,ERR,ERR,ERR,ERR,ERR,ERR,ERR,ERR,ERR,ERR,0.0,0.0,0.0,0.0,0.0,1.3936040501711995e+18,7.805,0.0,0,0,4,0,7300,-0.0,0,0.0,0.0,0.0,0.0,0.0,0,0,0,0,0.0,0,0,0,0,0,0,0,0,0,0,0,0,0,0,0,0,0,0,0,0,0,0,0,0,0,0,0,0,0,0,0,0,0,32,30,30,62,65476,0,300,0,0,8,21553,0.0,-107605600.0,0.0,0.0,0.0,0.0,0.0,0.0,0.0,0.0,0.0,0.0,0.0,0.0,0.0,0.0,0.0,0.0,0.0,0.0,0.0,0.0,2.004,2.004,-0.0,0.0,0.0,0.0,0.0,0.0,5458.0,0.0,6945.0,0.0,0.0,-107615280.0,0.0,0.0,0.0,0.0,0.0,63,-0.0,-0.0,0.0,0.0,0.0,0.0,0.0,0.0,0.0,0,0,0,0.0,0.0,0.0,0.0,0.0,0.0,0.0,0.0,0.0,0.0,0.0,0.0,0.0,0.0,0.0,0.0,0,-107875648.0,63,0.0,126,2.7184242562605685e+23,-0.0,ERR,ERR,ERR,ERR,ERR,ERR,ERR,ERR,ERR,ERR,ERR,ERR,ERR,ERR,ERR,ERR,ERR,ERR,ERR,ERR,ERR,ERR,ERR,ERR,ERR,ERR,ERR,ERR,ERR,ERR,ERR,ERR,ERR,ERR,ERR,ERR,ERR,ERR,ERR,ERR,ERR,ERR,ERR,ERR,ERR,ERR,ERR,ERR,ERR,ERR,ERR,ERR,ERR,ERR,ERR,ERR,ERR,ERR,ERR,ERR,ERR,ERR,ERR,ERR,ERR,ERR,ERR,34.0,80.0,35,0.0,0.0,0.0,0.0,0.0,0.0,0.0,0.0,0.0,0.0,0.0,0.0,0.0,0.0,0.0,0.0,64.4,0,117,56,50,65476,0,300,0,0,8,20529,65476,0,0,57672,80.0,0.0,0.0,0.0,0.0,0.0
2026-06-17T04:12:52,ERR,ERR,ERR,ERR,ERR,ERR,ERR,ERR,ERR,ERR,ERR,ERR,ERR,ERR,ERR,ERR,ERR,ERR,ERR,ERR,ERR,ERR,ERR,ERR,ERR,ERR,ERR,ERR,ERR,ERR,ERR,ERR,ERR,ERR,ERR,ERR,ERR,ERR,ERR,ERR,ERR,ERR,ERR,ERR,ERR,ERR,ERR,ERR,ERR,ERR,ERR,ERR,ERR,ERR,ERR,ERR,ERR,ERR,ERR,ERR,ERR,ERR,ERR,ERR,ERR,ERR,ERR,ERR,ERR,ERR,ERR,ERR,ERR,ERR,ERR,ERR,ERR,ERR,ERR,ERR,ERR,ERR,ERR,ERR,ERR,ERR,ERR,ERR,ERR,ERR,ERR,ERR,ERR,ERR,ERR,ERR,ERR,ERR,ERR,ERR,ERR,ERR,ERR,ERR,ERR,ERR,ERR,ERR,ERR,ERR,ERR,ERR,ERR,ERR,ERR,ERR,ERR,ERR,ERR,ERR,ERR,ERR,ERR,ERR,ERR,0.0,0.0,0.0,0.0,0.0,1.3936040501711995e+18,7.805,0.0,0,0,4,0,7300,-0.0,0,0.0,0.0,0.0,0.0,0.0,0,0,0,0,0.0,0,0,0,0,0,0,0,0,0,0,0,0,0,0,0,0,0,0,0,0,0,0,0,0,0,0,0,0,0,0,0,0,0,32,30,30,62,65476,0,300,0,0,8,21553,0.0,-107605600.0,0.0,0.0,0.0,0.0,0.0,0.0,0.0,0.0,0.0,0.0,0.0,0.0,0.0,0.0,0.0,0.0,0.0,0.0,0.0,0.0,2.004,2.004,-0.0,0.0,0.0,0.0,0.0,0.0,5458.0,0.0,6945.0,0.0,0.0,-107615280.0,0.0,0.0,0.0,0.0,0.0,63,-0.0,-0.0,0.0,0.0,0.0,0.0,0.0,0.0,0.0,0,0,0,0.0,0.0,0.0,0.0,0.0,0.0,0.0,0.0,0.0,0.0,0.0,0.0,0.0,0.0,0.0,0.0,0,-107875648.0,63,0.0,126,2.7184242562605685e+23,-0.0,ERR,ERR,ERR,ERR,ERR,ERR,ERR,ERR,ERR,ERR,ERR,ERR,ERR,ERR,ERR,ERR,ERR,ERR,ERR,ERR,ERR,ERR,ERR,ERR,ERR,ERR,ERR,ERR,ERR,ERR,ERR,ERR,ERR,ERR,ERR,ERR,ERR,ERR,ERR,ERR,ERR,ERR,ERR,ERR,ERR,ERR,ERR,ERR,ERR,ERR,ERR,ERR,ERR,ERR,ERR,ERR,ERR,ERR,ERR,ERR,ERR,ERR,ERR,ERR,ERR,ERR,ERR,34.0,80.0,35,0.0,0.0,0.0,0.0,0.0,0.0,0.0,0.0,0.0,0.0,0.0,0.0,0.0,0.0,0.0,0.0,64.4,0,117,56,50,65476,0,300,0,0,8,20529,65476,0,0,57672,80.0,0.0,0.0,0.0,0.0,0.0
2026-06-17T04:12:53,ERR,ERR,ERR,ERR,ERR,ERR,ERR,ERR,ERR,ERR,ERR,ERR,ERR,ERR,ERR,ERR,ERR,ERR,ERR,ERR,ERR,ERR,ERR,ERR,ERR,ERR,ERR,ERR,ERR,ERR,ERR,ERR,ERR,ERR,ERR,ERR,ERR,ERR,ERR,ERR,ERR,ERR,ERR,ERR,ERR,ERR,ERR,ERR,ERR,ERR,ERR,ERR,ERR,ERR,ERR,ERR,ERR,ERR,ERR,ERR,ERR,ERR,ERR,ERR,ERR,ERR,ERR,ERR,ERR,ERR,ERR,ERR,ERR,ERR,ERR,ERR,ERR,ERR,ERR,ERR,ERR,ERR,ERR,ERR,ERR,ERR,ERR,ERR,ERR,ERR,ERR,ERR,ERR,ERR,ERR,ERR,ERR,ERR,ERR,ERR,ERR,ERR,ERR,ERR,ERR,ERR,ERR,ERR,ERR,ERR,ERR,ERR,ERR,ERR,ERR,ERR,ERR,ERR,ERR,ERR,ERR,ERR,ERR,ERR,ERR,0.0,0.0,0.0,0.0,0.0,1.3936040501711995e+18,7.805,0.0,0,0,4,0,7300,-0.0,0,0.0,0.0,0.0,0.0,0.0,0,0,0,0,0.0,0,0,0,0,0,0,0,0,0,0,0,0,0,0,0,0,0,0,0,0,0,0,0,0,0,0,0,0,0,0,0,0,0,32,30,30,62,65476,0,300,0,0,8,21553,0.0,-107605600.0,0.0,0.0,0.0,0.0,0.0,0.0,0.0,0.0,0.0,0.0,0.0,0.0,0.0,0.0,0.0,0.0,0.0,0.0,0.0,0.0,2.004,2.004,-0.0,0.0,0.0,0.0,0.0,0.0,5458.0,0.0,6945.0,0.0,0.0,-107615280.0,0.0,0.0,0.0,0.0,0.0,63,-0.0,-0.0,0.0,0.0,0.0,0.0,0.0,0.0,0.0,0,0,0,0.0,0.0,0.0,0.0,0.0,0.0,0.0,0.0,0.0,0.0,0.0,0.0,0.0,0.0,0.0,0.0,0,-107875648.0,63,0.0,126,2.7184242562605685e+23,-0.0,ERR,ERR,ERR,ERR,ERR,ERR,ERR,ERR,ERR,ERR,ERR,ERR,ERR,ERR,ERR,ERR,ERR,ERR,ERR,ERR,ERR,ERR,ERR,ERR,ERR,ERR,ERR,ERR,ERR,ERR,ERR,ERR,ERR,ERR,ERR,ERR,ERR,ERR,ERR,ERR,ERR,ERR,ERR,ERR,ERR,ERR,ERR,ERR,ERR,ERR,ERR,ERR,ERR,ERR,ERR,ERR,ERR,ERR,ERR,ERR,ERR,ERR,ERR,ERR,ERR,ERR,ERR,34.0,80.0,35,0.0,0.0,0.0,0.0,0.0,0.0,0.0,0.0,0.0,0.0,0.0,0.0,0.0,0.0,0.0,0.0,64.8,0,117,56,50,65476,0,300,0,0,8,20529,65476,0,0,57672,80.0,0.0,0.0,0.0,0.0,0.0
2026-06-17T04:12:54,ERR,ERR,ERR,ERR,ERR,ERR,ERR,ERR,ERR,ERR,ERR,ERR,ERR,ERR,ERR,ERR,ERR,ERR,ERR,ERR,ERR,ERR,ERR,ERR,ERR,ERR,ERR,ERR,ERR,ERR,ERR,ERR,ERR,ERR,ERR,ERR,ERR,ERR,ERR,ERR,ERR,ERR,ERR,ERR,ERR,ERR,ERR,ERR,ERR,ERR,ERR,ERR,ERR,ERR,ERR,ERR,ERR,ERR,ERR,ERR,ERR,ERR,ERR,ERR,ERR,ERR,ERR,ERR,ERR,ERR,ERR,ERR,ERR,ERR,ERR,ERR,ERR,ERR,ERR,ERR,ERR,ERR,ERR,ERR,ERR,ERR,ERR,ERR,ERR,ERR,ERR,ERR,ERR,ERR,ERR,ERR,ERR,ERR,ERR,ERR,ERR,ERR,ERR,ERR,ERR,ERR,ERR,ERR,ERR,ERR,ERR,ERR,ERR,ERR,ERR,ERR,ERR,ERR,ERR,ERR,ERR,ERR,ERR,ERR,ERR,0.0,0.0,0.0,0.0,0.0,1.3936040501711995e+18,7.805,0.0,0,0,4,0,7300,-0.0,0,0.0,0.0,0.0,0.0,0.0,0,0,0,0,0.0,0,0,0,0,0,0,0,0,0,0,0,0,0,0,0,0,0,0,0,0,0,0,0,0,0,0,0,0,0,0,0,0,0,32,30,30,62,65476,0,300,0,0,8,21553,0.0,-107605600.0,0.0,0.0,0.0,0.0,0.0,0.0,0.0,0.0,0.0,0.0,0.0,0.0,0.0,0.0,0.0,0.0,0.0,0.0,0.0,0.0,2.004,2.004,-0.0,0.0,0.0,0.0,0.0,0.0,5458.0,0.0,6945.0,0.0,0.0,-107615280.0,0.0,0.0,0.0,0.0,0.0,63,-0.0,-0.0,0.0,0.0,0.0,0.0,0.0,0.0,0.0,0,0,0,0.0,0.0,0.0,0.0,0.0,0.0,0.0,0.0,0.0,0.0,0.0,0.0,0.0,0.0,0.0,0.0,0,-107875648.0,63,0.0,126,2.7184242562605685e+23,-0.0,ERR,ERR,ERR,ERR,ERR,ERR,ERR,ERR,ERR,ERR,ERR,ERR,ERR,ERR,ERR,ERR,ERR,ERR,ERR,ERR,ERR,ERR,ERR,ERR,ERR,ERR,ERR,ERR,ERR,ERR,ERR,ERR,ERR,ERR,ERR,ERR,ERR,ERR,ERR,ERR,ERR,ERR,ERR,ERR,ERR,ERR,ERR,ERR,ERR,ERR,ERR,ERR,ERR,ERR,ERR,ERR,ERR,ERR,ERR,ERR,ERR,ERR,ERR,ERR,ERR,ERR,ERR,34.0,80.0,35,0.0,0.0,0.0,0.0,0.0,0.0,0.0,0.0,0.0,0.0,0.0,0.0,0.0,0.0,0.0,0.0,64.8,0,117,56,50,65476,0,300,0,0,8,20529,65476,0,0,57672,80.0,0.0,0.0,0.0,0.0,0.0
2026-06-17T04:12:55,ERR,ERR,ERR,ERR,ERR,ERR,ERR,ERR,ERR,ERR,ERR,ERR,ERR,ERR,ERR,ERR,ERR,ERR,ERR,ERR,ERR,ERR,ERR,ERR,ERR,ERR,ERR,ERR,ERR,ERR,ERR,ERR,ERR,ERR,ERR,ERR,ERR,ERR,ERR,ERR,ERR,ERR,ERR,ERR,ERR,ERR,ERR,ERR,ERR,ERR,ERR,ERR,ERR,ERR,ERR,ERR,ERR,ERR,ERR,ERR,ERR,ERR,ERR,ERR,ERR,ERR,ERR,ERR,ERR,ERR,ERR,ERR,ERR,ERR,ERR,ERR,ERR,ERR,ERR,ERR,ERR,ERR,ERR,ERR,ERR,ERR,ERR,ERR,ERR,ERR,ERR,ERR,ERR,ERR,ERR,ERR,ERR,ERR,ERR,ERR,ERR,ERR,ERR,ERR,ERR,ERR,ERR,ERR,ERR,ERR,ERR,ERR,ERR,ERR,ERR,ERR,ERR,ERR,ERR,ERR,ERR,ERR,ERR,ERR,ERR,0.0,0.0,0.0,0.0,0.0,1.3936040501711995e+18,7.805,0.0,0,0,4,0,7300,-0.0,0,0.0,0.0,0.0,0.0,0.0,0,0,0,0,0.0,0,0,0,0,0,0,0,0,0,0,0,0,0,0,0,0,0,0,0,0,0,0,0,0,0,0,0,0,0,0,0,0,0,32,30,30,62,65476,0,300,0,0,8,21553,0.0,-107605600.0,0.0,0.0,0.0,0.0,0.0,0.0,0.0,0.0,0.0,0.0,0.0,0.0,0.0,0.0,0.0,0.0,0.0,0.0,0.0,0.0,2.004,2.004,-0.0,0.0,0.0,0.0,0.0,0.0,5458.0,0.0,6945.0,0.0,0.0,-107615280.0,0.0,0.0,0.0,0.0,0.0,63,-0.0,-0.0,0.0,0.0,0.0,0.0,0.0,0.0,0.0,0,0,0,0.0,0.0,0.0,0.0,0.0,0.0,0.0,0.0,0.0,0.0,0.0,0.0,0.0,0.0,0.0,0.0,0,-107875648.0,63,0.0,126,2.7184242562605685e+23,-0.0,ERR,ERR,ERR,ERR,ERR,ERR,ERR,ERR,ERR,ERR,ERR,ERR,ERR,ERR,ERR,ERR,ERR,ERR,ERR,ERR,ERR,ERR,ERR,ERR,ERR,ERR,ERR,ERR,ERR,ERR,ERR,ERR,ERR,ERR,ERR,ERR,ERR,ERR,ERR,ERR,ERR,ERR,ERR,ERR,ERR,ERR,ERR,ERR,ERR,ERR,ERR,ERR,ERR,ERR,ERR,ERR,ERR,ERR,ERR,ERR,ERR,ERR,ERR,ERR,ERR,ERR,ERR,34.0,80.0,35,0.0,0.0,0.0,0.0,0.0,0.0,0.0,0.0,0.0,0.0,0.0,0.0,0.0,0.0,0.0,0.0,64.4,0,117,56,50,65476,0,300,0,0,8,20529,65476,0,0,57672,80.0,0.0,0.0,0.0,0.0,0.0
2026-06-17T04:12:56,ERR,ERR,ERR,ERR,ERR,ERR,ERR,ERR,ERR,ERR,ERR,ERR,ERR,ERR,ERR,ERR,ERR,ERR,ERR,ERR,ERR,ERR,ERR,ERR,ERR,ERR,ERR,ERR,ERR,ERR,ERR,ERR,ERR,ERR,ERR,ERR,ERR,ERR,ERR,ERR,ERR,ERR,ERR,ERR,ERR,ERR,ERR,ERR,ERR,ERR,ERR,ERR,ERR,ERR,ERR,ERR,ERR,ERR,ERR,ERR,ERR,ERR,ERR,ERR,ERR,ERR,ERR,ERR,ERR,ERR,ERR,ERR,ERR,ERR,ERR,ERR,ERR,ERR,ERR,ERR,ERR,ERR,ERR,ERR,ERR,ERR,ERR,ERR,ERR,ERR,ERR,ERR,ERR,ERR,ERR,ERR,ERR,ERR,ERR,ERR,ERR,ERR,ERR,ERR,ERR,ERR,ERR,ERR,ERR,ERR,ERR,ERR,ERR,ERR,ERR,ERR,ERR,ERR,ERR,ERR,ERR,ERR,ERR,ERR,ERR,0.0,0.0,0.0,0.0,0.0,1.3936040501711995e+18,7.805,0.0,0,0,4,0,7300,-0.0,0,0.0,0.0,0.0,0.0,0.0,0,0,0,0,0.0,0,0,0,0,0,0,0,0,0,0,0,0,0,0,0,0,0,0,0,0,0,0,0,0,0,0,0,0,0,0,0,0,0,32,30,30,62,65476,0,300,0,0,8,21553,0.0,-107605600.0,0.0,0.0,0.0,0.0,0.0,0.0,0.0,0.0,0.0,0.0,0.0,0.0,0.0,0.0,0.0,0.0,0.0,0.0,0.0,0.0,2.004,2.004,-0.0,0.0,0.0,0.0,0.0,0.0,5458.0,0.0,6945.0,0.0,0.0,-107615280.0,0.0,0.0,0.0,0.0,0.0,63,-0.0,-0.0,0.0,0.0,0.0,0.0,0.0,0.0,0.0,0,0,0,0.0,0.0,0.0,0.0,0.0,0.0,0.0,0.0,0.0,0.0,0.0,0.0,0.0,0.0,0.0,0.0,0,-107875648.0,63,0.0,126,2.7184242562605685e+23,-0.0,ERR,ERR,ERR,ERR,ERR,ERR,ERR,ERR,ERR,ERR,ERR,ERR,ERR,ERR,ERR,ERR,ERR,ERR,ERR,ERR,ERR,ERR,ERR,ERR,ERR,ERR,ERR,ERR,ERR,ERR,ERR,ERR,ERR,ERR,ERR,ERR,ERR,ERR,ERR,ERR,ERR,ERR,ERR,ERR,ERR,ERR,ERR,ERR,ERR,ERR,ERR,ERR,ERR,ERR,ERR,ERR,ERR,ERR,ERR,ERR,ERR,ERR,ERR,ERR,ERR,ERR,ERR,34.0,80.0,35,0.0,0.0,0.0,0.0,0.0,0.0,0.0,0.0,0.0,0.0,0.0,0.0,0.0,0.0,0.0,0.0,64.4,0,117,56,50,65476,0,300,0,0,8,20529,65476,0,0,57672,80.0,0.0,0.0,0.0,0.0,0.0
2026-06-17T04:12:57,ERR,ERR,ERR,ERR,ERR,ERR,ERR,ERR,ERR,ERR,ERR,ERR,ERR,ERR,ERR,ERR,ERR,ERR,ERR,ERR,ERR,ERR,ERR,ERR,ERR,ERR,ERR,ERR,ERR,ERR,ERR,ERR,ERR,ERR,ERR,ERR,ERR,ERR,ERR,ERR,ERR,ERR,ERR,ERR,ERR,ERR,ERR,ERR,ERR,ERR,ERR,ERR,ERR,ERR,ERR,ERR,ERR,ERR,ERR,ERR,ERR,ERR,ERR,ERR,ERR,ERR,ERR,ERR,ERR,ERR,ERR,ERR,ERR,ERR,ERR,ERR,ERR,ERR,ERR,ERR,ERR,ERR,ERR,ERR,ERR,ERR,ERR,ERR,ERR,ERR,ERR,ERR,ERR,ERR,ERR,ERR,ERR,ERR,ERR,ERR,ERR,ERR,ERR,ERR,ERR,ERR,ERR,ERR,ERR,ERR,ERR,ERR,ERR,ERR,ERR,ERR,ERR,ERR,ERR,ERR,ERR,ERR,ERR,ERR,ERR,0.0,0.0,0.0,0.0,0.0,1.3936040501711995e+18,7.805,0.0,0,0,4,0,7300,-0.0,0,0.0,0.0,0.0,0.0,0.0,0,0,0,0,0.0,0,0,0,0,0,0,0,0,0,0,0,0,0,0,0,0,0,0,0,0,0,0,0,0,0,0,0,0,0,0,0,0,0,32,30,30,62,65476,0,300,0,0,8,21553,0.0,-107605600.0,0.0,0.0,0.0,0.0,0.0,0.0,0.0,0.0,0.0,0.0,0.0,0.0,0.0,0.0,0.0,0.0,0.0,0.0,0.0,0.0,2.004,2.004,-0.0,0.0,0.0,0.0,0.0,0.0,5423.0,-1.0406669901790231e+34,6975.0,0.0,0.0,-107615280.0,0.0,0.0,0.0,0.0,0.0,63,-0.0,-0.0,0.0,0.0,0.0,0.0,0.0,0.0,0.0,0,0,0,0.0,0.0,0.0,0.0,0.0,0.0,0.0,0.0,0.0,0.0,0.0,0.0,0.0,0.0,0.0,0.0,0,-107875648.0,63,0.0,126,2.7184242562605685e+23,-0.0,ERR,ERR,ERR,ERR,ERR,ERR,ERR,ERR,ERR,ERR,ERR,ERR,ERR,ERR,ERR,ERR,ERR,ERR,ERR,ERR,ERR,ERR,ERR,ERR,ERR,ERR,ERR,ERR,ERR,ERR,ERR,ERR,ERR,ERR,ERR,ERR,ERR,ERR,ERR,ERR,ERR,ERR,ERR,ERR,ERR,ERR,ERR,ERR,ERR,ERR,ERR,ERR,ERR,ERR,ERR,ERR,ERR,ERR,ERR,ERR,ERR,ERR,ERR,ERR,ERR,ERR,ERR,34.0,80.0,35,0.0,0.0,0.0,0.0,0.0,0.0,0.0,0.0,0.0,0.0,0.0,0.0,0.0,0.0,0.0,0.0,64.4,0,117,56,50,65476,0,300,0,0,8,20529,65476,0,0,57672,80.0,0.0,0.0,0.0,0.0,0.0
2026-06-17T04:12:58,ERR,ERR,ERR,ERR,ERR,ERR,ERR,ERR,ERR,ERR,ERR,ERR,ERR,ERR,ERR,ERR,ERR,ERR,ERR,ERR,ERR,ERR,ERR,ERR,ERR,ERR,ERR,ERR,ERR,ERR,ERR,ERR,ERR,ERR,ERR,ERR,ERR,ERR,ERR,ERR,ERR,ERR,ERR,ERR,ERR,ERR,ERR,ERR,ERR,ERR,ERR,ERR,ERR,ERR,ERR,ERR,ERR,ERR,ERR,ERR,ERR,ERR,ERR,ERR,ERR,ERR,ERR,ERR,ERR,ERR,ERR,ERR,ERR,ERR,ERR,ERR,ERR,ERR,ERR,ERR,ERR,ERR,ERR,ERR,ERR,ERR,ERR,ERR,ERR,ERR,ERR,ERR,ERR,ERR,ERR,ERR,ERR,ERR,ERR,ERR,ERR,ERR,ERR,ERR,ERR,ERR,ERR,ERR,ERR,ERR,ERR,ERR,ERR,ERR,ERR,ERR,ERR,ERR,ERR,ERR,ERR,ERR,ERR,ERR,ERR,0.0,0.0,0.0,0.0,0.0,1.3936040501711995e+18,7.805,0.0,0,0,4,0,7300,-0.0,0,0.0,0.0,0.0,0.0,0.0,0,0,0,0,0.0,0,0,0,0,0,0,0,0,0,0,0,0,0,0,0,0,0,0,0,0,0,0,0,0,0,0,0,0,0,0,0,0,0,32,30,30,62,65476,0,300,0,0,8,21553,0.0,-107605600.0,0.0,0.0,0.0,0.0,0.0,0.0,0.0,0.0,0.0,0.0,0.0,0.0,0.0,0.0,0.0,0.0,0.0,0.0,0.0,0.0,2.004,2.004,-0.0,0.0,0.0,0.0,0.0,0.0,5423.0,-1.0406669901790231e+34,6975.0,0.0,0.0,-107615280.0,0.0,0.0,0.0,0.0,0.0,63,-0.0,-0.0,0.0,0.0,0.0,0.0,0.0,0.0,0.0,0,0,0,0.0,0.0,0.0,0.0,0.0,0.0,0.0,0.0,0.0,0.0,0.0,0.0,0.0,0.0,0.0,0.0,0,-107875648.0,63,0.0,126,2.7184242562605685e+23,-0.0,ERR,ERR,ERR,ERR,ERR,ERR,ERR,ERR,ERR,ERR,ERR,ERR,ERR,ERR,ERR,ERR,ERR,ERR,ERR,ERR,ERR,ERR,ERR,ERR,ERR,ERR,ERR,ERR,ERR,ERR,ERR,ERR,ERR,ERR,ERR,ERR,ERR,ERR,ERR,ERR,ERR,ERR,ERR,ERR,ERR,ERR,ERR,ERR,ERR,ERR,ERR,ERR,ERR,ERR,ERR,ERR,ERR,ERR,ERR,ERR,ERR,ERR,ERR,ERR,ERR,ERR,ERR,34.0,80.0,35,0.0,0.0,0.0,0.0,0.0,0.0,0.0,0.0,0.0,0.0,0.0,0.0,0.0,0.0,0.0,0.0,64.4,0,117,56,50,65476,0,300,0,0,8,20529,65476,0,0,57672,80.0,0.0,0.0,0.0,0.0,0.0
2026-06-17T04:12:59,ERR,ERR,ERR,ERR,ERR,ERR,ERR,ERR,ERR,ERR,ERR,ERR,ERR,ERR,ERR,ERR,ERR,ERR,ERR,ERR,ERR,ERR,ERR,ERR,ERR,ERR,ERR,ERR,ERR,ERR,ERR,ERR,ERR,ERR,ERR,ERR,ERR,ERR,ERR,ERR,ERR,ERR,ERR,ERR,ERR,ERR,ERR,ERR,ERR,ERR,ERR,ERR,ERR,ERR,ERR,ERR,ERR,ERR,ERR,ERR,ERR,ERR,ERR,ERR,ERR,ERR,ERR,ERR,ERR,ERR,ERR,ERR,ERR,ERR,ERR,ERR,ERR,ERR,ERR,ERR,ERR,ERR,ERR,ERR,ERR,ERR,ERR,ERR,ERR,ERR,ERR,ERR,ERR,ERR,ERR,ERR,ERR,ERR,ERR,ERR,ERR,ERR,ERR,ERR,ERR,ERR,ERR,ERR,ERR,ERR,ERR,ERR,ERR,ERR,ERR,ERR,ERR,ERR,ERR,ERR,ERR,ERR,ERR,ERR,ERR,0.0,0.0,0.0,0.0,0.0,1.3936040501711995e+18,7.805,0.0,0,0,4,0,7300,-0.0,0,0.0,0.0,0.0,0.0,0.0,0,0,0,0,0.0,0,0,0,0,0,0,0,0,0,0,0,0,0,0,0,0,0,0,0,0,0,0,0,0,0,0,0,0,0,0,0,0,0,32,30,30,62,65476,0,300,0,0,8,21553,0.0,-107605600.0,0.0,0.0,0.0,0.0,0.0,0.0,0.0,0.0,0.0,0.0,0.0,0.0,0.0,0.0,0.0,0.0,0.0,0.0,0.0,0.0,2.004,2.004,-0.0,0.0,0.0,0.0,0.0,0.0,5423.0,-1.0406669901790231e+34,6975.0,0.0,0.0,-107615280.0,0.0,0.0,0.0,0.0,0.0,63,-0.0,-0.0,0.0,0.0,0.0,0.0,0.0,0.0,0.0,0,0,0,0.0,0.0,0.0,0.0,0.0,0.0,0.0,0.0,0.0,0.0,0.0,0.0,0.0,0.0,0.0,0.0,0,-107875648.0,63,0.0,126,2.7184242562605685e+23,-0.0,ERR,ERR,ERR,ERR,ERR,ERR,ERR,ERR,ERR,ERR,ERR,ERR,ERR,ERR,ERR,ERR,ERR,ERR,ERR,ERR,ERR,ERR,ERR,ERR,ERR,ERR,ERR,ERR,ERR,ERR,ERR,ERR,ERR,ERR,ERR,ERR,ERR,ERR,ERR,ERR,ERR,ERR,ERR,ERR,ERR,ERR,ERR,ERR,ERR,ERR,ERR,ERR,ERR,ERR,ERR,ERR,ERR,ERR,ERR,ERR,ERR,ERR,ERR,ERR,ERR,ERR,ERR,34.0,80.0,35,0.0,0.0,0.0,0.0,0.0,0.0,0.0,0.0,0.0,0.0,0.0,0.0,0.0,0.0,0.0,0.0,64.4,0,117,56,50,65476,0,300,0,0,8,20529,65476,0,0,57672,80.0,0.0,0.0,0.0,0.0,0.0
2026-06-17T04:13:00,ERR,ERR,ERR,ERR,ERR,ERR,ERR,ERR,ERR,ERR,ERR,ERR,ERR,ERR,ERR,ERR,ERR,ERR,ERR,ERR,ERR,ERR,ERR,ERR,ERR,ERR,ERR,ERR,ERR,ERR,ERR,ERR,ERR,ERR,ERR,ERR,ERR,ERR,ERR,ERR,ERR,ERR,ERR,ERR,ERR,ERR,ERR,ERR,ERR,ERR,ERR,ERR,ERR,ERR,ERR,ERR,ERR,ERR,ERR,ERR,ERR,ERR,ERR,ERR,ERR,ERR,ERR,ERR,ERR,ERR,ERR,ERR,ERR,ERR,ERR,ERR,ERR,ERR,ERR,ERR,ERR,ERR,ERR,ERR,ERR,ERR,ERR,ERR,ERR,ERR,ERR,ERR,ERR,ERR,ERR,ERR,ERR,ERR,ERR,ERR,ERR,ERR,ERR,ERR,ERR,ERR,ERR,ERR,ERR,ERR,ERR,ERR,ERR,ERR,ERR,ERR,ERR,ERR,ERR,ERR,ERR,ERR,ERR,ERR,ERR,0.0,0.0,0.0,0.0,0.0,1.3936040501711995e+18,7.805,0.0,0,0,4,0,7300,-0.0,0,0.0,0.0,0.0,0.0,0.0,0,0,0,0,0.0,0,0,0,0,0,0,0,0,0,0,0,0,0,0,0,0,0,0,0,0,0,0,0,0,0,0,0,0,0,0,0,0,0,32,30,30,62,65476,0,300,0,0,8,21553,0.0,-107605600.0,0.0,0.0,0.0,0.0,0.0,0.0,0.0,0.0,0.0,0.0,0.0,0.0,0.0,0.0,0.0,0.0,0.0,0.0,0.0,0.0,2.004,2.004,-0.0,0.0,0.0,0.0,0.0,0.0,5423.0,-1.0406669901790231e+34,6975.0,0.0,0.0,-107615280.0,0.0,0.0,0.0,0.0,0.0,63,-0.0,-0.0,0.0,0.0,0.0,0.0,0.0,0.0,0.0,0,0,0,0.0,0.0,0.0,0.0,0.0,0.0,0.0,0.0,0.0,0.0,0.0,0.0,0.0,0.0,0.0,0.0,0,-107875648.0,63,0.0,126,2.7184242562605685e+23,-0.0,ERR,ERR,ERR,ERR,ERR,ERR,ERR,ERR,ERR,ERR,ERR,ERR,ERR,ERR,ERR,ERR,ERR,ERR,ERR,ERR,ERR,ERR,ERR,ERR,ERR,ERR,ERR,ERR,ERR,ERR,ERR,ERR,ERR,ERR,ERR,ERR,ERR,ERR,ERR,ERR,ERR,ERR,ERR,ERR,ERR,ERR,ERR,ERR,ERR,ERR,ERR,ERR,ERR,ERR,ERR,ERR,ERR,ERR,ERR,ERR,ERR,ERR,ERR,ERR,ERR,ERR,ERR,34.0,80.0,35,0.0,0.0,0.0,0.0,0.0,0.0,0.0,0.0,0.0,0.0,0.0,0.0,0.0,0.0,0.0,0.0,64.4,0,117,56,50,65476,0,300,0,0,8,20529,65476,0,0,57672,80.0,0.0,0.0,0.0,0.0,0.0
2026-06-17T04:13:01,ERR,ERR,ERR,ERR,ERR,ERR,ERR,ERR,ERR,ERR,ERR,ERR,ERR,ERR,ERR,ERR,ERR,ERR,ERR,ERR,ERR,ERR,ERR,ERR,ERR,ERR,ERR,ERR,ERR,ERR,ERR,ERR,ERR,ERR,ERR,ERR,ERR,ERR,ERR,ERR,ERR,ERR,ERR,ERR,ERR,ERR,ERR,ERR,ERR,ERR,ERR,ERR,ERR,ERR,ERR,ERR,ERR,ERR,ERR,ERR,ERR,ERR,ERR,ERR,ERR,ERR,ERR,ERR,ERR,ERR,ERR,ERR,ERR,ERR,ERR,ERR,ERR,ERR,ERR,ERR,ERR,ERR,ERR,ERR,ERR,ERR,ERR,ERR,ERR,ERR,ERR,ERR,ERR,ERR,ERR,ERR,ERR,ERR,ERR,ERR,ERR,ERR,ERR,ERR,ERR,ERR,ERR,ERR,ERR,ERR,ERR,ERR,ERR,ERR,ERR,ERR,ERR,ERR,ERR,ERR,ERR,ERR,ERR,ERR,ERR,0.0,0.0,0.0,0.0,0.0,1.3936040501711995e+18,7.805,0.0,0,0,4,0,7300,-0.0,0,0.0,0.0,0.0,0.0,0.0,0,0,0,0,0.0,0,0,0,0,0,0,0,0,0,0,0,0,0,0,0,0,0,0,0,0,0,0,0,0,0,0,0,0,0,0,0,0,0,32,30,30,62,65476,0,300,0,0,8,21553,0.0,-107605600.0,0.0,0.0,0.0,0.0,0.0,0.0,0.0,0.0,0.0,0.0,0.0,0.0,0.0,0.0,0.0,0.0,0.0,0.0,0.0,0.0,2.004,2.004,-0.0,0.0,0.0,0.0,0.0,0.0,5423.0,-1.0406669901790231e+34,6975.0,0.0,0.0,-107615280.0,0.0,0.0,0.0,0.0,0.0,63,-0.0,-0.0,0.0,0.0,0.0,0.0,0.0,0.0,0.0,0,0,0,0.0,0.0,0.0,0.0,0.0,0.0,0.0,0.0,0.0,0.0,0.0,0.0,0.0,0.0,0.0,0.0,0,-107875648.0,63,0.0,126,2.7184242562605685e+23,-0.0,ERR,ERR,ERR,ERR,ERR,ERR,ERR,ERR,ERR,ERR,ERR,ERR,ERR,ERR,ERR,ERR,ERR,ERR,ERR,ERR,ERR,ERR,ERR,ERR,ERR,ERR,ERR,ERR,ERR,ERR,ERR,ERR,ERR,ERR,ERR,ERR,ERR,ERR,ERR,ERR,ERR,ERR,ERR,ERR,ERR,ERR,ERR,ERR,ERR,ERR,ERR,ERR,ERR,ERR,ERR,ERR,ERR,ERR,ERR,ERR,ERR,ERR,ERR,ERR,ERR,ERR,ERR,34.0,80.0,35,0.0,0.0,0.0,0.0,0.0,0.0,0.0,0.0,0.0,0.0,0.0,0.0,0.0,0.0,0.0,0.0,64.4,0,117,56,50,65476,0,300,0,0,8,20529,65476,0,0,57672,80.0,0.0,0.0,0.0,0.0,0.0
2026-06-17T04:13:02,ERR,ERR,ERR,ERR,ERR,ERR,ERR,ERR,ERR,ERR,ERR,ERR,ERR,ERR,ERR,ERR,ERR,ERR,ERR,ERR,ERR,ERR,ERR,ERR,ERR,ERR,ERR,ERR,ERR,ERR,ERR,ERR,ERR,ERR,ERR,ERR,ERR,ERR,ERR,ERR,ERR,ERR,ERR,ERR,ERR,ERR,ERR,ERR,ERR,ERR,ERR,ERR,ERR,ERR,ERR,ERR,ERR,ERR,ERR,ERR,ERR,ERR,ERR,ERR,ERR,ERR,ERR,ERR,ERR,ERR,ERR,ERR,ERR,ERR,ERR,ERR,ERR,ERR,ERR,ERR,ERR,ERR,ERR,ERR,ERR,ERR,ERR,ERR,ERR,ERR,ERR,ERR,ERR,ERR,ERR,ERR,ERR,ERR,ERR,ERR,ERR,ERR,ERR,ERR,ERR,ERR,ERR,ERR,ERR,ERR,ERR,ERR,ERR,ERR,ERR,ERR,ERR,ERR,ERR,ERR,ERR,ERR,ERR,ERR,ERR,0.0,0.0,0.0,0.0,0.0,1.3936040501711995e+18,7.805,0.0,0,0,4,0,7300,-0.0,0,0.0,0.0,0.0,0.0,0.0,0,0,0,0,0.0,0,0,0,0,0,0,0,0,0,0,0,0,0,0,0,0,0,0,0,0,0,0,0,0,0,0,0,0,0,0,0,0,0,32,30,30,62,65476,0,300,0,0,8,21553,0.0,-107605600.0,0.0,0.0,0.0,0.0,0.0,0.0,0.0,0.0,0.0,0.0,0.0,0.0,0.0,0.0,0.0,0.0,0.0,0.0,0.0,0.0,2.004,2.004,-0.0,0.0,0.0,0.0,0.0,0.0,5457.0,0.0,6945.0,0.0,0.0,-107615280.0,0.0,0.0,0.0,0.0,0.0,63,-0.0,-0.0,0.0,0.0,0.0,0.0,0.0,0.0,0.0,0,0,0,0.0,0.0,0.0,0.0,0.0,0.0,0.0,0.0,0.0,0.0,0.0,0.0,0.0,0.0,0.0,0.0,0,-107875648.0,63,0.0,126,2.7184242562605685e+23,-0.0,ERR,ERR,ERR,ERR,ERR,ERR,ERR,ERR,ERR,ERR,ERR,ERR,ERR,ERR,ERR,ERR,ERR,ERR,ERR,ERR,ERR,ERR,ERR,ERR,ERR,ERR,ERR,ERR,ERR,ERR,ERR,ERR,ERR,ERR,ERR,ERR,ERR,ERR,ERR,ERR,ERR,ERR,ERR,ERR,ERR,ERR,ERR,ERR,ERR,ERR,ERR,ERR,ERR,ERR,ERR,ERR,ERR,ERR,ERR,ERR,ERR,ERR,ERR,ERR,ERR,ERR,ERR,34.0,80.0,35,0.0,0.0,0.0,0.0,0.0,0.0,0.0,0.0,0.0,0.0,0.0,0.0,0.0,0.0,0.0,0.0,64.8,0,117,56,50,65476,0,300,0,0,8,20529,65476,0,0,57672,80.0,0.0,0.0,0.0,0.0,0.0
2026-06-17T04:13:03,ERR,ERR,ERR,ERR,ERR,ERR,ERR,ERR,ERR,ERR,ERR,ERR,ERR,ERR,ERR,ERR,ERR,ERR,ERR,ERR,ERR,ERR,ERR,ERR,ERR,ERR,ERR,ERR,ERR,ERR,ERR,ERR,ERR,ERR,ERR,ERR,ERR,ERR,ERR,ERR,ERR,ERR,ERR,ERR,ERR,ERR,ERR,ERR,ERR,ERR,ERR,ERR,ERR,ERR,ERR,ERR,ERR,ERR,ERR,ERR,ERR,ERR,ERR,ERR,ERR,ERR,ERR,ERR,ERR,ERR,ERR,ERR,ERR,ERR,ERR,ERR,ERR,ERR,ERR,ERR,ERR,ERR,ERR,ERR,ERR,ERR,ERR,ERR,ERR,ERR,ERR,ERR,ERR,ERR,ERR,ERR,ERR,ERR,ERR,ERR,ERR,ERR,ERR,ERR,ERR,ERR,ERR,ERR,ERR,ERR,ERR,ERR,ERR,ERR,ERR,ERR,ERR,ERR,ERR,ERR,ERR,ERR,ERR,ERR,ERR,0.0,0.0,0.0,0.0,0.0,1.3936040501711995e+18,7.805,0.0,0,0,4,0,7300,-0.0,0,0.0,0.0,0.0,0.0,0.0,0,0,0,0,0.0,0,0,0,0,0,0,0,0,0,0,0,0,0,0,0,0,0,0,0,0,0,0,0,0,0,0,0,0,0,0,0,0,0,32,30,30,62,65476,0,300,0,0,8,21553,0.0,-107605600.0,0.0,0.0,0.0,0.0,0.0,0.0,0.0,0.0,0.0,0.0,0.0,0.0,0.0,0.0,0.0,0.0,0.0,0.0,0.0,0.0,2.004,2.004,-0.0,0.0,0.0,0.0,0.0,0.0,5457.0,0.0,6945.0,0.0,0.0,-107615280.0,0.0,0.0,0.0,0.0,0.0,63,-0.0,-0.0,0.0,0.0,0.0,0.0,0.0,0.0,0.0,0,0,0,0.0,0.0,0.0,0.0,0.0,0.0,0.0,0.0,0.0,0.0,0.0,0.0,0.0,0.0,0.0,0.0,0,-107875648.0,63,0.0,126,2.7184242562605685e+23,-0.0,ERR,ERR,ERR,ERR,ERR,ERR,ERR,ERR,ERR,ERR,ERR,ERR,ERR,ERR,ERR,ERR,ERR,ERR,ERR,ERR,ERR,ERR,ERR,ERR,ERR,ERR,ERR,ERR,ERR,ERR,ERR,ERR,ERR,ERR,ERR,ERR,ERR,ERR,ERR,ERR,ERR,ERR,ERR,ERR,ERR,ERR,ERR,ERR,ERR,ERR,ERR,ERR,ERR,ERR,ERR,ERR,ERR,ERR,ERR,ERR,ERR,ERR,ERR,ERR,ERR,ERR,ERR,34.0,80.0,35,0.0,0.0,0.0,0.0,0.0,0.0,0.0,0.0,0.0,0.0,0.0,0.0,0.0,0.0,0.0,0.0,64.8,0,117,56,50,65476,0,300,0,0,8,20529,65476,0,0,57672,80.0,0.0,0.0,0.0,0.0,0.0
2026-06-17T04:13:04,ERR,ERR,ERR,ERR,ERR,ERR,ERR,ERR,ERR,ERR,ERR,ERR,ERR,ERR,ERR,ERR,ERR,ERR,ERR,ERR,ERR,ERR,ERR,ERR,ERR,ERR,ERR,ERR,ERR,ERR,ERR,ERR,ERR,ERR,ERR,ERR,ERR,ERR,ERR,ERR,ERR,ERR,ERR,ERR,ERR,ERR,ERR,ERR,ERR,ERR,ERR,ERR,ERR,ERR,ERR,ERR,ERR,ERR,ERR,ERR,ERR,ERR,ERR,ERR,ERR,ERR,ERR,ERR,ERR,ERR,ERR,ERR,ERR,ERR,ERR,ERR,ERR,ERR,ERR,ERR,ERR,ERR,ERR,ERR,ERR,ERR,ERR,ERR,ERR,ERR,ERR,ERR,ERR,ERR,ERR,ERR,ERR,ERR,ERR,ERR,ERR,ERR,ERR,ERR,ERR,ERR,ERR,ERR,ERR,ERR,ERR,ERR,ERR,ERR,ERR,ERR,ERR,ERR,ERR,ERR,ERR,ERR,ERR,ERR,ERR,0.0,0.0,0.0,0.0,0.0,1.3936040501711995e+18,7.805,0.0,0,0,4,0,7300,-0.0,0,0.0,0.0,0.0,0.0,0.0,0,0,0,0,0.0,0,0,0,0,0,0,0,0,0,0,0,0,0,0,0,0,0,0,0,0,0,0,0,0,0,0,0,0,0,0,0,0,0,32,30,30,62,65476,0,300,0,0,8,21553,0.0,-107605600.0,0.0,0.0,0.0,0.0,0.0,0.0,0.0,0.0,0.0,0.0,0.0,0.0,0.0,0.0,0.0,0.0,0.0,0.0,0.0,0.0,2.004,2.004,-0.0,0.0,0.0,0.0,0.0,0.0,5457.0,0.0,6945.0,0.0,0.0,-107615280.0,0.0,0.0,0.0,0.0,0.0,63,-0.0,-0.0,0.0,0.0,0.0,0.0,0.0,0.0,0.0,0,0,0,0.0,0.0,0.0,0.0,0.0,0.0,0.0,0.0,0.0,0.0,0.0,0.0,0.0,0.0,0.0,0.0,0,-107875648.0,63,0.0,126,2.7184242562605685e+23,-0.0,ERR,ERR,ERR,ERR,ERR,ERR,ERR,ERR,ERR,ERR,ERR,ERR,ERR,ERR,ERR,ERR,ERR,ERR,ERR,ERR,ERR,ERR,ERR,ERR,ERR,ERR,ERR,ERR,ERR,ERR,ERR,ERR,ERR,ERR,ERR,ERR,ERR,ERR,ERR,ERR,ERR,ERR,ERR,ERR,ERR,ERR,ERR,ERR,ERR,ERR,ERR,ERR,ERR,ERR,ERR,ERR,ERR,ERR,ERR,ERR,ERR,ERR,ERR,ERR,ERR,ERR,ERR,34.0,80.0,35,0.0,0.0,0.0,0.0,0.0,0.0,0.0,0.0,0.0,0.0,0.0,0.0,0.0,0.0,0.0,0.0,64.4,0,117,56,50,65476,0,300,0,0,8,20529,65476,0,0,57672,80.0,0.0,0.0,0.0,0.0,0.0
2026-06-17T04:13:05,ERR,ERR,ERR,ERR,ERR,ERR,ERR,ERR,ERR,ERR,ERR,ERR,ERR,ERR,ERR,ERR,ERR,ERR,ERR,ERR,ERR,ERR,ERR,ERR,ERR,ERR,ERR,ERR,ERR,ERR,ERR,ERR,ERR,ERR,ERR,ERR,ERR,ERR,ERR,ERR,ERR,ERR,ERR,ERR,ERR,ERR,ERR,ERR,ERR,ERR,ERR,ERR,ERR,ERR,ERR,ERR,ERR,ERR,ERR,ERR,ERR,ERR,ERR,ERR,ERR,ERR,ERR,ERR,ERR,ERR,ERR,ERR,ERR,ERR,ERR,ERR,ERR,ERR,ERR,ERR,ERR,ERR,ERR,ERR,ERR,ERR,ERR,ERR,ERR,ERR,ERR,ERR,ERR,ERR,ERR,ERR,ERR,ERR,ERR,ERR,ERR,ERR,ERR,ERR,ERR,ERR,ERR,ERR,ERR,ERR,ERR,ERR,ERR,ERR,ERR,ERR,ERR,ERR,ERR,ERR,ERR,ERR,ERR,ERR,ERR,0.0,0.0,0.0,0.0,0.0,1.3936040501711995e+18,7.805,0.0,0,0,4,0,7300,-0.0,0,0.0,0.0,0.0,0.0,0.0,0,0,0,0,0.0,0,0,0,0,0,0,0,0,0,0,0,0,0,0,0,0,0,0,0,0,0,0,0,0,0,0,0,0,0,0,0,0,0,32,30,30,62,65476,0,300,0,0,8,21553,0.0,-107605600.0,0.0,0.0,0.0,0.0,0.0,0.0,0.0,0.0,0.0,0.0,0.0,0.0,0.0,0.0,0.0,0.0,0.0,0.0,0.0,0.0,2.004,2.004,-0.0,0.0,0.0,0.0,0.0,0.0,5457.0,0.0,6945.0,0.0,0.0,-107615280.0,0.0,0.0,0.0,0.0,0.0,63,-0.0,-0.0,0.0,0.0,0.0,0.0,0.0,0.0,0.0,0,0,0,0.0,0.0,0.0,0.0,0.0,0.0,0.0,0.0,0.0,0.0,0.0,0.0,0.0,0.0,0.0,0.0,0,-107875648.0,63,0.0,126,2.7184242562605685e+23,-0.0,ERR,ERR,ERR,ERR,ERR,ERR,ERR,ERR,ERR,ERR,ERR,ERR,ERR,ERR,ERR,ERR,ERR,ERR,ERR,ERR,ERR,ERR,ERR,ERR,ERR,ERR,ERR,ERR,ERR,ERR,ERR,ERR,ERR,ERR,ERR,ERR,ERR,ERR,ERR,ERR,ERR,ERR,ERR,ERR,ERR,ERR,ERR,ERR,ERR,ERR,ERR,ERR,ERR,ERR,ERR,ERR,ERR,ERR,ERR,ERR,ERR,ERR,ERR,ERR,ERR,ERR,ERR,34.0,80.0,35,0.0,0.0,0.0,0.0,0.0,0.0,0.0,0.0,0.0,0.0,0.0,0.0,0.0,0.0,0.0,0.0,64.4,0,117,56,50,65476,0,300,0,0,8,20529,65476,0,0,57672,80.0,0.0,0.0,0.0,0.0,0.0
2026-06-17T04:13:06,ERR,ERR,ERR,ERR,ERR,ERR,ERR,ERR,ERR,ERR,ERR,ERR,ERR,ERR,ERR,ERR,ERR,ERR,ERR,ERR,ERR,ERR,ERR,ERR,ERR,ERR,ERR,ERR,ERR,ERR,ERR,ERR,ERR,ERR,ERR,ERR,ERR,ERR,ERR,ERR,ERR,ERR,ERR,ERR,ERR,ERR,ERR,ERR,ERR,ERR,ERR,ERR,ERR,ERR,ERR,ERR,ERR,ERR,ERR,ERR,ERR,ERR,ERR,ERR,ERR,ERR,ERR,ERR,ERR,ERR,ERR,ERR,ERR,ERR,ERR,ERR,ERR,ERR,ERR,ERR,ERR,ERR,ERR,ERR,ERR,ERR,ERR,ERR,ERR,ERR,ERR,ERR,ERR,ERR,ERR,ERR,ERR,ERR,ERR,ERR,ERR,ERR,ERR,ERR,ERR,ERR,ERR,ERR,ERR,ERR,ERR,ERR,ERR,ERR,ERR,ERR,ERR,ERR,ERR,ERR,ERR,ERR,ERR,ERR,ERR,0.0,0.0,0.0,0.0,0.0,1.3936040501711995e+18,7.805,0.0,0,0,4,0,7300,-0.0,0,0.0,0.0,0.0,0.0,0.0,0,0,0,0,0.0,0,0,0,0,0,0,0,0,0,0,0,0,0,0,0,0,0,0,0,0,0,0,0,0,0,0,0,0,0,0,0,0,0,32,30,30,62,65476,0,300,0,0,8,21553,0.0,-107605600.0,0.0,0.0,0.0,0.0,0.0,0.0,0.0,0.0,0.0,0.0,0.0,0.0,0.0,0.0,0.0,0.0,0.0,0.0,0.0,0.0,2.004,2.004,-0.0,0.0,0.0,0.0,0.0,0.0,5457.0,0.0,6945.0,0.0,0.0,-107615280.0,0.0,0.0,0.0,0.0,0.0,63,-0.0,-0.0,0.0,0.0,0.0,0.0,0.0,0.0,0.0,0,0,0,0.0,0.0,0.0,0.0,0.0,0.0,0.0,0.0,0.0,0.0,0.0,0.0,0.0,0.0,0.0,0.0,0,-107875648.0,63,0.0,126,2.7184242562605685e+23,-0.0,ERR,ERR,ERR,ERR,ERR,ERR,ERR,ERR,ERR,ERR,ERR,ERR,ERR,ERR,ERR,ERR,ERR,ERR,ERR,ERR,ERR,ERR,ERR,ERR,ERR,ERR,ERR,ERR,ERR,ERR,ERR,ERR,ERR,ERR,ERR,ERR,ERR,ERR,ERR,ERR,ERR,ERR,ERR,ERR,ERR,ERR,ERR,ERR,ERR,ERR,ERR,ERR,ERR,ERR,ERR,ERR,ERR,ERR,ERR,ERR,ERR,ERR,ERR,ERR,ERR,ERR,ERR,34.0,80.0,35,0.0,0.0,0.0,0.0,0.0,0.0,0.0,0.0,0.0,0.0,0.0,0.0,0.0,0.0,0.0,0.0,64.8,0,117,56,50,65476,0,300,0,0,8,20529,65476,0,0,57672,80.0,0.0,0.0,0.0,0.0,0.0
2026-06-17T04:13:07,ERR,ERR,ERR,ERR,ERR,ERR,ERR,ERR,ERR,ERR,ERR,ERR,ERR,ERR,ERR,ERR,ERR,ERR,ERR,ERR,ERR,ERR,ERR,ERR,ERR,ERR,ERR,ERR,ERR,ERR,ERR,ERR,ERR,ERR,ERR,ERR,ERR,ERR,ERR,ERR,ERR,ERR,ERR,ERR,ERR,ERR,ERR,ERR,ERR,ERR,ERR,ERR,ERR,ERR,ERR,ERR,ERR,ERR,ERR,ERR,ERR,ERR,ERR,ERR,ERR,ERR,ERR,ERR,ERR,ERR,ERR,ERR,ERR,ERR,ERR,ERR,ERR,ERR,ERR,ERR,ERR,ERR,ERR,ERR,ERR,ERR,ERR,ERR,ERR,ERR,ERR,ERR,ERR,ERR,ERR,ERR,ERR,ERR,ERR,ERR,ERR,ERR,ERR,ERR,ERR,ERR,ERR,ERR,ERR,ERR,ERR,ERR,ERR,ERR,ERR,ERR,ERR,ERR,ERR,ERR,ERR,ERR,ERR,ERR,ERR,0.0,0.0,0.0,0.0,0.0,1.3936040501711995e+18,7.805,0.0,0,0,4,0,7300,-0.0,0,0.0,0.0,0.0,0.0,0.0,0,0,0,0,0.0,0,0,0,0,0,0,0,0,0,0,0,0,0,0,0,0,0,0,0,0,0,0,0,0,0,0,0,0,0,0,0,0,0,32,30,30,62,65476,0,300,0,0,8,21553,0.0,-107605600.0,0.0,0.0,0.0,0.0,0.0,0.0,0.0,0.0,0.0,0.0,0.0,0.0,0.0,0.0,0.0,0.0,0.0,0.0,0.0,0.0,2.004,2.004,-0.0,0.0,0.0,0.0,0.0,0.0,5455.0,0.0,6948.0,0.0,0.0,-107615280.0,0.0,0.0,0.0,0.0,0.0,63,-0.0,-2.308831042013338e+20,0.0,0.0,0.0,0.0,0.0,0.0,0.0,0,0,0,0.0,0.0,0.0,0.0,0.0,0.0,0.0,0.0,0.0,0.0,0.0,0.0,0.0,0.0,0.0,0.0,0,-107875648.0,63,0.0,126,2.7184242562605685e+23,-0.0,ERR,ERR,ERR,ERR,ERR,ERR,ERR,ERR,ERR,ERR,ERR,ERR,ERR,ERR,ERR,ERR,ERR,ERR,ERR,ERR,ERR,ERR,ERR,ERR,ERR,ERR,ERR,ERR,ERR,ERR,ERR,ERR,ERR,ERR,ERR,ERR,ERR,ERR,ERR,ERR,ERR,ERR,ERR,ERR,ERR,ERR,ERR,ERR,ERR,ERR,ERR,ERR,ERR,ERR,ERR,ERR,ERR,ERR,ERR,ERR,ERR,ERR,ERR,ERR,ERR,ERR,ERR,34.0,80.0,35,0.0,0.0,0.0,0.0,0.0,0.0,0.0,0.0,0.0,0.0,0.0,0.0,0.0,0.0,0.0,0.0,64.8,0,117,56,50,65476,0,300,0,0,8,20529,65476,0,0,57672,80.0,0.0,0.0,0.0,0.0,0.0
2026-06-17T04:13:08,ERR,ERR,ERR,ERR,ERR,ERR,ERR,ERR,ERR,ERR,ERR,ERR,ERR,ERR,ERR,ERR,ERR,ERR,ERR,ERR,ERR,ERR,ERR,ERR,ERR,ERR,ERR,ERR,ERR,ERR,ERR,ERR,ERR,ERR,ERR,ERR,ERR,ERR,ERR,ERR,ERR,ERR,ERR,ERR,ERR,ERR,ERR,ERR,ERR,ERR,ERR,ERR,ERR,ERR,ERR,ERR,ERR,ERR,ERR,ERR,ERR,ERR,ERR,ERR,ERR,ERR,ERR,ERR,ERR,ERR,ERR,ERR,ERR,ERR,ERR,ERR,ERR,ERR,ERR,ERR,ERR,ERR,ERR,ERR,ERR,ERR,ERR,ERR,ERR,ERR,ERR,ERR,ERR,ERR,ERR,ERR,ERR,ERR,ERR,ERR,ERR,ERR,ERR,ERR,ERR,ERR,ERR,ERR,ERR,ERR,ERR,ERR,ERR,ERR,ERR,ERR,ERR,ERR,ERR,ERR,ERR,ERR,ERR,ERR,ERR,0.0,0.0,0.0,0.0,0.0,1.3936040501711995e+18,7.805,0.0,0,0,4,0,7300,-0.0,0,0.0,0.0,0.0,0.0,0.0,0,0,0,0,0.0,0,0,0,0,0,0,0,0,0,0,0,0,0,0,0,0,0,0,0,0,0,0,0,0,0,0,0,0,0,0,0,0,0,32,30,30,62,65476,0,300,0,0,8,21553,0.0,-107605600.0,0.0,0.0,0.0,0.0,0.0,0.0,0.0,0.0,0.0,0.0,0.0,0.0,0.0,0.0,0.0,0.0,0.0,0.0,0.0,0.0,2.004,2.004,-0.0,0.0,0.0,0.0,0.0,0.0,5455.0,0.0,6948.0,0.0,0.0,-107615280.0,0.0,0.0,0.0,0.0,0.0,63,-0.0,-2.308831042013338e+20,0.0,0.0,0.0,0.0,0.0,0.0,0.0,0,0,0,0.0,0.0,0.0,0.0,0.0,0.0,0.0,0.0,0.0,0.0,0.0,0.0,0.0,0.0,0.0,0.0,0,-107875648.0,63,0.0,126,2.7184242562605685e+23,-0.0,ERR,ERR,ERR,ERR,ERR,ERR,ERR,ERR,ERR,ERR,ERR,ERR,ERR,ERR,ERR,ERR,ERR,ERR,ERR,ERR,ERR,ERR,ERR,ERR,ERR,ERR,ERR,ERR,ERR,ERR,ERR,ERR,ERR,ERR,ERR,ERR,ERR,ERR,ERR,ERR,ERR,ERR,ERR,ERR,ERR,ERR,ERR,ERR,ERR,ERR,ERR,ERR,ERR,ERR,ERR,ERR,ERR,ERR,ERR,ERR,ERR,ERR,ERR,ERR,ERR,ERR,ERR,34.0,80.0,35,0.0,0.0,0.0,0.0,0.0,0.0,0.0,0.0,0.0,0.0,0.0,0.0,0.0,0.0,0.0,0.0,64.4,0,117,56,50,65476,0,300,0,0,8,20529,65476,0,0,57672,80.0,0.0,0.0,0.0,0.0,0.0
2026-06-17T04:13:09,ERR,ERR,ERR,ERR,ERR,ERR,ERR,ERR,ERR,ERR,ERR,ERR,ERR,ERR,ERR,ERR,ERR,ERR,ERR,ERR,ERR,ERR,ERR,ERR,ERR,ERR,ERR,ERR,ERR,ERR,ERR,ERR,ERR,ERR,ERR,ERR,ERR,ERR,ERR,ERR,ERR,ERR,ERR,ERR,ERR,ERR,ERR,ERR,ERR,ERR,ERR,ERR,ERR,ERR,ERR,ERR,ERR,ERR,ERR,ERR,ERR,ERR,ERR,ERR,ERR,ERR,ERR,ERR,ERR,ERR,ERR,ERR,ERR,ERR,ERR,ERR,ERR,ERR,ERR,ERR,ERR,ERR,ERR,ERR,ERR,ERR,ERR,ERR,ERR,ERR,ERR,ERR,ERR,ERR,ERR,ERR,ERR,ERR,ERR,ERR,ERR,ERR,ERR,ERR,ERR,ERR,ERR,ERR,ERR,ERR,ERR,ERR,ERR,ERR,ERR,ERR,ERR,ERR,ERR,ERR,ERR,ERR,ERR,ERR,ERR,0.0,0.0,0.0,0.0,0.0,1.3936040501711995e+18,7.805,0.0,0,0,4,0,7300,-0.0,0,0.0,0.0,0.0,0.0,0.0,0,0,0,0,0.0,0,0,0,0,0,0,0,0,0,0,0,0,0,0,0,0,0,0,0,0,0,0,0,0,0,0,0,0,0,0,0,0,0,32,30,30,62,65476,0,300,0,0,8,21553,0.0,-107605600.0,0.0,0.0,0.0,0.0,0.0,0.0,0.0,0.0,0.0,0.0,0.0,0.0,0.0,0.0,0.0,0.0,0.0,0.0,0.0,0.0,2.004,2.004,-0.0,0.0,0.0,0.0,0.0,0.0,5455.0,0.0,6948.0,0.0,0.0,-107615280.0,0.0,0.0,0.0,0.0,0.0,63,-0.0,-2.308831042013338e+20,0.0,0.0,0.0,0.0,0.0,0.0,0.0,0,0,0,0.0,0.0,0.0,0.0,0.0,0.0,0.0,0.0,0.0,0.0,0.0,0.0,0.0,0.0,0.0,0.0,0,-107875648.0,63,0.0,126,2.7184242562605685e+23,-0.0,ERR,ERR,ERR,ERR,ERR,ERR,ERR,ERR,ERR,ERR,ERR,ERR,ERR,ERR,ERR,ERR,ERR,ERR,ERR,ERR,ERR,ERR,ERR,ERR,ERR,ERR,ERR,ERR,ERR,ERR,ERR,ERR,ERR,ERR,ERR,ERR,ERR,ERR,ERR,ERR,ERR,ERR,ERR,ERR,ERR,ERR,ERR,ERR,ERR,ERR,ERR,ERR,ERR,ERR,ERR,ERR,ERR,ERR,ERR,ERR,ERR,ERR,ERR,ERR,ERR,ERR,ERR,34.0,80.0,35,0.0,0.0,0.0,0.0,0.0,0.0,0.0,0.0,0.0,0.0,0.0,0.0,0.0,0.0,0.0,0.0,64.4,0,117,56,50,65476,0,300,0,0,8,20529,65476,0,0,57672,80.0,0.0,0.0,0.0,0.0,0.0
2026-06-17T04:13:10,ERR,ERR,ERR,ERR,ERR,ERR,ERR,ERR,ERR,ERR,ERR,ERR,ERR,ERR,ERR,ERR,ERR,ERR,ERR,ERR,ERR,ERR,ERR,ERR,ERR,ERR,ERR,ERR,ERR,ERR,ERR,ERR,ERR,ERR,ERR,ERR,ERR,ERR,ERR,ERR,ERR,ERR,ERR,ERR,ERR,ERR,ERR,ERR,ERR,ERR,ERR,ERR,ERR,ERR,ERR,ERR,ERR,ERR,ERR,ERR,ERR,ERR,ERR,ERR,ERR,ERR,ERR,ERR,ERR,ERR,ERR,ERR,ERR,ERR,ERR,ERR,ERR,ERR,ERR,ERR,ERR,ERR,ERR,ERR,ERR,ERR,ERR,ERR,ERR,ERR,ERR,ERR,ERR,ERR,ERR,ERR,ERR,ERR,ERR,ERR,ERR,ERR,ERR,ERR,ERR,ERR,ERR,ERR,ERR,ERR,ERR,ERR,ERR,ERR,ERR,ERR,ERR,ERR,ERR,ERR,ERR,ERR,ERR,ERR,ERR,0.0,0.0,0.0,0.0,0.0,1.3936040501711995e+18,7.805,0.0,0,0,4,0,7300,-0.0,0,0.0,0.0,0.0,0.0,0.0,0,0,0,0,0.0,0,0,0,0,0,0,0,0,0,0,0,0,0,0,0,0,0,0,0,0,0,0,0,0,0,0,0,0,0,0,0,0,0,32,30,30,62,65476,0,300,0,0,8,21553,0.0,-107605600.0,0.0,0.0,0.0,0.0,0.0,0.0,0.0,0.0,0.0,0.0,0.0,0.0,0.0,0.0,0.0,0.0,0.0,0.0,0.0,0.0,2.004,2.004,-0.0,0.0,0.0,0.0,0.0,0.0,5455.0,0.0,6948.0,0.0,0.0,-107615280.0,0.0,0.0,0.0,0.0,0.0,63,-0.0,-2.308831042013338e+20,0.0,0.0,0.0,0.0,0.0,0.0,0.0,0,0,0,0.0,0.0,0.0,0.0,0.0,0.0,0.0,0.0,0.0,0.0,0.0,0.0,0.0,0.0,0.0,0.0,0,-107875648.0,63,0.0,126,2.7184242562605685e+23,-0.0,ERR,ERR,ERR,ERR,ERR,ERR,ERR,ERR,ERR,ERR,ERR,ERR,ERR,ERR,ERR,ERR,ERR,ERR,ERR,ERR,ERR,ERR,ERR,ERR,ERR,ERR,ERR,ERR,ERR,ERR,ERR,ERR,ERR,ERR,ERR,ERR,ERR,ERR,ERR,ERR,ERR,ERR,ERR,ERR,ERR,ERR,ERR,ERR,ERR,ERR,ERR,ERR,ERR,ERR,ERR,ERR,ERR,ERR,ERR,ERR,ERR,ERR,ERR,ERR,ERR,ERR,ERR,34.0,80.0,35,0.0,0.0,0.0,0.0,0.0,0.0,0.0,0.0,0.0,0.0,0.0,0.0,0.0,0.0,0.0,0.0,64.4,0,117,56,50,65476,0,300,0,0,8,20529,65476,0,0,57672,80.0,0.0,0.0,0.0,0.0,0.0
2026-06-17T04:13:11,ERR,ERR,ERR,ERR,ERR,ERR,ERR,ERR,ERR,ERR,ERR,ERR,ERR,ERR,ERR,ERR,ERR,ERR,ERR,ERR,ERR,ERR,ERR,ERR,ERR,ERR,ERR,ERR,ERR,ERR,ERR,ERR,ERR,ERR,ERR,ERR,ERR,ERR,ERR,ERR,ERR,ERR,ERR,ERR,ERR,ERR,ERR,ERR,ERR,ERR,ERR,ERR,ERR,ERR,ERR,ERR,ERR,ERR,ERR,ERR,ERR,ERR,ERR,ERR,ERR,ERR,ERR,ERR,ERR,ERR,ERR,ERR,ERR,ERR,ERR,ERR,ERR,ERR,ERR,ERR,ERR,ERR,ERR,ERR,ERR,ERR,ERR,ERR,ERR,ERR,ERR,ERR,ERR,ERR,ERR,ERR,ERR,ERR,ERR,ERR,ERR,ERR,ERR,ERR,ERR,ERR,ERR,ERR,ERR,ERR,ERR,ERR,ERR,ERR,ERR,ERR,ERR,ERR,ERR,ERR,ERR,ERR,ERR,ERR,ERR,0.0,0.0,0.0,0.0,0.0,1.3936040501711995e+18,7.805,0.0,0,0,4,0,7300,-0.0,0,0.0,0.0,0.0,0.0,0.0,0,0,0,0,0.0,0,0,0,0,0,0,0,0,0,0,0,0,0,0,0,0,0,0,0,0,0,0,0,0,0,0,0,0,0,0,0,0,0,32,30,30,62,65476,0,300,0,0,8,21553,0.0,-107605600.0,0.0,0.0,0.0,0.0,0.0,0.0,0.0,0.0,0.0,0.0,0.0,0.0,0.0,0.0,0.0,0.0,0.0,0.0,0.0,0.0,2.004,2.004,-0.0,0.0,0.0,0.0,0.0,0.0,5455.0,0.0,6948.0,0.0,0.0,-107615280.0,0.0,0.0,0.0,0.0,0.0,63,-0.0,-2.308831042013338e+20,0.0,0.0,0.0,0.0,0.0,0.0,0.0,0,0,0,0.0,0.0,0.0,0.0,0.0,0.0,0.0,0.0,0.0,0.0,0.0,0.0,0.0,0.0,0.0,0.0,0,-107875648.0,63,0.0,126,2.7184242562605685e+23,-0.0,ERR,ERR,ERR,ERR,ERR,ERR,ERR,ERR,ERR,ERR,ERR,ERR,ERR,ERR,ERR,ERR,ERR,ERR,ERR,ERR,ERR,ERR,ERR,ERR,ERR,ERR,ERR,ERR,ERR,ERR,ERR,ERR,ERR,ERR,ERR,ERR,ERR,ERR,ERR,ERR,ERR,ERR,ERR,ERR,ERR,ERR,ERR,ERR,ERR,ERR,ERR,ERR,ERR,ERR,ERR,ERR,ERR,ERR,ERR,ERR,ERR,ERR,ERR,ERR,ERR,ERR,ERR,34.0,80.0,35,0.0,0.0,0.0,0.0,0.0,0.0,0.0,0.0,0.0,0.0,0.0,0.0,0.0,0.0,0.0,0.0,64.4,0,117,56,50,65476,0,300,0,0,8,20529,65476,0,0,57672,80.0,0.0,0.0,0.0,0.0,0.0
2026-06-17T04:13:12,ERR,ERR,ERR,ERR,ERR,ERR,ERR,ERR,ERR,ERR,ERR,ERR,ERR,ERR,ERR,ERR,ERR,ERR,ERR,ERR,ERR,ERR,ERR,ERR,ERR,ERR,ERR,ERR,ERR,ERR,ERR,ERR,ERR,ERR,ERR,ERR,ERR,ERR,ERR,ERR,ERR,ERR,ERR,ERR,ERR,ERR,ERR,ERR,ERR,ERR,ERR,ERR,ERR,ERR,ERR,ERR,ERR,ERR,ERR,ERR,ERR,ERR,ERR,ERR,ERR,ERR,ERR,ERR,ERR,ERR,ERR,ERR,ERR,ERR,ERR,ERR,ERR,ERR,ERR,ERR,ERR,ERR,ERR,ERR,ERR,ERR,ERR,ERR,ERR,ERR,ERR,ERR,ERR,ERR,ERR,ERR,ERR,ERR,ERR,ERR,ERR,ERR,ERR,ERR,ERR,ERR,ERR,ERR,ERR,ERR,ERR,ERR,ERR,ERR,ERR,ERR,ERR,ERR,ERR,ERR,ERR,ERR,ERR,ERR,ERR,0.0,0.0,0.0,0.0,0.0,1.3936040501711995e+18,7.805,0.0,0,0,4,0,7300,-0.0,0,0.0,0.0,0.0,0.0,0.0,0,0,0,0,0.0,0,0,0,0,0,0,0,0,0,0,0,0,0,0,0,0,0,0,0,0,0,0,0,0,0,0,0,0,0,0,0,0,0,32,30,30,62,65476,0,300,0,0,8,21553,0.0,-107605600.0,0.0,0.0,0.0,0.0,0.0,0.0,0.0,0.0,0.0,0.0,0.0,0.0,0.0,0.0,0.0,0.0,0.0,0.0,0.0,0.0,2.004,2.004,-0.0,0.0,0.0,0.0,0.0,0.0,5453.0,1.040667113973027e+34,6959.0,0.0,0.0,-107615280.0,0.0,0.0,0.0,0.0,0.0,63,-0.0,89220.703,0.0,0.0,0.0,0.0,0.0,0.0,0.0,0,0,0,0.0,0.0,0.0,0.0,0.0,0.0,0.0,0.0,0.0,0.0,0.0,0.0,0.0,0.0,0.0,0.0,0,-107875648.0,63,0.0,126,2.7184242562605685e+23,-0.0,ERR,ERR,ERR,ERR,ERR,ERR,ERR,ERR,ERR,ERR,ERR,ERR,ERR,ERR,ERR,ERR,ERR,ERR,ERR,ERR,ERR,ERR,ERR,ERR,ERR,ERR,ERR,ERR,ERR,ERR,ERR,ERR,ERR,ERR,ERR,ERR,ERR,ERR,ERR,ERR,ERR,ERR,ERR,ERR,ERR,ERR,ERR,ERR,ERR,ERR,ERR,ERR,ERR,ERR,ERR,ERR,ERR,ERR,ERR,ERR,ERR,ERR,ERR,ERR,ERR,ERR,ERR,34.0,80.0,35,0.0,0.0,0.0,0.0,0.0,0.0,0.0,0.0,0.0,0.0,0.0,0.0,0.0,0.0,0.0,0.0,64.4,0,117,56,50,65476,0,300,0,0,8,20529,65476,0,0,57672,80.0,0.0,0.0,0.0,0.0,0.0
2026-06-17T04:13:13,ERR,ERR,ERR,ERR,ERR,ERR,ERR,ERR,ERR,ERR,ERR,ERR,ERR,ERR,ERR,ERR,ERR,ERR,ERR,ERR,ERR,ERR,ERR,ERR,ERR,ERR,ERR,ERR,ERR,ERR,ERR,ERR,ERR,ERR,ERR,ERR,ERR,ERR,ERR,ERR,ERR,ERR,ERR,ERR,ERR,ERR,ERR,ERR,ERR,ERR,ERR,ERR,ERR,ERR,ERR,ERR,ERR,ERR,ERR,ERR,ERR,ERR,ERR,ERR,ERR,ERR,ERR,ERR,ERR,ERR,ERR,ERR,ERR,ERR,ERR,ERR,ERR,ERR,ERR,ERR,ERR,ERR,ERR,ERR,ERR,ERR,ERR,ERR,ERR,ERR,ERR,ERR,ERR,ERR,ERR,ERR,ERR,ERR,ERR,ERR,ERR,ERR,ERR,ERR,ERR,ERR,ERR,ERR,ERR,ERR,ERR,ERR,ERR,ERR,ERR,ERR,ERR,ERR,ERR,ERR,ERR,ERR,ERR,ERR,ERR,0.0,0.0,0.0,0.0,0.0,1.3936040501711995e+18,7.805,0.0,0,0,4,0,7300,-0.0,0,0.0,0.0,0.0,0.0,0.0,0,0,0,0,0.0,0,0,0,0,0,0,0,0,0,0,0,0,0,0,0,0,0,0,0,0,0,0,0,0,0,0,0,0,0,0,0,0,0,32,30,30,62,65476,0,300,0,0,8,21553,0.0,-107605600.0,0.0,0.0,0.0,0.0,0.0,0.0,0.0,0.0,0.0,0.0,0.0,0.0,0.0,0.0,0.0,0.0,0.0,0.0,0.0,0.0,2.004,2.004,-0.0,0.0,0.0,0.0,0.0,0.0,5453.0,1.040667113973027e+34,6959.0,0.0,0.0,-107615280.0,0.0,0.0,0.0,0.0,0.0,63,-0.0,89220.703,0.0,0.0,0.0,0.0,0.0,0.0,0.0,0,0,0,0.0,0.0,0.0,0.0,0.0,0.0,0.0,0.0,0.0,0.0,0.0,0.0,0.0,0.0,0.0,0.0,0,-107875648.0,63,0.0,126,2.7184242562605685e+23,-0.0,ERR,ERR,ERR,ERR,ERR,ERR,ERR,ERR,ERR,ERR,ERR,ERR,ERR,ERR,ERR,ERR,ERR,ERR,ERR,ERR,ERR,ERR,ERR,ERR,ERR,ERR,ERR,ERR,ERR,ERR,ERR,ERR,ERR,ERR,ERR,ERR,ERR,ERR,ERR,ERR,ERR,ERR,ERR,ERR,ERR,ERR,ERR,ERR,ERR,ERR,ERR,ERR,ERR,ERR,ERR,ERR,ERR,ERR,ERR,ERR,ERR,ERR,ERR,ERR,ERR,ERR,ERR,34.0,80.0,35,0.0,0.0,0.0,0.0,0.0,0.0,0.0,0.0,0.0,0.0,0.0,0.0,0.0,0.0,0.0,0.0,64.8,0,117,56,50,65476,0,300,0,0,8,20529,65476,0,0,57672,80.0,0.0,0.0,0.0,0.0,0.0
2026-06-17T04:13:14,ERR,ERR,ERR,ERR,ERR,ERR,ERR,ERR,ERR,ERR,ERR,ERR,ERR,ERR,ERR,ERR,ERR,ERR,ERR,ERR,ERR,ERR,ERR,ERR,ERR,ERR,ERR,ERR,ERR,ERR,ERR,ERR,ERR,ERR,ERR,ERR,ERR,ERR,ERR,ERR,ERR,ERR,ERR,ERR,ERR,ERR,ERR,ERR,ERR,ERR,ERR,ERR,ERR,ERR,ERR,ERR,ERR,ERR,ERR,ERR,ERR,ERR,ERR,ERR,ERR,ERR,ERR,ERR,ERR,ERR,ERR,ERR,ERR,ERR,ERR,ERR,ERR,ERR,ERR,ERR,ERR,ERR,ERR,ERR,ERR,ERR,ERR,ERR,ERR,ERR,ERR,ERR,ERR,ERR,ERR,ERR,ERR,ERR,ERR,ERR,ERR,ERR,ERR,ERR,ERR,ERR,ERR,ERR,ERR,ERR,ERR,ERR,ERR,ERR,ERR,ERR,ERR,ERR,ERR,ERR,ERR,ERR,ERR,ERR,ERR,0.0,0.0,0.0,0.0,0.0,1.3936040501711995e+18,7.805,0.0,0,0,4,0,7300,-0.0,0,0.0,0.0,0.0,0.0,0.0,0,0,0,0,0.0,0,0,0,0,0,0,0,0,0,0,0,0,0,0,0,0,0,0,0,0,0,0,0,0,0,0,0,0,0,0,0,0,0,32,30,30,62,65476,0,300,0,0,8,21553,0.0,-107605600.0,0.0,0.0,0.0,0.0,0.0,0.0,0.0,0.0,0.0,0.0,0.0,0.0,0.0,0.0,0.0,0.0,0.0,0.0,0.0,0.0,2.004,2.004,-0.0,0.0,0.0,0.0,0.0,0.0,5453.0,1.040667113973027e+34,6959.0,0.0,0.0,-107615280.0,0.0,0.0,0.0,0.0,0.0,63,-0.0,89220.703,0.0,0.0,0.0,0.0,0.0,0.0,0.0,0,0,0,0.0,0.0,0.0,0.0,0.0,0.0,0.0,0.0,0.0,0.0,0.0,0.0,0.0,0.0,0.0,0.0,0,-107875648.0,63,0.0,126,2.7184242562605685e+23,-0.0,ERR,ERR,ERR,ERR,ERR,ERR,ERR,ERR,ERR,ERR,ERR,ERR,ERR,ERR,ERR,ERR,ERR,ERR,ERR,ERR,ERR,ERR,ERR,ERR,ERR,ERR,ERR,ERR,ERR,ERR,ERR,ERR,ERR,ERR,ERR,ERR,ERR,ERR,ERR,ERR,ERR,ERR,ERR,ERR,ERR,ERR,ERR,ERR,ERR,ERR,ERR,ERR,ERR,ERR,ERR,ERR,ERR,ERR,ERR,ERR,ERR,ERR,ERR,ERR,ERR,ERR,ERR,34.0,80.0,35,0.0,0.0,0.0,0.0,0.0,0.0,0.0,0.0,0.0,0.0,0.0,0.0,0.0,0.0,0.0,0.0,64.8,0,117,56,50,65476,0,300,0,0,8,20529,65476,0,0,57672,80.0,0.0,0.0,0.0,0.0,0.0
2026-06-17T04:13:15,ERR,ERR,ERR,ERR,ERR,ERR,ERR,ERR,ERR,ERR,ERR,ERR,ERR,ERR,ERR,ERR,ERR,ERR,ERR,ERR,ERR,ERR,ERR,ERR,ERR,ERR,ERR,ERR,ERR,ERR,ERR,ERR,ERR,ERR,ERR,ERR,ERR,ERR,ERR,ERR,ERR,ERR,ERR,ERR,ERR,ERR,ERR,ERR,ERR,ERR,ERR,ERR,ERR,ERR,ERR,ERR,ERR,ERR,ERR,ERR,ERR,ERR,ERR,ERR,ERR,ERR,ERR,ERR,ERR,ERR,ERR,ERR,ERR,ERR,ERR,ERR,ERR,ERR,ERR,ERR,ERR,ERR,ERR,ERR,ERR,ERR,ERR,ERR,ERR,ERR,ERR,ERR,ERR,ERR,ERR,ERR,ERR,ERR,ERR,ERR,ERR,ERR,ERR,ERR,ERR,ERR,ERR,ERR,ERR,ERR,ERR,ERR,ERR,ERR,ERR,ERR,ERR,ERR,ERR,ERR,ERR,ERR,ERR,ERR,ERR,0.0,0.0,0.0,0.0,0.0,1.3936040501711995e+18,7.805,0.0,0,0,4,0,7300,-0.0,0,0.0,0.0,0.0,0.0,0.0,0,0,0,0,0.0,0,0,0,0,0,0,0,0,0,0,0,0,0,0,0,0,0,0,0,0,0,0,0,0,0,0,0,0,0,0,0,0,0,32,30,30,62,65476,0,300,0,0,8,21553,0.0,-107605600.0,0.0,0.0,0.0,0.0,0.0,0.0,0.0,0.0,0.0,0.0,0.0,0.0,0.0,0.0,0.0,0.0,0.0,0.0,0.0,0.0,2.004,2.004,-0.0,0.0,0.0,0.0,0.0,0.0,5453.0,1.040667113973027e+34,6959.0,0.0,0.0,-107615280.0,0.0,0.0,0.0,0.0,0.0,63,-0.0,89220.703,0.0,0.0,0.0,0.0,0.0,0.0,0.0,0,0,0,0.0,0.0,0.0,0.0,0.0,0.0,0.0,0.0,0.0,0.0,0.0,0.0,0.0,0.0,0.0,0.0,0,-107875648.0,63,0.0,126,2.7184242562605685e+23,-0.0,ERR,ERR,ERR,ERR,ERR,ERR,ERR,ERR,ERR,ERR,ERR,ERR,ERR,ERR,ERR,ERR,ERR,ERR,ERR,ERR,ERR,ERR,ERR,ERR,ERR,ERR,ERR,ERR,ERR,ERR,ERR,ERR,ERR,ERR,ERR,ERR,ERR,ERR,ERR,ERR,ERR,ERR,ERR,ERR,ERR,ERR,ERR,ERR,ERR,ERR,ERR,ERR,ERR,ERR,ERR,ERR,ERR,ERR,ERR,ERR,ERR,ERR,ERR,ERR,ERR,ERR,ERR,34.0,80.0,35,0.0,0.0,0.0,0.0,0.0,0.0,0.0,0.0,0.0,0.0,0.0,0.0,0.0,0.0,0.0,0.0,64.4,0,117,56,50,65476,0,300,0,0,8,20529,65476,0,0,57672,80.0,0.0,0.0,0.0,0.0,0.0
2026-06-17T04:13:16,ERR,ERR,ERR,ERR,ERR,ERR,ERR,ERR,ERR,ERR,ERR,ERR,ERR,ERR,ERR,ERR,ERR,ERR,ERR,ERR,ERR,ERR,ERR,ERR,ERR,ERR,ERR,ERR,ERR,ERR,ERR,ERR,ERR,ERR,ERR,ERR,ERR,ERR,ERR,ERR,ERR,ERR,ERR,ERR,ERR,ERR,ERR,ERR,ERR,ERR,ERR,ERR,ERR,ERR,ERR,ERR,ERR,ERR,ERR,ERR,ERR,ERR,ERR,ERR,ERR,ERR,ERR,ERR,ERR,ERR,ERR,ERR,ERR,ERR,ERR,ERR,ERR,ERR,ERR,ERR,ERR,ERR,ERR,ERR,ERR,ERR,ERR,ERR,ERR,ERR,ERR,ERR,ERR,ERR,ERR,ERR,ERR,ERR,ERR,ERR,ERR,ERR,ERR,ERR,ERR,ERR,ERR,ERR,ERR,ERR,ERR,ERR,ERR,ERR,ERR,ERR,ERR,ERR,ERR,ERR,ERR,ERR,ERR,ERR,ERR,0.0,0.0,0.0,0.0,0.0,1.3936040501711995e+18,7.805,0.0,0,0,4,0,7300,-0.0,0,0.0,0.0,0.0,0.0,0.0,0,0,0,0,0.0,0,0,0,0,0,0,0,0,0,0,0,0,0,0,0,0,0,0,0,0,0,0,0,0,0,0,0,0,0,0,0,0,0,32,30,30,62,65476,0,300,0,0,8,21553,0.0,-107605600.0,0.0,0.0,0.0,0.0,0.0,0.0,0.0,0.0,0.0,0.0,0.0,0.0,0.0,0.0,0.0,0.0,0.0,0.0,0.0,0.0,2.004,2.004,-0.0,0.0,0.0,0.0,0.0,0.0,5453.0,1.040667113973027e+34,6959.0,0.0,0.0,-107615280.0,0.0,0.0,0.0,0.0,0.0,63,-0.0,89220.703,0.0,0.0,0.0,0.0,0.0,0.0,0.0,0,0,0,0.0,0.0,0.0,0.0,0.0,0.0,0.0,0.0,0.0,0.0,0.0,0.0,0.0,0.0,0.0,0.0,0,-107875648.0,63,0.0,126,2.7184242562605685e+23,-0.0,ERR,ERR,ERR,ERR,ERR,ERR,ERR,ERR,ERR,ERR,ERR,ERR,ERR,ERR,ERR,ERR,ERR,ERR,ERR,ERR,ERR,ERR,ERR,ERR,ERR,ERR,ERR,ERR,ERR,ERR,ERR,ERR,ERR,ERR,ERR,ERR,ERR,ERR,ERR,ERR,ERR,ERR,ERR,ERR,ERR,ERR,ERR,ERR,ERR,ERR,ERR,ERR,ERR,ERR,ERR,ERR,ERR,ERR,ERR,ERR,ERR,ERR,ERR,ERR,ERR,ERR,ERR,34.0,80.0,35,0.0,0.0,0.0,0.0,0.0,0.0,0.0,0.0,0.0,0.0,0.0,0.0,0.0,0.0,0.0,0.0,64.4,0,117,56,50,65476,0,300,0,0,8,20529,65476,0,0,57672,80.0,0.0,0.0,0.0,0.0,0.0
2026-06-17T04:13:17,ERR,ERR,ERR,ERR,ERR,ERR,ERR,ERR,ERR,ERR,ERR,ERR,ERR,ERR,ERR,ERR,ERR,ERR,ERR,ERR,ERR,ERR,ERR,ERR,ERR,ERR,ERR,ERR,ERR,ERR,ERR,ERR,ERR,ERR,ERR,ERR,ERR,ERR,ERR,ERR,ERR,ERR,ERR,ERR,ERR,ERR,ERR,ERR,ERR,ERR,ERR,ERR,ERR,ERR,ERR,ERR,ERR,ERR,ERR,ERR,ERR,ERR,ERR,ERR,ERR,ERR,ERR,ERR,ERR,ERR,ERR,ERR,ERR,ERR,ERR,ERR,ERR,ERR,ERR,ERR,ERR,ERR,ERR,ERR,ERR,ERR,ERR,ERR,ERR,ERR,ERR,ERR,ERR,ERR,ERR,ERR,ERR,ERR,ERR,ERR,ERR,ERR,ERR,ERR,ERR,ERR,ERR,ERR,ERR,ERR,ERR,ERR,ERR,ERR,ERR,ERR,ERR,ERR,ERR,ERR,ERR,ERR,ERR,ERR,ERR,0.0,0.0,0.0,0.0,0.0,1.3936040501711995e+18,7.805,0.0,0,0,4,0,7300,-0.0,0,0.0,0.0,0.0,0.0,0.0,0,0,0,0,0.0,0,0,0,0,0,0,0,0,0,0,0,0,0,0,0,0,0,0,0,0,0,0,0,0,0,0,0,0,0,0,0,0,0,32,30,30,62,65476,0,300,0,0,8,21553,0.0,-107605600.0,0.0,0.0,0.0,0.0,0.0,0.0,0.0,0.0,0.0,0.0,0.0,0.0,0.0,0.0,0.0,0.0,0.0,0.0,0.0,0.0,2.004,2.004,-0.0,0.0,0.0,0.0,0.0,0.0,5453.0,1.040667113973027e+34,6959.0,0.0,0.0,-107615280.0,0.0,0.0,0.0,0.0,0.0,63,-0.0,89220.703,0.0,0.0,0.0,0.0,0.0,0.0,0.0,0,0,0,0.0,0.0,0.0,0.0,0.0,0.0,0.0,0.0,0.0,0.0,0.0,0.0,0.0,0.0,0.0,0.0,0,-107875648.0,63,0.0,126,2.7184242562605685e+23,-0.0,ERR,ERR,ERR,ERR,ERR,ERR,ERR,ERR,ERR,ERR,ERR,ERR,ERR,ERR,ERR,ERR,ERR,ERR,ERR,ERR,ERR,ERR,ERR,ERR,ERR,ERR,ERR,ERR,ERR,ERR,ERR,ERR,ERR,ERR,ERR,ERR,ERR,ERR,ERR,ERR,ERR,ERR,ERR,ERR,ERR,ERR,ERR,ERR,ERR,ERR,ERR,ERR,ERR,ERR,ERR,ERR,ERR,ERR,ERR,ERR,ERR,ERR,ERR,ERR,ERR,ERR,ERR,34.0,80.0,35,0.0,0.0,0.0,0.0,0.0,0.0,0.0,0.0,0.0,0.0,0.0,0.0,0.0,0.0,0.0,0.0,64.4,0,117,56,50,65476,0,300,0,0,8,20529,65476,0,0,57672,80.0,0.0,0.0,0.0,0.0,0.0
2026-06-17T04:13:18,ERR,ERR,ERR,ERR,ERR,ERR,ERR,ERR,ERR,ERR,ERR,ERR,ERR,ERR,ERR,ERR,ERR,ERR,ERR,ERR,ERR,ERR,ERR,ERR,ERR,ERR,ERR,ERR,ERR,ERR,ERR,ERR,ERR,ERR,ERR,ERR,ERR,ERR,ERR,ERR,ERR,ERR,ERR,ERR,ERR,ERR,ERR,ERR,ERR,ERR,ERR,ERR,ERR,ERR,ERR,ERR,ERR,ERR,ERR,ERR,ERR,ERR,ERR,ERR,ERR,ERR,ERR,ERR,ERR,ERR,ERR,ERR,ERR,ERR,ERR,ERR,ERR,ERR,ERR,ERR,ERR,ERR,ERR,ERR,ERR,ERR,ERR,ERR,ERR,ERR,ERR,ERR,ERR,ERR,ERR,ERR,ERR,ERR,ERR,ERR,ERR,ERR,ERR,ERR,ERR,ERR,ERR,ERR,ERR,ERR,ERR,ERR,ERR,ERR,ERR,ERR,ERR,ERR,ERR,ERR,ERR,ERR,ERR,ERR,ERR,0.0,0.0,0.0,0.0,0.0,1.3936040501711995e+18,7.805,0.0,0,0,4,0,7300,-0.0,0,0.0,0.0,0.0,0.0,0.0,0,0,0,0,0.0,0,0,0,0,0,0,0,0,0,0,0,0,0,0,0,0,0,0,0,0,0,0,0,0,0,0,0,0,0,0,0,0,0,32,30,30,62,65476,0,300,0,0,8,21553,0.0,-107605600.0,0.0,0.0,0.0,0.0,0.0,0.0,0.0,0.0,0.0,0.0,0.0,0.0,0.0,0.0,0.0,0.0,0.0,0.0,0.0,0.0,2.004,2.004,-0.0,0.0,0.0,0.0,0.0,0.0,5487.0,0.0,6945.0,0.0,0.0,-107615280.0,0.0,0.0,0.0,0.0,0.0,63,-0.0,-3.222009408071634e+26,0.0,0.0,0.0,0.0,0.0,0.0,0.0,0,0,0,0.0,0.0,0.0,0.0,0.0,0.0,0.0,0.0,0.0,0.0,0.0,0.0,0.0,0.0,0.0,0.0,0,-107875648.0,63,0.0,126,2.7184242562605685e+23,-0.0,ERR,ERR,ERR,ERR,ERR,ERR,ERR,ERR,ERR,ERR,ERR,ERR,ERR,ERR,ERR,ERR,ERR,ERR,ERR,ERR,ERR,ERR,ERR,ERR,ERR,ERR,ERR,ERR,ERR,ERR,ERR,ERR,ERR,ERR,ERR,ERR,ERR,ERR,ERR,ERR,ERR,ERR,ERR,ERR,ERR,ERR,ERR,ERR,ERR,ERR,ERR,ERR,ERR,ERR,ERR,ERR,ERR,ERR,ERR,ERR,ERR,ERR,ERR,ERR,ERR,ERR,ERR,34.0,80.0,35,0.0,0.0,0.0,0.0,0.0,0.0,0.0,0.0,0.0,0.0,0.0,0.0,0.0,0.0,0.0,0.0,64.4,0,117,56,50,65476,0,300,0,0,8,20529,65476,0,0,57672,80.0,0.0,0.0,0.0,0.0,0.0
2026-06-17T04:13:19,ERR,ERR,ERR,ERR,ERR,ERR,ERR,ERR,ERR,ERR,ERR,ERR,ERR,ERR,ERR,ERR,ERR,ERR,ERR,ERR,ERR,ERR,ERR,ERR,ERR,ERR,ERR,ERR,ERR,ERR,ERR,ERR,ERR,ERR,ERR,ERR,ERR,ERR,ERR,ERR,ERR,ERR,ERR,ERR,ERR,ERR,ERR,ERR,ERR,ERR,ERR,ERR,ERR,ERR,ERR,ERR,ERR,ERR,ERR,ERR,ERR,ERR,ERR,ERR,ERR,ERR,ERR,ERR,ERR,ERR,ERR,ERR,ERR,ERR,ERR,ERR,ERR,ERR,ERR,ERR,ERR,ERR,ERR,ERR,ERR,ERR,ERR,ERR,ERR,ERR,ERR,ERR,ERR,ERR,ERR,ERR,ERR,ERR,ERR,ERR,ERR,ERR,ERR,ERR,ERR,ERR,ERR,ERR,ERR,ERR,ERR,ERR,ERR,ERR,ERR,ERR,ERR,ERR,ERR,ERR,ERR,ERR,ERR,ERR,ERR,0.0,0.0,0.0,0.0,0.0,1.3936040501711995e+18,7.805,0.0,0,0,4,0,7300,-0.0,0,0.0,0.0,0.0,0.0,0.0,0,0,0,0,0.0,0,0,0,0,0,0,0,0,0,0,0,0,0,0,0,0,0,0,0,0,0,0,0,0,0,0,0,0,0,0,0,0,0,32,30,30,62,65476,0,300,0,0,8,21553,0.0,-107605600.0,0.0,0.0,0.0,0.0,0.0,0.0,0.0,0.0,0.0,0.0,0.0,0.0,0.0,0.0,0.0,0.0,0.0,0.0,0.0,0.0,2.004,2.004,-0.0,0.0,0.0,0.0,0.0,0.0,5487.0,0.0,6945.0,0.0,0.0,-107615280.0,0.0,0.0,0.0,0.0,0.0,63,-0.0,-3.222009408071634e+26,0.0,0.0,0.0,0.0,0.0,0.0,0.0,0,0,0,0.0,0.0,0.0,0.0,0.0,0.0,0.0,0.0,0.0,0.0,0.0,0.0,0.0,0.0,0.0,0.0,0,-107875648.0,63,0.0,126,2.7184242562605685e+23,-0.0,ERR,ERR,ERR,ERR,ERR,ERR,ERR,ERR,ERR,ERR,ERR,ERR,ERR,ERR,ERR,ERR,ERR,ERR,ERR,ERR,ERR,ERR,ERR,ERR,ERR,ERR,ERR,ERR,ERR,ERR,ERR,ERR,ERR,ERR,ERR,ERR,ERR,ERR,ERR,ERR,ERR,ERR,ERR,ERR,ERR,ERR,ERR,ERR,ERR,ERR,ERR,ERR,ERR,ERR,ERR,ERR,ERR,ERR,ERR,ERR,ERR,ERR,ERR,ERR,ERR,ERR,ERR,34.0,80.0,35,0.0,0.0,0.0,0.0,0.0,0.0,0.0,0.0,0.0,0.0,0.0,0.0,0.0,0.0,0.0,0.0,64.8,0,117,56,50,65476,0,300,0,0,8,20529,65476,0,0,57672,80.0,0.0,0.0,0.0,0.0,0.0
2026-06-17T04:13:20,ERR,ERR,ERR,ERR,ERR,ERR,ERR,ERR,ERR,ERR,ERR,ERR,ERR,ERR,ERR,ERR,ERR,ERR,ERR,ERR,ERR,ERR,ERR,ERR,ERR,ERR,ERR,ERR,ERR,ERR,ERR,ERR,ERR,ERR,ERR,ERR,ERR,ERR,ERR,ERR,ERR,ERR,ERR,ERR,ERR,ERR,ERR,ERR,ERR,ERR,ERR,ERR,ERR,ERR,ERR,ERR,ERR,ERR,ERR,ERR,ERR,ERR,ERR,ERR,ERR,ERR,ERR,ERR,ERR,ERR,ERR,ERR,ERR,ERR,ERR,ERR,ERR,ERR,ERR,ERR,ERR,ERR,ERR,ERR,ERR,ERR,ERR,ERR,ERR,ERR,ERR,ERR,ERR,ERR,ERR,ERR,ERR,ERR,ERR,ERR,ERR,ERR,ERR,ERR,ERR,ERR,ERR,ERR,ERR,ERR,ERR,ERR,ERR,ERR,ERR,ERR,ERR,ERR,ERR,ERR,ERR,ERR,ERR,ERR,ERR,0.0,0.0,0.0,0.0,0.0,1.3936040501711995e+18,7.805,0.0,0,0,4,0,7300,-0.0,0,0.0,0.0,0.0,0.0,0.0,0,0,0,0,0.0,0,0,0,0,0,0,0,0,0,0,0,0,0,0,0,0,0,0,0,0,0,0,0,0,0,0,0,0,0,0,0,0,0,32,30,30,62,65476,0,300,0,0,8,21553,0.0,-107605600.0,0.0,0.0,0.0,0.0,0.0,0.0,0.0,0.0,0.0,0.0,0.0,0.0,0.0,0.0,0.0,0.0,0.0,0.0,0.0,0.0,2.004,2.004,-0.0,0.0,0.0,0.0,0.0,0.0,5487.0,0.0,6945.0,0.0,0.0,-107615280.0,0.0,0.0,0.0,0.0,0.0,63,-0.0,-3.222009408071634e+26,0.0,0.0,0.0,0.0,0.0,0.0,0.0,0,0,0,0.0,0.0,0.0,0.0,0.0,0.0,0.0,0.0,0.0,0.0,0.0,0.0,0.0,0.0,0.0,0.0,0,-107875648.0,63,0.0,126,2.7184242562605685e+23,-0.0,ERR,ERR,ERR,ERR,ERR,ERR,ERR,ERR,ERR,ERR,ERR,ERR,ERR,ERR,ERR,ERR,ERR,ERR,ERR,ERR,ERR,ERR,ERR,ERR,ERR,ERR,ERR,ERR,ERR,ERR,ERR,ERR,ERR,ERR,ERR,ERR,ERR,ERR,ERR,ERR,ERR,ERR,ERR,ERR,ERR,ERR,ERR,ERR,ERR,ERR,ERR,ERR,ERR,ERR,ERR,ERR,ERR,ERR,ERR,ERR,ERR,ERR,ERR,ERR,ERR,ERR,ERR,34.0,80.0,35,0.0,0.0,0.0,0.0,0.0,0.0,0.0,0.0,0.0,0.0,0.0,0.0,0.0,0.0,0.0,0.0,64.8,0,117,56,50,65476,0,300,0,0,8,20529,65476,0,0,57672,80.0,0.0,0.0,0.0,0.0,0.0
2026-06-17T04:13:21,ERR,ERR,ERR,ERR,ERR,ERR,ERR,ERR,ERR,ERR,ERR,ERR,ERR,ERR,ERR,ERR,ERR,ERR,ERR,ERR,ERR,ERR,ERR,ERR,ERR,ERR,ERR,ERR,ERR,ERR,ERR,ERR,ERR,ERR,ERR,ERR,ERR,ERR,ERR,ERR,ERR,ERR,ERR,ERR,ERR,ERR,ERR,ERR,ERR,ERR,ERR,ERR,ERR,ERR,ERR,ERR,ERR,ERR,ERR,ERR,ERR,ERR,ERR,ERR,ERR,ERR,ERR,ERR,ERR,ERR,ERR,ERR,ERR,ERR,ERR,ERR,ERR,ERR,ERR,ERR,ERR,ERR,ERR,ERR,ERR,ERR,ERR,ERR,ERR,ERR,ERR,ERR,ERR,ERR,ERR,ERR,ERR,ERR,ERR,ERR,ERR,ERR,ERR,ERR,ERR,ERR,ERR,ERR,ERR,ERR,ERR,ERR,ERR,ERR,ERR,ERR,ERR,ERR,ERR,ERR,ERR,ERR,ERR,ERR,ERR,0.0,0.0,0.0,0.0,0.0,1.3936040501711995e+18,7.805,0.0,0,0,4,0,7300,-0.0,0,0.0,0.0,0.0,0.0,0.0,0,0,0,0,0.0,0,0,0,0,0,0,0,0,0,0,0,0,0,0,0,0,0,0,0,0,0,0,0,0,0,0,0,0,0,0,0,0,0,32,30,30,62,65476,0,300,0,0,8,21553,0.0,-107605600.0,0.0,0.0,0.0,0.0,0.0,0.0,0.0,0.0,0.0,0.0,0.0,0.0,0.0,0.0,0.0,0.0,0.0,0.0,0.0,0.0,2.004,2.004,-0.0,0.0,0.0,0.0,0.0,0.0,5487.0,0.0,6945.0,0.0,0.0,-107615280.0,0.0,0.0,0.0,0.0,0.0,63,-0.0,-3.222009408071634e+26,0.0,0.0,0.0,0.0,0.0,0.0,0.0,0,0,0,0.0,0.0,0.0,0.0,0.0,0.0,0.0,0.0,0.0,0.0,0.0,0.0,0.0,0.0,0.0,0.0,0,-107875648.0,63,0.0,126,2.7184242562605685e+23,-0.0,ERR,ERR,ERR,ERR,ERR,ERR,ERR,ERR,ERR,ERR,ERR,ERR,ERR,ERR,ERR,ERR,ERR,ERR,ERR,ERR,ERR,ERR,ERR,ERR,ERR,ERR,ERR,ERR,ERR,ERR,ERR,ERR,ERR,ERR,ERR,ERR,ERR,ERR,ERR,ERR,ERR,ERR,ERR,ERR,ERR,ERR,ERR,ERR,ERR,ERR,ERR,ERR,ERR,ERR,ERR,ERR,ERR,ERR,ERR,ERR,ERR,ERR,ERR,ERR,ERR,ERR,ERR,34.0,80.0,35,0.0,0.0,0.0,0.0,0.0,0.0,0.0,0.0,0.0,0.0,0.0,0.0,0.0,0.0,0.0,0.0,64.8,0,117,56,50,65476,0,300,0,0,8,20529,65476,0,0,57672,80.0,0.0,0.0,0.0,0.0,0.0
2026-06-17T04:13:22,ERR,ERR,ERR,ERR,ERR,ERR,ERR,ERR,ERR,ERR,ERR,ERR,ERR,ERR,ERR,ERR,ERR,ERR,ERR,ERR,ERR,ERR,ERR,ERR,ERR,ERR,ERR,ERR,ERR,ERR,ERR,ERR,ERR,ERR,ERR,ERR,ERR,ERR,ERR,ERR,ERR,ERR,ERR,ERR,ERR,ERR,ERR,ERR,ERR,ERR,ERR,ERR,ERR,ERR,ERR,ERR,ERR,ERR,ERR,ERR,ERR,ERR,ERR,ERR,ERR,ERR,ERR,ERR,ERR,ERR,ERR,ERR,ERR,ERR,ERR,ERR,ERR,ERR,ERR,ERR,ERR,ERR,ERR,ERR,ERR,ERR,ERR,ERR,ERR,ERR,ERR,ERR,ERR,ERR,ERR,ERR,ERR,ERR,ERR,ERR,ERR,ERR,ERR,ERR,ERR,ERR,ERR,ERR,ERR,ERR,ERR,ERR,ERR,ERR,ERR,ERR,ERR,ERR,ERR,ERR,ERR,ERR,ERR,ERR,ERR,0.0,0.0,0.0,0.0,0.0,1.3936040501711995e+18,7.805,0.0,0,0,4,0,7300,-0.0,0,0.0,0.0,0.0,0.0,0.0,0,0,0,0,0.0,0,0,0,0,0,0,0,0,0,0,0,0,0,0,0,0,0,0,0,0,0,0,0,0,0,0,0,0,0,0,0,0,0,32,30,30,62,65476,0,300,0,0,8,21553,0.0,-107605600.0,0.0,0.0,0.0,0.0,0.0,0.0,0.0,0.0,0.0,0.0,0.0,0.0,0.0,0.0,0.0,0.0,0.0,0.0,0.0,0.0,2.004,2.004,-0.0,0.0,0.0,0.0,0.0,0.0,5487.0,0.0,6945.0,0.0,0.0,-107615280.0,0.0,0.0,0.0,0.0,0.0,63,-0.0,-3.222009408071634e+26,0.0,0.0,0.0,0.0,0.0,0.0,0.0,0,0,0,0.0,0.0,0.0,0.0,0.0,0.0,0.0,0.0,0.0,0.0,0.0,0.0,0.0,0.0,0.0,0.0,0,-107875648.0,63,0.0,126,2.7184242562605685e+23,-0.0,ERR,ERR,ERR,ERR,ERR,ERR,ERR,ERR,ERR,ERR,ERR,ERR,ERR,ERR,ERR,ERR,ERR,ERR,ERR,ERR,ERR,ERR,ERR,ERR,ERR,ERR,ERR,ERR,ERR,ERR,ERR,ERR,ERR,ERR,ERR,ERR,ERR,ERR,ERR,ERR,ERR,ERR,ERR,ERR,ERR,ERR,ERR,ERR,ERR,ERR,ERR,ERR,ERR,ERR,ERR,ERR,ERR,ERR,ERR,ERR,ERR,ERR,ERR,ERR,ERR,ERR,ERR,34.0,80.0,35,0.0,0.0,0.0,0.0,0.0,0.0,0.0,0.0,0.0,0.0,0.0,0.0,0.0,0.0,0.0,0.0,64.4,0,117,56,50,65476,0,300,0,0,8,20529,65476,0,0,57672,80.0,0.0,0.0,0.0,0.0,0.0
2026-06-17T04:13:23,ERR,ERR,ERR,ERR,ERR,ERR,ERR,ERR,ERR,ERR,ERR,ERR,ERR,ERR,ERR,ERR,ERR,ERR,ERR,ERR,ERR,ERR,ERR,ERR,ERR,ERR,ERR,ERR,ERR,ERR,ERR,ERR,ERR,ERR,ERR,ERR,ERR,ERR,ERR,ERR,ERR,ERR,ERR,ERR,ERR,ERR,ERR,ERR,ERR,ERR,ERR,ERR,ERR,ERR,ERR,ERR,ERR,ERR,ERR,ERR,ERR,ERR,ERR,ERR,ERR,ERR,ERR,ERR,ERR,ERR,ERR,ERR,ERR,ERR,ERR,ERR,ERR,ERR,ERR,ERR,ERR,ERR,ERR,ERR,ERR,ERR,ERR,ERR,ERR,ERR,ERR,ERR,ERR,ERR,ERR,ERR,ERR,ERR,ERR,ERR,ERR,ERR,ERR,ERR,ERR,ERR,ERR,ERR,ERR,ERR,ERR,ERR,ERR,ERR,ERR,ERR,ERR,ERR,ERR,ERR,ERR,ERR,ERR,ERR,ERR,0.0,0.0,0.0,0.0,0.0,1.3936040501711995e+18,7.805,0.0,0,0,4,0,7300,-0.0,0,0.0,0.0,0.0,0.0,0.0,0,0,0,0,0.0,0,0,0,0,0,0,0,0,0,0,0,0,0,0,0,0,0,0,0,0,0,0,0,0,0,0,0,0,0,0,0,0,0,32,30,30,62,65476,0,300,0,0,8,21553,0.0,-107605600.0,0.0,0.0,0.0,0.0,0.0,0.0,0.0,0.0,0.0,0.0,0.0,0.0,0.0,0.0,0.0,0.0,0.0,0.0,0.0,0.0,2.004,2.004,-0.0,0.0,0.0,0.0,0.0,0.0,5488.0,3.697192730694464e+19,6956.0,0.0,0.0,-107615280.0,-107615328.0,0.0,0.0,0.0,0.0,63,5.848081828453021e+35,89220.711,0.0,0.0,0.0,0.0,0.0,0.0,0.0,0,0,0,0.0,0.0,0.0,0.0,0.0,0.0,0.0,0.0,0.0,0.0,0.0,0.0,0.0,0.0,0.0,0.0,0,-107875648.0,63,0.0,126,2.7184242562605685e+23,-0.0,ERR,ERR,ERR,ERR,ERR,ERR,ERR,ERR,ERR,ERR,ERR,ERR,ERR,ERR,ERR,ERR,ERR,ERR,ERR,ERR,ERR,ERR,ERR,ERR,ERR,ERR,ERR,ERR,ERR,ERR,ERR,ERR,ERR,ERR,ERR,ERR,ERR,ERR,ERR,ERR,ERR,ERR,ERR,ERR,ERR,ERR,ERR,ERR,ERR,ERR,ERR,ERR,ERR,ERR,ERR,ERR,ERR,ERR,ERR,ERR,ERR,ERR,ERR,ERR,ERR,ERR,ERR,34.0,80.0,35,0.0,0.0,0.0,0.0,0.0,0.0,0.0,0.0,0.0,0.0,0.0,0.0,0.0,0.0,0.0,0.0,64.4,0,117,56,50,65476,0,300,0,0,8,20529,65476,0,0,57672,80.0,0.0,0.0,0.0,0.0,0.0
2026-06-17T04:13:24,ERR,ERR,ERR,ERR,ERR,ERR,ERR,ERR,ERR,ERR,ERR,ERR,ERR,ERR,ERR,ERR,ERR,ERR,ERR,ERR,ERR,ERR,ERR,ERR,ERR,ERR,ERR,ERR,ERR,ERR,ERR,ERR,ERR,ERR,ERR,ERR,ERR,ERR,ERR,ERR,ERR,ERR,ERR,ERR,ERR,ERR,ERR,ERR,ERR,ERR,ERR,ERR,ERR,ERR,ERR,ERR,ERR,ERR,ERR,ERR,ERR,ERR,ERR,ERR,ERR,ERR,ERR,ERR,ERR,ERR,ERR,ERR,ERR,ERR,ERR,ERR,ERR,ERR,ERR,ERR,ERR,ERR,ERR,ERR,ERR,ERR,ERR,ERR,ERR,ERR,ERR,ERR,ERR,ERR,ERR,ERR,ERR,ERR,ERR,ERR,ERR,ERR,ERR,ERR,ERR,ERR,ERR,ERR,ERR,ERR,ERR,ERR,ERR,ERR,ERR,ERR,ERR,ERR,ERR,ERR,ERR,ERR,ERR,ERR,ERR,0.0,0.0,0.0,0.0,0.0,1.3936040501711995e+18,7.805,0.0,0,0,4,0,7300,-0.0,0,0.0,0.0,0.0,0.0,0.0,0,0,0,0,0.0,0,0,0,0,0,0,0,0,0,0,0,0,0,0,0,0,0,0,0,0,0,0,0,0,0,0,0,0,0,0,0,0,0,32,30,30,62,65476,0,300,0,0,8,21553,0.0,-107605600.0,0.0,0.0,0.0,0.0,0.0,0.0,0.0,0.0,0.0,0.0,0.0,0.0,0.0,0.0,0.0,0.0,0.0,0.0,0.0,0.0,2.004,2.004,-0.0,0.0,0.0,0.0,0.0,0.0,5488.0,3.697192730694464e+19,6956.0,0.0,0.0,-107615280.0,-107615328.0,0.0,0.0,0.0,0.0,63,5.848081828453021e+35,89220.711,0.0,0.0,0.0,0.0,0.0,0.0,0.0,0,0,0,0.0,0.0,0.0,0.0,0.0,0.0,0.0,0.0,0.0,0.0,0.0,0.0,0.0,0.0,0.0,0.0,0,-107875648.0,63,0.0,126,2.7184242562605685e+23,-0.0,ERR,ERR,ERR,ERR,ERR,ERR,ERR,ERR,ERR,ERR,ERR,ERR,ERR,ERR,ERR,ERR,ERR,ERR,ERR,ERR,ERR,ERR,ERR,ERR,ERR,ERR,ERR,ERR,ERR,ERR,ERR,ERR,ERR,ERR,ERR,ERR,ERR,ERR,ERR,ERR,ERR,ERR,ERR,ERR,ERR,ERR,ERR,ERR,ERR,ERR,ERR,ERR,ERR,ERR,ERR,ERR,ERR,ERR,ERR,ERR,ERR,ERR,ERR,ERR,ERR,ERR,ERR,34.0,80.0,35,0.0,0.0,0.0,0.0,0.0,0.0,0.0,0.0,0.0,0.0,0.0,0.0,0.0,0.0,0.0,0.0,64.8,0,117,56,50,65476,0,300,0,0,8,20529,65476,0,0,57672,80.0,0.0,0.0,0.0,0.0,0.0
2026-06-17T04:13:25,ERR,ERR,ERR,ERR,ERR,ERR,ERR,ERR,ERR,ERR,ERR,ERR,ERR,ERR,ERR,ERR,ERR,ERR,ERR,ERR,ERR,ERR,ERR,ERR,ERR,ERR,ERR,ERR,ERR,ERR,ERR,ERR,ERR,ERR,ERR,ERR,ERR,ERR,ERR,ERR,ERR,ERR,ERR,ERR,ERR,ERR,ERR,ERR,ERR,ERR,ERR,ERR,ERR,ERR,ERR,ERR,ERR,ERR,ERR,ERR,ERR,ERR,ERR,ERR,ERR,ERR,ERR,ERR,ERR,ERR,ERR,ERR,ERR,ERR,ERR,ERR,ERR,ERR,ERR,ERR,ERR,ERR,ERR,ERR,ERR,ERR,ERR,ERR,ERR,ERR,ERR,ERR,ERR,ERR,ERR,ERR,ERR,ERR,ERR,ERR,ERR,ERR,ERR,ERR,ERR,ERR,ERR,ERR,ERR,ERR,ERR,ERR,ERR,ERR,ERR,ERR,ERR,ERR,ERR,ERR,ERR,ERR,ERR,ERR,ERR,0.0,0.0,0.0,0.0,0.0,1.3936040501711995e+18,7.805,0.0,0,0,4,0,7300,-0.0,0,0.0,0.0,0.0,0.0,0.0,0,0,0,0,0.0,0,0,0,0,0,0,0,0,0,0,0,0,0,0,0,0,0,0,0,0,0,0,0,0,0,0,0,0,0,0,0,0,0,32,30,30,62,65476,0,300,0,0,8,21553,0.0,-107605600.0,0.0,0.0,0.0,0.0,0.0,0.0,0.0,0.0,0.0,0.0,0.0,0.0,0.0,0.0,0.0,0.0,0.0,0.0,0.0,0.0,2.004,2.004,-0.0,0.0,0.0,0.0,0.0,0.0,5488.0,3.697192730694464e+19,6956.0,0.0,0.0,-107615280.0,-107615328.0,0.0,0.0,0.0,0.0,63,5.848081828453021e+35,89220.711,0.0,0.0,0.0,0.0,0.0,0.0,0.0,0,0,0,0.0,0.0,0.0,0.0,0.0,0.0,0.0,0.0,0.0,0.0,0.0,0.0,0.0,0.0,0.0,0.0,0,-107875648.0,63,0.0,126,2.7184242562605685e+23,-0.0,ERR,ERR,ERR,ERR,ERR,ERR,ERR,ERR,ERR,ERR,ERR,ERR,ERR,ERR,ERR,ERR,ERR,ERR,ERR,ERR,ERR,ERR,ERR,ERR,ERR,ERR,ERR,ERR,ERR,ERR,ERR,ERR,ERR,ERR,ERR,ERR,ERR,ERR,ERR,ERR,ERR,ERR,ERR,ERR,ERR,ERR,ERR,ERR,ERR,ERR,ERR,ERR,ERR,ERR,ERR,ERR,ERR,ERR,ERR,ERR,ERR,ERR,ERR,ERR,ERR,ERR,ERR,34.0,80.0,35,0.0,0.0,0.0,0.0,0.0,0.0,0.0,0.0,0.0,0.0,0.0,0.0,0.0,0.0,0.0,0.0,64.8,0,117,56,50,65476,0,300,0,0,8,20529,65476,0,0,57672,80.0,0.0,0.0,0.0,0.0,0.0
2026-06-17T04:13:26,ERR,ERR,ERR,ERR,ERR,ERR,ERR,ERR,ERR,ERR,ERR,ERR,ERR,ERR,ERR,ERR,ERR,ERR,ERR,ERR,ERR,ERR,ERR,ERR,ERR,ERR,ERR,ERR,ERR,ERR,ERR,ERR,ERR,ERR,ERR,ERR,ERR,ERR,ERR,ERR,ERR,ERR,ERR,ERR,ERR,ERR,ERR,ERR,ERR,ERR,ERR,ERR,ERR,ERR,ERR,ERR,ERR,ERR,ERR,ERR,ERR,ERR,ERR,ERR,ERR,ERR,ERR,ERR,ERR,ERR,ERR,ERR,ERR,ERR,ERR,ERR,ERR,ERR,ERR,ERR,ERR,ERR,ERR,ERR,ERR,ERR,ERR,ERR,ERR,ERR,ERR,ERR,ERR,ERR,ERR,ERR,ERR,ERR,ERR,ERR,ERR,ERR,ERR,ERR,ERR,ERR,ERR,ERR,ERR,ERR,ERR,ERR,ERR,ERR,ERR,ERR,ERR,ERR,ERR,ERR,ERR,ERR,ERR,ERR,ERR,0.0,0.0,0.0,0.0,0.0,1.3936040501711995e+18,7.805,0.0,0,0,4,0,7300,-0.0,0,0.0,0.0,0.0,0.0,0.0,0,0,0,0,0.0,0,0,0,0,0,0,0,0,0,0,0,0,0,0,0,0,0,0,0,0,0,0,0,0,0,0,0,0,0,0,0,0,0,32,30,30,62,65476,0,300,0,0,8,21553,0.0,-107605600.0,0.0,0.0,0.0,0.0,0.0,0.0,0.0,0.0,0.0,0.0,0.0,0.0,0.0,0.0,0.0,0.0,0.0,0.0,0.0,0.0,2.004,2.004,-0.0,0.0,0.0,0.0,0.0,0.0,5488.0,3.697192730694464e+19,6956.0,0.0,0.0,-107615280.0,-107615328.0,0.0,0.0,0.0,0.0,63,5.848081828453021e+35,89220.711,0.0,0.0,0.0,0.0,0.0,0.0,0.0,0,0,0,0.0,0.0,0.0,0.0,0.0,0.0,0.0,0.0,0.0,0.0,0.0,0.0,0.0,0.0,0.0,0.0,0,-107875648.0,63,0.0,126,2.7184242562605685e+23,-0.0,ERR,ERR,ERR,ERR,ERR,ERR,ERR,ERR,ERR,ERR,ERR,ERR,ERR,ERR,ERR,ERR,ERR,ERR,ERR,ERR,ERR,ERR,ERR,ERR,ERR,ERR,ERR,ERR,ERR,ERR,ERR,ERR,ERR,ERR,ERR,ERR,ERR,ERR,ERR,ERR,ERR,ERR,ERR,ERR,ERR,ERR,ERR,ERR,ERR,ERR,ERR,ERR,ERR,ERR,ERR,ERR,ERR,ERR,ERR,ERR,ERR,ERR,ERR,ERR,ERR,ERR,ERR,34.0,80.0,35,0.0,0.0,0.0,0.0,0.0,0.0,0.0,0.0,0.0,0.0,0.0,0.0,0.0,0.0,0.0,0.0,64.4,0,117,56,50,65476,0,300,0,0,8,20529,65476,0,0,57672,80.0,0.0,0.0,0.0,0.0,0.0
2026-06-17T04:13:27,ERR,ERR,ERR,ERR,ERR,ERR,ERR,ERR,ERR,ERR,ERR,ERR,ERR,ERR,ERR,ERR,ERR,ERR,ERR,ERR,ERR,ERR,ERR,ERR,ERR,ERR,ERR,ERR,ERR,ERR,ERR,ERR,ERR,ERR,ERR,ERR,ERR,ERR,ERR,ERR,ERR,ERR,ERR,ERR,ERR,ERR,ERR,ERR,ERR,ERR,ERR,ERR,ERR,ERR,ERR,ERR,ERR,ERR,ERR,ERR,ERR,ERR,ERR,ERR,ERR,ERR,ERR,ERR,ERR,ERR,ERR,ERR,ERR,ERR,ERR,ERR,ERR,ERR,ERR,ERR,ERR,ERR,ERR,ERR,ERR,ERR,ERR,ERR,ERR,ERR,ERR,ERR,ERR,ERR,ERR,ERR,ERR,ERR,ERR,ERR,ERR,ERR,ERR,ERR,ERR,ERR,ERR,ERR,ERR,ERR,ERR,ERR,ERR,ERR,ERR,ERR,ERR,ERR,ERR,ERR,ERR,ERR,ERR,ERR,ERR,0.0,0.0,0.0,0.0,0.0,1.3936040501711995e+18,7.805,0.0,0,0,4,0,7300,-0.0,0,0.0,0.0,0.0,0.0,0.0,0,0,0,0,0.0,0,0,0,0,0,0,0,0,0,0,0,0,0,0,0,0,0,0,0,0,0,0,0,0,0,0,0,0,0,0,0,0,0,32,30,30,62,65476,0,300,0,0,8,21553,0.0,-107605600.0,0.0,0.0,0.0,0.0,0.0,0.0,0.0,0.0,0.0,0.0,0.0,0.0,0.0,0.0,0.0,0.0,0.0,0.0,0.0,0.0,2.004,2.004,-0.0,0.0,0.0,0.0,0.0,0.0,5488.0,3.697192730694464e+19,6956.0,0.0,0.0,-107615280.0,-107615328.0,0.0,0.0,0.0,0.0,63,5.848081828453021e+35,89220.711,0.0,0.0,0.0,0.0,0.0,0.0,0.0,0,0,0,0.0,0.0,0.0,0.0,0.0,0.0,0.0,0.0,0.0,0.0,0.0,0.0,0.0,0.0,0.0,0.0,0,-107875648.0,63,0.0,126,2.7184242562605685e+23,-0.0,ERR,ERR,ERR,ERR,ERR,ERR,ERR,ERR,ERR,ERR,ERR,ERR,ERR,ERR,ERR,ERR,ERR,ERR,ERR,ERR,ERR,ERR,ERR,ERR,ERR,ERR,ERR,ERR,ERR,ERR,ERR,ERR,ERR,ERR,ERR,ERR,ERR,ERR,ERR,ERR,ERR,ERR,ERR,ERR,ERR,ERR,ERR,ERR,ERR,ERR,ERR,ERR,ERR,ERR,ERR,ERR,ERR,ERR,ERR,ERR,ERR,ERR,ERR,ERR,ERR,ERR,ERR,34.0,80.0,35,0.0,0.0,0.0,0.0,0.0,0.0,0.0,0.0,0.0,0.0,0.0,0.0,0.0,0.0,0.0,0.0,64.4,0,117,56,50,65476,0,300,0,0,8,20529,65476,0,0,57672,80.0,0.0,0.0,0.0,0.0,0.0
2026-06-17T04:13:28,ERR,ERR,ERR,ERR,ERR,ERR,ERR,ERR,ERR,ERR,ERR,ERR,ERR,ERR,ERR,ERR,ERR,ERR,ERR,ERR,ERR,ERR,ERR,ERR,ERR,ERR,ERR,ERR,ERR,ERR,ERR,ERR,ERR,ERR,ERR,ERR,ERR,ERR,ERR,ERR,ERR,ERR,ERR,ERR,ERR,ERR,ERR,ERR,ERR,ERR,ERR,ERR,ERR,ERR,ERR,ERR,ERR,ERR,ERR,ERR,ERR,ERR,ERR,ERR,ERR,ERR,ERR,ERR,ERR,ERR,ERR,ERR,ERR,ERR,ERR,ERR,ERR,ERR,ERR,ERR,ERR,ERR,ERR,ERR,ERR,ERR,ERR,ERR,ERR,ERR,ERR,ERR,ERR,ERR,ERR,ERR,ERR,ERR,ERR,ERR,ERR,ERR,ERR,ERR,ERR,ERR,ERR,ERR,ERR,ERR,ERR,ERR,ERR,ERR,ERR,ERR,ERR,ERR,ERR,ERR,ERR,ERR,ERR,ERR,ERR,0.0,0.0,0.0,0.0,0.0,1.3936040501711995e+18,7.805,0.0,0,0,4,0,7300,-0.0,0,0.0,0.0,0.0,0.0,0.0,0,0,0,0,0.0,0,0,0,0,0,0,0,0,0,0,0,0,0,0,0,0,0,0,0,0,0,0,0,0,0,0,0,0,0,0,0,0,0,32,30,30,62,65476,0,300,0,0,8,21553,0.0,-107605600.0,0.0,0.0,0.0,0.0,0.0,0.0,0.0,0.0,0.0,0.0,0.0,0.0,0.0,0.0,0.0,0.0,0.0,0.0,0.0,0.0,2.004,2.004,-0.0,0.0,0.0,0.0,0.0,0.0,5488.0,0.0,6948.0,0.0,0.0,-107615280.0,-107615328.0,0.0,0.0,0.0,0.0,63,-0.0,-4.9504084813611264e+32,0.0,0.0,0.0,0.0,0.0,0.0,0.0,0,0,0,0.0,0.0,0.0,0.0,0.0,0.0,0.0,0.0,0.0,0.0,0.0,0.0,0.0,0.0,0.0,0.0,0,-107875648.0,63,0.0,126,2.7184242562605685e+23,-0.0,ERR,ERR,ERR,ERR,ERR,ERR,ERR,ERR,ERR,ERR,ERR,ERR,ERR,ERR,ERR,ERR,ERR,ERR,ERR,ERR,ERR,ERR,ERR,ERR,ERR,ERR,ERR,ERR,ERR,ERR,ERR,ERR,ERR,ERR,ERR,ERR,ERR,ERR,ERR,ERR,ERR,ERR,ERR,ERR,ERR,ERR,ERR,ERR,ERR,ERR,ERR,ERR,ERR,ERR,ERR,ERR,ERR,ERR,ERR,ERR,ERR,ERR,ERR,ERR,ERR,ERR,ERR,34.0,80.0,35,0.0,0.0,0.0,0.0,0.0,0.0,0.0,0.0,0.0,0.0,0.0,0.0,0.0,0.0,0.0,0.0,64.4,0,117,56,50,65476,0,300,0,0,8,20529,65476,0,0,57672,80.0,0.0,0.0,0.0,0.0,0.0
2026-06-17T04:13:29,ERR,ERR,ERR,ERR,ERR,ERR,ERR,ERR,ERR,ERR,ERR,ERR,ERR,ERR,ERR,ERR,ERR,ERR,ERR,ERR,ERR,ERR,ERR,ERR,ERR,ERR,ERR,ERR,ERR,ERR,ERR,ERR,ERR,ERR,ERR,ERR,ERR,ERR,ERR,ERR,ERR,ERR,ERR,ERR,ERR,ERR,ERR,ERR,ERR,ERR,ERR,ERR,ERR,ERR,ERR,ERR,ERR,ERR,ERR,ERR,ERR,ERR,ERR,ERR,ERR,ERR,ERR,ERR,ERR,ERR,ERR,ERR,ERR,ERR,ERR,ERR,ERR,ERR,ERR,ERR,ERR,ERR,ERR,ERR,ERR,ERR,ERR,ERR,ERR,ERR,ERR,ERR,ERR,ERR,ERR,ERR,ERR,ERR,ERR,ERR,ERR,ERR,ERR,ERR,ERR,ERR,ERR,ERR,ERR,ERR,ERR,ERR,ERR,ERR,ERR,ERR,ERR,ERR,ERR,ERR,ERR,ERR,ERR,ERR,ERR,0.0,0.0,0.0,0.0,0.0,1.3936040501711995e+18,7.805,0.0,0,0,4,0,7300,-0.0,0,0.0,0.0,0.0,0.0,0.0,0,0,0,0,0.0,0,0,0,0,0,0,0,0,0,0,0,0,0,0,0,0,0,0,0,0,0,0,0,0,0,0,0,0,0,0,0,0,0,32,30,30,62,65476,0,300,0,0,8,21553,0.0,-107605600.0,0.0,0.0,0.0,0.0,0.0,0.0,0.0,0.0,0.0,0.0,0.0,0.0,0.0,0.0,0.0,0.0,0.0,0.0,0.0,0.0,2.004,2.004,-0.0,0.0,0.0,0.0,0.0,0.0,5488.0,0.0,6948.0,0.0,0.0,-107615280.0,-107615328.0,0.0,0.0,0.0,0.0,63,-0.0,-4.9504084813611264e+32,0.0,0.0,0.0,0.0,0.0,0.0,0.0,0,0,0,0.0,0.0,0.0,0.0,0.0,0.0,0.0,0.0,0.0,0.0,0.0,0.0,0.0,0.0,0.0,0.0,0,-107875648.0,63,0.0,126,2.7184242562605685e+23,-0.0,ERR,ERR,ERR,ERR,ERR,ERR,ERR,ERR,ERR,ERR,ERR,ERR,ERR,ERR,ERR,ERR,ERR,ERR,ERR,ERR,ERR,ERR,ERR,ERR,ERR,ERR,ERR,ERR,ERR,ERR,ERR,ERR,ERR,ERR,ERR,ERR,ERR,ERR,ERR,ERR,ERR,ERR,ERR,ERR,ERR,ERR,ERR,ERR,ERR,ERR,ERR,ERR,ERR,ERR,ERR,ERR,ERR,ERR,ERR,ERR,ERR,ERR,ERR,ERR,ERR,ERR,ERR,34.0,80.0,35,0.0,0.0,0.0,0.0,0.0,0.0,0.0,0.0,0.0,0.0,0.0,0.0,0.0,0.0,0.0,0.0,64.4,0,117,56,50,65476,0,300,0,0,8,20529,65476,0,0,57672,80.0,0.0,0.0,0.0,0.0,0.0
2026-06-17T04:13:30,ERR,ERR,ERR,ERR,ERR,ERR,ERR,ERR,ERR,ERR,ERR,ERR,ERR,ERR,ERR,ERR,ERR,ERR,ERR,ERR,ERR,ERR,ERR,ERR,ERR,ERR,ERR,ERR,ERR,ERR,ERR,ERR,ERR,ERR,ERR,ERR,ERR,ERR,ERR,ERR,ERR,ERR,ERR,ERR,ERR,ERR,ERR,ERR,ERR,ERR,ERR,ERR,ERR,ERR,ERR,ERR,ERR,ERR,ERR,ERR,ERR,ERR,ERR,ERR,ERR,ERR,ERR,ERR,ERR,ERR,ERR,ERR,ERR,ERR,ERR,ERR,ERR,ERR,ERR,ERR,ERR,ERR,ERR,ERR,ERR,ERR,ERR,ERR,ERR,ERR,ERR,ERR,ERR,ERR,ERR,ERR,ERR,ERR,ERR,ERR,ERR,ERR,ERR,ERR,ERR,ERR,ERR,ERR,ERR,ERR,ERR,ERR,ERR,ERR,ERR,ERR,ERR,ERR,ERR,ERR,ERR,ERR,ERR,ERR,ERR,0.0,0.0,0.0,0.0,0.0,1.3936040501711995e+18,7.805,0.0,0,0,4,0,7300,-0.0,0,0.0,0.0,0.0,0.0,0.0,0,0,0,0,0.0,0,0,0,0,0,0,0,0,0,0,0,0,0,0,0,0,0,0,0,0,0,0,0,0,0,0,0,0,0,0,0,0,0,32,30,30,62,65476,0,300,0,0,8,21553,0.0,-107605600.0,0.0,0.0,0.0,0.0,0.0,0.0,0.0,0.0,0.0,0.0,0.0,0.0,0.0,0.0,0.0,0.0,0.0,0.0,0.0,0.0,2.004,2.004,-0.0,0.0,0.0,0.0,0.0,0.0,5488.0,0.0,6948.0,0.0,0.0,-107615280.0,-107615328.0,0.0,0.0,0.0,0.0,63,-0.0,-4.9504084813611264e+32,0.0,0.0,0.0,0.0,0.0,0.0,0.0,0,0,0,0.0,0.0,0.0,0.0,0.0,0.0,0.0,0.0,0.0,0.0,0.0,0.0,0.0,0.0,0.0,0.0,0,-107875648.0,63,0.0,126,2.7184242562605685e+23,-0.0,ERR,ERR,ERR,ERR,ERR,ERR,ERR,ERR,ERR,ERR,ERR,ERR,ERR,ERR,ERR,ERR,ERR,ERR,ERR,ERR,ERR,ERR,ERR,ERR,ERR,ERR,ERR,ERR,ERR,ERR,ERR,ERR,ERR,ERR,ERR,ERR,ERR,ERR,ERR,ERR,ERR,ERR,ERR,ERR,ERR,ERR,ERR,ERR,ERR,ERR,ERR,ERR,ERR,ERR,ERR,ERR,ERR,ERR,ERR,ERR,ERR,ERR,ERR,ERR,ERR,ERR,ERR,34.0,80.0,35,0.0,0.0,0.0,0.0,0.0,0.0,0.0,0.0,0.0,0.0,0.0,0.0,0.0,0.0,0.0,0.0,64.4,0,117,56,50,65476,0,300,0,0,8,20529,65476,0,0,57672,80.0,0.0,0.0,0.0,0.0,0.0
2026-06-17T04:13:31,ERR,ERR,ERR,ERR,ERR,ERR,ERR,ERR,ERR,ERR,ERR,ERR,ERR,ERR,ERR,ERR,ERR,ERR,ERR,ERR,ERR,ERR,ERR,ERR,ERR,ERR,ERR,ERR,ERR,ERR,ERR,ERR,ERR,ERR,ERR,ERR,ERR,ERR,ERR,ERR,ERR,ERR,ERR,ERR,ERR,ERR,ERR,ERR,ERR,ERR,ERR,ERR,ERR,ERR,ERR,ERR,ERR,ERR,ERR,ERR,ERR,ERR,ERR,ERR,ERR,ERR,ERR,ERR,ERR,ERR,ERR,ERR,ERR,ERR,ERR,ERR,ERR,ERR,ERR,ERR,ERR,ERR,ERR,ERR,ERR,ERR,ERR,ERR,ERR,ERR,ERR,ERR,ERR,ERR,ERR,ERR,ERR,ERR,ERR,ERR,ERR,ERR,ERR,ERR,ERR,ERR,ERR,ERR,ERR,ERR,ERR,ERR,ERR,ERR,ERR,ERR,ERR,ERR,ERR,ERR,ERR,ERR,ERR,ERR,ERR,0.0,0.0,0.0,0.0,0.0,1.3936040501711995e+18,7.805,0.0,0,0,4,0,7300,-0.0,0,0.0,0.0,0.0,0.0,0.0,0,0,0,0,0.0,0,0,0,0,0,0,0,0,0,0,0,0,0,0,0,0,0,0,0,0,0,0,0,0,0,0,0,0,0,0,0,0,0,32,30,30,62,65476,0,300,0,0,8,21553,0.0,-107605600.0,0.0,0.0,0.0,0.0,0.0,0.0,0.0,0.0,0.0,0.0,0.0,0.0,0.0,0.0,0.0,0.0,0.0,0.0,0.0,0.0,2.004,2.004,-0.0,0.0,0.0,0.0,0.0,0.0,5488.0,0.0,6948.0,0.0,0.0,-107615280.0,-107615328.0,0.0,0.0,0.0,0.0,63,-0.0,-4.9504084813611264e+32,0.0,0.0,0.0,0.0,0.0,0.0,0.0,0,0,0,0.0,0.0,0.0,0.0,0.0,0.0,0.0,0.0,0.0,0.0,0.0,0.0,0.0,0.0,0.0,0.0,0,-107875648.0,63,0.0,126,2.7184242562605685e+23,-0.0,ERR,ERR,ERR,ERR,ERR,ERR,ERR,ERR,ERR,ERR,ERR,ERR,ERR,ERR,ERR,ERR,ERR,ERR,ERR,ERR,ERR,ERR,ERR,ERR,ERR,ERR,ERR,ERR,ERR,ERR,ERR,ERR,ERR,ERR,ERR,ERR,ERR,ERR,ERR,ERR,ERR,ERR,ERR,ERR,ERR,ERR,ERR,ERR,ERR,ERR,ERR,ERR,ERR,ERR,ERR,ERR,ERR,ERR,ERR,ERR,ERR,ERR,ERR,ERR,ERR,ERR,ERR,34.0,80.0,35,0.0,0.0,0.0,0.0,0.0,0.0,0.0,0.0,0.0,0.0,0.0,0.0,0.0,0.0,0.0,0.0,64.4,0,117,56,50,65476,0,300,0,0,8,20529,65476,0,0,57672,80.0,0.0,0.0,0.0,0.0,0.0
2026-06-17T04:13:32,ERR,ERR,ERR,ERR,ERR,ERR,ERR,ERR,ERR,ERR,ERR,ERR,ERR,ERR,ERR,ERR,ERR,ERR,ERR,ERR,ERR,ERR,ERR,ERR,ERR,ERR,ERR,ERR,ERR,ERR,ERR,ERR,ERR,ERR,ERR,ERR,ERR,ERR,ERR,ERR,ERR,ERR,ERR,ERR,ERR,ERR,ERR,ERR,ERR,ERR,ERR,ERR,ERR,ERR,ERR,ERR,ERR,ERR,ERR,ERR,ERR,ERR,ERR,ERR,ERR,ERR,ERR,ERR,ERR,ERR,ERR,ERR,ERR,ERR,ERR,ERR,ERR,ERR,ERR,ERR,ERR,ERR,ERR,ERR,ERR,ERR,ERR,ERR,ERR,ERR,ERR,ERR,ERR,ERR,ERR,ERR,ERR,ERR,ERR,ERR,ERR,ERR,ERR,ERR,ERR,ERR,ERR,ERR,ERR,ERR,ERR,ERR,ERR,ERR,ERR,ERR,ERR,ERR,ERR,ERR,ERR,ERR,ERR,ERR,ERR,0.0,0.0,0.0,0.0,0.0,1.3936040501711995e+18,7.805,0.0,0,0,4,0,7300,-0.0,0,0.0,0.0,0.0,0.0,0.0,0,0,0,0,0.0,0,0,0,0,0,0,0,0,0,0,0,0,0,0,0,0,0,0,0,0,0,0,0,0,0,0,0,0,0,0,0,0,0,32,30,30,62,65476,0,300,0,0,8,21553,0.0,-107605600.0,0.0,0.0,0.0,0.0,0.0,0.0,0.0,0.0,0.0,0.0,0.0,0.0,0.0,0.0,0.0,0.0,0.0,0.0,0.0,0.0,2.004,2.004,-0.0,0.0,0.0,0.0,0.0,0.0,5488.0,0.0,6948.0,0.0,0.0,-107615280.0,-107615328.0,0.0,0.0,0.0,0.0,63,-0.0,-4.9504084813611264e+32,0.0,0.0,0.0,0.0,0.0,0.0,0.0,0,0,0,0.0,0.0,0.0,0.0,0.0,0.0,0.0,0.0,0.0,0.0,0.0,0.0,0.0,0.0,0.0,0.0,0,-107875648.0,63,0.0,126,2.7184242562605685e+23,-0.0,ERR,ERR,ERR,ERR,ERR,ERR,ERR,ERR,ERR,ERR,ERR,ERR,ERR,ERR,ERR,ERR,ERR,ERR,ERR,ERR,ERR,ERR,ERR,ERR,ERR,ERR,ERR,ERR,ERR,ERR,ERR,ERR,ERR,ERR,ERR,ERR,ERR,ERR,ERR,ERR,ERR,ERR,ERR,ERR,ERR,ERR,ERR,ERR,ERR,ERR,ERR,ERR,ERR,ERR,ERR,ERR,ERR,ERR,ERR,ERR,ERR,ERR,ERR,ERR,ERR,ERR,ERR,34.0,80.0,35,0.0,0.0,0.0,0.0,0.0,0.0,0.0,0.0,0.0,0.0,0.0,0.0,0.0,0.0,0.0,0.0,64.4,0,117,56,50,65476,0,300,0,0,8,20529,65476,0,0,57672,80.0,0.0,0.0,0.0,0.0,0.0
2026-06-17T04:13:33,ERR,ERR,ERR,ERR,ERR,ERR,ERR,ERR,ERR,ERR,ERR,ERR,ERR,ERR,ERR,ERR,ERR,ERR,ERR,ERR,ERR,ERR,ERR,ERR,ERR,ERR,ERR,ERR,ERR,ERR,ERR,ERR,ERR,ERR,ERR,ERR,ERR,ERR,ERR,ERR,ERR,ERR,ERR,ERR,ERR,ERR,ERR,ERR,ERR,ERR,ERR,ERR,ERR,ERR,ERR,ERR,ERR,ERR,ERR,ERR,ERR,ERR,ERR,ERR,ERR,ERR,ERR,ERR,ERR,ERR,ERR,ERR,ERR,ERR,ERR,ERR,ERR,ERR,ERR,ERR,ERR,ERR,ERR,ERR,ERR,ERR,ERR,ERR,ERR,ERR,ERR,ERR,ERR,ERR,ERR,ERR,ERR,ERR,ERR,ERR,ERR,ERR,ERR,ERR,ERR,ERR,ERR,ERR,ERR,ERR,ERR,ERR,ERR,ERR,ERR,ERR,ERR,ERR,ERR,ERR,ERR,ERR,ERR,ERR,ERR,0.0,0.0,0.0,0.0,0.0,1.3936040501711995e+18,7.805,0.0,0,0,4,0,7300,-0.0,0,0.0,0.0,0.0,0.0,0.0,0,0,0,0,0.0,0,0,0,0,0,0,0,0,0,0,0,0,0,0,0,0,0,0,0,0,0,0,0,0,0,0,0,0,0,0,0,0,0,32,30,30,62,65476,0,300,0,0,8,21553,0.0,-107605600.0,0.0,0.0,0.0,0.0,0.0,0.0,0.0,0.0,0.0,0.0,0.0,0.0,0.0,0.0,0.0,0.0,0.0,0.0,0.0,0.0,2.004,2.004,-0.0,0.0,0.0,0.0,0.0,0.0,5452.0,-0.0,6960.0,0.0,0.0,-107615280.0,-107615328.0,0.0,0.0,0.0,0.0,63,5.848081828453021e+35,0.059,0.0,0.0,0.0,0.0,0.0,0.0,0.0,0,0,0,0.0,0.0,0.0,0.0,0.0,0.0,0.0,0.0,0.0,0.0,0.0,0.0,0.0,0.0,0.0,0.0,0,-107875648.0,63,0.0,126,2.7184242562605685e+23,-0.0,ERR,ERR,ERR,ERR,ERR,ERR,ERR,ERR,ERR,ERR,ERR,ERR,ERR,ERR,ERR,ERR,ERR,ERR,ERR,ERR,ERR,ERR,ERR,ERR,ERR,ERR,ERR,ERR,ERR,ERR,ERR,ERR,ERR,ERR,ERR,ERR,ERR,ERR,ERR,ERR,ERR,ERR,ERR,ERR,ERR,ERR,ERR,ERR,ERR,ERR,ERR,ERR,ERR,ERR,ERR,ERR,ERR,ERR,ERR,ERR,ERR,ERR,ERR,ERR,ERR,ERR,ERR,34.0,80.0,35,0.0,0.0,0.0,0.0,0.0,0.0,0.0,0.0,0.0,0.0,0.0,0.0,0.0,0.0,0.0,0.0,64.8,0,117,56,50,65476,0,300,0,0,8,20529,65476,0,0,57672,80.0,0.0,0.0,0.0,0.0,0.0
2026-06-17T04:13:34,ERR,ERR,ERR,ERR,ERR,ERR,ERR,ERR,ERR,ERR,ERR,ERR,ERR,ERR,ERR,ERR,ERR,ERR,ERR,ERR,ERR,ERR,ERR,ERR,ERR,ERR,ERR,ERR,ERR,ERR,ERR,ERR,ERR,ERR,ERR,ERR,ERR,ERR,ERR,ERR,ERR,ERR,ERR,ERR,ERR,ERR,ERR,ERR,ERR,ERR,ERR,ERR,ERR,ERR,ERR,ERR,ERR,ERR,ERR,ERR,ERR,ERR,ERR,ERR,ERR,ERR,ERR,ERR,ERR,ERR,ERR,ERR,ERR,ERR,ERR,ERR,ERR,ERR,ERR,ERR,ERR,ERR,ERR,ERR,ERR,ERR,ERR,ERR,ERR,ERR,ERR,ERR,ERR,ERR,ERR,ERR,ERR,ERR,ERR,ERR,ERR,ERR,ERR,ERR,ERR,ERR,ERR,ERR,ERR,ERR,ERR,ERR,ERR,ERR,ERR,ERR,ERR,ERR,ERR,ERR,ERR,ERR,ERR,ERR,ERR,0.0,0.0,0.0,0.0,0.0,1.3936040501711995e+18,7.805,0.0,0,0,4,0,7300,-0.0,0,0.0,0.0,0.0,0.0,0.0,0,0,0,0,0.0,0,0,0,0,0,0,0,0,0,0,0,0,0,0,0,0,0,0,0,0,0,0,0,0,0,0,0,0,0,0,0,0,0,32,30,30,62,65476,0,300,0,0,8,21553,0.0,-107605600.0,0.0,0.0,0.0,0.0,0.0,0.0,0.0,0.0,0.0,0.0,0.0,0.0,0.0,0.0,0.0,0.0,0.0,0.0,0.0,0.0,2.004,2.004,-0.0,0.0,0.0,0.0,0.0,0.0,5452.0,-0.0,6960.0,0.0,0.0,-107615280.0,-107615328.0,0.0,0.0,0.0,0.0,63,5.848081828453021e+35,0.059,0.0,0.0,0.0,0.0,0.0,0.0,0.0,0,0,0,0.0,0.0,0.0,0.0,0.0,0.0,0.0,0.0,0.0,0.0,0.0,0.0,0.0,0.0,0.0,0.0,0,-107875648.0,63,0.0,126,2.7184242562605685e+23,-0.0,ERR,ERR,ERR,ERR,ERR,ERR,ERR,ERR,ERR,ERR,ERR,ERR,ERR,ERR,ERR,ERR,ERR,ERR,ERR,ERR,ERR,ERR,ERR,ERR,ERR,ERR,ERR,ERR,ERR,ERR,ERR,ERR,ERR,ERR,ERR,ERR,ERR,ERR,ERR,ERR,ERR,ERR,ERR,ERR,ERR,ERR,ERR,ERR,ERR,ERR,ERR,ERR,ERR,ERR,ERR,ERR,ERR,ERR,ERR,ERR,ERR,ERR,ERR,ERR,ERR,ERR,ERR,34.0,80.0,35,0.0,0.0,0.0,0.0,0.0,0.0,0.0,0.0,0.0,0.0,0.0,0.0,0.0,0.0,0.0,0.0,64.8,0,117,56,50,65476,0,300,0,0,8,20529,65476,0,0,57672,80.0,0.0,0.0,0.0,0.0,0.0
2026-06-17T04:13:35,ERR,ERR,ERR,ERR,ERR,ERR,ERR,ERR,ERR,ERR,ERR,ERR,ERR,ERR,ERR,ERR,ERR,ERR,ERR,ERR,ERR,ERR,ERR,ERR,ERR,ERR,ERR,ERR,ERR,ERR,ERR,ERR,ERR,ERR,ERR,ERR,ERR,ERR,ERR,ERR,ERR,ERR,ERR,ERR,ERR,ERR,ERR,ERR,ERR,ERR,ERR,ERR,ERR,ERR,ERR,ERR,ERR,ERR,ERR,ERR,ERR,ERR,ERR,ERR,ERR,ERR,ERR,ERR,ERR,ERR,ERR,ERR,ERR,ERR,ERR,ERR,ERR,ERR,ERR,ERR,ERR,ERR,ERR,ERR,ERR,ERR,ERR,ERR,ERR,ERR,ERR,ERR,ERR,ERR,ERR,ERR,ERR,ERR,ERR,ERR,ERR,ERR,ERR,ERR,ERR,ERR,ERR,ERR,ERR,ERR,ERR,ERR,ERR,ERR,ERR,ERR,ERR,ERR,ERR,ERR,ERR,ERR,ERR,ERR,ERR,0.0,0.0,0.0,0.0,0.0,1.3936040501711995e+18,7.805,0.0,0,0,4,0,7300,-0.0,0,0.0,0.0,0.0,0.0,0.0,0,0,0,0,0.0,0,0,0,0,0,0,0,0,0,0,0,0,0,0,0,0,0,0,0,0,0,0,0,0,0,0,0,0,0,0,0,0,0,32,30,30,62,65476,0,300,0,0,8,21553,0.0,-107605600.0,0.0,0.0,0.0,0.0,0.0,0.0,0.0,0.0,0.0,0.0,0.0,0.0,0.0,0.0,0.0,0.0,0.0,0.0,0.0,0.0,2.004,2.004,-0.0,0.0,0.0,0.0,0.0,0.0,5452.0,-0.0,6960.0,0.0,0.0,-107615280.0,-107615328.0,0.0,0.0,0.0,0.0,63,5.848081828453021e+35,0.059,0.0,0.0,0.0,0.0,0.0,0.0,0.0,0,0,0,0.0,0.0,0.0,0.0,0.0,0.0,0.0,0.0,0.0,0.0,0.0,0.0,0.0,0.0,0.0,0.0,0,-107875648.0,63,0.0,126,2.7184242562605685e+23,-0.0,ERR,ERR,ERR,ERR,ERR,ERR,ERR,ERR,ERR,ERR,ERR,ERR,ERR,ERR,ERR,ERR,ERR,ERR,ERR,ERR,ERR,ERR,ERR,ERR,ERR,ERR,ERR,ERR,ERR,ERR,ERR,ERR,ERR,ERR,ERR,ERR,ERR,ERR,ERR,ERR,ERR,ERR,ERR,ERR,ERR,ERR,ERR,ERR,ERR,ERR,ERR,ERR,ERR,ERR,ERR,ERR,ERR,ERR,ERR,ERR,ERR,ERR,ERR,ERR,ERR,ERR,ERR,34.0,80.0,35,0.0,0.0,0.0,0.0,0.0,0.0,0.0,0.0,0.0,0.0,0.0,0.0,0.0,0.0,0.0,0.0,64.8,0,117,56,50,65476,0,300,0,0,8,20529,65476,0,0,57672,80.0,0.0,0.0,0.0,0.0,0.0
2026-06-17T04:13:36,ERR,ERR,ERR,ERR,ERR,ERR,ERR,ERR,ERR,ERR,ERR,ERR,ERR,ERR,ERR,ERR,ERR,ERR,ERR,ERR,ERR,ERR,ERR,ERR,ERR,ERR,ERR,ERR,ERR,ERR,ERR,ERR,ERR,ERR,ERR,ERR,ERR,ERR,ERR,ERR,ERR,ERR,ERR,ERR,ERR,ERR,ERR,ERR,ERR,ERR,ERR,ERR,ERR,ERR,ERR,ERR,ERR,ERR,ERR,ERR,ERR,ERR,ERR,ERR,ERR,ERR,ERR,ERR,ERR,ERR,ERR,ERR,ERR,ERR,ERR,ERR,ERR,ERR,ERR,ERR,ERR,ERR,ERR,ERR,ERR,ERR,ERR,ERR,ERR,ERR,ERR,ERR,ERR,ERR,ERR,ERR,ERR,ERR,ERR,ERR,ERR,ERR,ERR,ERR,ERR,ERR,ERR,ERR,ERR,ERR,ERR,ERR,ERR,ERR,ERR,ERR,ERR,ERR,ERR,ERR,ERR,ERR,ERR,ERR,ERR,0.0,0.0,0.0,0.0,0.0,1.3936040501711995e+18,7.805,0.0,0,0,4,0,7300,-0.0,0,0.0,0.0,0.0,0.0,0.0,0,0,0,0,0.0,0,0,0,0,0,0,0,0,0,0,0,0,0,0,0,0,0,0,0,0,0,0,0,0,0,0,0,0,0,0,0,0,0,32,30,30,62,65476,0,300,0,0,8,21553,0.0,-107605600.0,0.0,0.0,0.0,0.0,0.0,0.0,0.0,0.0,0.0,0.0,0.0,0.0,0.0,0.0,0.0,0.0,0.0,0.0,0.0,0.0,2.004,2.004,-0.0,0.0,0.0,0.0,0.0,0.0,5452.0,-0.0,6960.0,0.0,0.0,-107615280.0,-107615328.0,0.0,0.0,0.0,0.0,63,5.848081828453021e+35,0.059,0.0,0.0,0.0,0.0,0.0,0.0,0.0,0,0,0,0.0,0.0,0.0,0.0,0.0,0.0,0.0,0.0,0.0,0.0,0.0,0.0,0.0,0.0,0.0,0.0,0,-107875648.0,63,0.0,126,2.7184242562605685e+23,-0.0,ERR,ERR,ERR,ERR,ERR,ERR,ERR,ERR,ERR,ERR,ERR,ERR,ERR,ERR,ERR,ERR,ERR,ERR,ERR,ERR,ERR,ERR,ERR,ERR,ERR,ERR,ERR,ERR,ERR,ERR,ERR,ERR,ERR,ERR,ERR,ERR,ERR,ERR,ERR,ERR,ERR,ERR,ERR,ERR,ERR,ERR,ERR,ERR,ERR,ERR,ERR,ERR,ERR,ERR,ERR,ERR,ERR,ERR,ERR,ERR,ERR,ERR,ERR,ERR,ERR,ERR,ERR,34.0,80.0,35,0.0,0.0,0.0,0.0,0.0,0.0,0.0,0.0,0.0,0.0,0.0,0.0,0.0,0.0,0.0,0.0,64.8,0,117,56,50,65476,0,300,0,0,8,20529,65476,0,0,57672,80.0,0.0,0.0,0.0,0.0,0.0
2026-06-17T04:13:37,ERR,ERR,ERR,ERR,ERR,ERR,ERR,ERR,ERR,ERR,ERR,ERR,ERR,ERR,ERR,ERR,ERR,ERR,ERR,ERR,ERR,ERR,ERR,ERR,ERR,ERR,ERR,ERR,ERR,ERR,ERR,ERR,ERR,ERR,ERR,ERR,ERR,ERR,ERR,ERR,ERR,ERR,ERR,ERR,ERR,ERR,ERR,ERR,ERR,ERR,ERR,ERR,ERR,ERR,ERR,ERR,ERR,ERR,ERR,ERR,ERR,ERR,ERR,ERR,ERR,ERR,ERR,ERR,ERR,ERR,ERR,ERR,ERR,ERR,ERR,ERR,ERR,ERR,ERR,ERR,ERR,ERR,ERR,ERR,ERR,ERR,ERR,ERR,ERR,ERR,ERR,ERR,ERR,ERR,ERR,ERR,ERR,ERR,ERR,ERR,ERR,ERR,ERR,ERR,ERR,ERR,ERR,ERR,ERR,ERR,ERR,ERR,ERR,ERR,ERR,ERR,ERR,ERR,ERR,ERR,ERR,ERR,ERR,ERR,ERR,0.0,0.0,0.0,0.0,0.0,1.3936040501711995e+18,7.805,0.0,0,0,4,0,7300,-0.0,0,0.0,0.0,0.0,0.0,0.0,0,0,0,0,0.0,0,0,0,0,0,0,0,0,0,0,0,0,0,0,0,0,0,0,0,0,0,0,0,0,0,0,0,0,0,0,0,0,0,32,30,30,62,65476,0,300,0,0,8,21553,0.0,-107605600.0,0.0,0.0,0.0,0.0,0.0,0.0,0.0,0.0,0.0,0.0,0.0,0.0,0.0,0.0,0.0,0.0,0.0,0.0,0.0,0.0,2.004,2.004,-0.0,0.0,0.0,0.0,0.0,0.0,5452.0,-0.0,6960.0,0.0,0.0,-107615280.0,-107615328.0,0.0,0.0,0.0,0.0,63,5.848081828453021e+35,0.059,0.0,0.0,0.0,0.0,0.0,0.0,0.0,0,0,0,0.0,0.0,0.0,0.0,0.0,0.0,0.0,0.0,0.0,0.0,0.0,0.0,0.0,0.0,0.0,0.0,0,-107875648.0,63,0.0,126,2.7184242562605685e+23,-0.0,ERR,ERR,ERR,ERR,ERR,ERR,ERR,ERR,ERR,ERR,ERR,ERR,ERR,ERR,ERR,ERR,ERR,ERR,ERR,ERR,ERR,ERR,ERR,ERR,ERR,ERR,ERR,ERR,ERR,ERR,ERR,ERR,ERR,ERR,ERR,ERR,ERR,ERR,ERR,ERR,ERR,ERR,ERR,ERR,ERR,ERR,ERR,ERR,ERR,ERR,ERR,ERR,ERR,ERR,ERR,ERR,ERR,ERR,ERR,ERR,ERR,ERR,ERR,ERR,ERR,ERR,ERR,34.0,80.0,35,0.0,0.0,0.0,0.0,0.0,0.0,0.0,0.0,0.0,0.0,0.0,0.0,0.0,0.0,0.0,0.0,64.4,0,117,56,50,65476,0,300,0,0,8,20529,65476,0,0,57672,80.0,0.0,0.0,0.0,0.0,0.0
2026-06-17T04:13:38,ERR,ERR,ERR,ERR,ERR,ERR,ERR,ERR,ERR,ERR,ERR,ERR,ERR,ERR,ERR,ERR,ERR,ERR,ERR,ERR,ERR,ERR,ERR,ERR,ERR,ERR,ERR,ERR,ERR,ERR,ERR,ERR,ERR,ERR,ERR,ERR,ERR,ERR,ERR,ERR,ERR,ERR,ERR,ERR,ERR,ERR,ERR,ERR,ERR,ERR,ERR,ERR,ERR,ERR,ERR,ERR,ERR,ERR,ERR,ERR,ERR,ERR,ERR,ERR,ERR,ERR,ERR,ERR,ERR,ERR,ERR,ERR,ERR,ERR,ERR,ERR,ERR,ERR,ERR,ERR,ERR,ERR,ERR,ERR,ERR,ERR,ERR,ERR,ERR,ERR,ERR,ERR,ERR,ERR,ERR,ERR,ERR,ERR,ERR,ERR,ERR,ERR,ERR,ERR,ERR,ERR,ERR,ERR,ERR,ERR,ERR,ERR,ERR,ERR,ERR,ERR,ERR,ERR,ERR,ERR,ERR,ERR,ERR,ERR,ERR,0.0,0.0,0.0,0.0,0.0,1.3936040501711995e+18,7.805,0.0,0,0,4,0,7300,-0.0,0,0.0,0.0,0.0,0.0,0.0,0,0,0,0,0.0,0,0,0,0,0,0,0,0,0,0,0,0,0,0,0,0,0,0,0,0,0,0,0,0,0,0,0,0,0,0,0,0,0,32,30,30,62,65476,0,300,0,0,8,21553,0.0,-107605600.0,0.0,0.0,0.0,0.0,0.0,0.0,0.0,0.0,0.0,0.0,0.0,0.0,0.0,0.0,0.0,0.0,0.0,0.0,0.0,0.0,2.004,2.004,-0.0,0.0,0.0,0.0,0.0,0.0,5452.0,-0.0,6960.0,0.0,0.0,-107615280.0,-107615328.0,0.0,0.0,0.0,0.0,63,5.848081828453021e+35,0.059,0.0,0.0,0.0,0.0,0.0,0.0,0.0,0,0,0,0.0,0.0,0.0,0.0,0.0,0.0,0.0,0.0,0.0,0.0,0.0,0.0,0.0,0.0,0.0,0.0,0,-107875648.0,63,0.0,126,2.7184242562605685e+23,-0.0,ERR,ERR,ERR,ERR,ERR,ERR,ERR,ERR,ERR,ERR,ERR,ERR,ERR,ERR,ERR,ERR,ERR,ERR,ERR,ERR,ERR,ERR,ERR,ERR,ERR,ERR,ERR,ERR,ERR,ERR,ERR,ERR,ERR,ERR,ERR,ERR,ERR,ERR,ERR,ERR,ERR,ERR,ERR,ERR,ERR,ERR,ERR,ERR,ERR,ERR,ERR,ERR,ERR,ERR,ERR,ERR,ERR,ERR,ERR,ERR,ERR,ERR,ERR,ERR,ERR,ERR,ERR,34.0,80.0,35,0.0,0.0,0.0,0.0,0.0,0.0,0.0,0.0,0.0,0.0,0.0,0.0,0.0,0.0,0.0,0.0,64.4,0,117,56,50,65476,0,300,0,0,8,20529,65476,0,0,57672,80.0,0.0,0.0,0.0,0.0,0.0
2026-06-17T04:13:39,ERR,ERR,ERR,ERR,ERR,ERR,ERR,ERR,ERR,ERR,ERR,ERR,ERR,ERR,ERR,ERR,ERR,ERR,ERR,ERR,ERR,ERR,ERR,ERR,ERR,ERR,ERR,ERR,ERR,ERR,ERR,ERR,ERR,ERR,ERR,ERR,ERR,ERR,ERR,ERR,ERR,ERR,ERR,ERR,ERR,ERR,ERR,ERR,ERR,ERR,ERR,ERR,ERR,ERR,ERR,ERR,ERR,ERR,ERR,ERR,ERR,ERR,ERR,ERR,ERR,ERR,ERR,ERR,ERR,ERR,ERR,ERR,ERR,ERR,ERR,ERR,ERR,ERR,ERR,ERR,ERR,ERR,ERR,ERR,ERR,ERR,ERR,ERR,ERR,ERR,ERR,ERR,ERR,ERR,ERR,ERR,ERR,ERR,ERR,ERR,ERR,ERR,ERR,ERR,ERR,ERR,ERR,ERR,ERR,ERR,ERR,ERR,ERR,ERR,ERR,ERR,ERR,ERR,ERR,ERR,ERR,ERR,ERR,ERR,ERR,0.0,0.0,0.0,0.0,0.0,1.3936040501711995e+18,7.805,0.0,0,0,4,0,7300,-0.0,0,0.0,0.0,0.0,0.0,0.0,0,0,0,0,0.0,0,0,0,0,0,0,0,0,0,0,0,0,0,0,0,0,0,0,0,0,0,0,0,0,0,0,0,0,0,0,0,0,0,32,30,30,62,65476,0,300,0,0,8,21553,0.0,-107605600.0,0.0,0.0,0.0,0.0,0.0,0.0,0.0,0.0,0.0,0.0,0.0,0.0,0.0,0.0,0.0,0.0,0.0,0.0,0.0,0.0,2.004,2.004,-0.0,0.0,0.0,0.0,0.0,0.0,5456.0,-0.0,6962.0,0.0,0.0,-107615280.0,-107615328.0,0.0,0.0,0.0,0.0,63,-0.0,126840684544.0,0.0,0.0,0.0,0.0,0.0,0.0,0.0,0,0,0,0.0,0.0,0.0,0.0,0.0,0.0,0.0,0.0,0.0,0.0,0.0,0.0,0.0,0.0,0.0,0.0,0,-107875648.0,63,0.0,126,2.7184242562605685e+23,-0.0,ERR,ERR,ERR,ERR,ERR,ERR,ERR,ERR,ERR,ERR,ERR,ERR,ERR,ERR,ERR,ERR,ERR,ERR,ERR,ERR,ERR,ERR,ERR,ERR,ERR,ERR,ERR,ERR,ERR,ERR,ERR,ERR,ERR,ERR,ERR,ERR,ERR,ERR,ERR,ERR,ERR,ERR,ERR,ERR,ERR,ERR,ERR,ERR,ERR,ERR,ERR,ERR,ERR,ERR,ERR,ERR,ERR,ERR,ERR,ERR,ERR,ERR,ERR,ERR,ERR,ERR,ERR,34.0,80.0,35,0.0,0.0,0.0,0.0,0.0,0.0,0.0,0.0,0.0,0.0,0.0,0.0,0.0,0.0,0.0,0.0,64.4,0,117,56,50,65476,0,300,0,0,8,20529,65476,0,0,57672,80.0,0.0,0.0,0.0,0.0,0.0
2026-06-17T04:13:40,ERR,ERR,ERR,ERR,ERR,ERR,ERR,ERR,ERR,ERR,ERR,ERR,ERR,ERR,ERR,ERR,ERR,ERR,ERR,ERR,ERR,ERR,ERR,ERR,ERR,ERR,ERR,ERR,ERR,ERR,ERR,ERR,ERR,ERR,ERR,ERR,ERR,ERR,ERR,ERR,ERR,ERR,ERR,ERR,ERR,ERR,ERR,ERR,ERR,ERR,ERR,ERR,ERR,ERR,ERR,ERR,ERR,ERR,ERR,ERR,ERR,ERR,ERR,ERR,ERR,ERR,ERR,ERR,ERR,ERR,ERR,ERR,ERR,ERR,ERR,ERR,ERR,ERR,ERR,ERR,ERR,ERR,ERR,ERR,ERR,ERR,ERR,ERR,ERR,ERR,ERR,ERR,ERR,ERR,ERR,ERR,ERR,ERR,ERR,ERR,ERR,ERR,ERR,ERR,ERR,ERR,ERR,ERR,ERR,ERR,ERR,ERR,ERR,ERR,ERR,ERR,ERR,ERR,ERR,ERR,ERR,ERR,ERR,ERR,ERR,0.0,0.0,0.0,0.0,0.0,1.3936040501711995e+18,7.805,0.0,0,0,4,0,7300,-0.0,0,0.0,0.0,0.0,0.0,0.0,0,0,0,0,0.0,0,0,0,0,0,0,0,0,0,0,0,0,0,0,0,0,0,0,0,0,0,0,0,0,0,0,0,0,0,0,0,0,0,32,30,30,62,65476,0,300,0,0,8,21553,0.0,-107605600.0,0.0,0.0,0.0,0.0,0.0,0.0,0.0,0.0,0.0,0.0,0.0,0.0,0.0,0.0,0.0,0.0,0.0,0.0,0.0,0.0,2.004,2.004,-0.0,0.0,0.0,0.0,0.0,0.0,5456.0,-0.0,6962.0,0.0,0.0,-107615280.0,-107615328.0,0.0,0.0,0.0,0.0,63,-0.0,126840684544.0,0.0,0.0,0.0,0.0,0.0,0.0,0.0,0,0,0,0.0,0.0,0.0,0.0,0.0,0.0,0.0,0.0,0.0,0.0,0.0,0.0,0.0,0.0,0.0,0.0,0,-107875648.0,63,0.0,126,2.7184242562605685e+23,-0.0,ERR,ERR,ERR,ERR,ERR,ERR,ERR,ERR,ERR,ERR,ERR,ERR,ERR,ERR,ERR,ERR,ERR,ERR,ERR,ERR,ERR,ERR,ERR,ERR,ERR,ERR,ERR,ERR,ERR,ERR,ERR,ERR,ERR,ERR,ERR,ERR,ERR,ERR,ERR,ERR,ERR,ERR,ERR,ERR,ERR,ERR,ERR,ERR,ERR,ERR,ERR,ERR,ERR,ERR,ERR,ERR,ERR,ERR,ERR,ERR,ERR,ERR,ERR,ERR,ERR,ERR,ERR,34.0,80.0,35,0.0,0.0,0.0,0.0,0.0,0.0,0.0,0.0,0.0,0.0,0.0,0.0,0.0,0.0,0.0,0.0,64.8,0,117,56,50,65476,0,300,0,0,8,20529,65476,0,0,57672,80.0,0.0,0.0,0.0,0.0,0.0
2026-06-17T04:13:41,ERR,ERR,ERR,ERR,ERR,ERR,ERR,ERR,ERR,ERR,ERR,ERR,ERR,ERR,ERR,ERR,ERR,ERR,ERR,ERR,ERR,ERR,ERR,ERR,ERR,ERR,ERR,ERR,ERR,ERR,ERR,ERR,ERR,ERR,ERR,ERR,ERR,ERR,ERR,ERR,ERR,ERR,ERR,ERR,ERR,ERR,ERR,ERR,ERR,ERR,ERR,ERR,ERR,ERR,ERR,ERR,ERR,ERR,ERR,ERR,ERR,ERR,ERR,ERR,ERR,ERR,ERR,ERR,ERR,ERR,ERR,ERR,ERR,ERR,ERR,ERR,ERR,ERR,ERR,ERR,ERR,ERR,ERR,ERR,ERR,ERR,ERR,ERR,ERR,ERR,ERR,ERR,ERR,ERR,ERR,ERR,ERR,ERR,ERR,ERR,ERR,ERR,ERR,ERR,ERR,ERR,ERR,ERR,ERR,ERR,ERR,ERR,ERR,ERR,ERR,ERR,ERR,ERR,ERR,ERR,ERR,ERR,ERR,ERR,ERR,0.0,0.0,0.0,0.0,0.0,1.3936040501711995e+18,7.805,0.0,0,0,4,0,7300,-0.0,0,0.0,0.0,0.0,0.0,0.0,0,0,0,0,0.0,0,0,0,0,0,0,0,0,0,0,0,0,0,0,0,0,0,0,0,0,0,0,0,0,0,0,0,0,0,0,0,0,0,32,30,30,62,65476,0,300,0,0,8,21553,0.0,-107605600.0,0.0,0.0,0.0,0.0,0.0,0.0,0.0,0.0,0.0,0.0,0.0,0.0,0.0,0.0,0.0,0.0,0.0,0.0,0.0,0.0,2.004,2.004,-0.0,0.0,0.0,0.0,0.0,0.0,5456.0,-0.0,6962.0,0.0,0.0,-107615280.0,-107615328.0,0.0,0.0,0.0,0.0,63,-0.0,126840684544.0,0.0,0.0,0.0,0.0,0.0,0.0,0.0,0,0,0,0.0,0.0,0.0,0.0,0.0,0.0,0.0,0.0,0.0,0.0,0.0,0.0,0.0,0.0,0.0,0.0,0,-107875648.0,63,0.0,126,2.7184242562605685e+23,-0.0,ERR,ERR,ERR,ERR,ERR,ERR,ERR,ERR,ERR,ERR,ERR,ERR,ERR,ERR,ERR,ERR,ERR,ERR,ERR,ERR,ERR,ERR,ERR,ERR,ERR,ERR,ERR,ERR,ERR,ERR,ERR,ERR,ERR,ERR,ERR,ERR,ERR,ERR,ERR,ERR,ERR,ERR,ERR,ERR,ERR,ERR,ERR,ERR,ERR,ERR,ERR,ERR,ERR,ERR,ERR,ERR,ERR,ERR,ERR,ERR,ERR,ERR,ERR,ERR,ERR,ERR,ERR,34.0,80.0,35,0.0,0.0,0.0,0.0,0.0,0.0,0.0,0.0,0.0,0.0,0.0,0.0,0.0,0.0,0.0,0.0,64.8,0,117,56,50,65476,0,300,0,0,8,20529,65476,0,0,57672,80.0,0.0,0.0,0.0,0.0,0.0
2026-06-17T04:13:42,ERR,ERR,ERR,ERR,ERR,ERR,ERR,ERR,ERR,ERR,ERR,ERR,ERR,ERR,ERR,ERR,ERR,ERR,ERR,ERR,ERR,ERR,ERR,ERR,ERR,ERR,ERR,ERR,ERR,ERR,ERR,ERR,ERR,ERR,ERR,ERR,ERR,ERR,ERR,ERR,ERR,ERR,ERR,ERR,ERR,ERR,ERR,ERR,ERR,ERR,ERR,ERR,ERR,ERR,ERR,ERR,ERR,ERR,ERR,ERR,ERR,ERR,ERR,ERR,ERR,ERR,ERR,ERR,ERR,ERR,ERR,ERR,ERR,ERR,ERR,ERR,ERR,ERR,ERR,ERR,ERR,ERR,ERR,ERR,ERR,ERR,ERR,ERR,ERR,ERR,ERR,ERR,ERR,ERR,ERR,ERR,ERR,ERR,ERR,ERR,ERR,ERR,ERR,ERR,ERR,ERR,ERR,ERR,ERR,ERR,ERR,ERR,ERR,ERR,ERR,ERR,ERR,ERR,ERR,ERR,ERR,ERR,ERR,ERR,ERR,0.0,0.0,0.0,0.0,0.0,1.3936040501711995e+18,7.805,0.0,0,0,4,0,7300,-0.0,0,0.0,0.0,0.0,0.0,0.0,0,0,0,0,0.0,0,0,0,0,0,0,0,0,0,0,0,0,0,0,0,0,0,0,0,0,0,0,0,0,0,0,0,0,0,0,0,0,0,32,30,30,62,65476,0,300,0,0,8,21553,0.0,-107605600.0,0.0,0.0,0.0,0.0,0.0,0.0,0.0,0.0,0.0,0.0,0.0,0.0,0.0,0.0,0.0,0.0,0.0,0.0,0.0,0.0,2.004,2.004,-0.0,0.0,0.0,0.0,0.0,0.0,5456.0,-0.0,6962.0,0.0,0.0,-107615280.0,-107615328.0,0.0,0.0,0.0,0.0,63,-0.0,126840684544.0,0.0,0.0,0.0,0.0,0.0,0.0,0.0,0,0,0,0.0,0.0,0.0,0.0,0.0,0.0,0.0,0.0,0.0,0.0,0.0,0.0,0.0,0.0,0.0,0.0,0,-107875648.0,63,0.0,126,2.7184242562605685e+23,-0.0,ERR,ERR,ERR,ERR,ERR,ERR,ERR,ERR,ERR,ERR,ERR,ERR,ERR,ERR,ERR,ERR,ERR,ERR,ERR,ERR,ERR,ERR,ERR,ERR,ERR,ERR,ERR,ERR,ERR,ERR,ERR,ERR,ERR,ERR,ERR,ERR,ERR,ERR,ERR,ERR,ERR,ERR,ERR,ERR,ERR,ERR,ERR,ERR,ERR,ERR,ERR,ERR,ERR,ERR,ERR,ERR,ERR,ERR,ERR,ERR,ERR,ERR,ERR,ERR,ERR,ERR,ERR,34.0,80.0,35,0.0,0.0,0.0,0.0,0.0,0.0,0.0,0.0,0.0,0.0,0.0,0.0,0.0,0.0,0.0,0.0,64.4,0,117,56,50,65476,0,300,0,0,8,20529,65476,0,0,57672,80.0,0.0,0.0,0.0,0.0,0.0
2026-06-17T04:13:43,ERR,ERR,ERR,ERR,ERR,ERR,ERR,ERR,ERR,ERR,ERR,ERR,ERR,ERR,ERR,ERR,ERR,ERR,ERR,ERR,ERR,ERR,ERR,ERR,ERR,ERR,ERR,ERR,ERR,ERR,ERR,ERR,ERR,ERR,ERR,ERR,ERR,ERR,ERR,ERR,ERR,ERR,ERR,ERR,ERR,ERR,ERR,ERR,ERR,ERR,ERR,ERR,ERR,ERR,ERR,ERR,ERR,ERR,ERR,ERR,ERR,ERR,ERR,ERR,ERR,ERR,ERR,ERR,ERR,ERR,ERR,ERR,ERR,ERR,ERR,ERR,ERR,ERR,ERR,ERR,ERR,ERR,ERR,ERR,ERR,ERR,ERR,ERR,ERR,ERR,ERR,ERR,ERR,ERR,ERR,ERR,ERR,ERR,ERR,ERR,ERR,ERR,ERR,ERR,ERR,ERR,ERR,ERR,ERR,ERR,ERR,ERR,ERR,ERR,ERR,ERR,ERR,ERR,ERR,ERR,ERR,ERR,ERR,ERR,ERR,0.0,0.0,0.0,0.0,0.0,1.3936040501711995e+18,7.805,0.0,0,0,4,0,7300,-0.0,0,0.0,0.0,0.0,0.0,0.0,0,0,0,0,0.0,0,0,0,0,0,0,0,0,0,0,0,0,0,0,0,0,0,0,0,0,0,0,0,0,0,0,0,0,0,0,0,0,0,32,30,30,62,65476,0,300,0,0,8,21553,0.0,-107605600.0,0.0,0.0,0.0,0.0,0.0,0.0,0.0,0.0,0.0,0.0,0.0,0.0,0.0,0.0,0.0,0.0,0.0,0.0,0.0,0.0,2.004,2.004,-0.0,0.0,0.0,0.0,0.0,0.0,5456.0,-0.0,6962.0,0.0,0.0,-107615280.0,-107615328.0,0.0,0.0,0.0,0.0,63,-0.0,126840684544.0,0.0,0.0,0.0,0.0,0.0,0.0,0.0,0,0,0,0.0,0.0,0.0,0.0,0.0,0.0,0.0,0.0,0.0,0.0,0.0,0.0,0.0,0.0,0.0,0.0,0,-107875648.0,63,0.0,126,2.7184242562605685e+23,-0.0,ERR,ERR,ERR,ERR,ERR,ERR,ERR,ERR,ERR,ERR,ERR,ERR,ERR,ERR,ERR,ERR,ERR,ERR,ERR,ERR,ERR,ERR,ERR,ERR,ERR,ERR,ERR,ERR,ERR,ERR,ERR,ERR,ERR,ERR,ERR,ERR,ERR,ERR,ERR,ERR,ERR,ERR,ERR,ERR,ERR,ERR,ERR,ERR,ERR,ERR,ERR,ERR,ERR,ERR,ERR,ERR,ERR,ERR,ERR,ERR,ERR,ERR,ERR,ERR,ERR,ERR,ERR,34.0,80.0,35,0.0,0.0,0.0,0.0,0.0,0.0,0.0,0.0,0.0,0.0,0.0,0.0,0.0,0.0,0.0,0.0,64.4,0,117,56,50,65476,0,300,0,0,8,20529,65476,0,0,57672,80.0,0.0,0.0,0.0,0.0,0.0
2026-06-17T04:13:44,ERR,ERR,ERR,ERR,ERR,ERR,ERR,ERR,ERR,ERR,ERR,ERR,ERR,ERR,ERR,ERR,ERR,ERR,ERR,ERR,ERR,ERR,ERR,ERR,ERR,ERR,ERR,ERR,ERR,ERR,ERR,ERR,ERR,ERR,ERR,ERR,ERR,ERR,ERR,ERR,ERR,ERR,ERR,ERR,ERR,ERR,ERR,ERR,ERR,ERR,ERR,ERR,ERR,ERR,ERR,ERR,ERR,ERR,ERR,ERR,ERR,ERR,ERR,ERR,ERR,ERR,ERR,ERR,ERR,ERR,ERR,ERR,ERR,ERR,ERR,ERR,ERR,ERR,ERR,ERR,ERR,ERR,ERR,ERR,ERR,ERR,ERR,ERR,ERR,ERR,ERR,ERR,ERR,ERR,ERR,ERR,ERR,ERR,ERR,ERR,ERR,ERR,ERR,ERR,ERR,ERR,ERR,ERR,ERR,ERR,ERR,ERR,ERR,ERR,ERR,ERR,ERR,ERR,ERR,ERR,ERR,ERR,ERR,ERR,ERR,0.0,0.0,0.0,0.0,0.0,1.3936040501711995e+18,7.805,0.0,0,0,4,0,7300,-0.0,0,0.0,0.0,0.0,0.0,0.0,0,0,0,0,0.0,0,0,0,0,0,0,0,0,0,0,0,0,0,0,0,0,0,0,0,0,0,0,0,0,0,0,0,0,0,0,0,0,0,32,30,30,62,65476,0,300,0,0,8,21553,0.0,-107605600.0,0.0,0.0,0.0,0.0,0.0,0.0,0.0,0.0,0.0,0.0,0.0,0.0,0.0,0.0,0.0,0.0,0.0,0.0,0.0,0.0,2.004,2.004,-0.0,0.0,0.0,0.0,0.0,0.0,5453.0,-8608196608.0,6970.0,0.0,0.0,-107615280.0,-107615328.0,0.0,0.0,0.0,0.0,63,-0.0,-0.0,0.0,0.0,0.0,0.0,0.0,0.0,0.0,0,0,0,0.0,0.0,0.0,0.0,0.0,0.0,0.0,0.0,0.0,0.0,0.0,0.0,0.0,0.0,0.0,0.0,0,-107875648.0,63,0.0,126,2.7184242562605685e+23,-0.0,ERR,ERR,ERR,ERR,ERR,ERR,ERR,ERR,ERR,ERR,ERR,ERR,ERR,ERR,ERR,ERR,ERR,ERR,ERR,ERR,ERR,ERR,ERR,ERR,ERR,ERR,ERR,ERR,ERR,ERR,ERR,ERR,ERR,ERR,ERR,ERR,ERR,ERR,ERR,ERR,ERR,ERR,ERR,ERR,ERR,ERR,ERR,ERR,ERR,ERR,ERR,ERR,ERR,ERR,ERR,ERR,ERR,ERR,ERR,ERR,ERR,ERR,ERR,ERR,ERR,ERR,ERR,34.0,80.0,35,0.0,0.0,0.0,0.0,0.0,0.0,0.0,0.0,0.0,0.0,0.0,0.0,0.0,0.0,0.0,0.0,64.4,0,117,56,50,65476,0,300,0,0,8,20529,65476,0,0,57672,80.0,0.0,0.0,0.0,0.0,0.0
2026-06-17T04:13:45,ERR,ERR,ERR,ERR,ERR,ERR,ERR,ERR,ERR,ERR,ERR,ERR,ERR,ERR,ERR,ERR,ERR,ERR,ERR,ERR,ERR,ERR,ERR,ERR,ERR,ERR,ERR,ERR,ERR,ERR,ERR,ERR,ERR,ERR,ERR,ERR,ERR,ERR,ERR,ERR,ERR,ERR,ERR,ERR,ERR,ERR,ERR,ERR,ERR,ERR,ERR,ERR,ERR,ERR,ERR,ERR,ERR,ERR,ERR,ERR,ERR,ERR,ERR,ERR,ERR,ERR,ERR,ERR,ERR,ERR,ERR,ERR,ERR,ERR,ERR,ERR,ERR,ERR,ERR,ERR,ERR,ERR,ERR,ERR,ERR,ERR,ERR,ERR,ERR,ERR,ERR,ERR,ERR,ERR,ERR,ERR,ERR,ERR,ERR,ERR,ERR,ERR,ERR,ERR,ERR,ERR,ERR,ERR,ERR,ERR,ERR,ERR,ERR,ERR,ERR,ERR,ERR,ERR,ERR,ERR,ERR,ERR,ERR,ERR,ERR,0.0,0.0,0.0,0.0,0.0,1.3936040501711995e+18,7.805,0.0,0,0,4,0,7300,-0.0,0,0.0,0.0,0.0,0.0,0.0,0,0,0,0,0.0,0,0,0,0,0,0,0,0,0,0,0,0,0,0,0,0,0,0,0,0,0,0,0,0,0,0,0,0,0,0,0,0,0,32,30,30,62,65476,0,300,0,0,8,21553,0.0,-107605600.0,0.0,0.0,0.0,0.0,0.0,0.0,0.0,0.0,0.0,0.0,0.0,0.0,0.0,0.0,0.0,0.0,0.0,0.0,0.0,0.0,2.004,2.004,-0.0,0.0,0.0,0.0,0.0,0.0,5453.0,-8608196608.0,6970.0,0.0,0.0,-107615280.0,-107615328.0,0.0,0.0,0.0,0.0,63,-0.0,-0.0,0.0,0.0,0.0,0.0,0.0,0.0,0.0,0,0,0,0.0,0.0,0.0,0.0,0.0,0.0,0.0,0.0,0.0,0.0,0.0,0.0,0.0,0.0,0.0,0.0,0,-107875648.0,63,0.0,126,2.7184242562605685e+23,-0.0,ERR,ERR,ERR,ERR,ERR,ERR,ERR,ERR,ERR,ERR,ERR,ERR,ERR,ERR,ERR,ERR,ERR,ERR,ERR,ERR,ERR,ERR,ERR,ERR,ERR,ERR,ERR,ERR,ERR,ERR,ERR,ERR,ERR,ERR,ERR,ERR,ERR,ERR,ERR,ERR,ERR,ERR,ERR,ERR,ERR,ERR,ERR,ERR,ERR,ERR,ERR,ERR,ERR,ERR,ERR,ERR,ERR,ERR,ERR,ERR,ERR,ERR,ERR,ERR,ERR,ERR,ERR,34.0,80.0,35,0.0,0.0,0.0,0.0,0.0,0.0,0.0,0.0,0.0,0.0,0.0,0.0,0.0,0.0,0.0,0.0,64.4,0,117,56,50,65476,0,300,0,0,8,20529,65476,0,0,57672,80.0,0.0,0.0,0.0,0.0,0.0
2026-06-17T04:13:46,ERR,ERR,ERR,ERR,ERR,ERR,ERR,ERR,ERR,ERR,ERR,ERR,ERR,ERR,ERR,ERR,ERR,ERR,ERR,ERR,ERR,ERR,ERR,ERR,ERR,ERR,ERR,ERR,ERR,ERR,ERR,ERR,ERR,ERR,ERR,ERR,ERR,ERR,ERR,ERR,ERR,ERR,ERR,ERR,ERR,ERR,ERR,ERR,ERR,ERR,ERR,ERR,ERR,ERR,ERR,ERR,ERR,ERR,ERR,ERR,ERR,ERR,ERR,ERR,ERR,ERR,ERR,ERR,ERR,ERR,ERR,ERR,ERR,ERR,ERR,ERR,ERR,ERR,ERR,ERR,ERR,ERR,ERR,ERR,ERR,ERR,ERR,ERR,ERR,ERR,ERR,ERR,ERR,ERR,ERR,ERR,ERR,ERR,ERR,ERR,ERR,ERR,ERR,ERR,ERR,ERR,ERR,ERR,ERR,ERR,ERR,ERR,ERR,ERR,ERR,ERR,ERR,ERR,ERR,ERR,ERR,ERR,ERR,ERR,ERR,0.0,0.0,0.0,0.0,0.0,1.3936040501711995e+18,7.805,0.0,0,0,4,0,7300,-0.0,0,0.0,0.0,0.0,0.0,0.0,0,0,0,0,0.0,0,0,0,0,0,0,0,0,0,0,0,0,0,0,0,0,0,0,0,0,0,0,0,0,0,0,0,0,0,0,0,0,0,32,30,30,62,65476,0,300,0,0,8,21553,0.0,-107605600.0,0.0,0.0,0.0,0.0,0.0,0.0,0.0,0.0,0.0,0.0,0.0,0.0,0.0,0.0,0.0,0.0,0.0,0.0,0.0,0.0,2.004,2.004,-0.0,0.0,0.0,0.0,0.0,0.0,5453.0,-8608196608.0,6970.0,0.0,0.0,-107615280.0,-107615328.0,0.0,0.0,0.0,0.0,63,-0.0,-0.0,0.0,0.0,0.0,0.0,0.0,0.0,0.0,0,0,0,0.0,0.0,0.0,0.0,0.0,0.0,0.0,0.0,0.0,0.0,0.0,0.0,0.0,0.0,0.0,0.0,0,-107875648.0,63,0.0,126,2.7184242562605685e+23,-0.0,ERR,ERR,ERR,ERR,ERR,ERR,ERR,ERR,ERR,ERR,ERR,ERR,ERR,ERR,ERR,ERR,ERR,ERR,ERR,ERR,ERR,ERR,ERR,ERR,ERR,ERR,ERR,ERR,ERR,ERR,ERR,ERR,ERR,ERR,ERR,ERR,ERR,ERR,ERR,ERR,ERR,ERR,ERR,ERR,ERR,ERR,ERR,ERR,ERR,ERR,ERR,ERR,ERR,ERR,ERR,ERR,ERR,ERR,ERR,ERR,ERR,ERR,ERR,ERR,ERR,ERR,ERR,34.0,80.0,35,0.0,0.0,0.0,0.0,0.0,0.0,0.0,0.0,0.0,0.0,0.0,0.0,0.0,0.0,0.0,0.0,64.4,0,117,56,50,65476,0,300,0,0,8,20529,65476,0,0,57672,80.0,0.0,0.0,0.0,0.0,0.0
2026-06-17T04:13:47,ERR,ERR,ERR,ERR,ERR,ERR,ERR,ERR,ERR,ERR,ERR,ERR,ERR,ERR,ERR,ERR,ERR,ERR,ERR,ERR,ERR,ERR,ERR,ERR,ERR,ERR,ERR,ERR,ERR,ERR,ERR,ERR,ERR,ERR,ERR,ERR,ERR,ERR,ERR,ERR,ERR,ERR,ERR,ERR,ERR,ERR,ERR,ERR,ERR,ERR,ERR,ERR,ERR,ERR,ERR,ERR,ERR,ERR,ERR,ERR,ERR,ERR,ERR,ERR,ERR,ERR,ERR,ERR,ERR,ERR,ERR,ERR,ERR,ERR,ERR,ERR,ERR,ERR,ERR,ERR,ERR,ERR,ERR,ERR,ERR,ERR,ERR,ERR,ERR,ERR,ERR,ERR,ERR,ERR,ERR,ERR,ERR,ERR,ERR,ERR,ERR,ERR,ERR,ERR,ERR,ERR,ERR,ERR,ERR,ERR,ERR,ERR,ERR,ERR,ERR,ERR,ERR,ERR,ERR,ERR,ERR,ERR,ERR,ERR,ERR,0.0,0.0,0.0,0.0,0.0,1.3936040501711995e+18,7.805,0.0,0,0,4,0,7300,-0.0,0,0.0,0.0,0.0,0.0,0.0,0,0,0,0,0.0,0,0,0,0,0,0,0,0,0,0,0,0,0,0,0,0,0,0,0,0,0,0,0,0,0,0,0,0,0,0,0,0,0,32,30,30,62,65476,0,300,0,0,8,21553,0.0,-107605600.0,0.0,0.0,0.0,0.0,0.0,0.0,0.0,0.0,0.0,0.0,0.0,0.0,0.0,0.0,0.0,0.0,0.0,0.0,0.0,0.0,2.004,2.004,-0.0,0.0,0.0,0.0,0.0,0.0,5453.0,-8608196608.0,6970.0,0.0,0.0,-107615280.0,-107615328.0,0.0,0.0,0.0,0.0,63,-0.0,-0.0,0.0,0.0,0.0,0.0,0.0,0.0,0.0,0,0,0,0.0,0.0,0.0,0.0,0.0,0.0,0.0,0.0,0.0,0.0,0.0,0.0,0.0,0.0,0.0,0.0,0,-107875648.0,63,0.0,126,2.7184242562605685e+23,-0.0,ERR,ERR,ERR,ERR,ERR,ERR,ERR,ERR,ERR,ERR,ERR,ERR,ERR,ERR,ERR,ERR,ERR,ERR,ERR,ERR,ERR,ERR,ERR,ERR,ERR,ERR,ERR,ERR,ERR,ERR,ERR,ERR,ERR,ERR,ERR,ERR,ERR,ERR,ERR,ERR,ERR,ERR,ERR,ERR,ERR,ERR,ERR,ERR,ERR,ERR,ERR,ERR,ERR,ERR,ERR,ERR,ERR,ERR,ERR,ERR,ERR,ERR,ERR,ERR,ERR,ERR,ERR,34.0,80.0,35,0.0,0.0,0.0,0.0,0.0,0.0,0.0,0.0,0.0,0.0,0.0,0.0,0.0,0.0,0.0,0.0,64.4,0,117,56,50,65476,0,300,0,0,8,20529,65476,0,0,57672,80.0,0.0,0.0,0.0,0.0,0.0
2026-06-17T04:13:48,ERR,ERR,ERR,ERR,ERR,ERR,ERR,ERR,ERR,ERR,ERR,ERR,ERR,ERR,ERR,ERR,ERR,ERR,ERR,ERR,ERR,ERR,ERR,ERR,ERR,ERR,ERR,ERR,ERR,ERR,ERR,ERR,ERR,ERR,ERR,ERR,ERR,ERR,ERR,ERR,ERR,ERR,ERR,ERR,ERR,ERR,ERR,ERR,ERR,ERR,ERR,ERR,ERR,ERR,ERR,ERR,ERR,ERR,ERR,ERR,ERR,ERR,ERR,ERR,ERR,ERR,ERR,ERR,ERR,ERR,ERR,ERR,ERR,ERR,ERR,ERR,ERR,ERR,ERR,ERR,ERR,ERR,ERR,ERR,ERR,ERR,ERR,ERR,ERR,ERR,ERR,ERR,ERR,ERR,ERR,ERR,ERR,ERR,ERR,ERR,ERR,ERR,ERR,ERR,ERR,ERR,ERR,ERR,ERR,ERR,ERR,ERR,ERR,ERR,ERR,ERR,ERR,ERR,ERR,ERR,ERR,ERR,ERR,ERR,ERR,0.0,0.0,0.0,0.0,0.0,1.3936040501711995e+18,7.805,0.0,0,0,4,0,7300,-0.0,0,0.0,0.0,0.0,0.0,0.0,0,0,0,0,0.0,0,0,0,0,0,0,0,0,0,0,0,0,0,0,0,0,0,0,0,0,0,0,0,0,0,0,0,0,0,0,0,0,0,32,30,30,62,65476,0,300,0,0,8,21553,0.0,-107605600.0,0.0,0.0,0.0,0.0,0.0,0.0,0.0,0.0,0.0,0.0,0.0,0.0,0.0,0.0,0.0,0.0,0.0,0.0,0.0,0.0,2.004,2.004,-0.0,0.0,0.0,0.0,0.0,0.0,5453.0,-8608196608.0,6970.0,0.0,0.0,-107615280.0,-107615328.0,0.0,0.0,0.0,0.0,63,-0.0,-0.0,0.0,0.0,0.0,0.0,0.0,0.0,0.0,0,0,0,0.0,0.0,0.0,0.0,0.0,0.0,0.0,0.0,0.0,0.0,0.0,0.0,0.0,0.0,0.0,0.0,0,-107875648.0,63,0.0,126,2.7184242562605685e+23,-0.0,ERR,ERR,ERR,ERR,ERR,ERR,ERR,ERR,ERR,ERR,ERR,ERR,ERR,ERR,ERR,ERR,ERR,ERR,ERR,ERR,ERR,ERR,ERR,ERR,ERR,ERR,ERR,ERR,ERR,ERR,ERR,ERR,ERR,ERR,ERR,ERR,ERR,ERR,ERR,ERR,ERR,ERR,ERR,ERR,ERR,ERR,ERR,ERR,ERR,ERR,ERR,ERR,ERR,ERR,ERR,ERR,ERR,ERR,ERR,ERR,ERR,ERR,ERR,ERR,ERR,ERR,ERR,34.0,80.0,35,0.0,0.0,0.0,0.0,0.0,0.0,0.0,0.0,0.0,0.0,0.0,0.0,0.0,0.0,0.0,0.0,64.4,0,117,56,50,65476,0,300,0,0,8,20529,65476,0,0,57672,80.0,0.0,0.0,0.0,0.0,0.0
2026-06-17T04:13:49,ERR,ERR,ERR,ERR,ERR,ERR,ERR,ERR,ERR,ERR,ERR,ERR,ERR,ERR,ERR,ERR,ERR,ERR,ERR,ERR,ERR,ERR,ERR,ERR,ERR,ERR,ERR,ERR,ERR,ERR,ERR,ERR,ERR,ERR,ERR,ERR,ERR,ERR,ERR,ERR,ERR,ERR,ERR,ERR,ERR,ERR,ERR,ERR,ERR,ERR,ERR,ERR,ERR,ERR,ERR,ERR,ERR,ERR,ERR,ERR,ERR,ERR,ERR,ERR,ERR,ERR,ERR,ERR,ERR,ERR,ERR,ERR,ERR,ERR,ERR,ERR,ERR,ERR,ERR,ERR,ERR,ERR,ERR,ERR,ERR,ERR,ERR,ERR,ERR,ERR,ERR,ERR,ERR,ERR,ERR,ERR,ERR,ERR,ERR,ERR,ERR,ERR,ERR,ERR,ERR,ERR,ERR,ERR,ERR,ERR,ERR,ERR,ERR,ERR,ERR,ERR,ERR,ERR,ERR,ERR,ERR,ERR,ERR,ERR,ERR,0.0,0.0,0.0,0.0,0.0,1.3936040501711995e+18,7.805,0.0,0,0,4,0,7300,-0.0,0,0.0,0.0,0.0,0.0,0.0,0,0,0,0,0.0,0,0,0,0,0,0,0,0,0,0,0,0,0,0,0,0,0,0,0,0,0,0,0,0,0,0,0,0,0,0,0,0,0,32,30,30,62,65476,0,300,0,0,8,21553,0.0,-107605600.0,0.0,0.0,0.0,0.0,0.0,0.0,0.0,0.0,0.0,0.0,0.0,0.0,0.0,0.0,0.0,0.0,0.0,0.0,0.0,0.0,2.004,2.004,-0.0,0.0,0.0,0.0,0.0,0.0,5488.0,2.422992227987924e+24,6957.0,0.0,0.0,-107615280.0,0.0,0.0,0.0,0.0,0.0,63,-0.0,2.7184208335248517e+23,0.0,0.0,0.0,0.0,0.0,0.0,0.0,0,0,0,0.0,0.0,0.0,0.0,0.0,0.0,0.0,0.0,0.0,0.0,0.0,0.0,0.0,0.0,0.0,0.0,0,-107875648.0,63,0.0,126,2.7184242562605685e+23,-0.0,ERR,ERR,ERR,ERR,ERR,ERR,ERR,ERR,ERR,ERR,ERR,ERR,ERR,ERR,ERR,ERR,ERR,ERR,ERR,ERR,ERR,ERR,ERR,ERR,ERR,ERR,ERR,ERR,ERR,ERR,ERR,ERR,ERR,ERR,ERR,ERR,ERR,ERR,ERR,ERR,ERR,ERR,ERR,ERR,ERR,ERR,ERR,ERR,ERR,ERR,ERR,ERR,ERR,ERR,ERR,ERR,ERR,ERR,ERR,ERR,ERR,ERR,ERR,ERR,ERR,ERR,ERR,34.0,80.0,35,0.0,0.0,0.0,0.0,0.0,0.0,0.0,0.0,0.0,0.0,0.0,0.0,0.0,0.0,0.0,0.0,64.4,0,117,56,50,65476,0,300,0,0,8,20529,65476,0,0,57672,80.0,0.0,0.0,0.0,0.0,0.0
2026-06-17T04:13:50,ERR,ERR,ERR,ERR,ERR,ERR,ERR,ERR,ERR,ERR,ERR,ERR,ERR,ERR,ERR,ERR,ERR,ERR,ERR,ERR,ERR,ERR,ERR,ERR,ERR,ERR,ERR,ERR,ERR,ERR,ERR,ERR,ERR,ERR,ERR,ERR,ERR,ERR,ERR,ERR,ERR,ERR,ERR,ERR,ERR,ERR,ERR,ERR,ERR,ERR,ERR,ERR,ERR,ERR,ERR,ERR,ERR,ERR,ERR,ERR,ERR,ERR,ERR,ERR,ERR,ERR,ERR,ERR,ERR,ERR,ERR,ERR,ERR,ERR,ERR,ERR,ERR,ERR,ERR,ERR,ERR,ERR,ERR,ERR,ERR,ERR,ERR,ERR,ERR,ERR,ERR,ERR,ERR,ERR,ERR,ERR,ERR,ERR,ERR,ERR,ERR,ERR,ERR,ERR,ERR,ERR,ERR,ERR,ERR,ERR,ERR,ERR,ERR,ERR,ERR,ERR,ERR,ERR,ERR,ERR,ERR,ERR,ERR,ERR,ERR,0.0,0.0,0.0,0.0,0.0,1.3936040501711995e+18,7.805,0.0,0,0,4,0,7300,-0.0,0,0.0,0.0,0.0,0.0,0.0,0,0,0,0,0.0,0,0,0,0,0,0,0,0,0,0,0,0,0,0,0,0,0,0,0,0,0,0,0,0,0,0,0,0,0,0,0,0,0,32,30,30,62,65476,0,300,0,0,8,21553,0.0,-107605600.0,0.0,0.0,0.0,0.0,0.0,0.0,0.0,0.0,0.0,0.0,0.0,0.0,0.0,0.0,0.0,0.0,0.0,0.0,0.0,0.0,2.004,2.004,-0.0,0.0,0.0,0.0,0.0,0.0,5488.0,2.422992227987924e+24,6957.0,0.0,0.0,-107615280.0,0.0,0.0,0.0,0.0,0.0,63,-0.0,2.7184208335248517e+23,0.0,0.0,0.0,0.0,0.0,0.0,0.0,0,0,0,0.0,0.0,0.0,0.0,0.0,0.0,0.0,0.0,0.0,0.0,0.0,0.0,0.0,0.0,0.0,0.0,0,-107875648.0,63,0.0,126,2.7184242562605685e+23,-0.0,ERR,ERR,ERR,ERR,ERR,ERR,ERR,ERR,ERR,ERR,ERR,ERR,ERR,ERR,ERR,ERR,ERR,ERR,ERR,ERR,ERR,ERR,ERR,ERR,ERR,ERR,ERR,ERR,ERR,ERR,ERR,ERR,ERR,ERR,ERR,ERR,ERR,ERR,ERR,ERR,ERR,ERR,ERR,ERR,ERR,ERR,ERR,ERR,ERR,ERR,ERR,ERR,ERR,ERR,ERR,ERR,ERR,ERR,ERR,ERR,ERR,ERR,ERR,ERR,ERR,ERR,ERR,34.0,80.0,35,0.0,0.0,0.0,0.0,0.0,0.0,0.0,0.0,0.0,0.0,0.0,0.0,0.0,0.0,0.0,0.0,64.4,0,117,56,50,65476,0,300,0,0,8,20529,65476,0,0,57672,80.0,0.0,0.0,0.0,0.0,0.0
2026-06-17T04:13:51,ERR,ERR,ERR,ERR,ERR,ERR,ERR,ERR,ERR,ERR,ERR,ERR,ERR,ERR,ERR,ERR,ERR,ERR,ERR,ERR,ERR,ERR,ERR,ERR,ERR,ERR,ERR,ERR,ERR,ERR,ERR,ERR,ERR,ERR,ERR,ERR,ERR,ERR,ERR,ERR,ERR,ERR,ERR,ERR,ERR,ERR,ERR,ERR,ERR,ERR,ERR,ERR,ERR,ERR,ERR,ERR,ERR,ERR,ERR,ERR,ERR,ERR,ERR,ERR,ERR,ERR,ERR,ERR,ERR,ERR,ERR,ERR,ERR,ERR,ERR,ERR,ERR,ERR,ERR,ERR,ERR,ERR,ERR,ERR,ERR,ERR,ERR,ERR,ERR,ERR,ERR,ERR,ERR,ERR,ERR,ERR,ERR,ERR,ERR,ERR,ERR,ERR,ERR,ERR,ERR,ERR,ERR,ERR,ERR,ERR,ERR,ERR,ERR,ERR,ERR,ERR,ERR,ERR,ERR,ERR,ERR,ERR,ERR,ERR,ERR,0.0,0.0,0.0,0.0,0.0,1.3936040501711995e+18,7.805,0.0,0,0,4,0,7300,-0.0,0,0.0,0.0,0.0,0.0,0.0,0,0,0,0,0.0,0,0,0,0,0,0,0,0,0,0,0,0,0,0,0,0,0,0,0,0,0,0,0,0,0,0,0,0,0,0,0,0,0,32,30,30,62,65476,0,300,0,0,8,21553,0.0,-107605600.0,0.0,0.0,0.0,0.0,0.0,0.0,0.0,0.0,0.0,0.0,0.0,0.0,0.0,0.0,0.0,0.0,0.0,0.0,0.0,0.0,2.004,2.004,-0.0,0.0,0.0,0.0,0.0,0.0,5488.0,2.422992227987924e+24,6957.0,0.0,0.0,-107615280.0,0.0,0.0,0.0,0.0,0.0,63,-0.0,2.7184208335248517e+23,0.0,0.0,0.0,0.0,0.0,0.0,0.0,0,0,0,0.0,0.0,0.0,0.0,0.0,0.0,0.0,0.0,0.0,0.0,0.0,0.0,0.0,0.0,0.0,0.0,0,-107875648.0,63,0.0,126,2.7184242562605685e+23,-0.0,ERR,ERR,ERR,ERR,ERR,ERR,ERR,ERR,ERR,ERR,ERR,ERR,ERR,ERR,ERR,ERR,ERR,ERR,ERR,ERR,ERR,ERR,ERR,ERR,ERR,ERR,ERR,ERR,ERR,ERR,ERR,ERR,ERR,ERR,ERR,ERR,ERR,ERR,ERR,ERR,ERR,ERR,ERR,ERR,ERR,ERR,ERR,ERR,ERR,ERR,ERR,ERR,ERR,ERR,ERR,ERR,ERR,ERR,ERR,ERR,ERR,ERR,ERR,ERR,ERR,ERR,ERR,34.0,80.0,35,0.0,0.0,0.0,0.0,0.0,0.0,0.0,0.0,0.0,0.0,0.0,0.0,0.0,0.0,0.0,0.0,64.4,0,117,56,50,65476,0,300,0,0,8,20529,65476,0,0,57672,80.0,0.0,0.0,0.0,0.0,0.0
2026-06-17T04:13:52,ERR,ERR,ERR,ERR,ERR,ERR,ERR,ERR,ERR,ERR,ERR,ERR,ERR,ERR,ERR,ERR,ERR,ERR,ERR,ERR,ERR,ERR,ERR,ERR,ERR,ERR,ERR,ERR,ERR,ERR,ERR,ERR,ERR,ERR,ERR,ERR,ERR,ERR,ERR,ERR,ERR,ERR,ERR,ERR,ERR,ERR,ERR,ERR,ERR,ERR,ERR,ERR,ERR,ERR,ERR,ERR,ERR,ERR,ERR,ERR,ERR,ERR,ERR,ERR,ERR,ERR,ERR,ERR,ERR,ERR,ERR,ERR,ERR,ERR,ERR,ERR,ERR,ERR,ERR,ERR,ERR,ERR,ERR,ERR,ERR,ERR,ERR,ERR,ERR,ERR,ERR,ERR,ERR,ERR,ERR,ERR,ERR,ERR,ERR,ERR,ERR,ERR,ERR,ERR,ERR,ERR,ERR,ERR,ERR,ERR,ERR,ERR,ERR,ERR,ERR,ERR,ERR,ERR,ERR,ERR,ERR,ERR,ERR,ERR,ERR,0.0,0.0,0.0,0.0,0.0,1.3936040501711995e+18,7.805,0.0,0,0,4,0,7300,-0.0,0,0.0,0.0,0.0,0.0,0.0,0,0,0,0,0.0,0,0,0,0,0,0,0,0,0,0,0,0,0,0,0,0,0,0,0,0,0,0,0,0,0,0,0,0,0,0,0,0,0,32,30,30,62,65476,0,300,0,0,8,21553,0.0,-107605600.0,0.0,0.0,0.0,0.0,0.0,0.0,0.0,0.0,0.0,0.0,0.0,0.0,0.0,0.0,0.0,0.0,0.0,0.0,0.0,0.0,2.004,2.004,-0.0,0.0,0.0,0.0,0.0,0.0,5488.0,2.422992227987924e+24,6957.0,0.0,0.0,-107615280.0,0.0,0.0,0.0,0.0,0.0,63,-0.0,2.7184208335248517e+23,0.0,0.0,0.0,0.0,0.0,0.0,0.0,0,0,0,0.0,0.0,0.0,0.0,0.0,0.0,0.0,0.0,0.0,0.0,0.0,0.0,0.0,0.0,0.0,0.0,0,-107875648.0,63,0.0,126,2.7184242562605685e+23,-0.0,ERR,ERR,ERR,ERR,ERR,ERR,ERR,ERR,ERR,ERR,ERR,ERR,ERR,ERR,ERR,ERR,ERR,ERR,ERR,ERR,ERR,ERR,ERR,ERR,ERR,ERR,ERR,ERR,ERR,ERR,ERR,ERR,ERR,ERR,ERR,ERR,ERR,ERR,ERR,ERR,ERR,ERR,ERR,ERR,ERR,ERR,ERR,ERR,ERR,ERR,ERR,ERR,ERR,ERR,ERR,ERR,ERR,ERR,ERR,ERR,ERR,ERR,ERR,ERR,ERR,ERR,ERR,34.0,80.0,35,0.0,0.0,0.0,0.0,0.0,0.0,0.0,0.0,0.0,0.0,0.0,0.0,0.0,0.0,0.0,0.0,64.4,0,117,56,50,65476,0,300,0,0,8,20529,65476,0,0,57672,80.0,0.0,0.0,0.0,0.0,0.0
2026-06-17T04:13:53,ERR,ERR,ERR,ERR,ERR,ERR,ERR,ERR,ERR,ERR,ERR,ERR,ERR,ERR,ERR,ERR,ERR,ERR,ERR,ERR,ERR,ERR,ERR,ERR,ERR,ERR,ERR,ERR,ERR,ERR,ERR,ERR,ERR,ERR,ERR,ERR,ERR,ERR,ERR,ERR,ERR,ERR,ERR,ERR,ERR,ERR,ERR,ERR,ERR,ERR,ERR,ERR,ERR,ERR,ERR,ERR,ERR,ERR,ERR,ERR,ERR,ERR,ERR,ERR,ERR,ERR,ERR,ERR,ERR,ERR,ERR,ERR,ERR,ERR,ERR,ERR,ERR,ERR,ERR,ERR,ERR,ERR,ERR,ERR,ERR,ERR,ERR,ERR,ERR,ERR,ERR,ERR,ERR,ERR,ERR,ERR,ERR,ERR,ERR,ERR,ERR,ERR,ERR,ERR,ERR,ERR,ERR,ERR,ERR,ERR,ERR,ERR,ERR,ERR,ERR,ERR,ERR,ERR,ERR,ERR,ERR,ERR,ERR,ERR,ERR,0.0,0.0,0.0,0.0,0.0,1.3936040501711995e+18,7.805,0.0,0,0,4,0,7300,-0.0,0,0.0,0.0,0.0,0.0,0.0,0,0,0,0,0.0,0,0,0,0,0,0,0,0,0,0,0,0,0,0,0,0,0,0,0,0,0,0,0,0,0,0,0,0,0,0,0,0,0,32,30,30,62,65476,0,300,0,0,8,21553,0.0,-107605600.0,0.0,0.0,0.0,0.0,0.0,0.0,0.0,0.0,0.0,0.0,0.0,0.0,0.0,0.0,0.0,0.0,0.0,0.0,0.0,0.0,2.004,2.004,-0.0,0.0,0.0,0.0,0.0,0.0,5488.0,2.422992227987924e+24,6957.0,0.0,0.0,-107615280.0,0.0,0.0,0.0,0.0,0.0,63,-0.0,2.7184208335248517e+23,0.0,0.0,0.0,0.0,0.0,0.0,0.0,0,0,0,0.0,0.0,0.0,0.0,0.0,0.0,0.0,0.0,0.0,0.0,0.0,0.0,0.0,0.0,0.0,0.0,0,-107875648.0,63,0.0,126,2.7184242562605685e+23,-0.0,ERR,ERR,ERR,ERR,ERR,ERR,ERR,ERR,ERR,ERR,ERR,ERR,ERR,ERR,ERR,ERR,ERR,ERR,ERR,ERR,ERR,ERR,ERR,ERR,ERR,ERR,ERR,ERR,ERR,ERR,ERR,ERR,ERR,ERR,ERR,ERR,ERR,ERR,ERR,ERR,ERR,ERR,ERR,ERR,ERR,ERR,ERR,ERR,ERR,ERR,ERR,ERR,ERR,ERR,ERR,ERR,ERR,ERR,ERR,ERR,ERR,ERR,ERR,ERR,ERR,ERR,ERR,34.0,80.0,35,0.0,0.0,0.0,0.0,0.0,0.0,0.0,0.0,0.0,0.0,0.0,0.0,0.0,0.0,0.0,0.0,64.4,0,117,56,50,65476,0,300,0,0,8,20529,65476,0,0,57672,80.0,0.0,0.0,0.0,0.0,0.0
2026-06-17T04:13:54,ERR,ERR,ERR,ERR,ERR,ERR,ERR,ERR,ERR,ERR,ERR,ERR,ERR,ERR,ERR,ERR,ERR,ERR,ERR,ERR,ERR,ERR,ERR,ERR,ERR,ERR,ERR,ERR,ERR,ERR,ERR,ERR,ERR,ERR,ERR,ERR,ERR,ERR,ERR,ERR,ERR,ERR,ERR,ERR,ERR,ERR,ERR,ERR,ERR,ERR,ERR,ERR,ERR,ERR,ERR,ERR,ERR,ERR,ERR,ERR,ERR,ERR,ERR,ERR,ERR,ERR,ERR,ERR,ERR,ERR,ERR,ERR,ERR,ERR,ERR,ERR,ERR,ERR,ERR,ERR,ERR,ERR,ERR,ERR,ERR,ERR,ERR,ERR,ERR,ERR,ERR,ERR,ERR,ERR,ERR,ERR,ERR,ERR,ERR,ERR,ERR,ERR,ERR,ERR,ERR,ERR,ERR,ERR,ERR,ERR,ERR,ERR,ERR,ERR,ERR,ERR,ERR,ERR,ERR,ERR,ERR,ERR,ERR,ERR,ERR,0.0,0.0,0.0,0.0,0.0,1.3936040501711995e+18,7.805,0.0,0,0,4,0,7300,-0.0,0,0.0,0.0,0.0,0.0,0.0,0,0,0,0,0.0,0,0,0,0,0,0,0,0,0,0,0,0,0,0,0,0,0,0,0,0,0,0,0,0,0,0,0,0,0,0,0,0,0,32,30,30,62,65476,0,300,0,0,8,21553,0.0,-107605600.0,0.0,0.0,0.0,0.0,0.0,0.0,0.0,0.0,0.0,0.0,0.0,0.0,0.0,0.0,0.0,0.0,0.0,0.0,0.0,0.0,2.004,2.004,-0.0,0.0,0.0,0.0,0.0,0.0,5489.0,-1.587932186534166e+29,6947.0,0.0,0.0,-107615280.0,-107615328.0,0.0,0.0,0.0,0.0,63,-0.0,89220.719,0.0,0.0,0.0,0.0,0.0,0.0,0.0,0,0,0,0.0,0.0,0.0,0.0,0.0,0.0,0.0,0.0,0.0,0.0,0.0,0.0,0.0,0.0,0.0,0.0,0,-107875648.0,63,0.0,126,2.7184242562605685e+23,-0.0,ERR,ERR,ERR,ERR,ERR,ERR,ERR,ERR,ERR,ERR,ERR,ERR,ERR,ERR,ERR,ERR,ERR,ERR,ERR,ERR,ERR,ERR,ERR,ERR,ERR,ERR,ERR,ERR,ERR,ERR,ERR,ERR,ERR,ERR,ERR,ERR,ERR,ERR,ERR,ERR,ERR,ERR,ERR,ERR,ERR,ERR,ERR,ERR,ERR,ERR,ERR,ERR,ERR,ERR,ERR,ERR,ERR,ERR,ERR,ERR,ERR,ERR,ERR,ERR,ERR,ERR,ERR,34.0,80.0,35,0.0,0.0,0.0,0.0,0.0,0.0,0.0,0.0,0.0,0.0,0.0,0.0,0.0,0.0,0.0,0.0,64.4,0,117,56,50,65476,0,300,0,0,8,20529,65476,0,0,57672,80.0,0.0,0.0,0.0,0.0,0.0
2026-06-17T04:13:55,ERR,ERR,ERR,ERR,ERR,ERR,ERR,ERR,ERR,ERR,ERR,ERR,ERR,ERR,ERR,ERR,ERR,ERR,ERR,ERR,ERR,ERR,ERR,ERR,ERR,ERR,ERR,ERR,ERR,ERR,ERR,ERR,ERR,ERR,ERR,ERR,ERR,ERR,ERR,ERR,ERR,ERR,ERR,ERR,ERR,ERR,ERR,ERR,ERR,ERR,ERR,ERR,ERR,ERR,ERR,ERR,ERR,ERR,ERR,ERR,ERR,ERR,ERR,ERR,ERR,ERR,ERR,ERR,ERR,ERR,ERR,ERR,ERR,ERR,ERR,ERR,ERR,ERR,ERR,ERR,ERR,ERR,ERR,ERR,ERR,ERR,ERR,ERR,ERR,ERR,ERR,ERR,ERR,ERR,ERR,ERR,ERR,ERR,ERR,ERR,ERR,ERR,ERR,ERR,ERR,ERR,ERR,ERR,ERR,ERR,ERR,ERR,ERR,ERR,ERR,ERR,ERR,ERR,ERR,ERR,ERR,ERR,ERR,ERR,ERR,0.0,0.0,0.0,0.0,0.0,1.3936040501711995e+18,7.805,0.0,0,0,4,0,7300,-0.0,0,0.0,0.0,0.0,0.0,0.0,0,0,0,0,0.0,0,0,0,0,0,0,0,0,0,0,0,0,0,0,0,0,0,0,0,0,0,0,0,0,0,0,0,0,0,0,0,0,0,32,30,30,62,65476,0,300,0,0,8,21553,0.0,-107605600.0,0.0,0.0,0.0,0.0,0.0,0.0,0.0,0.0,0.0,0.0,0.0,0.0,0.0,0.0,0.0,0.0,0.0,0.0,0.0,0.0,2.004,2.004,-0.0,0.0,0.0,0.0,0.0,0.0,5489.0,-1.587932186534166e+29,6947.0,0.0,0.0,-107615280.0,-107615328.0,0.0,0.0,0.0,0.0,63,-0.0,89220.719,0.0,0.0,0.0,0.0,0.0,0.0,0.0,0,0,0,0.0,0.0,0.0,0.0,0.0,0.0,0.0,0.0,0.0,0.0,0.0,0.0,0.0,0.0,0.0,0.0,0,-107875648.0,63,0.0,126,2.7184242562605685e+23,-0.0,ERR,ERR,ERR,ERR,ERR,ERR,ERR,ERR,ERR,ERR,ERR,ERR,ERR,ERR,ERR,ERR,ERR,ERR,ERR,ERR,ERR,ERR,ERR,ERR,ERR,ERR,ERR,ERR,ERR,ERR,ERR,ERR,ERR,ERR,ERR,ERR,ERR,ERR,ERR,ERR,ERR,ERR,ERR,ERR,ERR,ERR,ERR,ERR,ERR,ERR,ERR,ERR,ERR,ERR,ERR,ERR,ERR,ERR,ERR,ERR,ERR,ERR,ERR,ERR,ERR,ERR,ERR,34.0,80.0,35,0.0,0.0,0.0,0.0,0.0,0.0,0.0,0.0,0.0,0.0,0.0,0.0,0.0,0.0,0.0,0.0,64.8,0,117,56,50,65476,0,300,0,0,8,20529,65476,0,0,57672,80.0,0.0,0.0,0.0,0.0,0.0
2026-06-17T04:13:56,ERR,ERR,ERR,ERR,ERR,ERR,ERR,ERR,ERR,ERR,ERR,ERR,ERR,ERR,ERR,ERR,ERR,ERR,ERR,ERR,ERR,ERR,ERR,ERR,ERR,ERR,ERR,ERR,ERR,ERR,ERR,ERR,ERR,ERR,ERR,ERR,ERR,ERR,ERR,ERR,ERR,ERR,ERR,ERR,ERR,ERR,ERR,ERR,ERR,ERR,ERR,ERR,ERR,ERR,ERR,ERR,ERR,ERR,ERR,ERR,ERR,ERR,ERR,ERR,ERR,ERR,ERR,ERR,ERR,ERR,ERR,ERR,ERR,ERR,ERR,ERR,ERR,ERR,ERR,ERR,ERR,ERR,ERR,ERR,ERR,ERR,ERR,ERR,ERR,ERR,ERR,ERR,ERR,ERR,ERR,ERR,ERR,ERR,ERR,ERR,ERR,ERR,ERR,ERR,ERR,ERR,ERR,ERR,ERR,ERR,ERR,ERR,ERR,ERR,ERR,ERR,ERR,ERR,ERR,ERR,ERR,ERR,ERR,ERR,ERR,0.0,0.0,0.0,0.0,0.0,1.3936040501711995e+18,7.805,0.0,0,0,4,0,7300,-0.0,0,0.0,0.0,0.0,0.0,0.0,0,0,0,0,0.0,0,0,0,0,0,0,0,0,0,0,0,0,0,0,0,0,0,0,0,0,0,0,0,0,0,0,0,0,0,0,0,0,0,32,30,30,62,65476,0,300,0,0,8,21553,0.0,-107605600.0,0.0,0.0,0.0,0.0,0.0,0.0,0.0,0.0,0.0,0.0,0.0,0.0,0.0,0.0,0.0,0.0,0.0,0.0,0.0,0.0,2.004,2.004,-0.0,0.0,0.0,0.0,0.0,0.0,5489.0,-1.587932186534166e+29,6947.0,0.0,0.0,-107615280.0,-107615328.0,0.0,0.0,0.0,0.0,63,-0.0,89220.719,0.0,0.0,0.0,0.0,0.0,0.0,0.0,0,0,0,0.0,0.0,0.0,0.0,0.0,0.0,0.0,0.0,0.0,0.0,0.0,0.0,0.0,0.0,0.0,0.0,0,-107875648.0,63,0.0,126,2.7184242562605685e+23,-0.0,ERR,ERR,ERR,ERR,ERR,ERR,ERR,ERR,ERR,ERR,ERR,ERR,ERR,ERR,ERR,ERR,ERR,ERR,ERR,ERR,ERR,ERR,ERR,ERR,ERR,ERR,ERR,ERR,ERR,ERR,ERR,ERR,ERR,ERR,ERR,ERR,ERR,ERR,ERR,ERR,ERR,ERR,ERR,ERR,ERR,ERR,ERR,ERR,ERR,ERR,ERR,ERR,ERR,ERR,ERR,ERR,ERR,ERR,ERR,ERR,ERR,ERR,ERR,ERR,ERR,ERR,ERR,34.0,80.0,35,0.0,0.0,0.0,0.0,0.0,0.0,0.0,0.0,0.0,0.0,0.0,0.0,0.0,0.0,0.0,0.0,64.8,0,117,56,50,65476,0,300,0,0,8,20529,65476,0,0,57672,80.0,0.0,0.0,0.0,0.0,0.0
2026-06-17T04:13:57,ERR,ERR,ERR,ERR,ERR,ERR,ERR,ERR,ERR,ERR,ERR,ERR,ERR,ERR,ERR,ERR,ERR,ERR,ERR,ERR,ERR,ERR,ERR,ERR,ERR,ERR,ERR,ERR,ERR,ERR,ERR,ERR,ERR,ERR,ERR,ERR,ERR,ERR,ERR,ERR,ERR,ERR,ERR,ERR,ERR,ERR,ERR,ERR,ERR,ERR,ERR,ERR,ERR,ERR,ERR,ERR,ERR,ERR,ERR,ERR,ERR,ERR,ERR,ERR,ERR,ERR,ERR,ERR,ERR,ERR,ERR,ERR,ERR,ERR,ERR,ERR,ERR,ERR,ERR,ERR,ERR,ERR,ERR,ERR,ERR,ERR,ERR,ERR,ERR,ERR,ERR,ERR,ERR,ERR,ERR,ERR,ERR,ERR,ERR,ERR,ERR,ERR,ERR,ERR,ERR,ERR,ERR,ERR,ERR,ERR,ERR,ERR,ERR,ERR,ERR,ERR,ERR,ERR,ERR,ERR,ERR,ERR,ERR,ERR,ERR,0.0,0.0,0.0,0.0,0.0,1.3936040501711995e+18,7.805,0.0,0,0,4,0,7300,-0.0,0,0.0,0.0,0.0,0.0,0.0,0,0,0,0,0.0,0,0,0,0,0,0,0,0,0,0,0,0,0,0,0,0,0,0,0,0,0,0,0,0,0,0,0,0,0,0,0,0,0,32,30,30,62,65476,0,300,0,0,8,21553,0.0,-107605600.0,0.0,0.0,0.0,0.0,0.0,0.0,0.0,0.0,0.0,0.0,0.0,0.0,0.0,0.0,0.0,0.0,0.0,0.0,0.0,0.0,2.004,2.004,-0.0,0.0,0.0,0.0,0.0,0.0,5489.0,-1.587932186534166e+29,6947.0,0.0,0.0,-107615280.0,-107615328.0,0.0,0.0,0.0,0.0,63,-0.0,89220.719,0.0,0.0,0.0,0.0,0.0,0.0,0.0,0,0,0,0.0,0.0,0.0,0.0,0.0,0.0,0.0,0.0,0.0,0.0,0.0,0.0,0.0,0.0,0.0,0.0,0,-107875648.0,63,0.0,126,2.7184242562605685e+23,-0.0,ERR,ERR,ERR,ERR,ERR,ERR,ERR,ERR,ERR,ERR,ERR,ERR,ERR,ERR,ERR,ERR,ERR,ERR,ERR,ERR,ERR,ERR,ERR,ERR,ERR,ERR,ERR,ERR,ERR,ERR,ERR,ERR,ERR,ERR,ERR,ERR,ERR,ERR,ERR,ERR,ERR,ERR,ERR,ERR,ERR,ERR,ERR,ERR,ERR,ERR,ERR,ERR,ERR,ERR,ERR,ERR,ERR,ERR,ERR,ERR,ERR,ERR,ERR,ERR,ERR,ERR,ERR,34.0,80.0,35,0.0,0.0,0.0,0.0,0.0,0.0,0.0,0.0,0.0,0.0,0.0,0.0,0.0,0.0,0.0,0.0,64.4,0,117,56,50,65476,0,300,0,0,8,20529,65476,0,0,57672,80.0,0.0,0.0,0.0,0.0,0.0
2026-06-17T04:13:58,ERR,ERR,ERR,ERR,ERR,ERR,ERR,ERR,ERR,ERR,ERR,ERR,ERR,ERR,ERR,ERR,ERR,ERR,ERR,ERR,ERR,ERR,ERR,ERR,ERR,ERR,ERR,ERR,ERR,ERR,ERR,ERR,ERR,ERR,ERR,ERR,ERR,ERR,ERR,ERR,ERR,ERR,ERR,ERR,ERR,ERR,ERR,ERR,ERR,ERR,ERR,ERR,ERR,ERR,ERR,ERR,ERR,ERR,ERR,ERR,ERR,ERR,ERR,ERR,ERR,ERR,ERR,ERR,ERR,ERR,ERR,ERR,ERR,ERR,ERR,ERR,ERR,ERR,ERR,ERR,ERR,ERR,ERR,ERR,ERR,ERR,ERR,ERR,ERR,ERR,ERR,ERR,ERR,ERR,ERR,ERR,ERR,ERR,ERR,ERR,ERR,ERR,ERR,ERR,ERR,ERR,ERR,ERR,ERR,ERR,ERR,ERR,ERR,ERR,ERR,ERR,ERR,ERR,ERR,ERR,ERR,ERR,ERR,ERR,ERR,0.0,0.0,0.0,0.0,0.0,1.3936040501711995e+18,7.805,0.0,0,0,4,0,7300,-0.0,0,0.0,0.0,0.0,0.0,0.0,0,0,0,0,0.0,0,0,0,0,0,0,0,0,0,0,0,0,0,0,0,0,0,0,0,0,0,0,0,0,0,0,0,0,0,0,0,0,0,32,30,30,62,65476,0,300,0,0,8,21553,0.0,-107605600.0,0.0,0.0,0.0,0.0,0.0,0.0,0.0,0.0,0.0,0.0,0.0,0.0,0.0,0.0,0.0,0.0,0.0,0.0,0.0,0.0,2.004,2.004,-0.0,0.0,0.0,0.0,0.0,0.0,5489.0,-1.587932186534166e+29,6947.0,0.0,0.0,-107615280.0,-107615328.0,0.0,0.0,0.0,0.0,63,-0.0,89220.719,0.0,0.0,0.0,0.0,0.0,0.0,0.0,0,0,0,0.0,0.0,0.0,0.0,0.0,0.0,0.0,0.0,0.0,0.0,0.0,0.0,0.0,0.0,0.0,0.0,0,-107875648.0,63,0.0,126,2.7184242562605685e+23,-0.0,ERR,ERR,ERR,ERR,ERR,ERR,ERR,ERR,ERR,ERR,ERR,ERR,ERR,ERR,ERR,ERR,ERR,ERR,ERR,ERR,ERR,ERR,ERR,ERR,ERR,ERR,ERR,ERR,ERR,ERR,ERR,ERR,ERR,ERR,ERR,ERR,ERR,ERR,ERR,ERR,ERR,ERR,ERR,ERR,ERR,ERR,ERR,ERR,ERR,ERR,ERR,ERR,ERR,ERR,ERR,ERR,ERR,ERR,ERR,ERR,ERR,ERR,ERR,ERR,ERR,ERR,ERR,34.0,80.0,35,0.0,0.0,0.0,0.0,0.0,0.0,0.0,0.0,0.0,0.0,0.0,0.0,0.0,0.0,0.0,0.0,64.4,0,117,56,50,65476,0,300,0,0,8,20529,65476,0,0,57672,80.0,0.0,0.0,0.0,0.0,0.0
2026-06-17T04:13:59,ERR,ERR,ERR,ERR,ERR,ERR,ERR,ERR,ERR,ERR,ERR,ERR,ERR,ERR,ERR,ERR,ERR,ERR,ERR,ERR,ERR,ERR,ERR,ERR,ERR,ERR,ERR,ERR,ERR,ERR,ERR,ERR,ERR,ERR,ERR,ERR,ERR,ERR,ERR,ERR,ERR,ERR,ERR,ERR,ERR,ERR,ERR,ERR,ERR,ERR,ERR,ERR,ERR,ERR,ERR,ERR,ERR,ERR,ERR,ERR,ERR,ERR,ERR,ERR,ERR,ERR,ERR,ERR,ERR,ERR,ERR,ERR,ERR,ERR,ERR,ERR,ERR,ERR,ERR,ERR,ERR,ERR,ERR,ERR,ERR,ERR,ERR,ERR,ERR,ERR,ERR,ERR,ERR,ERR,ERR,ERR,ERR,ERR,ERR,ERR,ERR,ERR,ERR,ERR,ERR,ERR,ERR,ERR,ERR,ERR,ERR,ERR,ERR,ERR,ERR,ERR,ERR,ERR,ERR,ERR,ERR,ERR,ERR,ERR,ERR,0.0,0.0,0.0,0.0,0.0,1.3936040501711995e+18,7.805,0.0,0,0,4,0,7300,-0.0,0,0.0,0.0,0.0,0.0,0.0,0,0,0,0,0.0,0,0,0,0,0,0,0,0,0,0,0,0,0,0,0,0,0,0,0,0,0,0,0,0,0,0,0,0,0,0,0,0,0,32,30,30,62,65476,0,300,0,0,8,21553,0.0,-107605600.0,0.0,0.0,0.0,0.0,0.0,0.0,0.0,0.0,0.0,0.0,0.0,0.0,0.0,0.0,0.0,0.0,0.0,0.0,0.0,0.0,2.004,2.004,-0.0,0.0,0.0,0.0,0.0,0.0,5489.0,-1.587932186534166e+29,6947.0,0.0,0.0,-107615280.0,-107615328.0,0.0,0.0,0.0,0.0,63,-0.0,89220.719,0.0,0.0,0.0,0.0,0.0,0.0,0.0,0,0,0,0.0,0.0,0.0,0.0,0.0,0.0,0.0,0.0,0.0,0.0,0.0,0.0,0.0,0.0,0.0,0.0,0,-107875648.0,63,0.0,126,2.7184242562605685e+23,-0.0,ERR,ERR,ERR,ERR,ERR,ERR,ERR,ERR,ERR,ERR,ERR,ERR,ERR,ERR,ERR,ERR,ERR,ERR,ERR,ERR,ERR,ERR,ERR,ERR,ERR,ERR,ERR,ERR,ERR,ERR,ERR,ERR,ERR,ERR,ERR,ERR,ERR,ERR,ERR,ERR,ERR,ERR,ERR,ERR,ERR,ERR,ERR,ERR,ERR,ERR,ERR,ERR,ERR,ERR,ERR,ERR,ERR,ERR,ERR,ERR,ERR,ERR,ERR,ERR,ERR,ERR,ERR,34.0,80.0,35,0.0,0.0,0.0,0.0,0.0,0.0,0.0,0.0,0.0,0.0,0.0,0.0,0.0,0.0,0.0,0.0,64.4,0,117,56,50,65476,0,300,0,0,8,20529,65476,0,0,57672,80.0,0.0,0.0,0.0,0.0,0.0
2026-06-17T04:14:00,ERR,ERR,ERR,ERR,ERR,ERR,ERR,ERR,ERR,ERR,ERR,ERR,ERR,ERR,ERR,ERR,ERR,ERR,ERR,ERR,ERR,ERR,ERR,ERR,ERR,ERR,ERR,ERR,ERR,ERR,ERR,ERR,ERR,ERR,ERR,ERR,ERR,ERR,ERR,ERR,ERR,ERR,ERR,ERR,ERR,ERR,ERR,ERR,ERR,ERR,ERR,ERR,ERR,ERR,ERR,ERR,ERR,ERR,ERR,ERR,ERR,ERR,ERR,ERR,ERR,ERR,ERR,ERR,ERR,ERR,ERR,ERR,ERR,ERR,ERR,ERR,ERR,ERR,ERR,ERR,ERR,ERR,ERR,ERR,ERR,ERR,ERR,ERR,ERR,ERR,ERR,ERR,ERR,ERR,ERR,ERR,ERR,ERR,ERR,ERR,ERR,ERR,ERR,ERR,ERR,ERR,ERR,ERR,ERR,ERR,ERR,ERR,ERR,ERR,ERR,ERR,ERR,ERR,ERR,ERR,ERR,ERR,ERR,ERR,ERR,0.0,0.0,0.0,0.0,0.0,1.3936040501711995e+18,7.805,0.0,0,0,4,0,7300,-0.0,0,0.0,0.0,0.0,0.0,0.0,0,0,0,0,0.0,0,0,0,0,0,0,0,0,0,0,0,0,0,0,0,0,0,0,0,0,0,0,0,0,0,0,0,0,0,0,0,0,0,32,30,30,62,65476,0,300,0,0,8,21553,0.0,-107605600.0,0.0,0.0,0.0,0.0,0.0,0.0,0.0,0.0,0.0,0.0,0.0,0.0,0.0,0.0,0.0,0.0,0.0,0.0,0.0,0.0,2.004,2.004,-0.0,0.0,0.0,0.0,0.0,0.0,5520.0,-0.0,6965.0,0.0,0.0,-107615280.0,-107615328.0,0.0,0.0,0.0,0.0,63,-0.0,0.0,0.0,0.0,0.0,0.0,0.0,0.0,0.0,0,0,0,0.0,0.0,0.0,0.0,0.0,0.0,0.0,0.0,0.0,0.0,0.0,0.0,0.0,0.0,0.0,0.0,0,-107875648.0,63,0.0,126,2.7184242562605685e+23,-0.0,ERR,ERR,ERR,ERR,ERR,ERR,ERR,ERR,ERR,ERR,ERR,ERR,ERR,ERR,ERR,ERR,ERR,ERR,ERR,ERR,ERR,ERR,ERR,ERR,ERR,ERR,ERR,ERR,ERR,ERR,ERR,ERR,ERR,ERR,ERR,ERR,ERR,ERR,ERR,ERR,ERR,ERR,ERR,ERR,ERR,ERR,ERR,ERR,ERR,ERR,ERR,ERR,ERR,ERR,ERR,ERR,ERR,ERR,ERR,ERR,ERR,ERR,ERR,ERR,ERR,ERR,ERR,34.0,80.0,35,0.0,0.0,0.0,0.0,0.0,0.0,0.0,0.0,0.0,0.0,0.0,0.0,0.0,0.0,0.0,0.0,64.4,0,117,56,50,65476,0,300,0,0,8,20529,65476,0,0,57672,80.0,0.0,0.0,0.0,0.0,0.0
2026-06-17T04:14:01,ERR,ERR,ERR,ERR,ERR,ERR,ERR,ERR,ERR,ERR,ERR,ERR,ERR,ERR,ERR,ERR,ERR,ERR,ERR,ERR,ERR,ERR,ERR,ERR,ERR,ERR,ERR,ERR,ERR,ERR,ERR,ERR,ERR,ERR,ERR,ERR,ERR,ERR,ERR,ERR,ERR,ERR,ERR,ERR,ERR,ERR,ERR,ERR,ERR,ERR,ERR,ERR,ERR,ERR,ERR,ERR,ERR,ERR,ERR,ERR,ERR,ERR,ERR,ERR,ERR,ERR,ERR,ERR,ERR,ERR,ERR,ERR,ERR,ERR,ERR,ERR,ERR,ERR,ERR,ERR,ERR,ERR,ERR,ERR,ERR,ERR,ERR,ERR,ERR,ERR,ERR,ERR,ERR,ERR,ERR,ERR,ERR,ERR,ERR,ERR,ERR,ERR,ERR,ERR,ERR,ERR,ERR,ERR,ERR,ERR,ERR,ERR,ERR,ERR,ERR,ERR,ERR,ERR,ERR,ERR,ERR,ERR,ERR,ERR,ERR,0.0,0.0,0.0,0.0,0.0,1.3936040501711995e+18,7.805,0.0,0,0,4,0,7300,-0.0,0,0.0,0.0,0.0,0.0,0.0,0,0,0,0,0.0,0,0,0,0,0,0,0,0,0,0,0,0,0,0,0,0,0,0,0,0,0,0,0,0,0,0,0,0,0,0,0,0,0,32,30,30,62,65476,0,300,0,0,8,21553,0.0,-107605600.0,0.0,0.0,0.0,0.0,0.0,0.0,0.0,0.0,0.0,0.0,0.0,0.0,0.0,0.0,0.0,0.0,0.0,0.0,0.0,0.0,2.004,2.004,-0.0,0.0,0.0,0.0,0.0,0.0,5520.0,-0.0,6965.0,0.0,0.0,-107615280.0,-107615328.0,0.0,0.0,0.0,0.0,63,-0.0,0.0,0.0,0.0,0.0,0.0,0.0,0.0,0.0,0,0,0,0.0,0.0,0.0,0.0,0.0,0.0,0.0,0.0,0.0,0.0,0.0,0.0,0.0,0.0,0.0,0.0,0,-107875648.0,63,0.0,126,2.7184242562605685e+23,-0.0,ERR,ERR,ERR,ERR,ERR,ERR,ERR,ERR,ERR,ERR,ERR,ERR,ERR,ERR,ERR,ERR,ERR,ERR,ERR,ERR,ERR,ERR,ERR,ERR,ERR,ERR,ERR,ERR,ERR,ERR,ERR,ERR,ERR,ERR,ERR,ERR,ERR,ERR,ERR,ERR,ERR,ERR,ERR,ERR,ERR,ERR,ERR,ERR,ERR,ERR,ERR,ERR,ERR,ERR,ERR,ERR,ERR,ERR,ERR,ERR,ERR,ERR,ERR,ERR,ERR,ERR,ERR,34.0,80.0,35,0.0,0.0,0.0,0.0,0.0,0.0,0.0,0.0,0.0,0.0,0.0,0.0,0.0,0.0,0.0,0.0,64.4,0,117,56,50,65476,0,300,0,0,8,20529,65476,0,0,57672,80.0,0.0,0.0,0.0,0.0,0.0
2026-06-17T04:14:02,ERR,ERR,ERR,ERR,ERR,ERR,ERR,ERR,ERR,ERR,ERR,ERR,ERR,ERR,ERR,ERR,ERR,ERR,ERR,ERR,ERR,ERR,ERR,ERR,ERR,ERR,ERR,ERR,ERR,ERR,ERR,ERR,ERR,ERR,ERR,ERR,ERR,ERR,ERR,ERR,ERR,ERR,ERR,ERR,ERR,ERR,ERR,ERR,ERR,ERR,ERR,ERR,ERR,ERR,ERR,ERR,ERR,ERR,ERR,ERR,ERR,ERR,ERR,ERR,ERR,ERR,ERR,ERR,ERR,ERR,ERR,ERR,ERR,ERR,ERR,ERR,ERR,ERR,ERR,ERR,ERR,ERR,ERR,ERR,ERR,ERR,ERR,ERR,ERR,ERR,ERR,ERR,ERR,ERR,ERR,ERR,ERR,ERR,ERR,ERR,ERR,ERR,ERR,ERR,ERR,ERR,ERR,ERR,ERR,ERR,ERR,ERR,ERR,ERR,ERR,ERR,ERR,ERR,ERR,ERR,ERR,ERR,ERR,ERR,ERR,0.0,0.0,0.0,0.0,0.0,1.3936040501711995e+18,7.805,0.0,0,0,4,0,7300,-0.0,0,0.0,0.0,0.0,0.0,0.0,0,0,0,0,0.0,0,0,0,0,0,0,0,0,0,0,0,0,0,0,0,0,0,0,0,0,0,0,0,0,0,0,0,0,0,0,0,0,0,32,30,30,62,65476,0,300,0,0,8,21553,0.0,-107605600.0,0.0,0.0,0.0,0.0,0.0,0.0,0.0,0.0,0.0,0.0,0.0,0.0,0.0,0.0,0.0,0.0,0.0,0.0,0.0,0.0,2.004,2.004,-0.0,0.0,0.0,0.0,0.0,0.0,5520.0,-0.0,6965.0,0.0,0.0,-107615280.0,-107615328.0,0.0,0.0,0.0,0.0,63,-0.0,0.0,0.0,0.0,0.0,0.0,0.0,0.0,0.0,0,0,0,0.0,0.0,0.0,0.0,0.0,0.0,0.0,0.0,0.0,0.0,0.0,0.0,0.0,0.0,0.0,0.0,0,-107875648.0,63,0.0,126,2.7184242562605685e+23,-0.0,ERR,ERR,ERR,ERR,ERR,ERR,ERR,ERR,ERR,ERR,ERR,ERR,ERR,ERR,ERR,ERR,ERR,ERR,ERR,ERR,ERR,ERR,ERR,ERR,ERR,ERR,ERR,ERR,ERR,ERR,ERR,ERR,ERR,ERR,ERR,ERR,ERR,ERR,ERR,ERR,ERR,ERR,ERR,ERR,ERR,ERR,ERR,ERR,ERR,ERR,ERR,ERR,ERR,ERR,ERR,ERR,ERR,ERR,ERR,ERR,ERR,ERR,ERR,ERR,ERR,ERR,ERR,34.0,80.0,35,0.0,0.0,0.0,0.0,0.0,0.0,0.0,0.0,0.0,0.0,0.0,0.0,0.0,0.0,0.0,0.0,64.4,0,117,56,50,65476,0,300,0,0,8,20529,65476,0,0,57672,80.0,0.0,0.0,0.0,0.0,0.0
2026-06-17T04:14:03,ERR,ERR,ERR,ERR,ERR,ERR,ERR,ERR,ERR,ERR,ERR,ERR,ERR,ERR,ERR,ERR,ERR,ERR,ERR,ERR,ERR,ERR,ERR,ERR,ERR,ERR,ERR,ERR,ERR,ERR,ERR,ERR,ERR,ERR,ERR,ERR,ERR,ERR,ERR,ERR,ERR,ERR,ERR,ERR,ERR,ERR,ERR,ERR,ERR,ERR,ERR,ERR,ERR,ERR,ERR,ERR,ERR,ERR,ERR,ERR,ERR,ERR,ERR,ERR,ERR,ERR,ERR,ERR,ERR,ERR,ERR,ERR,ERR,ERR,ERR,ERR,ERR,ERR,ERR,ERR,ERR,ERR,ERR,ERR,ERR,ERR,ERR,ERR,ERR,ERR,ERR,ERR,ERR,ERR,ERR,ERR,ERR,ERR,ERR,ERR,ERR,ERR,ERR,ERR,ERR,ERR,ERR,ERR,ERR,ERR,ERR,ERR,ERR,ERR,ERR,ERR,ERR,ERR,ERR,ERR,ERR,ERR,ERR,ERR,ERR,0.0,0.0,0.0,0.0,0.0,1.3936040501711995e+18,7.805,0.0,0,0,4,0,7300,-0.0,0,0.0,0.0,0.0,0.0,0.0,0,0,0,0,0.0,0,0,0,0,0,0,0,0,0,0,0,0,0,0,0,0,0,0,0,0,0,0,0,0,0,0,0,0,0,0,0,0,0,32,30,30,62,65476,0,300,0,0,8,21553,0.0,-107605600.0,0.0,0.0,0.0,0.0,0.0,0.0,0.0,0.0,0.0,0.0,0.0,0.0,0.0,0.0,0.0,0.0,0.0,0.0,0.0,0.0,2.004,2.004,-0.0,0.0,0.0,0.0,0.0,0.0,5520.0,-0.0,6965.0,0.0,0.0,-107615280.0,-107615328.0,0.0,0.0,0.0,0.0,63,-0.0,0.0,0.0,0.0,0.0,0.0,0.0,0.0,0.0,0,0,0,0.0,0.0,0.0,0.0,0.0,0.0,0.0,0.0,0.0,0.0,0.0,0.0,0.0,0.0,0.0,0.0,0,-107875648.0,63,0.0,126,2.7184242562605685e+23,-0.0,ERR,ERR,ERR,ERR,ERR,ERR,ERR,ERR,ERR,ERR,ERR,ERR,ERR,ERR,ERR,ERR,ERR,ERR,ERR,ERR,ERR,ERR,ERR,ERR,ERR,ERR,ERR,ERR,ERR,ERR,ERR,ERR,ERR,ERR,ERR,ERR,ERR,ERR,ERR,ERR,ERR,ERR,ERR,ERR,ERR,ERR,ERR,ERR,ERR,ERR,ERR,ERR,ERR,ERR,ERR,ERR,ERR,ERR,ERR,ERR,ERR,ERR,ERR,ERR,ERR,ERR,ERR,34.0,80.0,35,0.0,0.0,0.0,0.0,0.0,0.0,0.0,0.0,0.0,0.0,0.0,0.0,0.0,0.0,0.0,0.0,64.4,0,117,56,50,65476,0,300,0,0,8,20529,65476,0,0,57672,80.0,0.0,0.0,0.0,0.0,0.0
2026-06-17T04:14:04,ERR,ERR,ERR,ERR,ERR,ERR,ERR,ERR,ERR,ERR,ERR,ERR,ERR,ERR,ERR,ERR,ERR,ERR,ERR,ERR,ERR,ERR,ERR,ERR,ERR,ERR,ERR,ERR,ERR,ERR,ERR,ERR,ERR,ERR,ERR,ERR,ERR,ERR,ERR,ERR,ERR,ERR,ERR,ERR,ERR,ERR,ERR,ERR,ERR,ERR,ERR,ERR,ERR,ERR,ERR,ERR,ERR,ERR,ERR,ERR,ERR,ERR,ERR,ERR,ERR,ERR,ERR,ERR,ERR,ERR,ERR,ERR,ERR,ERR,ERR,ERR,ERR,ERR,ERR,ERR,ERR,ERR,ERR,ERR,ERR,ERR,ERR,ERR,ERR,ERR,ERR,ERR,ERR,ERR,ERR,ERR,ERR,ERR,ERR,ERR,ERR,ERR,ERR,ERR,ERR,ERR,ERR,ERR,ERR,ERR,ERR,ERR,ERR,ERR,ERR,ERR,ERR,ERR,ERR,ERR,ERR,ERR,ERR,ERR,ERR,0.0,0.0,0.0,0.0,0.0,1.3936040501711995e+18,7.805,0.0,0,0,4,0,7300,-0.0,0,0.0,0.0,0.0,0.0,0.0,0,0,0,0,0.0,0,0,0,0,0,0,0,0,0,0,0,0,0,0,0,0,0,0,0,0,0,0,0,0,0,0,0,0,0,0,0,0,0,32,30,30,62,65476,0,300,0,0,8,21553,0.0,-107605600.0,0.0,0.0,0.0,0.0,0.0,0.0,0.0,0.0,0.0,0.0,0.0,0.0,0.0,0.0,0.0,0.0,0.0,0.0,0.0,0.0,2.004,2.004,-0.0,0.0,0.0,0.0,0.0,0.0,5520.0,-0.0,6965.0,0.0,0.0,-107615280.0,-107615328.0,0.0,0.0,0.0,0.0,63,-0.0,0.0,0.0,0.0,0.0,0.0,0.0,0.0,0.0,0,0,0,0.0,0.0,0.0,0.0,0.0,0.0,0.0,0.0,0.0,0.0,0.0,0.0,0.0,0.0,0.0,0.0,0,-107875648.0,63,0.0,126,2.7184242562605685e+23,-0.0,ERR,ERR,ERR,ERR,ERR,ERR,ERR,ERR,ERR,ERR,ERR,ERR,ERR,ERR,ERR,ERR,ERR,ERR,ERR,ERR,ERR,ERR,ERR,ERR,ERR,ERR,ERR,ERR,ERR,ERR,ERR,ERR,ERR,ERR,ERR,ERR,ERR,ERR,ERR,ERR,ERR,ERR,ERR,ERR,ERR,ERR,ERR,ERR,ERR,ERR,ERR,ERR,ERR,ERR,ERR,ERR,ERR,ERR,ERR,ERR,ERR,ERR,ERR,ERR,ERR,ERR,ERR,34.0,80.0,35,0.0,0.0,0.0,0.0,0.0,0.0,0.0,0.0,0.0,0.0,0.0,0.0,0.0,0.0,0.0,0.0,64.8,0,117,56,50,65476,0,300,0,0,8,20529,65476,0,0,57672,80.0,0.0,0.0,0.0,0.0,0.0
2026-06-17T04:14:05,ERR,ERR,ERR,ERR,ERR,ERR,ERR,ERR,ERR,ERR,ERR,ERR,ERR,ERR,ERR,ERR,ERR,ERR,ERR,ERR,ERR,ERR,ERR,ERR,ERR,ERR,ERR,ERR,ERR,ERR,ERR,ERR,ERR,ERR,ERR,ERR,ERR,ERR,ERR,ERR,ERR,ERR,ERR,ERR,ERR,ERR,ERR,ERR,ERR,ERR,ERR,ERR,ERR,ERR,ERR,ERR,ERR,ERR,ERR,ERR,ERR,ERR,ERR,ERR,ERR,ERR,ERR,ERR,ERR,ERR,ERR,ERR,ERR,ERR,ERR,ERR,ERR,ERR,ERR,ERR,ERR,ERR,ERR,ERR,ERR,ERR,ERR,ERR,ERR,ERR,ERR,ERR,ERR,ERR,ERR,ERR,ERR,ERR,ERR,ERR,ERR,ERR,ERR,ERR,ERR,ERR,ERR,ERR,ERR,ERR,ERR,ERR,ERR,ERR,ERR,ERR,ERR,ERR,ERR,ERR,ERR,ERR,ERR,ERR,ERR,0.0,0.0,0.0,0.0,0.0,1.3936040501711995e+18,7.805,0.0,0,0,4,0,7300,-0.0,0,0.0,0.0,0.0,0.0,0.0,0,0,0,0,0.0,0,0,0,0,0,0,0,0,0,0,0,0,0,0,0,0,0,0,0,0,0,0,0,0,0,0,0,0,0,0,0,0,0,32,30,30,62,65476,0,300,0,0,8,21553,0.0,-107605600.0,0.0,0.0,0.0,0.0,0.0,0.0,0.0,0.0,0.0,0.0,0.0,0.0,0.0,0.0,0.0,0.0,0.0,0.0,0.0,0.0,2.004,2.004,-0.0,0.0,0.0,0.0,0.0,0.0,5519.0,-1.040667361561035e+34,6944.0,0.0,0.0,-107615280.0,-107615328.0,0.0,0.0,0.0,0.0,63,-0.0,4.066861591590245e+29,0.0,0.0,0.0,0.0,0.0,0.0,0.0,0,0,0,0.0,0.0,0.0,0.0,0.0,0.0,0.0,0.0,0.0,0.0,0.0,0.0,0.0,0.0,0.0,0.0,0,-107875648.0,63,0.0,126,2.7184242562605685e+23,-0.0,ERR,ERR,ERR,ERR,ERR,ERR,ERR,ERR,ERR,ERR,ERR,ERR,ERR,ERR,ERR,ERR,ERR,ERR,ERR,ERR,ERR,ERR,ERR,ERR,ERR,ERR,ERR,ERR,ERR,ERR,ERR,ERR,ERR,ERR,ERR,ERR,ERR,ERR,ERR,ERR,ERR,ERR,ERR,ERR,ERR,ERR,ERR,ERR,ERR,ERR,ERR,ERR,ERR,ERR,ERR,ERR,ERR,ERR,ERR,ERR,ERR,ERR,ERR,ERR,ERR,ERR,ERR,34.0,80.0,35,0.0,0.0,0.0,0.0,0.0,0.0,0.0,0.0,0.0,0.0,0.0,0.0,0.0,0.0,0.0,0.0,64.8,0,117,56,50,65476,0,300,0,0,8,20529,65476,0,0,57672,80.0,0.0,0.0,0.0,0.0,0.0
2026-06-17T04:14:06,ERR,ERR,ERR,ERR,ERR,ERR,ERR,ERR,ERR,ERR,ERR,ERR,ERR,ERR,ERR,ERR,ERR,ERR,ERR,ERR,ERR,ERR,ERR,ERR,ERR,ERR,ERR,ERR,ERR,ERR,ERR,ERR,ERR,ERR,ERR,ERR,ERR,ERR,ERR,ERR,ERR,ERR,ERR,ERR,ERR,ERR,ERR,ERR,ERR,ERR,ERR,ERR,ERR,ERR,ERR,ERR,ERR,ERR,ERR,ERR,ERR,ERR,ERR,ERR,ERR,ERR,ERR,ERR,ERR,ERR,ERR,ERR,ERR,ERR,ERR,ERR,ERR,ERR,ERR,ERR,ERR,ERR,ERR,ERR,ERR,ERR,ERR,ERR,ERR,ERR,ERR,ERR,ERR,ERR,ERR,ERR,ERR,ERR,ERR,ERR,ERR,ERR,ERR,ERR,ERR,ERR,ERR,ERR,ERR,ERR,ERR,ERR,ERR,ERR,ERR,ERR,ERR,ERR,ERR,ERR,ERR,ERR,ERR,ERR,ERR,0.0,0.0,0.0,0.0,0.0,1.3936040501711995e+18,7.805,0.0,0,0,4,0,7300,-0.0,0,0.0,0.0,0.0,0.0,0.0,0,0,0,0,0.0,0,0,0,0,0,0,0,0,0,0,0,0,0,0,0,0,0,0,0,0,0,0,0,0,0,0,0,0,0,0,0,0,0,32,30,30,62,65476,0,300,0,0,8,21553,0.0,-107605600.0,0.0,0.0,0.0,0.0,0.0,0.0,0.0,0.0,0.0,0.0,0.0,0.0,0.0,0.0,0.0,0.0,0.0,0.0,0.0,0.0,2.004,2.004,-0.0,0.0,0.0,0.0,0.0,0.0,5519.0,-1.040667361561035e+34,6944.0,0.0,0.0,-107615280.0,-107615328.0,0.0,0.0,0.0,0.0,63,-0.0,4.066861591590245e+29,0.0,0.0,0.0,0.0,0.0,0.0,0.0,0,0,0,0.0,0.0,0.0,0.0,0.0,0.0,0.0,0.0,0.0,0.0,0.0,0.0,0.0,0.0,0.0,0.0,0,-107875648.0,63,0.0,126,2.7184242562605685e+23,-0.0,ERR,ERR,ERR,ERR,ERR,ERR,ERR,ERR,ERR,ERR,ERR,ERR,ERR,ERR,ERR,ERR,ERR,ERR,ERR,ERR,ERR,ERR,ERR,ERR,ERR,ERR,ERR,ERR,ERR,ERR,ERR,ERR,ERR,ERR,ERR,ERR,ERR,ERR,ERR,ERR,ERR,ERR,ERR,ERR,ERR,ERR,ERR,ERR,ERR,ERR,ERR,ERR,ERR,ERR,ERR,ERR,ERR,ERR,ERR,ERR,ERR,ERR,ERR,ERR,ERR,ERR,ERR,34.0,80.0,35,0.0,0.0,0.0,0.0,0.0,0.0,0.0,0.0,0.0,0.0,0.0,0.0,0.0,0.0,0.0,0.0,64.4,0,117,56,50,65476,0,300,0,0,8,20529,65476,0,0,57672,80.0,0.0,0.0,0.0,0.0,0.0
2026-06-17T04:14:07,ERR,ERR,ERR,ERR,ERR,ERR,ERR,ERR,ERR,ERR,ERR,ERR,ERR,ERR,ERR,ERR,ERR,ERR,ERR,ERR,ERR,ERR,ERR,ERR,ERR,ERR,ERR,ERR,ERR,ERR,ERR,ERR,ERR,ERR,ERR,ERR,ERR,ERR,ERR,ERR,ERR,ERR,ERR,ERR,ERR,ERR,ERR,ERR,ERR,ERR,ERR,ERR,ERR,ERR,ERR,ERR,ERR,ERR,ERR,ERR,ERR,ERR,ERR,ERR,ERR,ERR,ERR,ERR,ERR,ERR,ERR,ERR,ERR,ERR,ERR,ERR,ERR,ERR,ERR,ERR,ERR,ERR,ERR,ERR,ERR,ERR,ERR,ERR,ERR,ERR,ERR,ERR,ERR,ERR,ERR,ERR,ERR,ERR,ERR,ERR,ERR,ERR,ERR,ERR,ERR,ERR,ERR,ERR,ERR,ERR,ERR,ERR,ERR,ERR,ERR,ERR,ERR,ERR,ERR,ERR,ERR,ERR,ERR,ERR,ERR,0.0,0.0,0.0,0.0,0.0,1.3936040501711995e+18,7.805,0.0,0,0,4,0,7300,-0.0,0,0.0,0.0,0.0,0.0,0.0,0,0,0,0,0.0,0,0,0,0,0,0,0,0,0,0,0,0,0,0,0,0,0,0,0,0,0,0,0,0,0,0,0,0,0,0,0,0,0,32,30,30,62,65476,0,300,0,0,8,21553,0.0,-107605600.0,0.0,0.0,0.0,0.0,0.0,0.0,0.0,0.0,0.0,0.0,0.0,0.0,0.0,0.0,0.0,0.0,0.0,0.0,0.0,0.0,2.004,2.004,-0.0,0.0,0.0,0.0,0.0,0.0,5519.0,-1.040667361561035e+34,6944.0,0.0,0.0,-107615280.0,-107615328.0,0.0,0.0,0.0,0.0,63,-0.0,4.066861591590245e+29,0.0,0.0,0.0,0.0,0.0,0.0,0.0,0,0,0,0.0,0.0,0.0,0.0,0.0,0.0,0.0,0.0,0.0,0.0,0.0,0.0,0.0,0.0,0.0,0.0,0,-107875648.0,63,0.0,126,2.7184242562605685e+23,-0.0,ERR,ERR,ERR,ERR,ERR,ERR,ERR,ERR,ERR,ERR,ERR,ERR,ERR,ERR,ERR,ERR,ERR,ERR,ERR,ERR,ERR,ERR,ERR,ERR,ERR,ERR,ERR,ERR,ERR,ERR,ERR,ERR,ERR,ERR,ERR,ERR,ERR,ERR,ERR,ERR,ERR,ERR,ERR,ERR,ERR,ERR,ERR,ERR,ERR,ERR,ERR,ERR,ERR,ERR,ERR,ERR,ERR,ERR,ERR,ERR,ERR,ERR,ERR,ERR,ERR,ERR,ERR,34.0,80.0,35,0.0,0.0,0.0,0.0,0.0,0.0,0.0,0.0,0.0,0.0,0.0,0.0,0.0,0.0,0.0,0.0,64.4,0,117,56,50,65476,0,300,0,0,8,20529,65476,0,0,57672,80.0,0.0,0.0,0.0,0.0,0.0
2026-06-17T04:14:08,ERR,ERR,ERR,ERR,ERR,ERR,ERR,ERR,ERR,ERR,ERR,ERR,ERR,ERR,ERR,ERR,ERR,ERR,ERR,ERR,ERR,ERR,ERR,ERR,ERR,ERR,ERR,ERR,ERR,ERR,ERR,ERR,ERR,ERR,ERR,ERR,ERR,ERR,ERR,ERR,ERR,ERR,ERR,ERR,ERR,ERR,ERR,ERR,ERR,ERR,ERR,ERR,ERR,ERR,ERR,ERR,ERR,ERR,ERR,ERR,ERR,ERR,ERR,ERR,ERR,ERR,ERR,ERR,ERR,ERR,ERR,ERR,ERR,ERR,ERR,ERR,ERR,ERR,ERR,ERR,ERR,ERR,ERR,ERR,ERR,ERR,ERR,ERR,ERR,ERR,ERR,ERR,ERR,ERR,ERR,ERR,ERR,ERR,ERR,ERR,ERR,ERR,ERR,ERR,ERR,ERR,ERR,ERR,ERR,ERR,ERR,ERR,ERR,ERR,ERR,ERR,ERR,ERR,ERR,ERR,ERR,ERR,ERR,ERR,ERR,0.0,0.0,0.0,0.0,0.0,1.3936040501711995e+18,7.805,0.0,0,0,4,0,7300,-0.0,0,0.0,0.0,0.0,0.0,0.0,0,0,0,0,0.0,0,0,0,0,0,0,0,0,0,0,0,0,0,0,0,0,0,0,0,0,0,0,0,0,0,0,0,0,0,0,0,0,0,32,30,30,62,65476,0,300,0,0,8,21553,0.0,-107605600.0,0.0,0.0,0.0,0.0,0.0,0.0,0.0,0.0,0.0,0.0,0.0,0.0,0.0,0.0,0.0,0.0,0.0,0.0,0.0,0.0,2.004,2.004,-0.0,0.0,0.0,0.0,0.0,0.0,5519.0,-1.040667361561035e+34,6944.0,0.0,0.0,-107615280.0,-107615328.0,0.0,0.0,0.0,0.0,63,-0.0,4.066861591590245e+29,0.0,0.0,0.0,0.0,0.0,0.0,0.0,0,0,0,0.0,0.0,0.0,0.0,0.0,0.0,0.0,0.0,0.0,0.0,0.0,0.0,0.0,0.0,0.0,0.0,0,-107875648.0,63,0.0,126,2.7184242562605685e+23,-0.0,ERR,ERR,ERR,ERR,ERR,ERR,ERR,ERR,ERR,ERR,ERR,ERR,ERR,ERR,ERR,ERR,ERR,ERR,ERR,ERR,ERR,ERR,ERR,ERR,ERR,ERR,ERR,ERR,ERR,ERR,ERR,ERR,ERR,ERR,ERR,ERR,ERR,ERR,ERR,ERR,ERR,ERR,ERR,ERR,ERR,ERR,ERR,ERR,ERR,ERR,ERR,ERR,ERR,ERR,ERR,ERR,ERR,ERR,ERR,ERR,ERR,ERR,ERR,ERR,ERR,ERR,ERR,34.0,80.0,35,0.0,0.0,0.0,0.0,0.0,0.0,0.0,0.0,0.0,0.0,0.0,0.0,0.0,0.0,0.0,0.0,64.4,0,117,56,50,65476,0,300,0,0,8,20529,65476,0,0,57672,80.0,0.0,0.0,0.0,0.0,0.0
2026-06-17T04:14:09,ERR,ERR,ERR,ERR,ERR,ERR,ERR,ERR,ERR,ERR,ERR,ERR,ERR,ERR,ERR,ERR,ERR,ERR,ERR,ERR,ERR,ERR,ERR,ERR,ERR,ERR,ERR,ERR,ERR,ERR,ERR,ERR,ERR,ERR,ERR,ERR,ERR,ERR,ERR,ERR,ERR,ERR,ERR,ERR,ERR,ERR,ERR,ERR,ERR,ERR,ERR,ERR,ERR,ERR,ERR,ERR,ERR,ERR,ERR,ERR,ERR,ERR,ERR,ERR,ERR,ERR,ERR,ERR,ERR,ERR,ERR,ERR,ERR,ERR,ERR,ERR,ERR,ERR,ERR,ERR,ERR,ERR,ERR,ERR,ERR,ERR,ERR,ERR,ERR,ERR,ERR,ERR,ERR,ERR,ERR,ERR,ERR,ERR,ERR,ERR,ERR,ERR,ERR,ERR,ERR,ERR,ERR,ERR,ERR,ERR,ERR,ERR,ERR,ERR,ERR,ERR,ERR,ERR,ERR,ERR,ERR,ERR,ERR,ERR,ERR,0.0,0.0,0.0,0.0,0.0,1.3936040501711995e+18,7.805,0.0,0,0,4,0,7300,-0.0,0,0.0,0.0,0.0,0.0,0.0,0,0,0,0,0.0,0,0,0,0,0,0,0,0,0,0,0,0,0,0,0,0,0,0,0,0,0,0,0,0,0,0,0,0,0,0,0,0,0,32,30,30,62,65476,0,300,0,0,8,21553,0.0,-107605600.0,0.0,0.0,0.0,0.0,0.0,0.0,0.0,0.0,0.0,0.0,0.0,0.0,0.0,0.0,0.0,0.0,0.0,0.0,0.0,0.0,2.004,2.004,-0.0,0.0,0.0,0.0,0.0,0.0,5519.0,-1.040667361561035e+34,6944.0,0.0,0.0,-107615280.0,-107615328.0,0.0,0.0,0.0,0.0,63,-0.0,4.066861591590245e+29,0.0,0.0,0.0,0.0,0.0,0.0,0.0,0,0,0,0.0,0.0,0.0,0.0,0.0,0.0,0.0,0.0,0.0,0.0,0.0,0.0,0.0,0.0,0.0,0.0,0,-107875648.0,63,0.0,126,2.7184242562605685e+23,-0.0,ERR,ERR,ERR,ERR,ERR,ERR,ERR,ERR,ERR,ERR,ERR,ERR,ERR,ERR,ERR,ERR,ERR,ERR,ERR,ERR,ERR,ERR,ERR,ERR,ERR,ERR,ERR,ERR,ERR,ERR,ERR,ERR,ERR,ERR,ERR,ERR,ERR,ERR,ERR,ERR,ERR,ERR,ERR,ERR,ERR,ERR,ERR,ERR,ERR,ERR,ERR,ERR,ERR,ERR,ERR,ERR,ERR,ERR,ERR,ERR,ERR,ERR,ERR,ERR,ERR,ERR,ERR,34.0,80.0,35,0.0,0.0,0.0,0.0,0.0,0.0,0.0,0.0,0.0,0.0,0.0,0.0,0.0,0.0,0.0,0.0,64.4,0,117,56,50,65476,0,300,0,0,8,20529,65476,0,0,57672,80.0,0.0,0.0,0.0,0.0,0.0
2026-06-17T04:14:10,ERR,ERR,ERR,ERR,ERR,ERR,ERR,ERR,ERR,ERR,ERR,ERR,ERR,ERR,ERR,ERR,ERR,ERR,ERR,ERR,ERR,ERR,ERR,ERR,ERR,ERR,ERR,ERR,ERR,ERR,ERR,ERR,ERR,ERR,ERR,ERR,ERR,ERR,ERR,ERR,ERR,ERR,ERR,ERR,ERR,ERR,ERR,ERR,ERR,ERR,ERR,ERR,ERR,ERR,ERR,ERR,ERR,ERR,ERR,ERR,ERR,ERR,ERR,ERR,ERR,ERR,ERR,ERR,ERR,ERR,ERR,ERR,ERR,ERR,ERR,ERR,ERR,ERR,ERR,ERR,ERR,ERR,ERR,ERR,ERR,ERR,ERR,ERR,ERR,ERR,ERR,ERR,ERR,ERR,ERR,ERR,ERR,ERR,ERR,ERR,ERR,ERR,ERR,ERR,ERR,ERR,ERR,ERR,ERR,ERR,ERR,ERR,ERR,ERR,ERR,ERR,ERR,ERR,ERR,ERR,ERR,ERR,ERR,ERR,ERR,0.0,0.0,0.0,0.0,0.0,1.3936040501711995e+18,7.805,0.0,0,0,4,0,7300,-0.0,0,0.0,0.0,0.0,0.0,0.0,0,0,0,0,0.0,0,0,0,0,0,0,0,0,0,0,0,0,0,0,0,0,0,0,0,0,0,0,0,0,0,0,0,0,0,0,0,0,0,32,30,30,62,65476,0,300,0,0,8,21553,0.0,-107605600.0,0.0,0.0,0.0,0.0,0.0,0.0,0.0,0.0,0.0,0.0,0.0,0.0,0.0,0.0,0.0,0.0,0.0,0.0,0.0,0.0,2.004,2.004,-0.0,0.0,0.0,0.0,0.0,0.0,5551.0,-0.0,6962.0,0.0,0.0,-107615280.0,-107615328.0,0.0,0.0,0.0,0.0,63,-0.0,0.0,0.0,0.0,0.0,0.0,0.0,0.0,0.0,0,0,0,0.0,0.0,0.0,0.0,0.0,0.0,0.0,0.0,0.0,0.0,0.0,0.0,0.0,0.0,0.0,0.0,0,-107875648.0,63,0.0,126,2.7184242562605685e+23,-0.0,ERR,ERR,ERR,ERR,ERR,ERR,ERR,ERR,ERR,ERR,ERR,ERR,ERR,ERR,ERR,ERR,ERR,ERR,ERR,ERR,ERR,ERR,ERR,ERR,ERR,ERR,ERR,ERR,ERR,ERR,ERR,ERR,ERR,ERR,ERR,ERR,ERR,ERR,ERR,ERR,ERR,ERR,ERR,ERR,ERR,ERR,ERR,ERR,ERR,ERR,ERR,ERR,ERR,ERR,ERR,ERR,ERR,ERR,ERR,ERR,ERR,ERR,ERR,ERR,ERR,ERR,ERR,34.0,80.0,35,0.0,0.0,0.0,0.0,0.0,0.0,0.0,0.0,0.0,0.0,0.0,0.0,0.0,0.0,0.0,0.0,64.4,0,117,56,50,65476,0,300,0,0,8,20529,65476,0,0,57672,80.0,0.0,0.0,0.0,0.0,0.0
2026-06-17T04:14:11,ERR,ERR,ERR,ERR,ERR,ERR,ERR,ERR,ERR,ERR,ERR,ERR,ERR,ERR,ERR,ERR,ERR,ERR,ERR,ERR,ERR,ERR,ERR,ERR,ERR,ERR,ERR,ERR,ERR,ERR,ERR,ERR,ERR,ERR,ERR,ERR,ERR,ERR,ERR,ERR,ERR,ERR,ERR,ERR,ERR,ERR,ERR,ERR,ERR,ERR,ERR,ERR,ERR,ERR,ERR,ERR,ERR,ERR,ERR,ERR,ERR,ERR,ERR,ERR,ERR,ERR,ERR,ERR,ERR,ERR,ERR,ERR,ERR,ERR,ERR,ERR,ERR,ERR,ERR,ERR,ERR,ERR,ERR,ERR,ERR,ERR,ERR,ERR,ERR,ERR,ERR,ERR,ERR,ERR,ERR,ERR,ERR,ERR,ERR,ERR,ERR,ERR,ERR,ERR,ERR,ERR,ERR,ERR,ERR,ERR,ERR,ERR,ERR,ERR,ERR,ERR,ERR,ERR,ERR,ERR,ERR,ERR,ERR,ERR,ERR,0.0,0.0,0.0,0.0,0.0,1.3936040501711995e+18,7.805,0.0,0,0,4,0,7300,-0.0,0,0.0,0.0,0.0,0.0,0.0,0,0,0,0,0.0,0,0,0,0,0,0,0,0,0,0,0,0,0,0,0,0,0,0,0,0,0,0,0,0,0,0,0,0,0,0,0,0,0,32,30,30,62,65476,0,300,0,0,8,21553,0.0,-107605600.0,0.0,0.0,0.0,0.0,0.0,0.0,0.0,0.0,0.0,0.0,0.0,0.0,0.0,0.0,0.0,0.0,0.0,0.0,0.0,0.0,2.004,2.004,-0.0,0.0,0.0,0.0,0.0,0.0,5551.0,-0.0,6962.0,0.0,0.0,-107615280.0,-107615328.0,0.0,0.0,0.0,0.0,63,-0.0,0.0,0.0,0.0,0.0,0.0,0.0,0.0,0.0,0,0,0,0.0,0.0,0.0,0.0,0.0,0.0,0.0,0.0,0.0,0.0,0.0,0.0,0.0,0.0,0.0,0.0,0,-107875648.0,63,0.0,126,2.7184242562605685e+23,-0.0,ERR,ERR,ERR,ERR,ERR,ERR,ERR,ERR,ERR,ERR,ERR,ERR,ERR,ERR,ERR,ERR,ERR,ERR,ERR,ERR,ERR,ERR,ERR,ERR,ERR,ERR,ERR,ERR,ERR,ERR,ERR,ERR,ERR,ERR,ERR,ERR,ERR,ERR,ERR,ERR,ERR,ERR,ERR,ERR,ERR,ERR,ERR,ERR,ERR,ERR,ERR,ERR,ERR,ERR,ERR,ERR,ERR,ERR,ERR,ERR,ERR,ERR,ERR,ERR,ERR,ERR,ERR,34.0,80.0,35,0.0,0.0,0.0,0.0,0.0,0.0,0.0,0.0,0.0,0.0,0.0,0.0,0.0,0.0,0.0,0.0,64.8,0,117,56,50,65476,0,300,0,0,8,20529,65476,0,0,57672,80.0,0.0,0.0,0.0,0.0,0.0
2026-06-17T04:14:12,ERR,ERR,ERR,ERR,ERR,ERR,ERR,ERR,ERR,ERR,ERR,ERR,ERR,ERR,ERR,ERR,ERR,ERR,ERR,ERR,ERR,ERR,ERR,ERR,ERR,ERR,ERR,ERR,ERR,ERR,ERR,ERR,ERR,ERR,ERR,ERR,ERR,ERR,ERR,ERR,ERR,ERR,ERR,ERR,ERR,ERR,ERR,ERR,ERR,ERR,ERR,ERR,ERR,ERR,ERR,ERR,ERR,ERR,ERR,ERR,ERR,ERR,ERR,ERR,ERR,ERR,ERR,ERR,ERR,ERR,ERR,ERR,ERR,ERR,ERR,ERR,ERR,ERR,ERR,ERR,ERR,ERR,ERR,ERR,ERR,ERR,ERR,ERR,ERR,ERR,ERR,ERR,ERR,ERR,ERR,ERR,ERR,ERR,ERR,ERR,ERR,ERR,ERR,ERR,ERR,ERR,ERR,ERR,ERR,ERR,ERR,ERR,ERR,ERR,ERR,ERR,ERR,ERR,ERR,ERR,ERR,ERR,ERR,ERR,ERR,0.0,0.0,0.0,0.0,0.0,1.3936040501711995e+18,7.805,0.0,0,0,4,0,7300,-0.0,0,0.0,0.0,0.0,0.0,0.0,0,0,0,0,0.0,0,0,0,0,0,0,0,0,0,0,0,0,0,0,0,0,0,0,0,0,0,0,0,0,0,0,0,0,0,0,0,0,0,32,30,30,62,65476,0,300,0,0,8,21553,0.0,-107605600.0,0.0,0.0,0.0,0.0,0.0,0.0,0.0,0.0,0.0,0.0,0.0,0.0,0.0,0.0,0.0,0.0,0.0,0.0,0.0,0.0,2.004,2.004,-0.0,0.0,0.0,0.0,0.0,0.0,5551.0,-0.0,6962.0,0.0,0.0,-107615280.0,-107615328.0,0.0,0.0,0.0,0.0,63,-0.0,0.0,0.0,0.0,0.0,0.0,0.0,0.0,0.0,0,0,0,0.0,0.0,0.0,0.0,0.0,0.0,0.0,0.0,0.0,0.0,0.0,0.0,0.0,0.0,0.0,0.0,0,-107875648.0,63,0.0,126,2.7184242562605685e+23,-0.0,ERR,ERR,ERR,ERR,ERR,ERR,ERR,ERR,ERR,ERR,ERR,ERR,ERR,ERR,ERR,ERR,ERR,ERR,ERR,ERR,ERR,ERR,ERR,ERR,ERR,ERR,ERR,ERR,ERR,ERR,ERR,ERR,ERR,ERR,ERR,ERR,ERR,ERR,ERR,ERR,ERR,ERR,ERR,ERR,ERR,ERR,ERR,ERR,ERR,ERR,ERR,ERR,ERR,ERR,ERR,ERR,ERR,ERR,ERR,ERR,ERR,ERR,ERR,ERR,ERR,ERR,ERR,34.0,80.0,35,0.0,0.0,0.0,0.0,0.0,0.0,0.0,0.0,0.0,0.0,0.0,0.0,0.0,0.0,0.0,0.0,64.8,0,117,56,50,65476,0,300,0,0,8,20529,65476,0,0,57672,80.0,0.0,0.0,0.0,0.0,0.0
2026-06-17T04:14:13,ERR,ERR,ERR,ERR,ERR,ERR,ERR,ERR,ERR,ERR,ERR,ERR,ERR,ERR,ERR,ERR,ERR,ERR,ERR,ERR,ERR,ERR,ERR,ERR,ERR,ERR,ERR,ERR,ERR,ERR,ERR,ERR,ERR,ERR,ERR,ERR,ERR,ERR,ERR,ERR,ERR,ERR,ERR,ERR,ERR,ERR,ERR,ERR,ERR,ERR,ERR,ERR,ERR,ERR,ERR,ERR,ERR,ERR,ERR,ERR,ERR,ERR,ERR,ERR,ERR,ERR,ERR,ERR,ERR,ERR,ERR,ERR,ERR,ERR,ERR,ERR,ERR,ERR,ERR,ERR,ERR,ERR,ERR,ERR,ERR,ERR,ERR,ERR,ERR,ERR,ERR,ERR,ERR,ERR,ERR,ERR,ERR,ERR,ERR,ERR,ERR,ERR,ERR,ERR,ERR,ERR,ERR,ERR,ERR,ERR,ERR,ERR,ERR,ERR,ERR,ERR,ERR,ERR,ERR,ERR,ERR,ERR,ERR,ERR,ERR,0.0,0.0,0.0,0.0,0.0,1.3936040501711995e+18,7.805,0.0,0,0,4,0,7300,-0.0,0,0.0,0.0,0.0,0.0,0.0,0,0,0,0,0.0,0,0,0,0,0,0,0,0,0,0,0,0,0,0,0,0,0,0,0,0,0,0,0,0,0,0,0,0,0,0,0,0,0,32,30,30,62,65476,0,300,0,0,8,21553,0.0,-107605600.0,0.0,0.0,0.0,0.0,0.0,0.0,0.0,0.0,0.0,0.0,0.0,0.0,0.0,0.0,0.0,0.0,0.0,0.0,0.0,0.0,2.004,2.004,-0.0,0.0,0.0,0.0,0.0,0.0,5551.0,-0.0,6962.0,0.0,0.0,-107615280.0,-107615328.0,0.0,0.0,0.0,0.0,63,-0.0,0.0,0.0,0.0,0.0,0.0,0.0,0.0,0.0,0,0,0,0.0,0.0,0.0,0.0,0.0,0.0,0.0,0.0,0.0,0.0,0.0,0.0,0.0,0.0,0.0,0.0,0,-107875648.0,63,0.0,126,2.7184242562605685e+23,-0.0,ERR,ERR,ERR,ERR,ERR,ERR,ERR,ERR,ERR,ERR,ERR,ERR,ERR,ERR,ERR,ERR,ERR,ERR,ERR,ERR,ERR,ERR,ERR,ERR,ERR,ERR,ERR,ERR,ERR,ERR,ERR,ERR,ERR,ERR,ERR,ERR,ERR,ERR,ERR,ERR,ERR,ERR,ERR,ERR,ERR,ERR,ERR,ERR,ERR,ERR,ERR,ERR,ERR,ERR,ERR,ERR,ERR,ERR,ERR,ERR,ERR,ERR,ERR,ERR,ERR,ERR,ERR,34.0,80.0,35,0.0,0.0,0.0,0.0,0.0,0.0,0.0,0.0,0.0,0.0,0.0,0.0,0.0,0.0,0.0,0.0,64.4,0,117,56,50,65476,0,300,0,0,8,20529,65476,0,0,57672,80.0,0.0,0.0,0.0,0.0,0.0
2026-06-17T04:14:14,ERR,ERR,ERR,ERR,ERR,ERR,ERR,ERR,ERR,ERR,ERR,ERR,ERR,ERR,ERR,ERR,ERR,ERR,ERR,ERR,ERR,ERR,ERR,ERR,ERR,ERR,ERR,ERR,ERR,ERR,ERR,ERR,ERR,ERR,ERR,ERR,ERR,ERR,ERR,ERR,ERR,ERR,ERR,ERR,ERR,ERR,ERR,ERR,ERR,ERR,ERR,ERR,ERR,ERR,ERR,ERR,ERR,ERR,ERR,ERR,ERR,ERR,ERR,ERR,ERR,ERR,ERR,ERR,ERR,ERR,ERR,ERR,ERR,ERR,ERR,ERR,ERR,ERR,ERR,ERR,ERR,ERR,ERR,ERR,ERR,ERR,ERR,ERR,ERR,ERR,ERR,ERR,ERR,ERR,ERR,ERR,ERR,ERR,ERR,ERR,ERR,ERR,ERR,ERR,ERR,ERR,ERR,ERR,ERR,ERR,ERR,ERR,ERR,ERR,ERR,ERR,ERR,ERR,ERR,ERR,ERR,ERR,ERR,ERR,ERR,0.0,0.0,0.0,0.0,0.0,1.3936040501711995e+18,7.805,0.0,0,0,4,0,7300,-0.0,0,0.0,0.0,0.0,0.0,0.0,0,0,0,0,0.0,0,0,0,0,0,0,0,0,0,0,0,0,0,0,0,0,0,0,0,0,0,0,0,0,0,0,0,0,0,0,0,0,0,32,30,30,62,65476,0,300,0,0,8,21553,0.0,-107605600.0,0.0,0.0,0.0,0.0,0.0,0.0,0.0,0.0,0.0,0.0,0.0,0.0,0.0,0.0,0.0,0.0,0.0,0.0,0.0,0.0,2.004,2.004,-0.0,0.0,0.0,0.0,0.0,0.0,5551.0,-0.0,6962.0,0.0,0.0,-107615280.0,-107615328.0,0.0,0.0,0.0,0.0,63,-0.0,0.0,0.0,0.0,0.0,0.0,0.0,0.0,0.0,0,0,0,0.0,0.0,0.0,0.0,0.0,0.0,0.0,0.0,0.0,0.0,0.0,0.0,0.0,0.0,0.0,0.0,0,-107875648.0,63,0.0,126,2.7184242562605685e+23,-0.0,ERR,ERR,ERR,ERR,ERR,ERR,ERR,ERR,ERR,ERR,ERR,ERR,ERR,ERR,ERR,ERR,ERR,ERR,ERR,ERR,ERR,ERR,ERR,ERR,ERR,ERR,ERR,ERR,ERR,ERR,ERR,ERR,ERR,ERR,ERR,ERR,ERR,ERR,ERR,ERR,ERR,ERR,ERR,ERR,ERR,ERR,ERR,ERR,ERR,ERR,ERR,ERR,ERR,ERR,ERR,ERR,ERR,ERR,ERR,ERR,ERR,ERR,ERR,ERR,ERR,ERR,ERR,34.0,80.0,35,0.0,0.0,0.0,0.0,0.0,0.0,0.0,0.0,0.0,0.0,0.0,0.0,0.0,0.0,0.0,0.0,64.4,0,117,56,50,65476,0,300,0,0,8,20529,65476,0,0,57672,80.0,0.0,0.0,0.0,0.0,0.0
2026-06-17T04:14:15,ERR,ERR,ERR,ERR,ERR,ERR,ERR,ERR,ERR,ERR,ERR,ERR,ERR,ERR,ERR,ERR,ERR,ERR,ERR,ERR,ERR,ERR,ERR,ERR,ERR,ERR,ERR,ERR,ERR,ERR,ERR,ERR,ERR,ERR,ERR,ERR,ERR,ERR,ERR,ERR,ERR,ERR,ERR,ERR,ERR,ERR,ERR,ERR,ERR,ERR,ERR,ERR,ERR,ERR,ERR,ERR,ERR,ERR,ERR,ERR,ERR,ERR,ERR,ERR,ERR,ERR,ERR,ERR,ERR,ERR,ERR,ERR,ERR,ERR,ERR,ERR,ERR,ERR,ERR,ERR,ERR,ERR,ERR,ERR,ERR,ERR,ERR,ERR,ERR,ERR,ERR,ERR,ERR,ERR,ERR,ERR,ERR,ERR,ERR,ERR,ERR,ERR,ERR,ERR,ERR,ERR,ERR,ERR,ERR,ERR,ERR,ERR,ERR,ERR,ERR,ERR,ERR,ERR,ERR,ERR,ERR,ERR,ERR,ERR,ERR,0.0,0.0,0.0,0.0,0.0,1.3936040501711995e+18,7.805,0.0,0,0,4,0,7300,-0.0,0,0.0,0.0,0.0,0.0,0.0,0,0,0,0,0.0,0,0,0,0,0,0,0,0,0,0,0,0,0,0,0,0,0,0,0,0,0,0,0,0,0,0,0,0,0,0,0,0,0,32,30,30,62,65476,0,300,0,0,8,21553,0.0,-107605600.0,0.0,0.0,0.0,0.0,0.0,0.0,0.0,0.0,0.0,0.0,0.0,0.0,0.0,0.0,0.0,0.0,0.0,0.0,0.0,0.0,2.004,2.004,-0.0,0.0,0.0,0.0,0.0,0.0,5550.0,-0.0,6964.0,0.0,0.0,-107615280.0,-107615328.0,0.0,0.0,0.0,0.0,63,-0.0,0.059,0.0,0.0,0.0,0.0,0.0,0.0,0.0,0,0,0,0.0,0.0,0.0,0.0,0.0,0.0,0.0,0.0,0.0,0.0,0.0,0.0,0.0,0.0,0.0,0.0,0,-107875648.0,63,0.0,126,2.7184242562605685e+23,-0.0,ERR,ERR,ERR,ERR,ERR,ERR,ERR,ERR,ERR,ERR,ERR,ERR,ERR,ERR,ERR,ERR,ERR,ERR,ERR,ERR,ERR,ERR,ERR,ERR,ERR,ERR,ERR,ERR,ERR,ERR,ERR,ERR,ERR,ERR,ERR,ERR,ERR,ERR,ERR,ERR,ERR,ERR,ERR,ERR,ERR,ERR,ERR,ERR,ERR,ERR,ERR,ERR,ERR,ERR,ERR,ERR,ERR,ERR,ERR,ERR,ERR,ERR,ERR,ERR,ERR,ERR,ERR,34.0,80.0,35,0.0,0.0,0.0,0.0,0.0,0.0,0.0,0.0,0.0,0.0,0.0,0.0,0.0,0.0,0.0,0.0,64.4,0,117,56,50,65476,0,300,0,0,8,20529,65476,0,0,57672,80.0,0.0,0.0,0.0,0.0,0.0
2026-06-17T04:14:16,ERR,ERR,ERR,ERR,ERR,ERR,ERR,ERR,ERR,ERR,ERR,ERR,ERR,ERR,ERR,ERR,ERR,ERR,ERR,ERR,ERR,ERR,ERR,ERR,ERR,ERR,ERR,ERR,ERR,ERR,ERR,ERR,ERR,ERR,ERR,ERR,ERR,ERR,ERR,ERR,ERR,ERR,ERR,ERR,ERR,ERR,ERR,ERR,ERR,ERR,ERR,ERR,ERR,ERR,ERR,ERR,ERR,ERR,ERR,ERR,ERR,ERR,ERR,ERR,ERR,ERR,ERR,ERR,ERR,ERR,ERR,ERR,ERR,ERR,ERR,ERR,ERR,ERR,ERR,ERR,ERR,ERR,ERR,ERR,ERR,ERR,ERR,ERR,ERR,ERR,ERR,ERR,ERR,ERR,ERR,ERR,ERR,ERR,ERR,ERR,ERR,ERR,ERR,ERR,ERR,ERR,ERR,ERR,ERR,ERR,ERR,ERR,ERR,ERR,ERR,ERR,ERR,ERR,ERR,ERR,ERR,ERR,ERR,ERR,ERR,0.0,0.0,0.0,0.0,0.0,1.3936040501711995e+18,7.805,0.0,0,0,4,0,7300,-0.0,0,0.0,0.0,0.0,0.0,0.0,0,0,0,0,0.0,0,0,0,0,0,0,0,0,0,0,0,0,0,0,0,0,0,0,0,0,0,0,0,0,0,0,0,0,0,0,0,0,0,32,30,30,62,65476,0,300,0,0,8,21553,0.0,-107605600.0,0.0,0.0,0.0,0.0,0.0,0.0,0.0,0.0,0.0,0.0,0.0,0.0,0.0,0.0,0.0,0.0,0.0,0.0,0.0,0.0,2.004,2.004,-0.0,0.0,0.0,0.0,0.0,0.0,5550.0,-0.0,6964.0,0.0,0.0,-107615280.0,-107615328.0,0.0,0.0,0.0,0.0,63,-0.0,0.059,0.0,0.0,0.0,0.0,0.0,0.0,0.0,0,0,0,0.0,0.0,0.0,0.0,0.0,0.0,0.0,0.0,0.0,0.0,0.0,0.0,0.0,0.0,0.0,0.0,0,-107875648.0,63,0.0,126,2.7184242562605685e+23,-0.0,ERR,ERR,ERR,ERR,ERR,ERR,ERR,ERR,ERR,ERR,ERR,ERR,ERR,ERR,ERR,ERR,ERR,ERR,ERR,ERR,ERR,ERR,ERR,ERR,ERR,ERR,ERR,ERR,ERR,ERR,ERR,ERR,ERR,ERR,ERR,ERR,ERR,ERR,ERR,ERR,ERR,ERR,ERR,ERR,ERR,ERR,ERR,ERR,ERR,ERR,ERR,ERR,ERR,ERR,ERR,ERR,ERR,ERR,ERR,ERR,ERR,ERR,ERR,ERR,ERR,ERR,ERR,34.0,80.0,35,0.0,0.0,0.0,0.0,0.0,0.0,0.0,0.0,0.0,0.0,0.0,0.0,0.0,0.0,0.0,0.0,64.8,0,117,56,50,65476,0,300,0,0,8,20529,65476,0,0,57672,80.0,0.0,0.0,0.0,0.0,0.0
2026-06-17T04:14:17,ERR,ERR,ERR,ERR,ERR,ERR,ERR,ERR,ERR,ERR,ERR,ERR,ERR,ERR,ERR,ERR,ERR,ERR,ERR,ERR,ERR,ERR,ERR,ERR,ERR,ERR,ERR,ERR,ERR,ERR,ERR,ERR,ERR,ERR,ERR,ERR,ERR,ERR,ERR,ERR,ERR,ERR,ERR,ERR,ERR,ERR,ERR,ERR,ERR,ERR,ERR,ERR,ERR,ERR,ERR,ERR,ERR,ERR,ERR,ERR,ERR,ERR,ERR,ERR,ERR,ERR,ERR,ERR,ERR,ERR,ERR,ERR,ERR,ERR,ERR,ERR,ERR,ERR,ERR,ERR,ERR,ERR,ERR,ERR,ERR,ERR,ERR,ERR,ERR,ERR,ERR,ERR,ERR,ERR,ERR,ERR,ERR,ERR,ERR,ERR,ERR,ERR,ERR,ERR,ERR,ERR,ERR,ERR,ERR,ERR,ERR,ERR,ERR,ERR,ERR,ERR,ERR,ERR,ERR,ERR,ERR,ERR,ERR,ERR,ERR,0.0,0.0,0.0,0.0,0.0,1.3936040501711995e+18,7.805,0.0,0,0,4,0,7300,-0.0,0,0.0,0.0,0.0,0.0,0.0,0,0,0,0,0.0,0,0,0,0,0,0,0,0,0,0,0,0,0,0,0,0,0,0,0,0,0,0,0,0,0,0,0,0,0,0,0,0,0,32,30,30,62,65476,0,300,0,0,8,21553,0.0,-107605600.0,0.0,0.0,0.0,0.0,0.0,0.0,0.0,0.0,0.0,0.0,0.0,0.0,0.0,0.0,0.0,0.0,0.0,0.0,0.0,0.0,2.004,2.004,-0.0,0.0,0.0,0.0,0.0,0.0,5550.0,-0.0,6964.0,0.0,0.0,-107615280.0,-107615328.0,0.0,0.0,0.0,0.0,63,-0.0,0.059,0.0,0.0,0.0,0.0,0.0,0.0,0.0,0,0,0,0.0,0.0,0.0,0.0,0.0,0.0,0.0,0.0,0.0,0.0,0.0,0.0,0.0,0.0,0.0,0.0,0,-107875648.0,63,0.0,126,2.7184242562605685e+23,-0.0,ERR,ERR,ERR,ERR,ERR,ERR,ERR,ERR,ERR,ERR,ERR,ERR,ERR,ERR,ERR,ERR,ERR,ERR,ERR,ERR,ERR,ERR,ERR,ERR,ERR,ERR,ERR,ERR,ERR,ERR,ERR,ERR,ERR,ERR,ERR,ERR,ERR,ERR,ERR,ERR,ERR,ERR,ERR,ERR,ERR,ERR,ERR,ERR,ERR,ERR,ERR,ERR,ERR,ERR,ERR,ERR,ERR,ERR,ERR,ERR,ERR,ERR,ERR,ERR,ERR,ERR,ERR,34.0,80.0,35,0.0,0.0,0.0,0.0,0.0,0.0,0.0,0.0,0.0,0.0,0.0,0.0,0.0,0.0,0.0,0.0,64.8,0,117,56,50,65476,0,300,0,0,8,20529,65476,0,0,57672,80.0,0.0,0.0,0.0,0.0,0.0
2026-06-17T04:14:18,ERR,ERR,ERR,ERR,ERR,ERR,ERR,ERR,ERR,ERR,ERR,ERR,ERR,ERR,ERR,ERR,ERR,ERR,ERR,ERR,ERR,ERR,ERR,ERR,ERR,ERR,ERR,ERR,ERR,ERR,ERR,ERR,ERR,ERR,ERR,ERR,ERR,ERR,ERR,ERR,ERR,ERR,ERR,ERR,ERR,ERR,ERR,ERR,ERR,ERR,ERR,ERR,ERR,ERR,ERR,ERR,ERR,ERR,ERR,ERR,ERR,ERR,ERR,ERR,ERR,ERR,ERR,ERR,ERR,ERR,ERR,ERR,ERR,ERR,ERR,ERR,ERR,ERR,ERR,ERR,ERR,ERR,ERR,ERR,ERR,ERR,ERR,ERR,ERR,ERR,ERR,ERR,ERR,ERR,ERR,ERR,ERR,ERR,ERR,ERR,ERR,ERR,ERR,ERR,ERR,ERR,ERR,ERR,ERR,ERR,ERR,ERR,ERR,ERR,ERR,ERR,ERR,ERR,ERR,ERR,ERR,ERR,ERR,ERR,ERR,0.0,0.0,0.0,0.0,0.0,1.3936040501711995e+18,7.805,0.0,0,0,4,0,7300,-0.0,0,0.0,0.0,0.0,0.0,0.0,0,0,0,0,0.0,0,0,0,0,0,0,0,0,0,0,0,0,0,0,0,0,0,0,0,0,0,0,0,0,0,0,0,0,0,0,0,0,0,32,30,30,62,65476,0,300,0,0,8,21553,0.0,-107605600.0,0.0,0.0,0.0,0.0,0.0,0.0,0.0,0.0,0.0,0.0,0.0,0.0,0.0,0.0,0.0,0.0,0.0,0.0,0.0,0.0,2.004,2.004,-0.0,0.0,0.0,0.0,0.0,0.0,5550.0,-0.0,6964.0,0.0,0.0,-107615280.0,-107615328.0,0.0,0.0,0.0,0.0,63,-0.0,0.059,0.0,0.0,0.0,0.0,0.0,0.0,0.0,0,0,0,0.0,0.0,0.0,0.0,0.0,0.0,0.0,0.0,0.0,0.0,0.0,0.0,0.0,0.0,0.0,0.0,0,-107875648.0,63,0.0,126,2.7184242562605685e+23,-0.0,ERR,ERR,ERR,ERR,ERR,ERR,ERR,ERR,ERR,ERR,ERR,ERR,ERR,ERR,ERR,ERR,ERR,ERR,ERR,ERR,ERR,ERR,ERR,ERR,ERR,ERR,ERR,ERR,ERR,ERR,ERR,ERR,ERR,ERR,ERR,ERR,ERR,ERR,ERR,ERR,ERR,ERR,ERR,ERR,ERR,ERR,ERR,ERR,ERR,ERR,ERR,ERR,ERR,ERR,ERR,ERR,ERR,ERR,ERR,ERR,ERR,ERR,ERR,ERR,ERR,ERR,ERR,34.0,80.0,35,0.0,0.0,0.0,0.0,0.0,0.0,0.0,0.0,0.0,0.0,0.0,0.0,0.0,0.0,0.0,0.0,64.4,0,117,56,50,65476,0,300,0,0,8,20529,65476,0,0,57672,80.0,0.0,0.0,0.0,0.0,0.0
2026-06-17T04:14:19,ERR,ERR,ERR,ERR,ERR,ERR,ERR,ERR,ERR,ERR,ERR,ERR,ERR,ERR,ERR,ERR,ERR,ERR,ERR,ERR,ERR,ERR,ERR,ERR,ERR,ERR,ERR,ERR,ERR,ERR,ERR,ERR,ERR,ERR,ERR,ERR,ERR,ERR,ERR,ERR,ERR,ERR,ERR,ERR,ERR,ERR,ERR,ERR,ERR,ERR,ERR,ERR,ERR,ERR,ERR,ERR,ERR,ERR,ERR,ERR,ERR,ERR,ERR,ERR,ERR,ERR,ERR,ERR,ERR,ERR,ERR,ERR,ERR,ERR,ERR,ERR,ERR,ERR,ERR,ERR,ERR,ERR,ERR,ERR,ERR,ERR,ERR,ERR,ERR,ERR,ERR,ERR,ERR,ERR,ERR,ERR,ERR,ERR,ERR,ERR,ERR,ERR,ERR,ERR,ERR,ERR,ERR,ERR,ERR,ERR,ERR,ERR,ERR,ERR,ERR,ERR,ERR,ERR,ERR,ERR,ERR,ERR,ERR,ERR,ERR,0.0,0.0,0.0,0.0,0.0,1.3936040501711995e+18,7.805,0.0,0,0,4,0,7300,-0.0,0,0.0,0.0,0.0,0.0,0.0,0,0,0,0,0.0,0,0,0,0,0,0,0,0,0,0,0,0,0,0,0,0,0,0,0,0,0,0,0,0,0,0,0,0,0,0,0,0,0,32,30,30,62,65476,0,300,0,0,8,21553,0.0,-107605600.0,0.0,0.0,0.0,0.0,0.0,0.0,0.0,0.0,0.0,0.0,0.0,0.0,0.0,0.0,0.0,0.0,0.0,0.0,0.0,0.0,2.004,2.004,-0.0,0.0,0.0,0.0,0.0,0.0,5550.0,-0.0,6964.0,0.0,0.0,-107615280.0,-107615328.0,0.0,0.0,0.0,0.0,63,-0.0,0.059,0.0,0.0,0.0,0.0,0.0,0.0,0.0,0,0,0,0.0,0.0,0.0,0.0,0.0,0.0,0.0,0.0,0.0,0.0,0.0,0.0,0.0,0.0,0.0,0.0,0,-107875648.0,63,0.0,126,2.7184242562605685e+23,-0.0,ERR,ERR,ERR,ERR,ERR,ERR,ERR,ERR,ERR,ERR,ERR,ERR,ERR,ERR,ERR,ERR,ERR,ERR,ERR,ERR,ERR,ERR,ERR,ERR,ERR,ERR,ERR,ERR,ERR,ERR,ERR,ERR,ERR,ERR,ERR,ERR,ERR,ERR,ERR,ERR,ERR,ERR,ERR,ERR,ERR,ERR,ERR,ERR,ERR,ERR,ERR,ERR,ERR,ERR,ERR,ERR,ERR,ERR,ERR,ERR,ERR,ERR,ERR,ERR,ERR,ERR,ERR,34.0,80.0,35,0.0,0.0,0.0,0.0,0.0,0.0,0.0,0.0,0.0,0.0,0.0,0.0,0.0,0.0,0.0,0.0,64.4,0,117,56,50,65476,0,300,0,0,8,20529,65476,0,0,57672,80.0,0.0,0.0,0.0,0.0,0.0
2026-06-17T04:14:20,ERR,ERR,ERR,ERR,ERR,ERR,ERR,ERR,ERR,ERR,ERR,ERR,ERR,ERR,ERR,ERR,ERR,ERR,ERR,ERR,ERR,ERR,ERR,ERR,ERR,ERR,ERR,ERR,ERR,ERR,ERR,ERR,ERR,ERR,ERR,ERR,ERR,ERR,ERR,ERR,ERR,ERR,ERR,ERR,ERR,ERR,ERR,ERR,ERR,ERR,ERR,ERR,ERR,ERR,ERR,ERR,ERR,ERR,ERR,ERR,ERR,ERR,ERR,ERR,ERR,ERR,ERR,ERR,ERR,ERR,ERR,ERR,ERR,ERR,ERR,ERR,ERR,ERR,ERR,ERR,ERR,ERR,ERR,ERR,ERR,ERR,ERR,ERR,ERR,ERR,ERR,ERR,ERR,ERR,ERR,ERR,ERR,ERR,ERR,ERR,ERR,ERR,ERR,ERR,ERR,ERR,ERR,ERR,ERR,ERR,ERR,ERR,ERR,ERR,ERR,ERR,ERR,ERR,ERR,ERR,ERR,ERR,ERR,ERR,ERR,0.0,0.0,0.0,0.0,0.0,1.3936040501711995e+18,7.805,0.0,0,0,4,0,7300,-0.0,0,0.0,0.0,0.0,0.0,0.0,0,0,0,0,0.0,0,0,0,0,0,0,0,0,0,0,0,0,0,0,0,0,0,0,0,0,0,0,0,0,0,0,0,0,0,0,0,0,0,32,30,30,62,65476,0,300,0,0,8,21553,0.0,-107605600.0,0.0,0.0,0.0,0.0,0.0,0.0,0.0,0.0,0.0,0.0,0.0,0.0,0.0,0.0,0.0,0.0,0.0,0.0,0.0,0.0,2.004,2.004,-0.0,0.0,0.0,0.0,0.0,0.0,5550.0,-0.0,6964.0,0.0,0.0,-107615280.0,-107615328.0,0.0,0.0,0.0,0.0,63,-0.0,0.059,0.0,0.0,0.0,0.0,0.0,0.0,0.0,0,0,0,0.0,0.0,0.0,0.0,0.0,0.0,0.0,0.0,0.0,0.0,0.0,0.0,0.0,0.0,0.0,0.0,0,-107875648.0,63,0.0,126,2.7184242562605685e+23,-0.0,ERR,ERR,ERR,ERR,ERR,ERR,ERR,ERR,ERR,ERR,ERR,ERR,ERR,ERR,ERR,ERR,ERR,ERR,ERR,ERR,ERR,ERR,ERR,ERR,ERR,ERR,ERR,ERR,ERR,ERR,ERR,ERR,ERR,ERR,ERR,ERR,ERR,ERR,ERR,ERR,ERR,ERR,ERR,ERR,ERR,ERR,ERR,ERR,ERR,ERR,ERR,ERR,ERR,ERR,ERR,ERR,ERR,ERR,ERR,ERR,ERR,ERR,ERR,ERR,ERR,ERR,ERR,34.0,80.0,35,0.0,0.0,0.0,0.0,0.0,0.0,0.0,0.0,0.0,0.0,0.0,0.0,0.0,0.0,0.0,0.0,64.4,0,117,56,50,65476,0,300,0,0,8,20529,65476,0,0,57672,80.0,0.0,0.0,0.0,0.0,0.0
2026-06-17T04:14:21,ERR,ERR,ERR,ERR,ERR,ERR,ERR,ERR,ERR,ERR,ERR,ERR,ERR,ERR,ERR,ERR,ERR,ERR,ERR,ERR,ERR,ERR,ERR,ERR,ERR,ERR,ERR,ERR,ERR,ERR,ERR,ERR,ERR,ERR,ERR,ERR,ERR,ERR,ERR,ERR,ERR,ERR,ERR,ERR,ERR,ERR,ERR,ERR,ERR,ERR,ERR,ERR,ERR,ERR,ERR,ERR,ERR,ERR,ERR,ERR,ERR,ERR,ERR,ERR,ERR,ERR,ERR,ERR,ERR,ERR,ERR,ERR,ERR,ERR,ERR,ERR,ERR,ERR,ERR,ERR,ERR,ERR,ERR,ERR,ERR,ERR,ERR,ERR,ERR,ERR,ERR,ERR,ERR,ERR,ERR,ERR,ERR,ERR,ERR,ERR,ERR,ERR,ERR,ERR,ERR,ERR,ERR,ERR,ERR,ERR,ERR,ERR,ERR,ERR,ERR,ERR,ERR,ERR,ERR,ERR,ERR,ERR,ERR,ERR,ERR,0.0,0.0,0.0,0.0,0.0,1.3936040501711995e+18,7.805,0.0,0,0,4,0,7300,-0.0,0,0.0,0.0,0.0,0.0,0.0,0,0,0,0,0.0,0,0,0,0,0,0,0,0,0,0,0,0,0,0,0,0,0,0,0,0,0,0,0,0,0,0,0,0,0,0,0,0,0,32,30,30,62,65476,0,300,0,0,8,21553,0.0,-107605600.0,0.0,0.0,0.0,0.0,0.0,0.0,0.0,0.0,0.0,0.0,0.0,0.0,0.0,0.0,0.0,0.0,0.0,0.0,0.0,0.0,2.004,2.004,-0.0,0.0,0.0,0.0,0.0,0.0,5551.0,-2.004,6968.0,0.0,0.0,-107615280.0,-107615328.0,0.0,0.0,0.0,0.0,63,-0.0,2.718421373956807e+23,0.0,0.0,0.0,0.0,0.0,0.0,0.0,0,0,0,0.0,0.0,0.0,0.0,0.0,0.0,0.0,0.0,0.0,0.0,0.0,0.0,0.0,0.0,0.0,0.0,0,-107875648.0,63,0.0,126,2.7184242562605685e+23,-0.0,ERR,ERR,ERR,ERR,ERR,ERR,ERR,ERR,ERR,ERR,ERR,ERR,ERR,ERR,ERR,ERR,ERR,ERR,ERR,ERR,ERR,ERR,ERR,ERR,ERR,ERR,ERR,ERR,ERR,ERR,ERR,ERR,ERR,ERR,ERR,ERR,ERR,ERR,ERR,ERR,ERR,ERR,ERR,ERR,ERR,ERR,ERR,ERR,ERR,ERR,ERR,ERR,ERR,ERR,ERR,ERR,ERR,ERR,ERR,ERR,ERR,ERR,ERR,ERR,ERR,ERR,ERR,34.0,80.0,35,0.0,0.0,0.0,0.0,0.0,0.0,0.0,0.0,0.0,0.0,0.0,0.0,0.0,0.0,0.0,0.0,64.4,0,117,56,50,65476,0,300,0,0,8,20529,65476,0,0,57672,80.0,0.0,0.0,0.0,0.0,0.0
2026-06-17T04:14:22,ERR,ERR,ERR,ERR,ERR,ERR,ERR,ERR,ERR,ERR,ERR,ERR,ERR,ERR,ERR,ERR,ERR,ERR,ERR,ERR,ERR,ERR,ERR,ERR,ERR,ERR,ERR,ERR,ERR,ERR,ERR,ERR,ERR,ERR,ERR,ERR,ERR,ERR,ERR,ERR,ERR,ERR,ERR,ERR,ERR,ERR,ERR,ERR,ERR,ERR,ERR,ERR,ERR,ERR,ERR,ERR,ERR,ERR,ERR,ERR,ERR,ERR,ERR,ERR,ERR,ERR,ERR,ERR,ERR,ERR,ERR,ERR,ERR,ERR,ERR,ERR,ERR,ERR,ERR,ERR,ERR,ERR,ERR,ERR,ERR,ERR,ERR,ERR,ERR,ERR,ERR,ERR,ERR,ERR,ERR,ERR,ERR,ERR,ERR,ERR,ERR,ERR,ERR,ERR,ERR,ERR,ERR,ERR,ERR,ERR,ERR,ERR,ERR,ERR,ERR,ERR,ERR,ERR,ERR,ERR,ERR,ERR,ERR,ERR,ERR,0.0,0.0,0.0,0.0,0.0,1.3936040501711995e+18,7.805,0.0,0,0,4,0,7300,-0.0,0,0.0,0.0,0.0,0.0,0.0,0,0,0,0,0.0,0,0,0,0,0,0,0,0,0,0,0,0,0,0,0,0,0,0,0,0,0,0,0,0,0,0,0,0,0,0,0,0,0,32,30,30,62,65476,0,300,0,0,8,21553,0.0,-107605600.0,0.0,0.0,0.0,0.0,0.0,0.0,0.0,0.0,0.0,0.0,0.0,0.0,0.0,0.0,0.0,0.0,0.0,0.0,0.0,0.0,2.004,2.004,-0.0,0.0,0.0,0.0,0.0,0.0,5551.0,-2.004,6968.0,0.0,0.0,-107615280.0,-107615328.0,0.0,0.0,0.0,0.0,63,-0.0,2.718421373956807e+23,0.0,0.0,0.0,0.0,0.0,0.0,0.0,0,0,0,0.0,0.0,0.0,0.0,0.0,0.0,0.0,0.0,0.0,0.0,0.0,0.0,0.0,0.0,0.0,0.0,0,-107875648.0,63,0.0,126,2.7184242562605685e+23,-0.0,ERR,ERR,ERR,ERR,ERR,ERR,ERR,ERR,ERR,ERR,ERR,ERR,ERR,ERR,ERR,ERR,ERR,ERR,ERR,ERR,ERR,ERR,ERR,ERR,ERR,ERR,ERR,ERR,ERR,ERR,ERR,ERR,ERR,ERR,ERR,ERR,ERR,ERR,ERR,ERR,ERR,ERR,ERR,ERR,ERR,ERR,ERR,ERR,ERR,ERR,ERR,ERR,ERR,ERR,ERR,ERR,ERR,ERR,ERR,ERR,ERR,ERR,ERR,ERR,ERR,ERR,ERR,34.0,80.0,35,0.0,0.0,0.0,0.0,0.0,0.0,0.0,0.0,0.0,0.0,0.0,0.0,0.0,0.0,0.0,0.0,64.4,0,117,56,50,65476,0,300,0,0,8,20529,65476,0,0,57672,80.0,0.0,0.0,0.0,0.0,0.0
2026-06-17T04:14:23,ERR,ERR,ERR,ERR,ERR,ERR,ERR,ERR,ERR,ERR,ERR,ERR,ERR,ERR,ERR,ERR,ERR,ERR,ERR,ERR,ERR,ERR,ERR,ERR,ERR,ERR,ERR,ERR,ERR,ERR,ERR,ERR,ERR,ERR,ERR,ERR,ERR,ERR,ERR,ERR,ERR,ERR,ERR,ERR,ERR,ERR,ERR,ERR,ERR,ERR,ERR,ERR,ERR,ERR,ERR,ERR,ERR,ERR,ERR,ERR,ERR,ERR,ERR,ERR,ERR,ERR,ERR,ERR,ERR,ERR,ERR,ERR,ERR,ERR,ERR,ERR,ERR,ERR,ERR,ERR,ERR,ERR,ERR,ERR,ERR,ERR,ERR,ERR,ERR,ERR,ERR,ERR,ERR,ERR,ERR,ERR,ERR,ERR,ERR,ERR,ERR,ERR,ERR,ERR,ERR,ERR,ERR,ERR,ERR,ERR,ERR,ERR,ERR,ERR,ERR,ERR,ERR,ERR,ERR,ERR,ERR,ERR,ERR,ERR,ERR,0.0,0.0,0.0,0.0,0.0,1.3936040501711995e+18,7.805,0.0,0,0,4,0,7300,-0.0,0,0.0,0.0,0.0,0.0,0.0,0,0,0,0,0.0,0,0,0,0,0,0,0,0,0,0,0,0,0,0,0,0,0,0,0,0,0,0,0,0,0,0,0,0,0,0,0,0,0,32,30,30,62,65476,0,300,0,0,8,21553,0.0,-107605600.0,0.0,0.0,0.0,0.0,0.0,0.0,0.0,0.0,0.0,0.0,0.0,0.0,0.0,0.0,0.0,0.0,0.0,0.0,0.0,0.0,2.004,2.004,-0.0,0.0,0.0,0.0,0.0,0.0,5551.0,-2.004,6968.0,0.0,0.0,-107615280.0,-107615328.0,0.0,0.0,0.0,0.0,63,-0.0,2.718421373956807e+23,0.0,0.0,0.0,0.0,0.0,0.0,0.0,0,0,0,0.0,0.0,0.0,0.0,0.0,0.0,0.0,0.0,0.0,0.0,0.0,0.0,0.0,0.0,0.0,0.0,0,-107875648.0,63,0.0,126,2.7184242562605685e+23,-0.0,ERR,ERR,ERR,ERR,ERR,ERR,ERR,ERR,ERR,ERR,ERR,ERR,ERR,ERR,ERR,ERR,ERR,ERR,ERR,ERR,ERR,ERR,ERR,ERR,ERR,ERR,ERR,ERR,ERR,ERR,ERR,ERR,ERR,ERR,ERR,ERR,ERR,ERR,ERR,ERR,ERR,ERR,ERR,ERR,ERR,ERR,ERR,ERR,ERR,ERR,ERR,ERR,ERR,ERR,ERR,ERR,ERR,ERR,ERR,ERR,ERR,ERR,ERR,ERR,ERR,ERR,ERR,34.0,80.0,35,0.0,0.0,0.0,0.0,0.0,0.0,0.0,0.0,0.0,0.0,0.0,0.0,0.0,0.0,0.0,0.0,64.4,0,117,56,50,65476,0,300,0,0,8,20529,65476,0,0,57672,80.0,0.0,0.0,0.0,0.0,0.0
2026-06-17T04:14:24,ERR,ERR,ERR,ERR,ERR,ERR,ERR,ERR,ERR,ERR,ERR,ERR,ERR,ERR,ERR,ERR,ERR,ERR,ERR,ERR,ERR,ERR,ERR,ERR,ERR,ERR,ERR,ERR,ERR,ERR,ERR,ERR,ERR,ERR,ERR,ERR,ERR,ERR,ERR,ERR,ERR,ERR,ERR,ERR,ERR,ERR,ERR,ERR,ERR,ERR,ERR,ERR,ERR,ERR,ERR,ERR,ERR,ERR,ERR,ERR,ERR,ERR,ERR,ERR,ERR,ERR,ERR,ERR,ERR,ERR,ERR,ERR,ERR,ERR,ERR,ERR,ERR,ERR,ERR,ERR,ERR,ERR,ERR,ERR,ERR,ERR,ERR,ERR,ERR,ERR,ERR,ERR,ERR,ERR,ERR,ERR,ERR,ERR,ERR,ERR,ERR,ERR,ERR,ERR,ERR,ERR,ERR,ERR,ERR,ERR,ERR,ERR,ERR,ERR,ERR,ERR,ERR,ERR,ERR,ERR,ERR,ERR,ERR,ERR,ERR,0.0,0.0,0.0,0.0,0.0,1.3936040501711995e+18,7.805,0.0,0,0,4,0,7300,-0.0,0,0.0,0.0,0.0,0.0,0.0,0,0,0,0,0.0,0,0,0,0,0,0,0,0,0,0,0,0,0,0,0,0,0,0,0,0,0,0,0,0,0,0,0,0,0,0,0,0,0,32,30,30,62,65476,0,300,0,0,8,21553,0.0,-107605600.0,0.0,0.0,0.0,0.0,0.0,0.0,0.0,0.0,0.0,0.0,0.0,0.0,0.0,0.0,0.0,0.0,0.0,0.0,0.0,0.0,2.004,2.004,-0.0,0.0,0.0,0.0,0.0,0.0,5551.0,-2.004,6968.0,0.0,0.0,-107615280.0,-107615328.0,0.0,0.0,0.0,0.0,63,-0.0,2.718421373956807e+23,0.0,0.0,0.0,0.0,0.0,0.0,0.0,0,0,0,0.0,0.0,0.0,0.0,0.0,0.0,0.0,0.0,0.0,0.0,0.0,0.0,0.0,0.0,0.0,0.0,0,-107875648.0,63,0.0,126,2.7184242562605685e+23,-0.0,ERR,ERR,ERR,ERR,ERR,ERR,ERR,ERR,ERR,ERR,ERR,ERR,ERR,ERR,ERR,ERR,ERR,ERR,ERR,ERR,ERR,ERR,ERR,ERR,ERR,ERR,ERR,ERR,ERR,ERR,ERR,ERR,ERR,ERR,ERR,ERR,ERR,ERR,ERR,ERR,ERR,ERR,ERR,ERR,ERR,ERR,ERR,ERR,ERR,ERR,ERR,ERR,ERR,ERR,ERR,ERR,ERR,ERR,ERR,ERR,ERR,ERR,ERR,ERR,ERR,ERR,ERR,34.0,80.0,35,0.0,0.0,0.0,0.0,0.0,0.0,0.0,0.0,0.0,0.0,0.0,0.0,0.0,0.0,0.0,0.0,64.4,0,117,56,50,65476,0,300,0,0,8,20529,65476,0,0,57672,80.0,0.0,0.0,0.0,0.0,0.0
2026-06-17T04:14:25,ERR,ERR,ERR,ERR,ERR,ERR,ERR,ERR,ERR,ERR,ERR,ERR,ERR,ERR,ERR,ERR,ERR,ERR,ERR,ERR,ERR,ERR,ERR,ERR,ERR,ERR,ERR,ERR,ERR,ERR,ERR,ERR,ERR,ERR,ERR,ERR,ERR,ERR,ERR,ERR,ERR,ERR,ERR,ERR,ERR,ERR,ERR,ERR,ERR,ERR,ERR,ERR,ERR,ERR,ERR,ERR,ERR,ERR,ERR,ERR,ERR,ERR,ERR,ERR,ERR,ERR,ERR,ERR,ERR,ERR,ERR,ERR,ERR,ERR,ERR,ERR,ERR,ERR,ERR,ERR,ERR,ERR,ERR,ERR,ERR,ERR,ERR,ERR,ERR,ERR,ERR,ERR,ERR,ERR,ERR,ERR,ERR,ERR,ERR,ERR,ERR,ERR,ERR,ERR,ERR,ERR,ERR,ERR,ERR,ERR,ERR,ERR,ERR,ERR,ERR,ERR,ERR,ERR,ERR,ERR,ERR,ERR,ERR,ERR,ERR,0.0,0.0,0.0,0.0,0.0,1.3936040501711995e+18,7.805,0.0,0,0,4,0,7300,-0.0,0,0.0,0.0,0.0,0.0,0.0,0,0,0,0,0.0,0,0,0,0,0,0,0,0,0,0,0,0,0,0,0,0,0,0,0,0,0,0,0,0,0,0,0,0,0,0,0,0,0,32,30,30,62,65476,0,300,0,0,8,21553,0.0,-107605600.0,0.0,0.0,0.0,0.0,0.0,0.0,0.0,0.0,0.0,0.0,0.0,0.0,0.0,0.0,0.0,0.0,0.0,0.0,0.0,0.0,2.004,2.004,-0.0,0.0,0.0,0.0,0.0,0.0,5551.0,-2.004,6968.0,0.0,0.0,-107615280.0,-107615328.0,0.0,0.0,0.0,0.0,63,-0.0,2.718421373956807e+23,0.0,0.0,0.0,0.0,0.0,0.0,0.0,0,0,0,0.0,0.0,0.0,0.0,0.0,0.0,0.0,0.0,0.0,0.0,0.0,0.0,0.0,0.0,0.0,0.0,0,-107875648.0,63,0.0,126,2.7184242562605685e+23,-0.0,ERR,ERR,ERR,ERR,ERR,ERR,ERR,ERR,ERR,ERR,ERR,ERR,ERR,ERR,ERR,ERR,ERR,ERR,ERR,ERR,ERR,ERR,ERR,ERR,ERR,ERR,ERR,ERR,ERR,ERR,ERR,ERR,ERR,ERR,ERR,ERR,ERR,ERR,ERR,ERR,ERR,ERR,ERR,ERR,ERR,ERR,ERR,ERR,ERR,ERR,ERR,ERR,ERR,ERR,ERR,ERR,ERR,ERR,ERR,ERR,ERR,ERR,ERR,ERR,ERR,ERR,ERR,34.0,80.0,35,0.0,0.0,0.0,0.0,0.0,0.0,0.0,0.0,0.0,0.0,0.0,0.0,0.0,0.0,0.0,0.0,64.4,0,117,56,50,65476,0,300,0,0,8,20529,65476,0,0,57672,80.0,0.0,0.0,0.0,0.0,0.0
2026-06-17T04:14:26,ERR,ERR,ERR,ERR,ERR,ERR,ERR,ERR,ERR,ERR,ERR,ERR,ERR,ERR,ERR,ERR,ERR,ERR,ERR,ERR,ERR,ERR,ERR,ERR,ERR,ERR,ERR,ERR,ERR,ERR,ERR,ERR,ERR,ERR,ERR,ERR,ERR,ERR,ERR,ERR,ERR,ERR,ERR,ERR,ERR,ERR,ERR,ERR,ERR,ERR,ERR,ERR,ERR,ERR,ERR,ERR,ERR,ERR,ERR,ERR,ERR,ERR,ERR,ERR,ERR,ERR,ERR,ERR,ERR,ERR,ERR,ERR,ERR,ERR,ERR,ERR,ERR,ERR,ERR,ERR,ERR,ERR,ERR,ERR,ERR,ERR,ERR,ERR,ERR,ERR,ERR,ERR,ERR,ERR,ERR,ERR,ERR,ERR,ERR,ERR,ERR,ERR,ERR,ERR,ERR,ERR,ERR,ERR,ERR,ERR,ERR,ERR,ERR,ERR,ERR,ERR,ERR,ERR,ERR,ERR,ERR,ERR,ERR,ERR,ERR,0.0,0.0,0.0,0.0,0.0,1.3936040501711995e+18,7.805,0.0,0,0,4,0,7300,-0.0,0,0.0,0.0,0.0,0.0,0.0,0,0,0,0,0.0,0,0,0,0,0,0,0,0,0,0,0,0,0,0,0,0,0,0,0,0,0,0,0,0,0,0,0,0,0,0,0,0,0,32,30,30,62,65476,0,300,0,0,8,21553,0.0,-107605600.0,0.0,0.0,0.0,0.0,0.0,0.0,0.0,0.0,0.0,0.0,0.0,0.0,0.0,0.0,0.0,0.0,0.0,0.0,0.0,0.0,2.004,2.004,-0.0,0.0,0.0,0.0,0.0,0.0,5545.0,564146974228480.0,6952.0,0.0,0.0,-107615280.0,-107615328.0,0.0,0.0,0.0,0.0,63,4.950427050461716e+32,-71.63,0.0,0.0,0.0,0.0,0.0,0.0,0.0,0,0,0,0.0,0.0,0.0,0.0,0.0,0.0,0.0,0.0,0.0,0.0,0.0,0.0,0.0,0.0,0.0,0.0,0,-107875648.0,63,0.0,126,2.7184242562605685e+23,-0.0,ERR,ERR,ERR,ERR,ERR,ERR,ERR,ERR,ERR,ERR,ERR,ERR,ERR,ERR,ERR,ERR,ERR,ERR,ERR,ERR,ERR,ERR,ERR,ERR,ERR,ERR,ERR,ERR,ERR,ERR,ERR,ERR,ERR,ERR,ERR,ERR,ERR,ERR,ERR,ERR,ERR,ERR,ERR,ERR,ERR,ERR,ERR,ERR,ERR,ERR,ERR,ERR,ERR,ERR,ERR,ERR,ERR,ERR,ERR,ERR,ERR,ERR,ERR,ERR,ERR,ERR,ERR,34.0,80.0,35,0.0,0.0,0.0,0.0,0.0,0.0,0.0,0.0,0.0,0.0,0.0,0.0,0.0,0.0,0.0,0.0,64.4,0,117,56,50,65476,0,300,0,0,8,20529,65476,0,0,57672,80.0,0.0,0.0,0.0,0.0,0.0
2026-06-17T04:14:27,ERR,ERR,ERR,ERR,ERR,ERR,ERR,ERR,ERR,ERR,ERR,ERR,ERR,ERR,ERR,ERR,ERR,ERR,ERR,ERR,ERR,ERR,ERR,ERR,ERR,ERR,ERR,ERR,ERR,ERR,ERR,ERR,ERR,ERR,ERR,ERR,ERR,ERR,ERR,ERR,ERR,ERR,ERR,ERR,ERR,ERR,ERR,ERR,ERR,ERR,ERR,ERR,ERR,ERR,ERR,ERR,ERR,ERR,ERR,ERR,ERR,ERR,ERR,ERR,ERR,ERR,ERR,ERR,ERR,ERR,ERR,ERR,ERR,ERR,ERR,ERR,ERR,ERR,ERR,ERR,ERR,ERR,ERR,ERR,ERR,ERR,ERR,ERR,ERR,ERR,ERR,ERR,ERR,ERR,ERR,ERR,ERR,ERR,ERR,ERR,ERR,ERR,ERR,ERR,ERR,ERR,ERR,ERR,ERR,ERR,ERR,ERR,ERR,ERR,ERR,ERR,ERR,ERR,ERR,ERR,ERR,ERR,ERR,ERR,ERR,0.0,0.0,0.0,0.0,0.0,1.3936040501711995e+18,7.805,0.0,0,0,4,0,7300,-0.0,0,0.0,0.0,0.0,0.0,0.0,0,0,0,0,0.0,0,0,0,0,0,0,0,0,0,0,0,0,0,0,0,0,0,0,0,0,0,0,0,0,0,0,0,0,0,0,0,0,0,32,30,30,62,65476,0,300,0,0,8,21553,0.0,-107605600.0,0.0,0.0,0.0,0.0,0.0,0.0,0.0,0.0,0.0,0.0,0.0,0.0,0.0,0.0,0.0,0.0,0.0,0.0,0.0,0.0,2.004,2.004,-0.0,0.0,0.0,0.0,0.0,0.0,5545.0,564146974228480.0,6952.0,0.0,0.0,-107615280.0,-107615328.0,0.0,0.0,0.0,0.0,63,4.950427050461716e+32,-71.63,0.0,0.0,0.0,0.0,0.0,0.0,0.0,0,0,0,0.0,0.0,0.0,0.0,0.0,0.0,0.0,0.0,0.0,0.0,0.0,0.0,0.0,0.0,0.0,0.0,0,-107875648.0,63,0.0,126,2.7184242562605685e+23,-0.0,ERR,ERR,ERR,ERR,ERR,ERR,ERR,ERR,ERR,ERR,ERR,ERR,ERR,ERR,ERR,ERR,ERR,ERR,ERR,ERR,ERR,ERR,ERR,ERR,ERR,ERR,ERR,ERR,ERR,ERR,ERR,ERR,ERR,ERR,ERR,ERR,ERR,ERR,ERR,ERR,ERR,ERR,ERR,ERR,ERR,ERR,ERR,ERR,ERR,ERR,ERR,ERR,ERR,ERR,ERR,ERR,ERR,ERR,ERR,ERR,ERR,ERR,ERR,ERR,ERR,ERR,ERR,34.0,80.0,35,0.0,0.0,0.0,0.0,0.0,0.0,0.0,0.0,0.0,0.0,0.0,0.0,0.0,0.0,0.0,0.0,64.4,0,117,56,50,65476,0,300,0,0,8,20529,65476,0,0,57672,80.0,0.0,0.0,0.0,0.0,0.0
2026-06-17T04:14:28,ERR,ERR,ERR,ERR,ERR,ERR,ERR,ERR,ERR,ERR,ERR,ERR,ERR,ERR,ERR,ERR,ERR,ERR,ERR,ERR,ERR,ERR,ERR,ERR,ERR,ERR,ERR,ERR,ERR,ERR,ERR,ERR,ERR,ERR,ERR,ERR,ERR,ERR,ERR,ERR,ERR,ERR,ERR,ERR,ERR,ERR,ERR,ERR,ERR,ERR,ERR,ERR,ERR,ERR,ERR,ERR,ERR,ERR,ERR,ERR,ERR,ERR,ERR,ERR,ERR,ERR,ERR,ERR,ERR,ERR,ERR,ERR,ERR,ERR,ERR,ERR,ERR,ERR,ERR,ERR,ERR,ERR,ERR,ERR,ERR,ERR,ERR,ERR,ERR,ERR,ERR,ERR,ERR,ERR,ERR,ERR,ERR,ERR,ERR,ERR,ERR,ERR,ERR,ERR,ERR,ERR,ERR,ERR,ERR,ERR,ERR,ERR,ERR,ERR,ERR,ERR,ERR,ERR,ERR,ERR,ERR,ERR,ERR,ERR,ERR,0.0,0.0,0.0,0.0,0.0,1.3936040501711995e+18,7.805,0.0,0,0,4,0,7300,-0.0,0,0.0,0.0,0.0,0.0,0.0,0,0,0,0,0.0,0,0,0,0,0,0,0,0,0,0,0,0,0,0,0,0,0,0,0,0,0,0,0,0,0,0,0,0,0,0,0,0,0,32,30,30,62,65476,0,300,0,0,8,21553,0.0,-107605600.0,0.0,0.0,0.0,0.0,0.0,0.0,0.0,0.0,0.0,0.0,0.0,0.0,0.0,0.0,0.0,0.0,0.0,0.0,0.0,0.0,2.004,2.004,-0.0,0.0,0.0,0.0,0.0,0.0,5545.0,564146974228480.0,6952.0,0.0,0.0,-107615280.0,-107615328.0,0.0,0.0,0.0,0.0,63,4.950427050461716e+32,-71.63,0.0,0.0,0.0,0.0,0.0,0.0,0.0,0,0,0,0.0,0.0,0.0,0.0,0.0,0.0,0.0,0.0,0.0,0.0,0.0,0.0,0.0,0.0,0.0,0.0,0,-107875648.0,63,0.0,126,2.7184242562605685e+23,-0.0,ERR,ERR,ERR,ERR,ERR,ERR,ERR,ERR,ERR,ERR,ERR,ERR,ERR,ERR,ERR,ERR,ERR,ERR,ERR,ERR,ERR,ERR,ERR,ERR,ERR,ERR,ERR,ERR,ERR,ERR,ERR,ERR,ERR,ERR,ERR,ERR,ERR,ERR,ERR,ERR,ERR,ERR,ERR,ERR,ERR,ERR,ERR,ERR,ERR,ERR,ERR,ERR,ERR,ERR,ERR,ERR,ERR,ERR,ERR,ERR,ERR,ERR,ERR,ERR,ERR,ERR,ERR,34.0,80.0,35,0.0,0.0,0.0,0.0,0.0,0.0,0.0,0.0,0.0,0.0,0.0,0.0,0.0,0.0,0.0,0.0,64.4,0,117,56,50,65476,0,300,0,0,8,20529,65476,0,0,57672,80.0,0.0,0.0,0.0,0.0,0.0
2026-06-17T04:14:29,ERR,ERR,ERR,ERR,ERR,ERR,ERR,ERR,ERR,ERR,ERR,ERR,ERR,ERR,ERR,ERR,ERR,ERR,ERR,ERR,ERR,ERR,ERR,ERR,ERR,ERR,ERR,ERR,ERR,ERR,ERR,ERR,ERR,ERR,ERR,ERR,ERR,ERR,ERR,ERR,ERR,ERR,ERR,ERR,ERR,ERR,ERR,ERR,ERR,ERR,ERR,ERR,ERR,ERR,ERR,ERR,ERR,ERR,ERR,ERR,ERR,ERR,ERR,ERR,ERR,ERR,ERR,ERR,ERR,ERR,ERR,ERR,ERR,ERR,ERR,ERR,ERR,ERR,ERR,ERR,ERR,ERR,ERR,ERR,ERR,ERR,ERR,ERR,ERR,ERR,ERR,ERR,ERR,ERR,ERR,ERR,ERR,ERR,ERR,ERR,ERR,ERR,ERR,ERR,ERR,ERR,ERR,ERR,ERR,ERR,ERR,ERR,ERR,ERR,ERR,ERR,ERR,ERR,ERR,ERR,ERR,ERR,ERR,ERR,ERR,0.0,0.0,0.0,0.0,0.0,1.3936040501711995e+18,7.805,0.0,0,0,4,0,7300,-0.0,0,0.0,0.0,0.0,0.0,0.0,0,0,0,0,0.0,0,0,0,0,0,0,0,0,0,0,0,0,0,0,0,0,0,0,0,0,0,0,0,0,0,0,0,0,0,0,0,0,0,32,30,30,62,65476,0,300,0,0,8,21553,0.0,-107605600.0,0.0,0.0,0.0,0.0,0.0,0.0,0.0,0.0,0.0,0.0,0.0,0.0,0.0,0.0,0.0,0.0,0.0,0.0,0.0,0.0,2.004,2.004,-0.0,0.0,0.0,0.0,0.0,0.0,5545.0,564146974228480.0,6952.0,0.0,0.0,-107615280.0,-107615328.0,0.0,0.0,0.0,0.0,63,4.950427050461716e+32,-71.63,0.0,0.0,0.0,0.0,0.0,0.0,0.0,0,0,0,0.0,0.0,0.0,0.0,0.0,0.0,0.0,0.0,0.0,0.0,0.0,0.0,0.0,0.0,0.0,0.0,0,-107875648.0,63,0.0,126,2.7184242562605685e+23,-0.0,ERR,ERR,ERR,ERR,ERR,ERR,ERR,ERR,ERR,ERR,ERR,ERR,ERR,ERR,ERR,ERR,ERR,ERR,ERR,ERR,ERR,ERR,ERR,ERR,ERR,ERR,ERR,ERR,ERR,ERR,ERR,ERR,ERR,ERR,ERR,ERR,ERR,ERR,ERR,ERR,ERR,ERR,ERR,ERR,ERR,ERR,ERR,ERR,ERR,ERR,ERR,ERR,ERR,ERR,ERR,ERR,ERR,ERR,ERR,ERR,ERR,ERR,ERR,ERR,ERR,ERR,ERR,34.0,80.0,35,0.0,0.0,0.0,0.0,0.0,0.0,0.0,0.0,0.0,0.0,0.0,0.0,0.0,0.0,0.0,0.0,64.4,0,117,56,50,65476,0,300,0,0,8,20529,65476,0,0,57672,80.0,0.0,0.0,0.0,0.0,0.0
2026-06-17T04:14:30,ERR,ERR,ERR,ERR,ERR,ERR,ERR,ERR,ERR,ERR,ERR,ERR,ERR,ERR,ERR,ERR,ERR,ERR,ERR,ERR,ERR,ERR,ERR,ERR,ERR,ERR,ERR,ERR,ERR,ERR,ERR,ERR,ERR,ERR,ERR,ERR,ERR,ERR,ERR,ERR,ERR,ERR,ERR,ERR,ERR,ERR,ERR,ERR,ERR,ERR,ERR,ERR,ERR,ERR,ERR,ERR,ERR,ERR,ERR,ERR,ERR,ERR,ERR,ERR,ERR,ERR,ERR,ERR,ERR,ERR,ERR,ERR,ERR,ERR,ERR,ERR,ERR,ERR,ERR,ERR,ERR,ERR,ERR,ERR,ERR,ERR,ERR,ERR,ERR,ERR,ERR,ERR,ERR,ERR,ERR,ERR,ERR,ERR,ERR,ERR,ERR,ERR,ERR,ERR,ERR,ERR,ERR,ERR,ERR,ERR,ERR,ERR,ERR,ERR,ERR,ERR,ERR,ERR,ERR,ERR,ERR,ERR,ERR,ERR,ERR,0.0,0.0,0.0,0.0,0.0,1.3936040501711995e+18,7.805,0.0,0,0,4,0,7300,-0.0,0,0.0,0.0,0.0,0.0,0.0,0,0,0,0,0.0,0,0,0,0,0,0,0,0,0,0,0,0,0,0,0,0,0,0,0,0,0,0,0,0,0,0,0,0,0,0,0,0,0,32,30,30,62,65476,0,300,0,0,8,21553,0.0,-107605600.0,0.0,0.0,0.0,0.0,0.0,0.0,0.0,0.0,0.0,0.0,0.0,0.0,0.0,0.0,0.0,0.0,0.0,0.0,0.0,0.0,2.004,2.004,-0.0,0.0,0.0,0.0,0.0,0.0,5545.0,564146974228480.0,6952.0,0.0,0.0,-107615280.0,-107615328.0,0.0,0.0,0.0,0.0,63,4.950427050461716e+32,-71.63,0.0,0.0,0.0,0.0,0.0,0.0,0.0,0,0,0,0.0,0.0,0.0,0.0,0.0,0.0,0.0,0.0,0.0,0.0,0.0,0.0,0.0,0.0,0.0,0.0,0,-107875648.0,63,0.0,126,2.7184242562605685e+23,-0.0,ERR,ERR,ERR,ERR,ERR,ERR,ERR,ERR,ERR,ERR,ERR,ERR,ERR,ERR,ERR,ERR,ERR,ERR,ERR,ERR,ERR,ERR,ERR,ERR,ERR,ERR,ERR,ERR,ERR,ERR,ERR,ERR,ERR,ERR,ERR,ERR,ERR,ERR,ERR,ERR,ERR,ERR,ERR,ERR,ERR,ERR,ERR,ERR,ERR,ERR,ERR,ERR,ERR,ERR,ERR,ERR,ERR,ERR,ERR,ERR,ERR,ERR,ERR,ERR,ERR,ERR,ERR,34.0,80.0,35,0.0,0.0,0.0,0.0,0.0,0.0,0.0,0.0,0.0,0.0,0.0,0.0,0.0,0.0,0.0,0.0,64.4,0,117,56,50,65476,0,300,0,0,8,20529,65476,0,0,57672,80.0,0.0,0.0,0.0,0.0,0.0
2026-06-17T04:14:31,ERR,ERR,ERR,ERR,ERR,ERR,ERR,ERR,ERR,ERR,ERR,ERR,ERR,ERR,ERR,ERR,ERR,ERR,ERR,ERR,ERR,ERR,ERR,ERR,ERR,ERR,ERR,ERR,ERR,ERR,ERR,ERR,ERR,ERR,ERR,ERR,ERR,ERR,ERR,ERR,ERR,ERR,ERR,ERR,ERR,ERR,ERR,ERR,ERR,ERR,ERR,ERR,ERR,ERR,ERR,ERR,ERR,ERR,ERR,ERR,ERR,ERR,ERR,ERR,ERR,ERR,ERR,ERR,ERR,ERR,ERR,ERR,ERR,ERR,ERR,ERR,ERR,ERR,ERR,ERR,ERR,ERR,ERR,ERR,ERR,ERR,ERR,ERR,ERR,ERR,ERR,ERR,ERR,ERR,ERR,ERR,ERR,ERR,ERR,ERR,ERR,ERR,ERR,ERR,ERR,ERR,ERR,ERR,ERR,ERR,ERR,ERR,ERR,ERR,ERR,ERR,ERR,ERR,ERR,ERR,ERR,ERR,ERR,ERR,ERR,0.0,0.0,0.0,0.0,0.0,1.3936040501711995e+18,7.805,0.0,0,0,4,0,7300,-0.0,0,0.0,0.0,0.0,0.0,0.0,0,0,0,0,0.0,0,0,0,0,0,0,0,0,0,0,0,0,0,0,0,0,0,0,0,0,0,0,0,0,0,0,0,0,0,0,0,0,0,32,30,30,62,65476,0,300,0,0,8,21553,0.0,-107605600.0,0.0,0.0,0.0,0.0,0.0,0.0,0.0,0.0,0.0,0.0,0.0,0.0,0.0,0.0,0.0,0.0,0.0,0.0,0.0,0.0,2.004,2.004,-0.0,0.0,0.0,0.0,0.0,0.0,5551.0,0.0,6948.0,0.0,0.0,-107615280.0,-107615328.0,0.0,0.0,0.0,0.0,63,-0.0,5.848064002116455e+35,0.0,0.0,0.0,0.0,0.0,0.0,0.0,0,0,0,0.0,0.0,0.0,0.0,0.0,0.0,0.0,0.0,0.0,0.0,0.0,0.0,0.0,0.0,0.0,0.0,0,-107875648.0,63,0.0,126,2.7184242562605685e+23,-0.0,ERR,ERR,ERR,ERR,ERR,ERR,ERR,ERR,ERR,ERR,ERR,ERR,ERR,ERR,ERR,ERR,ERR,ERR,ERR,ERR,ERR,ERR,ERR,ERR,ERR,ERR,ERR,ERR,ERR,ERR,ERR,ERR,ERR,ERR,ERR,ERR,ERR,ERR,ERR,ERR,ERR,ERR,ERR,ERR,ERR,ERR,ERR,ERR,ERR,ERR,ERR,ERR,ERR,ERR,ERR,ERR,ERR,ERR,ERR,ERR,ERR,ERR,ERR,ERR,ERR,ERR,ERR,34.0,80.0,35,0.0,0.0,0.0,0.0,0.0,0.0,0.0,0.0,0.0,0.0,0.0,0.0,0.0,0.0,0.0,0.0,64.4,0,117,56,50,65476,0,300,0,0,8,20529,65476,0,0,57672,80.0,0.0,0.0,0.0,0.0,0.0
2026-06-17T04:14:32,ERR,ERR,ERR,ERR,ERR,ERR,ERR,ERR,ERR,ERR,ERR,ERR,ERR,ERR,ERR,ERR,ERR,ERR,ERR,ERR,ERR,ERR,ERR,ERR,ERR,ERR,ERR,ERR,ERR,ERR,ERR,ERR,ERR,ERR,ERR,ERR,ERR,ERR,ERR,ERR,ERR,ERR,ERR,ERR,ERR,ERR,ERR,ERR,ERR,ERR,ERR,ERR,ERR,ERR,ERR,ERR,ERR,ERR,ERR,ERR,ERR,ERR,ERR,ERR,ERR,ERR,ERR,ERR,ERR,ERR,ERR,ERR,ERR,ERR,ERR,ERR,ERR,ERR,ERR,ERR,ERR,ERR,ERR,ERR,ERR,ERR,ERR,ERR,ERR,ERR,ERR,ERR,ERR,ERR,ERR,ERR,ERR,ERR,ERR,ERR,ERR,ERR,ERR,ERR,ERR,ERR,ERR,ERR,ERR,ERR,ERR,ERR,ERR,ERR,ERR,ERR,ERR,ERR,ERR,ERR,ERR,ERR,ERR,ERR,ERR,0.0,0.0,0.0,0.0,0.0,1.3936040501711995e+18,7.805,0.0,0,0,4,0,7300,-0.0,0,0.0,0.0,0.0,0.0,0.0,0,0,0,0,0.0,0,0,0,0,0,0,0,0,0,0,0,0,0,0,0,0,0,0,0,0,0,0,0,0,0,0,0,0,0,0,0,0,0,32,30,30,62,65476,0,300,0,0,8,21553,0.0,-107605600.0,0.0,0.0,0.0,0.0,0.0,0.0,0.0,0.0,0.0,0.0,0.0,0.0,0.0,0.0,0.0,0.0,0.0,0.0,0.0,0.0,2.004,2.004,-0.0,0.0,0.0,0.0,0.0,0.0,5551.0,0.0,6948.0,0.0,0.0,-107615280.0,-107615328.0,0.0,0.0,0.0,0.0,63,-0.0,5.848064002116455e+35,0.0,0.0,0.0,0.0,0.0,0.0,0.0,0,0,0,0.0,0.0,0.0,0.0,0.0,0.0,0.0,0.0,0.0,0.0,0.0,0.0,0.0,0.0,0.0,0.0,0,-107875648.0,63,0.0,126,2.7184242562605685e+23,-0.0,ERR,ERR,ERR,ERR,ERR,ERR,ERR,ERR,ERR,ERR,ERR,ERR,ERR,ERR,ERR,ERR,ERR,ERR,ERR,ERR,ERR,ERR,ERR,ERR,ERR,ERR,ERR,ERR,ERR,ERR,ERR,ERR,ERR,ERR,ERR,ERR,ERR,ERR,ERR,ERR,ERR,ERR,ERR,ERR,ERR,ERR,ERR,ERR,ERR,ERR,ERR,ERR,ERR,ERR,ERR,ERR,ERR,ERR,ERR,ERR,ERR,ERR,ERR,ERR,ERR,ERR,ERR,34.0,80.0,35,0.0,0.0,0.0,0.0,0.0,0.0,0.0,0.0,0.0,0.0,0.0,0.0,0.0,0.0,0.0,0.0,64.4,0,117,56,50,65476,0,300,0,0,8,20529,65476,0,0,57672,80.0,0.0,0.0,0.0,0.0,0.0
2026-06-17T04:14:33,ERR,ERR,ERR,ERR,ERR,ERR,ERR,ERR,ERR,ERR,ERR,ERR,ERR,ERR,ERR,ERR,ERR,ERR,ERR,ERR,ERR,ERR,ERR,ERR,ERR,ERR,ERR,ERR,ERR,ERR,ERR,ERR,ERR,ERR,ERR,ERR,ERR,ERR,ERR,ERR,ERR,ERR,ERR,ERR,ERR,ERR,ERR,ERR,ERR,ERR,ERR,ERR,ERR,ERR,ERR,ERR,ERR,ERR,ERR,ERR,ERR,ERR,ERR,ERR,ERR,ERR,ERR,ERR,ERR,ERR,ERR,ERR,ERR,ERR,ERR,ERR,ERR,ERR,ERR,ERR,ERR,ERR,ERR,ERR,ERR,ERR,ERR,ERR,ERR,ERR,ERR,ERR,ERR,ERR,ERR,ERR,ERR,ERR,ERR,ERR,ERR,ERR,ERR,ERR,ERR,ERR,ERR,ERR,ERR,ERR,ERR,ERR,ERR,ERR,ERR,ERR,ERR,ERR,ERR,ERR,ERR,ERR,ERR,ERR,ERR,0.0,0.0,0.0,0.0,0.0,1.3936040501711995e+18,7.805,0.0,0,0,4,0,7300,-0.0,0,0.0,0.0,0.0,0.0,0.0,0,0,0,0,0.0,0,0,0,0,0,0,0,0,0,0,0,0,0,0,0,0,0,0,0,0,0,0,0,0,0,0,0,0,0,0,0,0,0,32,30,30,62,65476,0,300,0,0,8,21553,0.0,-107605600.0,0.0,0.0,0.0,0.0,0.0,0.0,0.0,0.0,0.0,0.0,0.0,0.0,0.0,0.0,0.0,0.0,0.0,0.0,0.0,0.0,2.004,2.004,-0.0,0.0,0.0,0.0,0.0,0.0,5551.0,0.0,6948.0,0.0,0.0,-107615280.0,-107615328.0,0.0,0.0,0.0,0.0,63,-0.0,5.848064002116455e+35,0.0,0.0,0.0,0.0,0.0,0.0,0.0,0,0,0,0.0,0.0,0.0,0.0,0.0,0.0,0.0,0.0,0.0,0.0,0.0,0.0,0.0,0.0,0.0,0.0,0,-107875648.0,63,0.0,126,2.7184242562605685e+23,-0.0,ERR,ERR,ERR,ERR,ERR,ERR,ERR,ERR,ERR,ERR,ERR,ERR,ERR,ERR,ERR,ERR,ERR,ERR,ERR,ERR,ERR,ERR,ERR,ERR,ERR,ERR,ERR,ERR,ERR,ERR,ERR,ERR,ERR,ERR,ERR,ERR,ERR,ERR,ERR,ERR,ERR,ERR,ERR,ERR,ERR,ERR,ERR,ERR,ERR,ERR,ERR,ERR,ERR,ERR,ERR,ERR,ERR,ERR,ERR,ERR,ERR,ERR,ERR,ERR,ERR,ERR,ERR,34.0,80.0,35,0.0,0.0,0.0,0.0,0.0,0.0,0.0,0.0,0.0,0.0,0.0,0.0,0.0,0.0,0.0,0.0,64.8,0,117,56,50,65476,0,300,0,0,8,20529,65476,0,0,57672,80.0,0.0,0.0,0.0,0.0,0.0
2026-06-17T04:14:34,ERR,ERR,ERR,ERR,ERR,ERR,ERR,ERR,ERR,ERR,ERR,ERR,ERR,ERR,ERR,ERR,ERR,ERR,ERR,ERR,ERR,ERR,ERR,ERR,ERR,ERR,ERR,ERR,ERR,ERR,ERR,ERR,ERR,ERR,ERR,ERR,ERR,ERR,ERR,ERR,ERR,ERR,ERR,ERR,ERR,ERR,ERR,ERR,ERR,ERR,ERR,ERR,ERR,ERR,ERR,ERR,ERR,ERR,ERR,ERR,ERR,ERR,ERR,ERR,ERR,ERR,ERR,ERR,ERR,ERR,ERR,ERR,ERR,ERR,ERR,ERR,ERR,ERR,ERR,ERR,ERR,ERR,ERR,ERR,ERR,ERR,ERR,ERR,ERR,ERR,ERR,ERR,ERR,ERR,ERR,ERR,ERR,ERR,ERR,ERR,ERR,ERR,ERR,ERR,ERR,ERR,ERR,ERR,ERR,ERR,ERR,ERR,ERR,ERR,ERR,ERR,ERR,ERR,ERR,ERR,ERR,ERR,ERR,ERR,ERR,0.0,0.0,0.0,0.0,0.0,1.3936040501711995e+18,7.805,0.0,0,0,4,0,7300,-0.0,0,0.0,0.0,0.0,0.0,0.0,0,0,0,0,0.0,0,0,0,0,0,0,0,0,0,0,0,0,0,0,0,0,0,0,0,0,0,0,0,0,0,0,0,0,0,0,0,0,0,32,30,30,62,65476,0,300,0,0,8,21553,0.0,-107605600.0,0.0,0.0,0.0,0.0,0.0,0.0,0.0,0.0,0.0,0.0,0.0,0.0,0.0,0.0,0.0,0.0,0.0,0.0,0.0,0.0,2.004,2.004,-0.0,0.0,0.0,0.0,0.0,0.0,5551.0,0.0,6948.0,0.0,0.0,-107615280.0,-107615328.0,0.0,0.0,0.0,0.0,63,-0.0,5.848064002116455e+35,0.0,0.0,0.0,0.0,0.0,0.0,0.0,0,0,0,0.0,0.0,0.0,0.0,0.0,0.0,0.0,0.0,0.0,0.0,0.0,0.0,0.0,0.0,0.0,0.0,0,-107875648.0,63,0.0,126,2.7184242562605685e+23,-0.0,ERR,ERR,ERR,ERR,ERR,ERR,ERR,ERR,ERR,ERR,ERR,ERR,ERR,ERR,ERR,ERR,ERR,ERR,ERR,ERR,ERR,ERR,ERR,ERR,ERR,ERR,ERR,ERR,ERR,ERR,ERR,ERR,ERR,ERR,ERR,ERR,ERR,ERR,ERR,ERR,ERR,ERR,ERR,ERR,ERR,ERR,ERR,ERR,ERR,ERR,ERR,ERR,ERR,ERR,ERR,ERR,ERR,ERR,ERR,ERR,ERR,ERR,ERR,ERR,ERR,ERR,ERR,34.0,80.0,35,0.0,0.0,0.0,0.0,0.0,0.0,0.0,0.0,0.0,0.0,0.0,0.0,0.0,0.0,0.0,0.0,64.4,0,117,56,50,65476,0,300,0,0,8,20529,65476,0,0,57672,80.0,0.0,0.0,0.0,0.0,0.0
2026-06-17T04:14:35,ERR,ERR,ERR,ERR,ERR,ERR,ERR,ERR,ERR,ERR,ERR,ERR,ERR,ERR,ERR,ERR,ERR,ERR,ERR,ERR,ERR,ERR,ERR,ERR,ERR,ERR,ERR,ERR,ERR,ERR,ERR,ERR,ERR,ERR,ERR,ERR,ERR,ERR,ERR,ERR,ERR,ERR,ERR,ERR,ERR,ERR,ERR,ERR,ERR,ERR,ERR,ERR,ERR,ERR,ERR,ERR,ERR,ERR,ERR,ERR,ERR,ERR,ERR,ERR,ERR,ERR,ERR,ERR,ERR,ERR,ERR,ERR,ERR,ERR,ERR,ERR,ERR,ERR,ERR,ERR,ERR,ERR,ERR,ERR,ERR,ERR,ERR,ERR,ERR,ERR,ERR,ERR,ERR,ERR,ERR,ERR,ERR,ERR,ERR,ERR,ERR,ERR,ERR,ERR,ERR,ERR,ERR,ERR,ERR,ERR,ERR,ERR,ERR,ERR,ERR,ERR,ERR,ERR,ERR,ERR,ERR,ERR,ERR,ERR,ERR,0.0,0.0,0.0,0.0,0.0,1.3936040501711995e+18,7.805,0.0,0,0,4,0,7300,-0.0,0,0.0,0.0,0.0,0.0,0.0,0,0,0,0,0.0,0,0,0,0,0,0,0,0,0,0,0,0,0,0,0,0,0,0,0,0,0,0,0,0,0,0,0,0,0,0,0,0,0,32,30,30,62,65476,0,300,0,0,8,21553,0.0,-107605600.0,0.0,0.0,0.0,0.0,0.0,0.0,0.0,0.0,0.0,0.0,0.0,0.0,0.0,0.0,0.0,0.0,0.0,0.0,0.0,0.0,2.004,2.004,-0.0,0.0,0.0,0.0,0.0,0.0,5551.0,0.0,6948.0,0.0,0.0,-107615280.0,-107615328.0,0.0,0.0,0.0,0.0,63,-0.0,5.848064002116455e+35,0.0,0.0,0.0,0.0,0.0,0.0,0.0,0,0,0,0.0,0.0,0.0,0.0,0.0,0.0,0.0,0.0,0.0,0.0,0.0,0.0,0.0,0.0,0.0,0.0,0,-107875648.0,63,0.0,126,2.7184242562605685e+23,-0.0,ERR,ERR,ERR,ERR,ERR,ERR,ERR,ERR,ERR,ERR,ERR,ERR,ERR,ERR,ERR,ERR,ERR,ERR,ERR,ERR,ERR,ERR,ERR,ERR,ERR,ERR,ERR,ERR,ERR,ERR,ERR,ERR,ERR,ERR,ERR,ERR,ERR,ERR,ERR,ERR,ERR,ERR,ERR,ERR,ERR,ERR,ERR,ERR,ERR,ERR,ERR,ERR,ERR,ERR,ERR,ERR,ERR,ERR,ERR,ERR,ERR,ERR,ERR,ERR,ERR,ERR,ERR,34.0,80.0,35,0.0,0.0,0.0,0.0,0.0,0.0,0.0,0.0,0.0,0.0,0.0,0.0,0.0,0.0,0.0,0.0,64.4,0,117,56,50,65476,0,300,0,0,8,20529,65476,0,0,57672,80.0,0.0,0.0,0.0,0.0,0.0
2026-06-17T04:14:36,ERR,ERR,ERR,ERR,ERR,ERR,ERR,ERR,ERR,ERR,ERR,ERR,ERR,ERR,ERR,ERR,ERR,ERR,ERR,ERR,ERR,ERR,ERR,ERR,ERR,ERR,ERR,ERR,ERR,ERR,ERR,ERR,ERR,ERR,ERR,ERR,ERR,ERR,ERR,ERR,ERR,ERR,ERR,ERR,ERR,ERR,ERR,ERR,ERR,ERR,ERR,ERR,ERR,ERR,ERR,ERR,ERR,ERR,ERR,ERR,ERR,ERR,ERR,ERR,ERR,ERR,ERR,ERR,ERR,ERR,ERR,ERR,ERR,ERR,ERR,ERR,ERR,ERR,ERR,ERR,ERR,ERR,ERR,ERR,ERR,ERR,ERR,ERR,ERR,ERR,ERR,ERR,ERR,ERR,ERR,ERR,ERR,ERR,ERR,ERR,ERR,ERR,ERR,ERR,ERR,ERR,ERR,ERR,ERR,ERR,ERR,ERR,ERR,ERR,ERR,ERR,ERR,ERR,ERR,ERR,ERR,ERR,ERR,ERR,ERR,0.0,0.0,0.0,0.0,0.0,1.3936040501711995e+18,7.805,0.0,0,0,4,0,7300,-0.0,0,0.0,0.0,0.0,0.0,0.0,0,0,0,0,0.0,0,0,0,0,0,0,0,0,0,0,0,0,0,0,0,0,0,0,0,0,0,0,0,0,0,0,0,0,0,0,0,0,0,32,30,30,62,65476,0,300,0,0,8,21553,0.0,-107605600.0,0.0,0.0,0.0,0.0,0.0,0.0,0.0,0.0,0.0,0.0,0.0,0.0,0.0,0.0,0.0,0.0,0.0,0.0,0.0,0.0,2.004,2.004,-0.0,0.0,0.0,0.0,0.0,0.0,5551.0,0.0,6948.0,0.0,0.0,-107615280.0,-107615328.0,0.0,0.0,0.0,0.0,63,-0.0,5.848064002116455e+35,0.0,0.0,0.0,0.0,0.0,0.0,0.0,0,0,0,0.0,0.0,0.0,0.0,0.0,0.0,0.0,0.0,0.0,0.0,0.0,0.0,0.0,0.0,0.0,0.0,0,-107875648.0,63,0.0,126,2.7184242562605685e+23,-0.0,ERR,ERR,ERR,ERR,ERR,ERR,ERR,ERR,ERR,ERR,ERR,ERR,ERR,ERR,ERR,ERR,ERR,ERR,ERR,ERR,ERR,ERR,ERR,ERR,ERR,ERR,ERR,ERR,ERR,ERR,ERR,ERR,ERR,ERR,ERR,ERR,ERR,ERR,ERR,ERR,ERR,ERR,ERR,ERR,ERR,ERR,ERR,ERR,ERR,ERR,ERR,ERR,ERR,ERR,ERR,ERR,ERR,ERR,ERR,ERR,ERR,ERR,ERR,ERR,ERR,ERR,ERR,34.0,80.0,35,0.0,0.0,0.0,0.0,0.0,0.0,0.0,0.0,0.0,0.0,0.0,0.0,0.0,0.0,0.0,0.0,64.4,0,117,56,50,65476,0,300,0,0,8,20529,65476,0,0,57672,80.0,0.0,0.0,0.0,0.0,0.0
2026-06-17T04:14:37,ERR,ERR,ERR,ERR,ERR,ERR,ERR,ERR,ERR,ERR,ERR,ERR,ERR,ERR,ERR,ERR,ERR,ERR,ERR,ERR,ERR,ERR,ERR,ERR,ERR,ERR,ERR,ERR,ERR,ERR,ERR,ERR,ERR,ERR,ERR,ERR,ERR,ERR,ERR,ERR,ERR,ERR,ERR,ERR,ERR,ERR,ERR,ERR,ERR,ERR,ERR,ERR,ERR,ERR,ERR,ERR,ERR,ERR,ERR,ERR,ERR,ERR,ERR,ERR,ERR,ERR,ERR,ERR,ERR,ERR,ERR,ERR,ERR,ERR,ERR,ERR,ERR,ERR,ERR,ERR,ERR,ERR,ERR,ERR,ERR,ERR,ERR,ERR,ERR,ERR,ERR,ERR,ERR,ERR,ERR,ERR,ERR,ERR,ERR,ERR,ERR,ERR,ERR,ERR,ERR,ERR,ERR,ERR,ERR,ERR,ERR,ERR,ERR,ERR,ERR,ERR,ERR,ERR,ERR,ERR,ERR,ERR,ERR,ERR,ERR,0.0,0.0,0.0,0.0,0.0,1.3936040501711995e+18,7.805,0.0,0,0,4,0,7300,-0.0,0,0.0,0.0,0.0,0.0,0.0,0,0,0,0,0.0,0,0,0,0,0,0,0,0,0,0,0,0,0,0,0,0,0,0,0,0,0,0,0,0,0,0,0,0,0,0,0,0,0,32,30,30,62,65476,0,300,0,0,8,21553,0.0,-107605600.0,0.0,0.0,0.0,0.0,0.0,0.0,0.0,0.0,0.0,0.0,0.0,0.0,0.0,0.0,0.0,0.0,0.0,0.0,0.0,0.0,2.004,2.004,-0.0,0.0,0.0,0.0,0.0,0.0,5516.0,-1.040667361561035e+34,6975.0,0.0,0.0,-107615280.0,-107615328.0,0.0,0.0,0.0,0.0,63,-0.0,126840709120.0,0.0,0.0,0.0,0.0,0.0,0.0,0.0,0,0,0,0.0,0.0,0.0,0.0,0.0,0.0,0.0,0.0,0.0,0.0,0.0,0.0,0.0,0.0,0.0,0.0,0,-107875648.0,63,0.0,126,2.7184242562605685e+23,-0.0,ERR,ERR,ERR,ERR,ERR,ERR,ERR,ERR,ERR,ERR,ERR,ERR,ERR,ERR,ERR,ERR,ERR,ERR,ERR,ERR,ERR,ERR,ERR,ERR,ERR,ERR,ERR,ERR,ERR,ERR,ERR,ERR,ERR,ERR,ERR,ERR,ERR,ERR,ERR,ERR,ERR,ERR,ERR,ERR,ERR,ERR,ERR,ERR,ERR,ERR,ERR,ERR,ERR,ERR,ERR,ERR,ERR,ERR,ERR,ERR,ERR,ERR,ERR,ERR,ERR,ERR,ERR,34.0,80.0,35,0.0,0.0,0.0,0.0,0.0,0.0,0.0,0.0,0.0,0.0,0.0,0.0,0.0,0.0,0.0,0.0,64.4,0,117,56,50,65476,0,300,0,0,8,20529,65476,0,0,57672,80.0,0.0,0.0,0.0,0.0,0.0
2026-06-17T04:14:38,ERR,ERR,ERR,ERR,ERR,ERR,ERR,ERR,ERR,ERR,ERR,ERR,ERR,ERR,ERR,ERR,ERR,ERR,ERR,ERR,ERR,ERR,ERR,ERR,ERR,ERR,ERR,ERR,ERR,ERR,ERR,ERR,ERR,ERR,ERR,ERR,ERR,ERR,ERR,ERR,ERR,ERR,ERR,ERR,ERR,ERR,ERR,ERR,ERR,ERR,ERR,ERR,ERR,ERR,ERR,ERR,ERR,ERR,ERR,ERR,ERR,ERR,ERR,ERR,ERR,ERR,ERR,ERR,ERR,ERR,ERR,ERR,ERR,ERR,ERR,ERR,ERR,ERR,ERR,ERR,ERR,ERR,ERR,ERR,ERR,ERR,ERR,ERR,ERR,ERR,ERR,ERR,ERR,ERR,ERR,ERR,ERR,ERR,ERR,ERR,ERR,ERR,ERR,ERR,ERR,ERR,ERR,ERR,ERR,ERR,ERR,ERR,ERR,ERR,ERR,ERR,ERR,ERR,ERR,ERR,ERR,ERR,ERR,ERR,ERR,0.0,0.0,0.0,0.0,0.0,1.3936040501711995e+18,7.805,0.0,0,0,4,0,7300,-0.0,0,0.0,0.0,0.0,0.0,0.0,0,0,0,0,0.0,0,0,0,0,0,0,0,0,0,0,0,0,0,0,0,0,0,0,0,0,0,0,0,0,0,0,0,0,0,0,0,0,0,32,30,30,62,65476,0,300,0,0,8,21553,0.0,-107605600.0,0.0,0.0,0.0,0.0,0.0,0.0,0.0,0.0,0.0,0.0,0.0,0.0,0.0,0.0,0.0,0.0,0.0,0.0,0.0,0.0,2.004,2.004,-0.0,0.0,0.0,0.0,0.0,0.0,5516.0,-1.040667361561035e+34,6975.0,0.0,0.0,-107615280.0,-107615328.0,0.0,0.0,0.0,0.0,63,-0.0,126840709120.0,0.0,0.0,0.0,0.0,0.0,0.0,0.0,0,0,0,0.0,0.0,0.0,0.0,0.0,0.0,0.0,0.0,0.0,0.0,0.0,0.0,0.0,0.0,0.0,0.0,0,-107875648.0,63,0.0,126,2.7184242562605685e+23,-0.0,ERR,ERR,ERR,ERR,ERR,ERR,ERR,ERR,ERR,ERR,ERR,ERR,ERR,ERR,ERR,ERR,ERR,ERR,ERR,ERR,ERR,ERR,ERR,ERR,ERR,ERR,ERR,ERR,ERR,ERR,ERR,ERR,ERR,ERR,ERR,ERR,ERR,ERR,ERR,ERR,ERR,ERR,ERR,ERR,ERR,ERR,ERR,ERR,ERR,ERR,ERR,ERR,ERR,ERR,ERR,ERR,ERR,ERR,ERR,ERR,ERR,ERR,ERR,ERR,ERR,ERR,ERR,34.0,80.0,35,0.0,0.0,0.0,0.0,0.0,0.0,0.0,0.0,0.0,0.0,0.0,0.0,0.0,0.0,0.0,0.0,64.4,0,117,56,50,65476,0,300,0,0,8,20529,65476,0,0,57672,80.0,0.0,0.0,0.0,0.0,0.0
2026-06-17T04:14:39,ERR,ERR,ERR,ERR,ERR,ERR,ERR,ERR,ERR,ERR,ERR,ERR,ERR,ERR,ERR,ERR,ERR,ERR,ERR,ERR,ERR,ERR,ERR,ERR,ERR,ERR,ERR,ERR,ERR,ERR,ERR,ERR,ERR,ERR,ERR,ERR,ERR,ERR,ERR,ERR,ERR,ERR,ERR,ERR,ERR,ERR,ERR,ERR,ERR,ERR,ERR,ERR,ERR,ERR,ERR,ERR,ERR,ERR,ERR,ERR,ERR,ERR,ERR,ERR,ERR,ERR,ERR,ERR,ERR,ERR,ERR,ERR,ERR,ERR,ERR,ERR,ERR,ERR,ERR,ERR,ERR,ERR,ERR,ERR,ERR,ERR,ERR,ERR,ERR,ERR,ERR,ERR,ERR,ERR,ERR,ERR,ERR,ERR,ERR,ERR,ERR,ERR,ERR,ERR,ERR,ERR,ERR,ERR,ERR,ERR,ERR,ERR,ERR,ERR,ERR,ERR,ERR,ERR,ERR,ERR,ERR,ERR,ERR,ERR,ERR,0.0,0.0,0.0,0.0,0.0,1.3936040501711995e+18,7.805,0.0,0,0,4,0,7300,-0.0,0,0.0,0.0,0.0,0.0,0.0,0,0,0,0,0.0,0,0,0,0,0,0,0,0,0,0,0,0,0,0,0,0,0,0,0,0,0,0,0,0,0,0,0,0,0,0,0,0,0,32,30,30,62,65476,0,300,0,0,8,21553,0.0,-107605600.0,0.0,0.0,0.0,0.0,0.0,0.0,0.0,0.0,0.0,0.0,0.0,0.0,0.0,0.0,0.0,0.0,0.0,0.0,0.0,0.0,2.004,2.004,-0.0,0.0,0.0,0.0,0.0,0.0,5516.0,-1.040667361561035e+34,6975.0,0.0,0.0,-107615280.0,-107615328.0,0.0,0.0,0.0,0.0,63,-0.0,126840709120.0,0.0,0.0,0.0,0.0,0.0,0.0,0.0,0,0,0,0.0,0.0,0.0,0.0,0.0,0.0,0.0,0.0,0.0,0.0,0.0,0.0,0.0,0.0,0.0,0.0,0,-107875648.0,63,0.0,126,2.7184242562605685e+23,-0.0,ERR,ERR,ERR,ERR,ERR,ERR,ERR,ERR,ERR,ERR,ERR,ERR,ERR,ERR,ERR,ERR,ERR,ERR,ERR,ERR,ERR,ERR,ERR,ERR,ERR,ERR,ERR,ERR,ERR,ERR,ERR,ERR,ERR,ERR,ERR,ERR,ERR,ERR,ERR,ERR,ERR,ERR,ERR,ERR,ERR,ERR,ERR,ERR,ERR,ERR,ERR,ERR,ERR,ERR,ERR,ERR,ERR,ERR,ERR,ERR,ERR,ERR,ERR,ERR,ERR,ERR,ERR,34.0,80.0,35,0.0,0.0,0.0,0.0,0.0,0.0,0.0,0.0,0.0,0.0,0.0,0.0,0.0,0.0,0.0,0.0,64.4,0,117,56,50,65476,0,300,0,0,8,20529,65476,0,0,57672,80.0,0.0,0.0,0.0,0.0,0.0
2026-06-17T04:14:40,ERR,ERR,ERR,ERR,ERR,ERR,ERR,ERR,ERR,ERR,ERR,ERR,ERR,ERR,ERR,ERR,ERR,ERR,ERR,ERR,ERR,ERR,ERR,ERR,ERR,ERR,ERR,ERR,ERR,ERR,ERR,ERR,ERR,ERR,ERR,ERR,ERR,ERR,ERR,ERR,ERR,ERR,ERR,ERR,ERR,ERR,ERR,ERR,ERR,ERR,ERR,ERR,ERR,ERR,ERR,ERR,ERR,ERR,ERR,ERR,ERR,ERR,ERR,ERR,ERR,ERR,ERR,ERR,ERR,ERR,ERR,ERR,ERR,ERR,ERR,ERR,ERR,ERR,ERR,ERR,ERR,ERR,ERR,ERR,ERR,ERR,ERR,ERR,ERR,ERR,ERR,ERR,ERR,ERR,ERR,ERR,ERR,ERR,ERR,ERR,ERR,ERR,ERR,ERR,ERR,ERR,ERR,ERR,ERR,ERR,ERR,ERR,ERR,ERR,ERR,ERR,ERR,ERR,ERR,ERR,ERR,ERR,ERR,ERR,ERR,0.0,0.0,0.0,0.0,0.0,1.3936040501711995e+18,7.805,0.0,0,0,4,0,7300,-0.0,0,0.0,0.0,0.0,0.0,0.0,0,0,0,0,0.0,0,0,0,0,0,0,0,0,0,0,0,0,0,0,0,0,0,0,0,0,0,0,0,0,0,0,0,0,0,0,0,0,0,32,30,30,62,65476,0,300,0,0,8,21553,0.0,-107605600.0,0.0,0.0,0.0,0.0,0.0,0.0,0.0,0.0,0.0,0.0,0.0,0.0,0.0,0.0,0.0,0.0,0.0,0.0,0.0,0.0,2.004,2.004,-0.0,0.0,0.0,0.0,0.0,0.0,5516.0,-1.040667361561035e+34,6975.0,0.0,0.0,-107615280.0,-107615328.0,0.0,0.0,0.0,0.0,63,-0.0,126840709120.0,0.0,0.0,0.0,0.0,0.0,0.0,0.0,0,0,0,0.0,0.0,0.0,0.0,0.0,0.0,0.0,0.0,0.0,0.0,0.0,0.0,0.0,0.0,0.0,0.0,0,-107875648.0,63,0.0,126,2.7184242562605685e+23,-0.0,ERR,ERR,ERR,ERR,ERR,ERR,ERR,ERR,ERR,ERR,ERR,ERR,ERR,ERR,ERR,ERR,ERR,ERR,ERR,ERR,ERR,ERR,ERR,ERR,ERR,ERR,ERR,ERR,ERR,ERR,ERR,ERR,ERR,ERR,ERR,ERR,ERR,ERR,ERR,ERR,ERR,ERR,ERR,ERR,ERR,ERR,ERR,ERR,ERR,ERR,ERR,ERR,ERR,ERR,ERR,ERR,ERR,ERR,ERR,ERR,ERR,ERR,ERR,ERR,ERR,ERR,ERR,34.0,80.0,35,0.0,0.0,0.0,0.0,0.0,0.0,0.0,0.0,0.0,0.0,0.0,0.0,0.0,0.0,0.0,0.0,64.4,0,117,56,50,65476,0,300,0,0,8,20529,65476,0,0,57672,80.0,0.0,0.0,0.0,0.0,0.0
2026-06-17T04:14:41,ERR,ERR,ERR,ERR,ERR,ERR,ERR,ERR,ERR,ERR,ERR,ERR,ERR,ERR,ERR,ERR,ERR,ERR,ERR,ERR,ERR,ERR,ERR,ERR,ERR,ERR,ERR,ERR,ERR,ERR,ERR,ERR,ERR,ERR,ERR,ERR,ERR,ERR,ERR,ERR,ERR,ERR,ERR,ERR,ERR,ERR,ERR,ERR,ERR,ERR,ERR,ERR,ERR,ERR,ERR,ERR,ERR,ERR,ERR,ERR,ERR,ERR,ERR,ERR,ERR,ERR,ERR,ERR,ERR,ERR,ERR,ERR,ERR,ERR,ERR,ERR,ERR,ERR,ERR,ERR,ERR,ERR,ERR,ERR,ERR,ERR,ERR,ERR,ERR,ERR,ERR,ERR,ERR,ERR,ERR,ERR,ERR,ERR,ERR,ERR,ERR,ERR,ERR,ERR,ERR,ERR,ERR,ERR,ERR,ERR,ERR,ERR,ERR,ERR,ERR,ERR,ERR,ERR,ERR,ERR,ERR,ERR,ERR,ERR,ERR,0.0,0.0,0.0,0.0,0.0,1.3936040501711995e+18,7.805,0.0,0,0,4,0,7300,-0.0,0,0.0,0.0,0.0,0.0,0.0,0,0,0,0,0.0,0,0,0,0,0,0,0,0,0,0,0,0,0,0,0,0,0,0,0,0,0,0,0,0,0,0,0,0,0,0,0,0,0,32,30,30,62,65476,0,300,0,0,8,21553,0.0,-107605600.0,0.0,0.0,0.0,0.0,0.0,0.0,0.0,0.0,0.0,0.0,0.0,0.0,0.0,0.0,0.0,0.0,0.0,0.0,0.0,0.0,2.004,2.004,-0.0,0.0,0.0,0.0,0.0,0.0,5516.0,-1.040667361561035e+34,6975.0,0.0,0.0,-107615280.0,-107615328.0,0.0,0.0,0.0,0.0,63,-0.0,126840709120.0,0.0,0.0,0.0,0.0,0.0,0.0,0.0,0,0,0,0.0,0.0,0.0,0.0,0.0,0.0,0.0,0.0,0.0,0.0,0.0,0.0,0.0,0.0,0.0,0.0,0,-107875648.0,63,0.0,126,2.7184242562605685e+23,-0.0,ERR,ERR,ERR,ERR,ERR,ERR,ERR,ERR,ERR,ERR,ERR,ERR,ERR,ERR,ERR,ERR,ERR,ERR,ERR,ERR,ERR,ERR,ERR,ERR,ERR,ERR,ERR,ERR,ERR,ERR,ERR,ERR,ERR,ERR,ERR,ERR,ERR,ERR,ERR,ERR,ERR,ERR,ERR,ERR,ERR,ERR,ERR,ERR,ERR,ERR,ERR,ERR,ERR,ERR,ERR,ERR,ERR,ERR,ERR,ERR,ERR,ERR,ERR,ERR,ERR,ERR,ERR,34.0,80.0,35,0.0,0.0,0.0,0.0,0.0,0.0,0.0,0.0,0.0,0.0,0.0,0.0,0.0,0.0,0.0,0.0,64.4,0,117,56,50,65476,0,300,0,0,8,20529,65476,0,0,57672,80.0,0.0,0.0,0.0,0.0,0.0
2026-06-17T04:14:42,ERR,ERR,ERR,ERR,ERR,ERR,ERR,ERR,ERR,ERR,ERR,ERR,ERR,ERR,ERR,ERR,ERR,ERR,ERR,ERR,ERR,ERR,ERR,ERR,ERR,ERR,ERR,ERR,ERR,ERR,ERR,ERR,ERR,ERR,ERR,ERR,ERR,ERR,ERR,ERR,ERR,ERR,ERR,ERR,ERR,ERR,ERR,ERR,ERR,ERR,ERR,ERR,ERR,ERR,ERR,ERR,ERR,ERR,ERR,ERR,ERR,ERR,ERR,ERR,ERR,ERR,ERR,ERR,ERR,ERR,ERR,ERR,ERR,ERR,ERR,ERR,ERR,ERR,ERR,ERR,ERR,ERR,ERR,ERR,ERR,ERR,ERR,ERR,ERR,ERR,ERR,ERR,ERR,ERR,ERR,ERR,ERR,ERR,ERR,ERR,ERR,ERR,ERR,ERR,ERR,ERR,ERR,ERR,ERR,ERR,ERR,ERR,ERR,ERR,ERR,ERR,ERR,ERR,ERR,ERR,ERR,ERR,ERR,ERR,ERR,0.0,0.0,0.0,0.0,0.0,1.3936040501711995e+18,7.805,0.0,0,0,4,0,7300,-0.0,0,0.0,0.0,0.0,0.0,0.0,0,0,0,0,0.0,0,0,0,0,0,0,0,0,0,0,0,0,0,0,0,0,0,0,0,0,0,0,0,0,0,0,0,0,0,0,0,0,0,32,30,30,62,65476,0,300,0,0,8,21553,0.0,-107605600.0,0.0,0.0,0.0,0.0,0.0,0.0,0.0,0.0,0.0,0.0,0.0,0.0,0.0,0.0,0.0,0.0,0.0,0.0,0.0,0.0,2.004,2.004,-0.0,0.0,0.0,0.0,0.0,0.0,5514.0,-564146907119616.0,6971.0,0.0,0.0,-107615280.0,-107615328.0,0.0,0.0,0.0,0.0,63,4.0668785921095834e+29,0.059,0.0,0.0,0.0,0.0,0.0,0.0,0.0,0,0,0,0.0,0.0,0.0,0.0,0.0,0.0,0.0,0.0,0.0,0.0,0.0,0.0,0.0,0.0,0.0,0.0,0,-107875648.0,63,0.0,126,2.7184242562605685e+23,-0.0,ERR,ERR,ERR,ERR,ERR,ERR,ERR,ERR,ERR,ERR,ERR,ERR,ERR,ERR,ERR,ERR,ERR,ERR,ERR,ERR,ERR,ERR,ERR,ERR,ERR,ERR,ERR,ERR,ERR,ERR,ERR,ERR,ERR,ERR,ERR,ERR,ERR,ERR,ERR,ERR,ERR,ERR,ERR,ERR,ERR,ERR,ERR,ERR,ERR,ERR,ERR,ERR,ERR,ERR,ERR,ERR,ERR,ERR,ERR,ERR,ERR,ERR,ERR,ERR,ERR,ERR,ERR,34.0,80.0,35,0.0,0.0,0.0,0.0,0.0,0.0,0.0,0.0,0.0,0.0,0.0,0.0,0.0,0.0,0.0,0.0,64.4,0,117,56,50,65476,0,300,0,0,8,20529,65476,0,0,57672,80.0,0.0,0.0,0.0,0.0,0.0
2026-06-17T04:14:43,ERR,ERR,ERR,ERR,ERR,ERR,ERR,ERR,ERR,ERR,ERR,ERR,ERR,ERR,ERR,ERR,ERR,ERR,ERR,ERR,ERR,ERR,ERR,ERR,ERR,ERR,ERR,ERR,ERR,ERR,ERR,ERR,ERR,ERR,ERR,ERR,ERR,ERR,ERR,ERR,ERR,ERR,ERR,ERR,ERR,ERR,ERR,ERR,ERR,ERR,ERR,ERR,ERR,ERR,ERR,ERR,ERR,ERR,ERR,ERR,ERR,ERR,ERR,ERR,ERR,ERR,ERR,ERR,ERR,ERR,ERR,ERR,ERR,ERR,ERR,ERR,ERR,ERR,ERR,ERR,ERR,ERR,ERR,ERR,ERR,ERR,ERR,ERR,ERR,ERR,ERR,ERR,ERR,ERR,ERR,ERR,ERR,ERR,ERR,ERR,ERR,ERR,ERR,ERR,ERR,ERR,ERR,ERR,ERR,ERR,ERR,ERR,ERR,ERR,ERR,ERR,ERR,ERR,ERR,ERR,ERR,ERR,ERR,ERR,ERR,0.0,0.0,0.0,0.0,0.0,1.3936040501711995e+18,7.805,0.0,0,0,4,0,7300,-0.0,0,0.0,0.0,0.0,0.0,0.0,0,0,0,0,0.0,0,0,0,0,0,0,0,0,0,0,0,0,0,0,0,0,0,0,0,0,0,0,0,0,0,0,0,0,0,0,0,0,0,32,30,30,62,65476,0,300,0,0,8,21553,0.0,-107605600.0,0.0,0.0,0.0,0.0,0.0,0.0,0.0,0.0,0.0,0.0,0.0,0.0,0.0,0.0,0.0,0.0,0.0,0.0,0.0,0.0,2.004,2.004,-0.0,0.0,0.0,0.0,0.0,0.0,5514.0,-564146907119616.0,6971.0,0.0,0.0,-107615280.0,-107615328.0,0.0,0.0,0.0,0.0,63,4.0668785921095834e+29,0.059,0.0,0.0,0.0,0.0,0.0,0.0,0.0,0,0,0,0.0,0.0,0.0,0.0,0.0,0.0,0.0,0.0,0.0,0.0,0.0,0.0,0.0,0.0,0.0,0.0,0,-107875648.0,63,0.0,126,2.7184242562605685e+23,-0.0,ERR,ERR,ERR,ERR,ERR,ERR,ERR,ERR,ERR,ERR,ERR,ERR,ERR,ERR,ERR,ERR,ERR,ERR,ERR,ERR,ERR,ERR,ERR,ERR,ERR,ERR,ERR,ERR,ERR,ERR,ERR,ERR,ERR,ERR,ERR,ERR,ERR,ERR,ERR,ERR,ERR,ERR,ERR,ERR,ERR,ERR,ERR,ERR,ERR,ERR,ERR,ERR,ERR,ERR,ERR,ERR,ERR,ERR,ERR,ERR,ERR,ERR,ERR,ERR,ERR,ERR,ERR,34.0,80.0,35,0.0,0.0,0.0,0.0,0.0,0.0,0.0,0.0,0.0,0.0,0.0,0.0,0.0,0.0,0.0,0.0,64.4,0,117,56,50,65476,0,300,0,0,8,20529,65476,0,0,57672,80.0,0.0,0.0,0.0,0.0,0.0
2026-06-17T04:14:44,ERR,ERR,ERR,ERR,ERR,ERR,ERR,ERR,ERR,ERR,ERR,ERR,ERR,ERR,ERR,ERR,ERR,ERR,ERR,ERR,ERR,ERR,ERR,ERR,ERR,ERR,ERR,ERR,ERR,ERR,ERR,ERR,ERR,ERR,ERR,ERR,ERR,ERR,ERR,ERR,ERR,ERR,ERR,ERR,ERR,ERR,ERR,ERR,ERR,ERR,ERR,ERR,ERR,ERR,ERR,ERR,ERR,ERR,ERR,ERR,ERR,ERR,ERR,ERR,ERR,ERR,ERR,ERR,ERR,ERR,ERR,ERR,ERR,ERR,ERR,ERR,ERR,ERR,ERR,ERR,ERR,ERR,ERR,ERR,ERR,ERR,ERR,ERR,ERR,ERR,ERR,ERR,ERR,ERR,ERR,ERR,ERR,ERR,ERR,ERR,ERR,ERR,ERR,ERR,ERR,ERR,ERR,ERR,ERR,ERR,ERR,ERR,ERR,ERR,ERR,ERR,ERR,ERR,ERR,ERR,ERR,ERR,ERR,ERR,ERR,0.0,0.0,0.0,0.0,0.0,1.3936040501711995e+18,7.805,0.0,0,0,4,0,7300,-0.0,0,0.0,0.0,0.0,0.0,0.0,0,0,0,0,0.0,0,0,0,0,0,0,0,0,0,0,0,0,0,0,0,0,0,0,0,0,0,0,0,0,0,0,0,0,0,0,0,0,0,32,30,30,62,65476,0,300,0,0,8,21553,0.0,-107605600.0,0.0,0.0,0.0,0.0,0.0,0.0,0.0,0.0,0.0,0.0,0.0,0.0,0.0,0.0,0.0,0.0,0.0,0.0,0.0,0.0,2.004,2.004,-0.0,0.0,0.0,0.0,0.0,0.0,5514.0,-564146907119616.0,6971.0,0.0,0.0,-107615280.0,-107615328.0,0.0,0.0,0.0,0.0,63,4.0668785921095834e+29,0.059,0.0,0.0,0.0,0.0,0.0,0.0,0.0,0,0,0,0.0,0.0,0.0,0.0,0.0,0.0,0.0,0.0,0.0,0.0,0.0,0.0,0.0,0.0,0.0,0.0,0,-107875648.0,63,0.0,126,2.7184242562605685e+23,-0.0,ERR,ERR,ERR,ERR,ERR,ERR,ERR,ERR,ERR,ERR,ERR,ERR,ERR,ERR,ERR,ERR,ERR,ERR,ERR,ERR,ERR,ERR,ERR,ERR,ERR,ERR,ERR,ERR,ERR,ERR,ERR,ERR,ERR,ERR,ERR,ERR,ERR,ERR,ERR,ERR,ERR,ERR,ERR,ERR,ERR,ERR,ERR,ERR,ERR,ERR,ERR,ERR,ERR,ERR,ERR,ERR,ERR,ERR,ERR,ERR,ERR,ERR,ERR,ERR,ERR,ERR,ERR,34.0,80.0,35,0.0,0.0,0.0,0.0,0.0,0.0,0.0,0.0,0.0,0.0,0.0,0.0,0.0,0.0,0.0,0.0,64.8,0,117,56,50,65476,0,300,0,0,8,20529,65476,0,0,57672,80.0,0.0,0.0,0.0,0.0,0.0
2026-06-17T04:14:45,ERR,ERR,ERR,ERR,ERR,ERR,ERR,ERR,ERR,ERR,ERR,ERR,ERR,ERR,ERR,ERR,ERR,ERR,ERR,ERR,ERR,ERR,ERR,ERR,ERR,ERR,ERR,ERR,ERR,ERR,ERR,ERR,ERR,ERR,ERR,ERR,ERR,ERR,ERR,ERR,ERR,ERR,ERR,ERR,ERR,ERR,ERR,ERR,ERR,ERR,ERR,ERR,ERR,ERR,ERR,ERR,ERR,ERR,ERR,ERR,ERR,ERR,ERR,ERR,ERR,ERR,ERR,ERR,ERR,ERR,ERR,ERR,ERR,ERR,ERR,ERR,ERR,ERR,ERR,ERR,ERR,ERR,ERR,ERR,ERR,ERR,ERR,ERR,ERR,ERR,ERR,ERR,ERR,ERR,ERR,ERR,ERR,ERR,ERR,ERR,ERR,ERR,ERR,ERR,ERR,ERR,ERR,ERR,ERR,ERR,ERR,ERR,ERR,ERR,ERR,ERR,ERR,ERR,ERR,ERR,ERR,ERR,ERR,ERR,ERR,0.0,0.0,0.0,0.0,0.0,1.3936040501711995e+18,7.805,0.0,0,0,4,0,7300,-0.0,0,0.0,0.0,0.0,0.0,0.0,0,0,0,0,0.0,0,0,0,0,0,0,0,0,0,0,0,0,0,0,0,0,0,0,0,0,0,0,0,0,0,0,0,0,0,0,0,0,0,32,30,30,62,65476,0,300,0,0,8,21553,0.0,-107605600.0,0.0,0.0,0.0,0.0,0.0,0.0,0.0,0.0,0.0,0.0,0.0,0.0,0.0,0.0,0.0,0.0,0.0,0.0,0.0,0.0,2.004,2.004,-0.0,0.0,0.0,0.0,0.0,0.0,5514.0,-564146907119616.0,6971.0,0.0,0.0,-107615280.0,-107615328.0,0.0,0.0,0.0,0.0,63,4.0668785921095834e+29,0.059,0.0,0.0,0.0,0.0,0.0,0.0,0.0,0,0,0,0.0,0.0,0.0,0.0,0.0,0.0,0.0,0.0,0.0,0.0,0.0,0.0,0.0,0.0,0.0,0.0,0,-107875648.0,63,0.0,126,2.7184242562605685e+23,-0.0,ERR,ERR,ERR,ERR,ERR,ERR,ERR,ERR,ERR,ERR,ERR,ERR,ERR,ERR,ERR,ERR,ERR,ERR,ERR,ERR,ERR,ERR,ERR,ERR,ERR,ERR,ERR,ERR,ERR,ERR,ERR,ERR,ERR,ERR,ERR,ERR,ERR,ERR,ERR,ERR,ERR,ERR,ERR,ERR,ERR,ERR,ERR,ERR,ERR,ERR,ERR,ERR,ERR,ERR,ERR,ERR,ERR,ERR,ERR,ERR,ERR,ERR,ERR,ERR,ERR,ERR,ERR,34.0,80.0,35,0.0,0.0,0.0,0.0,0.0,0.0,0.0,0.0,0.0,0.0,0.0,0.0,0.0,0.0,0.0,0.0,64.4,0,117,56,50,65476,0,300,0,0,8,20529,65476,0,0,57672,80.0,0.0,0.0,0.0,0.0,0.0
2026-06-17T04:14:46,ERR,ERR,ERR,ERR,ERR,ERR,ERR,ERR,ERR,ERR,ERR,ERR,ERR,ERR,ERR,ERR,ERR,ERR,ERR,ERR,ERR,ERR,ERR,ERR,ERR,ERR,ERR,ERR,ERR,ERR,ERR,ERR,ERR,ERR,ERR,ERR,ERR,ERR,ERR,ERR,ERR,ERR,ERR,ERR,ERR,ERR,ERR,ERR,ERR,ERR,ERR,ERR,ERR,ERR,ERR,ERR,ERR,ERR,ERR,ERR,ERR,ERR,ERR,ERR,ERR,ERR,ERR,ERR,ERR,ERR,ERR,ERR,ERR,ERR,ERR,ERR,ERR,ERR,ERR,ERR,ERR,ERR,ERR,ERR,ERR,ERR,ERR,ERR,ERR,ERR,ERR,ERR,ERR,ERR,ERR,ERR,ERR,ERR,ERR,ERR,ERR,ERR,ERR,ERR,ERR,ERR,ERR,ERR,ERR,ERR,ERR,ERR,ERR,ERR,ERR,ERR,ERR,ERR,ERR,ERR,ERR,ERR,ERR,ERR,ERR,0.0,0.0,0.0,0.0,0.0,1.3936040501711995e+18,7.805,0.0,0,0,4,0,7300,-0.0,0,0.0,0.0,0.0,0.0,0.0,0,0,0,0,0.0,0,0,0,0,0,0,0,0,0,0,0,0,0,0,0,0,0,0,0,0,0,0,0,0,0,0,0,0,0,0,0,0,0,32,30,30,62,65476,0,300,0,0,8,21553,0.0,-107605600.0,0.0,0.0,0.0,0.0,0.0,0.0,0.0,0.0,0.0,0.0,0.0,0.0,0.0,0.0,0.0,0.0,0.0,0.0,0.0,0.0,2.004,2.004,-0.0,0.0,0.0,0.0,0.0,0.0,5514.0,-564146907119616.0,6971.0,0.0,0.0,-107615280.0,-107615328.0,0.0,0.0,0.0,0.0,63,4.0668785921095834e+29,0.059,0.0,0.0,0.0,0.0,0.0,0.0,0.0,0,0,0,0.0,0.0,0.0,0.0,0.0,0.0,0.0,0.0,0.0,0.0,0.0,0.0,0.0,0.0,0.0,0.0,0,-107875648.0,63,0.0,126,2.7184242562605685e+23,-0.0,ERR,ERR,ERR,ERR,ERR,ERR,ERR,ERR,ERR,ERR,ERR,ERR,ERR,ERR,ERR,ERR,ERR,ERR,ERR,ERR,ERR,ERR,ERR,ERR,ERR,ERR,ERR,ERR,ERR,ERR,ERR,ERR,ERR,ERR,ERR,ERR,ERR,ERR,ERR,ERR,ERR,ERR,ERR,ERR,ERR,ERR,ERR,ERR,ERR,ERR,ERR,ERR,ERR,ERR,ERR,ERR,ERR,ERR,ERR,ERR,ERR,ERR,ERR,ERR,ERR,ERR,ERR,34.0,80.0,35,0.0,0.0,0.0,0.0,0.0,0.0,0.0,0.0,0.0,0.0,0.0,0.0,0.0,0.0,0.0,0.0,64.4,0,117,56,50,65476,0,300,0,0,8,20529,65476,0,0,57672,80.0,0.0,0.0,0.0,0.0,0.0
2026-06-17T04:14:47,ERR,ERR,ERR,ERR,ERR,ERR,ERR,ERR,ERR,ERR,ERR,ERR,ERR,ERR,ERR,ERR,ERR,ERR,ERR,ERR,ERR,ERR,ERR,ERR,ERR,ERR,ERR,ERR,ERR,ERR,ERR,ERR,ERR,ERR,ERR,ERR,ERR,ERR,ERR,ERR,ERR,ERR,ERR,ERR,ERR,ERR,ERR,ERR,ERR,ERR,ERR,ERR,ERR,ERR,ERR,ERR,ERR,ERR,ERR,ERR,ERR,ERR,ERR,ERR,ERR,ERR,ERR,ERR,ERR,ERR,ERR,ERR,ERR,ERR,ERR,ERR,ERR,ERR,ERR,ERR,ERR,ERR,ERR,ERR,ERR,ERR,ERR,ERR,ERR,ERR,ERR,ERR,ERR,ERR,ERR,ERR,ERR,ERR,ERR,ERR,ERR,ERR,ERR,ERR,ERR,ERR,ERR,ERR,ERR,ERR,ERR,ERR,ERR,ERR,ERR,ERR,ERR,ERR,ERR,ERR,ERR,ERR,ERR,ERR,ERR,0.0,0.0,0.0,0.0,0.0,1.3936040501711995e+18,7.805,0.0,0,0,4,0,7300,-0.0,0,0.0,0.0,0.0,0.0,0.0,0,0,0,0,0.0,0,0,0,0,0,0,0,0,0,0,0,0,0,0,0,0,0,0,0,0,0,0,0,0,0,0,0,0,0,0,0,0,0,32,30,30,62,65476,0,300,0,0,8,21553,0.0,-107605600.0,0.0,0.0,0.0,0.0,0.0,0.0,0.0,0.0,0.0,0.0,0.0,0.0,0.0,0.0,0.0,0.0,0.0,0.0,0.0,0.0,2.004,2.004,-0.0,0.0,0.0,0.0,0.0,0.0,5550.0,0.0,6946.0,0.0,0.0,-107615280.0,-107615328.0,0.0,0.0,0.0,0.0,63,-0.0,-0.0,0.0,0.0,0.0,0.0,0.0,0.0,0.0,0,0,0,0.0,0.0,0.0,0.0,0.0,0.0,0.0,0.0,0.0,0.0,0.0,0.0,0.0,0.0,0.0,0.0,0,-107875648.0,63,0.0,126,2.7184242562605685e+23,-0.0,ERR,ERR,ERR,ERR,ERR,ERR,ERR,ERR,ERR,ERR,ERR,ERR,ERR,ERR,ERR,ERR,ERR,ERR,ERR,ERR,ERR,ERR,ERR,ERR,ERR,ERR,ERR,ERR,ERR,ERR,ERR,ERR,ERR,ERR,ERR,ERR,ERR,ERR,ERR,ERR,ERR,ERR,ERR,ERR,ERR,ERR,ERR,ERR,ERR,ERR,ERR,ERR,ERR,ERR,ERR,ERR,ERR,ERR,ERR,ERR,ERR,ERR,ERR,ERR,ERR,ERR,ERR,34.0,80.0,35,0.0,0.0,0.0,0.0,0.0,0.0,0.0,0.0,0.0,0.0,0.0,0.0,0.0,0.0,0.0,0.0,64.4,0,117,56,50,65476,0,300,0,0,8,20529,65476,0,0,57672,80.0,0.0,0.0,0.0,0.0,0.0
2026-06-17T04:14:48,ERR,ERR,ERR,ERR,ERR,ERR,ERR,ERR,ERR,ERR,ERR,ERR,ERR,ERR,ERR,ERR,ERR,ERR,ERR,ERR,ERR,ERR,ERR,ERR,ERR,ERR,ERR,ERR,ERR,ERR,ERR,ERR,ERR,ERR,ERR,ERR,ERR,ERR,ERR,ERR,ERR,ERR,ERR,ERR,ERR,ERR,ERR,ERR,ERR,ERR,ERR,ERR,ERR,ERR,ERR,ERR,ERR,ERR,ERR,ERR,ERR,ERR,ERR,ERR,ERR,ERR,ERR,ERR,ERR,ERR,ERR,ERR,ERR,ERR,ERR,ERR,ERR,ERR,ERR,ERR,ERR,ERR,ERR,ERR,ERR,ERR,ERR,ERR,ERR,ERR,ERR,ERR,ERR,ERR,ERR,ERR,ERR,ERR,ERR,ERR,ERR,ERR,ERR,ERR,ERR,ERR,ERR,ERR,ERR,ERR,ERR,ERR,ERR,ERR,ERR,ERR,ERR,ERR,ERR,ERR,ERR,ERR,ERR,ERR,ERR,0.0,0.0,0.0,0.0,0.0,1.3936040501711995e+18,7.805,0.0,0,0,4,0,7300,-0.0,0,0.0,0.0,0.0,0.0,0.0,0,0,0,0,0.0,0,0,0,0,0,0,0,0,0,0,0,0,0,0,0,0,0,0,0,0,0,0,0,0,0,0,0,0,0,0,0,0,0,32,30,30,62,65476,0,300,0,0,8,21553,0.0,-107605600.0,0.0,0.0,0.0,0.0,0.0,0.0,0.0,0.0,0.0,0.0,0.0,0.0,0.0,0.0,0.0,0.0,0.0,0.0,0.0,0.0,2.004,2.004,-0.0,0.0,0.0,0.0,0.0,0.0,5550.0,0.0,6946.0,0.0,0.0,-107615280.0,-107615328.0,0.0,0.0,0.0,0.0,63,-0.0,-0.0,0.0,0.0,0.0,0.0,0.0,0.0,0.0,0,0,0,0.0,0.0,0.0,0.0,0.0,0.0,0.0,0.0,0.0,0.0,0.0,0.0,0.0,0.0,0.0,0.0,0,-107875648.0,63,0.0,126,2.7184242562605685e+23,-0.0,ERR,ERR,ERR,ERR,ERR,ERR,ERR,ERR,ERR,ERR,ERR,ERR,ERR,ERR,ERR,ERR,ERR,ERR,ERR,ERR,ERR,ERR,ERR,ERR,ERR,ERR,ERR,ERR,ERR,ERR,ERR,ERR,ERR,ERR,ERR,ERR,ERR,ERR,ERR,ERR,ERR,ERR,ERR,ERR,ERR,ERR,ERR,ERR,ERR,ERR,ERR,ERR,ERR,ERR,ERR,ERR,ERR,ERR,ERR,ERR,ERR,ERR,ERR,ERR,ERR,ERR,ERR,34.0,80.0,35,0.0,0.0,0.0,0.0,0.0,0.0,0.0,0.0,0.0,0.0,0.0,0.0,0.0,0.0,0.0,0.0,64.4,0,117,56,50,65476,0,300,0,0,8,20529,65476,0,0,57672,80.0,0.0,0.0,0.0,0.0,0.0
2026-06-17T04:14:49,ERR,ERR,ERR,ERR,ERR,ERR,ERR,ERR,ERR,ERR,ERR,ERR,ERR,ERR,ERR,ERR,ERR,ERR,ERR,ERR,ERR,ERR,ERR,ERR,ERR,ERR,ERR,ERR,ERR,ERR,ERR,ERR,ERR,ERR,ERR,ERR,ERR,ERR,ERR,ERR,ERR,ERR,ERR,ERR,ERR,ERR,ERR,ERR,ERR,ERR,ERR,ERR,ERR,ERR,ERR,ERR,ERR,ERR,ERR,ERR,ERR,ERR,ERR,ERR,ERR,ERR,ERR,ERR,ERR,ERR,ERR,ERR,ERR,ERR,ERR,ERR,ERR,ERR,ERR,ERR,ERR,ERR,ERR,ERR,ERR,ERR,ERR,ERR,ERR,ERR,ERR,ERR,ERR,ERR,ERR,ERR,ERR,ERR,ERR,ERR,ERR,ERR,ERR,ERR,ERR,ERR,ERR,ERR,ERR,ERR,ERR,ERR,ERR,ERR,ERR,ERR,ERR,ERR,ERR,ERR,ERR,ERR,ERR,ERR,ERR,0.0,0.0,0.0,0.0,0.0,1.3936040501711995e+18,7.805,0.0,0,0,4,0,7300,-0.0,0,0.0,0.0,0.0,0.0,0.0,0,0,0,0,0.0,0,0,0,0,0,0,0,0,0,0,0,0,0,0,0,0,0,0,0,0,0,0,0,0,0,0,0,0,0,0,0,0,0,32,30,30,62,65476,0,300,0,0,8,21553,0.0,-107605600.0,0.0,0.0,0.0,0.0,0.0,0.0,0.0,0.0,0.0,0.0,0.0,0.0,0.0,0.0,0.0,0.0,0.0,0.0,0.0,0.0,2.004,2.004,-0.0,0.0,0.0,0.0,0.0,0.0,5550.0,0.0,6946.0,0.0,0.0,-107615280.0,-107615328.0,0.0,0.0,0.0,0.0,63,-0.0,-0.0,0.0,0.0,0.0,0.0,0.0,0.0,0.0,0,0,0,0.0,0.0,0.0,0.0,0.0,0.0,0.0,0.0,0.0,0.0,0.0,0.0,0.0,0.0,0.0,0.0,0,-107875648.0,63,0.0,126,2.7184242562605685e+23,-0.0,ERR,ERR,ERR,ERR,ERR,ERR,ERR,ERR,ERR,ERR,ERR,ERR,ERR,ERR,ERR,ERR,ERR,ERR,ERR,ERR,ERR,ERR,ERR,ERR,ERR,ERR,ERR,ERR,ERR,ERR,ERR,ERR,ERR,ERR,ERR,ERR,ERR,ERR,ERR,ERR,ERR,ERR,ERR,ERR,ERR,ERR,ERR,ERR,ERR,ERR,ERR,ERR,ERR,ERR,ERR,ERR,ERR,ERR,ERR,ERR,ERR,ERR,ERR,ERR,ERR,ERR,ERR,34.0,80.0,35,0.0,0.0,0.0,0.0,0.0,0.0,0.0,0.0,0.0,0.0,0.0,0.0,0.0,0.0,0.0,0.0,64.8,0,117,56,50,65476,0,300,0,0,8,20529,65476,0,0,57672,80.0,0.0,0.0,0.0,0.0,0.0
2026-06-17T04:14:50,ERR,ERR,ERR,ERR,ERR,ERR,ERR,ERR,ERR,ERR,ERR,ERR,ERR,ERR,ERR,ERR,ERR,ERR,ERR,ERR,ERR,ERR,ERR,ERR,ERR,ERR,ERR,ERR,ERR,ERR,ERR,ERR,ERR,ERR,ERR,ERR,ERR,ERR,ERR,ERR,ERR,ERR,ERR,ERR,ERR,ERR,ERR,ERR,ERR,ERR,ERR,ERR,ERR,ERR,ERR,ERR,ERR,ERR,ERR,ERR,ERR,ERR,ERR,ERR,ERR,ERR,ERR,ERR,ERR,ERR,ERR,ERR,ERR,ERR,ERR,ERR,ERR,ERR,ERR,ERR,ERR,ERR,ERR,ERR,ERR,ERR,ERR,ERR,ERR,ERR,ERR,ERR,ERR,ERR,ERR,ERR,ERR,ERR,ERR,ERR,ERR,ERR,ERR,ERR,ERR,ERR,ERR,ERR,ERR,ERR,ERR,ERR,ERR,ERR,ERR,ERR,ERR,ERR,ERR,ERR,ERR,ERR,ERR,ERR,ERR,0.0,0.0,0.0,0.0,0.0,1.3936040501711995e+18,7.805,0.0,0,0,4,0,7300,-0.0,0,0.0,0.0,0.0,0.0,0.0,0,0,0,0,0.0,0,0,0,0,0,0,0,0,0,0,0,0,0,0,0,0,0,0,0,0,0,0,0,0,0,0,0,0,0,0,0,0,0,32,30,30,62,65476,0,300,0,0,8,21553,0.0,-107605600.0,0.0,0.0,0.0,0.0,0.0,0.0,0.0,0.0,0.0,0.0,0.0,0.0,0.0,0.0,0.0,0.0,0.0,0.0,0.0,0.0,2.004,2.004,-0.0,0.0,0.0,0.0,0.0,0.0,5550.0,0.0,6946.0,0.0,0.0,-107615280.0,-107615328.0,0.0,0.0,0.0,0.0,63,-0.0,-0.0,0.0,0.0,0.0,0.0,0.0,0.0,0.0,0,0,0,0.0,0.0,0.0,0.0,0.0,0.0,0.0,0.0,0.0,0.0,0.0,0.0,0.0,0.0,0.0,0.0,0,-107875648.0,63,0.0,126,2.7184242562605685e+23,-0.0,ERR,ERR,ERR,ERR,ERR,ERR,ERR,ERR,ERR,ERR,ERR,ERR,ERR,ERR,ERR,ERR,ERR,ERR,ERR,ERR,ERR,ERR,ERR,ERR,ERR,ERR,ERR,ERR,ERR,ERR,ERR,ERR,ERR,ERR,ERR,ERR,ERR,ERR,ERR,ERR,ERR,ERR,ERR,ERR,ERR,ERR,ERR,ERR,ERR,ERR,ERR,ERR,ERR,ERR,ERR,ERR,ERR,ERR,ERR,ERR,ERR,ERR,ERR,ERR,ERR,ERR,ERR,34.0,80.0,35,0.0,0.0,0.0,0.0,0.0,0.0,0.0,0.0,0.0,0.0,0.0,0.0,0.0,0.0,0.0,0.0,64.8,0,117,56,50,65476,0,300,0,0,8,20529,65476,0,0,57672,80.0,0.0,0.0,0.0,0.0,0.0
2026-06-17T04:14:51,ERR,ERR,ERR,ERR,ERR,ERR,ERR,ERR,ERR,ERR,ERR,ERR,ERR,ERR,ERR,ERR,ERR,ERR,ERR,ERR,ERR,ERR,ERR,ERR,ERR,ERR,ERR,ERR,ERR,ERR,ERR,ERR,ERR,ERR,ERR,ERR,ERR,ERR,ERR,ERR,ERR,ERR,ERR,ERR,ERR,ERR,ERR,ERR,ERR,ERR,ERR,ERR,ERR,ERR,ERR,ERR,ERR,ERR,ERR,ERR,ERR,ERR,ERR,ERR,ERR,ERR,ERR,ERR,ERR,ERR,ERR,ERR,ERR,ERR,ERR,ERR,ERR,ERR,ERR,ERR,ERR,ERR,ERR,ERR,ERR,ERR,ERR,ERR,ERR,ERR,ERR,ERR,ERR,ERR,ERR,ERR,ERR,ERR,ERR,ERR,ERR,ERR,ERR,ERR,ERR,ERR,ERR,ERR,ERR,ERR,ERR,ERR,ERR,ERR,ERR,ERR,ERR,ERR,ERR,ERR,ERR,ERR,ERR,ERR,ERR,0.0,0.0,0.0,0.0,0.0,1.3936040501711995e+18,7.805,0.0,0,0,4,0,7300,-0.0,0,0.0,0.0,0.0,0.0,0.0,0,0,0,0,0.0,0,0,0,0,0,0,0,0,0,0,0,0,0,0,0,0,0,0,0,0,0,0,0,0,0,0,0,0,0,0,0,0,0,32,30,30,62,65476,0,300,0,0,8,21553,0.0,-107605600.0,0.0,0.0,0.0,0.0,0.0,0.0,0.0,0.0,0.0,0.0,0.0,0.0,0.0,0.0,0.0,0.0,0.0,0.0,0.0,0.0,2.004,2.004,-0.0,0.0,0.0,0.0,0.0,0.0,5550.0,0.0,6946.0,0.0,0.0,-107615280.0,-107615328.0,0.0,0.0,0.0,0.0,63,-0.0,-0.0,0.0,0.0,0.0,0.0,0.0,0.0,0.0,0,0,0,0.0,0.0,0.0,0.0,0.0,0.0,0.0,0.0,0.0,0.0,0.0,0.0,0.0,0.0,0.0,0.0,0,-107875648.0,63,0.0,126,2.7184242562605685e+23,-0.0,ERR,ERR,ERR,ERR,ERR,ERR,ERR,ERR,ERR,ERR,ERR,ERR,ERR,ERR,ERR,ERR,ERR,ERR,ERR,ERR,ERR,ERR,ERR,ERR,ERR,ERR,ERR,ERR,ERR,ERR,ERR,ERR,ERR,ERR,ERR,ERR,ERR,ERR,ERR,ERR,ERR,ERR,ERR,ERR,ERR,ERR,ERR,ERR,ERR,ERR,ERR,ERR,ERR,ERR,ERR,ERR,ERR,ERR,ERR,ERR,ERR,ERR,ERR,ERR,ERR,ERR,ERR,34.0,80.0,35,0.0,0.0,0.0,0.0,0.0,0.0,0.0,0.0,0.0,0.0,0.0,0.0,0.0,0.0,0.0,0.0,64.4,0,117,56,50,65476,0,300,0,0,8,20529,65476,0,0,57672,80.0,0.0,0.0,0.0,0.0,0.0
2026-06-17T04:14:52,ERR,ERR,ERR,ERR,ERR,ERR,ERR,ERR,ERR,ERR,ERR,ERR,ERR,ERR,ERR,ERR,ERR,ERR,ERR,ERR,ERR,ERR,ERR,ERR,ERR,ERR,ERR,ERR,ERR,ERR,ERR,ERR,ERR,ERR,ERR,ERR,ERR,ERR,ERR,ERR,ERR,ERR,ERR,ERR,ERR,ERR,ERR,ERR,ERR,ERR,ERR,ERR,ERR,ERR,ERR,ERR,ERR,ERR,ERR,ERR,ERR,ERR,ERR,ERR,ERR,ERR,ERR,ERR,ERR,ERR,ERR,ERR,ERR,ERR,ERR,ERR,ERR,ERR,ERR,ERR,ERR,ERR,ERR,ERR,ERR,ERR,ERR,ERR,ERR,ERR,ERR,ERR,ERR,ERR,ERR,ERR,ERR,ERR,ERR,ERR,ERR,ERR,ERR,ERR,ERR,ERR,ERR,ERR,ERR,ERR,ERR,ERR,ERR,ERR,ERR,ERR,ERR,ERR,ERR,ERR,ERR,ERR,ERR,ERR,ERR,0.0,0.0,0.0,0.0,0.0,1.3936040501711995e+18,7.805,0.0,0,0,4,0,7300,-0.0,0,0.0,0.0,0.0,0.0,0.0,0,0,0,0,0.0,0,0,0,0,0,0,0,0,0,0,0,0,0,0,0,0,0,0,0,0,0,0,0,0,0,0,0,0,0,0,0,0,0,32,30,30,62,65476,0,300,0,0,8,21553,0.0,-107605600.0,0.0,0.0,0.0,0.0,0.0,0.0,0.0,0.0,0.0,0.0,0.0,0.0,0.0,0.0,0.0,0.0,0.0,0.0,0.0,0.0,2.004,2.004,-0.0,0.0,0.0,0.0,0.0,0.0,5553.0,131350.703,6953.0,0.0,0.0,-107615280.0,-107615328.0,0.0,0.0,0.0,0.0,63,-0.0,-107614952.0,0.0,0.0,0.0,0.0,0.0,0.0,0.0,0,0,0,0.0,0.0,0.0,0.0,0.0,0.0,0.0,0.0,0.0,0.0,0.0,0.0,0.0,0.0,0.0,0.0,0,-107875648.0,63,0.0,126,2.7184242562605685e+23,-0.0,ERR,ERR,ERR,ERR,ERR,ERR,ERR,ERR,ERR,ERR,ERR,ERR,ERR,ERR,ERR,ERR,ERR,ERR,ERR,ERR,ERR,ERR,ERR,ERR,ERR,ERR,ERR,ERR,ERR,ERR,ERR,ERR,ERR,ERR,ERR,ERR,ERR,ERR,ERR,ERR,ERR,ERR,ERR,ERR,ERR,ERR,ERR,ERR,ERR,ERR,ERR,ERR,ERR,ERR,ERR,ERR,ERR,ERR,ERR,ERR,ERR,ERR,ERR,ERR,ERR,ERR,ERR,34.0,80.0,35,0.0,0.0,0.0,0.0,0.0,0.0,0.0,0.0,0.0,0.0,0.0,0.0,0.0,0.0,0.0,0.0,64.4,0,117,56,50,65476,0,300,0,0,8,20529,65476,0,0,57672,80.0,0.0,0.0,0.0,0.0,0.0
2026-06-17T04:14:53,ERR,ERR,ERR,ERR,ERR,ERR,ERR,ERR,ERR,ERR,ERR,ERR,ERR,ERR,ERR,ERR,ERR,ERR,ERR,ERR,ERR,ERR,ERR,ERR,ERR,ERR,ERR,ERR,ERR,ERR,ERR,ERR,ERR,ERR,ERR,ERR,ERR,ERR,ERR,ERR,ERR,ERR,ERR,ERR,ERR,ERR,ERR,ERR,ERR,ERR,ERR,ERR,ERR,ERR,ERR,ERR,ERR,ERR,ERR,ERR,ERR,ERR,ERR,ERR,ERR,ERR,ERR,ERR,ERR,ERR,ERR,ERR,ERR,ERR,ERR,ERR,ERR,ERR,ERR,ERR,ERR,ERR,ERR,ERR,ERR,ERR,ERR,ERR,ERR,ERR,ERR,ERR,ERR,ERR,ERR,ERR,ERR,ERR,ERR,ERR,ERR,ERR,ERR,ERR,ERR,ERR,ERR,ERR,ERR,ERR,ERR,ERR,ERR,ERR,ERR,ERR,ERR,ERR,ERR,ERR,ERR,ERR,ERR,ERR,ERR,0.0,0.0,0.0,0.0,0.0,1.3936040501711995e+18,7.805,0.0,0,0,4,0,7300,-0.0,0,0.0,0.0,0.0,0.0,0.0,0,0,0,0,0.0,0,0,0,0,0,0,0,0,0,0,0,0,0,0,0,0,0,0,0,0,0,0,0,0,0,0,0,0,0,0,0,0,0,32,30,30,62,65476,0,300,0,0,8,21553,0.0,-107605600.0,0.0,0.0,0.0,0.0,0.0,0.0,0.0,0.0,0.0,0.0,0.0,0.0,0.0,0.0,0.0,0.0,0.0,0.0,0.0,0.0,2.004,2.004,-0.0,0.0,0.0,0.0,0.0,0.0,5553.0,131350.703,6953.0,0.0,0.0,-107615280.0,-107615328.0,0.0,0.0,0.0,0.0,63,-0.0,-107614952.0,0.0,0.0,0.0,0.0,0.0,0.0,0.0,0,0,0,0.0,0.0,0.0,0.0,0.0,0.0,0.0,0.0,0.0,0.0,0.0,0.0,0.0,0.0,0.0,0.0,0,-107875648.0,63,0.0,126,2.7184242562605685e+23,-0.0,ERR,ERR,ERR,ERR,ERR,ERR,ERR,ERR,ERR,ERR,ERR,ERR,ERR,ERR,ERR,ERR,ERR,ERR,ERR,ERR,ERR,ERR,ERR,ERR,ERR,ERR,ERR,ERR,ERR,ERR,ERR,ERR,ERR,ERR,ERR,ERR,ERR,ERR,ERR,ERR,ERR,ERR,ERR,ERR,ERR,ERR,ERR,ERR,ERR,ERR,ERR,ERR,ERR,ERR,ERR,ERR,ERR,ERR,ERR,ERR,ERR,ERR,ERR,ERR,ERR,ERR,ERR,34.0,80.0,35,0.0,0.0,0.0,0.0,0.0,0.0,0.0,0.0,0.0,0.0,0.0,0.0,0.0,0.0,0.0,0.0,64.4,0,117,56,50,65476,0,300,0,0,8,20529,65476,0,0,57672,80.0,0.0,0.0,0.0,0.0,0.0
2026-06-17T04:14:54,ERR,ERR,ERR,ERR,ERR,ERR,ERR,ERR,ERR,ERR,ERR,ERR,ERR,ERR,ERR,ERR,ERR,ERR,ERR,ERR,ERR,ERR,ERR,ERR,ERR,ERR,ERR,ERR,ERR,ERR,ERR,ERR,ERR,ERR,ERR,ERR,ERR,ERR,ERR,ERR,ERR,ERR,ERR,ERR,ERR,ERR,ERR,ERR,ERR,ERR,ERR,ERR,ERR,ERR,ERR,ERR,ERR,ERR,ERR,ERR,ERR,ERR,ERR,ERR,ERR,ERR,ERR,ERR,ERR,ERR,ERR,ERR,ERR,ERR,ERR,ERR,ERR,ERR,ERR,ERR,ERR,ERR,ERR,ERR,ERR,ERR,ERR,ERR,ERR,ERR,ERR,ERR,ERR,ERR,ERR,ERR,ERR,ERR,ERR,ERR,ERR,ERR,ERR,ERR,ERR,ERR,ERR,ERR,ERR,ERR,ERR,ERR,ERR,ERR,ERR,ERR,ERR,ERR,ERR,ERR,ERR,ERR,ERR,ERR,ERR,0.0,0.0,0.0,0.0,0.0,1.3936040501711995e+18,7.805,0.0,0,0,4,0,7300,-0.0,0,0.0,0.0,0.0,0.0,0.0,0,0,0,0,0.0,0,0,0,0,0,0,0,0,0,0,0,0,0,0,0,0,0,0,0,0,0,0,0,0,0,0,0,0,0,0,0,0,0,32,30,30,62,65476,0,300,0,0,8,21553,0.0,-107605600.0,0.0,0.0,0.0,0.0,0.0,0.0,0.0,0.0,0.0,0.0,0.0,0.0,0.0,0.0,0.0,0.0,0.0,0.0,0.0,0.0,2.004,2.004,-0.0,0.0,0.0,0.0,0.0,0.0,5553.0,131350.703,6953.0,0.0,0.0,-107615280.0,-107615328.0,0.0,0.0,0.0,0.0,63,-0.0,-107614952.0,0.0,0.0,0.0,0.0,0.0,0.0,0.0,0,0,0,0.0,0.0,0.0,0.0,0.0,0.0,0.0,0.0,0.0,0.0,0.0,0.0,0.0,0.0,0.0,0.0,0,-107875648.0,63,0.0,126,2.7184242562605685e+23,-0.0,ERR,ERR,ERR,ERR,ERR,ERR,ERR,ERR,ERR,ERR,ERR,ERR,ERR,ERR,ERR,ERR,ERR,ERR,ERR,ERR,ERR,ERR,ERR,ERR,ERR,ERR,ERR,ERR,ERR,ERR,ERR,ERR,ERR,ERR,ERR,ERR,ERR,ERR,ERR,ERR,ERR,ERR,ERR,ERR,ERR,ERR,ERR,ERR,ERR,ERR,ERR,ERR,ERR,ERR,ERR,ERR,ERR,ERR,ERR,ERR,ERR,ERR,ERR,ERR,ERR,ERR,ERR,34.0,80.0,35,0.0,0.0,0.0,0.0,0.0,0.0,0.0,0.0,0.0,0.0,0.0,0.0,0.0,0.0,0.0,0.0,64.8,0,117,56,50,65476,0,300,0,0,8,20529,65476,0,0,57672,80.0,0.0,0.0,0.0,0.0,0.0
2026-06-17T04:14:55,ERR,ERR,ERR,ERR,ERR,ERR,ERR,ERR,ERR,ERR,ERR,ERR,ERR,ERR,ERR,ERR,ERR,ERR,ERR,ERR,ERR,ERR,ERR,ERR,ERR,ERR,ERR,ERR,ERR,ERR,ERR,ERR,ERR,ERR,ERR,ERR,ERR,ERR,ERR,ERR,ERR,ERR,ERR,ERR,ERR,ERR,ERR,ERR,ERR,ERR,ERR,ERR,ERR,ERR,ERR,ERR,ERR,ERR,ERR,ERR,ERR,ERR,ERR,ERR,ERR,ERR,ERR,ERR,ERR,ERR,ERR,ERR,ERR,ERR,ERR,ERR,ERR,ERR,ERR,ERR,ERR,ERR,ERR,ERR,ERR,ERR,ERR,ERR,ERR,ERR,ERR,ERR,ERR,ERR,ERR,ERR,ERR,ERR,ERR,ERR,ERR,ERR,ERR,ERR,ERR,ERR,ERR,ERR,ERR,ERR,ERR,ERR,ERR,ERR,ERR,ERR,ERR,ERR,ERR,ERR,ERR,ERR,ERR,ERR,ERR,0.0,0.0,0.0,0.0,0.0,1.3936040501711995e+18,7.805,0.0,0,0,4,0,7300,-0.0,0,0.0,0.0,0.0,0.0,0.0,0,0,0,0,0.0,0,0,0,0,0,0,0,0,0,0,0,0,0,0,0,0,0,0,0,0,0,0,0,0,0,0,0,0,0,0,0,0,0,32,30,30,62,65476,0,300,0,0,8,21553,0.0,-107605600.0,0.0,0.0,0.0,0.0,0.0,0.0,0.0,0.0,0.0,0.0,0.0,0.0,0.0,0.0,0.0,0.0,0.0,0.0,0.0,0.0,2.004,2.004,-0.0,0.0,0.0,0.0,0.0,0.0,5553.0,131350.703,6953.0,0.0,0.0,-107615280.0,-107615328.0,0.0,0.0,0.0,0.0,63,-0.0,-107614952.0,0.0,0.0,0.0,0.0,0.0,0.0,0.0,0,0,0,0.0,0.0,0.0,0.0,0.0,0.0,0.0,0.0,0.0,0.0,0.0,0.0,0.0,0.0,0.0,0.0,0,-107875648.0,63,0.0,126,2.7184242562605685e+23,-0.0,ERR,ERR,ERR,ERR,ERR,ERR,ERR,ERR,ERR,ERR,ERR,ERR,ERR,ERR,ERR,ERR,ERR,ERR,ERR,ERR,ERR,ERR,ERR,ERR,ERR,ERR,ERR,ERR,ERR,ERR,ERR,ERR,ERR,ERR,ERR,ERR,ERR,ERR,ERR,ERR,ERR,ERR,ERR,ERR,ERR,ERR,ERR,ERR,ERR,ERR,ERR,ERR,ERR,ERR,ERR,ERR,ERR,ERR,ERR,ERR,ERR,ERR,ERR,ERR,ERR,ERR,ERR,34.0,80.0,35,0.0,0.0,0.0,0.0,0.0,0.0,0.0,0.0,0.0,0.0,0.0,0.0,0.0,0.0,0.0,0.0,64.8,0,117,56,50,65476,0,300,0,0,8,20529,65476,0,0,57672,80.0,0.0,0.0,0.0,0.0,0.0
2026-06-17T04:14:56,ERR,ERR,ERR,ERR,ERR,ERR,ERR,ERR,ERR,ERR,ERR,ERR,ERR,ERR,ERR,ERR,ERR,ERR,ERR,ERR,ERR,ERR,ERR,ERR,ERR,ERR,ERR,ERR,ERR,ERR,ERR,ERR,ERR,ERR,ERR,ERR,ERR,ERR,ERR,ERR,ERR,ERR,ERR,ERR,ERR,ERR,ERR,ERR,ERR,ERR,ERR,ERR,ERR,ERR,ERR,ERR,ERR,ERR,ERR,ERR,ERR,ERR,ERR,ERR,ERR,ERR,ERR,ERR,ERR,ERR,ERR,ERR,ERR,ERR,ERR,ERR,ERR,ERR,ERR,ERR,ERR,ERR,ERR,ERR,ERR,ERR,ERR,ERR,ERR,ERR,ERR,ERR,ERR,ERR,ERR,ERR,ERR,ERR,ERR,ERR,ERR,ERR,ERR,ERR,ERR,ERR,ERR,ERR,ERR,ERR,ERR,ERR,ERR,ERR,ERR,ERR,ERR,ERR,ERR,ERR,ERR,ERR,ERR,ERR,ERR,0.0,0.0,0.0,0.0,0.0,1.3936040501711995e+18,7.805,0.0,0,0,4,0,7300,-0.0,0,0.0,0.0,0.0,0.0,0.0,0,0,0,0,0.0,0,0,0,0,0,0,0,0,0,0,0,0,0,0,0,0,0,0,0,0,0,0,0,0,0,0,0,0,0,0,0,0,0,32,30,30,62,65476,0,300,0,0,8,21553,0.0,-107605600.0,0.0,0.0,0.0,0.0,0.0,0.0,0.0,0.0,0.0,0.0,0.0,0.0,0.0,0.0,0.0,0.0,0.0,0.0,0.0,0.0,2.004,2.004,-0.0,0.0,0.0,0.0,0.0,0.0,5553.0,131350.703,6953.0,0.0,0.0,-107615280.0,-107615328.0,0.0,0.0,0.0,0.0,63,-0.0,-107614952.0,0.0,0.0,0.0,0.0,0.0,0.0,0.0,0,0,0,0.0,0.0,0.0,0.0,0.0,0.0,0.0,0.0,0.0,0.0,0.0,0.0,0.0,0.0,0.0,0.0,0,-107875648.0,63,0.0,126,2.7184242562605685e+23,-0.0,ERR,ERR,ERR,ERR,ERR,ERR,ERR,ERR,ERR,ERR,ERR,ERR,ERR,ERR,ERR,ERR,ERR,ERR,ERR,ERR,ERR,ERR,ERR,ERR,ERR,ERR,ERR,ERR,ERR,ERR,ERR,ERR,ERR,ERR,ERR,ERR,ERR,ERR,ERR,ERR,ERR,ERR,ERR,ERR,ERR,ERR,ERR,ERR,ERR,ERR,ERR,ERR,ERR,ERR,ERR,ERR,ERR,ERR,ERR,ERR,ERR,ERR,ERR,ERR,ERR,ERR,ERR,34.0,80.0,35,0.0,0.0,0.0,0.0,0.0,0.0,0.0,0.0,0.0,0.0,0.0,0.0,0.0,0.0,0.0,0.0,64.4,0,117,56,50,65476,0,300,0,0,8,20529,65476,0,0,57672,80.0,0.0,0.0,0.0,0.0,0.0
2026-06-17T04:14:57,ERR,ERR,ERR,ERR,ERR,ERR,ERR,ERR,ERR,ERR,ERR,ERR,ERR,ERR,ERR,ERR,ERR,ERR,ERR,ERR,ERR,ERR,ERR,ERR,ERR,ERR,ERR,ERR,ERR,ERR,ERR,ERR,ERR,ERR,ERR,ERR,ERR,ERR,ERR,ERR,ERR,ERR,ERR,ERR,ERR,ERR,ERR,ERR,ERR,ERR,ERR,ERR,ERR,ERR,ERR,ERR,ERR,ERR,ERR,ERR,ERR,ERR,ERR,ERR,ERR,ERR,ERR,ERR,ERR,ERR,ERR,ERR,ERR,ERR,ERR,ERR,ERR,ERR,ERR,ERR,ERR,ERR,ERR,ERR,ERR,ERR,ERR,ERR,ERR,ERR,ERR,ERR,ERR,ERR,ERR,ERR,ERR,ERR,ERR,ERR,ERR,ERR,ERR,ERR,ERR,ERR,ERR,ERR,ERR,ERR,ERR,ERR,ERR,ERR,ERR,ERR,ERR,ERR,ERR,ERR,ERR,ERR,ERR,ERR,ERR,0.0,0.0,0.0,0.0,0.0,1.3936040501711995e+18,7.805,0.0,0,0,4,0,7300,-0.0,0,0.0,0.0,0.0,0.0,0.0,0,0,0,0,0.0,0,0,0,0,0,0,0,0,0,0,0,0,0,0,0,0,0,0,0,0,0,0,0,0,0,0,0,0,0,0,0,0,0,32,30,30,62,65476,0,300,0,0,8,21553,0.0,-107605600.0,0.0,0.0,0.0,0.0,0.0,0.0,0.0,0.0,0.0,0.0,0.0,0.0,0.0,0.0,0.0,0.0,0.0,0.0,0.0,0.0,2.004,2.004,-0.0,0.0,0.0,0.0,0.0,0.0,5551.0,-0.0,6963.0,0.0,0.0,-107615280.0,-107615328.0,0.0,0.0,0.0,0.0,63,-0.0,0.0,0.0,0.0,0.0,0.0,0.0,0.0,0.0,0,0,0,0.0,0.0,0.0,0.0,0.0,0.0,0.0,0.0,0.0,0.0,0.0,0.0,0.0,0.0,0.0,0.0,0,-107875648.0,63,0.0,126,2.7184242562605685e+23,-0.0,ERR,ERR,ERR,ERR,ERR,ERR,ERR,ERR,ERR,ERR,ERR,ERR,ERR,ERR,ERR,ERR,ERR,ERR,ERR,ERR,ERR,ERR,ERR,ERR,ERR,ERR,ERR,ERR,ERR,ERR,ERR,ERR,ERR,ERR,ERR,ERR,ERR,ERR,ERR,ERR,ERR,ERR,ERR,ERR,ERR,ERR,ERR,ERR,ERR,ERR,ERR,ERR,ERR,ERR,ERR,ERR,ERR,ERR,ERR,ERR,ERR,ERR,ERR,ERR,ERR,ERR,ERR,34.0,80.0,35,0.0,0.0,0.0,0.0,0.0,0.0,0.0,0.0,0.0,0.0,0.0,0.0,0.0,0.0,0.0,0.0,64.4,0,117,56,50,65476,0,300,0,0,8,20529,65476,0,0,57672,80.0,0.0,0.0,0.0,0.0,0.0
2026-06-17T04:14:58,ERR,ERR,ERR,ERR,ERR,ERR,ERR,ERR,ERR,ERR,ERR,ERR,ERR,ERR,ERR,ERR,ERR,ERR,ERR,ERR,ERR,ERR,ERR,ERR,ERR,ERR,ERR,ERR,ERR,ERR,ERR,ERR,ERR,ERR,ERR,ERR,ERR,ERR,ERR,ERR,ERR,ERR,ERR,ERR,ERR,ERR,ERR,ERR,ERR,ERR,ERR,ERR,ERR,ERR,ERR,ERR,ERR,ERR,ERR,ERR,ERR,ERR,ERR,ERR,ERR,ERR,ERR,ERR,ERR,ERR,ERR,ERR,ERR,ERR,ERR,ERR,ERR,ERR,ERR,ERR,ERR,ERR,ERR,ERR,ERR,ERR,ERR,ERR,ERR,ERR,ERR,ERR,ERR,ERR,ERR,ERR,ERR,ERR,ERR,ERR,ERR,ERR,ERR,ERR,ERR,ERR,ERR,ERR,ERR,ERR,ERR,ERR,ERR,ERR,ERR,ERR,ERR,ERR,ERR,ERR,ERR,ERR,ERR,ERR,ERR,0.0,0.0,0.0,0.0,0.0,1.3936040501711995e+18,7.805,0.0,0,0,4,0,7300,-0.0,0,0.0,0.0,0.0,0.0,0.0,0,0,0,0,0.0,0,0,0,0,0,0,0,0,0,0,0,0,0,0,0,0,0,0,0,0,0,0,0,0,0,0,0,0,0,0,0,0,0,32,30,30,62,65476,0,300,0,0,8,21553,0.0,-107605600.0,0.0,0.0,0.0,0.0,0.0,0.0,0.0,0.0,0.0,0.0,0.0,0.0,0.0,0.0,0.0,0.0,0.0,0.0,0.0,0.0,2.004,2.004,-0.0,0.0,0.0,0.0,0.0,0.0,5551.0,-0.0,6963.0,0.0,0.0,-107615280.0,-107615328.0,0.0,0.0,0.0,0.0,63,-0.0,0.0,0.0,0.0,0.0,0.0,0.0,0.0,0.0,0,0,0,0.0,0.0,0.0,0.0,0.0,0.0,0.0,0.0,0.0,0.0,0.0,0.0,0.0,0.0,0.0,0.0,0,-107875648.0,63,0.0,126,2.7184242562605685e+23,-0.0,ERR,ERR,ERR,ERR,ERR,ERR,ERR,ERR,ERR,ERR,ERR,ERR,ERR,ERR,ERR,ERR,ERR,ERR,ERR,ERR,ERR,ERR,ERR,ERR,ERR,ERR,ERR,ERR,ERR,ERR,ERR,ERR,ERR,ERR,ERR,ERR,ERR,ERR,ERR,ERR,ERR,ERR,ERR,ERR,ERR,ERR,ERR,ERR,ERR,ERR,ERR,ERR,ERR,ERR,ERR,ERR,ERR,ERR,ERR,ERR,ERR,ERR,ERR,ERR,ERR,ERR,ERR,34.0,80.0,35,0.0,0.0,0.0,0.0,0.0,0.0,0.0,0.0,0.0,0.0,0.0,0.0,0.0,0.0,0.0,0.0,64.4,0,117,56,50,65476,0,300,0,0,8,20529,65476,0,0,57672,80.0,0.0,0.0,0.0,0.0,0.0
2026-06-17T04:14:59,ERR,ERR,ERR,ERR,ERR,ERR,ERR,ERR,ERR,ERR,ERR,ERR,ERR,ERR,ERR,ERR,ERR,ERR,ERR,ERR,ERR,ERR,ERR,ERR,ERR,ERR,ERR,ERR,ERR,ERR,ERR,ERR,ERR,ERR,ERR,ERR,ERR,ERR,ERR,ERR,ERR,ERR,ERR,ERR,ERR,ERR,ERR,ERR,ERR,ERR,ERR,ERR,ERR,ERR,ERR,ERR,ERR,ERR,ERR,ERR,ERR,ERR,ERR,ERR,ERR,ERR,ERR,ERR,ERR,ERR,ERR,ERR,ERR,ERR,ERR,ERR,ERR,ERR,ERR,ERR,ERR,ERR,ERR,ERR,ERR,ERR,ERR,ERR,ERR,ERR,ERR,ERR,ERR,ERR,ERR,ERR,ERR,ERR,ERR,ERR,ERR,ERR,ERR,ERR,ERR,ERR,ERR,ERR,ERR,ERR,ERR,ERR,ERR,ERR,ERR,ERR,ERR,ERR,ERR,ERR,ERR,ERR,ERR,ERR,ERR,0.0,0.0,0.0,0.0,0.0,1.3936040501711995e+18,7.805,0.0,0,0,4,0,7300,-0.0,0,0.0,0.0,0.0,0.0,0.0,0,0,0,0,0.0,0,0,0,0,0,0,0,0,0,0,0,0,0,0,0,0,0,0,0,0,0,0,0,0,0,0,0,0,0,0,0,0,0,32,30,30,62,65476,0,300,0,0,8,21553,0.0,-107605600.0,0.0,0.0,0.0,0.0,0.0,0.0,0.0,0.0,0.0,0.0,0.0,0.0,0.0,0.0,0.0,0.0,0.0,0.0,0.0,0.0,2.004,2.004,-0.0,0.0,0.0,0.0,0.0,0.0,5551.0,-0.0,6963.0,0.0,0.0,-107615280.0,-107615328.0,0.0,0.0,0.0,0.0,63,-0.0,0.0,0.0,0.0,0.0,0.0,0.0,0.0,0.0,0,0,0,0.0,0.0,0.0,0.0,0.0,0.0,0.0,0.0,0.0,0.0,0.0,0.0,0.0,0.0,0.0,0.0,0,-107875648.0,63,0.0,126,2.7184242562605685e+23,-0.0,ERR,ERR,ERR,ERR,ERR,ERR,ERR,ERR,ERR,ERR,ERR,ERR,ERR,ERR,ERR,ERR,ERR,ERR,ERR,ERR,ERR,ERR,ERR,ERR,ERR,ERR,ERR,ERR,ERR,ERR,ERR,ERR,ERR,ERR,ERR,ERR,ERR,ERR,ERR,ERR,ERR,ERR,ERR,ERR,ERR,ERR,ERR,ERR,ERR,ERR,ERR,ERR,ERR,ERR,ERR,ERR,ERR,ERR,ERR,ERR,ERR,ERR,ERR,ERR,ERR,ERR,ERR,34.0,80.0,35,0.0,0.0,0.0,0.0,0.0,0.0,0.0,0.0,0.0,0.0,0.0,0.0,0.0,0.0,0.0,0.0,64.4,0,117,56,50,65476,0,300,0,0,8,20529,65476,0,0,57672,80.0,0.0,0.0,0.0,0.0,0.0
2026-06-17T04:15:00,ERR,ERR,ERR,ERR,ERR,ERR,ERR,ERR,ERR,ERR,ERR,ERR,ERR,ERR,ERR,ERR,ERR,ERR,ERR,ERR,ERR,ERR,ERR,ERR,ERR,ERR,ERR,ERR,ERR,ERR,ERR,ERR,ERR,ERR,ERR,ERR,ERR,ERR,ERR,ERR,ERR,ERR,ERR,ERR,ERR,ERR,ERR,ERR,ERR,ERR,ERR,ERR,ERR,ERR,ERR,ERR,ERR,ERR,ERR,ERR,ERR,ERR,ERR,ERR,ERR,ERR,ERR,ERR,ERR,ERR,ERR,ERR,ERR,ERR,ERR,ERR,ERR,ERR,ERR,ERR,ERR,ERR,ERR,ERR,ERR,ERR,ERR,ERR,ERR,ERR,ERR,ERR,ERR,ERR,ERR,ERR,ERR,ERR,ERR,ERR,ERR,ERR,ERR,ERR,ERR,ERR,ERR,ERR,ERR,ERR,ERR,ERR,ERR,ERR,ERR,ERR,ERR,ERR,ERR,ERR,ERR,ERR,ERR,ERR,ERR,0.0,0.0,0.0,0.0,0.0,1.3936040501711995e+18,7.805,0.0,0,0,4,0,7300,-0.0,0,0.0,0.0,0.0,0.0,0.0,0,0,0,0,0.0,0,0,0,0,0,0,0,0,0,0,0,0,0,0,0,0,0,0,0,0,0,0,0,0,0,0,0,0,0,0,0,0,0,32,30,30,62,65476,0,300,0,0,8,21553,0.0,-107605600.0,0.0,0.0,0.0,0.0,0.0,0.0,0.0,0.0,0.0,0.0,0.0,0.0,0.0,0.0,0.0,0.0,0.0,0.0,0.0,0.0,2.004,2.004,-0.0,0.0,0.0,0.0,0.0,0.0,5551.0,-0.0,6963.0,0.0,0.0,-107615280.0,-107615328.0,0.0,0.0,0.0,0.0,63,-0.0,0.0,0.0,0.0,0.0,0.0,0.0,0.0,0.0,0,0,0,0.0,0.0,0.0,0.0,0.0,0.0,0.0,0.0,0.0,0.0,0.0,0.0,0.0,0.0,0.0,0.0,0,-107875648.0,63,0.0,126,2.7184242562605685e+23,-0.0,ERR,ERR,ERR,ERR,ERR,ERR,ERR,ERR,ERR,ERR,ERR,ERR,ERR,ERR,ERR,ERR,ERR,ERR,ERR,ERR,ERR,ERR,ERR,ERR,ERR,ERR,ERR,ERR,ERR,ERR,ERR,ERR,ERR,ERR,ERR,ERR,ERR,ERR,ERR,ERR,ERR,ERR,ERR,ERR,ERR,ERR,ERR,ERR,ERR,ERR,ERR,ERR,ERR,ERR,ERR,ERR,ERR,ERR,ERR,ERR,ERR,ERR,ERR,ERR,ERR,ERR,ERR,34.0,80.0,35,0.0,0.0,0.0,0.0,0.0,0.0,0.0,0.0,0.0,0.0,0.0,0.0,0.0,0.0,0.0,0.0,64.8,0,117,56,50,65476,0,300,0,0,8,20529,65476,0,0,57672,80.0,0.0,0.0,0.0,0.0,0.0
2026-06-17T04:15:01,ERR,ERR,ERR,ERR,ERR,ERR,ERR,ERR,ERR,ERR,ERR,ERR,ERR,ERR,ERR,ERR,ERR,ERR,ERR,ERR,ERR,ERR,ERR,ERR,ERR,ERR,ERR,ERR,ERR,ERR,ERR,ERR,ERR,ERR,ERR,ERR,ERR,ERR,ERR,ERR,ERR,ERR,ERR,ERR,ERR,ERR,ERR,ERR,ERR,ERR,ERR,ERR,ERR,ERR,ERR,ERR,ERR,ERR,ERR,ERR,ERR,ERR,ERR,ERR,ERR,ERR,ERR,ERR,ERR,ERR,ERR,ERR,ERR,ERR,ERR,ERR,ERR,ERR,ERR,ERR,ERR,ERR,ERR,ERR,ERR,ERR,ERR,ERR,ERR,ERR,ERR,ERR,ERR,ERR,ERR,ERR,ERR,ERR,ERR,ERR,ERR,ERR,ERR,ERR,ERR,ERR,ERR,ERR,ERR,ERR,ERR,ERR,ERR,ERR,ERR,ERR,ERR,ERR,ERR,ERR,ERR,ERR,ERR,ERR,ERR,0.0,0.0,0.0,0.0,0.0,1.3936040501711995e+18,7.805,0.0,0,0,4,0,7300,-0.0,0,0.0,0.0,0.0,0.0,0.0,0,0,0,0,0.0,0,0,0,0,0,0,0,0,0,0,0,0,0,0,0,0,0,0,0,0,0,0,0,0,0,0,0,0,0,0,0,0,0,32,30,30,62,65476,0,300,0,0,8,21553,0.0,-107605600.0,0.0,0.0,0.0,0.0,0.0,0.0,0.0,0.0,0.0,0.0,0.0,0.0,0.0,0.0,0.0,0.0,0.0,0.0,0.0,0.0,2.004,2.004,-0.0,0.0,0.0,0.0,0.0,0.0,5551.0,-0.0,6963.0,0.0,0.0,-107615280.0,-107615328.0,0.0,0.0,0.0,0.0,63,-0.0,0.0,0.0,0.0,0.0,0.0,0.0,0.0,0.0,0,0,0,0.0,0.0,0.0,0.0,0.0,0.0,0.0,0.0,0.0,0.0,0.0,0.0,0.0,0.0,0.0,0.0,0,-107875648.0,63,0.0,126,2.7184242562605685e+23,-0.0,ERR,ERR,ERR,ERR,ERR,ERR,ERR,ERR,ERR,ERR,ERR,ERR,ERR,ERR,ERR,ERR,ERR,ERR,ERR,ERR,ERR,ERR,ERR,ERR,ERR,ERR,ERR,ERR,ERR,ERR,ERR,ERR,ERR,ERR,ERR,ERR,ERR,ERR,ERR,ERR,ERR,ERR,ERR,ERR,ERR,ERR,ERR,ERR,ERR,ERR,ERR,ERR,ERR,ERR,ERR,ERR,ERR,ERR,ERR,ERR,ERR,ERR,ERR,ERR,ERR,ERR,ERR,34.0,80.0,35,0.0,0.0,0.0,0.0,0.0,0.0,0.0,0.0,0.0,0.0,0.0,0.0,0.0,0.0,0.0,0.0,64.8,0,117,56,50,65476,0,300,0,0,8,20529,65476,0,0,57672,80.0,0.0,0.0,0.0,0.0,0.0
2026-06-17T04:15:02,ERR,ERR,ERR,ERR,ERR,ERR,ERR,ERR,ERR,ERR,ERR,ERR,ERR,ERR,ERR,ERR,ERR,ERR,ERR,ERR,ERR,ERR,ERR,ERR,ERR,ERR,ERR,ERR,ERR,ERR,ERR,ERR,ERR,ERR,ERR,ERR,ERR,ERR,ERR,ERR,ERR,ERR,ERR,ERR,ERR,ERR,ERR,ERR,ERR,ERR,ERR,ERR,ERR,ERR,ERR,ERR,ERR,ERR,ERR,ERR,ERR,ERR,ERR,ERR,ERR,ERR,ERR,ERR,ERR,ERR,ERR,ERR,ERR,ERR,ERR,ERR,ERR,ERR,ERR,ERR,ERR,ERR,ERR,ERR,ERR,ERR,ERR,ERR,ERR,ERR,ERR,ERR,ERR,ERR,ERR,ERR,ERR,ERR,ERR,ERR,ERR,ERR,ERR,ERR,ERR,ERR,ERR,ERR,ERR,ERR,ERR,ERR,ERR,ERR,ERR,ERR,ERR,ERR,ERR,ERR,ERR,ERR,ERR,ERR,ERR,0.0,0.0,0.0,0.0,0.0,1.3936040501711995e+18,7.805,0.0,0,0,4,0,7300,-0.0,0,0.0,0.0,0.0,0.0,0.0,0,0,0,0,0.0,0,0,0,0,0,0,0,0,0,0,0,0,0,0,0,0,0,0,0,0,0,0,0,0,0,0,0,0,0,0,0,0,0,32,30,30,62,65476,0,300,0,0,8,21553,0.0,-107605600.0,0.0,0.0,0.0,0.0,0.0,0.0,0.0,0.0,0.0,0.0,0.0,0.0,0.0,0.0,0.0,0.0,0.0,0.0,0.0,0.0,2.004,2.004,-0.0,0.0,0.0,0.0,0.0,0.0,5551.0,-0.0,6963.0,0.0,0.0,-107615280.0,-107615328.0,0.0,0.0,0.0,0.0,63,-0.0,0.0,0.0,0.0,0.0,0.0,0.0,0.0,0.0,0,0,0,0.0,0.0,0.0,0.0,0.0,0.0,0.0,0.0,0.0,0.0,0.0,0.0,0.0,0.0,0.0,0.0,0,-107875648.0,63,0.0,126,2.7184242562605685e+23,-0.0,ERR,ERR,ERR,ERR,ERR,ERR,ERR,ERR,ERR,ERR,ERR,ERR,ERR,ERR,ERR,ERR,ERR,ERR,ERR,ERR,ERR,ERR,ERR,ERR,ERR,ERR,ERR,ERR,ERR,ERR,ERR,ERR,ERR,ERR,ERR,ERR,ERR,ERR,ERR,ERR,ERR,ERR,ERR,ERR,ERR,ERR,ERR,ERR,ERR,ERR,ERR,ERR,ERR,ERR,ERR,ERR,ERR,ERR,ERR,ERR,ERR,ERR,ERR,ERR,ERR,ERR,ERR,34.0,80.0,35,0.0,0.0,0.0,0.0,0.0,0.0,0.0,0.0,0.0,0.0,0.0,0.0,0.0,0.0,0.0,0.0,64.8,0,117,56,50,65476,0,300,0,0,8,20529,65476,0,0,57672,80.0,0.0,0.0,0.0,0.0,0.0
2026-06-17T04:15:03,ERR,ERR,ERR,ERR,ERR,ERR,ERR,ERR,ERR,ERR,ERR,ERR,ERR,ERR,ERR,ERR,ERR,ERR,ERR,ERR,ERR,ERR,ERR,ERR,ERR,ERR,ERR,ERR,ERR,ERR,ERR,ERR,ERR,ERR,ERR,ERR,ERR,ERR,ERR,ERR,ERR,ERR,ERR,ERR,ERR,ERR,ERR,ERR,ERR,ERR,ERR,ERR,ERR,ERR,ERR,ERR,ERR,ERR,ERR,ERR,ERR,ERR,ERR,ERR,ERR,ERR,ERR,ERR,ERR,ERR,ERR,ERR,ERR,ERR,ERR,ERR,ERR,ERR,ERR,ERR,ERR,ERR,ERR,ERR,ERR,ERR,ERR,ERR,ERR,ERR,ERR,ERR,ERR,ERR,ERR,ERR,ERR,ERR,ERR,ERR,ERR,ERR,ERR,ERR,ERR,ERR,ERR,ERR,ERR,ERR,ERR,ERR,ERR,ERR,ERR,ERR,ERR,ERR,ERR,ERR,ERR,ERR,ERR,ERR,ERR,0.0,0.0,0.0,0.0,0.0,1.3936040501711995e+18,7.805,0.0,0,0,4,0,7300,-0.0,0,0.0,0.0,0.0,0.0,0.0,0,0,0,0,0.0,0,0,0,0,0,0,0,0,0,0,0,0,0,0,0,0,0,0,0,0,0,0,0,0,0,0,0,0,0,0,0,0,0,32,30,30,62,65476,0,300,0,0,8,21553,0.0,-107605600.0,0.0,0.0,0.0,0.0,0.0,0.0,0.0,0.0,0.0,0.0,0.0,0.0,0.0,0.0,0.0,0.0,0.0,0.0,0.0,0.0,2.004,2.004,-0.0,0.0,0.0,0.0,0.0,0.0,5551.0,-0.0,6961.0,0.0,0.0,-107615280.0,-107615328.0,0.0,0.0,0.0,0.0,63,-0.0,0.0,0.0,0.0,0.0,0.0,0.0,0.0,0.0,0,0,0,0.0,0.0,0.0,0.0,0.0,0.0,0.0,0.0,0.0,0.0,0.0,0.0,0.0,0.0,0.0,0.0,0,-107875648.0,63,0.0,126,2.7184242562605685e+23,-0.0,ERR,ERR,ERR,ERR,ERR,ERR,ERR,ERR,ERR,ERR,ERR,ERR,ERR,ERR,ERR,ERR,ERR,ERR,ERR,ERR,ERR,ERR,ERR,ERR,ERR,ERR,ERR,ERR,ERR,ERR,ERR,ERR,ERR,ERR,ERR,ERR,ERR,ERR,ERR,ERR,ERR,ERR,ERR,ERR,ERR,ERR,ERR,ERR,ERR,ERR,ERR,ERR,ERR,ERR,ERR,ERR,ERR,ERR,ERR,ERR,ERR,ERR,ERR,ERR,ERR,ERR,ERR,34.0,80.0,35,0.0,0.0,0.0,0.0,0.0,0.0,0.0,0.0,0.0,0.0,0.0,0.0,0.0,0.0,0.0,0.0,64.4,0,117,56,50,65476,0,300,0,0,8,20529,65476,0,0,57672,80.0,0.0,0.0,0.0,0.0,0.0
2026-06-17T04:15:04,ERR,ERR,ERR,ERR,ERR,ERR,ERR,ERR,ERR,ERR,ERR,ERR,ERR,ERR,ERR,ERR,ERR,ERR,ERR,ERR,ERR,ERR,ERR,ERR,ERR,ERR,ERR,ERR,ERR,ERR,ERR,ERR,ERR,ERR,ERR,ERR,ERR,ERR,ERR,ERR,ERR,ERR,ERR,ERR,ERR,ERR,ERR,ERR,ERR,ERR,ERR,ERR,ERR,ERR,ERR,ERR,ERR,ERR,ERR,ERR,ERR,ERR,ERR,ERR,ERR,ERR,ERR,ERR,ERR,ERR,ERR,ERR,ERR,ERR,ERR,ERR,ERR,ERR,ERR,ERR,ERR,ERR,ERR,ERR,ERR,ERR,ERR,ERR,ERR,ERR,ERR,ERR,ERR,ERR,ERR,ERR,ERR,ERR,ERR,ERR,ERR,ERR,ERR,ERR,ERR,ERR,ERR,ERR,ERR,ERR,ERR,ERR,ERR,ERR,ERR,ERR,ERR,ERR,ERR,ERR,ERR,ERR,ERR,ERR,ERR,0.0,0.0,0.0,0.0,0.0,1.3936040501711995e+18,7.805,0.0,0,0,4,0,7300,-0.0,0,0.0,0.0,0.0,0.0,0.0,0,0,0,0,0.0,0,0,0,0,0,0,0,0,0,0,0,0,0,0,0,0,0,0,0,0,0,0,0,0,0,0,0,0,0,0,0,0,0,32,30,30,62,65476,0,300,0,0,8,21553,0.0,-107605600.0,0.0,0.0,0.0,0.0,0.0,0.0,0.0,0.0,0.0,0.0,0.0,0.0,0.0,0.0,0.0,0.0,0.0,0.0,0.0,0.0,2.004,2.004,-0.0,0.0,0.0,0.0,0.0,0.0,5551.0,-0.0,6961.0,0.0,0.0,-107615280.0,-107615328.0,0.0,0.0,0.0,0.0,63,-0.0,0.0,0.0,0.0,0.0,0.0,0.0,0.0,0.0,0,0,0,0.0,0.0,0.0,0.0,0.0,0.0,0.0,0.0,0.0,0.0,0.0,0.0,0.0,0.0,0.0,0.0,0,-107875648.0,63,0.0,126,2.7184242562605685e+23,-0.0,ERR,ERR,ERR,ERR,ERR,ERR,ERR,ERR,ERR,ERR,ERR,ERR,ERR,ERR,ERR,ERR,ERR,ERR,ERR,ERR,ERR,ERR,ERR,ERR,ERR,ERR,ERR,ERR,ERR,ERR,ERR,ERR,ERR,ERR,ERR,ERR,ERR,ERR,ERR,ERR,ERR,ERR,ERR,ERR,ERR,ERR,ERR,ERR,ERR,ERR,ERR,ERR,ERR,ERR,ERR,ERR,ERR,ERR,ERR,ERR,ERR,ERR,ERR,ERR,ERR,ERR,ERR,34.0,80.0,35,0.0,0.0,0.0,0.0,0.0,0.0,0.0,0.0,0.0,0.0,0.0,0.0,0.0,0.0,0.0,0.0,64.4,0,117,56,50,65476,0,300,0,0,8,20529,65476,0,0,57672,80.0,0.0,0.0,0.0,0.0,0.0
2026-06-17T04:15:05,ERR,ERR,ERR,ERR,ERR,ERR,ERR,ERR,ERR,ERR,ERR,ERR,ERR,ERR,ERR,ERR,ERR,ERR,ERR,ERR,ERR,ERR,ERR,ERR,ERR,ERR,ERR,ERR,ERR,ERR,ERR,ERR,ERR,ERR,ERR,ERR,ERR,ERR,ERR,ERR,ERR,ERR,ERR,ERR,ERR,ERR,ERR,ERR,ERR,ERR,ERR,ERR,ERR,ERR,ERR,ERR,ERR,ERR,ERR,ERR,ERR,ERR,ERR,ERR,ERR,ERR,ERR,ERR,ERR,ERR,ERR,ERR,ERR,ERR,ERR,ERR,ERR,ERR,ERR,ERR,ERR,ERR,ERR,ERR,ERR,ERR,ERR,ERR,ERR,ERR,ERR,ERR,ERR,ERR,ERR,ERR,ERR,ERR,ERR,ERR,ERR,ERR,ERR,ERR,ERR,ERR,ERR,ERR,ERR,ERR,ERR,ERR,ERR,ERR,ERR,ERR,ERR,ERR,ERR,ERR,ERR,ERR,ERR,ERR,ERR,0.0,0.0,0.0,0.0,0.0,1.3936040501711995e+18,7.805,0.0,0,0,4,0,7300,-0.0,0,0.0,0.0,0.0,0.0,0.0,0,0,0,0,0.0,0,0,0,0,0,0,0,0,0,0,0,0,0,0,0,0,0,0,0,0,0,0,0,0,0,0,0,0,0,0,0,0,0,32,30,30,62,65476,0,300,0,0,8,21553,0.0,-107605600.0,0.0,0.0,0.0,0.0,0.0,0.0,0.0,0.0,0.0,0.0,0.0,0.0,0.0,0.0,0.0,0.0,0.0,0.0,0.0,0.0,2.004,2.004,-0.0,0.0,0.0,0.0,0.0,0.0,5551.0,-0.0,6961.0,0.0,0.0,-107615280.0,-107615328.0,0.0,0.0,0.0,0.0,63,-0.0,0.0,0.0,0.0,0.0,0.0,0.0,0.0,0.0,0,0,0,0.0,0.0,0.0,0.0,0.0,0.0,0.0,0.0,0.0,0.0,0.0,0.0,0.0,0.0,0.0,0.0,0,-107875648.0,63,0.0,126,2.7184242562605685e+23,-0.0,ERR,ERR,ERR,ERR,ERR,ERR,ERR,ERR,ERR,ERR,ERR,ERR,ERR,ERR,ERR,ERR,ERR,ERR,ERR,ERR,ERR,ERR,ERR,ERR,ERR,ERR,ERR,ERR,ERR,ERR,ERR,ERR,ERR,ERR,ERR,ERR,ERR,ERR,ERR,ERR,ERR,ERR,ERR,ERR,ERR,ERR,ERR,ERR,ERR,ERR,ERR,ERR,ERR,ERR,ERR,ERR,ERR,ERR,ERR,ERR,ERR,ERR,ERR,ERR,ERR,ERR,ERR,34.0,80.0,35,0.0,0.0,0.0,0.0,0.0,0.0,0.0,0.0,0.0,0.0,0.0,0.0,0.0,0.0,0.0,0.0,64.4,0,117,56,50,65476,0,300,0,0,8,20529,65476,0,0,57672,80.0,0.0,0.0,0.0,0.0,0.0
2026-06-17T04:15:06,ERR,ERR,ERR,ERR,ERR,ERR,ERR,ERR,ERR,ERR,ERR,ERR,ERR,ERR,ERR,ERR,ERR,ERR,ERR,ERR,ERR,ERR,ERR,ERR,ERR,ERR,ERR,ERR,ERR,ERR,ERR,ERR,ERR,ERR,ERR,ERR,ERR,ERR,ERR,ERR,ERR,ERR,ERR,ERR,ERR,ERR,ERR,ERR,ERR,ERR,ERR,ERR,ERR,ERR,ERR,ERR,ERR,ERR,ERR,ERR,ERR,ERR,ERR,ERR,ERR,ERR,ERR,ERR,ERR,ERR,ERR,ERR,ERR,ERR,ERR,ERR,ERR,ERR,ERR,ERR,ERR,ERR,ERR,ERR,ERR,ERR,ERR,ERR,ERR,ERR,ERR,ERR,ERR,ERR,ERR,ERR,ERR,ERR,ERR,ERR,ERR,ERR,ERR,ERR,ERR,ERR,ERR,ERR,ERR,ERR,ERR,ERR,ERR,ERR,ERR,ERR,ERR,ERR,ERR,ERR,ERR,ERR,ERR,ERR,ERR,0.0,0.0,0.0,0.0,0.0,1.3936040501711995e+18,7.805,0.0,0,0,4,0,7300,-0.0,0,0.0,0.0,0.0,0.0,0.0,0,0,0,0,0.0,0,0,0,0,0,0,0,0,0,0,0,0,0,0,0,0,0,0,0,0,0,0,0,0,0,0,0,0,0,0,0,0,0,32,30,30,62,65476,0,300,0,0,8,21553,0.0,-107605600.0,0.0,0.0,0.0,0.0,0.0,0.0,0.0,0.0,0.0,0.0,0.0,0.0,0.0,0.0,0.0,0.0,0.0,0.0,0.0,0.0,2.004,2.004,-0.0,0.0,0.0,0.0,0.0,0.0,5551.0,-0.0,6961.0,0.0,0.0,-107615280.0,-107615328.0,0.0,0.0,0.0,0.0,63,-0.0,0.0,0.0,0.0,0.0,0.0,0.0,0.0,0.0,0,0,0,0.0,0.0,0.0,0.0,0.0,0.0,0.0,0.0,0.0,0.0,0.0,0.0,0.0,0.0,0.0,0.0,0,-107875648.0,63,0.0,126,2.7184242562605685e+23,-0.0,ERR,ERR,ERR,ERR,ERR,ERR,ERR,ERR,ERR,ERR,ERR,ERR,ERR,ERR,ERR,ERR,ERR,ERR,ERR,ERR,ERR,ERR,ERR,ERR,ERR,ERR,ERR,ERR,ERR,ERR,ERR,ERR,ERR,ERR,ERR,ERR,ERR,ERR,ERR,ERR,ERR,ERR,ERR,ERR,ERR,ERR,ERR,ERR,ERR,ERR,ERR,ERR,ERR,ERR,ERR,ERR,ERR,ERR,ERR,ERR,ERR,ERR,ERR,ERR,ERR,ERR,ERR,34.0,80.0,35,0.0,0.0,0.0,0.0,0.0,0.0,0.0,0.0,0.0,0.0,0.0,0.0,0.0,0.0,0.0,0.0,64.4,0,117,56,50,65476,0,300,0,0,8,20529,65476,0,0,57672,80.0,0.0,0.0,0.0,0.0,0.0
2026-06-17T04:15:07,ERR,ERR,ERR,ERR,ERR,ERR,ERR,ERR,ERR,ERR,ERR,ERR,ERR,ERR,ERR,ERR,ERR,ERR,ERR,ERR,ERR,ERR,ERR,ERR,ERR,ERR,ERR,ERR,ERR,ERR,ERR,ERR,ERR,ERR,ERR,ERR,ERR,ERR,ERR,ERR,ERR,ERR,ERR,ERR,ERR,ERR,ERR,ERR,ERR,ERR,ERR,ERR,ERR,ERR,ERR,ERR,ERR,ERR,ERR,ERR,ERR,ERR,ERR,ERR,ERR,ERR,ERR,ERR,ERR,ERR,ERR,ERR,ERR,ERR,ERR,ERR,ERR,ERR,ERR,ERR,ERR,ERR,ERR,ERR,ERR,ERR,ERR,ERR,ERR,ERR,ERR,ERR,ERR,ERR,ERR,ERR,ERR,ERR,ERR,ERR,ERR,ERR,ERR,ERR,ERR,ERR,ERR,ERR,ERR,ERR,ERR,ERR,ERR,ERR,ERR,ERR,ERR,ERR,ERR,ERR,ERR,ERR,ERR,ERR,ERR,0.0,0.0,0.0,0.0,0.0,1.3936040501711995e+18,7.805,0.0,0,0,4,0,7300,-0.0,0,0.0,0.0,0.0,0.0,0.0,0,0,0,0,0.0,0,0,0,0,0,0,0,0,0,0,0,0,0,0,0,0,0,0,0,0,0,0,0,0,0,0,0,0,0,0,0,0,0,32,30,30,62,65476,0,300,0,0,8,21553,0.0,-107605600.0,0.0,0.0,0.0,0.0,0.0,0.0,0.0,0.0,0.0,0.0,0.0,0.0,0.0,0.0,0.0,0.0,0.0,0.0,0.0,0.0,2.004,2.004,-0.0,0.0,0.0,0.0,0.0,0.0,5551.0,-0.0,6961.0,0.0,0.0,-107615280.0,-107615328.0,0.0,0.0,0.0,0.0,63,-0.0,0.0,0.0,0.0,0.0,0.0,0.0,0.0,0.0,0,0,0,0.0,0.0,0.0,0.0,0.0,0.0,0.0,0.0,0.0,0.0,0.0,0.0,0.0,0.0,0.0,0.0,0,-107875648.0,63,0.0,126,2.7184242562605685e+23,-0.0,ERR,ERR,ERR,ERR,ERR,ERR,ERR,ERR,ERR,ERR,ERR,ERR,ERR,ERR,ERR,ERR,ERR,ERR,ERR,ERR,ERR,ERR,ERR,ERR,ERR,ERR,ERR,ERR,ERR,ERR,ERR,ERR,ERR,ERR,ERR,ERR,ERR,ERR,ERR,ERR,ERR,ERR,ERR,ERR,ERR,ERR,ERR,ERR,ERR,ERR,ERR,ERR,ERR,ERR,ERR,ERR,ERR,ERR,ERR,ERR,ERR,ERR,ERR,ERR,ERR,ERR,ERR,34.0,80.0,35,0.0,0.0,0.0,0.0,0.0,0.0,0.0,0.0,0.0,0.0,0.0,0.0,0.0,0.0,0.0,0.0,64.4,0,117,56,50,65476,0,300,0,0,8,20529,65476,0,0,57672,80.0,0.0,0.0,0.0,0.0,0.0
2026-06-17T04:15:08,ERR,ERR,ERR,ERR,ERR,ERR,ERR,ERR,ERR,ERR,ERR,ERR,ERR,ERR,ERR,ERR,ERR,ERR,ERR,ERR,ERR,ERR,ERR,ERR,ERR,ERR,ERR,ERR,ERR,ERR,ERR,ERR,ERR,ERR,ERR,ERR,ERR,ERR,ERR,ERR,ERR,ERR,ERR,ERR,ERR,ERR,ERR,ERR,ERR,ERR,ERR,ERR,ERR,ERR,ERR,ERR,ERR,ERR,ERR,ERR,ERR,ERR,ERR,ERR,ERR,ERR,ERR,ERR,ERR,ERR,ERR,ERR,ERR,ERR,ERR,ERR,ERR,ERR,ERR,ERR,ERR,ERR,ERR,ERR,ERR,ERR,ERR,ERR,ERR,ERR,ERR,ERR,ERR,ERR,ERR,ERR,ERR,ERR,ERR,ERR,ERR,ERR,ERR,ERR,ERR,ERR,ERR,ERR,ERR,ERR,ERR,ERR,ERR,ERR,ERR,ERR,ERR,ERR,ERR,ERR,ERR,ERR,ERR,ERR,ERR,0.0,0.0,0.0,0.0,0.0,1.3936040501711995e+18,7.805,0.0,0,0,4,0,7300,-0.0,0,0.0,0.0,0.0,0.0,0.0,0,0,0,0,0.0,0,0,0,0,0,0,0,0,0,0,0,0,0,0,0,0,0,0,0,0,0,0,0,0,0,0,0,0,0,0,0,0,0,32,30,30,62,65476,0,300,0,0,8,21553,0.0,-107605600.0,0.0,0.0,0.0,0.0,0.0,0.0,0.0,0.0,0.0,0.0,0.0,0.0,0.0,0.0,0.0,0.0,0.0,0.0,0.0,0.0,2.004,2.004,-0.0,0.0,0.0,0.0,0.0,0.0,5547.0,2.4229928044486764e+24,6957.0,0.0,0.0,-107615280.0,-107615328.0,0.0,0.0,0.0,0.0,63,4.950427050461716e+32,-4.950409641929913e+32,0.0,0.0,0.0,0.0,0.0,0.0,0.0,0,0,0,0.0,0.0,0.0,0.0,0.0,0.0,0.0,0.0,0.0,0.0,0.0,0.0,0.0,0.0,0.0,0.0,0,-107875648.0,63,0.0,126,2.7184242562605685e+23,-0.0,ERR,ERR,ERR,ERR,ERR,ERR,ERR,ERR,ERR,ERR,ERR,ERR,ERR,ERR,ERR,ERR,ERR,ERR,ERR,ERR,ERR,ERR,ERR,ERR,ERR,ERR,ERR,ERR,ERR,ERR,ERR,ERR,ERR,ERR,ERR,ERR,ERR,ERR,ERR,ERR,ERR,ERR,ERR,ERR,ERR,ERR,ERR,ERR,ERR,ERR,ERR,ERR,ERR,ERR,ERR,ERR,ERR,ERR,ERR,ERR,ERR,ERR,ERR,ERR,ERR,ERR,ERR,34.0,80.0,35,0.0,0.0,0.0,0.0,0.0,0.0,0.0,0.0,0.0,0.0,0.0,0.0,0.0,0.0,0.0,0.0,64.4,0,117,56,50,65476,0,300,0,0,8,20529,65476,0,0,57672,80.0,0.0,0.0,0.0,0.0,0.0
2026-06-17T04:15:09,ERR,ERR,ERR,ERR,ERR,ERR,ERR,ERR,ERR,ERR,ERR,ERR,ERR,ERR,ERR,ERR,ERR,ERR,ERR,ERR,ERR,ERR,ERR,ERR,ERR,ERR,ERR,ERR,ERR,ERR,ERR,ERR,ERR,ERR,ERR,ERR,ERR,ERR,ERR,ERR,ERR,ERR,ERR,ERR,ERR,ERR,ERR,ERR,ERR,ERR,ERR,ERR,ERR,ERR,ERR,ERR,ERR,ERR,ERR,ERR,ERR,ERR,ERR,ERR,ERR,ERR,ERR,ERR,ERR,ERR,ERR,ERR,ERR,ERR,ERR,ERR,ERR,ERR,ERR,ERR,ERR,ERR,ERR,ERR,ERR,ERR,ERR,ERR,ERR,ERR,ERR,ERR,ERR,ERR,ERR,ERR,ERR,ERR,ERR,ERR,ERR,ERR,ERR,ERR,ERR,ERR,ERR,ERR,ERR,ERR,ERR,ERR,ERR,ERR,ERR,ERR,ERR,ERR,ERR,ERR,ERR,ERR,ERR,ERR,ERR,0.0,0.0,0.0,0.0,0.0,1.3936040501711995e+18,7.805,0.0,0,0,4,0,7300,-0.0,0,0.0,0.0,0.0,0.0,0.0,0,0,0,0,0.0,0,0,0,0,0,0,0,0,0,0,0,0,0,0,0,0,0,0,0,0,0,0,0,0,0,0,0,0,0,0,0,0,0,32,30,30,62,65476,0,300,0,0,8,21553,0.0,-107605600.0,0.0,0.0,0.0,0.0,0.0,0.0,0.0,0.0,0.0,0.0,0.0,0.0,0.0,0.0,0.0,0.0,0.0,0.0,0.0,0.0,2.004,2.004,-0.0,0.0,0.0,0.0,0.0,0.0,5547.0,2.4229928044486764e+24,6957.0,0.0,0.0,-107615280.0,-107615328.0,0.0,0.0,0.0,0.0,63,4.950427050461716e+32,-4.950409641929913e+32,0.0,0.0,0.0,0.0,0.0,0.0,0.0,0,0,0,0.0,0.0,0.0,0.0,0.0,0.0,0.0,0.0,0.0,0.0,0.0,0.0,0.0,0.0,0.0,0.0,0,-107875648.0,63,0.0,126,2.7184242562605685e+23,-0.0,ERR,ERR,ERR,ERR,ERR,ERR,ERR,ERR,ERR,ERR,ERR,ERR,ERR,ERR,ERR,ERR,ERR,ERR,ERR,ERR,ERR,ERR,ERR,ERR,ERR,ERR,ERR,ERR,ERR,ERR,ERR,ERR,ERR,ERR,ERR,ERR,ERR,ERR,ERR,ERR,ERR,ERR,ERR,ERR,ERR,ERR,ERR,ERR,ERR,ERR,ERR,ERR,ERR,ERR,ERR,ERR,ERR,ERR,ERR,ERR,ERR,ERR,ERR,ERR,ERR,ERR,ERR,34.0,80.0,35,0.0,0.0,0.0,0.0,0.0,0.0,0.0,0.0,0.0,0.0,0.0,0.0,0.0,0.0,0.0,0.0,64.4,0,117,56,50,65476,0,300,0,0,8,20529,65476,0,0,57672,80.0,0.0,0.0,0.0,0.0,0.0
2026-06-17T04:15:10,ERR,ERR,ERR,ERR,ERR,ERR,ERR,ERR,ERR,ERR,ERR,ERR,ERR,ERR,ERR,ERR,ERR,ERR,ERR,ERR,ERR,ERR,ERR,ERR,ERR,ERR,ERR,ERR,ERR,ERR,ERR,ERR,ERR,ERR,ERR,ERR,ERR,ERR,ERR,ERR,ERR,ERR,ERR,ERR,ERR,ERR,ERR,ERR,ERR,ERR,ERR,ERR,ERR,ERR,ERR,ERR,ERR,ERR,ERR,ERR,ERR,ERR,ERR,ERR,ERR,ERR,ERR,ERR,ERR,ERR,ERR,ERR,ERR,ERR,ERR,ERR,ERR,ERR,ERR,ERR,ERR,ERR,ERR,ERR,ERR,ERR,ERR,ERR,ERR,ERR,ERR,ERR,ERR,ERR,ERR,ERR,ERR,ERR,ERR,ERR,ERR,ERR,ERR,ERR,ERR,ERR,ERR,ERR,ERR,ERR,ERR,ERR,ERR,ERR,ERR,ERR,ERR,ERR,ERR,ERR,ERR,ERR,ERR,ERR,ERR,0.0,0.0,0.0,0.0,0.0,1.3936040501711995e+18,7.805,0.0,0,0,4,0,7300,-0.0,0,0.0,0.0,0.0,0.0,0.0,0,0,0,0,0.0,0,0,0,0,0,0,0,0,0,0,0,0,0,0,0,0,0,0,0,0,0,0,0,0,0,0,0,0,0,0,0,0,0,32,30,30,62,65476,0,300,0,0,8,21553,0.0,-107605600.0,0.0,0.0,0.0,0.0,0.0,0.0,0.0,0.0,0.0,0.0,0.0,0.0,0.0,0.0,0.0,0.0,0.0,0.0,0.0,0.0,2.004,2.004,-0.0,0.0,0.0,0.0,0.0,0.0,5547.0,2.4229928044486764e+24,6957.0,0.0,0.0,-107615280.0,-107615328.0,0.0,0.0,0.0,0.0,63,4.950427050461716e+32,-4.950409641929913e+32,0.0,0.0,0.0,0.0,0.0,0.0,0.0,0,0,0,0.0,0.0,0.0,0.0,0.0,0.0,0.0,0.0,0.0,0.0,0.0,0.0,0.0,0.0,0.0,0.0,0,-107875648.0,63,0.0,126,2.7184242562605685e+23,-0.0,ERR,ERR,ERR,ERR,ERR,ERR,ERR,ERR,ERR,ERR,ERR,ERR,ERR,ERR,ERR,ERR,ERR,ERR,ERR,ERR,ERR,ERR,ERR,ERR,ERR,ERR,ERR,ERR,ERR,ERR,ERR,ERR,ERR,ERR,ERR,ERR,ERR,ERR,ERR,ERR,ERR,ERR,ERR,ERR,ERR,ERR,ERR,ERR,ERR,ERR,ERR,ERR,ERR,ERR,ERR,ERR,ERR,ERR,ERR,ERR,ERR,ERR,ERR,ERR,ERR,ERR,ERR,34.0,80.0,35,0.0,0.0,0.0,0.0,0.0,0.0,0.0,0.0,0.0,0.0,0.0,0.0,0.0,0.0,0.0,0.0,64.4,0,117,56,50,65476,0,300,0,0,8,20529,65476,0,0,57672,80.0,0.0,0.0,0.0,0.0,0.0
2026-06-17T04:15:11,ERR,ERR,ERR,ERR,ERR,ERR,ERR,ERR,ERR,ERR,ERR,ERR,ERR,ERR,ERR,ERR,ERR,ERR,ERR,ERR,ERR,ERR,ERR,ERR,ERR,ERR,ERR,ERR,ERR,ERR,ERR,ERR,ERR,ERR,ERR,ERR,ERR,ERR,ERR,ERR,ERR,ERR,ERR,ERR,ERR,ERR,ERR,ERR,ERR,ERR,ERR,ERR,ERR,ERR,ERR,ERR,ERR,ERR,ERR,ERR,ERR,ERR,ERR,ERR,ERR,ERR,ERR,ERR,ERR,ERR,ERR,ERR,ERR,ERR,ERR,ERR,ERR,ERR,ERR,ERR,ERR,ERR,ERR,ERR,ERR,ERR,ERR,ERR,ERR,ERR,ERR,ERR,ERR,ERR,ERR,ERR,ERR,ERR,ERR,ERR,ERR,ERR,ERR,ERR,ERR,ERR,ERR,ERR,ERR,ERR,ERR,ERR,ERR,ERR,ERR,ERR,ERR,ERR,ERR,ERR,ERR,ERR,ERR,ERR,ERR,0.0,0.0,0.0,0.0,0.0,1.3936040501711995e+18,7.805,0.0,0,0,4,0,7300,-0.0,0,0.0,0.0,0.0,0.0,0.0,0,0,0,0,0.0,0,0,0,0,0,0,0,0,0,0,0,0,0,0,0,0,0,0,0,0,0,0,0,0,0,0,0,0,0,0,0,0,0,32,30,30,62,65476,0,300,0,0,8,21553,0.0,-107605600.0,0.0,0.0,0.0,0.0,0.0,0.0,0.0,0.0,0.0,0.0,0.0,0.0,0.0,0.0,0.0,0.0,0.0,0.0,0.0,0.0,2.004,2.004,-0.0,0.0,0.0,0.0,0.0,0.0,5547.0,2.4229928044486764e+24,6957.0,0.0,0.0,-107615280.0,-107615328.0,0.0,0.0,0.0,0.0,63,4.950427050461716e+32,-4.950409641929913e+32,0.0,0.0,0.0,0.0,0.0,0.0,0.0,0,0,0,0.0,0.0,0.0,0.0,0.0,0.0,0.0,0.0,0.0,0.0,0.0,0.0,0.0,0.0,0.0,0.0,0,-107875648.0,63,0.0,126,2.7184242562605685e+23,-0.0,ERR,ERR,ERR,ERR,ERR,ERR,ERR,ERR,ERR,ERR,ERR,ERR,ERR,ERR,ERR,ERR,ERR,ERR,ERR,ERR,ERR,ERR,ERR,ERR,ERR,ERR,ERR,ERR,ERR,ERR,ERR,ERR,ERR,ERR,ERR,ERR,ERR,ERR,ERR,ERR,ERR,ERR,ERR,ERR,ERR,ERR,ERR,ERR,ERR,ERR,ERR,ERR,ERR,ERR,ERR,ERR,ERR,ERR,ERR,ERR,ERR,ERR,ERR,ERR,ERR,ERR,ERR,34.0,80.0,35,0.0,0.0,0.0,0.0,0.0,0.0,0.0,0.0,0.0,0.0,0.0,0.0,0.0,0.0,0.0,0.0,64.4,0,117,56,50,65476,0,300,0,0,8,20529,65476,0,0,57672,80.0,0.0,0.0,0.0,0.0,0.0
2026-06-17T04:15:12,ERR,ERR,ERR,ERR,ERR,ERR,ERR,ERR,ERR,ERR,ERR,ERR,ERR,ERR,ERR,ERR,ERR,ERR,ERR,ERR,ERR,ERR,ERR,ERR,ERR,ERR,ERR,ERR,ERR,ERR,ERR,ERR,ERR,ERR,ERR,ERR,ERR,ERR,ERR,ERR,ERR,ERR,ERR,ERR,ERR,ERR,ERR,ERR,ERR,ERR,ERR,ERR,ERR,ERR,ERR,ERR,ERR,ERR,ERR,ERR,ERR,ERR,ERR,ERR,ERR,ERR,ERR,ERR,ERR,ERR,ERR,ERR,ERR,ERR,ERR,ERR,ERR,ERR,ERR,ERR,ERR,ERR,ERR,ERR,ERR,ERR,ERR,ERR,ERR,ERR,ERR,ERR,ERR,ERR,ERR,ERR,ERR,ERR,ERR,ERR,ERR,ERR,ERR,ERR,ERR,ERR,ERR,ERR,ERR,ERR,ERR,ERR,ERR,ERR,ERR,ERR,ERR,ERR,ERR,ERR,ERR,ERR,ERR,ERR,ERR,0.0,0.0,0.0,0.0,0.0,1.3936040501711995e+18,7.805,0.0,0,0,4,0,7300,-0.0,0,0.0,0.0,0.0,0.0,0.0,0,0,0,0,0.0,0,0,0,0,0,0,0,0,0,0,0,0,0,0,0,0,0,0,0,0,0,0,0,0,0,0,0,0,0,0,0,0,0,32,30,30,62,65476,0,300,0,0,8,21553,0.0,-107605600.0,0.0,0.0,0.0,0.0,0.0,0.0,0.0,0.0,0.0,0.0,0.0,0.0,0.0,0.0,0.0,0.0,0.0,0.0,0.0,0.0,2.004,2.004,-0.0,0.0,0.0,0.0,0.0,0.0,5547.0,2.4229928044486764e+24,6957.0,0.0,0.0,-107615280.0,-107615328.0,0.0,0.0,0.0,0.0,63,4.950427050461716e+32,-4.950409641929913e+32,0.0,0.0,0.0,0.0,0.0,0.0,0.0,0,0,0,0.0,0.0,0.0,0.0,0.0,0.0,0.0,0.0,0.0,0.0,0.0,0.0,0.0,0.0,0.0,0.0,0,-107875648.0,63,0.0,126,2.7184242562605685e+23,-0.0,ERR,ERR,ERR,ERR,ERR,ERR,ERR,ERR,ERR,ERR,ERR,ERR,ERR,ERR,ERR,ERR,ERR,ERR,ERR,ERR,ERR,ERR,ERR,ERR,ERR,ERR,ERR,ERR,ERR,ERR,ERR,ERR,ERR,ERR,ERR,ERR,ERR,ERR,ERR,ERR,ERR,ERR,ERR,ERR,ERR,ERR,ERR,ERR,ERR,ERR,ERR,ERR,ERR,ERR,ERR,ERR,ERR,ERR,ERR,ERR,ERR,ERR,ERR,ERR,ERR,ERR,ERR,34.0,80.0,35,0.0,0.0,0.0,0.0,0.0,0.0,0.0,0.0,0.0,0.0,0.0,0.0,0.0,0.0,0.0,0.0,64.4,0,117,56,50,65476,0,300,0,0,8,20529,65476,0,0,57672,80.0,0.0,0.0,0.0,0.0,0.0
2026-06-17T04:15:13,ERR,ERR,ERR,ERR,ERR,ERR,ERR,ERR,ERR,ERR,ERR,ERR,ERR,ERR,ERR,ERR,ERR,ERR,ERR,ERR,ERR,ERR,ERR,ERR,ERR,ERR,ERR,ERR,ERR,ERR,ERR,ERR,ERR,ERR,ERR,ERR,ERR,ERR,ERR,ERR,ERR,ERR,ERR,ERR,ERR,ERR,ERR,ERR,ERR,ERR,ERR,ERR,ERR,ERR,ERR,ERR,ERR,ERR,ERR,ERR,ERR,ERR,ERR,ERR,ERR,ERR,ERR,ERR,ERR,ERR,ERR,ERR,ERR,ERR,ERR,ERR,ERR,ERR,ERR,ERR,ERR,ERR,ERR,ERR,ERR,ERR,ERR,ERR,ERR,ERR,ERR,ERR,ERR,ERR,ERR,ERR,ERR,ERR,ERR,ERR,ERR,ERR,ERR,ERR,ERR,ERR,ERR,ERR,ERR,ERR,ERR,ERR,ERR,ERR,ERR,ERR,ERR,ERR,ERR,ERR,ERR,ERR,ERR,ERR,ERR,0.0,0.0,0.0,0.0,0.0,1.3936040501711995e+18,7.805,0.0,0,0,4,0,7300,-0.0,0,0.0,0.0,0.0,0.0,0.0,0,0,0,0,0.0,0,0,0,0,0,0,0,0,0,0,0,0,0,0,0,0,0,0,0,0,0,0,0,0,0,0,0,0,0,0,0,0,0,32,30,30,62,65476,0,300,0,0,8,21553,0.0,-107605600.0,0.0,0.0,0.0,0.0,0.0,0.0,0.0,0.0,0.0,0.0,0.0,0.0,0.0,0.0,0.0,0.0,0.0,0.0,0.0,0.0,2.004,2.004,-0.0,0.0,0.0,0.0,0.0,0.0,5546.0,-0.0,6963.0,0.0,0.0,-107615280.0,-107615328.0,0.0,0.0,0.0,0.0,63,5.848081828453021e+35,126840717312.0,0.0,0.0,0.0,0.0,0.0,0.0,0.0,0,0,0,0.0,0.0,0.0,0.0,0.0,0.0,0.0,0.0,0.0,0.0,0.0,0.0,0.0,0.0,0.0,0.0,0,-107875648.0,63,0.0,126,2.7184242562605685e+23,-0.0,ERR,ERR,ERR,ERR,ERR,ERR,ERR,ERR,ERR,ERR,ERR,ERR,ERR,ERR,ERR,ERR,ERR,ERR,ERR,ERR,ERR,ERR,ERR,ERR,ERR,ERR,ERR,ERR,ERR,ERR,ERR,ERR,ERR,ERR,ERR,ERR,ERR,ERR,ERR,ERR,ERR,ERR,ERR,ERR,ERR,ERR,ERR,ERR,ERR,ERR,ERR,ERR,ERR,ERR,ERR,ERR,ERR,ERR,ERR,ERR,ERR,ERR,ERR,ERR,ERR,ERR,ERR,34.0,80.0,35,0.0,0.0,0.0,0.0,0.0,0.0,0.0,0.0,0.0,0.0,0.0,0.0,0.0,0.0,0.0,0.0,64.4,0,117,56,50,65476,0,300,0,0,8,20529,65476,0,0,57672,80.0,0.0,0.0,0.0,0.0,0.0
2026-06-17T04:15:14,ERR,ERR,ERR,ERR,ERR,ERR,ERR,ERR,ERR,ERR,ERR,ERR,ERR,ERR,ERR,ERR,ERR,ERR,ERR,ERR,ERR,ERR,ERR,ERR,ERR,ERR,ERR,ERR,ERR,ERR,ERR,ERR,ERR,ERR,ERR,ERR,ERR,ERR,ERR,ERR,ERR,ERR,ERR,ERR,ERR,ERR,ERR,ERR,ERR,ERR,ERR,ERR,ERR,ERR,ERR,ERR,ERR,ERR,ERR,ERR,ERR,ERR,ERR,ERR,ERR,ERR,ERR,ERR,ERR,ERR,ERR,ERR,ERR,ERR,ERR,ERR,ERR,ERR,ERR,ERR,ERR,ERR,ERR,ERR,ERR,ERR,ERR,ERR,ERR,ERR,ERR,ERR,ERR,ERR,ERR,ERR,ERR,ERR,ERR,ERR,ERR,ERR,ERR,ERR,ERR,ERR,ERR,ERR,ERR,ERR,ERR,ERR,ERR,ERR,ERR,ERR,ERR,ERR,ERR,ERR,ERR,ERR,ERR,ERR,ERR,0.0,0.0,0.0,0.0,0.0,1.3936040501711995e+18,7.805,0.0,0,0,4,0,7300,-0.0,0,0.0,0.0,0.0,0.0,0.0,0,0,0,0,0.0,0,0,0,0,0,0,0,0,0,0,0,0,0,0,0,0,0,0,0,0,0,0,0,0,0,0,0,0,0,0,0,0,0,32,30,30,62,65476,0,300,0,0,8,21553,0.0,-107605600.0,0.0,0.0,0.0,0.0,0.0,0.0,0.0,0.0,0.0,0.0,0.0,0.0,0.0,0.0,0.0,0.0,0.0,0.0,0.0,0.0,2.004,2.004,-0.0,0.0,0.0,0.0,0.0,0.0,5546.0,-0.0,6963.0,0.0,0.0,-107615280.0,-107615328.0,0.0,0.0,0.0,0.0,63,5.848081828453021e+35,126840717312.0,0.0,0.0,0.0,0.0,0.0,0.0,0.0,0,0,0,0.0,0.0,0.0,0.0,0.0,0.0,0.0,0.0,0.0,0.0,0.0,0.0,0.0,0.0,0.0,0.0,0,-107875648.0,63,0.0,126,2.7184242562605685e+23,-0.0,ERR,ERR,ERR,ERR,ERR,ERR,ERR,ERR,ERR,ERR,ERR,ERR,ERR,ERR,ERR,ERR,ERR,ERR,ERR,ERR,ERR,ERR,ERR,ERR,ERR,ERR,ERR,ERR,ERR,ERR,ERR,ERR,ERR,ERR,ERR,ERR,ERR,ERR,ERR,ERR,ERR,ERR,ERR,ERR,ERR,ERR,ERR,ERR,ERR,ERR,ERR,ERR,ERR,ERR,ERR,ERR,ERR,ERR,ERR,ERR,ERR,ERR,ERR,ERR,ERR,ERR,ERR,34.0,80.0,35,0.0,0.0,0.0,0.0,0.0,0.0,0.0,0.0,0.0,0.0,0.0,0.0,0.0,0.0,0.0,0.0,64.4,0,117,56,50,65476,0,300,0,0,8,20529,65476,0,0,57672,80.0,0.0,0.0,0.0,0.0,0.0
2026-06-17T04:15:15,ERR,ERR,ERR,ERR,ERR,ERR,ERR,ERR,ERR,ERR,ERR,ERR,ERR,ERR,ERR,ERR,ERR,ERR,ERR,ERR,ERR,ERR,ERR,ERR,ERR,ERR,ERR,ERR,ERR,ERR,ERR,ERR,ERR,ERR,ERR,ERR,ERR,ERR,ERR,ERR,ERR,ERR,ERR,ERR,ERR,ERR,ERR,ERR,ERR,ERR,ERR,ERR,ERR,ERR,ERR,ERR,ERR,ERR,ERR,ERR,ERR,ERR,ERR,ERR,ERR,ERR,ERR,ERR,ERR,ERR,ERR,ERR,ERR,ERR,ERR,ERR,ERR,ERR,ERR,ERR,ERR,ERR,ERR,ERR,ERR,ERR,ERR,ERR,ERR,ERR,ERR,ERR,ERR,ERR,ERR,ERR,ERR,ERR,ERR,ERR,ERR,ERR,ERR,ERR,ERR,ERR,ERR,ERR,ERR,ERR,ERR,ERR,ERR,ERR,ERR,ERR,ERR,ERR,ERR,ERR,ERR,ERR,ERR,ERR,ERR,0.0,0.0,0.0,0.0,0.0,1.3936040501711995e+18,7.805,0.0,0,0,4,0,7300,-0.0,0,0.0,0.0,0.0,0.0,0.0,0,0,0,0,0.0,0,0,0,0,0,0,0,0,0,0,0,0,0,0,0,0,0,0,0,0,0,0,0,0,0,0,0,0,0,0,0,0,0,32,30,30,62,65476,0,300,0,0,8,21553,0.0,-107605600.0,0.0,0.0,0.0,0.0,0.0,0.0,0.0,0.0,0.0,0.0,0.0,0.0,0.0,0.0,0.0,0.0,0.0,0.0,0.0,0.0,2.004,2.004,-0.0,0.0,0.0,0.0,0.0,0.0,5546.0,-0.0,6963.0,0.0,0.0,-107615280.0,-107615328.0,0.0,0.0,0.0,0.0,63,5.848081828453021e+35,126840717312.0,0.0,0.0,0.0,0.0,0.0,0.0,0.0,0,0,0,0.0,0.0,0.0,0.0,0.0,0.0,0.0,0.0,0.0,0.0,0.0,0.0,0.0,0.0,0.0,0.0,0,-107875648.0,63,0.0,126,2.7184242562605685e+23,-0.0,ERR,ERR,ERR,ERR,ERR,ERR,ERR,ERR,ERR,ERR,ERR,ERR,ERR,ERR,ERR,ERR,ERR,ERR,ERR,ERR,ERR,ERR,ERR,ERR,ERR,ERR,ERR,ERR,ERR,ERR,ERR,ERR,ERR,ERR,ERR,ERR,ERR,ERR,ERR,ERR,ERR,ERR,ERR,ERR,ERR,ERR,ERR,ERR,ERR,ERR,ERR,ERR,ERR,ERR,ERR,ERR,ERR,ERR,ERR,ERR,ERR,ERR,ERR,ERR,ERR,ERR,ERR,34.0,80.0,35,0.0,0.0,0.0,0.0,0.0,0.0,0.0,0.0,0.0,0.0,0.0,0.0,0.0,0.0,0.0,0.0,64.4,0,117,56,50,65476,0,300,0,0,8,20529,65476,0,0,57672,80.0,0.0,0.0,0.0,0.0,0.0
2026-06-17T04:15:16,ERR,ERR,ERR,ERR,ERR,ERR,ERR,ERR,ERR,ERR,ERR,ERR,ERR,ERR,ERR,ERR,ERR,ERR,ERR,ERR,ERR,ERR,ERR,ERR,ERR,ERR,ERR,ERR,ERR,ERR,ERR,ERR,ERR,ERR,ERR,ERR,ERR,ERR,ERR,ERR,ERR,ERR,ERR,ERR,ERR,ERR,ERR,ERR,ERR,ERR,ERR,ERR,ERR,ERR,ERR,ERR,ERR,ERR,ERR,ERR,ERR,ERR,ERR,ERR,ERR,ERR,ERR,ERR,ERR,ERR,ERR,ERR,ERR,ERR,ERR,ERR,ERR,ERR,ERR,ERR,ERR,ERR,ERR,ERR,ERR,ERR,ERR,ERR,ERR,ERR,ERR,ERR,ERR,ERR,ERR,ERR,ERR,ERR,ERR,ERR,ERR,ERR,ERR,ERR,ERR,ERR,ERR,ERR,ERR,ERR,ERR,ERR,ERR,ERR,ERR,ERR,ERR,ERR,ERR,ERR,ERR,ERR,ERR,ERR,ERR,0.0,0.0,0.0,0.0,0.0,1.3936040501711995e+18,7.805,0.0,0,0,4,0,7300,-0.0,0,0.0,0.0,0.0,0.0,0.0,0,0,0,0,0.0,0,0,0,0,0,0,0,0,0,0,0,0,0,0,0,0,0,0,0,0,0,0,0,0,0,0,0,0,0,0,0,0,0,32,30,30,62,65476,0,300,0,0,8,21553,0.0,-107605600.0,0.0,0.0,0.0,0.0,0.0,0.0,0.0,0.0,0.0,0.0,0.0,0.0,0.0,0.0,0.0,0.0,0.0,0.0,0.0,0.0,2.004,2.004,-0.0,0.0,0.0,0.0,0.0,0.0,5546.0,-0.0,6963.0,0.0,0.0,-107615280.0,-107615328.0,0.0,0.0,0.0,0.0,63,5.848081828453021e+35,126840717312.0,0.0,0.0,0.0,0.0,0.0,0.0,0.0,0,0,0,0.0,0.0,0.0,0.0,0.0,0.0,0.0,0.0,0.0,0.0,0.0,0.0,0.0,0.0,0.0,0.0,0,-107875648.0,63,0.0,126,2.7184242562605685e+23,-0.0,ERR,ERR,ERR,ERR,ERR,ERR,ERR,ERR,ERR,ERR,ERR,ERR,ERR,ERR,ERR,ERR,ERR,ERR,ERR,ERR,ERR,ERR,ERR,ERR,ERR,ERR,ERR,ERR,ERR,ERR,ERR,ERR,ERR,ERR,ERR,ERR,ERR,ERR,ERR,ERR,ERR,ERR,ERR,ERR,ERR,ERR,ERR,ERR,ERR,ERR,ERR,ERR,ERR,ERR,ERR,ERR,ERR,ERR,ERR,ERR,ERR,ERR,ERR,ERR,ERR,ERR,ERR,34.0,80.0,35,0.0,0.0,0.0,0.0,0.0,0.0,0.0,0.0,0.0,0.0,0.0,0.0,0.0,0.0,0.0,0.0,64.8,0,117,56,50,65476,0,300,0,0,8,20529,65476,0,0,57672,80.0,0.0,0.0,0.0,0.0,0.0
2026-06-17T04:15:17,ERR,ERR,ERR,ERR,ERR,ERR,ERR,ERR,ERR,ERR,ERR,ERR,ERR,ERR,ERR,ERR,ERR,ERR,ERR,ERR,ERR,ERR,ERR,ERR,ERR,ERR,ERR,ERR,ERR,ERR,ERR,ERR,ERR,ERR,ERR,ERR,ERR,ERR,ERR,ERR,ERR,ERR,ERR,ERR,ERR,ERR,ERR,ERR,ERR,ERR,ERR,ERR,ERR,ERR,ERR,ERR,ERR,ERR,ERR,ERR,ERR,ERR,ERR,ERR,ERR,ERR,ERR,ERR,ERR,ERR,ERR,ERR,ERR,ERR,ERR,ERR,ERR,ERR,ERR,ERR,ERR,ERR,ERR,ERR,ERR,ERR,ERR,ERR,ERR,ERR,ERR,ERR,ERR,ERR,ERR,ERR,ERR,ERR,ERR,ERR,ERR,ERR,ERR,ERR,ERR,ERR,ERR,ERR,ERR,ERR,ERR,ERR,ERR,ERR,ERR,ERR,ERR,ERR,ERR,ERR,ERR,ERR,ERR,ERR,ERR,0.0,0.0,0.0,0.0,0.0,1.3936040501711995e+18,7.805,0.0,0,0,4,0,7300,-0.0,0,0.0,0.0,0.0,0.0,0.0,0,0,0,0,0.0,0,0,0,0,0,0,0,0,0,0,0,0,0,0,0,0,0,0,0,0,0,0,0,0,0,0,0,0,0,0,0,0,0,32,30,30,62,65476,0,300,0,0,8,21553,0.0,-107605600.0,0.0,0.0,0.0,0.0,0.0,0.0,0.0,0.0,0.0,0.0,0.0,0.0,0.0,0.0,0.0,0.0,0.0,0.0,0.0,0.0,2.004,2.004,-0.0,0.0,0.0,0.0,0.0,0.0,5546.0,-0.0,6963.0,0.0,0.0,-107615280.0,-107615328.0,0.0,0.0,0.0,0.0,63,5.848081828453021e+35,126840717312.0,0.0,0.0,0.0,0.0,0.0,0.0,0.0,0,0,0,0.0,0.0,0.0,0.0,0.0,0.0,0.0,0.0,0.0,0.0,0.0,0.0,0.0,0.0,0.0,0.0,0,-107875648.0,63,0.0,126,2.7184242562605685e+23,-0.0,ERR,ERR,ERR,ERR,ERR,ERR,ERR,ERR,ERR,ERR,ERR,ERR,ERR,ERR,ERR,ERR,ERR,ERR,ERR,ERR,ERR,ERR,ERR,ERR,ERR,ERR,ERR,ERR,ERR,ERR,ERR,ERR,ERR,ERR,ERR,ERR,ERR,ERR,ERR,ERR,ERR,ERR,ERR,ERR,ERR,ERR,ERR,ERR,ERR,ERR,ERR,ERR,ERR,ERR,ERR,ERR,ERR,ERR,ERR,ERR,ERR,ERR,ERR,ERR,ERR,ERR,ERR,34.0,80.0,35,0.0,0.0,0.0,0.0,0.0,0.0,0.0,0.0,0.0,0.0,0.0,0.0,0.0,0.0,0.0,0.0,64.8,0,117,56,50,65476,0,300,0,0,8,20529,65476,0,0,57672,80.0,0.0,0.0,0.0,0.0,0.0
2026-06-17T04:15:18,ERR,ERR,ERR,ERR,ERR,ERR,ERR,ERR,ERR,ERR,ERR,ERR,ERR,ERR,ERR,ERR,ERR,ERR,ERR,ERR,ERR,ERR,ERR,ERR,ERR,ERR,ERR,ERR,ERR,ERR,ERR,ERR,ERR,ERR,ERR,ERR,ERR,ERR,ERR,ERR,ERR,ERR,ERR,ERR,ERR,ERR,ERR,ERR,ERR,ERR,ERR,ERR,ERR,ERR,ERR,ERR,ERR,ERR,ERR,ERR,ERR,ERR,ERR,ERR,ERR,ERR,ERR,ERR,ERR,ERR,ERR,ERR,ERR,ERR,ERR,ERR,ERR,ERR,ERR,ERR,ERR,ERR,ERR,ERR,ERR,ERR,ERR,ERR,ERR,ERR,ERR,ERR,ERR,ERR,ERR,ERR,ERR,ERR,ERR,ERR,ERR,ERR,ERR,ERR,ERR,ERR,ERR,ERR,ERR,ERR,ERR,ERR,ERR,ERR,ERR,ERR,ERR,ERR,ERR,ERR,ERR,ERR,ERR,ERR,ERR,0.0,0.0,0.0,0.0,0.0,1.3936040501711995e+18,7.805,0.0,0,0,4,0,7300,-0.0,0,0.0,0.0,0.0,0.0,0.0,0,0,0,0,0.0,0,0,0,0,0,0,0,0,0,0,0,0,0,0,0,0,0,0,0,0,0,0,0,0,0,0,0,0,0,0,0,0,0,32,30,30,62,65476,0,300,0,0,8,21553,0.0,-107605600.0,0.0,0.0,0.0,0.0,0.0,0.0,0.0,0.0,0.0,0.0,0.0,0.0,0.0,0.0,0.0,0.0,0.0,0.0,0.0,0.0,2.004,2.004,-0.0,0.0,0.0,0.0,0.0,0.0,5548.0,-1.0406674853550389e+34,6975.0,0.0,0.0,-107615280.0,-107615328.0,0.0,0.0,0.0,0.0,63,5.848081828453021e+35,-0.0,0.0,0.0,0.0,0.0,0.0,0.0,0.0,0,0,0,0.0,0.0,0.0,0.0,0.0,0.0,0.0,0.0,0.0,0.0,0.0,0.0,0.0,0.0,0.0,0.0,0,-107875648.0,63,0.0,126,2.7184242562605685e+23,-0.0,ERR,ERR,ERR,ERR,ERR,ERR,ERR,ERR,ERR,ERR,ERR,ERR,ERR,ERR,ERR,ERR,ERR,ERR,ERR,ERR,ERR,ERR,ERR,ERR,ERR,ERR,ERR,ERR,ERR,ERR,ERR,ERR,ERR,ERR,ERR,ERR,ERR,ERR,ERR,ERR,ERR,ERR,ERR,ERR,ERR,ERR,ERR,ERR,ERR,ERR,ERR,ERR,ERR,ERR,ERR,ERR,ERR,ERR,ERR,ERR,ERR,ERR,ERR,ERR,ERR,ERR,ERR,34.0,80.0,35,0.0,0.0,0.0,0.0,0.0,0.0,0.0,0.0,0.0,0.0,0.0,0.0,0.0,0.0,0.0,0.0,64.4,0,117,56,50,65476,0,300,0,0,8,20529,65476,0,0,57672,80.0,0.0,0.0,0.0,0.0,0.0
2026-06-17T04:15:19,ERR,ERR,ERR,ERR,ERR,ERR,ERR,ERR,ERR,ERR,ERR,ERR,ERR,ERR,ERR,ERR,ERR,ERR,ERR,ERR,ERR,ERR,ERR,ERR,ERR,ERR,ERR,ERR,ERR,ERR,ERR,ERR,ERR,ERR,ERR,ERR,ERR,ERR,ERR,ERR,ERR,ERR,ERR,ERR,ERR,ERR,ERR,ERR,ERR,ERR,ERR,ERR,ERR,ERR,ERR,ERR,ERR,ERR,ERR,ERR,ERR,ERR,ERR,ERR,ERR,ERR,ERR,ERR,ERR,ERR,ERR,ERR,ERR,ERR,ERR,ERR,ERR,ERR,ERR,ERR,ERR,ERR,ERR,ERR,ERR,ERR,ERR,ERR,ERR,ERR,ERR,ERR,ERR,ERR,ERR,ERR,ERR,ERR,ERR,ERR,ERR,ERR,ERR,ERR,ERR,ERR,ERR,ERR,ERR,ERR,ERR,ERR,ERR,ERR,ERR,ERR,ERR,ERR,ERR,ERR,ERR,ERR,ERR,ERR,ERR,0.0,0.0,0.0,0.0,0.0,1.3936040501711995e+18,7.805,0.0,0,0,4,0,7300,-0.0,0,0.0,0.0,0.0,0.0,0.0,0,0,0,0,0.0,0,0,0,0,0,0,0,0,0,0,0,0,0,0,0,0,0,0,0,0,0,0,0,0,0,0,0,0,0,0,0,0,0,32,30,30,62,65476,0,300,0,0,8,21553,0.0,-107605600.0,0.0,0.0,0.0,0.0,0.0,0.0,0.0,0.0,0.0,0.0,0.0,0.0,0.0,0.0,0.0,0.0,0.0,0.0,0.0,0.0,2.004,2.004,-0.0,0.0,0.0,0.0,0.0,0.0,5548.0,-1.0406674853550389e+34,6975.0,0.0,0.0,-107615280.0,-107615328.0,0.0,0.0,0.0,0.0,63,5.848081828453021e+35,-0.0,0.0,0.0,0.0,0.0,0.0,0.0,0.0,0,0,0,0.0,0.0,0.0,0.0,0.0,0.0,0.0,0.0,0.0,0.0,0.0,0.0,0.0,0.0,0.0,0.0,0,-107875648.0,63,0.0,126,2.7184242562605685e+23,-0.0,ERR,ERR,ERR,ERR,ERR,ERR,ERR,ERR,ERR,ERR,ERR,ERR,ERR,ERR,ERR,ERR,ERR,ERR,ERR,ERR,ERR,ERR,ERR,ERR,ERR,ERR,ERR,ERR,ERR,ERR,ERR,ERR,ERR,ERR,ERR,ERR,ERR,ERR,ERR,ERR,ERR,ERR,ERR,ERR,ERR,ERR,ERR,ERR,ERR,ERR,ERR,ERR,ERR,ERR,ERR,ERR,ERR,ERR,ERR,ERR,ERR,ERR,ERR,ERR,ERR,ERR,ERR,34.0,80.0,35,0.0,0.0,0.0,0.0,0.0,0.0,0.0,0.0,0.0,0.0,0.0,0.0,0.0,0.0,0.0,0.0,64.4,0,117,56,50,65476,0,300,0,0,8,20529,65476,0,0,57672,80.0,0.0,0.0,0.0,0.0,0.0
2026-06-17T04:15:20,ERR,ERR,ERR,ERR,ERR,ERR,ERR,ERR,ERR,ERR,ERR,ERR,ERR,ERR,ERR,ERR,ERR,ERR,ERR,ERR,ERR,ERR,ERR,ERR,ERR,ERR,ERR,ERR,ERR,ERR,ERR,ERR,ERR,ERR,ERR,ERR,ERR,ERR,ERR,ERR,ERR,ERR,ERR,ERR,ERR,ERR,ERR,ERR,ERR,ERR,ERR,ERR,ERR,ERR,ERR,ERR,ERR,ERR,ERR,ERR,ERR,ERR,ERR,ERR,ERR,ERR,ERR,ERR,ERR,ERR,ERR,ERR,ERR,ERR,ERR,ERR,ERR,ERR,ERR,ERR,ERR,ERR,ERR,ERR,ERR,ERR,ERR,ERR,ERR,ERR,ERR,ERR,ERR,ERR,ERR,ERR,ERR,ERR,ERR,ERR,ERR,ERR,ERR,ERR,ERR,ERR,ERR,ERR,ERR,ERR,ERR,ERR,ERR,ERR,ERR,ERR,ERR,ERR,ERR,ERR,ERR,ERR,ERR,ERR,ERR,0.0,0.0,0.0,0.0,0.0,1.3936040501711995e+18,7.805,0.0,0,0,4,0,7300,-0.0,0,0.0,0.0,0.0,0.0,0.0,0,0,0,0,0.0,0,0,0,0,0,0,0,0,0,0,0,0,0,0,0,0,0,0,0,0,0,0,0,0,0,0,0,0,0,0,0,0,0,32,30,30,62,65476,0,300,0,0,8,21553,0.0,-107605600.0,0.0,0.0,0.0,0.0,0.0,0.0,0.0,0.0,0.0,0.0,0.0,0.0,0.0,0.0,0.0,0.0,0.0,0.0,0.0,0.0,2.004,2.004,-0.0,0.0,0.0,0.0,0.0,0.0,5548.0,-1.0406674853550389e+34,6975.0,0.0,0.0,-107615280.0,-107615328.0,0.0,0.0,0.0,0.0,63,5.848081828453021e+35,-0.0,0.0,0.0,0.0,0.0,0.0,0.0,0.0,0,0,0,0.0,0.0,0.0,0.0,0.0,0.0,0.0,0.0,0.0,0.0,0.0,0.0,0.0,0.0,0.0,0.0,0,-107875648.0,63,0.0,126,2.7184242562605685e+23,-0.0,ERR,ERR,ERR,ERR,ERR,ERR,ERR,ERR,ERR,ERR,ERR,ERR,ERR,ERR,ERR,ERR,ERR,ERR,ERR,ERR,ERR,ERR,ERR,ERR,ERR,ERR,ERR,ERR,ERR,ERR,ERR,ERR,ERR,ERR,ERR,ERR,ERR,ERR,ERR,ERR,ERR,ERR,ERR,ERR,ERR,ERR,ERR,ERR,ERR,ERR,ERR,ERR,ERR,ERR,ERR,ERR,ERR,ERR,ERR,ERR,ERR,ERR,ERR,ERR,ERR,ERR,ERR,34.0,80.0,35,0.0,0.0,0.0,0.0,0.0,0.0,0.0,0.0,0.0,0.0,0.0,0.0,0.0,0.0,0.0,0.0,64.4,0,117,56,50,65476,0,300,0,0,8,20529,65476,0,0,57672,80.0,0.0,0.0,0.0,0.0,0.0
2026-06-17T04:15:21,ERR,ERR,ERR,ERR,ERR,ERR,ERR,ERR,ERR,ERR,ERR,ERR,ERR,ERR,ERR,ERR,ERR,ERR,ERR,ERR,ERR,ERR,ERR,ERR,ERR,ERR,ERR,ERR,ERR,ERR,ERR,ERR,ERR,ERR,ERR,ERR,ERR,ERR,ERR,ERR,ERR,ERR,ERR,ERR,ERR,ERR,ERR,ERR,ERR,ERR,ERR,ERR,ERR,ERR,ERR,ERR,ERR,ERR,ERR,ERR,ERR,ERR,ERR,ERR,ERR,ERR,ERR,ERR,ERR,ERR,ERR,ERR,ERR,ERR,ERR,ERR,ERR,ERR,ERR,ERR,ERR,ERR,ERR,ERR,ERR,ERR,ERR,ERR,ERR,ERR,ERR,ERR,ERR,ERR,ERR,ERR,ERR,ERR,ERR,ERR,ERR,ERR,ERR,ERR,ERR,ERR,ERR,ERR,ERR,ERR,ERR,ERR,ERR,ERR,ERR,ERR,ERR,ERR,ERR,ERR,ERR,ERR,ERR,ERR,ERR,0.0,0.0,0.0,0.0,0.0,1.3936040501711995e+18,7.805,0.0,0,0,4,0,7300,-0.0,0,0.0,0.0,0.0,0.0,0.0,0,0,0,0,0.0,0,0,0,0,0,0,0,0,0,0,0,0,0,0,0,0,0,0,0,0,0,0,0,0,0,0,0,0,0,0,0,0,0,32,30,30,62,65476,0,300,0,0,8,21553,0.0,-107605600.0,0.0,0.0,0.0,0.0,0.0,0.0,0.0,0.0,0.0,0.0,0.0,0.0,0.0,0.0,0.0,0.0,0.0,0.0,0.0,0.0,2.004,2.004,-0.0,0.0,0.0,0.0,0.0,0.0,5548.0,-1.0406674853550389e+34,6975.0,0.0,0.0,-107615280.0,-107615328.0,0.0,0.0,0.0,0.0,63,5.848081828453021e+35,-0.0,0.0,0.0,0.0,0.0,0.0,0.0,0.0,0,0,0,0.0,0.0,0.0,0.0,0.0,0.0,0.0,0.0,0.0,0.0,0.0,0.0,0.0,0.0,0.0,0.0,0,-107875648.0,63,0.0,126,2.7184242562605685e+23,-0.0,ERR,ERR,ERR,ERR,ERR,ERR,ERR,ERR,ERR,ERR,ERR,ERR,ERR,ERR,ERR,ERR,ERR,ERR,ERR,ERR,ERR,ERR,ERR,ERR,ERR,ERR,ERR,ERR,ERR,ERR,ERR,ERR,ERR,ERR,ERR,ERR,ERR,ERR,ERR,ERR,ERR,ERR,ERR,ERR,ERR,ERR,ERR,ERR,ERR,ERR,ERR,ERR,ERR,ERR,ERR,ERR,ERR,ERR,ERR,ERR,ERR,ERR,ERR,ERR,ERR,ERR,ERR,34.0,80.0,35,0.0,0.0,0.0,0.0,0.0,0.0,0.0,0.0,0.0,0.0,0.0,0.0,0.0,0.0,0.0,0.0,64.4,0,117,56,50,65476,0,300,0,0,8,20529,65476,0,0,57672,80.0,0.0,0.0,0.0,0.0,0.0
2026-06-17T04:15:22,ERR,ERR,ERR,ERR,ERR,ERR,ERR,ERR,ERR,ERR,ERR,ERR,ERR,ERR,ERR,ERR,ERR,ERR,ERR,ERR,ERR,ERR,ERR,ERR,ERR,ERR,ERR,ERR,ERR,ERR,ERR,ERR,ERR,ERR,ERR,ERR,ERR,ERR,ERR,ERR,ERR,ERR,ERR,ERR,ERR,ERR,ERR,ERR,ERR,ERR,ERR,ERR,ERR,ERR,ERR,ERR,ERR,ERR,ERR,ERR,ERR,ERR,ERR,ERR,ERR,ERR,ERR,ERR,ERR,ERR,ERR,ERR,ERR,ERR,ERR,ERR,ERR,ERR,ERR,ERR,ERR,ERR,ERR,ERR,ERR,ERR,ERR,ERR,ERR,ERR,ERR,ERR,ERR,ERR,ERR,ERR,ERR,ERR,ERR,ERR,ERR,ERR,ERR,ERR,ERR,ERR,ERR,ERR,ERR,ERR,ERR,ERR,ERR,ERR,ERR,ERR,ERR,ERR,ERR,ERR,ERR,ERR,ERR,ERR,ERR,0.0,0.0,0.0,0.0,0.0,1.3936040501711995e+18,7.805,0.0,0,0,4,0,7300,-0.0,0,0.0,0.0,0.0,0.0,0.0,0,0,0,0,0.0,0,0,0,0,0,0,0,0,0,0,0,0,0,0,0,0,0,0,0,0,0,0,0,0,0,0,0,0,0,0,0,0,0,32,30,30,62,65476,0,300,0,0,8,21553,0.0,-107605600.0,0.0,0.0,0.0,0.0,0.0,0.0,0.0,0.0,0.0,0.0,0.0,0.0,0.0,0.0,0.0,0.0,0.0,0.0,0.0,0.0,2.004,2.004,-0.0,0.0,0.0,0.0,0.0,0.0,5548.0,-1.0406674853550389e+34,6975.0,0.0,0.0,-107615280.0,-107615328.0,0.0,0.0,0.0,0.0,63,5.848081828453021e+35,-0.0,0.0,0.0,0.0,0.0,0.0,0.0,0.0,0,0,0,0.0,0.0,0.0,0.0,0.0,0.0,0.0,0.0,0.0,0.0,0.0,0.0,0.0,0.0,0.0,0.0,0,-107875648.0,63,0.0,126,2.7184242562605685e+23,-0.0,ERR,ERR,ERR,ERR,ERR,ERR,ERR,ERR,ERR,ERR,ERR,ERR,ERR,ERR,ERR,ERR,ERR,ERR,ERR,ERR,ERR,ERR,ERR,ERR,ERR,ERR,ERR,ERR,ERR,ERR,ERR,ERR,ERR,ERR,ERR,ERR,ERR,ERR,ERR,ERR,ERR,ERR,ERR,ERR,ERR,ERR,ERR,ERR,ERR,ERR,ERR,ERR,ERR,ERR,ERR,ERR,ERR,ERR,ERR,ERR,ERR,ERR,ERR,ERR,ERR,ERR,ERR,34.0,80.0,35,0.0,0.0,0.0,0.0,0.0,0.0,0.0,0.0,0.0,0.0,0.0,0.0,0.0,0.0,0.0,0.0,64.4,0,117,56,50,65476,0,300,0,0,8,20529,65476,0,0,57672,80.0,0.0,0.0,0.0,0.0,0.0
2026-06-17T04:15:23,ERR,ERR,ERR,ERR,ERR,ERR,ERR,ERR,ERR,ERR,ERR,ERR,ERR,ERR,ERR,ERR,ERR,ERR,ERR,ERR,ERR,ERR,ERR,ERR,ERR,ERR,ERR,ERR,ERR,ERR,ERR,ERR,ERR,ERR,ERR,ERR,ERR,ERR,ERR,ERR,ERR,ERR,ERR,ERR,ERR,ERR,ERR,ERR,ERR,ERR,ERR,ERR,ERR,ERR,ERR,ERR,ERR,ERR,ERR,ERR,ERR,ERR,ERR,ERR,ERR,ERR,ERR,ERR,ERR,ERR,ERR,ERR,ERR,ERR,ERR,ERR,ERR,ERR,ERR,ERR,ERR,ERR,ERR,ERR,ERR,ERR,ERR,ERR,ERR,ERR,ERR,ERR,ERR,ERR,ERR,ERR,ERR,ERR,ERR,ERR,ERR,ERR,ERR,ERR,ERR,ERR,ERR,ERR,ERR,ERR,ERR,ERR,ERR,ERR,ERR,ERR,ERR,ERR,ERR,ERR,ERR,ERR,ERR,ERR,ERR,0.0,0.0,0.0,0.0,0.0,1.3936040501711995e+18,7.805,0.0,0,0,4,0,7300,-0.0,0,0.0,0.0,0.0,0.0,0.0,0,0,0,0,0.0,0,0,0,0,0,0,0,0,0,0,0,0,0,0,0,0,0,0,0,0,0,0,0,0,0,0,0,0,0,0,0,0,0,32,30,30,62,65476,0,300,0,0,8,21553,0.0,-107605600.0,0.0,0.0,0.0,0.0,0.0,0.0,0.0,0.0,0.0,0.0,0.0,0.0,0.0,0.0,0.0,0.0,0.0,0.0,0.0,0.0,2.004,2.004,-0.0,0.0,0.0,0.0,0.0,0.0,5548.0,-1.0406674853550389e+34,6975.0,0.0,0.0,-107615280.0,-107615328.0,0.0,0.0,0.0,0.0,63,5.848081828453021e+35,-0.0,0.0,0.0,0.0,0.0,0.0,0.0,0.0,0,0,0,0.0,0.0,0.0,0.0,0.0,0.0,0.0,0.0,0.0,0.0,0.0,0.0,0.0,0.0,0.0,0.0,0,-107875648.0,63,0.0,126,2.7184242562605685e+23,-0.0,ERR,ERR,ERR,ERR,ERR,ERR,ERR,ERR,ERR,ERR,ERR,ERR,ERR,ERR,ERR,ERR,ERR,ERR,ERR,ERR,ERR,ERR,ERR,ERR,ERR,ERR,ERR,ERR,ERR,ERR,ERR,ERR,ERR,ERR,ERR,ERR,ERR,ERR,ERR,ERR,ERR,ERR,ERR,ERR,ERR,ERR,ERR,ERR,ERR,ERR,ERR,ERR,ERR,ERR,ERR,ERR,ERR,ERR,ERR,ERR,ERR,ERR,ERR,ERR,ERR,ERR,ERR,34.0,80.0,35,0.0,0.0,0.0,0.0,0.0,0.0,0.0,0.0,0.0,0.0,0.0,0.0,0.0,0.0,0.0,0.0,64.8,0,117,56,50,65476,0,300,0,0,8,20529,65476,0,0,57672,80.0,0.0,0.0,0.0,0.0,0.0
2026-06-17T04:15:24,ERR,ERR,ERR,ERR,ERR,ERR,ERR,ERR,ERR,ERR,ERR,ERR,ERR,ERR,ERR,ERR,ERR,ERR,ERR,ERR,ERR,ERR,ERR,ERR,ERR,ERR,ERR,ERR,ERR,ERR,ERR,ERR,ERR,ERR,ERR,ERR,ERR,ERR,ERR,ERR,ERR,ERR,ERR,ERR,ERR,ERR,ERR,ERR,ERR,ERR,ERR,ERR,ERR,ERR,ERR,ERR,ERR,ERR,ERR,ERR,ERR,ERR,ERR,ERR,ERR,ERR,ERR,ERR,ERR,ERR,ERR,ERR,ERR,ERR,ERR,ERR,ERR,ERR,ERR,ERR,ERR,ERR,ERR,ERR,ERR,ERR,ERR,ERR,ERR,ERR,ERR,ERR,ERR,ERR,ERR,ERR,ERR,ERR,ERR,ERR,ERR,ERR,ERR,ERR,ERR,ERR,ERR,ERR,ERR,ERR,ERR,ERR,ERR,ERR,ERR,ERR,ERR,ERR,ERR,ERR,ERR,ERR,ERR,ERR,ERR,0.0,0.0,0.0,0.0,0.0,1.3936040501711995e+18,7.805,0.0,0,0,4,0,7300,-0.0,0,0.0,0.0,0.0,0.0,0.0,0,0,0,0,0.0,0,0,0,0,0,0,0,0,0,0,0,0,0,0,0,0,0,0,0,0,0,0,0,0,0,0,0,0,0,0,0,0,0,32,30,30,62,65476,0,300,0,0,8,21553,0.0,-107605600.0,0.0,0.0,0.0,0.0,0.0,0.0,0.0,0.0,0.0,0.0,0.0,0.0,0.0,0.0,0.0,0.0,0.0,0.0,0.0,0.0,2.004,2.004,-0.0,0.0,0.0,0.0,0.0,0.0,5580.0,0.0,6950.0,0.0,0.0,-107615280.0,-107615328.0,0.0,0.0,0.0,0.0,63,5.848081828453021e+35,-4.9504100287861755e+32,0.0,0.0,0.0,0.0,0.0,0.0,0.0,0,0,0,0.0,0.0,0.0,0.0,0.0,0.0,0.0,0.0,0.0,0.0,0.0,0.0,0.0,0.0,0.0,0.0,0,-107875648.0,63,0.0,126,2.7184242562605685e+23,-0.0,ERR,ERR,ERR,ERR,ERR,ERR,ERR,ERR,ERR,ERR,ERR,ERR,ERR,ERR,ERR,ERR,ERR,ERR,ERR,ERR,ERR,ERR,ERR,ERR,ERR,ERR,ERR,ERR,ERR,ERR,ERR,ERR,ERR,ERR,ERR,ERR,ERR,ERR,ERR,ERR,ERR,ERR,ERR,ERR,ERR,ERR,ERR,ERR,ERR,ERR,ERR,ERR,ERR,ERR,ERR,ERR,ERR,ERR,ERR,ERR,ERR,ERR,ERR,ERR,ERR,ERR,ERR,34.0,80.0,35,0.0,0.0,0.0,0.0,0.0,0.0,0.0,0.0,0.0,0.0,0.0,0.0,0.0,0.0,0.0,0.0,64.8,0,117,56,50,65476,0,300,0,0,8,20529,65476,0,0,57672,80.0,0.0,0.0,0.0,0.0,0.0
2026-06-17T04:15:25,ERR,ERR,ERR,ERR,ERR,ERR,ERR,ERR,ERR,ERR,ERR,ERR,ERR,ERR,ERR,ERR,ERR,ERR,ERR,ERR,ERR,ERR,ERR,ERR,ERR,ERR,ERR,ERR,ERR,ERR,ERR,ERR,ERR,ERR,ERR,ERR,ERR,ERR,ERR,ERR,ERR,ERR,ERR,ERR,ERR,ERR,ERR,ERR,ERR,ERR,ERR,ERR,ERR,ERR,ERR,ERR,ERR,ERR,ERR,ERR,ERR,ERR,ERR,ERR,ERR,ERR,ERR,ERR,ERR,ERR,ERR,ERR,ERR,ERR,ERR,ERR,ERR,ERR,ERR,ERR,ERR,ERR,ERR,ERR,ERR,ERR,ERR,ERR,ERR,ERR,ERR,ERR,ERR,ERR,ERR,ERR,ERR,ERR,ERR,ERR,ERR,ERR,ERR,ERR,ERR,ERR,ERR,ERR,ERR,ERR,ERR,ERR,ERR,ERR,ERR,ERR,ERR,ERR,ERR,ERR,ERR,ERR,ERR,ERR,ERR,0.0,0.0,0.0,0.0,0.0,1.3936040501711995e+18,7.805,0.0,0,0,4,0,7300,-0.0,0,0.0,0.0,0.0,0.0,0.0,0,0,0,0,0.0,0,0,0,0,0,0,0,0,0,0,0,0,0,0,0,0,0,0,0,0,0,0,0,0,0,0,0,0,0,0,0,0,0,32,30,30,62,65476,0,300,0,0,8,21553,0.0,-107605600.0,0.0,0.0,0.0,0.0,0.0,0.0,0.0,0.0,0.0,0.0,0.0,0.0,0.0,0.0,0.0,0.0,0.0,0.0,0.0,0.0,2.004,2.004,-0.0,0.0,0.0,0.0,0.0,0.0,5580.0,0.0,6950.0,0.0,0.0,-107615280.0,-107615328.0,0.0,0.0,0.0,0.0,63,5.848081828453021e+35,-4.9504100287861755e+32,0.0,0.0,0.0,0.0,0.0,0.0,0.0,0,0,0,0.0,0.0,0.0,0.0,0.0,0.0,0.0,0.0,0.0,0.0,0.0,0.0,0.0,0.0,0.0,0.0,0,-107875648.0,63,0.0,126,2.7184242562605685e+23,-0.0,ERR,ERR,ERR,ERR,ERR,ERR,ERR,ERR,ERR,ERR,ERR,ERR,ERR,ERR,ERR,ERR,ERR,ERR,ERR,ERR,ERR,ERR,ERR,ERR,ERR,ERR,ERR,ERR,ERR,ERR,ERR,ERR,ERR,ERR,ERR,ERR,ERR,ERR,ERR,ERR,ERR,ERR,ERR,ERR,ERR,ERR,ERR,ERR,ERR,ERR,ERR,ERR,ERR,ERR,ERR,ERR,ERR,ERR,ERR,ERR,ERR,ERR,ERR,ERR,ERR,ERR,ERR,34.0,80.0,35,0.0,0.0,0.0,0.0,0.0,0.0,0.0,0.0,0.0,0.0,0.0,0.0,0.0,0.0,0.0,0.0,64.4,0,117,56,50,65476,0,300,0,0,8,20529,65476,0,0,57672,80.0,0.0,0.0,0.0,0.0,0.0
2026-06-17T04:15:26,ERR,ERR,ERR,ERR,ERR,ERR,ERR,ERR,ERR,ERR,ERR,ERR,ERR,ERR,ERR,ERR,ERR,ERR,ERR,ERR,ERR,ERR,ERR,ERR,ERR,ERR,ERR,ERR,ERR,ERR,ERR,ERR,ERR,ERR,ERR,ERR,ERR,ERR,ERR,ERR,ERR,ERR,ERR,ERR,ERR,ERR,ERR,ERR,ERR,ERR,ERR,ERR,ERR,ERR,ERR,ERR,ERR,ERR,ERR,ERR,ERR,ERR,ERR,ERR,ERR,ERR,ERR,ERR,ERR,ERR,ERR,ERR,ERR,ERR,ERR,ERR,ERR,ERR,ERR,ERR,ERR,ERR,ERR,ERR,ERR,ERR,ERR,ERR,ERR,ERR,ERR,ERR,ERR,ERR,ERR,ERR,ERR,ERR,ERR,ERR,ERR,ERR,ERR,ERR,ERR,ERR,ERR,ERR,ERR,ERR,ERR,ERR,ERR,ERR,ERR,ERR,ERR,ERR,ERR,ERR,ERR,ERR,ERR,ERR,ERR,0.0,0.0,0.0,0.0,0.0,1.3936040501711995e+18,7.805,0.0,0,0,4,0,7300,-0.0,0,0.0,0.0,0.0,0.0,0.0,0,0,0,0,0.0,0,0,0,0,0,0,0,0,0,0,0,0,0,0,0,0,0,0,0,0,0,0,0,0,0,0,0,0,0,0,0,0,0,32,30,30,62,65476,0,300,0,0,8,21553,0.0,-107605600.0,0.0,0.0,0.0,0.0,0.0,0.0,0.0,0.0,0.0,0.0,0.0,0.0,0.0,0.0,0.0,0.0,0.0,0.0,0.0,0.0,2.004,2.004,-0.0,0.0,0.0,0.0,0.0,0.0,5580.0,0.0,6950.0,0.0,0.0,-107615280.0,-107615328.0,0.0,0.0,0.0,0.0,63,5.848081828453021e+35,-4.9504100287861755e+32,0.0,0.0,0.0,0.0,0.0,0.0,0.0,0,0,0,0.0,0.0,0.0,0.0,0.0,0.0,0.0,0.0,0.0,0.0,0.0,0.0,0.0,0.0,0.0,0.0,0,-107875648.0,63,0.0,126,2.7184242562605685e+23,-0.0,ERR,ERR,ERR,ERR,ERR,ERR,ERR,ERR,ERR,ERR,ERR,ERR,ERR,ERR,ERR,ERR,ERR,ERR,ERR,ERR,ERR,ERR,ERR,ERR,ERR,ERR,ERR,ERR,ERR,ERR,ERR,ERR,ERR,ERR,ERR,ERR,ERR,ERR,ERR,ERR,ERR,ERR,ERR,ERR,ERR,ERR,ERR,ERR,ERR,ERR,ERR,ERR,ERR,ERR,ERR,ERR,ERR,ERR,ERR,ERR,ERR,ERR,ERR,ERR,ERR,ERR,ERR,34.0,80.0,35,0.0,0.0,0.0,0.0,0.0,0.0,0.0,0.0,0.0,0.0,0.0,0.0,0.0,0.0,0.0,0.0,64.4,0,117,56,50,65476,0,300,0,0,8,20529,65476,0,0,57672,80.0,0.0,0.0,0.0,0.0,0.0
2026-06-17T04:15:27,ERR,ERR,ERR,ERR,ERR,ERR,ERR,ERR,ERR,ERR,ERR,ERR,ERR,ERR,ERR,ERR,ERR,ERR,ERR,ERR,ERR,ERR,ERR,ERR,ERR,ERR,ERR,ERR,ERR,ERR,ERR,ERR,ERR,ERR,ERR,ERR,ERR,ERR,ERR,ERR,ERR,ERR,ERR,ERR,ERR,ERR,ERR,ERR,ERR,ERR,ERR,ERR,ERR,ERR,ERR,ERR,ERR,ERR,ERR,ERR,ERR,ERR,ERR,ERR,ERR,ERR,ERR,ERR,ERR,ERR,ERR,ERR,ERR,ERR,ERR,ERR,ERR,ERR,ERR,ERR,ERR,ERR,ERR,ERR,ERR,ERR,ERR,ERR,ERR,ERR,ERR,ERR,ERR,ERR,ERR,ERR,ERR,ERR,ERR,ERR,ERR,ERR,ERR,ERR,ERR,ERR,ERR,ERR,ERR,ERR,ERR,ERR,ERR,ERR,ERR,ERR,ERR,ERR,ERR,ERR,ERR,ERR,ERR,ERR,ERR,0.0,0.0,0.0,0.0,0.0,1.3936040501711995e+18,7.805,0.0,0,0,4,0,7300,-0.0,0,0.0,0.0,0.0,0.0,0.0,0,0,0,0,0.0,0,0,0,0,0,0,0,0,0,0,0,0,0,0,0,0,0,0,0,0,0,0,0,0,0,0,0,0,0,0,0,0,0,32,30,30,62,65476,0,300,0,0,8,21553,0.0,-107605600.0,0.0,0.0,0.0,0.0,0.0,0.0,0.0,0.0,0.0,0.0,0.0,0.0,0.0,0.0,0.0,0.0,0.0,0.0,0.0,0.0,2.004,2.004,-0.0,0.0,0.0,0.0,0.0,0.0,5580.0,0.0,6950.0,0.0,0.0,-107615280.0,-107615328.0,0.0,0.0,0.0,0.0,63,5.848081828453021e+35,-4.9504100287861755e+32,0.0,0.0,0.0,0.0,0.0,0.0,0.0,0,0,0,0.0,0.0,0.0,0.0,0.0,0.0,0.0,0.0,0.0,0.0,0.0,0.0,0.0,0.0,0.0,0.0,0,-107875648.0,63,0.0,126,2.7184242562605685e+23,-0.0,ERR,ERR,ERR,ERR,ERR,ERR,ERR,ERR,ERR,ERR,ERR,ERR,ERR,ERR,ERR,ERR,ERR,ERR,ERR,ERR,ERR,ERR,ERR,ERR,ERR,ERR,ERR,ERR,ERR,ERR,ERR,ERR,ERR,ERR,ERR,ERR,ERR,ERR,ERR,ERR,ERR,ERR,ERR,ERR,ERR,ERR,ERR,ERR,ERR,ERR,ERR,ERR,ERR,ERR,ERR,ERR,ERR,ERR,ERR,ERR,ERR,ERR,ERR,ERR,ERR,ERR,ERR,34.0,80.0,35,0.0,0.0,0.0,0.0,0.0,0.0,0.0,0.0,0.0,0.0,0.0,0.0,0.0,0.0,0.0,0.0,64.4,0,117,56,50,65476,0,300,0,0,8,20529,65476,0,0,57672,80.0,0.0,0.0,0.0,0.0,0.0
2026-06-17T04:15:28,ERR,ERR,ERR,ERR,ERR,ERR,ERR,ERR,ERR,ERR,ERR,ERR,ERR,ERR,ERR,ERR,ERR,ERR,ERR,ERR,ERR,ERR,ERR,ERR,ERR,ERR,ERR,ERR,ERR,ERR,ERR,ERR,ERR,ERR,ERR,ERR,ERR,ERR,ERR,ERR,ERR,ERR,ERR,ERR,ERR,ERR,ERR,ERR,ERR,ERR,ERR,ERR,ERR,ERR,ERR,ERR,ERR,ERR,ERR,ERR,ERR,ERR,ERR,ERR,ERR,ERR,ERR,ERR,ERR,ERR,ERR,ERR,ERR,ERR,ERR,ERR,ERR,ERR,ERR,ERR,ERR,ERR,ERR,ERR,ERR,ERR,ERR,ERR,ERR,ERR,ERR,ERR,ERR,ERR,ERR,ERR,ERR,ERR,ERR,ERR,ERR,ERR,ERR,ERR,ERR,ERR,ERR,ERR,ERR,ERR,ERR,ERR,ERR,ERR,ERR,ERR,ERR,ERR,ERR,ERR,ERR,ERR,ERR,ERR,ERR,0.0,0.0,0.0,0.0,0.0,1.3936040501711995e+18,7.805,0.0,0,0,4,0,7300,-0.0,0,0.0,0.0,0.0,0.0,0.0,0,0,0,0,0.0,0,0,0,0,0,0,0,0,0,0,0,0,0,0,0,0,0,0,0,0,0,0,0,0,0,0,0,0,0,0,0,0,0,32,30,30,62,65476,0,300,0,0,8,21553,0.0,-107605600.0,0.0,0.0,0.0,0.0,0.0,0.0,0.0,0.0,0.0,0.0,0.0,0.0,0.0,0.0,0.0,0.0,0.0,0.0,0.0,0.0,2.004,2.004,-0.0,0.0,0.0,0.0,0.0,0.0,5580.0,0.0,6950.0,0.0,0.0,-107615280.0,-107615328.0,0.0,0.0,0.0,0.0,63,5.848081828453021e+35,-4.9504100287861755e+32,0.0,0.0,0.0,0.0,0.0,0.0,0.0,0,0,0,0.0,0.0,0.0,0.0,0.0,0.0,0.0,0.0,0.0,0.0,0.0,0.0,0.0,0.0,0.0,0.0,0,-107875648.0,63,0.0,126,2.7184242562605685e+23,-0.0,ERR,ERR,ERR,ERR,ERR,ERR,ERR,ERR,ERR,ERR,ERR,ERR,ERR,ERR,ERR,ERR,ERR,ERR,ERR,ERR,ERR,ERR,ERR,ERR,ERR,ERR,ERR,ERR,ERR,ERR,ERR,ERR,ERR,ERR,ERR,ERR,ERR,ERR,ERR,ERR,ERR,ERR,ERR,ERR,ERR,ERR,ERR,ERR,ERR,ERR,ERR,ERR,ERR,ERR,ERR,ERR,ERR,ERR,ERR,ERR,ERR,ERR,ERR,ERR,ERR,ERR,ERR,34.0,80.0,35,0.0,0.0,0.0,0.0,0.0,0.0,0.0,0.0,0.0,0.0,0.0,0.0,0.0,0.0,0.0,0.0,64.4,0,117,56,50,65476,0,300,0,0,8,20529,65476,0,0,57672,80.0,0.0,0.0,0.0,0.0,0.0
2026-06-17T04:15:29,ERR,ERR,ERR,ERR,ERR,ERR,ERR,ERR,ERR,ERR,ERR,ERR,ERR,ERR,ERR,ERR,ERR,ERR,ERR,ERR,ERR,ERR,ERR,ERR,ERR,ERR,ERR,ERR,ERR,ERR,ERR,ERR,ERR,ERR,ERR,ERR,ERR,ERR,ERR,ERR,ERR,ERR,ERR,ERR,ERR,ERR,ERR,ERR,ERR,ERR,ERR,ERR,ERR,ERR,ERR,ERR,ERR,ERR,ERR,ERR,ERR,ERR,ERR,ERR,ERR,ERR,ERR,ERR,ERR,ERR,ERR,ERR,ERR,ERR,ERR,ERR,ERR,ERR,ERR,ERR,ERR,ERR,ERR,ERR,ERR,ERR,ERR,ERR,ERR,ERR,ERR,ERR,ERR,ERR,ERR,ERR,ERR,ERR,ERR,ERR,ERR,ERR,ERR,ERR,ERR,ERR,ERR,ERR,ERR,ERR,ERR,ERR,ERR,ERR,ERR,ERR,ERR,ERR,ERR,ERR,ERR,ERR,ERR,ERR,ERR,0.0,0.0,0.0,0.0,0.0,1.3936040501711995e+18,7.805,0.0,0,0,4,0,7300,-0.0,0,0.0,0.0,0.0,0.0,0.0,0,0,0,0,0.0,0,0,0,0,0,0,0,0,0,0,0,0,0,0,0,0,0,0,0,0,0,0,0,0,0,0,0,0,0,0,0,0,0,32,30,30,62,65476,0,300,0,0,8,21553,0.0,-107605600.0,0.0,0.0,0.0,0.0,0.0,0.0,0.0,0.0,0.0,0.0,0.0,0.0,0.0,0.0,0.0,0.0,0.0,0.0,0.0,0.0,2.004,2.004,-0.0,0.0,0.0,0.0,0.0,0.0,5545.0,-564146974228480.0,6971.0,0.0,0.0,-107615280.0,-107615328.0,0.0,0.0,0.0,0.0,63,3.222027116945945e+26,-0.0,0.0,0.0,0.0,0.0,0.0,0.0,0.0,0,0,0,0.0,0.0,0.0,0.0,0.0,0.0,0.0,0.0,0.0,0.0,0.0,0.0,0.0,0.0,0.0,0.0,0,-107875648.0,63,0.0,126,2.7184242562605685e+23,-0.0,ERR,ERR,ERR,ERR,ERR,ERR,ERR,ERR,ERR,ERR,ERR,ERR,ERR,ERR,ERR,ERR,ERR,ERR,ERR,ERR,ERR,ERR,ERR,ERR,ERR,ERR,ERR,ERR,ERR,ERR,ERR,ERR,ERR,ERR,ERR,ERR,ERR,ERR,ERR,ERR,ERR,ERR,ERR,ERR,ERR,ERR,ERR,ERR,ERR,ERR,ERR,ERR,ERR,ERR,ERR,ERR,ERR,ERR,ERR,ERR,ERR,ERR,ERR,ERR,ERR,ERR,ERR,34.0,80.0,35,0.0,0.0,0.0,0.0,0.0,0.0,0.0,0.0,0.0,0.0,0.0,0.0,0.0,0.0,0.0,0.0,64.4,0,117,56,50,65476,0,300,0,0,8,20529,65476,0,0,57672,80.0,0.0,0.0,0.0,0.0,0.0
2026-06-17T04:15:30,ERR,ERR,ERR,ERR,ERR,ERR,ERR,ERR,ERR,ERR,ERR,ERR,ERR,ERR,ERR,ERR,ERR,ERR,ERR,ERR,ERR,ERR,ERR,ERR,ERR,ERR,ERR,ERR,ERR,ERR,ERR,ERR,ERR,ERR,ERR,ERR,ERR,ERR,ERR,ERR,ERR,ERR,ERR,ERR,ERR,ERR,ERR,ERR,ERR,ERR,ERR,ERR,ERR,ERR,ERR,ERR,ERR,ERR,ERR,ERR,ERR,ERR,ERR,ERR,ERR,ERR,ERR,ERR,ERR,ERR,ERR,ERR,ERR,ERR,ERR,ERR,ERR,ERR,ERR,ERR,ERR,ERR,ERR,ERR,ERR,ERR,ERR,ERR,ERR,ERR,ERR,ERR,ERR,ERR,ERR,ERR,ERR,ERR,ERR,ERR,ERR,ERR,ERR,ERR,ERR,ERR,ERR,ERR,ERR,ERR,ERR,ERR,ERR,ERR,ERR,ERR,ERR,ERR,ERR,ERR,ERR,ERR,ERR,ERR,ERR,0.0,0.0,0.0,0.0,0.0,1.3936040501711995e+18,7.805,0.0,0,0,4,0,7300,-0.0,0,0.0,0.0,0.0,0.0,0.0,0,0,0,0,0.0,0,0,0,0,0,0,0,0,0,0,0,0,0,0,0,0,0,0,0,0,0,0,0,0,0,0,0,0,0,0,0,0,0,32,30,30,62,65476,0,300,0,0,8,21553,0.0,-107605600.0,0.0,0.0,0.0,0.0,0.0,0.0,0.0,0.0,0.0,0.0,0.0,0.0,0.0,0.0,0.0,0.0,0.0,0.0,0.0,0.0,2.004,2.004,-0.0,0.0,0.0,0.0,0.0,0.0,5545.0,-564146974228480.0,6971.0,0.0,0.0,-107615280.0,-107615328.0,0.0,0.0,0.0,0.0,63,3.222027116945945e+26,-0.0,0.0,0.0,0.0,0.0,0.0,0.0,0.0,0,0,0,0.0,0.0,0.0,0.0,0.0,0.0,0.0,0.0,0.0,0.0,0.0,0.0,0.0,0.0,0.0,0.0,0,-107875648.0,63,0.0,126,2.7184242562605685e+23,-0.0,ERR,ERR,ERR,ERR,ERR,ERR,ERR,ERR,ERR,ERR,ERR,ERR,ERR,ERR,ERR,ERR,ERR,ERR,ERR,ERR,ERR,ERR,ERR,ERR,ERR,ERR,ERR,ERR,ERR,ERR,ERR,ERR,ERR,ERR,ERR,ERR,ERR,ERR,ERR,ERR,ERR,ERR,ERR,ERR,ERR,ERR,ERR,ERR,ERR,ERR,ERR,ERR,ERR,ERR,ERR,ERR,ERR,ERR,ERR,ERR,ERR,ERR,ERR,ERR,ERR,ERR,ERR,34.0,80.0,35,0.0,0.0,0.0,0.0,0.0,0.0,0.0,0.0,0.0,0.0,0.0,0.0,0.0,0.0,0.0,0.0,64.4,0,117,56,50,65476,0,300,0,0,8,20529,65476,0,0,57672,80.0,0.0,0.0,0.0,0.0,0.0
2026-06-17T04:15:31,ERR,ERR,ERR,ERR,ERR,ERR,ERR,ERR,ERR,ERR,ERR,ERR,ERR,ERR,ERR,ERR,ERR,ERR,ERR,ERR,ERR,ERR,ERR,ERR,ERR,ERR,ERR,ERR,ERR,ERR,ERR,ERR,ERR,ERR,ERR,ERR,ERR,ERR,ERR,ERR,ERR,ERR,ERR,ERR,ERR,ERR,ERR,ERR,ERR,ERR,ERR,ERR,ERR,ERR,ERR,ERR,ERR,ERR,ERR,ERR,ERR,ERR,ERR,ERR,ERR,ERR,ERR,ERR,ERR,ERR,ERR,ERR,ERR,ERR,ERR,ERR,ERR,ERR,ERR,ERR,ERR,ERR,ERR,ERR,ERR,ERR,ERR,ERR,ERR,ERR,ERR,ERR,ERR,ERR,ERR,ERR,ERR,ERR,ERR,ERR,ERR,ERR,ERR,ERR,ERR,ERR,ERR,ERR,ERR,ERR,ERR,ERR,ERR,ERR,ERR,ERR,ERR,ERR,ERR,ERR,ERR,ERR,ERR,ERR,ERR,0.0,0.0,0.0,0.0,0.0,1.3936040501711995e+18,7.805,0.0,0,0,4,0,7300,-0.0,0,0.0,0.0,0.0,0.0,0.0,0,0,0,0,0.0,0,0,0,0,0,0,0,0,0,0,0,0,0,0,0,0,0,0,0,0,0,0,0,0,0,0,0,0,0,0,0,0,0,32,30,30,62,65476,0,300,0,0,8,21553,0.0,-107605600.0,0.0,0.0,0.0,0.0,0.0,0.0,0.0,0.0,0.0,0.0,0.0,0.0,0.0,0.0,0.0,0.0,0.0,0.0,0.0,0.0,2.004,2.004,-0.0,0.0,0.0,0.0,0.0,0.0,5545.0,-564146974228480.0,6971.0,0.0,0.0,-107615280.0,-107615328.0,0.0,0.0,0.0,0.0,63,3.222027116945945e+26,-0.0,0.0,0.0,0.0,0.0,0.0,0.0,0.0,0,0,0,0.0,0.0,0.0,0.0,0.0,0.0,0.0,0.0,0.0,0.0,0.0,0.0,0.0,0.0,0.0,0.0,0,-107875648.0,63,0.0,126,2.7184242562605685e+23,-0.0,ERR,ERR,ERR,ERR,ERR,ERR,ERR,ERR,ERR,ERR,ERR,ERR,ERR,ERR,ERR,ERR,ERR,ERR,ERR,ERR,ERR,ERR,ERR,ERR,ERR,ERR,ERR,ERR,ERR,ERR,ERR,ERR,ERR,ERR,ERR,ERR,ERR,ERR,ERR,ERR,ERR,ERR,ERR,ERR,ERR,ERR,ERR,ERR,ERR,ERR,ERR,ERR,ERR,ERR,ERR,ERR,ERR,ERR,ERR,ERR,ERR,ERR,ERR,ERR,ERR,ERR,ERR,34.0,80.0,35,0.0,0.0,0.0,0.0,0.0,0.0,0.0,0.0,0.0,0.0,0.0,0.0,0.0,0.0,0.0,0.0,64.8,0,117,56,50,65476,0,300,0,0,8,20529,65476,0,0,57672,80.0,0.0,0.0,0.0,0.0,0.0
2026-06-17T04:15:32,ERR,ERR,ERR,ERR,ERR,ERR,ERR,ERR,ERR,ERR,ERR,ERR,ERR,ERR,ERR,ERR,ERR,ERR,ERR,ERR,ERR,ERR,ERR,ERR,ERR,ERR,ERR,ERR,ERR,ERR,ERR,ERR,ERR,ERR,ERR,ERR,ERR,ERR,ERR,ERR,ERR,ERR,ERR,ERR,ERR,ERR,ERR,ERR,ERR,ERR,ERR,ERR,ERR,ERR,ERR,ERR,ERR,ERR,ERR,ERR,ERR,ERR,ERR,ERR,ERR,ERR,ERR,ERR,ERR,ERR,ERR,ERR,ERR,ERR,ERR,ERR,ERR,ERR,ERR,ERR,ERR,ERR,ERR,ERR,ERR,ERR,ERR,ERR,ERR,ERR,ERR,ERR,ERR,ERR,ERR,ERR,ERR,ERR,ERR,ERR,ERR,ERR,ERR,ERR,ERR,ERR,ERR,ERR,ERR,ERR,ERR,ERR,ERR,ERR,ERR,ERR,ERR,ERR,ERR,ERR,ERR,ERR,ERR,ERR,ERR,0.0,0.0,0.0,0.0,0.0,1.3936040501711995e+18,7.805,0.0,0,0,4,0,7300,-0.0,0,0.0,0.0,0.0,0.0,0.0,0,0,0,0,0.0,0,0,0,0,0,0,0,0,0,0,0,0,0,0,0,0,0,0,0,0,0,0,0,0,0,0,0,0,0,0,0,0,0,32,30,30,62,65476,0,300,0,0,8,21553,0.0,-107605600.0,0.0,0.0,0.0,0.0,0.0,0.0,0.0,0.0,0.0,0.0,0.0,0.0,0.0,0.0,0.0,0.0,0.0,0.0,0.0,0.0,2.004,2.004,-0.0,0.0,0.0,0.0,0.0,0.0,5545.0,-564146974228480.0,6971.0,0.0,0.0,-107615280.0,-107615328.0,0.0,0.0,0.0,0.0,63,3.222027116945945e+26,-0.0,0.0,0.0,0.0,0.0,0.0,0.0,0.0,0,0,0,0.0,0.0,0.0,0.0,0.0,0.0,0.0,0.0,0.0,0.0,0.0,0.0,0.0,0.0,0.0,0.0,0,-107875648.0,63,0.0,126,2.7184242562605685e+23,-0.0,ERR,ERR,ERR,ERR,ERR,ERR,ERR,ERR,ERR,ERR,ERR,ERR,ERR,ERR,ERR,ERR,ERR,ERR,ERR,ERR,ERR,ERR,ERR,ERR,ERR,ERR,ERR,ERR,ERR,ERR,ERR,ERR,ERR,ERR,ERR,ERR,ERR,ERR,ERR,ERR,ERR,ERR,ERR,ERR,ERR,ERR,ERR,ERR,ERR,ERR,ERR,ERR,ERR,ERR,ERR,ERR,ERR,ERR,ERR,ERR,ERR,ERR,ERR,ERR,ERR,ERR,ERR,34.0,80.0,35,0.0,0.0,0.0,0.0,0.0,0.0,0.0,0.0,0.0,0.0,0.0,0.0,0.0,0.0,0.0,0.0,64.8,0,117,56,50,65476,0,300,0,0,8,20529,65476,0,0,57672,80.0,0.0,0.0,0.0,0.0,0.0
2026-06-17T04:15:33,ERR,ERR,ERR,ERR,ERR,ERR,ERR,ERR,ERR,ERR,ERR,ERR,ERR,ERR,ERR,ERR,ERR,ERR,ERR,ERR,ERR,ERR,ERR,ERR,ERR,ERR,ERR,ERR,ERR,ERR,ERR,ERR,ERR,ERR,ERR,ERR,ERR,ERR,ERR,ERR,ERR,ERR,ERR,ERR,ERR,ERR,ERR,ERR,ERR,ERR,ERR,ERR,ERR,ERR,ERR,ERR,ERR,ERR,ERR,ERR,ERR,ERR,ERR,ERR,ERR,ERR,ERR,ERR,ERR,ERR,ERR,ERR,ERR,ERR,ERR,ERR,ERR,ERR,ERR,ERR,ERR,ERR,ERR,ERR,ERR,ERR,ERR,ERR,ERR,ERR,ERR,ERR,ERR,ERR,ERR,ERR,ERR,ERR,ERR,ERR,ERR,ERR,ERR,ERR,ERR,ERR,ERR,ERR,ERR,ERR,ERR,ERR,ERR,ERR,ERR,ERR,ERR,ERR,ERR,ERR,ERR,ERR,ERR,ERR,ERR,0.0,0.0,0.0,0.0,0.0,1.3936040501711995e+18,7.805,0.0,0,0,4,0,7300,-0.0,0,0.0,0.0,0.0,0.0,0.0,0,0,0,0,0.0,0,0,0,0,0,0,0,0,0,0,0,0,0,0,0,0,0,0,0,0,0,0,0,0,0,0,0,0,0,0,0,0,0,32,30,30,62,65476,0,300,0,0,8,21553,0.0,-107605600.0,0.0,0.0,0.0,0.0,0.0,0.0,0.0,0.0,0.0,0.0,0.0,0.0,0.0,0.0,0.0,0.0,0.0,0.0,0.0,0.0,2.004,2.004,-0.0,0.0,0.0,0.0,0.0,0.0,5545.0,-564146974228480.0,6971.0,0.0,0.0,-107615280.0,-107615328.0,0.0,0.0,0.0,0.0,63,3.222027116945945e+26,-0.0,0.0,0.0,0.0,0.0,0.0,0.0,0.0,0,0,0,0.0,0.0,0.0,0.0,0.0,0.0,0.0,0.0,0.0,0.0,0.0,0.0,0.0,0.0,0.0,0.0,0,-107875648.0,63,0.0,126,2.7184242562605685e+23,-0.0,ERR,ERR,ERR,ERR,ERR,ERR,ERR,ERR,ERR,ERR,ERR,ERR,ERR,ERR,ERR,ERR,ERR,ERR,ERR,ERR,ERR,ERR,ERR,ERR,ERR,ERR,ERR,ERR,ERR,ERR,ERR,ERR,ERR,ERR,ERR,ERR,ERR,ERR,ERR,ERR,ERR,ERR,ERR,ERR,ERR,ERR,ERR,ERR,ERR,ERR,ERR,ERR,ERR,ERR,ERR,ERR,ERR,ERR,ERR,ERR,ERR,ERR,ERR,ERR,ERR,ERR,ERR,34.0,80.0,35,0.0,0.0,0.0,0.0,0.0,0.0,0.0,0.0,0.0,0.0,0.0,0.0,0.0,0.0,0.0,0.0,64.8,0,117,56,50,65476,0,300,0,0,8,20529,65476,0,0,57672,80.0,0.0,0.0,0.0,0.0,0.0
2026-06-17T04:15:34,ERR,ERR,ERR,ERR,ERR,ERR,ERR,ERR,ERR,ERR,ERR,ERR,ERR,ERR,ERR,ERR,ERR,ERR,ERR,ERR,ERR,ERR,ERR,ERR,ERR,ERR,ERR,ERR,ERR,ERR,ERR,ERR,ERR,ERR,ERR,ERR,ERR,ERR,ERR,ERR,ERR,ERR,ERR,ERR,ERR,ERR,ERR,ERR,ERR,ERR,ERR,ERR,ERR,ERR,ERR,ERR,ERR,ERR,ERR,ERR,ERR,ERR,ERR,ERR,ERR,ERR,ERR,ERR,ERR,ERR,ERR,ERR,ERR,ERR,ERR,ERR,ERR,ERR,ERR,ERR,ERR,ERR,ERR,ERR,ERR,ERR,ERR,ERR,ERR,ERR,ERR,ERR,ERR,ERR,ERR,ERR,ERR,ERR,ERR,ERR,ERR,ERR,ERR,ERR,ERR,ERR,ERR,ERR,ERR,ERR,ERR,ERR,ERR,ERR,ERR,ERR,ERR,ERR,ERR,ERR,ERR,ERR,ERR,ERR,ERR,0.0,0.0,0.0,0.0,0.0,1.3936040501711995e+18,7.805,0.0,0,0,4,0,7300,-0.0,0,0.0,0.0,0.0,0.0,0.0,0,0,0,0,0.0,0,0,0,0,0,0,0,0,0,0,0,0,0,0,0,0,0,0,0,0,0,0,0,0,0,0,0,0,0,0,0,0,0,32,30,30,62,65476,0,300,0,0,8,21553,0.0,-107605600.0,0.0,0.0,0.0,0.0,0.0,0.0,0.0,0.0,0.0,0.0,0.0,0.0,0.0,0.0,0.0,0.0,0.0,0.0,0.0,0.0,2.004,2.004,-0.0,0.0,0.0,0.0,0.0,0.0,5548.0,-0.0,6962.0,0.0,0.0,-107615280.0,-107615328.0,0.0,0.0,0.0,0.0,63,5.848081828453021e+35,0.0,0.0,0.0,0.0,0.0,0.0,0.0,0.0,0,0,0,0.0,0.0,0.0,0.0,0.0,0.0,0.0,0.0,0.0,0.0,0.0,0.0,0.0,0.0,0.0,0.0,0,-107875648.0,63,0.0,126,2.7184242562605685e+23,-0.0,ERR,ERR,ERR,ERR,ERR,ERR,ERR,ERR,ERR,ERR,ERR,ERR,ERR,ERR,ERR,ERR,ERR,ERR,ERR,ERR,ERR,ERR,ERR,ERR,ERR,ERR,ERR,ERR,ERR,ERR,ERR,ERR,ERR,ERR,ERR,ERR,ERR,ERR,ERR,ERR,ERR,ERR,ERR,ERR,ERR,ERR,ERR,ERR,ERR,ERR,ERR,ERR,ERR,ERR,ERR,ERR,ERR,ERR,ERR,ERR,ERR,ERR,ERR,ERR,ERR,ERR,ERR,34.0,80.0,35,0.0,0.0,0.0,0.0,0.0,0.0,0.0,0.0,0.0,0.0,0.0,0.0,0.0,0.0,0.0,0.0,64.8,0,116,56,50,65476,0,300,0,0,8,20529,65476,0,0,57672,80.0,0.0,0.0,0.0,0.0,0.0
2026-06-17T04:15:35,ERR,ERR,ERR,ERR,ERR,ERR,ERR,ERR,ERR,ERR,ERR,ERR,ERR,ERR,ERR,ERR,ERR,ERR,ERR,ERR,ERR,ERR,ERR,ERR,ERR,ERR,ERR,ERR,ERR,ERR,ERR,ERR,ERR,ERR,ERR,ERR,ERR,ERR,ERR,ERR,ERR,ERR,ERR,ERR,ERR,ERR,ERR,ERR,ERR,ERR,ERR,ERR,ERR,ERR,ERR,ERR,ERR,ERR,ERR,ERR,ERR,ERR,ERR,ERR,ERR,ERR,ERR,ERR,ERR,ERR,ERR,ERR,ERR,ERR,ERR,ERR,ERR,ERR,ERR,ERR,ERR,ERR,ERR,ERR,ERR,ERR,ERR,ERR,ERR,ERR,ERR,ERR,ERR,ERR,ERR,ERR,ERR,ERR,ERR,ERR,ERR,ERR,ERR,ERR,ERR,ERR,ERR,ERR,ERR,ERR,ERR,ERR,ERR,ERR,ERR,ERR,ERR,ERR,ERR,ERR,ERR,ERR,ERR,ERR,ERR,0.0,0.0,0.0,0.0,0.0,1.3936040501711995e+18,7.805,0.0,0,0,4,0,7300,-0.0,0,0.0,0.0,0.0,0.0,0.0,0,0,0,0,0.0,0,0,0,0,0,0,0,0,0,0,0,0,0,0,0,0,0,0,0,0,0,0,0,0,0,0,0,0,0,0,0,0,0,32,30,30,62,65476,0,300,0,0,8,21553,0.0,-107605600.0,0.0,0.0,0.0,0.0,0.0,0.0,0.0,0.0,0.0,0.0,0.0,0.0,0.0,0.0,0.0,0.0,0.0,0.0,0.0,0.0,2.004,2.004,-0.0,0.0,0.0,0.0,0.0,0.0,5548.0,-0.0,6962.0,0.0,0.0,-107615280.0,-107615328.0,0.0,0.0,0.0,0.0,63,5.848081828453021e+35,0.0,0.0,0.0,0.0,0.0,0.0,0.0,0.0,0,0,0,0.0,0.0,0.0,0.0,0.0,0.0,0.0,0.0,0.0,0.0,0.0,0.0,0.0,0.0,0.0,0.0,0,-107875648.0,63,0.0,126,2.7184242562605685e+23,-0.0,ERR,ERR,ERR,ERR,ERR,ERR,ERR,ERR,ERR,ERR,ERR,ERR,ERR,ERR,ERR,ERR,ERR,ERR,ERR,ERR,ERR,ERR,ERR,ERR,ERR,ERR,ERR,ERR,ERR,ERR,ERR,ERR,ERR,ERR,ERR,ERR,ERR,ERR,ERR,ERR,ERR,ERR,ERR,ERR,ERR,ERR,ERR,ERR,ERR,ERR,ERR,ERR,ERR,ERR,ERR,ERR,ERR,ERR,ERR,ERR,ERR,ERR,ERR,ERR,ERR,ERR,ERR,34.0,80.0,35,0.0,0.0,0.0,0.0,0.0,0.0,0.0,0.0,0.0,0.0,0.0,0.0,0.0,0.0,0.0,0.0,64.8,0,116,56,50,65476,0,300,0,0,8,20529,65476,0,0,57672,80.0,0.0,0.0,0.0,0.0,0.0
2026-06-17T04:15:36,ERR,ERR,ERR,ERR,ERR,ERR,ERR,ERR,ERR,ERR,ERR,ERR,ERR,ERR,ERR,ERR,ERR,ERR,ERR,ERR,ERR,ERR,ERR,ERR,ERR,ERR,ERR,ERR,ERR,ERR,ERR,ERR,ERR,ERR,ERR,ERR,ERR,ERR,ERR,ERR,ERR,ERR,ERR,ERR,ERR,ERR,ERR,ERR,ERR,ERR,ERR,ERR,ERR,ERR,ERR,ERR,ERR,ERR,ERR,ERR,ERR,ERR,ERR,ERR,ERR,ERR,ERR,ERR,ERR,ERR,ERR,ERR,ERR,ERR,ERR,ERR,ERR,ERR,ERR,ERR,ERR,ERR,ERR,ERR,ERR,ERR,ERR,ERR,ERR,ERR,ERR,ERR,ERR,ERR,ERR,ERR,ERR,ERR,ERR,ERR,ERR,ERR,ERR,ERR,ERR,ERR,ERR,ERR,ERR,ERR,ERR,ERR,ERR,ERR,ERR,ERR,ERR,ERR,ERR,ERR,ERR,ERR,ERR,ERR,ERR,0.0,0.0,0.0,0.0,0.0,1.3936040501711995e+18,7.805,0.0,0,0,4,0,7300,-0.0,0,0.0,0.0,0.0,0.0,0.0,0,0,0,0,0.0,0,0,0,0,0,0,0,0,0,0,0,0,0,0,0,0,0,0,0,0,0,0,0,0,0,0,0,0,0,0,0,0,0,32,30,30,62,65476,0,300,0,0,8,21553,0.0,-107605600.0,0.0,0.0,0.0,0.0,0.0,0.0,0.0,0.0,0.0,0.0,0.0,0.0,0.0,0.0,0.0,0.0,0.0,0.0,0.0,0.0,2.004,2.004,-0.0,0.0,0.0,0.0,0.0,0.0,5548.0,-0.0,6962.0,0.0,0.0,-107615280.0,-107615328.0,0.0,0.0,0.0,0.0,63,5.848081828453021e+35,0.0,0.0,0.0,0.0,0.0,0.0,0.0,0.0,0,0,0,0.0,0.0,0.0,0.0,0.0,0.0,0.0,0.0,0.0,0.0,0.0,0.0,0.0,0.0,0.0,0.0,0,-107875648.0,63,0.0,126,2.7184242562605685e+23,-0.0,ERR,ERR,ERR,ERR,ERR,ERR,ERR,ERR,ERR,ERR,ERR,ERR,ERR,ERR,ERR,ERR,ERR,ERR,ERR,ERR,ERR,ERR,ERR,ERR,ERR,ERR,ERR,ERR,ERR,ERR,ERR,ERR,ERR,ERR,ERR,ERR,ERR,ERR,ERR,ERR,ERR,ERR,ERR,ERR,ERR,ERR,ERR,ERR,ERR,ERR,ERR,ERR,ERR,ERR,ERR,ERR,ERR,ERR,ERR,ERR,ERR,ERR,ERR,ERR,ERR,ERR,ERR,34.0,80.0,35,0.0,0.0,0.0,0.0,0.0,0.0,0.0,0.0,0.0,0.0,0.0,0.0,0.0,0.0,0.0,0.0,64.4,0,116,56,50,65476,0,300,0,0,8,20529,65476,0,0,57672,80.0,0.0,0.0,0.0,0.0,0.0
2026-06-17T04:15:37,ERR,ERR,ERR,ERR,ERR,ERR,ERR,ERR,ERR,ERR,ERR,ERR,ERR,ERR,ERR,ERR,ERR,ERR,ERR,ERR,ERR,ERR,ERR,ERR,ERR,ERR,ERR,ERR,ERR,ERR,ERR,ERR,ERR,ERR,ERR,ERR,ERR,ERR,ERR,ERR,ERR,ERR,ERR,ERR,ERR,ERR,ERR,ERR,ERR,ERR,ERR,ERR,ERR,ERR,ERR,ERR,ERR,ERR,ERR,ERR,ERR,ERR,ERR,ERR,ERR,ERR,ERR,ERR,ERR,ERR,ERR,ERR,ERR,ERR,ERR,ERR,ERR,ERR,ERR,ERR,ERR,ERR,ERR,ERR,ERR,ERR,ERR,ERR,ERR,ERR,ERR,ERR,ERR,ERR,ERR,ERR,ERR,ERR,ERR,ERR,ERR,ERR,ERR,ERR,ERR,ERR,ERR,ERR,ERR,ERR,ERR,ERR,ERR,ERR,ERR,ERR,ERR,ERR,ERR,ERR,ERR,ERR,ERR,ERR,ERR,0.0,0.0,0.0,0.0,0.0,1.3936040501711995e+18,7.805,0.0,0,0,4,0,7300,-0.0,0,0.0,0.0,0.0,0.0,0.0,0,0,0,0,0.0,0,0,0,0,0,0,0,0,0,0,0,0,0,0,0,0,0,0,0,0,0,0,0,0,0,0,0,0,0,0,0,0,0,32,30,30,62,65476,0,300,0,0,8,21553,0.0,-107605600.0,0.0,0.0,0.0,0.0,0.0,0.0,0.0,0.0,0.0,0.0,0.0,0.0,0.0,0.0,0.0,0.0,0.0,0.0,0.0,0.0,2.004,2.004,-0.0,0.0,0.0,0.0,0.0,0.0,5548.0,-0.0,6962.0,0.0,0.0,-107615280.0,-107615328.0,0.0,0.0,0.0,0.0,63,5.848081828453021e+35,0.0,0.0,0.0,0.0,0.0,0.0,0.0,0.0,0,0,0,0.0,0.0,0.0,0.0,0.0,0.0,0.0,0.0,0.0,0.0,0.0,0.0,0.0,0.0,0.0,0.0,0,-107875648.0,63,0.0,126,2.7184242562605685e+23,-0.0,ERR,ERR,ERR,ERR,ERR,ERR,ERR,ERR,ERR,ERR,ERR,ERR,ERR,ERR,ERR,ERR,ERR,ERR,ERR,ERR,ERR,ERR,ERR,ERR,ERR,ERR,ERR,ERR,ERR,ERR,ERR,ERR,ERR,ERR,ERR,ERR,ERR,ERR,ERR,ERR,ERR,ERR,ERR,ERR,ERR,ERR,ERR,ERR,ERR,ERR,ERR,ERR,ERR,ERR,ERR,ERR,ERR,ERR,ERR,ERR,ERR,ERR,ERR,ERR,ERR,ERR,ERR,34.0,80.0,35,0.0,0.0,0.0,0.0,0.0,0.0,0.0,0.0,0.0,0.0,0.0,0.0,0.0,0.0,0.0,0.0,64.4,0,116,56,50,65476,0,300,0,0,8,20529,65476,0,0,57672,80.0,0.0,0.0,0.0,0.0,0.0
2026-06-17T04:15:38,ERR,ERR,ERR,ERR,ERR,ERR,ERR,ERR,ERR,ERR,ERR,ERR,ERR,ERR,ERR,ERR,ERR,ERR,ERR,ERR,ERR,ERR,ERR,ERR,ERR,ERR,ERR,ERR,ERR,ERR,ERR,ERR,ERR,ERR,ERR,ERR,ERR,ERR,ERR,ERR,ERR,ERR,ERR,ERR,ERR,ERR,ERR,ERR,ERR,ERR,ERR,ERR,ERR,ERR,ERR,ERR,ERR,ERR,ERR,ERR,ERR,ERR,ERR,ERR,ERR,ERR,ERR,ERR,ERR,ERR,ERR,ERR,ERR,ERR,ERR,ERR,ERR,ERR,ERR,ERR,ERR,ERR,ERR,ERR,ERR,ERR,ERR,ERR,ERR,ERR,ERR,ERR,ERR,ERR,ERR,ERR,ERR,ERR,ERR,ERR,ERR,ERR,ERR,ERR,ERR,ERR,ERR,ERR,ERR,ERR,ERR,ERR,ERR,ERR,ERR,ERR,ERR,ERR,ERR,ERR,ERR,ERR,ERR,ERR,ERR,0.0,0.0,0.0,0.0,0.0,1.3936040501711995e+18,7.805,0.0,0,0,4,0,7300,-0.0,0,0.0,0.0,0.0,0.0,0.0,0,0,0,0,0.0,0,0,0,0,0,0,0,0,0,0,0,0,0,0,0,0,0,0,0,0,0,0,0,0,0,0,0,0,0,0,0,0,0,32,30,30,62,65476,0,300,0,0,8,21553,0.0,-107605600.0,0.0,0.0,0.0,0.0,0.0,0.0,0.0,0.0,0.0,0.0,0.0,0.0,0.0,0.0,0.0,0.0,0.0,0.0,0.0,0.0,2.004,2.004,-0.0,0.0,0.0,0.0,0.0,0.0,5548.0,-0.0,6962.0,0.0,0.0,-107615280.0,-107615328.0,0.0,0.0,0.0,0.0,63,5.848081828453021e+35,0.0,0.0,0.0,0.0,0.0,0.0,0.0,0.0,0,0,0,0.0,0.0,0.0,0.0,0.0,0.0,0.0,0.0,0.0,0.0,0.0,0.0,0.0,0.0,0.0,0.0,0,-107875648.0,63,0.0,126,2.7184242562605685e+23,-0.0,ERR,ERR,ERR,ERR,ERR,ERR,ERR,ERR,ERR,ERR,ERR,ERR,ERR,ERR,ERR,ERR,ERR,ERR,ERR,ERR,ERR,ERR,ERR,ERR,ERR,ERR,ERR,ERR,ERR,ERR,ERR,ERR,ERR,ERR,ERR,ERR,ERR,ERR,ERR,ERR,ERR,ERR,ERR,ERR,ERR,ERR,ERR,ERR,ERR,ERR,ERR,ERR,ERR,ERR,ERR,ERR,ERR,ERR,ERR,ERR,ERR,ERR,ERR,ERR,ERR,ERR,ERR,34.0,80.0,35,0.0,0.0,0.0,0.0,0.0,0.0,0.0,0.0,0.0,0.0,0.0,0.0,0.0,0.0,0.0,0.0,64.4,0,116,56,50,65476,0,300,0,0,8,20529,65476,0,0,57672,80.0,0.0,0.0,0.0,0.0,0.0
2026-06-17T04:15:39,ERR,ERR,ERR,ERR,ERR,ERR,ERR,ERR,ERR,ERR,ERR,ERR,ERR,ERR,ERR,ERR,ERR,ERR,ERR,ERR,ERR,ERR,ERR,ERR,ERR,ERR,ERR,ERR,ERR,ERR,ERR,ERR,ERR,ERR,ERR,ERR,ERR,ERR,ERR,ERR,ERR,ERR,ERR,ERR,ERR,ERR,ERR,ERR,ERR,ERR,ERR,ERR,ERR,ERR,ERR,ERR,ERR,ERR,ERR,ERR,ERR,ERR,ERR,ERR,ERR,ERR,ERR,ERR,ERR,ERR,ERR,ERR,ERR,ERR,ERR,ERR,ERR,ERR,ERR,ERR,ERR,ERR,ERR,ERR,ERR,ERR,ERR,ERR,ERR,ERR,ERR,ERR,ERR,ERR,ERR,ERR,ERR,ERR,ERR,ERR,ERR,ERR,ERR,ERR,ERR,ERR,ERR,ERR,ERR,ERR,ERR,ERR,ERR,ERR,ERR,ERR,ERR,ERR,ERR,ERR,ERR,ERR,ERR,ERR,ERR,0.0,0.0,0.0,0.0,0.0,1.3936040501711995e+18,7.805,0.0,0,0,4,0,7300,-0.0,0,0.0,0.0,0.0,0.0,0.0,0,0,0,0,0.0,0,0,0,0,0,0,0,0,0,0,0,0,0,0,0,0,0,0,0,0,0,0,0,0,0,0,0,0,0,0,0,0,0,32,30,30,62,65476,0,300,0,0,8,21553,0.0,-107605600.0,0.0,0.0,0.0,0.0,0.0,0.0,0.0,0.0,0.0,0.0,0.0,0.0,0.0,0.0,0.0,0.0,0.0,0.0,0.0,0.0,2.004,2.004,-0.0,0.0,0.0,0.0,0.0,0.0,5548.0,-0.0,6962.0,0.0,0.0,-107615280.0,-107615328.0,0.0,0.0,0.0,0.0,63,-0.0,0.0,0.0,0.0,0.0,0.0,0.0,0.0,0.0,0,0,0,0.0,0.0,0.0,0.0,0.0,0.0,0.0,0.0,0.0,0.0,0.0,0.0,0.0,0.0,0.0,0.0,0,-107875648.0,63,0.0,126,2.7184242562605685e+23,-0.0,ERR,ERR,ERR,ERR,ERR,ERR,ERR,ERR,ERR,ERR,ERR,ERR,ERR,ERR,ERR,ERR,ERR,ERR,ERR,ERR,ERR,ERR,ERR,ERR,ERR,ERR,ERR,ERR,ERR,ERR,ERR,ERR,ERR,ERR,ERR,ERR,ERR,ERR,ERR,ERR,ERR,ERR,ERR,ERR,ERR,ERR,ERR,ERR,ERR,ERR,ERR,ERR,ERR,ERR,ERR,ERR,ERR,ERR,ERR,ERR,ERR,ERR,ERR,ERR,ERR,ERR,ERR,34.0,80.0,35,0.0,0.0,0.0,0.0,0.0,0.0,0.0,0.0,0.0,0.0,0.0,0.0,0.0,0.0,0.0,0.0,64.4,0,116,56,50,65476,0,300,0,0,8,20529,65476,0,0,57672,80.0,0.0,0.0,0.0,0.0,0.0
2026-06-17T04:15:40,ERR,ERR,ERR,ERR,ERR,ERR,ERR,ERR,ERR,ERR,ERR,ERR,ERR,ERR,ERR,ERR,ERR,ERR,ERR,ERR,ERR,ERR,ERR,ERR,ERR,ERR,ERR,ERR,ERR,ERR,ERR,ERR,ERR,ERR,ERR,ERR,ERR,ERR,ERR,ERR,ERR,ERR,ERR,ERR,ERR,ERR,ERR,ERR,ERR,ERR,ERR,ERR,ERR,ERR,ERR,ERR,ERR,ERR,ERR,ERR,ERR,ERR,ERR,ERR,ERR,ERR,ERR,ERR,ERR,ERR,ERR,ERR,ERR,ERR,ERR,ERR,ERR,ERR,ERR,ERR,ERR,ERR,ERR,ERR,ERR,ERR,ERR,ERR,ERR,ERR,ERR,ERR,ERR,ERR,ERR,ERR,ERR,ERR,ERR,ERR,ERR,ERR,ERR,ERR,ERR,ERR,ERR,ERR,ERR,ERR,ERR,ERR,ERR,ERR,ERR,ERR,ERR,ERR,ERR,ERR,ERR,ERR,ERR,ERR,ERR,0.0,0.0,0.0,0.0,0.0,1.3936040501711995e+18,7.805,0.0,0,0,4,0,7300,-0.0,0,0.0,0.0,0.0,0.0,0.0,0,0,0,0,0.0,0,0,0,0,0,0,0,0,0,0,0,0,0,0,0,0,0,0,0,0,0,0,0,0,0,0,0,0,0,0,0,0,0,32,30,30,62,65476,0,300,0,0,8,21553,0.0,-107605600.0,0.0,0.0,0.0,0.0,0.0,0.0,0.0,0.0,0.0,0.0,0.0,0.0,0.0,0.0,0.0,0.0,0.0,0.0,0.0,0.0,2.004,2.004,-0.0,0.0,0.0,0.0,0.0,0.0,5548.0,-0.0,6962.0,0.0,0.0,-107615280.0,-107615328.0,0.0,0.0,0.0,0.0,63,-0.0,0.0,0.0,0.0,0.0,0.0,0.0,0.0,0.0,0,0,0,0.0,0.0,0.0,0.0,0.0,0.0,0.0,0.0,0.0,0.0,0.0,0.0,0.0,0.0,0.0,0.0,0,-107875648.0,63,0.0,126,2.7184242562605685e+23,-0.0,ERR,ERR,ERR,ERR,ERR,ERR,ERR,ERR,ERR,ERR,ERR,ERR,ERR,ERR,ERR,ERR,ERR,ERR,ERR,ERR,ERR,ERR,ERR,ERR,ERR,ERR,ERR,ERR,ERR,ERR,ERR,ERR,ERR,ERR,ERR,ERR,ERR,ERR,ERR,ERR,ERR,ERR,ERR,ERR,ERR,ERR,ERR,ERR,ERR,ERR,ERR,ERR,ERR,ERR,ERR,ERR,ERR,ERR,ERR,ERR,ERR,ERR,ERR,ERR,ERR,ERR,ERR,34.0,80.0,35,0.0,0.0,0.0,0.0,0.0,0.0,0.0,0.0,0.0,0.0,0.0,0.0,0.0,0.0,0.0,0.0,64.4,0,116,56,50,65476,0,300,0,0,8,20529,65476,0,0,57672,80.0,0.0,0.0,0.0,0.0,0.0
2026-06-17T04:15:41,ERR,ERR,ERR,ERR,ERR,ERR,ERR,ERR,ERR,ERR,ERR,ERR,ERR,ERR,ERR,ERR,ERR,ERR,ERR,ERR,ERR,ERR,ERR,ERR,ERR,ERR,ERR,ERR,ERR,ERR,ERR,ERR,ERR,ERR,ERR,ERR,ERR,ERR,ERR,ERR,ERR,ERR,ERR,ERR,ERR,ERR,ERR,ERR,ERR,ERR,ERR,ERR,ERR,ERR,ERR,ERR,ERR,ERR,ERR,ERR,ERR,ERR,ERR,ERR,ERR,ERR,ERR,ERR,ERR,ERR,ERR,ERR,ERR,ERR,ERR,ERR,ERR,ERR,ERR,ERR,ERR,ERR,ERR,ERR,ERR,ERR,ERR,ERR,ERR,ERR,ERR,ERR,ERR,ERR,ERR,ERR,ERR,ERR,ERR,ERR,ERR,ERR,ERR,ERR,ERR,ERR,ERR,ERR,ERR,ERR,ERR,ERR,ERR,ERR,ERR,ERR,ERR,ERR,ERR,ERR,ERR,ERR,ERR,ERR,ERR,0.0,0.0,0.0,0.0,0.0,1.3936040501711995e+18,7.805,0.0,0,0,4,0,7300,-0.0,0,0.0,0.0,0.0,0.0,0.0,0,0,0,0,0.0,0,0,0,0,0,0,0,0,0,0,0,0,0,0,0,0,0,0,0,0,0,0,0,0,0,0,0,0,0,0,0,0,0,32,30,30,62,65476,0,300,0,0,8,21553,0.0,-107605600.0,0.0,0.0,0.0,0.0,0.0,0.0,0.0,0.0,0.0,0.0,0.0,0.0,0.0,0.0,0.0,0.0,0.0,0.0,0.0,0.0,2.004,2.004,-0.0,0.0,0.0,0.0,0.0,0.0,5548.0,-0.0,6962.0,0.0,0.0,-107615280.0,-107615328.0,0.0,0.0,0.0,0.0,63,-0.0,0.0,0.0,0.0,0.0,0.0,0.0,0.0,0.0,0,0,0,0.0,0.0,0.0,0.0,0.0,0.0,0.0,0.0,0.0,0.0,0.0,0.0,0.0,0.0,0.0,0.0,0,-107875648.0,63,0.0,126,2.7184242562605685e+23,-0.0,ERR,ERR,ERR,ERR,ERR,ERR,ERR,ERR,ERR,ERR,ERR,ERR,ERR,ERR,ERR,ERR,ERR,ERR,ERR,ERR,ERR,ERR,ERR,ERR,ERR,ERR,ERR,ERR,ERR,ERR,ERR,ERR,ERR,ERR,ERR,ERR,ERR,ERR,ERR,ERR,ERR,ERR,ERR,ERR,ERR,ERR,ERR,ERR,ERR,ERR,ERR,ERR,ERR,ERR,ERR,ERR,ERR,ERR,ERR,ERR,ERR,ERR,ERR,ERR,ERR,ERR,ERR,34.0,80.0,35,0.0,0.0,0.0,0.0,0.0,0.0,0.0,0.0,0.0,0.0,0.0,0.0,0.0,0.0,0.0,0.0,64.4,0,116,56,50,65476,0,300,0,0,8,20529,65476,0,0,57672,80.0,0.0,0.0,0.0,0.0,0.0
2026-06-17T04:15:42,ERR,ERR,ERR,ERR,ERR,ERR,ERR,ERR,ERR,ERR,ERR,ERR,ERR,ERR,ERR,ERR,ERR,ERR,ERR,ERR,ERR,ERR,ERR,ERR,ERR,ERR,ERR,ERR,ERR,ERR,ERR,ERR,ERR,ERR,ERR,ERR,ERR,ERR,ERR,ERR,ERR,ERR,ERR,ERR,ERR,ERR,ERR,ERR,ERR,ERR,ERR,ERR,ERR,ERR,ERR,ERR,ERR,ERR,ERR,ERR,ERR,ERR,ERR,ERR,ERR,ERR,ERR,ERR,ERR,ERR,ERR,ERR,ERR,ERR,ERR,ERR,ERR,ERR,ERR,ERR,ERR,ERR,ERR,ERR,ERR,ERR,ERR,ERR,ERR,ERR,ERR,ERR,ERR,ERR,ERR,ERR,ERR,ERR,ERR,ERR,ERR,ERR,ERR,ERR,ERR,ERR,ERR,ERR,ERR,ERR,ERR,ERR,ERR,ERR,ERR,ERR,ERR,ERR,ERR,ERR,ERR,ERR,ERR,ERR,ERR,0.0,0.0,0.0,0.0,0.0,1.3936040501711995e+18,7.805,0.0,0,0,4,0,7300,-0.0,0,0.0,0.0,0.0,0.0,0.0,0,0,0,0,0.0,0,0,0,0,0,0,0,0,0,0,0,0,0,0,0,0,0,0,0,0,0,0,0,0,0,0,0,0,0,0,0,0,0,32,30,30,62,65476,0,300,0,0,8,21553,0.0,-107605600.0,0.0,0.0,0.0,0.0,0.0,0.0,0.0,0.0,0.0,0.0,0.0,0.0,0.0,0.0,0.0,0.0,0.0,0.0,0.0,0.0,2.004,2.004,-0.0,0.0,0.0,0.0,0.0,0.0,5548.0,-0.0,6962.0,0.0,0.0,-107615280.0,-107615328.0,0.0,0.0,0.0,0.0,63,-0.0,0.0,0.0,0.0,0.0,0.0,0.0,0.0,0.0,0,0,0,0.0,0.0,0.0,0.0,0.0,0.0,0.0,0.0,0.0,0.0,0.0,0.0,0.0,0.0,0.0,0.0,0,-107875648.0,63,0.0,126,2.7184242562605685e+23,-0.0,ERR,ERR,ERR,ERR,ERR,ERR,ERR,ERR,ERR,ERR,ERR,ERR,ERR,ERR,ERR,ERR,ERR,ERR,ERR,ERR,ERR,ERR,ERR,ERR,ERR,ERR,ERR,ERR,ERR,ERR,ERR,ERR,ERR,ERR,ERR,ERR,ERR,ERR,ERR,ERR,ERR,ERR,ERR,ERR,ERR,ERR,ERR,ERR,ERR,ERR,ERR,ERR,ERR,ERR,ERR,ERR,ERR,ERR,ERR,ERR,ERR,ERR,ERR,ERR,ERR,ERR,ERR,34.0,80.0,35,0.0,0.0,0.0,0.0,0.0,0.0,0.0,0.0,0.0,0.0,0.0,0.0,0.0,0.0,0.0,0.0,64.4,0,116,56,50,65476,0,300,0,0,8,20529,65476,0,0,57672,80.0,0.0,0.0,0.0,0.0,0.0
2026-06-17T04:15:43,ERR,ERR,ERR,ERR,ERR,ERR,ERR,ERR,ERR,ERR,ERR,ERR,ERR,ERR,ERR,ERR,ERR,ERR,ERR,ERR,ERR,ERR,ERR,ERR,ERR,ERR,ERR,ERR,ERR,ERR,ERR,ERR,ERR,ERR,ERR,ERR,ERR,ERR,ERR,ERR,ERR,ERR,ERR,ERR,ERR,ERR,ERR,ERR,ERR,ERR,ERR,ERR,ERR,ERR,ERR,ERR,ERR,ERR,ERR,ERR,ERR,ERR,ERR,ERR,ERR,ERR,ERR,ERR,ERR,ERR,ERR,ERR,ERR,ERR,ERR,ERR,ERR,ERR,ERR,ERR,ERR,ERR,ERR,ERR,ERR,ERR,ERR,ERR,ERR,ERR,ERR,ERR,ERR,ERR,ERR,ERR,ERR,ERR,ERR,ERR,ERR,ERR,ERR,ERR,ERR,ERR,ERR,ERR,ERR,ERR,ERR,ERR,ERR,ERR,ERR,ERR,ERR,ERR,ERR,ERR,ERR,ERR,ERR,ERR,ERR,0.0,0.0,0.0,0.0,0.0,1.3936040501711995e+18,7.805,0.0,0,0,4,0,7300,-0.0,0,0.0,0.0,0.0,0.0,0.0,0,0,0,0,0.0,0,0,0,0,0,0,0,0,0,0,0,0,0,0,0,0,0,0,0,0,0,0,0,0,0,0,0,0,0,0,0,0,0,32,30,30,62,65476,0,300,0,0,8,21553,0.0,-107605600.0,0.0,0.0,0.0,0.0,0.0,0.0,0.0,0.0,0.0,0.0,0.0,0.0,0.0,0.0,0.0,0.0,0.0,0.0,0.0,0.0,2.004,2.004,-0.0,0.0,0.0,0.0,0.0,0.0,5548.0,-0.0,6962.0,0.0,0.0,-107615280.0,-107615328.0,0.0,0.0,0.0,0.0,63,-0.0,0.0,0.0,0.0,0.0,0.0,0.0,0.0,0.0,0,0,0,0.0,0.0,0.0,0.0,0.0,0.0,0.0,0.0,0.0,0.0,0.0,0.0,0.0,0.0,0.0,0.0,0,-107875648.0,63,0.0,126,2.7184242562605685e+23,-0.0,ERR,ERR,ERR,ERR,ERR,ERR,ERR,ERR,ERR,ERR,ERR,ERR,ERR,ERR,ERR,ERR,ERR,ERR,ERR,ERR,ERR,ERR,ERR,ERR,ERR,ERR,ERR,ERR,ERR,ERR,ERR,ERR,ERR,ERR,ERR,ERR,ERR,ERR,ERR,ERR,ERR,ERR,ERR,ERR,ERR,ERR,ERR,ERR,ERR,ERR,ERR,ERR,ERR,ERR,ERR,ERR,ERR,ERR,ERR,ERR,ERR,ERR,ERR,ERR,ERR,ERR,ERR,34.0,80.0,35,0.0,0.0,0.0,0.0,0.0,0.0,0.0,0.0,0.0,0.0,0.0,0.0,0.0,0.0,0.0,0.0,64.4,0,117,56,50,65476,0,300,0,0,8,20529,65476,0,0,57672,80.0,0.0,0.0,0.0,0.0,0.0
2026-06-17T04:15:44,ERR,ERR,ERR,ERR,ERR,ERR,ERR,ERR,ERR,ERR,ERR,ERR,ERR,ERR,ERR,ERR,ERR,ERR,ERR,ERR,ERR,ERR,ERR,ERR,ERR,ERR,ERR,ERR,ERR,ERR,ERR,ERR,ERR,ERR,ERR,ERR,ERR,ERR,ERR,ERR,ERR,ERR,ERR,ERR,ERR,ERR,ERR,ERR,ERR,ERR,ERR,ERR,ERR,ERR,ERR,ERR,ERR,ERR,ERR,ERR,ERR,ERR,ERR,ERR,ERR,ERR,ERR,ERR,ERR,ERR,ERR,ERR,ERR,ERR,ERR,ERR,ERR,ERR,ERR,ERR,ERR,ERR,ERR,ERR,ERR,ERR,ERR,ERR,ERR,ERR,ERR,ERR,ERR,ERR,ERR,ERR,ERR,ERR,ERR,ERR,ERR,ERR,ERR,ERR,ERR,ERR,ERR,ERR,ERR,ERR,ERR,ERR,ERR,ERR,ERR,ERR,ERR,ERR,ERR,ERR,ERR,ERR,ERR,ERR,ERR,0.0,0.0,0.0,0.0,0.0,1.3936040501711995e+18,7.805,0.0,0,0,4,0,7300,-0.0,0,0.0,0.0,0.0,0.0,0.0,0,0,0,0,0.0,0,0,0,0,0,0,0,0,0,0,0,0,0,0,0,0,0,0,0,0,0,0,0,0,0,0,0,0,0,0,0,0,0,32,30,30,62,65476,0,300,0,0,8,21553,0.0,-107605600.0,0.0,0.0,0.0,0.0,0.0,0.0,0.0,0.0,0.0,0.0,0.0,0.0,0.0,0.0,0.0,0.0,0.0,0.0,0.0,0.0,2.004,2.004,-0.0,0.0,0.0,0.0,0.0,0.0,5549.0,-0.0,6965.0,0.0,0.0,-107615280.0,-107615328.0,0.0,0.0,0.0,0.0,63,-0.0,89220.734,0.0,0.0,0.0,0.0,0.0,0.0,0.0,0,0,0,0.0,0.0,0.0,0.0,0.0,0.0,0.0,0.0,0.0,0.0,0.0,0.0,0.0,0.0,0.0,0.0,0,-107875648.0,63,0.0,126,2.7184242562605685e+23,-0.0,ERR,ERR,ERR,ERR,ERR,ERR,ERR,ERR,ERR,ERR,ERR,ERR,ERR,ERR,ERR,ERR,ERR,ERR,ERR,ERR,ERR,ERR,ERR,ERR,ERR,ERR,ERR,ERR,ERR,ERR,ERR,ERR,ERR,ERR,ERR,ERR,ERR,ERR,ERR,ERR,ERR,ERR,ERR,ERR,ERR,ERR,ERR,ERR,ERR,ERR,ERR,ERR,ERR,ERR,ERR,ERR,ERR,ERR,ERR,ERR,ERR,ERR,ERR,ERR,ERR,ERR,ERR,34.0,80.0,35,0.0,0.0,0.0,0.0,0.0,0.0,0.0,0.0,0.0,0.0,0.0,0.0,0.0,0.0,0.0,0.0,64.4,0,117,56,50,65476,0,300,0,0,8,20529,65476,0,0,57672,80.0,0.0,0.0,0.0,0.0,0.0
2026-06-17T04:15:45,ERR,ERR,ERR,ERR,ERR,ERR,ERR,ERR,ERR,ERR,ERR,ERR,ERR,ERR,ERR,ERR,ERR,ERR,ERR,ERR,ERR,ERR,ERR,ERR,ERR,ERR,ERR,ERR,ERR,ERR,ERR,ERR,ERR,ERR,ERR,ERR,ERR,ERR,ERR,ERR,ERR,ERR,ERR,ERR,ERR,ERR,ERR,ERR,ERR,ERR,ERR,ERR,ERR,ERR,ERR,ERR,ERR,ERR,ERR,ERR,ERR,ERR,ERR,ERR,ERR,ERR,ERR,ERR,ERR,ERR,ERR,ERR,ERR,ERR,ERR,ERR,ERR,ERR,ERR,ERR,ERR,ERR,ERR,ERR,ERR,ERR,ERR,ERR,ERR,ERR,ERR,ERR,ERR,ERR,ERR,ERR,ERR,ERR,ERR,ERR,ERR,ERR,ERR,ERR,ERR,ERR,ERR,ERR,ERR,ERR,ERR,ERR,ERR,ERR,ERR,ERR,ERR,ERR,ERR,ERR,ERR,ERR,ERR,ERR,ERR,0.0,0.0,0.0,0.0,0.0,1.3936040501711995e+18,7.805,0.0,0,0,4,0,7300,-0.0,0,0.0,0.0,0.0,0.0,0.0,0,0,0,0,0.0,0,0,0,0,0,0,0,0,0,0,0,0,0,0,0,0,0,0,0,0,0,0,0,0,0,0,0,0,0,0,0,0,0,32,30,30,62,65476,0,300,0,0,8,21553,0.0,-107605600.0,0.0,0.0,0.0,0.0,0.0,0.0,0.0,0.0,0.0,0.0,0.0,0.0,0.0,0.0,0.0,0.0,0.0,0.0,0.0,0.0,2.004,2.004,-0.0,0.0,0.0,0.0,0.0,0.0,5549.0,-0.0,6965.0,0.0,0.0,-107615280.0,-107615328.0,0.0,0.0,0.0,0.0,63,-0.0,89220.734,0.0,0.0,0.0,0.0,0.0,0.0,0.0,0,0,0,0.0,0.0,0.0,0.0,0.0,0.0,0.0,0.0,0.0,0.0,0.0,0.0,0.0,0.0,0.0,0.0,0,-107875648.0,63,0.0,126,2.7184242562605685e+23,-0.0,ERR,ERR,ERR,ERR,ERR,ERR,ERR,ERR,ERR,ERR,ERR,ERR,ERR,ERR,ERR,ERR,ERR,ERR,ERR,ERR,ERR,ERR,ERR,ERR,ERR,ERR,ERR,ERR,ERR,ERR,ERR,ERR,ERR,ERR,ERR,ERR,ERR,ERR,ERR,ERR,ERR,ERR,ERR,ERR,ERR,ERR,ERR,ERR,ERR,ERR,ERR,ERR,ERR,ERR,ERR,ERR,ERR,ERR,ERR,ERR,ERR,ERR,ERR,ERR,ERR,ERR,ERR,34.0,80.0,35,0.0,0.0,0.0,0.0,0.0,0.0,0.0,0.0,0.0,0.0,0.0,0.0,0.0,0.0,0.0,0.0,64.4,0,117,56,50,65476,0,300,0,0,8,20529,65476,0,0,57672,80.0,0.0,0.0,0.0,0.0,0.0
2026-06-17T04:15:46,ERR,ERR,ERR,ERR,ERR,ERR,ERR,ERR,ERR,ERR,ERR,ERR,ERR,ERR,ERR,ERR,ERR,ERR,ERR,ERR,ERR,ERR,ERR,ERR,ERR,ERR,ERR,ERR,ERR,ERR,ERR,ERR,ERR,ERR,ERR,ERR,ERR,ERR,ERR,ERR,ERR,ERR,ERR,ERR,ERR,ERR,ERR,ERR,ERR,ERR,ERR,ERR,ERR,ERR,ERR,ERR,ERR,ERR,ERR,ERR,ERR,ERR,ERR,ERR,ERR,ERR,ERR,ERR,ERR,ERR,ERR,ERR,ERR,ERR,ERR,ERR,ERR,ERR,ERR,ERR,ERR,ERR,ERR,ERR,ERR,ERR,ERR,ERR,ERR,ERR,ERR,ERR,ERR,ERR,ERR,ERR,ERR,ERR,ERR,ERR,ERR,ERR,ERR,ERR,ERR,ERR,ERR,ERR,ERR,ERR,ERR,ERR,ERR,ERR,ERR,ERR,ERR,ERR,ERR,ERR,ERR,ERR,ERR,ERR,ERR,0.0,0.0,0.0,0.0,0.0,1.3936040501711995e+18,7.805,0.0,0,0,4,0,7300,-0.0,0,0.0,0.0,0.0,0.0,0.0,0,0,0,0,0.0,0,0,0,0,0,0,0,0,0,0,0,0,0,0,0,0,0,0,0,0,0,0,0,0,0,0,0,0,0,0,0,0,0,32,30,30,62,65476,0,300,0,0,8,21553,0.0,-107605600.0,0.0,0.0,0.0,0.0,0.0,0.0,0.0,0.0,0.0,0.0,0.0,0.0,0.0,0.0,0.0,0.0,0.0,0.0,0.0,0.0,2.004,2.004,-0.0,0.0,0.0,0.0,0.0,0.0,5549.0,-0.0,6965.0,0.0,0.0,-107615280.0,-107615328.0,0.0,0.0,0.0,0.0,63,-0.0,89220.734,0.0,0.0,0.0,0.0,0.0,0.0,0.0,0,0,0,0.0,0.0,0.0,0.0,0.0,0.0,0.0,0.0,0.0,0.0,0.0,0.0,0.0,0.0,0.0,0.0,0,-107875648.0,63,0.0,126,2.7184242562605685e+23,-0.0,ERR,ERR,ERR,ERR,ERR,ERR,ERR,ERR,ERR,ERR,ERR,ERR,ERR,ERR,ERR,ERR,ERR,ERR,ERR,ERR,ERR,ERR,ERR,ERR,ERR,ERR,ERR,ERR,ERR,ERR,ERR,ERR,ERR,ERR,ERR,ERR,ERR,ERR,ERR,ERR,ERR,ERR,ERR,ERR,ERR,ERR,ERR,ERR,ERR,ERR,ERR,ERR,ERR,ERR,ERR,ERR,ERR,ERR,ERR,ERR,ERR,ERR,ERR,ERR,ERR,ERR,ERR,34.0,80.0,35,0.0,0.0,0.0,0.0,0.0,0.0,0.0,0.0,0.0,0.0,0.0,0.0,0.0,0.0,0.0,0.0,64.4,0,117,56,50,65476,0,300,0,0,8,20529,65476,0,0,57672,80.0,0.0,0.0,0.0,0.0,0.0
2026-06-17T04:15:47,ERR,ERR,ERR,ERR,ERR,ERR,ERR,ERR,ERR,ERR,ERR,ERR,ERR,ERR,ERR,ERR,ERR,ERR,ERR,ERR,ERR,ERR,ERR,ERR,ERR,ERR,ERR,ERR,ERR,ERR,ERR,ERR,ERR,ERR,ERR,ERR,ERR,ERR,ERR,ERR,ERR,ERR,ERR,ERR,ERR,ERR,ERR,ERR,ERR,ERR,ERR,ERR,ERR,ERR,ERR,ERR,ERR,ERR,ERR,ERR,ERR,ERR,ERR,ERR,ERR,ERR,ERR,ERR,ERR,ERR,ERR,ERR,ERR,ERR,ERR,ERR,ERR,ERR,ERR,ERR,ERR,ERR,ERR,ERR,ERR,ERR,ERR,ERR,ERR,ERR,ERR,ERR,ERR,ERR,ERR,ERR,ERR,ERR,ERR,ERR,ERR,ERR,ERR,ERR,ERR,ERR,ERR,ERR,ERR,ERR,ERR,ERR,ERR,ERR,ERR,ERR,ERR,ERR,ERR,ERR,ERR,ERR,ERR,ERR,ERR,0.0,0.0,0.0,0.0,0.0,1.3936040501711995e+18,7.805,0.0,0,0,4,0,7300,-0.0,0,0.0,0.0,0.0,0.0,0.0,0,0,0,0,0.0,0,0,0,0,0,0,0,0,0,0,0,0,0,0,0,0,0,0,0,0,0,0,0,0,0,0,0,0,0,0,0,0,0,32,30,30,62,65476,0,300,0,0,8,21553,0.0,-107605600.0,0.0,0.0,0.0,0.0,0.0,0.0,0.0,0.0,0.0,0.0,0.0,0.0,0.0,0.0,0.0,0.0,0.0,0.0,0.0,0.0,2.004,2.004,-0.0,0.0,0.0,0.0,0.0,0.0,5549.0,-0.0,6965.0,0.0,0.0,-107615280.0,-107615328.0,0.0,0.0,0.0,0.0,63,-0.0,89220.734,0.0,0.0,0.0,0.0,0.0,0.0,0.0,0,0,0,0.0,0.0,0.0,0.0,0.0,0.0,0.0,0.0,0.0,0.0,0.0,0.0,0.0,0.0,0.0,0.0,0,-107875648.0,63,0.0,126,2.7184242562605685e+23,-0.0,ERR,ERR,ERR,ERR,ERR,ERR,ERR,ERR,ERR,ERR,ERR,ERR,ERR,ERR,ERR,ERR,ERR,ERR,ERR,ERR,ERR,ERR,ERR,ERR,ERR,ERR,ERR,ERR,ERR,ERR,ERR,ERR,ERR,ERR,ERR,ERR,ERR,ERR,ERR,ERR,ERR,ERR,ERR,ERR,ERR,ERR,ERR,ERR,ERR,ERR,ERR,ERR,ERR,ERR,ERR,ERR,ERR,ERR,ERR,ERR,ERR,ERR,ERR,ERR,ERR,ERR,ERR,34.0,80.0,35,0.0,0.0,0.0,0.0,0.0,0.0,0.0,0.0,0.0,0.0,0.0,0.0,0.0,0.0,0.0,0.0,64.8,0,117,56,50,65476,0,300,0,0,8,20529,65476,0,0,57672,80.0,0.0,0.0,0.0,0.0,0.0
2026-06-17T04:15:48,ERR,ERR,ERR,ERR,ERR,ERR,ERR,ERR,ERR,ERR,ERR,ERR,ERR,ERR,ERR,ERR,ERR,ERR,ERR,ERR,ERR,ERR,ERR,ERR,ERR,ERR,ERR,ERR,ERR,ERR,ERR,ERR,ERR,ERR,ERR,ERR,ERR,ERR,ERR,ERR,ERR,ERR,ERR,ERR,ERR,ERR,ERR,ERR,ERR,ERR,ERR,ERR,ERR,ERR,ERR,ERR,ERR,ERR,ERR,ERR,ERR,ERR,ERR,ERR,ERR,ERR,ERR,ERR,ERR,ERR,ERR,ERR,ERR,ERR,ERR,ERR,ERR,ERR,ERR,ERR,ERR,ERR,ERR,ERR,ERR,ERR,ERR,ERR,ERR,ERR,ERR,ERR,ERR,ERR,ERR,ERR,ERR,ERR,ERR,ERR,ERR,ERR,ERR,ERR,ERR,ERR,ERR,ERR,ERR,ERR,ERR,ERR,ERR,ERR,ERR,ERR,ERR,ERR,ERR,ERR,ERR,ERR,ERR,ERR,ERR,0.0,0.0,0.0,0.0,0.0,1.3936040501711995e+18,7.805,0.0,0,0,4,0,7300,-0.0,0,0.0,0.0,0.0,0.0,0.0,0,0,0,0,0.0,0,0,0,0,0,0,0,0,0,0,0,0,0,0,0,0,0,0,0,0,0,0,0,0,0,0,0,0,0,0,0,0,0,32,30,30,62,65476,0,300,0,0,8,21553,0.0,-107605600.0,0.0,0.0,0.0,0.0,0.0,0.0,0.0,0.0,0.0,0.0,0.0,0.0,0.0,0.0,0.0,0.0,0.0,0.0,0.0,0.0,2.004,2.004,-0.0,0.0,0.0,0.0,0.0,0.0,5549.0,-0.0,6965.0,0.0,0.0,-107615280.0,-107615328.0,0.0,0.0,0.0,0.0,63,-0.0,89220.734,0.0,0.0,0.0,0.0,0.0,0.0,0.0,0,0,0,0.0,0.0,0.0,0.0,0.0,0.0,0.0,0.0,0.0,0.0,0.0,0.0,0.0,0.0,0.0,0.0,0,-107875648.0,63,0.0,126,2.7184242562605685e+23,-0.0,ERR,ERR,ERR,ERR,ERR,ERR,ERR,ERR,ERR,ERR,ERR,ERR,ERR,ERR,ERR,ERR,ERR,ERR,ERR,ERR,ERR,ERR,ERR,ERR,ERR,ERR,ERR,ERR,ERR,ERR,ERR,ERR,ERR,ERR,ERR,ERR,ERR,ERR,ERR,ERR,ERR,ERR,ERR,ERR,ERR,ERR,ERR,ERR,ERR,ERR,ERR,ERR,ERR,ERR,ERR,ERR,ERR,ERR,ERR,ERR,ERR,ERR,ERR,ERR,ERR,ERR,ERR,34.0,80.0,35,0.0,0.0,0.0,0.0,0.0,0.0,0.0,0.0,0.0,0.0,0.0,0.0,0.0,0.0,0.0,0.0,64.8,0,117,56,50,65476,0,300,0,0,8,20529,65476,0,0,57672,80.0,0.0,0.0,0.0,0.0,0.0
2026-06-17T04:15:49,ERR,ERR,ERR,ERR,ERR,ERR,ERR,ERR,ERR,ERR,ERR,ERR,ERR,ERR,ERR,ERR,ERR,ERR,ERR,ERR,ERR,ERR,ERR,ERR,ERR,ERR,ERR,ERR,ERR,ERR,ERR,ERR,ERR,ERR,ERR,ERR,ERR,ERR,ERR,ERR,ERR,ERR,ERR,ERR,ERR,ERR,ERR,ERR,ERR,ERR,ERR,ERR,ERR,ERR,ERR,ERR,ERR,ERR,ERR,ERR,ERR,ERR,ERR,ERR,ERR,ERR,ERR,ERR,ERR,ERR,ERR,ERR,ERR,ERR,ERR,ERR,ERR,ERR,ERR,ERR,ERR,ERR,ERR,ERR,ERR,ERR,ERR,ERR,ERR,ERR,ERR,ERR,ERR,ERR,ERR,ERR,ERR,ERR,ERR,ERR,ERR,ERR,ERR,ERR,ERR,ERR,ERR,ERR,ERR,ERR,ERR,ERR,ERR,ERR,ERR,ERR,ERR,ERR,ERR,ERR,ERR,ERR,ERR,ERR,ERR,0.0,0.0,0.0,0.0,0.0,1.3936040501711995e+18,7.805,0.0,0,0,4,0,7300,-0.0,0,0.0,0.0,0.0,0.0,0.0,0,0,0,0,0.0,0,0,0,0,0,0,0,0,0,0,0,0,0,0,0,0,0,0,0,0,0,0,0,0,0,0,0,0,0,0,0,0,0,32,30,30,62,65476,0,300,0,0,8,21553,0.0,-107605600.0,0.0,0.0,0.0,0.0,0.0,0.0,0.0,0.0,0.0,0.0,0.0,0.0,0.0,0.0,0.0,0.0,0.0,0.0,0.0,0.0,2.004,2.004,-0.0,0.0,0.0,0.0,0.0,0.0,5549.0,-0.0,6965.0,0.0,0.0,-107615280.0,-107615328.0,0.0,0.0,0.0,0.0,63,-0.0,89220.734,0.0,0.0,0.0,0.0,0.0,0.0,0.0,0,0,0,0.0,0.0,0.0,0.0,0.0,0.0,0.0,0.0,0.0,0.0,0.0,0.0,0.0,0.0,0.0,0.0,0,-107875648.0,63,0.0,126,2.7184242562605685e+23,-0.0,ERR,ERR,ERR,ERR,ERR,ERR,ERR,ERR,ERR,ERR,ERR,ERR,ERR,ERR,ERR,ERR,ERR,ERR,ERR,ERR,ERR,ERR,ERR,ERR,ERR,ERR,ERR,ERR,ERR,ERR,ERR,ERR,ERR,ERR,ERR,ERR,ERR,ERR,ERR,ERR,ERR,ERR,ERR,ERR,ERR,ERR,ERR,ERR,ERR,ERR,ERR,ERR,ERR,ERR,ERR,ERR,ERR,ERR,ERR,ERR,ERR,ERR,ERR,ERR,ERR,ERR,ERR,34.0,80.0,35,0.0,0.0,0.0,0.0,0.0,0.0,0.0,0.0,0.0,0.0,0.0,0.0,0.0,0.0,0.0,0.0,64.4,0,117,56,50,65476,0,300,0,0,8,20529,65476,0,0,57672,80.0,0.0,0.0,0.0,0.0,0.0
2026-06-17T04:15:50,ERR,ERR,ERR,ERR,ERR,ERR,ERR,ERR,ERR,ERR,ERR,ERR,ERR,ERR,ERR,ERR,ERR,ERR,ERR,ERR,ERR,ERR,ERR,ERR,ERR,ERR,ERR,ERR,ERR,ERR,ERR,ERR,ERR,ERR,ERR,ERR,ERR,ERR,ERR,ERR,ERR,ERR,ERR,ERR,ERR,ERR,ERR,ERR,ERR,ERR,ERR,ERR,ERR,ERR,ERR,ERR,ERR,ERR,ERR,ERR,ERR,ERR,ERR,ERR,ERR,ERR,ERR,ERR,ERR,ERR,ERR,ERR,ERR,ERR,ERR,ERR,ERR,ERR,ERR,ERR,ERR,ERR,ERR,ERR,ERR,ERR,ERR,ERR,ERR,ERR,ERR,ERR,ERR,ERR,ERR,ERR,ERR,ERR,ERR,ERR,ERR,ERR,ERR,ERR,ERR,ERR,ERR,ERR,ERR,ERR,ERR,ERR,ERR,ERR,ERR,ERR,ERR,ERR,ERR,ERR,ERR,ERR,ERR,ERR,ERR,0.0,0.0,0.0,0.0,0.0,1.3936040501711995e+18,7.805,0.0,0,0,4,0,7300,-0.0,0,0.0,0.0,0.0,0.0,0.0,0,0,0,0,0.0,0,0,0,0,0,0,0,0,0,0,0,0,0,0,0,0,0,0,0,0,0,0,0,0,0,0,0,0,0,0,0,0,0,32,30,30,62,65476,0,300,0,0,8,21553,0.0,-107605600.0,0.0,0.0,0.0,0.0,0.0,0.0,0.0,0.0,0.0,0.0,0.0,0.0,0.0,0.0,0.0,0.0,0.0,0.0,0.0,0.0,2.004,2.004,-0.0,0.0,0.0,0.0,0.0,0.0,5547.0,-564146974228480.0,6971.0,0.0,0.0,-107615280.0,-107615328.0,0.0,0.0,0.0,0.0,63,4.950427050461716e+32,-0.0,0.0,0.0,0.0,0.0,0.0,0.0,0.0,0,0,0,0.0,0.0,0.0,0.0,0.0,0.0,0.0,0.0,0.0,0.0,0.0,0.0,0.0,0.0,0.0,0.0,0,-107875648.0,63,0.0,126,2.7184242562605685e+23,-0.0,ERR,ERR,ERR,ERR,ERR,ERR,ERR,ERR,ERR,ERR,ERR,ERR,ERR,ERR,ERR,ERR,ERR,ERR,ERR,ERR,ERR,ERR,ERR,ERR,ERR,ERR,ERR,ERR,ERR,ERR,ERR,ERR,ERR,ERR,ERR,ERR,ERR,ERR,ERR,ERR,ERR,ERR,ERR,ERR,ERR,ERR,ERR,ERR,ERR,ERR,ERR,ERR,ERR,ERR,ERR,ERR,ERR,ERR,ERR,ERR,ERR,ERR,ERR,ERR,ERR,ERR,ERR,34.0,80.0,35,0.0,0.0,0.0,0.0,0.0,0.0,0.0,0.0,0.0,0.0,0.0,0.0,0.0,0.0,0.0,0.0,64.4,0,116,56,50,65476,0,300,0,0,8,20529,65476,0,0,57672,80.0,0.0,0.0,0.0,0.0,0.0
2026-06-17T04:15:51,ERR,ERR,ERR,ERR,ERR,ERR,ERR,ERR,ERR,ERR,ERR,ERR,ERR,ERR,ERR,ERR,ERR,ERR,ERR,ERR,ERR,ERR,ERR,ERR,ERR,ERR,ERR,ERR,ERR,ERR,ERR,ERR,ERR,ERR,ERR,ERR,ERR,ERR,ERR,ERR,ERR,ERR,ERR,ERR,ERR,ERR,ERR,ERR,ERR,ERR,ERR,ERR,ERR,ERR,ERR,ERR,ERR,ERR,ERR,ERR,ERR,ERR,ERR,ERR,ERR,ERR,ERR,ERR,ERR,ERR,ERR,ERR,ERR,ERR,ERR,ERR,ERR,ERR,ERR,ERR,ERR,ERR,ERR,ERR,ERR,ERR,ERR,ERR,ERR,ERR,ERR,ERR,ERR,ERR,ERR,ERR,ERR,ERR,ERR,ERR,ERR,ERR,ERR,ERR,ERR,ERR,ERR,ERR,ERR,ERR,ERR,ERR,ERR,ERR,ERR,ERR,ERR,ERR,ERR,ERR,ERR,ERR,ERR,ERR,ERR,0.0,0.0,0.0,0.0,0.0,1.3936040501711995e+18,7.805,0.0,0,0,4,0,7300,-0.0,0,0.0,0.0,0.0,0.0,0.0,0,0,0,0,0.0,0,0,0,0,0,0,0,0,0,0,0,0,0,0,0,0,0,0,0,0,0,0,0,0,0,0,0,0,0,0,0,0,0,32,30,30,62,65476,0,300,0,0,8,21553,0.0,-107605600.0,0.0,0.0,0.0,0.0,0.0,0.0,0.0,0.0,0.0,0.0,0.0,0.0,0.0,0.0,0.0,0.0,0.0,0.0,0.0,0.0,2.004,2.004,-0.0,0.0,0.0,0.0,0.0,0.0,5547.0,-564146974228480.0,6971.0,0.0,0.0,-107615280.0,-107615328.0,0.0,0.0,0.0,0.0,63,4.950427050461716e+32,-0.0,0.0,0.0,0.0,0.0,0.0,0.0,0.0,0,0,0,0.0,0.0,0.0,0.0,0.0,0.0,0.0,0.0,0.0,0.0,0.0,0.0,0.0,0.0,0.0,0.0,0,-107875648.0,63,0.0,126,2.7184242562605685e+23,-0.0,ERR,ERR,ERR,ERR,ERR,ERR,ERR,ERR,ERR,ERR,ERR,ERR,ERR,ERR,ERR,ERR,ERR,ERR,ERR,ERR,ERR,ERR,ERR,ERR,ERR,ERR,ERR,ERR,ERR,ERR,ERR,ERR,ERR,ERR,ERR,ERR,ERR,ERR,ERR,ERR,ERR,ERR,ERR,ERR,ERR,ERR,ERR,ERR,ERR,ERR,ERR,ERR,ERR,ERR,ERR,ERR,ERR,ERR,ERR,ERR,ERR,ERR,ERR,ERR,ERR,ERR,ERR,34.0,80.0,35,0.0,0.0,0.0,0.0,0.0,0.0,0.0,0.0,0.0,0.0,0.0,0.0,0.0,0.0,0.0,0.0,64.4,0,116,56,50,65476,0,300,0,0,8,20529,65476,0,0,57672,80.0,0.0,0.0,0.0,0.0,0.0
2026-06-17T04:15:52,ERR,ERR,ERR,ERR,ERR,ERR,ERR,ERR,ERR,ERR,ERR,ERR,ERR,ERR,ERR,ERR,ERR,ERR,ERR,ERR,ERR,ERR,ERR,ERR,ERR,ERR,ERR,ERR,ERR,ERR,ERR,ERR,ERR,ERR,ERR,ERR,ERR,ERR,ERR,ERR,ERR,ERR,ERR,ERR,ERR,ERR,ERR,ERR,ERR,ERR,ERR,ERR,ERR,ERR,ERR,ERR,ERR,ERR,ERR,ERR,ERR,ERR,ERR,ERR,ERR,ERR,ERR,ERR,ERR,ERR,ERR,ERR,ERR,ERR,ERR,ERR,ERR,ERR,ERR,ERR,ERR,ERR,ERR,ERR,ERR,ERR,ERR,ERR,ERR,ERR,ERR,ERR,ERR,ERR,ERR,ERR,ERR,ERR,ERR,ERR,ERR,ERR,ERR,ERR,ERR,ERR,ERR,ERR,ERR,ERR,ERR,ERR,ERR,ERR,ERR,ERR,ERR,ERR,ERR,ERR,ERR,ERR,ERR,ERR,ERR,0.0,0.0,0.0,0.0,0.0,1.3936040501711995e+18,7.805,0.0,0,0,4,0,7300,-0.0,0,0.0,0.0,0.0,0.0,0.0,0,0,0,0,0.0,0,0,0,0,0,0,0,0,0,0,0,0,0,0,0,0,0,0,0,0,0,0,0,0,0,0,0,0,0,0,0,0,0,32,30,30,62,65476,0,300,0,0,8,21553,0.0,-107605600.0,0.0,0.0,0.0,0.0,0.0,0.0,0.0,0.0,0.0,0.0,0.0,0.0,0.0,0.0,0.0,0.0,0.0,0.0,0.0,0.0,2.004,2.004,-0.0,0.0,0.0,0.0,0.0,0.0,5547.0,-564146974228480.0,6971.0,0.0,0.0,-107615280.0,-107615328.0,0.0,0.0,0.0,0.0,63,4.950427050461716e+32,-0.0,0.0,0.0,0.0,0.0,0.0,0.0,0.0,0,0,0,0.0,0.0,0.0,0.0,0.0,0.0,0.0,0.0,0.0,0.0,0.0,0.0,0.0,0.0,0.0,0.0,0,-107875648.0,63,0.0,126,2.7184242562605685e+23,-0.0,ERR,ERR,ERR,ERR,ERR,ERR,ERR,ERR,ERR,ERR,ERR,ERR,ERR,ERR,ERR,ERR,ERR,ERR,ERR,ERR,ERR,ERR,ERR,ERR,ERR,ERR,ERR,ERR,ERR,ERR,ERR,ERR,ERR,ERR,ERR,ERR,ERR,ERR,ERR,ERR,ERR,ERR,ERR,ERR,ERR,ERR,ERR,ERR,ERR,ERR,ERR,ERR,ERR,ERR,ERR,ERR,ERR,ERR,ERR,ERR,ERR,ERR,ERR,ERR,ERR,ERR,ERR,34.0,80.0,35,0.0,0.0,0.0,0.0,0.0,0.0,0.0,0.0,0.0,0.0,0.0,0.0,0.0,0.0,0.0,0.0,64.4,0,116,56,50,65476,0,300,0,0,8,20529,65476,0,0,57672,80.0,0.0,0.0,0.0,0.0,0.0
2026-06-17T04:15:53,ERR,ERR,ERR,ERR,ERR,ERR,ERR,ERR,ERR,ERR,ERR,ERR,ERR,ERR,ERR,ERR,ERR,ERR,ERR,ERR,ERR,ERR,ERR,ERR,ERR,ERR,ERR,ERR,ERR,ERR,ERR,ERR,ERR,ERR,ERR,ERR,ERR,ERR,ERR,ERR,ERR,ERR,ERR,ERR,ERR,ERR,ERR,ERR,ERR,ERR,ERR,ERR,ERR,ERR,ERR,ERR,ERR,ERR,ERR,ERR,ERR,ERR,ERR,ERR,ERR,ERR,ERR,ERR,ERR,ERR,ERR,ERR,ERR,ERR,ERR,ERR,ERR,ERR,ERR,ERR,ERR,ERR,ERR,ERR,ERR,ERR,ERR,ERR,ERR,ERR,ERR,ERR,ERR,ERR,ERR,ERR,ERR,ERR,ERR,ERR,ERR,ERR,ERR,ERR,ERR,ERR,ERR,ERR,ERR,ERR,ERR,ERR,ERR,ERR,ERR,ERR,ERR,ERR,ERR,ERR,ERR,ERR,ERR,ERR,ERR,0.0,0.0,0.0,0.0,0.0,1.3936040501711995e+18,7.805,0.0,0,0,4,0,7300,-0.0,0,0.0,0.0,0.0,0.0,0.0,0,0,0,0,0.0,0,0,0,0,0,0,0,0,0,0,0,0,0,0,0,0,0,0,0,0,0,0,0,0,0,0,0,0,0,0,0,0,0,32,30,30,62,65476,0,300,0,0,8,21553,0.0,-107605600.0,0.0,0.0,0.0,0.0,0.0,0.0,0.0,0.0,0.0,0.0,0.0,0.0,0.0,0.0,0.0,0.0,0.0,0.0,0.0,0.0,2.004,2.004,-0.0,0.0,0.0,0.0,0.0,0.0,5547.0,-564146974228480.0,6971.0,0.0,0.0,-107615280.0,-107615328.0,0.0,0.0,0.0,0.0,63,4.950427050461716e+32,-0.0,0.0,0.0,0.0,0.0,0.0,0.0,0.0,0,0,0,0.0,0.0,0.0,0.0,0.0,0.0,0.0,0.0,0.0,0.0,0.0,0.0,0.0,0.0,0.0,0.0,0,-107875648.0,63,0.0,126,2.7184242562605685e+23,-0.0,ERR,ERR,ERR,ERR,ERR,ERR,ERR,ERR,ERR,ERR,ERR,ERR,ERR,ERR,ERR,ERR,ERR,ERR,ERR,ERR,ERR,ERR,ERR,ERR,ERR,ERR,ERR,ERR,ERR,ERR,ERR,ERR,ERR,ERR,ERR,ERR,ERR,ERR,ERR,ERR,ERR,ERR,ERR,ERR,ERR,ERR,ERR,ERR,ERR,ERR,ERR,ERR,ERR,ERR,ERR,ERR,ERR,ERR,ERR,ERR,ERR,ERR,ERR,ERR,ERR,ERR,ERR,34.0,80.0,35,0.0,0.0,0.0,0.0,0.0,0.0,0.0,0.0,0.0,0.0,0.0,0.0,0.0,0.0,0.0,0.0,64.4,0,116,56,50,65476,0,300,0,0,8,20529,65476,0,0,57672,80.0,0.0,0.0,0.0,0.0,0.0
2026-06-17T04:15:54,ERR,ERR,ERR,ERR,ERR,ERR,ERR,ERR,ERR,ERR,ERR,ERR,ERR,ERR,ERR,ERR,ERR,ERR,ERR,ERR,ERR,ERR,ERR,ERR,ERR,ERR,ERR,ERR,ERR,ERR,ERR,ERR,ERR,ERR,ERR,ERR,ERR,ERR,ERR,ERR,ERR,ERR,ERR,ERR,ERR,ERR,ERR,ERR,ERR,ERR,ERR,ERR,ERR,ERR,ERR,ERR,ERR,ERR,ERR,ERR,ERR,ERR,ERR,ERR,ERR,ERR,ERR,ERR,ERR,ERR,ERR,ERR,ERR,ERR,ERR,ERR,ERR,ERR,ERR,ERR,ERR,ERR,ERR,ERR,ERR,ERR,ERR,ERR,ERR,ERR,ERR,ERR,ERR,ERR,ERR,ERR,ERR,ERR,ERR,ERR,ERR,ERR,ERR,ERR,ERR,ERR,ERR,ERR,ERR,ERR,ERR,ERR,ERR,ERR,ERR,ERR,ERR,ERR,ERR,ERR,ERR,ERR,ERR,ERR,ERR,0.0,0.0,0.0,0.0,0.0,1.3936040501711995e+18,7.805,0.0,0,0,4,0,7300,-0.0,0,0.0,0.0,0.0,0.0,0.0,0,0,0,0,0.0,0,0,0,0,0,0,0,0,0,0,0,0,0,0,0,0,0,0,0,0,0,0,0,0,0,0,0,0,0,0,0,0,0,32,30,30,62,65476,0,300,0,0,8,21553,0.0,-107605600.0,0.0,0.0,0.0,0.0,0.0,0.0,0.0,0.0,0.0,0.0,0.0,0.0,0.0,0.0,0.0,0.0,0.0,0.0,0.0,0.0,2.004,2.004,-0.0,0.0,0.0,0.0,0.0,0.0,5547.0,-564146974228480.0,6971.0,0.0,0.0,-107615280.0,-107615328.0,0.0,0.0,0.0,0.0,63,4.950427050461716e+32,-0.0,0.0,0.0,0.0,0.0,0.0,0.0,0.0,0,0,0,0.0,0.0,0.0,0.0,0.0,0.0,0.0,0.0,0.0,0.0,0.0,0.0,0.0,0.0,0.0,0.0,0,-107875648.0,63,0.0,126,2.7184242562605685e+23,-0.0,ERR,ERR,ERR,ERR,ERR,ERR,ERR,ERR,ERR,ERR,ERR,ERR,ERR,ERR,ERR,ERR,ERR,ERR,ERR,ERR,ERR,ERR,ERR,ERR,ERR,ERR,ERR,ERR,ERR,ERR,ERR,ERR,ERR,ERR,ERR,ERR,ERR,ERR,ERR,ERR,ERR,ERR,ERR,ERR,ERR,ERR,ERR,ERR,ERR,ERR,ERR,ERR,ERR,ERR,ERR,ERR,ERR,ERR,ERR,ERR,ERR,ERR,ERR,ERR,ERR,ERR,ERR,34.0,80.0,35,0.0,0.0,0.0,0.0,0.0,0.0,0.0,0.0,0.0,0.0,0.0,0.0,0.0,0.0,0.0,0.0,64.4,0,116,56,50,65476,0,300,0,0,8,20529,65476,0,0,57672,80.0,0.0,0.0,0.0,0.0,0.0
2026-06-17T04:15:55,ERR,ERR,ERR,ERR,ERR,ERR,ERR,ERR,ERR,ERR,ERR,ERR,ERR,ERR,ERR,ERR,ERR,ERR,ERR,ERR,ERR,ERR,ERR,ERR,ERR,ERR,ERR,ERR,ERR,ERR,ERR,ERR,ERR,ERR,ERR,ERR,ERR,ERR,ERR,ERR,ERR,ERR,ERR,ERR,ERR,ERR,ERR,ERR,ERR,ERR,ERR,ERR,ERR,ERR,ERR,ERR,ERR,ERR,ERR,ERR,ERR,ERR,ERR,ERR,ERR,ERR,ERR,ERR,ERR,ERR,ERR,ERR,ERR,ERR,ERR,ERR,ERR,ERR,ERR,ERR,ERR,ERR,ERR,ERR,ERR,ERR,ERR,ERR,ERR,ERR,ERR,ERR,ERR,ERR,ERR,ERR,ERR,ERR,ERR,ERR,ERR,ERR,ERR,ERR,ERR,ERR,ERR,ERR,ERR,ERR,ERR,ERR,ERR,ERR,ERR,ERR,ERR,ERR,ERR,ERR,ERR,ERR,ERR,ERR,ERR,0.0,0.0,0.0,0.0,0.0,1.3936040501711995e+18,7.805,0.0,0,0,4,0,7300,-0.0,0,0.0,0.0,0.0,0.0,0.0,0,0,0,0,0.0,0,0,0,0,0,0,0,0,0,0,0,0,0,0,0,0,0,0,0,0,0,0,0,0,0,0,0,0,0,0,0,0,0,32,30,30,62,65476,0,300,0,0,8,21553,0.0,-107605600.0,0.0,0.0,0.0,0.0,0.0,0.0,0.0,0.0,0.0,0.0,0.0,0.0,0.0,0.0,0.0,0.0,0.0,0.0,0.0,0.0,2.004,2.004,-0.0,0.0,0.0,0.0,0.0,0.0,5544.0,131350.703,6953.0,0.0,0.0,-107615280.0,-107615328.0,0.0,0.0,0.0,0.0,63,2.718429300292151e+23,-107614952.0,0.0,0.0,0.0,0.0,0.0,0.0,0.0,0,0,0,0.0,0.0,0.0,0.0,0.0,0.0,0.0,0.0,0.0,0.0,0.0,0.0,0.0,0.0,0.0,0.0,0,-107875648.0,63,0.0,126,2.7184242562605685e+23,-0.0,ERR,ERR,ERR,ERR,ERR,ERR,ERR,ERR,ERR,ERR,ERR,ERR,ERR,ERR,ERR,ERR,ERR,ERR,ERR,ERR,ERR,ERR,ERR,ERR,ERR,ERR,ERR,ERR,ERR,ERR,ERR,ERR,ERR,ERR,ERR,ERR,ERR,ERR,ERR,ERR,ERR,ERR,ERR,ERR,ERR,ERR,ERR,ERR,ERR,ERR,ERR,ERR,ERR,ERR,ERR,ERR,ERR,ERR,ERR,ERR,ERR,ERR,ERR,ERR,ERR,ERR,ERR,34.0,80.0,35,0.0,0.0,0.0,0.0,0.0,0.0,0.0,0.0,0.0,0.0,0.0,0.0,0.0,0.0,0.0,0.0,64.4,0,116,56,50,65476,0,300,0,0,8,20529,65476,0,0,57672,80.0,0.0,0.0,0.0,0.0,0.0
2026-06-17T04:15:56,ERR,ERR,ERR,ERR,ERR,ERR,ERR,ERR,ERR,ERR,ERR,ERR,ERR,ERR,ERR,ERR,ERR,ERR,ERR,ERR,ERR,ERR,ERR,ERR,ERR,ERR,ERR,ERR,ERR,ERR,ERR,ERR,ERR,ERR,ERR,ERR,ERR,ERR,ERR,ERR,ERR,ERR,ERR,ERR,ERR,ERR,ERR,ERR,ERR,ERR,ERR,ERR,ERR,ERR,ERR,ERR,ERR,ERR,ERR,ERR,ERR,ERR,ERR,ERR,ERR,ERR,ERR,ERR,ERR,ERR,ERR,ERR,ERR,ERR,ERR,ERR,ERR,ERR,ERR,ERR,ERR,ERR,ERR,ERR,ERR,ERR,ERR,ERR,ERR,ERR,ERR,ERR,ERR,ERR,ERR,ERR,ERR,ERR,ERR,ERR,ERR,ERR,ERR,ERR,ERR,ERR,ERR,ERR,ERR,ERR,ERR,ERR,ERR,ERR,ERR,ERR,ERR,ERR,ERR,ERR,ERR,ERR,ERR,ERR,ERR,0.0,0.0,0.0,0.0,0.0,1.3936040501711995e+18,7.805,0.0,0,0,4,0,7300,-0.0,0,0.0,0.0,0.0,0.0,0.0,0,0,0,0,0.0,0,0,0,0,0,0,0,0,0,0,0,0,0,0,0,0,0,0,0,0,0,0,0,0,0,0,0,0,0,0,0,0,0,32,30,30,62,65476,0,300,0,0,8,21553,0.0,-107605600.0,0.0,0.0,0.0,0.0,0.0,0.0,0.0,0.0,0.0,0.0,0.0,0.0,0.0,0.0,0.0,0.0,0.0,0.0,0.0,0.0,2.004,2.004,-0.0,0.0,0.0,0.0,0.0,0.0,5544.0,131350.703,6953.0,0.0,0.0,-107615280.0,-107615328.0,0.0,0.0,0.0,0.0,63,2.718429300292151e+23,-107614952.0,0.0,0.0,0.0,0.0,0.0,0.0,0.0,0,0,0,0.0,0.0,0.0,0.0,0.0,0.0,0.0,0.0,0.0,0.0,0.0,0.0,0.0,0.0,0.0,0.0,0,-107875648.0,63,0.0,126,2.7184242562605685e+23,-0.0,ERR,ERR,ERR,ERR,ERR,ERR,ERR,ERR,ERR,ERR,ERR,ERR,ERR,ERR,ERR,ERR,ERR,ERR,ERR,ERR,ERR,ERR,ERR,ERR,ERR,ERR,ERR,ERR,ERR,ERR,ERR,ERR,ERR,ERR,ERR,ERR,ERR,ERR,ERR,ERR,ERR,ERR,ERR,ERR,ERR,ERR,ERR,ERR,ERR,ERR,ERR,ERR,ERR,ERR,ERR,ERR,ERR,ERR,ERR,ERR,ERR,ERR,ERR,ERR,ERR,ERR,ERR,34.0,80.0,35,0.0,0.0,0.0,0.0,0.0,0.0,0.0,0.0,0.0,0.0,0.0,0.0,0.0,0.0,0.0,0.0,64.4,0,116,56,50,65476,0,300,0,0,8,20529,65476,0,0,57672,80.0,0.0,0.0,0.0,0.0,0.0
2026-06-17T04:15:57,ERR,ERR,ERR,ERR,ERR,ERR,ERR,ERR,ERR,ERR,ERR,ERR,ERR,ERR,ERR,ERR,ERR,ERR,ERR,ERR,ERR,ERR,ERR,ERR,ERR,ERR,ERR,ERR,ERR,ERR,ERR,ERR,ERR,ERR,ERR,ERR,ERR,ERR,ERR,ERR,ERR,ERR,ERR,ERR,ERR,ERR,ERR,ERR,ERR,ERR,ERR,ERR,ERR,ERR,ERR,ERR,ERR,ERR,ERR,ERR,ERR,ERR,ERR,ERR,ERR,ERR,ERR,ERR,ERR,ERR,ERR,ERR,ERR,ERR,ERR,ERR,ERR,ERR,ERR,ERR,ERR,ERR,ERR,ERR,ERR,ERR,ERR,ERR,ERR,ERR,ERR,ERR,ERR,ERR,ERR,ERR,ERR,ERR,ERR,ERR,ERR,ERR,ERR,ERR,ERR,ERR,ERR,ERR,ERR,ERR,ERR,ERR,ERR,ERR,ERR,ERR,ERR,ERR,ERR,ERR,ERR,ERR,ERR,ERR,ERR,0.0,0.0,0.0,0.0,0.0,1.3936040501711995e+18,7.805,0.0,0,0,4,0,7300,-0.0,0,0.0,0.0,0.0,0.0,0.0,0,0,0,0,0.0,0,0,0,0,0,0,0,0,0,0,0,0,0,0,0,0,0,0,0,0,0,0,0,0,0,0,0,0,0,0,0,0,0,32,30,30,62,65476,0,300,0,0,8,21553,0.0,-107605600.0,0.0,0.0,0.0,0.0,0.0,0.0,0.0,0.0,0.0,0.0,0.0,0.0,0.0,0.0,0.0,0.0,0.0,0.0,0.0,0.0,2.004,2.004,-0.0,0.0,0.0,0.0,0.0,0.0,5544.0,131350.703,6953.0,0.0,0.0,-107615280.0,-107615328.0,0.0,0.0,0.0,0.0,63,2.718429300292151e+23,-107614952.0,0.0,0.0,0.0,0.0,0.0,0.0,0.0,0,0,0,0.0,0.0,0.0,0.0,0.0,0.0,0.0,0.0,0.0,0.0,0.0,0.0,0.0,0.0,0.0,0.0,0,-107875648.0,63,0.0,126,2.7184242562605685e+23,-0.0,ERR,ERR,ERR,ERR,ERR,ERR,ERR,ERR,ERR,ERR,ERR,ERR,ERR,ERR,ERR,ERR,ERR,ERR,ERR,ERR,ERR,ERR,ERR,ERR,ERR,ERR,ERR,ERR,ERR,ERR,ERR,ERR,ERR,ERR,ERR,ERR,ERR,ERR,ERR,ERR,ERR,ERR,ERR,ERR,ERR,ERR,ERR,ERR,ERR,ERR,ERR,ERR,ERR,ERR,ERR,ERR,ERR,ERR,ERR,ERR,ERR,ERR,ERR,ERR,ERR,ERR,ERR,34.0,80.0,35,0.0,0.0,0.0,0.0,0.0,0.0,0.0,0.0,0.0,0.0,0.0,0.0,0.0,0.0,0.0,0.0,64.4,0,116,56,50,65476,0,300,0,0,8,20529,65476,0,0,57672,80.0,0.0,0.0,0.0,0.0,0.0
2026-06-17T04:15:58,ERR,ERR,ERR,ERR,ERR,ERR,ERR,ERR,ERR,ERR,ERR,ERR,ERR,ERR,ERR,ERR,ERR,ERR,ERR,ERR,ERR,ERR,ERR,ERR,ERR,ERR,ERR,ERR,ERR,ERR,ERR,ERR,ERR,ERR,ERR,ERR,ERR,ERR,ERR,ERR,ERR,ERR,ERR,ERR,ERR,ERR,ERR,ERR,ERR,ERR,ERR,ERR,ERR,ERR,ERR,ERR,ERR,ERR,ERR,ERR,ERR,ERR,ERR,ERR,ERR,ERR,ERR,ERR,ERR,ERR,ERR,ERR,ERR,ERR,ERR,ERR,ERR,ERR,ERR,ERR,ERR,ERR,ERR,ERR,ERR,ERR,ERR,ERR,ERR,ERR,ERR,ERR,ERR,ERR,ERR,ERR,ERR,ERR,ERR,ERR,ERR,ERR,ERR,ERR,ERR,ERR,ERR,ERR,ERR,ERR,ERR,ERR,ERR,ERR,ERR,ERR,ERR,ERR,ERR,ERR,ERR,ERR,ERR,ERR,ERR,0.0,0.0,0.0,0.0,0.0,1.3936040501711995e+18,7.805,0.0,0,0,4,0,7300,-0.0,0,0.0,0.0,0.0,0.0,0.0,0,0,0,0,0.0,0,0,0,0,0,0,0,0,0,0,0,0,0,0,0,0,0,0,0,0,0,0,0,0,0,0,0,0,0,0,0,0,0,32,30,30,62,65476,0,300,0,0,8,21553,0.0,-107605600.0,0.0,0.0,0.0,0.0,0.0,0.0,0.0,0.0,0.0,0.0,0.0,0.0,0.0,0.0,0.0,0.0,0.0,0.0,0.0,0.0,2.004,2.004,-0.0,0.0,0.0,0.0,0.0,0.0,5544.0,131350.703,6953.0,0.0,0.0,-107615280.0,-107615328.0,0.0,0.0,0.0,0.0,63,2.718429300292151e+23,-107614952.0,0.0,0.0,0.0,0.0,0.0,0.0,0.0,0,0,0,0.0,0.0,0.0,0.0,0.0,0.0,0.0,0.0,0.0,0.0,0.0,0.0,0.0,0.0,0.0,0.0,0,-107875648.0,63,0.0,126,2.7184242562605685e+23,-0.0,ERR,ERR,ERR,ERR,ERR,ERR,ERR,ERR,ERR,ERR,ERR,ERR,ERR,ERR,ERR,ERR,ERR,ERR,ERR,ERR,ERR,ERR,ERR,ERR,ERR,ERR,ERR,ERR,ERR,ERR,ERR,ERR,ERR,ERR,ERR,ERR,ERR,ERR,ERR,ERR,ERR,ERR,ERR,ERR,ERR,ERR,ERR,ERR,ERR,ERR,ERR,ERR,ERR,ERR,ERR,ERR,ERR,ERR,ERR,ERR,ERR,ERR,ERR,ERR,ERR,ERR,ERR,34.0,80.0,35,0.0,0.0,0.0,0.0,0.0,0.0,0.0,0.0,0.0,0.0,0.0,0.0,0.0,0.0,0.0,0.0,64.4,0,116,56,50,65476,0,300,0,0,8,20529,65476,0,0,57672,80.0,0.0,0.0,0.0,0.0,0.0
2026-06-17T04:15:59,ERR,ERR,ERR,ERR,ERR,ERR,ERR,ERR,ERR,ERR,ERR,ERR,ERR,ERR,ERR,ERR,ERR,ERR,ERR,ERR,ERR,ERR,ERR,ERR,ERR,ERR,ERR,ERR,ERR,ERR,ERR,ERR,ERR,ERR,ERR,ERR,ERR,ERR,ERR,ERR,ERR,ERR,ERR,ERR,ERR,ERR,ERR,ERR,ERR,ERR,ERR,ERR,ERR,ERR,ERR,ERR,ERR,ERR,ERR,ERR,ERR,ERR,ERR,ERR,ERR,ERR,ERR,ERR,ERR,ERR,ERR,ERR,ERR,ERR,ERR,ERR,ERR,ERR,ERR,ERR,ERR,ERR,ERR,ERR,ERR,ERR,ERR,ERR,ERR,ERR,ERR,ERR,ERR,ERR,ERR,ERR,ERR,ERR,ERR,ERR,ERR,ERR,ERR,ERR,ERR,ERR,ERR,ERR,ERR,ERR,ERR,ERR,ERR,ERR,ERR,ERR,ERR,ERR,ERR,ERR,ERR,ERR,ERR,ERR,ERR,0.0,0.0,0.0,0.0,0.0,1.3936040501711995e+18,7.805,0.0,0,0,4,0,7300,-0.0,0,0.0,0.0,0.0,0.0,0.0,0,0,0,0,0.0,0,0,0,0,0,0,0,0,0,0,0,0,0,0,0,0,0,0,0,0,0,0,0,0,0,0,0,0,0,0,0,0,0,32,30,30,62,65476,0,300,0,0,8,21553,0.0,-107605600.0,0.0,0.0,0.0,0.0,0.0,0.0,0.0,0.0,0.0,0.0,0.0,0.0,0.0,0.0,0.0,0.0,0.0,0.0,0.0,0.0,2.004,2.004,-0.0,0.0,0.0,0.0,0.0,0.0,5544.0,131350.703,6953.0,0.0,0.0,-107615280.0,-107615328.0,0.0,0.0,0.0,0.0,63,2.718429300292151e+23,-107614952.0,0.0,0.0,0.0,0.0,0.0,0.0,0.0,0,0,0,0.0,0.0,0.0,0.0,0.0,0.0,0.0,0.0,0.0,0.0,0.0,0.0,0.0,0.0,0.0,0.0,0,-107875648.0,63,0.0,126,2.7184242562605685e+23,-0.0,ERR,ERR,ERR,ERR,ERR,ERR,ERR,ERR,ERR,ERR,ERR,ERR,ERR,ERR,ERR,ERR,ERR,ERR,ERR,ERR,ERR,ERR,ERR,ERR,ERR,ERR,ERR,ERR,ERR,ERR,ERR,ERR,ERR,ERR,ERR,ERR,ERR,ERR,ERR,ERR,ERR,ERR,ERR,ERR,ERR,ERR,ERR,ERR,ERR,ERR,ERR,ERR,ERR,ERR,ERR,ERR,ERR,ERR,ERR,ERR,ERR,ERR,ERR,ERR,ERR,ERR,ERR,34.0,80.0,35,0.0,0.0,0.0,0.0,0.0,0.0,0.0,0.0,0.0,0.0,0.0,0.0,0.0,0.0,0.0,0.0,64.4,0,116,56,50,65476,0,300,0,0,8,20529,65476,0,0,57672,80.0,0.0,0.0,0.0,0.0,0.0
2026-06-17T04:16:00,ERR,ERR,ERR,ERR,ERR,ERR,ERR,ERR,ERR,ERR,ERR,ERR,ERR,ERR,ERR,ERR,ERR,ERR,ERR,ERR,ERR,ERR,ERR,ERR,ERR,ERR,ERR,ERR,ERR,ERR,ERR,ERR,ERR,ERR,ERR,ERR,ERR,ERR,ERR,ERR,ERR,ERR,ERR,ERR,ERR,ERR,ERR,ERR,ERR,ERR,ERR,ERR,ERR,ERR,ERR,ERR,ERR,ERR,ERR,ERR,ERR,ERR,ERR,ERR,ERR,ERR,ERR,ERR,ERR,ERR,ERR,ERR,ERR,ERR,ERR,ERR,ERR,ERR,ERR,ERR,ERR,ERR,ERR,ERR,ERR,ERR,ERR,ERR,ERR,ERR,ERR,ERR,ERR,ERR,ERR,ERR,ERR,ERR,ERR,ERR,ERR,ERR,ERR,ERR,ERR,ERR,ERR,ERR,ERR,ERR,ERR,ERR,ERR,ERR,ERR,ERR,ERR,ERR,ERR,ERR,ERR,ERR,ERR,ERR,ERR,0.0,0.0,0.0,0.0,0.0,1.3936040501711995e+18,7.805,0.0,0,0,4,0,7300,-0.0,0,0.0,0.0,0.0,0.0,0.0,0,0,0,0,0.0,0,0,0,0,0,0,0,0,0,0,0,0,0,0,0,0,0,0,0,0,0,0,0,0,0,0,0,0,0,0,0,0,0,32,30,30,62,65476,0,300,0,0,8,21553,0.0,-107605600.0,0.0,0.0,0.0,0.0,0.0,0.0,0.0,0.0,0.0,0.0,0.0,0.0,0.0,0.0,0.0,0.0,0.0,0.0,0.0,0.0,2.004,2.004,-0.0,0.0,0.0,0.0,0.0,0.0,5512.0,-564146907119616.0,6971.0,0.0,0.0,-107615280.0,-107615328.0,0.0,0.0,0.0,0.0,63,2.718429300292151e+23,0.059,0.0,0.0,0.0,0.0,0.0,0.0,0.0,0,0,0,0.0,0.0,0.0,0.0,0.0,0.0,0.0,0.0,0.0,0.0,0.0,0.0,0.0,0.0,0.0,0.0,0,-107875648.0,63,0.0,126,2.7184242562605685e+23,-0.0,ERR,ERR,ERR,ERR,ERR,ERR,ERR,ERR,ERR,ERR,ERR,ERR,ERR,ERR,ERR,ERR,ERR,ERR,ERR,ERR,ERR,ERR,ERR,ERR,ERR,ERR,ERR,ERR,ERR,ERR,ERR,ERR,ERR,ERR,ERR,ERR,ERR,ERR,ERR,ERR,ERR,ERR,ERR,ERR,ERR,ERR,ERR,ERR,ERR,ERR,ERR,ERR,ERR,ERR,ERR,ERR,ERR,ERR,ERR,ERR,ERR,ERR,ERR,ERR,ERR,ERR,ERR,34.0,80.0,35,0.0,0.0,0.0,0.0,0.0,0.0,0.0,0.0,0.0,0.0,0.0,0.0,0.0,0.0,0.0,0.0,64.4,0,116,56,50,65476,0,300,0,0,8,20529,65476,0,0,57672,80.0,0.0,0.0,0.0,0.0,0.0
2026-06-17T04:16:01,ERR,ERR,ERR,ERR,ERR,ERR,ERR,ERR,ERR,ERR,ERR,ERR,ERR,ERR,ERR,ERR,ERR,ERR,ERR,ERR,ERR,ERR,ERR,ERR,ERR,ERR,ERR,ERR,ERR,ERR,ERR,ERR,ERR,ERR,ERR,ERR,ERR,ERR,ERR,ERR,ERR,ERR,ERR,ERR,ERR,ERR,ERR,ERR,ERR,ERR,ERR,ERR,ERR,ERR,ERR,ERR,ERR,ERR,ERR,ERR,ERR,ERR,ERR,ERR,ERR,ERR,ERR,ERR,ERR,ERR,ERR,ERR,ERR,ERR,ERR,ERR,ERR,ERR,ERR,ERR,ERR,ERR,ERR,ERR,ERR,ERR,ERR,ERR,ERR,ERR,ERR,ERR,ERR,ERR,ERR,ERR,ERR,ERR,ERR,ERR,ERR,ERR,ERR,ERR,ERR,ERR,ERR,ERR,ERR,ERR,ERR,ERR,ERR,ERR,ERR,ERR,ERR,ERR,ERR,ERR,ERR,ERR,ERR,ERR,ERR,0.0,0.0,0.0,0.0,0.0,1.3936040501711995e+18,7.805,0.0,0,0,4,0,7300,-0.0,0,0.0,0.0,0.0,0.0,0.0,0,0,0,0,0.0,0,0,0,0,0,0,0,0,0,0,0,0,0,0,0,0,0,0,0,0,0,0,0,0,0,0,0,0,0,0,0,0,0,32,30,30,62,65476,0,300,0,0,8,21553,0.0,-107605600.0,0.0,0.0,0.0,0.0,0.0,0.0,0.0,0.0,0.0,0.0,0.0,0.0,0.0,0.0,0.0,0.0,0.0,0.0,0.0,0.0,2.004,2.004,-0.0,0.0,0.0,0.0,0.0,0.0,5512.0,-564146907119616.0,6971.0,0.0,0.0,-107615280.0,-107615328.0,0.0,0.0,0.0,0.0,63,2.718429300292151e+23,0.059,0.0,0.0,0.0,0.0,0.0,0.0,0.0,0,0,0,0.0,0.0,0.0,0.0,0.0,0.0,0.0,0.0,0.0,0.0,0.0,0.0,0.0,0.0,0.0,0.0,0,-107875648.0,63,0.0,126,2.7184242562605685e+23,-0.0,ERR,ERR,ERR,ERR,ERR,ERR,ERR,ERR,ERR,ERR,ERR,ERR,ERR,ERR,ERR,ERR,ERR,ERR,ERR,ERR,ERR,ERR,ERR,ERR,ERR,ERR,ERR,ERR,ERR,ERR,ERR,ERR,ERR,ERR,ERR,ERR,ERR,ERR,ERR,ERR,ERR,ERR,ERR,ERR,ERR,ERR,ERR,ERR,ERR,ERR,ERR,ERR,ERR,ERR,ERR,ERR,ERR,ERR,ERR,ERR,ERR,ERR,ERR,ERR,ERR,ERR,ERR,34.0,80.0,35,0.0,0.0,0.0,0.0,0.0,0.0,0.0,0.0,0.0,0.0,0.0,0.0,0.0,0.0,0.0,0.0,64.4,0,116,56,50,65476,0,300,0,0,8,20529,65476,0,0,57672,80.0,0.0,0.0,0.0,0.0,0.0
2026-06-17T04:16:02,ERR,ERR,ERR,ERR,ERR,ERR,ERR,ERR,ERR,ERR,ERR,ERR,ERR,ERR,ERR,ERR,ERR,ERR,ERR,ERR,ERR,ERR,ERR,ERR,ERR,ERR,ERR,ERR,ERR,ERR,ERR,ERR,ERR,ERR,ERR,ERR,ERR,ERR,ERR,ERR,ERR,ERR,ERR,ERR,ERR,ERR,ERR,ERR,ERR,ERR,ERR,ERR,ERR,ERR,ERR,ERR,ERR,ERR,ERR,ERR,ERR,ERR,ERR,ERR,ERR,ERR,ERR,ERR,ERR,ERR,ERR,ERR,ERR,ERR,ERR,ERR,ERR,ERR,ERR,ERR,ERR,ERR,ERR,ERR,ERR,ERR,ERR,ERR,ERR,ERR,ERR,ERR,ERR,ERR,ERR,ERR,ERR,ERR,ERR,ERR,ERR,ERR,ERR,ERR,ERR,ERR,ERR,ERR,ERR,ERR,ERR,ERR,ERR,ERR,ERR,ERR,ERR,ERR,ERR,ERR,ERR,ERR,ERR,ERR,ERR,0.0,0.0,0.0,0.0,0.0,1.3936040501711995e+18,7.805,0.0,0,0,4,0,7300,-0.0,0,0.0,0.0,0.0,0.0,0.0,0,0,0,0,0.0,0,0,0,0,0,0,0,0,0,0,0,0,0,0,0,0,0,0,0,0,0,0,0,0,0,0,0,0,0,0,0,0,0,32,30,30,62,65476,0,300,0,0,8,21553,0.0,-107605600.0,0.0,0.0,0.0,0.0,0.0,0.0,0.0,0.0,0.0,0.0,0.0,0.0,0.0,0.0,0.0,0.0,0.0,0.0,0.0,0.0,2.004,2.004,-0.0,0.0,0.0,0.0,0.0,0.0,5512.0,-564146907119616.0,6971.0,0.0,0.0,-107615280.0,-107615328.0,0.0,0.0,0.0,0.0,63,2.718429300292151e+23,0.059,0.0,0.0,0.0,0.0,0.0,0.0,0.0,0,0,0,0.0,0.0,0.0,0.0,0.0,0.0,0.0,0.0,0.0,0.0,0.0,0.0,0.0,0.0,0.0,0.0,0,-107875648.0,63,0.0,126,2.7184242562605685e+23,-0.0,ERR,ERR,ERR,ERR,ERR,ERR,ERR,ERR,ERR,ERR,ERR,ERR,ERR,ERR,ERR,ERR,ERR,ERR,ERR,ERR,ERR,ERR,ERR,ERR,ERR,ERR,ERR,ERR,ERR,ERR,ERR,ERR,ERR,ERR,ERR,ERR,ERR,ERR,ERR,ERR,ERR,ERR,ERR,ERR,ERR,ERR,ERR,ERR,ERR,ERR,ERR,ERR,ERR,ERR,ERR,ERR,ERR,ERR,ERR,ERR,ERR,ERR,ERR,ERR,ERR,ERR,ERR,34.0,80.0,35,0.0,0.0,0.0,0.0,0.0,0.0,0.0,0.0,0.0,0.0,0.0,0.0,0.0,0.0,0.0,0.0,64.4,0,116,56,50,65476,0,300,0,0,8,20529,65476,0,0,57672,80.0,0.0,0.0,0.0,0.0,0.0
2026-06-17T04:16:03,ERR,ERR,ERR,ERR,ERR,ERR,ERR,ERR,ERR,ERR,ERR,ERR,ERR,ERR,ERR,ERR,ERR,ERR,ERR,ERR,ERR,ERR,ERR,ERR,ERR,ERR,ERR,ERR,ERR,ERR,ERR,ERR,ERR,ERR,ERR,ERR,ERR,ERR,ERR,ERR,ERR,ERR,ERR,ERR,ERR,ERR,ERR,ERR,ERR,ERR,ERR,ERR,ERR,ERR,ERR,ERR,ERR,ERR,ERR,ERR,ERR,ERR,ERR,ERR,ERR,ERR,ERR,ERR,ERR,ERR,ERR,ERR,ERR,ERR,ERR,ERR,ERR,ERR,ERR,ERR,ERR,ERR,ERR,ERR,ERR,ERR,ERR,ERR,ERR,ERR,ERR,ERR,ERR,ERR,ERR,ERR,ERR,ERR,ERR,ERR,ERR,ERR,ERR,ERR,ERR,ERR,ERR,ERR,ERR,ERR,ERR,ERR,ERR,ERR,ERR,ERR,ERR,ERR,ERR,ERR,ERR,ERR,ERR,ERR,ERR,0.0,0.0,0.0,0.0,0.0,1.3936040501711995e+18,7.805,0.0,0,0,4,0,7300,-0.0,0,0.0,0.0,0.0,0.0,0.0,0,0,0,0,0.0,0,0,0,0,0,0,0,0,0,0,0,0,0,0,0,0,0,0,0,0,0,0,0,0,0,0,0,0,0,0,0,0,0,32,30,30,62,65476,0,300,0,0,8,21553,0.0,-107605600.0,0.0,0.0,0.0,0.0,0.0,0.0,0.0,0.0,0.0,0.0,0.0,0.0,0.0,0.0,0.0,0.0,0.0,0.0,0.0,0.0,2.004,2.004,-0.0,0.0,0.0,0.0,0.0,0.0,5512.0,-564146907119616.0,6971.0,0.0,0.0,-107615280.0,-107615328.0,0.0,0.0,0.0,0.0,63,2.718429300292151e+23,0.059,0.0,0.0,0.0,0.0,0.0,0.0,0.0,0,0,0,0.0,0.0,0.0,0.0,0.0,0.0,0.0,0.0,0.0,0.0,0.0,0.0,0.0,0.0,0.0,0.0,0,-107875648.0,63,0.0,126,2.7184242562605685e+23,-0.0,ERR,ERR,ERR,ERR,ERR,ERR,ERR,ERR,ERR,ERR,ERR,ERR,ERR,ERR,ERR,ERR,ERR,ERR,ERR,ERR,ERR,ERR,ERR,ERR,ERR,ERR,ERR,ERR,ERR,ERR,ERR,ERR,ERR,ERR,ERR,ERR,ERR,ERR,ERR,ERR,ERR,ERR,ERR,ERR,ERR,ERR,ERR,ERR,ERR,ERR,ERR,ERR,ERR,ERR,ERR,ERR,ERR,ERR,ERR,ERR,ERR,ERR,ERR,ERR,ERR,ERR,ERR,34.0,80.0,35,0.0,0.0,0.0,0.0,0.0,0.0,0.0,0.0,0.0,0.0,0.0,0.0,0.0,0.0,0.0,0.0,64.4,0,116,56,50,65476,0,300,0,0,8,20529,65476,0,0,57672,80.0,0.0,0.0,0.0,0.0,0.0
2026-06-17T04:16:04,ERR,ERR,ERR,ERR,ERR,ERR,ERR,ERR,ERR,ERR,ERR,ERR,ERR,ERR,ERR,ERR,ERR,ERR,ERR,ERR,ERR,ERR,ERR,ERR,ERR,ERR,ERR,ERR,ERR,ERR,ERR,ERR,ERR,ERR,ERR,ERR,ERR,ERR,ERR,ERR,ERR,ERR,ERR,ERR,ERR,ERR,ERR,ERR,ERR,ERR,ERR,ERR,ERR,ERR,ERR,ERR,ERR,ERR,ERR,ERR,ERR,ERR,ERR,ERR,ERR,ERR,ERR,ERR,ERR,ERR,ERR,ERR,ERR,ERR,ERR,ERR,ERR,ERR,ERR,ERR,ERR,ERR,ERR,ERR,ERR,ERR,ERR,ERR,ERR,ERR,ERR,ERR,ERR,ERR,ERR,ERR,ERR,ERR,ERR,ERR,ERR,ERR,ERR,ERR,ERR,ERR,ERR,ERR,ERR,ERR,ERR,ERR,ERR,ERR,ERR,ERR,ERR,ERR,ERR,ERR,ERR,ERR,ERR,ERR,ERR,0.0,0.0,0.0,0.0,0.0,1.3936040501711995e+18,7.805,0.0,0,0,4,0,7300,-0.0,0,0.0,0.0,0.0,0.0,0.0,0,0,0,0,0.0,0,0,0,0,0,0,0,0,0,0,0,0,0,0,0,0,0,0,0,0,0,0,0,0,0,0,0,0,0,0,0,0,0,32,30,30,62,65476,0,300,0,0,8,21553,0.0,-107605600.0,0.0,0.0,0.0,0.0,0.0,0.0,0.0,0.0,0.0,0.0,0.0,0.0,0.0,0.0,0.0,0.0,0.0,0.0,0.0,0.0,2.004,2.004,-0.0,0.0,0.0,0.0,0.0,0.0,5512.0,-564146907119616.0,6971.0,0.0,0.0,-107615280.0,-107615328.0,0.0,0.0,0.0,0.0,63,2.718429300292151e+23,0.059,0.0,0.0,0.0,0.0,0.0,0.0,0.0,0,0,0,0.0,0.0,0.0,0.0,0.0,0.0,0.0,0.0,0.0,0.0,0.0,0.0,0.0,0.0,0.0,0.0,0,-107875648.0,63,0.0,126,2.7184242562605685e+23,-0.0,ERR,ERR,ERR,ERR,ERR,ERR,ERR,ERR,ERR,ERR,ERR,ERR,ERR,ERR,ERR,ERR,ERR,ERR,ERR,ERR,ERR,ERR,ERR,ERR,ERR,ERR,ERR,ERR,ERR,ERR,ERR,ERR,ERR,ERR,ERR,ERR,ERR,ERR,ERR,ERR,ERR,ERR,ERR,ERR,ERR,ERR,ERR,ERR,ERR,ERR,ERR,ERR,ERR,ERR,ERR,ERR,ERR,ERR,ERR,ERR,ERR,ERR,ERR,ERR,ERR,ERR,ERR,34.0,80.0,35,0.0,0.0,0.0,0.0,0.0,0.0,0.0,0.0,0.0,0.0,0.0,0.0,0.0,0.0,0.0,0.0,64.4,0,116,56,50,65476,0,300,0,0,8,20529,65476,0,0,57672,80.0,0.0,0.0,0.0,0.0,0.0
2026-06-17T04:16:05,ERR,ERR,ERR,ERR,ERR,ERR,ERR,ERR,ERR,ERR,ERR,ERR,ERR,ERR,ERR,ERR,ERR,ERR,ERR,ERR,ERR,ERR,ERR,ERR,ERR,ERR,ERR,ERR,ERR,ERR,ERR,ERR,ERR,ERR,ERR,ERR,ERR,ERR,ERR,ERR,ERR,ERR,ERR,ERR,ERR,ERR,ERR,ERR,ERR,ERR,ERR,ERR,ERR,ERR,ERR,ERR,ERR,ERR,ERR,ERR,ERR,ERR,ERR,ERR,ERR,ERR,ERR,ERR,ERR,ERR,ERR,ERR,ERR,ERR,ERR,ERR,ERR,ERR,ERR,ERR,ERR,ERR,ERR,ERR,ERR,ERR,ERR,ERR,ERR,ERR,ERR,ERR,ERR,ERR,ERR,ERR,ERR,ERR,ERR,ERR,ERR,ERR,ERR,ERR,ERR,ERR,ERR,ERR,ERR,ERR,ERR,ERR,ERR,ERR,ERR,ERR,ERR,ERR,ERR,ERR,ERR,ERR,ERR,ERR,ERR,0.0,0.0,0.0,0.0,0.0,1.3936040501711995e+18,7.805,0.0,0,0,4,0,7300,-0.0,0,0.0,0.0,0.0,0.0,0.0,0,0,0,0,0.0,0,0,0,0,0,0,0,0,0,0,0,0,0,0,0,0,0,0,0,0,0,0,0,0,0,0,0,0,0,0,0,0,0,32,30,30,62,65476,0,300,0,0,8,21553,0.0,-107605600.0,0.0,0.0,0.0,0.0,0.0,0.0,0.0,0.0,0.0,0.0,0.0,0.0,0.0,0.0,0.0,0.0,0.0,0.0,0.0,0.0,2.004,2.004,-0.0,0.0,0.0,0.0,0.0,0.0,5516.0,2.004,6952.0,0.0,0.0,-107615280.0,-107615328.0,0.0,0.0,0.0,0.0,63,5.848081828453021e+35,5.848063605975643e+35,0.0,0.0,0.0,0.0,0.0,0.0,0.0,0,0,0,0.0,0.0,0.0,0.0,0.0,0.0,0.0,0.0,0.0,0.0,0.0,0.0,0.0,0.0,0.0,0.0,0,-107875648.0,63,0.0,126,2.7184242562605685e+23,-0.0,ERR,ERR,ERR,ERR,ERR,ERR,ERR,ERR,ERR,ERR,ERR,ERR,ERR,ERR,ERR,ERR,ERR,ERR,ERR,ERR,ERR,ERR,ERR,ERR,ERR,ERR,ERR,ERR,ERR,ERR,ERR,ERR,ERR,ERR,ERR,ERR,ERR,ERR,ERR,ERR,ERR,ERR,ERR,ERR,ERR,ERR,ERR,ERR,ERR,ERR,ERR,ERR,ERR,ERR,ERR,ERR,ERR,ERR,ERR,ERR,ERR,ERR,ERR,ERR,ERR,ERR,ERR,34.0,80.0,35,0.0,0.0,0.0,0.0,0.0,0.0,0.0,0.0,0.0,0.0,0.0,0.0,0.0,0.0,0.0,0.0,64.8,0,116,56,50,65476,0,300,0,0,8,20529,65476,0,0,57672,80.0,0.0,0.0,0.0,0.0,0.0
2026-06-17T04:16:06,ERR,ERR,ERR,ERR,ERR,ERR,ERR,ERR,ERR,ERR,ERR,ERR,ERR,ERR,ERR,ERR,ERR,ERR,ERR,ERR,ERR,ERR,ERR,ERR,ERR,ERR,ERR,ERR,ERR,ERR,ERR,ERR,ERR,ERR,ERR,ERR,ERR,ERR,ERR,ERR,ERR,ERR,ERR,ERR,ERR,ERR,ERR,ERR,ERR,ERR,ERR,ERR,ERR,ERR,ERR,ERR,ERR,ERR,ERR,ERR,ERR,ERR,ERR,ERR,ERR,ERR,ERR,ERR,ERR,ERR,ERR,ERR,ERR,ERR,ERR,ERR,ERR,ERR,ERR,ERR,ERR,ERR,ERR,ERR,ERR,ERR,ERR,ERR,ERR,ERR,ERR,ERR,ERR,ERR,ERR,ERR,ERR,ERR,ERR,ERR,ERR,ERR,ERR,ERR,ERR,ERR,ERR,ERR,ERR,ERR,ERR,ERR,ERR,ERR,ERR,ERR,ERR,ERR,ERR,ERR,ERR,ERR,ERR,ERR,ERR,0.0,0.0,0.0,0.0,0.0,1.3936040501711995e+18,7.805,0.0,0,0,4,0,7300,-0.0,0,0.0,0.0,0.0,0.0,0.0,0,0,0,0,0.0,0,0,0,0,0,0,0,0,0,0,0,0,0,0,0,0,0,0,0,0,0,0,0,0,0,0,0,0,0,0,0,0,0,32,30,30,62,65476,0,300,0,0,8,21553,0.0,-107605600.0,0.0,0.0,0.0,0.0,0.0,0.0,0.0,0.0,0.0,0.0,0.0,0.0,0.0,0.0,0.0,0.0,0.0,0.0,0.0,0.0,2.004,2.004,-0.0,0.0,0.0,0.0,0.0,0.0,5516.0,2.004,6952.0,0.0,0.0,-107615280.0,-107615328.0,0.0,0.0,0.0,0.0,63,5.848081828453021e+35,5.848063605975643e+35,0.0,0.0,0.0,0.0,0.0,0.0,0.0,0,0,0,0.0,0.0,0.0,0.0,0.0,0.0,0.0,0.0,0.0,0.0,0.0,0.0,0.0,0.0,0.0,0.0,0,-107875648.0,63,0.0,126,2.7184242562605685e+23,-0.0,ERR,ERR,ERR,ERR,ERR,ERR,ERR,ERR,ERR,ERR,ERR,ERR,ERR,ERR,ERR,ERR,ERR,ERR,ERR,ERR,ERR,ERR,ERR,ERR,ERR,ERR,ERR,ERR,ERR,ERR,ERR,ERR,ERR,ERR,ERR,ERR,ERR,ERR,ERR,ERR,ERR,ERR,ERR,ERR,ERR,ERR,ERR,ERR,ERR,ERR,ERR,ERR,ERR,ERR,ERR,ERR,ERR,ERR,ERR,ERR,ERR,ERR,ERR,ERR,ERR,ERR,ERR,34.0,80.0,35,0.0,0.0,0.0,0.0,0.0,0.0,0.0,0.0,0.0,0.0,0.0,0.0,0.0,0.0,0.0,0.0,64.4,0,116,56,50,65476,0,300,0,0,8,20529,65476,0,0,57672,80.0,0.0,0.0,0.0,0.0,0.0
2026-06-17T04:16:07,ERR,ERR,ERR,ERR,ERR,ERR,ERR,ERR,ERR,ERR,ERR,ERR,ERR,ERR,ERR,ERR,ERR,ERR,ERR,ERR,ERR,ERR,ERR,ERR,ERR,ERR,ERR,ERR,ERR,ERR,ERR,ERR,ERR,ERR,ERR,ERR,ERR,ERR,ERR,ERR,ERR,ERR,ERR,ERR,ERR,ERR,ERR,ERR,ERR,ERR,ERR,ERR,ERR,ERR,ERR,ERR,ERR,ERR,ERR,ERR,ERR,ERR,ERR,ERR,ERR,ERR,ERR,ERR,ERR,ERR,ERR,ERR,ERR,ERR,ERR,ERR,ERR,ERR,ERR,ERR,ERR,ERR,ERR,ERR,ERR,ERR,ERR,ERR,ERR,ERR,ERR,ERR,ERR,ERR,ERR,ERR,ERR,ERR,ERR,ERR,ERR,ERR,ERR,ERR,ERR,ERR,ERR,ERR,ERR,ERR,ERR,ERR,ERR,ERR,ERR,ERR,ERR,ERR,ERR,ERR,ERR,ERR,ERR,ERR,ERR,0.0,0.0,0.0,0.0,0.0,1.3936040501711995e+18,7.805,0.0,0,0,4,0,7300,-0.0,0,0.0,0.0,0.0,0.0,0.0,0,0,0,0,0.0,0,0,0,0,0,0,0,0,0,0,0,0,0,0,0,0,0,0,0,0,0,0,0,0,0,0,0,0,0,0,0,0,0,32,30,30,62,65476,0,300,0,0,8,21553,0.0,-107605600.0,0.0,0.0,0.0,0.0,0.0,0.0,0.0,0.0,0.0,0.0,0.0,0.0,0.0,0.0,0.0,0.0,0.0,0.0,0.0,0.0,2.004,2.004,-0.0,0.0,0.0,0.0,0.0,0.0,5516.0,2.004,6952.0,0.0,0.0,-107615280.0,-107615328.0,0.0,0.0,0.0,0.0,63,5.848081828453021e+35,5.848063605975643e+35,0.0,0.0,0.0,0.0,0.0,0.0,0.0,0,0,0,0.0,0.0,0.0,0.0,0.0,0.0,0.0,0.0,0.0,0.0,0.0,0.0,0.0,0.0,0.0,0.0,0,-107875648.0,63,0.0,126,2.7184242562605685e+23,-0.0,ERR,ERR,ERR,ERR,ERR,ERR,ERR,ERR,ERR,ERR,ERR,ERR,ERR,ERR,ERR,ERR,ERR,ERR,ERR,ERR,ERR,ERR,ERR,ERR,ERR,ERR,ERR,ERR,ERR,ERR,ERR,ERR,ERR,ERR,ERR,ERR,ERR,ERR,ERR,ERR,ERR,ERR,ERR,ERR,ERR,ERR,ERR,ERR,ERR,ERR,ERR,ERR,ERR,ERR,ERR,ERR,ERR,ERR,ERR,ERR,ERR,ERR,ERR,ERR,ERR,ERR,ERR,34.0,80.0,35,0.0,0.0,0.0,0.0,0.0,0.0,0.0,0.0,0.0,0.0,0.0,0.0,0.0,0.0,0.0,0.0,64.4,0,116,56,50,65476,0,300,0,0,8,20529,65476,0,0,57672,80.0,0.0,0.0,0.0,0.0,0.0
2026-06-17T04:16:08,ERR,ERR,ERR,ERR,ERR,ERR,ERR,ERR,ERR,ERR,ERR,ERR,ERR,ERR,ERR,ERR,ERR,ERR,ERR,ERR,ERR,ERR,ERR,ERR,ERR,ERR,ERR,ERR,ERR,ERR,ERR,ERR,ERR,ERR,ERR,ERR,ERR,ERR,ERR,ERR,ERR,ERR,ERR,ERR,ERR,ERR,ERR,ERR,ERR,ERR,ERR,ERR,ERR,ERR,ERR,ERR,ERR,ERR,ERR,ERR,ERR,ERR,ERR,ERR,ERR,ERR,ERR,ERR,ERR,ERR,ERR,ERR,ERR,ERR,ERR,ERR,ERR,ERR,ERR,ERR,ERR,ERR,ERR,ERR,ERR,ERR,ERR,ERR,ERR,ERR,ERR,ERR,ERR,ERR,ERR,ERR,ERR,ERR,ERR,ERR,ERR,ERR,ERR,ERR,ERR,ERR,ERR,ERR,ERR,ERR,ERR,ERR,ERR,ERR,ERR,ERR,ERR,ERR,ERR,ERR,ERR,ERR,ERR,ERR,ERR,0.0,0.0,0.0,0.0,0.0,1.3936040501711995e+18,7.805,0.0,0,0,4,0,7300,-0.0,0,0.0,0.0,0.0,0.0,0.0,0,0,0,0,0.0,0,0,0,0,0,0,0,0,0,0,0,0,0,0,0,0,0,0,0,0,0,0,0,0,0,0,0,0,0,0,0,0,0,32,30,30,62,65476,0,300,0,0,8,21553,0.0,-107605600.0,0.0,0.0,0.0,0.0,0.0,0.0,0.0,0.0,0.0,0.0,0.0,0.0,0.0,0.0,0.0,0.0,0.0,0.0,0.0,0.0,2.004,2.004,-0.0,0.0,0.0,0.0,0.0,0.0,5516.0,2.004,6952.0,0.0,0.0,-107615280.0,-107615328.0,0.0,0.0,0.0,0.0,63,5.848081828453021e+35,5.848063605975643e+35,0.0,0.0,0.0,0.0,0.0,0.0,0.0,0,0,0,0.0,0.0,0.0,0.0,0.0,0.0,0.0,0.0,0.0,0.0,0.0,0.0,0.0,0.0,0.0,0.0,0,-107875648.0,63,0.0,126,2.7184242562605685e+23,-0.0,ERR,ERR,ERR,ERR,ERR,ERR,ERR,ERR,ERR,ERR,ERR,ERR,ERR,ERR,ERR,ERR,ERR,ERR,ERR,ERR,ERR,ERR,ERR,ERR,ERR,ERR,ERR,ERR,ERR,ERR,ERR,ERR,ERR,ERR,ERR,ERR,ERR,ERR,ERR,ERR,ERR,ERR,ERR,ERR,ERR,ERR,ERR,ERR,ERR,ERR,ERR,ERR,ERR,ERR,ERR,ERR,ERR,ERR,ERR,ERR,ERR,ERR,ERR,ERR,ERR,ERR,ERR,34.0,80.0,35,0.0,0.0,0.0,0.0,0.0,0.0,0.0,0.0,0.0,0.0,0.0,0.0,0.0,0.0,0.0,0.0,64.4,0,116,56,50,65476,0,300,0,0,8,20529,65476,0,0,57672,80.0,0.0,0.0,0.0,0.0,0.0
2026-06-17T04:16:09,ERR,ERR,ERR,ERR,ERR,ERR,ERR,ERR,ERR,ERR,ERR,ERR,ERR,ERR,ERR,ERR,ERR,ERR,ERR,ERR,ERR,ERR,ERR,ERR,ERR,ERR,ERR,ERR,ERR,ERR,ERR,ERR,ERR,ERR,ERR,ERR,ERR,ERR,ERR,ERR,ERR,ERR,ERR,ERR,ERR,ERR,ERR,ERR,ERR,ERR,ERR,ERR,ERR,ERR,ERR,ERR,ERR,ERR,ERR,ERR,ERR,ERR,ERR,ERR,ERR,ERR,ERR,ERR,ERR,ERR,ERR,ERR,ERR,ERR,ERR,ERR,ERR,ERR,ERR,ERR,ERR,ERR,ERR,ERR,ERR,ERR,ERR,ERR,ERR,ERR,ERR,ERR,ERR,ERR,ERR,ERR,ERR,ERR,ERR,ERR,ERR,ERR,ERR,ERR,ERR,ERR,ERR,ERR,ERR,ERR,ERR,ERR,ERR,ERR,ERR,ERR,ERR,ERR,ERR,ERR,ERR,ERR,ERR,ERR,ERR,0.0,0.0,0.0,0.0,0.0,1.3936040501711995e+18,7.805,0.0,0,0,4,0,7300,-0.0,0,0.0,0.0,0.0,0.0,0.0,0,0,0,0,0.0,0,0,0,0,0,0,0,0,0,0,0,0,0,0,0,0,0,0,0,0,0,0,0,0,0,0,0,0,0,0,0,0,0,32,30,30,62,65476,0,300,0,0,8,21553,0.0,-107605600.0,0.0,0.0,0.0,0.0,0.0,0.0,0.0,0.0,0.0,0.0,0.0,0.0,0.0,0.0,0.0,0.0,0.0,0.0,0.0,0.0,2.004,2.004,-0.0,0.0,0.0,0.0,0.0,0.0,5516.0,2.004,6952.0,0.0,0.0,-107615280.0,-107615328.0,0.0,0.0,0.0,0.0,63,5.848081828453021e+35,5.848063605975643e+35,0.0,0.0,0.0,0.0,0.0,0.0,0.0,0,0,0,0.0,0.0,0.0,0.0,0.0,0.0,0.0,0.0,0.0,0.0,0.0,0.0,0.0,0.0,0.0,0.0,0,-107875648.0,63,0.0,126,2.7184242562605685e+23,-0.0,ERR,ERR,ERR,ERR,ERR,ERR,ERR,ERR,ERR,ERR,ERR,ERR,ERR,ERR,ERR,ERR,ERR,ERR,ERR,ERR,ERR,ERR,ERR,ERR,ERR,ERR,ERR,ERR,ERR,ERR,ERR,ERR,ERR,ERR,ERR,ERR,ERR,ERR,ERR,ERR,ERR,ERR,ERR,ERR,ERR,ERR,ERR,ERR,ERR,ERR,ERR,ERR,ERR,ERR,ERR,ERR,ERR,ERR,ERR,ERR,ERR,ERR,ERR,ERR,ERR,ERR,ERR,34.0,80.0,35,0.0,0.0,0.0,0.0,0.0,0.0,0.0,0.0,0.0,0.0,0.0,0.0,0.0,0.0,0.0,0.0,64.4,0,116,56,50,65476,0,300,0,0,8,20529,65476,0,0,57672,80.0,0.0,0.0,0.0,0.0,0.0
2026-06-17T04:16:10,ERR,ERR,ERR,ERR,ERR,ERR,ERR,ERR,ERR,ERR,ERR,ERR,ERR,ERR,ERR,ERR,ERR,ERR,ERR,ERR,ERR,ERR,ERR,ERR,ERR,ERR,ERR,ERR,ERR,ERR,ERR,ERR,ERR,ERR,ERR,ERR,ERR,ERR,ERR,ERR,ERR,ERR,ERR,ERR,ERR,ERR,ERR,ERR,ERR,ERR,ERR,ERR,ERR,ERR,ERR,ERR,ERR,ERR,ERR,ERR,ERR,ERR,ERR,ERR,ERR,ERR,ERR,ERR,ERR,ERR,ERR,ERR,ERR,ERR,ERR,ERR,ERR,ERR,ERR,ERR,ERR,ERR,ERR,ERR,ERR,ERR,ERR,ERR,ERR,ERR,ERR,ERR,ERR,ERR,ERR,ERR,ERR,ERR,ERR,ERR,ERR,ERR,ERR,ERR,ERR,ERR,ERR,ERR,ERR,ERR,ERR,ERR,ERR,ERR,ERR,ERR,ERR,ERR,ERR,ERR,ERR,ERR,ERR,ERR,ERR,0.0,0.0,0.0,0.0,0.0,1.3936040501711995e+18,7.805,0.0,0,0,4,0,7300,-0.0,0,0.0,0.0,0.0,0.0,0.0,0,0,0,0,0.0,0,0,0,0,0,0,0,0,0,0,0,0,0,0,0,0,0,0,0,0,0,0,0,0,0,0,0,0,0,0,0,0,0,32,30,30,62,65476,0,300,0,0,8,21553,0.0,-107605600.0,0.0,0.0,0.0,0.0,0.0,0.0,0.0,0.0,0.0,0.0,0.0,0.0,0.0,0.0,0.0,0.0,0.0,0.0,0.0,0.0,2.004,2.004,-0.0,0.0,0.0,0.0,0.0,0.0,5516.0,2.004,6952.0,0.0,0.0,-107615280.0,-107615328.0,0.0,0.0,0.0,0.0,63,5.848081828453021e+35,5.848063605975643e+35,0.0,0.0,0.0,0.0,0.0,0.0,0.0,0,0,0,0.0,0.0,0.0,0.0,0.0,0.0,0.0,0.0,0.0,0.0,0.0,0.0,0.0,0.0,0.0,0.0,0,-107875648.0,63,0.0,126,2.7184242562605685e+23,-0.0,ERR,ERR,ERR,ERR,ERR,ERR,ERR,ERR,ERR,ERR,ERR,ERR,ERR,ERR,ERR,ERR,ERR,ERR,ERR,ERR,ERR,ERR,ERR,ERR,ERR,ERR,ERR,ERR,ERR,ERR,ERR,ERR,ERR,ERR,ERR,ERR,ERR,ERR,ERR,ERR,ERR,ERR,ERR,ERR,ERR,ERR,ERR,ERR,ERR,ERR,ERR,ERR,ERR,ERR,ERR,ERR,ERR,ERR,ERR,ERR,ERR,ERR,ERR,ERR,ERR,ERR,ERR,34.0,80.0,35,0.0,0.0,0.0,0.0,0.0,0.0,0.0,0.0,0.0,0.0,0.0,0.0,0.0,0.0,0.0,0.0,64.4,0,116,56,50,65476,0,300,0,0,8,20529,65476,0,0,57672,80.0,0.0,0.0,0.0,0.0,0.0
2026-06-17T04:16:11,ERR,ERR,ERR,ERR,ERR,ERR,ERR,ERR,ERR,ERR,ERR,ERR,ERR,ERR,ERR,ERR,ERR,ERR,ERR,ERR,ERR,ERR,ERR,ERR,ERR,ERR,ERR,ERR,ERR,ERR,ERR,ERR,ERR,ERR,ERR,ERR,ERR,ERR,ERR,ERR,ERR,ERR,ERR,ERR,ERR,ERR,ERR,ERR,ERR,ERR,ERR,ERR,ERR,ERR,ERR,ERR,ERR,ERR,ERR,ERR,ERR,ERR,ERR,ERR,ERR,ERR,ERR,ERR,ERR,ERR,ERR,ERR,ERR,ERR,ERR,ERR,ERR,ERR,ERR,ERR,ERR,ERR,ERR,ERR,ERR,ERR,ERR,ERR,ERR,ERR,ERR,ERR,ERR,ERR,ERR,ERR,ERR,ERR,ERR,ERR,ERR,ERR,ERR,ERR,ERR,ERR,ERR,ERR,ERR,ERR,ERR,ERR,ERR,ERR,ERR,ERR,ERR,ERR,ERR,ERR,ERR,ERR,ERR,ERR,ERR,0.0,0.0,0.0,0.0,0.0,1.3936040501711995e+18,7.805,0.0,0,0,4,0,7300,-0.0,0,0.0,0.0,0.0,0.0,0.0,0,0,0,0,0.0,0,0,0,0,0,0,0,0,0,0,0,0,0,0,0,0,0,0,0,0,0,0,0,0,0,0,0,0,0,0,0,0,0,32,30,30,62,65476,0,300,0,0,8,21553,0.0,-107605600.0,0.0,0.0,0.0,0.0,0.0,0.0,0.0,0.0,0.0,0.0,0.0,0.0,0.0,0.0,0.0,0.0,0.0,0.0,0.0,0.0,2.004,2.004,-0.0,0.0,0.0,0.0,0.0,0.0,5482.0,-0.0,6965.0,0.0,0.0,-107615280.0,-107615328.0,0.0,0.0,0.0,0.0,63,4.950427050461716e+32,-0.0,0.0,0.0,0.0,0.0,0.0,0.0,0.0,0,0,0,0.0,0.0,0.0,0.0,0.0,0.0,0.0,0.0,0.0,0.0,0.0,0.0,0.0,0.0,0.0,0.0,0,-107875648.0,63,0.0,126,2.7184242562605685e+23,-0.0,ERR,ERR,ERR,ERR,ERR,ERR,ERR,ERR,ERR,ERR,ERR,ERR,ERR,ERR,ERR,ERR,ERR,ERR,ERR,ERR,ERR,ERR,ERR,ERR,ERR,ERR,ERR,ERR,ERR,ERR,ERR,ERR,ERR,ERR,ERR,ERR,ERR,ERR,ERR,ERR,ERR,ERR,ERR,ERR,ERR,ERR,ERR,ERR,ERR,ERR,ERR,ERR,ERR,ERR,ERR,ERR,ERR,ERR,ERR,ERR,ERR,ERR,ERR,ERR,ERR,ERR,ERR,34.0,80.0,35,0.0,0.0,0.0,0.0,0.0,0.0,0.0,0.0,0.0,0.0,0.0,0.0,0.0,0.0,0.0,0.0,64.4,0,116,56,50,65476,0,300,0,0,8,20529,65476,0,0,57672,80.0,0.0,0.0,0.0,0.0,0.0
2026-06-17T04:16:12,ERR,ERR,ERR,ERR,ERR,ERR,ERR,ERR,ERR,ERR,ERR,ERR,ERR,ERR,ERR,ERR,ERR,ERR,ERR,ERR,ERR,ERR,ERR,ERR,ERR,ERR,ERR,ERR,ERR,ERR,ERR,ERR,ERR,ERR,ERR,ERR,ERR,ERR,ERR,ERR,ERR,ERR,ERR,ERR,ERR,ERR,ERR,ERR,ERR,ERR,ERR,ERR,ERR,ERR,ERR,ERR,ERR,ERR,ERR,ERR,ERR,ERR,ERR,ERR,ERR,ERR,ERR,ERR,ERR,ERR,ERR,ERR,ERR,ERR,ERR,ERR,ERR,ERR,ERR,ERR,ERR,ERR,ERR,ERR,ERR,ERR,ERR,ERR,ERR,ERR,ERR,ERR,ERR,ERR,ERR,ERR,ERR,ERR,ERR,ERR,ERR,ERR,ERR,ERR,ERR,ERR,ERR,ERR,ERR,ERR,ERR,ERR,ERR,ERR,ERR,ERR,ERR,ERR,ERR,ERR,ERR,ERR,ERR,ERR,ERR,0.0,0.0,0.0,0.0,0.0,1.3936040501711995e+18,7.805,0.0,0,0,4,0,7300,-0.0,0,0.0,0.0,0.0,0.0,0.0,0,0,0,0,0.0,0,0,0,0,0,0,0,0,0,0,0,0,0,0,0,0,0,0,0,0,0,0,0,0,0,0,0,0,0,0,0,0,0,32,30,30,62,65476,0,300,0,0,8,21553,0.0,-107605600.0,0.0,0.0,0.0,0.0,0.0,0.0,0.0,0.0,0.0,0.0,0.0,0.0,0.0,0.0,0.0,0.0,0.0,0.0,0.0,0.0,2.004,2.004,-0.0,0.0,0.0,0.0,0.0,0.0,5482.0,-0.0,6965.0,0.0,0.0,-107615280.0,-107615328.0,0.0,0.0,0.0,0.0,63,4.950427050461716e+32,-0.0,0.0,0.0,0.0,0.0,0.0,0.0,0.0,0,0,0,0.0,0.0,0.0,0.0,0.0,0.0,0.0,0.0,0.0,0.0,0.0,0.0,0.0,0.0,0.0,0.0,0,-107875648.0,63,0.0,126,2.7184242562605685e+23,-0.0,ERR,ERR,ERR,ERR,ERR,ERR,ERR,ERR,ERR,ERR,ERR,ERR,ERR,ERR,ERR,ERR,ERR,ERR,ERR,ERR,ERR,ERR,ERR,ERR,ERR,ERR,ERR,ERR,ERR,ERR,ERR,ERR,ERR,ERR,ERR,ERR,ERR,ERR,ERR,ERR,ERR,ERR,ERR,ERR,ERR,ERR,ERR,ERR,ERR,ERR,ERR,ERR,ERR,ERR,ERR,ERR,ERR,ERR,ERR,ERR,ERR,ERR,ERR,ERR,ERR,ERR,ERR,34.0,80.0,35,0.0,0.0,0.0,0.0,0.0,0.0,0.0,0.0,0.0,0.0,0.0,0.0,0.0,0.0,0.0,0.0,64.4,0,116,56,50,65476,0,300,0,0,8,20529,65476,0,0,57672,80.0,0.0,0.0,0.0,0.0,0.0
2026-06-17T04:16:13,ERR,ERR,ERR,ERR,ERR,ERR,ERR,ERR,ERR,ERR,ERR,ERR,ERR,ERR,ERR,ERR,ERR,ERR,ERR,ERR,ERR,ERR,ERR,ERR,ERR,ERR,ERR,ERR,ERR,ERR,ERR,ERR,ERR,ERR,ERR,ERR,ERR,ERR,ERR,ERR,ERR,ERR,ERR,ERR,ERR,ERR,ERR,ERR,ERR,ERR,ERR,ERR,ERR,ERR,ERR,ERR,ERR,ERR,ERR,ERR,ERR,ERR,ERR,ERR,ERR,ERR,ERR,ERR,ERR,ERR,ERR,ERR,ERR,ERR,ERR,ERR,ERR,ERR,ERR,ERR,ERR,ERR,ERR,ERR,ERR,ERR,ERR,ERR,ERR,ERR,ERR,ERR,ERR,ERR,ERR,ERR,ERR,ERR,ERR,ERR,ERR,ERR,ERR,ERR,ERR,ERR,ERR,ERR,ERR,ERR,ERR,ERR,ERR,ERR,ERR,ERR,ERR,ERR,ERR,ERR,ERR,ERR,ERR,ERR,ERR,0.0,0.0,0.0,0.0,0.0,1.3936040501711995e+18,7.805,0.0,0,0,4,0,7300,-0.0,0,0.0,0.0,0.0,0.0,0.0,0,0,0,0,0.0,0,0,0,0,0,0,0,0,0,0,0,0,0,0,0,0,0,0,0,0,0,0,0,0,0,0,0,0,0,0,0,0,0,32,30,30,62,65476,0,300,0,0,8,21553,0.0,-107605600.0,0.0,0.0,0.0,0.0,0.0,0.0,0.0,0.0,0.0,0.0,0.0,0.0,0.0,0.0,0.0,0.0,0.0,0.0,0.0,0.0,2.004,2.004,-0.0,0.0,0.0,0.0,0.0,0.0,5482.0,-0.0,6965.0,0.0,0.0,-107615280.0,-107615328.0,0.0,0.0,0.0,0.0,63,4.950427050461716e+32,-0.0,0.0,0.0,0.0,0.0,0.0,0.0,0.0,0,0,0,0.0,0.0,0.0,0.0,0.0,0.0,0.0,0.0,0.0,0.0,0.0,0.0,0.0,0.0,0.0,0.0,0,-107875648.0,63,0.0,126,2.7184242562605685e+23,-0.0,ERR,ERR,ERR,ERR,ERR,ERR,ERR,ERR,ERR,ERR,ERR,ERR,ERR,ERR,ERR,ERR,ERR,ERR,ERR,ERR,ERR,ERR,ERR,ERR,ERR,ERR,ERR,ERR,ERR,ERR,ERR,ERR,ERR,ERR,ERR,ERR,ERR,ERR,ERR,ERR,ERR,ERR,ERR,ERR,ERR,ERR,ERR,ERR,ERR,ERR,ERR,ERR,ERR,ERR,ERR,ERR,ERR,ERR,ERR,ERR,ERR,ERR,ERR,ERR,ERR,ERR,ERR,34.0,80.0,35,0.0,0.0,0.0,0.0,0.0,0.0,0.0,0.0,0.0,0.0,0.0,0.0,0.0,0.0,0.0,0.0,64.4,0,116,56,50,65476,0,300,0,0,8,20529,65476,0,0,57672,80.0,0.0,0.0,0.0,0.0,0.0
2026-06-17T04:16:14,ERR,ERR,ERR,ERR,ERR,ERR,ERR,ERR,ERR,ERR,ERR,ERR,ERR,ERR,ERR,ERR,ERR,ERR,ERR,ERR,ERR,ERR,ERR,ERR,ERR,ERR,ERR,ERR,ERR,ERR,ERR,ERR,ERR,ERR,ERR,ERR,ERR,ERR,ERR,ERR,ERR,ERR,ERR,ERR,ERR,ERR,ERR,ERR,ERR,ERR,ERR,ERR,ERR,ERR,ERR,ERR,ERR,ERR,ERR,ERR,ERR,ERR,ERR,ERR,ERR,ERR,ERR,ERR,ERR,ERR,ERR,ERR,ERR,ERR,ERR,ERR,ERR,ERR,ERR,ERR,ERR,ERR,ERR,ERR,ERR,ERR,ERR,ERR,ERR,ERR,ERR,ERR,ERR,ERR,ERR,ERR,ERR,ERR,ERR,ERR,ERR,ERR,ERR,ERR,ERR,ERR,ERR,ERR,ERR,ERR,ERR,ERR,ERR,ERR,ERR,ERR,ERR,ERR,ERR,ERR,ERR,ERR,ERR,ERR,ERR,0.0,0.0,0.0,0.0,0.0,1.3936040501711995e+18,7.805,0.0,0,0,4,0,7300,-0.0,0,0.0,0.0,0.0,0.0,0.0,0,0,0,0,0.0,0,0,0,0,0,0,0,0,0,0,0,0,0,0,0,0,0,0,0,0,0,0,0,0,0,0,0,0,0,0,0,0,0,32,30,30,62,65476,0,300,0,0,8,21553,0.0,-107605600.0,0.0,0.0,0.0,0.0,0.0,0.0,0.0,0.0,0.0,0.0,0.0,0.0,0.0,0.0,0.0,0.0,0.0,0.0,0.0,0.0,2.004,2.004,-0.0,0.0,0.0,0.0,0.0,0.0,5482.0,-0.0,6965.0,0.0,0.0,-107615280.0,-107615328.0,0.0,0.0,0.0,0.0,63,4.950427050461716e+32,-0.0,0.0,0.0,0.0,0.0,0.0,0.0,0.0,0,0,0,0.0,0.0,0.0,0.0,0.0,0.0,0.0,0.0,0.0,0.0,0.0,0.0,0.0,0.0,0.0,0.0,0,-107875648.0,63,0.0,126,2.7184242562605685e+23,-0.0,ERR,ERR,ERR,ERR,ERR,ERR,ERR,ERR,ERR,ERR,ERR,ERR,ERR,ERR,ERR,ERR,ERR,ERR,ERR,ERR,ERR,ERR,ERR,ERR,ERR,ERR,ERR,ERR,ERR,ERR,ERR,ERR,ERR,ERR,ERR,ERR,ERR,ERR,ERR,ERR,ERR,ERR,ERR,ERR,ERR,ERR,ERR,ERR,ERR,ERR,ERR,ERR,ERR,ERR,ERR,ERR,ERR,ERR,ERR,ERR,ERR,ERR,ERR,ERR,ERR,ERR,ERR,34.0,80.0,35,0.0,0.0,0.0,0.0,0.0,0.0,0.0,0.0,0.0,0.0,0.0,0.0,0.0,0.0,0.0,0.0,64.4,0,116,56,50,65476,0,300,0,0,8,20529,65476,0,0,57672,80.0,0.0,0.0,0.0,0.0,0.0
2026-06-17T04:16:15,ERR,ERR,ERR,ERR,ERR,ERR,ERR,ERR,ERR,ERR,ERR,ERR,ERR,ERR,ERR,ERR,ERR,ERR,ERR,ERR,ERR,ERR,ERR,ERR,ERR,ERR,ERR,ERR,ERR,ERR,ERR,ERR,ERR,ERR,ERR,ERR,ERR,ERR,ERR,ERR,ERR,ERR,ERR,ERR,ERR,ERR,ERR,ERR,ERR,ERR,ERR,ERR,ERR,ERR,ERR,ERR,ERR,ERR,ERR,ERR,ERR,ERR,ERR,ERR,ERR,ERR,ERR,ERR,ERR,ERR,ERR,ERR,ERR,ERR,ERR,ERR,ERR,ERR,ERR,ERR,ERR,ERR,ERR,ERR,ERR,ERR,ERR,ERR,ERR,ERR,ERR,ERR,ERR,ERR,ERR,ERR,ERR,ERR,ERR,ERR,ERR,ERR,ERR,ERR,ERR,ERR,ERR,ERR,ERR,ERR,ERR,ERR,ERR,ERR,ERR,ERR,ERR,ERR,ERR,ERR,ERR,ERR,ERR,ERR,ERR,0.0,0.0,0.0,0.0,0.0,1.3936040501711995e+18,7.805,0.0,0,0,4,0,7300,-0.0,0,0.0,0.0,0.0,0.0,0.0,0,0,0,0,0.0,0,0,0,0,0,0,0,0,0,0,0,0,0,0,0,0,0,0,0,0,0,0,0,0,0,0,0,0,0,0,0,0,0,32,30,30,62,65476,0,300,0,0,8,21553,0.0,-107605600.0,0.0,0.0,0.0,0.0,0.0,0.0,0.0,0.0,0.0,0.0,0.0,0.0,0.0,0.0,0.0,0.0,0.0,0.0,0.0,0.0,2.004,2.004,-0.0,0.0,0.0,0.0,0.0,0.0,5482.0,-0.0,6965.0,0.0,0.0,-107615280.0,-107615328.0,0.0,0.0,0.0,0.0,63,4.950427050461716e+32,-0.0,0.0,0.0,0.0,0.0,0.0,0.0,0.0,0,0,0,0.0,0.0,0.0,0.0,0.0,0.0,0.0,0.0,0.0,0.0,0.0,0.0,0.0,0.0,0.0,0.0,0,-107875648.0,63,0.0,126,2.7184242562605685e+23,-0.0,ERR,ERR,ERR,ERR,ERR,ERR,ERR,ERR,ERR,ERR,ERR,ERR,ERR,ERR,ERR,ERR,ERR,ERR,ERR,ERR,ERR,ERR,ERR,ERR,ERR,ERR,ERR,ERR,ERR,ERR,ERR,ERR,ERR,ERR,ERR,ERR,ERR,ERR,ERR,ERR,ERR,ERR,ERR,ERR,ERR,ERR,ERR,ERR,ERR,ERR,ERR,ERR,ERR,ERR,ERR,ERR,ERR,ERR,ERR,ERR,ERR,ERR,ERR,ERR,ERR,ERR,ERR,34.0,80.0,35,0.0,0.0,0.0,0.0,0.0,0.0,0.0,0.0,0.0,0.0,0.0,0.0,0.0,0.0,0.0,0.0,64.8,0,116,56,50,65476,0,300,0,0,8,20529,65476,0,0,57672,80.0,0.0,0.0,0.0,0.0,0.0
2026-06-17T04:16:16,ERR,ERR,ERR,ERR,ERR,ERR,ERR,ERR,ERR,ERR,ERR,ERR,ERR,ERR,ERR,ERR,ERR,ERR,ERR,ERR,ERR,ERR,ERR,ERR,ERR,ERR,ERR,ERR,ERR,ERR,ERR,ERR,ERR,ERR,ERR,ERR,ERR,ERR,ERR,ERR,ERR,ERR,ERR,ERR,ERR,ERR,ERR,ERR,ERR,ERR,ERR,ERR,ERR,ERR,ERR,ERR,ERR,ERR,ERR,ERR,ERR,ERR,ERR,ERR,ERR,ERR,ERR,ERR,ERR,ERR,ERR,ERR,ERR,ERR,ERR,ERR,ERR,ERR,ERR,ERR,ERR,ERR,ERR,ERR,ERR,ERR,ERR,ERR,ERR,ERR,ERR,ERR,ERR,ERR,ERR,ERR,ERR,ERR,ERR,ERR,ERR,ERR,ERR,ERR,ERR,ERR,ERR,ERR,ERR,ERR,ERR,ERR,ERR,ERR,ERR,ERR,ERR,ERR,ERR,ERR,ERR,ERR,ERR,ERR,ERR,0.0,0.0,0.0,0.0,0.0,1.3936040501711995e+18,7.805,0.0,0,0,4,0,7300,-0.0,0,0.0,0.0,0.0,0.0,0.0,0,0,0,0,0.0,0,0,0,0,0,0,0,0,0,0,0,0,0,0,0,0,0,0,0,0,0,0,0,0,0,0,0,0,0,0,0,0,0,32,30,30,62,65476,0,300,0,0,8,21553,0.0,-107605600.0,0.0,0.0,0.0,0.0,0.0,0.0,0.0,0.0,0.0,0.0,0.0,0.0,0.0,0.0,0.0,0.0,0.0,0.0,0.0,0.0,2.004,2.004,-0.0,0.0,0.0,0.0,0.0,0.0,5484.0,0.0,6951.0,0.0,0.0,-107615280.0,-107615328.0,0.0,0.0,0.0,0.0,63,5.848081828453021e+35,0.0,0.0,0.0,0.0,0.0,0.0,0.0,0.0,0,0,0,0.0,0.0,0.0,0.0,0.0,0.0,0.0,0.0,0.0,0.0,0.0,0.0,0.0,0.0,0.0,0.0,0,-107875648.0,63,0.0,126,2.7184242562605685e+23,-0.0,ERR,ERR,ERR,ERR,ERR,ERR,ERR,ERR,ERR,ERR,ERR,ERR,ERR,ERR,ERR,ERR,ERR,ERR,ERR,ERR,ERR,ERR,ERR,ERR,ERR,ERR,ERR,ERR,ERR,ERR,ERR,ERR,ERR,ERR,ERR,ERR,ERR,ERR,ERR,ERR,ERR,ERR,ERR,ERR,ERR,ERR,ERR,ERR,ERR,ERR,ERR,ERR,ERR,ERR,ERR,ERR,ERR,ERR,ERR,ERR,ERR,ERR,ERR,ERR,ERR,ERR,ERR,34.0,80.0,35,0.0,0.0,0.0,0.0,0.0,0.0,0.0,0.0,0.0,0.0,0.0,0.0,0.0,0.0,0.0,0.0,64.8,0,116,56,50,65476,0,300,0,0,8,20529,65476,0,0,57672,80.0,0.0,0.0,0.0,0.0,0.0
2026-06-17T04:16:17,ERR,ERR,ERR,ERR,ERR,ERR,ERR,ERR,ERR,ERR,ERR,ERR,ERR,ERR,ERR,ERR,ERR,ERR,ERR,ERR,ERR,ERR,ERR,ERR,ERR,ERR,ERR,ERR,ERR,ERR,ERR,ERR,ERR,ERR,ERR,ERR,ERR,ERR,ERR,ERR,ERR,ERR,ERR,ERR,ERR,ERR,ERR,ERR,ERR,ERR,ERR,ERR,ERR,ERR,ERR,ERR,ERR,ERR,ERR,ERR,ERR,ERR,ERR,ERR,ERR,ERR,ERR,ERR,ERR,ERR,ERR,ERR,ERR,ERR,ERR,ERR,ERR,ERR,ERR,ERR,ERR,ERR,ERR,ERR,ERR,ERR,ERR,ERR,ERR,ERR,ERR,ERR,ERR,ERR,ERR,ERR,ERR,ERR,ERR,ERR,ERR,ERR,ERR,ERR,ERR,ERR,ERR,ERR,ERR,ERR,ERR,ERR,ERR,ERR,ERR,ERR,ERR,ERR,ERR,ERR,ERR,ERR,ERR,ERR,ERR,0.0,0.0,0.0,0.0,0.0,1.3936040501711995e+18,7.805,0.0,0,0,4,0,7300,-0.0,0,0.0,0.0,0.0,0.0,0.0,0,0,0,0,0.0,0,0,0,0,0,0,0,0,0,0,0,0,0,0,0,0,0,0,0,0,0,0,0,0,0,0,0,0,0,0,0,0,0,32,30,30,62,65476,0,300,0,0,8,21553,0.0,-107605600.0,0.0,0.0,0.0,0.0,0.0,0.0,0.0,0.0,0.0,0.0,0.0,0.0,0.0,0.0,0.0,0.0,0.0,0.0,0.0,0.0,2.004,2.004,-0.0,0.0,0.0,0.0,0.0,0.0,5484.0,0.0,6951.0,0.0,0.0,-107615280.0,-107615328.0,0.0,0.0,0.0,0.0,63,5.848081828453021e+35,0.0,0.0,0.0,0.0,0.0,0.0,0.0,0.0,0,0,0,0.0,0.0,0.0,0.0,0.0,0.0,0.0,0.0,0.0,0.0,0.0,0.0,0.0,0.0,0.0,0.0,0,-107875648.0,63,0.0,126,2.7184242562605685e+23,-0.0,ERR,ERR,ERR,ERR,ERR,ERR,ERR,ERR,ERR,ERR,ERR,ERR,ERR,ERR,ERR,ERR,ERR,ERR,ERR,ERR,ERR,ERR,ERR,ERR,ERR,ERR,ERR,ERR,ERR,ERR,ERR,ERR,ERR,ERR,ERR,ERR,ERR,ERR,ERR,ERR,ERR,ERR,ERR,ERR,ERR,ERR,ERR,ERR,ERR,ERR,ERR,ERR,ERR,ERR,ERR,ERR,ERR,ERR,ERR,ERR,ERR,ERR,ERR,ERR,ERR,ERR,ERR,34.0,80.0,35,0.0,0.0,0.0,0.0,0.0,0.0,0.0,0.0,0.0,0.0,0.0,0.0,0.0,0.0,0.0,0.0,64.4,0,116,56,50,65476,0,300,0,0,8,20529,65476,0,0,57672,80.0,0.0,0.0,0.0,0.0,0.0
2026-06-17T04:16:18,ERR,ERR,ERR,ERR,ERR,ERR,ERR,ERR,ERR,ERR,ERR,ERR,ERR,ERR,ERR,ERR,ERR,ERR,ERR,ERR,ERR,ERR,ERR,ERR,ERR,ERR,ERR,ERR,ERR,ERR,ERR,ERR,ERR,ERR,ERR,ERR,ERR,ERR,ERR,ERR,ERR,ERR,ERR,ERR,ERR,ERR,ERR,ERR,ERR,ERR,ERR,ERR,ERR,ERR,ERR,ERR,ERR,ERR,ERR,ERR,ERR,ERR,ERR,ERR,ERR,ERR,ERR,ERR,ERR,ERR,ERR,ERR,ERR,ERR,ERR,ERR,ERR,ERR,ERR,ERR,ERR,ERR,ERR,ERR,ERR,ERR,ERR,ERR,ERR,ERR,ERR,ERR,ERR,ERR,ERR,ERR,ERR,ERR,ERR,ERR,ERR,ERR,ERR,ERR,ERR,ERR,ERR,ERR,ERR,ERR,ERR,ERR,ERR,ERR,ERR,ERR,ERR,ERR,ERR,ERR,ERR,ERR,ERR,ERR,ERR,0.0,0.0,0.0,0.0,0.0,1.3936040501711995e+18,7.805,0.0,0,0,4,0,7300,-0.0,0,0.0,0.0,0.0,0.0,0.0,0,0,0,0,0.0,0,0,0,0,0,0,0,0,0,0,0,0,0,0,0,0,0,0,0,0,0,0,0,0,0,0,0,0,0,0,0,0,0,32,30,30,62,65476,0,300,0,0,8,21553,0.0,-107605600.0,0.0,0.0,0.0,0.0,0.0,0.0,0.0,0.0,0.0,0.0,0.0,0.0,0.0,0.0,0.0,0.0,0.0,0.0,0.0,0.0,2.004,2.004,-0.0,0.0,0.0,0.0,0.0,0.0,5484.0,0.0,6951.0,0.0,0.0,-107615280.0,-107615328.0,0.0,0.0,0.0,0.0,63,5.848081828453021e+35,0.0,0.0,0.0,0.0,0.0,0.0,0.0,0.0,0,0,0,0.0,0.0,0.0,0.0,0.0,0.0,0.0,0.0,0.0,0.0,0.0,0.0,0.0,0.0,0.0,0.0,0,-107875648.0,63,0.0,126,2.7184242562605685e+23,-0.0,ERR,ERR,ERR,ERR,ERR,ERR,ERR,ERR,ERR,ERR,ERR,ERR,ERR,ERR,ERR,ERR,ERR,ERR,ERR,ERR,ERR,ERR,ERR,ERR,ERR,ERR,ERR,ERR,ERR,ERR,ERR,ERR,ERR,ERR,ERR,ERR,ERR,ERR,ERR,ERR,ERR,ERR,ERR,ERR,ERR,ERR,ERR,ERR,ERR,ERR,ERR,ERR,ERR,ERR,ERR,ERR,ERR,ERR,ERR,ERR,ERR,ERR,ERR,ERR,ERR,ERR,ERR,34.0,80.0,35,0.0,0.0,0.0,0.0,0.0,0.0,0.0,0.0,0.0,0.0,0.0,0.0,0.0,0.0,0.0,0.0,64.4,0,116,56,50,65476,0,300,0,0,8,20529,65476,0,0,57672,80.0,0.0,0.0,0.0,0.0,0.0
2026-06-17T04:16:19,ERR,ERR,ERR,ERR,ERR,ERR,ERR,ERR,ERR,ERR,ERR,ERR,ERR,ERR,ERR,ERR,ERR,ERR,ERR,ERR,ERR,ERR,ERR,ERR,ERR,ERR,ERR,ERR,ERR,ERR,ERR,ERR,ERR,ERR,ERR,ERR,ERR,ERR,ERR,ERR,ERR,ERR,ERR,ERR,ERR,ERR,ERR,ERR,ERR,ERR,ERR,ERR,ERR,ERR,ERR,ERR,ERR,ERR,ERR,ERR,ERR,ERR,ERR,ERR,ERR,ERR,ERR,ERR,ERR,ERR,ERR,ERR,ERR,ERR,ERR,ERR,ERR,ERR,ERR,ERR,ERR,ERR,ERR,ERR,ERR,ERR,ERR,ERR,ERR,ERR,ERR,ERR,ERR,ERR,ERR,ERR,ERR,ERR,ERR,ERR,ERR,ERR,ERR,ERR,ERR,ERR,ERR,ERR,ERR,ERR,ERR,ERR,ERR,ERR,ERR,ERR,ERR,ERR,ERR,ERR,ERR,ERR,ERR,ERR,ERR,0.0,0.0,0.0,0.0,0.0,1.3936040501711995e+18,7.805,0.0,0,0,4,0,7300,-0.0,0,0.0,0.0,0.0,0.0,0.0,0,0,0,0,0.0,0,0,0,0,0,0,0,0,0,0,0,0,0,0,0,0,0,0,0,0,0,0,0,0,0,0,0,0,0,0,0,0,0,32,30,30,62,65476,0,300,0,0,8,21553,0.0,-107605600.0,0.0,0.0,0.0,0.0,0.0,0.0,0.0,0.0,0.0,0.0,0.0,0.0,0.0,0.0,0.0,0.0,0.0,0.0,0.0,0.0,2.004,2.004,-0.0,0.0,0.0,0.0,0.0,0.0,5484.0,0.0,6951.0,0.0,0.0,-107615280.0,-107615328.0,0.0,0.0,0.0,0.0,63,5.848081828453021e+35,0.0,0.0,0.0,0.0,0.0,0.0,0.0,0.0,0,0,0,0.0,0.0,0.0,0.0,0.0,0.0,0.0,0.0,0.0,0.0,0.0,0.0,0.0,0.0,0.0,0.0,0,-107875648.0,63,0.0,126,2.7184242562605685e+23,-0.0,ERR,ERR,ERR,ERR,ERR,ERR,ERR,ERR,ERR,ERR,ERR,ERR,ERR,ERR,ERR,ERR,ERR,ERR,ERR,ERR,ERR,ERR,ERR,ERR,ERR,ERR,ERR,ERR,ERR,ERR,ERR,ERR,ERR,ERR,ERR,ERR,ERR,ERR,ERR,ERR,ERR,ERR,ERR,ERR,ERR,ERR,ERR,ERR,ERR,ERR,ERR,ERR,ERR,ERR,ERR,ERR,ERR,ERR,ERR,ERR,ERR,ERR,ERR,ERR,ERR,ERR,ERR,34.0,80.0,35,0.0,0.0,0.0,0.0,0.0,0.0,0.0,0.0,0.0,0.0,0.0,0.0,0.0,0.0,0.0,0.0,64.4,0,116,56,50,65476,0,300,0,0,8,20529,65476,0,0,57672,80.0,0.0,0.0,0.0,0.0,0.0
2026-06-17T04:16:20,ERR,ERR,ERR,ERR,ERR,ERR,ERR,ERR,ERR,ERR,ERR,ERR,ERR,ERR,ERR,ERR,ERR,ERR,ERR,ERR,ERR,ERR,ERR,ERR,ERR,ERR,ERR,ERR,ERR,ERR,ERR,ERR,ERR,ERR,ERR,ERR,ERR,ERR,ERR,ERR,ERR,ERR,ERR,ERR,ERR,ERR,ERR,ERR,ERR,ERR,ERR,ERR,ERR,ERR,ERR,ERR,ERR,ERR,ERR,ERR,ERR,ERR,ERR,ERR,ERR,ERR,ERR,ERR,ERR,ERR,ERR,ERR,ERR,ERR,ERR,ERR,ERR,ERR,ERR,ERR,ERR,ERR,ERR,ERR,ERR,ERR,ERR,ERR,ERR,ERR,ERR,ERR,ERR,ERR,ERR,ERR,ERR,ERR,ERR,ERR,ERR,ERR,ERR,ERR,ERR,ERR,ERR,ERR,ERR,ERR,ERR,ERR,ERR,ERR,ERR,ERR,ERR,ERR,ERR,ERR,ERR,ERR,ERR,ERR,ERR,0.0,0.0,0.0,0.0,0.0,1.3936040501711995e+18,7.805,0.0,0,0,4,0,7300,-0.0,0,0.0,0.0,0.0,0.0,0.0,0,0,0,0,0.0,0,0,0,0,0,0,0,0,0,0,0,0,0,0,0,0,0,0,0,0,0,0,0,0,0,0,0,0,0,0,0,0,0,32,30,30,62,65476,0,300,0,0,8,21553,0.0,-107605600.0,0.0,0.0,0.0,0.0,0.0,0.0,0.0,0.0,0.0,0.0,0.0,0.0,0.0,0.0,0.0,0.0,0.0,0.0,0.0,0.0,2.004,2.004,-0.0,0.0,0.0,0.0,0.0,0.0,5484.0,0.0,6951.0,0.0,0.0,-107615280.0,-107615328.0,0.0,0.0,0.0,0.0,63,5.848081828453021e+35,0.0,0.0,0.0,0.0,0.0,0.0,0.0,0.0,0,0,0,0.0,0.0,0.0,0.0,0.0,0.0,0.0,0.0,0.0,0.0,0.0,0.0,0.0,0.0,0.0,0.0,0,-107875648.0,63,0.0,126,2.7184242562605685e+23,-0.0,ERR,ERR,ERR,ERR,ERR,ERR,ERR,ERR,ERR,ERR,ERR,ERR,ERR,ERR,ERR,ERR,ERR,ERR,ERR,ERR,ERR,ERR,ERR,ERR,ERR,ERR,ERR,ERR,ERR,ERR,ERR,ERR,ERR,ERR,ERR,ERR,ERR,ERR,ERR,ERR,ERR,ERR,ERR,ERR,ERR,ERR,ERR,ERR,ERR,ERR,ERR,ERR,ERR,ERR,ERR,ERR,ERR,ERR,ERR,ERR,ERR,ERR,ERR,ERR,ERR,ERR,ERR,34.0,80.0,35,0.0,0.0,0.0,0.0,0.0,0.0,0.0,0.0,0.0,0.0,0.0,0.0,0.0,0.0,0.0,0.0,64.4,0,116,56,50,65476,0,300,0,0,8,20529,65476,0,0,57672,80.0,0.0,0.0,0.0,0.0,0.0
2026-06-17T04:16:21,ERR,ERR,ERR,ERR,ERR,ERR,ERR,ERR,ERR,ERR,ERR,ERR,ERR,ERR,ERR,ERR,ERR,ERR,ERR,ERR,ERR,ERR,ERR,ERR,ERR,ERR,ERR,ERR,ERR,ERR,ERR,ERR,ERR,ERR,ERR,ERR,ERR,ERR,ERR,ERR,ERR,ERR,ERR,ERR,ERR,ERR,ERR,ERR,ERR,ERR,ERR,ERR,ERR,ERR,ERR,ERR,ERR,ERR,ERR,ERR,ERR,ERR,ERR,ERR,ERR,ERR,ERR,ERR,ERR,ERR,ERR,ERR,ERR,ERR,ERR,ERR,ERR,ERR,ERR,ERR,ERR,ERR,ERR,ERR,ERR,ERR,ERR,ERR,ERR,ERR,ERR,ERR,ERR,ERR,ERR,ERR,ERR,ERR,ERR,ERR,ERR,ERR,ERR,ERR,ERR,ERR,ERR,ERR,ERR,ERR,ERR,ERR,ERR,ERR,ERR,ERR,ERR,ERR,ERR,ERR,ERR,ERR,ERR,ERR,ERR,0.0,0.0,0.0,0.0,0.0,1.3936040501711995e+18,7.805,0.0,0,0,4,0,7300,-0.0,0,0.0,0.0,0.0,0.0,0.0,0,0,0,0,0.0,0,0,0,0,0,0,0,0,0,0,0,0,0,0,0,0,0,0,0,0,0,0,0,0,0,0,0,0,0,0,0,0,0,32,30,30,62,65476,0,300,0,0,8,21553,0.0,-107605600.0,0.0,0.0,0.0,0.0,0.0,0.0,0.0,0.0,0.0,0.0,0.0,0.0,0.0,0.0,0.0,0.0,0.0,0.0,0.0,0.0,2.004,2.004,-0.0,0.0,0.0,0.0,0.0,0.0,5454.0,-8608196608.0,6970.0,0.0,0.0,-107615280.0,-107615328.0,0.0,0.0,0.0,0.0,63,-0.0,-0.0,0.0,0.0,0.0,0.0,0.0,0.0,0.0,0,0,0,0.0,0.0,0.0,0.0,0.0,0.0,0.0,0.0,0.0,0.0,0.0,0.0,0.0,0.0,0.0,0.0,0,-107875648.0,63,0.0,126,2.7184242562605685e+23,-0.0,ERR,ERR,ERR,ERR,ERR,ERR,ERR,ERR,ERR,ERR,ERR,ERR,ERR,ERR,ERR,ERR,ERR,ERR,ERR,ERR,ERR,ERR,ERR,ERR,ERR,ERR,ERR,ERR,ERR,ERR,ERR,ERR,ERR,ERR,ERR,ERR,ERR,ERR,ERR,ERR,ERR,ERR,ERR,ERR,ERR,ERR,ERR,ERR,ERR,ERR,ERR,ERR,ERR,ERR,ERR,ERR,ERR,ERR,ERR,ERR,ERR,ERR,ERR,ERR,ERR,ERR,ERR,34.0,80.0,35,0.0,0.0,0.0,0.0,0.0,0.0,0.0,0.0,0.0,0.0,0.0,0.0,0.0,0.0,0.0,0.0,64.4,0,116,56,50,65476,0,300,0,0,8,20529,65476,0,0,57672,80.0,0.0,0.0,0.0,0.0,0.0
2026-06-17T04:16:22,ERR,ERR,ERR,ERR,ERR,ERR,ERR,ERR,ERR,ERR,ERR,ERR,ERR,ERR,ERR,ERR,ERR,ERR,ERR,ERR,ERR,ERR,ERR,ERR,ERR,ERR,ERR,ERR,ERR,ERR,ERR,ERR,ERR,ERR,ERR,ERR,ERR,ERR,ERR,ERR,ERR,ERR,ERR,ERR,ERR,ERR,ERR,ERR,ERR,ERR,ERR,ERR,ERR,ERR,ERR,ERR,ERR,ERR,ERR,ERR,ERR,ERR,ERR,ERR,ERR,ERR,ERR,ERR,ERR,ERR,ERR,ERR,ERR,ERR,ERR,ERR,ERR,ERR,ERR,ERR,ERR,ERR,ERR,ERR,ERR,ERR,ERR,ERR,ERR,ERR,ERR,ERR,ERR,ERR,ERR,ERR,ERR,ERR,ERR,ERR,ERR,ERR,ERR,ERR,ERR,ERR,ERR,ERR,ERR,ERR,ERR,ERR,ERR,ERR,ERR,ERR,ERR,ERR,ERR,ERR,ERR,ERR,ERR,ERR,ERR,0.0,0.0,0.0,0.0,0.0,1.3936040501711995e+18,7.805,0.0,0,0,4,0,7300,-0.0,0,0.0,0.0,0.0,0.0,0.0,0,0,0,0,0.0,0,0,0,0,0,0,0,0,0,0,0,0,0,0,0,0,0,0,0,0,0,0,0,0,0,0,0,0,0,0,0,0,0,32,30,30,62,65476,0,300,0,0,8,21553,0.0,-107605600.0,0.0,0.0,0.0,0.0,0.0,0.0,0.0,0.0,0.0,0.0,0.0,0.0,0.0,0.0,0.0,0.0,0.0,0.0,0.0,0.0,2.004,2.004,-0.0,0.0,0.0,0.0,0.0,0.0,5454.0,-8608196608.0,6970.0,0.0,0.0,-107615280.0,-107615328.0,0.0,0.0,0.0,0.0,63,-0.0,-0.0,0.0,0.0,0.0,0.0,0.0,0.0,0.0,0,0,0,0.0,0.0,0.0,0.0,0.0,0.0,0.0,0.0,0.0,0.0,0.0,0.0,0.0,0.0,0.0,0.0,0,-107875648.0,63,0.0,126,2.7184242562605685e+23,-0.0,ERR,ERR,ERR,ERR,ERR,ERR,ERR,ERR,ERR,ERR,ERR,ERR,ERR,ERR,ERR,ERR,ERR,ERR,ERR,ERR,ERR,ERR,ERR,ERR,ERR,ERR,ERR,ERR,ERR,ERR,ERR,ERR,ERR,ERR,ERR,ERR,ERR,ERR,ERR,ERR,ERR,ERR,ERR,ERR,ERR,ERR,ERR,ERR,ERR,ERR,ERR,ERR,ERR,ERR,ERR,ERR,ERR,ERR,ERR,ERR,ERR,ERR,ERR,ERR,ERR,ERR,ERR,34.0,80.0,35,0.0,0.0,0.0,0.0,0.0,0.0,0.0,0.0,0.0,0.0,0.0,0.0,0.0,0.0,0.0,0.0,64.4,0,116,56,50,65476,0,300,0,0,8,20529,65476,0,0,57672,80.0,0.0,0.0,0.0,0.0,0.0
2026-06-17T04:16:23,ERR,ERR,ERR,ERR,ERR,ERR,ERR,ERR,ERR,ERR,ERR,ERR,ERR,ERR,ERR,ERR,ERR,ERR,ERR,ERR,ERR,ERR,ERR,ERR,ERR,ERR,ERR,ERR,ERR,ERR,ERR,ERR,ERR,ERR,ERR,ERR,ERR,ERR,ERR,ERR,ERR,ERR,ERR,ERR,ERR,ERR,ERR,ERR,ERR,ERR,ERR,ERR,ERR,ERR,ERR,ERR,ERR,ERR,ERR,ERR,ERR,ERR,ERR,ERR,ERR,ERR,ERR,ERR,ERR,ERR,ERR,ERR,ERR,ERR,ERR,ERR,ERR,ERR,ERR,ERR,ERR,ERR,ERR,ERR,ERR,ERR,ERR,ERR,ERR,ERR,ERR,ERR,ERR,ERR,ERR,ERR,ERR,ERR,ERR,ERR,ERR,ERR,ERR,ERR,ERR,ERR,ERR,ERR,ERR,ERR,ERR,ERR,ERR,ERR,ERR,ERR,ERR,ERR,ERR,ERR,ERR,ERR,ERR,ERR,ERR,0.0,0.0,0.0,0.0,0.0,1.3936040501711995e+18,7.805,0.0,0,0,4,0,7300,-0.0,0,0.0,0.0,0.0,0.0,0.0,0,0,0,0,0.0,0,0,0,0,0,0,0,0,0,0,0,0,0,0,0,0,0,0,0,0,0,0,0,0,0,0,0,0,0,0,0,0,0,32,30,30,62,65476,0,300,0,0,8,21553,0.0,-107605600.0,0.0,0.0,0.0,0.0,0.0,0.0,0.0,0.0,0.0,0.0,0.0,0.0,0.0,0.0,0.0,0.0,0.0,0.0,0.0,0.0,2.004,2.004,-0.0,0.0,0.0,0.0,0.0,0.0,5454.0,-8608196608.0,6970.0,0.0,0.0,-107615280.0,-107615328.0,0.0,0.0,0.0,0.0,63,-0.0,-0.0,0.0,0.0,0.0,0.0,0.0,0.0,0.0,0,0,0,0.0,0.0,0.0,0.0,0.0,0.0,0.0,0.0,0.0,0.0,0.0,0.0,0.0,0.0,0.0,0.0,0,-107875648.0,63,0.0,126,2.7184242562605685e+23,-0.0,ERR,ERR,ERR,ERR,ERR,ERR,ERR,ERR,ERR,ERR,ERR,ERR,ERR,ERR,ERR,ERR,ERR,ERR,ERR,ERR,ERR,ERR,ERR,ERR,ERR,ERR,ERR,ERR,ERR,ERR,ERR,ERR,ERR,ERR,ERR,ERR,ERR,ERR,ERR,ERR,ERR,ERR,ERR,ERR,ERR,ERR,ERR,ERR,ERR,ERR,ERR,ERR,ERR,ERR,ERR,ERR,ERR,ERR,ERR,ERR,ERR,ERR,ERR,ERR,ERR,ERR,ERR,34.0,80.0,35,0.0,0.0,0.0,0.0,0.0,0.0,0.0,0.0,0.0,0.0,0.0,0.0,0.0,0.0,0.0,0.0,64.8,0,116,56,50,65476,0,300,0,0,8,20529,65476,0,0,57672,80.0,0.0,0.0,0.0,0.0,0.0
2026-06-17T04:16:24,ERR,ERR,ERR,ERR,ERR,ERR,ERR,ERR,ERR,ERR,ERR,ERR,ERR,ERR,ERR,ERR,ERR,ERR,ERR,ERR,ERR,ERR,ERR,ERR,ERR,ERR,ERR,ERR,ERR,ERR,ERR,ERR,ERR,ERR,ERR,ERR,ERR,ERR,ERR,ERR,ERR,ERR,ERR,ERR,ERR,ERR,ERR,ERR,ERR,ERR,ERR,ERR,ERR,ERR,ERR,ERR,ERR,ERR,ERR,ERR,ERR,ERR,ERR,ERR,ERR,ERR,ERR,ERR,ERR,ERR,ERR,ERR,ERR,ERR,ERR,ERR,ERR,ERR,ERR,ERR,ERR,ERR,ERR,ERR,ERR,ERR,ERR,ERR,ERR,ERR,ERR,ERR,ERR,ERR,ERR,ERR,ERR,ERR,ERR,ERR,ERR,ERR,ERR,ERR,ERR,ERR,ERR,ERR,ERR,ERR,ERR,ERR,ERR,ERR,ERR,ERR,ERR,ERR,ERR,ERR,ERR,ERR,ERR,ERR,ERR,0.0,0.0,0.0,0.0,0.0,1.3936040501711995e+18,7.805,0.0,0,0,4,0,7300,-0.0,0,0.0,0.0,0.0,0.0,0.0,0,0,0,0,0.0,0,0,0,0,0,0,0,0,0,0,0,0,0,0,0,0,0,0,0,0,0,0,0,0,0,0,0,0,0,0,0,0,0,32,30,30,62,65476,0,300,0,0,8,21553,0.0,-107605600.0,0.0,0.0,0.0,0.0,0.0,0.0,0.0,0.0,0.0,0.0,0.0,0.0,0.0,0.0,0.0,0.0,0.0,0.0,0.0,0.0,2.004,2.004,-0.0,0.0,0.0,0.0,0.0,0.0,5454.0,-8608196608.0,6970.0,0.0,0.0,-107615280.0,-107615328.0,0.0,0.0,0.0,0.0,63,-0.0,-0.0,0.0,0.0,0.0,0.0,0.0,0.0,0.0,0,0,0,0.0,0.0,0.0,0.0,0.0,0.0,0.0,0.0,0.0,0.0,0.0,0.0,0.0,0.0,0.0,0.0,0,-107875648.0,63,0.0,126,2.7184242562605685e+23,-0.0,ERR,ERR,ERR,ERR,ERR,ERR,ERR,ERR,ERR,ERR,ERR,ERR,ERR,ERR,ERR,ERR,ERR,ERR,ERR,ERR,ERR,ERR,ERR,ERR,ERR,ERR,ERR,ERR,ERR,ERR,ERR,ERR,ERR,ERR,ERR,ERR,ERR,ERR,ERR,ERR,ERR,ERR,ERR,ERR,ERR,ERR,ERR,ERR,ERR,ERR,ERR,ERR,ERR,ERR,ERR,ERR,ERR,ERR,ERR,ERR,ERR,ERR,ERR,ERR,ERR,ERR,ERR,34.0,80.0,35,0.0,0.0,0.0,0.0,0.0,0.0,0.0,0.0,0.0,0.0,0.0,0.0,0.0,0.0,0.0,0.0,64.8,0,116,56,50,65476,0,300,0,0,8,20529,65476,0,0,57672,80.0,0.0,0.0,0.0,0.0,0.0
2026-06-17T04:16:25,ERR,ERR,ERR,ERR,ERR,ERR,ERR,ERR,ERR,ERR,ERR,ERR,ERR,ERR,ERR,ERR,ERR,ERR,ERR,ERR,ERR,ERR,ERR,ERR,ERR,ERR,ERR,ERR,ERR,ERR,ERR,ERR,ERR,ERR,ERR,ERR,ERR,ERR,ERR,ERR,ERR,ERR,ERR,ERR,ERR,ERR,ERR,ERR,ERR,ERR,ERR,ERR,ERR,ERR,ERR,ERR,ERR,ERR,ERR,ERR,ERR,ERR,ERR,ERR,ERR,ERR,ERR,ERR,ERR,ERR,ERR,ERR,ERR,ERR,ERR,ERR,ERR,ERR,ERR,ERR,ERR,ERR,ERR,ERR,ERR,ERR,ERR,ERR,ERR,ERR,ERR,ERR,ERR,ERR,ERR,ERR,ERR,ERR,ERR,ERR,ERR,ERR,ERR,ERR,ERR,ERR,ERR,ERR,ERR,ERR,ERR,ERR,ERR,ERR,ERR,ERR,ERR,ERR,ERR,ERR,ERR,ERR,ERR,ERR,ERR,0.0,0.0,0.0,0.0,0.0,1.3936040501711995e+18,7.805,0.0,0,0,4,0,7300,-0.0,0,0.0,0.0,0.0,0.0,0.0,0,0,0,0,0.0,0,0,0,0,0,0,0,0,0,0,0,0,0,0,0,0,0,0,0,0,0,0,0,0,0,0,0,0,0,0,0,0,0,32,30,30,62,65476,0,300,0,0,8,21553,0.0,-107605600.0,0.0,0.0,0.0,0.0,0.0,0.0,0.0,0.0,0.0,0.0,0.0,0.0,0.0,0.0,0.0,0.0,0.0,0.0,0.0,0.0,2.004,2.004,-0.0,0.0,0.0,0.0,0.0,0.0,5454.0,-8608196608.0,6970.0,0.0,0.0,-107615280.0,-107615328.0,0.0,0.0,0.0,0.0,63,-0.0,-0.0,0.0,0.0,0.0,0.0,0.0,0.0,0.0,0,0,0,0.0,0.0,0.0,0.0,0.0,0.0,0.0,0.0,0.0,0.0,0.0,0.0,0.0,0.0,0.0,0.0,0,-107875648.0,63,0.0,126,2.7184242562605685e+23,-0.0,ERR,ERR,ERR,ERR,ERR,ERR,ERR,ERR,ERR,ERR,ERR,ERR,ERR,ERR,ERR,ERR,ERR,ERR,ERR,ERR,ERR,ERR,ERR,ERR,ERR,ERR,ERR,ERR,ERR,ERR,ERR,ERR,ERR,ERR,ERR,ERR,ERR,ERR,ERR,ERR,ERR,ERR,ERR,ERR,ERR,ERR,ERR,ERR,ERR,ERR,ERR,ERR,ERR,ERR,ERR,ERR,ERR,ERR,ERR,ERR,ERR,ERR,ERR,ERR,ERR,ERR,ERR,34.0,80.0,35,0.0,0.0,0.0,0.0,0.0,0.0,0.0,0.0,0.0,0.0,0.0,0.0,0.0,0.0,0.0,0.0,64.8,0,116,56,50,65476,0,300,0,0,8,20529,65476,0,0,57672,80.0,0.0,0.0,0.0,0.0,0.0
2026-06-17T04:16:26,ERR,ERR,ERR,ERR,ERR,ERR,ERR,ERR,ERR,ERR,ERR,ERR,ERR,ERR,ERR,ERR,ERR,ERR,ERR,ERR,ERR,ERR,ERR,ERR,ERR,ERR,ERR,ERR,ERR,ERR,ERR,ERR,ERR,ERR,ERR,ERR,ERR,ERR,ERR,ERR,ERR,ERR,ERR,ERR,ERR,ERR,ERR,ERR,ERR,ERR,ERR,ERR,ERR,ERR,ERR,ERR,ERR,ERR,ERR,ERR,ERR,ERR,ERR,ERR,ERR,ERR,ERR,ERR,ERR,ERR,ERR,ERR,ERR,ERR,ERR,ERR,ERR,ERR,ERR,ERR,ERR,ERR,ERR,ERR,ERR,ERR,ERR,ERR,ERR,ERR,ERR,ERR,ERR,ERR,ERR,ERR,ERR,ERR,ERR,ERR,ERR,ERR,ERR,ERR,ERR,ERR,ERR,ERR,ERR,ERR,ERR,ERR,ERR,ERR,ERR,ERR,ERR,ERR,ERR,ERR,ERR,ERR,ERR,ERR,ERR,0.0,0.0,0.0,0.0,0.0,1.3936040501711995e+18,7.805,0.0,0,0,4,0,7300,-0.0,0,0.0,0.0,0.0,0.0,0.0,0,0,0,0,0.0,0,0,0,0,0,0,0,0,0,0,0,0,0,0,0,0,0,0,0,0,0,0,0,0,0,0,0,0,0,0,0,0,0,32,30,30,62,65476,0,300,0,0,8,21553,0.0,-107605600.0,0.0,0.0,0.0,0.0,0.0,0.0,0.0,0.0,0.0,0.0,0.0,0.0,0.0,0.0,0.0,0.0,0.0,0.0,0.0,0.0,2.004,2.004,-0.0,0.0,0.0,0.0,0.0,0.0,5453.0,0.0,6945.0,0.0,0.0,-107615280.0,-107615328.0,0.0,0.0,0.0,0.0,63,2.3088396621844998e+20,-3.222009408071634e+26,0.0,0.0,0.0,0.0,0.0,0.0,0.0,0,0,0,0.0,0.0,0.0,0.0,0.0,0.0,0.0,0.0,0.0,0.0,0.0,0.0,0.0,0.0,0.0,0.0,0,-107875648.0,63,0.0,126,2.7184242562605685e+23,-0.0,ERR,ERR,ERR,ERR,ERR,ERR,ERR,ERR,ERR,ERR,ERR,ERR,ERR,ERR,ERR,ERR,ERR,ERR,ERR,ERR,ERR,ERR,ERR,ERR,ERR,ERR,ERR,ERR,ERR,ERR,ERR,ERR,ERR,ERR,ERR,ERR,ERR,ERR,ERR,ERR,ERR,ERR,ERR,ERR,ERR,ERR,ERR,ERR,ERR,ERR,ERR,ERR,ERR,ERR,ERR,ERR,ERR,ERR,ERR,ERR,ERR,ERR,ERR,ERR,ERR,ERR,ERR,34.0,80.0,35,0.0,0.0,0.0,0.0,0.0,0.0,0.0,0.0,0.0,0.0,0.0,0.0,0.0,0.0,0.0,0.0,64.4,0,116,56,50,65476,0,300,0,0,8,20529,65476,0,0,57672,80.0,0.0,0.0,0.0,0.0,0.0
2026-06-17T04:16:27,ERR,ERR,ERR,ERR,ERR,ERR,ERR,ERR,ERR,ERR,ERR,ERR,ERR,ERR,ERR,ERR,ERR,ERR,ERR,ERR,ERR,ERR,ERR,ERR,ERR,ERR,ERR,ERR,ERR,ERR,ERR,ERR,ERR,ERR,ERR,ERR,ERR,ERR,ERR,ERR,ERR,ERR,ERR,ERR,ERR,ERR,ERR,ERR,ERR,ERR,ERR,ERR,ERR,ERR,ERR,ERR,ERR,ERR,ERR,ERR,ERR,ERR,ERR,ERR,ERR,ERR,ERR,ERR,ERR,ERR,ERR,ERR,ERR,ERR,ERR,ERR,ERR,ERR,ERR,ERR,ERR,ERR,ERR,ERR,ERR,ERR,ERR,ERR,ERR,ERR,ERR,ERR,ERR,ERR,ERR,ERR,ERR,ERR,ERR,ERR,ERR,ERR,ERR,ERR,ERR,ERR,ERR,ERR,ERR,ERR,ERR,ERR,ERR,ERR,ERR,ERR,ERR,ERR,ERR,ERR,ERR,ERR,ERR,ERR,ERR,0.0,0.0,0.0,0.0,0.0,1.3936040501711995e+18,7.805,0.0,0,0,4,0,7300,-0.0,0,0.0,0.0,0.0,0.0,0.0,0,0,0,0,0.0,0,0,0,0,0,0,0,0,0,0,0,0,0,0,0,0,0,0,0,0,0,0,0,0,0,0,0,0,0,0,0,0,0,32,30,30,62,65476,0,300,0,0,8,21553,0.0,-107605600.0,0.0,0.0,0.0,0.0,0.0,0.0,0.0,0.0,0.0,0.0,0.0,0.0,0.0,0.0,0.0,0.0,0.0,0.0,0.0,0.0,2.004,2.004,-0.0,0.0,0.0,0.0,0.0,0.0,5453.0,0.0,6945.0,0.0,0.0,-107615280.0,-107615328.0,0.0,0.0,0.0,0.0,63,2.3088396621844998e+20,-3.222009408071634e+26,0.0,0.0,0.0,0.0,0.0,0.0,0.0,0,0,0,0.0,0.0,0.0,0.0,0.0,0.0,0.0,0.0,0.0,0.0,0.0,0.0,0.0,0.0,0.0,0.0,0,-107875648.0,63,0.0,126,2.7184242562605685e+23,-0.0,ERR,ERR,ERR,ERR,ERR,ERR,ERR,ERR,ERR,ERR,ERR,ERR,ERR,ERR,ERR,ERR,ERR,ERR,ERR,ERR,ERR,ERR,ERR,ERR,ERR,ERR,ERR,ERR,ERR,ERR,ERR,ERR,ERR,ERR,ERR,ERR,ERR,ERR,ERR,ERR,ERR,ERR,ERR,ERR,ERR,ERR,ERR,ERR,ERR,ERR,ERR,ERR,ERR,ERR,ERR,ERR,ERR,ERR,ERR,ERR,ERR,ERR,ERR,ERR,ERR,ERR,ERR,34.0,80.0,35,0.0,0.0,0.0,0.0,0.0,0.0,0.0,0.0,0.0,0.0,0.0,0.0,0.0,0.0,0.0,0.0,64.4,0,116,56,50,65476,0,300,0,0,8,20529,65476,0,0,57672,80.0,0.0,0.0,0.0,0.0,0.0
2026-06-17T04:16:28,ERR,ERR,ERR,ERR,ERR,ERR,ERR,ERR,ERR,ERR,ERR,ERR,ERR,ERR,ERR,ERR,ERR,ERR,ERR,ERR,ERR,ERR,ERR,ERR,ERR,ERR,ERR,ERR,ERR,ERR,ERR,ERR,ERR,ERR,ERR,ERR,ERR,ERR,ERR,ERR,ERR,ERR,ERR,ERR,ERR,ERR,ERR,ERR,ERR,ERR,ERR,ERR,ERR,ERR,ERR,ERR,ERR,ERR,ERR,ERR,ERR,ERR,ERR,ERR,ERR,ERR,ERR,ERR,ERR,ERR,ERR,ERR,ERR,ERR,ERR,ERR,ERR,ERR,ERR,ERR,ERR,ERR,ERR,ERR,ERR,ERR,ERR,ERR,ERR,ERR,ERR,ERR,ERR,ERR,ERR,ERR,ERR,ERR,ERR,ERR,ERR,ERR,ERR,ERR,ERR,ERR,ERR,ERR,ERR,ERR,ERR,ERR,ERR,ERR,ERR,ERR,ERR,ERR,ERR,ERR,ERR,ERR,ERR,ERR,ERR,0.0,0.0,0.0,0.0,0.0,1.3936040501711995e+18,7.805,0.0,0,0,4,0,7300,-0.0,0,0.0,0.0,0.0,0.0,0.0,0,0,0,0,0.0,0,0,0,0,0,0,0,0,0,0,0,0,0,0,0,0,0,0,0,0,0,0,0,0,0,0,0,0,0,0,0,0,0,32,30,30,62,65476,0,300,0,0,8,21553,0.0,-107605600.0,0.0,0.0,0.0,0.0,0.0,0.0,0.0,0.0,0.0,0.0,0.0,0.0,0.0,0.0,0.0,0.0,0.0,0.0,0.0,0.0,2.004,2.004,-0.0,0.0,0.0,0.0,0.0,0.0,5453.0,0.0,6945.0,0.0,0.0,-107615280.0,-107615328.0,0.0,0.0,0.0,0.0,63,2.3088396621844998e+20,-3.222009408071634e+26,0.0,0.0,0.0,0.0,0.0,0.0,0.0,0,0,0,0.0,0.0,0.0,0.0,0.0,0.0,0.0,0.0,0.0,0.0,0.0,0.0,0.0,0.0,0.0,0.0,0,-107875648.0,63,0.0,126,2.7184242562605685e+23,-0.0,ERR,ERR,ERR,ERR,ERR,ERR,ERR,ERR,ERR,ERR,ERR,ERR,ERR,ERR,ERR,ERR,ERR,ERR,ERR,ERR,ERR,ERR,ERR,ERR,ERR,ERR,ERR,ERR,ERR,ERR,ERR,ERR,ERR,ERR,ERR,ERR,ERR,ERR,ERR,ERR,ERR,ERR,ERR,ERR,ERR,ERR,ERR,ERR,ERR,ERR,ERR,ERR,ERR,ERR,ERR,ERR,ERR,ERR,ERR,ERR,ERR,ERR,ERR,ERR,ERR,ERR,ERR,34.0,80.0,35,0.0,0.0,0.0,0.0,0.0,0.0,0.0,0.0,0.0,0.0,0.0,0.0,0.0,0.0,0.0,0.0,64.4,0,116,56,50,65476,0,300,0,0,8,20529,65476,0,0,57672,80.0,0.0,0.0,0.0,0.0,0.0
2026-06-17T04:16:29,ERR,ERR,ERR,ERR,ERR,ERR,ERR,ERR,ERR,ERR,ERR,ERR,ERR,ERR,ERR,ERR,ERR,ERR,ERR,ERR,ERR,ERR,ERR,ERR,ERR,ERR,ERR,ERR,ERR,ERR,ERR,ERR,ERR,ERR,ERR,ERR,ERR,ERR,ERR,ERR,ERR,ERR,ERR,ERR,ERR,ERR,ERR,ERR,ERR,ERR,ERR,ERR,ERR,ERR,ERR,ERR,ERR,ERR,ERR,ERR,ERR,ERR,ERR,ERR,ERR,ERR,ERR,ERR,ERR,ERR,ERR,ERR,ERR,ERR,ERR,ERR,ERR,ERR,ERR,ERR,ERR,ERR,ERR,ERR,ERR,ERR,ERR,ERR,ERR,ERR,ERR,ERR,ERR,ERR,ERR,ERR,ERR,ERR,ERR,ERR,ERR,ERR,ERR,ERR,ERR,ERR,ERR,ERR,ERR,ERR,ERR,ERR,ERR,ERR,ERR,ERR,ERR,ERR,ERR,ERR,ERR,ERR,ERR,ERR,ERR,0.0,0.0,0.0,0.0,0.0,1.3936040501711995e+18,7.805,0.0,0,0,4,0,7300,-0.0,0,0.0,0.0,0.0,0.0,0.0,0,0,0,0,0.0,0,0,0,0,0,0,0,0,0,0,0,0,0,0,0,0,0,0,0,0,0,0,0,0,0,0,0,0,0,0,0,0,0,32,30,30,62,65476,0,300,0,0,8,21553,0.0,-107605600.0,0.0,0.0,0.0,0.0,0.0,0.0,0.0,0.0,0.0,0.0,0.0,0.0,0.0,0.0,0.0,0.0,0.0,0.0,0.0,0.0,2.004,2.004,-0.0,0.0,0.0,0.0,0.0,0.0,5453.0,0.0,6945.0,0.0,0.0,-107615280.0,-107615328.0,0.0,0.0,0.0,0.0,63,2.3088396621844998e+20,-3.222009408071634e+26,0.0,0.0,0.0,0.0,0.0,0.0,0.0,0,0,0,0.0,0.0,0.0,0.0,0.0,0.0,0.0,0.0,0.0,0.0,0.0,0.0,0.0,0.0,0.0,0.0,0,-107875648.0,63,0.0,126,2.7184242562605685e+23,-0.0,ERR,ERR,ERR,ERR,ERR,ERR,ERR,ERR,ERR,ERR,ERR,ERR,ERR,ERR,ERR,ERR,ERR,ERR,ERR,ERR,ERR,ERR,ERR,ERR,ERR,ERR,ERR,ERR,ERR,ERR,ERR,ERR,ERR,ERR,ERR,ERR,ERR,ERR,ERR,ERR,ERR,ERR,ERR,ERR,ERR,ERR,ERR,ERR,ERR,ERR,ERR,ERR,ERR,ERR,ERR,ERR,ERR,ERR,ERR,ERR,ERR,ERR,ERR,ERR,ERR,ERR,ERR,34.0,80.0,35,0.0,0.0,0.0,0.0,0.0,0.0,0.0,0.0,0.0,0.0,0.0,0.0,0.0,0.0,0.0,0.0,64.4,0,116,56,50,65476,0,300,0,0,8,20529,65476,0,0,57672,80.0,0.0,0.0,0.0,0.0,0.0
2026-06-17T04:16:30,ERR,ERR,ERR,ERR,ERR,ERR,ERR,ERR,ERR,ERR,ERR,ERR,ERR,ERR,ERR,ERR,ERR,ERR,ERR,ERR,ERR,ERR,ERR,ERR,ERR,ERR,ERR,ERR,ERR,ERR,ERR,ERR,ERR,ERR,ERR,ERR,ERR,ERR,ERR,ERR,ERR,ERR,ERR,ERR,ERR,ERR,ERR,ERR,ERR,ERR,ERR,ERR,ERR,ERR,ERR,ERR,ERR,ERR,ERR,ERR,ERR,ERR,ERR,ERR,ERR,ERR,ERR,ERR,ERR,ERR,ERR,ERR,ERR,ERR,ERR,ERR,ERR,ERR,ERR,ERR,ERR,ERR,ERR,ERR,ERR,ERR,ERR,ERR,ERR,ERR,ERR,ERR,ERR,ERR,ERR,ERR,ERR,ERR,ERR,ERR,ERR,ERR,ERR,ERR,ERR,ERR,ERR,ERR,ERR,ERR,ERR,ERR,ERR,ERR,ERR,ERR,ERR,ERR,ERR,ERR,ERR,ERR,ERR,ERR,ERR,0.0,0.0,0.0,0.0,0.0,1.3936040501711995e+18,7.805,0.0,0,0,4,0,7300,-0.0,0,0.0,0.0,0.0,0.0,0.0,0,0,0,0,0.0,0,0,0,0,0,0,0,0,0,0,0,0,0,0,0,0,0,0,0,0,0,0,0,0,0,0,0,0,0,0,0,0,0,32,30,30,62,65476,0,300,0,0,8,21553,0.0,-107605600.0,0.0,0.0,0.0,0.0,0.0,0.0,0.0,0.0,0.0,0.0,0.0,0.0,0.0,0.0,0.0,0.0,0.0,0.0,0.0,0.0,2.004,2.004,-0.0,0.0,0.0,0.0,0.0,0.0,5453.0,0.0,6945.0,0.0,0.0,-107615280.0,-107615328.0,0.0,0.0,0.0,0.0,63,2.3088396621844998e+20,-3.222009408071634e+26,0.0,0.0,0.0,0.0,0.0,0.0,0.0,0,0,0,0.0,0.0,0.0,0.0,0.0,0.0,0.0,0.0,0.0,0.0,0.0,0.0,0.0,0.0,0.0,0.0,0,-107875648.0,63,0.0,126,2.7184242562605685e+23,-0.0,ERR,ERR,ERR,ERR,ERR,ERR,ERR,ERR,ERR,ERR,ERR,ERR,ERR,ERR,ERR,ERR,ERR,ERR,ERR,ERR,ERR,ERR,ERR,ERR,ERR,ERR,ERR,ERR,ERR,ERR,ERR,ERR,ERR,ERR,ERR,ERR,ERR,ERR,ERR,ERR,ERR,ERR,ERR,ERR,ERR,ERR,ERR,ERR,ERR,ERR,ERR,ERR,ERR,ERR,ERR,ERR,ERR,ERR,ERR,ERR,ERR,ERR,ERR,ERR,ERR,ERR,ERR,34.0,80.0,35,0.0,0.0,0.0,0.0,0.0,0.0,0.0,0.0,0.0,0.0,0.0,0.0,0.0,0.0,0.0,0.0,64.4,0,116,56,50,65476,0,300,0,0,8,20529,65476,0,0,57672,80.0,0.0,0.0,0.0,0.0,0.0
2026-06-17T04:16:31,ERR,ERR,ERR,ERR,ERR,ERR,ERR,ERR,ERR,ERR,ERR,ERR,ERR,ERR,ERR,ERR,ERR,ERR,ERR,ERR,ERR,ERR,ERR,ERR,ERR,ERR,ERR,ERR,ERR,ERR,ERR,ERR,ERR,ERR,ERR,ERR,ERR,ERR,ERR,ERR,ERR,ERR,ERR,ERR,ERR,ERR,ERR,ERR,ERR,ERR,ERR,ERR,ERR,ERR,ERR,ERR,ERR,ERR,ERR,ERR,ERR,ERR,ERR,ERR,ERR,ERR,ERR,ERR,ERR,ERR,ERR,ERR,ERR,ERR,ERR,ERR,ERR,ERR,ERR,ERR,ERR,ERR,ERR,ERR,ERR,ERR,ERR,ERR,ERR,ERR,ERR,ERR,ERR,ERR,ERR,ERR,ERR,ERR,ERR,ERR,ERR,ERR,ERR,ERR,ERR,ERR,ERR,ERR,ERR,ERR,ERR,ERR,ERR,ERR,ERR,ERR,ERR,ERR,ERR,ERR,ERR,ERR,ERR,ERR,ERR,0.0,0.0,0.0,0.0,0.0,1.3936040501711995e+18,7.805,0.0,0,0,4,0,7300,-0.0,0,0.0,0.0,0.0,0.0,0.0,0,0,0,0,0.0,0,0,0,0,0,0,0,0,0,0,0,0,0,0,0,0,0,0,0,0,0,0,0,0,0,0,0,0,0,0,0,0,0,32,30,30,62,65476,0,300,0,0,8,21553,0.0,-107605600.0,0.0,0.0,0.0,0.0,0.0,0.0,0.0,0.0,0.0,0.0,0.0,0.0,0.0,0.0,0.0,0.0,0.0,0.0,0.0,0.0,2.004,2.004,-0.0,0.0,0.0,0.0,0.0,0.0,5453.0,0.0,6945.0,0.0,0.0,-107615280.0,-107615328.0,0.0,0.0,0.0,0.0,63,2.3088396621844998e+20,-3.222009408071634e+26,0.0,0.0,0.0,0.0,0.0,0.0,0.0,0,0,0,0.0,0.0,0.0,0.0,0.0,0.0,0.0,0.0,0.0,0.0,0.0,0.0,0.0,0.0,0.0,0.0,0,-107875648.0,63,0.0,126,2.7184242562605685e+23,-0.0,ERR,ERR,ERR,ERR,ERR,ERR,ERR,ERR,ERR,ERR,ERR,ERR,ERR,ERR,ERR,ERR,ERR,ERR,ERR,ERR,ERR,ERR,ERR,ERR,ERR,ERR,ERR,ERR,ERR,ERR,ERR,ERR,ERR,ERR,ERR,ERR,ERR,ERR,ERR,ERR,ERR,ERR,ERR,ERR,ERR,ERR,ERR,ERR,ERR,ERR,ERR,ERR,ERR,ERR,ERR,ERR,ERR,ERR,ERR,ERR,ERR,ERR,ERR,ERR,ERR,ERR,ERR,34.0,80.0,35,0.0,0.0,0.0,0.0,0.0,0.0,0.0,0.0,0.0,0.0,0.0,0.0,0.0,0.0,0.0,0.0,64.4,0,116,56,50,65476,0,300,0,0,8,20529,65476,0,0,57672,80.0,0.0,0.0,0.0,0.0,0.0
2026-06-17T04:16:32,ERR,ERR,ERR,ERR,ERR,ERR,ERR,ERR,ERR,ERR,ERR,ERR,ERR,ERR,ERR,ERR,ERR,ERR,ERR,ERR,ERR,ERR,ERR,ERR,ERR,ERR,ERR,ERR,ERR,ERR,ERR,ERR,ERR,ERR,ERR,ERR,ERR,ERR,ERR,ERR,ERR,ERR,ERR,ERR,ERR,ERR,ERR,ERR,ERR,ERR,ERR,ERR,ERR,ERR,ERR,ERR,ERR,ERR,ERR,ERR,ERR,ERR,ERR,ERR,ERR,ERR,ERR,ERR,ERR,ERR,ERR,ERR,ERR,ERR,ERR,ERR,ERR,ERR,ERR,ERR,ERR,ERR,ERR,ERR,ERR,ERR,ERR,ERR,ERR,ERR,ERR,ERR,ERR,ERR,ERR,ERR,ERR,ERR,ERR,ERR,ERR,ERR,ERR,ERR,ERR,ERR,ERR,ERR,ERR,ERR,ERR,ERR,ERR,ERR,ERR,ERR,ERR,ERR,ERR,ERR,ERR,ERR,ERR,ERR,ERR,0.0,0.0,0.0,0.0,0.0,1.3936040501711995e+18,7.805,0.0,0,0,4,0,7300,-0.0,0,0.0,0.0,0.0,0.0,0.0,0,0,0,0,0.0,0,0,0,0,0,0,0,0,0,0,0,0,0,0,0,0,0,0,0,0,0,0,0,0,0,0,0,0,0,0,0,0,0,32,30,30,62,65476,0,300,0,0,8,21553,0.0,-107605600.0,0.0,0.0,0.0,0.0,0.0,0.0,0.0,0.0,0.0,0.0,0.0,0.0,0.0,0.0,0.0,0.0,0.0,0.0,0.0,0.0,2.004,2.004,-0.0,0.0,0.0,0.0,0.0,0.0,5482.0,0.0,6950.0,0.0,0.0,-107615280.0,-107615328.0,0.0,0.0,0.0,0.0,63,4.950427050461716e+32,0.059,0.0,0.0,0.0,0.0,0.0,0.0,0.0,0,0,0,0.0,0.0,0.0,0.0,0.0,0.0,0.0,0.0,0.0,0.0,0.0,0.0,0.0,0.0,0.0,0.0,0,-107875648.0,63,0.0,126,2.7184242562605685e+23,-0.0,ERR,ERR,ERR,ERR,ERR,ERR,ERR,ERR,ERR,ERR,ERR,ERR,ERR,ERR,ERR,ERR,ERR,ERR,ERR,ERR,ERR,ERR,ERR,ERR,ERR,ERR,ERR,ERR,ERR,ERR,ERR,ERR,ERR,ERR,ERR,ERR,ERR,ERR,ERR,ERR,ERR,ERR,ERR,ERR,ERR,ERR,ERR,ERR,ERR,ERR,ERR,ERR,ERR,ERR,ERR,ERR,ERR,ERR,ERR,ERR,ERR,ERR,ERR,ERR,ERR,ERR,ERR,34.0,80.0,35,0.0,0.0,0.0,0.0,0.0,0.0,0.0,0.0,0.0,0.0,0.0,0.0,0.0,0.0,0.0,0.0,64.4,0,116,56,50,65476,0,300,0,0,8,20529,65476,0,0,57672,80.0,0.0,0.0,0.0,0.0,0.0
2026-06-17T04:16:33,ERR,ERR,ERR,ERR,ERR,ERR,ERR,ERR,ERR,ERR,ERR,ERR,ERR,ERR,ERR,ERR,ERR,ERR,ERR,ERR,ERR,ERR,ERR,ERR,ERR,ERR,ERR,ERR,ERR,ERR,ERR,ERR,ERR,ERR,ERR,ERR,ERR,ERR,ERR,ERR,ERR,ERR,ERR,ERR,ERR,ERR,ERR,ERR,ERR,ERR,ERR,ERR,ERR,ERR,ERR,ERR,ERR,ERR,ERR,ERR,ERR,ERR,ERR,ERR,ERR,ERR,ERR,ERR,ERR,ERR,ERR,ERR,ERR,ERR,ERR,ERR,ERR,ERR,ERR,ERR,ERR,ERR,ERR,ERR,ERR,ERR,ERR,ERR,ERR,ERR,ERR,ERR,ERR,ERR,ERR,ERR,ERR,ERR,ERR,ERR,ERR,ERR,ERR,ERR,ERR,ERR,ERR,ERR,ERR,ERR,ERR,ERR,ERR,ERR,ERR,ERR,ERR,ERR,ERR,ERR,ERR,ERR,ERR,ERR,ERR,0.0,0.0,0.0,0.0,0.0,1.3936040501711995e+18,7.805,0.0,0,0,4,0,7300,-0.0,0,0.0,0.0,0.0,0.0,0.0,0,0,0,0,0.0,0,0,0,0,0,0,0,0,0,0,0,0,0,0,0,0,0,0,0,0,0,0,0,0,0,0,0,0,0,0,0,0,0,32,30,30,62,65476,0,300,0,0,8,21553,0.0,-107605600.0,0.0,0.0,0.0,0.0,0.0,0.0,0.0,0.0,0.0,0.0,0.0,0.0,0.0,0.0,0.0,0.0,0.0,0.0,0.0,0.0,2.004,2.004,-0.0,0.0,0.0,0.0,0.0,0.0,5482.0,0.0,6950.0,0.0,0.0,-107615280.0,-107615328.0,0.0,0.0,0.0,0.0,63,4.950427050461716e+32,0.059,0.0,0.0,0.0,0.0,0.0,0.0,0.0,0,0,0,0.0,0.0,0.0,0.0,0.0,0.0,0.0,0.0,0.0,0.0,0.0,0.0,0.0,0.0,0.0,0.0,0,-107875648.0,63,0.0,126,2.7184242562605685e+23,-0.0,ERR,ERR,ERR,ERR,ERR,ERR,ERR,ERR,ERR,ERR,ERR,ERR,ERR,ERR,ERR,ERR,ERR,ERR,ERR,ERR,ERR,ERR,ERR,ERR,ERR,ERR,ERR,ERR,ERR,ERR,ERR,ERR,ERR,ERR,ERR,ERR,ERR,ERR,ERR,ERR,ERR,ERR,ERR,ERR,ERR,ERR,ERR,ERR,ERR,ERR,ERR,ERR,ERR,ERR,ERR,ERR,ERR,ERR,ERR,ERR,ERR,ERR,ERR,ERR,ERR,ERR,ERR,34.0,80.0,35,0.0,0.0,0.0,0.0,0.0,0.0,0.0,0.0,0.0,0.0,0.0,0.0,0.0,0.0,0.0,0.0,64.8,0,116,56,50,65476,0,300,0,0,8,20529,65476,0,0,57672,80.0,0.0,0.0,0.0,0.0,0.0
2026-06-17T04:16:34,ERR,ERR,ERR,ERR,ERR,ERR,ERR,ERR,ERR,ERR,ERR,ERR,ERR,ERR,ERR,ERR,ERR,ERR,ERR,ERR,ERR,ERR,ERR,ERR,ERR,ERR,ERR,ERR,ERR,ERR,ERR,ERR,ERR,ERR,ERR,ERR,ERR,ERR,ERR,ERR,ERR,ERR,ERR,ERR,ERR,ERR,ERR,ERR,ERR,ERR,ERR,ERR,ERR,ERR,ERR,ERR,ERR,ERR,ERR,ERR,ERR,ERR,ERR,ERR,ERR,ERR,ERR,ERR,ERR,ERR,ERR,ERR,ERR,ERR,ERR,ERR,ERR,ERR,ERR,ERR,ERR,ERR,ERR,ERR,ERR,ERR,ERR,ERR,ERR,ERR,ERR,ERR,ERR,ERR,ERR,ERR,ERR,ERR,ERR,ERR,ERR,ERR,ERR,ERR,ERR,ERR,ERR,ERR,ERR,ERR,ERR,ERR,ERR,ERR,ERR,ERR,ERR,ERR,ERR,ERR,ERR,ERR,ERR,ERR,ERR,0.0,0.0,0.0,0.0,0.0,1.3936040501711995e+18,7.805,0.0,0,0,4,0,7300,-0.0,0,0.0,0.0,0.0,0.0,0.0,0,0,0,0,0.0,0,0,0,0,0,0,0,0,0,0,0,0,0,0,0,0,0,0,0,0,0,0,0,0,0,0,0,0,0,0,0,0,0,32,30,30,62,65476,0,300,0,0,8,21553,0.0,-107605600.0,0.0,0.0,0.0,0.0,0.0,0.0,0.0,0.0,0.0,0.0,0.0,0.0,0.0,0.0,0.0,0.0,0.0,0.0,0.0,0.0,2.004,2.004,-0.0,0.0,0.0,0.0,0.0,0.0,5482.0,0.0,6950.0,0.0,0.0,-107615280.0,-107615328.0,0.0,0.0,0.0,0.0,63,4.950427050461716e+32,0.059,0.0,0.0,0.0,0.0,0.0,0.0,0.0,0,0,0,0.0,0.0,0.0,0.0,0.0,0.0,0.0,0.0,0.0,0.0,0.0,0.0,0.0,0.0,0.0,0.0,0,-107875648.0,63,0.0,126,2.7184242562605685e+23,-0.0,ERR,ERR,ERR,ERR,ERR,ERR,ERR,ERR,ERR,ERR,ERR,ERR,ERR,ERR,ERR,ERR,ERR,ERR,ERR,ERR,ERR,ERR,ERR,ERR,ERR,ERR,ERR,ERR,ERR,ERR,ERR,ERR,ERR,ERR,ERR,ERR,ERR,ERR,ERR,ERR,ERR,ERR,ERR,ERR,ERR,ERR,ERR,ERR,ERR,ERR,ERR,ERR,ERR,ERR,ERR,ERR,ERR,ERR,ERR,ERR,ERR,ERR,ERR,ERR,ERR,ERR,ERR,34.0,80.0,35,0.0,0.0,0.0,0.0,0.0,0.0,0.0,0.0,0.0,0.0,0.0,0.0,0.0,0.0,0.0,0.0,64.8,0,116,56,50,65476,0,300,0,0,8,20529,65476,0,0,57672,80.0,0.0,0.0,0.0,0.0,0.0
2026-06-17T04:16:35,ERR,ERR,ERR,ERR,ERR,ERR,ERR,ERR,ERR,ERR,ERR,ERR,ERR,ERR,ERR,ERR,ERR,ERR,ERR,ERR,ERR,ERR,ERR,ERR,ERR,ERR,ERR,ERR,ERR,ERR,ERR,ERR,ERR,ERR,ERR,ERR,ERR,ERR,ERR,ERR,ERR,ERR,ERR,ERR,ERR,ERR,ERR,ERR,ERR,ERR,ERR,ERR,ERR,ERR,ERR,ERR,ERR,ERR,ERR,ERR,ERR,ERR,ERR,ERR,ERR,ERR,ERR,ERR,ERR,ERR,ERR,ERR,ERR,ERR,ERR,ERR,ERR,ERR,ERR,ERR,ERR,ERR,ERR,ERR,ERR,ERR,ERR,ERR,ERR,ERR,ERR,ERR,ERR,ERR,ERR,ERR,ERR,ERR,ERR,ERR,ERR,ERR,ERR,ERR,ERR,ERR,ERR,ERR,ERR,ERR,ERR,ERR,ERR,ERR,ERR,ERR,ERR,ERR,ERR,ERR,ERR,ERR,ERR,ERR,ERR,0.0,0.0,0.0,0.0,0.0,1.3936040501711995e+18,7.805,0.0,0,0,4,0,7300,-0.0,0,0.0,0.0,0.0,0.0,0.0,0,0,0,0,0.0,0,0,0,0,0,0,0,0,0,0,0,0,0,0,0,0,0,0,0,0,0,0,0,0,0,0,0,0,0,0,0,0,0,32,30,30,62,65476,0,300,0,0,8,21553,0.0,-107605600.0,0.0,0.0,0.0,0.0,0.0,0.0,0.0,0.0,0.0,0.0,0.0,0.0,0.0,0.0,0.0,0.0,0.0,0.0,0.0,0.0,2.004,2.004,-0.0,0.0,0.0,0.0,0.0,0.0,5482.0,0.0,6950.0,0.0,0.0,-107615280.0,-107615328.0,0.0,0.0,0.0,0.0,63,4.950427050461716e+32,0.059,0.0,0.0,0.0,0.0,0.0,0.0,0.0,0,0,0,0.0,0.0,0.0,0.0,0.0,0.0,0.0,0.0,0.0,0.0,0.0,0.0,0.0,0.0,0.0,0.0,0,-107875648.0,63,0.0,126,2.7184242562605685e+23,-0.0,ERR,ERR,ERR,ERR,ERR,ERR,ERR,ERR,ERR,ERR,ERR,ERR,ERR,ERR,ERR,ERR,ERR,ERR,ERR,ERR,ERR,ERR,ERR,ERR,ERR,ERR,ERR,ERR,ERR,ERR,ERR,ERR,ERR,ERR,ERR,ERR,ERR,ERR,ERR,ERR,ERR,ERR,ERR,ERR,ERR,ERR,ERR,ERR,ERR,ERR,ERR,ERR,ERR,ERR,ERR,ERR,ERR,ERR,ERR,ERR,ERR,ERR,ERR,ERR,ERR,ERR,ERR,34.0,80.0,35,0.0,0.0,0.0,0.0,0.0,0.0,0.0,0.0,0.0,0.0,0.0,0.0,0.0,0.0,0.0,0.0,64.4,0,116,56,50,65476,0,300,0,0,8,20529,65476,0,0,57672,80.0,0.0,0.0,0.0,0.0,0.0
2026-06-17T04:16:36,ERR,ERR,ERR,ERR,ERR,ERR,ERR,ERR,ERR,ERR,ERR,ERR,ERR,ERR,ERR,ERR,ERR,ERR,ERR,ERR,ERR,ERR,ERR,ERR,ERR,ERR,ERR,ERR,ERR,ERR,ERR,ERR,ERR,ERR,ERR,ERR,ERR,ERR,ERR,ERR,ERR,ERR,ERR,ERR,ERR,ERR,ERR,ERR,ERR,ERR,ERR,ERR,ERR,ERR,ERR,ERR,ERR,ERR,ERR,ERR,ERR,ERR,ERR,ERR,ERR,ERR,ERR,ERR,ERR,ERR,ERR,ERR,ERR,ERR,ERR,ERR,ERR,ERR,ERR,ERR,ERR,ERR,ERR,ERR,ERR,ERR,ERR,ERR,ERR,ERR,ERR,ERR,ERR,ERR,ERR,ERR,ERR,ERR,ERR,ERR,ERR,ERR,ERR,ERR,ERR,ERR,ERR,ERR,ERR,ERR,ERR,ERR,ERR,ERR,ERR,ERR,ERR,ERR,ERR,ERR,ERR,ERR,ERR,ERR,ERR,0.0,0.0,0.0,0.0,0.0,1.3936040501711995e+18,7.805,0.0,0,0,4,0,7300,-0.0,0,0.0,0.0,0.0,0.0,0.0,0,0,0,0,0.0,0,0,0,0,0,0,0,0,0,0,0,0,0,0,0,0,0,0,0,0,0,0,0,0,0,0,0,0,0,0,0,0,0,32,30,30,62,65476,0,300,0,0,8,21553,0.0,-107605600.0,0.0,0.0,0.0,0.0,0.0,0.0,0.0,0.0,0.0,0.0,0.0,0.0,0.0,0.0,0.0,0.0,0.0,0.0,0.0,0.0,2.004,2.004,-0.0,0.0,0.0,0.0,0.0,0.0,5482.0,0.0,6950.0,0.0,0.0,-107615280.0,-107615328.0,0.0,0.0,0.0,0.0,63,4.950427050461716e+32,0.059,0.0,0.0,0.0,0.0,0.0,0.0,0.0,0,0,0,0.0,0.0,0.0,0.0,0.0,0.0,0.0,0.0,0.0,0.0,0.0,0.0,0.0,0.0,0.0,0.0,0,-107875648.0,63,0.0,126,2.7184242562605685e+23,-0.0,ERR,ERR,ERR,ERR,ERR,ERR,ERR,ERR,ERR,ERR,ERR,ERR,ERR,ERR,ERR,ERR,ERR,ERR,ERR,ERR,ERR,ERR,ERR,ERR,ERR,ERR,ERR,ERR,ERR,ERR,ERR,ERR,ERR,ERR,ERR,ERR,ERR,ERR,ERR,ERR,ERR,ERR,ERR,ERR,ERR,ERR,ERR,ERR,ERR,ERR,ERR,ERR,ERR,ERR,ERR,ERR,ERR,ERR,ERR,ERR,ERR,ERR,ERR,ERR,ERR,ERR,ERR,34.0,80.0,35,0.0,0.0,0.0,0.0,0.0,0.0,0.0,0.0,0.0,0.0,0.0,0.0,0.0,0.0,0.0,0.0,64.4,0,116,56,50,65476,0,300,0,0,8,20529,65476,0,0,57672,80.0,0.0,0.0,0.0,0.0,0.0
2026-06-17T04:16:37,ERR,ERR,ERR,ERR,ERR,ERR,ERR,ERR,ERR,ERR,ERR,ERR,ERR,ERR,ERR,ERR,ERR,ERR,ERR,ERR,ERR,ERR,ERR,ERR,ERR,ERR,ERR,ERR,ERR,ERR,ERR,ERR,ERR,ERR,ERR,ERR,ERR,ERR,ERR,ERR,ERR,ERR,ERR,ERR,ERR,ERR,ERR,ERR,ERR,ERR,ERR,ERR,ERR,ERR,ERR,ERR,ERR,ERR,ERR,ERR,ERR,ERR,ERR,ERR,ERR,ERR,ERR,ERR,ERR,ERR,ERR,ERR,ERR,ERR,ERR,ERR,ERR,ERR,ERR,ERR,ERR,ERR,ERR,ERR,ERR,ERR,ERR,ERR,ERR,ERR,ERR,ERR,ERR,ERR,ERR,ERR,ERR,ERR,ERR,ERR,ERR,ERR,ERR,ERR,ERR,ERR,ERR,ERR,ERR,ERR,ERR,ERR,ERR,ERR,ERR,ERR,ERR,ERR,ERR,ERR,ERR,ERR,ERR,ERR,ERR,0.0,0.0,0.0,0.0,0.0,1.3936040501711995e+18,7.805,0.0,0,0,4,0,7300,-0.0,0,0.0,0.0,0.0,0.0,0.0,0,0,0,0,0.0,0,0,0,0,0,0,0,0,0,0,0,0,0,0,0,0,0,0,0,0,0,0,0,0,0,0,0,0,0,0,0,0,0,32,30,30,62,65476,0,300,0,0,8,21553,0.0,-107605600.0,0.0,0.0,0.0,0.0,0.0,0.0,0.0,0.0,0.0,0.0,0.0,0.0,0.0,0.0,0.0,0.0,0.0,0.0,0.0,0.0,2.004,2.004,-0.0,0.0,0.0,0.0,0.0,0.0,5484.0,-0.0,6963.0,0.0,0.0,-107615280.0,-107615328.0,0.0,0.0,0.0,0.0,63,5.848081828453021e+35,-0.0,0.0,0.0,0.0,0.0,0.0,0.0,0.0,0,0,0,0.0,0.0,0.0,0.0,0.0,0.0,0.0,0.0,0.0,0.0,0.0,0.0,0.0,0.0,0.0,0.0,0,-107875648.0,63,0.0,126,2.7184242562605685e+23,-0.0,ERR,ERR,ERR,ERR,ERR,ERR,ERR,ERR,ERR,ERR,ERR,ERR,ERR,ERR,ERR,ERR,ERR,ERR,ERR,ERR,ERR,ERR,ERR,ERR,ERR,ERR,ERR,ERR,ERR,ERR,ERR,ERR,ERR,ERR,ERR,ERR,ERR,ERR,ERR,ERR,ERR,ERR,ERR,ERR,ERR,ERR,ERR,ERR,ERR,ERR,ERR,ERR,ERR,ERR,ERR,ERR,ERR,ERR,ERR,ERR,ERR,ERR,ERR,ERR,ERR,ERR,ERR,34.0,80.0,35,0.0,0.0,0.0,0.0,0.0,0.0,0.0,0.0,0.0,0.0,0.0,0.0,0.0,0.0,0.0,0.0,64.4,0,116,56,50,65476,0,300,0,0,8,20529,65476,0,0,57672,80.0,0.0,0.0,0.0,0.0,0.0
2026-06-17T04:16:38,ERR,ERR,ERR,ERR,ERR,ERR,ERR,ERR,ERR,ERR,ERR,ERR,ERR,ERR,ERR,ERR,ERR,ERR,ERR,ERR,ERR,ERR,ERR,ERR,ERR,ERR,ERR,ERR,ERR,ERR,ERR,ERR,ERR,ERR,ERR,ERR,ERR,ERR,ERR,ERR,ERR,ERR,ERR,ERR,ERR,ERR,ERR,ERR,ERR,ERR,ERR,ERR,ERR,ERR,ERR,ERR,ERR,ERR,ERR,ERR,ERR,ERR,ERR,ERR,ERR,ERR,ERR,ERR,ERR,ERR,ERR,ERR,ERR,ERR,ERR,ERR,ERR,ERR,ERR,ERR,ERR,ERR,ERR,ERR,ERR,ERR,ERR,ERR,ERR,ERR,ERR,ERR,ERR,ERR,ERR,ERR,ERR,ERR,ERR,ERR,ERR,ERR,ERR,ERR,ERR,ERR,ERR,ERR,ERR,ERR,ERR,ERR,ERR,ERR,ERR,ERR,ERR,ERR,ERR,ERR,ERR,ERR,ERR,ERR,ERR,0.0,0.0,0.0,0.0,0.0,1.3936040501711995e+18,7.805,0.0,0,0,4,0,7300,-0.0,0,0.0,0.0,0.0,0.0,0.0,0,0,0,0,0.0,0,0,0,0,0,0,0,0,0,0,0,0,0,0,0,0,0,0,0,0,0,0,0,0,0,0,0,0,0,0,0,0,0,32,30,30,62,65476,0,300,0,0,8,21553,0.0,-107605600.0,0.0,0.0,0.0,0.0,0.0,0.0,0.0,0.0,0.0,0.0,0.0,0.0,0.0,0.0,0.0,0.0,0.0,0.0,0.0,0.0,2.004,2.004,-0.0,0.0,0.0,0.0,0.0,0.0,5484.0,-0.0,6963.0,0.0,0.0,-107615280.0,-107615328.0,0.0,0.0,0.0,0.0,63,5.848081828453021e+35,-0.0,0.0,0.0,0.0,0.0,0.0,0.0,0.0,0,0,0,0.0,0.0,0.0,0.0,0.0,0.0,0.0,0.0,0.0,0.0,0.0,0.0,0.0,0.0,0.0,0.0,0,-107875648.0,63,0.0,126,2.7184242562605685e+23,-0.0,ERR,ERR,ERR,ERR,ERR,ERR,ERR,ERR,ERR,ERR,ERR,ERR,ERR,ERR,ERR,ERR,ERR,ERR,ERR,ERR,ERR,ERR,ERR,ERR,ERR,ERR,ERR,ERR,ERR,ERR,ERR,ERR,ERR,ERR,ERR,ERR,ERR,ERR,ERR,ERR,ERR,ERR,ERR,ERR,ERR,ERR,ERR,ERR,ERR,ERR,ERR,ERR,ERR,ERR,ERR,ERR,ERR,ERR,ERR,ERR,ERR,ERR,ERR,ERR,ERR,ERR,ERR,34.0,80.0,35,0.0,0.0,0.0,0.0,0.0,0.0,0.0,0.0,0.0,0.0,0.0,0.0,0.0,0.0,0.0,0.0,64.4,0,116,56,50,65476,0,300,0,0,8,20529,65476,0,0,57672,80.0,0.0,0.0,0.0,0.0,0.0
2026-06-17T04:16:39,ERR,ERR,ERR,ERR,ERR,ERR,ERR,ERR,ERR,ERR,ERR,ERR,ERR,ERR,ERR,ERR,ERR,ERR,ERR,ERR,ERR,ERR,ERR,ERR,ERR,ERR,ERR,ERR,ERR,ERR,ERR,ERR,ERR,ERR,ERR,ERR,ERR,ERR,ERR,ERR,ERR,ERR,ERR,ERR,ERR,ERR,ERR,ERR,ERR,ERR,ERR,ERR,ERR,ERR,ERR,ERR,ERR,ERR,ERR,ERR,ERR,ERR,ERR,ERR,ERR,ERR,ERR,ERR,ERR,ERR,ERR,ERR,ERR,ERR,ERR,ERR,ERR,ERR,ERR,ERR,ERR,ERR,ERR,ERR,ERR,ERR,ERR,ERR,ERR,ERR,ERR,ERR,ERR,ERR,ERR,ERR,ERR,ERR,ERR,ERR,ERR,ERR,ERR,ERR,ERR,ERR,ERR,ERR,ERR,ERR,ERR,ERR,ERR,ERR,ERR,ERR,ERR,ERR,ERR,ERR,ERR,ERR,ERR,ERR,ERR,0.0,0.0,0.0,0.0,0.0,1.3936040501711995e+18,7.805,0.0,0,0,4,0,7300,-0.0,0,0.0,0.0,0.0,0.0,0.0,0,0,0,0,0.0,0,0,0,0,0,0,0,0,0,0,0,0,0,0,0,0,0,0,0,0,0,0,0,0,0,0,0,0,0,0,0,0,0,32,30,30,62,65476,0,300,0,0,8,21553,0.0,-107605600.0,0.0,0.0,0.0,0.0,0.0,0.0,0.0,0.0,0.0,0.0,0.0,0.0,0.0,0.0,0.0,0.0,0.0,0.0,0.0,0.0,2.004,2.004,-0.0,0.0,0.0,0.0,0.0,0.0,5484.0,-0.0,6963.0,0.0,0.0,-107615280.0,-107615328.0,0.0,0.0,0.0,0.0,63,5.848081828453021e+35,-0.0,0.0,0.0,0.0,0.0,0.0,0.0,0.0,0,0,0,0.0,0.0,0.0,0.0,0.0,0.0,0.0,0.0,0.0,0.0,0.0,0.0,0.0,0.0,0.0,0.0,0,-107875648.0,63,0.0,126,2.7184242562605685e+23,-0.0,ERR,ERR,ERR,ERR,ERR,ERR,ERR,ERR,ERR,ERR,ERR,ERR,ERR,ERR,ERR,ERR,ERR,ERR,ERR,ERR,ERR,ERR,ERR,ERR,ERR,ERR,ERR,ERR,ERR,ERR,ERR,ERR,ERR,ERR,ERR,ERR,ERR,ERR,ERR,ERR,ERR,ERR,ERR,ERR,ERR,ERR,ERR,ERR,ERR,ERR,ERR,ERR,ERR,ERR,ERR,ERR,ERR,ERR,ERR,ERR,ERR,ERR,ERR,ERR,ERR,ERR,ERR,34.0,80.0,35,0.0,0.0,0.0,0.0,0.0,0.0,0.0,0.0,0.0,0.0,0.0,0.0,0.0,0.0,0.0,0.0,64.4,0,116,56,50,65476,0,300,0,0,8,20529,65476,0,0,57672,80.0,0.0,0.0,0.0,0.0,0.0
2026-06-17T04:16:40,ERR,ERR,ERR,ERR,ERR,ERR,ERR,ERR,ERR,ERR,ERR,ERR,ERR,ERR,ERR,ERR,ERR,ERR,ERR,ERR,ERR,ERR,ERR,ERR,ERR,ERR,ERR,ERR,ERR,ERR,ERR,ERR,ERR,ERR,ERR,ERR,ERR,ERR,ERR,ERR,ERR,ERR,ERR,ERR,ERR,ERR,ERR,ERR,ERR,ERR,ERR,ERR,ERR,ERR,ERR,ERR,ERR,ERR,ERR,ERR,ERR,ERR,ERR,ERR,ERR,ERR,ERR,ERR,ERR,ERR,ERR,ERR,ERR,ERR,ERR,ERR,ERR,ERR,ERR,ERR,ERR,ERR,ERR,ERR,ERR,ERR,ERR,ERR,ERR,ERR,ERR,ERR,ERR,ERR,ERR,ERR,ERR,ERR,ERR,ERR,ERR,ERR,ERR,ERR,ERR,ERR,ERR,ERR,ERR,ERR,ERR,ERR,ERR,ERR,ERR,ERR,ERR,ERR,ERR,ERR,ERR,ERR,ERR,ERR,ERR,0.0,0.0,0.0,0.0,0.0,1.3936040501711995e+18,7.805,0.0,0,0,4,0,7300,-0.0,0,0.0,0.0,0.0,0.0,0.0,0,0,0,0,0.0,0,0,0,0,0,0,0,0,0,0,0,0,0,0,0,0,0,0,0,0,0,0,0,0,0,0,0,0,0,0,0,0,0,32,30,30,62,65476,0,300,0,0,8,21553,0.0,-107605600.0,0.0,0.0,0.0,0.0,0.0,0.0,0.0,0.0,0.0,0.0,0.0,0.0,0.0,0.0,0.0,0.0,0.0,0.0,0.0,0.0,2.004,2.004,-0.0,0.0,0.0,0.0,0.0,0.0,5484.0,-0.0,6963.0,0.0,0.0,-107615280.0,-107615328.0,0.0,0.0,0.0,0.0,63,5.848081828453021e+35,-0.0,0.0,0.0,0.0,0.0,0.0,0.0,0.0,0,0,0,0.0,0.0,0.0,0.0,0.0,0.0,0.0,0.0,0.0,0.0,0.0,0.0,0.0,0.0,0.0,0.0,0,-107875648.0,63,0.0,126,2.7184242562605685e+23,-0.0,ERR,ERR,ERR,ERR,ERR,ERR,ERR,ERR,ERR,ERR,ERR,ERR,ERR,ERR,ERR,ERR,ERR,ERR,ERR,ERR,ERR,ERR,ERR,ERR,ERR,ERR,ERR,ERR,ERR,ERR,ERR,ERR,ERR,ERR,ERR,ERR,ERR,ERR,ERR,ERR,ERR,ERR,ERR,ERR,ERR,ERR,ERR,ERR,ERR,ERR,ERR,ERR,ERR,ERR,ERR,ERR,ERR,ERR,ERR,ERR,ERR,ERR,ERR,ERR,ERR,ERR,ERR,34.0,80.0,35,0.0,0.0,0.0,0.0,0.0,0.0,0.0,0.0,0.0,0.0,0.0,0.0,0.0,0.0,0.0,0.0,64.4,0,116,56,50,65476,0,300,0,0,8,20529,65476,0,0,57672,80.0,0.0,0.0,0.0,0.0,0.0
2026-06-17T04:16:41,ERR,ERR,ERR,ERR,ERR,ERR,ERR,ERR,ERR,ERR,ERR,ERR,ERR,ERR,ERR,ERR,ERR,ERR,ERR,ERR,ERR,ERR,ERR,ERR,ERR,ERR,ERR,ERR,ERR,ERR,ERR,ERR,ERR,ERR,ERR,ERR,ERR,ERR,ERR,ERR,ERR,ERR,ERR,ERR,ERR,ERR,ERR,ERR,ERR,ERR,ERR,ERR,ERR,ERR,ERR,ERR,ERR,ERR,ERR,ERR,ERR,ERR,ERR,ERR,ERR,ERR,ERR,ERR,ERR,ERR,ERR,ERR,ERR,ERR,ERR,ERR,ERR,ERR,ERR,ERR,ERR,ERR,ERR,ERR,ERR,ERR,ERR,ERR,ERR,ERR,ERR,ERR,ERR,ERR,ERR,ERR,ERR,ERR,ERR,ERR,ERR,ERR,ERR,ERR,ERR,ERR,ERR,ERR,ERR,ERR,ERR,ERR,ERR,ERR,ERR,ERR,ERR,ERR,ERR,ERR,ERR,ERR,ERR,ERR,ERR,0.0,0.0,0.0,0.0,0.0,1.3936040501711995e+18,7.805,0.0,0,0,4,0,7300,-0.0,0,0.0,0.0,0.0,0.0,0.0,0,0,0,0,0.0,0,0,0,0,0,0,0,0,0,0,0,0,0,0,0,0,0,0,0,0,0,0,0,0,0,0,0,0,0,0,0,0,0,32,30,30,62,65476,0,300,0,0,8,21553,0.0,-107605600.0,0.0,0.0,0.0,0.0,0.0,0.0,0.0,0.0,0.0,0.0,0.0,0.0,0.0,0.0,0.0,0.0,0.0,0.0,0.0,0.0,2.004,2.004,-0.0,0.0,0.0,0.0,0.0,0.0,5484.0,-0.0,6963.0,0.0,0.0,-107615280.0,-107615328.0,0.0,0.0,0.0,0.0,63,5.848081828453021e+35,-0.0,0.0,0.0,0.0,0.0,0.0,0.0,0.0,0,0,0,0.0,0.0,0.0,0.0,0.0,0.0,0.0,0.0,0.0,0.0,0.0,0.0,0.0,0.0,0.0,0.0,0,-107875648.0,63,0.0,126,2.7184242562605685e+23,-0.0,ERR,ERR,ERR,ERR,ERR,ERR,ERR,ERR,ERR,ERR,ERR,ERR,ERR,ERR,ERR,ERR,ERR,ERR,ERR,ERR,ERR,ERR,ERR,ERR,ERR,ERR,ERR,ERR,ERR,ERR,ERR,ERR,ERR,ERR,ERR,ERR,ERR,ERR,ERR,ERR,ERR,ERR,ERR,ERR,ERR,ERR,ERR,ERR,ERR,ERR,ERR,ERR,ERR,ERR,ERR,ERR,ERR,ERR,ERR,ERR,ERR,ERR,ERR,ERR,ERR,ERR,ERR,34.0,80.0,35,0.0,0.0,0.0,0.0,0.0,0.0,0.0,0.0,0.0,0.0,0.0,0.0,0.0,0.0,0.0,0.0,64.4,0,116,56,50,65476,0,300,0,0,8,20529,65476,0,0,57672,80.0,0.0,0.0,0.0,0.0,0.0
2026-06-17T04:16:42,ERR,ERR,ERR,ERR,ERR,ERR,ERR,ERR,ERR,ERR,ERR,ERR,ERR,ERR,ERR,ERR,ERR,ERR,ERR,ERR,ERR,ERR,ERR,ERR,ERR,ERR,ERR,ERR,ERR,ERR,ERR,ERR,ERR,ERR,ERR,ERR,ERR,ERR,ERR,ERR,ERR,ERR,ERR,ERR,ERR,ERR,ERR,ERR,ERR,ERR,ERR,ERR,ERR,ERR,ERR,ERR,ERR,ERR,ERR,ERR,ERR,ERR,ERR,ERR,ERR,ERR,ERR,ERR,ERR,ERR,ERR,ERR,ERR,ERR,ERR,ERR,ERR,ERR,ERR,ERR,ERR,ERR,ERR,ERR,ERR,ERR,ERR,ERR,ERR,ERR,ERR,ERR,ERR,ERR,ERR,ERR,ERR,ERR,ERR,ERR,ERR,ERR,ERR,ERR,ERR,ERR,ERR,ERR,ERR,ERR,ERR,ERR,ERR,ERR,ERR,ERR,ERR,ERR,ERR,ERR,ERR,ERR,ERR,ERR,ERR,0.0,0.0,0.0,0.0,0.0,1.3936040501711995e+18,7.805,0.0,0,0,4,0,7300,-0.0,0,0.0,0.0,0.0,0.0,0.0,0,0,0,0,0.0,0,0,0,0,0,0,0,0,0,0,0,0,0,0,0,0,0,0,0,0,0,0,0,0,0,0,0,0,0,0,0,0,0,32,30,30,62,65476,0,300,0,0,8,21553,0.0,-107605600.0,0.0,0.0,0.0,0.0,0.0,0.0,0.0,0.0,0.0,0.0,0.0,0.0,0.0,0.0,0.0,0.0,0.0,0.0,0.0,0.0,2.004,2.004,-0.0,0.0,0.0,0.0,0.0,0.0,5516.0,0.0,6944.0,0.0,0.0,-107615280.0,-107615328.0,0.0,0.0,0.0,0.0,63,5.848081828453021e+35,0.0,0.0,0.0,0.0,0.0,0.0,0.0,0.0,0,0,0,0.0,0.0,0.0,0.0,0.0,0.0,0.0,0.0,0.0,0.0,0.0,0.0,0.0,0.0,0.0,0.0,0,-107875648.0,63,0.0,126,2.7184242562605685e+23,-0.0,ERR,ERR,ERR,ERR,ERR,ERR,ERR,ERR,ERR,ERR,ERR,ERR,ERR,ERR,ERR,ERR,ERR,ERR,ERR,ERR,ERR,ERR,ERR,ERR,ERR,ERR,ERR,ERR,ERR,ERR,ERR,ERR,ERR,ERR,ERR,ERR,ERR,ERR,ERR,ERR,ERR,ERR,ERR,ERR,ERR,ERR,ERR,ERR,ERR,ERR,ERR,ERR,ERR,ERR,ERR,ERR,ERR,ERR,ERR,ERR,ERR,ERR,ERR,ERR,ERR,ERR,ERR,34.0,80.0,35,0.0,0.0,0.0,0.0,0.0,0.0,0.0,0.0,0.0,0.0,0.0,0.0,0.0,0.0,0.0,0.0,64.8,0,116,56,50,65476,0,300,0,0,8,20529,65476,0,0,57672,80.0,0.0,0.0,0.0,0.0,0.0
2026-06-17T04:16:43,ERR,ERR,ERR,ERR,ERR,ERR,ERR,ERR,ERR,ERR,ERR,ERR,ERR,ERR,ERR,ERR,ERR,ERR,ERR,ERR,ERR,ERR,ERR,ERR,ERR,ERR,ERR,ERR,ERR,ERR,ERR,ERR,ERR,ERR,ERR,ERR,ERR,ERR,ERR,ERR,ERR,ERR,ERR,ERR,ERR,ERR,ERR,ERR,ERR,ERR,ERR,ERR,ERR,ERR,ERR,ERR,ERR,ERR,ERR,ERR,ERR,ERR,ERR,ERR,ERR,ERR,ERR,ERR,ERR,ERR,ERR,ERR,ERR,ERR,ERR,ERR,ERR,ERR,ERR,ERR,ERR,ERR,ERR,ERR,ERR,ERR,ERR,ERR,ERR,ERR,ERR,ERR,ERR,ERR,ERR,ERR,ERR,ERR,ERR,ERR,ERR,ERR,ERR,ERR,ERR,ERR,ERR,ERR,ERR,ERR,ERR,ERR,ERR,ERR,ERR,ERR,ERR,ERR,ERR,ERR,ERR,ERR,ERR,ERR,ERR,0.0,0.0,0.0,0.0,0.0,1.3936040501711995e+18,7.805,0.0,0,0,4,0,7300,-0.0,0,0.0,0.0,0.0,0.0,0.0,0,0,0,0,0.0,0,0,0,0,0,0,0,0,0,0,0,0,0,0,0,0,0,0,0,0,0,0,0,0,0,0,0,0,0,0,0,0,0,32,30,30,62,65476,0,300,0,0,8,21553,0.0,-107605600.0,0.0,0.0,0.0,0.0,0.0,0.0,0.0,0.0,0.0,0.0,0.0,0.0,0.0,0.0,0.0,0.0,0.0,0.0,0.0,0.0,2.004,2.004,-0.0,0.0,0.0,0.0,0.0,0.0,5516.0,0.0,6944.0,0.0,0.0,-107615280.0,-107615328.0,0.0,0.0,0.0,0.0,63,5.848081828453021e+35,0.0,0.0,0.0,0.0,0.0,0.0,0.0,0.0,0,0,0,0.0,0.0,0.0,0.0,0.0,0.0,0.0,0.0,0.0,0.0,0.0,0.0,0.0,0.0,0.0,0.0,0,-107875648.0,63,0.0,126,2.7184242562605685e+23,-0.0,ERR,ERR,ERR,ERR,ERR,ERR,ERR,ERR,ERR,ERR,ERR,ERR,ERR,ERR,ERR,ERR,ERR,ERR,ERR,ERR,ERR,ERR,ERR,ERR,ERR,ERR,ERR,ERR,ERR,ERR,ERR,ERR,ERR,ERR,ERR,ERR,ERR,ERR,ERR,ERR,ERR,ERR,ERR,ERR,ERR,ERR,ERR,ERR,ERR,ERR,ERR,ERR,ERR,ERR,ERR,ERR,ERR,ERR,ERR,ERR,ERR,ERR,ERR,ERR,ERR,ERR,ERR,34.0,80.0,35,0.0,0.0,0.0,0.0,0.0,0.0,0.0,0.0,0.0,0.0,0.0,0.0,0.0,0.0,0.0,0.0,64.8,0,116,56,50,65476,0,300,0,0,8,20529,65476,0,0,57672,80.0,0.0,0.0,0.0,0.0,0.0
2026-06-17T04:16:44,ERR,ERR,ERR,ERR,ERR,ERR,ERR,ERR,ERR,ERR,ERR,ERR,ERR,ERR,ERR,ERR,ERR,ERR,ERR,ERR,ERR,ERR,ERR,ERR,ERR,ERR,ERR,ERR,ERR,ERR,ERR,ERR,ERR,ERR,ERR,ERR,ERR,ERR,ERR,ERR,ERR,ERR,ERR,ERR,ERR,ERR,ERR,ERR,ERR,ERR,ERR,ERR,ERR,ERR,ERR,ERR,ERR,ERR,ERR,ERR,ERR,ERR,ERR,ERR,ERR,ERR,ERR,ERR,ERR,ERR,ERR,ERR,ERR,ERR,ERR,ERR,ERR,ERR,ERR,ERR,ERR,ERR,ERR,ERR,ERR,ERR,ERR,ERR,ERR,ERR,ERR,ERR,ERR,ERR,ERR,ERR,ERR,ERR,ERR,ERR,ERR,ERR,ERR,ERR,ERR,ERR,ERR,ERR,ERR,ERR,ERR,ERR,ERR,ERR,ERR,ERR,ERR,ERR,ERR,ERR,ERR,ERR,ERR,ERR,ERR,0.0,0.0,0.0,0.0,0.0,1.3936040501711995e+18,7.805,0.0,0,0,4,0,7300,-0.0,0,0.0,0.0,0.0,0.0,0.0,0,0,0,0,0.0,0,0,0,0,0,0,0,0,0,0,0,0,0,0,0,0,0,0,0,0,0,0,0,0,0,0,0,0,0,0,0,0,0,32,30,30,62,65476,0,300,0,0,8,21553,0.0,-107605600.0,0.0,0.0,0.0,0.0,0.0,0.0,0.0,0.0,0.0,0.0,0.0,0.0,0.0,0.0,0.0,0.0,0.0,0.0,0.0,0.0,2.004,2.004,-0.0,0.0,0.0,0.0,0.0,0.0,5516.0,0.0,6944.0,0.0,0.0,-107615280.0,-107615328.0,0.0,0.0,0.0,0.0,63,5.848081828453021e+35,0.0,0.0,0.0,0.0,0.0,0.0,0.0,0.0,0,0,0,0.0,0.0,0.0,0.0,0.0,0.0,0.0,0.0,0.0,0.0,0.0,0.0,0.0,0.0,0.0,0.0,0,-107875648.0,63,0.0,126,2.7184242562605685e+23,-0.0,ERR,ERR,ERR,ERR,ERR,ERR,ERR,ERR,ERR,ERR,ERR,ERR,ERR,ERR,ERR,ERR,ERR,ERR,ERR,ERR,ERR,ERR,ERR,ERR,ERR,ERR,ERR,ERR,ERR,ERR,ERR,ERR,ERR,ERR,ERR,ERR,ERR,ERR,ERR,ERR,ERR,ERR,ERR,ERR,ERR,ERR,ERR,ERR,ERR,ERR,ERR,ERR,ERR,ERR,ERR,ERR,ERR,ERR,ERR,ERR,ERR,ERR,ERR,ERR,ERR,ERR,ERR,34.0,80.0,35,0.0,0.0,0.0,0.0,0.0,0.0,0.0,0.0,0.0,0.0,0.0,0.0,0.0,0.0,0.0,0.0,64.8,0,116,56,50,65476,0,300,0,0,8,20529,65476,0,0,57672,80.0,0.0,0.0,0.0,0.0,0.0
2026-06-17T04:16:45,ERR,ERR,ERR,ERR,ERR,ERR,ERR,ERR,ERR,ERR,ERR,ERR,ERR,ERR,ERR,ERR,ERR,ERR,ERR,ERR,ERR,ERR,ERR,ERR,ERR,ERR,ERR,ERR,ERR,ERR,ERR,ERR,ERR,ERR,ERR,ERR,ERR,ERR,ERR,ERR,ERR,ERR,ERR,ERR,ERR,ERR,ERR,ERR,ERR,ERR,ERR,ERR,ERR,ERR,ERR,ERR,ERR,ERR,ERR,ERR,ERR,ERR,ERR,ERR,ERR,ERR,ERR,ERR,ERR,ERR,ERR,ERR,ERR,ERR,ERR,ERR,ERR,ERR,ERR,ERR,ERR,ERR,ERR,ERR,ERR,ERR,ERR,ERR,ERR,ERR,ERR,ERR,ERR,ERR,ERR,ERR,ERR,ERR,ERR,ERR,ERR,ERR,ERR,ERR,ERR,ERR,ERR,ERR,ERR,ERR,ERR,ERR,ERR,ERR,ERR,ERR,ERR,ERR,ERR,ERR,ERR,ERR,ERR,ERR,ERR,0.0,0.0,0.0,0.0,0.0,1.3936040501711995e+18,7.805,0.0,0,0,4,0,7300,-0.0,0,0.0,0.0,0.0,0.0,0.0,0,0,0,0,0.0,0,0,0,0,0,0,0,0,0,0,0,0,0,0,0,0,0,0,0,0,0,0,0,0,0,0,0,0,0,0,0,0,0,32,30,30,62,65476,0,300,0,0,8,21553,0.0,-107605600.0,0.0,0.0,0.0,0.0,0.0,0.0,0.0,0.0,0.0,0.0,0.0,0.0,0.0,0.0,0.0,0.0,0.0,0.0,0.0,0.0,2.004,2.004,-0.0,0.0,0.0,0.0,0.0,0.0,5516.0,0.0,6944.0,0.0,0.0,-107615280.0,-107615328.0,0.0,0.0,0.0,0.0,63,5.848081828453021e+35,0.0,0.0,0.0,0.0,0.0,0.0,0.0,0.0,0,0,0,0.0,0.0,0.0,0.0,0.0,0.0,0.0,0.0,0.0,0.0,0.0,0.0,0.0,0.0,0.0,0.0,0,-107875648.0,63,0.0,126,2.7184242562605685e+23,-0.0,ERR,ERR,ERR,ERR,ERR,ERR,ERR,ERR,ERR,ERR,ERR,ERR,ERR,ERR,ERR,ERR,ERR,ERR,ERR,ERR,ERR,ERR,ERR,ERR,ERR,ERR,ERR,ERR,ERR,ERR,ERR,ERR,ERR,ERR,ERR,ERR,ERR,ERR,ERR,ERR,ERR,ERR,ERR,ERR,ERR,ERR,ERR,ERR,ERR,ERR,ERR,ERR,ERR,ERR,ERR,ERR,ERR,ERR,ERR,ERR,ERR,ERR,ERR,ERR,ERR,ERR,ERR,34.0,80.0,35,0.0,0.0,0.0,0.0,0.0,0.0,0.0,0.0,0.0,0.0,0.0,0.0,0.0,0.0,0.0,0.0,64.8,0,116,56,50,65476,0,300,0,0,8,20529,65476,0,0,57672,80.0,0.0,0.0,0.0,0.0,0.0
2026-06-17T04:16:46,ERR,ERR,ERR,ERR,ERR,ERR,ERR,ERR,ERR,ERR,ERR,ERR,ERR,ERR,ERR,ERR,ERR,ERR,ERR,ERR,ERR,ERR,ERR,ERR,ERR,ERR,ERR,ERR,ERR,ERR,ERR,ERR,ERR,ERR,ERR,ERR,ERR,ERR,ERR,ERR,ERR,ERR,ERR,ERR,ERR,ERR,ERR,ERR,ERR,ERR,ERR,ERR,ERR,ERR,ERR,ERR,ERR,ERR,ERR,ERR,ERR,ERR,ERR,ERR,ERR,ERR,ERR,ERR,ERR,ERR,ERR,ERR,ERR,ERR,ERR,ERR,ERR,ERR,ERR,ERR,ERR,ERR,ERR,ERR,ERR,ERR,ERR,ERR,ERR,ERR,ERR,ERR,ERR,ERR,ERR,ERR,ERR,ERR,ERR,ERR,ERR,ERR,ERR,ERR,ERR,ERR,ERR,ERR,ERR,ERR,ERR,ERR,ERR,ERR,ERR,ERR,ERR,ERR,ERR,ERR,ERR,ERR,ERR,ERR,ERR,0.0,0.0,0.0,0.0,0.0,1.3936040501711995e+18,7.805,0.0,0,0,4,0,7300,-0.0,0,0.0,0.0,0.0,0.0,0.0,0,0,0,0,0.0,0,0,0,0,0,0,0,0,0,0,0,0,0,0,0,0,0,0,0,0,0,0,0,0,0,0,0,0,0,0,0,0,0,32,30,30,62,65476,0,300,0,0,8,21553,0.0,-107605600.0,0.0,0.0,0.0,0.0,0.0,0.0,0.0,0.0,0.0,0.0,0.0,0.0,0.0,0.0,0.0,0.0,0.0,0.0,0.0,0.0,2.004,2.004,-0.0,0.0,0.0,0.0,0.0,0.0,5516.0,0.0,6944.0,0.0,0.0,-107615280.0,-107615328.0,0.0,0.0,0.0,0.0,63,5.848081828453021e+35,0.0,0.0,0.0,0.0,0.0,0.0,0.0,0.0,0,0,0,0.0,0.0,0.0,0.0,0.0,0.0,0.0,0.0,0.0,0.0,0.0,0.0,0.0,0.0,0.0,0.0,0,-107875648.0,63,0.0,126,2.7184242562605685e+23,-0.0,ERR,ERR,ERR,ERR,ERR,ERR,ERR,ERR,ERR,ERR,ERR,ERR,ERR,ERR,ERR,ERR,ERR,ERR,ERR,ERR,ERR,ERR,ERR,ERR,ERR,ERR,ERR,ERR,ERR,ERR,ERR,ERR,ERR,ERR,ERR,ERR,ERR,ERR,ERR,ERR,ERR,ERR,ERR,ERR,ERR,ERR,ERR,ERR,ERR,ERR,ERR,ERR,ERR,ERR,ERR,ERR,ERR,ERR,ERR,ERR,ERR,ERR,ERR,ERR,ERR,ERR,ERR,34.0,80.0,35,0.0,0.0,0.0,0.0,0.0,0.0,0.0,0.0,0.0,0.0,0.0,0.0,0.0,0.0,0.0,0.0,64.4,0,116,56,50,65476,0,300,0,0,8,20529,65476,0,0,57672,80.0,0.0,0.0,0.0,0.0,0.0
2026-06-17T04:16:47,ERR,ERR,ERR,ERR,ERR,ERR,ERR,ERR,ERR,ERR,ERR,ERR,ERR,ERR,ERR,ERR,ERR,ERR,ERR,ERR,ERR,ERR,ERR,ERR,ERR,ERR,ERR,ERR,ERR,ERR,ERR,ERR,ERR,ERR,ERR,ERR,ERR,ERR,ERR,ERR,ERR,ERR,ERR,ERR,ERR,ERR,ERR,ERR,ERR,ERR,ERR,ERR,ERR,ERR,ERR,ERR,ERR,ERR,ERR,ERR,ERR,ERR,ERR,ERR,ERR,ERR,ERR,ERR,ERR,ERR,ERR,ERR,ERR,ERR,ERR,ERR,ERR,ERR,ERR,ERR,ERR,ERR,ERR,ERR,ERR,ERR,ERR,ERR,ERR,ERR,ERR,ERR,ERR,ERR,ERR,ERR,ERR,ERR,ERR,ERR,ERR,ERR,ERR,ERR,ERR,ERR,ERR,ERR,ERR,ERR,ERR,ERR,ERR,ERR,ERR,ERR,ERR,ERR,ERR,ERR,ERR,ERR,ERR,ERR,ERR,0.0,0.0,0.0,0.0,0.0,1.3936040501711995e+18,7.805,0.0,0,0,4,0,7300,-0.0,0,0.0,0.0,0.0,0.0,0.0,0,0,0,0,0.0,0,0,0,0,0,0,0,0,0,0,0,0,0,0,0,0,0,0,0,0,0,0,0,0,0,0,0,0,0,0,0,0,0,32,30,30,62,65476,0,300,0,0,8,21553,0.0,-107605600.0,0.0,0.0,0.0,0.0,0.0,0.0,0.0,0.0,0.0,0.0,0.0,0.0,0.0,0.0,0.0,0.0,0.0,0.0,0.0,0.0,2.004,2.004,-0.0,0.0,0.0,0.0,0.0,0.0,5548.0,0.0,6948.0,0.0,0.0,-107615280.0,-107615328.0,0.0,0.0,0.0,0.0,63,5.848081828453021e+35,-0.0,0.0,0.0,0.0,0.0,0.0,0.0,0.0,0,0,0,0.0,0.0,0.0,0.0,0.0,0.0,0.0,0.0,0.0,0.0,0.0,0.0,0.0,0.0,0.0,0.0,0,-107875648.0,63,0.0,126,2.7184242562605685e+23,-0.0,ERR,ERR,ERR,ERR,ERR,ERR,ERR,ERR,ERR,ERR,ERR,ERR,ERR,ERR,ERR,ERR,ERR,ERR,ERR,ERR,ERR,ERR,ERR,ERR,ERR,ERR,ERR,ERR,ERR,ERR,ERR,ERR,ERR,ERR,ERR,ERR,ERR,ERR,ERR,ERR,ERR,ERR,ERR,ERR,ERR,ERR,ERR,ERR,ERR,ERR,ERR,ERR,ERR,ERR,ERR,ERR,ERR,ERR,ERR,ERR,ERR,ERR,ERR,ERR,ERR,ERR,ERR,34.0,80.0,35,0.0,0.0,0.0,0.0,0.0,0.0,0.0,0.0,0.0,0.0,0.0,0.0,0.0,0.0,0.0,0.0,64.4,0,116,56,50,65476,0,300,0,0,8,20529,65476,0,0,57672,80.0,0.0,0.0,0.0,0.0,0.0
2026-06-17T04:16:48,ERR,ERR,ERR,ERR,ERR,ERR,ERR,ERR,ERR,ERR,ERR,ERR,ERR,ERR,ERR,ERR,ERR,ERR,ERR,ERR,ERR,ERR,ERR,ERR,ERR,ERR,ERR,ERR,ERR,ERR,ERR,ERR,ERR,ERR,ERR,ERR,ERR,ERR,ERR,ERR,ERR,ERR,ERR,ERR,ERR,ERR,ERR,ERR,ERR,ERR,ERR,ERR,ERR,ERR,ERR,ERR,ERR,ERR,ERR,ERR,ERR,ERR,ERR,ERR,ERR,ERR,ERR,ERR,ERR,ERR,ERR,ERR,ERR,ERR,ERR,ERR,ERR,ERR,ERR,ERR,ERR,ERR,ERR,ERR,ERR,ERR,ERR,ERR,ERR,ERR,ERR,ERR,ERR,ERR,ERR,ERR,ERR,ERR,ERR,ERR,ERR,ERR,ERR,ERR,ERR,ERR,ERR,ERR,ERR,ERR,ERR,ERR,ERR,ERR,ERR,ERR,ERR,ERR,ERR,ERR,ERR,ERR,ERR,ERR,ERR,0.0,0.0,0.0,0.0,0.0,1.3936040501711995e+18,7.805,0.0,0,0,4,0,7300,-0.0,0,0.0,0.0,0.0,0.0,0.0,0,0,0,0,0.0,0,0,0,0,0,0,0,0,0,0,0,0,0,0,0,0,0,0,0,0,0,0,0,0,0,0,0,0,0,0,0,0,0,32,30,30,62,65476,0,300,0,0,8,21553,0.0,-107605600.0,0.0,0.0,0.0,0.0,0.0,0.0,0.0,0.0,0.0,0.0,0.0,0.0,0.0,0.0,0.0,0.0,0.0,0.0,0.0,0.0,2.004,2.004,-0.0,0.0,0.0,0.0,0.0,0.0,5548.0,0.0,6948.0,0.0,0.0,-107615280.0,-107615328.0,0.0,0.0,0.0,0.0,63,5.848081828453021e+35,-0.0,0.0,0.0,0.0,0.0,0.0,0.0,0.0,0,0,0,0.0,0.0,0.0,0.0,0.0,0.0,0.0,0.0,0.0,0.0,0.0,0.0,0.0,0.0,0.0,0.0,0,-107875648.0,63,0.0,126,2.7184242562605685e+23,-0.0,ERR,ERR,ERR,ERR,ERR,ERR,ERR,ERR,ERR,ERR,ERR,ERR,ERR,ERR,ERR,ERR,ERR,ERR,ERR,ERR,ERR,ERR,ERR,ERR,ERR,ERR,ERR,ERR,ERR,ERR,ERR,ERR,ERR,ERR,ERR,ERR,ERR,ERR,ERR,ERR,ERR,ERR,ERR,ERR,ERR,ERR,ERR,ERR,ERR,ERR,ERR,ERR,ERR,ERR,ERR,ERR,ERR,ERR,ERR,ERR,ERR,ERR,ERR,ERR,ERR,ERR,ERR,34.0,80.0,35,0.0,0.0,0.0,0.0,0.0,0.0,0.0,0.0,0.0,0.0,0.0,0.0,0.0,0.0,0.0,0.0,64.4,0,116,56,50,65476,0,300,0,0,8,20529,65476,0,0,57672,80.0,0.0,0.0,0.0,0.0,0.0
2026-06-17T04:16:49,ERR,ERR,ERR,ERR,ERR,ERR,ERR,ERR,ERR,ERR,ERR,ERR,ERR,ERR,ERR,ERR,ERR,ERR,ERR,ERR,ERR,ERR,ERR,ERR,ERR,ERR,ERR,ERR,ERR,ERR,ERR,ERR,ERR,ERR,ERR,ERR,ERR,ERR,ERR,ERR,ERR,ERR,ERR,ERR,ERR,ERR,ERR,ERR,ERR,ERR,ERR,ERR,ERR,ERR,ERR,ERR,ERR,ERR,ERR,ERR,ERR,ERR,ERR,ERR,ERR,ERR,ERR,ERR,ERR,ERR,ERR,ERR,ERR,ERR,ERR,ERR,ERR,ERR,ERR,ERR,ERR,ERR,ERR,ERR,ERR,ERR,ERR,ERR,ERR,ERR,ERR,ERR,ERR,ERR,ERR,ERR,ERR,ERR,ERR,ERR,ERR,ERR,ERR,ERR,ERR,ERR,ERR,ERR,ERR,ERR,ERR,ERR,ERR,ERR,ERR,ERR,ERR,ERR,ERR,ERR,ERR,ERR,ERR,ERR,ERR,0.0,0.0,0.0,0.0,0.0,1.3936040501711995e+18,7.805,0.0,0,0,4,0,7300,-0.0,0,0.0,0.0,0.0,0.0,0.0,0,0,0,0,0.0,0,0,0,0,0,0,0,0,0,0,0,0,0,0,0,0,0,0,0,0,0,0,0,0,0,0,0,0,0,0,0,0,0,32,30,30,62,65476,0,300,0,0,8,21553,0.0,-107605600.0,0.0,0.0,0.0,0.0,0.0,0.0,0.0,0.0,0.0,0.0,0.0,0.0,0.0,0.0,0.0,0.0,0.0,0.0,0.0,0.0,2.004,2.004,-0.0,0.0,0.0,0.0,0.0,0.0,5548.0,0.0,6948.0,0.0,0.0,-107615280.0,-107615328.0,0.0,0.0,0.0,0.0,63,5.848081828453021e+35,-0.0,0.0,0.0,0.0,0.0,0.0,0.0,0.0,0,0,0,0.0,0.0,0.0,0.0,0.0,0.0,0.0,0.0,0.0,0.0,0.0,0.0,0.0,0.0,0.0,0.0,0,-107875648.0,63,0.0,126,2.7184242562605685e+23,-0.0,ERR,ERR,ERR,ERR,ERR,ERR,ERR,ERR,ERR,ERR,ERR,ERR,ERR,ERR,ERR,ERR,ERR,ERR,ERR,ERR,ERR,ERR,ERR,ERR,ERR,ERR,ERR,ERR,ERR,ERR,ERR,ERR,ERR,ERR,ERR,ERR,ERR,ERR,ERR,ERR,ERR,ERR,ERR,ERR,ERR,ERR,ERR,ERR,ERR,ERR,ERR,ERR,ERR,ERR,ERR,ERR,ERR,ERR,ERR,ERR,ERR,ERR,ERR,ERR,ERR,ERR,ERR,34.0,80.0,35,0.0,0.0,0.0,0.0,0.0,0.0,0.0,0.0,0.0,0.0,0.0,0.0,0.0,0.0,0.0,0.0,64.4,0,116,56,50,65476,0,300,0,0,8,20529,65476,0,0,57672,80.0,0.0,0.0,0.0,0.0,0.0
2026-06-17T04:16:50,ERR,ERR,ERR,ERR,ERR,ERR,ERR,ERR,ERR,ERR,ERR,ERR,ERR,ERR,ERR,ERR,ERR,ERR,ERR,ERR,ERR,ERR,ERR,ERR,ERR,ERR,ERR,ERR,ERR,ERR,ERR,ERR,ERR,ERR,ERR,ERR,ERR,ERR,ERR,ERR,ERR,ERR,ERR,ERR,ERR,ERR,ERR,ERR,ERR,ERR,ERR,ERR,ERR,ERR,ERR,ERR,ERR,ERR,ERR,ERR,ERR,ERR,ERR,ERR,ERR,ERR,ERR,ERR,ERR,ERR,ERR,ERR,ERR,ERR,ERR,ERR,ERR,ERR,ERR,ERR,ERR,ERR,ERR,ERR,ERR,ERR,ERR,ERR,ERR,ERR,ERR,ERR,ERR,ERR,ERR,ERR,ERR,ERR,ERR,ERR,ERR,ERR,ERR,ERR,ERR,ERR,ERR,ERR,ERR,ERR,ERR,ERR,ERR,ERR,ERR,ERR,ERR,ERR,ERR,ERR,ERR,ERR,ERR,ERR,ERR,0.0,0.0,0.0,0.0,0.0,1.3936040501711995e+18,7.805,0.0,0,0,4,0,7300,-0.0,0,0.0,0.0,0.0,0.0,0.0,0,0,0,0,0.0,0,0,0,0,0,0,0,0,0,0,0,0,0,0,0,0,0,0,0,0,0,0,0,0,0,0,0,0,0,0,0,0,0,32,30,30,62,65476,0,300,0,0,8,21553,0.0,-107605600.0,0.0,0.0,0.0,0.0,0.0,0.0,0.0,0.0,0.0,0.0,0.0,0.0,0.0,0.0,0.0,0.0,0.0,0.0,0.0,0.0,2.004,2.004,-0.0,0.0,0.0,0.0,0.0,0.0,5548.0,0.0,6948.0,0.0,0.0,-107615280.0,-107615328.0,0.0,0.0,0.0,0.0,63,5.848081828453021e+35,-0.0,0.0,0.0,0.0,0.0,0.0,0.0,0.0,0,0,0,0.0,0.0,0.0,0.0,0.0,0.0,0.0,0.0,0.0,0.0,0.0,0.0,0.0,0.0,0.0,0.0,0,-107875648.0,63,0.0,126,2.7184242562605685e+23,-0.0,ERR,ERR,ERR,ERR,ERR,ERR,ERR,ERR,ERR,ERR,ERR,ERR,ERR,ERR,ERR,ERR,ERR,ERR,ERR,ERR,ERR,ERR,ERR,ERR,ERR,ERR,ERR,ERR,ERR,ERR,ERR,ERR,ERR,ERR,ERR,ERR,ERR,ERR,ERR,ERR,ERR,ERR,ERR,ERR,ERR,ERR,ERR,ERR,ERR,ERR,ERR,ERR,ERR,ERR,ERR,ERR,ERR,ERR,ERR,ERR,ERR,ERR,ERR,ERR,ERR,ERR,ERR,34.0,80.0,35,0.0,0.0,0.0,0.0,0.0,0.0,0.0,0.0,0.0,0.0,0.0,0.0,0.0,0.0,0.0,0.0,64.4,0,116,56,50,65476,0,300,0,0,8,20529,65476,0,0,57672,80.0,0.0,0.0,0.0,0.0,0.0
2026-06-17T04:16:51,ERR,ERR,ERR,ERR,ERR,ERR,ERR,ERR,ERR,ERR,ERR,ERR,ERR,ERR,ERR,ERR,ERR,ERR,ERR,ERR,ERR,ERR,ERR,ERR,ERR,ERR,ERR,ERR,ERR,ERR,ERR,ERR,ERR,ERR,ERR,ERR,ERR,ERR,ERR,ERR,ERR,ERR,ERR,ERR,ERR,ERR,ERR,ERR,ERR,ERR,ERR,ERR,ERR,ERR,ERR,ERR,ERR,ERR,ERR,ERR,ERR,ERR,ERR,ERR,ERR,ERR,ERR,ERR,ERR,ERR,ERR,ERR,ERR,ERR,ERR,ERR,ERR,ERR,ERR,ERR,ERR,ERR,ERR,ERR,ERR,ERR,ERR,ERR,ERR,ERR,ERR,ERR,ERR,ERR,ERR,ERR,ERR,ERR,ERR,ERR,ERR,ERR,ERR,ERR,ERR,ERR,ERR,ERR,ERR,ERR,ERR,ERR,ERR,ERR,ERR,ERR,ERR,ERR,ERR,ERR,ERR,ERR,ERR,ERR,ERR,0.0,0.0,0.0,0.0,0.0,1.3936040501711995e+18,7.805,0.0,0,0,4,0,7300,-0.0,0,0.0,0.0,0.0,0.0,0.0,0,0,0,0,0.0,0,0,0,0,0,0,0,0,0,0,0,0,0,0,0,0,0,0,0,0,0,0,0,0,0,0,0,0,0,0,0,0,0,32,30,30,62,65476,0,300,0,0,8,21553,0.0,-107605600.0,0.0,0.0,0.0,0.0,0.0,0.0,0.0,0.0,0.0,0.0,0.0,0.0,0.0,0.0,0.0,0.0,0.0,0.0,0.0,0.0,2.004,2.004,-0.0,0.0,0.0,0.0,0.0,0.0,5548.0,0.0,6948.0,0.0,0.0,-107615280.0,-107615328.0,0.0,0.0,0.0,0.0,63,5.848081828453021e+35,-0.0,0.0,0.0,0.0,0.0,0.0,0.0,0.0,0,0,0,0.0,0.0,0.0,0.0,0.0,0.0,0.0,0.0,0.0,0.0,0.0,0.0,0.0,0.0,0.0,0.0,0,-107875648.0,63,0.0,126,2.7184242562605685e+23,-0.0,ERR,ERR,ERR,ERR,ERR,ERR,ERR,ERR,ERR,ERR,ERR,ERR,ERR,ERR,ERR,ERR,ERR,ERR,ERR,ERR,ERR,ERR,ERR,ERR,ERR,ERR,ERR,ERR,ERR,ERR,ERR,ERR,ERR,ERR,ERR,ERR,ERR,ERR,ERR,ERR,ERR,ERR,ERR,ERR,ERR,ERR,ERR,ERR,ERR,ERR,ERR,ERR,ERR,ERR,ERR,ERR,ERR,ERR,ERR,ERR,ERR,ERR,ERR,ERR,ERR,ERR,ERR,34.0,80.0,35,0.0,0.0,0.0,0.0,0.0,0.0,0.0,0.0,0.0,0.0,0.0,0.0,0.0,0.0,0.0,0.0,64.8,0,116,56,50,65476,0,300,0,0,8,20529,65476,0,0,57672,80.0,0.0,0.0,0.0,0.0,0.0
2026-06-17T04:16:52,ERR,ERR,ERR,ERR,ERR,ERR,ERR,ERR,ERR,ERR,ERR,ERR,ERR,ERR,ERR,ERR,ERR,ERR,ERR,ERR,ERR,ERR,ERR,ERR,ERR,ERR,ERR,ERR,ERR,ERR,ERR,ERR,ERR,ERR,ERR,ERR,ERR,ERR,ERR,ERR,ERR,ERR,ERR,ERR,ERR,ERR,ERR,ERR,ERR,ERR,ERR,ERR,ERR,ERR,ERR,ERR,ERR,ERR,ERR,ERR,ERR,ERR,ERR,ERR,ERR,ERR,ERR,ERR,ERR,ERR,ERR,ERR,ERR,ERR,ERR,ERR,ERR,ERR,ERR,ERR,ERR,ERR,ERR,ERR,ERR,ERR,ERR,ERR,ERR,ERR,ERR,ERR,ERR,ERR,ERR,ERR,ERR,ERR,ERR,ERR,ERR,ERR,ERR,ERR,ERR,ERR,ERR,ERR,ERR,ERR,ERR,ERR,ERR,ERR,ERR,ERR,ERR,ERR,ERR,ERR,ERR,ERR,ERR,ERR,ERR,0.0,0.0,0.0,0.0,0.0,1.3936040501711995e+18,7.805,0.0,0,0,4,0,7300,-0.0,0,0.0,0.0,0.0,0.0,0.0,0,0,0,0,0.0,0,0,0,0,0,0,0,0,0,0,0,0,0,0,0,0,0,0,0,0,0,0,0,0,0,0,0,0,0,0,0,0,0,32,30,30,62,65476,0,300,0,0,8,21553,0.0,-107605600.0,0.0,0.0,0.0,0.0,0.0,0.0,0.0,0.0,0.0,0.0,0.0,0.0,0.0,0.0,0.0,0.0,0.0,0.0,0.0,0.0,2.004,2.004,-0.0,0.0,0.0,0.0,0.0,0.0,5548.0,0.0,6948.0,0.0,0.0,-107615280.0,-107615328.0,0.0,0.0,0.0,0.0,63,5.848081828453021e+35,-0.0,0.0,0.0,0.0,0.0,0.0,0.0,0.0,0,0,0,0.0,0.0,0.0,0.0,0.0,0.0,0.0,0.0,0.0,0.0,0.0,0.0,0.0,0.0,0.0,0.0,0,-107875648.0,63,0.0,126,2.7184242562605685e+23,-0.0,ERR,ERR,ERR,ERR,ERR,ERR,ERR,ERR,ERR,ERR,ERR,ERR,ERR,ERR,ERR,ERR,ERR,ERR,ERR,ERR,ERR,ERR,ERR,ERR,ERR,ERR,ERR,ERR,ERR,ERR,ERR,ERR,ERR,ERR,ERR,ERR,ERR,ERR,ERR,ERR,ERR,ERR,ERR,ERR,ERR,ERR,ERR,ERR,ERR,ERR,ERR,ERR,ERR,ERR,ERR,ERR,ERR,ERR,ERR,ERR,ERR,ERR,ERR,ERR,ERR,ERR,ERR,34.0,80.0,35,0.0,0.0,0.0,0.0,0.0,0.0,0.0,0.0,0.0,0.0,0.0,0.0,0.0,0.0,0.0,0.0,64.8,0,116,56,50,65476,0,300,0,0,8,20529,65476,0,0,57672,80.0,0.0,0.0,0.0,0.0,0.0
2026-06-17T04:16:53,ERR,ERR,ERR,ERR,ERR,ERR,ERR,ERR,ERR,ERR,ERR,ERR,ERR,ERR,ERR,ERR,ERR,ERR,ERR,ERR,ERR,ERR,ERR,ERR,ERR,ERR,ERR,ERR,ERR,ERR,ERR,ERR,ERR,ERR,ERR,ERR,ERR,ERR,ERR,ERR,ERR,ERR,ERR,ERR,ERR,ERR,ERR,ERR,ERR,ERR,ERR,ERR,ERR,ERR,ERR,ERR,ERR,ERR,ERR,ERR,ERR,ERR,ERR,ERR,ERR,ERR,ERR,ERR,ERR,ERR,ERR,ERR,ERR,ERR,ERR,ERR,ERR,ERR,ERR,ERR,ERR,ERR,ERR,ERR,ERR,ERR,ERR,ERR,ERR,ERR,ERR,ERR,ERR,ERR,ERR,ERR,ERR,ERR,ERR,ERR,ERR,ERR,ERR,ERR,ERR,ERR,ERR,ERR,ERR,ERR,ERR,ERR,ERR,ERR,ERR,ERR,ERR,ERR,ERR,ERR,ERR,ERR,ERR,ERR,ERR,0.0,0.0,0.0,0.0,0.0,1.3936040501711995e+18,7.805,0.0,0,0,4,0,7300,-0.0,0,0.0,0.0,0.0,0.0,0.0,0,0,0,0,0.0,0,0,0,0,0,0,0,0,0,0,0,0,0,0,0,0,0,0,0,0,0,0,0,0,0,0,0,0,0,0,0,0,0,32,30,30,62,65476,0,300,0,0,8,21553,0.0,-107605600.0,0.0,0.0,0.0,0.0,0.0,0.0,0.0,0.0,0.0,0.0,0.0,0.0,0.0,0.0,0.0,0.0,0.0,0.0,0.0,0.0,2.004,2.004,-0.0,0.0,0.0,0.0,0.0,0.0,5548.0,-2.4229928044486764e+24,6944.0,0.0,0.0,-107615280.0,-107615328.0,0.0,0.0,0.0,0.0,63,5.848081828453021e+35,-0.0,0.0,0.0,0.0,0.0,0.0,0.0,0.0,0,0,0,0.0,0.0,0.0,0.0,0.0,0.0,0.0,0.0,0.0,0.0,0.0,0.0,0.0,0.0,0.0,0.0,0,-107875648.0,63,0.0,126,2.7184242562605685e+23,-0.0,ERR,ERR,ERR,ERR,ERR,ERR,ERR,ERR,ERR,ERR,ERR,ERR,ERR,ERR,ERR,ERR,ERR,ERR,ERR,ERR,ERR,ERR,ERR,ERR,ERR,ERR,ERR,ERR,ERR,ERR,ERR,ERR,ERR,ERR,ERR,ERR,ERR,ERR,ERR,ERR,ERR,ERR,ERR,ERR,ERR,ERR,ERR,ERR,ERR,ERR,ERR,ERR,ERR,ERR,ERR,ERR,ERR,ERR,ERR,ERR,ERR,ERR,ERR,ERR,ERR,ERR,ERR,34.0,80.0,35,0.0,0.0,0.0,0.0,0.0,0.0,0.0,0.0,0.0,0.0,0.0,0.0,0.0,0.0,0.0,0.0,64.4,0,116,56,50,65476,0,300,0,0,8,20529,65476,0,0,57672,80.0,0.0,0.0,0.0,0.0,0.0
2026-06-17T04:16:54,ERR,ERR,ERR,ERR,ERR,ERR,ERR,ERR,ERR,ERR,ERR,ERR,ERR,ERR,ERR,ERR,ERR,ERR,ERR,ERR,ERR,ERR,ERR,ERR,ERR,ERR,ERR,ERR,ERR,ERR,ERR,ERR,ERR,ERR,ERR,ERR,ERR,ERR,ERR,ERR,ERR,ERR,ERR,ERR,ERR,ERR,ERR,ERR,ERR,ERR,ERR,ERR,ERR,ERR,ERR,ERR,ERR,ERR,ERR,ERR,ERR,ERR,ERR,ERR,ERR,ERR,ERR,ERR,ERR,ERR,ERR,ERR,ERR,ERR,ERR,ERR,ERR,ERR,ERR,ERR,ERR,ERR,ERR,ERR,ERR,ERR,ERR,ERR,ERR,ERR,ERR,ERR,ERR,ERR,ERR,ERR,ERR,ERR,ERR,ERR,ERR,ERR,ERR,ERR,ERR,ERR,ERR,ERR,ERR,ERR,ERR,ERR,ERR,ERR,ERR,ERR,ERR,ERR,ERR,ERR,ERR,ERR,ERR,ERR,ERR,0.0,0.0,0.0,0.0,0.0,1.3936040501711995e+18,7.805,0.0,0,0,4,0,7300,-0.0,0,0.0,0.0,0.0,0.0,0.0,0,0,0,0,0.0,0,0,0,0,0,0,0,0,0,0,0,0,0,0,0,0,0,0,0,0,0,0,0,0,0,0,0,0,0,0,0,0,0,32,30,30,62,65476,0,300,0,0,8,21553,0.0,-107605600.0,0.0,0.0,0.0,0.0,0.0,0.0,0.0,0.0,0.0,0.0,0.0,0.0,0.0,0.0,0.0,0.0,0.0,0.0,0.0,0.0,2.004,2.004,-0.0,0.0,0.0,0.0,0.0,0.0,5548.0,-2.4229928044486764e+24,6944.0,0.0,0.0,-107615280.0,-107615328.0,0.0,0.0,0.0,0.0,63,5.848081828453021e+35,-0.0,0.0,0.0,0.0,0.0,0.0,0.0,0.0,0,0,0,0.0,0.0,0.0,0.0,0.0,0.0,0.0,0.0,0.0,0.0,0.0,0.0,0.0,0.0,0.0,0.0,0,-107875648.0,63,0.0,126,2.7184242562605685e+23,-0.0,ERR,ERR,ERR,ERR,ERR,ERR,ERR,ERR,ERR,ERR,ERR,ERR,ERR,ERR,ERR,ERR,ERR,ERR,ERR,ERR,ERR,ERR,ERR,ERR,ERR,ERR,ERR,ERR,ERR,ERR,ERR,ERR,ERR,ERR,ERR,ERR,ERR,ERR,ERR,ERR,ERR,ERR,ERR,ERR,ERR,ERR,ERR,ERR,ERR,ERR,ERR,ERR,ERR,ERR,ERR,ERR,ERR,ERR,ERR,ERR,ERR,ERR,ERR,ERR,ERR,ERR,ERR,34.0,80.0,35,0.0,0.0,0.0,0.0,0.0,0.0,0.0,0.0,0.0,0.0,0.0,0.0,0.0,0.0,0.0,0.0,64.4,0,116,56,50,65476,0,300,0,0,8,20529,65476,0,0,57672,80.0,0.0,0.0,0.0,0.0,0.0
2026-06-17T04:16:55,ERR,ERR,ERR,ERR,ERR,ERR,ERR,ERR,ERR,ERR,ERR,ERR,ERR,ERR,ERR,ERR,ERR,ERR,ERR,ERR,ERR,ERR,ERR,ERR,ERR,ERR,ERR,ERR,ERR,ERR,ERR,ERR,ERR,ERR,ERR,ERR,ERR,ERR,ERR,ERR,ERR,ERR,ERR,ERR,ERR,ERR,ERR,ERR,ERR,ERR,ERR,ERR,ERR,ERR,ERR,ERR,ERR,ERR,ERR,ERR,ERR,ERR,ERR,ERR,ERR,ERR,ERR,ERR,ERR,ERR,ERR,ERR,ERR,ERR,ERR,ERR,ERR,ERR,ERR,ERR,ERR,ERR,ERR,ERR,ERR,ERR,ERR,ERR,ERR,ERR,ERR,ERR,ERR,ERR,ERR,ERR,ERR,ERR,ERR,ERR,ERR,ERR,ERR,ERR,ERR,ERR,ERR,ERR,ERR,ERR,ERR,ERR,ERR,ERR,ERR,ERR,ERR,ERR,ERR,ERR,ERR,ERR,ERR,ERR,ERR,0.0,0.0,0.0,0.0,0.0,1.3936040501711995e+18,7.805,0.0,0,0,4,0,7300,-0.0,0,0.0,0.0,0.0,0.0,0.0,0,0,0,0,0.0,0,0,0,0,0,0,0,0,0,0,0,0,0,0,0,0,0,0,0,0,0,0,0,0,0,0,0,0,0,0,0,0,0,32,30,30,62,65476,0,300,0,0,8,21553,0.0,-107605600.0,0.0,0.0,0.0,0.0,0.0,0.0,0.0,0.0,0.0,0.0,0.0,0.0,0.0,0.0,0.0,0.0,0.0,0.0,0.0,0.0,2.004,2.004,-0.0,0.0,0.0,0.0,0.0,0.0,5548.0,-2.4229928044486764e+24,6944.0,0.0,0.0,-107615280.0,-107615328.0,0.0,0.0,0.0,0.0,63,5.848081828453021e+35,-0.0,0.0,0.0,0.0,0.0,0.0,0.0,0.0,0,0,0,0.0,0.0,0.0,0.0,0.0,0.0,0.0,0.0,0.0,0.0,0.0,0.0,0.0,0.0,0.0,0.0,0,-107875648.0,63,0.0,126,2.7184242562605685e+23,-0.0,ERR,ERR,ERR,ERR,ERR,ERR,ERR,ERR,ERR,ERR,ERR,ERR,ERR,ERR,ERR,ERR,ERR,ERR,ERR,ERR,ERR,ERR,ERR,ERR,ERR,ERR,ERR,ERR,ERR,ERR,ERR,ERR,ERR,ERR,ERR,ERR,ERR,ERR,ERR,ERR,ERR,ERR,ERR,ERR,ERR,ERR,ERR,ERR,ERR,ERR,ERR,ERR,ERR,ERR,ERR,ERR,ERR,ERR,ERR,ERR,ERR,ERR,ERR,ERR,ERR,ERR,ERR,34.0,80.0,35,0.0,0.0,0.0,0.0,0.0,0.0,0.0,0.0,0.0,0.0,0.0,0.0,0.0,0.0,0.0,0.0,64.4,0,116,56,50,65476,0,300,0,0,8,20529,65476,0,0,57672,80.0,0.0,0.0,0.0,0.0,0.0
2026-06-17T04:16:56,ERR,ERR,ERR,ERR,ERR,ERR,ERR,ERR,ERR,ERR,ERR,ERR,ERR,ERR,ERR,ERR,ERR,ERR,ERR,ERR,ERR,ERR,ERR,ERR,ERR,ERR,ERR,ERR,ERR,ERR,ERR,ERR,ERR,ERR,ERR,ERR,ERR,ERR,ERR,ERR,ERR,ERR,ERR,ERR,ERR,ERR,ERR,ERR,ERR,ERR,ERR,ERR,ERR,ERR,ERR,ERR,ERR,ERR,ERR,ERR,ERR,ERR,ERR,ERR,ERR,ERR,ERR,ERR,ERR,ERR,ERR,ERR,ERR,ERR,ERR,ERR,ERR,ERR,ERR,ERR,ERR,ERR,ERR,ERR,ERR,ERR,ERR,ERR,ERR,ERR,ERR,ERR,ERR,ERR,ERR,ERR,ERR,ERR,ERR,ERR,ERR,ERR,ERR,ERR,ERR,ERR,ERR,ERR,ERR,ERR,ERR,ERR,ERR,ERR,ERR,ERR,ERR,ERR,ERR,ERR,ERR,ERR,ERR,ERR,ERR,0.0,0.0,0.0,0.0,0.0,1.3936040501711995e+18,7.805,0.0,0,0,4,0,7300,-0.0,0,0.0,0.0,0.0,0.0,0.0,0,0,0,0,0.0,0,0,0,0,0,0,0,0,0,0,0,0,0,0,0,0,0,0,0,0,0,0,0,0,0,0,0,0,0,0,0,0,0,32,30,30,62,65476,0,300,0,0,8,21553,0.0,-107605600.0,0.0,0.0,0.0,0.0,0.0,0.0,0.0,0.0,0.0,0.0,0.0,0.0,0.0,0.0,0.0,0.0,0.0,0.0,0.0,0.0,2.004,2.004,-0.0,0.0,0.0,0.0,0.0,0.0,5548.0,-2.4229928044486764e+24,6944.0,0.0,0.0,-107615280.0,-107615328.0,0.0,0.0,0.0,0.0,63,5.848081828453021e+35,-0.0,0.0,0.0,0.0,0.0,0.0,0.0,0.0,0,0,0,0.0,0.0,0.0,0.0,0.0,0.0,0.0,0.0,0.0,0.0,0.0,0.0,0.0,0.0,0.0,0.0,0,-107875648.0,63,0.0,126,2.7184242562605685e+23,-0.0,ERR,ERR,ERR,ERR,ERR,ERR,ERR,ERR,ERR,ERR,ERR,ERR,ERR,ERR,ERR,ERR,ERR,ERR,ERR,ERR,ERR,ERR,ERR,ERR,ERR,ERR,ERR,ERR,ERR,ERR,ERR,ERR,ERR,ERR,ERR,ERR,ERR,ERR,ERR,ERR,ERR,ERR,ERR,ERR,ERR,ERR,ERR,ERR,ERR,ERR,ERR,ERR,ERR,ERR,ERR,ERR,ERR,ERR,ERR,ERR,ERR,ERR,ERR,ERR,ERR,ERR,ERR,34.0,80.0,35,0.0,0.0,0.0,0.0,0.0,0.0,0.0,0.0,0.0,0.0,0.0,0.0,0.0,0.0,0.0,0.0,64.4,0,116,56,50,65476,0,300,0,0,8,20529,65476,0,0,57672,80.0,0.0,0.0,0.0,0.0,0.0
2026-06-17T04:16:57,ERR,ERR,ERR,ERR,ERR,ERR,ERR,ERR,ERR,ERR,ERR,ERR,ERR,ERR,ERR,ERR,ERR,ERR,ERR,ERR,ERR,ERR,ERR,ERR,ERR,ERR,ERR,ERR,ERR,ERR,ERR,ERR,ERR,ERR,ERR,ERR,ERR,ERR,ERR,ERR,ERR,ERR,ERR,ERR,ERR,ERR,ERR,ERR,ERR,ERR,ERR,ERR,ERR,ERR,ERR,ERR,ERR,ERR,ERR,ERR,ERR,ERR,ERR,ERR,ERR,ERR,ERR,ERR,ERR,ERR,ERR,ERR,ERR,ERR,ERR,ERR,ERR,ERR,ERR,ERR,ERR,ERR,ERR,ERR,ERR,ERR,ERR,ERR,ERR,ERR,ERR,ERR,ERR,ERR,ERR,ERR,ERR,ERR,ERR,ERR,ERR,ERR,ERR,ERR,ERR,ERR,ERR,ERR,ERR,ERR,ERR,ERR,ERR,ERR,ERR,ERR,ERR,ERR,ERR,ERR,ERR,ERR,ERR,ERR,ERR,0.0,0.0,0.0,0.0,0.0,1.3936040501711995e+18,7.805,0.0,0,0,4,0,7300,-0.0,0,0.0,0.0,0.0,0.0,0.0,0,0,0,0,0.0,0,0,0,0,0,0,0,0,0,0,0,0,0,0,0,0,0,0,0,0,0,0,0,0,0,0,0,0,0,0,0,0,0,32,30,30,62,65476,0,300,0,0,8,21553,0.0,-107605600.0,0.0,0.0,0.0,0.0,0.0,0.0,0.0,0.0,0.0,0.0,0.0,0.0,0.0,0.0,0.0,0.0,0.0,0.0,0.0,0.0,2.004,2.004,-0.0,0.0,0.0,0.0,0.0,0.0,5548.0,-2.4229928044486764e+24,6944.0,0.0,0.0,-107615280.0,-107615328.0,0.0,0.0,0.0,0.0,63,5.848081828453021e+35,-0.0,0.0,0.0,0.0,0.0,0.0,0.0,0.0,0,0,0,0.0,0.0,0.0,0.0,0.0,0.0,0.0,0.0,0.0,0.0,0.0,0.0,0.0,0.0,0.0,0.0,0,-107875648.0,63,0.0,126,2.7184242562605685e+23,-0.0,ERR,ERR,ERR,ERR,ERR,ERR,ERR,ERR,ERR,ERR,ERR,ERR,ERR,ERR,ERR,ERR,ERR,ERR,ERR,ERR,ERR,ERR,ERR,ERR,ERR,ERR,ERR,ERR,ERR,ERR,ERR,ERR,ERR,ERR,ERR,ERR,ERR,ERR,ERR,ERR,ERR,ERR,ERR,ERR,ERR,ERR,ERR,ERR,ERR,ERR,ERR,ERR,ERR,ERR,ERR,ERR,ERR,ERR,ERR,ERR,ERR,ERR,ERR,ERR,ERR,ERR,ERR,34.0,80.0,35,0.0,0.0,0.0,0.0,0.0,0.0,0.0,0.0,0.0,0.0,0.0,0.0,0.0,0.0,0.0,0.0,64.4,0,116,56,50,65476,0,300,0,0,8,20529,65476,0,0,57672,80.0,0.0,0.0,0.0,0.0,0.0
2026-06-17T04:16:58,ERR,ERR,ERR,ERR,ERR,ERR,ERR,ERR,ERR,ERR,ERR,ERR,ERR,ERR,ERR,ERR,ERR,ERR,ERR,ERR,ERR,ERR,ERR,ERR,ERR,ERR,ERR,ERR,ERR,ERR,ERR,ERR,ERR,ERR,ERR,ERR,ERR,ERR,ERR,ERR,ERR,ERR,ERR,ERR,ERR,ERR,ERR,ERR,ERR,ERR,ERR,ERR,ERR,ERR,ERR,ERR,ERR,ERR,ERR,ERR,ERR,ERR,ERR,ERR,ERR,ERR,ERR,ERR,ERR,ERR,ERR,ERR,ERR,ERR,ERR,ERR,ERR,ERR,ERR,ERR,ERR,ERR,ERR,ERR,ERR,ERR,ERR,ERR,ERR,ERR,ERR,ERR,ERR,ERR,ERR,ERR,ERR,ERR,ERR,ERR,ERR,ERR,ERR,ERR,ERR,ERR,ERR,ERR,ERR,ERR,ERR,ERR,ERR,ERR,ERR,ERR,ERR,ERR,ERR,ERR,ERR,ERR,ERR,ERR,ERR,0.0,0.0,0.0,0.0,0.0,1.3936040501711995e+18,7.805,0.0,0,0,4,0,7300,-0.0,0,0.0,0.0,0.0,0.0,0.0,0,0,0,0,0.0,0,0,0,0,0,0,0,0,0,0,0,0,0,0,0,0,0,0,0,0,0,0,0,0,0,0,0,0,0,0,0,0,0,32,30,30,62,65476,0,300,0,0,8,21553,0.0,-107605600.0,0.0,0.0,0.0,0.0,0.0,0.0,0.0,0.0,0.0,0.0,0.0,0.0,0.0,0.0,0.0,0.0,0.0,0.0,0.0,0.0,2.004,2.004,-0.0,0.0,0.0,0.0,0.0,0.0,5573.0,2.4229930926790526e+24,6957.0,0.0,0.0,-107615280.0,-107615328.0,0.0,0.0,0.0,0.0,63,152018387730432.0,0.059,0.0,0.0,0.0,0.0,0.0,0.0,0.0,0,0,0,0.0,0.0,0.0,0.0,0.0,0.0,0.0,0.0,0.0,0.0,0.0,0.0,0.0,0.0,0.0,0.0,0,-107875648.0,63,0.0,126,2.7184242562605685e+23,-0.0,ERR,ERR,ERR,ERR,ERR,ERR,ERR,ERR,ERR,ERR,ERR,ERR,ERR,ERR,ERR,ERR,ERR,ERR,ERR,ERR,ERR,ERR,ERR,ERR,ERR,ERR,ERR,ERR,ERR,ERR,ERR,ERR,ERR,ERR,ERR,ERR,ERR,ERR,ERR,ERR,ERR,ERR,ERR,ERR,ERR,ERR,ERR,ERR,ERR,ERR,ERR,ERR,ERR,ERR,ERR,ERR,ERR,ERR,ERR,ERR,ERR,ERR,ERR,ERR,ERR,ERR,ERR,34.0,80.0,35,0.0,0.0,0.0,0.0,0.0,0.0,0.0,0.0,0.0,0.0,0.0,0.0,0.0,0.0,0.0,0.0,64.4,0,116,56,50,65476,0,300,0,0,8,20529,65476,0,0,57672,80.0,0.0,0.0,0.0,0.0,0.0
2026-06-17T04:16:59,ERR,ERR,ERR,ERR,ERR,ERR,ERR,ERR,ERR,ERR,ERR,ERR,ERR,ERR,ERR,ERR,ERR,ERR,ERR,ERR,ERR,ERR,ERR,ERR,ERR,ERR,ERR,ERR,ERR,ERR,ERR,ERR,ERR,ERR,ERR,ERR,ERR,ERR,ERR,ERR,ERR,ERR,ERR,ERR,ERR,ERR,ERR,ERR,ERR,ERR,ERR,ERR,ERR,ERR,ERR,ERR,ERR,ERR,ERR,ERR,ERR,ERR,ERR,ERR,ERR,ERR,ERR,ERR,ERR,ERR,ERR,ERR,ERR,ERR,ERR,ERR,ERR,ERR,ERR,ERR,ERR,ERR,ERR,ERR,ERR,ERR,ERR,ERR,ERR,ERR,ERR,ERR,ERR,ERR,ERR,ERR,ERR,ERR,ERR,ERR,ERR,ERR,ERR,ERR,ERR,ERR,ERR,ERR,ERR,ERR,ERR,ERR,ERR,ERR,ERR,ERR,ERR,ERR,ERR,ERR,ERR,ERR,ERR,ERR,ERR,0.0,0.0,0.0,0.0,0.0,1.3936040501711995e+18,7.805,0.0,0,0,4,0,7300,-0.0,0,0.0,0.0,0.0,0.0,0.0,0,0,0,0,0.0,0,0,0,0,0,0,0,0,0,0,0,0,0,0,0,0,0,0,0,0,0,0,0,0,0,0,0,0,0,0,0,0,0,32,30,30,62,65476,0,300,0,0,8,21553,0.0,-107605600.0,0.0,0.0,0.0,0.0,0.0,0.0,0.0,0.0,0.0,0.0,0.0,0.0,0.0,0.0,0.0,0.0,0.0,0.0,0.0,0.0,2.004,2.004,-0.0,0.0,0.0,0.0,0.0,0.0,5573.0,2.4229930926790526e+24,6957.0,0.0,0.0,-107615280.0,-107615328.0,0.0,0.0,0.0,0.0,63,152018387730432.0,0.059,0.0,0.0,0.0,0.0,0.0,0.0,0.0,0,0,0,0.0,0.0,0.0,0.0,0.0,0.0,0.0,0.0,0.0,0.0,0.0,0.0,0.0,0.0,0.0,0.0,0,-107875648.0,63,0.0,126,2.7184242562605685e+23,-0.0,ERR,ERR,ERR,ERR,ERR,ERR,ERR,ERR,ERR,ERR,ERR,ERR,ERR,ERR,ERR,ERR,ERR,ERR,ERR,ERR,ERR,ERR,ERR,ERR,ERR,ERR,ERR,ERR,ERR,ERR,ERR,ERR,ERR,ERR,ERR,ERR,ERR,ERR,ERR,ERR,ERR,ERR,ERR,ERR,ERR,ERR,ERR,ERR,ERR,ERR,ERR,ERR,ERR,ERR,ERR,ERR,ERR,ERR,ERR,ERR,ERR,ERR,ERR,ERR,ERR,ERR,ERR,34.0,80.0,35,0.0,0.0,0.0,0.0,0.0,0.0,0.0,0.0,0.0,0.0,0.0,0.0,0.0,0.0,0.0,0.0,64.4,0,116,56,50,65476,0,300,0,0,8,20529,65476,0,0,57672,80.0,0.0,0.0,0.0,0.0,0.0
2026-06-17T04:17:00,ERR,ERR,ERR,ERR,ERR,ERR,ERR,ERR,ERR,ERR,ERR,ERR,ERR,ERR,ERR,ERR,ERR,ERR,ERR,ERR,ERR,ERR,ERR,ERR,ERR,ERR,ERR,ERR,ERR,ERR,ERR,ERR,ERR,ERR,ERR,ERR,ERR,ERR,ERR,ERR,ERR,ERR,ERR,ERR,ERR,ERR,ERR,ERR,ERR,ERR,ERR,ERR,ERR,ERR,ERR,ERR,ERR,ERR,ERR,ERR,ERR,ERR,ERR,ERR,ERR,ERR,ERR,ERR,ERR,ERR,ERR,ERR,ERR,ERR,ERR,ERR,ERR,ERR,ERR,ERR,ERR,ERR,ERR,ERR,ERR,ERR,ERR,ERR,ERR,ERR,ERR,ERR,ERR,ERR,ERR,ERR,ERR,ERR,ERR,ERR,ERR,ERR,ERR,ERR,ERR,ERR,ERR,ERR,ERR,ERR,ERR,ERR,ERR,ERR,ERR,ERR,ERR,ERR,ERR,ERR,ERR,ERR,ERR,ERR,ERR,0.0,0.0,0.0,0.0,0.0,1.3936040501711995e+18,7.805,0.0,0,0,4,0,7300,-0.0,0,0.0,0.0,0.0,0.0,0.0,0,0,0,0,0.0,0,0,0,0,0,0,0,0,0,0,0,0,0,0,0,0,0,0,0,0,0,0,0,0,0,0,0,0,0,0,0,0,0,32,30,30,62,65476,0,300,0,0,8,21553,0.0,-107605600.0,0.0,0.0,0.0,0.0,0.0,0.0,0.0,0.0,0.0,0.0,0.0,0.0,0.0,0.0,0.0,0.0,0.0,0.0,0.0,0.0,2.004,2.004,-0.0,0.0,0.0,0.0,0.0,0.0,5573.0,2.4229930926790526e+24,6957.0,0.0,0.0,-107615280.0,-107615328.0,0.0,0.0,0.0,0.0,63,152018387730432.0,0.059,0.0,0.0,0.0,0.0,0.0,0.0,0.0,0,0,0,0.0,0.0,0.0,0.0,0.0,0.0,0.0,0.0,0.0,0.0,0.0,0.0,0.0,0.0,0.0,0.0,0,-107875648.0,63,0.0,126,2.7184242562605685e+23,-0.0,ERR,ERR,ERR,ERR,ERR,ERR,ERR,ERR,ERR,ERR,ERR,ERR,ERR,ERR,ERR,ERR,ERR,ERR,ERR,ERR,ERR,ERR,ERR,ERR,ERR,ERR,ERR,ERR,ERR,ERR,ERR,ERR,ERR,ERR,ERR,ERR,ERR,ERR,ERR,ERR,ERR,ERR,ERR,ERR,ERR,ERR,ERR,ERR,ERR,ERR,ERR,ERR,ERR,ERR,ERR,ERR,ERR,ERR,ERR,ERR,ERR,ERR,ERR,ERR,ERR,ERR,ERR,34.0,80.0,35,0.0,0.0,0.0,0.0,0.0,0.0,0.0,0.0,0.0,0.0,0.0,0.0,0.0,0.0,0.0,0.0,64.8,0,116,56,50,65476,0,300,0,0,8,20529,65476,0,0,57672,80.0,0.0,0.0,0.0,0.0,0.0
2026-06-17T04:17:01,ERR,ERR,ERR,ERR,ERR,ERR,ERR,ERR,ERR,ERR,ERR,ERR,ERR,ERR,ERR,ERR,ERR,ERR,ERR,ERR,ERR,ERR,ERR,ERR,ERR,ERR,ERR,ERR,ERR,ERR,ERR,ERR,ERR,ERR,ERR,ERR,ERR,ERR,ERR,ERR,ERR,ERR,ERR,ERR,ERR,ERR,ERR,ERR,ERR,ERR,ERR,ERR,ERR,ERR,ERR,ERR,ERR,ERR,ERR,ERR,ERR,ERR,ERR,ERR,ERR,ERR,ERR,ERR,ERR,ERR,ERR,ERR,ERR,ERR,ERR,ERR,ERR,ERR,ERR,ERR,ERR,ERR,ERR,ERR,ERR,ERR,ERR,ERR,ERR,ERR,ERR,ERR,ERR,ERR,ERR,ERR,ERR,ERR,ERR,ERR,ERR,ERR,ERR,ERR,ERR,ERR,ERR,ERR,ERR,ERR,ERR,ERR,ERR,ERR,ERR,ERR,ERR,ERR,ERR,ERR,ERR,ERR,ERR,ERR,ERR,0.0,0.0,0.0,0.0,0.0,1.3936040501711995e+18,7.805,0.0,0,0,4,0,7300,-0.0,0,0.0,0.0,0.0,0.0,0.0,0,0,0,0,0.0,0,0,0,0,0,0,0,0,0,0,0,0,0,0,0,0,0,0,0,0,0,0,0,0,0,0,0,0,0,0,0,0,0,32,30,30,62,65476,0,300,0,0,8,21553,0.0,-107605600.0,0.0,0.0,0.0,0.0,0.0,0.0,0.0,0.0,0.0,0.0,0.0,0.0,0.0,0.0,0.0,0.0,0.0,0.0,0.0,0.0,2.004,2.004,-0.0,0.0,0.0,0.0,0.0,0.0,5573.0,2.4229930926790526e+24,6957.0,0.0,0.0,-107615280.0,-107615328.0,0.0,0.0,0.0,0.0,63,152018387730432.0,0.059,0.0,0.0,0.0,0.0,0.0,0.0,0.0,0,0,0,0.0,0.0,0.0,0.0,0.0,0.0,0.0,0.0,0.0,0.0,0.0,0.0,0.0,0.0,0.0,0.0,0,-107875648.0,63,0.0,126,2.7184242562605685e+23,-0.0,ERR,ERR,ERR,ERR,ERR,ERR,ERR,ERR,ERR,ERR,ERR,ERR,ERR,ERR,ERR,ERR,ERR,ERR,ERR,ERR,ERR,ERR,ERR,ERR,ERR,ERR,ERR,ERR,ERR,ERR,ERR,ERR,ERR,ERR,ERR,ERR,ERR,ERR,ERR,ERR,ERR,ERR,ERR,ERR,ERR,ERR,ERR,ERR,ERR,ERR,ERR,ERR,ERR,ERR,ERR,ERR,ERR,ERR,ERR,ERR,ERR,ERR,ERR,ERR,ERR,ERR,ERR,34.0,80.0,35,0.0,0.0,0.0,0.0,0.0,0.0,0.0,0.0,0.0,0.0,0.0,0.0,0.0,0.0,0.0,0.0,64.8,0,116,56,50,65476,0,300,0,0,8,20529,65476,0,0,57672,80.0,0.0,0.0,0.0,0.0,0.0
2026-06-17T04:17:02,ERR,ERR,ERR,ERR,ERR,ERR,ERR,ERR,ERR,ERR,ERR,ERR,ERR,ERR,ERR,ERR,ERR,ERR,ERR,ERR,ERR,ERR,ERR,ERR,ERR,ERR,ERR,ERR,ERR,ERR,ERR,ERR,ERR,ERR,ERR,ERR,ERR,ERR,ERR,ERR,ERR,ERR,ERR,ERR,ERR,ERR,ERR,ERR,ERR,ERR,ERR,ERR,ERR,ERR,ERR,ERR,ERR,ERR,ERR,ERR,ERR,ERR,ERR,ERR,ERR,ERR,ERR,ERR,ERR,ERR,ERR,ERR,ERR,ERR,ERR,ERR,ERR,ERR,ERR,ERR,ERR,ERR,ERR,ERR,ERR,ERR,ERR,ERR,ERR,ERR,ERR,ERR,ERR,ERR,ERR,ERR,ERR,ERR,ERR,ERR,ERR,ERR,ERR,ERR,ERR,ERR,ERR,ERR,ERR,ERR,ERR,ERR,ERR,ERR,ERR,ERR,ERR,ERR,ERR,ERR,ERR,ERR,ERR,ERR,ERR,0.0,0.0,0.0,0.0,0.0,1.3936040501711995e+18,7.805,0.0,0,0,4,0,7300,-0.0,0,0.0,0.0,0.0,0.0,0.0,0,0,0,0,0.0,0,0,0,0,0,0,0,0,0,0,0,0,0,0,0,0,0,0,0,0,0,0,0,0,0,0,0,0,0,0,0,0,0,32,30,30,62,65476,0,300,0,0,8,21553,0.0,-107605600.0,0.0,0.0,0.0,0.0,0.0,0.0,0.0,0.0,0.0,0.0,0.0,0.0,0.0,0.0,0.0,0.0,0.0,0.0,0.0,0.0,2.004,2.004,-0.0,0.0,0.0,0.0,0.0,0.0,5573.0,2.4229930926790526e+24,6957.0,0.0,0.0,-107615280.0,-107615328.0,0.0,0.0,0.0,0.0,63,152018387730432.0,0.059,0.0,0.0,0.0,0.0,0.0,0.0,0.0,0,0,0,0.0,0.0,0.0,0.0,0.0,0.0,0.0,0.0,0.0,0.0,0.0,0.0,0.0,0.0,0.0,0.0,0,-107875648.0,63,0.0,126,2.7184242562605685e+23,-0.0,ERR,ERR,ERR,ERR,ERR,ERR,ERR,ERR,ERR,ERR,ERR,ERR,ERR,ERR,ERR,ERR,ERR,ERR,ERR,ERR,ERR,ERR,ERR,ERR,ERR,ERR,ERR,ERR,ERR,ERR,ERR,ERR,ERR,ERR,ERR,ERR,ERR,ERR,ERR,ERR,ERR,ERR,ERR,ERR,ERR,ERR,ERR,ERR,ERR,ERR,ERR,ERR,ERR,ERR,ERR,ERR,ERR,ERR,ERR,ERR,ERR,ERR,ERR,ERR,ERR,ERR,ERR,34.0,80.0,35,0.0,0.0,0.0,0.0,0.0,0.0,0.0,0.0,0.0,0.0,0.0,0.0,0.0,0.0,0.0,0.0,64.4,0,116,56,50,65476,0,300,0,0,8,20529,65476,0,0,57672,80.0,0.0,0.0,0.0,0.0,0.0
2026-06-17T04:17:03,ERR,ERR,ERR,ERR,ERR,ERR,ERR,ERR,ERR,ERR,ERR,ERR,ERR,ERR,ERR,ERR,ERR,ERR,ERR,ERR,ERR,ERR,ERR,ERR,ERR,ERR,ERR,ERR,ERR,ERR,ERR,ERR,ERR,ERR,ERR,ERR,ERR,ERR,ERR,ERR,ERR,ERR,ERR,ERR,ERR,ERR,ERR,ERR,ERR,ERR,ERR,ERR,ERR,ERR,ERR,ERR,ERR,ERR,ERR,ERR,ERR,ERR,ERR,ERR,ERR,ERR,ERR,ERR,ERR,ERR,ERR,ERR,ERR,ERR,ERR,ERR,ERR,ERR,ERR,ERR,ERR,ERR,ERR,ERR,ERR,ERR,ERR,ERR,ERR,ERR,ERR,ERR,ERR,ERR,ERR,ERR,ERR,ERR,ERR,ERR,ERR,ERR,ERR,ERR,ERR,ERR,ERR,ERR,ERR,ERR,ERR,ERR,ERR,ERR,ERR,ERR,ERR,ERR,ERR,ERR,ERR,ERR,ERR,ERR,ERR,0.0,0.0,0.0,0.0,0.0,1.3936040501711995e+18,7.805,0.0,0,0,4,0,7300,-0.0,0,0.0,0.0,0.0,0.0,0.0,0,0,0,0,0.0,0,0,0,0,0,0,0,0,0,0,0,0,0,0,0,0,0,0,0,0,0,0,0,0,0,0,0,0,0,0,0,0,0,32,30,30,62,65476,0,300,0,0,8,21553,0.0,-107605600.0,0.0,0.0,0.0,0.0,0.0,0.0,0.0,0.0,0.0,0.0,0.0,0.0,0.0,0.0,0.0,0.0,0.0,0.0,0.0,0.0,2.004,2.004,-0.0,0.0,0.0,0.0,0.0,0.0,5578.0,8608200704.0,6952.0,0.0,0.0,-107615280.0,-107615328.0,0.0,0.0,0.0,0.0,63,2.718429300292151e+23,0.0,0.0,0.0,0.0,0.0,0.0,0.0,0.0,0,0,0,0.0,0.0,0.0,0.0,0.0,0.0,0.0,0.0,0.0,0.0,0.0,0.0,0.0,0.0,0.0,0.0,0,-107875648.0,63,0.0,126,2.7184242562605685e+23,-0.0,ERR,ERR,ERR,ERR,ERR,ERR,ERR,ERR,ERR,ERR,ERR,ERR,ERR,ERR,ERR,ERR,ERR,ERR,ERR,ERR,ERR,ERR,ERR,ERR,ERR,ERR,ERR,ERR,ERR,ERR,ERR,ERR,ERR,ERR,ERR,ERR,ERR,ERR,ERR,ERR,ERR,ERR,ERR,ERR,ERR,ERR,ERR,ERR,ERR,ERR,ERR,ERR,ERR,ERR,ERR,ERR,ERR,ERR,ERR,ERR,ERR,ERR,ERR,ERR,ERR,ERR,ERR,34.0,80.0,35,0.0,0.0,0.0,0.0,0.0,0.0,0.0,0.0,0.0,0.0,0.0,0.0,0.0,0.0,0.0,0.0,64.4,0,116,56,50,65476,0,300,0,0,8,20529,65476,0,0,57672,80.0,0.0,0.0,0.0,0.0,0.0
2026-06-17T04:17:04,ERR,ERR,ERR,ERR,ERR,ERR,ERR,ERR,ERR,ERR,ERR,ERR,ERR,ERR,ERR,ERR,ERR,ERR,ERR,ERR,ERR,ERR,ERR,ERR,ERR,ERR,ERR,ERR,ERR,ERR,ERR,ERR,ERR,ERR,ERR,ERR,ERR,ERR,ERR,ERR,ERR,ERR,ERR,ERR,ERR,ERR,ERR,ERR,ERR,ERR,ERR,ERR,ERR,ERR,ERR,ERR,ERR,ERR,ERR,ERR,ERR,ERR,ERR,ERR,ERR,ERR,ERR,ERR,ERR,ERR,ERR,ERR,ERR,ERR,ERR,ERR,ERR,ERR,ERR,ERR,ERR,ERR,ERR,ERR,ERR,ERR,ERR,ERR,ERR,ERR,ERR,ERR,ERR,ERR,ERR,ERR,ERR,ERR,ERR,ERR,ERR,ERR,ERR,ERR,ERR,ERR,ERR,ERR,ERR,ERR,ERR,ERR,ERR,ERR,ERR,ERR,ERR,ERR,ERR,ERR,ERR,ERR,ERR,ERR,ERR,0.0,0.0,0.0,0.0,0.0,1.3936040501711995e+18,7.805,0.0,0,0,4,0,7300,-0.0,0,0.0,0.0,0.0,0.0,0.0,0,0,0,0,0.0,0,0,0,0,0,0,0,0,0,0,0,0,0,0,0,0,0,0,0,0,0,0,0,0,0,0,0,0,0,0,0,0,0,32,30,30,62,65476,0,300,0,0,8,21553,0.0,-107605600.0,0.0,0.0,0.0,0.0,0.0,0.0,0.0,0.0,0.0,0.0,0.0,0.0,0.0,0.0,0.0,0.0,0.0,0.0,0.0,0.0,2.004,2.004,-0.0,0.0,0.0,0.0,0.0,0.0,5578.0,8608200704.0,6952.0,0.0,0.0,-107615280.0,-107615328.0,0.0,0.0,0.0,0.0,63,2.718429300292151e+23,0.0,0.0,0.0,0.0,0.0,0.0,0.0,0.0,0,0,0,0.0,0.0,0.0,0.0,0.0,0.0,0.0,0.0,0.0,0.0,0.0,0.0,0.0,0.0,0.0,0.0,0,-107875648.0,63,0.0,126,2.7184242562605685e+23,-0.0,ERR,ERR,ERR,ERR,ERR,ERR,ERR,ERR,ERR,ERR,ERR,ERR,ERR,ERR,ERR,ERR,ERR,ERR,ERR,ERR,ERR,ERR,ERR,ERR,ERR,ERR,ERR,ERR,ERR,ERR,ERR,ERR,ERR,ERR,ERR,ERR,ERR,ERR,ERR,ERR,ERR,ERR,ERR,ERR,ERR,ERR,ERR,ERR,ERR,ERR,ERR,ERR,ERR,ERR,ERR,ERR,ERR,ERR,ERR,ERR,ERR,ERR,ERR,ERR,ERR,ERR,ERR,34.0,80.0,35,0.0,0.0,0.0,0.0,0.0,0.0,0.0,0.0,0.0,0.0,0.0,0.0,0.0,0.0,0.0,0.0,64.4,0,116,56,50,65476,0,300,0,0,8,20529,65476,0,0,57672,80.0,0.0,0.0,0.0,0.0,0.0
2026-06-17T04:17:05,ERR,ERR,ERR,ERR,ERR,ERR,ERR,ERR,ERR,ERR,ERR,ERR,ERR,ERR,ERR,ERR,ERR,ERR,ERR,ERR,ERR,ERR,ERR,ERR,ERR,ERR,ERR,ERR,ERR,ERR,ERR,ERR,ERR,ERR,ERR,ERR,ERR,ERR,ERR,ERR,ERR,ERR,ERR,ERR,ERR,ERR,ERR,ERR,ERR,ERR,ERR,ERR,ERR,ERR,ERR,ERR,ERR,ERR,ERR,ERR,ERR,ERR,ERR,ERR,ERR,ERR,ERR,ERR,ERR,ERR,ERR,ERR,ERR,ERR,ERR,ERR,ERR,ERR,ERR,ERR,ERR,ERR,ERR,ERR,ERR,ERR,ERR,ERR,ERR,ERR,ERR,ERR,ERR,ERR,ERR,ERR,ERR,ERR,ERR,ERR,ERR,ERR,ERR,ERR,ERR,ERR,ERR,ERR,ERR,ERR,ERR,ERR,ERR,ERR,ERR,ERR,ERR,ERR,ERR,ERR,ERR,ERR,ERR,ERR,ERR,0.0,0.0,0.0,0.0,0.0,1.3936040501711995e+18,7.805,0.0,0,0,4,0,7300,-0.0,0,0.0,0.0,0.0,0.0,0.0,0,0,0,0,0.0,0,0,0,0,0,0,0,0,0,0,0,0,0,0,0,0,0,0,0,0,0,0,0,0,0,0,0,0,0,0,0,0,0,32,30,30,62,65476,0,300,0,0,8,21553,0.0,-107605600.0,0.0,0.0,0.0,0.0,0.0,0.0,0.0,0.0,0.0,0.0,0.0,0.0,0.0,0.0,0.0,0.0,0.0,0.0,0.0,0.0,2.004,2.004,-0.0,0.0,0.0,0.0,0.0,0.0,5578.0,8608200704.0,6952.0,0.0,0.0,-107615280.0,-107615328.0,0.0,0.0,0.0,0.0,63,2.718429300292151e+23,0.0,0.0,0.0,0.0,0.0,0.0,0.0,0.0,0,0,0,0.0,0.0,0.0,0.0,0.0,0.0,0.0,0.0,0.0,0.0,0.0,0.0,0.0,0.0,0.0,0.0,0,-107875648.0,63,0.0,126,2.7184242562605685e+23,-0.0,ERR,ERR,ERR,ERR,ERR,ERR,ERR,ERR,ERR,ERR,ERR,ERR,ERR,ERR,ERR,ERR,ERR,ERR,ERR,ERR,ERR,ERR,ERR,ERR,ERR,ERR,ERR,ERR,ERR,ERR,ERR,ERR,ERR,ERR,ERR,ERR,ERR,ERR,ERR,ERR,ERR,ERR,ERR,ERR,ERR,ERR,ERR,ERR,ERR,ERR,ERR,ERR,ERR,ERR,ERR,ERR,ERR,ERR,ERR,ERR,ERR,ERR,ERR,ERR,ERR,ERR,ERR,34.0,80.0,35,0.0,0.0,0.0,0.0,0.0,0.0,0.0,0.0,0.0,0.0,0.0,0.0,0.0,0.0,0.0,0.0,64.4,0,116,56,50,65476,0,300,0,0,8,20529,65476,0,0,57672,80.0,0.0,0.0,0.0,0.0,0.0
2026-06-17T04:17:06,ERR,ERR,ERR,ERR,ERR,ERR,ERR,ERR,ERR,ERR,ERR,ERR,ERR,ERR,ERR,ERR,ERR,ERR,ERR,ERR,ERR,ERR,ERR,ERR,ERR,ERR,ERR,ERR,ERR,ERR,ERR,ERR,ERR,ERR,ERR,ERR,ERR,ERR,ERR,ERR,ERR,ERR,ERR,ERR,ERR,ERR,ERR,ERR,ERR,ERR,ERR,ERR,ERR,ERR,ERR,ERR,ERR,ERR,ERR,ERR,ERR,ERR,ERR,ERR,ERR,ERR,ERR,ERR,ERR,ERR,ERR,ERR,ERR,ERR,ERR,ERR,ERR,ERR,ERR,ERR,ERR,ERR,ERR,ERR,ERR,ERR,ERR,ERR,ERR,ERR,ERR,ERR,ERR,ERR,ERR,ERR,ERR,ERR,ERR,ERR,ERR,ERR,ERR,ERR,ERR,ERR,ERR,ERR,ERR,ERR,ERR,ERR,ERR,ERR,ERR,ERR,ERR,ERR,ERR,ERR,ERR,ERR,ERR,ERR,ERR,0.0,0.0,0.0,0.0,0.0,1.3936040501711995e+18,7.805,0.0,0,0,4,0,7300,-0.0,0,0.0,0.0,0.0,0.0,0.0,0,0,0,0,0.0,0,0,0,0,0,0,0,0,0,0,0,0,0,0,0,0,0,0,0,0,0,0,0,0,0,0,0,0,0,0,0,0,0,32,30,30,62,65476,0,300,0,0,8,21553,0.0,-107605600.0,0.0,0.0,0.0,0.0,0.0,0.0,0.0,0.0,0.0,0.0,0.0,0.0,0.0,0.0,0.0,0.0,0.0,0.0,0.0,0.0,2.004,2.004,-0.0,0.0,0.0,0.0,0.0,0.0,5578.0,8608200704.0,6952.0,0.0,0.0,-107615280.0,-107615328.0,0.0,0.0,0.0,0.0,63,2.718429300292151e+23,0.0,0.0,0.0,0.0,0.0,0.0,0.0,0.0,0,0,0,0.0,0.0,0.0,0.0,0.0,0.0,0.0,0.0,0.0,0.0,0.0,0.0,0.0,0.0,0.0,0.0,0,-107875648.0,63,0.0,126,2.7184242562605685e+23,-0.0,ERR,ERR,ERR,ERR,ERR,ERR,ERR,ERR,ERR,ERR,ERR,ERR,ERR,ERR,ERR,ERR,ERR,ERR,ERR,ERR,ERR,ERR,ERR,ERR,ERR,ERR,ERR,ERR,ERR,ERR,ERR,ERR,ERR,ERR,ERR,ERR,ERR,ERR,ERR,ERR,ERR,ERR,ERR,ERR,ERR,ERR,ERR,ERR,ERR,ERR,ERR,ERR,ERR,ERR,ERR,ERR,ERR,ERR,ERR,ERR,ERR,ERR,ERR,ERR,ERR,ERR,ERR,34.0,80.0,35,0.0,0.0,0.0,0.0,0.0,0.0,0.0,0.0,0.0,0.0,0.0,0.0,0.0,0.0,0.0,0.0,64.4,0,116,56,50,65476,0,300,0,0,8,20529,65476,0,0,57672,80.0,0.0,0.0,0.0,0.0,0.0
2026-06-17T04:17:07,ERR,ERR,ERR,ERR,ERR,ERR,ERR,ERR,ERR,ERR,ERR,ERR,ERR,ERR,ERR,ERR,ERR,ERR,ERR,ERR,ERR,ERR,ERR,ERR,ERR,ERR,ERR,ERR,ERR,ERR,ERR,ERR,ERR,ERR,ERR,ERR,ERR,ERR,ERR,ERR,ERR,ERR,ERR,ERR,ERR,ERR,ERR,ERR,ERR,ERR,ERR,ERR,ERR,ERR,ERR,ERR,ERR,ERR,ERR,ERR,ERR,ERR,ERR,ERR,ERR,ERR,ERR,ERR,ERR,ERR,ERR,ERR,ERR,ERR,ERR,ERR,ERR,ERR,ERR,ERR,ERR,ERR,ERR,ERR,ERR,ERR,ERR,ERR,ERR,ERR,ERR,ERR,ERR,ERR,ERR,ERR,ERR,ERR,ERR,ERR,ERR,ERR,ERR,ERR,ERR,ERR,ERR,ERR,ERR,ERR,ERR,ERR,ERR,ERR,ERR,ERR,ERR,ERR,ERR,ERR,ERR,ERR,ERR,ERR,ERR,0.0,0.0,0.0,0.0,0.0,1.3936040501711995e+18,7.805,0.0,0,0,4,0,7300,-0.0,0,0.0,0.0,0.0,0.0,0.0,0,0,0,0,0.0,0,0,0,0,0,0,0,0,0,0,0,0,0,0,0,0,0,0,0,0,0,0,0,0,0,0,0,0,0,0,0,0,0,32,30,30,62,65476,0,300,0,0,8,21553,0.0,-107605600.0,0.0,0.0,0.0,0.0,0.0,0.0,0.0,0.0,0.0,0.0,0.0,0.0,0.0,0.0,0.0,0.0,0.0,0.0,0.0,0.0,2.004,2.004,-0.0,0.0,0.0,0.0,0.0,0.0,5578.0,8608200704.0,6952.0,0.0,0.0,-107615280.0,-107615328.0,0.0,0.0,0.0,0.0,63,2.718429300292151e+23,0.0,0.0,0.0,0.0,0.0,0.0,0.0,0.0,0,0,0,0.0,0.0,0.0,0.0,0.0,0.0,0.0,0.0,0.0,0.0,0.0,0.0,0.0,0.0,0.0,0.0,0,-107875648.0,63,0.0,126,2.7184242562605685e+23,-0.0,ERR,ERR,ERR,ERR,ERR,ERR,ERR,ERR,ERR,ERR,ERR,ERR,ERR,ERR,ERR,ERR,ERR,ERR,ERR,ERR,ERR,ERR,ERR,ERR,ERR,ERR,ERR,ERR,ERR,ERR,ERR,ERR,ERR,ERR,ERR,ERR,ERR,ERR,ERR,ERR,ERR,ERR,ERR,ERR,ERR,ERR,ERR,ERR,ERR,ERR,ERR,ERR,ERR,ERR,ERR,ERR,ERR,ERR,ERR,ERR,ERR,ERR,ERR,ERR,ERR,ERR,ERR,34.0,80.0,35,0.0,0.0,0.0,0.0,0.0,0.0,0.0,0.0,0.0,0.0,0.0,0.0,0.0,0.0,0.0,0.0,64.4,0,116,56,50,65476,0,300,0,0,8,20529,65476,0,0,57672,80.0,0.0,0.0,0.0,0.0,0.0
2026-06-17T04:17:08,ERR,ERR,ERR,ERR,ERR,ERR,ERR,ERR,ERR,ERR,ERR,ERR,ERR,ERR,ERR,ERR,ERR,ERR,ERR,ERR,ERR,ERR,ERR,ERR,ERR,ERR,ERR,ERR,ERR,ERR,ERR,ERR,ERR,ERR,ERR,ERR,ERR,ERR,ERR,ERR,ERR,ERR,ERR,ERR,ERR,ERR,ERR,ERR,ERR,ERR,ERR,ERR,ERR,ERR,ERR,ERR,ERR,ERR,ERR,ERR,ERR,ERR,ERR,ERR,ERR,ERR,ERR,ERR,ERR,ERR,ERR,ERR,ERR,ERR,ERR,ERR,ERR,ERR,ERR,ERR,ERR,ERR,ERR,ERR,ERR,ERR,ERR,ERR,ERR,ERR,ERR,ERR,ERR,ERR,ERR,ERR,ERR,ERR,ERR,ERR,ERR,ERR,ERR,ERR,ERR,ERR,ERR,ERR,ERR,ERR,ERR,ERR,ERR,ERR,ERR,ERR,ERR,ERR,ERR,ERR,ERR,ERR,ERR,ERR,ERR,0.0,0.0,0.0,0.0,0.0,1.3936040501711995e+18,7.805,0.0,0,0,4,0,7300,-0.0,0,0.0,0.0,0.0,0.0,0.0,0,0,0,0,0.0,0,0,0,0,0,0,0,0,0,0,0,0,0,0,0,0,0,0,0,0,0,0,0,0,0,0,0,0,0,0,0,0,0,32,30,30,62,65476,0,300,0,0,8,21553,0.0,-107605600.0,0.0,0.0,0.0,0.0,0.0,0.0,0.0,0.0,0.0,0.0,0.0,0.0,0.0,0.0,0.0,0.0,0.0,0.0,0.0,0.0,2.004,2.004,-0.0,0.0,0.0,0.0,0.0,0.0,5579.0,564147041337344.0,6955.0,0.0,0.0,-107615280.0,-107615328.0,0.0,0.0,0.0,0.0,63,4.950427050461716e+32,0.0,0.0,0.0,0.0,0.0,0.0,0.0,0.0,0,0,0,0.0,0.0,0.0,0.0,0.0,0.0,0.0,0.0,0.0,0.0,0.0,0.0,0.0,0.0,0.0,0.0,0,-107875648.0,63,0.0,126,2.7184242562605685e+23,-0.0,ERR,ERR,ERR,ERR,ERR,ERR,ERR,ERR,ERR,ERR,ERR,ERR,ERR,ERR,ERR,ERR,ERR,ERR,ERR,ERR,ERR,ERR,ERR,ERR,ERR,ERR,ERR,ERR,ERR,ERR,ERR,ERR,ERR,ERR,ERR,ERR,ERR,ERR,ERR,ERR,ERR,ERR,ERR,ERR,ERR,ERR,ERR,ERR,ERR,ERR,ERR,ERR,ERR,ERR,ERR,ERR,ERR,ERR,ERR,ERR,ERR,ERR,ERR,ERR,ERR,ERR,ERR,34.0,80.0,35,0.0,0.0,0.0,0.0,0.0,0.0,0.0,0.0,0.0,0.0,0.0,0.0,0.0,0.0,0.0,0.0,64.8,0,116,56,50,65476,0,300,0,0,8,20529,65476,0,0,57672,80.0,0.0,0.0,0.0,0.0,0.0
2026-06-17T04:17:09,ERR,ERR,ERR,ERR,ERR,ERR,ERR,ERR,ERR,ERR,ERR,ERR,ERR,ERR,ERR,ERR,ERR,ERR,ERR,ERR,ERR,ERR,ERR,ERR,ERR,ERR,ERR,ERR,ERR,ERR,ERR,ERR,ERR,ERR,ERR,ERR,ERR,ERR,ERR,ERR,ERR,ERR,ERR,ERR,ERR,ERR,ERR,ERR,ERR,ERR,ERR,ERR,ERR,ERR,ERR,ERR,ERR,ERR,ERR,ERR,ERR,ERR,ERR,ERR,ERR,ERR,ERR,ERR,ERR,ERR,ERR,ERR,ERR,ERR,ERR,ERR,ERR,ERR,ERR,ERR,ERR,ERR,ERR,ERR,ERR,ERR,ERR,ERR,ERR,ERR,ERR,ERR,ERR,ERR,ERR,ERR,ERR,ERR,ERR,ERR,ERR,ERR,ERR,ERR,ERR,ERR,ERR,ERR,ERR,ERR,ERR,ERR,ERR,ERR,ERR,ERR,ERR,ERR,ERR,ERR,ERR,ERR,ERR,ERR,ERR,0.0,0.0,0.0,0.0,0.0,1.3936040501711995e+18,7.805,0.0,0,0,4,0,7300,-0.0,0,0.0,0.0,0.0,0.0,0.0,0,0,0,0,0.0,0,0,0,0,0,0,0,0,0,0,0,0,0,0,0,0,0,0,0,0,0,0,0,0,0,0,0,0,0,0,0,0,0,32,30,30,62,65476,0,300,0,0,8,21553,0.0,-107605600.0,0.0,0.0,0.0,0.0,0.0,0.0,0.0,0.0,0.0,0.0,0.0,0.0,0.0,0.0,0.0,0.0,0.0,0.0,0.0,0.0,2.004,2.004,-0.0,0.0,0.0,0.0,0.0,0.0,5579.0,564147041337344.0,6955.0,0.0,0.0,-107615280.0,-107615328.0,0.0,0.0,0.0,0.0,63,4.950427050461716e+32,0.0,0.0,0.0,0.0,0.0,0.0,0.0,0.0,0,0,0,0.0,0.0,0.0,0.0,0.0,0.0,0.0,0.0,0.0,0.0,0.0,0.0,0.0,0.0,0.0,0.0,0,-107875648.0,63,0.0,126,2.7184242562605685e+23,-0.0,ERR,ERR,ERR,ERR,ERR,ERR,ERR,ERR,ERR,ERR,ERR,ERR,ERR,ERR,ERR,ERR,ERR,ERR,ERR,ERR,ERR,ERR,ERR,ERR,ERR,ERR,ERR,ERR,ERR,ERR,ERR,ERR,ERR,ERR,ERR,ERR,ERR,ERR,ERR,ERR,ERR,ERR,ERR,ERR,ERR,ERR,ERR,ERR,ERR,ERR,ERR,ERR,ERR,ERR,ERR,ERR,ERR,ERR,ERR,ERR,ERR,ERR,ERR,ERR,ERR,ERR,ERR,34.0,80.0,35,0.0,0.0,0.0,0.0,0.0,0.0,0.0,0.0,0.0,0.0,0.0,0.0,0.0,0.0,0.0,0.0,64.4,0,116,56,50,65476,0,300,0,0,8,20529,65476,0,0,57672,80.0,0.0,0.0,0.0,0.0,0.0
2026-06-17T04:17:10,ERR,ERR,ERR,ERR,ERR,ERR,ERR,ERR,ERR,ERR,ERR,ERR,ERR,ERR,ERR,ERR,ERR,ERR,ERR,ERR,ERR,ERR,ERR,ERR,ERR,ERR,ERR,ERR,ERR,ERR,ERR,ERR,ERR,ERR,ERR,ERR,ERR,ERR,ERR,ERR,ERR,ERR,ERR,ERR,ERR,ERR,ERR,ERR,ERR,ERR,ERR,ERR,ERR,ERR,ERR,ERR,ERR,ERR,ERR,ERR,ERR,ERR,ERR,ERR,ERR,ERR,ERR,ERR,ERR,ERR,ERR,ERR,ERR,ERR,ERR,ERR,ERR,ERR,ERR,ERR,ERR,ERR,ERR,ERR,ERR,ERR,ERR,ERR,ERR,ERR,ERR,ERR,ERR,ERR,ERR,ERR,ERR,ERR,ERR,ERR,ERR,ERR,ERR,ERR,ERR,ERR,ERR,ERR,ERR,ERR,ERR,ERR,ERR,ERR,ERR,ERR,ERR,ERR,ERR,ERR,ERR,ERR,ERR,ERR,ERR,0.0,0.0,0.0,0.0,0.0,1.3936040501711995e+18,7.805,0.0,0,0,4,0,7300,-0.0,0,0.0,0.0,0.0,0.0,0.0,0,0,0,0,0.0,0,0,0,0,0,0,0,0,0,0,0,0,0,0,0,0,0,0,0,0,0,0,0,0,0,0,0,0,0,0,0,0,0,32,30,30,62,65476,0,300,0,0,8,21553,0.0,-107605600.0,0.0,0.0,0.0,0.0,0.0,0.0,0.0,0.0,0.0,0.0,0.0,0.0,0.0,0.0,0.0,0.0,0.0,0.0,0.0,0.0,2.004,2.004,-0.0,0.0,0.0,0.0,0.0,0.0,5579.0,564147041337344.0,6955.0,0.0,0.0,-107615280.0,-107615328.0,0.0,0.0,0.0,0.0,63,4.950427050461716e+32,0.0,0.0,0.0,0.0,0.0,0.0,0.0,0.0,0,0,0,0.0,0.0,0.0,0.0,0.0,0.0,0.0,0.0,0.0,0.0,0.0,0.0,0.0,0.0,0.0,0.0,0,-107875648.0,63,0.0,126,2.7184242562605685e+23,-0.0,ERR,ERR,ERR,ERR,ERR,ERR,ERR,ERR,ERR,ERR,ERR,ERR,ERR,ERR,ERR,ERR,ERR,ERR,ERR,ERR,ERR,ERR,ERR,ERR,ERR,ERR,ERR,ERR,ERR,ERR,ERR,ERR,ERR,ERR,ERR,ERR,ERR,ERR,ERR,ERR,ERR,ERR,ERR,ERR,ERR,ERR,ERR,ERR,ERR,ERR,ERR,ERR,ERR,ERR,ERR,ERR,ERR,ERR,ERR,ERR,ERR,ERR,ERR,ERR,ERR,ERR,ERR,34.0,80.0,35,0.0,0.0,0.0,0.0,0.0,0.0,0.0,0.0,0.0,0.0,0.0,0.0,0.0,0.0,0.0,0.0,64.4,0,116,56,50,65476,0,300,0,0,8,20529,65476,0,0,57672,80.0,0.0,0.0,0.0,0.0,0.0
2026-06-17T04:17:11,ERR,ERR,ERR,ERR,ERR,ERR,ERR,ERR,ERR,ERR,ERR,ERR,ERR,ERR,ERR,ERR,ERR,ERR,ERR,ERR,ERR,ERR,ERR,ERR,ERR,ERR,ERR,ERR,ERR,ERR,ERR,ERR,ERR,ERR,ERR,ERR,ERR,ERR,ERR,ERR,ERR,ERR,ERR,ERR,ERR,ERR,ERR,ERR,ERR,ERR,ERR,ERR,ERR,ERR,ERR,ERR,ERR,ERR,ERR,ERR,ERR,ERR,ERR,ERR,ERR,ERR,ERR,ERR,ERR,ERR,ERR,ERR,ERR,ERR,ERR,ERR,ERR,ERR,ERR,ERR,ERR,ERR,ERR,ERR,ERR,ERR,ERR,ERR,ERR,ERR,ERR,ERR,ERR,ERR,ERR,ERR,ERR,ERR,ERR,ERR,ERR,ERR,ERR,ERR,ERR,ERR,ERR,ERR,ERR,ERR,ERR,ERR,ERR,ERR,ERR,ERR,ERR,ERR,ERR,ERR,ERR,ERR,ERR,ERR,ERR,0.0,0.0,0.0,0.0,0.0,1.3936040501711995e+18,7.805,0.0,0,0,4,0,7300,-0.0,0,0.0,0.0,0.0,0.0,0.0,0,0,0,0,0.0,0,0,0,0,0,0,0,0,0,0,0,0,0,0,0,0,0,0,0,0,0,0,0,0,0,0,0,0,0,0,0,0,0,32,30,30,62,65476,0,300,0,0,8,21553,0.0,-107605600.0,0.0,0.0,0.0,0.0,0.0,0.0,0.0,0.0,0.0,0.0,0.0,0.0,0.0,0.0,0.0,0.0,0.0,0.0,0.0,0.0,2.004,2.004,-0.0,0.0,0.0,0.0,0.0,0.0,5579.0,564147041337344.0,6955.0,0.0,0.0,-107615280.0,-107615328.0,0.0,0.0,0.0,0.0,63,4.950427050461716e+32,0.0,0.0,0.0,0.0,0.0,0.0,0.0,0.0,0,0,0,0.0,0.0,0.0,0.0,0.0,0.0,0.0,0.0,0.0,0.0,0.0,0.0,0.0,0.0,0.0,0.0,0,-107875648.0,63,0.0,126,2.7184242562605685e+23,-0.0,ERR,ERR,ERR,ERR,ERR,ERR,ERR,ERR,ERR,ERR,ERR,ERR,ERR,ERR,ERR,ERR,ERR,ERR,ERR,ERR,ERR,ERR,ERR,ERR,ERR,ERR,ERR,ERR,ERR,ERR,ERR,ERR,ERR,ERR,ERR,ERR,ERR,ERR,ERR,ERR,ERR,ERR,ERR,ERR,ERR,ERR,ERR,ERR,ERR,ERR,ERR,ERR,ERR,ERR,ERR,ERR,ERR,ERR,ERR,ERR,ERR,ERR,ERR,ERR,ERR,ERR,ERR,34.0,80.0,35,0.0,0.0,0.0,0.0,0.0,0.0,0.0,0.0,0.0,0.0,0.0,0.0,0.0,0.0,0.0,0.0,64.4,0,116,56,50,65476,0,300,0,0,8,20529,65476,0,0,57672,80.0,0.0,0.0,0.0,0.0,0.0
2026-06-17T04:17:12,ERR,ERR,ERR,ERR,ERR,ERR,ERR,ERR,ERR,ERR,ERR,ERR,ERR,ERR,ERR,ERR,ERR,ERR,ERR,ERR,ERR,ERR,ERR,ERR,ERR,ERR,ERR,ERR,ERR,ERR,ERR,ERR,ERR,ERR,ERR,ERR,ERR,ERR,ERR,ERR,ERR,ERR,ERR,ERR,ERR,ERR,ERR,ERR,ERR,ERR,ERR,ERR,ERR,ERR,ERR,ERR,ERR,ERR,ERR,ERR,ERR,ERR,ERR,ERR,ERR,ERR,ERR,ERR,ERR,ERR,ERR,ERR,ERR,ERR,ERR,ERR,ERR,ERR,ERR,ERR,ERR,ERR,ERR,ERR,ERR,ERR,ERR,ERR,ERR,ERR,ERR,ERR,ERR,ERR,ERR,ERR,ERR,ERR,ERR,ERR,ERR,ERR,ERR,ERR,ERR,ERR,ERR,ERR,ERR,ERR,ERR,ERR,ERR,ERR,ERR,ERR,ERR,ERR,ERR,ERR,ERR,ERR,ERR,ERR,ERR,0.0,0.0,0.0,0.0,0.0,1.3936040501711995e+18,7.805,0.0,0,0,4,0,7300,-0.0,0,0.0,0.0,0.0,0.0,0.0,0,0,0,0,0.0,0,0,0,0,0,0,0,0,0,0,0,0,0,0,0,0,0,0,0,0,0,0,0,0,0,0,0,0,0,0,0,0,0,32,30,30,62,65476,0,300,0,0,8,21553,0.0,-107605600.0,0.0,0.0,0.0,0.0,0.0,0.0,0.0,0.0,0.0,0.0,0.0,0.0,0.0,0.0,0.0,0.0,0.0,0.0,0.0,0.0,2.004,2.004,-0.0,0.0,0.0,0.0,0.0,0.0,5579.0,564147041337344.0,6955.0,0.0,0.0,-107615280.0,-107615328.0,0.0,0.0,0.0,0.0,63,4.950427050461716e+32,0.0,0.0,0.0,0.0,0.0,0.0,0.0,0.0,0,0,0,0.0,0.0,0.0,0.0,0.0,0.0,0.0,0.0,0.0,0.0,0.0,0.0,0.0,0.0,0.0,0.0,0,-107875648.0,63,0.0,126,2.7184242562605685e+23,-0.0,ERR,ERR,ERR,ERR,ERR,ERR,ERR,ERR,ERR,ERR,ERR,ERR,ERR,ERR,ERR,ERR,ERR,ERR,ERR,ERR,ERR,ERR,ERR,ERR,ERR,ERR,ERR,ERR,ERR,ERR,ERR,ERR,ERR,ERR,ERR,ERR,ERR,ERR,ERR,ERR,ERR,ERR,ERR,ERR,ERR,ERR,ERR,ERR,ERR,ERR,ERR,ERR,ERR,ERR,ERR,ERR,ERR,ERR,ERR,ERR,ERR,ERR,ERR,ERR,ERR,ERR,ERR,34.0,80.0,35,0.0,0.0,0.0,0.0,0.0,0.0,0.0,0.0,0.0,0.0,0.0,0.0,0.0,0.0,0.0,0.0,64.4,0,116,56,50,65476,0,300,0,0,8,20529,65476,0,0,57672,80.0,0.0,0.0,0.0,0.0,0.0
2026-06-17T04:17:13,ERR,ERR,ERR,ERR,ERR,ERR,ERR,ERR,ERR,ERR,ERR,ERR,ERR,ERR,ERR,ERR,ERR,ERR,ERR,ERR,ERR,ERR,ERR,ERR,ERR,ERR,ERR,ERR,ERR,ERR,ERR,ERR,ERR,ERR,ERR,ERR,ERR,ERR,ERR,ERR,ERR,ERR,ERR,ERR,ERR,ERR,ERR,ERR,ERR,ERR,ERR,ERR,ERR,ERR,ERR,ERR,ERR,ERR,ERR,ERR,ERR,ERR,ERR,ERR,ERR,ERR,ERR,ERR,ERR,ERR,ERR,ERR,ERR,ERR,ERR,ERR,ERR,ERR,ERR,ERR,ERR,ERR,ERR,ERR,ERR,ERR,ERR,ERR,ERR,ERR,ERR,ERR,ERR,ERR,ERR,ERR,ERR,ERR,ERR,ERR,ERR,ERR,ERR,ERR,ERR,ERR,ERR,ERR,ERR,ERR,ERR,ERR,ERR,ERR,ERR,ERR,ERR,ERR,ERR,ERR,ERR,ERR,ERR,ERR,ERR,0.0,0.0,0.0,0.0,0.0,1.3936040501711995e+18,7.805,0.0,0,0,4,0,7300,-0.0,0,0.0,0.0,0.0,0.0,0.0,0,0,0,0,0.0,0,0,0,0,0,0,0,0,0,0,0,0,0,0,0,0,0,0,0,0,0,0,0,0,0,0,0,0,0,0,0,0,0,32,30,30,62,65476,0,300,0,0,8,21553,0.0,-107605600.0,0.0,0.0,0.0,0.0,0.0,0.0,0.0,0.0,0.0,0.0,0.0,0.0,0.0,0.0,0.0,0.0,0.0,0.0,0.0,0.0,2.004,2.004,-0.0,0.0,0.0,0.0,0.0,0.0,5579.0,564147041337344.0,6955.0,0.0,0.0,-107615280.0,-107615328.0,0.0,0.0,0.0,0.0,63,4.950427050461716e+32,0.0,0.0,0.0,0.0,0.0,0.0,0.0,0.0,0,0,0,0.0,0.0,0.0,0.0,0.0,0.0,0.0,0.0,0.0,0.0,0.0,0.0,0.0,0.0,0.0,0.0,0,-107875648.0,63,0.0,126,2.7184242562605685e+23,-0.0,ERR,ERR,ERR,ERR,ERR,ERR,ERR,ERR,ERR,ERR,ERR,ERR,ERR,ERR,ERR,ERR,ERR,ERR,ERR,ERR,ERR,ERR,ERR,ERR,ERR,ERR,ERR,ERR,ERR,ERR,ERR,ERR,ERR,ERR,ERR,ERR,ERR,ERR,ERR,ERR,ERR,ERR,ERR,ERR,ERR,ERR,ERR,ERR,ERR,ERR,ERR,ERR,ERR,ERR,ERR,ERR,ERR,ERR,ERR,ERR,ERR,ERR,ERR,ERR,ERR,ERR,ERR,34.0,80.0,35,0.0,0.0,0.0,0.0,0.0,0.0,0.0,0.0,0.0,0.0,0.0,0.0,0.0,0.0,0.0,0.0,64.4,0,116,56,50,65476,0,300,0,0,8,20529,65476,0,0,57672,80.0,0.0,0.0,0.0,0.0,0.0
2026-06-17T04:17:14,ERR,ERR,ERR,ERR,ERR,ERR,ERR,ERR,ERR,ERR,ERR,ERR,ERR,ERR,ERR,ERR,ERR,ERR,ERR,ERR,ERR,ERR,ERR,ERR,ERR,ERR,ERR,ERR,ERR,ERR,ERR,ERR,ERR,ERR,ERR,ERR,ERR,ERR,ERR,ERR,ERR,ERR,ERR,ERR,ERR,ERR,ERR,ERR,ERR,ERR,ERR,ERR,ERR,ERR,ERR,ERR,ERR,ERR,ERR,ERR,ERR,ERR,ERR,ERR,ERR,ERR,ERR,ERR,ERR,ERR,ERR,ERR,ERR,ERR,ERR,ERR,ERR,ERR,ERR,ERR,ERR,ERR,ERR,ERR,ERR,ERR,ERR,ERR,ERR,ERR,ERR,ERR,ERR,ERR,ERR,ERR,ERR,ERR,ERR,ERR,ERR,ERR,ERR,ERR,ERR,ERR,ERR,ERR,ERR,ERR,ERR,ERR,ERR,ERR,ERR,ERR,ERR,ERR,ERR,ERR,ERR,ERR,ERR,ERR,ERR,0.0,0.0,0.0,0.0,0.0,1.3936040501711995e+18,7.805,0.0,0,0,4,0,7300,-0.0,0,0.0,0.0,0.0,0.0,0.0,0,0,0,0,0.0,0,0,0,0,0,0,0,0,0,0,0,0,0,0,0,0,0,0,0,0,0,0,0,0,0,0,0,0,0,0,0,0,0,32,30,30,62,65476,0,300,0,0,8,21553,0.0,-107605600.0,0.0,0.0,0.0,0.0,0.0,0.0,0.0,0.0,0.0,0.0,0.0,0.0,0.0,0.0,0.0,0.0,0.0,0.0,0.0,0.0,2.004,2.004,-0.0,0.0,0.0,0.0,0.0,0.0,5577.0,564147041337344.0,6955.0,0.0,0.0,-107615280.0,-107615328.0,0.0,0.0,0.0,0.0,63,3.222027116945945e+26,0.0,0.0,0.0,0.0,0.0,0.0,0.0,0.0,0,0,0,0.0,0.0,0.0,0.0,0.0,0.0,0.0,0.0,0.0,0.0,0.0,0.0,0.0,0.0,0.0,0.0,0,-107875648.0,63,0.0,126,2.7184242562605685e+23,-0.0,ERR,ERR,ERR,ERR,ERR,ERR,ERR,ERR,ERR,ERR,ERR,ERR,ERR,ERR,ERR,ERR,ERR,ERR,ERR,ERR,ERR,ERR,ERR,ERR,ERR,ERR,ERR,ERR,ERR,ERR,ERR,ERR,ERR,ERR,ERR,ERR,ERR,ERR,ERR,ERR,ERR,ERR,ERR,ERR,ERR,ERR,ERR,ERR,ERR,ERR,ERR,ERR,ERR,ERR,ERR,ERR,ERR,ERR,ERR,ERR,ERR,ERR,ERR,ERR,ERR,ERR,ERR,34.0,80.0,35,0.0,0.0,0.0,0.0,0.0,0.0,0.0,0.0,0.0,0.0,0.0,0.0,0.0,0.0,0.0,0.0,64.4,0,116,56,50,65476,0,300,0,0,8,20529,65476,0,0,57672,80.0,0.0,0.0,0.0,0.0,0.0
2026-06-17T04:17:15,ERR,ERR,ERR,ERR,ERR,ERR,ERR,ERR,ERR,ERR,ERR,ERR,ERR,ERR,ERR,ERR,ERR,ERR,ERR,ERR,ERR,ERR,ERR,ERR,ERR,ERR,ERR,ERR,ERR,ERR,ERR,ERR,ERR,ERR,ERR,ERR,ERR,ERR,ERR,ERR,ERR,ERR,ERR,ERR,ERR,ERR,ERR,ERR,ERR,ERR,ERR,ERR,ERR,ERR,ERR,ERR,ERR,ERR,ERR,ERR,ERR,ERR,ERR,ERR,ERR,ERR,ERR,ERR,ERR,ERR,ERR,ERR,ERR,ERR,ERR,ERR,ERR,ERR,ERR,ERR,ERR,ERR,ERR,ERR,ERR,ERR,ERR,ERR,ERR,ERR,ERR,ERR,ERR,ERR,ERR,ERR,ERR,ERR,ERR,ERR,ERR,ERR,ERR,ERR,ERR,ERR,ERR,ERR,ERR,ERR,ERR,ERR,ERR,ERR,ERR,ERR,ERR,ERR,ERR,ERR,ERR,ERR,ERR,ERR,ERR,0.0,0.0,0.0,0.0,0.0,1.3936040501711995e+18,7.805,0.0,0,0,4,0,7300,-0.0,0,0.0,0.0,0.0,0.0,0.0,0,0,0,0,0.0,0,0,0,0,0,0,0,0,0,0,0,0,0,0,0,0,0,0,0,0,0,0,0,0,0,0,0,0,0,0,0,0,0,32,30,30,62,65476,0,300,0,0,8,21553,0.0,-107605600.0,0.0,0.0,0.0,0.0,0.0,0.0,0.0,0.0,0.0,0.0,0.0,0.0,0.0,0.0,0.0,0.0,0.0,0.0,0.0,0.0,2.004,2.004,-0.0,0.0,0.0,0.0,0.0,0.0,5577.0,564147041337344.0,6955.0,0.0,0.0,-107615280.0,-107615328.0,0.0,0.0,0.0,0.0,63,3.222027116945945e+26,0.0,0.0,0.0,0.0,0.0,0.0,0.0,0.0,0,0,0,0.0,0.0,0.0,0.0,0.0,0.0,0.0,0.0,0.0,0.0,0.0,0.0,0.0,0.0,0.0,0.0,0,-107875648.0,63,0.0,126,2.7184242562605685e+23,-0.0,ERR,ERR,ERR,ERR,ERR,ERR,ERR,ERR,ERR,ERR,ERR,ERR,ERR,ERR,ERR,ERR,ERR,ERR,ERR,ERR,ERR,ERR,ERR,ERR,ERR,ERR,ERR,ERR,ERR,ERR,ERR,ERR,ERR,ERR,ERR,ERR,ERR,ERR,ERR,ERR,ERR,ERR,ERR,ERR,ERR,ERR,ERR,ERR,ERR,ERR,ERR,ERR,ERR,ERR,ERR,ERR,ERR,ERR,ERR,ERR,ERR,ERR,ERR,ERR,ERR,ERR,ERR,34.0,80.0,35,0.0,0.0,0.0,0.0,0.0,0.0,0.0,0.0,0.0,0.0,0.0,0.0,0.0,0.0,0.0,0.0,64.4,0,116,56,50,65476,0,300,0,0,8,20529,65476,0,0,57672,80.0,0.0,0.0,0.0,0.0,0.0
2026-06-17T04:17:16,ERR,ERR,ERR,ERR,ERR,ERR,ERR,ERR,ERR,ERR,ERR,ERR,ERR,ERR,ERR,ERR,ERR,ERR,ERR,ERR,ERR,ERR,ERR,ERR,ERR,ERR,ERR,ERR,ERR,ERR,ERR,ERR,ERR,ERR,ERR,ERR,ERR,ERR,ERR,ERR,ERR,ERR,ERR,ERR,ERR,ERR,ERR,ERR,ERR,ERR,ERR,ERR,ERR,ERR,ERR,ERR,ERR,ERR,ERR,ERR,ERR,ERR,ERR,ERR,ERR,ERR,ERR,ERR,ERR,ERR,ERR,ERR,ERR,ERR,ERR,ERR,ERR,ERR,ERR,ERR,ERR,ERR,ERR,ERR,ERR,ERR,ERR,ERR,ERR,ERR,ERR,ERR,ERR,ERR,ERR,ERR,ERR,ERR,ERR,ERR,ERR,ERR,ERR,ERR,ERR,ERR,ERR,ERR,ERR,ERR,ERR,ERR,ERR,ERR,ERR,ERR,ERR,ERR,ERR,ERR,ERR,ERR,ERR,ERR,ERR,0.0,0.0,0.0,0.0,0.0,1.3936040501711995e+18,7.805,0.0,0,0,4,0,7300,-0.0,0,0.0,0.0,0.0,0.0,0.0,0,0,0,0,0.0,0,0,0,0,0,0,0,0,0,0,0,0,0,0,0,0,0,0,0,0,0,0,0,0,0,0,0,0,0,0,0,0,0,32,30,30,62,65476,0,300,0,0,8,21553,0.0,-107605600.0,0.0,0.0,0.0,0.0,0.0,0.0,0.0,0.0,0.0,0.0,0.0,0.0,0.0,0.0,0.0,0.0,0.0,0.0,0.0,0.0,2.004,2.004,-0.0,0.0,0.0,0.0,0.0,0.0,5577.0,564147041337344.0,6955.0,0.0,0.0,-107615280.0,-107615328.0,0.0,0.0,0.0,0.0,63,3.222027116945945e+26,0.0,0.0,0.0,0.0,0.0,0.0,0.0,0.0,0,0,0,0.0,0.0,0.0,0.0,0.0,0.0,0.0,0.0,0.0,0.0,0.0,0.0,0.0,0.0,0.0,0.0,0,-107875648.0,63,0.0,126,2.7184242562605685e+23,-0.0,ERR,ERR,ERR,ERR,ERR,ERR,ERR,ERR,ERR,ERR,ERR,ERR,ERR,ERR,ERR,ERR,ERR,ERR,ERR,ERR,ERR,ERR,ERR,ERR,ERR,ERR,ERR,ERR,ERR,ERR,ERR,ERR,ERR,ERR,ERR,ERR,ERR,ERR,ERR,ERR,ERR,ERR,ERR,ERR,ERR,ERR,ERR,ERR,ERR,ERR,ERR,ERR,ERR,ERR,ERR,ERR,ERR,ERR,ERR,ERR,ERR,ERR,ERR,ERR,ERR,ERR,ERR,34.0,80.0,35,0.0,0.0,0.0,0.0,0.0,0.0,0.0,0.0,0.0,0.0,0.0,0.0,0.0,0.0,0.0,0.0,64.4,0,116,56,50,65476,0,300,0,0,8,20529,65476,0,0,57672,80.0,0.0,0.0,0.0,0.0,0.0
2026-06-17T04:17:17,ERR,ERR,ERR,ERR,ERR,ERR,ERR,ERR,ERR,ERR,ERR,ERR,ERR,ERR,ERR,ERR,ERR,ERR,ERR,ERR,ERR,ERR,ERR,ERR,ERR,ERR,ERR,ERR,ERR,ERR,ERR,ERR,ERR,ERR,ERR,ERR,ERR,ERR,ERR,ERR,ERR,ERR,ERR,ERR,ERR,ERR,ERR,ERR,ERR,ERR,ERR,ERR,ERR,ERR,ERR,ERR,ERR,ERR,ERR,ERR,ERR,ERR,ERR,ERR,ERR,ERR,ERR,ERR,ERR,ERR,ERR,ERR,ERR,ERR,ERR,ERR,ERR,ERR,ERR,ERR,ERR,ERR,ERR,ERR,ERR,ERR,ERR,ERR,ERR,ERR,ERR,ERR,ERR,ERR,ERR,ERR,ERR,ERR,ERR,ERR,ERR,ERR,ERR,ERR,ERR,ERR,ERR,ERR,ERR,ERR,ERR,ERR,ERR,ERR,ERR,ERR,ERR,ERR,ERR,ERR,ERR,ERR,ERR,ERR,ERR,0.0,0.0,0.0,0.0,0.0,1.3936040501711995e+18,7.805,0.0,0,0,4,0,7300,-0.0,0,0.0,0.0,0.0,0.0,0.0,0,0,0,0,0.0,0,0,0,0,0,0,0,0,0,0,0,0,0,0,0,0,0,0,0,0,0,0,0,0,0,0,0,0,0,0,0,0,0,32,30,30,62,65476,0,300,0,0,8,21553,0.0,-107605600.0,0.0,0.0,0.0,0.0,0.0,0.0,0.0,0.0,0.0,0.0,0.0,0.0,0.0,0.0,0.0,0.0,0.0,0.0,0.0,0.0,2.004,2.004,-0.0,0.0,0.0,0.0,0.0,0.0,5577.0,564147041337344.0,6955.0,0.0,0.0,-107615280.0,-107615328.0,0.0,0.0,0.0,0.0,63,3.222027116945945e+26,0.0,0.0,0.0,0.0,0.0,0.0,0.0,0.0,0,0,0,0.0,0.0,0.0,0.0,0.0,0.0,0.0,0.0,0.0,0.0,0.0,0.0,0.0,0.0,0.0,0.0,0,-107875648.0,63,0.0,126,2.7184242562605685e+23,-0.0,ERR,ERR,ERR,ERR,ERR,ERR,ERR,ERR,ERR,ERR,ERR,ERR,ERR,ERR,ERR,ERR,ERR,ERR,ERR,ERR,ERR,ERR,ERR,ERR,ERR,ERR,ERR,ERR,ERR,ERR,ERR,ERR,ERR,ERR,ERR,ERR,ERR,ERR,ERR,ERR,ERR,ERR,ERR,ERR,ERR,ERR,ERR,ERR,ERR,ERR,ERR,ERR,ERR,ERR,ERR,ERR,ERR,ERR,ERR,ERR,ERR,ERR,ERR,ERR,ERR,ERR,ERR,34.0,80.0,35,0.0,0.0,0.0,0.0,0.0,0.0,0.0,0.0,0.0,0.0,0.0,0.0,0.0,0.0,0.0,0.0,64.4,0,116,56,50,65476,0,300,0,0,8,20529,65476,0,0,57672,80.0,0.0,0.0,0.0,0.0,0.0
2026-06-17T04:17:18,ERR,ERR,ERR,ERR,ERR,ERR,ERR,ERR,ERR,ERR,ERR,ERR,ERR,ERR,ERR,ERR,ERR,ERR,ERR,ERR,ERR,ERR,ERR,ERR,ERR,ERR,ERR,ERR,ERR,ERR,ERR,ERR,ERR,ERR,ERR,ERR,ERR,ERR,ERR,ERR,ERR,ERR,ERR,ERR,ERR,ERR,ERR,ERR,ERR,ERR,ERR,ERR,ERR,ERR,ERR,ERR,ERR,ERR,ERR,ERR,ERR,ERR,ERR,ERR,ERR,ERR,ERR,ERR,ERR,ERR,ERR,ERR,ERR,ERR,ERR,ERR,ERR,ERR,ERR,ERR,ERR,ERR,ERR,ERR,ERR,ERR,ERR,ERR,ERR,ERR,ERR,ERR,ERR,ERR,ERR,ERR,ERR,ERR,ERR,ERR,ERR,ERR,ERR,ERR,ERR,ERR,ERR,ERR,ERR,ERR,ERR,ERR,ERR,ERR,ERR,ERR,ERR,ERR,ERR,ERR,ERR,ERR,ERR,ERR,ERR,0.0,0.0,0.0,0.0,0.0,1.3936040501711995e+18,7.805,0.0,0,0,4,0,7300,-0.0,0,0.0,0.0,0.0,0.0,0.0,0,0,0,0,0.0,0,0,0,0,0,0,0,0,0,0,0,0,0,0,0,0,0,0,0,0,0,0,0,0,0,0,0,0,0,0,0,0,0,32,30,30,62,65476,0,300,0,0,8,21553,0.0,-107605600.0,0.0,0.0,0.0,0.0,0.0,0.0,0.0,0.0,0.0,0.0,0.0,0.0,0.0,0.0,0.0,0.0,0.0,0.0,0.0,0.0,2.004,2.004,-0.0,0.0,0.0,0.0,0.0,0.0,5577.0,564147041337344.0,6955.0,0.0,0.0,-107615280.0,-107615328.0,0.0,0.0,0.0,0.0,63,3.222027116945945e+26,0.0,0.0,0.0,0.0,0.0,0.0,0.0,0.0,0,0,0,0.0,0.0,0.0,0.0,0.0,0.0,0.0,0.0,0.0,0.0,0.0,0.0,0.0,0.0,0.0,0.0,0,-107875648.0,63,0.0,126,2.7184242562605685e+23,-0.0,ERR,ERR,ERR,ERR,ERR,ERR,ERR,ERR,ERR,ERR,ERR,ERR,ERR,ERR,ERR,ERR,ERR,ERR,ERR,ERR,ERR,ERR,ERR,ERR,ERR,ERR,ERR,ERR,ERR,ERR,ERR,ERR,ERR,ERR,ERR,ERR,ERR,ERR,ERR,ERR,ERR,ERR,ERR,ERR,ERR,ERR,ERR,ERR,ERR,ERR,ERR,ERR,ERR,ERR,ERR,ERR,ERR,ERR,ERR,ERR,ERR,ERR,ERR,ERR,ERR,ERR,ERR,34.0,80.0,35,0.0,0.0,0.0,0.0,0.0,0.0,0.0,0.0,0.0,0.0,0.0,0.0,0.0,0.0,0.0,0.0,64.4,0,116,56,50,65476,0,300,0,0,8,20529,65476,0,0,57672,80.0,0.0,0.0,0.0,0.0,0.0
2026-06-17T04:17:19,ERR,ERR,ERR,ERR,ERR,ERR,ERR,ERR,ERR,ERR,ERR,ERR,ERR,ERR,ERR,ERR,ERR,ERR,ERR,ERR,ERR,ERR,ERR,ERR,ERR,ERR,ERR,ERR,ERR,ERR,ERR,ERR,ERR,ERR,ERR,ERR,ERR,ERR,ERR,ERR,ERR,ERR,ERR,ERR,ERR,ERR,ERR,ERR,ERR,ERR,ERR,ERR,ERR,ERR,ERR,ERR,ERR,ERR,ERR,ERR,ERR,ERR,ERR,ERR,ERR,ERR,ERR,ERR,ERR,ERR,ERR,ERR,ERR,ERR,ERR,ERR,ERR,ERR,ERR,ERR,ERR,ERR,ERR,ERR,ERR,ERR,ERR,ERR,ERR,ERR,ERR,ERR,ERR,ERR,ERR,ERR,ERR,ERR,ERR,ERR,ERR,ERR,ERR,ERR,ERR,ERR,ERR,ERR,ERR,ERR,ERR,ERR,ERR,ERR,ERR,ERR,ERR,ERR,ERR,ERR,ERR,ERR,ERR,ERR,ERR,0.0,0.0,0.0,0.0,0.0,1.3936040501711995e+18,7.805,0.0,0,0,4,0,7300,-0.0,0,0.0,0.0,0.0,0.0,0.0,0,0,0,0,0.0,0,0,0,0,0,0,0,0,0,0,0,0,0,0,0,0,0,0,0,0,0,0,0,0,0,0,0,0,0,0,0,0,0,32,30,30,62,65476,0,300,0,0,8,21553,0.0,-107605600.0,0.0,0.0,0.0,0.0,0.0,0.0,0.0,0.0,0.0,0.0,0.0,0.0,0.0,0.0,0.0,0.0,0.0,0.0,0.0,0.0,2.004,2.004,-0.0,0.0,0.0,0.0,0.0,0.0,5579.0,-2.004,6971.0,0.0,0.0,-107615280.0,-107615328.0,0.0,0.0,0.0,0.0,63,4.950427050461716e+32,-107614968.0,0.0,0.0,0.0,0.0,0.0,0.0,0.0,0,0,0,0.0,0.0,0.0,0.0,0.0,0.0,0.0,0.0,0.0,0.0,0.0,0.0,0.0,0.0,0.0,0.0,0,-107875648.0,63,0.0,126,2.7184242562605685e+23,-0.0,ERR,ERR,ERR,ERR,ERR,ERR,ERR,ERR,ERR,ERR,ERR,ERR,ERR,ERR,ERR,ERR,ERR,ERR,ERR,ERR,ERR,ERR,ERR,ERR,ERR,ERR,ERR,ERR,ERR,ERR,ERR,ERR,ERR,ERR,ERR,ERR,ERR,ERR,ERR,ERR,ERR,ERR,ERR,ERR,ERR,ERR,ERR,ERR,ERR,ERR,ERR,ERR,ERR,ERR,ERR,ERR,ERR,ERR,ERR,ERR,ERR,ERR,ERR,ERR,ERR,ERR,ERR,34.0,80.0,35,0.0,0.0,0.0,0.0,0.0,0.0,0.0,0.0,0.0,0.0,0.0,0.0,0.0,0.0,0.0,0.0,64.4,0,116,56,50,65476,0,300,0,0,8,20529,65476,0,0,57672,80.0,0.0,0.0,0.0,0.0,0.0
2026-06-17T04:17:20,ERR,ERR,ERR,ERR,ERR,ERR,ERR,ERR,ERR,ERR,ERR,ERR,ERR,ERR,ERR,ERR,ERR,ERR,ERR,ERR,ERR,ERR,ERR,ERR,ERR,ERR,ERR,ERR,ERR,ERR,ERR,ERR,ERR,ERR,ERR,ERR,ERR,ERR,ERR,ERR,ERR,ERR,ERR,ERR,ERR,ERR,ERR,ERR,ERR,ERR,ERR,ERR,ERR,ERR,ERR,ERR,ERR,ERR,ERR,ERR,ERR,ERR,ERR,ERR,ERR,ERR,ERR,ERR,ERR,ERR,ERR,ERR,ERR,ERR,ERR,ERR,ERR,ERR,ERR,ERR,ERR,ERR,ERR,ERR,ERR,ERR,ERR,ERR,ERR,ERR,ERR,ERR,ERR,ERR,ERR,ERR,ERR,ERR,ERR,ERR,ERR,ERR,ERR,ERR,ERR,ERR,ERR,ERR,ERR,ERR,ERR,ERR,ERR,ERR,ERR,ERR,ERR,ERR,ERR,ERR,ERR,ERR,ERR,ERR,ERR,0.0,0.0,0.0,0.0,0.0,1.3936040501711995e+18,7.805,0.0,0,0,4,0,7300,-0.0,0,0.0,0.0,0.0,0.0,0.0,0,0,0,0,0.0,0,0,0,0,0,0,0,0,0,0,0,0,0,0,0,0,0,0,0,0,0,0,0,0,0,0,0,0,0,0,0,0,0,32,30,30,62,65476,0,300,0,0,8,21553,0.0,-107605600.0,0.0,0.0,0.0,0.0,0.0,0.0,0.0,0.0,0.0,0.0,0.0,0.0,0.0,0.0,0.0,0.0,0.0,0.0,0.0,0.0,2.004,2.004,-0.0,0.0,0.0,0.0,0.0,0.0,5579.0,-2.004,6971.0,0.0,0.0,-107615280.0,-107615328.0,0.0,0.0,0.0,0.0,63,4.950427050461716e+32,-107614968.0,0.0,0.0,0.0,0.0,0.0,0.0,0.0,0,0,0,0.0,0.0,0.0,0.0,0.0,0.0,0.0,0.0,0.0,0.0,0.0,0.0,0.0,0.0,0.0,0.0,0,-107875648.0,63,0.0,126,2.7184242562605685e+23,-0.0,ERR,ERR,ERR,ERR,ERR,ERR,ERR,ERR,ERR,ERR,ERR,ERR,ERR,ERR,ERR,ERR,ERR,ERR,ERR,ERR,ERR,ERR,ERR,ERR,ERR,ERR,ERR,ERR,ERR,ERR,ERR,ERR,ERR,ERR,ERR,ERR,ERR,ERR,ERR,ERR,ERR,ERR,ERR,ERR,ERR,ERR,ERR,ERR,ERR,ERR,ERR,ERR,ERR,ERR,ERR,ERR,ERR,ERR,ERR,ERR,ERR,ERR,ERR,ERR,ERR,ERR,ERR,34.0,80.0,35,0.0,0.0,0.0,0.0,0.0,0.0,0.0,0.0,0.0,0.0,0.0,0.0,0.0,0.0,0.0,0.0,64.4,0,116,56,50,65476,0,300,0,0,8,20529,65476,0,0,57672,80.0,0.0,0.0,0.0,0.0,0.0
2026-06-17T04:17:21,ERR,ERR,ERR,ERR,ERR,ERR,ERR,ERR,ERR,ERR,ERR,ERR,ERR,ERR,ERR,ERR,ERR,ERR,ERR,ERR,ERR,ERR,ERR,ERR,ERR,ERR,ERR,ERR,ERR,ERR,ERR,ERR,ERR,ERR,ERR,ERR,ERR,ERR,ERR,ERR,ERR,ERR,ERR,ERR,ERR,ERR,ERR,ERR,ERR,ERR,ERR,ERR,ERR,ERR,ERR,ERR,ERR,ERR,ERR,ERR,ERR,ERR,ERR,ERR,ERR,ERR,ERR,ERR,ERR,ERR,ERR,ERR,ERR,ERR,ERR,ERR,ERR,ERR,ERR,ERR,ERR,ERR,ERR,ERR,ERR,ERR,ERR,ERR,ERR,ERR,ERR,ERR,ERR,ERR,ERR,ERR,ERR,ERR,ERR,ERR,ERR,ERR,ERR,ERR,ERR,ERR,ERR,ERR,ERR,ERR,ERR,ERR,ERR,ERR,ERR,ERR,ERR,ERR,ERR,ERR,ERR,ERR,ERR,ERR,ERR,0.0,0.0,0.0,0.0,0.0,1.3936040501711995e+18,7.805,0.0,0,0,4,0,7300,-0.0,0,0.0,0.0,0.0,0.0,0.0,0,0,0,0,0.0,0,0,0,0,0,0,0,0,0,0,0,0,0,0,0,0,0,0,0,0,0,0,0,0,0,0,0,0,0,0,0,0,0,32,30,30,62,65476,0,300,0,0,8,21553,0.0,-107605600.0,0.0,0.0,0.0,0.0,0.0,0.0,0.0,0.0,0.0,0.0,0.0,0.0,0.0,0.0,0.0,0.0,0.0,0.0,0.0,0.0,2.004,2.004,-0.0,0.0,0.0,0.0,0.0,0.0,5579.0,-2.004,6971.0,0.0,0.0,-107615280.0,-107615328.0,0.0,0.0,0.0,0.0,63,4.950427050461716e+32,-107614968.0,0.0,0.0,0.0,0.0,0.0,0.0,0.0,0,0,0,0.0,0.0,0.0,0.0,0.0,0.0,0.0,0.0,0.0,0.0,0.0,0.0,0.0,0.0,0.0,0.0,0,-107875648.0,63,0.0,126,2.7184242562605685e+23,-0.0,ERR,ERR,ERR,ERR,ERR,ERR,ERR,ERR,ERR,ERR,ERR,ERR,ERR,ERR,ERR,ERR,ERR,ERR,ERR,ERR,ERR,ERR,ERR,ERR,ERR,ERR,ERR,ERR,ERR,ERR,ERR,ERR,ERR,ERR,ERR,ERR,ERR,ERR,ERR,ERR,ERR,ERR,ERR,ERR,ERR,ERR,ERR,ERR,ERR,ERR,ERR,ERR,ERR,ERR,ERR,ERR,ERR,ERR,ERR,ERR,ERR,ERR,ERR,ERR,ERR,ERR,ERR,34.0,80.0,35,0.0,0.0,0.0,0.0,0.0,0.0,0.0,0.0,0.0,0.0,0.0,0.0,0.0,0.0,0.0,0.0,64.4,0,116,56,50,65476,0,300,0,0,8,20529,65476,0,0,57672,80.0,0.0,0.0,0.0,0.0,0.0
2026-06-17T04:17:22,ERR,ERR,ERR,ERR,ERR,ERR,ERR,ERR,ERR,ERR,ERR,ERR,ERR,ERR,ERR,ERR,ERR,ERR,ERR,ERR,ERR,ERR,ERR,ERR,ERR,ERR,ERR,ERR,ERR,ERR,ERR,ERR,ERR,ERR,ERR,ERR,ERR,ERR,ERR,ERR,ERR,ERR,ERR,ERR,ERR,ERR,ERR,ERR,ERR,ERR,ERR,ERR,ERR,ERR,ERR,ERR,ERR,ERR,ERR,ERR,ERR,ERR,ERR,ERR,ERR,ERR,ERR,ERR,ERR,ERR,ERR,ERR,ERR,ERR,ERR,ERR,ERR,ERR,ERR,ERR,ERR,ERR,ERR,ERR,ERR,ERR,ERR,ERR,ERR,ERR,ERR,ERR,ERR,ERR,ERR,ERR,ERR,ERR,ERR,ERR,ERR,ERR,ERR,ERR,ERR,ERR,ERR,ERR,ERR,ERR,ERR,ERR,ERR,ERR,ERR,ERR,ERR,ERR,ERR,ERR,ERR,ERR,ERR,ERR,ERR,0.0,0.0,0.0,0.0,0.0,1.3936040501711995e+18,7.805,0.0,0,0,4,0,7300,-0.0,0,0.0,0.0,0.0,0.0,0.0,0,0,0,0,0.0,0,0,0,0,0,0,0,0,0,0,0,0,0,0,0,0,0,0,0,0,0,0,0,0,0,0,0,0,0,0,0,0,0,32,30,30,62,65476,0,300,0,0,8,21553,0.0,-107605600.0,0.0,0.0,0.0,0.0,0.0,0.0,0.0,0.0,0.0,0.0,0.0,0.0,0.0,0.0,0.0,0.0,0.0,0.0,0.0,0.0,2.004,2.004,-0.0,0.0,0.0,0.0,0.0,0.0,5579.0,-2.004,6971.0,0.0,0.0,-107615280.0,-107615328.0,0.0,0.0,0.0,0.0,63,4.950427050461716e+32,-107614968.0,0.0,0.0,0.0,0.0,0.0,0.0,0.0,0,0,0,0.0,0.0,0.0,0.0,0.0,0.0,0.0,0.0,0.0,0.0,0.0,0.0,0.0,0.0,0.0,0.0,0,-107875648.0,63,0.0,126,2.7184242562605685e+23,-0.0,ERR,ERR,ERR,ERR,ERR,ERR,ERR,ERR,ERR,ERR,ERR,ERR,ERR,ERR,ERR,ERR,ERR,ERR,ERR,ERR,ERR,ERR,ERR,ERR,ERR,ERR,ERR,ERR,ERR,ERR,ERR,ERR,ERR,ERR,ERR,ERR,ERR,ERR,ERR,ERR,ERR,ERR,ERR,ERR,ERR,ERR,ERR,ERR,ERR,ERR,ERR,ERR,ERR,ERR,ERR,ERR,ERR,ERR,ERR,ERR,ERR,ERR,ERR,ERR,ERR,ERR,ERR,34.0,80.0,35,0.0,0.0,0.0,0.0,0.0,0.0,0.0,0.0,0.0,0.0,0.0,0.0,0.0,0.0,0.0,0.0,64.4,0,116,56,50,65476,0,300,0,0,8,20529,65476,0,0,57672,80.0,0.0,0.0,0.0,0.0,0.0
2026-06-17T04:17:23,ERR,ERR,ERR,ERR,ERR,ERR,ERR,ERR,ERR,ERR,ERR,ERR,ERR,ERR,ERR,ERR,ERR,ERR,ERR,ERR,ERR,ERR,ERR,ERR,ERR,ERR,ERR,ERR,ERR,ERR,ERR,ERR,ERR,ERR,ERR,ERR,ERR,ERR,ERR,ERR,ERR,ERR,ERR,ERR,ERR,ERR,ERR,ERR,ERR,ERR,ERR,ERR,ERR,ERR,ERR,ERR,ERR,ERR,ERR,ERR,ERR,ERR,ERR,ERR,ERR,ERR,ERR,ERR,ERR,ERR,ERR,ERR,ERR,ERR,ERR,ERR,ERR,ERR,ERR,ERR,ERR,ERR,ERR,ERR,ERR,ERR,ERR,ERR,ERR,ERR,ERR,ERR,ERR,ERR,ERR,ERR,ERR,ERR,ERR,ERR,ERR,ERR,ERR,ERR,ERR,ERR,ERR,ERR,ERR,ERR,ERR,ERR,ERR,ERR,ERR,ERR,ERR,ERR,ERR,ERR,ERR,ERR,ERR,ERR,ERR,0.0,0.0,0.0,0.0,0.0,1.3936040501711995e+18,7.805,0.0,0,0,4,0,7300,-0.0,0,0.0,0.0,0.0,0.0,0.0,0,0,0,0,0.0,0,0,0,0,0,0,0,0,0,0,0,0,0,0,0,0,0,0,0,0,0,0,0,0,0,0,0,0,0,0,0,0,0,32,30,30,62,65476,0,300,0,0,8,21553,0.0,-107605600.0,0.0,0.0,0.0,0.0,0.0,0.0,0.0,0.0,0.0,0.0,0.0,0.0,0.0,0.0,0.0,0.0,0.0,0.0,0.0,0.0,2.004,2.004,-0.0,0.0,0.0,0.0,0.0,0.0,5579.0,-2.004,6971.0,0.0,0.0,-107615280.0,-107615328.0,0.0,0.0,0.0,0.0,63,4.950427050461716e+32,-107614968.0,0.0,0.0,0.0,0.0,0.0,0.0,0.0,0,0,0,0.0,0.0,0.0,0.0,0.0,0.0,0.0,0.0,0.0,0.0,0.0,0.0,0.0,0.0,0.0,0.0,0,-107875648.0,63,0.0,126,2.7184242562605685e+23,-0.0,ERR,ERR,ERR,ERR,ERR,ERR,ERR,ERR,ERR,ERR,ERR,ERR,ERR,ERR,ERR,ERR,ERR,ERR,ERR,ERR,ERR,ERR,ERR,ERR,ERR,ERR,ERR,ERR,ERR,ERR,ERR,ERR,ERR,ERR,ERR,ERR,ERR,ERR,ERR,ERR,ERR,ERR,ERR,ERR,ERR,ERR,ERR,ERR,ERR,ERR,ERR,ERR,ERR,ERR,ERR,ERR,ERR,ERR,ERR,ERR,ERR,ERR,ERR,ERR,ERR,ERR,ERR,34.0,80.0,35,0.0,0.0,0.0,0.0,0.0,0.0,0.0,0.0,0.0,0.0,0.0,0.0,0.0,0.0,0.0,0.0,64.4,0,116,56,50,65476,0,300,0,0,8,20529,65476,0,0,57672,80.0,0.0,0.0,0.0,0.0,0.0
2026-06-17T04:17:24,ERR,ERR,ERR,ERR,ERR,ERR,ERR,ERR,ERR,ERR,ERR,ERR,ERR,ERR,ERR,ERR,ERR,ERR,ERR,ERR,ERR,ERR,ERR,ERR,ERR,ERR,ERR,ERR,ERR,ERR,ERR,ERR,ERR,ERR,ERR,ERR,ERR,ERR,ERR,ERR,ERR,ERR,ERR,ERR,ERR,ERR,ERR,ERR,ERR,ERR,ERR,ERR,ERR,ERR,ERR,ERR,ERR,ERR,ERR,ERR,ERR,ERR,ERR,ERR,ERR,ERR,ERR,ERR,ERR,ERR,ERR,ERR,ERR,ERR,ERR,ERR,ERR,ERR,ERR,ERR,ERR,ERR,ERR,ERR,ERR,ERR,ERR,ERR,ERR,ERR,ERR,ERR,ERR,ERR,ERR,ERR,ERR,ERR,ERR,ERR,ERR,ERR,ERR,ERR,ERR,ERR,ERR,ERR,ERR,ERR,ERR,ERR,ERR,ERR,ERR,ERR,ERR,ERR,ERR,ERR,ERR,ERR,ERR,ERR,ERR,0.0,0.0,0.0,0.0,0.0,1.3936040501711995e+18,7.805,0.0,0,0,4,0,7300,-0.0,0,0.0,0.0,0.0,0.0,0.0,0,0,0,0,0.0,0,0,0,0,0,0,0,0,0,0,0,0,0,0,0,0,0,0,0,0,0,0,0,0,0,0,0,0,0,0,0,0,0,32,30,30,62,65476,0,300,0,0,8,21553,0.0,-107605600.0,0.0,0.0,0.0,0.0,0.0,0.0,0.0,0.0,0.0,0.0,0.0,0.0,0.0,0.0,0.0,0.0,0.0,0.0,0.0,0.0,2.004,2.004,-0.0,0.0,0.0,0.0,0.0,0.0,5612.0,0.0,6949.0,0.0,0.0,-107615280.0,-107615328.0,0.0,0.0,0.0,0.0,63,5.848081828453021e+35,0.0,0.0,0.0,0.0,0.0,0.0,0.0,0.0,0,0,0,0.0,0.0,0.0,0.0,0.0,0.0,0.0,0.0,0.0,0.0,0.0,0.0,0.0,0.0,0.0,0.0,0,-107875648.0,63,0.0,126,2.7184242562605685e+23,-0.0,ERR,ERR,ERR,ERR,ERR,ERR,ERR,ERR,ERR,ERR,ERR,ERR,ERR,ERR,ERR,ERR,ERR,ERR,ERR,ERR,ERR,ERR,ERR,ERR,ERR,ERR,ERR,ERR,ERR,ERR,ERR,ERR,ERR,ERR,ERR,ERR,ERR,ERR,ERR,ERR,ERR,ERR,ERR,ERR,ERR,ERR,ERR,ERR,ERR,ERR,ERR,ERR,ERR,ERR,ERR,ERR,ERR,ERR,ERR,ERR,ERR,ERR,ERR,ERR,ERR,ERR,ERR,34.0,80.0,35,0.0,0.0,0.0,0.0,0.0,0.0,0.0,0.0,0.0,0.0,0.0,0.0,0.0,0.0,0.0,0.0,64.4,0,116,56,50,65476,0,300,0,0,8,20529,65476,0,0,57672,80.0,0.0,0.0,0.0,0.0,0.0
2026-06-17T04:17:25,ERR,ERR,ERR,ERR,ERR,ERR,ERR,ERR,ERR,ERR,ERR,ERR,ERR,ERR,ERR,ERR,ERR,ERR,ERR,ERR,ERR,ERR,ERR,ERR,ERR,ERR,ERR,ERR,ERR,ERR,ERR,ERR,ERR,ERR,ERR,ERR,ERR,ERR,ERR,ERR,ERR,ERR,ERR,ERR,ERR,ERR,ERR,ERR,ERR,ERR,ERR,ERR,ERR,ERR,ERR,ERR,ERR,ERR,ERR,ERR,ERR,ERR,ERR,ERR,ERR,ERR,ERR,ERR,ERR,ERR,ERR,ERR,ERR,ERR,ERR,ERR,ERR,ERR,ERR,ERR,ERR,ERR,ERR,ERR,ERR,ERR,ERR,ERR,ERR,ERR,ERR,ERR,ERR,ERR,ERR,ERR,ERR,ERR,ERR,ERR,ERR,ERR,ERR,ERR,ERR,ERR,ERR,ERR,ERR,ERR,ERR,ERR,ERR,ERR,ERR,ERR,ERR,ERR,ERR,ERR,ERR,ERR,ERR,ERR,ERR,0.0,0.0,0.0,0.0,0.0,1.3936040501711995e+18,7.805,0.0,0,0,4,0,7300,-0.0,0,0.0,0.0,0.0,0.0,0.0,0,0,0,0,0.0,0,0,0,0,0,0,0,0,0,0,0,0,0,0,0,0,0,0,0,0,0,0,0,0,0,0,0,0,0,0,0,0,0,32,30,30,62,65476,0,300,0,0,8,21553,0.0,-107605600.0,0.0,0.0,0.0,0.0,0.0,0.0,0.0,0.0,0.0,0.0,0.0,0.0,0.0,0.0,0.0,0.0,0.0,0.0,0.0,0.0,2.004,2.004,-0.0,0.0,0.0,0.0,0.0,0.0,5612.0,0.0,6949.0,0.0,0.0,-107615280.0,-107615328.0,0.0,0.0,0.0,0.0,63,5.848081828453021e+35,0.0,0.0,0.0,0.0,0.0,0.0,0.0,0.0,0,0,0,0.0,0.0,0.0,0.0,0.0,0.0,0.0,0.0,0.0,0.0,0.0,0.0,0.0,0.0,0.0,0.0,0,-107875648.0,63,0.0,126,2.7184242562605685e+23,-0.0,ERR,ERR,ERR,ERR,ERR,ERR,ERR,ERR,ERR,ERR,ERR,ERR,ERR,ERR,ERR,ERR,ERR,ERR,ERR,ERR,ERR,ERR,ERR,ERR,ERR,ERR,ERR,ERR,ERR,ERR,ERR,ERR,ERR,ERR,ERR,ERR,ERR,ERR,ERR,ERR,ERR,ERR,ERR,ERR,ERR,ERR,ERR,ERR,ERR,ERR,ERR,ERR,ERR,ERR,ERR,ERR,ERR,ERR,ERR,ERR,ERR,ERR,ERR,ERR,ERR,ERR,ERR,34.0,80.0,35,0.0,0.0,0.0,0.0,0.0,0.0,0.0,0.0,0.0,0.0,0.0,0.0,0.0,0.0,0.0,0.0,64.4,0,116,56,50,65476,0,300,0,0,8,20529,65476,0,0,57672,80.0,0.0,0.0,0.0,0.0,0.0
2026-06-17T04:17:26,ERR,ERR,ERR,ERR,ERR,ERR,ERR,ERR,ERR,ERR,ERR,ERR,ERR,ERR,ERR,ERR,ERR,ERR,ERR,ERR,ERR,ERR,ERR,ERR,ERR,ERR,ERR,ERR,ERR,ERR,ERR,ERR,ERR,ERR,ERR,ERR,ERR,ERR,ERR,ERR,ERR,ERR,ERR,ERR,ERR,ERR,ERR,ERR,ERR,ERR,ERR,ERR,ERR,ERR,ERR,ERR,ERR,ERR,ERR,ERR,ERR,ERR,ERR,ERR,ERR,ERR,ERR,ERR,ERR,ERR,ERR,ERR,ERR,ERR,ERR,ERR,ERR,ERR,ERR,ERR,ERR,ERR,ERR,ERR,ERR,ERR,ERR,ERR,ERR,ERR,ERR,ERR,ERR,ERR,ERR,ERR,ERR,ERR,ERR,ERR,ERR,ERR,ERR,ERR,ERR,ERR,ERR,ERR,ERR,ERR,ERR,ERR,ERR,ERR,ERR,ERR,ERR,ERR,ERR,ERR,ERR,ERR,ERR,ERR,ERR,0.0,0.0,0.0,0.0,0.0,1.3936040501711995e+18,7.805,0.0,0,0,4,0,7300,-0.0,0,0.0,0.0,0.0,0.0,0.0,0,0,0,0,0.0,0,0,0,0,0,0,0,0,0,0,0,0,0,0,0,0,0,0,0,0,0,0,0,0,0,0,0,0,0,0,0,0,0,32,30,30,62,65476,0,300,0,0,8,21553,0.0,-107605600.0,0.0,0.0,0.0,0.0,0.0,0.0,0.0,0.0,0.0,0.0,0.0,0.0,0.0,0.0,0.0,0.0,0.0,0.0,0.0,0.0,2.004,2.004,-0.0,0.0,0.0,0.0,0.0,0.0,5612.0,0.0,6949.0,0.0,0.0,-107615280.0,-107615328.0,0.0,0.0,0.0,0.0,63,5.848081828453021e+35,0.0,0.0,0.0,0.0,0.0,0.0,0.0,0.0,0,0,0,0.0,0.0,0.0,0.0,0.0,0.0,0.0,0.0,0.0,0.0,0.0,0.0,0.0,0.0,0.0,0.0,0,-107875648.0,63,0.0,126,2.7184242562605685e+23,-0.0,ERR,ERR,ERR,ERR,ERR,ERR,ERR,ERR,ERR,ERR,ERR,ERR,ERR,ERR,ERR,ERR,ERR,ERR,ERR,ERR,ERR,ERR,ERR,ERR,ERR,ERR,ERR,ERR,ERR,ERR,ERR,ERR,ERR,ERR,ERR,ERR,ERR,ERR,ERR,ERR,ERR,ERR,ERR,ERR,ERR,ERR,ERR,ERR,ERR,ERR,ERR,ERR,ERR,ERR,ERR,ERR,ERR,ERR,ERR,ERR,ERR,ERR,ERR,ERR,ERR,ERR,ERR,34.0,80.0,35,0.0,0.0,0.0,0.0,0.0,0.0,0.0,0.0,0.0,0.0,0.0,0.0,0.0,0.0,0.0,0.0,64.8,0,116,56,50,65476,0,300,0,0,8,20529,65476,0,0,57672,80.0,0.0,0.0,0.0,0.0,0.0
2026-06-17T04:17:27,ERR,ERR,ERR,ERR,ERR,ERR,ERR,ERR,ERR,ERR,ERR,ERR,ERR,ERR,ERR,ERR,ERR,ERR,ERR,ERR,ERR,ERR,ERR,ERR,ERR,ERR,ERR,ERR,ERR,ERR,ERR,ERR,ERR,ERR,ERR,ERR,ERR,ERR,ERR,ERR,ERR,ERR,ERR,ERR,ERR,ERR,ERR,ERR,ERR,ERR,ERR,ERR,ERR,ERR,ERR,ERR,ERR,ERR,ERR,ERR,ERR,ERR,ERR,ERR,ERR,ERR,ERR,ERR,ERR,ERR,ERR,ERR,ERR,ERR,ERR,ERR,ERR,ERR,ERR,ERR,ERR,ERR,ERR,ERR,ERR,ERR,ERR,ERR,ERR,ERR,ERR,ERR,ERR,ERR,ERR,ERR,ERR,ERR,ERR,ERR,ERR,ERR,ERR,ERR,ERR,ERR,ERR,ERR,ERR,ERR,ERR,ERR,ERR,ERR,ERR,ERR,ERR,ERR,ERR,ERR,ERR,ERR,ERR,ERR,ERR,0.0,0.0,0.0,0.0,0.0,1.3936040501711995e+18,7.805,0.0,0,0,4,0,7300,-0.0,0,0.0,0.0,0.0,0.0,0.0,0,0,0,0,0.0,0,0,0,0,0,0,0,0,0,0,0,0,0,0,0,0,0,0,0,0,0,0,0,0,0,0,0,0,0,0,0,0,0,32,30,30,62,65476,0,300,0,0,8,21553,0.0,-107605600.0,0.0,0.0,0.0,0.0,0.0,0.0,0.0,0.0,0.0,0.0,0.0,0.0,0.0,0.0,0.0,0.0,0.0,0.0,0.0,0.0,2.004,2.004,-0.0,0.0,0.0,0.0,0.0,0.0,5612.0,0.0,6949.0,0.0,0.0,-107615280.0,-107615328.0,0.0,0.0,0.0,0.0,63,5.848081828453021e+35,0.0,0.0,0.0,0.0,0.0,0.0,0.0,0.0,0,0,0,0.0,0.0,0.0,0.0,0.0,0.0,0.0,0.0,0.0,0.0,0.0,0.0,0.0,0.0,0.0,0.0,0,-107875648.0,63,0.0,126,2.7184242562605685e+23,-0.0,ERR,ERR,ERR,ERR,ERR,ERR,ERR,ERR,ERR,ERR,ERR,ERR,ERR,ERR,ERR,ERR,ERR,ERR,ERR,ERR,ERR,ERR,ERR,ERR,ERR,ERR,ERR,ERR,ERR,ERR,ERR,ERR,ERR,ERR,ERR,ERR,ERR,ERR,ERR,ERR,ERR,ERR,ERR,ERR,ERR,ERR,ERR,ERR,ERR,ERR,ERR,ERR,ERR,ERR,ERR,ERR,ERR,ERR,ERR,ERR,ERR,ERR,ERR,ERR,ERR,ERR,ERR,34.0,80.0,35,0.0,0.0,0.0,0.0,0.0,0.0,0.0,0.0,0.0,0.0,0.0,0.0,0.0,0.0,0.0,0.0,64.8,0,116,56,50,65476,0,300,0,0,8,20529,65476,0,0,57672,80.0,0.0,0.0,0.0,0.0,0.0
2026-06-17T04:17:28,ERR,ERR,ERR,ERR,ERR,ERR,ERR,ERR,ERR,ERR,ERR,ERR,ERR,ERR,ERR,ERR,ERR,ERR,ERR,ERR,ERR,ERR,ERR,ERR,ERR,ERR,ERR,ERR,ERR,ERR,ERR,ERR,ERR,ERR,ERR,ERR,ERR,ERR,ERR,ERR,ERR,ERR,ERR,ERR,ERR,ERR,ERR,ERR,ERR,ERR,ERR,ERR,ERR,ERR,ERR,ERR,ERR,ERR,ERR,ERR,ERR,ERR,ERR,ERR,ERR,ERR,ERR,ERR,ERR,ERR,ERR,ERR,ERR,ERR,ERR,ERR,ERR,ERR,ERR,ERR,ERR,ERR,ERR,ERR,ERR,ERR,ERR,ERR,ERR,ERR,ERR,ERR,ERR,ERR,ERR,ERR,ERR,ERR,ERR,ERR,ERR,ERR,ERR,ERR,ERR,ERR,ERR,ERR,ERR,ERR,ERR,ERR,ERR,ERR,ERR,ERR,ERR,ERR,ERR,ERR,ERR,ERR,ERR,ERR,ERR,0.0,0.0,0.0,0.0,0.0,1.3936040501711995e+18,7.805,0.0,0,0,4,0,7300,-0.0,0,0.0,0.0,0.0,0.0,0.0,0,0,0,0,0.0,0,0,0,0,0,0,0,0,0,0,0,0,0,0,0,0,0,0,0,0,0,0,0,0,0,0,0,0,0,0,0,0,0,32,30,30,62,65476,0,300,0,0,8,21553,0.0,-107605600.0,0.0,0.0,0.0,0.0,0.0,0.0,0.0,0.0,0.0,0.0,0.0,0.0,0.0,0.0,0.0,0.0,0.0,0.0,0.0,0.0,2.004,2.004,-0.0,0.0,0.0,0.0,0.0,0.0,5612.0,0.0,6949.0,0.0,0.0,-107615280.0,-107615328.0,0.0,0.0,0.0,0.0,63,5.848081828453021e+35,0.0,0.0,0.0,0.0,0.0,0.0,0.0,0.0,0,0,0,0.0,0.0,0.0,0.0,0.0,0.0,0.0,0.0,0.0,0.0,0.0,0.0,0.0,0.0,0.0,0.0,0,-107875648.0,63,0.0,126,2.7184242562605685e+23,-0.0,ERR,ERR,ERR,ERR,ERR,ERR,ERR,ERR,ERR,ERR,ERR,ERR,ERR,ERR,ERR,ERR,ERR,ERR,ERR,ERR,ERR,ERR,ERR,ERR,ERR,ERR,ERR,ERR,ERR,ERR,ERR,ERR,ERR,ERR,ERR,ERR,ERR,ERR,ERR,ERR,ERR,ERR,ERR,ERR,ERR,ERR,ERR,ERR,ERR,ERR,ERR,ERR,ERR,ERR,ERR,ERR,ERR,ERR,ERR,ERR,ERR,ERR,ERR,ERR,ERR,ERR,ERR,34.0,80.0,35,0.0,0.0,0.0,0.0,0.0,0.0,0.0,0.0,0.0,0.0,0.0,0.0,0.0,0.0,0.0,0.0,64.4,0,116,56,50,65476,0,300,0,0,8,20529,65476,0,0,57672,80.0,0.0,0.0,0.0,0.0,0.0
2026-06-17T04:17:29,ERR,ERR,ERR,ERR,ERR,ERR,ERR,ERR,ERR,ERR,ERR,ERR,ERR,ERR,ERR,ERR,ERR,ERR,ERR,ERR,ERR,ERR,ERR,ERR,ERR,ERR,ERR,ERR,ERR,ERR,ERR,ERR,ERR,ERR,ERR,ERR,ERR,ERR,ERR,ERR,ERR,ERR,ERR,ERR,ERR,ERR,ERR,ERR,ERR,ERR,ERR,ERR,ERR,ERR,ERR,ERR,ERR,ERR,ERR,ERR,ERR,ERR,ERR,ERR,ERR,ERR,ERR,ERR,ERR,ERR,ERR,ERR,ERR,ERR,ERR,ERR,ERR,ERR,ERR,ERR,ERR,ERR,ERR,ERR,ERR,ERR,ERR,ERR,ERR,ERR,ERR,ERR,ERR,ERR,ERR,ERR,ERR,ERR,ERR,ERR,ERR,ERR,ERR,ERR,ERR,ERR,ERR,ERR,ERR,ERR,ERR,ERR,ERR,ERR,ERR,ERR,ERR,ERR,ERR,ERR,ERR,ERR,ERR,ERR,ERR,0.0,0.0,0.0,0.0,0.0,1.3936040501711995e+18,7.805,0.0,0,0,4,0,7300,-0.0,0,0.0,0.0,0.0,0.0,0.0,0,0,0,0,0.0,0,0,0,0,0,0,0,0,0,0,0,0,0,0,0,0,0,0,0,0,0,0,0,0,0,0,0,0,0,0,0,0,0,32,30,30,62,65476,0,300,0,0,8,21553,0.0,-107605600.0,0.0,0.0,0.0,0.0,0.0,0.0,0.0,0.0,0.0,0.0,0.0,0.0,0.0,0.0,0.0,0.0,0.0,0.0,0.0,0.0,2.004,2.004,-0.0,0.0,0.0,0.0,0.0,0.0,5612.0,0.0,6949.0,0.0,0.0,-107615280.0,-107615328.0,0.0,0.0,0.0,0.0,63,5.848081828453021e+35,0.0,0.0,0.0,0.0,0.0,0.0,0.0,0.0,0,0,0,0.0,0.0,0.0,0.0,0.0,0.0,0.0,0.0,0.0,0.0,0.0,0.0,0.0,0.0,0.0,0.0,0,-107875648.0,63,0.0,126,2.7184242562605685e+23,-0.0,ERR,ERR,ERR,ERR,ERR,ERR,ERR,ERR,ERR,ERR,ERR,ERR,ERR,ERR,ERR,ERR,ERR,ERR,ERR,ERR,ERR,ERR,ERR,ERR,ERR,ERR,ERR,ERR,ERR,ERR,ERR,ERR,ERR,ERR,ERR,ERR,ERR,ERR,ERR,ERR,ERR,ERR,ERR,ERR,ERR,ERR,ERR,ERR,ERR,ERR,ERR,ERR,ERR,ERR,ERR,ERR,ERR,ERR,ERR,ERR,ERR,ERR,ERR,ERR,ERR,ERR,ERR,34.0,80.0,35,0.0,0.0,0.0,0.0,0.0,0.0,0.0,0.0,0.0,0.0,0.0,0.0,0.0,0.0,0.0,0.0,64.4,0,116,56,50,65476,0,300,0,0,8,20529,65476,0,0,57672,80.0,0.0,0.0,0.0,0.0,0.0
2026-06-17T04:17:30,ERR,ERR,ERR,ERR,ERR,ERR,ERR,ERR,ERR,ERR,ERR,ERR,ERR,ERR,ERR,ERR,ERR,ERR,ERR,ERR,ERR,ERR,ERR,ERR,ERR,ERR,ERR,ERR,ERR,ERR,ERR,ERR,ERR,ERR,ERR,ERR,ERR,ERR,ERR,ERR,ERR,ERR,ERR,ERR,ERR,ERR,ERR,ERR,ERR,ERR,ERR,ERR,ERR,ERR,ERR,ERR,ERR,ERR,ERR,ERR,ERR,ERR,ERR,ERR,ERR,ERR,ERR,ERR,ERR,ERR,ERR,ERR,ERR,ERR,ERR,ERR,ERR,ERR,ERR,ERR,ERR,ERR,ERR,ERR,ERR,ERR,ERR,ERR,ERR,ERR,ERR,ERR,ERR,ERR,ERR,ERR,ERR,ERR,ERR,ERR,ERR,ERR,ERR,ERR,ERR,ERR,ERR,ERR,ERR,ERR,ERR,ERR,ERR,ERR,ERR,ERR,ERR,ERR,ERR,ERR,ERR,ERR,ERR,ERR,ERR,0.0,0.0,0.0,0.0,0.0,1.3936040501711995e+18,7.805,0.0,0,0,4,0,7300,-0.0,0,0.0,0.0,0.0,0.0,0.0,0,0,0,0,0.0,0,0,0,0,0,0,0,0,0,0,0,0,0,0,0,0,0,0,0,0,0,0,0,0,0,0,0,0,0,0,0,0,0,32,30,30,62,65476,0,300,0,0,8,21553,0.0,-107605600.0,0.0,0.0,0.0,0.0,0.0,0.0,0.0,0.0,0.0,0.0,0.0,0.0,0.0,0.0,0.0,0.0,0.0,0.0,0.0,0.0,2.004,2.004,-0.0,0.0,0.0,0.0,0.0,0.0,5608.0,-0.0,6961.0,0.0,0.0,-107615280.0,-107615328.0,0.0,0.0,0.0,0.0,63,2.718429300292151e+23,-0.0,0.0,0.0,0.0,0.0,0.0,0.0,0.0,0,0,0,0.0,0.0,0.0,0.0,0.0,0.0,0.0,0.0,0.0,0.0,0.0,0.0,0.0,0.0,0.0,0.0,0,-107875648.0,63,0.0,126,2.7184242562605685e+23,-0.0,ERR,ERR,ERR,ERR,ERR,ERR,ERR,ERR,ERR,ERR,ERR,ERR,ERR,ERR,ERR,ERR,ERR,ERR,ERR,ERR,ERR,ERR,ERR,ERR,ERR,ERR,ERR,ERR,ERR,ERR,ERR,ERR,ERR,ERR,ERR,ERR,ERR,ERR,ERR,ERR,ERR,ERR,ERR,ERR,ERR,ERR,ERR,ERR,ERR,ERR,ERR,ERR,ERR,ERR,ERR,ERR,ERR,ERR,ERR,ERR,ERR,ERR,ERR,ERR,ERR,ERR,ERR,34.0,80.0,35,0.0,0.0,0.0,0.0,0.0,0.0,0.0,0.0,0.0,0.0,0.0,0.0,0.0,0.0,0.0,0.0,64.4,0,116,56,50,65476,0,300,0,0,8,20529,65476,0,0,57672,80.0,0.0,0.0,0.0,0.0,0.0
2026-06-17T04:17:31,ERR,ERR,ERR,ERR,ERR,ERR,ERR,ERR,ERR,ERR,ERR,ERR,ERR,ERR,ERR,ERR,ERR,ERR,ERR,ERR,ERR,ERR,ERR,ERR,ERR,ERR,ERR,ERR,ERR,ERR,ERR,ERR,ERR,ERR,ERR,ERR,ERR,ERR,ERR,ERR,ERR,ERR,ERR,ERR,ERR,ERR,ERR,ERR,ERR,ERR,ERR,ERR,ERR,ERR,ERR,ERR,ERR,ERR,ERR,ERR,ERR,ERR,ERR,ERR,ERR,ERR,ERR,ERR,ERR,ERR,ERR,ERR,ERR,ERR,ERR,ERR,ERR,ERR,ERR,ERR,ERR,ERR,ERR,ERR,ERR,ERR,ERR,ERR,ERR,ERR,ERR,ERR,ERR,ERR,ERR,ERR,ERR,ERR,ERR,ERR,ERR,ERR,ERR,ERR,ERR,ERR,ERR,ERR,ERR,ERR,ERR,ERR,ERR,ERR,ERR,ERR,ERR,ERR,ERR,ERR,ERR,ERR,ERR,ERR,ERR,0.0,0.0,0.0,0.0,0.0,1.3936040501711995e+18,7.805,0.0,0,0,4,0,7300,-0.0,0,0.0,0.0,0.0,0.0,0.0,0,0,0,0,0.0,0,0,0,0,0,0,0,0,0,0,0,0,0,0,0,0,0,0,0,0,0,0,0,0,0,0,0,0,0,0,0,0,0,32,30,30,62,65476,0,300,0,0,8,21553,0.0,-107605600.0,0.0,0.0,0.0,0.0,0.0,0.0,0.0,0.0,0.0,0.0,0.0,0.0,0.0,0.0,0.0,0.0,0.0,0.0,0.0,0.0,2.004,2.004,-0.0,0.0,0.0,0.0,0.0,0.0,5608.0,-0.0,6961.0,0.0,0.0,-107615280.0,-107615328.0,0.0,0.0,0.0,0.0,63,2.718429300292151e+23,-0.0,0.0,0.0,0.0,0.0,0.0,0.0,0.0,0,0,0,0.0,0.0,0.0,0.0,0.0,0.0,0.0,0.0,0.0,0.0,0.0,0.0,0.0,0.0,0.0,0.0,0,-107875648.0,63,0.0,126,2.7184242562605685e+23,-0.0,ERR,ERR,ERR,ERR,ERR,ERR,ERR,ERR,ERR,ERR,ERR,ERR,ERR,ERR,ERR,ERR,ERR,ERR,ERR,ERR,ERR,ERR,ERR,ERR,ERR,ERR,ERR,ERR,ERR,ERR,ERR,ERR,ERR,ERR,ERR,ERR,ERR,ERR,ERR,ERR,ERR,ERR,ERR,ERR,ERR,ERR,ERR,ERR,ERR,ERR,ERR,ERR,ERR,ERR,ERR,ERR,ERR,ERR,ERR,ERR,ERR,ERR,ERR,ERR,ERR,ERR,ERR,34.0,80.0,35,0.0,0.0,0.0,0.0,0.0,0.0,0.0,0.0,0.0,0.0,0.0,0.0,0.0,0.0,0.0,0.0,64.4,0,116,56,50,65476,0,300,0,0,8,20529,65476,0,0,57672,80.0,0.0,0.0,0.0,0.0,0.0
2026-06-17T04:17:32,ERR,ERR,ERR,ERR,ERR,ERR,ERR,ERR,ERR,ERR,ERR,ERR,ERR,ERR,ERR,ERR,ERR,ERR,ERR,ERR,ERR,ERR,ERR,ERR,ERR,ERR,ERR,ERR,ERR,ERR,ERR,ERR,ERR,ERR,ERR,ERR,ERR,ERR,ERR,ERR,ERR,ERR,ERR,ERR,ERR,ERR,ERR,ERR,ERR,ERR,ERR,ERR,ERR,ERR,ERR,ERR,ERR,ERR,ERR,ERR,ERR,ERR,ERR,ERR,ERR,ERR,ERR,ERR,ERR,ERR,ERR,ERR,ERR,ERR,ERR,ERR,ERR,ERR,ERR,ERR,ERR,ERR,ERR,ERR,ERR,ERR,ERR,ERR,ERR,ERR,ERR,ERR,ERR,ERR,ERR,ERR,ERR,ERR,ERR,ERR,ERR,ERR,ERR,ERR,ERR,ERR,ERR,ERR,ERR,ERR,ERR,ERR,ERR,ERR,ERR,ERR,ERR,ERR,ERR,ERR,ERR,ERR,ERR,ERR,ERR,0.0,0.0,0.0,0.0,0.0,1.3936040501711995e+18,7.805,0.0,0,0,4,0,7300,-0.0,0,0.0,0.0,0.0,0.0,0.0,0,0,0,0,0.0,0,0,0,0,0,0,0,0,0,0,0,0,0,0,0,0,0,0,0,0,0,0,0,0,0,0,0,0,0,0,0,0,0,32,30,30,62,65476,0,300,0,0,8,21553,0.0,-107605600.0,0.0,0.0,0.0,0.0,0.0,0.0,0.0,0.0,0.0,0.0,0.0,0.0,0.0,0.0,0.0,0.0,0.0,0.0,0.0,0.0,2.004,2.004,-0.0,0.0,0.0,0.0,0.0,0.0,5608.0,-0.0,6961.0,0.0,0.0,-107615280.0,-107615328.0,0.0,0.0,0.0,0.0,63,2.718429300292151e+23,-0.0,0.0,0.0,0.0,0.0,0.0,0.0,0.0,0,0,0,0.0,0.0,0.0,0.0,0.0,0.0,0.0,0.0,0.0,0.0,0.0,0.0,0.0,0.0,0.0,0.0,0,-107875648.0,63,0.0,126,2.7184242562605685e+23,-0.0,ERR,ERR,ERR,ERR,ERR,ERR,ERR,ERR,ERR,ERR,ERR,ERR,ERR,ERR,ERR,ERR,ERR,ERR,ERR,ERR,ERR,ERR,ERR,ERR,ERR,ERR,ERR,ERR,ERR,ERR,ERR,ERR,ERR,ERR,ERR,ERR,ERR,ERR,ERR,ERR,ERR,ERR,ERR,ERR,ERR,ERR,ERR,ERR,ERR,ERR,ERR,ERR,ERR,ERR,ERR,ERR,ERR,ERR,ERR,ERR,ERR,ERR,ERR,ERR,ERR,ERR,ERR,34.0,80.0,35,0.0,0.0,0.0,0.0,0.0,0.0,0.0,0.0,0.0,0.0,0.0,0.0,0.0,0.0,0.0,0.0,64.4,0,116,56,50,65476,0,300,0,0,8,20529,65476,0,0,57672,80.0,0.0,0.0,0.0,0.0,0.0
2026-06-17T04:17:33,ERR,ERR,ERR,ERR,ERR,ERR,ERR,ERR,ERR,ERR,ERR,ERR,ERR,ERR,ERR,ERR,ERR,ERR,ERR,ERR,ERR,ERR,ERR,ERR,ERR,ERR,ERR,ERR,ERR,ERR,ERR,ERR,ERR,ERR,ERR,ERR,ERR,ERR,ERR,ERR,ERR,ERR,ERR,ERR,ERR,ERR,ERR,ERR,ERR,ERR,ERR,ERR,ERR,ERR,ERR,ERR,ERR,ERR,ERR,ERR,ERR,ERR,ERR,ERR,ERR,ERR,ERR,ERR,ERR,ERR,ERR,ERR,ERR,ERR,ERR,ERR,ERR,ERR,ERR,ERR,ERR,ERR,ERR,ERR,ERR,ERR,ERR,ERR,ERR,ERR,ERR,ERR,ERR,ERR,ERR,ERR,ERR,ERR,ERR,ERR,ERR,ERR,ERR,ERR,ERR,ERR,ERR,ERR,ERR,ERR,ERR,ERR,ERR,ERR,ERR,ERR,ERR,ERR,ERR,ERR,ERR,ERR,ERR,ERR,ERR,0.0,0.0,0.0,0.0,0.0,1.3936040501711995e+18,7.805,0.0,0,0,4,0,7300,-0.0,0,0.0,0.0,0.0,0.0,0.0,0,0,0,0,0.0,0,0,0,0,0,0,0,0,0,0,0,0,0,0,0,0,0,0,0,0,0,0,0,0,0,0,0,0,0,0,0,0,0,32,30,30,62,65476,0,300,0,0,8,21553,0.0,-107605600.0,0.0,0.0,0.0,0.0,0.0,0.0,0.0,0.0,0.0,0.0,0.0,0.0,0.0,0.0,0.0,0.0,0.0,0.0,0.0,0.0,2.004,2.004,-0.0,0.0,0.0,0.0,0.0,0.0,5608.0,-0.0,6961.0,0.0,0.0,-107615280.0,-107615328.0,0.0,0.0,0.0,0.0,63,2.718429300292151e+23,-0.0,0.0,0.0,0.0,0.0,0.0,0.0,0.0,0,0,0,0.0,0.0,0.0,0.0,0.0,0.0,0.0,0.0,0.0,0.0,0.0,0.0,0.0,0.0,0.0,0.0,0,-107875648.0,63,0.0,126,2.7184242562605685e+23,-0.0,ERR,ERR,ERR,ERR,ERR,ERR,ERR,ERR,ERR,ERR,ERR,ERR,ERR,ERR,ERR,ERR,ERR,ERR,ERR,ERR,ERR,ERR,ERR,ERR,ERR,ERR,ERR,ERR,ERR,ERR,ERR,ERR,ERR,ERR,ERR,ERR,ERR,ERR,ERR,ERR,ERR,ERR,ERR,ERR,ERR,ERR,ERR,ERR,ERR,ERR,ERR,ERR,ERR,ERR,ERR,ERR,ERR,ERR,ERR,ERR,ERR,ERR,ERR,ERR,ERR,ERR,ERR,34.0,80.0,35,0.0,0.0,0.0,0.0,0.0,0.0,0.0,0.0,0.0,0.0,0.0,0.0,0.0,0.0,0.0,0.0,64.4,0,116,56,50,65476,0,300,0,0,8,20529,65476,0,0,57672,80.0,0.0,0.0,0.0,0.0,0.0
2026-06-17T04:17:34,ERR,ERR,ERR,ERR,ERR,ERR,ERR,ERR,ERR,ERR,ERR,ERR,ERR,ERR,ERR,ERR,ERR,ERR,ERR,ERR,ERR,ERR,ERR,ERR,ERR,ERR,ERR,ERR,ERR,ERR,ERR,ERR,ERR,ERR,ERR,ERR,ERR,ERR,ERR,ERR,ERR,ERR,ERR,ERR,ERR,ERR,ERR,ERR,ERR,ERR,ERR,ERR,ERR,ERR,ERR,ERR,ERR,ERR,ERR,ERR,ERR,ERR,ERR,ERR,ERR,ERR,ERR,ERR,ERR,ERR,ERR,ERR,ERR,ERR,ERR,ERR,ERR,ERR,ERR,ERR,ERR,ERR,ERR,ERR,ERR,ERR,ERR,ERR,ERR,ERR,ERR,ERR,ERR,ERR,ERR,ERR,ERR,ERR,ERR,ERR,ERR,ERR,ERR,ERR,ERR,ERR,ERR,ERR,ERR,ERR,ERR,ERR,ERR,ERR,ERR,ERR,ERR,ERR,ERR,ERR,ERR,ERR,ERR,ERR,ERR,0.0,0.0,0.0,0.0,0.0,1.3936040501711995e+18,7.805,0.0,0,0,4,0,7300,-0.0,0,0.0,0.0,0.0,0.0,0.0,0,0,0,0,0.0,0,0,0,0,0,0,0,0,0,0,0,0,0,0,0,0,0,0,0,0,0,0,0,0,0,0,0,0,0,0,0,0,0,32,30,30,62,65476,0,300,0,0,8,21553,0.0,-107605600.0,0.0,0.0,0.0,0.0,0.0,0.0,0.0,0.0,0.0,0.0,0.0,0.0,0.0,0.0,0.0,0.0,0.0,0.0,0.0,0.0,2.004,2.004,-0.0,0.0,0.0,0.0,0.0,0.0,5608.0,-0.0,6961.0,0.0,0.0,-107615280.0,-107615328.0,0.0,0.0,0.0,0.0,63,2.718429300292151e+23,-0.0,0.0,0.0,0.0,0.0,0.0,0.0,0.0,0,0,0,0.0,0.0,0.0,0.0,0.0,0.0,0.0,0.0,0.0,0.0,0.0,0.0,0.0,0.0,0.0,0.0,0,-107875648.0,63,0.0,126,2.7184242562605685e+23,-0.0,ERR,ERR,ERR,ERR,ERR,ERR,ERR,ERR,ERR,ERR,ERR,ERR,ERR,ERR,ERR,ERR,ERR,ERR,ERR,ERR,ERR,ERR,ERR,ERR,ERR,ERR,ERR,ERR,ERR,ERR,ERR,ERR,ERR,ERR,ERR,ERR,ERR,ERR,ERR,ERR,ERR,ERR,ERR,ERR,ERR,ERR,ERR,ERR,ERR,ERR,ERR,ERR,ERR,ERR,ERR,ERR,ERR,ERR,ERR,ERR,ERR,ERR,ERR,ERR,ERR,ERR,ERR,34.0,80.0,35,0.0,0.0,0.0,0.0,0.0,0.0,0.0,0.0,0.0,0.0,0.0,0.0,0.0,0.0,0.0,0.0,64.4,0,116,56,50,65476,0,300,0,0,8,20529,65476,0,0,57672,80.0,0.0,0.0,0.0,0.0,0.0
2026-06-17T04:17:35,ERR,ERR,ERR,ERR,ERR,ERR,ERR,ERR,ERR,ERR,ERR,ERR,ERR,ERR,ERR,ERR,ERR,ERR,ERR,ERR,ERR,ERR,ERR,ERR,ERR,ERR,ERR,ERR,ERR,ERR,ERR,ERR,ERR,ERR,ERR,ERR,ERR,ERR,ERR,ERR,ERR,ERR,ERR,ERR,ERR,ERR,ERR,ERR,ERR,ERR,ERR,ERR,ERR,ERR,ERR,ERR,ERR,ERR,ERR,ERR,ERR,ERR,ERR,ERR,ERR,ERR,ERR,ERR,ERR,ERR,ERR,ERR,ERR,ERR,ERR,ERR,ERR,ERR,ERR,ERR,ERR,ERR,ERR,ERR,ERR,ERR,ERR,ERR,ERR,ERR,ERR,ERR,ERR,ERR,ERR,ERR,ERR,ERR,ERR,ERR,ERR,ERR,ERR,ERR,ERR,ERR,ERR,ERR,ERR,ERR,ERR,ERR,ERR,ERR,ERR,ERR,ERR,ERR,ERR,ERR,ERR,ERR,ERR,ERR,ERR,0.0,0.0,0.0,0.0,0.0,1.3936040501711995e+18,7.805,0.0,0,0,4,0,7300,-0.0,0,0.0,0.0,0.0,0.0,0.0,0,0,0,0,0.0,0,0,0,0,0,0,0,0,0,0,0,0,0,0,0,0,0,0,0,0,0,0,0,0,0,0,0,0,0,0,0,0,0,32,30,30,62,65476,0,300,0,0,8,21553,0.0,-107605600.0,0.0,0.0,0.0,0.0,0.0,0.0,0.0,0.0,0.0,0.0,0.0,0.0,0.0,0.0,0.0,0.0,0.0,0.0,0.0,0.0,2.004,2.004,-0.0,0.0,0.0,0.0,0.0,0.0,5607.0,-0.0,6960.0,0.0,0.0,-107615280.0,-107615328.0,0.0,0.0,0.0,0.0,63,2.718429300292151e+23,-0.0,0.0,0.0,0.0,0.0,0.0,0.0,0.0,0,0,0,0.0,0.0,0.0,0.0,0.0,0.0,0.0,0.0,0.0,0.0,0.0,0.0,0.0,0.0,0.0,0.0,0,-107875648.0,63,0.0,126,2.7184242562605685e+23,-0.0,ERR,ERR,ERR,ERR,ERR,ERR,ERR,ERR,ERR,ERR,ERR,ERR,ERR,ERR,ERR,ERR,ERR,ERR,ERR,ERR,ERR,ERR,ERR,ERR,ERR,ERR,ERR,ERR,ERR,ERR,ERR,ERR,ERR,ERR,ERR,ERR,ERR,ERR,ERR,ERR,ERR,ERR,ERR,ERR,ERR,ERR,ERR,ERR,ERR,ERR,ERR,ERR,ERR,ERR,ERR,ERR,ERR,ERR,ERR,ERR,ERR,ERR,ERR,ERR,ERR,ERR,ERR,34.0,80.0,35,0.0,0.0,0.0,0.0,0.0,0.0,0.0,0.0,0.0,0.0,0.0,0.0,0.0,0.0,0.0,0.0,64.4,0,116,56,50,65476,0,300,0,0,8,20529,65476,0,0,57672,80.0,0.0,0.0,0.0,0.0,0.0
2026-06-17T04:17:36,ERR,ERR,ERR,ERR,ERR,ERR,ERR,ERR,ERR,ERR,ERR,ERR,ERR,ERR,ERR,ERR,ERR,ERR,ERR,ERR,ERR,ERR,ERR,ERR,ERR,ERR,ERR,ERR,ERR,ERR,ERR,ERR,ERR,ERR,ERR,ERR,ERR,ERR,ERR,ERR,ERR,ERR,ERR,ERR,ERR,ERR,ERR,ERR,ERR,ERR,ERR,ERR,ERR,ERR,ERR,ERR,ERR,ERR,ERR,ERR,ERR,ERR,ERR,ERR,ERR,ERR,ERR,ERR,ERR,ERR,ERR,ERR,ERR,ERR,ERR,ERR,ERR,ERR,ERR,ERR,ERR,ERR,ERR,ERR,ERR,ERR,ERR,ERR,ERR,ERR,ERR,ERR,ERR,ERR,ERR,ERR,ERR,ERR,ERR,ERR,ERR,ERR,ERR,ERR,ERR,ERR,ERR,ERR,ERR,ERR,ERR,ERR,ERR,ERR,ERR,ERR,ERR,ERR,ERR,ERR,ERR,ERR,ERR,ERR,ERR,0.0,0.0,0.0,0.0,0.0,1.3936040501711995e+18,7.805,0.0,0,0,4,0,7300,-0.0,0,0.0,0.0,0.0,0.0,0.0,0,0,0,0,0.0,0,0,0,0,0,0,0,0,0,0,0,0,0,0,0,0,0,0,0,0,0,0,0,0,0,0,0,0,0,0,0,0,0,32,30,30,62,65476,0,300,0,0,8,21553,0.0,-107605600.0,0.0,0.0,0.0,0.0,0.0,0.0,0.0,0.0,0.0,0.0,0.0,0.0,0.0,0.0,0.0,0.0,0.0,0.0,0.0,0.0,2.004,2.004,-0.0,0.0,0.0,0.0,0.0,0.0,5607.0,-0.0,6960.0,0.0,0.0,-107615280.0,-107615328.0,0.0,0.0,0.0,0.0,63,2.718429300292151e+23,-0.0,0.0,0.0,0.0,0.0,0.0,0.0,0.0,0,0,0,0.0,0.0,0.0,0.0,0.0,0.0,0.0,0.0,0.0,0.0,0.0,0.0,0.0,0.0,0.0,0.0,0,-107875648.0,63,0.0,126,2.7184242562605685e+23,-0.0,ERR,ERR,ERR,ERR,ERR,ERR,ERR,ERR,ERR,ERR,ERR,ERR,ERR,ERR,ERR,ERR,ERR,ERR,ERR,ERR,ERR,ERR,ERR,ERR,ERR,ERR,ERR,ERR,ERR,ERR,ERR,ERR,ERR,ERR,ERR,ERR,ERR,ERR,ERR,ERR,ERR,ERR,ERR,ERR,ERR,ERR,ERR,ERR,ERR,ERR,ERR,ERR,ERR,ERR,ERR,ERR,ERR,ERR,ERR,ERR,ERR,ERR,ERR,ERR,ERR,ERR,ERR,34.0,80.0,35,0.0,0.0,0.0,0.0,0.0,0.0,0.0,0.0,0.0,0.0,0.0,0.0,0.0,0.0,0.0,0.0,64.4,0,116,56,50,65476,0,300,0,0,8,20529,65476,0,0,57672,80.0,0.0,0.0,0.0,0.0,0.0
2026-06-17T04:17:37,ERR,ERR,ERR,ERR,ERR,ERR,ERR,ERR,ERR,ERR,ERR,ERR,ERR,ERR,ERR,ERR,ERR,ERR,ERR,ERR,ERR,ERR,ERR,ERR,ERR,ERR,ERR,ERR,ERR,ERR,ERR,ERR,ERR,ERR,ERR,ERR,ERR,ERR,ERR,ERR,ERR,ERR,ERR,ERR,ERR,ERR,ERR,ERR,ERR,ERR,ERR,ERR,ERR,ERR,ERR,ERR,ERR,ERR,ERR,ERR,ERR,ERR,ERR,ERR,ERR,ERR,ERR,ERR,ERR,ERR,ERR,ERR,ERR,ERR,ERR,ERR,ERR,ERR,ERR,ERR,ERR,ERR,ERR,ERR,ERR,ERR,ERR,ERR,ERR,ERR,ERR,ERR,ERR,ERR,ERR,ERR,ERR,ERR,ERR,ERR,ERR,ERR,ERR,ERR,ERR,ERR,ERR,ERR,ERR,ERR,ERR,ERR,ERR,ERR,ERR,ERR,ERR,ERR,ERR,ERR,ERR,ERR,ERR,ERR,ERR,0.0,0.0,0.0,0.0,0.0,1.3936040501711995e+18,7.805,0.0,0,0,4,0,7300,-0.0,0,0.0,0.0,0.0,0.0,0.0,0,0,0,0,0.0,0,0,0,0,0,0,0,0,0,0,0,0,0,0,0,0,0,0,0,0,0,0,0,0,0,0,0,0,0,0,0,0,0,32,30,30,62,65476,0,300,0,0,8,21553,0.0,-107605600.0,0.0,0.0,0.0,0.0,0.0,0.0,0.0,0.0,0.0,0.0,0.0,0.0,0.0,0.0,0.0,0.0,0.0,0.0,0.0,0.0,2.004,2.004,-0.0,0.0,0.0,0.0,0.0,0.0,5607.0,-0.0,6960.0,0.0,0.0,-107615280.0,-107615328.0,0.0,0.0,0.0,0.0,63,2.718429300292151e+23,-0.0,0.0,0.0,0.0,0.0,0.0,0.0,0.0,0,0,0,0.0,0.0,0.0,0.0,0.0,0.0,0.0,0.0,0.0,0.0,0.0,0.0,0.0,0.0,0.0,0.0,0,-107875648.0,63,0.0,126,2.7184242562605685e+23,-0.0,ERR,ERR,ERR,ERR,ERR,ERR,ERR,ERR,ERR,ERR,ERR,ERR,ERR,ERR,ERR,ERR,ERR,ERR,ERR,ERR,ERR,ERR,ERR,ERR,ERR,ERR,ERR,ERR,ERR,ERR,ERR,ERR,ERR,ERR,ERR,ERR,ERR,ERR,ERR,ERR,ERR,ERR,ERR,ERR,ERR,ERR,ERR,ERR,ERR,ERR,ERR,ERR,ERR,ERR,ERR,ERR,ERR,ERR,ERR,ERR,ERR,ERR,ERR,ERR,ERR,ERR,ERR,34.0,80.0,35,0.0,0.0,0.0,0.0,0.0,0.0,0.0,0.0,0.0,0.0,0.0,0.0,0.0,0.0,0.0,0.0,64.4,0,116,56,50,65476,0,300,0,0,8,20529,65476,0,0,57672,80.0,0.0,0.0,0.0,0.0,0.0
2026-06-17T04:17:38,ERR,ERR,ERR,ERR,ERR,ERR,ERR,ERR,ERR,ERR,ERR,ERR,ERR,ERR,ERR,ERR,ERR,ERR,ERR,ERR,ERR,ERR,ERR,ERR,ERR,ERR,ERR,ERR,ERR,ERR,ERR,ERR,ERR,ERR,ERR,ERR,ERR,ERR,ERR,ERR,ERR,ERR,ERR,ERR,ERR,ERR,ERR,ERR,ERR,ERR,ERR,ERR,ERR,ERR,ERR,ERR,ERR,ERR,ERR,ERR,ERR,ERR,ERR,ERR,ERR,ERR,ERR,ERR,ERR,ERR,ERR,ERR,ERR,ERR,ERR,ERR,ERR,ERR,ERR,ERR,ERR,ERR,ERR,ERR,ERR,ERR,ERR,ERR,ERR,ERR,ERR,ERR,ERR,ERR,ERR,ERR,ERR,ERR,ERR,ERR,ERR,ERR,ERR,ERR,ERR,ERR,ERR,ERR,ERR,ERR,ERR,ERR,ERR,ERR,ERR,ERR,ERR,ERR,ERR,ERR,ERR,ERR,ERR,ERR,ERR,0.0,0.0,0.0,0.0,0.0,1.3936040501711995e+18,7.805,0.0,0,0,4,0,7300,-0.0,0,0.0,0.0,0.0,0.0,0.0,0,0,0,0,0.0,0,0,0,0,0,0,0,0,0,0,0,0,0,0,0,0,0,0,0,0,0,0,0,0,0,0,0,0,0,0,0,0,0,32,30,30,62,65476,0,300,0,0,8,21553,0.0,-107605600.0,0.0,0.0,0.0,0.0,0.0,0.0,0.0,0.0,0.0,0.0,0.0,0.0,0.0,0.0,0.0,0.0,0.0,0.0,0.0,0.0,2.004,2.004,-0.0,0.0,0.0,0.0,0.0,0.0,5607.0,-0.0,6960.0,0.0,0.0,-107615280.0,-107615328.0,0.0,0.0,0.0,0.0,63,2.718429300292151e+23,-0.0,0.0,0.0,0.0,0.0,0.0,0.0,0.0,0,0,0,0.0,0.0,0.0,0.0,0.0,0.0,0.0,0.0,0.0,0.0,0.0,0.0,0.0,0.0,0.0,0.0,0,-107875648.0,63,0.0,126,2.7184242562605685e+23,-0.0,ERR,ERR,ERR,ERR,ERR,ERR,ERR,ERR,ERR,ERR,ERR,ERR,ERR,ERR,ERR,ERR,ERR,ERR,ERR,ERR,ERR,ERR,ERR,ERR,ERR,ERR,ERR,ERR,ERR,ERR,ERR,ERR,ERR,ERR,ERR,ERR,ERR,ERR,ERR,ERR,ERR,ERR,ERR,ERR,ERR,ERR,ERR,ERR,ERR,ERR,ERR,ERR,ERR,ERR,ERR,ERR,ERR,ERR,ERR,ERR,ERR,ERR,ERR,ERR,ERR,ERR,ERR,34.0,80.0,35,0.0,0.0,0.0,0.0,0.0,0.0,0.0,0.0,0.0,0.0,0.0,0.0,0.0,0.0,0.0,0.0,64.4,0,116,56,50,65476,0,300,0,0,8,20529,65476,0,0,57672,80.0,0.0,0.0,0.0,0.0,0.0
2026-06-17T04:17:39,ERR,ERR,ERR,ERR,ERR,ERR,ERR,ERR,ERR,ERR,ERR,ERR,ERR,ERR,ERR,ERR,ERR,ERR,ERR,ERR,ERR,ERR,ERR,ERR,ERR,ERR,ERR,ERR,ERR,ERR,ERR,ERR,ERR,ERR,ERR,ERR,ERR,ERR,ERR,ERR,ERR,ERR,ERR,ERR,ERR,ERR,ERR,ERR,ERR,ERR,ERR,ERR,ERR,ERR,ERR,ERR,ERR,ERR,ERR,ERR,ERR,ERR,ERR,ERR,ERR,ERR,ERR,ERR,ERR,ERR,ERR,ERR,ERR,ERR,ERR,ERR,ERR,ERR,ERR,ERR,ERR,ERR,ERR,ERR,ERR,ERR,ERR,ERR,ERR,ERR,ERR,ERR,ERR,ERR,ERR,ERR,ERR,ERR,ERR,ERR,ERR,ERR,ERR,ERR,ERR,ERR,ERR,ERR,ERR,ERR,ERR,ERR,ERR,ERR,ERR,ERR,ERR,ERR,ERR,ERR,ERR,ERR,ERR,ERR,ERR,0.0,0.0,0.0,0.0,0.0,1.3936040501711995e+18,7.805,0.0,0,0,4,0,7300,-0.0,0,0.0,0.0,0.0,0.0,0.0,0,0,0,0,0.0,0,0,0,0,0,0,0,0,0,0,0,0,0,0,0,0,0,0,0,0,0,0,0,0,0,0,0,0,0,0,0,0,0,32,30,30,62,65476,0,300,0,0,8,21553,0.0,-107605600.0,0.0,0.0,0.0,0.0,0.0,0.0,0.0,0.0,0.0,0.0,0.0,0.0,0.0,0.0,0.0,0.0,0.0,0.0,0.0,0.0,2.004,2.004,-0.0,0.0,0.0,0.0,0.0,0.0,5607.0,-0.0,6960.0,0.0,0.0,-107615280.0,-107615328.0,0.0,0.0,0.0,0.0,63,2.718429300292151e+23,-0.0,0.0,0.0,0.0,0.0,0.0,0.0,0.0,0,0,0,0.0,0.0,0.0,0.0,0.0,0.0,0.0,0.0,0.0,0.0,0.0,0.0,0.0,0.0,0.0,0.0,0,-107875648.0,63,0.0,126,2.7184242562605685e+23,-0.0,ERR,ERR,ERR,ERR,ERR,ERR,ERR,ERR,ERR,ERR,ERR,ERR,ERR,ERR,ERR,ERR,ERR,ERR,ERR,ERR,ERR,ERR,ERR,ERR,ERR,ERR,ERR,ERR,ERR,ERR,ERR,ERR,ERR,ERR,ERR,ERR,ERR,ERR,ERR,ERR,ERR,ERR,ERR,ERR,ERR,ERR,ERR,ERR,ERR,ERR,ERR,ERR,ERR,ERR,ERR,ERR,ERR,ERR,ERR,ERR,ERR,ERR,ERR,ERR,ERR,ERR,ERR,34.0,80.0,35,0.0,0.0,0.0,0.0,0.0,0.0,0.0,0.0,0.0,0.0,0.0,0.0,0.0,0.0,0.0,0.0,64.4,0,116,56,50,65476,0,300,0,0,8,20529,65476,0,0,57672,80.0,0.0,0.0,0.0,0.0,0.0
2026-06-17T04:17:40,ERR,ERR,ERR,ERR,ERR,ERR,ERR,ERR,ERR,ERR,ERR,ERR,ERR,ERR,ERR,ERR,ERR,ERR,ERR,ERR,ERR,ERR,ERR,ERR,ERR,ERR,ERR,ERR,ERR,ERR,ERR,ERR,ERR,ERR,ERR,ERR,ERR,ERR,ERR,ERR,ERR,ERR,ERR,ERR,ERR,ERR,ERR,ERR,ERR,ERR,ERR,ERR,ERR,ERR,ERR,ERR,ERR,ERR,ERR,ERR,ERR,ERR,ERR,ERR,ERR,ERR,ERR,ERR,ERR,ERR,ERR,ERR,ERR,ERR,ERR,ERR,ERR,ERR,ERR,ERR,ERR,ERR,ERR,ERR,ERR,ERR,ERR,ERR,ERR,ERR,ERR,ERR,ERR,ERR,ERR,ERR,ERR,ERR,ERR,ERR,ERR,ERR,ERR,ERR,ERR,ERR,ERR,ERR,ERR,ERR,ERR,ERR,ERR,ERR,ERR,ERR,ERR,ERR,ERR,ERR,ERR,ERR,ERR,ERR,ERR,0.0,0.0,0.0,0.0,0.0,1.3936040501711995e+18,7.805,0.0,0,0,4,0,7300,-0.0,0,0.0,0.0,0.0,0.0,0.0,0,0,0,0,0.0,0,0,0,0,0,0,0,0,0,0,0,0,0,0,0,0,0,0,0,0,0,0,0,0,0,0,0,0,0,0,0,0,0,32,30,30,62,65476,0,300,0,0,8,21553,0.0,-107605600.0,0.0,0.0,0.0,0.0,0.0,0.0,0.0,0.0,0.0,0.0,0.0,0.0,0.0,0.0,0.0,0.0,0.0,0.0,0.0,0.0,2.004,2.004,-0.0,0.0,0.0,0.0,0.0,0.0,5610.0,564147108446208.0,6955.0,0.0,0.0,-107615280.0,-107615328.0,0.0,0.0,0.0,0.0,63,4.950427050461716e+32,1.90569004593578e+17,0.0,0.0,0.0,0.0,0.0,0.0,0.0,0,0,0,0.0,0.0,0.0,0.0,0.0,0.0,0.0,0.0,0.0,0.0,0.0,0.0,0.0,0.0,0.0,0.0,0,-107875648.0,63,0.0,126,2.7184242562605685e+23,-0.0,ERR,ERR,ERR,ERR,ERR,ERR,ERR,ERR,ERR,ERR,ERR,ERR,ERR,ERR,ERR,ERR,ERR,ERR,ERR,ERR,ERR,ERR,ERR,ERR,ERR,ERR,ERR,ERR,ERR,ERR,ERR,ERR,ERR,ERR,ERR,ERR,ERR,ERR,ERR,ERR,ERR,ERR,ERR,ERR,ERR,ERR,ERR,ERR,ERR,ERR,ERR,ERR,ERR,ERR,ERR,ERR,ERR,ERR,ERR,ERR,ERR,ERR,ERR,ERR,ERR,ERR,ERR,34.0,80.0,35,0.0,0.0,0.0,0.0,0.0,0.0,0.0,0.0,0.0,0.0,0.0,0.0,0.0,0.0,0.0,0.0,64.8,0,116,56,50,65476,0,300,0,0,8,20529,65476,0,0,57672,80.0,0.0,0.0,0.0,0.0,0.0
2026-06-17T04:17:41,ERR,ERR,ERR,ERR,ERR,ERR,ERR,ERR,ERR,ERR,ERR,ERR,ERR,ERR,ERR,ERR,ERR,ERR,ERR,ERR,ERR,ERR,ERR,ERR,ERR,ERR,ERR,ERR,ERR,ERR,ERR,ERR,ERR,ERR,ERR,ERR,ERR,ERR,ERR,ERR,ERR,ERR,ERR,ERR,ERR,ERR,ERR,ERR,ERR,ERR,ERR,ERR,ERR,ERR,ERR,ERR,ERR,ERR,ERR,ERR,ERR,ERR,ERR,ERR,ERR,ERR,ERR,ERR,ERR,ERR,ERR,ERR,ERR,ERR,ERR,ERR,ERR,ERR,ERR,ERR,ERR,ERR,ERR,ERR,ERR,ERR,ERR,ERR,ERR,ERR,ERR,ERR,ERR,ERR,ERR,ERR,ERR,ERR,ERR,ERR,ERR,ERR,ERR,ERR,ERR,ERR,ERR,ERR,ERR,ERR,ERR,ERR,ERR,ERR,ERR,ERR,ERR,ERR,ERR,ERR,ERR,ERR,ERR,ERR,ERR,0.0,0.0,0.0,0.0,0.0,1.3936040501711995e+18,7.805,0.0,0,0,4,0,7300,-0.0,0,0.0,0.0,0.0,0.0,0.0,0,0,0,0,0.0,0,0,0,0,0,0,0,0,0,0,0,0,0,0,0,0,0,0,0,0,0,0,0,0,0,0,0,0,0,0,0,0,0,32,30,30,62,65476,0,300,0,0,8,21553,0.0,-107605600.0,0.0,0.0,0.0,0.0,0.0,0.0,0.0,0.0,0.0,0.0,0.0,0.0,0.0,0.0,0.0,0.0,0.0,0.0,0.0,0.0,2.004,2.004,-0.0,0.0,0.0,0.0,0.0,0.0,5610.0,564147108446208.0,6955.0,0.0,0.0,-107615280.0,-107615328.0,0.0,0.0,0.0,0.0,63,4.950427050461716e+32,1.90569004593578e+17,0.0,0.0,0.0,0.0,0.0,0.0,0.0,0,0,0,0.0,0.0,0.0,0.0,0.0,0.0,0.0,0.0,0.0,0.0,0.0,0.0,0.0,0.0,0.0,0.0,0,-107875648.0,63,0.0,126,2.7184242562605685e+23,-0.0,ERR,ERR,ERR,ERR,ERR,ERR,ERR,ERR,ERR,ERR,ERR,ERR,ERR,ERR,ERR,ERR,ERR,ERR,ERR,ERR,ERR,ERR,ERR,ERR,ERR,ERR,ERR,ERR,ERR,ERR,ERR,ERR,ERR,ERR,ERR,ERR,ERR,ERR,ERR,ERR,ERR,ERR,ERR,ERR,ERR,ERR,ERR,ERR,ERR,ERR,ERR,ERR,ERR,ERR,ERR,ERR,ERR,ERR,ERR,ERR,ERR,ERR,ERR,ERR,ERR,ERR,ERR,34.0,80.0,35,0.0,0.0,0.0,0.0,0.0,0.0,0.0,0.0,0.0,0.0,0.0,0.0,0.0,0.0,0.0,0.0,64.8,0,116,56,50,65476,0,300,0,0,8,20529,65476,0,0,57672,80.0,0.0,0.0,0.0,0.0,0.0
2026-06-17T04:17:42,ERR,ERR,ERR,ERR,ERR,ERR,ERR,ERR,ERR,ERR,ERR,ERR,ERR,ERR,ERR,ERR,ERR,ERR,ERR,ERR,ERR,ERR,ERR,ERR,ERR,ERR,ERR,ERR,ERR,ERR,ERR,ERR,ERR,ERR,ERR,ERR,ERR,ERR,ERR,ERR,ERR,ERR,ERR,ERR,ERR,ERR,ERR,ERR,ERR,ERR,ERR,ERR,ERR,ERR,ERR,ERR,ERR,ERR,ERR,ERR,ERR,ERR,ERR,ERR,ERR,ERR,ERR,ERR,ERR,ERR,ERR,ERR,ERR,ERR,ERR,ERR,ERR,ERR,ERR,ERR,ERR,ERR,ERR,ERR,ERR,ERR,ERR,ERR,ERR,ERR,ERR,ERR,ERR,ERR,ERR,ERR,ERR,ERR,ERR,ERR,ERR,ERR,ERR,ERR,ERR,ERR,ERR,ERR,ERR,ERR,ERR,ERR,ERR,ERR,ERR,ERR,ERR,ERR,ERR,ERR,ERR,ERR,ERR,ERR,ERR,0.0,0.0,0.0,0.0,0.0,1.3936040501711995e+18,7.805,0.0,0,0,4,0,7300,-0.0,0,0.0,0.0,0.0,0.0,0.0,0,0,0,0,0.0,0,0,0,0,0,0,0,0,0,0,0,0,0,0,0,0,0,0,0,0,0,0,0,0,0,0,0,0,0,0,0,0,0,32,30,30,62,65476,0,300,0,0,8,21553,0.0,-107605600.0,0.0,0.0,0.0,0.0,0.0,0.0,0.0,0.0,0.0,0.0,0.0,0.0,0.0,0.0,0.0,0.0,0.0,0.0,0.0,0.0,2.004,2.004,-0.0,0.0,0.0,0.0,0.0,0.0,5610.0,564147108446208.0,6955.0,0.0,0.0,-107615280.0,-107615328.0,0.0,0.0,0.0,0.0,63,4.950427050461716e+32,1.90569004593578e+17,0.0,0.0,0.0,0.0,0.0,0.0,0.0,0,0,0,0.0,0.0,0.0,0.0,0.0,0.0,0.0,0.0,0.0,0.0,0.0,0.0,0.0,0.0,0.0,0.0,0,-107875648.0,63,0.0,126,2.7184242562605685e+23,-0.0,ERR,ERR,ERR,ERR,ERR,ERR,ERR,ERR,ERR,ERR,ERR,ERR,ERR,ERR,ERR,ERR,ERR,ERR,ERR,ERR,ERR,ERR,ERR,ERR,ERR,ERR,ERR,ERR,ERR,ERR,ERR,ERR,ERR,ERR,ERR,ERR,ERR,ERR,ERR,ERR,ERR,ERR,ERR,ERR,ERR,ERR,ERR,ERR,ERR,ERR,ERR,ERR,ERR,ERR,ERR,ERR,ERR,ERR,ERR,ERR,ERR,ERR,ERR,ERR,ERR,ERR,ERR,34.0,80.0,35,0.0,0.0,0.0,0.0,0.0,0.0,0.0,0.0,0.0,0.0,0.0,0.0,0.0,0.0,0.0,0.0,64.4,0,116,56,50,65476,0,300,0,0,8,20529,65476,0,0,57672,80.0,0.0,0.0,0.0,0.0,0.0
2026-06-17T04:17:43,ERR,ERR,ERR,ERR,ERR,ERR,ERR,ERR,ERR,ERR,ERR,ERR,ERR,ERR,ERR,ERR,ERR,ERR,ERR,ERR,ERR,ERR,ERR,ERR,ERR,ERR,ERR,ERR,ERR,ERR,ERR,ERR,ERR,ERR,ERR,ERR,ERR,ERR,ERR,ERR,ERR,ERR,ERR,ERR,ERR,ERR,ERR,ERR,ERR,ERR,ERR,ERR,ERR,ERR,ERR,ERR,ERR,ERR,ERR,ERR,ERR,ERR,ERR,ERR,ERR,ERR,ERR,ERR,ERR,ERR,ERR,ERR,ERR,ERR,ERR,ERR,ERR,ERR,ERR,ERR,ERR,ERR,ERR,ERR,ERR,ERR,ERR,ERR,ERR,ERR,ERR,ERR,ERR,ERR,ERR,ERR,ERR,ERR,ERR,ERR,ERR,ERR,ERR,ERR,ERR,ERR,ERR,ERR,ERR,ERR,ERR,ERR,ERR,ERR,ERR,ERR,ERR,ERR,ERR,ERR,ERR,ERR,ERR,ERR,ERR,0.0,0.0,0.0,0.0,0.0,1.3936040501711995e+18,7.805,0.0,0,0,4,0,7300,-0.0,0,0.0,0.0,0.0,0.0,0.0,0,0,0,0,0.0,0,0,0,0,0,0,0,0,0,0,0,0,0,0,0,0,0,0,0,0,0,0,0,0,0,0,0,0,0,0,0,0,0,32,30,30,62,65476,0,300,0,0,8,21553,0.0,-107605600.0,0.0,0.0,0.0,0.0,0.0,0.0,0.0,0.0,0.0,0.0,0.0,0.0,0.0,0.0,0.0,0.0,0.0,0.0,0.0,0.0,2.004,2.004,-0.0,0.0,0.0,0.0,0.0,0.0,5610.0,564147108446208.0,6955.0,0.0,0.0,-107615280.0,-107615328.0,0.0,0.0,0.0,0.0,63,4.950427050461716e+32,1.90569004593578e+17,0.0,0.0,0.0,0.0,0.0,0.0,0.0,0,0,0,0.0,0.0,0.0,0.0,0.0,0.0,0.0,0.0,0.0,0.0,0.0,0.0,0.0,0.0,0.0,0.0,0,-107875648.0,63,0.0,126,2.7184242562605685e+23,-0.0,ERR,ERR,ERR,ERR,ERR,ERR,ERR,ERR,ERR,ERR,ERR,ERR,ERR,ERR,ERR,ERR,ERR,ERR,ERR,ERR,ERR,ERR,ERR,ERR,ERR,ERR,ERR,ERR,ERR,ERR,ERR,ERR,ERR,ERR,ERR,ERR,ERR,ERR,ERR,ERR,ERR,ERR,ERR,ERR,ERR,ERR,ERR,ERR,ERR,ERR,ERR,ERR,ERR,ERR,ERR,ERR,ERR,ERR,ERR,ERR,ERR,ERR,ERR,ERR,ERR,ERR,ERR,34.0,80.0,35,0.0,0.0,0.0,0.0,0.0,0.0,0.0,0.0,0.0,0.0,0.0,0.0,0.0,0.0,0.0,0.0,64.4,0,116,56,50,65476,0,300,0,0,8,20529,65476,0,0,57672,80.0,0.0,0.0,0.0,0.0,0.0
2026-06-17T04:17:44,ERR,ERR,ERR,ERR,ERR,ERR,ERR,ERR,ERR,ERR,ERR,ERR,ERR,ERR,ERR,ERR,ERR,ERR,ERR,ERR,ERR,ERR,ERR,ERR,ERR,ERR,ERR,ERR,ERR,ERR,ERR,ERR,ERR,ERR,ERR,ERR,ERR,ERR,ERR,ERR,ERR,ERR,ERR,ERR,ERR,ERR,ERR,ERR,ERR,ERR,ERR,ERR,ERR,ERR,ERR,ERR,ERR,ERR,ERR,ERR,ERR,ERR,ERR,ERR,ERR,ERR,ERR,ERR,ERR,ERR,ERR,ERR,ERR,ERR,ERR,ERR,ERR,ERR,ERR,ERR,ERR,ERR,ERR,ERR,ERR,ERR,ERR,ERR,ERR,ERR,ERR,ERR,ERR,ERR,ERR,ERR,ERR,ERR,ERR,ERR,ERR,ERR,ERR,ERR,ERR,ERR,ERR,ERR,ERR,ERR,ERR,ERR,ERR,ERR,ERR,ERR,ERR,ERR,ERR,ERR,ERR,ERR,ERR,ERR,ERR,0.0,0.0,0.0,0.0,0.0,1.3936040501711995e+18,7.805,0.0,0,0,4,0,7300,-0.0,0,0.0,0.0,0.0,0.0,0.0,0,0,0,0,0.0,0,0,0,0,0,0,0,0,0,0,0,0,0,0,0,0,0,0,0,0,0,0,0,0,0,0,0,0,0,0,0,0,0,32,30,30,62,65476,0,300,0,0,8,21553,0.0,-107605600.0,0.0,0.0,0.0,0.0,0.0,0.0,0.0,0.0,0.0,0.0,0.0,0.0,0.0,0.0,0.0,0.0,0.0,0.0,0.0,0.0,2.004,2.004,-0.0,0.0,0.0,0.0,0.0,0.0,5610.0,564147108446208.0,6955.0,0.0,0.0,-107615280.0,-107615328.0,0.0,0.0,0.0,0.0,63,4.950427050461716e+32,1.90569004593578e+17,0.0,0.0,0.0,0.0,0.0,0.0,0.0,0,0,0,0.0,0.0,0.0,0.0,0.0,0.0,0.0,0.0,0.0,0.0,0.0,0.0,0.0,0.0,0.0,0.0,0,-107875648.0,63,0.0,126,2.7184242562605685e+23,-0.0,ERR,ERR,ERR,ERR,ERR,ERR,ERR,ERR,ERR,ERR,ERR,ERR,ERR,ERR,ERR,ERR,ERR,ERR,ERR,ERR,ERR,ERR,ERR,ERR,ERR,ERR,ERR,ERR,ERR,ERR,ERR,ERR,ERR,ERR,ERR,ERR,ERR,ERR,ERR,ERR,ERR,ERR,ERR,ERR,ERR,ERR,ERR,ERR,ERR,ERR,ERR,ERR,ERR,ERR,ERR,ERR,ERR,ERR,ERR,ERR,ERR,ERR,ERR,ERR,ERR,ERR,ERR,34.0,80.0,35,0.0,0.0,0.0,0.0,0.0,0.0,0.0,0.0,0.0,0.0,0.0,0.0,0.0,0.0,0.0,0.0,64.4,0,116,56,50,65476,0,300,0,0,8,20529,65476,0,0,57672,80.0,0.0,0.0,0.0,0.0,0.0
2026-06-17T04:17:45,ERR,ERR,ERR,ERR,ERR,ERR,ERR,ERR,ERR,ERR,ERR,ERR,ERR,ERR,ERR,ERR,ERR,ERR,ERR,ERR,ERR,ERR,ERR,ERR,ERR,ERR,ERR,ERR,ERR,ERR,ERR,ERR,ERR,ERR,ERR,ERR,ERR,ERR,ERR,ERR,ERR,ERR,ERR,ERR,ERR,ERR,ERR,ERR,ERR,ERR,ERR,ERR,ERR,ERR,ERR,ERR,ERR,ERR,ERR,ERR,ERR,ERR,ERR,ERR,ERR,ERR,ERR,ERR,ERR,ERR,ERR,ERR,ERR,ERR,ERR,ERR,ERR,ERR,ERR,ERR,ERR,ERR,ERR,ERR,ERR,ERR,ERR,ERR,ERR,ERR,ERR,ERR,ERR,ERR,ERR,ERR,ERR,ERR,ERR,ERR,ERR,ERR,ERR,ERR,ERR,ERR,ERR,ERR,ERR,ERR,ERR,ERR,ERR,ERR,ERR,ERR,ERR,ERR,ERR,ERR,ERR,ERR,ERR,ERR,ERR,0.0,0.0,0.0,0.0,0.0,1.3936040501711995e+18,7.805,0.0,0,0,4,0,7300,-0.0,0,0.0,0.0,0.0,0.0,0.0,0,0,0,0,0.0,0,0,0,0,0,0,0,0,0,0,0,0,0,0,0,0,0,0,0,0,0,0,0,0,0,0,0,0,0,0,0,0,0,32,30,30,62,65476,0,300,0,0,8,21553,0.0,-107605600.0,0.0,0.0,0.0,0.0,0.0,0.0,0.0,0.0,0.0,0.0,0.0,0.0,0.0,0.0,0.0,0.0,0.0,0.0,0.0,0.0,2.004,2.004,-0.0,-2.004,0.0,0.0,0.0,0.0,5611.0,0.0,6947.0,0.0,0.0,-107615280.0,-107615328.0,0.0,0.0,0.0,0.0,63,4.950427050461716e+32,0.0,0.0,0.0,0.0,0.0,0.0,0.0,0.0,0,0,0,0.0,0.0,0.0,0.0,0.0,0.0,0.0,0.0,0.0,0.0,0.0,0.0,0.0,0.0,0.0,0.0,0,-107875648.0,63,0.0,126,2.7184242562605685e+23,-0.0,ERR,ERR,ERR,ERR,ERR,ERR,ERR,ERR,ERR,ERR,ERR,ERR,ERR,ERR,ERR,ERR,ERR,ERR,ERR,ERR,ERR,ERR,ERR,ERR,ERR,ERR,ERR,ERR,ERR,ERR,ERR,ERR,ERR,ERR,ERR,ERR,ERR,ERR,ERR,ERR,ERR,ERR,ERR,ERR,ERR,ERR,ERR,ERR,ERR,ERR,ERR,ERR,ERR,ERR,ERR,ERR,ERR,ERR,ERR,ERR,ERR,ERR,ERR,ERR,ERR,ERR,ERR,34.0,80.0,35,0.0,0.0,0.0,0.0,0.0,0.0,0.0,0.0,0.0,0.0,0.0,0.0,0.0,0.0,0.0,0.0,64.4,0,116,56,50,65476,0,300,0,0,8,20529,65476,0,0,57672,80.0,0.0,0.0,0.0,0.0,0.0
2026-06-17T04:17:46,ERR,ERR,ERR,ERR,ERR,ERR,ERR,ERR,ERR,ERR,ERR,ERR,ERR,ERR,ERR,ERR,ERR,ERR,ERR,ERR,ERR,ERR,ERR,ERR,ERR,ERR,ERR,ERR,ERR,ERR,ERR,ERR,ERR,ERR,ERR,ERR,ERR,ERR,ERR,ERR,ERR,ERR,ERR,ERR,ERR,ERR,ERR,ERR,ERR,ERR,ERR,ERR,ERR,ERR,ERR,ERR,ERR,ERR,ERR,ERR,ERR,ERR,ERR,ERR,ERR,ERR,ERR,ERR,ERR,ERR,ERR,ERR,ERR,ERR,ERR,ERR,ERR,ERR,ERR,ERR,ERR,ERR,ERR,ERR,ERR,ERR,ERR,ERR,ERR,ERR,ERR,ERR,ERR,ERR,ERR,ERR,ERR,ERR,ERR,ERR,ERR,ERR,ERR,ERR,ERR,ERR,ERR,ERR,ERR,ERR,ERR,ERR,ERR,ERR,ERR,ERR,ERR,ERR,ERR,ERR,ERR,ERR,ERR,ERR,ERR,0.0,0.0,0.0,0.0,0.0,1.3936040501711995e+18,7.805,0.0,0,0,4,0,7300,-0.0,0,0.0,0.0,0.0,0.0,0.0,0,0,0,0,0.0,0,0,0,0,0,0,0,0,0,0,0,0,0,0,0,0,0,0,0,0,0,0,0,0,0,0,0,0,0,0,0,0,0,32,30,30,62,65476,0,300,0,0,8,21553,0.0,-107605600.0,0.0,0.0,0.0,0.0,0.0,0.0,0.0,0.0,0.0,0.0,0.0,0.0,0.0,0.0,0.0,0.0,0.0,0.0,0.0,0.0,2.004,2.004,-0.0,-2.004,0.0,0.0,0.0,0.0,5611.0,0.0,6947.0,0.0,0.0,-107615280.0,-107615328.0,0.0,0.0,0.0,0.0,63,4.950427050461716e+32,0.0,0.0,0.0,0.0,0.0,0.0,0.0,0.0,0,0,0,0.0,0.0,0.0,0.0,0.0,0.0,0.0,0.0,0.0,0.0,0.0,0.0,0.0,0.0,0.0,0.0,0,-107875648.0,63,0.0,126,2.7184242562605685e+23,-0.0,ERR,ERR,ERR,ERR,ERR,ERR,ERR,ERR,ERR,ERR,ERR,ERR,ERR,ERR,ERR,ERR,ERR,ERR,ERR,ERR,ERR,ERR,ERR,ERR,ERR,ERR,ERR,ERR,ERR,ERR,ERR,ERR,ERR,ERR,ERR,ERR,ERR,ERR,ERR,ERR,ERR,ERR,ERR,ERR,ERR,ERR,ERR,ERR,ERR,ERR,ERR,ERR,ERR,ERR,ERR,ERR,ERR,ERR,ERR,ERR,ERR,ERR,ERR,ERR,ERR,ERR,ERR,34.0,80.0,35,0.0,0.0,0.0,0.0,0.0,0.0,0.0,0.0,0.0,0.0,0.0,0.0,0.0,0.0,0.0,0.0,64.8,0,116,56,50,65476,0,300,0,0,8,20529,65476,0,0,57672,80.0,0.0,0.0,0.0,0.0,0.0
2026-06-17T04:17:47,ERR,ERR,ERR,ERR,ERR,ERR,ERR,ERR,ERR,ERR,ERR,ERR,ERR,ERR,ERR,ERR,ERR,ERR,ERR,ERR,ERR,ERR,ERR,ERR,ERR,ERR,ERR,ERR,ERR,ERR,ERR,ERR,ERR,ERR,ERR,ERR,ERR,ERR,ERR,ERR,ERR,ERR,ERR,ERR,ERR,ERR,ERR,ERR,ERR,ERR,ERR,ERR,ERR,ERR,ERR,ERR,ERR,ERR,ERR,ERR,ERR,ERR,ERR,ERR,ERR,ERR,ERR,ERR,ERR,ERR,ERR,ERR,ERR,ERR,ERR,ERR,ERR,ERR,ERR,ERR,ERR,ERR,ERR,ERR,ERR,ERR,ERR,ERR,ERR,ERR,ERR,ERR,ERR,ERR,ERR,ERR,ERR,ERR,ERR,ERR,ERR,ERR,ERR,ERR,ERR,ERR,ERR,ERR,ERR,ERR,ERR,ERR,ERR,ERR,ERR,ERR,ERR,ERR,ERR,ERR,ERR,ERR,ERR,ERR,ERR,0.0,0.0,0.0,0.0,0.0,1.3936040501711995e+18,7.805,0.0,0,0,4,0,7300,-0.0,0,0.0,0.0,0.0,0.0,0.0,0,0,0,0,0.0,0,0,0,0,0,0,0,0,0,0,0,0,0,0,0,0,0,0,0,0,0,0,0,0,0,0,0,0,0,0,0,0,0,32,30,30,62,65476,0,300,0,0,8,21553,0.0,-107605600.0,0.0,0.0,0.0,0.0,0.0,0.0,0.0,0.0,0.0,0.0,0.0,0.0,0.0,0.0,0.0,0.0,0.0,0.0,0.0,0.0,2.004,2.004,-0.0,-2.004,0.0,0.0,0.0,0.0,5611.0,0.0,6947.0,0.0,0.0,-107615280.0,-107615328.0,0.0,0.0,0.0,0.0,63,4.950427050461716e+32,0.0,0.0,0.0,0.0,0.0,0.0,0.0,0.0,0,0,0,0.0,0.0,0.0,0.0,0.0,0.0,0.0,0.0,0.0,0.0,0.0,0.0,0.0,0.0,0.0,0.0,0,-107875648.0,63,0.0,126,2.7184242562605685e+23,-0.0,ERR,ERR,ERR,ERR,ERR,ERR,ERR,ERR,ERR,ERR,ERR,ERR,ERR,ERR,ERR,ERR,ERR,ERR,ERR,ERR,ERR,ERR,ERR,ERR,ERR,ERR,ERR,ERR,ERR,ERR,ERR,ERR,ERR,ERR,ERR,ERR,ERR,ERR,ERR,ERR,ERR,ERR,ERR,ERR,ERR,ERR,ERR,ERR,ERR,ERR,ERR,ERR,ERR,ERR,ERR,ERR,ERR,ERR,ERR,ERR,ERR,ERR,ERR,ERR,ERR,ERR,ERR,34.0,80.0,35,0.0,0.0,0.0,0.0,0.0,0.0,0.0,0.0,0.0,0.0,0.0,0.0,0.0,0.0,0.0,0.0,64.8,0,116,56,50,65476,0,300,0,0,8,20529,65476,0,0,57672,80.0,0.0,0.0,0.0,0.0,0.0
2026-06-17T04:17:48,ERR,ERR,ERR,ERR,ERR,ERR,ERR,ERR,ERR,ERR,ERR,ERR,ERR,ERR,ERR,ERR,ERR,ERR,ERR,ERR,ERR,ERR,ERR,ERR,ERR,ERR,ERR,ERR,ERR,ERR,ERR,ERR,ERR,ERR,ERR,ERR,ERR,ERR,ERR,ERR,ERR,ERR,ERR,ERR,ERR,ERR,ERR,ERR,ERR,ERR,ERR,ERR,ERR,ERR,ERR,ERR,ERR,ERR,ERR,ERR,ERR,ERR,ERR,ERR,ERR,ERR,ERR,ERR,ERR,ERR,ERR,ERR,ERR,ERR,ERR,ERR,ERR,ERR,ERR,ERR,ERR,ERR,ERR,ERR,ERR,ERR,ERR,ERR,ERR,ERR,ERR,ERR,ERR,ERR,ERR,ERR,ERR,ERR,ERR,ERR,ERR,ERR,ERR,ERR,ERR,ERR,ERR,ERR,ERR,ERR,ERR,ERR,ERR,ERR,ERR,ERR,ERR,ERR,ERR,ERR,ERR,ERR,ERR,ERR,ERR,0.0,0.0,0.0,0.0,0.0,1.3936040501711995e+18,7.805,0.0,0,0,4,0,7300,-0.0,0,0.0,0.0,0.0,0.0,0.0,0,0,0,0,0.0,0,0,0,0,0,0,0,0,0,0,0,0,0,0,0,0,0,0,0,0,0,0,0,0,0,0,0,0,0,0,0,0,0,32,30,30,62,65476,0,300,0,0,8,21553,0.0,-107605600.0,0.0,0.0,0.0,0.0,0.0,0.0,0.0,0.0,0.0,0.0,0.0,0.0,0.0,0.0,0.0,0.0,0.0,0.0,0.0,0.0,2.004,2.004,-0.0,-2.004,0.0,0.0,0.0,0.0,5611.0,0.0,6947.0,0.0,0.0,-107615280.0,-107615328.0,0.0,0.0,0.0,0.0,63,4.950427050461716e+32,0.0,0.0,0.0,0.0,0.0,0.0,0.0,0.0,0,0,0,0.0,0.0,0.0,0.0,0.0,0.0,0.0,0.0,0.0,0.0,0.0,0.0,0.0,0.0,0.0,0.0,0,-107875648.0,63,0.0,126,2.7184242562605685e+23,-0.0,ERR,ERR,ERR,ERR,ERR,ERR,ERR,ERR,ERR,ERR,ERR,ERR,ERR,ERR,ERR,ERR,ERR,ERR,ERR,ERR,ERR,ERR,ERR,ERR,ERR,ERR,ERR,ERR,ERR,ERR,ERR,ERR,ERR,ERR,ERR,ERR,ERR,ERR,ERR,ERR,ERR,ERR,ERR,ERR,ERR,ERR,ERR,ERR,ERR,ERR,ERR,ERR,ERR,ERR,ERR,ERR,ERR,ERR,ERR,ERR,ERR,ERR,ERR,ERR,ERR,ERR,ERR,34.0,80.0,35,0.0,0.0,0.0,0.0,0.0,0.0,0.0,0.0,0.0,0.0,0.0,0.0,0.0,0.0,0.0,0.0,64.8,0,116,56,50,65476,0,300,0,0,8,20529,65476,0,0,57672,80.0,0.0,0.0,0.0,0.0,0.0
2026-06-17T04:17:49,ERR,ERR,ERR,ERR,ERR,ERR,ERR,ERR,ERR,ERR,ERR,ERR,ERR,ERR,ERR,ERR,ERR,ERR,ERR,ERR,ERR,ERR,ERR,ERR,ERR,ERR,ERR,ERR,ERR,ERR,ERR,ERR,ERR,ERR,ERR,ERR,ERR,ERR,ERR,ERR,ERR,ERR,ERR,ERR,ERR,ERR,ERR,ERR,ERR,ERR,ERR,ERR,ERR,ERR,ERR,ERR,ERR,ERR,ERR,ERR,ERR,ERR,ERR,ERR,ERR,ERR,ERR,ERR,ERR,ERR,ERR,ERR,ERR,ERR,ERR,ERR,ERR,ERR,ERR,ERR,ERR,ERR,ERR,ERR,ERR,ERR,ERR,ERR,ERR,ERR,ERR,ERR,ERR,ERR,ERR,ERR,ERR,ERR,ERR,ERR,ERR,ERR,ERR,ERR,ERR,ERR,ERR,ERR,ERR,ERR,ERR,ERR,ERR,ERR,ERR,ERR,ERR,ERR,ERR,ERR,ERR,ERR,ERR,ERR,ERR,0.0,0.0,0.0,0.0,0.0,1.3936040501711995e+18,7.805,0.0,0,0,4,0,7300,-0.0,0,0.0,0.0,0.0,0.0,0.0,0,0,0,0,0.0,0,0,0,0,0,0,0,0,0,0,0,0,0,0,0,0,0,0,0,0,0,0,0,0,0,0,0,0,0,0,0,0,0,32,30,30,62,65476,0,300,0,0,8,21553,0.0,-107605600.0,0.0,0.0,0.0,0.0,0.0,0.0,0.0,0.0,0.0,0.0,0.0,0.0,0.0,0.0,0.0,0.0,0.0,0.0,0.0,0.0,2.004,2.004,-0.0,-2.004,0.0,0.0,0.0,0.0,5611.0,0.0,6947.0,0.0,0.0,-107615280.0,-107615328.0,0.0,0.0,0.0,0.0,63,4.950427050461716e+32,0.0,0.0,0.0,0.0,0.0,0.0,0.0,0.0,0,0,0,0.0,0.0,0.0,0.0,0.0,0.0,0.0,0.0,0.0,0.0,0.0,0.0,0.0,0.0,0.0,0.0,0,-107875648.0,63,0.0,126,2.7184242562605685e+23,-0.0,ERR,ERR,ERR,ERR,ERR,ERR,ERR,ERR,ERR,ERR,ERR,ERR,ERR,ERR,ERR,ERR,ERR,ERR,ERR,ERR,ERR,ERR,ERR,ERR,ERR,ERR,ERR,ERR,ERR,ERR,ERR,ERR,ERR,ERR,ERR,ERR,ERR,ERR,ERR,ERR,ERR,ERR,ERR,ERR,ERR,ERR,ERR,ERR,ERR,ERR,ERR,ERR,ERR,ERR,ERR,ERR,ERR,ERR,ERR,ERR,ERR,ERR,ERR,ERR,ERR,ERR,ERR,34.0,80.0,35,0.0,0.0,0.0,0.0,0.0,0.0,0.0,0.0,0.0,0.0,0.0,0.0,0.0,0.0,0.0,0.0,64.8,0,116,56,50,65476,0,300,0,0,8,20529,65476,0,0,57672,80.0,0.0,0.0,0.0,0.0,0.0
2026-06-17T04:17:50,ERR,ERR,ERR,ERR,ERR,ERR,ERR,ERR,ERR,ERR,ERR,ERR,ERR,ERR,ERR,ERR,ERR,ERR,ERR,ERR,ERR,ERR,ERR,ERR,ERR,ERR,ERR,ERR,ERR,ERR,ERR,ERR,ERR,ERR,ERR,ERR,ERR,ERR,ERR,ERR,ERR,ERR,ERR,ERR,ERR,ERR,ERR,ERR,ERR,ERR,ERR,ERR,ERR,ERR,ERR,ERR,ERR,ERR,ERR,ERR,ERR,ERR,ERR,ERR,ERR,ERR,ERR,ERR,ERR,ERR,ERR,ERR,ERR,ERR,ERR,ERR,ERR,ERR,ERR,ERR,ERR,ERR,ERR,ERR,ERR,ERR,ERR,ERR,ERR,ERR,ERR,ERR,ERR,ERR,ERR,ERR,ERR,ERR,ERR,ERR,ERR,ERR,ERR,ERR,ERR,ERR,ERR,ERR,ERR,ERR,ERR,ERR,ERR,ERR,ERR,ERR,ERR,ERR,ERR,ERR,ERR,ERR,ERR,ERR,ERR,0.0,0.0,0.0,0.0,0.0,1.3936040501711995e+18,7.805,0.0,0,0,4,0,7300,-0.0,0,0.0,0.0,0.0,0.0,0.0,0,0,0,0,0.0,0,0,0,0,0,0,0,0,0,0,0,0,0,0,0,0,0,0,0,0,0,0,0,0,0,0,0,0,0,0,0,0,0,32,30,30,62,65476,0,300,0,0,8,21553,0.0,-107605600.0,0.0,0.0,0.0,0.0,0.0,0.0,0.0,0.0,0.0,0.0,0.0,0.0,0.0,0.0,0.0,0.0,0.0,0.0,0.0,0.0,2.004,2.004,-0.0,-2.004,0.0,0.0,0.0,0.0,5611.0,0.0,6947.0,0.0,0.0,-107615280.0,-107615328.0,0.0,0.0,0.0,0.0,63,4.950427050461716e+32,0.0,0.0,0.0,0.0,0.0,0.0,0.0,0.0,0,0,0,0.0,0.0,0.0,0.0,0.0,0.0,0.0,0.0,0.0,0.0,0.0,0.0,0.0,0.0,0.0,0.0,0,-107875648.0,63,0.0,126,2.7184242562605685e+23,-0.0,ERR,ERR,ERR,ERR,ERR,ERR,ERR,ERR,ERR,ERR,ERR,ERR,ERR,ERR,ERR,ERR,ERR,ERR,ERR,ERR,ERR,ERR,ERR,ERR,ERR,ERR,ERR,ERR,ERR,ERR,ERR,ERR,ERR,ERR,ERR,ERR,ERR,ERR,ERR,ERR,ERR,ERR,ERR,ERR,ERR,ERR,ERR,ERR,ERR,ERR,ERR,ERR,ERR,ERR,ERR,ERR,ERR,ERR,ERR,ERR,ERR,ERR,ERR,ERR,ERR,ERR,ERR,34.0,80.0,35,0.0,0.0,0.0,0.0,0.0,0.0,0.0,0.0,0.0,0.0,0.0,0.0,0.0,0.0,0.0,0.0,64.8,0,116,56,50,65476,0,300,0,0,8,20529,65476,0,0,57672,80.0,0.0,0.0,0.0,0.0,0.0
2026-06-17T04:17:51,ERR,ERR,ERR,ERR,ERR,ERR,ERR,ERR,ERR,ERR,ERR,ERR,ERR,ERR,ERR,ERR,ERR,ERR,ERR,ERR,ERR,ERR,ERR,ERR,ERR,ERR,ERR,ERR,ERR,ERR,ERR,ERR,ERR,ERR,ERR,ERR,ERR,ERR,ERR,ERR,ERR,ERR,ERR,ERR,ERR,ERR,ERR,ERR,ERR,ERR,ERR,ERR,ERR,ERR,ERR,ERR,ERR,ERR,ERR,ERR,ERR,ERR,ERR,ERR,ERR,ERR,ERR,ERR,ERR,ERR,ERR,ERR,ERR,ERR,ERR,ERR,ERR,ERR,ERR,ERR,ERR,ERR,ERR,ERR,ERR,ERR,ERR,ERR,ERR,ERR,ERR,ERR,ERR,ERR,ERR,ERR,ERR,ERR,ERR,ERR,ERR,ERR,ERR,ERR,ERR,ERR,ERR,ERR,ERR,ERR,ERR,ERR,ERR,ERR,ERR,ERR,ERR,ERR,ERR,ERR,ERR,ERR,ERR,ERR,ERR,0.0,0.0,0.0,0.0,0.0,1.3936040501711995e+18,7.805,0.0,0,0,4,0,7300,-0.0,0,0.0,0.0,0.0,0.0,0.0,0,0,0,0,0.0,0,0,0,0,0,0,0,0,0,0,0,0,0,0,0,0,0,0,0,0,0,0,0,0,0,0,0,0,0,0,0,0,0,32,30,30,62,65476,0,300,0,0,8,21553,0.0,-107605600.0,0.0,0.0,0.0,0.0,0.0,0.0,0.0,0.0,0.0,0.0,0.0,0.0,0.0,0.0,0.0,0.0,0.0,0.0,0.0,0.0,2.004,2.004,-0.0,0.0,0.0,0.0,0.0,0.0,5576.0,-2.004,6936.0,0.0,0.0,-107615280.0,-0.0,0.0,0.0,0.0,0.0,63,2.718429300292151e+23,-0.0,0.0,0.0,0.0,0.0,0.0,0.0,0.0,0,0,0,0.0,0.0,0.0,0.0,0.0,0.0,0.0,0.0,0.0,0.0,0.0,0.0,0.0,0.0,0.0,0.0,0,-107875648.0,63,0.0,126,2.7184242562605685e+23,-0.0,ERR,ERR,ERR,ERR,ERR,ERR,ERR,ERR,ERR,ERR,ERR,ERR,ERR,ERR,ERR,ERR,ERR,ERR,ERR,ERR,ERR,ERR,ERR,ERR,ERR,ERR,ERR,ERR,ERR,ERR,ERR,ERR,ERR,ERR,ERR,ERR,ERR,ERR,ERR,ERR,ERR,ERR,ERR,ERR,ERR,ERR,ERR,ERR,ERR,ERR,ERR,ERR,ERR,ERR,ERR,ERR,ERR,ERR,ERR,ERR,ERR,ERR,ERR,ERR,ERR,ERR,ERR,34.0,80.0,35,0.0,0.0,0.0,0.0,0.0,0.0,0.0,0.0,0.0,0.0,0.0,0.0,0.0,0.0,0.0,0.0,64.4,0,116,56,50,65476,0,300,0,0,8,20529,65476,0,0,57672,80.0,0.0,0.0,0.0,0.0,0.0
2026-06-17T04:17:52,ERR,ERR,ERR,ERR,ERR,ERR,ERR,ERR,ERR,ERR,ERR,ERR,ERR,ERR,ERR,ERR,ERR,ERR,ERR,ERR,ERR,ERR,ERR,ERR,ERR,ERR,ERR,ERR,ERR,ERR,ERR,ERR,ERR,ERR,ERR,ERR,ERR,ERR,ERR,ERR,ERR,ERR,ERR,ERR,ERR,ERR,ERR,ERR,ERR,ERR,ERR,ERR,ERR,ERR,ERR,ERR,ERR,ERR,ERR,ERR,ERR,ERR,ERR,ERR,ERR,ERR,ERR,ERR,ERR,ERR,ERR,ERR,ERR,ERR,ERR,ERR,ERR,ERR,ERR,ERR,ERR,ERR,ERR,ERR,ERR,ERR,ERR,ERR,ERR,ERR,ERR,ERR,ERR,ERR,ERR,ERR,ERR,ERR,ERR,ERR,ERR,ERR,ERR,ERR,ERR,ERR,ERR,ERR,ERR,ERR,ERR,ERR,ERR,ERR,ERR,ERR,ERR,ERR,ERR,ERR,ERR,ERR,ERR,ERR,ERR,0.0,0.0,0.0,0.0,0.0,1.3936040501711995e+18,7.805,0.0,0,0,4,0,7300,-0.0,0,0.0,0.0,0.0,0.0,0.0,0,0,0,0,0.0,0,0,0,0,0,0,0,0,0,0,0,0,0,0,0,0,0,0,0,0,0,0,0,0,0,0,0,0,0,0,0,0,0,32,30,30,62,65476,0,300,0,0,8,21553,0.0,-107605600.0,0.0,0.0,0.0,0.0,0.0,0.0,0.0,0.0,0.0,0.0,0.0,0.0,0.0,0.0,0.0,0.0,0.0,0.0,0.0,0.0,2.004,2.004,-0.0,0.0,0.0,0.0,0.0,0.0,5576.0,-2.004,6936.0,0.0,0.0,-107615280.0,-0.0,0.0,0.0,0.0,0.0,63,2.718429300292151e+23,-0.0,0.0,0.0,0.0,0.0,0.0,0.0,0.0,0,0,0,0.0,0.0,0.0,0.0,0.0,0.0,0.0,0.0,0.0,0.0,0.0,0.0,0.0,0.0,0.0,0.0,0,-107875648.0,63,0.0,126,2.7184242562605685e+23,-0.0,ERR,ERR,ERR,ERR,ERR,ERR,ERR,ERR,ERR,ERR,ERR,ERR,ERR,ERR,ERR,ERR,ERR,ERR,ERR,ERR,ERR,ERR,ERR,ERR,ERR,ERR,ERR,ERR,ERR,ERR,ERR,ERR,ERR,ERR,ERR,ERR,ERR,ERR,ERR,ERR,ERR,ERR,ERR,ERR,ERR,ERR,ERR,ERR,ERR,ERR,ERR,ERR,ERR,ERR,ERR,ERR,ERR,ERR,ERR,ERR,ERR,ERR,ERR,ERR,ERR,ERR,ERR,34.0,80.0,35,0.0,0.0,0.0,0.0,0.0,0.0,0.0,0.0,0.0,0.0,0.0,0.0,0.0,0.0,0.0,0.0,64.4,0,116,56,50,65476,0,300,0,0,8,20529,65476,0,0,57672,80.0,0.0,0.0,0.0,0.0,0.0
2026-06-17T04:17:53,ERR,ERR,ERR,ERR,ERR,ERR,ERR,ERR,ERR,ERR,ERR,ERR,ERR,ERR,ERR,ERR,ERR,ERR,ERR,ERR,ERR,ERR,ERR,ERR,ERR,ERR,ERR,ERR,ERR,ERR,ERR,ERR,ERR,ERR,ERR,ERR,ERR,ERR,ERR,ERR,ERR,ERR,ERR,ERR,ERR,ERR,ERR,ERR,ERR,ERR,ERR,ERR,ERR,ERR,ERR,ERR,ERR,ERR,ERR,ERR,ERR,ERR,ERR,ERR,ERR,ERR,ERR,ERR,ERR,ERR,ERR,ERR,ERR,ERR,ERR,ERR,ERR,ERR,ERR,ERR,ERR,ERR,ERR,ERR,ERR,ERR,ERR,ERR,ERR,ERR,ERR,ERR,ERR,ERR,ERR,ERR,ERR,ERR,ERR,ERR,ERR,ERR,ERR,ERR,ERR,ERR,ERR,ERR,ERR,ERR,ERR,ERR,ERR,ERR,ERR,ERR,ERR,ERR,ERR,ERR,ERR,ERR,ERR,ERR,ERR,0.0,0.0,0.0,0.0,0.0,1.3936040501711995e+18,7.805,0.0,0,0,4,0,7300,-0.0,0,0.0,0.0,0.0,0.0,0.0,0,0,0,0,0.0,0,0,0,0,0,0,0,0,0,0,0,0,0,0,0,0,0,0,0,0,0,0,0,0,0,0,0,0,0,0,0,0,0,32,30,30,62,65476,0,300,0,0,8,21553,0.0,-107605600.0,0.0,0.0,0.0,0.0,0.0,0.0,0.0,0.0,0.0,0.0,0.0,0.0,0.0,0.0,0.0,0.0,0.0,0.0,0.0,0.0,2.004,2.004,-0.0,0.0,0.0,0.0,0.0,0.0,5576.0,-2.004,6936.0,0.0,0.0,-107615280.0,-0.0,0.0,0.0,0.0,0.0,63,2.718429300292151e+23,-0.0,0.0,0.0,0.0,0.0,0.0,0.0,0.0,0,0,0,0.0,0.0,0.0,0.0,0.0,0.0,0.0,0.0,0.0,0.0,0.0,0.0,0.0,0.0,0.0,0.0,0,-107875648.0,63,0.0,126,2.7184242562605685e+23,-0.0,ERR,ERR,ERR,ERR,ERR,ERR,ERR,ERR,ERR,ERR,ERR,ERR,ERR,ERR,ERR,ERR,ERR,ERR,ERR,ERR,ERR,ERR,ERR,ERR,ERR,ERR,ERR,ERR,ERR,ERR,ERR,ERR,ERR,ERR,ERR,ERR,ERR,ERR,ERR,ERR,ERR,ERR,ERR,ERR,ERR,ERR,ERR,ERR,ERR,ERR,ERR,ERR,ERR,ERR,ERR,ERR,ERR,ERR,ERR,ERR,ERR,ERR,ERR,ERR,ERR,ERR,ERR,34.0,80.0,35,0.0,0.0,0.0,0.0,0.0,0.0,0.0,0.0,0.0,0.0,0.0,0.0,0.0,0.0,0.0,0.0,64.4,0,116,56,50,65476,0,300,0,0,8,20529,65476,0,0,57672,80.0,0.0,0.0,0.0,0.0,0.0
2026-06-17T04:17:54,ERR,ERR,ERR,ERR,ERR,ERR,ERR,ERR,ERR,ERR,ERR,ERR,ERR,ERR,ERR,ERR,ERR,ERR,ERR,ERR,ERR,ERR,ERR,ERR,ERR,ERR,ERR,ERR,ERR,ERR,ERR,ERR,ERR,ERR,ERR,ERR,ERR,ERR,ERR,ERR,ERR,ERR,ERR,ERR,ERR,ERR,ERR,ERR,ERR,ERR,ERR,ERR,ERR,ERR,ERR,ERR,ERR,ERR,ERR,ERR,ERR,ERR,ERR,ERR,ERR,ERR,ERR,ERR,ERR,ERR,ERR,ERR,ERR,ERR,ERR,ERR,ERR,ERR,ERR,ERR,ERR,ERR,ERR,ERR,ERR,ERR,ERR,ERR,ERR,ERR,ERR,ERR,ERR,ERR,ERR,ERR,ERR,ERR,ERR,ERR,ERR,ERR,ERR,ERR,ERR,ERR,ERR,ERR,ERR,ERR,ERR,ERR,ERR,ERR,ERR,ERR,ERR,ERR,ERR,ERR,ERR,ERR,ERR,ERR,ERR,0.0,0.0,0.0,0.0,0.0,1.3936040501711995e+18,7.805,0.0,0,0,4,0,7300,-0.0,0,0.0,0.0,0.0,0.0,0.0,0,0,0,0,0.0,0,0,0,0,0,0,0,0,0,0,0,0,0,0,0,0,0,0,0,0,0,0,0,0,0,0,0,0,0,0,0,0,0,32,30,30,62,65476,0,300,0,0,8,21553,0.0,-107605600.0,0.0,0.0,0.0,0.0,0.0,0.0,0.0,0.0,0.0,0.0,0.0,0.0,0.0,0.0,0.0,0.0,0.0,0.0,0.0,0.0,2.004,2.004,-0.0,0.0,0.0,0.0,0.0,0.0,5576.0,-2.004,6936.0,0.0,0.0,-107615280.0,-0.0,0.0,0.0,0.0,0.0,63,2.718429300292151e+23,-0.0,0.0,0.0,0.0,0.0,0.0,0.0,0.0,0,0,0,0.0,0.0,0.0,0.0,0.0,0.0,0.0,0.0,0.0,0.0,0.0,0.0,0.0,0.0,0.0,0.0,0,-107875648.0,63,0.0,126,2.7184242562605685e+23,-0.0,ERR,ERR,ERR,ERR,ERR,ERR,ERR,ERR,ERR,ERR,ERR,ERR,ERR,ERR,ERR,ERR,ERR,ERR,ERR,ERR,ERR,ERR,ERR,ERR,ERR,ERR,ERR,ERR,ERR,ERR,ERR,ERR,ERR,ERR,ERR,ERR,ERR,ERR,ERR,ERR,ERR,ERR,ERR,ERR,ERR,ERR,ERR,ERR,ERR,ERR,ERR,ERR,ERR,ERR,ERR,ERR,ERR,ERR,ERR,ERR,ERR,ERR,ERR,ERR,ERR,ERR,ERR,34.0,80.0,35,0.0,0.0,0.0,0.0,0.0,0.0,0.0,0.0,0.0,0.0,0.0,0.0,0.0,0.0,0.0,0.0,64.4,0,116,56,50,65476,0,300,0,0,8,20529,65476,0,0,57672,80.0,0.0,0.0,0.0,0.0,0.0
2026-06-17T04:17:55,ERR,ERR,ERR,ERR,ERR,ERR,ERR,ERR,ERR,ERR,ERR,ERR,ERR,ERR,ERR,ERR,ERR,ERR,ERR,ERR,ERR,ERR,ERR,ERR,ERR,ERR,ERR,ERR,ERR,ERR,ERR,ERR,ERR,ERR,ERR,ERR,ERR,ERR,ERR,ERR,ERR,ERR,ERR,ERR,ERR,ERR,ERR,ERR,ERR,ERR,ERR,ERR,ERR,ERR,ERR,ERR,ERR,ERR,ERR,ERR,ERR,ERR,ERR,ERR,ERR,ERR,ERR,ERR,ERR,ERR,ERR,ERR,ERR,ERR,ERR,ERR,ERR,ERR,ERR,ERR,ERR,ERR,ERR,ERR,ERR,ERR,ERR,ERR,ERR,ERR,ERR,ERR,ERR,ERR,ERR,ERR,ERR,ERR,ERR,ERR,ERR,ERR,ERR,ERR,ERR,ERR,ERR,ERR,ERR,ERR,ERR,ERR,ERR,ERR,ERR,ERR,ERR,ERR,ERR,ERR,ERR,ERR,ERR,ERR,ERR,0.0,0.0,0.0,0.0,0.0,1.3936040501711995e+18,7.805,0.0,0,0,4,0,7300,-0.0,0,0.0,0.0,0.0,0.0,0.0,0,0,0,0,0.0,0,0,0,0,0,0,0,0,0,0,0,0,0,0,0,0,0,0,0,0,0,0,0,0,0,0,0,0,0,0,0,0,0,32,30,30,62,65476,0,300,0,0,8,21553,0.0,-107605600.0,0.0,0.0,0.0,0.0,0.0,0.0,0.0,0.0,0.0,0.0,0.0,0.0,0.0,0.0,0.0,0.0,0.0,0.0,0.0,0.0,2.004,2.004,-0.0,0.0,0.0,0.0,0.0,0.0,5576.0,-2.004,6936.0,0.0,0.0,-107615280.0,-0.0,0.0,0.0,0.0,0.0,63,2.718429300292151e+23,-0.0,0.0,0.0,0.0,0.0,0.0,0.0,0.0,0,0,0,0.0,0.0,0.0,0.0,0.0,0.0,0.0,0.0,0.0,0.0,0.0,0.0,0.0,0.0,0.0,0.0,0,-107875648.0,63,0.0,126,2.7184242562605685e+23,-0.0,ERR,ERR,ERR,ERR,ERR,ERR,ERR,ERR,ERR,ERR,ERR,ERR,ERR,ERR,ERR,ERR,ERR,ERR,ERR,ERR,ERR,ERR,ERR,ERR,ERR,ERR,ERR,ERR,ERR,ERR,ERR,ERR,ERR,ERR,ERR,ERR,ERR,ERR,ERR,ERR,ERR,ERR,ERR,ERR,ERR,ERR,ERR,ERR,ERR,ERR,ERR,ERR,ERR,ERR,ERR,ERR,ERR,ERR,ERR,ERR,ERR,ERR,ERR,ERR,ERR,ERR,ERR,34.0,80.0,35,0.0,0.0,0.0,0.0,0.0,0.0,0.0,0.0,0.0,0.0,0.0,0.0,0.0,0.0,0.0,0.0,64.4,0,116,56,50,65476,0,300,0,0,8,20529,65476,0,0,57672,80.0,0.0,0.0,0.0,0.0,0.0
2026-06-17T04:17:56,ERR,ERR,ERR,ERR,ERR,ERR,ERR,ERR,ERR,ERR,ERR,ERR,ERR,ERR,ERR,ERR,ERR,ERR,ERR,ERR,ERR,ERR,ERR,ERR,ERR,ERR,ERR,ERR,ERR,ERR,ERR,ERR,ERR,ERR,ERR,ERR,ERR,ERR,ERR,ERR,ERR,ERR,ERR,ERR,ERR,ERR,ERR,ERR,ERR,ERR,ERR,ERR,ERR,ERR,ERR,ERR,ERR,ERR,ERR,ERR,ERR,ERR,ERR,ERR,ERR,ERR,ERR,ERR,ERR,ERR,ERR,ERR,ERR,ERR,ERR,ERR,ERR,ERR,ERR,ERR,ERR,ERR,ERR,ERR,ERR,ERR,ERR,ERR,ERR,ERR,ERR,ERR,ERR,ERR,ERR,ERR,ERR,ERR,ERR,ERR,ERR,ERR,ERR,ERR,ERR,ERR,ERR,ERR,ERR,ERR,ERR,ERR,ERR,ERR,ERR,ERR,ERR,ERR,ERR,ERR,ERR,ERR,ERR,ERR,ERR,0.0,0.0,0.0,0.0,0.0,1.3936040501711995e+18,7.805,0.0,0,0,4,0,7300,-0.0,0,0.0,0.0,0.0,0.0,0.0,0,0,0,0,0.0,0,0,0,0,0,0,0,0,0,0,0,0,0,0,0,0,0,0,0,0,0,0,0,0,0,0,0,0,0,0,0,0,0,32,30,30,62,65476,0,300,0,0,8,21553,0.0,-107605600.0,0.0,0.0,0.0,0.0,0.0,0.0,0.0,0.0,0.0,0.0,0.0,0.0,0.0,0.0,0.0,0.0,0.0,0.0,0.0,0.0,2.004,2.004,-0.0,0.0,0.0,0.0,0.0,0.0,5546.0,-1.0406674853550389e+34,6943.0,0.0,0.0,-107615280.0,-0.0,0.0,0.0,0.0,0.0,63,4.0668785921095834e+29,2.718421373956807e+23,0.0,0.0,0.0,0.0,0.0,0.0,0.0,0,0,0,0.0,0.0,0.0,0.0,0.0,0.0,0.0,0.0,0.0,0.0,0.0,0.0,0.0,0.0,0.0,0.0,0,-107875648.0,63,0.0,126,2.7184242562605685e+23,-0.0,ERR,ERR,ERR,ERR,ERR,ERR,ERR,ERR,ERR,ERR,ERR,ERR,ERR,ERR,ERR,ERR,ERR,ERR,ERR,ERR,ERR,ERR,ERR,ERR,ERR,ERR,ERR,ERR,ERR,ERR,ERR,ERR,ERR,ERR,ERR,ERR,ERR,ERR,ERR,ERR,ERR,ERR,ERR,ERR,ERR,ERR,ERR,ERR,ERR,ERR,ERR,ERR,ERR,ERR,ERR,ERR,ERR,ERR,ERR,ERR,ERR,ERR,ERR,ERR,ERR,ERR,ERR,34.0,80.0,35,0.0,0.0,0.0,0.0,0.0,0.0,0.0,0.0,0.0,0.0,0.0,0.0,0.0,0.0,0.0,0.0,64.4,0,116,56,50,65476,0,300,0,0,8,20529,65476,0,0,57672,80.0,0.0,0.0,0.0,0.0,0.0
2026-06-17T04:17:57,ERR,ERR,ERR,ERR,ERR,ERR,ERR,ERR,ERR,ERR,ERR,ERR,ERR,ERR,ERR,ERR,ERR,ERR,ERR,ERR,ERR,ERR,ERR,ERR,ERR,ERR,ERR,ERR,ERR,ERR,ERR,ERR,ERR,ERR,ERR,ERR,ERR,ERR,ERR,ERR,ERR,ERR,ERR,ERR,ERR,ERR,ERR,ERR,ERR,ERR,ERR,ERR,ERR,ERR,ERR,ERR,ERR,ERR,ERR,ERR,ERR,ERR,ERR,ERR,ERR,ERR,ERR,ERR,ERR,ERR,ERR,ERR,ERR,ERR,ERR,ERR,ERR,ERR,ERR,ERR,ERR,ERR,ERR,ERR,ERR,ERR,ERR,ERR,ERR,ERR,ERR,ERR,ERR,ERR,ERR,ERR,ERR,ERR,ERR,ERR,ERR,ERR,ERR,ERR,ERR,ERR,ERR,ERR,ERR,ERR,ERR,ERR,ERR,ERR,ERR,ERR,ERR,ERR,ERR,ERR,ERR,ERR,ERR,ERR,ERR,0.0,0.0,0.0,0.0,0.0,1.3936040501711995e+18,7.805,0.0,0,0,4,0,7300,-0.0,0,0.0,0.0,0.0,0.0,0.0,0,0,0,0,0.0,0,0,0,0,0,0,0,0,0,0,0,0,0,0,0,0,0,0,0,0,0,0,0,0,0,0,0,0,0,0,0,0,0,32,30,30,62,65476,0,300,0,0,8,21553,0.0,-107605600.0,0.0,0.0,0.0,0.0,0.0,0.0,0.0,0.0,0.0,0.0,0.0,0.0,0.0,0.0,0.0,0.0,0.0,0.0,0.0,0.0,2.004,2.004,-0.0,0.0,0.0,0.0,0.0,0.0,5546.0,-1.0406674853550389e+34,6943.0,0.0,0.0,-107615280.0,-0.0,0.0,0.0,0.0,0.0,63,4.0668785921095834e+29,2.718421373956807e+23,0.0,0.0,0.0,0.0,0.0,0.0,0.0,0,0,0,0.0,0.0,0.0,0.0,0.0,0.0,0.0,0.0,0.0,0.0,0.0,0.0,0.0,0.0,0.0,0.0,0,-107875648.0,63,0.0,126,2.7184242562605685e+23,-0.0,ERR,ERR,ERR,ERR,ERR,ERR,ERR,ERR,ERR,ERR,ERR,ERR,ERR,ERR,ERR,ERR,ERR,ERR,ERR,ERR,ERR,ERR,ERR,ERR,ERR,ERR,ERR,ERR,ERR,ERR,ERR,ERR,ERR,ERR,ERR,ERR,ERR,ERR,ERR,ERR,ERR,ERR,ERR,ERR,ERR,ERR,ERR,ERR,ERR,ERR,ERR,ERR,ERR,ERR,ERR,ERR,ERR,ERR,ERR,ERR,ERR,ERR,ERR,ERR,ERR,ERR,ERR,34.0,80.0,35,0.0,0.0,0.0,0.0,0.0,0.0,0.0,0.0,0.0,0.0,0.0,0.0,0.0,0.0,0.0,0.0,64.8,0,116,56,50,65476,0,300,0,0,8,20529,65476,0,0,57672,80.0,0.0,0.0,0.0,0.0,0.0
2026-06-17T04:17:58,ERR,ERR,ERR,ERR,ERR,ERR,ERR,ERR,ERR,ERR,ERR,ERR,ERR,ERR,ERR,ERR,ERR,ERR,ERR,ERR,ERR,ERR,ERR,ERR,ERR,ERR,ERR,ERR,ERR,ERR,ERR,ERR,ERR,ERR,ERR,ERR,ERR,ERR,ERR,ERR,ERR,ERR,ERR,ERR,ERR,ERR,ERR,ERR,ERR,ERR,ERR,ERR,ERR,ERR,ERR,ERR,ERR,ERR,ERR,ERR,ERR,ERR,ERR,ERR,ERR,ERR,ERR,ERR,ERR,ERR,ERR,ERR,ERR,ERR,ERR,ERR,ERR,ERR,ERR,ERR,ERR,ERR,ERR,ERR,ERR,ERR,ERR,ERR,ERR,ERR,ERR,ERR,ERR,ERR,ERR,ERR,ERR,ERR,ERR,ERR,ERR,ERR,ERR,ERR,ERR,ERR,ERR,ERR,ERR,ERR,ERR,ERR,ERR,ERR,ERR,ERR,ERR,ERR,ERR,ERR,ERR,ERR,ERR,ERR,ERR,0.0,0.0,0.0,0.0,0.0,1.3936040501711995e+18,7.805,0.0,0,0,4,0,7300,-0.0,0,0.0,0.0,0.0,0.0,0.0,0,0,0,0,0.0,0,0,0,0,0,0,0,0,0,0,0,0,0,0,0,0,0,0,0,0,0,0,0,0,0,0,0,0,0,0,0,0,0,32,30,30,62,65476,0,300,0,0,8,21553,0.0,-107605600.0,0.0,0.0,0.0,0.0,0.0,0.0,0.0,0.0,0.0,0.0,0.0,0.0,0.0,0.0,0.0,0.0,0.0,0.0,0.0,0.0,2.004,2.004,-0.0,0.0,0.0,0.0,0.0,0.0,5546.0,-1.0406674853550389e+34,6943.0,0.0,0.0,-107615280.0,-0.0,0.0,0.0,0.0,0.0,63,4.0668785921095834e+29,2.718421373956807e+23,0.0,0.0,0.0,0.0,0.0,0.0,0.0,0,0,0,0.0,0.0,0.0,0.0,0.0,0.0,0.0,0.0,0.0,0.0,0.0,0.0,0.0,0.0,0.0,0.0,0,-107875648.0,63,0.0,126,2.7184242562605685e+23,-0.0,ERR,ERR,ERR,ERR,ERR,ERR,ERR,ERR,ERR,ERR,ERR,ERR,ERR,ERR,ERR,ERR,ERR,ERR,ERR,ERR,ERR,ERR,ERR,ERR,ERR,ERR,ERR,ERR,ERR,ERR,ERR,ERR,ERR,ERR,ERR,ERR,ERR,ERR,ERR,ERR,ERR,ERR,ERR,ERR,ERR,ERR,ERR,ERR,ERR,ERR,ERR,ERR,ERR,ERR,ERR,ERR,ERR,ERR,ERR,ERR,ERR,ERR,ERR,ERR,ERR,ERR,ERR,34.0,80.0,35,0.0,0.0,0.0,0.0,0.0,0.0,0.0,0.0,0.0,0.0,0.0,0.0,0.0,0.0,0.0,0.0,64.8,0,116,56,50,65476,0,300,0,0,8,20529,65476,0,0,57672,80.0,0.0,0.0,0.0,0.0,0.0
2026-06-17T04:17:59,ERR,ERR,ERR,ERR,ERR,ERR,ERR,ERR,ERR,ERR,ERR,ERR,ERR,ERR,ERR,ERR,ERR,ERR,ERR,ERR,ERR,ERR,ERR,ERR,ERR,ERR,ERR,ERR,ERR,ERR,ERR,ERR,ERR,ERR,ERR,ERR,ERR,ERR,ERR,ERR,ERR,ERR,ERR,ERR,ERR,ERR,ERR,ERR,ERR,ERR,ERR,ERR,ERR,ERR,ERR,ERR,ERR,ERR,ERR,ERR,ERR,ERR,ERR,ERR,ERR,ERR,ERR,ERR,ERR,ERR,ERR,ERR,ERR,ERR,ERR,ERR,ERR,ERR,ERR,ERR,ERR,ERR,ERR,ERR,ERR,ERR,ERR,ERR,ERR,ERR,ERR,ERR,ERR,ERR,ERR,ERR,ERR,ERR,ERR,ERR,ERR,ERR,ERR,ERR,ERR,ERR,ERR,ERR,ERR,ERR,ERR,ERR,ERR,ERR,ERR,ERR,ERR,ERR,ERR,ERR,ERR,ERR,ERR,ERR,ERR,0.0,0.0,0.0,0.0,0.0,1.3936040501711995e+18,7.805,0.0,0,0,4,0,7300,-0.0,0,0.0,0.0,0.0,0.0,0.0,0,0,0,0,0.0,0,0,0,0,0,0,0,0,0,0,0,0,0,0,0,0,0,0,0,0,0,0,0,0,0,0,0,0,0,0,0,0,0,32,30,30,62,65476,0,300,0,0,8,21553,0.0,-107605600.0,0.0,0.0,0.0,0.0,0.0,0.0,0.0,0.0,0.0,0.0,0.0,0.0,0.0,0.0,0.0,0.0,0.0,0.0,0.0,0.0,2.004,2.004,-0.0,0.0,0.0,0.0,0.0,0.0,5546.0,-1.0406674853550389e+34,6943.0,0.0,0.0,-107615280.0,-0.0,0.0,0.0,0.0,0.0,63,4.0668785921095834e+29,2.718421373956807e+23,0.0,0.0,0.0,0.0,0.0,0.0,0.0,0,0,0,0.0,0.0,0.0,0.0,0.0,0.0,0.0,0.0,0.0,0.0,0.0,0.0,0.0,0.0,0.0,0.0,0,-107875648.0,63,0.0,126,2.7184242562605685e+23,-0.0,ERR,ERR,ERR,ERR,ERR,ERR,ERR,ERR,ERR,ERR,ERR,ERR,ERR,ERR,ERR,ERR,ERR,ERR,ERR,ERR,ERR,ERR,ERR,ERR,ERR,ERR,ERR,ERR,ERR,ERR,ERR,ERR,ERR,ERR,ERR,ERR,ERR,ERR,ERR,ERR,ERR,ERR,ERR,ERR,ERR,ERR,ERR,ERR,ERR,ERR,ERR,ERR,ERR,ERR,ERR,ERR,ERR,ERR,ERR,ERR,ERR,ERR,ERR,ERR,ERR,ERR,ERR,34.0,80.0,35,0.0,0.0,0.0,0.0,0.0,0.0,0.0,0.0,0.0,0.0,0.0,0.0,0.0,0.0,0.0,0.0,64.4,0,116,56,50,65476,0,300,0,0,8,20529,65476,0,0,57672,80.0,0.0,0.0,0.0,0.0,0.0
2026-06-17T04:18:00,ERR,ERR,ERR,ERR,ERR,ERR,ERR,ERR,ERR,ERR,ERR,ERR,ERR,ERR,ERR,ERR,ERR,ERR,ERR,ERR,ERR,ERR,ERR,ERR,ERR,ERR,ERR,ERR,ERR,ERR,ERR,ERR,ERR,ERR,ERR,ERR,ERR,ERR,ERR,ERR,ERR,ERR,ERR,ERR,ERR,ERR,ERR,ERR,ERR,ERR,ERR,ERR,ERR,ERR,ERR,ERR,ERR,ERR,ERR,ERR,ERR,ERR,ERR,ERR,ERR,ERR,ERR,ERR,ERR,ERR,ERR,ERR,ERR,ERR,ERR,ERR,ERR,ERR,ERR,ERR,ERR,ERR,ERR,ERR,ERR,ERR,ERR,ERR,ERR,ERR,ERR,ERR,ERR,ERR,ERR,ERR,ERR,ERR,ERR,ERR,ERR,ERR,ERR,ERR,ERR,ERR,ERR,ERR,ERR,ERR,ERR,ERR,ERR,ERR,ERR,ERR,ERR,ERR,ERR,ERR,ERR,ERR,ERR,ERR,ERR,0.0,0.0,0.0,0.0,0.0,1.3936040501711995e+18,7.805,0.0,0,0,4,0,7300,-0.0,0,0.0,0.0,0.0,0.0,0.0,0,0,0,0,0.0,0,0,0,0,0,0,0,0,0,0,0,0,0,0,0,0,0,0,0,0,0,0,0,0,0,0,0,0,0,0,0,0,0,32,30,30,62,65476,0,300,0,0,8,21553,0.0,-107605600.0,0.0,0.0,0.0,0.0,0.0,0.0,0.0,0.0,0.0,0.0,0.0,0.0,0.0,0.0,0.0,0.0,0.0,0.0,0.0,0.0,2.004,2.004,-0.0,0.0,0.0,0.0,0.0,0.0,5546.0,-1.0406674853550389e+34,6943.0,0.0,0.0,-107615280.0,-0.0,0.0,0.0,0.0,0.0,63,4.0668785921095834e+29,2.718421373956807e+23,0.0,0.0,0.0,0.0,0.0,0.0,0.0,0,0,0,0.0,0.0,0.0,0.0,0.0,0.0,0.0,0.0,0.0,0.0,0.0,0.0,0.0,0.0,0.0,0.0,0,-107875648.0,63,0.0,126,2.7184242562605685e+23,-0.0,ERR,ERR,ERR,ERR,ERR,ERR,ERR,ERR,ERR,ERR,ERR,ERR,ERR,ERR,ERR,ERR,ERR,ERR,ERR,ERR,ERR,ERR,ERR,ERR,ERR,ERR,ERR,ERR,ERR,ERR,ERR,ERR,ERR,ERR,ERR,ERR,ERR,ERR,ERR,ERR,ERR,ERR,ERR,ERR,ERR,ERR,ERR,ERR,ERR,ERR,ERR,ERR,ERR,ERR,ERR,ERR,ERR,ERR,ERR,ERR,ERR,ERR,ERR,ERR,ERR,ERR,ERR,34.0,80.0,35,0.0,0.0,0.0,0.0,0.0,0.0,0.0,0.0,0.0,0.0,0.0,0.0,0.0,0.0,0.0,0.0,64.4,0,116,56,50,65476,0,300,0,0,8,20529,65476,0,0,57672,80.0,0.0,0.0,0.0,0.0,0.0
2026-06-17T04:18:01,ERR,ERR,ERR,ERR,ERR,ERR,ERR,ERR,ERR,ERR,ERR,ERR,ERR,ERR,ERR,ERR,ERR,ERR,ERR,ERR,ERR,ERR,ERR,ERR,ERR,ERR,ERR,ERR,ERR,ERR,ERR,ERR,ERR,ERR,ERR,ERR,ERR,ERR,ERR,ERR,ERR,ERR,ERR,ERR,ERR,ERR,ERR,ERR,ERR,ERR,ERR,ERR,ERR,ERR,ERR,ERR,ERR,ERR,ERR,ERR,ERR,ERR,ERR,ERR,ERR,ERR,ERR,ERR,ERR,ERR,ERR,ERR,ERR,ERR,ERR,ERR,ERR,ERR,ERR,ERR,ERR,ERR,ERR,ERR,ERR,ERR,ERR,ERR,ERR,ERR,ERR,ERR,ERR,ERR,ERR,ERR,ERR,ERR,ERR,ERR,ERR,ERR,ERR,ERR,ERR,ERR,ERR,ERR,ERR,ERR,ERR,ERR,ERR,ERR,ERR,ERR,ERR,ERR,ERR,ERR,ERR,ERR,ERR,ERR,ERR,0.0,0.0,0.0,0.0,0.0,1.3936040501711995e+18,7.805,0.0,0,0,4,0,7300,-0.0,0,0.0,0.0,0.0,0.0,0.0,0,0,0,0,0.0,0,0,0,0,0,0,0,0,0,0,0,0,0,0,0,0,0,0,0,0,0,0,0,0,0,0,0,0,0,0,0,0,0,32,30,30,62,65476,0,300,0,0,8,21553,0.0,-107605600.0,0.0,0.0,0.0,0.0,0.0,0.0,0.0,0.0,0.0,0.0,0.0,0.0,0.0,0.0,0.0,0.0,0.0,0.0,0.0,0.0,2.004,2.004,-0.0,0.0,0.0,0.0,0.0,0.0,5545.0,0.0,6945.0,0.0,0.0,-107615280.0,-0.0,0.0,0.0,0.0,0.0,63,3.222027116945945e+26,89220.727,0.0,0.0,0.0,0.0,0.0,0.0,0.0,0,0,0,0.0,0.0,0.0,0.0,0.0,0.0,0.0,0.0,0.0,0.0,0.0,0.0,0.0,0.0,0.0,0.0,0,-107875648.0,63,0.0,126,2.7184242562605685e+23,-0.0,ERR,ERR,ERR,ERR,ERR,ERR,ERR,ERR,ERR,ERR,ERR,ERR,ERR,ERR,ERR,ERR,ERR,ERR,ERR,ERR,ERR,ERR,ERR,ERR,ERR,ERR,ERR,ERR,ERR,ERR,ERR,ERR,ERR,ERR,ERR,ERR,ERR,ERR,ERR,ERR,ERR,ERR,ERR,ERR,ERR,ERR,ERR,ERR,ERR,ERR,ERR,ERR,ERR,ERR,ERR,ERR,ERR,ERR,ERR,ERR,ERR,ERR,ERR,ERR,ERR,ERR,ERR,34.0,80.0,35,0.0,0.0,0.0,0.0,0.0,0.0,0.0,0.0,0.0,0.0,0.0,0.0,0.0,0.0,0.0,0.0,64.4,0,116,56,50,65476,0,300,0,0,8,20529,65476,0,0,57672,80.0,0.0,0.0,0.0,0.0,0.0
2026-06-17T04:18:02,ERR,ERR,ERR,ERR,ERR,ERR,ERR,ERR,ERR,ERR,ERR,ERR,ERR,ERR,ERR,ERR,ERR,ERR,ERR,ERR,ERR,ERR,ERR,ERR,ERR,ERR,ERR,ERR,ERR,ERR,ERR,ERR,ERR,ERR,ERR,ERR,ERR,ERR,ERR,ERR,ERR,ERR,ERR,ERR,ERR,ERR,ERR,ERR,ERR,ERR,ERR,ERR,ERR,ERR,ERR,ERR,ERR,ERR,ERR,ERR,ERR,ERR,ERR,ERR,ERR,ERR,ERR,ERR,ERR,ERR,ERR,ERR,ERR,ERR,ERR,ERR,ERR,ERR,ERR,ERR,ERR,ERR,ERR,ERR,ERR,ERR,ERR,ERR,ERR,ERR,ERR,ERR,ERR,ERR,ERR,ERR,ERR,ERR,ERR,ERR,ERR,ERR,ERR,ERR,ERR,ERR,ERR,ERR,ERR,ERR,ERR,ERR,ERR,ERR,ERR,ERR,ERR,ERR,ERR,ERR,ERR,ERR,ERR,ERR,ERR,0.0,0.0,0.0,0.0,0.0,1.3936040501711995e+18,7.805,0.0,0,0,4,0,7300,-0.0,0,0.0,0.0,0.0,0.0,0.0,0,0,0,0,0.0,0,0,0,0,0,0,0,0,0,0,0,0,0,0,0,0,0,0,0,0,0,0,0,0,0,0,0,0,0,0,0,0,0,32,30,30,62,65476,0,300,0,0,8,21553,0.0,-107605600.0,0.0,0.0,0.0,0.0,0.0,0.0,0.0,0.0,0.0,0.0,0.0,0.0,0.0,0.0,0.0,0.0,0.0,0.0,0.0,0.0,2.004,2.004,-0.0,0.0,0.0,0.0,0.0,0.0,5545.0,0.0,6945.0,0.0,0.0,-107615280.0,-0.0,0.0,0.0,0.0,0.0,63,3.222027116945945e+26,89220.727,0.0,0.0,0.0,0.0,0.0,0.0,0.0,0,0,0,0.0,0.0,0.0,0.0,0.0,0.0,0.0,0.0,0.0,0.0,0.0,0.0,0.0,0.0,0.0,0.0,0,-107875648.0,63,0.0,126,2.7184242562605685e+23,-0.0,ERR,ERR,ERR,ERR,ERR,ERR,ERR,ERR,ERR,ERR,ERR,ERR,ERR,ERR,ERR,ERR,ERR,ERR,ERR,ERR,ERR,ERR,ERR,ERR,ERR,ERR,ERR,ERR,ERR,ERR,ERR,ERR,ERR,ERR,ERR,ERR,ERR,ERR,ERR,ERR,ERR,ERR,ERR,ERR,ERR,ERR,ERR,ERR,ERR,ERR,ERR,ERR,ERR,ERR,ERR,ERR,ERR,ERR,ERR,ERR,ERR,ERR,ERR,ERR,ERR,ERR,ERR,34.0,80.0,35,0.0,0.0,0.0,0.0,0.0,0.0,0.0,0.0,0.0,0.0,0.0,0.0,0.0,0.0,0.0,0.0,64.4,0,116,56,50,65476,0,300,0,0,8,20529,65476,0,0,57672,80.0,0.0,0.0,0.0,0.0,0.0
2026-06-17T04:18:03,ERR,ERR,ERR,ERR,ERR,ERR,ERR,ERR,ERR,ERR,ERR,ERR,ERR,ERR,ERR,ERR,ERR,ERR,ERR,ERR,ERR,ERR,ERR,ERR,ERR,ERR,ERR,ERR,ERR,ERR,ERR,ERR,ERR,ERR,ERR,ERR,ERR,ERR,ERR,ERR,ERR,ERR,ERR,ERR,ERR,ERR,ERR,ERR,ERR,ERR,ERR,ERR,ERR,ERR,ERR,ERR,ERR,ERR,ERR,ERR,ERR,ERR,ERR,ERR,ERR,ERR,ERR,ERR,ERR,ERR,ERR,ERR,ERR,ERR,ERR,ERR,ERR,ERR,ERR,ERR,ERR,ERR,ERR,ERR,ERR,ERR,ERR,ERR,ERR,ERR,ERR,ERR,ERR,ERR,ERR,ERR,ERR,ERR,ERR,ERR,ERR,ERR,ERR,ERR,ERR,ERR,ERR,ERR,ERR,ERR,ERR,ERR,ERR,ERR,ERR,ERR,ERR,ERR,ERR,ERR,ERR,ERR,ERR,ERR,ERR,0.0,0.0,0.0,0.0,0.0,1.3936040501711995e+18,7.805,0.0,0,0,4,0,7300,-0.0,0,0.0,0.0,0.0,0.0,0.0,0,0,0,0,0.0,0,0,0,0,0,0,0,0,0,0,0,0,0,0,0,0,0,0,0,0,0,0,0,0,0,0,0,0,0,0,0,0,0,32,30,30,62,65476,0,300,0,0,8,21553,0.0,-107605600.0,0.0,0.0,0.0,0.0,0.0,0.0,0.0,0.0,0.0,0.0,0.0,0.0,0.0,0.0,0.0,0.0,0.0,0.0,0.0,0.0,2.004,2.004,-0.0,0.0,0.0,0.0,0.0,0.0,5545.0,0.0,6945.0,0.0,0.0,-107615280.0,-0.0,0.0,0.0,0.0,0.0,63,3.222027116945945e+26,89220.727,0.0,0.0,0.0,0.0,0.0,0.0,0.0,0,0,0,0.0,0.0,0.0,0.0,0.0,0.0,0.0,0.0,0.0,0.0,0.0,0.0,0.0,0.0,0.0,0.0,0,-107875648.0,63,0.0,126,2.7184242562605685e+23,-0.0,ERR,ERR,ERR,ERR,ERR,ERR,ERR,ERR,ERR,ERR,ERR,ERR,ERR,ERR,ERR,ERR,ERR,ERR,ERR,ERR,ERR,ERR,ERR,ERR,ERR,ERR,ERR,ERR,ERR,ERR,ERR,ERR,ERR,ERR,ERR,ERR,ERR,ERR,ERR,ERR,ERR,ERR,ERR,ERR,ERR,ERR,ERR,ERR,ERR,ERR,ERR,ERR,ERR,ERR,ERR,ERR,ERR,ERR,ERR,ERR,ERR,ERR,ERR,ERR,ERR,ERR,ERR,34.0,80.0,35,0.0,0.0,0.0,0.0,0.0,0.0,0.0,0.0,0.0,0.0,0.0,0.0,0.0,0.0,0.0,0.0,64.4,0,116,56,50,65476,0,300,0,0,8,20529,65476,0,0,57672,80.0,0.0,0.0,0.0,0.0,0.0
2026-06-17T04:18:04,ERR,ERR,ERR,ERR,ERR,ERR,ERR,ERR,ERR,ERR,ERR,ERR,ERR,ERR,ERR,ERR,ERR,ERR,ERR,ERR,ERR,ERR,ERR,ERR,ERR,ERR,ERR,ERR,ERR,ERR,ERR,ERR,ERR,ERR,ERR,ERR,ERR,ERR,ERR,ERR,ERR,ERR,ERR,ERR,ERR,ERR,ERR,ERR,ERR,ERR,ERR,ERR,ERR,ERR,ERR,ERR,ERR,ERR,ERR,ERR,ERR,ERR,ERR,ERR,ERR,ERR,ERR,ERR,ERR,ERR,ERR,ERR,ERR,ERR,ERR,ERR,ERR,ERR,ERR,ERR,ERR,ERR,ERR,ERR,ERR,ERR,ERR,ERR,ERR,ERR,ERR,ERR,ERR,ERR,ERR,ERR,ERR,ERR,ERR,ERR,ERR,ERR,ERR,ERR,ERR,ERR,ERR,ERR,ERR,ERR,ERR,ERR,ERR,ERR,ERR,ERR,ERR,ERR,ERR,ERR,ERR,ERR,ERR,ERR,ERR,0.0,0.0,0.0,0.0,0.0,1.3936040501711995e+18,7.805,0.0,0,0,4,0,7300,-0.0,0,0.0,0.0,0.0,0.0,0.0,0,0,0,0,0.0,0,0,0,0,0,0,0,0,0,0,0,0,0,0,0,0,0,0,0,0,0,0,0,0,0,0,0,0,0,0,0,0,0,32,30,30,62,65476,0,300,0,0,8,21553,0.0,-107605600.0,0.0,0.0,0.0,0.0,0.0,0.0,0.0,0.0,0.0,0.0,0.0,0.0,0.0,0.0,0.0,0.0,0.0,0.0,0.0,0.0,2.004,2.004,-0.0,0.0,0.0,0.0,0.0,0.0,5545.0,0.0,6945.0,0.0,0.0,-107615280.0,-0.0,0.0,0.0,0.0,0.0,63,3.222027116945945e+26,89220.727,0.0,0.0,0.0,0.0,0.0,0.0,0.0,0,0,0,0.0,0.0,0.0,0.0,0.0,0.0,0.0,0.0,0.0,0.0,0.0,0.0,0.0,0.0,0.0,0.0,0,-107875648.0,63,0.0,126,2.7184242562605685e+23,-0.0,ERR,ERR,ERR,ERR,ERR,ERR,ERR,ERR,ERR,ERR,ERR,ERR,ERR,ERR,ERR,ERR,ERR,ERR,ERR,ERR,ERR,ERR,ERR,ERR,ERR,ERR,ERR,ERR,ERR,ERR,ERR,ERR,ERR,ERR,ERR,ERR,ERR,ERR,ERR,ERR,ERR,ERR,ERR,ERR,ERR,ERR,ERR,ERR,ERR,ERR,ERR,ERR,ERR,ERR,ERR,ERR,ERR,ERR,ERR,ERR,ERR,ERR,ERR,ERR,ERR,ERR,ERR,34.0,80.0,35,0.0,0.0,0.0,0.0,0.0,0.0,0.0,0.0,0.0,0.0,0.0,0.0,0.0,0.0,0.0,0.0,64.4,0,116,56,50,65476,0,300,0,0,8,20529,65476,0,0,57672,80.0,0.0,0.0,0.0,0.0,0.0
2026-06-17T04:18:05,ERR,ERR,ERR,ERR,ERR,ERR,ERR,ERR,ERR,ERR,ERR,ERR,ERR,ERR,ERR,ERR,ERR,ERR,ERR,ERR,ERR,ERR,ERR,ERR,ERR,ERR,ERR,ERR,ERR,ERR,ERR,ERR,ERR,ERR,ERR,ERR,ERR,ERR,ERR,ERR,ERR,ERR,ERR,ERR,ERR,ERR,ERR,ERR,ERR,ERR,ERR,ERR,ERR,ERR,ERR,ERR,ERR,ERR,ERR,ERR,ERR,ERR,ERR,ERR,ERR,ERR,ERR,ERR,ERR,ERR,ERR,ERR,ERR,ERR,ERR,ERR,ERR,ERR,ERR,ERR,ERR,ERR,ERR,ERR,ERR,ERR,ERR,ERR,ERR,ERR,ERR,ERR,ERR,ERR,ERR,ERR,ERR,ERR,ERR,ERR,ERR,ERR,ERR,ERR,ERR,ERR,ERR,ERR,ERR,ERR,ERR,ERR,ERR,ERR,ERR,ERR,ERR,ERR,ERR,ERR,ERR,ERR,ERR,ERR,ERR,0.0,0.0,0.0,0.0,0.0,1.3936040501711995e+18,7.805,0.0,0,0,4,0,7300,-0.0,0,0.0,0.0,0.0,0.0,0.0,0,0,0,0,0.0,0,0,0,0,0,0,0,0,0,0,0,0,0,0,0,0,0,0,0,0,0,0,0,0,0,0,0,0,0,0,0,0,0,32,30,30,62,65476,0,300,0,0,8,21553,0.0,-107605600.0,0.0,0.0,0.0,0.0,0.0,0.0,0.0,0.0,0.0,0.0,0.0,0.0,0.0,0.0,0.0,0.0,0.0,0.0,0.0,0.0,2.004,2.004,-0.0,0.0,0.0,0.0,0.0,0.0,5545.0,0.0,6945.0,0.0,0.0,-107615280.0,-0.0,0.0,0.0,0.0,0.0,63,3.222027116945945e+26,89220.727,0.0,0.0,0.0,0.0,0.0,0.0,0.0,0,0,0,0.0,0.0,0.0,0.0,0.0,0.0,0.0,0.0,0.0,0.0,0.0,0.0,0.0,0.0,0.0,0.0,0,-107875648.0,63,0.0,126,2.7184242562605685e+23,-0.0,ERR,ERR,ERR,ERR,ERR,ERR,ERR,ERR,ERR,ERR,ERR,ERR,ERR,ERR,ERR,ERR,ERR,ERR,ERR,ERR,ERR,ERR,ERR,ERR,ERR,ERR,ERR,ERR,ERR,ERR,ERR,ERR,ERR,ERR,ERR,ERR,ERR,ERR,ERR,ERR,ERR,ERR,ERR,ERR,ERR,ERR,ERR,ERR,ERR,ERR,ERR,ERR,ERR,ERR,ERR,ERR,ERR,ERR,ERR,ERR,ERR,ERR,ERR,ERR,ERR,ERR,ERR,34.0,80.0,35,0.0,0.0,0.0,0.0,0.0,0.0,0.0,0.0,0.0,0.0,0.0,0.0,0.0,0.0,0.0,0.0,64.4,0,116,56,50,65476,0,300,0,0,8,20529,65476,0,0,57672,80.0,0.0,0.0,0.0,0.0,0.0
2026-06-17T04:18:06,ERR,ERR,ERR,ERR,ERR,ERR,ERR,ERR,ERR,ERR,ERR,ERR,ERR,ERR,ERR,ERR,ERR,ERR,ERR,ERR,ERR,ERR,ERR,ERR,ERR,ERR,ERR,ERR,ERR,ERR,ERR,ERR,ERR,ERR,ERR,ERR,ERR,ERR,ERR,ERR,ERR,ERR,ERR,ERR,ERR,ERR,ERR,ERR,ERR,ERR,ERR,ERR,ERR,ERR,ERR,ERR,ERR,ERR,ERR,ERR,ERR,ERR,ERR,ERR,ERR,ERR,ERR,ERR,ERR,ERR,ERR,ERR,ERR,ERR,ERR,ERR,ERR,ERR,ERR,ERR,ERR,ERR,ERR,ERR,ERR,ERR,ERR,ERR,ERR,ERR,ERR,ERR,ERR,ERR,ERR,ERR,ERR,ERR,ERR,ERR,ERR,ERR,ERR,ERR,ERR,ERR,ERR,ERR,ERR,ERR,ERR,ERR,ERR,ERR,ERR,ERR,ERR,ERR,ERR,ERR,ERR,ERR,ERR,ERR,ERR,0.0,0.0,0.0,0.0,0.0,1.3936040501711995e+18,7.805,0.0,0,0,4,0,7300,-0.0,0,0.0,0.0,0.0,0.0,0.0,0,0,0,0,0.0,0,0,0,0,0,0,0,0,0,0,0,0,0,0,0,0,0,0,0,0,0,0,0,0,0,0,0,0,0,0,0,0,0,32,30,30,62,65476,0,300,0,0,8,21553,0.0,-107605600.0,0.0,0.0,0.0,0.0,0.0,0.0,0.0,0.0,0.0,0.0,0.0,0.0,0.0,0.0,0.0,0.0,0.0,0.0,0.0,0.0,2.004,2.004,-0.0,-2.004,0.0,0.0,0.0,0.0,5514.0,0.0,6944.0,0.0,0.0,-107615280.0,-107615328.0,0.0,0.0,0.0,0.0,63,4.0668785921095834e+29,0.0,0.0,0.0,0.0,0.0,0.0,0.0,0.0,0,0,0,0.0,0.0,0.0,0.0,0.0,0.0,0.0,0.0,0.0,0.0,0.0,0.0,0.0,0.0,0.0,0.0,0,-107875648.0,63,0.0,126,2.7184242562605685e+23,-0.0,ERR,ERR,ERR,ERR,ERR,ERR,ERR,ERR,ERR,ERR,ERR,ERR,ERR,ERR,ERR,ERR,ERR,ERR,ERR,ERR,ERR,ERR,ERR,ERR,ERR,ERR,ERR,ERR,ERR,ERR,ERR,ERR,ERR,ERR,ERR,ERR,ERR,ERR,ERR,ERR,ERR,ERR,ERR,ERR,ERR,ERR,ERR,ERR,ERR,ERR,ERR,ERR,ERR,ERR,ERR,ERR,ERR,ERR,ERR,ERR,ERR,ERR,ERR,ERR,ERR,ERR,ERR,34.0,80.0,35,0.0,0.0,0.0,0.0,0.0,0.0,0.0,0.0,0.0,0.0,0.0,0.0,0.0,0.0,0.0,0.0,64.4,0,116,56,50,65476,0,300,0,0,8,20529,65476,0,0,57672,80.0,0.0,0.0,0.0,0.0,0.0
2026-06-17T04:18:07,ERR,ERR,ERR,ERR,ERR,ERR,ERR,ERR,ERR,ERR,ERR,ERR,ERR,ERR,ERR,ERR,ERR,ERR,ERR,ERR,ERR,ERR,ERR,ERR,ERR,ERR,ERR,ERR,ERR,ERR,ERR,ERR,ERR,ERR,ERR,ERR,ERR,ERR,ERR,ERR,ERR,ERR,ERR,ERR,ERR,ERR,ERR,ERR,ERR,ERR,ERR,ERR,ERR,ERR,ERR,ERR,ERR,ERR,ERR,ERR,ERR,ERR,ERR,ERR,ERR,ERR,ERR,ERR,ERR,ERR,ERR,ERR,ERR,ERR,ERR,ERR,ERR,ERR,ERR,ERR,ERR,ERR,ERR,ERR,ERR,ERR,ERR,ERR,ERR,ERR,ERR,ERR,ERR,ERR,ERR,ERR,ERR,ERR,ERR,ERR,ERR,ERR,ERR,ERR,ERR,ERR,ERR,ERR,ERR,ERR,ERR,ERR,ERR,ERR,ERR,ERR,ERR,ERR,ERR,ERR,ERR,ERR,ERR,ERR,ERR,0.0,0.0,0.0,0.0,0.0,1.3936040501711995e+18,7.805,0.0,0,0,4,0,7300,-0.0,0,0.0,0.0,0.0,0.0,0.0,0,0,0,0,0.0,0,0,0,0,0,0,0,0,0,0,0,0,0,0,0,0,0,0,0,0,0,0,0,0,0,0,0,0,0,0,0,0,0,32,30,30,62,65476,0,300,0,0,8,21553,0.0,-107605600.0,0.0,0.0,0.0,0.0,0.0,0.0,0.0,0.0,0.0,0.0,0.0,0.0,0.0,0.0,0.0,0.0,0.0,0.0,0.0,0.0,2.004,2.004,-0.0,-2.004,0.0,0.0,0.0,0.0,5514.0,0.0,6944.0,0.0,0.0,-107615280.0,-107615328.0,0.0,0.0,0.0,0.0,63,4.0668785921095834e+29,0.0,0.0,0.0,0.0,0.0,0.0,0.0,0.0,0,0,0,0.0,0.0,0.0,0.0,0.0,0.0,0.0,0.0,0.0,0.0,0.0,0.0,0.0,0.0,0.0,0.0,0,-107875648.0,63,0.0,126,2.7184242562605685e+23,-0.0,ERR,ERR,ERR,ERR,ERR,ERR,ERR,ERR,ERR,ERR,ERR,ERR,ERR,ERR,ERR,ERR,ERR,ERR,ERR,ERR,ERR,ERR,ERR,ERR,ERR,ERR,ERR,ERR,ERR,ERR,ERR,ERR,ERR,ERR,ERR,ERR,ERR,ERR,ERR,ERR,ERR,ERR,ERR,ERR,ERR,ERR,ERR,ERR,ERR,ERR,ERR,ERR,ERR,ERR,ERR,ERR,ERR,ERR,ERR,ERR,ERR,ERR,ERR,ERR,ERR,ERR,ERR,34.0,80.0,35,0.0,0.0,0.0,0.0,0.0,0.0,0.0,0.0,0.0,0.0,0.0,0.0,0.0,0.0,0.0,0.0,64.4,0,116,56,50,65476,0,300,0,0,8,20529,65476,0,0,57672,80.0,0.0,0.0,0.0,0.0,0.0
2026-06-17T04:18:08,ERR,ERR,ERR,ERR,ERR,ERR,ERR,ERR,ERR,ERR,ERR,ERR,ERR,ERR,ERR,ERR,ERR,ERR,ERR,ERR,ERR,ERR,ERR,ERR,ERR,ERR,ERR,ERR,ERR,ERR,ERR,ERR,ERR,ERR,ERR,ERR,ERR,ERR,ERR,ERR,ERR,ERR,ERR,ERR,ERR,ERR,ERR,ERR,ERR,ERR,ERR,ERR,ERR,ERR,ERR,ERR,ERR,ERR,ERR,ERR,ERR,ERR,ERR,ERR,ERR,ERR,ERR,ERR,ERR,ERR,ERR,ERR,ERR,ERR,ERR,ERR,ERR,ERR,ERR,ERR,ERR,ERR,ERR,ERR,ERR,ERR,ERR,ERR,ERR,ERR,ERR,ERR,ERR,ERR,ERR,ERR,ERR,ERR,ERR,ERR,ERR,ERR,ERR,ERR,ERR,ERR,ERR,ERR,ERR,ERR,ERR,ERR,ERR,ERR,ERR,ERR,ERR,ERR,ERR,ERR,ERR,ERR,ERR,ERR,ERR,0.0,0.0,0.0,0.0,0.0,1.3936040501711995e+18,7.805,0.0,0,0,4,0,7300,-0.0,0,0.0,0.0,0.0,0.0,0.0,0,0,0,0,0.0,0,0,0,0,0,0,0,0,0,0,0,0,0,0,0,0,0,0,0,0,0,0,0,0,0,0,0,0,0,0,0,0,0,32,30,30,62,65476,0,300,0,0,8,21553,0.0,-107605600.0,0.0,0.0,0.0,0.0,0.0,0.0,0.0,0.0,0.0,0.0,0.0,0.0,0.0,0.0,0.0,0.0,0.0,0.0,0.0,0.0,2.004,2.004,-0.0,-2.004,0.0,0.0,0.0,0.0,5514.0,0.0,6944.0,0.0,0.0,-107615280.0,-107615328.0,0.0,0.0,0.0,0.0,63,4.0668785921095834e+29,0.0,0.0,0.0,0.0,0.0,0.0,0.0,0.0,0,0,0,0.0,0.0,0.0,0.0,0.0,0.0,0.0,0.0,0.0,0.0,0.0,0.0,0.0,0.0,0.0,0.0,0,-107875648.0,63,0.0,126,2.7184242562605685e+23,-0.0,ERR,ERR,ERR,ERR,ERR,ERR,ERR,ERR,ERR,ERR,ERR,ERR,ERR,ERR,ERR,ERR,ERR,ERR,ERR,ERR,ERR,ERR,ERR,ERR,ERR,ERR,ERR,ERR,ERR,ERR,ERR,ERR,ERR,ERR,ERR,ERR,ERR,ERR,ERR,ERR,ERR,ERR,ERR,ERR,ERR,ERR,ERR,ERR,ERR,ERR,ERR,ERR,ERR,ERR,ERR,ERR,ERR,ERR,ERR,ERR,ERR,ERR,ERR,ERR,ERR,ERR,ERR,34.0,80.0,35,0.0,0.0,0.0,0.0,0.0,0.0,0.0,0.0,0.0,0.0,0.0,0.0,0.0,0.0,0.0,0.0,64.4,0,116,56,50,65476,0,300,0,0,8,20529,65476,0,0,57672,80.0,0.0,0.0,0.0,0.0,0.0
2026-06-17T04:18:09,ERR,ERR,ERR,ERR,ERR,ERR,ERR,ERR,ERR,ERR,ERR,ERR,ERR,ERR,ERR,ERR,ERR,ERR,ERR,ERR,ERR,ERR,ERR,ERR,ERR,ERR,ERR,ERR,ERR,ERR,ERR,ERR,ERR,ERR,ERR,ERR,ERR,ERR,ERR,ERR,ERR,ERR,ERR,ERR,ERR,ERR,ERR,ERR,ERR,ERR,ERR,ERR,ERR,ERR,ERR,ERR,ERR,ERR,ERR,ERR,ERR,ERR,ERR,ERR,ERR,ERR,ERR,ERR,ERR,ERR,ERR,ERR,ERR,ERR,ERR,ERR,ERR,ERR,ERR,ERR,ERR,ERR,ERR,ERR,ERR,ERR,ERR,ERR,ERR,ERR,ERR,ERR,ERR,ERR,ERR,ERR,ERR,ERR,ERR,ERR,ERR,ERR,ERR,ERR,ERR,ERR,ERR,ERR,ERR,ERR,ERR,ERR,ERR,ERR,ERR,ERR,ERR,ERR,ERR,ERR,ERR,ERR,ERR,ERR,ERR,0.0,0.0,0.0,0.0,0.0,1.3936040501711995e+18,7.805,0.0,0,0,4,0,7300,-0.0,0,0.0,0.0,0.0,0.0,0.0,0,0,0,0,0.0,0,0,0,0,0,0,0,0,0,0,0,0,0,0,0,0,0,0,0,0,0,0,0,0,0,0,0,0,0,0,0,0,0,32,30,30,62,65476,0,300,0,0,8,21553,0.0,-107605600.0,0.0,0.0,0.0,0.0,0.0,0.0,0.0,0.0,0.0,0.0,0.0,0.0,0.0,0.0,0.0,0.0,0.0,0.0,0.0,0.0,2.004,2.004,-0.0,-2.004,0.0,0.0,0.0,0.0,5514.0,0.0,6944.0,0.0,0.0,-107615280.0,-107615328.0,0.0,0.0,0.0,0.0,63,4.0668785921095834e+29,0.0,0.0,0.0,0.0,0.0,0.0,0.0,0.0,0,0,0,0.0,0.0,0.0,0.0,0.0,0.0,0.0,0.0,0.0,0.0,0.0,0.0,0.0,0.0,0.0,0.0,0,-107875648.0,63,0.0,126,2.7184242562605685e+23,-0.0,ERR,ERR,ERR,ERR,ERR,ERR,ERR,ERR,ERR,ERR,ERR,ERR,ERR,ERR,ERR,ERR,ERR,ERR,ERR,ERR,ERR,ERR,ERR,ERR,ERR,ERR,ERR,ERR,ERR,ERR,ERR,ERR,ERR,ERR,ERR,ERR,ERR,ERR,ERR,ERR,ERR,ERR,ERR,ERR,ERR,ERR,ERR,ERR,ERR,ERR,ERR,ERR,ERR,ERR,ERR,ERR,ERR,ERR,ERR,ERR,ERR,ERR,ERR,ERR,ERR,ERR,ERR,34.0,80.0,35,0.0,0.0,0.0,0.0,0.0,0.0,0.0,0.0,0.0,0.0,0.0,0.0,0.0,0.0,0.0,0.0,64.4,0,116,56,50,65476,0,300,0,0,8,20529,65476,0,0,57672,80.0,0.0,0.0,0.0,0.0,0.0
2026-06-17T04:18:10,ERR,ERR,ERR,ERR,ERR,ERR,ERR,ERR,ERR,ERR,ERR,ERR,ERR,ERR,ERR,ERR,ERR,ERR,ERR,ERR,ERR,ERR,ERR,ERR,ERR,ERR,ERR,ERR,ERR,ERR,ERR,ERR,ERR,ERR,ERR,ERR,ERR,ERR,ERR,ERR,ERR,ERR,ERR,ERR,ERR,ERR,ERR,ERR,ERR,ERR,ERR,ERR,ERR,ERR,ERR,ERR,ERR,ERR,ERR,ERR,ERR,ERR,ERR,ERR,ERR,ERR,ERR,ERR,ERR,ERR,ERR,ERR,ERR,ERR,ERR,ERR,ERR,ERR,ERR,ERR,ERR,ERR,ERR,ERR,ERR,ERR,ERR,ERR,ERR,ERR,ERR,ERR,ERR,ERR,ERR,ERR,ERR,ERR,ERR,ERR,ERR,ERR,ERR,ERR,ERR,ERR,ERR,ERR,ERR,ERR,ERR,ERR,ERR,ERR,ERR,ERR,ERR,ERR,ERR,ERR,ERR,ERR,ERR,ERR,ERR,0.0,0.0,0.0,0.0,0.0,1.3936040501711995e+18,7.805,0.0,0,0,4,0,7300,-0.0,0,0.0,0.0,0.0,0.0,0.0,0,0,0,0,0.0,0,0,0,0,0,0,0,0,0,0,0,0,0,0,0,0,0,0,0,0,0,0,0,0,0,0,0,0,0,0,0,0,0,32,30,30,62,65476,0,300,0,0,8,21553,0.0,-107605600.0,0.0,0.0,0.0,0.0,0.0,0.0,0.0,0.0,0.0,0.0,0.0,0.0,0.0,0.0,0.0,0.0,0.0,0.0,0.0,0.0,2.004,2.004,-0.0,-2.004,0.0,0.0,0.0,0.0,5514.0,0.0,6944.0,0.0,0.0,-107615280.0,-107615328.0,0.0,0.0,0.0,0.0,63,4.0668785921095834e+29,0.0,0.0,0.0,0.0,0.0,0.0,0.0,0.0,0,0,0,0.0,0.0,0.0,0.0,0.0,0.0,0.0,0.0,0.0,0.0,0.0,0.0,0.0,0.0,0.0,0.0,0,-107875648.0,63,0.0,126,2.7184242562605685e+23,-0.0,ERR,ERR,ERR,ERR,ERR,ERR,ERR,ERR,ERR,ERR,ERR,ERR,ERR,ERR,ERR,ERR,ERR,ERR,ERR,ERR,ERR,ERR,ERR,ERR,ERR,ERR,ERR,ERR,ERR,ERR,ERR,ERR,ERR,ERR,ERR,ERR,ERR,ERR,ERR,ERR,ERR,ERR,ERR,ERR,ERR,ERR,ERR,ERR,ERR,ERR,ERR,ERR,ERR,ERR,ERR,ERR,ERR,ERR,ERR,ERR,ERR,ERR,ERR,ERR,ERR,ERR,ERR,34.0,80.0,35,0.0,0.0,0.0,0.0,0.0,0.0,0.0,0.0,0.0,0.0,0.0,0.0,0.0,0.0,0.0,0.0,64.4,0,116,56,50,65476,0,300,0,0,8,20529,65476,0,0,57672,80.0,0.0,0.0,0.0,0.0,0.0
2026-06-17T04:18:11,ERR,ERR,ERR,ERR,ERR,ERR,ERR,ERR,ERR,ERR,ERR,ERR,ERR,ERR,ERR,ERR,ERR,ERR,ERR,ERR,ERR,ERR,ERR,ERR,ERR,ERR,ERR,ERR,ERR,ERR,ERR,ERR,ERR,ERR,ERR,ERR,ERR,ERR,ERR,ERR,ERR,ERR,ERR,ERR,ERR,ERR,ERR,ERR,ERR,ERR,ERR,ERR,ERR,ERR,ERR,ERR,ERR,ERR,ERR,ERR,ERR,ERR,ERR,ERR,ERR,ERR,ERR,ERR,ERR,ERR,ERR,ERR,ERR,ERR,ERR,ERR,ERR,ERR,ERR,ERR,ERR,ERR,ERR,ERR,ERR,ERR,ERR,ERR,ERR,ERR,ERR,ERR,ERR,ERR,ERR,ERR,ERR,ERR,ERR,ERR,ERR,ERR,ERR,ERR,ERR,ERR,ERR,ERR,ERR,ERR,ERR,ERR,ERR,ERR,ERR,ERR,ERR,ERR,ERR,ERR,ERR,ERR,ERR,ERR,ERR,0.0,0.0,0.0,0.0,0.0,1.3936040501711995e+18,7.805,0.0,0,0,4,0,7300,-0.0,0,0.0,0.0,0.0,0.0,0.0,0,0,0,0,0.0,0,0,0,0,0,0,0,0,0,0,0,0,0,0,0,0,0,0,0,0,0,0,0,0,0,0,0,0,0,0,0,0,0,32,30,30,62,65476,0,300,0,0,8,21553,0.0,-107605600.0,0.0,0.0,0.0,0.0,0.0,0.0,0.0,0.0,0.0,0.0,0.0,0.0,0.0,0.0,0.0,0.0,0.0,0.0,0.0,0.0,2.004,2.004,-0.0,-2.004,0.0,0.0,0.0,0.0,5514.0,0.0,6944.0,0.0,0.0,-107615280.0,-107615328.0,0.0,0.0,0.0,0.0,63,4.0668785921095834e+29,0.0,0.0,0.0,0.0,0.0,0.0,0.0,0.0,0,0,0,0.0,0.0,0.0,0.0,0.0,0.0,0.0,0.0,0.0,0.0,0.0,0.0,0.0,0.0,0.0,0.0,0,-107875648.0,63,0.0,126,2.7184242562605685e+23,-0.0,ERR,ERR,ERR,ERR,ERR,ERR,ERR,ERR,ERR,ERR,ERR,ERR,ERR,ERR,ERR,ERR,ERR,ERR,ERR,ERR,ERR,ERR,ERR,ERR,ERR,ERR,ERR,ERR,ERR,ERR,ERR,ERR,ERR,ERR,ERR,ERR,ERR,ERR,ERR,ERR,ERR,ERR,ERR,ERR,ERR,ERR,ERR,ERR,ERR,ERR,ERR,ERR,ERR,ERR,ERR,ERR,ERR,ERR,ERR,ERR,ERR,ERR,ERR,ERR,ERR,ERR,ERR,34.0,80.0,35,0.0,0.0,0.0,0.0,0.0,0.0,0.0,0.0,0.0,0.0,0.0,0.0,0.0,0.0,0.0,0.0,64.4,0,116,56,50,65476,0,300,0,0,8,20529,65476,0,0,57672,80.0,0.0,0.0,0.0,0.0,0.0
2026-06-17T04:18:12,ERR,ERR,ERR,ERR,ERR,ERR,ERR,ERR,ERR,ERR,ERR,ERR,ERR,ERR,ERR,ERR,ERR,ERR,ERR,ERR,ERR,ERR,ERR,ERR,ERR,ERR,ERR,ERR,ERR,ERR,ERR,ERR,ERR,ERR,ERR,ERR,ERR,ERR,ERR,ERR,ERR,ERR,ERR,ERR,ERR,ERR,ERR,ERR,ERR,ERR,ERR,ERR,ERR,ERR,ERR,ERR,ERR,ERR,ERR,ERR,ERR,ERR,ERR,ERR,ERR,ERR,ERR,ERR,ERR,ERR,ERR,ERR,ERR,ERR,ERR,ERR,ERR,ERR,ERR,ERR,ERR,ERR,ERR,ERR,ERR,ERR,ERR,ERR,ERR,ERR,ERR,ERR,ERR,ERR,ERR,ERR,ERR,ERR,ERR,ERR,ERR,ERR,ERR,ERR,ERR,ERR,ERR,ERR,ERR,ERR,ERR,ERR,ERR,ERR,ERR,ERR,ERR,ERR,ERR,ERR,ERR,ERR,ERR,ERR,ERR,0.0,0.0,0.0,0.0,0.0,1.3936040501711995e+18,7.805,0.0,0,0,4,0,7300,-0.0,0,0.0,0.0,0.0,0.0,0.0,0,0,0,0,0.0,0,0,0,0,0,0,0,0,0,0,0,0,0,0,0,0,0,0,0,0,0,0,0,0,0,0,0,0,0,0,0,0,0,32,30,30,62,65476,0,300,0,0,8,21553,0.0,-107605600.0,0.0,0.0,0.0,0.0,0.0,0.0,0.0,0.0,0.0,0.0,0.0,0.0,0.0,0.0,0.0,0.0,0.0,0.0,0.0,0.0,2.004,2.004,-0.0,-2.004,0.0,0.0,0.0,0.0,5451.0,0.0,6944.0,0.0,0.0,-107615280.0,-0.0,0.0,0.0,0.0,0.0,63,4.950427050461716e+32,-0.0,0.0,0.0,0.0,0.0,0.0,0.0,0.0,0,0,0,0.0,0.0,0.0,0.0,0.0,0.0,0.0,0.0,0.0,0.0,0.0,0.0,0.0,0.0,0.0,0.0,0,-107875648.0,63,0.0,126,2.7184242562605685e+23,-0.0,ERR,ERR,ERR,ERR,ERR,ERR,ERR,ERR,ERR,ERR,ERR,ERR,ERR,ERR,ERR,ERR,ERR,ERR,ERR,ERR,ERR,ERR,ERR,ERR,ERR,ERR,ERR,ERR,ERR,ERR,ERR,ERR,ERR,ERR,ERR,ERR,ERR,ERR,ERR,ERR,ERR,ERR,ERR,ERR,ERR,ERR,ERR,ERR,ERR,ERR,ERR,ERR,ERR,ERR,ERR,ERR,ERR,ERR,ERR,ERR,ERR,ERR,ERR,ERR,ERR,ERR,ERR,34.0,80.0,35,0.0,0.0,0.0,0.0,0.0,0.0,0.0,0.0,0.0,0.0,0.0,0.0,0.0,0.0,0.0,0.0,64.4,0,116,56,50,65476,0,300,0,0,8,20529,65476,0,0,57672,80.0,0.0,0.0,0.0,0.0,0.0
2026-06-17T04:18:13,ERR,ERR,ERR,ERR,ERR,ERR,ERR,ERR,ERR,ERR,ERR,ERR,ERR,ERR,ERR,ERR,ERR,ERR,ERR,ERR,ERR,ERR,ERR,ERR,ERR,ERR,ERR,ERR,ERR,ERR,ERR,ERR,ERR,ERR,ERR,ERR,ERR,ERR,ERR,ERR,ERR,ERR,ERR,ERR,ERR,ERR,ERR,ERR,ERR,ERR,ERR,ERR,ERR,ERR,ERR,ERR,ERR,ERR,ERR,ERR,ERR,ERR,ERR,ERR,ERR,ERR,ERR,ERR,ERR,ERR,ERR,ERR,ERR,ERR,ERR,ERR,ERR,ERR,ERR,ERR,ERR,ERR,ERR,ERR,ERR,ERR,ERR,ERR,ERR,ERR,ERR,ERR,ERR,ERR,ERR,ERR,ERR,ERR,ERR,ERR,ERR,ERR,ERR,ERR,ERR,ERR,ERR,ERR,ERR,ERR,ERR,ERR,ERR,ERR,ERR,ERR,ERR,ERR,ERR,ERR,ERR,ERR,ERR,ERR,ERR,0.0,0.0,0.0,0.0,0.0,1.3936040501711995e+18,7.805,0.0,0,0,4,0,7300,-0.0,0,0.0,0.0,0.0,0.0,0.0,0,0,0,0,0.0,0,0,0,0,0,0,0,0,0,0,0,0,0,0,0,0,0,0,0,0,0,0,0,0,0,0,0,0,0,0,0,0,0,32,30,30,62,65476,0,300,0,0,8,21553,0.0,-107605600.0,0.0,0.0,0.0,0.0,0.0,0.0,0.0,0.0,0.0,0.0,0.0,0.0,0.0,0.0,0.0,0.0,0.0,0.0,0.0,0.0,2.004,2.004,-0.0,-2.004,0.0,0.0,0.0,0.0,5451.0,0.0,6944.0,0.0,0.0,-107615280.0,-0.0,0.0,0.0,0.0,0.0,63,4.950427050461716e+32,-0.0,0.0,0.0,0.0,0.0,0.0,0.0,0.0,0,0,0,0.0,0.0,0.0,0.0,0.0,0.0,0.0,0.0,0.0,0.0,0.0,0.0,0.0,0.0,0.0,0.0,0,-107875648.0,63,0.0,126,2.7184242562605685e+23,-0.0,ERR,ERR,ERR,ERR,ERR,ERR,ERR,ERR,ERR,ERR,ERR,ERR,ERR,ERR,ERR,ERR,ERR,ERR,ERR,ERR,ERR,ERR,ERR,ERR,ERR,ERR,ERR,ERR,ERR,ERR,ERR,ERR,ERR,ERR,ERR,ERR,ERR,ERR,ERR,ERR,ERR,ERR,ERR,ERR,ERR,ERR,ERR,ERR,ERR,ERR,ERR,ERR,ERR,ERR,ERR,ERR,ERR,ERR,ERR,ERR,ERR,ERR,ERR,ERR,ERR,ERR,ERR,34.0,80.0,35,0.0,0.0,0.0,0.0,0.0,0.0,0.0,0.0,0.0,0.0,0.0,0.0,0.0,0.0,0.0,0.0,64.4,0,116,56,50,65476,0,300,0,0,8,20529,65476,0,0,57672,80.0,0.0,0.0,0.0,0.0,0.0
2026-06-17T04:18:14,ERR,ERR,ERR,ERR,ERR,ERR,ERR,ERR,ERR,ERR,ERR,ERR,ERR,ERR,ERR,ERR,ERR,ERR,ERR,ERR,ERR,ERR,ERR,ERR,ERR,ERR,ERR,ERR,ERR,ERR,ERR,ERR,ERR,ERR,ERR,ERR,ERR,ERR,ERR,ERR,ERR,ERR,ERR,ERR,ERR,ERR,ERR,ERR,ERR,ERR,ERR,ERR,ERR,ERR,ERR,ERR,ERR,ERR,ERR,ERR,ERR,ERR,ERR,ERR,ERR,ERR,ERR,ERR,ERR,ERR,ERR,ERR,ERR,ERR,ERR,ERR,ERR,ERR,ERR,ERR,ERR,ERR,ERR,ERR,ERR,ERR,ERR,ERR,ERR,ERR,ERR,ERR,ERR,ERR,ERR,ERR,ERR,ERR,ERR,ERR,ERR,ERR,ERR,ERR,ERR,ERR,ERR,ERR,ERR,ERR,ERR,ERR,ERR,ERR,ERR,ERR,ERR,ERR,ERR,ERR,ERR,ERR,ERR,ERR,ERR,0.0,0.0,0.0,0.0,0.0,1.3936040501711995e+18,7.805,0.0,0,0,4,0,7300,-0.0,0,0.0,0.0,0.0,0.0,0.0,0,0,0,0,0.0,0,0,0,0,0,0,0,0,0,0,0,0,0,0,0,0,0,0,0,0,0,0,0,0,0,0,0,0,0,0,0,0,0,32,30,30,62,65476,0,300,0,0,8,21553,0.0,-107605600.0,0.0,0.0,0.0,0.0,0.0,0.0,0.0,0.0,0.0,0.0,0.0,0.0,0.0,0.0,0.0,0.0,0.0,0.0,0.0,0.0,2.004,2.004,-0.0,-2.004,0.0,0.0,0.0,0.0,5451.0,0.0,6944.0,0.0,0.0,-107615280.0,-0.0,0.0,0.0,0.0,0.0,63,4.950427050461716e+32,-0.0,0.0,0.0,0.0,0.0,0.0,0.0,0.0,0,0,0,0.0,0.0,0.0,0.0,0.0,0.0,0.0,0.0,0.0,0.0,0.0,0.0,0.0,0.0,0.0,0.0,0,-107875648.0,63,0.0,126,2.7184242562605685e+23,-0.0,ERR,ERR,ERR,ERR,ERR,ERR,ERR,ERR,ERR,ERR,ERR,ERR,ERR,ERR,ERR,ERR,ERR,ERR,ERR,ERR,ERR,ERR,ERR,ERR,ERR,ERR,ERR,ERR,ERR,ERR,ERR,ERR,ERR,ERR,ERR,ERR,ERR,ERR,ERR,ERR,ERR,ERR,ERR,ERR,ERR,ERR,ERR,ERR,ERR,ERR,ERR,ERR,ERR,ERR,ERR,ERR,ERR,ERR,ERR,ERR,ERR,ERR,ERR,ERR,ERR,ERR,ERR,34.0,80.0,35,0.0,0.0,0.0,0.0,0.0,0.0,0.0,0.0,0.0,0.0,0.0,0.0,0.0,0.0,0.0,0.0,64.4,0,116,56,50,65476,0,300,0,0,8,20529,65476,0,0,57672,80.0,0.0,0.0,0.0,0.0,0.0
2026-06-17T04:18:15,ERR,ERR,ERR,ERR,ERR,ERR,ERR,ERR,ERR,ERR,ERR,ERR,ERR,ERR,ERR,ERR,ERR,ERR,ERR,ERR,ERR,ERR,ERR,ERR,ERR,ERR,ERR,ERR,ERR,ERR,ERR,ERR,ERR,ERR,ERR,ERR,ERR,ERR,ERR,ERR,ERR,ERR,ERR,ERR,ERR,ERR,ERR,ERR,ERR,ERR,ERR,ERR,ERR,ERR,ERR,ERR,ERR,ERR,ERR,ERR,ERR,ERR,ERR,ERR,ERR,ERR,ERR,ERR,ERR,ERR,ERR,ERR,ERR,ERR,ERR,ERR,ERR,ERR,ERR,ERR,ERR,ERR,ERR,ERR,ERR,ERR,ERR,ERR,ERR,ERR,ERR,ERR,ERR,ERR,ERR,ERR,ERR,ERR,ERR,ERR,ERR,ERR,ERR,ERR,ERR,ERR,ERR,ERR,ERR,ERR,ERR,ERR,ERR,ERR,ERR,ERR,ERR,ERR,ERR,ERR,ERR,ERR,ERR,ERR,ERR,0.0,0.0,0.0,0.0,0.0,1.3936040501711995e+18,7.805,0.0,0,0,4,0,7300,-0.0,0,0.0,0.0,0.0,0.0,0.0,0,0,0,0,0.0,0,0,0,0,0,0,0,0,0,0,0,0,0,0,0,0,0,0,0,0,0,0,0,0,0,0,0,0,0,0,0,0,0,32,30,30,62,65476,0,300,0,0,8,21553,0.0,-107605600.0,0.0,0.0,0.0,0.0,0.0,0.0,0.0,0.0,0.0,0.0,0.0,0.0,0.0,0.0,0.0,0.0,0.0,0.0,0.0,0.0,2.004,2.004,-0.0,-2.004,0.0,0.0,0.0,0.0,5451.0,0.0,6944.0,0.0,0.0,-107615280.0,-0.0,0.0,0.0,0.0,0.0,63,4.950427050461716e+32,-0.0,0.0,0.0,0.0,0.0,0.0,0.0,0.0,0,0,0,0.0,0.0,0.0,0.0,0.0,0.0,0.0,0.0,0.0,0.0,0.0,0.0,0.0,0.0,0.0,0.0,0,-107875648.0,63,0.0,126,2.7184242562605685e+23,-0.0,ERR,ERR,ERR,ERR,ERR,ERR,ERR,ERR,ERR,ERR,ERR,ERR,ERR,ERR,ERR,ERR,ERR,ERR,ERR,ERR,ERR,ERR,ERR,ERR,ERR,ERR,ERR,ERR,ERR,ERR,ERR,ERR,ERR,ERR,ERR,ERR,ERR,ERR,ERR,ERR,ERR,ERR,ERR,ERR,ERR,ERR,ERR,ERR,ERR,ERR,ERR,ERR,ERR,ERR,ERR,ERR,ERR,ERR,ERR,ERR,ERR,ERR,ERR,ERR,ERR,ERR,ERR,34.0,80.0,35,0.0,0.0,0.0,0.0,0.0,0.0,0.0,0.0,0.0,0.0,0.0,0.0,0.0,0.0,0.0,0.0,64.8,0,116,56,50,65476,0,300,0,0,8,20529,65476,0,0,57672,80.0,0.0,0.0,0.0,0.0,0.0
2026-06-17T04:18:16,ERR,ERR,ERR,ERR,ERR,ERR,ERR,ERR,ERR,ERR,ERR,ERR,ERR,ERR,ERR,ERR,ERR,ERR,ERR,ERR,ERR,ERR,ERR,ERR,ERR,ERR,ERR,ERR,ERR,ERR,ERR,ERR,ERR,ERR,ERR,ERR,ERR,ERR,ERR,ERR,ERR,ERR,ERR,ERR,ERR,ERR,ERR,ERR,ERR,ERR,ERR,ERR,ERR,ERR,ERR,ERR,ERR,ERR,ERR,ERR,ERR,ERR,ERR,ERR,ERR,ERR,ERR,ERR,ERR,ERR,ERR,ERR,ERR,ERR,ERR,ERR,ERR,ERR,ERR,ERR,ERR,ERR,ERR,ERR,ERR,ERR,ERR,ERR,ERR,ERR,ERR,ERR,ERR,ERR,ERR,ERR,ERR,ERR,ERR,ERR,ERR,ERR,ERR,ERR,ERR,ERR,ERR,ERR,ERR,ERR,ERR,ERR,ERR,ERR,ERR,ERR,ERR,ERR,ERR,ERR,ERR,ERR,ERR,ERR,ERR,0.0,0.0,0.0,0.0,0.0,1.3936040501711995e+18,7.805,0.0,0,0,4,0,7300,-0.0,0,0.0,0.0,0.0,0.0,0.0,0,0,0,0,0.0,0,0,0,0,0,0,0,0,0,0,0,0,0,0,0,0,0,0,0,0,0,0,0,0,0,0,0,0,0,0,0,0,0,32,30,30,62,65476,0,300,0,0,8,21553,0.0,-107605600.0,0.0,0.0,0.0,0.0,0.0,0.0,0.0,0.0,0.0,0.0,0.0,0.0,0.0,0.0,0.0,0.0,0.0,0.0,0.0,0.0,2.004,2.004,-0.0,-2.004,0.0,0.0,0.0,0.0,5451.0,0.0,6944.0,0.0,0.0,-107615280.0,-0.0,0.0,0.0,0.0,0.0,63,4.950427050461716e+32,-0.0,0.0,0.0,0.0,0.0,0.0,0.0,0.0,0,0,0,0.0,0.0,0.0,0.0,0.0,0.0,0.0,0.0,0.0,0.0,0.0,0.0,0.0,0.0,0.0,0.0,0,-107875648.0,63,0.0,126,2.7184242562605685e+23,-0.0,ERR,ERR,ERR,ERR,ERR,ERR,ERR,ERR,ERR,ERR,ERR,ERR,ERR,ERR,ERR,ERR,ERR,ERR,ERR,ERR,ERR,ERR,ERR,ERR,ERR,ERR,ERR,ERR,ERR,ERR,ERR,ERR,ERR,ERR,ERR,ERR,ERR,ERR,ERR,ERR,ERR,ERR,ERR,ERR,ERR,ERR,ERR,ERR,ERR,ERR,ERR,ERR,ERR,ERR,ERR,ERR,ERR,ERR,ERR,ERR,ERR,ERR,ERR,ERR,ERR,ERR,ERR,34.0,80.0,35,0.0,0.0,0.0,0.0,0.0,0.0,0.0,0.0,0.0,0.0,0.0,0.0,0.0,0.0,0.0,0.0,64.8,0,116,56,50,65476,0,300,0,0,8,20529,65476,0,0,57672,80.0,0.0,0.0,0.0,0.0,0.0
2026-06-17T04:18:17,ERR,ERR,ERR,ERR,ERR,ERR,ERR,ERR,ERR,ERR,ERR,ERR,ERR,ERR,ERR,ERR,ERR,ERR,ERR,ERR,ERR,ERR,ERR,ERR,ERR,ERR,ERR,ERR,ERR,ERR,ERR,ERR,ERR,ERR,ERR,ERR,ERR,ERR,ERR,ERR,ERR,ERR,ERR,ERR,ERR,ERR,ERR,ERR,ERR,ERR,ERR,ERR,ERR,ERR,ERR,ERR,ERR,ERR,ERR,ERR,ERR,ERR,ERR,ERR,ERR,ERR,ERR,ERR,ERR,ERR,ERR,ERR,ERR,ERR,ERR,ERR,ERR,ERR,ERR,ERR,ERR,ERR,ERR,ERR,ERR,ERR,ERR,ERR,ERR,ERR,ERR,ERR,ERR,ERR,ERR,ERR,ERR,ERR,ERR,ERR,ERR,ERR,ERR,ERR,ERR,ERR,ERR,ERR,ERR,ERR,ERR,ERR,ERR,ERR,ERR,ERR,ERR,ERR,ERR,ERR,ERR,ERR,ERR,ERR,ERR,0.0,0.0,0.0,0.0,0.0,1.3936040501711995e+18,7.805,0.0,0,0,4,0,7300,-0.0,0,0.0,0.0,0.0,0.0,0.0,0,0,0,0,0.0,0,0,0,0,0,0,0,0,0,0,0,0,0,0,0,0,0,0,0,0,0,0,0,0,0,0,0,0,0,0,0,0,0,32,30,30,62,65476,0,300,0,0,8,21553,0.0,-107605600.0,0.0,0.0,0.0,0.0,0.0,0.0,0.0,0.0,0.0,0.0,0.0,0.0,0.0,0.0,0.0,0.0,0.0,0.0,0.0,0.0,2.004,2.004,-0.0,-2.004,0.0,0.0,0.0,0.0,5411.0,8608195584.0,6954.0,0.0,0.0,-107615280.0,-0.0,0.0,0.0,0.0,0.0,63,126841077760.0,-0.0,0.0,0.0,0.0,0.0,0.0,0.0,0.0,0,0,0,0.0,0.0,0.0,0.0,0.0,0.0,0.0,0.0,0.0,0.0,0.0,0.0,0.0,0.0,0.0,0.0,0,-107875648.0,63,0.0,126,2.7184242562605685e+23,-0.0,ERR,ERR,ERR,ERR,ERR,ERR,ERR,ERR,ERR,ERR,ERR,ERR,ERR,ERR,ERR,ERR,ERR,ERR,ERR,ERR,ERR,ERR,ERR,ERR,ERR,ERR,ERR,ERR,ERR,ERR,ERR,ERR,ERR,ERR,ERR,ERR,ERR,ERR,ERR,ERR,ERR,ERR,ERR,ERR,ERR,ERR,ERR,ERR,ERR,ERR,ERR,ERR,ERR,ERR,ERR,ERR,ERR,ERR,ERR,ERR,ERR,ERR,ERR,ERR,ERR,ERR,ERR,34.0,80.0,35,0.0,0.0,0.0,0.0,0.0,0.0,0.0,0.0,0.0,0.0,0.0,0.0,0.0,0.0,0.0,0.0,64.4,0,116,56,50,65476,0,300,0,0,8,20529,65476,0,0,57672,80.0,0.0,0.0,0.0,0.0,0.0
2026-06-17T04:18:18,ERR,ERR,ERR,ERR,ERR,ERR,ERR,ERR,ERR,ERR,ERR,ERR,ERR,ERR,ERR,ERR,ERR,ERR,ERR,ERR,ERR,ERR,ERR,ERR,ERR,ERR,ERR,ERR,ERR,ERR,ERR,ERR,ERR,ERR,ERR,ERR,ERR,ERR,ERR,ERR,ERR,ERR,ERR,ERR,ERR,ERR,ERR,ERR,ERR,ERR,ERR,ERR,ERR,ERR,ERR,ERR,ERR,ERR,ERR,ERR,ERR,ERR,ERR,ERR,ERR,ERR,ERR,ERR,ERR,ERR,ERR,ERR,ERR,ERR,ERR,ERR,ERR,ERR,ERR,ERR,ERR,ERR,ERR,ERR,ERR,ERR,ERR,ERR,ERR,ERR,ERR,ERR,ERR,ERR,ERR,ERR,ERR,ERR,ERR,ERR,ERR,ERR,ERR,ERR,ERR,ERR,ERR,ERR,ERR,ERR,ERR,ERR,ERR,ERR,ERR,ERR,ERR,ERR,ERR,ERR,ERR,ERR,ERR,ERR,ERR,0.0,0.0,0.0,0.0,0.0,1.3936040501711995e+18,7.805,0.0,0,0,4,0,7300,-0.0,0,0.0,0.0,0.0,0.0,0.0,0,0,0,0,0.0,0,0,0,0,0,0,0,0,0,0,0,0,0,0,0,0,0,0,0,0,0,0,0,0,0,0,0,0,0,0,0,0,0,32,30,30,62,65476,0,300,0,0,8,21553,0.0,-107605600.0,0.0,0.0,0.0,0.0,0.0,0.0,0.0,0.0,0.0,0.0,0.0,0.0,0.0,0.0,0.0,0.0,0.0,0.0,0.0,0.0,2.004,2.004,-0.0,-2.004,0.0,0.0,0.0,0.0,5411.0,8608195584.0,6954.0,0.0,0.0,-107615280.0,-0.0,0.0,0.0,0.0,0.0,63,126841077760.0,-0.0,0.0,0.0,0.0,0.0,0.0,0.0,0.0,0,0,0,0.0,0.0,0.0,0.0,0.0,0.0,0.0,0.0,0.0,0.0,0.0,0.0,0.0,0.0,0.0,0.0,0,-107875648.0,63,0.0,126,2.7184242562605685e+23,-0.0,ERR,ERR,ERR,ERR,ERR,ERR,ERR,ERR,ERR,ERR,ERR,ERR,ERR,ERR,ERR,ERR,ERR,ERR,ERR,ERR,ERR,ERR,ERR,ERR,ERR,ERR,ERR,ERR,ERR,ERR,ERR,ERR,ERR,ERR,ERR,ERR,ERR,ERR,ERR,ERR,ERR,ERR,ERR,ERR,ERR,ERR,ERR,ERR,ERR,ERR,ERR,ERR,ERR,ERR,ERR,ERR,ERR,ERR,ERR,ERR,ERR,ERR,ERR,ERR,ERR,ERR,ERR,34.0,80.0,35,0.0,0.0,0.0,0.0,0.0,0.0,0.0,0.0,0.0,0.0,0.0,0.0,0.0,0.0,0.0,0.0,64.4,0,116,56,50,65476,0,300,0,0,8,20529,65476,0,0,57672,80.0,0.0,0.0,0.0,0.0,0.0
2026-06-17T04:18:19,ERR,ERR,ERR,ERR,ERR,ERR,ERR,ERR,ERR,ERR,ERR,ERR,ERR,ERR,ERR,ERR,ERR,ERR,ERR,ERR,ERR,ERR,ERR,ERR,ERR,ERR,ERR,ERR,ERR,ERR,ERR,ERR,ERR,ERR,ERR,ERR,ERR,ERR,ERR,ERR,ERR,ERR,ERR,ERR,ERR,ERR,ERR,ERR,ERR,ERR,ERR,ERR,ERR,ERR,ERR,ERR,ERR,ERR,ERR,ERR,ERR,ERR,ERR,ERR,ERR,ERR,ERR,ERR,ERR,ERR,ERR,ERR,ERR,ERR,ERR,ERR,ERR,ERR,ERR,ERR,ERR,ERR,ERR,ERR,ERR,ERR,ERR,ERR,ERR,ERR,ERR,ERR,ERR,ERR,ERR,ERR,ERR,ERR,ERR,ERR,ERR,ERR,ERR,ERR,ERR,ERR,ERR,ERR,ERR,ERR,ERR,ERR,ERR,ERR,ERR,ERR,ERR,ERR,ERR,ERR,ERR,ERR,ERR,ERR,ERR,0.0,0.0,0.0,0.0,0.0,1.3936040501711995e+18,7.805,0.0,0,0,4,0,7300,-0.0,0,0.0,0.0,0.0,0.0,0.0,0,0,0,0,0.0,0,0,0,0,0,0,0,0,0,0,0,0,0,0,0,0,0,0,0,0,0,0,0,0,0,0,0,0,0,0,0,0,0,32,30,30,62,65476,0,300,0,0,8,21553,0.0,-107605600.0,0.0,0.0,0.0,0.0,0.0,0.0,0.0,0.0,0.0,0.0,0.0,0.0,0.0,0.0,0.0,0.0,0.0,0.0,0.0,0.0,2.004,2.004,-0.0,-2.004,0.0,0.0,0.0,0.0,5411.0,8608195584.0,6954.0,0.0,0.0,-107615280.0,-0.0,0.0,0.0,0.0,0.0,63,126841077760.0,-0.0,0.0,0.0,0.0,0.0,0.0,0.0,0.0,0,0,0,0.0,0.0,0.0,0.0,0.0,0.0,0.0,0.0,0.0,0.0,0.0,0.0,0.0,0.0,0.0,0.0,0,-107875648.0,63,0.0,126,2.7184242562605685e+23,-0.0,ERR,ERR,ERR,ERR,ERR,ERR,ERR,ERR,ERR,ERR,ERR,ERR,ERR,ERR,ERR,ERR,ERR,ERR,ERR,ERR,ERR,ERR,ERR,ERR,ERR,ERR,ERR,ERR,ERR,ERR,ERR,ERR,ERR,ERR,ERR,ERR,ERR,ERR,ERR,ERR,ERR,ERR,ERR,ERR,ERR,ERR,ERR,ERR,ERR,ERR,ERR,ERR,ERR,ERR,ERR,ERR,ERR,ERR,ERR,ERR,ERR,ERR,ERR,ERR,ERR,ERR,ERR,34.0,80.0,35,0.0,0.0,0.0,0.0,0.0,0.0,0.0,0.0,0.0,0.0,0.0,0.0,0.0,0.0,0.0,0.0,64.4,0,116,56,50,65476,0,300,0,0,8,20529,65476,0,0,57672,80.0,0.0,0.0,0.0,0.0,0.0
2026-06-17T04:18:20,ERR,ERR,ERR,ERR,ERR,ERR,ERR,ERR,ERR,ERR,ERR,ERR,ERR,ERR,ERR,ERR,ERR,ERR,ERR,ERR,ERR,ERR,ERR,ERR,ERR,ERR,ERR,ERR,ERR,ERR,ERR,ERR,ERR,ERR,ERR,ERR,ERR,ERR,ERR,ERR,ERR,ERR,ERR,ERR,ERR,ERR,ERR,ERR,ERR,ERR,ERR,ERR,ERR,ERR,ERR,ERR,ERR,ERR,ERR,ERR,ERR,ERR,ERR,ERR,ERR,ERR,ERR,ERR,ERR,ERR,ERR,ERR,ERR,ERR,ERR,ERR,ERR,ERR,ERR,ERR,ERR,ERR,ERR,ERR,ERR,ERR,ERR,ERR,ERR,ERR,ERR,ERR,ERR,ERR,ERR,ERR,ERR,ERR,ERR,ERR,ERR,ERR,ERR,ERR,ERR,ERR,ERR,ERR,ERR,ERR,ERR,ERR,ERR,ERR,ERR,ERR,ERR,ERR,ERR,ERR,ERR,ERR,ERR,ERR,ERR,0.0,0.0,0.0,0.0,0.0,1.3936040501711995e+18,7.805,0.0,0,0,4,0,7300,-0.0,0,0.0,0.0,0.0,0.0,0.0,0,0,0,0,0.0,0,0,0,0,0,0,0,0,0,0,0,0,0,0,0,0,0,0,0,0,0,0,0,0,0,0,0,0,0,0,0,0,0,32,30,30,62,65476,0,300,0,0,8,21553,0.0,-107605600.0,0.0,0.0,0.0,0.0,0.0,0.0,0.0,0.0,0.0,0.0,0.0,0.0,0.0,0.0,0.0,0.0,0.0,0.0,0.0,0.0,2.004,2.004,-0.0,-2.004,0.0,0.0,0.0,0.0,5411.0,8608195584.0,6954.0,0.0,0.0,-107615280.0,-0.0,0.0,0.0,0.0,0.0,63,126841077760.0,-0.0,0.0,0.0,0.0,0.0,0.0,0.0,0.0,0,0,0,0.0,0.0,0.0,0.0,0.0,0.0,0.0,0.0,0.0,0.0,0.0,0.0,0.0,0.0,0.0,0.0,0,-107875648.0,63,0.0,126,2.7184242562605685e+23,-0.0,ERR,ERR,ERR,ERR,ERR,ERR,ERR,ERR,ERR,ERR,ERR,ERR,ERR,ERR,ERR,ERR,ERR,ERR,ERR,ERR,ERR,ERR,ERR,ERR,ERR,ERR,ERR,ERR,ERR,ERR,ERR,ERR,ERR,ERR,ERR,ERR,ERR,ERR,ERR,ERR,ERR,ERR,ERR,ERR,ERR,ERR,ERR,ERR,ERR,ERR,ERR,ERR,ERR,ERR,ERR,ERR,ERR,ERR,ERR,ERR,ERR,ERR,ERR,ERR,ERR,ERR,ERR,34.0,80.0,35,0.0,0.0,0.0,0.0,0.0,0.0,0.0,0.0,0.0,0.0,0.0,0.0,0.0,0.0,0.0,0.0,64.8,0,116,56,50,65476,0,300,0,0,8,20529,65476,0,0,57672,80.0,0.0,0.0,0.0,0.0,0.0
2026-06-17T04:18:21,ERR,ERR,ERR,ERR,ERR,ERR,ERR,ERR,ERR,ERR,ERR,ERR,ERR,ERR,ERR,ERR,ERR,ERR,ERR,ERR,ERR,ERR,ERR,ERR,ERR,ERR,ERR,ERR,ERR,ERR,ERR,ERR,ERR,ERR,ERR,ERR,ERR,ERR,ERR,ERR,ERR,ERR,ERR,ERR,ERR,ERR,ERR,ERR,ERR,ERR,ERR,ERR,ERR,ERR,ERR,ERR,ERR,ERR,ERR,ERR,ERR,ERR,ERR,ERR,ERR,ERR,ERR,ERR,ERR,ERR,ERR,ERR,ERR,ERR,ERR,ERR,ERR,ERR,ERR,ERR,ERR,ERR,ERR,ERR,ERR,ERR,ERR,ERR,ERR,ERR,ERR,ERR,ERR,ERR,ERR,ERR,ERR,ERR,ERR,ERR,ERR,ERR,ERR,ERR,ERR,ERR,ERR,ERR,ERR,ERR,ERR,ERR,ERR,ERR,ERR,ERR,ERR,ERR,ERR,ERR,ERR,ERR,ERR,ERR,ERR,0.0,0.0,0.0,0.0,0.0,1.3936040501711995e+18,7.805,0.0,0,0,4,0,7300,-0.0,0,0.0,0.0,0.0,0.0,0.0,0,0,0,0,0.0,0,0,0,0,0,0,0,0,0,0,0,0,0,0,0,0,0,0,0,0,0,0,0,0,0,0,0,0,0,0,0,0,0,32,30,30,62,65476,0,300,0,0,8,21553,0.0,-107605600.0,0.0,0.0,0.0,0.0,0.0,0.0,0.0,0.0,0.0,0.0,0.0,0.0,0.0,0.0,0.0,0.0,0.0,0.0,0.0,0.0,2.004,2.004,-0.0,-2.004,0.0,0.0,0.0,0.0,5411.0,8608195584.0,6954.0,0.0,0.0,-107615280.0,-0.0,0.0,0.0,0.0,0.0,63,126841077760.0,-0.0,0.0,0.0,0.0,0.0,0.0,0.0,0.0,0,0,0,0.0,0.0,0.0,0.0,0.0,0.0,0.0,0.0,0.0,0.0,0.0,0.0,0.0,0.0,0.0,0.0,0,-107875648.0,63,0.0,126,2.7184242562605685e+23,-0.0,ERR,ERR,ERR,ERR,ERR,ERR,ERR,ERR,ERR,ERR,ERR,ERR,ERR,ERR,ERR,ERR,ERR,ERR,ERR,ERR,ERR,ERR,ERR,ERR,ERR,ERR,ERR,ERR,ERR,ERR,ERR,ERR,ERR,ERR,ERR,ERR,ERR,ERR,ERR,ERR,ERR,ERR,ERR,ERR,ERR,ERR,ERR,ERR,ERR,ERR,ERR,ERR,ERR,ERR,ERR,ERR,ERR,ERR,ERR,ERR,ERR,ERR,ERR,ERR,ERR,ERR,ERR,34.0,80.0,35,0.0,0.0,0.0,0.0,0.0,0.0,0.0,0.0,0.0,0.0,0.0,0.0,0.0,0.0,0.0,0.0,64.8,0,116,56,50,65476,0,300,0,0,8,20529,65476,0,0,57672,80.0,0.0,0.0,0.0,0.0,0.0
2026-06-17T04:18:22,ERR,ERR,ERR,ERR,ERR,ERR,ERR,ERR,ERR,ERR,ERR,ERR,ERR,ERR,ERR,ERR,ERR,ERR,ERR,ERR,ERR,ERR,ERR,ERR,ERR,ERR,ERR,ERR,ERR,ERR,ERR,ERR,ERR,ERR,ERR,ERR,ERR,ERR,ERR,ERR,ERR,ERR,ERR,ERR,ERR,ERR,ERR,ERR,ERR,ERR,ERR,ERR,ERR,ERR,ERR,ERR,ERR,ERR,ERR,ERR,ERR,ERR,ERR,ERR,ERR,ERR,ERR,ERR,ERR,ERR,ERR,ERR,ERR,ERR,ERR,ERR,ERR,ERR,ERR,ERR,ERR,ERR,ERR,ERR,ERR,ERR,ERR,ERR,ERR,ERR,ERR,ERR,ERR,ERR,ERR,ERR,ERR,ERR,ERR,ERR,ERR,ERR,ERR,ERR,ERR,ERR,ERR,ERR,ERR,ERR,ERR,ERR,ERR,ERR,ERR,ERR,ERR,ERR,ERR,ERR,ERR,ERR,ERR,ERR,ERR,0.0,0.0,0.0,0.0,0.0,1.3936040501711995e+18,7.805,0.0,0,0,4,0,7300,-0.0,0,0.0,0.0,0.0,0.0,0.0,0,0,0,0,0.0,0,0,0,0,0,0,0,0,0,0,0,0,0,0,0,0,0,0,0,0,0,0,0,0,0,0,0,0,0,0,0,0,0,32,30,30,62,65476,0,300,0,0,8,21553,0.0,-107605600.0,0.0,0.0,0.0,0.0,0.0,0.0,0.0,0.0,0.0,0.0,0.0,0.0,0.0,0.0,0.0,0.0,0.0,0.0,0.0,0.0,2.004,2.004,-0.0,0.0,0.0,0.0,0.0,0.0,5416.0,0.0,6948.0,0.0,0.0,-107615280.0,-0.0,0.0,0.0,0.0,0.0,63,2.718429300292151e+23,5.8480620214123924e+35,0.0,0.0,0.0,0.0,0.0,0.0,0.0,0,0,0,0.0,0.0,0.0,0.0,0.0,0.0,0.0,0.0,0.0,0.0,0.0,0.0,0.0,0.0,0.0,0.0,0,-107875648.0,63,0.0,126,2.7184242562605685e+23,-0.0,ERR,ERR,ERR,ERR,ERR,ERR,ERR,ERR,ERR,ERR,ERR,ERR,ERR,ERR,ERR,ERR,ERR,ERR,ERR,ERR,ERR,ERR,ERR,ERR,ERR,ERR,ERR,ERR,ERR,ERR,ERR,ERR,ERR,ERR,ERR,ERR,ERR,ERR,ERR,ERR,ERR,ERR,ERR,ERR,ERR,ERR,ERR,ERR,ERR,ERR,ERR,ERR,ERR,ERR,ERR,ERR,ERR,ERR,ERR,ERR,ERR,ERR,ERR,ERR,ERR,ERR,ERR,34.0,80.0,35,0.0,0.0,0.0,0.0,0.0,0.0,0.0,0.0,0.0,0.0,0.0,0.0,0.0,0.0,0.0,0.0,64.4,0,116,56,50,65476,0,300,0,0,8,20529,65476,0,0,57672,80.0,0.0,0.0,0.0,0.0,0.0
2026-06-17T04:18:23,ERR,ERR,ERR,ERR,ERR,ERR,ERR,ERR,ERR,ERR,ERR,ERR,ERR,ERR,ERR,ERR,ERR,ERR,ERR,ERR,ERR,ERR,ERR,ERR,ERR,ERR,ERR,ERR,ERR,ERR,ERR,ERR,ERR,ERR,ERR,ERR,ERR,ERR,ERR,ERR,ERR,ERR,ERR,ERR,ERR,ERR,ERR,ERR,ERR,ERR,ERR,ERR,ERR,ERR,ERR,ERR,ERR,ERR,ERR,ERR,ERR,ERR,ERR,ERR,ERR,ERR,ERR,ERR,ERR,ERR,ERR,ERR,ERR,ERR,ERR,ERR,ERR,ERR,ERR,ERR,ERR,ERR,ERR,ERR,ERR,ERR,ERR,ERR,ERR,ERR,ERR,ERR,ERR,ERR,ERR,ERR,ERR,ERR,ERR,ERR,ERR,ERR,ERR,ERR,ERR,ERR,ERR,ERR,ERR,ERR,ERR,ERR,ERR,ERR,ERR,ERR,ERR,ERR,ERR,ERR,ERR,ERR,ERR,ERR,ERR,0.0,0.0,0.0,0.0,0.0,1.3936040501711995e+18,7.805,0.0,0,0,4,0,7300,-0.0,0,0.0,0.0,0.0,0.0,0.0,0,0,0,0,0.0,0,0,0,0,0,0,0,0,0,0,0,0,0,0,0,0,0,0,0,0,0,0,0,0,0,0,0,0,0,0,0,0,0,32,30,30,62,65476,0,300,0,0,8,21553,0.0,-107605600.0,0.0,0.0,0.0,0.0,0.0,0.0,0.0,0.0,0.0,0.0,0.0,0.0,0.0,0.0,0.0,0.0,0.0,0.0,0.0,0.0,2.004,2.004,-0.0,0.0,0.0,0.0,0.0,0.0,5416.0,0.0,6948.0,0.0,0.0,-107615280.0,-0.0,0.0,0.0,0.0,0.0,63,2.718429300292151e+23,5.8480620214123924e+35,0.0,0.0,0.0,0.0,0.0,0.0,0.0,0,0,0,0.0,0.0,0.0,0.0,0.0,0.0,0.0,0.0,0.0,0.0,0.0,0.0,0.0,0.0,0.0,0.0,0,-107875648.0,63,0.0,126,2.7184242562605685e+23,-0.0,ERR,ERR,ERR,ERR,ERR,ERR,ERR,ERR,ERR,ERR,ERR,ERR,ERR,ERR,ERR,ERR,ERR,ERR,ERR,ERR,ERR,ERR,ERR,ERR,ERR,ERR,ERR,ERR,ERR,ERR,ERR,ERR,ERR,ERR,ERR,ERR,ERR,ERR,ERR,ERR,ERR,ERR,ERR,ERR,ERR,ERR,ERR,ERR,ERR,ERR,ERR,ERR,ERR,ERR,ERR,ERR,ERR,ERR,ERR,ERR,ERR,ERR,ERR,ERR,ERR,ERR,ERR,34.0,80.0,35,0.0,0.0,0.0,0.0,0.0,0.0,0.0,0.0,0.0,0.0,0.0,0.0,0.0,0.0,0.0,0.0,64.4,0,116,56,50,65476,0,300,0,0,8,20529,65476,0,0,57672,80.0,0.0,0.0,0.0,0.0,0.0
2026-06-17T04:18:24,ERR,ERR,ERR,ERR,ERR,ERR,ERR,ERR,ERR,ERR,ERR,ERR,ERR,ERR,ERR,ERR,ERR,ERR,ERR,ERR,ERR,ERR,ERR,ERR,ERR,ERR,ERR,ERR,ERR,ERR,ERR,ERR,ERR,ERR,ERR,ERR,ERR,ERR,ERR,ERR,ERR,ERR,ERR,ERR,ERR,ERR,ERR,ERR,ERR,ERR,ERR,ERR,ERR,ERR,ERR,ERR,ERR,ERR,ERR,ERR,ERR,ERR,ERR,ERR,ERR,ERR,ERR,ERR,ERR,ERR,ERR,ERR,ERR,ERR,ERR,ERR,ERR,ERR,ERR,ERR,ERR,ERR,ERR,ERR,ERR,ERR,ERR,ERR,ERR,ERR,ERR,ERR,ERR,ERR,ERR,ERR,ERR,ERR,ERR,ERR,ERR,ERR,ERR,ERR,ERR,ERR,ERR,ERR,ERR,ERR,ERR,ERR,ERR,ERR,ERR,ERR,ERR,ERR,ERR,ERR,ERR,ERR,ERR,ERR,ERR,0.0,0.0,0.0,0.0,0.0,1.3936040501711995e+18,7.805,0.0,0,0,4,0,7300,-0.0,0,0.0,0.0,0.0,0.0,0.0,0,0,0,0,0.0,0,0,0,0,0,0,0,0,0,0,0,0,0,0,0,0,0,0,0,0,0,0,0,0,0,0,0,0,0,0,0,0,0,32,30,30,62,65476,0,300,0,0,8,21553,0.0,-107605600.0,0.0,0.0,0.0,0.0,0.0,0.0,0.0,0.0,0.0,0.0,0.0,0.0,0.0,0.0,0.0,0.0,0.0,0.0,0.0,0.0,2.004,2.004,-0.0,0.0,0.0,0.0,0.0,0.0,5416.0,0.0,6948.0,0.0,0.0,-107615280.0,-0.0,0.0,0.0,0.0,0.0,63,2.718429300292151e+23,5.8480620214123924e+35,0.0,0.0,0.0,0.0,0.0,0.0,0.0,0,0,0,0.0,0.0,0.0,0.0,0.0,0.0,0.0,0.0,0.0,0.0,0.0,0.0,0.0,0.0,0.0,0.0,0,-107875648.0,63,0.0,126,2.7184242562605685e+23,-0.0,ERR,ERR,ERR,ERR,ERR,ERR,ERR,ERR,ERR,ERR,ERR,ERR,ERR,ERR,ERR,ERR,ERR,ERR,ERR,ERR,ERR,ERR,ERR,ERR,ERR,ERR,ERR,ERR,ERR,ERR,ERR,ERR,ERR,ERR,ERR,ERR,ERR,ERR,ERR,ERR,ERR,ERR,ERR,ERR,ERR,ERR,ERR,ERR,ERR,ERR,ERR,ERR,ERR,ERR,ERR,ERR,ERR,ERR,ERR,ERR,ERR,ERR,ERR,ERR,ERR,ERR,ERR,34.0,80.0,35,0.0,0.0,0.0,0.0,0.0,0.0,0.0,0.0,0.0,0.0,0.0,0.0,0.0,0.0,0.0,0.0,64.4,0,116,56,50,65476,0,300,0,0,8,20529,65476,0,0,57672,80.0,0.0,0.0,0.0,0.0,0.0
2026-06-17T04:18:25,ERR,ERR,ERR,ERR,ERR,ERR,ERR,ERR,ERR,ERR,ERR,ERR,ERR,ERR,ERR,ERR,ERR,ERR,ERR,ERR,ERR,ERR,ERR,ERR,ERR,ERR,ERR,ERR,ERR,ERR,ERR,ERR,ERR,ERR,ERR,ERR,ERR,ERR,ERR,ERR,ERR,ERR,ERR,ERR,ERR,ERR,ERR,ERR,ERR,ERR,ERR,ERR,ERR,ERR,ERR,ERR,ERR,ERR,ERR,ERR,ERR,ERR,ERR,ERR,ERR,ERR,ERR,ERR,ERR,ERR,ERR,ERR,ERR,ERR,ERR,ERR,ERR,ERR,ERR,ERR,ERR,ERR,ERR,ERR,ERR,ERR,ERR,ERR,ERR,ERR,ERR,ERR,ERR,ERR,ERR,ERR,ERR,ERR,ERR,ERR,ERR,ERR,ERR,ERR,ERR,ERR,ERR,ERR,ERR,ERR,ERR,ERR,ERR,ERR,ERR,ERR,ERR,ERR,ERR,ERR,ERR,ERR,ERR,ERR,ERR,0.0,0.0,0.0,0.0,0.0,1.3936040501711995e+18,7.805,0.0,0,0,4,0,7300,-0.0,0,0.0,0.0,0.0,0.0,0.0,0,0,0,0,0.0,0,0,0,0,0,0,0,0,0,0,0,0,0,0,0,0,0,0,0,0,0,0,0,0,0,0,0,0,0,0,0,0,0,32,30,30,62,65476,0,300,0,0,8,21553,0.0,-107605600.0,0.0,0.0,0.0,0.0,0.0,0.0,0.0,0.0,0.0,0.0,0.0,0.0,0.0,0.0,0.0,0.0,0.0,0.0,0.0,0.0,2.004,2.004,-0.0,0.0,0.0,0.0,0.0,0.0,5416.0,0.0,6948.0,0.0,0.0,-107615280.0,-0.0,0.0,0.0,0.0,0.0,63,2.718429300292151e+23,5.8480620214123924e+35,0.0,0.0,0.0,0.0,0.0,0.0,0.0,0,0,0,0.0,0.0,0.0,0.0,0.0,0.0,0.0,0.0,0.0,0.0,0.0,0.0,0.0,0.0,0.0,0.0,0,-107875648.0,63,0.0,126,2.7184242562605685e+23,-0.0,ERR,ERR,ERR,ERR,ERR,ERR,ERR,ERR,ERR,ERR,ERR,ERR,ERR,ERR,ERR,ERR,ERR,ERR,ERR,ERR,ERR,ERR,ERR,ERR,ERR,ERR,ERR,ERR,ERR,ERR,ERR,ERR,ERR,ERR,ERR,ERR,ERR,ERR,ERR,ERR,ERR,ERR,ERR,ERR,ERR,ERR,ERR,ERR,ERR,ERR,ERR,ERR,ERR,ERR,ERR,ERR,ERR,ERR,ERR,ERR,ERR,ERR,ERR,ERR,ERR,ERR,ERR,34.0,80.0,35,0.0,0.0,0.0,0.0,0.0,0.0,0.0,0.0,0.0,0.0,0.0,0.0,0.0,0.0,0.0,0.0,64.4,0,116,56,50,65476,0,300,0,0,8,20529,65476,0,0,57672,80.0,0.0,0.0,0.0,0.0,0.0
2026-06-17T04:18:26,ERR,ERR,ERR,ERR,ERR,ERR,ERR,ERR,ERR,ERR,ERR,ERR,ERR,ERR,ERR,ERR,ERR,ERR,ERR,ERR,ERR,ERR,ERR,ERR,ERR,ERR,ERR,ERR,ERR,ERR,ERR,ERR,ERR,ERR,ERR,ERR,ERR,ERR,ERR,ERR,ERR,ERR,ERR,ERR,ERR,ERR,ERR,ERR,ERR,ERR,ERR,ERR,ERR,ERR,ERR,ERR,ERR,ERR,ERR,ERR,ERR,ERR,ERR,ERR,ERR,ERR,ERR,ERR,ERR,ERR,ERR,ERR,ERR,ERR,ERR,ERR,ERR,ERR,ERR,ERR,ERR,ERR,ERR,ERR,ERR,ERR,ERR,ERR,ERR,ERR,ERR,ERR,ERR,ERR,ERR,ERR,ERR,ERR,ERR,ERR,ERR,ERR,ERR,ERR,ERR,ERR,ERR,ERR,ERR,ERR,ERR,ERR,ERR,ERR,ERR,ERR,ERR,ERR,ERR,ERR,ERR,ERR,ERR,ERR,ERR,0.0,0.0,0.0,0.0,0.0,1.3936040501711995e+18,7.805,0.0,0,0,4,0,7300,-0.0,0,0.0,0.0,0.0,0.0,0.0,0,0,0,0,0.0,0,0,0,0,0,0,0,0,0,0,0,0,0,0,0,0,0,0,0,0,0,0,0,0,0,0,0,0,0,0,0,0,0,32,30,30,62,65476,0,300,0,0,8,21553,0.0,-107605600.0,0.0,0.0,0.0,0.0,0.0,0.0,0.0,0.0,0.0,0.0,0.0,0.0,0.0,0.0,0.0,0.0,0.0,0.0,0.0,0.0,2.004,2.004,-0.0,0.0,0.0,0.0,0.0,0.0,5416.0,0.0,6948.0,0.0,0.0,-107615280.0,-0.0,0.0,0.0,0.0,0.0,63,2.718429300292151e+23,5.8480620214123924e+35,0.0,0.0,0.0,0.0,0.0,0.0,0.0,0,0,0,0.0,0.0,0.0,0.0,0.0,0.0,0.0,0.0,0.0,0.0,0.0,0.0,0.0,0.0,0.0,0.0,0,-107875648.0,63,0.0,126,2.7184242562605685e+23,-0.0,ERR,ERR,ERR,ERR,ERR,ERR,ERR,ERR,ERR,ERR,ERR,ERR,ERR,ERR,ERR,ERR,ERR,ERR,ERR,ERR,ERR,ERR,ERR,ERR,ERR,ERR,ERR,ERR,ERR,ERR,ERR,ERR,ERR,ERR,ERR,ERR,ERR,ERR,ERR,ERR,ERR,ERR,ERR,ERR,ERR,ERR,ERR,ERR,ERR,ERR,ERR,ERR,ERR,ERR,ERR,ERR,ERR,ERR,ERR,ERR,ERR,ERR,ERR,ERR,ERR,ERR,ERR,34.0,80.0,35,0.0,0.0,0.0,0.0,0.0,0.0,0.0,0.0,0.0,0.0,0.0,0.0,0.0,0.0,0.0,0.0,64.4,0,116,56,50,65476,0,300,0,0,8,20529,65476,0,0,57672,80.0,0.0,0.0,0.0,0.0,0.0
2026-06-17T04:18:27,ERR,ERR,ERR,ERR,ERR,ERR,ERR,ERR,ERR,ERR,ERR,ERR,ERR,ERR,ERR,ERR,ERR,ERR,ERR,ERR,ERR,ERR,ERR,ERR,ERR,ERR,ERR,ERR,ERR,ERR,ERR,ERR,ERR,ERR,ERR,ERR,ERR,ERR,ERR,ERR,ERR,ERR,ERR,ERR,ERR,ERR,ERR,ERR,ERR,ERR,ERR,ERR,ERR,ERR,ERR,ERR,ERR,ERR,ERR,ERR,ERR,ERR,ERR,ERR,ERR,ERR,ERR,ERR,ERR,ERR,ERR,ERR,ERR,ERR,ERR,ERR,ERR,ERR,ERR,ERR,ERR,ERR,ERR,ERR,ERR,ERR,ERR,ERR,ERR,ERR,ERR,ERR,ERR,ERR,ERR,ERR,ERR,ERR,ERR,ERR,ERR,ERR,ERR,ERR,ERR,ERR,ERR,ERR,ERR,ERR,ERR,ERR,ERR,ERR,ERR,ERR,ERR,ERR,ERR,ERR,ERR,ERR,ERR,ERR,ERR,0.0,0.0,0.0,0.0,0.0,1.3936040501711995e+18,7.805,0.0,0,0,4,0,7300,-0.0,0,0.0,0.0,0.0,0.0,0.0,0,0,0,0,0.0,0,0,0,0,0,0,0,0,0,0,0,0,0,0,0,0,0,0,0,0,0,0,0,0,0,0,0,0,0,0,0,0,0,32,30,30,62,65476,0,300,0,0,8,21553,0.0,-107605600.0,0.0,0.0,0.0,0.0,0.0,0.0,0.0,0.0,0.0,0.0,0.0,0.0,0.0,0.0,0.0,0.0,0.0,0.0,0.0,0.0,2.004,2.004,-0.0,-2.004,0.0,0.0,0.0,0.0,5417.0,0.0,6947.0,0.0,0.0,-107615280.0,-0.0,0.0,0.0,0.0,0.0,63,3.222027116945945e+26,-0.0,0.0,0.0,0.0,0.0,0.0,0.0,0.0,0,0,0,0.0,0.0,0.0,0.0,0.0,0.0,0.0,0.0,0.0,0.0,0.0,0.0,0.0,0.0,0.0,0.0,0,-107875648.0,63,0.0,126,2.7184242562605685e+23,-0.0,ERR,ERR,ERR,ERR,ERR,ERR,ERR,ERR,ERR,ERR,ERR,ERR,ERR,ERR,ERR,ERR,ERR,ERR,ERR,ERR,ERR,ERR,ERR,ERR,ERR,ERR,ERR,ERR,ERR,ERR,ERR,ERR,ERR,ERR,ERR,ERR,ERR,ERR,ERR,ERR,ERR,ERR,ERR,ERR,ERR,ERR,ERR,ERR,ERR,ERR,ERR,ERR,ERR,ERR,ERR,ERR,ERR,ERR,ERR,ERR,ERR,ERR,ERR,ERR,ERR,ERR,ERR,34.0,80.0,35,0.0,0.0,0.0,0.0,0.0,0.0,0.0,0.0,0.0,0.0,0.0,0.0,0.0,0.0,0.0,0.0,64.4,0,116,56,50,65476,0,300,0,0,8,20529,65476,0,0,57672,80.0,0.0,0.0,0.0,0.0,0.0
2026-06-17T04:18:28,ERR,ERR,ERR,ERR,ERR,ERR,ERR,ERR,ERR,ERR,ERR,ERR,ERR,ERR,ERR,ERR,ERR,ERR,ERR,ERR,ERR,ERR,ERR,ERR,ERR,ERR,ERR,ERR,ERR,ERR,ERR,ERR,ERR,ERR,ERR,ERR,ERR,ERR,ERR,ERR,ERR,ERR,ERR,ERR,ERR,ERR,ERR,ERR,ERR,ERR,ERR,ERR,ERR,ERR,ERR,ERR,ERR,ERR,ERR,ERR,ERR,ERR,ERR,ERR,ERR,ERR,ERR,ERR,ERR,ERR,ERR,ERR,ERR,ERR,ERR,ERR,ERR,ERR,ERR,ERR,ERR,ERR,ERR,ERR,ERR,ERR,ERR,ERR,ERR,ERR,ERR,ERR,ERR,ERR,ERR,ERR,ERR,ERR,ERR,ERR,ERR,ERR,ERR,ERR,ERR,ERR,ERR,ERR,ERR,ERR,ERR,ERR,ERR,ERR,ERR,ERR,ERR,ERR,ERR,ERR,ERR,ERR,ERR,ERR,ERR,0.0,0.0,0.0,0.0,0.0,1.3936040501711995e+18,7.805,0.0,0,0,4,0,7300,-0.0,0,0.0,0.0,0.0,0.0,0.0,0,0,0,0,0.0,0,0,0,0,0,0,0,0,0,0,0,0,0,0,0,0,0,0,0,0,0,0,0,0,0,0,0,0,0,0,0,0,0,32,30,30,62,65476,0,300,0,0,8,21553,0.0,-107605600.0,0.0,0.0,0.0,0.0,0.0,0.0,0.0,0.0,0.0,0.0,0.0,0.0,0.0,0.0,0.0,0.0,0.0,0.0,0.0,0.0,2.004,2.004,-0.0,-2.004,0.0,0.0,0.0,0.0,5417.0,0.0,6947.0,0.0,0.0,-107615280.0,-0.0,0.0,0.0,0.0,0.0,63,3.222027116945945e+26,-0.0,0.0,0.0,0.0,0.0,0.0,0.0,0.0,0,0,0,0.0,0.0,0.0,0.0,0.0,0.0,0.0,0.0,0.0,0.0,0.0,0.0,0.0,0.0,0.0,0.0,0,-107875648.0,63,0.0,126,2.7184242562605685e+23,-0.0,ERR,ERR,ERR,ERR,ERR,ERR,ERR,ERR,ERR,ERR,ERR,ERR,ERR,ERR,ERR,ERR,ERR,ERR,ERR,ERR,ERR,ERR,ERR,ERR,ERR,ERR,ERR,ERR,ERR,ERR,ERR,ERR,ERR,ERR,ERR,ERR,ERR,ERR,ERR,ERR,ERR,ERR,ERR,ERR,ERR,ERR,ERR,ERR,ERR,ERR,ERR,ERR,ERR,ERR,ERR,ERR,ERR,ERR,ERR,ERR,ERR,ERR,ERR,ERR,ERR,ERR,ERR,34.0,80.0,35,0.0,0.0,0.0,0.0,0.0,0.0,0.0,0.0,0.0,0.0,0.0,0.0,0.0,0.0,0.0,0.0,64.4,0,116,56,50,65476,0,300,0,0,8,20529,65476,0,0,57672,80.0,0.0,0.0,0.0,0.0,0.0
2026-06-17T04:18:29,ERR,ERR,ERR,ERR,ERR,ERR,ERR,ERR,ERR,ERR,ERR,ERR,ERR,ERR,ERR,ERR,ERR,ERR,ERR,ERR,ERR,ERR,ERR,ERR,ERR,ERR,ERR,ERR,ERR,ERR,ERR,ERR,ERR,ERR,ERR,ERR,ERR,ERR,ERR,ERR,ERR,ERR,ERR,ERR,ERR,ERR,ERR,ERR,ERR,ERR,ERR,ERR,ERR,ERR,ERR,ERR,ERR,ERR,ERR,ERR,ERR,ERR,ERR,ERR,ERR,ERR,ERR,ERR,ERR,ERR,ERR,ERR,ERR,ERR,ERR,ERR,ERR,ERR,ERR,ERR,ERR,ERR,ERR,ERR,ERR,ERR,ERR,ERR,ERR,ERR,ERR,ERR,ERR,ERR,ERR,ERR,ERR,ERR,ERR,ERR,ERR,ERR,ERR,ERR,ERR,ERR,ERR,ERR,ERR,ERR,ERR,ERR,ERR,ERR,ERR,ERR,ERR,ERR,ERR,ERR,ERR,ERR,ERR,ERR,ERR,0.0,0.0,0.0,0.0,0.0,1.3936040501711995e+18,7.805,0.0,0,0,4,0,7300,-0.0,0,0.0,0.0,0.0,0.0,0.0,0,0,0,0,0.0,0,0,0,0,0,0,0,0,0,0,0,0,0,0,0,0,0,0,0,0,0,0,0,0,0,0,0,0,0,0,0,0,0,32,30,30,62,65476,0,300,0,0,8,21553,0.0,-107605600.0,0.0,0.0,0.0,0.0,0.0,0.0,0.0,0.0,0.0,0.0,0.0,0.0,0.0,0.0,0.0,0.0,0.0,0.0,0.0,0.0,2.004,2.004,-0.0,-2.004,0.0,0.0,0.0,0.0,5417.0,0.0,6947.0,0.0,0.0,-107615280.0,-0.0,0.0,0.0,0.0,0.0,63,3.222027116945945e+26,-0.0,0.0,0.0,0.0,0.0,0.0,0.0,0.0,0,0,0,0.0,0.0,0.0,0.0,0.0,0.0,0.0,0.0,0.0,0.0,0.0,0.0,0.0,0.0,0.0,0.0,0,-107875648.0,63,0.0,126,2.7184242562605685e+23,-0.0,ERR,ERR,ERR,ERR,ERR,ERR,ERR,ERR,ERR,ERR,ERR,ERR,ERR,ERR,ERR,ERR,ERR,ERR,ERR,ERR,ERR,ERR,ERR,ERR,ERR,ERR,ERR,ERR,ERR,ERR,ERR,ERR,ERR,ERR,ERR,ERR,ERR,ERR,ERR,ERR,ERR,ERR,ERR,ERR,ERR,ERR,ERR,ERR,ERR,ERR,ERR,ERR,ERR,ERR,ERR,ERR,ERR,ERR,ERR,ERR,ERR,ERR,ERR,ERR,ERR,ERR,ERR,34.0,80.0,35,0.0,0.0,0.0,0.0,0.0,0.0,0.0,0.0,0.0,0.0,0.0,0.0,0.0,0.0,0.0,0.0,64.4,0,116,56,50,65476,0,300,0,0,8,20529,65476,0,0,57672,80.0,0.0,0.0,0.0,0.0,0.0
2026-06-17T04:18:30,ERR,ERR,ERR,ERR,ERR,ERR,ERR,ERR,ERR,ERR,ERR,ERR,ERR,ERR,ERR,ERR,ERR,ERR,ERR,ERR,ERR,ERR,ERR,ERR,ERR,ERR,ERR,ERR,ERR,ERR,ERR,ERR,ERR,ERR,ERR,ERR,ERR,ERR,ERR,ERR,ERR,ERR,ERR,ERR,ERR,ERR,ERR,ERR,ERR,ERR,ERR,ERR,ERR,ERR,ERR,ERR,ERR,ERR,ERR,ERR,ERR,ERR,ERR,ERR,ERR,ERR,ERR,ERR,ERR,ERR,ERR,ERR,ERR,ERR,ERR,ERR,ERR,ERR,ERR,ERR,ERR,ERR,ERR,ERR,ERR,ERR,ERR,ERR,ERR,ERR,ERR,ERR,ERR,ERR,ERR,ERR,ERR,ERR,ERR,ERR,ERR,ERR,ERR,ERR,ERR,ERR,ERR,ERR,ERR,ERR,ERR,ERR,ERR,ERR,ERR,ERR,ERR,ERR,ERR,ERR,ERR,ERR,ERR,ERR,ERR,0.0,0.0,0.0,0.0,0.0,1.3936040501711995e+18,7.805,0.0,0,0,4,0,7300,-0.0,0,0.0,0.0,0.0,0.0,0.0,0,0,0,0,0.0,0,0,0,0,0,0,0,0,0,0,0,0,0,0,0,0,0,0,0,0,0,0,0,0,0,0,0,0,0,0,0,0,0,32,30,30,62,65476,0,300,0,0,8,21553,0.0,-107605600.0,0.0,0.0,0.0,0.0,0.0,0.0,0.0,0.0,0.0,0.0,0.0,0.0,0.0,0.0,0.0,0.0,0.0,0.0,0.0,0.0,2.004,2.004,-0.0,-2.004,0.0,0.0,0.0,0.0,5417.0,0.0,6947.0,0.0,0.0,-107615280.0,-0.0,0.0,0.0,0.0,0.0,63,3.222027116945945e+26,-0.0,0.0,0.0,0.0,0.0,0.0,0.0,0.0,0,0,0,0.0,0.0,0.0,0.0,0.0,0.0,0.0,0.0,0.0,0.0,0.0,0.0,0.0,0.0,0.0,0.0,0,-107875648.0,63,0.0,126,2.7184242562605685e+23,-0.0,ERR,ERR,ERR,ERR,ERR,ERR,ERR,ERR,ERR,ERR,ERR,ERR,ERR,ERR,ERR,ERR,ERR,ERR,ERR,ERR,ERR,ERR,ERR,ERR,ERR,ERR,ERR,ERR,ERR,ERR,ERR,ERR,ERR,ERR,ERR,ERR,ERR,ERR,ERR,ERR,ERR,ERR,ERR,ERR,ERR,ERR,ERR,ERR,ERR,ERR,ERR,ERR,ERR,ERR,ERR,ERR,ERR,ERR,ERR,ERR,ERR,ERR,ERR,ERR,ERR,ERR,ERR,34.0,80.0,35,0.0,0.0,0.0,0.0,0.0,0.0,0.0,0.0,0.0,0.0,0.0,0.0,0.0,0.0,0.0,0.0,64.4,0,116,56,50,65476,0,300,0,0,8,20529,65476,0,0,57672,80.0,0.0,0.0,0.0,0.0,0.0
2026-06-17T04:18:31,ERR,ERR,ERR,ERR,ERR,ERR,ERR,ERR,ERR,ERR,ERR,ERR,ERR,ERR,ERR,ERR,ERR,ERR,ERR,ERR,ERR,ERR,ERR,ERR,ERR,ERR,ERR,ERR,ERR,ERR,ERR,ERR,ERR,ERR,ERR,ERR,ERR,ERR,ERR,ERR,ERR,ERR,ERR,ERR,ERR,ERR,ERR,ERR,ERR,ERR,ERR,ERR,ERR,ERR,ERR,ERR,ERR,ERR,ERR,ERR,ERR,ERR,ERR,ERR,ERR,ERR,ERR,ERR,ERR,ERR,ERR,ERR,ERR,ERR,ERR,ERR,ERR,ERR,ERR,ERR,ERR,ERR,ERR,ERR,ERR,ERR,ERR,ERR,ERR,ERR,ERR,ERR,ERR,ERR,ERR,ERR,ERR,ERR,ERR,ERR,ERR,ERR,ERR,ERR,ERR,ERR,ERR,ERR,ERR,ERR,ERR,ERR,ERR,ERR,ERR,ERR,ERR,ERR,ERR,ERR,ERR,ERR,ERR,ERR,ERR,0.0,0.0,0.0,0.0,0.0,1.3936040501711995e+18,7.805,0.0,0,0,4,0,7300,-0.0,0,0.0,0.0,0.0,0.0,0.0,0,0,0,0,0.0,0,0,0,0,0,0,0,0,0,0,0,0,0,0,0,0,0,0,0,0,0,0,0,0,0,0,0,0,0,0,0,0,0,32,30,30,62,65476,0,300,0,0,8,21553,0.0,-107605600.0,0.0,0.0,0.0,0.0,0.0,0.0,0.0,0.0,0.0,0.0,0.0,0.0,0.0,0.0,0.0,0.0,0.0,0.0,0.0,0.0,2.004,2.004,-0.0,-2.004,0.0,0.0,0.0,0.0,5417.0,0.0,6947.0,0.0,0.0,-107615280.0,-0.0,0.0,0.0,0.0,0.0,63,3.222027116945945e+26,-0.0,0.0,0.0,0.0,0.0,0.0,0.0,0.0,0,0,0,0.0,0.0,0.0,0.0,0.0,0.0,0.0,0.0,0.0,0.0,0.0,0.0,0.0,0.0,0.0,0.0,0,-107875648.0,63,0.0,126,2.7184242562605685e+23,-0.0,ERR,ERR,ERR,ERR,ERR,ERR,ERR,ERR,ERR,ERR,ERR,ERR,ERR,ERR,ERR,ERR,ERR,ERR,ERR,ERR,ERR,ERR,ERR,ERR,ERR,ERR,ERR,ERR,ERR,ERR,ERR,ERR,ERR,ERR,ERR,ERR,ERR,ERR,ERR,ERR,ERR,ERR,ERR,ERR,ERR,ERR,ERR,ERR,ERR,ERR,ERR,ERR,ERR,ERR,ERR,ERR,ERR,ERR,ERR,ERR,ERR,ERR,ERR,ERR,ERR,ERR,ERR,34.0,80.0,35,0.0,0.0,0.0,0.0,0.0,0.0,0.0,0.0,0.0,0.0,0.0,0.0,0.0,0.0,0.0,0.0,64.4,0,116,56,50,65476,0,300,0,0,8,20529,65476,0,0,57672,80.0,0.0,0.0,0.0,0.0,0.0
2026-06-17T04:18:32,ERR,ERR,ERR,ERR,ERR,ERR,ERR,ERR,ERR,ERR,ERR,ERR,ERR,ERR,ERR,ERR,ERR,ERR,ERR,ERR,ERR,ERR,ERR,ERR,ERR,ERR,ERR,ERR,ERR,ERR,ERR,ERR,ERR,ERR,ERR,ERR,ERR,ERR,ERR,ERR,ERR,ERR,ERR,ERR,ERR,ERR,ERR,ERR,ERR,ERR,ERR,ERR,ERR,ERR,ERR,ERR,ERR,ERR,ERR,ERR,ERR,ERR,ERR,ERR,ERR,ERR,ERR,ERR,ERR,ERR,ERR,ERR,ERR,ERR,ERR,ERR,ERR,ERR,ERR,ERR,ERR,ERR,ERR,ERR,ERR,ERR,ERR,ERR,ERR,ERR,ERR,ERR,ERR,ERR,ERR,ERR,ERR,ERR,ERR,ERR,ERR,ERR,ERR,ERR,ERR,ERR,ERR,ERR,ERR,ERR,ERR,ERR,ERR,ERR,ERR,ERR,ERR,ERR,ERR,ERR,ERR,ERR,ERR,ERR,ERR,0.0,0.0,0.0,0.0,0.0,1.3936040501711995e+18,7.805,0.0,0,0,4,0,7300,-0.0,0,0.0,0.0,0.0,0.0,0.0,0,0,0,0,0.0,0,0,0,0,0,0,0,0,0,0,0,0,0,0,0,0,0,0,0,0,0,0,0,0,0,0,0,0,0,0,0,0,0,32,30,30,62,65476,0,300,0,0,8,21553,0.0,-107605600.0,0.0,0.0,0.0,0.0,0.0,0.0,0.0,0.0,0.0,0.0,0.0,0.0,0.0,0.0,0.0,0.0,0.0,0.0,0.0,0.0,2.004,2.004,-0.0,-2.004,0.0,0.0,0.0,0.0,5417.0,0.0,6947.0,0.0,0.0,-107615280.0,-0.0,0.0,0.0,0.0,0.0,63,3.222027116945945e+26,-0.0,0.0,0.0,0.0,0.0,0.0,0.0,0.0,0,0,0,0.0,0.0,0.0,0.0,0.0,0.0,0.0,0.0,0.0,0.0,0.0,0.0,0.0,0.0,0.0,0.0,0,-107875648.0,63,0.0,126,2.7184242562605685e+23,-0.0,ERR,ERR,ERR,ERR,ERR,ERR,ERR,ERR,ERR,ERR,ERR,ERR,ERR,ERR,ERR,ERR,ERR,ERR,ERR,ERR,ERR,ERR,ERR,ERR,ERR,ERR,ERR,ERR,ERR,ERR,ERR,ERR,ERR,ERR,ERR,ERR,ERR,ERR,ERR,ERR,ERR,ERR,ERR,ERR,ERR,ERR,ERR,ERR,ERR,ERR,ERR,ERR,ERR,ERR,ERR,ERR,ERR,ERR,ERR,ERR,ERR,ERR,ERR,ERR,ERR,ERR,ERR,34.0,80.0,35,0.0,0.0,0.0,0.0,0.0,0.0,0.0,0.0,0.0,0.0,0.0,0.0,0.0,0.0,0.0,0.0,64.4,0,116,56,50,65476,0,300,0,0,8,20529,65476,0,0,57672,80.0,0.0,0.0,0.0,0.0,0.0
2026-06-17T04:18:33,ERR,ERR,ERR,ERR,ERR,ERR,ERR,ERR,ERR,ERR,ERR,ERR,ERR,ERR,ERR,ERR,ERR,ERR,ERR,ERR,ERR,ERR,ERR,ERR,ERR,ERR,ERR,ERR,ERR,ERR,ERR,ERR,ERR,ERR,ERR,ERR,ERR,ERR,ERR,ERR,ERR,ERR,ERR,ERR,ERR,ERR,ERR,ERR,ERR,ERR,ERR,ERR,ERR,ERR,ERR,ERR,ERR,ERR,ERR,ERR,ERR,ERR,ERR,ERR,ERR,ERR,ERR,ERR,ERR,ERR,ERR,ERR,ERR,ERR,ERR,ERR,ERR,ERR,ERR,ERR,ERR,ERR,ERR,ERR,ERR,ERR,ERR,ERR,ERR,ERR,ERR,ERR,ERR,ERR,ERR,ERR,ERR,ERR,ERR,ERR,ERR,ERR,ERR,ERR,ERR,ERR,ERR,ERR,ERR,ERR,ERR,ERR,ERR,ERR,ERR,ERR,ERR,ERR,ERR,ERR,ERR,ERR,ERR,ERR,ERR,0.0,0.0,0.0,0.0,0.0,1.3936040501711995e+18,7.805,0.0,0,0,4,0,7300,-0.0,0,0.0,0.0,0.0,0.0,0.0,0,0,0,0,0.0,0,0,0,0,0,0,0,0,0,0,0,0,0,0,0,0,0,0,0,0,0,0,0,0,0,0,0,0,0,0,0,0,0,32,30,30,62,65476,0,300,0,0,8,21553,0.0,-107605600.0,0.0,0.0,0.0,0.0,0.0,0.0,0.0,0.0,0.0,0.0,0.0,0.0,0.0,0.0,0.0,0.0,0.0,0.0,0.0,0.0,2.004,2.004,-0.0,0.0,0.0,0.0,0.0,0.0,5417.0,3.697191851085162e+19,6957.0,0.0,0.0,-107615280.0,-107615328.0,0.0,0.0,0.0,0.0,63,3.222027116945945e+26,-152017548869632.0,0.0,0.0,0.0,0.0,0.0,0.0,0.0,0,0,0,0.0,0.0,0.0,0.0,0.0,0.0,0.0,0.0,0.0,0.0,0.0,0.0,0.0,0.0,0.0,0.0,0,-107875648.0,63,0.0,126,2.7184242562605685e+23,-0.0,ERR,ERR,ERR,ERR,ERR,ERR,ERR,ERR,ERR,ERR,ERR,ERR,ERR,ERR,ERR,ERR,ERR,ERR,ERR,ERR,ERR,ERR,ERR,ERR,ERR,ERR,ERR,ERR,ERR,ERR,ERR,ERR,ERR,ERR,ERR,ERR,ERR,ERR,ERR,ERR,ERR,ERR,ERR,ERR,ERR,ERR,ERR,ERR,ERR,ERR,ERR,ERR,ERR,ERR,ERR,ERR,ERR,ERR,ERR,ERR,ERR,ERR,ERR,ERR,ERR,ERR,ERR,34.0,80.0,35,0.0,0.0,0.0,0.0,0.0,0.0,0.0,0.0,0.0,0.0,0.0,0.0,0.0,0.0,0.0,0.0,64.4,0,116,56,50,65476,0,300,0,0,8,20529,65476,0,0,57672,80.0,0.0,0.0,0.0,0.0,0.0
2026-06-17T04:18:34,ERR,ERR,ERR,ERR,ERR,ERR,ERR,ERR,ERR,ERR,ERR,ERR,ERR,ERR,ERR,ERR,ERR,ERR,ERR,ERR,ERR,ERR,ERR,ERR,ERR,ERR,ERR,ERR,ERR,ERR,ERR,ERR,ERR,ERR,ERR,ERR,ERR,ERR,ERR,ERR,ERR,ERR,ERR,ERR,ERR,ERR,ERR,ERR,ERR,ERR,ERR,ERR,ERR,ERR,ERR,ERR,ERR,ERR,ERR,ERR,ERR,ERR,ERR,ERR,ERR,ERR,ERR,ERR,ERR,ERR,ERR,ERR,ERR,ERR,ERR,ERR,ERR,ERR,ERR,ERR,ERR,ERR,ERR,ERR,ERR,ERR,ERR,ERR,ERR,ERR,ERR,ERR,ERR,ERR,ERR,ERR,ERR,ERR,ERR,ERR,ERR,ERR,ERR,ERR,ERR,ERR,ERR,ERR,ERR,ERR,ERR,ERR,ERR,ERR,ERR,ERR,ERR,ERR,ERR,ERR,ERR,ERR,ERR,ERR,ERR,0.0,0.0,0.0,0.0,0.0,1.3936040501711995e+18,7.805,0.0,0,0,4,0,7300,-0.0,0,0.0,0.0,0.0,0.0,0.0,0,0,0,0,0.0,0,0,0,0,0,0,0,0,0,0,0,0,0,0,0,0,0,0,0,0,0,0,0,0,0,0,0,0,0,0,0,0,0,32,30,30,62,65476,0,300,0,0,8,21553,0.0,-107605600.0,0.0,0.0,0.0,0.0,0.0,0.0,0.0,0.0,0.0,0.0,0.0,0.0,0.0,0.0,0.0,0.0,0.0,0.0,0.0,0.0,2.004,2.004,-0.0,0.0,0.0,0.0,0.0,0.0,5417.0,3.697191851085162e+19,6957.0,0.0,0.0,-107615280.0,-107615328.0,0.0,0.0,0.0,0.0,63,3.222027116945945e+26,-152017548869632.0,0.0,0.0,0.0,0.0,0.0,0.0,0.0,0,0,0,0.0,0.0,0.0,0.0,0.0,0.0,0.0,0.0,0.0,0.0,0.0,0.0,0.0,0.0,0.0,0.0,0,-107875648.0,63,0.0,126,2.7184242562605685e+23,-0.0,ERR,ERR,ERR,ERR,ERR,ERR,ERR,ERR,ERR,ERR,ERR,ERR,ERR,ERR,ERR,ERR,ERR,ERR,ERR,ERR,ERR,ERR,ERR,ERR,ERR,ERR,ERR,ERR,ERR,ERR,ERR,ERR,ERR,ERR,ERR,ERR,ERR,ERR,ERR,ERR,ERR,ERR,ERR,ERR,ERR,ERR,ERR,ERR,ERR,ERR,ERR,ERR,ERR,ERR,ERR,ERR,ERR,ERR,ERR,ERR,ERR,ERR,ERR,ERR,ERR,ERR,ERR,34.0,80.0,35,0.0,0.0,0.0,0.0,0.0,0.0,0.0,0.0,0.0,0.0,0.0,0.0,0.0,0.0,0.0,0.0,64.4,0,116,56,50,65476,0,300,0,0,8,20529,65476,0,0,57672,80.0,0.0,0.0,0.0,0.0,0.0
2026-06-17T04:18:35,ERR,ERR,ERR,ERR,ERR,ERR,ERR,ERR,ERR,ERR,ERR,ERR,ERR,ERR,ERR,ERR,ERR,ERR,ERR,ERR,ERR,ERR,ERR,ERR,ERR,ERR,ERR,ERR,ERR,ERR,ERR,ERR,ERR,ERR,ERR,ERR,ERR,ERR,ERR,ERR,ERR,ERR,ERR,ERR,ERR,ERR,ERR,ERR,ERR,ERR,ERR,ERR,ERR,ERR,ERR,ERR,ERR,ERR,ERR,ERR,ERR,ERR,ERR,ERR,ERR,ERR,ERR,ERR,ERR,ERR,ERR,ERR,ERR,ERR,ERR,ERR,ERR,ERR,ERR,ERR,ERR,ERR,ERR,ERR,ERR,ERR,ERR,ERR,ERR,ERR,ERR,ERR,ERR,ERR,ERR,ERR,ERR,ERR,ERR,ERR,ERR,ERR,ERR,ERR,ERR,ERR,ERR,ERR,ERR,ERR,ERR,ERR,ERR,ERR,ERR,ERR,ERR,ERR,ERR,ERR,ERR,ERR,ERR,ERR,ERR,0.0,0.0,0.0,0.0,0.0,1.3936040501711995e+18,7.805,0.0,0,0,4,0,7300,-0.0,0,0.0,0.0,0.0,0.0,0.0,0,0,0,0,0.0,0,0,0,0,0,0,0,0,0,0,0,0,0,0,0,0,0,0,0,0,0,0,0,0,0,0,0,0,0,0,0,0,0,32,30,30,62,65476,0,300,0,0,8,21553,0.0,-107605600.0,0.0,0.0,0.0,0.0,0.0,0.0,0.0,0.0,0.0,0.0,0.0,0.0,0.0,0.0,0.0,0.0,0.0,0.0,0.0,0.0,2.004,2.004,-0.0,0.0,0.0,0.0,0.0,0.0,5417.0,3.697191851085162e+19,6957.0,0.0,0.0,-107615280.0,-107615328.0,0.0,0.0,0.0,0.0,63,3.222027116945945e+26,-152017548869632.0,0.0,0.0,0.0,0.0,0.0,0.0,0.0,0,0,0,0.0,0.0,0.0,0.0,0.0,0.0,0.0,0.0,0.0,0.0,0.0,0.0,0.0,0.0,0.0,0.0,0,-107875648.0,63,0.0,126,2.7184242562605685e+23,-0.0,ERR,ERR,ERR,ERR,ERR,ERR,ERR,ERR,ERR,ERR,ERR,ERR,ERR,ERR,ERR,ERR,ERR,ERR,ERR,ERR,ERR,ERR,ERR,ERR,ERR,ERR,ERR,ERR,ERR,ERR,ERR,ERR,ERR,ERR,ERR,ERR,ERR,ERR,ERR,ERR,ERR,ERR,ERR,ERR,ERR,ERR,ERR,ERR,ERR,ERR,ERR,ERR,ERR,ERR,ERR,ERR,ERR,ERR,ERR,ERR,ERR,ERR,ERR,ERR,ERR,ERR,ERR,34.0,80.0,35,0.0,0.0,0.0,0.0,0.0,0.0,0.0,0.0,0.0,0.0,0.0,0.0,0.0,0.0,0.0,0.0,64.4,0,116,56,50,65476,0,300,0,0,8,20529,65476,0,0,57672,80.0,0.0,0.0,0.0,0.0,0.0
2026-06-17T04:18:36,ERR,ERR,ERR,ERR,ERR,ERR,ERR,ERR,ERR,ERR,ERR,ERR,ERR,ERR,ERR,ERR,ERR,ERR,ERR,ERR,ERR,ERR,ERR,ERR,ERR,ERR,ERR,ERR,ERR,ERR,ERR,ERR,ERR,ERR,ERR,ERR,ERR,ERR,ERR,ERR,ERR,ERR,ERR,ERR,ERR,ERR,ERR,ERR,ERR,ERR,ERR,ERR,ERR,ERR,ERR,ERR,ERR,ERR,ERR,ERR,ERR,ERR,ERR,ERR,ERR,ERR,ERR,ERR,ERR,ERR,ERR,ERR,ERR,ERR,ERR,ERR,ERR,ERR,ERR,ERR,ERR,ERR,ERR,ERR,ERR,ERR,ERR,ERR,ERR,ERR,ERR,ERR,ERR,ERR,ERR,ERR,ERR,ERR,ERR,ERR,ERR,ERR,ERR,ERR,ERR,ERR,ERR,ERR,ERR,ERR,ERR,ERR,ERR,ERR,ERR,ERR,ERR,ERR,ERR,ERR,ERR,ERR,ERR,ERR,ERR,0.0,0.0,0.0,0.0,0.0,1.3936040501711995e+18,7.805,0.0,0,0,4,0,7300,-0.0,0,0.0,0.0,0.0,0.0,0.0,0,0,0,0,0.0,0,0,0,0,0,0,0,0,0,0,0,0,0,0,0,0,0,0,0,0,0,0,0,0,0,0,0,0,0,0,0,0,0,32,30,30,62,65476,0,300,0,0,8,21553,0.0,-107605600.0,0.0,0.0,0.0,0.0,0.0,0.0,0.0,0.0,0.0,0.0,0.0,0.0,0.0,0.0,0.0,0.0,0.0,0.0,0.0,0.0,2.004,2.004,-0.0,0.0,0.0,0.0,0.0,0.0,5417.0,3.697191851085162e+19,6957.0,0.0,0.0,-107615280.0,-107615328.0,0.0,0.0,0.0,0.0,63,3.222027116945945e+26,-152017548869632.0,0.0,0.0,0.0,0.0,0.0,0.0,0.0,0,0,0,0.0,0.0,0.0,0.0,0.0,0.0,0.0,0.0,0.0,0.0,0.0,0.0,0.0,0.0,0.0,0.0,0,-107875648.0,63,0.0,126,2.7184242562605685e+23,-0.0,ERR,ERR,ERR,ERR,ERR,ERR,ERR,ERR,ERR,ERR,ERR,ERR,ERR,ERR,ERR,ERR,ERR,ERR,ERR,ERR,ERR,ERR,ERR,ERR,ERR,ERR,ERR,ERR,ERR,ERR,ERR,ERR,ERR,ERR,ERR,ERR,ERR,ERR,ERR,ERR,ERR,ERR,ERR,ERR,ERR,ERR,ERR,ERR,ERR,ERR,ERR,ERR,ERR,ERR,ERR,ERR,ERR,ERR,ERR,ERR,ERR,ERR,ERR,ERR,ERR,ERR,ERR,34.0,80.0,35,0.0,0.0,0.0,0.0,0.0,0.0,0.0,0.0,0.0,0.0,0.0,0.0,0.0,0.0,0.0,0.0,64.4,0,116,56,50,65476,0,300,0,0,8,20529,65476,0,0,57672,80.0,0.0,0.0,0.0,0.0,0.0
2026-06-17T04:18:37,ERR,ERR,ERR,ERR,ERR,ERR,ERR,ERR,ERR,ERR,ERR,ERR,ERR,ERR,ERR,ERR,ERR,ERR,ERR,ERR,ERR,ERR,ERR,ERR,ERR,ERR,ERR,ERR,ERR,ERR,ERR,ERR,ERR,ERR,ERR,ERR,ERR,ERR,ERR,ERR,ERR,ERR,ERR,ERR,ERR,ERR,ERR,ERR,ERR,ERR,ERR,ERR,ERR,ERR,ERR,ERR,ERR,ERR,ERR,ERR,ERR,ERR,ERR,ERR,ERR,ERR,ERR,ERR,ERR,ERR,ERR,ERR,ERR,ERR,ERR,ERR,ERR,ERR,ERR,ERR,ERR,ERR,ERR,ERR,ERR,ERR,ERR,ERR,ERR,ERR,ERR,ERR,ERR,ERR,ERR,ERR,ERR,ERR,ERR,ERR,ERR,ERR,ERR,ERR,ERR,ERR,ERR,ERR,ERR,ERR,ERR,ERR,ERR,ERR,ERR,ERR,ERR,ERR,ERR,ERR,ERR,ERR,ERR,ERR,ERR,0.0,0.0,0.0,0.0,0.0,1.3936040501711995e+18,7.805,0.0,0,0,4,0,7300,-0.0,0,0.0,0.0,0.0,0.0,0.0,0,0,0,0,0.0,0,0,0,0,0,0,0,0,0,0,0,0,0,0,0,0,0,0,0,0,0,0,0,0,0,0,0,0,0,0,0,0,0,32,30,30,62,65476,0,300,0,0,8,21553,0.0,-107605600.0,0.0,0.0,0.0,0.0,0.0,0.0,0.0,0.0,0.0,0.0,0.0,0.0,0.0,0.0,0.0,0.0,0.0,0.0,0.0,0.0,2.004,2.004,-0.0,0.0,0.0,0.0,0.0,0.0,5417.0,3.697191851085162e+19,6957.0,0.0,0.0,-107615280.0,-107615328.0,0.0,0.0,0.0,0.0,63,3.222027116945945e+26,-152017548869632.0,0.0,0.0,0.0,0.0,0.0,0.0,0.0,0,0,0,0.0,0.0,0.0,0.0,0.0,0.0,0.0,0.0,0.0,0.0,0.0,0.0,0.0,0.0,0.0,0.0,0,-107875648.0,63,0.0,126,2.7184242562605685e+23,-0.0,ERR,ERR,ERR,ERR,ERR,ERR,ERR,ERR,ERR,ERR,ERR,ERR,ERR,ERR,ERR,ERR,ERR,ERR,ERR,ERR,ERR,ERR,ERR,ERR,ERR,ERR,ERR,ERR,ERR,ERR,ERR,ERR,ERR,ERR,ERR,ERR,ERR,ERR,ERR,ERR,ERR,ERR,ERR,ERR,ERR,ERR,ERR,ERR,ERR,ERR,ERR,ERR,ERR,ERR,ERR,ERR,ERR,ERR,ERR,ERR,ERR,ERR,ERR,ERR,ERR,ERR,ERR,34.0,80.0,35,0.0,0.0,0.0,0.0,0.0,0.0,0.0,0.0,0.0,0.0,0.0,0.0,0.0,0.0,0.0,0.0,64.4,0,116,56,50,65476,0,300,0,0,8,20529,65476,0,0,57672,80.0,0.0,0.0,0.0,0.0,0.0
2026-06-17T04:18:38,ERR,ERR,ERR,ERR,ERR,ERR,ERR,ERR,ERR,ERR,ERR,ERR,ERR,ERR,ERR,ERR,ERR,ERR,ERR,ERR,ERR,ERR,ERR,ERR,ERR,ERR,ERR,ERR,ERR,ERR,ERR,ERR,ERR,ERR,ERR,ERR,ERR,ERR,ERR,ERR,ERR,ERR,ERR,ERR,ERR,ERR,ERR,ERR,ERR,ERR,ERR,ERR,ERR,ERR,ERR,ERR,ERR,ERR,ERR,ERR,ERR,ERR,ERR,ERR,ERR,ERR,ERR,ERR,ERR,ERR,ERR,ERR,ERR,ERR,ERR,ERR,ERR,ERR,ERR,ERR,ERR,ERR,ERR,ERR,ERR,ERR,ERR,ERR,ERR,ERR,ERR,ERR,ERR,ERR,ERR,ERR,ERR,ERR,ERR,ERR,ERR,ERR,ERR,ERR,ERR,ERR,ERR,ERR,ERR,ERR,ERR,ERR,ERR,ERR,ERR,ERR,ERR,ERR,ERR,ERR,ERR,ERR,ERR,ERR,ERR,0.0,0.0,0.0,0.0,0.0,1.3936040501711995e+18,7.805,0.0,0,0,4,0,7300,-0.0,0,0.0,0.0,0.0,0.0,0.0,0,0,0,0,0.0,0,0,0,0,0,0,0,0,0,0,0,0,0,0,0,0,0,0,0,0,0,0,0,0,0,0,0,0,0,0,0,0,0,32,30,30,62,65476,0,300,0,0,8,21553,0.0,-107605600.0,0.0,0.0,0.0,0.0,0.0,0.0,0.0,0.0,0.0,0.0,0.0,0.0,0.0,0.0,0.0,0.0,0.0,0.0,0.0,0.0,2.004,2.004,-0.0,-2.004,0.0,0.0,0.0,0.0,5414.0,0.0,6949.0,0.0,0.0,-107615280.0,-0.0,0.0,0.0,0.0,0.0,63,1.905697261480837e+17,-0.0,0.0,0.0,0.0,0.0,0.0,0.0,0.0,0,0,0,0.0,0.0,0.0,0.0,0.0,0.0,0.0,0.0,0.0,0.0,0.0,0.0,0.0,0.0,0.0,0.0,0,-107875648.0,63,0.0,126,2.7184242562605685e+23,-0.0,ERR,ERR,ERR,ERR,ERR,ERR,ERR,ERR,ERR,ERR,ERR,ERR,ERR,ERR,ERR,ERR,ERR,ERR,ERR,ERR,ERR,ERR,ERR,ERR,ERR,ERR,ERR,ERR,ERR,ERR,ERR,ERR,ERR,ERR,ERR,ERR,ERR,ERR,ERR,ERR,ERR,ERR,ERR,ERR,ERR,ERR,ERR,ERR,ERR,ERR,ERR,ERR,ERR,ERR,ERR,ERR,ERR,ERR,ERR,ERR,ERR,ERR,ERR,ERR,ERR,ERR,ERR,34.0,80.0,35,0.0,0.0,0.0,0.0,0.0,0.0,0.0,0.0,0.0,0.0,0.0,0.0,0.0,0.0,0.0,0.0,64.4,0,116,56,50,65476,0,300,0,0,8,20529,65476,0,0,57672,80.0,0.0,0.0,0.0,0.0,0.0
2026-06-17T04:18:39,ERR,ERR,ERR,ERR,ERR,ERR,ERR,ERR,ERR,ERR,ERR,ERR,ERR,ERR,ERR,ERR,ERR,ERR,ERR,ERR,ERR,ERR,ERR,ERR,ERR,ERR,ERR,ERR,ERR,ERR,ERR,ERR,ERR,ERR,ERR,ERR,ERR,ERR,ERR,ERR,ERR,ERR,ERR,ERR,ERR,ERR,ERR,ERR,ERR,ERR,ERR,ERR,ERR,ERR,ERR,ERR,ERR,ERR,ERR,ERR,ERR,ERR,ERR,ERR,ERR,ERR,ERR,ERR,ERR,ERR,ERR,ERR,ERR,ERR,ERR,ERR,ERR,ERR,ERR,ERR,ERR,ERR,ERR,ERR,ERR,ERR,ERR,ERR,ERR,ERR,ERR,ERR,ERR,ERR,ERR,ERR,ERR,ERR,ERR,ERR,ERR,ERR,ERR,ERR,ERR,ERR,ERR,ERR,ERR,ERR,ERR,ERR,ERR,ERR,ERR,ERR,ERR,ERR,ERR,ERR,ERR,ERR,ERR,ERR,ERR,0.0,0.0,0.0,0.0,0.0,1.3936040501711995e+18,7.805,0.0,0,0,4,0,7300,-0.0,0,0.0,0.0,0.0,0.0,0.0,0,0,0,0,0.0,0,0,0,0,0,0,0,0,0,0,0,0,0,0,0,0,0,0,0,0,0,0,0,0,0,0,0,0,0,0,0,0,0,32,30,30,62,65476,0,300,0,0,8,21553,0.0,-107605600.0,0.0,0.0,0.0,0.0,0.0,0.0,0.0,0.0,0.0,0.0,0.0,0.0,0.0,0.0,0.0,0.0,0.0,0.0,0.0,0.0,2.004,2.004,-0.0,-2.004,0.0,0.0,0.0,0.0,5414.0,0.0,6949.0,0.0,0.0,-107615280.0,-0.0,0.0,0.0,0.0,0.0,63,1.905697261480837e+17,-0.0,0.0,0.0,0.0,0.0,0.0,0.0,0.0,0,0,0,0.0,0.0,0.0,0.0,0.0,0.0,0.0,0.0,0.0,0.0,0.0,0.0,0.0,0.0,0.0,0.0,0,-107875648.0,63,0.0,126,2.7184242562605685e+23,-0.0,ERR,ERR,ERR,ERR,ERR,ERR,ERR,ERR,ERR,ERR,ERR,ERR,ERR,ERR,ERR,ERR,ERR,ERR,ERR,ERR,ERR,ERR,ERR,ERR,ERR,ERR,ERR,ERR,ERR,ERR,ERR,ERR,ERR,ERR,ERR,ERR,ERR,ERR,ERR,ERR,ERR,ERR,ERR,ERR,ERR,ERR,ERR,ERR,ERR,ERR,ERR,ERR,ERR,ERR,ERR,ERR,ERR,ERR,ERR,ERR,ERR,ERR,ERR,ERR,ERR,ERR,ERR,34.0,80.0,35,0.0,0.0,0.0,0.0,0.0,0.0,0.0,0.0,0.0,0.0,0.0,0.0,0.0,0.0,0.0,0.0,64.4,0,116,56,50,65476,0,300,0,0,8,20529,65476,0,0,57672,80.0,0.0,0.0,0.0,0.0,0.0
2026-06-17T04:18:40,ERR,ERR,ERR,ERR,ERR,ERR,ERR,ERR,ERR,ERR,ERR,ERR,ERR,ERR,ERR,ERR,ERR,ERR,ERR,ERR,ERR,ERR,ERR,ERR,ERR,ERR,ERR,ERR,ERR,ERR,ERR,ERR,ERR,ERR,ERR,ERR,ERR,ERR,ERR,ERR,ERR,ERR,ERR,ERR,ERR,ERR,ERR,ERR,ERR,ERR,ERR,ERR,ERR,ERR,ERR,ERR,ERR,ERR,ERR,ERR,ERR,ERR,ERR,ERR,ERR,ERR,ERR,ERR,ERR,ERR,ERR,ERR,ERR,ERR,ERR,ERR,ERR,ERR,ERR,ERR,ERR,ERR,ERR,ERR,ERR,ERR,ERR,ERR,ERR,ERR,ERR,ERR,ERR,ERR,ERR,ERR,ERR,ERR,ERR,ERR,ERR,ERR,ERR,ERR,ERR,ERR,ERR,ERR,ERR,ERR,ERR,ERR,ERR,ERR,ERR,ERR,ERR,ERR,ERR,ERR,ERR,ERR,ERR,ERR,ERR,0.0,0.0,0.0,0.0,0.0,1.3936040501711995e+18,7.805,0.0,0,0,4,0,7300,-0.0,0,0.0,0.0,0.0,0.0,0.0,0,0,0,0,0.0,0,0,0,0,0,0,0,0,0,0,0,0,0,0,0,0,0,0,0,0,0,0,0,0,0,0,0,0,0,0,0,0,0,32,30,30,62,65476,0,300,0,0,8,21553,0.0,-107605600.0,0.0,0.0,0.0,0.0,0.0,0.0,0.0,0.0,0.0,0.0,0.0,0.0,0.0,0.0,0.0,0.0,0.0,0.0,0.0,0.0,2.004,2.004,-0.0,-2.004,0.0,0.0,0.0,0.0,5414.0,0.0,6949.0,0.0,0.0,-107615280.0,-0.0,0.0,0.0,0.0,0.0,63,1.905697261480837e+17,-0.0,0.0,0.0,0.0,0.0,0.0,0.0,0.0,0,0,0,0.0,0.0,0.0,0.0,0.0,0.0,0.0,0.0,0.0,0.0,0.0,0.0,0.0,0.0,0.0,0.0,0,-107875648.0,63,0.0,126,2.7184242562605685e+23,-0.0,ERR,ERR,ERR,ERR,ERR,ERR,ERR,ERR,ERR,ERR,ERR,ERR,ERR,ERR,ERR,ERR,ERR,ERR,ERR,ERR,ERR,ERR,ERR,ERR,ERR,ERR,ERR,ERR,ERR,ERR,ERR,ERR,ERR,ERR,ERR,ERR,ERR,ERR,ERR,ERR,ERR,ERR,ERR,ERR,ERR,ERR,ERR,ERR,ERR,ERR,ERR,ERR,ERR,ERR,ERR,ERR,ERR,ERR,ERR,ERR,ERR,ERR,ERR,ERR,ERR,ERR,ERR,34.0,80.0,35,0.0,0.0,0.0,0.0,0.0,0.0,0.0,0.0,0.0,0.0,0.0,0.0,0.0,0.0,0.0,0.0,64.8,0,116,56,50,65476,0,300,0,0,8,20529,65476,0,0,57672,80.0,0.0,0.0,0.0,0.0,0.0
2026-06-17T04:18:41,ERR,ERR,ERR,ERR,ERR,ERR,ERR,ERR,ERR,ERR,ERR,ERR,ERR,ERR,ERR,ERR,ERR,ERR,ERR,ERR,ERR,ERR,ERR,ERR,ERR,ERR,ERR,ERR,ERR,ERR,ERR,ERR,ERR,ERR,ERR,ERR,ERR,ERR,ERR,ERR,ERR,ERR,ERR,ERR,ERR,ERR,ERR,ERR,ERR,ERR,ERR,ERR,ERR,ERR,ERR,ERR,ERR,ERR,ERR,ERR,ERR,ERR,ERR,ERR,ERR,ERR,ERR,ERR,ERR,ERR,ERR,ERR,ERR,ERR,ERR,ERR,ERR,ERR,ERR,ERR,ERR,ERR,ERR,ERR,ERR,ERR,ERR,ERR,ERR,ERR,ERR,ERR,ERR,ERR,ERR,ERR,ERR,ERR,ERR,ERR,ERR,ERR,ERR,ERR,ERR,ERR,ERR,ERR,ERR,ERR,ERR,ERR,ERR,ERR,ERR,ERR,ERR,ERR,ERR,ERR,ERR,ERR,ERR,ERR,ERR,0.0,0.0,0.0,0.0,0.0,1.3936040501711995e+18,7.805,0.0,0,0,4,0,7300,-0.0,0,0.0,0.0,0.0,0.0,0.0,0,0,0,0,0.0,0,0,0,0,0,0,0,0,0,0,0,0,0,0,0,0,0,0,0,0,0,0,0,0,0,0,0,0,0,0,0,0,0,32,30,30,62,65476,0,300,0,0,8,21553,0.0,-107605600.0,0.0,0.0,0.0,0.0,0.0,0.0,0.0,0.0,0.0,0.0,0.0,0.0,0.0,0.0,0.0,0.0,0.0,0.0,0.0,0.0,2.004,2.004,-0.0,-2.004,0.0,0.0,0.0,0.0,5414.0,0.0,6949.0,0.0,0.0,-107615280.0,-0.0,0.0,0.0,0.0,0.0,63,1.905697261480837e+17,-0.0,0.0,0.0,0.0,0.0,0.0,0.0,0.0,0,0,0,0.0,0.0,0.0,0.0,0.0,0.0,0.0,0.0,0.0,0.0,0.0,0.0,0.0,0.0,0.0,0.0,0,-107875648.0,63,0.0,126,2.7184242562605685e+23,-0.0,ERR,ERR,ERR,ERR,ERR,ERR,ERR,ERR,ERR,ERR,ERR,ERR,ERR,ERR,ERR,ERR,ERR,ERR,ERR,ERR,ERR,ERR,ERR,ERR,ERR,ERR,ERR,ERR,ERR,ERR,ERR,ERR,ERR,ERR,ERR,ERR,ERR,ERR,ERR,ERR,ERR,ERR,ERR,ERR,ERR,ERR,ERR,ERR,ERR,ERR,ERR,ERR,ERR,ERR,ERR,ERR,ERR,ERR,ERR,ERR,ERR,ERR,ERR,ERR,ERR,ERR,ERR,34.0,80.0,35,0.0,0.0,0.0,0.0,0.0,0.0,0.0,0.0,0.0,0.0,0.0,0.0,0.0,0.0,0.0,0.0,64.8,0,116,56,50,65476,0,300,0,0,8,20529,65476,0,0,57672,80.0,0.0,0.0,0.0,0.0,0.0
2026-06-17T04:18:42,ERR,ERR,ERR,ERR,ERR,ERR,ERR,ERR,ERR,ERR,ERR,ERR,ERR,ERR,ERR,ERR,ERR,ERR,ERR,ERR,ERR,ERR,ERR,ERR,ERR,ERR,ERR,ERR,ERR,ERR,ERR,ERR,ERR,ERR,ERR,ERR,ERR,ERR,ERR,ERR,ERR,ERR,ERR,ERR,ERR,ERR,ERR,ERR,ERR,ERR,ERR,ERR,ERR,ERR,ERR,ERR,ERR,ERR,ERR,ERR,ERR,ERR,ERR,ERR,ERR,ERR,ERR,ERR,ERR,ERR,ERR,ERR,ERR,ERR,ERR,ERR,ERR,ERR,ERR,ERR,ERR,ERR,ERR,ERR,ERR,ERR,ERR,ERR,ERR,ERR,ERR,ERR,ERR,ERR,ERR,ERR,ERR,ERR,ERR,ERR,ERR,ERR,ERR,ERR,ERR,ERR,ERR,ERR,ERR,ERR,ERR,ERR,ERR,ERR,ERR,ERR,ERR,ERR,ERR,ERR,ERR,ERR,ERR,ERR,ERR,0.0,0.0,0.0,0.0,0.0,1.3936040501711995e+18,7.805,0.0,0,0,4,0,7300,-0.0,0,0.0,0.0,0.0,0.0,0.0,0,0,0,0,0.0,0,0,0,0,0,0,0,0,0,0,0,0,0,0,0,0,0,0,0,0,0,0,0,0,0,0,0,0,0,0,0,0,0,32,30,30,62,65476,0,300,0,0,8,21553,0.0,-107605600.0,0.0,0.0,0.0,0.0,0.0,0.0,0.0,0.0,0.0,0.0,0.0,0.0,0.0,0.0,0.0,0.0,0.0,0.0,0.0,0.0,2.004,2.004,-0.0,-2.004,0.0,0.0,0.0,0.0,5414.0,0.0,6949.0,0.0,0.0,-107615280.0,-0.0,0.0,0.0,0.0,0.0,63,1.905697261480837e+17,-0.0,0.0,0.0,0.0,0.0,0.0,0.0,0.0,0,0,0,0.0,0.0,0.0,0.0,0.0,0.0,0.0,0.0,0.0,0.0,0.0,0.0,0.0,0.0,0.0,0.0,0,-107875648.0,63,0.0,126,2.7184242562605685e+23,-0.0,ERR,ERR,ERR,ERR,ERR,ERR,ERR,ERR,ERR,ERR,ERR,ERR,ERR,ERR,ERR,ERR,ERR,ERR,ERR,ERR,ERR,ERR,ERR,ERR,ERR,ERR,ERR,ERR,ERR,ERR,ERR,ERR,ERR,ERR,ERR,ERR,ERR,ERR,ERR,ERR,ERR,ERR,ERR,ERR,ERR,ERR,ERR,ERR,ERR,ERR,ERR,ERR,ERR,ERR,ERR,ERR,ERR,ERR,ERR,ERR,ERR,ERR,ERR,ERR,ERR,ERR,ERR,34.0,80.0,35,0.0,0.0,0.0,0.0,0.0,0.0,0.0,0.0,0.0,0.0,0.0,0.0,0.0,0.0,0.0,0.0,64.8,0,116,56,50,65476,0,300,0,0,8,20529,65476,0,0,57672,80.0,0.0,0.0,0.0,0.0,0.0
2026-06-17T04:18:43,ERR,ERR,ERR,ERR,ERR,ERR,ERR,ERR,ERR,ERR,ERR,ERR,ERR,ERR,ERR,ERR,ERR,ERR,ERR,ERR,ERR,ERR,ERR,ERR,ERR,ERR,ERR,ERR,ERR,ERR,ERR,ERR,ERR,ERR,ERR,ERR,ERR,ERR,ERR,ERR,ERR,ERR,ERR,ERR,ERR,ERR,ERR,ERR,ERR,ERR,ERR,ERR,ERR,ERR,ERR,ERR,ERR,ERR,ERR,ERR,ERR,ERR,ERR,ERR,ERR,ERR,ERR,ERR,ERR,ERR,ERR,ERR,ERR,ERR,ERR,ERR,ERR,ERR,ERR,ERR,ERR,ERR,ERR,ERR,ERR,ERR,ERR,ERR,ERR,ERR,ERR,ERR,ERR,ERR,ERR,ERR,ERR,ERR,ERR,ERR,ERR,ERR,ERR,ERR,ERR,ERR,ERR,ERR,ERR,ERR,ERR,ERR,ERR,ERR,ERR,ERR,ERR,ERR,ERR,ERR,ERR,ERR,ERR,ERR,ERR,0.0,0.0,0.0,0.0,0.0,1.3936040501711995e+18,7.805,0.0,0,0,4,0,7300,-0.0,0,0.0,0.0,0.0,0.0,0.0,0,0,0,0,0.0,0,0,0,0,0,0,0,0,0,0,0,0,0,0,0,0,0,0,0,0,0,0,0,0,0,0,0,0,0,0,0,0,0,32,30,30,62,65476,0,300,0,0,8,21553,0.0,-107605600.0,0.0,0.0,0.0,0.0,0.0,0.0,0.0,0.0,0.0,0.0,0.0,0.0,0.0,0.0,0.0,0.0,0.0,0.0,0.0,0.0,2.004,2.004,-0.0,-2.004,0.0,0.0,0.0,0.0,5385.0,-2.004,6968.0,0.0,0.0,-107615280.0,-0.0,0.0,0.0,0.0,0.0,63,3.222027116945945e+26,0.0,0.0,0.0,0.0,0.0,0.0,0.0,0.0,0,0,0,0.0,0.0,0.0,0.0,0.0,0.0,0.0,0.0,0.0,0.0,0.0,0.0,0.0,0.0,0.0,0.0,0,-107875648.0,63,0.0,126,2.7184242562605685e+23,-0.0,ERR,ERR,ERR,ERR,ERR,ERR,ERR,ERR,ERR,ERR,ERR,ERR,ERR,ERR,ERR,ERR,ERR,ERR,ERR,ERR,ERR,ERR,ERR,ERR,ERR,ERR,ERR,ERR,ERR,ERR,ERR,ERR,ERR,ERR,ERR,ERR,ERR,ERR,ERR,ERR,ERR,ERR,ERR,ERR,ERR,ERR,ERR,ERR,ERR,ERR,ERR,ERR,ERR,ERR,ERR,ERR,ERR,ERR,ERR,ERR,ERR,ERR,ERR,ERR,ERR,ERR,ERR,34.0,80.0,35,0.0,0.0,0.0,0.0,0.0,0.0,0.0,0.0,0.0,0.0,0.0,0.0,0.0,0.0,0.0,0.0,64.8,0,116,56,50,65476,0,300,0,0,8,20529,65476,0,0,57672,80.0,0.0,0.0,0.0,0.0,0.0
2026-06-17T04:18:44,ERR,ERR,ERR,ERR,ERR,ERR,ERR,ERR,ERR,ERR,ERR,ERR,ERR,ERR,ERR,ERR,ERR,ERR,ERR,ERR,ERR,ERR,ERR,ERR,ERR,ERR,ERR,ERR,ERR,ERR,ERR,ERR,ERR,ERR,ERR,ERR,ERR,ERR,ERR,ERR,ERR,ERR,ERR,ERR,ERR,ERR,ERR,ERR,ERR,ERR,ERR,ERR,ERR,ERR,ERR,ERR,ERR,ERR,ERR,ERR,ERR,ERR,ERR,ERR,ERR,ERR,ERR,ERR,ERR,ERR,ERR,ERR,ERR,ERR,ERR,ERR,ERR,ERR,ERR,ERR,ERR,ERR,ERR,ERR,ERR,ERR,ERR,ERR,ERR,ERR,ERR,ERR,ERR,ERR,ERR,ERR,ERR,ERR,ERR,ERR,ERR,ERR,ERR,ERR,ERR,ERR,ERR,ERR,ERR,ERR,ERR,ERR,ERR,ERR,ERR,ERR,ERR,ERR,ERR,ERR,ERR,ERR,ERR,ERR,ERR,0.0,0.0,0.0,0.0,0.0,1.3936040501711995e+18,7.805,0.0,0,0,4,0,7300,-0.0,0,0.0,0.0,0.0,0.0,0.0,0,0,0,0,0.0,0,0,0,0,0,0,0,0,0,0,0,0,0,0,0,0,0,0,0,0,0,0,0,0,0,0,0,0,0,0,0,0,0,32,30,30,62,65476,0,300,0,0,8,21553,0.0,-107605600.0,0.0,0.0,0.0,0.0,0.0,0.0,0.0,0.0,0.0,0.0,0.0,0.0,0.0,0.0,0.0,0.0,0.0,0.0,0.0,0.0,2.004,2.004,-0.0,-2.004,0.0,0.0,0.0,0.0,5385.0,-2.004,6968.0,0.0,0.0,-107615280.0,-0.0,0.0,0.0,0.0,0.0,63,3.222027116945945e+26,0.0,0.0,0.0,0.0,0.0,0.0,0.0,0.0,0,0,0,0.0,0.0,0.0,0.0,0.0,0.0,0.0,0.0,0.0,0.0,0.0,0.0,0.0,0.0,0.0,0.0,0,-107875648.0,63,0.0,126,2.7184242562605685e+23,-0.0,ERR,ERR,ERR,ERR,ERR,ERR,ERR,ERR,ERR,ERR,ERR,ERR,ERR,ERR,ERR,ERR,ERR,ERR,ERR,ERR,ERR,ERR,ERR,ERR,ERR,ERR,ERR,ERR,ERR,ERR,ERR,ERR,ERR,ERR,ERR,ERR,ERR,ERR,ERR,ERR,ERR,ERR,ERR,ERR,ERR,ERR,ERR,ERR,ERR,ERR,ERR,ERR,ERR,ERR,ERR,ERR,ERR,ERR,ERR,ERR,ERR,ERR,ERR,ERR,ERR,ERR,ERR,34.0,80.0,35,0.0,0.0,0.0,0.0,0.0,0.0,0.0,0.0,0.0,0.0,0.0,0.0,0.0,0.0,0.0,0.0,64.4,0,116,56,50,65476,0,300,0,0,8,20529,65476,0,0,57672,80.0,0.0,0.0,0.0,0.0,0.0
2026-06-17T04:18:45,ERR,ERR,ERR,ERR,ERR,ERR,ERR,ERR,ERR,ERR,ERR,ERR,ERR,ERR,ERR,ERR,ERR,ERR,ERR,ERR,ERR,ERR,ERR,ERR,ERR,ERR,ERR,ERR,ERR,ERR,ERR,ERR,ERR,ERR,ERR,ERR,ERR,ERR,ERR,ERR,ERR,ERR,ERR,ERR,ERR,ERR,ERR,ERR,ERR,ERR,ERR,ERR,ERR,ERR,ERR,ERR,ERR,ERR,ERR,ERR,ERR,ERR,ERR,ERR,ERR,ERR,ERR,ERR,ERR,ERR,ERR,ERR,ERR,ERR,ERR,ERR,ERR,ERR,ERR,ERR,ERR,ERR,ERR,ERR,ERR,ERR,ERR,ERR,ERR,ERR,ERR,ERR,ERR,ERR,ERR,ERR,ERR,ERR,ERR,ERR,ERR,ERR,ERR,ERR,ERR,ERR,ERR,ERR,ERR,ERR,ERR,ERR,ERR,ERR,ERR,ERR,ERR,ERR,ERR,ERR,ERR,ERR,ERR,ERR,ERR,0.0,0.0,0.0,0.0,0.0,1.3936040501711995e+18,7.805,0.0,0,0,4,0,7300,-0.0,0,0.0,0.0,0.0,0.0,0.0,0,0,0,0,0.0,0,0,0,0,0,0,0,0,0,0,0,0,0,0,0,0,0,0,0,0,0,0,0,0,0,0,0,0,0,0,0,0,0,32,30,30,62,65476,0,300,0,0,8,21553,0.0,-107605600.0,0.0,0.0,0.0,0.0,0.0,0.0,0.0,0.0,0.0,0.0,0.0,0.0,0.0,0.0,0.0,0.0,0.0,0.0,0.0,0.0,2.004,2.004,-0.0,-2.004,0.0,0.0,0.0,0.0,5385.0,-2.004,6968.0,0.0,0.0,-107615280.0,-0.0,0.0,0.0,0.0,0.0,63,3.222027116945945e+26,0.0,0.0,0.0,0.0,0.0,0.0,0.0,0.0,0,0,0,0.0,0.0,0.0,0.0,0.0,0.0,0.0,0.0,0.0,0.0,0.0,0.0,0.0,0.0,0.0,0.0,0,-107875648.0,63,0.0,126,2.7184242562605685e+23,-0.0,ERR,ERR,ERR,ERR,ERR,ERR,ERR,ERR,ERR,ERR,ERR,ERR,ERR,ERR,ERR,ERR,ERR,ERR,ERR,ERR,ERR,ERR,ERR,ERR,ERR,ERR,ERR,ERR,ERR,ERR,ERR,ERR,ERR,ERR,ERR,ERR,ERR,ERR,ERR,ERR,ERR,ERR,ERR,ERR,ERR,ERR,ERR,ERR,ERR,ERR,ERR,ERR,ERR,ERR,ERR,ERR,ERR,ERR,ERR,ERR,ERR,ERR,ERR,ERR,ERR,ERR,ERR,34.0,80.0,35,0.0,0.0,0.0,0.0,0.0,0.0,0.0,0.0,0.0,0.0,0.0,0.0,0.0,0.0,0.0,0.0,64.4,0,116,56,50,65476,0,300,0,0,8,20529,65476,0,0,57672,80.0,0.0,0.0,0.0,0.0,0.0
2026-06-17T04:18:46,ERR,ERR,ERR,ERR,ERR,ERR,ERR,ERR,ERR,ERR,ERR,ERR,ERR,ERR,ERR,ERR,ERR,ERR,ERR,ERR,ERR,ERR,ERR,ERR,ERR,ERR,ERR,ERR,ERR,ERR,ERR,ERR,ERR,ERR,ERR,ERR,ERR,ERR,ERR,ERR,ERR,ERR,ERR,ERR,ERR,ERR,ERR,ERR,ERR,ERR,ERR,ERR,ERR,ERR,ERR,ERR,ERR,ERR,ERR,ERR,ERR,ERR,ERR,ERR,ERR,ERR,ERR,ERR,ERR,ERR,ERR,ERR,ERR,ERR,ERR,ERR,ERR,ERR,ERR,ERR,ERR,ERR,ERR,ERR,ERR,ERR,ERR,ERR,ERR,ERR,ERR,ERR,ERR,ERR,ERR,ERR,ERR,ERR,ERR,ERR,ERR,ERR,ERR,ERR,ERR,ERR,ERR,ERR,ERR,ERR,ERR,ERR,ERR,ERR,ERR,ERR,ERR,ERR,ERR,ERR,ERR,ERR,ERR,ERR,ERR,0.0,0.0,0.0,0.0,0.0,1.3936040501711995e+18,7.805,0.0,0,0,4,0,7300,-0.0,0,0.0,0.0,0.0,0.0,0.0,0,0,0,0,0.0,0,0,0,0,0,0,0,0,0,0,0,0,0,0,0,0,0,0,0,0,0,0,0,0,0,0,0,0,0,0,0,0,0,32,30,30,62,65476,0,300,0,0,8,21553,0.0,-107605600.0,0.0,0.0,0.0,0.0,0.0,0.0,0.0,0.0,0.0,0.0,0.0,0.0,0.0,0.0,0.0,0.0,0.0,0.0,0.0,0.0,2.004,2.004,-0.0,-2.004,0.0,0.0,0.0,0.0,5385.0,-2.004,6968.0,0.0,0.0,-107615280.0,-0.0,0.0,0.0,0.0,0.0,63,3.222027116945945e+26,0.0,0.0,0.0,0.0,0.0,0.0,0.0,0.0,0,0,0,0.0,0.0,0.0,0.0,0.0,0.0,0.0,0.0,0.0,0.0,0.0,0.0,0.0,0.0,0.0,0.0,0,-107875648.0,63,0.0,126,2.7184242562605685e+23,-0.0,ERR,ERR,ERR,ERR,ERR,ERR,ERR,ERR,ERR,ERR,ERR,ERR,ERR,ERR,ERR,ERR,ERR,ERR,ERR,ERR,ERR,ERR,ERR,ERR,ERR,ERR,ERR,ERR,ERR,ERR,ERR,ERR,ERR,ERR,ERR,ERR,ERR,ERR,ERR,ERR,ERR,ERR,ERR,ERR,ERR,ERR,ERR,ERR,ERR,ERR,ERR,ERR,ERR,ERR,ERR,ERR,ERR,ERR,ERR,ERR,ERR,ERR,ERR,ERR,ERR,ERR,ERR,34.0,80.0,35,0.0,0.0,0.0,0.0,0.0,0.0,0.0,0.0,0.0,0.0,0.0,0.0,0.0,0.0,0.0,0.0,64.4,0,116,56,50,65476,0,300,0,0,8,20529,65476,0,0,57672,80.0,0.0,0.0,0.0,0.0,0.0
2026-06-17T04:18:47,ERR,ERR,ERR,ERR,ERR,ERR,ERR,ERR,ERR,ERR,ERR,ERR,ERR,ERR,ERR,ERR,ERR,ERR,ERR,ERR,ERR,ERR,ERR,ERR,ERR,ERR,ERR,ERR,ERR,ERR,ERR,ERR,ERR,ERR,ERR,ERR,ERR,ERR,ERR,ERR,ERR,ERR,ERR,ERR,ERR,ERR,ERR,ERR,ERR,ERR,ERR,ERR,ERR,ERR,ERR,ERR,ERR,ERR,ERR,ERR,ERR,ERR,ERR,ERR,ERR,ERR,ERR,ERR,ERR,ERR,ERR,ERR,ERR,ERR,ERR,ERR,ERR,ERR,ERR,ERR,ERR,ERR,ERR,ERR,ERR,ERR,ERR,ERR,ERR,ERR,ERR,ERR,ERR,ERR,ERR,ERR,ERR,ERR,ERR,ERR,ERR,ERR,ERR,ERR,ERR,ERR,ERR,ERR,ERR,ERR,ERR,ERR,ERR,ERR,ERR,ERR,ERR,ERR,ERR,ERR,ERR,ERR,ERR,ERR,ERR,0.0,0.0,0.0,0.0,0.0,1.3936040501711995e+18,7.805,0.0,0,0,4,0,7300,-0.0,0,0.0,0.0,0.0,0.0,0.0,0,0,0,0,0.0,0,0,0,0,0,0,0,0,0,0,0,0,0,0,0,0,0,0,0,0,0,0,0,0,0,0,0,0,0,0,0,0,0,32,30,30,62,65476,0,300,0,0,8,21553,0.0,-107605600.0,0.0,0.0,0.0,0.0,0.0,0.0,0.0,0.0,0.0,0.0,0.0,0.0,0.0,0.0,0.0,0.0,0.0,0.0,0.0,0.0,2.004,2.004,-0.0,-2.004,0.0,0.0,0.0,0.0,5385.0,-2.004,6968.0,0.0,0.0,-107615280.0,-0.0,0.0,0.0,0.0,0.0,63,3.222027116945945e+26,0.0,0.0,0.0,0.0,0.0,0.0,0.0,0.0,0,0,0,0.0,0.0,0.0,0.0,0.0,0.0,0.0,0.0,0.0,0.0,0.0,0.0,0.0,0.0,0.0,0.0,0,-107875648.0,63,0.0,126,2.7184242562605685e+23,-0.0,ERR,ERR,ERR,ERR,ERR,ERR,ERR,ERR,ERR,ERR,ERR,ERR,ERR,ERR,ERR,ERR,ERR,ERR,ERR,ERR,ERR,ERR,ERR,ERR,ERR,ERR,ERR,ERR,ERR,ERR,ERR,ERR,ERR,ERR,ERR,ERR,ERR,ERR,ERR,ERR,ERR,ERR,ERR,ERR,ERR,ERR,ERR,ERR,ERR,ERR,ERR,ERR,ERR,ERR,ERR,ERR,ERR,ERR,ERR,ERR,ERR,ERR,ERR,ERR,ERR,ERR,ERR,34.0,80.0,35,0.0,0.0,0.0,0.0,0.0,0.0,0.0,0.0,0.0,0.0,0.0,0.0,0.0,0.0,0.0,0.0,64.8,0,116,56,50,65476,0,300,0,0,8,20529,65476,0,0,57672,80.0,0.0,0.0,0.0,0.0,0.0
2026-06-17T04:18:48,ERR,ERR,ERR,ERR,ERR,ERR,ERR,ERR,ERR,ERR,ERR,ERR,ERR,ERR,ERR,ERR,ERR,ERR,ERR,ERR,ERR,ERR,ERR,ERR,ERR,ERR,ERR,ERR,ERR,ERR,ERR,ERR,ERR,ERR,ERR,ERR,ERR,ERR,ERR,ERR,ERR,ERR,ERR,ERR,ERR,ERR,ERR,ERR,ERR,ERR,ERR,ERR,ERR,ERR,ERR,ERR,ERR,ERR,ERR,ERR,ERR,ERR,ERR,ERR,ERR,ERR,ERR,ERR,ERR,ERR,ERR,ERR,ERR,ERR,ERR,ERR,ERR,ERR,ERR,ERR,ERR,ERR,ERR,ERR,ERR,ERR,ERR,ERR,ERR,ERR,ERR,ERR,ERR,ERR,ERR,ERR,ERR,ERR,ERR,ERR,ERR,ERR,ERR,ERR,ERR,ERR,ERR,ERR,ERR,ERR,ERR,ERR,ERR,ERR,ERR,ERR,ERR,ERR,ERR,ERR,ERR,ERR,ERR,ERR,ERR,0.0,0.0,0.0,0.0,0.0,1.3936040501711995e+18,7.805,0.0,0,0,4,0,7300,-0.0,0,0.0,0.0,0.0,0.0,0.0,0,0,0,0,0.0,0,0,0,0,0,0,0,0,0,0,0,0,0,0,0,0,0,0,0,0,0,0,0,0,0,0,0,0,0,0,0,0,0,32,30,30,62,65476,0,300,0,0,8,21553,0.0,-107605600.0,0.0,0.0,0.0,0.0,0.0,0.0,0.0,0.0,0.0,0.0,0.0,0.0,0.0,0.0,0.0,0.0,0.0,0.0,0.0,0.0,2.004,2.004,-0.0,0.0,0.0,0.0,0.0,0.0,5382.0,1.587931619850188e+29,6926.0,0.0,0.0,-107615280.0,-0.0,0.0,0.0,0.0,0.0,63,1.905697261480837e+17,-0.0,0.0,0.0,0.0,0.0,0.0,0.0,0.0,0,0,0,0.0,0.0,0.0,0.0,0.0,0.0,0.0,0.0,0.0,0.0,0.0,0.0,0.0,0.0,0.0,0.0,0,-107875648.0,63,0.0,126,2.7184242562605685e+23,-0.0,ERR,ERR,ERR,ERR,ERR,ERR,ERR,ERR,ERR,ERR,ERR,ERR,ERR,ERR,ERR,ERR,ERR,ERR,ERR,ERR,ERR,ERR,ERR,ERR,ERR,ERR,ERR,ERR,ERR,ERR,ERR,ERR,ERR,ERR,ERR,ERR,ERR,ERR,ERR,ERR,ERR,ERR,ERR,ERR,ERR,ERR,ERR,ERR,ERR,ERR,ERR,ERR,ERR,ERR,ERR,ERR,ERR,ERR,ERR,ERR,ERR,ERR,ERR,ERR,ERR,ERR,ERR,34.0,80.0,35,0.0,0.0,0.0,0.0,0.0,0.0,0.0,0.0,0.0,0.0,0.0,0.0,0.0,0.0,0.0,0.0,64.8,0,116,56,50,65476,0,300,0,0,8,20529,65476,0,0,57672,80.0,0.0,0.0,0.0,0.0,0.0
2026-06-17T04:18:49,ERR,ERR,ERR,ERR,ERR,ERR,ERR,ERR,ERR,ERR,ERR,ERR,ERR,ERR,ERR,ERR,ERR,ERR,ERR,ERR,ERR,ERR,ERR,ERR,ERR,ERR,ERR,ERR,ERR,ERR,ERR,ERR,ERR,ERR,ERR,ERR,ERR,ERR,ERR,ERR,ERR,ERR,ERR,ERR,ERR,ERR,ERR,ERR,ERR,ERR,ERR,ERR,ERR,ERR,ERR,ERR,ERR,ERR,ERR,ERR,ERR,ERR,ERR,ERR,ERR,ERR,ERR,ERR,ERR,ERR,ERR,ERR,ERR,ERR,ERR,ERR,ERR,ERR,ERR,ERR,ERR,ERR,ERR,ERR,ERR,ERR,ERR,ERR,ERR,ERR,ERR,ERR,ERR,ERR,ERR,ERR,ERR,ERR,ERR,ERR,ERR,ERR,ERR,ERR,ERR,ERR,ERR,ERR,ERR,ERR,ERR,ERR,ERR,ERR,ERR,ERR,ERR,ERR,ERR,ERR,ERR,ERR,ERR,ERR,ERR,0.0,0.0,0.0,0.0,0.0,1.3936040501711995e+18,7.805,0.0,0,0,4,0,7300,-0.0,0,0.0,0.0,0.0,0.0,0.0,0,0,0,0,0.0,0,0,0,0,0,0,0,0,0,0,0,0,0,0,0,0,0,0,0,0,0,0,0,0,0,0,0,0,0,0,0,0,0,32,30,30,62,65476,0,300,0,0,8,21553,0.0,-107605600.0,0.0,0.0,0.0,0.0,0.0,0.0,0.0,0.0,0.0,0.0,0.0,0.0,0.0,0.0,0.0,0.0,0.0,0.0,0.0,0.0,2.004,2.004,-0.0,0.0,0.0,0.0,0.0,0.0,5382.0,1.587931619850188e+29,6926.0,0.0,0.0,-107615280.0,-0.0,0.0,0.0,0.0,0.0,63,1.905697261480837e+17,-0.0,0.0,0.0,0.0,0.0,0.0,0.0,0.0,0,0,0,0.0,0.0,0.0,0.0,0.0,0.0,0.0,0.0,0.0,0.0,0.0,0.0,0.0,0.0,0.0,0.0,0,-107875648.0,63,0.0,126,2.7184242562605685e+23,-0.0,ERR,ERR,ERR,ERR,ERR,ERR,ERR,ERR,ERR,ERR,ERR,ERR,ERR,ERR,ERR,ERR,ERR,ERR,ERR,ERR,ERR,ERR,ERR,ERR,ERR,ERR,ERR,ERR,ERR,ERR,ERR,ERR,ERR,ERR,ERR,ERR,ERR,ERR,ERR,ERR,ERR,ERR,ERR,ERR,ERR,ERR,ERR,ERR,ERR,ERR,ERR,ERR,ERR,ERR,ERR,ERR,ERR,ERR,ERR,ERR,ERR,ERR,ERR,ERR,ERR,ERR,ERR,34.0,80.0,35,0.0,0.0,0.0,0.0,0.0,0.0,0.0,0.0,0.0,0.0,0.0,0.0,0.0,0.0,0.0,0.0,64.4,0,116,56,50,65476,0,300,0,0,8,20529,65476,0,0,57672,80.0,0.0,0.0,0.0,0.0,0.0
2026-06-17T04:18:50,ERR,ERR,ERR,ERR,ERR,ERR,ERR,ERR,ERR,ERR,ERR,ERR,ERR,ERR,ERR,ERR,ERR,ERR,ERR,ERR,ERR,ERR,ERR,ERR,ERR,ERR,ERR,ERR,ERR,ERR,ERR,ERR,ERR,ERR,ERR,ERR,ERR,ERR,ERR,ERR,ERR,ERR,ERR,ERR,ERR,ERR,ERR,ERR,ERR,ERR,ERR,ERR,ERR,ERR,ERR,ERR,ERR,ERR,ERR,ERR,ERR,ERR,ERR,ERR,ERR,ERR,ERR,ERR,ERR,ERR,ERR,ERR,ERR,ERR,ERR,ERR,ERR,ERR,ERR,ERR,ERR,ERR,ERR,ERR,ERR,ERR,ERR,ERR,ERR,ERR,ERR,ERR,ERR,ERR,ERR,ERR,ERR,ERR,ERR,ERR,ERR,ERR,ERR,ERR,ERR,ERR,ERR,ERR,ERR,ERR,ERR,ERR,ERR,ERR,ERR,ERR,ERR,ERR,ERR,ERR,ERR,ERR,ERR,ERR,ERR,0.0,0.0,0.0,0.0,0.0,1.3936040501711995e+18,7.805,0.0,0,0,4,0,7300,-0.0,0,0.0,0.0,0.0,0.0,0.0,0,0,0,0,0.0,0,0,0,0,0,0,0,0,0,0,0,0,0,0,0,0,0,0,0,0,0,0,0,0,0,0,0,0,0,0,0,0,0,32,30,30,62,65476,0,300,0,0,8,21553,0.0,-107605600.0,0.0,0.0,0.0,0.0,0.0,0.0,0.0,0.0,0.0,0.0,0.0,0.0,0.0,0.0,0.0,0.0,0.0,0.0,0.0,0.0,2.004,2.004,-0.0,0.0,0.0,0.0,0.0,0.0,5382.0,1.587931619850188e+29,6926.0,0.0,0.0,-107615280.0,-0.0,0.0,0.0,0.0,0.0,63,1.905697261480837e+17,-0.0,0.0,0.0,0.0,0.0,0.0,0.0,0.0,0,0,0,0.0,0.0,0.0,0.0,0.0,0.0,0.0,0.0,0.0,0.0,0.0,0.0,0.0,0.0,0.0,0.0,0,-107875648.0,63,0.0,126,2.7184242562605685e+23,-0.0,ERR,ERR,ERR,ERR,ERR,ERR,ERR,ERR,ERR,ERR,ERR,ERR,ERR,ERR,ERR,ERR,ERR,ERR,ERR,ERR,ERR,ERR,ERR,ERR,ERR,ERR,ERR,ERR,ERR,ERR,ERR,ERR,ERR,ERR,ERR,ERR,ERR,ERR,ERR,ERR,ERR,ERR,ERR,ERR,ERR,ERR,ERR,ERR,ERR,ERR,ERR,ERR,ERR,ERR,ERR,ERR,ERR,ERR,ERR,ERR,ERR,ERR,ERR,ERR,ERR,ERR,ERR,34.0,80.0,35,0.0,0.0,0.0,0.0,0.0,0.0,0.0,0.0,0.0,0.0,0.0,0.0,0.0,0.0,0.0,0.0,64.4,0,116,56,50,65476,0,300,0,0,8,20529,65476,0,0,57672,80.0,0.0,0.0,0.0,0.0,0.0
2026-06-17T04:18:51,ERR,ERR,ERR,ERR,ERR,ERR,ERR,ERR,ERR,ERR,ERR,ERR,ERR,ERR,ERR,ERR,ERR,ERR,ERR,ERR,ERR,ERR,ERR,ERR,ERR,ERR,ERR,ERR,ERR,ERR,ERR,ERR,ERR,ERR,ERR,ERR,ERR,ERR,ERR,ERR,ERR,ERR,ERR,ERR,ERR,ERR,ERR,ERR,ERR,ERR,ERR,ERR,ERR,ERR,ERR,ERR,ERR,ERR,ERR,ERR,ERR,ERR,ERR,ERR,ERR,ERR,ERR,ERR,ERR,ERR,ERR,ERR,ERR,ERR,ERR,ERR,ERR,ERR,ERR,ERR,ERR,ERR,ERR,ERR,ERR,ERR,ERR,ERR,ERR,ERR,ERR,ERR,ERR,ERR,ERR,ERR,ERR,ERR,ERR,ERR,ERR,ERR,ERR,ERR,ERR,ERR,ERR,ERR,ERR,ERR,ERR,ERR,ERR,ERR,ERR,ERR,ERR,ERR,ERR,ERR,ERR,ERR,ERR,ERR,ERR,0.0,0.0,0.0,0.0,0.0,1.3936040501711995e+18,7.805,0.0,0,0,4,0,7300,-0.0,0,0.0,0.0,0.0,0.0,0.0,0,0,0,0,0.0,0,0,0,0,0,0,0,0,0,0,0,0,0,0,0,0,0,0,0,0,0,0,0,0,0,0,0,0,0,0,0,0,0,32,30,30,62,65476,0,300,0,0,8,21553,0.0,-107605600.0,0.0,0.0,0.0,0.0,0.0,0.0,0.0,0.0,0.0,0.0,0.0,0.0,0.0,0.0,0.0,0.0,0.0,0.0,0.0,0.0,2.004,2.004,-0.0,0.0,0.0,0.0,0.0,0.0,5382.0,1.587931619850188e+29,6926.0,0.0,0.0,-107615280.0,-0.0,0.0,0.0,0.0,0.0,63,1.905697261480837e+17,-0.0,0.0,0.0,0.0,0.0,0.0,0.0,0.0,0,0,0,0.0,0.0,0.0,0.0,0.0,0.0,0.0,0.0,0.0,0.0,0.0,0.0,0.0,0.0,0.0,0.0,0,-107875648.0,63,0.0,126,2.7184242562605685e+23,-0.0,ERR,ERR,ERR,ERR,ERR,ERR,ERR,ERR,ERR,ERR,ERR,ERR,ERR,ERR,ERR,ERR,ERR,ERR,ERR,ERR,ERR,ERR,ERR,ERR,ERR,ERR,ERR,ERR,ERR,ERR,ERR,ERR,ERR,ERR,ERR,ERR,ERR,ERR,ERR,ERR,ERR,ERR,ERR,ERR,ERR,ERR,ERR,ERR,ERR,ERR,ERR,ERR,ERR,ERR,ERR,ERR,ERR,ERR,ERR,ERR,ERR,ERR,ERR,ERR,ERR,ERR,ERR,34.0,80.0,35,0.0,0.0,0.0,0.0,0.0,0.0,0.0,0.0,0.0,0.0,0.0,0.0,0.0,0.0,0.0,0.0,64.8,0,116,56,50,65476,0,300,0,0,8,20529,65476,0,0,57672,80.0,0.0,0.0,0.0,0.0,0.0
2026-06-17T04:18:52,ERR,ERR,ERR,ERR,ERR,ERR,ERR,ERR,ERR,ERR,ERR,ERR,ERR,ERR,ERR,ERR,ERR,ERR,ERR,ERR,ERR,ERR,ERR,ERR,ERR,ERR,ERR,ERR,ERR,ERR,ERR,ERR,ERR,ERR,ERR,ERR,ERR,ERR,ERR,ERR,ERR,ERR,ERR,ERR,ERR,ERR,ERR,ERR,ERR,ERR,ERR,ERR,ERR,ERR,ERR,ERR,ERR,ERR,ERR,ERR,ERR,ERR,ERR,ERR,ERR,ERR,ERR,ERR,ERR,ERR,ERR,ERR,ERR,ERR,ERR,ERR,ERR,ERR,ERR,ERR,ERR,ERR,ERR,ERR,ERR,ERR,ERR,ERR,ERR,ERR,ERR,ERR,ERR,ERR,ERR,ERR,ERR,ERR,ERR,ERR,ERR,ERR,ERR,ERR,ERR,ERR,ERR,ERR,ERR,ERR,ERR,ERR,ERR,ERR,ERR,ERR,ERR,ERR,ERR,ERR,ERR,ERR,ERR,ERR,ERR,0.0,0.0,0.0,0.0,0.0,1.3936040501711995e+18,7.805,0.0,0,0,4,0,7300,-0.0,0,0.0,0.0,0.0,0.0,0.0,0,0,0,0,0.0,0,0,0,0,0,0,0,0,0,0,0,0,0,0,0,0,0,0,0,0,0,0,0,0,0,0,0,0,0,0,0,0,0,32,30,30,62,65476,0,300,0,0,8,21553,0.0,-107605600.0,0.0,0.0,0.0,0.0,0.0,0.0,0.0,0.0,0.0,0.0,0.0,0.0,0.0,0.0,0.0,0.0,0.0,0.0,0.0,0.0,2.004,2.004,-0.0,0.0,0.0,0.0,0.0,0.0,5382.0,1.587931619850188e+29,6926.0,0.0,0.0,-107615280.0,-0.0,0.0,0.0,0.0,0.0,63,1.905697261480837e+17,-0.0,0.0,0.0,0.0,0.0,0.0,0.0,0.0,0,0,0,0.0,0.0,0.0,0.0,0.0,0.0,0.0,0.0,0.0,0.0,0.0,0.0,0.0,0.0,0.0,0.0,0,-107875648.0,63,0.0,126,2.7184242562605685e+23,-0.0,ERR,ERR,ERR,ERR,ERR,ERR,ERR,ERR,ERR,ERR,ERR,ERR,ERR,ERR,ERR,ERR,ERR,ERR,ERR,ERR,ERR,ERR,ERR,ERR,ERR,ERR,ERR,ERR,ERR,ERR,ERR,ERR,ERR,ERR,ERR,ERR,ERR,ERR,ERR,ERR,ERR,ERR,ERR,ERR,ERR,ERR,ERR,ERR,ERR,ERR,ERR,ERR,ERR,ERR,ERR,ERR,ERR,ERR,ERR,ERR,ERR,ERR,ERR,ERR,ERR,ERR,ERR,34.0,80.0,35,0.0,0.0,0.0,0.0,0.0,0.0,0.0,0.0,0.0,0.0,0.0,0.0,0.0,0.0,0.0,0.0,64.8,0,116,56,50,65476,0,300,0,0,8,20529,65476,0,0,57672,80.0,0.0,0.0,0.0,0.0,0.0
2026-06-17T04:18:53,ERR,ERR,ERR,ERR,ERR,ERR,ERR,ERR,ERR,ERR,ERR,ERR,ERR,ERR,ERR,ERR,ERR,ERR,ERR,ERR,ERR,ERR,ERR,ERR,ERR,ERR,ERR,ERR,ERR,ERR,ERR,ERR,ERR,ERR,ERR,ERR,ERR,ERR,ERR,ERR,ERR,ERR,ERR,ERR,ERR,ERR,ERR,ERR,ERR,ERR,ERR,ERR,ERR,ERR,ERR,ERR,ERR,ERR,ERR,ERR,ERR,ERR,ERR,ERR,ERR,ERR,ERR,ERR,ERR,ERR,ERR,ERR,ERR,ERR,ERR,ERR,ERR,ERR,ERR,ERR,ERR,ERR,ERR,ERR,ERR,ERR,ERR,ERR,ERR,ERR,ERR,ERR,ERR,ERR,ERR,ERR,ERR,ERR,ERR,ERR,ERR,ERR,ERR,ERR,ERR,ERR,ERR,ERR,ERR,ERR,ERR,ERR,ERR,ERR,ERR,ERR,ERR,ERR,ERR,ERR,ERR,ERR,ERR,ERR,ERR,0.0,0.0,0.0,0.0,0.0,1.3936040501711995e+18,7.805,0.0,0,0,4,0,7300,-0.0,0,0.0,0.0,0.0,0.0,0.0,0,0,0,0,0.0,0,0,0,0,0,0,0,0,0,0,0,0,0,0,0,0,0,0,0,0,0,0,0,0,0,0,0,0,0,0,0,0,0,32,30,30,62,65476,0,300,0,0,8,21553,0.0,-107605600.0,0.0,0.0,0.0,0.0,0.0,0.0,0.0,0.0,0.0,0.0,0.0,0.0,0.0,0.0,0.0,0.0,0.0,0.0,0.0,0.0,2.004,2.004,-0.0,0.0,0.0,0.0,0.0,0.0,5382.0,1.587931619850188e+29,6926.0,0.0,0.0,-107615280.0,-0.0,0.0,0.0,0.0,0.0,63,1.905697261480837e+17,-0.0,0.0,0.0,0.0,0.0,0.0,0.0,0.0,0,0,0,0.0,0.0,0.0,0.0,0.0,0.0,0.0,0.0,0.0,0.0,0.0,0.0,0.0,0.0,0.0,0.0,0,-107875648.0,63,0.0,126,2.7184242562605685e+23,-0.0,ERR,ERR,ERR,ERR,ERR,ERR,ERR,ERR,ERR,ERR,ERR,ERR,ERR,ERR,ERR,ERR,ERR,ERR,ERR,ERR,ERR,ERR,ERR,ERR,ERR,ERR,ERR,ERR,ERR,ERR,ERR,ERR,ERR,ERR,ERR,ERR,ERR,ERR,ERR,ERR,ERR,ERR,ERR,ERR,ERR,ERR,ERR,ERR,ERR,ERR,ERR,ERR,ERR,ERR,ERR,ERR,ERR,ERR,ERR,ERR,ERR,ERR,ERR,ERR,ERR,ERR,ERR,34.0,80.0,35,0.0,0.0,0.0,0.0,0.0,0.0,0.0,0.0,0.0,0.0,0.0,0.0,0.0,0.0,0.0,0.0,64.4,0,116,56,50,65476,0,300,0,0,8,20529,65476,0,0,57672,80.0,0.0,0.0,0.0,0.0,0.0
2026-06-17T04:18:54,ERR,ERR,ERR,ERR,ERR,ERR,ERR,ERR,ERR,ERR,ERR,ERR,ERR,ERR,ERR,ERR,ERR,ERR,ERR,ERR,ERR,ERR,ERR,ERR,ERR,ERR,ERR,ERR,ERR,ERR,ERR,ERR,ERR,ERR,ERR,ERR,ERR,ERR,ERR,ERR,ERR,ERR,ERR,ERR,ERR,ERR,ERR,ERR,ERR,ERR,ERR,ERR,ERR,ERR,ERR,ERR,ERR,ERR,ERR,ERR,ERR,ERR,ERR,ERR,ERR,ERR,ERR,ERR,ERR,ERR,ERR,ERR,ERR,ERR,ERR,ERR,ERR,ERR,ERR,ERR,ERR,ERR,ERR,ERR,ERR,ERR,ERR,ERR,ERR,ERR,ERR,ERR,ERR,ERR,ERR,ERR,ERR,ERR,ERR,ERR,ERR,ERR,ERR,ERR,ERR,ERR,ERR,ERR,ERR,ERR,ERR,ERR,ERR,ERR,ERR,ERR,ERR,ERR,ERR,ERR,ERR,ERR,ERR,ERR,ERR,0.0,0.0,0.0,0.0,0.0,1.3936040501711995e+18,7.805,0.0,0,0,4,0,7300,-0.0,0,0.0,0.0,0.0,0.0,0.0,0,0,0,0,0.0,0,0,0,0,0,0,0,0,0,0,0,0,0,0,0,0,0,0,0,0,0,0,0,0,0,0,0,0,0,0,0,0,0,32,30,30,62,65476,0,300,0,0,8,21553,0.0,-107605600.0,0.0,0.0,0.0,0.0,0.0,0.0,0.0,0.0,0.0,0.0,0.0,0.0,0.0,0.0,0.0,0.0,0.0,0.0,0.0,0.0,2.004,2.004,-0.0,-2.004,0.0,0.0,0.0,0.0,5375.0,-1.0406667425910153e+34,6971.0,0.0,0.0,-107615280.0,-0.0,0.0,0.0,0.0,0.0,63,71.63,-152017515315200.0,0.0,0.0,0.0,0.0,0.0,0.0,0.0,0,0,0,0.0,0.0,0.0,0.0,0.0,0.0,0.0,0.0,0.0,0.0,0.0,0.0,0.0,0.0,0.0,0.0,0,-107875648.0,63,0.0,126,2.7184242562605685e+23,-0.0,ERR,ERR,ERR,ERR,ERR,ERR,ERR,ERR,ERR,ERR,ERR,ERR,ERR,ERR,ERR,ERR,ERR,ERR,ERR,ERR,ERR,ERR,ERR,ERR,ERR,ERR,ERR,ERR,ERR,ERR,ERR,ERR,ERR,ERR,ERR,ERR,ERR,ERR,ERR,ERR,ERR,ERR,ERR,ERR,ERR,ERR,ERR,ERR,ERR,ERR,ERR,ERR,ERR,ERR,ERR,ERR,ERR,ERR,ERR,ERR,ERR,ERR,ERR,ERR,ERR,ERR,ERR,34.0,80.0,35,0.0,0.0,0.0,0.0,0.0,0.0,0.0,0.0,0.0,0.0,0.0,0.0,0.0,0.0,0.0,0.0,64.4,0,116,56,50,65476,0,300,0,0,8,20529,65476,0,0,57672,80.0,0.0,0.0,0.0,0.0,0.0
2026-06-17T04:18:55,ERR,ERR,ERR,ERR,ERR,ERR,ERR,ERR,ERR,ERR,ERR,ERR,ERR,ERR,ERR,ERR,ERR,ERR,ERR,ERR,ERR,ERR,ERR,ERR,ERR,ERR,ERR,ERR,ERR,ERR,ERR,ERR,ERR,ERR,ERR,ERR,ERR,ERR,ERR,ERR,ERR,ERR,ERR,ERR,ERR,ERR,ERR,ERR,ERR,ERR,ERR,ERR,ERR,ERR,ERR,ERR,ERR,ERR,ERR,ERR,ERR,ERR,ERR,ERR,ERR,ERR,ERR,ERR,ERR,ERR,ERR,ERR,ERR,ERR,ERR,ERR,ERR,ERR,ERR,ERR,ERR,ERR,ERR,ERR,ERR,ERR,ERR,ERR,ERR,ERR,ERR,ERR,ERR,ERR,ERR,ERR,ERR,ERR,ERR,ERR,ERR,ERR,ERR,ERR,ERR,ERR,ERR,ERR,ERR,ERR,ERR,ERR,ERR,ERR,ERR,ERR,ERR,ERR,ERR,ERR,ERR,ERR,ERR,ERR,ERR,0.0,0.0,0.0,0.0,0.0,1.3936040501711995e+18,7.805,0.0,0,0,4,0,7300,-0.0,0,0.0,0.0,0.0,0.0,0.0,0,0,0,0,0.0,0,0,0,0,0,0,0,0,0,0,0,0,0,0,0,0,0,0,0,0,0,0,0,0,0,0,0,0,0,0,0,0,0,32,30,30,62,65476,0,300,0,0,8,21553,0.0,-107605600.0,0.0,0.0,0.0,0.0,0.0,0.0,0.0,0.0,0.0,0.0,0.0,0.0,0.0,0.0,0.0,0.0,0.0,0.0,0.0,0.0,2.004,2.004,-0.0,-2.004,0.0,0.0,0.0,0.0,5375.0,-1.0406667425910153e+34,6971.0,0.0,0.0,-107615280.0,-0.0,0.0,0.0,0.0,0.0,63,71.63,-152017515315200.0,0.0,0.0,0.0,0.0,0.0,0.0,0.0,0,0,0,0.0,0.0,0.0,0.0,0.0,0.0,0.0,0.0,0.0,0.0,0.0,0.0,0.0,0.0,0.0,0.0,0,-107875648.0,63,0.0,126,2.7184242562605685e+23,-0.0,ERR,ERR,ERR,ERR,ERR,ERR,ERR,ERR,ERR,ERR,ERR,ERR,ERR,ERR,ERR,ERR,ERR,ERR,ERR,ERR,ERR,ERR,ERR,ERR,ERR,ERR,ERR,ERR,ERR,ERR,ERR,ERR,ERR,ERR,ERR,ERR,ERR,ERR,ERR,ERR,ERR,ERR,ERR,ERR,ERR,ERR,ERR,ERR,ERR,ERR,ERR,ERR,ERR,ERR,ERR,ERR,ERR,ERR,ERR,ERR,ERR,ERR,ERR,ERR,ERR,ERR,ERR,34.0,80.0,35,0.0,0.0,0.0,0.0,0.0,0.0,0.0,0.0,0.0,0.0,0.0,0.0,0.0,0.0,0.0,0.0,64.4,0,116,56,50,65476,0,300,0,0,8,20529,65476,0,0,57672,80.0,0.0,0.0,0.0,0.0,0.0
2026-06-17T04:18:56,ERR,ERR,ERR,ERR,ERR,ERR,ERR,ERR,ERR,ERR,ERR,ERR,ERR,ERR,ERR,ERR,ERR,ERR,ERR,ERR,ERR,ERR,ERR,ERR,ERR,ERR,ERR,ERR,ERR,ERR,ERR,ERR,ERR,ERR,ERR,ERR,ERR,ERR,ERR,ERR,ERR,ERR,ERR,ERR,ERR,ERR,ERR,ERR,ERR,ERR,ERR,ERR,ERR,ERR,ERR,ERR,ERR,ERR,ERR,ERR,ERR,ERR,ERR,ERR,ERR,ERR,ERR,ERR,ERR,ERR,ERR,ERR,ERR,ERR,ERR,ERR,ERR,ERR,ERR,ERR,ERR,ERR,ERR,ERR,ERR,ERR,ERR,ERR,ERR,ERR,ERR,ERR,ERR,ERR,ERR,ERR,ERR,ERR,ERR,ERR,ERR,ERR,ERR,ERR,ERR,ERR,ERR,ERR,ERR,ERR,ERR,ERR,ERR,ERR,ERR,ERR,ERR,ERR,ERR,ERR,ERR,ERR,ERR,ERR,ERR,0.0,0.0,0.0,0.0,0.0,1.3936040501711995e+18,7.805,0.0,0,0,4,0,7300,-0.0,0,0.0,0.0,0.0,0.0,0.0,0,0,0,0,0.0,0,0,0,0,0,0,0,0,0,0,0,0,0,0,0,0,0,0,0,0,0,0,0,0,0,0,0,0,0,0,0,0,0,32,30,30,62,65476,0,300,0,0,8,21553,0.0,-107605600.0,0.0,0.0,0.0,0.0,0.0,0.0,0.0,0.0,0.0,0.0,0.0,0.0,0.0,0.0,0.0,0.0,0.0,0.0,0.0,0.0,2.004,2.004,-0.0,-2.004,0.0,0.0,0.0,0.0,5375.0,-1.0406667425910153e+34,6971.0,0.0,0.0,-107615280.0,-0.0,0.0,0.0,0.0,0.0,63,71.63,-152017515315200.0,0.0,0.0,0.0,0.0,0.0,0.0,0.0,0,0,0,0.0,0.0,0.0,0.0,0.0,0.0,0.0,0.0,0.0,0.0,0.0,0.0,0.0,0.0,0.0,0.0,0,-107875648.0,63,0.0,126,2.7184242562605685e+23,-0.0,ERR,ERR,ERR,ERR,ERR,ERR,ERR,ERR,ERR,ERR,ERR,ERR,ERR,ERR,ERR,ERR,ERR,ERR,ERR,ERR,ERR,ERR,ERR,ERR,ERR,ERR,ERR,ERR,ERR,ERR,ERR,ERR,ERR,ERR,ERR,ERR,ERR,ERR,ERR,ERR,ERR,ERR,ERR,ERR,ERR,ERR,ERR,ERR,ERR,ERR,ERR,ERR,ERR,ERR,ERR,ERR,ERR,ERR,ERR,ERR,ERR,ERR,ERR,ERR,ERR,ERR,ERR,34.0,80.0,35,0.0,0.0,0.0,0.0,0.0,0.0,0.0,0.0,0.0,0.0,0.0,0.0,0.0,0.0,0.0,0.0,64.4,0,116,56,50,65476,0,300,0,0,8,20529,65476,0,0,57672,80.0,0.0,0.0,0.0,0.0,0.0
2026-06-17T04:18:57,ERR,ERR,ERR,ERR,ERR,ERR,ERR,ERR,ERR,ERR,ERR,ERR,ERR,ERR,ERR,ERR,ERR,ERR,ERR,ERR,ERR,ERR,ERR,ERR,ERR,ERR,ERR,ERR,ERR,ERR,ERR,ERR,ERR,ERR,ERR,ERR,ERR,ERR,ERR,ERR,ERR,ERR,ERR,ERR,ERR,ERR,ERR,ERR,ERR,ERR,ERR,ERR,ERR,ERR,ERR,ERR,ERR,ERR,ERR,ERR,ERR,ERR,ERR,ERR,ERR,ERR,ERR,ERR,ERR,ERR,ERR,ERR,ERR,ERR,ERR,ERR,ERR,ERR,ERR,ERR,ERR,ERR,ERR,ERR,ERR,ERR,ERR,ERR,ERR,ERR,ERR,ERR,ERR,ERR,ERR,ERR,ERR,ERR,ERR,ERR,ERR,ERR,ERR,ERR,ERR,ERR,ERR,ERR,ERR,ERR,ERR,ERR,ERR,ERR,ERR,ERR,ERR,ERR,ERR,ERR,ERR,ERR,ERR,ERR,ERR,0.0,0.0,0.0,0.0,0.0,1.3936040501711995e+18,7.805,0.0,0,0,4,0,7300,-0.0,0,0.0,0.0,0.0,0.0,0.0,0,0,0,0,0.0,0,0,0,0,0,0,0,0,0,0,0,0,0,0,0,0,0,0,0,0,0,0,0,0,0,0,0,0,0,0,0,0,0,32,30,30,62,65476,0,300,0,0,8,21553,0.0,-107605600.0,0.0,0.0,0.0,0.0,0.0,0.0,0.0,0.0,0.0,0.0,0.0,0.0,0.0,0.0,0.0,0.0,0.0,0.0,0.0,0.0,2.004,2.004,-0.0,-2.004,0.0,0.0,0.0,0.0,5375.0,-1.0406667425910153e+34,6971.0,0.0,0.0,-107615280.0,-0.0,0.0,0.0,0.0,0.0,63,71.63,-152017515315200.0,0.0,0.0,0.0,0.0,0.0,0.0,0.0,0,0,0,0.0,0.0,0.0,0.0,0.0,0.0,0.0,0.0,0.0,0.0,0.0,0.0,0.0,0.0,0.0,0.0,0,-107875648.0,63,0.0,126,2.7184242562605685e+23,-0.0,ERR,ERR,ERR,ERR,ERR,ERR,ERR,ERR,ERR,ERR,ERR,ERR,ERR,ERR,ERR,ERR,ERR,ERR,ERR,ERR,ERR,ERR,ERR,ERR,ERR,ERR,ERR,ERR,ERR,ERR,ERR,ERR,ERR,ERR,ERR,ERR,ERR,ERR,ERR,ERR,ERR,ERR,ERR,ERR,ERR,ERR,ERR,ERR,ERR,ERR,ERR,ERR,ERR,ERR,ERR,ERR,ERR,ERR,ERR,ERR,ERR,ERR,ERR,ERR,ERR,ERR,ERR,34.0,80.0,35,0.0,0.0,0.0,0.0,0.0,0.0,0.0,0.0,0.0,0.0,0.0,0.0,0.0,0.0,0.0,0.0,64.4,0,116,56,50,65476,0,300,0,0,8,20529,65476,0,0,57672,80.0,0.0,0.0,0.0,0.0,0.0
2026-06-17T04:18:58,ERR,ERR,ERR,ERR,ERR,ERR,ERR,ERR,ERR,ERR,ERR,ERR,ERR,ERR,ERR,ERR,ERR,ERR,ERR,ERR,ERR,ERR,ERR,ERR,ERR,ERR,ERR,ERR,ERR,ERR,ERR,ERR,ERR,ERR,ERR,ERR,ERR,ERR,ERR,ERR,ERR,ERR,ERR,ERR,ERR,ERR,ERR,ERR,ERR,ERR,ERR,ERR,ERR,ERR,ERR,ERR,ERR,ERR,ERR,ERR,ERR,ERR,ERR,ERR,ERR,ERR,ERR,ERR,ERR,ERR,ERR,ERR,ERR,ERR,ERR,ERR,ERR,ERR,ERR,ERR,ERR,ERR,ERR,ERR,ERR,ERR,ERR,ERR,ERR,ERR,ERR,ERR,ERR,ERR,ERR,ERR,ERR,ERR,ERR,ERR,ERR,ERR,ERR,ERR,ERR,ERR,ERR,ERR,ERR,ERR,ERR,ERR,ERR,ERR,ERR,ERR,ERR,ERR,ERR,ERR,ERR,ERR,ERR,ERR,ERR,0.0,0.0,0.0,0.0,0.0,1.3936040501711995e+18,7.805,0.0,0,0,4,0,7300,-0.0,0,0.0,0.0,0.0,0.0,0.0,0,0,0,0,0.0,0,0,0,0,0,0,0,0,0,0,0,0,0,0,0,0,0,0,0,0,0,0,0,0,0,0,0,0,0,0,0,0,0,32,30,30,62,65476,0,300,0,0,8,21553,0.0,-107605600.0,0.0,0.0,0.0,0.0,0.0,0.0,0.0,0.0,0.0,0.0,0.0,0.0,0.0,0.0,0.0,0.0,0.0,0.0,0.0,0.0,2.004,2.004,-0.0,-2.004,0.0,0.0,0.0,0.0,5375.0,-1.0406667425910153e+34,6971.0,0.0,0.0,-107615280.0,-0.0,0.0,0.0,0.0,0.0,63,71.63,-152017515315200.0,0.0,0.0,0.0,0.0,0.0,0.0,0.0,0,0,0,0.0,0.0,0.0,0.0,0.0,0.0,0.0,0.0,0.0,0.0,0.0,0.0,0.0,0.0,0.0,0.0,0,-107875648.0,63,0.0,126,2.7184242562605685e+23,-0.0,ERR,ERR,ERR,ERR,ERR,ERR,ERR,ERR,ERR,ERR,ERR,ERR,ERR,ERR,ERR,ERR,ERR,ERR,ERR,ERR,ERR,ERR,ERR,ERR,ERR,ERR,ERR,ERR,ERR,ERR,ERR,ERR,ERR,ERR,ERR,ERR,ERR,ERR,ERR,ERR,ERR,ERR,ERR,ERR,ERR,ERR,ERR,ERR,ERR,ERR,ERR,ERR,ERR,ERR,ERR,ERR,ERR,ERR,ERR,ERR,ERR,ERR,ERR,ERR,ERR,ERR,ERR,34.0,80.0,35,0.0,0.0,0.0,0.0,0.0,0.0,0.0,0.0,0.0,0.0,0.0,0.0,0.0,0.0,0.0,0.0,64.4,0,116,56,50,65476,0,300,0,0,8,20529,65476,0,0,57672,80.0,0.0,0.0,0.0,0.0,0.0
2026-06-17T04:18:59,ERR,ERR,ERR,ERR,ERR,ERR,ERR,ERR,ERR,ERR,ERR,ERR,ERR,ERR,ERR,ERR,ERR,ERR,ERR,ERR,ERR,ERR,ERR,ERR,ERR,ERR,ERR,ERR,ERR,ERR,ERR,ERR,ERR,ERR,ERR,ERR,ERR,ERR,ERR,ERR,ERR,ERR,ERR,ERR,ERR,ERR,ERR,ERR,ERR,ERR,ERR,ERR,ERR,ERR,ERR,ERR,ERR,ERR,ERR,ERR,ERR,ERR,ERR,ERR,ERR,ERR,ERR,ERR,ERR,ERR,ERR,ERR,ERR,ERR,ERR,ERR,ERR,ERR,ERR,ERR,ERR,ERR,ERR,ERR,ERR,ERR,ERR,ERR,ERR,ERR,ERR,ERR,ERR,ERR,ERR,ERR,ERR,ERR,ERR,ERR,ERR,ERR,ERR,ERR,ERR,ERR,ERR,ERR,ERR,ERR,ERR,ERR,ERR,ERR,ERR,ERR,ERR,ERR,ERR,ERR,ERR,ERR,ERR,ERR,ERR,0.0,0.0,0.0,0.0,0.0,1.3936040501711995e+18,7.805,0.0,0,0,4,0,7300,-0.0,0,0.0,0.0,0.0,0.0,0.0,0,0,0,0,0.0,0,0,0,0,0,0,0,0,0,0,0,0,0,0,0,0,0,0,0,0,0,0,0,0,0,0,0,0,0,0,0,0,0,32,30,30,62,65476,0,300,0,0,8,21553,0.0,-107605600.0,0.0,0.0,0.0,0.0,0.0,0.0,0.0,0.0,0.0,0.0,0.0,0.0,0.0,0.0,0.0,0.0,0.0,0.0,0.0,0.0,2.004,2.004,-0.0,-2.004,0.0,0.0,0.0,0.0,5348.0,-564146571575296.0,6971.0,0.0,0.0,-107615280.0,-107615328.0,0.0,0.0,0.0,0.0,63,126841077760.0,-152017515315200.0,0.0,0.0,0.0,0.0,0.0,0.0,0.0,0,0,0,0.0,0.0,0.0,0.0,0.0,0.0,0.0,0.0,0.0,0.0,0.0,0.0,0.0,0.0,0.0,0.0,0,-107875648.0,63,0.0,126,2.7184242562605685e+23,-0.0,ERR,ERR,ERR,ERR,ERR,ERR,ERR,ERR,ERR,ERR,ERR,ERR,ERR,ERR,ERR,ERR,ERR,ERR,ERR,ERR,ERR,ERR,ERR,ERR,ERR,ERR,ERR,ERR,ERR,ERR,ERR,ERR,ERR,ERR,ERR,ERR,ERR,ERR,ERR,ERR,ERR,ERR,ERR,ERR,ERR,ERR,ERR,ERR,ERR,ERR,ERR,ERR,ERR,ERR,ERR,ERR,ERR,ERR,ERR,ERR,ERR,ERR,ERR,ERR,ERR,ERR,ERR,34.0,80.0,35,0.0,0.0,0.0,0.0,0.0,0.0,0.0,0.0,0.0,0.0,0.0,0.0,0.0,0.0,0.0,0.0,64.4,0,116,56,50,65476,0,300,0,0,8,20529,65476,0,0,57672,80.0,0.0,0.0,0.0,0.0,0.0
2026-06-17T04:19:00,ERR,ERR,ERR,ERR,ERR,ERR,ERR,ERR,ERR,ERR,ERR,ERR,ERR,ERR,ERR,ERR,ERR,ERR,ERR,ERR,ERR,ERR,ERR,ERR,ERR,ERR,ERR,ERR,ERR,ERR,ERR,ERR,ERR,ERR,ERR,ERR,ERR,ERR,ERR,ERR,ERR,ERR,ERR,ERR,ERR,ERR,ERR,ERR,ERR,ERR,ERR,ERR,ERR,ERR,ERR,ERR,ERR,ERR,ERR,ERR,ERR,ERR,ERR,ERR,ERR,ERR,ERR,ERR,ERR,ERR,ERR,ERR,ERR,ERR,ERR,ERR,ERR,ERR,ERR,ERR,ERR,ERR,ERR,ERR,ERR,ERR,ERR,ERR,ERR,ERR,ERR,ERR,ERR,ERR,ERR,ERR,ERR,ERR,ERR,ERR,ERR,ERR,ERR,ERR,ERR,ERR,ERR,ERR,ERR,ERR,ERR,ERR,ERR,ERR,ERR,ERR,ERR,ERR,ERR,ERR,ERR,ERR,ERR,ERR,ERR,0.0,0.0,0.0,0.0,0.0,1.3936040501711995e+18,7.805,0.0,0,0,4,0,7300,-0.0,0,0.0,0.0,0.0,0.0,0.0,0,0,0,0,0.0,0,0,0,0,0,0,0,0,0,0,0,0,0,0,0,0,0,0,0,0,0,0,0,0,0,0,0,0,0,0,0,0,0,32,30,30,62,65476,0,300,0,0,8,21553,0.0,-107605600.0,0.0,0.0,0.0,0.0,0.0,0.0,0.0,0.0,0.0,0.0,0.0,0.0,0.0,0.0,0.0,0.0,0.0,0.0,0.0,0.0,2.004,2.004,-0.0,-2.004,0.0,0.0,0.0,0.0,5348.0,-564146571575296.0,6971.0,0.0,0.0,-107615280.0,-107615328.0,0.0,0.0,0.0,0.0,63,126841077760.0,-152017515315200.0,0.0,0.0,0.0,0.0,0.0,0.0,0.0,0,0,0,0.0,0.0,0.0,0.0,0.0,0.0,0.0,0.0,0.0,0.0,0.0,0.0,0.0,0.0,0.0,0.0,0,-107875648.0,63,0.0,126,2.7184242562605685e+23,-0.0,ERR,ERR,ERR,ERR,ERR,ERR,ERR,ERR,ERR,ERR,ERR,ERR,ERR,ERR,ERR,ERR,ERR,ERR,ERR,ERR,ERR,ERR,ERR,ERR,ERR,ERR,ERR,ERR,ERR,ERR,ERR,ERR,ERR,ERR,ERR,ERR,ERR,ERR,ERR,ERR,ERR,ERR,ERR,ERR,ERR,ERR,ERR,ERR,ERR,ERR,ERR,ERR,ERR,ERR,ERR,ERR,ERR,ERR,ERR,ERR,ERR,ERR,ERR,ERR,ERR,ERR,ERR,34.0,80.0,35,0.0,0.0,0.0,0.0,0.0,0.0,0.0,0.0,0.0,0.0,0.0,0.0,0.0,0.0,0.0,0.0,64.4,0,116,56,50,65476,0,300,0,0,8,20529,65476,0,0,57672,80.0,0.0,0.0,0.0,0.0,0.0
2026-06-17T04:19:01,ERR,ERR,ERR,ERR,ERR,ERR,ERR,ERR,ERR,ERR,ERR,ERR,ERR,ERR,ERR,ERR,ERR,ERR,ERR,ERR,ERR,ERR,ERR,ERR,ERR,ERR,ERR,ERR,ERR,ERR,ERR,ERR,ERR,ERR,ERR,ERR,ERR,ERR,ERR,ERR,ERR,ERR,ERR,ERR,ERR,ERR,ERR,ERR,ERR,ERR,ERR,ERR,ERR,ERR,ERR,ERR,ERR,ERR,ERR,ERR,ERR,ERR,ERR,ERR,ERR,ERR,ERR,ERR,ERR,ERR,ERR,ERR,ERR,ERR,ERR,ERR,ERR,ERR,ERR,ERR,ERR,ERR,ERR,ERR,ERR,ERR,ERR,ERR,ERR,ERR,ERR,ERR,ERR,ERR,ERR,ERR,ERR,ERR,ERR,ERR,ERR,ERR,ERR,ERR,ERR,ERR,ERR,ERR,ERR,ERR,ERR,ERR,ERR,ERR,ERR,ERR,ERR,ERR,ERR,ERR,ERR,ERR,ERR,ERR,ERR,0.0,0.0,0.0,0.0,0.0,1.3936040501711995e+18,7.805,0.0,0,0,4,0,7300,-0.0,0,0.0,0.0,0.0,0.0,0.0,0,0,0,0,0.0,0,0,0,0,0,0,0,0,0,0,0,0,0,0,0,0,0,0,0,0,0,0,0,0,0,0,0,0,0,0,0,0,0,32,30,30,62,65476,0,300,0,0,8,21553,0.0,-107605600.0,0.0,0.0,0.0,0.0,0.0,0.0,0.0,0.0,0.0,0.0,0.0,0.0,0.0,0.0,0.0,0.0,0.0,0.0,0.0,0.0,2.004,2.004,-0.0,-2.004,0.0,0.0,0.0,0.0,5348.0,-564146571575296.0,6971.0,0.0,0.0,-107615280.0,-107615328.0,0.0,0.0,0.0,0.0,63,126841077760.0,-152017515315200.0,0.0,0.0,0.0,0.0,0.0,0.0,0.0,0,0,0,0.0,0.0,0.0,0.0,0.0,0.0,0.0,0.0,0.0,0.0,0.0,0.0,0.0,0.0,0.0,0.0,0,-107875648.0,63,0.0,126,2.7184242562605685e+23,-0.0,ERR,ERR,ERR,ERR,ERR,ERR,ERR,ERR,ERR,ERR,ERR,ERR,ERR,ERR,ERR,ERR,ERR,ERR,ERR,ERR,ERR,ERR,ERR,ERR,ERR,ERR,ERR,ERR,ERR,ERR,ERR,ERR,ERR,ERR,ERR,ERR,ERR,ERR,ERR,ERR,ERR,ERR,ERR,ERR,ERR,ERR,ERR,ERR,ERR,ERR,ERR,ERR,ERR,ERR,ERR,ERR,ERR,ERR,ERR,ERR,ERR,ERR,ERR,ERR,ERR,ERR,ERR,34.0,80.0,35,0.0,0.0,0.0,0.0,0.0,0.0,0.0,0.0,0.0,0.0,0.0,0.0,0.0,0.0,0.0,0.0,64.4,0,116,56,50,65476,0,300,0,0,8,20529,65476,0,0,57672,80.0,0.0,0.0,0.0,0.0,0.0
2026-06-17T04:19:02,ERR,ERR,ERR,ERR,ERR,ERR,ERR,ERR,ERR,ERR,ERR,ERR,ERR,ERR,ERR,ERR,ERR,ERR,ERR,ERR,ERR,ERR,ERR,ERR,ERR,ERR,ERR,ERR,ERR,ERR,ERR,ERR,ERR,ERR,ERR,ERR,ERR,ERR,ERR,ERR,ERR,ERR,ERR,ERR,ERR,ERR,ERR,ERR,ERR,ERR,ERR,ERR,ERR,ERR,ERR,ERR,ERR,ERR,ERR,ERR,ERR,ERR,ERR,ERR,ERR,ERR,ERR,ERR,ERR,ERR,ERR,ERR,ERR,ERR,ERR,ERR,ERR,ERR,ERR,ERR,ERR,ERR,ERR,ERR,ERR,ERR,ERR,ERR,ERR,ERR,ERR,ERR,ERR,ERR,ERR,ERR,ERR,ERR,ERR,ERR,ERR,ERR,ERR,ERR,ERR,ERR,ERR,ERR,ERR,ERR,ERR,ERR,ERR,ERR,ERR,ERR,ERR,ERR,ERR,ERR,ERR,ERR,ERR,ERR,ERR,0.0,0.0,0.0,0.0,0.0,1.3936040501711995e+18,7.805,0.0,0,0,4,0,7300,-0.0,0,0.0,0.0,0.0,0.0,0.0,0,0,0,0,0.0,0,0,0,0,0,0,0,0,0,0,0,0,0,0,0,0,0,0,0,0,0,0,0,0,0,0,0,0,0,0,0,0,0,32,30,30,62,65476,0,300,0,0,8,21553,0.0,-107605600.0,0.0,0.0,0.0,0.0,0.0,0.0,0.0,0.0,0.0,0.0,0.0,0.0,0.0,0.0,0.0,0.0,0.0,0.0,0.0,0.0,2.004,2.004,-0.0,-2.004,0.0,0.0,0.0,0.0,5348.0,-564146571575296.0,6971.0,0.0,0.0,-107615280.0,-107615328.0,0.0,0.0,0.0,0.0,63,126841077760.0,-152017515315200.0,0.0,0.0,0.0,0.0,0.0,0.0,0.0,0,0,0,0.0,0.0,0.0,0.0,0.0,0.0,0.0,0.0,0.0,0.0,0.0,0.0,0.0,0.0,0.0,0.0,0,-107875648.0,63,0.0,126,2.7184242562605685e+23,-0.0,ERR,ERR,ERR,ERR,ERR,ERR,ERR,ERR,ERR,ERR,ERR,ERR,ERR,ERR,ERR,ERR,ERR,ERR,ERR,ERR,ERR,ERR,ERR,ERR,ERR,ERR,ERR,ERR,ERR,ERR,ERR,ERR,ERR,ERR,ERR,ERR,ERR,ERR,ERR,ERR,ERR,ERR,ERR,ERR,ERR,ERR,ERR,ERR,ERR,ERR,ERR,ERR,ERR,ERR,ERR,ERR,ERR,ERR,ERR,ERR,ERR,ERR,ERR,ERR,ERR,ERR,ERR,34.0,80.0,35,0.0,0.0,0.0,0.0,0.0,0.0,0.0,0.0,0.0,0.0,0.0,0.0,0.0,0.0,0.0,0.0,64.4,0,116,56,50,65476,0,300,0,0,8,20529,65476,0,0,57672,80.0,0.0,0.0,0.0,0.0,0.0
2026-06-17T04:19:03,ERR,ERR,ERR,ERR,ERR,ERR,ERR,ERR,ERR,ERR,ERR,ERR,ERR,ERR,ERR,ERR,ERR,ERR,ERR,ERR,ERR,ERR,ERR,ERR,ERR,ERR,ERR,ERR,ERR,ERR,ERR,ERR,ERR,ERR,ERR,ERR,ERR,ERR,ERR,ERR,ERR,ERR,ERR,ERR,ERR,ERR,ERR,ERR,ERR,ERR,ERR,ERR,ERR,ERR,ERR,ERR,ERR,ERR,ERR,ERR,ERR,ERR,ERR,ERR,ERR,ERR,ERR,ERR,ERR,ERR,ERR,ERR,ERR,ERR,ERR,ERR,ERR,ERR,ERR,ERR,ERR,ERR,ERR,ERR,ERR,ERR,ERR,ERR,ERR,ERR,ERR,ERR,ERR,ERR,ERR,ERR,ERR,ERR,ERR,ERR,ERR,ERR,ERR,ERR,ERR,ERR,ERR,ERR,ERR,ERR,ERR,ERR,ERR,ERR,ERR,ERR,ERR,ERR,ERR,ERR,ERR,ERR,ERR,ERR,ERR,0.0,0.0,0.0,0.0,0.0,1.3936040501711995e+18,7.805,0.0,0,0,4,0,7300,-0.0,0,0.0,0.0,0.0,0.0,0.0,0,0,0,0,0.0,0,0,0,0,0,0,0,0,0,0,0,0,0,0,0,0,0,0,0,0,0,0,0,0,0,0,0,0,0,0,0,0,0,32,30,30,62,65476,0,300,0,0,8,21553,0.0,-107605600.0,0.0,0.0,0.0,0.0,0.0,0.0,0.0,0.0,0.0,0.0,0.0,0.0,0.0,0.0,0.0,0.0,0.0,0.0,0.0,0.0,2.004,2.004,-0.0,-2.004,0.0,0.0,0.0,0.0,5348.0,-564146571575296.0,6971.0,0.0,0.0,-107615280.0,-107615328.0,0.0,0.0,0.0,0.0,63,126841077760.0,-152017515315200.0,0.0,0.0,0.0,0.0,0.0,0.0,0.0,0,0,0,0.0,0.0,0.0,0.0,0.0,0.0,0.0,0.0,0.0,0.0,0.0,0.0,0.0,0.0,0.0,0.0,0,-107875648.0,63,0.0,126,2.7184242562605685e+23,-0.0,ERR,ERR,ERR,ERR,ERR,ERR,ERR,ERR,ERR,ERR,ERR,ERR,ERR,ERR,ERR,ERR,ERR,ERR,ERR,ERR,ERR,ERR,ERR,ERR,ERR,ERR,ERR,ERR,ERR,ERR,ERR,ERR,ERR,ERR,ERR,ERR,ERR,ERR,ERR,ERR,ERR,ERR,ERR,ERR,ERR,ERR,ERR,ERR,ERR,ERR,ERR,ERR,ERR,ERR,ERR,ERR,ERR,ERR,ERR,ERR,ERR,ERR,ERR,ERR,ERR,ERR,ERR,34.0,80.0,35,0.0,0.0,0.0,0.0,0.0,0.0,0.0,0.0,0.0,0.0,0.0,0.0,0.0,0.0,0.0,0.0,64.4,0,116,56,50,65476,0,300,0,0,8,20529,65476,0,0,57672,80.0,0.0,0.0,0.0,0.0,0.0
2026-06-17T04:19:04,ERR,ERR,ERR,ERR,ERR,ERR,ERR,ERR,ERR,ERR,ERR,ERR,ERR,ERR,ERR,ERR,ERR,ERR,ERR,ERR,ERR,ERR,ERR,ERR,ERR,ERR,ERR,ERR,ERR,ERR,ERR,ERR,ERR,ERR,ERR,ERR,ERR,ERR,ERR,ERR,ERR,ERR,ERR,ERR,ERR,ERR,ERR,ERR,ERR,ERR,ERR,ERR,ERR,ERR,ERR,ERR,ERR,ERR,ERR,ERR,ERR,ERR,ERR,ERR,ERR,ERR,ERR,ERR,ERR,ERR,ERR,ERR,ERR,ERR,ERR,ERR,ERR,ERR,ERR,ERR,ERR,ERR,ERR,ERR,ERR,ERR,ERR,ERR,ERR,ERR,ERR,ERR,ERR,ERR,ERR,ERR,ERR,ERR,ERR,ERR,ERR,ERR,ERR,ERR,ERR,ERR,ERR,ERR,ERR,ERR,ERR,ERR,ERR,ERR,ERR,ERR,ERR,ERR,ERR,ERR,ERR,ERR,ERR,ERR,ERR,0.0,0.0,0.0,0.0,0.0,1.3936040501711995e+18,7.805,0.0,0,0,4,0,7300,-0.0,0,0.0,0.0,0.0,0.0,0.0,0,0,0,0,0.0,0,0,0,0,0,0,0,0,0,0,0,0,0,0,0,0,0,0,0,0,0,0,0,0,0,0,0,0,0,0,0,0,0,32,30,30,62,65476,0,300,0,0,8,21553,0.0,-107605600.0,0.0,0.0,0.0,0.0,0.0,0.0,0.0,0.0,0.0,0.0,0.0,0.0,0.0,0.0,0.0,0.0,0.0,0.0,0.0,0.0,2.004,2.004,-0.0,-2.004,0.0,0.0,0.0,0.0,5379.0,0.0,6945.0,0.0,0.0,-107615280.0,-0.0,0.0,0.0,0.0,0.0,63,152018387730432.0,0.0,0.0,0.0,0.0,0.0,0.0,0.0,0.0,0,0,0,0.0,0.0,0.0,0.0,0.0,0.0,0.0,0.0,0.0,0.0,0.0,0.0,0.0,0.0,0.0,0.0,0,-107875648.0,63,0.0,126,2.7184242562605685e+23,-0.0,ERR,ERR,ERR,ERR,ERR,ERR,ERR,ERR,ERR,ERR,ERR,ERR,ERR,ERR,ERR,ERR,ERR,ERR,ERR,ERR,ERR,ERR,ERR,ERR,ERR,ERR,ERR,ERR,ERR,ERR,ERR,ERR,ERR,ERR,ERR,ERR,ERR,ERR,ERR,ERR,ERR,ERR,ERR,ERR,ERR,ERR,ERR,ERR,ERR,ERR,ERR,ERR,ERR,ERR,ERR,ERR,ERR,ERR,ERR,ERR,ERR,ERR,ERR,ERR,ERR,ERR,ERR,34.0,80.0,35,0.0,0.0,0.0,0.0,0.0,0.0,0.0,0.0,0.0,0.0,0.0,0.0,0.0,0.0,0.0,0.0,64.4,0,116,56,50,65476,0,300,0,0,8,20529,65476,0,0,57672,80.0,0.0,0.0,0.0,0.0,0.0
2026-06-17T04:19:05,ERR,ERR,ERR,ERR,ERR,ERR,ERR,ERR,ERR,ERR,ERR,ERR,ERR,ERR,ERR,ERR,ERR,ERR,ERR,ERR,ERR,ERR,ERR,ERR,ERR,ERR,ERR,ERR,ERR,ERR,ERR,ERR,ERR,ERR,ERR,ERR,ERR,ERR,ERR,ERR,ERR,ERR,ERR,ERR,ERR,ERR,ERR,ERR,ERR,ERR,ERR,ERR,ERR,ERR,ERR,ERR,ERR,ERR,ERR,ERR,ERR,ERR,ERR,ERR,ERR,ERR,ERR,ERR,ERR,ERR,ERR,ERR,ERR,ERR,ERR,ERR,ERR,ERR,ERR,ERR,ERR,ERR,ERR,ERR,ERR,ERR,ERR,ERR,ERR,ERR,ERR,ERR,ERR,ERR,ERR,ERR,ERR,ERR,ERR,ERR,ERR,ERR,ERR,ERR,ERR,ERR,ERR,ERR,ERR,ERR,ERR,ERR,ERR,ERR,ERR,ERR,ERR,ERR,ERR,ERR,ERR,ERR,ERR,ERR,ERR,0.0,0.0,0.0,0.0,0.0,1.3936040501711995e+18,7.805,0.0,0,0,4,0,7300,-0.0,0,0.0,0.0,0.0,0.0,0.0,0,0,0,0,0.0,0,0,0,0,0,0,0,0,0,0,0,0,0,0,0,0,0,0,0,0,0,0,0,0,0,0,0,0,0,0,0,0,0,32,30,30,62,65476,0,300,0,0,8,21553,0.0,-107605600.0,0.0,0.0,0.0,0.0,0.0,0.0,0.0,0.0,0.0,0.0,0.0,0.0,0.0,0.0,0.0,0.0,0.0,0.0,0.0,0.0,2.004,2.004,-0.0,-2.004,0.0,0.0,0.0,0.0,5379.0,0.0,6945.0,0.0,0.0,-107615280.0,-0.0,0.0,0.0,0.0,0.0,63,152018387730432.0,0.0,0.0,0.0,0.0,0.0,0.0,0.0,0.0,0,0,0,0.0,0.0,0.0,0.0,0.0,0.0,0.0,0.0,0.0,0.0,0.0,0.0,0.0,0.0,0.0,0.0,0,-107875648.0,63,0.0,126,2.7184242562605685e+23,-0.0,ERR,ERR,ERR,ERR,ERR,ERR,ERR,ERR,ERR,ERR,ERR,ERR,ERR,ERR,ERR,ERR,ERR,ERR,ERR,ERR,ERR,ERR,ERR,ERR,ERR,ERR,ERR,ERR,ERR,ERR,ERR,ERR,ERR,ERR,ERR,ERR,ERR,ERR,ERR,ERR,ERR,ERR,ERR,ERR,ERR,ERR,ERR,ERR,ERR,ERR,ERR,ERR,ERR,ERR,ERR,ERR,ERR,ERR,ERR,ERR,ERR,ERR,ERR,ERR,ERR,ERR,ERR,34.0,80.0,35,0.0,0.0,0.0,0.0,0.0,0.0,0.0,0.0,0.0,0.0,0.0,0.0,0.0,0.0,0.0,0.0,64.4,0,116,56,50,65476,0,300,0,0,8,20529,65476,0,0,57672,80.0,0.0,0.0,0.0,0.0,0.0
2026-06-17T04:19:06,ERR,ERR,ERR,ERR,ERR,ERR,ERR,ERR,ERR,ERR,ERR,ERR,ERR,ERR,ERR,ERR,ERR,ERR,ERR,ERR,ERR,ERR,ERR,ERR,ERR,ERR,ERR,ERR,ERR,ERR,ERR,ERR,ERR,ERR,ERR,ERR,ERR,ERR,ERR,ERR,ERR,ERR,ERR,ERR,ERR,ERR,ERR,ERR,ERR,ERR,ERR,ERR,ERR,ERR,ERR,ERR,ERR,ERR,ERR,ERR,ERR,ERR,ERR,ERR,ERR,ERR,ERR,ERR,ERR,ERR,ERR,ERR,ERR,ERR,ERR,ERR,ERR,ERR,ERR,ERR,ERR,ERR,ERR,ERR,ERR,ERR,ERR,ERR,ERR,ERR,ERR,ERR,ERR,ERR,ERR,ERR,ERR,ERR,ERR,ERR,ERR,ERR,ERR,ERR,ERR,ERR,ERR,ERR,ERR,ERR,ERR,ERR,ERR,ERR,ERR,ERR,ERR,ERR,ERR,ERR,ERR,ERR,ERR,ERR,ERR,0.0,0.0,0.0,0.0,0.0,1.3936040501711995e+18,7.805,0.0,0,0,4,0,7300,-0.0,0,0.0,0.0,0.0,0.0,0.0,0,0,0,0,0.0,0,0,0,0,0,0,0,0,0,0,0,0,0,0,0,0,0,0,0,0,0,0,0,0,0,0,0,0,0,0,0,0,0,32,30,30,62,65476,0,300,0,0,8,21553,0.0,-107605600.0,0.0,0.0,0.0,0.0,0.0,0.0,0.0,0.0,0.0,0.0,0.0,0.0,0.0,0.0,0.0,0.0,0.0,0.0,0.0,0.0,2.004,2.004,-0.0,-2.004,0.0,0.0,0.0,0.0,5379.0,0.0,6945.0,0.0,0.0,-107615280.0,-0.0,0.0,0.0,0.0,0.0,63,152018387730432.0,0.0,0.0,0.0,0.0,0.0,0.0,0.0,0.0,0,0,0,0.0,0.0,0.0,0.0,0.0,0.0,0.0,0.0,0.0,0.0,0.0,0.0,0.0,0.0,0.0,0.0,0,-107875648.0,63,0.0,126,2.7184242562605685e+23,-0.0,ERR,ERR,ERR,ERR,ERR,ERR,ERR,ERR,ERR,ERR,ERR,ERR,ERR,ERR,ERR,ERR,ERR,ERR,ERR,ERR,ERR,ERR,ERR,ERR,ERR,ERR,ERR,ERR,ERR,ERR,ERR,ERR,ERR,ERR,ERR,ERR,ERR,ERR,ERR,ERR,ERR,ERR,ERR,ERR,ERR,ERR,ERR,ERR,ERR,ERR,ERR,ERR,ERR,ERR,ERR,ERR,ERR,ERR,ERR,ERR,ERR,ERR,ERR,ERR,ERR,ERR,ERR,34.0,80.0,35,0.0,0.0,0.0,0.0,0.0,0.0,0.0,0.0,0.0,0.0,0.0,0.0,0.0,0.0,0.0,0.0,64.4,0,116,56,50,65476,0,300,0,0,8,20529,65476,0,0,57672,80.0,0.0,0.0,0.0,0.0,0.0
2026-06-17T04:19:07,ERR,ERR,ERR,ERR,ERR,ERR,ERR,ERR,ERR,ERR,ERR,ERR,ERR,ERR,ERR,ERR,ERR,ERR,ERR,ERR,ERR,ERR,ERR,ERR,ERR,ERR,ERR,ERR,ERR,ERR,ERR,ERR,ERR,ERR,ERR,ERR,ERR,ERR,ERR,ERR,ERR,ERR,ERR,ERR,ERR,ERR,ERR,ERR,ERR,ERR,ERR,ERR,ERR,ERR,ERR,ERR,ERR,ERR,ERR,ERR,ERR,ERR,ERR,ERR,ERR,ERR,ERR,ERR,ERR,ERR,ERR,ERR,ERR,ERR,ERR,ERR,ERR,ERR,ERR,ERR,ERR,ERR,ERR,ERR,ERR,ERR,ERR,ERR,ERR,ERR,ERR,ERR,ERR,ERR,ERR,ERR,ERR,ERR,ERR,ERR,ERR,ERR,ERR,ERR,ERR,ERR,ERR,ERR,ERR,ERR,ERR,ERR,ERR,ERR,ERR,ERR,ERR,ERR,ERR,ERR,ERR,ERR,ERR,ERR,ERR,0.0,0.0,0.0,0.0,0.0,1.3936040501711995e+18,7.805,0.0,0,0,4,0,7300,-0.0,0,0.0,0.0,0.0,0.0,0.0,0,0,0,0,0.0,0,0,0,0,0,0,0,0,0,0,0,0,0,0,0,0,0,0,0,0,0,0,0,0,0,0,0,0,0,0,0,0,0,32,30,30,62,65476,0,300,0,0,8,21553,0.0,-107605600.0,0.0,0.0,0.0,0.0,0.0,0.0,0.0,0.0,0.0,0.0,0.0,0.0,0.0,0.0,0.0,0.0,0.0,0.0,0.0,0.0,2.004,2.004,-0.0,-2.004,0.0,0.0,0.0,0.0,5379.0,0.0,6945.0,0.0,0.0,-107615280.0,-0.0,0.0,0.0,0.0,0.0,63,152018387730432.0,0.0,0.0,0.0,0.0,0.0,0.0,0.0,0.0,0,0,0,0.0,0.0,0.0,0.0,0.0,0.0,0.0,0.0,0.0,0.0,0.0,0.0,0.0,0.0,0.0,0.0,0,-107875648.0,63,0.0,126,2.7184242562605685e+23,-0.0,ERR,ERR,ERR,ERR,ERR,ERR,ERR,ERR,ERR,ERR,ERR,ERR,ERR,ERR,ERR,ERR,ERR,ERR,ERR,ERR,ERR,ERR,ERR,ERR,ERR,ERR,ERR,ERR,ERR,ERR,ERR,ERR,ERR,ERR,ERR,ERR,ERR,ERR,ERR,ERR,ERR,ERR,ERR,ERR,ERR,ERR,ERR,ERR,ERR,ERR,ERR,ERR,ERR,ERR,ERR,ERR,ERR,ERR,ERR,ERR,ERR,ERR,ERR,ERR,ERR,ERR,ERR,34.0,80.0,35,0.0,0.0,0.0,0.0,0.0,0.0,0.0,0.0,0.0,0.0,0.0,0.0,0.0,0.0,0.0,0.0,64.4,0,116,56,50,65476,0,300,0,0,8,20529,65476,0,0,57672,80.0,0.0,0.0,0.0,0.0,0.0
2026-06-17T04:19:08,ERR,ERR,ERR,ERR,ERR,ERR,ERR,ERR,ERR,ERR,ERR,ERR,ERR,ERR,ERR,ERR,ERR,ERR,ERR,ERR,ERR,ERR,ERR,ERR,ERR,ERR,ERR,ERR,ERR,ERR,ERR,ERR,ERR,ERR,ERR,ERR,ERR,ERR,ERR,ERR,ERR,ERR,ERR,ERR,ERR,ERR,ERR,ERR,ERR,ERR,ERR,ERR,ERR,ERR,ERR,ERR,ERR,ERR,ERR,ERR,ERR,ERR,ERR,ERR,ERR,ERR,ERR,ERR,ERR,ERR,ERR,ERR,ERR,ERR,ERR,ERR,ERR,ERR,ERR,ERR,ERR,ERR,ERR,ERR,ERR,ERR,ERR,ERR,ERR,ERR,ERR,ERR,ERR,ERR,ERR,ERR,ERR,ERR,ERR,ERR,ERR,ERR,ERR,ERR,ERR,ERR,ERR,ERR,ERR,ERR,ERR,ERR,ERR,ERR,ERR,ERR,ERR,ERR,ERR,ERR,ERR,ERR,ERR,ERR,ERR,0.0,0.0,0.0,0.0,0.0,1.3936040501711995e+18,7.805,0.0,0,0,4,0,7300,-0.0,0,0.0,0.0,0.0,0.0,0.0,0,0,0,0,0.0,0,0,0,0,0,0,0,0,0,0,0,0,0,0,0,0,0,0,0,0,0,0,0,0,0,0,0,0,0,0,0,0,0,32,30,30,62,65476,0,300,0,0,8,21553,0.0,-107605600.0,0.0,0.0,0.0,0.0,0.0,0.0,0.0,0.0,0.0,0.0,0.0,0.0,0.0,0.0,0.0,0.0,0.0,0.0,0.0,0.0,2.004,2.004,-0.0,-2.004,0.0,0.0,0.0,0.0,5379.0,0.0,6945.0,0.0,0.0,-107615280.0,-0.0,0.0,0.0,0.0,0.0,63,152018387730432.0,0.0,0.0,0.0,0.0,0.0,0.0,0.0,0.0,0,0,0,0.0,0.0,0.0,0.0,0.0,0.0,0.0,0.0,0.0,0.0,0.0,0.0,0.0,0.0,0.0,0.0,0,-107875648.0,63,0.0,126,2.7184242562605685e+23,-0.0,ERR,ERR,ERR,ERR,ERR,ERR,ERR,ERR,ERR,ERR,ERR,ERR,ERR,ERR,ERR,ERR,ERR,ERR,ERR,ERR,ERR,ERR,ERR,ERR,ERR,ERR,ERR,ERR,ERR,ERR,ERR,ERR,ERR,ERR,ERR,ERR,ERR,ERR,ERR,ERR,ERR,ERR,ERR,ERR,ERR,ERR,ERR,ERR,ERR,ERR,ERR,ERR,ERR,ERR,ERR,ERR,ERR,ERR,ERR,ERR,ERR,ERR,ERR,ERR,ERR,ERR,ERR,34.0,80.0,35,0.0,0.0,0.0,0.0,0.0,0.0,0.0,0.0,0.0,0.0,0.0,0.0,0.0,0.0,0.0,0.0,64.4,0,116,56,50,65476,0,300,0,0,8,20529,65476,0,0,57672,80.0,0.0,0.0,0.0,0.0,0.0
2026-06-17T04:19:09,ERR,ERR,ERR,ERR,ERR,ERR,ERR,ERR,ERR,ERR,ERR,ERR,ERR,ERR,ERR,ERR,ERR,ERR,ERR,ERR,ERR,ERR,ERR,ERR,ERR,ERR,ERR,ERR,ERR,ERR,ERR,ERR,ERR,ERR,ERR,ERR,ERR,ERR,ERR,ERR,ERR,ERR,ERR,ERR,ERR,ERR,ERR,ERR,ERR,ERR,ERR,ERR,ERR,ERR,ERR,ERR,ERR,ERR,ERR,ERR,ERR,ERR,ERR,ERR,ERR,ERR,ERR,ERR,ERR,ERR,ERR,ERR,ERR,ERR,ERR,ERR,ERR,ERR,ERR,ERR,ERR,ERR,ERR,ERR,ERR,ERR,ERR,ERR,ERR,ERR,ERR,ERR,ERR,ERR,ERR,ERR,ERR,ERR,ERR,ERR,ERR,ERR,ERR,ERR,ERR,ERR,ERR,ERR,ERR,ERR,ERR,ERR,ERR,ERR,ERR,ERR,ERR,ERR,ERR,ERR,ERR,ERR,ERR,ERR,ERR,0.0,0.0,0.0,0.0,0.0,1.3936040501711995e+18,7.805,0.0,0,0,4,0,7300,-0.0,0,0.0,0.0,0.0,0.0,0.0,0,0,0,0,0.0,0,0,0,0,0,0,0,0,0,0,0,0,0,0,0,0,0,0,0,0,0,0,0,0,0,0,0,0,0,0,0,0,0,32,30,30,62,65476,0,300,0,0,8,21553,0.0,-107605600.0,0.0,0.0,0.0,0.0,0.0,0.0,0.0,0.0,0.0,0.0,0.0,0.0,0.0,0.0,0.0,0.0,0.0,0.0,0.0,0.0,2.004,2.004,-0.0,-2.004,0.0,0.0,0.0,0.0,5377.0,0.0,6948.0,0.0,0.0,-107615280.0,-0.0,0.0,0.0,0.0,0.0,63,107615312.0,1.9056884997475533e+17,0.0,0.0,0.0,0.0,0.0,0.0,0.0,0,0,0,0.0,0.0,0.0,0.0,0.0,0.0,0.0,0.0,0.0,0.0,0.0,0.0,0.0,0.0,0.0,0.0,0,-107875648.0,63,0.0,126,2.7184242562605685e+23,-0.0,ERR,ERR,ERR,ERR,ERR,ERR,ERR,ERR,ERR,ERR,ERR,ERR,ERR,ERR,ERR,ERR,ERR,ERR,ERR,ERR,ERR,ERR,ERR,ERR,ERR,ERR,ERR,ERR,ERR,ERR,ERR,ERR,ERR,ERR,ERR,ERR,ERR,ERR,ERR,ERR,ERR,ERR,ERR,ERR,ERR,ERR,ERR,ERR,ERR,ERR,ERR,ERR,ERR,ERR,ERR,ERR,ERR,ERR,ERR,ERR,ERR,ERR,ERR,ERR,ERR,ERR,ERR,34.0,80.0,35,0.0,0.0,0.0,0.0,0.0,0.0,0.0,0.0,0.0,0.0,0.0,0.0,0.0,0.0,0.0,0.0,64.4,0,116,56,50,65476,0,300,0,0,8,20529,65476,0,0,57672,80.0,0.0,0.0,0.0,0.0,0.0
2026-06-17T04:19:10,ERR,ERR,ERR,ERR,ERR,ERR,ERR,ERR,ERR,ERR,ERR,ERR,ERR,ERR,ERR,ERR,ERR,ERR,ERR,ERR,ERR,ERR,ERR,ERR,ERR,ERR,ERR,ERR,ERR,ERR,ERR,ERR,ERR,ERR,ERR,ERR,ERR,ERR,ERR,ERR,ERR,ERR,ERR,ERR,ERR,ERR,ERR,ERR,ERR,ERR,ERR,ERR,ERR,ERR,ERR,ERR,ERR,ERR,ERR,ERR,ERR,ERR,ERR,ERR,ERR,ERR,ERR,ERR,ERR,ERR,ERR,ERR,ERR,ERR,ERR,ERR,ERR,ERR,ERR,ERR,ERR,ERR,ERR,ERR,ERR,ERR,ERR,ERR,ERR,ERR,ERR,ERR,ERR,ERR,ERR,ERR,ERR,ERR,ERR,ERR,ERR,ERR,ERR,ERR,ERR,ERR,ERR,ERR,ERR,ERR,ERR,ERR,ERR,ERR,ERR,ERR,ERR,ERR,ERR,ERR,ERR,ERR,ERR,ERR,ERR,0.0,0.0,0.0,0.0,0.0,1.3936040501711995e+18,7.805,0.0,0,0,4,0,7300,-0.0,0,0.0,0.0,0.0,0.0,0.0,0,0,0,0,0.0,0,0,0,0,0,0,0,0,0,0,0,0,0,0,0,0,0,0,0,0,0,0,0,0,0,0,0,0,0,0,0,0,0,32,30,30,62,65476,0,300,0,0,8,21553,0.0,-107605600.0,0.0,0.0,0.0,0.0,0.0,0.0,0.0,0.0,0.0,0.0,0.0,0.0,0.0,0.0,0.0,0.0,0.0,0.0,0.0,0.0,2.004,2.004,-0.0,-2.004,0.0,0.0,0.0,0.0,5377.0,0.0,6948.0,0.0,0.0,-107615280.0,-0.0,0.0,0.0,0.0,0.0,63,107615312.0,1.9056884997475533e+17,0.0,0.0,0.0,0.0,0.0,0.0,0.0,0,0,0,0.0,0.0,0.0,0.0,0.0,0.0,0.0,0.0,0.0,0.0,0.0,0.0,0.0,0.0,0.0,0.0,0,-107875648.0,63,0.0,126,2.7184242562605685e+23,-0.0,ERR,ERR,ERR,ERR,ERR,ERR,ERR,ERR,ERR,ERR,ERR,ERR,ERR,ERR,ERR,ERR,ERR,ERR,ERR,ERR,ERR,ERR,ERR,ERR,ERR,ERR,ERR,ERR,ERR,ERR,ERR,ERR,ERR,ERR,ERR,ERR,ERR,ERR,ERR,ERR,ERR,ERR,ERR,ERR,ERR,ERR,ERR,ERR,ERR,ERR,ERR,ERR,ERR,ERR,ERR,ERR,ERR,ERR,ERR,ERR,ERR,ERR,ERR,ERR,ERR,ERR,ERR,34.0,80.0,35,0.0,0.0,0.0,0.0,0.0,0.0,0.0,0.0,0.0,0.0,0.0,0.0,0.0,0.0,0.0,0.0,64.4,0,116,56,50,65476,0,300,0,0,8,20529,65476,0,0,57672,80.0,0.0,0.0,0.0,0.0,0.0
2026-06-17T04:19:11,ERR,ERR,ERR,ERR,ERR,ERR,ERR,ERR,ERR,ERR,ERR,ERR,ERR,ERR,ERR,ERR,ERR,ERR,ERR,ERR,ERR,ERR,ERR,ERR,ERR,ERR,ERR,ERR,ERR,ERR,ERR,ERR,ERR,ERR,ERR,ERR,ERR,ERR,ERR,ERR,ERR,ERR,ERR,ERR,ERR,ERR,ERR,ERR,ERR,ERR,ERR,ERR,ERR,ERR,ERR,ERR,ERR,ERR,ERR,ERR,ERR,ERR,ERR,ERR,ERR,ERR,ERR,ERR,ERR,ERR,ERR,ERR,ERR,ERR,ERR,ERR,ERR,ERR,ERR,ERR,ERR,ERR,ERR,ERR,ERR,ERR,ERR,ERR,ERR,ERR,ERR,ERR,ERR,ERR,ERR,ERR,ERR,ERR,ERR,ERR,ERR,ERR,ERR,ERR,ERR,ERR,ERR,ERR,ERR,ERR,ERR,ERR,ERR,ERR,ERR,ERR,ERR,ERR,ERR,ERR,ERR,ERR,ERR,ERR,ERR,0.0,0.0,0.0,0.0,0.0,1.3936040501711995e+18,7.805,0.0,0,0,4,0,7300,-0.0,0,0.0,0.0,0.0,0.0,0.0,0,0,0,0,0.0,0,0,0,0,0,0,0,0,0,0,0,0,0,0,0,0,0,0,0,0,0,0,0,0,0,0,0,0,0,0,0,0,0,32,30,30,62,65476,0,300,0,0,8,21553,0.0,-107605600.0,0.0,0.0,0.0,0.0,0.0,0.0,0.0,0.0,0.0,0.0,0.0,0.0,0.0,0.0,0.0,0.0,0.0,0.0,0.0,0.0,2.004,2.004,-0.0,-2.004,0.0,0.0,0.0,0.0,5377.0,0.0,6948.0,0.0,0.0,-107615280.0,-0.0,0.0,0.0,0.0,0.0,63,107615312.0,1.9056884997475533e+17,0.0,0.0,0.0,0.0,0.0,0.0,0.0,0,0,0,0.0,0.0,0.0,0.0,0.0,0.0,0.0,0.0,0.0,0.0,0.0,0.0,0.0,0.0,0.0,0.0,0,-107875648.0,63,0.0,126,2.7184242562605685e+23,-0.0,ERR,ERR,ERR,ERR,ERR,ERR,ERR,ERR,ERR,ERR,ERR,ERR,ERR,ERR,ERR,ERR,ERR,ERR,ERR,ERR,ERR,ERR,ERR,ERR,ERR,ERR,ERR,ERR,ERR,ERR,ERR,ERR,ERR,ERR,ERR,ERR,ERR,ERR,ERR,ERR,ERR,ERR,ERR,ERR,ERR,ERR,ERR,ERR,ERR,ERR,ERR,ERR,ERR,ERR,ERR,ERR,ERR,ERR,ERR,ERR,ERR,ERR,ERR,ERR,ERR,ERR,ERR,34.0,80.0,35,0.0,0.0,0.0,0.0,0.0,0.0,0.0,0.0,0.0,0.0,0.0,0.0,0.0,0.0,0.0,0.0,64.4,0,116,56,50,65476,0,300,0,0,8,20529,65476,0,0,57672,80.0,0.0,0.0,0.0,0.0,0.0
2026-06-17T04:19:12,ERR,ERR,ERR,ERR,ERR,ERR,ERR,ERR,ERR,ERR,ERR,ERR,ERR,ERR,ERR,ERR,ERR,ERR,ERR,ERR,ERR,ERR,ERR,ERR,ERR,ERR,ERR,ERR,ERR,ERR,ERR,ERR,ERR,ERR,ERR,ERR,ERR,ERR,ERR,ERR,ERR,ERR,ERR,ERR,ERR,ERR,ERR,ERR,ERR,ERR,ERR,ERR,ERR,ERR,ERR,ERR,ERR,ERR,ERR,ERR,ERR,ERR,ERR,ERR,ERR,ERR,ERR,ERR,ERR,ERR,ERR,ERR,ERR,ERR,ERR,ERR,ERR,ERR,ERR,ERR,ERR,ERR,ERR,ERR,ERR,ERR,ERR,ERR,ERR,ERR,ERR,ERR,ERR,ERR,ERR,ERR,ERR,ERR,ERR,ERR,ERR,ERR,ERR,ERR,ERR,ERR,ERR,ERR,ERR,ERR,ERR,ERR,ERR,ERR,ERR,ERR,ERR,ERR,ERR,ERR,ERR,ERR,ERR,ERR,ERR,0.0,0.0,0.0,0.0,0.0,1.3936040501711995e+18,7.805,0.0,0,0,4,0,7300,-0.0,0,0.0,0.0,0.0,0.0,0.0,0,0,0,0,0.0,0,0,0,0,0,0,0,0,0,0,0,0,0,0,0,0,0,0,0,0,0,0,0,0,0,0,0,0,0,0,0,0,0,32,30,30,62,65476,0,300,0,0,8,21553,0.0,-107605600.0,0.0,0.0,0.0,0.0,0.0,0.0,0.0,0.0,0.0,0.0,0.0,0.0,0.0,0.0,0.0,0.0,0.0,0.0,0.0,0.0,2.004,2.004,-0.0,-2.004,0.0,0.0,0.0,0.0,5377.0,0.0,6948.0,0.0,0.0,-107615280.0,-0.0,0.0,0.0,0.0,0.0,63,107615312.0,1.9056884997475533e+17,0.0,0.0,0.0,0.0,0.0,0.0,0.0,0,0,0,0.0,0.0,0.0,0.0,0.0,0.0,0.0,0.0,0.0,0.0,0.0,0.0,0.0,0.0,0.0,0.0,0,-107875648.0,63,0.0,126,2.7184242562605685e+23,-0.0,ERR,ERR,ERR,ERR,ERR,ERR,ERR,ERR,ERR,ERR,ERR,ERR,ERR,ERR,ERR,ERR,ERR,ERR,ERR,ERR,ERR,ERR,ERR,ERR,ERR,ERR,ERR,ERR,ERR,ERR,ERR,ERR,ERR,ERR,ERR,ERR,ERR,ERR,ERR,ERR,ERR,ERR,ERR,ERR,ERR,ERR,ERR,ERR,ERR,ERR,ERR,ERR,ERR,ERR,ERR,ERR,ERR,ERR,ERR,ERR,ERR,ERR,ERR,ERR,ERR,ERR,ERR,34.0,80.0,35,0.0,0.0,0.0,0.0,0.0,0.0,0.0,0.0,0.0,0.0,0.0,0.0,0.0,0.0,0.0,0.0,64.4,0,116,56,50,65476,0,300,0,0,8,20529,65476,0,0,57672,80.0,0.0,0.0,0.0,0.0,0.0
2026-06-17T04:19:13,ERR,ERR,ERR,ERR,ERR,ERR,ERR,ERR,ERR,ERR,ERR,ERR,ERR,ERR,ERR,ERR,ERR,ERR,ERR,ERR,ERR,ERR,ERR,ERR,ERR,ERR,ERR,ERR,ERR,ERR,ERR,ERR,ERR,ERR,ERR,ERR,ERR,ERR,ERR,ERR,ERR,ERR,ERR,ERR,ERR,ERR,ERR,ERR,ERR,ERR,ERR,ERR,ERR,ERR,ERR,ERR,ERR,ERR,ERR,ERR,ERR,ERR,ERR,ERR,ERR,ERR,ERR,ERR,ERR,ERR,ERR,ERR,ERR,ERR,ERR,ERR,ERR,ERR,ERR,ERR,ERR,ERR,ERR,ERR,ERR,ERR,ERR,ERR,ERR,ERR,ERR,ERR,ERR,ERR,ERR,ERR,ERR,ERR,ERR,ERR,ERR,ERR,ERR,ERR,ERR,ERR,ERR,ERR,ERR,ERR,ERR,ERR,ERR,ERR,ERR,ERR,ERR,ERR,ERR,ERR,ERR,ERR,ERR,ERR,ERR,0.0,0.0,0.0,0.0,0.0,1.3936040501711995e+18,7.805,0.0,0,0,4,0,7300,-0.0,0,0.0,0.0,0.0,0.0,0.0,0,0,0,0,0.0,0,0,0,0,0,0,0,0,0,0,0,0,0,0,0,0,0,0,0,0,0,0,0,0,0,0,0,0,0,0,0,0,0,32,30,30,62,65476,0,300,0,0,8,21553,0.0,-107605600.0,0.0,0.0,0.0,0.0,0.0,0.0,0.0,0.0,0.0,0.0,0.0,0.0,0.0,0.0,0.0,0.0,0.0,0.0,0.0,0.0,2.004,2.004,-0.0,-2.004,0.0,0.0,0.0,0.0,5377.0,0.0,6948.0,0.0,0.0,-107615280.0,-0.0,0.0,0.0,0.0,0.0,63,107615312.0,1.9056884997475533e+17,0.0,0.0,0.0,0.0,0.0,0.0,0.0,0,0,0,0.0,0.0,0.0,0.0,0.0,0.0,0.0,0.0,0.0,0.0,0.0,0.0,0.0,0.0,0.0,0.0,0,-107875648.0,63,0.0,126,2.7184242562605685e+23,-0.0,ERR,ERR,ERR,ERR,ERR,ERR,ERR,ERR,ERR,ERR,ERR,ERR,ERR,ERR,ERR,ERR,ERR,ERR,ERR,ERR,ERR,ERR,ERR,ERR,ERR,ERR,ERR,ERR,ERR,ERR,ERR,ERR,ERR,ERR,ERR,ERR,ERR,ERR,ERR,ERR,ERR,ERR,ERR,ERR,ERR,ERR,ERR,ERR,ERR,ERR,ERR,ERR,ERR,ERR,ERR,ERR,ERR,ERR,ERR,ERR,ERR,ERR,ERR,ERR,ERR,ERR,ERR,34.0,80.0,35,0.0,0.0,0.0,0.0,0.0,0.0,0.0,0.0,0.0,0.0,0.0,0.0,0.0,0.0,0.0,0.0,64.4,0,116,56,50,65476,0,300,0,0,8,20529,65476,0,0,57672,80.0,0.0,0.0,0.0,0.0,0.0
2026-06-17T04:19:14,ERR,ERR,ERR,ERR,ERR,ERR,ERR,ERR,ERR,ERR,ERR,ERR,ERR,ERR,ERR,ERR,ERR,ERR,ERR,ERR,ERR,ERR,ERR,ERR,ERR,ERR,ERR,ERR,ERR,ERR,ERR,ERR,ERR,ERR,ERR,ERR,ERR,ERR,ERR,ERR,ERR,ERR,ERR,ERR,ERR,ERR,ERR,ERR,ERR,ERR,ERR,ERR,ERR,ERR,ERR,ERR,ERR,ERR,ERR,ERR,ERR,ERR,ERR,ERR,ERR,ERR,ERR,ERR,ERR,ERR,ERR,ERR,ERR,ERR,ERR,ERR,ERR,ERR,ERR,ERR,ERR,ERR,ERR,ERR,ERR,ERR,ERR,ERR,ERR,ERR,ERR,ERR,ERR,ERR,ERR,ERR,ERR,ERR,ERR,ERR,ERR,ERR,ERR,ERR,ERR,ERR,ERR,ERR,ERR,ERR,ERR,ERR,ERR,ERR,ERR,ERR,ERR,ERR,ERR,ERR,ERR,ERR,ERR,ERR,ERR,0.0,0.0,0.0,0.0,0.0,1.3936040501711995e+18,7.805,0.0,0,0,4,0,7300,-0.0,0,0.0,0.0,0.0,0.0,0.0,0,0,0,0,0.0,0,0,0,0,0,0,0,0,0,0,0,0,0,0,0,0,0,0,0,0,0,0,0,0,0,0,0,0,0,0,0,0,0,32,30,30,62,65476,0,300,0,0,8,21553,0.0,-107605600.0,0.0,0.0,0.0,0.0,0.0,0.0,0.0,0.0,0.0,0.0,0.0,0.0,0.0,0.0,0.0,0.0,0.0,0.0,0.0,0.0,2.004,2.004,-0.0,-2.004,0.0,0.0,0.0,0.0,5377.0,0.0,6948.0,0.0,0.0,-107615280.0,-0.0,0.0,0.0,0.0,0.0,63,107615312.0,1.9056884997475533e+17,0.0,0.0,0.0,0.0,0.0,0.0,0.0,0,0,0,0.0,0.0,0.0,0.0,0.0,0.0,0.0,0.0,0.0,0.0,0.0,0.0,0.0,0.0,0.0,0.0,0,-107875648.0,63,0.0,126,2.7184242562605685e+23,-0.0,ERR,ERR,ERR,ERR,ERR,ERR,ERR,ERR,ERR,ERR,ERR,ERR,ERR,ERR,ERR,ERR,ERR,ERR,ERR,ERR,ERR,ERR,ERR,ERR,ERR,ERR,ERR,ERR,ERR,ERR,ERR,ERR,ERR,ERR,ERR,ERR,ERR,ERR,ERR,ERR,ERR,ERR,ERR,ERR,ERR,ERR,ERR,ERR,ERR,ERR,ERR,ERR,ERR,ERR,ERR,ERR,ERR,ERR,ERR,ERR,ERR,ERR,ERR,ERR,ERR,ERR,ERR,34.0,80.0,35,0.0,0.0,0.0,0.0,0.0,0.0,0.0,0.0,0.0,0.0,0.0,0.0,0.0,0.0,0.0,0.0,64.4,0,116,56,50,65476,0,300,0,0,8,20529,65476,0,0,57672,80.0,0.0,0.0,0.0,0.0,0.0
2026-06-17T04:19:15,ERR,ERR,ERR,ERR,ERR,ERR,ERR,ERR,ERR,ERR,ERR,ERR,ERR,ERR,ERR,ERR,ERR,ERR,ERR,ERR,ERR,ERR,ERR,ERR,ERR,ERR,ERR,ERR,ERR,ERR,ERR,ERR,ERR,ERR,ERR,ERR,ERR,ERR,ERR,ERR,ERR,ERR,ERR,ERR,ERR,ERR,ERR,ERR,ERR,ERR,ERR,ERR,ERR,ERR,ERR,ERR,ERR,ERR,ERR,ERR,ERR,ERR,ERR,ERR,ERR,ERR,ERR,ERR,ERR,ERR,ERR,ERR,ERR,ERR,ERR,ERR,ERR,ERR,ERR,ERR,ERR,ERR,ERR,ERR,ERR,ERR,ERR,ERR,ERR,ERR,ERR,ERR,ERR,ERR,ERR,ERR,ERR,ERR,ERR,ERR,ERR,ERR,ERR,ERR,ERR,ERR,ERR,ERR,ERR,ERR,ERR,ERR,ERR,ERR,ERR,ERR,ERR,ERR,ERR,ERR,ERR,ERR,ERR,ERR,ERR,0.0,0.0,0.0,0.0,0.0,1.3936040501711995e+18,7.805,0.0,0,0,4,0,7300,-0.0,0,0.0,0.0,0.0,0.0,0.0,0,0,0,0,0.0,0,0,0,0,0,0,0,0,0,0,0,0,0,0,0,0,0,0,0,0,0,0,0,0,0,0,0,0,0,0,0,0,0,32,30,30,62,65476,0,300,0,0,8,21553,0.0,-107605600.0,0.0,0.0,0.0,0.0,0.0,0.0,0.0,0.0,0.0,0.0,0.0,0.0,0.0,0.0,0.0,0.0,0.0,0.0,0.0,0.0,2.004,2.004,-0.0,0.0,0.0,0.0,0.0,0.0,5377.0,564146638684160.0,6955.0,0.0,0.0,-107615280.0,-0.0,0.0,0.0,0.0,0.0,63,107615312.0,5.84806162527158e+35,0.0,0.0,0.0,0.0,0.0,0.0,0.0,0,0,0,0.0,0.0,0.0,0.0,0.0,0.0,0.0,0.0,0.0,0.0,0.0,0.0,0.0,0.0,0.0,0.0,0,-107875648.0,63,0.0,126,2.7184242562605685e+23,-0.0,ERR,ERR,ERR,ERR,ERR,ERR,ERR,ERR,ERR,ERR,ERR,ERR,ERR,ERR,ERR,ERR,ERR,ERR,ERR,ERR,ERR,ERR,ERR,ERR,ERR,ERR,ERR,ERR,ERR,ERR,ERR,ERR,ERR,ERR,ERR,ERR,ERR,ERR,ERR,ERR,ERR,ERR,ERR,ERR,ERR,ERR,ERR,ERR,ERR,ERR,ERR,ERR,ERR,ERR,ERR,ERR,ERR,ERR,ERR,ERR,ERR,ERR,ERR,ERR,ERR,ERR,ERR,34.0,80.0,35,0.0,0.0,0.0,0.0,0.0,0.0,0.0,0.0,0.0,0.0,0.0,0.0,0.0,0.0,0.0,0.0,64.4,0,116,56,50,65476,0,300,0,0,8,20529,65476,0,0,57672,80.0,0.0,0.0,0.0,0.0,0.0
2026-06-17T04:19:16,ERR,ERR,ERR,ERR,ERR,ERR,ERR,ERR,ERR,ERR,ERR,ERR,ERR,ERR,ERR,ERR,ERR,ERR,ERR,ERR,ERR,ERR,ERR,ERR,ERR,ERR,ERR,ERR,ERR,ERR,ERR,ERR,ERR,ERR,ERR,ERR,ERR,ERR,ERR,ERR,ERR,ERR,ERR,ERR,ERR,ERR,ERR,ERR,ERR,ERR,ERR,ERR,ERR,ERR,ERR,ERR,ERR,ERR,ERR,ERR,ERR,ERR,ERR,ERR,ERR,ERR,ERR,ERR,ERR,ERR,ERR,ERR,ERR,ERR,ERR,ERR,ERR,ERR,ERR,ERR,ERR,ERR,ERR,ERR,ERR,ERR,ERR,ERR,ERR,ERR,ERR,ERR,ERR,ERR,ERR,ERR,ERR,ERR,ERR,ERR,ERR,ERR,ERR,ERR,ERR,ERR,ERR,ERR,ERR,ERR,ERR,ERR,ERR,ERR,ERR,ERR,ERR,ERR,ERR,ERR,ERR,ERR,ERR,ERR,ERR,0.0,0.0,0.0,0.0,0.0,1.3936040501711995e+18,7.805,0.0,0,0,4,0,7300,-0.0,0,0.0,0.0,0.0,0.0,0.0,0,0,0,0,0.0,0,0,0,0,0,0,0,0,0,0,0,0,0,0,0,0,0,0,0,0,0,0,0,0,0,0,0,0,0,0,0,0,0,32,30,30,62,65476,0,300,0,0,8,21553,0.0,-107605600.0,0.0,0.0,0.0,0.0,0.0,0.0,0.0,0.0,0.0,0.0,0.0,0.0,0.0,0.0,0.0,0.0,0.0,0.0,0.0,0.0,2.004,2.004,-0.0,0.0,0.0,0.0,0.0,0.0,5377.0,564146638684160.0,6955.0,0.0,0.0,-107615280.0,-0.0,0.0,0.0,0.0,0.0,63,107615312.0,5.84806162527158e+35,0.0,0.0,0.0,0.0,0.0,0.0,0.0,0,0,0,0.0,0.0,0.0,0.0,0.0,0.0,0.0,0.0,0.0,0.0,0.0,0.0,0.0,0.0,0.0,0.0,0,-107875648.0,63,0.0,126,2.7184242562605685e+23,-0.0,ERR,ERR,ERR,ERR,ERR,ERR,ERR,ERR,ERR,ERR,ERR,ERR,ERR,ERR,ERR,ERR,ERR,ERR,ERR,ERR,ERR,ERR,ERR,ERR,ERR,ERR,ERR,ERR,ERR,ERR,ERR,ERR,ERR,ERR,ERR,ERR,ERR,ERR,ERR,ERR,ERR,ERR,ERR,ERR,ERR,ERR,ERR,ERR,ERR,ERR,ERR,ERR,ERR,ERR,ERR,ERR,ERR,ERR,ERR,ERR,ERR,ERR,ERR,ERR,ERR,ERR,ERR,34.0,80.0,35,0.0,0.0,0.0,0.0,0.0,0.0,0.0,0.0,0.0,0.0,0.0,0.0,0.0,0.0,0.0,0.0,64.4,0,116,56,50,65476,0,300,0,0,8,20529,65476,0,0,57672,80.0,0.0,0.0,0.0,0.0,0.0
2026-06-17T04:19:17,ERR,ERR,ERR,ERR,ERR,ERR,ERR,ERR,ERR,ERR,ERR,ERR,ERR,ERR,ERR,ERR,ERR,ERR,ERR,ERR,ERR,ERR,ERR,ERR,ERR,ERR,ERR,ERR,ERR,ERR,ERR,ERR,ERR,ERR,ERR,ERR,ERR,ERR,ERR,ERR,ERR,ERR,ERR,ERR,ERR,ERR,ERR,ERR,ERR,ERR,ERR,ERR,ERR,ERR,ERR,ERR,ERR,ERR,ERR,ERR,ERR,ERR,ERR,ERR,ERR,ERR,ERR,ERR,ERR,ERR,ERR,ERR,ERR,ERR,ERR,ERR,ERR,ERR,ERR,ERR,ERR,ERR,ERR,ERR,ERR,ERR,ERR,ERR,ERR,ERR,ERR,ERR,ERR,ERR,ERR,ERR,ERR,ERR,ERR,ERR,ERR,ERR,ERR,ERR,ERR,ERR,ERR,ERR,ERR,ERR,ERR,ERR,ERR,ERR,ERR,ERR,ERR,ERR,ERR,ERR,ERR,ERR,ERR,ERR,ERR,0.0,0.0,0.0,0.0,0.0,1.3936040501711995e+18,7.805,0.0,0,0,4,0,7300,-0.0,0,0.0,0.0,0.0,0.0,0.0,0,0,0,0,0.0,0,0,0,0,0,0,0,0,0,0,0,0,0,0,0,0,0,0,0,0,0,0,0,0,0,0,0,0,0,0,0,0,0,32,30,30,62,65476,0,300,0,0,8,21553,0.0,-107605600.0,0.0,0.0,0.0,0.0,0.0,0.0,0.0,0.0,0.0,0.0,0.0,0.0,0.0,0.0,0.0,0.0,0.0,0.0,0.0,0.0,2.004,2.004,-0.0,0.0,0.0,0.0,0.0,0.0,5377.0,564146638684160.0,6955.0,0.0,0.0,-107615280.0,-0.0,0.0,0.0,0.0,0.0,63,107615312.0,5.84806162527158e+35,0.0,0.0,0.0,0.0,0.0,0.0,0.0,0,0,0,0.0,0.0,0.0,0.0,0.0,0.0,0.0,0.0,0.0,0.0,0.0,0.0,0.0,0.0,0.0,0.0,0,-107875648.0,63,0.0,126,2.7184242562605685e+23,-0.0,ERR,ERR,ERR,ERR,ERR,ERR,ERR,ERR,ERR,ERR,ERR,ERR,ERR,ERR,ERR,ERR,ERR,ERR,ERR,ERR,ERR,ERR,ERR,ERR,ERR,ERR,ERR,ERR,ERR,ERR,ERR,ERR,ERR,ERR,ERR,ERR,ERR,ERR,ERR,ERR,ERR,ERR,ERR,ERR,ERR,ERR,ERR,ERR,ERR,ERR,ERR,ERR,ERR,ERR,ERR,ERR,ERR,ERR,ERR,ERR,ERR,ERR,ERR,ERR,ERR,ERR,ERR,34.0,80.0,35,0.0,0.0,0.0,0.0,0.0,0.0,0.0,0.0,0.0,0.0,0.0,0.0,0.0,0.0,0.0,0.0,64.4,0,116,56,50,65476,0,300,0,0,8,20529,65476,0,0,57672,80.0,0.0,0.0,0.0,0.0,0.0
2026-06-17T04:19:18,ERR,ERR,ERR,ERR,ERR,ERR,ERR,ERR,ERR,ERR,ERR,ERR,ERR,ERR,ERR,ERR,ERR,ERR,ERR,ERR,ERR,ERR,ERR,ERR,ERR,ERR,ERR,ERR,ERR,ERR,ERR,ERR,ERR,ERR,ERR,ERR,ERR,ERR,ERR,ERR,ERR,ERR,ERR,ERR,ERR,ERR,ERR,ERR,ERR,ERR,ERR,ERR,ERR,ERR,ERR,ERR,ERR,ERR,ERR,ERR,ERR,ERR,ERR,ERR,ERR,ERR,ERR,ERR,ERR,ERR,ERR,ERR,ERR,ERR,ERR,ERR,ERR,ERR,ERR,ERR,ERR,ERR,ERR,ERR,ERR,ERR,ERR,ERR,ERR,ERR,ERR,ERR,ERR,ERR,ERR,ERR,ERR,ERR,ERR,ERR,ERR,ERR,ERR,ERR,ERR,ERR,ERR,ERR,ERR,ERR,ERR,ERR,ERR,ERR,ERR,ERR,ERR,ERR,ERR,ERR,ERR,ERR,ERR,ERR,ERR,0.0,0.0,0.0,0.0,0.0,1.3936040501711995e+18,7.805,0.0,0,0,4,0,7300,-0.0,0,0.0,0.0,0.0,0.0,0.0,0,0,0,0,0.0,0,0,0,0,0,0,0,0,0,0,0,0,0,0,0,0,0,0,0,0,0,0,0,0,0,0,0,0,0,0,0,0,0,32,30,30,62,65476,0,300,0,0,8,21553,0.0,-107605600.0,0.0,0.0,0.0,0.0,0.0,0.0,0.0,0.0,0.0,0.0,0.0,0.0,0.0,0.0,0.0,0.0,0.0,0.0,0.0,0.0,2.004,2.004,-0.0,0.0,0.0,0.0,0.0,0.0,5377.0,564146638684160.0,6955.0,0.0,0.0,-107615280.0,-0.0,0.0,0.0,0.0,0.0,63,107615312.0,5.84806162527158e+35,0.0,0.0,0.0,0.0,0.0,0.0,0.0,0,0,0,0.0,0.0,0.0,0.0,0.0,0.0,0.0,0.0,0.0,0.0,0.0,0.0,0.0,0.0,0.0,0.0,0,-107875648.0,63,0.0,126,2.7184242562605685e+23,-0.0,ERR,ERR,ERR,ERR,ERR,ERR,ERR,ERR,ERR,ERR,ERR,ERR,ERR,ERR,ERR,ERR,ERR,ERR,ERR,ERR,ERR,ERR,ERR,ERR,ERR,ERR,ERR,ERR,ERR,ERR,ERR,ERR,ERR,ERR,ERR,ERR,ERR,ERR,ERR,ERR,ERR,ERR,ERR,ERR,ERR,ERR,ERR,ERR,ERR,ERR,ERR,ERR,ERR,ERR,ERR,ERR,ERR,ERR,ERR,ERR,ERR,ERR,ERR,ERR,ERR,ERR,ERR,34.0,80.0,35,0.0,0.0,0.0,0.0,0.0,0.0,0.0,0.0,0.0,0.0,0.0,0.0,0.0,0.0,0.0,0.0,64.4,0,116,56,50,65476,0,300,0,0,8,20529,65476,0,0,57672,80.0,0.0,0.0,0.0,0.0,0.0
2026-06-17T04:19:19,ERR,ERR,ERR,ERR,ERR,ERR,ERR,ERR,ERR,ERR,ERR,ERR,ERR,ERR,ERR,ERR,ERR,ERR,ERR,ERR,ERR,ERR,ERR,ERR,ERR,ERR,ERR,ERR,ERR,ERR,ERR,ERR,ERR,ERR,ERR,ERR,ERR,ERR,ERR,ERR,ERR,ERR,ERR,ERR,ERR,ERR,ERR,ERR,ERR,ERR,ERR,ERR,ERR,ERR,ERR,ERR,ERR,ERR,ERR,ERR,ERR,ERR,ERR,ERR,ERR,ERR,ERR,ERR,ERR,ERR,ERR,ERR,ERR,ERR,ERR,ERR,ERR,ERR,ERR,ERR,ERR,ERR,ERR,ERR,ERR,ERR,ERR,ERR,ERR,ERR,ERR,ERR,ERR,ERR,ERR,ERR,ERR,ERR,ERR,ERR,ERR,ERR,ERR,ERR,ERR,ERR,ERR,ERR,ERR,ERR,ERR,ERR,ERR,ERR,ERR,ERR,ERR,ERR,ERR,ERR,ERR,ERR,ERR,ERR,ERR,0.0,0.0,0.0,0.0,0.0,1.3936040501711995e+18,7.805,0.0,0,0,4,0,7300,-0.0,0,0.0,0.0,0.0,0.0,0.0,0,0,0,0,0.0,0,0,0,0,0,0,0,0,0,0,0,0,0,0,0,0,0,0,0,0,0,0,0,0,0,0,0,0,0,0,0,0,0,32,30,30,62,65476,0,300,0,0,8,21553,0.0,-107605600.0,0.0,0.0,0.0,0.0,0.0,0.0,0.0,0.0,0.0,0.0,0.0,0.0,0.0,0.0,0.0,0.0,0.0,0.0,0.0,0.0,2.004,2.004,-0.0,0.0,0.0,0.0,0.0,0.0,5377.0,564146638684160.0,6955.0,0.0,0.0,-107615280.0,-0.0,0.0,0.0,0.0,0.0,63,107615312.0,5.84806162527158e+35,0.0,0.0,0.0,0.0,0.0,0.0,0.0,0,0,0,0.0,0.0,0.0,0.0,0.0,0.0,0.0,0.0,0.0,0.0,0.0,0.0,0.0,0.0,0.0,0.0,0,-107875648.0,63,0.0,126,2.7184242562605685e+23,-0.0,ERR,ERR,ERR,ERR,ERR,ERR,ERR,ERR,ERR,ERR,ERR,ERR,ERR,ERR,ERR,ERR,ERR,ERR,ERR,ERR,ERR,ERR,ERR,ERR,ERR,ERR,ERR,ERR,ERR,ERR,ERR,ERR,ERR,ERR,ERR,ERR,ERR,ERR,ERR,ERR,ERR,ERR,ERR,ERR,ERR,ERR,ERR,ERR,ERR,ERR,ERR,ERR,ERR,ERR,ERR,ERR,ERR,ERR,ERR,ERR,ERR,ERR,ERR,ERR,ERR,ERR,ERR,34.0,80.0,35,0.0,0.0,0.0,0.0,0.0,0.0,0.0,0.0,0.0,0.0,0.0,0.0,0.0,0.0,0.0,0.0,64.4,0,116,56,50,65476,0,300,0,0,8,20529,65476,0,0,57672,80.0,0.0,0.0,0.0,0.0,0.0
2026-06-17T04:19:20,ERR,ERR,ERR,ERR,ERR,ERR,ERR,ERR,ERR,ERR,ERR,ERR,ERR,ERR,ERR,ERR,ERR,ERR,ERR,ERR,ERR,ERR,ERR,ERR,ERR,ERR,ERR,ERR,ERR,ERR,ERR,ERR,ERR,ERR,ERR,ERR,ERR,ERR,ERR,ERR,ERR,ERR,ERR,ERR,ERR,ERR,ERR,ERR,ERR,ERR,ERR,ERR,ERR,ERR,ERR,ERR,ERR,ERR,ERR,ERR,ERR,ERR,ERR,ERR,ERR,ERR,ERR,ERR,ERR,ERR,ERR,ERR,ERR,ERR,ERR,ERR,ERR,ERR,ERR,ERR,ERR,ERR,ERR,ERR,ERR,ERR,ERR,ERR,ERR,ERR,ERR,ERR,ERR,ERR,ERR,ERR,ERR,ERR,ERR,ERR,ERR,ERR,ERR,ERR,ERR,ERR,ERR,ERR,ERR,ERR,ERR,ERR,ERR,ERR,ERR,ERR,ERR,ERR,ERR,ERR,ERR,ERR,ERR,ERR,ERR,0.0,0.0,0.0,0.0,0.0,1.3936040501711995e+18,7.805,0.0,0,0,4,0,7300,-0.0,0,0.0,0.0,0.0,0.0,0.0,0,0,0,0,0.0,0,0,0,0,0,0,0,0,0,0,0,0,0,0,0,0,0,0,0,0,0,0,0,0,0,0,0,0,0,0,0,0,0,32,30,30,62,65476,0,300,0,0,8,21553,0.0,-107605600.0,0.0,0.0,0.0,0.0,0.0,0.0,0.0,0.0,0.0,0.0,0.0,0.0,0.0,0.0,0.0,0.0,0.0,0.0,0.0,0.0,2.004,2.004,-0.0,-2.004,0.0,0.0,0.0,0.0,5380.0,-0.0,6964.0,0.0,0.0,-107615280.0,-0.0,0.0,0.0,0.0,0.0,63,126841077760.0,-152017532092416.0,0.0,0.0,0.0,0.0,0.0,0.0,0.0,0,0,0,0.0,0.0,0.0,0.0,0.0,0.0,0.0,0.0,0.0,0.0,0.0,0.0,0.0,0.0,0.0,0.0,0,-107875648.0,63,0.0,126,2.7184242562605685e+23,-0.0,ERR,ERR,ERR,ERR,ERR,ERR,ERR,ERR,ERR,ERR,ERR,ERR,ERR,ERR,ERR,ERR,ERR,ERR,ERR,ERR,ERR,ERR,ERR,ERR,ERR,ERR,ERR,ERR,ERR,ERR,ERR,ERR,ERR,ERR,ERR,ERR,ERR,ERR,ERR,ERR,ERR,ERR,ERR,ERR,ERR,ERR,ERR,ERR,ERR,ERR,ERR,ERR,ERR,ERR,ERR,ERR,ERR,ERR,ERR,ERR,ERR,ERR,ERR,ERR,ERR,ERR,ERR,34.0,80.0,35,0.0,0.0,0.0,0.0,0.0,0.0,0.0,0.0,0.0,0.0,0.0,0.0,0.0,0.0,0.0,0.0,64.4,0,116,56,50,65476,0,300,0,0,8,20529,65476,0,0,57672,80.0,0.0,0.0,0.0,0.0,0.0
2026-06-17T04:19:21,ERR,ERR,ERR,ERR,ERR,ERR,ERR,ERR,ERR,ERR,ERR,ERR,ERR,ERR,ERR,ERR,ERR,ERR,ERR,ERR,ERR,ERR,ERR,ERR,ERR,ERR,ERR,ERR,ERR,ERR,ERR,ERR,ERR,ERR,ERR,ERR,ERR,ERR,ERR,ERR,ERR,ERR,ERR,ERR,ERR,ERR,ERR,ERR,ERR,ERR,ERR,ERR,ERR,ERR,ERR,ERR,ERR,ERR,ERR,ERR,ERR,ERR,ERR,ERR,ERR,ERR,ERR,ERR,ERR,ERR,ERR,ERR,ERR,ERR,ERR,ERR,ERR,ERR,ERR,ERR,ERR,ERR,ERR,ERR,ERR,ERR,ERR,ERR,ERR,ERR,ERR,ERR,ERR,ERR,ERR,ERR,ERR,ERR,ERR,ERR,ERR,ERR,ERR,ERR,ERR,ERR,ERR,ERR,ERR,ERR,ERR,ERR,ERR,ERR,ERR,ERR,ERR,ERR,ERR,ERR,ERR,ERR,ERR,ERR,ERR,0.0,0.0,0.0,0.0,0.0,1.3936040501711995e+18,7.805,0.0,0,0,4,0,7300,-0.0,0,0.0,0.0,0.0,0.0,0.0,0,0,0,0,0.0,0,0,0,0,0,0,0,0,0,0,0,0,0,0,0,0,0,0,0,0,0,0,0,0,0,0,0,0,0,0,0,0,0,32,30,30,62,65476,0,300,0,0,8,21553,0.0,-107605600.0,0.0,0.0,0.0,0.0,0.0,0.0,0.0,0.0,0.0,0.0,0.0,0.0,0.0,0.0,0.0,0.0,0.0,0.0,0.0,0.0,2.004,2.004,-0.0,-2.004,0.0,0.0,0.0,0.0,5380.0,-0.0,6964.0,0.0,0.0,-107615280.0,-0.0,0.0,0.0,0.0,0.0,63,126841077760.0,-152017532092416.0,0.0,0.0,0.0,0.0,0.0,0.0,0.0,0,0,0,0.0,0.0,0.0,0.0,0.0,0.0,0.0,0.0,0.0,0.0,0.0,0.0,0.0,0.0,0.0,0.0,0,-107875648.0,63,0.0,126,2.7184242562605685e+23,-0.0,ERR,ERR,ERR,ERR,ERR,ERR,ERR,ERR,ERR,ERR,ERR,ERR,ERR,ERR,ERR,ERR,ERR,ERR,ERR,ERR,ERR,ERR,ERR,ERR,ERR,ERR,ERR,ERR,ERR,ERR,ERR,ERR,ERR,ERR,ERR,ERR,ERR,ERR,ERR,ERR,ERR,ERR,ERR,ERR,ERR,ERR,ERR,ERR,ERR,ERR,ERR,ERR,ERR,ERR,ERR,ERR,ERR,ERR,ERR,ERR,ERR,ERR,ERR,ERR,ERR,ERR,ERR,34.0,80.0,35,0.0,0.0,0.0,0.0,0.0,0.0,0.0,0.0,0.0,0.0,0.0,0.0,0.0,0.0,0.0,0.0,64.4,0,116,56,50,65476,0,300,0,0,8,20529,65476,0,0,57672,80.0,0.0,0.0,0.0,0.0,0.0
2026-06-17T04:19:22,ERR,ERR,ERR,ERR,ERR,ERR,ERR,ERR,ERR,ERR,ERR,ERR,ERR,ERR,ERR,ERR,ERR,ERR,ERR,ERR,ERR,ERR,ERR,ERR,ERR,ERR,ERR,ERR,ERR,ERR,ERR,ERR,ERR,ERR,ERR,ERR,ERR,ERR,ERR,ERR,ERR,ERR,ERR,ERR,ERR,ERR,ERR,ERR,ERR,ERR,ERR,ERR,ERR,ERR,ERR,ERR,ERR,ERR,ERR,ERR,ERR,ERR,ERR,ERR,ERR,ERR,ERR,ERR,ERR,ERR,ERR,ERR,ERR,ERR,ERR,ERR,ERR,ERR,ERR,ERR,ERR,ERR,ERR,ERR,ERR,ERR,ERR,ERR,ERR,ERR,ERR,ERR,ERR,ERR,ERR,ERR,ERR,ERR,ERR,ERR,ERR,ERR,ERR,ERR,ERR,ERR,ERR,ERR,ERR,ERR,ERR,ERR,ERR,ERR,ERR,ERR,ERR,ERR,ERR,ERR,ERR,ERR,ERR,ERR,ERR,0.0,0.0,0.0,0.0,0.0,1.3936040501711995e+18,7.805,0.0,0,0,4,0,7300,-0.0,0,0.0,0.0,0.0,0.0,0.0,0,0,0,0,0.0,0,0,0,0,0,0,0,0,0,0,0,0,0,0,0,0,0,0,0,0,0,0,0,0,0,0,0,0,0,0,0,0,0,32,30,30,62,65476,0,300,0,0,8,21553,0.0,-107605600.0,0.0,0.0,0.0,0.0,0.0,0.0,0.0,0.0,0.0,0.0,0.0,0.0,0.0,0.0,0.0,0.0,0.0,0.0,0.0,0.0,2.004,2.004,-0.0,-2.004,0.0,0.0,0.0,0.0,5380.0,-0.0,6964.0,0.0,0.0,-107615280.0,-0.0,0.0,0.0,0.0,0.0,63,126841077760.0,-152017532092416.0,0.0,0.0,0.0,0.0,0.0,0.0,0.0,0,0,0,0.0,0.0,0.0,0.0,0.0,0.0,0.0,0.0,0.0,0.0,0.0,0.0,0.0,0.0,0.0,0.0,0,-107875648.0,63,0.0,126,2.7184242562605685e+23,-0.0,ERR,ERR,ERR,ERR,ERR,ERR,ERR,ERR,ERR,ERR,ERR,ERR,ERR,ERR,ERR,ERR,ERR,ERR,ERR,ERR,ERR,ERR,ERR,ERR,ERR,ERR,ERR,ERR,ERR,ERR,ERR,ERR,ERR,ERR,ERR,ERR,ERR,ERR,ERR,ERR,ERR,ERR,ERR,ERR,ERR,ERR,ERR,ERR,ERR,ERR,ERR,ERR,ERR,ERR,ERR,ERR,ERR,ERR,ERR,ERR,ERR,ERR,ERR,ERR,ERR,ERR,ERR,34.0,80.0,35,0.0,0.0,0.0,0.0,0.0,0.0,0.0,0.0,0.0,0.0,0.0,0.0,0.0,0.0,0.0,0.0,64.4,0,116,56,50,65476,0,300,0,0,8,20529,65476,0,0,57672,80.0,0.0,0.0,0.0,0.0,0.0
2026-06-17T04:19:23,ERR,ERR,ERR,ERR,ERR,ERR,ERR,ERR,ERR,ERR,ERR,ERR,ERR,ERR,ERR,ERR,ERR,ERR,ERR,ERR,ERR,ERR,ERR,ERR,ERR,ERR,ERR,ERR,ERR,ERR,ERR,ERR,ERR,ERR,ERR,ERR,ERR,ERR,ERR,ERR,ERR,ERR,ERR,ERR,ERR,ERR,ERR,ERR,ERR,ERR,ERR,ERR,ERR,ERR,ERR,ERR,ERR,ERR,ERR,ERR,ERR,ERR,ERR,ERR,ERR,ERR,ERR,ERR,ERR,ERR,ERR,ERR,ERR,ERR,ERR,ERR,ERR,ERR,ERR,ERR,ERR,ERR,ERR,ERR,ERR,ERR,ERR,ERR,ERR,ERR,ERR,ERR,ERR,ERR,ERR,ERR,ERR,ERR,ERR,ERR,ERR,ERR,ERR,ERR,ERR,ERR,ERR,ERR,ERR,ERR,ERR,ERR,ERR,ERR,ERR,ERR,ERR,ERR,ERR,ERR,ERR,ERR,ERR,ERR,ERR,0.0,0.0,0.0,0.0,0.0,1.3936040501711995e+18,7.805,0.0,0,0,4,0,7300,-0.0,0,0.0,0.0,0.0,0.0,0.0,0,0,0,0,0.0,0,0,0,0,0,0,0,0,0,0,0,0,0,0,0,0,0,0,0,0,0,0,0,0,0,0,0,0,0,0,0,0,0,32,30,30,62,65476,0,300,0,0,8,21553,0.0,-107605600.0,0.0,0.0,0.0,0.0,0.0,0.0,0.0,0.0,0.0,0.0,0.0,0.0,0.0,0.0,0.0,0.0,0.0,0.0,0.0,0.0,2.004,2.004,-0.0,-2.004,0.0,0.0,0.0,0.0,5380.0,-0.0,6964.0,0.0,0.0,-107615280.0,-0.0,0.0,0.0,0.0,0.0,63,126841077760.0,-152017532092416.0,0.0,0.0,0.0,0.0,0.0,0.0,0.0,0,0,0,0.0,0.0,0.0,0.0,0.0,0.0,0.0,0.0,0.0,0.0,0.0,0.0,0.0,0.0,0.0,0.0,0,-107875648.0,63,0.0,126,2.7184242562605685e+23,-0.0,ERR,ERR,ERR,ERR,ERR,ERR,ERR,ERR,ERR,ERR,ERR,ERR,ERR,ERR,ERR,ERR,ERR,ERR,ERR,ERR,ERR,ERR,ERR,ERR,ERR,ERR,ERR,ERR,ERR,ERR,ERR,ERR,ERR,ERR,ERR,ERR,ERR,ERR,ERR,ERR,ERR,ERR,ERR,ERR,ERR,ERR,ERR,ERR,ERR,ERR,ERR,ERR,ERR,ERR,ERR,ERR,ERR,ERR,ERR,ERR,ERR,ERR,ERR,ERR,ERR,ERR,ERR,34.0,80.0,35,0.0,0.0,0.0,0.0,0.0,0.0,0.0,0.0,0.0,0.0,0.0,0.0,0.0,0.0,0.0,0.0,64.4,0,116,56,50,65476,0,300,0,0,8,20529,65476,0,0,57672,80.0,0.0,0.0,0.0,0.0,0.0
2026-06-17T04:19:24,ERR,ERR,ERR,ERR,ERR,ERR,ERR,ERR,ERR,ERR,ERR,ERR,ERR,ERR,ERR,ERR,ERR,ERR,ERR,ERR,ERR,ERR,ERR,ERR,ERR,ERR,ERR,ERR,ERR,ERR,ERR,ERR,ERR,ERR,ERR,ERR,ERR,ERR,ERR,ERR,ERR,ERR,ERR,ERR,ERR,ERR,ERR,ERR,ERR,ERR,ERR,ERR,ERR,ERR,ERR,ERR,ERR,ERR,ERR,ERR,ERR,ERR,ERR,ERR,ERR,ERR,ERR,ERR,ERR,ERR,ERR,ERR,ERR,ERR,ERR,ERR,ERR,ERR,ERR,ERR,ERR,ERR,ERR,ERR,ERR,ERR,ERR,ERR,ERR,ERR,ERR,ERR,ERR,ERR,ERR,ERR,ERR,ERR,ERR,ERR,ERR,ERR,ERR,ERR,ERR,ERR,ERR,ERR,ERR,ERR,ERR,ERR,ERR,ERR,ERR,ERR,ERR,ERR,ERR,ERR,ERR,ERR,ERR,ERR,ERR,0.0,0.0,0.0,0.0,0.0,1.3936040501711995e+18,7.805,0.0,0,0,4,0,7300,-0.0,0,0.0,0.0,0.0,0.0,0.0,0,0,0,0,0.0,0,0,0,0,0,0,0,0,0,0,0,0,0,0,0,0,0,0,0,0,0,0,0,0,0,0,0,0,0,0,0,0,0,32,30,30,62,65476,0,300,0,0,8,21553,0.0,-107605600.0,0.0,0.0,0.0,0.0,0.0,0.0,0.0,0.0,0.0,0.0,0.0,0.0,0.0,0.0,0.0,0.0,0.0,0.0,0.0,0.0,2.004,2.004,-0.0,-2.004,0.0,0.0,0.0,0.0,5380.0,-0.0,6964.0,0.0,0.0,-107615280.0,-0.0,0.0,0.0,0.0,0.0,63,126841077760.0,-152017532092416.0,0.0,0.0,0.0,0.0,0.0,0.0,0.0,0,0,0,0.0,0.0,0.0,0.0,0.0,0.0,0.0,0.0,0.0,0.0,0.0,0.0,0.0,0.0,0.0,0.0,0,-107875648.0,63,0.0,126,2.7184242562605685e+23,-0.0,ERR,ERR,ERR,ERR,ERR,ERR,ERR,ERR,ERR,ERR,ERR,ERR,ERR,ERR,ERR,ERR,ERR,ERR,ERR,ERR,ERR,ERR,ERR,ERR,ERR,ERR,ERR,ERR,ERR,ERR,ERR,ERR,ERR,ERR,ERR,ERR,ERR,ERR,ERR,ERR,ERR,ERR,ERR,ERR,ERR,ERR,ERR,ERR,ERR,ERR,ERR,ERR,ERR,ERR,ERR,ERR,ERR,ERR,ERR,ERR,ERR,ERR,ERR,ERR,ERR,ERR,ERR,34.0,80.0,35,0.0,0.0,0.0,0.0,0.0,0.0,0.0,0.0,0.0,0.0,0.0,0.0,0.0,0.0,0.0,0.0,64.4,0,116,56,50,65476,0,300,0,0,8,20529,65476,0,0,57672,80.0,0.0,0.0,0.0,0.0,0.0
2026-06-17T04:19:25,ERR,ERR,ERR,ERR,ERR,ERR,ERR,ERR,ERR,ERR,ERR,ERR,ERR,ERR,ERR,ERR,ERR,ERR,ERR,ERR,ERR,ERR,ERR,ERR,ERR,ERR,ERR,ERR,ERR,ERR,ERR,ERR,ERR,ERR,ERR,ERR,ERR,ERR,ERR,ERR,ERR,ERR,ERR,ERR,ERR,ERR,ERR,ERR,ERR,ERR,ERR,ERR,ERR,ERR,ERR,ERR,ERR,ERR,ERR,ERR,ERR,ERR,ERR,ERR,ERR,ERR,ERR,ERR,ERR,ERR,ERR,ERR,ERR,ERR,ERR,ERR,ERR,ERR,ERR,ERR,ERR,ERR,ERR,ERR,ERR,ERR,ERR,ERR,ERR,ERR,ERR,ERR,ERR,ERR,ERR,ERR,ERR,ERR,ERR,ERR,ERR,ERR,ERR,ERR,ERR,ERR,ERR,ERR,ERR,ERR,ERR,ERR,ERR,ERR,ERR,ERR,ERR,ERR,ERR,ERR,ERR,ERR,ERR,ERR,ERR,0.0,0.0,0.0,0.0,0.0,1.3936040501711995e+18,7.805,0.0,0,0,4,0,7300,-0.0,0,0.0,0.0,0.0,0.0,0.0,0,0,0,0,0.0,0,0,0,0,0,0,0,0,0,0,0,0,0,0,0,0,0,0,0,0,0,0,0,0,0,0,0,0,0,0,0,0,0,32,30,30,62,65476,0,300,0,0,8,21553,0.0,-107605600.0,0.0,0.0,0.0,0.0,0.0,0.0,0.0,0.0,0.0,0.0,0.0,0.0,0.0,0.0,0.0,0.0,0.0,0.0,0.0,0.0,2.004,2.004,-0.0,-2.004,0.0,0.0,0.0,0.0,5383.0,-0.0,6965.0,0.0,0.0,-107615280.0,-0.0,0.0,0.0,0.0,0.0,63,2.3088396621844998e+20,-2.308830690169617e+20,0.0,0.0,0.0,0.0,0.0,0.0,0.0,0,0,0,0.0,0.0,0.0,0.0,0.0,0.0,0.0,0.0,0.0,0.0,0.0,0.0,0.0,0.0,0.0,0.0,0,-107875648.0,63,0.0,126,2.7184242562605685e+23,-0.0,ERR,ERR,ERR,ERR,ERR,ERR,ERR,ERR,ERR,ERR,ERR,ERR,ERR,ERR,ERR,ERR,ERR,ERR,ERR,ERR,ERR,ERR,ERR,ERR,ERR,ERR,ERR,ERR,ERR,ERR,ERR,ERR,ERR,ERR,ERR,ERR,ERR,ERR,ERR,ERR,ERR,ERR,ERR,ERR,ERR,ERR,ERR,ERR,ERR,ERR,ERR,ERR,ERR,ERR,ERR,ERR,ERR,ERR,ERR,ERR,ERR,ERR,ERR,ERR,ERR,ERR,ERR,34.0,80.0,35,0.0,0.0,0.0,0.0,0.0,0.0,0.0,0.0,0.0,0.0,0.0,0.0,0.0,0.0,0.0,0.0,64.4,0,116,56,50,65476,0,300,0,0,8,20529,65476,0,0,57672,80.0,0.0,0.0,0.0,0.0,0.0
2026-06-17T04:19:26,ERR,ERR,ERR,ERR,ERR,ERR,ERR,ERR,ERR,ERR,ERR,ERR,ERR,ERR,ERR,ERR,ERR,ERR,ERR,ERR,ERR,ERR,ERR,ERR,ERR,ERR,ERR,ERR,ERR,ERR,ERR,ERR,ERR,ERR,ERR,ERR,ERR,ERR,ERR,ERR,ERR,ERR,ERR,ERR,ERR,ERR,ERR,ERR,ERR,ERR,ERR,ERR,ERR,ERR,ERR,ERR,ERR,ERR,ERR,ERR,ERR,ERR,ERR,ERR,ERR,ERR,ERR,ERR,ERR,ERR,ERR,ERR,ERR,ERR,ERR,ERR,ERR,ERR,ERR,ERR,ERR,ERR,ERR,ERR,ERR,ERR,ERR,ERR,ERR,ERR,ERR,ERR,ERR,ERR,ERR,ERR,ERR,ERR,ERR,ERR,ERR,ERR,ERR,ERR,ERR,ERR,ERR,ERR,ERR,ERR,ERR,ERR,ERR,ERR,ERR,ERR,ERR,ERR,ERR,ERR,ERR,ERR,ERR,ERR,ERR,0.0,0.0,0.0,0.0,0.0,1.3936040501711995e+18,7.805,0.0,0,0,4,0,7300,-0.0,0,0.0,0.0,0.0,0.0,0.0,0,0,0,0,0.0,0,0,0,0,0,0,0,0,0,0,0,0,0,0,0,0,0,0,0,0,0,0,0,0,0,0,0,0,0,0,0,0,0,32,30,30,62,65476,0,300,0,0,8,21553,0.0,-107605600.0,0.0,0.0,0.0,0.0,0.0,0.0,0.0,0.0,0.0,0.0,0.0,0.0,0.0,0.0,0.0,0.0,0.0,0.0,0.0,0.0,2.004,2.004,-0.0,-2.004,0.0,0.0,0.0,0.0,5383.0,-0.0,6965.0,0.0,0.0,-107615280.0,-0.0,0.0,0.0,0.0,0.0,63,2.3088396621844998e+20,-2.308830690169617e+20,0.0,0.0,0.0,0.0,0.0,0.0,0.0,0,0,0,0.0,0.0,0.0,0.0,0.0,0.0,0.0,0.0,0.0,0.0,0.0,0.0,0.0,0.0,0.0,0.0,0,-107875648.0,63,0.0,126,2.7184242562605685e+23,-0.0,ERR,ERR,ERR,ERR,ERR,ERR,ERR,ERR,ERR,ERR,ERR,ERR,ERR,ERR,ERR,ERR,ERR,ERR,ERR,ERR,ERR,ERR,ERR,ERR,ERR,ERR,ERR,ERR,ERR,ERR,ERR,ERR,ERR,ERR,ERR,ERR,ERR,ERR,ERR,ERR,ERR,ERR,ERR,ERR,ERR,ERR,ERR,ERR,ERR,ERR,ERR,ERR,ERR,ERR,ERR,ERR,ERR,ERR,ERR,ERR,ERR,ERR,ERR,ERR,ERR,ERR,ERR,34.0,80.0,35,0.0,0.0,0.0,0.0,0.0,0.0,0.0,0.0,0.0,0.0,0.0,0.0,0.0,0.0,0.0,0.0,64.4,0,116,56,50,65476,0,300,0,0,8,20529,65476,0,0,57672,80.0,0.0,0.0,0.0,0.0,0.0
2026-06-17T04:19:27,ERR,ERR,ERR,ERR,ERR,ERR,ERR,ERR,ERR,ERR,ERR,ERR,ERR,ERR,ERR,ERR,ERR,ERR,ERR,ERR,ERR,ERR,ERR,ERR,ERR,ERR,ERR,ERR,ERR,ERR,ERR,ERR,ERR,ERR,ERR,ERR,ERR,ERR,ERR,ERR,ERR,ERR,ERR,ERR,ERR,ERR,ERR,ERR,ERR,ERR,ERR,ERR,ERR,ERR,ERR,ERR,ERR,ERR,ERR,ERR,ERR,ERR,ERR,ERR,ERR,ERR,ERR,ERR,ERR,ERR,ERR,ERR,ERR,ERR,ERR,ERR,ERR,ERR,ERR,ERR,ERR,ERR,ERR,ERR,ERR,ERR,ERR,ERR,ERR,ERR,ERR,ERR,ERR,ERR,ERR,ERR,ERR,ERR,ERR,ERR,ERR,ERR,ERR,ERR,ERR,ERR,ERR,ERR,ERR,ERR,ERR,ERR,ERR,ERR,ERR,ERR,ERR,ERR,ERR,ERR,ERR,ERR,ERR,ERR,ERR,0.0,0.0,0.0,0.0,0.0,1.3936040501711995e+18,7.805,0.0,0,0,4,0,7300,-0.0,0,0.0,0.0,0.0,0.0,0.0,0,0,0,0,0.0,0,0,0,0,0,0,0,0,0,0,0,0,0,0,0,0,0,0,0,0,0,0,0,0,0,0,0,0,0,0,0,0,0,32,30,30,62,65476,0,300,0,0,8,21553,0.0,-107605600.0,0.0,0.0,0.0,0.0,0.0,0.0,0.0,0.0,0.0,0.0,0.0,0.0,0.0,0.0,0.0,0.0,0.0,0.0,0.0,0.0,2.004,2.004,-0.0,-2.004,0.0,0.0,0.0,0.0,5383.0,-0.0,6965.0,0.0,0.0,-107615280.0,-0.0,0.0,0.0,0.0,0.0,63,2.3088396621844998e+20,-2.308830690169617e+20,0.0,0.0,0.0,0.0,0.0,0.0,0.0,0,0,0,0.0,0.0,0.0,0.0,0.0,0.0,0.0,0.0,0.0,0.0,0.0,0.0,0.0,0.0,0.0,0.0,0,-107875648.0,63,0.0,126,2.7184242562605685e+23,-0.0,ERR,ERR,ERR,ERR,ERR,ERR,ERR,ERR,ERR,ERR,ERR,ERR,ERR,ERR,ERR,ERR,ERR,ERR,ERR,ERR,ERR,ERR,ERR,ERR,ERR,ERR,ERR,ERR,ERR,ERR,ERR,ERR,ERR,ERR,ERR,ERR,ERR,ERR,ERR,ERR,ERR,ERR,ERR,ERR,ERR,ERR,ERR,ERR,ERR,ERR,ERR,ERR,ERR,ERR,ERR,ERR,ERR,ERR,ERR,ERR,ERR,ERR,ERR,ERR,ERR,ERR,ERR,34.0,80.0,35,0.0,0.0,0.0,0.0,0.0,0.0,0.0,0.0,0.0,0.0,0.0,0.0,0.0,0.0,0.0,0.0,64.4,0,116,56,50,65476,0,300,0,0,8,20529,65476,0,0,57672,80.0,0.0,0.0,0.0,0.0,0.0
2026-06-17T04:19:28,ERR,ERR,ERR,ERR,ERR,ERR,ERR,ERR,ERR,ERR,ERR,ERR,ERR,ERR,ERR,ERR,ERR,ERR,ERR,ERR,ERR,ERR,ERR,ERR,ERR,ERR,ERR,ERR,ERR,ERR,ERR,ERR,ERR,ERR,ERR,ERR,ERR,ERR,ERR,ERR,ERR,ERR,ERR,ERR,ERR,ERR,ERR,ERR,ERR,ERR,ERR,ERR,ERR,ERR,ERR,ERR,ERR,ERR,ERR,ERR,ERR,ERR,ERR,ERR,ERR,ERR,ERR,ERR,ERR,ERR,ERR,ERR,ERR,ERR,ERR,ERR,ERR,ERR,ERR,ERR,ERR,ERR,ERR,ERR,ERR,ERR,ERR,ERR,ERR,ERR,ERR,ERR,ERR,ERR,ERR,ERR,ERR,ERR,ERR,ERR,ERR,ERR,ERR,ERR,ERR,ERR,ERR,ERR,ERR,ERR,ERR,ERR,ERR,ERR,ERR,ERR,ERR,ERR,ERR,ERR,ERR,ERR,ERR,ERR,ERR,0.0,0.0,0.0,0.0,0.0,1.3936040501711995e+18,7.805,0.0,0,0,4,0,7300,-0.0,0,0.0,0.0,0.0,0.0,0.0,0,0,0,0,0.0,0,0,0,0,0,0,0,0,0,0,0,0,0,0,0,0,0,0,0,0,0,0,0,0,0,0,0,0,0,0,0,0,0,32,30,30,62,65476,0,300,0,0,8,21553,0.0,-107605600.0,0.0,0.0,0.0,0.0,0.0,0.0,0.0,0.0,0.0,0.0,0.0,0.0,0.0,0.0,0.0,0.0,0.0,0.0,0.0,0.0,2.004,2.004,-0.0,-2.004,0.0,0.0,0.0,0.0,5383.0,-0.0,6965.0,0.0,0.0,-107615280.0,-0.0,0.0,0.0,0.0,0.0,63,2.3088396621844998e+20,-2.308830690169617e+20,0.0,0.0,0.0,0.0,0.0,0.0,0.0,0,0,0,0.0,0.0,0.0,0.0,0.0,0.0,0.0,0.0,0.0,0.0,0.0,0.0,0.0,0.0,0.0,0.0,0,-107875648.0,63,0.0,126,2.7184242562605685e+23,-0.0,ERR,ERR,ERR,ERR,ERR,ERR,ERR,ERR,ERR,ERR,ERR,ERR,ERR,ERR,ERR,ERR,ERR,ERR,ERR,ERR,ERR,ERR,ERR,ERR,ERR,ERR,ERR,ERR,ERR,ERR,ERR,ERR,ERR,ERR,ERR,ERR,ERR,ERR,ERR,ERR,ERR,ERR,ERR,ERR,ERR,ERR,ERR,ERR,ERR,ERR,ERR,ERR,ERR,ERR,ERR,ERR,ERR,ERR,ERR,ERR,ERR,ERR,ERR,ERR,ERR,ERR,ERR,34.0,80.0,35,0.0,0.0,0.0,0.0,0.0,0.0,0.0,0.0,0.0,0.0,0.0,0.0,0.0,0.0,0.0,0.0,64.4,0,116,56,50,65476,0,300,0,0,8,20529,65476,0,0,57672,80.0,0.0,0.0,0.0,0.0,0.0
2026-06-17T04:19:29,ERR,ERR,ERR,ERR,ERR,ERR,ERR,ERR,ERR,ERR,ERR,ERR,ERR,ERR,ERR,ERR,ERR,ERR,ERR,ERR,ERR,ERR,ERR,ERR,ERR,ERR,ERR,ERR,ERR,ERR,ERR,ERR,ERR,ERR,ERR,ERR,ERR,ERR,ERR,ERR,ERR,ERR,ERR,ERR,ERR,ERR,ERR,ERR,ERR,ERR,ERR,ERR,ERR,ERR,ERR,ERR,ERR,ERR,ERR,ERR,ERR,ERR,ERR,ERR,ERR,ERR,ERR,ERR,ERR,ERR,ERR,ERR,ERR,ERR,ERR,ERR,ERR,ERR,ERR,ERR,ERR,ERR,ERR,ERR,ERR,ERR,ERR,ERR,ERR,ERR,ERR,ERR,ERR,ERR,ERR,ERR,ERR,ERR,ERR,ERR,ERR,ERR,ERR,ERR,ERR,ERR,ERR,ERR,ERR,ERR,ERR,ERR,ERR,ERR,ERR,ERR,ERR,ERR,ERR,ERR,ERR,ERR,ERR,ERR,ERR,0.0,0.0,0.0,0.0,0.0,1.3936040501711995e+18,7.805,0.0,0,0,4,0,7300,-0.0,0,0.0,0.0,0.0,0.0,0.0,0,0,0,0,0.0,0,0,0,0,0,0,0,0,0,0,0,0,0,0,0,0,0,0,0,0,0,0,0,0,0,0,0,0,0,0,0,0,0,32,30,30,62,65476,0,300,0,0,8,21553,0.0,-107605600.0,0.0,0.0,0.0,0.0,0.0,0.0,0.0,0.0,0.0,0.0,0.0,0.0,0.0,0.0,0.0,0.0,0.0,0.0,0.0,0.0,2.004,2.004,-0.0,-2.004,0.0,0.0,0.0,0.0,5383.0,-0.0,6965.0,0.0,0.0,-107615280.0,-0.0,0.0,0.0,0.0,0.0,63,2.3088396621844998e+20,-2.308830690169617e+20,0.0,0.0,0.0,0.0,0.0,0.0,0.0,0,0,0,0.0,0.0,0.0,0.0,0.0,0.0,0.0,0.0,0.0,0.0,0.0,0.0,0.0,0.0,0.0,0.0,0,-107875648.0,63,0.0,126,2.7184242562605685e+23,-0.0,ERR,ERR,ERR,ERR,ERR,ERR,ERR,ERR,ERR,ERR,ERR,ERR,ERR,ERR,ERR,ERR,ERR,ERR,ERR,ERR,ERR,ERR,ERR,ERR,ERR,ERR,ERR,ERR,ERR,ERR,ERR,ERR,ERR,ERR,ERR,ERR,ERR,ERR,ERR,ERR,ERR,ERR,ERR,ERR,ERR,ERR,ERR,ERR,ERR,ERR,ERR,ERR,ERR,ERR,ERR,ERR,ERR,ERR,ERR,ERR,ERR,ERR,ERR,ERR,ERR,ERR,ERR,34.0,80.0,35,0.0,0.0,0.0,0.0,0.0,0.0,0.0,0.0,0.0,0.0,0.0,0.0,0.0,0.0,0.0,0.0,64.4,0,116,56,50,65476,0,300,0,0,8,20529,65476,0,0,57672,80.0,0.0,0.0,0.0,0.0,0.0
2026-06-17T04:19:30,ERR,ERR,ERR,ERR,ERR,ERR,ERR,ERR,ERR,ERR,ERR,ERR,ERR,ERR,ERR,ERR,ERR,ERR,ERR,ERR,ERR,ERR,ERR,ERR,ERR,ERR,ERR,ERR,ERR,ERR,ERR,ERR,ERR,ERR,ERR,ERR,ERR,ERR,ERR,ERR,ERR,ERR,ERR,ERR,ERR,ERR,ERR,ERR,ERR,ERR,ERR,ERR,ERR,ERR,ERR,ERR,ERR,ERR,ERR,ERR,ERR,ERR,ERR,ERR,ERR,ERR,ERR,ERR,ERR,ERR,ERR,ERR,ERR,ERR,ERR,ERR,ERR,ERR,ERR,ERR,ERR,ERR,ERR,ERR,ERR,ERR,ERR,ERR,ERR,ERR,ERR,ERR,ERR,ERR,ERR,ERR,ERR,ERR,ERR,ERR,ERR,ERR,ERR,ERR,ERR,ERR,ERR,ERR,ERR,ERR,ERR,ERR,ERR,ERR,ERR,ERR,ERR,ERR,ERR,ERR,ERR,ERR,ERR,ERR,ERR,0.0,0.0,0.0,0.0,0.0,1.3936040501711995e+18,7.805,0.0,0,0,4,0,7300,-0.0,0,0.0,0.0,0.0,0.0,0.0,0,0,0,0,0.0,0,0,0,0,0,0,0,0,0,0,0,0,0,0,0,0,0,0,0,0,0,0,0,0,0,0,0,0,0,0,0,0,0,32,30,30,62,65476,0,300,0,0,8,21553,0.0,-107605600.0,0.0,0.0,0.0,0.0,0.0,0.0,0.0,0.0,0.0,0.0,0.0,0.0,0.0,0.0,0.0,0.0,0.0,0.0,0.0,0.0,2.004,2.004,-0.0,-2.004,0.0,0.0,0.0,0.0,5381.0,0.0,6951.0,0.0,0.0,-107615280.0,-0.0,0.0,0.0,0.0,0.0,63,152018387730432.0,126840659968.0,0.0,0.0,0.0,0.0,0.0,0.0,0.0,0,0,0,0.0,0.0,0.0,0.0,0.0,0.0,0.0,0.0,0.0,0.0,0.0,0.0,0.0,0.0,0.0,0.0,0,-107875648.0,63,0.0,126,2.7184242562605685e+23,-0.0,ERR,ERR,ERR,ERR,ERR,ERR,ERR,ERR,ERR,ERR,ERR,ERR,ERR,ERR,ERR,ERR,ERR,ERR,ERR,ERR,ERR,ERR,ERR,ERR,ERR,ERR,ERR,ERR,ERR,ERR,ERR,ERR,ERR,ERR,ERR,ERR,ERR,ERR,ERR,ERR,ERR,ERR,ERR,ERR,ERR,ERR,ERR,ERR,ERR,ERR,ERR,ERR,ERR,ERR,ERR,ERR,ERR,ERR,ERR,ERR,ERR,ERR,ERR,ERR,ERR,ERR,ERR,34.0,80.0,35,0.0,0.0,0.0,0.0,0.0,0.0,0.0,0.0,0.0,0.0,0.0,0.0,0.0,0.0,0.0,0.0,64.8,0,116,56,50,65476,0,300,0,0,8,20529,65476,0,0,57672,80.0,0.0,0.0,0.0,0.0,0.0
2026-06-17T04:19:31,ERR,ERR,ERR,ERR,ERR,ERR,ERR,ERR,ERR,ERR,ERR,ERR,ERR,ERR,ERR,ERR,ERR,ERR,ERR,ERR,ERR,ERR,ERR,ERR,ERR,ERR,ERR,ERR,ERR,ERR,ERR,ERR,ERR,ERR,ERR,ERR,ERR,ERR,ERR,ERR,ERR,ERR,ERR,ERR,ERR,ERR,ERR,ERR,ERR,ERR,ERR,ERR,ERR,ERR,ERR,ERR,ERR,ERR,ERR,ERR,ERR,ERR,ERR,ERR,ERR,ERR,ERR,ERR,ERR,ERR,ERR,ERR,ERR,ERR,ERR,ERR,ERR,ERR,ERR,ERR,ERR,ERR,ERR,ERR,ERR,ERR,ERR,ERR,ERR,ERR,ERR,ERR,ERR,ERR,ERR,ERR,ERR,ERR,ERR,ERR,ERR,ERR,ERR,ERR,ERR,ERR,ERR,ERR,ERR,ERR,ERR,ERR,ERR,ERR,ERR,ERR,ERR,ERR,ERR,ERR,ERR,ERR,ERR,ERR,ERR,0.0,0.0,0.0,0.0,0.0,1.3936040501711995e+18,7.805,0.0,0,0,4,0,7300,-0.0,0,0.0,0.0,0.0,0.0,0.0,0,0,0,0,0.0,0,0,0,0,0,0,0,0,0,0,0,0,0,0,0,0,0,0,0,0,0,0,0,0,0,0,0,0,0,0,0,0,0,32,30,30,62,65476,0,300,0,0,8,21553,0.0,-107605600.0,0.0,0.0,0.0,0.0,0.0,0.0,0.0,0.0,0.0,0.0,0.0,0.0,0.0,0.0,0.0,0.0,0.0,0.0,0.0,0.0,2.004,2.004,-0.0,-2.004,0.0,0.0,0.0,0.0,5381.0,0.0,6951.0,0.0,0.0,-107615280.0,-0.0,0.0,0.0,0.0,0.0,63,152018387730432.0,126840659968.0,0.0,0.0,0.0,0.0,0.0,0.0,0.0,0,0,0,0.0,0.0,0.0,0.0,0.0,0.0,0.0,0.0,0.0,0.0,0.0,0.0,0.0,0.0,0.0,0.0,0,-107875648.0,63,0.0,126,2.7184242562605685e+23,-0.0,ERR,ERR,ERR,ERR,ERR,ERR,ERR,ERR,ERR,ERR,ERR,ERR,ERR,ERR,ERR,ERR,ERR,ERR,ERR,ERR,ERR,ERR,ERR,ERR,ERR,ERR,ERR,ERR,ERR,ERR,ERR,ERR,ERR,ERR,ERR,ERR,ERR,ERR,ERR,ERR,ERR,ERR,ERR,ERR,ERR,ERR,ERR,ERR,ERR,ERR,ERR,ERR,ERR,ERR,ERR,ERR,ERR,ERR,ERR,ERR,ERR,ERR,ERR,ERR,ERR,ERR,ERR,34.0,80.0,35,0.0,0.0,0.0,0.0,0.0,0.0,0.0,0.0,0.0,0.0,0.0,0.0,0.0,0.0,0.0,0.0,64.8,0,116,56,50,65476,0,300,0,0,8,20529,65476,0,0,57672,80.0,0.0,0.0,0.0,0.0,0.0
2026-06-17T04:19:32,ERR,ERR,ERR,ERR,ERR,ERR,ERR,ERR,ERR,ERR,ERR,ERR,ERR,ERR,ERR,ERR,ERR,ERR,ERR,ERR,ERR,ERR,ERR,ERR,ERR,ERR,ERR,ERR,ERR,ERR,ERR,ERR,ERR,ERR,ERR,ERR,ERR,ERR,ERR,ERR,ERR,ERR,ERR,ERR,ERR,ERR,ERR,ERR,ERR,ERR,ERR,ERR,ERR,ERR,ERR,ERR,ERR,ERR,ERR,ERR,ERR,ERR,ERR,ERR,ERR,ERR,ERR,ERR,ERR,ERR,ERR,ERR,ERR,ERR,ERR,ERR,ERR,ERR,ERR,ERR,ERR,ERR,ERR,ERR,ERR,ERR,ERR,ERR,ERR,ERR,ERR,ERR,ERR,ERR,ERR,ERR,ERR,ERR,ERR,ERR,ERR,ERR,ERR,ERR,ERR,ERR,ERR,ERR,ERR,ERR,ERR,ERR,ERR,ERR,ERR,ERR,ERR,ERR,ERR,ERR,ERR,ERR,ERR,ERR,ERR,0.0,0.0,0.0,0.0,0.0,1.3936040501711995e+18,7.805,0.0,0,0,4,0,7300,-0.0,0,0.0,0.0,0.0,0.0,0.0,0,0,0,0,0.0,0,0,0,0,0,0,0,0,0,0,0,0,0,0,0,0,0,0,0,0,0,0,0,0,0,0,0,0,0,0,0,0,0,32,30,30,62,65476,0,300,0,0,8,21553,0.0,-107605600.0,0.0,0.0,0.0,0.0,0.0,0.0,0.0,0.0,0.0,0.0,0.0,0.0,0.0,0.0,0.0,0.0,0.0,0.0,0.0,0.0,2.004,2.004,-0.0,-2.004,0.0,0.0,0.0,0.0,5381.0,0.0,6951.0,0.0,0.0,-107615280.0,-0.0,0.0,0.0,0.0,0.0,63,152018387730432.0,126840659968.0,0.0,0.0,0.0,0.0,0.0,0.0,0.0,0,0,0,0.0,0.0,0.0,0.0,0.0,0.0,0.0,0.0,0.0,0.0,0.0,0.0,0.0,0.0,0.0,0.0,0,-107875648.0,63,0.0,126,2.7184242562605685e+23,-0.0,ERR,ERR,ERR,ERR,ERR,ERR,ERR,ERR,ERR,ERR,ERR,ERR,ERR,ERR,ERR,ERR,ERR,ERR,ERR,ERR,ERR,ERR,ERR,ERR,ERR,ERR,ERR,ERR,ERR,ERR,ERR,ERR,ERR,ERR,ERR,ERR,ERR,ERR,ERR,ERR,ERR,ERR,ERR,ERR,ERR,ERR,ERR,ERR,ERR,ERR,ERR,ERR,ERR,ERR,ERR,ERR,ERR,ERR,ERR,ERR,ERR,ERR,ERR,ERR,ERR,ERR,ERR,34.0,80.0,35,0.0,0.0,0.0,0.0,0.0,0.0,0.0,0.0,0.0,0.0,0.0,0.0,0.0,0.0,0.0,0.0,64.4,0,116,56,50,65476,0,300,0,0,8,20529,65476,0,0,57672,80.0,0.0,0.0,0.0,0.0,0.0
2026-06-17T04:19:33,ERR,ERR,ERR,ERR,ERR,ERR,ERR,ERR,ERR,ERR,ERR,ERR,ERR,ERR,ERR,ERR,ERR,ERR,ERR,ERR,ERR,ERR,ERR,ERR,ERR,ERR,ERR,ERR,ERR,ERR,ERR,ERR,ERR,ERR,ERR,ERR,ERR,ERR,ERR,ERR,ERR,ERR,ERR,ERR,ERR,ERR,ERR,ERR,ERR,ERR,ERR,ERR,ERR,ERR,ERR,ERR,ERR,ERR,ERR,ERR,ERR,ERR,ERR,ERR,ERR,ERR,ERR,ERR,ERR,ERR,ERR,ERR,ERR,ERR,ERR,ERR,ERR,ERR,ERR,ERR,ERR,ERR,ERR,ERR,ERR,ERR,ERR,ERR,ERR,ERR,ERR,ERR,ERR,ERR,ERR,ERR,ERR,ERR,ERR,ERR,ERR,ERR,ERR,ERR,ERR,ERR,ERR,ERR,ERR,ERR,ERR,ERR,ERR,ERR,ERR,ERR,ERR,ERR,ERR,ERR,ERR,ERR,ERR,ERR,ERR,0.0,0.0,0.0,0.0,0.0,1.3936040501711995e+18,7.805,0.0,0,0,4,0,7300,-0.0,0,0.0,0.0,0.0,0.0,0.0,0,0,0,0,0.0,0,0,0,0,0,0,0,0,0,0,0,0,0,0,0,0,0,0,0,0,0,0,0,0,0,0,0,0,0,0,0,0,0,32,30,30,62,65476,0,300,0,0,8,21553,0.0,-107605600.0,0.0,0.0,0.0,0.0,0.0,0.0,0.0,0.0,0.0,0.0,0.0,0.0,0.0,0.0,0.0,0.0,0.0,0.0,0.0,0.0,2.004,2.004,-0.0,-2.004,0.0,0.0,0.0,0.0,5381.0,0.0,6951.0,0.0,0.0,-107615280.0,-0.0,0.0,0.0,0.0,0.0,63,152018387730432.0,126840659968.0,0.0,0.0,0.0,0.0,0.0,0.0,0.0,0,0,0,0.0,0.0,0.0,0.0,0.0,0.0,0.0,0.0,0.0,0.0,0.0,0.0,0.0,0.0,0.0,0.0,0,-107875648.0,63,0.0,126,2.7184242562605685e+23,-0.0,ERR,ERR,ERR,ERR,ERR,ERR,ERR,ERR,ERR,ERR,ERR,ERR,ERR,ERR,ERR,ERR,ERR,ERR,ERR,ERR,ERR,ERR,ERR,ERR,ERR,ERR,ERR,ERR,ERR,ERR,ERR,ERR,ERR,ERR,ERR,ERR,ERR,ERR,ERR,ERR,ERR,ERR,ERR,ERR,ERR,ERR,ERR,ERR,ERR,ERR,ERR,ERR,ERR,ERR,ERR,ERR,ERR,ERR,ERR,ERR,ERR,ERR,ERR,ERR,ERR,ERR,ERR,34.0,80.0,35,0.0,0.0,0.0,0.0,0.0,0.0,0.0,0.0,0.0,0.0,0.0,0.0,0.0,0.0,0.0,0.0,64.4,0,116,56,50,65476,0,300,0,0,8,20529,65476,0,0,57672,80.0,0.0,0.0,0.0,0.0,0.0
2026-06-17T04:19:34,ERR,ERR,ERR,ERR,ERR,ERR,ERR,ERR,ERR,ERR,ERR,ERR,ERR,ERR,ERR,ERR,ERR,ERR,ERR,ERR,ERR,ERR,ERR,ERR,ERR,ERR,ERR,ERR,ERR,ERR,ERR,ERR,ERR,ERR,ERR,ERR,ERR,ERR,ERR,ERR,ERR,ERR,ERR,ERR,ERR,ERR,ERR,ERR,ERR,ERR,ERR,ERR,ERR,ERR,ERR,ERR,ERR,ERR,ERR,ERR,ERR,ERR,ERR,ERR,ERR,ERR,ERR,ERR,ERR,ERR,ERR,ERR,ERR,ERR,ERR,ERR,ERR,ERR,ERR,ERR,ERR,ERR,ERR,ERR,ERR,ERR,ERR,ERR,ERR,ERR,ERR,ERR,ERR,ERR,ERR,ERR,ERR,ERR,ERR,ERR,ERR,ERR,ERR,ERR,ERR,ERR,ERR,ERR,ERR,ERR,ERR,ERR,ERR,ERR,ERR,ERR,ERR,ERR,ERR,ERR,ERR,ERR,ERR,ERR,ERR,0.0,0.0,0.0,0.0,0.0,1.3936040501711995e+18,7.805,0.0,0,0,4,0,7300,-0.0,0,0.0,0.0,0.0,0.0,0.0,0,0,0,0,0.0,0,0,0,0,0,0,0,0,0,0,0,0,0,0,0,0,0,0,0,0,0,0,0,0,0,0,0,0,0,0,0,0,0,32,30,30,62,65476,0,300,0,0,8,21553,0.0,-107605600.0,0.0,0.0,0.0,0.0,0.0,0.0,0.0,0.0,0.0,0.0,0.0,0.0,0.0,0.0,0.0,0.0,0.0,0.0,0.0,0.0,2.004,2.004,-0.0,-2.004,0.0,0.0,0.0,0.0,5381.0,0.0,6951.0,0.0,0.0,-107615280.0,-0.0,0.0,0.0,0.0,0.0,63,152018387730432.0,126840659968.0,0.0,0.0,0.0,0.0,0.0,0.0,0.0,0,0,0,0.0,0.0,0.0,0.0,0.0,0.0,0.0,0.0,0.0,0.0,0.0,0.0,0.0,0.0,0.0,0.0,0,-107875648.0,63,0.0,126,2.7184242562605685e+23,-0.0,ERR,ERR,ERR,ERR,ERR,ERR,ERR,ERR,ERR,ERR,ERR,ERR,ERR,ERR,ERR,ERR,ERR,ERR,ERR,ERR,ERR,ERR,ERR,ERR,ERR,ERR,ERR,ERR,ERR,ERR,ERR,ERR,ERR,ERR,ERR,ERR,ERR,ERR,ERR,ERR,ERR,ERR,ERR,ERR,ERR,ERR,ERR,ERR,ERR,ERR,ERR,ERR,ERR,ERR,ERR,ERR,ERR,ERR,ERR,ERR,ERR,ERR,ERR,ERR,ERR,ERR,ERR,34.0,80.0,35,0.0,0.0,0.0,0.0,0.0,0.0,0.0,0.0,0.0,0.0,0.0,0.0,0.0,0.0,0.0,0.0,64.4,0,116,56,50,65476,0,300,0,0,8,20529,65476,0,0,57672,80.0,0.0,0.0,0.0,0.0,0.0
2026-06-17T04:19:35,ERR,ERR,ERR,ERR,ERR,ERR,ERR,ERR,ERR,ERR,ERR,ERR,ERR,ERR,ERR,ERR,ERR,ERR,ERR,ERR,ERR,ERR,ERR,ERR,ERR,ERR,ERR,ERR,ERR,ERR,ERR,ERR,ERR,ERR,ERR,ERR,ERR,ERR,ERR,ERR,ERR,ERR,ERR,ERR,ERR,ERR,ERR,ERR,ERR,ERR,ERR,ERR,ERR,ERR,ERR,ERR,ERR,ERR,ERR,ERR,ERR,ERR,ERR,ERR,ERR,ERR,ERR,ERR,ERR,ERR,ERR,ERR,ERR,ERR,ERR,ERR,ERR,ERR,ERR,ERR,ERR,ERR,ERR,ERR,ERR,ERR,ERR,ERR,ERR,ERR,ERR,ERR,ERR,ERR,ERR,ERR,ERR,ERR,ERR,ERR,ERR,ERR,ERR,ERR,ERR,ERR,ERR,ERR,ERR,ERR,ERR,ERR,ERR,ERR,ERR,ERR,ERR,ERR,ERR,ERR,ERR,ERR,ERR,ERR,ERR,0.0,0.0,0.0,0.0,0.0,1.3936040501711995e+18,7.805,0.0,0,0,4,0,7300,-0.0,0,0.0,0.0,0.0,0.0,0.0,0,0,0,0,0.0,0,0,0,0,0,0,0,0,0,0,0,0,0,0,0,0,0,0,0,0,0,0,0,0,0,0,0,0,0,0,0,0,0,32,30,30,62,65476,0,300,0,0,8,21553,0.0,-107605600.0,0.0,0.0,0.0,0.0,0.0,0.0,0.0,0.0,0.0,0.0,0.0,0.0,0.0,0.0,0.0,0.0,0.0,0.0,0.0,0.0,2.004,2.004,-0.0,-2.004,0.0,0.0,0.0,0.0,5381.0,0.0,6951.0,0.0,0.0,-107615280.0,-0.0,0.0,0.0,0.0,0.0,63,152018387730432.0,126840659968.0,0.0,0.0,0.0,0.0,0.0,0.0,0.0,0,0,0,0.0,0.0,0.0,0.0,0.0,0.0,0.0,0.0,0.0,0.0,0.0,0.0,0.0,0.0,0.0,0.0,0,-107875648.0,63,0.0,126,2.7184242562605685e+23,-0.0,ERR,ERR,ERR,ERR,ERR,ERR,ERR,ERR,ERR,ERR,ERR,ERR,ERR,ERR,ERR,ERR,ERR,ERR,ERR,ERR,ERR,ERR,ERR,ERR,ERR,ERR,ERR,ERR,ERR,ERR,ERR,ERR,ERR,ERR,ERR,ERR,ERR,ERR,ERR,ERR,ERR,ERR,ERR,ERR,ERR,ERR,ERR,ERR,ERR,ERR,ERR,ERR,ERR,ERR,ERR,ERR,ERR,ERR,ERR,ERR,ERR,ERR,ERR,ERR,ERR,ERR,ERR,34.0,80.0,35,0.0,0.0,0.0,0.0,0.0,0.0,0.0,0.0,0.0,0.0,0.0,0.0,0.0,0.0,0.0,0.0,64.4,0,116,56,50,65476,0,300,0,0,8,20529,65476,0,0,57672,80.0,0.0,0.0,0.0,0.0,0.0
2026-06-17T04:19:36,ERR,ERR,ERR,ERR,ERR,ERR,ERR,ERR,ERR,ERR,ERR,ERR,ERR,ERR,ERR,ERR,ERR,ERR,ERR,ERR,ERR,ERR,ERR,ERR,ERR,ERR,ERR,ERR,ERR,ERR,ERR,ERR,ERR,ERR,ERR,ERR,ERR,ERR,ERR,ERR,ERR,ERR,ERR,ERR,ERR,ERR,ERR,ERR,ERR,ERR,ERR,ERR,ERR,ERR,ERR,ERR,ERR,ERR,ERR,ERR,ERR,ERR,ERR,ERR,ERR,ERR,ERR,ERR,ERR,ERR,ERR,ERR,ERR,ERR,ERR,ERR,ERR,ERR,ERR,ERR,ERR,ERR,ERR,ERR,ERR,ERR,ERR,ERR,ERR,ERR,ERR,ERR,ERR,ERR,ERR,ERR,ERR,ERR,ERR,ERR,ERR,ERR,ERR,ERR,ERR,ERR,ERR,ERR,ERR,ERR,ERR,ERR,ERR,ERR,ERR,ERR,ERR,ERR,ERR,ERR,ERR,ERR,ERR,ERR,ERR,0.0,0.0,0.0,0.0,0.0,1.3936040501711995e+18,7.805,0.0,0,0,4,0,7300,-0.0,0,0.0,0.0,0.0,0.0,0.0,0,0,0,0,0.0,0,0,0,0,0,0,0,0,0,0,0,0,0,0,0,0,0,0,0,0,0,0,0,0,0,0,0,0,0,0,0,0,0,32,30,30,62,65476,0,300,0,0,8,21553,0.0,-107605600.0,0.0,0.0,0.0,0.0,0.0,0.0,0.0,0.0,0.0,0.0,0.0,0.0,0.0,0.0,0.0,0.0,0.0,0.0,0.0,0.0,2.004,2.004,-0.0,-2.004,0.0,0.0,0.0,0.0,5383.0,0.0,6944.0,0.0,0.0,-107615280.0,-0.0,0.0,0.0,0.0,0.0,63,2.3088396621844998e+20,0.0,0.0,0.0,0.0,0.0,0.0,0.0,0.0,0,0,0,0.0,0.0,0.0,0.0,0.0,0.0,0.0,0.0,0.0,0.0,0.0,0.0,0.0,0.0,0.0,0.0,0,-107875648.0,63,0.0,126,2.7184242562605685e+23,-0.0,ERR,ERR,ERR,ERR,ERR,ERR,ERR,ERR,ERR,ERR,ERR,ERR,ERR,ERR,ERR,ERR,ERR,ERR,ERR,ERR,ERR,ERR,ERR,ERR,ERR,ERR,ERR,ERR,ERR,ERR,ERR,ERR,ERR,ERR,ERR,ERR,ERR,ERR,ERR,ERR,ERR,ERR,ERR,ERR,ERR,ERR,ERR,ERR,ERR,ERR,ERR,ERR,ERR,ERR,ERR,ERR,ERR,ERR,ERR,ERR,ERR,ERR,ERR,ERR,ERR,ERR,ERR,34.0,80.0,35,0.0,0.0,0.0,0.0,0.0,0.0,0.0,0.0,0.0,0.0,0.0,0.0,0.0,0.0,0.0,0.0,64.4,0,116,56,50,65476,0,300,0,0,8,20529,65476,0,0,57672,80.0,0.0,0.0,0.0,0.0,0.0
2026-06-17T04:19:37,ERR,ERR,ERR,ERR,ERR,ERR,ERR,ERR,ERR,ERR,ERR,ERR,ERR,ERR,ERR,ERR,ERR,ERR,ERR,ERR,ERR,ERR,ERR,ERR,ERR,ERR,ERR,ERR,ERR,ERR,ERR,ERR,ERR,ERR,ERR,ERR,ERR,ERR,ERR,ERR,ERR,ERR,ERR,ERR,ERR,ERR,ERR,ERR,ERR,ERR,ERR,ERR,ERR,ERR,ERR,ERR,ERR,ERR,ERR,ERR,ERR,ERR,ERR,ERR,ERR,ERR,ERR,ERR,ERR,ERR,ERR,ERR,ERR,ERR,ERR,ERR,ERR,ERR,ERR,ERR,ERR,ERR,ERR,ERR,ERR,ERR,ERR,ERR,ERR,ERR,ERR,ERR,ERR,ERR,ERR,ERR,ERR,ERR,ERR,ERR,ERR,ERR,ERR,ERR,ERR,ERR,ERR,ERR,ERR,ERR,ERR,ERR,ERR,ERR,ERR,ERR,ERR,ERR,ERR,ERR,ERR,ERR,ERR,ERR,ERR,0.0,0.0,0.0,0.0,0.0,1.3936040501711995e+18,7.805,0.0,0,0,4,0,7300,-0.0,0,0.0,0.0,0.0,0.0,0.0,0,0,0,0,0.0,0,0,0,0,0,0,0,0,0,0,0,0,0,0,0,0,0,0,0,0,0,0,0,0,0,0,0,0,0,0,0,0,0,32,30,30,62,65476,0,300,0,0,8,21553,0.0,-107605600.0,0.0,0.0,0.0,0.0,0.0,0.0,0.0,0.0,0.0,0.0,0.0,0.0,0.0,0.0,0.0,0.0,0.0,0.0,0.0,0.0,2.004,2.004,-0.0,-2.004,0.0,0.0,0.0,0.0,5383.0,0.0,6944.0,0.0,0.0,-107615280.0,-0.0,0.0,0.0,0.0,0.0,63,2.3088396621844998e+20,0.0,0.0,0.0,0.0,0.0,0.0,0.0,0.0,0,0,0,0.0,0.0,0.0,0.0,0.0,0.0,0.0,0.0,0.0,0.0,0.0,0.0,0.0,0.0,0.0,0.0,0,-107875648.0,63,0.0,126,2.7184242562605685e+23,-0.0,ERR,ERR,ERR,ERR,ERR,ERR,ERR,ERR,ERR,ERR,ERR,ERR,ERR,ERR,ERR,ERR,ERR,ERR,ERR,ERR,ERR,ERR,ERR,ERR,ERR,ERR,ERR,ERR,ERR,ERR,ERR,ERR,ERR,ERR,ERR,ERR,ERR,ERR,ERR,ERR,ERR,ERR,ERR,ERR,ERR,ERR,ERR,ERR,ERR,ERR,ERR,ERR,ERR,ERR,ERR,ERR,ERR,ERR,ERR,ERR,ERR,ERR,ERR,ERR,ERR,ERR,ERR,34.0,80.0,35,0.0,0.0,0.0,0.0,0.0,0.0,0.0,0.0,0.0,0.0,0.0,0.0,0.0,0.0,0.0,0.0,64.4,0,116,56,50,65476,0,300,0,0,8,20529,65476,0,0,57672,80.0,0.0,0.0,0.0,0.0,0.0
2026-06-17T04:19:38,ERR,ERR,ERR,ERR,ERR,ERR,ERR,ERR,ERR,ERR,ERR,ERR,ERR,ERR,ERR,ERR,ERR,ERR,ERR,ERR,ERR,ERR,ERR,ERR,ERR,ERR,ERR,ERR,ERR,ERR,ERR,ERR,ERR,ERR,ERR,ERR,ERR,ERR,ERR,ERR,ERR,ERR,ERR,ERR,ERR,ERR,ERR,ERR,ERR,ERR,ERR,ERR,ERR,ERR,ERR,ERR,ERR,ERR,ERR,ERR,ERR,ERR,ERR,ERR,ERR,ERR,ERR,ERR,ERR,ERR,ERR,ERR,ERR,ERR,ERR,ERR,ERR,ERR,ERR,ERR,ERR,ERR,ERR,ERR,ERR,ERR,ERR,ERR,ERR,ERR,ERR,ERR,ERR,ERR,ERR,ERR,ERR,ERR,ERR,ERR,ERR,ERR,ERR,ERR,ERR,ERR,ERR,ERR,ERR,ERR,ERR,ERR,ERR,ERR,ERR,ERR,ERR,ERR,ERR,ERR,ERR,ERR,ERR,ERR,ERR,0.0,0.0,0.0,0.0,0.0,1.3936040501711995e+18,7.805,0.0,0,0,4,0,7300,-0.0,0,0.0,0.0,0.0,0.0,0.0,0,0,0,0,0.0,0,0,0,0,0,0,0,0,0,0,0,0,0,0,0,0,0,0,0,0,0,0,0,0,0,0,0,0,0,0,0,0,0,32,30,30,62,65476,0,300,0,0,8,21553,0.0,-107605600.0,0.0,0.0,0.0,0.0,0.0,0.0,0.0,0.0,0.0,0.0,0.0,0.0,0.0,0.0,0.0,0.0,0.0,0.0,0.0,0.0,2.004,2.004,-0.0,-2.004,0.0,0.0,0.0,0.0,5383.0,0.0,6944.0,0.0,0.0,-107615280.0,-0.0,0.0,0.0,0.0,0.0,63,2.3088396621844998e+20,0.0,0.0,0.0,0.0,0.0,0.0,0.0,0.0,0,0,0,0.0,0.0,0.0,0.0,0.0,0.0,0.0,0.0,0.0,0.0,0.0,0.0,0.0,0.0,0.0,0.0,0,-107875648.0,63,0.0,126,2.7184242562605685e+23,-0.0,ERR,ERR,ERR,ERR,ERR,ERR,ERR,ERR,ERR,ERR,ERR,ERR,ERR,ERR,ERR,ERR,ERR,ERR,ERR,ERR,ERR,ERR,ERR,ERR,ERR,ERR,ERR,ERR,ERR,ERR,ERR,ERR,ERR,ERR,ERR,ERR,ERR,ERR,ERR,ERR,ERR,ERR,ERR,ERR,ERR,ERR,ERR,ERR,ERR,ERR,ERR,ERR,ERR,ERR,ERR,ERR,ERR,ERR,ERR,ERR,ERR,ERR,ERR,ERR,ERR,ERR,ERR,34.0,80.0,35,0.0,0.0,0.0,0.0,0.0,0.0,0.0,0.0,0.0,0.0,0.0,0.0,0.0,0.0,0.0,0.0,64.8,0,116,56,50,65476,0,300,0,0,8,20529,65476,0,0,57672,80.0,0.0,0.0,0.0,0.0,0.0
2026-06-17T04:19:39,ERR,ERR,ERR,ERR,ERR,ERR,ERR,ERR,ERR,ERR,ERR,ERR,ERR,ERR,ERR,ERR,ERR,ERR,ERR,ERR,ERR,ERR,ERR,ERR,ERR,ERR,ERR,ERR,ERR,ERR,ERR,ERR,ERR,ERR,ERR,ERR,ERR,ERR,ERR,ERR,ERR,ERR,ERR,ERR,ERR,ERR,ERR,ERR,ERR,ERR,ERR,ERR,ERR,ERR,ERR,ERR,ERR,ERR,ERR,ERR,ERR,ERR,ERR,ERR,ERR,ERR,ERR,ERR,ERR,ERR,ERR,ERR,ERR,ERR,ERR,ERR,ERR,ERR,ERR,ERR,ERR,ERR,ERR,ERR,ERR,ERR,ERR,ERR,ERR,ERR,ERR,ERR,ERR,ERR,ERR,ERR,ERR,ERR,ERR,ERR,ERR,ERR,ERR,ERR,ERR,ERR,ERR,ERR,ERR,ERR,ERR,ERR,ERR,ERR,ERR,ERR,ERR,ERR,ERR,ERR,ERR,ERR,ERR,ERR,ERR,0.0,0.0,0.0,0.0,0.0,1.3936040501711995e+18,7.805,0.0,0,0,4,0,7300,-0.0,0,0.0,0.0,0.0,0.0,0.0,0,0,0,0,0.0,0,0,0,0,0,0,0,0,0,0,0,0,0,0,0,0,0,0,0,0,0,0,0,0,0,0,0,0,0,0,0,0,0,32,30,30,62,65476,0,300,0,0,8,21553,0.0,-107605600.0,0.0,0.0,0.0,0.0,0.0,0.0,0.0,0.0,0.0,0.0,0.0,0.0,0.0,0.0,0.0,0.0,0.0,0.0,0.0,0.0,2.004,2.004,-0.0,-2.004,0.0,0.0,0.0,0.0,5383.0,0.0,6944.0,0.0,0.0,-107615280.0,-0.0,0.0,0.0,0.0,0.0,63,2.3088396621844998e+20,0.0,0.0,0.0,0.0,0.0,0.0,0.0,0.0,0,0,0,0.0,0.0,0.0,0.0,0.0,0.0,0.0,0.0,0.0,0.0,0.0,0.0,0.0,0.0,0.0,0.0,0,-107875648.0,63,0.0,126,2.7184242562605685e+23,-0.0,ERR,ERR,ERR,ERR,ERR,ERR,ERR,ERR,ERR,ERR,ERR,ERR,ERR,ERR,ERR,ERR,ERR,ERR,ERR,ERR,ERR,ERR,ERR,ERR,ERR,ERR,ERR,ERR,ERR,ERR,ERR,ERR,ERR,ERR,ERR,ERR,ERR,ERR,ERR,ERR,ERR,ERR,ERR,ERR,ERR,ERR,ERR,ERR,ERR,ERR,ERR,ERR,ERR,ERR,ERR,ERR,ERR,ERR,ERR,ERR,ERR,ERR,ERR,ERR,ERR,ERR,ERR,34.0,80.0,35,0.0,0.0,0.0,0.0,0.0,0.0,0.0,0.0,0.0,0.0,0.0,0.0,0.0,0.0,0.0,0.0,64.4,0,116,56,50,65476,0,300,0,0,8,20529,65476,0,0,57672,80.0,0.0,0.0,0.0,0.0,0.0
2026-06-17T04:19:40,ERR,ERR,ERR,ERR,ERR,ERR,ERR,ERR,ERR,ERR,ERR,ERR,ERR,ERR,ERR,ERR,ERR,ERR,ERR,ERR,ERR,ERR,ERR,ERR,ERR,ERR,ERR,ERR,ERR,ERR,ERR,ERR,ERR,ERR,ERR,ERR,ERR,ERR,ERR,ERR,ERR,ERR,ERR,ERR,ERR,ERR,ERR,ERR,ERR,ERR,ERR,ERR,ERR,ERR,ERR,ERR,ERR,ERR,ERR,ERR,ERR,ERR,ERR,ERR,ERR,ERR,ERR,ERR,ERR,ERR,ERR,ERR,ERR,ERR,ERR,ERR,ERR,ERR,ERR,ERR,ERR,ERR,ERR,ERR,ERR,ERR,ERR,ERR,ERR,ERR,ERR,ERR,ERR,ERR,ERR,ERR,ERR,ERR,ERR,ERR,ERR,ERR,ERR,ERR,ERR,ERR,ERR,ERR,ERR,ERR,ERR,ERR,ERR,ERR,ERR,ERR,ERR,ERR,ERR,ERR,ERR,ERR,ERR,ERR,ERR,0.0,0.0,0.0,0.0,0.0,1.3936040501711995e+18,7.805,0.0,0,0,4,0,7300,-0.0,0,0.0,0.0,0.0,0.0,0.0,0,0,0,0,0.0,0,0,0,0,0,0,0,0,0,0,0,0,0,0,0,0,0,0,0,0,0,0,0,0,0,0,0,0,0,0,0,0,0,32,30,30,62,65476,0,300,0,0,8,21553,0.0,-107605600.0,0.0,0.0,0.0,0.0,0.0,0.0,0.0,0.0,0.0,0.0,0.0,0.0,0.0,0.0,0.0,0.0,0.0,0.0,0.0,0.0,2.004,2.004,-0.0,-2.004,0.0,0.0,0.0,0.0,5383.0,0.0,6944.0,0.0,0.0,-107615280.0,-0.0,0.0,0.0,0.0,0.0,63,2.3088396621844998e+20,0.0,0.0,0.0,0.0,0.0,0.0,0.0,0.0,0,0,0,0.0,0.0,0.0,0.0,0.0,0.0,0.0,0.0,0.0,0.0,0.0,0.0,0.0,0.0,0.0,0.0,0,-107875648.0,63,0.0,126,2.7184242562605685e+23,-0.0,ERR,ERR,ERR,ERR,ERR,ERR,ERR,ERR,ERR,ERR,ERR,ERR,ERR,ERR,ERR,ERR,ERR,ERR,ERR,ERR,ERR,ERR,ERR,ERR,ERR,ERR,ERR,ERR,ERR,ERR,ERR,ERR,ERR,ERR,ERR,ERR,ERR,ERR,ERR,ERR,ERR,ERR,ERR,ERR,ERR,ERR,ERR,ERR,ERR,ERR,ERR,ERR,ERR,ERR,ERR,ERR,ERR,ERR,ERR,ERR,ERR,ERR,ERR,ERR,ERR,ERR,ERR,34.0,80.0,35,0.0,0.0,0.0,0.0,0.0,0.0,0.0,0.0,0.0,0.0,0.0,0.0,0.0,0.0,0.0,0.0,64.4,0,116,56,50,65476,0,300,0,0,8,20529,65476,0,0,57672,80.0,0.0,0.0,0.0,0.0,0.0
2026-06-17T04:19:41,ERR,ERR,ERR,ERR,ERR,ERR,ERR,ERR,ERR,ERR,ERR,ERR,ERR,ERR,ERR,ERR,ERR,ERR,ERR,ERR,ERR,ERR,ERR,ERR,ERR,ERR,ERR,ERR,ERR,ERR,ERR,ERR,ERR,ERR,ERR,ERR,ERR,ERR,ERR,ERR,ERR,ERR,ERR,ERR,ERR,ERR,ERR,ERR,ERR,ERR,ERR,ERR,ERR,ERR,ERR,ERR,ERR,ERR,ERR,ERR,ERR,ERR,ERR,ERR,ERR,ERR,ERR,ERR,ERR,ERR,ERR,ERR,ERR,ERR,ERR,ERR,ERR,ERR,ERR,ERR,ERR,ERR,ERR,ERR,ERR,ERR,ERR,ERR,ERR,ERR,ERR,ERR,ERR,ERR,ERR,ERR,ERR,ERR,ERR,ERR,ERR,ERR,ERR,ERR,ERR,ERR,ERR,ERR,ERR,ERR,ERR,ERR,ERR,ERR,ERR,ERR,ERR,ERR,ERR,ERR,ERR,ERR,ERR,ERR,ERR,0.0,0.0,0.0,0.0,0.0,1.3936040501711995e+18,7.805,0.0,0,0,4,0,7300,-0.0,0,0.0,0.0,0.0,0.0,0.0,0,0,0,0,0.0,0,0,0,0,0,0,0,0,0,0,0,0,0,0,0,0,0,0,0,0,0,0,0,0,0,0,0,0,0,0,0,0,0,32,30,30,62,65476,0,300,0,0,8,21553,0.0,-107605600.0,0.0,0.0,0.0,0.0,0.0,0.0,0.0,0.0,0.0,0.0,0.0,0.0,0.0,0.0,0.0,0.0,0.0,0.0,0.0,0.0,2.004,2.004,-0.0,-2.004,0.0,0.0,0.0,0.0,5382.0,0.0,6946.0,0.0,0.0,-107615280.0,-0.0,0.0,0.0,0.0,0.0,63,1.905697261480837e+17,0.0,0.0,0.0,0.0,0.0,0.0,0.0,0.0,0,0,0,0.0,0.0,0.0,0.0,0.0,0.0,0.0,0.0,0.0,0.0,0.0,0.0,0.0,0.0,0.0,0.0,0,-107875648.0,63,0.0,126,2.7184242562605685e+23,-0.0,ERR,ERR,ERR,ERR,ERR,ERR,ERR,ERR,ERR,ERR,ERR,ERR,ERR,ERR,ERR,ERR,ERR,ERR,ERR,ERR,ERR,ERR,ERR,ERR,ERR,ERR,ERR,ERR,ERR,ERR,ERR,ERR,ERR,ERR,ERR,ERR,ERR,ERR,ERR,ERR,ERR,ERR,ERR,ERR,ERR,ERR,ERR,ERR,ERR,ERR,ERR,ERR,ERR,ERR,ERR,ERR,ERR,ERR,ERR,ERR,ERR,ERR,ERR,ERR,ERR,ERR,ERR,34.0,80.0,35,0.0,0.0,0.0,0.0,0.0,0.0,0.0,0.0,0.0,0.0,0.0,0.0,0.0,0.0,0.0,0.0,64.4,0,116,56,50,65476,0,300,0,0,8,20529,65476,0,0,57672,80.0,0.0,0.0,0.0,0.0,0.0
2026-06-17T04:19:42,ERR,ERR,ERR,ERR,ERR,ERR,ERR,ERR,ERR,ERR,ERR,ERR,ERR,ERR,ERR,ERR,ERR,ERR,ERR,ERR,ERR,ERR,ERR,ERR,ERR,ERR,ERR,ERR,ERR,ERR,ERR,ERR,ERR,ERR,ERR,ERR,ERR,ERR,ERR,ERR,ERR,ERR,ERR,ERR,ERR,ERR,ERR,ERR,ERR,ERR,ERR,ERR,ERR,ERR,ERR,ERR,ERR,ERR,ERR,ERR,ERR,ERR,ERR,ERR,ERR,ERR,ERR,ERR,ERR,ERR,ERR,ERR,ERR,ERR,ERR,ERR,ERR,ERR,ERR,ERR,ERR,ERR,ERR,ERR,ERR,ERR,ERR,ERR,ERR,ERR,ERR,ERR,ERR,ERR,ERR,ERR,ERR,ERR,ERR,ERR,ERR,ERR,ERR,ERR,ERR,ERR,ERR,ERR,ERR,ERR,ERR,ERR,ERR,ERR,ERR,ERR,ERR,ERR,ERR,ERR,ERR,ERR,ERR,ERR,ERR,0.0,0.0,0.0,0.0,0.0,1.3936040501711995e+18,7.805,0.0,0,0,4,0,7300,-0.0,0,0.0,0.0,0.0,0.0,0.0,0,0,0,0,0.0,0,0,0,0,0,0,0,0,0,0,0,0,0,0,0,0,0,0,0,0,0,0,0,0,0,0,0,0,0,0,0,0,0,32,30,30,62,65476,0,300,0,0,8,21553,0.0,-107605600.0,0.0,0.0,0.0,0.0,0.0,0.0,0.0,0.0,0.0,0.0,0.0,0.0,0.0,0.0,0.0,0.0,0.0,0.0,0.0,0.0,2.004,2.004,-0.0,-2.004,0.0,0.0,0.0,0.0,5382.0,0.0,6946.0,0.0,0.0,-107615280.0,-0.0,0.0,0.0,0.0,0.0,63,1.905697261480837e+17,0.0,0.0,0.0,0.0,0.0,0.0,0.0,0.0,0,0,0,0.0,0.0,0.0,0.0,0.0,0.0,0.0,0.0,0.0,0.0,0.0,0.0,0.0,0.0,0.0,0.0,0,-107875648.0,63,0.0,126,2.7184242562605685e+23,-0.0,ERR,ERR,ERR,ERR,ERR,ERR,ERR,ERR,ERR,ERR,ERR,ERR,ERR,ERR,ERR,ERR,ERR,ERR,ERR,ERR,ERR,ERR,ERR,ERR,ERR,ERR,ERR,ERR,ERR,ERR,ERR,ERR,ERR,ERR,ERR,ERR,ERR,ERR,ERR,ERR,ERR,ERR,ERR,ERR,ERR,ERR,ERR,ERR,ERR,ERR,ERR,ERR,ERR,ERR,ERR,ERR,ERR,ERR,ERR,ERR,ERR,ERR,ERR,ERR,ERR,ERR,ERR,34.0,80.0,35,0.0,0.0,0.0,0.0,0.0,0.0,0.0,0.0,0.0,0.0,0.0,0.0,0.0,0.0,0.0,0.0,64.4,0,116,56,50,65476,0,300,0,0,8,20529,65476,0,0,57672,80.0,0.0,0.0,0.0,0.0,0.0
2026-06-17T04:19:43,ERR,ERR,ERR,ERR,ERR,ERR,ERR,ERR,ERR,ERR,ERR,ERR,ERR,ERR,ERR,ERR,ERR,ERR,ERR,ERR,ERR,ERR,ERR,ERR,ERR,ERR,ERR,ERR,ERR,ERR,ERR,ERR,ERR,ERR,ERR,ERR,ERR,ERR,ERR,ERR,ERR,ERR,ERR,ERR,ERR,ERR,ERR,ERR,ERR,ERR,ERR,ERR,ERR,ERR,ERR,ERR,ERR,ERR,ERR,ERR,ERR,ERR,ERR,ERR,ERR,ERR,ERR,ERR,ERR,ERR,ERR,ERR,ERR,ERR,ERR,ERR,ERR,ERR,ERR,ERR,ERR,ERR,ERR,ERR,ERR,ERR,ERR,ERR,ERR,ERR,ERR,ERR,ERR,ERR,ERR,ERR,ERR,ERR,ERR,ERR,ERR,ERR,ERR,ERR,ERR,ERR,ERR,ERR,ERR,ERR,ERR,ERR,ERR,ERR,ERR,ERR,ERR,ERR,ERR,ERR,ERR,ERR,ERR,ERR,ERR,0.0,0.0,0.0,0.0,0.0,1.3936040501711995e+18,7.805,0.0,0,0,4,0,7300,-0.0,0,0.0,0.0,0.0,0.0,0.0,0,0,0,0,0.0,0,0,0,0,0,0,0,0,0,0,0,0,0,0,0,0,0,0,0,0,0,0,0,0,0,0,0,0,0,0,0,0,0,32,30,30,62,65476,0,300,0,0,8,21553,0.0,-107605600.0,0.0,0.0,0.0,0.0,0.0,0.0,0.0,0.0,0.0,0.0,0.0,0.0,0.0,0.0,0.0,0.0,0.0,0.0,0.0,0.0,2.004,2.004,-0.0,-2.004,0.0,0.0,0.0,0.0,5382.0,0.0,6946.0,0.0,0.0,-107615280.0,-0.0,0.0,0.0,0.0,0.0,63,1.905697261480837e+17,0.0,0.0,0.0,0.0,0.0,0.0,0.0,0.0,0,0,0,0.0,0.0,0.0,0.0,0.0,0.0,0.0,0.0,0.0,0.0,0.0,0.0,0.0,0.0,0.0,0.0,0,-107875648.0,63,0.0,126,2.7184242562605685e+23,-0.0,ERR,ERR,ERR,ERR,ERR,ERR,ERR,ERR,ERR,ERR,ERR,ERR,ERR,ERR,ERR,ERR,ERR,ERR,ERR,ERR,ERR,ERR,ERR,ERR,ERR,ERR,ERR,ERR,ERR,ERR,ERR,ERR,ERR,ERR,ERR,ERR,ERR,ERR,ERR,ERR,ERR,ERR,ERR,ERR,ERR,ERR,ERR,ERR,ERR,ERR,ERR,ERR,ERR,ERR,ERR,ERR,ERR,ERR,ERR,ERR,ERR,ERR,ERR,ERR,ERR,ERR,ERR,34.0,80.0,35,0.0,0.0,0.0,0.0,0.0,0.0,0.0,0.0,0.0,0.0,0.0,0.0,0.0,0.0,0.0,0.0,64.4,0,116,56,50,65476,0,300,0,0,8,20529,65476,0,0,57672,80.0,0.0,0.0,0.0,0.0,0.0
2026-06-17T04:19:44,ERR,ERR,ERR,ERR,ERR,ERR,ERR,ERR,ERR,ERR,ERR,ERR,ERR,ERR,ERR,ERR,ERR,ERR,ERR,ERR,ERR,ERR,ERR,ERR,ERR,ERR,ERR,ERR,ERR,ERR,ERR,ERR,ERR,ERR,ERR,ERR,ERR,ERR,ERR,ERR,ERR,ERR,ERR,ERR,ERR,ERR,ERR,ERR,ERR,ERR,ERR,ERR,ERR,ERR,ERR,ERR,ERR,ERR,ERR,ERR,ERR,ERR,ERR,ERR,ERR,ERR,ERR,ERR,ERR,ERR,ERR,ERR,ERR,ERR,ERR,ERR,ERR,ERR,ERR,ERR,ERR,ERR,ERR,ERR,ERR,ERR,ERR,ERR,ERR,ERR,ERR,ERR,ERR,ERR,ERR,ERR,ERR,ERR,ERR,ERR,ERR,ERR,ERR,ERR,ERR,ERR,ERR,ERR,ERR,ERR,ERR,ERR,ERR,ERR,ERR,ERR,ERR,ERR,ERR,ERR,ERR,ERR,ERR,ERR,ERR,0.0,0.0,0.0,0.0,0.0,1.3936040501711995e+18,7.805,0.0,0,0,4,0,7300,-0.0,0,0.0,0.0,0.0,0.0,0.0,0,0,0,0,0.0,0,0,0,0,0,0,0,0,0,0,0,0,0,0,0,0,0,0,0,0,0,0,0,0,0,0,0,0,0,0,0,0,0,32,30,30,62,65476,0,300,0,0,8,21553,0.0,-107605600.0,0.0,0.0,0.0,0.0,0.0,0.0,0.0,0.0,0.0,0.0,0.0,0.0,0.0,0.0,0.0,0.0,0.0,0.0,0.0,0.0,2.004,2.004,-0.0,-2.004,0.0,0.0,0.0,0.0,5382.0,0.0,6946.0,0.0,0.0,-107615280.0,-0.0,0.0,0.0,0.0,0.0,63,1.905697261480837e+17,0.0,0.0,0.0,0.0,0.0,0.0,0.0,0.0,0,0,0,0.0,0.0,0.0,0.0,0.0,0.0,0.0,0.0,0.0,0.0,0.0,0.0,0.0,0.0,0.0,0.0,0,-107875648.0,63,0.0,126,2.7184242562605685e+23,-0.0,ERR,ERR,ERR,ERR,ERR,ERR,ERR,ERR,ERR,ERR,ERR,ERR,ERR,ERR,ERR,ERR,ERR,ERR,ERR,ERR,ERR,ERR,ERR,ERR,ERR,ERR,ERR,ERR,ERR,ERR,ERR,ERR,ERR,ERR,ERR,ERR,ERR,ERR,ERR,ERR,ERR,ERR,ERR,ERR,ERR,ERR,ERR,ERR,ERR,ERR,ERR,ERR,ERR,ERR,ERR,ERR,ERR,ERR,ERR,ERR,ERR,ERR,ERR,ERR,ERR,ERR,ERR,34.0,80.0,35,0.0,0.0,0.0,0.0,0.0,0.0,0.0,0.0,0.0,0.0,0.0,0.0,0.0,0.0,0.0,0.0,64.4,0,116,56,50,65476,0,300,0,0,8,20529,65476,0,0,57672,80.0,0.0,0.0,0.0,0.0,0.0
2026-06-17T04:19:45,ERR,ERR,ERR,ERR,ERR,ERR,ERR,ERR,ERR,ERR,ERR,ERR,ERR,ERR,ERR,ERR,ERR,ERR,ERR,ERR,ERR,ERR,ERR,ERR,ERR,ERR,ERR,ERR,ERR,ERR,ERR,ERR,ERR,ERR,ERR,ERR,ERR,ERR,ERR,ERR,ERR,ERR,ERR,ERR,ERR,ERR,ERR,ERR,ERR,ERR,ERR,ERR,ERR,ERR,ERR,ERR,ERR,ERR,ERR,ERR,ERR,ERR,ERR,ERR,ERR,ERR,ERR,ERR,ERR,ERR,ERR,ERR,ERR,ERR,ERR,ERR,ERR,ERR,ERR,ERR,ERR,ERR,ERR,ERR,ERR,ERR,ERR,ERR,ERR,ERR,ERR,ERR,ERR,ERR,ERR,ERR,ERR,ERR,ERR,ERR,ERR,ERR,ERR,ERR,ERR,ERR,ERR,ERR,ERR,ERR,ERR,ERR,ERR,ERR,ERR,ERR,ERR,ERR,ERR,ERR,ERR,ERR,ERR,ERR,ERR,0.0,0.0,0.0,0.0,0.0,1.3936040501711995e+18,7.805,0.0,0,0,4,0,7300,-0.0,0,0.0,0.0,0.0,0.0,0.0,0,0,0,0,0.0,0,0,0,0,0,0,0,0,0,0,0,0,0,0,0,0,0,0,0,0,0,0,0,0,0,0,0,0,0,0,0,0,0,32,30,30,62,65476,0,300,0,0,8,21553,0.0,-107605600.0,0.0,0.0,0.0,0.0,0.0,0.0,0.0,0.0,0.0,0.0,0.0,0.0,0.0,0.0,0.0,0.0,0.0,0.0,0.0,0.0,2.004,2.004,-0.0,-2.004,0.0,0.0,0.0,0.0,5382.0,0.0,6946.0,0.0,0.0,-107615280.0,-0.0,0.0,0.0,0.0,0.0,63,1.905697261480837e+17,0.0,0.0,0.0,0.0,0.0,0.0,0.0,0.0,0,0,0,0.0,0.0,0.0,0.0,0.0,0.0,0.0,0.0,0.0,0.0,0.0,0.0,0.0,0.0,0.0,0.0,0,-107875648.0,63,0.0,126,2.7184242562605685e+23,-0.0,ERR,ERR,ERR,ERR,ERR,ERR,ERR,ERR,ERR,ERR,ERR,ERR,ERR,ERR,ERR,ERR,ERR,ERR,ERR,ERR,ERR,ERR,ERR,ERR,ERR,ERR,ERR,ERR,ERR,ERR,ERR,ERR,ERR,ERR,ERR,ERR,ERR,ERR,ERR,ERR,ERR,ERR,ERR,ERR,ERR,ERR,ERR,ERR,ERR,ERR,ERR,ERR,ERR,ERR,ERR,ERR,ERR,ERR,ERR,ERR,ERR,ERR,ERR,ERR,ERR,ERR,ERR,34.0,80.0,35,0.0,0.0,0.0,0.0,0.0,0.0,0.0,0.0,0.0,0.0,0.0,0.0,0.0,0.0,0.0,0.0,64.4,0,116,56,50,65476,0,300,0,0,8,20529,65476,0,0,57672,80.0,0.0,0.0,0.0,0.0,0.0
2026-06-17T04:19:46,ERR,ERR,ERR,ERR,ERR,ERR,ERR,ERR,ERR,ERR,ERR,ERR,ERR,ERR,ERR,ERR,ERR,ERR,ERR,ERR,ERR,ERR,ERR,ERR,ERR,ERR,ERR,ERR,ERR,ERR,ERR,ERR,ERR,ERR,ERR,ERR,ERR,ERR,ERR,ERR,ERR,ERR,ERR,ERR,ERR,ERR,ERR,ERR,ERR,ERR,ERR,ERR,ERR,ERR,ERR,ERR,ERR,ERR,ERR,ERR,ERR,ERR,ERR,ERR,ERR,ERR,ERR,ERR,ERR,ERR,ERR,ERR,ERR,ERR,ERR,ERR,ERR,ERR,ERR,ERR,ERR,ERR,ERR,ERR,ERR,ERR,ERR,ERR,ERR,ERR,ERR,ERR,ERR,ERR,ERR,ERR,ERR,ERR,ERR,ERR,ERR,ERR,ERR,ERR,ERR,ERR,ERR,ERR,ERR,ERR,ERR,ERR,ERR,ERR,ERR,ERR,ERR,ERR,ERR,ERR,ERR,ERR,ERR,ERR,ERR,0.0,0.0,0.0,0.0,0.0,1.3936040501711995e+18,7.805,0.0,0,0,4,0,7300,-0.0,0,0.0,0.0,0.0,0.0,0.0,0,0,0,0,0.0,0,0,0,0,0,0,0,0,0,0,0,0,0,0,0,0,0,0,0,0,0,0,0,0,0,0,0,0,0,0,0,0,0,32,30,30,62,65476,0,300,0,0,8,21553,0.0,-107605600.0,0.0,0.0,0.0,0.0,0.0,0.0,0.0,0.0,0.0,0.0,0.0,0.0,0.0,0.0,0.0,0.0,0.0,0.0,0.0,0.0,2.004,2.004,-0.0,-2.004,0.0,0.0,0.0,0.0,5351.0,-2.4229910750664195e+24,6973.0,0.0,0.0,-107615280.0,-0.0,0.0,0.0,0.0,0.0,63,2.3088396621844998e+20,-3.222007932332108e+26,0.0,0.0,0.0,0.0,0.0,0.0,0.0,0,0,0,0.0,0.0,0.0,0.0,0.0,0.0,0.0,0.0,0.0,0.0,0.0,0.0,0.0,0.0,0.0,0.0,0,-107875648.0,63,0.0,126,2.7184242562605685e+23,-0.0,ERR,ERR,ERR,ERR,ERR,ERR,ERR,ERR,ERR,ERR,ERR,ERR,ERR,ERR,ERR,ERR,ERR,ERR,ERR,ERR,ERR,ERR,ERR,ERR,ERR,ERR,ERR,ERR,ERR,ERR,ERR,ERR,ERR,ERR,ERR,ERR,ERR,ERR,ERR,ERR,ERR,ERR,ERR,ERR,ERR,ERR,ERR,ERR,ERR,ERR,ERR,ERR,ERR,ERR,ERR,ERR,ERR,ERR,ERR,ERR,ERR,ERR,ERR,ERR,ERR,ERR,ERR,34.0,80.0,35,0.0,0.0,0.0,0.0,0.0,0.0,0.0,0.0,0.0,0.0,0.0,0.0,0.0,0.0,0.0,0.0,64.4,0,116,56,50,65476,0,300,0,0,8,20529,65476,0,0,57672,80.0,0.0,0.0,0.0,0.0,0.0
2026-06-17T04:19:47,ERR,ERR,ERR,ERR,ERR,ERR,ERR,ERR,ERR,ERR,ERR,ERR,ERR,ERR,ERR,ERR,ERR,ERR,ERR,ERR,ERR,ERR,ERR,ERR,ERR,ERR,ERR,ERR,ERR,ERR,ERR,ERR,ERR,ERR,ERR,ERR,ERR,ERR,ERR,ERR,ERR,ERR,ERR,ERR,ERR,ERR,ERR,ERR,ERR,ERR,ERR,ERR,ERR,ERR,ERR,ERR,ERR,ERR,ERR,ERR,ERR,ERR,ERR,ERR,ERR,ERR,ERR,ERR,ERR,ERR,ERR,ERR,ERR,ERR,ERR,ERR,ERR,ERR,ERR,ERR,ERR,ERR,ERR,ERR,ERR,ERR,ERR,ERR,ERR,ERR,ERR,ERR,ERR,ERR,ERR,ERR,ERR,ERR,ERR,ERR,ERR,ERR,ERR,ERR,ERR,ERR,ERR,ERR,ERR,ERR,ERR,ERR,ERR,ERR,ERR,ERR,ERR,ERR,ERR,ERR,ERR,ERR,ERR,ERR,ERR,0.0,0.0,0.0,0.0,0.0,1.3936040501711995e+18,7.805,0.0,0,0,4,0,7300,-0.0,0,0.0,0.0,0.0,0.0,0.0,0,0,0,0,0.0,0,0,0,0,0,0,0,0,0,0,0,0,0,0,0,0,0,0,0,0,0,0,0,0,0,0,0,0,0,0,0,0,0,32,30,30,62,65476,0,300,0,0,8,21553,0.0,-107605600.0,0.0,0.0,0.0,0.0,0.0,0.0,0.0,0.0,0.0,0.0,0.0,0.0,0.0,0.0,0.0,0.0,0.0,0.0,0.0,0.0,2.004,2.004,-0.0,-2.004,0.0,0.0,0.0,0.0,5351.0,-2.4229910750664195e+24,6973.0,0.0,0.0,-107615280.0,-0.0,0.0,0.0,0.0,0.0,63,2.3088396621844998e+20,-3.222007932332108e+26,0.0,0.0,0.0,0.0,0.0,0.0,0.0,0,0,0,0.0,0.0,0.0,0.0,0.0,0.0,0.0,0.0,0.0,0.0,0.0,0.0,0.0,0.0,0.0,0.0,0,-107875648.0,63,0.0,126,2.7184242562605685e+23,-0.0,ERR,ERR,ERR,ERR,ERR,ERR,ERR,ERR,ERR,ERR,ERR,ERR,ERR,ERR,ERR,ERR,ERR,ERR,ERR,ERR,ERR,ERR,ERR,ERR,ERR,ERR,ERR,ERR,ERR,ERR,ERR,ERR,ERR,ERR,ERR,ERR,ERR,ERR,ERR,ERR,ERR,ERR,ERR,ERR,ERR,ERR,ERR,ERR,ERR,ERR,ERR,ERR,ERR,ERR,ERR,ERR,ERR,ERR,ERR,ERR,ERR,ERR,ERR,ERR,ERR,ERR,ERR,34.0,80.0,35,0.0,0.0,0.0,0.0,0.0,0.0,0.0,0.0,0.0,0.0,0.0,0.0,0.0,0.0,0.0,0.0,64.4,0,116,56,50,65476,0,300,0,0,8,20529,65476,0,0,57672,80.0,0.0,0.0,0.0,0.0,0.0
2026-06-17T04:19:48,ERR,ERR,ERR,ERR,ERR,ERR,ERR,ERR,ERR,ERR,ERR,ERR,ERR,ERR,ERR,ERR,ERR,ERR,ERR,ERR,ERR,ERR,ERR,ERR,ERR,ERR,ERR,ERR,ERR,ERR,ERR,ERR,ERR,ERR,ERR,ERR,ERR,ERR,ERR,ERR,ERR,ERR,ERR,ERR,ERR,ERR,ERR,ERR,ERR,ERR,ERR,ERR,ERR,ERR,ERR,ERR,ERR,ERR,ERR,ERR,ERR,ERR,ERR,ERR,ERR,ERR,ERR,ERR,ERR,ERR,ERR,ERR,ERR,ERR,ERR,ERR,ERR,ERR,ERR,ERR,ERR,ERR,ERR,ERR,ERR,ERR,ERR,ERR,ERR,ERR,ERR,ERR,ERR,ERR,ERR,ERR,ERR,ERR,ERR,ERR,ERR,ERR,ERR,ERR,ERR,ERR,ERR,ERR,ERR,ERR,ERR,ERR,ERR,ERR,ERR,ERR,ERR,ERR,ERR,ERR,ERR,ERR,ERR,ERR,ERR,0.0,0.0,0.0,0.0,0.0,1.3936040501711995e+18,7.805,0.0,0,0,4,0,7300,-0.0,0,0.0,0.0,0.0,0.0,0.0,0,0,0,0,0.0,0,0,0,0,0,0,0,0,0,0,0,0,0,0,0,0,0,0,0,0,0,0,0,0,0,0,0,0,0,0,0,0,0,32,30,30,62,65476,0,300,0,0,8,21553,0.0,-107605600.0,0.0,0.0,0.0,0.0,0.0,0.0,0.0,0.0,0.0,0.0,0.0,0.0,0.0,0.0,0.0,0.0,0.0,0.0,0.0,0.0,2.004,2.004,-0.0,-2.004,0.0,0.0,0.0,0.0,5351.0,-2.4229910750664195e+24,6973.0,0.0,0.0,-107615280.0,-0.0,0.0,0.0,0.0,0.0,63,2.3088396621844998e+20,-3.222007932332108e+26,0.0,0.0,0.0,0.0,0.0,0.0,0.0,0,0,0,0.0,0.0,0.0,0.0,0.0,0.0,0.0,0.0,0.0,0.0,0.0,0.0,0.0,0.0,0.0,0.0,0,-107875648.0,63,0.0,126,2.7184242562605685e+23,-0.0,ERR,ERR,ERR,ERR,ERR,ERR,ERR,ERR,ERR,ERR,ERR,ERR,ERR,ERR,ERR,ERR,ERR,ERR,ERR,ERR,ERR,ERR,ERR,ERR,ERR,ERR,ERR,ERR,ERR,ERR,ERR,ERR,ERR,ERR,ERR,ERR,ERR,ERR,ERR,ERR,ERR,ERR,ERR,ERR,ERR,ERR,ERR,ERR,ERR,ERR,ERR,ERR,ERR,ERR,ERR,ERR,ERR,ERR,ERR,ERR,ERR,ERR,ERR,ERR,ERR,ERR,ERR,34.0,80.0,35,0.0,0.0,0.0,0.0,0.0,0.0,0.0,0.0,0.0,0.0,0.0,0.0,0.0,0.0,0.0,0.0,64.4,0,116,56,50,65476,0,300,0,0,8,20529,65476,0,0,57672,80.0,0.0,0.0,0.0,0.0,0.0
2026-06-17T04:19:49,ERR,ERR,ERR,ERR,ERR,ERR,ERR,ERR,ERR,ERR,ERR,ERR,ERR,ERR,ERR,ERR,ERR,ERR,ERR,ERR,ERR,ERR,ERR,ERR,ERR,ERR,ERR,ERR,ERR,ERR,ERR,ERR,ERR,ERR,ERR,ERR,ERR,ERR,ERR,ERR,ERR,ERR,ERR,ERR,ERR,ERR,ERR,ERR,ERR,ERR,ERR,ERR,ERR,ERR,ERR,ERR,ERR,ERR,ERR,ERR,ERR,ERR,ERR,ERR,ERR,ERR,ERR,ERR,ERR,ERR,ERR,ERR,ERR,ERR,ERR,ERR,ERR,ERR,ERR,ERR,ERR,ERR,ERR,ERR,ERR,ERR,ERR,ERR,ERR,ERR,ERR,ERR,ERR,ERR,ERR,ERR,ERR,ERR,ERR,ERR,ERR,ERR,ERR,ERR,ERR,ERR,ERR,ERR,ERR,ERR,ERR,ERR,ERR,ERR,ERR,ERR,ERR,ERR,ERR,ERR,ERR,ERR,ERR,ERR,ERR,0.0,0.0,0.0,0.0,0.0,1.3936040501711995e+18,7.805,0.0,0,0,4,0,7300,-0.0,0,0.0,0.0,0.0,0.0,0.0,0,0,0,0,0.0,0,0,0,0,0,0,0,0,0,0,0,0,0,0,0,0,0,0,0,0,0,0,0,0,0,0,0,0,0,0,0,0,0,32,30,30,62,65476,0,300,0,0,8,21553,0.0,-107605600.0,0.0,0.0,0.0,0.0,0.0,0.0,0.0,0.0,0.0,0.0,0.0,0.0,0.0,0.0,0.0,0.0,0.0,0.0,0.0,0.0,2.004,2.004,-0.0,-2.004,0.0,0.0,0.0,0.0,5351.0,-2.4229910750664195e+24,6973.0,0.0,0.0,-107615280.0,-0.0,0.0,0.0,0.0,0.0,63,2.3088396621844998e+20,-3.222007932332108e+26,0.0,0.0,0.0,0.0,0.0,0.0,0.0,0,0,0,0.0,0.0,0.0,0.0,0.0,0.0,0.0,0.0,0.0,0.0,0.0,0.0,0.0,0.0,0.0,0.0,0,-107875648.0,63,0.0,126,2.7184242562605685e+23,-0.0,ERR,ERR,ERR,ERR,ERR,ERR,ERR,ERR,ERR,ERR,ERR,ERR,ERR,ERR,ERR,ERR,ERR,ERR,ERR,ERR,ERR,ERR,ERR,ERR,ERR,ERR,ERR,ERR,ERR,ERR,ERR,ERR,ERR,ERR,ERR,ERR,ERR,ERR,ERR,ERR,ERR,ERR,ERR,ERR,ERR,ERR,ERR,ERR,ERR,ERR,ERR,ERR,ERR,ERR,ERR,ERR,ERR,ERR,ERR,ERR,ERR,ERR,ERR,ERR,ERR,ERR,ERR,34.0,80.0,35,0.0,0.0,0.0,0.0,0.0,0.0,0.0,0.0,0.0,0.0,0.0,0.0,0.0,0.0,0.0,0.0,64.4,0,116,56,50,65476,0,300,0,0,8,20529,65476,0,0,57672,80.0,0.0,0.0,0.0,0.0,0.0
2026-06-17T04:19:50,ERR,ERR,ERR,ERR,ERR,ERR,ERR,ERR,ERR,ERR,ERR,ERR,ERR,ERR,ERR,ERR,ERR,ERR,ERR,ERR,ERR,ERR,ERR,ERR,ERR,ERR,ERR,ERR,ERR,ERR,ERR,ERR,ERR,ERR,ERR,ERR,ERR,ERR,ERR,ERR,ERR,ERR,ERR,ERR,ERR,ERR,ERR,ERR,ERR,ERR,ERR,ERR,ERR,ERR,ERR,ERR,ERR,ERR,ERR,ERR,ERR,ERR,ERR,ERR,ERR,ERR,ERR,ERR,ERR,ERR,ERR,ERR,ERR,ERR,ERR,ERR,ERR,ERR,ERR,ERR,ERR,ERR,ERR,ERR,ERR,ERR,ERR,ERR,ERR,ERR,ERR,ERR,ERR,ERR,ERR,ERR,ERR,ERR,ERR,ERR,ERR,ERR,ERR,ERR,ERR,ERR,ERR,ERR,ERR,ERR,ERR,ERR,ERR,ERR,ERR,ERR,ERR,ERR,ERR,ERR,ERR,ERR,ERR,ERR,ERR,0.0,0.0,0.0,0.0,0.0,1.3936040501711995e+18,7.805,0.0,0,0,4,0,7300,-0.0,0,0.0,0.0,0.0,0.0,0.0,0,0,0,0,0.0,0,0,0,0,0,0,0,0,0,0,0,0,0,0,0,0,0,0,0,0,0,0,0,0,0,0,0,0,0,0,0,0,0,32,30,30,62,65476,0,300,0,0,8,21553,0.0,-107605600.0,0.0,0.0,0.0,0.0,0.0,0.0,0.0,0.0,0.0,0.0,0.0,0.0,0.0,0.0,0.0,0.0,0.0,0.0,0.0,0.0,2.004,2.004,-0.0,-2.004,0.0,0.0,0.0,0.0,5351.0,-2.4229910750664195e+24,6973.0,0.0,0.0,-107615280.0,-0.0,0.0,0.0,0.0,0.0,63,2.3088396621844998e+20,-3.222007932332108e+26,0.0,0.0,0.0,0.0,0.0,0.0,0.0,0,0,0,0.0,0.0,0.0,0.0,0.0,0.0,0.0,0.0,0.0,0.0,0.0,0.0,0.0,0.0,0.0,0.0,0,-107875648.0,63,0.0,126,2.7184242562605685e+23,-0.0,ERR,ERR,ERR,ERR,ERR,ERR,ERR,ERR,ERR,ERR,ERR,ERR,ERR,ERR,ERR,ERR,ERR,ERR,ERR,ERR,ERR,ERR,ERR,ERR,ERR,ERR,ERR,ERR,ERR,ERR,ERR,ERR,ERR,ERR,ERR,ERR,ERR,ERR,ERR,ERR,ERR,ERR,ERR,ERR,ERR,ERR,ERR,ERR,ERR,ERR,ERR,ERR,ERR,ERR,ERR,ERR,ERR,ERR,ERR,ERR,ERR,ERR,ERR,ERR,ERR,ERR,ERR,34.0,80.0,35,0.0,0.0,0.0,0.0,0.0,0.0,0.0,0.0,0.0,0.0,0.0,0.0,0.0,0.0,0.0,0.0,64.8,0,116,56,50,65476,0,300,0,0,8,20529,65476,0,0,57672,80.0,0.0,0.0,0.0,0.0,0.0
2026-06-17T04:19:51,ERR,ERR,ERR,ERR,ERR,ERR,ERR,ERR,ERR,ERR,ERR,ERR,ERR,ERR,ERR,ERR,ERR,ERR,ERR,ERR,ERR,ERR,ERR,ERR,ERR,ERR,ERR,ERR,ERR,ERR,ERR,ERR,ERR,ERR,ERR,ERR,ERR,ERR,ERR,ERR,ERR,ERR,ERR,ERR,ERR,ERR,ERR,ERR,ERR,ERR,ERR,ERR,ERR,ERR,ERR,ERR,ERR,ERR,ERR,ERR,ERR,ERR,ERR,ERR,ERR,ERR,ERR,ERR,ERR,ERR,ERR,ERR,ERR,ERR,ERR,ERR,ERR,ERR,ERR,ERR,ERR,ERR,ERR,ERR,ERR,ERR,ERR,ERR,ERR,ERR,ERR,ERR,ERR,ERR,ERR,ERR,ERR,ERR,ERR,ERR,ERR,ERR,ERR,ERR,ERR,ERR,ERR,ERR,ERR,ERR,ERR,ERR,ERR,ERR,ERR,ERR,ERR,ERR,ERR,ERR,ERR,ERR,ERR,ERR,ERR,0.0,0.0,0.0,0.0,0.0,1.3936040501711995e+18,7.805,0.0,0,0,4,0,7300,-0.0,0,0.0,0.0,0.0,0.0,0.0,0,0,0,0,0.0,0,0,0,0,0,0,0,0,0,0,0,0,0,0,0,0,0,0,0,0,0,0,0,0,0,0,0,0,0,0,0,0,0,32,30,30,62,65476,0,300,0,0,8,21553,0.0,-107605600.0,0.0,0.0,0.0,0.0,0.0,0.0,0.0,0.0,0.0,0.0,0.0,0.0,0.0,0.0,0.0,0.0,0.0,0.0,0.0,0.0,2.004,2.004,-0.0,-2.004,0.0,0.0,0.0,0.0,5383.0,0.0,6944.0,0.0,0.0,-107615280.0,-0.0,0.0,0.0,0.0,0.0,63,2.3088396621844998e+20,0.0,0.0,0.0,0.0,0.0,0.0,0.0,0.0,0,0,0,0.0,0.0,0.0,0.0,0.0,0.0,0.0,0.0,0.0,0.0,0.0,0.0,0.0,0.0,0.0,0.0,0,-107875648.0,63,0.0,126,2.7184242562605685e+23,-0.0,ERR,ERR,ERR,ERR,ERR,ERR,ERR,ERR,ERR,ERR,ERR,ERR,ERR,ERR,ERR,ERR,ERR,ERR,ERR,ERR,ERR,ERR,ERR,ERR,ERR,ERR,ERR,ERR,ERR,ERR,ERR,ERR,ERR,ERR,ERR,ERR,ERR,ERR,ERR,ERR,ERR,ERR,ERR,ERR,ERR,ERR,ERR,ERR,ERR,ERR,ERR,ERR,ERR,ERR,ERR,ERR,ERR,ERR,ERR,ERR,ERR,ERR,ERR,ERR,ERR,ERR,ERR,34.0,80.0,35,0.0,0.0,0.0,0.0,0.0,0.0,0.0,0.0,0.0,0.0,0.0,0.0,0.0,0.0,0.0,0.0,64.8,0,116,56,50,65476,0,300,0,0,8,20529,65476,0,0,57672,80.0,0.0,0.0,0.0,0.0,0.0
2026-06-17T04:19:52,ERR,ERR,ERR,ERR,ERR,ERR,ERR,ERR,ERR,ERR,ERR,ERR,ERR,ERR,ERR,ERR,ERR,ERR,ERR,ERR,ERR,ERR,ERR,ERR,ERR,ERR,ERR,ERR,ERR,ERR,ERR,ERR,ERR,ERR,ERR,ERR,ERR,ERR,ERR,ERR,ERR,ERR,ERR,ERR,ERR,ERR,ERR,ERR,ERR,ERR,ERR,ERR,ERR,ERR,ERR,ERR,ERR,ERR,ERR,ERR,ERR,ERR,ERR,ERR,ERR,ERR,ERR,ERR,ERR,ERR,ERR,ERR,ERR,ERR,ERR,ERR,ERR,ERR,ERR,ERR,ERR,ERR,ERR,ERR,ERR,ERR,ERR,ERR,ERR,ERR,ERR,ERR,ERR,ERR,ERR,ERR,ERR,ERR,ERR,ERR,ERR,ERR,ERR,ERR,ERR,ERR,ERR,ERR,ERR,ERR,ERR,ERR,ERR,ERR,ERR,ERR,ERR,ERR,ERR,ERR,ERR,ERR,ERR,ERR,ERR,0.0,0.0,0.0,0.0,0.0,1.3936040501711995e+18,7.805,0.0,0,0,4,0,7300,-0.0,0,0.0,0.0,0.0,0.0,0.0,0,0,0,0,0.0,0,0,0,0,0,0,0,0,0,0,0,0,0,0,0,0,0,0,0,0,0,0,0,0,0,0,0,0,0,0,0,0,0,32,30,30,62,65476,0,300,0,0,8,21553,0.0,-107605600.0,0.0,0.0,0.0,0.0,0.0,0.0,0.0,0.0,0.0,0.0,0.0,0.0,0.0,0.0,0.0,0.0,0.0,0.0,0.0,0.0,2.004,2.004,-0.0,-2.004,0.0,0.0,0.0,0.0,5383.0,0.0,6944.0,0.0,0.0,-107615280.0,-0.0,0.0,0.0,0.0,0.0,63,2.3088396621844998e+20,0.0,0.0,0.0,0.0,0.0,0.0,0.0,0.0,0,0,0,0.0,0.0,0.0,0.0,0.0,0.0,0.0,0.0,0.0,0.0,0.0,0.0,0.0,0.0,0.0,0.0,0,-107875648.0,63,0.0,126,2.7184242562605685e+23,-0.0,ERR,ERR,ERR,ERR,ERR,ERR,ERR,ERR,ERR,ERR,ERR,ERR,ERR,ERR,ERR,ERR,ERR,ERR,ERR,ERR,ERR,ERR,ERR,ERR,ERR,ERR,ERR,ERR,ERR,ERR,ERR,ERR,ERR,ERR,ERR,ERR,ERR,ERR,ERR,ERR,ERR,ERR,ERR,ERR,ERR,ERR,ERR,ERR,ERR,ERR,ERR,ERR,ERR,ERR,ERR,ERR,ERR,ERR,ERR,ERR,ERR,ERR,ERR,ERR,ERR,ERR,ERR,34.0,80.0,35,0.0,0.0,0.0,0.0,0.0,0.0,0.0,0.0,0.0,0.0,0.0,0.0,0.0,0.0,0.0,0.0,64.8,0,116,56,50,65476,0,300,0,0,8,20529,65476,0,0,57672,80.0,0.0,0.0,0.0,0.0,0.0
2026-06-17T04:19:53,ERR,ERR,ERR,ERR,ERR,ERR,ERR,ERR,ERR,ERR,ERR,ERR,ERR,ERR,ERR,ERR,ERR,ERR,ERR,ERR,ERR,ERR,ERR,ERR,ERR,ERR,ERR,ERR,ERR,ERR,ERR,ERR,ERR,ERR,ERR,ERR,ERR,ERR,ERR,ERR,ERR,ERR,ERR,ERR,ERR,ERR,ERR,ERR,ERR,ERR,ERR,ERR,ERR,ERR,ERR,ERR,ERR,ERR,ERR,ERR,ERR,ERR,ERR,ERR,ERR,ERR,ERR,ERR,ERR,ERR,ERR,ERR,ERR,ERR,ERR,ERR,ERR,ERR,ERR,ERR,ERR,ERR,ERR,ERR,ERR,ERR,ERR,ERR,ERR,ERR,ERR,ERR,ERR,ERR,ERR,ERR,ERR,ERR,ERR,ERR,ERR,ERR,ERR,ERR,ERR,ERR,ERR,ERR,ERR,ERR,ERR,ERR,ERR,ERR,ERR,ERR,ERR,ERR,ERR,ERR,ERR,ERR,ERR,ERR,ERR,0.0,0.0,0.0,0.0,0.0,1.3936040501711995e+18,7.805,0.0,0,0,4,0,7300,-0.0,0,0.0,0.0,0.0,0.0,0.0,0,0,0,0,0.0,0,0,0,0,0,0,0,0,0,0,0,0,0,0,0,0,0,0,0,0,0,0,0,0,0,0,0,0,0,0,0,0,0,32,30,30,62,65476,0,300,0,0,8,21553,0.0,-107605600.0,0.0,0.0,0.0,0.0,0.0,0.0,0.0,0.0,0.0,0.0,0.0,0.0,0.0,0.0,0.0,0.0,0.0,0.0,0.0,0.0,2.004,2.004,-0.0,-2.004,0.0,0.0,0.0,0.0,5383.0,0.0,6944.0,0.0,0.0,-107615280.0,-0.0,0.0,0.0,0.0,0.0,63,2.3088396621844998e+20,0.0,0.0,0.0,0.0,0.0,0.0,0.0,0.0,0,0,0,0.0,0.0,0.0,0.0,0.0,0.0,0.0,0.0,0.0,0.0,0.0,0.0,0.0,0.0,0.0,0.0,0,-107875648.0,63,0.0,126,2.7184242562605685e+23,-0.0,ERR,ERR,ERR,ERR,ERR,ERR,ERR,ERR,ERR,ERR,ERR,ERR,ERR,ERR,ERR,ERR,ERR,ERR,ERR,ERR,ERR,ERR,ERR,ERR,ERR,ERR,ERR,ERR,ERR,ERR,ERR,ERR,ERR,ERR,ERR,ERR,ERR,ERR,ERR,ERR,ERR,ERR,ERR,ERR,ERR,ERR,ERR,ERR,ERR,ERR,ERR,ERR,ERR,ERR,ERR,ERR,ERR,ERR,ERR,ERR,ERR,ERR,ERR,ERR,ERR,ERR,ERR,34.0,80.0,35,0.0,0.0,0.0,0.0,0.0,0.0,0.0,0.0,0.0,0.0,0.0,0.0,0.0,0.0,0.0,0.0,64.8,0,116,56,50,65476,0,300,0,0,8,20529,65476,0,0,57672,80.0,0.0,0.0,0.0,0.0,0.0
2026-06-17T04:19:54,ERR,ERR,ERR,ERR,ERR,ERR,ERR,ERR,ERR,ERR,ERR,ERR,ERR,ERR,ERR,ERR,ERR,ERR,ERR,ERR,ERR,ERR,ERR,ERR,ERR,ERR,ERR,ERR,ERR,ERR,ERR,ERR,ERR,ERR,ERR,ERR,ERR,ERR,ERR,ERR,ERR,ERR,ERR,ERR,ERR,ERR,ERR,ERR,ERR,ERR,ERR,ERR,ERR,ERR,ERR,ERR,ERR,ERR,ERR,ERR,ERR,ERR,ERR,ERR,ERR,ERR,ERR,ERR,ERR,ERR,ERR,ERR,ERR,ERR,ERR,ERR,ERR,ERR,ERR,ERR,ERR,ERR,ERR,ERR,ERR,ERR,ERR,ERR,ERR,ERR,ERR,ERR,ERR,ERR,ERR,ERR,ERR,ERR,ERR,ERR,ERR,ERR,ERR,ERR,ERR,ERR,ERR,ERR,ERR,ERR,ERR,ERR,ERR,ERR,ERR,ERR,ERR,ERR,ERR,ERR,ERR,ERR,ERR,ERR,ERR,0.0,0.0,0.0,0.0,0.0,1.3936040501711995e+18,7.805,0.0,0,0,4,0,7300,-0.0,0,0.0,0.0,0.0,0.0,0.0,0,0,0,0,0.0,0,0,0,0,0,0,0,0,0,0,0,0,0,0,0,0,0,0,0,0,0,0,0,0,0,0,0,0,0,0,0,0,0,32,30,30,62,65476,0,300,0,0,8,21553,0.0,-107605600.0,0.0,0.0,0.0,0.0,0.0,0.0,0.0,0.0,0.0,0.0,0.0,0.0,0.0,0.0,0.0,0.0,0.0,0.0,0.0,0.0,2.004,2.004,-0.0,-2.004,0.0,0.0,0.0,0.0,5383.0,0.0,6944.0,0.0,0.0,-107615280.0,-0.0,0.0,0.0,0.0,0.0,63,2.3088396621844998e+20,0.0,0.0,0.0,0.0,0.0,0.0,0.0,0.0,0,0,0,0.0,0.0,0.0,0.0,0.0,0.0,0.0,0.0,0.0,0.0,0.0,0.0,0.0,0.0,0.0,0.0,0,-107875648.0,63,0.0,126,2.7184242562605685e+23,-0.0,ERR,ERR,ERR,ERR,ERR,ERR,ERR,ERR,ERR,ERR,ERR,ERR,ERR,ERR,ERR,ERR,ERR,ERR,ERR,ERR,ERR,ERR,ERR,ERR,ERR,ERR,ERR,ERR,ERR,ERR,ERR,ERR,ERR,ERR,ERR,ERR,ERR,ERR,ERR,ERR,ERR,ERR,ERR,ERR,ERR,ERR,ERR,ERR,ERR,ERR,ERR,ERR,ERR,ERR,ERR,ERR,ERR,ERR,ERR,ERR,ERR,ERR,ERR,ERR,ERR,ERR,ERR,34.0,80.0,35,0.0,0.0,0.0,0.0,0.0,0.0,0.0,0.0,0.0,0.0,0.0,0.0,0.0,0.0,0.0,0.0,64.4,0,116,56,50,65476,0,300,0,0,8,20529,65476,0,0,57672,80.0,0.0,0.0,0.0,0.0,0.0
2026-06-17T04:19:55,ERR,ERR,ERR,ERR,ERR,ERR,ERR,ERR,ERR,ERR,ERR,ERR,ERR,ERR,ERR,ERR,ERR,ERR,ERR,ERR,ERR,ERR,ERR,ERR,ERR,ERR,ERR,ERR,ERR,ERR,ERR,ERR,ERR,ERR,ERR,ERR,ERR,ERR,ERR,ERR,ERR,ERR,ERR,ERR,ERR,ERR,ERR,ERR,ERR,ERR,ERR,ERR,ERR,ERR,ERR,ERR,ERR,ERR,ERR,ERR,ERR,ERR,ERR,ERR,ERR,ERR,ERR,ERR,ERR,ERR,ERR,ERR,ERR,ERR,ERR,ERR,ERR,ERR,ERR,ERR,ERR,ERR,ERR,ERR,ERR,ERR,ERR,ERR,ERR,ERR,ERR,ERR,ERR,ERR,ERR,ERR,ERR,ERR,ERR,ERR,ERR,ERR,ERR,ERR,ERR,ERR,ERR,ERR,ERR,ERR,ERR,ERR,ERR,ERR,ERR,ERR,ERR,ERR,ERR,ERR,ERR,ERR,ERR,ERR,ERR,0.0,0.0,0.0,0.0,0.0,1.3936040501711995e+18,7.805,0.0,0,0,4,0,7300,-0.0,0,0.0,0.0,0.0,0.0,0.0,0,0,0,0,0.0,0,0,0,0,0,0,0,0,0,0,0,0,0,0,0,0,0,0,0,0,0,0,0,0,0,0,0,0,0,0,0,0,0,32,30,30,62,65476,0,300,0,0,8,21553,0.0,-107605600.0,0.0,0.0,0.0,0.0,0.0,0.0,0.0,0.0,0.0,0.0,0.0,0.0,0.0,0.0,0.0,0.0,0.0,0.0,0.0,0.0,2.004,2.004,-0.0,-2.004,0.0,0.0,0.0,0.0,5383.0,0.0,6944.0,0.0,0.0,-107615280.0,-0.0,0.0,0.0,0.0,0.0,63,2.3088396621844998e+20,0.0,0.0,0.0,0.0,0.0,0.0,0.0,0.0,0,0,0,0.0,0.0,0.0,0.0,0.0,0.0,0.0,0.0,0.0,0.0,0.0,0.0,0.0,0.0,0.0,0.0,0,-107875648.0,63,0.0,126,2.7184242562605685e+23,-0.0,ERR,ERR,ERR,ERR,ERR,ERR,ERR,ERR,ERR,ERR,ERR,ERR,ERR,ERR,ERR,ERR,ERR,ERR,ERR,ERR,ERR,ERR,ERR,ERR,ERR,ERR,ERR,ERR,ERR,ERR,ERR,ERR,ERR,ERR,ERR,ERR,ERR,ERR,ERR,ERR,ERR,ERR,ERR,ERR,ERR,ERR,ERR,ERR,ERR,ERR,ERR,ERR,ERR,ERR,ERR,ERR,ERR,ERR,ERR,ERR,ERR,ERR,ERR,ERR,ERR,ERR,ERR,34.0,80.0,35,0.0,0.0,0.0,0.0,0.0,0.0,0.0,0.0,0.0,0.0,0.0,0.0,0.0,0.0,0.0,0.0,64.4,0,116,56,50,65476,0,300,0,0,8,20529,65476,0,0,57672,80.0,0.0,0.0,0.0,0.0,0.0
2026-06-17T04:19:56,ERR,ERR,ERR,ERR,ERR,ERR,ERR,ERR,ERR,ERR,ERR,ERR,ERR,ERR,ERR,ERR,ERR,ERR,ERR,ERR,ERR,ERR,ERR,ERR,ERR,ERR,ERR,ERR,ERR,ERR,ERR,ERR,ERR,ERR,ERR,ERR,ERR,ERR,ERR,ERR,ERR,ERR,ERR,ERR,ERR,ERR,ERR,ERR,ERR,ERR,ERR,ERR,ERR,ERR,ERR,ERR,ERR,ERR,ERR,ERR,ERR,ERR,ERR,ERR,ERR,ERR,ERR,ERR,ERR,ERR,ERR,ERR,ERR,ERR,ERR,ERR,ERR,ERR,ERR,ERR,ERR,ERR,ERR,ERR,ERR,ERR,ERR,ERR,ERR,ERR,ERR,ERR,ERR,ERR,ERR,ERR,ERR,ERR,ERR,ERR,ERR,ERR,ERR,ERR,ERR,ERR,ERR,ERR,ERR,ERR,ERR,ERR,ERR,ERR,ERR,ERR,ERR,ERR,ERR,ERR,ERR,ERR,ERR,ERR,ERR,0.0,0.0,0.0,0.0,0.0,1.3936040501711995e+18,7.805,0.0,0,0,4,0,7300,-0.0,0,0.0,0.0,0.0,0.0,0.0,0,0,0,0,0.0,0,0,0,0,0,0,0,0,0,0,0,0,0,0,0,0,0,0,0,0,0,0,0,0,0,0,0,0,0,0,0,0,0,32,30,30,62,65476,0,300,0,0,8,21553,0.0,-107605600.0,0.0,0.0,0.0,0.0,0.0,0.0,0.0,0.0,0.0,0.0,0.0,0.0,0.0,0.0,0.0,0.0,0.0,0.0,0.0,0.0,2.004,2.004,-0.0,-2.004,0.0,0.0,0.0,0.0,5352.0,-3.69719097147586e+19,6970.0,0.0,0.0,-107615280.0,-0.0,0.0,0.0,0.0,0.0,63,2.718429300292151e+23,-107614896.0,0.0,0.0,0.0,0.0,0.0,0.0,0.0,0,0,0,0.0,0.0,0.0,0.0,0.0,0.0,0.0,0.0,0.0,0.0,0.0,0.0,0.0,0.0,0.0,0.0,0,-107875648.0,63,0.0,126,2.7184242562605685e+23,-0.0,ERR,ERR,ERR,ERR,ERR,ERR,ERR,ERR,ERR,ERR,ERR,ERR,ERR,ERR,ERR,ERR,ERR,ERR,ERR,ERR,ERR,ERR,ERR,ERR,ERR,ERR,ERR,ERR,ERR,ERR,ERR,ERR,ERR,ERR,ERR,ERR,ERR,ERR,ERR,ERR,ERR,ERR,ERR,ERR,ERR,ERR,ERR,ERR,ERR,ERR,ERR,ERR,ERR,ERR,ERR,ERR,ERR,ERR,ERR,ERR,ERR,ERR,ERR,ERR,ERR,ERR,ERR,34.0,80.0,35,0.0,0.0,0.0,0.0,0.0,0.0,0.0,0.0,0.0,0.0,0.0,0.0,0.0,0.0,0.0,0.0,64.8,0,116,56,50,65476,0,300,0,0,8,20529,65476,0,0,57672,80.0,0.0,0.0,0.0,0.0,0.0
2026-06-17T04:19:57,ERR,ERR,ERR,ERR,ERR,ERR,ERR,ERR,ERR,ERR,ERR,ERR,ERR,ERR,ERR,ERR,ERR,ERR,ERR,ERR,ERR,ERR,ERR,ERR,ERR,ERR,ERR,ERR,ERR,ERR,ERR,ERR,ERR,ERR,ERR,ERR,ERR,ERR,ERR,ERR,ERR,ERR,ERR,ERR,ERR,ERR,ERR,ERR,ERR,ERR,ERR,ERR,ERR,ERR,ERR,ERR,ERR,ERR,ERR,ERR,ERR,ERR,ERR,ERR,ERR,ERR,ERR,ERR,ERR,ERR,ERR,ERR,ERR,ERR,ERR,ERR,ERR,ERR,ERR,ERR,ERR,ERR,ERR,ERR,ERR,ERR,ERR,ERR,ERR,ERR,ERR,ERR,ERR,ERR,ERR,ERR,ERR,ERR,ERR,ERR,ERR,ERR,ERR,ERR,ERR,ERR,ERR,ERR,ERR,ERR,ERR,ERR,ERR,ERR,ERR,ERR,ERR,ERR,ERR,ERR,ERR,ERR,ERR,ERR,ERR,0.0,0.0,0.0,0.0,0.0,1.3936040501711995e+18,7.805,0.0,0,0,4,0,7300,-0.0,0,0.0,0.0,0.0,0.0,0.0,0,0,0,0,0.0,0,0,0,0,0,0,0,0,0,0,0,0,0,0,0,0,0,0,0,0,0,0,0,0,0,0,0,0,0,0,0,0,0,32,30,30,62,65476,0,300,0,0,8,21553,0.0,-107605600.0,0.0,0.0,0.0,0.0,0.0,0.0,0.0,0.0,0.0,0.0,0.0,0.0,0.0,0.0,0.0,0.0,0.0,0.0,0.0,0.0,2.004,2.004,-0.0,-2.004,0.0,0.0,0.0,0.0,5352.0,-3.69719097147586e+19,6970.0,0.0,0.0,-107615280.0,-0.0,0.0,0.0,0.0,0.0,63,2.718429300292151e+23,-107614896.0,0.0,0.0,0.0,0.0,0.0,0.0,0.0,0,0,0,0.0,0.0,0.0,0.0,0.0,0.0,0.0,0.0,0.0,0.0,0.0,0.0,0.0,0.0,0.0,0.0,0,-107875648.0,63,0.0,126,2.7184242562605685e+23,-0.0,ERR,ERR,ERR,ERR,ERR,ERR,ERR,ERR,ERR,ERR,ERR,ERR,ERR,ERR,ERR,ERR,ERR,ERR,ERR,ERR,ERR,ERR,ERR,ERR,ERR,ERR,ERR,ERR,ERR,ERR,ERR,ERR,ERR,ERR,ERR,ERR,ERR,ERR,ERR,ERR,ERR,ERR,ERR,ERR,ERR,ERR,ERR,ERR,ERR,ERR,ERR,ERR,ERR,ERR,ERR,ERR,ERR,ERR,ERR,ERR,ERR,ERR,ERR,ERR,ERR,ERR,ERR,34.0,80.0,35,0.0,0.0,0.0,0.0,0.0,0.0,0.0,0.0,0.0,0.0,0.0,0.0,0.0,0.0,0.0,0.0,64.4,0,116,56,50,65476,0,300,0,0,8,20529,65476,0,0,57672,80.0,0.0,0.0,0.0,0.0,0.0
2026-06-17T04:19:58,ERR,ERR,ERR,ERR,ERR,ERR,ERR,ERR,ERR,ERR,ERR,ERR,ERR,ERR,ERR,ERR,ERR,ERR,ERR,ERR,ERR,ERR,ERR,ERR,ERR,ERR,ERR,ERR,ERR,ERR,ERR,ERR,ERR,ERR,ERR,ERR,ERR,ERR,ERR,ERR,ERR,ERR,ERR,ERR,ERR,ERR,ERR,ERR,ERR,ERR,ERR,ERR,ERR,ERR,ERR,ERR,ERR,ERR,ERR,ERR,ERR,ERR,ERR,ERR,ERR,ERR,ERR,ERR,ERR,ERR,ERR,ERR,ERR,ERR,ERR,ERR,ERR,ERR,ERR,ERR,ERR,ERR,ERR,ERR,ERR,ERR,ERR,ERR,ERR,ERR,ERR,ERR,ERR,ERR,ERR,ERR,ERR,ERR,ERR,ERR,ERR,ERR,ERR,ERR,ERR,ERR,ERR,ERR,ERR,ERR,ERR,ERR,ERR,ERR,ERR,ERR,ERR,ERR,ERR,ERR,ERR,ERR,ERR,ERR,ERR,0.0,0.0,0.0,0.0,0.0,1.3936040501711995e+18,7.805,0.0,0,0,4,0,7300,-0.0,0,0.0,0.0,0.0,0.0,0.0,0,0,0,0,0.0,0,0,0,0,0,0,0,0,0,0,0,0,0,0,0,0,0,0,0,0,0,0,0,0,0,0,0,0,0,0,0,0,0,32,30,30,62,65476,0,300,0,0,8,21553,0.0,-107605600.0,0.0,0.0,0.0,0.0,0.0,0.0,0.0,0.0,0.0,0.0,0.0,0.0,0.0,0.0,0.0,0.0,0.0,0.0,0.0,0.0,2.004,2.004,-0.0,-2.004,0.0,0.0,0.0,0.0,5352.0,-3.69719097147586e+19,6970.0,0.0,0.0,-107615280.0,-0.0,0.0,0.0,0.0,0.0,63,2.718429300292151e+23,-107614896.0,0.0,0.0,0.0,0.0,0.0,0.0,0.0,0,0,0,0.0,0.0,0.0,0.0,0.0,0.0,0.0,0.0,0.0,0.0,0.0,0.0,0.0,0.0,0.0,0.0,0,-107875648.0,63,0.0,126,2.7184242562605685e+23,-0.0,ERR,ERR,ERR,ERR,ERR,ERR,ERR,ERR,ERR,ERR,ERR,ERR,ERR,ERR,ERR,ERR,ERR,ERR,ERR,ERR,ERR,ERR,ERR,ERR,ERR,ERR,ERR,ERR,ERR,ERR,ERR,ERR,ERR,ERR,ERR,ERR,ERR,ERR,ERR,ERR,ERR,ERR,ERR,ERR,ERR,ERR,ERR,ERR,ERR,ERR,ERR,ERR,ERR,ERR,ERR,ERR,ERR,ERR,ERR,ERR,ERR,ERR,ERR,ERR,ERR,ERR,ERR,34.0,80.0,35,0.0,0.0,0.0,0.0,0.0,0.0,0.0,0.0,0.0,0.0,0.0,0.0,0.0,0.0,0.0,0.0,64.4,0,116,56,50,65476,0,300,0,0,8,20529,65476,0,0,57672,80.0,0.0,0.0,0.0,0.0,0.0
2026-06-17T04:19:59,ERR,ERR,ERR,ERR,ERR,ERR,ERR,ERR,ERR,ERR,ERR,ERR,ERR,ERR,ERR,ERR,ERR,ERR,ERR,ERR,ERR,ERR,ERR,ERR,ERR,ERR,ERR,ERR,ERR,ERR,ERR,ERR,ERR,ERR,ERR,ERR,ERR,ERR,ERR,ERR,ERR,ERR,ERR,ERR,ERR,ERR,ERR,ERR,ERR,ERR,ERR,ERR,ERR,ERR,ERR,ERR,ERR,ERR,ERR,ERR,ERR,ERR,ERR,ERR,ERR,ERR,ERR,ERR,ERR,ERR,ERR,ERR,ERR,ERR,ERR,ERR,ERR,ERR,ERR,ERR,ERR,ERR,ERR,ERR,ERR,ERR,ERR,ERR,ERR,ERR,ERR,ERR,ERR,ERR,ERR,ERR,ERR,ERR,ERR,ERR,ERR,ERR,ERR,ERR,ERR,ERR,ERR,ERR,ERR,ERR,ERR,ERR,ERR,ERR,ERR,ERR,ERR,ERR,ERR,ERR,ERR,ERR,ERR,ERR,ERR,0.0,0.0,0.0,0.0,0.0,1.3936040501711995e+18,7.805,0.0,0,0,4,0,7300,-0.0,0,0.0,0.0,0.0,0.0,0.0,0,0,0,0,0.0,0,0,0,0,0,0,0,0,0,0,0,0,0,0,0,0,0,0,0,0,0,0,0,0,0,0,0,0,0,0,0,0,0,32,30,30,62,65476,0,300,0,0,8,21553,0.0,-107605600.0,0.0,0.0,0.0,0.0,0.0,0.0,0.0,0.0,0.0,0.0,0.0,0.0,0.0,0.0,0.0,0.0,0.0,0.0,0.0,0.0,2.004,2.004,-0.0,-2.004,0.0,0.0,0.0,0.0,5352.0,-3.69719097147586e+19,6970.0,0.0,0.0,-107615280.0,-0.0,0.0,0.0,0.0,0.0,63,2.718429300292151e+23,-107614896.0,0.0,0.0,0.0,0.0,0.0,0.0,0.0,0,0,0,0.0,0.0,0.0,0.0,0.0,0.0,0.0,0.0,0.0,0.0,0.0,0.0,0.0,0.0,0.0,0.0,0,-107875648.0,63,0.0,126,2.7184242562605685e+23,-0.0,ERR,ERR,ERR,ERR,ERR,ERR,ERR,ERR,ERR,ERR,ERR,ERR,ERR,ERR,ERR,ERR,ERR,ERR,ERR,ERR,ERR,ERR,ERR,ERR,ERR,ERR,ERR,ERR,ERR,ERR,ERR,ERR,ERR,ERR,ERR,ERR,ERR,ERR,ERR,ERR,ERR,ERR,ERR,ERR,ERR,ERR,ERR,ERR,ERR,ERR,ERR,ERR,ERR,ERR,ERR,ERR,ERR,ERR,ERR,ERR,ERR,ERR,ERR,ERR,ERR,ERR,ERR,34.0,80.0,35,0.0,0.0,0.0,0.0,0.0,0.0,0.0,0.0,0.0,0.0,0.0,0.0,0.0,0.0,0.0,0.0,64.8,0,116,56,50,65476,0,300,0,0,8,20529,65476,0,0,57672,80.0,0.0,0.0,0.0,0.0,0.0
2026-06-17T04:20:00,ERR,ERR,ERR,ERR,ERR,ERR,ERR,ERR,ERR,ERR,ERR,ERR,ERR,ERR,ERR,ERR,ERR,ERR,ERR,ERR,ERR,ERR,ERR,ERR,ERR,ERR,ERR,ERR,ERR,ERR,ERR,ERR,ERR,ERR,ERR,ERR,ERR,ERR,ERR,ERR,ERR,ERR,ERR,ERR,ERR,ERR,ERR,ERR,ERR,ERR,ERR,ERR,ERR,ERR,ERR,ERR,ERR,ERR,ERR,ERR,ERR,ERR,ERR,ERR,ERR,ERR,ERR,ERR,ERR,ERR,ERR,ERR,ERR,ERR,ERR,ERR,ERR,ERR,ERR,ERR,ERR,ERR,ERR,ERR,ERR,ERR,ERR,ERR,ERR,ERR,ERR,ERR,ERR,ERR,ERR,ERR,ERR,ERR,ERR,ERR,ERR,ERR,ERR,ERR,ERR,ERR,ERR,ERR,ERR,ERR,ERR,ERR,ERR,ERR,ERR,ERR,ERR,ERR,ERR,ERR,ERR,ERR,ERR,ERR,ERR,0.0,0.0,0.0,0.0,0.0,1.3936040501711995e+18,7.805,0.0,0,0,4,0,7300,-0.0,0,0.0,0.0,0.0,0.0,0.0,0,0,0,0,0.0,0,0,0,0,0,0,0,0,0,0,0,0,0,0,0,0,0,0,0,0,0,0,0,0,0,0,0,0,0,0,0,0,0,32,30,30,62,65476,0,300,0,0,8,21553,0.0,-107605600.0,0.0,0.0,0.0,0.0,0.0,0.0,0.0,0.0,0.0,0.0,0.0,0.0,0.0,0.0,0.0,0.0,0.0,0.0,0.0,0.0,2.004,2.004,-0.0,-2.004,0.0,0.0,0.0,0.0,5352.0,-3.69719097147586e+19,6970.0,0.0,0.0,-107615280.0,-0.0,0.0,0.0,0.0,0.0,63,2.718429300292151e+23,-107614896.0,0.0,0.0,0.0,0.0,0.0,0.0,0.0,0,0,0,0.0,0.0,0.0,0.0,0.0,0.0,0.0,0.0,0.0,0.0,0.0,0.0,0.0,0.0,0.0,0.0,0,-107875648.0,63,0.0,126,2.7184242562605685e+23,-0.0,ERR,ERR,ERR,ERR,ERR,ERR,ERR,ERR,ERR,ERR,ERR,ERR,ERR,ERR,ERR,ERR,ERR,ERR,ERR,ERR,ERR,ERR,ERR,ERR,ERR,ERR,ERR,ERR,ERR,ERR,ERR,ERR,ERR,ERR,ERR,ERR,ERR,ERR,ERR,ERR,ERR,ERR,ERR,ERR,ERR,ERR,ERR,ERR,ERR,ERR,ERR,ERR,ERR,ERR,ERR,ERR,ERR,ERR,ERR,ERR,ERR,ERR,ERR,ERR,ERR,ERR,ERR,34.0,80.0,35,0.0,0.0,0.0,0.0,0.0,0.0,0.0,0.0,0.0,0.0,0.0,0.0,0.0,0.0,0.0,0.0,64.8,0,116,56,50,65476,0,300,0,0,8,20529,65476,0,0,57672,80.0,0.0,0.0,0.0,0.0,0.0
2026-06-17T04:20:01,ERR,ERR,ERR,ERR,ERR,ERR,ERR,ERR,ERR,ERR,ERR,ERR,ERR,ERR,ERR,ERR,ERR,ERR,ERR,ERR,ERR,ERR,ERR,ERR,ERR,ERR,ERR,ERR,ERR,ERR,ERR,ERR,ERR,ERR,ERR,ERR,ERR,ERR,ERR,ERR,ERR,ERR,ERR,ERR,ERR,ERR,ERR,ERR,ERR,ERR,ERR,ERR,ERR,ERR,ERR,ERR,ERR,ERR,ERR,ERR,ERR,ERR,ERR,ERR,ERR,ERR,ERR,ERR,ERR,ERR,ERR,ERR,ERR,ERR,ERR,ERR,ERR,ERR,ERR,ERR,ERR,ERR,ERR,ERR,ERR,ERR,ERR,ERR,ERR,ERR,ERR,ERR,ERR,ERR,ERR,ERR,ERR,ERR,ERR,ERR,ERR,ERR,ERR,ERR,ERR,ERR,ERR,ERR,ERR,ERR,ERR,ERR,ERR,ERR,ERR,ERR,ERR,ERR,ERR,ERR,ERR,ERR,ERR,ERR,ERR,0.0,0.0,0.0,0.0,0.0,1.3936040501711995e+18,7.805,0.0,0,0,4,0,7300,-0.0,0,0.0,0.0,0.0,0.0,0.0,0,0,0,0,0.0,0,0,0,0,0,0,0,0,0,0,0,0,0,0,0,0,0,0,0,0,0,0,0,0,0,0,0,0,0,0,0,0,0,32,30,30,62,65476,0,300,0,0,8,21553,0.0,-107605600.0,0.0,0.0,0.0,0.0,0.0,0.0,0.0,0.0,0.0,0.0,0.0,0.0,0.0,0.0,0.0,0.0,0.0,0.0,0.0,0.0,2.004,2.004,-0.0,-2.004,0.0,0.0,0.0,0.0,5352.0,-3.69719097147586e+19,6970.0,0.0,0.0,-107615280.0,-0.0,0.0,0.0,0.0,0.0,63,2.718429300292151e+23,-107614896.0,0.0,0.0,0.0,0.0,0.0,0.0,0.0,0,0,0,0.0,0.0,0.0,0.0,0.0,0.0,0.0,0.0,0.0,0.0,0.0,0.0,0.0,0.0,0.0,0.0,0,-107875648.0,63,0.0,126,2.7184242562605685e+23,-0.0,ERR,ERR,ERR,ERR,ERR,ERR,ERR,ERR,ERR,ERR,ERR,ERR,ERR,ERR,ERR,ERR,ERR,ERR,ERR,ERR,ERR,ERR,ERR,ERR,ERR,ERR,ERR,ERR,ERR,ERR,ERR,ERR,ERR,ERR,ERR,ERR,ERR,ERR,ERR,ERR,ERR,ERR,ERR,ERR,ERR,ERR,ERR,ERR,ERR,ERR,ERR,ERR,ERR,ERR,ERR,ERR,ERR,ERR,ERR,ERR,ERR,ERR,ERR,ERR,ERR,ERR,ERR,34.0,80.0,35,0.0,0.0,0.0,0.0,0.0,0.0,0.0,0.0,0.0,0.0,0.0,0.0,0.0,0.0,0.0,0.0,64.4,0,116,56,50,65476,0,300,0,0,8,20529,65476,0,0,57672,80.0,0.0,0.0,0.0,0.0,0.0
2026-06-17T04:20:02,ERR,ERR,ERR,ERR,ERR,ERR,ERR,ERR,ERR,ERR,ERR,ERR,ERR,ERR,ERR,ERR,ERR,ERR,ERR,ERR,ERR,ERR,ERR,ERR,ERR,ERR,ERR,ERR,ERR,ERR,ERR,ERR,ERR,ERR,ERR,ERR,ERR,ERR,ERR,ERR,ERR,ERR,ERR,ERR,ERR,ERR,ERR,ERR,ERR,ERR,ERR,ERR,ERR,ERR,ERR,ERR,ERR,ERR,ERR,ERR,ERR,ERR,ERR,ERR,ERR,ERR,ERR,ERR,ERR,ERR,ERR,ERR,ERR,ERR,ERR,ERR,ERR,ERR,ERR,ERR,ERR,ERR,ERR,ERR,ERR,ERR,ERR,ERR,ERR,ERR,ERR,ERR,ERR,ERR,ERR,ERR,ERR,ERR,ERR,ERR,ERR,ERR,ERR,ERR,ERR,ERR,ERR,ERR,ERR,ERR,ERR,ERR,ERR,ERR,ERR,ERR,ERR,ERR,ERR,ERR,ERR,ERR,ERR,ERR,ERR,0.0,0.0,0.0,0.0,0.0,1.3936040501711995e+18,7.805,0.0,0,0,4,0,7300,-0.0,0,0.0,0.0,0.0,0.0,0.0,0,0,0,0,0.0,0,0,0,0,0,0,0,0,0,0,0,0,0,0,0,0,0,0,0,0,0,0,0,0,0,0,0,0,0,0,0,0,0,32,30,30,62,65476,0,300,0,0,8,21553,0.0,-107605600.0,0.0,0.0,0.0,0.0,0.0,0.0,0.0,0.0,0.0,0.0,0.0,0.0,0.0,0.0,0.0,0.0,0.0,0.0,0.0,0.0,2.004,2.004,-0.0,-2.004,0.0,0.0,0.0,0.0,5352.0,-2.004,6968.0,0.0,0.0,-107615280.0,-0.0,0.0,0.0,0.0,0.0,63,2.718429300292151e+23,-0.0,0.0,0.0,0.0,0.0,0.0,0.0,0.0,0,0,0,0.0,0.0,0.0,0.0,0.0,0.0,0.0,0.0,0.0,0.0,0.0,0.0,0.0,0.0,0.0,0.0,0,-107875648.0,63,0.0,126,2.7184242562605685e+23,-0.0,ERR,ERR,ERR,ERR,ERR,ERR,ERR,ERR,ERR,ERR,ERR,ERR,ERR,ERR,ERR,ERR,ERR,ERR,ERR,ERR,ERR,ERR,ERR,ERR,ERR,ERR,ERR,ERR,ERR,ERR,ERR,ERR,ERR,ERR,ERR,ERR,ERR,ERR,ERR,ERR,ERR,ERR,ERR,ERR,ERR,ERR,ERR,ERR,ERR,ERR,ERR,ERR,ERR,ERR,ERR,ERR,ERR,ERR,ERR,ERR,ERR,ERR,ERR,ERR,ERR,ERR,ERR,34.0,80.0,35,0.0,0.0,0.0,0.0,0.0,0.0,0.0,0.0,0.0,0.0,0.0,0.0,0.0,0.0,0.0,0.0,64.4,0,116,56,50,65476,0,300,0,0,8,20529,65476,0,0,57672,80.0,0.0,0.0,0.0,0.0,0.0
2026-06-17T04:20:03,ERR,ERR,ERR,ERR,ERR,ERR,ERR,ERR,ERR,ERR,ERR,ERR,ERR,ERR,ERR,ERR,ERR,ERR,ERR,ERR,ERR,ERR,ERR,ERR,ERR,ERR,ERR,ERR,ERR,ERR,ERR,ERR,ERR,ERR,ERR,ERR,ERR,ERR,ERR,ERR,ERR,ERR,ERR,ERR,ERR,ERR,ERR,ERR,ERR,ERR,ERR,ERR,ERR,ERR,ERR,ERR,ERR,ERR,ERR,ERR,ERR,ERR,ERR,ERR,ERR,ERR,ERR,ERR,ERR,ERR,ERR,ERR,ERR,ERR,ERR,ERR,ERR,ERR,ERR,ERR,ERR,ERR,ERR,ERR,ERR,ERR,ERR,ERR,ERR,ERR,ERR,ERR,ERR,ERR,ERR,ERR,ERR,ERR,ERR,ERR,ERR,ERR,ERR,ERR,ERR,ERR,ERR,ERR,ERR,ERR,ERR,ERR,ERR,ERR,ERR,ERR,ERR,ERR,ERR,ERR,ERR,ERR,ERR,ERR,ERR,0.0,0.0,0.0,0.0,0.0,1.3936040501711995e+18,7.805,0.0,0,0,4,0,7300,-0.0,0,0.0,0.0,0.0,0.0,0.0,0,0,0,0,0.0,0,0,0,0,0,0,0,0,0,0,0,0,0,0,0,0,0,0,0,0,0,0,0,0,0,0,0,0,0,0,0,0,0,32,30,30,62,65476,0,300,0,0,8,21553,0.0,-107605600.0,0.0,0.0,0.0,0.0,0.0,0.0,0.0,0.0,0.0,0.0,0.0,0.0,0.0,0.0,0.0,0.0,0.0,0.0,0.0,0.0,2.004,2.004,-0.0,-2.004,0.0,0.0,0.0,0.0,5352.0,-2.004,6968.0,0.0,0.0,-107615280.0,-0.0,0.0,0.0,0.0,0.0,63,2.718429300292151e+23,-0.0,0.0,0.0,0.0,0.0,0.0,0.0,0.0,0,0,0,0.0,0.0,0.0,0.0,0.0,0.0,0.0,0.0,0.0,0.0,0.0,0.0,0.0,0.0,0.0,0.0,0,-107875648.0,63,0.0,126,2.7184242562605685e+23,-0.0,ERR,ERR,ERR,ERR,ERR,ERR,ERR,ERR,ERR,ERR,ERR,ERR,ERR,ERR,ERR,ERR,ERR,ERR,ERR,ERR,ERR,ERR,ERR,ERR,ERR,ERR,ERR,ERR,ERR,ERR,ERR,ERR,ERR,ERR,ERR,ERR,ERR,ERR,ERR,ERR,ERR,ERR,ERR,ERR,ERR,ERR,ERR,ERR,ERR,ERR,ERR,ERR,ERR,ERR,ERR,ERR,ERR,ERR,ERR,ERR,ERR,ERR,ERR,ERR,ERR,ERR,ERR,34.0,80.0,35,0.0,0.0,0.0,0.0,0.0,0.0,0.0,0.0,0.0,0.0,0.0,0.0,0.0,0.0,0.0,0.0,64.4,0,116,56,50,65476,0,300,0,0,8,20529,65476,0,0,57672,80.0,0.0,0.0,0.0,0.0,0.0
2026-06-17T04:20:04,ERR,ERR,ERR,ERR,ERR,ERR,ERR,ERR,ERR,ERR,ERR,ERR,ERR,ERR,ERR,ERR,ERR,ERR,ERR,ERR,ERR,ERR,ERR,ERR,ERR,ERR,ERR,ERR,ERR,ERR,ERR,ERR,ERR,ERR,ERR,ERR,ERR,ERR,ERR,ERR,ERR,ERR,ERR,ERR,ERR,ERR,ERR,ERR,ERR,ERR,ERR,ERR,ERR,ERR,ERR,ERR,ERR,ERR,ERR,ERR,ERR,ERR,ERR,ERR,ERR,ERR,ERR,ERR,ERR,ERR,ERR,ERR,ERR,ERR,ERR,ERR,ERR,ERR,ERR,ERR,ERR,ERR,ERR,ERR,ERR,ERR,ERR,ERR,ERR,ERR,ERR,ERR,ERR,ERR,ERR,ERR,ERR,ERR,ERR,ERR,ERR,ERR,ERR,ERR,ERR,ERR,ERR,ERR,ERR,ERR,ERR,ERR,ERR,ERR,ERR,ERR,ERR,ERR,ERR,ERR,ERR,ERR,ERR,ERR,ERR,0.0,0.0,0.0,0.0,0.0,1.3936040501711995e+18,7.805,0.0,0,0,4,0,7300,-0.0,0,0.0,0.0,0.0,0.0,0.0,0,0,0,0,0.0,0,0,0,0,0,0,0,0,0,0,0,0,0,0,0,0,0,0,0,0,0,0,0,0,0,0,0,0,0,0,0,0,0,32,30,30,62,65476,0,300,0,0,8,21553,0.0,-107605600.0,0.0,0.0,0.0,0.0,0.0,0.0,0.0,0.0,0.0,0.0,0.0,0.0,0.0,0.0,0.0,0.0,0.0,0.0,0.0,0.0,2.004,2.004,-0.0,-2.004,0.0,0.0,0.0,0.0,5352.0,-2.004,6968.0,0.0,0.0,-107615280.0,-0.0,0.0,0.0,0.0,0.0,63,2.718429300292151e+23,-0.0,0.0,0.0,0.0,0.0,0.0,0.0,0.0,0,0,0,0.0,0.0,0.0,0.0,0.0,0.0,0.0,0.0,0.0,0.0,0.0,0.0,0.0,0.0,0.0,0.0,0,-107875648.0,63,0.0,126,2.7184242562605685e+23,-0.0,ERR,ERR,ERR,ERR,ERR,ERR,ERR,ERR,ERR,ERR,ERR,ERR,ERR,ERR,ERR,ERR,ERR,ERR,ERR,ERR,ERR,ERR,ERR,ERR,ERR,ERR,ERR,ERR,ERR,ERR,ERR,ERR,ERR,ERR,ERR,ERR,ERR,ERR,ERR,ERR,ERR,ERR,ERR,ERR,ERR,ERR,ERR,ERR,ERR,ERR,ERR,ERR,ERR,ERR,ERR,ERR,ERR,ERR,ERR,ERR,ERR,ERR,ERR,ERR,ERR,ERR,ERR,34.0,80.0,35,0.0,0.0,0.0,0.0,0.0,0.0,0.0,0.0,0.0,0.0,0.0,0.0,0.0,0.0,0.0,0.0,64.4,0,116,56,50,65476,0,300,0,0,8,20529,65476,0,0,57672,80.0,0.0,0.0,0.0,0.0,0.0
2026-06-17T04:20:05,ERR,ERR,ERR,ERR,ERR,ERR,ERR,ERR,ERR,ERR,ERR,ERR,ERR,ERR,ERR,ERR,ERR,ERR,ERR,ERR,ERR,ERR,ERR,ERR,ERR,ERR,ERR,ERR,ERR,ERR,ERR,ERR,ERR,ERR,ERR,ERR,ERR,ERR,ERR,ERR,ERR,ERR,ERR,ERR,ERR,ERR,ERR,ERR,ERR,ERR,ERR,ERR,ERR,ERR,ERR,ERR,ERR,ERR,ERR,ERR,ERR,ERR,ERR,ERR,ERR,ERR,ERR,ERR,ERR,ERR,ERR,ERR,ERR,ERR,ERR,ERR,ERR,ERR,ERR,ERR,ERR,ERR,ERR,ERR,ERR,ERR,ERR,ERR,ERR,ERR,ERR,ERR,ERR,ERR,ERR,ERR,ERR,ERR,ERR,ERR,ERR,ERR,ERR,ERR,ERR,ERR,ERR,ERR,ERR,ERR,ERR,ERR,ERR,ERR,ERR,ERR,ERR,ERR,ERR,ERR,ERR,ERR,ERR,ERR,ERR,0.0,0.0,0.0,0.0,0.0,1.3936040501711995e+18,7.805,0.0,0,0,4,0,7300,-0.0,0,0.0,0.0,0.0,0.0,0.0,0,0,0,0,0.0,0,0,0,0,0,0,0,0,0,0,0,0,0,0,0,0,0,0,0,0,0,0,0,0,0,0,0,0,0,0,0,0,0,32,30,30,62,65476,0,300,0,0,8,21553,0.0,-107605600.0,0.0,0.0,0.0,0.0,0.0,0.0,0.0,0.0,0.0,0.0,0.0,0.0,0.0,0.0,0.0,0.0,0.0,0.0,0.0,0.0,2.004,2.004,-0.0,-2.004,0.0,0.0,0.0,0.0,5352.0,-2.004,6968.0,0.0,0.0,-107615280.0,-0.0,0.0,0.0,0.0,0.0,63,2.718429300292151e+23,-0.0,0.0,0.0,0.0,0.0,0.0,0.0,0.0,0,0,0,0.0,0.0,0.0,0.0,0.0,0.0,0.0,0.0,0.0,0.0,0.0,0.0,0.0,0.0,0.0,0.0,0,-107875648.0,63,0.0,126,2.7184242562605685e+23,-0.0,ERR,ERR,ERR,ERR,ERR,ERR,ERR,ERR,ERR,ERR,ERR,ERR,ERR,ERR,ERR,ERR,ERR,ERR,ERR,ERR,ERR,ERR,ERR,ERR,ERR,ERR,ERR,ERR,ERR,ERR,ERR,ERR,ERR,ERR,ERR,ERR,ERR,ERR,ERR,ERR,ERR,ERR,ERR,ERR,ERR,ERR,ERR,ERR,ERR,ERR,ERR,ERR,ERR,ERR,ERR,ERR,ERR,ERR,ERR,ERR,ERR,ERR,ERR,ERR,ERR,ERR,ERR,34.0,80.0,35,0.0,0.0,0.0,0.0,0.0,0.0,0.0,0.0,0.0,0.0,0.0,0.0,0.0,0.0,0.0,0.0,64.4,0,116,56,50,65476,0,300,0,0,8,20529,65476,0,0,57672,80.0,0.0,0.0,0.0,0.0,0.0
2026-06-17T04:20:06,ERR,ERR,ERR,ERR,ERR,ERR,ERR,ERR,ERR,ERR,ERR,ERR,ERR,ERR,ERR,ERR,ERR,ERR,ERR,ERR,ERR,ERR,ERR,ERR,ERR,ERR,ERR,ERR,ERR,ERR,ERR,ERR,ERR,ERR,ERR,ERR,ERR,ERR,ERR,ERR,ERR,ERR,ERR,ERR,ERR,ERR,ERR,ERR,ERR,ERR,ERR,ERR,ERR,ERR,ERR,ERR,ERR,ERR,ERR,ERR,ERR,ERR,ERR,ERR,ERR,ERR,ERR,ERR,ERR,ERR,ERR,ERR,ERR,ERR,ERR,ERR,ERR,ERR,ERR,ERR,ERR,ERR,ERR,ERR,ERR,ERR,ERR,ERR,ERR,ERR,ERR,ERR,ERR,ERR,ERR,ERR,ERR,ERR,ERR,ERR,ERR,ERR,ERR,ERR,ERR,ERR,ERR,ERR,ERR,ERR,ERR,ERR,ERR,ERR,ERR,ERR,ERR,ERR,ERR,ERR,ERR,ERR,ERR,ERR,ERR,0.0,0.0,0.0,0.0,0.0,1.3936040501711995e+18,7.805,0.0,0,0,4,0,7300,-0.0,0,0.0,0.0,0.0,0.0,0.0,0,0,0,0,0.0,0,0,0,0,0,0,0,0,0,0,0,0,0,0,0,0,0,0,0,0,0,0,0,0,0,0,0,0,0,0,0,0,0,32,30,30,62,65476,0,300,0,0,8,21553,0.0,-107605600.0,0.0,0.0,0.0,0.0,0.0,0.0,0.0,0.0,0.0,0.0,0.0,0.0,0.0,0.0,0.0,0.0,0.0,0.0,0.0,0.0,2.004,2.004,-0.0,-2.004,0.0,0.0,0.0,0.0,5352.0,-2.004,6968.0,0.0,0.0,-107615280.0,-0.0,0.0,0.0,0.0,0.0,63,2.718429300292151e+23,-0.0,0.0,0.0,0.0,0.0,0.0,0.0,0.0,0,0,0,0.0,0.0,0.0,0.0,0.0,0.0,0.0,0.0,0.0,0.0,0.0,0.0,0.0,0.0,0.0,0.0,0,-107875648.0,63,0.0,126,2.7184242562605685e+23,-0.0,ERR,ERR,ERR,ERR,ERR,ERR,ERR,ERR,ERR,ERR,ERR,ERR,ERR,ERR,ERR,ERR,ERR,ERR,ERR,ERR,ERR,ERR,ERR,ERR,ERR,ERR,ERR,ERR,ERR,ERR,ERR,ERR,ERR,ERR,ERR,ERR,ERR,ERR,ERR,ERR,ERR,ERR,ERR,ERR,ERR,ERR,ERR,ERR,ERR,ERR,ERR,ERR,ERR,ERR,ERR,ERR,ERR,ERR,ERR,ERR,ERR,ERR,ERR,ERR,ERR,ERR,ERR,34.0,80.0,35,0.0,0.0,0.0,0.0,0.0,0.0,0.0,0.0,0.0,0.0,0.0,0.0,0.0,0.0,0.0,0.0,64.4,0,116,56,50,65476,0,300,0,0,8,20529,65476,0,0,57672,80.0,0.0,0.0,0.0,0.0,0.0
2026-06-17T04:20:07,ERR,ERR,ERR,ERR,ERR,ERR,ERR,ERR,ERR,ERR,ERR,ERR,ERR,ERR,ERR,ERR,ERR,ERR,ERR,ERR,ERR,ERR,ERR,ERR,ERR,ERR,ERR,ERR,ERR,ERR,ERR,ERR,ERR,ERR,ERR,ERR,ERR,ERR,ERR,ERR,ERR,ERR,ERR,ERR,ERR,ERR,ERR,ERR,ERR,ERR,ERR,ERR,ERR,ERR,ERR,ERR,ERR,ERR,ERR,ERR,ERR,ERR,ERR,ERR,ERR,ERR,ERR,ERR,ERR,ERR,ERR,ERR,ERR,ERR,ERR,ERR,ERR,ERR,ERR,ERR,ERR,ERR,ERR,ERR,ERR,ERR,ERR,ERR,ERR,ERR,ERR,ERR,ERR,ERR,ERR,ERR,ERR,ERR,ERR,ERR,ERR,ERR,ERR,ERR,ERR,ERR,ERR,ERR,ERR,ERR,ERR,ERR,ERR,ERR,ERR,ERR,ERR,ERR,ERR,ERR,ERR,ERR,ERR,ERR,ERR,0.0,0.0,0.0,0.0,0.0,1.3936040501711995e+18,7.805,0.0,0,0,4,0,7300,-0.0,0,0.0,0.0,0.0,0.0,0.0,0,0,0,0,0.0,0,0,0,0,0,0,0,0,0,0,0,0,0,0,0,0,0,0,0,0,0,0,0,0,0,0,0,0,0,0,0,0,0,32,30,30,62,65476,0,300,0,0,8,21553,0.0,-107605600.0,0.0,0.0,0.0,0.0,0.0,0.0,0.0,0.0,0.0,0.0,0.0,0.0,0.0,0.0,0.0,0.0,0.0,0.0,0.0,0.0,2.004,2.004,-0.0,-2.004,0.0,0.0,0.0,0.0,5351.0,-0.0,6960.0,0.0,0.0,-107615280.0,-0.0,0.0,0.0,0.0,0.0,63,2.3088396621844998e+20,2.7184199328049262e+23,0.0,0.0,0.0,0.0,0.0,0.0,0.0,0,0,0,0.0,0.0,0.0,0.0,0.0,0.0,0.0,0.0,0.0,0.0,0.0,0.0,0.0,0.0,0.0,0.0,0,-107875648.0,63,0.0,126,2.7184242562605685e+23,-0.0,ERR,ERR,ERR,ERR,ERR,ERR,ERR,ERR,ERR,ERR,ERR,ERR,ERR,ERR,ERR,ERR,ERR,ERR,ERR,ERR,ERR,ERR,ERR,ERR,ERR,ERR,ERR,ERR,ERR,ERR,ERR,ERR,ERR,ERR,ERR,ERR,ERR,ERR,ERR,ERR,ERR,ERR,ERR,ERR,ERR,ERR,ERR,ERR,ERR,ERR,ERR,ERR,ERR,ERR,ERR,ERR,ERR,ERR,ERR,ERR,ERR,ERR,ERR,ERR,ERR,ERR,ERR,34.0,80.0,35,0.0,0.0,0.0,0.0,0.0,0.0,0.0,0.0,0.0,0.0,0.0,0.0,0.0,0.0,0.0,0.0,64.4,0,116,56,50,65476,0,300,0,0,8,20529,65476,0,0,57672,80.0,0.0,0.0,0.0,0.0,0.0
2026-06-17T04:20:08,ERR,ERR,ERR,ERR,ERR,ERR,ERR,ERR,ERR,ERR,ERR,ERR,ERR,ERR,ERR,ERR,ERR,ERR,ERR,ERR,ERR,ERR,ERR,ERR,ERR,ERR,ERR,ERR,ERR,ERR,ERR,ERR,ERR,ERR,ERR,ERR,ERR,ERR,ERR,ERR,ERR,ERR,ERR,ERR,ERR,ERR,ERR,ERR,ERR,ERR,ERR,ERR,ERR,ERR,ERR,ERR,ERR,ERR,ERR,ERR,ERR,ERR,ERR,ERR,ERR,ERR,ERR,ERR,ERR,ERR,ERR,ERR,ERR,ERR,ERR,ERR,ERR,ERR,ERR,ERR,ERR,ERR,ERR,ERR,ERR,ERR,ERR,ERR,ERR,ERR,ERR,ERR,ERR,ERR,ERR,ERR,ERR,ERR,ERR,ERR,ERR,ERR,ERR,ERR,ERR,ERR,ERR,ERR,ERR,ERR,ERR,ERR,ERR,ERR,ERR,ERR,ERR,ERR,ERR,ERR,ERR,ERR,ERR,ERR,ERR,0.0,0.0,0.0,0.0,0.0,1.3936040501711995e+18,7.805,0.0,0,0,4,0,7300,-0.0,0,0.0,0.0,0.0,0.0,0.0,0,0,0,0,0.0,0,0,0,0,0,0,0,0,0,0,0,0,0,0,0,0,0,0,0,0,0,0,0,0,0,0,0,0,0,0,0,0,0,32,30,30,62,65476,0,300,0,0,8,21553,0.0,-107605600.0,0.0,0.0,0.0,0.0,0.0,0.0,0.0,0.0,0.0,0.0,0.0,0.0,0.0,0.0,0.0,0.0,0.0,0.0,0.0,0.0,2.004,2.004,-0.0,-2.004,0.0,0.0,0.0,0.0,5351.0,-0.0,6960.0,0.0,0.0,-107615280.0,-0.0,0.0,0.0,0.0,0.0,63,2.3088396621844998e+20,2.7184199328049262e+23,0.0,0.0,0.0,0.0,0.0,0.0,0.0,0,0,0,0.0,0.0,0.0,0.0,0.0,0.0,0.0,0.0,0.0,0.0,0.0,0.0,0.0,0.0,0.0,0.0,0,-107875648.0,63,0.0,126,2.7184242562605685e+23,-0.0,ERR,ERR,ERR,ERR,ERR,ERR,ERR,ERR,ERR,ERR,ERR,ERR,ERR,ERR,ERR,ERR,ERR,ERR,ERR,ERR,ERR,ERR,ERR,ERR,ERR,ERR,ERR,ERR,ERR,ERR,ERR,ERR,ERR,ERR,ERR,ERR,ERR,ERR,ERR,ERR,ERR,ERR,ERR,ERR,ERR,ERR,ERR,ERR,ERR,ERR,ERR,ERR,ERR,ERR,ERR,ERR,ERR,ERR,ERR,ERR,ERR,ERR,ERR,ERR,ERR,ERR,ERR,34.0,80.0,35,0.0,0.0,0.0,0.0,0.0,0.0,0.0,0.0,0.0,0.0,0.0,0.0,0.0,0.0,0.0,0.0,64.8,0,116,56,50,65476,0,300,0,0,8,20529,65476,0,0,57672,80.0,0.0,0.0,0.0,0.0,0.0
2026-06-17T04:20:09,ERR,ERR,ERR,ERR,ERR,ERR,ERR,ERR,ERR,ERR,ERR,ERR,ERR,ERR,ERR,ERR,ERR,ERR,ERR,ERR,ERR,ERR,ERR,ERR,ERR,ERR,ERR,ERR,ERR,ERR,ERR,ERR,ERR,ERR,ERR,ERR,ERR,ERR,ERR,ERR,ERR,ERR,ERR,ERR,ERR,ERR,ERR,ERR,ERR,ERR,ERR,ERR,ERR,ERR,ERR,ERR,ERR,ERR,ERR,ERR,ERR,ERR,ERR,ERR,ERR,ERR,ERR,ERR,ERR,ERR,ERR,ERR,ERR,ERR,ERR,ERR,ERR,ERR,ERR,ERR,ERR,ERR,ERR,ERR,ERR,ERR,ERR,ERR,ERR,ERR,ERR,ERR,ERR,ERR,ERR,ERR,ERR,ERR,ERR,ERR,ERR,ERR,ERR,ERR,ERR,ERR,ERR,ERR,ERR,ERR,ERR,ERR,ERR,ERR,ERR,ERR,ERR,ERR,ERR,ERR,ERR,ERR,ERR,ERR,ERR,0.0,0.0,0.0,0.0,0.0,1.3936040501711995e+18,7.805,0.0,0,0,4,0,7300,-0.0,0,0.0,0.0,0.0,0.0,0.0,0,0,0,0,0.0,0,0,0,0,0,0,0,0,0,0,0,0,0,0,0,0,0,0,0,0,0,0,0,0,0,0,0,0,0,0,0,0,0,32,30,30,62,65476,0,300,0,0,8,21553,0.0,-107605600.0,0.0,0.0,0.0,0.0,0.0,0.0,0.0,0.0,0.0,0.0,0.0,0.0,0.0,0.0,0.0,0.0,0.0,0.0,0.0,0.0,2.004,2.004,-0.0,-2.004,0.0,0.0,0.0,0.0,5351.0,-0.0,6960.0,0.0,0.0,-107615280.0,-0.0,0.0,0.0,0.0,0.0,63,2.3088396621844998e+20,2.7184199328049262e+23,0.0,0.0,0.0,0.0,0.0,0.0,0.0,0,0,0,0.0,0.0,0.0,0.0,0.0,0.0,0.0,0.0,0.0,0.0,0.0,0.0,0.0,0.0,0.0,0.0,0,-107875648.0,63,0.0,126,2.7184242562605685e+23,-0.0,ERR,ERR,ERR,ERR,ERR,ERR,ERR,ERR,ERR,ERR,ERR,ERR,ERR,ERR,ERR,ERR,ERR,ERR,ERR,ERR,ERR,ERR,ERR,ERR,ERR,ERR,ERR,ERR,ERR,ERR,ERR,ERR,ERR,ERR,ERR,ERR,ERR,ERR,ERR,ERR,ERR,ERR,ERR,ERR,ERR,ERR,ERR,ERR,ERR,ERR,ERR,ERR,ERR,ERR,ERR,ERR,ERR,ERR,ERR,ERR,ERR,ERR,ERR,ERR,ERR,ERR,ERR,34.0,80.0,35,0.0,0.0,0.0,0.0,0.0,0.0,0.0,0.0,0.0,0.0,0.0,0.0,0.0,0.0,0.0,0.0,64.8,0,116,56,50,65476,0,300,0,0,8,20529,65476,0,0,57672,80.0,0.0,0.0,0.0,0.0,0.0
2026-06-17T04:20:10,ERR,ERR,ERR,ERR,ERR,ERR,ERR,ERR,ERR,ERR,ERR,ERR,ERR,ERR,ERR,ERR,ERR,ERR,ERR,ERR,ERR,ERR,ERR,ERR,ERR,ERR,ERR,ERR,ERR,ERR,ERR,ERR,ERR,ERR,ERR,ERR,ERR,ERR,ERR,ERR,ERR,ERR,ERR,ERR,ERR,ERR,ERR,ERR,ERR,ERR,ERR,ERR,ERR,ERR,ERR,ERR,ERR,ERR,ERR,ERR,ERR,ERR,ERR,ERR,ERR,ERR,ERR,ERR,ERR,ERR,ERR,ERR,ERR,ERR,ERR,ERR,ERR,ERR,ERR,ERR,ERR,ERR,ERR,ERR,ERR,ERR,ERR,ERR,ERR,ERR,ERR,ERR,ERR,ERR,ERR,ERR,ERR,ERR,ERR,ERR,ERR,ERR,ERR,ERR,ERR,ERR,ERR,ERR,ERR,ERR,ERR,ERR,ERR,ERR,ERR,ERR,ERR,ERR,ERR,ERR,ERR,ERR,ERR,ERR,ERR,0.0,0.0,0.0,0.0,0.0,1.3936040501711995e+18,7.805,0.0,0,0,4,0,7300,-0.0,0,0.0,0.0,0.0,0.0,0.0,0,0,0,0,0.0,0,0,0,0,0,0,0,0,0,0,0,0,0,0,0,0,0,0,0,0,0,0,0,0,0,0,0,0,0,0,0,0,0,32,30,30,62,65476,0,300,0,0,8,21553,0.0,-107605600.0,0.0,0.0,0.0,0.0,0.0,0.0,0.0,0.0,0.0,0.0,0.0,0.0,0.0,0.0,0.0,0.0,0.0,0.0,0.0,0.0,2.004,2.004,-0.0,-2.004,0.0,0.0,0.0,0.0,5351.0,-0.0,6960.0,0.0,0.0,-107615280.0,-0.0,0.0,0.0,0.0,0.0,63,2.3088396621844998e+20,2.7184199328049262e+23,0.0,0.0,0.0,0.0,0.0,0.0,0.0,0,0,0,0.0,0.0,0.0,0.0,0.0,0.0,0.0,0.0,0.0,0.0,0.0,0.0,0.0,0.0,0.0,0.0,0,-107875648.0,63,0.0,126,2.7184242562605685e+23,-0.0,ERR,ERR,ERR,ERR,ERR,ERR,ERR,ERR,ERR,ERR,ERR,ERR,ERR,ERR,ERR,ERR,ERR,ERR,ERR,ERR,ERR,ERR,ERR,ERR,ERR,ERR,ERR,ERR,ERR,ERR,ERR,ERR,ERR,ERR,ERR,ERR,ERR,ERR,ERR,ERR,ERR,ERR,ERR,ERR,ERR,ERR,ERR,ERR,ERR,ERR,ERR,ERR,ERR,ERR,ERR,ERR,ERR,ERR,ERR,ERR,ERR,ERR,ERR,ERR,ERR,ERR,ERR,34.0,80.0,35,0.0,0.0,0.0,0.0,0.0,0.0,0.0,0.0,0.0,0.0,0.0,0.0,0.0,0.0,0.0,0.0,64.8,0,116,56,50,65476,0,300,0,0,8,20529,65476,0,0,57672,80.0,0.0,0.0,0.0,0.0,0.0
2026-06-17T04:20:11,ERR,ERR,ERR,ERR,ERR,ERR,ERR,ERR,ERR,ERR,ERR,ERR,ERR,ERR,ERR,ERR,ERR,ERR,ERR,ERR,ERR,ERR,ERR,ERR,ERR,ERR,ERR,ERR,ERR,ERR,ERR,ERR,ERR,ERR,ERR,ERR,ERR,ERR,ERR,ERR,ERR,ERR,ERR,ERR,ERR,ERR,ERR,ERR,ERR,ERR,ERR,ERR,ERR,ERR,ERR,ERR,ERR,ERR,ERR,ERR,ERR,ERR,ERR,ERR,ERR,ERR,ERR,ERR,ERR,ERR,ERR,ERR,ERR,ERR,ERR,ERR,ERR,ERR,ERR,ERR,ERR,ERR,ERR,ERR,ERR,ERR,ERR,ERR,ERR,ERR,ERR,ERR,ERR,ERR,ERR,ERR,ERR,ERR,ERR,ERR,ERR,ERR,ERR,ERR,ERR,ERR,ERR,ERR,ERR,ERR,ERR,ERR,ERR,ERR,ERR,ERR,ERR,ERR,ERR,ERR,ERR,ERR,ERR,ERR,ERR,0.0,0.0,0.0,0.0,0.0,1.3936040501711995e+18,7.805,0.0,0,0,4,0,7300,-0.0,0,0.0,0.0,0.0,0.0,0.0,0,0,0,0,0.0,0,0,0,0,0,0,0,0,0,0,0,0,0,0,0,0,0,0,0,0,0,0,0,0,0,0,0,0,0,0,0,0,0,32,30,30,62,65476,0,300,0,0,8,21553,0.0,-107605600.0,0.0,0.0,0.0,0.0,0.0,0.0,0.0,0.0,0.0,0.0,0.0,0.0,0.0,0.0,0.0,0.0,0.0,0.0,0.0,0.0,2.004,2.004,-0.0,-2.004,0.0,0.0,0.0,0.0,5351.0,-0.0,6960.0,0.0,0.0,-107615280.0,-0.0,0.0,0.0,0.0,0.0,63,2.3088396621844998e+20,2.7184199328049262e+23,0.0,0.0,0.0,0.0,0.0,0.0,0.0,0,0,0,0.0,0.0,0.0,0.0,0.0,0.0,0.0,0.0,0.0,0.0,0.0,0.0,0.0,0.0,0.0,0.0,0,-107875648.0,63,0.0,126,2.7184242562605685e+23,-0.0,ERR,ERR,ERR,ERR,ERR,ERR,ERR,ERR,ERR,ERR,ERR,ERR,ERR,ERR,ERR,ERR,ERR,ERR,ERR,ERR,ERR,ERR,ERR,ERR,ERR,ERR,ERR,ERR,ERR,ERR,ERR,ERR,ERR,ERR,ERR,ERR,ERR,ERR,ERR,ERR,ERR,ERR,ERR,ERR,ERR,ERR,ERR,ERR,ERR,ERR,ERR,ERR,ERR,ERR,ERR,ERR,ERR,ERR,ERR,ERR,ERR,ERR,ERR,ERR,ERR,ERR,ERR,34.0,80.0,35,0.0,0.0,0.0,0.0,0.0,0.0,0.0,0.0,0.0,0.0,0.0,0.0,0.0,0.0,0.0,0.0,64.8,0,116,56,50,65476,0,300,0,0,8,20529,65476,0,0,57672,80.0,0.0,0.0,0.0,0.0,0.0
2026-06-17T04:20:12,ERR,ERR,ERR,ERR,ERR,ERR,ERR,ERR,ERR,ERR,ERR,ERR,ERR,ERR,ERR,ERR,ERR,ERR,ERR,ERR,ERR,ERR,ERR,ERR,ERR,ERR,ERR,ERR,ERR,ERR,ERR,ERR,ERR,ERR,ERR,ERR,ERR,ERR,ERR,ERR,ERR,ERR,ERR,ERR,ERR,ERR,ERR,ERR,ERR,ERR,ERR,ERR,ERR,ERR,ERR,ERR,ERR,ERR,ERR,ERR,ERR,ERR,ERR,ERR,ERR,ERR,ERR,ERR,ERR,ERR,ERR,ERR,ERR,ERR,ERR,ERR,ERR,ERR,ERR,ERR,ERR,ERR,ERR,ERR,ERR,ERR,ERR,ERR,ERR,ERR,ERR,ERR,ERR,ERR,ERR,ERR,ERR,ERR,ERR,ERR,ERR,ERR,ERR,ERR,ERR,ERR,ERR,ERR,ERR,ERR,ERR,ERR,ERR,ERR,ERR,ERR,ERR,ERR,ERR,ERR,ERR,ERR,ERR,ERR,ERR,0.0,0.0,0.0,0.0,0.0,1.3936040501711995e+18,7.805,0.0,0,0,4,0,7300,-0.0,0,0.0,0.0,0.0,0.0,0.0,0,0,0,0,0.0,0,0,0,0,0,0,0,0,0,0,0,0,0,0,0,0,0,0,0,0,0,0,0,0,0,0,0,0,0,0,0,0,0,32,30,30,62,65476,0,300,0,0,8,21553,0.0,-107605600.0,0.0,0.0,0.0,0.0,0.0,0.0,0.0,0.0,0.0,0.0,0.0,0.0,0.0,0.0,0.0,0.0,0.0,0.0,0.0,0.0,2.004,2.004,-0.0,-2.004,0.0,0.0,0.0,0.0,5354.0,-2.004,6968.0,0.0,0.0,-107615280.0,-0.0,0.0,0.0,0.0,0.0,63,4.0668785921095834e+29,-0.0,0.0,0.0,0.0,0.0,0.0,0.0,0.0,0,0,0,0.0,0.0,0.0,0.0,0.0,0.0,0.0,0.0,0.0,0.0,0.0,0.0,0.0,0.0,0.0,0.0,0,-107875648.0,63,0.0,126,2.7184242562605685e+23,-0.0,ERR,ERR,ERR,ERR,ERR,ERR,ERR,ERR,ERR,ERR,ERR,ERR,ERR,ERR,ERR,ERR,ERR,ERR,ERR,ERR,ERR,ERR,ERR,ERR,ERR,ERR,ERR,ERR,ERR,ERR,ERR,ERR,ERR,ERR,ERR,ERR,ERR,ERR,ERR,ERR,ERR,ERR,ERR,ERR,ERR,ERR,ERR,ERR,ERR,ERR,ERR,ERR,ERR,ERR,ERR,ERR,ERR,ERR,ERR,ERR,ERR,ERR,ERR,ERR,ERR,ERR,ERR,34.0,80.0,35,0.0,0.0,0.0,0.0,0.0,0.0,0.0,0.0,0.0,0.0,0.0,0.0,0.0,0.0,0.0,0.0,64.8,0,116,56,50,65476,0,300,0,0,8,20529,65476,0,0,57672,80.0,0.0,0.0,0.0,0.0,0.0
2026-06-17T04:20:13,ERR,ERR,ERR,ERR,ERR,ERR,ERR,ERR,ERR,ERR,ERR,ERR,ERR,ERR,ERR,ERR,ERR,ERR,ERR,ERR,ERR,ERR,ERR,ERR,ERR,ERR,ERR,ERR,ERR,ERR,ERR,ERR,ERR,ERR,ERR,ERR,ERR,ERR,ERR,ERR,ERR,ERR,ERR,ERR,ERR,ERR,ERR,ERR,ERR,ERR,ERR,ERR,ERR,ERR,ERR,ERR,ERR,ERR,ERR,ERR,ERR,ERR,ERR,ERR,ERR,ERR,ERR,ERR,ERR,ERR,ERR,ERR,ERR,ERR,ERR,ERR,ERR,ERR,ERR,ERR,ERR,ERR,ERR,ERR,ERR,ERR,ERR,ERR,ERR,ERR,ERR,ERR,ERR,ERR,ERR,ERR,ERR,ERR,ERR,ERR,ERR,ERR,ERR,ERR,ERR,ERR,ERR,ERR,ERR,ERR,ERR,ERR,ERR,ERR,ERR,ERR,ERR,ERR,ERR,ERR,ERR,ERR,ERR,ERR,ERR,0.0,0.0,0.0,0.0,0.0,1.3936040501711995e+18,7.805,0.0,0,0,4,0,7300,-0.0,0,0.0,0.0,0.0,0.0,0.0,0,0,0,0,0.0,0,0,0,0,0,0,0,0,0,0,0,0,0,0,0,0,0,0,0,0,0,0,0,0,0,0,0,0,0,0,0,0,0,32,30,30,62,65476,0,300,0,0,8,21553,0.0,-107605600.0,0.0,0.0,0.0,0.0,0.0,0.0,0.0,0.0,0.0,0.0,0.0,0.0,0.0,0.0,0.0,0.0,0.0,0.0,0.0,0.0,2.004,2.004,-0.0,-2.004,0.0,0.0,0.0,0.0,5354.0,-2.004,6968.0,0.0,0.0,-107615280.0,-0.0,0.0,0.0,0.0,0.0,63,4.0668785921095834e+29,-0.0,0.0,0.0,0.0,0.0,0.0,0.0,0.0,0,0,0,0.0,0.0,0.0,0.0,0.0,0.0,0.0,0.0,0.0,0.0,0.0,0.0,0.0,0.0,0.0,0.0,0,-107875648.0,63,0.0,126,2.7184242562605685e+23,-0.0,ERR,ERR,ERR,ERR,ERR,ERR,ERR,ERR,ERR,ERR,ERR,ERR,ERR,ERR,ERR,ERR,ERR,ERR,ERR,ERR,ERR,ERR,ERR,ERR,ERR,ERR,ERR,ERR,ERR,ERR,ERR,ERR,ERR,ERR,ERR,ERR,ERR,ERR,ERR,ERR,ERR,ERR,ERR,ERR,ERR,ERR,ERR,ERR,ERR,ERR,ERR,ERR,ERR,ERR,ERR,ERR,ERR,ERR,ERR,ERR,ERR,ERR,ERR,ERR,ERR,ERR,ERR,34.0,80.0,35,0.0,0.0,0.0,0.0,0.0,0.0,0.0,0.0,0.0,0.0,0.0,0.0,0.0,0.0,0.0,0.0,64.8,0,116,56,50,65476,0,300,0,0,8,20529,65476,0,0,57672,80.0,0.0,0.0,0.0,0.0,0.0
2026-06-17T04:20:14,ERR,ERR,ERR,ERR,ERR,ERR,ERR,ERR,ERR,ERR,ERR,ERR,ERR,ERR,ERR,ERR,ERR,ERR,ERR,ERR,ERR,ERR,ERR,ERR,ERR,ERR,ERR,ERR,ERR,ERR,ERR,ERR,ERR,ERR,ERR,ERR,ERR,ERR,ERR,ERR,ERR,ERR,ERR,ERR,ERR,ERR,ERR,ERR,ERR,ERR,ERR,ERR,ERR,ERR,ERR,ERR,ERR,ERR,ERR,ERR,ERR,ERR,ERR,ERR,ERR,ERR,ERR,ERR,ERR,ERR,ERR,ERR,ERR,ERR,ERR,ERR,ERR,ERR,ERR,ERR,ERR,ERR,ERR,ERR,ERR,ERR,ERR,ERR,ERR,ERR,ERR,ERR,ERR,ERR,ERR,ERR,ERR,ERR,ERR,ERR,ERR,ERR,ERR,ERR,ERR,ERR,ERR,ERR,ERR,ERR,ERR,ERR,ERR,ERR,ERR,ERR,ERR,ERR,ERR,ERR,ERR,ERR,ERR,ERR,ERR,0.0,0.0,0.0,0.0,0.0,1.3936040501711995e+18,7.805,0.0,0,0,4,0,7300,-0.0,0,0.0,0.0,0.0,0.0,0.0,0,0,0,0,0.0,0,0,0,0,0,0,0,0,0,0,0,0,0,0,0,0,0,0,0,0,0,0,0,0,0,0,0,0,0,0,0,0,0,32,30,30,62,65476,0,300,0,0,8,21553,0.0,-107605600.0,0.0,0.0,0.0,0.0,0.0,0.0,0.0,0.0,0.0,0.0,0.0,0.0,0.0,0.0,0.0,0.0,0.0,0.0,0.0,0.0,2.004,2.004,-0.0,-2.004,0.0,0.0,0.0,0.0,5354.0,-2.004,6968.0,0.0,0.0,-107615280.0,-0.0,0.0,0.0,0.0,0.0,63,4.0668785921095834e+29,-0.0,0.0,0.0,0.0,0.0,0.0,0.0,0.0,0,0,0,0.0,0.0,0.0,0.0,0.0,0.0,0.0,0.0,0.0,0.0,0.0,0.0,0.0,0.0,0.0,0.0,0,-107875648.0,63,0.0,126,2.7184242562605685e+23,-0.0,ERR,ERR,ERR,ERR,ERR,ERR,ERR,ERR,ERR,ERR,ERR,ERR,ERR,ERR,ERR,ERR,ERR,ERR,ERR,ERR,ERR,ERR,ERR,ERR,ERR,ERR,ERR,ERR,ERR,ERR,ERR,ERR,ERR,ERR,ERR,ERR,ERR,ERR,ERR,ERR,ERR,ERR,ERR,ERR,ERR,ERR,ERR,ERR,ERR,ERR,ERR,ERR,ERR,ERR,ERR,ERR,ERR,ERR,ERR,ERR,ERR,ERR,ERR,ERR,ERR,ERR,ERR,34.0,80.0,35,0.0,0.0,0.0,0.0,0.0,0.0,0.0,0.0,0.0,0.0,0.0,0.0,0.0,0.0,0.0,0.0,64.4,0,116,56,50,65476,0,300,0,0,8,20529,65476,0,0,57672,80.0,0.0,0.0,0.0,0.0,0.0
2026-06-17T04:20:15,ERR,ERR,ERR,ERR,ERR,ERR,ERR,ERR,ERR,ERR,ERR,ERR,ERR,ERR,ERR,ERR,ERR,ERR,ERR,ERR,ERR,ERR,ERR,ERR,ERR,ERR,ERR,ERR,ERR,ERR,ERR,ERR,ERR,ERR,ERR,ERR,ERR,ERR,ERR,ERR,ERR,ERR,ERR,ERR,ERR,ERR,ERR,ERR,ERR,ERR,ERR,ERR,ERR,ERR,ERR,ERR,ERR,ERR,ERR,ERR,ERR,ERR,ERR,ERR,ERR,ERR,ERR,ERR,ERR,ERR,ERR,ERR,ERR,ERR,ERR,ERR,ERR,ERR,ERR,ERR,ERR,ERR,ERR,ERR,ERR,ERR,ERR,ERR,ERR,ERR,ERR,ERR,ERR,ERR,ERR,ERR,ERR,ERR,ERR,ERR,ERR,ERR,ERR,ERR,ERR,ERR,ERR,ERR,ERR,ERR,ERR,ERR,ERR,ERR,ERR,ERR,ERR,ERR,ERR,ERR,ERR,ERR,ERR,ERR,ERR,0.0,0.0,0.0,0.0,0.0,1.3936040501711995e+18,7.805,0.0,0,0,4,0,7300,-0.0,0,0.0,0.0,0.0,0.0,0.0,0,0,0,0,0.0,0,0,0,0,0,0,0,0,0,0,0,0,0,0,0,0,0,0,0,0,0,0,0,0,0,0,0,0,0,0,0,0,0,32,30,30,62,65476,0,300,0,0,8,21553,0.0,-107605600.0,0.0,0.0,0.0,0.0,0.0,0.0,0.0,0.0,0.0,0.0,0.0,0.0,0.0,0.0,0.0,0.0,0.0,0.0,0.0,0.0,2.004,2.004,-0.0,-2.004,0.0,0.0,0.0,0.0,5354.0,-2.004,6968.0,0.0,0.0,-107615280.0,-0.0,0.0,0.0,0.0,0.0,63,4.0668785921095834e+29,-0.0,0.0,0.0,0.0,0.0,0.0,0.0,0.0,0,0,0,0.0,0.0,0.0,0.0,0.0,0.0,0.0,0.0,0.0,0.0,0.0,0.0,0.0,0.0,0.0,0.0,0,-107875648.0,63,0.0,126,2.7184242562605685e+23,-0.0,ERR,ERR,ERR,ERR,ERR,ERR,ERR,ERR,ERR,ERR,ERR,ERR,ERR,ERR,ERR,ERR,ERR,ERR,ERR,ERR,ERR,ERR,ERR,ERR,ERR,ERR,ERR,ERR,ERR,ERR,ERR,ERR,ERR,ERR,ERR,ERR,ERR,ERR,ERR,ERR,ERR,ERR,ERR,ERR,ERR,ERR,ERR,ERR,ERR,ERR,ERR,ERR,ERR,ERR,ERR,ERR,ERR,ERR,ERR,ERR,ERR,ERR,ERR,ERR,ERR,ERR,ERR,34.0,80.0,35,0.0,0.0,0.0,0.0,0.0,0.0,0.0,0.0,0.0,0.0,0.0,0.0,0.0,0.0,0.0,0.0,64.4,0,116,56,50,65476,0,300,0,0,8,20529,65476,0,0,57672,80.0,0.0,0.0,0.0,0.0,0.0
2026-06-17T04:20:16,ERR,ERR,ERR,ERR,ERR,ERR,ERR,ERR,ERR,ERR,ERR,ERR,ERR,ERR,ERR,ERR,ERR,ERR,ERR,ERR,ERR,ERR,ERR,ERR,ERR,ERR,ERR,ERR,ERR,ERR,ERR,ERR,ERR,ERR,ERR,ERR,ERR,ERR,ERR,ERR,ERR,ERR,ERR,ERR,ERR,ERR,ERR,ERR,ERR,ERR,ERR,ERR,ERR,ERR,ERR,ERR,ERR,ERR,ERR,ERR,ERR,ERR,ERR,ERR,ERR,ERR,ERR,ERR,ERR,ERR,ERR,ERR,ERR,ERR,ERR,ERR,ERR,ERR,ERR,ERR,ERR,ERR,ERR,ERR,ERR,ERR,ERR,ERR,ERR,ERR,ERR,ERR,ERR,ERR,ERR,ERR,ERR,ERR,ERR,ERR,ERR,ERR,ERR,ERR,ERR,ERR,ERR,ERR,ERR,ERR,ERR,ERR,ERR,ERR,ERR,ERR,ERR,ERR,ERR,ERR,ERR,ERR,ERR,ERR,ERR,0.0,0.0,0.0,0.0,0.0,1.3936040501711995e+18,7.805,0.0,0,0,4,0,7300,-0.0,0,0.0,0.0,0.0,0.0,0.0,0,0,0,0,0.0,0,0,0,0,0,0,0,0,0,0,0,0,0,0,0,0,0,0,0,0,0,0,0,0,0,0,0,0,0,0,0,0,0,32,30,30,62,65476,0,300,0,0,8,21553,0.0,-107605600.0,0.0,0.0,0.0,0.0,0.0,0.0,0.0,0.0,0.0,0.0,0.0,0.0,0.0,0.0,0.0,0.0,0.0,0.0,0.0,0.0,2.004,2.004,-0.0,-2.004,0.0,0.0,0.0,0.0,5354.0,-2.004,6968.0,0.0,0.0,-107615280.0,-0.0,0.0,0.0,0.0,0.0,63,4.0668785921095834e+29,-0.0,0.0,0.0,0.0,0.0,0.0,0.0,0.0,0,0,0,0.0,0.0,0.0,0.0,0.0,0.0,0.0,0.0,0.0,0.0,0.0,0.0,0.0,0.0,0.0,0.0,0,-107875648.0,63,0.0,126,2.7184242562605685e+23,-0.0,ERR,ERR,ERR,ERR,ERR,ERR,ERR,ERR,ERR,ERR,ERR,ERR,ERR,ERR,ERR,ERR,ERR,ERR,ERR,ERR,ERR,ERR,ERR,ERR,ERR,ERR,ERR,ERR,ERR,ERR,ERR,ERR,ERR,ERR,ERR,ERR,ERR,ERR,ERR,ERR,ERR,ERR,ERR,ERR,ERR,ERR,ERR,ERR,ERR,ERR,ERR,ERR,ERR,ERR,ERR,ERR,ERR,ERR,ERR,ERR,ERR,ERR,ERR,ERR,ERR,ERR,ERR,34.0,80.0,35,0.0,0.0,0.0,0.0,0.0,0.0,0.0,0.0,0.0,0.0,0.0,0.0,0.0,0.0,0.0,0.0,64.4,0,116,56,50,65476,0,300,0,0,8,20529,65476,0,0,57672,80.0,0.0,0.0,0.0,0.0,0.0
2026-06-17T04:20:17,ERR,ERR,ERR,ERR,ERR,ERR,ERR,ERR,ERR,ERR,ERR,ERR,ERR,ERR,ERR,ERR,ERR,ERR,ERR,ERR,ERR,ERR,ERR,ERR,ERR,ERR,ERR,ERR,ERR,ERR,ERR,ERR,ERR,ERR,ERR,ERR,ERR,ERR,ERR,ERR,ERR,ERR,ERR,ERR,ERR,ERR,ERR,ERR,ERR,ERR,ERR,ERR,ERR,ERR,ERR,ERR,ERR,ERR,ERR,ERR,ERR,ERR,ERR,ERR,ERR,ERR,ERR,ERR,ERR,ERR,ERR,ERR,ERR,ERR,ERR,ERR,ERR,ERR,ERR,ERR,ERR,ERR,ERR,ERR,ERR,ERR,ERR,ERR,ERR,ERR,ERR,ERR,ERR,ERR,ERR,ERR,ERR,ERR,ERR,ERR,ERR,ERR,ERR,ERR,ERR,ERR,ERR,ERR,ERR,ERR,ERR,ERR,ERR,ERR,ERR,ERR,ERR,ERR,ERR,ERR,ERR,ERR,ERR,ERR,ERR,0.0,0.0,0.0,0.0,0.0,1.3936040501711995e+18,7.805,0.0,0,0,4,0,7300,-0.0,0,0.0,0.0,0.0,0.0,0.0,0,0,0,0,0.0,0,0,0,0,0,0,0,0,0,0,0,0,0,0,0,0,0,0,0,0,0,0,0,0,0,0,0,0,0,0,0,0,0,32,30,30,62,65476,0,300,0,0,8,21553,0.0,-107605600.0,0.0,0.0,0.0,0.0,0.0,0.0,0.0,0.0,0.0,0.0,0.0,0.0,0.0,0.0,0.0,0.0,0.0,0.0,0.0,0.0,2.004,2.004,-0.0,-2.004,0.0,0.0,0.0,0.0,5384.0,2.4229913632967957e+24,6957.0,0.0,0.0,-107615280.0,-0.0,0.0,0.0,0.0,0.0,63,2.718429300292151e+23,-0.0,0.0,0.0,0.0,0.0,0.0,0.0,0.0,0,0,0,0.0,0.0,0.0,0.0,0.0,0.0,0.0,0.0,0.0,0.0,0.0,0.0,0.0,0.0,0.0,0.0,0,-107875648.0,63,0.0,126,2.7184242562605685e+23,-0.0,ERR,ERR,ERR,ERR,ERR,ERR,ERR,ERR,ERR,ERR,ERR,ERR,ERR,ERR,ERR,ERR,ERR,ERR,ERR,ERR,ERR,ERR,ERR,ERR,ERR,ERR,ERR,ERR,ERR,ERR,ERR,ERR,ERR,ERR,ERR,ERR,ERR,ERR,ERR,ERR,ERR,ERR,ERR,ERR,ERR,ERR,ERR,ERR,ERR,ERR,ERR,ERR,ERR,ERR,ERR,ERR,ERR,ERR,ERR,ERR,ERR,ERR,ERR,ERR,ERR,ERR,ERR,34.0,80.0,35,0.0,0.0,0.0,0.0,0.0,0.0,0.0,0.0,0.0,0.0,0.0,0.0,0.0,0.0,0.0,0.0,64.8,0,116,56,50,65476,0,300,0,0,8,20529,65476,0,0,57672,80.0,0.0,0.0,0.0,0.0,0.0
2026-06-17T04:20:18,ERR,ERR,ERR,ERR,ERR,ERR,ERR,ERR,ERR,ERR,ERR,ERR,ERR,ERR,ERR,ERR,ERR,ERR,ERR,ERR,ERR,ERR,ERR,ERR,ERR,ERR,ERR,ERR,ERR,ERR,ERR,ERR,ERR,ERR,ERR,ERR,ERR,ERR,ERR,ERR,ERR,ERR,ERR,ERR,ERR,ERR,ERR,ERR,ERR,ERR,ERR,ERR,ERR,ERR,ERR,ERR,ERR,ERR,ERR,ERR,ERR,ERR,ERR,ERR,ERR,ERR,ERR,ERR,ERR,ERR,ERR,ERR,ERR,ERR,ERR,ERR,ERR,ERR,ERR,ERR,ERR,ERR,ERR,ERR,ERR,ERR,ERR,ERR,ERR,ERR,ERR,ERR,ERR,ERR,ERR,ERR,ERR,ERR,ERR,ERR,ERR,ERR,ERR,ERR,ERR,ERR,ERR,ERR,ERR,ERR,ERR,ERR,ERR,ERR,ERR,ERR,ERR,ERR,ERR,ERR,ERR,ERR,ERR,ERR,ERR,0.0,0.0,0.0,0.0,0.0,1.3936040501711995e+18,7.805,0.0,0,0,4,0,7300,-0.0,0,0.0,0.0,0.0,0.0,0.0,0,0,0,0,0.0,0,0,0,0,0,0,0,0,0,0,0,0,0,0,0,0,0,0,0,0,0,0,0,0,0,0,0,0,0,0,0,0,0,32,30,30,62,65476,0,300,0,0,8,21553,0.0,-107605600.0,0.0,0.0,0.0,0.0,0.0,0.0,0.0,0.0,0.0,0.0,0.0,0.0,0.0,0.0,0.0,0.0,0.0,0.0,0.0,0.0,2.004,2.004,-0.0,-2.004,0.0,0.0,0.0,0.0,5384.0,2.4229913632967957e+24,6957.0,0.0,0.0,-107615280.0,-0.0,0.0,0.0,0.0,0.0,63,2.718429300292151e+23,-0.0,0.0,0.0,0.0,0.0,0.0,0.0,0.0,0,0,0,0.0,0.0,0.0,0.0,0.0,0.0,0.0,0.0,0.0,0.0,0.0,0.0,0.0,0.0,0.0,0.0,0,-107875648.0,63,0.0,126,2.7184242562605685e+23,-0.0,ERR,ERR,ERR,ERR,ERR,ERR,ERR,ERR,ERR,ERR,ERR,ERR,ERR,ERR,ERR,ERR,ERR,ERR,ERR,ERR,ERR,ERR,ERR,ERR,ERR,ERR,ERR,ERR,ERR,ERR,ERR,ERR,ERR,ERR,ERR,ERR,ERR,ERR,ERR,ERR,ERR,ERR,ERR,ERR,ERR,ERR,ERR,ERR,ERR,ERR,ERR,ERR,ERR,ERR,ERR,ERR,ERR,ERR,ERR,ERR,ERR,ERR,ERR,ERR,ERR,ERR,ERR,34.0,80.0,35,0.0,0.0,0.0,0.0,0.0,0.0,0.0,0.0,0.0,0.0,0.0,0.0,0.0,0.0,0.0,0.0,64.8,0,116,56,50,65476,0,300,0,0,8,20529,65476,0,0,57672,80.0,0.0,0.0,0.0,0.0,0.0
2026-06-17T04:20:19,ERR,ERR,ERR,ERR,ERR,ERR,ERR,ERR,ERR,ERR,ERR,ERR,ERR,ERR,ERR,ERR,ERR,ERR,ERR,ERR,ERR,ERR,ERR,ERR,ERR,ERR,ERR,ERR,ERR,ERR,ERR,ERR,ERR,ERR,ERR,ERR,ERR,ERR,ERR,ERR,ERR,ERR,ERR,ERR,ERR,ERR,ERR,ERR,ERR,ERR,ERR,ERR,ERR,ERR,ERR,ERR,ERR,ERR,ERR,ERR,ERR,ERR,ERR,ERR,ERR,ERR,ERR,ERR,ERR,ERR,ERR,ERR,ERR,ERR,ERR,ERR,ERR,ERR,ERR,ERR,ERR,ERR,ERR,ERR,ERR,ERR,ERR,ERR,ERR,ERR,ERR,ERR,ERR,ERR,ERR,ERR,ERR,ERR,ERR,ERR,ERR,ERR,ERR,ERR,ERR,ERR,ERR,ERR,ERR,ERR,ERR,ERR,ERR,ERR,ERR,ERR,ERR,ERR,ERR,ERR,ERR,ERR,ERR,ERR,ERR,0.0,0.0,0.0,0.0,0.0,1.3936040501711995e+18,7.805,0.0,0,0,4,0,7300,-0.0,0,0.0,0.0,0.0,0.0,0.0,0,0,0,0,0.0,0,0,0,0,0,0,0,0,0,0,0,0,0,0,0,0,0,0,0,0,0,0,0,0,0,0,0,0,0,0,0,0,0,32,30,30,62,65476,0,300,0,0,8,21553,0.0,-107605600.0,0.0,0.0,0.0,0.0,0.0,0.0,0.0,0.0,0.0,0.0,0.0,0.0,0.0,0.0,0.0,0.0,0.0,0.0,0.0,0.0,2.004,2.004,-0.0,-2.004,0.0,0.0,0.0,0.0,5384.0,2.4229913632967957e+24,6957.0,0.0,0.0,-107615280.0,-0.0,0.0,0.0,0.0,0.0,63,2.718429300292151e+23,-0.0,0.0,0.0,0.0,0.0,0.0,0.0,0.0,0,0,0,0.0,0.0,0.0,0.0,0.0,0.0,0.0,0.0,0.0,0.0,0.0,0.0,0.0,0.0,0.0,0.0,0,-107875648.0,63,0.0,126,2.7184242562605685e+23,-0.0,ERR,ERR,ERR,ERR,ERR,ERR,ERR,ERR,ERR,ERR,ERR,ERR,ERR,ERR,ERR,ERR,ERR,ERR,ERR,ERR,ERR,ERR,ERR,ERR,ERR,ERR,ERR,ERR,ERR,ERR,ERR,ERR,ERR,ERR,ERR,ERR,ERR,ERR,ERR,ERR,ERR,ERR,ERR,ERR,ERR,ERR,ERR,ERR,ERR,ERR,ERR,ERR,ERR,ERR,ERR,ERR,ERR,ERR,ERR,ERR,ERR,ERR,ERR,ERR,ERR,ERR,ERR,34.0,80.0,35,0.0,0.0,0.0,0.0,0.0,0.0,0.0,0.0,0.0,0.0,0.0,0.0,0.0,0.0,0.0,0.0,64.8,0,116,56,50,65476,0,300,0,0,8,20529,65476,0,0,57672,80.0,0.0,0.0,0.0,0.0,0.0
2026-06-17T04:20:20,ERR,ERR,ERR,ERR,ERR,ERR,ERR,ERR,ERR,ERR,ERR,ERR,ERR,ERR,ERR,ERR,ERR,ERR,ERR,ERR,ERR,ERR,ERR,ERR,ERR,ERR,ERR,ERR,ERR,ERR,ERR,ERR,ERR,ERR,ERR,ERR,ERR,ERR,ERR,ERR,ERR,ERR,ERR,ERR,ERR,ERR,ERR,ERR,ERR,ERR,ERR,ERR,ERR,ERR,ERR,ERR,ERR,ERR,ERR,ERR,ERR,ERR,ERR,ERR,ERR,ERR,ERR,ERR,ERR,ERR,ERR,ERR,ERR,ERR,ERR,ERR,ERR,ERR,ERR,ERR,ERR,ERR,ERR,ERR,ERR,ERR,ERR,ERR,ERR,ERR,ERR,ERR,ERR,ERR,ERR,ERR,ERR,ERR,ERR,ERR,ERR,ERR,ERR,ERR,ERR,ERR,ERR,ERR,ERR,ERR,ERR,ERR,ERR,ERR,ERR,ERR,ERR,ERR,ERR,ERR,ERR,ERR,ERR,ERR,ERR,0.0,0.0,0.0,0.0,0.0,1.3936040501711995e+18,7.805,0.0,0,0,4,0,7300,-0.0,0,0.0,0.0,0.0,0.0,0.0,0,0,0,0,0.0,0,0,0,0,0,0,0,0,0,0,0,0,0,0,0,0,0,0,0,0,0,0,0,0,0,0,0,0,0,0,0,0,0,32,30,30,62,65476,0,300,0,0,8,21553,0.0,-107605600.0,0.0,0.0,0.0,0.0,0.0,0.0,0.0,0.0,0.0,0.0,0.0,0.0,0.0,0.0,0.0,0.0,0.0,0.0,0.0,0.0,2.004,2.004,-0.0,-2.004,0.0,0.0,0.0,0.0,5384.0,2.4229913632967957e+24,6957.0,0.0,0.0,-107615280.0,-0.0,0.0,0.0,0.0,0.0,63,2.718429300292151e+23,-0.0,0.0,0.0,0.0,0.0,0.0,0.0,0.0,0,0,0,0.0,0.0,0.0,0.0,0.0,0.0,0.0,0.0,0.0,0.0,0.0,0.0,0.0,0.0,0.0,0.0,0,-107875648.0,63,0.0,126,2.7184242562605685e+23,-0.0,ERR,ERR,ERR,ERR,ERR,ERR,ERR,ERR,ERR,ERR,ERR,ERR,ERR,ERR,ERR,ERR,ERR,ERR,ERR,ERR,ERR,ERR,ERR,ERR,ERR,ERR,ERR,ERR,ERR,ERR,ERR,ERR,ERR,ERR,ERR,ERR,ERR,ERR,ERR,ERR,ERR,ERR,ERR,ERR,ERR,ERR,ERR,ERR,ERR,ERR,ERR,ERR,ERR,ERR,ERR,ERR,ERR,ERR,ERR,ERR,ERR,ERR,ERR,ERR,ERR,ERR,ERR,34.0,80.0,35,0.0,0.0,0.0,0.0,0.0,0.0,0.0,0.0,0.0,0.0,0.0,0.0,0.0,0.0,0.0,0.0,64.8,0,116,56,50,65476,0,300,0,0,8,20529,65476,0,0,57672,80.0,0.0,0.0,0.0,0.0,0.0
2026-06-17T04:20:21,ERR,ERR,ERR,ERR,ERR,ERR,ERR,ERR,ERR,ERR,ERR,ERR,ERR,ERR,ERR,ERR,ERR,ERR,ERR,ERR,ERR,ERR,ERR,ERR,ERR,ERR,ERR,ERR,ERR,ERR,ERR,ERR,ERR,ERR,ERR,ERR,ERR,ERR,ERR,ERR,ERR,ERR,ERR,ERR,ERR,ERR,ERR,ERR,ERR,ERR,ERR,ERR,ERR,ERR,ERR,ERR,ERR,ERR,ERR,ERR,ERR,ERR,ERR,ERR,ERR,ERR,ERR,ERR,ERR,ERR,ERR,ERR,ERR,ERR,ERR,ERR,ERR,ERR,ERR,ERR,ERR,ERR,ERR,ERR,ERR,ERR,ERR,ERR,ERR,ERR,ERR,ERR,ERR,ERR,ERR,ERR,ERR,ERR,ERR,ERR,ERR,ERR,ERR,ERR,ERR,ERR,ERR,ERR,ERR,ERR,ERR,ERR,ERR,ERR,ERR,ERR,ERR,ERR,ERR,ERR,ERR,ERR,ERR,ERR,ERR,0.0,0.0,0.0,0.0,0.0,1.3936040501711995e+18,7.805,0.0,0,0,4,0,7300,-0.0,0,0.0,0.0,0.0,0.0,0.0,0,0,0,0,0.0,0,0,0,0,0,0,0,0,0,0,0,0,0,0,0,0,0,0,0,0,0,0,0,0,0,0,0,0,0,0,0,0,0,32,30,30,62,65476,0,300,0,0,8,21553,0.0,-107605600.0,0.0,0.0,0.0,0.0,0.0,0.0,0.0,0.0,0.0,0.0,0.0,0.0,0.0,0.0,0.0,0.0,0.0,0.0,0.0,0.0,2.004,2.004,-0.0,-2.004,0.0,0.0,0.0,0.0,5384.0,2.4229913632967957e+24,6957.0,0.0,0.0,-107615280.0,-0.0,0.0,0.0,0.0,0.0,63,2.718429300292151e+23,-0.0,0.0,0.0,0.0,0.0,0.0,0.0,0.0,0,0,0,0.0,0.0,0.0,0.0,0.0,0.0,0.0,0.0,0.0,0.0,0.0,0.0,0.0,0.0,0.0,0.0,0,-107875648.0,63,0.0,126,2.7184242562605685e+23,-0.0,ERR,ERR,ERR,ERR,ERR,ERR,ERR,ERR,ERR,ERR,ERR,ERR,ERR,ERR,ERR,ERR,ERR,ERR,ERR,ERR,ERR,ERR,ERR,ERR,ERR,ERR,ERR,ERR,ERR,ERR,ERR,ERR,ERR,ERR,ERR,ERR,ERR,ERR,ERR,ERR,ERR,ERR,ERR,ERR,ERR,ERR,ERR,ERR,ERR,ERR,ERR,ERR,ERR,ERR,ERR,ERR,ERR,ERR,ERR,ERR,ERR,ERR,ERR,ERR,ERR,ERR,ERR,34.0,80.0,35,0.0,0.0,0.0,0.0,0.0,0.0,0.0,0.0,0.0,0.0,0.0,0.0,0.0,0.0,0.0,0.0,64.8,0,116,56,50,65476,0,300,0,0,8,20529,65476,0,0,57672,80.0,0.0,0.0,0.0,0.0,0.0
2026-06-17T04:20:22,ERR,ERR,ERR,ERR,ERR,ERR,ERR,ERR,ERR,ERR,ERR,ERR,ERR,ERR,ERR,ERR,ERR,ERR,ERR,ERR,ERR,ERR,ERR,ERR,ERR,ERR,ERR,ERR,ERR,ERR,ERR,ERR,ERR,ERR,ERR,ERR,ERR,ERR,ERR,ERR,ERR,ERR,ERR,ERR,ERR,ERR,ERR,ERR,ERR,ERR,ERR,ERR,ERR,ERR,ERR,ERR,ERR,ERR,ERR,ERR,ERR,ERR,ERR,ERR,ERR,ERR,ERR,ERR,ERR,ERR,ERR,ERR,ERR,ERR,ERR,ERR,ERR,ERR,ERR,ERR,ERR,ERR,ERR,ERR,ERR,ERR,ERR,ERR,ERR,ERR,ERR,ERR,ERR,ERR,ERR,ERR,ERR,ERR,ERR,ERR,ERR,ERR,ERR,ERR,ERR,ERR,ERR,ERR,ERR,ERR,ERR,ERR,ERR,ERR,ERR,ERR,ERR,ERR,ERR,ERR,ERR,ERR,ERR,ERR,ERR,0.0,0.0,0.0,0.0,0.0,1.3936040501711995e+18,7.805,0.0,0,0,4,0,7300,-0.0,0,0.0,0.0,0.0,0.0,0.0,0,0,0,0,0.0,0,0,0,0,0,0,0,0,0,0,0,0,0,0,0,0,0,0,0,0,0,0,0,0,0,0,0,0,0,0,0,0,0,32,30,30,62,65476,0,300,0,0,8,21553,0.0,-107605600.0,0.0,0.0,0.0,0.0,0.0,0.0,0.0,0.0,0.0,0.0,0.0,0.0,0.0,0.0,0.0,0.0,0.0,0.0,0.0,0.0,2.004,2.004,-0.0,-2.004,0.0,0.0,0.0,0.0,5384.0,2.4229913632967957e+24,6957.0,0.0,0.0,-107615280.0,-0.0,0.0,0.0,0.0,0.0,63,2.718429300292151e+23,-0.0,0.0,0.0,0.0,0.0,0.0,0.0,0.0,0,0,0,0.0,0.0,0.0,0.0,0.0,0.0,0.0,0.0,0.0,0.0,0.0,0.0,0.0,0.0,0.0,0.0,0,-107875648.0,63,0.0,126,2.7184242562605685e+23,-0.0,ERR,ERR,ERR,ERR,ERR,ERR,ERR,ERR,ERR,ERR,ERR,ERR,ERR,ERR,ERR,ERR,ERR,ERR,ERR,ERR,ERR,ERR,ERR,ERR,ERR,ERR,ERR,ERR,ERR,ERR,ERR,ERR,ERR,ERR,ERR,ERR,ERR,ERR,ERR,ERR,ERR,ERR,ERR,ERR,ERR,ERR,ERR,ERR,ERR,ERR,ERR,ERR,ERR,ERR,ERR,ERR,ERR,ERR,ERR,ERR,ERR,ERR,ERR,ERR,ERR,ERR,ERR,34.0,80.0,35,0.0,0.0,0.0,0.0,0.0,0.0,0.0,0.0,0.0,0.0,0.0,0.0,0.0,0.0,0.0,0.0,64.8,0,116,56,50,65476,0,300,0,0,8,20529,65476,0,0,57672,80.0,0.0,0.0,0.0,0.0,0.0
2026-06-17T04:20:23,ERR,ERR,ERR,ERR,ERR,ERR,ERR,ERR,ERR,ERR,ERR,ERR,ERR,ERR,ERR,ERR,ERR,ERR,ERR,ERR,ERR,ERR,ERR,ERR,ERR,ERR,ERR,ERR,ERR,ERR,ERR,ERR,ERR,ERR,ERR,ERR,ERR,ERR,ERR,ERR,ERR,ERR,ERR,ERR,ERR,ERR,ERR,ERR,ERR,ERR,ERR,ERR,ERR,ERR,ERR,ERR,ERR,ERR,ERR,ERR,ERR,ERR,ERR,ERR,ERR,ERR,ERR,ERR,ERR,ERR,ERR,ERR,ERR,ERR,ERR,ERR,ERR,ERR,ERR,ERR,ERR,ERR,ERR,ERR,ERR,ERR,ERR,ERR,ERR,ERR,ERR,ERR,ERR,ERR,ERR,ERR,ERR,ERR,ERR,ERR,ERR,ERR,ERR,ERR,ERR,ERR,ERR,ERR,ERR,ERR,ERR,ERR,ERR,ERR,ERR,ERR,ERR,ERR,ERR,ERR,ERR,ERR,ERR,ERR,ERR,0.0,0.0,0.0,0.0,0.0,1.3936040501711995e+18,7.805,0.0,0,0,4,0,7300,-0.0,0,0.0,0.0,0.0,0.0,0.0,0,0,0,0,0.0,0,0,0,0,0,0,0,0,0,0,0,0,0,0,0,0,0,0,0,0,0,0,0,0,0,0,0,0,0,0,0,0,0,32,30,30,62,65476,0,300,0,0,8,21553,0.0,-107605600.0,0.0,0.0,0.0,0.0,0.0,0.0,0.0,0.0,0.0,0.0,0.0,0.0,0.0,0.0,0.0,0.0,0.0,0.0,0.0,0.0,2.004,2.004,-0.0,-2.004,0.0,0.0,0.0,0.0,5416.0,0.0,6946.0,0.0,0.0,-107615280.0,-0.0,0.0,0.0,0.0,0.0,63,2.718429300292151e+23,-0.0,0.0,0.0,0.0,0.0,0.0,0.0,0.0,0,0,0,0.0,0.0,0.0,0.0,0.0,0.0,0.0,0.0,0.0,0.0,0.0,0.0,0.0,0.0,0.0,0.0,0,-107875648.0,63,0.0,126,2.7184242562605685e+23,-0.0,ERR,ERR,ERR,ERR,ERR,ERR,ERR,ERR,ERR,ERR,ERR,ERR,ERR,ERR,ERR,ERR,ERR,ERR,ERR,ERR,ERR,ERR,ERR,ERR,ERR,ERR,ERR,ERR,ERR,ERR,ERR,ERR,ERR,ERR,ERR,ERR,ERR,ERR,ERR,ERR,ERR,ERR,ERR,ERR,ERR,ERR,ERR,ERR,ERR,ERR,ERR,ERR,ERR,ERR,ERR,ERR,ERR,ERR,ERR,ERR,ERR,ERR,ERR,ERR,ERR,ERR,ERR,34.0,80.0,35,0.0,0.0,0.0,0.0,0.0,0.0,0.0,0.0,0.0,0.0,0.0,0.0,0.0,0.0,0.0,0.0,64.4,0,116,56,50,65476,0,300,0,0,8,20529,65476,0,0,57672,80.0,0.0,0.0,0.0,0.0,0.0
2026-06-17T04:20:24,ERR,ERR,ERR,ERR,ERR,ERR,ERR,ERR,ERR,ERR,ERR,ERR,ERR,ERR,ERR,ERR,ERR,ERR,ERR,ERR,ERR,ERR,ERR,ERR,ERR,ERR,ERR,ERR,ERR,ERR,ERR,ERR,ERR,ERR,ERR,ERR,ERR,ERR,ERR,ERR,ERR,ERR,ERR,ERR,ERR,ERR,ERR,ERR,ERR,ERR,ERR,ERR,ERR,ERR,ERR,ERR,ERR,ERR,ERR,ERR,ERR,ERR,ERR,ERR,ERR,ERR,ERR,ERR,ERR,ERR,ERR,ERR,ERR,ERR,ERR,ERR,ERR,ERR,ERR,ERR,ERR,ERR,ERR,ERR,ERR,ERR,ERR,ERR,ERR,ERR,ERR,ERR,ERR,ERR,ERR,ERR,ERR,ERR,ERR,ERR,ERR,ERR,ERR,ERR,ERR,ERR,ERR,ERR,ERR,ERR,ERR,ERR,ERR,ERR,ERR,ERR,ERR,ERR,ERR,ERR,ERR,ERR,ERR,ERR,ERR,0.0,0.0,0.0,0.0,0.0,1.3936040501711995e+18,7.805,0.0,0,0,4,0,7300,-0.0,0,0.0,0.0,0.0,0.0,0.0,0,0,0,0,0.0,0,0,0,0,0,0,0,0,0,0,0,0,0,0,0,0,0,0,0,0,0,0,0,0,0,0,0,0,0,0,0,0,0,32,30,30,62,65476,0,300,0,0,8,21553,0.0,-107605600.0,0.0,0.0,0.0,0.0,0.0,0.0,0.0,0.0,0.0,0.0,0.0,0.0,0.0,0.0,0.0,0.0,0.0,0.0,0.0,0.0,2.004,2.004,-0.0,-2.004,0.0,0.0,0.0,0.0,5416.0,0.0,6946.0,0.0,0.0,-107615280.0,-0.0,0.0,0.0,0.0,0.0,63,2.718429300292151e+23,-0.0,0.0,0.0,0.0,0.0,0.0,0.0,0.0,0,0,0,0.0,0.0,0.0,0.0,0.0,0.0,0.0,0.0,0.0,0.0,0.0,0.0,0.0,0.0,0.0,0.0,0,-107875648.0,63,0.0,126,2.7184242562605685e+23,-0.0,ERR,ERR,ERR,ERR,ERR,ERR,ERR,ERR,ERR,ERR,ERR,ERR,ERR,ERR,ERR,ERR,ERR,ERR,ERR,ERR,ERR,ERR,ERR,ERR,ERR,ERR,ERR,ERR,ERR,ERR,ERR,ERR,ERR,ERR,ERR,ERR,ERR,ERR,ERR,ERR,ERR,ERR,ERR,ERR,ERR,ERR,ERR,ERR,ERR,ERR,ERR,ERR,ERR,ERR,ERR,ERR,ERR,ERR,ERR,ERR,ERR,ERR,ERR,ERR,ERR,ERR,ERR,34.0,80.0,35,0.0,0.0,0.0,0.0,0.0,0.0,0.0,0.0,0.0,0.0,0.0,0.0,0.0,0.0,0.0,0.0,64.4,0,116,56,50,65476,0,300,0,0,8,20529,65476,0,0,57672,80.0,0.0,0.0,0.0,0.0,0.0
2026-06-17T04:20:25,ERR,ERR,ERR,ERR,ERR,ERR,ERR,ERR,ERR,ERR,ERR,ERR,ERR,ERR,ERR,ERR,ERR,ERR,ERR,ERR,ERR,ERR,ERR,ERR,ERR,ERR,ERR,ERR,ERR,ERR,ERR,ERR,ERR,ERR,ERR,ERR,ERR,ERR,ERR,ERR,ERR,ERR,ERR,ERR,ERR,ERR,ERR,ERR,ERR,ERR,ERR,ERR,ERR,ERR,ERR,ERR,ERR,ERR,ERR,ERR,ERR,ERR,ERR,ERR,ERR,ERR,ERR,ERR,ERR,ERR,ERR,ERR,ERR,ERR,ERR,ERR,ERR,ERR,ERR,ERR,ERR,ERR,ERR,ERR,ERR,ERR,ERR,ERR,ERR,ERR,ERR,ERR,ERR,ERR,ERR,ERR,ERR,ERR,ERR,ERR,ERR,ERR,ERR,ERR,ERR,ERR,ERR,ERR,ERR,ERR,ERR,ERR,ERR,ERR,ERR,ERR,ERR,ERR,ERR,ERR,ERR,ERR,ERR,ERR,ERR,0.0,0.0,0.0,0.0,0.0,1.3936040501711995e+18,7.805,0.0,0,0,4,0,7300,-0.0,0,0.0,0.0,0.0,0.0,0.0,0,0,0,0,0.0,0,0,0,0,0,0,0,0,0,0,0,0,0,0,0,0,0,0,0,0,0,0,0,0,0,0,0,0,0,0,0,0,0,32,30,30,62,65476,0,300,0,0,8,21553,0.0,-107605600.0,0.0,0.0,0.0,0.0,0.0,0.0,0.0,0.0,0.0,0.0,0.0,0.0,0.0,0.0,0.0,0.0,0.0,0.0,0.0,0.0,2.004,2.004,-0.0,-2.004,0.0,0.0,0.0,0.0,5416.0,0.0,6946.0,0.0,0.0,-107615280.0,-0.0,0.0,0.0,0.0,0.0,63,2.718429300292151e+23,-0.0,0.0,0.0,0.0,0.0,0.0,0.0,0.0,0,0,0,0.0,0.0,0.0,0.0,0.0,0.0,0.0,0.0,0.0,0.0,0.0,0.0,0.0,0.0,0.0,0.0,0,-107875648.0,63,0.0,126,2.7184242562605685e+23,-0.0,ERR,ERR,ERR,ERR,ERR,ERR,ERR,ERR,ERR,ERR,ERR,ERR,ERR,ERR,ERR,ERR,ERR,ERR,ERR,ERR,ERR,ERR,ERR,ERR,ERR,ERR,ERR,ERR,ERR,ERR,ERR,ERR,ERR,ERR,ERR,ERR,ERR,ERR,ERR,ERR,ERR,ERR,ERR,ERR,ERR,ERR,ERR,ERR,ERR,ERR,ERR,ERR,ERR,ERR,ERR,ERR,ERR,ERR,ERR,ERR,ERR,ERR,ERR,ERR,ERR,ERR,ERR,34.0,80.0,35,0.0,0.0,0.0,0.0,0.0,0.0,0.0,0.0,0.0,0.0,0.0,0.0,0.0,0.0,0.0,0.0,64.8,0,116,56,50,65476,0,300,0,0,8,20529,65476,0,0,57672,80.0,0.0,0.0,0.0,0.0,0.0
2026-06-17T04:20:26,ERR,ERR,ERR,ERR,ERR,ERR,ERR,ERR,ERR,ERR,ERR,ERR,ERR,ERR,ERR,ERR,ERR,ERR,ERR,ERR,ERR,ERR,ERR,ERR,ERR,ERR,ERR,ERR,ERR,ERR,ERR,ERR,ERR,ERR,ERR,ERR,ERR,ERR,ERR,ERR,ERR,ERR,ERR,ERR,ERR,ERR,ERR,ERR,ERR,ERR,ERR,ERR,ERR,ERR,ERR,ERR,ERR,ERR,ERR,ERR,ERR,ERR,ERR,ERR,ERR,ERR,ERR,ERR,ERR,ERR,ERR,ERR,ERR,ERR,ERR,ERR,ERR,ERR,ERR,ERR,ERR,ERR,ERR,ERR,ERR,ERR,ERR,ERR,ERR,ERR,ERR,ERR,ERR,ERR,ERR,ERR,ERR,ERR,ERR,ERR,ERR,ERR,ERR,ERR,ERR,ERR,ERR,ERR,ERR,ERR,ERR,ERR,ERR,ERR,ERR,ERR,ERR,ERR,ERR,ERR,ERR,ERR,ERR,ERR,ERR,0.0,0.0,0.0,0.0,0.0,1.3936040501711995e+18,7.805,0.0,0,0,4,0,7300,-0.0,0,0.0,0.0,0.0,0.0,0.0,0,0,0,0,0.0,0,0,0,0,0,0,0,0,0,0,0,0,0,0,0,0,0,0,0,0,0,0,0,0,0,0,0,0,0,0,0,0,0,32,30,30,62,65476,0,300,0,0,8,21553,0.0,-107605600.0,0.0,0.0,0.0,0.0,0.0,0.0,0.0,0.0,0.0,0.0,0.0,0.0,0.0,0.0,0.0,0.0,0.0,0.0,0.0,0.0,2.004,2.004,-0.0,-2.004,0.0,0.0,0.0,0.0,5416.0,0.0,6946.0,0.0,0.0,-107615280.0,-0.0,0.0,0.0,0.0,0.0,63,2.718429300292151e+23,-0.0,0.0,0.0,0.0,0.0,0.0,0.0,0.0,0,0,0,0.0,0.0,0.0,0.0,0.0,0.0,0.0,0.0,0.0,0.0,0.0,0.0,0.0,0.0,0.0,0.0,0,-107875648.0,63,0.0,126,2.7184242562605685e+23,-0.0,ERR,ERR,ERR,ERR,ERR,ERR,ERR,ERR,ERR,ERR,ERR,ERR,ERR,ERR,ERR,ERR,ERR,ERR,ERR,ERR,ERR,ERR,ERR,ERR,ERR,ERR,ERR,ERR,ERR,ERR,ERR,ERR,ERR,ERR,ERR,ERR,ERR,ERR,ERR,ERR,ERR,ERR,ERR,ERR,ERR,ERR,ERR,ERR,ERR,ERR,ERR,ERR,ERR,ERR,ERR,ERR,ERR,ERR,ERR,ERR,ERR,ERR,ERR,ERR,ERR,ERR,ERR,34.0,80.0,35,0.0,0.0,0.0,0.0,0.0,0.0,0.0,0.0,0.0,0.0,0.0,0.0,0.0,0.0,0.0,0.0,64.4,0,116,56,50,65476,0,300,0,0,8,20529,65476,0,0,57672,80.0,0.0,0.0,0.0,0.0,0.0
2026-06-17T04:20:27,ERR,ERR,ERR,ERR,ERR,ERR,ERR,ERR,ERR,ERR,ERR,ERR,ERR,ERR,ERR,ERR,ERR,ERR,ERR,ERR,ERR,ERR,ERR,ERR,ERR,ERR,ERR,ERR,ERR,ERR,ERR,ERR,ERR,ERR,ERR,ERR,ERR,ERR,ERR,ERR,ERR,ERR,ERR,ERR,ERR,ERR,ERR,ERR,ERR,ERR,ERR,ERR,ERR,ERR,ERR,ERR,ERR,ERR,ERR,ERR,ERR,ERR,ERR,ERR,ERR,ERR,ERR,ERR,ERR,ERR,ERR,ERR,ERR,ERR,ERR,ERR,ERR,ERR,ERR,ERR,ERR,ERR,ERR,ERR,ERR,ERR,ERR,ERR,ERR,ERR,ERR,ERR,ERR,ERR,ERR,ERR,ERR,ERR,ERR,ERR,ERR,ERR,ERR,ERR,ERR,ERR,ERR,ERR,ERR,ERR,ERR,ERR,ERR,ERR,ERR,ERR,ERR,ERR,ERR,ERR,ERR,ERR,ERR,ERR,ERR,0.0,0.0,0.0,0.0,0.0,1.3936040501711995e+18,7.805,0.0,0,0,4,0,7300,-0.0,0,0.0,0.0,0.0,0.0,0.0,0,0,0,0,0.0,0,0,0,0,0,0,0,0,0,0,0,0,0,0,0,0,0,0,0,0,0,0,0,0,0,0,0,0,0,0,0,0,0,32,30,30,62,65476,0,300,0,0,8,21553,0.0,-107605600.0,0.0,0.0,0.0,0.0,0.0,0.0,0.0,0.0,0.0,0.0,0.0,0.0,0.0,0.0,0.0,0.0,0.0,0.0,0.0,0.0,2.004,2.004,-0.0,-2.004,0.0,0.0,0.0,0.0,5416.0,0.0,6946.0,0.0,0.0,-107615280.0,-0.0,0.0,0.0,0.0,0.0,63,2.718429300292151e+23,-0.0,0.0,0.0,0.0,0.0,0.0,0.0,0.0,0,0,0,0.0,0.0,0.0,0.0,0.0,0.0,0.0,0.0,0.0,0.0,0.0,0.0,0.0,0.0,0.0,0.0,0,-107875648.0,63,0.0,126,2.7184242562605685e+23,-0.0,ERR,ERR,ERR,ERR,ERR,ERR,ERR,ERR,ERR,ERR,ERR,ERR,ERR,ERR,ERR,ERR,ERR,ERR,ERR,ERR,ERR,ERR,ERR,ERR,ERR,ERR,ERR,ERR,ERR,ERR,ERR,ERR,ERR,ERR,ERR,ERR,ERR,ERR,ERR,ERR,ERR,ERR,ERR,ERR,ERR,ERR,ERR,ERR,ERR,ERR,ERR,ERR,ERR,ERR,ERR,ERR,ERR,ERR,ERR,ERR,ERR,ERR,ERR,ERR,ERR,ERR,ERR,34.0,80.0,35,0.0,0.0,0.0,0.0,0.0,0.0,0.0,0.0,0.0,0.0,0.0,0.0,0.0,0.0,0.0,0.0,64.4,0,116,56,50,65476,0,300,0,0,8,20529,65476,0,0,57672,80.0,0.0,0.0,0.0,0.0,0.0
2026-06-17T04:20:28,ERR,ERR,ERR,ERR,ERR,ERR,ERR,ERR,ERR,ERR,ERR,ERR,ERR,ERR,ERR,ERR,ERR,ERR,ERR,ERR,ERR,ERR,ERR,ERR,ERR,ERR,ERR,ERR,ERR,ERR,ERR,ERR,ERR,ERR,ERR,ERR,ERR,ERR,ERR,ERR,ERR,ERR,ERR,ERR,ERR,ERR,ERR,ERR,ERR,ERR,ERR,ERR,ERR,ERR,ERR,ERR,ERR,ERR,ERR,ERR,ERR,ERR,ERR,ERR,ERR,ERR,ERR,ERR,ERR,ERR,ERR,ERR,ERR,ERR,ERR,ERR,ERR,ERR,ERR,ERR,ERR,ERR,ERR,ERR,ERR,ERR,ERR,ERR,ERR,ERR,ERR,ERR,ERR,ERR,ERR,ERR,ERR,ERR,ERR,ERR,ERR,ERR,ERR,ERR,ERR,ERR,ERR,ERR,ERR,ERR,ERR,ERR,ERR,ERR,ERR,ERR,ERR,ERR,ERR,ERR,ERR,ERR,ERR,ERR,ERR,0.0,0.0,0.0,0.0,0.0,1.3936040501711995e+18,7.805,0.0,0,0,4,0,7300,-0.0,0,0.0,0.0,0.0,0.0,0.0,0,0,0,0,0.0,0,0,0,0,0,0,0,0,0,0,0,0,0,0,0,0,0,0,0,0,0,0,0,0,0,0,0,0,0,0,0,0,0,32,30,30,62,65476,0,300,0,0,8,21553,0.0,-107605600.0,0.0,0.0,0.0,0.0,0.0,0.0,0.0,0.0,0.0,0.0,0.0,0.0,0.0,0.0,0.0,0.0,0.0,0.0,0.0,0.0,2.004,2.004,-0.0,-2.004,0.0,0.0,0.0,0.0,5415.0,-0.0,6963.0,0.0,0.0,-107615280.0,-0.0,0.0,0.0,0.0,0.0,63,2.3088396621844998e+20,0.0,0.0,0.0,0.0,0.0,0.0,0.0,0.0,0,0,0,0.0,0.0,0.0,0.0,0.0,0.0,0.0,0.0,0.0,0.0,0.0,0.0,0.0,0.0,0.0,0.0,0,-107875648.0,63,0.0,126,2.7184242562605685e+23,-0.0,ERR,ERR,ERR,ERR,ERR,ERR,ERR,ERR,ERR,ERR,ERR,ERR,ERR,ERR,ERR,ERR,ERR,ERR,ERR,ERR,ERR,ERR,ERR,ERR,ERR,ERR,ERR,ERR,ERR,ERR,ERR,ERR,ERR,ERR,ERR,ERR,ERR,ERR,ERR,ERR,ERR,ERR,ERR,ERR,ERR,ERR,ERR,ERR,ERR,ERR,ERR,ERR,ERR,ERR,ERR,ERR,ERR,ERR,ERR,ERR,ERR,ERR,ERR,ERR,ERR,ERR,ERR,34.0,80.0,35,0.0,0.0,0.0,0.0,0.0,0.0,0.0,0.0,0.0,0.0,0.0,0.0,0.0,0.0,0.0,0.0,64.4,0,116,56,50,65476,0,300,0,0,8,20529,65476,0,0,57672,80.0,0.0,0.0,0.0,0.0,0.0
2026-06-17T04:20:29,ERR,ERR,ERR,ERR,ERR,ERR,ERR,ERR,ERR,ERR,ERR,ERR,ERR,ERR,ERR,ERR,ERR,ERR,ERR,ERR,ERR,ERR,ERR,ERR,ERR,ERR,ERR,ERR,ERR,ERR,ERR,ERR,ERR,ERR,ERR,ERR,ERR,ERR,ERR,ERR,ERR,ERR,ERR,ERR,ERR,ERR,ERR,ERR,ERR,ERR,ERR,ERR,ERR,ERR,ERR,ERR,ERR,ERR,ERR,ERR,ERR,ERR,ERR,ERR,ERR,ERR,ERR,ERR,ERR,ERR,ERR,ERR,ERR,ERR,ERR,ERR,ERR,ERR,ERR,ERR,ERR,ERR,ERR,ERR,ERR,ERR,ERR,ERR,ERR,ERR,ERR,ERR,ERR,ERR,ERR,ERR,ERR,ERR,ERR,ERR,ERR,ERR,ERR,ERR,ERR,ERR,ERR,ERR,ERR,ERR,ERR,ERR,ERR,ERR,ERR,ERR,ERR,ERR,ERR,ERR,ERR,ERR,ERR,ERR,ERR,0.0,0.0,0.0,0.0,0.0,1.3936040501711995e+18,7.805,0.0,0,0,4,0,7300,-0.0,0,0.0,0.0,0.0,0.0,0.0,0,0,0,0,0.0,0,0,0,0,0,0,0,0,0,0,0,0,0,0,0,0,0,0,0,0,0,0,0,0,0,0,0,0,0,0,0,0,0,32,30,30,62,65476,0,300,0,0,8,21553,0.0,-107605600.0,0.0,0.0,0.0,0.0,0.0,0.0,0.0,0.0,0.0,0.0,0.0,0.0,0.0,0.0,0.0,0.0,0.0,0.0,0.0,0.0,2.004,2.004,-0.0,-2.004,0.0,0.0,0.0,0.0,5415.0,-0.0,6963.0,0.0,0.0,-107615280.0,-0.0,0.0,0.0,0.0,0.0,63,2.3088396621844998e+20,0.0,0.0,0.0,0.0,0.0,0.0,0.0,0.0,0,0,0,0.0,0.0,0.0,0.0,0.0,0.0,0.0,0.0,0.0,0.0,0.0,0.0,0.0,0.0,0.0,0.0,0,-107875648.0,63,0.0,126,2.7184242562605685e+23,-0.0,ERR,ERR,ERR,ERR,ERR,ERR,ERR,ERR,ERR,ERR,ERR,ERR,ERR,ERR,ERR,ERR,ERR,ERR,ERR,ERR,ERR,ERR,ERR,ERR,ERR,ERR,ERR,ERR,ERR,ERR,ERR,ERR,ERR,ERR,ERR,ERR,ERR,ERR,ERR,ERR,ERR,ERR,ERR,ERR,ERR,ERR,ERR,ERR,ERR,ERR,ERR,ERR,ERR,ERR,ERR,ERR,ERR,ERR,ERR,ERR,ERR,ERR,ERR,ERR,ERR,ERR,ERR,34.0,80.0,35,0.0,0.0,0.0,0.0,0.0,0.0,0.0,0.0,0.0,0.0,0.0,0.0,0.0,0.0,0.0,0.0,64.4,0,116,56,50,65476,0,300,0,0,8,20529,65476,0,0,57672,80.0,0.0,0.0,0.0,0.0,0.0
2026-06-17T04:20:30,ERR,ERR,ERR,ERR,ERR,ERR,ERR,ERR,ERR,ERR,ERR,ERR,ERR,ERR,ERR,ERR,ERR,ERR,ERR,ERR,ERR,ERR,ERR,ERR,ERR,ERR,ERR,ERR,ERR,ERR,ERR,ERR,ERR,ERR,ERR,ERR,ERR,ERR,ERR,ERR,ERR,ERR,ERR,ERR,ERR,ERR,ERR,ERR,ERR,ERR,ERR,ERR,ERR,ERR,ERR,ERR,ERR,ERR,ERR,ERR,ERR,ERR,ERR,ERR,ERR,ERR,ERR,ERR,ERR,ERR,ERR,ERR,ERR,ERR,ERR,ERR,ERR,ERR,ERR,ERR,ERR,ERR,ERR,ERR,ERR,ERR,ERR,ERR,ERR,ERR,ERR,ERR,ERR,ERR,ERR,ERR,ERR,ERR,ERR,ERR,ERR,ERR,ERR,ERR,ERR,ERR,ERR,ERR,ERR,ERR,ERR,ERR,ERR,ERR,ERR,ERR,ERR,ERR,ERR,ERR,ERR,ERR,ERR,ERR,ERR,0.0,0.0,0.0,0.0,0.0,1.3936040501711995e+18,7.805,0.0,0,0,4,0,7300,-0.0,0,0.0,0.0,0.0,0.0,0.0,0,0,0,0,0.0,0,0,0,0,0,0,0,0,0,0,0,0,0,0,0,0,0,0,0,0,0,0,0,0,0,0,0,0,0,0,0,0,0,32,30,30,62,65476,0,300,0,0,8,21553,0.0,-107605600.0,0.0,0.0,0.0,0.0,0.0,0.0,0.0,0.0,0.0,0.0,0.0,0.0,0.0,0.0,0.0,0.0,0.0,0.0,0.0,0.0,2.004,2.004,-0.0,-2.004,0.0,0.0,0.0,0.0,5415.0,-0.0,6963.0,0.0,0.0,-107615280.0,-0.0,0.0,0.0,0.0,0.0,63,2.3088396621844998e+20,0.0,0.0,0.0,0.0,0.0,0.0,0.0,0.0,0,0,0,0.0,0.0,0.0,0.0,0.0,0.0,0.0,0.0,0.0,0.0,0.0,0.0,0.0,0.0,0.0,0.0,0,-107875648.0,63,0.0,126,2.7184242562605685e+23,-0.0,ERR,ERR,ERR,ERR,ERR,ERR,ERR,ERR,ERR,ERR,ERR,ERR,ERR,ERR,ERR,ERR,ERR,ERR,ERR,ERR,ERR,ERR,ERR,ERR,ERR,ERR,ERR,ERR,ERR,ERR,ERR,ERR,ERR,ERR,ERR,ERR,ERR,ERR,ERR,ERR,ERR,ERR,ERR,ERR,ERR,ERR,ERR,ERR,ERR,ERR,ERR,ERR,ERR,ERR,ERR,ERR,ERR,ERR,ERR,ERR,ERR,ERR,ERR,ERR,ERR,ERR,ERR,34.0,80.0,35,0.0,0.0,0.0,0.0,0.0,0.0,0.0,0.0,0.0,0.0,0.0,0.0,0.0,0.0,0.0,0.0,64.4,0,116,56,50,65476,0,300,0,0,8,20529,65476,0,0,57672,80.0,0.0,0.0,0.0,0.0,0.0
2026-06-17T04:20:31,ERR,ERR,ERR,ERR,ERR,ERR,ERR,ERR,ERR,ERR,ERR,ERR,ERR,ERR,ERR,ERR,ERR,ERR,ERR,ERR,ERR,ERR,ERR,ERR,ERR,ERR,ERR,ERR,ERR,ERR,ERR,ERR,ERR,ERR,ERR,ERR,ERR,ERR,ERR,ERR,ERR,ERR,ERR,ERR,ERR,ERR,ERR,ERR,ERR,ERR,ERR,ERR,ERR,ERR,ERR,ERR,ERR,ERR,ERR,ERR,ERR,ERR,ERR,ERR,ERR,ERR,ERR,ERR,ERR,ERR,ERR,ERR,ERR,ERR,ERR,ERR,ERR,ERR,ERR,ERR,ERR,ERR,ERR,ERR,ERR,ERR,ERR,ERR,ERR,ERR,ERR,ERR,ERR,ERR,ERR,ERR,ERR,ERR,ERR,ERR,ERR,ERR,ERR,ERR,ERR,ERR,ERR,ERR,ERR,ERR,ERR,ERR,ERR,ERR,ERR,ERR,ERR,ERR,ERR,ERR,ERR,ERR,ERR,ERR,ERR,0.0,0.0,0.0,0.0,0.0,1.3936040501711995e+18,7.805,0.0,0,0,4,0,7300,-0.0,0,0.0,0.0,0.0,0.0,0.0,0,0,0,0,0.0,0,0,0,0,0,0,0,0,0,0,0,0,0,0,0,0,0,0,0,0,0,0,0,0,0,0,0,0,0,0,0,0,0,32,30,30,62,65476,0,300,0,0,8,21553,0.0,-107605600.0,0.0,0.0,0.0,0.0,0.0,0.0,0.0,0.0,0.0,0.0,0.0,0.0,0.0,0.0,0.0,0.0,0.0,0.0,0.0,0.0,2.004,2.004,-0.0,-2.004,0.0,0.0,0.0,0.0,5415.0,-0.0,6963.0,0.0,0.0,-107615280.0,-0.0,0.0,0.0,0.0,0.0,63,2.3088396621844998e+20,0.0,0.0,0.0,0.0,0.0,0.0,0.0,0.0,0,0,0,0.0,0.0,0.0,0.0,0.0,0.0,0.0,0.0,0.0,0.0,0.0,0.0,0.0,0.0,0.0,0.0,0,-107875648.0,63,0.0,126,2.7184242562605685e+23,-0.0,ERR,ERR,ERR,ERR,ERR,ERR,ERR,ERR,ERR,ERR,ERR,ERR,ERR,ERR,ERR,ERR,ERR,ERR,ERR,ERR,ERR,ERR,ERR,ERR,ERR,ERR,ERR,ERR,ERR,ERR,ERR,ERR,ERR,ERR,ERR,ERR,ERR,ERR,ERR,ERR,ERR,ERR,ERR,ERR,ERR,ERR,ERR,ERR,ERR,ERR,ERR,ERR,ERR,ERR,ERR,ERR,ERR,ERR,ERR,ERR,ERR,ERR,ERR,ERR,ERR,ERR,ERR,34.0,80.0,35,0.0,0.0,0.0,0.0,0.0,0.0,0.0,0.0,0.0,0.0,0.0,0.0,0.0,0.0,0.0,0.0,64.4,0,116,56,50,65476,0,300,0,0,8,20529,65476,0,0,57672,80.0,0.0,0.0,0.0,0.0,0.0
2026-06-17T04:20:32,ERR,ERR,ERR,ERR,ERR,ERR,ERR,ERR,ERR,ERR,ERR,ERR,ERR,ERR,ERR,ERR,ERR,ERR,ERR,ERR,ERR,ERR,ERR,ERR,ERR,ERR,ERR,ERR,ERR,ERR,ERR,ERR,ERR,ERR,ERR,ERR,ERR,ERR,ERR,ERR,ERR,ERR,ERR,ERR,ERR,ERR,ERR,ERR,ERR,ERR,ERR,ERR,ERR,ERR,ERR,ERR,ERR,ERR,ERR,ERR,ERR,ERR,ERR,ERR,ERR,ERR,ERR,ERR,ERR,ERR,ERR,ERR,ERR,ERR,ERR,ERR,ERR,ERR,ERR,ERR,ERR,ERR,ERR,ERR,ERR,ERR,ERR,ERR,ERR,ERR,ERR,ERR,ERR,ERR,ERR,ERR,ERR,ERR,ERR,ERR,ERR,ERR,ERR,ERR,ERR,ERR,ERR,ERR,ERR,ERR,ERR,ERR,ERR,ERR,ERR,ERR,ERR,ERR,ERR,ERR,ERR,ERR,ERR,ERR,ERR,0.0,0.0,0.0,0.0,0.0,1.3936040501711995e+18,7.805,0.0,0,0,4,0,7300,-0.0,0,0.0,0.0,0.0,0.0,0.0,0,0,0,0,0.0,0,0,0,0,0,0,0,0,0,0,0,0,0,0,0,0,0,0,0,0,0,0,0,0,0,0,0,0,0,0,0,0,0,32,30,30,62,65476,0,300,0,0,8,21553,0.0,-107605600.0,0.0,0.0,0.0,0.0,0.0,0.0,0.0,0.0,0.0,0.0,0.0,0.0,0.0,0.0,0.0,0.0,0.0,0.0,0.0,0.0,2.004,2.004,-0.0,-2.004,0.0,0.0,0.0,0.0,5415.0,-0.0,6963.0,0.0,0.0,-107615280.0,-0.0,0.0,0.0,0.0,0.0,63,2.3088396621844998e+20,0.0,0.0,0.0,0.0,0.0,0.0,0.0,0.0,0,0,0,0.0,0.0,0.0,0.0,0.0,0.0,0.0,0.0,0.0,0.0,0.0,0.0,0.0,0.0,0.0,0.0,0,-107875648.0,63,0.0,126,2.7184242562605685e+23,-0.0,ERR,ERR,ERR,ERR,ERR,ERR,ERR,ERR,ERR,ERR,ERR,ERR,ERR,ERR,ERR,ERR,ERR,ERR,ERR,ERR,ERR,ERR,ERR,ERR,ERR,ERR,ERR,ERR,ERR,ERR,ERR,ERR,ERR,ERR,ERR,ERR,ERR,ERR,ERR,ERR,ERR,ERR,ERR,ERR,ERR,ERR,ERR,ERR,ERR,ERR,ERR,ERR,ERR,ERR,ERR,ERR,ERR,ERR,ERR,ERR,ERR,ERR,ERR,ERR,ERR,ERR,ERR,34.0,80.0,35,0.0,0.0,0.0,0.0,0.0,0.0,0.0,0.0,0.0,0.0,0.0,0.0,0.0,0.0,0.0,0.0,64.4,0,116,56,50,65476,0,300,0,0,8,20529,65476,0,0,57672,80.0,0.0,0.0,0.0,0.0,0.0
2026-06-17T04:20:33,ERR,ERR,ERR,ERR,ERR,ERR,ERR,ERR,ERR,ERR,ERR,ERR,ERR,ERR,ERR,ERR,ERR,ERR,ERR,ERR,ERR,ERR,ERR,ERR,ERR,ERR,ERR,ERR,ERR,ERR,ERR,ERR,ERR,ERR,ERR,ERR,ERR,ERR,ERR,ERR,ERR,ERR,ERR,ERR,ERR,ERR,ERR,ERR,ERR,ERR,ERR,ERR,ERR,ERR,ERR,ERR,ERR,ERR,ERR,ERR,ERR,ERR,ERR,ERR,ERR,ERR,ERR,ERR,ERR,ERR,ERR,ERR,ERR,ERR,ERR,ERR,ERR,ERR,ERR,ERR,ERR,ERR,ERR,ERR,ERR,ERR,ERR,ERR,ERR,ERR,ERR,ERR,ERR,ERR,ERR,ERR,ERR,ERR,ERR,ERR,ERR,ERR,ERR,ERR,ERR,ERR,ERR,ERR,ERR,ERR,ERR,ERR,ERR,ERR,ERR,ERR,ERR,ERR,ERR,ERR,ERR,ERR,ERR,ERR,ERR,0.0,0.0,0.0,0.0,0.0,1.3936040501711995e+18,7.805,0.0,0,0,4,0,7300,-0.0,0,0.0,0.0,0.0,0.0,0.0,0,0,0,0,0.0,0,0,0,0,0,0,0,0,0,0,0,0,0,0,0,0,0,0,0,0,0,0,0,0,0,0,0,0,0,0,0,0,0,32,30,30,62,65476,0,300,0,0,8,21553,0.0,-107605600.0,0.0,0.0,0.0,0.0,0.0,0.0,0.0,0.0,0.0,0.0,0.0,0.0,0.0,0.0,0.0,0.0,0.0,0.0,0.0,0.0,2.004,2.004,-0.0,-2.004,0.0,0.0,0.0,0.0,5415.0,-1.0406669901790231e+34,6975.0,0.0,0.0,-107615280.0,-0.0,0.0,0.0,0.0,0.0,63,2.3088396621844998e+20,-0.0,0.0,0.0,0.0,0.0,0.0,0.0,0.0,0,0,0,0.0,0.0,0.0,0.0,0.0,0.0,0.0,0.0,0.0,0.0,0.0,0.0,0.0,0.0,0.0,0.0,0,-107875648.0,63,0.0,126,2.7184242562605685e+23,-0.0,ERR,ERR,ERR,ERR,ERR,ERR,ERR,ERR,ERR,ERR,ERR,ERR,ERR,ERR,ERR,ERR,ERR,ERR,ERR,ERR,ERR,ERR,ERR,ERR,ERR,ERR,ERR,ERR,ERR,ERR,ERR,ERR,ERR,ERR,ERR,ERR,ERR,ERR,ERR,ERR,ERR,ERR,ERR,ERR,ERR,ERR,ERR,ERR,ERR,ERR,ERR,ERR,ERR,ERR,ERR,ERR,ERR,ERR,ERR,ERR,ERR,ERR,ERR,ERR,ERR,ERR,ERR,34.0,80.0,35,0.0,0.0,0.0,0.0,0.0,0.0,0.0,0.0,0.0,0.0,0.0,0.0,0.0,0.0,0.0,0.0,64.4,0,116,56,50,65476,0,300,0,0,8,20529,65476,0,0,57672,80.0,0.0,0.0,0.0,0.0,0.0
2026-06-17T04:20:34,ERR,ERR,ERR,ERR,ERR,ERR,ERR,ERR,ERR,ERR,ERR,ERR,ERR,ERR,ERR,ERR,ERR,ERR,ERR,ERR,ERR,ERR,ERR,ERR,ERR,ERR,ERR,ERR,ERR,ERR,ERR,ERR,ERR,ERR,ERR,ERR,ERR,ERR,ERR,ERR,ERR,ERR,ERR,ERR,ERR,ERR,ERR,ERR,ERR,ERR,ERR,ERR,ERR,ERR,ERR,ERR,ERR,ERR,ERR,ERR,ERR,ERR,ERR,ERR,ERR,ERR,ERR,ERR,ERR,ERR,ERR,ERR,ERR,ERR,ERR,ERR,ERR,ERR,ERR,ERR,ERR,ERR,ERR,ERR,ERR,ERR,ERR,ERR,ERR,ERR,ERR,ERR,ERR,ERR,ERR,ERR,ERR,ERR,ERR,ERR,ERR,ERR,ERR,ERR,ERR,ERR,ERR,ERR,ERR,ERR,ERR,ERR,ERR,ERR,ERR,ERR,ERR,ERR,ERR,ERR,ERR,ERR,ERR,ERR,ERR,0.0,0.0,0.0,0.0,0.0,1.3936040501711995e+18,7.805,0.0,0,0,4,0,7300,-0.0,0,0.0,0.0,0.0,0.0,0.0,0,0,0,0,0.0,0,0,0,0,0,0,0,0,0,0,0,0,0,0,0,0,0,0,0,0,0,0,0,0,0,0,0,0,0,0,0,0,0,32,30,30,62,65476,0,300,0,0,8,21553,0.0,-107605600.0,0.0,0.0,0.0,0.0,0.0,0.0,0.0,0.0,0.0,0.0,0.0,0.0,0.0,0.0,0.0,0.0,0.0,0.0,0.0,0.0,2.004,2.004,-0.0,-2.004,0.0,0.0,0.0,0.0,5415.0,-1.0406669901790231e+34,6975.0,0.0,0.0,-107615280.0,-0.0,0.0,0.0,0.0,0.0,63,2.3088396621844998e+20,-0.0,0.0,0.0,0.0,0.0,0.0,0.0,0.0,0,0,0,0.0,0.0,0.0,0.0,0.0,0.0,0.0,0.0,0.0,0.0,0.0,0.0,0.0,0.0,0.0,0.0,0,-107875648.0,63,0.0,126,2.7184242562605685e+23,-0.0,ERR,ERR,ERR,ERR,ERR,ERR,ERR,ERR,ERR,ERR,ERR,ERR,ERR,ERR,ERR,ERR,ERR,ERR,ERR,ERR,ERR,ERR,ERR,ERR,ERR,ERR,ERR,ERR,ERR,ERR,ERR,ERR,ERR,ERR,ERR,ERR,ERR,ERR,ERR,ERR,ERR,ERR,ERR,ERR,ERR,ERR,ERR,ERR,ERR,ERR,ERR,ERR,ERR,ERR,ERR,ERR,ERR,ERR,ERR,ERR,ERR,ERR,ERR,ERR,ERR,ERR,ERR,34.0,80.0,35,0.0,0.0,0.0,0.0,0.0,0.0,0.0,0.0,0.0,0.0,0.0,0.0,0.0,0.0,0.0,0.0,64.4,0,116,56,50,65476,0,300,0,0,8,20529,65476,0,0,57672,80.0,0.0,0.0,0.0,0.0,0.0
2026-06-17T04:20:35,ERR,ERR,ERR,ERR,ERR,ERR,ERR,ERR,ERR,ERR,ERR,ERR,ERR,ERR,ERR,ERR,ERR,ERR,ERR,ERR,ERR,ERR,ERR,ERR,ERR,ERR,ERR,ERR,ERR,ERR,ERR,ERR,ERR,ERR,ERR,ERR,ERR,ERR,ERR,ERR,ERR,ERR,ERR,ERR,ERR,ERR,ERR,ERR,ERR,ERR,ERR,ERR,ERR,ERR,ERR,ERR,ERR,ERR,ERR,ERR,ERR,ERR,ERR,ERR,ERR,ERR,ERR,ERR,ERR,ERR,ERR,ERR,ERR,ERR,ERR,ERR,ERR,ERR,ERR,ERR,ERR,ERR,ERR,ERR,ERR,ERR,ERR,ERR,ERR,ERR,ERR,ERR,ERR,ERR,ERR,ERR,ERR,ERR,ERR,ERR,ERR,ERR,ERR,ERR,ERR,ERR,ERR,ERR,ERR,ERR,ERR,ERR,ERR,ERR,ERR,ERR,ERR,ERR,ERR,ERR,ERR,ERR,ERR,ERR,ERR,0.0,0.0,0.0,0.0,0.0,1.3936040501711995e+18,7.805,0.0,0,0,4,0,7300,-0.0,0,0.0,0.0,0.0,0.0,0.0,0,0,0,0,0.0,0,0,0,0,0,0,0,0,0,0,0,0,0,0,0,0,0,0,0,0,0,0,0,0,0,0,0,0,0,0,0,0,0,32,30,30,62,65476,0,300,0,0,8,21553,0.0,-107605600.0,0.0,0.0,0.0,0.0,0.0,0.0,0.0,0.0,0.0,0.0,0.0,0.0,0.0,0.0,0.0,0.0,0.0,0.0,0.0,0.0,2.004,2.004,-0.0,-2.004,0.0,0.0,0.0,0.0,5415.0,-1.0406669901790231e+34,6975.0,0.0,0.0,-107615280.0,-0.0,0.0,0.0,0.0,0.0,63,2.3088396621844998e+20,-0.0,0.0,0.0,0.0,0.0,0.0,0.0,0.0,0,0,0,0.0,0.0,0.0,0.0,0.0,0.0,0.0,0.0,0.0,0.0,0.0,0.0,0.0,0.0,0.0,0.0,0,-107875648.0,63,0.0,126,2.7184242562605685e+23,-0.0,ERR,ERR,ERR,ERR,ERR,ERR,ERR,ERR,ERR,ERR,ERR,ERR,ERR,ERR,ERR,ERR,ERR,ERR,ERR,ERR,ERR,ERR,ERR,ERR,ERR,ERR,ERR,ERR,ERR,ERR,ERR,ERR,ERR,ERR,ERR,ERR,ERR,ERR,ERR,ERR,ERR,ERR,ERR,ERR,ERR,ERR,ERR,ERR,ERR,ERR,ERR,ERR,ERR,ERR,ERR,ERR,ERR,ERR,ERR,ERR,ERR,ERR,ERR,ERR,ERR,ERR,ERR,34.0,80.0,35,0.0,0.0,0.0,0.0,0.0,0.0,0.0,0.0,0.0,0.0,0.0,0.0,0.0,0.0,0.0,0.0,64.4,0,116,56,50,65476,0,300,0,0,8,20529,65476,0,0,57672,80.0,0.0,0.0,0.0,0.0,0.0
2026-06-17T04:20:36,ERR,ERR,ERR,ERR,ERR,ERR,ERR,ERR,ERR,ERR,ERR,ERR,ERR,ERR,ERR,ERR,ERR,ERR,ERR,ERR,ERR,ERR,ERR,ERR,ERR,ERR,ERR,ERR,ERR,ERR,ERR,ERR,ERR,ERR,ERR,ERR,ERR,ERR,ERR,ERR,ERR,ERR,ERR,ERR,ERR,ERR,ERR,ERR,ERR,ERR,ERR,ERR,ERR,ERR,ERR,ERR,ERR,ERR,ERR,ERR,ERR,ERR,ERR,ERR,ERR,ERR,ERR,ERR,ERR,ERR,ERR,ERR,ERR,ERR,ERR,ERR,ERR,ERR,ERR,ERR,ERR,ERR,ERR,ERR,ERR,ERR,ERR,ERR,ERR,ERR,ERR,ERR,ERR,ERR,ERR,ERR,ERR,ERR,ERR,ERR,ERR,ERR,ERR,ERR,ERR,ERR,ERR,ERR,ERR,ERR,ERR,ERR,ERR,ERR,ERR,ERR,ERR,ERR,ERR,ERR,ERR,ERR,ERR,ERR,ERR,0.0,0.0,0.0,0.0,0.0,1.3936040501711995e+18,7.805,0.0,0,0,4,0,7300,-0.0,0,0.0,0.0,0.0,0.0,0.0,0,0,0,0,0.0,0,0,0,0,0,0,0,0,0,0,0,0,0,0,0,0,0,0,0,0,0,0,0,0,0,0,0,0,0,0,0,0,0,32,30,30,62,65476,0,300,0,0,8,21553,0.0,-107605600.0,0.0,0.0,0.0,0.0,0.0,0.0,0.0,0.0,0.0,0.0,0.0,0.0,0.0,0.0,0.0,0.0,0.0,0.0,0.0,0.0,2.004,2.004,-0.0,-2.004,0.0,0.0,0.0,0.0,5415.0,-1.0406669901790231e+34,6975.0,0.0,0.0,-107615280.0,-0.0,0.0,0.0,0.0,0.0,63,2.3088396621844998e+20,-0.0,0.0,0.0,0.0,0.0,0.0,0.0,0.0,0,0,0,0.0,0.0,0.0,0.0,0.0,0.0,0.0,0.0,0.0,0.0,0.0,0.0,0.0,0.0,0.0,0.0,0,-107875648.0,63,0.0,126,2.7184242562605685e+23,-0.0,ERR,ERR,ERR,ERR,ERR,ERR,ERR,ERR,ERR,ERR,ERR,ERR,ERR,ERR,ERR,ERR,ERR,ERR,ERR,ERR,ERR,ERR,ERR,ERR,ERR,ERR,ERR,ERR,ERR,ERR,ERR,ERR,ERR,ERR,ERR,ERR,ERR,ERR,ERR,ERR,ERR,ERR,ERR,ERR,ERR,ERR,ERR,ERR,ERR,ERR,ERR,ERR,ERR,ERR,ERR,ERR,ERR,ERR,ERR,ERR,ERR,ERR,ERR,ERR,ERR,ERR,ERR,34.0,80.0,35,0.0,0.0,0.0,0.0,0.0,0.0,0.0,0.0,0.0,0.0,0.0,0.0,0.0,0.0,0.0,0.0,64.4,0,116,56,50,65476,0,300,0,0,8,20529,65476,0,0,57672,80.0,0.0,0.0,0.0,0.0,0.0
2026-06-17T04:20:37,ERR,ERR,ERR,ERR,ERR,ERR,ERR,ERR,ERR,ERR,ERR,ERR,ERR,ERR,ERR,ERR,ERR,ERR,ERR,ERR,ERR,ERR,ERR,ERR,ERR,ERR,ERR,ERR,ERR,ERR,ERR,ERR,ERR,ERR,ERR,ERR,ERR,ERR,ERR,ERR,ERR,ERR,ERR,ERR,ERR,ERR,ERR,ERR,ERR,ERR,ERR,ERR,ERR,ERR,ERR,ERR,ERR,ERR,ERR,ERR,ERR,ERR,ERR,ERR,ERR,ERR,ERR,ERR,ERR,ERR,ERR,ERR,ERR,ERR,ERR,ERR,ERR,ERR,ERR,ERR,ERR,ERR,ERR,ERR,ERR,ERR,ERR,ERR,ERR,ERR,ERR,ERR,ERR,ERR,ERR,ERR,ERR,ERR,ERR,ERR,ERR,ERR,ERR,ERR,ERR,ERR,ERR,ERR,ERR,ERR,ERR,ERR,ERR,ERR,ERR,ERR,ERR,ERR,ERR,ERR,ERR,ERR,ERR,ERR,ERR,0.0,0.0,0.0,0.0,0.0,1.3936040501711995e+18,7.805,0.0,0,0,4,0,7300,-0.0,0,0.0,0.0,0.0,0.0,0.0,0,0,0,0,0.0,0,0,0,0,0,0,0,0,0,0,0,0,0,0,0,0,0,0,0,0,0,0,0,0,0,0,0,0,0,0,0,0,0,32,30,30,62,65476,0,300,0,0,8,21553,0.0,-107605600.0,0.0,0.0,0.0,0.0,0.0,0.0,0.0,0.0,0.0,0.0,0.0,0.0,0.0,0.0,0.0,0.0,0.0,0.0,0.0,0.0,2.004,2.004,-0.0,-2.004,0.0,0.0,0.0,0.0,5415.0,-1.0406669901790231e+34,6975.0,0.0,0.0,-107615280.0,-0.0,0.0,0.0,0.0,0.0,63,2.3088396621844998e+20,-0.0,0.0,0.0,0.0,0.0,0.0,0.0,0.0,0,0,0,0.0,0.0,0.0,0.0,0.0,0.0,0.0,0.0,0.0,0.0,0.0,0.0,0.0,0.0,0.0,0.0,0,-107875648.0,63,0.0,126,2.7184242562605685e+23,-0.0,ERR,ERR,ERR,ERR,ERR,ERR,ERR,ERR,ERR,ERR,ERR,ERR,ERR,ERR,ERR,ERR,ERR,ERR,ERR,ERR,ERR,ERR,ERR,ERR,ERR,ERR,ERR,ERR,ERR,ERR,ERR,ERR,ERR,ERR,ERR,ERR,ERR,ERR,ERR,ERR,ERR,ERR,ERR,ERR,ERR,ERR,ERR,ERR,ERR,ERR,ERR,ERR,ERR,ERR,ERR,ERR,ERR,ERR,ERR,ERR,ERR,ERR,ERR,ERR,ERR,ERR,ERR,34.0,80.0,35,0.0,0.0,0.0,0.0,0.0,0.0,0.0,0.0,0.0,0.0,0.0,0.0,0.0,0.0,0.0,0.0,64.8,0,116,56,50,65476,0,300,0,0,8,20529,65476,0,0,57672,80.0,0.0,0.0,0.0,0.0,0.0
2026-06-17T04:20:38,ERR,ERR,ERR,ERR,ERR,ERR,ERR,ERR,ERR,ERR,ERR,ERR,ERR,ERR,ERR,ERR,ERR,ERR,ERR,ERR,ERR,ERR,ERR,ERR,ERR,ERR,ERR,ERR,ERR,ERR,ERR,ERR,ERR,ERR,ERR,ERR,ERR,ERR,ERR,ERR,ERR,ERR,ERR,ERR,ERR,ERR,ERR,ERR,ERR,ERR,ERR,ERR,ERR,ERR,ERR,ERR,ERR,ERR,ERR,ERR,ERR,ERR,ERR,ERR,ERR,ERR,ERR,ERR,ERR,ERR,ERR,ERR,ERR,ERR,ERR,ERR,ERR,ERR,ERR,ERR,ERR,ERR,ERR,ERR,ERR,ERR,ERR,ERR,ERR,ERR,ERR,ERR,ERR,ERR,ERR,ERR,ERR,ERR,ERR,ERR,ERR,ERR,ERR,ERR,ERR,ERR,ERR,ERR,ERR,ERR,ERR,ERR,ERR,ERR,ERR,ERR,ERR,ERR,ERR,ERR,ERR,ERR,ERR,ERR,ERR,0.0,0.0,0.0,0.0,0.0,1.3936040501711995e+18,7.805,0.0,0,0,4,0,7300,-0.0,0,0.0,0.0,0.0,0.0,0.0,0,0,0,0,0.0,0,0,0,0,0,0,0,0,0,0,0,0,0,0,0,0,0,0,0,0,0,0,0,0,0,0,0,0,0,0,0,0,0,32,30,30,62,65476,0,300,0,0,8,21553,0.0,-107605600.0,0.0,0.0,0.0,0.0,0.0,0.0,0.0,0.0,0.0,0.0,0.0,0.0,0.0,0.0,0.0,0.0,0.0,0.0,0.0,0.0,2.004,2.004,-0.0,-2.004,0.0,0.0,0.0,0.0,5415.0,-1.0406669901790231e+34,6975.0,0.0,0.0,-107615280.0,-0.0,0.0,0.0,0.0,0.0,63,2.3088396621844998e+20,-0.0,0.0,0.0,0.0,0.0,0.0,0.0,0.0,0,0,0,0.0,0.0,0.0,0.0,0.0,0.0,0.0,0.0,0.0,0.0,0.0,0.0,0.0,0.0,0.0,0.0,0,-107875648.0,63,0.0,126,2.7184242562605685e+23,-0.0,ERR,ERR,ERR,ERR,ERR,ERR,ERR,ERR,ERR,ERR,ERR,ERR,ERR,ERR,ERR,ERR,ERR,ERR,ERR,ERR,ERR,ERR,ERR,ERR,ERR,ERR,ERR,ERR,ERR,ERR,ERR,ERR,ERR,ERR,ERR,ERR,ERR,ERR,ERR,ERR,ERR,ERR,ERR,ERR,ERR,ERR,ERR,ERR,ERR,ERR,ERR,ERR,ERR,ERR,ERR,ERR,ERR,ERR,ERR,ERR,ERR,ERR,ERR,ERR,ERR,ERR,ERR,34.0,80.0,35,0.0,0.0,0.0,0.0,0.0,0.0,0.0,0.0,0.0,0.0,0.0,0.0,0.0,0.0,0.0,0.0,64.8,0,116,56,50,65476,0,300,0,0,8,20529,65476,0,0,57672,80.0,0.0,0.0,0.0,0.0,0.0
2026-06-17T04:20:39,ERR,ERR,ERR,ERR,ERR,ERR,ERR,ERR,ERR,ERR,ERR,ERR,ERR,ERR,ERR,ERR,ERR,ERR,ERR,ERR,ERR,ERR,ERR,ERR,ERR,ERR,ERR,ERR,ERR,ERR,ERR,ERR,ERR,ERR,ERR,ERR,ERR,ERR,ERR,ERR,ERR,ERR,ERR,ERR,ERR,ERR,ERR,ERR,ERR,ERR,ERR,ERR,ERR,ERR,ERR,ERR,ERR,ERR,ERR,ERR,ERR,ERR,ERR,ERR,ERR,ERR,ERR,ERR,ERR,ERR,ERR,ERR,ERR,ERR,ERR,ERR,ERR,ERR,ERR,ERR,ERR,ERR,ERR,ERR,ERR,ERR,ERR,ERR,ERR,ERR,ERR,ERR,ERR,ERR,ERR,ERR,ERR,ERR,ERR,ERR,ERR,ERR,ERR,ERR,ERR,ERR,ERR,ERR,ERR,ERR,ERR,ERR,ERR,ERR,ERR,ERR,ERR,ERR,ERR,ERR,ERR,ERR,ERR,ERR,ERR,0.0,0.0,0.0,0.0,0.0,1.3936040501711995e+18,7.805,0.0,0,0,4,0,7300,-0.0,0,0.0,0.0,0.0,0.0,0.0,0,0,0,0,0.0,0,0,0,0,0,0,0,0,0,0,0,0,0,0,0,0,0,0,0,0,0,0,0,0,0,0,0,0,0,0,0,0,0,32,30,30,62,65476,0,300,0,0,8,21553,0.0,-107605600.0,0.0,0.0,0.0,0.0,0.0,0.0,0.0,0.0,0.0,0.0,0.0,0.0,0.0,0.0,0.0,0.0,0.0,0.0,0.0,0.0,2.004,2.004,-0.0,-2.004,0.0,0.0,0.0,0.0,5447.0,131350.656,6953.0,0.0,0.0,-107615280.0,-0.0,0.0,0.0,0.0,0.0,63,2.3088396621844998e+20,0.0,0.0,0.0,0.0,0.0,0.0,0.0,0.0,0,0,0,0.0,0.0,0.0,0.0,0.0,0.0,0.0,0.0,0.0,0.0,0.0,0.0,0.0,0.0,0.0,0.0,0,-107875648.0,63,0.0,126,2.7184242562605685e+23,-0.0,ERR,ERR,ERR,ERR,ERR,ERR,ERR,ERR,ERR,ERR,ERR,ERR,ERR,ERR,ERR,ERR,ERR,ERR,ERR,ERR,ERR,ERR,ERR,ERR,ERR,ERR,ERR,ERR,ERR,ERR,ERR,ERR,ERR,ERR,ERR,ERR,ERR,ERR,ERR,ERR,ERR,ERR,ERR,ERR,ERR,ERR,ERR,ERR,ERR,ERR,ERR,ERR,ERR,ERR,ERR,ERR,ERR,ERR,ERR,ERR,ERR,ERR,ERR,ERR,ERR,ERR,ERR,34.0,80.0,35,0.0,0.0,0.0,0.0,0.0,0.0,0.0,0.0,0.0,0.0,0.0,0.0,0.0,0.0,0.0,0.0,64.8,0,116,56,50,65476,0,300,0,0,8,20529,65476,0,0,57672,80.0,0.0,0.0,0.0,0.0,0.0
2026-06-17T04:20:40,ERR,ERR,ERR,ERR,ERR,ERR,ERR,ERR,ERR,ERR,ERR,ERR,ERR,ERR,ERR,ERR,ERR,ERR,ERR,ERR,ERR,ERR,ERR,ERR,ERR,ERR,ERR,ERR,ERR,ERR,ERR,ERR,ERR,ERR,ERR,ERR,ERR,ERR,ERR,ERR,ERR,ERR,ERR,ERR,ERR,ERR,ERR,ERR,ERR,ERR,ERR,ERR,ERR,ERR,ERR,ERR,ERR,ERR,ERR,ERR,ERR,ERR,ERR,ERR,ERR,ERR,ERR,ERR,ERR,ERR,ERR,ERR,ERR,ERR,ERR,ERR,ERR,ERR,ERR,ERR,ERR,ERR,ERR,ERR,ERR,ERR,ERR,ERR,ERR,ERR,ERR,ERR,ERR,ERR,ERR,ERR,ERR,ERR,ERR,ERR,ERR,ERR,ERR,ERR,ERR,ERR,ERR,ERR,ERR,ERR,ERR,ERR,ERR,ERR,ERR,ERR,ERR,ERR,ERR,ERR,ERR,ERR,ERR,ERR,ERR,0.0,0.0,0.0,0.0,0.0,1.3936040501711995e+18,7.805,0.0,0,0,4,0,7300,-0.0,0,0.0,0.0,0.0,0.0,0.0,0,0,0,0,0.0,0,0,0,0,0,0,0,0,0,0,0,0,0,0,0,0,0,0,0,0,0,0,0,0,0,0,0,0,0,0,0,0,0,32,30,30,62,65476,0,300,0,0,8,21553,0.0,-107605600.0,0.0,0.0,0.0,0.0,0.0,0.0,0.0,0.0,0.0,0.0,0.0,0.0,0.0,0.0,0.0,0.0,0.0,0.0,0.0,0.0,2.004,2.004,-0.0,-2.004,0.0,0.0,0.0,0.0,5447.0,131350.656,6953.0,0.0,0.0,-107615280.0,-0.0,0.0,0.0,0.0,0.0,63,2.3088396621844998e+20,0.0,0.0,0.0,0.0,0.0,0.0,0.0,0.0,0,0,0,0.0,0.0,0.0,0.0,0.0,0.0,0.0,0.0,0.0,0.0,0.0,0.0,0.0,0.0,0.0,0.0,0,-107875648.0,63,0.0,126,2.7184242562605685e+23,-0.0,ERR,ERR,ERR,ERR,ERR,ERR,ERR,ERR,ERR,ERR,ERR,ERR,ERR,ERR,ERR,ERR,ERR,ERR,ERR,ERR,ERR,ERR,ERR,ERR,ERR,ERR,ERR,ERR,ERR,ERR,ERR,ERR,ERR,ERR,ERR,ERR,ERR,ERR,ERR,ERR,ERR,ERR,ERR,ERR,ERR,ERR,ERR,ERR,ERR,ERR,ERR,ERR,ERR,ERR,ERR,ERR,ERR,ERR,ERR,ERR,ERR,ERR,ERR,ERR,ERR,ERR,ERR,34.0,80.0,35,0.0,0.0,0.0,0.0,0.0,0.0,0.0,0.0,0.0,0.0,0.0,0.0,0.0,0.0,0.0,0.0,64.8,0,116,56,50,65476,0,300,0,0,8,20529,65476,0,0,57672,80.0,0.0,0.0,0.0,0.0,0.0
2026-06-17T04:20:41,ERR,ERR,ERR,ERR,ERR,ERR,ERR,ERR,ERR,ERR,ERR,ERR,ERR,ERR,ERR,ERR,ERR,ERR,ERR,ERR,ERR,ERR,ERR,ERR,ERR,ERR,ERR,ERR,ERR,ERR,ERR,ERR,ERR,ERR,ERR,ERR,ERR,ERR,ERR,ERR,ERR,ERR,ERR,ERR,ERR,ERR,ERR,ERR,ERR,ERR,ERR,ERR,ERR,ERR,ERR,ERR,ERR,ERR,ERR,ERR,ERR,ERR,ERR,ERR,ERR,ERR,ERR,ERR,ERR,ERR,ERR,ERR,ERR,ERR,ERR,ERR,ERR,ERR,ERR,ERR,ERR,ERR,ERR,ERR,ERR,ERR,ERR,ERR,ERR,ERR,ERR,ERR,ERR,ERR,ERR,ERR,ERR,ERR,ERR,ERR,ERR,ERR,ERR,ERR,ERR,ERR,ERR,ERR,ERR,ERR,ERR,ERR,ERR,ERR,ERR,ERR,ERR,ERR,ERR,ERR,ERR,ERR,ERR,ERR,ERR,0.0,0.0,0.0,0.0,0.0,1.3936040501711995e+18,7.805,0.0,0,0,4,0,7300,-0.0,0,0.0,0.0,0.0,0.0,0.0,0,0,0,0,0.0,0,0,0,0,0,0,0,0,0,0,0,0,0,0,0,0,0,0,0,0,0,0,0,0,0,0,0,0,0,0,0,0,0,32,30,30,62,65476,0,300,0,0,8,21553,0.0,-107605600.0,0.0,0.0,0.0,0.0,0.0,0.0,0.0,0.0,0.0,0.0,0.0,0.0,0.0,0.0,0.0,0.0,0.0,0.0,0.0,0.0,2.004,2.004,-0.0,-2.004,0.0,0.0,0.0,0.0,5447.0,131350.656,6953.0,0.0,0.0,-107615280.0,-0.0,0.0,0.0,0.0,0.0,63,2.3088396621844998e+20,0.0,0.0,0.0,0.0,0.0,0.0,0.0,0.0,0,0,0,0.0,0.0,0.0,0.0,0.0,0.0,0.0,0.0,0.0,0.0,0.0,0.0,0.0,0.0,0.0,0.0,0,-107875648.0,63,0.0,126,2.7184242562605685e+23,-0.0,ERR,ERR,ERR,ERR,ERR,ERR,ERR,ERR,ERR,ERR,ERR,ERR,ERR,ERR,ERR,ERR,ERR,ERR,ERR,ERR,ERR,ERR,ERR,ERR,ERR,ERR,ERR,ERR,ERR,ERR,ERR,ERR,ERR,ERR,ERR,ERR,ERR,ERR,ERR,ERR,ERR,ERR,ERR,ERR,ERR,ERR,ERR,ERR,ERR,ERR,ERR,ERR,ERR,ERR,ERR,ERR,ERR,ERR,ERR,ERR,ERR,ERR,ERR,ERR,ERR,ERR,ERR,34.0,80.0,35,0.0,0.0,0.0,0.0,0.0,0.0,0.0,0.0,0.0,0.0,0.0,0.0,0.0,0.0,0.0,0.0,64.4,0,116,56,50,65476,0,300,0,0,8,20529,65476,0,0,57672,80.0,0.0,0.0,0.0,0.0,0.0
2026-06-17T04:20:42,ERR,ERR,ERR,ERR,ERR,ERR,ERR,ERR,ERR,ERR,ERR,ERR,ERR,ERR,ERR,ERR,ERR,ERR,ERR,ERR,ERR,ERR,ERR,ERR,ERR,ERR,ERR,ERR,ERR,ERR,ERR,ERR,ERR,ERR,ERR,ERR,ERR,ERR,ERR,ERR,ERR,ERR,ERR,ERR,ERR,ERR,ERR,ERR,ERR,ERR,ERR,ERR,ERR,ERR,ERR,ERR,ERR,ERR,ERR,ERR,ERR,ERR,ERR,ERR,ERR,ERR,ERR,ERR,ERR,ERR,ERR,ERR,ERR,ERR,ERR,ERR,ERR,ERR,ERR,ERR,ERR,ERR,ERR,ERR,ERR,ERR,ERR,ERR,ERR,ERR,ERR,ERR,ERR,ERR,ERR,ERR,ERR,ERR,ERR,ERR,ERR,ERR,ERR,ERR,ERR,ERR,ERR,ERR,ERR,ERR,ERR,ERR,ERR,ERR,ERR,ERR,ERR,ERR,ERR,ERR,ERR,ERR,ERR,ERR,ERR,0.0,0.0,0.0,0.0,0.0,1.3936040501711995e+18,7.805,0.0,0,0,4,0,7300,-0.0,0,0.0,0.0,0.0,0.0,0.0,0,0,0,0,0.0,0,0,0,0,0,0,0,0,0,0,0,0,0,0,0,0,0,0,0,0,0,0,0,0,0,0,0,0,0,0,0,0,0,32,30,30,62,65476,0,300,0,0,8,21553,0.0,-107605600.0,0.0,0.0,0.0,0.0,0.0,0.0,0.0,0.0,0.0,0.0,0.0,0.0,0.0,0.0,0.0,0.0,0.0,0.0,0.0,0.0,2.004,2.004,-0.0,-2.004,0.0,0.0,0.0,0.0,5447.0,131350.656,6953.0,0.0,0.0,-107615280.0,-0.0,0.0,0.0,0.0,0.0,63,2.3088396621844998e+20,0.0,0.0,0.0,0.0,0.0,0.0,0.0,0.0,0,0,0,0.0,0.0,0.0,0.0,0.0,0.0,0.0,0.0,0.0,0.0,0.0,0.0,0.0,0.0,0.0,0.0,0,-107875648.0,63,0.0,126,2.7184242562605685e+23,-0.0,ERR,ERR,ERR,ERR,ERR,ERR,ERR,ERR,ERR,ERR,ERR,ERR,ERR,ERR,ERR,ERR,ERR,ERR,ERR,ERR,ERR,ERR,ERR,ERR,ERR,ERR,ERR,ERR,ERR,ERR,ERR,ERR,ERR,ERR,ERR,ERR,ERR,ERR,ERR,ERR,ERR,ERR,ERR,ERR,ERR,ERR,ERR,ERR,ERR,ERR,ERR,ERR,ERR,ERR,ERR,ERR,ERR,ERR,ERR,ERR,ERR,ERR,ERR,ERR,ERR,ERR,ERR,34.0,80.0,35,0.0,0.0,0.0,0.0,0.0,0.0,0.0,0.0,0.0,0.0,0.0,0.0,0.0,0.0,0.0,0.0,64.4,0,116,56,50,65476,0,300,0,0,8,20529,65476,0,0,57672,80.0,0.0,0.0,0.0,0.0,0.0
2026-06-17T04:20:43,ERR,ERR,ERR,ERR,ERR,ERR,ERR,ERR,ERR,ERR,ERR,ERR,ERR,ERR,ERR,ERR,ERR,ERR,ERR,ERR,ERR,ERR,ERR,ERR,ERR,ERR,ERR,ERR,ERR,ERR,ERR,ERR,ERR,ERR,ERR,ERR,ERR,ERR,ERR,ERR,ERR,ERR,ERR,ERR,ERR,ERR,ERR,ERR,ERR,ERR,ERR,ERR,ERR,ERR,ERR,ERR,ERR,ERR,ERR,ERR,ERR,ERR,ERR,ERR,ERR,ERR,ERR,ERR,ERR,ERR,ERR,ERR,ERR,ERR,ERR,ERR,ERR,ERR,ERR,ERR,ERR,ERR,ERR,ERR,ERR,ERR,ERR,ERR,ERR,ERR,ERR,ERR,ERR,ERR,ERR,ERR,ERR,ERR,ERR,ERR,ERR,ERR,ERR,ERR,ERR,ERR,ERR,ERR,ERR,ERR,ERR,ERR,ERR,ERR,ERR,ERR,ERR,ERR,ERR,ERR,ERR,ERR,ERR,ERR,ERR,0.0,0.0,0.0,0.0,0.0,1.3936040501711995e+18,7.805,0.0,0,0,4,0,7300,-0.0,0,0.0,0.0,0.0,0.0,0.0,0,0,0,0,0.0,0,0,0,0,0,0,0,0,0,0,0,0,0,0,0,0,0,0,0,0,0,0,0,0,0,0,0,0,0,0,0,0,0,32,30,30,62,65476,0,300,0,0,8,21553,0.0,-107605600.0,0.0,0.0,0.0,0.0,0.0,0.0,0.0,0.0,0.0,0.0,0.0,0.0,0.0,0.0,0.0,0.0,0.0,0.0,0.0,0.0,2.004,2.004,-0.0,-2.004,0.0,0.0,0.0,0.0,5447.0,131350.656,6953.0,0.0,0.0,-107615280.0,-0.0,0.0,0.0,0.0,0.0,63,2.3088396621844998e+20,0.0,0.0,0.0,0.0,0.0,0.0,0.0,0.0,0,0,0,0.0,0.0,0.0,0.0,0.0,0.0,0.0,0.0,0.0,0.0,0.0,0.0,0.0,0.0,0.0,0.0,0,-107875648.0,63,0.0,126,2.7184242562605685e+23,-0.0,ERR,ERR,ERR,ERR,ERR,ERR,ERR,ERR,ERR,ERR,ERR,ERR,ERR,ERR,ERR,ERR,ERR,ERR,ERR,ERR,ERR,ERR,ERR,ERR,ERR,ERR,ERR,ERR,ERR,ERR,ERR,ERR,ERR,ERR,ERR,ERR,ERR,ERR,ERR,ERR,ERR,ERR,ERR,ERR,ERR,ERR,ERR,ERR,ERR,ERR,ERR,ERR,ERR,ERR,ERR,ERR,ERR,ERR,ERR,ERR,ERR,ERR,ERR,ERR,ERR,ERR,ERR,34.0,80.0,35,0.0,0.0,0.0,0.0,0.0,0.0,0.0,0.0,0.0,0.0,0.0,0.0,0.0,0.0,0.0,0.0,64.4,0,116,56,50,65476,0,300,0,0,8,20529,65476,0,0,57672,80.0,0.0,0.0,0.0,0.0,0.0
2026-06-17T04:20:44,ERR,ERR,ERR,ERR,ERR,ERR,ERR,ERR,ERR,ERR,ERR,ERR,ERR,ERR,ERR,ERR,ERR,ERR,ERR,ERR,ERR,ERR,ERR,ERR,ERR,ERR,ERR,ERR,ERR,ERR,ERR,ERR,ERR,ERR,ERR,ERR,ERR,ERR,ERR,ERR,ERR,ERR,ERR,ERR,ERR,ERR,ERR,ERR,ERR,ERR,ERR,ERR,ERR,ERR,ERR,ERR,ERR,ERR,ERR,ERR,ERR,ERR,ERR,ERR,ERR,ERR,ERR,ERR,ERR,ERR,ERR,ERR,ERR,ERR,ERR,ERR,ERR,ERR,ERR,ERR,ERR,ERR,ERR,ERR,ERR,ERR,ERR,ERR,ERR,ERR,ERR,ERR,ERR,ERR,ERR,ERR,ERR,ERR,ERR,ERR,ERR,ERR,ERR,ERR,ERR,ERR,ERR,ERR,ERR,ERR,ERR,ERR,ERR,ERR,ERR,ERR,ERR,ERR,ERR,ERR,ERR,ERR,ERR,ERR,ERR,0.0,0.0,0.0,0.0,0.0,1.3936040501711995e+18,7.805,0.0,0,0,4,0,7300,-0.0,0,0.0,0.0,0.0,0.0,0.0,0,0,0,0,0.0,0,0,0,0,0,0,0,0,0,0,0,0,0,0,0,0,0,0,0,0,0,0,0,0,0,0,0,0,0,0,0,0,0,32,30,30,62,65476,0,300,0,0,8,21553,0.0,-107605600.0,0.0,0.0,0.0,0.0,0.0,0.0,0.0,0.0,0.0,0.0,0.0,0.0,0.0,0.0,0.0,0.0,0.0,0.0,0.0,0.0,2.004,2.004,-0.0,-2.004,0.0,0.0,0.0,0.0,5447.0,564146772901888.0,6953.0,0.0,0.0,-107615280.0,-0.0,0.0,0.0,0.0,0.0,63,2.3088396621844998e+20,-4.950408094504864e+32,0.0,0.0,0.0,0.0,0.0,0.0,0.0,0,0,0,0.0,0.0,0.0,0.0,0.0,0.0,0.0,0.0,0.0,0.0,0.0,0.0,0.0,0.0,0.0,0.0,0,-107875648.0,63,0.0,126,2.7184242562605685e+23,-0.0,ERR,ERR,ERR,ERR,ERR,ERR,ERR,ERR,ERR,ERR,ERR,ERR,ERR,ERR,ERR,ERR,ERR,ERR,ERR,ERR,ERR,ERR,ERR,ERR,ERR,ERR,ERR,ERR,ERR,ERR,ERR,ERR,ERR,ERR,ERR,ERR,ERR,ERR,ERR,ERR,ERR,ERR,ERR,ERR,ERR,ERR,ERR,ERR,ERR,ERR,ERR,ERR,ERR,ERR,ERR,ERR,ERR,ERR,ERR,ERR,ERR,ERR,ERR,ERR,ERR,ERR,ERR,34.0,80.0,35,0.0,0.0,0.0,0.0,0.0,0.0,0.0,0.0,0.0,0.0,0.0,0.0,0.0,0.0,0.0,0.0,64.4,0,116,56,50,65476,0,300,0,0,8,20529,65476,0,0,57672,80.0,0.0,0.0,0.0,0.0,0.0
2026-06-17T04:20:45,ERR,ERR,ERR,ERR,ERR,ERR,ERR,ERR,ERR,ERR,ERR,ERR,ERR,ERR,ERR,ERR,ERR,ERR,ERR,ERR,ERR,ERR,ERR,ERR,ERR,ERR,ERR,ERR,ERR,ERR,ERR,ERR,ERR,ERR,ERR,ERR,ERR,ERR,ERR,ERR,ERR,ERR,ERR,ERR,ERR,ERR,ERR,ERR,ERR,ERR,ERR,ERR,ERR,ERR,ERR,ERR,ERR,ERR,ERR,ERR,ERR,ERR,ERR,ERR,ERR,ERR,ERR,ERR,ERR,ERR,ERR,ERR,ERR,ERR,ERR,ERR,ERR,ERR,ERR,ERR,ERR,ERR,ERR,ERR,ERR,ERR,ERR,ERR,ERR,ERR,ERR,ERR,ERR,ERR,ERR,ERR,ERR,ERR,ERR,ERR,ERR,ERR,ERR,ERR,ERR,ERR,ERR,ERR,ERR,ERR,ERR,ERR,ERR,ERR,ERR,ERR,ERR,ERR,ERR,ERR,ERR,ERR,ERR,ERR,ERR,0.0,0.0,0.0,0.0,0.0,1.3936040501711995e+18,7.805,0.0,0,0,4,0,7300,-0.0,0,0.0,0.0,0.0,0.0,0.0,0,0,0,0,0.0,0,0,0,0,0,0,0,0,0,0,0,0,0,0,0,0,0,0,0,0,0,0,0,0,0,0,0,0,0,0,0,0,0,32,30,30,62,65476,0,300,0,0,8,21553,0.0,-107605600.0,0.0,0.0,0.0,0.0,0.0,0.0,0.0,0.0,0.0,0.0,0.0,0.0,0.0,0.0,0.0,0.0,0.0,0.0,0.0,0.0,2.004,2.004,-0.0,-2.004,0.0,0.0,0.0,0.0,5447.0,564146772901888.0,6953.0,0.0,0.0,-107615280.0,-0.0,0.0,0.0,0.0,0.0,63,2.3088396621844998e+20,-4.950408094504864e+32,0.0,0.0,0.0,0.0,0.0,0.0,0.0,0,0,0,0.0,0.0,0.0,0.0,0.0,0.0,0.0,0.0,0.0,0.0,0.0,0.0,0.0,0.0,0.0,0.0,0,-107875648.0,63,0.0,126,2.7184242562605685e+23,-0.0,ERR,ERR,ERR,ERR,ERR,ERR,ERR,ERR,ERR,ERR,ERR,ERR,ERR,ERR,ERR,ERR,ERR,ERR,ERR,ERR,ERR,ERR,ERR,ERR,ERR,ERR,ERR,ERR,ERR,ERR,ERR,ERR,ERR,ERR,ERR,ERR,ERR,ERR,ERR,ERR,ERR,ERR,ERR,ERR,ERR,ERR,ERR,ERR,ERR,ERR,ERR,ERR,ERR,ERR,ERR,ERR,ERR,ERR,ERR,ERR,ERR,ERR,ERR,ERR,ERR,ERR,ERR,34.0,80.0,35,0.0,0.0,0.0,0.0,0.0,0.0,0.0,0.0,0.0,0.0,0.0,0.0,0.0,0.0,0.0,0.0,64.4,0,116,56,50,65476,0,300,0,0,8,20529,65476,0,0,57672,80.0,0.0,0.0,0.0,0.0,0.0
2026-06-17T04:20:46,ERR,ERR,ERR,ERR,ERR,ERR,ERR,ERR,ERR,ERR,ERR,ERR,ERR,ERR,ERR,ERR,ERR,ERR,ERR,ERR,ERR,ERR,ERR,ERR,ERR,ERR,ERR,ERR,ERR,ERR,ERR,ERR,ERR,ERR,ERR,ERR,ERR,ERR,ERR,ERR,ERR,ERR,ERR,ERR,ERR,ERR,ERR,ERR,ERR,ERR,ERR,ERR,ERR,ERR,ERR,ERR,ERR,ERR,ERR,ERR,ERR,ERR,ERR,ERR,ERR,ERR,ERR,ERR,ERR,ERR,ERR,ERR,ERR,ERR,ERR,ERR,ERR,ERR,ERR,ERR,ERR,ERR,ERR,ERR,ERR,ERR,ERR,ERR,ERR,ERR,ERR,ERR,ERR,ERR,ERR,ERR,ERR,ERR,ERR,ERR,ERR,ERR,ERR,ERR,ERR,ERR,ERR,ERR,ERR,ERR,ERR,ERR,ERR,ERR,ERR,ERR,ERR,ERR,ERR,ERR,ERR,ERR,ERR,ERR,ERR,0.0,0.0,0.0,0.0,0.0,1.3936040501711995e+18,7.805,0.0,0,0,4,0,7300,-0.0,0,0.0,0.0,0.0,0.0,0.0,0,0,0,0,0.0,0,0,0,0,0,0,0,0,0,0,0,0,0,0,0,0,0,0,0,0,0,0,0,0,0,0,0,0,0,0,0,0,0,32,30,30,62,65476,0,300,0,0,8,21553,0.0,-107605600.0,0.0,0.0,0.0,0.0,0.0,0.0,0.0,0.0,0.0,0.0,0.0,0.0,0.0,0.0,0.0,0.0,0.0,0.0,0.0,0.0,2.004,2.004,-0.0,-2.004,0.0,0.0,0.0,0.0,5447.0,564146772901888.0,6953.0,0.0,0.0,-107615280.0,-0.0,0.0,0.0,0.0,0.0,63,2.3088396621844998e+20,-4.950408094504864e+32,0.0,0.0,0.0,0.0,0.0,0.0,0.0,0,0,0,0.0,0.0,0.0,0.0,0.0,0.0,0.0,0.0,0.0,0.0,0.0,0.0,0.0,0.0,0.0,0.0,0,-107875648.0,63,0.0,126,2.7184242562605685e+23,-0.0,ERR,ERR,ERR,ERR,ERR,ERR,ERR,ERR,ERR,ERR,ERR,ERR,ERR,ERR,ERR,ERR,ERR,ERR,ERR,ERR,ERR,ERR,ERR,ERR,ERR,ERR,ERR,ERR,ERR,ERR,ERR,ERR,ERR,ERR,ERR,ERR,ERR,ERR,ERR,ERR,ERR,ERR,ERR,ERR,ERR,ERR,ERR,ERR,ERR,ERR,ERR,ERR,ERR,ERR,ERR,ERR,ERR,ERR,ERR,ERR,ERR,ERR,ERR,ERR,ERR,ERR,ERR,34.0,80.0,35,0.0,0.0,0.0,0.0,0.0,0.0,0.0,0.0,0.0,0.0,0.0,0.0,0.0,0.0,0.0,0.0,64.4,0,116,56,50,65476,0,300,0,0,8,20529,65476,0,0,57672,80.0,0.0,0.0,0.0,0.0,0.0
2026-06-17T04:20:47,ERR,ERR,ERR,ERR,ERR,ERR,ERR,ERR,ERR,ERR,ERR,ERR,ERR,ERR,ERR,ERR,ERR,ERR,ERR,ERR,ERR,ERR,ERR,ERR,ERR,ERR,ERR,ERR,ERR,ERR,ERR,ERR,ERR,ERR,ERR,ERR,ERR,ERR,ERR,ERR,ERR,ERR,ERR,ERR,ERR,ERR,ERR,ERR,ERR,ERR,ERR,ERR,ERR,ERR,ERR,ERR,ERR,ERR,ERR,ERR,ERR,ERR,ERR,ERR,ERR,ERR,ERR,ERR,ERR,ERR,ERR,ERR,ERR,ERR,ERR,ERR,ERR,ERR,ERR,ERR,ERR,ERR,ERR,ERR,ERR,ERR,ERR,ERR,ERR,ERR,ERR,ERR,ERR,ERR,ERR,ERR,ERR,ERR,ERR,ERR,ERR,ERR,ERR,ERR,ERR,ERR,ERR,ERR,ERR,ERR,ERR,ERR,ERR,ERR,ERR,ERR,ERR,ERR,ERR,ERR,ERR,ERR,ERR,ERR,ERR,0.0,0.0,0.0,0.0,0.0,1.3936040501711995e+18,7.805,0.0,0,0,4,0,7300,-0.0,0,0.0,0.0,0.0,0.0,0.0,0,0,0,0,0.0,0,0,0,0,0,0,0,0,0,0,0,0,0,0,0,0,0,0,0,0,0,0,0,0,0,0,0,0,0,0,0,0,0,32,30,30,62,65476,0,300,0,0,8,21553,0.0,-107605600.0,0.0,0.0,0.0,0.0,0.0,0.0,0.0,0.0,0.0,0.0,0.0,0.0,0.0,0.0,0.0,0.0,0.0,0.0,0.0,0.0,2.004,2.004,-0.0,-2.004,0.0,0.0,0.0,0.0,5447.0,564146772901888.0,6953.0,0.0,0.0,-107615280.0,-0.0,0.0,0.0,0.0,0.0,63,2.3088396621844998e+20,-4.950408094504864e+32,0.0,0.0,0.0,0.0,0.0,0.0,0.0,0,0,0,0.0,0.0,0.0,0.0,0.0,0.0,0.0,0.0,0.0,0.0,0.0,0.0,0.0,0.0,0.0,0.0,0,-107875648.0,63,0.0,126,2.7184242562605685e+23,-0.0,ERR,ERR,ERR,ERR,ERR,ERR,ERR,ERR,ERR,ERR,ERR,ERR,ERR,ERR,ERR,ERR,ERR,ERR,ERR,ERR,ERR,ERR,ERR,ERR,ERR,ERR,ERR,ERR,ERR,ERR,ERR,ERR,ERR,ERR,ERR,ERR,ERR,ERR,ERR,ERR,ERR,ERR,ERR,ERR,ERR,ERR,ERR,ERR,ERR,ERR,ERR,ERR,ERR,ERR,ERR,ERR,ERR,ERR,ERR,ERR,ERR,ERR,ERR,ERR,ERR,ERR,ERR,34.0,80.0,35,0.0,0.0,0.0,0.0,0.0,0.0,0.0,0.0,0.0,0.0,0.0,0.0,0.0,0.0,0.0,0.0,64.4,0,116,56,50,65476,0,300,0,0,8,20529,65476,0,0,57672,80.0,0.0,0.0,0.0,0.0,0.0
2026-06-17T04:20:48,ERR,ERR,ERR,ERR,ERR,ERR,ERR,ERR,ERR,ERR,ERR,ERR,ERR,ERR,ERR,ERR,ERR,ERR,ERR,ERR,ERR,ERR,ERR,ERR,ERR,ERR,ERR,ERR,ERR,ERR,ERR,ERR,ERR,ERR,ERR,ERR,ERR,ERR,ERR,ERR,ERR,ERR,ERR,ERR,ERR,ERR,ERR,ERR,ERR,ERR,ERR,ERR,ERR,ERR,ERR,ERR,ERR,ERR,ERR,ERR,ERR,ERR,ERR,ERR,ERR,ERR,ERR,ERR,ERR,ERR,ERR,ERR,ERR,ERR,ERR,ERR,ERR,ERR,ERR,ERR,ERR,ERR,ERR,ERR,ERR,ERR,ERR,ERR,ERR,ERR,ERR,ERR,ERR,ERR,ERR,ERR,ERR,ERR,ERR,ERR,ERR,ERR,ERR,ERR,ERR,ERR,ERR,ERR,ERR,ERR,ERR,ERR,ERR,ERR,ERR,ERR,ERR,ERR,ERR,ERR,ERR,ERR,ERR,ERR,ERR,0.0,0.0,0.0,0.0,0.0,1.3936040501711995e+18,7.805,0.0,0,0,4,0,7300,-0.0,0,0.0,0.0,0.0,0.0,0.0,0,0,0,0,0.0,0,0,0,0,0,0,0,0,0,0,0,0,0,0,0,0,0,0,0,0,0,0,0,0,0,0,0,0,0,0,0,0,0,32,30,30,62,65476,0,300,0,0,8,21553,0.0,-107605600.0,0.0,0.0,0.0,0.0,0.0,0.0,0.0,0.0,0.0,0.0,0.0,0.0,0.0,0.0,0.0,0.0,0.0,0.0,0.0,0.0,2.004,2.004,-0.0,-2.004,0.0,0.0,0.0,0.0,5447.0,564146772901888.0,6953.0,0.0,0.0,-107615280.0,-0.0,0.0,0.0,0.0,0.0,63,2.3088396621844998e+20,-4.950408094504864e+32,0.0,0.0,0.0,0.0,0.0,0.0,0.0,0,0,0,0.0,0.0,0.0,0.0,0.0,0.0,0.0,0.0,0.0,0.0,0.0,0.0,0.0,0.0,0.0,0.0,0,-107875648.0,63,0.0,126,2.7184242562605685e+23,-0.0,ERR,ERR,ERR,ERR,ERR,ERR,ERR,ERR,ERR,ERR,ERR,ERR,ERR,ERR,ERR,ERR,ERR,ERR,ERR,ERR,ERR,ERR,ERR,ERR,ERR,ERR,ERR,ERR,ERR,ERR,ERR,ERR,ERR,ERR,ERR,ERR,ERR,ERR,ERR,ERR,ERR,ERR,ERR,ERR,ERR,ERR,ERR,ERR,ERR,ERR,ERR,ERR,ERR,ERR,ERR,ERR,ERR,ERR,ERR,ERR,ERR,ERR,ERR,ERR,ERR,ERR,ERR,34.0,80.0,35,0.0,0.0,0.0,0.0,0.0,0.0,0.0,0.0,0.0,0.0,0.0,0.0,0.0,0.0,0.0,0.0,64.4,0,116,56,50,65476,0,300,0,0,8,20529,65476,0,0,57672,80.0,0.0,0.0,0.0,0.0,0.0
2026-06-17T04:20:49,ERR,ERR,ERR,ERR,ERR,ERR,ERR,ERR,ERR,ERR,ERR,ERR,ERR,ERR,ERR,ERR,ERR,ERR,ERR,ERR,ERR,ERR,ERR,ERR,ERR,ERR,ERR,ERR,ERR,ERR,ERR,ERR,ERR,ERR,ERR,ERR,ERR,ERR,ERR,ERR,ERR,ERR,ERR,ERR,ERR,ERR,ERR,ERR,ERR,ERR,ERR,ERR,ERR,ERR,ERR,ERR,ERR,ERR,ERR,ERR,ERR,ERR,ERR,ERR,ERR,ERR,ERR,ERR,ERR,ERR,ERR,ERR,ERR,ERR,ERR,ERR,ERR,ERR,ERR,ERR,ERR,ERR,ERR,ERR,ERR,ERR,ERR,ERR,ERR,ERR,ERR,ERR,ERR,ERR,ERR,ERR,ERR,ERR,ERR,ERR,ERR,ERR,ERR,ERR,ERR,ERR,ERR,ERR,ERR,ERR,ERR,ERR,ERR,ERR,ERR,ERR,ERR,ERR,ERR,ERR,ERR,ERR,ERR,ERR,ERR,0.0,0.0,0.0,0.0,0.0,1.3936040501711995e+18,7.805,0.0,0,0,4,0,7300,-0.0,0,0.0,0.0,0.0,0.0,0.0,0,0,0,0,0.0,0,0,0,0,0,0,0,0,0,0,0,0,0,0,0,0,0,0,0,0,0,0,0,0,0,0,0,0,0,0,0,0,0,32,30,30,62,65476,0,300,0,0,8,21553,0.0,-107605600.0,0.0,0.0,0.0,0.0,0.0,0.0,0.0,0.0,0.0,0.0,0.0,0.0,0.0,0.0,0.0,0.0,0.0,0.0,0.0,0.0,2.004,2.004,-0.0,-2.004,0.0,0.0,0.0,0.0,5447.0,0.0,6951.0,0.0,0.0,-107615280.0,-0.0,0.0,0.0,0.0,0.0,63,2.3088396621844998e+20,-2.308831042013338e+20,0.0,0.0,0.0,0.0,0.0,0.0,0.0,0,0,0,0.0,0.0,0.0,0.0,0.0,0.0,0.0,0.0,0.0,0.0,0.0,0.0,0.0,0.0,0.0,0.0,0,-107875648.0,63,0.0,126,2.7184242562605685e+23,-0.0,ERR,ERR,ERR,ERR,ERR,ERR,ERR,ERR,ERR,ERR,ERR,ERR,ERR,ERR,ERR,ERR,ERR,ERR,ERR,ERR,ERR,ERR,ERR,ERR,ERR,ERR,ERR,ERR,ERR,ERR,ERR,ERR,ERR,ERR,ERR,ERR,ERR,ERR,ERR,ERR,ERR,ERR,ERR,ERR,ERR,ERR,ERR,ERR,ERR,ERR,ERR,ERR,ERR,ERR,ERR,ERR,ERR,ERR,ERR,ERR,ERR,ERR,ERR,ERR,ERR,ERR,ERR,34.0,80.0,35,0.0,0.0,0.0,0.0,0.0,0.0,0.0,0.0,0.0,0.0,0.0,0.0,0.0,0.0,0.0,0.0,64.4,0,116,56,50,65476,0,300,0,0,8,20529,65476,0,0,57672,80.0,0.0,0.0,0.0,0.0,0.0
2026-06-17T04:20:50,ERR,ERR,ERR,ERR,ERR,ERR,ERR,ERR,ERR,ERR,ERR,ERR,ERR,ERR,ERR,ERR,ERR,ERR,ERR,ERR,ERR,ERR,ERR,ERR,ERR,ERR,ERR,ERR,ERR,ERR,ERR,ERR,ERR,ERR,ERR,ERR,ERR,ERR,ERR,ERR,ERR,ERR,ERR,ERR,ERR,ERR,ERR,ERR,ERR,ERR,ERR,ERR,ERR,ERR,ERR,ERR,ERR,ERR,ERR,ERR,ERR,ERR,ERR,ERR,ERR,ERR,ERR,ERR,ERR,ERR,ERR,ERR,ERR,ERR,ERR,ERR,ERR,ERR,ERR,ERR,ERR,ERR,ERR,ERR,ERR,ERR,ERR,ERR,ERR,ERR,ERR,ERR,ERR,ERR,ERR,ERR,ERR,ERR,ERR,ERR,ERR,ERR,ERR,ERR,ERR,ERR,ERR,ERR,ERR,ERR,ERR,ERR,ERR,ERR,ERR,ERR,ERR,ERR,ERR,ERR,ERR,ERR,ERR,ERR,ERR,0.0,0.0,0.0,0.0,0.0,1.3936040501711995e+18,7.805,0.0,0,0,4,0,7300,-0.0,0,0.0,0.0,0.0,0.0,0.0,0,0,0,0,0.0,0,0,0,0,0,0,0,0,0,0,0,0,0,0,0,0,0,0,0,0,0,0,0,0,0,0,0,0,0,0,0,0,0,32,30,30,62,65476,0,300,0,0,8,21553,0.0,-107605600.0,0.0,0.0,0.0,0.0,0.0,0.0,0.0,0.0,0.0,0.0,0.0,0.0,0.0,0.0,0.0,0.0,0.0,0.0,0.0,0.0,2.004,2.004,-0.0,-2.004,0.0,0.0,0.0,0.0,5447.0,0.0,6951.0,0.0,0.0,-107615280.0,-0.0,0.0,0.0,0.0,0.0,63,2.3088396621844998e+20,-2.308831042013338e+20,0.0,0.0,0.0,0.0,0.0,0.0,0.0,0,0,0,0.0,0.0,0.0,0.0,0.0,0.0,0.0,0.0,0.0,0.0,0.0,0.0,0.0,0.0,0.0,0.0,0,-107875648.0,63,0.0,126,2.7184242562605685e+23,-0.0,ERR,ERR,ERR,ERR,ERR,ERR,ERR,ERR,ERR,ERR,ERR,ERR,ERR,ERR,ERR,ERR,ERR,ERR,ERR,ERR,ERR,ERR,ERR,ERR,ERR,ERR,ERR,ERR,ERR,ERR,ERR,ERR,ERR,ERR,ERR,ERR,ERR,ERR,ERR,ERR,ERR,ERR,ERR,ERR,ERR,ERR,ERR,ERR,ERR,ERR,ERR,ERR,ERR,ERR,ERR,ERR,ERR,ERR,ERR,ERR,ERR,ERR,ERR,ERR,ERR,ERR,ERR,34.0,80.0,35,0.0,0.0,0.0,0.0,0.0,0.0,0.0,0.0,0.0,0.0,0.0,0.0,0.0,0.0,0.0,0.0,64.8,0,116,56,50,65476,0,300,0,0,8,20529,65476,0,0,57672,80.0,0.0,0.0,0.0,0.0,0.0
2026-06-17T04:20:51,ERR,ERR,ERR,ERR,ERR,ERR,ERR,ERR,ERR,ERR,ERR,ERR,ERR,ERR,ERR,ERR,ERR,ERR,ERR,ERR,ERR,ERR,ERR,ERR,ERR,ERR,ERR,ERR,ERR,ERR,ERR,ERR,ERR,ERR,ERR,ERR,ERR,ERR,ERR,ERR,ERR,ERR,ERR,ERR,ERR,ERR,ERR,ERR,ERR,ERR,ERR,ERR,ERR,ERR,ERR,ERR,ERR,ERR,ERR,ERR,ERR,ERR,ERR,ERR,ERR,ERR,ERR,ERR,ERR,ERR,ERR,ERR,ERR,ERR,ERR,ERR,ERR,ERR,ERR,ERR,ERR,ERR,ERR,ERR,ERR,ERR,ERR,ERR,ERR,ERR,ERR,ERR,ERR,ERR,ERR,ERR,ERR,ERR,ERR,ERR,ERR,ERR,ERR,ERR,ERR,ERR,ERR,ERR,ERR,ERR,ERR,ERR,ERR,ERR,ERR,ERR,ERR,ERR,ERR,ERR,ERR,ERR,ERR,ERR,ERR,0.0,0.0,0.0,0.0,0.0,1.3936040501711995e+18,7.805,0.0,0,0,4,0,7300,-0.0,0,0.0,0.0,0.0,0.0,0.0,0,0,0,0,0.0,0,0,0,0,0,0,0,0,0,0,0,0,0,0,0,0,0,0,0,0,0,0,0,0,0,0,0,0,0,0,0,0,0,32,30,30,62,65476,0,300,0,0,8,21553,0.0,-107605600.0,0.0,0.0,0.0,0.0,0.0,0.0,0.0,0.0,0.0,0.0,0.0,0.0,0.0,0.0,0.0,0.0,0.0,0.0,0.0,0.0,2.004,2.004,-0.0,-2.004,0.0,0.0,0.0,0.0,5447.0,0.0,6951.0,0.0,0.0,-107615280.0,-0.0,0.0,0.0,0.0,0.0,63,2.3088396621844998e+20,-2.308831042013338e+20,0.0,0.0,0.0,0.0,0.0,0.0,0.0,0,0,0,0.0,0.0,0.0,0.0,0.0,0.0,0.0,0.0,0.0,0.0,0.0,0.0,0.0,0.0,0.0,0.0,0,-107875648.0,63,0.0,126,2.7184242562605685e+23,-0.0,ERR,ERR,ERR,ERR,ERR,ERR,ERR,ERR,ERR,ERR,ERR,ERR,ERR,ERR,ERR,ERR,ERR,ERR,ERR,ERR,ERR,ERR,ERR,ERR,ERR,ERR,ERR,ERR,ERR,ERR,ERR,ERR,ERR,ERR,ERR,ERR,ERR,ERR,ERR,ERR,ERR,ERR,ERR,ERR,ERR,ERR,ERR,ERR,ERR,ERR,ERR,ERR,ERR,ERR,ERR,ERR,ERR,ERR,ERR,ERR,ERR,ERR,ERR,ERR,ERR,ERR,ERR,34.0,80.0,35,0.0,0.0,0.0,0.0,0.0,0.0,0.0,0.0,0.0,0.0,0.0,0.0,0.0,0.0,0.0,0.0,64.8,0,116,56,50,65476,0,300,0,0,8,20529,65476,0,0,57672,80.0,0.0,0.0,0.0,0.0,0.0
2026-06-17T04:20:52,ERR,ERR,ERR,ERR,ERR,ERR,ERR,ERR,ERR,ERR,ERR,ERR,ERR,ERR,ERR,ERR,ERR,ERR,ERR,ERR,ERR,ERR,ERR,ERR,ERR,ERR,ERR,ERR,ERR,ERR,ERR,ERR,ERR,ERR,ERR,ERR,ERR,ERR,ERR,ERR,ERR,ERR,ERR,ERR,ERR,ERR,ERR,ERR,ERR,ERR,ERR,ERR,ERR,ERR,ERR,ERR,ERR,ERR,ERR,ERR,ERR,ERR,ERR,ERR,ERR,ERR,ERR,ERR,ERR,ERR,ERR,ERR,ERR,ERR,ERR,ERR,ERR,ERR,ERR,ERR,ERR,ERR,ERR,ERR,ERR,ERR,ERR,ERR,ERR,ERR,ERR,ERR,ERR,ERR,ERR,ERR,ERR,ERR,ERR,ERR,ERR,ERR,ERR,ERR,ERR,ERR,ERR,ERR,ERR,ERR,ERR,ERR,ERR,ERR,ERR,ERR,ERR,ERR,ERR,ERR,ERR,ERR,ERR,ERR,ERR,0.0,0.0,0.0,0.0,0.0,1.3936040501711995e+18,7.805,0.0,0,0,4,0,7300,-0.0,0,0.0,0.0,0.0,0.0,0.0,0,0,0,0,0.0,0,0,0,0,0,0,0,0,0,0,0,0,0,0,0,0,0,0,0,0,0,0,0,0,0,0,0,0,0,0,0,0,0,32,30,30,62,65476,0,300,0,0,8,21553,0.0,-107605600.0,0.0,0.0,0.0,0.0,0.0,0.0,0.0,0.0,0.0,0.0,0.0,0.0,0.0,0.0,0.0,0.0,0.0,0.0,0.0,0.0,2.004,2.004,-0.0,-2.004,0.0,0.0,0.0,0.0,5447.0,0.0,6951.0,0.0,0.0,-107615280.0,-0.0,0.0,0.0,0.0,0.0,63,2.3088396621844998e+20,-2.308831042013338e+20,0.0,0.0,0.0,0.0,0.0,0.0,0.0,0,0,0,0.0,0.0,0.0,0.0,0.0,0.0,0.0,0.0,0.0,0.0,0.0,0.0,0.0,0.0,0.0,0.0,0,-107875648.0,63,0.0,126,2.7184242562605685e+23,-0.0,ERR,ERR,ERR,ERR,ERR,ERR,ERR,ERR,ERR,ERR,ERR,ERR,ERR,ERR,ERR,ERR,ERR,ERR,ERR,ERR,ERR,ERR,ERR,ERR,ERR,ERR,ERR,ERR,ERR,ERR,ERR,ERR,ERR,ERR,ERR,ERR,ERR,ERR,ERR,ERR,ERR,ERR,ERR,ERR,ERR,ERR,ERR,ERR,ERR,ERR,ERR,ERR,ERR,ERR,ERR,ERR,ERR,ERR,ERR,ERR,ERR,ERR,ERR,ERR,ERR,ERR,ERR,34.0,80.0,35,0.0,0.0,0.0,0.0,0.0,0.0,0.0,0.0,0.0,0.0,0.0,0.0,0.0,0.0,0.0,0.0,64.4,0,116,56,50,65476,0,300,0,0,8,20529,65476,0,0,57672,80.0,0.0,0.0,0.0,0.0,0.0
2026-06-17T04:20:53,ERR,ERR,ERR,ERR,ERR,ERR,ERR,ERR,ERR,ERR,ERR,ERR,ERR,ERR,ERR,ERR,ERR,ERR,ERR,ERR,ERR,ERR,ERR,ERR,ERR,ERR,ERR,ERR,ERR,ERR,ERR,ERR,ERR,ERR,ERR,ERR,ERR,ERR,ERR,ERR,ERR,ERR,ERR,ERR,ERR,ERR,ERR,ERR,ERR,ERR,ERR,ERR,ERR,ERR,ERR,ERR,ERR,ERR,ERR,ERR,ERR,ERR,ERR,ERR,ERR,ERR,ERR,ERR,ERR,ERR,ERR,ERR,ERR,ERR,ERR,ERR,ERR,ERR,ERR,ERR,ERR,ERR,ERR,ERR,ERR,ERR,ERR,ERR,ERR,ERR,ERR,ERR,ERR,ERR,ERR,ERR,ERR,ERR,ERR,ERR,ERR,ERR,ERR,ERR,ERR,ERR,ERR,ERR,ERR,ERR,ERR,ERR,ERR,ERR,ERR,ERR,ERR,ERR,ERR,ERR,ERR,ERR,ERR,ERR,ERR,0.0,0.0,0.0,0.0,0.0,1.3936040501711995e+18,7.805,0.0,0,0,4,0,7300,-0.0,0,0.0,0.0,0.0,0.0,0.0,0,0,0,0,0.0,0,0,0,0,0,0,0,0,0,0,0,0,0,0,0,0,0,0,0,0,0,0,0,0,0,0,0,0,0,0,0,0,0,32,30,30,62,65476,0,300,0,0,8,21553,0.0,-107605600.0,0.0,0.0,0.0,0.0,0.0,0.0,0.0,0.0,0.0,0.0,0.0,0.0,0.0,0.0,0.0,0.0,0.0,0.0,0.0,0.0,2.004,2.004,-0.0,-2.004,0.0,0.0,0.0,0.0,5447.0,0.0,6951.0,0.0,0.0,-107615280.0,-0.0,0.0,0.0,0.0,0.0,63,2.3088396621844998e+20,-2.308831042013338e+20,0.0,0.0,0.0,0.0,0.0,0.0,0.0,0,0,0,0.0,0.0,0.0,0.0,0.0,0.0,0.0,0.0,0.0,0.0,0.0,0.0,0.0,0.0,0.0,0.0,0,-107875648.0,63,0.0,126,2.7184242562605685e+23,-0.0,ERR,ERR,ERR,ERR,ERR,ERR,ERR,ERR,ERR,ERR,ERR,ERR,ERR,ERR,ERR,ERR,ERR,ERR,ERR,ERR,ERR,ERR,ERR,ERR,ERR,ERR,ERR,ERR,ERR,ERR,ERR,ERR,ERR,ERR,ERR,ERR,ERR,ERR,ERR,ERR,ERR,ERR,ERR,ERR,ERR,ERR,ERR,ERR,ERR,ERR,ERR,ERR,ERR,ERR,ERR,ERR,ERR,ERR,ERR,ERR,ERR,ERR,ERR,ERR,ERR,ERR,ERR,34.0,80.0,35,0.0,0.0,0.0,0.0,0.0,0.0,0.0,0.0,0.0,0.0,0.0,0.0,0.0,0.0,0.0,0.0,64.4,0,116,56,50,65476,0,300,0,0,8,20529,65476,0,0,57672,80.0,0.0,0.0,0.0,0.0,0.0
2026-06-17T04:20:54,ERR,ERR,ERR,ERR,ERR,ERR,ERR,ERR,ERR,ERR,ERR,ERR,ERR,ERR,ERR,ERR,ERR,ERR,ERR,ERR,ERR,ERR,ERR,ERR,ERR,ERR,ERR,ERR,ERR,ERR,ERR,ERR,ERR,ERR,ERR,ERR,ERR,ERR,ERR,ERR,ERR,ERR,ERR,ERR,ERR,ERR,ERR,ERR,ERR,ERR,ERR,ERR,ERR,ERR,ERR,ERR,ERR,ERR,ERR,ERR,ERR,ERR,ERR,ERR,ERR,ERR,ERR,ERR,ERR,ERR,ERR,ERR,ERR,ERR,ERR,ERR,ERR,ERR,ERR,ERR,ERR,ERR,ERR,ERR,ERR,ERR,ERR,ERR,ERR,ERR,ERR,ERR,ERR,ERR,ERR,ERR,ERR,ERR,ERR,ERR,ERR,ERR,ERR,ERR,ERR,ERR,ERR,ERR,ERR,ERR,ERR,ERR,ERR,ERR,ERR,ERR,ERR,ERR,ERR,ERR,ERR,ERR,ERR,ERR,ERR,0.0,0.0,0.0,0.0,0.0,1.3936040501711995e+18,7.805,0.0,0,0,4,0,7300,-0.0,0,0.0,0.0,0.0,0.0,0.0,0,0,0,0,0.0,0,0,0,0,0,0,0,0,0,0,0,0,0,0,0,0,0,0,0,0,0,0,0,0,0,0,0,0,0,0,0,0,0,32,30,30,62,65476,0,300,0,0,8,21553,0.0,-107605600.0,0.0,0.0,0.0,0.0,0.0,0.0,0.0,0.0,0.0,0.0,0.0,0.0,0.0,0.0,0.0,0.0,0.0,0.0,0.0,0.0,2.004,2.004,-0.0,-2.004,0.0,0.0,0.0,0.0,5415.0,-3.697191851085162e+19,6972.0,0.0,0.0,-107615280.0,-0.0,0.0,0.0,0.0,0.0,63,2.3088396621844998e+20,1.905688843344937e+17,0.0,0.0,0.0,0.0,0.0,0.0,0.0,0,0,0,0.0,0.0,0.0,0.0,0.0,0.0,0.0,0.0,0.0,0.0,0.0,0.0,0.0,0.0,0.0,0.0,0,-107875648.0,63,0.0,126,2.7184242562605685e+23,-0.0,ERR,ERR,ERR,ERR,ERR,ERR,ERR,ERR,ERR,ERR,ERR,ERR,ERR,ERR,ERR,ERR,ERR,ERR,ERR,ERR,ERR,ERR,ERR,ERR,ERR,ERR,ERR,ERR,ERR,ERR,ERR,ERR,ERR,ERR,ERR,ERR,ERR,ERR,ERR,ERR,ERR,ERR,ERR,ERR,ERR,ERR,ERR,ERR,ERR,ERR,ERR,ERR,ERR,ERR,ERR,ERR,ERR,ERR,ERR,ERR,ERR,ERR,ERR,ERR,ERR,ERR,ERR,34.0,80.0,35,0.0,0.0,0.0,0.0,0.0,0.0,0.0,0.0,0.0,0.0,0.0,0.0,0.0,0.0,0.0,0.0,64.4,0,116,56,50,65476,0,300,0,0,8,20529,65476,0,0,57672,80.0,0.0,0.0,0.0,0.0,0.0
2026-06-17T04:20:55,ERR,ERR,ERR,ERR,ERR,ERR,ERR,ERR,ERR,ERR,ERR,ERR,ERR,ERR,ERR,ERR,ERR,ERR,ERR,ERR,ERR,ERR,ERR,ERR,ERR,ERR,ERR,ERR,ERR,ERR,ERR,ERR,ERR,ERR,ERR,ERR,ERR,ERR,ERR,ERR,ERR,ERR,ERR,ERR,ERR,ERR,ERR,ERR,ERR,ERR,ERR,ERR,ERR,ERR,ERR,ERR,ERR,ERR,ERR,ERR,ERR,ERR,ERR,ERR,ERR,ERR,ERR,ERR,ERR,ERR,ERR,ERR,ERR,ERR,ERR,ERR,ERR,ERR,ERR,ERR,ERR,ERR,ERR,ERR,ERR,ERR,ERR,ERR,ERR,ERR,ERR,ERR,ERR,ERR,ERR,ERR,ERR,ERR,ERR,ERR,ERR,ERR,ERR,ERR,ERR,ERR,ERR,ERR,ERR,ERR,ERR,ERR,ERR,ERR,ERR,ERR,ERR,ERR,ERR,ERR,ERR,ERR,ERR,ERR,ERR,0.0,0.0,0.0,0.0,0.0,1.3936040501711995e+18,7.805,0.0,0,0,4,0,7300,-0.0,0,0.0,0.0,0.0,0.0,0.0,0,0,0,0,0.0,0,0,0,0,0,0,0,0,0,0,0,0,0,0,0,0,0,0,0,0,0,0,0,0,0,0,0,0,0,0,0,0,0,32,30,30,62,65476,0,300,0,0,8,21553,0.0,-107605600.0,0.0,0.0,0.0,0.0,0.0,0.0,0.0,0.0,0.0,0.0,0.0,0.0,0.0,0.0,0.0,0.0,0.0,0.0,0.0,0.0,2.004,2.004,-0.0,-2.004,0.0,0.0,0.0,0.0,5415.0,-3.697191851085162e+19,6972.0,0.0,0.0,-107615280.0,-0.0,0.0,0.0,0.0,0.0,63,2.3088396621844998e+20,1.905688843344937e+17,0.0,0.0,0.0,0.0,0.0,0.0,0.0,0,0,0,0.0,0.0,0.0,0.0,0.0,0.0,0.0,0.0,0.0,0.0,0.0,0.0,0.0,0.0,0.0,0.0,0,-107875648.0,63,0.0,126,2.7184242562605685e+23,-0.0,ERR,ERR,ERR,ERR,ERR,ERR,ERR,ERR,ERR,ERR,ERR,ERR,ERR,ERR,ERR,ERR,ERR,ERR,ERR,ERR,ERR,ERR,ERR,ERR,ERR,ERR,ERR,ERR,ERR,ERR,ERR,ERR,ERR,ERR,ERR,ERR,ERR,ERR,ERR,ERR,ERR,ERR,ERR,ERR,ERR,ERR,ERR,ERR,ERR,ERR,ERR,ERR,ERR,ERR,ERR,ERR,ERR,ERR,ERR,ERR,ERR,ERR,ERR,ERR,ERR,ERR,ERR,34.0,80.0,35,0.0,0.0,0.0,0.0,0.0,0.0,0.0,0.0,0.0,0.0,0.0,0.0,0.0,0.0,0.0,0.0,64.4,0,116,56,50,65476,0,300,0,0,8,20529,65476,0,0,57672,80.0,0.0,0.0,0.0,0.0,0.0
2026-06-17T04:20:56,ERR,ERR,ERR,ERR,ERR,ERR,ERR,ERR,ERR,ERR,ERR,ERR,ERR,ERR,ERR,ERR,ERR,ERR,ERR,ERR,ERR,ERR,ERR,ERR,ERR,ERR,ERR,ERR,ERR,ERR,ERR,ERR,ERR,ERR,ERR,ERR,ERR,ERR,ERR,ERR,ERR,ERR,ERR,ERR,ERR,ERR,ERR,ERR,ERR,ERR,ERR,ERR,ERR,ERR,ERR,ERR,ERR,ERR,ERR,ERR,ERR,ERR,ERR,ERR,ERR,ERR,ERR,ERR,ERR,ERR,ERR,ERR,ERR,ERR,ERR,ERR,ERR,ERR,ERR,ERR,ERR,ERR,ERR,ERR,ERR,ERR,ERR,ERR,ERR,ERR,ERR,ERR,ERR,ERR,ERR,ERR,ERR,ERR,ERR,ERR,ERR,ERR,ERR,ERR,ERR,ERR,ERR,ERR,ERR,ERR,ERR,ERR,ERR,ERR,ERR,ERR,ERR,ERR,ERR,ERR,ERR,ERR,ERR,ERR,ERR,0.0,0.0,0.0,0.0,0.0,1.3936040501711995e+18,7.805,0.0,0,0,4,0,7300,-0.0,0,0.0,0.0,0.0,0.0,0.0,0,0,0,0,0.0,0,0,0,0,0,0,0,0,0,0,0,0,0,0,0,0,0,0,0,0,0,0,0,0,0,0,0,0,0,0,0,0,0,32,30,30,62,65476,0,300,0,0,8,21553,0.0,-107605600.0,0.0,0.0,0.0,0.0,0.0,0.0,0.0,0.0,0.0,0.0,0.0,0.0,0.0,0.0,0.0,0.0,0.0,0.0,0.0,0.0,2.004,2.004,-0.0,-2.004,0.0,0.0,0.0,0.0,5415.0,-3.697191851085162e+19,6972.0,0.0,0.0,-107615280.0,-0.0,0.0,0.0,0.0,0.0,63,2.3088396621844998e+20,1.905688843344937e+17,0.0,0.0,0.0,0.0,0.0,0.0,0.0,0,0,0,0.0,0.0,0.0,0.0,0.0,0.0,0.0,0.0,0.0,0.0,0.0,0.0,0.0,0.0,0.0,0.0,0,-107875648.0,63,0.0,126,2.7184242562605685e+23,-0.0,ERR,ERR,ERR,ERR,ERR,ERR,ERR,ERR,ERR,ERR,ERR,ERR,ERR,ERR,ERR,ERR,ERR,ERR,ERR,ERR,ERR,ERR,ERR,ERR,ERR,ERR,ERR,ERR,ERR,ERR,ERR,ERR,ERR,ERR,ERR,ERR,ERR,ERR,ERR,ERR,ERR,ERR,ERR,ERR,ERR,ERR,ERR,ERR,ERR,ERR,ERR,ERR,ERR,ERR,ERR,ERR,ERR,ERR,ERR,ERR,ERR,ERR,ERR,ERR,ERR,ERR,ERR,34.0,80.0,35,0.0,0.0,0.0,0.0,0.0,0.0,0.0,0.0,0.0,0.0,0.0,0.0,0.0,0.0,0.0,0.0,64.4,0,116,56,50,65476,0,300,0,0,8,20529,65476,0,0,57672,80.0,0.0,0.0,0.0,0.0,0.0
2026-06-17T04:20:57,ERR,ERR,ERR,ERR,ERR,ERR,ERR,ERR,ERR,ERR,ERR,ERR,ERR,ERR,ERR,ERR,ERR,ERR,ERR,ERR,ERR,ERR,ERR,ERR,ERR,ERR,ERR,ERR,ERR,ERR,ERR,ERR,ERR,ERR,ERR,ERR,ERR,ERR,ERR,ERR,ERR,ERR,ERR,ERR,ERR,ERR,ERR,ERR,ERR,ERR,ERR,ERR,ERR,ERR,ERR,ERR,ERR,ERR,ERR,ERR,ERR,ERR,ERR,ERR,ERR,ERR,ERR,ERR,ERR,ERR,ERR,ERR,ERR,ERR,ERR,ERR,ERR,ERR,ERR,ERR,ERR,ERR,ERR,ERR,ERR,ERR,ERR,ERR,ERR,ERR,ERR,ERR,ERR,ERR,ERR,ERR,ERR,ERR,ERR,ERR,ERR,ERR,ERR,ERR,ERR,ERR,ERR,ERR,ERR,ERR,ERR,ERR,ERR,ERR,ERR,ERR,ERR,ERR,ERR,ERR,ERR,ERR,ERR,ERR,ERR,0.0,0.0,0.0,0.0,0.0,1.3936040501711995e+18,7.805,0.0,0,0,4,0,7300,-0.0,0,0.0,0.0,0.0,0.0,0.0,0,0,0,0,0.0,0,0,0,0,0,0,0,0,0,0,0,0,0,0,0,0,0,0,0,0,0,0,0,0,0,0,0,0,0,0,0,0,0,32,30,30,62,65476,0,300,0,0,8,21553,0.0,-107605600.0,0.0,0.0,0.0,0.0,0.0,0.0,0.0,0.0,0.0,0.0,0.0,0.0,0.0,0.0,0.0,0.0,0.0,0.0,0.0,0.0,2.004,2.004,-0.0,-2.004,0.0,0.0,0.0,0.0,5415.0,-3.697191851085162e+19,6972.0,0.0,0.0,-107615280.0,-0.0,0.0,0.0,0.0,0.0,63,2.3088396621844998e+20,1.905688843344937e+17,0.0,0.0,0.0,0.0,0.0,0.0,0.0,0,0,0,0.0,0.0,0.0,0.0,0.0,0.0,0.0,0.0,0.0,0.0,0.0,0.0,0.0,0.0,0.0,0.0,0,-107875648.0,63,0.0,126,2.7184242562605685e+23,-0.0,ERR,ERR,ERR,ERR,ERR,ERR,ERR,ERR,ERR,ERR,ERR,ERR,ERR,ERR,ERR,ERR,ERR,ERR,ERR,ERR,ERR,ERR,ERR,ERR,ERR,ERR,ERR,ERR,ERR,ERR,ERR,ERR,ERR,ERR,ERR,ERR,ERR,ERR,ERR,ERR,ERR,ERR,ERR,ERR,ERR,ERR,ERR,ERR,ERR,ERR,ERR,ERR,ERR,ERR,ERR,ERR,ERR,ERR,ERR,ERR,ERR,ERR,ERR,ERR,ERR,ERR,ERR,34.0,80.0,35,0.0,0.0,0.0,0.0,0.0,0.0,0.0,0.0,0.0,0.0,0.0,0.0,0.0,0.0,0.0,0.0,64.4,0,116,56,50,65476,0,300,0,0,8,20529,65476,0,0,57672,80.0,0.0,0.0,0.0,0.0,0.0
2026-06-17T04:20:58,ERR,ERR,ERR,ERR,ERR,ERR,ERR,ERR,ERR,ERR,ERR,ERR,ERR,ERR,ERR,ERR,ERR,ERR,ERR,ERR,ERR,ERR,ERR,ERR,ERR,ERR,ERR,ERR,ERR,ERR,ERR,ERR,ERR,ERR,ERR,ERR,ERR,ERR,ERR,ERR,ERR,ERR,ERR,ERR,ERR,ERR,ERR,ERR,ERR,ERR,ERR,ERR,ERR,ERR,ERR,ERR,ERR,ERR,ERR,ERR,ERR,ERR,ERR,ERR,ERR,ERR,ERR,ERR,ERR,ERR,ERR,ERR,ERR,ERR,ERR,ERR,ERR,ERR,ERR,ERR,ERR,ERR,ERR,ERR,ERR,ERR,ERR,ERR,ERR,ERR,ERR,ERR,ERR,ERR,ERR,ERR,ERR,ERR,ERR,ERR,ERR,ERR,ERR,ERR,ERR,ERR,ERR,ERR,ERR,ERR,ERR,ERR,ERR,ERR,ERR,ERR,ERR,ERR,ERR,ERR,ERR,ERR,ERR,ERR,ERR,0.0,0.0,0.0,0.0,0.0,1.3936040501711995e+18,7.805,0.0,0,0,4,0,7300,-0.0,0,0.0,0.0,0.0,0.0,0.0,0,0,0,0,0.0,0,0,0,0,0,0,0,0,0,0,0,0,0,0,0,0,0,0,0,0,0,0,0,0,0,0,0,0,0,0,0,0,0,32,30,30,62,65476,0,300,0,0,8,21553,0.0,-107605600.0,0.0,0.0,0.0,0.0,0.0,0.0,0.0,0.0,0.0,0.0,0.0,0.0,0.0,0.0,0.0,0.0,0.0,0.0,0.0,0.0,2.004,2.004,-0.0,-2.004,0.0,0.0,0.0,0.0,5415.0,-3.697191851085162e+19,6972.0,0.0,0.0,-107615280.0,-0.0,0.0,0.0,0.0,0.0,63,2.3088396621844998e+20,1.905688843344937e+17,0.0,0.0,0.0,0.0,0.0,0.0,0.0,0,0,0,0.0,0.0,0.0,0.0,0.0,0.0,0.0,0.0,0.0,0.0,0.0,0.0,0.0,0.0,0.0,0.0,0,-107875648.0,63,0.0,126,2.7184242562605685e+23,-0.0,ERR,ERR,ERR,ERR,ERR,ERR,ERR,ERR,ERR,ERR,ERR,ERR,ERR,ERR,ERR,ERR,ERR,ERR,ERR,ERR,ERR,ERR,ERR,ERR,ERR,ERR,ERR,ERR,ERR,ERR,ERR,ERR,ERR,ERR,ERR,ERR,ERR,ERR,ERR,ERR,ERR,ERR,ERR,ERR,ERR,ERR,ERR,ERR,ERR,ERR,ERR,ERR,ERR,ERR,ERR,ERR,ERR,ERR,ERR,ERR,ERR,ERR,ERR,ERR,ERR,ERR,ERR,34.0,80.0,35,0.0,0.0,0.0,0.0,0.0,0.0,0.0,0.0,0.0,0.0,0.0,0.0,0.0,0.0,0.0,0.0,64.4,0,116,56,50,65476,0,300,0,0,8,20529,65476,0,0,57672,80.0,0.0,0.0,0.0,0.0,0.0
2026-06-17T04:20:59,ERR,ERR,ERR,ERR,ERR,ERR,ERR,ERR,ERR,ERR,ERR,ERR,ERR,ERR,ERR,ERR,ERR,ERR,ERR,ERR,ERR,ERR,ERR,ERR,ERR,ERR,ERR,ERR,ERR,ERR,ERR,ERR,ERR,ERR,ERR,ERR,ERR,ERR,ERR,ERR,ERR,ERR,ERR,ERR,ERR,ERR,ERR,ERR,ERR,ERR,ERR,ERR,ERR,ERR,ERR,ERR,ERR,ERR,ERR,ERR,ERR,ERR,ERR,ERR,ERR,ERR,ERR,ERR,ERR,ERR,ERR,ERR,ERR,ERR,ERR,ERR,ERR,ERR,ERR,ERR,ERR,ERR,ERR,ERR,ERR,ERR,ERR,ERR,ERR,ERR,ERR,ERR,ERR,ERR,ERR,ERR,ERR,ERR,ERR,ERR,ERR,ERR,ERR,ERR,ERR,ERR,ERR,ERR,ERR,ERR,ERR,ERR,ERR,ERR,ERR,ERR,ERR,ERR,ERR,ERR,ERR,ERR,ERR,ERR,ERR,0.0,0.0,0.0,0.0,0.0,1.3936040501711995e+18,7.805,0.0,0,0,4,0,7300,-0.0,0,0.0,0.0,0.0,0.0,0.0,0,0,0,0,0.0,0,0,0,0,0,0,0,0,0,0,0,0,0,0,0,0,0,0,0,0,0,0,0,0,0,0,0,0,0,0,0,0,0,32,30,30,62,65476,0,300,0,0,8,21553,0.0,-107605600.0,0.0,0.0,0.0,0.0,0.0,0.0,0.0,0.0,0.0,0.0,0.0,0.0,0.0,0.0,0.0,0.0,0.0,0.0,0.0,0.0,2.004,2.004,-0.0,-2.004,0.0,0.0,0.0,0.0,5415.0,-3.697191851085162e+19,6972.0,0.0,0.0,-107615280.0,-0.0,0.0,0.0,0.0,0.0,63,2.3088396621844998e+20,1.905688843344937e+17,0.0,0.0,0.0,0.0,0.0,0.0,0.0,0,0,0,0.0,0.0,0.0,0.0,0.0,0.0,0.0,0.0,0.0,0.0,0.0,0.0,0.0,0.0,0.0,0.0,0,-107875648.0,63,0.0,126,2.7184242562605685e+23,-0.0,ERR,ERR,ERR,ERR,ERR,ERR,ERR,ERR,ERR,ERR,ERR,ERR,ERR,ERR,ERR,ERR,ERR,ERR,ERR,ERR,ERR,ERR,ERR,ERR,ERR,ERR,ERR,ERR,ERR,ERR,ERR,ERR,ERR,ERR,ERR,ERR,ERR,ERR,ERR,ERR,ERR,ERR,ERR,ERR,ERR,ERR,ERR,ERR,ERR,ERR,ERR,ERR,ERR,ERR,ERR,ERR,ERR,ERR,ERR,ERR,ERR,ERR,ERR,ERR,ERR,ERR,ERR,34.0,80.0,35,0.0,0.0,0.0,0.0,0.0,0.0,0.0,0.0,0.0,0.0,0.0,0.0,0.0,0.0,0.0,0.0,64.4,0,116,56,50,65476,0,300,0,0,8,20529,65476,0,0,57672,80.0,0.0,0.0,0.0,0.0,0.0
2026-06-17T04:21:00,ERR,ERR,ERR,ERR,ERR,ERR,ERR,ERR,ERR,ERR,ERR,ERR,ERR,ERR,ERR,ERR,ERR,ERR,ERR,ERR,ERR,ERR,ERR,ERR,ERR,ERR,ERR,ERR,ERR,ERR,ERR,ERR,ERR,ERR,ERR,ERR,ERR,ERR,ERR,ERR,ERR,ERR,ERR,ERR,ERR,ERR,ERR,ERR,ERR,ERR,ERR,ERR,ERR,ERR,ERR,ERR,ERR,ERR,ERR,ERR,ERR,ERR,ERR,ERR,ERR,ERR,ERR,ERR,ERR,ERR,ERR,ERR,ERR,ERR,ERR,ERR,ERR,ERR,ERR,ERR,ERR,ERR,ERR,ERR,ERR,ERR,ERR,ERR,ERR,ERR,ERR,ERR,ERR,ERR,ERR,ERR,ERR,ERR,ERR,ERR,ERR,ERR,ERR,ERR,ERR,ERR,ERR,ERR,ERR,ERR,ERR,ERR,ERR,ERR,ERR,ERR,ERR,ERR,ERR,ERR,ERR,ERR,ERR,ERR,ERR,0.0,0.0,0.0,0.0,0.0,1.3936040501711995e+18,7.805,0.0,0,0,4,0,7300,-0.0,0,0.0,0.0,0.0,0.0,0.0,0,0,0,0,0.0,0,0,0,0,0,0,0,0,0,0,0,0,0,0,0,0,0,0,0,0,0,0,0,0,0,0,0,0,0,0,0,0,0,32,30,30,62,65476,0,300,0,0,8,21553,0.0,-107605600.0,0.0,0.0,0.0,0.0,0.0,0.0,0.0,0.0,0.0,0.0,0.0,0.0,0.0,0.0,0.0,0.0,0.0,0.0,0.0,0.0,2.004,2.004,-0.0,-2.004,0.0,0.0,0.0,0.0,5413.0,1.0406669901790231e+34,6959.0,0.0,0.0,-107615280.0,-0.0,0.0,0.0,0.0,0.0,63,152018387730432.0,-3.222008670201871e+26,0.0,0.0,0.0,0.0,0.0,0.0,0.0,0,0,0,0.0,0.0,0.0,0.0,0.0,0.0,0.0,0.0,0.0,0.0,0.0,0.0,0.0,0.0,0.0,0.0,0,-107875648.0,63,0.0,126,2.7184242562605685e+23,-0.0,ERR,ERR,ERR,ERR,ERR,ERR,ERR,ERR,ERR,ERR,ERR,ERR,ERR,ERR,ERR,ERR,ERR,ERR,ERR,ERR,ERR,ERR,ERR,ERR,ERR,ERR,ERR,ERR,ERR,ERR,ERR,ERR,ERR,ERR,ERR,ERR,ERR,ERR,ERR,ERR,ERR,ERR,ERR,ERR,ERR,ERR,ERR,ERR,ERR,ERR,ERR,ERR,ERR,ERR,ERR,ERR,ERR,ERR,ERR,ERR,ERR,ERR,ERR,ERR,ERR,ERR,ERR,34.0,80.0,35,0.0,0.0,0.0,0.0,0.0,0.0,0.0,0.0,0.0,0.0,0.0,0.0,0.0,0.0,0.0,0.0,64.4,0,116,56,50,65476,0,300,0,0,8,20529,65476,0,0,57672,80.0,0.0,0.0,0.0,0.0,0.0
2026-06-17T04:21:01,ERR,ERR,ERR,ERR,ERR,ERR,ERR,ERR,ERR,ERR,ERR,ERR,ERR,ERR,ERR,ERR,ERR,ERR,ERR,ERR,ERR,ERR,ERR,ERR,ERR,ERR,ERR,ERR,ERR,ERR,ERR,ERR,ERR,ERR,ERR,ERR,ERR,ERR,ERR,ERR,ERR,ERR,ERR,ERR,ERR,ERR,ERR,ERR,ERR,ERR,ERR,ERR,ERR,ERR,ERR,ERR,ERR,ERR,ERR,ERR,ERR,ERR,ERR,ERR,ERR,ERR,ERR,ERR,ERR,ERR,ERR,ERR,ERR,ERR,ERR,ERR,ERR,ERR,ERR,ERR,ERR,ERR,ERR,ERR,ERR,ERR,ERR,ERR,ERR,ERR,ERR,ERR,ERR,ERR,ERR,ERR,ERR,ERR,ERR,ERR,ERR,ERR,ERR,ERR,ERR,ERR,ERR,ERR,ERR,ERR,ERR,ERR,ERR,ERR,ERR,ERR,ERR,ERR,ERR,ERR,ERR,ERR,ERR,ERR,ERR,0.0,0.0,0.0,0.0,0.0,1.3936040501711995e+18,7.805,0.0,0,0,4,0,7300,-0.0,0,0.0,0.0,0.0,0.0,0.0,0,0,0,0,0.0,0,0,0,0,0,0,0,0,0,0,0,0,0,0,0,0,0,0,0,0,0,0,0,0,0,0,0,0,0,0,0,0,0,32,30,30,62,65476,0,300,0,0,8,21553,0.0,-107605600.0,0.0,0.0,0.0,0.0,0.0,0.0,0.0,0.0,0.0,0.0,0.0,0.0,0.0,0.0,0.0,0.0,0.0,0.0,0.0,0.0,2.004,2.004,-0.0,-2.004,0.0,0.0,0.0,0.0,5413.0,1.0406669901790231e+34,6959.0,0.0,0.0,-107615280.0,-0.0,0.0,0.0,0.0,0.0,63,152018387730432.0,-3.222008670201871e+26,0.0,0.0,0.0,0.0,0.0,0.0,0.0,0,0,0,0.0,0.0,0.0,0.0,0.0,0.0,0.0,0.0,0.0,0.0,0.0,0.0,0.0,0.0,0.0,0.0,0,-107875648.0,63,0.0,126,2.7184242562605685e+23,-0.0,ERR,ERR,ERR,ERR,ERR,ERR,ERR,ERR,ERR,ERR,ERR,ERR,ERR,ERR,ERR,ERR,ERR,ERR,ERR,ERR,ERR,ERR,ERR,ERR,ERR,ERR,ERR,ERR,ERR,ERR,ERR,ERR,ERR,ERR,ERR,ERR,ERR,ERR,ERR,ERR,ERR,ERR,ERR,ERR,ERR,ERR,ERR,ERR,ERR,ERR,ERR,ERR,ERR,ERR,ERR,ERR,ERR,ERR,ERR,ERR,ERR,ERR,ERR,ERR,ERR,ERR,ERR,34.0,80.0,35,0.0,0.0,0.0,0.0,0.0,0.0,0.0,0.0,0.0,0.0,0.0,0.0,0.0,0.0,0.0,0.0,64.4,0,116,56,50,65476,0,300,0,0,8,20529,65476,0,0,57672,80.0,0.0,0.0,0.0,0.0,0.0
2026-06-17T04:21:02,ERR,ERR,ERR,ERR,ERR,ERR,ERR,ERR,ERR,ERR,ERR,ERR,ERR,ERR,ERR,ERR,ERR,ERR,ERR,ERR,ERR,ERR,ERR,ERR,ERR,ERR,ERR,ERR,ERR,ERR,ERR,ERR,ERR,ERR,ERR,ERR,ERR,ERR,ERR,ERR,ERR,ERR,ERR,ERR,ERR,ERR,ERR,ERR,ERR,ERR,ERR,ERR,ERR,ERR,ERR,ERR,ERR,ERR,ERR,ERR,ERR,ERR,ERR,ERR,ERR,ERR,ERR,ERR,ERR,ERR,ERR,ERR,ERR,ERR,ERR,ERR,ERR,ERR,ERR,ERR,ERR,ERR,ERR,ERR,ERR,ERR,ERR,ERR,ERR,ERR,ERR,ERR,ERR,ERR,ERR,ERR,ERR,ERR,ERR,ERR,ERR,ERR,ERR,ERR,ERR,ERR,ERR,ERR,ERR,ERR,ERR,ERR,ERR,ERR,ERR,ERR,ERR,ERR,ERR,ERR,ERR,ERR,ERR,ERR,ERR,0.0,0.0,0.0,0.0,0.0,1.3936040501711995e+18,7.805,0.0,0,0,4,0,7300,-0.0,0,0.0,0.0,0.0,0.0,0.0,0,0,0,0,0.0,0,0,0,0,0,0,0,0,0,0,0,0,0,0,0,0,0,0,0,0,0,0,0,0,0,0,0,0,0,0,0,0,0,32,30,30,62,65476,0,300,0,0,8,21553,0.0,-107605600.0,0.0,0.0,0.0,0.0,0.0,0.0,0.0,0.0,0.0,0.0,0.0,0.0,0.0,0.0,0.0,0.0,0.0,0.0,0.0,0.0,2.004,2.004,-0.0,-2.004,0.0,0.0,0.0,0.0,5413.0,1.0406669901790231e+34,6959.0,0.0,0.0,-107615280.0,-0.0,0.0,0.0,0.0,0.0,63,152018387730432.0,-3.222008670201871e+26,0.0,0.0,0.0,0.0,0.0,0.0,0.0,0,0,0,0.0,0.0,0.0,0.0,0.0,0.0,0.0,0.0,0.0,0.0,0.0,0.0,0.0,0.0,0.0,0.0,0,-107875648.0,63,0.0,126,2.7184242562605685e+23,-0.0,ERR,ERR,ERR,ERR,ERR,ERR,ERR,ERR,ERR,ERR,ERR,ERR,ERR,ERR,ERR,ERR,ERR,ERR,ERR,ERR,ERR,ERR,ERR,ERR,ERR,ERR,ERR,ERR,ERR,ERR,ERR,ERR,ERR,ERR,ERR,ERR,ERR,ERR,ERR,ERR,ERR,ERR,ERR,ERR,ERR,ERR,ERR,ERR,ERR,ERR,ERR,ERR,ERR,ERR,ERR,ERR,ERR,ERR,ERR,ERR,ERR,ERR,ERR,ERR,ERR,ERR,ERR,34.0,80.0,35,0.0,0.0,0.0,0.0,0.0,0.0,0.0,0.0,0.0,0.0,0.0,0.0,0.0,0.0,0.0,0.0,64.4,0,116,56,50,65476,0,300,0,0,8,20529,65476,0,0,57672,80.0,0.0,0.0,0.0,0.0,0.0
2026-06-17T04:21:03,ERR,ERR,ERR,ERR,ERR,ERR,ERR,ERR,ERR,ERR,ERR,ERR,ERR,ERR,ERR,ERR,ERR,ERR,ERR,ERR,ERR,ERR,ERR,ERR,ERR,ERR,ERR,ERR,ERR,ERR,ERR,ERR,ERR,ERR,ERR,ERR,ERR,ERR,ERR,ERR,ERR,ERR,ERR,ERR,ERR,ERR,ERR,ERR,ERR,ERR,ERR,ERR,ERR,ERR,ERR,ERR,ERR,ERR,ERR,ERR,ERR,ERR,ERR,ERR,ERR,ERR,ERR,ERR,ERR,ERR,ERR,ERR,ERR,ERR,ERR,ERR,ERR,ERR,ERR,ERR,ERR,ERR,ERR,ERR,ERR,ERR,ERR,ERR,ERR,ERR,ERR,ERR,ERR,ERR,ERR,ERR,ERR,ERR,ERR,ERR,ERR,ERR,ERR,ERR,ERR,ERR,ERR,ERR,ERR,ERR,ERR,ERR,ERR,ERR,ERR,ERR,ERR,ERR,ERR,ERR,ERR,ERR,ERR,ERR,ERR,0.0,0.0,0.0,0.0,0.0,1.3936040501711995e+18,7.805,0.0,0,0,4,0,7300,-0.0,0,0.0,0.0,0.0,0.0,0.0,0,0,0,0,0.0,0,0,0,0,0,0,0,0,0,0,0,0,0,0,0,0,0,0,0,0,0,0,0,0,0,0,0,0,0,0,0,0,0,32,30,30,62,65476,0,300,0,0,8,21553,0.0,-107605600.0,0.0,0.0,0.0,0.0,0.0,0.0,0.0,0.0,0.0,0.0,0.0,0.0,0.0,0.0,0.0,0.0,0.0,0.0,0.0,0.0,2.004,2.004,-0.0,-2.004,0.0,0.0,0.0,0.0,5413.0,1.0406669901790231e+34,6959.0,0.0,0.0,-107615280.0,-0.0,0.0,0.0,0.0,0.0,63,152018387730432.0,-3.222008670201871e+26,0.0,0.0,0.0,0.0,0.0,0.0,0.0,0,0,0,0.0,0.0,0.0,0.0,0.0,0.0,0.0,0.0,0.0,0.0,0.0,0.0,0.0,0.0,0.0,0.0,0,-107875648.0,63,0.0,126,2.7184242562605685e+23,-0.0,ERR,ERR,ERR,ERR,ERR,ERR,ERR,ERR,ERR,ERR,ERR,ERR,ERR,ERR,ERR,ERR,ERR,ERR,ERR,ERR,ERR,ERR,ERR,ERR,ERR,ERR,ERR,ERR,ERR,ERR,ERR,ERR,ERR,ERR,ERR,ERR,ERR,ERR,ERR,ERR,ERR,ERR,ERR,ERR,ERR,ERR,ERR,ERR,ERR,ERR,ERR,ERR,ERR,ERR,ERR,ERR,ERR,ERR,ERR,ERR,ERR,ERR,ERR,ERR,ERR,ERR,ERR,34.0,80.0,35,0.0,0.0,0.0,0.0,0.0,0.0,0.0,0.0,0.0,0.0,0.0,0.0,0.0,0.0,0.0,0.0,64.4,0,116,56,50,65476,0,300,0,0,8,20529,65476,0,0,57672,80.0,0.0,0.0,0.0,0.0,0.0
2026-06-17T04:21:04,ERR,ERR,ERR,ERR,ERR,ERR,ERR,ERR,ERR,ERR,ERR,ERR,ERR,ERR,ERR,ERR,ERR,ERR,ERR,ERR,ERR,ERR,ERR,ERR,ERR,ERR,ERR,ERR,ERR,ERR,ERR,ERR,ERR,ERR,ERR,ERR,ERR,ERR,ERR,ERR,ERR,ERR,ERR,ERR,ERR,ERR,ERR,ERR,ERR,ERR,ERR,ERR,ERR,ERR,ERR,ERR,ERR,ERR,ERR,ERR,ERR,ERR,ERR,ERR,ERR,ERR,ERR,ERR,ERR,ERR,ERR,ERR,ERR,ERR,ERR,ERR,ERR,ERR,ERR,ERR,ERR,ERR,ERR,ERR,ERR,ERR,ERR,ERR,ERR,ERR,ERR,ERR,ERR,ERR,ERR,ERR,ERR,ERR,ERR,ERR,ERR,ERR,ERR,ERR,ERR,ERR,ERR,ERR,ERR,ERR,ERR,ERR,ERR,ERR,ERR,ERR,ERR,ERR,ERR,ERR,ERR,ERR,ERR,ERR,ERR,0.0,0.0,0.0,0.0,0.0,1.3936040501711995e+18,7.805,0.0,0,0,4,0,7300,-0.0,0,0.0,0.0,0.0,0.0,0.0,0,0,0,0,0.0,0,0,0,0,0,0,0,0,0,0,0,0,0,0,0,0,0,0,0,0,0,0,0,0,0,0,0,0,0,0,0,0,0,32,30,30,62,65476,0,300,0,0,8,21553,0.0,-107605600.0,0.0,0.0,0.0,0.0,0.0,0.0,0.0,0.0,0.0,0.0,0.0,0.0,0.0,0.0,0.0,0.0,0.0,0.0,0.0,0.0,2.004,2.004,-0.0,-2.004,0.0,0.0,0.0,0.0,5413.0,1.0406669901790231e+34,6959.0,0.0,0.0,-107615280.0,-0.0,0.0,0.0,0.0,0.0,63,152018387730432.0,-3.222008670201871e+26,0.0,0.0,0.0,0.0,0.0,0.0,0.0,0,0,0,0.0,0.0,0.0,0.0,0.0,0.0,0.0,0.0,0.0,0.0,0.0,0.0,0.0,0.0,0.0,0.0,0,-107875648.0,63,0.0,126,2.7184242562605685e+23,-0.0,ERR,ERR,ERR,ERR,ERR,ERR,ERR,ERR,ERR,ERR,ERR,ERR,ERR,ERR,ERR,ERR,ERR,ERR,ERR,ERR,ERR,ERR,ERR,ERR,ERR,ERR,ERR,ERR,ERR,ERR,ERR,ERR,ERR,ERR,ERR,ERR,ERR,ERR,ERR,ERR,ERR,ERR,ERR,ERR,ERR,ERR,ERR,ERR,ERR,ERR,ERR,ERR,ERR,ERR,ERR,ERR,ERR,ERR,ERR,ERR,ERR,ERR,ERR,ERR,ERR,ERR,ERR,34.0,80.0,35,0.0,0.0,0.0,0.0,0.0,0.0,0.0,0.0,0.0,0.0,0.0,0.0,0.0,0.0,0.0,0.0,64.4,0,116,56,50,65476,0,300,0,0,8,20529,65476,0,0,57672,80.0,0.0,0.0,0.0,0.0,0.0
2026-06-17T04:21:05,ERR,ERR,ERR,ERR,ERR,ERR,ERR,ERR,ERR,ERR,ERR,ERR,ERR,ERR,ERR,ERR,ERR,ERR,ERR,ERR,ERR,ERR,ERR,ERR,ERR,ERR,ERR,ERR,ERR,ERR,ERR,ERR,ERR,ERR,ERR,ERR,ERR,ERR,ERR,ERR,ERR,ERR,ERR,ERR,ERR,ERR,ERR,ERR,ERR,ERR,ERR,ERR,ERR,ERR,ERR,ERR,ERR,ERR,ERR,ERR,ERR,ERR,ERR,ERR,ERR,ERR,ERR,ERR,ERR,ERR,ERR,ERR,ERR,ERR,ERR,ERR,ERR,ERR,ERR,ERR,ERR,ERR,ERR,ERR,ERR,ERR,ERR,ERR,ERR,ERR,ERR,ERR,ERR,ERR,ERR,ERR,ERR,ERR,ERR,ERR,ERR,ERR,ERR,ERR,ERR,ERR,ERR,ERR,ERR,ERR,ERR,ERR,ERR,ERR,ERR,ERR,ERR,ERR,ERR,ERR,ERR,ERR,ERR,ERR,ERR,0.0,0.0,0.0,0.0,0.0,1.3936040501711995e+18,7.805,0.0,0,0,4,0,7300,-0.0,0,0.0,0.0,0.0,0.0,0.0,0,0,0,0,0.0,0,0,0,0,0,0,0,0,0,0,0,0,0,0,0,0,0,0,0,0,0,0,0,0,0,0,0,0,0,0,0,0,0,32,30,30,62,65476,0,300,0,0,8,21553,0.0,-107605600.0,0.0,0.0,0.0,0.0,0.0,0.0,0.0,0.0,0.0,0.0,0.0,0.0,0.0,0.0,0.0,0.0,0.0,0.0,0.0,0.0,2.004,2.004,-0.0,-2.004,0.0,0.0,0.0,0.0,5415.0,0.0,6948.0,0.0,0.0,-107615280.0,-0.0,0.0,0.0,0.0,0.0,63,2.3088396621844998e+20,5.8480620214123924e+35,0.0,0.0,0.0,0.0,0.0,0.0,0.0,0,0,0,0.0,0.0,0.0,0.0,0.0,0.0,0.0,0.0,0.0,0.0,0.0,0.0,0.0,0.0,0.0,0.0,0,-107875648.0,63,0.0,126,2.7184242562605685e+23,-0.0,ERR,ERR,ERR,ERR,ERR,ERR,ERR,ERR,ERR,ERR,ERR,ERR,ERR,ERR,ERR,ERR,ERR,ERR,ERR,ERR,ERR,ERR,ERR,ERR,ERR,ERR,ERR,ERR,ERR,ERR,ERR,ERR,ERR,ERR,ERR,ERR,ERR,ERR,ERR,ERR,ERR,ERR,ERR,ERR,ERR,ERR,ERR,ERR,ERR,ERR,ERR,ERR,ERR,ERR,ERR,ERR,ERR,ERR,ERR,ERR,ERR,ERR,ERR,ERR,ERR,ERR,ERR,34.0,80.0,35,0.0,0.0,0.0,0.0,0.0,0.0,0.0,0.0,0.0,0.0,0.0,0.0,0.0,0.0,0.0,0.0,64.4,0,116,56,50,65476,0,300,0,0,8,20529,65476,0,0,57672,80.0,0.0,0.0,0.0,0.0,0.0
2026-06-17T04:21:06,ERR,ERR,ERR,ERR,ERR,ERR,ERR,ERR,ERR,ERR,ERR,ERR,ERR,ERR,ERR,ERR,ERR,ERR,ERR,ERR,ERR,ERR,ERR,ERR,ERR,ERR,ERR,ERR,ERR,ERR,ERR,ERR,ERR,ERR,ERR,ERR,ERR,ERR,ERR,ERR,ERR,ERR,ERR,ERR,ERR,ERR,ERR,ERR,ERR,ERR,ERR,ERR,ERR,ERR,ERR,ERR,ERR,ERR,ERR,ERR,ERR,ERR,ERR,ERR,ERR,ERR,ERR,ERR,ERR,ERR,ERR,ERR,ERR,ERR,ERR,ERR,ERR,ERR,ERR,ERR,ERR,ERR,ERR,ERR,ERR,ERR,ERR,ERR,ERR,ERR,ERR,ERR,ERR,ERR,ERR,ERR,ERR,ERR,ERR,ERR,ERR,ERR,ERR,ERR,ERR,ERR,ERR,ERR,ERR,ERR,ERR,ERR,ERR,ERR,ERR,ERR,ERR,ERR,ERR,ERR,ERR,ERR,ERR,ERR,ERR,0.0,0.0,0.0,0.0,0.0,1.3936040501711995e+18,7.805,0.0,0,0,4,0,7300,-0.0,0,0.0,0.0,0.0,0.0,0.0,0,0,0,0,0.0,0,0,0,0,0,0,0,0,0,0,0,0,0,0,0,0,0,0,0,0,0,0,0,0,0,0,0,0,0,0,0,0,0,32,30,30,62,65476,0,300,0,0,8,21553,0.0,-107605600.0,0.0,0.0,0.0,0.0,0.0,0.0,0.0,0.0,0.0,0.0,0.0,0.0,0.0,0.0,0.0,0.0,0.0,0.0,0.0,0.0,2.004,2.004,-0.0,-2.004,0.0,0.0,0.0,0.0,5415.0,0.0,6948.0,0.0,0.0,-107615280.0,-0.0,0.0,0.0,0.0,0.0,63,2.3088396621844998e+20,5.8480620214123924e+35,0.0,0.0,0.0,0.0,0.0,0.0,0.0,0,0,0,0.0,0.0,0.0,0.0,0.0,0.0,0.0,0.0,0.0,0.0,0.0,0.0,0.0,0.0,0.0,0.0,0,-107875648.0,63,0.0,126,2.7184242562605685e+23,-0.0,ERR,ERR,ERR,ERR,ERR,ERR,ERR,ERR,ERR,ERR,ERR,ERR,ERR,ERR,ERR,ERR,ERR,ERR,ERR,ERR,ERR,ERR,ERR,ERR,ERR,ERR,ERR,ERR,ERR,ERR,ERR,ERR,ERR,ERR,ERR,ERR,ERR,ERR,ERR,ERR,ERR,ERR,ERR,ERR,ERR,ERR,ERR,ERR,ERR,ERR,ERR,ERR,ERR,ERR,ERR,ERR,ERR,ERR,ERR,ERR,ERR,ERR,ERR,ERR,ERR,ERR,ERR,34.0,80.0,35,0.0,0.0,0.0,0.0,0.0,0.0,0.0,0.0,0.0,0.0,0.0,0.0,0.0,0.0,0.0,0.0,64.8,0,116,56,50,65476,0,300,0,0,8,20529,65476,0,0,57672,80.0,0.0,0.0,0.0,0.0,0.0
2026-06-17T04:21:07,ERR,ERR,ERR,ERR,ERR,ERR,ERR,ERR,ERR,ERR,ERR,ERR,ERR,ERR,ERR,ERR,ERR,ERR,ERR,ERR,ERR,ERR,ERR,ERR,ERR,ERR,ERR,ERR,ERR,ERR,ERR,ERR,ERR,ERR,ERR,ERR,ERR,ERR,ERR,ERR,ERR,ERR,ERR,ERR,ERR,ERR,ERR,ERR,ERR,ERR,ERR,ERR,ERR,ERR,ERR,ERR,ERR,ERR,ERR,ERR,ERR,ERR,ERR,ERR,ERR,ERR,ERR,ERR,ERR,ERR,ERR,ERR,ERR,ERR,ERR,ERR,ERR,ERR,ERR,ERR,ERR,ERR,ERR,ERR,ERR,ERR,ERR,ERR,ERR,ERR,ERR,ERR,ERR,ERR,ERR,ERR,ERR,ERR,ERR,ERR,ERR,ERR,ERR,ERR,ERR,ERR,ERR,ERR,ERR,ERR,ERR,ERR,ERR,ERR,ERR,ERR,ERR,ERR,ERR,ERR,ERR,ERR,ERR,ERR,ERR,0.0,0.0,0.0,0.0,0.0,1.3936040501711995e+18,7.805,0.0,0,0,4,0,7300,-0.0,0,0.0,0.0,0.0,0.0,0.0,0,0,0,0,0.0,0,0,0,0,0,0,0,0,0,0,0,0,0,0,0,0,0,0,0,0,0,0,0,0,0,0,0,0,0,0,0,0,0,32,30,30,62,65476,0,300,0,0,8,21553,0.0,-107605600.0,0.0,0.0,0.0,0.0,0.0,0.0,0.0,0.0,0.0,0.0,0.0,0.0,0.0,0.0,0.0,0.0,0.0,0.0,0.0,0.0,2.004,2.004,-0.0,-2.004,0.0,0.0,0.0,0.0,5415.0,0.0,6948.0,0.0,0.0,-107615280.0,-0.0,0.0,0.0,0.0,0.0,63,2.3088396621844998e+20,5.8480620214123924e+35,0.0,0.0,0.0,0.0,0.0,0.0,0.0,0,0,0,0.0,0.0,0.0,0.0,0.0,0.0,0.0,0.0,0.0,0.0,0.0,0.0,0.0,0.0,0.0,0.0,0,-107875648.0,63,0.0,126,2.7184242562605685e+23,-0.0,ERR,ERR,ERR,ERR,ERR,ERR,ERR,ERR,ERR,ERR,ERR,ERR,ERR,ERR,ERR,ERR,ERR,ERR,ERR,ERR,ERR,ERR,ERR,ERR,ERR,ERR,ERR,ERR,ERR,ERR,ERR,ERR,ERR,ERR,ERR,ERR,ERR,ERR,ERR,ERR,ERR,ERR,ERR,ERR,ERR,ERR,ERR,ERR,ERR,ERR,ERR,ERR,ERR,ERR,ERR,ERR,ERR,ERR,ERR,ERR,ERR,ERR,ERR,ERR,ERR,ERR,ERR,34.0,80.0,35,0.0,0.0,0.0,0.0,0.0,0.0,0.0,0.0,0.0,0.0,0.0,0.0,0.0,0.0,0.0,0.0,64.8,0,116,56,50,65476,0,300,0,0,8,20529,65476,0,0,57672,80.0,0.0,0.0,0.0,0.0,0.0
2026-06-17T04:21:08,ERR,ERR,ERR,ERR,ERR,ERR,ERR,ERR,ERR,ERR,ERR,ERR,ERR,ERR,ERR,ERR,ERR,ERR,ERR,ERR,ERR,ERR,ERR,ERR,ERR,ERR,ERR,ERR,ERR,ERR,ERR,ERR,ERR,ERR,ERR,ERR,ERR,ERR,ERR,ERR,ERR,ERR,ERR,ERR,ERR,ERR,ERR,ERR,ERR,ERR,ERR,ERR,ERR,ERR,ERR,ERR,ERR,ERR,ERR,ERR,ERR,ERR,ERR,ERR,ERR,ERR,ERR,ERR,ERR,ERR,ERR,ERR,ERR,ERR,ERR,ERR,ERR,ERR,ERR,ERR,ERR,ERR,ERR,ERR,ERR,ERR,ERR,ERR,ERR,ERR,ERR,ERR,ERR,ERR,ERR,ERR,ERR,ERR,ERR,ERR,ERR,ERR,ERR,ERR,ERR,ERR,ERR,ERR,ERR,ERR,ERR,ERR,ERR,ERR,ERR,ERR,ERR,ERR,ERR,ERR,ERR,ERR,ERR,ERR,ERR,0.0,0.0,0.0,0.0,0.0,1.3936040501711995e+18,7.805,0.0,0,0,4,0,7300,-0.0,0,0.0,0.0,0.0,0.0,0.0,0,0,0,0,0.0,0,0,0,0,0,0,0,0,0,0,0,0,0,0,0,0,0,0,0,0,0,0,0,0,0,0,0,0,0,0,0,0,0,32,30,30,62,65476,0,300,0,0,8,21553,0.0,-107605600.0,0.0,0.0,0.0,0.0,0.0,0.0,0.0,0.0,0.0,0.0,0.0,0.0,0.0,0.0,0.0,0.0,0.0,0.0,0.0,0.0,2.004,2.004,-0.0,-2.004,0.0,0.0,0.0,0.0,5415.0,0.0,6948.0,0.0,0.0,-107615280.0,-0.0,0.0,0.0,0.0,0.0,63,2.3088396621844998e+20,5.8480620214123924e+35,0.0,0.0,0.0,0.0,0.0,0.0,0.0,0,0,0,0.0,0.0,0.0,0.0,0.0,0.0,0.0,0.0,0.0,0.0,0.0,0.0,0.0,0.0,0.0,0.0,0,-107875648.0,63,0.0,126,2.7184242562605685e+23,-0.0,ERR,ERR,ERR,ERR,ERR,ERR,ERR,ERR,ERR,ERR,ERR,ERR,ERR,ERR,ERR,ERR,ERR,ERR,ERR,ERR,ERR,ERR,ERR,ERR,ERR,ERR,ERR,ERR,ERR,ERR,ERR,ERR,ERR,ERR,ERR,ERR,ERR,ERR,ERR,ERR,ERR,ERR,ERR,ERR,ERR,ERR,ERR,ERR,ERR,ERR,ERR,ERR,ERR,ERR,ERR,ERR,ERR,ERR,ERR,ERR,ERR,ERR,ERR,ERR,ERR,ERR,ERR,34.0,80.0,35,0.0,0.0,0.0,0.0,0.0,0.0,0.0,0.0,0.0,0.0,0.0,0.0,0.0,0.0,0.0,0.0,64.8,0,116,56,50,65476,0,300,0,0,8,20529,65476,0,0,57672,80.0,0.0,0.0,0.0,0.0,0.0
2026-06-17T04:21:09,ERR,ERR,ERR,ERR,ERR,ERR,ERR,ERR,ERR,ERR,ERR,ERR,ERR,ERR,ERR,ERR,ERR,ERR,ERR,ERR,ERR,ERR,ERR,ERR,ERR,ERR,ERR,ERR,ERR,ERR,ERR,ERR,ERR,ERR,ERR,ERR,ERR,ERR,ERR,ERR,ERR,ERR,ERR,ERR,ERR,ERR,ERR,ERR,ERR,ERR,ERR,ERR,ERR,ERR,ERR,ERR,ERR,ERR,ERR,ERR,ERR,ERR,ERR,ERR,ERR,ERR,ERR,ERR,ERR,ERR,ERR,ERR,ERR,ERR,ERR,ERR,ERR,ERR,ERR,ERR,ERR,ERR,ERR,ERR,ERR,ERR,ERR,ERR,ERR,ERR,ERR,ERR,ERR,ERR,ERR,ERR,ERR,ERR,ERR,ERR,ERR,ERR,ERR,ERR,ERR,ERR,ERR,ERR,ERR,ERR,ERR,ERR,ERR,ERR,ERR,ERR,ERR,ERR,ERR,ERR,ERR,ERR,ERR,ERR,ERR,0.0,0.0,0.0,0.0,0.0,1.3936040501711995e+18,7.805,0.0,0,0,4,0,7300,-0.0,0,0.0,0.0,0.0,0.0,0.0,0,0,0,0,0.0,0,0,0,0,0,0,0,0,0,0,0,0,0,0,0,0,0,0,0,0,0,0,0,0,0,0,0,0,0,0,0,0,0,32,30,30,62,65476,0,300,0,0,8,21553,0.0,-107605600.0,0.0,0.0,0.0,0.0,0.0,0.0,0.0,0.0,0.0,0.0,0.0,0.0,0.0,0.0,0.0,0.0,0.0,0.0,0.0,0.0,2.004,2.004,-0.0,-2.004,0.0,0.0,0.0,0.0,5415.0,0.0,6948.0,0.0,0.0,-107615280.0,-0.0,0.0,0.0,0.0,0.0,63,2.3088396621844998e+20,5.8480620214123924e+35,0.0,0.0,0.0,0.0,0.0,0.0,0.0,0,0,0,0.0,0.0,0.0,0.0,0.0,0.0,0.0,0.0,0.0,0.0,0.0,0.0,0.0,0.0,0.0,0.0,0,-107875648.0,63,0.0,126,2.7184242562605685e+23,-0.0,ERR,ERR,ERR,ERR,ERR,ERR,ERR,ERR,ERR,ERR,ERR,ERR,ERR,ERR,ERR,ERR,ERR,ERR,ERR,ERR,ERR,ERR,ERR,ERR,ERR,ERR,ERR,ERR,ERR,ERR,ERR,ERR,ERR,ERR,ERR,ERR,ERR,ERR,ERR,ERR,ERR,ERR,ERR,ERR,ERR,ERR,ERR,ERR,ERR,ERR,ERR,ERR,ERR,ERR,ERR,ERR,ERR,ERR,ERR,ERR,ERR,ERR,ERR,ERR,ERR,ERR,ERR,34.0,80.0,35,0.0,0.0,0.0,0.0,0.0,0.0,0.0,0.0,0.0,0.0,0.0,0.0,0.0,0.0,0.0,0.0,64.8,0,116,56,50,65476,0,300,0,0,8,20529,65476,0,0,57672,80.0,0.0,0.0,0.0,0.0,0.0
2026-06-17T04:21:10,ERR,ERR,ERR,ERR,ERR,ERR,ERR,ERR,ERR,ERR,ERR,ERR,ERR,ERR,ERR,ERR,ERR,ERR,ERR,ERR,ERR,ERR,ERR,ERR,ERR,ERR,ERR,ERR,ERR,ERR,ERR,ERR,ERR,ERR,ERR,ERR,ERR,ERR,ERR,ERR,ERR,ERR,ERR,ERR,ERR,ERR,ERR,ERR,ERR,ERR,ERR,ERR,ERR,ERR,ERR,ERR,ERR,ERR,ERR,ERR,ERR,ERR,ERR,ERR,ERR,ERR,ERR,ERR,ERR,ERR,ERR,ERR,ERR,ERR,ERR,ERR,ERR,ERR,ERR,ERR,ERR,ERR,ERR,ERR,ERR,ERR,ERR,ERR,ERR,ERR,ERR,ERR,ERR,ERR,ERR,ERR,ERR,ERR,ERR,ERR,ERR,ERR,ERR,ERR,ERR,ERR,ERR,ERR,ERR,ERR,ERR,ERR,ERR,ERR,ERR,ERR,ERR,ERR,ERR,ERR,ERR,ERR,ERR,ERR,ERR,0.0,0.0,0.0,0.0,0.0,1.3936040501711995e+18,7.805,0.0,0,0,4,0,7300,-0.0,0,0.0,0.0,0.0,0.0,0.0,0,0,0,0,0.0,0,0,0,0,0,0,0,0,0,0,0,0,0,0,0,0,0,0,0,0,0,0,0,0,0,0,0,0,0,0,0,0,0,32,30,30,62,65476,0,300,0,0,8,21553,0.0,-107605600.0,0.0,0.0,0.0,0.0,0.0,0.0,0.0,0.0,0.0,0.0,0.0,0.0,0.0,0.0,0.0,0.0,0.0,0.0,0.0,0.0,2.004,2.004,-0.0,-2.004,0.0,0.0,0.0,0.0,5383.0,-1.0406668663850192e+34,6975.0,0.0,0.0,-107615280.0,-0.0,0.0,0.0,0.0,0.0,63,2.3088396621844998e+20,89220.688,0.0,0.0,0.0,0.0,0.0,0.0,0.0,0,0,0,0.0,0.0,0.0,0.0,0.0,0.0,0.0,0.0,0.0,0.0,0.0,0.0,0.0,0.0,0.0,0.0,0,-107875648.0,63,0.0,126,2.7184242562605685e+23,-0.0,ERR,ERR,ERR,ERR,ERR,ERR,ERR,ERR,ERR,ERR,ERR,ERR,ERR,ERR,ERR,ERR,ERR,ERR,ERR,ERR,ERR,ERR,ERR,ERR,ERR,ERR,ERR,ERR,ERR,ERR,ERR,ERR,ERR,ERR,ERR,ERR,ERR,ERR,ERR,ERR,ERR,ERR,ERR,ERR,ERR,ERR,ERR,ERR,ERR,ERR,ERR,ERR,ERR,ERR,ERR,ERR,ERR,ERR,ERR,ERR,ERR,ERR,ERR,ERR,ERR,ERR,ERR,34.0,80.0,35,0.0,0.0,0.0,0.0,0.0,0.0,0.0,0.0,0.0,0.0,0.0,0.0,0.0,0.0,0.0,0.0,64.4,0,116,56,50,65476,0,300,0,0,8,20529,65476,0,0,57672,80.0,0.0,0.0,0.0,0.0,0.0
2026-06-17T04:21:11,ERR,ERR,ERR,ERR,ERR,ERR,ERR,ERR,ERR,ERR,ERR,ERR,ERR,ERR,ERR,ERR,ERR,ERR,ERR,ERR,ERR,ERR,ERR,ERR,ERR,ERR,ERR,ERR,ERR,ERR,ERR,ERR,ERR,ERR,ERR,ERR,ERR,ERR,ERR,ERR,ERR,ERR,ERR,ERR,ERR,ERR,ERR,ERR,ERR,ERR,ERR,ERR,ERR,ERR,ERR,ERR,ERR,ERR,ERR,ERR,ERR,ERR,ERR,ERR,ERR,ERR,ERR,ERR,ERR,ERR,ERR,ERR,ERR,ERR,ERR,ERR,ERR,ERR,ERR,ERR,ERR,ERR,ERR,ERR,ERR,ERR,ERR,ERR,ERR,ERR,ERR,ERR,ERR,ERR,ERR,ERR,ERR,ERR,ERR,ERR,ERR,ERR,ERR,ERR,ERR,ERR,ERR,ERR,ERR,ERR,ERR,ERR,ERR,ERR,ERR,ERR,ERR,ERR,ERR,ERR,ERR,ERR,ERR,ERR,ERR,0.0,0.0,0.0,0.0,0.0,1.3936040501711995e+18,7.805,0.0,0,0,4,0,7300,-0.0,0,0.0,0.0,0.0,0.0,0.0,0,0,0,0,0.0,0,0,0,0,0,0,0,0,0,0,0,0,0,0,0,0,0,0,0,0,0,0,0,0,0,0,0,0,0,0,0,0,0,32,30,30,62,65476,0,300,0,0,8,21553,0.0,-107605600.0,0.0,0.0,0.0,0.0,0.0,0.0,0.0,0.0,0.0,0.0,0.0,0.0,0.0,0.0,0.0,0.0,0.0,0.0,0.0,0.0,2.004,2.004,-0.0,-2.004,0.0,0.0,0.0,0.0,5383.0,-1.0406668663850192e+34,6975.0,0.0,0.0,-107615280.0,-0.0,0.0,0.0,0.0,0.0,63,2.3088396621844998e+20,89220.688,0.0,0.0,0.0,0.0,0.0,0.0,0.0,0,0,0,0.0,0.0,0.0,0.0,0.0,0.0,0.0,0.0,0.0,0.0,0.0,0.0,0.0,0.0,0.0,0.0,0,-107875648.0,63,0.0,126,2.7184242562605685e+23,-0.0,ERR,ERR,ERR,ERR,ERR,ERR,ERR,ERR,ERR,ERR,ERR,ERR,ERR,ERR,ERR,ERR,ERR,ERR,ERR,ERR,ERR,ERR,ERR,ERR,ERR,ERR,ERR,ERR,ERR,ERR,ERR,ERR,ERR,ERR,ERR,ERR,ERR,ERR,ERR,ERR,ERR,ERR,ERR,ERR,ERR,ERR,ERR,ERR,ERR,ERR,ERR,ERR,ERR,ERR,ERR,ERR,ERR,ERR,ERR,ERR,ERR,ERR,ERR,ERR,ERR,ERR,ERR,34.0,80.0,35,0.0,0.0,0.0,0.0,0.0,0.0,0.0,0.0,0.0,0.0,0.0,0.0,0.0,0.0,0.0,0.0,64.4,0,116,56,50,65476,0,300,0,0,8,20529,65476,0,0,57672,80.0,0.0,0.0,0.0,0.0,0.0
2026-06-17T04:21:12,ERR,ERR,ERR,ERR,ERR,ERR,ERR,ERR,ERR,ERR,ERR,ERR,ERR,ERR,ERR,ERR,ERR,ERR,ERR,ERR,ERR,ERR,ERR,ERR,ERR,ERR,ERR,ERR,ERR,ERR,ERR,ERR,ERR,ERR,ERR,ERR,ERR,ERR,ERR,ERR,ERR,ERR,ERR,ERR,ERR,ERR,ERR,ERR,ERR,ERR,ERR,ERR,ERR,ERR,ERR,ERR,ERR,ERR,ERR,ERR,ERR,ERR,ERR,ERR,ERR,ERR,ERR,ERR,ERR,ERR,ERR,ERR,ERR,ERR,ERR,ERR,ERR,ERR,ERR,ERR,ERR,ERR,ERR,ERR,ERR,ERR,ERR,ERR,ERR,ERR,ERR,ERR,ERR,ERR,ERR,ERR,ERR,ERR,ERR,ERR,ERR,ERR,ERR,ERR,ERR,ERR,ERR,ERR,ERR,ERR,ERR,ERR,ERR,ERR,ERR,ERR,ERR,ERR,ERR,ERR,ERR,ERR,ERR,ERR,ERR,0.0,0.0,0.0,0.0,0.0,1.3936040501711995e+18,7.805,0.0,0,0,4,0,7300,-0.0,0,0.0,0.0,0.0,0.0,0.0,0,0,0,0,0.0,0,0,0,0,0,0,0,0,0,0,0,0,0,0,0,0,0,0,0,0,0,0,0,0,0,0,0,0,0,0,0,0,0,32,30,30,62,65476,0,300,0,0,8,21553,0.0,-107605600.0,0.0,0.0,0.0,0.0,0.0,0.0,0.0,0.0,0.0,0.0,0.0,0.0,0.0,0.0,0.0,0.0,0.0,0.0,0.0,0.0,2.004,2.004,-0.0,-2.004,0.0,0.0,0.0,0.0,5383.0,-1.0406668663850192e+34,6975.0,0.0,0.0,-107615280.0,-0.0,0.0,0.0,0.0,0.0,63,2.3088396621844998e+20,89220.688,0.0,0.0,0.0,0.0,0.0,0.0,0.0,0,0,0,0.0,0.0,0.0,0.0,0.0,0.0,0.0,0.0,0.0,0.0,0.0,0.0,0.0,0.0,0.0,0.0,0,-107875648.0,63,0.0,126,2.7184242562605685e+23,-0.0,ERR,ERR,ERR,ERR,ERR,ERR,ERR,ERR,ERR,ERR,ERR,ERR,ERR,ERR,ERR,ERR,ERR,ERR,ERR,ERR,ERR,ERR,ERR,ERR,ERR,ERR,ERR,ERR,ERR,ERR,ERR,ERR,ERR,ERR,ERR,ERR,ERR,ERR,ERR,ERR,ERR,ERR,ERR,ERR,ERR,ERR,ERR,ERR,ERR,ERR,ERR,ERR,ERR,ERR,ERR,ERR,ERR,ERR,ERR,ERR,ERR,ERR,ERR,ERR,ERR,ERR,ERR,34.0,80.0,35,0.0,0.0,0.0,0.0,0.0,0.0,0.0,0.0,0.0,0.0,0.0,0.0,0.0,0.0,0.0,0.0,64.4,0,116,56,50,65476,0,300,0,0,8,20529,65476,0,0,57672,80.0,0.0,0.0,0.0,0.0,0.0
2026-06-17T04:21:13,ERR,ERR,ERR,ERR,ERR,ERR,ERR,ERR,ERR,ERR,ERR,ERR,ERR,ERR,ERR,ERR,ERR,ERR,ERR,ERR,ERR,ERR,ERR,ERR,ERR,ERR,ERR,ERR,ERR,ERR,ERR,ERR,ERR,ERR,ERR,ERR,ERR,ERR,ERR,ERR,ERR,ERR,ERR,ERR,ERR,ERR,ERR,ERR,ERR,ERR,ERR,ERR,ERR,ERR,ERR,ERR,ERR,ERR,ERR,ERR,ERR,ERR,ERR,ERR,ERR,ERR,ERR,ERR,ERR,ERR,ERR,ERR,ERR,ERR,ERR,ERR,ERR,ERR,ERR,ERR,ERR,ERR,ERR,ERR,ERR,ERR,ERR,ERR,ERR,ERR,ERR,ERR,ERR,ERR,ERR,ERR,ERR,ERR,ERR,ERR,ERR,ERR,ERR,ERR,ERR,ERR,ERR,ERR,ERR,ERR,ERR,ERR,ERR,ERR,ERR,ERR,ERR,ERR,ERR,ERR,ERR,ERR,ERR,ERR,ERR,0.0,0.0,0.0,0.0,0.0,1.3936040501711995e+18,7.805,0.0,0,0,4,0,7300,-0.0,0,0.0,0.0,0.0,0.0,0.0,0,0,0,0,0.0,0,0,0,0,0,0,0,0,0,0,0,0,0,0,0,0,0,0,0,0,0,0,0,0,0,0,0,0,0,0,0,0,0,32,30,30,62,65476,0,300,0,0,8,21553,0.0,-107605600.0,0.0,0.0,0.0,0.0,0.0,0.0,0.0,0.0,0.0,0.0,0.0,0.0,0.0,0.0,0.0,0.0,0.0,0.0,0.0,0.0,2.004,2.004,-0.0,-2.004,0.0,0.0,0.0,0.0,5383.0,-1.0406668663850192e+34,6975.0,0.0,0.0,-107615280.0,-0.0,0.0,0.0,0.0,0.0,63,2.3088396621844998e+20,89220.688,0.0,0.0,0.0,0.0,0.0,0.0,0.0,0,0,0,0.0,0.0,0.0,0.0,0.0,0.0,0.0,0.0,0.0,0.0,0.0,0.0,0.0,0.0,0.0,0.0,0,-107875648.0,63,0.0,126,2.7184242562605685e+23,-0.0,ERR,ERR,ERR,ERR,ERR,ERR,ERR,ERR,ERR,ERR,ERR,ERR,ERR,ERR,ERR,ERR,ERR,ERR,ERR,ERR,ERR,ERR,ERR,ERR,ERR,ERR,ERR,ERR,ERR,ERR,ERR,ERR,ERR,ERR,ERR,ERR,ERR,ERR,ERR,ERR,ERR,ERR,ERR,ERR,ERR,ERR,ERR,ERR,ERR,ERR,ERR,ERR,ERR,ERR,ERR,ERR,ERR,ERR,ERR,ERR,ERR,ERR,ERR,ERR,ERR,ERR,ERR,34.0,80.0,35,0.0,0.0,0.0,0.0,0.0,0.0,0.0,0.0,0.0,0.0,0.0,0.0,0.0,0.0,0.0,0.0,64.4,0,116,56,50,65476,0,300,0,0,8,20529,65476,0,0,57672,80.0,0.0,0.0,0.0,0.0,0.0
2026-06-17T04:21:14,ERR,ERR,ERR,ERR,ERR,ERR,ERR,ERR,ERR,ERR,ERR,ERR,ERR,ERR,ERR,ERR,ERR,ERR,ERR,ERR,ERR,ERR,ERR,ERR,ERR,ERR,ERR,ERR,ERR,ERR,ERR,ERR,ERR,ERR,ERR,ERR,ERR,ERR,ERR,ERR,ERR,ERR,ERR,ERR,ERR,ERR,ERR,ERR,ERR,ERR,ERR,ERR,ERR,ERR,ERR,ERR,ERR,ERR,ERR,ERR,ERR,ERR,ERR,ERR,ERR,ERR,ERR,ERR,ERR,ERR,ERR,ERR,ERR,ERR,ERR,ERR,ERR,ERR,ERR,ERR,ERR,ERR,ERR,ERR,ERR,ERR,ERR,ERR,ERR,ERR,ERR,ERR,ERR,ERR,ERR,ERR,ERR,ERR,ERR,ERR,ERR,ERR,ERR,ERR,ERR,ERR,ERR,ERR,ERR,ERR,ERR,ERR,ERR,ERR,ERR,ERR,ERR,ERR,ERR,ERR,ERR,ERR,ERR,ERR,ERR,0.0,0.0,0.0,0.0,0.0,1.3936040501711995e+18,7.805,0.0,0,0,4,0,7300,-0.0,0,0.0,0.0,0.0,0.0,0.0,0,0,0,0,0.0,0,0,0,0,0,0,0,0,0,0,0,0,0,0,0,0,0,0,0,0,0,0,0,0,0,0,0,0,0,0,0,0,0,32,30,30,62,65476,0,300,0,0,8,21553,0.0,-107605600.0,0.0,0.0,0.0,0.0,0.0,0.0,0.0,0.0,0.0,0.0,0.0,0.0,0.0,0.0,0.0,0.0,0.0,0.0,0.0,0.0,2.004,2.004,-0.0,-2.004,0.0,0.0,0.0,0.0,5383.0,-1.0406668663850192e+34,6975.0,0.0,0.0,-107615280.0,-0.0,0.0,0.0,0.0,0.0,63,2.3088396621844998e+20,89220.688,0.0,0.0,0.0,0.0,0.0,0.0,0.0,0,0,0,0.0,0.0,0.0,0.0,0.0,0.0,0.0,0.0,0.0,0.0,0.0,0.0,0.0,0.0,0.0,0.0,0,-107875648.0,63,0.0,126,2.7184242562605685e+23,-0.0,ERR,ERR,ERR,ERR,ERR,ERR,ERR,ERR,ERR,ERR,ERR,ERR,ERR,ERR,ERR,ERR,ERR,ERR,ERR,ERR,ERR,ERR,ERR,ERR,ERR,ERR,ERR,ERR,ERR,ERR,ERR,ERR,ERR,ERR,ERR,ERR,ERR,ERR,ERR,ERR,ERR,ERR,ERR,ERR,ERR,ERR,ERR,ERR,ERR,ERR,ERR,ERR,ERR,ERR,ERR,ERR,ERR,ERR,ERR,ERR,ERR,ERR,ERR,ERR,ERR,ERR,ERR,34.0,80.0,35,0.0,0.0,0.0,0.0,0.0,0.0,0.0,0.0,0.0,0.0,0.0,0.0,0.0,0.0,0.0,0.0,64.8,0,116,56,50,65476,0,300,0,0,8,20529,65476,0,0,57672,80.0,0.0,0.0,0.0,0.0,0.0
2026-06-17T04:21:15,ERR,ERR,ERR,ERR,ERR,ERR,ERR,ERR,ERR,ERR,ERR,ERR,ERR,ERR,ERR,ERR,ERR,ERR,ERR,ERR,ERR,ERR,ERR,ERR,ERR,ERR,ERR,ERR,ERR,ERR,ERR,ERR,ERR,ERR,ERR,ERR,ERR,ERR,ERR,ERR,ERR,ERR,ERR,ERR,ERR,ERR,ERR,ERR,ERR,ERR,ERR,ERR,ERR,ERR,ERR,ERR,ERR,ERR,ERR,ERR,ERR,ERR,ERR,ERR,ERR,ERR,ERR,ERR,ERR,ERR,ERR,ERR,ERR,ERR,ERR,ERR,ERR,ERR,ERR,ERR,ERR,ERR,ERR,ERR,ERR,ERR,ERR,ERR,ERR,ERR,ERR,ERR,ERR,ERR,ERR,ERR,ERR,ERR,ERR,ERR,ERR,ERR,ERR,ERR,ERR,ERR,ERR,ERR,ERR,ERR,ERR,ERR,ERR,ERR,ERR,ERR,ERR,ERR,ERR,ERR,ERR,ERR,ERR,ERR,ERR,0.0,0.0,0.0,0.0,0.0,1.3936040501711995e+18,7.805,0.0,0,0,4,0,7300,-0.0,0,0.0,0.0,0.0,0.0,0.0,0,0,0,0,0.0,0,0,0,0,0,0,0,0,0,0,0,0,0,0,0,0,0,0,0,0,0,0,0,0,0,0,0,0,0,0,0,0,0,32,30,30,62,65476,0,300,0,0,8,21553,0.0,-107605600.0,0.0,0.0,0.0,0.0,0.0,0.0,0.0,0.0,0.0,0.0,0.0,0.0,0.0,0.0,0.0,0.0,0.0,0.0,0.0,0.0,2.004,2.004,-0.0,-2.004,0.0,0.0,0.0,0.0,5383.0,-1.0406668663850192e+34,6975.0,0.0,0.0,-107615280.0,-0.0,0.0,0.0,0.0,0.0,63,2.3088396621844998e+20,89220.688,0.0,0.0,0.0,0.0,0.0,0.0,0.0,0,0,0,0.0,0.0,0.0,0.0,0.0,0.0,0.0,0.0,0.0,0.0,0.0,0.0,0.0,0.0,0.0,0.0,0,-107875648.0,63,0.0,126,2.7184242562605685e+23,-0.0,ERR,ERR,ERR,ERR,ERR,ERR,ERR,ERR,ERR,ERR,ERR,ERR,ERR,ERR,ERR,ERR,ERR,ERR,ERR,ERR,ERR,ERR,ERR,ERR,ERR,ERR,ERR,ERR,ERR,ERR,ERR,ERR,ERR,ERR,ERR,ERR,ERR,ERR,ERR,ERR,ERR,ERR,ERR,ERR,ERR,ERR,ERR,ERR,ERR,ERR,ERR,ERR,ERR,ERR,ERR,ERR,ERR,ERR,ERR,ERR,ERR,ERR,ERR,ERR,ERR,ERR,ERR,34.0,80.0,35,0.0,0.0,0.0,0.0,0.0,0.0,0.0,0.0,0.0,0.0,0.0,0.0,0.0,0.0,0.0,0.0,64.8,0,116,56,50,65476,0,300,0,0,8,20529,65476,0,0,57672,80.0,0.0,0.0,0.0,0.0,0.0
2026-06-17T04:21:16,ERR,ERR,ERR,ERR,ERR,ERR,ERR,ERR,ERR,ERR,ERR,ERR,ERR,ERR,ERR,ERR,ERR,ERR,ERR,ERR,ERR,ERR,ERR,ERR,ERR,ERR,ERR,ERR,ERR,ERR,ERR,ERR,ERR,ERR,ERR,ERR,ERR,ERR,ERR,ERR,ERR,ERR,ERR,ERR,ERR,ERR,ERR,ERR,ERR,ERR,ERR,ERR,ERR,ERR,ERR,ERR,ERR,ERR,ERR,ERR,ERR,ERR,ERR,ERR,ERR,ERR,ERR,ERR,ERR,ERR,ERR,ERR,ERR,ERR,ERR,ERR,ERR,ERR,ERR,ERR,ERR,ERR,ERR,ERR,ERR,ERR,ERR,ERR,ERR,ERR,ERR,ERR,ERR,ERR,ERR,ERR,ERR,ERR,ERR,ERR,ERR,ERR,ERR,ERR,ERR,ERR,ERR,ERR,ERR,ERR,ERR,ERR,ERR,ERR,ERR,ERR,ERR,ERR,ERR,ERR,ERR,ERR,ERR,ERR,ERR,0.0,0.0,0.0,0.0,0.0,1.3936040501711995e+18,7.805,0.0,0,0,4,0,7300,-0.0,0,0.0,0.0,0.0,0.0,0.0,0,0,0,0,0.0,0,0,0,0,0,0,0,0,0,0,0,0,0,0,0,0,0,0,0,0,0,0,0,0,0,0,0,0,0,0,0,0,0,32,30,30,62,65476,0,300,0,0,8,21553,0.0,-107605600.0,0.0,0.0,0.0,0.0,0.0,0.0,0.0,0.0,0.0,0.0,0.0,0.0,0.0,0.0,0.0,0.0,0.0,0.0,0.0,0.0,2.004,2.004,-0.0,-2.004,0.0,0.0,0.0,0.0,5413.0,0.0,6947.0,0.0,0.0,-107615280.0,-0.0,0.0,0.0,0.0,0.0,63,1.905697261480837e+17,2.7184202930928964e+23,0.0,0.0,0.0,0.0,0.0,0.0,0.0,0,0,0,0.0,0.0,0.0,0.0,0.0,0.0,0.0,0.0,0.0,0.0,0.0,0.0,0.0,0.0,0.0,0.0,0,-107875648.0,63,0.0,126,2.7184242562605685e+23,-0.0,ERR,ERR,ERR,ERR,ERR,ERR,ERR,ERR,ERR,ERR,ERR,ERR,ERR,ERR,ERR,ERR,ERR,ERR,ERR,ERR,ERR,ERR,ERR,ERR,ERR,ERR,ERR,ERR,ERR,ERR,ERR,ERR,ERR,ERR,ERR,ERR,ERR,ERR,ERR,ERR,ERR,ERR,ERR,ERR,ERR,ERR,ERR,ERR,ERR,ERR,ERR,ERR,ERR,ERR,ERR,ERR,ERR,ERR,ERR,ERR,ERR,ERR,ERR,ERR,ERR,ERR,ERR,34.0,80.0,35,0.0,0.0,0.0,0.0,0.0,0.0,0.0,0.0,0.0,0.0,0.0,0.0,0.0,0.0,0.0,0.0,64.4,0,116,56,50,65476,0,300,0,0,8,20529,65476,0,0,57672,80.0,0.0,0.0,0.0,0.0,0.0
2026-06-17T04:21:17,ERR,ERR,ERR,ERR,ERR,ERR,ERR,ERR,ERR,ERR,ERR,ERR,ERR,ERR,ERR,ERR,ERR,ERR,ERR,ERR,ERR,ERR,ERR,ERR,ERR,ERR,ERR,ERR,ERR,ERR,ERR,ERR,ERR,ERR,ERR,ERR,ERR,ERR,ERR,ERR,ERR,ERR,ERR,ERR,ERR,ERR,ERR,ERR,ERR,ERR,ERR,ERR,ERR,ERR,ERR,ERR,ERR,ERR,ERR,ERR,ERR,ERR,ERR,ERR,ERR,ERR,ERR,ERR,ERR,ERR,ERR,ERR,ERR,ERR,ERR,ERR,ERR,ERR,ERR,ERR,ERR,ERR,ERR,ERR,ERR,ERR,ERR,ERR,ERR,ERR,ERR,ERR,ERR,ERR,ERR,ERR,ERR,ERR,ERR,ERR,ERR,ERR,ERR,ERR,ERR,ERR,ERR,ERR,ERR,ERR,ERR,ERR,ERR,ERR,ERR,ERR,ERR,ERR,ERR,ERR,ERR,ERR,ERR,ERR,ERR,0.0,0.0,0.0,0.0,0.0,1.3936040501711995e+18,7.805,0.0,0,0,4,0,7300,-0.0,0,0.0,0.0,0.0,0.0,0.0,0,0,0,0,0.0,0,0,0,0,0,0,0,0,0,0,0,0,0,0,0,0,0,0,0,0,0,0,0,0,0,0,0,0,0,0,0,0,0,32,30,30,62,65476,0,300,0,0,8,21553,0.0,-107605600.0,0.0,0.0,0.0,0.0,0.0,0.0,0.0,0.0,0.0,0.0,0.0,0.0,0.0,0.0,0.0,0.0,0.0,0.0,0.0,0.0,2.004,2.004,-0.0,-2.004,0.0,0.0,0.0,0.0,5413.0,0.0,6947.0,0.0,0.0,-107615280.0,-0.0,0.0,0.0,0.0,0.0,63,1.905697261480837e+17,2.7184202930928964e+23,0.0,0.0,0.0,0.0,0.0,0.0,0.0,0,0,0,0.0,0.0,0.0,0.0,0.0,0.0,0.0,0.0,0.0,0.0,0.0,0.0,0.0,0.0,0.0,0.0,0,-107875648.0,63,0.0,126,2.7184242562605685e+23,-0.0,ERR,ERR,ERR,ERR,ERR,ERR,ERR,ERR,ERR,ERR,ERR,ERR,ERR,ERR,ERR,ERR,ERR,ERR,ERR,ERR,ERR,ERR,ERR,ERR,ERR,ERR,ERR,ERR,ERR,ERR,ERR,ERR,ERR,ERR,ERR,ERR,ERR,ERR,ERR,ERR,ERR,ERR,ERR,ERR,ERR,ERR,ERR,ERR,ERR,ERR,ERR,ERR,ERR,ERR,ERR,ERR,ERR,ERR,ERR,ERR,ERR,ERR,ERR,ERR,ERR,ERR,ERR,34.0,80.0,35,0.0,0.0,0.0,0.0,0.0,0.0,0.0,0.0,0.0,0.0,0.0,0.0,0.0,0.0,0.0,0.0,64.4,0,116,56,50,65476,0,300,0,0,8,20529,65476,0,0,57672,80.0,0.0,0.0,0.0,0.0,0.0
2026-06-17T04:21:18,ERR,ERR,ERR,ERR,ERR,ERR,ERR,ERR,ERR,ERR,ERR,ERR,ERR,ERR,ERR,ERR,ERR,ERR,ERR,ERR,ERR,ERR,ERR,ERR,ERR,ERR,ERR,ERR,ERR,ERR,ERR,ERR,ERR,ERR,ERR,ERR,ERR,ERR,ERR,ERR,ERR,ERR,ERR,ERR,ERR,ERR,ERR,ERR,ERR,ERR,ERR,ERR,ERR,ERR,ERR,ERR,ERR,ERR,ERR,ERR,ERR,ERR,ERR,ERR,ERR,ERR,ERR,ERR,ERR,ERR,ERR,ERR,ERR,ERR,ERR,ERR,ERR,ERR,ERR,ERR,ERR,ERR,ERR,ERR,ERR,ERR,ERR,ERR,ERR,ERR,ERR,ERR,ERR,ERR,ERR,ERR,ERR,ERR,ERR,ERR,ERR,ERR,ERR,ERR,ERR,ERR,ERR,ERR,ERR,ERR,ERR,ERR,ERR,ERR,ERR,ERR,ERR,ERR,ERR,ERR,ERR,ERR,ERR,ERR,ERR,0.0,0.0,0.0,0.0,0.0,1.3936040501711995e+18,7.805,0.0,0,0,4,0,7300,-0.0,0,0.0,0.0,0.0,0.0,0.0,0,0,0,0,0.0,0,0,0,0,0,0,0,0,0,0,0,0,0,0,0,0,0,0,0,0,0,0,0,0,0,0,0,0,0,0,0,0,0,32,30,30,62,65476,0,300,0,0,8,21553,0.0,-107605600.0,0.0,0.0,0.0,0.0,0.0,0.0,0.0,0.0,0.0,0.0,0.0,0.0,0.0,0.0,0.0,0.0,0.0,0.0,0.0,0.0,2.004,2.004,-0.0,-2.004,0.0,0.0,0.0,0.0,5413.0,0.0,6947.0,0.0,0.0,-107615280.0,-0.0,0.0,0.0,0.0,0.0,63,1.905697261480837e+17,2.7184202930928964e+23,0.0,0.0,0.0,0.0,0.0,0.0,0.0,0,0,0,0.0,0.0,0.0,0.0,0.0,0.0,0.0,0.0,0.0,0.0,0.0,0.0,0.0,0.0,0.0,0.0,0,-107875648.0,63,0.0,126,2.7184242562605685e+23,-0.0,ERR,ERR,ERR,ERR,ERR,ERR,ERR,ERR,ERR,ERR,ERR,ERR,ERR,ERR,ERR,ERR,ERR,ERR,ERR,ERR,ERR,ERR,ERR,ERR,ERR,ERR,ERR,ERR,ERR,ERR,ERR,ERR,ERR,ERR,ERR,ERR,ERR,ERR,ERR,ERR,ERR,ERR,ERR,ERR,ERR,ERR,ERR,ERR,ERR,ERR,ERR,ERR,ERR,ERR,ERR,ERR,ERR,ERR,ERR,ERR,ERR,ERR,ERR,ERR,ERR,ERR,ERR,34.0,80.0,35,0.0,0.0,0.0,0.0,0.0,0.0,0.0,0.0,0.0,0.0,0.0,0.0,0.0,0.0,0.0,0.0,64.4,0,116,56,50,65476,0,300,0,0,8,20529,65476,0,0,57672,80.0,0.0,0.0,0.0,0.0,0.0
2026-06-17T04:21:19,ERR,ERR,ERR,ERR,ERR,ERR,ERR,ERR,ERR,ERR,ERR,ERR,ERR,ERR,ERR,ERR,ERR,ERR,ERR,ERR,ERR,ERR,ERR,ERR,ERR,ERR,ERR,ERR,ERR,ERR,ERR,ERR,ERR,ERR,ERR,ERR,ERR,ERR,ERR,ERR,ERR,ERR,ERR,ERR,ERR,ERR,ERR,ERR,ERR,ERR,ERR,ERR,ERR,ERR,ERR,ERR,ERR,ERR,ERR,ERR,ERR,ERR,ERR,ERR,ERR,ERR,ERR,ERR,ERR,ERR,ERR,ERR,ERR,ERR,ERR,ERR,ERR,ERR,ERR,ERR,ERR,ERR,ERR,ERR,ERR,ERR,ERR,ERR,ERR,ERR,ERR,ERR,ERR,ERR,ERR,ERR,ERR,ERR,ERR,ERR,ERR,ERR,ERR,ERR,ERR,ERR,ERR,ERR,ERR,ERR,ERR,ERR,ERR,ERR,ERR,ERR,ERR,ERR,ERR,ERR,ERR,ERR,ERR,ERR,ERR,0.0,0.0,0.0,0.0,0.0,1.3936040501711995e+18,7.805,0.0,0,0,4,0,7300,-0.0,0,0.0,0.0,0.0,0.0,0.0,0,0,0,0,0.0,0,0,0,0,0,0,0,0,0,0,0,0,0,0,0,0,0,0,0,0,0,0,0,0,0,0,0,0,0,0,0,0,0,32,30,30,62,65476,0,300,0,0,8,21553,0.0,-107605600.0,0.0,0.0,0.0,0.0,0.0,0.0,0.0,0.0,0.0,0.0,0.0,0.0,0.0,0.0,0.0,0.0,0.0,0.0,0.0,0.0,2.004,2.004,-0.0,-2.004,0.0,0.0,0.0,0.0,5413.0,0.0,6947.0,0.0,0.0,-107615280.0,-0.0,0.0,0.0,0.0,0.0,63,1.905697261480837e+17,2.7184202930928964e+23,0.0,0.0,0.0,0.0,0.0,0.0,0.0,0,0,0,0.0,0.0,0.0,0.0,0.0,0.0,0.0,0.0,0.0,0.0,0.0,0.0,0.0,0.0,0.0,0.0,0,-107875648.0,63,0.0,126,2.7184242562605685e+23,-0.0,ERR,ERR,ERR,ERR,ERR,ERR,ERR,ERR,ERR,ERR,ERR,ERR,ERR,ERR,ERR,ERR,ERR,ERR,ERR,ERR,ERR,ERR,ERR,ERR,ERR,ERR,ERR,ERR,ERR,ERR,ERR,ERR,ERR,ERR,ERR,ERR,ERR,ERR,ERR,ERR,ERR,ERR,ERR,ERR,ERR,ERR,ERR,ERR,ERR,ERR,ERR,ERR,ERR,ERR,ERR,ERR,ERR,ERR,ERR,ERR,ERR,ERR,ERR,ERR,ERR,ERR,ERR,34.0,80.0,35,0.0,0.0,0.0,0.0,0.0,0.0,0.0,0.0,0.0,0.0,0.0,0.0,0.0,0.0,0.0,0.0,64.4,0,116,56,50,65476,0,300,0,0,8,20529,65476,0,0,57672,80.0,0.0,0.0,0.0,0.0,0.0
2026-06-17T04:21:20,ERR,ERR,ERR,ERR,ERR,ERR,ERR,ERR,ERR,ERR,ERR,ERR,ERR,ERR,ERR,ERR,ERR,ERR,ERR,ERR,ERR,ERR,ERR,ERR,ERR,ERR,ERR,ERR,ERR,ERR,ERR,ERR,ERR,ERR,ERR,ERR,ERR,ERR,ERR,ERR,ERR,ERR,ERR,ERR,ERR,ERR,ERR,ERR,ERR,ERR,ERR,ERR,ERR,ERR,ERR,ERR,ERR,ERR,ERR,ERR,ERR,ERR,ERR,ERR,ERR,ERR,ERR,ERR,ERR,ERR,ERR,ERR,ERR,ERR,ERR,ERR,ERR,ERR,ERR,ERR,ERR,ERR,ERR,ERR,ERR,ERR,ERR,ERR,ERR,ERR,ERR,ERR,ERR,ERR,ERR,ERR,ERR,ERR,ERR,ERR,ERR,ERR,ERR,ERR,ERR,ERR,ERR,ERR,ERR,ERR,ERR,ERR,ERR,ERR,ERR,ERR,ERR,ERR,ERR,ERR,ERR,ERR,ERR,ERR,ERR,0.0,0.0,0.0,0.0,0.0,1.3936040501711995e+18,7.805,0.0,0,0,4,0,7300,-0.0,0,0.0,0.0,0.0,0.0,0.0,0,0,0,0,0.0,0,0,0,0,0,0,0,0,0,0,0,0,0,0,0,0,0,0,0,0,0,0,0,0,0,0,0,0,0,0,0,0,0,32,30,30,62,65476,0,300,0,0,8,21553,0.0,-107605600.0,0.0,0.0,0.0,0.0,0.0,0.0,0.0,0.0,0.0,0.0,0.0,0.0,0.0,0.0,0.0,0.0,0.0,0.0,0.0,0.0,2.004,2.004,-0.0,-2.004,0.0,0.0,0.0,0.0,5413.0,0.0,6947.0,0.0,0.0,-107615280.0,-0.0,0.0,0.0,0.0,0.0,63,1.905697261480837e+17,2.7184202930928964e+23,0.0,0.0,0.0,0.0,0.0,0.0,0.0,0,0,0,0.0,0.0,0.0,0.0,0.0,0.0,0.0,0.0,0.0,0.0,0.0,0.0,0.0,0.0,0.0,0.0,0,-107875648.0,63,0.0,126,2.7184242562605685e+23,-0.0,ERR,ERR,ERR,ERR,ERR,ERR,ERR,ERR,ERR,ERR,ERR,ERR,ERR,ERR,ERR,ERR,ERR,ERR,ERR,ERR,ERR,ERR,ERR,ERR,ERR,ERR,ERR,ERR,ERR,ERR,ERR,ERR,ERR,ERR,ERR,ERR,ERR,ERR,ERR,ERR,ERR,ERR,ERR,ERR,ERR,ERR,ERR,ERR,ERR,ERR,ERR,ERR,ERR,ERR,ERR,ERR,ERR,ERR,ERR,ERR,ERR,ERR,ERR,ERR,ERR,ERR,ERR,34.0,80.0,35,0.0,0.0,0.0,0.0,0.0,0.0,0.0,0.0,0.0,0.0,0.0,0.0,0.0,0.0,0.0,0.0,64.4,0,116,56,50,65476,0,300,0,0,8,20529,65476,0,0,57672,80.0,0.0,0.0,0.0,0.0,0.0
2026-06-17T04:21:21,ERR,ERR,ERR,ERR,ERR,ERR,ERR,ERR,ERR,ERR,ERR,ERR,ERR,ERR,ERR,ERR,ERR,ERR,ERR,ERR,ERR,ERR,ERR,ERR,ERR,ERR,ERR,ERR,ERR,ERR,ERR,ERR,ERR,ERR,ERR,ERR,ERR,ERR,ERR,ERR,ERR,ERR,ERR,ERR,ERR,ERR,ERR,ERR,ERR,ERR,ERR,ERR,ERR,ERR,ERR,ERR,ERR,ERR,ERR,ERR,ERR,ERR,ERR,ERR,ERR,ERR,ERR,ERR,ERR,ERR,ERR,ERR,ERR,ERR,ERR,ERR,ERR,ERR,ERR,ERR,ERR,ERR,ERR,ERR,ERR,ERR,ERR,ERR,ERR,ERR,ERR,ERR,ERR,ERR,ERR,ERR,ERR,ERR,ERR,ERR,ERR,ERR,ERR,ERR,ERR,ERR,ERR,ERR,ERR,ERR,ERR,ERR,ERR,ERR,ERR,ERR,ERR,ERR,ERR,ERR,ERR,ERR,ERR,ERR,ERR,0.0,0.0,0.0,0.0,0.0,1.3936040501711995e+18,7.805,0.0,0,0,4,0,7300,-0.0,0,0.0,0.0,0.0,0.0,0.0,0,0,0,0,0.0,0,0,0,0,0,0,0,0,0,0,0,0,0,0,0,0,0,0,0,0,0,0,0,0,0,0,0,0,0,0,0,0,0,32,30,30,62,65476,0,300,0,0,8,21553,0.0,-107605600.0,0.0,0.0,0.0,0.0,0.0,0.0,0.0,0.0,0.0,0.0,0.0,0.0,0.0,0.0,0.0,0.0,0.0,0.0,0.0,0.0,2.004,2.004,-0.0,-2.004,0.0,0.0,0.0,0.0,5382.0,-2.004,6968.0,0.0,0.0,-107615280.0,-0.0,0.0,0.0,0.0,0.0,63,1.905697261480837e+17,0.0,0.0,0.0,0.0,0.0,0.0,0.0,0.0,0,0,0,0.0,0.0,0.0,0.0,0.0,0.0,0.0,0.0,0.0,0.0,0.0,0.0,0.0,0.0,0.0,0.0,0,-107875648.0,63,0.0,126,2.7184242562605685e+23,-0.0,ERR,ERR,ERR,ERR,ERR,ERR,ERR,ERR,ERR,ERR,ERR,ERR,ERR,ERR,ERR,ERR,ERR,ERR,ERR,ERR,ERR,ERR,ERR,ERR,ERR,ERR,ERR,ERR,ERR,ERR,ERR,ERR,ERR,ERR,ERR,ERR,ERR,ERR,ERR,ERR,ERR,ERR,ERR,ERR,ERR,ERR,ERR,ERR,ERR,ERR,ERR,ERR,ERR,ERR,ERR,ERR,ERR,ERR,ERR,ERR,ERR,ERR,ERR,ERR,ERR,ERR,ERR,34.0,80.0,35,0.0,0.0,0.0,0.0,0.0,0.0,0.0,0.0,0.0,0.0,0.0,0.0,0.0,0.0,0.0,0.0,64.4,0,116,56,50,65476,0,300,0,0,8,20529,65476,0,0,57672,80.0,0.0,0.0,0.0,0.0,0.0
2026-06-17T04:21:22,ERR,ERR,ERR,ERR,ERR,ERR,ERR,ERR,ERR,ERR,ERR,ERR,ERR,ERR,ERR,ERR,ERR,ERR,ERR,ERR,ERR,ERR,ERR,ERR,ERR,ERR,ERR,ERR,ERR,ERR,ERR,ERR,ERR,ERR,ERR,ERR,ERR,ERR,ERR,ERR,ERR,ERR,ERR,ERR,ERR,ERR,ERR,ERR,ERR,ERR,ERR,ERR,ERR,ERR,ERR,ERR,ERR,ERR,ERR,ERR,ERR,ERR,ERR,ERR,ERR,ERR,ERR,ERR,ERR,ERR,ERR,ERR,ERR,ERR,ERR,ERR,ERR,ERR,ERR,ERR,ERR,ERR,ERR,ERR,ERR,ERR,ERR,ERR,ERR,ERR,ERR,ERR,ERR,ERR,ERR,ERR,ERR,ERR,ERR,ERR,ERR,ERR,ERR,ERR,ERR,ERR,ERR,ERR,ERR,ERR,ERR,ERR,ERR,ERR,ERR,ERR,ERR,ERR,ERR,ERR,ERR,ERR,ERR,ERR,ERR,0.0,0.0,0.0,0.0,0.0,1.3936040501711995e+18,7.805,0.0,0,0,4,0,7300,-0.0,0,0.0,0.0,0.0,0.0,0.0,0,0,0,0,0.0,0,0,0,0,0,0,0,0,0,0,0,0,0,0,0,0,0,0,0,0,0,0,0,0,0,0,0,0,0,0,0,0,0,32,30,30,62,65476,0,300,0,0,8,21553,0.0,-107605600.0,0.0,0.0,0.0,0.0,0.0,0.0,0.0,0.0,0.0,0.0,0.0,0.0,0.0,0.0,0.0,0.0,0.0,0.0,0.0,0.0,2.004,2.004,-0.0,-2.004,0.0,0.0,0.0,0.0,5382.0,-2.004,6968.0,0.0,0.0,-107615280.0,-0.0,0.0,0.0,0.0,0.0,63,1.905697261480837e+17,0.0,0.0,0.0,0.0,0.0,0.0,0.0,0.0,0,0,0,0.0,0.0,0.0,0.0,0.0,0.0,0.0,0.0,0.0,0.0,0.0,0.0,0.0,0.0,0.0,0.0,0,-107875648.0,63,0.0,126,2.7184242562605685e+23,-0.0,ERR,ERR,ERR,ERR,ERR,ERR,ERR,ERR,ERR,ERR,ERR,ERR,ERR,ERR,ERR,ERR,ERR,ERR,ERR,ERR,ERR,ERR,ERR,ERR,ERR,ERR,ERR,ERR,ERR,ERR,ERR,ERR,ERR,ERR,ERR,ERR,ERR,ERR,ERR,ERR,ERR,ERR,ERR,ERR,ERR,ERR,ERR,ERR,ERR,ERR,ERR,ERR,ERR,ERR,ERR,ERR,ERR,ERR,ERR,ERR,ERR,ERR,ERR,ERR,ERR,ERR,ERR,34.0,80.0,35,0.0,0.0,0.0,0.0,0.0,0.0,0.0,0.0,0.0,0.0,0.0,0.0,0.0,0.0,0.0,0.0,64.4,0,116,56,50,65476,0,300,0,0,8,20529,65476,0,0,57672,80.0,0.0,0.0,0.0,0.0,0.0
2026-06-17T04:21:23,ERR,ERR,ERR,ERR,ERR,ERR,ERR,ERR,ERR,ERR,ERR,ERR,ERR,ERR,ERR,ERR,ERR,ERR,ERR,ERR,ERR,ERR,ERR,ERR,ERR,ERR,ERR,ERR,ERR,ERR,ERR,ERR,ERR,ERR,ERR,ERR,ERR,ERR,ERR,ERR,ERR,ERR,ERR,ERR,ERR,ERR,ERR,ERR,ERR,ERR,ERR,ERR,ERR,ERR,ERR,ERR,ERR,ERR,ERR,ERR,ERR,ERR,ERR,ERR,ERR,ERR,ERR,ERR,ERR,ERR,ERR,ERR,ERR,ERR,ERR,ERR,ERR,ERR,ERR,ERR,ERR,ERR,ERR,ERR,ERR,ERR,ERR,ERR,ERR,ERR,ERR,ERR,ERR,ERR,ERR,ERR,ERR,ERR,ERR,ERR,ERR,ERR,ERR,ERR,ERR,ERR,ERR,ERR,ERR,ERR,ERR,ERR,ERR,ERR,ERR,ERR,ERR,ERR,ERR,ERR,ERR,ERR,ERR,ERR,ERR,0.0,0.0,0.0,0.0,0.0,1.3936040501711995e+18,7.805,0.0,0,0,4,0,7300,-0.0,0,0.0,0.0,0.0,0.0,0.0,0,0,0,0,0.0,0,0,0,0,0,0,0,0,0,0,0,0,0,0,0,0,0,0,0,0,0,0,0,0,0,0,0,0,0,0,0,0,0,32,30,30,62,65476,0,300,0,0,8,21553,0.0,-107605600.0,0.0,0.0,0.0,0.0,0.0,0.0,0.0,0.0,0.0,0.0,0.0,0.0,0.0,0.0,0.0,0.0,0.0,0.0,0.0,0.0,2.004,2.004,-0.0,-2.004,0.0,0.0,0.0,0.0,5382.0,-2.004,6968.0,0.0,0.0,-107615280.0,-0.0,0.0,0.0,0.0,0.0,63,1.905697261480837e+17,0.0,0.0,0.0,0.0,0.0,0.0,0.0,0.0,0,0,0,0.0,0.0,0.0,0.0,0.0,0.0,0.0,0.0,0.0,0.0,0.0,0.0,0.0,0.0,0.0,0.0,0,-107875648.0,63,0.0,126,2.7184242562605685e+23,-0.0,ERR,ERR,ERR,ERR,ERR,ERR,ERR,ERR,ERR,ERR,ERR,ERR,ERR,ERR,ERR,ERR,ERR,ERR,ERR,ERR,ERR,ERR,ERR,ERR,ERR,ERR,ERR,ERR,ERR,ERR,ERR,ERR,ERR,ERR,ERR,ERR,ERR,ERR,ERR,ERR,ERR,ERR,ERR,ERR,ERR,ERR,ERR,ERR,ERR,ERR,ERR,ERR,ERR,ERR,ERR,ERR,ERR,ERR,ERR,ERR,ERR,ERR,ERR,ERR,ERR,ERR,ERR,34.0,80.0,35,0.0,0.0,0.0,0.0,0.0,0.0,0.0,0.0,0.0,0.0,0.0,0.0,0.0,0.0,0.0,0.0,64.4,0,116,56,50,65476,0,300,0,0,8,20529,65476,0,0,57672,80.0,0.0,0.0,0.0,0.0,0.0
2026-06-17T04:21:24,ERR,ERR,ERR,ERR,ERR,ERR,ERR,ERR,ERR,ERR,ERR,ERR,ERR,ERR,ERR,ERR,ERR,ERR,ERR,ERR,ERR,ERR,ERR,ERR,ERR,ERR,ERR,ERR,ERR,ERR,ERR,ERR,ERR,ERR,ERR,ERR,ERR,ERR,ERR,ERR,ERR,ERR,ERR,ERR,ERR,ERR,ERR,ERR,ERR,ERR,ERR,ERR,ERR,ERR,ERR,ERR,ERR,ERR,ERR,ERR,ERR,ERR,ERR,ERR,ERR,ERR,ERR,ERR,ERR,ERR,ERR,ERR,ERR,ERR,ERR,ERR,ERR,ERR,ERR,ERR,ERR,ERR,ERR,ERR,ERR,ERR,ERR,ERR,ERR,ERR,ERR,ERR,ERR,ERR,ERR,ERR,ERR,ERR,ERR,ERR,ERR,ERR,ERR,ERR,ERR,ERR,ERR,ERR,ERR,ERR,ERR,ERR,ERR,ERR,ERR,ERR,ERR,ERR,ERR,ERR,ERR,ERR,ERR,ERR,ERR,0.0,0.0,0.0,0.0,0.0,1.3936040501711995e+18,7.805,0.0,0,0,4,0,7300,-0.0,0,0.0,0.0,0.0,0.0,0.0,0,0,0,0,0.0,0,0,0,0,0,0,0,0,0,0,0,0,0,0,0,0,0,0,0,0,0,0,0,0,0,0,0,0,0,0,0,0,0,32,30,30,62,65476,0,300,0,0,8,21553,0.0,-107605600.0,0.0,0.0,0.0,0.0,0.0,0.0,0.0,0.0,0.0,0.0,0.0,0.0,0.0,0.0,0.0,0.0,0.0,0.0,0.0,0.0,2.004,2.004,-0.0,-2.004,0.0,0.0,0.0,0.0,5382.0,-2.004,6968.0,0.0,0.0,-107615280.0,-0.0,0.0,0.0,0.0,0.0,63,1.905697261480837e+17,0.0,0.0,0.0,0.0,0.0,0.0,0.0,0.0,0,0,0,0.0,0.0,0.0,0.0,0.0,0.0,0.0,0.0,0.0,0.0,0.0,0.0,0.0,0.0,0.0,0.0,0,-107875648.0,63,0.0,126,2.7184242562605685e+23,-0.0,ERR,ERR,ERR,ERR,ERR,ERR,ERR,ERR,ERR,ERR,ERR,ERR,ERR,ERR,ERR,ERR,ERR,ERR,ERR,ERR,ERR,ERR,ERR,ERR,ERR,ERR,ERR,ERR,ERR,ERR,ERR,ERR,ERR,ERR,ERR,ERR,ERR,ERR,ERR,ERR,ERR,ERR,ERR,ERR,ERR,ERR,ERR,ERR,ERR,ERR,ERR,ERR,ERR,ERR,ERR,ERR,ERR,ERR,ERR,ERR,ERR,ERR,ERR,ERR,ERR,ERR,ERR,34.0,80.0,35,0.0,0.0,0.0,0.0,0.0,0.0,0.0,0.0,0.0,0.0,0.0,0.0,0.0,0.0,0.0,0.0,64.4,0,116,56,50,65476,0,300,0,0,8,20529,65476,0,0,57672,80.0,0.0,0.0,0.0,0.0,0.0
2026-06-17T04:21:25,ERR,ERR,ERR,ERR,ERR,ERR,ERR,ERR,ERR,ERR,ERR,ERR,ERR,ERR,ERR,ERR,ERR,ERR,ERR,ERR,ERR,ERR,ERR,ERR,ERR,ERR,ERR,ERR,ERR,ERR,ERR,ERR,ERR,ERR,ERR,ERR,ERR,ERR,ERR,ERR,ERR,ERR,ERR,ERR,ERR,ERR,ERR,ERR,ERR,ERR,ERR,ERR,ERR,ERR,ERR,ERR,ERR,ERR,ERR,ERR,ERR,ERR,ERR,ERR,ERR,ERR,ERR,ERR,ERR,ERR,ERR,ERR,ERR,ERR,ERR,ERR,ERR,ERR,ERR,ERR,ERR,ERR,ERR,ERR,ERR,ERR,ERR,ERR,ERR,ERR,ERR,ERR,ERR,ERR,ERR,ERR,ERR,ERR,ERR,ERR,ERR,ERR,ERR,ERR,ERR,ERR,ERR,ERR,ERR,ERR,ERR,ERR,ERR,ERR,ERR,ERR,ERR,ERR,ERR,ERR,ERR,ERR,ERR,ERR,ERR,0.0,0.0,0.0,0.0,0.0,1.3936040501711995e+18,7.805,0.0,0,0,4,0,7300,-0.0,0,0.0,0.0,0.0,0.0,0.0,0,0,0,0,0.0,0,0,0,0,0,0,0,0,0,0,0,0,0,0,0,0,0,0,0,0,0,0,0,0,0,0,0,0,0,0,0,0,0,32,30,30,62,65476,0,300,0,0,8,21553,0.0,-107605600.0,0.0,0.0,0.0,0.0,0.0,0.0,0.0,0.0,0.0,0.0,0.0,0.0,0.0,0.0,0.0,0.0,0.0,0.0,0.0,0.0,2.004,2.004,-0.0,-2.004,0.0,0.0,0.0,0.0,5382.0,-2.004,6968.0,0.0,0.0,-107615280.0,-0.0,0.0,0.0,0.0,0.0,63,1.905697261480837e+17,0.0,0.0,0.0,0.0,0.0,0.0,0.0,0.0,0,0,0,0.0,0.0,0.0,0.0,0.0,0.0,0.0,0.0,0.0,0.0,0.0,0.0,0.0,0.0,0.0,0.0,0,-107875648.0,63,0.0,126,2.7184242562605685e+23,-0.0,ERR,ERR,ERR,ERR,ERR,ERR,ERR,ERR,ERR,ERR,ERR,ERR,ERR,ERR,ERR,ERR,ERR,ERR,ERR,ERR,ERR,ERR,ERR,ERR,ERR,ERR,ERR,ERR,ERR,ERR,ERR,ERR,ERR,ERR,ERR,ERR,ERR,ERR,ERR,ERR,ERR,ERR,ERR,ERR,ERR,ERR,ERR,ERR,ERR,ERR,ERR,ERR,ERR,ERR,ERR,ERR,ERR,ERR,ERR,ERR,ERR,ERR,ERR,ERR,ERR,ERR,ERR,34.0,80.0,35,0.0,0.0,0.0,0.0,0.0,0.0,0.0,0.0,0.0,0.0,0.0,0.0,0.0,0.0,0.0,0.0,64.4,0,116,56,50,65476,0,300,0,0,8,20529,65476,0,0,57672,80.0,0.0,0.0,0.0,0.0,0.0
2026-06-17T04:21:26,ERR,ERR,ERR,ERR,ERR,ERR,ERR,ERR,ERR,ERR,ERR,ERR,ERR,ERR,ERR,ERR,ERR,ERR,ERR,ERR,ERR,ERR,ERR,ERR,ERR,ERR,ERR,ERR,ERR,ERR,ERR,ERR,ERR,ERR,ERR,ERR,ERR,ERR,ERR,ERR,ERR,ERR,ERR,ERR,ERR,ERR,ERR,ERR,ERR,ERR,ERR,ERR,ERR,ERR,ERR,ERR,ERR,ERR,ERR,ERR,ERR,ERR,ERR,ERR,ERR,ERR,ERR,ERR,ERR,ERR,ERR,ERR,ERR,ERR,ERR,ERR,ERR,ERR,ERR,ERR,ERR,ERR,ERR,ERR,ERR,ERR,ERR,ERR,ERR,ERR,ERR,ERR,ERR,ERR,ERR,ERR,ERR,ERR,ERR,ERR,ERR,ERR,ERR,ERR,ERR,ERR,ERR,ERR,ERR,ERR,ERR,ERR,ERR,ERR,ERR,ERR,ERR,ERR,ERR,ERR,ERR,ERR,ERR,ERR,ERR,0.0,0.0,0.0,0.0,0.0,1.3936040501711995e+18,7.805,0.0,0,0,4,0,7300,-0.0,0,0.0,0.0,0.0,0.0,0.0,0,0,0,0,0.0,0,0,0,0,0,0,0,0,0,0,0,0,0,0,0,0,0,0,0,0,0,0,0,0,0,0,0,0,0,0,0,0,0,32,30,30,62,65476,0,300,0,0,8,21553,0.0,-107605600.0,0.0,0.0,0.0,0.0,0.0,0.0,0.0,0.0,0.0,0.0,0.0,0.0,0.0,0.0,0.0,0.0,0.0,0.0,0.0,0.0,2.004,2.004,-0.0,-2.004,0.0,0.0,0.0,0.0,5383.0,-0.0,6963.0,0.0,0.0,-107615280.0,-0.0,0.0,0.0,0.0,0.0,63,2.3088396621844998e+20,-107614904.0,0.0,0.0,0.0,0.0,0.0,0.0,0.0,0,0,0,0.0,0.0,0.0,0.0,0.0,0.0,0.0,0.0,0.0,0.0,0.0,0.0,0.0,0.0,0.0,0.0,0,-107875648.0,63,0.0,126,2.7184242562605685e+23,-0.0,ERR,ERR,ERR,ERR,ERR,ERR,ERR,ERR,ERR,ERR,ERR,ERR,ERR,ERR,ERR,ERR,ERR,ERR,ERR,ERR,ERR,ERR,ERR,ERR,ERR,ERR,ERR,ERR,ERR,ERR,ERR,ERR,ERR,ERR,ERR,ERR,ERR,ERR,ERR,ERR,ERR,ERR,ERR,ERR,ERR,ERR,ERR,ERR,ERR,ERR,ERR,ERR,ERR,ERR,ERR,ERR,ERR,ERR,ERR,ERR,ERR,ERR,ERR,ERR,ERR,ERR,ERR,34.0,80.0,35,0.0,0.0,0.0,0.0,0.0,0.0,0.0,0.0,0.0,0.0,0.0,0.0,0.0,0.0,0.0,0.0,64.8,0,116,56,50,65476,0,300,0,0,8,20529,65476,0,0,57672,80.0,0.0,0.0,0.0,0.0,0.0
2026-06-17T04:21:27,ERR,ERR,ERR,ERR,ERR,ERR,ERR,ERR,ERR,ERR,ERR,ERR,ERR,ERR,ERR,ERR,ERR,ERR,ERR,ERR,ERR,ERR,ERR,ERR,ERR,ERR,ERR,ERR,ERR,ERR,ERR,ERR,ERR,ERR,ERR,ERR,ERR,ERR,ERR,ERR,ERR,ERR,ERR,ERR,ERR,ERR,ERR,ERR,ERR,ERR,ERR,ERR,ERR,ERR,ERR,ERR,ERR,ERR,ERR,ERR,ERR,ERR,ERR,ERR,ERR,ERR,ERR,ERR,ERR,ERR,ERR,ERR,ERR,ERR,ERR,ERR,ERR,ERR,ERR,ERR,ERR,ERR,ERR,ERR,ERR,ERR,ERR,ERR,ERR,ERR,ERR,ERR,ERR,ERR,ERR,ERR,ERR,ERR,ERR,ERR,ERR,ERR,ERR,ERR,ERR,ERR,ERR,ERR,ERR,ERR,ERR,ERR,ERR,ERR,ERR,ERR,ERR,ERR,ERR,ERR,ERR,ERR,ERR,ERR,ERR,0.0,0.0,0.0,0.0,0.0,1.3936040501711995e+18,7.805,0.0,0,0,4,0,7300,-0.0,0,0.0,0.0,0.0,0.0,0.0,0,0,0,0,0.0,0,0,0,0,0,0,0,0,0,0,0,0,0,0,0,0,0,0,0,0,0,0,0,0,0,0,0,0,0,0,0,0,0,32,30,30,62,65476,0,300,0,0,8,21553,0.0,-107605600.0,0.0,0.0,0.0,0.0,0.0,0.0,0.0,0.0,0.0,0.0,0.0,0.0,0.0,0.0,0.0,0.0,0.0,0.0,0.0,0.0,2.004,2.004,-0.0,-2.004,0.0,0.0,0.0,0.0,5383.0,-0.0,6963.0,0.0,0.0,-107615280.0,-0.0,0.0,0.0,0.0,0.0,63,2.3088396621844998e+20,-107614904.0,0.0,0.0,0.0,0.0,0.0,0.0,0.0,0,0,0,0.0,0.0,0.0,0.0,0.0,0.0,0.0,0.0,0.0,0.0,0.0,0.0,0.0,0.0,0.0,0.0,0,-107875648.0,63,0.0,126,2.7184242562605685e+23,-0.0,ERR,ERR,ERR,ERR,ERR,ERR,ERR,ERR,ERR,ERR,ERR,ERR,ERR,ERR,ERR,ERR,ERR,ERR,ERR,ERR,ERR,ERR,ERR,ERR,ERR,ERR,ERR,ERR,ERR,ERR,ERR,ERR,ERR,ERR,ERR,ERR,ERR,ERR,ERR,ERR,ERR,ERR,ERR,ERR,ERR,ERR,ERR,ERR,ERR,ERR,ERR,ERR,ERR,ERR,ERR,ERR,ERR,ERR,ERR,ERR,ERR,ERR,ERR,ERR,ERR,ERR,ERR,34.0,80.0,35,0.0,0.0,0.0,0.0,0.0,0.0,0.0,0.0,0.0,0.0,0.0,0.0,0.0,0.0,0.0,0.0,64.8,0,116,56,50,65476,0,300,0,0,8,20529,65476,0,0,57672,80.0,0.0,0.0,0.0,0.0,0.0
2026-06-17T04:21:28,ERR,ERR,ERR,ERR,ERR,ERR,ERR,ERR,ERR,ERR,ERR,ERR,ERR,ERR,ERR,ERR,ERR,ERR,ERR,ERR,ERR,ERR,ERR,ERR,ERR,ERR,ERR,ERR,ERR,ERR,ERR,ERR,ERR,ERR,ERR,ERR,ERR,ERR,ERR,ERR,ERR,ERR,ERR,ERR,ERR,ERR,ERR,ERR,ERR,ERR,ERR,ERR,ERR,ERR,ERR,ERR,ERR,ERR,ERR,ERR,ERR,ERR,ERR,ERR,ERR,ERR,ERR,ERR,ERR,ERR,ERR,ERR,ERR,ERR,ERR,ERR,ERR,ERR,ERR,ERR,ERR,ERR,ERR,ERR,ERR,ERR,ERR,ERR,ERR,ERR,ERR,ERR,ERR,ERR,ERR,ERR,ERR,ERR,ERR,ERR,ERR,ERR,ERR,ERR,ERR,ERR,ERR,ERR,ERR,ERR,ERR,ERR,ERR,ERR,ERR,ERR,ERR,ERR,ERR,ERR,ERR,ERR,ERR,ERR,ERR,0.0,0.0,0.0,0.0,0.0,1.3936040501711995e+18,7.805,0.0,0,0,4,0,7300,-0.0,0,0.0,0.0,0.0,0.0,0.0,0,0,0,0,0.0,0,0,0,0,0,0,0,0,0,0,0,0,0,0,0,0,0,0,0,0,0,0,0,0,0,0,0,0,0,0,0,0,0,32,30,30,62,65476,0,300,0,0,8,21553,0.0,-107605600.0,0.0,0.0,0.0,0.0,0.0,0.0,0.0,0.0,0.0,0.0,0.0,0.0,0.0,0.0,0.0,0.0,0.0,0.0,0.0,0.0,2.004,2.004,-0.0,-2.004,0.0,0.0,0.0,0.0,5383.0,-0.0,6963.0,0.0,0.0,-107615280.0,-0.0,0.0,0.0,0.0,0.0,63,2.3088396621844998e+20,-107614904.0,0.0,0.0,0.0,0.0,0.0,0.0,0.0,0,0,0,0.0,0.0,0.0,0.0,0.0,0.0,0.0,0.0,0.0,0.0,0.0,0.0,0.0,0.0,0.0,0.0,0,-107875648.0,63,0.0,126,2.7184242562605685e+23,-0.0,ERR,ERR,ERR,ERR,ERR,ERR,ERR,ERR,ERR,ERR,ERR,ERR,ERR,ERR,ERR,ERR,ERR,ERR,ERR,ERR,ERR,ERR,ERR,ERR,ERR,ERR,ERR,ERR,ERR,ERR,ERR,ERR,ERR,ERR,ERR,ERR,ERR,ERR,ERR,ERR,ERR,ERR,ERR,ERR,ERR,ERR,ERR,ERR,ERR,ERR,ERR,ERR,ERR,ERR,ERR,ERR,ERR,ERR,ERR,ERR,ERR,ERR,ERR,ERR,ERR,ERR,ERR,34.0,80.0,35,0.0,0.0,0.0,0.0,0.0,0.0,0.0,0.0,0.0,0.0,0.0,0.0,0.0,0.0,0.0,0.0,64.4,0,116,56,50,65476,0,300,0,0,8,20529,65476,0,0,57672,80.0,0.0,0.0,0.0,0.0,0.0
2026-06-17T04:21:29,ERR,ERR,ERR,ERR,ERR,ERR,ERR,ERR,ERR,ERR,ERR,ERR,ERR,ERR,ERR,ERR,ERR,ERR,ERR,ERR,ERR,ERR,ERR,ERR,ERR,ERR,ERR,ERR,ERR,ERR,ERR,ERR,ERR,ERR,ERR,ERR,ERR,ERR,ERR,ERR,ERR,ERR,ERR,ERR,ERR,ERR,ERR,ERR,ERR,ERR,ERR,ERR,ERR,ERR,ERR,ERR,ERR,ERR,ERR,ERR,ERR,ERR,ERR,ERR,ERR,ERR,ERR,ERR,ERR,ERR,ERR,ERR,ERR,ERR,ERR,ERR,ERR,ERR,ERR,ERR,ERR,ERR,ERR,ERR,ERR,ERR,ERR,ERR,ERR,ERR,ERR,ERR,ERR,ERR,ERR,ERR,ERR,ERR,ERR,ERR,ERR,ERR,ERR,ERR,ERR,ERR,ERR,ERR,ERR,ERR,ERR,ERR,ERR,ERR,ERR,ERR,ERR,ERR,ERR,ERR,ERR,ERR,ERR,ERR,ERR,0.0,0.0,0.0,0.0,0.0,1.3936040501711995e+18,7.805,0.0,0,0,4,0,7300,-0.0,0,0.0,0.0,0.0,0.0,0.0,0,0,0,0,0.0,0,0,0,0,0,0,0,0,0,0,0,0,0,0,0,0,0,0,0,0,0,0,0,0,0,0,0,0,0,0,0,0,0,32,30,30,62,65476,0,300,0,0,8,21553,0.0,-107605600.0,0.0,0.0,0.0,0.0,0.0,0.0,0.0,0.0,0.0,0.0,0.0,0.0,0.0,0.0,0.0,0.0,0.0,0.0,0.0,0.0,2.004,2.004,-0.0,-2.004,0.0,0.0,0.0,0.0,5383.0,-0.0,6963.0,0.0,0.0,-107615280.0,-0.0,0.0,0.0,0.0,0.0,63,2.3088396621844998e+20,-107614904.0,0.0,0.0,0.0,0.0,0.0,0.0,0.0,0,0,0,0.0,0.0,0.0,0.0,0.0,0.0,0.0,0.0,0.0,0.0,0.0,0.0,0.0,0.0,0.0,0.0,0,-107875648.0,63,0.0,126,2.7184242562605685e+23,-0.0,ERR,ERR,ERR,ERR,ERR,ERR,ERR,ERR,ERR,ERR,ERR,ERR,ERR,ERR,ERR,ERR,ERR,ERR,ERR,ERR,ERR,ERR,ERR,ERR,ERR,ERR,ERR,ERR,ERR,ERR,ERR,ERR,ERR,ERR,ERR,ERR,ERR,ERR,ERR,ERR,ERR,ERR,ERR,ERR,ERR,ERR,ERR,ERR,ERR,ERR,ERR,ERR,ERR,ERR,ERR,ERR,ERR,ERR,ERR,ERR,ERR,ERR,ERR,ERR,ERR,ERR,ERR,34.0,80.0,35,0.0,0.0,0.0,0.0,0.0,0.0,0.0,0.0,0.0,0.0,0.0,0.0,0.0,0.0,0.0,0.0,64.4,0,116,56,50,65476,0,300,0,0,8,20529,65476,0,0,57672,80.0,0.0,0.0,0.0,0.0,0.0
2026-06-17T04:21:30,ERR,ERR,ERR,ERR,ERR,ERR,ERR,ERR,ERR,ERR,ERR,ERR,ERR,ERR,ERR,ERR,ERR,ERR,ERR,ERR,ERR,ERR,ERR,ERR,ERR,ERR,ERR,ERR,ERR,ERR,ERR,ERR,ERR,ERR,ERR,ERR,ERR,ERR,ERR,ERR,ERR,ERR,ERR,ERR,ERR,ERR,ERR,ERR,ERR,ERR,ERR,ERR,ERR,ERR,ERR,ERR,ERR,ERR,ERR,ERR,ERR,ERR,ERR,ERR,ERR,ERR,ERR,ERR,ERR,ERR,ERR,ERR,ERR,ERR,ERR,ERR,ERR,ERR,ERR,ERR,ERR,ERR,ERR,ERR,ERR,ERR,ERR,ERR,ERR,ERR,ERR,ERR,ERR,ERR,ERR,ERR,ERR,ERR,ERR,ERR,ERR,ERR,ERR,ERR,ERR,ERR,ERR,ERR,ERR,ERR,ERR,ERR,ERR,ERR,ERR,ERR,ERR,ERR,ERR,ERR,ERR,ERR,ERR,ERR,ERR,0.0,0.0,0.0,0.0,0.0,1.3936040501711995e+18,7.805,0.0,0,0,4,0,7300,-0.0,0,0.0,0.0,0.0,0.0,0.0,0,0,0,0,0.0,0,0,0,0,0,0,0,0,0,0,0,0,0,0,0,0,0,0,0,0,0,0,0,0,0,0,0,0,0,0,0,0,0,32,30,30,62,65476,0,300,0,0,8,21553,0.0,-107605600.0,0.0,0.0,0.0,0.0,0.0,0.0,0.0,0.0,0.0,0.0,0.0,0.0,0.0,0.0,0.0,0.0,0.0,0.0,0.0,0.0,2.004,2.004,-0.0,-2.004,0.0,0.0,0.0,0.0,5383.0,-0.0,6963.0,0.0,0.0,-107615280.0,-0.0,0.0,0.0,0.0,0.0,63,2.3088396621844998e+20,-107614904.0,0.0,0.0,0.0,0.0,0.0,0.0,0.0,0,0,0,0.0,0.0,0.0,0.0,0.0,0.0,0.0,0.0,0.0,0.0,0.0,0.0,0.0,0.0,0.0,0.0,0,-107875648.0,63,0.0,126,2.7184242562605685e+23,-0.0,ERR,ERR,ERR,ERR,ERR,ERR,ERR,ERR,ERR,ERR,ERR,ERR,ERR,ERR,ERR,ERR,ERR,ERR,ERR,ERR,ERR,ERR,ERR,ERR,ERR,ERR,ERR,ERR,ERR,ERR,ERR,ERR,ERR,ERR,ERR,ERR,ERR,ERR,ERR,ERR,ERR,ERR,ERR,ERR,ERR,ERR,ERR,ERR,ERR,ERR,ERR,ERR,ERR,ERR,ERR,ERR,ERR,ERR,ERR,ERR,ERR,ERR,ERR,ERR,ERR,ERR,ERR,34.0,80.0,35,0.0,0.0,0.0,0.0,0.0,0.0,0.0,0.0,0.0,0.0,0.0,0.0,0.0,0.0,0.0,0.0,64.8,0,116,56,50,65476,0,300,0,0,8,20529,65476,0,0,57672,80.0,0.0,0.0,0.0,0.0,0.0
2026-06-17T04:21:31,ERR,ERR,ERR,ERR,ERR,ERR,ERR,ERR,ERR,ERR,ERR,ERR,ERR,ERR,ERR,ERR,ERR,ERR,ERR,ERR,ERR,ERR,ERR,ERR,ERR,ERR,ERR,ERR,ERR,ERR,ERR,ERR,ERR,ERR,ERR,ERR,ERR,ERR,ERR,ERR,ERR,ERR,ERR,ERR,ERR,ERR,ERR,ERR,ERR,ERR,ERR,ERR,ERR,ERR,ERR,ERR,ERR,ERR,ERR,ERR,ERR,ERR,ERR,ERR,ERR,ERR,ERR,ERR,ERR,ERR,ERR,ERR,ERR,ERR,ERR,ERR,ERR,ERR,ERR,ERR,ERR,ERR,ERR,ERR,ERR,ERR,ERR,ERR,ERR,ERR,ERR,ERR,ERR,ERR,ERR,ERR,ERR,ERR,ERR,ERR,ERR,ERR,ERR,ERR,ERR,ERR,ERR,ERR,ERR,ERR,ERR,ERR,ERR,ERR,ERR,ERR,ERR,ERR,ERR,ERR,ERR,ERR,ERR,ERR,ERR,0.0,0.0,0.0,0.0,0.0,1.3936040501711995e+18,7.805,0.0,0,0,4,0,7300,-0.0,0,0.0,0.0,0.0,0.0,0.0,0,0,0,0,0.0,0,0,0,0,0,0,0,0,0,0,0,0,0,0,0,0,0,0,0,0,0,0,0,0,0,0,0,0,0,0,0,0,0,32,30,30,62,65476,0,300,0,0,8,21553,0.0,-107605600.0,0.0,0.0,0.0,0.0,0.0,0.0,0.0,0.0,0.0,0.0,0.0,0.0,0.0,0.0,0.0,0.0,0.0,0.0,0.0,0.0,2.004,2.004,-0.0,-2.004,0.0,0.0,0.0,0.0,5383.0,1.0406668663850192e+34,6959.0,0.0,0.0,-107615280.0,-0.0,0.0,0.0,0.0,0.0,63,2.3088396621844998e+20,5.84806162527158e+35,0.0,0.0,0.0,0.0,0.0,0.0,0.0,0,0,0,0.0,0.0,0.0,0.0,0.0,0.0,0.0,0.0,0.0,0.0,0.0,0.0,0.0,0.0,0.0,0.0,0,-107875648.0,63,0.0,126,2.7184242562605685e+23,-0.0,ERR,ERR,ERR,ERR,ERR,ERR,ERR,ERR,ERR,ERR,ERR,ERR,ERR,ERR,ERR,ERR,ERR,ERR,ERR,ERR,ERR,ERR,ERR,ERR,ERR,ERR,ERR,ERR,ERR,ERR,ERR,ERR,ERR,ERR,ERR,ERR,ERR,ERR,ERR,ERR,ERR,ERR,ERR,ERR,ERR,ERR,ERR,ERR,ERR,ERR,ERR,ERR,ERR,ERR,ERR,ERR,ERR,ERR,ERR,ERR,ERR,ERR,ERR,ERR,ERR,ERR,ERR,34.0,80.0,35,0.0,0.0,0.0,0.0,0.0,0.0,0.0,0.0,0.0,0.0,0.0,0.0,0.0,0.0,0.0,0.0,64.8,0,116,56,50,65476,0,300,0,0,8,20529,65476,0,0,57672,80.0,0.0,0.0,0.0,0.0,0.0
2026-06-17T04:21:32,ERR,ERR,ERR,ERR,ERR,ERR,ERR,ERR,ERR,ERR,ERR,ERR,ERR,ERR,ERR,ERR,ERR,ERR,ERR,ERR,ERR,ERR,ERR,ERR,ERR,ERR,ERR,ERR,ERR,ERR,ERR,ERR,ERR,ERR,ERR,ERR,ERR,ERR,ERR,ERR,ERR,ERR,ERR,ERR,ERR,ERR,ERR,ERR,ERR,ERR,ERR,ERR,ERR,ERR,ERR,ERR,ERR,ERR,ERR,ERR,ERR,ERR,ERR,ERR,ERR,ERR,ERR,ERR,ERR,ERR,ERR,ERR,ERR,ERR,ERR,ERR,ERR,ERR,ERR,ERR,ERR,ERR,ERR,ERR,ERR,ERR,ERR,ERR,ERR,ERR,ERR,ERR,ERR,ERR,ERR,ERR,ERR,ERR,ERR,ERR,ERR,ERR,ERR,ERR,ERR,ERR,ERR,ERR,ERR,ERR,ERR,ERR,ERR,ERR,ERR,ERR,ERR,ERR,ERR,ERR,ERR,ERR,ERR,ERR,ERR,0.0,0.0,0.0,0.0,0.0,1.3936040501711995e+18,7.805,0.0,0,0,4,0,7300,-0.0,0,0.0,0.0,0.0,0.0,0.0,0,0,0,0,0.0,0,0,0,0,0,0,0,0,0,0,0,0,0,0,0,0,0,0,0,0,0,0,0,0,0,0,0,0,0,0,0,0,0,32,30,30,62,65476,0,300,0,0,8,21553,0.0,-107605600.0,0.0,0.0,0.0,0.0,0.0,0.0,0.0,0.0,0.0,0.0,0.0,0.0,0.0,0.0,0.0,0.0,0.0,0.0,0.0,0.0,2.004,2.004,-0.0,-2.004,0.0,0.0,0.0,0.0,5383.0,1.0406668663850192e+34,6959.0,0.0,0.0,-107615280.0,-0.0,0.0,0.0,0.0,0.0,63,2.3088396621844998e+20,5.84806162527158e+35,0.0,0.0,0.0,0.0,0.0,0.0,0.0,0,0,0,0.0,0.0,0.0,0.0,0.0,0.0,0.0,0.0,0.0,0.0,0.0,0.0,0.0,0.0,0.0,0.0,0,-107875648.0,63,0.0,126,2.7184242562605685e+23,-0.0,ERR,ERR,ERR,ERR,ERR,ERR,ERR,ERR,ERR,ERR,ERR,ERR,ERR,ERR,ERR,ERR,ERR,ERR,ERR,ERR,ERR,ERR,ERR,ERR,ERR,ERR,ERR,ERR,ERR,ERR,ERR,ERR,ERR,ERR,ERR,ERR,ERR,ERR,ERR,ERR,ERR,ERR,ERR,ERR,ERR,ERR,ERR,ERR,ERR,ERR,ERR,ERR,ERR,ERR,ERR,ERR,ERR,ERR,ERR,ERR,ERR,ERR,ERR,ERR,ERR,ERR,ERR,34.0,80.0,35,0.0,0.0,0.0,0.0,0.0,0.0,0.0,0.0,0.0,0.0,0.0,0.0,0.0,0.0,0.0,0.0,64.8,0,116,56,50,65476,0,300,0,0,8,20529,65476,0,0,57672,80.0,0.0,0.0,0.0,0.0,0.0
2026-06-17T04:21:33,ERR,ERR,ERR,ERR,ERR,ERR,ERR,ERR,ERR,ERR,ERR,ERR,ERR,ERR,ERR,ERR,ERR,ERR,ERR,ERR,ERR,ERR,ERR,ERR,ERR,ERR,ERR,ERR,ERR,ERR,ERR,ERR,ERR,ERR,ERR,ERR,ERR,ERR,ERR,ERR,ERR,ERR,ERR,ERR,ERR,ERR,ERR,ERR,ERR,ERR,ERR,ERR,ERR,ERR,ERR,ERR,ERR,ERR,ERR,ERR,ERR,ERR,ERR,ERR,ERR,ERR,ERR,ERR,ERR,ERR,ERR,ERR,ERR,ERR,ERR,ERR,ERR,ERR,ERR,ERR,ERR,ERR,ERR,ERR,ERR,ERR,ERR,ERR,ERR,ERR,ERR,ERR,ERR,ERR,ERR,ERR,ERR,ERR,ERR,ERR,ERR,ERR,ERR,ERR,ERR,ERR,ERR,ERR,ERR,ERR,ERR,ERR,ERR,ERR,ERR,ERR,ERR,ERR,ERR,ERR,ERR,ERR,ERR,ERR,ERR,0.0,0.0,0.0,0.0,0.0,1.3936040501711995e+18,7.805,0.0,0,0,4,0,7300,-0.0,0,0.0,0.0,0.0,0.0,0.0,0,0,0,0,0.0,0,0,0,0,0,0,0,0,0,0,0,0,0,0,0,0,0,0,0,0,0,0,0,0,0,0,0,0,0,0,0,0,0,32,30,30,62,65476,0,300,0,0,8,21553,0.0,-107605600.0,0.0,0.0,0.0,0.0,0.0,0.0,0.0,0.0,0.0,0.0,0.0,0.0,0.0,0.0,0.0,0.0,0.0,0.0,0.0,0.0,2.004,2.004,-0.0,-2.004,0.0,0.0,0.0,0.0,5383.0,1.0406668663850192e+34,6959.0,0.0,0.0,-107615280.0,-0.0,0.0,0.0,0.0,0.0,63,2.3088396621844998e+20,5.84806162527158e+35,0.0,0.0,0.0,0.0,0.0,0.0,0.0,0,0,0,0.0,0.0,0.0,0.0,0.0,0.0,0.0,0.0,0.0,0.0,0.0,0.0,0.0,0.0,0.0,0.0,0,-107875648.0,63,0.0,126,2.7184242562605685e+23,-0.0,ERR,ERR,ERR,ERR,ERR,ERR,ERR,ERR,ERR,ERR,ERR,ERR,ERR,ERR,ERR,ERR,ERR,ERR,ERR,ERR,ERR,ERR,ERR,ERR,ERR,ERR,ERR,ERR,ERR,ERR,ERR,ERR,ERR,ERR,ERR,ERR,ERR,ERR,ERR,ERR,ERR,ERR,ERR,ERR,ERR,ERR,ERR,ERR,ERR,ERR,ERR,ERR,ERR,ERR,ERR,ERR,ERR,ERR,ERR,ERR,ERR,ERR,ERR,ERR,ERR,ERR,ERR,34.0,80.0,35,0.0,0.0,0.0,0.0,0.0,0.0,0.0,0.0,0.0,0.0,0.0,0.0,0.0,0.0,0.0,0.0,64.8,0,116,56,50,65476,0,300,0,0,8,20529,65476,0,0,57672,80.0,0.0,0.0,0.0,0.0,0.0
2026-06-17T04:21:34,ERR,ERR,ERR,ERR,ERR,ERR,ERR,ERR,ERR,ERR,ERR,ERR,ERR,ERR,ERR,ERR,ERR,ERR,ERR,ERR,ERR,ERR,ERR,ERR,ERR,ERR,ERR,ERR,ERR,ERR,ERR,ERR,ERR,ERR,ERR,ERR,ERR,ERR,ERR,ERR,ERR,ERR,ERR,ERR,ERR,ERR,ERR,ERR,ERR,ERR,ERR,ERR,ERR,ERR,ERR,ERR,ERR,ERR,ERR,ERR,ERR,ERR,ERR,ERR,ERR,ERR,ERR,ERR,ERR,ERR,ERR,ERR,ERR,ERR,ERR,ERR,ERR,ERR,ERR,ERR,ERR,ERR,ERR,ERR,ERR,ERR,ERR,ERR,ERR,ERR,ERR,ERR,ERR,ERR,ERR,ERR,ERR,ERR,ERR,ERR,ERR,ERR,ERR,ERR,ERR,ERR,ERR,ERR,ERR,ERR,ERR,ERR,ERR,ERR,ERR,ERR,ERR,ERR,ERR,ERR,ERR,ERR,ERR,ERR,ERR,0.0,0.0,0.0,0.0,0.0,1.3936040501711995e+18,7.805,0.0,0,0,4,0,7300,-0.0,0,0.0,0.0,0.0,0.0,0.0,0,0,0,0,0.0,0,0,0,0,0,0,0,0,0,0,0,0,0,0,0,0,0,0,0,0,0,0,0,0,0,0,0,0,0,0,0,0,0,32,30,30,62,65476,0,300,0,0,8,21553,0.0,-107605600.0,0.0,0.0,0.0,0.0,0.0,0.0,0.0,0.0,0.0,0.0,0.0,0.0,0.0,0.0,0.0,0.0,0.0,0.0,0.0,0.0,2.004,2.004,-0.0,-2.004,0.0,0.0,0.0,0.0,5383.0,1.0406668663850192e+34,6959.0,0.0,0.0,-107615280.0,-0.0,0.0,0.0,0.0,0.0,63,2.3088396621844998e+20,5.84806162527158e+35,0.0,0.0,0.0,0.0,0.0,0.0,0.0,0,0,0,0.0,0.0,0.0,0.0,0.0,0.0,0.0,0.0,0.0,0.0,0.0,0.0,0.0,0.0,0.0,0.0,0,-107875648.0,63,0.0,126,2.7184242562605685e+23,-0.0,ERR,ERR,ERR,ERR,ERR,ERR,ERR,ERR,ERR,ERR,ERR,ERR,ERR,ERR,ERR,ERR,ERR,ERR,ERR,ERR,ERR,ERR,ERR,ERR,ERR,ERR,ERR,ERR,ERR,ERR,ERR,ERR,ERR,ERR,ERR,ERR,ERR,ERR,ERR,ERR,ERR,ERR,ERR,ERR,ERR,ERR,ERR,ERR,ERR,ERR,ERR,ERR,ERR,ERR,ERR,ERR,ERR,ERR,ERR,ERR,ERR,ERR,ERR,ERR,ERR,ERR,ERR,34.0,80.0,35,0.0,0.0,0.0,0.0,0.0,0.0,0.0,0.0,0.0,0.0,0.0,0.0,0.0,0.0,0.0,0.0,64.4,0,116,56,50,65476,0,300,0,0,8,20529,65476,0,0,57672,80.0,0.0,0.0,0.0,0.0,0.0
2026-06-17T04:21:35,ERR,ERR,ERR,ERR,ERR,ERR,ERR,ERR,ERR,ERR,ERR,ERR,ERR,ERR,ERR,ERR,ERR,ERR,ERR,ERR,ERR,ERR,ERR,ERR,ERR,ERR,ERR,ERR,ERR,ERR,ERR,ERR,ERR,ERR,ERR,ERR,ERR,ERR,ERR,ERR,ERR,ERR,ERR,ERR,ERR,ERR,ERR,ERR,ERR,ERR,ERR,ERR,ERR,ERR,ERR,ERR,ERR,ERR,ERR,ERR,ERR,ERR,ERR,ERR,ERR,ERR,ERR,ERR,ERR,ERR,ERR,ERR,ERR,ERR,ERR,ERR,ERR,ERR,ERR,ERR,ERR,ERR,ERR,ERR,ERR,ERR,ERR,ERR,ERR,ERR,ERR,ERR,ERR,ERR,ERR,ERR,ERR,ERR,ERR,ERR,ERR,ERR,ERR,ERR,ERR,ERR,ERR,ERR,ERR,ERR,ERR,ERR,ERR,ERR,ERR,ERR,ERR,ERR,ERR,ERR,ERR,ERR,ERR,ERR,ERR,0.0,0.0,0.0,0.0,0.0,1.3936040501711995e+18,7.805,0.0,0,0,4,0,7300,-0.0,0,0.0,0.0,0.0,0.0,0.0,0,0,0,0,0.0,0,0,0,0,0,0,0,0,0,0,0,0,0,0,0,0,0,0,0,0,0,0,0,0,0,0,0,0,0,0,0,0,0,32,30,30,62,65476,0,300,0,0,8,21553,0.0,-107605600.0,0.0,0.0,0.0,0.0,0.0,0.0,0.0,0.0,0.0,0.0,0.0,0.0,0.0,0.0,0.0,0.0,0.0,0.0,0.0,0.0,2.004,2.004,-0.0,-2.004,0.0,0.0,0.0,0.0,5383.0,1.0406668663850192e+34,6959.0,0.0,0.0,-107615280.0,-0.0,0.0,0.0,0.0,0.0,63,2.3088396621844998e+20,5.84806162527158e+35,0.0,0.0,0.0,0.0,0.0,0.0,0.0,0,0,0,0.0,0.0,0.0,0.0,0.0,0.0,0.0,0.0,0.0,0.0,0.0,0.0,0.0,0.0,0.0,0.0,0,-107875648.0,63,0.0,126,2.7184242562605685e+23,-0.0,ERR,ERR,ERR,ERR,ERR,ERR,ERR,ERR,ERR,ERR,ERR,ERR,ERR,ERR,ERR,ERR,ERR,ERR,ERR,ERR,ERR,ERR,ERR,ERR,ERR,ERR,ERR,ERR,ERR,ERR,ERR,ERR,ERR,ERR,ERR,ERR,ERR,ERR,ERR,ERR,ERR,ERR,ERR,ERR,ERR,ERR,ERR,ERR,ERR,ERR,ERR,ERR,ERR,ERR,ERR,ERR,ERR,ERR,ERR,ERR,ERR,ERR,ERR,ERR,ERR,ERR,ERR,34.0,80.0,35,0.0,0.0,0.0,0.0,0.0,0.0,0.0,0.0,0.0,0.0,0.0,0.0,0.0,0.0,0.0,0.0,64.4,0,116,56,50,65476,0,300,0,0,8,20529,65476,0,0,57672,80.0,0.0,0.0,0.0,0.0,0.0
2026-06-17T04:21:36,ERR,ERR,ERR,ERR,ERR,ERR,ERR,ERR,ERR,ERR,ERR,ERR,ERR,ERR,ERR,ERR,ERR,ERR,ERR,ERR,ERR,ERR,ERR,ERR,ERR,ERR,ERR,ERR,ERR,ERR,ERR,ERR,ERR,ERR,ERR,ERR,ERR,ERR,ERR,ERR,ERR,ERR,ERR,ERR,ERR,ERR,ERR,ERR,ERR,ERR,ERR,ERR,ERR,ERR,ERR,ERR,ERR,ERR,ERR,ERR,ERR,ERR,ERR,ERR,ERR,ERR,ERR,ERR,ERR,ERR,ERR,ERR,ERR,ERR,ERR,ERR,ERR,ERR,ERR,ERR,ERR,ERR,ERR,ERR,ERR,ERR,ERR,ERR,ERR,ERR,ERR,ERR,ERR,ERR,ERR,ERR,ERR,ERR,ERR,ERR,ERR,ERR,ERR,ERR,ERR,ERR,ERR,ERR,ERR,ERR,ERR,ERR,ERR,ERR,ERR,ERR,ERR,ERR,ERR,ERR,ERR,ERR,ERR,ERR,ERR,0.0,0.0,0.0,0.0,0.0,1.3936040501711995e+18,7.805,0.0,0,0,4,0,7300,-0.0,0,0.0,0.0,0.0,0.0,0.0,0,0,0,0,0.0,0,0,0,0,0,0,0,0,0,0,0,0,0,0,0,0,0,0,0,0,0,0,0,0,0,0,0,0,0,0,0,0,0,32,30,30,62,65476,0,300,0,0,8,21553,0.0,-107605600.0,0.0,0.0,0.0,0.0,0.0,0.0,0.0,0.0,0.0,0.0,0.0,0.0,0.0,0.0,0.0,0.0,0.0,0.0,0.0,0.0,2.004,2.004,-0.0,-2.004,0.0,0.0,0.0,0.0,5383.0,1.0406668663850192e+34,6959.0,0.0,0.0,-107615280.0,-0.0,0.0,0.0,0.0,0.0,63,2.3088396621844998e+20,5.84806162527158e+35,0.0,0.0,0.0,0.0,0.0,0.0,0.0,0,0,0,0.0,0.0,0.0,0.0,0.0,0.0,0.0,0.0,0.0,0.0,0.0,0.0,0.0,0.0,0.0,0.0,0,-107875648.0,63,0.0,126,2.7184242562605685e+23,-0.0,ERR,ERR,ERR,ERR,ERR,ERR,ERR,ERR,ERR,ERR,ERR,ERR,ERR,ERR,ERR,ERR,ERR,ERR,ERR,ERR,ERR,ERR,ERR,ERR,ERR,ERR,ERR,ERR,ERR,ERR,ERR,ERR,ERR,ERR,ERR,ERR,ERR,ERR,ERR,ERR,ERR,ERR,ERR,ERR,ERR,ERR,ERR,ERR,ERR,ERR,ERR,ERR,ERR,ERR,ERR,ERR,ERR,ERR,ERR,ERR,ERR,ERR,ERR,ERR,ERR,ERR,ERR,34.0,80.0,35,0.0,0.0,0.0,0.0,0.0,0.0,0.0,0.0,0.0,0.0,0.0,0.0,0.0,0.0,0.0,0.0,64.4,0,116,56,50,65476,0,300,0,0,8,20529,65476,0,0,57672,80.0,0.0,0.0,0.0,0.0,0.0
2026-06-17T04:21:37,ERR,ERR,ERR,ERR,ERR,ERR,ERR,ERR,ERR,ERR,ERR,ERR,ERR,ERR,ERR,ERR,ERR,ERR,ERR,ERR,ERR,ERR,ERR,ERR,ERR,ERR,ERR,ERR,ERR,ERR,ERR,ERR,ERR,ERR,ERR,ERR,ERR,ERR,ERR,ERR,ERR,ERR,ERR,ERR,ERR,ERR,ERR,ERR,ERR,ERR,ERR,ERR,ERR,ERR,ERR,ERR,ERR,ERR,ERR,ERR,ERR,ERR,ERR,ERR,ERR,ERR,ERR,ERR,ERR,ERR,ERR,ERR,ERR,ERR,ERR,ERR,ERR,ERR,ERR,ERR,ERR,ERR,ERR,ERR,ERR,ERR,ERR,ERR,ERR,ERR,ERR,ERR,ERR,ERR,ERR,ERR,ERR,ERR,ERR,ERR,ERR,ERR,ERR,ERR,ERR,ERR,ERR,ERR,ERR,ERR,ERR,ERR,ERR,ERR,ERR,ERR,ERR,ERR,ERR,ERR,ERR,ERR,ERR,ERR,ERR,0.0,0.0,0.0,0.0,0.0,1.3936040501711995e+18,7.805,0.0,0,0,4,0,7300,-0.0,0,0.0,0.0,0.0,0.0,0.0,0,0,0,0,0.0,0,0,0,0,0,0,0,0,0,0,0,0,0,0,0,0,0,0,0,0,0,0,0,0,0,0,0,0,0,0,0,0,0,32,30,30,62,65476,0,300,0,0,8,21553,0.0,-107605600.0,0.0,0.0,0.0,0.0,0.0,0.0,0.0,0.0,0.0,0.0,0.0,0.0,0.0,0.0,0.0,0.0,0.0,0.0,0.0,0.0,2.004,2.004,-0.0,-2.004,0.0,0.0,0.0,0.0,5380.0,2.4229913632967957e+24,6957.0,0.0,0.0,-107615280.0,-0.0,0.0,0.0,0.0,0.0,63,152018387730432.0,4.066859324854333e+29,0.0,0.0,0.0,0.0,0.0,0.0,0.0,0,0,0,0.0,0.0,0.0,0.0,0.0,0.0,0.0,0.0,0.0,0.0,0.0,0.0,0.0,0.0,0.0,0.0,0,-107875648.0,63,0.0,126,2.7184242562605685e+23,-0.0,ERR,ERR,ERR,ERR,ERR,ERR,ERR,ERR,ERR,ERR,ERR,ERR,ERR,ERR,ERR,ERR,ERR,ERR,ERR,ERR,ERR,ERR,ERR,ERR,ERR,ERR,ERR,ERR,ERR,ERR,ERR,ERR,ERR,ERR,ERR,ERR,ERR,ERR,ERR,ERR,ERR,ERR,ERR,ERR,ERR,ERR,ERR,ERR,ERR,ERR,ERR,ERR,ERR,ERR,ERR,ERR,ERR,ERR,ERR,ERR,ERR,ERR,ERR,ERR,ERR,ERR,ERR,34.0,80.0,35,0.0,0.0,0.0,0.0,0.0,0.0,0.0,0.0,0.0,0.0,0.0,0.0,0.0,0.0,0.0,0.0,64.8,0,116,56,50,65476,0,300,0,0,8,20529,65476,0,0,57672,80.0,0.0,0.0,0.0,0.0,0.0
2026-06-17T04:21:38,ERR,ERR,ERR,ERR,ERR,ERR,ERR,ERR,ERR,ERR,ERR,ERR,ERR,ERR,ERR,ERR,ERR,ERR,ERR,ERR,ERR,ERR,ERR,ERR,ERR,ERR,ERR,ERR,ERR,ERR,ERR,ERR,ERR,ERR,ERR,ERR,ERR,ERR,ERR,ERR,ERR,ERR,ERR,ERR,ERR,ERR,ERR,ERR,ERR,ERR,ERR,ERR,ERR,ERR,ERR,ERR,ERR,ERR,ERR,ERR,ERR,ERR,ERR,ERR,ERR,ERR,ERR,ERR,ERR,ERR,ERR,ERR,ERR,ERR,ERR,ERR,ERR,ERR,ERR,ERR,ERR,ERR,ERR,ERR,ERR,ERR,ERR,ERR,ERR,ERR,ERR,ERR,ERR,ERR,ERR,ERR,ERR,ERR,ERR,ERR,ERR,ERR,ERR,ERR,ERR,ERR,ERR,ERR,ERR,ERR,ERR,ERR,ERR,ERR,ERR,ERR,ERR,ERR,ERR,ERR,ERR,ERR,ERR,ERR,ERR,0.0,0.0,0.0,0.0,0.0,1.3936040501711995e+18,7.805,0.0,0,0,4,0,7300,-0.0,0,0.0,0.0,0.0,0.0,0.0,0,0,0,0,0.0,0,0,0,0,0,0,0,0,0,0,0,0,0,0,0,0,0,0,0,0,0,0,0,0,0,0,0,0,0,0,0,0,0,32,30,30,62,65476,0,300,0,0,8,21553,0.0,-107605600.0,0.0,0.0,0.0,0.0,0.0,0.0,0.0,0.0,0.0,0.0,0.0,0.0,0.0,0.0,0.0,0.0,0.0,0.0,0.0,0.0,2.004,2.004,-0.0,-2.004,0.0,0.0,0.0,0.0,5380.0,2.4229913632967957e+24,6957.0,0.0,0.0,-107615280.0,-0.0,0.0,0.0,0.0,0.0,63,152018387730432.0,4.066859324854333e+29,0.0,0.0,0.0,0.0,0.0,0.0,0.0,0,0,0,0.0,0.0,0.0,0.0,0.0,0.0,0.0,0.0,0.0,0.0,0.0,0.0,0.0,0.0,0.0,0.0,0,-107875648.0,63,0.0,126,2.7184242562605685e+23,-0.0,ERR,ERR,ERR,ERR,ERR,ERR,ERR,ERR,ERR,ERR,ERR,ERR,ERR,ERR,ERR,ERR,ERR,ERR,ERR,ERR,ERR,ERR,ERR,ERR,ERR,ERR,ERR,ERR,ERR,ERR,ERR,ERR,ERR,ERR,ERR,ERR,ERR,ERR,ERR,ERR,ERR,ERR,ERR,ERR,ERR,ERR,ERR,ERR,ERR,ERR,ERR,ERR,ERR,ERR,ERR,ERR,ERR,ERR,ERR,ERR,ERR,ERR,ERR,ERR,ERR,ERR,ERR,34.0,80.0,35,0.0,0.0,0.0,0.0,0.0,0.0,0.0,0.0,0.0,0.0,0.0,0.0,0.0,0.0,0.0,0.0,64.8,0,116,56,50,65476,0,300,0,0,8,20529,65476,0,0,57672,80.0,0.0,0.0,0.0,0.0,0.0
2026-06-17T04:21:39,ERR,ERR,ERR,ERR,ERR,ERR,ERR,ERR,ERR,ERR,ERR,ERR,ERR,ERR,ERR,ERR,ERR,ERR,ERR,ERR,ERR,ERR,ERR,ERR,ERR,ERR,ERR,ERR,ERR,ERR,ERR,ERR,ERR,ERR,ERR,ERR,ERR,ERR,ERR,ERR,ERR,ERR,ERR,ERR,ERR,ERR,ERR,ERR,ERR,ERR,ERR,ERR,ERR,ERR,ERR,ERR,ERR,ERR,ERR,ERR,ERR,ERR,ERR,ERR,ERR,ERR,ERR,ERR,ERR,ERR,ERR,ERR,ERR,ERR,ERR,ERR,ERR,ERR,ERR,ERR,ERR,ERR,ERR,ERR,ERR,ERR,ERR,ERR,ERR,ERR,ERR,ERR,ERR,ERR,ERR,ERR,ERR,ERR,ERR,ERR,ERR,ERR,ERR,ERR,ERR,ERR,ERR,ERR,ERR,ERR,ERR,ERR,ERR,ERR,ERR,ERR,ERR,ERR,ERR,ERR,ERR,ERR,ERR,ERR,ERR,0.0,0.0,0.0,0.0,0.0,1.3936040501711995e+18,7.805,0.0,0,0,4,0,7300,-0.0,0,0.0,0.0,0.0,0.0,0.0,0,0,0,0,0.0,0,0,0,0,0,0,0,0,0,0,0,0,0,0,0,0,0,0,0,0,0,0,0,0,0,0,0,0,0,0,0,0,0,32,30,30,62,65476,0,300,0,0,8,21553,0.0,-107605600.0,0.0,0.0,0.0,0.0,0.0,0.0,0.0,0.0,0.0,0.0,0.0,0.0,0.0,0.0,0.0,0.0,0.0,0.0,0.0,0.0,2.004,2.004,-0.0,-2.004,0.0,0.0,0.0,0.0,5380.0,2.4229913632967957e+24,6957.0,0.0,0.0,-107615280.0,-0.0,0.0,0.0,0.0,0.0,63,152018387730432.0,4.066859324854333e+29,0.0,0.0,0.0,0.0,0.0,0.0,0.0,0,0,0,0.0,0.0,0.0,0.0,0.0,0.0,0.0,0.0,0.0,0.0,0.0,0.0,0.0,0.0,0.0,0.0,0,-107875648.0,63,0.0,126,2.7184242562605685e+23,-0.0,ERR,ERR,ERR,ERR,ERR,ERR,ERR,ERR,ERR,ERR,ERR,ERR,ERR,ERR,ERR,ERR,ERR,ERR,ERR,ERR,ERR,ERR,ERR,ERR,ERR,ERR,ERR,ERR,ERR,ERR,ERR,ERR,ERR,ERR,ERR,ERR,ERR,ERR,ERR,ERR,ERR,ERR,ERR,ERR,ERR,ERR,ERR,ERR,ERR,ERR,ERR,ERR,ERR,ERR,ERR,ERR,ERR,ERR,ERR,ERR,ERR,ERR,ERR,ERR,ERR,ERR,ERR,34.0,80.0,35,0.0,0.0,0.0,0.0,0.0,0.0,0.0,0.0,0.0,0.0,0.0,0.0,0.0,0.0,0.0,0.0,64.4,0,116,56,50,65476,0,300,0,0,8,20529,65476,0,0,57672,80.0,0.0,0.0,0.0,0.0,0.0
2026-06-17T04:21:40,ERR,ERR,ERR,ERR,ERR,ERR,ERR,ERR,ERR,ERR,ERR,ERR,ERR,ERR,ERR,ERR,ERR,ERR,ERR,ERR,ERR,ERR,ERR,ERR,ERR,ERR,ERR,ERR,ERR,ERR,ERR,ERR,ERR,ERR,ERR,ERR,ERR,ERR,ERR,ERR,ERR,ERR,ERR,ERR,ERR,ERR,ERR,ERR,ERR,ERR,ERR,ERR,ERR,ERR,ERR,ERR,ERR,ERR,ERR,ERR,ERR,ERR,ERR,ERR,ERR,ERR,ERR,ERR,ERR,ERR,ERR,ERR,ERR,ERR,ERR,ERR,ERR,ERR,ERR,ERR,ERR,ERR,ERR,ERR,ERR,ERR,ERR,ERR,ERR,ERR,ERR,ERR,ERR,ERR,ERR,ERR,ERR,ERR,ERR,ERR,ERR,ERR,ERR,ERR,ERR,ERR,ERR,ERR,ERR,ERR,ERR,ERR,ERR,ERR,ERR,ERR,ERR,ERR,ERR,ERR,ERR,ERR,ERR,ERR,ERR,0.0,0.0,0.0,0.0,0.0,1.3936040501711995e+18,7.805,0.0,0,0,4,0,7300,-0.0,0,0.0,0.0,0.0,0.0,0.0,0,0,0,0,0.0,0,0,0,0,0,0,0,0,0,0,0,0,0,0,0,0,0,0,0,0,0,0,0,0,0,0,0,0,0,0,0,0,0,32,30,30,62,65476,0,300,0,0,8,21553,0.0,-107605600.0,0.0,0.0,0.0,0.0,0.0,0.0,0.0,0.0,0.0,0.0,0.0,0.0,0.0,0.0,0.0,0.0,0.0,0.0,0.0,0.0,2.004,2.004,-0.0,-2.004,0.0,0.0,0.0,0.0,5380.0,2.4229913632967957e+24,6957.0,0.0,0.0,-107615280.0,-0.0,0.0,0.0,0.0,0.0,63,152018387730432.0,4.066859324854333e+29,0.0,0.0,0.0,0.0,0.0,0.0,0.0,0,0,0,0.0,0.0,0.0,0.0,0.0,0.0,0.0,0.0,0.0,0.0,0.0,0.0,0.0,0.0,0.0,0.0,0,-107875648.0,63,0.0,126,2.7184242562605685e+23,-0.0,ERR,ERR,ERR,ERR,ERR,ERR,ERR,ERR,ERR,ERR,ERR,ERR,ERR,ERR,ERR,ERR,ERR,ERR,ERR,ERR,ERR,ERR,ERR,ERR,ERR,ERR,ERR,ERR,ERR,ERR,ERR,ERR,ERR,ERR,ERR,ERR,ERR,ERR,ERR,ERR,ERR,ERR,ERR,ERR,ERR,ERR,ERR,ERR,ERR,ERR,ERR,ERR,ERR,ERR,ERR,ERR,ERR,ERR,ERR,ERR,ERR,ERR,ERR,ERR,ERR,ERR,ERR,34.0,80.0,35,0.0,0.0,0.0,0.0,0.0,0.0,0.0,0.0,0.0,0.0,0.0,0.0,0.0,0.0,0.0,0.0,64.4,0,116,56,50,65476,0,300,0,0,8,20529,65476,0,0,57672,80.0,0.0,0.0,0.0,0.0,0.0
2026-06-17T04:21:41,ERR,ERR,ERR,ERR,ERR,ERR,ERR,ERR,ERR,ERR,ERR,ERR,ERR,ERR,ERR,ERR,ERR,ERR,ERR,ERR,ERR,ERR,ERR,ERR,ERR,ERR,ERR,ERR,ERR,ERR,ERR,ERR,ERR,ERR,ERR,ERR,ERR,ERR,ERR,ERR,ERR,ERR,ERR,ERR,ERR,ERR,ERR,ERR,ERR,ERR,ERR,ERR,ERR,ERR,ERR,ERR,ERR,ERR,ERR,ERR,ERR,ERR,ERR,ERR,ERR,ERR,ERR,ERR,ERR,ERR,ERR,ERR,ERR,ERR,ERR,ERR,ERR,ERR,ERR,ERR,ERR,ERR,ERR,ERR,ERR,ERR,ERR,ERR,ERR,ERR,ERR,ERR,ERR,ERR,ERR,ERR,ERR,ERR,ERR,ERR,ERR,ERR,ERR,ERR,ERR,ERR,ERR,ERR,ERR,ERR,ERR,ERR,ERR,ERR,ERR,ERR,ERR,ERR,ERR,ERR,ERR,ERR,ERR,ERR,ERR,0.0,0.0,0.0,0.0,0.0,1.3936040501711995e+18,7.805,0.0,0,0,4,0,7300,-0.0,0,0.0,0.0,0.0,0.0,0.0,0,0,0,0,0.0,0,0,0,0,0,0,0,0,0,0,0,0,0,0,0,0,0,0,0,0,0,0,0,0,0,0,0,0,0,0,0,0,0,32,30,30,62,65476,0,300,0,0,8,21553,0.0,-107605600.0,0.0,0.0,0.0,0.0,0.0,0.0,0.0,0.0,0.0,0.0,0.0,0.0,0.0,0.0,0.0,0.0,0.0,0.0,0.0,0.0,2.004,2.004,-0.0,-2.004,0.0,0.0,0.0,0.0,5380.0,2.4229913632967957e+24,6957.0,0.0,0.0,-107615280.0,-0.0,0.0,0.0,0.0,0.0,63,152018387730432.0,4.066859324854333e+29,0.0,0.0,0.0,0.0,0.0,0.0,0.0,0,0,0,0.0,0.0,0.0,0.0,0.0,0.0,0.0,0.0,0.0,0.0,0.0,0.0,0.0,0.0,0.0,0.0,0,-107875648.0,63,0.0,126,2.7184242562605685e+23,-0.0,ERR,ERR,ERR,ERR,ERR,ERR,ERR,ERR,ERR,ERR,ERR,ERR,ERR,ERR,ERR,ERR,ERR,ERR,ERR,ERR,ERR,ERR,ERR,ERR,ERR,ERR,ERR,ERR,ERR,ERR,ERR,ERR,ERR,ERR,ERR,ERR,ERR,ERR,ERR,ERR,ERR,ERR,ERR,ERR,ERR,ERR,ERR,ERR,ERR,ERR,ERR,ERR,ERR,ERR,ERR,ERR,ERR,ERR,ERR,ERR,ERR,ERR,ERR,ERR,ERR,ERR,ERR,34.0,80.0,35,0.0,0.0,0.0,0.0,0.0,0.0,0.0,0.0,0.0,0.0,0.0,0.0,0.0,0.0,0.0,0.0,64.4,0,116,56,50,65476,0,300,0,0,8,20529,65476,0,0,57672,80.0,0.0,0.0,0.0,0.0,0.0
2026-06-17T04:21:42,ERR,ERR,ERR,ERR,ERR,ERR,ERR,ERR,ERR,ERR,ERR,ERR,ERR,ERR,ERR,ERR,ERR,ERR,ERR,ERR,ERR,ERR,ERR,ERR,ERR,ERR,ERR,ERR,ERR,ERR,ERR,ERR,ERR,ERR,ERR,ERR,ERR,ERR,ERR,ERR,ERR,ERR,ERR,ERR,ERR,ERR,ERR,ERR,ERR,ERR,ERR,ERR,ERR,ERR,ERR,ERR,ERR,ERR,ERR,ERR,ERR,ERR,ERR,ERR,ERR,ERR,ERR,ERR,ERR,ERR,ERR,ERR,ERR,ERR,ERR,ERR,ERR,ERR,ERR,ERR,ERR,ERR,ERR,ERR,ERR,ERR,ERR,ERR,ERR,ERR,ERR,ERR,ERR,ERR,ERR,ERR,ERR,ERR,ERR,ERR,ERR,ERR,ERR,ERR,ERR,ERR,ERR,ERR,ERR,ERR,ERR,ERR,ERR,ERR,ERR,ERR,ERR,ERR,ERR,ERR,ERR,ERR,ERR,ERR,ERR,0.0,0.0,0.0,0.0,0.0,1.3936040501711995e+18,7.805,0.0,0,0,4,0,7300,-0.0,0,0.0,0.0,0.0,0.0,0.0,0,0,0,0,0.0,0,0,0,0,0,0,0,0,0,0,0,0,0,0,0,0,0,0,0,0,0,0,0,0,0,0,0,0,0,0,0,0,0,32,30,30,62,65476,0,300,0,0,8,21553,0.0,-107605600.0,0.0,0.0,0.0,0.0,0.0,0.0,0.0,0.0,0.0,0.0,0.0,0.0,0.0,0.0,0.0,0.0,0.0,0.0,0.0,0.0,2.004,2.004,-0.0,-2.004,0.0,0.0,0.0,0.0,5383.0,2.004,6952.0,0.0,0.0,-107615280.0,-0.0,0.0,0.0,0.0,0.0,63,2.3088396621844998e+20,1.9056884997475533e+17,0.0,0.0,0.0,0.0,0.0,0.0,0.0,0,0,0,0.0,0.0,0.0,0.0,0.0,0.0,0.0,0.0,0.0,0.0,0.0,0.0,0.0,0.0,0.0,0.0,0,-107875648.0,63,0.0,126,2.7184242562605685e+23,-0.0,ERR,ERR,ERR,ERR,ERR,ERR,ERR,ERR,ERR,ERR,ERR,ERR,ERR,ERR,ERR,ERR,ERR,ERR,ERR,ERR,ERR,ERR,ERR,ERR,ERR,ERR,ERR,ERR,ERR,ERR,ERR,ERR,ERR,ERR,ERR,ERR,ERR,ERR,ERR,ERR,ERR,ERR,ERR,ERR,ERR,ERR,ERR,ERR,ERR,ERR,ERR,ERR,ERR,ERR,ERR,ERR,ERR,ERR,ERR,ERR,ERR,ERR,ERR,ERR,ERR,ERR,ERR,34.0,80.0,35,0.0,0.0,0.0,0.0,0.0,0.0,0.0,0.0,0.0,0.0,0.0,0.0,0.0,0.0,0.0,0.0,64.4,0,116,56,50,65476,0,300,0,0,8,20529,65476,0,0,57672,80.0,0.0,0.0,0.0,0.0,0.0
2026-06-17T04:21:43,ERR,ERR,ERR,ERR,ERR,ERR,ERR,ERR,ERR,ERR,ERR,ERR,ERR,ERR,ERR,ERR,ERR,ERR,ERR,ERR,ERR,ERR,ERR,ERR,ERR,ERR,ERR,ERR,ERR,ERR,ERR,ERR,ERR,ERR,ERR,ERR,ERR,ERR,ERR,ERR,ERR,ERR,ERR,ERR,ERR,ERR,ERR,ERR,ERR,ERR,ERR,ERR,ERR,ERR,ERR,ERR,ERR,ERR,ERR,ERR,ERR,ERR,ERR,ERR,ERR,ERR,ERR,ERR,ERR,ERR,ERR,ERR,ERR,ERR,ERR,ERR,ERR,ERR,ERR,ERR,ERR,ERR,ERR,ERR,ERR,ERR,ERR,ERR,ERR,ERR,ERR,ERR,ERR,ERR,ERR,ERR,ERR,ERR,ERR,ERR,ERR,ERR,ERR,ERR,ERR,ERR,ERR,ERR,ERR,ERR,ERR,ERR,ERR,ERR,ERR,ERR,ERR,ERR,ERR,ERR,ERR,ERR,ERR,ERR,ERR,0.0,0.0,0.0,0.0,0.0,1.3936040501711995e+18,7.805,0.0,0,0,4,0,7300,-0.0,0,0.0,0.0,0.0,0.0,0.0,0,0,0,0,0.0,0,0,0,0,0,0,0,0,0,0,0,0,0,0,0,0,0,0,0,0,0,0,0,0,0,0,0,0,0,0,0,0,0,32,30,30,62,65476,0,300,0,0,8,21553,0.0,-107605600.0,0.0,0.0,0.0,0.0,0.0,0.0,0.0,0.0,0.0,0.0,0.0,0.0,0.0,0.0,0.0,0.0,0.0,0.0,0.0,0.0,2.004,2.004,-0.0,-2.004,0.0,0.0,0.0,0.0,5383.0,2.004,6952.0,0.0,0.0,-107615280.0,-0.0,0.0,0.0,0.0,0.0,63,2.3088396621844998e+20,1.9056884997475533e+17,0.0,0.0,0.0,0.0,0.0,0.0,0.0,0,0,0,0.0,0.0,0.0,0.0,0.0,0.0,0.0,0.0,0.0,0.0,0.0,0.0,0.0,0.0,0.0,0.0,0,-107875648.0,63,0.0,126,2.7184242562605685e+23,-0.0,ERR,ERR,ERR,ERR,ERR,ERR,ERR,ERR,ERR,ERR,ERR,ERR,ERR,ERR,ERR,ERR,ERR,ERR,ERR,ERR,ERR,ERR,ERR,ERR,ERR,ERR,ERR,ERR,ERR,ERR,ERR,ERR,ERR,ERR,ERR,ERR,ERR,ERR,ERR,ERR,ERR,ERR,ERR,ERR,ERR,ERR,ERR,ERR,ERR,ERR,ERR,ERR,ERR,ERR,ERR,ERR,ERR,ERR,ERR,ERR,ERR,ERR,ERR,ERR,ERR,ERR,ERR,34.0,80.0,35,0.0,0.0,0.0,0.0,0.0,0.0,0.0,0.0,0.0,0.0,0.0,0.0,0.0,0.0,0.0,0.0,64.4,0,116,56,50,65476,0,300,0,0,8,20529,65476,0,0,57672,80.0,0.0,0.0,0.0,0.0,0.0
2026-06-17T04:21:44,ERR,ERR,ERR,ERR,ERR,ERR,ERR,ERR,ERR,ERR,ERR,ERR,ERR,ERR,ERR,ERR,ERR,ERR,ERR,ERR,ERR,ERR,ERR,ERR,ERR,ERR,ERR,ERR,ERR,ERR,ERR,ERR,ERR,ERR,ERR,ERR,ERR,ERR,ERR,ERR,ERR,ERR,ERR,ERR,ERR,ERR,ERR,ERR,ERR,ERR,ERR,ERR,ERR,ERR,ERR,ERR,ERR,ERR,ERR,ERR,ERR,ERR,ERR,ERR,ERR,ERR,ERR,ERR,ERR,ERR,ERR,ERR,ERR,ERR,ERR,ERR,ERR,ERR,ERR,ERR,ERR,ERR,ERR,ERR,ERR,ERR,ERR,ERR,ERR,ERR,ERR,ERR,ERR,ERR,ERR,ERR,ERR,ERR,ERR,ERR,ERR,ERR,ERR,ERR,ERR,ERR,ERR,ERR,ERR,ERR,ERR,ERR,ERR,ERR,ERR,ERR,ERR,ERR,ERR,ERR,ERR,ERR,ERR,ERR,ERR,0.0,0.0,0.0,0.0,0.0,1.3936040501711995e+18,7.805,0.0,0,0,4,0,7300,-0.0,0,0.0,0.0,0.0,0.0,0.0,0,0,0,0,0.0,0,0,0,0,0,0,0,0,0,0,0,0,0,0,0,0,0,0,0,0,0,0,0,0,0,0,0,0,0,0,0,0,0,32,30,30,62,65476,0,300,0,0,8,21553,0.0,-107605600.0,0.0,0.0,0.0,0.0,0.0,0.0,0.0,0.0,0.0,0.0,0.0,0.0,0.0,0.0,0.0,0.0,0.0,0.0,0.0,0.0,2.004,2.004,-0.0,-2.004,0.0,0.0,0.0,0.0,5383.0,2.004,6952.0,0.0,0.0,-107615280.0,-0.0,0.0,0.0,0.0,0.0,63,2.3088396621844998e+20,1.9056884997475533e+17,0.0,0.0,0.0,0.0,0.0,0.0,0.0,0,0,0,0.0,0.0,0.0,0.0,0.0,0.0,0.0,0.0,0.0,0.0,0.0,0.0,0.0,0.0,0.0,0.0,0,-107875648.0,63,0.0,126,2.7184242562605685e+23,-0.0,ERR,ERR,ERR,ERR,ERR,ERR,ERR,ERR,ERR,ERR,ERR,ERR,ERR,ERR,ERR,ERR,ERR,ERR,ERR,ERR,ERR,ERR,ERR,ERR,ERR,ERR,ERR,ERR,ERR,ERR,ERR,ERR,ERR,ERR,ERR,ERR,ERR,ERR,ERR,ERR,ERR,ERR,ERR,ERR,ERR,ERR,ERR,ERR,ERR,ERR,ERR,ERR,ERR,ERR,ERR,ERR,ERR,ERR,ERR,ERR,ERR,ERR,ERR,ERR,ERR,ERR,ERR,34.0,80.0,35,0.0,0.0,0.0,0.0,0.0,0.0,0.0,0.0,0.0,0.0,0.0,0.0,0.0,0.0,0.0,0.0,64.4,0,116,56,50,65476,0,300,0,0,8,20529,65476,0,0,57672,80.0,0.0,0.0,0.0,0.0,0.0
2026-06-17T04:21:45,ERR,ERR,ERR,ERR,ERR,ERR,ERR,ERR,ERR,ERR,ERR,ERR,ERR,ERR,ERR,ERR,ERR,ERR,ERR,ERR,ERR,ERR,ERR,ERR,ERR,ERR,ERR,ERR,ERR,ERR,ERR,ERR,ERR,ERR,ERR,ERR,ERR,ERR,ERR,ERR,ERR,ERR,ERR,ERR,ERR,ERR,ERR,ERR,ERR,ERR,ERR,ERR,ERR,ERR,ERR,ERR,ERR,ERR,ERR,ERR,ERR,ERR,ERR,ERR,ERR,ERR,ERR,ERR,ERR,ERR,ERR,ERR,ERR,ERR,ERR,ERR,ERR,ERR,ERR,ERR,ERR,ERR,ERR,ERR,ERR,ERR,ERR,ERR,ERR,ERR,ERR,ERR,ERR,ERR,ERR,ERR,ERR,ERR,ERR,ERR,ERR,ERR,ERR,ERR,ERR,ERR,ERR,ERR,ERR,ERR,ERR,ERR,ERR,ERR,ERR,ERR,ERR,ERR,ERR,ERR,ERR,ERR,ERR,ERR,ERR,0.0,0.0,0.0,0.0,0.0,1.3936040501711995e+18,7.805,0.0,0,0,4,0,7300,-0.0,0,0.0,0.0,0.0,0.0,0.0,0,0,0,0,0.0,0,0,0,0,0,0,0,0,0,0,0,0,0,0,0,0,0,0,0,0,0,0,0,0,0,0,0,0,0,0,0,0,0,32,30,30,62,65476,0,300,0,0,8,21553,0.0,-107605600.0,0.0,0.0,0.0,0.0,0.0,0.0,0.0,0.0,0.0,0.0,0.0,0.0,0.0,0.0,0.0,0.0,0.0,0.0,0.0,0.0,2.004,2.004,-0.0,-2.004,0.0,0.0,0.0,0.0,5383.0,2.004,6952.0,0.0,0.0,-107615280.0,-0.0,0.0,0.0,0.0,0.0,63,2.3088396621844998e+20,1.9056884997475533e+17,0.0,0.0,0.0,0.0,0.0,0.0,0.0,0,0,0,0.0,0.0,0.0,0.0,0.0,0.0,0.0,0.0,0.0,0.0,0.0,0.0,0.0,0.0,0.0,0.0,0,-107875648.0,63,0.0,126,2.7184242562605685e+23,-0.0,ERR,ERR,ERR,ERR,ERR,ERR,ERR,ERR,ERR,ERR,ERR,ERR,ERR,ERR,ERR,ERR,ERR,ERR,ERR,ERR,ERR,ERR,ERR,ERR,ERR,ERR,ERR,ERR,ERR,ERR,ERR,ERR,ERR,ERR,ERR,ERR,ERR,ERR,ERR,ERR,ERR,ERR,ERR,ERR,ERR,ERR,ERR,ERR,ERR,ERR,ERR,ERR,ERR,ERR,ERR,ERR,ERR,ERR,ERR,ERR,ERR,ERR,ERR,ERR,ERR,ERR,ERR,34.0,80.0,35,0.0,0.0,0.0,0.0,0.0,0.0,0.0,0.0,0.0,0.0,0.0,0.0,0.0,0.0,0.0,0.0,64.4,0,116,56,50,65476,0,300,0,0,8,20529,65476,0,0,57672,80.0,0.0,0.0,0.0,0.0,0.0
2026-06-17T04:21:46,ERR,ERR,ERR,ERR,ERR,ERR,ERR,ERR,ERR,ERR,ERR,ERR,ERR,ERR,ERR,ERR,ERR,ERR,ERR,ERR,ERR,ERR,ERR,ERR,ERR,ERR,ERR,ERR,ERR,ERR,ERR,ERR,ERR,ERR,ERR,ERR,ERR,ERR,ERR,ERR,ERR,ERR,ERR,ERR,ERR,ERR,ERR,ERR,ERR,ERR,ERR,ERR,ERR,ERR,ERR,ERR,ERR,ERR,ERR,ERR,ERR,ERR,ERR,ERR,ERR,ERR,ERR,ERR,ERR,ERR,ERR,ERR,ERR,ERR,ERR,ERR,ERR,ERR,ERR,ERR,ERR,ERR,ERR,ERR,ERR,ERR,ERR,ERR,ERR,ERR,ERR,ERR,ERR,ERR,ERR,ERR,ERR,ERR,ERR,ERR,ERR,ERR,ERR,ERR,ERR,ERR,ERR,ERR,ERR,ERR,ERR,ERR,ERR,ERR,ERR,ERR,ERR,ERR,ERR,ERR,ERR,ERR,ERR,ERR,ERR,0.0,0.0,0.0,0.0,0.0,1.3936040501711995e+18,7.805,0.0,0,0,4,0,7300,-0.0,0,0.0,0.0,0.0,0.0,0.0,0,0,0,0,0.0,0,0,0,0,0,0,0,0,0,0,0,0,0,0,0,0,0,0,0,0,0,0,0,0,0,0,0,0,0,0,0,0,0,32,30,30,62,65476,0,300,0,0,8,21553,0.0,-107605600.0,0.0,0.0,0.0,0.0,0.0,0.0,0.0,0.0,0.0,0.0,0.0,0.0,0.0,0.0,0.0,0.0,0.0,0.0,0.0,0.0,2.004,2.004,-0.0,-2.004,0.0,0.0,0.0,0.0,5383.0,2.004,6952.0,0.0,0.0,-107615280.0,-0.0,0.0,0.0,0.0,0.0,63,2.3088396621844998e+20,1.9056884997475533e+17,0.0,0.0,0.0,0.0,0.0,0.0,0.0,0,0,0,0.0,0.0,0.0,0.0,0.0,0.0,0.0,0.0,0.0,0.0,0.0,0.0,0.0,0.0,0.0,0.0,0,-107875648.0,63,0.0,126,2.7184242562605685e+23,-0.0,ERR,ERR,ERR,ERR,ERR,ERR,ERR,ERR,ERR,ERR,ERR,ERR,ERR,ERR,ERR,ERR,ERR,ERR,ERR,ERR,ERR,ERR,ERR,ERR,ERR,ERR,ERR,ERR,ERR,ERR,ERR,ERR,ERR,ERR,ERR,ERR,ERR,ERR,ERR,ERR,ERR,ERR,ERR,ERR,ERR,ERR,ERR,ERR,ERR,ERR,ERR,ERR,ERR,ERR,ERR,ERR,ERR,ERR,ERR,ERR,ERR,ERR,ERR,ERR,ERR,ERR,ERR,34.0,80.0,35,0.0,0.0,0.0,0.0,0.0,0.0,0.0,0.0,0.0,0.0,0.0,0.0,0.0,0.0,0.0,0.0,64.8,0,116,56,50,65476,0,300,0,0,8,20529,65476,0,0,57672,80.0,0.0,0.0,0.0,0.0,0.0
2026-06-17T04:21:47,ERR,ERR,ERR,ERR,ERR,ERR,ERR,ERR,ERR,ERR,ERR,ERR,ERR,ERR,ERR,ERR,ERR,ERR,ERR,ERR,ERR,ERR,ERR,ERR,ERR,ERR,ERR,ERR,ERR,ERR,ERR,ERR,ERR,ERR,ERR,ERR,ERR,ERR,ERR,ERR,ERR,ERR,ERR,ERR,ERR,ERR,ERR,ERR,ERR,ERR,ERR,ERR,ERR,ERR,ERR,ERR,ERR,ERR,ERR,ERR,ERR,ERR,ERR,ERR,ERR,ERR,ERR,ERR,ERR,ERR,ERR,ERR,ERR,ERR,ERR,ERR,ERR,ERR,ERR,ERR,ERR,ERR,ERR,ERR,ERR,ERR,ERR,ERR,ERR,ERR,ERR,ERR,ERR,ERR,ERR,ERR,ERR,ERR,ERR,ERR,ERR,ERR,ERR,ERR,ERR,ERR,ERR,ERR,ERR,ERR,ERR,ERR,ERR,ERR,ERR,ERR,ERR,ERR,ERR,ERR,ERR,ERR,ERR,ERR,ERR,0.0,0.0,0.0,0.0,0.0,1.3936040501711995e+18,7.805,0.0,0,0,4,0,7300,-0.0,0,0.0,0.0,0.0,0.0,0.0,0,0,0,0,0.0,0,0,0,0,0,0,0,0,0,0,0,0,0,0,0,0,0,0,0,0,0,0,0,0,0,0,0,0,0,0,0,0,0,32,30,30,62,65476,0,300,0,0,8,21553,0.0,-107605600.0,0.0,0.0,0.0,0.0,0.0,0.0,0.0,0.0,0.0,0.0,0.0,0.0,0.0,0.0,0.0,0.0,0.0,0.0,0.0,0.0,2.004,2.004,-0.0,-2.004,0.0,0.0,0.0,0.0,5383.0,0.0,6945.0,0.0,0.0,-107615280.0,-0.0,0.0,0.0,0.0,0.0,63,2.3088396621844998e+20,0.0,0.0,0.0,0.0,0.0,0.0,0.0,0.0,0,0,0,0.0,0.0,0.0,0.0,0.0,0.0,0.0,0.0,0.0,0.0,0.0,0.0,0.0,0.0,0.0,0.0,0,-107875648.0,63,0.0,126,2.7184242562605685e+23,-0.0,ERR,ERR,ERR,ERR,ERR,ERR,ERR,ERR,ERR,ERR,ERR,ERR,ERR,ERR,ERR,ERR,ERR,ERR,ERR,ERR,ERR,ERR,ERR,ERR,ERR,ERR,ERR,ERR,ERR,ERR,ERR,ERR,ERR,ERR,ERR,ERR,ERR,ERR,ERR,ERR,ERR,ERR,ERR,ERR,ERR,ERR,ERR,ERR,ERR,ERR,ERR,ERR,ERR,ERR,ERR,ERR,ERR,ERR,ERR,ERR,ERR,ERR,ERR,ERR,ERR,ERR,ERR,34.0,80.0,35,0.0,0.0,0.0,0.0,0.0,0.0,0.0,0.0,0.0,0.0,0.0,0.0,0.0,0.0,0.0,0.0,64.8,0,116,56,50,65476,0,300,0,0,8,20529,65476,0,0,57672,80.0,0.0,0.0,0.0,0.0,0.0
2026-06-17T04:21:48,ERR,ERR,ERR,ERR,ERR,ERR,ERR,ERR,ERR,ERR,ERR,ERR,ERR,ERR,ERR,ERR,ERR,ERR,ERR,ERR,ERR,ERR,ERR,ERR,ERR,ERR,ERR,ERR,ERR,ERR,ERR,ERR,ERR,ERR,ERR,ERR,ERR,ERR,ERR,ERR,ERR,ERR,ERR,ERR,ERR,ERR,ERR,ERR,ERR,ERR,ERR,ERR,ERR,ERR,ERR,ERR,ERR,ERR,ERR,ERR,ERR,ERR,ERR,ERR,ERR,ERR,ERR,ERR,ERR,ERR,ERR,ERR,ERR,ERR,ERR,ERR,ERR,ERR,ERR,ERR,ERR,ERR,ERR,ERR,ERR,ERR,ERR,ERR,ERR,ERR,ERR,ERR,ERR,ERR,ERR,ERR,ERR,ERR,ERR,ERR,ERR,ERR,ERR,ERR,ERR,ERR,ERR,ERR,ERR,ERR,ERR,ERR,ERR,ERR,ERR,ERR,ERR,ERR,ERR,ERR,ERR,ERR,ERR,ERR,ERR,0.0,0.0,0.0,0.0,0.0,1.3936040501711995e+18,7.805,0.0,0,0,4,0,7300,-0.0,0,0.0,0.0,0.0,0.0,0.0,0,0,0,0,0.0,0,0,0,0,0,0,0,0,0,0,0,0,0,0,0,0,0,0,0,0,0,0,0,0,0,0,0,0,0,0,0,0,0,32,30,30,62,65476,0,300,0,0,8,21553,0.0,-107605600.0,0.0,0.0,0.0,0.0,0.0,0.0,0.0,0.0,0.0,0.0,0.0,0.0,0.0,0.0,0.0,0.0,0.0,0.0,0.0,0.0,2.004,2.004,-0.0,-2.004,0.0,0.0,0.0,0.0,5383.0,0.0,6945.0,0.0,0.0,-107615280.0,-0.0,0.0,0.0,0.0,0.0,63,2.3088396621844998e+20,0.0,0.0,0.0,0.0,0.0,0.0,0.0,0.0,0,0,0,0.0,0.0,0.0,0.0,0.0,0.0,0.0,0.0,0.0,0.0,0.0,0.0,0.0,0.0,0.0,0.0,0,-107875648.0,63,0.0,126,2.7184242562605685e+23,-0.0,ERR,ERR,ERR,ERR,ERR,ERR,ERR,ERR,ERR,ERR,ERR,ERR,ERR,ERR,ERR,ERR,ERR,ERR,ERR,ERR,ERR,ERR,ERR,ERR,ERR,ERR,ERR,ERR,ERR,ERR,ERR,ERR,ERR,ERR,ERR,ERR,ERR,ERR,ERR,ERR,ERR,ERR,ERR,ERR,ERR,ERR,ERR,ERR,ERR,ERR,ERR,ERR,ERR,ERR,ERR,ERR,ERR,ERR,ERR,ERR,ERR,ERR,ERR,ERR,ERR,ERR,ERR,34.0,80.0,35,0.0,0.0,0.0,0.0,0.0,0.0,0.0,0.0,0.0,0.0,0.0,0.0,0.0,0.0,0.0,0.0,64.4,0,116,56,50,65476,0,300,0,0,8,20529,65476,0,0,57672,80.0,0.0,0.0,0.0,0.0,0.0
2026-06-17T04:21:49,ERR,ERR,ERR,ERR,ERR,ERR,ERR,ERR,ERR,ERR,ERR,ERR,ERR,ERR,ERR,ERR,ERR,ERR,ERR,ERR,ERR,ERR,ERR,ERR,ERR,ERR,ERR,ERR,ERR,ERR,ERR,ERR,ERR,ERR,ERR,ERR,ERR,ERR,ERR,ERR,ERR,ERR,ERR,ERR,ERR,ERR,ERR,ERR,ERR,ERR,ERR,ERR,ERR,ERR,ERR,ERR,ERR,ERR,ERR,ERR,ERR,ERR,ERR,ERR,ERR,ERR,ERR,ERR,ERR,ERR,ERR,ERR,ERR,ERR,ERR,ERR,ERR,ERR,ERR,ERR,ERR,ERR,ERR,ERR,ERR,ERR,ERR,ERR,ERR,ERR,ERR,ERR,ERR,ERR,ERR,ERR,ERR,ERR,ERR,ERR,ERR,ERR,ERR,ERR,ERR,ERR,ERR,ERR,ERR,ERR,ERR,ERR,ERR,ERR,ERR,ERR,ERR,ERR,ERR,ERR,ERR,ERR,ERR,ERR,ERR,0.0,0.0,0.0,0.0,0.0,1.3936040501711995e+18,7.805,0.0,0,0,4,0,7300,-0.0,0,0.0,0.0,0.0,0.0,0.0,0,0,0,0,0.0,0,0,0,0,0,0,0,0,0,0,0,0,0,0,0,0,0,0,0,0,0,0,0,0,0,0,0,0,0,0,0,0,0,32,30,30,62,65476,0,300,0,0,8,21553,0.0,-107605600.0,0.0,0.0,0.0,0.0,0.0,0.0,0.0,0.0,0.0,0.0,0.0,0.0,0.0,0.0,0.0,0.0,0.0,0.0,0.0,0.0,2.004,2.004,-0.0,-2.004,0.0,0.0,0.0,0.0,5383.0,0.0,6945.0,0.0,0.0,-107615280.0,-0.0,0.0,0.0,0.0,0.0,63,2.3088396621844998e+20,0.0,0.0,0.0,0.0,0.0,0.0,0.0,0.0,0,0,0,0.0,0.0,0.0,0.0,0.0,0.0,0.0,0.0,0.0,0.0,0.0,0.0,0.0,0.0,0.0,0.0,0,-107875648.0,63,0.0,126,2.7184242562605685e+23,-0.0,ERR,ERR,ERR,ERR,ERR,ERR,ERR,ERR,ERR,ERR,ERR,ERR,ERR,ERR,ERR,ERR,ERR,ERR,ERR,ERR,ERR,ERR,ERR,ERR,ERR,ERR,ERR,ERR,ERR,ERR,ERR,ERR,ERR,ERR,ERR,ERR,ERR,ERR,ERR,ERR,ERR,ERR,ERR,ERR,ERR,ERR,ERR,ERR,ERR,ERR,ERR,ERR,ERR,ERR,ERR,ERR,ERR,ERR,ERR,ERR,ERR,ERR,ERR,ERR,ERR,ERR,ERR,34.0,80.0,35,0.0,0.0,0.0,0.0,0.0,0.0,0.0,0.0,0.0,0.0,0.0,0.0,0.0,0.0,0.0,0.0,64.4,0,116,56,50,65476,0,300,0,0,8,20529,65476,0,0,57672,80.0,0.0,0.0,0.0,0.0,0.0
2026-06-17T04:21:50,ERR,ERR,ERR,ERR,ERR,ERR,ERR,ERR,ERR,ERR,ERR,ERR,ERR,ERR,ERR,ERR,ERR,ERR,ERR,ERR,ERR,ERR,ERR,ERR,ERR,ERR,ERR,ERR,ERR,ERR,ERR,ERR,ERR,ERR,ERR,ERR,ERR,ERR,ERR,ERR,ERR,ERR,ERR,ERR,ERR,ERR,ERR,ERR,ERR,ERR,ERR,ERR,ERR,ERR,ERR,ERR,ERR,ERR,ERR,ERR,ERR,ERR,ERR,ERR,ERR,ERR,ERR,ERR,ERR,ERR,ERR,ERR,ERR,ERR,ERR,ERR,ERR,ERR,ERR,ERR,ERR,ERR,ERR,ERR,ERR,ERR,ERR,ERR,ERR,ERR,ERR,ERR,ERR,ERR,ERR,ERR,ERR,ERR,ERR,ERR,ERR,ERR,ERR,ERR,ERR,ERR,ERR,ERR,ERR,ERR,ERR,ERR,ERR,ERR,ERR,ERR,ERR,ERR,ERR,ERR,ERR,ERR,ERR,ERR,ERR,0.0,0.0,0.0,0.0,0.0,1.3936040501711995e+18,7.805,0.0,0,0,4,0,7300,-0.0,0,0.0,0.0,0.0,0.0,0.0,0,0,0,0,0.0,0,0,0,0,0,0,0,0,0,0,0,0,0,0,0,0,0,0,0,0,0,0,0,0,0,0,0,0,0,0,0,0,0,32,30,30,62,65476,0,300,0,0,8,21553,0.0,-107605600.0,0.0,0.0,0.0,0.0,0.0,0.0,0.0,0.0,0.0,0.0,0.0,0.0,0.0,0.0,0.0,0.0,0.0,0.0,0.0,0.0,2.004,2.004,-0.0,-2.004,0.0,0.0,0.0,0.0,5383.0,0.0,6945.0,0.0,0.0,-107615280.0,-0.0,0.0,0.0,0.0,0.0,63,2.3088396621844998e+20,0.0,0.0,0.0,0.0,0.0,0.0,0.0,0.0,0,0,0,0.0,0.0,0.0,0.0,0.0,0.0,0.0,0.0,0.0,0.0,0.0,0.0,0.0,0.0,0.0,0.0,0,-107875648.0,63,0.0,126,2.7184242562605685e+23,-0.0,ERR,ERR,ERR,ERR,ERR,ERR,ERR,ERR,ERR,ERR,ERR,ERR,ERR,ERR,ERR,ERR,ERR,ERR,ERR,ERR,ERR,ERR,ERR,ERR,ERR,ERR,ERR,ERR,ERR,ERR,ERR,ERR,ERR,ERR,ERR,ERR,ERR,ERR,ERR,ERR,ERR,ERR,ERR,ERR,ERR,ERR,ERR,ERR,ERR,ERR,ERR,ERR,ERR,ERR,ERR,ERR,ERR,ERR,ERR,ERR,ERR,ERR,ERR,ERR,ERR,ERR,ERR,34.0,80.0,35,0.0,0.0,0.0,0.0,0.0,0.0,0.0,0.0,0.0,0.0,0.0,0.0,0.0,0.0,0.0,0.0,64.8,0,116,56,50,65476,0,300,0,0,8,20529,65476,0,0,57672,80.0,0.0,0.0,0.0,0.0,0.0
2026-06-17T04:21:51,ERR,ERR,ERR,ERR,ERR,ERR,ERR,ERR,ERR,ERR,ERR,ERR,ERR,ERR,ERR,ERR,ERR,ERR,ERR,ERR,ERR,ERR,ERR,ERR,ERR,ERR,ERR,ERR,ERR,ERR,ERR,ERR,ERR,ERR,ERR,ERR,ERR,ERR,ERR,ERR,ERR,ERR,ERR,ERR,ERR,ERR,ERR,ERR,ERR,ERR,ERR,ERR,ERR,ERR,ERR,ERR,ERR,ERR,ERR,ERR,ERR,ERR,ERR,ERR,ERR,ERR,ERR,ERR,ERR,ERR,ERR,ERR,ERR,ERR,ERR,ERR,ERR,ERR,ERR,ERR,ERR,ERR,ERR,ERR,ERR,ERR,ERR,ERR,ERR,ERR,ERR,ERR,ERR,ERR,ERR,ERR,ERR,ERR,ERR,ERR,ERR,ERR,ERR,ERR,ERR,ERR,ERR,ERR,ERR,ERR,ERR,ERR,ERR,ERR,ERR,ERR,ERR,ERR,ERR,ERR,ERR,ERR,ERR,ERR,ERR,0.0,0.0,0.0,0.0,0.0,1.3936040501711995e+18,7.805,0.0,0,0,4,0,7300,-0.0,0,0.0,0.0,0.0,0.0,0.0,0,0,0,0,0.0,0,0,0,0,0,0,0,0,0,0,0,0,0,0,0,0,0,0,0,0,0,0,0,0,0,0,0,0,0,0,0,0,0,32,30,30,62,65476,0,300,0,0,8,21553,0.0,-107605600.0,0.0,0.0,0.0,0.0,0.0,0.0,0.0,0.0,0.0,0.0,0.0,0.0,0.0,0.0,0.0,0.0,0.0,0.0,0.0,0.0,2.004,2.004,-0.0,-2.004,0.0,0.0,0.0,0.0,5383.0,0.0,6945.0,0.0,0.0,-107615280.0,-0.0,0.0,0.0,0.0,0.0,63,2.3088396621844998e+20,0.0,0.0,0.0,0.0,0.0,0.0,0.0,0.0,0,0,0,0.0,0.0,0.0,0.0,0.0,0.0,0.0,0.0,0.0,0.0,0.0,0.0,0.0,0.0,0.0,0.0,0,-107875648.0,63,0.0,126,2.7184242562605685e+23,-0.0,ERR,ERR,ERR,ERR,ERR,ERR,ERR,ERR,ERR,ERR,ERR,ERR,ERR,ERR,ERR,ERR,ERR,ERR,ERR,ERR,ERR,ERR,ERR,ERR,ERR,ERR,ERR,ERR,ERR,ERR,ERR,ERR,ERR,ERR,ERR,ERR,ERR,ERR,ERR,ERR,ERR,ERR,ERR,ERR,ERR,ERR,ERR,ERR,ERR,ERR,ERR,ERR,ERR,ERR,ERR,ERR,ERR,ERR,ERR,ERR,ERR,ERR,ERR,ERR,ERR,ERR,ERR,34.0,80.0,35,0.0,0.0,0.0,0.0,0.0,0.0,0.0,0.0,0.0,0.0,0.0,0.0,0.0,0.0,0.0,0.0,64.8,0,116,56,50,65476,0,300,0,0,8,20529,65476,0,0,57672,80.0,0.0,0.0,0.0,0.0,0.0
2026-06-17T04:21:52,ERR,ERR,ERR,ERR,ERR,ERR,ERR,ERR,ERR,ERR,ERR,ERR,ERR,ERR,ERR,ERR,ERR,ERR,ERR,ERR,ERR,ERR,ERR,ERR,ERR,ERR,ERR,ERR,ERR,ERR,ERR,ERR,ERR,ERR,ERR,ERR,ERR,ERR,ERR,ERR,ERR,ERR,ERR,ERR,ERR,ERR,ERR,ERR,ERR,ERR,ERR,ERR,ERR,ERR,ERR,ERR,ERR,ERR,ERR,ERR,ERR,ERR,ERR,ERR,ERR,ERR,ERR,ERR,ERR,ERR,ERR,ERR,ERR,ERR,ERR,ERR,ERR,ERR,ERR,ERR,ERR,ERR,ERR,ERR,ERR,ERR,ERR,ERR,ERR,ERR,ERR,ERR,ERR,ERR,ERR,ERR,ERR,ERR,ERR,ERR,ERR,ERR,ERR,ERR,ERR,ERR,ERR,ERR,ERR,ERR,ERR,ERR,ERR,ERR,ERR,ERR,ERR,ERR,ERR,ERR,ERR,ERR,ERR,ERR,ERR,0.0,0.0,0.0,0.0,0.0,1.3936040501711995e+18,7.805,0.0,0,0,4,0,7300,-0.0,0,0.0,0.0,0.0,0.0,0.0,0,0,0,0,0.0,0,0,0,0,0,0,0,0,0,0,0,0,0,0,0,0,0,0,0,0,0,0,0,0,0,0,0,0,0,0,0,0,0,32,30,30,62,65476,0,300,0,0,8,21553,0.0,-107605600.0,0.0,0.0,0.0,0.0,0.0,0.0,0.0,0.0,0.0,0.0,0.0,0.0,0.0,0.0,0.0,0.0,0.0,0.0,0.0,0.0,2.004,2.004,-0.0,-2.004,0.0,0.0,0.0,0.0,5383.0,3.697191411280511e+19,6956.0,0.0,0.0,-107615280.0,-0.0,0.0,0.0,0.0,0.0,63,2.3088396621844998e+20,-0.0,0.0,0.0,0.0,0.0,0.0,0.0,0.0,0,0,0,0.0,0.0,0.0,0.0,0.0,0.0,0.0,0.0,0.0,0.0,0.0,0.0,0.0,0.0,0.0,0.0,0,-107875648.0,63,0.0,126,2.7184242562605685e+23,-0.0,ERR,ERR,ERR,ERR,ERR,ERR,ERR,ERR,ERR,ERR,ERR,ERR,ERR,ERR,ERR,ERR,ERR,ERR,ERR,ERR,ERR,ERR,ERR,ERR,ERR,ERR,ERR,ERR,ERR,ERR,ERR,ERR,ERR,ERR,ERR,ERR,ERR,ERR,ERR,ERR,ERR,ERR,ERR,ERR,ERR,ERR,ERR,ERR,ERR,ERR,ERR,ERR,ERR,ERR,ERR,ERR,ERR,ERR,ERR,ERR,ERR,ERR,ERR,ERR,ERR,ERR,ERR,34.0,80.0,35,0.0,0.0,0.0,0.0,0.0,0.0,0.0,0.0,0.0,0.0,0.0,0.0,0.0,0.0,0.0,0.0,64.8,0,116,56,50,65476,0,300,0,0,8,20529,65476,0,0,57672,80.0,0.0,0.0,0.0,0.0,0.0
2026-06-17T04:21:53,ERR,ERR,ERR,ERR,ERR,ERR,ERR,ERR,ERR,ERR,ERR,ERR,ERR,ERR,ERR,ERR,ERR,ERR,ERR,ERR,ERR,ERR,ERR,ERR,ERR,ERR,ERR,ERR,ERR,ERR,ERR,ERR,ERR,ERR,ERR,ERR,ERR,ERR,ERR,ERR,ERR,ERR,ERR,ERR,ERR,ERR,ERR,ERR,ERR,ERR,ERR,ERR,ERR,ERR,ERR,ERR,ERR,ERR,ERR,ERR,ERR,ERR,ERR,ERR,ERR,ERR,ERR,ERR,ERR,ERR,ERR,ERR,ERR,ERR,ERR,ERR,ERR,ERR,ERR,ERR,ERR,ERR,ERR,ERR,ERR,ERR,ERR,ERR,ERR,ERR,ERR,ERR,ERR,ERR,ERR,ERR,ERR,ERR,ERR,ERR,ERR,ERR,ERR,ERR,ERR,ERR,ERR,ERR,ERR,ERR,ERR,ERR,ERR,ERR,ERR,ERR,ERR,ERR,ERR,ERR,ERR,ERR,ERR,ERR,ERR,0.0,0.0,0.0,0.0,0.0,1.3936040501711995e+18,7.805,0.0,0,0,4,0,7300,-0.0,0,0.0,0.0,0.0,0.0,0.0,0,0,0,0,0.0,0,0,0,0,0,0,0,0,0,0,0,0,0,0,0,0,0,0,0,0,0,0,0,0,0,0,0,0,0,0,0,0,0,32,30,30,62,65476,0,300,0,0,8,21553,0.0,-107605600.0,0.0,0.0,0.0,0.0,0.0,0.0,0.0,0.0,0.0,0.0,0.0,0.0,0.0,0.0,0.0,0.0,0.0,0.0,0.0,0.0,2.004,2.004,-0.0,-2.004,0.0,0.0,0.0,0.0,5383.0,3.697191411280511e+19,6956.0,0.0,0.0,-107615280.0,-0.0,0.0,0.0,0.0,0.0,63,2.3088396621844998e+20,-0.0,0.0,0.0,0.0,0.0,0.0,0.0,0.0,0,0,0,0.0,0.0,0.0,0.0,0.0,0.0,0.0,0.0,0.0,0.0,0.0,0.0,0.0,0.0,0.0,0.0,0,-107875648.0,63,0.0,126,2.7184242562605685e+23,-0.0,ERR,ERR,ERR,ERR,ERR,ERR,ERR,ERR,ERR,ERR,ERR,ERR,ERR,ERR,ERR,ERR,ERR,ERR,ERR,ERR,ERR,ERR,ERR,ERR,ERR,ERR,ERR,ERR,ERR,ERR,ERR,ERR,ERR,ERR,ERR,ERR,ERR,ERR,ERR,ERR,ERR,ERR,ERR,ERR,ERR,ERR,ERR,ERR,ERR,ERR,ERR,ERR,ERR,ERR,ERR,ERR,ERR,ERR,ERR,ERR,ERR,ERR,ERR,ERR,ERR,ERR,ERR,34.0,80.0,35,0.0,0.0,0.0,0.0,0.0,0.0,0.0,0.0,0.0,0.0,0.0,0.0,0.0,0.0,0.0,0.0,64.8,0,116,56,50,65476,0,300,0,0,8,20529,65476,0,0,57672,80.0,0.0,0.0,0.0,0.0,0.0
2026-06-17T04:21:54,ERR,ERR,ERR,ERR,ERR,ERR,ERR,ERR,ERR,ERR,ERR,ERR,ERR,ERR,ERR,ERR,ERR,ERR,ERR,ERR,ERR,ERR,ERR,ERR,ERR,ERR,ERR,ERR,ERR,ERR,ERR,ERR,ERR,ERR,ERR,ERR,ERR,ERR,ERR,ERR,ERR,ERR,ERR,ERR,ERR,ERR,ERR,ERR,ERR,ERR,ERR,ERR,ERR,ERR,ERR,ERR,ERR,ERR,ERR,ERR,ERR,ERR,ERR,ERR,ERR,ERR,ERR,ERR,ERR,ERR,ERR,ERR,ERR,ERR,ERR,ERR,ERR,ERR,ERR,ERR,ERR,ERR,ERR,ERR,ERR,ERR,ERR,ERR,ERR,ERR,ERR,ERR,ERR,ERR,ERR,ERR,ERR,ERR,ERR,ERR,ERR,ERR,ERR,ERR,ERR,ERR,ERR,ERR,ERR,ERR,ERR,ERR,ERR,ERR,ERR,ERR,ERR,ERR,ERR,ERR,ERR,ERR,ERR,ERR,ERR,0.0,0.0,0.0,0.0,0.0,1.3936040501711995e+18,7.805,0.0,0,0,4,0,7300,-0.0,0,0.0,0.0,0.0,0.0,0.0,0,0,0,0,0.0,0,0,0,0,0,0,0,0,0,0,0,0,0,0,0,0,0,0,0,0,0,0,0,0,0,0,0,0,0,0,0,0,0,32,30,30,62,65476,0,300,0,0,8,21553,0.0,-107605600.0,0.0,0.0,0.0,0.0,0.0,0.0,0.0,0.0,0.0,0.0,0.0,0.0,0.0,0.0,0.0,0.0,0.0,0.0,0.0,0.0,2.004,2.004,-0.0,-2.004,0.0,0.0,0.0,0.0,5383.0,3.697191411280511e+19,6956.0,0.0,0.0,-107615280.0,-0.0,0.0,0.0,0.0,0.0,63,2.3088396621844998e+20,-0.0,0.0,0.0,0.0,0.0,0.0,0.0,0.0,0,0,0,0.0,0.0,0.0,0.0,0.0,0.0,0.0,0.0,0.0,0.0,0.0,0.0,0.0,0.0,0.0,0.0,0,-107875648.0,63,0.0,126,2.7184242562605685e+23,-0.0,ERR,ERR,ERR,ERR,ERR,ERR,ERR,ERR,ERR,ERR,ERR,ERR,ERR,ERR,ERR,ERR,ERR,ERR,ERR,ERR,ERR,ERR,ERR,ERR,ERR,ERR,ERR,ERR,ERR,ERR,ERR,ERR,ERR,ERR,ERR,ERR,ERR,ERR,ERR,ERR,ERR,ERR,ERR,ERR,ERR,ERR,ERR,ERR,ERR,ERR,ERR,ERR,ERR,ERR,ERR,ERR,ERR,ERR,ERR,ERR,ERR,ERR,ERR,ERR,ERR,ERR,ERR,34.0,80.0,35,0.0,0.0,0.0,0.0,0.0,0.0,0.0,0.0,0.0,0.0,0.0,0.0,0.0,0.0,0.0,0.0,64.4,0,116,56,50,65476,0,300,0,0,8,20529,65476,0,0,57672,80.0,0.0,0.0,0.0,0.0,0.0
2026-06-17T04:21:55,ERR,ERR,ERR,ERR,ERR,ERR,ERR,ERR,ERR,ERR,ERR,ERR,ERR,ERR,ERR,ERR,ERR,ERR,ERR,ERR,ERR,ERR,ERR,ERR,ERR,ERR,ERR,ERR,ERR,ERR,ERR,ERR,ERR,ERR,ERR,ERR,ERR,ERR,ERR,ERR,ERR,ERR,ERR,ERR,ERR,ERR,ERR,ERR,ERR,ERR,ERR,ERR,ERR,ERR,ERR,ERR,ERR,ERR,ERR,ERR,ERR,ERR,ERR,ERR,ERR,ERR,ERR,ERR,ERR,ERR,ERR,ERR,ERR,ERR,ERR,ERR,ERR,ERR,ERR,ERR,ERR,ERR,ERR,ERR,ERR,ERR,ERR,ERR,ERR,ERR,ERR,ERR,ERR,ERR,ERR,ERR,ERR,ERR,ERR,ERR,ERR,ERR,ERR,ERR,ERR,ERR,ERR,ERR,ERR,ERR,ERR,ERR,ERR,ERR,ERR,ERR,ERR,ERR,ERR,ERR,ERR,ERR,ERR,ERR,ERR,0.0,0.0,0.0,0.0,0.0,1.3936040501711995e+18,7.805,0.0,0,0,4,0,7300,-0.0,0,0.0,0.0,0.0,0.0,0.0,0,0,0,0,0.0,0,0,0,0,0,0,0,0,0,0,0,0,0,0,0,0,0,0,0,0,0,0,0,0,0,0,0,0,0,0,0,0,0,32,30,30,62,65476,0,300,0,0,8,21553,0.0,-107605600.0,0.0,0.0,0.0,0.0,0.0,0.0,0.0,0.0,0.0,0.0,0.0,0.0,0.0,0.0,0.0,0.0,0.0,0.0,0.0,0.0,2.004,2.004,-0.0,-2.004,0.0,0.0,0.0,0.0,5383.0,3.697191411280511e+19,6956.0,0.0,0.0,-107615280.0,-0.0,0.0,0.0,0.0,0.0,63,2.3088396621844998e+20,-0.0,0.0,0.0,0.0,0.0,0.0,0.0,0.0,0,0,0,0.0,0.0,0.0,0.0,0.0,0.0,0.0,0.0,0.0,0.0,0.0,0.0,0.0,0.0,0.0,0.0,0,-107875648.0,63,0.0,126,2.7184242562605685e+23,-0.0,ERR,ERR,ERR,ERR,ERR,ERR,ERR,ERR,ERR,ERR,ERR,ERR,ERR,ERR,ERR,ERR,ERR,ERR,ERR,ERR,ERR,ERR,ERR,ERR,ERR,ERR,ERR,ERR,ERR,ERR,ERR,ERR,ERR,ERR,ERR,ERR,ERR,ERR,ERR,ERR,ERR,ERR,ERR,ERR,ERR,ERR,ERR,ERR,ERR,ERR,ERR,ERR,ERR,ERR,ERR,ERR,ERR,ERR,ERR,ERR,ERR,ERR,ERR,ERR,ERR,ERR,ERR,34.0,80.0,35,0.0,0.0,0.0,0.0,0.0,0.0,0.0,0.0,0.0,0.0,0.0,0.0,0.0,0.0,0.0,0.0,64.8,0,116,56,50,65476,0,300,0,0,8,20529,65476,0,0,57672,80.0,0.0,0.0,0.0,0.0,0.0
2026-06-17T04:21:56,ERR,ERR,ERR,ERR,ERR,ERR,ERR,ERR,ERR,ERR,ERR,ERR,ERR,ERR,ERR,ERR,ERR,ERR,ERR,ERR,ERR,ERR,ERR,ERR,ERR,ERR,ERR,ERR,ERR,ERR,ERR,ERR,ERR,ERR,ERR,ERR,ERR,ERR,ERR,ERR,ERR,ERR,ERR,ERR,ERR,ERR,ERR,ERR,ERR,ERR,ERR,ERR,ERR,ERR,ERR,ERR,ERR,ERR,ERR,ERR,ERR,ERR,ERR,ERR,ERR,ERR,ERR,ERR,ERR,ERR,ERR,ERR,ERR,ERR,ERR,ERR,ERR,ERR,ERR,ERR,ERR,ERR,ERR,ERR,ERR,ERR,ERR,ERR,ERR,ERR,ERR,ERR,ERR,ERR,ERR,ERR,ERR,ERR,ERR,ERR,ERR,ERR,ERR,ERR,ERR,ERR,ERR,ERR,ERR,ERR,ERR,ERR,ERR,ERR,ERR,ERR,ERR,ERR,ERR,ERR,ERR,ERR,ERR,ERR,ERR,0.0,0.0,0.0,0.0,0.0,1.3936040501711995e+18,7.805,0.0,0,0,4,0,7300,-0.0,0,0.0,0.0,0.0,0.0,0.0,0,0,0,0,0.0,0,0,0,0,0,0,0,0,0,0,0,0,0,0,0,0,0,0,0,0,0,0,0,0,0,0,0,0,0,0,0,0,0,32,30,30,62,65476,0,300,0,0,8,21553,0.0,-107605600.0,0.0,0.0,0.0,0.0,0.0,0.0,0.0,0.0,0.0,0.0,0.0,0.0,0.0,0.0,0.0,0.0,0.0,0.0,0.0,0.0,2.004,2.004,-0.0,-2.004,0.0,0.0,0.0,0.0,5383.0,3.697191411280511e+19,6956.0,0.0,0.0,-107615280.0,-0.0,0.0,0.0,0.0,0.0,63,2.3088396621844998e+20,-0.0,0.0,0.0,0.0,0.0,0.0,0.0,0.0,0,0,0,0.0,0.0,0.0,0.0,0.0,0.0,0.0,0.0,0.0,0.0,0.0,0.0,0.0,0.0,0.0,0.0,0,-107875648.0,63,0.0,126,2.7184242562605685e+23,-0.0,ERR,ERR,ERR,ERR,ERR,ERR,ERR,ERR,ERR,ERR,ERR,ERR,ERR,ERR,ERR,ERR,ERR,ERR,ERR,ERR,ERR,ERR,ERR,ERR,ERR,ERR,ERR,ERR,ERR,ERR,ERR,ERR,ERR,ERR,ERR,ERR,ERR,ERR,ERR,ERR,ERR,ERR,ERR,ERR,ERR,ERR,ERR,ERR,ERR,ERR,ERR,ERR,ERR,ERR,ERR,ERR,ERR,ERR,ERR,ERR,ERR,ERR,ERR,ERR,ERR,ERR,ERR,34.0,80.0,35,0.0,0.0,0.0,0.0,0.0,0.0,0.0,0.0,0.0,0.0,0.0,0.0,0.0,0.0,0.0,0.0,64.8,0,116,56,50,65476,0,300,0,0,8,20529,65476,0,0,57672,80.0,0.0,0.0,0.0,0.0,0.0
2026-06-17T04:21:57,ERR,ERR,ERR,ERR,ERR,ERR,ERR,ERR,ERR,ERR,ERR,ERR,ERR,ERR,ERR,ERR,ERR,ERR,ERR,ERR,ERR,ERR,ERR,ERR,ERR,ERR,ERR,ERR,ERR,ERR,ERR,ERR,ERR,ERR,ERR,ERR,ERR,ERR,ERR,ERR,ERR,ERR,ERR,ERR,ERR,ERR,ERR,ERR,ERR,ERR,ERR,ERR,ERR,ERR,ERR,ERR,ERR,ERR,ERR,ERR,ERR,ERR,ERR,ERR,ERR,ERR,ERR,ERR,ERR,ERR,ERR,ERR,ERR,ERR,ERR,ERR,ERR,ERR,ERR,ERR,ERR,ERR,ERR,ERR,ERR,ERR,ERR,ERR,ERR,ERR,ERR,ERR,ERR,ERR,ERR,ERR,ERR,ERR,ERR,ERR,ERR,ERR,ERR,ERR,ERR,ERR,ERR,ERR,ERR,ERR,ERR,ERR,ERR,ERR,ERR,ERR,ERR,ERR,ERR,ERR,ERR,ERR,ERR,ERR,ERR,0.0,0.0,0.0,0.0,0.0,1.3936040501711995e+18,7.805,0.0,0,0,4,0,7300,-0.0,0,0.0,0.0,0.0,0.0,0.0,0,0,0,0,0.0,0,0,0,0,0,0,0,0,0,0,0,0,0,0,0,0,0,0,0,0,0,0,0,0,0,0,0,0,0,0,0,0,0,32,30,30,62,65476,0,300,0,0,8,21553,0.0,-107605600.0,0.0,0.0,0.0,0.0,0.0,0.0,0.0,0.0,0.0,0.0,0.0,0.0,0.0,0.0,0.0,0.0,0.0,0.0,0.0,0.0,2.004,2.004,-0.0,-2.004,0.0,0.0,0.0,0.0,5383.0,3.697191411280511e+19,6956.0,0.0,0.0,-107615280.0,-0.0,0.0,0.0,0.0,0.0,63,2.3088396621844998e+20,-0.0,0.0,0.0,0.0,0.0,0.0,0.0,0.0,0,0,0,0.0,0.0,0.0,0.0,0.0,0.0,0.0,0.0,0.0,0.0,0.0,0.0,0.0,0.0,0.0,0.0,0,-107875648.0,63,0.0,126,2.7184242562605685e+23,-0.0,ERR,ERR,ERR,ERR,ERR,ERR,ERR,ERR,ERR,ERR,ERR,ERR,ERR,ERR,ERR,ERR,ERR,ERR,ERR,ERR,ERR,ERR,ERR,ERR,ERR,ERR,ERR,ERR,ERR,ERR,ERR,ERR,ERR,ERR,ERR,ERR,ERR,ERR,ERR,ERR,ERR,ERR,ERR,ERR,ERR,ERR,ERR,ERR,ERR,ERR,ERR,ERR,ERR,ERR,ERR,ERR,ERR,ERR,ERR,ERR,ERR,ERR,ERR,ERR,ERR,ERR,ERR,34.0,80.0,35,0.0,0.0,0.0,0.0,0.0,0.0,0.0,0.0,0.0,0.0,0.0,0.0,0.0,0.0,0.0,0.0,64.4,0,116,56,50,65476,0,300,0,0,8,20529,65476,0,0,57672,80.0,0.0,0.0,0.0,0.0,0.0
2026-06-17T04:21:58,ERR,ERR,ERR,ERR,ERR,ERR,ERR,ERR,ERR,ERR,ERR,ERR,ERR,ERR,ERR,ERR,ERR,ERR,ERR,ERR,ERR,ERR,ERR,ERR,ERR,ERR,ERR,ERR,ERR,ERR,ERR,ERR,ERR,ERR,ERR,ERR,ERR,ERR,ERR,ERR,ERR,ERR,ERR,ERR,ERR,ERR,ERR,ERR,ERR,ERR,ERR,ERR,ERR,ERR,ERR,ERR,ERR,ERR,ERR,ERR,ERR,ERR,ERR,ERR,ERR,ERR,ERR,ERR,ERR,ERR,ERR,ERR,ERR,ERR,ERR,ERR,ERR,ERR,ERR,ERR,ERR,ERR,ERR,ERR,ERR,ERR,ERR,ERR,ERR,ERR,ERR,ERR,ERR,ERR,ERR,ERR,ERR,ERR,ERR,ERR,ERR,ERR,ERR,ERR,ERR,ERR,ERR,ERR,ERR,ERR,ERR,ERR,ERR,ERR,ERR,ERR,ERR,ERR,ERR,ERR,ERR,ERR,ERR,ERR,ERR,0.0,0.0,0.0,0.0,0.0,1.3936040501711995e+18,7.805,0.0,0,0,4,0,7300,-0.0,0,0.0,0.0,0.0,0.0,0.0,0,0,0,0,0.0,0,0,0,0,0,0,0,0,0,0,0,0,0,0,0,0,0,0,0,0,0,0,0,0,0,0,0,0,0,0,0,0,0,32,30,30,62,65476,0,300,0,0,8,21553,0.0,-107605600.0,0.0,0.0,0.0,0.0,0.0,0.0,0.0,0.0,0.0,0.0,0.0,0.0,0.0,0.0,0.0,0.0,0.0,0.0,0.0,0.0,2.004,2.004,-0.0,-2.004,0.0,0.0,0.0,0.0,5381.0,1.0406668663850192e+34,6959.0,0.0,0.0,-107615280.0,-0.0,0.0,0.0,0.0,0.0,63,1.905697261480837e+17,-0.0,0.0,0.0,0.0,0.0,0.0,0.0,0.0,0,0,0,0.0,0.0,0.0,0.0,0.0,0.0,0.0,0.0,0.0,0.0,0.0,0.0,0.0,0.0,0.0,0.0,0,-107875648.0,63,0.0,126,2.7184242562605685e+23,-0.0,ERR,ERR,ERR,ERR,ERR,ERR,ERR,ERR,ERR,ERR,ERR,ERR,ERR,ERR,ERR,ERR,ERR,ERR,ERR,ERR,ERR,ERR,ERR,ERR,ERR,ERR,ERR,ERR,ERR,ERR,ERR,ERR,ERR,ERR,ERR,ERR,ERR,ERR,ERR,ERR,ERR,ERR,ERR,ERR,ERR,ERR,ERR,ERR,ERR,ERR,ERR,ERR,ERR,ERR,ERR,ERR,ERR,ERR,ERR,ERR,ERR,ERR,ERR,ERR,ERR,ERR,ERR,34.0,80.0,35,0.0,0.0,0.0,0.0,0.0,0.0,0.0,0.0,0.0,0.0,0.0,0.0,0.0,0.0,0.0,0.0,64.4,0,116,56,50,65476,0,300,0,0,8,20529,65476,0,0,57672,80.0,0.0,0.0,0.0,0.0,0.0
2026-06-17T04:21:59,ERR,ERR,ERR,ERR,ERR,ERR,ERR,ERR,ERR,ERR,ERR,ERR,ERR,ERR,ERR,ERR,ERR,ERR,ERR,ERR,ERR,ERR,ERR,ERR,ERR,ERR,ERR,ERR,ERR,ERR,ERR,ERR,ERR,ERR,ERR,ERR,ERR,ERR,ERR,ERR,ERR,ERR,ERR,ERR,ERR,ERR,ERR,ERR,ERR,ERR,ERR,ERR,ERR,ERR,ERR,ERR,ERR,ERR,ERR,ERR,ERR,ERR,ERR,ERR,ERR,ERR,ERR,ERR,ERR,ERR,ERR,ERR,ERR,ERR,ERR,ERR,ERR,ERR,ERR,ERR,ERR,ERR,ERR,ERR,ERR,ERR,ERR,ERR,ERR,ERR,ERR,ERR,ERR,ERR,ERR,ERR,ERR,ERR,ERR,ERR,ERR,ERR,ERR,ERR,ERR,ERR,ERR,ERR,ERR,ERR,ERR,ERR,ERR,ERR,ERR,ERR,ERR,ERR,ERR,ERR,ERR,ERR,ERR,ERR,ERR,0.0,0.0,0.0,0.0,0.0,1.3936040501711995e+18,7.805,0.0,0,0,4,0,7300,-0.0,0,0.0,0.0,0.0,0.0,0.0,0,0,0,0,0.0,0,0,0,0,0,0,0,0,0,0,0,0,0,0,0,0,0,0,0,0,0,0,0,0,0,0,0,0,0,0,0,0,0,32,30,30,62,65476,0,300,0,0,8,21553,0.0,-107605600.0,0.0,0.0,0.0,0.0,0.0,0.0,0.0,0.0,0.0,0.0,0.0,0.0,0.0,0.0,0.0,0.0,0.0,0.0,0.0,0.0,2.004,2.004,-0.0,-2.004,0.0,0.0,0.0,0.0,5381.0,1.0406668663850192e+34,6959.0,0.0,0.0,-107615280.0,-0.0,0.0,0.0,0.0,0.0,63,1.905697261480837e+17,-0.0,0.0,0.0,0.0,0.0,0.0,0.0,0.0,0,0,0,0.0,0.0,0.0,0.0,0.0,0.0,0.0,0.0,0.0,0.0,0.0,0.0,0.0,0.0,0.0,0.0,0,-107875648.0,63,0.0,126,2.7184242562605685e+23,-0.0,ERR,ERR,ERR,ERR,ERR,ERR,ERR,ERR,ERR,ERR,ERR,ERR,ERR,ERR,ERR,ERR,ERR,ERR,ERR,ERR,ERR,ERR,ERR,ERR,ERR,ERR,ERR,ERR,ERR,ERR,ERR,ERR,ERR,ERR,ERR,ERR,ERR,ERR,ERR,ERR,ERR,ERR,ERR,ERR,ERR,ERR,ERR,ERR,ERR,ERR,ERR,ERR,ERR,ERR,ERR,ERR,ERR,ERR,ERR,ERR,ERR,ERR,ERR,ERR,ERR,ERR,ERR,34.0,80.0,35,0.0,0.0,0.0,0.0,0.0,0.0,0.0,0.0,0.0,0.0,0.0,0.0,0.0,0.0,0.0,0.0,64.4,0,116,56,50,65476,0,300,0,0,8,20529,65476,0,0,57672,80.0,0.0,0.0,0.0,0.0,0.0
2026-06-17T04:22:00,ERR,ERR,ERR,ERR,ERR,ERR,ERR,ERR,ERR,ERR,ERR,ERR,ERR,ERR,ERR,ERR,ERR,ERR,ERR,ERR,ERR,ERR,ERR,ERR,ERR,ERR,ERR,ERR,ERR,ERR,ERR,ERR,ERR,ERR,ERR,ERR,ERR,ERR,ERR,ERR,ERR,ERR,ERR,ERR,ERR,ERR,ERR,ERR,ERR,ERR,ERR,ERR,ERR,ERR,ERR,ERR,ERR,ERR,ERR,ERR,ERR,ERR,ERR,ERR,ERR,ERR,ERR,ERR,ERR,ERR,ERR,ERR,ERR,ERR,ERR,ERR,ERR,ERR,ERR,ERR,ERR,ERR,ERR,ERR,ERR,ERR,ERR,ERR,ERR,ERR,ERR,ERR,ERR,ERR,ERR,ERR,ERR,ERR,ERR,ERR,ERR,ERR,ERR,ERR,ERR,ERR,ERR,ERR,ERR,ERR,ERR,ERR,ERR,ERR,ERR,ERR,ERR,ERR,ERR,ERR,ERR,ERR,ERR,ERR,ERR,0.0,0.0,0.0,0.0,0.0,1.3936040501711995e+18,7.805,0.0,0,0,4,0,7300,-0.0,0,0.0,0.0,0.0,0.0,0.0,0,0,0,0,0.0,0,0,0,0,0,0,0,0,0,0,0,0,0,0,0,0,0,0,0,0,0,0,0,0,0,0,0,0,0,0,0,0,0,32,30,30,62,65476,0,300,0,0,8,21553,0.0,-107605600.0,0.0,0.0,0.0,0.0,0.0,0.0,0.0,0.0,0.0,0.0,0.0,0.0,0.0,0.0,0.0,0.0,0.0,0.0,0.0,0.0,2.004,2.004,-0.0,-2.004,0.0,0.0,0.0,0.0,5381.0,1.0406668663850192e+34,6959.0,0.0,0.0,-107615280.0,-0.0,0.0,0.0,0.0,0.0,63,1.905697261480837e+17,-0.0,0.0,0.0,0.0,0.0,0.0,0.0,0.0,0,0,0,0.0,0.0,0.0,0.0,0.0,0.0,0.0,0.0,0.0,0.0,0.0,0.0,0.0,0.0,0.0,0.0,0,-107875648.0,63,0.0,126,2.7184242562605685e+23,-0.0,ERR,ERR,ERR,ERR,ERR,ERR,ERR,ERR,ERR,ERR,ERR,ERR,ERR,ERR,ERR,ERR,ERR,ERR,ERR,ERR,ERR,ERR,ERR,ERR,ERR,ERR,ERR,ERR,ERR,ERR,ERR,ERR,ERR,ERR,ERR,ERR,ERR,ERR,ERR,ERR,ERR,ERR,ERR,ERR,ERR,ERR,ERR,ERR,ERR,ERR,ERR,ERR,ERR,ERR,ERR,ERR,ERR,ERR,ERR,ERR,ERR,ERR,ERR,ERR,ERR,ERR,ERR,34.0,80.0,35,0.0,0.0,0.0,0.0,0.0,0.0,0.0,0.0,0.0,0.0,0.0,0.0,0.0,0.0,0.0,0.0,64.4,0,116,56,50,65476,0,300,0,0,8,20529,65476,0,0,57672,80.0,0.0,0.0,0.0,0.0,0.0
2026-06-17T04:22:01,ERR,ERR,ERR,ERR,ERR,ERR,ERR,ERR,ERR,ERR,ERR,ERR,ERR,ERR,ERR,ERR,ERR,ERR,ERR,ERR,ERR,ERR,ERR,ERR,ERR,ERR,ERR,ERR,ERR,ERR,ERR,ERR,ERR,ERR,ERR,ERR,ERR,ERR,ERR,ERR,ERR,ERR,ERR,ERR,ERR,ERR,ERR,ERR,ERR,ERR,ERR,ERR,ERR,ERR,ERR,ERR,ERR,ERR,ERR,ERR,ERR,ERR,ERR,ERR,ERR,ERR,ERR,ERR,ERR,ERR,ERR,ERR,ERR,ERR,ERR,ERR,ERR,ERR,ERR,ERR,ERR,ERR,ERR,ERR,ERR,ERR,ERR,ERR,ERR,ERR,ERR,ERR,ERR,ERR,ERR,ERR,ERR,ERR,ERR,ERR,ERR,ERR,ERR,ERR,ERR,ERR,ERR,ERR,ERR,ERR,ERR,ERR,ERR,ERR,ERR,ERR,ERR,ERR,ERR,ERR,ERR,ERR,ERR,ERR,ERR,0.0,0.0,0.0,0.0,0.0,1.3936040501711995e+18,7.805,0.0,0,0,4,0,7300,-0.0,0,0.0,0.0,0.0,0.0,0.0,0,0,0,0,0.0,0,0,0,0,0,0,0,0,0,0,0,0,0,0,0,0,0,0,0,0,0,0,0,0,0,0,0,0,0,0,0,0,0,32,30,30,62,65476,0,300,0,0,8,21553,0.0,-107605600.0,0.0,0.0,0.0,0.0,0.0,0.0,0.0,0.0,0.0,0.0,0.0,0.0,0.0,0.0,0.0,0.0,0.0,0.0,0.0,0.0,2.004,2.004,-0.0,-2.004,0.0,0.0,0.0,0.0,5381.0,1.0406668663850192e+34,6959.0,0.0,0.0,-107615280.0,-0.0,0.0,0.0,0.0,0.0,63,1.905697261480837e+17,-0.0,0.0,0.0,0.0,0.0,0.0,0.0,0.0,0,0,0,0.0,0.0,0.0,0.0,0.0,0.0,0.0,0.0,0.0,0.0,0.0,0.0,0.0,0.0,0.0,0.0,0,-107875648.0,63,0.0,126,2.7184242562605685e+23,-0.0,ERR,ERR,ERR,ERR,ERR,ERR,ERR,ERR,ERR,ERR,ERR,ERR,ERR,ERR,ERR,ERR,ERR,ERR,ERR,ERR,ERR,ERR,ERR,ERR,ERR,ERR,ERR,ERR,ERR,ERR,ERR,ERR,ERR,ERR,ERR,ERR,ERR,ERR,ERR,ERR,ERR,ERR,ERR,ERR,ERR,ERR,ERR,ERR,ERR,ERR,ERR,ERR,ERR,ERR,ERR,ERR,ERR,ERR,ERR,ERR,ERR,ERR,ERR,ERR,ERR,ERR,ERR,34.0,80.0,35,0.0,0.0,0.0,0.0,0.0,0.0,0.0,0.0,0.0,0.0,0.0,0.0,0.0,0.0,0.0,0.0,64.4,0,116,56,50,65476,0,300,0,0,8,20529,65476,0,0,57672,80.0,0.0,0.0,0.0,0.0,0.0
2026-06-17T04:22:02,ERR,ERR,ERR,ERR,ERR,ERR,ERR,ERR,ERR,ERR,ERR,ERR,ERR,ERR,ERR,ERR,ERR,ERR,ERR,ERR,ERR,ERR,ERR,ERR,ERR,ERR,ERR,ERR,ERR,ERR,ERR,ERR,ERR,ERR,ERR,ERR,ERR,ERR,ERR,ERR,ERR,ERR,ERR,ERR,ERR,ERR,ERR,ERR,ERR,ERR,ERR,ERR,ERR,ERR,ERR,ERR,ERR,ERR,ERR,ERR,ERR,ERR,ERR,ERR,ERR,ERR,ERR,ERR,ERR,ERR,ERR,ERR,ERR,ERR,ERR,ERR,ERR,ERR,ERR,ERR,ERR,ERR,ERR,ERR,ERR,ERR,ERR,ERR,ERR,ERR,ERR,ERR,ERR,ERR,ERR,ERR,ERR,ERR,ERR,ERR,ERR,ERR,ERR,ERR,ERR,ERR,ERR,ERR,ERR,ERR,ERR,ERR,ERR,ERR,ERR,ERR,ERR,ERR,ERR,ERR,ERR,ERR,ERR,ERR,ERR,0.0,0.0,0.0,0.0,0.0,1.3936040501711995e+18,7.805,0.0,0,0,4,0,7300,-0.0,0,0.0,0.0,0.0,0.0,0.0,0,0,0,0,0.0,0,0,0,0,0,0,0,0,0,0,0,0,0,0,0,0,0,0,0,0,0,0,0,0,0,0,0,0,0,0,0,0,0,32,30,30,62,65476,0,300,0,0,8,21553,0.0,-107605600.0,0.0,0.0,0.0,0.0,0.0,0.0,0.0,0.0,0.0,0.0,0.0,0.0,0.0,0.0,0.0,0.0,0.0,0.0,0.0,0.0,2.004,2.004,-0.0,-2.004,0.0,0.0,0.0,0.0,5381.0,1.0406668663850192e+34,6959.0,0.0,0.0,-107615280.0,-0.0,0.0,0.0,0.0,0.0,63,1.905697261480837e+17,-0.0,0.0,0.0,0.0,0.0,0.0,0.0,0.0,0,0,0,0.0,0.0,0.0,0.0,0.0,0.0,0.0,0.0,0.0,0.0,0.0,0.0,0.0,0.0,0.0,0.0,0,-107875648.0,63,0.0,126,2.7184242562605685e+23,-0.0,ERR,ERR,ERR,ERR,ERR,ERR,ERR,ERR,ERR,ERR,ERR,ERR,ERR,ERR,ERR,ERR,ERR,ERR,ERR,ERR,ERR,ERR,ERR,ERR,ERR,ERR,ERR,ERR,ERR,ERR,ERR,ERR,ERR,ERR,ERR,ERR,ERR,ERR,ERR,ERR,ERR,ERR,ERR,ERR,ERR,ERR,ERR,ERR,ERR,ERR,ERR,ERR,ERR,ERR,ERR,ERR,ERR,ERR,ERR,ERR,ERR,ERR,ERR,ERR,ERR,ERR,ERR,34.0,80.0,35,0.0,0.0,0.0,0.0,0.0,0.0,0.0,0.0,0.0,0.0,0.0,0.0,0.0,0.0,0.0,0.0,64.4,0,116,56,50,65476,0,300,0,0,8,20529,65476,0,0,57672,80.0,0.0,0.0,0.0,0.0,0.0
2026-06-17T04:22:03,ERR,ERR,ERR,ERR,ERR,ERR,ERR,ERR,ERR,ERR,ERR,ERR,ERR,ERR,ERR,ERR,ERR,ERR,ERR,ERR,ERR,ERR,ERR,ERR,ERR,ERR,ERR,ERR,ERR,ERR,ERR,ERR,ERR,ERR,ERR,ERR,ERR,ERR,ERR,ERR,ERR,ERR,ERR,ERR,ERR,ERR,ERR,ERR,ERR,ERR,ERR,ERR,ERR,ERR,ERR,ERR,ERR,ERR,ERR,ERR,ERR,ERR,ERR,ERR,ERR,ERR,ERR,ERR,ERR,ERR,ERR,ERR,ERR,ERR,ERR,ERR,ERR,ERR,ERR,ERR,ERR,ERR,ERR,ERR,ERR,ERR,ERR,ERR,ERR,ERR,ERR,ERR,ERR,ERR,ERR,ERR,ERR,ERR,ERR,ERR,ERR,ERR,ERR,ERR,ERR,ERR,ERR,ERR,ERR,ERR,ERR,ERR,ERR,ERR,ERR,ERR,ERR,ERR,ERR,ERR,ERR,ERR,ERR,ERR,ERR,0.0,0.0,0.0,0.0,0.0,1.3936040501711995e+18,7.805,0.0,0,0,4,0,7300,-0.0,0,0.0,0.0,0.0,0.0,0.0,0,0,0,0,0.0,0,0,0,0,0,0,0,0,0,0,0,0,0,0,0,0,0,0,0,0,0,0,0,0,0,0,0,0,0,0,0,0,0,32,30,30,62,65476,0,300,0,0,8,21553,0.0,-107605600.0,0.0,0.0,0.0,0.0,0.0,0.0,0.0,0.0,0.0,0.0,0.0,0.0,0.0,0.0,0.0,0.0,0.0,0.0,0.0,0.0,2.004,2.004,-0.0,-2.004,0.0,0.0,0.0,0.0,5383.0,-0.0,6960.0,0.0,0.0,-107615280.0,-0.0,0.0,0.0,0.0,0.0,63,2.3088396621844998e+20,-0.0,0.0,0.0,0.0,0.0,0.0,0.0,0.0,0,0,0,0.0,0.0,0.0,0.0,0.0,0.0,0.0,0.0,0.0,0.0,0.0,0.0,0.0,0.0,0.0,0.0,0,-107875648.0,63,0.0,126,2.7184242562605685e+23,-0.0,ERR,ERR,ERR,ERR,ERR,ERR,ERR,ERR,ERR,ERR,ERR,ERR,ERR,ERR,ERR,ERR,ERR,ERR,ERR,ERR,ERR,ERR,ERR,ERR,ERR,ERR,ERR,ERR,ERR,ERR,ERR,ERR,ERR,ERR,ERR,ERR,ERR,ERR,ERR,ERR,ERR,ERR,ERR,ERR,ERR,ERR,ERR,ERR,ERR,ERR,ERR,ERR,ERR,ERR,ERR,ERR,ERR,ERR,ERR,ERR,ERR,ERR,ERR,ERR,ERR,ERR,ERR,34.0,80.0,35,0.0,0.0,0.0,0.0,0.0,0.0,0.0,0.0,0.0,0.0,0.0,0.0,0.0,0.0,0.0,0.0,64.4,0,116,56,50,65476,0,300,0,0,8,20529,65476,0,0,57672,80.0,0.0,0.0,0.0,0.0,0.0
2026-06-17T04:22:04,ERR,ERR,ERR,ERR,ERR,ERR,ERR,ERR,ERR,ERR,ERR,ERR,ERR,ERR,ERR,ERR,ERR,ERR,ERR,ERR,ERR,ERR,ERR,ERR,ERR,ERR,ERR,ERR,ERR,ERR,ERR,ERR,ERR,ERR,ERR,ERR,ERR,ERR,ERR,ERR,ERR,ERR,ERR,ERR,ERR,ERR,ERR,ERR,ERR,ERR,ERR,ERR,ERR,ERR,ERR,ERR,ERR,ERR,ERR,ERR,ERR,ERR,ERR,ERR,ERR,ERR,ERR,ERR,ERR,ERR,ERR,ERR,ERR,ERR,ERR,ERR,ERR,ERR,ERR,ERR,ERR,ERR,ERR,ERR,ERR,ERR,ERR,ERR,ERR,ERR,ERR,ERR,ERR,ERR,ERR,ERR,ERR,ERR,ERR,ERR,ERR,ERR,ERR,ERR,ERR,ERR,ERR,ERR,ERR,ERR,ERR,ERR,ERR,ERR,ERR,ERR,ERR,ERR,ERR,ERR,ERR,ERR,ERR,ERR,ERR,0.0,0.0,0.0,0.0,0.0,1.3936040501711995e+18,7.805,0.0,0,0,4,0,7300,-0.0,0,0.0,0.0,0.0,0.0,0.0,0,0,0,0,0.0,0,0,0,0,0,0,0,0,0,0,0,0,0,0,0,0,0,0,0,0,0,0,0,0,0,0,0,0,0,0,0,0,0,32,30,30,62,65476,0,300,0,0,8,21553,0.0,-107605600.0,0.0,0.0,0.0,0.0,0.0,0.0,0.0,0.0,0.0,0.0,0.0,0.0,0.0,0.0,0.0,0.0,0.0,0.0,0.0,0.0,2.004,2.004,-0.0,-2.004,0.0,0.0,0.0,0.0,5383.0,-0.0,6960.0,0.0,0.0,-107615280.0,-0.0,0.0,0.0,0.0,0.0,63,2.3088396621844998e+20,-0.0,0.0,0.0,0.0,0.0,0.0,0.0,0.0,0,0,0,0.0,0.0,0.0,0.0,0.0,0.0,0.0,0.0,0.0,0.0,0.0,0.0,0.0,0.0,0.0,0.0,0,-107875648.0,63,0.0,126,2.7184242562605685e+23,-0.0,ERR,ERR,ERR,ERR,ERR,ERR,ERR,ERR,ERR,ERR,ERR,ERR,ERR,ERR,ERR,ERR,ERR,ERR,ERR,ERR,ERR,ERR,ERR,ERR,ERR,ERR,ERR,ERR,ERR,ERR,ERR,ERR,ERR,ERR,ERR,ERR,ERR,ERR,ERR,ERR,ERR,ERR,ERR,ERR,ERR,ERR,ERR,ERR,ERR,ERR,ERR,ERR,ERR,ERR,ERR,ERR,ERR,ERR,ERR,ERR,ERR,ERR,ERR,ERR,ERR,ERR,ERR,34.0,80.0,35,0.0,0.0,0.0,0.0,0.0,0.0,0.0,0.0,0.0,0.0,0.0,0.0,0.0,0.0,0.0,0.0,64.4,0,116,56,50,65476,0,300,0,0,8,20529,65476,0,0,57672,80.0,0.0,0.0,0.0,0.0,0.0
2026-06-17T04:22:05,ERR,ERR,ERR,ERR,ERR,ERR,ERR,ERR,ERR,ERR,ERR,ERR,ERR,ERR,ERR,ERR,ERR,ERR,ERR,ERR,ERR,ERR,ERR,ERR,ERR,ERR,ERR,ERR,ERR,ERR,ERR,ERR,ERR,ERR,ERR,ERR,ERR,ERR,ERR,ERR,ERR,ERR,ERR,ERR,ERR,ERR,ERR,ERR,ERR,ERR,ERR,ERR,ERR,ERR,ERR,ERR,ERR,ERR,ERR,ERR,ERR,ERR,ERR,ERR,ERR,ERR,ERR,ERR,ERR,ERR,ERR,ERR,ERR,ERR,ERR,ERR,ERR,ERR,ERR,ERR,ERR,ERR,ERR,ERR,ERR,ERR,ERR,ERR,ERR,ERR,ERR,ERR,ERR,ERR,ERR,ERR,ERR,ERR,ERR,ERR,ERR,ERR,ERR,ERR,ERR,ERR,ERR,ERR,ERR,ERR,ERR,ERR,ERR,ERR,ERR,ERR,ERR,ERR,ERR,ERR,ERR,ERR,ERR,ERR,ERR,0.0,0.0,0.0,0.0,0.0,1.3936040501711995e+18,7.805,0.0,0,0,4,0,7300,-0.0,0,0.0,0.0,0.0,0.0,0.0,0,0,0,0,0.0,0,0,0,0,0,0,0,0,0,0,0,0,0,0,0,0,0,0,0,0,0,0,0,0,0,0,0,0,0,0,0,0,0,32,30,30,62,65476,0,300,0,0,8,21553,0.0,-107605600.0,0.0,0.0,0.0,0.0,0.0,0.0,0.0,0.0,0.0,0.0,0.0,0.0,0.0,0.0,0.0,0.0,0.0,0.0,0.0,0.0,2.004,2.004,-0.0,-2.004,0.0,0.0,0.0,0.0,5383.0,-0.0,6960.0,0.0,0.0,-107615280.0,-0.0,0.0,0.0,0.0,0.0,63,2.3088396621844998e+20,-0.0,0.0,0.0,0.0,0.0,0.0,0.0,0.0,0,0,0,0.0,0.0,0.0,0.0,0.0,0.0,0.0,0.0,0.0,0.0,0.0,0.0,0.0,0.0,0.0,0.0,0,-107875648.0,63,0.0,126,2.7184242562605685e+23,-0.0,ERR,ERR,ERR,ERR,ERR,ERR,ERR,ERR,ERR,ERR,ERR,ERR,ERR,ERR,ERR,ERR,ERR,ERR,ERR,ERR,ERR,ERR,ERR,ERR,ERR,ERR,ERR,ERR,ERR,ERR,ERR,ERR,ERR,ERR,ERR,ERR,ERR,ERR,ERR,ERR,ERR,ERR,ERR,ERR,ERR,ERR,ERR,ERR,ERR,ERR,ERR,ERR,ERR,ERR,ERR,ERR,ERR,ERR,ERR,ERR,ERR,ERR,ERR,ERR,ERR,ERR,ERR,34.0,80.0,35,0.0,0.0,0.0,0.0,0.0,0.0,0.0,0.0,0.0,0.0,0.0,0.0,0.0,0.0,0.0,0.0,64.4,0,116,56,50,65476,0,300,0,0,8,20529,65476,0,0,57672,80.0,0.0,0.0,0.0,0.0,0.0
2026-06-17T04:22:06,ERR,ERR,ERR,ERR,ERR,ERR,ERR,ERR,ERR,ERR,ERR,ERR,ERR,ERR,ERR,ERR,ERR,ERR,ERR,ERR,ERR,ERR,ERR,ERR,ERR,ERR,ERR,ERR,ERR,ERR,ERR,ERR,ERR,ERR,ERR,ERR,ERR,ERR,ERR,ERR,ERR,ERR,ERR,ERR,ERR,ERR,ERR,ERR,ERR,ERR,ERR,ERR,ERR,ERR,ERR,ERR,ERR,ERR,ERR,ERR,ERR,ERR,ERR,ERR,ERR,ERR,ERR,ERR,ERR,ERR,ERR,ERR,ERR,ERR,ERR,ERR,ERR,ERR,ERR,ERR,ERR,ERR,ERR,ERR,ERR,ERR,ERR,ERR,ERR,ERR,ERR,ERR,ERR,ERR,ERR,ERR,ERR,ERR,ERR,ERR,ERR,ERR,ERR,ERR,ERR,ERR,ERR,ERR,ERR,ERR,ERR,ERR,ERR,ERR,ERR,ERR,ERR,ERR,ERR,ERR,ERR,ERR,ERR,ERR,ERR,0.0,0.0,0.0,0.0,0.0,1.3936040501711995e+18,7.805,0.0,0,0,4,0,7300,-0.0,0,0.0,0.0,0.0,0.0,0.0,0,0,0,0,0.0,0,0,0,0,0,0,0,0,0,0,0,0,0,0,0,0,0,0,0,0,0,0,0,0,0,0,0,0,0,0,0,0,0,32,30,30,62,65476,0,300,0,0,8,21553,0.0,-107605600.0,0.0,0.0,0.0,0.0,0.0,0.0,0.0,0.0,0.0,0.0,0.0,0.0,0.0,0.0,0.0,0.0,0.0,0.0,0.0,0.0,2.004,2.004,-0.0,-2.004,0.0,0.0,0.0,0.0,5383.0,-0.0,6960.0,0.0,0.0,-107615280.0,-0.0,0.0,0.0,0.0,0.0,63,2.3088396621844998e+20,-0.0,0.0,0.0,0.0,0.0,0.0,0.0,0.0,0,0,0,0.0,0.0,0.0,0.0,0.0,0.0,0.0,0.0,0.0,0.0,0.0,0.0,0.0,0.0,0.0,0.0,0,-107875648.0,63,0.0,126,2.7184242562605685e+23,-0.0,ERR,ERR,ERR,ERR,ERR,ERR,ERR,ERR,ERR,ERR,ERR,ERR,ERR,ERR,ERR,ERR,ERR,ERR,ERR,ERR,ERR,ERR,ERR,ERR,ERR,ERR,ERR,ERR,ERR,ERR,ERR,ERR,ERR,ERR,ERR,ERR,ERR,ERR,ERR,ERR,ERR,ERR,ERR,ERR,ERR,ERR,ERR,ERR,ERR,ERR,ERR,ERR,ERR,ERR,ERR,ERR,ERR,ERR,ERR,ERR,ERR,ERR,ERR,ERR,ERR,ERR,ERR,34.0,80.0,35,0.0,0.0,0.0,0.0,0.0,0.0,0.0,0.0,0.0,0.0,0.0,0.0,0.0,0.0,0.0,0.0,64.4,0,116,56,50,65476,0,300,0,0,8,20529,65476,0,0,57672,80.0,0.0,0.0,0.0,0.0,0.0
2026-06-17T04:22:07,ERR,ERR,ERR,ERR,ERR,ERR,ERR,ERR,ERR,ERR,ERR,ERR,ERR,ERR,ERR,ERR,ERR,ERR,ERR,ERR,ERR,ERR,ERR,ERR,ERR,ERR,ERR,ERR,ERR,ERR,ERR,ERR,ERR,ERR,ERR,ERR,ERR,ERR,ERR,ERR,ERR,ERR,ERR,ERR,ERR,ERR,ERR,ERR,ERR,ERR,ERR,ERR,ERR,ERR,ERR,ERR,ERR,ERR,ERR,ERR,ERR,ERR,ERR,ERR,ERR,ERR,ERR,ERR,ERR,ERR,ERR,ERR,ERR,ERR,ERR,ERR,ERR,ERR,ERR,ERR,ERR,ERR,ERR,ERR,ERR,ERR,ERR,ERR,ERR,ERR,ERR,ERR,ERR,ERR,ERR,ERR,ERR,ERR,ERR,ERR,ERR,ERR,ERR,ERR,ERR,ERR,ERR,ERR,ERR,ERR,ERR,ERR,ERR,ERR,ERR,ERR,ERR,ERR,ERR,ERR,ERR,ERR,ERR,ERR,ERR,0.0,0.0,0.0,0.0,0.0,1.3936040501711995e+18,7.805,0.0,0,0,4,0,7300,-0.0,0,0.0,0.0,0.0,0.0,0.0,0,0,0,0,0.0,0,0,0,0,0,0,0,0,0,0,0,0,0,0,0,0,0,0,0,0,0,0,0,0,0,0,0,0,0,0,0,0,0,32,30,30,62,65476,0,300,0,0,8,21553,0.0,-107605600.0,0.0,0.0,0.0,0.0,0.0,0.0,0.0,0.0,0.0,0.0,0.0,0.0,0.0,0.0,0.0,0.0,0.0,0.0,0.0,0.0,2.004,2.004,-0.0,-2.004,0.0,0.0,0.0,0.0,5383.0,-0.0,6960.0,0.0,0.0,-107615280.0,-0.0,0.0,0.0,0.0,0.0,63,2.3088396621844998e+20,-0.0,0.0,0.0,0.0,0.0,0.0,0.0,0.0,0,0,0,0.0,0.0,0.0,0.0,0.0,0.0,0.0,0.0,0.0,0.0,0.0,0.0,0.0,0.0,0.0,0.0,0,-107875648.0,63,0.0,126,2.7184242562605685e+23,-0.0,ERR,ERR,ERR,ERR,ERR,ERR,ERR,ERR,ERR,ERR,ERR,ERR,ERR,ERR,ERR,ERR,ERR,ERR,ERR,ERR,ERR,ERR,ERR,ERR,ERR,ERR,ERR,ERR,ERR,ERR,ERR,ERR,ERR,ERR,ERR,ERR,ERR,ERR,ERR,ERR,ERR,ERR,ERR,ERR,ERR,ERR,ERR,ERR,ERR,ERR,ERR,ERR,ERR,ERR,ERR,ERR,ERR,ERR,ERR,ERR,ERR,ERR,ERR,ERR,ERR,ERR,ERR,34.0,80.0,35,0.0,0.0,0.0,0.0,0.0,0.0,0.0,0.0,0.0,0.0,0.0,0.0,0.0,0.0,0.0,0.0,64.4,0,116,56,50,65476,0,300,0,0,8,20529,65476,0,0,57672,80.0,0.0,0.0,0.0,0.0,0.0
2026-06-17T04:22:08,ERR,ERR,ERR,ERR,ERR,ERR,ERR,ERR,ERR,ERR,ERR,ERR,ERR,ERR,ERR,ERR,ERR,ERR,ERR,ERR,ERR,ERR,ERR,ERR,ERR,ERR,ERR,ERR,ERR,ERR,ERR,ERR,ERR,ERR,ERR,ERR,ERR,ERR,ERR,ERR,ERR,ERR,ERR,ERR,ERR,ERR,ERR,ERR,ERR,ERR,ERR,ERR,ERR,ERR,ERR,ERR,ERR,ERR,ERR,ERR,ERR,ERR,ERR,ERR,ERR,ERR,ERR,ERR,ERR,ERR,ERR,ERR,ERR,ERR,ERR,ERR,ERR,ERR,ERR,ERR,ERR,ERR,ERR,ERR,ERR,ERR,ERR,ERR,ERR,ERR,ERR,ERR,ERR,ERR,ERR,ERR,ERR,ERR,ERR,ERR,ERR,ERR,ERR,ERR,ERR,ERR,ERR,ERR,ERR,ERR,ERR,ERR,ERR,ERR,ERR,ERR,ERR,ERR,ERR,ERR,ERR,ERR,ERR,ERR,ERR,0.0,0.0,0.0,0.0,0.0,1.3936040501711995e+18,7.805,0.0,0,0,4,0,7300,-0.0,0,0.0,0.0,0.0,0.0,0.0,0,0,0,0,0.0,0,0,0,0,0,0,0,0,0,0,0,0,0,0,0,0,0,0,0,0,0,0,0,0,0,0,0,0,0,0,0,0,0,32,30,30,62,65476,0,300,0,0,8,21553,0.0,-107605600.0,0.0,0.0,0.0,0.0,0.0,0.0,0.0,0.0,0.0,0.0,0.0,0.0,0.0,0.0,0.0,0.0,0.0,0.0,0.0,0.0,2.004,2.004,-0.0,-2.004,0.0,0.0,0.0,0.0,5383.0,8608194560.0,6954.0,0.0,0.0,-107615280.0,-0.0,0.0,0.0,0.0,0.0,63,2.3088396621844998e+20,-0.0,0.0,0.0,0.0,0.0,0.0,0.0,0.0,0,0,0,0.0,0.0,0.0,0.0,0.0,0.0,0.0,0.0,0.0,0.0,0.0,0.0,0.0,0.0,0.0,0.0,0,-107875648.0,63,0.0,126,2.7184242562605685e+23,-0.0,ERR,ERR,ERR,ERR,ERR,ERR,ERR,ERR,ERR,ERR,ERR,ERR,ERR,ERR,ERR,ERR,ERR,ERR,ERR,ERR,ERR,ERR,ERR,ERR,ERR,ERR,ERR,ERR,ERR,ERR,ERR,ERR,ERR,ERR,ERR,ERR,ERR,ERR,ERR,ERR,ERR,ERR,ERR,ERR,ERR,ERR,ERR,ERR,ERR,ERR,ERR,ERR,ERR,ERR,ERR,ERR,ERR,ERR,ERR,ERR,ERR,ERR,ERR,ERR,ERR,ERR,ERR,34.0,80.0,35,0.0,0.0,0.0,0.0,0.0,0.0,0.0,0.0,0.0,0.0,0.0,0.0,0.0,0.0,0.0,0.0,64.4,0,116,56,50,65476,0,300,0,0,8,20529,65476,0,0,57672,80.0,0.0,0.0,0.0,0.0,0.0
2026-06-17T04:22:09,ERR,ERR,ERR,ERR,ERR,ERR,ERR,ERR,ERR,ERR,ERR,ERR,ERR,ERR,ERR,ERR,ERR,ERR,ERR,ERR,ERR,ERR,ERR,ERR,ERR,ERR,ERR,ERR,ERR,ERR,ERR,ERR,ERR,ERR,ERR,ERR,ERR,ERR,ERR,ERR,ERR,ERR,ERR,ERR,ERR,ERR,ERR,ERR,ERR,ERR,ERR,ERR,ERR,ERR,ERR,ERR,ERR,ERR,ERR,ERR,ERR,ERR,ERR,ERR,ERR,ERR,ERR,ERR,ERR,ERR,ERR,ERR,ERR,ERR,ERR,ERR,ERR,ERR,ERR,ERR,ERR,ERR,ERR,ERR,ERR,ERR,ERR,ERR,ERR,ERR,ERR,ERR,ERR,ERR,ERR,ERR,ERR,ERR,ERR,ERR,ERR,ERR,ERR,ERR,ERR,ERR,ERR,ERR,ERR,ERR,ERR,ERR,ERR,ERR,ERR,ERR,ERR,ERR,ERR,ERR,ERR,ERR,ERR,ERR,ERR,0.0,0.0,0.0,0.0,0.0,1.3936040501711995e+18,7.805,0.0,0,0,4,0,7300,-0.0,0,0.0,0.0,0.0,0.0,0.0,0,0,0,0,0.0,0,0,0,0,0,0,0,0,0,0,0,0,0,0,0,0,0,0,0,0,0,0,0,0,0,0,0,0,0,0,0,0,0,32,30,30,62,65476,0,300,0,0,8,21553,0.0,-107605600.0,0.0,0.0,0.0,0.0,0.0,0.0,0.0,0.0,0.0,0.0,0.0,0.0,0.0,0.0,0.0,0.0,0.0,0.0,0.0,0.0,2.004,2.004,-0.0,-2.004,0.0,0.0,0.0,0.0,5383.0,8608194560.0,6954.0,0.0,0.0,-107615280.0,-0.0,0.0,0.0,0.0,0.0,63,2.3088396621844998e+20,-0.0,0.0,0.0,0.0,0.0,0.0,0.0,0.0,0,0,0,0.0,0.0,0.0,0.0,0.0,0.0,0.0,0.0,0.0,0.0,0.0,0.0,0.0,0.0,0.0,0.0,0,-107875648.0,63,0.0,126,2.7184242562605685e+23,-0.0,ERR,ERR,ERR,ERR,ERR,ERR,ERR,ERR,ERR,ERR,ERR,ERR,ERR,ERR,ERR,ERR,ERR,ERR,ERR,ERR,ERR,ERR,ERR,ERR,ERR,ERR,ERR,ERR,ERR,ERR,ERR,ERR,ERR,ERR,ERR,ERR,ERR,ERR,ERR,ERR,ERR,ERR,ERR,ERR,ERR,ERR,ERR,ERR,ERR,ERR,ERR,ERR,ERR,ERR,ERR,ERR,ERR,ERR,ERR,ERR,ERR,ERR,ERR,ERR,ERR,ERR,ERR,34.0,80.0,35,0.0,0.0,0.0,0.0,0.0,0.0,0.0,0.0,0.0,0.0,0.0,0.0,0.0,0.0,0.0,0.0,64.4,0,116,56,50,65476,0,300,0,0,8,20529,65476,0,0,57672,80.0,0.0,0.0,0.0,0.0,0.0
2026-06-17T04:22:10,ERR,ERR,ERR,ERR,ERR,ERR,ERR,ERR,ERR,ERR,ERR,ERR,ERR,ERR,ERR,ERR,ERR,ERR,ERR,ERR,ERR,ERR,ERR,ERR,ERR,ERR,ERR,ERR,ERR,ERR,ERR,ERR,ERR,ERR,ERR,ERR,ERR,ERR,ERR,ERR,ERR,ERR,ERR,ERR,ERR,ERR,ERR,ERR,ERR,ERR,ERR,ERR,ERR,ERR,ERR,ERR,ERR,ERR,ERR,ERR,ERR,ERR,ERR,ERR,ERR,ERR,ERR,ERR,ERR,ERR,ERR,ERR,ERR,ERR,ERR,ERR,ERR,ERR,ERR,ERR,ERR,ERR,ERR,ERR,ERR,ERR,ERR,ERR,ERR,ERR,ERR,ERR,ERR,ERR,ERR,ERR,ERR,ERR,ERR,ERR,ERR,ERR,ERR,ERR,ERR,ERR,ERR,ERR,ERR,ERR,ERR,ERR,ERR,ERR,ERR,ERR,ERR,ERR,ERR,ERR,ERR,ERR,ERR,ERR,ERR,0.0,0.0,0.0,0.0,0.0,1.3936040501711995e+18,7.805,0.0,0,0,4,0,7300,-0.0,0,0.0,0.0,0.0,0.0,0.0,0,0,0,0,0.0,0,0,0,0,0,0,0,0,0,0,0,0,0,0,0,0,0,0,0,0,0,0,0,0,0,0,0,0,0,0,0,0,0,32,30,30,62,65476,0,300,0,0,8,21553,0.0,-107605600.0,0.0,0.0,0.0,0.0,0.0,0.0,0.0,0.0,0.0,0.0,0.0,0.0,0.0,0.0,0.0,0.0,0.0,0.0,0.0,0.0,2.004,2.004,-0.0,-2.004,0.0,0.0,0.0,0.0,5383.0,8608194560.0,6954.0,0.0,0.0,-107615280.0,-0.0,0.0,0.0,0.0,0.0,63,2.3088396621844998e+20,-0.0,0.0,0.0,0.0,0.0,0.0,0.0,0.0,0,0,0,0.0,0.0,0.0,0.0,0.0,0.0,0.0,0.0,0.0,0.0,0.0,0.0,0.0,0.0,0.0,0.0,0,-107875648.0,63,0.0,126,2.7184242562605685e+23,-0.0,ERR,ERR,ERR,ERR,ERR,ERR,ERR,ERR,ERR,ERR,ERR,ERR,ERR,ERR,ERR,ERR,ERR,ERR,ERR,ERR,ERR,ERR,ERR,ERR,ERR,ERR,ERR,ERR,ERR,ERR,ERR,ERR,ERR,ERR,ERR,ERR,ERR,ERR,ERR,ERR,ERR,ERR,ERR,ERR,ERR,ERR,ERR,ERR,ERR,ERR,ERR,ERR,ERR,ERR,ERR,ERR,ERR,ERR,ERR,ERR,ERR,ERR,ERR,ERR,ERR,ERR,ERR,34.0,80.0,35,0.0,0.0,0.0,0.0,0.0,0.0,0.0,0.0,0.0,0.0,0.0,0.0,0.0,0.0,0.0,0.0,64.8,0,116,56,50,65476,0,300,0,0,8,20529,65476,0,0,57672,80.0,0.0,0.0,0.0,0.0,0.0
2026-06-17T04:22:11,ERR,ERR,ERR,ERR,ERR,ERR,ERR,ERR,ERR,ERR,ERR,ERR,ERR,ERR,ERR,ERR,ERR,ERR,ERR,ERR,ERR,ERR,ERR,ERR,ERR,ERR,ERR,ERR,ERR,ERR,ERR,ERR,ERR,ERR,ERR,ERR,ERR,ERR,ERR,ERR,ERR,ERR,ERR,ERR,ERR,ERR,ERR,ERR,ERR,ERR,ERR,ERR,ERR,ERR,ERR,ERR,ERR,ERR,ERR,ERR,ERR,ERR,ERR,ERR,ERR,ERR,ERR,ERR,ERR,ERR,ERR,ERR,ERR,ERR,ERR,ERR,ERR,ERR,ERR,ERR,ERR,ERR,ERR,ERR,ERR,ERR,ERR,ERR,ERR,ERR,ERR,ERR,ERR,ERR,ERR,ERR,ERR,ERR,ERR,ERR,ERR,ERR,ERR,ERR,ERR,ERR,ERR,ERR,ERR,ERR,ERR,ERR,ERR,ERR,ERR,ERR,ERR,ERR,ERR,ERR,ERR,ERR,ERR,ERR,ERR,0.0,0.0,0.0,0.0,0.0,1.3936040501711995e+18,7.805,0.0,0,0,4,0,7300,-0.0,0,0.0,0.0,0.0,0.0,0.0,0,0,0,0,0.0,0,0,0,0,0,0,0,0,0,0,0,0,0,0,0,0,0,0,0,0,0,0,0,0,0,0,0,0,0,0,0,0,0,32,30,30,62,65476,0,300,0,0,8,21553,0.0,-107605600.0,0.0,0.0,0.0,0.0,0.0,0.0,0.0,0.0,0.0,0.0,0.0,0.0,0.0,0.0,0.0,0.0,0.0,0.0,0.0,0.0,2.004,2.004,-0.0,-2.004,0.0,0.0,0.0,0.0,5383.0,8608194560.0,6954.0,0.0,0.0,-107615280.0,-0.0,0.0,0.0,0.0,0.0,63,2.3088396621844998e+20,-0.0,0.0,0.0,0.0,0.0,0.0,0.0,0.0,0,0,0,0.0,0.0,0.0,0.0,0.0,0.0,0.0,0.0,0.0,0.0,0.0,0.0,0.0,0.0,0.0,0.0,0,-107875648.0,63,0.0,126,2.7184242562605685e+23,-0.0,ERR,ERR,ERR,ERR,ERR,ERR,ERR,ERR,ERR,ERR,ERR,ERR,ERR,ERR,ERR,ERR,ERR,ERR,ERR,ERR,ERR,ERR,ERR,ERR,ERR,ERR,ERR,ERR,ERR,ERR,ERR,ERR,ERR,ERR,ERR,ERR,ERR,ERR,ERR,ERR,ERR,ERR,ERR,ERR,ERR,ERR,ERR,ERR,ERR,ERR,ERR,ERR,ERR,ERR,ERR,ERR,ERR,ERR,ERR,ERR,ERR,ERR,ERR,ERR,ERR,ERR,ERR,34.0,80.0,35,0.0,0.0,0.0,0.0,0.0,0.0,0.0,0.0,0.0,0.0,0.0,0.0,0.0,0.0,0.0,0.0,64.8,0,116,56,50,65476,0,300,0,0,8,20529,65476,0,0,57672,80.0,0.0,0.0,0.0,0.0,0.0
2026-06-17T04:22:12,ERR,ERR,ERR,ERR,ERR,ERR,ERR,ERR,ERR,ERR,ERR,ERR,ERR,ERR,ERR,ERR,ERR,ERR,ERR,ERR,ERR,ERR,ERR,ERR,ERR,ERR,ERR,ERR,ERR,ERR,ERR,ERR,ERR,ERR,ERR,ERR,ERR,ERR,ERR,ERR,ERR,ERR,ERR,ERR,ERR,ERR,ERR,ERR,ERR,ERR,ERR,ERR,ERR,ERR,ERR,ERR,ERR,ERR,ERR,ERR,ERR,ERR,ERR,ERR,ERR,ERR,ERR,ERR,ERR,ERR,ERR,ERR,ERR,ERR,ERR,ERR,ERR,ERR,ERR,ERR,ERR,ERR,ERR,ERR,ERR,ERR,ERR,ERR,ERR,ERR,ERR,ERR,ERR,ERR,ERR,ERR,ERR,ERR,ERR,ERR,ERR,ERR,ERR,ERR,ERR,ERR,ERR,ERR,ERR,ERR,ERR,ERR,ERR,ERR,ERR,ERR,ERR,ERR,ERR,ERR,ERR,ERR,ERR,ERR,ERR,0.0,0.0,0.0,0.0,0.0,1.3936040501711995e+18,7.805,0.0,0,0,4,0,7300,-0.0,0,0.0,0.0,0.0,0.0,0.0,0,0,0,0,0.0,0,0,0,0,0,0,0,0,0,0,0,0,0,0,0,0,0,0,0,0,0,0,0,0,0,0,0,0,0,0,0,0,0,32,30,30,62,65476,0,300,0,0,8,21553,0.0,-107605600.0,0.0,0.0,0.0,0.0,0.0,0.0,0.0,0.0,0.0,0.0,0.0,0.0,0.0,0.0,0.0,0.0,0.0,0.0,0.0,0.0,2.004,2.004,-0.0,-2.004,0.0,0.0,0.0,0.0,5383.0,8608194560.0,6954.0,0.0,0.0,-107615280.0,-0.0,0.0,0.0,0.0,0.0,63,2.3088396621844998e+20,-0.0,0.0,0.0,0.0,0.0,0.0,0.0,0.0,0,0,0,0.0,0.0,0.0,0.0,0.0,0.0,0.0,0.0,0.0,0.0,0.0,0.0,0.0,0.0,0.0,0.0,0,-107875648.0,63,0.0,126,2.7184242562605685e+23,-0.0,ERR,ERR,ERR,ERR,ERR,ERR,ERR,ERR,ERR,ERR,ERR,ERR,ERR,ERR,ERR,ERR,ERR,ERR,ERR,ERR,ERR,ERR,ERR,ERR,ERR,ERR,ERR,ERR,ERR,ERR,ERR,ERR,ERR,ERR,ERR,ERR,ERR,ERR,ERR,ERR,ERR,ERR,ERR,ERR,ERR,ERR,ERR,ERR,ERR,ERR,ERR,ERR,ERR,ERR,ERR,ERR,ERR,ERR,ERR,ERR,ERR,ERR,ERR,ERR,ERR,ERR,ERR,34.0,80.0,35,0.0,0.0,0.0,0.0,0.0,0.0,0.0,0.0,0.0,0.0,0.0,0.0,0.0,0.0,0.0,0.0,64.4,0,116,56,50,65476,0,300,0,0,8,20529,65476,0,0,57672,80.0,0.0,0.0,0.0,0.0,0.0
2026-06-17T04:22:13,ERR,ERR,ERR,ERR,ERR,ERR,ERR,ERR,ERR,ERR,ERR,ERR,ERR,ERR,ERR,ERR,ERR,ERR,ERR,ERR,ERR,ERR,ERR,ERR,ERR,ERR,ERR,ERR,ERR,ERR,ERR,ERR,ERR,ERR,ERR,ERR,ERR,ERR,ERR,ERR,ERR,ERR,ERR,ERR,ERR,ERR,ERR,ERR,ERR,ERR,ERR,ERR,ERR,ERR,ERR,ERR,ERR,ERR,ERR,ERR,ERR,ERR,ERR,ERR,ERR,ERR,ERR,ERR,ERR,ERR,ERR,ERR,ERR,ERR,ERR,ERR,ERR,ERR,ERR,ERR,ERR,ERR,ERR,ERR,ERR,ERR,ERR,ERR,ERR,ERR,ERR,ERR,ERR,ERR,ERR,ERR,ERR,ERR,ERR,ERR,ERR,ERR,ERR,ERR,ERR,ERR,ERR,ERR,ERR,ERR,ERR,ERR,ERR,ERR,ERR,ERR,ERR,ERR,ERR,ERR,ERR,ERR,ERR,ERR,ERR,0.0,0.0,0.0,0.0,0.0,1.3936040501711995e+18,7.805,0.0,0,0,4,0,7300,-0.0,0,0.0,0.0,0.0,0.0,0.0,0,0,0,0,0.0,0,0,0,0,0,0,0,0,0,0,0,0,0,0,0,0,0,0,0,0,0,0,0,0,0,0,0,0,0,0,0,0,0,32,30,30,62,65476,0,300,0,0,8,21553,0.0,-107605600.0,0.0,0.0,0.0,0.0,0.0,0.0,0.0,0.0,0.0,0.0,0.0,0.0,0.0,0.0,0.0,0.0,0.0,0.0,0.0,0.0,2.004,2.004,-0.0,-2.004,0.0,0.0,0.0,0.0,5384.0,2.4229913632967957e+24,6957.0,0.0,0.0,-107615280.0,-0.0,0.0,0.0,0.0,0.0,63,2.718429300292151e+23,-0.0,0.0,0.0,0.0,0.0,0.0,0.0,0.0,0,0,0,0.0,0.0,0.0,0.0,0.0,0.0,0.0,0.0,0.0,0.0,0.0,0.0,0.0,0.0,0.0,0.0,0,-107875648.0,63,0.0,126,2.7184242562605685e+23,-0.0,ERR,ERR,ERR,ERR,ERR,ERR,ERR,ERR,ERR,ERR,ERR,ERR,ERR,ERR,ERR,ERR,ERR,ERR,ERR,ERR,ERR,ERR,ERR,ERR,ERR,ERR,ERR,ERR,ERR,ERR,ERR,ERR,ERR,ERR,ERR,ERR,ERR,ERR,ERR,ERR,ERR,ERR,ERR,ERR,ERR,ERR,ERR,ERR,ERR,ERR,ERR,ERR,ERR,ERR,ERR,ERR,ERR,ERR,ERR,ERR,ERR,ERR,ERR,ERR,ERR,ERR,ERR,34.0,80.0,35,0.0,0.0,0.0,0.0,0.0,0.0,0.0,0.0,0.0,0.0,0.0,0.0,0.0,0.0,0.0,0.0,64.8,0,116,56,50,65476,0,300,0,0,8,20529,65476,0,0,57672,80.0,0.0,0.0,0.0,0.0,0.0
2026-06-17T04:22:14,ERR,ERR,ERR,ERR,ERR,ERR,ERR,ERR,ERR,ERR,ERR,ERR,ERR,ERR,ERR,ERR,ERR,ERR,ERR,ERR,ERR,ERR,ERR,ERR,ERR,ERR,ERR,ERR,ERR,ERR,ERR,ERR,ERR,ERR,ERR,ERR,ERR,ERR,ERR,ERR,ERR,ERR,ERR,ERR,ERR,ERR,ERR,ERR,ERR,ERR,ERR,ERR,ERR,ERR,ERR,ERR,ERR,ERR,ERR,ERR,ERR,ERR,ERR,ERR,ERR,ERR,ERR,ERR,ERR,ERR,ERR,ERR,ERR,ERR,ERR,ERR,ERR,ERR,ERR,ERR,ERR,ERR,ERR,ERR,ERR,ERR,ERR,ERR,ERR,ERR,ERR,ERR,ERR,ERR,ERR,ERR,ERR,ERR,ERR,ERR,ERR,ERR,ERR,ERR,ERR,ERR,ERR,ERR,ERR,ERR,ERR,ERR,ERR,ERR,ERR,ERR,ERR,ERR,ERR,ERR,ERR,ERR,ERR,ERR,ERR,0.0,0.0,0.0,0.0,0.0,1.3936040501711995e+18,7.805,0.0,0,0,4,0,7300,-0.0,0,0.0,0.0,0.0,0.0,0.0,0,0,0,0,0.0,0,0,0,0,0,0,0,0,0,0,0,0,0,0,0,0,0,0,0,0,0,0,0,0,0,0,0,0,0,0,0,0,0,32,30,30,62,65476,0,300,0,0,8,21553,0.0,-107605600.0,0.0,0.0,0.0,0.0,0.0,0.0,0.0,0.0,0.0,0.0,0.0,0.0,0.0,0.0,0.0,0.0,0.0,0.0,0.0,0.0,2.004,2.004,-0.0,-2.004,0.0,0.0,0.0,0.0,5384.0,2.4229913632967957e+24,6957.0,0.0,0.0,-107615280.0,-0.0,0.0,0.0,0.0,0.0,63,2.718429300292151e+23,-0.0,0.0,0.0,0.0,0.0,0.0,0.0,0.0,0,0,0,0.0,0.0,0.0,0.0,0.0,0.0,0.0,0.0,0.0,0.0,0.0,0.0,0.0,0.0,0.0,0.0,0,-107875648.0,63,0.0,126,2.7184242562605685e+23,-0.0,ERR,ERR,ERR,ERR,ERR,ERR,ERR,ERR,ERR,ERR,ERR,ERR,ERR,ERR,ERR,ERR,ERR,ERR,ERR,ERR,ERR,ERR,ERR,ERR,ERR,ERR,ERR,ERR,ERR,ERR,ERR,ERR,ERR,ERR,ERR,ERR,ERR,ERR,ERR,ERR,ERR,ERR,ERR,ERR,ERR,ERR,ERR,ERR,ERR,ERR,ERR,ERR,ERR,ERR,ERR,ERR,ERR,ERR,ERR,ERR,ERR,ERR,ERR,ERR,ERR,ERR,ERR,34.0,80.0,35,0.0,0.0,0.0,0.0,0.0,0.0,0.0,0.0,0.0,0.0,0.0,0.0,0.0,0.0,0.0,0.0,64.8,0,116,56,50,65476,0,300,0,0,8,20529,65476,0,0,57672,80.0,0.0,0.0,0.0,0.0,0.0
2026-06-17T04:22:15,ERR,ERR,ERR,ERR,ERR,ERR,ERR,ERR,ERR,ERR,ERR,ERR,ERR,ERR,ERR,ERR,ERR,ERR,ERR,ERR,ERR,ERR,ERR,ERR,ERR,ERR,ERR,ERR,ERR,ERR,ERR,ERR,ERR,ERR,ERR,ERR,ERR,ERR,ERR,ERR,ERR,ERR,ERR,ERR,ERR,ERR,ERR,ERR,ERR,ERR,ERR,ERR,ERR,ERR,ERR,ERR,ERR,ERR,ERR,ERR,ERR,ERR,ERR,ERR,ERR,ERR,ERR,ERR,ERR,ERR,ERR,ERR,ERR,ERR,ERR,ERR,ERR,ERR,ERR,ERR,ERR,ERR,ERR,ERR,ERR,ERR,ERR,ERR,ERR,ERR,ERR,ERR,ERR,ERR,ERR,ERR,ERR,ERR,ERR,ERR,ERR,ERR,ERR,ERR,ERR,ERR,ERR,ERR,ERR,ERR,ERR,ERR,ERR,ERR,ERR,ERR,ERR,ERR,ERR,ERR,ERR,ERR,ERR,ERR,ERR,0.0,0.0,0.0,0.0,0.0,1.3936040501711995e+18,7.805,0.0,0,0,4,0,7300,-0.0,0,0.0,0.0,0.0,0.0,0.0,0,0,0,0,0.0,0,0,0,0,0,0,0,0,0,0,0,0,0,0,0,0,0,0,0,0,0,0,0,0,0,0,0,0,0,0,0,0,0,32,30,30,62,65476,0,300,0,0,8,21553,0.0,-107605600.0,0.0,0.0,0.0,0.0,0.0,0.0,0.0,0.0,0.0,0.0,0.0,0.0,0.0,0.0,0.0,0.0,0.0,0.0,0.0,0.0,2.004,2.004,-0.0,-2.004,0.0,0.0,0.0,0.0,5384.0,2.4229913632967957e+24,6957.0,0.0,0.0,-107615280.0,-0.0,0.0,0.0,0.0,0.0,63,2.718429300292151e+23,-0.0,0.0,0.0,0.0,0.0,0.0,0.0,0.0,0,0,0,0.0,0.0,0.0,0.0,0.0,0.0,0.0,0.0,0.0,0.0,0.0,0.0,0.0,0.0,0.0,0.0,0,-107875648.0,63,0.0,126,2.7184242562605685e+23,-0.0,ERR,ERR,ERR,ERR,ERR,ERR,ERR,ERR,ERR,ERR,ERR,ERR,ERR,ERR,ERR,ERR,ERR,ERR,ERR,ERR,ERR,ERR,ERR,ERR,ERR,ERR,ERR,ERR,ERR,ERR,ERR,ERR,ERR,ERR,ERR,ERR,ERR,ERR,ERR,ERR,ERR,ERR,ERR,ERR,ERR,ERR,ERR,ERR,ERR,ERR,ERR,ERR,ERR,ERR,ERR,ERR,ERR,ERR,ERR,ERR,ERR,ERR,ERR,ERR,ERR,ERR,ERR,34.0,80.0,35,0.0,0.0,0.0,0.0,0.0,0.0,0.0,0.0,0.0,0.0,0.0,0.0,0.0,0.0,0.0,0.0,64.4,0,116,56,50,65476,0,300,0,0,8,20529,65476,0,0,57672,80.0,0.0,0.0,0.0,0.0,0.0
2026-06-17T04:22:16,ERR,ERR,ERR,ERR,ERR,ERR,ERR,ERR,ERR,ERR,ERR,ERR,ERR,ERR,ERR,ERR,ERR,ERR,ERR,ERR,ERR,ERR,ERR,ERR,ERR,ERR,ERR,ERR,ERR,ERR,ERR,ERR,ERR,ERR,ERR,ERR,ERR,ERR,ERR,ERR,ERR,ERR,ERR,ERR,ERR,ERR,ERR,ERR,ERR,ERR,ERR,ERR,ERR,ERR,ERR,ERR,ERR,ERR,ERR,ERR,ERR,ERR,ERR,ERR,ERR,ERR,ERR,ERR,ERR,ERR,ERR,ERR,ERR,ERR,ERR,ERR,ERR,ERR,ERR,ERR,ERR,ERR,ERR,ERR,ERR,ERR,ERR,ERR,ERR,ERR,ERR,ERR,ERR,ERR,ERR,ERR,ERR,ERR,ERR,ERR,ERR,ERR,ERR,ERR,ERR,ERR,ERR,ERR,ERR,ERR,ERR,ERR,ERR,ERR,ERR,ERR,ERR,ERR,ERR,ERR,ERR,ERR,ERR,ERR,ERR,0.0,0.0,0.0,0.0,0.0,1.3936040501711995e+18,7.805,0.0,0,0,4,0,7300,-0.0,0,0.0,0.0,0.0,0.0,0.0,0,0,0,0,0.0,0,0,0,0,0,0,0,0,0,0,0,0,0,0,0,0,0,0,0,0,0,0,0,0,0,0,0,0,0,0,0,0,0,32,30,30,62,65476,0,300,0,0,8,21553,0.0,-107605600.0,0.0,0.0,0.0,0.0,0.0,0.0,0.0,0.0,0.0,0.0,0.0,0.0,0.0,0.0,0.0,0.0,0.0,0.0,0.0,0.0,2.004,2.004,-0.0,-2.004,0.0,0.0,0.0,0.0,5384.0,2.4229913632967957e+24,6957.0,0.0,0.0,-107615280.0,-0.0,0.0,0.0,0.0,0.0,63,2.718429300292151e+23,-0.0,0.0,0.0,0.0,0.0,0.0,0.0,0.0,0,0,0,0.0,0.0,0.0,0.0,0.0,0.0,0.0,0.0,0.0,0.0,0.0,0.0,0.0,0.0,0.0,0.0,0,-107875648.0,63,0.0,126,2.7184242562605685e+23,-0.0,ERR,ERR,ERR,ERR,ERR,ERR,ERR,ERR,ERR,ERR,ERR,ERR,ERR,ERR,ERR,ERR,ERR,ERR,ERR,ERR,ERR,ERR,ERR,ERR,ERR,ERR,ERR,ERR,ERR,ERR,ERR,ERR,ERR,ERR,ERR,ERR,ERR,ERR,ERR,ERR,ERR,ERR,ERR,ERR,ERR,ERR,ERR,ERR,ERR,ERR,ERR,ERR,ERR,ERR,ERR,ERR,ERR,ERR,ERR,ERR,ERR,ERR,ERR,ERR,ERR,ERR,ERR,34.0,80.0,35,0.0,0.0,0.0,0.0,0.0,0.0,0.0,0.0,0.0,0.0,0.0,0.0,0.0,0.0,0.0,0.0,64.4,0,116,56,50,65476,0,300,0,0,8,20529,65476,0,0,57672,80.0,0.0,0.0,0.0,0.0,0.0
2026-06-17T04:22:17,ERR,ERR,ERR,ERR,ERR,ERR,ERR,ERR,ERR,ERR,ERR,ERR,ERR,ERR,ERR,ERR,ERR,ERR,ERR,ERR,ERR,ERR,ERR,ERR,ERR,ERR,ERR,ERR,ERR,ERR,ERR,ERR,ERR,ERR,ERR,ERR,ERR,ERR,ERR,ERR,ERR,ERR,ERR,ERR,ERR,ERR,ERR,ERR,ERR,ERR,ERR,ERR,ERR,ERR,ERR,ERR,ERR,ERR,ERR,ERR,ERR,ERR,ERR,ERR,ERR,ERR,ERR,ERR,ERR,ERR,ERR,ERR,ERR,ERR,ERR,ERR,ERR,ERR,ERR,ERR,ERR,ERR,ERR,ERR,ERR,ERR,ERR,ERR,ERR,ERR,ERR,ERR,ERR,ERR,ERR,ERR,ERR,ERR,ERR,ERR,ERR,ERR,ERR,ERR,ERR,ERR,ERR,ERR,ERR,ERR,ERR,ERR,ERR,ERR,ERR,ERR,ERR,ERR,ERR,ERR,ERR,ERR,ERR,ERR,ERR,0.0,0.0,0.0,0.0,0.0,1.3936040501711995e+18,7.805,0.0,0,0,4,0,7300,-0.0,0,0.0,0.0,0.0,0.0,0.0,0,0,0,0,0.0,0,0,0,0,0,0,0,0,0,0,0,0,0,0,0,0,0,0,0,0,0,0,0,0,0,0,0,0,0,0,0,0,0,32,30,30,62,65476,0,300,0,0,8,21553,0.0,-107605600.0,0.0,0.0,0.0,0.0,0.0,0.0,0.0,0.0,0.0,0.0,0.0,0.0,0.0,0.0,0.0,0.0,0.0,0.0,0.0,0.0,2.004,2.004,-0.0,-2.004,0.0,0.0,0.0,0.0,5384.0,2.4229913632967957e+24,6957.0,0.0,0.0,-107615280.0,-0.0,0.0,0.0,0.0,0.0,63,2.718429300292151e+23,-0.0,0.0,0.0,0.0,0.0,0.0,0.0,0.0,0,0,0,0.0,0.0,0.0,0.0,0.0,0.0,0.0,0.0,0.0,0.0,0.0,0.0,0.0,0.0,0.0,0.0,0,-107875648.0,63,0.0,126,2.7184242562605685e+23,-0.0,ERR,ERR,ERR,ERR,ERR,ERR,ERR,ERR,ERR,ERR,ERR,ERR,ERR,ERR,ERR,ERR,ERR,ERR,ERR,ERR,ERR,ERR,ERR,ERR,ERR,ERR,ERR,ERR,ERR,ERR,ERR,ERR,ERR,ERR,ERR,ERR,ERR,ERR,ERR,ERR,ERR,ERR,ERR,ERR,ERR,ERR,ERR,ERR,ERR,ERR,ERR,ERR,ERR,ERR,ERR,ERR,ERR,ERR,ERR,ERR,ERR,ERR,ERR,ERR,ERR,ERR,ERR,34.0,80.0,35,0.0,0.0,0.0,0.0,0.0,0.0,0.0,0.0,0.0,0.0,0.0,0.0,0.0,0.0,0.0,0.0,64.4,0,116,56,50,65476,0,300,0,0,8,20529,65476,0,0,57672,80.0,0.0,0.0,0.0,0.0,0.0
2026-06-17T04:22:18,ERR,ERR,ERR,ERR,ERR,ERR,ERR,ERR,ERR,ERR,ERR,ERR,ERR,ERR,ERR,ERR,ERR,ERR,ERR,ERR,ERR,ERR,ERR,ERR,ERR,ERR,ERR,ERR,ERR,ERR,ERR,ERR,ERR,ERR,ERR,ERR,ERR,ERR,ERR,ERR,ERR,ERR,ERR,ERR,ERR,ERR,ERR,ERR,ERR,ERR,ERR,ERR,ERR,ERR,ERR,ERR,ERR,ERR,ERR,ERR,ERR,ERR,ERR,ERR,ERR,ERR,ERR,ERR,ERR,ERR,ERR,ERR,ERR,ERR,ERR,ERR,ERR,ERR,ERR,ERR,ERR,ERR,ERR,ERR,ERR,ERR,ERR,ERR,ERR,ERR,ERR,ERR,ERR,ERR,ERR,ERR,ERR,ERR,ERR,ERR,ERR,ERR,ERR,ERR,ERR,ERR,ERR,ERR,ERR,ERR,ERR,ERR,ERR,ERR,ERR,ERR,ERR,ERR,ERR,ERR,ERR,ERR,ERR,ERR,ERR,0.0,0.0,0.0,0.0,0.0,1.3936040501711995e+18,7.805,0.0,0,0,4,0,7300,-0.0,0,0.0,0.0,0.0,0.0,0.0,0,0,0,0,0.0,0,0,0,0,0,0,0,0,0,0,0,0,0,0,0,0,0,0,0,0,0,0,0,0,0,0,0,0,0,0,0,0,0,32,30,30,62,65476,0,300,0,0,8,21553,0.0,-107605600.0,0.0,0.0,0.0,0.0,0.0,0.0,0.0,0.0,0.0,0.0,0.0,0.0,0.0,0.0,0.0,0.0,0.0,0.0,0.0,0.0,2.004,2.004,-0.0,-2.004,0.0,0.0,0.0,0.0,5384.0,2.4229913632967957e+24,6957.0,0.0,0.0,-107615280.0,-0.0,0.0,0.0,0.0,0.0,63,2.718429300292151e+23,-0.0,0.0,0.0,0.0,0.0,0.0,0.0,0.0,0,0,0,0.0,0.0,0.0,0.0,0.0,0.0,0.0,0.0,0.0,0.0,0.0,0.0,0.0,0.0,0.0,0.0,0,-107875648.0,63,0.0,126,2.7184242562605685e+23,-0.0,ERR,ERR,ERR,ERR,ERR,ERR,ERR,ERR,ERR,ERR,ERR,ERR,ERR,ERR,ERR,ERR,ERR,ERR,ERR,ERR,ERR,ERR,ERR,ERR,ERR,ERR,ERR,ERR,ERR,ERR,ERR,ERR,ERR,ERR,ERR,ERR,ERR,ERR,ERR,ERR,ERR,ERR,ERR,ERR,ERR,ERR,ERR,ERR,ERR,ERR,ERR,ERR,ERR,ERR,ERR,ERR,ERR,ERR,ERR,ERR,ERR,ERR,ERR,ERR,ERR,ERR,ERR,34.0,80.0,35,0.0,0.0,0.0,0.0,0.0,0.0,0.0,0.0,0.0,0.0,0.0,0.0,0.0,0.0,0.0,0.0,64.4,0,116,56,50,65476,0,300,0,0,8,20529,65476,0,0,57672,80.0,0.0,0.0,0.0,0.0,0.0
2026-06-17T04:22:19,ERR,ERR,ERR,ERR,ERR,ERR,ERR,ERR,ERR,ERR,ERR,ERR,ERR,ERR,ERR,ERR,ERR,ERR,ERR,ERR,ERR,ERR,ERR,ERR,ERR,ERR,ERR,ERR,ERR,ERR,ERR,ERR,ERR,ERR,ERR,ERR,ERR,ERR,ERR,ERR,ERR,ERR,ERR,ERR,ERR,ERR,ERR,ERR,ERR,ERR,ERR,ERR,ERR,ERR,ERR,ERR,ERR,ERR,ERR,ERR,ERR,ERR,ERR,ERR,ERR,ERR,ERR,ERR,ERR,ERR,ERR,ERR,ERR,ERR,ERR,ERR,ERR,ERR,ERR,ERR,ERR,ERR,ERR,ERR,ERR,ERR,ERR,ERR,ERR,ERR,ERR,ERR,ERR,ERR,ERR,ERR,ERR,ERR,ERR,ERR,ERR,ERR,ERR,ERR,ERR,ERR,ERR,ERR,ERR,ERR,ERR,ERR,ERR,ERR,ERR,ERR,ERR,ERR,ERR,ERR,ERR,ERR,ERR,ERR,ERR,0.0,0.0,0.0,0.0,0.0,1.3936040501711995e+18,7.805,0.0,0,0,4,0,7300,-0.0,0,0.0,0.0,0.0,0.0,0.0,0,0,0,0,0.0,0,0,0,0,0,0,0,0,0,0,0,0,0,0,0,0,0,0,0,0,0,0,0,0,0,0,0,0,0,0,0,0,0,32,30,30,62,65476,0,300,0,0,8,21553,0.0,-107605600.0,0.0,0.0,0.0,0.0,0.0,0.0,0.0,0.0,0.0,0.0,0.0,0.0,0.0,0.0,0.0,0.0,0.0,0.0,0.0,0.0,2.004,2.004,-0.0,-2.004,0.0,0.0,0.0,0.0,5384.0,-0.0,6961.0,0.0,0.0,-107615280.0,-0.0,0.0,0.0,0.0,0.0,63,2.718429300292151e+23,-0.0,0.0,0.0,0.0,0.0,0.0,0.0,0.0,0,0,0,0.0,0.0,0.0,0.0,0.0,0.0,0.0,0.0,0.0,0.0,0.0,0.0,0.0,0.0,0.0,0.0,0,-107875648.0,63,0.0,126,2.7184242562605685e+23,-0.0,ERR,ERR,ERR,ERR,ERR,ERR,ERR,ERR,ERR,ERR,ERR,ERR,ERR,ERR,ERR,ERR,ERR,ERR,ERR,ERR,ERR,ERR,ERR,ERR,ERR,ERR,ERR,ERR,ERR,ERR,ERR,ERR,ERR,ERR,ERR,ERR,ERR,ERR,ERR,ERR,ERR,ERR,ERR,ERR,ERR,ERR,ERR,ERR,ERR,ERR,ERR,ERR,ERR,ERR,ERR,ERR,ERR,ERR,ERR,ERR,ERR,ERR,ERR,ERR,ERR,ERR,ERR,34.0,80.0,35,0.0,0.0,0.0,0.0,0.0,0.0,0.0,0.0,0.0,0.0,0.0,0.0,0.0,0.0,0.0,0.0,64.4,0,116,56,50,65476,0,300,0,0,8,20529,65476,0,0,57672,80.0,0.0,0.0,0.0,0.0,0.0
2026-06-17T04:22:20,ERR,ERR,ERR,ERR,ERR,ERR,ERR,ERR,ERR,ERR,ERR,ERR,ERR,ERR,ERR,ERR,ERR,ERR,ERR,ERR,ERR,ERR,ERR,ERR,ERR,ERR,ERR,ERR,ERR,ERR,ERR,ERR,ERR,ERR,ERR,ERR,ERR,ERR,ERR,ERR,ERR,ERR,ERR,ERR,ERR,ERR,ERR,ERR,ERR,ERR,ERR,ERR,ERR,ERR,ERR,ERR,ERR,ERR,ERR,ERR,ERR,ERR,ERR,ERR,ERR,ERR,ERR,ERR,ERR,ERR,ERR,ERR,ERR,ERR,ERR,ERR,ERR,ERR,ERR,ERR,ERR,ERR,ERR,ERR,ERR,ERR,ERR,ERR,ERR,ERR,ERR,ERR,ERR,ERR,ERR,ERR,ERR,ERR,ERR,ERR,ERR,ERR,ERR,ERR,ERR,ERR,ERR,ERR,ERR,ERR,ERR,ERR,ERR,ERR,ERR,ERR,ERR,ERR,ERR,ERR,ERR,ERR,ERR,ERR,ERR,0.0,0.0,0.0,0.0,0.0,1.3936040501711995e+18,7.805,0.0,0,0,4,0,7300,-0.0,0,0.0,0.0,0.0,0.0,0.0,0,0,0,0,0.0,0,0,0,0,0,0,0,0,0,0,0,0,0,0,0,0,0,0,0,0,0,0,0,0,0,0,0,0,0,0,0,0,0,32,30,30,62,65476,0,300,0,0,8,21553,0.0,-107605600.0,0.0,0.0,0.0,0.0,0.0,0.0,0.0,0.0,0.0,0.0,0.0,0.0,0.0,0.0,0.0,0.0,0.0,0.0,0.0,0.0,2.004,2.004,-0.0,-2.004,0.0,0.0,0.0,0.0,5384.0,-0.0,6961.0,0.0,0.0,-107615280.0,-0.0,0.0,0.0,0.0,0.0,63,2.718429300292151e+23,-0.0,0.0,0.0,0.0,0.0,0.0,0.0,0.0,0,0,0,0.0,0.0,0.0,0.0,0.0,0.0,0.0,0.0,0.0,0.0,0.0,0.0,0.0,0.0,0.0,0.0,0,-107875648.0,63,0.0,126,2.7184242562605685e+23,-0.0,ERR,ERR,ERR,ERR,ERR,ERR,ERR,ERR,ERR,ERR,ERR,ERR,ERR,ERR,ERR,ERR,ERR,ERR,ERR,ERR,ERR,ERR,ERR,ERR,ERR,ERR,ERR,ERR,ERR,ERR,ERR,ERR,ERR,ERR,ERR,ERR,ERR,ERR,ERR,ERR,ERR,ERR,ERR,ERR,ERR,ERR,ERR,ERR,ERR,ERR,ERR,ERR,ERR,ERR,ERR,ERR,ERR,ERR,ERR,ERR,ERR,ERR,ERR,ERR,ERR,ERR,ERR,34.0,80.0,35,0.0,0.0,0.0,0.0,0.0,0.0,0.0,0.0,0.0,0.0,0.0,0.0,0.0,0.0,0.0,0.0,64.4,0,116,56,50,65476,0,300,0,0,8,20529,65476,0,0,57672,80.0,0.0,0.0,0.0,0.0,0.0
2026-06-17T04:22:21,ERR,ERR,ERR,ERR,ERR,ERR,ERR,ERR,ERR,ERR,ERR,ERR,ERR,ERR,ERR,ERR,ERR,ERR,ERR,ERR,ERR,ERR,ERR,ERR,ERR,ERR,ERR,ERR,ERR,ERR,ERR,ERR,ERR,ERR,ERR,ERR,ERR,ERR,ERR,ERR,ERR,ERR,ERR,ERR,ERR,ERR,ERR,ERR,ERR,ERR,ERR,ERR,ERR,ERR,ERR,ERR,ERR,ERR,ERR,ERR,ERR,ERR,ERR,ERR,ERR,ERR,ERR,ERR,ERR,ERR,ERR,ERR,ERR,ERR,ERR,ERR,ERR,ERR,ERR,ERR,ERR,ERR,ERR,ERR,ERR,ERR,ERR,ERR,ERR,ERR,ERR,ERR,ERR,ERR,ERR,ERR,ERR,ERR,ERR,ERR,ERR,ERR,ERR,ERR,ERR,ERR,ERR,ERR,ERR,ERR,ERR,ERR,ERR,ERR,ERR,ERR,ERR,ERR,ERR,ERR,ERR,ERR,ERR,ERR,ERR,0.0,0.0,0.0,0.0,0.0,1.3936040501711995e+18,7.805,0.0,0,0,4,0,7300,-0.0,0,0.0,0.0,0.0,0.0,0.0,0,0,0,0,0.0,0,0,0,0,0,0,0,0,0,0,0,0,0,0,0,0,0,0,0,0,0,0,0,0,0,0,0,0,0,0,0,0,0,32,30,30,62,65476,0,300,0,0,8,21553,0.0,-107605600.0,0.0,0.0,0.0,0.0,0.0,0.0,0.0,0.0,0.0,0.0,0.0,0.0,0.0,0.0,0.0,0.0,0.0,0.0,0.0,0.0,2.004,2.004,-0.0,-2.004,0.0,0.0,0.0,0.0,5384.0,-0.0,6961.0,0.0,0.0,-107615280.0,-0.0,0.0,0.0,0.0,0.0,63,2.718429300292151e+23,-0.0,0.0,0.0,0.0,0.0,0.0,0.0,0.0,0,0,0,0.0,0.0,0.0,0.0,0.0,0.0,0.0,0.0,0.0,0.0,0.0,0.0,0.0,0.0,0.0,0.0,0,-107875648.0,63,0.0,126,2.7184242562605685e+23,-0.0,ERR,ERR,ERR,ERR,ERR,ERR,ERR,ERR,ERR,ERR,ERR,ERR,ERR,ERR,ERR,ERR,ERR,ERR,ERR,ERR,ERR,ERR,ERR,ERR,ERR,ERR,ERR,ERR,ERR,ERR,ERR,ERR,ERR,ERR,ERR,ERR,ERR,ERR,ERR,ERR,ERR,ERR,ERR,ERR,ERR,ERR,ERR,ERR,ERR,ERR,ERR,ERR,ERR,ERR,ERR,ERR,ERR,ERR,ERR,ERR,ERR,ERR,ERR,ERR,ERR,ERR,ERR,34.0,80.0,35,0.0,0.0,0.0,0.0,0.0,0.0,0.0,0.0,0.0,0.0,0.0,0.0,0.0,0.0,0.0,0.0,64.8,0,116,56,50,65476,0,300,0,0,8,20529,65476,0,0,57672,80.0,0.0,0.0,0.0,0.0,0.0
2026-06-17T04:22:22,ERR,ERR,ERR,ERR,ERR,ERR,ERR,ERR,ERR,ERR,ERR,ERR,ERR,ERR,ERR,ERR,ERR,ERR,ERR,ERR,ERR,ERR,ERR,ERR,ERR,ERR,ERR,ERR,ERR,ERR,ERR,ERR,ERR,ERR,ERR,ERR,ERR,ERR,ERR,ERR,ERR,ERR,ERR,ERR,ERR,ERR,ERR,ERR,ERR,ERR,ERR,ERR,ERR,ERR,ERR,ERR,ERR,ERR,ERR,ERR,ERR,ERR,ERR,ERR,ERR,ERR,ERR,ERR,ERR,ERR,ERR,ERR,ERR,ERR,ERR,ERR,ERR,ERR,ERR,ERR,ERR,ERR,ERR,ERR,ERR,ERR,ERR,ERR,ERR,ERR,ERR,ERR,ERR,ERR,ERR,ERR,ERR,ERR,ERR,ERR,ERR,ERR,ERR,ERR,ERR,ERR,ERR,ERR,ERR,ERR,ERR,ERR,ERR,ERR,ERR,ERR,ERR,ERR,ERR,ERR,ERR,ERR,ERR,ERR,ERR,0.0,0.0,0.0,0.0,0.0,1.3936040501711995e+18,7.805,0.0,0,0,4,0,7300,-0.0,0,0.0,0.0,0.0,0.0,0.0,0,0,0,0,0.0,0,0,0,0,0,0,0,0,0,0,0,0,0,0,0,0,0,0,0,0,0,0,0,0,0,0,0,0,0,0,0,0,0,32,30,30,62,65476,0,300,0,0,8,21553,0.0,-107605600.0,0.0,0.0,0.0,0.0,0.0,0.0,0.0,0.0,0.0,0.0,0.0,0.0,0.0,0.0,0.0,0.0,0.0,0.0,0.0,0.0,2.004,2.004,-0.0,-2.004,0.0,0.0,0.0,0.0,5384.0,-0.0,6961.0,0.0,0.0,-107615280.0,-0.0,0.0,0.0,0.0,0.0,63,2.718429300292151e+23,-0.0,0.0,0.0,0.0,0.0,0.0,0.0,0.0,0,0,0,0.0,0.0,0.0,0.0,0.0,0.0,0.0,0.0,0.0,0.0,0.0,0.0,0.0,0.0,0.0,0.0,0,-107875648.0,63,0.0,126,2.7184242562605685e+23,-0.0,ERR,ERR,ERR,ERR,ERR,ERR,ERR,ERR,ERR,ERR,ERR,ERR,ERR,ERR,ERR,ERR,ERR,ERR,ERR,ERR,ERR,ERR,ERR,ERR,ERR,ERR,ERR,ERR,ERR,ERR,ERR,ERR,ERR,ERR,ERR,ERR,ERR,ERR,ERR,ERR,ERR,ERR,ERR,ERR,ERR,ERR,ERR,ERR,ERR,ERR,ERR,ERR,ERR,ERR,ERR,ERR,ERR,ERR,ERR,ERR,ERR,ERR,ERR,ERR,ERR,ERR,ERR,34.0,80.0,35,0.0,0.0,0.0,0.0,0.0,0.0,0.0,0.0,0.0,0.0,0.0,0.0,0.0,0.0,0.0,0.0,64.4,0,116,56,50,65476,0,300,0,0,8,20529,65476,0,0,57672,80.0,0.0,0.0,0.0,0.0,0.0
2026-06-17T04:22:23,ERR,ERR,ERR,ERR,ERR,ERR,ERR,ERR,ERR,ERR,ERR,ERR,ERR,ERR,ERR,ERR,ERR,ERR,ERR,ERR,ERR,ERR,ERR,ERR,ERR,ERR,ERR,ERR,ERR,ERR,ERR,ERR,ERR,ERR,ERR,ERR,ERR,ERR,ERR,ERR,ERR,ERR,ERR,ERR,ERR,ERR,ERR,ERR,ERR,ERR,ERR,ERR,ERR,ERR,ERR,ERR,ERR,ERR,ERR,ERR,ERR,ERR,ERR,ERR,ERR,ERR,ERR,ERR,ERR,ERR,ERR,ERR,ERR,ERR,ERR,ERR,ERR,ERR,ERR,ERR,ERR,ERR,ERR,ERR,ERR,ERR,ERR,ERR,ERR,ERR,ERR,ERR,ERR,ERR,ERR,ERR,ERR,ERR,ERR,ERR,ERR,ERR,ERR,ERR,ERR,ERR,ERR,ERR,ERR,ERR,ERR,ERR,ERR,ERR,ERR,ERR,ERR,ERR,ERR,ERR,ERR,ERR,ERR,ERR,ERR,0.0,0.0,0.0,0.0,0.0,1.3936040501711995e+18,7.805,0.0,0,0,4,0,7300,-0.0,0,0.0,0.0,0.0,0.0,0.0,0,0,0,0,0.0,0,0,0,0,0,0,0,0,0,0,0,0,0,0,0,0,0,0,0,0,0,0,0,0,0,0,0,0,0,0,0,0,0,32,30,30,62,65476,0,300,0,0,8,21553,0.0,-107605600.0,0.0,0.0,0.0,0.0,0.0,0.0,0.0,0.0,0.0,0.0,0.0,0.0,0.0,0.0,0.0,0.0,0.0,0.0,0.0,0.0,2.004,2.004,-0.0,-2.004,0.0,0.0,0.0,0.0,5384.0,-0.0,6961.0,0.0,0.0,-107615280.0,-0.0,0.0,0.0,0.0,0.0,63,2.718429300292151e+23,-0.0,0.0,0.0,0.0,0.0,0.0,0.0,0.0,0,0,0,0.0,0.0,0.0,0.0,0.0,0.0,0.0,0.0,0.0,0.0,0.0,0.0,0.0,0.0,0.0,0.0,0,-107875648.0,63,0.0,126,2.7184242562605685e+23,-0.0,ERR,ERR,ERR,ERR,ERR,ERR,ERR,ERR,ERR,ERR,ERR,ERR,ERR,ERR,ERR,ERR,ERR,ERR,ERR,ERR,ERR,ERR,ERR,ERR,ERR,ERR,ERR,ERR,ERR,ERR,ERR,ERR,ERR,ERR,ERR,ERR,ERR,ERR,ERR,ERR,ERR,ERR,ERR,ERR,ERR,ERR,ERR,ERR,ERR,ERR,ERR,ERR,ERR,ERR,ERR,ERR,ERR,ERR,ERR,ERR,ERR,ERR,ERR,ERR,ERR,ERR,ERR,34.0,80.0,35,0.0,0.0,0.0,0.0,0.0,0.0,0.0,0.0,0.0,0.0,0.0,0.0,0.0,0.0,0.0,0.0,64.4,0,116,56,50,65476,0,300,0,0,8,20529,65476,0,0,57672,80.0,0.0,0.0,0.0,0.0,0.0
2026-06-17T04:22:24,ERR,ERR,ERR,ERR,ERR,ERR,ERR,ERR,ERR,ERR,ERR,ERR,ERR,ERR,ERR,ERR,ERR,ERR,ERR,ERR,ERR,ERR,ERR,ERR,ERR,ERR,ERR,ERR,ERR,ERR,ERR,ERR,ERR,ERR,ERR,ERR,ERR,ERR,ERR,ERR,ERR,ERR,ERR,ERR,ERR,ERR,ERR,ERR,ERR,ERR,ERR,ERR,ERR,ERR,ERR,ERR,ERR,ERR,ERR,ERR,ERR,ERR,ERR,ERR,ERR,ERR,ERR,ERR,ERR,ERR,ERR,ERR,ERR,ERR,ERR,ERR,ERR,ERR,ERR,ERR,ERR,ERR,ERR,ERR,ERR,ERR,ERR,ERR,ERR,ERR,ERR,ERR,ERR,ERR,ERR,ERR,ERR,ERR,ERR,ERR,ERR,ERR,ERR,ERR,ERR,ERR,ERR,ERR,ERR,ERR,ERR,ERR,ERR,ERR,ERR,ERR,ERR,ERR,ERR,ERR,ERR,ERR,ERR,ERR,ERR,0.0,0.0,0.0,0.0,0.0,1.3936040501711995e+18,7.805,0.0,0,0,4,0,7300,-0.0,0,0.0,0.0,0.0,0.0,0.0,0,0,0,0,0.0,0,0,0,0,0,0,0,0,0,0,0,0,0,0,0,0,0,0,0,0,0,0,0,0,0,0,0,0,0,0,0,0,0,32,30,30,62,65476,0,300,0,0,8,21553,0.0,-107605600.0,0.0,0.0,0.0,0.0,0.0,0.0,0.0,0.0,0.0,0.0,0.0,0.0,0.0,0.0,0.0,0.0,0.0,0.0,0.0,0.0,2.004,2.004,-0.0,-2.004,0.0,0.0,0.0,0.0,5384.0,-0.0,6963.0,0.0,0.0,-107615280.0,-0.0,0.0,0.0,0.0,0.0,63,2.718429300292151e+23,-0.0,0.0,0.0,0.0,0.0,0.0,0.0,0.0,0,0,0,0.0,0.0,0.0,0.0,0.0,0.0,0.0,0.0,0.0,0.0,0.0,0.0,0.0,0.0,0.0,0.0,0,-107875648.0,63,0.0,126,2.7184242562605685e+23,-0.0,ERR,ERR,ERR,ERR,ERR,ERR,ERR,ERR,ERR,ERR,ERR,ERR,ERR,ERR,ERR,ERR,ERR,ERR,ERR,ERR,ERR,ERR,ERR,ERR,ERR,ERR,ERR,ERR,ERR,ERR,ERR,ERR,ERR,ERR,ERR,ERR,ERR,ERR,ERR,ERR,ERR,ERR,ERR,ERR,ERR,ERR,ERR,ERR,ERR,ERR,ERR,ERR,ERR,ERR,ERR,ERR,ERR,ERR,ERR,ERR,ERR,ERR,ERR,ERR,ERR,ERR,ERR,34.0,80.0,35,0.0,0.0,0.0,0.0,0.0,0.0,0.0,0.0,0.0,0.0,0.0,0.0,0.0,0.0,0.0,0.0,64.4,0,116,56,50,65476,0,300,0,0,8,20529,65476,0,0,57672,80.0,0.0,0.0,0.0,0.0,0.0
2026-06-17T04:22:25,ERR,ERR,ERR,ERR,ERR,ERR,ERR,ERR,ERR,ERR,ERR,ERR,ERR,ERR,ERR,ERR,ERR,ERR,ERR,ERR,ERR,ERR,ERR,ERR,ERR,ERR,ERR,ERR,ERR,ERR,ERR,ERR,ERR,ERR,ERR,ERR,ERR,ERR,ERR,ERR,ERR,ERR,ERR,ERR,ERR,ERR,ERR,ERR,ERR,ERR,ERR,ERR,ERR,ERR,ERR,ERR,ERR,ERR,ERR,ERR,ERR,ERR,ERR,ERR,ERR,ERR,ERR,ERR,ERR,ERR,ERR,ERR,ERR,ERR,ERR,ERR,ERR,ERR,ERR,ERR,ERR,ERR,ERR,ERR,ERR,ERR,ERR,ERR,ERR,ERR,ERR,ERR,ERR,ERR,ERR,ERR,ERR,ERR,ERR,ERR,ERR,ERR,ERR,ERR,ERR,ERR,ERR,ERR,ERR,ERR,ERR,ERR,ERR,ERR,ERR,ERR,ERR,ERR,ERR,ERR,ERR,ERR,ERR,ERR,ERR,0.0,0.0,0.0,0.0,0.0,1.3936040501711995e+18,7.805,0.0,0,0,4,0,7300,-0.0,0,0.0,0.0,0.0,0.0,0.0,0,0,0,0,0.0,0,0,0,0,0,0,0,0,0,0,0,0,0,0,0,0,0,0,0,0,0,0,0,0,0,0,0,0,0,0,0,0,0,32,30,30,62,65476,0,300,0,0,8,21553,0.0,-107605600.0,0.0,0.0,0.0,0.0,0.0,0.0,0.0,0.0,0.0,0.0,0.0,0.0,0.0,0.0,0.0,0.0,0.0,0.0,0.0,0.0,2.004,2.004,-0.0,-2.004,0.0,0.0,0.0,0.0,5384.0,-0.0,6963.0,0.0,0.0,-107615280.0,-0.0,0.0,0.0,0.0,0.0,63,2.718429300292151e+23,-0.0,0.0,0.0,0.0,0.0,0.0,0.0,0.0,0,0,0,0.0,0.0,0.0,0.0,0.0,0.0,0.0,0.0,0.0,0.0,0.0,0.0,0.0,0.0,0.0,0.0,0,-107875648.0,63,0.0,126,2.7184242562605685e+23,-0.0,ERR,ERR,ERR,ERR,ERR,ERR,ERR,ERR,ERR,ERR,ERR,ERR,ERR,ERR,ERR,ERR,ERR,ERR,ERR,ERR,ERR,ERR,ERR,ERR,ERR,ERR,ERR,ERR,ERR,ERR,ERR,ERR,ERR,ERR,ERR,ERR,ERR,ERR,ERR,ERR,ERR,ERR,ERR,ERR,ERR,ERR,ERR,ERR,ERR,ERR,ERR,ERR,ERR,ERR,ERR,ERR,ERR,ERR,ERR,ERR,ERR,ERR,ERR,ERR,ERR,ERR,ERR,34.0,80.0,35,0.0,0.0,0.0,0.0,0.0,0.0,0.0,0.0,0.0,0.0,0.0,0.0,0.0,0.0,0.0,0.0,64.4,0,116,56,50,65476,0,300,0,0,8,20529,65476,0,0,57672,80.0,0.0,0.0,0.0,0.0,0.0
2026-06-17T04:22:26,ERR,ERR,ERR,ERR,ERR,ERR,ERR,ERR,ERR,ERR,ERR,ERR,ERR,ERR,ERR,ERR,ERR,ERR,ERR,ERR,ERR,ERR,ERR,ERR,ERR,ERR,ERR,ERR,ERR,ERR,ERR,ERR,ERR,ERR,ERR,ERR,ERR,ERR,ERR,ERR,ERR,ERR,ERR,ERR,ERR,ERR,ERR,ERR,ERR,ERR,ERR,ERR,ERR,ERR,ERR,ERR,ERR,ERR,ERR,ERR,ERR,ERR,ERR,ERR,ERR,ERR,ERR,ERR,ERR,ERR,ERR,ERR,ERR,ERR,ERR,ERR,ERR,ERR,ERR,ERR,ERR,ERR,ERR,ERR,ERR,ERR,ERR,ERR,ERR,ERR,ERR,ERR,ERR,ERR,ERR,ERR,ERR,ERR,ERR,ERR,ERR,ERR,ERR,ERR,ERR,ERR,ERR,ERR,ERR,ERR,ERR,ERR,ERR,ERR,ERR,ERR,ERR,ERR,ERR,ERR,ERR,ERR,ERR,ERR,ERR,0.0,0.0,0.0,0.0,0.0,1.3936040501711995e+18,7.805,0.0,0,0,4,0,7300,-0.0,0,0.0,0.0,0.0,0.0,0.0,0,0,0,0,0.0,0,0,0,0,0,0,0,0,0,0,0,0,0,0,0,0,0,0,0,0,0,0,0,0,0,0,0,0,0,0,0,0,0,32,30,30,62,65476,0,300,0,0,8,21553,0.0,-107605600.0,0.0,0.0,0.0,0.0,0.0,0.0,0.0,0.0,0.0,0.0,0.0,0.0,0.0,0.0,0.0,0.0,0.0,0.0,0.0,0.0,2.004,2.004,-0.0,-2.004,0.0,0.0,0.0,0.0,5384.0,-0.0,6963.0,0.0,0.0,-107615280.0,-0.0,0.0,0.0,0.0,0.0,63,2.718429300292151e+23,-0.0,0.0,0.0,0.0,0.0,0.0,0.0,0.0,0,0,0,0.0,0.0,0.0,0.0,0.0,0.0,0.0,0.0,0.0,0.0,0.0,0.0,0.0,0.0,0.0,0.0,0,-107875648.0,63,0.0,126,2.7184242562605685e+23,-0.0,ERR,ERR,ERR,ERR,ERR,ERR,ERR,ERR,ERR,ERR,ERR,ERR,ERR,ERR,ERR,ERR,ERR,ERR,ERR,ERR,ERR,ERR,ERR,ERR,ERR,ERR,ERR,ERR,ERR,ERR,ERR,ERR,ERR,ERR,ERR,ERR,ERR,ERR,ERR,ERR,ERR,ERR,ERR,ERR,ERR,ERR,ERR,ERR,ERR,ERR,ERR,ERR,ERR,ERR,ERR,ERR,ERR,ERR,ERR,ERR,ERR,ERR,ERR,ERR,ERR,ERR,ERR,34.0,80.0,35,0.0,0.0,0.0,0.0,0.0,0.0,0.0,0.0,0.0,0.0,0.0,0.0,0.0,0.0,0.0,0.0,64.4,0,116,56,50,65476,0,300,0,0,8,20529,65476,0,0,57672,80.0,0.0,0.0,0.0,0.0,0.0
2026-06-17T04:22:27,ERR,ERR,ERR,ERR,ERR,ERR,ERR,ERR,ERR,ERR,ERR,ERR,ERR,ERR,ERR,ERR,ERR,ERR,ERR,ERR,ERR,ERR,ERR,ERR,ERR,ERR,ERR,ERR,ERR,ERR,ERR,ERR,ERR,ERR,ERR,ERR,ERR,ERR,ERR,ERR,ERR,ERR,ERR,ERR,ERR,ERR,ERR,ERR,ERR,ERR,ERR,ERR,ERR,ERR,ERR,ERR,ERR,ERR,ERR,ERR,ERR,ERR,ERR,ERR,ERR,ERR,ERR,ERR,ERR,ERR,ERR,ERR,ERR,ERR,ERR,ERR,ERR,ERR,ERR,ERR,ERR,ERR,ERR,ERR,ERR,ERR,ERR,ERR,ERR,ERR,ERR,ERR,ERR,ERR,ERR,ERR,ERR,ERR,ERR,ERR,ERR,ERR,ERR,ERR,ERR,ERR,ERR,ERR,ERR,ERR,ERR,ERR,ERR,ERR,ERR,ERR,ERR,ERR,ERR,ERR,ERR,ERR,ERR,ERR,ERR,0.0,0.0,0.0,0.0,0.0,1.3936040501711995e+18,7.805,0.0,0,0,4,0,7300,-0.0,0,0.0,0.0,0.0,0.0,0.0,0,0,0,0,0.0,0,0,0,0,0,0,0,0,0,0,0,0,0,0,0,0,0,0,0,0,0,0,0,0,0,0,0,0,0,0,0,0,0,32,30,30,62,65476,0,300,0,0,8,21553,0.0,-107605600.0,0.0,0.0,0.0,0.0,0.0,0.0,0.0,0.0,0.0,0.0,0.0,0.0,0.0,0.0,0.0,0.0,0.0,0.0,0.0,0.0,2.004,2.004,-0.0,-2.004,0.0,0.0,0.0,0.0,5384.0,-0.0,6963.0,0.0,0.0,-107615280.0,-0.0,0.0,0.0,0.0,0.0,63,2.718429300292151e+23,-0.0,0.0,0.0,0.0,0.0,0.0,0.0,0.0,0,0,0,0.0,0.0,0.0,0.0,0.0,0.0,0.0,0.0,0.0,0.0,0.0,0.0,0.0,0.0,0.0,0.0,0,-107875648.0,63,0.0,126,2.7184242562605685e+23,-0.0,ERR,ERR,ERR,ERR,ERR,ERR,ERR,ERR,ERR,ERR,ERR,ERR,ERR,ERR,ERR,ERR,ERR,ERR,ERR,ERR,ERR,ERR,ERR,ERR,ERR,ERR,ERR,ERR,ERR,ERR,ERR,ERR,ERR,ERR,ERR,ERR,ERR,ERR,ERR,ERR,ERR,ERR,ERR,ERR,ERR,ERR,ERR,ERR,ERR,ERR,ERR,ERR,ERR,ERR,ERR,ERR,ERR,ERR,ERR,ERR,ERR,ERR,ERR,ERR,ERR,ERR,ERR,34.0,80.0,35,0.0,0.0,0.0,0.0,0.0,0.0,0.0,0.0,0.0,0.0,0.0,0.0,0.0,0.0,0.0,0.0,64.4,0,116,56,50,65476,0,300,0,0,8,20529,65476,0,0,57672,80.0,0.0,0.0,0.0,0.0,0.0
2026-06-17T04:22:28,ERR,ERR,ERR,ERR,ERR,ERR,ERR,ERR,ERR,ERR,ERR,ERR,ERR,ERR,ERR,ERR,ERR,ERR,ERR,ERR,ERR,ERR,ERR,ERR,ERR,ERR,ERR,ERR,ERR,ERR,ERR,ERR,ERR,ERR,ERR,ERR,ERR,ERR,ERR,ERR,ERR,ERR,ERR,ERR,ERR,ERR,ERR,ERR,ERR,ERR,ERR,ERR,ERR,ERR,ERR,ERR,ERR,ERR,ERR,ERR,ERR,ERR,ERR,ERR,ERR,ERR,ERR,ERR,ERR,ERR,ERR,ERR,ERR,ERR,ERR,ERR,ERR,ERR,ERR,ERR,ERR,ERR,ERR,ERR,ERR,ERR,ERR,ERR,ERR,ERR,ERR,ERR,ERR,ERR,ERR,ERR,ERR,ERR,ERR,ERR,ERR,ERR,ERR,ERR,ERR,ERR,ERR,ERR,ERR,ERR,ERR,ERR,ERR,ERR,ERR,ERR,ERR,ERR,ERR,ERR,ERR,ERR,ERR,ERR,ERR,0.0,0.0,0.0,0.0,0.0,1.3936040501711995e+18,7.805,0.0,0,0,4,0,7300,-0.0,0,0.0,0.0,0.0,0.0,0.0,0,0,0,0,0.0,0,0,0,0,0,0,0,0,0,0,0,0,0,0,0,0,0,0,0,0,0,0,0,0,0,0,0,0,0,0,0,0,0,32,30,30,62,65476,0,300,0,0,8,21553,0.0,-107605600.0,0.0,0.0,0.0,0.0,0.0,0.0,0.0,0.0,0.0,0.0,0.0,0.0,0.0,0.0,0.0,0.0,0.0,0.0,0.0,0.0,2.004,2.004,-0.0,-2.004,0.0,0.0,0.0,0.0,5384.0,-0.0,6963.0,0.0,0.0,-107615280.0,-0.0,0.0,0.0,0.0,0.0,63,2.718429300292151e+23,-0.0,0.0,0.0,0.0,0.0,0.0,0.0,0.0,0,0,0,0.0,0.0,0.0,0.0,0.0,0.0,0.0,0.0,0.0,0.0,0.0,0.0,0.0,0.0,0.0,0.0,0,-107875648.0,63,0.0,126,2.7184242562605685e+23,-0.0,ERR,ERR,ERR,ERR,ERR,ERR,ERR,ERR,ERR,ERR,ERR,ERR,ERR,ERR,ERR,ERR,ERR,ERR,ERR,ERR,ERR,ERR,ERR,ERR,ERR,ERR,ERR,ERR,ERR,ERR,ERR,ERR,ERR,ERR,ERR,ERR,ERR,ERR,ERR,ERR,ERR,ERR,ERR,ERR,ERR,ERR,ERR,ERR,ERR,ERR,ERR,ERR,ERR,ERR,ERR,ERR,ERR,ERR,ERR,ERR,ERR,ERR,ERR,ERR,ERR,ERR,ERR,34.0,80.0,35,0.0,0.0,0.0,0.0,0.0,0.0,0.0,0.0,0.0,0.0,0.0,0.0,0.0,0.0,0.0,0.0,64.4,0,116,56,50,65476,0,300,0,0,8,20529,65476,0,0,57672,80.0,0.0,0.0,0.0,0.0,0.0
2026-06-17T04:22:29,ERR,ERR,ERR,ERR,ERR,ERR,ERR,ERR,ERR,ERR,ERR,ERR,ERR,ERR,ERR,ERR,ERR,ERR,ERR,ERR,ERR,ERR,ERR,ERR,ERR,ERR,ERR,ERR,ERR,ERR,ERR,ERR,ERR,ERR,ERR,ERR,ERR,ERR,ERR,ERR,ERR,ERR,ERR,ERR,ERR,ERR,ERR,ERR,ERR,ERR,ERR,ERR,ERR,ERR,ERR,ERR,ERR,ERR,ERR,ERR,ERR,ERR,ERR,ERR,ERR,ERR,ERR,ERR,ERR,ERR,ERR,ERR,ERR,ERR,ERR,ERR,ERR,ERR,ERR,ERR,ERR,ERR,ERR,ERR,ERR,ERR,ERR,ERR,ERR,ERR,ERR,ERR,ERR,ERR,ERR,ERR,ERR,ERR,ERR,ERR,ERR,ERR,ERR,ERR,ERR,ERR,ERR,ERR,ERR,ERR,ERR,ERR,ERR,ERR,ERR,ERR,ERR,ERR,ERR,ERR,ERR,ERR,ERR,ERR,ERR,0.0,0.0,0.0,0.0,0.0,1.3936040501711995e+18,7.805,0.0,0,0,4,0,7300,-0.0,0,0.0,0.0,0.0,0.0,0.0,0,0,0,0,0.0,0,0,0,0,0,0,0,0,0,0,0,0,0,0,0,0,0,0,0,0,0,0,0,0,0,0,0,0,0,0,0,0,0,32,30,30,62,65476,0,300,0,0,8,21553,0.0,-107605600.0,0.0,0.0,0.0,0.0,0.0,0.0,0.0,0.0,0.0,0.0,0.0,0.0,0.0,0.0,0.0,0.0,0.0,0.0,0.0,0.0,2.004,2.004,-0.0,-2.004,0.0,0.0,0.0,0.0,5384.0,-0.0,6963.0,0.0,0.0,-107615280.0,-0.0,0.0,0.0,0.0,0.0,63,2.718429300292151e+23,-107614904.0,0.0,0.0,0.0,0.0,0.0,0.0,0.0,0,0,0,0.0,0.0,0.0,0.0,0.0,0.0,0.0,0.0,0.0,0.0,0.0,0.0,0.0,0.0,0.0,0.0,0,-107875648.0,63,0.0,126,2.7184242562605685e+23,-0.0,ERR,ERR,ERR,ERR,ERR,ERR,ERR,ERR,ERR,ERR,ERR,ERR,ERR,ERR,ERR,ERR,ERR,ERR,ERR,ERR,ERR,ERR,ERR,ERR,ERR,ERR,ERR,ERR,ERR,ERR,ERR,ERR,ERR,ERR,ERR,ERR,ERR,ERR,ERR,ERR,ERR,ERR,ERR,ERR,ERR,ERR,ERR,ERR,ERR,ERR,ERR,ERR,ERR,ERR,ERR,ERR,ERR,ERR,ERR,ERR,ERR,ERR,ERR,ERR,ERR,ERR,ERR,34.0,80.0,35,0.0,0.0,0.0,0.0,0.0,0.0,0.0,0.0,0.0,0.0,0.0,0.0,0.0,0.0,0.0,0.0,64.4,0,116,56,50,65476,0,300,0,0,8,20529,65476,0,0,57672,80.0,0.0,0.0,0.0,0.0,0.0
2026-06-17T04:22:30,ERR,ERR,ERR,ERR,ERR,ERR,ERR,ERR,ERR,ERR,ERR,ERR,ERR,ERR,ERR,ERR,ERR,ERR,ERR,ERR,ERR,ERR,ERR,ERR,ERR,ERR,ERR,ERR,ERR,ERR,ERR,ERR,ERR,ERR,ERR,ERR,ERR,ERR,ERR,ERR,ERR,ERR,ERR,ERR,ERR,ERR,ERR,ERR,ERR,ERR,ERR,ERR,ERR,ERR,ERR,ERR,ERR,ERR,ERR,ERR,ERR,ERR,ERR,ERR,ERR,ERR,ERR,ERR,ERR,ERR,ERR,ERR,ERR,ERR,ERR,ERR,ERR,ERR,ERR,ERR,ERR,ERR,ERR,ERR,ERR,ERR,ERR,ERR,ERR,ERR,ERR,ERR,ERR,ERR,ERR,ERR,ERR,ERR,ERR,ERR,ERR,ERR,ERR,ERR,ERR,ERR,ERR,ERR,ERR,ERR,ERR,ERR,ERR,ERR,ERR,ERR,ERR,ERR,ERR,ERR,ERR,ERR,ERR,ERR,ERR,0.0,0.0,0.0,0.0,0.0,1.3936040501711995e+18,7.805,0.0,0,0,4,0,7300,-0.0,0,0.0,0.0,0.0,0.0,0.0,0,0,0,0,0.0,0,0,0,0,0,0,0,0,0,0,0,0,0,0,0,0,0,0,0,0,0,0,0,0,0,0,0,0,0,0,0,0,0,32,30,30,62,65476,0,300,0,0,8,21553,0.0,-107605600.0,0.0,0.0,0.0,0.0,0.0,0.0,0.0,0.0,0.0,0.0,0.0,0.0,0.0,0.0,0.0,0.0,0.0,0.0,0.0,0.0,2.004,2.004,-0.0,-2.004,0.0,0.0,0.0,0.0,5384.0,-0.0,6963.0,0.0,0.0,-107615280.0,-0.0,0.0,0.0,0.0,0.0,63,2.718429300292151e+23,-107614904.0,0.0,0.0,0.0,0.0,0.0,0.0,0.0,0,0,0,0.0,0.0,0.0,0.0,0.0,0.0,0.0,0.0,0.0,0.0,0.0,0.0,0.0,0.0,0.0,0.0,0,-107875648.0,63,0.0,126,2.7184242562605685e+23,-0.0,ERR,ERR,ERR,ERR,ERR,ERR,ERR,ERR,ERR,ERR,ERR,ERR,ERR,ERR,ERR,ERR,ERR,ERR,ERR,ERR,ERR,ERR,ERR,ERR,ERR,ERR,ERR,ERR,ERR,ERR,ERR,ERR,ERR,ERR,ERR,ERR,ERR,ERR,ERR,ERR,ERR,ERR,ERR,ERR,ERR,ERR,ERR,ERR,ERR,ERR,ERR,ERR,ERR,ERR,ERR,ERR,ERR,ERR,ERR,ERR,ERR,ERR,ERR,ERR,ERR,ERR,ERR,34.0,80.0,35,0.0,0.0,0.0,0.0,0.0,0.0,0.0,0.0,0.0,0.0,0.0,0.0,0.0,0.0,0.0,0.0,64.4,0,116,56,50,65476,0,300,0,0,8,20529,65476,0,0,57672,80.0,0.0,0.0,0.0,0.0,0.0
2026-06-17T04:22:31,ERR,ERR,ERR,ERR,ERR,ERR,ERR,ERR,ERR,ERR,ERR,ERR,ERR,ERR,ERR,ERR,ERR,ERR,ERR,ERR,ERR,ERR,ERR,ERR,ERR,ERR,ERR,ERR,ERR,ERR,ERR,ERR,ERR,ERR,ERR,ERR,ERR,ERR,ERR,ERR,ERR,ERR,ERR,ERR,ERR,ERR,ERR,ERR,ERR,ERR,ERR,ERR,ERR,ERR,ERR,ERR,ERR,ERR,ERR,ERR,ERR,ERR,ERR,ERR,ERR,ERR,ERR,ERR,ERR,ERR,ERR,ERR,ERR,ERR,ERR,ERR,ERR,ERR,ERR,ERR,ERR,ERR,ERR,ERR,ERR,ERR,ERR,ERR,ERR,ERR,ERR,ERR,ERR,ERR,ERR,ERR,ERR,ERR,ERR,ERR,ERR,ERR,ERR,ERR,ERR,ERR,ERR,ERR,ERR,ERR,ERR,ERR,ERR,ERR,ERR,ERR,ERR,ERR,ERR,ERR,ERR,ERR,ERR,ERR,ERR,0.0,0.0,0.0,0.0,0.0,1.3936040501711995e+18,7.805,0.0,0,0,4,0,7300,-0.0,0,0.0,0.0,0.0,0.0,0.0,0,0,0,0,0.0,0,0,0,0,0,0,0,0,0,0,0,0,0,0,0,0,0,0,0,0,0,0,0,0,0,0,0,0,0,0,0,0,0,32,30,30,62,65476,0,300,0,0,8,21553,0.0,-107605600.0,0.0,0.0,0.0,0.0,0.0,0.0,0.0,0.0,0.0,0.0,0.0,0.0,0.0,0.0,0.0,0.0,0.0,0.0,0.0,0.0,2.004,2.004,-0.0,-2.004,0.0,0.0,0.0,0.0,5384.0,-0.0,6963.0,0.0,0.0,-107615280.0,-0.0,0.0,0.0,0.0,0.0,63,2.718429300292151e+23,-107614904.0,0.0,0.0,0.0,0.0,0.0,0.0,0.0,0,0,0,0.0,0.0,0.0,0.0,0.0,0.0,0.0,0.0,0.0,0.0,0.0,0.0,0.0,0.0,0.0,0.0,0,-107875648.0,63,0.0,126,2.7184242562605685e+23,-0.0,ERR,ERR,ERR,ERR,ERR,ERR,ERR,ERR,ERR,ERR,ERR,ERR,ERR,ERR,ERR,ERR,ERR,ERR,ERR,ERR,ERR,ERR,ERR,ERR,ERR,ERR,ERR,ERR,ERR,ERR,ERR,ERR,ERR,ERR,ERR,ERR,ERR,ERR,ERR,ERR,ERR,ERR,ERR,ERR,ERR,ERR,ERR,ERR,ERR,ERR,ERR,ERR,ERR,ERR,ERR,ERR,ERR,ERR,ERR,ERR,ERR,ERR,ERR,ERR,ERR,ERR,ERR,34.0,80.0,35,0.0,0.0,0.0,0.0,0.0,0.0,0.0,0.0,0.0,0.0,0.0,0.0,0.0,0.0,0.0,0.0,64.4,0,116,56,50,65476,0,300,0,0,8,20529,65476,0,0,57672,80.0,0.0,0.0,0.0,0.0,0.0
2026-06-17T04:22:32,ERR,ERR,ERR,ERR,ERR,ERR,ERR,ERR,ERR,ERR,ERR,ERR,ERR,ERR,ERR,ERR,ERR,ERR,ERR,ERR,ERR,ERR,ERR,ERR,ERR,ERR,ERR,ERR,ERR,ERR,ERR,ERR,ERR,ERR,ERR,ERR,ERR,ERR,ERR,ERR,ERR,ERR,ERR,ERR,ERR,ERR,ERR,ERR,ERR,ERR,ERR,ERR,ERR,ERR,ERR,ERR,ERR,ERR,ERR,ERR,ERR,ERR,ERR,ERR,ERR,ERR,ERR,ERR,ERR,ERR,ERR,ERR,ERR,ERR,ERR,ERR,ERR,ERR,ERR,ERR,ERR,ERR,ERR,ERR,ERR,ERR,ERR,ERR,ERR,ERR,ERR,ERR,ERR,ERR,ERR,ERR,ERR,ERR,ERR,ERR,ERR,ERR,ERR,ERR,ERR,ERR,ERR,ERR,ERR,ERR,ERR,ERR,ERR,ERR,ERR,ERR,ERR,ERR,ERR,ERR,ERR,ERR,ERR,ERR,ERR,0.0,0.0,0.0,0.0,0.0,1.3936040501711995e+18,7.805,0.0,0,0,4,0,7300,-0.0,0,0.0,0.0,0.0,0.0,0.0,0,0,0,0,0.0,0,0,0,0,0,0,0,0,0,0,0,0,0,0,0,0,0,0,0,0,0,0,0,0,0,0,0,0,0,0,0,0,0,32,30,30,62,65476,0,300,0,0,8,21553,0.0,-107605600.0,0.0,0.0,0.0,0.0,0.0,0.0,0.0,0.0,0.0,0.0,0.0,0.0,0.0,0.0,0.0,0.0,0.0,0.0,0.0,0.0,2.004,2.004,-0.0,-2.004,0.0,0.0,0.0,0.0,5384.0,-0.0,6963.0,0.0,0.0,-107615280.0,-0.0,0.0,0.0,0.0,0.0,63,2.718429300292151e+23,-107614904.0,0.0,0.0,0.0,0.0,0.0,0.0,0.0,0,0,0,0.0,0.0,0.0,0.0,0.0,0.0,0.0,0.0,0.0,0.0,0.0,0.0,0.0,0.0,0.0,0.0,0,-107875648.0,63,0.0,126,2.7184242562605685e+23,-0.0,ERR,ERR,ERR,ERR,ERR,ERR,ERR,ERR,ERR,ERR,ERR,ERR,ERR,ERR,ERR,ERR,ERR,ERR,ERR,ERR,ERR,ERR,ERR,ERR,ERR,ERR,ERR,ERR,ERR,ERR,ERR,ERR,ERR,ERR,ERR,ERR,ERR,ERR,ERR,ERR,ERR,ERR,ERR,ERR,ERR,ERR,ERR,ERR,ERR,ERR,ERR,ERR,ERR,ERR,ERR,ERR,ERR,ERR,ERR,ERR,ERR,ERR,ERR,ERR,ERR,ERR,ERR,34.0,80.0,35,0.0,0.0,0.0,0.0,0.0,0.0,0.0,0.0,0.0,0.0,0.0,0.0,0.0,0.0,0.0,0.0,64.4,0,116,56,50,65476,0,300,0,0,8,20529,65476,0,0,57672,80.0,0.0,0.0,0.0,0.0,0.0
2026-06-17T04:22:33,ERR,ERR,ERR,ERR,ERR,ERR,ERR,ERR,ERR,ERR,ERR,ERR,ERR,ERR,ERR,ERR,ERR,ERR,ERR,ERR,ERR,ERR,ERR,ERR,ERR,ERR,ERR,ERR,ERR,ERR,ERR,ERR,ERR,ERR,ERR,ERR,ERR,ERR,ERR,ERR,ERR,ERR,ERR,ERR,ERR,ERR,ERR,ERR,ERR,ERR,ERR,ERR,ERR,ERR,ERR,ERR,ERR,ERR,ERR,ERR,ERR,ERR,ERR,ERR,ERR,ERR,ERR,ERR,ERR,ERR,ERR,ERR,ERR,ERR,ERR,ERR,ERR,ERR,ERR,ERR,ERR,ERR,ERR,ERR,ERR,ERR,ERR,ERR,ERR,ERR,ERR,ERR,ERR,ERR,ERR,ERR,ERR,ERR,ERR,ERR,ERR,ERR,ERR,ERR,ERR,ERR,ERR,ERR,ERR,ERR,ERR,ERR,ERR,ERR,ERR,ERR,ERR,ERR,ERR,ERR,ERR,ERR,ERR,ERR,ERR,0.0,0.0,0.0,0.0,0.0,1.3936040501711995e+18,7.805,0.0,0,0,4,0,7300,-0.0,0,0.0,0.0,0.0,0.0,0.0,0,0,0,0,0.0,0,0,0,0,0,0,0,0,0,0,0,0,0,0,0,0,0,0,0,0,0,0,0,0,0,0,0,0,0,0,0,0,0,32,30,30,62,65476,0,300,0,0,8,21553,0.0,-107605600.0,0.0,0.0,0.0,0.0,0.0,0.0,0.0,0.0,0.0,0.0,0.0,0.0,0.0,0.0,0.0,0.0,0.0,0.0,0.0,0.0,2.004,2.004,-0.0,-2.004,0.0,0.0,0.0,0.0,5384.0,-0.0,6963.0,0.0,0.0,-107615280.0,-0.0,0.0,0.0,0.0,0.0,63,2.718429300292151e+23,-107614904.0,0.0,0.0,0.0,0.0,0.0,0.0,0.0,0,0,0,0.0,0.0,0.0,0.0,0.0,0.0,0.0,0.0,0.0,0.0,0.0,0.0,0.0,0.0,0.0,0.0,0,-107875648.0,63,0.0,126,2.7184242562605685e+23,-0.0,ERR,ERR,ERR,ERR,ERR,ERR,ERR,ERR,ERR,ERR,ERR,ERR,ERR,ERR,ERR,ERR,ERR,ERR,ERR,ERR,ERR,ERR,ERR,ERR,ERR,ERR,ERR,ERR,ERR,ERR,ERR,ERR,ERR,ERR,ERR,ERR,ERR,ERR,ERR,ERR,ERR,ERR,ERR,ERR,ERR,ERR,ERR,ERR,ERR,ERR,ERR,ERR,ERR,ERR,ERR,ERR,ERR,ERR,ERR,ERR,ERR,ERR,ERR,ERR,ERR,ERR,ERR,34.0,80.0,35,0.0,0.0,0.0,0.0,0.0,0.0,0.0,0.0,0.0,0.0,0.0,0.0,0.0,0.0,0.0,0.0,64.8,0,116,56,50,65476,0,300,0,0,8,20529,65476,0,0,57672,80.0,0.0,0.0,0.0,0.0,0.0
2026-06-17T04:22:34,ERR,ERR,ERR,ERR,ERR,ERR,ERR,ERR,ERR,ERR,ERR,ERR,ERR,ERR,ERR,ERR,ERR,ERR,ERR,ERR,ERR,ERR,ERR,ERR,ERR,ERR,ERR,ERR,ERR,ERR,ERR,ERR,ERR,ERR,ERR,ERR,ERR,ERR,ERR,ERR,ERR,ERR,ERR,ERR,ERR,ERR,ERR,ERR,ERR,ERR,ERR,ERR,ERR,ERR,ERR,ERR,ERR,ERR,ERR,ERR,ERR,ERR,ERR,ERR,ERR,ERR,ERR,ERR,ERR,ERR,ERR,ERR,ERR,ERR,ERR,ERR,ERR,ERR,ERR,ERR,ERR,ERR,ERR,ERR,ERR,ERR,ERR,ERR,ERR,ERR,ERR,ERR,ERR,ERR,ERR,ERR,ERR,ERR,ERR,ERR,ERR,ERR,ERR,ERR,ERR,ERR,ERR,ERR,ERR,ERR,ERR,ERR,ERR,ERR,ERR,ERR,ERR,ERR,ERR,ERR,ERR,ERR,ERR,ERR,ERR,0.0,0.0,0.0,0.0,0.0,1.3936040501711995e+18,7.805,0.0,0,0,4,0,7300,-0.0,0,0.0,0.0,0.0,0.0,0.0,0,0,0,0,0.0,0,0,0,0,0,0,0,0,0,0,0,0,0,0,0,0,0,0,0,0,0,0,0,0,0,0,0,0,0,0,0,0,0,32,30,30,62,65476,0,300,0,0,8,21553,0.0,-107605600.0,0.0,0.0,0.0,0.0,0.0,0.0,0.0,0.0,0.0,0.0,0.0,0.0,0.0,0.0,0.0,0.0,0.0,0.0,0.0,0.0,2.004,2.004,-0.0,-2.004,0.0,0.0,0.0,0.0,5384.0,-0.0,6963.0,0.0,0.0,-107615280.0,-0.0,0.0,0.0,0.0,0.0,63,2.718429300292151e+23,-107614904.0,0.0,0.0,0.0,0.0,0.0,0.0,0.0,0,0,0,0.0,0.0,0.0,0.0,0.0,0.0,0.0,0.0,0.0,0.0,0.0,0.0,0.0,0.0,0.0,0.0,0,-107875648.0,63,0.0,126,2.7184242562605685e+23,-0.0,ERR,ERR,ERR,ERR,ERR,ERR,ERR,ERR,ERR,ERR,ERR,ERR,ERR,ERR,ERR,ERR,ERR,ERR,ERR,ERR,ERR,ERR,ERR,ERR,ERR,ERR,ERR,ERR,ERR,ERR,ERR,ERR,ERR,ERR,ERR,ERR,ERR,ERR,ERR,ERR,ERR,ERR,ERR,ERR,ERR,ERR,ERR,ERR,ERR,ERR,ERR,ERR,ERR,ERR,ERR,ERR,ERR,ERR,ERR,ERR,ERR,ERR,ERR,ERR,ERR,ERR,ERR,34.0,80.0,35,0.0,0.0,0.0,0.0,0.0,0.0,0.0,0.0,0.0,0.0,0.0,0.0,0.0,0.0,0.0,0.0,64.8,0,116,56,50,65476,0,300,0,0,8,20529,65476,0,0,57672,80.0,0.0,0.0,0.0,0.0,0.0
2026-06-17T04:22:35,ERR,ERR,ERR,ERR,ERR,ERR,ERR,ERR,ERR,ERR,ERR,ERR,ERR,ERR,ERR,ERR,ERR,ERR,ERR,ERR,ERR,ERR,ERR,ERR,ERR,ERR,ERR,ERR,ERR,ERR,ERR,ERR,ERR,ERR,ERR,ERR,ERR,ERR,ERR,ERR,ERR,ERR,ERR,ERR,ERR,ERR,ERR,ERR,ERR,ERR,ERR,ERR,ERR,ERR,ERR,ERR,ERR,ERR,ERR,ERR,ERR,ERR,ERR,ERR,ERR,ERR,ERR,ERR,ERR,ERR,ERR,ERR,ERR,ERR,ERR,ERR,ERR,ERR,ERR,ERR,ERR,ERR,ERR,ERR,ERR,ERR,ERR,ERR,ERR,ERR,ERR,ERR,ERR,ERR,ERR,ERR,ERR,ERR,ERR,ERR,ERR,ERR,ERR,ERR,ERR,ERR,ERR,ERR,ERR,ERR,ERR,ERR,ERR,ERR,ERR,ERR,ERR,ERR,ERR,ERR,ERR,ERR,ERR,ERR,ERR,0.0,0.0,0.0,0.0,0.0,1.3936040501711995e+18,7.805,0.0,0,0,4,0,7300,-0.0,0,0.0,0.0,0.0,0.0,0.0,0,0,0,0,0.0,0,0,0,0,0,0,0,0,0,0,0,0,0,0,0,0,0,0,0,0,0,0,0,0,0,0,0,0,0,0,0,0,0,32,30,30,62,65476,0,300,0,0,8,21553,0.0,-107605600.0,0.0,0.0,0.0,0.0,0.0,0.0,0.0,0.0,0.0,0.0,0.0,0.0,0.0,0.0,0.0,0.0,0.0,0.0,0.0,0.0,2.004,2.004,-0.0,-2.004,0.0,0.0,0.0,0.0,5384.0,-0.0,6967.0,0.0,0.0,-107615280.0,-0.0,0.0,0.0,0.0,0.0,63,2.718429300292151e+23,-4.9504073207923395e+32,0.0,0.0,0.0,0.0,0.0,0.0,0.0,0,0,0,0.0,0.0,0.0,0.0,0.0,0.0,0.0,0.0,0.0,0.0,0.0,0.0,0.0,0.0,0.0,0.0,0,-107875648.0,63,0.0,126,2.7184242562605685e+23,-0.0,ERR,ERR,ERR,ERR,ERR,ERR,ERR,ERR,ERR,ERR,ERR,ERR,ERR,ERR,ERR,ERR,ERR,ERR,ERR,ERR,ERR,ERR,ERR,ERR,ERR,ERR,ERR,ERR,ERR,ERR,ERR,ERR,ERR,ERR,ERR,ERR,ERR,ERR,ERR,ERR,ERR,ERR,ERR,ERR,ERR,ERR,ERR,ERR,ERR,ERR,ERR,ERR,ERR,ERR,ERR,ERR,ERR,ERR,ERR,ERR,ERR,ERR,ERR,ERR,ERR,ERR,ERR,34.0,80.0,35,0.0,0.0,0.0,0.0,0.0,0.0,0.0,0.0,0.0,0.0,0.0,0.0,0.0,0.0,0.0,0.0,64.4,0,116,56,50,65476,0,300,0,0,8,20529,65476,0,0,57672,80.0,0.0,0.0,0.0,0.0,0.0
2026-06-17T04:22:36,ERR,ERR,ERR,ERR,ERR,ERR,ERR,ERR,ERR,ERR,ERR,ERR,ERR,ERR,ERR,ERR,ERR,ERR,ERR,ERR,ERR,ERR,ERR,ERR,ERR,ERR,ERR,ERR,ERR,ERR,ERR,ERR,ERR,ERR,ERR,ERR,ERR,ERR,ERR,ERR,ERR,ERR,ERR,ERR,ERR,ERR,ERR,ERR,ERR,ERR,ERR,ERR,ERR,ERR,ERR,ERR,ERR,ERR,ERR,ERR,ERR,ERR,ERR,ERR,ERR,ERR,ERR,ERR,ERR,ERR,ERR,ERR,ERR,ERR,ERR,ERR,ERR,ERR,ERR,ERR,ERR,ERR,ERR,ERR,ERR,ERR,ERR,ERR,ERR,ERR,ERR,ERR,ERR,ERR,ERR,ERR,ERR,ERR,ERR,ERR,ERR,ERR,ERR,ERR,ERR,ERR,ERR,ERR,ERR,ERR,ERR,ERR,ERR,ERR,ERR,ERR,ERR,ERR,ERR,ERR,ERR,ERR,ERR,ERR,ERR,0.0,0.0,0.0,0.0,0.0,1.3936040501711995e+18,7.805,0.0,0,0,4,0,7300,-0.0,0,0.0,0.0,0.0,0.0,0.0,0,0,0,0,0.0,0,0,0,0,0,0,0,0,0,0,0,0,0,0,0,0,0,0,0,0,0,0,0,0,0,0,0,0,0,0,0,0,0,32,30,30,62,65476,0,300,0,0,8,21553,0.0,-107605600.0,0.0,0.0,0.0,0.0,0.0,0.0,0.0,0.0,0.0,0.0,0.0,0.0,0.0,0.0,0.0,0.0,0.0,0.0,0.0,0.0,2.004,2.004,-0.0,-2.004,0.0,0.0,0.0,0.0,5384.0,-0.0,6967.0,0.0,0.0,-107615280.0,-0.0,0.0,0.0,0.0,0.0,63,2.718429300292151e+23,-4.9504073207923395e+32,0.0,0.0,0.0,0.0,0.0,0.0,0.0,0,0,0,0.0,0.0,0.0,0.0,0.0,0.0,0.0,0.0,0.0,0.0,0.0,0.0,0.0,0.0,0.0,0.0,0,-107875648.0,63,0.0,126,2.7184242562605685e+23,-0.0,ERR,ERR,ERR,ERR,ERR,ERR,ERR,ERR,ERR,ERR,ERR,ERR,ERR,ERR,ERR,ERR,ERR,ERR,ERR,ERR,ERR,ERR,ERR,ERR,ERR,ERR,ERR,ERR,ERR,ERR,ERR,ERR,ERR,ERR,ERR,ERR,ERR,ERR,ERR,ERR,ERR,ERR,ERR,ERR,ERR,ERR,ERR,ERR,ERR,ERR,ERR,ERR,ERR,ERR,ERR,ERR,ERR,ERR,ERR,ERR,ERR,ERR,ERR,ERR,ERR,ERR,ERR,34.0,80.0,35,0.0,0.0,0.0,0.0,0.0,0.0,0.0,0.0,0.0,0.0,0.0,0.0,0.0,0.0,0.0,0.0,64.4,0,116,56,50,65476,0,300,0,0,8,20529,65476,0,0,57672,80.0,0.0,0.0,0.0,0.0,0.0
2026-06-17T04:22:37,ERR,ERR,ERR,ERR,ERR,ERR,ERR,ERR,ERR,ERR,ERR,ERR,ERR,ERR,ERR,ERR,ERR,ERR,ERR,ERR,ERR,ERR,ERR,ERR,ERR,ERR,ERR,ERR,ERR,ERR,ERR,ERR,ERR,ERR,ERR,ERR,ERR,ERR,ERR,ERR,ERR,ERR,ERR,ERR,ERR,ERR,ERR,ERR,ERR,ERR,ERR,ERR,ERR,ERR,ERR,ERR,ERR,ERR,ERR,ERR,ERR,ERR,ERR,ERR,ERR,ERR,ERR,ERR,ERR,ERR,ERR,ERR,ERR,ERR,ERR,ERR,ERR,ERR,ERR,ERR,ERR,ERR,ERR,ERR,ERR,ERR,ERR,ERR,ERR,ERR,ERR,ERR,ERR,ERR,ERR,ERR,ERR,ERR,ERR,ERR,ERR,ERR,ERR,ERR,ERR,ERR,ERR,ERR,ERR,ERR,ERR,ERR,ERR,ERR,ERR,ERR,ERR,ERR,ERR,ERR,ERR,ERR,ERR,ERR,ERR,0.0,0.0,0.0,0.0,0.0,1.3936040501711995e+18,7.805,0.0,0,0,4,0,7300,-0.0,0,0.0,0.0,0.0,0.0,0.0,0,0,0,0,0.0,0,0,0,0,0,0,0,0,0,0,0,0,0,0,0,0,0,0,0,0,0,0,0,0,0,0,0,0,0,0,0,0,0,32,30,30,62,65476,0,300,0,0,8,21553,0.0,-107605600.0,0.0,0.0,0.0,0.0,0.0,0.0,0.0,0.0,0.0,0.0,0.0,0.0,0.0,0.0,0.0,0.0,0.0,0.0,0.0,0.0,2.004,2.004,-0.0,-2.004,0.0,0.0,0.0,0.0,5384.0,-0.0,6967.0,0.0,0.0,-107615280.0,-0.0,0.0,0.0,0.0,0.0,63,2.718429300292151e+23,-4.9504073207923395e+32,0.0,0.0,0.0,0.0,0.0,0.0,0.0,0,0,0,0.0,0.0,0.0,0.0,0.0,0.0,0.0,0.0,0.0,0.0,0.0,0.0,0.0,0.0,0.0,0.0,0,-107875648.0,63,0.0,126,2.7184242562605685e+23,-0.0,ERR,ERR,ERR,ERR,ERR,ERR,ERR,ERR,ERR,ERR,ERR,ERR,ERR,ERR,ERR,ERR,ERR,ERR,ERR,ERR,ERR,ERR,ERR,ERR,ERR,ERR,ERR,ERR,ERR,ERR,ERR,ERR,ERR,ERR,ERR,ERR,ERR,ERR,ERR,ERR,ERR,ERR,ERR,ERR,ERR,ERR,ERR,ERR,ERR,ERR,ERR,ERR,ERR,ERR,ERR,ERR,ERR,ERR,ERR,ERR,ERR,ERR,ERR,ERR,ERR,ERR,ERR,34.0,80.0,35,0.0,0.0,0.0,0.0,0.0,0.0,0.0,0.0,0.0,0.0,0.0,0.0,0.0,0.0,0.0,0.0,64.4,0,116,56,50,65476,0,300,0,0,8,20529,65476,0,0,57672,80.0,0.0,0.0,0.0,0.0,0.0
2026-06-17T04:22:38,ERR,ERR,ERR,ERR,ERR,ERR,ERR,ERR,ERR,ERR,ERR,ERR,ERR,ERR,ERR,ERR,ERR,ERR,ERR,ERR,ERR,ERR,ERR,ERR,ERR,ERR,ERR,ERR,ERR,ERR,ERR,ERR,ERR,ERR,ERR,ERR,ERR,ERR,ERR,ERR,ERR,ERR,ERR,ERR,ERR,ERR,ERR,ERR,ERR,ERR,ERR,ERR,ERR,ERR,ERR,ERR,ERR,ERR,ERR,ERR,ERR,ERR,ERR,ERR,ERR,ERR,ERR,ERR,ERR,ERR,ERR,ERR,ERR,ERR,ERR,ERR,ERR,ERR,ERR,ERR,ERR,ERR,ERR,ERR,ERR,ERR,ERR,ERR,ERR,ERR,ERR,ERR,ERR,ERR,ERR,ERR,ERR,ERR,ERR,ERR,ERR,ERR,ERR,ERR,ERR,ERR,ERR,ERR,ERR,ERR,ERR,ERR,ERR,ERR,ERR,ERR,ERR,ERR,ERR,ERR,ERR,ERR,ERR,ERR,ERR,0.0,0.0,0.0,0.0,0.0,1.3936040501711995e+18,7.805,0.0,0,0,4,0,7300,-0.0,0,0.0,0.0,0.0,0.0,0.0,0,0,0,0,0.0,0,0,0,0,0,0,0,0,0,0,0,0,0,0,0,0,0,0,0,0,0,0,0,0,0,0,0,0,0,0,0,0,0,32,30,30,62,65476,0,300,0,0,8,21553,0.0,-107605600.0,0.0,0.0,0.0,0.0,0.0,0.0,0.0,0.0,0.0,0.0,0.0,0.0,0.0,0.0,0.0,0.0,0.0,0.0,0.0,0.0,2.004,2.004,-0.0,-2.004,0.0,0.0,0.0,0.0,5384.0,-0.0,6967.0,0.0,0.0,-107615280.0,-0.0,0.0,0.0,0.0,0.0,63,2.718429300292151e+23,-4.9504073207923395e+32,0.0,0.0,0.0,0.0,0.0,0.0,0.0,0,0,0,0.0,0.0,0.0,0.0,0.0,0.0,0.0,0.0,0.0,0.0,0.0,0.0,0.0,0.0,0.0,0.0,0,-107875648.0,63,0.0,126,2.7184242562605685e+23,-0.0,ERR,ERR,ERR,ERR,ERR,ERR,ERR,ERR,ERR,ERR,ERR,ERR,ERR,ERR,ERR,ERR,ERR,ERR,ERR,ERR,ERR,ERR,ERR,ERR,ERR,ERR,ERR,ERR,ERR,ERR,ERR,ERR,ERR,ERR,ERR,ERR,ERR,ERR,ERR,ERR,ERR,ERR,ERR,ERR,ERR,ERR,ERR,ERR,ERR,ERR,ERR,ERR,ERR,ERR,ERR,ERR,ERR,ERR,ERR,ERR,ERR,ERR,ERR,ERR,ERR,ERR,ERR,34.0,80.0,35,0.0,0.0,0.0,0.0,0.0,0.0,0.0,0.0,0.0,0.0,0.0,0.0,0.0,0.0,0.0,0.0,64.4,0,116,56,50,65476,0,300,0,0,8,20529,65476,0,0,57672,80.0,0.0,0.0,0.0,0.0,0.0
2026-06-17T04:22:39,ERR,ERR,ERR,ERR,ERR,ERR,ERR,ERR,ERR,ERR,ERR,ERR,ERR,ERR,ERR,ERR,ERR,ERR,ERR,ERR,ERR,ERR,ERR,ERR,ERR,ERR,ERR,ERR,ERR,ERR,ERR,ERR,ERR,ERR,ERR,ERR,ERR,ERR,ERR,ERR,ERR,ERR,ERR,ERR,ERR,ERR,ERR,ERR,ERR,ERR,ERR,ERR,ERR,ERR,ERR,ERR,ERR,ERR,ERR,ERR,ERR,ERR,ERR,ERR,ERR,ERR,ERR,ERR,ERR,ERR,ERR,ERR,ERR,ERR,ERR,ERR,ERR,ERR,ERR,ERR,ERR,ERR,ERR,ERR,ERR,ERR,ERR,ERR,ERR,ERR,ERR,ERR,ERR,ERR,ERR,ERR,ERR,ERR,ERR,ERR,ERR,ERR,ERR,ERR,ERR,ERR,ERR,ERR,ERR,ERR,ERR,ERR,ERR,ERR,ERR,ERR,ERR,ERR,ERR,ERR,ERR,ERR,ERR,ERR,ERR,0.0,0.0,0.0,0.0,0.0,1.3936040501711995e+18,7.805,0.0,0,0,4,0,7300,-0.0,0,0.0,0.0,0.0,0.0,0.0,0,0,0,0,0.0,0,0,0,0,0,0,0,0,0,0,0,0,0,0,0,0,0,0,0,0,0,0,0,0,0,0,0,0,0,0,0,0,0,32,30,30,62,65476,0,300,0,0,8,21553,0.0,-107605600.0,0.0,0.0,0.0,0.0,0.0,0.0,0.0,0.0,0.0,0.0,0.0,0.0,0.0,0.0,0.0,0.0,0.0,0.0,0.0,0.0,2.004,2.004,-0.0,-2.004,0.0,0.0,0.0,0.0,5384.0,-0.0,6967.0,0.0,0.0,-107615280.0,-0.0,0.0,0.0,0.0,0.0,63,2.718429300292151e+23,-4.9504073207923395e+32,0.0,0.0,0.0,0.0,0.0,0.0,0.0,0,0,0,0.0,0.0,0.0,0.0,0.0,0.0,0.0,0.0,0.0,0.0,0.0,0.0,0.0,0.0,0.0,0.0,0,-107875648.0,63,0.0,126,2.7184242562605685e+23,-0.0,ERR,ERR,ERR,ERR,ERR,ERR,ERR,ERR,ERR,ERR,ERR,ERR,ERR,ERR,ERR,ERR,ERR,ERR,ERR,ERR,ERR,ERR,ERR,ERR,ERR,ERR,ERR,ERR,ERR,ERR,ERR,ERR,ERR,ERR,ERR,ERR,ERR,ERR,ERR,ERR,ERR,ERR,ERR,ERR,ERR,ERR,ERR,ERR,ERR,ERR,ERR,ERR,ERR,ERR,ERR,ERR,ERR,ERR,ERR,ERR,ERR,ERR,ERR,ERR,ERR,ERR,ERR,34.0,80.0,35,0.0,0.0,0.0,0.0,0.0,0.0,0.0,0.0,0.0,0.0,0.0,0.0,0.0,0.0,0.0,0.0,64.4,0,116,56,50,65476,0,300,0,0,8,20529,65476,0,0,57672,80.0,0.0,0.0,0.0,0.0,0.0
2026-06-17T04:22:40,ERR,ERR,ERR,ERR,ERR,ERR,ERR,ERR,ERR,ERR,ERR,ERR,ERR,ERR,ERR,ERR,ERR,ERR,ERR,ERR,ERR,ERR,ERR,ERR,ERR,ERR,ERR,ERR,ERR,ERR,ERR,ERR,ERR,ERR,ERR,ERR,ERR,ERR,ERR,ERR,ERR,ERR,ERR,ERR,ERR,ERR,ERR,ERR,ERR,ERR,ERR,ERR,ERR,ERR,ERR,ERR,ERR,ERR,ERR,ERR,ERR,ERR,ERR,ERR,ERR,ERR,ERR,ERR,ERR,ERR,ERR,ERR,ERR,ERR,ERR,ERR,ERR,ERR,ERR,ERR,ERR,ERR,ERR,ERR,ERR,ERR,ERR,ERR,ERR,ERR,ERR,ERR,ERR,ERR,ERR,ERR,ERR,ERR,ERR,ERR,ERR,ERR,ERR,ERR,ERR,ERR,ERR,ERR,ERR,ERR,ERR,ERR,ERR,ERR,ERR,ERR,ERR,ERR,ERR,ERR,ERR,ERR,ERR,ERR,ERR,0.0,0.0,0.0,0.0,0.0,1.3936040501711995e+18,7.805,0.0,0,0,4,0,7300,-0.0,0,0.0,0.0,0.0,0.0,0.0,0,0,0,0,0.0,0,0,0,0,0,0,0,0,0,0,0,0,0,0,0,0,0,0,0,0,0,0,0,0,0,0,0,0,0,0,0,0,0,32,30,30,62,65476,0,300,0,0,8,21553,0.0,-107605600.0,0.0,0.0,0.0,0.0,0.0,0.0,0.0,0.0,0.0,0.0,0.0,0.0,0.0,0.0,0.0,0.0,0.0,0.0,0.0,0.0,2.004,2.004,-0.0,-2.004,0.0,0.0,0.0,0.0,5384.0,-564146638684160.0,6972.0,0.0,0.0,-107615280.0,-0.0,0.0,0.0,0.0,0.0,63,2.718429300292151e+23,0.0,0.0,0.0,0.0,0.0,0.0,0.0,0.0,0,0,0,0.0,0.0,0.0,0.0,0.0,0.0,0.0,0.0,0.0,0.0,0.0,0.0,0.0,0.0,0.0,0.0,0,-107875648.0,63,0.0,126,2.7184242562605685e+23,-0.0,ERR,ERR,ERR,ERR,ERR,ERR,ERR,ERR,ERR,ERR,ERR,ERR,ERR,ERR,ERR,ERR,ERR,ERR,ERR,ERR,ERR,ERR,ERR,ERR,ERR,ERR,ERR,ERR,ERR,ERR,ERR,ERR,ERR,ERR,ERR,ERR,ERR,ERR,ERR,ERR,ERR,ERR,ERR,ERR,ERR,ERR,ERR,ERR,ERR,ERR,ERR,ERR,ERR,ERR,ERR,ERR,ERR,ERR,ERR,ERR,ERR,ERR,ERR,ERR,ERR,ERR,ERR,34.0,80.0,35,0.0,0.0,0.0,0.0,0.0,0.0,0.0,0.0,0.0,0.0,0.0,0.0,0.0,0.0,0.0,0.0,64.4,0,116,56,50,65476,0,300,0,0,8,20529,65476,0,0,57672,80.0,0.0,0.0,0.0,0.0,0.0
2026-06-17T04:22:41,ERR,ERR,ERR,ERR,ERR,ERR,ERR,ERR,ERR,ERR,ERR,ERR,ERR,ERR,ERR,ERR,ERR,ERR,ERR,ERR,ERR,ERR,ERR,ERR,ERR,ERR,ERR,ERR,ERR,ERR,ERR,ERR,ERR,ERR,ERR,ERR,ERR,ERR,ERR,ERR,ERR,ERR,ERR,ERR,ERR,ERR,ERR,ERR,ERR,ERR,ERR,ERR,ERR,ERR,ERR,ERR,ERR,ERR,ERR,ERR,ERR,ERR,ERR,ERR,ERR,ERR,ERR,ERR,ERR,ERR,ERR,ERR,ERR,ERR,ERR,ERR,ERR,ERR,ERR,ERR,ERR,ERR,ERR,ERR,ERR,ERR,ERR,ERR,ERR,ERR,ERR,ERR,ERR,ERR,ERR,ERR,ERR,ERR,ERR,ERR,ERR,ERR,ERR,ERR,ERR,ERR,ERR,ERR,ERR,ERR,ERR,ERR,ERR,ERR,ERR,ERR,ERR,ERR,ERR,ERR,ERR,ERR,ERR,ERR,ERR,0.0,0.0,0.0,0.0,0.0,1.3936040501711995e+18,7.805,0.0,0,0,4,0,7300,-0.0,0,0.0,0.0,0.0,0.0,0.0,0,0,0,0,0.0,0,0,0,0,0,0,0,0,0,0,0,0,0,0,0,0,0,0,0,0,0,0,0,0,0,0,0,0,0,0,0,0,0,32,30,30,62,65476,0,300,0,0,8,21553,0.0,-107605600.0,0.0,0.0,0.0,0.0,0.0,0.0,0.0,0.0,0.0,0.0,0.0,0.0,0.0,0.0,0.0,0.0,0.0,0.0,0.0,0.0,2.004,2.004,-0.0,-2.004,0.0,0.0,0.0,0.0,5384.0,-564146638684160.0,6972.0,0.0,0.0,-107615280.0,-0.0,0.0,0.0,0.0,0.0,63,2.718429300292151e+23,0.0,0.0,0.0,0.0,0.0,0.0,0.0,0.0,0,0,0,0.0,0.0,0.0,0.0,0.0,0.0,0.0,0.0,0.0,0.0,0.0,0.0,0.0,0.0,0.0,0.0,0,-107875648.0,63,0.0,126,2.7184242562605685e+23,-0.0,ERR,ERR,ERR,ERR,ERR,ERR,ERR,ERR,ERR,ERR,ERR,ERR,ERR,ERR,ERR,ERR,ERR,ERR,ERR,ERR,ERR,ERR,ERR,ERR,ERR,ERR,ERR,ERR,ERR,ERR,ERR,ERR,ERR,ERR,ERR,ERR,ERR,ERR,ERR,ERR,ERR,ERR,ERR,ERR,ERR,ERR,ERR,ERR,ERR,ERR,ERR,ERR,ERR,ERR,ERR,ERR,ERR,ERR,ERR,ERR,ERR,ERR,ERR,ERR,ERR,ERR,ERR,34.0,80.0,35,0.0,0.0,0.0,0.0,0.0,0.0,0.0,0.0,0.0,0.0,0.0,0.0,0.0,0.0,0.0,0.0,64.4,0,116,56,50,65476,0,300,0,0,8,20529,65476,0,0,57672,80.0,0.0,0.0,0.0,0.0,0.0
2026-06-17T04:22:42,ERR,ERR,ERR,ERR,ERR,ERR,ERR,ERR,ERR,ERR,ERR,ERR,ERR,ERR,ERR,ERR,ERR,ERR,ERR,ERR,ERR,ERR,ERR,ERR,ERR,ERR,ERR,ERR,ERR,ERR,ERR,ERR,ERR,ERR,ERR,ERR,ERR,ERR,ERR,ERR,ERR,ERR,ERR,ERR,ERR,ERR,ERR,ERR,ERR,ERR,ERR,ERR,ERR,ERR,ERR,ERR,ERR,ERR,ERR,ERR,ERR,ERR,ERR,ERR,ERR,ERR,ERR,ERR,ERR,ERR,ERR,ERR,ERR,ERR,ERR,ERR,ERR,ERR,ERR,ERR,ERR,ERR,ERR,ERR,ERR,ERR,ERR,ERR,ERR,ERR,ERR,ERR,ERR,ERR,ERR,ERR,ERR,ERR,ERR,ERR,ERR,ERR,ERR,ERR,ERR,ERR,ERR,ERR,ERR,ERR,ERR,ERR,ERR,ERR,ERR,ERR,ERR,ERR,ERR,ERR,ERR,ERR,ERR,ERR,ERR,0.0,0.0,0.0,0.0,0.0,1.3936040501711995e+18,7.805,0.0,0,0,4,0,7300,-0.0,0,0.0,0.0,0.0,0.0,0.0,0,0,0,0,0.0,0,0,0,0,0,0,0,0,0,0,0,0,0,0,0,0,0,0,0,0,0,0,0,0,0,0,0,0,0,0,0,0,0,32,30,30,62,65476,0,300,0,0,8,21553,0.0,-107605600.0,0.0,0.0,0.0,0.0,0.0,0.0,0.0,0.0,0.0,0.0,0.0,0.0,0.0,0.0,0.0,0.0,0.0,0.0,0.0,0.0,2.004,2.004,-0.0,-2.004,0.0,0.0,0.0,0.0,5384.0,-564146638684160.0,6972.0,0.0,0.0,-107615280.0,-0.0,0.0,0.0,0.0,0.0,63,2.718429300292151e+23,0.0,0.0,0.0,0.0,0.0,0.0,0.0,0.0,0,0,0,0.0,0.0,0.0,0.0,0.0,0.0,0.0,0.0,0.0,0.0,0.0,0.0,0.0,0.0,0.0,0.0,0,-107875648.0,63,0.0,126,2.7184242562605685e+23,-0.0,ERR,ERR,ERR,ERR,ERR,ERR,ERR,ERR,ERR,ERR,ERR,ERR,ERR,ERR,ERR,ERR,ERR,ERR,ERR,ERR,ERR,ERR,ERR,ERR,ERR,ERR,ERR,ERR,ERR,ERR,ERR,ERR,ERR,ERR,ERR,ERR,ERR,ERR,ERR,ERR,ERR,ERR,ERR,ERR,ERR,ERR,ERR,ERR,ERR,ERR,ERR,ERR,ERR,ERR,ERR,ERR,ERR,ERR,ERR,ERR,ERR,ERR,ERR,ERR,ERR,ERR,ERR,34.0,80.0,35,0.0,0.0,0.0,0.0,0.0,0.0,0.0,0.0,0.0,0.0,0.0,0.0,0.0,0.0,0.0,0.0,64.4,0,116,56,50,65476,0,300,0,0,8,20529,65476,0,0,57672,80.0,0.0,0.0,0.0,0.0,0.0
2026-06-17T04:22:43,ERR,ERR,ERR,ERR,ERR,ERR,ERR,ERR,ERR,ERR,ERR,ERR,ERR,ERR,ERR,ERR,ERR,ERR,ERR,ERR,ERR,ERR,ERR,ERR,ERR,ERR,ERR,ERR,ERR,ERR,ERR,ERR,ERR,ERR,ERR,ERR,ERR,ERR,ERR,ERR,ERR,ERR,ERR,ERR,ERR,ERR,ERR,ERR,ERR,ERR,ERR,ERR,ERR,ERR,ERR,ERR,ERR,ERR,ERR,ERR,ERR,ERR,ERR,ERR,ERR,ERR,ERR,ERR,ERR,ERR,ERR,ERR,ERR,ERR,ERR,ERR,ERR,ERR,ERR,ERR,ERR,ERR,ERR,ERR,ERR,ERR,ERR,ERR,ERR,ERR,ERR,ERR,ERR,ERR,ERR,ERR,ERR,ERR,ERR,ERR,ERR,ERR,ERR,ERR,ERR,ERR,ERR,ERR,ERR,ERR,ERR,ERR,ERR,ERR,ERR,ERR,ERR,ERR,ERR,ERR,ERR,ERR,ERR,ERR,ERR,0.0,0.0,0.0,0.0,0.0,1.3936040501711995e+18,7.805,0.0,0,0,4,0,7300,-0.0,0,0.0,0.0,0.0,0.0,0.0,0,0,0,0,0.0,0,0,0,0,0,0,0,0,0,0,0,0,0,0,0,0,0,0,0,0,0,0,0,0,0,0,0,0,0,0,0,0,0,32,30,30,62,65476,0,300,0,0,8,21553,0.0,-107605600.0,0.0,0.0,0.0,0.0,0.0,0.0,0.0,0.0,0.0,0.0,0.0,0.0,0.0,0.0,0.0,0.0,0.0,0.0,0.0,0.0,2.004,2.004,-0.0,-2.004,0.0,0.0,0.0,0.0,5384.0,-564146638684160.0,6972.0,0.0,0.0,-107615280.0,-0.0,0.0,0.0,0.0,0.0,63,2.718429300292151e+23,0.0,0.0,0.0,0.0,0.0,0.0,0.0,0.0,0,0,0,0.0,0.0,0.0,0.0,0.0,0.0,0.0,0.0,0.0,0.0,0.0,0.0,0.0,0.0,0.0,0.0,0,-107875648.0,63,0.0,126,2.7184242562605685e+23,-0.0,ERR,ERR,ERR,ERR,ERR,ERR,ERR,ERR,ERR,ERR,ERR,ERR,ERR,ERR,ERR,ERR,ERR,ERR,ERR,ERR,ERR,ERR,ERR,ERR,ERR,ERR,ERR,ERR,ERR,ERR,ERR,ERR,ERR,ERR,ERR,ERR,ERR,ERR,ERR,ERR,ERR,ERR,ERR,ERR,ERR,ERR,ERR,ERR,ERR,ERR,ERR,ERR,ERR,ERR,ERR,ERR,ERR,ERR,ERR,ERR,ERR,ERR,ERR,ERR,ERR,ERR,ERR,34.0,80.0,35,0.0,0.0,0.0,0.0,0.0,0.0,0.0,0.0,0.0,0.0,0.0,0.0,0.0,0.0,0.0,0.0,64.4,0,116,56,50,65476,0,300,0,0,8,20529,65476,0,0,57672,80.0,0.0,0.0,0.0,0.0,0.0
2026-06-17T04:22:44,ERR,ERR,ERR,ERR,ERR,ERR,ERR,ERR,ERR,ERR,ERR,ERR,ERR,ERR,ERR,ERR,ERR,ERR,ERR,ERR,ERR,ERR,ERR,ERR,ERR,ERR,ERR,ERR,ERR,ERR,ERR,ERR,ERR,ERR,ERR,ERR,ERR,ERR,ERR,ERR,ERR,ERR,ERR,ERR,ERR,ERR,ERR,ERR,ERR,ERR,ERR,ERR,ERR,ERR,ERR,ERR,ERR,ERR,ERR,ERR,ERR,ERR,ERR,ERR,ERR,ERR,ERR,ERR,ERR,ERR,ERR,ERR,ERR,ERR,ERR,ERR,ERR,ERR,ERR,ERR,ERR,ERR,ERR,ERR,ERR,ERR,ERR,ERR,ERR,ERR,ERR,ERR,ERR,ERR,ERR,ERR,ERR,ERR,ERR,ERR,ERR,ERR,ERR,ERR,ERR,ERR,ERR,ERR,ERR,ERR,ERR,ERR,ERR,ERR,ERR,ERR,ERR,ERR,ERR,ERR,ERR,ERR,ERR,ERR,ERR,0.0,0.0,0.0,0.0,0.0,1.3936040501711995e+18,7.805,0.0,0,0,4,0,7300,-0.0,0,0.0,0.0,0.0,0.0,0.0,0,0,0,0,0.0,0,0,0,0,0,0,0,0,0,0,0,0,0,0,0,0,0,0,0,0,0,0,0,0,0,0,0,0,0,0,0,0,0,32,30,30,62,65476,0,300,0,0,8,21553,0.0,-107605600.0,0.0,0.0,0.0,0.0,0.0,0.0,0.0,0.0,0.0,0.0,0.0,0.0,0.0,0.0,0.0,0.0,0.0,0.0,0.0,0.0,2.004,2.004,-0.0,-2.004,0.0,0.0,0.0,0.0,5384.0,-564146638684160.0,6972.0,0.0,0.0,-107615280.0,-0.0,0.0,0.0,0.0,0.0,63,2.718429300292151e+23,0.0,0.0,0.0,0.0,0.0,0.0,0.0,0.0,0,0,0,0.0,0.0,0.0,0.0,0.0,0.0,0.0,0.0,0.0,0.0,0.0,0.0,0.0,0.0,0.0,0.0,0,-107875648.0,63,0.0,126,2.7184242562605685e+23,-0.0,ERR,ERR,ERR,ERR,ERR,ERR,ERR,ERR,ERR,ERR,ERR,ERR,ERR,ERR,ERR,ERR,ERR,ERR,ERR,ERR,ERR,ERR,ERR,ERR,ERR,ERR,ERR,ERR,ERR,ERR,ERR,ERR,ERR,ERR,ERR,ERR,ERR,ERR,ERR,ERR,ERR,ERR,ERR,ERR,ERR,ERR,ERR,ERR,ERR,ERR,ERR,ERR,ERR,ERR,ERR,ERR,ERR,ERR,ERR,ERR,ERR,ERR,ERR,ERR,ERR,ERR,ERR,34.0,80.0,35,0.0,0.0,0.0,0.0,0.0,0.0,0.0,0.0,0.0,0.0,0.0,0.0,0.0,0.0,0.0,0.0,64.8,0,116,56,50,65476,0,300,0,0,8,20529,65476,0,0,57672,80.0,0.0,0.0,0.0,0.0,0.0
2026-06-17T04:22:45,ERR,ERR,ERR,ERR,ERR,ERR,ERR,ERR,ERR,ERR,ERR,ERR,ERR,ERR,ERR,ERR,ERR,ERR,ERR,ERR,ERR,ERR,ERR,ERR,ERR,ERR,ERR,ERR,ERR,ERR,ERR,ERR,ERR,ERR,ERR,ERR,ERR,ERR,ERR,ERR,ERR,ERR,ERR,ERR,ERR,ERR,ERR,ERR,ERR,ERR,ERR,ERR,ERR,ERR,ERR,ERR,ERR,ERR,ERR,ERR,ERR,ERR,ERR,ERR,ERR,ERR,ERR,ERR,ERR,ERR,ERR,ERR,ERR,ERR,ERR,ERR,ERR,ERR,ERR,ERR,ERR,ERR,ERR,ERR,ERR,ERR,ERR,ERR,ERR,ERR,ERR,ERR,ERR,ERR,ERR,ERR,ERR,ERR,ERR,ERR,ERR,ERR,ERR,ERR,ERR,ERR,ERR,ERR,ERR,ERR,ERR,ERR,ERR,ERR,ERR,ERR,ERR,ERR,ERR,ERR,ERR,ERR,ERR,ERR,ERR,0.0,0.0,0.0,0.0,0.0,1.3936040501711995e+18,7.805,0.0,0,0,4,0,7300,-0.0,0,0.0,0.0,0.0,0.0,0.0,0,0,0,0,0.0,0,0,0,0,0,0,0,0,0,0,0,0,0,0,0,0,0,0,0,0,0,0,0,0,0,0,0,0,0,0,0,0,0,32,30,30,62,65476,0,300,0,0,8,21553,0.0,-107605600.0,0.0,0.0,0.0,0.0,0.0,0.0,0.0,0.0,0.0,0.0,0.0,0.0,0.0,0.0,0.0,0.0,0.0,0.0,0.0,0.0,2.004,2.004,-0.0,-2.004,0.0,0.0,0.0,0.0,5384.0,-2.4229913632967957e+24,6973.0,0.0,0.0,-107615280.0,-0.0,0.0,0.0,0.0,0.0,63,2.718429300292151e+23,0.0,0.0,0.0,0.0,0.0,0.0,0.0,0.0,0,0,0,0.0,0.0,0.0,0.0,0.0,0.0,0.0,0.0,0.0,0.0,0.0,0.0,0.0,0.0,0.0,0.0,0,-107875648.0,63,0.0,126,2.7184242562605685e+23,-0.0,ERR,ERR,ERR,ERR,ERR,ERR,ERR,ERR,ERR,ERR,ERR,ERR,ERR,ERR,ERR,ERR,ERR,ERR,ERR,ERR,ERR,ERR,ERR,ERR,ERR,ERR,ERR,ERR,ERR,ERR,ERR,ERR,ERR,ERR,ERR,ERR,ERR,ERR,ERR,ERR,ERR,ERR,ERR,ERR,ERR,ERR,ERR,ERR,ERR,ERR,ERR,ERR,ERR,ERR,ERR,ERR,ERR,ERR,ERR,ERR,ERR,ERR,ERR,ERR,ERR,ERR,ERR,34.0,80.0,35,0.0,0.0,0.0,0.0,0.0,0.0,0.0,0.0,0.0,0.0,0.0,0.0,0.0,0.0,0.0,0.0,64.8,0,116,56,50,65476,0,300,0,0,8,20529,65476,0,0,57672,80.0,0.0,0.0,0.0,0.0,0.0
2026-06-17T04:22:46,ERR,ERR,ERR,ERR,ERR,ERR,ERR,ERR,ERR,ERR,ERR,ERR,ERR,ERR,ERR,ERR,ERR,ERR,ERR,ERR,ERR,ERR,ERR,ERR,ERR,ERR,ERR,ERR,ERR,ERR,ERR,ERR,ERR,ERR,ERR,ERR,ERR,ERR,ERR,ERR,ERR,ERR,ERR,ERR,ERR,ERR,ERR,ERR,ERR,ERR,ERR,ERR,ERR,ERR,ERR,ERR,ERR,ERR,ERR,ERR,ERR,ERR,ERR,ERR,ERR,ERR,ERR,ERR,ERR,ERR,ERR,ERR,ERR,ERR,ERR,ERR,ERR,ERR,ERR,ERR,ERR,ERR,ERR,ERR,ERR,ERR,ERR,ERR,ERR,ERR,ERR,ERR,ERR,ERR,ERR,ERR,ERR,ERR,ERR,ERR,ERR,ERR,ERR,ERR,ERR,ERR,ERR,ERR,ERR,ERR,ERR,ERR,ERR,ERR,ERR,ERR,ERR,ERR,ERR,ERR,ERR,ERR,ERR,ERR,ERR,0.0,0.0,0.0,0.0,0.0,1.3936040501711995e+18,7.805,0.0,0,0,4,0,7300,-0.0,0,0.0,0.0,0.0,0.0,0.0,0,0,0,0,0.0,0,0,0,0,0,0,0,0,0,0,0,0,0,0,0,0,0,0,0,0,0,0,0,0,0,0,0,0,0,0,0,0,0,32,30,30,62,65476,0,300,0,0,8,21553,0.0,-107605600.0,0.0,0.0,0.0,0.0,0.0,0.0,0.0,0.0,0.0,0.0,0.0,0.0,0.0,0.0,0.0,0.0,0.0,0.0,0.0,0.0,2.004,2.004,-0.0,-2.004,0.0,0.0,0.0,0.0,5384.0,-2.4229913632967957e+24,6973.0,0.0,0.0,-107615280.0,-0.0,0.0,0.0,0.0,0.0,63,2.718429300292151e+23,0.0,0.0,0.0,0.0,0.0,0.0,0.0,0.0,0,0,0,0.0,0.0,0.0,0.0,0.0,0.0,0.0,0.0,0.0,0.0,0.0,0.0,0.0,0.0,0.0,0.0,0,-107875648.0,63,0.0,126,2.7184242562605685e+23,-0.0,ERR,ERR,ERR,ERR,ERR,ERR,ERR,ERR,ERR,ERR,ERR,ERR,ERR,ERR,ERR,ERR,ERR,ERR,ERR,ERR,ERR,ERR,ERR,ERR,ERR,ERR,ERR,ERR,ERR,ERR,ERR,ERR,ERR,ERR,ERR,ERR,ERR,ERR,ERR,ERR,ERR,ERR,ERR,ERR,ERR,ERR,ERR,ERR,ERR,ERR,ERR,ERR,ERR,ERR,ERR,ERR,ERR,ERR,ERR,ERR,ERR,ERR,ERR,ERR,ERR,ERR,ERR,34.0,80.0,35,0.0,0.0,0.0,0.0,0.0,0.0,0.0,0.0,0.0,0.0,0.0,0.0,0.0,0.0,0.0,0.0,64.4,0,116,56,50,65476,0,300,0,0,8,20529,65476,0,0,57672,80.0,0.0,0.0,0.0,0.0,0.0
2026-06-17T04:22:47,ERR,ERR,ERR,ERR,ERR,ERR,ERR,ERR,ERR,ERR,ERR,ERR,ERR,ERR,ERR,ERR,ERR,ERR,ERR,ERR,ERR,ERR,ERR,ERR,ERR,ERR,ERR,ERR,ERR,ERR,ERR,ERR,ERR,ERR,ERR,ERR,ERR,ERR,ERR,ERR,ERR,ERR,ERR,ERR,ERR,ERR,ERR,ERR,ERR,ERR,ERR,ERR,ERR,ERR,ERR,ERR,ERR,ERR,ERR,ERR,ERR,ERR,ERR,ERR,ERR,ERR,ERR,ERR,ERR,ERR,ERR,ERR,ERR,ERR,ERR,ERR,ERR,ERR,ERR,ERR,ERR,ERR,ERR,ERR,ERR,ERR,ERR,ERR,ERR,ERR,ERR,ERR,ERR,ERR,ERR,ERR,ERR,ERR,ERR,ERR,ERR,ERR,ERR,ERR,ERR,ERR,ERR,ERR,ERR,ERR,ERR,ERR,ERR,ERR,ERR,ERR,ERR,ERR,ERR,ERR,ERR,ERR,ERR,ERR,ERR,0.0,0.0,0.0,0.0,0.0,1.3936040501711995e+18,7.805,0.0,0,0,4,0,7300,-0.0,0,0.0,0.0,0.0,0.0,0.0,0,0,0,0,0.0,0,0,0,0,0,0,0,0,0,0,0,0,0,0,0,0,0,0,0,0,0,0,0,0,0,0,0,0,0,0,0,0,0,32,30,30,62,65476,0,300,0,0,8,21553,0.0,-107605600.0,0.0,0.0,0.0,0.0,0.0,0.0,0.0,0.0,0.0,0.0,0.0,0.0,0.0,0.0,0.0,0.0,0.0,0.0,0.0,0.0,2.004,2.004,-0.0,-2.004,0.0,0.0,0.0,0.0,5384.0,-2.4229913632967957e+24,6973.0,0.0,0.0,-107615280.0,-0.0,0.0,0.0,0.0,0.0,63,2.718429300292151e+23,0.0,0.0,0.0,0.0,0.0,0.0,0.0,0.0,0,0,0,0.0,0.0,0.0,0.0,0.0,0.0,0.0,0.0,0.0,0.0,0.0,0.0,0.0,0.0,0.0,0.0,0,-107875648.0,63,0.0,126,2.7184242562605685e+23,-0.0,ERR,ERR,ERR,ERR,ERR,ERR,ERR,ERR,ERR,ERR,ERR,ERR,ERR,ERR,ERR,ERR,ERR,ERR,ERR,ERR,ERR,ERR,ERR,ERR,ERR,ERR,ERR,ERR,ERR,ERR,ERR,ERR,ERR,ERR,ERR,ERR,ERR,ERR,ERR,ERR,ERR,ERR,ERR,ERR,ERR,ERR,ERR,ERR,ERR,ERR,ERR,ERR,ERR,ERR,ERR,ERR,ERR,ERR,ERR,ERR,ERR,ERR,ERR,ERR,ERR,ERR,ERR,34.0,80.0,35,0.0,0.0,0.0,0.0,0.0,0.0,0.0,0.0,0.0,0.0,0.0,0.0,0.0,0.0,0.0,0.0,64.4,0,116,56,50,65476,0,300,0,0,8,20529,65476,0,0,57672,80.0,0.0,0.0,0.0,0.0,0.0
2026-06-17T04:22:48,ERR,ERR,ERR,ERR,ERR,ERR,ERR,ERR,ERR,ERR,ERR,ERR,ERR,ERR,ERR,ERR,ERR,ERR,ERR,ERR,ERR,ERR,ERR,ERR,ERR,ERR,ERR,ERR,ERR,ERR,ERR,ERR,ERR,ERR,ERR,ERR,ERR,ERR,ERR,ERR,ERR,ERR,ERR,ERR,ERR,ERR,ERR,ERR,ERR,ERR,ERR,ERR,ERR,ERR,ERR,ERR,ERR,ERR,ERR,ERR,ERR,ERR,ERR,ERR,ERR,ERR,ERR,ERR,ERR,ERR,ERR,ERR,ERR,ERR,ERR,ERR,ERR,ERR,ERR,ERR,ERR,ERR,ERR,ERR,ERR,ERR,ERR,ERR,ERR,ERR,ERR,ERR,ERR,ERR,ERR,ERR,ERR,ERR,ERR,ERR,ERR,ERR,ERR,ERR,ERR,ERR,ERR,ERR,ERR,ERR,ERR,ERR,ERR,ERR,ERR,ERR,ERR,ERR,ERR,ERR,ERR,ERR,ERR,ERR,ERR,0.0,0.0,0.0,0.0,0.0,1.3936040501711995e+18,7.805,0.0,0,0,4,0,7300,-0.0,0,0.0,0.0,0.0,0.0,0.0,0,0,0,0,0.0,0,0,0,0,0,0,0,0,0,0,0,0,0,0,0,0,0,0,0,0,0,0,0,0,0,0,0,0,0,0,0,0,0,32,30,30,62,65476,0,300,0,0,8,21553,0.0,-107605600.0,0.0,0.0,0.0,0.0,0.0,0.0,0.0,0.0,0.0,0.0,0.0,0.0,0.0,0.0,0.0,0.0,0.0,0.0,0.0,0.0,2.004,2.004,-0.0,-2.004,0.0,0.0,0.0,0.0,5384.0,-2.4229913632967957e+24,6973.0,0.0,0.0,-107615280.0,-0.0,0.0,0.0,0.0,0.0,63,2.718429300292151e+23,0.0,0.0,0.0,0.0,0.0,0.0,0.0,0.0,0,0,0,0.0,0.0,0.0,0.0,0.0,0.0,0.0,0.0,0.0,0.0,0.0,0.0,0.0,0.0,0.0,0.0,0,-107875648.0,63,0.0,126,2.7184242562605685e+23,-0.0,ERR,ERR,ERR,ERR,ERR,ERR,ERR,ERR,ERR,ERR,ERR,ERR,ERR,ERR,ERR,ERR,ERR,ERR,ERR,ERR,ERR,ERR,ERR,ERR,ERR,ERR,ERR,ERR,ERR,ERR,ERR,ERR,ERR,ERR,ERR,ERR,ERR,ERR,ERR,ERR,ERR,ERR,ERR,ERR,ERR,ERR,ERR,ERR,ERR,ERR,ERR,ERR,ERR,ERR,ERR,ERR,ERR,ERR,ERR,ERR,ERR,ERR,ERR,ERR,ERR,ERR,ERR,34.0,80.0,35,0.0,0.0,0.0,0.0,0.0,0.0,0.0,0.0,0.0,0.0,0.0,0.0,0.0,0.0,0.0,0.0,64.4,0,116,56,50,65476,0,300,0,0,8,20529,65476,0,0,57672,80.0,0.0,0.0,0.0,0.0,0.0
2026-06-17T04:22:49,ERR,ERR,ERR,ERR,ERR,ERR,ERR,ERR,ERR,ERR,ERR,ERR,ERR,ERR,ERR,ERR,ERR,ERR,ERR,ERR,ERR,ERR,ERR,ERR,ERR,ERR,ERR,ERR,ERR,ERR,ERR,ERR,ERR,ERR,ERR,ERR,ERR,ERR,ERR,ERR,ERR,ERR,ERR,ERR,ERR,ERR,ERR,ERR,ERR,ERR,ERR,ERR,ERR,ERR,ERR,ERR,ERR,ERR,ERR,ERR,ERR,ERR,ERR,ERR,ERR,ERR,ERR,ERR,ERR,ERR,ERR,ERR,ERR,ERR,ERR,ERR,ERR,ERR,ERR,ERR,ERR,ERR,ERR,ERR,ERR,ERR,ERR,ERR,ERR,ERR,ERR,ERR,ERR,ERR,ERR,ERR,ERR,ERR,ERR,ERR,ERR,ERR,ERR,ERR,ERR,ERR,ERR,ERR,ERR,ERR,ERR,ERR,ERR,ERR,ERR,ERR,ERR,ERR,ERR,ERR,ERR,ERR,ERR,ERR,ERR,0.0,0.0,0.0,0.0,0.0,1.3936040501711995e+18,7.805,0.0,0,0,4,0,7300,-0.0,0,0.0,0.0,0.0,0.0,0.0,0,0,0,0,0.0,0,0,0,0,0,0,0,0,0,0,0,0,0,0,0,0,0,0,0,0,0,0,0,0,0,0,0,0,0,0,0,0,0,32,30,30,62,65476,0,300,0,0,8,21553,0.0,-107605600.0,0.0,0.0,0.0,0.0,0.0,0.0,0.0,0.0,0.0,0.0,0.0,0.0,0.0,0.0,0.0,0.0,0.0,0.0,0.0,0.0,2.004,2.004,-0.0,-2.004,0.0,0.0,0.0,0.0,5384.0,-2.4229913632967957e+24,6973.0,0.0,0.0,-107615280.0,-0.0,0.0,0.0,0.0,0.0,63,2.718429300292151e+23,0.0,0.0,0.0,0.0,0.0,0.0,0.0,0.0,0,0,0,0.0,0.0,0.0,0.0,0.0,0.0,0.0,0.0,0.0,0.0,0.0,0.0,0.0,0.0,0.0,0.0,0,-107875648.0,63,0.0,126,2.7184242562605685e+23,-0.0,ERR,ERR,ERR,ERR,ERR,ERR,ERR,ERR,ERR,ERR,ERR,ERR,ERR,ERR,ERR,ERR,ERR,ERR,ERR,ERR,ERR,ERR,ERR,ERR,ERR,ERR,ERR,ERR,ERR,ERR,ERR,ERR,ERR,ERR,ERR,ERR,ERR,ERR,ERR,ERR,ERR,ERR,ERR,ERR,ERR,ERR,ERR,ERR,ERR,ERR,ERR,ERR,ERR,ERR,ERR,ERR,ERR,ERR,ERR,ERR,ERR,ERR,ERR,ERR,ERR,ERR,ERR,34.0,80.0,35,0.0,0.0,0.0,0.0,0.0,0.0,0.0,0.0,0.0,0.0,0.0,0.0,0.0,0.0,0.0,0.0,64.4,0,116,56,50,65476,0,300,0,0,8,20529,65476,0,0,57672,80.0,0.0,0.0,0.0,0.0,0.0
2026-06-17T04:22:50,ERR,ERR,ERR,ERR,ERR,ERR,ERR,ERR,ERR,ERR,ERR,ERR,ERR,ERR,ERR,ERR,ERR,ERR,ERR,ERR,ERR,ERR,ERR,ERR,ERR,ERR,ERR,ERR,ERR,ERR,ERR,ERR,ERR,ERR,ERR,ERR,ERR,ERR,ERR,ERR,ERR,ERR,ERR,ERR,ERR,ERR,ERR,ERR,ERR,ERR,ERR,ERR,ERR,ERR,ERR,ERR,ERR,ERR,ERR,ERR,ERR,ERR,ERR,ERR,ERR,ERR,ERR,ERR,ERR,ERR,ERR,ERR,ERR,ERR,ERR,ERR,ERR,ERR,ERR,ERR,ERR,ERR,ERR,ERR,ERR,ERR,ERR,ERR,ERR,ERR,ERR,ERR,ERR,ERR,ERR,ERR,ERR,ERR,ERR,ERR,ERR,ERR,ERR,ERR,ERR,ERR,ERR,ERR,ERR,ERR,ERR,ERR,ERR,ERR,ERR,ERR,ERR,ERR,ERR,ERR,ERR,ERR,ERR,ERR,ERR,0.0,0.0,0.0,0.0,0.0,1.3936040501711995e+18,7.805,0.0,0,0,4,0,7300,-0.0,0,0.0,0.0,0.0,0.0,0.0,0,0,0,0,0.0,0,0,0,0,0,0,0,0,0,0,0,0,0,0,0,0,0,0,0,0,0,0,0,0,0,0,0,0,0,0,0,0,0,32,30,30,62,65476,0,300,0,0,8,21553,0.0,-107605600.0,0.0,0.0,0.0,0.0,0.0,0.0,0.0,0.0,0.0,0.0,0.0,0.0,0.0,0.0,0.0,0.0,0.0,0.0,0.0,0.0,2.004,2.004,-0.0,-2.004,0.0,0.0,0.0,0.0,5384.0,-3.697191411280511e+19,6972.0,0.0,0.0,-107615280.0,-0.0,0.0,0.0,0.0,0.0,63,2.718429300292151e+23,0.0,0.0,0.0,0.0,0.0,0.0,0.0,0.0,0,0,0,0.0,0.0,0.0,0.0,0.0,0.0,0.0,0.0,0.0,0.0,0.0,0.0,0.0,0.0,0.0,0.0,0,-107875648.0,63,0.0,126,2.7184242562605685e+23,-0.0,ERR,ERR,ERR,ERR,ERR,ERR,ERR,ERR,ERR,ERR,ERR,ERR,ERR,ERR,ERR,ERR,ERR,ERR,ERR,ERR,ERR,ERR,ERR,ERR,ERR,ERR,ERR,ERR,ERR,ERR,ERR,ERR,ERR,ERR,ERR,ERR,ERR,ERR,ERR,ERR,ERR,ERR,ERR,ERR,ERR,ERR,ERR,ERR,ERR,ERR,ERR,ERR,ERR,ERR,ERR,ERR,ERR,ERR,ERR,ERR,ERR,ERR,ERR,ERR,ERR,ERR,ERR,34.0,80.0,35,0.0,0.0,0.0,0.0,0.0,0.0,0.0,0.0,0.0,0.0,0.0,0.0,0.0,0.0,0.0,0.0,64.8,0,116,56,50,65476,0,300,0,0,8,20529,65476,0,0,57672,80.0,0.0,0.0,0.0,0.0,0.0
2026-06-17T04:22:51,ERR,ERR,ERR,ERR,ERR,ERR,ERR,ERR,ERR,ERR,ERR,ERR,ERR,ERR,ERR,ERR,ERR,ERR,ERR,ERR,ERR,ERR,ERR,ERR,ERR,ERR,ERR,ERR,ERR,ERR,ERR,ERR,ERR,ERR,ERR,ERR,ERR,ERR,ERR,ERR,ERR,ERR,ERR,ERR,ERR,ERR,ERR,ERR,ERR,ERR,ERR,ERR,ERR,ERR,ERR,ERR,ERR,ERR,ERR,ERR,ERR,ERR,ERR,ERR,ERR,ERR,ERR,ERR,ERR,ERR,ERR,ERR,ERR,ERR,ERR,ERR,ERR,ERR,ERR,ERR,ERR,ERR,ERR,ERR,ERR,ERR,ERR,ERR,ERR,ERR,ERR,ERR,ERR,ERR,ERR,ERR,ERR,ERR,ERR,ERR,ERR,ERR,ERR,ERR,ERR,ERR,ERR,ERR,ERR,ERR,ERR,ERR,ERR,ERR,ERR,ERR,ERR,ERR,ERR,ERR,ERR,ERR,ERR,ERR,ERR,0.0,0.0,0.0,0.0,0.0,1.3936040501711995e+18,7.805,0.0,0,0,4,0,7300,-0.0,0,0.0,0.0,0.0,0.0,0.0,0,0,0,0,0.0,0,0,0,0,0,0,0,0,0,0,0,0,0,0,0,0,0,0,0,0,0,0,0,0,0,0,0,0,0,0,0,0,0,32,30,30,62,65476,0,300,0,0,8,21553,0.0,-107605600.0,0.0,0.0,0.0,0.0,0.0,0.0,0.0,0.0,0.0,0.0,0.0,0.0,0.0,0.0,0.0,0.0,0.0,0.0,0.0,0.0,2.004,2.004,-0.0,-2.004,0.0,0.0,0.0,0.0,5384.0,-3.697191411280511e+19,6972.0,0.0,0.0,-107615280.0,-0.0,0.0,0.0,0.0,0.0,63,2.718429300292151e+23,0.0,0.0,0.0,0.0,0.0,0.0,0.0,0.0,0,0,0,0.0,0.0,0.0,0.0,0.0,0.0,0.0,0.0,0.0,0.0,0.0,0.0,0.0,0.0,0.0,0.0,0,-107875648.0,63,0.0,126,2.7184242562605685e+23,-0.0,ERR,ERR,ERR,ERR,ERR,ERR,ERR,ERR,ERR,ERR,ERR,ERR,ERR,ERR,ERR,ERR,ERR,ERR,ERR,ERR,ERR,ERR,ERR,ERR,ERR,ERR,ERR,ERR,ERR,ERR,ERR,ERR,ERR,ERR,ERR,ERR,ERR,ERR,ERR,ERR,ERR,ERR,ERR,ERR,ERR,ERR,ERR,ERR,ERR,ERR,ERR,ERR,ERR,ERR,ERR,ERR,ERR,ERR,ERR,ERR,ERR,ERR,ERR,ERR,ERR,ERR,ERR,34.0,80.0,35,0.0,0.0,0.0,0.0,0.0,0.0,0.0,0.0,0.0,0.0,0.0,0.0,0.0,0.0,0.0,0.0,64.4,0,116,56,50,65476,0,300,0,0,8,20529,65476,0,0,57672,80.0,0.0,0.0,0.0,0.0,0.0
2026-06-17T04:22:52,ERR,ERR,ERR,ERR,ERR,ERR,ERR,ERR,ERR,ERR,ERR,ERR,ERR,ERR,ERR,ERR,ERR,ERR,ERR,ERR,ERR,ERR,ERR,ERR,ERR,ERR,ERR,ERR,ERR,ERR,ERR,ERR,ERR,ERR,ERR,ERR,ERR,ERR,ERR,ERR,ERR,ERR,ERR,ERR,ERR,ERR,ERR,ERR,ERR,ERR,ERR,ERR,ERR,ERR,ERR,ERR,ERR,ERR,ERR,ERR,ERR,ERR,ERR,ERR,ERR,ERR,ERR,ERR,ERR,ERR,ERR,ERR,ERR,ERR,ERR,ERR,ERR,ERR,ERR,ERR,ERR,ERR,ERR,ERR,ERR,ERR,ERR,ERR,ERR,ERR,ERR,ERR,ERR,ERR,ERR,ERR,ERR,ERR,ERR,ERR,ERR,ERR,ERR,ERR,ERR,ERR,ERR,ERR,ERR,ERR,ERR,ERR,ERR,ERR,ERR,ERR,ERR,ERR,ERR,ERR,ERR,ERR,ERR,ERR,ERR,0.0,0.0,0.0,0.0,0.0,1.3936040501711995e+18,7.805,0.0,0,0,4,0,7300,-0.0,0,0.0,0.0,0.0,0.0,0.0,0,0,0,0,0.0,0,0,0,0,0,0,0,0,0,0,0,0,0,0,0,0,0,0,0,0,0,0,0,0,0,0,0,0,0,0,0,0,0,32,30,30,62,65476,0,300,0,0,8,21553,0.0,-107605600.0,0.0,0.0,0.0,0.0,0.0,0.0,0.0,0.0,0.0,0.0,0.0,0.0,0.0,0.0,0.0,0.0,0.0,0.0,0.0,0.0,2.004,2.004,-0.0,-2.004,0.0,0.0,0.0,0.0,5384.0,-3.697191411280511e+19,6972.0,0.0,0.0,-107615280.0,-0.0,0.0,0.0,0.0,0.0,63,2.718429300292151e+23,0.0,0.0,0.0,0.0,0.0,0.0,0.0,0.0,0,0,0,0.0,0.0,0.0,0.0,0.0,0.0,0.0,0.0,0.0,0.0,0.0,0.0,0.0,0.0,0.0,0.0,0,-107875648.0,63,0.0,126,2.7184242562605685e+23,-0.0,ERR,ERR,ERR,ERR,ERR,ERR,ERR,ERR,ERR,ERR,ERR,ERR,ERR,ERR,ERR,ERR,ERR,ERR,ERR,ERR,ERR,ERR,ERR,ERR,ERR,ERR,ERR,ERR,ERR,ERR,ERR,ERR,ERR,ERR,ERR,ERR,ERR,ERR,ERR,ERR,ERR,ERR,ERR,ERR,ERR,ERR,ERR,ERR,ERR,ERR,ERR,ERR,ERR,ERR,ERR,ERR,ERR,ERR,ERR,ERR,ERR,ERR,ERR,ERR,ERR,ERR,ERR,34.0,80.0,35,0.0,0.0,0.0,0.0,0.0,0.0,0.0,0.0,0.0,0.0,0.0,0.0,0.0,0.0,0.0,0.0,64.4,0,116,56,50,65476,0,300,0,0,8,20529,65476,0,0,57672,80.0,0.0,0.0,0.0,0.0,0.0
2026-06-17T04:22:53,ERR,ERR,ERR,ERR,ERR,ERR,ERR,ERR,ERR,ERR,ERR,ERR,ERR,ERR,ERR,ERR,ERR,ERR,ERR,ERR,ERR,ERR,ERR,ERR,ERR,ERR,ERR,ERR,ERR,ERR,ERR,ERR,ERR,ERR,ERR,ERR,ERR,ERR,ERR,ERR,ERR,ERR,ERR,ERR,ERR,ERR,ERR,ERR,ERR,ERR,ERR,ERR,ERR,ERR,ERR,ERR,ERR,ERR,ERR,ERR,ERR,ERR,ERR,ERR,ERR,ERR,ERR,ERR,ERR,ERR,ERR,ERR,ERR,ERR,ERR,ERR,ERR,ERR,ERR,ERR,ERR,ERR,ERR,ERR,ERR,ERR,ERR,ERR,ERR,ERR,ERR,ERR,ERR,ERR,ERR,ERR,ERR,ERR,ERR,ERR,ERR,ERR,ERR,ERR,ERR,ERR,ERR,ERR,ERR,ERR,ERR,ERR,ERR,ERR,ERR,ERR,ERR,ERR,ERR,ERR,ERR,ERR,ERR,ERR,ERR,0.0,0.0,0.0,0.0,0.0,1.3936040501711995e+18,7.805,0.0,0,0,4,0,7300,-0.0,0,0.0,0.0,0.0,0.0,0.0,0,0,0,0,0.0,0,0,0,0,0,0,0,0,0,0,0,0,0,0,0,0,0,0,0,0,0,0,0,0,0,0,0,0,0,0,0,0,0,32,30,30,62,65476,0,300,0,0,8,21553,0.0,-107605600.0,0.0,0.0,0.0,0.0,0.0,0.0,0.0,0.0,0.0,0.0,0.0,0.0,0.0,0.0,0.0,0.0,0.0,0.0,0.0,0.0,2.004,2.004,-0.0,-2.004,0.0,0.0,0.0,0.0,5384.0,-3.697191411280511e+19,6972.0,0.0,0.0,-107615280.0,-0.0,0.0,0.0,0.0,0.0,63,2.718429300292151e+23,0.0,0.0,0.0,0.0,0.0,0.0,0.0,0.0,0,0,0,0.0,0.0,0.0,0.0,0.0,0.0,0.0,0.0,0.0,0.0,0.0,0.0,0.0,0.0,0.0,0.0,0,-107875648.0,63,0.0,126,2.7184242562605685e+23,-0.0,ERR,ERR,ERR,ERR,ERR,ERR,ERR,ERR,ERR,ERR,ERR,ERR,ERR,ERR,ERR,ERR,ERR,ERR,ERR,ERR,ERR,ERR,ERR,ERR,ERR,ERR,ERR,ERR,ERR,ERR,ERR,ERR,ERR,ERR,ERR,ERR,ERR,ERR,ERR,ERR,ERR,ERR,ERR,ERR,ERR,ERR,ERR,ERR,ERR,ERR,ERR,ERR,ERR,ERR,ERR,ERR,ERR,ERR,ERR,ERR,ERR,ERR,ERR,ERR,ERR,ERR,ERR,34.0,80.0,35,0.0,0.0,0.0,0.0,0.0,0.0,0.0,0.0,0.0,0.0,0.0,0.0,0.0,0.0,0.0,0.0,64.8,0,116,56,50,65476,0,300,0,0,8,20529,65476,0,0,57672,80.0,0.0,0.0,0.0,0.0,0.0
2026-06-17T04:22:54,ERR,ERR,ERR,ERR,ERR,ERR,ERR,ERR,ERR,ERR,ERR,ERR,ERR,ERR,ERR,ERR,ERR,ERR,ERR,ERR,ERR,ERR,ERR,ERR,ERR,ERR,ERR,ERR,ERR,ERR,ERR,ERR,ERR,ERR,ERR,ERR,ERR,ERR,ERR,ERR,ERR,ERR,ERR,ERR,ERR,ERR,ERR,ERR,ERR,ERR,ERR,ERR,ERR,ERR,ERR,ERR,ERR,ERR,ERR,ERR,ERR,ERR,ERR,ERR,ERR,ERR,ERR,ERR,ERR,ERR,ERR,ERR,ERR,ERR,ERR,ERR,ERR,ERR,ERR,ERR,ERR,ERR,ERR,ERR,ERR,ERR,ERR,ERR,ERR,ERR,ERR,ERR,ERR,ERR,ERR,ERR,ERR,ERR,ERR,ERR,ERR,ERR,ERR,ERR,ERR,ERR,ERR,ERR,ERR,ERR,ERR,ERR,ERR,ERR,ERR,ERR,ERR,ERR,ERR,ERR,ERR,ERR,ERR,ERR,ERR,0.0,0.0,0.0,0.0,0.0,1.3936040501711995e+18,7.805,0.0,0,0,4,0,7300,-0.0,0,0.0,0.0,0.0,0.0,0.0,0,0,0,0,0.0,0,0,0,0,0,0,0,0,0,0,0,0,0,0,0,0,0,0,0,0,0,0,0,0,0,0,0,0,0,0,0,0,0,32,30,30,62,65476,0,300,0,0,8,21553,0.0,-107605600.0,0.0,0.0,0.0,0.0,0.0,0.0,0.0,0.0,0.0,0.0,0.0,0.0,0.0,0.0,0.0,0.0,0.0,0.0,0.0,0.0,2.004,2.004,-0.0,-2.004,0.0,0.0,0.0,0.0,5384.0,-3.697191411280511e+19,6972.0,0.0,0.0,-107615280.0,-0.0,0.0,0.0,0.0,0.0,63,2.718429300292151e+23,0.0,0.0,0.0,0.0,0.0,0.0,0.0,0.0,0,0,0,0.0,0.0,0.0,0.0,0.0,0.0,0.0,0.0,0.0,0.0,0.0,0.0,0.0,0.0,0.0,0.0,0,-107875648.0,63,0.0,126,2.7184242562605685e+23,-0.0,ERR,ERR,ERR,ERR,ERR,ERR,ERR,ERR,ERR,ERR,ERR,ERR,ERR,ERR,ERR,ERR,ERR,ERR,ERR,ERR,ERR,ERR,ERR,ERR,ERR,ERR,ERR,ERR,ERR,ERR,ERR,ERR,ERR,ERR,ERR,ERR,ERR,ERR,ERR,ERR,ERR,ERR,ERR,ERR,ERR,ERR,ERR,ERR,ERR,ERR,ERR,ERR,ERR,ERR,ERR,ERR,ERR,ERR,ERR,ERR,ERR,ERR,ERR,ERR,ERR,ERR,ERR,34.0,80.0,35,0.0,0.0,0.0,0.0,0.0,0.0,0.0,0.0,0.0,0.0,0.0,0.0,0.0,0.0,0.0,0.0,64.8,0,116,56,50,65476,0,300,0,0,8,20529,65476,0,0,57672,80.0,0.0,0.0,0.0,0.0,0.0
2026-06-17T04:22:55,ERR,ERR,ERR,ERR,ERR,ERR,ERR,ERR,ERR,ERR,ERR,ERR,ERR,ERR,ERR,ERR,ERR,ERR,ERR,ERR,ERR,ERR,ERR,ERR,ERR,ERR,ERR,ERR,ERR,ERR,ERR,ERR,ERR,ERR,ERR,ERR,ERR,ERR,ERR,ERR,ERR,ERR,ERR,ERR,ERR,ERR,ERR,ERR,ERR,ERR,ERR,ERR,ERR,ERR,ERR,ERR,ERR,ERR,ERR,ERR,ERR,ERR,ERR,ERR,ERR,ERR,ERR,ERR,ERR,ERR,ERR,ERR,ERR,ERR,ERR,ERR,ERR,ERR,ERR,ERR,ERR,ERR,ERR,ERR,ERR,ERR,ERR,ERR,ERR,ERR,ERR,ERR,ERR,ERR,ERR,ERR,ERR,ERR,ERR,ERR,ERR,ERR,ERR,ERR,ERR,ERR,ERR,ERR,ERR,ERR,ERR,ERR,ERR,ERR,ERR,ERR,ERR,ERR,ERR,ERR,ERR,ERR,ERR,ERR,ERR,0.0,0.0,0.0,0.0,0.0,1.3936040501711995e+18,7.805,0.0,0,0,4,0,7300,-0.0,0,0.0,0.0,0.0,0.0,0.0,0,0,0,0,0.0,0,0,0,0,0,0,0,0,0,0,0,0,0,0,0,0,0,0,0,0,0,0,0,0,0,0,0,0,0,0,0,0,0,32,30,30,62,65476,0,300,0,0,8,21553,0.0,-107605600.0,0.0,0.0,0.0,0.0,0.0,0.0,0.0,0.0,0.0,0.0,0.0,0.0,0.0,0.0,0.0,0.0,0.0,0.0,0.0,0.0,2.004,2.004,-0.0,-2.004,0.0,0.0,0.0,0.0,5384.0,-3.697191411280511e+19,6972.0,0.0,0.0,-107615280.0,-0.0,0.0,0.0,0.0,0.0,63,2.718429300292151e+23,0.0,0.0,0.0,0.0,0.0,0.0,0.0,0.0,0,0,0,0.0,0.0,0.0,0.0,0.0,0.0,0.0,0.0,0.0,0.0,0.0,0.0,0.0,0.0,0.0,0.0,0,-107875648.0,63,0.0,126,2.7184242562605685e+23,-0.0,ERR,ERR,ERR,ERR,ERR,ERR,ERR,ERR,ERR,ERR,ERR,ERR,ERR,ERR,ERR,ERR,ERR,ERR,ERR,ERR,ERR,ERR,ERR,ERR,ERR,ERR,ERR,ERR,ERR,ERR,ERR,ERR,ERR,ERR,ERR,ERR,ERR,ERR,ERR,ERR,ERR,ERR,ERR,ERR,ERR,ERR,ERR,ERR,ERR,ERR,ERR,ERR,ERR,ERR,ERR,ERR,ERR,ERR,ERR,ERR,ERR,ERR,ERR,ERR,ERR,ERR,ERR,34.0,80.0,35,0.0,0.0,0.0,0.0,0.0,0.0,0.0,0.0,0.0,0.0,0.0,0.0,0.0,0.0,0.0,0.0,64.4,0,116,56,50,65476,0,300,0,0,8,20529,65476,0,0,57672,80.0,0.0,0.0,0.0,0.0,0.0
2026-06-17T04:22:56,ERR,ERR,ERR,ERR,ERR,ERR,ERR,ERR,ERR,ERR,ERR,ERR,ERR,ERR,ERR,ERR,ERR,ERR,ERR,ERR,ERR,ERR,ERR,ERR,ERR,ERR,ERR,ERR,ERR,ERR,ERR,ERR,ERR,ERR,ERR,ERR,ERR,ERR,ERR,ERR,ERR,ERR,ERR,ERR,ERR,ERR,ERR,ERR,ERR,ERR,ERR,ERR,ERR,ERR,ERR,ERR,ERR,ERR,ERR,ERR,ERR,ERR,ERR,ERR,ERR,ERR,ERR,ERR,ERR,ERR,ERR,ERR,ERR,ERR,ERR,ERR,ERR,ERR,ERR,ERR,ERR,ERR,ERR,ERR,ERR,ERR,ERR,ERR,ERR,ERR,ERR,ERR,ERR,ERR,ERR,ERR,ERR,ERR,ERR,ERR,ERR,ERR,ERR,ERR,ERR,ERR,ERR,ERR,ERR,ERR,ERR,ERR,ERR,ERR,ERR,ERR,ERR,ERR,ERR,ERR,ERR,ERR,ERR,ERR,ERR,0.0,0.0,0.0,0.0,0.0,1.3936040501711995e+18,7.805,0.0,0,0,4,0,7300,-0.0,0,0.0,0.0,0.0,0.0,0.0,0,0,0,0,0.0,0,0,0,0,0,0,0,0,0,0,0,0,0,0,0,0,0,0,0,0,0,0,0,0,0,0,0,0,0,0,0,0,0,32,30,30,62,65476,0,300,0,0,8,21553,0.0,-107605600.0,0.0,0.0,0.0,0.0,0.0,0.0,0.0,0.0,0.0,0.0,0.0,0.0,0.0,0.0,0.0,0.0,0.0,0.0,0.0,0.0,2.004,2.004,-0.0,-2.004,0.0,0.0,0.0,0.0,5384.0,-131350.625,6969.0,0.0,0.0,-107615280.0,-0.0,0.0,0.0,0.0,0.0,63,2.718429300292151e+23,0.0,0.0,0.0,0.0,0.0,0.0,0.0,0.0,0,0,0,0.0,0.0,0.0,0.0,0.0,0.0,0.0,0.0,0.0,0.0,0.0,0.0,0.0,0.0,0.0,0.0,0,-107875648.0,63,0.0,126,2.7184242562605685e+23,-0.0,ERR,ERR,ERR,ERR,ERR,ERR,ERR,ERR,ERR,ERR,ERR,ERR,ERR,ERR,ERR,ERR,ERR,ERR,ERR,ERR,ERR,ERR,ERR,ERR,ERR,ERR,ERR,ERR,ERR,ERR,ERR,ERR,ERR,ERR,ERR,ERR,ERR,ERR,ERR,ERR,ERR,ERR,ERR,ERR,ERR,ERR,ERR,ERR,ERR,ERR,ERR,ERR,ERR,ERR,ERR,ERR,ERR,ERR,ERR,ERR,ERR,ERR,ERR,ERR,ERR,ERR,ERR,34.0,80.0,35,0.0,0.0,0.0,0.0,0.0,0.0,0.0,0.0,0.0,0.0,0.0,0.0,0.0,0.0,0.0,0.0,64.4,0,116,56,50,65476,0,300,0,0,8,20529,65476,0,0,57672,80.0,0.0,0.0,0.0,0.0,0.0
2026-06-17T04:22:57,ERR,ERR,ERR,ERR,ERR,ERR,ERR,ERR,ERR,ERR,ERR,ERR,ERR,ERR,ERR,ERR,ERR,ERR,ERR,ERR,ERR,ERR,ERR,ERR,ERR,ERR,ERR,ERR,ERR,ERR,ERR,ERR,ERR,ERR,ERR,ERR,ERR,ERR,ERR,ERR,ERR,ERR,ERR,ERR,ERR,ERR,ERR,ERR,ERR,ERR,ERR,ERR,ERR,ERR,ERR,ERR,ERR,ERR,ERR,ERR,ERR,ERR,ERR,ERR,ERR,ERR,ERR,ERR,ERR,ERR,ERR,ERR,ERR,ERR,ERR,ERR,ERR,ERR,ERR,ERR,ERR,ERR,ERR,ERR,ERR,ERR,ERR,ERR,ERR,ERR,ERR,ERR,ERR,ERR,ERR,ERR,ERR,ERR,ERR,ERR,ERR,ERR,ERR,ERR,ERR,ERR,ERR,ERR,ERR,ERR,ERR,ERR,ERR,ERR,ERR,ERR,ERR,ERR,ERR,ERR,ERR,ERR,ERR,ERR,ERR,0.0,0.0,0.0,0.0,0.0,1.3936040501711995e+18,7.805,0.0,0,0,4,0,7300,-0.0,0,0.0,0.0,0.0,0.0,0.0,0,0,0,0,0.0,0,0,0,0,0,0,0,0,0,0,0,0,0,0,0,0,0,0,0,0,0,0,0,0,0,0,0,0,0,0,0,0,0,32,30,30,62,65476,0,300,0,0,8,21553,0.0,-107605600.0,0.0,0.0,0.0,0.0,0.0,0.0,0.0,0.0,0.0,0.0,0.0,0.0,0.0,0.0,0.0,0.0,0.0,0.0,0.0,0.0,2.004,2.004,-0.0,-2.004,0.0,0.0,0.0,0.0,5384.0,-131350.625,6969.0,0.0,0.0,-107615280.0,-0.0,0.0,0.0,0.0,0.0,63,2.718429300292151e+23,0.0,0.0,0.0,0.0,0.0,0.0,0.0,0.0,0,0,0,0.0,0.0,0.0,0.0,0.0,0.0,0.0,0.0,0.0,0.0,0.0,0.0,0.0,0.0,0.0,0.0,0,-107875648.0,63,0.0,126,2.7184242562605685e+23,-0.0,ERR,ERR,ERR,ERR,ERR,ERR,ERR,ERR,ERR,ERR,ERR,ERR,ERR,ERR,ERR,ERR,ERR,ERR,ERR,ERR,ERR,ERR,ERR,ERR,ERR,ERR,ERR,ERR,ERR,ERR,ERR,ERR,ERR,ERR,ERR,ERR,ERR,ERR,ERR,ERR,ERR,ERR,ERR,ERR,ERR,ERR,ERR,ERR,ERR,ERR,ERR,ERR,ERR,ERR,ERR,ERR,ERR,ERR,ERR,ERR,ERR,ERR,ERR,ERR,ERR,ERR,ERR,34.0,80.0,35,0.0,0.0,0.0,0.0,0.0,0.0,0.0,0.0,0.0,0.0,0.0,0.0,0.0,0.0,0.0,0.0,64.4,0,116,56,50,65476,0,300,0,0,8,20529,65476,0,0,57672,80.0,0.0,0.0,0.0,0.0,0.0
2026-06-17T04:22:58,ERR,ERR,ERR,ERR,ERR,ERR,ERR,ERR,ERR,ERR,ERR,ERR,ERR,ERR,ERR,ERR,ERR,ERR,ERR,ERR,ERR,ERR,ERR,ERR,ERR,ERR,ERR,ERR,ERR,ERR,ERR,ERR,ERR,ERR,ERR,ERR,ERR,ERR,ERR,ERR,ERR,ERR,ERR,ERR,ERR,ERR,ERR,ERR,ERR,ERR,ERR,ERR,ERR,ERR,ERR,ERR,ERR,ERR,ERR,ERR,ERR,ERR,ERR,ERR,ERR,ERR,ERR,ERR,ERR,ERR,ERR,ERR,ERR,ERR,ERR,ERR,ERR,ERR,ERR,ERR,ERR,ERR,ERR,ERR,ERR,ERR,ERR,ERR,ERR,ERR,ERR,ERR,ERR,ERR,ERR,ERR,ERR,ERR,ERR,ERR,ERR,ERR,ERR,ERR,ERR,ERR,ERR,ERR,ERR,ERR,ERR,ERR,ERR,ERR,ERR,ERR,ERR,ERR,ERR,ERR,ERR,ERR,ERR,ERR,ERR,0.0,0.0,0.0,0.0,0.0,1.3936040501711995e+18,7.805,0.0,0,0,4,0,7300,-0.0,0,0.0,0.0,0.0,0.0,0.0,0,0,0,0,0.0,0,0,0,0,0,0,0,0,0,0,0,0,0,0,0,0,0,0,0,0,0,0,0,0,0,0,0,0,0,0,0,0,0,32,30,30,62,65476,0,300,0,0,8,21553,0.0,-107605600.0,0.0,0.0,0.0,0.0,0.0,0.0,0.0,0.0,0.0,0.0,0.0,0.0,0.0,0.0,0.0,0.0,0.0,0.0,0.0,0.0,2.004,2.004,-0.0,-2.004,0.0,0.0,0.0,0.0,5384.0,-131350.625,6969.0,0.0,0.0,-107615280.0,-0.0,0.0,0.0,0.0,0.0,63,2.718429300292151e+23,0.0,0.0,0.0,0.0,0.0,0.0,0.0,0.0,0,0,0,0.0,0.0,0.0,0.0,0.0,0.0,0.0,0.0,0.0,0.0,0.0,0.0,0.0,0.0,0.0,0.0,0,-107875648.0,63,0.0,126,2.7184242562605685e+23,-0.0,ERR,ERR,ERR,ERR,ERR,ERR,ERR,ERR,ERR,ERR,ERR,ERR,ERR,ERR,ERR,ERR,ERR,ERR,ERR,ERR,ERR,ERR,ERR,ERR,ERR,ERR,ERR,ERR,ERR,ERR,ERR,ERR,ERR,ERR,ERR,ERR,ERR,ERR,ERR,ERR,ERR,ERR,ERR,ERR,ERR,ERR,ERR,ERR,ERR,ERR,ERR,ERR,ERR,ERR,ERR,ERR,ERR,ERR,ERR,ERR,ERR,ERR,ERR,ERR,ERR,ERR,ERR,34.0,80.0,35,0.0,0.0,0.0,0.0,0.0,0.0,0.0,0.0,0.0,0.0,0.0,0.0,0.0,0.0,0.0,0.0,64.4,0,116,56,50,65476,0,300,0,0,8,20529,65476,0,0,57672,80.0,0.0,0.0,0.0,0.0,0.0
2026-06-17T04:22:59,ERR,ERR,ERR,ERR,ERR,ERR,ERR,ERR,ERR,ERR,ERR,ERR,ERR,ERR,ERR,ERR,ERR,ERR,ERR,ERR,ERR,ERR,ERR,ERR,ERR,ERR,ERR,ERR,ERR,ERR,ERR,ERR,ERR,ERR,ERR,ERR,ERR,ERR,ERR,ERR,ERR,ERR,ERR,ERR,ERR,ERR,ERR,ERR,ERR,ERR,ERR,ERR,ERR,ERR,ERR,ERR,ERR,ERR,ERR,ERR,ERR,ERR,ERR,ERR,ERR,ERR,ERR,ERR,ERR,ERR,ERR,ERR,ERR,ERR,ERR,ERR,ERR,ERR,ERR,ERR,ERR,ERR,ERR,ERR,ERR,ERR,ERR,ERR,ERR,ERR,ERR,ERR,ERR,ERR,ERR,ERR,ERR,ERR,ERR,ERR,ERR,ERR,ERR,ERR,ERR,ERR,ERR,ERR,ERR,ERR,ERR,ERR,ERR,ERR,ERR,ERR,ERR,ERR,ERR,ERR,ERR,ERR,ERR,ERR,ERR,0.0,0.0,0.0,0.0,0.0,1.3936040501711995e+18,7.805,0.0,0,0,4,0,7300,-0.0,0,0.0,0.0,0.0,0.0,0.0,0,0,0,0,0.0,0,0,0,0,0,0,0,0,0,0,0,0,0,0,0,0,0,0,0,0,0,0,0,0,0,0,0,0,0,0,0,0,0,32,30,30,62,65476,0,300,0,0,8,21553,0.0,-107605600.0,0.0,0.0,0.0,0.0,0.0,0.0,0.0,0.0,0.0,0.0,0.0,0.0,0.0,0.0,0.0,0.0,0.0,0.0,0.0,0.0,2.004,2.004,-0.0,-2.004,0.0,0.0,0.0,0.0,5384.0,-131350.625,6969.0,0.0,0.0,-107615280.0,-0.0,0.0,0.0,0.0,0.0,63,2.718429300292151e+23,0.0,0.0,0.0,0.0,0.0,0.0,0.0,0.0,0,0,0,0.0,0.0,0.0,0.0,0.0,0.0,0.0,0.0,0.0,0.0,0.0,0.0,0.0,0.0,0.0,0.0,0,-107875648.0,63,0.0,126,2.7184242562605685e+23,-0.0,ERR,ERR,ERR,ERR,ERR,ERR,ERR,ERR,ERR,ERR,ERR,ERR,ERR,ERR,ERR,ERR,ERR,ERR,ERR,ERR,ERR,ERR,ERR,ERR,ERR,ERR,ERR,ERR,ERR,ERR,ERR,ERR,ERR,ERR,ERR,ERR,ERR,ERR,ERR,ERR,ERR,ERR,ERR,ERR,ERR,ERR,ERR,ERR,ERR,ERR,ERR,ERR,ERR,ERR,ERR,ERR,ERR,ERR,ERR,ERR,ERR,ERR,ERR,ERR,ERR,ERR,ERR,34.0,80.0,35,0.0,0.0,0.0,0.0,0.0,0.0,0.0,0.0,0.0,0.0,0.0,0.0,0.0,0.0,0.0,0.0,64.4,0,116,56,50,65476,0,300,0,0,8,20529,65476,0,0,57672,80.0,0.0,0.0,0.0,0.0,0.0
2026-06-17T04:23:00,ERR,ERR,ERR,ERR,ERR,ERR,ERR,ERR,ERR,ERR,ERR,ERR,ERR,ERR,ERR,ERR,ERR,ERR,ERR,ERR,ERR,ERR,ERR,ERR,ERR,ERR,ERR,ERR,ERR,ERR,ERR,ERR,ERR,ERR,ERR,ERR,ERR,ERR,ERR,ERR,ERR,ERR,ERR,ERR,ERR,ERR,ERR,ERR,ERR,ERR,ERR,ERR,ERR,ERR,ERR,ERR,ERR,ERR,ERR,ERR,ERR,ERR,ERR,ERR,ERR,ERR,ERR,ERR,ERR,ERR,ERR,ERR,ERR,ERR,ERR,ERR,ERR,ERR,ERR,ERR,ERR,ERR,ERR,ERR,ERR,ERR,ERR,ERR,ERR,ERR,ERR,ERR,ERR,ERR,ERR,ERR,ERR,ERR,ERR,ERR,ERR,ERR,ERR,ERR,ERR,ERR,ERR,ERR,ERR,ERR,ERR,ERR,ERR,ERR,ERR,ERR,ERR,ERR,ERR,ERR,ERR,ERR,ERR,ERR,ERR,0.0,0.0,0.0,0.0,0.0,1.3936040501711995e+18,7.805,0.0,0,0,4,0,7300,-0.0,0,0.0,0.0,0.0,0.0,0.0,0,0,0,0,0.0,0,0,0,0,0,0,0,0,0,0,0,0,0,0,0,0,0,0,0,0,0,0,0,0,0,0,0,0,0,0,0,0,0,32,30,30,62,65476,0,300,0,0,8,21553,0.0,-107605600.0,0.0,0.0,0.0,0.0,0.0,0.0,0.0,0.0,0.0,0.0,0.0,0.0,0.0,0.0,0.0,0.0,0.0,0.0,0.0,0.0,2.004,2.004,-0.0,-2.004,0.0,0.0,0.0,0.0,5384.0,-131350.625,6969.0,0.0,0.0,-107615280.0,-0.0,0.0,0.0,0.0,0.0,63,2.718429300292151e+23,0.0,0.0,0.0,0.0,0.0,0.0,0.0,0.0,0,0,0,0.0,0.0,0.0,0.0,0.0,0.0,0.0,0.0,0.0,0.0,0.0,0.0,0.0,0.0,0.0,0.0,0,-107875648.0,63,0.0,126,2.7184242562605685e+23,-0.0,ERR,ERR,ERR,ERR,ERR,ERR,ERR,ERR,ERR,ERR,ERR,ERR,ERR,ERR,ERR,ERR,ERR,ERR,ERR,ERR,ERR,ERR,ERR,ERR,ERR,ERR,ERR,ERR,ERR,ERR,ERR,ERR,ERR,ERR,ERR,ERR,ERR,ERR,ERR,ERR,ERR,ERR,ERR,ERR,ERR,ERR,ERR,ERR,ERR,ERR,ERR,ERR,ERR,ERR,ERR,ERR,ERR,ERR,ERR,ERR,ERR,ERR,ERR,ERR,ERR,ERR,ERR,34.0,80.0,35,0.0,0.0,0.0,0.0,0.0,0.0,0.0,0.0,0.0,0.0,0.0,0.0,0.0,0.0,0.0,0.0,64.4,0,116,56,50,65476,0,300,0,0,8,20529,65476,0,0,57672,80.0,0.0,0.0,0.0,0.0,0.0
2026-06-17T04:23:01,ERR,ERR,ERR,ERR,ERR,ERR,ERR,ERR,ERR,ERR,ERR,ERR,ERR,ERR,ERR,ERR,ERR,ERR,ERR,ERR,ERR,ERR,ERR,ERR,ERR,ERR,ERR,ERR,ERR,ERR,ERR,ERR,ERR,ERR,ERR,ERR,ERR,ERR,ERR,ERR,ERR,ERR,ERR,ERR,ERR,ERR,ERR,ERR,ERR,ERR,ERR,ERR,ERR,ERR,ERR,ERR,ERR,ERR,ERR,ERR,ERR,ERR,ERR,ERR,ERR,ERR,ERR,ERR,ERR,ERR,ERR,ERR,ERR,ERR,ERR,ERR,ERR,ERR,ERR,ERR,ERR,ERR,ERR,ERR,ERR,ERR,ERR,ERR,ERR,ERR,ERR,ERR,ERR,ERR,ERR,ERR,ERR,ERR,ERR,ERR,ERR,ERR,ERR,ERR,ERR,ERR,ERR,ERR,ERR,ERR,ERR,ERR,ERR,ERR,ERR,ERR,ERR,ERR,ERR,ERR,ERR,ERR,ERR,ERR,ERR,0.0,0.0,0.0,0.0,0.0,1.3936040501711995e+18,7.805,0.0,0,0,4,0,7300,-0.0,0,0.0,0.0,0.0,0.0,0.0,0,0,0,0,0.0,0,0,0,0,0,0,0,0,0,0,0,0,0,0,0,0,0,0,0,0,0,0,0,0,0,0,0,0,0,0,0,0,0,32,30,30,62,65476,0,300,0,0,8,21553,0.0,-107605600.0,0.0,0.0,0.0,0.0,0.0,0.0,0.0,0.0,0.0,0.0,0.0,0.0,0.0,0.0,0.0,0.0,0.0,0.0,0.0,0.0,2.004,2.004,-0.0,-2.004,0.0,0.0,0.0,0.0,5382.0,-0.0,6967.0,0.0,0.0,-107615280.0,-0.0,0.0,0.0,0.0,0.0,63,1.905697261480837e+17,-4.9504073207923395e+32,0.0,0.0,0.0,0.0,0.0,0.0,0.0,0,0,0,0.0,0.0,0.0,0.0,0.0,0.0,0.0,0.0,0.0,0.0,0.0,0.0,0.0,0.0,0.0,0.0,0,-107875648.0,63,0.0,126,2.7184242562605685e+23,-0.0,ERR,ERR,ERR,ERR,ERR,ERR,ERR,ERR,ERR,ERR,ERR,ERR,ERR,ERR,ERR,ERR,ERR,ERR,ERR,ERR,ERR,ERR,ERR,ERR,ERR,ERR,ERR,ERR,ERR,ERR,ERR,ERR,ERR,ERR,ERR,ERR,ERR,ERR,ERR,ERR,ERR,ERR,ERR,ERR,ERR,ERR,ERR,ERR,ERR,ERR,ERR,ERR,ERR,ERR,ERR,ERR,ERR,ERR,ERR,ERR,ERR,ERR,ERR,ERR,ERR,ERR,ERR,34.0,80.0,35,0.0,0.0,0.0,0.0,0.0,0.0,0.0,0.0,0.0,0.0,0.0,0.0,0.0,0.0,0.0,0.0,64.8,0,116,56,50,65476,0,300,0,0,8,20529,65476,0,0,57672,80.0,0.0,0.0,0.0,0.0,0.0
2026-06-17T04:23:02,ERR,ERR,ERR,ERR,ERR,ERR,ERR,ERR,ERR,ERR,ERR,ERR,ERR,ERR,ERR,ERR,ERR,ERR,ERR,ERR,ERR,ERR,ERR,ERR,ERR,ERR,ERR,ERR,ERR,ERR,ERR,ERR,ERR,ERR,ERR,ERR,ERR,ERR,ERR,ERR,ERR,ERR,ERR,ERR,ERR,ERR,ERR,ERR,ERR,ERR,ERR,ERR,ERR,ERR,ERR,ERR,ERR,ERR,ERR,ERR,ERR,ERR,ERR,ERR,ERR,ERR,ERR,ERR,ERR,ERR,ERR,ERR,ERR,ERR,ERR,ERR,ERR,ERR,ERR,ERR,ERR,ERR,ERR,ERR,ERR,ERR,ERR,ERR,ERR,ERR,ERR,ERR,ERR,ERR,ERR,ERR,ERR,ERR,ERR,ERR,ERR,ERR,ERR,ERR,ERR,ERR,ERR,ERR,ERR,ERR,ERR,ERR,ERR,ERR,ERR,ERR,ERR,ERR,ERR,ERR,ERR,ERR,ERR,ERR,ERR,0.0,0.0,0.0,0.0,0.0,1.3936040501711995e+18,7.805,0.0,0,0,4,0,7300,-0.0,0,0.0,0.0,0.0,0.0,0.0,0,0,0,0,0.0,0,0,0,0,0,0,0,0,0,0,0,0,0,0,0,0,0,0,0,0,0,0,0,0,0,0,0,0,0,0,0,0,0,32,30,30,62,65476,0,300,0,0,8,21553,0.0,-107605600.0,0.0,0.0,0.0,0.0,0.0,0.0,0.0,0.0,0.0,0.0,0.0,0.0,0.0,0.0,0.0,0.0,0.0,0.0,0.0,0.0,2.004,2.004,-0.0,-2.004,0.0,0.0,0.0,0.0,5382.0,-0.0,6967.0,0.0,0.0,-107615280.0,-0.0,0.0,0.0,0.0,0.0,63,1.905697261480837e+17,-4.9504073207923395e+32,0.0,0.0,0.0,0.0,0.0,0.0,0.0,0,0,0,0.0,0.0,0.0,0.0,0.0,0.0,0.0,0.0,0.0,0.0,0.0,0.0,0.0,0.0,0.0,0.0,0,-107875648.0,63,0.0,126,2.7184242562605685e+23,-0.0,ERR,ERR,ERR,ERR,ERR,ERR,ERR,ERR,ERR,ERR,ERR,ERR,ERR,ERR,ERR,ERR,ERR,ERR,ERR,ERR,ERR,ERR,ERR,ERR,ERR,ERR,ERR,ERR,ERR,ERR,ERR,ERR,ERR,ERR,ERR,ERR,ERR,ERR,ERR,ERR,ERR,ERR,ERR,ERR,ERR,ERR,ERR,ERR,ERR,ERR,ERR,ERR,ERR,ERR,ERR,ERR,ERR,ERR,ERR,ERR,ERR,ERR,ERR,ERR,ERR,ERR,ERR,34.0,80.0,35,0.0,0.0,0.0,0.0,0.0,0.0,0.0,0.0,0.0,0.0,0.0,0.0,0.0,0.0,0.0,0.0,64.4,0,116,56,50,65476,0,300,0,0,8,20529,65476,0,0,57672,80.0,0.0,0.0,0.0,0.0,0.0
2026-06-17T04:23:03,ERR,ERR,ERR,ERR,ERR,ERR,ERR,ERR,ERR,ERR,ERR,ERR,ERR,ERR,ERR,ERR,ERR,ERR,ERR,ERR,ERR,ERR,ERR,ERR,ERR,ERR,ERR,ERR,ERR,ERR,ERR,ERR,ERR,ERR,ERR,ERR,ERR,ERR,ERR,ERR,ERR,ERR,ERR,ERR,ERR,ERR,ERR,ERR,ERR,ERR,ERR,ERR,ERR,ERR,ERR,ERR,ERR,ERR,ERR,ERR,ERR,ERR,ERR,ERR,ERR,ERR,ERR,ERR,ERR,ERR,ERR,ERR,ERR,ERR,ERR,ERR,ERR,ERR,ERR,ERR,ERR,ERR,ERR,ERR,ERR,ERR,ERR,ERR,ERR,ERR,ERR,ERR,ERR,ERR,ERR,ERR,ERR,ERR,ERR,ERR,ERR,ERR,ERR,ERR,ERR,ERR,ERR,ERR,ERR,ERR,ERR,ERR,ERR,ERR,ERR,ERR,ERR,ERR,ERR,ERR,ERR,ERR,ERR,ERR,ERR,0.0,0.0,0.0,0.0,0.0,1.3936040501711995e+18,7.805,0.0,0,0,4,0,7300,-0.0,0,0.0,0.0,0.0,0.0,0.0,0,0,0,0,0.0,0,0,0,0,0,0,0,0,0,0,0,0,0,0,0,0,0,0,0,0,0,0,0,0,0,0,0,0,0,0,0,0,0,32,30,30,62,65476,0,300,0,0,8,21553,0.0,-107605600.0,0.0,0.0,0.0,0.0,0.0,0.0,0.0,0.0,0.0,0.0,0.0,0.0,0.0,0.0,0.0,0.0,0.0,0.0,0.0,0.0,2.004,2.004,-0.0,-2.004,0.0,0.0,0.0,0.0,5382.0,-0.0,6967.0,0.0,0.0,-107615280.0,-0.0,0.0,0.0,0.0,0.0,63,1.905697261480837e+17,-4.9504073207923395e+32,0.0,0.0,0.0,0.0,0.0,0.0,0.0,0,0,0,0.0,0.0,0.0,0.0,0.0,0.0,0.0,0.0,0.0,0.0,0.0,0.0,0.0,0.0,0.0,0.0,0,-107875648.0,63,0.0,126,2.7184242562605685e+23,-0.0,ERR,ERR,ERR,ERR,ERR,ERR,ERR,ERR,ERR,ERR,ERR,ERR,ERR,ERR,ERR,ERR,ERR,ERR,ERR,ERR,ERR,ERR,ERR,ERR,ERR,ERR,ERR,ERR,ERR,ERR,ERR,ERR,ERR,ERR,ERR,ERR,ERR,ERR,ERR,ERR,ERR,ERR,ERR,ERR,ERR,ERR,ERR,ERR,ERR,ERR,ERR,ERR,ERR,ERR,ERR,ERR,ERR,ERR,ERR,ERR,ERR,ERR,ERR,ERR,ERR,ERR,ERR,34.0,80.0,35,0.0,0.0,0.0,0.0,0.0,0.0,0.0,0.0,0.0,0.0,0.0,0.0,0.0,0.0,0.0,0.0,64.4,0,116,56,50,65476,0,300,0,0,8,20529,65476,0,0,57672,80.0,0.0,0.0,0.0,0.0,0.0
2026-06-17T04:23:04,ERR,ERR,ERR,ERR,ERR,ERR,ERR,ERR,ERR,ERR,ERR,ERR,ERR,ERR,ERR,ERR,ERR,ERR,ERR,ERR,ERR,ERR,ERR,ERR,ERR,ERR,ERR,ERR,ERR,ERR,ERR,ERR,ERR,ERR,ERR,ERR,ERR,ERR,ERR,ERR,ERR,ERR,ERR,ERR,ERR,ERR,ERR,ERR,ERR,ERR,ERR,ERR,ERR,ERR,ERR,ERR,ERR,ERR,ERR,ERR,ERR,ERR,ERR,ERR,ERR,ERR,ERR,ERR,ERR,ERR,ERR,ERR,ERR,ERR,ERR,ERR,ERR,ERR,ERR,ERR,ERR,ERR,ERR,ERR,ERR,ERR,ERR,ERR,ERR,ERR,ERR,ERR,ERR,ERR,ERR,ERR,ERR,ERR,ERR,ERR,ERR,ERR,ERR,ERR,ERR,ERR,ERR,ERR,ERR,ERR,ERR,ERR,ERR,ERR,ERR,ERR,ERR,ERR,ERR,ERR,ERR,ERR,ERR,ERR,ERR,0.0,0.0,0.0,0.0,0.0,1.3936040501711995e+18,7.805,0.0,0,0,4,0,7300,-0.0,0,0.0,0.0,0.0,0.0,0.0,0,0,0,0,0.0,0,0,0,0,0,0,0,0,0,0,0,0,0,0,0,0,0,0,0,0,0,0,0,0,0,0,0,0,0,0,0,0,0,32,30,30,62,65476,0,300,0,0,8,21553,0.0,-107605600.0,0.0,0.0,0.0,0.0,0.0,0.0,0.0,0.0,0.0,0.0,0.0,0.0,0.0,0.0,0.0,0.0,0.0,0.0,0.0,0.0,2.004,2.004,-0.0,-2.004,0.0,0.0,0.0,0.0,5382.0,-0.0,6967.0,0.0,0.0,-107615280.0,-0.0,0.0,0.0,0.0,0.0,63,1.905697261480837e+17,-4.9504073207923395e+32,0.0,0.0,0.0,0.0,0.0,0.0,0.0,0,0,0,0.0,0.0,0.0,0.0,0.0,0.0,0.0,0.0,0.0,0.0,0.0,0.0,0.0,0.0,0.0,0.0,0,-107875648.0,63,0.0,126,2.7184242562605685e+23,-0.0,ERR,ERR,ERR,ERR,ERR,ERR,ERR,ERR,ERR,ERR,ERR,ERR,ERR,ERR,ERR,ERR,ERR,ERR,ERR,ERR,ERR,ERR,ERR,ERR,ERR,ERR,ERR,ERR,ERR,ERR,ERR,ERR,ERR,ERR,ERR,ERR,ERR,ERR,ERR,ERR,ERR,ERR,ERR,ERR,ERR,ERR,ERR,ERR,ERR,ERR,ERR,ERR,ERR,ERR,ERR,ERR,ERR,ERR,ERR,ERR,ERR,ERR,ERR,ERR,ERR,ERR,ERR,34.0,80.0,35,0.0,0.0,0.0,0.0,0.0,0.0,0.0,0.0,0.0,0.0,0.0,0.0,0.0,0.0,0.0,0.0,64.8,0,116,56,50,65476,0,300,0,0,8,20529,65476,0,0,57672,80.0,0.0,0.0,0.0,0.0,0.0
2026-06-17T04:23:05,ERR,ERR,ERR,ERR,ERR,ERR,ERR,ERR,ERR,ERR,ERR,ERR,ERR,ERR,ERR,ERR,ERR,ERR,ERR,ERR,ERR,ERR,ERR,ERR,ERR,ERR,ERR,ERR,ERR,ERR,ERR,ERR,ERR,ERR,ERR,ERR,ERR,ERR,ERR,ERR,ERR,ERR,ERR,ERR,ERR,ERR,ERR,ERR,ERR,ERR,ERR,ERR,ERR,ERR,ERR,ERR,ERR,ERR,ERR,ERR,ERR,ERR,ERR,ERR,ERR,ERR,ERR,ERR,ERR,ERR,ERR,ERR,ERR,ERR,ERR,ERR,ERR,ERR,ERR,ERR,ERR,ERR,ERR,ERR,ERR,ERR,ERR,ERR,ERR,ERR,ERR,ERR,ERR,ERR,ERR,ERR,ERR,ERR,ERR,ERR,ERR,ERR,ERR,ERR,ERR,ERR,ERR,ERR,ERR,ERR,ERR,ERR,ERR,ERR,ERR,ERR,ERR,ERR,ERR,ERR,ERR,ERR,ERR,ERR,ERR,0.0,0.0,0.0,0.0,0.0,1.3936040501711995e+18,7.805,0.0,0,0,4,0,7300,-0.0,0,0.0,0.0,0.0,0.0,0.0,0,0,0,0,0.0,0,0,0,0,0,0,0,0,0,0,0,0,0,0,0,0,0,0,0,0,0,0,0,0,0,0,0,0,0,0,0,0,0,32,30,30,62,65476,0,300,0,0,8,21553,0.0,-107605600.0,0.0,0.0,0.0,0.0,0.0,0.0,0.0,0.0,0.0,0.0,0.0,0.0,0.0,0.0,0.0,0.0,0.0,0.0,0.0,0.0,2.004,2.004,-0.0,-2.004,0.0,0.0,0.0,0.0,5382.0,-0.0,6967.0,0.0,0.0,-107615280.0,-0.0,0.0,0.0,0.0,0.0,63,1.905697261480837e+17,-4.9504073207923395e+32,0.0,0.0,0.0,0.0,0.0,0.0,0.0,0,0,0,0.0,0.0,0.0,0.0,0.0,0.0,0.0,0.0,0.0,0.0,0.0,0.0,0.0,0.0,0.0,0.0,0,-107875648.0,63,0.0,126,2.7184242562605685e+23,-0.0,ERR,ERR,ERR,ERR,ERR,ERR,ERR,ERR,ERR,ERR,ERR,ERR,ERR,ERR,ERR,ERR,ERR,ERR,ERR,ERR,ERR,ERR,ERR,ERR,ERR,ERR,ERR,ERR,ERR,ERR,ERR,ERR,ERR,ERR,ERR,ERR,ERR,ERR,ERR,ERR,ERR,ERR,ERR,ERR,ERR,ERR,ERR,ERR,ERR,ERR,ERR,ERR,ERR,ERR,ERR,ERR,ERR,ERR,ERR,ERR,ERR,ERR,ERR,ERR,ERR,ERR,ERR,34.0,80.0,35,0.0,0.0,0.0,0.0,0.0,0.0,0.0,0.0,0.0,0.0,0.0,0.0,0.0,0.0,0.0,0.0,64.8,0,116,56,50,65476,0,300,0,0,8,20529,65476,0,0,57672,80.0,0.0,0.0,0.0,0.0,0.0
2026-06-17T04:23:06,ERR,ERR,ERR,ERR,ERR,ERR,ERR,ERR,ERR,ERR,ERR,ERR,ERR,ERR,ERR,ERR,ERR,ERR,ERR,ERR,ERR,ERR,ERR,ERR,ERR,ERR,ERR,ERR,ERR,ERR,ERR,ERR,ERR,ERR,ERR,ERR,ERR,ERR,ERR,ERR,ERR,ERR,ERR,ERR,ERR,ERR,ERR,ERR,ERR,ERR,ERR,ERR,ERR,ERR,ERR,ERR,ERR,ERR,ERR,ERR,ERR,ERR,ERR,ERR,ERR,ERR,ERR,ERR,ERR,ERR,ERR,ERR,ERR,ERR,ERR,ERR,ERR,ERR,ERR,ERR,ERR,ERR,ERR,ERR,ERR,ERR,ERR,ERR,ERR,ERR,ERR,ERR,ERR,ERR,ERR,ERR,ERR,ERR,ERR,ERR,ERR,ERR,ERR,ERR,ERR,ERR,ERR,ERR,ERR,ERR,ERR,ERR,ERR,ERR,ERR,ERR,ERR,ERR,ERR,ERR,ERR,ERR,ERR,ERR,ERR,0.0,0.0,0.0,0.0,0.0,1.3936040501711995e+18,7.805,0.0,0,0,4,0,7300,-0.0,0,0.0,0.0,0.0,0.0,0.0,0,0,0,0,0.0,0,0,0,0,0,0,0,0,0,0,0,0,0,0,0,0,0,0,0,0,0,0,0,0,0,0,0,0,0,0,0,0,0,32,30,30,62,65476,0,300,0,0,8,21553,0.0,-107605600.0,0.0,0.0,0.0,0.0,0.0,0.0,0.0,0.0,0.0,0.0,0.0,0.0,0.0,0.0,0.0,0.0,0.0,0.0,0.0,0.0,2.004,0.0,-0.0,-2.004,0.0,0.0,0.0,0.0,5378.0,-131350.625,6969.0,0.0,0.0,-107615280.0,-0.0,0.0,0.0,0.0,0.0,63,89221.078,0.0,0.0,0.0,0.0,0.0,0.0,0.0,0.0,0,0,0,0.0,0.0,0.0,0.0,0.0,0.0,0.0,0.0,0.0,0.0,0.0,0.0,0.0,0.0,0.0,0.0,0,-107875648.0,63,0.0,126,2.7184242562605685e+23,-0.0,ERR,ERR,ERR,ERR,ERR,ERR,ERR,ERR,ERR,ERR,ERR,ERR,ERR,ERR,ERR,ERR,ERR,ERR,ERR,ERR,ERR,ERR,ERR,ERR,ERR,ERR,ERR,ERR,ERR,ERR,ERR,ERR,ERR,ERR,ERR,ERR,ERR,ERR,ERR,ERR,ERR,ERR,ERR,ERR,ERR,ERR,ERR,ERR,ERR,ERR,ERR,ERR,ERR,ERR,ERR,ERR,ERR,ERR,ERR,ERR,ERR,ERR,ERR,ERR,ERR,ERR,ERR,34.0,80.0,35,0.0,0.0,0.0,0.0,0.0,0.0,0.0,0.0,0.0,0.0,0.0,0.0,0.0,0.0,0.0,0.0,64.4,0,116,56,50,65476,0,300,0,0,8,20529,65476,0,0,57672,80.0,0.0,0.0,0.0,0.0,0.0
2026-06-17T04:23:07,ERR,ERR,ERR,ERR,ERR,ERR,ERR,ERR,ERR,ERR,ERR,ERR,ERR,ERR,ERR,ERR,ERR,ERR,ERR,ERR,ERR,ERR,ERR,ERR,ERR,ERR,ERR,ERR,ERR,ERR,ERR,ERR,ERR,ERR,ERR,ERR,ERR,ERR,ERR,ERR,ERR,ERR,ERR,ERR,ERR,ERR,ERR,ERR,ERR,ERR,ERR,ERR,ERR,ERR,ERR,ERR,ERR,ERR,ERR,ERR,ERR,ERR,ERR,ERR,ERR,ERR,ERR,ERR,ERR,ERR,ERR,ERR,ERR,ERR,ERR,ERR,ERR,ERR,ERR,ERR,ERR,ERR,ERR,ERR,ERR,ERR,ERR,ERR,ERR,ERR,ERR,ERR,ERR,ERR,ERR,ERR,ERR,ERR,ERR,ERR,ERR,ERR,ERR,ERR,ERR,ERR,ERR,ERR,ERR,ERR,ERR,ERR,ERR,ERR,ERR,ERR,ERR,ERR,ERR,ERR,ERR,ERR,ERR,ERR,ERR,0.0,0.0,0.0,0.0,0.0,1.3936040501711995e+18,7.805,0.0,0,0,4,0,7300,-0.0,0,0.0,0.0,0.0,0.0,0.0,0,0,0,0,0.0,0,0,0,0,0,0,0,0,0,0,0,0,0,0,0,0,0,0,0,0,0,0,0,0,0,0,0,0,0,0,0,0,0,32,30,30,62,65476,0,300,0,0,8,21553,0.0,-107605600.0,0.0,0.0,0.0,0.0,0.0,0.0,0.0,0.0,0.0,0.0,0.0,0.0,0.0,0.0,0.0,0.0,0.0,0.0,0.0,0.0,2.004,0.0,-0.0,-2.004,0.0,0.0,0.0,0.0,5378.0,-131350.625,6969.0,0.0,0.0,-107615280.0,-0.0,0.0,0.0,0.0,0.0,63,89221.078,0.0,0.0,0.0,0.0,0.0,0.0,0.0,0.0,0,0,0,0.0,0.0,0.0,0.0,0.0,0.0,0.0,0.0,0.0,0.0,0.0,0.0,0.0,0.0,0.0,0.0,0,-107875648.0,63,0.0,126,2.7184242562605685e+23,-0.0,ERR,ERR,ERR,ERR,ERR,ERR,ERR,ERR,ERR,ERR,ERR,ERR,ERR,ERR,ERR,ERR,ERR,ERR,ERR,ERR,ERR,ERR,ERR,ERR,ERR,ERR,ERR,ERR,ERR,ERR,ERR,ERR,ERR,ERR,ERR,ERR,ERR,ERR,ERR,ERR,ERR,ERR,ERR,ERR,ERR,ERR,ERR,ERR,ERR,ERR,ERR,ERR,ERR,ERR,ERR,ERR,ERR,ERR,ERR,ERR,ERR,ERR,ERR,ERR,ERR,ERR,ERR,34.0,80.0,35,0.0,0.0,0.0,0.0,0.0,0.0,0.0,0.0,0.0,0.0,0.0,0.0,0.0,0.0,0.0,0.0,64.4,0,116,56,50,65476,0,300,0,0,8,20529,65476,0,0,57672,80.0,0.0,0.0,0.0,0.0,0.0
2026-06-17T04:23:08,ERR,ERR,ERR,ERR,ERR,ERR,ERR,ERR,ERR,ERR,ERR,ERR,ERR,ERR,ERR,ERR,ERR,ERR,ERR,ERR,ERR,ERR,ERR,ERR,ERR,ERR,ERR,ERR,ERR,ERR,ERR,ERR,ERR,ERR,ERR,ERR,ERR,ERR,ERR,ERR,ERR,ERR,ERR,ERR,ERR,ERR,ERR,ERR,ERR,ERR,ERR,ERR,ERR,ERR,ERR,ERR,ERR,ERR,ERR,ERR,ERR,ERR,ERR,ERR,ERR,ERR,ERR,ERR,ERR,ERR,ERR,ERR,ERR,ERR,ERR,ERR,ERR,ERR,ERR,ERR,ERR,ERR,ERR,ERR,ERR,ERR,ERR,ERR,ERR,ERR,ERR,ERR,ERR,ERR,ERR,ERR,ERR,ERR,ERR,ERR,ERR,ERR,ERR,ERR,ERR,ERR,ERR,ERR,ERR,ERR,ERR,ERR,ERR,ERR,ERR,ERR,ERR,ERR,ERR,ERR,ERR,ERR,ERR,ERR,ERR,0.0,0.0,0.0,0.0,0.0,1.3936040501711995e+18,7.805,0.0,0,0,4,0,7300,-0.0,0,0.0,0.0,0.0,0.0,0.0,0,0,0,0,0.0,0,0,0,0,0,0,0,0,0,0,0,0,0,0,0,0,0,0,0,0,0,0,0,0,0,0,0,0,0,0,0,0,0,32,30,30,62,65476,0,300,0,0,8,21553,0.0,-107605600.0,0.0,0.0,0.0,0.0,0.0,0.0,0.0,0.0,0.0,0.0,0.0,0.0,0.0,0.0,0.0,0.0,0.0,0.0,0.0,0.0,2.004,0.0,-0.0,-2.004,0.0,0.0,0.0,0.0,5378.0,-131350.625,6969.0,0.0,0.0,-107615280.0,-0.0,0.0,0.0,0.0,0.0,63,89221.078,0.0,0.0,0.0,0.0,0.0,0.0,0.0,0.0,0,0,0,0.0,0.0,0.0,0.0,0.0,0.0,0.0,0.0,0.0,0.0,0.0,0.0,0.0,0.0,0.0,0.0,0,-107875648.0,63,0.0,126,2.7184242562605685e+23,-0.0,ERR,ERR,ERR,ERR,ERR,ERR,ERR,ERR,ERR,ERR,ERR,ERR,ERR,ERR,ERR,ERR,ERR,ERR,ERR,ERR,ERR,ERR,ERR,ERR,ERR,ERR,ERR,ERR,ERR,ERR,ERR,ERR,ERR,ERR,ERR,ERR,ERR,ERR,ERR,ERR,ERR,ERR,ERR,ERR,ERR,ERR,ERR,ERR,ERR,ERR,ERR,ERR,ERR,ERR,ERR,ERR,ERR,ERR,ERR,ERR,ERR,ERR,ERR,ERR,ERR,ERR,ERR,34.0,80.0,35,0.0,0.0,0.0,0.0,0.0,0.0,0.0,0.0,0.0,0.0,0.0,0.0,0.0,0.0,0.0,0.0,64.4,0,116,56,50,65476,0,300,0,0,8,20529,65476,0,0,57672,80.0,0.0,0.0,0.0,0.0,0.0
2026-06-17T04:23:09,ERR,ERR,ERR,ERR,ERR,ERR,ERR,ERR,ERR,ERR,ERR,ERR,ERR,ERR,ERR,ERR,ERR,ERR,ERR,ERR,ERR,ERR,ERR,ERR,ERR,ERR,ERR,ERR,ERR,ERR,ERR,ERR,ERR,ERR,ERR,ERR,ERR,ERR,ERR,ERR,ERR,ERR,ERR,ERR,ERR,ERR,ERR,ERR,ERR,ERR,ERR,ERR,ERR,ERR,ERR,ERR,ERR,ERR,ERR,ERR,ERR,ERR,ERR,ERR,ERR,ERR,ERR,ERR,ERR,ERR,ERR,ERR,ERR,ERR,ERR,ERR,ERR,ERR,ERR,ERR,ERR,ERR,ERR,ERR,ERR,ERR,ERR,ERR,ERR,ERR,ERR,ERR,ERR,ERR,ERR,ERR,ERR,ERR,ERR,ERR,ERR,ERR,ERR,ERR,ERR,ERR,ERR,ERR,ERR,ERR,ERR,ERR,ERR,ERR,ERR,ERR,ERR,ERR,ERR,ERR,ERR,ERR,ERR,ERR,ERR,0.0,0.0,0.0,0.0,0.0,1.3936040501711995e+18,7.805,0.0,0,0,4,0,7300,-0.0,0,0.0,0.0,0.0,0.0,0.0,0,0,0,0,0.0,0,0,0,0,0,0,0,0,0,0,0,0,0,0,0,0,0,0,0,0,0,0,0,0,0,0,0,0,0,0,0,0,0,32,30,30,62,65476,0,300,0,0,8,21553,0.0,-107605600.0,0.0,0.0,0.0,0.0,0.0,0.0,0.0,0.0,0.0,0.0,0.0,0.0,0.0,0.0,0.0,0.0,0.0,0.0,0.0,0.0,2.004,0.0,-0.0,-2.004,0.0,0.0,0.0,0.0,5378.0,-131350.625,6969.0,0.0,0.0,-107615280.0,-0.0,0.0,0.0,0.0,0.0,63,89221.078,0.0,0.0,0.0,0.0,0.0,0.0,0.0,0.0,0,0,0,0.0,0.0,0.0,0.0,0.0,0.0,0.0,0.0,0.0,0.0,0.0,0.0,0.0,0.0,0.0,0.0,0,-107875648.0,63,0.0,126,2.7184242562605685e+23,-0.0,ERR,ERR,ERR,ERR,ERR,ERR,ERR,ERR,ERR,ERR,ERR,ERR,ERR,ERR,ERR,ERR,ERR,ERR,ERR,ERR,ERR,ERR,ERR,ERR,ERR,ERR,ERR,ERR,ERR,ERR,ERR,ERR,ERR,ERR,ERR,ERR,ERR,ERR,ERR,ERR,ERR,ERR,ERR,ERR,ERR,ERR,ERR,ERR,ERR,ERR,ERR,ERR,ERR,ERR,ERR,ERR,ERR,ERR,ERR,ERR,ERR,ERR,ERR,ERR,ERR,ERR,ERR,34.0,80.0,35,0.0,0.0,0.0,0.0,0.0,0.0,0.0,0.0,0.0,0.0,0.0,0.0,0.0,0.0,0.0,0.0,64.4,0,116,56,50,65476,0,300,0,0,8,20529,65476,0,0,57672,80.0,0.0,0.0,0.0,0.0,0.0
2026-06-17T04:23:10,ERR,ERR,ERR,ERR,ERR,ERR,ERR,ERR,ERR,ERR,ERR,ERR,ERR,ERR,ERR,ERR,ERR,ERR,ERR,ERR,ERR,ERR,ERR,ERR,ERR,ERR,ERR,ERR,ERR,ERR,ERR,ERR,ERR,ERR,ERR,ERR,ERR,ERR,ERR,ERR,ERR,ERR,ERR,ERR,ERR,ERR,ERR,ERR,ERR,ERR,ERR,ERR,ERR,ERR,ERR,ERR,ERR,ERR,ERR,ERR,ERR,ERR,ERR,ERR,ERR,ERR,ERR,ERR,ERR,ERR,ERR,ERR,ERR,ERR,ERR,ERR,ERR,ERR,ERR,ERR,ERR,ERR,ERR,ERR,ERR,ERR,ERR,ERR,ERR,ERR,ERR,ERR,ERR,ERR,ERR,ERR,ERR,ERR,ERR,ERR,ERR,ERR,ERR,ERR,ERR,ERR,ERR,ERR,ERR,ERR,ERR,ERR,ERR,ERR,ERR,ERR,ERR,ERR,ERR,ERR,ERR,ERR,ERR,ERR,ERR,0.0,0.0,0.0,0.0,0.0,1.3936040501711995e+18,7.805,0.0,0,0,4,0,7300,-0.0,0,0.0,0.0,0.0,0.0,0.0,0,0,0,0,0.0,0,0,0,0,0,0,0,0,0,0,0,0,0,0,0,0,0,0,0,0,0,0,0,0,0,0,0,0,0,0,0,0,0,32,30,30,62,65476,0,300,0,0,8,21553,0.0,-107605600.0,0.0,0.0,0.0,0.0,0.0,0.0,0.0,0.0,0.0,0.0,0.0,0.0,0.0,0.0,0.0,0.0,0.0,0.0,0.0,0.0,2.004,0.0,-0.0,-2.004,0.0,0.0,0.0,0.0,5378.0,-131350.625,6969.0,0.0,0.0,-107615280.0,-0.0,0.0,0.0,0.0,0.0,63,89221.078,0.0,0.0,0.0,0.0,0.0,0.0,0.0,0.0,0,0,0,0.0,0.0,0.0,0.0,0.0,0.0,0.0,0.0,0.0,0.0,0.0,0.0,0.0,0.0,0.0,0.0,0,-107875648.0,63,0.0,126,2.7184242562605685e+23,-0.0,ERR,ERR,ERR,ERR,ERR,ERR,ERR,ERR,ERR,ERR,ERR,ERR,ERR,ERR,ERR,ERR,ERR,ERR,ERR,ERR,ERR,ERR,ERR,ERR,ERR,ERR,ERR,ERR,ERR,ERR,ERR,ERR,ERR,ERR,ERR,ERR,ERR,ERR,ERR,ERR,ERR,ERR,ERR,ERR,ERR,ERR,ERR,ERR,ERR,ERR,ERR,ERR,ERR,ERR,ERR,ERR,ERR,ERR,ERR,ERR,ERR,ERR,ERR,ERR,ERR,ERR,ERR,34.0,80.0,35,0.0,0.0,0.0,0.0,0.0,0.0,0.0,0.0,0.0,0.0,0.0,0.0,0.0,0.0,0.0,0.0,64.8,0,116,56,50,65476,0,300,0,0,8,20529,65476,0,0,57672,80.0,0.0,0.0,0.0,0.0,0.0
2026-06-17T04:23:11,ERR,ERR,ERR,ERR,ERR,ERR,ERR,ERR,ERR,ERR,ERR,ERR,ERR,ERR,ERR,ERR,ERR,ERR,ERR,ERR,ERR,ERR,ERR,ERR,ERR,ERR,ERR,ERR,ERR,ERR,ERR,ERR,ERR,ERR,ERR,ERR,ERR,ERR,ERR,ERR,ERR,ERR,ERR,ERR,ERR,ERR,ERR,ERR,ERR,ERR,ERR,ERR,ERR,ERR,ERR,ERR,ERR,ERR,ERR,ERR,ERR,ERR,ERR,ERR,ERR,ERR,ERR,ERR,ERR,ERR,ERR,ERR,ERR,ERR,ERR,ERR,ERR,ERR,ERR,ERR,ERR,ERR,ERR,ERR,ERR,ERR,ERR,ERR,ERR,ERR,ERR,ERR,ERR,ERR,ERR,ERR,ERR,ERR,ERR,ERR,ERR,ERR,ERR,ERR,ERR,ERR,ERR,ERR,ERR,ERR,ERR,ERR,ERR,ERR,ERR,ERR,ERR,ERR,ERR,ERR,ERR,ERR,ERR,ERR,ERR,0.0,0.0,0.0,0.0,0.0,1.3936040501711995e+18,7.805,0.0,0,0,4,0,7300,-0.0,0,0.0,0.0,0.0,0.0,0.0,0,0,0,0,0.0,0,0,0,0,0,0,0,0,0,0,0,0,0,0,0,0,0,0,0,0,0,0,0,0,0,0,0,0,0,0,0,0,0,32,30,30,62,65476,0,300,0,0,8,21553,0.0,-107605600.0,0.0,0.0,0.0,0.0,0.0,0.0,0.0,0.0,0.0,0.0,0.0,0.0,0.0,0.0,0.0,0.0,0.0,0.0,0.0,0.0,2.004,2.004,-0.0,-2.004,0.0,0.0,0.0,0.0,5381.0,-3.697191411280511e+19,6972.0,0.0,0.0,-107615280.0,-0.0,0.0,0.0,0.0,0.0,63,1.905697261480837e+17,0.0,0.0,0.0,0.0,0.0,0.0,0.0,0.0,0,0,0,0.0,0.0,0.0,0.0,0.0,0.0,0.0,0.0,0.0,0.0,0.0,0.0,0.0,0.0,0.0,0.0,0,-107875648.0,63,0.0,126,2.7184242562605685e+23,-0.0,ERR,ERR,ERR,ERR,ERR,ERR,ERR,ERR,ERR,ERR,ERR,ERR,ERR,ERR,ERR,ERR,ERR,ERR,ERR,ERR,ERR,ERR,ERR,ERR,ERR,ERR,ERR,ERR,ERR,ERR,ERR,ERR,ERR,ERR,ERR,ERR,ERR,ERR,ERR,ERR,ERR,ERR,ERR,ERR,ERR,ERR,ERR,ERR,ERR,ERR,ERR,ERR,ERR,ERR,ERR,ERR,ERR,ERR,ERR,ERR,ERR,ERR,ERR,ERR,ERR,ERR,ERR,34.0,80.0,35,0.0,0.0,0.0,0.0,0.0,0.0,0.0,0.0,0.0,0.0,0.0,0.0,0.0,0.0,0.0,0.0,64.4,0,116,56,50,65476,0,300,0,0,8,20529,65476,0,0,57672,80.0,0.0,0.0,0.0,0.0,0.0
2026-06-17T04:23:12,ERR,ERR,ERR,ERR,ERR,ERR,ERR,ERR,ERR,ERR,ERR,ERR,ERR,ERR,ERR,ERR,ERR,ERR,ERR,ERR,ERR,ERR,ERR,ERR,ERR,ERR,ERR,ERR,ERR,ERR,ERR,ERR,ERR,ERR,ERR,ERR,ERR,ERR,ERR,ERR,ERR,ERR,ERR,ERR,ERR,ERR,ERR,ERR,ERR,ERR,ERR,ERR,ERR,ERR,ERR,ERR,ERR,ERR,ERR,ERR,ERR,ERR,ERR,ERR,ERR,ERR,ERR,ERR,ERR,ERR,ERR,ERR,ERR,ERR,ERR,ERR,ERR,ERR,ERR,ERR,ERR,ERR,ERR,ERR,ERR,ERR,ERR,ERR,ERR,ERR,ERR,ERR,ERR,ERR,ERR,ERR,ERR,ERR,ERR,ERR,ERR,ERR,ERR,ERR,ERR,ERR,ERR,ERR,ERR,ERR,ERR,ERR,ERR,ERR,ERR,ERR,ERR,ERR,ERR,ERR,ERR,ERR,ERR,ERR,ERR,0.0,0.0,0.0,0.0,0.0,1.3936040501711995e+18,7.805,0.0,0,0,4,0,7300,-0.0,0,0.0,0.0,0.0,0.0,0.0,0,0,0,0,0.0,0,0,0,0,0,0,0,0,0,0,0,0,0,0,0,0,0,0,0,0,0,0,0,0,0,0,0,0,0,0,0,0,0,32,30,30,62,65476,0,300,0,0,8,21553,0.0,-107605600.0,0.0,0.0,0.0,0.0,0.0,0.0,0.0,0.0,0.0,0.0,0.0,0.0,0.0,0.0,0.0,0.0,0.0,0.0,0.0,0.0,2.004,2.004,-0.0,-2.004,0.0,0.0,0.0,0.0,5381.0,-3.697191411280511e+19,6972.0,0.0,0.0,-107615280.0,-0.0,0.0,0.0,0.0,0.0,63,1.905697261480837e+17,0.0,0.0,0.0,0.0,0.0,0.0,0.0,0.0,0,0,0,0.0,0.0,0.0,0.0,0.0,0.0,0.0,0.0,0.0,0.0,0.0,0.0,0.0,0.0,0.0,0.0,0,-107875648.0,63,0.0,126,2.7184242562605685e+23,-0.0,ERR,ERR,ERR,ERR,ERR,ERR,ERR,ERR,ERR,ERR,ERR,ERR,ERR,ERR,ERR,ERR,ERR,ERR,ERR,ERR,ERR,ERR,ERR,ERR,ERR,ERR,ERR,ERR,ERR,ERR,ERR,ERR,ERR,ERR,ERR,ERR,ERR,ERR,ERR,ERR,ERR,ERR,ERR,ERR,ERR,ERR,ERR,ERR,ERR,ERR,ERR,ERR,ERR,ERR,ERR,ERR,ERR,ERR,ERR,ERR,ERR,ERR,ERR,ERR,ERR,ERR,ERR,34.0,80.0,35,0.0,0.0,0.0,0.0,0.0,0.0,0.0,0.0,0.0,0.0,0.0,0.0,0.0,0.0,0.0,0.0,64.4,0,116,56,50,65476,0,300,0,0,8,20529,65476,0,0,57672,80.0,0.0,0.0,0.0,0.0,0.0
2026-06-17T04:23:13,ERR,ERR,ERR,ERR,ERR,ERR,ERR,ERR,ERR,ERR,ERR,ERR,ERR,ERR,ERR,ERR,ERR,ERR,ERR,ERR,ERR,ERR,ERR,ERR,ERR,ERR,ERR,ERR,ERR,ERR,ERR,ERR,ERR,ERR,ERR,ERR,ERR,ERR,ERR,ERR,ERR,ERR,ERR,ERR,ERR,ERR,ERR,ERR,ERR,ERR,ERR,ERR,ERR,ERR,ERR,ERR,ERR,ERR,ERR,ERR,ERR,ERR,ERR,ERR,ERR,ERR,ERR,ERR,ERR,ERR,ERR,ERR,ERR,ERR,ERR,ERR,ERR,ERR,ERR,ERR,ERR,ERR,ERR,ERR,ERR,ERR,ERR,ERR,ERR,ERR,ERR,ERR,ERR,ERR,ERR,ERR,ERR,ERR,ERR,ERR,ERR,ERR,ERR,ERR,ERR,ERR,ERR,ERR,ERR,ERR,ERR,ERR,ERR,ERR,ERR,ERR,ERR,ERR,ERR,ERR,ERR,ERR,ERR,ERR,ERR,0.0,0.0,0.0,0.0,0.0,1.3936040501711995e+18,7.805,0.0,0,0,4,0,7300,-0.0,0,0.0,0.0,0.0,0.0,0.0,0,0,0,0,0.0,0,0,0,0,0,0,0,0,0,0,0,0,0,0,0,0,0,0,0,0,0,0,0,0,0,0,0,0,0,0,0,0,0,32,30,30,62,65476,0,300,0,0,8,21553,0.0,-107605600.0,0.0,0.0,0.0,0.0,0.0,0.0,0.0,0.0,0.0,0.0,0.0,0.0,0.0,0.0,0.0,0.0,0.0,0.0,0.0,0.0,2.004,2.004,-0.0,-2.004,0.0,0.0,0.0,0.0,5381.0,-3.697191411280511e+19,6972.0,0.0,0.0,-107615280.0,-0.0,0.0,0.0,0.0,0.0,63,1.905697261480837e+17,0.0,0.0,0.0,0.0,0.0,0.0,0.0,0.0,0,0,0,0.0,0.0,0.0,0.0,0.0,0.0,0.0,0.0,0.0,0.0,0.0,0.0,0.0,0.0,0.0,0.0,0,-107875648.0,63,0.0,126,2.7184242562605685e+23,-0.0,ERR,ERR,ERR,ERR,ERR,ERR,ERR,ERR,ERR,ERR,ERR,ERR,ERR,ERR,ERR,ERR,ERR,ERR,ERR,ERR,ERR,ERR,ERR,ERR,ERR,ERR,ERR,ERR,ERR,ERR,ERR,ERR,ERR,ERR,ERR,ERR,ERR,ERR,ERR,ERR,ERR,ERR,ERR,ERR,ERR,ERR,ERR,ERR,ERR,ERR,ERR,ERR,ERR,ERR,ERR,ERR,ERR,ERR,ERR,ERR,ERR,ERR,ERR,ERR,ERR,ERR,ERR,34.0,80.0,35,0.0,0.0,0.0,0.0,0.0,0.0,0.0,0.0,0.0,0.0,0.0,0.0,0.0,0.0,0.0,0.0,64.4,0,116,56,50,65476,0,300,0,0,8,20529,65476,0,0,57672,80.0,0.0,0.0,0.0,0.0,0.0
2026-06-17T04:23:14,ERR,ERR,ERR,ERR,ERR,ERR,ERR,ERR,ERR,ERR,ERR,ERR,ERR,ERR,ERR,ERR,ERR,ERR,ERR,ERR,ERR,ERR,ERR,ERR,ERR,ERR,ERR,ERR,ERR,ERR,ERR,ERR,ERR,ERR,ERR,ERR,ERR,ERR,ERR,ERR,ERR,ERR,ERR,ERR,ERR,ERR,ERR,ERR,ERR,ERR,ERR,ERR,ERR,ERR,ERR,ERR,ERR,ERR,ERR,ERR,ERR,ERR,ERR,ERR,ERR,ERR,ERR,ERR,ERR,ERR,ERR,ERR,ERR,ERR,ERR,ERR,ERR,ERR,ERR,ERR,ERR,ERR,ERR,ERR,ERR,ERR,ERR,ERR,ERR,ERR,ERR,ERR,ERR,ERR,ERR,ERR,ERR,ERR,ERR,ERR,ERR,ERR,ERR,ERR,ERR,ERR,ERR,ERR,ERR,ERR,ERR,ERR,ERR,ERR,ERR,ERR,ERR,ERR,ERR,ERR,ERR,ERR,ERR,ERR,ERR,0.0,0.0,0.0,0.0,0.0,1.3936040501711995e+18,7.805,0.0,0,0,4,0,7300,-0.0,0,0.0,0.0,0.0,0.0,0.0,0,0,0,0,0.0,0,0,0,0,0,0,0,0,0,0,0,0,0,0,0,0,0,0,0,0,0,0,0,0,0,0,0,0,0,0,0,0,0,32,30,30,62,65476,0,300,0,0,8,21553,0.0,-107605600.0,0.0,0.0,0.0,0.0,0.0,0.0,0.0,0.0,0.0,0.0,0.0,0.0,0.0,0.0,0.0,0.0,0.0,0.0,0.0,0.0,2.004,2.004,-0.0,-2.004,0.0,0.0,0.0,0.0,5381.0,-3.697191411280511e+19,6972.0,0.0,0.0,-107615280.0,-0.0,0.0,0.0,0.0,0.0,63,1.905697261480837e+17,0.0,0.0,0.0,0.0,0.0,0.0,0.0,0.0,0,0,0,0.0,0.0,0.0,0.0,0.0,0.0,0.0,0.0,0.0,0.0,0.0,0.0,0.0,0.0,0.0,0.0,0,-107875648.0,63,0.0,126,2.7184242562605685e+23,-0.0,ERR,ERR,ERR,ERR,ERR,ERR,ERR,ERR,ERR,ERR,ERR,ERR,ERR,ERR,ERR,ERR,ERR,ERR,ERR,ERR,ERR,ERR,ERR,ERR,ERR,ERR,ERR,ERR,ERR,ERR,ERR,ERR,ERR,ERR,ERR,ERR,ERR,ERR,ERR,ERR,ERR,ERR,ERR,ERR,ERR,ERR,ERR,ERR,ERR,ERR,ERR,ERR,ERR,ERR,ERR,ERR,ERR,ERR,ERR,ERR,ERR,ERR,ERR,ERR,ERR,ERR,ERR,34.0,80.0,35,0.0,0.0,0.0,0.0,0.0,0.0,0.0,0.0,0.0,0.0,0.0,0.0,0.0,0.0,0.0,0.0,64.4,0,116,56,50,65476,0,300,0,0,8,20529,65476,0,0,57672,80.0,0.0,0.0,0.0,0.0,0.0
2026-06-17T04:23:15,ERR,ERR,ERR,ERR,ERR,ERR,ERR,ERR,ERR,ERR,ERR,ERR,ERR,ERR,ERR,ERR,ERR,ERR,ERR,ERR,ERR,ERR,ERR,ERR,ERR,ERR,ERR,ERR,ERR,ERR,ERR,ERR,ERR,ERR,ERR,ERR,ERR,ERR,ERR,ERR,ERR,ERR,ERR,ERR,ERR,ERR,ERR,ERR,ERR,ERR,ERR,ERR,ERR,ERR,ERR,ERR,ERR,ERR,ERR,ERR,ERR,ERR,ERR,ERR,ERR,ERR,ERR,ERR,ERR,ERR,ERR,ERR,ERR,ERR,ERR,ERR,ERR,ERR,ERR,ERR,ERR,ERR,ERR,ERR,ERR,ERR,ERR,ERR,ERR,ERR,ERR,ERR,ERR,ERR,ERR,ERR,ERR,ERR,ERR,ERR,ERR,ERR,ERR,ERR,ERR,ERR,ERR,ERR,ERR,ERR,ERR,ERR,ERR,ERR,ERR,ERR,ERR,ERR,ERR,ERR,ERR,ERR,ERR,ERR,ERR,0.0,0.0,0.0,0.0,0.0,1.3936040501711995e+18,7.805,0.0,0,0,4,0,7300,-0.0,0,0.0,0.0,0.0,0.0,0.0,0,0,0,0,0.0,0,0,0,0,0,0,0,0,0,0,0,0,0,0,0,0,0,0,0,0,0,0,0,0,0,0,0,0,0,0,0,0,0,32,30,30,62,65476,0,300,0,0,8,21553,0.0,-107605600.0,0.0,0.0,0.0,0.0,0.0,0.0,0.0,0.0,0.0,0.0,0.0,0.0,0.0,0.0,0.0,0.0,0.0,0.0,0.0,0.0,2.004,2.004,-0.0,-2.004,0.0,0.0,0.0,0.0,5381.0,-3.697191411280511e+19,6972.0,0.0,0.0,-107615280.0,-0.0,0.0,0.0,0.0,0.0,63,1.905697261480837e+17,0.0,0.0,0.0,0.0,0.0,0.0,0.0,0.0,0,0,0,0.0,0.0,0.0,0.0,0.0,0.0,0.0,0.0,0.0,0.0,0.0,0.0,0.0,0.0,0.0,0.0,0,-107875648.0,63,0.0,126,2.7184242562605685e+23,-0.0,ERR,ERR,ERR,ERR,ERR,ERR,ERR,ERR,ERR,ERR,ERR,ERR,ERR,ERR,ERR,ERR,ERR,ERR,ERR,ERR,ERR,ERR,ERR,ERR,ERR,ERR,ERR,ERR,ERR,ERR,ERR,ERR,ERR,ERR,ERR,ERR,ERR,ERR,ERR,ERR,ERR,ERR,ERR,ERR,ERR,ERR,ERR,ERR,ERR,ERR,ERR,ERR,ERR,ERR,ERR,ERR,ERR,ERR,ERR,ERR,ERR,ERR,ERR,ERR,ERR,ERR,ERR,34.0,80.0,35,0.0,0.0,0.0,0.0,0.0,0.0,0.0,0.0,0.0,0.0,0.0,0.0,0.0,0.0,0.0,0.0,64.4,0,116,56,50,65476,0,300,0,0,8,20529,65476,0,0,57672,80.0,0.0,0.0,0.0,0.0,0.0
2026-06-17T04:23:16,ERR,ERR,ERR,ERR,ERR,ERR,ERR,ERR,ERR,ERR,ERR,ERR,ERR,ERR,ERR,ERR,ERR,ERR,ERR,ERR,ERR,ERR,ERR,ERR,ERR,ERR,ERR,ERR,ERR,ERR,ERR,ERR,ERR,ERR,ERR,ERR,ERR,ERR,ERR,ERR,ERR,ERR,ERR,ERR,ERR,ERR,ERR,ERR,ERR,ERR,ERR,ERR,ERR,ERR,ERR,ERR,ERR,ERR,ERR,ERR,ERR,ERR,ERR,ERR,ERR,ERR,ERR,ERR,ERR,ERR,ERR,ERR,ERR,ERR,ERR,ERR,ERR,ERR,ERR,ERR,ERR,ERR,ERR,ERR,ERR,ERR,ERR,ERR,ERR,ERR,ERR,ERR,ERR,ERR,ERR,ERR,ERR,ERR,ERR,ERR,ERR,ERR,ERR,ERR,ERR,ERR,ERR,ERR,ERR,ERR,ERR,ERR,ERR,ERR,ERR,ERR,ERR,ERR,ERR,ERR,ERR,ERR,ERR,ERR,ERR,0.0,0.0,0.0,0.0,0.0,1.3936040501711995e+18,7.805,0.0,0,0,4,0,7300,-0.0,0,0.0,0.0,0.0,0.0,0.0,0,0,0,0,0.0,0,0,0,0,0,0,0,0,0,0,0,0,0,0,0,0,0,0,0,0,0,0,0,0,0,0,0,0,0,0,0,0,0,32,30,30,62,65476,0,300,0,0,8,21553,0.0,-107605600.0,0.0,0.0,0.0,0.0,0.0,0.0,0.0,0.0,0.0,0.0,0.0,0.0,0.0,0.0,0.0,0.0,0.0,0.0,0.0,0.0,2.004,2.004,-0.0,-2.004,0.0,0.0,0.0,0.0,5381.0,-3.697191411280511e+19,6972.0,0.0,0.0,-107615280.0,-0.0,0.0,0.0,0.0,0.0,63,1.905697261480837e+17,0.0,0.0,0.0,0.0,0.0,0.0,0.0,0.0,0,0,0,0.0,0.0,0.0,0.0,0.0,0.0,0.0,0.0,0.0,0.0,0.0,0.0,0.0,0.0,0.0,0.0,0,-107875648.0,63,0.0,126,2.7184242562605685e+23,-0.0,ERR,ERR,ERR,ERR,ERR,ERR,ERR,ERR,ERR,ERR,ERR,ERR,ERR,ERR,ERR,ERR,ERR,ERR,ERR,ERR,ERR,ERR,ERR,ERR,ERR,ERR,ERR,ERR,ERR,ERR,ERR,ERR,ERR,ERR,ERR,ERR,ERR,ERR,ERR,ERR,ERR,ERR,ERR,ERR,ERR,ERR,ERR,ERR,ERR,ERR,ERR,ERR,ERR,ERR,ERR,ERR,ERR,ERR,ERR,ERR,ERR,ERR,ERR,ERR,ERR,ERR,ERR,34.0,80.0,35,0.0,0.0,0.0,0.0,0.0,0.0,0.0,0.0,0.0,0.0,0.0,0.0,0.0,0.0,0.0,0.0,64.4,0,116,56,50,65476,0,300,0,0,8,20529,65476,0,0,57672,80.0,0.0,0.0,0.0,0.0,0.0
2026-06-17T04:23:17,ERR,ERR,ERR,ERR,ERR,ERR,ERR,ERR,ERR,ERR,ERR,ERR,ERR,ERR,ERR,ERR,ERR,ERR,ERR,ERR,ERR,ERR,ERR,ERR,ERR,ERR,ERR,ERR,ERR,ERR,ERR,ERR,ERR,ERR,ERR,ERR,ERR,ERR,ERR,ERR,ERR,ERR,ERR,ERR,ERR,ERR,ERR,ERR,ERR,ERR,ERR,ERR,ERR,ERR,ERR,ERR,ERR,ERR,ERR,ERR,ERR,ERR,ERR,ERR,ERR,ERR,ERR,ERR,ERR,ERR,ERR,ERR,ERR,ERR,ERR,ERR,ERR,ERR,ERR,ERR,ERR,ERR,ERR,ERR,ERR,ERR,ERR,ERR,ERR,ERR,ERR,ERR,ERR,ERR,ERR,ERR,ERR,ERR,ERR,ERR,ERR,ERR,ERR,ERR,ERR,ERR,ERR,ERR,ERR,ERR,ERR,ERR,ERR,ERR,ERR,ERR,ERR,ERR,ERR,ERR,ERR,ERR,ERR,ERR,ERR,0.0,0.0,0.0,0.0,0.0,1.3936040501711995e+18,7.805,0.0,0,0,4,0,7300,-0.0,0,0.0,0.0,0.0,0.0,0.0,0,0,0,0,0.0,0,0,0,0,0,0,0,0,0,0,0,0,0,0,0,0,0,0,0,0,0,0,0,0,0,0,0,0,0,0,0,0,0,32,30,30,62,65476,0,300,0,0,8,21553,0.0,-107605600.0,0.0,0.0,0.0,0.0,0.0,0.0,0.0,0.0,0.0,0.0,0.0,0.0,0.0,0.0,0.0,0.0,0.0,0.0,0.0,0.0,2.004,2.004,-0.0,-2.004,0.0,0.0,0.0,0.0,5416.0,0.0,6945.0,0.0,0.0,-107615280.0,-0.0,0.0,0.0,0.0,0.0,63,2.718429300292151e+23,1.905688671546245e+17,0.0,0.0,0.0,0.0,0.0,0.0,0.0,0,0,0,0.0,0.0,0.0,0.0,0.0,0.0,0.0,0.0,0.0,0.0,0.0,0.0,0.0,0.0,0.0,0.0,0,-107875648.0,63,0.0,126,2.7184242562605685e+23,-0.0,ERR,ERR,ERR,ERR,ERR,ERR,ERR,ERR,ERR,ERR,ERR,ERR,ERR,ERR,ERR,ERR,ERR,ERR,ERR,ERR,ERR,ERR,ERR,ERR,ERR,ERR,ERR,ERR,ERR,ERR,ERR,ERR,ERR,ERR,ERR,ERR,ERR,ERR,ERR,ERR,ERR,ERR,ERR,ERR,ERR,ERR,ERR,ERR,ERR,ERR,ERR,ERR,ERR,ERR,ERR,ERR,ERR,ERR,ERR,ERR,ERR,ERR,ERR,ERR,ERR,ERR,ERR,34.0,80.0,35,0.0,0.0,0.0,0.0,0.0,0.0,0.0,0.0,0.0,0.0,0.0,0.0,0.0,0.0,0.0,0.0,64.4,0,116,56,50,65476,0,300,0,0,8,20529,65476,0,0,57672,80.0,0.0,0.0,0.0,0.0,0.0
2026-06-17T04:23:18,ERR,ERR,ERR,ERR,ERR,ERR,ERR,ERR,ERR,ERR,ERR,ERR,ERR,ERR,ERR,ERR,ERR,ERR,ERR,ERR,ERR,ERR,ERR,ERR,ERR,ERR,ERR,ERR,ERR,ERR,ERR,ERR,ERR,ERR,ERR,ERR,ERR,ERR,ERR,ERR,ERR,ERR,ERR,ERR,ERR,ERR,ERR,ERR,ERR,ERR,ERR,ERR,ERR,ERR,ERR,ERR,ERR,ERR,ERR,ERR,ERR,ERR,ERR,ERR,ERR,ERR,ERR,ERR,ERR,ERR,ERR,ERR,ERR,ERR,ERR,ERR,ERR,ERR,ERR,ERR,ERR,ERR,ERR,ERR,ERR,ERR,ERR,ERR,ERR,ERR,ERR,ERR,ERR,ERR,ERR,ERR,ERR,ERR,ERR,ERR,ERR,ERR,ERR,ERR,ERR,ERR,ERR,ERR,ERR,ERR,ERR,ERR,ERR,ERR,ERR,ERR,ERR,ERR,ERR,ERR,ERR,ERR,ERR,ERR,ERR,0.0,0.0,0.0,0.0,0.0,1.3936040501711995e+18,7.805,0.0,0,0,4,0,7300,-0.0,0,0.0,0.0,0.0,0.0,0.0,0,0,0,0,0.0,0,0,0,0,0,0,0,0,0,0,0,0,0,0,0,0,0,0,0,0,0,0,0,0,0,0,0,0,0,0,0,0,0,32,30,30,62,65476,0,300,0,0,8,21553,0.0,-107605600.0,0.0,0.0,0.0,0.0,0.0,0.0,0.0,0.0,0.0,0.0,0.0,0.0,0.0,0.0,0.0,0.0,0.0,0.0,0.0,0.0,2.004,2.004,-0.0,-2.004,0.0,0.0,0.0,0.0,5416.0,0.0,6945.0,0.0,0.0,-107615280.0,-0.0,0.0,0.0,0.0,0.0,63,2.718429300292151e+23,1.905688671546245e+17,0.0,0.0,0.0,0.0,0.0,0.0,0.0,0,0,0,0.0,0.0,0.0,0.0,0.0,0.0,0.0,0.0,0.0,0.0,0.0,0.0,0.0,0.0,0.0,0.0,0,-107875648.0,63,0.0,126,2.7184242562605685e+23,-0.0,ERR,ERR,ERR,ERR,ERR,ERR,ERR,ERR,ERR,ERR,ERR,ERR,ERR,ERR,ERR,ERR,ERR,ERR,ERR,ERR,ERR,ERR,ERR,ERR,ERR,ERR,ERR,ERR,ERR,ERR,ERR,ERR,ERR,ERR,ERR,ERR,ERR,ERR,ERR,ERR,ERR,ERR,ERR,ERR,ERR,ERR,ERR,ERR,ERR,ERR,ERR,ERR,ERR,ERR,ERR,ERR,ERR,ERR,ERR,ERR,ERR,ERR,ERR,ERR,ERR,ERR,ERR,34.0,80.0,35,0.0,0.0,0.0,0.0,0.0,0.0,0.0,0.0,0.0,0.0,0.0,0.0,0.0,0.0,0.0,0.0,64.4,0,116,56,50,65476,0,300,0,0,8,20529,65476,0,0,57672,80.0,0.0,0.0,0.0,0.0,0.0
2026-06-17T04:23:19,ERR,ERR,ERR,ERR,ERR,ERR,ERR,ERR,ERR,ERR,ERR,ERR,ERR,ERR,ERR,ERR,ERR,ERR,ERR,ERR,ERR,ERR,ERR,ERR,ERR,ERR,ERR,ERR,ERR,ERR,ERR,ERR,ERR,ERR,ERR,ERR,ERR,ERR,ERR,ERR,ERR,ERR,ERR,ERR,ERR,ERR,ERR,ERR,ERR,ERR,ERR,ERR,ERR,ERR,ERR,ERR,ERR,ERR,ERR,ERR,ERR,ERR,ERR,ERR,ERR,ERR,ERR,ERR,ERR,ERR,ERR,ERR,ERR,ERR,ERR,ERR,ERR,ERR,ERR,ERR,ERR,ERR,ERR,ERR,ERR,ERR,ERR,ERR,ERR,ERR,ERR,ERR,ERR,ERR,ERR,ERR,ERR,ERR,ERR,ERR,ERR,ERR,ERR,ERR,ERR,ERR,ERR,ERR,ERR,ERR,ERR,ERR,ERR,ERR,ERR,ERR,ERR,ERR,ERR,ERR,ERR,ERR,ERR,ERR,ERR,0.0,0.0,0.0,0.0,0.0,1.3936040501711995e+18,7.805,0.0,0,0,4,0,7300,-0.0,0,0.0,0.0,0.0,0.0,0.0,0,0,0,0,0.0,0,0,0,0,0,0,0,0,0,0,0,0,0,0,0,0,0,0,0,0,0,0,0,0,0,0,0,0,0,0,0,0,0,32,30,30,62,65476,0,300,0,0,8,21553,0.0,-107605600.0,0.0,0.0,0.0,0.0,0.0,0.0,0.0,0.0,0.0,0.0,0.0,0.0,0.0,0.0,0.0,0.0,0.0,0.0,0.0,0.0,2.004,2.004,-0.0,-2.004,0.0,0.0,0.0,0.0,5416.0,0.0,6945.0,0.0,0.0,-107615280.0,-0.0,0.0,0.0,0.0,0.0,63,2.718429300292151e+23,1.905688671546245e+17,0.0,0.0,0.0,0.0,0.0,0.0,0.0,0,0,0,0.0,0.0,0.0,0.0,0.0,0.0,0.0,0.0,0.0,0.0,0.0,0.0,0.0,0.0,0.0,0.0,0,-107875648.0,63,0.0,126,2.7184242562605685e+23,-0.0,ERR,ERR,ERR,ERR,ERR,ERR,ERR,ERR,ERR,ERR,ERR,ERR,ERR,ERR,ERR,ERR,ERR,ERR,ERR,ERR,ERR,ERR,ERR,ERR,ERR,ERR,ERR,ERR,ERR,ERR,ERR,ERR,ERR,ERR,ERR,ERR,ERR,ERR,ERR,ERR,ERR,ERR,ERR,ERR,ERR,ERR,ERR,ERR,ERR,ERR,ERR,ERR,ERR,ERR,ERR,ERR,ERR,ERR,ERR,ERR,ERR,ERR,ERR,ERR,ERR,ERR,ERR,34.0,80.0,35,0.0,0.0,0.0,0.0,0.0,0.0,0.0,0.0,0.0,0.0,0.0,0.0,0.0,0.0,0.0,0.0,64.4,0,116,56,50,65476,0,300,0,0,8,20529,65476,0,0,57672,80.0,0.0,0.0,0.0,0.0,0.0
2026-06-17T04:23:20,ERR,ERR,ERR,ERR,ERR,ERR,ERR,ERR,ERR,ERR,ERR,ERR,ERR,ERR,ERR,ERR,ERR,ERR,ERR,ERR,ERR,ERR,ERR,ERR,ERR,ERR,ERR,ERR,ERR,ERR,ERR,ERR,ERR,ERR,ERR,ERR,ERR,ERR,ERR,ERR,ERR,ERR,ERR,ERR,ERR,ERR,ERR,ERR,ERR,ERR,ERR,ERR,ERR,ERR,ERR,ERR,ERR,ERR,ERR,ERR,ERR,ERR,ERR,ERR,ERR,ERR,ERR,ERR,ERR,ERR,ERR,ERR,ERR,ERR,ERR,ERR,ERR,ERR,ERR,ERR,ERR,ERR,ERR,ERR,ERR,ERR,ERR,ERR,ERR,ERR,ERR,ERR,ERR,ERR,ERR,ERR,ERR,ERR,ERR,ERR,ERR,ERR,ERR,ERR,ERR,ERR,ERR,ERR,ERR,ERR,ERR,ERR,ERR,ERR,ERR,ERR,ERR,ERR,ERR,ERR,ERR,ERR,ERR,ERR,ERR,0.0,0.0,0.0,0.0,0.0,1.3936040501711995e+18,7.805,0.0,0,0,4,0,7300,-0.0,0,0.0,0.0,0.0,0.0,0.0,0,0,0,0,0.0,0,0,0,0,0,0,0,0,0,0,0,0,0,0,0,0,0,0,0,0,0,0,0,0,0,0,0,0,0,0,0,0,0,32,30,30,62,65476,0,300,0,0,8,21553,0.0,-107605600.0,0.0,0.0,0.0,0.0,0.0,0.0,0.0,0.0,0.0,0.0,0.0,0.0,0.0,0.0,0.0,0.0,0.0,0.0,0.0,0.0,2.004,2.004,-0.0,-2.004,0.0,0.0,0.0,0.0,5416.0,0.0,6945.0,0.0,0.0,-107615280.0,-0.0,0.0,0.0,0.0,0.0,63,2.718429300292151e+23,1.905688671546245e+17,0.0,0.0,0.0,0.0,0.0,0.0,0.0,0,0,0,0.0,0.0,0.0,0.0,0.0,0.0,0.0,0.0,0.0,0.0,0.0,0.0,0.0,0.0,0.0,0.0,0,-107875648.0,63,0.0,126,2.7184242562605685e+23,-0.0,ERR,ERR,ERR,ERR,ERR,ERR,ERR,ERR,ERR,ERR,ERR,ERR,ERR,ERR,ERR,ERR,ERR,ERR,ERR,ERR,ERR,ERR,ERR,ERR,ERR,ERR,ERR,ERR,ERR,ERR,ERR,ERR,ERR,ERR,ERR,ERR,ERR,ERR,ERR,ERR,ERR,ERR,ERR,ERR,ERR,ERR,ERR,ERR,ERR,ERR,ERR,ERR,ERR,ERR,ERR,ERR,ERR,ERR,ERR,ERR,ERR,ERR,ERR,ERR,ERR,ERR,ERR,34.0,80.0,35,0.0,0.0,0.0,0.0,0.0,0.0,0.0,0.0,0.0,0.0,0.0,0.0,0.0,0.0,0.0,0.0,64.4,0,116,56,50,65476,0,300,0,0,8,20529,65476,0,0,57672,80.0,0.0,0.0,0.0,0.0,0.0
2026-06-17T04:23:21,ERR,ERR,ERR,ERR,ERR,ERR,ERR,ERR,ERR,ERR,ERR,ERR,ERR,ERR,ERR,ERR,ERR,ERR,ERR,ERR,ERR,ERR,ERR,ERR,ERR,ERR,ERR,ERR,ERR,ERR,ERR,ERR,ERR,ERR,ERR,ERR,ERR,ERR,ERR,ERR,ERR,ERR,ERR,ERR,ERR,ERR,ERR,ERR,ERR,ERR,ERR,ERR,ERR,ERR,ERR,ERR,ERR,ERR,ERR,ERR,ERR,ERR,ERR,ERR,ERR,ERR,ERR,ERR,ERR,ERR,ERR,ERR,ERR,ERR,ERR,ERR,ERR,ERR,ERR,ERR,ERR,ERR,ERR,ERR,ERR,ERR,ERR,ERR,ERR,ERR,ERR,ERR,ERR,ERR,ERR,ERR,ERR,ERR,ERR,ERR,ERR,ERR,ERR,ERR,ERR,ERR,ERR,ERR,ERR,ERR,ERR,ERR,ERR,ERR,ERR,ERR,ERR,ERR,ERR,ERR,ERR,ERR,ERR,ERR,ERR,0.0,0.0,0.0,0.0,0.0,1.3936040501711995e+18,7.805,0.0,0,0,4,0,7300,-0.0,0,0.0,0.0,0.0,0.0,0.0,0,0,0,0,0.0,0,0,0,0,0,0,0,0,0,0,0,0,0,0,0,0,0,0,0,0,0,0,0,0,0,0,0,0,0,0,0,0,0,32,30,30,62,65476,0,300,0,0,8,21553,0.0,-107605600.0,0.0,0.0,0.0,0.0,0.0,0.0,0.0,0.0,0.0,0.0,0.0,0.0,0.0,0.0,0.0,0.0,0.0,0.0,0.0,0.0,2.004,2.004,-0.0,-2.004,0.0,0.0,0.0,0.0,5416.0,0.0,6945.0,0.0,0.0,-107615280.0,-0.0,0.0,0.0,0.0,0.0,63,2.718429300292151e+23,1.905688671546245e+17,0.0,0.0,0.0,0.0,0.0,0.0,0.0,0,0,0,0.0,0.0,0.0,0.0,0.0,0.0,0.0,0.0,0.0,0.0,0.0,0.0,0.0,0.0,0.0,0.0,0,-107875648.0,63,0.0,126,2.7184242562605685e+23,-0.0,ERR,ERR,ERR,ERR,ERR,ERR,ERR,ERR,ERR,ERR,ERR,ERR,ERR,ERR,ERR,ERR,ERR,ERR,ERR,ERR,ERR,ERR,ERR,ERR,ERR,ERR,ERR,ERR,ERR,ERR,ERR,ERR,ERR,ERR,ERR,ERR,ERR,ERR,ERR,ERR,ERR,ERR,ERR,ERR,ERR,ERR,ERR,ERR,ERR,ERR,ERR,ERR,ERR,ERR,ERR,ERR,ERR,ERR,ERR,ERR,ERR,ERR,ERR,ERR,ERR,ERR,ERR,34.0,80.0,35,0.0,0.0,0.0,0.0,0.0,0.0,0.0,0.0,0.0,0.0,0.0,0.0,0.0,0.0,0.0,0.0,64.4,0,116,56,50,65476,0,300,0,0,8,20529,65476,0,0,57672,80.0,0.0,0.0,0.0,0.0,0.0
2026-06-17T04:23:22,ERR,ERR,ERR,ERR,ERR,ERR,ERR,ERR,ERR,ERR,ERR,ERR,ERR,ERR,ERR,ERR,ERR,ERR,ERR,ERR,ERR,ERR,ERR,ERR,ERR,ERR,ERR,ERR,ERR,ERR,ERR,ERR,ERR,ERR,ERR,ERR,ERR,ERR,ERR,ERR,ERR,ERR,ERR,ERR,ERR,ERR,ERR,ERR,ERR,ERR,ERR,ERR,ERR,ERR,ERR,ERR,ERR,ERR,ERR,ERR,ERR,ERR,ERR,ERR,ERR,ERR,ERR,ERR,ERR,ERR,ERR,ERR,ERR,ERR,ERR,ERR,ERR,ERR,ERR,ERR,ERR,ERR,ERR,ERR,ERR,ERR,ERR,ERR,ERR,ERR,ERR,ERR,ERR,ERR,ERR,ERR,ERR,ERR,ERR,ERR,ERR,ERR,ERR,ERR,ERR,ERR,ERR,ERR,ERR,ERR,ERR,ERR,ERR,ERR,ERR,ERR,ERR,ERR,ERR,ERR,ERR,ERR,ERR,ERR,ERR,0.0,-107615328.0,0.0,0.0,0.0,1.3936040501711995e+18,7.805,0.0,0,0,4,0,7300,-0.0,0,0.0,0.0,0.0,0.0,0.0,0,0,0,0,0.0,0,0,0,0,0,0,0,0,0,0,0,0,0,0,0,0,0,0,0,0,0,0,0,0,0,0,0,0,0,0,0,0,0,32,30,30,62,65476,0,300,0,0,8,21553,0.0,-107605600.0,0.0,0.0,0.0,0.0,0.0,0.0,0.0,0.0,0.0,0.0,0.0,0.0,0.0,0.0,0.0,0.0,0.0,0.0,0.0,0.0,2.004,2.004,-0.0,-2.004,0.0,0.0,0.0,0.0,5384.0,-2.4229913632967957e+24,6973.0,0.0,-107615328.0,-107615280.0,-0.0,0.0,0.0,0.0,0.0,63,2.718429300292151e+23,126840668160.0,0.0,0.0,0.0,0.0,0.0,0.0,0.0,0,0,0,0.0,0.0,0.0,0.0,0.0,0.0,0.0,0.0,0.0,0.0,0.0,0.0,0.0,0.0,0.0,0.0,0,-107875648.0,63,0.0,126,2.7184242562605685e+23,-0.0,ERR,ERR,ERR,ERR,ERR,ERR,ERR,ERR,ERR,ERR,ERR,ERR,ERR,ERR,ERR,ERR,ERR,ERR,ERR,ERR,ERR,ERR,ERR,ERR,ERR,ERR,ERR,ERR,ERR,ERR,ERR,ERR,ERR,ERR,ERR,ERR,ERR,ERR,ERR,ERR,ERR,ERR,ERR,ERR,ERR,ERR,ERR,ERR,ERR,ERR,ERR,ERR,ERR,ERR,ERR,ERR,ERR,ERR,ERR,ERR,ERR,ERR,ERR,ERR,ERR,ERR,ERR,34.0,80.0,35,0.0,0.0,0.0,0.0,0.0,0.0,0.0,0.0,0.0,0.0,0.0,0.0,0.0,0.0,0.0,0.0,64.4,0,116,56,50,65476,0,300,0,0,8,20529,65476,0,0,57672,80.0,0.0,0.0,0.0,0.0,0.0
2026-06-17T04:23:23,ERR,ERR,ERR,ERR,ERR,ERR,ERR,ERR,ERR,ERR,ERR,ERR,ERR,ERR,ERR,ERR,ERR,ERR,ERR,ERR,ERR,ERR,ERR,ERR,ERR,ERR,ERR,ERR,ERR,ERR,ERR,ERR,ERR,ERR,ERR,ERR,ERR,ERR,ERR,ERR,ERR,ERR,ERR,ERR,ERR,ERR,ERR,ERR,ERR,ERR,ERR,ERR,ERR,ERR,ERR,ERR,ERR,ERR,ERR,ERR,ERR,ERR,ERR,ERR,ERR,ERR,ERR,ERR,ERR,ERR,ERR,ERR,ERR,ERR,ERR,ERR,ERR,ERR,ERR,ERR,ERR,ERR,ERR,ERR,ERR,ERR,ERR,ERR,ERR,ERR,ERR,ERR,ERR,ERR,ERR,ERR,ERR,ERR,ERR,ERR,ERR,ERR,ERR,ERR,ERR,ERR,ERR,ERR,ERR,ERR,ERR,ERR,ERR,ERR,ERR,ERR,ERR,ERR,ERR,ERR,ERR,ERR,ERR,ERR,ERR,0.0,-107615328.0,0.0,0.0,0.0,1.3936040501711995e+18,7.805,0.0,0,0,4,0,7300,-0.0,0,0.0,0.0,0.0,0.0,0.0,0,0,0,0,0.0,0,0,0,0,0,0,0,0,0,0,0,0,0,0,0,0,0,0,0,0,0,0,0,0,0,0,0,0,0,0,0,0,0,32,30,30,62,65476,0,300,0,0,8,21553,0.0,-107605600.0,0.0,0.0,0.0,0.0,0.0,0.0,0.0,0.0,0.0,0.0,0.0,0.0,0.0,0.0,0.0,0.0,0.0,0.0,0.0,0.0,2.004,2.004,-0.0,-2.004,0.0,0.0,0.0,0.0,5384.0,-2.4229913632967957e+24,6973.0,0.0,-107615328.0,-107615280.0,-0.0,0.0,0.0,0.0,0.0,63,2.718429300292151e+23,126840668160.0,0.0,0.0,0.0,0.0,0.0,0.0,0.0,0,0,0,0.0,0.0,0.0,0.0,0.0,0.0,0.0,0.0,0.0,0.0,0.0,0.0,0.0,0.0,0.0,0.0,0,-107875648.0,63,0.0,126,2.7184242562605685e+23,-0.0,ERR,ERR,ERR,ERR,ERR,ERR,ERR,ERR,ERR,ERR,ERR,ERR,ERR,ERR,ERR,ERR,ERR,ERR,ERR,ERR,ERR,ERR,ERR,ERR,ERR,ERR,ERR,ERR,ERR,ERR,ERR,ERR,ERR,ERR,ERR,ERR,ERR,ERR,ERR,ERR,ERR,ERR,ERR,ERR,ERR,ERR,ERR,ERR,ERR,ERR,ERR,ERR,ERR,ERR,ERR,ERR,ERR,ERR,ERR,ERR,ERR,ERR,ERR,ERR,ERR,ERR,ERR,34.0,80.0,35,0.0,0.0,0.0,0.0,0.0,0.0,0.0,0.0,0.0,0.0,0.0,0.0,0.0,0.0,0.0,0.0,64.4,0,116,56,50,65476,0,300,0,0,8,20529,65476,0,0,57672,80.0,0.0,0.0,0.0,0.0,0.0
2026-06-17T04:23:24,ERR,ERR,ERR,ERR,ERR,ERR,ERR,ERR,ERR,ERR,ERR,ERR,ERR,ERR,ERR,ERR,ERR,ERR,ERR,ERR,ERR,ERR,ERR,ERR,ERR,ERR,ERR,ERR,ERR,ERR,ERR,ERR,ERR,ERR,ERR,ERR,ERR,ERR,ERR,ERR,ERR,ERR,ERR,ERR,ERR,ERR,ERR,ERR,ERR,ERR,ERR,ERR,ERR,ERR,ERR,ERR,ERR,ERR,ERR,ERR,ERR,ERR,ERR,ERR,ERR,ERR,ERR,ERR,ERR,ERR,ERR,ERR,ERR,ERR,ERR,ERR,ERR,ERR,ERR,ERR,ERR,ERR,ERR,ERR,ERR,ERR,ERR,ERR,ERR,ERR,ERR,ERR,ERR,ERR,ERR,ERR,ERR,ERR,ERR,ERR,ERR,ERR,ERR,ERR,ERR,ERR,ERR,ERR,ERR,ERR,ERR,ERR,ERR,ERR,ERR,ERR,ERR,ERR,ERR,ERR,ERR,ERR,ERR,ERR,ERR,0.0,-107615328.0,0.0,0.0,0.0,1.3936040501711995e+18,7.805,0.0,0,0,4,0,7300,-0.0,0,0.0,0.0,0.0,0.0,0.0,0,0,0,0,0.0,0,0,0,0,0,0,0,0,0,0,0,0,0,0,0,0,0,0,0,0,0,0,0,0,0,0,0,0,0,0,0,0,0,32,30,30,62,65476,0,300,0,0,8,21553,0.0,-107605600.0,0.0,0.0,0.0,0.0,0.0,0.0,0.0,0.0,0.0,0.0,0.0,0.0,0.0,0.0,0.0,0.0,0.0,0.0,0.0,0.0,2.004,2.004,-0.0,-2.004,0.0,0.0,0.0,0.0,5384.0,-2.4229913632967957e+24,6973.0,0.0,-107615328.0,-107615280.0,-0.0,0.0,0.0,0.0,0.0,63,2.718429300292151e+23,126840668160.0,0.0,0.0,0.0,0.0,0.0,0.0,0.0,0,0,0,0.0,0.0,0.0,0.0,0.0,0.0,0.0,0.0,0.0,0.0,0.0,0.0,0.0,0.0,0.0,0.0,0,-107875648.0,63,0.0,126,2.7184242562605685e+23,-0.0,ERR,ERR,ERR,ERR,ERR,ERR,ERR,ERR,ERR,ERR,ERR,ERR,ERR,ERR,ERR,ERR,ERR,ERR,ERR,ERR,ERR,ERR,ERR,ERR,ERR,ERR,ERR,ERR,ERR,ERR,ERR,ERR,ERR,ERR,ERR,ERR,ERR,ERR,ERR,ERR,ERR,ERR,ERR,ERR,ERR,ERR,ERR,ERR,ERR,ERR,ERR,ERR,ERR,ERR,ERR,ERR,ERR,ERR,ERR,ERR,ERR,ERR,ERR,ERR,ERR,ERR,ERR,34.0,80.0,35,0.0,0.0,0.0,0.0,0.0,0.0,0.0,0.0,0.0,0.0,0.0,0.0,0.0,0.0,0.0,0.0,64.8,0,116,56,50,65476,0,300,0,0,8,20529,65476,0,0,57672,80.0,0.0,0.0,0.0,0.0,0.0
2026-06-17T04:23:25,ERR,ERR,ERR,ERR,ERR,ERR,ERR,ERR,ERR,ERR,ERR,ERR,ERR,ERR,ERR,ERR,ERR,ERR,ERR,ERR,ERR,ERR,ERR,ERR,ERR,ERR,ERR,ERR,ERR,ERR,ERR,ERR,ERR,ERR,ERR,ERR,ERR,ERR,ERR,ERR,ERR,ERR,ERR,ERR,ERR,ERR,ERR,ERR,ERR,ERR,ERR,ERR,ERR,ERR,ERR,ERR,ERR,ERR,ERR,ERR,ERR,ERR,ERR,ERR,ERR,ERR,ERR,ERR,ERR,ERR,ERR,ERR,ERR,ERR,ERR,ERR,ERR,ERR,ERR,ERR,ERR,ERR,ERR,ERR,ERR,ERR,ERR,ERR,ERR,ERR,ERR,ERR,ERR,ERR,ERR,ERR,ERR,ERR,ERR,ERR,ERR,ERR,ERR,ERR,ERR,ERR,ERR,ERR,ERR,ERR,ERR,ERR,ERR,ERR,ERR,ERR,ERR,ERR,ERR,ERR,ERR,ERR,ERR,ERR,ERR,0.0,-107615328.0,0.0,0.0,0.0,1.3936040501711995e+18,7.805,0.0,0,0,4,0,7300,-0.0,0,0.0,0.0,0.0,0.0,0.0,0,0,0,0,0.0,0,0,0,0,0,0,0,0,0,0,0,0,0,0,0,0,0,0,0,0,0,0,0,0,0,0,0,0,0,0,0,0,0,32,30,30,62,65476,0,300,0,0,8,21553,0.0,-107605600.0,0.0,0.0,0.0,0.0,0.0,0.0,0.0,0.0,0.0,0.0,0.0,0.0,0.0,0.0,0.0,0.0,0.0,0.0,0.0,0.0,2.004,2.004,-0.0,-2.004,0.0,0.0,0.0,0.0,5384.0,-2.4229913632967957e+24,6973.0,0.0,-107615328.0,-107615280.0,-0.0,0.0,0.0,0.0,0.0,63,2.718429300292151e+23,126840668160.0,0.0,0.0,0.0,0.0,0.0,0.0,0.0,0,0,0,0.0,0.0,0.0,0.0,0.0,0.0,0.0,0.0,0.0,0.0,0.0,0.0,0.0,0.0,0.0,0.0,0,-107875648.0,63,0.0,126,2.7184242562605685e+23,-0.0,ERR,ERR,ERR,ERR,ERR,ERR,ERR,ERR,ERR,ERR,ERR,ERR,ERR,ERR,ERR,ERR,ERR,ERR,ERR,ERR,ERR,ERR,ERR,ERR,ERR,ERR,ERR,ERR,ERR,ERR,ERR,ERR,ERR,ERR,ERR,ERR,ERR,ERR,ERR,ERR,ERR,ERR,ERR,ERR,ERR,ERR,ERR,ERR,ERR,ERR,ERR,ERR,ERR,ERR,ERR,ERR,ERR,ERR,ERR,ERR,ERR,ERR,ERR,ERR,ERR,ERR,ERR,34.0,80.0,35,0.0,0.0,0.0,0.0,0.0,0.0,0.0,0.0,0.0,0.0,0.0,0.0,0.0,0.0,0.0,0.0,64.8,0,116,56,50,65476,0,300,0,0,8,20529,65476,0,0,57672,80.0,0.0,0.0,0.0,0.0,0.0
2026-06-17T04:23:26,ERR,ERR,ERR,ERR,ERR,ERR,ERR,ERR,ERR,ERR,ERR,ERR,ERR,ERR,ERR,ERR,ERR,ERR,ERR,ERR,ERR,ERR,ERR,ERR,ERR,ERR,ERR,ERR,ERR,ERR,ERR,ERR,ERR,ERR,ERR,ERR,ERR,ERR,ERR,ERR,ERR,ERR,ERR,ERR,ERR,ERR,ERR,ERR,ERR,ERR,ERR,ERR,ERR,ERR,ERR,ERR,ERR,ERR,ERR,ERR,ERR,ERR,ERR,ERR,ERR,ERR,ERR,ERR,ERR,ERR,ERR,ERR,ERR,ERR,ERR,ERR,ERR,ERR,ERR,ERR,ERR,ERR,ERR,ERR,ERR,ERR,ERR,ERR,ERR,ERR,ERR,ERR,ERR,ERR,ERR,ERR,ERR,ERR,ERR,ERR,ERR,ERR,ERR,ERR,ERR,ERR,ERR,ERR,ERR,ERR,ERR,ERR,ERR,ERR,ERR,ERR,ERR,ERR,ERR,ERR,ERR,ERR,ERR,ERR,ERR,0.0,-107615328.0,0.0,0.0,0.0,1.3936040501711995e+18,7.805,0.0,0,0,4,0,7300,-0.0,0,0.0,0.0,0.0,0.0,0.0,0,0,0,0,0.0,0,0,0,0,0,0,0,0,0,0,0,0,0,0,0,0,0,0,0,0,0,0,0,0,0,0,0,0,0,0,0,0,0,32,30,30,62,65476,0,300,0,0,8,21553,0.0,-107605600.0,0.0,0.0,0.0,0.0,0.0,0.0,0.0,0.0,0.0,0.0,0.0,0.0,0.0,0.0,0.0,0.0,0.0,0.0,0.0,0.0,2.004,2.004,-0.0,-2.004,0.0,0.0,0.0,0.0,5384.0,-2.4229913632967957e+24,6973.0,0.0,-107615328.0,-107615280.0,-0.0,0.0,0.0,0.0,0.0,63,2.718429300292151e+23,126840668160.0,0.0,0.0,0.0,0.0,0.0,0.0,0.0,0,0,0,0.0,0.0,0.0,0.0,0.0,0.0,0.0,0.0,0.0,0.0,0.0,0.0,0.0,0.0,0.0,0.0,0,-107875648.0,63,0.0,126,2.7184242562605685e+23,-0.0,ERR,ERR,ERR,ERR,ERR,ERR,ERR,ERR,ERR,ERR,ERR,ERR,ERR,ERR,ERR,ERR,ERR,ERR,ERR,ERR,ERR,ERR,ERR,ERR,ERR,ERR,ERR,ERR,ERR,ERR,ERR,ERR,ERR,ERR,ERR,ERR,ERR,ERR,ERR,ERR,ERR,ERR,ERR,ERR,ERR,ERR,ERR,ERR,ERR,ERR,ERR,ERR,ERR,ERR,ERR,ERR,ERR,ERR,ERR,ERR,ERR,ERR,ERR,ERR,ERR,ERR,ERR,34.0,80.0,35,0.0,0.0,0.0,0.0,0.0,0.0,0.0,0.0,0.0,0.0,0.0,0.0,0.0,0.0,0.0,0.0,64.4,0,116,56,50,65476,0,300,0,0,8,20529,65476,0,0,57672,80.0,0.0,0.0,0.0,0.0,0.0
2026-06-17T04:23:27,ERR,ERR,ERR,ERR,ERR,ERR,ERR,ERR,ERR,ERR,ERR,ERR,ERR,ERR,ERR,ERR,ERR,ERR,ERR,ERR,ERR,ERR,ERR,ERR,ERR,ERR,ERR,ERR,ERR,ERR,ERR,ERR,ERR,ERR,ERR,ERR,ERR,ERR,ERR,ERR,ERR,ERR,ERR,ERR,ERR,ERR,ERR,ERR,ERR,ERR,ERR,ERR,ERR,ERR,ERR,ERR,ERR,ERR,ERR,ERR,ERR,ERR,ERR,ERR,ERR,ERR,ERR,ERR,ERR,ERR,ERR,ERR,ERR,ERR,ERR,ERR,ERR,ERR,ERR,ERR,ERR,ERR,ERR,ERR,ERR,ERR,ERR,ERR,ERR,ERR,ERR,ERR,ERR,ERR,ERR,ERR,ERR,ERR,ERR,ERR,ERR,ERR,ERR,ERR,ERR,ERR,ERR,ERR,ERR,ERR,ERR,ERR,ERR,ERR,ERR,ERR,ERR,ERR,ERR,ERR,ERR,ERR,ERR,ERR,ERR,0.0,0.0,0.0,0.0,0.0,1.3936040501711995e+18,7.805,0.0,0,0,4,0,7300,-0.0,0,0.0,0.0,0.0,0.0,0.0,0,0,0,0,0.0,0,0,0,0,0,0,0,0,0,0,0,0,0,0,0,0,0,0,0,0,0,0,0,0,0,0,0,0,0,0,0,0,0,32,30,30,62,65476,0,300,0,0,8,21553,0.0,-107605600.0,0.0,0.0,0.0,0.0,0.0,0.0,0.0,0.0,0.0,0.0,0.0,0.0,0.0,0.0,0.0,0.0,0.0,0.0,0.0,0.0,2.004,2.004,-0.0,-2.004,0.0,0.0,0.0,0.0,5379.0,-3.697191411280511e+19,6972.0,0.0,0.0,-107615280.0,-0.0,0.0,0.0,0.0,0.0,63,107615312.0,0.0,0.0,0.0,0.0,0.0,0.0,0.0,0.0,0,0,0,0.0,0.0,0.0,0.0,0.0,0.0,0.0,0.0,0.0,0.0,0.0,0.0,0.0,0.0,0.0,0.0,0,-107875648.0,63,0.0,126,2.7184242562605685e+23,-0.0,ERR,ERR,ERR,ERR,ERR,ERR,ERR,ERR,ERR,ERR,ERR,ERR,ERR,ERR,ERR,ERR,ERR,ERR,ERR,ERR,ERR,ERR,ERR,ERR,ERR,ERR,ERR,ERR,ERR,ERR,ERR,ERR,ERR,ERR,ERR,ERR,ERR,ERR,ERR,ERR,ERR,ERR,ERR,ERR,ERR,ERR,ERR,ERR,ERR,ERR,ERR,ERR,ERR,ERR,ERR,ERR,ERR,ERR,ERR,ERR,ERR,ERR,ERR,ERR,ERR,ERR,ERR,34.0,80.0,35,0.0,0.0,0.0,0.0,0.0,0.0,0.0,0.0,0.0,0.0,0.0,0.0,0.0,0.0,0.0,0.0,64.4,0,116,56,50,65476,0,300,0,0,8,20529,65476,0,0,57672,80.0,0.0,0.0,0.0,0.0,0.0
2026-06-17T04:23:28,ERR,ERR,ERR,ERR,ERR,ERR,ERR,ERR,ERR,ERR,ERR,ERR,ERR,ERR,ERR,ERR,ERR,ERR,ERR,ERR,ERR,ERR,ERR,ERR,ERR,ERR,ERR,ERR,ERR,ERR,ERR,ERR,ERR,ERR,ERR,ERR,ERR,ERR,ERR,ERR,ERR,ERR,ERR,ERR,ERR,ERR,ERR,ERR,ERR,ERR,ERR,ERR,ERR,ERR,ERR,ERR,ERR,ERR,ERR,ERR,ERR,ERR,ERR,ERR,ERR,ERR,ERR,ERR,ERR,ERR,ERR,ERR,ERR,ERR,ERR,ERR,ERR,ERR,ERR,ERR,ERR,ERR,ERR,ERR,ERR,ERR,ERR,ERR,ERR,ERR,ERR,ERR,ERR,ERR,ERR,ERR,ERR,ERR,ERR,ERR,ERR,ERR,ERR,ERR,ERR,ERR,ERR,ERR,ERR,ERR,ERR,ERR,ERR,ERR,ERR,ERR,ERR,ERR,ERR,ERR,ERR,ERR,ERR,ERR,ERR,0.0,0.0,0.0,0.0,0.0,1.3936040501711995e+18,7.805,0.0,0,0,4,0,7300,-0.0,0,0.0,0.0,0.0,0.0,0.0,0,0,0,0,0.0,0,0,0,0,0,0,0,0,0,0,0,0,0,0,0,0,0,0,0,0,0,0,0,0,0,0,0,0,0,0,0,0,0,32,30,30,62,65476,0,300,0,0,8,21553,0.0,-107605600.0,0.0,0.0,0.0,0.0,0.0,0.0,0.0,0.0,0.0,0.0,0.0,0.0,0.0,0.0,0.0,0.0,0.0,0.0,0.0,0.0,2.004,2.004,-0.0,-2.004,0.0,0.0,0.0,0.0,5379.0,-3.697191411280511e+19,6972.0,0.0,0.0,-107615280.0,-0.0,0.0,0.0,0.0,0.0,63,107615312.0,0.0,0.0,0.0,0.0,0.0,0.0,0.0,0.0,0,0,0,0.0,0.0,0.0,0.0,0.0,0.0,0.0,0.0,0.0,0.0,0.0,0.0,0.0,0.0,0.0,0.0,0,-107875648.0,63,0.0,126,2.7184242562605685e+23,-0.0,ERR,ERR,ERR,ERR,ERR,ERR,ERR,ERR,ERR,ERR,ERR,ERR,ERR,ERR,ERR,ERR,ERR,ERR,ERR,ERR,ERR,ERR,ERR,ERR,ERR,ERR,ERR,ERR,ERR,ERR,ERR,ERR,ERR,ERR,ERR,ERR,ERR,ERR,ERR,ERR,ERR,ERR,ERR,ERR,ERR,ERR,ERR,ERR,ERR,ERR,ERR,ERR,ERR,ERR,ERR,ERR,ERR,ERR,ERR,ERR,ERR,ERR,ERR,ERR,ERR,ERR,ERR,34.0,80.0,35,0.0,0.0,0.0,0.0,0.0,0.0,0.0,0.0,0.0,0.0,0.0,0.0,0.0,0.0,0.0,0.0,64.4,0,116,56,50,65476,0,300,0,0,8,20529,65476,0,0,57672,80.0,0.0,0.0,0.0,0.0,0.0
2026-06-17T04:23:29,ERR,ERR,ERR,ERR,ERR,ERR,ERR,ERR,ERR,ERR,ERR,ERR,ERR,ERR,ERR,ERR,ERR,ERR,ERR,ERR,ERR,ERR,ERR,ERR,ERR,ERR,ERR,ERR,ERR,ERR,ERR,ERR,ERR,ERR,ERR,ERR,ERR,ERR,ERR,ERR,ERR,ERR,ERR,ERR,ERR,ERR,ERR,ERR,ERR,ERR,ERR,ERR,ERR,ERR,ERR,ERR,ERR,ERR,ERR,ERR,ERR,ERR,ERR,ERR,ERR,ERR,ERR,ERR,ERR,ERR,ERR,ERR,ERR,ERR,ERR,ERR,ERR,ERR,ERR,ERR,ERR,ERR,ERR,ERR,ERR,ERR,ERR,ERR,ERR,ERR,ERR,ERR,ERR,ERR,ERR,ERR,ERR,ERR,ERR,ERR,ERR,ERR,ERR,ERR,ERR,ERR,ERR,ERR,ERR,ERR,ERR,ERR,ERR,ERR,ERR,ERR,ERR,ERR,ERR,ERR,ERR,ERR,ERR,ERR,ERR,0.0,0.0,0.0,0.0,0.0,1.3936040501711995e+18,7.805,0.0,0,0,4,0,7300,-0.0,0,0.0,0.0,0.0,0.0,0.0,0,0,0,0,0.0,0,0,0,0,0,0,0,0,0,0,0,0,0,0,0,0,0,0,0,0,0,0,0,0,0,0,0,0,0,0,0,0,0,32,30,30,62,65476,0,300,0,0,8,21553,0.0,-107605600.0,0.0,0.0,0.0,0.0,0.0,0.0,0.0,0.0,0.0,0.0,0.0,0.0,0.0,0.0,0.0,0.0,0.0,0.0,0.0,0.0,2.004,2.004,-0.0,-2.004,0.0,0.0,0.0,0.0,5379.0,-3.697191411280511e+19,6972.0,0.0,0.0,-107615280.0,-0.0,0.0,0.0,0.0,0.0,63,107615312.0,0.0,0.0,0.0,0.0,0.0,0.0,0.0,0.0,0,0,0,0.0,0.0,0.0,0.0,0.0,0.0,0.0,0.0,0.0,0.0,0.0,0.0,0.0,0.0,0.0,0.0,0,-107875648.0,63,0.0,126,2.7184242562605685e+23,-0.0,ERR,ERR,ERR,ERR,ERR,ERR,ERR,ERR,ERR,ERR,ERR,ERR,ERR,ERR,ERR,ERR,ERR,ERR,ERR,ERR,ERR,ERR,ERR,ERR,ERR,ERR,ERR,ERR,ERR,ERR,ERR,ERR,ERR,ERR,ERR,ERR,ERR,ERR,ERR,ERR,ERR,ERR,ERR,ERR,ERR,ERR,ERR,ERR,ERR,ERR,ERR,ERR,ERR,ERR,ERR,ERR,ERR,ERR,ERR,ERR,ERR,ERR,ERR,ERR,ERR,ERR,ERR,34.0,80.0,35,0.0,0.0,0.0,0.0,0.0,0.0,0.0,0.0,0.0,0.0,0.0,0.0,0.0,0.0,0.0,0.0,64.4,0,116,56,50,65476,0,300,0,0,8,20529,65476,0,0,57672,80.0,0.0,0.0,0.0,0.0,0.0
2026-06-17T04:23:30,ERR,ERR,ERR,ERR,ERR,ERR,ERR,ERR,ERR,ERR,ERR,ERR,ERR,ERR,ERR,ERR,ERR,ERR,ERR,ERR,ERR,ERR,ERR,ERR,ERR,ERR,ERR,ERR,ERR,ERR,ERR,ERR,ERR,ERR,ERR,ERR,ERR,ERR,ERR,ERR,ERR,ERR,ERR,ERR,ERR,ERR,ERR,ERR,ERR,ERR,ERR,ERR,ERR,ERR,ERR,ERR,ERR,ERR,ERR,ERR,ERR,ERR,ERR,ERR,ERR,ERR,ERR,ERR,ERR,ERR,ERR,ERR,ERR,ERR,ERR,ERR,ERR,ERR,ERR,ERR,ERR,ERR,ERR,ERR,ERR,ERR,ERR,ERR,ERR,ERR,ERR,ERR,ERR,ERR,ERR,ERR,ERR,ERR,ERR,ERR,ERR,ERR,ERR,ERR,ERR,ERR,ERR,ERR,ERR,ERR,ERR,ERR,ERR,ERR,ERR,ERR,ERR,ERR,ERR,ERR,ERR,ERR,ERR,ERR,ERR,0.0,0.0,0.0,0.0,0.0,1.3936040501711995e+18,7.805,0.0,0,0,4,0,7300,-0.0,0,0.0,0.0,0.0,0.0,0.0,0,0,0,0,0.0,0,0,0,0,0,0,0,0,0,0,0,0,0,0,0,0,0,0,0,0,0,0,0,0,0,0,0,0,0,0,0,0,0,32,30,30,62,65476,0,300,0,0,8,21553,0.0,-107605600.0,0.0,0.0,0.0,0.0,0.0,0.0,0.0,0.0,0.0,0.0,0.0,0.0,0.0,0.0,0.0,0.0,0.0,0.0,0.0,0.0,2.004,2.004,-0.0,-2.004,0.0,0.0,0.0,0.0,5379.0,-3.697191411280511e+19,6972.0,0.0,0.0,-107615280.0,-0.0,0.0,0.0,0.0,0.0,63,107615312.0,0.0,0.0,0.0,0.0,0.0,0.0,0.0,0.0,0,0,0,0.0,0.0,0.0,0.0,0.0,0.0,0.0,0.0,0.0,0.0,0.0,0.0,0.0,0.0,0.0,0.0,0,-107875648.0,63,0.0,126,2.7184242562605685e+23,-0.0,ERR,ERR,ERR,ERR,ERR,ERR,ERR,ERR,ERR,ERR,ERR,ERR,ERR,ERR,ERR,ERR,ERR,ERR,ERR,ERR,ERR,ERR,ERR,ERR,ERR,ERR,ERR,ERR,ERR,ERR,ERR,ERR,ERR,ERR,ERR,ERR,ERR,ERR,ERR,ERR,ERR,ERR,ERR,ERR,ERR,ERR,ERR,ERR,ERR,ERR,ERR,ERR,ERR,ERR,ERR,ERR,ERR,ERR,ERR,ERR,ERR,ERR,ERR,ERR,ERR,ERR,ERR,34.0,80.0,35,0.0,0.0,0.0,0.0,0.0,0.0,0.0,0.0,0.0,0.0,0.0,0.0,0.0,0.0,0.0,0.0,64.4,0,116,56,50,65476,0,300,0,0,8,20529,65476,0,0,57672,80.0,0.0,0.0,0.0,0.0,0.0
2026-06-17T04:23:31,ERR,ERR,ERR,ERR,ERR,ERR,ERR,ERR,ERR,ERR,ERR,ERR,ERR,ERR,ERR,ERR,ERR,ERR,ERR,ERR,ERR,ERR,ERR,ERR,ERR,ERR,ERR,ERR,ERR,ERR,ERR,ERR,ERR,ERR,ERR,ERR,ERR,ERR,ERR,ERR,ERR,ERR,ERR,ERR,ERR,ERR,ERR,ERR,ERR,ERR,ERR,ERR,ERR,ERR,ERR,ERR,ERR,ERR,ERR,ERR,ERR,ERR,ERR,ERR,ERR,ERR,ERR,ERR,ERR,ERR,ERR,ERR,ERR,ERR,ERR,ERR,ERR,ERR,ERR,ERR,ERR,ERR,ERR,ERR,ERR,ERR,ERR,ERR,ERR,ERR,ERR,ERR,ERR,ERR,ERR,ERR,ERR,ERR,ERR,ERR,ERR,ERR,ERR,ERR,ERR,ERR,ERR,ERR,ERR,ERR,ERR,ERR,ERR,ERR,ERR,ERR,ERR,ERR,ERR,ERR,ERR,ERR,ERR,ERR,ERR,0.0,0.0,0.0,0.0,0.0,1.3936040501711995e+18,7.805,0.0,0,0,4,0,7300,-0.0,0,0.0,0.0,0.0,0.0,0.0,0,0,0,0,0.0,0,0,0,0,0,0,0,0,0,0,0,0,0,0,0,0,0,0,0,0,0,0,0,0,0,0,0,0,0,0,0,0,0,32,30,30,62,65476,0,300,0,0,8,21553,0.0,-107605600.0,0.0,0.0,0.0,0.0,0.0,0.0,0.0,0.0,0.0,0.0,0.0,0.0,0.0,0.0,0.0,0.0,0.0,0.0,0.0,0.0,2.004,2.004,-0.0,-2.004,0.0,0.0,0.0,0.0,5379.0,-3.697191411280511e+19,6972.0,0.0,0.0,-107615280.0,-0.0,0.0,0.0,0.0,0.0,63,107615312.0,0.0,0.0,0.0,0.0,0.0,0.0,0.0,0.0,0,0,0,0.0,0.0,0.0,0.0,0.0,0.0,0.0,0.0,0.0,0.0,0.0,0.0,0.0,0.0,0.0,0.0,0,-107875648.0,63,0.0,126,2.7184242562605685e+23,-0.0,ERR,ERR,ERR,ERR,ERR,ERR,ERR,ERR,ERR,ERR,ERR,ERR,ERR,ERR,ERR,ERR,ERR,ERR,ERR,ERR,ERR,ERR,ERR,ERR,ERR,ERR,ERR,ERR,ERR,ERR,ERR,ERR,ERR,ERR,ERR,ERR,ERR,ERR,ERR,ERR,ERR,ERR,ERR,ERR,ERR,ERR,ERR,ERR,ERR,ERR,ERR,ERR,ERR,ERR,ERR,ERR,ERR,ERR,ERR,ERR,ERR,ERR,ERR,ERR,ERR,ERR,ERR,34.0,80.0,35,0.0,0.0,0.0,0.0,0.0,0.0,0.0,0.0,0.0,0.0,0.0,0.0,0.0,0.0,0.0,0.0,64.4,0,116,56,50,65476,0,300,0,0,8,20529,65476,0,0,57672,80.0,0.0,0.0,0.0,0.0,0.0
2026-06-17T04:23:32,ERR,ERR,ERR,ERR,ERR,ERR,ERR,ERR,ERR,ERR,ERR,ERR,ERR,ERR,ERR,ERR,ERR,ERR,ERR,ERR,ERR,ERR,ERR,ERR,ERR,ERR,ERR,ERR,ERR,ERR,ERR,ERR,ERR,ERR,ERR,ERR,ERR,ERR,ERR,ERR,ERR,ERR,ERR,ERR,ERR,ERR,ERR,ERR,ERR,ERR,ERR,ERR,ERR,ERR,ERR,ERR,ERR,ERR,ERR,ERR,ERR,ERR,ERR,ERR,ERR,ERR,ERR,ERR,ERR,ERR,ERR,ERR,ERR,ERR,ERR,ERR,ERR,ERR,ERR,ERR,ERR,ERR,ERR,ERR,ERR,ERR,ERR,ERR,ERR,ERR,ERR,ERR,ERR,ERR,ERR,ERR,ERR,ERR,ERR,ERR,ERR,ERR,ERR,ERR,ERR,ERR,ERR,ERR,ERR,ERR,ERR,ERR,ERR,ERR,ERR,ERR,ERR,ERR,ERR,ERR,ERR,ERR,ERR,ERR,ERR,0.0,0.0,0.0,0.0,0.0,1.3936040501711995e+18,7.805,0.0,0,0,4,0,7300,-0.0,0,0.0,0.0,0.0,0.0,0.0,0,0,0,0,0.0,0,0,0,0,0,0,0,0,0,0,0,0,0,0,0,0,0,0,0,0,0,0,0,0,0,0,0,0,0,0,0,0,0,32,30,30,62,65476,0,300,0,0,8,21553,0.0,-107605600.0,0.0,0.0,0.0,0.0,0.0,0.0,0.0,0.0,0.0,0.0,0.0,0.0,0.0,0.0,0.0,0.0,0.0,0.0,0.0,0.0,2.004,2.004,-0.0,-2.004,0.0,0.0,0.0,0.0,5414.0,0.0,6946.0,0.0,0.0,-107615280.0,-0.0,0.0,0.0,0.0,0.0,63,2.3088396621844998e+20,1.905688671546245e+17,0.0,0.0,0.0,0.0,0.0,0.0,0.0,0,0,0,0.0,0.0,0.0,0.0,0.0,0.0,0.0,0.0,0.0,0.0,0.0,0.0,0.0,0.0,0.0,0.0,0,-107875648.0,63,0.0,126,2.7184242562605685e+23,-0.0,ERR,ERR,ERR,ERR,ERR,ERR,ERR,ERR,ERR,ERR,ERR,ERR,ERR,ERR,ERR,ERR,ERR,ERR,ERR,ERR,ERR,ERR,ERR,ERR,ERR,ERR,ERR,ERR,ERR,ERR,ERR,ERR,ERR,ERR,ERR,ERR,ERR,ERR,ERR,ERR,ERR,ERR,ERR,ERR,ERR,ERR,ERR,ERR,ERR,ERR,ERR,ERR,ERR,ERR,ERR,ERR,ERR,ERR,ERR,ERR,ERR,ERR,ERR,ERR,ERR,ERR,ERR,34.0,80.0,35,0.0,0.0,0.0,0.0,0.0,0.0,0.0,0.0,0.0,0.0,0.0,0.0,0.0,0.0,0.0,0.0,64.4,0,116,56,50,65476,0,300,0,0,8,20529,65476,0,0,57672,80.0,0.0,0.0,0.0,0.0,0.0
2026-06-17T04:23:33,ERR,ERR,ERR,ERR,ERR,ERR,ERR,ERR,ERR,ERR,ERR,ERR,ERR,ERR,ERR,ERR,ERR,ERR,ERR,ERR,ERR,ERR,ERR,ERR,ERR,ERR,ERR,ERR,ERR,ERR,ERR,ERR,ERR,ERR,ERR,ERR,ERR,ERR,ERR,ERR,ERR,ERR,ERR,ERR,ERR,ERR,ERR,ERR,ERR,ERR,ERR,ERR,ERR,ERR,ERR,ERR,ERR,ERR,ERR,ERR,ERR,ERR,ERR,ERR,ERR,ERR,ERR,ERR,ERR,ERR,ERR,ERR,ERR,ERR,ERR,ERR,ERR,ERR,ERR,ERR,ERR,ERR,ERR,ERR,ERR,ERR,ERR,ERR,ERR,ERR,ERR,ERR,ERR,ERR,ERR,ERR,ERR,ERR,ERR,ERR,ERR,ERR,ERR,ERR,ERR,ERR,ERR,ERR,ERR,ERR,ERR,ERR,ERR,ERR,ERR,ERR,ERR,ERR,ERR,ERR,ERR,ERR,ERR,ERR,ERR,0.0,0.0,0.0,0.0,0.0,1.3936040501711995e+18,7.805,0.0,0,0,4,0,7300,-0.0,0,0.0,0.0,0.0,0.0,0.0,0,0,0,0,0.0,0,0,0,0,0,0,0,0,0,0,0,0,0,0,0,0,0,0,0,0,0,0,0,0,0,0,0,0,0,0,0,0,0,32,30,30,62,65476,0,300,0,0,8,21553,0.0,-107605600.0,0.0,0.0,0.0,0.0,0.0,0.0,0.0,0.0,0.0,0.0,0.0,0.0,0.0,0.0,0.0,0.0,0.0,0.0,0.0,0.0,2.004,2.004,-0.0,-2.004,0.0,0.0,0.0,0.0,5414.0,0.0,6946.0,0.0,0.0,-107615280.0,-0.0,0.0,0.0,0.0,0.0,63,2.3088396621844998e+20,1.905688671546245e+17,0.0,0.0,0.0,0.0,0.0,0.0,0.0,0,0,0,0.0,0.0,0.0,0.0,0.0,0.0,0.0,0.0,0.0,0.0,0.0,0.0,0.0,0.0,0.0,0.0,0,-107875648.0,63,0.0,126,2.7184242562605685e+23,-0.0,ERR,ERR,ERR,ERR,ERR,ERR,ERR,ERR,ERR,ERR,ERR,ERR,ERR,ERR,ERR,ERR,ERR,ERR,ERR,ERR,ERR,ERR,ERR,ERR,ERR,ERR,ERR,ERR,ERR,ERR,ERR,ERR,ERR,ERR,ERR,ERR,ERR,ERR,ERR,ERR,ERR,ERR,ERR,ERR,ERR,ERR,ERR,ERR,ERR,ERR,ERR,ERR,ERR,ERR,ERR,ERR,ERR,ERR,ERR,ERR,ERR,ERR,ERR,ERR,ERR,ERR,ERR,34.0,80.0,35,0.0,0.0,0.0,0.0,0.0,0.0,0.0,0.0,0.0,0.0,0.0,0.0,0.0,0.0,0.0,0.0,64.4,0,116,56,50,65476,0,300,0,0,8,20529,65476,0,0,57672,80.0,0.0,0.0,0.0,0.0,0.0
2026-06-17T04:23:34,ERR,ERR,ERR,ERR,ERR,ERR,ERR,ERR,ERR,ERR,ERR,ERR,ERR,ERR,ERR,ERR,ERR,ERR,ERR,ERR,ERR,ERR,ERR,ERR,ERR,ERR,ERR,ERR,ERR,ERR,ERR,ERR,ERR,ERR,ERR,ERR,ERR,ERR,ERR,ERR,ERR,ERR,ERR,ERR,ERR,ERR,ERR,ERR,ERR,ERR,ERR,ERR,ERR,ERR,ERR,ERR,ERR,ERR,ERR,ERR,ERR,ERR,ERR,ERR,ERR,ERR,ERR,ERR,ERR,ERR,ERR,ERR,ERR,ERR,ERR,ERR,ERR,ERR,ERR,ERR,ERR,ERR,ERR,ERR,ERR,ERR,ERR,ERR,ERR,ERR,ERR,ERR,ERR,ERR,ERR,ERR,ERR,ERR,ERR,ERR,ERR,ERR,ERR,ERR,ERR,ERR,ERR,ERR,ERR,ERR,ERR,ERR,ERR,ERR,ERR,ERR,ERR,ERR,ERR,ERR,ERR,ERR,ERR,ERR,ERR,0.0,0.0,0.0,0.0,0.0,1.3936040501711995e+18,7.805,0.0,0,0,4,0,7300,-0.0,0,0.0,0.0,0.0,0.0,0.0,0,0,0,0,0.0,0,0,0,0,0,0,0,0,0,0,0,0,0,0,0,0,0,0,0,0,0,0,0,0,0,0,0,0,0,0,0,0,0,32,30,30,62,65476,0,300,0,0,8,21553,0.0,-107605600.0,0.0,0.0,0.0,0.0,0.0,0.0,0.0,0.0,0.0,0.0,0.0,0.0,0.0,0.0,0.0,0.0,0.0,0.0,0.0,0.0,2.004,2.004,-0.0,-2.004,0.0,0.0,0.0,0.0,5414.0,0.0,6946.0,0.0,0.0,-107615280.0,-0.0,0.0,0.0,0.0,0.0,63,2.3088396621844998e+20,1.905688671546245e+17,0.0,0.0,0.0,0.0,0.0,0.0,0.0,0,0,0,0.0,0.0,0.0,0.0,0.0,0.0,0.0,0.0,0.0,0.0,0.0,0.0,0.0,0.0,0.0,0.0,0,-107875648.0,63,0.0,126,2.7184242562605685e+23,-0.0,ERR,ERR,ERR,ERR,ERR,ERR,ERR,ERR,ERR,ERR,ERR,ERR,ERR,ERR,ERR,ERR,ERR,ERR,ERR,ERR,ERR,ERR,ERR,ERR,ERR,ERR,ERR,ERR,ERR,ERR,ERR,ERR,ERR,ERR,ERR,ERR,ERR,ERR,ERR,ERR,ERR,ERR,ERR,ERR,ERR,ERR,ERR,ERR,ERR,ERR,ERR,ERR,ERR,ERR,ERR,ERR,ERR,ERR,ERR,ERR,ERR,ERR,ERR,ERR,ERR,ERR,ERR,34.0,80.0,35,0.0,0.0,0.0,0.0,0.0,0.0,0.0,0.0,0.0,0.0,0.0,0.0,0.0,0.0,0.0,0.0,64.4,0,116,56,50,65476,0,300,0,0,8,20529,65476,0,0,57672,80.0,0.0,0.0,0.0,0.0,0.0
2026-06-17T04:23:35,ERR,ERR,ERR,ERR,ERR,ERR,ERR,ERR,ERR,ERR,ERR,ERR,ERR,ERR,ERR,ERR,ERR,ERR,ERR,ERR,ERR,ERR,ERR,ERR,ERR,ERR,ERR,ERR,ERR,ERR,ERR,ERR,ERR,ERR,ERR,ERR,ERR,ERR,ERR,ERR,ERR,ERR,ERR,ERR,ERR,ERR,ERR,ERR,ERR,ERR,ERR,ERR,ERR,ERR,ERR,ERR,ERR,ERR,ERR,ERR,ERR,ERR,ERR,ERR,ERR,ERR,ERR,ERR,ERR,ERR,ERR,ERR,ERR,ERR,ERR,ERR,ERR,ERR,ERR,ERR,ERR,ERR,ERR,ERR,ERR,ERR,ERR,ERR,ERR,ERR,ERR,ERR,ERR,ERR,ERR,ERR,ERR,ERR,ERR,ERR,ERR,ERR,ERR,ERR,ERR,ERR,ERR,ERR,ERR,ERR,ERR,ERR,ERR,ERR,ERR,ERR,ERR,ERR,ERR,ERR,ERR,ERR,ERR,ERR,ERR,0.0,0.0,0.0,0.0,0.0,1.3936040501711995e+18,7.805,0.0,0,0,4,0,7300,-0.0,0,0.0,0.0,0.0,0.0,0.0,0,0,0,0,0.0,0,0,0,0,0,0,0,0,0,0,0,0,0,0,0,0,0,0,0,0,0,0,0,0,0,0,0,0,0,0,0,0,0,32,30,30,62,65476,0,300,0,0,8,21553,0.0,-107605600.0,0.0,0.0,0.0,0.0,0.0,0.0,0.0,0.0,0.0,0.0,0.0,0.0,0.0,0.0,0.0,0.0,0.0,0.0,0.0,0.0,2.004,2.004,-0.0,-2.004,0.0,0.0,0.0,0.0,5414.0,0.0,6946.0,0.0,0.0,-107615280.0,-0.0,0.0,0.0,0.0,0.0,63,2.3088396621844998e+20,1.905688671546245e+17,0.0,0.0,0.0,0.0,0.0,0.0,0.0,0,0,0,0.0,0.0,0.0,0.0,0.0,0.0,0.0,0.0,0.0,0.0,0.0,0.0,0.0,0.0,0.0,0.0,0,-107875648.0,63,0.0,126,2.7184242562605685e+23,-0.0,ERR,ERR,ERR,ERR,ERR,ERR,ERR,ERR,ERR,ERR,ERR,ERR,ERR,ERR,ERR,ERR,ERR,ERR,ERR,ERR,ERR,ERR,ERR,ERR,ERR,ERR,ERR,ERR,ERR,ERR,ERR,ERR,ERR,ERR,ERR,ERR,ERR,ERR,ERR,ERR,ERR,ERR,ERR,ERR,ERR,ERR,ERR,ERR,ERR,ERR,ERR,ERR,ERR,ERR,ERR,ERR,ERR,ERR,ERR,ERR,ERR,ERR,ERR,ERR,ERR,ERR,ERR,34.0,80.0,35,0.0,0.0,0.0,0.0,0.0,0.0,0.0,0.0,0.0,0.0,0.0,0.0,0.0,0.0,0.0,0.0,64.4,0,116,56,50,65476,0,300,0,0,8,20529,65476,0,0,57672,80.0,0.0,0.0,0.0,0.0,0.0
2026-06-17T04:23:36,ERR,ERR,ERR,ERR,ERR,ERR,ERR,ERR,ERR,ERR,ERR,ERR,ERR,ERR,ERR,ERR,ERR,ERR,ERR,ERR,ERR,ERR,ERR,ERR,ERR,ERR,ERR,ERR,ERR,ERR,ERR,ERR,ERR,ERR,ERR,ERR,ERR,ERR,ERR,ERR,ERR,ERR,ERR,ERR,ERR,ERR,ERR,ERR,ERR,ERR,ERR,ERR,ERR,ERR,ERR,ERR,ERR,ERR,ERR,ERR,ERR,ERR,ERR,ERR,ERR,ERR,ERR,ERR,ERR,ERR,ERR,ERR,ERR,ERR,ERR,ERR,ERR,ERR,ERR,ERR,ERR,ERR,ERR,ERR,ERR,ERR,ERR,ERR,ERR,ERR,ERR,ERR,ERR,ERR,ERR,ERR,ERR,ERR,ERR,ERR,ERR,ERR,ERR,ERR,ERR,ERR,ERR,ERR,ERR,ERR,ERR,ERR,ERR,ERR,ERR,ERR,ERR,ERR,ERR,ERR,ERR,ERR,ERR,ERR,ERR,0.0,0.0,0.0,0.0,0.0,1.3936040501711995e+18,7.805,0.0,0,0,4,0,7300,-0.0,0,0.0,0.0,0.0,0.0,0.0,0,0,0,0,0.0,0,0,0,0,0,0,0,0,0,0,0,0,0,0,0,0,0,0,0,0,0,0,0,0,0,0,0,0,0,0,0,0,0,32,30,30,62,65476,0,300,0,0,8,21553,0.0,-107605600.0,0.0,0.0,0.0,0.0,0.0,0.0,0.0,0.0,0.0,0.0,0.0,0.0,0.0,0.0,0.0,0.0,0.0,0.0,0.0,0.0,2.004,2.004,-0.0,-2.004,0.0,0.0,0.0,0.0,5414.0,0.0,6946.0,0.0,0.0,-107615280.0,-0.0,0.0,0.0,0.0,0.0,63,2.3088396621844998e+20,1.905688671546245e+17,0.0,0.0,0.0,0.0,0.0,0.0,0.0,0,0,0,0.0,0.0,0.0,0.0,0.0,0.0,0.0,0.0,0.0,0.0,0.0,0.0,0.0,0.0,0.0,0.0,0,-107875648.0,63,0.0,126,2.7184242562605685e+23,-0.0,ERR,ERR,ERR,ERR,ERR,ERR,ERR,ERR,ERR,ERR,ERR,ERR,ERR,ERR,ERR,ERR,ERR,ERR,ERR,ERR,ERR,ERR,ERR,ERR,ERR,ERR,ERR,ERR,ERR,ERR,ERR,ERR,ERR,ERR,ERR,ERR,ERR,ERR,ERR,ERR,ERR,ERR,ERR,ERR,ERR,ERR,ERR,ERR,ERR,ERR,ERR,ERR,ERR,ERR,ERR,ERR,ERR,ERR,ERR,ERR,ERR,ERR,ERR,ERR,ERR,ERR,ERR,34.0,80.0,35,0.0,0.0,0.0,0.0,0.0,0.0,0.0,0.0,0.0,0.0,0.0,0.0,0.0,0.0,0.0,0.0,64.4,0,116,56,50,65476,0,300,0,0,8,20529,65476,0,0,57672,80.0,0.0,0.0,0.0,0.0,0.0
2026-06-17T04:23:37,ERR,ERR,ERR,ERR,ERR,ERR,ERR,ERR,ERR,ERR,ERR,ERR,ERR,ERR,ERR,ERR,ERR,ERR,ERR,ERR,ERR,ERR,ERR,ERR,ERR,ERR,ERR,ERR,ERR,ERR,ERR,ERR,ERR,ERR,ERR,ERR,ERR,ERR,ERR,ERR,ERR,ERR,ERR,ERR,ERR,ERR,ERR,ERR,ERR,ERR,ERR,ERR,ERR,ERR,ERR,ERR,ERR,ERR,ERR,ERR,ERR,ERR,ERR,ERR,ERR,ERR,ERR,ERR,ERR,ERR,ERR,ERR,ERR,ERR,ERR,ERR,ERR,ERR,ERR,ERR,ERR,ERR,ERR,ERR,ERR,ERR,ERR,ERR,ERR,ERR,ERR,ERR,ERR,ERR,ERR,ERR,ERR,ERR,ERR,ERR,ERR,ERR,ERR,ERR,ERR,ERR,ERR,ERR,ERR,ERR,ERR,ERR,ERR,ERR,ERR,ERR,ERR,ERR,ERR,ERR,ERR,ERR,ERR,ERR,ERR,0.0,0.0,0.0,0.0,0.0,1.3936040501711995e+18,7.805,0.0,0,0,4,0,7300,-0.0,0,0.0,0.0,0.0,0.0,0.0,0,0,0,0,0.0,0,0,0,0,0,0,0,0,0,0,0,0,0,0,0,0,0,0,0,0,0,0,0,0,0,0,0,0,0,0,0,0,0,32,30,30,62,65476,0,300,0,0,8,21553,0.0,-107605600.0,0.0,0.0,0.0,0.0,0.0,0.0,0.0,0.0,0.0,0.0,0.0,0.0,0.0,0.0,0.0,0.0,0.0,0.0,0.0,0.0,2.004,2.004,-0.0,-2.004,0.0,0.0,0.0,0.0,5414.0,0.0,6946.0,0.0,0.0,-107615280.0,-0.0,0.0,0.0,0.0,0.0,63,2.3088396621844998e+20,1.905688671546245e+17,0.0,0.0,0.0,0.0,0.0,0.0,0.0,0,0,0,0.0,0.0,0.0,0.0,0.0,0.0,0.0,0.0,0.0,0.0,0.0,0.0,0.0,0.0,0.0,0.0,0,-107875648.0,63,0.0,126,2.7184242562605685e+23,-0.0,ERR,ERR,ERR,ERR,ERR,ERR,ERR,ERR,ERR,ERR,ERR,ERR,ERR,ERR,ERR,ERR,ERR,ERR,ERR,ERR,ERR,ERR,ERR,ERR,ERR,ERR,ERR,ERR,ERR,ERR,ERR,ERR,ERR,ERR,ERR,ERR,ERR,ERR,ERR,ERR,ERR,ERR,ERR,ERR,ERR,ERR,ERR,ERR,ERR,ERR,ERR,ERR,ERR,ERR,ERR,ERR,ERR,ERR,ERR,ERR,ERR,ERR,ERR,ERR,ERR,ERR,ERR,34.0,80.0,35,0.0,0.0,0.0,0.0,0.0,0.0,0.0,0.0,0.0,0.0,0.0,0.0,0.0,0.0,0.0,0.0,64.8,0,116,56,50,65476,0,300,0,0,8,20529,65476,0,0,57672,80.0,0.0,0.0,0.0,0.0,0.0
2026-06-17T04:23:38,ERR,ERR,ERR,ERR,ERR,ERR,ERR,ERR,ERR,ERR,ERR,ERR,ERR,ERR,ERR,ERR,ERR,ERR,ERR,ERR,ERR,ERR,ERR,ERR,ERR,ERR,ERR,ERR,ERR,ERR,ERR,ERR,ERR,ERR,ERR,ERR,ERR,ERR,ERR,ERR,ERR,ERR,ERR,ERR,ERR,ERR,ERR,ERR,ERR,ERR,ERR,ERR,ERR,ERR,ERR,ERR,ERR,ERR,ERR,ERR,ERR,ERR,ERR,ERR,ERR,ERR,ERR,ERR,ERR,ERR,ERR,ERR,ERR,ERR,ERR,ERR,ERR,ERR,ERR,ERR,ERR,ERR,ERR,ERR,ERR,ERR,ERR,ERR,ERR,ERR,ERR,ERR,ERR,ERR,ERR,ERR,ERR,ERR,ERR,ERR,ERR,ERR,ERR,ERR,ERR,ERR,ERR,ERR,ERR,ERR,ERR,ERR,ERR,ERR,ERR,ERR,ERR,ERR,ERR,ERR,ERR,ERR,ERR,ERR,ERR,0.0,0.0,0.0,0.0,0.0,1.3936040501711995e+18,7.805,0.0,0,0,4,0,7300,-0.0,0,0.0,0.0,0.0,0.0,0.0,0,0,0,0,0.0,0,0,0,0,0,0,0,0,0,0,0,0,0,0,0,0,0,0,0,0,0,0,0,0,0,0,0,0,0,0,0,0,0,32,30,30,62,65476,0,300,0,0,8,21553,0.0,-107605600.0,0.0,0.0,0.0,0.0,0.0,0.0,0.0,0.0,0.0,0.0,0.0,0.0,0.0,0.0,0.0,0.0,0.0,0.0,0.0,0.0,2.004,0.0,-0.0,-2.004,0.0,0.0,0.0,0.0,5384.0,-1.0406668663850192e+34,6975.0,0.0,-107615328.0,-107615280.0,-0.0,0.0,0.0,0.0,0.0,63,2.718429300292151e+23,89220.688,0.0,0.0,0.0,0.0,0.0,0.0,0.0,0,0,0,0.0,0.0,0.0,0.0,0.0,0.0,0.0,0.0,0.0,0.0,0.0,0.0,0.0,0.0,0.0,0.0,0,-107875648.0,63,0.0,126,2.7184242562605685e+23,-0.0,ERR,ERR,ERR,ERR,ERR,ERR,ERR,ERR,ERR,ERR,ERR,ERR,ERR,ERR,ERR,ERR,ERR,ERR,ERR,ERR,ERR,ERR,ERR,ERR,ERR,ERR,ERR,ERR,ERR,ERR,ERR,ERR,ERR,ERR,ERR,ERR,ERR,ERR,ERR,ERR,ERR,ERR,ERR,ERR,ERR,ERR,ERR,ERR,ERR,ERR,ERR,ERR,ERR,ERR,ERR,ERR,ERR,ERR,ERR,ERR,ERR,ERR,ERR,ERR,ERR,ERR,ERR,34.0,80.0,35,0.0,0.0,0.0,0.0,0.0,0.0,0.0,0.0,0.0,0.0,0.0,0.0,0.0,0.0,0.0,0.0,64.8,0,116,56,50,65476,0,300,0,0,8,20529,65476,0,0,57672,80.0,0.0,0.0,0.0,0.0,0.0
2026-06-17T04:23:39,ERR,ERR,ERR,ERR,ERR,ERR,ERR,ERR,ERR,ERR,ERR,ERR,ERR,ERR,ERR,ERR,ERR,ERR,ERR,ERR,ERR,ERR,ERR,ERR,ERR,ERR,ERR,ERR,ERR,ERR,ERR,ERR,ERR,ERR,ERR,ERR,ERR,ERR,ERR,ERR,ERR,ERR,ERR,ERR,ERR,ERR,ERR,ERR,ERR,ERR,ERR,ERR,ERR,ERR,ERR,ERR,ERR,ERR,ERR,ERR,ERR,ERR,ERR,ERR,ERR,ERR,ERR,ERR,ERR,ERR,ERR,ERR,ERR,ERR,ERR,ERR,ERR,ERR,ERR,ERR,ERR,ERR,ERR,ERR,ERR,ERR,ERR,ERR,ERR,ERR,ERR,ERR,ERR,ERR,ERR,ERR,ERR,ERR,ERR,ERR,ERR,ERR,ERR,ERR,ERR,ERR,ERR,ERR,ERR,ERR,ERR,ERR,ERR,ERR,ERR,ERR,ERR,ERR,ERR,ERR,ERR,ERR,ERR,ERR,ERR,0.0,0.0,0.0,0.0,0.0,1.3936040501711995e+18,7.805,0.0,0,0,4,0,7300,-0.0,0,0.0,0.0,0.0,0.0,0.0,0,0,0,0,0.0,0,0,0,0,0,0,0,0,0,0,0,0,0,0,0,0,0,0,0,0,0,0,0,0,0,0,0,0,0,0,0,0,0,32,30,30,62,65476,0,300,0,0,8,21553,0.0,-107605600.0,0.0,0.0,0.0,0.0,0.0,0.0,0.0,0.0,0.0,0.0,0.0,0.0,0.0,0.0,0.0,0.0,0.0,0.0,0.0,0.0,2.004,0.0,-0.0,-2.004,0.0,0.0,0.0,0.0,5384.0,-1.0406668663850192e+34,6975.0,0.0,-107615328.0,-107615280.0,-0.0,0.0,0.0,0.0,0.0,63,2.718429300292151e+23,89220.688,0.0,0.0,0.0,0.0,0.0,0.0,0.0,0,0,0,0.0,0.0,0.0,0.0,0.0,0.0,0.0,0.0,0.0,0.0,0.0,0.0,0.0,0.0,0.0,0.0,0,-107875648.0,63,0.0,126,2.7184242562605685e+23,-0.0,ERR,ERR,ERR,ERR,ERR,ERR,ERR,ERR,ERR,ERR,ERR,ERR,ERR,ERR,ERR,ERR,ERR,ERR,ERR,ERR,ERR,ERR,ERR,ERR,ERR,ERR,ERR,ERR,ERR,ERR,ERR,ERR,ERR,ERR,ERR,ERR,ERR,ERR,ERR,ERR,ERR,ERR,ERR,ERR,ERR,ERR,ERR,ERR,ERR,ERR,ERR,ERR,ERR,ERR,ERR,ERR,ERR,ERR,ERR,ERR,ERR,ERR,ERR,ERR,ERR,ERR,ERR,34.0,80.0,35,0.0,0.0,0.0,0.0,0.0,0.0,0.0,0.0,0.0,0.0,0.0,0.0,0.0,0.0,0.0,0.0,64.4,0,116,56,50,65476,0,300,0,0,8,20529,65476,0,0,57672,80.0,0.0,0.0,0.0,0.0,0.0
2026-06-17T04:23:40,ERR,ERR,ERR,ERR,ERR,ERR,ERR,ERR,ERR,ERR,ERR,ERR,ERR,ERR,ERR,ERR,ERR,ERR,ERR,ERR,ERR,ERR,ERR,ERR,ERR,ERR,ERR,ERR,ERR,ERR,ERR,ERR,ERR,ERR,ERR,ERR,ERR,ERR,ERR,ERR,ERR,ERR,ERR,ERR,ERR,ERR,ERR,ERR,ERR,ERR,ERR,ERR,ERR,ERR,ERR,ERR,ERR,ERR,ERR,ERR,ERR,ERR,ERR,ERR,ERR,ERR,ERR,ERR,ERR,ERR,ERR,ERR,ERR,ERR,ERR,ERR,ERR,ERR,ERR,ERR,ERR,ERR,ERR,ERR,ERR,ERR,ERR,ERR,ERR,ERR,ERR,ERR,ERR,ERR,ERR,ERR,ERR,ERR,ERR,ERR,ERR,ERR,ERR,ERR,ERR,ERR,ERR,ERR,ERR,ERR,ERR,ERR,ERR,ERR,ERR,ERR,ERR,ERR,ERR,ERR,ERR,ERR,ERR,ERR,ERR,0.0,0.0,0.0,0.0,0.0,1.3936040501711995e+18,7.805,0.0,0,0,4,0,7300,-0.0,0,0.0,0.0,0.0,0.0,0.0,0,0,0,0,0.0,0,0,0,0,0,0,0,0,0,0,0,0,0,0,0,0,0,0,0,0,0,0,0,0,0,0,0,0,0,0,0,0,0,32,30,30,62,65476,0,300,0,0,8,21553,0.0,-107605600.0,0.0,0.0,0.0,0.0,0.0,0.0,0.0,0.0,0.0,0.0,0.0,0.0,0.0,0.0,0.0,0.0,0.0,0.0,0.0,0.0,2.004,0.0,-0.0,-2.004,0.0,0.0,0.0,0.0,5384.0,-1.0406668663850192e+34,6975.0,0.0,-107615328.0,-107615280.0,-0.0,0.0,0.0,0.0,0.0,63,2.718429300292151e+23,89220.688,0.0,0.0,0.0,0.0,0.0,0.0,0.0,0,0,0,0.0,0.0,0.0,0.0,0.0,0.0,0.0,0.0,0.0,0.0,0.0,0.0,0.0,0.0,0.0,0.0,0,-107875648.0,63,0.0,126,2.7184242562605685e+23,-0.0,ERR,ERR,ERR,ERR,ERR,ERR,ERR,ERR,ERR,ERR,ERR,ERR,ERR,ERR,ERR,ERR,ERR,ERR,ERR,ERR,ERR,ERR,ERR,ERR,ERR,ERR,ERR,ERR,ERR,ERR,ERR,ERR,ERR,ERR,ERR,ERR,ERR,ERR,ERR,ERR,ERR,ERR,ERR,ERR,ERR,ERR,ERR,ERR,ERR,ERR,ERR,ERR,ERR,ERR,ERR,ERR,ERR,ERR,ERR,ERR,ERR,ERR,ERR,ERR,ERR,ERR,ERR,34.0,80.0,35,0.0,0.0,0.0,0.0,0.0,0.0,0.0,0.0,0.0,0.0,0.0,0.0,0.0,0.0,0.0,0.0,64.4,0,116,56,50,65476,0,300,0,0,8,20529,65476,0,0,57672,80.0,0.0,0.0,0.0,0.0,0.0
2026-06-17T04:23:41,ERR,ERR,ERR,ERR,ERR,ERR,ERR,ERR,ERR,ERR,ERR,ERR,ERR,ERR,ERR,ERR,ERR,ERR,ERR,ERR,ERR,ERR,ERR,ERR,ERR,ERR,ERR,ERR,ERR,ERR,ERR,ERR,ERR,ERR,ERR,ERR,ERR,ERR,ERR,ERR,ERR,ERR,ERR,ERR,ERR,ERR,ERR,ERR,ERR,ERR,ERR,ERR,ERR,ERR,ERR,ERR,ERR,ERR,ERR,ERR,ERR,ERR,ERR,ERR,ERR,ERR,ERR,ERR,ERR,ERR,ERR,ERR,ERR,ERR,ERR,ERR,ERR,ERR,ERR,ERR,ERR,ERR,ERR,ERR,ERR,ERR,ERR,ERR,ERR,ERR,ERR,ERR,ERR,ERR,ERR,ERR,ERR,ERR,ERR,ERR,ERR,ERR,ERR,ERR,ERR,ERR,ERR,ERR,ERR,ERR,ERR,ERR,ERR,ERR,ERR,ERR,ERR,ERR,ERR,ERR,ERR,ERR,ERR,ERR,ERR,0.0,0.0,0.0,0.0,0.0,1.3936040501711995e+18,7.805,0.0,0,0,4,0,7300,-0.0,0,0.0,0.0,0.0,0.0,0.0,0,0,0,0,0.0,0,0,0,0,0,0,0,0,0,0,0,0,0,0,0,0,0,0,0,0,0,0,0,0,0,0,0,0,0,0,0,0,0,32,30,30,62,65476,0,300,0,0,8,21553,0.0,-107605600.0,0.0,0.0,0.0,0.0,0.0,0.0,0.0,0.0,0.0,0.0,0.0,0.0,0.0,0.0,0.0,0.0,0.0,0.0,0.0,0.0,2.004,0.0,-0.0,-2.004,0.0,0.0,0.0,0.0,5384.0,-1.0406668663850192e+34,6975.0,0.0,-107615328.0,-107615280.0,-0.0,0.0,0.0,0.0,0.0,63,2.718429300292151e+23,89220.688,0.0,0.0,0.0,0.0,0.0,0.0,0.0,0,0,0,0.0,0.0,0.0,0.0,0.0,0.0,0.0,0.0,0.0,0.0,0.0,0.0,0.0,0.0,0.0,0.0,0,-107875648.0,63,0.0,126,2.7184242562605685e+23,-0.0,ERR,ERR,ERR,ERR,ERR,ERR,ERR,ERR,ERR,ERR,ERR,ERR,ERR,ERR,ERR,ERR,ERR,ERR,ERR,ERR,ERR,ERR,ERR,ERR,ERR,ERR,ERR,ERR,ERR,ERR,ERR,ERR,ERR,ERR,ERR,ERR,ERR,ERR,ERR,ERR,ERR,ERR,ERR,ERR,ERR,ERR,ERR,ERR,ERR,ERR,ERR,ERR,ERR,ERR,ERR,ERR,ERR,ERR,ERR,ERR,ERR,ERR,ERR,ERR,ERR,ERR,ERR,34.0,80.0,35,0.0,0.0,0.0,0.0,0.0,0.0,0.0,0.0,0.0,0.0,0.0,0.0,0.0,0.0,0.0,0.0,64.4,0,116,56,50,65476,0,300,0,0,8,20529,65476,0,0,57672,80.0,0.0,0.0,0.0,0.0,0.0
2026-06-17T04:23:42,ERR,ERR,ERR,ERR,ERR,ERR,ERR,ERR,ERR,ERR,ERR,ERR,ERR,ERR,ERR,ERR,ERR,ERR,ERR,ERR,ERR,ERR,ERR,ERR,ERR,ERR,ERR,ERR,ERR,ERR,ERR,ERR,ERR,ERR,ERR,ERR,ERR,ERR,ERR,ERR,ERR,ERR,ERR,ERR,ERR,ERR,ERR,ERR,ERR,ERR,ERR,ERR,ERR,ERR,ERR,ERR,ERR,ERR,ERR,ERR,ERR,ERR,ERR,ERR,ERR,ERR,ERR,ERR,ERR,ERR,ERR,ERR,ERR,ERR,ERR,ERR,ERR,ERR,ERR,ERR,ERR,ERR,ERR,ERR,ERR,ERR,ERR,ERR,ERR,ERR,ERR,ERR,ERR,ERR,ERR,ERR,ERR,ERR,ERR,ERR,ERR,ERR,ERR,ERR,ERR,ERR,ERR,ERR,ERR,ERR,ERR,ERR,ERR,ERR,ERR,ERR,ERR,ERR,ERR,ERR,ERR,ERR,ERR,ERR,ERR,0.0,0.0,0.0,0.0,0.0,1.3936040501711995e+18,7.805,0.0,0,0,4,0,7300,-0.0,0,0.0,0.0,0.0,0.0,0.0,0,0,0,0,0.0,0,0,0,0,0,0,0,0,0,0,0,0,0,0,0,0,0,0,0,0,0,0,0,0,0,0,0,0,0,0,0,0,0,32,30,30,62,65476,0,300,0,0,8,21553,0.0,-107605600.0,0.0,0.0,0.0,0.0,0.0,0.0,0.0,0.0,0.0,0.0,0.0,0.0,0.0,0.0,0.0,0.0,0.0,0.0,0.0,0.0,2.004,0.0,-0.0,-2.004,0.0,0.0,0.0,0.0,5384.0,-1.0406668663850192e+34,6975.0,0.0,-107615328.0,-107615280.0,-0.0,0.0,0.0,0.0,0.0,63,2.718429300292151e+23,89220.688,0.0,0.0,0.0,0.0,0.0,0.0,0.0,0,0,0,0.0,0.0,0.0,0.0,0.0,0.0,0.0,0.0,0.0,0.0,0.0,0.0,0.0,0.0,0.0,0.0,0,-107875648.0,63,0.0,126,2.7184242562605685e+23,-0.0,ERR,ERR,ERR,ERR,ERR,ERR,ERR,ERR,ERR,ERR,ERR,ERR,ERR,ERR,ERR,ERR,ERR,ERR,ERR,ERR,ERR,ERR,ERR,ERR,ERR,ERR,ERR,ERR,ERR,ERR,ERR,ERR,ERR,ERR,ERR,ERR,ERR,ERR,ERR,ERR,ERR,ERR,ERR,ERR,ERR,ERR,ERR,ERR,ERR,ERR,ERR,ERR,ERR,ERR,ERR,ERR,ERR,ERR,ERR,ERR,ERR,ERR,ERR,ERR,ERR,ERR,ERR,34.0,80.0,35,0.0,0.0,0.0,0.0,0.0,0.0,0.0,0.0,0.0,0.0,0.0,0.0,0.0,0.0,0.0,0.0,64.8,0,116,56,50,65476,0,300,0,0,8,20529,65476,0,0,57672,80.0,0.0,0.0,0.0,0.0,0.0
2026-06-17T04:23:43,ERR,ERR,ERR,ERR,ERR,ERR,ERR,ERR,ERR,ERR,ERR,ERR,ERR,ERR,ERR,ERR,ERR,ERR,ERR,ERR,ERR,ERR,ERR,ERR,ERR,ERR,ERR,ERR,ERR,ERR,ERR,ERR,ERR,ERR,ERR,ERR,ERR,ERR,ERR,ERR,ERR,ERR,ERR,ERR,ERR,ERR,ERR,ERR,ERR,ERR,ERR,ERR,ERR,ERR,ERR,ERR,ERR,ERR,ERR,ERR,ERR,ERR,ERR,ERR,ERR,ERR,ERR,ERR,ERR,ERR,ERR,ERR,ERR,ERR,ERR,ERR,ERR,ERR,ERR,ERR,ERR,ERR,ERR,ERR,ERR,ERR,ERR,ERR,ERR,ERR,ERR,ERR,ERR,ERR,ERR,ERR,ERR,ERR,ERR,ERR,ERR,ERR,ERR,ERR,ERR,ERR,ERR,ERR,ERR,ERR,ERR,ERR,ERR,ERR,ERR,ERR,ERR,ERR,ERR,ERR,ERR,ERR,ERR,ERR,ERR,0.0,0.0,0.0,0.0,0.0,1.3936040501711995e+18,7.805,0.0,0,0,4,0,7300,-0.0,0,0.0,0.0,0.0,0.0,0.0,0,0,0,0,0.0,0,0,0,0,0,0,0,0,0,0,0,0,0,0,0,0,0,0,0,0,0,0,0,0,0,0,0,0,0,0,0,0,0,32,30,30,62,65476,0,300,0,0,8,21553,0.0,-107605600.0,0.0,0.0,0.0,0.0,0.0,0.0,0.0,0.0,0.0,0.0,0.0,0.0,0.0,0.0,0.0,0.0,0.0,0.0,0.0,0.0,2.004,2.004,-0.0,-2.004,0.0,0.0,0.0,0.0,5385.0,-1.0406668663850192e+34,6975.0,0.0,-107615328.0,-107615280.0,-0.0,0.0,0.0,0.0,0.0,63,3.222027116945945e+26,89220.688,0.0,0.0,0.0,0.0,0.0,0.0,0.0,0,0,0,0.0,0.0,0.0,0.0,0.0,0.0,0.0,0.0,0.0,0.0,0.0,0.0,0.0,0.0,0.0,0.0,0,-107875648.0,63,0.0,126,2.7184242562605685e+23,-0.0,ERR,ERR,ERR,ERR,ERR,ERR,ERR,ERR,ERR,ERR,ERR,ERR,ERR,ERR,ERR,ERR,ERR,ERR,ERR,ERR,ERR,ERR,ERR,ERR,ERR,ERR,ERR,ERR,ERR,ERR,ERR,ERR,ERR,ERR,ERR,ERR,ERR,ERR,ERR,ERR,ERR,ERR,ERR,ERR,ERR,ERR,ERR,ERR,ERR,ERR,ERR,ERR,ERR,ERR,ERR,ERR,ERR,ERR,ERR,ERR,ERR,ERR,ERR,ERR,ERR,ERR,ERR,34.0,80.0,35,0.0,0.0,0.0,0.0,0.0,0.0,0.0,0.0,0.0,0.0,0.0,0.0,0.0,0.0,0.0,0.0,64.8,0,116,56,50,65476,0,300,0,0,8,20529,65476,0,0,57672,80.0,0.0,0.0,0.0,0.0,0.0
2026-06-17T04:23:44,ERR,ERR,ERR,ERR,ERR,ERR,ERR,ERR,ERR,ERR,ERR,ERR,ERR,ERR,ERR,ERR,ERR,ERR,ERR,ERR,ERR,ERR,ERR,ERR,ERR,ERR,ERR,ERR,ERR,ERR,ERR,ERR,ERR,ERR,ERR,ERR,ERR,ERR,ERR,ERR,ERR,ERR,ERR,ERR,ERR,ERR,ERR,ERR,ERR,ERR,ERR,ERR,ERR,ERR,ERR,ERR,ERR,ERR,ERR,ERR,ERR,ERR,ERR,ERR,ERR,ERR,ERR,ERR,ERR,ERR,ERR,ERR,ERR,ERR,ERR,ERR,ERR,ERR,ERR,ERR,ERR,ERR,ERR,ERR,ERR,ERR,ERR,ERR,ERR,ERR,ERR,ERR,ERR,ERR,ERR,ERR,ERR,ERR,ERR,ERR,ERR,ERR,ERR,ERR,ERR,ERR,ERR,ERR,ERR,ERR,ERR,ERR,ERR,ERR,ERR,ERR,ERR,ERR,ERR,ERR,ERR,ERR,ERR,ERR,ERR,0.0,0.0,0.0,0.0,0.0,1.3936040501711995e+18,7.805,0.0,0,0,4,0,7300,-0.0,0,0.0,0.0,0.0,0.0,0.0,0,0,0,0,0.0,0,0,0,0,0,0,0,0,0,0,0,0,0,0,0,0,0,0,0,0,0,0,0,0,0,0,0,0,0,0,0,0,0,32,30,30,62,65476,0,300,0,0,8,21553,0.0,-107605600.0,0.0,0.0,0.0,0.0,0.0,0.0,0.0,0.0,0.0,0.0,0.0,0.0,0.0,0.0,0.0,0.0,0.0,0.0,0.0,0.0,2.004,2.004,-0.0,-2.004,0.0,0.0,0.0,0.0,5385.0,-1.0406668663850192e+34,6975.0,0.0,-107615328.0,-107615280.0,-0.0,0.0,0.0,0.0,0.0,63,3.222027116945945e+26,89220.688,0.0,0.0,0.0,0.0,0.0,0.0,0.0,0,0,0,0.0,0.0,0.0,0.0,0.0,0.0,0.0,0.0,0.0,0.0,0.0,0.0,0.0,0.0,0.0,0.0,0,-107875648.0,63,0.0,126,2.7184242562605685e+23,-0.0,ERR,ERR,ERR,ERR,ERR,ERR,ERR,ERR,ERR,ERR,ERR,ERR,ERR,ERR,ERR,ERR,ERR,ERR,ERR,ERR,ERR,ERR,ERR,ERR,ERR,ERR,ERR,ERR,ERR,ERR,ERR,ERR,ERR,ERR,ERR,ERR,ERR,ERR,ERR,ERR,ERR,ERR,ERR,ERR,ERR,ERR,ERR,ERR,ERR,ERR,ERR,ERR,ERR,ERR,ERR,ERR,ERR,ERR,ERR,ERR,ERR,ERR,ERR,ERR,ERR,ERR,ERR,34.0,80.0,35,0.0,0.0,0.0,0.0,0.0,0.0,0.0,0.0,0.0,0.0,0.0,0.0,0.0,0.0,0.0,0.0,64.8,0,116,56,50,65476,0,300,0,0,8,20529,65476,0,0,57672,80.0,0.0,0.0,0.0,0.0,0.0
2026-06-17T04:23:45,ERR,ERR,ERR,ERR,ERR,ERR,ERR,ERR,ERR,ERR,ERR,ERR,ERR,ERR,ERR,ERR,ERR,ERR,ERR,ERR,ERR,ERR,ERR,ERR,ERR,ERR,ERR,ERR,ERR,ERR,ERR,ERR,ERR,ERR,ERR,ERR,ERR,ERR,ERR,ERR,ERR,ERR,ERR,ERR,ERR,ERR,ERR,ERR,ERR,ERR,ERR,ERR,ERR,ERR,ERR,ERR,ERR,ERR,ERR,ERR,ERR,ERR,ERR,ERR,ERR,ERR,ERR,ERR,ERR,ERR,ERR,ERR,ERR,ERR,ERR,ERR,ERR,ERR,ERR,ERR,ERR,ERR,ERR,ERR,ERR,ERR,ERR,ERR,ERR,ERR,ERR,ERR,ERR,ERR,ERR,ERR,ERR,ERR,ERR,ERR,ERR,ERR,ERR,ERR,ERR,ERR,ERR,ERR,ERR,ERR,ERR,ERR,ERR,ERR,ERR,ERR,ERR,ERR,ERR,ERR,ERR,ERR,ERR,ERR,ERR,0.0,0.0,0.0,0.0,0.0,1.3936040501711995e+18,7.805,0.0,0,0,4,0,7300,-0.0,0,0.0,0.0,0.0,0.0,0.0,0,0,0,0,0.0,0,0,0,0,0,0,0,0,0,0,0,0,0,0,0,0,0,0,0,0,0,0,0,0,0,0,0,0,0,0,0,0,0,32,30,30,62,65476,0,300,0,0,8,21553,0.0,-107605600.0,0.0,0.0,0.0,0.0,0.0,0.0,0.0,0.0,0.0,0.0,0.0,0.0,0.0,0.0,0.0,0.0,0.0,0.0,0.0,0.0,2.004,2.004,-0.0,-2.004,0.0,0.0,0.0,0.0,5385.0,-1.0406668663850192e+34,6975.0,0.0,-107615328.0,-107615280.0,-0.0,0.0,0.0,0.0,0.0,63,3.222027116945945e+26,89220.688,0.0,0.0,0.0,0.0,0.0,0.0,0.0,0,0,0,0.0,0.0,0.0,0.0,0.0,0.0,0.0,0.0,0.0,0.0,0.0,0.0,0.0,0.0,0.0,0.0,0,-107875648.0,63,0.0,126,2.7184242562605685e+23,-0.0,ERR,ERR,ERR,ERR,ERR,ERR,ERR,ERR,ERR,ERR,ERR,ERR,ERR,ERR,ERR,ERR,ERR,ERR,ERR,ERR,ERR,ERR,ERR,ERR,ERR,ERR,ERR,ERR,ERR,ERR,ERR,ERR,ERR,ERR,ERR,ERR,ERR,ERR,ERR,ERR,ERR,ERR,ERR,ERR,ERR,ERR,ERR,ERR,ERR,ERR,ERR,ERR,ERR,ERR,ERR,ERR,ERR,ERR,ERR,ERR,ERR,ERR,ERR,ERR,ERR,ERR,ERR,34.0,80.0,35,0.0,0.0,0.0,0.0,0.0,0.0,0.0,0.0,0.0,0.0,0.0,0.0,0.0,0.0,0.0,0.0,64.8,0,116,56,50,65476,0,300,0,0,8,20529,65476,0,0,57672,80.0,0.0,0.0,0.0,0.0,0.0
2026-06-17T04:23:46,ERR,ERR,ERR,ERR,ERR,ERR,ERR,ERR,ERR,ERR,ERR,ERR,ERR,ERR,ERR,ERR,ERR,ERR,ERR,ERR,ERR,ERR,ERR,ERR,ERR,ERR,ERR,ERR,ERR,ERR,ERR,ERR,ERR,ERR,ERR,ERR,ERR,ERR,ERR,ERR,ERR,ERR,ERR,ERR,ERR,ERR,ERR,ERR,ERR,ERR,ERR,ERR,ERR,ERR,ERR,ERR,ERR,ERR,ERR,ERR,ERR,ERR,ERR,ERR,ERR,ERR,ERR,ERR,ERR,ERR,ERR,ERR,ERR,ERR,ERR,ERR,ERR,ERR,ERR,ERR,ERR,ERR,ERR,ERR,ERR,ERR,ERR,ERR,ERR,ERR,ERR,ERR,ERR,ERR,ERR,ERR,ERR,ERR,ERR,ERR,ERR,ERR,ERR,ERR,ERR,ERR,ERR,ERR,ERR,ERR,ERR,ERR,ERR,ERR,ERR,ERR,ERR,ERR,ERR,ERR,ERR,ERR,ERR,ERR,ERR,0.0,0.0,0.0,0.0,0.0,1.3936040501711995e+18,7.805,0.0,0,0,4,0,7300,-0.0,0,0.0,0.0,0.0,0.0,0.0,0,0,0,0,0.0,0,0,0,0,0,0,0,0,0,0,0,0,0,0,0,0,0,0,0,0,0,0,0,0,0,0,0,0,0,0,0,0,0,32,30,30,62,65476,0,300,0,0,8,21553,0.0,-107605600.0,0.0,0.0,0.0,0.0,0.0,0.0,0.0,0.0,0.0,0.0,0.0,0.0,0.0,0.0,0.0,0.0,0.0,0.0,0.0,0.0,2.004,2.004,-0.0,-2.004,0.0,0.0,0.0,0.0,5385.0,-1.0406668663850192e+34,6975.0,0.0,-107615328.0,-107615280.0,-0.0,0.0,0.0,0.0,0.0,63,3.222027116945945e+26,89220.688,0.0,0.0,0.0,0.0,0.0,0.0,0.0,0,0,0,0.0,0.0,0.0,0.0,0.0,0.0,0.0,0.0,0.0,0.0,0.0,0.0,0.0,0.0,0.0,0.0,0,-107875648.0,63,0.0,126,2.7184242562605685e+23,-0.0,ERR,ERR,ERR,ERR,ERR,ERR,ERR,ERR,ERR,ERR,ERR,ERR,ERR,ERR,ERR,ERR,ERR,ERR,ERR,ERR,ERR,ERR,ERR,ERR,ERR,ERR,ERR,ERR,ERR,ERR,ERR,ERR,ERR,ERR,ERR,ERR,ERR,ERR,ERR,ERR,ERR,ERR,ERR,ERR,ERR,ERR,ERR,ERR,ERR,ERR,ERR,ERR,ERR,ERR,ERR,ERR,ERR,ERR,ERR,ERR,ERR,ERR,ERR,ERR,ERR,ERR,ERR,34.0,80.0,35,0.0,0.0,0.0,0.0,0.0,0.0,0.0,0.0,0.0,0.0,0.0,0.0,0.0,0.0,0.0,0.0,64.4,0,116,56,50,65476,0,300,0,0,8,20529,65476,0,0,57672,80.0,0.0,0.0,0.0,0.0,0.0
2026-06-17T04:23:47,ERR,ERR,ERR,ERR,ERR,ERR,ERR,ERR,ERR,ERR,ERR,ERR,ERR,ERR,ERR,ERR,ERR,ERR,ERR,ERR,ERR,ERR,ERR,ERR,ERR,ERR,ERR,ERR,ERR,ERR,ERR,ERR,ERR,ERR,ERR,ERR,ERR,ERR,ERR,ERR,ERR,ERR,ERR,ERR,ERR,ERR,ERR,ERR,ERR,ERR,ERR,ERR,ERR,ERR,ERR,ERR,ERR,ERR,ERR,ERR,ERR,ERR,ERR,ERR,ERR,ERR,ERR,ERR,ERR,ERR,ERR,ERR,ERR,ERR,ERR,ERR,ERR,ERR,ERR,ERR,ERR,ERR,ERR,ERR,ERR,ERR,ERR,ERR,ERR,ERR,ERR,ERR,ERR,ERR,ERR,ERR,ERR,ERR,ERR,ERR,ERR,ERR,ERR,ERR,ERR,ERR,ERR,ERR,ERR,ERR,ERR,ERR,ERR,ERR,ERR,ERR,ERR,ERR,ERR,ERR,ERR,ERR,ERR,ERR,ERR,0.0,0.0,0.0,0.0,0.0,1.3936040501711995e+18,7.805,0.0,0,0,4,0,7300,-0.0,0,0.0,0.0,0.0,0.0,0.0,0,0,0,0,0.0,0,0,0,0,0,0,0,0,0,0,0,0,0,0,0,0,0,0,0,0,0,0,0,0,0,0,0,0,0,0,0,0,0,32,30,30,62,65476,0,300,0,0,8,21553,0.0,-107605600.0,0.0,0.0,0.0,0.0,0.0,0.0,0.0,0.0,0.0,0.0,0.0,0.0,0.0,0.0,0.0,0.0,0.0,0.0,0.0,0.0,2.004,2.004,-0.0,-2.004,0.0,0.0,0.0,0.0,5385.0,-1.0406668663850192e+34,6975.0,0.0,-107615328.0,-107615280.0,-0.0,0.0,0.0,0.0,0.0,63,3.222027116945945e+26,89220.688,0.0,0.0,0.0,0.0,0.0,0.0,0.0,0,0,0,0.0,0.0,0.0,0.0,0.0,0.0,0.0,0.0,0.0,0.0,0.0,0.0,0.0,0.0,0.0,0.0,0,-107875648.0,63,0.0,126,2.7184242562605685e+23,-0.0,ERR,ERR,ERR,ERR,ERR,ERR,ERR,ERR,ERR,ERR,ERR,ERR,ERR,ERR,ERR,ERR,ERR,ERR,ERR,ERR,ERR,ERR,ERR,ERR,ERR,ERR,ERR,ERR,ERR,ERR,ERR,ERR,ERR,ERR,ERR,ERR,ERR,ERR,ERR,ERR,ERR,ERR,ERR,ERR,ERR,ERR,ERR,ERR,ERR,ERR,ERR,ERR,ERR,ERR,ERR,ERR,ERR,ERR,ERR,ERR,ERR,ERR,ERR,ERR,ERR,ERR,ERR,34.0,80.0,35,0.0,0.0,0.0,0.0,0.0,0.0,0.0,0.0,0.0,0.0,0.0,0.0,0.0,0.0,0.0,0.0,64.4,0,116,56,50,65476,0,300,0,0,8,20529,65476,0,0,57672,80.0,0.0,0.0,0.0,0.0,0.0
2026-06-17T04:23:48,ERR,ERR,ERR,ERR,ERR,ERR,ERR,ERR,ERR,ERR,ERR,ERR,ERR,ERR,ERR,ERR,ERR,ERR,ERR,ERR,ERR,ERR,ERR,ERR,ERR,ERR,ERR,ERR,ERR,ERR,ERR,ERR,ERR,ERR,ERR,ERR,ERR,ERR,ERR,ERR,ERR,ERR,ERR,ERR,ERR,ERR,ERR,ERR,ERR,ERR,ERR,ERR,ERR,ERR,ERR,ERR,ERR,ERR,ERR,ERR,ERR,ERR,ERR,ERR,ERR,ERR,ERR,ERR,ERR,ERR,ERR,ERR,ERR,ERR,ERR,ERR,ERR,ERR,ERR,ERR,ERR,ERR,ERR,ERR,ERR,ERR,ERR,ERR,ERR,ERR,ERR,ERR,ERR,ERR,ERR,ERR,ERR,ERR,ERR,ERR,ERR,ERR,ERR,ERR,ERR,ERR,ERR,ERR,ERR,ERR,ERR,ERR,ERR,ERR,ERR,ERR,ERR,ERR,ERR,ERR,ERR,ERR,ERR,ERR,ERR,0.0,0.0,0.0,0.0,0.0,1.3936040501711995e+18,7.805,0.0,0,0,4,0,7300,-0.0,0,0.0,0.0,0.0,0.0,0.0,0,0,0,0,0.0,0,0,0,0,0,0,0,0,0,0,0,0,0,0,0,0,0,0,0,0,0,0,0,0,0,0,0,0,0,0,0,0,0,32,30,30,62,65476,0,300,0,0,8,21553,0.0,-107605600.0,0.0,0.0,0.0,0.0,0.0,0.0,0.0,0.0,0.0,0.0,0.0,0.0,0.0,0.0,0.0,0.0,0.0,0.0,0.0,0.0,2.004,2.004,-0.0,-2.004,0.0,0.0,0.0,0.0,5385.0,-2.4229913632967957e+24,6975.0,0.0,-107615328.0,-107615280.0,-0.0,0.0,0.0,0.0,0.0,63,3.222027116945945e+26,89220.688,0.0,0.0,0.0,0.0,0.0,0.0,0.0,0,0,0,0.0,0.0,0.0,0.0,0.0,0.0,0.0,0.0,0.0,0.0,0.0,0.0,0.0,0.0,0.0,0.0,0,-107875648.0,63,0.0,126,2.7184242562605685e+23,-0.0,ERR,ERR,ERR,ERR,ERR,ERR,ERR,ERR,ERR,ERR,ERR,ERR,ERR,ERR,ERR,ERR,ERR,ERR,ERR,ERR,ERR,ERR,ERR,ERR,ERR,ERR,ERR,ERR,ERR,ERR,ERR,ERR,ERR,ERR,ERR,ERR,ERR,ERR,ERR,ERR,ERR,ERR,ERR,ERR,ERR,ERR,ERR,ERR,ERR,ERR,ERR,ERR,ERR,ERR,ERR,ERR,ERR,ERR,ERR,ERR,ERR,ERR,ERR,ERR,ERR,ERR,ERR,34.0,80.0,35,0.0,0.0,0.0,0.0,0.0,0.0,0.0,0.0,0.0,0.0,0.0,0.0,0.0,0.0,0.0,0.0,64.4,0,116,56,50,65476,0,300,0,0,8,20529,65476,0,0,57672,80.0,0.0,0.0,0.0,0.0,0.0
2026-06-17T04:23:49,ERR,ERR,ERR,ERR,ERR,ERR,ERR,ERR,ERR,ERR,ERR,ERR,ERR,ERR,ERR,ERR,ERR,ERR,ERR,ERR,ERR,ERR,ERR,ERR,ERR,ERR,ERR,ERR,ERR,ERR,ERR,ERR,ERR,ERR,ERR,ERR,ERR,ERR,ERR,ERR,ERR,ERR,ERR,ERR,ERR,ERR,ERR,ERR,ERR,ERR,ERR,ERR,ERR,ERR,ERR,ERR,ERR,ERR,ERR,ERR,ERR,ERR,ERR,ERR,ERR,ERR,ERR,ERR,ERR,ERR,ERR,ERR,ERR,ERR,ERR,ERR,ERR,ERR,ERR,ERR,ERR,ERR,ERR,ERR,ERR,ERR,ERR,ERR,ERR,ERR,ERR,ERR,ERR,ERR,ERR,ERR,ERR,ERR,ERR,ERR,ERR,ERR,ERR,ERR,ERR,ERR,ERR,ERR,ERR,ERR,ERR,ERR,ERR,ERR,ERR,ERR,ERR,ERR,ERR,ERR,ERR,ERR,ERR,ERR,ERR,0.0,0.0,0.0,0.0,0.0,1.3936040501711995e+18,7.805,0.0,0,0,4,0,7300,-0.0,0,0.0,0.0,0.0,0.0,0.0,0,0,0,0,0.0,0,0,0,0,0,0,0,0,0,0,0,0,0,0,0,0,0,0,0,0,0,0,0,0,0,0,0,0,0,0,0,0,0,32,30,30,62,65476,0,300,0,0,8,21553,0.0,-107605600.0,0.0,0.0,0.0,0.0,0.0,0.0,0.0,0.0,0.0,0.0,0.0,0.0,0.0,0.0,0.0,0.0,0.0,0.0,0.0,0.0,2.004,2.004,-0.0,-2.004,0.0,0.0,0.0,0.0,5385.0,-2.4229913632967957e+24,6975.0,0.0,-107615328.0,-107615280.0,-0.0,0.0,0.0,0.0,0.0,63,3.222027116945945e+26,89220.688,0.0,0.0,0.0,0.0,0.0,0.0,0.0,0,0,0,0.0,0.0,0.0,0.0,0.0,0.0,0.0,0.0,0.0,0.0,0.0,0.0,0.0,0.0,0.0,0.0,0,-107875648.0,63,0.0,126,2.7184242562605685e+23,-0.0,ERR,ERR,ERR,ERR,ERR,ERR,ERR,ERR,ERR,ERR,ERR,ERR,ERR,ERR,ERR,ERR,ERR,ERR,ERR,ERR,ERR,ERR,ERR,ERR,ERR,ERR,ERR,ERR,ERR,ERR,ERR,ERR,ERR,ERR,ERR,ERR,ERR,ERR,ERR,ERR,ERR,ERR,ERR,ERR,ERR,ERR,ERR,ERR,ERR,ERR,ERR,ERR,ERR,ERR,ERR,ERR,ERR,ERR,ERR,ERR,ERR,ERR,ERR,ERR,ERR,ERR,ERR,34.0,80.0,35,0.0,0.0,0.0,0.0,0.0,0.0,0.0,0.0,0.0,0.0,0.0,0.0,0.0,0.0,0.0,0.0,64.4,0,116,56,50,65476,0,300,0,0,8,20529,65476,0,0,57672,80.0,0.0,0.0,0.0,0.0,0.0
2026-06-17T04:23:50,ERR,ERR,ERR,ERR,ERR,ERR,ERR,ERR,ERR,ERR,ERR,ERR,ERR,ERR,ERR,ERR,ERR,ERR,ERR,ERR,ERR,ERR,ERR,ERR,ERR,ERR,ERR,ERR,ERR,ERR,ERR,ERR,ERR,ERR,ERR,ERR,ERR,ERR,ERR,ERR,ERR,ERR,ERR,ERR,ERR,ERR,ERR,ERR,ERR,ERR,ERR,ERR,ERR,ERR,ERR,ERR,ERR,ERR,ERR,ERR,ERR,ERR,ERR,ERR,ERR,ERR,ERR,ERR,ERR,ERR,ERR,ERR,ERR,ERR,ERR,ERR,ERR,ERR,ERR,ERR,ERR,ERR,ERR,ERR,ERR,ERR,ERR,ERR,ERR,ERR,ERR,ERR,ERR,ERR,ERR,ERR,ERR,ERR,ERR,ERR,ERR,ERR,ERR,ERR,ERR,ERR,ERR,ERR,ERR,ERR,ERR,ERR,ERR,ERR,ERR,ERR,ERR,ERR,ERR,ERR,ERR,ERR,ERR,ERR,ERR,0.0,0.0,0.0,0.0,0.0,1.3936040501711995e+18,7.805,0.0,0,0,4,0,7300,-0.0,0,0.0,0.0,0.0,0.0,0.0,0,0,0,0,0.0,0,0,0,0,0,0,0,0,0,0,0,0,0,0,0,0,0,0,0,0,0,0,0,0,0,0,0,0,0,0,0,0,0,32,30,30,62,65476,0,300,0,0,8,21553,0.0,-107605600.0,0.0,0.0,0.0,0.0,0.0,0.0,0.0,0.0,0.0,0.0,0.0,0.0,0.0,0.0,0.0,0.0,0.0,0.0,0.0,0.0,2.004,2.004,-0.0,-2.004,0.0,0.0,0.0,0.0,5385.0,-2.4229913632967957e+24,6975.0,0.0,-107615328.0,-107615280.0,-0.0,0.0,0.0,0.0,0.0,63,3.222027116945945e+26,89220.688,0.0,0.0,0.0,0.0,0.0,0.0,0.0,0,0,0,0.0,0.0,0.0,0.0,0.0,0.0,0.0,0.0,0.0,0.0,0.0,0.0,0.0,0.0,0.0,0.0,0,-107875648.0,63,0.0,126,2.7184242562605685e+23,-0.0,ERR,ERR,ERR,ERR,ERR,ERR,ERR,ERR,ERR,ERR,ERR,ERR,ERR,ERR,ERR,ERR,ERR,ERR,ERR,ERR,ERR,ERR,ERR,ERR,ERR,ERR,ERR,ERR,ERR,ERR,ERR,ERR,ERR,ERR,ERR,ERR,ERR,ERR,ERR,ERR,ERR,ERR,ERR,ERR,ERR,ERR,ERR,ERR,ERR,ERR,ERR,ERR,ERR,ERR,ERR,ERR,ERR,ERR,ERR,ERR,ERR,ERR,ERR,ERR,ERR,ERR,ERR,34.0,80.0,35,0.0,0.0,0.0,0.0,0.0,0.0,0.0,0.0,0.0,0.0,0.0,0.0,0.0,0.0,0.0,0.0,64.4,0,116,56,50,65476,0,300,0,0,8,20529,65476,0,0,57672,80.0,0.0,0.0,0.0,0.0,0.0
2026-06-17T04:23:51,ERR,ERR,ERR,ERR,ERR,ERR,ERR,ERR,ERR,ERR,ERR,ERR,ERR,ERR,ERR,ERR,ERR,ERR,ERR,ERR,ERR,ERR,ERR,ERR,ERR,ERR,ERR,ERR,ERR,ERR,ERR,ERR,ERR,ERR,ERR,ERR,ERR,ERR,ERR,ERR,ERR,ERR,ERR,ERR,ERR,ERR,ERR,ERR,ERR,ERR,ERR,ERR,ERR,ERR,ERR,ERR,ERR,ERR,ERR,ERR,ERR,ERR,ERR,ERR,ERR,ERR,ERR,ERR,ERR,ERR,ERR,ERR,ERR,ERR,ERR,ERR,ERR,ERR,ERR,ERR,ERR,ERR,ERR,ERR,ERR,ERR,ERR,ERR,ERR,ERR,ERR,ERR,ERR,ERR,ERR,ERR,ERR,ERR,ERR,ERR,ERR,ERR,ERR,ERR,ERR,ERR,ERR,ERR,ERR,ERR,ERR,ERR,ERR,ERR,ERR,ERR,ERR,ERR,ERR,ERR,ERR,ERR,ERR,ERR,ERR,0.0,0.0,0.0,0.0,0.0,1.3936040501711995e+18,7.805,0.0,0,0,4,0,7300,-0.0,0,0.0,0.0,0.0,0.0,0.0,0,0,0,0,0.0,0,0,0,0,0,0,0,0,0,0,0,0,0,0,0,0,0,0,0,0,0,0,0,0,0,0,0,0,0,0,0,0,0,32,30,30,62,65476,0,300,0,0,8,21553,0.0,-107605600.0,0.0,0.0,0.0,0.0,0.0,0.0,0.0,0.0,0.0,0.0,0.0,0.0,0.0,0.0,0.0,0.0,0.0,0.0,0.0,0.0,2.004,2.004,-0.0,-2.004,0.0,0.0,0.0,0.0,5385.0,-2.4229913632967957e+24,6975.0,0.0,-107615328.0,-107615280.0,-0.0,0.0,0.0,0.0,0.0,63,3.222027116945945e+26,89220.688,0.0,0.0,0.0,0.0,0.0,0.0,0.0,0,0,0,0.0,0.0,0.0,0.0,0.0,0.0,0.0,0.0,0.0,0.0,0.0,0.0,0.0,0.0,0.0,0.0,0,-107875648.0,63,0.0,126,2.7184242562605685e+23,-0.0,ERR,ERR,ERR,ERR,ERR,ERR,ERR,ERR,ERR,ERR,ERR,ERR,ERR,ERR,ERR,ERR,ERR,ERR,ERR,ERR,ERR,ERR,ERR,ERR,ERR,ERR,ERR,ERR,ERR,ERR,ERR,ERR,ERR,ERR,ERR,ERR,ERR,ERR,ERR,ERR,ERR,ERR,ERR,ERR,ERR,ERR,ERR,ERR,ERR,ERR,ERR,ERR,ERR,ERR,ERR,ERR,ERR,ERR,ERR,ERR,ERR,ERR,ERR,ERR,ERR,ERR,ERR,34.0,80.0,35,0.0,0.0,0.0,0.0,0.0,0.0,0.0,0.0,0.0,0.0,0.0,0.0,0.0,0.0,0.0,0.0,64.4,0,116,56,50,65476,0,300,0,0,8,20529,65476,0,0,57672,80.0,0.0,0.0,0.0,0.0,0.0
2026-06-17T04:23:52,ERR,ERR,ERR,ERR,ERR,ERR,ERR,ERR,ERR,ERR,ERR,ERR,ERR,ERR,ERR,ERR,ERR,ERR,ERR,ERR,ERR,ERR,ERR,ERR,ERR,ERR,ERR,ERR,ERR,ERR,ERR,ERR,ERR,ERR,ERR,ERR,ERR,ERR,ERR,ERR,ERR,ERR,ERR,ERR,ERR,ERR,ERR,ERR,ERR,ERR,ERR,ERR,ERR,ERR,ERR,ERR,ERR,ERR,ERR,ERR,ERR,ERR,ERR,ERR,ERR,ERR,ERR,ERR,ERR,ERR,ERR,ERR,ERR,ERR,ERR,ERR,ERR,ERR,ERR,ERR,ERR,ERR,ERR,ERR,ERR,ERR,ERR,ERR,ERR,ERR,ERR,ERR,ERR,ERR,ERR,ERR,ERR,ERR,ERR,ERR,ERR,ERR,ERR,ERR,ERR,ERR,ERR,ERR,ERR,ERR,ERR,ERR,ERR,ERR,ERR,ERR,ERR,ERR,ERR,ERR,ERR,ERR,ERR,ERR,ERR,0.0,0.0,0.0,0.0,0.0,1.3936040501711995e+18,7.805,0.0,0,0,4,0,7300,-0.0,0,0.0,0.0,0.0,0.0,0.0,0,0,0,0,0.0,0,0,0,0,0,0,0,0,0,0,0,0,0,0,0,0,0,0,0,0,0,0,0,0,0,0,0,0,0,0,0,0,0,32,30,30,62,65476,0,300,0,0,8,21553,0.0,-107605600.0,0.0,0.0,0.0,0.0,0.0,0.0,0.0,0.0,0.0,0.0,0.0,0.0,0.0,0.0,0.0,0.0,0.0,0.0,0.0,0.0,2.004,2.004,-0.0,-2.004,0.0,0.0,0.0,0.0,5385.0,-2.4229913632967957e+24,6975.0,0.0,-107615328.0,-107615280.0,-0.0,0.0,0.0,0.0,0.0,63,3.222027116945945e+26,89220.688,0.0,0.0,0.0,0.0,0.0,0.0,0.0,0,0,0,0.0,0.0,0.0,0.0,0.0,0.0,0.0,0.0,0.0,0.0,0.0,0.0,0.0,0.0,0.0,0.0,0,-107875648.0,63,0.0,126,2.7184242562605685e+23,-0.0,ERR,ERR,ERR,ERR,ERR,ERR,ERR,ERR,ERR,ERR,ERR,ERR,ERR,ERR,ERR,ERR,ERR,ERR,ERR,ERR,ERR,ERR,ERR,ERR,ERR,ERR,ERR,ERR,ERR,ERR,ERR,ERR,ERR,ERR,ERR,ERR,ERR,ERR,ERR,ERR,ERR,ERR,ERR,ERR,ERR,ERR,ERR,ERR,ERR,ERR,ERR,ERR,ERR,ERR,ERR,ERR,ERR,ERR,ERR,ERR,ERR,ERR,ERR,ERR,ERR,ERR,ERR,34.0,80.0,35,0.0,0.0,0.0,0.0,0.0,0.0,0.0,0.0,0.0,0.0,0.0,0.0,0.0,0.0,0.0,0.0,64.4,0,116,56,50,65476,0,300,0,0,8,20529,65476,0,0,57672,80.0,0.0,0.0,0.0,0.0,0.0
2026-06-17T04:23:53,ERR,ERR,ERR,ERR,ERR,ERR,ERR,ERR,ERR,ERR,ERR,ERR,ERR,ERR,ERR,ERR,ERR,ERR,ERR,ERR,ERR,ERR,ERR,ERR,ERR,ERR,ERR,ERR,ERR,ERR,ERR,ERR,ERR,ERR,ERR,ERR,ERR,ERR,ERR,ERR,ERR,ERR,ERR,ERR,ERR,ERR,ERR,ERR,ERR,ERR,ERR,ERR,ERR,ERR,ERR,ERR,ERR,ERR,ERR,ERR,ERR,ERR,ERR,ERR,ERR,ERR,ERR,ERR,ERR,ERR,ERR,ERR,ERR,ERR,ERR,ERR,ERR,ERR,ERR,ERR,ERR,ERR,ERR,ERR,ERR,ERR,ERR,ERR,ERR,ERR,ERR,ERR,ERR,ERR,ERR,ERR,ERR,ERR,ERR,ERR,ERR,ERR,ERR,ERR,ERR,ERR,ERR,ERR,ERR,ERR,ERR,ERR,ERR,ERR,ERR,ERR,ERR,ERR,ERR,ERR,ERR,ERR,ERR,ERR,ERR,0.0,0.0,0.0,0.0,0.0,1.3936040501711995e+18,7.805,0.0,0,0,4,0,7300,-0.0,0,0.0,0.0,0.0,0.0,0.0,0,0,0,0,0.0,0,0,0,0,0,0,0,0,0,0,0,0,0,0,0,0,0,0,0,0,0,0,0,0,0,0,0,0,0,0,0,0,0,32,30,30,62,65476,0,300,0,0,8,21553,0.0,-107605600.0,0.0,0.0,0.0,0.0,0.0,0.0,0.0,0.0,0.0,0.0,0.0,0.0,0.0,0.0,0.0,0.0,0.0,0.0,0.0,0.0,2.004,2.004,-0.0,-2.004,0.0,0.0,0.0,0.0,5385.0,-2.4229913632967957e+24,6975.0,0.0,-107615328.0,-107615280.0,-0.0,0.0,0.0,0.0,0.0,63,3.222027116945945e+26,89220.688,0.0,0.0,0.0,0.0,0.0,0.0,0.0,0,0,0,0.0,0.0,0.0,0.0,0.0,0.0,0.0,0.0,0.0,0.0,0.0,0.0,0.0,0.0,0.0,0.0,0,-107875648.0,63,0.0,126,2.7184242562605685e+23,-0.0,ERR,ERR,ERR,ERR,ERR,ERR,ERR,ERR,ERR,ERR,ERR,ERR,ERR,ERR,ERR,ERR,ERR,ERR,ERR,ERR,ERR,ERR,ERR,ERR,ERR,ERR,ERR,ERR,ERR,ERR,ERR,ERR,ERR,ERR,ERR,ERR,ERR,ERR,ERR,ERR,ERR,ERR,ERR,ERR,ERR,ERR,ERR,ERR,ERR,ERR,ERR,ERR,ERR,ERR,ERR,ERR,ERR,ERR,ERR,ERR,ERR,ERR,ERR,ERR,ERR,ERR,ERR,34.0,80.0,35,0.0,0.0,0.0,0.0,0.0,0.0,0.0,0.0,0.0,0.0,0.0,0.0,0.0,0.0,0.0,0.0,64.4,0,116,56,50,65476,0,300,0,0,8,20529,65476,0,0,57672,80.0,0.0,0.0,0.0,0.0,0.0
2026-06-17T04:23:54,ERR,ERR,ERR,ERR,ERR,ERR,ERR,ERR,ERR,ERR,ERR,ERR,ERR,ERR,ERR,ERR,ERR,ERR,ERR,ERR,ERR,ERR,ERR,ERR,ERR,ERR,ERR,ERR,ERR,ERR,ERR,ERR,ERR,ERR,ERR,ERR,ERR,ERR,ERR,ERR,ERR,ERR,ERR,ERR,ERR,ERR,ERR,ERR,ERR,ERR,ERR,ERR,ERR,ERR,ERR,ERR,ERR,ERR,ERR,ERR,ERR,ERR,ERR,ERR,ERR,ERR,ERR,ERR,ERR,ERR,ERR,ERR,ERR,ERR,ERR,ERR,ERR,ERR,ERR,ERR,ERR,ERR,ERR,ERR,ERR,ERR,ERR,ERR,ERR,ERR,ERR,ERR,ERR,ERR,ERR,ERR,ERR,ERR,ERR,ERR,ERR,ERR,ERR,ERR,ERR,ERR,ERR,ERR,ERR,ERR,ERR,ERR,ERR,ERR,ERR,ERR,ERR,ERR,ERR,ERR,ERR,ERR,ERR,ERR,ERR,0.0,-107615328.0,0.0,0.0,0.0,1.3936040501711995e+18,7.805,0.0,0,0,4,0,7300,-0.0,0,0.0,0.0,0.0,0.0,0.0,0,0,0,0,0.0,0,0,0,0,0,0,0,0,0,0,0,0,0,0,0,0,0,0,0,0,0,0,0,0,0,0,0,0,0,0,0,0,0,32,30,30,62,65476,0,300,0,0,8,21553,0.0,-107605600.0,0.0,0.0,0.0,0.0,0.0,0.0,0.0,0.0,0.0,0.0,0.0,0.0,0.0,0.0,0.0,0.0,0.0,0.0,0.0,0.0,2.004,2.004,-0.0,-2.004,0.0,0.0,0.0,0.0,5385.0,-0.0,6969.0,0.0,0.0,-107615280.0,-0.0,0.0,0.0,0.0,0.0,63,3.222027116945945e+26,0.0,0.0,0.0,0.0,0.0,0.0,0.0,0.0,0,0,0,0.0,0.0,0.0,0.0,0.0,0.0,0.0,0.0,0.0,0.0,0.0,0.0,0.0,0.0,0.0,0.0,0,-107875648.0,63,0.0,126,2.7184242562605685e+23,-0.0,ERR,ERR,ERR,ERR,ERR,ERR,ERR,ERR,ERR,ERR,ERR,ERR,ERR,ERR,ERR,ERR,ERR,ERR,ERR,ERR,ERR,ERR,ERR,ERR,ERR,ERR,ERR,ERR,ERR,ERR,ERR,ERR,ERR,ERR,ERR,ERR,ERR,ERR,ERR,ERR,ERR,ERR,ERR,ERR,ERR,ERR,ERR,ERR,ERR,ERR,ERR,ERR,ERR,ERR,ERR,ERR,ERR,ERR,ERR,ERR,ERR,ERR,ERR,ERR,ERR,ERR,ERR,34.0,80.0,35,0.0,0.0,0.0,0.0,0.0,0.0,0.0,0.0,0.0,0.0,0.0,0.0,0.0,0.0,0.0,0.0,64.4,0,116,56,50,65476,0,300,0,0,8,20529,65476,0,0,57672,80.0,0.0,0.0,0.0,0.0,0.0
2026-06-17T04:23:55,ERR,ERR,ERR,ERR,ERR,ERR,ERR,ERR,ERR,ERR,ERR,ERR,ERR,ERR,ERR,ERR,ERR,ERR,ERR,ERR,ERR,ERR,ERR,ERR,ERR,ERR,ERR,ERR,ERR,ERR,ERR,ERR,ERR,ERR,ERR,ERR,ERR,ERR,ERR,ERR,ERR,ERR,ERR,ERR,ERR,ERR,ERR,ERR,ERR,ERR,ERR,ERR,ERR,ERR,ERR,ERR,ERR,ERR,ERR,ERR,ERR,ERR,ERR,ERR,ERR,ERR,ERR,ERR,ERR,ERR,ERR,ERR,ERR,ERR,ERR,ERR,ERR,ERR,ERR,ERR,ERR,ERR,ERR,ERR,ERR,ERR,ERR,ERR,ERR,ERR,ERR,ERR,ERR,ERR,ERR,ERR,ERR,ERR,ERR,ERR,ERR,ERR,ERR,ERR,ERR,ERR,ERR,ERR,ERR,ERR,ERR,ERR,ERR,ERR,ERR,ERR,ERR,ERR,ERR,ERR,ERR,ERR,ERR,ERR,ERR,0.0,-107615328.0,0.0,0.0,0.0,1.3936040501711995e+18,7.805,0.0,0,0,4,0,7300,-0.0,0,0.0,0.0,0.0,0.0,0.0,0,0,0,0,0.0,0,0,0,0,0,0,0,0,0,0,0,0,0,0,0,0,0,0,0,0,0,0,0,0,0,0,0,0,0,0,0,0,0,32,30,30,62,65476,0,300,0,0,8,21553,0.0,-107605600.0,0.0,0.0,0.0,0.0,0.0,0.0,0.0,0.0,0.0,0.0,0.0,0.0,0.0,0.0,0.0,0.0,0.0,0.0,0.0,0.0,2.004,2.004,-0.0,-2.004,0.0,0.0,0.0,0.0,5385.0,-0.0,6969.0,0.0,0.0,-107615280.0,-0.0,0.0,0.0,0.0,0.0,63,3.222027116945945e+26,0.0,0.0,0.0,0.0,0.0,0.0,0.0,0.0,0,0,0,0.0,0.0,0.0,0.0,0.0,0.0,0.0,0.0,0.0,0.0,0.0,0.0,0.0,0.0,0.0,0.0,0,-107875648.0,63,0.0,126,2.7184242562605685e+23,-0.0,ERR,ERR,ERR,ERR,ERR,ERR,ERR,ERR,ERR,ERR,ERR,ERR,ERR,ERR,ERR,ERR,ERR,ERR,ERR,ERR,ERR,ERR,ERR,ERR,ERR,ERR,ERR,ERR,ERR,ERR,ERR,ERR,ERR,ERR,ERR,ERR,ERR,ERR,ERR,ERR,ERR,ERR,ERR,ERR,ERR,ERR,ERR,ERR,ERR,ERR,ERR,ERR,ERR,ERR,ERR,ERR,ERR,ERR,ERR,ERR,ERR,ERR,ERR,ERR,ERR,ERR,ERR,34.0,80.0,35,0.0,0.0,0.0,0.0,0.0,0.0,0.0,0.0,0.0,0.0,0.0,0.0,0.0,0.0,0.0,0.0,64.8,0,116,56,50,65476,0,300,0,0,8,20529,65476,0,0,57672,80.0,0.0,0.0,0.0,0.0,0.0
2026-06-17T04:23:56,ERR,ERR,ERR,ERR,ERR,ERR,ERR,ERR,ERR,ERR,ERR,ERR,ERR,ERR,ERR,ERR,ERR,ERR,ERR,ERR,ERR,ERR,ERR,ERR,ERR,ERR,ERR,ERR,ERR,ERR,ERR,ERR,ERR,ERR,ERR,ERR,ERR,ERR,ERR,ERR,ERR,ERR,ERR,ERR,ERR,ERR,ERR,ERR,ERR,ERR,ERR,ERR,ERR,ERR,ERR,ERR,ERR,ERR,ERR,ERR,ERR,ERR,ERR,ERR,ERR,ERR,ERR,ERR,ERR,ERR,ERR,ERR,ERR,ERR,ERR,ERR,ERR,ERR,ERR,ERR,ERR,ERR,ERR,ERR,ERR,ERR,ERR,ERR,ERR,ERR,ERR,ERR,ERR,ERR,ERR,ERR,ERR,ERR,ERR,ERR,ERR,ERR,ERR,ERR,ERR,ERR,ERR,ERR,ERR,ERR,ERR,ERR,ERR,ERR,ERR,ERR,ERR,ERR,ERR,ERR,ERR,ERR,ERR,ERR,ERR,0.0,-107615328.0,0.0,0.0,0.0,1.3936040501711995e+18,7.805,0.0,0,0,4,0,7300,-0.0,0,0.0,0.0,0.0,0.0,0.0,0,0,0,0,0.0,0,0,0,0,0,0,0,0,0,0,0,0,0,0,0,0,0,0,0,0,0,0,0,0,0,0,0,0,0,0,0,0,0,32,30,30,62,65476,0,300,0,0,8,21553,0.0,-107605600.0,0.0,0.0,0.0,0.0,0.0,0.0,0.0,0.0,0.0,0.0,0.0,0.0,0.0,0.0,0.0,0.0,0.0,0.0,0.0,0.0,2.004,2.004,-0.0,-2.004,0.0,0.0,0.0,0.0,5385.0,-0.0,6969.0,0.0,0.0,-107615280.0,-0.0,0.0,0.0,0.0,0.0,63,3.222027116945945e+26,0.0,0.0,0.0,0.0,0.0,0.0,0.0,0.0,0,0,0,0.0,0.0,0.0,0.0,0.0,0.0,0.0,0.0,0.0,0.0,0.0,0.0,0.0,0.0,0.0,0.0,0,-107875648.0,63,0.0,126,2.7184242562605685e+23,-0.0,ERR,ERR,ERR,ERR,ERR,ERR,ERR,ERR,ERR,ERR,ERR,ERR,ERR,ERR,ERR,ERR,ERR,ERR,ERR,ERR,ERR,ERR,ERR,ERR,ERR,ERR,ERR,ERR,ERR,ERR,ERR,ERR,ERR,ERR,ERR,ERR,ERR,ERR,ERR,ERR,ERR,ERR,ERR,ERR,ERR,ERR,ERR,ERR,ERR,ERR,ERR,ERR,ERR,ERR,ERR,ERR,ERR,ERR,ERR,ERR,ERR,ERR,ERR,ERR,ERR,ERR,ERR,34.0,80.0,35,0.0,0.0,0.0,0.0,0.0,0.0,0.0,0.0,0.0,0.0,0.0,0.0,0.0,0.0,0.0,0.0,64.8,0,116,56,50,65476,0,300,0,0,8,20529,65476,0,0,57672,80.0,0.0,0.0,0.0,0.0,0.0
2026-06-17T04:23:57,ERR,ERR,ERR,ERR,ERR,ERR,ERR,ERR,ERR,ERR,ERR,ERR,ERR,ERR,ERR,ERR,ERR,ERR,ERR,ERR,ERR,ERR,ERR,ERR,ERR,ERR,ERR,ERR,ERR,ERR,ERR,ERR,ERR,ERR,ERR,ERR,ERR,ERR,ERR,ERR,ERR,ERR,ERR,ERR,ERR,ERR,ERR,ERR,ERR,ERR,ERR,ERR,ERR,ERR,ERR,ERR,ERR,ERR,ERR,ERR,ERR,ERR,ERR,ERR,ERR,ERR,ERR,ERR,ERR,ERR,ERR,ERR,ERR,ERR,ERR,ERR,ERR,ERR,ERR,ERR,ERR,ERR,ERR,ERR,ERR,ERR,ERR,ERR,ERR,ERR,ERR,ERR,ERR,ERR,ERR,ERR,ERR,ERR,ERR,ERR,ERR,ERR,ERR,ERR,ERR,ERR,ERR,ERR,ERR,ERR,ERR,ERR,ERR,ERR,ERR,ERR,ERR,ERR,ERR,ERR,ERR,ERR,ERR,ERR,ERR,0.0,-107615328.0,0.0,0.0,0.0,1.3936040501711995e+18,7.805,0.0,0,0,4,0,7300,-0.0,0,0.0,0.0,0.0,0.0,0.0,0,0,0,0,0.0,0,0,0,0,0,0,0,0,0,0,0,0,0,0,0,0,0,0,0,0,0,0,0,0,0,0,0,0,0,0,0,0,0,32,30,30,62,65476,0,300,0,0,8,21553,0.0,-107605600.0,0.0,0.0,0.0,0.0,0.0,0.0,0.0,0.0,0.0,0.0,0.0,0.0,0.0,0.0,0.0,0.0,0.0,0.0,0.0,0.0,2.004,2.004,-0.0,-2.004,0.0,0.0,0.0,0.0,5385.0,-0.0,6969.0,0.0,0.0,-107615280.0,-0.0,0.0,0.0,0.0,0.0,63,3.222027116945945e+26,0.0,0.0,0.0,0.0,0.0,0.0,0.0,0.0,0,0,0,0.0,0.0,0.0,0.0,0.0,0.0,0.0,0.0,0.0,0.0,0.0,0.0,0.0,0.0,0.0,0.0,0,-107875648.0,63,0.0,126,2.7184242562605685e+23,-0.0,ERR,ERR,ERR,ERR,ERR,ERR,ERR,ERR,ERR,ERR,ERR,ERR,ERR,ERR,ERR,ERR,ERR,ERR,ERR,ERR,ERR,ERR,ERR,ERR,ERR,ERR,ERR,ERR,ERR,ERR,ERR,ERR,ERR,ERR,ERR,ERR,ERR,ERR,ERR,ERR,ERR,ERR,ERR,ERR,ERR,ERR,ERR,ERR,ERR,ERR,ERR,ERR,ERR,ERR,ERR,ERR,ERR,ERR,ERR,ERR,ERR,ERR,ERR,ERR,ERR,ERR,ERR,34.0,80.0,35,0.0,0.0,0.0,0.0,0.0,0.0,0.0,0.0,0.0,0.0,0.0,0.0,0.0,0.0,0.0,0.0,64.4,0,116,56,50,65476,0,300,0,0,8,20529,65476,0,0,57672,80.0,0.0,0.0,0.0,0.0,0.0
2026-06-17T04:23:58,ERR,ERR,ERR,ERR,ERR,ERR,ERR,ERR,ERR,ERR,ERR,ERR,ERR,ERR,ERR,ERR,ERR,ERR,ERR,ERR,ERR,ERR,ERR,ERR,ERR,ERR,ERR,ERR,ERR,ERR,ERR,ERR,ERR,ERR,ERR,ERR,ERR,ERR,ERR,ERR,ERR,ERR,ERR,ERR,ERR,ERR,ERR,ERR,ERR,ERR,ERR,ERR,ERR,ERR,ERR,ERR,ERR,ERR,ERR,ERR,ERR,ERR,ERR,ERR,ERR,ERR,ERR,ERR,ERR,ERR,ERR,ERR,ERR,ERR,ERR,ERR,ERR,ERR,ERR,ERR,ERR,ERR,ERR,ERR,ERR,ERR,ERR,ERR,ERR,ERR,ERR,ERR,ERR,ERR,ERR,ERR,ERR,ERR,ERR,ERR,ERR,ERR,ERR,ERR,ERR,ERR,ERR,ERR,ERR,ERR,ERR,ERR,ERR,ERR,ERR,ERR,ERR,ERR,ERR,ERR,ERR,ERR,ERR,ERR,ERR,0.0,-107615328.0,0.0,0.0,0.0,1.3936040501711995e+18,7.805,0.0,0,0,4,0,7300,-0.0,0,0.0,0.0,0.0,0.0,0.0,0,0,0,0,0.0,0,0,0,0,0,0,0,0,0,0,0,0,0,0,0,0,0,0,0,0,0,0,0,0,0,0,0,0,0,0,0,0,0,32,30,30,62,65476,0,300,0,0,8,21553,0.0,-107605600.0,0.0,0.0,0.0,0.0,0.0,0.0,0.0,0.0,0.0,0.0,0.0,0.0,0.0,0.0,0.0,0.0,0.0,0.0,0.0,0.0,2.004,2.004,-0.0,-2.004,0.0,0.0,0.0,0.0,5385.0,-0.0,6969.0,0.0,0.0,-107615280.0,-0.0,0.0,0.0,0.0,0.0,63,3.222027116945945e+26,0.0,0.0,0.0,0.0,0.0,0.0,0.0,0.0,0,0,0,0.0,0.0,0.0,0.0,0.0,0.0,0.0,0.0,0.0,0.0,0.0,0.0,0.0,0.0,0.0,0.0,0,-107875648.0,63,0.0,126,2.7184242562605685e+23,-0.0,ERR,ERR,ERR,ERR,ERR,ERR,ERR,ERR,ERR,ERR,ERR,ERR,ERR,ERR,ERR,ERR,ERR,ERR,ERR,ERR,ERR,ERR,ERR,ERR,ERR,ERR,ERR,ERR,ERR,ERR,ERR,ERR,ERR,ERR,ERR,ERR,ERR,ERR,ERR,ERR,ERR,ERR,ERR,ERR,ERR,ERR,ERR,ERR,ERR,ERR,ERR,ERR,ERR,ERR,ERR,ERR,ERR,ERR,ERR,ERR,ERR,ERR,ERR,ERR,ERR,ERR,ERR,34.0,80.0,35,0.0,0.0,0.0,0.0,0.0,0.0,0.0,0.0,0.0,0.0,0.0,0.0,0.0,0.0,0.0,0.0,64.4,0,116,56,50,65476,0,300,0,0,8,20529,65476,0,0,57672,80.0,0.0,0.0,0.0,0.0,0.0
2026-06-17T04:23:59,ERR,ERR,ERR,ERR,ERR,ERR,ERR,ERR,ERR,ERR,ERR,ERR,ERR,ERR,ERR,ERR,ERR,ERR,ERR,ERR,ERR,ERR,ERR,ERR,ERR,ERR,ERR,ERR,ERR,ERR,ERR,ERR,ERR,ERR,ERR,ERR,ERR,ERR,ERR,ERR,ERR,ERR,ERR,ERR,ERR,ERR,ERR,ERR,ERR,ERR,ERR,ERR,ERR,ERR,ERR,ERR,ERR,ERR,ERR,ERR,ERR,ERR,ERR,ERR,ERR,ERR,ERR,ERR,ERR,ERR,ERR,ERR,ERR,ERR,ERR,ERR,ERR,ERR,ERR,ERR,ERR,ERR,ERR,ERR,ERR,ERR,ERR,ERR,ERR,ERR,ERR,ERR,ERR,ERR,ERR,ERR,ERR,ERR,ERR,ERR,ERR,ERR,ERR,ERR,ERR,ERR,ERR,ERR,ERR,ERR,ERR,ERR,ERR,ERR,ERR,ERR,ERR,ERR,ERR,ERR,ERR,ERR,ERR,ERR,ERR,0.0,-107615328.0,0.0,0.0,0.0,1.3936040501711995e+18,7.805,0.0,0,0,4,0,7300,-0.0,0,0.0,0.0,0.0,0.0,0.0,0,0,0,0,0.0,0,0,0,0,0,0,0,0,0,0,0,0,0,0,0,0,0,0,0,0,0,0,0,0,0,0,0,0,0,0,0,0,0,32,30,30,62,65476,0,300,0,0,8,21553,0.0,-107605600.0,0.0,0.0,0.0,0.0,0.0,0.0,0.0,0.0,0.0,0.0,0.0,0.0,0.0,0.0,0.0,0.0,0.0,0.0,0.0,0.0,2.004,0.0,-0.0,-2.004,0.0,0.0,0.0,0.0,5385.0,-131350.625,6969.0,0.0,-107615328.0,-107615280.0,-0.0,0.0,0.0,0.0,0.0,63,3.222027116945945e+26,0.0,0.0,0.0,0.0,0.0,0.0,0.0,0.0,0,0,0,0.0,0.0,0.0,0.0,0.0,0.0,0.0,0.0,0.0,0.0,0.0,0.0,0.0,0.0,0.0,0.0,0,-107875648.0,63,0.0,126,2.7184242562605685e+23,-0.0,ERR,ERR,ERR,ERR,ERR,ERR,ERR,ERR,ERR,ERR,ERR,ERR,ERR,ERR,ERR,ERR,ERR,ERR,ERR,ERR,ERR,ERR,ERR,ERR,ERR,ERR,ERR,ERR,ERR,ERR,ERR,ERR,ERR,ERR,ERR,ERR,ERR,ERR,ERR,ERR,ERR,ERR,ERR,ERR,ERR,ERR,ERR,ERR,ERR,ERR,ERR,ERR,ERR,ERR,ERR,ERR,ERR,ERR,ERR,ERR,ERR,ERR,ERR,ERR,ERR,ERR,ERR,34.0,80.0,35,0.0,0.0,0.0,0.0,0.0,0.0,0.0,0.0,0.0,0.0,0.0,0.0,0.0,0.0,0.0,0.0,64.4,0,116,56,50,65476,0,300,0,0,8,20529,65476,0,0,57672,80.0,0.0,0.0,0.0,0.0,0.0
2026-06-17T04:24:00,ERR,ERR,ERR,ERR,ERR,ERR,ERR,ERR,ERR,ERR,ERR,ERR,ERR,ERR,ERR,ERR,ERR,ERR,ERR,ERR,ERR,ERR,ERR,ERR,ERR,ERR,ERR,ERR,ERR,ERR,ERR,ERR,ERR,ERR,ERR,ERR,ERR,ERR,ERR,ERR,ERR,ERR,ERR,ERR,ERR,ERR,ERR,ERR,ERR,ERR,ERR,ERR,ERR,ERR,ERR,ERR,ERR,ERR,ERR,ERR,ERR,ERR,ERR,ERR,ERR,ERR,ERR,ERR,ERR,ERR,ERR,ERR,ERR,ERR,ERR,ERR,ERR,ERR,ERR,ERR,ERR,ERR,ERR,ERR,ERR,ERR,ERR,ERR,ERR,ERR,ERR,ERR,ERR,ERR,ERR,ERR,ERR,ERR,ERR,ERR,ERR,ERR,ERR,ERR,ERR,ERR,ERR,ERR,ERR,ERR,ERR,ERR,ERR,ERR,ERR,ERR,ERR,ERR,ERR,ERR,ERR,ERR,ERR,ERR,ERR,0.0,-107615328.0,0.0,0.0,0.0,1.3936040501711995e+18,7.805,0.0,0,0,4,0,7300,-0.0,0,0.0,0.0,0.0,0.0,0.0,0,0,0,0,0.0,0,0,0,0,0,0,0,0,0,0,0,0,0,0,0,0,0,0,0,0,0,0,0,0,0,0,0,0,0,0,0,0,0,32,30,30,62,65476,0,300,0,0,8,21553,0.0,-107605600.0,0.0,0.0,0.0,0.0,0.0,0.0,0.0,0.0,0.0,0.0,0.0,0.0,0.0,0.0,0.0,0.0,0.0,0.0,0.0,0.0,2.004,0.0,-0.0,-2.004,0.0,0.0,0.0,0.0,5385.0,-131350.625,6969.0,0.0,-107615328.0,-107615280.0,-0.0,0.0,0.0,0.0,0.0,63,3.222027116945945e+26,0.0,0.0,0.0,0.0,0.0,0.0,0.0,0.0,0,0,0,0.0,0.0,0.0,0.0,0.0,0.0,0.0,0.0,0.0,0.0,0.0,0.0,0.0,0.0,0.0,0.0,0,-107875648.0,63,0.0,126,2.7184242562605685e+23,-0.0,ERR,ERR,ERR,ERR,ERR,ERR,ERR,ERR,ERR,ERR,ERR,ERR,ERR,ERR,ERR,ERR,ERR,ERR,ERR,ERR,ERR,ERR,ERR,ERR,ERR,ERR,ERR,ERR,ERR,ERR,ERR,ERR,ERR,ERR,ERR,ERR,ERR,ERR,ERR,ERR,ERR,ERR,ERR,ERR,ERR,ERR,ERR,ERR,ERR,ERR,ERR,ERR,ERR,ERR,ERR,ERR,ERR,ERR,ERR,ERR,ERR,ERR,ERR,ERR,ERR,ERR,ERR,34.0,80.0,35,0.0,0.0,0.0,0.0,0.0,0.0,0.0,0.0,0.0,0.0,0.0,0.0,0.0,0.0,0.0,0.0,64.4,0,116,56,50,65476,0,300,0,0,8,20529,65476,0,0,57672,80.0,0.0,0.0,0.0,0.0,0.0
2026-06-17T04:24:01,ERR,ERR,ERR,ERR,ERR,ERR,ERR,ERR,ERR,ERR,ERR,ERR,ERR,ERR,ERR,ERR,ERR,ERR,ERR,ERR,ERR,ERR,ERR,ERR,ERR,ERR,ERR,ERR,ERR,ERR,ERR,ERR,ERR,ERR,ERR,ERR,ERR,ERR,ERR,ERR,ERR,ERR,ERR,ERR,ERR,ERR,ERR,ERR,ERR,ERR,ERR,ERR,ERR,ERR,ERR,ERR,ERR,ERR,ERR,ERR,ERR,ERR,ERR,ERR,ERR,ERR,ERR,ERR,ERR,ERR,ERR,ERR,ERR,ERR,ERR,ERR,ERR,ERR,ERR,ERR,ERR,ERR,ERR,ERR,ERR,ERR,ERR,ERR,ERR,ERR,ERR,ERR,ERR,ERR,ERR,ERR,ERR,ERR,ERR,ERR,ERR,ERR,ERR,ERR,ERR,ERR,ERR,ERR,ERR,ERR,ERR,ERR,ERR,ERR,ERR,ERR,ERR,ERR,ERR,ERR,ERR,ERR,ERR,ERR,ERR,0.0,-107615328.0,0.0,0.0,0.0,1.3936040501711995e+18,7.805,0.0,0,0,4,0,7300,-0.0,0,0.0,0.0,0.0,0.0,0.0,0,0,0,0,0.0,0,0,0,0,0,0,0,0,0,0,0,0,0,0,0,0,0,0,0,0,0,0,0,0,0,0,0,0,0,0,0,0,0,32,30,30,62,65476,0,300,0,0,8,21553,0.0,-107605600.0,0.0,0.0,0.0,0.0,0.0,0.0,0.0,0.0,0.0,0.0,0.0,0.0,0.0,0.0,0.0,0.0,0.0,0.0,0.0,0.0,2.004,0.0,-0.0,-2.004,0.0,0.0,0.0,0.0,5385.0,-131350.625,6969.0,0.0,-107615328.0,-107615280.0,-0.0,0.0,0.0,0.0,0.0,63,3.222027116945945e+26,0.0,0.0,0.0,0.0,0.0,0.0,0.0,0.0,0,0,0,0.0,0.0,0.0,0.0,0.0,0.0,0.0,0.0,0.0,0.0,0.0,0.0,0.0,0.0,0.0,0.0,0,-107875648.0,63,0.0,126,2.7184242562605685e+23,-0.0,ERR,ERR,ERR,ERR,ERR,ERR,ERR,ERR,ERR,ERR,ERR,ERR,ERR,ERR,ERR,ERR,ERR,ERR,ERR,ERR,ERR,ERR,ERR,ERR,ERR,ERR,ERR,ERR,ERR,ERR,ERR,ERR,ERR,ERR,ERR,ERR,ERR,ERR,ERR,ERR,ERR,ERR,ERR,ERR,ERR,ERR,ERR,ERR,ERR,ERR,ERR,ERR,ERR,ERR,ERR,ERR,ERR,ERR,ERR,ERR,ERR,ERR,ERR,ERR,ERR,ERR,ERR,34.0,80.0,35,0.0,0.0,0.0,0.0,0.0,0.0,0.0,0.0,0.0,0.0,0.0,0.0,0.0,0.0,0.0,0.0,64.4,0,116,56,50,65476,0,300,0,0,8,20529,65476,0,0,57672,80.0,0.0,0.0,0.0,0.0,0.0
2026-06-17T04:24:02,ERR,ERR,ERR,ERR,ERR,ERR,ERR,ERR,ERR,ERR,ERR,ERR,ERR,ERR,ERR,ERR,ERR,ERR,ERR,ERR,ERR,ERR,ERR,ERR,ERR,ERR,ERR,ERR,ERR,ERR,ERR,ERR,ERR,ERR,ERR,ERR,ERR,ERR,ERR,ERR,ERR,ERR,ERR,ERR,ERR,ERR,ERR,ERR,ERR,ERR,ERR,ERR,ERR,ERR,ERR,ERR,ERR,ERR,ERR,ERR,ERR,ERR,ERR,ERR,ERR,ERR,ERR,ERR,ERR,ERR,ERR,ERR,ERR,ERR,ERR,ERR,ERR,ERR,ERR,ERR,ERR,ERR,ERR,ERR,ERR,ERR,ERR,ERR,ERR,ERR,ERR,ERR,ERR,ERR,ERR,ERR,ERR,ERR,ERR,ERR,ERR,ERR,ERR,ERR,ERR,ERR,ERR,ERR,ERR,ERR,ERR,ERR,ERR,ERR,ERR,ERR,ERR,ERR,ERR,ERR,ERR,ERR,ERR,ERR,ERR,0.0,-107615328.0,0.0,0.0,0.0,1.3936040501711995e+18,7.805,0.0,0,0,4,0,7300,-0.0,0,0.0,0.0,0.0,0.0,0.0,0,0,0,0,0.0,0,0,0,0,0,0,0,0,0,0,0,0,0,0,0,0,0,0,0,0,0,0,0,0,0,0,0,0,0,0,0,0,0,32,30,30,62,65476,0,300,0,0,8,21553,0.0,-107605600.0,0.0,0.0,0.0,0.0,0.0,0.0,0.0,0.0,0.0,0.0,0.0,0.0,0.0,0.0,0.0,0.0,0.0,0.0,0.0,0.0,2.004,0.0,-0.0,-2.004,0.0,0.0,0.0,0.0,5385.0,-131350.625,6969.0,0.0,-107615328.0,-107615280.0,-0.0,0.0,0.0,0.0,0.0,63,3.222027116945945e+26,0.0,0.0,0.0,0.0,0.0,0.0,0.0,0.0,0,0,0,0.0,0.0,0.0,0.0,0.0,0.0,0.0,0.0,0.0,0.0,0.0,0.0,0.0,0.0,0.0,0.0,0,-107875648.0,63,0.0,126,2.7184242562605685e+23,-0.0,ERR,ERR,ERR,ERR,ERR,ERR,ERR,ERR,ERR,ERR,ERR,ERR,ERR,ERR,ERR,ERR,ERR,ERR,ERR,ERR,ERR,ERR,ERR,ERR,ERR,ERR,ERR,ERR,ERR,ERR,ERR,ERR,ERR,ERR,ERR,ERR,ERR,ERR,ERR,ERR,ERR,ERR,ERR,ERR,ERR,ERR,ERR,ERR,ERR,ERR,ERR,ERR,ERR,ERR,ERR,ERR,ERR,ERR,ERR,ERR,ERR,ERR,ERR,ERR,ERR,ERR,ERR,34.0,80.0,35,0.0,0.0,0.0,0.0,0.0,0.0,0.0,0.0,0.0,0.0,0.0,0.0,0.0,0.0,0.0,0.0,64.4,0,116,56,50,65476,0,300,0,0,8,20529,65476,0,0,57672,80.0,0.0,0.0,0.0,0.0,0.0
2026-06-17T04:24:03,ERR,ERR,ERR,ERR,ERR,ERR,ERR,ERR,ERR,ERR,ERR,ERR,ERR,ERR,ERR,ERR,ERR,ERR,ERR,ERR,ERR,ERR,ERR,ERR,ERR,ERR,ERR,ERR,ERR,ERR,ERR,ERR,ERR,ERR,ERR,ERR,ERR,ERR,ERR,ERR,ERR,ERR,ERR,ERR,ERR,ERR,ERR,ERR,ERR,ERR,ERR,ERR,ERR,ERR,ERR,ERR,ERR,ERR,ERR,ERR,ERR,ERR,ERR,ERR,ERR,ERR,ERR,ERR,ERR,ERR,ERR,ERR,ERR,ERR,ERR,ERR,ERR,ERR,ERR,ERR,ERR,ERR,ERR,ERR,ERR,ERR,ERR,ERR,ERR,ERR,ERR,ERR,ERR,ERR,ERR,ERR,ERR,ERR,ERR,ERR,ERR,ERR,ERR,ERR,ERR,ERR,ERR,ERR,ERR,ERR,ERR,ERR,ERR,ERR,ERR,ERR,ERR,ERR,ERR,ERR,ERR,ERR,ERR,ERR,ERR,0.0,-107615328.0,0.0,0.0,0.0,1.3936040501711995e+18,7.805,0.0,0,0,4,0,7300,-0.0,0,0.0,0.0,0.0,0.0,0.0,0,0,0,0,0.0,0,0,0,0,0,0,0,0,0,0,0,0,0,0,0,0,0,0,0,0,0,0,0,0,0,0,0,0,0,0,0,0,0,32,30,30,62,65476,0,300,0,0,8,21553,0.0,-107605600.0,0.0,0.0,0.0,0.0,0.0,0.0,0.0,0.0,0.0,0.0,0.0,0.0,0.0,0.0,0.0,0.0,0.0,0.0,0.0,0.0,2.004,0.0,-0.0,-2.004,0.0,0.0,0.0,0.0,5385.0,-131350.625,6969.0,0.0,-107615328.0,-107615280.0,-0.0,0.0,0.0,0.0,0.0,63,3.222027116945945e+26,0.0,0.0,0.0,0.0,0.0,0.0,0.0,0.0,0,0,0,0.0,0.0,0.0,0.0,0.0,0.0,0.0,0.0,0.0,0.0,0.0,0.0,0.0,0.0,0.0,0.0,0,-107875648.0,63,0.0,126,2.7184242562605685e+23,-0.0,ERR,ERR,ERR,ERR,ERR,ERR,ERR,ERR,ERR,ERR,ERR,ERR,ERR,ERR,ERR,ERR,ERR,ERR,ERR,ERR,ERR,ERR,ERR,ERR,ERR,ERR,ERR,ERR,ERR,ERR,ERR,ERR,ERR,ERR,ERR,ERR,ERR,ERR,ERR,ERR,ERR,ERR,ERR,ERR,ERR,ERR,ERR,ERR,ERR,ERR,ERR,ERR,ERR,ERR,ERR,ERR,ERR,ERR,ERR,ERR,ERR,ERR,ERR,ERR,ERR,ERR,ERR,34.0,80.0,35,0.0,0.0,0.0,0.0,0.0,0.0,0.0,0.0,0.0,0.0,0.0,0.0,0.0,0.0,0.0,0.0,64.4,0,116,56,50,65476,0,300,0,0,8,20529,65476,0,0,57672,80.0,0.0,0.0,0.0,0.0,0.0
2026-06-17T04:24:04,ERR,ERR,ERR,ERR,ERR,ERR,ERR,ERR,ERR,ERR,ERR,ERR,ERR,ERR,ERR,ERR,ERR,ERR,ERR,ERR,ERR,ERR,ERR,ERR,ERR,ERR,ERR,ERR,ERR,ERR,ERR,ERR,ERR,ERR,ERR,ERR,ERR,ERR,ERR,ERR,ERR,ERR,ERR,ERR,ERR,ERR,ERR,ERR,ERR,ERR,ERR,ERR,ERR,ERR,ERR,ERR,ERR,ERR,ERR,ERR,ERR,ERR,ERR,ERR,ERR,ERR,ERR,ERR,ERR,ERR,ERR,ERR,ERR,ERR,ERR,ERR,ERR,ERR,ERR,ERR,ERR,ERR,ERR,ERR,ERR,ERR,ERR,ERR,ERR,ERR,ERR,ERR,ERR,ERR,ERR,ERR,ERR,ERR,ERR,ERR,ERR,ERR,ERR,ERR,ERR,ERR,ERR,ERR,ERR,ERR,ERR,ERR,ERR,ERR,ERR,ERR,ERR,ERR,ERR,ERR,ERR,ERR,ERR,ERR,ERR,0.0,0.0,0.0,0.0,0.0,1.3936040501711995e+18,7.805,0.0,0,0,4,0,7300,-0.0,0,0.0,0.0,0.0,0.0,0.0,0,0,0,0,0.0,0,0,0,0,0,0,0,0,0,0,0,0,0,0,0,0,0,0,0,0,0,0,0,0,0,0,0,0,0,0,0,0,0,32,30,30,62,65476,0,300,0,0,8,21553,0.0,-107605600.0,0.0,0.0,0.0,0.0,0.0,0.0,0.0,0.0,0.0,0.0,0.0,0.0,0.0,0.0,0.0,0.0,0.0,0.0,0.0,0.0,2.004,2.004,-0.0,-2.004,0.0,0.0,0.0,0.0,5385.0,-3.697191411280511e+19,6972.0,0.0,-107615328.0,-107615280.0,-0.0,0.0,0.0,0.0,0.0,63,3.222027116945945e+26,0.0,0.0,0.0,0.0,0.0,0.0,0.0,0.0,0,0,0,0.0,0.0,0.0,0.0,0.0,0.0,0.0,0.0,0.0,0.0,0.0,0.0,0.0,0.0,0.0,0.0,0,-107875648.0,63,0.0,126,2.7184242562605685e+23,-0.0,ERR,ERR,ERR,ERR,ERR,ERR,ERR,ERR,ERR,ERR,ERR,ERR,ERR,ERR,ERR,ERR,ERR,ERR,ERR,ERR,ERR,ERR,ERR,ERR,ERR,ERR,ERR,ERR,ERR,ERR,ERR,ERR,ERR,ERR,ERR,ERR,ERR,ERR,ERR,ERR,ERR,ERR,ERR,ERR,ERR,ERR,ERR,ERR,ERR,ERR,ERR,ERR,ERR,ERR,ERR,ERR,ERR,ERR,ERR,ERR,ERR,ERR,ERR,ERR,ERR,ERR,ERR,34.0,80.0,35,0.0,0.0,0.0,0.0,0.0,0.0,0.0,0.0,0.0,0.0,0.0,0.0,0.0,0.0,0.0,0.0,64.4,0,116,56,50,65476,0,300,0,0,8,20529,65476,0,0,57672,80.0,0.0,0.0,0.0,0.0,0.0
2026-06-17T04:24:05,ERR,ERR,ERR,ERR,ERR,ERR,ERR,ERR,ERR,ERR,ERR,ERR,ERR,ERR,ERR,ERR,ERR,ERR,ERR,ERR,ERR,ERR,ERR,ERR,ERR,ERR,ERR,ERR,ERR,ERR,ERR,ERR,ERR,ERR,ERR,ERR,ERR,ERR,ERR,ERR,ERR,ERR,ERR,ERR,ERR,ERR,ERR,ERR,ERR,ERR,ERR,ERR,ERR,ERR,ERR,ERR,ERR,ERR,ERR,ERR,ERR,ERR,ERR,ERR,ERR,ERR,ERR,ERR,ERR,ERR,ERR,ERR,ERR,ERR,ERR,ERR,ERR,ERR,ERR,ERR,ERR,ERR,ERR,ERR,ERR,ERR,ERR,ERR,ERR,ERR,ERR,ERR,ERR,ERR,ERR,ERR,ERR,ERR,ERR,ERR,ERR,ERR,ERR,ERR,ERR,ERR,ERR,ERR,ERR,ERR,ERR,ERR,ERR,ERR,ERR,ERR,ERR,ERR,ERR,ERR,ERR,ERR,ERR,ERR,ERR,0.0,0.0,0.0,0.0,0.0,1.3936040501711995e+18,7.805,0.0,0,0,4,0,7300,-0.0,0,0.0,0.0,0.0,0.0,0.0,0,0,0,0,0.0,0,0,0,0,0,0,0,0,0,0,0,0,0,0,0,0,0,0,0,0,0,0,0,0,0,0,0,0,0,0,0,0,0,32,30,30,62,65476,0,300,0,0,8,21553,0.0,-107605600.0,0.0,0.0,0.0,0.0,0.0,0.0,0.0,0.0,0.0,0.0,0.0,0.0,0.0,0.0,0.0,0.0,0.0,0.0,0.0,0.0,2.004,2.004,-0.0,-2.004,0.0,0.0,0.0,0.0,5385.0,-3.697191411280511e+19,6972.0,0.0,-107615328.0,-107615280.0,-0.0,0.0,0.0,0.0,0.0,63,3.222027116945945e+26,0.0,0.0,0.0,0.0,0.0,0.0,0.0,0.0,0,0,0,0.0,0.0,0.0,0.0,0.0,0.0,0.0,0.0,0.0,0.0,0.0,0.0,0.0,0.0,0.0,0.0,0,-107875648.0,63,0.0,126,2.7184242562605685e+23,-0.0,ERR,ERR,ERR,ERR,ERR,ERR,ERR,ERR,ERR,ERR,ERR,ERR,ERR,ERR,ERR,ERR,ERR,ERR,ERR,ERR,ERR,ERR,ERR,ERR,ERR,ERR,ERR,ERR,ERR,ERR,ERR,ERR,ERR,ERR,ERR,ERR,ERR,ERR,ERR,ERR,ERR,ERR,ERR,ERR,ERR,ERR,ERR,ERR,ERR,ERR,ERR,ERR,ERR,ERR,ERR,ERR,ERR,ERR,ERR,ERR,ERR,ERR,ERR,ERR,ERR,ERR,ERR,34.0,80.0,35,0.0,0.0,0.0,0.0,0.0,0.0,0.0,0.0,0.0,0.0,0.0,0.0,0.0,0.0,0.0,0.0,64.4,0,116,56,50,65476,0,300,0,0,8,20529,65476,0,0,57672,80.0,0.0,0.0,0.0,0.0,0.0
2026-06-17T04:24:06,ERR,ERR,ERR,ERR,ERR,ERR,ERR,ERR,ERR,ERR,ERR,ERR,ERR,ERR,ERR,ERR,ERR,ERR,ERR,ERR,ERR,ERR,ERR,ERR,ERR,ERR,ERR,ERR,ERR,ERR,ERR,ERR,ERR,ERR,ERR,ERR,ERR,ERR,ERR,ERR,ERR,ERR,ERR,ERR,ERR,ERR,ERR,ERR,ERR,ERR,ERR,ERR,ERR,ERR,ERR,ERR,ERR,ERR,ERR,ERR,ERR,ERR,ERR,ERR,ERR,ERR,ERR,ERR,ERR,ERR,ERR,ERR,ERR,ERR,ERR,ERR,ERR,ERR,ERR,ERR,ERR,ERR,ERR,ERR,ERR,ERR,ERR,ERR,ERR,ERR,ERR,ERR,ERR,ERR,ERR,ERR,ERR,ERR,ERR,ERR,ERR,ERR,ERR,ERR,ERR,ERR,ERR,ERR,ERR,ERR,ERR,ERR,ERR,ERR,ERR,ERR,ERR,ERR,ERR,ERR,ERR,ERR,ERR,ERR,ERR,0.0,0.0,0.0,0.0,0.0,1.3936040501711995e+18,7.805,0.0,0,0,4,0,7300,-0.0,0,0.0,0.0,0.0,0.0,0.0,0,0,0,0,0.0,0,0,0,0,0,0,0,0,0,0,0,0,0,0,0,0,0,0,0,0,0,0,0,0,0,0,0,0,0,0,0,0,0,32,30,30,62,65476,0,300,0,0,8,21553,0.0,-107605600.0,0.0,0.0,0.0,0.0,0.0,0.0,0.0,0.0,0.0,0.0,0.0,0.0,0.0,0.0,0.0,0.0,0.0,0.0,0.0,0.0,2.004,2.004,-0.0,-2.004,0.0,0.0,0.0,0.0,5385.0,-3.697191411280511e+19,6972.0,0.0,-107615328.0,-107615280.0,-0.0,0.0,0.0,0.0,0.0,63,3.222027116945945e+26,0.0,0.0,0.0,0.0,0.0,0.0,0.0,0.0,0,0,0,0.0,0.0,0.0,0.0,0.0,0.0,0.0,0.0,0.0,0.0,0.0,0.0,0.0,0.0,0.0,0.0,0,-107875648.0,63,0.0,126,2.7184242562605685e+23,-0.0,ERR,ERR,ERR,ERR,ERR,ERR,ERR,ERR,ERR,ERR,ERR,ERR,ERR,ERR,ERR,ERR,ERR,ERR,ERR,ERR,ERR,ERR,ERR,ERR,ERR,ERR,ERR,ERR,ERR,ERR,ERR,ERR,ERR,ERR,ERR,ERR,ERR,ERR,ERR,ERR,ERR,ERR,ERR,ERR,ERR,ERR,ERR,ERR,ERR,ERR,ERR,ERR,ERR,ERR,ERR,ERR,ERR,ERR,ERR,ERR,ERR,ERR,ERR,ERR,ERR,ERR,ERR,34.0,80.0,35,0.0,0.0,0.0,0.0,0.0,0.0,0.0,0.0,0.0,0.0,0.0,0.0,0.0,0.0,0.0,0.0,64.4,0,116,56,50,65476,0,300,0,0,8,20529,65476,0,0,57672,80.0,0.0,0.0,0.0,0.0,0.0
2026-06-17T04:24:07,ERR,ERR,ERR,ERR,ERR,ERR,ERR,ERR,ERR,ERR,ERR,ERR,ERR,ERR,ERR,ERR,ERR,ERR,ERR,ERR,ERR,ERR,ERR,ERR,ERR,ERR,ERR,ERR,ERR,ERR,ERR,ERR,ERR,ERR,ERR,ERR,ERR,ERR,ERR,ERR,ERR,ERR,ERR,ERR,ERR,ERR,ERR,ERR,ERR,ERR,ERR,ERR,ERR,ERR,ERR,ERR,ERR,ERR,ERR,ERR,ERR,ERR,ERR,ERR,ERR,ERR,ERR,ERR,ERR,ERR,ERR,ERR,ERR,ERR,ERR,ERR,ERR,ERR,ERR,ERR,ERR,ERR,ERR,ERR,ERR,ERR,ERR,ERR,ERR,ERR,ERR,ERR,ERR,ERR,ERR,ERR,ERR,ERR,ERR,ERR,ERR,ERR,ERR,ERR,ERR,ERR,ERR,ERR,ERR,ERR,ERR,ERR,ERR,ERR,ERR,ERR,ERR,ERR,ERR,ERR,ERR,ERR,ERR,ERR,ERR,0.0,0.0,0.0,0.0,0.0,1.3936040501711995e+18,7.805,0.0,0,0,4,0,7300,-0.0,0,0.0,0.0,0.0,0.0,0.0,0,0,0,0,0.0,0,0,0,0,0,0,0,0,0,0,0,0,0,0,0,0,0,0,0,0,0,0,0,0,0,0,0,0,0,0,0,0,0,32,30,30,62,65476,0,300,0,0,8,21553,0.0,-107605600.0,0.0,0.0,0.0,0.0,0.0,0.0,0.0,0.0,0.0,0.0,0.0,0.0,0.0,0.0,0.0,0.0,0.0,0.0,0.0,0.0,2.004,2.004,-0.0,-2.004,0.0,0.0,0.0,0.0,5385.0,-3.697191411280511e+19,6972.0,0.0,-107615328.0,-107615280.0,-0.0,0.0,0.0,0.0,0.0,63,3.222027116945945e+26,0.0,0.0,0.0,0.0,0.0,0.0,0.0,0.0,0,0,0,0.0,0.0,0.0,0.0,0.0,0.0,0.0,0.0,0.0,0.0,0.0,0.0,0.0,0.0,0.0,0.0,0,-107875648.0,63,0.0,126,2.7184242562605685e+23,-0.0,ERR,ERR,ERR,ERR,ERR,ERR,ERR,ERR,ERR,ERR,ERR,ERR,ERR,ERR,ERR,ERR,ERR,ERR,ERR,ERR,ERR,ERR,ERR,ERR,ERR,ERR,ERR,ERR,ERR,ERR,ERR,ERR,ERR,ERR,ERR,ERR,ERR,ERR,ERR,ERR,ERR,ERR,ERR,ERR,ERR,ERR,ERR,ERR,ERR,ERR,ERR,ERR,ERR,ERR,ERR,ERR,ERR,ERR,ERR,ERR,ERR,ERR,ERR,ERR,ERR,ERR,ERR,34.0,80.0,35,0.0,0.0,0.0,0.0,0.0,0.0,0.0,0.0,0.0,0.0,0.0,0.0,0.0,0.0,0.0,0.0,64.4,0,116,56,50,65476,0,300,0,0,8,20529,65476,0,0,57672,80.0,0.0,0.0,0.0,0.0,0.0
2026-06-17T04:24:08,ERR,ERR,ERR,ERR,ERR,ERR,ERR,ERR,ERR,ERR,ERR,ERR,ERR,ERR,ERR,ERR,ERR,ERR,ERR,ERR,ERR,ERR,ERR,ERR,ERR,ERR,ERR,ERR,ERR,ERR,ERR,ERR,ERR,ERR,ERR,ERR,ERR,ERR,ERR,ERR,ERR,ERR,ERR,ERR,ERR,ERR,ERR,ERR,ERR,ERR,ERR,ERR,ERR,ERR,ERR,ERR,ERR,ERR,ERR,ERR,ERR,ERR,ERR,ERR,ERR,ERR,ERR,ERR,ERR,ERR,ERR,ERR,ERR,ERR,ERR,ERR,ERR,ERR,ERR,ERR,ERR,ERR,ERR,ERR,ERR,ERR,ERR,ERR,ERR,ERR,ERR,ERR,ERR,ERR,ERR,ERR,ERR,ERR,ERR,ERR,ERR,ERR,ERR,ERR,ERR,ERR,ERR,ERR,ERR,ERR,ERR,ERR,ERR,ERR,ERR,ERR,ERR,ERR,ERR,ERR,ERR,ERR,ERR,ERR,ERR,0.0,0.0,0.0,0.0,0.0,1.3936040501711995e+18,7.805,0.0,0,0,4,0,7300,-0.0,0,0.0,0.0,0.0,0.0,0.0,0,0,0,0,0.0,0,0,0,0,0,0,0,0,0,0,0,0,0,0,0,0,0,0,0,0,0,0,0,0,0,0,0,0,0,0,0,0,0,32,30,30,62,65476,0,300,0,0,8,21553,0.0,-107605600.0,0.0,0.0,0.0,0.0,0.0,0.0,0.0,0.0,0.0,0.0,0.0,0.0,0.0,0.0,0.0,0.0,0.0,0.0,0.0,0.0,2.004,2.004,-0.0,-2.004,0.0,0.0,0.0,0.0,5385.0,-3.697191411280511e+19,6972.0,0.0,-107615328.0,-107615280.0,-0.0,0.0,0.0,0.0,0.0,63,3.222027116945945e+26,0.0,0.0,0.0,0.0,0.0,0.0,0.0,0.0,0,0,0,0.0,0.0,0.0,0.0,0.0,0.0,0.0,0.0,0.0,0.0,0.0,0.0,0.0,0.0,0.0,0.0,0,-107875648.0,63,0.0,126,2.7184242562605685e+23,-0.0,ERR,ERR,ERR,ERR,ERR,ERR,ERR,ERR,ERR,ERR,ERR,ERR,ERR,ERR,ERR,ERR,ERR,ERR,ERR,ERR,ERR,ERR,ERR,ERR,ERR,ERR,ERR,ERR,ERR,ERR,ERR,ERR,ERR,ERR,ERR,ERR,ERR,ERR,ERR,ERR,ERR,ERR,ERR,ERR,ERR,ERR,ERR,ERR,ERR,ERR,ERR,ERR,ERR,ERR,ERR,ERR,ERR,ERR,ERR,ERR,ERR,ERR,ERR,ERR,ERR,ERR,ERR,34.0,80.0,35,0.0,0.0,0.0,0.0,0.0,0.0,0.0,0.0,0.0,0.0,0.0,0.0,0.0,0.0,0.0,0.0,64.4,0,116,56,50,65476,0,300,0,0,8,20529,65476,0,0,57672,80.0,0.0,0.0,0.0,0.0,0.0
2026-06-17T04:24:09,ERR,ERR,ERR,ERR,ERR,ERR,ERR,ERR,ERR,ERR,ERR,ERR,ERR,ERR,ERR,ERR,ERR,ERR,ERR,ERR,ERR,ERR,ERR,ERR,ERR,ERR,ERR,ERR,ERR,ERR,ERR,ERR,ERR,ERR,ERR,ERR,ERR,ERR,ERR,ERR,ERR,ERR,ERR,ERR,ERR,ERR,ERR,ERR,ERR,ERR,ERR,ERR,ERR,ERR,ERR,ERR,ERR,ERR,ERR,ERR,ERR,ERR,ERR,ERR,ERR,ERR,ERR,ERR,ERR,ERR,ERR,ERR,ERR,ERR,ERR,ERR,ERR,ERR,ERR,ERR,ERR,ERR,ERR,ERR,ERR,ERR,ERR,ERR,ERR,ERR,ERR,ERR,ERR,ERR,ERR,ERR,ERR,ERR,ERR,ERR,ERR,ERR,ERR,ERR,ERR,ERR,ERR,ERR,ERR,ERR,ERR,ERR,ERR,ERR,ERR,ERR,ERR,ERR,ERR,ERR,ERR,ERR,ERR,ERR,ERR,0.0,-107615328.0,0.0,0.0,0.0,1.3936040501711995e+18,7.805,0.0,0,0,4,0,7300,-0.0,0,0.0,0.0,0.0,0.0,0.0,0,0,0,0,0.0,0,0,0,0,0,0,0,0,0,0,0,0,0,0,0,0,0,0,0,0,0,0,0,0,0,0,0,0,0,0,0,0,0,32,30,30,62,65476,0,300,0,0,8,21553,0.0,-107605600.0,0.0,0.0,0.0,0.0,0.0,0.0,0.0,0.0,0.0,0.0,0.0,0.0,0.0,0.0,0.0,0.0,0.0,0.0,0.0,0.0,2.004,0.0,-0.0,-2.004,0.0,0.0,0.0,0.0,5385.0,-1.0406668663850192e+34,6975.0,0.0,0.0,-107615280.0,-0.0,0.0,0.0,0.0,0.0,63,3.222027116945945e+26,89220.688,0.0,0.0,0.0,0.0,0.0,0.0,0.0,0,0,0,0.0,0.0,0.0,0.0,0.0,0.0,0.0,0.0,0.0,0.0,0.0,0.0,0.0,0.0,0.0,0.0,0,-107875648.0,63,0.0,126,2.7184242562605685e+23,-0.0,ERR,ERR,ERR,ERR,ERR,ERR,ERR,ERR,ERR,ERR,ERR,ERR,ERR,ERR,ERR,ERR,ERR,ERR,ERR,ERR,ERR,ERR,ERR,ERR,ERR,ERR,ERR,ERR,ERR,ERR,ERR,ERR,ERR,ERR,ERR,ERR,ERR,ERR,ERR,ERR,ERR,ERR,ERR,ERR,ERR,ERR,ERR,ERR,ERR,ERR,ERR,ERR,ERR,ERR,ERR,ERR,ERR,ERR,ERR,ERR,ERR,ERR,ERR,ERR,ERR,ERR,ERR,34.0,80.0,35,0.0,0.0,0.0,0.0,0.0,0.0,0.0,0.0,0.0,0.0,0.0,0.0,0.0,0.0,0.0,0.0,64.4,0,116,56,50,65476,0,300,0,0,8,20529,65476,0,0,57672,80.0,0.0,0.0,0.0,0.0,0.0
2026-06-17T04:24:10,ERR,ERR,ERR,ERR,ERR,ERR,ERR,ERR,ERR,ERR,ERR,ERR,ERR,ERR,ERR,ERR,ERR,ERR,ERR,ERR,ERR,ERR,ERR,ERR,ERR,ERR,ERR,ERR,ERR,ERR,ERR,ERR,ERR,ERR,ERR,ERR,ERR,ERR,ERR,ERR,ERR,ERR,ERR,ERR,ERR,ERR,ERR,ERR,ERR,ERR,ERR,ERR,ERR,ERR,ERR,ERR,ERR,ERR,ERR,ERR,ERR,ERR,ERR,ERR,ERR,ERR,ERR,ERR,ERR,ERR,ERR,ERR,ERR,ERR,ERR,ERR,ERR,ERR,ERR,ERR,ERR,ERR,ERR,ERR,ERR,ERR,ERR,ERR,ERR,ERR,ERR,ERR,ERR,ERR,ERR,ERR,ERR,ERR,ERR,ERR,ERR,ERR,ERR,ERR,ERR,ERR,ERR,ERR,ERR,ERR,ERR,ERR,ERR,ERR,ERR,ERR,ERR,ERR,ERR,ERR,ERR,ERR,ERR,ERR,ERR,0.0,-107615328.0,0.0,0.0,0.0,1.3936040501711995e+18,7.805,0.0,0,0,4,0,7300,-0.0,0,0.0,0.0,0.0,0.0,0.0,0,0,0,0,0.0,0,0,0,0,0,0,0,0,0,0,0,0,0,0,0,0,0,0,0,0,0,0,0,0,0,0,0,0,0,0,0,0,0,32,30,30,62,65476,0,300,0,0,8,21553,0.0,-107605600.0,0.0,0.0,0.0,0.0,0.0,0.0,0.0,0.0,0.0,0.0,0.0,0.0,0.0,0.0,0.0,0.0,0.0,0.0,0.0,0.0,2.004,0.0,-0.0,-2.004,0.0,0.0,0.0,0.0,5385.0,-1.0406668663850192e+34,6975.0,0.0,0.0,-107615280.0,-0.0,0.0,0.0,0.0,0.0,63,3.222027116945945e+26,89220.688,0.0,0.0,0.0,0.0,0.0,0.0,0.0,0,0,0,0.0,0.0,0.0,0.0,0.0,0.0,0.0,0.0,0.0,0.0,0.0,0.0,0.0,0.0,0.0,0.0,0,-107875648.0,63,0.0,126,2.7184242562605685e+23,-0.0,ERR,ERR,ERR,ERR,ERR,ERR,ERR,ERR,ERR,ERR,ERR,ERR,ERR,ERR,ERR,ERR,ERR,ERR,ERR,ERR,ERR,ERR,ERR,ERR,ERR,ERR,ERR,ERR,ERR,ERR,ERR,ERR,ERR,ERR,ERR,ERR,ERR,ERR,ERR,ERR,ERR,ERR,ERR,ERR,ERR,ERR,ERR,ERR,ERR,ERR,ERR,ERR,ERR,ERR,ERR,ERR,ERR,ERR,ERR,ERR,ERR,ERR,ERR,ERR,ERR,ERR,ERR,34.0,80.0,35,0.0,0.0,0.0,0.0,0.0,0.0,0.0,0.0,0.0,0.0,0.0,0.0,0.0,0.0,0.0,0.0,64.4,0,116,56,50,65476,0,300,0,0,8,20529,65476,0,0,57672,80.0,0.0,0.0,0.0,0.0,0.0
2026-06-17T04:24:11,ERR,ERR,ERR,ERR,ERR,ERR,ERR,ERR,ERR,ERR,ERR,ERR,ERR,ERR,ERR,ERR,ERR,ERR,ERR,ERR,ERR,ERR,ERR,ERR,ERR,ERR,ERR,ERR,ERR,ERR,ERR,ERR,ERR,ERR,ERR,ERR,ERR,ERR,ERR,ERR,ERR,ERR,ERR,ERR,ERR,ERR,ERR,ERR,ERR,ERR,ERR,ERR,ERR,ERR,ERR,ERR,ERR,ERR,ERR,ERR,ERR,ERR,ERR,ERR,ERR,ERR,ERR,ERR,ERR,ERR,ERR,ERR,ERR,ERR,ERR,ERR,ERR,ERR,ERR,ERR,ERR,ERR,ERR,ERR,ERR,ERR,ERR,ERR,ERR,ERR,ERR,ERR,ERR,ERR,ERR,ERR,ERR,ERR,ERR,ERR,ERR,ERR,ERR,ERR,ERR,ERR,ERR,ERR,ERR,ERR,ERR,ERR,ERR,ERR,ERR,ERR,ERR,ERR,ERR,ERR,ERR,ERR,ERR,ERR,ERR,0.0,-107615328.0,0.0,0.0,0.0,1.3936040501711995e+18,7.805,0.0,0,0,4,0,7300,-0.0,0,0.0,0.0,0.0,0.0,0.0,0,0,0,0,0.0,0,0,0,0,0,0,0,0,0,0,0,0,0,0,0,0,0,0,0,0,0,0,0,0,0,0,0,0,0,0,0,0,0,32,30,30,62,65476,0,300,0,0,8,21553,0.0,-107605600.0,0.0,0.0,0.0,0.0,0.0,0.0,0.0,0.0,0.0,0.0,0.0,0.0,0.0,0.0,0.0,0.0,0.0,0.0,0.0,0.0,2.004,0.0,-0.0,-2.004,0.0,0.0,0.0,0.0,5385.0,-1.0406668663850192e+34,6975.0,0.0,0.0,-107615280.0,-0.0,0.0,0.0,0.0,0.0,63,3.222027116945945e+26,89220.688,0.0,0.0,0.0,0.0,0.0,0.0,0.0,0,0,0,0.0,0.0,0.0,0.0,0.0,0.0,0.0,0.0,0.0,0.0,0.0,0.0,0.0,0.0,0.0,0.0,0,-107875648.0,63,0.0,126,2.7184242562605685e+23,-0.0,ERR,ERR,ERR,ERR,ERR,ERR,ERR,ERR,ERR,ERR,ERR,ERR,ERR,ERR,ERR,ERR,ERR,ERR,ERR,ERR,ERR,ERR,ERR,ERR,ERR,ERR,ERR,ERR,ERR,ERR,ERR,ERR,ERR,ERR,ERR,ERR,ERR,ERR,ERR,ERR,ERR,ERR,ERR,ERR,ERR,ERR,ERR,ERR,ERR,ERR,ERR,ERR,ERR,ERR,ERR,ERR,ERR,ERR,ERR,ERR,ERR,ERR,ERR,ERR,ERR,ERR,ERR,34.0,80.0,35,0.0,0.0,0.0,0.0,0.0,0.0,0.0,0.0,0.0,0.0,0.0,0.0,0.0,0.0,0.0,0.0,64.4,0,116,56,50,65476,0,300,0,0,8,20529,65476,0,0,57672,80.0,0.0,0.0,0.0,0.0,0.0
2026-06-17T04:24:12,ERR,ERR,ERR,ERR,ERR,ERR,ERR,ERR,ERR,ERR,ERR,ERR,ERR,ERR,ERR,ERR,ERR,ERR,ERR,ERR,ERR,ERR,ERR,ERR,ERR,ERR,ERR,ERR,ERR,ERR,ERR,ERR,ERR,ERR,ERR,ERR,ERR,ERR,ERR,ERR,ERR,ERR,ERR,ERR,ERR,ERR,ERR,ERR,ERR,ERR,ERR,ERR,ERR,ERR,ERR,ERR,ERR,ERR,ERR,ERR,ERR,ERR,ERR,ERR,ERR,ERR,ERR,ERR,ERR,ERR,ERR,ERR,ERR,ERR,ERR,ERR,ERR,ERR,ERR,ERR,ERR,ERR,ERR,ERR,ERR,ERR,ERR,ERR,ERR,ERR,ERR,ERR,ERR,ERR,ERR,ERR,ERR,ERR,ERR,ERR,ERR,ERR,ERR,ERR,ERR,ERR,ERR,ERR,ERR,ERR,ERR,ERR,ERR,ERR,ERR,ERR,ERR,ERR,ERR,ERR,ERR,ERR,ERR,ERR,ERR,0.0,-107615328.0,0.0,0.0,0.0,1.3936040501711995e+18,7.805,0.0,0,0,4,0,7300,-0.0,0,0.0,0.0,0.0,0.0,0.0,0,0,0,0,0.0,0,0,0,0,0,0,0,0,0,0,0,0,0,0,0,0,0,0,0,0,0,0,0,0,0,0,0,0,0,0,0,0,0,32,30,30,62,65476,0,300,0,0,8,21553,0.0,-107605600.0,0.0,0.0,0.0,0.0,0.0,0.0,0.0,0.0,0.0,0.0,0.0,0.0,0.0,0.0,0.0,0.0,0.0,0.0,0.0,0.0,2.004,0.0,-0.0,-2.004,0.0,0.0,0.0,0.0,5385.0,-1.0406668663850192e+34,6975.0,0.0,0.0,-107615280.0,-0.0,0.0,0.0,0.0,0.0,63,3.222027116945945e+26,89220.688,0.0,0.0,0.0,0.0,0.0,0.0,0.0,0,0,0,0.0,0.0,0.0,0.0,0.0,0.0,0.0,0.0,0.0,0.0,0.0,0.0,0.0,0.0,0.0,0.0,0,-107875648.0,63,0.0,126,2.7184242562605685e+23,-0.0,ERR,ERR,ERR,ERR,ERR,ERR,ERR,ERR,ERR,ERR,ERR,ERR,ERR,ERR,ERR,ERR,ERR,ERR,ERR,ERR,ERR,ERR,ERR,ERR,ERR,ERR,ERR,ERR,ERR,ERR,ERR,ERR,ERR,ERR,ERR,ERR,ERR,ERR,ERR,ERR,ERR,ERR,ERR,ERR,ERR,ERR,ERR,ERR,ERR,ERR,ERR,ERR,ERR,ERR,ERR,ERR,ERR,ERR,ERR,ERR,ERR,ERR,ERR,ERR,ERR,ERR,ERR,34.0,80.0,35,0.0,0.0,0.0,0.0,0.0,0.0,0.0,0.0,0.0,0.0,0.0,0.0,0.0,0.0,0.0,0.0,64.4,0,116,56,50,65476,0,300,0,0,8,20529,65476,0,0,57672,80.0,0.0,0.0,0.0,0.0,0.0
2026-06-17T04:24:13,ERR,ERR,ERR,ERR,ERR,ERR,ERR,ERR,ERR,ERR,ERR,ERR,ERR,ERR,ERR,ERR,ERR,ERR,ERR,ERR,ERR,ERR,ERR,ERR,ERR,ERR,ERR,ERR,ERR,ERR,ERR,ERR,ERR,ERR,ERR,ERR,ERR,ERR,ERR,ERR,ERR,ERR,ERR,ERR,ERR,ERR,ERR,ERR,ERR,ERR,ERR,ERR,ERR,ERR,ERR,ERR,ERR,ERR,ERR,ERR,ERR,ERR,ERR,ERR,ERR,ERR,ERR,ERR,ERR,ERR,ERR,ERR,ERR,ERR,ERR,ERR,ERR,ERR,ERR,ERR,ERR,ERR,ERR,ERR,ERR,ERR,ERR,ERR,ERR,ERR,ERR,ERR,ERR,ERR,ERR,ERR,ERR,ERR,ERR,ERR,ERR,ERR,ERR,ERR,ERR,ERR,ERR,ERR,ERR,ERR,ERR,ERR,ERR,ERR,ERR,ERR,ERR,ERR,ERR,ERR,ERR,ERR,ERR,ERR,ERR,0.0,-107615328.0,0.0,0.0,0.0,1.3936040501711995e+18,7.805,0.0,0,0,4,0,7300,-0.0,0,0.0,0.0,0.0,0.0,0.0,0,0,0,0,0.0,0,0,0,0,0,0,0,0,0,0,0,0,0,0,0,0,0,0,0,0,0,0,0,0,0,0,0,0,0,0,0,0,0,32,30,30,62,65476,0,300,0,0,8,21553,0.0,-107605600.0,0.0,0.0,0.0,0.0,0.0,0.0,0.0,0.0,0.0,0.0,0.0,0.0,0.0,0.0,0.0,0.0,0.0,0.0,0.0,0.0,2.004,0.0,-0.0,-2.004,0.0,0.0,0.0,0.0,5385.0,-1.0406668663850192e+34,6975.0,0.0,0.0,-107615280.0,-0.0,0.0,0.0,0.0,0.0,63,3.222027116945945e+26,89220.688,0.0,0.0,0.0,0.0,0.0,0.0,0.0,0,0,0,0.0,0.0,0.0,0.0,0.0,0.0,0.0,0.0,0.0,0.0,0.0,0.0,0.0,0.0,0.0,0.0,0,-107875648.0,63,0.0,126,2.7184242562605685e+23,-0.0,ERR,ERR,ERR,ERR,ERR,ERR,ERR,ERR,ERR,ERR,ERR,ERR,ERR,ERR,ERR,ERR,ERR,ERR,ERR,ERR,ERR,ERR,ERR,ERR,ERR,ERR,ERR,ERR,ERR,ERR,ERR,ERR,ERR,ERR,ERR,ERR,ERR,ERR,ERR,ERR,ERR,ERR,ERR,ERR,ERR,ERR,ERR,ERR,ERR,ERR,ERR,ERR,ERR,ERR,ERR,ERR,ERR,ERR,ERR,ERR,ERR,ERR,ERR,ERR,ERR,ERR,ERR,34.0,80.0,35,0.0,0.0,0.0,0.0,0.0,0.0,0.0,0.0,0.0,0.0,0.0,0.0,0.0,0.0,0.0,0.0,64.4,0,116,56,50,65476,0,300,0,0,8,20529,65476,0,0,57672,80.0,0.0,0.0,0.0,0.0,0.0
2026-06-17T04:24:14,ERR,ERR,ERR,ERR,ERR,ERR,ERR,ERR,ERR,ERR,ERR,ERR,ERR,ERR,ERR,ERR,ERR,ERR,ERR,ERR,ERR,ERR,ERR,ERR,ERR,ERR,ERR,ERR,ERR,ERR,ERR,ERR,ERR,ERR,ERR,ERR,ERR,ERR,ERR,ERR,ERR,ERR,ERR,ERR,ERR,ERR,ERR,ERR,ERR,ERR,ERR,ERR,ERR,ERR,ERR,ERR,ERR,ERR,ERR,ERR,ERR,ERR,ERR,ERR,ERR,ERR,ERR,ERR,ERR,ERR,ERR,ERR,ERR,ERR,ERR,ERR,ERR,ERR,ERR,ERR,ERR,ERR,ERR,ERR,ERR,ERR,ERR,ERR,ERR,ERR,ERR,ERR,ERR,ERR,ERR,ERR,ERR,ERR,ERR,ERR,ERR,ERR,ERR,ERR,ERR,ERR,ERR,ERR,ERR,ERR,ERR,ERR,ERR,ERR,ERR,ERR,ERR,ERR,ERR,ERR,ERR,ERR,ERR,ERR,ERR,0.0,-107615328.0,0.0,0.0,0.0,1.3936040501711995e+18,7.805,0.0,0,0,4,0,7300,-0.0,0,0.0,0.0,0.0,0.0,0.0,0,0,0,0,0.0,0,0,0,0,0,0,0,0,0,0,0,0,0,0,0,0,0,0,0,0,0,0,0,0,0,0,0,0,0,0,0,0,0,32,30,30,62,65476,0,300,0,0,8,21553,0.0,-107605600.0,0.0,0.0,0.0,0.0,0.0,0.0,0.0,0.0,0.0,0.0,0.0,0.0,0.0,0.0,0.0,0.0,0.0,0.0,0.0,0.0,2.004,0.0,-0.0,-2.004,0.0,0.0,0.0,0.0,5385.0,-1.0406668663850192e+34,6975.0,0.0,0.0,-107615280.0,-0.0,0.0,0.0,0.0,0.0,63,3.222027116945945e+26,89220.688,0.0,0.0,0.0,0.0,0.0,0.0,0.0,0,0,0,0.0,0.0,0.0,0.0,0.0,0.0,0.0,0.0,0.0,0.0,0.0,0.0,0.0,0.0,0.0,0.0,0,-107875648.0,63,0.0,126,2.7184242562605685e+23,-0.0,ERR,ERR,ERR,ERR,ERR,ERR,ERR,ERR,ERR,ERR,ERR,ERR,ERR,ERR,ERR,ERR,ERR,ERR,ERR,ERR,ERR,ERR,ERR,ERR,ERR,ERR,ERR,ERR,ERR,ERR,ERR,ERR,ERR,ERR,ERR,ERR,ERR,ERR,ERR,ERR,ERR,ERR,ERR,ERR,ERR,ERR,ERR,ERR,ERR,ERR,ERR,ERR,ERR,ERR,ERR,ERR,ERR,ERR,ERR,ERR,ERR,ERR,ERR,ERR,ERR,ERR,ERR,34.0,80.0,35,0.0,0.0,0.0,0.0,0.0,0.0,0.0,0.0,0.0,0.0,0.0,0.0,0.0,0.0,0.0,0.0,64.4,0,116,56,50,65476,0,300,0,0,8,20529,65476,0,0,57672,80.0,0.0,0.0,0.0,0.0,0.0
2026-06-17T04:24:15,ERR,ERR,ERR,ERR,ERR,ERR,ERR,ERR,ERR,ERR,ERR,ERR,ERR,ERR,ERR,ERR,ERR,ERR,ERR,ERR,ERR,ERR,ERR,ERR,ERR,ERR,ERR,ERR,ERR,ERR,ERR,ERR,ERR,ERR,ERR,ERR,ERR,ERR,ERR,ERR,ERR,ERR,ERR,ERR,ERR,ERR,ERR,ERR,ERR,ERR,ERR,ERR,ERR,ERR,ERR,ERR,ERR,ERR,ERR,ERR,ERR,ERR,ERR,ERR,ERR,ERR,ERR,ERR,ERR,ERR,ERR,ERR,ERR,ERR,ERR,ERR,ERR,ERR,ERR,ERR,ERR,ERR,ERR,ERR,ERR,ERR,ERR,ERR,ERR,ERR,ERR,ERR,ERR,ERR,ERR,ERR,ERR,ERR,ERR,ERR,ERR,ERR,ERR,ERR,ERR,ERR,ERR,ERR,ERR,ERR,ERR,ERR,ERR,ERR,ERR,ERR,ERR,ERR,ERR,ERR,ERR,ERR,ERR,ERR,ERR,0.0,-107615328.0,0.0,0.0,0.0,1.3936040501711995e+18,7.805,0.0,0,0,4,0,7300,-0.0,0,0.0,0.0,0.0,0.0,0.0,0,0,0,0,0.0,0,0,0,0,0,0,0,0,0,0,0,0,0,0,0,0,0,0,0,0,0,0,0,0,0,0,0,0,0,0,0,0,0,32,30,30,62,65476,0,300,0,0,8,21553,0.0,-107605600.0,0.0,0.0,0.0,0.0,0.0,0.0,0.0,0.0,0.0,0.0,0.0,0.0,0.0,0.0,0.0,0.0,0.0,0.0,0.0,0.0,2.004,2.004,-0.0,-2.004,0.0,0.0,0.0,0.0,5418.0,0.0,6946.0,0.0,0.0,-107615280.0,-0.0,0.0,0.0,0.0,0.0,63,4.0668785921095834e+29,2.7184202930928964e+23,0.0,0.0,0.0,0.0,0.0,0.0,0.0,0,0,0,0.0,0.0,0.0,0.0,0.0,0.0,0.0,0.0,0.0,0.0,0.0,0.0,0.0,0.0,0.0,0.0,0,-107875648.0,63,0.0,126,2.7184242562605685e+23,-0.0,ERR,ERR,ERR,ERR,ERR,ERR,ERR,ERR,ERR,ERR,ERR,ERR,ERR,ERR,ERR,ERR,ERR,ERR,ERR,ERR,ERR,ERR,ERR,ERR,ERR,ERR,ERR,ERR,ERR,ERR,ERR,ERR,ERR,ERR,ERR,ERR,ERR,ERR,ERR,ERR,ERR,ERR,ERR,ERR,ERR,ERR,ERR,ERR,ERR,ERR,ERR,ERR,ERR,ERR,ERR,ERR,ERR,ERR,ERR,ERR,ERR,ERR,ERR,ERR,ERR,ERR,ERR,34.0,80.0,35,0.0,0.0,0.0,0.0,0.0,0.0,0.0,0.0,0.0,0.0,0.0,0.0,0.0,0.0,0.0,0.0,64.4,0,116,56,50,65476,0,300,0,0,8,20529,65476,0,0,57672,80.0,0.0,0.0,0.0,0.0,0.0
2026-06-17T04:24:16,ERR,ERR,ERR,ERR,ERR,ERR,ERR,ERR,ERR,ERR,ERR,ERR,ERR,ERR,ERR,ERR,ERR,ERR,ERR,ERR,ERR,ERR,ERR,ERR,ERR,ERR,ERR,ERR,ERR,ERR,ERR,ERR,ERR,ERR,ERR,ERR,ERR,ERR,ERR,ERR,ERR,ERR,ERR,ERR,ERR,ERR,ERR,ERR,ERR,ERR,ERR,ERR,ERR,ERR,ERR,ERR,ERR,ERR,ERR,ERR,ERR,ERR,ERR,ERR,ERR,ERR,ERR,ERR,ERR,ERR,ERR,ERR,ERR,ERR,ERR,ERR,ERR,ERR,ERR,ERR,ERR,ERR,ERR,ERR,ERR,ERR,ERR,ERR,ERR,ERR,ERR,ERR,ERR,ERR,ERR,ERR,ERR,ERR,ERR,ERR,ERR,ERR,ERR,ERR,ERR,ERR,ERR,ERR,ERR,ERR,ERR,ERR,ERR,ERR,ERR,ERR,ERR,ERR,ERR,ERR,ERR,ERR,ERR,ERR,ERR,0.0,-107615328.0,0.0,0.0,0.0,1.3936040501711995e+18,7.805,0.0,0,0,4,0,7300,-0.0,0,0.0,0.0,0.0,0.0,0.0,0,0,0,0,0.0,0,0,0,0,0,0,0,0,0,0,0,0,0,0,0,0,0,0,0,0,0,0,0,0,0,0,0,0,0,0,0,0,0,32,30,30,62,65476,0,300,0,0,8,21553,0.0,-107605600.0,0.0,0.0,0.0,0.0,0.0,0.0,0.0,0.0,0.0,0.0,0.0,0.0,0.0,0.0,0.0,0.0,0.0,0.0,0.0,0.0,2.004,2.004,-0.0,-2.004,0.0,0.0,0.0,0.0,5418.0,0.0,6946.0,0.0,0.0,-107615280.0,-0.0,0.0,0.0,0.0,0.0,63,4.0668785921095834e+29,2.7184202930928964e+23,0.0,0.0,0.0,0.0,0.0,0.0,0.0,0,0,0,0.0,0.0,0.0,0.0,0.0,0.0,0.0,0.0,0.0,0.0,0.0,0.0,0.0,0.0,0.0,0.0,0,-107875648.0,63,0.0,126,2.7184242562605685e+23,-0.0,ERR,ERR,ERR,ERR,ERR,ERR,ERR,ERR,ERR,ERR,ERR,ERR,ERR,ERR,ERR,ERR,ERR,ERR,ERR,ERR,ERR,ERR,ERR,ERR,ERR,ERR,ERR,ERR,ERR,ERR,ERR,ERR,ERR,ERR,ERR,ERR,ERR,ERR,ERR,ERR,ERR,ERR,ERR,ERR,ERR,ERR,ERR,ERR,ERR,ERR,ERR,ERR,ERR,ERR,ERR,ERR,ERR,ERR,ERR,ERR,ERR,ERR,ERR,ERR,ERR,ERR,ERR,34.0,80.0,35,0.0,0.0,0.0,0.0,0.0,0.0,0.0,0.0,0.0,0.0,0.0,0.0,0.0,0.0,0.0,0.0,64.4,0,116,56,50,65476,0,300,0,0,8,20529,65476,0,0,57672,80.0,0.0,0.0,0.0,0.0,0.0
2026-06-17T04:24:17,ERR,ERR,ERR,ERR,ERR,ERR,ERR,ERR,ERR,ERR,ERR,ERR,ERR,ERR,ERR,ERR,ERR,ERR,ERR,ERR,ERR,ERR,ERR,ERR,ERR,ERR,ERR,ERR,ERR,ERR,ERR,ERR,ERR,ERR,ERR,ERR,ERR,ERR,ERR,ERR,ERR,ERR,ERR,ERR,ERR,ERR,ERR,ERR,ERR,ERR,ERR,ERR,ERR,ERR,ERR,ERR,ERR,ERR,ERR,ERR,ERR,ERR,ERR,ERR,ERR,ERR,ERR,ERR,ERR,ERR,ERR,ERR,ERR,ERR,ERR,ERR,ERR,ERR,ERR,ERR,ERR,ERR,ERR,ERR,ERR,ERR,ERR,ERR,ERR,ERR,ERR,ERR,ERR,ERR,ERR,ERR,ERR,ERR,ERR,ERR,ERR,ERR,ERR,ERR,ERR,ERR,ERR,ERR,ERR,ERR,ERR,ERR,ERR,ERR,ERR,ERR,ERR,ERR,ERR,ERR,ERR,ERR,ERR,ERR,ERR,0.0,-107615328.0,0.0,0.0,0.0,1.3936040501711995e+18,7.805,0.0,0,0,4,0,7300,-0.0,0,0.0,0.0,0.0,0.0,0.0,0,0,0,0,0.0,0,0,0,0,0,0,0,0,0,0,0,0,0,0,0,0,0,0,0,0,0,0,0,0,0,0,0,0,0,0,0,0,0,32,30,30,62,65476,0,300,0,0,8,21553,0.0,-107605600.0,0.0,0.0,0.0,0.0,0.0,0.0,0.0,0.0,0.0,0.0,0.0,0.0,0.0,0.0,0.0,0.0,0.0,0.0,0.0,0.0,2.004,2.004,-0.0,-2.004,0.0,0.0,0.0,0.0,5418.0,0.0,6946.0,0.0,0.0,-107615280.0,-0.0,0.0,0.0,0.0,0.0,63,4.0668785921095834e+29,2.7184202930928964e+23,0.0,0.0,0.0,0.0,0.0,0.0,0.0,0,0,0,0.0,0.0,0.0,0.0,0.0,0.0,0.0,0.0,0.0,0.0,0.0,0.0,0.0,0.0,0.0,0.0,0,-107875648.0,63,0.0,126,2.7184242562605685e+23,-0.0,ERR,ERR,ERR,ERR,ERR,ERR,ERR,ERR,ERR,ERR,ERR,ERR,ERR,ERR,ERR,ERR,ERR,ERR,ERR,ERR,ERR,ERR,ERR,ERR,ERR,ERR,ERR,ERR,ERR,ERR,ERR,ERR,ERR,ERR,ERR,ERR,ERR,ERR,ERR,ERR,ERR,ERR,ERR,ERR,ERR,ERR,ERR,ERR,ERR,ERR,ERR,ERR,ERR,ERR,ERR,ERR,ERR,ERR,ERR,ERR,ERR,ERR,ERR,ERR,ERR,ERR,ERR,34.0,80.0,35,0.0,0.0,0.0,0.0,0.0,0.0,0.0,0.0,0.0,0.0,0.0,0.0,0.0,0.0,0.0,0.0,64.4,0,116,56,50,65476,0,300,0,0,8,20529,65476,0,0,57672,80.0,0.0,0.0,0.0,0.0,0.0
2026-06-17T04:24:18,ERR,ERR,ERR,ERR,ERR,ERR,ERR,ERR,ERR,ERR,ERR,ERR,ERR,ERR,ERR,ERR,ERR,ERR,ERR,ERR,ERR,ERR,ERR,ERR,ERR,ERR,ERR,ERR,ERR,ERR,ERR,ERR,ERR,ERR,ERR,ERR,ERR,ERR,ERR,ERR,ERR,ERR,ERR,ERR,ERR,ERR,ERR,ERR,ERR,ERR,ERR,ERR,ERR,ERR,ERR,ERR,ERR,ERR,ERR,ERR,ERR,ERR,ERR,ERR,ERR,ERR,ERR,ERR,ERR,ERR,ERR,ERR,ERR,ERR,ERR,ERR,ERR,ERR,ERR,ERR,ERR,ERR,ERR,ERR,ERR,ERR,ERR,ERR,ERR,ERR,ERR,ERR,ERR,ERR,ERR,ERR,ERR,ERR,ERR,ERR,ERR,ERR,ERR,ERR,ERR,ERR,ERR,ERR,ERR,ERR,ERR,ERR,ERR,ERR,ERR,ERR,ERR,ERR,ERR,ERR,ERR,ERR,ERR,ERR,ERR,0.0,-107615328.0,0.0,0.0,0.0,1.3936040501711995e+18,7.805,0.0,0,0,4,0,7300,-0.0,0,0.0,0.0,0.0,0.0,0.0,0,0,0,0,0.0,0,0,0,0,0,0,0,0,0,0,0,0,0,0,0,0,0,0,0,0,0,0,0,0,0,0,0,0,0,0,0,0,0,32,30,30,62,65476,0,300,0,0,8,21553,0.0,-107605600.0,0.0,0.0,0.0,0.0,0.0,0.0,0.0,0.0,0.0,0.0,0.0,0.0,0.0,0.0,0.0,0.0,0.0,0.0,0.0,0.0,2.004,2.004,-0.0,-2.004,0.0,0.0,0.0,0.0,5418.0,0.0,6946.0,0.0,0.0,-107615280.0,-0.0,0.0,0.0,0.0,0.0,63,4.0668785921095834e+29,2.7184202930928964e+23,0.0,0.0,0.0,0.0,0.0,0.0,0.0,0,0,0,0.0,0.0,0.0,0.0,0.0,0.0,0.0,0.0,0.0,0.0,0.0,0.0,0.0,0.0,0.0,0.0,0,-107875648.0,63,0.0,126,2.7184242562605685e+23,-0.0,ERR,ERR,ERR,ERR,ERR,ERR,ERR,ERR,ERR,ERR,ERR,ERR,ERR,ERR,ERR,ERR,ERR,ERR,ERR,ERR,ERR,ERR,ERR,ERR,ERR,ERR,ERR,ERR,ERR,ERR,ERR,ERR,ERR,ERR,ERR,ERR,ERR,ERR,ERR,ERR,ERR,ERR,ERR,ERR,ERR,ERR,ERR,ERR,ERR,ERR,ERR,ERR,ERR,ERR,ERR,ERR,ERR,ERR,ERR,ERR,ERR,ERR,ERR,ERR,ERR,ERR,ERR,34.0,80.0,35,0.0,0.0,0.0,0.0,0.0,0.0,0.0,0.0,0.0,0.0,0.0,0.0,0.0,0.0,0.0,0.0,64.4,0,116,56,50,65476,0,300,0,0,8,20529,65476,0,0,57672,80.0,0.0,0.0,0.0,0.0,0.0
2026-06-17T04:24:19,ERR,ERR,ERR,ERR,ERR,ERR,ERR,ERR,ERR,ERR,ERR,ERR,ERR,ERR,ERR,ERR,ERR,ERR,ERR,ERR,ERR,ERR,ERR,ERR,ERR,ERR,ERR,ERR,ERR,ERR,ERR,ERR,ERR,ERR,ERR,ERR,ERR,ERR,ERR,ERR,ERR,ERR,ERR,ERR,ERR,ERR,ERR,ERR,ERR,ERR,ERR,ERR,ERR,ERR,ERR,ERR,ERR,ERR,ERR,ERR,ERR,ERR,ERR,ERR,ERR,ERR,ERR,ERR,ERR,ERR,ERR,ERR,ERR,ERR,ERR,ERR,ERR,ERR,ERR,ERR,ERR,ERR,ERR,ERR,ERR,ERR,ERR,ERR,ERR,ERR,ERR,ERR,ERR,ERR,ERR,ERR,ERR,ERR,ERR,ERR,ERR,ERR,ERR,ERR,ERR,ERR,ERR,ERR,ERR,ERR,ERR,ERR,ERR,ERR,ERR,ERR,ERR,ERR,ERR,ERR,ERR,ERR,ERR,ERR,ERR,0.0,-107615328.0,0.0,0.0,0.0,1.3936040501711995e+18,7.805,0.0,0,0,4,0,7300,-0.0,0,0.0,0.0,0.0,0.0,0.0,0,0,0,0,0.0,0,0,0,0,0,0,0,0,0,0,0,0,0,0,0,0,0,0,0,0,0,0,0,0,0,0,0,0,0,0,0,0,0,32,30,30,62,65476,0,300,0,0,8,21553,0.0,-107605600.0,0.0,0.0,0.0,0.0,0.0,0.0,0.0,0.0,0.0,0.0,0.0,0.0,0.0,0.0,0.0,0.0,0.0,0.0,0.0,0.0,2.004,2.004,-0.0,-2.004,0.0,0.0,0.0,0.0,5418.0,0.0,6946.0,0.0,0.0,-107615280.0,-0.0,0.0,0.0,0.0,0.0,63,4.0668785921095834e+29,2.7184202930928964e+23,0.0,0.0,0.0,0.0,0.0,0.0,0.0,0,0,0,0.0,0.0,0.0,0.0,0.0,0.0,0.0,0.0,0.0,0.0,0.0,0.0,0.0,0.0,0.0,0.0,0,-107875648.0,63,0.0,126,2.7184242562605685e+23,-0.0,ERR,ERR,ERR,ERR,ERR,ERR,ERR,ERR,ERR,ERR,ERR,ERR,ERR,ERR,ERR,ERR,ERR,ERR,ERR,ERR,ERR,ERR,ERR,ERR,ERR,ERR,ERR,ERR,ERR,ERR,ERR,ERR,ERR,ERR,ERR,ERR,ERR,ERR,ERR,ERR,ERR,ERR,ERR,ERR,ERR,ERR,ERR,ERR,ERR,ERR,ERR,ERR,ERR,ERR,ERR,ERR,ERR,ERR,ERR,ERR,ERR,ERR,ERR,ERR,ERR,ERR,ERR,34.0,80.0,35,0.0,0.0,0.0,0.0,0.0,0.0,0.0,0.0,0.0,0.0,0.0,0.0,0.0,0.0,0.0,0.0,64.4,0,116,56,50,65476,0,300,0,0,8,20529,65476,0,0,57672,80.0,0.0,0.0,0.0,0.0,0.0
2026-06-17T04:24:20,ERR,ERR,ERR,ERR,ERR,ERR,ERR,ERR,ERR,ERR,ERR,ERR,ERR,ERR,ERR,ERR,ERR,ERR,ERR,ERR,ERR,ERR,ERR,ERR,ERR,ERR,ERR,ERR,ERR,ERR,ERR,ERR,ERR,ERR,ERR,ERR,ERR,ERR,ERR,ERR,ERR,ERR,ERR,ERR,ERR,ERR,ERR,ERR,ERR,ERR,ERR,ERR,ERR,ERR,ERR,ERR,ERR,ERR,ERR,ERR,ERR,ERR,ERR,ERR,ERR,ERR,ERR,ERR,ERR,ERR,ERR,ERR,ERR,ERR,ERR,ERR,ERR,ERR,ERR,ERR,ERR,ERR,ERR,ERR,ERR,ERR,ERR,ERR,ERR,ERR,ERR,ERR,ERR,ERR,ERR,ERR,ERR,ERR,ERR,ERR,ERR,ERR,ERR,ERR,ERR,ERR,ERR,ERR,ERR,ERR,ERR,ERR,ERR,ERR,ERR,ERR,ERR,ERR,ERR,ERR,ERR,ERR,ERR,ERR,ERR,0.0,-107615328.0,0.0,0.0,0.0,1.3936040501711995e+18,7.805,0.0,0,0,4,0,7300,-0.0,0,0.0,0.0,0.0,0.0,0.0,0,0,0,0,0.0,0,0,0,0,0,0,0,0,0,0,0,0,0,0,0,0,0,0,0,0,0,0,0,0,0,0,0,0,0,0,0,0,0,32,30,30,62,65476,0,300,0,0,8,21553,0.0,-107605600.0,0.0,0.0,0.0,0.0,0.0,0.0,0.0,0.0,0.0,0.0,0.0,0.0,0.0,0.0,0.0,0.0,0.0,0.0,0.0,0.0,2.004,0.0,-0.0,-2.004,0.0,0.0,0.0,0.0,5384.0,-2.4229913632967957e+24,6973.0,0.0,-107615328.0,-107615280.0,-0.0,0.0,0.0,0.0,0.0,63,2.718429300292151e+23,0.0,0.0,0.0,0.0,0.0,0.0,0.0,0.0,0,0,0,0.0,0.0,0.0,0.0,0.0,0.0,0.0,0.0,0.0,0.0,0.0,0.0,0.0,0.0,0.0,0.0,0,-107875648.0,63,0.0,126,2.7184242562605685e+23,-0.0,ERR,ERR,ERR,ERR,ERR,ERR,ERR,ERR,ERR,ERR,ERR,ERR,ERR,ERR,ERR,ERR,ERR,ERR,ERR,ERR,ERR,ERR,ERR,ERR,ERR,ERR,ERR,ERR,ERR,ERR,ERR,ERR,ERR,ERR,ERR,ERR,ERR,ERR,ERR,ERR,ERR,ERR,ERR,ERR,ERR,ERR,ERR,ERR,ERR,ERR,ERR,ERR,ERR,ERR,ERR,ERR,ERR,ERR,ERR,ERR,ERR,ERR,ERR,ERR,ERR,ERR,ERR,34.0,80.0,35,0.0,0.0,0.0,0.0,0.0,0.0,0.0,0.0,0.0,0.0,0.0,0.0,0.0,0.0,0.0,0.0,64.4,0,116,56,50,65476,0,300,0,0,8,20529,65476,0,0,57672,80.0,0.0,0.0,0.0,0.0,0.0
2026-06-17T04:24:21,ERR,ERR,ERR,ERR,ERR,ERR,ERR,ERR,ERR,ERR,ERR,ERR,ERR,ERR,ERR,ERR,ERR,ERR,ERR,ERR,ERR,ERR,ERR,ERR,ERR,ERR,ERR,ERR,ERR,ERR,ERR,ERR,ERR,ERR,ERR,ERR,ERR,ERR,ERR,ERR,ERR,ERR,ERR,ERR,ERR,ERR,ERR,ERR,ERR,ERR,ERR,ERR,ERR,ERR,ERR,ERR,ERR,ERR,ERR,ERR,ERR,ERR,ERR,ERR,ERR,ERR,ERR,ERR,ERR,ERR,ERR,ERR,ERR,ERR,ERR,ERR,ERR,ERR,ERR,ERR,ERR,ERR,ERR,ERR,ERR,ERR,ERR,ERR,ERR,ERR,ERR,ERR,ERR,ERR,ERR,ERR,ERR,ERR,ERR,ERR,ERR,ERR,ERR,ERR,ERR,ERR,ERR,ERR,ERR,ERR,ERR,ERR,ERR,ERR,ERR,ERR,ERR,ERR,ERR,ERR,ERR,ERR,ERR,ERR,ERR,0.0,-107615328.0,0.0,0.0,0.0,1.3936040501711995e+18,7.805,0.0,0,0,4,0,7300,-0.0,0,0.0,0.0,0.0,0.0,0.0,0,0,0,0,0.0,0,0,0,0,0,0,0,0,0,0,0,0,0,0,0,0,0,0,0,0,0,0,0,0,0,0,0,0,0,0,0,0,0,32,30,30,62,65476,0,300,0,0,8,21553,0.0,-107605600.0,0.0,0.0,0.0,0.0,0.0,0.0,0.0,0.0,0.0,0.0,0.0,0.0,0.0,0.0,0.0,0.0,0.0,0.0,0.0,0.0,2.004,0.0,-0.0,-2.004,0.0,0.0,0.0,0.0,5384.0,-2.4229913632967957e+24,6973.0,0.0,-107615328.0,-107615280.0,-0.0,0.0,0.0,0.0,0.0,63,2.718429300292151e+23,0.0,0.0,0.0,0.0,0.0,0.0,0.0,0.0,0,0,0,0.0,0.0,0.0,0.0,0.0,0.0,0.0,0.0,0.0,0.0,0.0,0.0,0.0,0.0,0.0,0.0,0,-107875648.0,63,0.0,126,2.7184242562605685e+23,-0.0,ERR,ERR,ERR,ERR,ERR,ERR,ERR,ERR,ERR,ERR,ERR,ERR,ERR,ERR,ERR,ERR,ERR,ERR,ERR,ERR,ERR,ERR,ERR,ERR,ERR,ERR,ERR,ERR,ERR,ERR,ERR,ERR,ERR,ERR,ERR,ERR,ERR,ERR,ERR,ERR,ERR,ERR,ERR,ERR,ERR,ERR,ERR,ERR,ERR,ERR,ERR,ERR,ERR,ERR,ERR,ERR,ERR,ERR,ERR,ERR,ERR,ERR,ERR,ERR,ERR,ERR,ERR,34.0,80.0,35,0.0,0.0,0.0,0.0,0.0,0.0,0.0,0.0,0.0,0.0,0.0,0.0,0.0,0.0,0.0,0.0,64.8,0,116,56,50,65476,0,300,0,0,8,20529,65476,0,0,57672,80.0,0.0,0.0,0.0,0.0,0.0
2026-06-17T04:24:22,ERR,ERR,ERR,ERR,ERR,ERR,ERR,ERR,ERR,ERR,ERR,ERR,ERR,ERR,ERR,ERR,ERR,ERR,ERR,ERR,ERR,ERR,ERR,ERR,ERR,ERR,ERR,ERR,ERR,ERR,ERR,ERR,ERR,ERR,ERR,ERR,ERR,ERR,ERR,ERR,ERR,ERR,ERR,ERR,ERR,ERR,ERR,ERR,ERR,ERR,ERR,ERR,ERR,ERR,ERR,ERR,ERR,ERR,ERR,ERR,ERR,ERR,ERR,ERR,ERR,ERR,ERR,ERR,ERR,ERR,ERR,ERR,ERR,ERR,ERR,ERR,ERR,ERR,ERR,ERR,ERR,ERR,ERR,ERR,ERR,ERR,ERR,ERR,ERR,ERR,ERR,ERR,ERR,ERR,ERR,ERR,ERR,ERR,ERR,ERR,ERR,ERR,ERR,ERR,ERR,ERR,ERR,ERR,ERR,ERR,ERR,ERR,ERR,ERR,ERR,ERR,ERR,ERR,ERR,ERR,ERR,ERR,ERR,ERR,ERR,0.0,-107615328.0,0.0,0.0,0.0,1.3936040501711995e+18,7.805,0.0,0,0,4,0,7300,-0.0,0,0.0,0.0,0.0,0.0,0.0,0,0,0,0,0.0,0,0,0,0,0,0,0,0,0,0,0,0,0,0,0,0,0,0,0,0,0,0,0,0,0,0,0,0,0,0,0,0,0,32,30,30,62,65476,0,300,0,0,8,21553,0.0,-107605600.0,0.0,0.0,0.0,0.0,0.0,0.0,0.0,0.0,0.0,0.0,0.0,0.0,0.0,0.0,0.0,0.0,0.0,0.0,0.0,0.0,2.004,0.0,-0.0,-2.004,0.0,0.0,0.0,0.0,5384.0,-2.4229913632967957e+24,6973.0,0.0,-107615328.0,-107615280.0,-0.0,0.0,0.0,0.0,0.0,63,2.718429300292151e+23,0.0,0.0,0.0,0.0,0.0,0.0,0.0,0.0,0,0,0,0.0,0.0,0.0,0.0,0.0,0.0,0.0,0.0,0.0,0.0,0.0,0.0,0.0,0.0,0.0,0.0,0,-107875648.0,63,0.0,126,2.7184242562605685e+23,-0.0,ERR,ERR,ERR,ERR,ERR,ERR,ERR,ERR,ERR,ERR,ERR,ERR,ERR,ERR,ERR,ERR,ERR,ERR,ERR,ERR,ERR,ERR,ERR,ERR,ERR,ERR,ERR,ERR,ERR,ERR,ERR,ERR,ERR,ERR,ERR,ERR,ERR,ERR,ERR,ERR,ERR,ERR,ERR,ERR,ERR,ERR,ERR,ERR,ERR,ERR,ERR,ERR,ERR,ERR,ERR,ERR,ERR,ERR,ERR,ERR,ERR,ERR,ERR,ERR,ERR,ERR,ERR,34.0,80.0,35,0.0,0.0,0.0,0.0,0.0,0.0,0.0,0.0,0.0,0.0,0.0,0.0,0.0,0.0,0.0,0.0,64.4,0,116,56,50,65476,0,300,0,0,8,20529,65476,0,0,57672,80.0,0.0,0.0,0.0,0.0,0.0
2026-06-17T04:24:23,ERR,ERR,ERR,ERR,ERR,ERR,ERR,ERR,ERR,ERR,ERR,ERR,ERR,ERR,ERR,ERR,ERR,ERR,ERR,ERR,ERR,ERR,ERR,ERR,ERR,ERR,ERR,ERR,ERR,ERR,ERR,ERR,ERR,ERR,ERR,ERR,ERR,ERR,ERR,ERR,ERR,ERR,ERR,ERR,ERR,ERR,ERR,ERR,ERR,ERR,ERR,ERR,ERR,ERR,ERR,ERR,ERR,ERR,ERR,ERR,ERR,ERR,ERR,ERR,ERR,ERR,ERR,ERR,ERR,ERR,ERR,ERR,ERR,ERR,ERR,ERR,ERR,ERR,ERR,ERR,ERR,ERR,ERR,ERR,ERR,ERR,ERR,ERR,ERR,ERR,ERR,ERR,ERR,ERR,ERR,ERR,ERR,ERR,ERR,ERR,ERR,ERR,ERR,ERR,ERR,ERR,ERR,ERR,ERR,ERR,ERR,ERR,ERR,ERR,ERR,ERR,ERR,ERR,ERR,ERR,ERR,ERR,ERR,ERR,ERR,0.0,-107615328.0,0.0,0.0,0.0,1.3936040501711995e+18,7.805,0.0,0,0,4,0,7300,-0.0,0,0.0,0.0,0.0,0.0,0.0,0,0,0,0,0.0,0,0,0,0,0,0,0,0,0,0,0,0,0,0,0,0,0,0,0,0,0,0,0,0,0,0,0,0,0,0,0,0,0,32,30,30,62,65476,0,300,0,0,8,21553,0.0,-107605600.0,0.0,0.0,0.0,0.0,0.0,0.0,0.0,0.0,0.0,0.0,0.0,0.0,0.0,0.0,0.0,0.0,0.0,0.0,0.0,0.0,2.004,0.0,-0.0,-2.004,0.0,0.0,0.0,0.0,5384.0,-2.4229913632967957e+24,6973.0,0.0,-107615328.0,-107615280.0,-0.0,0.0,0.0,0.0,0.0,63,2.718429300292151e+23,0.0,0.0,0.0,0.0,0.0,0.0,0.0,0.0,0,0,0,0.0,0.0,0.0,0.0,0.0,0.0,0.0,0.0,0.0,0.0,0.0,0.0,0.0,0.0,0.0,0.0,0,-107875648.0,63,0.0,126,2.7184242562605685e+23,-0.0,ERR,ERR,ERR,ERR,ERR,ERR,ERR,ERR,ERR,ERR,ERR,ERR,ERR,ERR,ERR,ERR,ERR,ERR,ERR,ERR,ERR,ERR,ERR,ERR,ERR,ERR,ERR,ERR,ERR,ERR,ERR,ERR,ERR,ERR,ERR,ERR,ERR,ERR,ERR,ERR,ERR,ERR,ERR,ERR,ERR,ERR,ERR,ERR,ERR,ERR,ERR,ERR,ERR,ERR,ERR,ERR,ERR,ERR,ERR,ERR,ERR,ERR,ERR,ERR,ERR,ERR,ERR,34.0,80.0,35,0.0,0.0,0.0,0.0,0.0,0.0,0.0,0.0,0.0,0.0,0.0,0.0,0.0,0.0,0.0,0.0,64.4,0,116,56,50,65476,0,300,0,0,8,20529,65476,0,0,57672,80.0,0.0,0.0,0.0,0.0,0.0
2026-06-17T04:24:24,ERR,ERR,ERR,ERR,ERR,ERR,ERR,ERR,ERR,ERR,ERR,ERR,ERR,ERR,ERR,ERR,ERR,ERR,ERR,ERR,ERR,ERR,ERR,ERR,ERR,ERR,ERR,ERR,ERR,ERR,ERR,ERR,ERR,ERR,ERR,ERR,ERR,ERR,ERR,ERR,ERR,ERR,ERR,ERR,ERR,ERR,ERR,ERR,ERR,ERR,ERR,ERR,ERR,ERR,ERR,ERR,ERR,ERR,ERR,ERR,ERR,ERR,ERR,ERR,ERR,ERR,ERR,ERR,ERR,ERR,ERR,ERR,ERR,ERR,ERR,ERR,ERR,ERR,ERR,ERR,ERR,ERR,ERR,ERR,ERR,ERR,ERR,ERR,ERR,ERR,ERR,ERR,ERR,ERR,ERR,ERR,ERR,ERR,ERR,ERR,ERR,ERR,ERR,ERR,ERR,ERR,ERR,ERR,ERR,ERR,ERR,ERR,ERR,ERR,ERR,ERR,ERR,ERR,ERR,ERR,ERR,ERR,ERR,ERR,ERR,0.0,-107615328.0,0.0,0.0,0.0,1.3936040501711995e+18,7.805,0.0,0,0,4,0,7300,-0.0,0,0.0,0.0,0.0,0.0,0.0,0,0,0,0,0.0,0,0,0,0,0,0,0,0,0,0,0,0,0,0,0,0,0,0,0,0,0,0,0,0,0,0,0,0,0,0,0,0,0,32,30,30,62,65476,0,300,0,0,8,21553,0.0,-107605600.0,0.0,0.0,0.0,0.0,0.0,0.0,0.0,0.0,0.0,0.0,0.0,0.0,0.0,0.0,0.0,0.0,0.0,0.0,0.0,0.0,2.004,0.0,-0.0,-2.004,0.0,0.0,0.0,0.0,5384.0,-2.4229913632967957e+24,6973.0,0.0,-107615328.0,-107615280.0,-0.0,0.0,0.0,0.0,0.0,63,2.718429300292151e+23,0.0,0.0,0.0,0.0,0.0,0.0,0.0,0.0,0,0,0,0.0,0.0,0.0,0.0,0.0,0.0,0.0,0.0,0.0,0.0,0.0,0.0,0.0,0.0,0.0,0.0,0,-107875648.0,63,0.0,126,2.7184242562605685e+23,-0.0,ERR,ERR,ERR,ERR,ERR,ERR,ERR,ERR,ERR,ERR,ERR,ERR,ERR,ERR,ERR,ERR,ERR,ERR,ERR,ERR,ERR,ERR,ERR,ERR,ERR,ERR,ERR,ERR,ERR,ERR,ERR,ERR,ERR,ERR,ERR,ERR,ERR,ERR,ERR,ERR,ERR,ERR,ERR,ERR,ERR,ERR,ERR,ERR,ERR,ERR,ERR,ERR,ERR,ERR,ERR,ERR,ERR,ERR,ERR,ERR,ERR,ERR,ERR,ERR,ERR,ERR,ERR,34.0,80.0,35,0.0,0.0,0.0,0.0,0.0,0.0,0.0,0.0,0.0,0.0,0.0,0.0,0.0,0.0,0.0,0.0,64.4,0,116,56,50,65476,0,300,0,0,8,20529,65476,0,0,57672,80.0,0.0,0.0,0.0,0.0,0.0
2026-06-17T04:24:25,ERR,ERR,ERR,ERR,ERR,ERR,ERR,ERR,ERR,ERR,ERR,ERR,ERR,ERR,ERR,ERR,ERR,ERR,ERR,ERR,ERR,ERR,ERR,ERR,ERR,ERR,ERR,ERR,ERR,ERR,ERR,ERR,ERR,ERR,ERR,ERR,ERR,ERR,ERR,ERR,ERR,ERR,ERR,ERR,ERR,ERR,ERR,ERR,ERR,ERR,ERR,ERR,ERR,ERR,ERR,ERR,ERR,ERR,ERR,ERR,ERR,ERR,ERR,ERR,ERR,ERR,ERR,ERR,ERR,ERR,ERR,ERR,ERR,ERR,ERR,ERR,ERR,ERR,ERR,ERR,ERR,ERR,ERR,ERR,ERR,ERR,ERR,ERR,ERR,ERR,ERR,ERR,ERR,ERR,ERR,ERR,ERR,ERR,ERR,ERR,ERR,ERR,ERR,ERR,ERR,ERR,ERR,ERR,ERR,ERR,ERR,ERR,ERR,ERR,ERR,ERR,ERR,ERR,ERR,ERR,ERR,ERR,ERR,ERR,ERR,0.0,-107615328.0,0.0,0.0,0.0,1.3936040501711995e+18,7.805,0.0,0,0,4,0,7300,-0.0,0,0.0,0.0,0.0,0.0,0.0,0,0,0,0,0.0,0,0,0,0,0,0,0,0,0,0,0,0,0,0,0,0,0,0,0,0,0,0,0,0,0,0,0,0,0,0,0,0,0,32,30,30,62,65476,0,300,0,0,8,21553,0.0,-107605600.0,0.0,0.0,0.0,0.0,0.0,0.0,0.0,0.0,0.0,0.0,0.0,0.0,0.0,0.0,0.0,0.0,0.0,0.0,0.0,0.0,2.004,0.0,-0.0,-2.004,0.0,0.0,0.0,0.0,5418.0,0.0,6946.0,0.0,-107615328.0,-107615280.0,-0.0,0.0,0.0,0.0,0.0,63,4.0668785921095834e+29,2.7184202930928964e+23,0.0,0.0,0.0,0.0,0.0,0.0,0.0,0,0,0,0.0,0.0,0.0,0.0,0.0,0.0,0.0,0.0,0.0,0.0,0.0,0.0,0.0,0.0,0.0,0.0,0,-107875648.0,63,0.0,126,2.7184242562605685e+23,-0.0,ERR,ERR,ERR,ERR,ERR,ERR,ERR,ERR,ERR,ERR,ERR,ERR,ERR,ERR,ERR,ERR,ERR,ERR,ERR,ERR,ERR,ERR,ERR,ERR,ERR,ERR,ERR,ERR,ERR,ERR,ERR,ERR,ERR,ERR,ERR,ERR,ERR,ERR,ERR,ERR,ERR,ERR,ERR,ERR,ERR,ERR,ERR,ERR,ERR,ERR,ERR,ERR,ERR,ERR,ERR,ERR,ERR,ERR,ERR,ERR,ERR,ERR,ERR,ERR,ERR,ERR,ERR,34.0,80.0,35,0.0,0.0,0.0,0.0,0.0,0.0,0.0,0.0,0.0,0.0,0.0,0.0,0.0,0.0,0.0,0.0,64.4,0,116,56,50,65476,0,300,0,0,8,20529,65476,0,0,57672,80.0,0.0,0.0,0.0,0.0,0.0
2026-06-17T04:24:26,ERR,ERR,ERR,ERR,ERR,ERR,ERR,ERR,ERR,ERR,ERR,ERR,ERR,ERR,ERR,ERR,ERR,ERR,ERR,ERR,ERR,ERR,ERR,ERR,ERR,ERR,ERR,ERR,ERR,ERR,ERR,ERR,ERR,ERR,ERR,ERR,ERR,ERR,ERR,ERR,ERR,ERR,ERR,ERR,ERR,ERR,ERR,ERR,ERR,ERR,ERR,ERR,ERR,ERR,ERR,ERR,ERR,ERR,ERR,ERR,ERR,ERR,ERR,ERR,ERR,ERR,ERR,ERR,ERR,ERR,ERR,ERR,ERR,ERR,ERR,ERR,ERR,ERR,ERR,ERR,ERR,ERR,ERR,ERR,ERR,ERR,ERR,ERR,ERR,ERR,ERR,ERR,ERR,ERR,ERR,ERR,ERR,ERR,ERR,ERR,ERR,ERR,ERR,ERR,ERR,ERR,ERR,ERR,ERR,ERR,ERR,ERR,ERR,ERR,ERR,ERR,ERR,ERR,ERR,ERR,ERR,ERR,ERR,ERR,ERR,0.0,-107615328.0,0.0,0.0,0.0,1.3936040501711995e+18,7.805,0.0,0,0,4,0,7300,-0.0,0,0.0,0.0,0.0,0.0,0.0,0,0,0,0,0.0,0,0,0,0,0,0,0,0,0,0,0,0,0,0,0,0,0,0,0,0,0,0,0,0,0,0,0,0,0,0,0,0,0,32,30,30,62,65476,0,300,0,0,8,21553,0.0,-107605600.0,0.0,0.0,0.0,0.0,0.0,0.0,0.0,0.0,0.0,0.0,0.0,0.0,0.0,0.0,0.0,0.0,0.0,0.0,0.0,0.0,2.004,0.0,-0.0,-2.004,0.0,0.0,0.0,0.0,5418.0,0.0,6946.0,0.0,-107615328.0,-107615280.0,-0.0,0.0,0.0,0.0,0.0,63,4.0668785921095834e+29,2.7184202930928964e+23,0.0,0.0,0.0,0.0,0.0,0.0,0.0,0,0,0,0.0,0.0,0.0,0.0,0.0,0.0,0.0,0.0,0.0,0.0,0.0,0.0,0.0,0.0,0.0,0.0,0,-107875648.0,63,0.0,126,2.7184242562605685e+23,-0.0,ERR,ERR,ERR,ERR,ERR,ERR,ERR,ERR,ERR,ERR,ERR,ERR,ERR,ERR,ERR,ERR,ERR,ERR,ERR,ERR,ERR,ERR,ERR,ERR,ERR,ERR,ERR,ERR,ERR,ERR,ERR,ERR,ERR,ERR,ERR,ERR,ERR,ERR,ERR,ERR,ERR,ERR,ERR,ERR,ERR,ERR,ERR,ERR,ERR,ERR,ERR,ERR,ERR,ERR,ERR,ERR,ERR,ERR,ERR,ERR,ERR,ERR,ERR,ERR,ERR,ERR,ERR,34.0,80.0,35,0.0,0.0,0.0,0.0,0.0,0.0,0.0,0.0,0.0,0.0,0.0,0.0,0.0,0.0,0.0,0.0,64.4,0,116,56,50,65476,0,300,0,0,8,20529,65476,0,0,57672,80.0,0.0,0.0,0.0,0.0,0.0
2026-06-17T04:24:27,ERR,ERR,ERR,ERR,ERR,ERR,ERR,ERR,ERR,ERR,ERR,ERR,ERR,ERR,ERR,ERR,ERR,ERR,ERR,ERR,ERR,ERR,ERR,ERR,ERR,ERR,ERR,ERR,ERR,ERR,ERR,ERR,ERR,ERR,ERR,ERR,ERR,ERR,ERR,ERR,ERR,ERR,ERR,ERR,ERR,ERR,ERR,ERR,ERR,ERR,ERR,ERR,ERR,ERR,ERR,ERR,ERR,ERR,ERR,ERR,ERR,ERR,ERR,ERR,ERR,ERR,ERR,ERR,ERR,ERR,ERR,ERR,ERR,ERR,ERR,ERR,ERR,ERR,ERR,ERR,ERR,ERR,ERR,ERR,ERR,ERR,ERR,ERR,ERR,ERR,ERR,ERR,ERR,ERR,ERR,ERR,ERR,ERR,ERR,ERR,ERR,ERR,ERR,ERR,ERR,ERR,ERR,ERR,ERR,ERR,ERR,ERR,ERR,ERR,ERR,ERR,ERR,ERR,ERR,ERR,ERR,ERR,ERR,ERR,ERR,0.0,-107615328.0,0.0,0.0,0.0,1.3936040501711995e+18,7.805,0.0,0,0,4,0,7300,-0.0,0,0.0,0.0,0.0,0.0,0.0,0,0,0,0,0.0,0,0,0,0,0,0,0,0,0,0,0,0,0,0,0,0,0,0,0,0,0,0,0,0,0,0,0,0,0,0,0,0,0,32,30,30,62,65476,0,300,0,0,8,21553,0.0,-107605600.0,0.0,0.0,0.0,0.0,0.0,0.0,0.0,0.0,0.0,0.0,0.0,0.0,0.0,0.0,0.0,0.0,0.0,0.0,0.0,0.0,2.004,0.0,-0.0,-2.004,0.0,0.0,0.0,0.0,5418.0,0.0,6946.0,0.0,-107615328.0,-107615280.0,-0.0,0.0,0.0,0.0,0.0,63,4.0668785921095834e+29,2.7184202930928964e+23,0.0,0.0,0.0,0.0,0.0,0.0,0.0,0,0,0,0.0,0.0,0.0,0.0,0.0,0.0,0.0,0.0,0.0,0.0,0.0,0.0,0.0,0.0,0.0,0.0,0,-107875648.0,63,0.0,126,2.7184242562605685e+23,-0.0,ERR,ERR,ERR,ERR,ERR,ERR,ERR,ERR,ERR,ERR,ERR,ERR,ERR,ERR,ERR,ERR,ERR,ERR,ERR,ERR,ERR,ERR,ERR,ERR,ERR,ERR,ERR,ERR,ERR,ERR,ERR,ERR,ERR,ERR,ERR,ERR,ERR,ERR,ERR,ERR,ERR,ERR,ERR,ERR,ERR,ERR,ERR,ERR,ERR,ERR,ERR,ERR,ERR,ERR,ERR,ERR,ERR,ERR,ERR,ERR,ERR,ERR,ERR,ERR,ERR,ERR,ERR,34.0,80.0,35,0.0,0.0,0.0,0.0,0.0,0.0,0.0,0.0,0.0,0.0,0.0,0.0,0.0,0.0,0.0,0.0,64.4,0,116,56,50,65476,0,300,0,0,8,20529,65476,0,0,57672,80.0,0.0,0.0,0.0,0.0,0.0
2026-06-17T04:24:28,ERR,ERR,ERR,ERR,ERR,ERR,ERR,ERR,ERR,ERR,ERR,ERR,ERR,ERR,ERR,ERR,ERR,ERR,ERR,ERR,ERR,ERR,ERR,ERR,ERR,ERR,ERR,ERR,ERR,ERR,ERR,ERR,ERR,ERR,ERR,ERR,ERR,ERR,ERR,ERR,ERR,ERR,ERR,ERR,ERR,ERR,ERR,ERR,ERR,ERR,ERR,ERR,ERR,ERR,ERR,ERR,ERR,ERR,ERR,ERR,ERR,ERR,ERR,ERR,ERR,ERR,ERR,ERR,ERR,ERR,ERR,ERR,ERR,ERR,ERR,ERR,ERR,ERR,ERR,ERR,ERR,ERR,ERR,ERR,ERR,ERR,ERR,ERR,ERR,ERR,ERR,ERR,ERR,ERR,ERR,ERR,ERR,ERR,ERR,ERR,ERR,ERR,ERR,ERR,ERR,ERR,ERR,ERR,ERR,ERR,ERR,ERR,ERR,ERR,ERR,ERR,ERR,ERR,ERR,ERR,ERR,ERR,ERR,ERR,ERR,0.0,-107615328.0,0.0,0.0,0.0,1.3936040501711995e+18,7.805,0.0,0,0,4,0,7300,-0.0,0,0.0,0.0,0.0,0.0,0.0,0,0,0,0,0.0,0,0,0,0,0,0,0,0,0,0,0,0,0,0,0,0,0,0,0,0,0,0,0,0,0,0,0,0,0,0,0,0,0,32,30,30,62,65476,0,300,0,0,8,21553,0.0,-107605600.0,0.0,0.0,0.0,0.0,0.0,0.0,0.0,0.0,0.0,0.0,0.0,0.0,0.0,0.0,0.0,0.0,0.0,0.0,0.0,0.0,2.004,0.0,-0.0,-2.004,0.0,0.0,0.0,0.0,5418.0,0.0,6946.0,0.0,-107615328.0,-107615280.0,-0.0,0.0,0.0,0.0,0.0,63,4.0668785921095834e+29,2.7184202930928964e+23,0.0,0.0,0.0,0.0,0.0,0.0,0.0,0,0,0,0.0,0.0,0.0,0.0,0.0,0.0,0.0,0.0,0.0,0.0,0.0,0.0,0.0,0.0,0.0,0.0,0,-107875648.0,63,0.0,126,2.7184242562605685e+23,-0.0,ERR,ERR,ERR,ERR,ERR,ERR,ERR,ERR,ERR,ERR,ERR,ERR,ERR,ERR,ERR,ERR,ERR,ERR,ERR,ERR,ERR,ERR,ERR,ERR,ERR,ERR,ERR,ERR,ERR,ERR,ERR,ERR,ERR,ERR,ERR,ERR,ERR,ERR,ERR,ERR,ERR,ERR,ERR,ERR,ERR,ERR,ERR,ERR,ERR,ERR,ERR,ERR,ERR,ERR,ERR,ERR,ERR,ERR,ERR,ERR,ERR,ERR,ERR,ERR,ERR,ERR,ERR,34.0,80.0,35,0.0,0.0,0.0,0.0,0.0,0.0,0.0,0.0,0.0,0.0,0.0,0.0,0.0,0.0,0.0,0.0,64.4,0,116,56,50,65476,0,300,0,0,8,20529,65476,0,0,57672,80.0,0.0,0.0,0.0,0.0,0.0
2026-06-17T04:24:29,ERR,ERR,ERR,ERR,ERR,ERR,ERR,ERR,ERR,ERR,ERR,ERR,ERR,ERR,ERR,ERR,ERR,ERR,ERR,ERR,ERR,ERR,ERR,ERR,ERR,ERR,ERR,ERR,ERR,ERR,ERR,ERR,ERR,ERR,ERR,ERR,ERR,ERR,ERR,ERR,ERR,ERR,ERR,ERR,ERR,ERR,ERR,ERR,ERR,ERR,ERR,ERR,ERR,ERR,ERR,ERR,ERR,ERR,ERR,ERR,ERR,ERR,ERR,ERR,ERR,ERR,ERR,ERR,ERR,ERR,ERR,ERR,ERR,ERR,ERR,ERR,ERR,ERR,ERR,ERR,ERR,ERR,ERR,ERR,ERR,ERR,ERR,ERR,ERR,ERR,ERR,ERR,ERR,ERR,ERR,ERR,ERR,ERR,ERR,ERR,ERR,ERR,ERR,ERR,ERR,ERR,ERR,ERR,ERR,ERR,ERR,ERR,ERR,ERR,ERR,ERR,ERR,ERR,ERR,ERR,ERR,ERR,ERR,ERR,ERR,0.0,-107615328.0,0.0,0.0,0.0,1.3936040501711995e+18,7.805,0.0,0,0,4,0,7300,-0.0,0,0.0,0.0,0.0,0.0,0.0,0,0,0,0,0.0,0,0,0,0,0,0,0,0,0,0,0,0,0,0,0,0,0,0,0,0,0,0,0,0,0,0,0,0,0,0,0,0,0,32,30,30,62,65476,0,300,0,0,8,21553,0.0,-107605600.0,0.0,0.0,0.0,0.0,0.0,0.0,0.0,0.0,0.0,0.0,0.0,0.0,0.0,0.0,0.0,0.0,0.0,0.0,0.0,0.0,2.004,0.0,-0.0,-2.004,0.0,0.0,0.0,0.0,5418.0,0.0,6946.0,0.0,-107615328.0,-107615280.0,-0.0,0.0,0.0,0.0,0.0,63,4.0668785921095834e+29,2.7184202930928964e+23,0.0,0.0,0.0,0.0,0.0,0.0,0.0,0,0,0,0.0,0.0,0.0,0.0,0.0,0.0,0.0,0.0,0.0,0.0,0.0,0.0,0.0,0.0,0.0,0.0,0,-107875648.0,63,0.0,126,2.7184242562605685e+23,-0.0,ERR,ERR,ERR,ERR,ERR,ERR,ERR,ERR,ERR,ERR,ERR,ERR,ERR,ERR,ERR,ERR,ERR,ERR,ERR,ERR,ERR,ERR,ERR,ERR,ERR,ERR,ERR,ERR,ERR,ERR,ERR,ERR,ERR,ERR,ERR,ERR,ERR,ERR,ERR,ERR,ERR,ERR,ERR,ERR,ERR,ERR,ERR,ERR,ERR,ERR,ERR,ERR,ERR,ERR,ERR,ERR,ERR,ERR,ERR,ERR,ERR,ERR,ERR,ERR,ERR,ERR,ERR,34.0,80.0,35,0.0,0.0,0.0,0.0,0.0,0.0,0.0,0.0,0.0,0.0,0.0,0.0,0.0,0.0,0.0,0.0,64.4,0,116,56,50,65476,0,300,0,0,8,20529,65476,0,0,57672,80.0,0.0,0.0,0.0,0.0,0.0
2026-06-17T04:24:30,ERR,ERR,ERR,ERR,ERR,ERR,ERR,ERR,ERR,ERR,ERR,ERR,ERR,ERR,ERR,ERR,ERR,ERR,ERR,ERR,ERR,ERR,ERR,ERR,ERR,ERR,ERR,ERR,ERR,ERR,ERR,ERR,ERR,ERR,ERR,ERR,ERR,ERR,ERR,ERR,ERR,ERR,ERR,ERR,ERR,ERR,ERR,ERR,ERR,ERR,ERR,ERR,ERR,ERR,ERR,ERR,ERR,ERR,ERR,ERR,ERR,ERR,ERR,ERR,ERR,ERR,ERR,ERR,ERR,ERR,ERR,ERR,ERR,ERR,ERR,ERR,ERR,ERR,ERR,ERR,ERR,ERR,ERR,ERR,ERR,ERR,ERR,ERR,ERR,ERR,ERR,ERR,ERR,ERR,ERR,ERR,ERR,ERR,ERR,ERR,ERR,ERR,ERR,ERR,ERR,ERR,ERR,ERR,ERR,ERR,ERR,ERR,ERR,ERR,ERR,ERR,ERR,ERR,ERR,ERR,ERR,ERR,ERR,ERR,ERR,0.0,-107615328.0,0.0,0.0,0.0,1.3936040501711995e+18,7.805,0.0,0,0,4,0,7300,-0.0,0,0.0,0.0,0.0,0.0,0.0,0,0,0,0,0.0,0,0,0,0,0,0,0,0,0,0,0,0,0,0,0,0,0,0,0,0,0,0,0,0,0,0,0,0,0,0,0,0,0,32,30,30,62,65476,0,300,0,0,8,21553,0.0,-107605600.0,0.0,0.0,0.0,0.0,0.0,0.0,0.0,0.0,0.0,0.0,0.0,0.0,0.0,0.0,0.0,0.0,0.0,0.0,0.0,0.0,2.004,2.004,-0.0,-2.004,0.0,0.0,0.0,0.0,5385.0,-1.587931619850188e+29,6974.0,0.0,-107615328.0,-107615280.0,-0.0,0.0,0.0,0.0,0.0,63,3.222027116945945e+26,0.0,0.0,0.0,0.0,0.0,0.0,0.0,0.0,0,0,0,0.0,0.0,0.0,0.0,0.0,0.0,0.0,0.0,0.0,0.0,0.0,0.0,0.0,0.0,0.0,0.0,0,-107875648.0,63,0.0,126,2.7184242562605685e+23,-0.0,ERR,ERR,ERR,ERR,ERR,ERR,ERR,ERR,ERR,ERR,ERR,ERR,ERR,ERR,ERR,ERR,ERR,ERR,ERR,ERR,ERR,ERR,ERR,ERR,ERR,ERR,ERR,ERR,ERR,ERR,ERR,ERR,ERR,ERR,ERR,ERR,ERR,ERR,ERR,ERR,ERR,ERR,ERR,ERR,ERR,ERR,ERR,ERR,ERR,ERR,ERR,ERR,ERR,ERR,ERR,ERR,ERR,ERR,ERR,ERR,ERR,ERR,ERR,ERR,ERR,ERR,ERR,34.0,80.0,35,0.0,0.0,0.0,0.0,0.0,0.0,0.0,0.0,0.0,0.0,0.0,0.0,0.0,0.0,0.0,0.0,64.4,0,116,56,50,65476,0,300,0,0,8,20529,65476,0,0,57672,80.0,0.0,0.0,0.0,0.0,0.0
2026-06-17T04:24:31,ERR,ERR,ERR,ERR,ERR,ERR,ERR,ERR,ERR,ERR,ERR,ERR,ERR,ERR,ERR,ERR,ERR,ERR,ERR,ERR,ERR,ERR,ERR,ERR,ERR,ERR,ERR,ERR,ERR,ERR,ERR,ERR,ERR,ERR,ERR,ERR,ERR,ERR,ERR,ERR,ERR,ERR,ERR,ERR,ERR,ERR,ERR,ERR,ERR,ERR,ERR,ERR,ERR,ERR,ERR,ERR,ERR,ERR,ERR,ERR,ERR,ERR,ERR,ERR,ERR,ERR,ERR,ERR,ERR,ERR,ERR,ERR,ERR,ERR,ERR,ERR,ERR,ERR,ERR,ERR,ERR,ERR,ERR,ERR,ERR,ERR,ERR,ERR,ERR,ERR,ERR,ERR,ERR,ERR,ERR,ERR,ERR,ERR,ERR,ERR,ERR,ERR,ERR,ERR,ERR,ERR,ERR,ERR,ERR,ERR,ERR,ERR,ERR,ERR,ERR,ERR,ERR,ERR,ERR,ERR,ERR,ERR,ERR,ERR,ERR,0.0,-107615328.0,0.0,0.0,0.0,1.3936040501711995e+18,7.805,0.0,0,0,4,0,7300,-0.0,0,0.0,0.0,0.0,0.0,0.0,0,0,0,0,0.0,0,0,0,0,0,0,0,0,0,0,0,0,0,0,0,0,0,0,0,0,0,0,0,0,0,0,0,0,0,0,0,0,0,32,30,30,62,65476,0,300,0,0,8,21553,0.0,-107605600.0,0.0,0.0,0.0,0.0,0.0,0.0,0.0,0.0,0.0,0.0,0.0,0.0,0.0,0.0,0.0,0.0,0.0,0.0,0.0,0.0,2.004,2.004,-0.0,-2.004,0.0,0.0,0.0,0.0,5385.0,-1.587931619850188e+29,6974.0,0.0,-107615328.0,-107615280.0,-0.0,0.0,0.0,0.0,0.0,63,3.222027116945945e+26,0.0,0.0,0.0,0.0,0.0,0.0,0.0,0.0,0,0,0,0.0,0.0,0.0,0.0,0.0,0.0,0.0,0.0,0.0,0.0,0.0,0.0,0.0,0.0,0.0,0.0,0,-107875648.0,63,0.0,126,2.7184242562605685e+23,-0.0,ERR,ERR,ERR,ERR,ERR,ERR,ERR,ERR,ERR,ERR,ERR,ERR,ERR,ERR,ERR,ERR,ERR,ERR,ERR,ERR,ERR,ERR,ERR,ERR,ERR,ERR,ERR,ERR,ERR,ERR,ERR,ERR,ERR,ERR,ERR,ERR,ERR,ERR,ERR,ERR,ERR,ERR,ERR,ERR,ERR,ERR,ERR,ERR,ERR,ERR,ERR,ERR,ERR,ERR,ERR,ERR,ERR,ERR,ERR,ERR,ERR,ERR,ERR,ERR,ERR,ERR,ERR,34.0,80.0,35,0.0,0.0,0.0,0.0,0.0,0.0,0.0,0.0,0.0,0.0,0.0,0.0,0.0,0.0,0.0,0.0,64.4,0,116,56,50,65476,0,300,0,0,8,20529,65476,0,0,57672,80.0,0.0,0.0,0.0,0.0,0.0
2026-06-17T04:24:32,ERR,ERR,ERR,ERR,ERR,ERR,ERR,ERR,ERR,ERR,ERR,ERR,ERR,ERR,ERR,ERR,ERR,ERR,ERR,ERR,ERR,ERR,ERR,ERR,ERR,ERR,ERR,ERR,ERR,ERR,ERR,ERR,ERR,ERR,ERR,ERR,ERR,ERR,ERR,ERR,ERR,ERR,ERR,ERR,ERR,ERR,ERR,ERR,ERR,ERR,ERR,ERR,ERR,ERR,ERR,ERR,ERR,ERR,ERR,ERR,ERR,ERR,ERR,ERR,ERR,ERR,ERR,ERR,ERR,ERR,ERR,ERR,ERR,ERR,ERR,ERR,ERR,ERR,ERR,ERR,ERR,ERR,ERR,ERR,ERR,ERR,ERR,ERR,ERR,ERR,ERR,ERR,ERR,ERR,ERR,ERR,ERR,ERR,ERR,ERR,ERR,ERR,ERR,ERR,ERR,ERR,ERR,ERR,ERR,ERR,ERR,ERR,ERR,ERR,ERR,ERR,ERR,ERR,ERR,ERR,ERR,ERR,ERR,ERR,ERR,0.0,-107615328.0,0.0,0.0,0.0,1.3936040501711995e+18,7.805,0.0,0,0,4,0,7300,-0.0,0,0.0,0.0,0.0,0.0,0.0,0,0,0,0,0.0,0,0,0,0,0,0,0,0,0,0,0,0,0,0,0,0,0,0,0,0,0,0,0,0,0,0,0,0,0,0,0,0,0,32,30,30,62,65476,0,300,0,0,8,21553,0.0,-107605600.0,0.0,0.0,0.0,0.0,0.0,0.0,0.0,0.0,0.0,0.0,0.0,0.0,0.0,0.0,0.0,0.0,0.0,0.0,0.0,0.0,2.004,2.004,-0.0,-2.004,0.0,0.0,0.0,0.0,5385.0,-1.587931619850188e+29,6974.0,0.0,-107615328.0,-107615280.0,-0.0,0.0,0.0,0.0,0.0,63,3.222027116945945e+26,0.0,0.0,0.0,0.0,0.0,0.0,0.0,0.0,0,0,0,0.0,0.0,0.0,0.0,0.0,0.0,0.0,0.0,0.0,0.0,0.0,0.0,0.0,0.0,0.0,0.0,0,-107875648.0,63,0.0,126,2.7184242562605685e+23,-0.0,ERR,ERR,ERR,ERR,ERR,ERR,ERR,ERR,ERR,ERR,ERR,ERR,ERR,ERR,ERR,ERR,ERR,ERR,ERR,ERR,ERR,ERR,ERR,ERR,ERR,ERR,ERR,ERR,ERR,ERR,ERR,ERR,ERR,ERR,ERR,ERR,ERR,ERR,ERR,ERR,ERR,ERR,ERR,ERR,ERR,ERR,ERR,ERR,ERR,ERR,ERR,ERR,ERR,ERR,ERR,ERR,ERR,ERR,ERR,ERR,ERR,ERR,ERR,ERR,ERR,ERR,ERR,34.0,80.0,35,0.0,0.0,0.0,0.0,0.0,0.0,0.0,0.0,0.0,0.0,0.0,0.0,0.0,0.0,0.0,0.0,64.4,0,116,56,50,65476,0,300,0,0,8,20529,65476,0,0,57672,80.0,0.0,0.0,0.0,0.0,0.0
2026-06-17T04:24:33,ERR,ERR,ERR,ERR,ERR,ERR,ERR,ERR,ERR,ERR,ERR,ERR,ERR,ERR,ERR,ERR,ERR,ERR,ERR,ERR,ERR,ERR,ERR,ERR,ERR,ERR,ERR,ERR,ERR,ERR,ERR,ERR,ERR,ERR,ERR,ERR,ERR,ERR,ERR,ERR,ERR,ERR,ERR,ERR,ERR,ERR,ERR,ERR,ERR,ERR,ERR,ERR,ERR,ERR,ERR,ERR,ERR,ERR,ERR,ERR,ERR,ERR,ERR,ERR,ERR,ERR,ERR,ERR,ERR,ERR,ERR,ERR,ERR,ERR,ERR,ERR,ERR,ERR,ERR,ERR,ERR,ERR,ERR,ERR,ERR,ERR,ERR,ERR,ERR,ERR,ERR,ERR,ERR,ERR,ERR,ERR,ERR,ERR,ERR,ERR,ERR,ERR,ERR,ERR,ERR,ERR,ERR,ERR,ERR,ERR,ERR,ERR,ERR,ERR,ERR,ERR,ERR,ERR,ERR,ERR,ERR,ERR,ERR,ERR,ERR,0.0,-107615328.0,0.0,0.0,0.0,1.3936040501711995e+18,7.805,0.0,0,0,4,0,7300,-0.0,0,0.0,0.0,0.0,0.0,0.0,0,0,0,0,0.0,0,0,0,0,0,0,0,0,0,0,0,0,0,0,0,0,0,0,0,0,0,0,0,0,0,0,0,0,0,0,0,0,0,32,30,30,62,65476,0,300,0,0,8,21553,0.0,-107605600.0,0.0,0.0,0.0,0.0,0.0,0.0,0.0,0.0,0.0,0.0,0.0,0.0,0.0,0.0,0.0,0.0,0.0,0.0,0.0,0.0,2.004,2.004,-0.0,-2.004,0.0,0.0,0.0,0.0,5385.0,-1.587931619850188e+29,6974.0,0.0,-107615328.0,-107615280.0,-0.0,0.0,0.0,0.0,0.0,63,3.222027116945945e+26,0.0,0.0,0.0,0.0,0.0,0.0,0.0,0.0,0,0,0,0.0,0.0,0.0,0.0,0.0,0.0,0.0,0.0,0.0,0.0,0.0,0.0,0.0,0.0,0.0,0.0,0,-107875648.0,63,0.0,126,2.7184242562605685e+23,-0.0,ERR,ERR,ERR,ERR,ERR,ERR,ERR,ERR,ERR,ERR,ERR,ERR,ERR,ERR,ERR,ERR,ERR,ERR,ERR,ERR,ERR,ERR,ERR,ERR,ERR,ERR,ERR,ERR,ERR,ERR,ERR,ERR,ERR,ERR,ERR,ERR,ERR,ERR,ERR,ERR,ERR,ERR,ERR,ERR,ERR,ERR,ERR,ERR,ERR,ERR,ERR,ERR,ERR,ERR,ERR,ERR,ERR,ERR,ERR,ERR,ERR,ERR,ERR,ERR,ERR,ERR,ERR,34.0,80.0,35,0.0,0.0,0.0,0.0,0.0,0.0,0.0,0.0,0.0,0.0,0.0,0.0,0.0,0.0,0.0,0.0,64.8,0,116,56,50,65476,0,300,0,0,8,20529,65476,0,0,57672,80.0,0.0,0.0,0.0,0.0,0.0
2026-06-17T04:24:34,ERR,ERR,ERR,ERR,ERR,ERR,ERR,ERR,ERR,ERR,ERR,ERR,ERR,ERR,ERR,ERR,ERR,ERR,ERR,ERR,ERR,ERR,ERR,ERR,ERR,ERR,ERR,ERR,ERR,ERR,ERR,ERR,ERR,ERR,ERR,ERR,ERR,ERR,ERR,ERR,ERR,ERR,ERR,ERR,ERR,ERR,ERR,ERR,ERR,ERR,ERR,ERR,ERR,ERR,ERR,ERR,ERR,ERR,ERR,ERR,ERR,ERR,ERR,ERR,ERR,ERR,ERR,ERR,ERR,ERR,ERR,ERR,ERR,ERR,ERR,ERR,ERR,ERR,ERR,ERR,ERR,ERR,ERR,ERR,ERR,ERR,ERR,ERR,ERR,ERR,ERR,ERR,ERR,ERR,ERR,ERR,ERR,ERR,ERR,ERR,ERR,ERR,ERR,ERR,ERR,ERR,ERR,ERR,ERR,ERR,ERR,ERR,ERR,ERR,ERR,ERR,ERR,ERR,ERR,ERR,ERR,ERR,ERR,ERR,ERR,0.0,-107615328.0,0.0,0.0,0.0,1.3936040501711995e+18,7.805,0.0,0,0,4,0,7300,-0.0,0,0.0,0.0,0.0,0.0,0.0,0,0,0,0,0.0,0,0,0,0,0,0,0,0,0,0,0,0,0,0,0,0,0,0,0,0,0,0,0,0,0,0,0,0,0,0,0,0,0,32,30,30,62,65476,0,300,0,0,8,21553,0.0,-107605600.0,0.0,0.0,0.0,0.0,0.0,0.0,0.0,0.0,0.0,0.0,0.0,0.0,0.0,0.0,0.0,0.0,0.0,0.0,0.0,0.0,2.004,2.004,-0.0,-2.004,0.0,0.0,0.0,0.0,5385.0,-1.587931619850188e+29,6974.0,0.0,-107615328.0,-107615280.0,-0.0,0.0,0.0,0.0,0.0,63,3.222027116945945e+26,0.0,0.0,0.0,0.0,0.0,0.0,0.0,0.0,0,0,0,0.0,0.0,0.0,0.0,0.0,0.0,0.0,0.0,0.0,0.0,0.0,0.0,0.0,0.0,0.0,0.0,0,-107875648.0,63,0.0,126,2.7184242562605685e+23,-0.0,ERR,ERR,ERR,ERR,ERR,ERR,ERR,ERR,ERR,ERR,ERR,ERR,ERR,ERR,ERR,ERR,ERR,ERR,ERR,ERR,ERR,ERR,ERR,ERR,ERR,ERR,ERR,ERR,ERR,ERR,ERR,ERR,ERR,ERR,ERR,ERR,ERR,ERR,ERR,ERR,ERR,ERR,ERR,ERR,ERR,ERR,ERR,ERR,ERR,ERR,ERR,ERR,ERR,ERR,ERR,ERR,ERR,ERR,ERR,ERR,ERR,ERR,ERR,ERR,ERR,ERR,ERR,34.0,80.0,35,0.0,0.0,0.0,0.0,0.0,0.0,0.0,0.0,0.0,0.0,0.0,0.0,0.0,0.0,0.0,0.0,64.8,0,116,56,50,65476,0,300,0,0,8,20529,65476,0,0,57672,80.0,0.0,0.0,0.0,0.0,0.0
2026-06-17T04:24:35,ERR,ERR,ERR,ERR,ERR,ERR,ERR,ERR,ERR,ERR,ERR,ERR,ERR,ERR,ERR,ERR,ERR,ERR,ERR,ERR,ERR,ERR,ERR,ERR,ERR,ERR,ERR,ERR,ERR,ERR,ERR,ERR,ERR,ERR,ERR,ERR,ERR,ERR,ERR,ERR,ERR,ERR,ERR,ERR,ERR,ERR,ERR,ERR,ERR,ERR,ERR,ERR,ERR,ERR,ERR,ERR,ERR,ERR,ERR,ERR,ERR,ERR,ERR,ERR,ERR,ERR,ERR,ERR,ERR,ERR,ERR,ERR,ERR,ERR,ERR,ERR,ERR,ERR,ERR,ERR,ERR,ERR,ERR,ERR,ERR,ERR,ERR,ERR,ERR,ERR,ERR,ERR,ERR,ERR,ERR,ERR,ERR,ERR,ERR,ERR,ERR,ERR,ERR,ERR,ERR,ERR,ERR,ERR,ERR,ERR,ERR,ERR,ERR,ERR,ERR,ERR,ERR,ERR,ERR,ERR,ERR,ERR,ERR,ERR,ERR,0.0,-107615328.0,0.0,0.0,0.0,1.3936040501711995e+18,7.805,0.0,0,0,4,0,7300,-0.0,0,0.0,0.0,0.0,0.0,0.0,0,0,0,0,0.0,0,0,0,0,0,0,0,0,0,0,0,0,0,0,0,0,0,0,0,0,0,0,0,0,0,0,0,0,0,0,0,0,0,32,30,30,62,65476,0,300,0,0,8,21553,0.0,-107605600.0,0.0,0.0,0.0,0.0,0.0,0.0,0.0,0.0,0.0,0.0,0.0,0.0,0.0,0.0,0.0,0.0,0.0,0.0,0.0,0.0,2.004,2.004,-0.0,-2.004,0.0,0.0,0.0,0.0,5385.0,-1.587931619850188e+29,6974.0,0.0,-107615328.0,-107615280.0,-0.0,0.0,0.0,0.0,0.0,63,3.222027116945945e+26,0.0,0.0,0.0,0.0,0.0,0.0,0.0,0.0,0,0,0,0.0,0.0,0.0,0.0,0.0,0.0,0.0,0.0,0.0,0.0,0.0,0.0,0.0,0.0,0.0,0.0,0,-107875648.0,63,0.0,126,2.7184242562605685e+23,-0.0,ERR,ERR,ERR,ERR,ERR,ERR,ERR,ERR,ERR,ERR,ERR,ERR,ERR,ERR,ERR,ERR,ERR,ERR,ERR,ERR,ERR,ERR,ERR,ERR,ERR,ERR,ERR,ERR,ERR,ERR,ERR,ERR,ERR,ERR,ERR,ERR,ERR,ERR,ERR,ERR,ERR,ERR,ERR,ERR,ERR,ERR,ERR,ERR,ERR,ERR,ERR,ERR,ERR,ERR,ERR,ERR,ERR,ERR,ERR,ERR,ERR,ERR,ERR,ERR,ERR,ERR,ERR,34.0,80.0,35,0.0,0.0,0.0,0.0,0.0,0.0,0.0,0.0,0.0,0.0,0.0,0.0,0.0,0.0,0.0,0.0,64.4,0,116,56,50,65476,0,300,0,0,8,20529,65476,0,0,57672,80.0,0.0,0.0,0.0,0.0,0.0
2026-06-17T04:24:36,ERR,ERR,ERR,ERR,ERR,ERR,ERR,ERR,ERR,ERR,ERR,ERR,ERR,ERR,ERR,ERR,ERR,ERR,ERR,ERR,ERR,ERR,ERR,ERR,ERR,ERR,ERR,ERR,ERR,ERR,ERR,ERR,ERR,ERR,ERR,ERR,ERR,ERR,ERR,ERR,ERR,ERR,ERR,ERR,ERR,ERR,ERR,ERR,ERR,ERR,ERR,ERR,ERR,ERR,ERR,ERR,ERR,ERR,ERR,ERR,ERR,ERR,ERR,ERR,ERR,ERR,ERR,ERR,ERR,ERR,ERR,ERR,ERR,ERR,ERR,ERR,ERR,ERR,ERR,ERR,ERR,ERR,ERR,ERR,ERR,ERR,ERR,ERR,ERR,ERR,ERR,ERR,ERR,ERR,ERR,ERR,ERR,ERR,ERR,ERR,ERR,ERR,ERR,ERR,ERR,ERR,ERR,ERR,ERR,ERR,ERR,ERR,ERR,ERR,ERR,ERR,ERR,ERR,ERR,ERR,ERR,ERR,ERR,ERR,ERR,0.0,-107615328.0,0.0,0.0,0.0,1.3936040501711995e+18,7.805,0.0,0,0,4,0,7300,-0.0,0,0.0,0.0,0.0,0.0,0.0,0,0,0,0,0.0,0,0,0,0,0,0,0,0,0,0,0,0,0,0,0,0,0,0,0,0,0,0,0,0,0,0,0,0,0,0,0,0,0,32,30,30,62,65476,0,300,0,0,8,21553,0.0,-107605600.0,0.0,0.0,0.0,0.0,0.0,0.0,0.0,0.0,0.0,0.0,0.0,0.0,0.0,0.0,0.0,0.0,0.0,0.0,0.0,0.0,2.004,2.004,-0.0,-2.004,0.0,0.0,0.0,0.0,5385.0,-131350.625,6967.0,0.0,-107615328.0,-107615280.0,-0.0,0.0,0.0,0.0,0.0,63,3.222027116945945e+26,-4.9504073207923395e+32,0.0,0.0,0.0,0.0,0.0,0.0,0.0,0,0,0,0.0,0.0,0.0,0.0,0.0,0.0,0.0,0.0,0.0,0.0,0.0,0.0,0.0,0.0,0.0,0.0,0,-107875648.0,63,0.0,126,2.7184242562605685e+23,-0.0,ERR,ERR,ERR,ERR,ERR,ERR,ERR,ERR,ERR,ERR,ERR,ERR,ERR,ERR,ERR,ERR,ERR,ERR,ERR,ERR,ERR,ERR,ERR,ERR,ERR,ERR,ERR,ERR,ERR,ERR,ERR,ERR,ERR,ERR,ERR,ERR,ERR,ERR,ERR,ERR,ERR,ERR,ERR,ERR,ERR,ERR,ERR,ERR,ERR,ERR,ERR,ERR,ERR,ERR,ERR,ERR,ERR,ERR,ERR,ERR,ERR,ERR,ERR,ERR,ERR,ERR,ERR,34.0,80.0,35,0.0,0.0,0.0,0.0,0.0,0.0,0.0,0.0,0.0,0.0,0.0,0.0,0.0,0.0,0.0,0.0,64.4,0,116,56,50,65476,0,300,0,0,8,20529,65476,0,0,57672,80.0,0.0,0.0,0.0,0.0,0.0
2026-06-17T04:24:37,ERR,ERR,ERR,ERR,ERR,ERR,ERR,ERR,ERR,ERR,ERR,ERR,ERR,ERR,ERR,ERR,ERR,ERR,ERR,ERR,ERR,ERR,ERR,ERR,ERR,ERR,ERR,ERR,ERR,ERR,ERR,ERR,ERR,ERR,ERR,ERR,ERR,ERR,ERR,ERR,ERR,ERR,ERR,ERR,ERR,ERR,ERR,ERR,ERR,ERR,ERR,ERR,ERR,ERR,ERR,ERR,ERR,ERR,ERR,ERR,ERR,ERR,ERR,ERR,ERR,ERR,ERR,ERR,ERR,ERR,ERR,ERR,ERR,ERR,ERR,ERR,ERR,ERR,ERR,ERR,ERR,ERR,ERR,ERR,ERR,ERR,ERR,ERR,ERR,ERR,ERR,ERR,ERR,ERR,ERR,ERR,ERR,ERR,ERR,ERR,ERR,ERR,ERR,ERR,ERR,ERR,ERR,ERR,ERR,ERR,ERR,ERR,ERR,ERR,ERR,ERR,ERR,ERR,ERR,ERR,ERR,ERR,ERR,ERR,ERR,0.0,-107615328.0,0.0,0.0,0.0,1.3936040501711995e+18,7.805,0.0,0,0,4,0,7300,-0.0,0,0.0,0.0,0.0,0.0,0.0,0,0,0,0,0.0,0,0,0,0,0,0,0,0,0,0,0,0,0,0,0,0,0,0,0,0,0,0,0,0,0,0,0,0,0,0,0,0,0,32,30,30,62,65476,0,300,0,0,8,21553,0.0,-107605600.0,0.0,0.0,0.0,0.0,0.0,0.0,0.0,0.0,0.0,0.0,0.0,0.0,0.0,0.0,0.0,0.0,0.0,0.0,0.0,0.0,2.004,2.004,-0.0,-2.004,0.0,0.0,0.0,0.0,5385.0,-131350.625,6967.0,0.0,-107615328.0,-107615280.0,-0.0,0.0,0.0,0.0,0.0,63,3.222027116945945e+26,-4.9504073207923395e+32,0.0,0.0,0.0,0.0,0.0,0.0,0.0,0,0,0,0.0,0.0,0.0,0.0,0.0,0.0,0.0,0.0,0.0,0.0,0.0,0.0,0.0,0.0,0.0,0.0,0,-107875648.0,63,0.0,126,2.7184242562605685e+23,-0.0,ERR,ERR,ERR,ERR,ERR,ERR,ERR,ERR,ERR,ERR,ERR,ERR,ERR,ERR,ERR,ERR,ERR,ERR,ERR,ERR,ERR,ERR,ERR,ERR,ERR,ERR,ERR,ERR,ERR,ERR,ERR,ERR,ERR,ERR,ERR,ERR,ERR,ERR,ERR,ERR,ERR,ERR,ERR,ERR,ERR,ERR,ERR,ERR,ERR,ERR,ERR,ERR,ERR,ERR,ERR,ERR,ERR,ERR,ERR,ERR,ERR,ERR,ERR,ERR,ERR,ERR,ERR,34.0,80.0,35,0.0,0.0,0.0,0.0,0.0,0.0,0.0,0.0,0.0,0.0,0.0,0.0,0.0,0.0,0.0,0.0,64.4,0,116,56,50,65476,0,300,0,0,8,20529,65476,0,0,57672,80.0,0.0,0.0,0.0,0.0,0.0
2026-06-17T04:24:38,ERR,ERR,ERR,ERR,ERR,ERR,ERR,ERR,ERR,ERR,ERR,ERR,ERR,ERR,ERR,ERR,ERR,ERR,ERR,ERR,ERR,ERR,ERR,ERR,ERR,ERR,ERR,ERR,ERR,ERR,ERR,ERR,ERR,ERR,ERR,ERR,ERR,ERR,ERR,ERR,ERR,ERR,ERR,ERR,ERR,ERR,ERR,ERR,ERR,ERR,ERR,ERR,ERR,ERR,ERR,ERR,ERR,ERR,ERR,ERR,ERR,ERR,ERR,ERR,ERR,ERR,ERR,ERR,ERR,ERR,ERR,ERR,ERR,ERR,ERR,ERR,ERR,ERR,ERR,ERR,ERR,ERR,ERR,ERR,ERR,ERR,ERR,ERR,ERR,ERR,ERR,ERR,ERR,ERR,ERR,ERR,ERR,ERR,ERR,ERR,ERR,ERR,ERR,ERR,ERR,ERR,ERR,ERR,ERR,ERR,ERR,ERR,ERR,ERR,ERR,ERR,ERR,ERR,ERR,ERR,ERR,ERR,ERR,ERR,ERR,0.0,-107615328.0,0.0,0.0,0.0,1.3936040501711995e+18,7.805,0.0,0,0,4,0,7300,-0.0,0,0.0,0.0,0.0,0.0,0.0,0,0,0,0,0.0,0,0,0,0,0,0,0,0,0,0,0,0,0,0,0,0,0,0,0,0,0,0,0,0,0,0,0,0,0,0,0,0,0,32,30,30,62,65476,0,300,0,0,8,21553,0.0,-107605600.0,0.0,0.0,0.0,0.0,0.0,0.0,0.0,0.0,0.0,0.0,0.0,0.0,0.0,0.0,0.0,0.0,0.0,0.0,0.0,0.0,2.004,2.004,-0.0,-2.004,0.0,0.0,0.0,0.0,5385.0,-131350.625,6967.0,0.0,-107615328.0,-107615280.0,-0.0,0.0,0.0,0.0,0.0,63,3.222027116945945e+26,-4.9504073207923395e+32,0.0,0.0,0.0,0.0,0.0,0.0,0.0,0,0,0,0.0,0.0,0.0,0.0,0.0,0.0,0.0,0.0,0.0,0.0,0.0,0.0,0.0,0.0,0.0,0.0,0,-107875648.0,63,0.0,126,2.7184242562605685e+23,-0.0,ERR,ERR,ERR,ERR,ERR,ERR,ERR,ERR,ERR,ERR,ERR,ERR,ERR,ERR,ERR,ERR,ERR,ERR,ERR,ERR,ERR,ERR,ERR,ERR,ERR,ERR,ERR,ERR,ERR,ERR,ERR,ERR,ERR,ERR,ERR,ERR,ERR,ERR,ERR,ERR,ERR,ERR,ERR,ERR,ERR,ERR,ERR,ERR,ERR,ERR,ERR,ERR,ERR,ERR,ERR,ERR,ERR,ERR,ERR,ERR,ERR,ERR,ERR,ERR,ERR,ERR,ERR,34.0,80.0,35,0.0,0.0,0.0,0.0,0.0,0.0,0.0,0.0,0.0,0.0,0.0,0.0,0.0,0.0,0.0,0.0,64.4,0,116,56,50,65476,0,300,0,0,8,20529,65476,0,0,57672,80.0,0.0,0.0,0.0,0.0,0.0
2026-06-17T04:24:39,ERR,ERR,ERR,ERR,ERR,ERR,ERR,ERR,ERR,ERR,ERR,ERR,ERR,ERR,ERR,ERR,ERR,ERR,ERR,ERR,ERR,ERR,ERR,ERR,ERR,ERR,ERR,ERR,ERR,ERR,ERR,ERR,ERR,ERR,ERR,ERR,ERR,ERR,ERR,ERR,ERR,ERR,ERR,ERR,ERR,ERR,ERR,ERR,ERR,ERR,ERR,ERR,ERR,ERR,ERR,ERR,ERR,ERR,ERR,ERR,ERR,ERR,ERR,ERR,ERR,ERR,ERR,ERR,ERR,ERR,ERR,ERR,ERR,ERR,ERR,ERR,ERR,ERR,ERR,ERR,ERR,ERR,ERR,ERR,ERR,ERR,ERR,ERR,ERR,ERR,ERR,ERR,ERR,ERR,ERR,ERR,ERR,ERR,ERR,ERR,ERR,ERR,ERR,ERR,ERR,ERR,ERR,ERR,ERR,ERR,ERR,ERR,ERR,ERR,ERR,ERR,ERR,ERR,ERR,ERR,ERR,ERR,ERR,ERR,ERR,0.0,-107615328.0,0.0,0.0,0.0,1.3936040501711995e+18,7.805,0.0,0,0,4,0,7300,-0.0,0,0.0,0.0,0.0,0.0,0.0,0,0,0,0,0.0,0,0,0,0,0,0,0,0,0,0,0,0,0,0,0,0,0,0,0,0,0,0,0,0,0,0,0,0,0,0,0,0,0,32,30,30,62,65476,0,300,0,0,8,21553,0.0,-107605600.0,0.0,0.0,0.0,0.0,0.0,0.0,0.0,0.0,0.0,0.0,0.0,0.0,0.0,0.0,0.0,0.0,0.0,0.0,0.0,0.0,2.004,2.004,-0.0,-2.004,0.0,0.0,0.0,0.0,5385.0,-131350.625,6967.0,0.0,-107615328.0,-107615280.0,-0.0,0.0,0.0,0.0,0.0,63,3.222027116945945e+26,-4.9504073207923395e+32,0.0,0.0,0.0,0.0,0.0,0.0,0.0,0,0,0,0.0,0.0,0.0,0.0,0.0,0.0,0.0,0.0,0.0,0.0,0.0,0.0,0.0,0.0,0.0,0.0,0,-107875648.0,63,0.0,126,2.7184242562605685e+23,-0.0,ERR,ERR,ERR,ERR,ERR,ERR,ERR,ERR,ERR,ERR,ERR,ERR,ERR,ERR,ERR,ERR,ERR,ERR,ERR,ERR,ERR,ERR,ERR,ERR,ERR,ERR,ERR,ERR,ERR,ERR,ERR,ERR,ERR,ERR,ERR,ERR,ERR,ERR,ERR,ERR,ERR,ERR,ERR,ERR,ERR,ERR,ERR,ERR,ERR,ERR,ERR,ERR,ERR,ERR,ERR,ERR,ERR,ERR,ERR,ERR,ERR,ERR,ERR,ERR,ERR,ERR,ERR,34.0,80.0,35,0.0,0.0,0.0,0.0,0.0,0.0,0.0,0.0,0.0,0.0,0.0,0.0,0.0,0.0,0.0,0.0,64.4,0,116,56,50,65476,0,300,0,0,8,20529,65476,0,0,57672,80.0,0.0,0.0,0.0,0.0,0.0
2026-06-17T04:24:40,ERR,ERR,ERR,ERR,ERR,ERR,ERR,ERR,ERR,ERR,ERR,ERR,ERR,ERR,ERR,ERR,ERR,ERR,ERR,ERR,ERR,ERR,ERR,ERR,ERR,ERR,ERR,ERR,ERR,ERR,ERR,ERR,ERR,ERR,ERR,ERR,ERR,ERR,ERR,ERR,ERR,ERR,ERR,ERR,ERR,ERR,ERR,ERR,ERR,ERR,ERR,ERR,ERR,ERR,ERR,ERR,ERR,ERR,ERR,ERR,ERR,ERR,ERR,ERR,ERR,ERR,ERR,ERR,ERR,ERR,ERR,ERR,ERR,ERR,ERR,ERR,ERR,ERR,ERR,ERR,ERR,ERR,ERR,ERR,ERR,ERR,ERR,ERR,ERR,ERR,ERR,ERR,ERR,ERR,ERR,ERR,ERR,ERR,ERR,ERR,ERR,ERR,ERR,ERR,ERR,ERR,ERR,ERR,ERR,ERR,ERR,ERR,ERR,ERR,ERR,ERR,ERR,ERR,ERR,ERR,ERR,ERR,ERR,ERR,ERR,0.0,-107615328.0,0.0,0.0,0.0,1.3936040501711995e+18,7.805,0.0,0,0,4,0,7300,-0.0,0,0.0,0.0,0.0,0.0,0.0,0,0,0,0,0.0,0,0,0,0,0,0,0,0,0,0,0,0,0,0,0,0,0,0,0,0,0,0,0,0,0,0,0,0,0,0,0,0,0,32,30,30,62,65476,0,300,0,0,8,21553,0.0,-107605600.0,0.0,0.0,0.0,0.0,0.0,0.0,0.0,0.0,0.0,0.0,0.0,0.0,0.0,0.0,0.0,0.0,0.0,0.0,0.0,0.0,2.004,2.004,-0.0,-2.004,0.0,0.0,0.0,0.0,5385.0,-131350.625,6967.0,0.0,-107615328.0,-107615280.0,-0.0,0.0,0.0,0.0,0.0,63,3.222027116945945e+26,-4.9504073207923395e+32,0.0,0.0,0.0,0.0,0.0,0.0,0.0,0,0,0,0.0,0.0,0.0,0.0,0.0,0.0,0.0,0.0,0.0,0.0,0.0,0.0,0.0,0.0,0.0,0.0,0,-107875648.0,63,0.0,126,2.7184242562605685e+23,-0.0,ERR,ERR,ERR,ERR,ERR,ERR,ERR,ERR,ERR,ERR,ERR,ERR,ERR,ERR,ERR,ERR,ERR,ERR,ERR,ERR,ERR,ERR,ERR,ERR,ERR,ERR,ERR,ERR,ERR,ERR,ERR,ERR,ERR,ERR,ERR,ERR,ERR,ERR,ERR,ERR,ERR,ERR,ERR,ERR,ERR,ERR,ERR,ERR,ERR,ERR,ERR,ERR,ERR,ERR,ERR,ERR,ERR,ERR,ERR,ERR,ERR,ERR,ERR,ERR,ERR,ERR,ERR,34.0,80.0,35,0.0,0.0,0.0,0.0,0.0,0.0,0.0,0.0,0.0,0.0,0.0,0.0,0.0,0.0,0.0,0.0,64.4,0,116,56,50,65476,0,300,0,0,8,20529,65476,0,0,57672,80.0,0.0,0.0,0.0,0.0,0.0
2026-06-17T04:24:41,ERR,ERR,ERR,ERR,ERR,ERR,ERR,ERR,ERR,ERR,ERR,ERR,ERR,ERR,ERR,ERR,ERR,ERR,ERR,ERR,ERR,ERR,ERR,ERR,ERR,ERR,ERR,ERR,ERR,ERR,ERR,ERR,ERR,ERR,ERR,ERR,ERR,ERR,ERR,ERR,ERR,ERR,ERR,ERR,ERR,ERR,ERR,ERR,ERR,ERR,ERR,ERR,ERR,ERR,ERR,ERR,ERR,ERR,ERR,ERR,ERR,ERR,ERR,ERR,ERR,ERR,ERR,ERR,ERR,ERR,ERR,ERR,ERR,ERR,ERR,ERR,ERR,ERR,ERR,ERR,ERR,ERR,ERR,ERR,ERR,ERR,ERR,ERR,ERR,ERR,ERR,ERR,ERR,ERR,ERR,ERR,ERR,ERR,ERR,ERR,ERR,ERR,ERR,ERR,ERR,ERR,ERR,ERR,ERR,ERR,ERR,ERR,ERR,ERR,ERR,ERR,ERR,ERR,ERR,ERR,ERR,ERR,ERR,ERR,ERR,0.0,-107615328.0,0.0,0.0,0.0,1.3936040501711995e+18,7.805,0.0,0,0,4,0,7300,-0.0,0,0.0,0.0,0.0,0.0,0.0,0,0,0,0,0.0,0,0,0,0,0,0,0,0,0,0,0,0,0,0,0,0,0,0,0,0,0,0,0,0,0,0,0,0,0,0,0,0,0,32,30,30,62,65476,0,300,0,0,8,21553,0.0,-107605600.0,0.0,0.0,0.0,0.0,0.0,0.0,0.0,0.0,0.0,0.0,0.0,0.0,0.0,0.0,0.0,0.0,0.0,0.0,0.0,0.0,2.004,0.0,-0.0,-2.004,0.0,0.0,0.0,0.0,5385.0,-0.0,6960.0,0.0,-107615328.0,-107615280.0,-0.0,0.0,0.0,0.0,0.0,63,3.222027116945945e+26,-0.0,0.0,0.0,0.0,0.0,0.0,0.0,0.0,0,0,0,0.0,0.0,0.0,0.0,0.0,0.0,0.0,0.0,0.0,0.0,0.0,0.0,0.0,0.0,0.0,0.0,0,-107875648.0,63,0.0,126,2.7184242562605685e+23,-0.0,ERR,ERR,ERR,ERR,ERR,ERR,ERR,ERR,ERR,ERR,ERR,ERR,ERR,ERR,ERR,ERR,ERR,ERR,ERR,ERR,ERR,ERR,ERR,ERR,ERR,ERR,ERR,ERR,ERR,ERR,ERR,ERR,ERR,ERR,ERR,ERR,ERR,ERR,ERR,ERR,ERR,ERR,ERR,ERR,ERR,ERR,ERR,ERR,ERR,ERR,ERR,ERR,ERR,ERR,ERR,ERR,ERR,ERR,ERR,ERR,ERR,ERR,ERR,ERR,ERR,ERR,ERR,34.0,80.0,35,0.0,0.0,0.0,0.0,0.0,0.0,0.0,0.0,0.0,0.0,0.0,0.0,0.0,0.0,0.0,0.0,64.4,0,116,56,50,65476,0,300,0,0,8,20529,65476,0,0,57672,80.0,0.0,0.0,0.0,0.0,0.0
2026-06-17T04:24:42,ERR,ERR,ERR,ERR,ERR,ERR,ERR,ERR,ERR,ERR,ERR,ERR,ERR,ERR,ERR,ERR,ERR,ERR,ERR,ERR,ERR,ERR,ERR,ERR,ERR,ERR,ERR,ERR,ERR,ERR,ERR,ERR,ERR,ERR,ERR,ERR,ERR,ERR,ERR,ERR,ERR,ERR,ERR,ERR,ERR,ERR,ERR,ERR,ERR,ERR,ERR,ERR,ERR,ERR,ERR,ERR,ERR,ERR,ERR,ERR,ERR,ERR,ERR,ERR,ERR,ERR,ERR,ERR,ERR,ERR,ERR,ERR,ERR,ERR,ERR,ERR,ERR,ERR,ERR,ERR,ERR,ERR,ERR,ERR,ERR,ERR,ERR,ERR,ERR,ERR,ERR,ERR,ERR,ERR,ERR,ERR,ERR,ERR,ERR,ERR,ERR,ERR,ERR,ERR,ERR,ERR,ERR,ERR,ERR,ERR,ERR,ERR,ERR,ERR,ERR,ERR,ERR,ERR,ERR,ERR,ERR,ERR,ERR,ERR,ERR,0.0,-107615328.0,0.0,0.0,0.0,1.3936040501711995e+18,7.805,0.0,0,0,4,0,7300,-0.0,0,0.0,0.0,0.0,0.0,0.0,0,0,0,0,0.0,0,0,0,0,0,0,0,0,0,0,0,0,0,0,0,0,0,0,0,0,0,0,0,0,0,0,0,0,0,0,0,0,0,32,30,30,62,65476,0,300,0,0,8,21553,0.0,-107605600.0,0.0,0.0,0.0,0.0,0.0,0.0,0.0,0.0,0.0,0.0,0.0,0.0,0.0,0.0,0.0,0.0,0.0,0.0,0.0,0.0,2.004,0.0,-0.0,-2.004,0.0,0.0,0.0,0.0,5385.0,-0.0,6960.0,0.0,-107615328.0,-107615280.0,-0.0,0.0,0.0,0.0,0.0,63,3.222027116945945e+26,-0.0,0.0,0.0,0.0,0.0,0.0,0.0,0.0,0,0,0,0.0,0.0,0.0,0.0,0.0,0.0,0.0,0.0,0.0,0.0,0.0,0.0,0.0,0.0,0.0,0.0,0,-107875648.0,63,0.0,126,2.7184242562605685e+23,-0.0,ERR,ERR,ERR,ERR,ERR,ERR,ERR,ERR,ERR,ERR,ERR,ERR,ERR,ERR,ERR,ERR,ERR,ERR,ERR,ERR,ERR,ERR,ERR,ERR,ERR,ERR,ERR,ERR,ERR,ERR,ERR,ERR,ERR,ERR,ERR,ERR,ERR,ERR,ERR,ERR,ERR,ERR,ERR,ERR,ERR,ERR,ERR,ERR,ERR,ERR,ERR,ERR,ERR,ERR,ERR,ERR,ERR,ERR,ERR,ERR,ERR,ERR,ERR,ERR,ERR,ERR,ERR,34.0,80.0,35,0.0,0.0,0.0,0.0,0.0,0.0,0.0,0.0,0.0,0.0,0.0,0.0,0.0,0.0,0.0,0.0,64.4,0,116,56,50,65476,0,300,0,0,8,20529,65476,0,0,57672,80.0,0.0,0.0,0.0,0.0,0.0
2026-06-17T04:24:43,ERR,ERR,ERR,ERR,ERR,ERR,ERR,ERR,ERR,ERR,ERR,ERR,ERR,ERR,ERR,ERR,ERR,ERR,ERR,ERR,ERR,ERR,ERR,ERR,ERR,ERR,ERR,ERR,ERR,ERR,ERR,ERR,ERR,ERR,ERR,ERR,ERR,ERR,ERR,ERR,ERR,ERR,ERR,ERR,ERR,ERR,ERR,ERR,ERR,ERR,ERR,ERR,ERR,ERR,ERR,ERR,ERR,ERR,ERR,ERR,ERR,ERR,ERR,ERR,ERR,ERR,ERR,ERR,ERR,ERR,ERR,ERR,ERR,ERR,ERR,ERR,ERR,ERR,ERR,ERR,ERR,ERR,ERR,ERR,ERR,ERR,ERR,ERR,ERR,ERR,ERR,ERR,ERR,ERR,ERR,ERR,ERR,ERR,ERR,ERR,ERR,ERR,ERR,ERR,ERR,ERR,ERR,ERR,ERR,ERR,ERR,ERR,ERR,ERR,ERR,ERR,ERR,ERR,ERR,ERR,ERR,ERR,ERR,ERR,ERR,0.0,-107615328.0,0.0,0.0,0.0,1.3936040501711995e+18,7.805,0.0,0,0,4,0,7300,-0.0,0,0.0,0.0,0.0,0.0,0.0,0,0,0,0,0.0,0,0,0,0,0,0,0,0,0,0,0,0,0,0,0,0,0,0,0,0,0,0,0,0,0,0,0,0,0,0,0,0,0,32,30,30,62,65476,0,300,0,0,8,21553,0.0,-107605600.0,0.0,0.0,0.0,0.0,0.0,0.0,0.0,0.0,0.0,0.0,0.0,0.0,0.0,0.0,0.0,0.0,0.0,0.0,0.0,0.0,2.004,0.0,-0.0,-2.004,0.0,0.0,0.0,0.0,5385.0,-0.0,6960.0,0.0,-107615328.0,-107615280.0,-0.0,0.0,0.0,0.0,0.0,63,3.222027116945945e+26,-0.0,0.0,0.0,0.0,0.0,0.0,0.0,0.0,0,0,0,0.0,0.0,0.0,0.0,0.0,0.0,0.0,0.0,0.0,0.0,0.0,0.0,0.0,0.0,0.0,0.0,0,-107875648.0,63,0.0,126,2.7184242562605685e+23,-0.0,ERR,ERR,ERR,ERR,ERR,ERR,ERR,ERR,ERR,ERR,ERR,ERR,ERR,ERR,ERR,ERR,ERR,ERR,ERR,ERR,ERR,ERR,ERR,ERR,ERR,ERR,ERR,ERR,ERR,ERR,ERR,ERR,ERR,ERR,ERR,ERR,ERR,ERR,ERR,ERR,ERR,ERR,ERR,ERR,ERR,ERR,ERR,ERR,ERR,ERR,ERR,ERR,ERR,ERR,ERR,ERR,ERR,ERR,ERR,ERR,ERR,ERR,ERR,ERR,ERR,ERR,ERR,34.0,80.0,35,0.0,0.0,0.0,0.0,0.0,0.0,0.0,0.0,0.0,0.0,0.0,0.0,0.0,0.0,0.0,0.0,64.4,0,116,56,50,65476,0,300,0,0,8,20529,65476,0,0,57672,80.0,0.0,0.0,0.0,0.0,0.0
2026-06-17T04:24:44,ERR,ERR,ERR,ERR,ERR,ERR,ERR,ERR,ERR,ERR,ERR,ERR,ERR,ERR,ERR,ERR,ERR,ERR,ERR,ERR,ERR,ERR,ERR,ERR,ERR,ERR,ERR,ERR,ERR,ERR,ERR,ERR,ERR,ERR,ERR,ERR,ERR,ERR,ERR,ERR,ERR,ERR,ERR,ERR,ERR,ERR,ERR,ERR,ERR,ERR,ERR,ERR,ERR,ERR,ERR,ERR,ERR,ERR,ERR,ERR,ERR,ERR,ERR,ERR,ERR,ERR,ERR,ERR,ERR,ERR,ERR,ERR,ERR,ERR,ERR,ERR,ERR,ERR,ERR,ERR,ERR,ERR,ERR,ERR,ERR,ERR,ERR,ERR,ERR,ERR,ERR,ERR,ERR,ERR,ERR,ERR,ERR,ERR,ERR,ERR,ERR,ERR,ERR,ERR,ERR,ERR,ERR,ERR,ERR,ERR,ERR,ERR,ERR,ERR,ERR,ERR,ERR,ERR,ERR,ERR,ERR,ERR,ERR,ERR,ERR,0.0,-107615328.0,0.0,0.0,0.0,1.3936040501711995e+18,7.805,0.0,0,0,4,0,7300,-0.0,0,0.0,0.0,0.0,0.0,0.0,0,0,0,0,0.0,0,0,0,0,0,0,0,0,0,0,0,0,0,0,0,0,0,0,0,0,0,0,0,0,0,0,0,0,0,0,0,0,0,32,30,30,62,65476,0,300,0,0,8,21553,0.0,-107605600.0,0.0,0.0,0.0,0.0,0.0,0.0,0.0,0.0,0.0,0.0,0.0,0.0,0.0,0.0,0.0,0.0,0.0,0.0,0.0,0.0,2.004,0.0,-0.0,-2.004,0.0,0.0,0.0,0.0,5385.0,-0.0,6960.0,0.0,-107615328.0,-107615280.0,-0.0,0.0,0.0,0.0,0.0,63,3.222027116945945e+26,-0.0,0.0,0.0,0.0,0.0,0.0,0.0,0.0,0,0,0,0.0,0.0,0.0,0.0,0.0,0.0,0.0,0.0,0.0,0.0,0.0,0.0,0.0,0.0,0.0,0.0,0,-107875648.0,63,0.0,126,2.7184242562605685e+23,-0.0,ERR,ERR,ERR,ERR,ERR,ERR,ERR,ERR,ERR,ERR,ERR,ERR,ERR,ERR,ERR,ERR,ERR,ERR,ERR,ERR,ERR,ERR,ERR,ERR,ERR,ERR,ERR,ERR,ERR,ERR,ERR,ERR,ERR,ERR,ERR,ERR,ERR,ERR,ERR,ERR,ERR,ERR,ERR,ERR,ERR,ERR,ERR,ERR,ERR,ERR,ERR,ERR,ERR,ERR,ERR,ERR,ERR,ERR,ERR,ERR,ERR,ERR,ERR,ERR,ERR,ERR,ERR,34.0,80.0,35,0.0,0.0,0.0,0.0,0.0,0.0,0.0,0.0,0.0,0.0,0.0,0.0,0.0,0.0,0.0,0.0,64.4,0,116,56,50,65476,0,300,0,0,8,20529,65476,0,0,57672,80.0,0.0,0.0,0.0,0.0,0.0
2026-06-17T04:24:45,ERR,ERR,ERR,ERR,ERR,ERR,ERR,ERR,ERR,ERR,ERR,ERR,ERR,ERR,ERR,ERR,ERR,ERR,ERR,ERR,ERR,ERR,ERR,ERR,ERR,ERR,ERR,ERR,ERR,ERR,ERR,ERR,ERR,ERR,ERR,ERR,ERR,ERR,ERR,ERR,ERR,ERR,ERR,ERR,ERR,ERR,ERR,ERR,ERR,ERR,ERR,ERR,ERR,ERR,ERR,ERR,ERR,ERR,ERR,ERR,ERR,ERR,ERR,ERR,ERR,ERR,ERR,ERR,ERR,ERR,ERR,ERR,ERR,ERR,ERR,ERR,ERR,ERR,ERR,ERR,ERR,ERR,ERR,ERR,ERR,ERR,ERR,ERR,ERR,ERR,ERR,ERR,ERR,ERR,ERR,ERR,ERR,ERR,ERR,ERR,ERR,ERR,ERR,ERR,ERR,ERR,ERR,ERR,ERR,ERR,ERR,ERR,ERR,ERR,ERR,ERR,ERR,ERR,ERR,ERR,ERR,ERR,ERR,ERR,ERR,0.0,-107615328.0,0.0,0.0,0.0,1.3936040501711995e+18,7.805,0.0,0,0,4,0,7300,-0.0,0,0.0,0.0,0.0,0.0,0.0,0,0,0,0,0.0,0,0,0,0,0,0,0,0,0,0,0,0,0,0,0,0,0,0,0,0,0,0,0,0,0,0,0,0,0,0,0,0,0,32,30,30,62,65476,0,300,0,0,8,21553,0.0,-107605600.0,0.0,0.0,0.0,0.0,0.0,0.0,0.0,0.0,0.0,0.0,0.0,0.0,0.0,0.0,0.0,0.0,0.0,0.0,0.0,0.0,2.004,0.0,-0.0,-2.004,0.0,0.0,0.0,0.0,5385.0,-0.0,6960.0,0.0,-107615328.0,-107615280.0,-0.0,0.0,0.0,0.0,0.0,63,3.222027116945945e+26,-0.0,0.0,0.0,0.0,0.0,0.0,0.0,0.0,0,0,0,0.0,0.0,0.0,0.0,0.0,0.0,0.0,0.0,0.0,0.0,0.0,0.0,0.0,0.0,0.0,0.0,0,-107875648.0,63,0.0,126,2.7184242562605685e+23,-0.0,ERR,ERR,ERR,ERR,ERR,ERR,ERR,ERR,ERR,ERR,ERR,ERR,ERR,ERR,ERR,ERR,ERR,ERR,ERR,ERR,ERR,ERR,ERR,ERR,ERR,ERR,ERR,ERR,ERR,ERR,ERR,ERR,ERR,ERR,ERR,ERR,ERR,ERR,ERR,ERR,ERR,ERR,ERR,ERR,ERR,ERR,ERR,ERR,ERR,ERR,ERR,ERR,ERR,ERR,ERR,ERR,ERR,ERR,ERR,ERR,ERR,ERR,ERR,ERR,ERR,ERR,ERR,34.0,80.0,35,0.0,0.0,0.0,0.0,0.0,0.0,0.0,0.0,0.0,0.0,0.0,0.0,0.0,0.0,0.0,0.0,64.4,0,116,56,50,65476,0,300,0,0,8,20529,65476,0,0,57672,80.0,0.0,0.0,0.0,0.0,0.0
2026-06-17T04:24:46,ERR,ERR,ERR,ERR,ERR,ERR,ERR,ERR,ERR,ERR,ERR,ERR,ERR,ERR,ERR,ERR,ERR,ERR,ERR,ERR,ERR,ERR,ERR,ERR,ERR,ERR,ERR,ERR,ERR,ERR,ERR,ERR,ERR,ERR,ERR,ERR,ERR,ERR,ERR,ERR,ERR,ERR,ERR,ERR,ERR,ERR,ERR,ERR,ERR,ERR,ERR,ERR,ERR,ERR,ERR,ERR,ERR,ERR,ERR,ERR,ERR,ERR,ERR,ERR,ERR,ERR,ERR,ERR,ERR,ERR,ERR,ERR,ERR,ERR,ERR,ERR,ERR,ERR,ERR,ERR,ERR,ERR,ERR,ERR,ERR,ERR,ERR,ERR,ERR,ERR,ERR,ERR,ERR,ERR,ERR,ERR,ERR,ERR,ERR,ERR,ERR,ERR,ERR,ERR,ERR,ERR,ERR,ERR,ERR,ERR,ERR,ERR,ERR,ERR,ERR,ERR,ERR,ERR,ERR,ERR,ERR,ERR,ERR,ERR,ERR,0.0,-107615328.0,0.0,0.0,0.0,1.3936040501711995e+18,7.805,0.0,0,0,4,0,7300,-0.0,0,0.0,0.0,0.0,0.0,0.0,0,0,0,0,0.0,0,0,0,0,0,0,0,0,0,0,0,0,0,0,0,0,0,0,0,0,0,0,0,0,0,0,0,0,0,0,0,0,0,32,30,30,62,65476,0,300,0,0,8,21553,0.0,-107605600.0,0.0,0.0,0.0,0.0,0.0,0.0,0.0,0.0,0.0,0.0,0.0,0.0,0.0,0.0,0.0,0.0,0.0,0.0,0.0,0.0,2.004,0.0,-0.0,-2.004,0.0,0.0,0.0,0.0,5381.0,-0.0,6961.0,0.0,-107615328.0,-107615280.0,-0.0,0.0,0.0,0.0,0.0,63,152018387730432.0,-0.0,0.0,0.0,0.0,0.0,0.0,0.0,0.0,0,0,0,0.0,0.0,0.0,0.0,0.0,0.0,0.0,0.0,0.0,0.0,0.0,0.0,0.0,0.0,0.0,0.0,0,-107875648.0,63,0.0,126,2.7184242562605685e+23,-0.0,ERR,ERR,ERR,ERR,ERR,ERR,ERR,ERR,ERR,ERR,ERR,ERR,ERR,ERR,ERR,ERR,ERR,ERR,ERR,ERR,ERR,ERR,ERR,ERR,ERR,ERR,ERR,ERR,ERR,ERR,ERR,ERR,ERR,ERR,ERR,ERR,ERR,ERR,ERR,ERR,ERR,ERR,ERR,ERR,ERR,ERR,ERR,ERR,ERR,ERR,ERR,ERR,ERR,ERR,ERR,ERR,ERR,ERR,ERR,ERR,ERR,ERR,ERR,ERR,ERR,ERR,ERR,34.0,80.0,35,0.0,0.0,0.0,0.0,0.0,0.0,0.0,0.0,0.0,0.0,0.0,0.0,0.0,0.0,0.0,0.0,64.8,0,116,56,50,65476,0,300,0,0,8,20529,65476,0,0,57672,80.0,0.0,0.0,0.0,0.0,0.0
2026-06-17T04:24:47,ERR,ERR,ERR,ERR,ERR,ERR,ERR,ERR,ERR,ERR,ERR,ERR,ERR,ERR,ERR,ERR,ERR,ERR,ERR,ERR,ERR,ERR,ERR,ERR,ERR,ERR,ERR,ERR,ERR,ERR,ERR,ERR,ERR,ERR,ERR,ERR,ERR,ERR,ERR,ERR,ERR,ERR,ERR,ERR,ERR,ERR,ERR,ERR,ERR,ERR,ERR,ERR,ERR,ERR,ERR,ERR,ERR,ERR,ERR,ERR,ERR,ERR,ERR,ERR,ERR,ERR,ERR,ERR,ERR,ERR,ERR,ERR,ERR,ERR,ERR,ERR,ERR,ERR,ERR,ERR,ERR,ERR,ERR,ERR,ERR,ERR,ERR,ERR,ERR,ERR,ERR,ERR,ERR,ERR,ERR,ERR,ERR,ERR,ERR,ERR,ERR,ERR,ERR,ERR,ERR,ERR,ERR,ERR,ERR,ERR,ERR,ERR,ERR,ERR,ERR,ERR,ERR,ERR,ERR,ERR,ERR,ERR,ERR,ERR,ERR,0.0,-107615328.0,0.0,0.0,0.0,1.3936040501711995e+18,7.805,0.0,0,0,4,0,7300,-0.0,0,0.0,0.0,0.0,0.0,0.0,0,0,0,0,0.0,0,0,0,0,0,0,0,0,0,0,0,0,0,0,0,0,0,0,0,0,0,0,0,0,0,0,0,0,0,0,0,0,0,32,30,30,62,65476,0,300,0,0,8,21553,0.0,-107605600.0,0.0,0.0,0.0,0.0,0.0,0.0,0.0,0.0,0.0,0.0,0.0,0.0,0.0,0.0,0.0,0.0,0.0,0.0,0.0,0.0,2.004,0.0,-0.0,-2.004,0.0,0.0,0.0,0.0,5381.0,-0.0,6961.0,0.0,-107615328.0,-107615280.0,-0.0,0.0,0.0,0.0,0.0,63,152018387730432.0,-0.0,0.0,0.0,0.0,0.0,0.0,0.0,0.0,0,0,0,0.0,0.0,0.0,0.0,0.0,0.0,0.0,0.0,0.0,0.0,0.0,0.0,0.0,0.0,0.0,0.0,0,-107875648.0,63,0.0,126,2.7184242562605685e+23,-0.0,ERR,ERR,ERR,ERR,ERR,ERR,ERR,ERR,ERR,ERR,ERR,ERR,ERR,ERR,ERR,ERR,ERR,ERR,ERR,ERR,ERR,ERR,ERR,ERR,ERR,ERR,ERR,ERR,ERR,ERR,ERR,ERR,ERR,ERR,ERR,ERR,ERR,ERR,ERR,ERR,ERR,ERR,ERR,ERR,ERR,ERR,ERR,ERR,ERR,ERR,ERR,ERR,ERR,ERR,ERR,ERR,ERR,ERR,ERR,ERR,ERR,ERR,ERR,ERR,ERR,ERR,ERR,34.0,80.0,35,0.0,0.0,0.0,0.0,0.0,0.0,0.0,0.0,0.0,0.0,0.0,0.0,0.0,0.0,0.0,0.0,64.8,0,116,56,50,65476,0,300,0,0,8,20529,65476,0,0,57672,80.0,0.0,0.0,0.0,0.0,0.0
2026-06-17T04:24:48,ERR,ERR,ERR,ERR,ERR,ERR,ERR,ERR,ERR,ERR,ERR,ERR,ERR,ERR,ERR,ERR,ERR,ERR,ERR,ERR,ERR,ERR,ERR,ERR,ERR,ERR,ERR,ERR,ERR,ERR,ERR,ERR,ERR,ERR,ERR,ERR,ERR,ERR,ERR,ERR,ERR,ERR,ERR,ERR,ERR,ERR,ERR,ERR,ERR,ERR,ERR,ERR,ERR,ERR,ERR,ERR,ERR,ERR,ERR,ERR,ERR,ERR,ERR,ERR,ERR,ERR,ERR,ERR,ERR,ERR,ERR,ERR,ERR,ERR,ERR,ERR,ERR,ERR,ERR,ERR,ERR,ERR,ERR,ERR,ERR,ERR,ERR,ERR,ERR,ERR,ERR,ERR,ERR,ERR,ERR,ERR,ERR,ERR,ERR,ERR,ERR,ERR,ERR,ERR,ERR,ERR,ERR,ERR,ERR,ERR,ERR,ERR,ERR,ERR,ERR,ERR,ERR,ERR,ERR,ERR,ERR,ERR,ERR,ERR,ERR,0.0,-107615328.0,0.0,0.0,0.0,1.3936040501711995e+18,7.805,0.0,0,0,4,0,7300,-0.0,0,0.0,0.0,0.0,0.0,0.0,0,0,0,0,0.0,0,0,0,0,0,0,0,0,0,0,0,0,0,0,0,0,0,0,0,0,0,0,0,0,0,0,0,0,0,0,0,0,0,32,30,30,62,65476,0,300,0,0,8,21553,0.0,-107605600.0,0.0,0.0,0.0,0.0,0.0,0.0,0.0,0.0,0.0,0.0,0.0,0.0,0.0,0.0,0.0,0.0,0.0,0.0,0.0,0.0,2.004,0.0,-0.0,-2.004,0.0,0.0,0.0,0.0,5381.0,-0.0,6961.0,0.0,-107615328.0,-107615280.0,-0.0,0.0,0.0,0.0,0.0,63,152018387730432.0,-0.0,0.0,0.0,0.0,0.0,0.0,0.0,0.0,0,0,0,0.0,0.0,0.0,0.0,0.0,0.0,0.0,0.0,0.0,0.0,0.0,0.0,0.0,0.0,0.0,0.0,0,-107875648.0,63,0.0,126,2.7184242562605685e+23,-0.0,ERR,ERR,ERR,ERR,ERR,ERR,ERR,ERR,ERR,ERR,ERR,ERR,ERR,ERR,ERR,ERR,ERR,ERR,ERR,ERR,ERR,ERR,ERR,ERR,ERR,ERR,ERR,ERR,ERR,ERR,ERR,ERR,ERR,ERR,ERR,ERR,ERR,ERR,ERR,ERR,ERR,ERR,ERR,ERR,ERR,ERR,ERR,ERR,ERR,ERR,ERR,ERR,ERR,ERR,ERR,ERR,ERR,ERR,ERR,ERR,ERR,ERR,ERR,ERR,ERR,ERR,ERR,34.0,80.0,35,0.0,0.0,0.0,0.0,0.0,0.0,0.0,0.0,0.0,0.0,0.0,0.0,0.0,0.0,0.0,0.0,64.4,0,116,56,50,65476,0,300,0,0,8,20529,65476,0,0,57672,80.0,0.0,0.0,0.0,0.0,0.0
2026-06-17T04:24:49,ERR,ERR,ERR,ERR,ERR,ERR,ERR,ERR,ERR,ERR,ERR,ERR,ERR,ERR,ERR,ERR,ERR,ERR,ERR,ERR,ERR,ERR,ERR,ERR,ERR,ERR,ERR,ERR,ERR,ERR,ERR,ERR,ERR,ERR,ERR,ERR,ERR,ERR,ERR,ERR,ERR,ERR,ERR,ERR,ERR,ERR,ERR,ERR,ERR,ERR,ERR,ERR,ERR,ERR,ERR,ERR,ERR,ERR,ERR,ERR,ERR,ERR,ERR,ERR,ERR,ERR,ERR,ERR,ERR,ERR,ERR,ERR,ERR,ERR,ERR,ERR,ERR,ERR,ERR,ERR,ERR,ERR,ERR,ERR,ERR,ERR,ERR,ERR,ERR,ERR,ERR,ERR,ERR,ERR,ERR,ERR,ERR,ERR,ERR,ERR,ERR,ERR,ERR,ERR,ERR,ERR,ERR,ERR,ERR,ERR,ERR,ERR,ERR,ERR,ERR,ERR,ERR,ERR,ERR,ERR,ERR,ERR,ERR,ERR,ERR,0.0,-107615328.0,0.0,0.0,0.0,1.3936040501711995e+18,7.805,0.0,0,0,4,0,7300,-0.0,0,0.0,0.0,0.0,0.0,0.0,0,0,0,0,0.0,0,0,0,0,0,0,0,0,0,0,0,0,0,0,0,0,0,0,0,0,0,0,0,0,0,0,0,0,0,0,0,0,0,32,30,30,62,65476,0,300,0,0,8,21553,0.0,-107605600.0,0.0,0.0,0.0,0.0,0.0,0.0,0.0,0.0,0.0,0.0,0.0,0.0,0.0,0.0,0.0,0.0,0.0,0.0,0.0,0.0,2.004,0.0,-0.0,-2.004,0.0,0.0,0.0,0.0,5381.0,-0.0,6961.0,0.0,-107615328.0,-107615280.0,-0.0,0.0,0.0,0.0,0.0,63,152018387730432.0,-0.0,0.0,0.0,0.0,0.0,0.0,0.0,0.0,0,0,0,0.0,0.0,0.0,0.0,0.0,0.0,0.0,0.0,0.0,0.0,0.0,0.0,0.0,0.0,0.0,0.0,0,-107875648.0,63,0.0,126,2.7184242562605685e+23,-0.0,ERR,ERR,ERR,ERR,ERR,ERR,ERR,ERR,ERR,ERR,ERR,ERR,ERR,ERR,ERR,ERR,ERR,ERR,ERR,ERR,ERR,ERR,ERR,ERR,ERR,ERR,ERR,ERR,ERR,ERR,ERR,ERR,ERR,ERR,ERR,ERR,ERR,ERR,ERR,ERR,ERR,ERR,ERR,ERR,ERR,ERR,ERR,ERR,ERR,ERR,ERR,ERR,ERR,ERR,ERR,ERR,ERR,ERR,ERR,ERR,ERR,ERR,ERR,ERR,ERR,ERR,ERR,34.0,80.0,35,0.0,0.0,0.0,0.0,0.0,0.0,0.0,0.0,0.0,0.0,0.0,0.0,0.0,0.0,0.0,0.0,64.4,0,116,56,50,65476,0,300,0,0,8,20529,65476,0,0,57672,80.0,0.0,0.0,0.0,0.0,0.0
2026-06-17T04:24:50,ERR,ERR,ERR,ERR,ERR,ERR,ERR,ERR,ERR,ERR,ERR,ERR,ERR,ERR,ERR,ERR,ERR,ERR,ERR,ERR,ERR,ERR,ERR,ERR,ERR,ERR,ERR,ERR,ERR,ERR,ERR,ERR,ERR,ERR,ERR,ERR,ERR,ERR,ERR,ERR,ERR,ERR,ERR,ERR,ERR,ERR,ERR,ERR,ERR,ERR,ERR,ERR,ERR,ERR,ERR,ERR,ERR,ERR,ERR,ERR,ERR,ERR,ERR,ERR,ERR,ERR,ERR,ERR,ERR,ERR,ERR,ERR,ERR,ERR,ERR,ERR,ERR,ERR,ERR,ERR,ERR,ERR,ERR,ERR,ERR,ERR,ERR,ERR,ERR,ERR,ERR,ERR,ERR,ERR,ERR,ERR,ERR,ERR,ERR,ERR,ERR,ERR,ERR,ERR,ERR,ERR,ERR,ERR,ERR,ERR,ERR,ERR,ERR,ERR,ERR,ERR,ERR,ERR,ERR,ERR,ERR,ERR,ERR,ERR,ERR,0.0,-107615328.0,0.0,0.0,0.0,1.3936040501711995e+18,7.805,0.0,0,0,4,0,7300,-0.0,0,0.0,0.0,0.0,0.0,0.0,0,0,0,0,0.0,0,0,0,0,0,0,0,0,0,0,0,0,0,0,0,0,0,0,0,0,0,0,0,0,0,0,0,0,0,0,0,0,0,32,30,30,62,65476,0,300,0,0,8,21553,0.0,-107605600.0,0.0,0.0,0.0,0.0,0.0,0.0,0.0,0.0,0.0,0.0,0.0,0.0,0.0,0.0,0.0,0.0,0.0,0.0,0.0,0.0,2.004,0.0,-0.0,-2.004,0.0,0.0,0.0,0.0,5381.0,-0.0,6961.0,0.0,-107615328.0,-107615280.0,-0.0,0.0,0.0,0.0,0.0,63,152018387730432.0,-0.0,0.0,0.0,0.0,0.0,0.0,0.0,0.0,0,0,0,0.0,0.0,0.0,0.0,0.0,0.0,0.0,0.0,0.0,0.0,0.0,0.0,0.0,0.0,0.0,0.0,0,-107875648.0,63,0.0,126,2.7184242562605685e+23,-0.0,ERR,ERR,ERR,ERR,ERR,ERR,ERR,ERR,ERR,ERR,ERR,ERR,ERR,ERR,ERR,ERR,ERR,ERR,ERR,ERR,ERR,ERR,ERR,ERR,ERR,ERR,ERR,ERR,ERR,ERR,ERR,ERR,ERR,ERR,ERR,ERR,ERR,ERR,ERR,ERR,ERR,ERR,ERR,ERR,ERR,ERR,ERR,ERR,ERR,ERR,ERR,ERR,ERR,ERR,ERR,ERR,ERR,ERR,ERR,ERR,ERR,ERR,ERR,ERR,ERR,ERR,ERR,34.0,80.0,35,0.0,0.0,0.0,0.0,0.0,0.0,0.0,0.0,0.0,0.0,0.0,0.0,0.0,0.0,0.0,0.0,64.4,0,116,56,50,65476,0,300,0,0,8,20529,65476,0,0,57672,80.0,0.0,0.0,0.0,0.0,0.0
2026-06-17T04:24:51,ERR,ERR,ERR,ERR,ERR,ERR,ERR,ERR,ERR,ERR,ERR,ERR,ERR,ERR,ERR,ERR,ERR,ERR,ERR,ERR,ERR,ERR,ERR,ERR,ERR,ERR,ERR,ERR,ERR,ERR,ERR,ERR,ERR,ERR,ERR,ERR,ERR,ERR,ERR,ERR,ERR,ERR,ERR,ERR,ERR,ERR,ERR,ERR,ERR,ERR,ERR,ERR,ERR,ERR,ERR,ERR,ERR,ERR,ERR,ERR,ERR,ERR,ERR,ERR,ERR,ERR,ERR,ERR,ERR,ERR,ERR,ERR,ERR,ERR,ERR,ERR,ERR,ERR,ERR,ERR,ERR,ERR,ERR,ERR,ERR,ERR,ERR,ERR,ERR,ERR,ERR,ERR,ERR,ERR,ERR,ERR,ERR,ERR,ERR,ERR,ERR,ERR,ERR,ERR,ERR,ERR,ERR,ERR,ERR,ERR,ERR,ERR,ERR,ERR,ERR,ERR,ERR,ERR,ERR,ERR,ERR,ERR,ERR,ERR,ERR,0.0,-107615328.0,0.0,0.0,0.0,1.3936040501711995e+18,7.805,0.0,0,0,4,0,7300,-0.0,0,0.0,0.0,0.0,0.0,0.0,0,0,0,0,0.0,0,0,0,0,0,0,0,0,0,0,0,0,0,0,0,0,0,0,0,0,0,0,0,0,0,0,0,0,0,0,0,0,0,32,30,30,62,65476,0,300,0,0,8,21553,0.0,-107605600.0,0.0,0.0,0.0,0.0,0.0,0.0,0.0,0.0,0.0,0.0,0.0,0.0,0.0,0.0,0.0,0.0,0.0,0.0,0.0,0.0,2.004,0.0,-0.0,-2.004,0.0,0.0,0.0,0.0,5381.0,-0.0,6961.0,0.0,-107615328.0,-107615280.0,-0.0,0.0,0.0,0.0,0.0,63,152018387730432.0,-0.0,0.0,0.0,0.0,0.0,0.0,0.0,0.0,0,0,0,0.0,0.0,0.0,0.0,0.0,0.0,0.0,0.0,0.0,0.0,0.0,0.0,0.0,0.0,0.0,0.0,0,-107875648.0,63,0.0,126,2.7184242562605685e+23,-0.0,ERR,ERR,ERR,ERR,ERR,ERR,ERR,ERR,ERR,ERR,ERR,ERR,ERR,ERR,ERR,ERR,ERR,ERR,ERR,ERR,ERR,ERR,ERR,ERR,ERR,ERR,ERR,ERR,ERR,ERR,ERR,ERR,ERR,ERR,ERR,ERR,ERR,ERR,ERR,ERR,ERR,ERR,ERR,ERR,ERR,ERR,ERR,ERR,ERR,ERR,ERR,ERR,ERR,ERR,ERR,ERR,ERR,ERR,ERR,ERR,ERR,ERR,ERR,ERR,ERR,ERR,ERR,34.0,80.0,35,0.0,0.0,0.0,0.0,0.0,0.0,0.0,0.0,0.0,0.0,0.0,0.0,0.0,0.0,0.0,0.0,64.4,0,116,56,50,65476,0,300,0,0,8,20529,65476,0,0,57672,80.0,0.0,0.0,0.0,0.0,0.0
2026-06-17T04:24:52,ERR,ERR,ERR,ERR,ERR,ERR,ERR,ERR,ERR,ERR,ERR,ERR,ERR,ERR,ERR,ERR,ERR,ERR,ERR,ERR,ERR,ERR,ERR,ERR,ERR,ERR,ERR,ERR,ERR,ERR,ERR,ERR,ERR,ERR,ERR,ERR,ERR,ERR,ERR,ERR,ERR,ERR,ERR,ERR,ERR,ERR,ERR,ERR,ERR,ERR,ERR,ERR,ERR,ERR,ERR,ERR,ERR,ERR,ERR,ERR,ERR,ERR,ERR,ERR,ERR,ERR,ERR,ERR,ERR,ERR,ERR,ERR,ERR,ERR,ERR,ERR,ERR,ERR,ERR,ERR,ERR,ERR,ERR,ERR,ERR,ERR,ERR,ERR,ERR,ERR,ERR,ERR,ERR,ERR,ERR,ERR,ERR,ERR,ERR,ERR,ERR,ERR,ERR,ERR,ERR,ERR,ERR,ERR,ERR,ERR,ERR,ERR,ERR,ERR,ERR,ERR,ERR,ERR,ERR,ERR,ERR,ERR,ERR,ERR,ERR,0.0,-107615328.0,0.0,0.0,0.0,1.3936040501711995e+18,7.805,0.0,0,0,4,0,7300,-0.0,0,0.0,0.0,0.0,0.0,0.0,0,0,0,0,0.0,0,0,0,0,0,0,0,0,0,0,0,0,0,0,0,0,0,0,0,0,0,0,0,0,0,0,0,0,0,0,0,0,0,32,30,30,62,65476,0,300,0,0,8,21553,0.0,-107605600.0,0.0,0.0,0.0,0.0,0.0,0.0,0.0,0.0,0.0,0.0,0.0,0.0,0.0,0.0,0.0,0.0,0.0,0.0,0.0,0.0,2.004,0.0,-0.0,-2.004,0.0,0.0,0.0,0.0,5417.0,0.0,6950.0,0.0,-107615328.0,-107615280.0,-0.0,0.0,0.0,0.0,0.0,63,3.222027116945945e+26,-0.0,0.0,0.0,0.0,0.0,0.0,0.0,0.0,0,0,0,0.0,0.0,0.0,0.0,0.0,0.0,0.0,0.0,0.0,0.0,0.0,0.0,0.0,0.0,0.0,0.0,0,-107875648.0,63,0.0,126,2.7184242562605685e+23,-0.0,ERR,ERR,ERR,ERR,ERR,ERR,ERR,ERR,ERR,ERR,ERR,ERR,ERR,ERR,ERR,ERR,ERR,ERR,ERR,ERR,ERR,ERR,ERR,ERR,ERR,ERR,ERR,ERR,ERR,ERR,ERR,ERR,ERR,ERR,ERR,ERR,ERR,ERR,ERR,ERR,ERR,ERR,ERR,ERR,ERR,ERR,ERR,ERR,ERR,ERR,ERR,ERR,ERR,ERR,ERR,ERR,ERR,ERR,ERR,ERR,ERR,ERR,ERR,ERR,ERR,ERR,ERR,34.0,80.0,35,0.0,0.0,0.0,0.0,0.0,0.0,0.0,0.0,0.0,0.0,0.0,0.0,0.0,0.0,0.0,0.0,64.4,0,116,56,50,65476,0,300,0,0,8,20529,65476,0,0,57672,80.0,0.0,0.0,0.0,0.0,0.0
2026-06-17T04:24:53,ERR,ERR,ERR,ERR,ERR,ERR,ERR,ERR,ERR,ERR,ERR,ERR,ERR,ERR,ERR,ERR,ERR,ERR,ERR,ERR,ERR,ERR,ERR,ERR,ERR,ERR,ERR,ERR,ERR,ERR,ERR,ERR,ERR,ERR,ERR,ERR,ERR,ERR,ERR,ERR,ERR,ERR,ERR,ERR,ERR,ERR,ERR,ERR,ERR,ERR,ERR,ERR,ERR,ERR,ERR,ERR,ERR,ERR,ERR,ERR,ERR,ERR,ERR,ERR,ERR,ERR,ERR,ERR,ERR,ERR,ERR,ERR,ERR,ERR,ERR,ERR,ERR,ERR,ERR,ERR,ERR,ERR,ERR,ERR,ERR,ERR,ERR,ERR,ERR,ERR,ERR,ERR,ERR,ERR,ERR,ERR,ERR,ERR,ERR,ERR,ERR,ERR,ERR,ERR,ERR,ERR,ERR,ERR,ERR,ERR,ERR,ERR,ERR,ERR,ERR,ERR,ERR,ERR,ERR,ERR,ERR,ERR,ERR,ERR,ERR,0.0,-107615328.0,0.0,0.0,0.0,1.3936040501711995e+18,7.805,0.0,0,0,4,0,7300,-0.0,0,0.0,0.0,0.0,0.0,0.0,0,0,0,0,0.0,0,0,0,0,0,0,0,0,0,0,0,0,0,0,0,0,0,0,0,0,0,0,0,0,0,0,0,0,0,0,0,0,0,32,30,30,62,65476,0,300,0,0,8,21553,0.0,-107605600.0,0.0,0.0,0.0,0.0,0.0,0.0,0.0,0.0,0.0,0.0,0.0,0.0,0.0,0.0,0.0,0.0,0.0,0.0,0.0,0.0,2.004,0.0,-0.0,-2.004,0.0,0.0,0.0,0.0,5417.0,0.0,6950.0,0.0,-107615328.0,-107615280.0,-0.0,0.0,0.0,0.0,0.0,63,3.222027116945945e+26,-0.0,0.0,0.0,0.0,0.0,0.0,0.0,0.0,0,0,0,0.0,0.0,0.0,0.0,0.0,0.0,0.0,0.0,0.0,0.0,0.0,0.0,0.0,0.0,0.0,0.0,0,-107875648.0,63,0.0,126,2.7184242562605685e+23,-0.0,ERR,ERR,ERR,ERR,ERR,ERR,ERR,ERR,ERR,ERR,ERR,ERR,ERR,ERR,ERR,ERR,ERR,ERR,ERR,ERR,ERR,ERR,ERR,ERR,ERR,ERR,ERR,ERR,ERR,ERR,ERR,ERR,ERR,ERR,ERR,ERR,ERR,ERR,ERR,ERR,ERR,ERR,ERR,ERR,ERR,ERR,ERR,ERR,ERR,ERR,ERR,ERR,ERR,ERR,ERR,ERR,ERR,ERR,ERR,ERR,ERR,ERR,ERR,ERR,ERR,ERR,ERR,34.0,80.0,35,0.0,0.0,0.0,0.0,0.0,0.0,0.0,0.0,0.0,0.0,0.0,0.0,0.0,0.0,0.0,0.0,64.4,0,116,56,50,65476,0,300,0,0,8,20529,65476,0,0,57672,80.0,0.0,0.0,0.0,0.0,0.0
2026-06-17T04:24:54,ERR,ERR,ERR,ERR,ERR,ERR,ERR,ERR,ERR,ERR,ERR,ERR,ERR,ERR,ERR,ERR,ERR,ERR,ERR,ERR,ERR,ERR,ERR,ERR,ERR,ERR,ERR,ERR,ERR,ERR,ERR,ERR,ERR,ERR,ERR,ERR,ERR,ERR,ERR,ERR,ERR,ERR,ERR,ERR,ERR,ERR,ERR,ERR,ERR,ERR,ERR,ERR,ERR,ERR,ERR,ERR,ERR,ERR,ERR,ERR,ERR,ERR,ERR,ERR,ERR,ERR,ERR,ERR,ERR,ERR,ERR,ERR,ERR,ERR,ERR,ERR,ERR,ERR,ERR,ERR,ERR,ERR,ERR,ERR,ERR,ERR,ERR,ERR,ERR,ERR,ERR,ERR,ERR,ERR,ERR,ERR,ERR,ERR,ERR,ERR,ERR,ERR,ERR,ERR,ERR,ERR,ERR,ERR,ERR,ERR,ERR,ERR,ERR,ERR,ERR,ERR,ERR,ERR,ERR,ERR,ERR,ERR,ERR,ERR,ERR,0.0,-107615328.0,0.0,0.0,0.0,1.3936040501711995e+18,7.805,0.0,0,0,4,0,7300,-0.0,0,0.0,0.0,0.0,0.0,0.0,0,0,0,0,0.0,0,0,0,0,0,0,0,0,0,0,0,0,0,0,0,0,0,0,0,0,0,0,0,0,0,0,0,0,0,0,0,0,0,32,30,30,62,65476,0,300,0,0,8,21553,0.0,-107605600.0,0.0,0.0,0.0,0.0,0.0,0.0,0.0,0.0,0.0,0.0,0.0,0.0,0.0,0.0,0.0,0.0,0.0,0.0,0.0,0.0,2.004,0.0,-0.0,-2.004,0.0,0.0,0.0,0.0,5417.0,0.0,6950.0,0.0,-107615328.0,-107615280.0,-0.0,0.0,0.0,0.0,0.0,63,3.222027116945945e+26,-0.0,0.0,0.0,0.0,0.0,0.0,0.0,0.0,0,0,0,0.0,0.0,0.0,0.0,0.0,0.0,0.0,0.0,0.0,0.0,0.0,0.0,0.0,0.0,0.0,0.0,0,-107875648.0,63,0.0,126,2.7184242562605685e+23,-0.0,ERR,ERR,ERR,ERR,ERR,ERR,ERR,ERR,ERR,ERR,ERR,ERR,ERR,ERR,ERR,ERR,ERR,ERR,ERR,ERR,ERR,ERR,ERR,ERR,ERR,ERR,ERR,ERR,ERR,ERR,ERR,ERR,ERR,ERR,ERR,ERR,ERR,ERR,ERR,ERR,ERR,ERR,ERR,ERR,ERR,ERR,ERR,ERR,ERR,ERR,ERR,ERR,ERR,ERR,ERR,ERR,ERR,ERR,ERR,ERR,ERR,ERR,ERR,ERR,ERR,ERR,ERR,34.0,80.0,35,0.0,0.0,0.0,0.0,0.0,0.0,0.0,0.0,0.0,0.0,0.0,0.0,0.0,0.0,0.0,0.0,64.4,0,116,56,50,65476,0,300,0,0,8,20529,65476,0,0,57672,80.0,0.0,0.0,0.0,0.0,0.0
2026-06-17T04:24:55,ERR,ERR,ERR,ERR,ERR,ERR,ERR,ERR,ERR,ERR,ERR,ERR,ERR,ERR,ERR,ERR,ERR,ERR,ERR,ERR,ERR,ERR,ERR,ERR,ERR,ERR,ERR,ERR,ERR,ERR,ERR,ERR,ERR,ERR,ERR,ERR,ERR,ERR,ERR,ERR,ERR,ERR,ERR,ERR,ERR,ERR,ERR,ERR,ERR,ERR,ERR,ERR,ERR,ERR,ERR,ERR,ERR,ERR,ERR,ERR,ERR,ERR,ERR,ERR,ERR,ERR,ERR,ERR,ERR,ERR,ERR,ERR,ERR,ERR,ERR,ERR,ERR,ERR,ERR,ERR,ERR,ERR,ERR,ERR,ERR,ERR,ERR,ERR,ERR,ERR,ERR,ERR,ERR,ERR,ERR,ERR,ERR,ERR,ERR,ERR,ERR,ERR,ERR,ERR,ERR,ERR,ERR,ERR,ERR,ERR,ERR,ERR,ERR,ERR,ERR,ERR,ERR,ERR,ERR,ERR,ERR,ERR,ERR,ERR,ERR,0.0,-107615328.0,0.0,0.0,0.0,1.3936040501711995e+18,7.805,0.0,0,0,4,0,7300,-0.0,0,0.0,0.0,0.0,0.0,0.0,0,0,0,0,0.0,0,0,0,0,0,0,0,0,0,0,0,0,0,0,0,0,0,0,0,0,0,0,0,0,0,0,0,0,0,0,0,0,0,32,30,30,62,65476,0,300,0,0,8,21553,0.0,-107605600.0,0.0,0.0,0.0,0.0,0.0,0.0,0.0,0.0,0.0,0.0,0.0,0.0,0.0,0.0,0.0,0.0,0.0,0.0,0.0,0.0,2.004,0.0,-0.0,-2.004,0.0,0.0,0.0,0.0,5417.0,0.0,6950.0,0.0,-107615328.0,-107615280.0,-0.0,0.0,0.0,0.0,0.0,63,3.222027116945945e+26,-0.0,0.0,0.0,0.0,0.0,0.0,0.0,0.0,0,0,0,0.0,0.0,0.0,0.0,0.0,0.0,0.0,0.0,0.0,0.0,0.0,0.0,0.0,0.0,0.0,0.0,0,-107875648.0,63,0.0,126,2.7184242562605685e+23,-0.0,ERR,ERR,ERR,ERR,ERR,ERR,ERR,ERR,ERR,ERR,ERR,ERR,ERR,ERR,ERR,ERR,ERR,ERR,ERR,ERR,ERR,ERR,ERR,ERR,ERR,ERR,ERR,ERR,ERR,ERR,ERR,ERR,ERR,ERR,ERR,ERR,ERR,ERR,ERR,ERR,ERR,ERR,ERR,ERR,ERR,ERR,ERR,ERR,ERR,ERR,ERR,ERR,ERR,ERR,ERR,ERR,ERR,ERR,ERR,ERR,ERR,ERR,ERR,ERR,ERR,ERR,ERR,34.0,80.0,35,0.0,0.0,0.0,0.0,0.0,0.0,0.0,0.0,0.0,0.0,0.0,0.0,0.0,0.0,0.0,0.0,64.8,0,116,56,50,65476,0,300,0,0,8,20529,65476,0,0,57672,80.0,0.0,0.0,0.0,0.0,0.0
2026-06-17T04:24:56,ERR,ERR,ERR,ERR,ERR,ERR,ERR,ERR,ERR,ERR,ERR,ERR,ERR,ERR,ERR,ERR,ERR,ERR,ERR,ERR,ERR,ERR,ERR,ERR,ERR,ERR,ERR,ERR,ERR,ERR,ERR,ERR,ERR,ERR,ERR,ERR,ERR,ERR,ERR,ERR,ERR,ERR,ERR,ERR,ERR,ERR,ERR,ERR,ERR,ERR,ERR,ERR,ERR,ERR,ERR,ERR,ERR,ERR,ERR,ERR,ERR,ERR,ERR,ERR,ERR,ERR,ERR,ERR,ERR,ERR,ERR,ERR,ERR,ERR,ERR,ERR,ERR,ERR,ERR,ERR,ERR,ERR,ERR,ERR,ERR,ERR,ERR,ERR,ERR,ERR,ERR,ERR,ERR,ERR,ERR,ERR,ERR,ERR,ERR,ERR,ERR,ERR,ERR,ERR,ERR,ERR,ERR,ERR,ERR,ERR,ERR,ERR,ERR,ERR,ERR,ERR,ERR,ERR,ERR,ERR,ERR,ERR,ERR,ERR,ERR,0.0,-107615328.0,0.0,0.0,0.0,1.3936040501711995e+18,7.805,0.0,0,0,4,0,7300,-0.0,0,0.0,0.0,0.0,0.0,0.0,0,0,0,0,0.0,0,0,0,0,0,0,0,0,0,0,0,0,0,0,0,0,0,0,0,0,0,0,0,0,0,0,0,0,0,0,0,0,0,32,30,30,62,65476,0,300,0,0,8,21553,0.0,-107605600.0,0.0,0.0,0.0,0.0,0.0,0.0,0.0,0.0,0.0,0.0,0.0,0.0,0.0,0.0,0.0,0.0,0.0,0.0,0.0,0.0,2.004,0.0,-0.0,-2.004,0.0,0.0,0.0,0.0,5417.0,0.0,6950.0,0.0,-107615328.0,-107615280.0,-0.0,0.0,0.0,0.0,0.0,63,3.222027116945945e+26,-0.0,0.0,0.0,0.0,0.0,0.0,0.0,0.0,0,0,0,0.0,0.0,0.0,0.0,0.0,0.0,0.0,0.0,0.0,0.0,0.0,0.0,0.0,0.0,0.0,0.0,0,-107875648.0,63,0.0,126,2.7184242562605685e+23,-0.0,ERR,ERR,ERR,ERR,ERR,ERR,ERR,ERR,ERR,ERR,ERR,ERR,ERR,ERR,ERR,ERR,ERR,ERR,ERR,ERR,ERR,ERR,ERR,ERR,ERR,ERR,ERR,ERR,ERR,ERR,ERR,ERR,ERR,ERR,ERR,ERR,ERR,ERR,ERR,ERR,ERR,ERR,ERR,ERR,ERR,ERR,ERR,ERR,ERR,ERR,ERR,ERR,ERR,ERR,ERR,ERR,ERR,ERR,ERR,ERR,ERR,ERR,ERR,ERR,ERR,ERR,ERR,34.0,80.0,35,0.0,0.0,0.0,0.0,0.0,0.0,0.0,0.0,0.0,0.0,0.0,0.0,0.0,0.0,0.0,0.0,64.8,0,116,56,50,65476,0,300,0,0,8,20529,65476,0,0,57672,80.0,0.0,0.0,0.0,0.0,0.0
2026-06-17T04:24:57,ERR,ERR,ERR,ERR,ERR,ERR,ERR,ERR,ERR,ERR,ERR,ERR,ERR,ERR,ERR,ERR,ERR,ERR,ERR,ERR,ERR,ERR,ERR,ERR,ERR,ERR,ERR,ERR,ERR,ERR,ERR,ERR,ERR,ERR,ERR,ERR,ERR,ERR,ERR,ERR,ERR,ERR,ERR,ERR,ERR,ERR,ERR,ERR,ERR,ERR,ERR,ERR,ERR,ERR,ERR,ERR,ERR,ERR,ERR,ERR,ERR,ERR,ERR,ERR,ERR,ERR,ERR,ERR,ERR,ERR,ERR,ERR,ERR,ERR,ERR,ERR,ERR,ERR,ERR,ERR,ERR,ERR,ERR,ERR,ERR,ERR,ERR,ERR,ERR,ERR,ERR,ERR,ERR,ERR,ERR,ERR,ERR,ERR,ERR,ERR,ERR,ERR,ERR,ERR,ERR,ERR,ERR,ERR,ERR,ERR,ERR,ERR,ERR,ERR,ERR,ERR,ERR,ERR,ERR,ERR,ERR,ERR,ERR,ERR,ERR,0.0,-107615328.0,0.0,0.0,0.0,1.3936040501711995e+18,7.805,0.0,0,0,4,0,7300,-0.0,0,0.0,0.0,0.0,0.0,0.0,0,0,0,0,0.0,0,0,0,0,0,0,0,0,0,0,0,0,0,0,0,0,0,0,0,0,0,0,0,0,0,0,0,0,0,0,0,0,0,32,30,30,62,65476,0,300,0,0,8,21553,0.0,-107605600.0,0.0,0.0,0.0,0.0,0.0,0.0,0.0,0.0,0.0,0.0,0.0,0.0,0.0,0.0,0.0,0.0,0.0,0.0,0.0,0.0,2.004,0.0,-0.0,-2.004,0.0,0.0,0.0,0.0,5448.0,0.0,6948.0,0.0,-107615328.0,-107615280.0,-0.0,0.0,0.0,0.0,0.0,63,2.718429300292151e+23,-71.63,0.0,0.0,0.0,0.0,0.0,0.0,0.0,0,0,0,0.0,0.0,0.0,0.0,0.0,0.0,0.0,0.0,0.0,0.0,0.0,0.0,0.0,0.0,0.0,0.0,0,-107875648.0,63,0.0,126,2.7184242562605685e+23,-0.0,ERR,ERR,ERR,ERR,ERR,ERR,ERR,ERR,ERR,ERR,ERR,ERR,ERR,ERR,ERR,ERR,ERR,ERR,ERR,ERR,ERR,ERR,ERR,ERR,ERR,ERR,ERR,ERR,ERR,ERR,ERR,ERR,ERR,ERR,ERR,ERR,ERR,ERR,ERR,ERR,ERR,ERR,ERR,ERR,ERR,ERR,ERR,ERR,ERR,ERR,ERR,ERR,ERR,ERR,ERR,ERR,ERR,ERR,ERR,ERR,ERR,ERR,ERR,ERR,ERR,ERR,ERR,34.0,80.0,35,0.0,0.0,0.0,0.0,0.0,0.0,0.0,0.0,0.0,0.0,0.0,0.0,0.0,0.0,0.0,0.0,64.8,0,116,56,50,65476,0,300,0,0,8,20529,65476,0,0,57672,80.0,0.0,0.0,0.0,0.0,0.0
2026-06-17T04:24:58,ERR,ERR,ERR,ERR,ERR,ERR,ERR,ERR,ERR,ERR,ERR,ERR,ERR,ERR,ERR,ERR,ERR,ERR,ERR,ERR,ERR,ERR,ERR,ERR,ERR,ERR,ERR,ERR,ERR,ERR,ERR,ERR,ERR,ERR,ERR,ERR,ERR,ERR,ERR,ERR,ERR,ERR,ERR,ERR,ERR,ERR,ERR,ERR,ERR,ERR,ERR,ERR,ERR,ERR,ERR,ERR,ERR,ERR,ERR,ERR,ERR,ERR,ERR,ERR,ERR,ERR,ERR,ERR,ERR,ERR,ERR,ERR,ERR,ERR,ERR,ERR,ERR,ERR,ERR,ERR,ERR,ERR,ERR,ERR,ERR,ERR,ERR,ERR,ERR,ERR,ERR,ERR,ERR,ERR,ERR,ERR,ERR,ERR,ERR,ERR,ERR,ERR,ERR,ERR,ERR,ERR,ERR,ERR,ERR,ERR,ERR,ERR,ERR,ERR,ERR,ERR,ERR,ERR,ERR,ERR,ERR,ERR,ERR,ERR,ERR,0.0,-107615328.0,0.0,0.0,0.0,1.3936040501711995e+18,7.805,0.0,0,0,4,0,7300,-0.0,0,0.0,0.0,0.0,0.0,0.0,0,0,0,0,0.0,0,0,0,0,0,0,0,0,0,0,0,0,0,0,0,0,0,0,0,0,0,0,0,0,0,0,0,0,0,0,0,0,0,32,30,30,62,65476,0,300,0,0,8,21553,0.0,-107605600.0,0.0,0.0,0.0,0.0,0.0,0.0,0.0,0.0,0.0,0.0,0.0,0.0,0.0,0.0,0.0,0.0,0.0,0.0,0.0,0.0,2.004,0.0,-0.0,-2.004,0.0,0.0,0.0,0.0,5448.0,0.0,6948.0,0.0,-107615328.0,-107615280.0,-0.0,0.0,0.0,0.0,0.0,63,2.718429300292151e+23,-71.63,0.0,0.0,0.0,0.0,0.0,0.0,0.0,0,0,0,0.0,0.0,0.0,0.0,0.0,0.0,0.0,0.0,0.0,0.0,0.0,0.0,0.0,0.0,0.0,0.0,0,-107875648.0,63,0.0,126,2.7184242562605685e+23,-0.0,ERR,ERR,ERR,ERR,ERR,ERR,ERR,ERR,ERR,ERR,ERR,ERR,ERR,ERR,ERR,ERR,ERR,ERR,ERR,ERR,ERR,ERR,ERR,ERR,ERR,ERR,ERR,ERR,ERR,ERR,ERR,ERR,ERR,ERR,ERR,ERR,ERR,ERR,ERR,ERR,ERR,ERR,ERR,ERR,ERR,ERR,ERR,ERR,ERR,ERR,ERR,ERR,ERR,ERR,ERR,ERR,ERR,ERR,ERR,ERR,ERR,ERR,ERR,ERR,ERR,ERR,ERR,34.0,80.0,35,0.0,0.0,0.0,0.0,0.0,0.0,0.0,0.0,0.0,0.0,0.0,0.0,0.0,0.0,0.0,0.0,64.8,0,116,56,50,65476,0,300,0,0,8,20529,65476,0,0,57672,80.0,0.0,0.0,0.0,0.0,0.0
2026-06-17T04:24:59,ERR,ERR,ERR,ERR,ERR,ERR,ERR,ERR,ERR,ERR,ERR,ERR,ERR,ERR,ERR,ERR,ERR,ERR,ERR,ERR,ERR,ERR,ERR,ERR,ERR,ERR,ERR,ERR,ERR,ERR,ERR,ERR,ERR,ERR,ERR,ERR,ERR,ERR,ERR,ERR,ERR,ERR,ERR,ERR,ERR,ERR,ERR,ERR,ERR,ERR,ERR,ERR,ERR,ERR,ERR,ERR,ERR,ERR,ERR,ERR,ERR,ERR,ERR,ERR,ERR,ERR,ERR,ERR,ERR,ERR,ERR,ERR,ERR,ERR,ERR,ERR,ERR,ERR,ERR,ERR,ERR,ERR,ERR,ERR,ERR,ERR,ERR,ERR,ERR,ERR,ERR,ERR,ERR,ERR,ERR,ERR,ERR,ERR,ERR,ERR,ERR,ERR,ERR,ERR,ERR,ERR,ERR,ERR,ERR,ERR,ERR,ERR,ERR,ERR,ERR,ERR,ERR,ERR,ERR,ERR,ERR,ERR,ERR,ERR,ERR,0.0,-107615328.0,0.0,0.0,0.0,1.3936040501711995e+18,7.805,0.0,0,0,4,0,7300,-0.0,0,0.0,0.0,0.0,0.0,0.0,0,0,0,0,0.0,0,0,0,0,0,0,0,0,0,0,0,0,0,0,0,0,0,0,0,0,0,0,0,0,0,0,0,0,0,0,0,0,0,32,30,30,62,65476,0,300,0,0,8,21553,0.0,-107605600.0,0.0,0.0,0.0,0.0,0.0,0.0,0.0,0.0,0.0,0.0,0.0,0.0,0.0,0.0,0.0,0.0,0.0,0.0,0.0,0.0,2.004,0.0,-0.0,-2.004,0.0,0.0,0.0,0.0,5448.0,0.0,6948.0,0.0,-107615328.0,-107615280.0,-0.0,0.0,0.0,0.0,0.0,63,2.718429300292151e+23,-71.63,0.0,0.0,0.0,0.0,0.0,0.0,0.0,0,0,0,0.0,0.0,0.0,0.0,0.0,0.0,0.0,0.0,0.0,0.0,0.0,0.0,0.0,0.0,0.0,0.0,0,-107875648.0,63,0.0,126,2.7184242562605685e+23,-0.0,ERR,ERR,ERR,ERR,ERR,ERR,ERR,ERR,ERR,ERR,ERR,ERR,ERR,ERR,ERR,ERR,ERR,ERR,ERR,ERR,ERR,ERR,ERR,ERR,ERR,ERR,ERR,ERR,ERR,ERR,ERR,ERR,ERR,ERR,ERR,ERR,ERR,ERR,ERR,ERR,ERR,ERR,ERR,ERR,ERR,ERR,ERR,ERR,ERR,ERR,ERR,ERR,ERR,ERR,ERR,ERR,ERR,ERR,ERR,ERR,ERR,ERR,ERR,ERR,ERR,ERR,ERR,34.0,80.0,35,0.0,0.0,0.0,0.0,0.0,0.0,0.0,0.0,0.0,0.0,0.0,0.0,0.0,0.0,0.0,0.0,64.4,0,116,56,50,65476,0,300,0,0,8,20529,65476,0,0,57672,80.0,0.0,0.0,0.0,0.0,0.0
2026-06-17T04:25:00,ERR,ERR,ERR,ERR,ERR,ERR,ERR,ERR,ERR,ERR,ERR,ERR,ERR,ERR,ERR,ERR,ERR,ERR,ERR,ERR,ERR,ERR,ERR,ERR,ERR,ERR,ERR,ERR,ERR,ERR,ERR,ERR,ERR,ERR,ERR,ERR,ERR,ERR,ERR,ERR,ERR,ERR,ERR,ERR,ERR,ERR,ERR,ERR,ERR,ERR,ERR,ERR,ERR,ERR,ERR,ERR,ERR,ERR,ERR,ERR,ERR,ERR,ERR,ERR,ERR,ERR,ERR,ERR,ERR,ERR,ERR,ERR,ERR,ERR,ERR,ERR,ERR,ERR,ERR,ERR,ERR,ERR,ERR,ERR,ERR,ERR,ERR,ERR,ERR,ERR,ERR,ERR,ERR,ERR,ERR,ERR,ERR,ERR,ERR,ERR,ERR,ERR,ERR,ERR,ERR,ERR,ERR,ERR,ERR,ERR,ERR,ERR,ERR,ERR,ERR,ERR,ERR,ERR,ERR,ERR,ERR,ERR,ERR,ERR,ERR,0.0,-107615328.0,0.0,0.0,0.0,1.3936040501711995e+18,7.805,0.0,0,0,4,0,7300,-0.0,0,0.0,0.0,0.0,0.0,0.0,0,0,0,0,0.0,0,0,0,0,0,0,0,0,0,0,0,0,0,0,0,0,0,0,0,0,0,0,0,0,0,0,0,0,0,0,0,0,0,32,30,30,62,65476,0,300,0,0,8,21553,0.0,-107605600.0,0.0,0.0,0.0,0.0,0.0,0.0,0.0,0.0,0.0,0.0,0.0,0.0,0.0,0.0,0.0,0.0,0.0,0.0,0.0,0.0,2.004,0.0,-0.0,-2.004,0.0,0.0,0.0,0.0,5448.0,0.0,6948.0,0.0,-107615328.0,-107615280.0,-0.0,0.0,0.0,0.0,0.0,63,2.718429300292151e+23,-71.63,0.0,0.0,0.0,0.0,0.0,0.0,0.0,0,0,0,0.0,0.0,0.0,0.0,0.0,0.0,0.0,0.0,0.0,0.0,0.0,0.0,0.0,0.0,0.0,0.0,0,-107875648.0,63,0.0,126,2.7184242562605685e+23,-0.0,ERR,ERR,ERR,ERR,ERR,ERR,ERR,ERR,ERR,ERR,ERR,ERR,ERR,ERR,ERR,ERR,ERR,ERR,ERR,ERR,ERR,ERR,ERR,ERR,ERR,ERR,ERR,ERR,ERR,ERR,ERR,ERR,ERR,ERR,ERR,ERR,ERR,ERR,ERR,ERR,ERR,ERR,ERR,ERR,ERR,ERR,ERR,ERR,ERR,ERR,ERR,ERR,ERR,ERR,ERR,ERR,ERR,ERR,ERR,ERR,ERR,ERR,ERR,ERR,ERR,ERR,ERR,34.0,80.0,35,0.0,0.0,0.0,0.0,0.0,0.0,0.0,0.0,0.0,0.0,0.0,0.0,0.0,0.0,0.0,0.0,64.4,0,116,56,50,65476,0,300,0,0,8,20529,65476,0,0,57672,80.0,0.0,0.0,0.0,0.0,0.0
2026-06-17T04:25:01,ERR,ERR,ERR,ERR,ERR,ERR,ERR,ERR,ERR,ERR,ERR,ERR,ERR,ERR,ERR,ERR,ERR,ERR,ERR,ERR,ERR,ERR,ERR,ERR,ERR,ERR,ERR,ERR,ERR,ERR,ERR,ERR,ERR,ERR,ERR,ERR,ERR,ERR,ERR,ERR,ERR,ERR,ERR,ERR,ERR,ERR,ERR,ERR,ERR,ERR,ERR,ERR,ERR,ERR,ERR,ERR,ERR,ERR,ERR,ERR,ERR,ERR,ERR,ERR,ERR,ERR,ERR,ERR,ERR,ERR,ERR,ERR,ERR,ERR,ERR,ERR,ERR,ERR,ERR,ERR,ERR,ERR,ERR,ERR,ERR,ERR,ERR,ERR,ERR,ERR,ERR,ERR,ERR,ERR,ERR,ERR,ERR,ERR,ERR,ERR,ERR,ERR,ERR,ERR,ERR,ERR,ERR,ERR,ERR,ERR,ERR,ERR,ERR,ERR,ERR,ERR,ERR,ERR,ERR,ERR,ERR,ERR,ERR,ERR,ERR,0.0,-107615328.0,0.0,0.0,0.0,1.3936040501711995e+18,7.805,0.0,0,0,4,0,7300,-0.0,0,0.0,0.0,0.0,0.0,0.0,0,0,0,0,0.0,0,0,0,0,0,0,0,0,0,0,0,0,0,0,0,0,0,0,0,0,0,0,0,0,0,0,0,0,0,0,0,0,0,32,30,30,62,65476,0,300,0,0,8,21553,0.0,-107605600.0,0.0,0.0,0.0,0.0,0.0,0.0,0.0,0.0,0.0,0.0,0.0,0.0,0.0,0.0,0.0,0.0,0.0,0.0,0.0,0.0,2.004,0.0,-0.0,-2.004,0.0,0.0,0.0,0.0,5448.0,0.0,6948.0,0.0,-107615328.0,-107615280.0,-0.0,0.0,0.0,0.0,0.0,63,2.718429300292151e+23,-71.63,0.0,0.0,0.0,0.0,0.0,0.0,0.0,0,0,0,0.0,0.0,0.0,0.0,0.0,0.0,0.0,0.0,0.0,0.0,0.0,0.0,0.0,0.0,0.0,0.0,0,-107875648.0,63,0.0,126,2.7184242562605685e+23,-0.0,ERR,ERR,ERR,ERR,ERR,ERR,ERR,ERR,ERR,ERR,ERR,ERR,ERR,ERR,ERR,ERR,ERR,ERR,ERR,ERR,ERR,ERR,ERR,ERR,ERR,ERR,ERR,ERR,ERR,ERR,ERR,ERR,ERR,ERR,ERR,ERR,ERR,ERR,ERR,ERR,ERR,ERR,ERR,ERR,ERR,ERR,ERR,ERR,ERR,ERR,ERR,ERR,ERR,ERR,ERR,ERR,ERR,ERR,ERR,ERR,ERR,ERR,ERR,ERR,ERR,ERR,ERR,34.0,80.0,35,0.0,0.0,0.0,0.0,0.0,0.0,0.0,0.0,0.0,0.0,0.0,0.0,0.0,0.0,0.0,0.0,64.4,0,116,56,50,65476,0,300,0,0,8,20529,65476,0,0,57672,80.0,0.0,0.0,0.0,0.0,0.0
2026-06-17T04:25:02,ERR,ERR,ERR,ERR,ERR,ERR,ERR,ERR,ERR,ERR,ERR,ERR,ERR,ERR,ERR,ERR,ERR,ERR,ERR,ERR,ERR,ERR,ERR,ERR,ERR,ERR,ERR,ERR,ERR,ERR,ERR,ERR,ERR,ERR,ERR,ERR,ERR,ERR,ERR,ERR,ERR,ERR,ERR,ERR,ERR,ERR,ERR,ERR,ERR,ERR,ERR,ERR,ERR,ERR,ERR,ERR,ERR,ERR,ERR,ERR,ERR,ERR,ERR,ERR,ERR,ERR,ERR,ERR,ERR,ERR,ERR,ERR,ERR,ERR,ERR,ERR,ERR,ERR,ERR,ERR,ERR,ERR,ERR,ERR,ERR,ERR,ERR,ERR,ERR,ERR,ERR,ERR,ERR,ERR,ERR,ERR,ERR,ERR,ERR,ERR,ERR,ERR,ERR,ERR,ERR,ERR,ERR,ERR,ERR,ERR,ERR,ERR,ERR,ERR,ERR,ERR,ERR,ERR,ERR,ERR,ERR,ERR,ERR,ERR,ERR,0.0,0.0,0.0,0.0,0.0,1.3936040501711995e+18,7.805,0.0,0,0,4,0,7300,-0.0,0,0.0,0.0,0.0,0.0,0.0,0,0,0,0,0.0,0,0,0,0,0,0,0,0,0,0,0,0,0,0,0,0,0,0,0,0,0,0,0,0,0,0,0,0,0,0,0,0,0,32,30,30,62,65476,0,300,0,0,8,21553,0.0,-107605600.0,0.0,0.0,0.0,0.0,0.0,0.0,0.0,0.0,0.0,0.0,0.0,0.0,0.0,0.0,0.0,0.0,0.0,0.0,0.0,0.0,2.004,0.0,-0.0,-2.004,0.0,0.0,0.0,0.0,5449.0,-1.040667113973027e+34,6975.0,0.0,-107615328.0,-107615280.0,-0.0,0.0,0.0,0.0,0.0,63,3.222027116945945e+26,0.0,0.0,0.0,0.0,0.0,0.0,0.0,0.0,0,0,0,0.0,0.0,0.0,0.0,0.0,0.0,0.0,0.0,0.0,0.0,0.0,0.0,0.0,0.0,0.0,0.0,0,-107875648.0,63,0.0,126,2.7184242562605685e+23,-0.0,ERR,ERR,ERR,ERR,ERR,ERR,ERR,ERR,ERR,ERR,ERR,ERR,ERR,ERR,ERR,ERR,ERR,ERR,ERR,ERR,ERR,ERR,ERR,ERR,ERR,ERR,ERR,ERR,ERR,ERR,ERR,ERR,ERR,ERR,ERR,ERR,ERR,ERR,ERR,ERR,ERR,ERR,ERR,ERR,ERR,ERR,ERR,ERR,ERR,ERR,ERR,ERR,ERR,ERR,ERR,ERR,ERR,ERR,ERR,ERR,ERR,ERR,ERR,ERR,ERR,ERR,ERR,34.0,80.0,35,0.0,0.0,0.0,0.0,0.0,0.0,0.0,0.0,0.0,0.0,0.0,0.0,0.0,0.0,0.0,0.0,64.4,0,116,56,50,65476,0,300,0,0,8,20529,65476,0,0,57672,80.0,0.0,0.0,0.0,0.0,0.0
2026-06-17T04:25:03,ERR,ERR,ERR,ERR,ERR,ERR,ERR,ERR,ERR,ERR,ERR,ERR,ERR,ERR,ERR,ERR,ERR,ERR,ERR,ERR,ERR,ERR,ERR,ERR,ERR,ERR,ERR,ERR,ERR,ERR,ERR,ERR,ERR,ERR,ERR,ERR,ERR,ERR,ERR,ERR,ERR,ERR,ERR,ERR,ERR,ERR,ERR,ERR,ERR,ERR,ERR,ERR,ERR,ERR,ERR,ERR,ERR,ERR,ERR,ERR,ERR,ERR,ERR,ERR,ERR,ERR,ERR,ERR,ERR,ERR,ERR,ERR,ERR,ERR,ERR,ERR,ERR,ERR,ERR,ERR,ERR,ERR,ERR,ERR,ERR,ERR,ERR,ERR,ERR,ERR,ERR,ERR,ERR,ERR,ERR,ERR,ERR,ERR,ERR,ERR,ERR,ERR,ERR,ERR,ERR,ERR,ERR,ERR,ERR,ERR,ERR,ERR,ERR,ERR,ERR,ERR,ERR,ERR,ERR,ERR,ERR,ERR,ERR,ERR,ERR,0.0,0.0,0.0,0.0,0.0,1.3936040501711995e+18,7.805,0.0,0,0,4,0,7300,-0.0,0,0.0,0.0,0.0,0.0,0.0,0,0,0,0,0.0,0,0,0,0,0,0,0,0,0,0,0,0,0,0,0,0,0,0,0,0,0,0,0,0,0,0,0,0,0,0,0,0,0,32,30,30,62,65476,0,300,0,0,8,21553,0.0,-107605600.0,0.0,0.0,0.0,0.0,0.0,0.0,0.0,0.0,0.0,0.0,0.0,0.0,0.0,0.0,0.0,0.0,0.0,0.0,0.0,0.0,2.004,0.0,-0.0,-2.004,0.0,0.0,0.0,0.0,5449.0,-1.040667113973027e+34,6975.0,0.0,-107615328.0,-107615280.0,-0.0,0.0,0.0,0.0,0.0,63,3.222027116945945e+26,0.0,0.0,0.0,0.0,0.0,0.0,0.0,0.0,0,0,0,0.0,0.0,0.0,0.0,0.0,0.0,0.0,0.0,0.0,0.0,0.0,0.0,0.0,0.0,0.0,0.0,0,-107875648.0,63,0.0,126,2.7184242562605685e+23,-0.0,ERR,ERR,ERR,ERR,ERR,ERR,ERR,ERR,ERR,ERR,ERR,ERR,ERR,ERR,ERR,ERR,ERR,ERR,ERR,ERR,ERR,ERR,ERR,ERR,ERR,ERR,ERR,ERR,ERR,ERR,ERR,ERR,ERR,ERR,ERR,ERR,ERR,ERR,ERR,ERR,ERR,ERR,ERR,ERR,ERR,ERR,ERR,ERR,ERR,ERR,ERR,ERR,ERR,ERR,ERR,ERR,ERR,ERR,ERR,ERR,ERR,ERR,ERR,ERR,ERR,ERR,ERR,34.0,80.0,35,0.0,0.0,0.0,0.0,0.0,0.0,0.0,0.0,0.0,0.0,0.0,0.0,0.0,0.0,0.0,0.0,64.4,0,116,56,50,65476,0,300,0,0,8,20529,65476,0,0,57672,80.0,0.0,0.0,0.0,0.0,0.0
2026-06-17T04:25:04,ERR,ERR,ERR,ERR,ERR,ERR,ERR,ERR,ERR,ERR,ERR,ERR,ERR,ERR,ERR,ERR,ERR,ERR,ERR,ERR,ERR,ERR,ERR,ERR,ERR,ERR,ERR,ERR,ERR,ERR,ERR,ERR,ERR,ERR,ERR,ERR,ERR,ERR,ERR,ERR,ERR,ERR,ERR,ERR,ERR,ERR,ERR,ERR,ERR,ERR,ERR,ERR,ERR,ERR,ERR,ERR,ERR,ERR,ERR,ERR,ERR,ERR,ERR,ERR,ERR,ERR,ERR,ERR,ERR,ERR,ERR,ERR,ERR,ERR,ERR,ERR,ERR,ERR,ERR,ERR,ERR,ERR,ERR,ERR,ERR,ERR,ERR,ERR,ERR,ERR,ERR,ERR,ERR,ERR,ERR,ERR,ERR,ERR,ERR,ERR,ERR,ERR,ERR,ERR,ERR,ERR,ERR,ERR,ERR,ERR,ERR,ERR,ERR,ERR,ERR,ERR,ERR,ERR,ERR,ERR,ERR,ERR,ERR,ERR,ERR,0.0,0.0,0.0,0.0,0.0,1.3936040501711995e+18,7.805,0.0,0,0,4,0,7300,-0.0,0,0.0,0.0,0.0,0.0,0.0,0,0,0,0,0.0,0,0,0,0,0,0,0,0,0,0,0,0,0,0,0,0,0,0,0,0,0,0,0,0,0,0,0,0,0,0,0,0,0,32,30,30,62,65476,0,300,0,0,8,21553,0.0,-107605600.0,0.0,0.0,0.0,0.0,0.0,0.0,0.0,0.0,0.0,0.0,0.0,0.0,0.0,0.0,0.0,0.0,0.0,0.0,0.0,0.0,2.004,0.0,-0.0,-2.004,0.0,0.0,0.0,0.0,5449.0,-1.040667113973027e+34,6975.0,0.0,-107615328.0,-107615280.0,-0.0,0.0,0.0,0.0,0.0,63,3.222027116945945e+26,0.0,0.0,0.0,0.0,0.0,0.0,0.0,0.0,0,0,0,0.0,0.0,0.0,0.0,0.0,0.0,0.0,0.0,0.0,0.0,0.0,0.0,0.0,0.0,0.0,0.0,0,-107875648.0,63,0.0,126,2.7184242562605685e+23,-0.0,ERR,ERR,ERR,ERR,ERR,ERR,ERR,ERR,ERR,ERR,ERR,ERR,ERR,ERR,ERR,ERR,ERR,ERR,ERR,ERR,ERR,ERR,ERR,ERR,ERR,ERR,ERR,ERR,ERR,ERR,ERR,ERR,ERR,ERR,ERR,ERR,ERR,ERR,ERR,ERR,ERR,ERR,ERR,ERR,ERR,ERR,ERR,ERR,ERR,ERR,ERR,ERR,ERR,ERR,ERR,ERR,ERR,ERR,ERR,ERR,ERR,ERR,ERR,ERR,ERR,ERR,ERR,34.0,80.0,35,0.0,0.0,0.0,0.0,0.0,0.0,0.0,0.0,0.0,0.0,0.0,0.0,0.0,0.0,0.0,0.0,64.4,0,116,56,50,65476,0,300,0,0,8,20529,65476,0,0,57672,80.0,0.0,0.0,0.0,0.0,0.0
2026-06-17T04:25:05,ERR,ERR,ERR,ERR,ERR,ERR,ERR,ERR,ERR,ERR,ERR,ERR,ERR,ERR,ERR,ERR,ERR,ERR,ERR,ERR,ERR,ERR,ERR,ERR,ERR,ERR,ERR,ERR,ERR,ERR,ERR,ERR,ERR,ERR,ERR,ERR,ERR,ERR,ERR,ERR,ERR,ERR,ERR,ERR,ERR,ERR,ERR,ERR,ERR,ERR,ERR,ERR,ERR,ERR,ERR,ERR,ERR,ERR,ERR,ERR,ERR,ERR,ERR,ERR,ERR,ERR,ERR,ERR,ERR,ERR,ERR,ERR,ERR,ERR,ERR,ERR,ERR,ERR,ERR,ERR,ERR,ERR,ERR,ERR,ERR,ERR,ERR,ERR,ERR,ERR,ERR,ERR,ERR,ERR,ERR,ERR,ERR,ERR,ERR,ERR,ERR,ERR,ERR,ERR,ERR,ERR,ERR,ERR,ERR,ERR,ERR,ERR,ERR,ERR,ERR,ERR,ERR,ERR,ERR,ERR,ERR,ERR,ERR,ERR,ERR,0.0,0.0,0.0,0.0,0.0,1.3936040501711995e+18,7.805,0.0,0,0,4,0,7300,-0.0,0,0.0,0.0,0.0,0.0,0.0,0,0,0,0,0.0,0,0,0,0,0,0,0,0,0,0,0,0,0,0,0,0,0,0,0,0,0,0,0,0,0,0,0,0,0,0,0,0,0,32,30,30,62,65476,0,300,0,0,8,21553,0.0,-107605600.0,0.0,0.0,0.0,0.0,0.0,0.0,0.0,0.0,0.0,0.0,0.0,0.0,0.0,0.0,0.0,0.0,0.0,0.0,0.0,0.0,2.004,0.0,-0.0,-2.004,0.0,0.0,0.0,0.0,5449.0,-1.040667113973027e+34,6975.0,0.0,-107615328.0,-107615280.0,-0.0,0.0,0.0,0.0,0.0,63,3.222027116945945e+26,0.0,0.0,0.0,0.0,0.0,0.0,0.0,0.0,0,0,0,0.0,0.0,0.0,0.0,0.0,0.0,0.0,0.0,0.0,0.0,0.0,0.0,0.0,0.0,0.0,0.0,0,-107875648.0,63,0.0,126,2.7184242562605685e+23,-0.0,ERR,ERR,ERR,ERR,ERR,ERR,ERR,ERR,ERR,ERR,ERR,ERR,ERR,ERR,ERR,ERR,ERR,ERR,ERR,ERR,ERR,ERR,ERR,ERR,ERR,ERR,ERR,ERR,ERR,ERR,ERR,ERR,ERR,ERR,ERR,ERR,ERR,ERR,ERR,ERR,ERR,ERR,ERR,ERR,ERR,ERR,ERR,ERR,ERR,ERR,ERR,ERR,ERR,ERR,ERR,ERR,ERR,ERR,ERR,ERR,ERR,ERR,ERR,ERR,ERR,ERR,ERR,34.0,80.0,35,0.0,0.0,0.0,0.0,0.0,0.0,0.0,0.0,0.0,0.0,0.0,0.0,0.0,0.0,0.0,0.0,64.4,0,116,56,50,65476,0,300,0,0,8,20529,65476,0,0,57672,80.0,0.0,0.0,0.0,0.0,0.0
2026-06-17T04:25:06,ERR,ERR,ERR,ERR,ERR,ERR,ERR,ERR,ERR,ERR,ERR,ERR,ERR,ERR,ERR,ERR,ERR,ERR,ERR,ERR,ERR,ERR,ERR,ERR,ERR,ERR,ERR,ERR,ERR,ERR,ERR,ERR,ERR,ERR,ERR,ERR,ERR,ERR,ERR,ERR,ERR,ERR,ERR,ERR,ERR,ERR,ERR,ERR,ERR,ERR,ERR,ERR,ERR,ERR,ERR,ERR,ERR,ERR,ERR,ERR,ERR,ERR,ERR,ERR,ERR,ERR,ERR,ERR,ERR,ERR,ERR,ERR,ERR,ERR,ERR,ERR,ERR,ERR,ERR,ERR,ERR,ERR,ERR,ERR,ERR,ERR,ERR,ERR,ERR,ERR,ERR,ERR,ERR,ERR,ERR,ERR,ERR,ERR,ERR,ERR,ERR,ERR,ERR,ERR,ERR,ERR,ERR,ERR,ERR,ERR,ERR,ERR,ERR,ERR,ERR,ERR,ERR,ERR,ERR,ERR,ERR,ERR,ERR,ERR,ERR,0.0,0.0,0.0,0.0,0.0,1.3936040501711995e+18,7.805,0.0,0,0,4,0,7300,-0.0,0,0.0,0.0,0.0,0.0,0.0,0,0,0,0,0.0,0,0,0,0,0,0,0,0,0,0,0,0,0,0,0,0,0,0,0,0,0,0,0,0,0,0,0,0,0,0,0,0,0,32,30,30,62,65476,0,300,0,0,8,21553,0.0,-107605600.0,0.0,0.0,0.0,0.0,0.0,0.0,0.0,0.0,0.0,0.0,0.0,0.0,0.0,0.0,0.0,0.0,0.0,0.0,0.0,0.0,2.004,0.0,-0.0,-2.004,0.0,0.0,0.0,0.0,5449.0,-1.040667113973027e+34,6975.0,0.0,-107615328.0,-107615280.0,-0.0,0.0,0.0,0.0,0.0,63,3.222027116945945e+26,0.0,0.0,0.0,0.0,0.0,0.0,0.0,0.0,0,0,0,0.0,0.0,0.0,0.0,0.0,0.0,0.0,0.0,0.0,0.0,0.0,0.0,0.0,0.0,0.0,0.0,0,-107875648.0,63,0.0,126,2.7184242562605685e+23,-0.0,ERR,ERR,ERR,ERR,ERR,ERR,ERR,ERR,ERR,ERR,ERR,ERR,ERR,ERR,ERR,ERR,ERR,ERR,ERR,ERR,ERR,ERR,ERR,ERR,ERR,ERR,ERR,ERR,ERR,ERR,ERR,ERR,ERR,ERR,ERR,ERR,ERR,ERR,ERR,ERR,ERR,ERR,ERR,ERR,ERR,ERR,ERR,ERR,ERR,ERR,ERR,ERR,ERR,ERR,ERR,ERR,ERR,ERR,ERR,ERR,ERR,ERR,ERR,ERR,ERR,ERR,ERR,34.0,80.0,35,0.0,0.0,0.0,0.0,0.0,0.0,0.0,0.0,0.0,0.0,0.0,0.0,0.0,0.0,0.0,0.0,64.4,0,116,56,50,65476,0,300,0,0,8,20529,65476,0,0,57672,80.0,0.0,0.0,0.0,0.0,0.0
2026-06-17T04:25:07,ERR,ERR,ERR,ERR,ERR,ERR,ERR,ERR,ERR,ERR,ERR,ERR,ERR,ERR,ERR,ERR,ERR,ERR,ERR,ERR,ERR,ERR,ERR,ERR,ERR,ERR,ERR,ERR,ERR,ERR,ERR,ERR,ERR,ERR,ERR,ERR,ERR,ERR,ERR,ERR,ERR,ERR,ERR,ERR,ERR,ERR,ERR,ERR,ERR,ERR,ERR,ERR,ERR,ERR,ERR,ERR,ERR,ERR,ERR,ERR,ERR,ERR,ERR,ERR,ERR,ERR,ERR,ERR,ERR,ERR,ERR,ERR,ERR,ERR,ERR,ERR,ERR,ERR,ERR,ERR,ERR,ERR,ERR,ERR,ERR,ERR,ERR,ERR,ERR,ERR,ERR,ERR,ERR,ERR,ERR,ERR,ERR,ERR,ERR,ERR,ERR,ERR,ERR,ERR,ERR,ERR,ERR,ERR,ERR,ERR,ERR,ERR,ERR,ERR,ERR,ERR,ERR,ERR,ERR,ERR,ERR,ERR,ERR,ERR,ERR,0.0,-107615328.0,0.0,0.0,0.0,1.3936040501711995e+18,7.805,0.0,0,0,4,0,7300,-0.0,0,0.0,0.0,0.0,0.0,0.0,0,0,0,0,0.0,0,0,0,0,0,0,0,0,0,0,0,0,0,0,0,0,0,0,0,0,0,0,0,0,0,0,0,0,0,0,0,0,0,32,30,30,62,65476,0,300,0,0,8,21553,0.0,-107605600.0,0.0,0.0,0.0,0.0,0.0,0.0,0.0,0.0,0.0,0.0,0.0,0.0,0.0,0.0,0.0,0.0,0.0,0.0,0.0,0.0,2.004,0.0,-0.0,-2.004,0.0,0.0,0.0,0.0,5482.0,-1.587932186534166e+29,6974.0,0.0,-107615328.0,-107615280.0,-0.0,0.0,0.0,0.0,0.0,63,4.0668785921095834e+29,0.0,0.0,0.0,0.0,0.0,0.0,0.0,0.0,0,0,0,0.0,0.0,0.0,0.0,0.0,0.0,0.0,0.0,0.0,0.0,0.0,0.0,0.0,0.0,0.0,0.0,0,-107875648.0,63,0.0,126,2.7184242562605685e+23,-0.0,ERR,ERR,ERR,ERR,ERR,ERR,ERR,ERR,ERR,ERR,ERR,ERR,ERR,ERR,ERR,ERR,ERR,ERR,ERR,ERR,ERR,ERR,ERR,ERR,ERR,ERR,ERR,ERR,ERR,ERR,ERR,ERR,ERR,ERR,ERR,ERR,ERR,ERR,ERR,ERR,ERR,ERR,ERR,ERR,ERR,ERR,ERR,ERR,ERR,ERR,ERR,ERR,ERR,ERR,ERR,ERR,ERR,ERR,ERR,ERR,ERR,ERR,ERR,ERR,ERR,ERR,ERR,34.0,80.0,35,0.0,0.0,0.0,0.0,0.0,0.0,0.0,0.0,0.0,0.0,0.0,0.0,0.0,0.0,0.0,0.0,64.4,0,116,56,50,65476,0,300,0,0,8,20529,65476,0,0,57672,80.0,0.0,0.0,0.0,0.0,0.0
2026-06-17T04:25:08,ERR,ERR,ERR,ERR,ERR,ERR,ERR,ERR,ERR,ERR,ERR,ERR,ERR,ERR,ERR,ERR,ERR,ERR,ERR,ERR,ERR,ERR,ERR,ERR,ERR,ERR,ERR,ERR,ERR,ERR,ERR,ERR,ERR,ERR,ERR,ERR,ERR,ERR,ERR,ERR,ERR,ERR,ERR,ERR,ERR,ERR,ERR,ERR,ERR,ERR,ERR,ERR,ERR,ERR,ERR,ERR,ERR,ERR,ERR,ERR,ERR,ERR,ERR,ERR,ERR,ERR,ERR,ERR,ERR,ERR,ERR,ERR,ERR,ERR,ERR,ERR,ERR,ERR,ERR,ERR,ERR,ERR,ERR,ERR,ERR,ERR,ERR,ERR,ERR,ERR,ERR,ERR,ERR,ERR,ERR,ERR,ERR,ERR,ERR,ERR,ERR,ERR,ERR,ERR,ERR,ERR,ERR,ERR,ERR,ERR,ERR,ERR,ERR,ERR,ERR,ERR,ERR,ERR,ERR,ERR,ERR,ERR,ERR,ERR,ERR,0.0,-107615328.0,0.0,0.0,0.0,1.3936040501711995e+18,7.805,0.0,0,0,4,0,7300,-0.0,0,0.0,0.0,0.0,0.0,0.0,0,0,0,0,0.0,0,0,0,0,0,0,0,0,0,0,0,0,0,0,0,0,0,0,0,0,0,0,0,0,0,0,0,0,0,0,0,0,0,32,30,30,62,65476,0,300,0,0,8,21553,0.0,-107605600.0,0.0,0.0,0.0,0.0,0.0,0.0,0.0,0.0,0.0,0.0,0.0,0.0,0.0,0.0,0.0,0.0,0.0,0.0,0.0,0.0,2.004,0.0,-0.0,-2.004,0.0,0.0,0.0,0.0,5482.0,-1.587932186534166e+29,6974.0,0.0,-107615328.0,-107615280.0,-0.0,0.0,0.0,0.0,0.0,63,4.0668785921095834e+29,0.0,0.0,0.0,0.0,0.0,0.0,0.0,0.0,0,0,0,0.0,0.0,0.0,0.0,0.0,0.0,0.0,0.0,0.0,0.0,0.0,0.0,0.0,0.0,0.0,0.0,0,-107875648.0,63,0.0,126,2.7184242562605685e+23,-0.0,ERR,ERR,ERR,ERR,ERR,ERR,ERR,ERR,ERR,ERR,ERR,ERR,ERR,ERR,ERR,ERR,ERR,ERR,ERR,ERR,ERR,ERR,ERR,ERR,ERR,ERR,ERR,ERR,ERR,ERR,ERR,ERR,ERR,ERR,ERR,ERR,ERR,ERR,ERR,ERR,ERR,ERR,ERR,ERR,ERR,ERR,ERR,ERR,ERR,ERR,ERR,ERR,ERR,ERR,ERR,ERR,ERR,ERR,ERR,ERR,ERR,ERR,ERR,ERR,ERR,ERR,ERR,34.0,80.0,35,0.0,0.0,0.0,0.0,0.0,0.0,0.0,0.0,0.0,0.0,0.0,0.0,0.0,0.0,0.0,0.0,64.8,0,116,56,50,65476,0,300,0,0,8,20529,65476,0,0,57672,80.0,0.0,0.0,0.0,0.0,0.0
2026-06-17T04:25:09,ERR,ERR,ERR,ERR,ERR,ERR,ERR,ERR,ERR,ERR,ERR,ERR,ERR,ERR,ERR,ERR,ERR,ERR,ERR,ERR,ERR,ERR,ERR,ERR,ERR,ERR,ERR,ERR,ERR,ERR,ERR,ERR,ERR,ERR,ERR,ERR,ERR,ERR,ERR,ERR,ERR,ERR,ERR,ERR,ERR,ERR,ERR,ERR,ERR,ERR,ERR,ERR,ERR,ERR,ERR,ERR,ERR,ERR,ERR,ERR,ERR,ERR,ERR,ERR,ERR,ERR,ERR,ERR,ERR,ERR,ERR,ERR,ERR,ERR,ERR,ERR,ERR,ERR,ERR,ERR,ERR,ERR,ERR,ERR,ERR,ERR,ERR,ERR,ERR,ERR,ERR,ERR,ERR,ERR,ERR,ERR,ERR,ERR,ERR,ERR,ERR,ERR,ERR,ERR,ERR,ERR,ERR,ERR,ERR,ERR,ERR,ERR,ERR,ERR,ERR,ERR,ERR,ERR,ERR,ERR,ERR,ERR,ERR,ERR,ERR,0.0,-107615328.0,0.0,0.0,0.0,1.3936040501711995e+18,7.805,0.0,0,0,4,0,7300,-0.0,0,0.0,0.0,0.0,0.0,0.0,0,0,0,0,0.0,0,0,0,0,0,0,0,0,0,0,0,0,0,0,0,0,0,0,0,0,0,0,0,0,0,0,0,0,0,0,0,0,0,32,30,30,62,65476,0,300,0,0,8,21553,0.0,-107605600.0,0.0,0.0,0.0,0.0,0.0,0.0,0.0,0.0,0.0,0.0,0.0,0.0,0.0,0.0,0.0,0.0,0.0,0.0,0.0,0.0,2.004,0.0,-0.0,-2.004,0.0,0.0,0.0,0.0,5482.0,-1.587932186534166e+29,6974.0,0.0,-107615328.0,-107615280.0,-0.0,0.0,0.0,0.0,0.0,63,4.0668785921095834e+29,0.0,0.0,0.0,0.0,0.0,0.0,0.0,0.0,0,0,0,0.0,0.0,0.0,0.0,0.0,0.0,0.0,0.0,0.0,0.0,0.0,0.0,0.0,0.0,0.0,0.0,0,-107875648.0,63,0.0,126,2.7184242562605685e+23,-0.0,ERR,ERR,ERR,ERR,ERR,ERR,ERR,ERR,ERR,ERR,ERR,ERR,ERR,ERR,ERR,ERR,ERR,ERR,ERR,ERR,ERR,ERR,ERR,ERR,ERR,ERR,ERR,ERR,ERR,ERR,ERR,ERR,ERR,ERR,ERR,ERR,ERR,ERR,ERR,ERR,ERR,ERR,ERR,ERR,ERR,ERR,ERR,ERR,ERR,ERR,ERR,ERR,ERR,ERR,ERR,ERR,ERR,ERR,ERR,ERR,ERR,ERR,ERR,ERR,ERR,ERR,ERR,34.0,80.0,35,0.0,0.0,0.0,0.0,0.0,0.0,0.0,0.0,0.0,0.0,0.0,0.0,0.0,0.0,0.0,0.0,64.8,0,116,56,50,65476,0,300,0,0,8,20529,65476,0,0,57672,80.0,0.0,0.0,0.0,0.0,0.0
2026-06-17T04:25:10,ERR,ERR,ERR,ERR,ERR,ERR,ERR,ERR,ERR,ERR,ERR,ERR,ERR,ERR,ERR,ERR,ERR,ERR,ERR,ERR,ERR,ERR,ERR,ERR,ERR,ERR,ERR,ERR,ERR,ERR,ERR,ERR,ERR,ERR,ERR,ERR,ERR,ERR,ERR,ERR,ERR,ERR,ERR,ERR,ERR,ERR,ERR,ERR,ERR,ERR,ERR,ERR,ERR,ERR,ERR,ERR,ERR,ERR,ERR,ERR,ERR,ERR,ERR,ERR,ERR,ERR,ERR,ERR,ERR,ERR,ERR,ERR,ERR,ERR,ERR,ERR,ERR,ERR,ERR,ERR,ERR,ERR,ERR,ERR,ERR,ERR,ERR,ERR,ERR,ERR,ERR,ERR,ERR,ERR,ERR,ERR,ERR,ERR,ERR,ERR,ERR,ERR,ERR,ERR,ERR,ERR,ERR,ERR,ERR,ERR,ERR,ERR,ERR,ERR,ERR,ERR,ERR,ERR,ERR,ERR,ERR,ERR,ERR,ERR,ERR,0.0,-107615328.0,0.0,0.0,0.0,1.3936040501711995e+18,7.805,0.0,0,0,4,0,7300,-0.0,0,0.0,0.0,0.0,0.0,0.0,0,0,0,0,0.0,0,0,0,0,0,0,0,0,0,0,0,0,0,0,0,0,0,0,0,0,0,0,0,0,0,0,0,0,0,0,0,0,0,32,30,30,62,65476,0,300,0,0,8,21553,0.0,-107605600.0,0.0,0.0,0.0,0.0,0.0,0.0,0.0,0.0,0.0,0.0,0.0,0.0,0.0,0.0,0.0,0.0,0.0,0.0,0.0,0.0,2.004,0.0,-0.0,-2.004,0.0,0.0,0.0,0.0,5482.0,-1.587932186534166e+29,6974.0,0.0,-107615328.0,-107615280.0,-0.0,0.0,0.0,0.0,0.0,63,4.0668785921095834e+29,0.0,0.0,0.0,0.0,0.0,0.0,0.0,0.0,0,0,0,0.0,0.0,0.0,0.0,0.0,0.0,0.0,0.0,0.0,0.0,0.0,0.0,0.0,0.0,0.0,0.0,0,-107875648.0,63,0.0,126,2.7184242562605685e+23,-0.0,ERR,ERR,ERR,ERR,ERR,ERR,ERR,ERR,ERR,ERR,ERR,ERR,ERR,ERR,ERR,ERR,ERR,ERR,ERR,ERR,ERR,ERR,ERR,ERR,ERR,ERR,ERR,ERR,ERR,ERR,ERR,ERR,ERR,ERR,ERR,ERR,ERR,ERR,ERR,ERR,ERR,ERR,ERR,ERR,ERR,ERR,ERR,ERR,ERR,ERR,ERR,ERR,ERR,ERR,ERR,ERR,ERR,ERR,ERR,ERR,ERR,ERR,ERR,ERR,ERR,ERR,ERR,34.0,80.0,35,0.0,0.0,0.0,0.0,0.0,0.0,0.0,0.0,0.0,0.0,0.0,0.0,0.0,0.0,0.0,0.0,64.4,0,116,56,50,65476,0,300,0,0,8,20529,65476,0,0,57672,80.0,0.0,0.0,0.0,0.0,0.0
2026-06-17T04:25:11,ERR,ERR,ERR,ERR,ERR,ERR,ERR,ERR,ERR,ERR,ERR,ERR,ERR,ERR,ERR,ERR,ERR,ERR,ERR,ERR,ERR,ERR,ERR,ERR,ERR,ERR,ERR,ERR,ERR,ERR,ERR,ERR,ERR,ERR,ERR,ERR,ERR,ERR,ERR,ERR,ERR,ERR,ERR,ERR,ERR,ERR,ERR,ERR,ERR,ERR,ERR,ERR,ERR,ERR,ERR,ERR,ERR,ERR,ERR,ERR,ERR,ERR,ERR,ERR,ERR,ERR,ERR,ERR,ERR,ERR,ERR,ERR,ERR,ERR,ERR,ERR,ERR,ERR,ERR,ERR,ERR,ERR,ERR,ERR,ERR,ERR,ERR,ERR,ERR,ERR,ERR,ERR,ERR,ERR,ERR,ERR,ERR,ERR,ERR,ERR,ERR,ERR,ERR,ERR,ERR,ERR,ERR,ERR,ERR,ERR,ERR,ERR,ERR,ERR,ERR,ERR,ERR,ERR,ERR,ERR,ERR,ERR,ERR,ERR,ERR,0.0,-107615328.0,0.0,0.0,0.0,1.3936040501711995e+18,7.805,0.0,0,0,4,0,7300,-0.0,0,0.0,0.0,0.0,0.0,0.0,0,0,0,0,0.0,0,0,0,0,0,0,0,0,0,0,0,0,0,0,0,0,0,0,0,0,0,0,0,0,0,0,0,0,0,0,0,0,0,32,30,30,62,65476,0,300,0,0,8,21553,0.0,-107605600.0,0.0,0.0,0.0,0.0,0.0,0.0,0.0,0.0,0.0,0.0,0.0,0.0,0.0,0.0,0.0,0.0,0.0,0.0,0.0,0.0,2.004,0.0,-0.0,-2.004,0.0,0.0,0.0,0.0,5482.0,-1.587932186534166e+29,6974.0,0.0,-107615328.0,-107615280.0,-0.0,0.0,0.0,0.0,0.0,63,4.0668785921095834e+29,0.0,0.0,0.0,0.0,0.0,0.0,0.0,0.0,0,0,0,0.0,0.0,0.0,0.0,0.0,0.0,0.0,0.0,0.0,0.0,0.0,0.0,0.0,0.0,0.0,0.0,0,-107875648.0,63,0.0,126,2.7184242562605685e+23,-0.0,ERR,ERR,ERR,ERR,ERR,ERR,ERR,ERR,ERR,ERR,ERR,ERR,ERR,ERR,ERR,ERR,ERR,ERR,ERR,ERR,ERR,ERR,ERR,ERR,ERR,ERR,ERR,ERR,ERR,ERR,ERR,ERR,ERR,ERR,ERR,ERR,ERR,ERR,ERR,ERR,ERR,ERR,ERR,ERR,ERR,ERR,ERR,ERR,ERR,ERR,ERR,ERR,ERR,ERR,ERR,ERR,ERR,ERR,ERR,ERR,ERR,ERR,ERR,ERR,ERR,ERR,ERR,34.0,80.0,35,0.0,0.0,0.0,0.0,0.0,0.0,0.0,0.0,0.0,0.0,0.0,0.0,0.0,0.0,0.0,0.0,64.4,0,116,56,50,65476,0,300,0,0,8,20529,65476,0,0,57672,80.0,0.0,0.0,0.0,0.0,0.0
2026-06-17T04:25:12,ERR,ERR,ERR,ERR,ERR,ERR,ERR,ERR,ERR,ERR,ERR,ERR,ERR,ERR,ERR,ERR,ERR,ERR,ERR,ERR,ERR,ERR,ERR,ERR,ERR,ERR,ERR,ERR,ERR,ERR,ERR,ERR,ERR,ERR,ERR,ERR,ERR,ERR,ERR,ERR,ERR,ERR,ERR,ERR,ERR,ERR,ERR,ERR,ERR,ERR,ERR,ERR,ERR,ERR,ERR,ERR,ERR,ERR,ERR,ERR,ERR,ERR,ERR,ERR,ERR,ERR,ERR,ERR,ERR,ERR,ERR,ERR,ERR,ERR,ERR,ERR,ERR,ERR,ERR,ERR,ERR,ERR,ERR,ERR,ERR,ERR,ERR,ERR,ERR,ERR,ERR,ERR,ERR,ERR,ERR,ERR,ERR,ERR,ERR,ERR,ERR,ERR,ERR,ERR,ERR,ERR,ERR,ERR,ERR,ERR,ERR,ERR,ERR,ERR,ERR,ERR,ERR,ERR,ERR,ERR,ERR,ERR,ERR,ERR,ERR,0.0,-107615328.0,0.0,0.0,0.0,1.3936040501711995e+18,7.805,0.0,0,0,4,0,7300,-0.0,0,0.0,0.0,0.0,0.0,0.0,0,0,0,0,0.0,0,0,0,0,0,0,0,0,0,0,0,0,0,0,0,0,0,0,0,0,0,0,0,0,0,0,0,0,0,0,0,0,0,32,30,30,62,65476,0,300,0,0,8,21553,0.0,-107605600.0,0.0,0.0,0.0,0.0,0.0,0.0,0.0,0.0,0.0,0.0,0.0,0.0,0.0,0.0,0.0,0.0,0.0,0.0,0.0,0.0,2.004,0.0,-0.0,-2.004,0.0,0.0,0.0,0.0,5482.0,-1.587932186534166e+29,6974.0,0.0,-107615328.0,-107615280.0,-0.0,0.0,0.0,0.0,0.0,63,4.0668785921095834e+29,0.0,0.0,0.0,0.0,0.0,0.0,0.0,0.0,0,0,0,0.0,0.0,0.0,0.0,0.0,0.0,0.0,0.0,0.0,0.0,0.0,0.0,0.0,0.0,0.0,0.0,0,-107875648.0,63,0.0,126,2.7184242562605685e+23,-0.0,ERR,ERR,ERR,ERR,ERR,ERR,ERR,ERR,ERR,ERR,ERR,ERR,ERR,ERR,ERR,ERR,ERR,ERR,ERR,ERR,ERR,ERR,ERR,ERR,ERR,ERR,ERR,ERR,ERR,ERR,ERR,ERR,ERR,ERR,ERR,ERR,ERR,ERR,ERR,ERR,ERR,ERR,ERR,ERR,ERR,ERR,ERR,ERR,ERR,ERR,ERR,ERR,ERR,ERR,ERR,ERR,ERR,ERR,ERR,ERR,ERR,ERR,ERR,ERR,ERR,ERR,ERR,34.0,80.0,35,0.0,0.0,0.0,0.0,0.0,0.0,0.0,0.0,0.0,0.0,0.0,0.0,0.0,0.0,0.0,0.0,64.4,0,116,56,50,65476,0,300,0,0,8,20529,65476,0,0,57672,80.0,0.0,0.0,0.0,0.0,0.0
2026-06-17T04:25:13,ERR,ERR,ERR,ERR,ERR,ERR,ERR,ERR,ERR,ERR,ERR,ERR,ERR,ERR,ERR,ERR,ERR,ERR,ERR,ERR,ERR,ERR,ERR,ERR,ERR,ERR,ERR,ERR,ERR,ERR,ERR,ERR,ERR,ERR,ERR,ERR,ERR,ERR,ERR,ERR,ERR,ERR,ERR,ERR,ERR,ERR,ERR,ERR,ERR,ERR,ERR,ERR,ERR,ERR,ERR,ERR,ERR,ERR,ERR,ERR,ERR,ERR,ERR,ERR,ERR,ERR,ERR,ERR,ERR,ERR,ERR,ERR,ERR,ERR,ERR,ERR,ERR,ERR,ERR,ERR,ERR,ERR,ERR,ERR,ERR,ERR,ERR,ERR,ERR,ERR,ERR,ERR,ERR,ERR,ERR,ERR,ERR,ERR,ERR,ERR,ERR,ERR,ERR,ERR,ERR,ERR,ERR,ERR,ERR,ERR,ERR,ERR,ERR,ERR,ERR,ERR,ERR,ERR,ERR,ERR,ERR,ERR,ERR,ERR,ERR,0.0,-107615328.0,0.0,0.0,0.0,1.3936040501711995e+18,7.805,0.0,0,0,4,0,7300,-0.0,0,0.0,0.0,0.0,0.0,0.0,0,0,0,0,0.0,0,0,0,0,0,0,0,0,0,0,0,0,0,0,0,0,0,0,0,0,0,0,0,0,0,0,0,0,0,0,0,0,0,32,30,30,62,65476,0,300,0,0,8,21553,0.0,-107605600.0,0.0,0.0,0.0,0.0,0.0,0.0,0.0,0.0,0.0,0.0,0.0,0.0,0.0,0.0,0.0,0.0,0.0,0.0,0.0,0.0,2.004,0.0,-0.0,-2.004,0.0,0.0,0.0,0.0,5479.0,-131350.672,6969.0,0.0,-107615328.0,-107615280.0,-0.0,0.0,0.0,0.0,0.0,63,2.3088396621844998e+20,-2.308831393857059e+20,0.0,0.0,0.0,0.0,0.0,0.0,0.0,0,0,0,0.0,0.0,0.0,0.0,0.0,0.0,0.0,0.0,0.0,0.0,0.0,0.0,0.0,0.0,0.0,0.0,0,-107875648.0,63,0.0,126,2.7184242562605685e+23,-0.0,ERR,ERR,ERR,ERR,ERR,ERR,ERR,ERR,ERR,ERR,ERR,ERR,ERR,ERR,ERR,ERR,ERR,ERR,ERR,ERR,ERR,ERR,ERR,ERR,ERR,ERR,ERR,ERR,ERR,ERR,ERR,ERR,ERR,ERR,ERR,ERR,ERR,ERR,ERR,ERR,ERR,ERR,ERR,ERR,ERR,ERR,ERR,ERR,ERR,ERR,ERR,ERR,ERR,ERR,ERR,ERR,ERR,ERR,ERR,ERR,ERR,ERR,ERR,ERR,ERR,ERR,ERR,34.0,80.0,35,0.0,0.0,0.0,0.0,0.0,0.0,0.0,0.0,0.0,0.0,0.0,0.0,0.0,0.0,0.0,0.0,64.4,0,116,56,50,65476,0,300,0,0,8,20529,65476,0,0,57672,80.0,0.0,0.0,0.0,0.0,0.0
2026-06-17T04:25:14,ERR,ERR,ERR,ERR,ERR,ERR,ERR,ERR,ERR,ERR,ERR,ERR,ERR,ERR,ERR,ERR,ERR,ERR,ERR,ERR,ERR,ERR,ERR,ERR,ERR,ERR,ERR,ERR,ERR,ERR,ERR,ERR,ERR,ERR,ERR,ERR,ERR,ERR,ERR,ERR,ERR,ERR,ERR,ERR,ERR,ERR,ERR,ERR,ERR,ERR,ERR,ERR,ERR,ERR,ERR,ERR,ERR,ERR,ERR,ERR,ERR,ERR,ERR,ERR,ERR,ERR,ERR,ERR,ERR,ERR,ERR,ERR,ERR,ERR,ERR,ERR,ERR,ERR,ERR,ERR,ERR,ERR,ERR,ERR,ERR,ERR,ERR,ERR,ERR,ERR,ERR,ERR,ERR,ERR,ERR,ERR,ERR,ERR,ERR,ERR,ERR,ERR,ERR,ERR,ERR,ERR,ERR,ERR,ERR,ERR,ERR,ERR,ERR,ERR,ERR,ERR,ERR,ERR,ERR,ERR,ERR,ERR,ERR,ERR,ERR,0.0,-107615328.0,0.0,0.0,0.0,1.3936040501711995e+18,7.805,0.0,0,0,4,0,7300,-0.0,0,0.0,0.0,0.0,0.0,0.0,0,0,0,0,0.0,0,0,0,0,0,0,0,0,0,0,0,0,0,0,0,0,0,0,0,0,0,0,0,0,0,0,0,0,0,0,0,0,0,32,30,30,62,65476,0,300,0,0,8,21553,0.0,-107605600.0,0.0,0.0,0.0,0.0,0.0,0.0,0.0,0.0,0.0,0.0,0.0,0.0,0.0,0.0,0.0,0.0,0.0,0.0,0.0,0.0,2.004,0.0,-0.0,-2.004,0.0,0.0,0.0,0.0,5479.0,-131350.672,6969.0,0.0,-107615328.0,-107615280.0,-0.0,0.0,0.0,0.0,0.0,63,2.3088396621844998e+20,-2.308831393857059e+20,0.0,0.0,0.0,0.0,0.0,0.0,0.0,0,0,0,0.0,0.0,0.0,0.0,0.0,0.0,0.0,0.0,0.0,0.0,0.0,0.0,0.0,0.0,0.0,0.0,0,-107875648.0,63,0.0,126,2.7184242562605685e+23,-0.0,ERR,ERR,ERR,ERR,ERR,ERR,ERR,ERR,ERR,ERR,ERR,ERR,ERR,ERR,ERR,ERR,ERR,ERR,ERR,ERR,ERR,ERR,ERR,ERR,ERR,ERR,ERR,ERR,ERR,ERR,ERR,ERR,ERR,ERR,ERR,ERR,ERR,ERR,ERR,ERR,ERR,ERR,ERR,ERR,ERR,ERR,ERR,ERR,ERR,ERR,ERR,ERR,ERR,ERR,ERR,ERR,ERR,ERR,ERR,ERR,ERR,ERR,ERR,ERR,ERR,ERR,ERR,34.0,80.0,35,0.0,0.0,0.0,0.0,0.0,0.0,0.0,0.0,0.0,0.0,0.0,0.0,0.0,0.0,0.0,0.0,64.4,0,116,56,50,65476,0,300,0,0,8,20529,65476,0,0,57672,80.0,0.0,0.0,0.0,0.0,0.0
2026-06-17T04:25:15,ERR,ERR,ERR,ERR,ERR,ERR,ERR,ERR,ERR,ERR,ERR,ERR,ERR,ERR,ERR,ERR,ERR,ERR,ERR,ERR,ERR,ERR,ERR,ERR,ERR,ERR,ERR,ERR,ERR,ERR,ERR,ERR,ERR,ERR,ERR,ERR,ERR,ERR,ERR,ERR,ERR,ERR,ERR,ERR,ERR,ERR,ERR,ERR,ERR,ERR,ERR,ERR,ERR,ERR,ERR,ERR,ERR,ERR,ERR,ERR,ERR,ERR,ERR,ERR,ERR,ERR,ERR,ERR,ERR,ERR,ERR,ERR,ERR,ERR,ERR,ERR,ERR,ERR,ERR,ERR,ERR,ERR,ERR,ERR,ERR,ERR,ERR,ERR,ERR,ERR,ERR,ERR,ERR,ERR,ERR,ERR,ERR,ERR,ERR,ERR,ERR,ERR,ERR,ERR,ERR,ERR,ERR,ERR,ERR,ERR,ERR,ERR,ERR,ERR,ERR,ERR,ERR,ERR,ERR,ERR,ERR,ERR,ERR,ERR,ERR,0.0,-107615328.0,0.0,0.0,0.0,1.3936040501711995e+18,7.805,0.0,0,0,4,0,7300,-0.0,0,0.0,0.0,0.0,0.0,0.0,0,0,0,0,0.0,0,0,0,0,0,0,0,0,0,0,0,0,0,0,0,0,0,0,0,0,0,0,0,0,0,0,0,0,0,0,0,0,0,32,30,30,62,65476,0,300,0,0,8,21553,0.0,-107605600.0,0.0,0.0,0.0,0.0,0.0,0.0,0.0,0.0,0.0,0.0,0.0,0.0,0.0,0.0,0.0,0.0,0.0,0.0,0.0,0.0,2.004,0.0,-0.0,-2.004,0.0,0.0,0.0,0.0,5479.0,-131350.672,6969.0,0.0,-107615328.0,-107615280.0,-0.0,0.0,0.0,0.0,0.0,63,2.3088396621844998e+20,-2.308831393857059e+20,0.0,0.0,0.0,0.0,0.0,0.0,0.0,0,0,0,0.0,0.0,0.0,0.0,0.0,0.0,0.0,0.0,0.0,0.0,0.0,0.0,0.0,0.0,0.0,0.0,0,-107875648.0,63,0.0,126,2.7184242562605685e+23,-0.0,ERR,ERR,ERR,ERR,ERR,ERR,ERR,ERR,ERR,ERR,ERR,ERR,ERR,ERR,ERR,ERR,ERR,ERR,ERR,ERR,ERR,ERR,ERR,ERR,ERR,ERR,ERR,ERR,ERR,ERR,ERR,ERR,ERR,ERR,ERR,ERR,ERR,ERR,ERR,ERR,ERR,ERR,ERR,ERR,ERR,ERR,ERR,ERR,ERR,ERR,ERR,ERR,ERR,ERR,ERR,ERR,ERR,ERR,ERR,ERR,ERR,ERR,ERR,ERR,ERR,ERR,ERR,34.0,80.0,35,0.0,0.0,0.0,0.0,0.0,0.0,0.0,0.0,0.0,0.0,0.0,0.0,0.0,0.0,0.0,0.0,64.4,0,116,56,50,65476,0,300,0,0,8,20529,65476,0,0,57672,80.0,0.0,0.0,0.0,0.0,0.0
2026-06-17T04:25:16,ERR,ERR,ERR,ERR,ERR,ERR,ERR,ERR,ERR,ERR,ERR,ERR,ERR,ERR,ERR,ERR,ERR,ERR,ERR,ERR,ERR,ERR,ERR,ERR,ERR,ERR,ERR,ERR,ERR,ERR,ERR,ERR,ERR,ERR,ERR,ERR,ERR,ERR,ERR,ERR,ERR,ERR,ERR,ERR,ERR,ERR,ERR,ERR,ERR,ERR,ERR,ERR,ERR,ERR,ERR,ERR,ERR,ERR,ERR,ERR,ERR,ERR,ERR,ERR,ERR,ERR,ERR,ERR,ERR,ERR,ERR,ERR,ERR,ERR,ERR,ERR,ERR,ERR,ERR,ERR,ERR,ERR,ERR,ERR,ERR,ERR,ERR,ERR,ERR,ERR,ERR,ERR,ERR,ERR,ERR,ERR,ERR,ERR,ERR,ERR,ERR,ERR,ERR,ERR,ERR,ERR,ERR,ERR,ERR,ERR,ERR,ERR,ERR,ERR,ERR,ERR,ERR,ERR,ERR,ERR,ERR,ERR,ERR,ERR,ERR,0.0,-107615328.0,0.0,0.0,0.0,1.3936040501711995e+18,7.805,0.0,0,0,4,0,7300,-0.0,0,0.0,0.0,0.0,0.0,0.0,0,0,0,0,0.0,0,0,0,0,0,0,0,0,0,0,0,0,0,0,0,0,0,0,0,0,0,0,0,0,0,0,0,0,0,0,0,0,0,32,30,30,62,65476,0,300,0,0,8,21553,0.0,-107605600.0,0.0,0.0,0.0,0.0,0.0,0.0,0.0,0.0,0.0,0.0,0.0,0.0,0.0,0.0,0.0,0.0,0.0,0.0,0.0,0.0,2.004,0.0,-0.0,-2.004,0.0,0.0,0.0,0.0,5479.0,-131350.672,6969.0,0.0,-107615328.0,-107615280.0,-0.0,0.0,0.0,0.0,0.0,63,2.3088396621844998e+20,-2.308831393857059e+20,0.0,0.0,0.0,0.0,0.0,0.0,0.0,0,0,0,0.0,0.0,0.0,0.0,0.0,0.0,0.0,0.0,0.0,0.0,0.0,0.0,0.0,0.0,0.0,0.0,0,-107875648.0,63,0.0,126,2.7184242562605685e+23,-0.0,ERR,ERR,ERR,ERR,ERR,ERR,ERR,ERR,ERR,ERR,ERR,ERR,ERR,ERR,ERR,ERR,ERR,ERR,ERR,ERR,ERR,ERR,ERR,ERR,ERR,ERR,ERR,ERR,ERR,ERR,ERR,ERR,ERR,ERR,ERR,ERR,ERR,ERR,ERR,ERR,ERR,ERR,ERR,ERR,ERR,ERR,ERR,ERR,ERR,ERR,ERR,ERR,ERR,ERR,ERR,ERR,ERR,ERR,ERR,ERR,ERR,ERR,ERR,ERR,ERR,ERR,ERR,34.0,80.0,35,0.0,0.0,0.0,0.0,0.0,0.0,0.0,0.0,0.0,0.0,0.0,0.0,0.0,0.0,0.0,0.0,64.8,0,116,56,50,65476,0,300,0,0,8,20529,65476,0,0,57672,80.0,0.0,0.0,0.0,0.0,0.0
2026-06-17T04:25:17,ERR,ERR,ERR,ERR,ERR,ERR,ERR,ERR,ERR,ERR,ERR,ERR,ERR,ERR,ERR,ERR,ERR,ERR,ERR,ERR,ERR,ERR,ERR,ERR,ERR,ERR,ERR,ERR,ERR,ERR,ERR,ERR,ERR,ERR,ERR,ERR,ERR,ERR,ERR,ERR,ERR,ERR,ERR,ERR,ERR,ERR,ERR,ERR,ERR,ERR,ERR,ERR,ERR,ERR,ERR,ERR,ERR,ERR,ERR,ERR,ERR,ERR,ERR,ERR,ERR,ERR,ERR,ERR,ERR,ERR,ERR,ERR,ERR,ERR,ERR,ERR,ERR,ERR,ERR,ERR,ERR,ERR,ERR,ERR,ERR,ERR,ERR,ERR,ERR,ERR,ERR,ERR,ERR,ERR,ERR,ERR,ERR,ERR,ERR,ERR,ERR,ERR,ERR,ERR,ERR,ERR,ERR,ERR,ERR,ERR,ERR,ERR,ERR,ERR,ERR,ERR,ERR,ERR,ERR,ERR,ERR,ERR,ERR,ERR,ERR,0.0,-107615328.0,0.0,0.0,0.0,1.3936040501711995e+18,7.805,0.0,0,0,4,0,7300,-0.0,0,0.0,0.0,0.0,0.0,0.0,0,0,0,0,0.0,0,0,0,0,0,0,0,0,0,0,0,0,0,0,0,0,0,0,0,0,0,0,0,0,0,0,0,0,0,0,0,0,0,32,30,30,62,65476,0,300,0,0,8,21553,0.0,-107605600.0,0.0,0.0,0.0,0.0,0.0,0.0,0.0,0.0,0.0,0.0,0.0,0.0,0.0,0.0,0.0,0.0,0.0,0.0,0.0,0.0,2.004,0.0,-0.0,-2.004,0.0,0.0,0.0,0.0,5479.0,-131350.672,6969.0,0.0,-107615328.0,-107615280.0,-0.0,0.0,0.0,0.0,0.0,63,2.3088396621844998e+20,-2.308831393857059e+20,0.0,0.0,0.0,0.0,0.0,0.0,0.0,0,0,0,0.0,0.0,0.0,0.0,0.0,0.0,0.0,0.0,0.0,0.0,0.0,0.0,0.0,0.0,0.0,0.0,0,-107875648.0,63,0.0,126,2.7184242562605685e+23,-0.0,ERR,ERR,ERR,ERR,ERR,ERR,ERR,ERR,ERR,ERR,ERR,ERR,ERR,ERR,ERR,ERR,ERR,ERR,ERR,ERR,ERR,ERR,ERR,ERR,ERR,ERR,ERR,ERR,ERR,ERR,ERR,ERR,ERR,ERR,ERR,ERR,ERR,ERR,ERR,ERR,ERR,ERR,ERR,ERR,ERR,ERR,ERR,ERR,ERR,ERR,ERR,ERR,ERR,ERR,ERR,ERR,ERR,ERR,ERR,ERR,ERR,ERR,ERR,ERR,ERR,ERR,ERR,34.0,80.0,35,0.0,0.0,0.0,0.0,0.0,0.0,0.0,0.0,0.0,0.0,0.0,0.0,0.0,0.0,0.0,0.0,64.4,0,116,56,50,65476,0,300,0,0,8,20529,65476,0,0,57672,80.0,0.0,0.0,0.0,0.0,0.0
2026-06-17T04:25:18,ERR,ERR,ERR,ERR,ERR,ERR,ERR,ERR,ERR,ERR,ERR,ERR,ERR,ERR,ERR,ERR,ERR,ERR,ERR,ERR,ERR,ERR,ERR,ERR,ERR,ERR,ERR,ERR,ERR,ERR,ERR,ERR,ERR,ERR,ERR,ERR,ERR,ERR,ERR,ERR,ERR,ERR,ERR,ERR,ERR,ERR,ERR,ERR,ERR,ERR,ERR,ERR,ERR,ERR,ERR,ERR,ERR,ERR,ERR,ERR,ERR,ERR,ERR,ERR,ERR,ERR,ERR,ERR,ERR,ERR,ERR,ERR,ERR,ERR,ERR,ERR,ERR,ERR,ERR,ERR,ERR,ERR,ERR,ERR,ERR,ERR,ERR,ERR,ERR,ERR,ERR,ERR,ERR,ERR,ERR,ERR,ERR,ERR,ERR,ERR,ERR,ERR,ERR,ERR,ERR,ERR,ERR,ERR,ERR,ERR,ERR,ERR,ERR,ERR,ERR,ERR,ERR,ERR,ERR,ERR,ERR,ERR,ERR,ERR,ERR,0.0,-107615328.0,0.0,0.0,0.0,1.3936040501711995e+18,7.805,0.0,0,0,4,0,7300,-0.0,0,0.0,0.0,0.0,0.0,0.0,0,0,0,0,0.0,0,0,0,0,0,0,0,0,0,0,0,0,0,0,0,0,0,0,0,0,0,0,0,0,0,0,0,0,0,0,0,0,0,32,30,30,62,65476,0,300,0,0,8,21553,0.0,-107605600.0,0.0,0.0,0.0,0.0,0.0,0.0,0.0,0.0,0.0,0.0,0.0,0.0,0.0,0.0,0.0,0.0,0.0,0.0,0.0,0.0,2.004,0.0,-0.0,-2.004,0.0,0.0,0.0,0.0,5477.0,2.422992227987924e+24,6957.0,0.0,-107615328.0,-107615280.0,-0.0,0.0,0.0,0.0,0.0,63,152018387730432.0,2.7184208335248517e+23,0.0,0.0,0.0,0.0,0.0,0.0,0.0,0,0,0,0.0,0.0,0.0,0.0,0.0,0.0,0.0,0.0,0.0,0.0,0.0,0.0,0.0,0.0,0.0,0.0,0,-107875648.0,63,0.0,126,2.7184242562605685e+23,-0.0,ERR,ERR,ERR,ERR,ERR,ERR,ERR,ERR,ERR,ERR,ERR,ERR,ERR,ERR,ERR,ERR,ERR,ERR,ERR,ERR,ERR,ERR,ERR,ERR,ERR,ERR,ERR,ERR,ERR,ERR,ERR,ERR,ERR,ERR,ERR,ERR,ERR,ERR,ERR,ERR,ERR,ERR,ERR,ERR,ERR,ERR,ERR,ERR,ERR,ERR,ERR,ERR,ERR,ERR,ERR,ERR,ERR,ERR,ERR,ERR,ERR,ERR,ERR,ERR,ERR,ERR,ERR,34.0,80.0,35,0.0,0.0,0.0,0.0,0.0,0.0,0.0,0.0,0.0,0.0,0.0,0.0,0.0,0.0,0.0,0.0,64.4,0,116,56,50,65476,0,300,0,0,8,20529,65476,0,0,57672,80.0,0.0,0.0,0.0,0.0,0.0
2026-06-17T04:25:19,ERR,ERR,ERR,ERR,ERR,ERR,ERR,ERR,ERR,ERR,ERR,ERR,ERR,ERR,ERR,ERR,ERR,ERR,ERR,ERR,ERR,ERR,ERR,ERR,ERR,ERR,ERR,ERR,ERR,ERR,ERR,ERR,ERR,ERR,ERR,ERR,ERR,ERR,ERR,ERR,ERR,ERR,ERR,ERR,ERR,ERR,ERR,ERR,ERR,ERR,ERR,ERR,ERR,ERR,ERR,ERR,ERR,ERR,ERR,ERR,ERR,ERR,ERR,ERR,ERR,ERR,ERR,ERR,ERR,ERR,ERR,ERR,ERR,ERR,ERR,ERR,ERR,ERR,ERR,ERR,ERR,ERR,ERR,ERR,ERR,ERR,ERR,ERR,ERR,ERR,ERR,ERR,ERR,ERR,ERR,ERR,ERR,ERR,ERR,ERR,ERR,ERR,ERR,ERR,ERR,ERR,ERR,ERR,ERR,ERR,ERR,ERR,ERR,ERR,ERR,ERR,ERR,ERR,ERR,ERR,ERR,ERR,ERR,ERR,ERR,0.0,-107615328.0,0.0,0.0,0.0,1.3936040501711995e+18,7.805,0.0,0,0,4,0,7300,-0.0,0,0.0,0.0,0.0,0.0,0.0,0,0,0,0,0.0,0,0,0,0,0,0,0,0,0,0,0,0,0,0,0,0,0,0,0,0,0,0,0,0,0,0,0,0,0,0,0,0,0,32,30,30,62,65476,0,300,0,0,8,21553,0.0,-107605600.0,0.0,0.0,0.0,0.0,0.0,0.0,0.0,0.0,0.0,0.0,0.0,0.0,0.0,0.0,0.0,0.0,0.0,0.0,0.0,0.0,2.004,0.0,-0.0,-2.004,0.0,0.0,0.0,0.0,5477.0,2.422992227987924e+24,6957.0,0.0,-107615328.0,-107615280.0,-0.0,0.0,0.0,0.0,0.0,63,152018387730432.0,2.7184208335248517e+23,0.0,0.0,0.0,0.0,0.0,0.0,0.0,0,0,0,0.0,0.0,0.0,0.0,0.0,0.0,0.0,0.0,0.0,0.0,0.0,0.0,0.0,0.0,0.0,0.0,0,-107875648.0,63,0.0,126,2.7184242562605685e+23,-0.0,ERR,ERR,ERR,ERR,ERR,ERR,ERR,ERR,ERR,ERR,ERR,ERR,ERR,ERR,ERR,ERR,ERR,ERR,ERR,ERR,ERR,ERR,ERR,ERR,ERR,ERR,ERR,ERR,ERR,ERR,ERR,ERR,ERR,ERR,ERR,ERR,ERR,ERR,ERR,ERR,ERR,ERR,ERR,ERR,ERR,ERR,ERR,ERR,ERR,ERR,ERR,ERR,ERR,ERR,ERR,ERR,ERR,ERR,ERR,ERR,ERR,ERR,ERR,ERR,ERR,ERR,ERR,34.0,80.0,35,0.0,0.0,0.0,0.0,0.0,0.0,0.0,0.0,0.0,0.0,0.0,0.0,0.0,0.0,0.0,0.0,64.8,0,116,56,50,65476,0,300,0,0,8,20529,65476,0,0,57672,80.0,0.0,0.0,0.0,0.0,0.0
2026-06-17T04:25:20,ERR,ERR,ERR,ERR,ERR,ERR,ERR,ERR,ERR,ERR,ERR,ERR,ERR,ERR,ERR,ERR,ERR,ERR,ERR,ERR,ERR,ERR,ERR,ERR,ERR,ERR,ERR,ERR,ERR,ERR,ERR,ERR,ERR,ERR,ERR,ERR,ERR,ERR,ERR,ERR,ERR,ERR,ERR,ERR,ERR,ERR,ERR,ERR,ERR,ERR,ERR,ERR,ERR,ERR,ERR,ERR,ERR,ERR,ERR,ERR,ERR,ERR,ERR,ERR,ERR,ERR,ERR,ERR,ERR,ERR,ERR,ERR,ERR,ERR,ERR,ERR,ERR,ERR,ERR,ERR,ERR,ERR,ERR,ERR,ERR,ERR,ERR,ERR,ERR,ERR,ERR,ERR,ERR,ERR,ERR,ERR,ERR,ERR,ERR,ERR,ERR,ERR,ERR,ERR,ERR,ERR,ERR,ERR,ERR,ERR,ERR,ERR,ERR,ERR,ERR,ERR,ERR,ERR,ERR,ERR,ERR,ERR,ERR,ERR,ERR,0.0,-107615328.0,0.0,0.0,0.0,1.3936040501711995e+18,7.805,0.0,0,0,4,0,7300,-0.0,0,0.0,0.0,0.0,0.0,0.0,0,0,0,0,0.0,0,0,0,0,0,0,0,0,0,0,0,0,0,0,0,0,0,0,0,0,0,0,0,0,0,0,0,0,0,0,0,0,0,32,30,30,62,65476,0,300,0,0,8,21553,0.0,-107605600.0,0.0,0.0,0.0,0.0,0.0,0.0,0.0,0.0,0.0,0.0,0.0,0.0,0.0,0.0,0.0,0.0,0.0,0.0,0.0,0.0,2.004,0.0,-0.0,-2.004,0.0,0.0,0.0,0.0,5477.0,2.422992227987924e+24,6957.0,0.0,-107615328.0,-107615280.0,-0.0,0.0,0.0,0.0,0.0,63,152018387730432.0,2.7184208335248517e+23,0.0,0.0,0.0,0.0,0.0,0.0,0.0,0,0,0,0.0,0.0,0.0,0.0,0.0,0.0,0.0,0.0,0.0,0.0,0.0,0.0,0.0,0.0,0.0,0.0,0,-107875648.0,63,0.0,126,2.7184242562605685e+23,-0.0,ERR,ERR,ERR,ERR,ERR,ERR,ERR,ERR,ERR,ERR,ERR,ERR,ERR,ERR,ERR,ERR,ERR,ERR,ERR,ERR,ERR,ERR,ERR,ERR,ERR,ERR,ERR,ERR,ERR,ERR,ERR,ERR,ERR,ERR,ERR,ERR,ERR,ERR,ERR,ERR,ERR,ERR,ERR,ERR,ERR,ERR,ERR,ERR,ERR,ERR,ERR,ERR,ERR,ERR,ERR,ERR,ERR,ERR,ERR,ERR,ERR,ERR,ERR,ERR,ERR,ERR,ERR,34.0,80.0,35,0.0,0.0,0.0,0.0,0.0,0.0,0.0,0.0,0.0,0.0,0.0,0.0,0.0,0.0,0.0,0.0,64.8,0,116,56,50,65476,0,300,0,0,8,20529,65476,0,0,57672,80.0,0.0,0.0,0.0,0.0,0.0
2026-06-17T04:25:21,ERR,ERR,ERR,ERR,ERR,ERR,ERR,ERR,ERR,ERR,ERR,ERR,ERR,ERR,ERR,ERR,ERR,ERR,ERR,ERR,ERR,ERR,ERR,ERR,ERR,ERR,ERR,ERR,ERR,ERR,ERR,ERR,ERR,ERR,ERR,ERR,ERR,ERR,ERR,ERR,ERR,ERR,ERR,ERR,ERR,ERR,ERR,ERR,ERR,ERR,ERR,ERR,ERR,ERR,ERR,ERR,ERR,ERR,ERR,ERR,ERR,ERR,ERR,ERR,ERR,ERR,ERR,ERR,ERR,ERR,ERR,ERR,ERR,ERR,ERR,ERR,ERR,ERR,ERR,ERR,ERR,ERR,ERR,ERR,ERR,ERR,ERR,ERR,ERR,ERR,ERR,ERR,ERR,ERR,ERR,ERR,ERR,ERR,ERR,ERR,ERR,ERR,ERR,ERR,ERR,ERR,ERR,ERR,ERR,ERR,ERR,ERR,ERR,ERR,ERR,ERR,ERR,ERR,ERR,ERR,ERR,ERR,ERR,ERR,ERR,0.0,-107615328.0,0.0,0.0,0.0,1.3936040501711995e+18,7.805,0.0,0,0,4,0,7300,-0.0,0,0.0,0.0,0.0,0.0,0.0,0,0,0,0,0.0,0,0,0,0,0,0,0,0,0,0,0,0,0,0,0,0,0,0,0,0,0,0,0,0,0,0,0,0,0,0,0,0,0,32,30,30,62,65476,0,300,0,0,8,21553,0.0,-107605600.0,0.0,0.0,0.0,0.0,0.0,0.0,0.0,0.0,0.0,0.0,0.0,0.0,0.0,0.0,0.0,0.0,0.0,0.0,0.0,0.0,2.004,0.0,-0.0,-2.004,0.0,0.0,0.0,0.0,5477.0,2.422992227987924e+24,6957.0,0.0,-107615328.0,-107615280.0,-0.0,0.0,0.0,0.0,0.0,63,152018387730432.0,2.7184208335248517e+23,0.0,0.0,0.0,0.0,0.0,0.0,0.0,0,0,0,0.0,0.0,0.0,0.0,0.0,0.0,0.0,0.0,0.0,0.0,0.0,0.0,0.0,0.0,0.0,0.0,0,-107875648.0,63,0.0,126,2.7184242562605685e+23,-0.0,ERR,ERR,ERR,ERR,ERR,ERR,ERR,ERR,ERR,ERR,ERR,ERR,ERR,ERR,ERR,ERR,ERR,ERR,ERR,ERR,ERR,ERR,ERR,ERR,ERR,ERR,ERR,ERR,ERR,ERR,ERR,ERR,ERR,ERR,ERR,ERR,ERR,ERR,ERR,ERR,ERR,ERR,ERR,ERR,ERR,ERR,ERR,ERR,ERR,ERR,ERR,ERR,ERR,ERR,ERR,ERR,ERR,ERR,ERR,ERR,ERR,ERR,ERR,ERR,ERR,ERR,ERR,34.0,80.0,35,0.0,0.0,0.0,0.0,0.0,0.0,0.0,0.0,0.0,0.0,0.0,0.0,0.0,0.0,0.0,0.0,64.4,0,116,56,50,65476,0,300,0,0,8,20529,65476,0,0,57672,80.0,0.0,0.0,0.0,0.0,0.0
2026-06-17T04:25:22,ERR,ERR,ERR,ERR,ERR,ERR,ERR,ERR,ERR,ERR,ERR,ERR,ERR,ERR,ERR,ERR,ERR,ERR,ERR,ERR,ERR,ERR,ERR,ERR,ERR,ERR,ERR,ERR,ERR,ERR,ERR,ERR,ERR,ERR,ERR,ERR,ERR,ERR,ERR,ERR,ERR,ERR,ERR,ERR,ERR,ERR,ERR,ERR,ERR,ERR,ERR,ERR,ERR,ERR,ERR,ERR,ERR,ERR,ERR,ERR,ERR,ERR,ERR,ERR,ERR,ERR,ERR,ERR,ERR,ERR,ERR,ERR,ERR,ERR,ERR,ERR,ERR,ERR,ERR,ERR,ERR,ERR,ERR,ERR,ERR,ERR,ERR,ERR,ERR,ERR,ERR,ERR,ERR,ERR,ERR,ERR,ERR,ERR,ERR,ERR,ERR,ERR,ERR,ERR,ERR,ERR,ERR,ERR,ERR,ERR,ERR,ERR,ERR,ERR,ERR,ERR,ERR,ERR,ERR,ERR,ERR,ERR,ERR,ERR,ERR,0.0,-107615328.0,0.0,0.0,0.0,1.3936040501711995e+18,7.805,0.0,0,0,4,0,7300,-0.0,0,0.0,0.0,0.0,0.0,0.0,0,0,0,0,0.0,0,0,0,0,0,0,0,0,0,0,0,0,0,0,0,0,0,0,0,0,0,0,0,0,0,0,0,0,0,0,0,0,0,32,30,30,62,65476,0,300,0,0,8,21553,0.0,-107605600.0,0.0,0.0,0.0,0.0,0.0,0.0,0.0,0.0,0.0,0.0,0.0,0.0,0.0,0.0,0.0,0.0,0.0,0.0,0.0,0.0,2.004,0.0,-0.0,-2.004,0.0,0.0,0.0,0.0,5477.0,2.422992227987924e+24,6957.0,0.0,-107615328.0,-107615280.0,-0.0,0.0,0.0,0.0,0.0,63,152018387730432.0,2.7184208335248517e+23,0.0,0.0,0.0,0.0,0.0,0.0,0.0,0,0,0,0.0,0.0,0.0,0.0,0.0,0.0,0.0,0.0,0.0,0.0,0.0,0.0,0.0,0.0,0.0,0.0,0,-107875648.0,63,0.0,126,2.7184242562605685e+23,-0.0,ERR,ERR,ERR,ERR,ERR,ERR,ERR,ERR,ERR,ERR,ERR,ERR,ERR,ERR,ERR,ERR,ERR,ERR,ERR,ERR,ERR,ERR,ERR,ERR,ERR,ERR,ERR,ERR,ERR,ERR,ERR,ERR,ERR,ERR,ERR,ERR,ERR,ERR,ERR,ERR,ERR,ERR,ERR,ERR,ERR,ERR,ERR,ERR,ERR,ERR,ERR,ERR,ERR,ERR,ERR,ERR,ERR,ERR,ERR,ERR,ERR,ERR,ERR,ERR,ERR,ERR,ERR,34.0,80.0,35,0.0,0.0,0.0,0.0,0.0,0.0,0.0,0.0,0.0,0.0,0.0,0.0,0.0,0.0,0.0,0.0,64.4,0,116,56,50,65476,0,300,0,0,8,20529,65476,0,0,57672,80.0,0.0,0.0,0.0,0.0,0.0
2026-06-17T04:25:23,ERR,ERR,ERR,ERR,ERR,ERR,ERR,ERR,ERR,ERR,ERR,ERR,ERR,ERR,ERR,ERR,ERR,ERR,ERR,ERR,ERR,ERR,ERR,ERR,ERR,ERR,ERR,ERR,ERR,ERR,ERR,ERR,ERR,ERR,ERR,ERR,ERR,ERR,ERR,ERR,ERR,ERR,ERR,ERR,ERR,ERR,ERR,ERR,ERR,ERR,ERR,ERR,ERR,ERR,ERR,ERR,ERR,ERR,ERR,ERR,ERR,ERR,ERR,ERR,ERR,ERR,ERR,ERR,ERR,ERR,ERR,ERR,ERR,ERR,ERR,ERR,ERR,ERR,ERR,ERR,ERR,ERR,ERR,ERR,ERR,ERR,ERR,ERR,ERR,ERR,ERR,ERR,ERR,ERR,ERR,ERR,ERR,ERR,ERR,ERR,ERR,ERR,ERR,ERR,ERR,ERR,ERR,ERR,ERR,ERR,ERR,ERR,ERR,ERR,ERR,ERR,ERR,ERR,ERR,ERR,ERR,ERR,ERR,ERR,ERR,0.0,-107615328.0,0.0,0.0,0.0,1.3936040501711995e+18,7.805,0.0,0,0,4,0,7300,-0.0,0,0.0,0.0,0.0,0.0,0.0,0,0,0,0,0.0,0,0,0,0,0,0,0,0,0,0,0,0,0,0,0,0,0,0,0,0,0,0,0,0,0,0,0,0,0,0,0,0,0,32,30,30,62,65476,0,300,0,0,8,21553,0.0,-107605600.0,0.0,0.0,0.0,0.0,0.0,0.0,0.0,0.0,0.0,0.0,0.0,0.0,0.0,0.0,0.0,0.0,0.0,0.0,0.0,0.0,2.004,0.0,-0.0,-2.004,0.0,0.0,0.0,0.0,5475.0,3.697192730694464e+19,6956.0,0.0,-107615328.0,-107615280.0,-0.0,0.0,0.0,0.0,0.0,63,107615312.0,1.9056891869423206e+17,0.0,0.0,0.0,0.0,0.0,0.0,0.0,0,0,0,0.0,0.0,0.0,0.0,0.0,0.0,0.0,0.0,0.0,0.0,0.0,0.0,0.0,0.0,0.0,0.0,0,-107875648.0,63,0.0,126,2.7184242562605685e+23,-0.0,ERR,ERR,ERR,ERR,ERR,ERR,ERR,ERR,ERR,ERR,ERR,ERR,ERR,ERR,ERR,ERR,ERR,ERR,ERR,ERR,ERR,ERR,ERR,ERR,ERR,ERR,ERR,ERR,ERR,ERR,ERR,ERR,ERR,ERR,ERR,ERR,ERR,ERR,ERR,ERR,ERR,ERR,ERR,ERR,ERR,ERR,ERR,ERR,ERR,ERR,ERR,ERR,ERR,ERR,ERR,ERR,ERR,ERR,ERR,ERR,ERR,ERR,ERR,ERR,ERR,ERR,ERR,34.0,80.0,35,0.0,0.0,0.0,0.0,0.0,0.0,0.0,0.0,0.0,0.0,0.0,0.0,0.0,0.0,0.0,0.0,64.4,0,116,56,50,65476,0,300,0,0,8,20529,65476,0,0,57672,80.0,0.0,0.0,0.0,0.0,0.0
2026-06-17T04:25:24,ERR,ERR,ERR,ERR,ERR,ERR,ERR,ERR,ERR,ERR,ERR,ERR,ERR,ERR,ERR,ERR,ERR,ERR,ERR,ERR,ERR,ERR,ERR,ERR,ERR,ERR,ERR,ERR,ERR,ERR,ERR,ERR,ERR,ERR,ERR,ERR,ERR,ERR,ERR,ERR,ERR,ERR,ERR,ERR,ERR,ERR,ERR,ERR,ERR,ERR,ERR,ERR,ERR,ERR,ERR,ERR,ERR,ERR,ERR,ERR,ERR,ERR,ERR,ERR,ERR,ERR,ERR,ERR,ERR,ERR,ERR,ERR,ERR,ERR,ERR,ERR,ERR,ERR,ERR,ERR,ERR,ERR,ERR,ERR,ERR,ERR,ERR,ERR,ERR,ERR,ERR,ERR,ERR,ERR,ERR,ERR,ERR,ERR,ERR,ERR,ERR,ERR,ERR,ERR,ERR,ERR,ERR,ERR,ERR,ERR,ERR,ERR,ERR,ERR,ERR,ERR,ERR,ERR,ERR,ERR,ERR,ERR,ERR,ERR,ERR,0.0,-107615328.0,0.0,0.0,0.0,1.3936040501711995e+18,7.805,0.0,0,0,4,0,7300,-0.0,0,0.0,0.0,0.0,0.0,0.0,0,0,0,0,0.0,0,0,0,0,0,0,0,0,0,0,0,0,0,0,0,0,0,0,0,0,0,0,0,0,0,0,0,0,0,0,0,0,0,32,30,30,62,65476,0,300,0,0,8,21553,0.0,-107605600.0,0.0,0.0,0.0,0.0,0.0,0.0,0.0,0.0,0.0,0.0,0.0,0.0,0.0,0.0,0.0,0.0,0.0,0.0,0.0,0.0,2.004,0.0,-0.0,-2.004,0.0,0.0,0.0,0.0,5475.0,3.697192730694464e+19,6956.0,0.0,-107615328.0,-107615280.0,-0.0,0.0,0.0,0.0,0.0,63,107615312.0,1.9056891869423206e+17,0.0,0.0,0.0,0.0,0.0,0.0,0.0,0,0,0,0.0,0.0,0.0,0.0,0.0,0.0,0.0,0.0,0.0,0.0,0.0,0.0,0.0,0.0,0.0,0.0,0,-107875648.0,63,0.0,126,2.7184242562605685e+23,-0.0,ERR,ERR,ERR,ERR,ERR,ERR,ERR,ERR,ERR,ERR,ERR,ERR,ERR,ERR,ERR,ERR,ERR,ERR,ERR,ERR,ERR,ERR,ERR,ERR,ERR,ERR,ERR,ERR,ERR,ERR,ERR,ERR,ERR,ERR,ERR,ERR,ERR,ERR,ERR,ERR,ERR,ERR,ERR,ERR,ERR,ERR,ERR,ERR,ERR,ERR,ERR,ERR,ERR,ERR,ERR,ERR,ERR,ERR,ERR,ERR,ERR,ERR,ERR,ERR,ERR,ERR,ERR,34.0,80.0,35,0.0,0.0,0.0,0.0,0.0,0.0,0.0,0.0,0.0,0.0,0.0,0.0,0.0,0.0,0.0,0.0,64.4,0,116,56,50,65476,0,300,0,0,8,20529,65476,0,0,57672,80.0,0.0,0.0,0.0,0.0,0.0
2026-06-17T04:25:25,ERR,ERR,ERR,ERR,ERR,ERR,ERR,ERR,ERR,ERR,ERR,ERR,ERR,ERR,ERR,ERR,ERR,ERR,ERR,ERR,ERR,ERR,ERR,ERR,ERR,ERR,ERR,ERR,ERR,ERR,ERR,ERR,ERR,ERR,ERR,ERR,ERR,ERR,ERR,ERR,ERR,ERR,ERR,ERR,ERR,ERR,ERR,ERR,ERR,ERR,ERR,ERR,ERR,ERR,ERR,ERR,ERR,ERR,ERR,ERR,ERR,ERR,ERR,ERR,ERR,ERR,ERR,ERR,ERR,ERR,ERR,ERR,ERR,ERR,ERR,ERR,ERR,ERR,ERR,ERR,ERR,ERR,ERR,ERR,ERR,ERR,ERR,ERR,ERR,ERR,ERR,ERR,ERR,ERR,ERR,ERR,ERR,ERR,ERR,ERR,ERR,ERR,ERR,ERR,ERR,ERR,ERR,ERR,ERR,ERR,ERR,ERR,ERR,ERR,ERR,ERR,ERR,ERR,ERR,ERR,ERR,ERR,ERR,ERR,ERR,0.0,-107615328.0,0.0,0.0,0.0,1.3936040501711995e+18,7.805,0.0,0,0,4,0,7300,-0.0,0,0.0,0.0,0.0,0.0,0.0,0,0,0,0,0.0,0,0,0,0,0,0,0,0,0,0,0,0,0,0,0,0,0,0,0,0,0,0,0,0,0,0,0,0,0,0,0,0,0,32,30,30,62,65476,0,300,0,0,8,21553,0.0,-107605600.0,0.0,0.0,0.0,0.0,0.0,0.0,0.0,0.0,0.0,0.0,0.0,0.0,0.0,0.0,0.0,0.0,0.0,0.0,0.0,0.0,2.004,0.0,-0.0,-2.004,0.0,0.0,0.0,0.0,5475.0,3.697192730694464e+19,6956.0,0.0,-107615328.0,-107615280.0,-0.0,0.0,0.0,0.0,0.0,63,107615312.0,1.9056891869423206e+17,0.0,0.0,0.0,0.0,0.0,0.0,0.0,0,0,0,0.0,0.0,0.0,0.0,0.0,0.0,0.0,0.0,0.0,0.0,0.0,0.0,0.0,0.0,0.0,0.0,0,-107875648.0,63,0.0,126,2.7184242562605685e+23,-0.0,ERR,ERR,ERR,ERR,ERR,ERR,ERR,ERR,ERR,ERR,ERR,ERR,ERR,ERR,ERR,ERR,ERR,ERR,ERR,ERR,ERR,ERR,ERR,ERR,ERR,ERR,ERR,ERR,ERR,ERR,ERR,ERR,ERR,ERR,ERR,ERR,ERR,ERR,ERR,ERR,ERR,ERR,ERR,ERR,ERR,ERR,ERR,ERR,ERR,ERR,ERR,ERR,ERR,ERR,ERR,ERR,ERR,ERR,ERR,ERR,ERR,ERR,ERR,ERR,ERR,ERR,ERR,34.0,80.0,35,0.0,0.0,0.0,0.0,0.0,0.0,0.0,0.0,0.0,0.0,0.0,0.0,0.0,0.0,0.0,0.0,64.4,0,116,56,50,65476,0,300,0,0,8,20529,65476,0,0,57672,80.0,0.0,0.0,0.0,0.0,0.0
2026-06-17T04:25:26,ERR,ERR,ERR,ERR,ERR,ERR,ERR,ERR,ERR,ERR,ERR,ERR,ERR,ERR,ERR,ERR,ERR,ERR,ERR,ERR,ERR,ERR,ERR,ERR,ERR,ERR,ERR,ERR,ERR,ERR,ERR,ERR,ERR,ERR,ERR,ERR,ERR,ERR,ERR,ERR,ERR,ERR,ERR,ERR,ERR,ERR,ERR,ERR,ERR,ERR,ERR,ERR,ERR,ERR,ERR,ERR,ERR,ERR,ERR,ERR,ERR,ERR,ERR,ERR,ERR,ERR,ERR,ERR,ERR,ERR,ERR,ERR,ERR,ERR,ERR,ERR,ERR,ERR,ERR,ERR,ERR,ERR,ERR,ERR,ERR,ERR,ERR,ERR,ERR,ERR,ERR,ERR,ERR,ERR,ERR,ERR,ERR,ERR,ERR,ERR,ERR,ERR,ERR,ERR,ERR,ERR,ERR,ERR,ERR,ERR,ERR,ERR,ERR,ERR,ERR,ERR,ERR,ERR,ERR,ERR,ERR,ERR,ERR,ERR,ERR,0.0,-107615328.0,0.0,0.0,0.0,1.3936040501711995e+18,7.805,0.0,0,0,4,0,7300,-0.0,0,0.0,0.0,0.0,0.0,0.0,0,0,0,0,0.0,0,0,0,0,0,0,0,0,0,0,0,0,0,0,0,0,0,0,0,0,0,0,0,0,0,0,0,0,0,0,0,0,0,32,30,30,62,65476,0,300,0,0,8,21553,0.0,-107605600.0,0.0,0.0,0.0,0.0,0.0,0.0,0.0,0.0,0.0,0.0,0.0,0.0,0.0,0.0,0.0,0.0,0.0,0.0,0.0,0.0,2.004,0.0,-0.0,-2.004,0.0,0.0,0.0,0.0,5475.0,3.697192730694464e+19,6956.0,0.0,-107615328.0,-107615280.0,-0.0,0.0,0.0,0.0,0.0,63,107615312.0,1.9056891869423206e+17,0.0,0.0,0.0,0.0,0.0,0.0,0.0,0,0,0,0.0,0.0,0.0,0.0,0.0,0.0,0.0,0.0,0.0,0.0,0.0,0.0,0.0,0.0,0.0,0.0,0,-107875648.0,63,0.0,126,2.7184242562605685e+23,-0.0,ERR,ERR,ERR,ERR,ERR,ERR,ERR,ERR,ERR,ERR,ERR,ERR,ERR,ERR,ERR,ERR,ERR,ERR,ERR,ERR,ERR,ERR,ERR,ERR,ERR,ERR,ERR,ERR,ERR,ERR,ERR,ERR,ERR,ERR,ERR,ERR,ERR,ERR,ERR,ERR,ERR,ERR,ERR,ERR,ERR,ERR,ERR,ERR,ERR,ERR,ERR,ERR,ERR,ERR,ERR,ERR,ERR,ERR,ERR,ERR,ERR,ERR,ERR,ERR,ERR,ERR,ERR,34.0,80.0,35,0.0,0.0,0.0,0.0,0.0,0.0,0.0,0.0,0.0,0.0,0.0,0.0,0.0,0.0,0.0,0.0,64.4,0,116,56,50,65476,0,300,0,0,8,20529,65476,0,0,57672,80.0,0.0,0.0,0.0,0.0,0.0
2026-06-17T04:25:27,ERR,ERR,ERR,ERR,ERR,ERR,ERR,ERR,ERR,ERR,ERR,ERR,ERR,ERR,ERR,ERR,ERR,ERR,ERR,ERR,ERR,ERR,ERR,ERR,ERR,ERR,ERR,ERR,ERR,ERR,ERR,ERR,ERR,ERR,ERR,ERR,ERR,ERR,ERR,ERR,ERR,ERR,ERR,ERR,ERR,ERR,ERR,ERR,ERR,ERR,ERR,ERR,ERR,ERR,ERR,ERR,ERR,ERR,ERR,ERR,ERR,ERR,ERR,ERR,ERR,ERR,ERR,ERR,ERR,ERR,ERR,ERR,ERR,ERR,ERR,ERR,ERR,ERR,ERR,ERR,ERR,ERR,ERR,ERR,ERR,ERR,ERR,ERR,ERR,ERR,ERR,ERR,ERR,ERR,ERR,ERR,ERR,ERR,ERR,ERR,ERR,ERR,ERR,ERR,ERR,ERR,ERR,ERR,ERR,ERR,ERR,ERR,ERR,ERR,ERR,ERR,ERR,ERR,ERR,ERR,ERR,ERR,ERR,ERR,ERR,0.0,-107615328.0,0.0,0.0,0.0,1.3936040501711995e+18,7.805,0.0,0,0,4,0,7300,-0.0,0,0.0,0.0,0.0,0.0,0.0,0,0,0,0,0.0,0,0,0,0,0,0,0,0,0,0,0,0,0,0,0,0,0,0,0,0,0,0,0,0,0,0,0,0,0,0,0,0,0,32,30,30,62,65476,0,300,0,0,8,21553,0.0,-107605600.0,0.0,0.0,0.0,0.0,0.0,0.0,0.0,0.0,0.0,0.0,0.0,0.0,0.0,0.0,0.0,0.0,0.0,0.0,0.0,0.0,2.004,0.0,-0.0,-2.004,0.0,0.0,0.0,0.0,5475.0,3.697192730694464e+19,6956.0,0.0,-107615328.0,-107615280.0,-0.0,0.0,0.0,0.0,0.0,63,107615312.0,1.9056891869423206e+17,0.0,0.0,0.0,0.0,0.0,0.0,0.0,0,0,0,0.0,0.0,0.0,0.0,0.0,0.0,0.0,0.0,0.0,0.0,0.0,0.0,0.0,0.0,0.0,0.0,0,-107875648.0,63,0.0,126,2.7184242562605685e+23,-0.0,ERR,ERR,ERR,ERR,ERR,ERR,ERR,ERR,ERR,ERR,ERR,ERR,ERR,ERR,ERR,ERR,ERR,ERR,ERR,ERR,ERR,ERR,ERR,ERR,ERR,ERR,ERR,ERR,ERR,ERR,ERR,ERR,ERR,ERR,ERR,ERR,ERR,ERR,ERR,ERR,ERR,ERR,ERR,ERR,ERR,ERR,ERR,ERR,ERR,ERR,ERR,ERR,ERR,ERR,ERR,ERR,ERR,ERR,ERR,ERR,ERR,ERR,ERR,ERR,ERR,ERR,ERR,34.0,80.0,35,0.0,0.0,0.0,0.0,0.0,0.0,0.0,0.0,0.0,0.0,0.0,0.0,0.0,0.0,0.0,0.0,64.4,0,116,56,50,65476,0,300,0,0,8,20529,65476,0,0,57672,80.0,0.0,0.0,0.0,0.0,0.0
2026-06-17T04:25:28,ERR,ERR,ERR,ERR,ERR,ERR,ERR,ERR,ERR,ERR,ERR,ERR,ERR,ERR,ERR,ERR,ERR,ERR,ERR,ERR,ERR,ERR,ERR,ERR,ERR,ERR,ERR,ERR,ERR,ERR,ERR,ERR,ERR,ERR,ERR,ERR,ERR,ERR,ERR,ERR,ERR,ERR,ERR,ERR,ERR,ERR,ERR,ERR,ERR,ERR,ERR,ERR,ERR,ERR,ERR,ERR,ERR,ERR,ERR,ERR,ERR,ERR,ERR,ERR,ERR,ERR,ERR,ERR,ERR,ERR,ERR,ERR,ERR,ERR,ERR,ERR,ERR,ERR,ERR,ERR,ERR,ERR,ERR,ERR,ERR,ERR,ERR,ERR,ERR,ERR,ERR,ERR,ERR,ERR,ERR,ERR,ERR,ERR,ERR,ERR,ERR,ERR,ERR,ERR,ERR,ERR,ERR,ERR,ERR,ERR,ERR,ERR,ERR,ERR,ERR,ERR,ERR,ERR,ERR,ERR,ERR,ERR,ERR,ERR,ERR,0.0,-107615328.0,0.0,0.0,0.0,1.3936040501711995e+18,7.805,0.0,0,0,4,0,7300,-0.0,0,0.0,0.0,0.0,0.0,0.0,0,0,0,0,0.0,0,0,0,0,0,0,0,0,0,0,0,0,0,0,0,0,0,0,0,0,0,0,0,0,0,0,0,0,0,0,0,0,0,32,30,30,62,65476,0,300,0,0,8,21553,0.0,-107605600.0,0.0,0.0,0.0,0.0,0.0,0.0,0.0,0.0,0.0,0.0,0.0,0.0,0.0,0.0,0.0,0.0,0.0,0.0,0.0,0.0,2.004,0.0,-0.0,-2.004,0.0,0.0,0.0,0.0,5475.0,3.697192730694464e+19,6956.0,0.0,-107615328.0,-107615280.0,-0.0,0.0,0.0,0.0,0.0,63,107615312.0,1.9056891869423206e+17,0.0,0.0,0.0,0.0,0.0,0.0,0.0,0,0,0,0.0,0.0,0.0,0.0,0.0,0.0,0.0,0.0,0.0,0.0,0.0,0.0,0.0,0.0,0.0,0.0,0,-107875648.0,63,0.0,126,2.7184242562605685e+23,-0.0,ERR,ERR,ERR,ERR,ERR,ERR,ERR,ERR,ERR,ERR,ERR,ERR,ERR,ERR,ERR,ERR,ERR,ERR,ERR,ERR,ERR,ERR,ERR,ERR,ERR,ERR,ERR,ERR,ERR,ERR,ERR,ERR,ERR,ERR,ERR,ERR,ERR,ERR,ERR,ERR,ERR,ERR,ERR,ERR,ERR,ERR,ERR,ERR,ERR,ERR,ERR,ERR,ERR,ERR,ERR,ERR,ERR,ERR,ERR,ERR,ERR,ERR,ERR,ERR,ERR,ERR,ERR,34.0,80.0,35,0.0,0.0,0.0,0.0,0.0,0.0,0.0,0.0,0.0,0.0,0.0,0.0,0.0,0.0,0.0,0.0,64.4,0,116,56,50,65476,0,300,0,0,8,20529,65476,0,0,57672,80.0,0.0,0.0,0.0,0.0,0.0
2026-06-17T04:25:29,ERR,ERR,ERR,ERR,ERR,ERR,ERR,ERR,ERR,ERR,ERR,ERR,ERR,ERR,ERR,ERR,ERR,ERR,ERR,ERR,ERR,ERR,ERR,ERR,ERR,ERR,ERR,ERR,ERR,ERR,ERR,ERR,ERR,ERR,ERR,ERR,ERR,ERR,ERR,ERR,ERR,ERR,ERR,ERR,ERR,ERR,ERR,ERR,ERR,ERR,ERR,ERR,ERR,ERR,ERR,ERR,ERR,ERR,ERR,ERR,ERR,ERR,ERR,ERR,ERR,ERR,ERR,ERR,ERR,ERR,ERR,ERR,ERR,ERR,ERR,ERR,ERR,ERR,ERR,ERR,ERR,ERR,ERR,ERR,ERR,ERR,ERR,ERR,ERR,ERR,ERR,ERR,ERR,ERR,ERR,ERR,ERR,ERR,ERR,ERR,ERR,ERR,ERR,ERR,ERR,ERR,ERR,ERR,ERR,ERR,ERR,ERR,ERR,ERR,ERR,ERR,ERR,ERR,ERR,ERR,ERR,ERR,ERR,ERR,ERR,0.0,-107615328.0,0.0,0.0,0.0,1.3936040501711995e+18,7.805,0.0,0,0,4,0,7300,-0.0,0,0.0,0.0,0.0,0.0,0.0,0,0,0,0,0.0,0,0,0,0,0,0,0,0,0,0,0,0,0,0,0,0,0,0,0,0,0,0,0,0,0,0,0,0,0,0,0,0,0,32,30,30,62,65476,0,300,0,0,8,21553,0.0,-107605600.0,0.0,0.0,0.0,0.0,0.0,0.0,0.0,0.0,0.0,0.0,0.0,0.0,0.0,0.0,0.0,0.0,0.0,0.0,0.0,0.0,2.004,0.0,-0.0,-2.004,0.0,0.0,0.0,0.0,5480.0,564146840010752.0,6955.0,0.0,0.0,-107615280.0,-0.0,0.0,0.0,0.0,0.0,63,2.718429300292151e+23,126840692736.0,0.0,0.0,0.0,0.0,0.0,0.0,0.0,0,0,0,0.0,0.0,0.0,0.0,0.0,0.0,0.0,0.0,0.0,0.0,0.0,0.0,0.0,0.0,0.0,0.0,0,-107875648.0,63,0.0,126,2.7184242562605685e+23,-0.0,ERR,ERR,ERR,ERR,ERR,ERR,ERR,ERR,ERR,ERR,ERR,ERR,ERR,ERR,ERR,ERR,ERR,ERR,ERR,ERR,ERR,ERR,ERR,ERR,ERR,ERR,ERR,ERR,ERR,ERR,ERR,ERR,ERR,ERR,ERR,ERR,ERR,ERR,ERR,ERR,ERR,ERR,ERR,ERR,ERR,ERR,ERR,ERR,ERR,ERR,ERR,ERR,ERR,ERR,ERR,ERR,ERR,ERR,ERR,ERR,ERR,ERR,ERR,ERR,ERR,ERR,ERR,34.0,80.0,35,0.0,0.0,0.0,0.0,0.0,0.0,0.0,0.0,0.0,0.0,0.0,0.0,0.0,0.0,0.0,0.0,64.4,0,116,56,50,65476,0,300,0,0,8,20529,65476,0,0,57672,80.0,0.0,0.0,0.0,0.0,0.0
2026-06-17T04:25:30,ERR,ERR,ERR,ERR,ERR,ERR,ERR,ERR,ERR,ERR,ERR,ERR,ERR,ERR,ERR,ERR,ERR,ERR,ERR,ERR,ERR,ERR,ERR,ERR,ERR,ERR,ERR,ERR,ERR,ERR,ERR,ERR,ERR,ERR,ERR,ERR,ERR,ERR,ERR,ERR,ERR,ERR,ERR,ERR,ERR,ERR,ERR,ERR,ERR,ERR,ERR,ERR,ERR,ERR,ERR,ERR,ERR,ERR,ERR,ERR,ERR,ERR,ERR,ERR,ERR,ERR,ERR,ERR,ERR,ERR,ERR,ERR,ERR,ERR,ERR,ERR,ERR,ERR,ERR,ERR,ERR,ERR,ERR,ERR,ERR,ERR,ERR,ERR,ERR,ERR,ERR,ERR,ERR,ERR,ERR,ERR,ERR,ERR,ERR,ERR,ERR,ERR,ERR,ERR,ERR,ERR,ERR,ERR,ERR,ERR,ERR,ERR,ERR,ERR,ERR,ERR,ERR,ERR,ERR,ERR,ERR,ERR,ERR,ERR,ERR,0.0,-107615328.0,0.0,0.0,0.0,1.3936040501711995e+18,7.805,0.0,0,0,4,0,7300,-0.0,0,0.0,0.0,0.0,0.0,0.0,0,0,0,0,0.0,0,0,0,0,0,0,0,0,0,0,0,0,0,0,0,0,0,0,0,0,0,0,0,0,0,0,0,0,0,0,0,0,0,32,30,30,62,65476,0,300,0,0,8,21553,0.0,-107605600.0,0.0,0.0,0.0,0.0,0.0,0.0,0.0,0.0,0.0,0.0,0.0,0.0,0.0,0.0,0.0,0.0,0.0,0.0,0.0,0.0,2.004,0.0,-0.0,-2.004,0.0,0.0,0.0,0.0,5480.0,564146840010752.0,6955.0,0.0,0.0,-107615280.0,-0.0,0.0,0.0,0.0,0.0,63,2.718429300292151e+23,126840692736.0,0.0,0.0,0.0,0.0,0.0,0.0,0.0,0,0,0,0.0,0.0,0.0,0.0,0.0,0.0,0.0,0.0,0.0,0.0,0.0,0.0,0.0,0.0,0.0,0.0,0,-107875648.0,63,0.0,126,2.7184242562605685e+23,-0.0,ERR,ERR,ERR,ERR,ERR,ERR,ERR,ERR,ERR,ERR,ERR,ERR,ERR,ERR,ERR,ERR,ERR,ERR,ERR,ERR,ERR,ERR,ERR,ERR,ERR,ERR,ERR,ERR,ERR,ERR,ERR,ERR,ERR,ERR,ERR,ERR,ERR,ERR,ERR,ERR,ERR,ERR,ERR,ERR,ERR,ERR,ERR,ERR,ERR,ERR,ERR,ERR,ERR,ERR,ERR,ERR,ERR,ERR,ERR,ERR,ERR,ERR,ERR,ERR,ERR,ERR,ERR,34.0,80.0,35,0.0,0.0,0.0,0.0,0.0,0.0,0.0,0.0,0.0,0.0,0.0,0.0,0.0,0.0,0.0,0.0,64.4,0,116,56,50,65476,0,300,0,0,8,20529,65476,0,0,57672,80.0,0.0,0.0,0.0,0.0,0.0
2026-06-17T04:25:31,ERR,ERR,ERR,ERR,ERR,ERR,ERR,ERR,ERR,ERR,ERR,ERR,ERR,ERR,ERR,ERR,ERR,ERR,ERR,ERR,ERR,ERR,ERR,ERR,ERR,ERR,ERR,ERR,ERR,ERR,ERR,ERR,ERR,ERR,ERR,ERR,ERR,ERR,ERR,ERR,ERR,ERR,ERR,ERR,ERR,ERR,ERR,ERR,ERR,ERR,ERR,ERR,ERR,ERR,ERR,ERR,ERR,ERR,ERR,ERR,ERR,ERR,ERR,ERR,ERR,ERR,ERR,ERR,ERR,ERR,ERR,ERR,ERR,ERR,ERR,ERR,ERR,ERR,ERR,ERR,ERR,ERR,ERR,ERR,ERR,ERR,ERR,ERR,ERR,ERR,ERR,ERR,ERR,ERR,ERR,ERR,ERR,ERR,ERR,ERR,ERR,ERR,ERR,ERR,ERR,ERR,ERR,ERR,ERR,ERR,ERR,ERR,ERR,ERR,ERR,ERR,ERR,ERR,ERR,ERR,ERR,ERR,ERR,ERR,ERR,0.0,-107615328.0,0.0,0.0,0.0,1.3936040501711995e+18,7.805,0.0,0,0,4,0,7300,-0.0,0,0.0,0.0,0.0,0.0,0.0,0,0,0,0,0.0,0,0,0,0,0,0,0,0,0,0,0,0,0,0,0,0,0,0,0,0,0,0,0,0,0,0,0,0,0,0,0,0,0,32,30,30,62,65476,0,300,0,0,8,21553,0.0,-107605600.0,0.0,0.0,0.0,0.0,0.0,0.0,0.0,0.0,0.0,0.0,0.0,0.0,0.0,0.0,0.0,0.0,0.0,0.0,0.0,0.0,2.004,0.0,-0.0,-2.004,0.0,0.0,0.0,0.0,5480.0,564146840010752.0,6955.0,0.0,0.0,-107615280.0,-0.0,0.0,0.0,0.0,0.0,63,2.718429300292151e+23,126840692736.0,0.0,0.0,0.0,0.0,0.0,0.0,0.0,0,0,0,0.0,0.0,0.0,0.0,0.0,0.0,0.0,0.0,0.0,0.0,0.0,0.0,0.0,0.0,0.0,0.0,0,-107875648.0,63,0.0,126,2.7184242562605685e+23,-0.0,ERR,ERR,ERR,ERR,ERR,ERR,ERR,ERR,ERR,ERR,ERR,ERR,ERR,ERR,ERR,ERR,ERR,ERR,ERR,ERR,ERR,ERR,ERR,ERR,ERR,ERR,ERR,ERR,ERR,ERR,ERR,ERR,ERR,ERR,ERR,ERR,ERR,ERR,ERR,ERR,ERR,ERR,ERR,ERR,ERR,ERR,ERR,ERR,ERR,ERR,ERR,ERR,ERR,ERR,ERR,ERR,ERR,ERR,ERR,ERR,ERR,ERR,ERR,ERR,ERR,ERR,ERR,34.0,80.0,35,0.0,0.0,0.0,0.0,0.0,0.0,0.0,0.0,0.0,0.0,0.0,0.0,0.0,0.0,0.0,0.0,64.4,0,116,56,50,65476,0,300,0,0,8,20529,65476,0,0,57672,80.0,0.0,0.0,0.0,0.0,0.0
2026-06-17T04:25:32,ERR,ERR,ERR,ERR,ERR,ERR,ERR,ERR,ERR,ERR,ERR,ERR,ERR,ERR,ERR,ERR,ERR,ERR,ERR,ERR,ERR,ERR,ERR,ERR,ERR,ERR,ERR,ERR,ERR,ERR,ERR,ERR,ERR,ERR,ERR,ERR,ERR,ERR,ERR,ERR,ERR,ERR,ERR,ERR,ERR,ERR,ERR,ERR,ERR,ERR,ERR,ERR,ERR,ERR,ERR,ERR,ERR,ERR,ERR,ERR,ERR,ERR,ERR,ERR,ERR,ERR,ERR,ERR,ERR,ERR,ERR,ERR,ERR,ERR,ERR,ERR,ERR,ERR,ERR,ERR,ERR,ERR,ERR,ERR,ERR,ERR,ERR,ERR,ERR,ERR,ERR,ERR,ERR,ERR,ERR,ERR,ERR,ERR,ERR,ERR,ERR,ERR,ERR,ERR,ERR,ERR,ERR,ERR,ERR,ERR,ERR,ERR,ERR,ERR,ERR,ERR,ERR,ERR,ERR,ERR,ERR,ERR,ERR,ERR,ERR,0.0,-107615328.0,0.0,0.0,0.0,1.3936040501711995e+18,7.805,0.0,0,0,4,0,7300,-0.0,0,0.0,0.0,0.0,0.0,0.0,0,0,0,0,0.0,0,0,0,0,0,0,0,0,0,0,0,0,0,0,0,0,0,0,0,0,0,0,0,0,0,0,0,0,0,0,0,0,0,32,30,30,62,65476,0,300,0,0,8,21553,0.0,-107605600.0,0.0,0.0,0.0,0.0,0.0,0.0,0.0,0.0,0.0,0.0,0.0,0.0,0.0,0.0,0.0,0.0,0.0,0.0,0.0,0.0,2.004,0.0,-0.0,-2.004,0.0,0.0,0.0,0.0,5480.0,564146840010752.0,6955.0,0.0,0.0,-107615280.0,-0.0,0.0,0.0,0.0,0.0,63,2.718429300292151e+23,126840692736.0,0.0,0.0,0.0,0.0,0.0,0.0,0.0,0,0,0,0.0,0.0,0.0,0.0,0.0,0.0,0.0,0.0,0.0,0.0,0.0,0.0,0.0,0.0,0.0,0.0,0,-107875648.0,63,0.0,126,2.7184242562605685e+23,-0.0,ERR,ERR,ERR,ERR,ERR,ERR,ERR,ERR,ERR,ERR,ERR,ERR,ERR,ERR,ERR,ERR,ERR,ERR,ERR,ERR,ERR,ERR,ERR,ERR,ERR,ERR,ERR,ERR,ERR,ERR,ERR,ERR,ERR,ERR,ERR,ERR,ERR,ERR,ERR,ERR,ERR,ERR,ERR,ERR,ERR,ERR,ERR,ERR,ERR,ERR,ERR,ERR,ERR,ERR,ERR,ERR,ERR,ERR,ERR,ERR,ERR,ERR,ERR,ERR,ERR,ERR,ERR,34.0,80.0,35,0.0,0.0,0.0,0.0,0.0,0.0,0.0,0.0,0.0,0.0,0.0,0.0,0.0,0.0,0.0,0.0,64.4,0,116,56,50,65476,0,300,0,0,8,20529,65476,0,0,57672,80.0,0.0,0.0,0.0,0.0,0.0
2026-06-17T04:25:33,ERR,ERR,ERR,ERR,ERR,ERR,ERR,ERR,ERR,ERR,ERR,ERR,ERR,ERR,ERR,ERR,ERR,ERR,ERR,ERR,ERR,ERR,ERR,ERR,ERR,ERR,ERR,ERR,ERR,ERR,ERR,ERR,ERR,ERR,ERR,ERR,ERR,ERR,ERR,ERR,ERR,ERR,ERR,ERR,ERR,ERR,ERR,ERR,ERR,ERR,ERR,ERR,ERR,ERR,ERR,ERR,ERR,ERR,ERR,ERR,ERR,ERR,ERR,ERR,ERR,ERR,ERR,ERR,ERR,ERR,ERR,ERR,ERR,ERR,ERR,ERR,ERR,ERR,ERR,ERR,ERR,ERR,ERR,ERR,ERR,ERR,ERR,ERR,ERR,ERR,ERR,ERR,ERR,ERR,ERR,ERR,ERR,ERR,ERR,ERR,ERR,ERR,ERR,ERR,ERR,ERR,ERR,ERR,ERR,ERR,ERR,ERR,ERR,ERR,ERR,ERR,ERR,ERR,ERR,ERR,ERR,ERR,ERR,ERR,ERR,0.0,-107615328.0,0.0,0.0,0.0,1.3936040501711995e+18,7.805,0.0,0,0,4,0,7300,-0.0,0,0.0,0.0,0.0,0.0,0.0,0,0,0,0,0.0,0,0,0,0,0,0,0,0,0,0,0,0,0,0,0,0,0,0,0,0,0,0,0,0,0,0,0,0,0,0,0,0,0,32,30,30,62,65476,0,300,0,0,8,21553,0.0,-107605600.0,0.0,0.0,0.0,0.0,0.0,0.0,0.0,0.0,0.0,0.0,0.0,0.0,0.0,0.0,0.0,0.0,0.0,0.0,0.0,0.0,2.004,0.0,-0.0,-2.004,0.0,0.0,0.0,0.0,5480.0,564146840010752.0,6955.0,0.0,0.0,-107615280.0,-0.0,0.0,0.0,0.0,0.0,63,2.718429300292151e+23,126840692736.0,0.0,0.0,0.0,0.0,0.0,0.0,0.0,0,0,0,0.0,0.0,0.0,0.0,0.0,0.0,0.0,0.0,0.0,0.0,0.0,0.0,0.0,0.0,0.0,0.0,0,-107875648.0,63,0.0,126,2.7184242562605685e+23,-0.0,ERR,ERR,ERR,ERR,ERR,ERR,ERR,ERR,ERR,ERR,ERR,ERR,ERR,ERR,ERR,ERR,ERR,ERR,ERR,ERR,ERR,ERR,ERR,ERR,ERR,ERR,ERR,ERR,ERR,ERR,ERR,ERR,ERR,ERR,ERR,ERR,ERR,ERR,ERR,ERR,ERR,ERR,ERR,ERR,ERR,ERR,ERR,ERR,ERR,ERR,ERR,ERR,ERR,ERR,ERR,ERR,ERR,ERR,ERR,ERR,ERR,ERR,ERR,ERR,ERR,ERR,ERR,34.0,80.0,35,0.0,0.0,0.0,0.0,0.0,0.0,0.0,0.0,0.0,0.0,0.0,0.0,0.0,0.0,0.0,0.0,64.4,0,116,56,50,65476,0,300,0,0,8,20529,65476,0,0,57672,80.0,0.0,0.0,0.0,0.0,0.0
2026-06-17T04:25:34,ERR,ERR,ERR,ERR,ERR,ERR,ERR,ERR,ERR,ERR,ERR,ERR,ERR,ERR,ERR,ERR,ERR,ERR,ERR,ERR,ERR,ERR,ERR,ERR,ERR,ERR,ERR,ERR,ERR,ERR,ERR,ERR,ERR,ERR,ERR,ERR,ERR,ERR,ERR,ERR,ERR,ERR,ERR,ERR,ERR,ERR,ERR,ERR,ERR,ERR,ERR,ERR,ERR,ERR,ERR,ERR,ERR,ERR,ERR,ERR,ERR,ERR,ERR,ERR,ERR,ERR,ERR,ERR,ERR,ERR,ERR,ERR,ERR,ERR,ERR,ERR,ERR,ERR,ERR,ERR,ERR,ERR,ERR,ERR,ERR,ERR,ERR,ERR,ERR,ERR,ERR,ERR,ERR,ERR,ERR,ERR,ERR,ERR,ERR,ERR,ERR,ERR,ERR,ERR,ERR,ERR,ERR,ERR,ERR,ERR,ERR,ERR,ERR,ERR,ERR,ERR,ERR,ERR,ERR,ERR,ERR,ERR,ERR,ERR,ERR,0.0,-107615328.0,0.0,0.0,0.0,1.3936040501711995e+18,7.805,0.0,0,0,4,0,7300,-0.0,0,0.0,0.0,0.0,0.0,0.0,0,0,0,0,0.0,0,0,0,0,0,0,0,0,0,0,0,0,0,0,0,0,0,0,0,0,0,0,0,0,0,0,0,0,0,0,0,0,0,32,30,30,62,65476,0,300,0,0,8,21553,0.0,-107605600.0,0.0,0.0,0.0,0.0,0.0,0.0,0.0,0.0,0.0,0.0,0.0,0.0,0.0,0.0,0.0,0.0,0.0,0.0,0.0,0.0,2.004,0.0,-0.0,-2.004,0.0,0.0,0.0,0.0,5480.0,0.0,6945.0,0.0,-107615328.0,-107615280.0,-0.0,0.0,0.0,0.0,0.0,63,2.718429300292151e+23,-3.222009408071634e+26,0.0,0.0,0.0,0.0,0.0,0.0,0.0,0,0,0,0.0,0.0,0.0,0.0,0.0,0.0,0.0,0.0,0.0,0.0,0.0,0.0,0.0,0.0,0.0,0.0,0,-107875648.0,63,0.0,126,2.7184242562605685e+23,-0.0,ERR,ERR,ERR,ERR,ERR,ERR,ERR,ERR,ERR,ERR,ERR,ERR,ERR,ERR,ERR,ERR,ERR,ERR,ERR,ERR,ERR,ERR,ERR,ERR,ERR,ERR,ERR,ERR,ERR,ERR,ERR,ERR,ERR,ERR,ERR,ERR,ERR,ERR,ERR,ERR,ERR,ERR,ERR,ERR,ERR,ERR,ERR,ERR,ERR,ERR,ERR,ERR,ERR,ERR,ERR,ERR,ERR,ERR,ERR,ERR,ERR,ERR,ERR,ERR,ERR,ERR,ERR,34.0,80.0,35,0.0,0.0,0.0,0.0,0.0,0.0,0.0,0.0,0.0,0.0,0.0,0.0,0.0,0.0,0.0,0.0,64.4,0,116,56,50,65476,0,300,0,0,8,20529,65476,0,0,57672,80.0,0.0,0.0,0.0,0.0,0.0
2026-06-17T04:25:35,ERR,ERR,ERR,ERR,ERR,ERR,ERR,ERR,ERR,ERR,ERR,ERR,ERR,ERR,ERR,ERR,ERR,ERR,ERR,ERR,ERR,ERR,ERR,ERR,ERR,ERR,ERR,ERR,ERR,ERR,ERR,ERR,ERR,ERR,ERR,ERR,ERR,ERR,ERR,ERR,ERR,ERR,ERR,ERR,ERR,ERR,ERR,ERR,ERR,ERR,ERR,ERR,ERR,ERR,ERR,ERR,ERR,ERR,ERR,ERR,ERR,ERR,ERR,ERR,ERR,ERR,ERR,ERR,ERR,ERR,ERR,ERR,ERR,ERR,ERR,ERR,ERR,ERR,ERR,ERR,ERR,ERR,ERR,ERR,ERR,ERR,ERR,ERR,ERR,ERR,ERR,ERR,ERR,ERR,ERR,ERR,ERR,ERR,ERR,ERR,ERR,ERR,ERR,ERR,ERR,ERR,ERR,ERR,ERR,ERR,ERR,ERR,ERR,ERR,ERR,ERR,ERR,ERR,ERR,ERR,ERR,ERR,ERR,ERR,ERR,0.0,-107615328.0,0.0,0.0,0.0,1.3936040501711995e+18,7.805,0.0,0,0,4,0,7300,-0.0,0,0.0,0.0,0.0,0.0,0.0,0,0,0,0,0.0,0,0,0,0,0,0,0,0,0,0,0,0,0,0,0,0,0,0,0,0,0,0,0,0,0,0,0,0,0,0,0,0,0,32,30,30,62,65476,0,300,0,0,8,21553,0.0,-107605600.0,0.0,0.0,0.0,0.0,0.0,0.0,0.0,0.0,0.0,0.0,0.0,0.0,0.0,0.0,0.0,0.0,0.0,0.0,0.0,0.0,2.004,0.0,-0.0,-2.004,0.0,0.0,0.0,0.0,5480.0,0.0,6945.0,0.0,-107615328.0,-107615280.0,-0.0,0.0,0.0,0.0,0.0,63,2.718429300292151e+23,-3.222009408071634e+26,0.0,0.0,0.0,0.0,0.0,0.0,0.0,0,0,0,0.0,0.0,0.0,0.0,0.0,0.0,0.0,0.0,0.0,0.0,0.0,0.0,0.0,0.0,0.0,0.0,0,-107875648.0,63,0.0,126,2.7184242562605685e+23,-0.0,ERR,ERR,ERR,ERR,ERR,ERR,ERR,ERR,ERR,ERR,ERR,ERR,ERR,ERR,ERR,ERR,ERR,ERR,ERR,ERR,ERR,ERR,ERR,ERR,ERR,ERR,ERR,ERR,ERR,ERR,ERR,ERR,ERR,ERR,ERR,ERR,ERR,ERR,ERR,ERR,ERR,ERR,ERR,ERR,ERR,ERR,ERR,ERR,ERR,ERR,ERR,ERR,ERR,ERR,ERR,ERR,ERR,ERR,ERR,ERR,ERR,ERR,ERR,ERR,ERR,ERR,ERR,34.0,80.0,35,0.0,0.0,0.0,0.0,0.0,0.0,0.0,0.0,0.0,0.0,0.0,0.0,0.0,0.0,0.0,0.0,64.8,0,116,56,50,65476,0,300,0,0,8,20529,65476,0,0,57672,80.0,0.0,0.0,0.0,0.0,0.0
2026-06-17T04:25:36,ERR,ERR,ERR,ERR,ERR,ERR,ERR,ERR,ERR,ERR,ERR,ERR,ERR,ERR,ERR,ERR,ERR,ERR,ERR,ERR,ERR,ERR,ERR,ERR,ERR,ERR,ERR,ERR,ERR,ERR,ERR,ERR,ERR,ERR,ERR,ERR,ERR,ERR,ERR,ERR,ERR,ERR,ERR,ERR,ERR,ERR,ERR,ERR,ERR,ERR,ERR,ERR,ERR,ERR,ERR,ERR,ERR,ERR,ERR,ERR,ERR,ERR,ERR,ERR,ERR,ERR,ERR,ERR,ERR,ERR,ERR,ERR,ERR,ERR,ERR,ERR,ERR,ERR,ERR,ERR,ERR,ERR,ERR,ERR,ERR,ERR,ERR,ERR,ERR,ERR,ERR,ERR,ERR,ERR,ERR,ERR,ERR,ERR,ERR,ERR,ERR,ERR,ERR,ERR,ERR,ERR,ERR,ERR,ERR,ERR,ERR,ERR,ERR,ERR,ERR,ERR,ERR,ERR,ERR,ERR,ERR,ERR,ERR,ERR,ERR,0.0,-107615328.0,0.0,0.0,0.0,1.3936040501711995e+18,7.805,0.0,0,0,4,0,7300,-0.0,0,0.0,0.0,0.0,0.0,0.0,0,0,0,0,0.0,0,0,0,0,0,0,0,0,0,0,0,0,0,0,0,0,0,0,0,0,0,0,0,0,0,0,0,0,0,0,0,0,0,32,30,30,62,65476,0,300,0,0,8,21553,0.0,-107605600.0,0.0,0.0,0.0,0.0,0.0,0.0,0.0,0.0,0.0,0.0,0.0,0.0,0.0,0.0,0.0,0.0,0.0,0.0,0.0,0.0,2.004,0.0,-0.0,-2.004,0.0,0.0,0.0,0.0,5480.0,0.0,6945.0,0.0,-107615328.0,-107615280.0,-0.0,0.0,0.0,0.0,0.0,63,2.718429300292151e+23,-3.222009408071634e+26,0.0,0.0,0.0,0.0,0.0,0.0,0.0,0,0,0,0.0,0.0,0.0,0.0,0.0,0.0,0.0,0.0,0.0,0.0,0.0,0.0,0.0,0.0,0.0,0.0,0,-107875648.0,63,0.0,126,2.7184242562605685e+23,-0.0,ERR,ERR,ERR,ERR,ERR,ERR,ERR,ERR,ERR,ERR,ERR,ERR,ERR,ERR,ERR,ERR,ERR,ERR,ERR,ERR,ERR,ERR,ERR,ERR,ERR,ERR,ERR,ERR,ERR,ERR,ERR,ERR,ERR,ERR,ERR,ERR,ERR,ERR,ERR,ERR,ERR,ERR,ERR,ERR,ERR,ERR,ERR,ERR,ERR,ERR,ERR,ERR,ERR,ERR,ERR,ERR,ERR,ERR,ERR,ERR,ERR,ERR,ERR,ERR,ERR,ERR,ERR,34.0,80.0,35,0.0,0.0,0.0,0.0,0.0,0.0,0.0,0.0,0.0,0.0,0.0,0.0,0.0,0.0,0.0,0.0,64.8,0,116,56,50,65476,0,300,0,0,8,20529,65476,0,0,57672,80.0,0.0,0.0,0.0,0.0,0.0
2026-06-17T04:25:37,ERR,ERR,ERR,ERR,ERR,ERR,ERR,ERR,ERR,ERR,ERR,ERR,ERR,ERR,ERR,ERR,ERR,ERR,ERR,ERR,ERR,ERR,ERR,ERR,ERR,ERR,ERR,ERR,ERR,ERR,ERR,ERR,ERR,ERR,ERR,ERR,ERR,ERR,ERR,ERR,ERR,ERR,ERR,ERR,ERR,ERR,ERR,ERR,ERR,ERR,ERR,ERR,ERR,ERR,ERR,ERR,ERR,ERR,ERR,ERR,ERR,ERR,ERR,ERR,ERR,ERR,ERR,ERR,ERR,ERR,ERR,ERR,ERR,ERR,ERR,ERR,ERR,ERR,ERR,ERR,ERR,ERR,ERR,ERR,ERR,ERR,ERR,ERR,ERR,ERR,ERR,ERR,ERR,ERR,ERR,ERR,ERR,ERR,ERR,ERR,ERR,ERR,ERR,ERR,ERR,ERR,ERR,ERR,ERR,ERR,ERR,ERR,ERR,ERR,ERR,ERR,ERR,ERR,ERR,ERR,ERR,ERR,ERR,ERR,ERR,0.0,-107615328.0,0.0,0.0,0.0,1.3936040501711995e+18,7.805,0.0,0,0,4,0,7300,-0.0,0,0.0,0.0,0.0,0.0,0.0,0,0,0,0,0.0,0,0,0,0,0,0,0,0,0,0,0,0,0,0,0,0,0,0,0,0,0,0,0,0,0,0,0,0,0,0,0,0,0,32,30,30,62,65476,0,300,0,0,8,21553,0.0,-107605600.0,0.0,0.0,0.0,0.0,0.0,0.0,0.0,0.0,0.0,0.0,0.0,0.0,0.0,0.0,0.0,0.0,0.0,0.0,0.0,0.0,2.004,0.0,-0.0,-2.004,0.0,0.0,0.0,0.0,5480.0,0.0,6945.0,0.0,-107615328.0,-107615280.0,-0.0,0.0,0.0,0.0,0.0,63,2.718429300292151e+23,-3.222009408071634e+26,0.0,0.0,0.0,0.0,0.0,0.0,0.0,0,0,0,0.0,0.0,0.0,0.0,0.0,0.0,0.0,0.0,0.0,0.0,0.0,0.0,0.0,0.0,0.0,0.0,0,-107875648.0,63,0.0,126,2.7184242562605685e+23,-0.0,ERR,ERR,ERR,ERR,ERR,ERR,ERR,ERR,ERR,ERR,ERR,ERR,ERR,ERR,ERR,ERR,ERR,ERR,ERR,ERR,ERR,ERR,ERR,ERR,ERR,ERR,ERR,ERR,ERR,ERR,ERR,ERR,ERR,ERR,ERR,ERR,ERR,ERR,ERR,ERR,ERR,ERR,ERR,ERR,ERR,ERR,ERR,ERR,ERR,ERR,ERR,ERR,ERR,ERR,ERR,ERR,ERR,ERR,ERR,ERR,ERR,ERR,ERR,ERR,ERR,ERR,ERR,34.0,80.0,35,0.0,0.0,0.0,0.0,0.0,0.0,0.0,0.0,0.0,0.0,0.0,0.0,0.0,0.0,0.0,0.0,64.8,0,116,56,50,65476,0,300,0,0,8,20529,65476,0,0,57672,80.0,0.0,0.0,0.0,0.0,0.0
2026-06-17T04:25:38,ERR,ERR,ERR,ERR,ERR,ERR,ERR,ERR,ERR,ERR,ERR,ERR,ERR,ERR,ERR,ERR,ERR,ERR,ERR,ERR,ERR,ERR,ERR,ERR,ERR,ERR,ERR,ERR,ERR,ERR,ERR,ERR,ERR,ERR,ERR,ERR,ERR,ERR,ERR,ERR,ERR,ERR,ERR,ERR,ERR,ERR,ERR,ERR,ERR,ERR,ERR,ERR,ERR,ERR,ERR,ERR,ERR,ERR,ERR,ERR,ERR,ERR,ERR,ERR,ERR,ERR,ERR,ERR,ERR,ERR,ERR,ERR,ERR,ERR,ERR,ERR,ERR,ERR,ERR,ERR,ERR,ERR,ERR,ERR,ERR,ERR,ERR,ERR,ERR,ERR,ERR,ERR,ERR,ERR,ERR,ERR,ERR,ERR,ERR,ERR,ERR,ERR,ERR,ERR,ERR,ERR,ERR,ERR,ERR,ERR,ERR,ERR,ERR,ERR,ERR,ERR,ERR,ERR,ERR,ERR,ERR,ERR,ERR,ERR,ERR,0.0,-107615328.0,0.0,0.0,0.0,1.3936040501711995e+18,7.805,0.0,0,0,4,0,7300,-0.0,0,0.0,0.0,0.0,0.0,0.0,0,0,0,0,0.0,0,0,0,0,0,0,0,0,0,0,0,0,0,0,0,0,0,0,0,0,0,0,0,0,0,0,0,0,0,0,0,0,0,32,30,30,62,65476,0,300,0,0,8,21553,0.0,-107605600.0,0.0,0.0,0.0,0.0,0.0,0.0,0.0,0.0,0.0,0.0,0.0,0.0,0.0,0.0,0.0,0.0,0.0,0.0,0.0,0.0,2.004,0.0,-0.0,-2.004,0.0,0.0,0.0,0.0,5480.0,0.0,6945.0,0.0,-107615328.0,-107615280.0,-0.0,0.0,0.0,0.0,0.0,63,2.718429300292151e+23,-3.222009408071634e+26,0.0,0.0,0.0,0.0,0.0,0.0,0.0,0,0,0,0.0,0.0,0.0,0.0,0.0,0.0,0.0,0.0,0.0,0.0,0.0,0.0,0.0,0.0,0.0,0.0,0,-107875648.0,63,0.0,126,2.7184242562605685e+23,-0.0,ERR,ERR,ERR,ERR,ERR,ERR,ERR,ERR,ERR,ERR,ERR,ERR,ERR,ERR,ERR,ERR,ERR,ERR,ERR,ERR,ERR,ERR,ERR,ERR,ERR,ERR,ERR,ERR,ERR,ERR,ERR,ERR,ERR,ERR,ERR,ERR,ERR,ERR,ERR,ERR,ERR,ERR,ERR,ERR,ERR,ERR,ERR,ERR,ERR,ERR,ERR,ERR,ERR,ERR,ERR,ERR,ERR,ERR,ERR,ERR,ERR,ERR,ERR,ERR,ERR,ERR,ERR,34.0,80.0,35,0.0,0.0,0.0,0.0,0.0,0.0,0.0,0.0,0.0,0.0,0.0,0.0,0.0,0.0,0.0,0.0,64.8,0,116,56,50,65476,0,300,0,0,8,20529,65476,0,0,57672,80.0,0.0,0.0,0.0,0.0,0.0
2026-06-17T04:25:39,ERR,ERR,ERR,ERR,ERR,ERR,ERR,ERR,ERR,ERR,ERR,ERR,ERR,ERR,ERR,ERR,ERR,ERR,ERR,ERR,ERR,ERR,ERR,ERR,ERR,ERR,ERR,ERR,ERR,ERR,ERR,ERR,ERR,ERR,ERR,ERR,ERR,ERR,ERR,ERR,ERR,ERR,ERR,ERR,ERR,ERR,ERR,ERR,ERR,ERR,ERR,ERR,ERR,ERR,ERR,ERR,ERR,ERR,ERR,ERR,ERR,ERR,ERR,ERR,ERR,ERR,ERR,ERR,ERR,ERR,ERR,ERR,ERR,ERR,ERR,ERR,ERR,ERR,ERR,ERR,ERR,ERR,ERR,ERR,ERR,ERR,ERR,ERR,ERR,ERR,ERR,ERR,ERR,ERR,ERR,ERR,ERR,ERR,ERR,ERR,ERR,ERR,ERR,ERR,ERR,ERR,ERR,ERR,ERR,ERR,ERR,ERR,ERR,ERR,ERR,ERR,ERR,ERR,ERR,ERR,ERR,ERR,ERR,ERR,ERR,0.0,-107615328.0,0.0,0.0,0.0,1.3936040501711995e+18,7.805,0.0,0,0,4,0,7300,-0.0,0,0.0,0.0,0.0,0.0,0.0,0,0,0,0,0.0,0,0,0,0,0,0,0,0,0,0,0,0,0,0,0,0,0,0,0,0,0,0,0,0,0,0,0,0,0,0,0,0,0,32,30,30,62,65476,0,300,0,0,8,21553,0.0,-107605600.0,0.0,0.0,0.0,0.0,0.0,0.0,0.0,0.0,0.0,0.0,0.0,0.0,0.0,0.0,0.0,0.0,0.0,0.0,0.0,0.0,2.004,0.0,-0.0,-2.004,0.0,0.0,0.0,0.0,5447.0,-0.0,6960.0,0.0,-107615328.0,-107615280.0,-0.0,0.0,0.0,0.0,0.0,63,2.3088396621844998e+20,0.059,0.0,0.0,0.0,0.0,0.0,0.0,0.0,0,0,0,0.0,0.0,0.0,0.0,0.0,0.0,0.0,0.0,0.0,0.0,0.0,0.0,0.0,0.0,0.0,0.0,0,-107875648.0,63,0.0,126,2.7184242562605685e+23,-0.0,ERR,ERR,ERR,ERR,ERR,ERR,ERR,ERR,ERR,ERR,ERR,ERR,ERR,ERR,ERR,ERR,ERR,ERR,ERR,ERR,ERR,ERR,ERR,ERR,ERR,ERR,ERR,ERR,ERR,ERR,ERR,ERR,ERR,ERR,ERR,ERR,ERR,ERR,ERR,ERR,ERR,ERR,ERR,ERR,ERR,ERR,ERR,ERR,ERR,ERR,ERR,ERR,ERR,ERR,ERR,ERR,ERR,ERR,ERR,ERR,ERR,ERR,ERR,ERR,ERR,ERR,ERR,34.0,80.0,35,0.0,0.0,0.0,0.0,0.0,0.0,0.0,0.0,0.0,0.0,0.0,0.0,0.0,0.0,0.0,0.0,64.8,0,116,56,50,65476,0,300,0,0,8,20529,65476,0,0,57672,80.0,0.0,0.0,0.0,0.0,0.0
2026-06-17T04:25:40,ERR,ERR,ERR,ERR,ERR,ERR,ERR,ERR,ERR,ERR,ERR,ERR,ERR,ERR,ERR,ERR,ERR,ERR,ERR,ERR,ERR,ERR,ERR,ERR,ERR,ERR,ERR,ERR,ERR,ERR,ERR,ERR,ERR,ERR,ERR,ERR,ERR,ERR,ERR,ERR,ERR,ERR,ERR,ERR,ERR,ERR,ERR,ERR,ERR,ERR,ERR,ERR,ERR,ERR,ERR,ERR,ERR,ERR,ERR,ERR,ERR,ERR,ERR,ERR,ERR,ERR,ERR,ERR,ERR,ERR,ERR,ERR,ERR,ERR,ERR,ERR,ERR,ERR,ERR,ERR,ERR,ERR,ERR,ERR,ERR,ERR,ERR,ERR,ERR,ERR,ERR,ERR,ERR,ERR,ERR,ERR,ERR,ERR,ERR,ERR,ERR,ERR,ERR,ERR,ERR,ERR,ERR,ERR,ERR,ERR,ERR,ERR,ERR,ERR,ERR,ERR,ERR,ERR,ERR,ERR,ERR,ERR,ERR,ERR,ERR,0.0,-107615328.0,0.0,0.0,0.0,1.3936040501711995e+18,7.805,0.0,0,0,4,0,7300,-0.0,0,0.0,0.0,0.0,0.0,0.0,0,0,0,0,0.0,0,0,0,0,0,0,0,0,0,0,0,0,0,0,0,0,0,0,0,0,0,0,0,0,0,0,0,0,0,0,0,0,0,32,30,30,62,65476,0,300,0,0,8,21553,0.0,-107605600.0,0.0,0.0,0.0,0.0,0.0,0.0,0.0,0.0,0.0,0.0,0.0,0.0,0.0,0.0,0.0,0.0,0.0,0.0,0.0,0.0,2.004,0.0,-0.0,-2.004,0.0,0.0,0.0,0.0,5447.0,-0.0,6960.0,0.0,-107615328.0,-107615280.0,-0.0,0.0,0.0,0.0,0.0,63,2.3088396621844998e+20,0.059,0.0,0.0,0.0,0.0,0.0,0.0,0.0,0,0,0,0.0,0.0,0.0,0.0,0.0,0.0,0.0,0.0,0.0,0.0,0.0,0.0,0.0,0.0,0.0,0.0,0,-107875648.0,63,0.0,126,2.7184242562605685e+23,-0.0,ERR,ERR,ERR,ERR,ERR,ERR,ERR,ERR,ERR,ERR,ERR,ERR,ERR,ERR,ERR,ERR,ERR,ERR,ERR,ERR,ERR,ERR,ERR,ERR,ERR,ERR,ERR,ERR,ERR,ERR,ERR,ERR,ERR,ERR,ERR,ERR,ERR,ERR,ERR,ERR,ERR,ERR,ERR,ERR,ERR,ERR,ERR,ERR,ERR,ERR,ERR,ERR,ERR,ERR,ERR,ERR,ERR,ERR,ERR,ERR,ERR,ERR,ERR,ERR,ERR,ERR,ERR,34.0,80.0,35,0.0,0.0,0.0,0.0,0.0,0.0,0.0,0.0,0.0,0.0,0.0,0.0,0.0,0.0,0.0,0.0,64.8,0,116,56,50,65476,0,300,0,0,8,20529,65476,0,0,57672,80.0,0.0,0.0,0.0,0.0,0.0
2026-06-17T04:25:41,ERR,ERR,ERR,ERR,ERR,ERR,ERR,ERR,ERR,ERR,ERR,ERR,ERR,ERR,ERR,ERR,ERR,ERR,ERR,ERR,ERR,ERR,ERR,ERR,ERR,ERR,ERR,ERR,ERR,ERR,ERR,ERR,ERR,ERR,ERR,ERR,ERR,ERR,ERR,ERR,ERR,ERR,ERR,ERR,ERR,ERR,ERR,ERR,ERR,ERR,ERR,ERR,ERR,ERR,ERR,ERR,ERR,ERR,ERR,ERR,ERR,ERR,ERR,ERR,ERR,ERR,ERR,ERR,ERR,ERR,ERR,ERR,ERR,ERR,ERR,ERR,ERR,ERR,ERR,ERR,ERR,ERR,ERR,ERR,ERR,ERR,ERR,ERR,ERR,ERR,ERR,ERR,ERR,ERR,ERR,ERR,ERR,ERR,ERR,ERR,ERR,ERR,ERR,ERR,ERR,ERR,ERR,ERR,ERR,ERR,ERR,ERR,ERR,ERR,ERR,ERR,ERR,ERR,ERR,ERR,ERR,ERR,ERR,ERR,ERR,0.0,-107615328.0,0.0,0.0,0.0,1.3936040501711995e+18,7.805,0.0,0,0,4,0,7300,-0.0,0,0.0,0.0,0.0,0.0,0.0,0,0,0,0,0.0,0,0,0,0,0,0,0,0,0,0,0,0,0,0,0,0,0,0,0,0,0,0,0,0,0,0,0,0,0,0,0,0,0,32,30,30,62,65476,0,300,0,0,8,21553,0.0,-107605600.0,0.0,0.0,0.0,0.0,0.0,0.0,0.0,0.0,0.0,0.0,0.0,0.0,0.0,0.0,0.0,0.0,0.0,0.0,0.0,0.0,2.004,0.0,-0.0,-2.004,0.0,0.0,0.0,0.0,5447.0,-0.0,6960.0,0.0,-107615328.0,-107615280.0,-0.0,0.0,0.0,0.0,0.0,63,2.3088396621844998e+20,0.059,0.0,0.0,0.0,0.0,0.0,0.0,0.0,0,0,0,0.0,0.0,0.0,0.0,0.0,0.0,0.0,0.0,0.0,0.0,0.0,0.0,0.0,0.0,0.0,0.0,0,-107875648.0,63,0.0,126,2.7184242562605685e+23,-0.0,ERR,ERR,ERR,ERR,ERR,ERR,ERR,ERR,ERR,ERR,ERR,ERR,ERR,ERR,ERR,ERR,ERR,ERR,ERR,ERR,ERR,ERR,ERR,ERR,ERR,ERR,ERR,ERR,ERR,ERR,ERR,ERR,ERR,ERR,ERR,ERR,ERR,ERR,ERR,ERR,ERR,ERR,ERR,ERR,ERR,ERR,ERR,ERR,ERR,ERR,ERR,ERR,ERR,ERR,ERR,ERR,ERR,ERR,ERR,ERR,ERR,ERR,ERR,ERR,ERR,ERR,ERR,34.0,80.0,35,0.0,0.0,0.0,0.0,0.0,0.0,0.0,0.0,0.0,0.0,0.0,0.0,0.0,0.0,0.0,0.0,64.4,0,116,56,50,65476,0,300,0,0,8,20529,65476,0,0,57672,80.0,0.0,0.0,0.0,0.0,0.0
2026-06-17T04:25:42,ERR,ERR,ERR,ERR,ERR,ERR,ERR,ERR,ERR,ERR,ERR,ERR,ERR,ERR,ERR,ERR,ERR,ERR,ERR,ERR,ERR,ERR,ERR,ERR,ERR,ERR,ERR,ERR,ERR,ERR,ERR,ERR,ERR,ERR,ERR,ERR,ERR,ERR,ERR,ERR,ERR,ERR,ERR,ERR,ERR,ERR,ERR,ERR,ERR,ERR,ERR,ERR,ERR,ERR,ERR,ERR,ERR,ERR,ERR,ERR,ERR,ERR,ERR,ERR,ERR,ERR,ERR,ERR,ERR,ERR,ERR,ERR,ERR,ERR,ERR,ERR,ERR,ERR,ERR,ERR,ERR,ERR,ERR,ERR,ERR,ERR,ERR,ERR,ERR,ERR,ERR,ERR,ERR,ERR,ERR,ERR,ERR,ERR,ERR,ERR,ERR,ERR,ERR,ERR,ERR,ERR,ERR,ERR,ERR,ERR,ERR,ERR,ERR,ERR,ERR,ERR,ERR,ERR,ERR,ERR,ERR,ERR,ERR,ERR,ERR,0.0,-107615328.0,0.0,0.0,0.0,1.3936040501711995e+18,7.805,0.0,0,0,4,0,7300,-0.0,0,0.0,0.0,0.0,0.0,0.0,0,0,0,0,0.0,0,0,0,0,0,0,0,0,0,0,0,0,0,0,0,0,0,0,0,0,0,0,0,0,0,0,0,0,0,0,0,0,0,32,30,30,62,65476,0,300,0,0,8,21553,0.0,-107605600.0,0.0,0.0,0.0,0.0,0.0,0.0,0.0,0.0,0.0,0.0,0.0,0.0,0.0,0.0,0.0,0.0,0.0,0.0,0.0,0.0,2.004,0.0,-0.0,-2.004,0.0,0.0,0.0,0.0,5447.0,-0.0,6960.0,0.0,-107615328.0,-107615280.0,-0.0,0.0,0.0,0.0,0.0,63,2.3088396621844998e+20,0.059,0.0,0.0,0.0,0.0,0.0,0.0,0.0,0,0,0,0.0,0.0,0.0,0.0,0.0,0.0,0.0,0.0,0.0,0.0,0.0,0.0,0.0,0.0,0.0,0.0,0,-107875648.0,63,0.0,126,2.7184242562605685e+23,-0.0,ERR,ERR,ERR,ERR,ERR,ERR,ERR,ERR,ERR,ERR,ERR,ERR,ERR,ERR,ERR,ERR,ERR,ERR,ERR,ERR,ERR,ERR,ERR,ERR,ERR,ERR,ERR,ERR,ERR,ERR,ERR,ERR,ERR,ERR,ERR,ERR,ERR,ERR,ERR,ERR,ERR,ERR,ERR,ERR,ERR,ERR,ERR,ERR,ERR,ERR,ERR,ERR,ERR,ERR,ERR,ERR,ERR,ERR,ERR,ERR,ERR,ERR,ERR,ERR,ERR,ERR,ERR,34.0,80.0,35,0.0,0.0,0.0,0.0,0.0,0.0,0.0,0.0,0.0,0.0,0.0,0.0,0.0,0.0,0.0,0.0,64.4,0,116,56,50,65476,0,300,0,0,8,20529,65476,0,0,57672,80.0,0.0,0.0,0.0,0.0,0.0
2026-06-17T04:25:43,ERR,ERR,ERR,ERR,ERR,ERR,ERR,ERR,ERR,ERR,ERR,ERR,ERR,ERR,ERR,ERR,ERR,ERR,ERR,ERR,ERR,ERR,ERR,ERR,ERR,ERR,ERR,ERR,ERR,ERR,ERR,ERR,ERR,ERR,ERR,ERR,ERR,ERR,ERR,ERR,ERR,ERR,ERR,ERR,ERR,ERR,ERR,ERR,ERR,ERR,ERR,ERR,ERR,ERR,ERR,ERR,ERR,ERR,ERR,ERR,ERR,ERR,ERR,ERR,ERR,ERR,ERR,ERR,ERR,ERR,ERR,ERR,ERR,ERR,ERR,ERR,ERR,ERR,ERR,ERR,ERR,ERR,ERR,ERR,ERR,ERR,ERR,ERR,ERR,ERR,ERR,ERR,ERR,ERR,ERR,ERR,ERR,ERR,ERR,ERR,ERR,ERR,ERR,ERR,ERR,ERR,ERR,ERR,ERR,ERR,ERR,ERR,ERR,ERR,ERR,ERR,ERR,ERR,ERR,ERR,ERR,ERR,ERR,ERR,ERR,0.0,-107615328.0,0.0,0.0,0.0,1.3936040501711995e+18,7.805,0.0,0,0,4,0,7300,-0.0,0,0.0,0.0,0.0,0.0,0.0,0,0,0,0,0.0,0,0,0,0,0,0,0,0,0,0,0,0,0,0,0,0,0,0,0,0,0,0,0,0,0,0,0,0,0,0,0,0,0,32,30,30,62,65476,0,300,0,0,8,21553,0.0,-107605600.0,0.0,0.0,0.0,0.0,0.0,0.0,0.0,0.0,0.0,0.0,0.0,0.0,0.0,0.0,0.0,0.0,0.0,0.0,0.0,0.0,2.004,0.0,-0.0,-2.004,0.0,0.0,0.0,0.0,5447.0,-0.0,6960.0,0.0,-107615328.0,-107615280.0,-0.0,0.0,0.0,0.0,0.0,63,2.3088396621844998e+20,0.059,0.0,0.0,0.0,0.0,0.0,0.0,0.0,0,0,0,0.0,0.0,0.0,0.0,0.0,0.0,0.0,0.0,0.0,0.0,0.0,0.0,0.0,0.0,0.0,0.0,0,-107875648.0,63,0.0,126,2.7184242562605685e+23,-0.0,ERR,ERR,ERR,ERR,ERR,ERR,ERR,ERR,ERR,ERR,ERR,ERR,ERR,ERR,ERR,ERR,ERR,ERR,ERR,ERR,ERR,ERR,ERR,ERR,ERR,ERR,ERR,ERR,ERR,ERR,ERR,ERR,ERR,ERR,ERR,ERR,ERR,ERR,ERR,ERR,ERR,ERR,ERR,ERR,ERR,ERR,ERR,ERR,ERR,ERR,ERR,ERR,ERR,ERR,ERR,ERR,ERR,ERR,ERR,ERR,ERR,ERR,ERR,ERR,ERR,ERR,ERR,34.0,80.0,35,0.0,0.0,0.0,0.0,0.0,0.0,0.0,0.0,0.0,0.0,0.0,0.0,0.0,0.0,0.0,0.0,64.4,0,116,56,50,65476,0,300,0,0,8,20529,65476,0,0,57672,80.0,0.0,0.0,0.0,0.0,0.0
2026-06-17T04:25:44,ERR,ERR,ERR,ERR,ERR,ERR,ERR,ERR,ERR,ERR,ERR,ERR,ERR,ERR,ERR,ERR,ERR,ERR,ERR,ERR,ERR,ERR,ERR,ERR,ERR,ERR,ERR,ERR,ERR,ERR,ERR,ERR,ERR,ERR,ERR,ERR,ERR,ERR,ERR,ERR,ERR,ERR,ERR,ERR,ERR,ERR,ERR,ERR,ERR,ERR,ERR,ERR,ERR,ERR,ERR,ERR,ERR,ERR,ERR,ERR,ERR,ERR,ERR,ERR,ERR,ERR,ERR,ERR,ERR,ERR,ERR,ERR,ERR,ERR,ERR,ERR,ERR,ERR,ERR,ERR,ERR,ERR,ERR,ERR,ERR,ERR,ERR,ERR,ERR,ERR,ERR,ERR,ERR,ERR,ERR,ERR,ERR,ERR,ERR,ERR,ERR,ERR,ERR,ERR,ERR,ERR,ERR,ERR,ERR,ERR,ERR,ERR,ERR,ERR,ERR,ERR,ERR,ERR,ERR,ERR,ERR,ERR,ERR,ERR,ERR,0.0,-107615328.0,0.0,0.0,0.0,1.3936040501711995e+18,7.805,0.0,0,0,4,0,7300,-0.0,0,0.0,0.0,0.0,0.0,0.0,0,0,0,0,0.0,0,0,0,0,0,0,0,0,0,0,0,0,0,0,0,0,0,0,0,0,0,0,0,0,0,0,0,0,0,0,0,0,0,32,30,30,62,65476,0,300,0,0,8,21553,0.0,-107605600.0,0.0,0.0,0.0,0.0,0.0,0.0,0.0,0.0,0.0,0.0,0.0,0.0,0.0,0.0,0.0,0.0,0.0,0.0,0.0,0.0,2.004,0.0,-0.0,-2.004,0.0,0.0,0.0,0.0,5447.0,-0.0,6960.0,0.0,-107615328.0,-107615280.0,-0.0,0.0,0.0,0.0,0.0,63,2.3088396621844998e+20,0.059,0.0,0.0,0.0,0.0,0.0,0.0,0.0,0,0,0,0.0,0.0,0.0,0.0,0.0,0.0,0.0,0.0,0.0,0.0,0.0,0.0,0.0,0.0,0.0,0.0,0,-107875648.0,63,0.0,126,2.7184242562605685e+23,-0.0,ERR,ERR,ERR,ERR,ERR,ERR,ERR,ERR,ERR,ERR,ERR,ERR,ERR,ERR,ERR,ERR,ERR,ERR,ERR,ERR,ERR,ERR,ERR,ERR,ERR,ERR,ERR,ERR,ERR,ERR,ERR,ERR,ERR,ERR,ERR,ERR,ERR,ERR,ERR,ERR,ERR,ERR,ERR,ERR,ERR,ERR,ERR,ERR,ERR,ERR,ERR,ERR,ERR,ERR,ERR,ERR,ERR,ERR,ERR,ERR,ERR,ERR,ERR,ERR,ERR,ERR,ERR,34.0,80.0,35,0.0,0.0,0.0,0.0,0.0,0.0,0.0,0.0,0.0,0.0,0.0,0.0,0.0,0.0,0.0,0.0,64.4,0,116,56,50,65476,0,300,0,0,8,20529,65476,0,0,57672,80.0,0.0,0.0,0.0,0.0,0.0
2026-06-17T04:25:45,ERR,ERR,ERR,ERR,ERR,ERR,ERR,ERR,ERR,ERR,ERR,ERR,ERR,ERR,ERR,ERR,ERR,ERR,ERR,ERR,ERR,ERR,ERR,ERR,ERR,ERR,ERR,ERR,ERR,ERR,ERR,ERR,ERR,ERR,ERR,ERR,ERR,ERR,ERR,ERR,ERR,ERR,ERR,ERR,ERR,ERR,ERR,ERR,ERR,ERR,ERR,ERR,ERR,ERR,ERR,ERR,ERR,ERR,ERR,ERR,ERR,ERR,ERR,ERR,ERR,ERR,ERR,ERR,ERR,ERR,ERR,ERR,ERR,ERR,ERR,ERR,ERR,ERR,ERR,ERR,ERR,ERR,ERR,ERR,ERR,ERR,ERR,ERR,ERR,ERR,ERR,ERR,ERR,ERR,ERR,ERR,ERR,ERR,ERR,ERR,ERR,ERR,ERR,ERR,ERR,ERR,ERR,ERR,ERR,ERR,ERR,ERR,ERR,ERR,ERR,ERR,ERR,ERR,ERR,ERR,ERR,ERR,ERR,ERR,ERR,0.0,-107615328.0,0.0,0.0,0.0,1.3936040501711995e+18,7.805,0.0,0,0,4,0,7300,-0.0,0,0.0,0.0,0.0,0.0,0.0,0,0,0,0,0.0,0,0,0,0,0,0,0,0,0,0,0,0,0,0,0,0,0,0,0,0,0,0,0,0,0,0,0,0,0,0,0,0,0,32,30,30,62,65476,0,300,0,0,8,21553,0.0,-107605600.0,0.0,0.0,0.0,0.0,0.0,0.0,0.0,0.0,0.0,0.0,0.0,0.0,0.0,0.0,0.0,0.0,0.0,0.0,0.0,0.0,2.004,0.0,-0.0,-2.004,0.0,0.0,0.0,0.0,5445.0,2.004,6952.0,0.0,-107615328.0,-107615280.0,-0.0,0.0,0.0,0.0,0.0,63,152018387730432.0,-3.222009039136753e+26,0.0,0.0,0.0,0.0,0.0,0.0,0.0,0,0,0,0.0,0.0,0.0,0.0,0.0,0.0,0.0,0.0,0.0,0.0,0.0,0.0,0.0,0.0,0.0,0.0,0,-107875648.0,63,0.0,126,2.7184242562605685e+23,-0.0,ERR,ERR,ERR,ERR,ERR,ERR,ERR,ERR,ERR,ERR,ERR,ERR,ERR,ERR,ERR,ERR,ERR,ERR,ERR,ERR,ERR,ERR,ERR,ERR,ERR,ERR,ERR,ERR,ERR,ERR,ERR,ERR,ERR,ERR,ERR,ERR,ERR,ERR,ERR,ERR,ERR,ERR,ERR,ERR,ERR,ERR,ERR,ERR,ERR,ERR,ERR,ERR,ERR,ERR,ERR,ERR,ERR,ERR,ERR,ERR,ERR,ERR,ERR,ERR,ERR,ERR,ERR,34.0,80.0,35,0.0,0.0,0.0,0.0,0.0,0.0,0.0,0.0,0.0,0.0,0.0,0.0,0.0,0.0,0.0,0.0,64.4,0,116,56,50,65476,0,300,0,0,8,20529,65476,0,0,57672,80.0,0.0,0.0,0.0,0.0,0.0
2026-06-17T04:25:46,ERR,ERR,ERR,ERR,ERR,ERR,ERR,ERR,ERR,ERR,ERR,ERR,ERR,ERR,ERR,ERR,ERR,ERR,ERR,ERR,ERR,ERR,ERR,ERR,ERR,ERR,ERR,ERR,ERR,ERR,ERR,ERR,ERR,ERR,ERR,ERR,ERR,ERR,ERR,ERR,ERR,ERR,ERR,ERR,ERR,ERR,ERR,ERR,ERR,ERR,ERR,ERR,ERR,ERR,ERR,ERR,ERR,ERR,ERR,ERR,ERR,ERR,ERR,ERR,ERR,ERR,ERR,ERR,ERR,ERR,ERR,ERR,ERR,ERR,ERR,ERR,ERR,ERR,ERR,ERR,ERR,ERR,ERR,ERR,ERR,ERR,ERR,ERR,ERR,ERR,ERR,ERR,ERR,ERR,ERR,ERR,ERR,ERR,ERR,ERR,ERR,ERR,ERR,ERR,ERR,ERR,ERR,ERR,ERR,ERR,ERR,ERR,ERR,ERR,ERR,ERR,ERR,ERR,ERR,ERR,ERR,ERR,ERR,ERR,ERR,0.0,-107615328.0,0.0,0.0,0.0,1.3936040501711995e+18,7.805,0.0,0,0,4,0,7300,-0.0,0,0.0,0.0,0.0,0.0,0.0,0,0,0,0,0.0,0,0,0,0,0,0,0,0,0,0,0,0,0,0,0,0,0,0,0,0,0,0,0,0,0,0,0,0,0,0,0,0,0,32,30,30,62,65476,0,300,0,0,8,21553,0.0,-107605600.0,0.0,0.0,0.0,0.0,0.0,0.0,0.0,0.0,0.0,0.0,0.0,0.0,0.0,0.0,0.0,0.0,0.0,0.0,0.0,0.0,2.004,0.0,-0.0,-2.004,0.0,0.0,0.0,0.0,5445.0,2.004,6952.0,0.0,-107615328.0,-107615280.0,-0.0,0.0,0.0,0.0,0.0,63,152018387730432.0,-3.222009039136753e+26,0.0,0.0,0.0,0.0,0.0,0.0,0.0,0,0,0,0.0,0.0,0.0,0.0,0.0,0.0,0.0,0.0,0.0,0.0,0.0,0.0,0.0,0.0,0.0,0.0,0,-107875648.0,63,0.0,126,2.7184242562605685e+23,-0.0,ERR,ERR,ERR,ERR,ERR,ERR,ERR,ERR,ERR,ERR,ERR,ERR,ERR,ERR,ERR,ERR,ERR,ERR,ERR,ERR,ERR,ERR,ERR,ERR,ERR,ERR,ERR,ERR,ERR,ERR,ERR,ERR,ERR,ERR,ERR,ERR,ERR,ERR,ERR,ERR,ERR,ERR,ERR,ERR,ERR,ERR,ERR,ERR,ERR,ERR,ERR,ERR,ERR,ERR,ERR,ERR,ERR,ERR,ERR,ERR,ERR,ERR,ERR,ERR,ERR,ERR,ERR,34.0,80.0,35,0.0,0.0,0.0,0.0,0.0,0.0,0.0,0.0,0.0,0.0,0.0,0.0,0.0,0.0,0.0,0.0,64.4,0,116,56,50,65476,0,300,0,0,8,20529,65476,0,0,57672,80.0,0.0,0.0,0.0,0.0,0.0
2026-06-17T04:25:47,ERR,ERR,ERR,ERR,ERR,ERR,ERR,ERR,ERR,ERR,ERR,ERR,ERR,ERR,ERR,ERR,ERR,ERR,ERR,ERR,ERR,ERR,ERR,ERR,ERR,ERR,ERR,ERR,ERR,ERR,ERR,ERR,ERR,ERR,ERR,ERR,ERR,ERR,ERR,ERR,ERR,ERR,ERR,ERR,ERR,ERR,ERR,ERR,ERR,ERR,ERR,ERR,ERR,ERR,ERR,ERR,ERR,ERR,ERR,ERR,ERR,ERR,ERR,ERR,ERR,ERR,ERR,ERR,ERR,ERR,ERR,ERR,ERR,ERR,ERR,ERR,ERR,ERR,ERR,ERR,ERR,ERR,ERR,ERR,ERR,ERR,ERR,ERR,ERR,ERR,ERR,ERR,ERR,ERR,ERR,ERR,ERR,ERR,ERR,ERR,ERR,ERR,ERR,ERR,ERR,ERR,ERR,ERR,ERR,ERR,ERR,ERR,ERR,ERR,ERR,ERR,ERR,ERR,ERR,ERR,ERR,ERR,ERR,ERR,ERR,0.0,-107615328.0,0.0,0.0,0.0,1.3936040501711995e+18,7.805,0.0,0,0,4,0,7300,-0.0,0,0.0,0.0,0.0,0.0,0.0,0,0,0,0,0.0,0,0,0,0,0,0,0,0,0,0,0,0,0,0,0,0,0,0,0,0,0,0,0,0,0,0,0,0,0,0,0,0,0,32,30,30,62,65476,0,300,0,0,8,21553,0.0,-107605600.0,0.0,0.0,0.0,0.0,0.0,0.0,0.0,0.0,0.0,0.0,0.0,0.0,0.0,0.0,0.0,0.0,0.0,0.0,0.0,0.0,2.004,0.0,-0.0,-2.004,0.0,0.0,0.0,0.0,5445.0,2.004,6952.0,0.0,-107615328.0,-107615280.0,-0.0,0.0,0.0,0.0,0.0,63,152018387730432.0,-3.222009039136753e+26,0.0,0.0,0.0,0.0,0.0,0.0,0.0,0,0,0,0.0,0.0,0.0,0.0,0.0,0.0,0.0,0.0,0.0,0.0,0.0,0.0,0.0,0.0,0.0,0.0,0,-107875648.0,63,0.0,126,2.7184242562605685e+23,-0.0,ERR,ERR,ERR,ERR,ERR,ERR,ERR,ERR,ERR,ERR,ERR,ERR,ERR,ERR,ERR,ERR,ERR,ERR,ERR,ERR,ERR,ERR,ERR,ERR,ERR,ERR,ERR,ERR,ERR,ERR,ERR,ERR,ERR,ERR,ERR,ERR,ERR,ERR,ERR,ERR,ERR,ERR,ERR,ERR,ERR,ERR,ERR,ERR,ERR,ERR,ERR,ERR,ERR,ERR,ERR,ERR,ERR,ERR,ERR,ERR,ERR,ERR,ERR,ERR,ERR,ERR,ERR,34.0,80.0,35,0.0,0.0,0.0,0.0,0.0,0.0,0.0,0.0,0.0,0.0,0.0,0.0,0.0,0.0,0.0,0.0,64.4,0,116,56,50,65476,0,300,0,0,8,20529,65476,0,0,57672,80.0,0.0,0.0,0.0,0.0,0.0
2026-06-17T04:25:48,ERR,ERR,ERR,ERR,ERR,ERR,ERR,ERR,ERR,ERR,ERR,ERR,ERR,ERR,ERR,ERR,ERR,ERR,ERR,ERR,ERR,ERR,ERR,ERR,ERR,ERR,ERR,ERR,ERR,ERR,ERR,ERR,ERR,ERR,ERR,ERR,ERR,ERR,ERR,ERR,ERR,ERR,ERR,ERR,ERR,ERR,ERR,ERR,ERR,ERR,ERR,ERR,ERR,ERR,ERR,ERR,ERR,ERR,ERR,ERR,ERR,ERR,ERR,ERR,ERR,ERR,ERR,ERR,ERR,ERR,ERR,ERR,ERR,ERR,ERR,ERR,ERR,ERR,ERR,ERR,ERR,ERR,ERR,ERR,ERR,ERR,ERR,ERR,ERR,ERR,ERR,ERR,ERR,ERR,ERR,ERR,ERR,ERR,ERR,ERR,ERR,ERR,ERR,ERR,ERR,ERR,ERR,ERR,ERR,ERR,ERR,ERR,ERR,ERR,ERR,ERR,ERR,ERR,ERR,ERR,ERR,ERR,ERR,ERR,ERR,0.0,-107615328.0,0.0,0.0,0.0,1.3936040501711995e+18,7.805,0.0,0,0,4,0,7300,-0.0,0,0.0,0.0,0.0,0.0,0.0,0,0,0,0,0.0,0,0,0,0,0,0,0,0,0,0,0,0,0,0,0,0,0,0,0,0,0,0,0,0,0,0,0,0,0,0,0,0,0,32,30,30,62,65476,0,300,0,0,8,21553,0.0,-107605600.0,0.0,0.0,0.0,0.0,0.0,0.0,0.0,0.0,0.0,0.0,0.0,0.0,0.0,0.0,0.0,0.0,0.0,0.0,0.0,0.0,2.004,0.0,-0.0,-2.004,0.0,0.0,0.0,0.0,5445.0,2.004,6952.0,0.0,-107615328.0,-107615280.0,-0.0,0.0,0.0,0.0,0.0,63,152018387730432.0,-3.222009039136753e+26,0.0,0.0,0.0,0.0,0.0,0.0,0.0,0,0,0,0.0,0.0,0.0,0.0,0.0,0.0,0.0,0.0,0.0,0.0,0.0,0.0,0.0,0.0,0.0,0.0,0,-107875648.0,63,0.0,126,2.7184242562605685e+23,-0.0,ERR,ERR,ERR,ERR,ERR,ERR,ERR,ERR,ERR,ERR,ERR,ERR,ERR,ERR,ERR,ERR,ERR,ERR,ERR,ERR,ERR,ERR,ERR,ERR,ERR,ERR,ERR,ERR,ERR,ERR,ERR,ERR,ERR,ERR,ERR,ERR,ERR,ERR,ERR,ERR,ERR,ERR,ERR,ERR,ERR,ERR,ERR,ERR,ERR,ERR,ERR,ERR,ERR,ERR,ERR,ERR,ERR,ERR,ERR,ERR,ERR,ERR,ERR,ERR,ERR,ERR,ERR,34.0,80.0,35,0.0,0.0,0.0,0.0,0.0,0.0,0.0,0.0,0.0,0.0,0.0,0.0,0.0,0.0,0.0,0.0,64.4,0,116,56,50,65476,0,300,0,0,8,20529,65476,0,0,57672,80.0,0.0,0.0,0.0,0.0,0.0
2026-06-17T04:25:49,ERR,ERR,ERR,ERR,ERR,ERR,ERR,ERR,ERR,ERR,ERR,ERR,ERR,ERR,ERR,ERR,ERR,ERR,ERR,ERR,ERR,ERR,ERR,ERR,ERR,ERR,ERR,ERR,ERR,ERR,ERR,ERR,ERR,ERR,ERR,ERR,ERR,ERR,ERR,ERR,ERR,ERR,ERR,ERR,ERR,ERR,ERR,ERR,ERR,ERR,ERR,ERR,ERR,ERR,ERR,ERR,ERR,ERR,ERR,ERR,ERR,ERR,ERR,ERR,ERR,ERR,ERR,ERR,ERR,ERR,ERR,ERR,ERR,ERR,ERR,ERR,ERR,ERR,ERR,ERR,ERR,ERR,ERR,ERR,ERR,ERR,ERR,ERR,ERR,ERR,ERR,ERR,ERR,ERR,ERR,ERR,ERR,ERR,ERR,ERR,ERR,ERR,ERR,ERR,ERR,ERR,ERR,ERR,ERR,ERR,ERR,ERR,ERR,ERR,ERR,ERR,ERR,ERR,ERR,ERR,ERR,ERR,ERR,ERR,ERR,0.0,-107615328.0,0.0,0.0,0.0,1.3936040501711995e+18,7.805,0.0,0,0,4,0,7300,-0.0,0,0.0,0.0,0.0,0.0,0.0,0,0,0,0,0.0,0,0,0,0,0,0,0,0,0,0,0,0,0,0,0,0,0,0,0,0,0,0,0,0,0,0,0,0,0,0,0,0,0,32,30,30,62,65476,0,300,0,0,8,21553,0.0,-107605600.0,0.0,0.0,0.0,0.0,0.0,0.0,0.0,0.0,0.0,0.0,0.0,0.0,0.0,0.0,0.0,0.0,0.0,0.0,0.0,0.0,2.004,0.0,-0.0,-2.004,0.0,0.0,0.0,0.0,5445.0,2.004,6952.0,0.0,-107615328.0,-107615280.0,-0.0,0.0,0.0,0.0,0.0,63,152018387730432.0,-3.222009039136753e+26,0.0,0.0,0.0,0.0,0.0,0.0,0.0,0,0,0,0.0,0.0,0.0,0.0,0.0,0.0,0.0,0.0,0.0,0.0,0.0,0.0,0.0,0.0,0.0,0.0,0,-107875648.0,63,0.0,126,2.7184242562605685e+23,-0.0,ERR,ERR,ERR,ERR,ERR,ERR,ERR,ERR,ERR,ERR,ERR,ERR,ERR,ERR,ERR,ERR,ERR,ERR,ERR,ERR,ERR,ERR,ERR,ERR,ERR,ERR,ERR,ERR,ERR,ERR,ERR,ERR,ERR,ERR,ERR,ERR,ERR,ERR,ERR,ERR,ERR,ERR,ERR,ERR,ERR,ERR,ERR,ERR,ERR,ERR,ERR,ERR,ERR,ERR,ERR,ERR,ERR,ERR,ERR,ERR,ERR,ERR,ERR,ERR,ERR,ERR,ERR,34.0,80.0,35,0.0,0.0,0.0,0.0,0.0,0.0,0.0,0.0,0.0,0.0,0.0,0.0,0.0,0.0,0.0,0.0,64.4,0,116,56,50,65476,0,300,0,0,8,20529,65476,0,0,57672,80.0,0.0,0.0,0.0,0.0,0.0
2026-06-17T04:25:50,ERR,ERR,ERR,ERR,ERR,ERR,ERR,ERR,ERR,ERR,ERR,ERR,ERR,ERR,ERR,ERR,ERR,ERR,ERR,ERR,ERR,ERR,ERR,ERR,ERR,ERR,ERR,ERR,ERR,ERR,ERR,ERR,ERR,ERR,ERR,ERR,ERR,ERR,ERR,ERR,ERR,ERR,ERR,ERR,ERR,ERR,ERR,ERR,ERR,ERR,ERR,ERR,ERR,ERR,ERR,ERR,ERR,ERR,ERR,ERR,ERR,ERR,ERR,ERR,ERR,ERR,ERR,ERR,ERR,ERR,ERR,ERR,ERR,ERR,ERR,ERR,ERR,ERR,ERR,ERR,ERR,ERR,ERR,ERR,ERR,ERR,ERR,ERR,ERR,ERR,ERR,ERR,ERR,ERR,ERR,ERR,ERR,ERR,ERR,ERR,ERR,ERR,ERR,ERR,ERR,ERR,ERR,ERR,ERR,ERR,ERR,ERR,ERR,ERR,ERR,ERR,ERR,ERR,ERR,ERR,ERR,ERR,ERR,ERR,ERR,0.0,-107615328.0,0.0,0.0,0.0,1.3936040501711995e+18,7.805,0.0,0,0,4,0,7300,-0.0,0,0.0,0.0,0.0,0.0,0.0,0,0,0,0,0.0,0,0,0,0,0,0,0,0,0,0,0,0,0,0,0,0,0,0,0,0,0,0,0,0,0,0,0,0,0,0,0,0,0,32,30,30,62,65476,0,300,0,0,8,21553,0.0,-107605600.0,0.0,0.0,0.0,0.0,0.0,0.0,0.0,0.0,0.0,0.0,0.0,0.0,0.0,0.0,0.0,0.0,0.0,0.0,0.0,0.0,2.004,0.0,-0.0,-2.004,0.0,0.0,0.0,0.0,5447.0,0.0,6945.0,0.0,-107615328.0,-107615280.0,-0.0,0.0,0.0,0.0,0.0,63,2.3088396621844998e+20,-0.0,0.0,0.0,0.0,0.0,0.0,0.0,0.0,0,0,0,0.0,0.0,0.0,0.0,0.0,0.0,0.0,0.0,0.0,0.0,0.0,0.0,0.0,0.0,0.0,0.0,0,-107875648.0,63,0.0,126,2.7184242562605685e+23,-0.0,ERR,ERR,ERR,ERR,ERR,ERR,ERR,ERR,ERR,ERR,ERR,ERR,ERR,ERR,ERR,ERR,ERR,ERR,ERR,ERR,ERR,ERR,ERR,ERR,ERR,ERR,ERR,ERR,ERR,ERR,ERR,ERR,ERR,ERR,ERR,ERR,ERR,ERR,ERR,ERR,ERR,ERR,ERR,ERR,ERR,ERR,ERR,ERR,ERR,ERR,ERR,ERR,ERR,ERR,ERR,ERR,ERR,ERR,ERR,ERR,ERR,ERR,ERR,ERR,ERR,ERR,ERR,34.0,80.0,35,0.0,0.0,0.0,0.0,0.0,0.0,0.0,0.0,0.0,0.0,0.0,0.0,0.0,0.0,0.0,0.0,64.4,0,116,56,50,65476,0,300,0,0,8,20529,65476,0,0,57672,80.0,0.0,0.0,0.0,0.0,0.0
2026-06-17T04:25:51,ERR,ERR,ERR,ERR,ERR,ERR,ERR,ERR,ERR,ERR,ERR,ERR,ERR,ERR,ERR,ERR,ERR,ERR,ERR,ERR,ERR,ERR,ERR,ERR,ERR,ERR,ERR,ERR,ERR,ERR,ERR,ERR,ERR,ERR,ERR,ERR,ERR,ERR,ERR,ERR,ERR,ERR,ERR,ERR,ERR,ERR,ERR,ERR,ERR,ERR,ERR,ERR,ERR,ERR,ERR,ERR,ERR,ERR,ERR,ERR,ERR,ERR,ERR,ERR,ERR,ERR,ERR,ERR,ERR,ERR,ERR,ERR,ERR,ERR,ERR,ERR,ERR,ERR,ERR,ERR,ERR,ERR,ERR,ERR,ERR,ERR,ERR,ERR,ERR,ERR,ERR,ERR,ERR,ERR,ERR,ERR,ERR,ERR,ERR,ERR,ERR,ERR,ERR,ERR,ERR,ERR,ERR,ERR,ERR,ERR,ERR,ERR,ERR,ERR,ERR,ERR,ERR,ERR,ERR,ERR,ERR,ERR,ERR,ERR,ERR,0.0,-107615328.0,0.0,0.0,0.0,1.3936040501711995e+18,7.805,0.0,0,0,4,0,7300,-0.0,0,0.0,0.0,0.0,0.0,0.0,0,0,0,0,0.0,0,0,0,0,0,0,0,0,0,0,0,0,0,0,0,0,0,0,0,0,0,0,0,0,0,0,0,0,0,0,0,0,0,32,30,30,62,65476,0,300,0,0,8,21553,0.0,-107605600.0,0.0,0.0,0.0,0.0,0.0,0.0,0.0,0.0,0.0,0.0,0.0,0.0,0.0,0.0,0.0,0.0,0.0,0.0,0.0,0.0,2.004,0.0,-0.0,-2.004,0.0,0.0,0.0,0.0,5447.0,0.0,6945.0,0.0,-107615328.0,-107615280.0,-0.0,0.0,0.0,0.0,0.0,63,2.3088396621844998e+20,-0.0,0.0,0.0,0.0,0.0,0.0,0.0,0.0,0,0,0,0.0,0.0,0.0,0.0,0.0,0.0,0.0,0.0,0.0,0.0,0.0,0.0,0.0,0.0,0.0,0.0,0,-107875648.0,63,0.0,126,2.7184242562605685e+23,-0.0,ERR,ERR,ERR,ERR,ERR,ERR,ERR,ERR,ERR,ERR,ERR,ERR,ERR,ERR,ERR,ERR,ERR,ERR,ERR,ERR,ERR,ERR,ERR,ERR,ERR,ERR,ERR,ERR,ERR,ERR,ERR,ERR,ERR,ERR,ERR,ERR,ERR,ERR,ERR,ERR,ERR,ERR,ERR,ERR,ERR,ERR,ERR,ERR,ERR,ERR,ERR,ERR,ERR,ERR,ERR,ERR,ERR,ERR,ERR,ERR,ERR,ERR,ERR,ERR,ERR,ERR,ERR,34.0,80.0,35,0.0,0.0,0.0,0.0,0.0,0.0,0.0,0.0,0.0,0.0,0.0,0.0,0.0,0.0,0.0,0.0,64.4,0,116,56,50,65476,0,300,0,0,8,20529,65476,0,0,57672,80.0,0.0,0.0,0.0,0.0,0.0
2026-06-17T04:25:52,ERR,ERR,ERR,ERR,ERR,ERR,ERR,ERR,ERR,ERR,ERR,ERR,ERR,ERR,ERR,ERR,ERR,ERR,ERR,ERR,ERR,ERR,ERR,ERR,ERR,ERR,ERR,ERR,ERR,ERR,ERR,ERR,ERR,ERR,ERR,ERR,ERR,ERR,ERR,ERR,ERR,ERR,ERR,ERR,ERR,ERR,ERR,ERR,ERR,ERR,ERR,ERR,ERR,ERR,ERR,ERR,ERR,ERR,ERR,ERR,ERR,ERR,ERR,ERR,ERR,ERR,ERR,ERR,ERR,ERR,ERR,ERR,ERR,ERR,ERR,ERR,ERR,ERR,ERR,ERR,ERR,ERR,ERR,ERR,ERR,ERR,ERR,ERR,ERR,ERR,ERR,ERR,ERR,ERR,ERR,ERR,ERR,ERR,ERR,ERR,ERR,ERR,ERR,ERR,ERR,ERR,ERR,ERR,ERR,ERR,ERR,ERR,ERR,ERR,ERR,ERR,ERR,ERR,ERR,ERR,ERR,ERR,ERR,ERR,ERR,0.0,-107615328.0,0.0,0.0,0.0,1.3936040501711995e+18,7.805,0.0,0,0,4,0,7300,-0.0,0,0.0,0.0,0.0,0.0,0.0,0,0,0,0,0.0,0,0,0,0,0,0,0,0,0,0,0,0,0,0,0,0,0,0,0,0,0,0,0,0,0,0,0,0,0,0,0,0,0,32,30,30,62,65476,0,300,0,0,8,21553,0.0,-107605600.0,0.0,0.0,0.0,0.0,0.0,0.0,0.0,0.0,0.0,0.0,0.0,0.0,0.0,0.0,0.0,0.0,0.0,0.0,0.0,0.0,2.004,0.0,-0.0,-2.004,0.0,0.0,0.0,0.0,5447.0,0.0,6945.0,0.0,-107615328.0,-107615280.0,-0.0,0.0,0.0,0.0,0.0,63,2.3088396621844998e+20,-0.0,0.0,0.0,0.0,0.0,0.0,0.0,0.0,0,0,0,0.0,0.0,0.0,0.0,0.0,0.0,0.0,0.0,0.0,0.0,0.0,0.0,0.0,0.0,0.0,0.0,0,-107875648.0,63,0.0,126,2.7184242562605685e+23,-0.0,ERR,ERR,ERR,ERR,ERR,ERR,ERR,ERR,ERR,ERR,ERR,ERR,ERR,ERR,ERR,ERR,ERR,ERR,ERR,ERR,ERR,ERR,ERR,ERR,ERR,ERR,ERR,ERR,ERR,ERR,ERR,ERR,ERR,ERR,ERR,ERR,ERR,ERR,ERR,ERR,ERR,ERR,ERR,ERR,ERR,ERR,ERR,ERR,ERR,ERR,ERR,ERR,ERR,ERR,ERR,ERR,ERR,ERR,ERR,ERR,ERR,ERR,ERR,ERR,ERR,ERR,ERR,34.0,80.0,35,0.0,0.0,0.0,0.0,0.0,0.0,0.0,0.0,0.0,0.0,0.0,0.0,0.0,0.0,0.0,0.0,64.4,0,116,56,50,65476,0,300,0,0,8,20529,65476,0,0,57672,80.0,0.0,0.0,0.0,0.0,0.0
2026-06-17T04:25:53,ERR,ERR,ERR,ERR,ERR,ERR,ERR,ERR,ERR,ERR,ERR,ERR,ERR,ERR,ERR,ERR,ERR,ERR,ERR,ERR,ERR,ERR,ERR,ERR,ERR,ERR,ERR,ERR,ERR,ERR,ERR,ERR,ERR,ERR,ERR,ERR,ERR,ERR,ERR,ERR,ERR,ERR,ERR,ERR,ERR,ERR,ERR,ERR,ERR,ERR,ERR,ERR,ERR,ERR,ERR,ERR,ERR,ERR,ERR,ERR,ERR,ERR,ERR,ERR,ERR,ERR,ERR,ERR,ERR,ERR,ERR,ERR,ERR,ERR,ERR,ERR,ERR,ERR,ERR,ERR,ERR,ERR,ERR,ERR,ERR,ERR,ERR,ERR,ERR,ERR,ERR,ERR,ERR,ERR,ERR,ERR,ERR,ERR,ERR,ERR,ERR,ERR,ERR,ERR,ERR,ERR,ERR,ERR,ERR,ERR,ERR,ERR,ERR,ERR,ERR,ERR,ERR,ERR,ERR,ERR,ERR,ERR,ERR,ERR,ERR,0.0,-107615328.0,0.0,0.0,0.0,1.3936040501711995e+18,7.805,0.0,0,0,4,0,7300,-0.0,0,0.0,0.0,0.0,0.0,0.0,0,0,0,0,0.0,0,0,0,0,0,0,0,0,0,0,0,0,0,0,0,0,0,0,0,0,0,0,0,0,0,0,0,0,0,0,0,0,0,32,30,30,62,65476,0,300,0,0,8,21553,0.0,-107605600.0,0.0,0.0,0.0,0.0,0.0,0.0,0.0,0.0,0.0,0.0,0.0,0.0,0.0,0.0,0.0,0.0,0.0,0.0,0.0,0.0,2.004,0.0,-0.0,-2.004,0.0,0.0,0.0,0.0,5447.0,0.0,6945.0,0.0,-107615328.0,-107615280.0,-0.0,0.0,0.0,0.0,0.0,63,2.3088396621844998e+20,-0.0,0.0,0.0,0.0,0.0,0.0,0.0,0.0,0,0,0,0.0,0.0,0.0,0.0,0.0,0.0,0.0,0.0,0.0,0.0,0.0,0.0,0.0,0.0,0.0,0.0,0,-107875648.0,63,0.0,126,2.7184242562605685e+23,-0.0,ERR,ERR,ERR,ERR,ERR,ERR,ERR,ERR,ERR,ERR,ERR,ERR,ERR,ERR,ERR,ERR,ERR,ERR,ERR,ERR,ERR,ERR,ERR,ERR,ERR,ERR,ERR,ERR,ERR,ERR,ERR,ERR,ERR,ERR,ERR,ERR,ERR,ERR,ERR,ERR,ERR,ERR,ERR,ERR,ERR,ERR,ERR,ERR,ERR,ERR,ERR,ERR,ERR,ERR,ERR,ERR,ERR,ERR,ERR,ERR,ERR,ERR,ERR,ERR,ERR,ERR,ERR,34.0,80.0,35,0.0,0.0,0.0,0.0,0.0,0.0,0.0,0.0,0.0,0.0,0.0,0.0,0.0,0.0,0.0,0.0,64.4,0,116,56,50,65476,0,300,0,0,8,20529,65476,0,0,57672,80.0,0.0,0.0,0.0,0.0,0.0
2026-06-17T04:25:54,ERR,ERR,ERR,ERR,ERR,ERR,ERR,ERR,ERR,ERR,ERR,ERR,ERR,ERR,ERR,ERR,ERR,ERR,ERR,ERR,ERR,ERR,ERR,ERR,ERR,ERR,ERR,ERR,ERR,ERR,ERR,ERR,ERR,ERR,ERR,ERR,ERR,ERR,ERR,ERR,ERR,ERR,ERR,ERR,ERR,ERR,ERR,ERR,ERR,ERR,ERR,ERR,ERR,ERR,ERR,ERR,ERR,ERR,ERR,ERR,ERR,ERR,ERR,ERR,ERR,ERR,ERR,ERR,ERR,ERR,ERR,ERR,ERR,ERR,ERR,ERR,ERR,ERR,ERR,ERR,ERR,ERR,ERR,ERR,ERR,ERR,ERR,ERR,ERR,ERR,ERR,ERR,ERR,ERR,ERR,ERR,ERR,ERR,ERR,ERR,ERR,ERR,ERR,ERR,ERR,ERR,ERR,ERR,ERR,ERR,ERR,ERR,ERR,ERR,ERR,ERR,ERR,ERR,ERR,ERR,ERR,ERR,ERR,ERR,ERR,0.0,-107615328.0,0.0,0.0,0.0,1.3936040501711995e+18,7.805,0.0,0,0,4,0,7300,-0.0,0,0.0,0.0,0.0,0.0,0.0,0,0,0,0,0.0,0,0,0,0,0,0,0,0,0,0,0,0,0,0,0,0,0,0,0,0,0,0,0,0,0,0,0,0,0,0,0,0,0,32,30,30,62,65476,0,300,0,0,8,21553,0.0,-107605600.0,0.0,0.0,0.0,0.0,0.0,0.0,0.0,0.0,0.0,0.0,0.0,0.0,0.0,0.0,0.0,0.0,0.0,0.0,0.0,0.0,2.004,0.0,-0.0,-2.004,0.0,0.0,0.0,0.0,5447.0,0.0,6945.0,0.0,-107615328.0,-107615280.0,-0.0,0.0,0.0,0.0,0.0,63,2.3088396621844998e+20,-0.0,0.0,0.0,0.0,0.0,0.0,0.0,0.0,0,0,0,0.0,0.0,0.0,0.0,0.0,0.0,0.0,0.0,0.0,0.0,0.0,0.0,0.0,0.0,0.0,0.0,0,-107875648.0,63,0.0,126,2.7184242562605685e+23,-0.0,ERR,ERR,ERR,ERR,ERR,ERR,ERR,ERR,ERR,ERR,ERR,ERR,ERR,ERR,ERR,ERR,ERR,ERR,ERR,ERR,ERR,ERR,ERR,ERR,ERR,ERR,ERR,ERR,ERR,ERR,ERR,ERR,ERR,ERR,ERR,ERR,ERR,ERR,ERR,ERR,ERR,ERR,ERR,ERR,ERR,ERR,ERR,ERR,ERR,ERR,ERR,ERR,ERR,ERR,ERR,ERR,ERR,ERR,ERR,ERR,ERR,ERR,ERR,ERR,ERR,ERR,ERR,34.0,80.0,35,0.0,0.0,0.0,0.0,0.0,0.0,0.0,0.0,0.0,0.0,0.0,0.0,0.0,0.0,0.0,0.0,64.8,0,116,56,50,65476,0,300,0,0,8,20529,65476,0,0,57672,80.0,0.0,0.0,0.0,0.0,0.0
2026-06-17T04:25:55,ERR,ERR,ERR,ERR,ERR,ERR,ERR,ERR,ERR,ERR,ERR,ERR,ERR,ERR,ERR,ERR,ERR,ERR,ERR,ERR,ERR,ERR,ERR,ERR,ERR,ERR,ERR,ERR,ERR,ERR,ERR,ERR,ERR,ERR,ERR,ERR,ERR,ERR,ERR,ERR,ERR,ERR,ERR,ERR,ERR,ERR,ERR,ERR,ERR,ERR,ERR,ERR,ERR,ERR,ERR,ERR,ERR,ERR,ERR,ERR,ERR,ERR,ERR,ERR,ERR,ERR,ERR,ERR,ERR,ERR,ERR,ERR,ERR,ERR,ERR,ERR,ERR,ERR,ERR,ERR,ERR,ERR,ERR,ERR,ERR,ERR,ERR,ERR,ERR,ERR,ERR,ERR,ERR,ERR,ERR,ERR,ERR,ERR,ERR,ERR,ERR,ERR,ERR,ERR,ERR,ERR,ERR,ERR,ERR,ERR,ERR,ERR,ERR,ERR,ERR,ERR,ERR,ERR,ERR,ERR,ERR,ERR,ERR,ERR,ERR,0.0,-107615328.0,0.0,0.0,0.0,1.3936040501711995e+18,7.805,0.0,0,0,4,0,7300,-0.0,0,0.0,0.0,0.0,0.0,0.0,0,0,0,0,0.0,0,0,0,0,0,0,0,0,0,0,0,0,0,0,0,0,0,0,0,0,0,0,0,0,0,0,0,0,0,0,0,0,0,32,30,30,62,65476,0,300,0,0,8,21553,0.0,-107605600.0,0.0,0.0,0.0,0.0,0.0,0.0,0.0,0.0,0.0,0.0,0.0,0.0,0.0,0.0,0.0,0.0,0.0,0.0,0.0,0.0,2.004,0.0,-0.0,-2.004,0.0,0.0,0.0,0.0,5447.0,0.0,6945.0,0.0,-107615328.0,-107615280.0,-0.0,0.0,0.0,0.0,0.0,63,2.3088396621844998e+20,-0.0,0.0,0.0,0.0,0.0,0.0,0.0,0.0,0,0,0,0.0,0.0,0.0,0.0,0.0,0.0,0.0,0.0,0.0,0.0,0.0,0.0,0.0,0.0,0.0,0.0,0,-107875648.0,63,0.0,126,2.7184242562605685e+23,-0.0,ERR,ERR,ERR,ERR,ERR,ERR,ERR,ERR,ERR,ERR,ERR,ERR,ERR,ERR,ERR,ERR,ERR,ERR,ERR,ERR,ERR,ERR,ERR,ERR,ERR,ERR,ERR,ERR,ERR,ERR,ERR,ERR,ERR,ERR,ERR,ERR,ERR,ERR,ERR,ERR,ERR,ERR,ERR,ERR,ERR,ERR,ERR,ERR,ERR,ERR,ERR,ERR,ERR,ERR,ERR,ERR,ERR,ERR,ERR,ERR,ERR,ERR,ERR,ERR,ERR,ERR,ERR,34.0,80.0,35,0.0,0.0,0.0,0.0,0.0,0.0,0.0,0.0,0.0,0.0,0.0,0.0,0.0,0.0,0.0,0.0,64.8,0,116,56,50,65476,0,300,0,0,8,20529,65476,0,0,57672,80.0,0.0,0.0,0.0,0.0,0.0
2026-06-17T04:25:56,ERR,ERR,ERR,ERR,ERR,ERR,ERR,ERR,ERR,ERR,ERR,ERR,ERR,ERR,ERR,ERR,ERR,ERR,ERR,ERR,ERR,ERR,ERR,ERR,ERR,ERR,ERR,ERR,ERR,ERR,ERR,ERR,ERR,ERR,ERR,ERR,ERR,ERR,ERR,ERR,ERR,ERR,ERR,ERR,ERR,ERR,ERR,ERR,ERR,ERR,ERR,ERR,ERR,ERR,ERR,ERR,ERR,ERR,ERR,ERR,ERR,ERR,ERR,ERR,ERR,ERR,ERR,ERR,ERR,ERR,ERR,ERR,ERR,ERR,ERR,ERR,ERR,ERR,ERR,ERR,ERR,ERR,ERR,ERR,ERR,ERR,ERR,ERR,ERR,ERR,ERR,ERR,ERR,ERR,ERR,ERR,ERR,ERR,ERR,ERR,ERR,ERR,ERR,ERR,ERR,ERR,ERR,ERR,ERR,ERR,ERR,ERR,ERR,ERR,ERR,ERR,ERR,ERR,ERR,ERR,ERR,ERR,ERR,ERR,ERR,0.0,-107615328.0,0.0,0.0,0.0,1.3936040501711995e+18,7.805,0.0,0,0,4,0,7300,-0.0,0,0.0,0.0,0.0,0.0,0.0,0,0,0,0,0.0,0,0,0,0,0,0,0,0,0,0,0,0,0,0,0,0,0,0,0,0,0,0,0,0,0,0,0,0,0,0,0,0,0,32,30,30,62,65476,0,300,0,0,8,21553,0.0,-107605600.0,0.0,0.0,0.0,0.0,0.0,0.0,0.0,0.0,0.0,0.0,0.0,0.0,0.0,0.0,0.0,0.0,0.0,0.0,0.0,0.0,2.004,0.0,-0.0,-2.004,0.0,0.0,0.0,0.0,5448.0,131350.656,6953.0,0.0,-107615328.0,-107615280.0,-0.0,0.0,0.0,0.0,0.0,63,2.718429300292151e+23,-4.950408094504864e+32,0.0,0.0,0.0,0.0,0.0,0.0,0.0,0,0,0,0.0,0.0,0.0,0.0,0.0,0.0,0.0,0.0,0.0,0.0,0.0,0.0,0.0,0.0,0.0,0.0,0,-107875648.0,63,0.0,126,2.7184242562605685e+23,-0.0,ERR,ERR,ERR,ERR,ERR,ERR,ERR,ERR,ERR,ERR,ERR,ERR,ERR,ERR,ERR,ERR,ERR,ERR,ERR,ERR,ERR,ERR,ERR,ERR,ERR,ERR,ERR,ERR,ERR,ERR,ERR,ERR,ERR,ERR,ERR,ERR,ERR,ERR,ERR,ERR,ERR,ERR,ERR,ERR,ERR,ERR,ERR,ERR,ERR,ERR,ERR,ERR,ERR,ERR,ERR,ERR,ERR,ERR,ERR,ERR,ERR,ERR,ERR,ERR,ERR,ERR,ERR,34.0,80.0,35,0.0,0.0,0.0,0.0,0.0,0.0,0.0,0.0,0.0,0.0,0.0,0.0,0.0,0.0,0.0,0.0,64.4,0,116,56,50,65476,0,300,0,0,8,20529,65476,0,0,57672,80.0,0.0,0.0,0.0,0.0,0.0
2026-06-17T04:25:57,ERR,ERR,ERR,ERR,ERR,ERR,ERR,ERR,ERR,ERR,ERR,ERR,ERR,ERR,ERR,ERR,ERR,ERR,ERR,ERR,ERR,ERR,ERR,ERR,ERR,ERR,ERR,ERR,ERR,ERR,ERR,ERR,ERR,ERR,ERR,ERR,ERR,ERR,ERR,ERR,ERR,ERR,ERR,ERR,ERR,ERR,ERR,ERR,ERR,ERR,ERR,ERR,ERR,ERR,ERR,ERR,ERR,ERR,ERR,ERR,ERR,ERR,ERR,ERR,ERR,ERR,ERR,ERR,ERR,ERR,ERR,ERR,ERR,ERR,ERR,ERR,ERR,ERR,ERR,ERR,ERR,ERR,ERR,ERR,ERR,ERR,ERR,ERR,ERR,ERR,ERR,ERR,ERR,ERR,ERR,ERR,ERR,ERR,ERR,ERR,ERR,ERR,ERR,ERR,ERR,ERR,ERR,ERR,ERR,ERR,ERR,ERR,ERR,ERR,ERR,ERR,ERR,ERR,ERR,ERR,ERR,ERR,ERR,ERR,ERR,0.0,-107615328.0,0.0,0.0,0.0,1.3936040501711995e+18,7.805,0.0,0,0,4,0,7300,-0.0,0,0.0,0.0,0.0,0.0,0.0,0,0,0,0,0.0,0,0,0,0,0,0,0,0,0,0,0,0,0,0,0,0,0,0,0,0,0,0,0,0,0,0,0,0,0,0,0,0,0,32,30,30,62,65476,0,300,0,0,8,21553,0.0,-107605600.0,0.0,0.0,0.0,0.0,0.0,0.0,0.0,0.0,0.0,0.0,0.0,0.0,0.0,0.0,0.0,0.0,0.0,0.0,0.0,0.0,2.004,0.0,-0.0,-2.004,0.0,0.0,0.0,0.0,5448.0,131350.656,6953.0,0.0,-107615328.0,-107615280.0,-0.0,0.0,0.0,0.0,0.0,63,2.718429300292151e+23,-4.950408094504864e+32,0.0,0.0,0.0,0.0,0.0,0.0,0.0,0,0,0,0.0,0.0,0.0,0.0,0.0,0.0,0.0,0.0,0.0,0.0,0.0,0.0,0.0,0.0,0.0,0.0,0,-107875648.0,63,0.0,126,2.7184242562605685e+23,-0.0,ERR,ERR,ERR,ERR,ERR,ERR,ERR,ERR,ERR,ERR,ERR,ERR,ERR,ERR,ERR,ERR,ERR,ERR,ERR,ERR,ERR,ERR,ERR,ERR,ERR,ERR,ERR,ERR,ERR,ERR,ERR,ERR,ERR,ERR,ERR,ERR,ERR,ERR,ERR,ERR,ERR,ERR,ERR,ERR,ERR,ERR,ERR,ERR,ERR,ERR,ERR,ERR,ERR,ERR,ERR,ERR,ERR,ERR,ERR,ERR,ERR,ERR,ERR,ERR,ERR,ERR,ERR,34.0,80.0,35,0.0,0.0,0.0,0.0,0.0,0.0,0.0,0.0,0.0,0.0,0.0,0.0,0.0,0.0,0.0,0.0,64.4,0,116,56,50,65476,0,300,0,0,8,20529,65476,0,0,57672,80.0,0.0,0.0,0.0,0.0,0.0
2026-06-17T04:25:58,ERR,ERR,ERR,ERR,ERR,ERR,ERR,ERR,ERR,ERR,ERR,ERR,ERR,ERR,ERR,ERR,ERR,ERR,ERR,ERR,ERR,ERR,ERR,ERR,ERR,ERR,ERR,ERR,ERR,ERR,ERR,ERR,ERR,ERR,ERR,ERR,ERR,ERR,ERR,ERR,ERR,ERR,ERR,ERR,ERR,ERR,ERR,ERR,ERR,ERR,ERR,ERR,ERR,ERR,ERR,ERR,ERR,ERR,ERR,ERR,ERR,ERR,ERR,ERR,ERR,ERR,ERR,ERR,ERR,ERR,ERR,ERR,ERR,ERR,ERR,ERR,ERR,ERR,ERR,ERR,ERR,ERR,ERR,ERR,ERR,ERR,ERR,ERR,ERR,ERR,ERR,ERR,ERR,ERR,ERR,ERR,ERR,ERR,ERR,ERR,ERR,ERR,ERR,ERR,ERR,ERR,ERR,ERR,ERR,ERR,ERR,ERR,ERR,ERR,ERR,ERR,ERR,ERR,ERR,ERR,ERR,ERR,ERR,ERR,ERR,0.0,-107615328.0,0.0,0.0,0.0,1.3936040501711995e+18,7.805,0.0,0,0,4,0,7300,-0.0,0,0.0,0.0,0.0,0.0,0.0,0,0,0,0,0.0,0,0,0,0,0,0,0,0,0,0,0,0,0,0,0,0,0,0,0,0,0,0,0,0,0,0,0,0,0,0,0,0,0,32,30,30,62,65476,0,300,0,0,8,21553,0.0,-107605600.0,0.0,0.0,0.0,0.0,0.0,0.0,0.0,0.0,0.0,0.0,0.0,0.0,0.0,0.0,0.0,0.0,0.0,0.0,0.0,0.0,2.004,0.0,-0.0,-2.004,0.0,0.0,0.0,0.0,5448.0,131350.656,6953.0,0.0,-107615328.0,-107615280.0,-0.0,0.0,0.0,0.0,0.0,63,2.718429300292151e+23,-4.950408094504864e+32,0.0,0.0,0.0,0.0,0.0,0.0,0.0,0,0,0,0.0,0.0,0.0,0.0,0.0,0.0,0.0,0.0,0.0,0.0,0.0,0.0,0.0,0.0,0.0,0.0,0,-107875648.0,63,0.0,126,2.7184242562605685e+23,-0.0,ERR,ERR,ERR,ERR,ERR,ERR,ERR,ERR,ERR,ERR,ERR,ERR,ERR,ERR,ERR,ERR,ERR,ERR,ERR,ERR,ERR,ERR,ERR,ERR,ERR,ERR,ERR,ERR,ERR,ERR,ERR,ERR,ERR,ERR,ERR,ERR,ERR,ERR,ERR,ERR,ERR,ERR,ERR,ERR,ERR,ERR,ERR,ERR,ERR,ERR,ERR,ERR,ERR,ERR,ERR,ERR,ERR,ERR,ERR,ERR,ERR,ERR,ERR,ERR,ERR,ERR,ERR,34.0,80.0,35,0.0,0.0,0.0,0.0,0.0,0.0,0.0,0.0,0.0,0.0,0.0,0.0,0.0,0.0,0.0,0.0,64.8,0,116,56,50,65476,0,300,0,0,8,20529,65476,0,0,57672,80.0,0.0,0.0,0.0,0.0,0.0
2026-06-17T04:25:59,ERR,ERR,ERR,ERR,ERR,ERR,ERR,ERR,ERR,ERR,ERR,ERR,ERR,ERR,ERR,ERR,ERR,ERR,ERR,ERR,ERR,ERR,ERR,ERR,ERR,ERR,ERR,ERR,ERR,ERR,ERR,ERR,ERR,ERR,ERR,ERR,ERR,ERR,ERR,ERR,ERR,ERR,ERR,ERR,ERR,ERR,ERR,ERR,ERR,ERR,ERR,ERR,ERR,ERR,ERR,ERR,ERR,ERR,ERR,ERR,ERR,ERR,ERR,ERR,ERR,ERR,ERR,ERR,ERR,ERR,ERR,ERR,ERR,ERR,ERR,ERR,ERR,ERR,ERR,ERR,ERR,ERR,ERR,ERR,ERR,ERR,ERR,ERR,ERR,ERR,ERR,ERR,ERR,ERR,ERR,ERR,ERR,ERR,ERR,ERR,ERR,ERR,ERR,ERR,ERR,ERR,ERR,ERR,ERR,ERR,ERR,ERR,ERR,ERR,ERR,ERR,ERR,ERR,ERR,ERR,ERR,ERR,ERR,ERR,ERR,0.0,-107615328.0,0.0,0.0,0.0,1.3936040501711995e+18,7.805,0.0,0,0,4,0,7300,-0.0,0,0.0,0.0,0.0,0.0,0.0,0,0,0,0,0.0,0,0,0,0,0,0,0,0,0,0,0,0,0,0,0,0,0,0,0,0,0,0,0,0,0,0,0,0,0,0,0,0,0,32,30,30,62,65476,0,300,0,0,8,21553,0.0,-107605600.0,0.0,0.0,0.0,0.0,0.0,0.0,0.0,0.0,0.0,0.0,0.0,0.0,0.0,0.0,0.0,0.0,0.0,0.0,0.0,0.0,2.004,0.0,-0.0,-2.004,0.0,0.0,0.0,0.0,5448.0,131350.656,6953.0,0.0,-107615328.0,-107615280.0,-0.0,0.0,0.0,0.0,0.0,63,2.718429300292151e+23,-4.950408094504864e+32,0.0,0.0,0.0,0.0,0.0,0.0,0.0,0,0,0,0.0,0.0,0.0,0.0,0.0,0.0,0.0,0.0,0.0,0.0,0.0,0.0,0.0,0.0,0.0,0.0,0,-107875648.0,63,0.0,126,2.7184242562605685e+23,-0.0,ERR,ERR,ERR,ERR,ERR,ERR,ERR,ERR,ERR,ERR,ERR,ERR,ERR,ERR,ERR,ERR,ERR,ERR,ERR,ERR,ERR,ERR,ERR,ERR,ERR,ERR,ERR,ERR,ERR,ERR,ERR,ERR,ERR,ERR,ERR,ERR,ERR,ERR,ERR,ERR,ERR,ERR,ERR,ERR,ERR,ERR,ERR,ERR,ERR,ERR,ERR,ERR,ERR,ERR,ERR,ERR,ERR,ERR,ERR,ERR,ERR,ERR,ERR,ERR,ERR,ERR,ERR,34.0,80.0,35,0.0,0.0,0.0,0.0,0.0,0.0,0.0,0.0,0.0,0.0,0.0,0.0,0.0,0.0,0.0,0.0,64.4,0,116,56,50,65476,0,300,0,0,8,20529,65476,0,0,57672,80.0,0.0,0.0,0.0,0.0,0.0
2026-06-17T04:26:00,ERR,ERR,ERR,ERR,ERR,ERR,ERR,ERR,ERR,ERR,ERR,ERR,ERR,ERR,ERR,ERR,ERR,ERR,ERR,ERR,ERR,ERR,ERR,ERR,ERR,ERR,ERR,ERR,ERR,ERR,ERR,ERR,ERR,ERR,ERR,ERR,ERR,ERR,ERR,ERR,ERR,ERR,ERR,ERR,ERR,ERR,ERR,ERR,ERR,ERR,ERR,ERR,ERR,ERR,ERR,ERR,ERR,ERR,ERR,ERR,ERR,ERR,ERR,ERR,ERR,ERR,ERR,ERR,ERR,ERR,ERR,ERR,ERR,ERR,ERR,ERR,ERR,ERR,ERR,ERR,ERR,ERR,ERR,ERR,ERR,ERR,ERR,ERR,ERR,ERR,ERR,ERR,ERR,ERR,ERR,ERR,ERR,ERR,ERR,ERR,ERR,ERR,ERR,ERR,ERR,ERR,ERR,ERR,ERR,ERR,ERR,ERR,ERR,ERR,ERR,ERR,ERR,ERR,ERR,ERR,ERR,ERR,ERR,ERR,ERR,0.0,-107615328.0,0.0,0.0,0.0,1.3936040501711995e+18,7.805,0.0,0,0,4,0,7300,-0.0,0,0.0,0.0,0.0,0.0,0.0,0,0,0,0,0.0,0,0,0,0,0,0,0,0,0,0,0,0,0,0,0,0,0,0,0,0,0,0,0,0,0,0,0,0,0,0,0,0,0,32,30,30,62,65476,0,300,0,0,8,21553,0.0,-107605600.0,0.0,0.0,0.0,0.0,0.0,0.0,0.0,0.0,0.0,0.0,0.0,0.0,0.0,0.0,0.0,0.0,0.0,0.0,0.0,0.0,2.004,0.0,-0.0,-2.004,0.0,0.0,0.0,0.0,5448.0,131350.656,6953.0,0.0,-107615328.0,-107615280.0,-0.0,0.0,0.0,0.0,0.0,63,2.718429300292151e+23,-4.950408094504864e+32,0.0,0.0,0.0,0.0,0.0,0.0,0.0,0,0,0,0.0,0.0,0.0,0.0,0.0,0.0,0.0,0.0,0.0,0.0,0.0,0.0,0.0,0.0,0.0,0.0,0,-107875648.0,63,0.0,126,2.7184242562605685e+23,-0.0,ERR,ERR,ERR,ERR,ERR,ERR,ERR,ERR,ERR,ERR,ERR,ERR,ERR,ERR,ERR,ERR,ERR,ERR,ERR,ERR,ERR,ERR,ERR,ERR,ERR,ERR,ERR,ERR,ERR,ERR,ERR,ERR,ERR,ERR,ERR,ERR,ERR,ERR,ERR,ERR,ERR,ERR,ERR,ERR,ERR,ERR,ERR,ERR,ERR,ERR,ERR,ERR,ERR,ERR,ERR,ERR,ERR,ERR,ERR,ERR,ERR,ERR,ERR,ERR,ERR,ERR,ERR,34.0,80.0,35,0.0,0.0,0.0,0.0,0.0,0.0,0.0,0.0,0.0,0.0,0.0,0.0,0.0,0.0,0.0,0.0,64.4,0,116,56,50,65476,0,300,0,0,8,20529,65476,0,0,57672,80.0,0.0,0.0,0.0,0.0,0.0
2026-06-17T04:26:01,ERR,ERR,ERR,ERR,ERR,ERR,ERR,ERR,ERR,ERR,ERR,ERR,ERR,ERR,ERR,ERR,ERR,ERR,ERR,ERR,ERR,ERR,ERR,ERR,ERR,ERR,ERR,ERR,ERR,ERR,ERR,ERR,ERR,ERR,ERR,ERR,ERR,ERR,ERR,ERR,ERR,ERR,ERR,ERR,ERR,ERR,ERR,ERR,ERR,ERR,ERR,ERR,ERR,ERR,ERR,ERR,ERR,ERR,ERR,ERR,ERR,ERR,ERR,ERR,ERR,ERR,ERR,ERR,ERR,ERR,ERR,ERR,ERR,ERR,ERR,ERR,ERR,ERR,ERR,ERR,ERR,ERR,ERR,ERR,ERR,ERR,ERR,ERR,ERR,ERR,ERR,ERR,ERR,ERR,ERR,ERR,ERR,ERR,ERR,ERR,ERR,ERR,ERR,ERR,ERR,ERR,ERR,ERR,ERR,ERR,ERR,ERR,ERR,ERR,ERR,ERR,ERR,ERR,ERR,ERR,ERR,ERR,ERR,ERR,ERR,0.0,-107615328.0,0.0,0.0,0.0,1.3936040501711995e+18,7.805,0.0,0,0,4,0,7300,-0.0,0,0.0,0.0,0.0,0.0,0.0,0,0,0,0,0.0,0,0,0,0,0,0,0,0,0,0,0,0,0,0,0,0,0,0,0,0,0,0,0,0,0,0,0,0,0,0,0,0,0,32,30,30,62,65476,0,300,0,0,8,21553,0.0,-107605600.0,0.0,0.0,0.0,0.0,0.0,0.0,0.0,0.0,0.0,0.0,0.0,0.0,0.0,0.0,0.0,0.0,0.0,0.0,0.0,0.0,2.004,0.0,-0.0,-2.004,0.0,0.0,0.0,0.0,5445.0,-0.0,6967.0,0.0,-107615328.0,-107615280.0,-0.0,0.0,0.0,0.0,0.0,63,1.905697261480837e+17,-0.0,0.0,0.0,0.0,0.0,0.0,0.0,0.0,0,0,0,0.0,0.0,0.0,0.0,0.0,0.0,0.0,0.0,0.0,0.0,0.0,0.0,0.0,0.0,0.0,0.0,0,-107875648.0,63,0.0,126,2.7184242562605685e+23,-0.0,ERR,ERR,ERR,ERR,ERR,ERR,ERR,ERR,ERR,ERR,ERR,ERR,ERR,ERR,ERR,ERR,ERR,ERR,ERR,ERR,ERR,ERR,ERR,ERR,ERR,ERR,ERR,ERR,ERR,ERR,ERR,ERR,ERR,ERR,ERR,ERR,ERR,ERR,ERR,ERR,ERR,ERR,ERR,ERR,ERR,ERR,ERR,ERR,ERR,ERR,ERR,ERR,ERR,ERR,ERR,ERR,ERR,ERR,ERR,ERR,ERR,ERR,ERR,ERR,ERR,ERR,ERR,34.0,80.0,35,0.0,0.0,0.0,0.0,0.0,0.0,0.0,0.0,0.0,0.0,0.0,0.0,0.0,0.0,0.0,0.0,64.4,0,116,56,50,65476,0,300,0,0,8,20529,65476,0,0,57672,80.0,0.0,0.0,0.0,0.0,0.0
2026-06-17T04:26:02,ERR,ERR,ERR,ERR,ERR,ERR,ERR,ERR,ERR,ERR,ERR,ERR,ERR,ERR,ERR,ERR,ERR,ERR,ERR,ERR,ERR,ERR,ERR,ERR,ERR,ERR,ERR,ERR,ERR,ERR,ERR,ERR,ERR,ERR,ERR,ERR,ERR,ERR,ERR,ERR,ERR,ERR,ERR,ERR,ERR,ERR,ERR,ERR,ERR,ERR,ERR,ERR,ERR,ERR,ERR,ERR,ERR,ERR,ERR,ERR,ERR,ERR,ERR,ERR,ERR,ERR,ERR,ERR,ERR,ERR,ERR,ERR,ERR,ERR,ERR,ERR,ERR,ERR,ERR,ERR,ERR,ERR,ERR,ERR,ERR,ERR,ERR,ERR,ERR,ERR,ERR,ERR,ERR,ERR,ERR,ERR,ERR,ERR,ERR,ERR,ERR,ERR,ERR,ERR,ERR,ERR,ERR,ERR,ERR,ERR,ERR,ERR,ERR,ERR,ERR,ERR,ERR,ERR,ERR,ERR,ERR,ERR,ERR,ERR,ERR,0.0,-107615328.0,0.0,0.0,0.0,1.3936040501711995e+18,7.805,0.0,0,0,4,0,7300,-0.0,0,0.0,0.0,0.0,0.0,0.0,0,0,0,0,0.0,0,0,0,0,0,0,0,0,0,0,0,0,0,0,0,0,0,0,0,0,0,0,0,0,0,0,0,0,0,0,0,0,0,32,30,30,62,65476,0,300,0,0,8,21553,0.0,-107605600.0,0.0,0.0,0.0,0.0,0.0,0.0,0.0,0.0,0.0,0.0,0.0,0.0,0.0,0.0,0.0,0.0,0.0,0.0,0.0,0.0,2.004,0.0,-0.0,-2.004,0.0,0.0,0.0,0.0,5445.0,-0.0,6967.0,0.0,-107615328.0,-107615280.0,-0.0,0.0,0.0,0.0,0.0,63,1.905697261480837e+17,-0.0,0.0,0.0,0.0,0.0,0.0,0.0,0.0,0,0,0,0.0,0.0,0.0,0.0,0.0,0.0,0.0,0.0,0.0,0.0,0.0,0.0,0.0,0.0,0.0,0.0,0,-107875648.0,63,0.0,126,2.7184242562605685e+23,-0.0,ERR,ERR,ERR,ERR,ERR,ERR,ERR,ERR,ERR,ERR,ERR,ERR,ERR,ERR,ERR,ERR,ERR,ERR,ERR,ERR,ERR,ERR,ERR,ERR,ERR,ERR,ERR,ERR,ERR,ERR,ERR,ERR,ERR,ERR,ERR,ERR,ERR,ERR,ERR,ERR,ERR,ERR,ERR,ERR,ERR,ERR,ERR,ERR,ERR,ERR,ERR,ERR,ERR,ERR,ERR,ERR,ERR,ERR,ERR,ERR,ERR,ERR,ERR,ERR,ERR,ERR,ERR,34.0,80.0,35,0.0,0.0,0.0,0.0,0.0,0.0,0.0,0.0,0.0,0.0,0.0,0.0,0.0,0.0,0.0,0.0,64.4,0,116,56,50,65476,0,300,0,0,8,20529,65476,0,0,57672,80.0,0.0,0.0,0.0,0.0,0.0
2026-06-17T04:26:03,ERR,ERR,ERR,ERR,ERR,ERR,ERR,ERR,ERR,ERR,ERR,ERR,ERR,ERR,ERR,ERR,ERR,ERR,ERR,ERR,ERR,ERR,ERR,ERR,ERR,ERR,ERR,ERR,ERR,ERR,ERR,ERR,ERR,ERR,ERR,ERR,ERR,ERR,ERR,ERR,ERR,ERR,ERR,ERR,ERR,ERR,ERR,ERR,ERR,ERR,ERR,ERR,ERR,ERR,ERR,ERR,ERR,ERR,ERR,ERR,ERR,ERR,ERR,ERR,ERR,ERR,ERR,ERR,ERR,ERR,ERR,ERR,ERR,ERR,ERR,ERR,ERR,ERR,ERR,ERR,ERR,ERR,ERR,ERR,ERR,ERR,ERR,ERR,ERR,ERR,ERR,ERR,ERR,ERR,ERR,ERR,ERR,ERR,ERR,ERR,ERR,ERR,ERR,ERR,ERR,ERR,ERR,ERR,ERR,ERR,ERR,ERR,ERR,ERR,ERR,ERR,ERR,ERR,ERR,ERR,ERR,ERR,ERR,ERR,ERR,0.0,-107615328.0,0.0,0.0,0.0,1.3936040501711995e+18,7.805,0.0,0,0,4,0,7300,-0.0,0,0.0,0.0,0.0,0.0,0.0,0,0,0,0,0.0,0,0,0,0,0,0,0,0,0,0,0,0,0,0,0,0,0,0,0,0,0,0,0,0,0,0,0,0,0,0,0,0,0,32,30,30,62,65476,0,300,0,0,8,21553,0.0,-107605600.0,0.0,0.0,0.0,0.0,0.0,0.0,0.0,0.0,0.0,0.0,0.0,0.0,0.0,0.0,0.0,0.0,0.0,0.0,0.0,0.0,2.004,0.0,-0.0,-2.004,0.0,0.0,0.0,0.0,5445.0,-0.0,6967.0,0.0,-107615328.0,-107615280.0,-0.0,0.0,0.0,0.0,0.0,63,1.905697261480837e+17,-0.0,0.0,0.0,0.0,0.0,0.0,0.0,0.0,0,0,0,0.0,0.0,0.0,0.0,0.0,0.0,0.0,0.0,0.0,0.0,0.0,0.0,0.0,0.0,0.0,0.0,0,-107875648.0,63,0.0,126,2.7184242562605685e+23,-0.0,ERR,ERR,ERR,ERR,ERR,ERR,ERR,ERR,ERR,ERR,ERR,ERR,ERR,ERR,ERR,ERR,ERR,ERR,ERR,ERR,ERR,ERR,ERR,ERR,ERR,ERR,ERR,ERR,ERR,ERR,ERR,ERR,ERR,ERR,ERR,ERR,ERR,ERR,ERR,ERR,ERR,ERR,ERR,ERR,ERR,ERR,ERR,ERR,ERR,ERR,ERR,ERR,ERR,ERR,ERR,ERR,ERR,ERR,ERR,ERR,ERR,ERR,ERR,ERR,ERR,ERR,ERR,34.0,80.0,35,0.0,0.0,0.0,0.0,0.0,0.0,0.0,0.0,0.0,0.0,0.0,0.0,0.0,0.0,0.0,0.0,64.4,0,116,56,50,65476,0,300,0,0,8,20529,65476,0,0,57672,80.0,0.0,0.0,0.0,0.0,0.0
2026-06-17T04:26:04,ERR,ERR,ERR,ERR,ERR,ERR,ERR,ERR,ERR,ERR,ERR,ERR,ERR,ERR,ERR,ERR,ERR,ERR,ERR,ERR,ERR,ERR,ERR,ERR,ERR,ERR,ERR,ERR,ERR,ERR,ERR,ERR,ERR,ERR,ERR,ERR,ERR,ERR,ERR,ERR,ERR,ERR,ERR,ERR,ERR,ERR,ERR,ERR,ERR,ERR,ERR,ERR,ERR,ERR,ERR,ERR,ERR,ERR,ERR,ERR,ERR,ERR,ERR,ERR,ERR,ERR,ERR,ERR,ERR,ERR,ERR,ERR,ERR,ERR,ERR,ERR,ERR,ERR,ERR,ERR,ERR,ERR,ERR,ERR,ERR,ERR,ERR,ERR,ERR,ERR,ERR,ERR,ERR,ERR,ERR,ERR,ERR,ERR,ERR,ERR,ERR,ERR,ERR,ERR,ERR,ERR,ERR,ERR,ERR,ERR,ERR,ERR,ERR,ERR,ERR,ERR,ERR,ERR,ERR,ERR,ERR,ERR,ERR,ERR,ERR,0.0,-107615328.0,0.0,0.0,0.0,1.3936040501711995e+18,7.805,0.0,0,0,4,0,7300,-0.0,0,0.0,0.0,0.0,0.0,0.0,0,0,0,0,0.0,0,0,0,0,0,0,0,0,0,0,0,0,0,0,0,0,0,0,0,0,0,0,0,0,0,0,0,0,0,0,0,0,0,32,30,30,62,65476,0,300,0,0,8,21553,0.0,-107605600.0,0.0,0.0,0.0,0.0,0.0,0.0,0.0,0.0,0.0,0.0,0.0,0.0,0.0,0.0,0.0,0.0,0.0,0.0,0.0,0.0,2.004,0.0,-0.0,-2.004,0.0,0.0,0.0,0.0,5445.0,-0.0,6967.0,0.0,-107615328.0,-107615280.0,-0.0,0.0,0.0,0.0,0.0,63,1.905697261480837e+17,-0.0,0.0,0.0,0.0,0.0,0.0,0.0,0.0,0,0,0,0.0,0.0,0.0,0.0,0.0,0.0,0.0,0.0,0.0,0.0,0.0,0.0,0.0,0.0,0.0,0.0,0,-107875648.0,63,0.0,126,2.7184242562605685e+23,-0.0,ERR,ERR,ERR,ERR,ERR,ERR,ERR,ERR,ERR,ERR,ERR,ERR,ERR,ERR,ERR,ERR,ERR,ERR,ERR,ERR,ERR,ERR,ERR,ERR,ERR,ERR,ERR,ERR,ERR,ERR,ERR,ERR,ERR,ERR,ERR,ERR,ERR,ERR,ERR,ERR,ERR,ERR,ERR,ERR,ERR,ERR,ERR,ERR,ERR,ERR,ERR,ERR,ERR,ERR,ERR,ERR,ERR,ERR,ERR,ERR,ERR,ERR,ERR,ERR,ERR,ERR,ERR,34.0,80.0,35,0.0,0.0,0.0,0.0,0.0,0.0,0.0,0.0,0.0,0.0,0.0,0.0,0.0,0.0,0.0,0.0,64.4,0,116,56,50,65476,0,300,0,0,8,20529,65476,0,0,57672,80.0,0.0,0.0,0.0,0.0,0.0
2026-06-17T04:26:05,ERR,ERR,ERR,ERR,ERR,ERR,ERR,ERR,ERR,ERR,ERR,ERR,ERR,ERR,ERR,ERR,ERR,ERR,ERR,ERR,ERR,ERR,ERR,ERR,ERR,ERR,ERR,ERR,ERR,ERR,ERR,ERR,ERR,ERR,ERR,ERR,ERR,ERR,ERR,ERR,ERR,ERR,ERR,ERR,ERR,ERR,ERR,ERR,ERR,ERR,ERR,ERR,ERR,ERR,ERR,ERR,ERR,ERR,ERR,ERR,ERR,ERR,ERR,ERR,ERR,ERR,ERR,ERR,ERR,ERR,ERR,ERR,ERR,ERR,ERR,ERR,ERR,ERR,ERR,ERR,ERR,ERR,ERR,ERR,ERR,ERR,ERR,ERR,ERR,ERR,ERR,ERR,ERR,ERR,ERR,ERR,ERR,ERR,ERR,ERR,ERR,ERR,ERR,ERR,ERR,ERR,ERR,ERR,ERR,ERR,ERR,ERR,ERR,ERR,ERR,ERR,ERR,ERR,ERR,ERR,ERR,ERR,ERR,ERR,ERR,0.0,-107615328.0,0.0,0.0,0.0,1.3936040501711995e+18,7.805,0.0,0,0,4,0,7300,-0.0,0,0.0,0.0,0.0,0.0,0.0,0,0,0,0,0.0,0,0,0,0,0,0,0,0,0,0,0,0,0,0,0,0,0,0,0,0,0,0,0,0,0,0,0,0,0,0,0,0,0,32,30,30,62,65476,0,300,0,0,8,21553,0.0,-107605600.0,0.0,0.0,0.0,0.0,0.0,0.0,0.0,0.0,0.0,0.0,0.0,0.0,0.0,0.0,0.0,0.0,0.0,0.0,0.0,0.0,2.004,0.0,-0.0,-2.004,0.0,0.0,0.0,0.0,5445.0,-0.0,6967.0,0.0,-107615328.0,-107615280.0,-0.0,0.0,0.0,0.0,0.0,63,1.905697261480837e+17,-0.0,0.0,0.0,0.0,0.0,0.0,0.0,0.0,0,0,0,0.0,0.0,0.0,0.0,0.0,0.0,0.0,0.0,0.0,0.0,0.0,0.0,0.0,0.0,0.0,0.0,0,-107875648.0,63,0.0,126,2.7184242562605685e+23,-0.0,ERR,ERR,ERR,ERR,ERR,ERR,ERR,ERR,ERR,ERR,ERR,ERR,ERR,ERR,ERR,ERR,ERR,ERR,ERR,ERR,ERR,ERR,ERR,ERR,ERR,ERR,ERR,ERR,ERR,ERR,ERR,ERR,ERR,ERR,ERR,ERR,ERR,ERR,ERR,ERR,ERR,ERR,ERR,ERR,ERR,ERR,ERR,ERR,ERR,ERR,ERR,ERR,ERR,ERR,ERR,ERR,ERR,ERR,ERR,ERR,ERR,ERR,ERR,ERR,ERR,ERR,ERR,34.0,80.0,35,0.0,0.0,0.0,0.0,0.0,0.0,0.0,0.0,0.0,0.0,0.0,0.0,0.0,0.0,0.0,0.0,64.4,0,116,56,50,65476,0,300,0,0,8,20529,65476,0,0,57672,80.0,0.0,0.0,0.0,0.0,0.0
2026-06-17T04:26:06,ERR,ERR,ERR,ERR,ERR,ERR,ERR,ERR,ERR,ERR,ERR,ERR,ERR,ERR,ERR,ERR,ERR,ERR,ERR,ERR,ERR,ERR,ERR,ERR,ERR,ERR,ERR,ERR,ERR,ERR,ERR,ERR,ERR,ERR,ERR,ERR,ERR,ERR,ERR,ERR,ERR,ERR,ERR,ERR,ERR,ERR,ERR,ERR,ERR,ERR,ERR,ERR,ERR,ERR,ERR,ERR,ERR,ERR,ERR,ERR,ERR,ERR,ERR,ERR,ERR,ERR,ERR,ERR,ERR,ERR,ERR,ERR,ERR,ERR,ERR,ERR,ERR,ERR,ERR,ERR,ERR,ERR,ERR,ERR,ERR,ERR,ERR,ERR,ERR,ERR,ERR,ERR,ERR,ERR,ERR,ERR,ERR,ERR,ERR,ERR,ERR,ERR,ERR,ERR,ERR,ERR,ERR,ERR,ERR,ERR,ERR,ERR,ERR,ERR,ERR,ERR,ERR,ERR,ERR,ERR,ERR,ERR,ERR,ERR,ERR,0.0,-107615328.0,0.0,0.0,0.0,1.3936040501711995e+18,7.805,0.0,0,0,4,0,7300,-0.0,0,0.0,0.0,0.0,0.0,0.0,0,0,0,0,0.0,0,0,0,0,0,0,0,0,0,0,0,0,0,0,0,0,0,0,0,0,0,0,0,0,0,0,0,0,0,0,0,0,0,32,30,30,62,65476,0,300,0,0,8,21553,0.0,-107605600.0,0.0,0.0,0.0,0.0,0.0,0.0,0.0,0.0,0.0,0.0,0.0,0.0,0.0,0.0,0.0,0.0,0.0,0.0,0.0,0.0,2.004,0.0,-0.0,-2.004,0.0,0.0,0.0,0.0,5449.0,-564146772901888.0,6971.0,0.0,-107615328.0,-107615280.0,-0.0,0.0,0.0,0.0,0.0,63,3.222027116945945e+26,-0.0,0.0,0.0,0.0,0.0,0.0,0.0,0.0,0,0,0,0.0,0.0,0.0,0.0,0.0,0.0,0.0,0.0,0.0,0.0,0.0,0.0,0.0,0.0,0.0,0.0,0,-107875648.0,63,0.0,126,2.7184242562605685e+23,-0.0,ERR,ERR,ERR,ERR,ERR,ERR,ERR,ERR,ERR,ERR,ERR,ERR,ERR,ERR,ERR,ERR,ERR,ERR,ERR,ERR,ERR,ERR,ERR,ERR,ERR,ERR,ERR,ERR,ERR,ERR,ERR,ERR,ERR,ERR,ERR,ERR,ERR,ERR,ERR,ERR,ERR,ERR,ERR,ERR,ERR,ERR,ERR,ERR,ERR,ERR,ERR,ERR,ERR,ERR,ERR,ERR,ERR,ERR,ERR,ERR,ERR,ERR,ERR,ERR,ERR,ERR,ERR,34.0,80.0,35,0.0,0.0,0.0,0.0,0.0,0.0,0.0,0.0,0.0,0.0,0.0,0.0,0.0,0.0,0.0,0.0,64.4,0,116,56,50,65476,0,300,0,0,8,20529,65476,0,0,57672,80.0,0.0,0.0,0.0,0.0,0.0
2026-06-17T04:26:07,ERR,ERR,ERR,ERR,ERR,ERR,ERR,ERR,ERR,ERR,ERR,ERR,ERR,ERR,ERR,ERR,ERR,ERR,ERR,ERR,ERR,ERR,ERR,ERR,ERR,ERR,ERR,ERR,ERR,ERR,ERR,ERR,ERR,ERR,ERR,ERR,ERR,ERR,ERR,ERR,ERR,ERR,ERR,ERR,ERR,ERR,ERR,ERR,ERR,ERR,ERR,ERR,ERR,ERR,ERR,ERR,ERR,ERR,ERR,ERR,ERR,ERR,ERR,ERR,ERR,ERR,ERR,ERR,ERR,ERR,ERR,ERR,ERR,ERR,ERR,ERR,ERR,ERR,ERR,ERR,ERR,ERR,ERR,ERR,ERR,ERR,ERR,ERR,ERR,ERR,ERR,ERR,ERR,ERR,ERR,ERR,ERR,ERR,ERR,ERR,ERR,ERR,ERR,ERR,ERR,ERR,ERR,ERR,ERR,ERR,ERR,ERR,ERR,ERR,ERR,ERR,ERR,ERR,ERR,ERR,ERR,ERR,ERR,ERR,ERR,0.0,-107615328.0,0.0,0.0,0.0,1.3936040501711995e+18,7.805,0.0,0,0,4,0,7300,-0.0,0,0.0,0.0,0.0,0.0,0.0,0,0,0,0,0.0,0,0,0,0,0,0,0,0,0,0,0,0,0,0,0,0,0,0,0,0,0,0,0,0,0,0,0,0,0,0,0,0,0,32,30,30,62,65476,0,300,0,0,8,21553,0.0,-107605600.0,0.0,0.0,0.0,0.0,0.0,0.0,0.0,0.0,0.0,0.0,0.0,0.0,0.0,0.0,0.0,0.0,0.0,0.0,0.0,0.0,2.004,0.0,-0.0,-2.004,0.0,0.0,0.0,0.0,5449.0,-564146772901888.0,6971.0,0.0,-107615328.0,-107615280.0,-0.0,0.0,0.0,0.0,0.0,63,3.222027116945945e+26,-0.0,0.0,0.0,0.0,0.0,0.0,0.0,0.0,0,0,0,0.0,0.0,0.0,0.0,0.0,0.0,0.0,0.0,0.0,0.0,0.0,0.0,0.0,0.0,0.0,0.0,0,-107875648.0,63,0.0,126,2.7184242562605685e+23,-0.0,ERR,ERR,ERR,ERR,ERR,ERR,ERR,ERR,ERR,ERR,ERR,ERR,ERR,ERR,ERR,ERR,ERR,ERR,ERR,ERR,ERR,ERR,ERR,ERR,ERR,ERR,ERR,ERR,ERR,ERR,ERR,ERR,ERR,ERR,ERR,ERR,ERR,ERR,ERR,ERR,ERR,ERR,ERR,ERR,ERR,ERR,ERR,ERR,ERR,ERR,ERR,ERR,ERR,ERR,ERR,ERR,ERR,ERR,ERR,ERR,ERR,ERR,ERR,ERR,ERR,ERR,ERR,34.0,80.0,35,0.0,0.0,0.0,0.0,0.0,0.0,0.0,0.0,0.0,0.0,0.0,0.0,0.0,0.0,0.0,0.0,64.4,0,116,56,50,65476,0,300,0,0,8,20529,65476,0,0,57672,80.0,0.0,0.0,0.0,0.0,0.0
2026-06-17T04:26:08,ERR,ERR,ERR,ERR,ERR,ERR,ERR,ERR,ERR,ERR,ERR,ERR,ERR,ERR,ERR,ERR,ERR,ERR,ERR,ERR,ERR,ERR,ERR,ERR,ERR,ERR,ERR,ERR,ERR,ERR,ERR,ERR,ERR,ERR,ERR,ERR,ERR,ERR,ERR,ERR,ERR,ERR,ERR,ERR,ERR,ERR,ERR,ERR,ERR,ERR,ERR,ERR,ERR,ERR,ERR,ERR,ERR,ERR,ERR,ERR,ERR,ERR,ERR,ERR,ERR,ERR,ERR,ERR,ERR,ERR,ERR,ERR,ERR,ERR,ERR,ERR,ERR,ERR,ERR,ERR,ERR,ERR,ERR,ERR,ERR,ERR,ERR,ERR,ERR,ERR,ERR,ERR,ERR,ERR,ERR,ERR,ERR,ERR,ERR,ERR,ERR,ERR,ERR,ERR,ERR,ERR,ERR,ERR,ERR,ERR,ERR,ERR,ERR,ERR,ERR,ERR,ERR,ERR,ERR,ERR,ERR,ERR,ERR,ERR,ERR,0.0,-107615328.0,0.0,0.0,0.0,1.3936040501711995e+18,7.805,0.0,0,0,4,0,7300,-0.0,0,0.0,0.0,0.0,0.0,0.0,0,0,0,0,0.0,0,0,0,0,0,0,0,0,0,0,0,0,0,0,0,0,0,0,0,0,0,0,0,0,0,0,0,0,0,0,0,0,0,32,30,30,62,65476,0,300,0,0,8,21553,0.0,-107605600.0,0.0,0.0,0.0,0.0,0.0,0.0,0.0,0.0,0.0,0.0,0.0,0.0,0.0,0.0,0.0,0.0,0.0,0.0,0.0,0.0,2.004,0.0,-0.0,-2.004,0.0,0.0,0.0,0.0,5449.0,-564146772901888.0,6971.0,0.0,-107615328.0,-107615280.0,-0.0,0.0,0.0,0.0,0.0,63,3.222027116945945e+26,-0.0,0.0,0.0,0.0,0.0,0.0,0.0,0.0,0,0,0,0.0,0.0,0.0,0.0,0.0,0.0,0.0,0.0,0.0,0.0,0.0,0.0,0.0,0.0,0.0,0.0,0,-107875648.0,63,0.0,126,2.7184242562605685e+23,-0.0,ERR,ERR,ERR,ERR,ERR,ERR,ERR,ERR,ERR,ERR,ERR,ERR,ERR,ERR,ERR,ERR,ERR,ERR,ERR,ERR,ERR,ERR,ERR,ERR,ERR,ERR,ERR,ERR,ERR,ERR,ERR,ERR,ERR,ERR,ERR,ERR,ERR,ERR,ERR,ERR,ERR,ERR,ERR,ERR,ERR,ERR,ERR,ERR,ERR,ERR,ERR,ERR,ERR,ERR,ERR,ERR,ERR,ERR,ERR,ERR,ERR,ERR,ERR,ERR,ERR,ERR,ERR,34.0,80.0,35,0.0,0.0,0.0,0.0,0.0,0.0,0.0,0.0,0.0,0.0,0.0,0.0,0.0,0.0,0.0,0.0,64.4,0,116,56,50,65476,0,300,0,0,8,20529,65476,0,0,57672,80.0,0.0,0.0,0.0,0.0,0.0
2026-06-17T04:26:09,ERR,ERR,ERR,ERR,ERR,ERR,ERR,ERR,ERR,ERR,ERR,ERR,ERR,ERR,ERR,ERR,ERR,ERR,ERR,ERR,ERR,ERR,ERR,ERR,ERR,ERR,ERR,ERR,ERR,ERR,ERR,ERR,ERR,ERR,ERR,ERR,ERR,ERR,ERR,ERR,ERR,ERR,ERR,ERR,ERR,ERR,ERR,ERR,ERR,ERR,ERR,ERR,ERR,ERR,ERR,ERR,ERR,ERR,ERR,ERR,ERR,ERR,ERR,ERR,ERR,ERR,ERR,ERR,ERR,ERR,ERR,ERR,ERR,ERR,ERR,ERR,ERR,ERR,ERR,ERR,ERR,ERR,ERR,ERR,ERR,ERR,ERR,ERR,ERR,ERR,ERR,ERR,ERR,ERR,ERR,ERR,ERR,ERR,ERR,ERR,ERR,ERR,ERR,ERR,ERR,ERR,ERR,ERR,ERR,ERR,ERR,ERR,ERR,ERR,ERR,ERR,ERR,ERR,ERR,ERR,ERR,ERR,ERR,ERR,ERR,0.0,-107615328.0,0.0,0.0,0.0,1.3936040501711995e+18,7.805,0.0,0,0,4,0,7300,-0.0,0,0.0,0.0,0.0,0.0,0.0,0,0,0,0,0.0,0,0,0,0,0,0,0,0,0,0,0,0,0,0,0,0,0,0,0,0,0,0,0,0,0,0,0,0,0,0,0,0,0,32,30,30,62,65476,0,300,0,0,8,21553,0.0,-107605600.0,0.0,0.0,0.0,0.0,0.0,0.0,0.0,0.0,0.0,0.0,0.0,0.0,0.0,0.0,0.0,0.0,0.0,0.0,0.0,0.0,2.004,0.0,-0.0,-2.004,0.0,0.0,0.0,0.0,5449.0,-564146772901888.0,6971.0,0.0,-107615328.0,-107615280.0,-0.0,0.0,0.0,0.0,0.0,63,3.222027116945945e+26,-0.0,0.0,0.0,0.0,0.0,0.0,0.0,0.0,0,0,0,0.0,0.0,0.0,0.0,0.0,0.0,0.0,0.0,0.0,0.0,0.0,0.0,0.0,0.0,0.0,0.0,0,-107875648.0,63,0.0,126,2.7184242562605685e+23,-0.0,ERR,ERR,ERR,ERR,ERR,ERR,ERR,ERR,ERR,ERR,ERR,ERR,ERR,ERR,ERR,ERR,ERR,ERR,ERR,ERR,ERR,ERR,ERR,ERR,ERR,ERR,ERR,ERR,ERR,ERR,ERR,ERR,ERR,ERR,ERR,ERR,ERR,ERR,ERR,ERR,ERR,ERR,ERR,ERR,ERR,ERR,ERR,ERR,ERR,ERR,ERR,ERR,ERR,ERR,ERR,ERR,ERR,ERR,ERR,ERR,ERR,ERR,ERR,ERR,ERR,ERR,ERR,34.0,80.0,35,0.0,0.0,0.0,0.0,0.0,0.0,0.0,0.0,0.0,0.0,0.0,0.0,0.0,0.0,0.0,0.0,64.4,0,116,56,50,65476,0,300,0,0,8,20529,65476,0,0,57672,80.0,0.0,0.0,0.0,0.0,0.0
2026-06-17T04:26:10,ERR,ERR,ERR,ERR,ERR,ERR,ERR,ERR,ERR,ERR,ERR,ERR,ERR,ERR,ERR,ERR,ERR,ERR,ERR,ERR,ERR,ERR,ERR,ERR,ERR,ERR,ERR,ERR,ERR,ERR,ERR,ERR,ERR,ERR,ERR,ERR,ERR,ERR,ERR,ERR,ERR,ERR,ERR,ERR,ERR,ERR,ERR,ERR,ERR,ERR,ERR,ERR,ERR,ERR,ERR,ERR,ERR,ERR,ERR,ERR,ERR,ERR,ERR,ERR,ERR,ERR,ERR,ERR,ERR,ERR,ERR,ERR,ERR,ERR,ERR,ERR,ERR,ERR,ERR,ERR,ERR,ERR,ERR,ERR,ERR,ERR,ERR,ERR,ERR,ERR,ERR,ERR,ERR,ERR,ERR,ERR,ERR,ERR,ERR,ERR,ERR,ERR,ERR,ERR,ERR,ERR,ERR,ERR,ERR,ERR,ERR,ERR,ERR,ERR,ERR,ERR,ERR,ERR,ERR,ERR,ERR,ERR,ERR,ERR,ERR,0.0,-107615328.0,0.0,0.0,0.0,1.3936040501711995e+18,7.805,0.0,0,0,4,0,7300,-0.0,0,0.0,0.0,0.0,0.0,0.0,0,0,0,0,0.0,0,0,0,0,0,0,0,0,0,0,0,0,0,0,0,0,0,0,0,0,0,0,0,0,0,0,0,0,0,0,0,0,0,32,30,30,62,65476,0,300,0,0,8,21553,0.0,-107605600.0,0.0,0.0,0.0,0.0,0.0,0.0,0.0,0.0,0.0,0.0,0.0,0.0,0.0,0.0,0.0,0.0,0.0,0.0,0.0,0.0,2.004,0.0,-0.0,-2.004,0.0,0.0,0.0,0.0,5449.0,-564146772901888.0,6971.0,0.0,-107615328.0,-107615280.0,-0.0,0.0,0.0,0.0,0.0,63,3.222027116945945e+26,-0.0,0.0,0.0,0.0,0.0,0.0,0.0,0.0,0,0,0,0.0,0.0,0.0,0.0,0.0,0.0,0.0,0.0,0.0,0.0,0.0,0.0,0.0,0.0,0.0,0.0,0,-107875648.0,63,0.0,126,2.7184242562605685e+23,-0.0,ERR,ERR,ERR,ERR,ERR,ERR,ERR,ERR,ERR,ERR,ERR,ERR,ERR,ERR,ERR,ERR,ERR,ERR,ERR,ERR,ERR,ERR,ERR,ERR,ERR,ERR,ERR,ERR,ERR,ERR,ERR,ERR,ERR,ERR,ERR,ERR,ERR,ERR,ERR,ERR,ERR,ERR,ERR,ERR,ERR,ERR,ERR,ERR,ERR,ERR,ERR,ERR,ERR,ERR,ERR,ERR,ERR,ERR,ERR,ERR,ERR,ERR,ERR,ERR,ERR,ERR,ERR,34.0,80.0,35,0.0,0.0,0.0,0.0,0.0,0.0,0.0,0.0,0.0,0.0,0.0,0.0,0.0,0.0,0.0,0.0,64.4,0,116,56,50,65476,0,300,0,0,8,20529,65476,0,0,57672,80.0,0.0,0.0,0.0,0.0,0.0
2026-06-17T04:26:11,ERR,ERR,ERR,ERR,ERR,ERR,ERR,ERR,ERR,ERR,ERR,ERR,ERR,ERR,ERR,ERR,ERR,ERR,ERR,ERR,ERR,ERR,ERR,ERR,ERR,ERR,ERR,ERR,ERR,ERR,ERR,ERR,ERR,ERR,ERR,ERR,ERR,ERR,ERR,ERR,ERR,ERR,ERR,ERR,ERR,ERR,ERR,ERR,ERR,ERR,ERR,ERR,ERR,ERR,ERR,ERR,ERR,ERR,ERR,ERR,ERR,ERR,ERR,ERR,ERR,ERR,ERR,ERR,ERR,ERR,ERR,ERR,ERR,ERR,ERR,ERR,ERR,ERR,ERR,ERR,ERR,ERR,ERR,ERR,ERR,ERR,ERR,ERR,ERR,ERR,ERR,ERR,ERR,ERR,ERR,ERR,ERR,ERR,ERR,ERR,ERR,ERR,ERR,ERR,ERR,ERR,ERR,ERR,ERR,ERR,ERR,ERR,ERR,ERR,ERR,ERR,ERR,ERR,ERR,ERR,ERR,ERR,ERR,ERR,ERR,0.0,-107615328.0,0.0,0.0,0.0,1.3936040501711995e+18,7.805,0.0,0,0,4,0,7300,-0.0,0,0.0,0.0,0.0,0.0,0.0,0,0,0,0,0.0,0,0,0,0,0,0,0,0,0,0,0,0,0,0,0,0,0,0,0,0,0,0,0,0,0,0,0,0,0,0,0,0,0,32,30,30,62,65476,0,300,0,0,8,21553,0.0,-107605600.0,0.0,0.0,0.0,0.0,0.0,0.0,0.0,0.0,0.0,0.0,0.0,0.0,0.0,0.0,0.0,0.0,0.0,0.0,0.0,0.0,2.004,0.0,-0.0,-2.004,0.0,0.0,0.0,0.0,5449.0,-3.697192290889813e+19,6972.0,0.0,-107615328.0,-107615280.0,-0.0,0.0,0.0,0.0,0.0,63,3.222027116945945e+26,-0.0,0.0,0.0,0.0,0.0,0.0,0.0,0.0,0,0,0,0.0,0.0,0.0,0.0,0.0,0.0,0.0,0.0,0.0,0.0,0.0,0.0,0.0,0.0,0.0,0.0,0,-107875648.0,63,0.0,126,2.7184242562605685e+23,-0.0,ERR,ERR,ERR,ERR,ERR,ERR,ERR,ERR,ERR,ERR,ERR,ERR,ERR,ERR,ERR,ERR,ERR,ERR,ERR,ERR,ERR,ERR,ERR,ERR,ERR,ERR,ERR,ERR,ERR,ERR,ERR,ERR,ERR,ERR,ERR,ERR,ERR,ERR,ERR,ERR,ERR,ERR,ERR,ERR,ERR,ERR,ERR,ERR,ERR,ERR,ERR,ERR,ERR,ERR,ERR,ERR,ERR,ERR,ERR,ERR,ERR,ERR,ERR,ERR,ERR,ERR,ERR,34.0,80.0,35,0.0,0.0,0.0,0.0,0.0,0.0,0.0,0.0,0.0,0.0,0.0,0.0,0.0,0.0,0.0,0.0,64.4,0,116,56,50,65476,0,300,0,0,8,20529,65476,0,0,57672,80.0,0.0,0.0,0.0,0.0,0.0
2026-06-17T04:26:12,ERR,ERR,ERR,ERR,ERR,ERR,ERR,ERR,ERR,ERR,ERR,ERR,ERR,ERR,ERR,ERR,ERR,ERR,ERR,ERR,ERR,ERR,ERR,ERR,ERR,ERR,ERR,ERR,ERR,ERR,ERR,ERR,ERR,ERR,ERR,ERR,ERR,ERR,ERR,ERR,ERR,ERR,ERR,ERR,ERR,ERR,ERR,ERR,ERR,ERR,ERR,ERR,ERR,ERR,ERR,ERR,ERR,ERR,ERR,ERR,ERR,ERR,ERR,ERR,ERR,ERR,ERR,ERR,ERR,ERR,ERR,ERR,ERR,ERR,ERR,ERR,ERR,ERR,ERR,ERR,ERR,ERR,ERR,ERR,ERR,ERR,ERR,ERR,ERR,ERR,ERR,ERR,ERR,ERR,ERR,ERR,ERR,ERR,ERR,ERR,ERR,ERR,ERR,ERR,ERR,ERR,ERR,ERR,ERR,ERR,ERR,ERR,ERR,ERR,ERR,ERR,ERR,ERR,ERR,ERR,ERR,ERR,ERR,ERR,ERR,0.0,-107615328.0,0.0,0.0,0.0,1.3936040501711995e+18,7.805,0.0,0,0,4,0,7300,-0.0,0,0.0,0.0,0.0,0.0,0.0,0,0,0,0,0.0,0,0,0,0,0,0,0,0,0,0,0,0,0,0,0,0,0,0,0,0,0,0,0,0,0,0,0,0,0,0,0,0,0,32,30,30,62,65476,0,300,0,0,8,21553,0.0,-107605600.0,0.0,0.0,0.0,0.0,0.0,0.0,0.0,0.0,0.0,0.0,0.0,0.0,0.0,0.0,0.0,0.0,0.0,0.0,0.0,0.0,2.004,0.0,-0.0,-2.004,0.0,0.0,0.0,0.0,5449.0,-3.697192290889813e+19,6972.0,0.0,-107615328.0,-107615280.0,-0.0,0.0,0.0,0.0,0.0,63,3.222027116945945e+26,-0.0,0.0,0.0,0.0,0.0,0.0,0.0,0.0,0,0,0,0.0,0.0,0.0,0.0,0.0,0.0,0.0,0.0,0.0,0.0,0.0,0.0,0.0,0.0,0.0,0.0,0,-107875648.0,63,0.0,126,2.7184242562605685e+23,-0.0,ERR,ERR,ERR,ERR,ERR,ERR,ERR,ERR,ERR,ERR,ERR,ERR,ERR,ERR,ERR,ERR,ERR,ERR,ERR,ERR,ERR,ERR,ERR,ERR,ERR,ERR,ERR,ERR,ERR,ERR,ERR,ERR,ERR,ERR,ERR,ERR,ERR,ERR,ERR,ERR,ERR,ERR,ERR,ERR,ERR,ERR,ERR,ERR,ERR,ERR,ERR,ERR,ERR,ERR,ERR,ERR,ERR,ERR,ERR,ERR,ERR,ERR,ERR,ERR,ERR,ERR,ERR,34.0,80.0,35,0.0,0.0,0.0,0.0,0.0,0.0,0.0,0.0,0.0,0.0,0.0,0.0,0.0,0.0,0.0,0.0,64.8,0,116,56,50,65476,0,300,0,0,8,20529,65476,0,0,57672,80.0,0.0,0.0,0.0,0.0,0.0
2026-06-17T04:26:13,ERR,ERR,ERR,ERR,ERR,ERR,ERR,ERR,ERR,ERR,ERR,ERR,ERR,ERR,ERR,ERR,ERR,ERR,ERR,ERR,ERR,ERR,ERR,ERR,ERR,ERR,ERR,ERR,ERR,ERR,ERR,ERR,ERR,ERR,ERR,ERR,ERR,ERR,ERR,ERR,ERR,ERR,ERR,ERR,ERR,ERR,ERR,ERR,ERR,ERR,ERR,ERR,ERR,ERR,ERR,ERR,ERR,ERR,ERR,ERR,ERR,ERR,ERR,ERR,ERR,ERR,ERR,ERR,ERR,ERR,ERR,ERR,ERR,ERR,ERR,ERR,ERR,ERR,ERR,ERR,ERR,ERR,ERR,ERR,ERR,ERR,ERR,ERR,ERR,ERR,ERR,ERR,ERR,ERR,ERR,ERR,ERR,ERR,ERR,ERR,ERR,ERR,ERR,ERR,ERR,ERR,ERR,ERR,ERR,ERR,ERR,ERR,ERR,ERR,ERR,ERR,ERR,ERR,ERR,ERR,ERR,ERR,ERR,ERR,ERR,0.0,-107615328.0,0.0,0.0,0.0,1.3936040501711995e+18,7.805,0.0,0,0,4,0,7300,-0.0,0,0.0,0.0,0.0,0.0,0.0,0,0,0,0,0.0,0,0,0,0,0,0,0,0,0,0,0,0,0,0,0,0,0,0,0,0,0,0,0,0,0,0,0,0,0,0,0,0,0,32,30,30,62,65476,0,300,0,0,8,21553,0.0,-107605600.0,0.0,0.0,0.0,0.0,0.0,0.0,0.0,0.0,0.0,0.0,0.0,0.0,0.0,0.0,0.0,0.0,0.0,0.0,0.0,0.0,2.004,0.0,-0.0,-2.004,0.0,0.0,0.0,0.0,5449.0,-3.697192290889813e+19,6972.0,0.0,-107615328.0,-107615280.0,-0.0,0.0,0.0,0.0,0.0,63,3.222027116945945e+26,-0.0,0.0,0.0,0.0,0.0,0.0,0.0,0.0,0,0,0,0.0,0.0,0.0,0.0,0.0,0.0,0.0,0.0,0.0,0.0,0.0,0.0,0.0,0.0,0.0,0.0,0,-107875648.0,63,0.0,126,2.7184242562605685e+23,-0.0,ERR,ERR,ERR,ERR,ERR,ERR,ERR,ERR,ERR,ERR,ERR,ERR,ERR,ERR,ERR,ERR,ERR,ERR,ERR,ERR,ERR,ERR,ERR,ERR,ERR,ERR,ERR,ERR,ERR,ERR,ERR,ERR,ERR,ERR,ERR,ERR,ERR,ERR,ERR,ERR,ERR,ERR,ERR,ERR,ERR,ERR,ERR,ERR,ERR,ERR,ERR,ERR,ERR,ERR,ERR,ERR,ERR,ERR,ERR,ERR,ERR,ERR,ERR,ERR,ERR,ERR,ERR,34.0,80.0,35,0.0,0.0,0.0,0.0,0.0,0.0,0.0,0.0,0.0,0.0,0.0,0.0,0.0,0.0,0.0,0.0,64.8,0,116,56,50,65476,0,300,0,0,8,20529,65476,0,0,57672,80.0,0.0,0.0,0.0,0.0,0.0
2026-06-17T04:26:14,ERR,ERR,ERR,ERR,ERR,ERR,ERR,ERR,ERR,ERR,ERR,ERR,ERR,ERR,ERR,ERR,ERR,ERR,ERR,ERR,ERR,ERR,ERR,ERR,ERR,ERR,ERR,ERR,ERR,ERR,ERR,ERR,ERR,ERR,ERR,ERR,ERR,ERR,ERR,ERR,ERR,ERR,ERR,ERR,ERR,ERR,ERR,ERR,ERR,ERR,ERR,ERR,ERR,ERR,ERR,ERR,ERR,ERR,ERR,ERR,ERR,ERR,ERR,ERR,ERR,ERR,ERR,ERR,ERR,ERR,ERR,ERR,ERR,ERR,ERR,ERR,ERR,ERR,ERR,ERR,ERR,ERR,ERR,ERR,ERR,ERR,ERR,ERR,ERR,ERR,ERR,ERR,ERR,ERR,ERR,ERR,ERR,ERR,ERR,ERR,ERR,ERR,ERR,ERR,ERR,ERR,ERR,ERR,ERR,ERR,ERR,ERR,ERR,ERR,ERR,ERR,ERR,ERR,ERR,ERR,ERR,ERR,ERR,ERR,ERR,0.0,-107615328.0,0.0,0.0,0.0,1.3936040501711995e+18,7.805,0.0,0,0,4,0,7300,-0.0,0,0.0,0.0,0.0,0.0,0.0,0,0,0,0,0.0,0,0,0,0,0,0,0,0,0,0,0,0,0,0,0,0,0,0,0,0,0,0,0,0,0,0,0,0,0,0,0,0,0,32,30,30,62,65476,0,300,0,0,8,21553,0.0,-107605600.0,0.0,0.0,0.0,0.0,0.0,0.0,0.0,0.0,0.0,0.0,0.0,0.0,0.0,0.0,0.0,0.0,0.0,0.0,0.0,0.0,2.004,0.0,-0.0,-2.004,0.0,0.0,0.0,0.0,5449.0,-3.697192290889813e+19,6972.0,0.0,-107615328.0,-107615280.0,-0.0,0.0,0.0,0.0,0.0,63,3.222027116945945e+26,-0.0,0.0,0.0,0.0,0.0,0.0,0.0,0.0,0,0,0,0.0,0.0,0.0,0.0,0.0,0.0,0.0,0.0,0.0,0.0,0.0,0.0,0.0,0.0,0.0,0.0,0,-107875648.0,63,0.0,126,2.7184242562605685e+23,-0.0,ERR,ERR,ERR,ERR,ERR,ERR,ERR,ERR,ERR,ERR,ERR,ERR,ERR,ERR,ERR,ERR,ERR,ERR,ERR,ERR,ERR,ERR,ERR,ERR,ERR,ERR,ERR,ERR,ERR,ERR,ERR,ERR,ERR,ERR,ERR,ERR,ERR,ERR,ERR,ERR,ERR,ERR,ERR,ERR,ERR,ERR,ERR,ERR,ERR,ERR,ERR,ERR,ERR,ERR,ERR,ERR,ERR,ERR,ERR,ERR,ERR,ERR,ERR,ERR,ERR,ERR,ERR,34.0,80.0,35,0.0,0.0,0.0,0.0,0.0,0.0,0.0,0.0,0.0,0.0,0.0,0.0,0.0,0.0,0.0,0.0,64.8,0,116,56,50,65476,0,300,0,0,8,20529,65476,0,0,57672,80.0,0.0,0.0,0.0,0.0,0.0
2026-06-17T04:26:15,ERR,ERR,ERR,ERR,ERR,ERR,ERR,ERR,ERR,ERR,ERR,ERR,ERR,ERR,ERR,ERR,ERR,ERR,ERR,ERR,ERR,ERR,ERR,ERR,ERR,ERR,ERR,ERR,ERR,ERR,ERR,ERR,ERR,ERR,ERR,ERR,ERR,ERR,ERR,ERR,ERR,ERR,ERR,ERR,ERR,ERR,ERR,ERR,ERR,ERR,ERR,ERR,ERR,ERR,ERR,ERR,ERR,ERR,ERR,ERR,ERR,ERR,ERR,ERR,ERR,ERR,ERR,ERR,ERR,ERR,ERR,ERR,ERR,ERR,ERR,ERR,ERR,ERR,ERR,ERR,ERR,ERR,ERR,ERR,ERR,ERR,ERR,ERR,ERR,ERR,ERR,ERR,ERR,ERR,ERR,ERR,ERR,ERR,ERR,ERR,ERR,ERR,ERR,ERR,ERR,ERR,ERR,ERR,ERR,ERR,ERR,ERR,ERR,ERR,ERR,ERR,ERR,ERR,ERR,ERR,ERR,ERR,ERR,ERR,ERR,0.0,-107615328.0,0.0,0.0,0.0,1.3936040501711995e+18,7.805,0.0,0,0,4,0,7300,-0.0,0,0.0,0.0,0.0,0.0,0.0,0,0,0,0,0.0,0,0,0,0,0,0,0,0,0,0,0,0,0,0,0,0,0,0,0,0,0,0,0,0,0,0,0,0,0,0,0,0,0,32,30,30,62,65476,0,300,0,0,8,21553,0.0,-107605600.0,0.0,0.0,0.0,0.0,0.0,0.0,0.0,0.0,0.0,0.0,0.0,0.0,0.0,0.0,0.0,0.0,0.0,0.0,0.0,0.0,2.004,0.0,-0.0,-2.004,0.0,0.0,0.0,0.0,5449.0,-3.697192290889813e+19,6972.0,0.0,-107615328.0,-107615280.0,-0.0,0.0,0.0,0.0,0.0,63,3.222027116945945e+26,-0.0,0.0,0.0,0.0,0.0,0.0,0.0,0.0,0,0,0,0.0,0.0,0.0,0.0,0.0,0.0,0.0,0.0,0.0,0.0,0.0,0.0,0.0,0.0,0.0,0.0,0,-107875648.0,63,0.0,126,2.7184242562605685e+23,-0.0,ERR,ERR,ERR,ERR,ERR,ERR,ERR,ERR,ERR,ERR,ERR,ERR,ERR,ERR,ERR,ERR,ERR,ERR,ERR,ERR,ERR,ERR,ERR,ERR,ERR,ERR,ERR,ERR,ERR,ERR,ERR,ERR,ERR,ERR,ERR,ERR,ERR,ERR,ERR,ERR,ERR,ERR,ERR,ERR,ERR,ERR,ERR,ERR,ERR,ERR,ERR,ERR,ERR,ERR,ERR,ERR,ERR,ERR,ERR,ERR,ERR,ERR,ERR,ERR,ERR,ERR,ERR,34.0,80.0,35,0.0,0.0,0.0,0.0,0.0,0.0,0.0,0.0,0.0,0.0,0.0,0.0,0.0,0.0,0.0,0.0,64.8,0,116,56,50,65476,0,300,0,0,8,20529,65476,0,0,57672,80.0,0.0,0.0,0.0,0.0,0.0
2026-06-17T04:26:16,ERR,ERR,ERR,ERR,ERR,ERR,ERR,ERR,ERR,ERR,ERR,ERR,ERR,ERR,ERR,ERR,ERR,ERR,ERR,ERR,ERR,ERR,ERR,ERR,ERR,ERR,ERR,ERR,ERR,ERR,ERR,ERR,ERR,ERR,ERR,ERR,ERR,ERR,ERR,ERR,ERR,ERR,ERR,ERR,ERR,ERR,ERR,ERR,ERR,ERR,ERR,ERR,ERR,ERR,ERR,ERR,ERR,ERR,ERR,ERR,ERR,ERR,ERR,ERR,ERR,ERR,ERR,ERR,ERR,ERR,ERR,ERR,ERR,ERR,ERR,ERR,ERR,ERR,ERR,ERR,ERR,ERR,ERR,ERR,ERR,ERR,ERR,ERR,ERR,ERR,ERR,ERR,ERR,ERR,ERR,ERR,ERR,ERR,ERR,ERR,ERR,ERR,ERR,ERR,ERR,ERR,ERR,ERR,ERR,ERR,ERR,ERR,ERR,ERR,ERR,ERR,ERR,ERR,ERR,ERR,ERR,ERR,ERR,ERR,ERR,0.0,-107615328.0,0.0,0.0,0.0,1.3936040501711995e+18,7.805,0.0,0,0,4,0,7300,-0.0,0,0.0,0.0,0.0,0.0,0.0,0,0,0,0,0.0,0,0,0,0,0,0,0,0,0,0,0,0,0,0,0,0,0,0,0,0,0,0,0,0,0,0,0,0,0,0,0,0,0,32,30,30,62,65476,0,300,0,0,8,21553,0.0,-107605600.0,0.0,0.0,0.0,0.0,0.0,0.0,0.0,0.0,0.0,0.0,0.0,0.0,0.0,0.0,0.0,0.0,0.0,0.0,0.0,0.0,2.004,0.0,-0.0,-2.004,0.0,0.0,0.0,0.0,5449.0,-3.697192290889813e+19,6972.0,0.0,-107615328.0,-107615280.0,-0.0,0.0,0.0,0.0,0.0,63,3.222027116945945e+26,-0.0,0.0,0.0,0.0,0.0,0.0,0.0,0.0,0,0,0,0.0,0.0,0.0,0.0,0.0,0.0,0.0,0.0,0.0,0.0,0.0,0.0,0.0,0.0,0.0,0.0,0,-107875648.0,63,0.0,126,2.7184242562605685e+23,-0.0,ERR,ERR,ERR,ERR,ERR,ERR,ERR,ERR,ERR,ERR,ERR,ERR,ERR,ERR,ERR,ERR,ERR,ERR,ERR,ERR,ERR,ERR,ERR,ERR,ERR,ERR,ERR,ERR,ERR,ERR,ERR,ERR,ERR,ERR,ERR,ERR,ERR,ERR,ERR,ERR,ERR,ERR,ERR,ERR,ERR,ERR,ERR,ERR,ERR,ERR,ERR,ERR,ERR,ERR,ERR,ERR,ERR,ERR,ERR,ERR,ERR,ERR,ERR,ERR,ERR,ERR,ERR,34.0,80.0,35,0.0,0.0,0.0,0.0,0.0,0.0,0.0,0.0,0.0,0.0,0.0,0.0,0.0,0.0,0.0,0.0,64.4,0,116,56,50,65476,0,300,0,0,8,20529,65476,0,0,57672,80.0,0.0,0.0,0.0,0.0,0.0
2026-06-17T04:26:17,ERR,ERR,ERR,ERR,ERR,ERR,ERR,ERR,ERR,ERR,ERR,ERR,ERR,ERR,ERR,ERR,ERR,ERR,ERR,ERR,ERR,ERR,ERR,ERR,ERR,ERR,ERR,ERR,ERR,ERR,ERR,ERR,ERR,ERR,ERR,ERR,ERR,ERR,ERR,ERR,ERR,ERR,ERR,ERR,ERR,ERR,ERR,ERR,ERR,ERR,ERR,ERR,ERR,ERR,ERR,ERR,ERR,ERR,ERR,ERR,ERR,ERR,ERR,ERR,ERR,ERR,ERR,ERR,ERR,ERR,ERR,ERR,ERR,ERR,ERR,ERR,ERR,ERR,ERR,ERR,ERR,ERR,ERR,ERR,ERR,ERR,ERR,ERR,ERR,ERR,ERR,ERR,ERR,ERR,ERR,ERR,ERR,ERR,ERR,ERR,ERR,ERR,ERR,ERR,ERR,ERR,ERR,ERR,ERR,ERR,ERR,ERR,ERR,ERR,ERR,ERR,ERR,ERR,ERR,ERR,ERR,ERR,ERR,ERR,ERR,0.0,-107615328.0,0.0,0.0,0.0,1.3936040501711995e+18,7.805,0.0,0,0,4,0,7300,-0.0,0,0.0,0.0,0.0,0.0,0.0,0,0,0,0,0.0,0,0,0,0,0,0,0,0,0,0,0,0,0,0,0,0,0,0,0,0,0,0,0,0,0,0,0,0,0,0,0,0,0,32,30,30,62,65476,0,300,0,0,8,21553,0.0,-107605600.0,0.0,0.0,0.0,0.0,0.0,0.0,0.0,0.0,0.0,0.0,0.0,0.0,0.0,0.0,0.0,0.0,0.0,0.0,0.0,0.0,2.004,0.0,-0.0,-2.004,0.0,0.0,0.0,0.0,5448.0,-0.0,6964.0,0.0,-107615328.0,-107615280.0,-0.0,0.0,0.0,0.0,0.0,63,2.718429300292151e+23,2.7184206533808666e+23,0.0,0.0,0.0,0.0,0.0,0.0,0.0,0,0,0,0.0,0.0,0.0,0.0,0.0,0.0,0.0,0.0,0.0,0.0,0.0,0.0,0.0,0.0,0.0,0.0,0,-107875648.0,63,0.0,126,2.7184242562605685e+23,-0.0,ERR,ERR,ERR,ERR,ERR,ERR,ERR,ERR,ERR,ERR,ERR,ERR,ERR,ERR,ERR,ERR,ERR,ERR,ERR,ERR,ERR,ERR,ERR,ERR,ERR,ERR,ERR,ERR,ERR,ERR,ERR,ERR,ERR,ERR,ERR,ERR,ERR,ERR,ERR,ERR,ERR,ERR,ERR,ERR,ERR,ERR,ERR,ERR,ERR,ERR,ERR,ERR,ERR,ERR,ERR,ERR,ERR,ERR,ERR,ERR,ERR,ERR,ERR,ERR,ERR,ERR,ERR,34.0,80.0,35,0.0,0.0,0.0,0.0,0.0,0.0,0.0,0.0,0.0,0.0,0.0,0.0,0.0,0.0,0.0,0.0,64.4,0,116,56,50,65476,0,300,0,0,8,20529,65476,0,0,57672,80.0,0.0,0.0,0.0,0.0,0.0
2026-06-17T04:26:18,ERR,ERR,ERR,ERR,ERR,ERR,ERR,ERR,ERR,ERR,ERR,ERR,ERR,ERR,ERR,ERR,ERR,ERR,ERR,ERR,ERR,ERR,ERR,ERR,ERR,ERR,ERR,ERR,ERR,ERR,ERR,ERR,ERR,ERR,ERR,ERR,ERR,ERR,ERR,ERR,ERR,ERR,ERR,ERR,ERR,ERR,ERR,ERR,ERR,ERR,ERR,ERR,ERR,ERR,ERR,ERR,ERR,ERR,ERR,ERR,ERR,ERR,ERR,ERR,ERR,ERR,ERR,ERR,ERR,ERR,ERR,ERR,ERR,ERR,ERR,ERR,ERR,ERR,ERR,ERR,ERR,ERR,ERR,ERR,ERR,ERR,ERR,ERR,ERR,ERR,ERR,ERR,ERR,ERR,ERR,ERR,ERR,ERR,ERR,ERR,ERR,ERR,ERR,ERR,ERR,ERR,ERR,ERR,ERR,ERR,ERR,ERR,ERR,ERR,ERR,ERR,ERR,ERR,ERR,ERR,ERR,ERR,ERR,ERR,ERR,0.0,-107615328.0,0.0,0.0,0.0,1.3936040501711995e+18,7.805,0.0,0,0,4,0,7300,-0.0,0,0.0,0.0,0.0,0.0,0.0,0,0,0,0,0.0,0,0,0,0,0,0,0,0,0,0,0,0,0,0,0,0,0,0,0,0,0,0,0,0,0,0,0,0,0,0,0,0,0,32,30,30,62,65476,0,300,0,0,8,21553,0.0,-107605600.0,0.0,0.0,0.0,0.0,0.0,0.0,0.0,0.0,0.0,0.0,0.0,0.0,0.0,0.0,0.0,0.0,0.0,0.0,0.0,0.0,2.004,0.0,-0.0,-2.004,0.0,0.0,0.0,0.0,5448.0,-0.0,6964.0,0.0,-107615328.0,-107615280.0,-0.0,0.0,0.0,0.0,0.0,63,2.718429300292151e+23,2.7184206533808666e+23,0.0,0.0,0.0,0.0,0.0,0.0,0.0,0,0,0,0.0,0.0,0.0,0.0,0.0,0.0,0.0,0.0,0.0,0.0,0.0,0.0,0.0,0.0,0.0,0.0,0,-107875648.0,63,0.0,126,2.7184242562605685e+23,-0.0,ERR,ERR,ERR,ERR,ERR,ERR,ERR,ERR,ERR,ERR,ERR,ERR,ERR,ERR,ERR,ERR,ERR,ERR,ERR,ERR,ERR,ERR,ERR,ERR,ERR,ERR,ERR,ERR,ERR,ERR,ERR,ERR,ERR,ERR,ERR,ERR,ERR,ERR,ERR,ERR,ERR,ERR,ERR,ERR,ERR,ERR,ERR,ERR,ERR,ERR,ERR,ERR,ERR,ERR,ERR,ERR,ERR,ERR,ERR,ERR,ERR,ERR,ERR,ERR,ERR,ERR,ERR,34.0,80.0,35,0.0,0.0,0.0,0.0,0.0,0.0,0.0,0.0,0.0,0.0,0.0,0.0,0.0,0.0,0.0,0.0,64.4,0,116,56,50,65476,0,300,0,0,8,20529,65476,0,0,57672,80.0,0.0,0.0,0.0,0.0,0.0
2026-06-17T04:26:19,ERR,ERR,ERR,ERR,ERR,ERR,ERR,ERR,ERR,ERR,ERR,ERR,ERR,ERR,ERR,ERR,ERR,ERR,ERR,ERR,ERR,ERR,ERR,ERR,ERR,ERR,ERR,ERR,ERR,ERR,ERR,ERR,ERR,ERR,ERR,ERR,ERR,ERR,ERR,ERR,ERR,ERR,ERR,ERR,ERR,ERR,ERR,ERR,ERR,ERR,ERR,ERR,ERR,ERR,ERR,ERR,ERR,ERR,ERR,ERR,ERR,ERR,ERR,ERR,ERR,ERR,ERR,ERR,ERR,ERR,ERR,ERR,ERR,ERR,ERR,ERR,ERR,ERR,ERR,ERR,ERR,ERR,ERR,ERR,ERR,ERR,ERR,ERR,ERR,ERR,ERR,ERR,ERR,ERR,ERR,ERR,ERR,ERR,ERR,ERR,ERR,ERR,ERR,ERR,ERR,ERR,ERR,ERR,ERR,ERR,ERR,ERR,ERR,ERR,ERR,ERR,ERR,ERR,ERR,ERR,ERR,ERR,ERR,ERR,ERR,0.0,-107615328.0,0.0,0.0,0.0,1.3936040501711995e+18,7.805,0.0,0,0,4,0,7300,-0.0,0,0.0,0.0,0.0,0.0,0.0,0,0,0,0,0.0,0,0,0,0,0,0,0,0,0,0,0,0,0,0,0,0,0,0,0,0,0,0,0,0,0,0,0,0,0,0,0,0,0,32,30,30,62,65476,0,300,0,0,8,21553,0.0,-107605600.0,0.0,0.0,0.0,0.0,0.0,0.0,0.0,0.0,0.0,0.0,0.0,0.0,0.0,0.0,0.0,0.0,0.0,0.0,0.0,0.0,2.004,0.0,-0.0,-2.004,0.0,0.0,0.0,0.0,5448.0,-0.0,6964.0,0.0,-107615328.0,-107615280.0,-0.0,0.0,0.0,0.0,0.0,63,2.718429300292151e+23,2.7184206533808666e+23,0.0,0.0,0.0,0.0,0.0,0.0,0.0,0,0,0,0.0,0.0,0.0,0.0,0.0,0.0,0.0,0.0,0.0,0.0,0.0,0.0,0.0,0.0,0.0,0.0,0,-107875648.0,63,0.0,126,2.7184242562605685e+23,-0.0,ERR,ERR,ERR,ERR,ERR,ERR,ERR,ERR,ERR,ERR,ERR,ERR,ERR,ERR,ERR,ERR,ERR,ERR,ERR,ERR,ERR,ERR,ERR,ERR,ERR,ERR,ERR,ERR,ERR,ERR,ERR,ERR,ERR,ERR,ERR,ERR,ERR,ERR,ERR,ERR,ERR,ERR,ERR,ERR,ERR,ERR,ERR,ERR,ERR,ERR,ERR,ERR,ERR,ERR,ERR,ERR,ERR,ERR,ERR,ERR,ERR,ERR,ERR,ERR,ERR,ERR,ERR,34.0,80.0,35,0.0,0.0,0.0,0.0,0.0,0.0,0.0,0.0,0.0,0.0,0.0,0.0,0.0,0.0,0.0,0.0,64.8,0,116,56,50,65476,0,300,0,0,8,20529,65476,0,0,57672,80.0,0.0,0.0,0.0,0.0,0.0
2026-06-17T04:26:20,ERR,ERR,ERR,ERR,ERR,ERR,ERR,ERR,ERR,ERR,ERR,ERR,ERR,ERR,ERR,ERR,ERR,ERR,ERR,ERR,ERR,ERR,ERR,ERR,ERR,ERR,ERR,ERR,ERR,ERR,ERR,ERR,ERR,ERR,ERR,ERR,ERR,ERR,ERR,ERR,ERR,ERR,ERR,ERR,ERR,ERR,ERR,ERR,ERR,ERR,ERR,ERR,ERR,ERR,ERR,ERR,ERR,ERR,ERR,ERR,ERR,ERR,ERR,ERR,ERR,ERR,ERR,ERR,ERR,ERR,ERR,ERR,ERR,ERR,ERR,ERR,ERR,ERR,ERR,ERR,ERR,ERR,ERR,ERR,ERR,ERR,ERR,ERR,ERR,ERR,ERR,ERR,ERR,ERR,ERR,ERR,ERR,ERR,ERR,ERR,ERR,ERR,ERR,ERR,ERR,ERR,ERR,ERR,ERR,ERR,ERR,ERR,ERR,ERR,ERR,ERR,ERR,ERR,ERR,ERR,ERR,ERR,ERR,ERR,ERR,0.0,-107615328.0,0.0,0.0,0.0,1.3936040501711995e+18,7.805,0.0,0,0,4,0,7300,-0.0,0,0.0,0.0,0.0,0.0,0.0,0,0,0,0,0.0,0,0,0,0,0,0,0,0,0,0,0,0,0,0,0,0,0,0,0,0,0,0,0,0,0,0,0,0,0,0,0,0,0,32,30,30,62,65476,0,300,0,0,8,21553,0.0,-107605600.0,0.0,0.0,0.0,0.0,0.0,0.0,0.0,0.0,0.0,0.0,0.0,0.0,0.0,0.0,0.0,0.0,0.0,0.0,0.0,0.0,2.004,0.0,-0.0,-2.004,0.0,0.0,0.0,0.0,5448.0,-0.0,6964.0,0.0,-107615328.0,-107615280.0,-0.0,0.0,0.0,0.0,0.0,63,2.718429300292151e+23,2.7184206533808666e+23,0.0,0.0,0.0,0.0,0.0,0.0,0.0,0,0,0,0.0,0.0,0.0,0.0,0.0,0.0,0.0,0.0,0.0,0.0,0.0,0.0,0.0,0.0,0.0,0.0,0,-107875648.0,63,0.0,126,2.7184242562605685e+23,-0.0,ERR,ERR,ERR,ERR,ERR,ERR,ERR,ERR,ERR,ERR,ERR,ERR,ERR,ERR,ERR,ERR,ERR,ERR,ERR,ERR,ERR,ERR,ERR,ERR,ERR,ERR,ERR,ERR,ERR,ERR,ERR,ERR,ERR,ERR,ERR,ERR,ERR,ERR,ERR,ERR,ERR,ERR,ERR,ERR,ERR,ERR,ERR,ERR,ERR,ERR,ERR,ERR,ERR,ERR,ERR,ERR,ERR,ERR,ERR,ERR,ERR,ERR,ERR,ERR,ERR,ERR,ERR,34.0,80.0,35,0.0,0.0,0.0,0.0,0.0,0.0,0.0,0.0,0.0,0.0,0.0,0.0,0.0,0.0,0.0,0.0,64.8,0,116,56,50,65476,0,300,0,0,8,20529,65476,0,0,57672,80.0,0.0,0.0,0.0,0.0,0.0
2026-06-17T04:26:21,ERR,ERR,ERR,ERR,ERR,ERR,ERR,ERR,ERR,ERR,ERR,ERR,ERR,ERR,ERR,ERR,ERR,ERR,ERR,ERR,ERR,ERR,ERR,ERR,ERR,ERR,ERR,ERR,ERR,ERR,ERR,ERR,ERR,ERR,ERR,ERR,ERR,ERR,ERR,ERR,ERR,ERR,ERR,ERR,ERR,ERR,ERR,ERR,ERR,ERR,ERR,ERR,ERR,ERR,ERR,ERR,ERR,ERR,ERR,ERR,ERR,ERR,ERR,ERR,ERR,ERR,ERR,ERR,ERR,ERR,ERR,ERR,ERR,ERR,ERR,ERR,ERR,ERR,ERR,ERR,ERR,ERR,ERR,ERR,ERR,ERR,ERR,ERR,ERR,ERR,ERR,ERR,ERR,ERR,ERR,ERR,ERR,ERR,ERR,ERR,ERR,ERR,ERR,ERR,ERR,ERR,ERR,ERR,ERR,ERR,ERR,ERR,ERR,ERR,ERR,ERR,ERR,ERR,ERR,ERR,ERR,ERR,ERR,ERR,ERR,0.0,-107615328.0,0.0,0.0,0.0,1.3936040501711995e+18,7.805,0.0,0,0,4,0,7300,-0.0,0,0.0,0.0,0.0,0.0,0.0,0,0,0,0,0.0,0,0,0,0,0,0,0,0,0,0,0,0,0,0,0,0,0,0,0,0,0,0,0,0,0,0,0,0,0,0,0,0,0,32,30,30,62,65476,0,300,0,0,8,21553,0.0,-107605600.0,0.0,0.0,0.0,0.0,0.0,0.0,0.0,0.0,0.0,0.0,0.0,0.0,0.0,0.0,0.0,0.0,0.0,0.0,0.0,0.0,2.004,0.0,-0.0,-2.004,0.0,0.0,0.0,0.0,5448.0,-0.0,6964.0,0.0,-107615328.0,-107615280.0,-0.0,0.0,0.0,0.0,0.0,63,2.718429300292151e+23,2.7184206533808666e+23,0.0,0.0,0.0,0.0,0.0,0.0,0.0,0,0,0,0.0,0.0,0.0,0.0,0.0,0.0,0.0,0.0,0.0,0.0,0.0,0.0,0.0,0.0,0.0,0.0,0,-107875648.0,63,0.0,126,2.7184242562605685e+23,-0.0,ERR,ERR,ERR,ERR,ERR,ERR,ERR,ERR,ERR,ERR,ERR,ERR,ERR,ERR,ERR,ERR,ERR,ERR,ERR,ERR,ERR,ERR,ERR,ERR,ERR,ERR,ERR,ERR,ERR,ERR,ERR,ERR,ERR,ERR,ERR,ERR,ERR,ERR,ERR,ERR,ERR,ERR,ERR,ERR,ERR,ERR,ERR,ERR,ERR,ERR,ERR,ERR,ERR,ERR,ERR,ERR,ERR,ERR,ERR,ERR,ERR,ERR,ERR,ERR,ERR,ERR,ERR,34.0,80.0,35,0.0,0.0,0.0,0.0,0.0,0.0,0.0,0.0,0.0,0.0,0.0,0.0,0.0,0.0,0.0,0.0,64.4,0,116,56,50,65476,0,300,0,0,8,20529,65476,0,0,57672,80.0,0.0,0.0,0.0,0.0,0.0
2026-06-17T04:26:22,ERR,ERR,ERR,ERR,ERR,ERR,ERR,ERR,ERR,ERR,ERR,ERR,ERR,ERR,ERR,ERR,ERR,ERR,ERR,ERR,ERR,ERR,ERR,ERR,ERR,ERR,ERR,ERR,ERR,ERR,ERR,ERR,ERR,ERR,ERR,ERR,ERR,ERR,ERR,ERR,ERR,ERR,ERR,ERR,ERR,ERR,ERR,ERR,ERR,ERR,ERR,ERR,ERR,ERR,ERR,ERR,ERR,ERR,ERR,ERR,ERR,ERR,ERR,ERR,ERR,ERR,ERR,ERR,ERR,ERR,ERR,ERR,ERR,ERR,ERR,ERR,ERR,ERR,ERR,ERR,ERR,ERR,ERR,ERR,ERR,ERR,ERR,ERR,ERR,ERR,ERR,ERR,ERR,ERR,ERR,ERR,ERR,ERR,ERR,ERR,ERR,ERR,ERR,ERR,ERR,ERR,ERR,ERR,ERR,ERR,ERR,ERR,ERR,ERR,ERR,ERR,ERR,ERR,ERR,ERR,ERR,ERR,ERR,ERR,ERR,0.0,-107615328.0,0.0,0.0,0.0,1.3936040501711995e+18,7.805,0.0,0,0,4,0,7300,-0.0,0,0.0,0.0,0.0,0.0,0.0,0,0,0,0,0.0,0,0,0,0,0,0,0,0,0,0,0,0,0,0,0,0,0,0,0,0,0,0,0,0,0,0,0,0,0,0,0,0,0,32,30,30,62,65476,0,300,0,0,8,21553,0.0,-107605600.0,0.0,0.0,0.0,0.0,0.0,0.0,0.0,0.0,0.0,0.0,0.0,0.0,0.0,0.0,0.0,0.0,0.0,0.0,0.0,0.0,2.004,0.0,-0.0,-2.004,0.0,0.0,0.0,0.0,5449.0,-0.0,6960.0,0.0,-107615328.0,-107615280.0,-0.0,0.0,0.0,0.0,0.0,63,3.222027116945945e+26,0.059,0.0,0.0,0.0,0.0,0.0,0.0,0.0,0,0,0,0.0,0.0,0.0,0.0,0.0,0.0,0.0,0.0,0.0,0.0,0.0,0.0,0.0,0.0,0.0,0.0,0,-107875648.0,63,0.0,126,2.7184242562605685e+23,-0.0,ERR,ERR,ERR,ERR,ERR,ERR,ERR,ERR,ERR,ERR,ERR,ERR,ERR,ERR,ERR,ERR,ERR,ERR,ERR,ERR,ERR,ERR,ERR,ERR,ERR,ERR,ERR,ERR,ERR,ERR,ERR,ERR,ERR,ERR,ERR,ERR,ERR,ERR,ERR,ERR,ERR,ERR,ERR,ERR,ERR,ERR,ERR,ERR,ERR,ERR,ERR,ERR,ERR,ERR,ERR,ERR,ERR,ERR,ERR,ERR,ERR,ERR,ERR,ERR,ERR,ERR,ERR,34.0,80.0,35,0.0,0.0,0.0,0.0,0.0,0.0,0.0,0.0,0.0,0.0,0.0,0.0,0.0,0.0,0.0,0.0,64.4,0,116,56,50,65476,0,300,0,0,8,20529,65476,0,0,57672,80.0,0.0,0.0,0.0,0.0,0.0
2026-06-17T04:26:23,ERR,ERR,ERR,ERR,ERR,ERR,ERR,ERR,ERR,ERR,ERR,ERR,ERR,ERR,ERR,ERR,ERR,ERR,ERR,ERR,ERR,ERR,ERR,ERR,ERR,ERR,ERR,ERR,ERR,ERR,ERR,ERR,ERR,ERR,ERR,ERR,ERR,ERR,ERR,ERR,ERR,ERR,ERR,ERR,ERR,ERR,ERR,ERR,ERR,ERR,ERR,ERR,ERR,ERR,ERR,ERR,ERR,ERR,ERR,ERR,ERR,ERR,ERR,ERR,ERR,ERR,ERR,ERR,ERR,ERR,ERR,ERR,ERR,ERR,ERR,ERR,ERR,ERR,ERR,ERR,ERR,ERR,ERR,ERR,ERR,ERR,ERR,ERR,ERR,ERR,ERR,ERR,ERR,ERR,ERR,ERR,ERR,ERR,ERR,ERR,ERR,ERR,ERR,ERR,ERR,ERR,ERR,ERR,ERR,ERR,ERR,ERR,ERR,ERR,ERR,ERR,ERR,ERR,ERR,ERR,ERR,ERR,ERR,ERR,ERR,0.0,-107615328.0,0.0,0.0,0.0,1.3936040501711995e+18,7.805,0.0,0,0,4,0,7300,-0.0,0,0.0,0.0,0.0,0.0,0.0,0,0,0,0,0.0,0,0,0,0,0,0,0,0,0,0,0,0,0,0,0,0,0,0,0,0,0,0,0,0,0,0,0,0,0,0,0,0,0,32,30,30,62,65476,0,300,0,0,8,21553,0.0,-107605600.0,0.0,0.0,0.0,0.0,0.0,0.0,0.0,0.0,0.0,0.0,0.0,0.0,0.0,0.0,0.0,0.0,0.0,0.0,0.0,0.0,2.004,0.0,-0.0,-2.004,0.0,0.0,0.0,0.0,5449.0,-0.0,6960.0,0.0,-107615328.0,-107615280.0,-0.0,0.0,0.0,0.0,0.0,63,3.222027116945945e+26,0.059,0.0,0.0,0.0,0.0,0.0,0.0,0.0,0,0,0,0.0,0.0,0.0,0.0,0.0,0.0,0.0,0.0,0.0,0.0,0.0,0.0,0.0,0.0,0.0,0.0,0,-107875648.0,63,0.0,126,2.7184242562605685e+23,-0.0,ERR,ERR,ERR,ERR,ERR,ERR,ERR,ERR,ERR,ERR,ERR,ERR,ERR,ERR,ERR,ERR,ERR,ERR,ERR,ERR,ERR,ERR,ERR,ERR,ERR,ERR,ERR,ERR,ERR,ERR,ERR,ERR,ERR,ERR,ERR,ERR,ERR,ERR,ERR,ERR,ERR,ERR,ERR,ERR,ERR,ERR,ERR,ERR,ERR,ERR,ERR,ERR,ERR,ERR,ERR,ERR,ERR,ERR,ERR,ERR,ERR,ERR,ERR,ERR,ERR,ERR,ERR,34.0,80.0,35,0.0,0.0,0.0,0.0,0.0,0.0,0.0,0.0,0.0,0.0,0.0,0.0,0.0,0.0,0.0,0.0,64.4,0,116,56,50,65476,0,300,0,0,8,20529,65476,0,0,57672,80.0,0.0,0.0,0.0,0.0,0.0
2026-06-17T04:26:24,ERR,ERR,ERR,ERR,ERR,ERR,ERR,ERR,ERR,ERR,ERR,ERR,ERR,ERR,ERR,ERR,ERR,ERR,ERR,ERR,ERR,ERR,ERR,ERR,ERR,ERR,ERR,ERR,ERR,ERR,ERR,ERR,ERR,ERR,ERR,ERR,ERR,ERR,ERR,ERR,ERR,ERR,ERR,ERR,ERR,ERR,ERR,ERR,ERR,ERR,ERR,ERR,ERR,ERR,ERR,ERR,ERR,ERR,ERR,ERR,ERR,ERR,ERR,ERR,ERR,ERR,ERR,ERR,ERR,ERR,ERR,ERR,ERR,ERR,ERR,ERR,ERR,ERR,ERR,ERR,ERR,ERR,ERR,ERR,ERR,ERR,ERR,ERR,ERR,ERR,ERR,ERR,ERR,ERR,ERR,ERR,ERR,ERR,ERR,ERR,ERR,ERR,ERR,ERR,ERR,ERR,ERR,ERR,ERR,ERR,ERR,ERR,ERR,ERR,ERR,ERR,ERR,ERR,ERR,ERR,ERR,ERR,ERR,ERR,ERR,0.0,-107615328.0,0.0,0.0,0.0,1.3936040501711995e+18,7.805,0.0,0,0,4,0,7300,-0.0,0,0.0,0.0,0.0,0.0,0.0,0,0,0,0,0.0,0,0,0,0,0,0,0,0,0,0,0,0,0,0,0,0,0,0,0,0,0,0,0,0,0,0,0,0,0,0,0,0,0,32,30,30,62,65476,0,300,0,0,8,21553,0.0,-107605600.0,0.0,0.0,0.0,0.0,0.0,0.0,0.0,0.0,0.0,0.0,0.0,0.0,0.0,0.0,0.0,0.0,0.0,0.0,0.0,0.0,2.004,0.0,-0.0,-2.004,0.0,0.0,0.0,0.0,5449.0,-0.0,6960.0,0.0,-107615328.0,-107615280.0,-0.0,0.0,0.0,0.0,0.0,63,3.222027116945945e+26,0.059,0.0,0.0,0.0,0.0,0.0,0.0,0.0,0,0,0,0.0,0.0,0.0,0.0,0.0,0.0,0.0,0.0,0.0,0.0,0.0,0.0,0.0,0.0,0.0,0.0,0,-107875648.0,63,0.0,126,2.7184242562605685e+23,-0.0,ERR,ERR,ERR,ERR,ERR,ERR,ERR,ERR,ERR,ERR,ERR,ERR,ERR,ERR,ERR,ERR,ERR,ERR,ERR,ERR,ERR,ERR,ERR,ERR,ERR,ERR,ERR,ERR,ERR,ERR,ERR,ERR,ERR,ERR,ERR,ERR,ERR,ERR,ERR,ERR,ERR,ERR,ERR,ERR,ERR,ERR,ERR,ERR,ERR,ERR,ERR,ERR,ERR,ERR,ERR,ERR,ERR,ERR,ERR,ERR,ERR,ERR,ERR,ERR,ERR,ERR,ERR,34.0,80.0,35,0.0,0.0,0.0,0.0,0.0,0.0,0.0,0.0,0.0,0.0,0.0,0.0,0.0,0.0,0.0,0.0,64.4,0,116,56,50,65476,0,300,0,0,8,20529,65476,0,0,57672,80.0,0.0,0.0,0.0,0.0,0.0
2026-06-17T04:26:25,ERR,ERR,ERR,ERR,ERR,ERR,ERR,ERR,ERR,ERR,ERR,ERR,ERR,ERR,ERR,ERR,ERR,ERR,ERR,ERR,ERR,ERR,ERR,ERR,ERR,ERR,ERR,ERR,ERR,ERR,ERR,ERR,ERR,ERR,ERR,ERR,ERR,ERR,ERR,ERR,ERR,ERR,ERR,ERR,ERR,ERR,ERR,ERR,ERR,ERR,ERR,ERR,ERR,ERR,ERR,ERR,ERR,ERR,ERR,ERR,ERR,ERR,ERR,ERR,ERR,ERR,ERR,ERR,ERR,ERR,ERR,ERR,ERR,ERR,ERR,ERR,ERR,ERR,ERR,ERR,ERR,ERR,ERR,ERR,ERR,ERR,ERR,ERR,ERR,ERR,ERR,ERR,ERR,ERR,ERR,ERR,ERR,ERR,ERR,ERR,ERR,ERR,ERR,ERR,ERR,ERR,ERR,ERR,ERR,ERR,ERR,ERR,ERR,ERR,ERR,ERR,ERR,ERR,ERR,ERR,ERR,ERR,ERR,ERR,ERR,0.0,-107615328.0,0.0,0.0,0.0,1.3936040501711995e+18,7.805,0.0,0,0,4,0,7300,-0.0,0,0.0,0.0,0.0,0.0,0.0,0,0,0,0,0.0,0,0,0,0,0,0,0,0,0,0,0,0,0,0,0,0,0,0,0,0,0,0,0,0,0,0,0,0,0,0,0,0,0,32,30,30,62,65476,0,300,0,0,8,21553,0.0,-107605600.0,0.0,0.0,0.0,0.0,0.0,0.0,0.0,0.0,0.0,0.0,0.0,0.0,0.0,0.0,0.0,0.0,0.0,0.0,0.0,0.0,2.004,0.0,-0.0,-2.004,0.0,0.0,0.0,0.0,5449.0,-0.0,6960.0,0.0,-107615328.0,-107615280.0,-0.0,0.0,0.0,0.0,0.0,63,3.222027116945945e+26,0.059,0.0,0.0,0.0,0.0,0.0,0.0,0.0,0,0,0,0.0,0.0,0.0,0.0,0.0,0.0,0.0,0.0,0.0,0.0,0.0,0.0,0.0,0.0,0.0,0.0,0,-107875648.0,63,0.0,126,2.7184242562605685e+23,-0.0,ERR,ERR,ERR,ERR,ERR,ERR,ERR,ERR,ERR,ERR,ERR,ERR,ERR,ERR,ERR,ERR,ERR,ERR,ERR,ERR,ERR,ERR,ERR,ERR,ERR,ERR,ERR,ERR,ERR,ERR,ERR,ERR,ERR,ERR,ERR,ERR,ERR,ERR,ERR,ERR,ERR,ERR,ERR,ERR,ERR,ERR,ERR,ERR,ERR,ERR,ERR,ERR,ERR,ERR,ERR,ERR,ERR,ERR,ERR,ERR,ERR,ERR,ERR,ERR,ERR,ERR,ERR,34.0,80.0,35,0.0,0.0,0.0,0.0,0.0,0.0,0.0,0.0,0.0,0.0,0.0,0.0,0.0,0.0,0.0,0.0,64.4,0,116,56,50,65476,0,300,0,0,8,20529,65476,0,0,57672,80.0,0.0,0.0,0.0,0.0,0.0
2026-06-17T04:26:26,ERR,ERR,ERR,ERR,ERR,ERR,ERR,ERR,ERR,ERR,ERR,ERR,ERR,ERR,ERR,ERR,ERR,ERR,ERR,ERR,ERR,ERR,ERR,ERR,ERR,ERR,ERR,ERR,ERR,ERR,ERR,ERR,ERR,ERR,ERR,ERR,ERR,ERR,ERR,ERR,ERR,ERR,ERR,ERR,ERR,ERR,ERR,ERR,ERR,ERR,ERR,ERR,ERR,ERR,ERR,ERR,ERR,ERR,ERR,ERR,ERR,ERR,ERR,ERR,ERR,ERR,ERR,ERR,ERR,ERR,ERR,ERR,ERR,ERR,ERR,ERR,ERR,ERR,ERR,ERR,ERR,ERR,ERR,ERR,ERR,ERR,ERR,ERR,ERR,ERR,ERR,ERR,ERR,ERR,ERR,ERR,ERR,ERR,ERR,ERR,ERR,ERR,ERR,ERR,ERR,ERR,ERR,ERR,ERR,ERR,ERR,ERR,ERR,ERR,ERR,ERR,ERR,ERR,ERR,ERR,ERR,ERR,ERR,ERR,ERR,0.0,-107615328.0,0.0,0.0,0.0,1.3936040501711995e+18,7.805,0.0,0,0,4,0,7300,-0.0,0,0.0,0.0,0.0,0.0,0.0,0,0,0,0,0.0,0,0,0,0,0,0,0,0,0,0,0,0,0,0,0,0,0,0,0,0,0,0,0,0,0,0,0,0,0,0,0,0,0,32,30,30,62,65476,0,300,0,0,8,21553,0.0,-107605600.0,0.0,0.0,0.0,0.0,0.0,0.0,0.0,0.0,0.0,0.0,0.0,0.0,0.0,0.0,0.0,0.0,0.0,0.0,0.0,0.0,2.004,0.0,-0.0,-2.004,0.0,0.0,0.0,0.0,5449.0,-0.0,6960.0,0.0,-107615328.0,-107615280.0,-0.0,0.0,0.0,0.0,0.0,63,3.222027116945945e+26,0.059,0.0,0.0,0.0,0.0,0.0,0.0,0.0,0,0,0,0.0,0.0,0.0,0.0,0.0,0.0,0.0,0.0,0.0,0.0,0.0,0.0,0.0,0.0,0.0,0.0,0,-107875648.0,63,0.0,126,2.7184242562605685e+23,-0.0,ERR,ERR,ERR,ERR,ERR,ERR,ERR,ERR,ERR,ERR,ERR,ERR,ERR,ERR,ERR,ERR,ERR,ERR,ERR,ERR,ERR,ERR,ERR,ERR,ERR,ERR,ERR,ERR,ERR,ERR,ERR,ERR,ERR,ERR,ERR,ERR,ERR,ERR,ERR,ERR,ERR,ERR,ERR,ERR,ERR,ERR,ERR,ERR,ERR,ERR,ERR,ERR,ERR,ERR,ERR,ERR,ERR,ERR,ERR,ERR,ERR,ERR,ERR,ERR,ERR,ERR,ERR,34.0,80.0,35,0.0,0.0,0.0,0.0,0.0,0.0,0.0,0.0,0.0,0.0,0.0,0.0,0.0,0.0,0.0,0.0,64.8,0,116,56,50,65476,0,300,0,0,8,20529,65476,0,0,57672,80.0,0.0,0.0,0.0,0.0,0.0
2026-06-17T04:26:27,ERR,ERR,ERR,ERR,ERR,ERR,ERR,ERR,ERR,ERR,ERR,ERR,ERR,ERR,ERR,ERR,ERR,ERR,ERR,ERR,ERR,ERR,ERR,ERR,ERR,ERR,ERR,ERR,ERR,ERR,ERR,ERR,ERR,ERR,ERR,ERR,ERR,ERR,ERR,ERR,ERR,ERR,ERR,ERR,ERR,ERR,ERR,ERR,ERR,ERR,ERR,ERR,ERR,ERR,ERR,ERR,ERR,ERR,ERR,ERR,ERR,ERR,ERR,ERR,ERR,ERR,ERR,ERR,ERR,ERR,ERR,ERR,ERR,ERR,ERR,ERR,ERR,ERR,ERR,ERR,ERR,ERR,ERR,ERR,ERR,ERR,ERR,ERR,ERR,ERR,ERR,ERR,ERR,ERR,ERR,ERR,ERR,ERR,ERR,ERR,ERR,ERR,ERR,ERR,ERR,ERR,ERR,ERR,ERR,ERR,ERR,ERR,ERR,ERR,ERR,ERR,ERR,ERR,ERR,ERR,ERR,ERR,ERR,ERR,ERR,0.0,-107615328.0,0.0,0.0,0.0,1.3936040501711995e+18,7.805,0.0,0,0,4,0,7300,-0.0,0,0.0,0.0,0.0,0.0,0.0,0,0,0,0,0.0,0,0,0,0,0,0,0,0,0,0,0,0,0,0,0,0,0,0,0,0,0,0,0,0,0,0,0,0,0,0,0,0,0,32,30,30,62,65476,0,300,0,0,8,21553,0.0,-107605600.0,0.0,0.0,0.0,0.0,0.0,0.0,0.0,0.0,0.0,0.0,0.0,0.0,0.0,0.0,0.0,0.0,0.0,0.0,0.0,0.0,2.004,0.0,-0.0,-2.004,0.0,0.0,0.0,0.0,5447.0,3.697192290889813e+19,6953.0,0.0,-107615328.0,-107615280.0,-0.0,0.0,0.0,0.0,0.0,63,126841077760.0,-4.950408094504864e+32,0.0,0.0,0.0,0.0,0.0,0.0,0.0,0,0,0,0.0,0.0,0.0,0.0,0.0,0.0,0.0,0.0,0.0,0.0,0.0,0.0,0.0,0.0,0.0,0.0,0,-107875648.0,63,0.0,126,2.7184242562605685e+23,-0.0,ERR,ERR,ERR,ERR,ERR,ERR,ERR,ERR,ERR,ERR,ERR,ERR,ERR,ERR,ERR,ERR,ERR,ERR,ERR,ERR,ERR,ERR,ERR,ERR,ERR,ERR,ERR,ERR,ERR,ERR,ERR,ERR,ERR,ERR,ERR,ERR,ERR,ERR,ERR,ERR,ERR,ERR,ERR,ERR,ERR,ERR,ERR,ERR,ERR,ERR,ERR,ERR,ERR,ERR,ERR,ERR,ERR,ERR,ERR,ERR,ERR,ERR,ERR,ERR,ERR,ERR,ERR,34.0,80.0,35,0.0,0.0,0.0,0.0,0.0,0.0,0.0,0.0,0.0,0.0,0.0,0.0,0.0,0.0,0.0,0.0,64.8,0,116,56,50,65476,0,300,0,0,8,20529,65476,0,0,57672,80.0,0.0,0.0,0.0,0.0,0.0
2026-06-17T04:26:28,ERR,ERR,ERR,ERR,ERR,ERR,ERR,ERR,ERR,ERR,ERR,ERR,ERR,ERR,ERR,ERR,ERR,ERR,ERR,ERR,ERR,ERR,ERR,ERR,ERR,ERR,ERR,ERR,ERR,ERR,ERR,ERR,ERR,ERR,ERR,ERR,ERR,ERR,ERR,ERR,ERR,ERR,ERR,ERR,ERR,ERR,ERR,ERR,ERR,ERR,ERR,ERR,ERR,ERR,ERR,ERR,ERR,ERR,ERR,ERR,ERR,ERR,ERR,ERR,ERR,ERR,ERR,ERR,ERR,ERR,ERR,ERR,ERR,ERR,ERR,ERR,ERR,ERR,ERR,ERR,ERR,ERR,ERR,ERR,ERR,ERR,ERR,ERR,ERR,ERR,ERR,ERR,ERR,ERR,ERR,ERR,ERR,ERR,ERR,ERR,ERR,ERR,ERR,ERR,ERR,ERR,ERR,ERR,ERR,ERR,ERR,ERR,ERR,ERR,ERR,ERR,ERR,ERR,ERR,ERR,ERR,ERR,ERR,ERR,ERR,0.0,-107615328.0,0.0,0.0,0.0,1.3936040501711995e+18,7.805,0.0,0,0,4,0,7300,-0.0,0,0.0,0.0,0.0,0.0,0.0,0,0,0,0,0.0,0,0,0,0,0,0,0,0,0,0,0,0,0,0,0,0,0,0,0,0,0,0,0,0,0,0,0,0,0,0,0,0,0,32,30,30,62,65476,0,300,0,0,8,21553,0.0,-107605600.0,0.0,0.0,0.0,0.0,0.0,0.0,0.0,0.0,0.0,0.0,0.0,0.0,0.0,0.0,0.0,0.0,0.0,0.0,0.0,0.0,2.004,0.0,-0.0,-2.004,0.0,0.0,0.0,0.0,5447.0,3.697192290889813e+19,6953.0,0.0,-107615328.0,-107615280.0,-0.0,0.0,0.0,0.0,0.0,63,126841077760.0,-4.950408094504864e+32,0.0,0.0,0.0,0.0,0.0,0.0,0.0,0,0,0,0.0,0.0,0.0,0.0,0.0,0.0,0.0,0.0,0.0,0.0,0.0,0.0,0.0,0.0,0.0,0.0,0,-107875648.0,63,0.0,126,2.7184242562605685e+23,-0.0,ERR,ERR,ERR,ERR,ERR,ERR,ERR,ERR,ERR,ERR,ERR,ERR,ERR,ERR,ERR,ERR,ERR,ERR,ERR,ERR,ERR,ERR,ERR,ERR,ERR,ERR,ERR,ERR,ERR,ERR,ERR,ERR,ERR,ERR,ERR,ERR,ERR,ERR,ERR,ERR,ERR,ERR,ERR,ERR,ERR,ERR,ERR,ERR,ERR,ERR,ERR,ERR,ERR,ERR,ERR,ERR,ERR,ERR,ERR,ERR,ERR,ERR,ERR,ERR,ERR,ERR,ERR,34.0,80.0,35,0.0,0.0,0.0,0.0,0.0,0.0,0.0,0.0,0.0,0.0,0.0,0.0,0.0,0.0,0.0,0.0,64.8,0,116,56,50,65476,0,300,0,0,8,20529,65476,0,0,57672,80.0,0.0,0.0,0.0,0.0,0.0
2026-06-17T04:26:29,ERR,ERR,ERR,ERR,ERR,ERR,ERR,ERR,ERR,ERR,ERR,ERR,ERR,ERR,ERR,ERR,ERR,ERR,ERR,ERR,ERR,ERR,ERR,ERR,ERR,ERR,ERR,ERR,ERR,ERR,ERR,ERR,ERR,ERR,ERR,ERR,ERR,ERR,ERR,ERR,ERR,ERR,ERR,ERR,ERR,ERR,ERR,ERR,ERR,ERR,ERR,ERR,ERR,ERR,ERR,ERR,ERR,ERR,ERR,ERR,ERR,ERR,ERR,ERR,ERR,ERR,ERR,ERR,ERR,ERR,ERR,ERR,ERR,ERR,ERR,ERR,ERR,ERR,ERR,ERR,ERR,ERR,ERR,ERR,ERR,ERR,ERR,ERR,ERR,ERR,ERR,ERR,ERR,ERR,ERR,ERR,ERR,ERR,ERR,ERR,ERR,ERR,ERR,ERR,ERR,ERR,ERR,ERR,ERR,ERR,ERR,ERR,ERR,ERR,ERR,ERR,ERR,ERR,ERR,ERR,ERR,ERR,ERR,ERR,ERR,0.0,-107615328.0,0.0,0.0,0.0,1.3936040501711995e+18,7.805,0.0,0,0,4,0,7300,-0.0,0,0.0,0.0,0.0,0.0,0.0,0,0,0,0,0.0,0,0,0,0,0,0,0,0,0,0,0,0,0,0,0,0,0,0,0,0,0,0,0,0,0,0,0,0,0,0,0,0,0,32,30,30,62,65476,0,300,0,0,8,21553,0.0,-107605600.0,0.0,0.0,0.0,0.0,0.0,0.0,0.0,0.0,0.0,0.0,0.0,0.0,0.0,0.0,0.0,0.0,0.0,0.0,0.0,0.0,2.004,0.0,-0.0,-2.004,0.0,0.0,0.0,0.0,5447.0,3.697192290889813e+19,6953.0,0.0,-107615328.0,-107615280.0,-0.0,0.0,0.0,0.0,0.0,63,126841077760.0,-4.950408094504864e+32,0.0,0.0,0.0,0.0,0.0,0.0,0.0,0,0,0,0.0,0.0,0.0,0.0,0.0,0.0,0.0,0.0,0.0,0.0,0.0,0.0,0.0,0.0,0.0,0.0,0,-107875648.0,63,0.0,126,2.7184242562605685e+23,-0.0,ERR,ERR,ERR,ERR,ERR,ERR,ERR,ERR,ERR,ERR,ERR,ERR,ERR,ERR,ERR,ERR,ERR,ERR,ERR,ERR,ERR,ERR,ERR,ERR,ERR,ERR,ERR,ERR,ERR,ERR,ERR,ERR,ERR,ERR,ERR,ERR,ERR,ERR,ERR,ERR,ERR,ERR,ERR,ERR,ERR,ERR,ERR,ERR,ERR,ERR,ERR,ERR,ERR,ERR,ERR,ERR,ERR,ERR,ERR,ERR,ERR,ERR,ERR,ERR,ERR,ERR,ERR,34.0,80.0,35,0.0,0.0,0.0,0.0,0.0,0.0,0.0,0.0,0.0,0.0,0.0,0.0,0.0,0.0,0.0,0.0,64.8,0,116,56,50,65476,0,300,0,0,8,20529,65476,0,0,57672,80.0,0.0,0.0,0.0,0.0,0.0
2026-06-17T04:26:30,ERR,ERR,ERR,ERR,ERR,ERR,ERR,ERR,ERR,ERR,ERR,ERR,ERR,ERR,ERR,ERR,ERR,ERR,ERR,ERR,ERR,ERR,ERR,ERR,ERR,ERR,ERR,ERR,ERR,ERR,ERR,ERR,ERR,ERR,ERR,ERR,ERR,ERR,ERR,ERR,ERR,ERR,ERR,ERR,ERR,ERR,ERR,ERR,ERR,ERR,ERR,ERR,ERR,ERR,ERR,ERR,ERR,ERR,ERR,ERR,ERR,ERR,ERR,ERR,ERR,ERR,ERR,ERR,ERR,ERR,ERR,ERR,ERR,ERR,ERR,ERR,ERR,ERR,ERR,ERR,ERR,ERR,ERR,ERR,ERR,ERR,ERR,ERR,ERR,ERR,ERR,ERR,ERR,ERR,ERR,ERR,ERR,ERR,ERR,ERR,ERR,ERR,ERR,ERR,ERR,ERR,ERR,ERR,ERR,ERR,ERR,ERR,ERR,ERR,ERR,ERR,ERR,ERR,ERR,ERR,ERR,ERR,ERR,ERR,ERR,0.0,-107615328.0,0.0,0.0,0.0,1.3936040501711995e+18,7.805,0.0,0,0,4,0,7300,-0.0,0,0.0,0.0,0.0,0.0,0.0,0,0,0,0,0.0,0,0,0,0,0,0,0,0,0,0,0,0,0,0,0,0,0,0,0,0,0,0,0,0,0,0,0,0,0,0,0,0,0,32,30,30,62,65476,0,300,0,0,8,21553,0.0,-107605600.0,0.0,0.0,0.0,0.0,0.0,0.0,0.0,0.0,0.0,0.0,0.0,0.0,0.0,0.0,0.0,0.0,0.0,0.0,0.0,0.0,2.004,0.0,-0.0,-2.004,0.0,0.0,0.0,0.0,5447.0,3.697192290889813e+19,6953.0,0.0,-107615328.0,-107615280.0,-0.0,0.0,0.0,0.0,0.0,63,126841077760.0,-4.950408094504864e+32,0.0,0.0,0.0,0.0,0.0,0.0,0.0,0,0,0,0.0,0.0,0.0,0.0,0.0,0.0,0.0,0.0,0.0,0.0,0.0,0.0,0.0,0.0,0.0,0.0,0,-107875648.0,63,0.0,126,2.7184242562605685e+23,-0.0,ERR,ERR,ERR,ERR,ERR,ERR,ERR,ERR,ERR,ERR,ERR,ERR,ERR,ERR,ERR,ERR,ERR,ERR,ERR,ERR,ERR,ERR,ERR,ERR,ERR,ERR,ERR,ERR,ERR,ERR,ERR,ERR,ERR,ERR,ERR,ERR,ERR,ERR,ERR,ERR,ERR,ERR,ERR,ERR,ERR,ERR,ERR,ERR,ERR,ERR,ERR,ERR,ERR,ERR,ERR,ERR,ERR,ERR,ERR,ERR,ERR,ERR,ERR,ERR,ERR,ERR,ERR,34.0,80.0,35,0.0,0.0,0.0,0.0,0.0,0.0,0.0,0.0,0.0,0.0,0.0,0.0,0.0,0.0,0.0,0.0,64.4,0,116,56,50,65476,0,300,0,0,8,20529,65476,0,0,57672,80.0,0.0,0.0,0.0,0.0,0.0
2026-06-17T04:26:31,ERR,ERR,ERR,ERR,ERR,ERR,ERR,ERR,ERR,ERR,ERR,ERR,ERR,ERR,ERR,ERR,ERR,ERR,ERR,ERR,ERR,ERR,ERR,ERR,ERR,ERR,ERR,ERR,ERR,ERR,ERR,ERR,ERR,ERR,ERR,ERR,ERR,ERR,ERR,ERR,ERR,ERR,ERR,ERR,ERR,ERR,ERR,ERR,ERR,ERR,ERR,ERR,ERR,ERR,ERR,ERR,ERR,ERR,ERR,ERR,ERR,ERR,ERR,ERR,ERR,ERR,ERR,ERR,ERR,ERR,ERR,ERR,ERR,ERR,ERR,ERR,ERR,ERR,ERR,ERR,ERR,ERR,ERR,ERR,ERR,ERR,ERR,ERR,ERR,ERR,ERR,ERR,ERR,ERR,ERR,ERR,ERR,ERR,ERR,ERR,ERR,ERR,ERR,ERR,ERR,ERR,ERR,ERR,ERR,ERR,ERR,ERR,ERR,ERR,ERR,ERR,ERR,ERR,ERR,ERR,ERR,ERR,ERR,ERR,ERR,0.0,-107615328.0,0.0,0.0,0.0,1.3936040501711995e+18,7.805,0.0,0,0,4,0,7300,-0.0,0,0.0,0.0,0.0,0.0,0.0,0,0,0,0,0.0,0,0,0,0,0,0,0,0,0,0,0,0,0,0,0,0,0,0,0,0,0,0,0,0,0,0,0,0,0,0,0,0,0,32,30,30,62,65476,0,300,0,0,8,21553,0.0,-107605600.0,0.0,0.0,0.0,0.0,0.0,0.0,0.0,0.0,0.0,0.0,0.0,0.0,0.0,0.0,0.0,0.0,0.0,0.0,0.0,0.0,2.004,0.0,-0.0,-2.004,0.0,0.0,0.0,0.0,5447.0,3.697192290889813e+19,6953.0,0.0,-107615328.0,-107615280.0,-0.0,0.0,0.0,0.0,0.0,63,126841077760.0,-4.950408094504864e+32,0.0,0.0,0.0,0.0,0.0,0.0,0.0,0,0,0,0.0,0.0,0.0,0.0,0.0,0.0,0.0,0.0,0.0,0.0,0.0,0.0,0.0,0.0,0.0,0.0,0,-107875648.0,63,0.0,126,2.7184242562605685e+23,-0.0,ERR,ERR,ERR,ERR,ERR,ERR,ERR,ERR,ERR,ERR,ERR,ERR,ERR,ERR,ERR,ERR,ERR,ERR,ERR,ERR,ERR,ERR,ERR,ERR,ERR,ERR,ERR,ERR,ERR,ERR,ERR,ERR,ERR,ERR,ERR,ERR,ERR,ERR,ERR,ERR,ERR,ERR,ERR,ERR,ERR,ERR,ERR,ERR,ERR,ERR,ERR,ERR,ERR,ERR,ERR,ERR,ERR,ERR,ERR,ERR,ERR,ERR,ERR,ERR,ERR,ERR,ERR,34.0,80.0,35,0.0,0.0,0.0,0.0,0.0,0.0,0.0,0.0,0.0,0.0,0.0,0.0,0.0,0.0,0.0,0.0,64.4,0,116,56,50,65476,0,300,0,0,8,20529,65476,0,0,57672,80.0,0.0,0.0,0.0,0.0,0.0
2026-06-17T04:26:32,ERR,ERR,ERR,ERR,ERR,ERR,ERR,ERR,ERR,ERR,ERR,ERR,ERR,ERR,ERR,ERR,ERR,ERR,ERR,ERR,ERR,ERR,ERR,ERR,ERR,ERR,ERR,ERR,ERR,ERR,ERR,ERR,ERR,ERR,ERR,ERR,ERR,ERR,ERR,ERR,ERR,ERR,ERR,ERR,ERR,ERR,ERR,ERR,ERR,ERR,ERR,ERR,ERR,ERR,ERR,ERR,ERR,ERR,ERR,ERR,ERR,ERR,ERR,ERR,ERR,ERR,ERR,ERR,ERR,ERR,ERR,ERR,ERR,ERR,ERR,ERR,ERR,ERR,ERR,ERR,ERR,ERR,ERR,ERR,ERR,ERR,ERR,ERR,ERR,ERR,ERR,ERR,ERR,ERR,ERR,ERR,ERR,ERR,ERR,ERR,ERR,ERR,ERR,ERR,ERR,ERR,ERR,ERR,ERR,ERR,ERR,ERR,ERR,ERR,ERR,ERR,ERR,ERR,ERR,ERR,ERR,ERR,ERR,ERR,ERR,0.0,-107615328.0,0.0,0.0,0.0,1.3936040501711995e+18,7.805,0.0,0,0,4,0,7300,-0.0,0,0.0,0.0,0.0,0.0,0.0,0,0,0,0,0.0,0,0,0,0,0,0,0,0,0,0,0,0,0,0,0,0,0,0,0,0,0,0,0,0,0,0,0,0,0,0,0,0,0,32,30,30,62,65476,0,300,0,0,8,21553,0.0,-107605600.0,0.0,0.0,0.0,0.0,0.0,0.0,0.0,0.0,0.0,0.0,0.0,0.0,0.0,0.0,0.0,0.0,0.0,0.0,0.0,0.0,2.004,0.0,-0.0,-2.004,0.0,0.0,0.0,0.0,5447.0,0.0,6945.0,0.0,-107615328.0,-107615280.0,-0.0,0.0,0.0,0.0,0.0,63,2.3088396621844998e+20,-0.0,0.0,0.0,0.0,0.0,0.0,0.0,0.0,0,0,0,0.0,0.0,0.0,0.0,0.0,0.0,0.0,0.0,0.0,0.0,0.0,0.0,0.0,0.0,0.0,0.0,0,-107875648.0,63,0.0,126,2.7184242562605685e+23,-0.0,ERR,ERR,ERR,ERR,ERR,ERR,ERR,ERR,ERR,ERR,ERR,ERR,ERR,ERR,ERR,ERR,ERR,ERR,ERR,ERR,ERR,ERR,ERR,ERR,ERR,ERR,ERR,ERR,ERR,ERR,ERR,ERR,ERR,ERR,ERR,ERR,ERR,ERR,ERR,ERR,ERR,ERR,ERR,ERR,ERR,ERR,ERR,ERR,ERR,ERR,ERR,ERR,ERR,ERR,ERR,ERR,ERR,ERR,ERR,ERR,ERR,ERR,ERR,ERR,ERR,ERR,ERR,34.0,80.0,35,0.0,0.0,0.0,0.0,0.0,0.0,0.0,0.0,0.0,0.0,0.0,0.0,0.0,0.0,0.0,0.0,64.4,0,116,56,50,65476,0,300,0,0,8,20529,65476,0,0,57672,80.0,0.0,0.0,0.0,0.0,0.0
2026-06-17T04:26:33,ERR,ERR,ERR,ERR,ERR,ERR,ERR,ERR,ERR,ERR,ERR,ERR,ERR,ERR,ERR,ERR,ERR,ERR,ERR,ERR,ERR,ERR,ERR,ERR,ERR,ERR,ERR,ERR,ERR,ERR,ERR,ERR,ERR,ERR,ERR,ERR,ERR,ERR,ERR,ERR,ERR,ERR,ERR,ERR,ERR,ERR,ERR,ERR,ERR,ERR,ERR,ERR,ERR,ERR,ERR,ERR,ERR,ERR,ERR,ERR,ERR,ERR,ERR,ERR,ERR,ERR,ERR,ERR,ERR,ERR,ERR,ERR,ERR,ERR,ERR,ERR,ERR,ERR,ERR,ERR,ERR,ERR,ERR,ERR,ERR,ERR,ERR,ERR,ERR,ERR,ERR,ERR,ERR,ERR,ERR,ERR,ERR,ERR,ERR,ERR,ERR,ERR,ERR,ERR,ERR,ERR,ERR,ERR,ERR,ERR,ERR,ERR,ERR,ERR,ERR,ERR,ERR,ERR,ERR,ERR,ERR,ERR,ERR,ERR,ERR,0.0,-107615328.0,0.0,0.0,0.0,1.3936040501711995e+18,7.805,0.0,0,0,4,0,7300,-0.0,0,0.0,0.0,0.0,0.0,0.0,0,0,0,0,0.0,0,0,0,0,0,0,0,0,0,0,0,0,0,0,0,0,0,0,0,0,0,0,0,0,0,0,0,0,0,0,0,0,0,32,30,30,62,65476,0,300,0,0,8,21553,0.0,-107605600.0,0.0,0.0,0.0,0.0,0.0,0.0,0.0,0.0,0.0,0.0,0.0,0.0,0.0,0.0,0.0,0.0,0.0,0.0,0.0,0.0,2.004,0.0,-0.0,-2.004,0.0,0.0,0.0,0.0,5447.0,0.0,6945.0,0.0,-107615328.0,-107615280.0,-0.0,0.0,0.0,0.0,0.0,63,2.3088396621844998e+20,-0.0,0.0,0.0,0.0,0.0,0.0,0.0,0.0,0,0,0,0.0,0.0,0.0,0.0,0.0,0.0,0.0,0.0,0.0,0.0,0.0,0.0,0.0,0.0,0.0,0.0,0,-107875648.0,63,0.0,126,2.7184242562605685e+23,-0.0,ERR,ERR,ERR,ERR,ERR,ERR,ERR,ERR,ERR,ERR,ERR,ERR,ERR,ERR,ERR,ERR,ERR,ERR,ERR,ERR,ERR,ERR,ERR,ERR,ERR,ERR,ERR,ERR,ERR,ERR,ERR,ERR,ERR,ERR,ERR,ERR,ERR,ERR,ERR,ERR,ERR,ERR,ERR,ERR,ERR,ERR,ERR,ERR,ERR,ERR,ERR,ERR,ERR,ERR,ERR,ERR,ERR,ERR,ERR,ERR,ERR,ERR,ERR,ERR,ERR,ERR,ERR,34.0,80.0,35,0.0,0.0,0.0,0.0,0.0,0.0,0.0,0.0,0.0,0.0,0.0,0.0,0.0,0.0,0.0,0.0,64.4,0,116,56,50,65476,0,300,0,0,8,20529,65476,0,0,57672,80.0,0.0,0.0,0.0,0.0,0.0
2026-06-17T04:26:34,ERR,ERR,ERR,ERR,ERR,ERR,ERR,ERR,ERR,ERR,ERR,ERR,ERR,ERR,ERR,ERR,ERR,ERR,ERR,ERR,ERR,ERR,ERR,ERR,ERR,ERR,ERR,ERR,ERR,ERR,ERR,ERR,ERR,ERR,ERR,ERR,ERR,ERR,ERR,ERR,ERR,ERR,ERR,ERR,ERR,ERR,ERR,ERR,ERR,ERR,ERR,ERR,ERR,ERR,ERR,ERR,ERR,ERR,ERR,ERR,ERR,ERR,ERR,ERR,ERR,ERR,ERR,ERR,ERR,ERR,ERR,ERR,ERR,ERR,ERR,ERR,ERR,ERR,ERR,ERR,ERR,ERR,ERR,ERR,ERR,ERR,ERR,ERR,ERR,ERR,ERR,ERR,ERR,ERR,ERR,ERR,ERR,ERR,ERR,ERR,ERR,ERR,ERR,ERR,ERR,ERR,ERR,ERR,ERR,ERR,ERR,ERR,ERR,ERR,ERR,ERR,ERR,ERR,ERR,ERR,ERR,ERR,ERR,ERR,ERR,0.0,-107615328.0,0.0,0.0,0.0,1.3936040501711995e+18,7.805,0.0,0,0,4,0,7300,-0.0,0,0.0,0.0,0.0,0.0,0.0,0,0,0,0,0.0,0,0,0,0,0,0,0,0,0,0,0,0,0,0,0,0,0,0,0,0,0,0,0,0,0,0,0,0,0,0,0,0,0,32,30,30,62,65476,0,300,0,0,8,21553,0.0,-107605600.0,0.0,0.0,0.0,0.0,0.0,0.0,0.0,0.0,0.0,0.0,0.0,0.0,0.0,0.0,0.0,0.0,0.0,0.0,0.0,0.0,2.004,0.0,-0.0,-2.004,0.0,0.0,0.0,0.0,5447.0,0.0,6945.0,0.0,-107615328.0,-107615280.0,-0.0,0.0,0.0,0.0,0.0,63,2.3088396621844998e+20,-0.0,0.0,0.0,0.0,0.0,0.0,0.0,0.0,0,0,0,0.0,0.0,0.0,0.0,0.0,0.0,0.0,0.0,0.0,0.0,0.0,0.0,0.0,0.0,0.0,0.0,0,-107875648.0,63,0.0,126,2.7184242562605685e+23,-0.0,ERR,ERR,ERR,ERR,ERR,ERR,ERR,ERR,ERR,ERR,ERR,ERR,ERR,ERR,ERR,ERR,ERR,ERR,ERR,ERR,ERR,ERR,ERR,ERR,ERR,ERR,ERR,ERR,ERR,ERR,ERR,ERR,ERR,ERR,ERR,ERR,ERR,ERR,ERR,ERR,ERR,ERR,ERR,ERR,ERR,ERR,ERR,ERR,ERR,ERR,ERR,ERR,ERR,ERR,ERR,ERR,ERR,ERR,ERR,ERR,ERR,ERR,ERR,ERR,ERR,ERR,ERR,34.0,80.0,35,0.0,0.0,0.0,0.0,0.0,0.0,0.0,0.0,0.0,0.0,0.0,0.0,0.0,0.0,0.0,0.0,64.4,0,116,56,50,65476,0,300,0,0,8,20529,65476,0,0,57672,80.0,0.0,0.0,0.0,0.0,0.0
2026-06-17T04:26:35,ERR,ERR,ERR,ERR,ERR,ERR,ERR,ERR,ERR,ERR,ERR,ERR,ERR,ERR,ERR,ERR,ERR,ERR,ERR,ERR,ERR,ERR,ERR,ERR,ERR,ERR,ERR,ERR,ERR,ERR,ERR,ERR,ERR,ERR,ERR,ERR,ERR,ERR,ERR,ERR,ERR,ERR,ERR,ERR,ERR,ERR,ERR,ERR,ERR,ERR,ERR,ERR,ERR,ERR,ERR,ERR,ERR,ERR,ERR,ERR,ERR,ERR,ERR,ERR,ERR,ERR,ERR,ERR,ERR,ERR,ERR,ERR,ERR,ERR,ERR,ERR,ERR,ERR,ERR,ERR,ERR,ERR,ERR,ERR,ERR,ERR,ERR,ERR,ERR,ERR,ERR,ERR,ERR,ERR,ERR,ERR,ERR,ERR,ERR,ERR,ERR,ERR,ERR,ERR,ERR,ERR,ERR,ERR,ERR,ERR,ERR,ERR,ERR,ERR,ERR,ERR,ERR,ERR,ERR,ERR,ERR,ERR,ERR,ERR,ERR,0.0,-107615328.0,0.0,0.0,0.0,1.3936040501711995e+18,7.805,0.0,0,0,4,0,7300,-0.0,0,0.0,0.0,0.0,0.0,0.0,0,0,0,0,0.0,0,0,0,0,0,0,0,0,0,0,0,0,0,0,0,0,0,0,0,0,0,0,0,0,0,0,0,0,0,0,0,0,0,32,30,30,62,65476,0,300,0,0,8,21553,0.0,-107605600.0,0.0,0.0,0.0,0.0,0.0,0.0,0.0,0.0,0.0,0.0,0.0,0.0,0.0,0.0,0.0,0.0,0.0,0.0,0.0,0.0,2.004,0.0,-0.0,-2.004,0.0,0.0,0.0,0.0,5447.0,0.0,6945.0,0.0,-107615328.0,-107615280.0,-0.0,0.0,0.0,0.0,0.0,63,2.3088396621844998e+20,-0.0,0.0,0.0,0.0,0.0,0.0,0.0,0.0,0,0,0,0.0,0.0,0.0,0.0,0.0,0.0,0.0,0.0,0.0,0.0,0.0,0.0,0.0,0.0,0.0,0.0,0,-107875648.0,63,0.0,126,2.7184242562605685e+23,-0.0,ERR,ERR,ERR,ERR,ERR,ERR,ERR,ERR,ERR,ERR,ERR,ERR,ERR,ERR,ERR,ERR,ERR,ERR,ERR,ERR,ERR,ERR,ERR,ERR,ERR,ERR,ERR,ERR,ERR,ERR,ERR,ERR,ERR,ERR,ERR,ERR,ERR,ERR,ERR,ERR,ERR,ERR,ERR,ERR,ERR,ERR,ERR,ERR,ERR,ERR,ERR,ERR,ERR,ERR,ERR,ERR,ERR,ERR,ERR,ERR,ERR,ERR,ERR,ERR,ERR,ERR,ERR,34.0,80.0,35,0.0,0.0,0.0,0.0,0.0,0.0,0.0,0.0,0.0,0.0,0.0,0.0,0.0,0.0,0.0,0.0,64.4,0,116,56,50,65476,0,300,0,0,8,20529,65476,0,0,57672,80.0,0.0,0.0,0.0,0.0,0.0
2026-06-17T04:26:36,ERR,ERR,ERR,ERR,ERR,ERR,ERR,ERR,ERR,ERR,ERR,ERR,ERR,ERR,ERR,ERR,ERR,ERR,ERR,ERR,ERR,ERR,ERR,ERR,ERR,ERR,ERR,ERR,ERR,ERR,ERR,ERR,ERR,ERR,ERR,ERR,ERR,ERR,ERR,ERR,ERR,ERR,ERR,ERR,ERR,ERR,ERR,ERR,ERR,ERR,ERR,ERR,ERR,ERR,ERR,ERR,ERR,ERR,ERR,ERR,ERR,ERR,ERR,ERR,ERR,ERR,ERR,ERR,ERR,ERR,ERR,ERR,ERR,ERR,ERR,ERR,ERR,ERR,ERR,ERR,ERR,ERR,ERR,ERR,ERR,ERR,ERR,ERR,ERR,ERR,ERR,ERR,ERR,ERR,ERR,ERR,ERR,ERR,ERR,ERR,ERR,ERR,ERR,ERR,ERR,ERR,ERR,ERR,ERR,ERR,ERR,ERR,ERR,ERR,ERR,ERR,ERR,ERR,ERR,ERR,ERR,ERR,ERR,ERR,ERR,0.0,-107615328.0,0.0,0.0,0.0,1.3936040501711995e+18,7.805,0.0,0,0,4,0,7300,-0.0,0,0.0,0.0,0.0,0.0,0.0,0,0,0,0,0.0,0,0,0,0,0,0,0,0,0,0,0,0,0,0,0,0,0,0,0,0,0,0,0,0,0,0,0,0,0,0,0,0,0,32,30,30,62,65476,0,300,0,0,8,21553,0.0,-107605600.0,0.0,0.0,0.0,0.0,0.0,0.0,0.0,0.0,0.0,0.0,0.0,0.0,0.0,0.0,0.0,0.0,0.0,0.0,0.0,0.0,2.004,0.0,-0.0,-2.004,0.0,0.0,0.0,0.0,5447.0,0.0,6945.0,0.0,-107615328.0,-107615280.0,-0.0,0.0,0.0,0.0,0.0,63,2.3088396621844998e+20,-0.0,0.0,0.0,0.0,0.0,0.0,0.0,0.0,0,0,0,0.0,0.0,0.0,0.0,0.0,0.0,0.0,0.0,0.0,0.0,0.0,0.0,0.0,0.0,0.0,0.0,0,-107875648.0,63,0.0,126,2.7184242562605685e+23,-0.0,ERR,ERR,ERR,ERR,ERR,ERR,ERR,ERR,ERR,ERR,ERR,ERR,ERR,ERR,ERR,ERR,ERR,ERR,ERR,ERR,ERR,ERR,ERR,ERR,ERR,ERR,ERR,ERR,ERR,ERR,ERR,ERR,ERR,ERR,ERR,ERR,ERR,ERR,ERR,ERR,ERR,ERR,ERR,ERR,ERR,ERR,ERR,ERR,ERR,ERR,ERR,ERR,ERR,ERR,ERR,ERR,ERR,ERR,ERR,ERR,ERR,ERR,ERR,ERR,ERR,ERR,ERR,34.0,80.0,35,0.0,0.0,0.0,0.0,0.0,0.0,0.0,0.0,0.0,0.0,0.0,0.0,0.0,0.0,0.0,0.0,64.4,0,116,56,50,65476,0,300,0,0,8,20529,65476,0,0,57672,80.0,0.0,0.0,0.0,0.0,0.0
2026-06-17T04:26:37,ERR,ERR,ERR,ERR,ERR,ERR,ERR,ERR,ERR,ERR,ERR,ERR,ERR,ERR,ERR,ERR,ERR,ERR,ERR,ERR,ERR,ERR,ERR,ERR,ERR,ERR,ERR,ERR,ERR,ERR,ERR,ERR,ERR,ERR,ERR,ERR,ERR,ERR,ERR,ERR,ERR,ERR,ERR,ERR,ERR,ERR,ERR,ERR,ERR,ERR,ERR,ERR,ERR,ERR,ERR,ERR,ERR,ERR,ERR,ERR,ERR,ERR,ERR,ERR,ERR,ERR,ERR,ERR,ERR,ERR,ERR,ERR,ERR,ERR,ERR,ERR,ERR,ERR,ERR,ERR,ERR,ERR,ERR,ERR,ERR,ERR,ERR,ERR,ERR,ERR,ERR,ERR,ERR,ERR,ERR,ERR,ERR,ERR,ERR,ERR,ERR,ERR,ERR,ERR,ERR,ERR,ERR,ERR,ERR,ERR,ERR,ERR,ERR,ERR,ERR,ERR,ERR,ERR,ERR,ERR,ERR,ERR,ERR,ERR,ERR,0.0,-107615328.0,0.0,0.0,0.0,1.3936040501711995e+18,7.805,0.0,0,0,4,0,7300,-0.0,0,0.0,0.0,0.0,0.0,0.0,0,0,0,0,0.0,0,0,0,0,0,0,0,0,0,0,0,0,0,0,0,0,0,0,0,0,0,0,0,0,0,0,0,0,0,0,0,0,0,32,30,30,62,65476,0,300,0,0,8,21553,0.0,-107605600.0,0.0,0.0,0.0,0.0,0.0,0.0,0.0,0.0,0.0,0.0,0.0,0.0,0.0,0.0,0.0,0.0,0.0,0.0,0.0,0.0,2.004,0.0,-0.0,-2.004,0.0,0.0,0.0,0.0,5447.0,0.0,6945.0,0.0,-107615328.0,-107615280.0,-0.0,0.0,0.0,0.0,0.0,63,2.3088396621844998e+20,-0.0,0.0,0.0,0.0,0.0,0.0,0.0,0.0,0,0,0,0.0,0.0,0.0,0.0,0.0,0.0,0.0,0.0,0.0,0.0,0.0,0.0,0.0,0.0,0.0,0.0,0,-107875648.0,63,0.0,126,2.7184242562605685e+23,-0.0,ERR,ERR,ERR,ERR,ERR,ERR,ERR,ERR,ERR,ERR,ERR,ERR,ERR,ERR,ERR,ERR,ERR,ERR,ERR,ERR,ERR,ERR,ERR,ERR,ERR,ERR,ERR,ERR,ERR,ERR,ERR,ERR,ERR,ERR,ERR,ERR,ERR,ERR,ERR,ERR,ERR,ERR,ERR,ERR,ERR,ERR,ERR,ERR,ERR,ERR,ERR,ERR,ERR,ERR,ERR,ERR,ERR,ERR,ERR,ERR,ERR,ERR,ERR,ERR,ERR,ERR,ERR,34.0,80.0,35,0.0,0.0,0.0,0.0,0.0,0.0,0.0,0.0,0.0,0.0,0.0,0.0,0.0,0.0,0.0,0.0,64.4,0,116,56,50,65476,0,300,0,0,8,20529,65476,0,0,57672,80.0,0.0,0.0,0.0,0.0,0.0
2026-06-17T04:26:38,ERR,ERR,ERR,ERR,ERR,ERR,ERR,ERR,ERR,ERR,ERR,ERR,ERR,ERR,ERR,ERR,ERR,ERR,ERR,ERR,ERR,ERR,ERR,ERR,ERR,ERR,ERR,ERR,ERR,ERR,ERR,ERR,ERR,ERR,ERR,ERR,ERR,ERR,ERR,ERR,ERR,ERR,ERR,ERR,ERR,ERR,ERR,ERR,ERR,ERR,ERR,ERR,ERR,ERR,ERR,ERR,ERR,ERR,ERR,ERR,ERR,ERR,ERR,ERR,ERR,ERR,ERR,ERR,ERR,ERR,ERR,ERR,ERR,ERR,ERR,ERR,ERR,ERR,ERR,ERR,ERR,ERR,ERR,ERR,ERR,ERR,ERR,ERR,ERR,ERR,ERR,ERR,ERR,ERR,ERR,ERR,ERR,ERR,ERR,ERR,ERR,ERR,ERR,ERR,ERR,ERR,ERR,ERR,ERR,ERR,ERR,ERR,ERR,ERR,ERR,ERR,ERR,ERR,ERR,ERR,ERR,ERR,ERR,ERR,ERR,0.0,-107615328.0,0.0,0.0,0.0,1.3936040501711995e+18,7.805,0.0,0,0,4,0,7300,-0.0,0,0.0,0.0,0.0,0.0,0.0,0,0,0,0,0.0,0,0,0,0,0,0,0,0,0,0,0,0,0,0,0,0,0,0,0,0,0,0,0,0,0,0,0,0,0,0,0,0,0,32,30,30,62,65476,0,300,0,0,8,21553,0.0,-107605600.0,0.0,0.0,0.0,0.0,0.0,0.0,0.0,0.0,0.0,0.0,0.0,0.0,0.0,0.0,0.0,0.0,0.0,0.0,0.0,0.0,2.004,0.0,-0.0,-2.004,0.0,0.0,0.0,0.0,5416.0,-564146705793024.0,6971.0,0.0,-107615328.0,-107615280.0,-0.0,0.0,0.0,0.0,0.0,63,2.718429300292151e+23,2.7184204732368815e+23,0.0,0.0,0.0,0.0,0.0,0.0,0.0,0,0,0,0.0,0.0,0.0,0.0,0.0,0.0,0.0,0.0,0.0,0.0,0.0,0.0,0.0,0.0,0.0,0.0,0,-107875648.0,63,0.0,126,2.7184242562605685e+23,-0.0,ERR,ERR,ERR,ERR,ERR,ERR,ERR,ERR,ERR,ERR,ERR,ERR,ERR,ERR,ERR,ERR,ERR,ERR,ERR,ERR,ERR,ERR,ERR,ERR,ERR,ERR,ERR,ERR,ERR,ERR,ERR,ERR,ERR,ERR,ERR,ERR,ERR,ERR,ERR,ERR,ERR,ERR,ERR,ERR,ERR,ERR,ERR,ERR,ERR,ERR,ERR,ERR,ERR,ERR,ERR,ERR,ERR,ERR,ERR,ERR,ERR,ERR,ERR,ERR,ERR,ERR,ERR,34.0,80.0,35,0.0,0.0,0.0,0.0,0.0,0.0,0.0,0.0,0.0,0.0,0.0,0.0,0.0,0.0,0.0,0.0,64.4,0,116,56,50,65476,0,300,0,0,8,20529,65476,0,0,57672,80.0,0.0,0.0,0.0,0.0,0.0
2026-06-17T04:26:39,ERR,ERR,ERR,ERR,ERR,ERR,ERR,ERR,ERR,ERR,ERR,ERR,ERR,ERR,ERR,ERR,ERR,ERR,ERR,ERR,ERR,ERR,ERR,ERR,ERR,ERR,ERR,ERR,ERR,ERR,ERR,ERR,ERR,ERR,ERR,ERR,ERR,ERR,ERR,ERR,ERR,ERR,ERR,ERR,ERR,ERR,ERR,ERR,ERR,ERR,ERR,ERR,ERR,ERR,ERR,ERR,ERR,ERR,ERR,ERR,ERR,ERR,ERR,ERR,ERR,ERR,ERR,ERR,ERR,ERR,ERR,ERR,ERR,ERR,ERR,ERR,ERR,ERR,ERR,ERR,ERR,ERR,ERR,ERR,ERR,ERR,ERR,ERR,ERR,ERR,ERR,ERR,ERR,ERR,ERR,ERR,ERR,ERR,ERR,ERR,ERR,ERR,ERR,ERR,ERR,ERR,ERR,ERR,ERR,ERR,ERR,ERR,ERR,ERR,ERR,ERR,ERR,ERR,ERR,ERR,ERR,ERR,ERR,ERR,ERR,0.0,-107615328.0,0.0,0.0,0.0,1.3936040501711995e+18,7.805,0.0,0,0,4,0,7300,-0.0,0,0.0,0.0,0.0,0.0,0.0,0,0,0,0,0.0,0,0,0,0,0,0,0,0,0,0,0,0,0,0,0,0,0,0,0,0,0,0,0,0,0,0,0,0,0,0,0,0,0,32,30,30,62,65476,0,300,0,0,8,21553,0.0,-107605600.0,0.0,0.0,0.0,0.0,0.0,0.0,0.0,0.0,0.0,0.0,0.0,0.0,0.0,0.0,0.0,0.0,0.0,0.0,0.0,0.0,2.004,0.0,-0.0,-2.004,0.0,0.0,0.0,0.0,5416.0,-564146705793024.0,6971.0,0.0,-107615328.0,-107615280.0,-0.0,0.0,0.0,0.0,0.0,63,2.718429300292151e+23,2.7184204732368815e+23,0.0,0.0,0.0,0.0,0.0,0.0,0.0,0,0,0,0.0,0.0,0.0,0.0,0.0,0.0,0.0,0.0,0.0,0.0,0.0,0.0,0.0,0.0,0.0,0.0,0,-107875648.0,63,0.0,126,2.7184242562605685e+23,-0.0,ERR,ERR,ERR,ERR,ERR,ERR,ERR,ERR,ERR,ERR,ERR,ERR,ERR,ERR,ERR,ERR,ERR,ERR,ERR,ERR,ERR,ERR,ERR,ERR,ERR,ERR,ERR,ERR,ERR,ERR,ERR,ERR,ERR,ERR,ERR,ERR,ERR,ERR,ERR,ERR,ERR,ERR,ERR,ERR,ERR,ERR,ERR,ERR,ERR,ERR,ERR,ERR,ERR,ERR,ERR,ERR,ERR,ERR,ERR,ERR,ERR,ERR,ERR,ERR,ERR,ERR,ERR,34.0,80.0,35,0.0,0.0,0.0,0.0,0.0,0.0,0.0,0.0,0.0,0.0,0.0,0.0,0.0,0.0,0.0,0.0,64.4,0,116,56,50,65476,0,300,0,0,8,20529,65476,0,0,57672,80.0,0.0,0.0,0.0,0.0,0.0
2026-06-17T04:26:40,ERR,ERR,ERR,ERR,ERR,ERR,ERR,ERR,ERR,ERR,ERR,ERR,ERR,ERR,ERR,ERR,ERR,ERR,ERR,ERR,ERR,ERR,ERR,ERR,ERR,ERR,ERR,ERR,ERR,ERR,ERR,ERR,ERR,ERR,ERR,ERR,ERR,ERR,ERR,ERR,ERR,ERR,ERR,ERR,ERR,ERR,ERR,ERR,ERR,ERR,ERR,ERR,ERR,ERR,ERR,ERR,ERR,ERR,ERR,ERR,ERR,ERR,ERR,ERR,ERR,ERR,ERR,ERR,ERR,ERR,ERR,ERR,ERR,ERR,ERR,ERR,ERR,ERR,ERR,ERR,ERR,ERR,ERR,ERR,ERR,ERR,ERR,ERR,ERR,ERR,ERR,ERR,ERR,ERR,ERR,ERR,ERR,ERR,ERR,ERR,ERR,ERR,ERR,ERR,ERR,ERR,ERR,ERR,ERR,ERR,ERR,ERR,ERR,ERR,ERR,ERR,ERR,ERR,ERR,ERR,ERR,ERR,ERR,ERR,ERR,0.0,-107615328.0,0.0,0.0,0.0,1.3936040501711995e+18,7.805,0.0,0,0,4,0,7300,-0.0,0,0.0,0.0,0.0,0.0,0.0,0,0,0,0,0.0,0,0,0,0,0,0,0,0,0,0,0,0,0,0,0,0,0,0,0,0,0,0,0,0,0,0,0,0,0,0,0,0,0,32,30,30,62,65476,0,300,0,0,8,21553,0.0,-107605600.0,0.0,0.0,0.0,0.0,0.0,0.0,0.0,0.0,0.0,0.0,0.0,0.0,0.0,0.0,0.0,0.0,0.0,0.0,0.0,0.0,2.004,0.0,-0.0,-2.004,0.0,0.0,0.0,0.0,5416.0,-564146705793024.0,6971.0,0.0,-107615328.0,-107615280.0,-0.0,0.0,0.0,0.0,0.0,63,2.718429300292151e+23,2.7184204732368815e+23,0.0,0.0,0.0,0.0,0.0,0.0,0.0,0,0,0,0.0,0.0,0.0,0.0,0.0,0.0,0.0,0.0,0.0,0.0,0.0,0.0,0.0,0.0,0.0,0.0,0,-107875648.0,63,0.0,126,2.7184242562605685e+23,-0.0,ERR,ERR,ERR,ERR,ERR,ERR,ERR,ERR,ERR,ERR,ERR,ERR,ERR,ERR,ERR,ERR,ERR,ERR,ERR,ERR,ERR,ERR,ERR,ERR,ERR,ERR,ERR,ERR,ERR,ERR,ERR,ERR,ERR,ERR,ERR,ERR,ERR,ERR,ERR,ERR,ERR,ERR,ERR,ERR,ERR,ERR,ERR,ERR,ERR,ERR,ERR,ERR,ERR,ERR,ERR,ERR,ERR,ERR,ERR,ERR,ERR,ERR,ERR,ERR,ERR,ERR,ERR,34.0,80.0,35,0.0,0.0,0.0,0.0,0.0,0.0,0.0,0.0,0.0,0.0,0.0,0.0,0.0,0.0,0.0,0.0,64.4,0,116,56,50,65476,0,300,0,0,8,20529,65476,0,0,57672,80.0,0.0,0.0,0.0,0.0,0.0
2026-06-17T04:26:41,ERR,ERR,ERR,ERR,ERR,ERR,ERR,ERR,ERR,ERR,ERR,ERR,ERR,ERR,ERR,ERR,ERR,ERR,ERR,ERR,ERR,ERR,ERR,ERR,ERR,ERR,ERR,ERR,ERR,ERR,ERR,ERR,ERR,ERR,ERR,ERR,ERR,ERR,ERR,ERR,ERR,ERR,ERR,ERR,ERR,ERR,ERR,ERR,ERR,ERR,ERR,ERR,ERR,ERR,ERR,ERR,ERR,ERR,ERR,ERR,ERR,ERR,ERR,ERR,ERR,ERR,ERR,ERR,ERR,ERR,ERR,ERR,ERR,ERR,ERR,ERR,ERR,ERR,ERR,ERR,ERR,ERR,ERR,ERR,ERR,ERR,ERR,ERR,ERR,ERR,ERR,ERR,ERR,ERR,ERR,ERR,ERR,ERR,ERR,ERR,ERR,ERR,ERR,ERR,ERR,ERR,ERR,ERR,ERR,ERR,ERR,ERR,ERR,ERR,ERR,ERR,ERR,ERR,ERR,ERR,ERR,ERR,ERR,ERR,ERR,0.0,-107615328.0,0.0,0.0,0.0,1.3936040501711995e+18,7.805,0.0,0,0,4,0,7300,-0.0,0,0.0,0.0,0.0,0.0,0.0,0,0,0,0,0.0,0,0,0,0,0,0,0,0,0,0,0,0,0,0,0,0,0,0,0,0,0,0,0,0,0,0,0,0,0,0,0,0,0,32,30,30,62,65476,0,300,0,0,8,21553,0.0,-107605600.0,0.0,0.0,0.0,0.0,0.0,0.0,0.0,0.0,0.0,0.0,0.0,0.0,0.0,0.0,0.0,0.0,0.0,0.0,0.0,0.0,2.004,0.0,-0.0,-2.004,0.0,0.0,0.0,0.0,5416.0,-564146705793024.0,6971.0,0.0,-107615328.0,-107615280.0,-0.0,0.0,0.0,0.0,0.0,63,2.718429300292151e+23,2.7184204732368815e+23,0.0,0.0,0.0,0.0,0.0,0.0,0.0,0,0,0,0.0,0.0,0.0,0.0,0.0,0.0,0.0,0.0,0.0,0.0,0.0,0.0,0.0,0.0,0.0,0.0,0,-107875648.0,63,0.0,126,2.7184242562605685e+23,-0.0,ERR,ERR,ERR,ERR,ERR,ERR,ERR,ERR,ERR,ERR,ERR,ERR,ERR,ERR,ERR,ERR,ERR,ERR,ERR,ERR,ERR,ERR,ERR,ERR,ERR,ERR,ERR,ERR,ERR,ERR,ERR,ERR,ERR,ERR,ERR,ERR,ERR,ERR,ERR,ERR,ERR,ERR,ERR,ERR,ERR,ERR,ERR,ERR,ERR,ERR,ERR,ERR,ERR,ERR,ERR,ERR,ERR,ERR,ERR,ERR,ERR,ERR,ERR,ERR,ERR,ERR,ERR,34.0,80.0,35,0.0,0.0,0.0,0.0,0.0,0.0,0.0,0.0,0.0,0.0,0.0,0.0,0.0,0.0,0.0,0.0,64.4,0,116,56,50,65476,0,300,0,0,8,20529,65476,0,0,57672,80.0,0.0,0.0,0.0,0.0,0.0
2026-06-17T04:26:42,ERR,ERR,ERR,ERR,ERR,ERR,ERR,ERR,ERR,ERR,ERR,ERR,ERR,ERR,ERR,ERR,ERR,ERR,ERR,ERR,ERR,ERR,ERR,ERR,ERR,ERR,ERR,ERR,ERR,ERR,ERR,ERR,ERR,ERR,ERR,ERR,ERR,ERR,ERR,ERR,ERR,ERR,ERR,ERR,ERR,ERR,ERR,ERR,ERR,ERR,ERR,ERR,ERR,ERR,ERR,ERR,ERR,ERR,ERR,ERR,ERR,ERR,ERR,ERR,ERR,ERR,ERR,ERR,ERR,ERR,ERR,ERR,ERR,ERR,ERR,ERR,ERR,ERR,ERR,ERR,ERR,ERR,ERR,ERR,ERR,ERR,ERR,ERR,ERR,ERR,ERR,ERR,ERR,ERR,ERR,ERR,ERR,ERR,ERR,ERR,ERR,ERR,ERR,ERR,ERR,ERR,ERR,ERR,ERR,ERR,ERR,ERR,ERR,ERR,ERR,ERR,ERR,ERR,ERR,ERR,ERR,ERR,ERR,ERR,ERR,0.0,-107615328.0,0.0,0.0,0.0,1.3936040501711995e+18,7.805,0.0,0,0,4,0,7300,-0.0,0,0.0,0.0,0.0,0.0,0.0,0,0,0,0,0.0,0,0,0,0,0,0,0,0,0,0,0,0,0,0,0,0,0,0,0,0,0,0,0,0,0,0,0,0,0,0,0,0,0,32,30,30,62,65476,0,300,0,0,8,21553,0.0,-107605600.0,0.0,0.0,0.0,0.0,0.0,0.0,0.0,0.0,0.0,0.0,0.0,0.0,0.0,0.0,0.0,0.0,0.0,0.0,0.0,0.0,2.004,0.0,-0.0,-2.004,0.0,0.0,0.0,0.0,5416.0,-564146705793024.0,6971.0,0.0,-107615328.0,-107615280.0,-0.0,0.0,0.0,0.0,0.0,63,2.718429300292151e+23,2.7184204732368815e+23,0.0,0.0,0.0,0.0,0.0,0.0,0.0,0,0,0,0.0,0.0,0.0,0.0,0.0,0.0,0.0,0.0,0.0,0.0,0.0,0.0,0.0,0.0,0.0,0.0,0,-107875648.0,63,0.0,126,2.7184242562605685e+23,-0.0,ERR,ERR,ERR,ERR,ERR,ERR,ERR,ERR,ERR,ERR,ERR,ERR,ERR,ERR,ERR,ERR,ERR,ERR,ERR,ERR,ERR,ERR,ERR,ERR,ERR,ERR,ERR,ERR,ERR,ERR,ERR,ERR,ERR,ERR,ERR,ERR,ERR,ERR,ERR,ERR,ERR,ERR,ERR,ERR,ERR,ERR,ERR,ERR,ERR,ERR,ERR,ERR,ERR,ERR,ERR,ERR,ERR,ERR,ERR,ERR,ERR,ERR,ERR,ERR,ERR,ERR,ERR,34.0,80.0,35,0.0,0.0,0.0,0.0,0.0,0.0,0.0,0.0,0.0,0.0,0.0,0.0,0.0,0.0,0.0,0.0,64.4,0,116,56,50,65476,0,300,0,0,8,20529,65476,0,0,57672,80.0,0.0,0.0,0.0,0.0,0.0
2026-06-17T04:26:43,ERR,ERR,ERR,ERR,ERR,ERR,ERR,ERR,ERR,ERR,ERR,ERR,ERR,ERR,ERR,ERR,ERR,ERR,ERR,ERR,ERR,ERR,ERR,ERR,ERR,ERR,ERR,ERR,ERR,ERR,ERR,ERR,ERR,ERR,ERR,ERR,ERR,ERR,ERR,ERR,ERR,ERR,ERR,ERR,ERR,ERR,ERR,ERR,ERR,ERR,ERR,ERR,ERR,ERR,ERR,ERR,ERR,ERR,ERR,ERR,ERR,ERR,ERR,ERR,ERR,ERR,ERR,ERR,ERR,ERR,ERR,ERR,ERR,ERR,ERR,ERR,ERR,ERR,ERR,ERR,ERR,ERR,ERR,ERR,ERR,ERR,ERR,ERR,ERR,ERR,ERR,ERR,ERR,ERR,ERR,ERR,ERR,ERR,ERR,ERR,ERR,ERR,ERR,ERR,ERR,ERR,ERR,ERR,ERR,ERR,ERR,ERR,ERR,ERR,ERR,ERR,ERR,ERR,ERR,ERR,ERR,ERR,ERR,ERR,ERR,0.0,-107615328.0,0.0,0.0,0.0,1.3936040501711995e+18,7.805,0.0,0,0,4,0,7300,-0.0,0,0.0,0.0,0.0,0.0,0.0,0,0,0,0,0.0,0,0,0,0,0,0,0,0,0,0,0,0,0,0,0,0,0,0,0,0,0,0,0,0,0,0,0,0,0,0,0,0,0,32,30,30,62,65476,0,300,0,0,8,21553,0.0,-107605600.0,0.0,0.0,0.0,0.0,0.0,0.0,0.0,0.0,0.0,0.0,0.0,0.0,0.0,0.0,0.0,0.0,0.0,0.0,0.0,0.0,2.004,0.0,-0.0,-2.004,0.0,0.0,0.0,0.0,5415.0,-0.0,6967.0,0.0,-107615328.0,-107615280.0,-0.0,0.0,0.0,0.0,0.0,63,2.3088396621844998e+20,0.059,0.0,0.0,0.0,0.0,0.0,0.0,0.0,0,0,0,0.0,0.0,0.0,0.0,0.0,0.0,0.0,0.0,0.0,0.0,0.0,0.0,0.0,0.0,0.0,0.0,0,-107875648.0,63,0.0,126,2.7184242562605685e+23,-0.0,ERR,ERR,ERR,ERR,ERR,ERR,ERR,ERR,ERR,ERR,ERR,ERR,ERR,ERR,ERR,ERR,ERR,ERR,ERR,ERR,ERR,ERR,ERR,ERR,ERR,ERR,ERR,ERR,ERR,ERR,ERR,ERR,ERR,ERR,ERR,ERR,ERR,ERR,ERR,ERR,ERR,ERR,ERR,ERR,ERR,ERR,ERR,ERR,ERR,ERR,ERR,ERR,ERR,ERR,ERR,ERR,ERR,ERR,ERR,ERR,ERR,ERR,ERR,ERR,ERR,ERR,ERR,34.0,80.0,35,0.0,0.0,0.0,0.0,0.0,0.0,0.0,0.0,0.0,0.0,0.0,0.0,0.0,0.0,0.0,0.0,64.4,0,116,56,50,65476,0,300,0,0,8,20529,65476,0,0,57672,80.0,0.0,0.0,0.0,0.0,0.0
2026-06-17T04:26:44,ERR,ERR,ERR,ERR,ERR,ERR,ERR,ERR,ERR,ERR,ERR,ERR,ERR,ERR,ERR,ERR,ERR,ERR,ERR,ERR,ERR,ERR,ERR,ERR,ERR,ERR,ERR,ERR,ERR,ERR,ERR,ERR,ERR,ERR,ERR,ERR,ERR,ERR,ERR,ERR,ERR,ERR,ERR,ERR,ERR,ERR,ERR,ERR,ERR,ERR,ERR,ERR,ERR,ERR,ERR,ERR,ERR,ERR,ERR,ERR,ERR,ERR,ERR,ERR,ERR,ERR,ERR,ERR,ERR,ERR,ERR,ERR,ERR,ERR,ERR,ERR,ERR,ERR,ERR,ERR,ERR,ERR,ERR,ERR,ERR,ERR,ERR,ERR,ERR,ERR,ERR,ERR,ERR,ERR,ERR,ERR,ERR,ERR,ERR,ERR,ERR,ERR,ERR,ERR,ERR,ERR,ERR,ERR,ERR,ERR,ERR,ERR,ERR,ERR,ERR,ERR,ERR,ERR,ERR,ERR,ERR,ERR,ERR,ERR,ERR,0.0,-107615328.0,0.0,0.0,0.0,1.3936040501711995e+18,7.805,0.0,0,0,4,0,7300,-0.0,0,0.0,0.0,0.0,0.0,0.0,0,0,0,0,0.0,0,0,0,0,0,0,0,0,0,0,0,0,0,0,0,0,0,0,0,0,0,0,0,0,0,0,0,0,0,0,0,0,0,32,30,30,62,65476,0,300,0,0,8,21553,0.0,-107605600.0,0.0,0.0,0.0,0.0,0.0,0.0,0.0,0.0,0.0,0.0,0.0,0.0,0.0,0.0,0.0,0.0,0.0,0.0,0.0,0.0,2.004,0.0,-0.0,-2.004,0.0,0.0,0.0,0.0,5415.0,-0.0,6967.0,0.0,-107615328.0,-107615280.0,-0.0,0.0,0.0,0.0,0.0,63,2.3088396621844998e+20,0.059,0.0,0.0,0.0,0.0,0.0,0.0,0.0,0,0,0,0.0,0.0,0.0,0.0,0.0,0.0,0.0,0.0,0.0,0.0,0.0,0.0,0.0,0.0,0.0,0.0,0,-107875648.0,63,0.0,126,2.7184242562605685e+23,-0.0,ERR,ERR,ERR,ERR,ERR,ERR,ERR,ERR,ERR,ERR,ERR,ERR,ERR,ERR,ERR,ERR,ERR,ERR,ERR,ERR,ERR,ERR,ERR,ERR,ERR,ERR,ERR,ERR,ERR,ERR,ERR,ERR,ERR,ERR,ERR,ERR,ERR,ERR,ERR,ERR,ERR,ERR,ERR,ERR,ERR,ERR,ERR,ERR,ERR,ERR,ERR,ERR,ERR,ERR,ERR,ERR,ERR,ERR,ERR,ERR,ERR,ERR,ERR,ERR,ERR,ERR,ERR,34.0,80.0,35,0.0,0.0,0.0,0.0,0.0,0.0,0.0,0.0,0.0,0.0,0.0,0.0,0.0,0.0,0.0,0.0,64.4,0,116,56,50,65476,0,300,0,0,8,20529,65476,0,0,57672,80.0,0.0,0.0,0.0,0.0,0.0
2026-06-17T04:26:45,ERR,ERR,ERR,ERR,ERR,ERR,ERR,ERR,ERR,ERR,ERR,ERR,ERR,ERR,ERR,ERR,ERR,ERR,ERR,ERR,ERR,ERR,ERR,ERR,ERR,ERR,ERR,ERR,ERR,ERR,ERR,ERR,ERR,ERR,ERR,ERR,ERR,ERR,ERR,ERR,ERR,ERR,ERR,ERR,ERR,ERR,ERR,ERR,ERR,ERR,ERR,ERR,ERR,ERR,ERR,ERR,ERR,ERR,ERR,ERR,ERR,ERR,ERR,ERR,ERR,ERR,ERR,ERR,ERR,ERR,ERR,ERR,ERR,ERR,ERR,ERR,ERR,ERR,ERR,ERR,ERR,ERR,ERR,ERR,ERR,ERR,ERR,ERR,ERR,ERR,ERR,ERR,ERR,ERR,ERR,ERR,ERR,ERR,ERR,ERR,ERR,ERR,ERR,ERR,ERR,ERR,ERR,ERR,ERR,ERR,ERR,ERR,ERR,ERR,ERR,ERR,ERR,ERR,ERR,ERR,ERR,ERR,ERR,ERR,ERR,0.0,-107615328.0,0.0,0.0,0.0,1.3936040501711995e+18,7.805,0.0,0,0,4,0,7300,-0.0,0,0.0,0.0,0.0,0.0,0.0,0,0,0,0,0.0,0,0,0,0,0,0,0,0,0,0,0,0,0,0,0,0,0,0,0,0,0,0,0,0,0,0,0,0,0,0,0,0,0,32,30,30,62,65476,0,300,0,0,8,21553,0.0,-107605600.0,0.0,0.0,0.0,0.0,0.0,0.0,0.0,0.0,0.0,0.0,0.0,0.0,0.0,0.0,0.0,0.0,0.0,0.0,0.0,0.0,2.004,0.0,-0.0,-2.004,0.0,0.0,0.0,0.0,5415.0,-0.0,6967.0,0.0,-107615328.0,-107615280.0,-0.0,0.0,0.0,0.0,0.0,63,2.3088396621844998e+20,0.059,0.0,0.0,0.0,0.0,0.0,0.0,0.0,0,0,0,0.0,0.0,0.0,0.0,0.0,0.0,0.0,0.0,0.0,0.0,0.0,0.0,0.0,0.0,0.0,0.0,0,-107875648.0,63,0.0,126,2.7184242562605685e+23,-0.0,ERR,ERR,ERR,ERR,ERR,ERR,ERR,ERR,ERR,ERR,ERR,ERR,ERR,ERR,ERR,ERR,ERR,ERR,ERR,ERR,ERR,ERR,ERR,ERR,ERR,ERR,ERR,ERR,ERR,ERR,ERR,ERR,ERR,ERR,ERR,ERR,ERR,ERR,ERR,ERR,ERR,ERR,ERR,ERR,ERR,ERR,ERR,ERR,ERR,ERR,ERR,ERR,ERR,ERR,ERR,ERR,ERR,ERR,ERR,ERR,ERR,ERR,ERR,ERR,ERR,ERR,ERR,34.0,80.0,35,0.0,0.0,0.0,0.0,0.0,0.0,0.0,0.0,0.0,0.0,0.0,0.0,0.0,0.0,0.0,0.0,64.4,0,116,56,50,65476,0,300,0,0,8,20529,65476,0,0,57672,80.0,0.0,0.0,0.0,0.0,0.0
2026-06-17T04:26:46,ERR,ERR,ERR,ERR,ERR,ERR,ERR,ERR,ERR,ERR,ERR,ERR,ERR,ERR,ERR,ERR,ERR,ERR,ERR,ERR,ERR,ERR,ERR,ERR,ERR,ERR,ERR,ERR,ERR,ERR,ERR,ERR,ERR,ERR,ERR,ERR,ERR,ERR,ERR,ERR,ERR,ERR,ERR,ERR,ERR,ERR,ERR,ERR,ERR,ERR,ERR,ERR,ERR,ERR,ERR,ERR,ERR,ERR,ERR,ERR,ERR,ERR,ERR,ERR,ERR,ERR,ERR,ERR,ERR,ERR,ERR,ERR,ERR,ERR,ERR,ERR,ERR,ERR,ERR,ERR,ERR,ERR,ERR,ERR,ERR,ERR,ERR,ERR,ERR,ERR,ERR,ERR,ERR,ERR,ERR,ERR,ERR,ERR,ERR,ERR,ERR,ERR,ERR,ERR,ERR,ERR,ERR,ERR,ERR,ERR,ERR,ERR,ERR,ERR,ERR,ERR,ERR,ERR,ERR,ERR,ERR,ERR,ERR,ERR,ERR,0.0,-107615328.0,0.0,0.0,0.0,1.3936040501711995e+18,7.805,0.0,0,0,4,0,7300,-0.0,0,0.0,0.0,0.0,0.0,0.0,0,0,0,0,0.0,0,0,0,0,0,0,0,0,0,0,0,0,0,0,0,0,0,0,0,0,0,0,0,0,0,0,0,0,0,0,0,0,0,32,30,30,62,65476,0,300,0,0,8,21553,0.0,-107605600.0,0.0,0.0,0.0,0.0,0.0,0.0,0.0,0.0,0.0,0.0,0.0,0.0,0.0,0.0,0.0,0.0,0.0,0.0,0.0,0.0,2.004,0.0,-0.0,-2.004,0.0,0.0,0.0,0.0,5415.0,-0.0,6967.0,0.0,-107615328.0,-107615280.0,-0.0,0.0,0.0,0.0,0.0,63,2.3088396621844998e+20,0.059,0.0,0.0,0.0,0.0,0.0,0.0,0.0,0,0,0,0.0,0.0,0.0,0.0,0.0,0.0,0.0,0.0,0.0,0.0,0.0,0.0,0.0,0.0,0.0,0.0,0,-107875648.0,63,0.0,126,2.7184242562605685e+23,-0.0,ERR,ERR,ERR,ERR,ERR,ERR,ERR,ERR,ERR,ERR,ERR,ERR,ERR,ERR,ERR,ERR,ERR,ERR,ERR,ERR,ERR,ERR,ERR,ERR,ERR,ERR,ERR,ERR,ERR,ERR,ERR,ERR,ERR,ERR,ERR,ERR,ERR,ERR,ERR,ERR,ERR,ERR,ERR,ERR,ERR,ERR,ERR,ERR,ERR,ERR,ERR,ERR,ERR,ERR,ERR,ERR,ERR,ERR,ERR,ERR,ERR,ERR,ERR,ERR,ERR,ERR,ERR,34.0,80.0,35,0.0,0.0,0.0,0.0,0.0,0.0,0.0,0.0,0.0,0.0,0.0,0.0,0.0,0.0,0.0,0.0,64.8,0,116,56,50,65476,0,300,0,0,8,20529,65476,0,0,57672,80.0,0.0,0.0,0.0,0.0,0.0
2026-06-17T04:26:47,ERR,ERR,ERR,ERR,ERR,ERR,ERR,ERR,ERR,ERR,ERR,ERR,ERR,ERR,ERR,ERR,ERR,ERR,ERR,ERR,ERR,ERR,ERR,ERR,ERR,ERR,ERR,ERR,ERR,ERR,ERR,ERR,ERR,ERR,ERR,ERR,ERR,ERR,ERR,ERR,ERR,ERR,ERR,ERR,ERR,ERR,ERR,ERR,ERR,ERR,ERR,ERR,ERR,ERR,ERR,ERR,ERR,ERR,ERR,ERR,ERR,ERR,ERR,ERR,ERR,ERR,ERR,ERR,ERR,ERR,ERR,ERR,ERR,ERR,ERR,ERR,ERR,ERR,ERR,ERR,ERR,ERR,ERR,ERR,ERR,ERR,ERR,ERR,ERR,ERR,ERR,ERR,ERR,ERR,ERR,ERR,ERR,ERR,ERR,ERR,ERR,ERR,ERR,ERR,ERR,ERR,ERR,ERR,ERR,ERR,ERR,ERR,ERR,ERR,ERR,ERR,ERR,ERR,ERR,ERR,ERR,ERR,ERR,ERR,ERR,0.0,-107615328.0,0.0,0.0,0.0,1.3936040501711995e+18,7.805,0.0,0,0,4,0,7300,-0.0,0,0.0,0.0,0.0,0.0,0.0,0,0,0,0,0.0,0,0,0,0,0,0,0,0,0,0,0,0,0,0,0,0,0,0,0,0,0,0,0,0,0,0,0,0,0,0,0,0,0,32,30,30,62,65476,0,300,0,0,8,21553,0.0,-107605600.0,0.0,0.0,0.0,0.0,0.0,0.0,0.0,0.0,0.0,0.0,0.0,0.0,0.0,0.0,0.0,0.0,0.0,0.0,0.0,0.0,2.004,0.0,-0.0,-2.004,0.0,0.0,0.0,0.0,5415.0,-0.0,6967.0,0.0,-107615328.0,-107615280.0,-0.0,0.0,0.0,0.0,0.0,63,2.3088396621844998e+20,0.059,0.0,0.0,0.0,0.0,0.0,0.0,0.0,0,0,0,0.0,0.0,0.0,0.0,0.0,0.0,0.0,0.0,0.0,0.0,0.0,0.0,0.0,0.0,0.0,0.0,0,-107875648.0,63,0.0,126,2.7184242562605685e+23,-0.0,ERR,ERR,ERR,ERR,ERR,ERR,ERR,ERR,ERR,ERR,ERR,ERR,ERR,ERR,ERR,ERR,ERR,ERR,ERR,ERR,ERR,ERR,ERR,ERR,ERR,ERR,ERR,ERR,ERR,ERR,ERR,ERR,ERR,ERR,ERR,ERR,ERR,ERR,ERR,ERR,ERR,ERR,ERR,ERR,ERR,ERR,ERR,ERR,ERR,ERR,ERR,ERR,ERR,ERR,ERR,ERR,ERR,ERR,ERR,ERR,ERR,ERR,ERR,ERR,ERR,ERR,ERR,34.0,80.0,35,0.0,0.0,0.0,0.0,0.0,0.0,0.0,0.0,0.0,0.0,0.0,0.0,0.0,0.0,0.0,0.0,64.8,0,116,56,50,65476,0,300,0,0,8,20529,65476,0,0,57672,80.0,0.0,0.0,0.0,0.0,0.0
2026-06-17T04:26:48,ERR,ERR,ERR,ERR,ERR,ERR,ERR,ERR,ERR,ERR,ERR,ERR,ERR,ERR,ERR,ERR,ERR,ERR,ERR,ERR,ERR,ERR,ERR,ERR,ERR,ERR,ERR,ERR,ERR,ERR,ERR,ERR,ERR,ERR,ERR,ERR,ERR,ERR,ERR,ERR,ERR,ERR,ERR,ERR,ERR,ERR,ERR,ERR,ERR,ERR,ERR,ERR,ERR,ERR,ERR,ERR,ERR,ERR,ERR,ERR,ERR,ERR,ERR,ERR,ERR,ERR,ERR,ERR,ERR,ERR,ERR,ERR,ERR,ERR,ERR,ERR,ERR,ERR,ERR,ERR,ERR,ERR,ERR,ERR,ERR,ERR,ERR,ERR,ERR,ERR,ERR,ERR,ERR,ERR,ERR,ERR,ERR,ERR,ERR,ERR,ERR,ERR,ERR,ERR,ERR,ERR,ERR,ERR,ERR,ERR,ERR,ERR,ERR,ERR,ERR,ERR,ERR,ERR,ERR,ERR,ERR,ERR,ERR,ERR,ERR,0.0,-107615328.0,0.0,0.0,0.0,1.3936040501711995e+18,7.805,0.0,0,0,4,0,7300,-0.0,0,0.0,0.0,0.0,0.0,0.0,0,0,0,0,0.0,0,0,0,0,0,0,0,0,0,0,0,0,0,0,0,0,0,0,0,0,0,0,0,0,0,0,0,0,0,0,0,0,0,32,30,30,62,65476,0,300,0,0,8,21553,0.0,-107605600.0,0.0,0.0,0.0,0.0,0.0,0.0,0.0,0.0,0.0,0.0,0.0,0.0,0.0,0.0,0.0,0.0,0.0,0.0,0.0,0.0,2.004,0.0,-0.0,-2.004,0.0,0.0,0.0,0.0,5414.0,-0.0,6960.0,0.0,-107615328.0,-107615280.0,-0.0,0.0,0.0,0.0,0.0,63,1.905697261480837e+17,-4.950407707648602e+32,0.0,0.0,0.0,0.0,0.0,0.0,0.0,0,0,0,0.0,0.0,0.0,0.0,0.0,0.0,0.0,0.0,0.0,0.0,0.0,0.0,0.0,0.0,0.0,0.0,0,-107875648.0,63,0.0,126,2.7184242562605685e+23,-0.0,ERR,ERR,ERR,ERR,ERR,ERR,ERR,ERR,ERR,ERR,ERR,ERR,ERR,ERR,ERR,ERR,ERR,ERR,ERR,ERR,ERR,ERR,ERR,ERR,ERR,ERR,ERR,ERR,ERR,ERR,ERR,ERR,ERR,ERR,ERR,ERR,ERR,ERR,ERR,ERR,ERR,ERR,ERR,ERR,ERR,ERR,ERR,ERR,ERR,ERR,ERR,ERR,ERR,ERR,ERR,ERR,ERR,ERR,ERR,ERR,ERR,ERR,ERR,ERR,ERR,ERR,ERR,34.0,80.0,35,0.0,0.0,0.0,0.0,0.0,0.0,0.0,0.0,0.0,0.0,0.0,0.0,0.0,0.0,0.0,0.0,64.8,0,116,56,50,65476,0,300,0,0,8,20529,65476,0,0,57672,80.0,0.0,0.0,0.0,0.0,0.0
2026-06-17T04:26:49,ERR,ERR,ERR,ERR,ERR,ERR,ERR,ERR,ERR,ERR,ERR,ERR,ERR,ERR,ERR,ERR,ERR,ERR,ERR,ERR,ERR,ERR,ERR,ERR,ERR,ERR,ERR,ERR,ERR,ERR,ERR,ERR,ERR,ERR,ERR,ERR,ERR,ERR,ERR,ERR,ERR,ERR,ERR,ERR,ERR,ERR,ERR,ERR,ERR,ERR,ERR,ERR,ERR,ERR,ERR,ERR,ERR,ERR,ERR,ERR,ERR,ERR,ERR,ERR,ERR,ERR,ERR,ERR,ERR,ERR,ERR,ERR,ERR,ERR,ERR,ERR,ERR,ERR,ERR,ERR,ERR,ERR,ERR,ERR,ERR,ERR,ERR,ERR,ERR,ERR,ERR,ERR,ERR,ERR,ERR,ERR,ERR,ERR,ERR,ERR,ERR,ERR,ERR,ERR,ERR,ERR,ERR,ERR,ERR,ERR,ERR,ERR,ERR,ERR,ERR,ERR,ERR,ERR,ERR,ERR,ERR,ERR,ERR,ERR,ERR,0.0,-107615328.0,0.0,0.0,0.0,1.3936040501711995e+18,7.805,0.0,0,0,4,0,7300,-0.0,0,0.0,0.0,0.0,0.0,0.0,0,0,0,0,0.0,0,0,0,0,0,0,0,0,0,0,0,0,0,0,0,0,0,0,0,0,0,0,0,0,0,0,0,0,0,0,0,0,0,32,30,30,62,65476,0,300,0,0,8,21553,0.0,-107605600.0,0.0,0.0,0.0,0.0,0.0,0.0,0.0,0.0,0.0,0.0,0.0,0.0,0.0,0.0,0.0,0.0,0.0,0.0,0.0,0.0,2.004,0.0,-0.0,-2.004,0.0,0.0,0.0,0.0,5414.0,-0.0,6960.0,0.0,-107615328.0,-107615280.0,-0.0,0.0,0.0,0.0,0.0,63,1.905697261480837e+17,-4.950407707648602e+32,0.0,0.0,0.0,0.0,0.0,0.0,0.0,0,0,0,0.0,0.0,0.0,0.0,0.0,0.0,0.0,0.0,0.0,0.0,0.0,0.0,0.0,0.0,0.0,0.0,0,-107875648.0,63,0.0,126,2.7184242562605685e+23,-0.0,ERR,ERR,ERR,ERR,ERR,ERR,ERR,ERR,ERR,ERR,ERR,ERR,ERR,ERR,ERR,ERR,ERR,ERR,ERR,ERR,ERR,ERR,ERR,ERR,ERR,ERR,ERR,ERR,ERR,ERR,ERR,ERR,ERR,ERR,ERR,ERR,ERR,ERR,ERR,ERR,ERR,ERR,ERR,ERR,ERR,ERR,ERR,ERR,ERR,ERR,ERR,ERR,ERR,ERR,ERR,ERR,ERR,ERR,ERR,ERR,ERR,ERR,ERR,ERR,ERR,ERR,ERR,34.0,80.0,35,0.0,0.0,0.0,0.0,0.0,0.0,0.0,0.0,0.0,0.0,0.0,0.0,0.0,0.0,0.0,0.0,64.8,0,116,56,50,65476,0,300,0,0,8,20529,65476,0,0,57672,80.0,0.0,0.0,0.0,0.0,0.0
2026-06-17T04:26:50,ERR,ERR,ERR,ERR,ERR,ERR,ERR,ERR,ERR,ERR,ERR,ERR,ERR,ERR,ERR,ERR,ERR,ERR,ERR,ERR,ERR,ERR,ERR,ERR,ERR,ERR,ERR,ERR,ERR,ERR,ERR,ERR,ERR,ERR,ERR,ERR,ERR,ERR,ERR,ERR,ERR,ERR,ERR,ERR,ERR,ERR,ERR,ERR,ERR,ERR,ERR,ERR,ERR,ERR,ERR,ERR,ERR,ERR,ERR,ERR,ERR,ERR,ERR,ERR,ERR,ERR,ERR,ERR,ERR,ERR,ERR,ERR,ERR,ERR,ERR,ERR,ERR,ERR,ERR,ERR,ERR,ERR,ERR,ERR,ERR,ERR,ERR,ERR,ERR,ERR,ERR,ERR,ERR,ERR,ERR,ERR,ERR,ERR,ERR,ERR,ERR,ERR,ERR,ERR,ERR,ERR,ERR,ERR,ERR,ERR,ERR,ERR,ERR,ERR,ERR,ERR,ERR,ERR,ERR,ERR,ERR,ERR,ERR,ERR,ERR,0.0,-107615328.0,0.0,0.0,0.0,1.3936040501711995e+18,7.805,0.0,0,0,4,0,7300,-0.0,0,0.0,0.0,0.0,0.0,0.0,0,0,0,0,0.0,0,0,0,0,0,0,0,0,0,0,0,0,0,0,0,0,0,0,0,0,0,0,0,0,0,0,0,0,0,0,0,0,0,32,30,30,62,65476,0,300,0,0,8,21553,0.0,-107605600.0,0.0,0.0,0.0,0.0,0.0,0.0,0.0,0.0,0.0,0.0,0.0,0.0,0.0,0.0,0.0,0.0,0.0,0.0,0.0,0.0,2.004,0.0,-0.0,-2.004,0.0,0.0,0.0,0.0,5414.0,-0.0,6960.0,0.0,-107615328.0,-107615280.0,-0.0,0.0,0.0,0.0,0.0,63,1.905697261480837e+17,-4.950407707648602e+32,0.0,0.0,0.0,0.0,0.0,0.0,0.0,0,0,0,0.0,0.0,0.0,0.0,0.0,0.0,0.0,0.0,0.0,0.0,0.0,0.0,0.0,0.0,0.0,0.0,0,-107875648.0,63,0.0,126,2.7184242562605685e+23,-0.0,ERR,ERR,ERR,ERR,ERR,ERR,ERR,ERR,ERR,ERR,ERR,ERR,ERR,ERR,ERR,ERR,ERR,ERR,ERR,ERR,ERR,ERR,ERR,ERR,ERR,ERR,ERR,ERR,ERR,ERR,ERR,ERR,ERR,ERR,ERR,ERR,ERR,ERR,ERR,ERR,ERR,ERR,ERR,ERR,ERR,ERR,ERR,ERR,ERR,ERR,ERR,ERR,ERR,ERR,ERR,ERR,ERR,ERR,ERR,ERR,ERR,ERR,ERR,ERR,ERR,ERR,ERR,34.0,80.0,35,0.0,0.0,0.0,0.0,0.0,0.0,0.0,0.0,0.0,0.0,0.0,0.0,0.0,0.0,0.0,0.0,64.4,0,116,56,50,65476,0,300,0,0,8,20529,65476,0,0,57672,80.0,0.0,0.0,0.0,0.0,0.0
2026-06-17T04:26:51,ERR,ERR,ERR,ERR,ERR,ERR,ERR,ERR,ERR,ERR,ERR,ERR,ERR,ERR,ERR,ERR,ERR,ERR,ERR,ERR,ERR,ERR,ERR,ERR,ERR,ERR,ERR,ERR,ERR,ERR,ERR,ERR,ERR,ERR,ERR,ERR,ERR,ERR,ERR,ERR,ERR,ERR,ERR,ERR,ERR,ERR,ERR,ERR,ERR,ERR,ERR,ERR,ERR,ERR,ERR,ERR,ERR,ERR,ERR,ERR,ERR,ERR,ERR,ERR,ERR,ERR,ERR,ERR,ERR,ERR,ERR,ERR,ERR,ERR,ERR,ERR,ERR,ERR,ERR,ERR,ERR,ERR,ERR,ERR,ERR,ERR,ERR,ERR,ERR,ERR,ERR,ERR,ERR,ERR,ERR,ERR,ERR,ERR,ERR,ERR,ERR,ERR,ERR,ERR,ERR,ERR,ERR,ERR,ERR,ERR,ERR,ERR,ERR,ERR,ERR,ERR,ERR,ERR,ERR,ERR,ERR,ERR,ERR,ERR,ERR,0.0,-107615328.0,0.0,0.0,0.0,1.3936040501711995e+18,7.805,0.0,0,0,4,0,7300,-0.0,0,0.0,0.0,0.0,0.0,0.0,0,0,0,0,0.0,0,0,0,0,0,0,0,0,0,0,0,0,0,0,0,0,0,0,0,0,0,0,0,0,0,0,0,0,0,0,0,0,0,32,30,30,62,65476,0,300,0,0,8,21553,0.0,-107605600.0,0.0,0.0,0.0,0.0,0.0,0.0,0.0,0.0,0.0,0.0,0.0,0.0,0.0,0.0,0.0,0.0,0.0,0.0,0.0,0.0,2.004,0.0,-0.0,-2.004,0.0,0.0,0.0,0.0,5414.0,-0.0,6960.0,0.0,-107615328.0,-107615280.0,-0.0,0.0,0.0,0.0,0.0,63,1.905697261480837e+17,-4.950407707648602e+32,0.0,0.0,0.0,0.0,0.0,0.0,0.0,0,0,0,0.0,0.0,0.0,0.0,0.0,0.0,0.0,0.0,0.0,0.0,0.0,0.0,0.0,0.0,0.0,0.0,0,-107875648.0,63,0.0,126,2.7184242562605685e+23,-0.0,ERR,ERR,ERR,ERR,ERR,ERR,ERR,ERR,ERR,ERR,ERR,ERR,ERR,ERR,ERR,ERR,ERR,ERR,ERR,ERR,ERR,ERR,ERR,ERR,ERR,ERR,ERR,ERR,ERR,ERR,ERR,ERR,ERR,ERR,ERR,ERR,ERR,ERR,ERR,ERR,ERR,ERR,ERR,ERR,ERR,ERR,ERR,ERR,ERR,ERR,ERR,ERR,ERR,ERR,ERR,ERR,ERR,ERR,ERR,ERR,ERR,ERR,ERR,ERR,ERR,ERR,ERR,34.0,80.0,35,0.0,0.0,0.0,0.0,0.0,0.0,0.0,0.0,0.0,0.0,0.0,0.0,0.0,0.0,0.0,0.0,64.4,0,116,56,50,65476,0,300,0,0,8,20529,65476,0,0,57672,80.0,0.0,0.0,0.0,0.0,0.0
2026-06-17T04:26:52,ERR,ERR,ERR,ERR,ERR,ERR,ERR,ERR,ERR,ERR,ERR,ERR,ERR,ERR,ERR,ERR,ERR,ERR,ERR,ERR,ERR,ERR,ERR,ERR,ERR,ERR,ERR,ERR,ERR,ERR,ERR,ERR,ERR,ERR,ERR,ERR,ERR,ERR,ERR,ERR,ERR,ERR,ERR,ERR,ERR,ERR,ERR,ERR,ERR,ERR,ERR,ERR,ERR,ERR,ERR,ERR,ERR,ERR,ERR,ERR,ERR,ERR,ERR,ERR,ERR,ERR,ERR,ERR,ERR,ERR,ERR,ERR,ERR,ERR,ERR,ERR,ERR,ERR,ERR,ERR,ERR,ERR,ERR,ERR,ERR,ERR,ERR,ERR,ERR,ERR,ERR,ERR,ERR,ERR,ERR,ERR,ERR,ERR,ERR,ERR,ERR,ERR,ERR,ERR,ERR,ERR,ERR,ERR,ERR,ERR,ERR,ERR,ERR,ERR,ERR,ERR,ERR,ERR,ERR,ERR,ERR,ERR,ERR,ERR,ERR,0.0,-107615328.0,0.0,0.0,0.0,1.3936040501711995e+18,7.805,0.0,0,0,4,0,7300,-0.0,0,0.0,0.0,0.0,0.0,0.0,0,0,0,0,0.0,0,0,0,0,0,0,0,0,0,0,0,0,0,0,0,0,0,0,0,0,0,0,0,0,0,0,0,0,0,0,0,0,0,32,30,30,62,65476,0,300,0,0,8,21553,0.0,-107605600.0,0.0,0.0,0.0,0.0,0.0,0.0,0.0,0.0,0.0,0.0,0.0,0.0,0.0,0.0,0.0,0.0,0.0,0.0,0.0,0.0,2.004,0.0,-0.0,-2.004,0.0,0.0,0.0,0.0,5414.0,-0.0,6960.0,0.0,-107615328.0,-107615280.0,-0.0,0.0,0.0,0.0,0.0,63,1.905697261480837e+17,-4.950407707648602e+32,0.0,0.0,0.0,0.0,0.0,0.0,0.0,0,0,0,0.0,0.0,0.0,0.0,0.0,0.0,0.0,0.0,0.0,0.0,0.0,0.0,0.0,0.0,0.0,0.0,0,-107875648.0,63,0.0,126,2.7184242562605685e+23,-0.0,ERR,ERR,ERR,ERR,ERR,ERR,ERR,ERR,ERR,ERR,ERR,ERR,ERR,ERR,ERR,ERR,ERR,ERR,ERR,ERR,ERR,ERR,ERR,ERR,ERR,ERR,ERR,ERR,ERR,ERR,ERR,ERR,ERR,ERR,ERR,ERR,ERR,ERR,ERR,ERR,ERR,ERR,ERR,ERR,ERR,ERR,ERR,ERR,ERR,ERR,ERR,ERR,ERR,ERR,ERR,ERR,ERR,ERR,ERR,ERR,ERR,ERR,ERR,ERR,ERR,ERR,ERR,34.0,80.0,35,0.0,0.0,0.0,0.0,0.0,0.0,0.0,0.0,0.0,0.0,0.0,0.0,0.0,0.0,0.0,0.0,64.4,0,116,56,50,65476,0,300,0,0,8,20529,65476,0,0,57672,80.0,0.0,0.0,0.0,0.0,0.0
2026-06-17T04:26:53,ERR,ERR,ERR,ERR,ERR,ERR,ERR,ERR,ERR,ERR,ERR,ERR,ERR,ERR,ERR,ERR,ERR,ERR,ERR,ERR,ERR,ERR,ERR,ERR,ERR,ERR,ERR,ERR,ERR,ERR,ERR,ERR,ERR,ERR,ERR,ERR,ERR,ERR,ERR,ERR,ERR,ERR,ERR,ERR,ERR,ERR,ERR,ERR,ERR,ERR,ERR,ERR,ERR,ERR,ERR,ERR,ERR,ERR,ERR,ERR,ERR,ERR,ERR,ERR,ERR,ERR,ERR,ERR,ERR,ERR,ERR,ERR,ERR,ERR,ERR,ERR,ERR,ERR,ERR,ERR,ERR,ERR,ERR,ERR,ERR,ERR,ERR,ERR,ERR,ERR,ERR,ERR,ERR,ERR,ERR,ERR,ERR,ERR,ERR,ERR,ERR,ERR,ERR,ERR,ERR,ERR,ERR,ERR,ERR,ERR,ERR,ERR,ERR,ERR,ERR,ERR,ERR,ERR,ERR,ERR,ERR,ERR,ERR,ERR,ERR,0.0,-107615328.0,0.0,0.0,0.0,1.3936040501711995e+18,7.805,0.0,0,0,4,0,7300,-0.0,0,0.0,0.0,0.0,0.0,0.0,0,0,0,0,0.0,0,0,0,0,0,0,0,0,0,0,0,0,0,0,0,0,0,0,0,0,0,0,0,0,0,0,0,0,0,0,0,0,0,32,30,30,62,65476,0,300,0,0,8,21553,0.0,-107605600.0,0.0,0.0,0.0,0.0,0.0,0.0,0.0,0.0,0.0,0.0,0.0,0.0,0.0,0.0,0.0,0.0,0.0,0.0,0.0,0.0,2.004,0.0,-0.0,-2.004,0.0,0.0,0.0,0.0,5414.0,-0.0,6961.0,0.0,-107615328.0,-107615280.0,-0.0,0.0,0.0,0.0,0.0,63,126841077760.0,0.0,0.0,0.0,0.0,0.0,0.0,0.0,0.0,0,0,0,0.0,0.0,0.0,0.0,0.0,0.0,0.0,0.0,0.0,0.0,0.0,0.0,0.0,0.0,0.0,0.0,0,-107875648.0,63,0.0,126,2.7184242562605685e+23,-0.0,ERR,ERR,ERR,ERR,ERR,ERR,ERR,ERR,ERR,ERR,ERR,ERR,ERR,ERR,ERR,ERR,ERR,ERR,ERR,ERR,ERR,ERR,ERR,ERR,ERR,ERR,ERR,ERR,ERR,ERR,ERR,ERR,ERR,ERR,ERR,ERR,ERR,ERR,ERR,ERR,ERR,ERR,ERR,ERR,ERR,ERR,ERR,ERR,ERR,ERR,ERR,ERR,ERR,ERR,ERR,ERR,ERR,ERR,ERR,ERR,ERR,ERR,ERR,ERR,ERR,ERR,ERR,34.0,80.0,35,0.0,0.0,0.0,0.0,0.0,0.0,0.0,0.0,0.0,0.0,0.0,0.0,0.0,0.0,0.0,0.0,64.4,0,116,56,50,65476,0,300,0,0,8,20529,65476,0,0,57672,80.0,0.0,0.0,0.0,0.0,0.0
2026-06-17T04:26:54,ERR,ERR,ERR,ERR,ERR,ERR,ERR,ERR,ERR,ERR,ERR,ERR,ERR,ERR,ERR,ERR,ERR,ERR,ERR,ERR,ERR,ERR,ERR,ERR,ERR,ERR,ERR,ERR,ERR,ERR,ERR,ERR,ERR,ERR,ERR,ERR,ERR,ERR,ERR,ERR,ERR,ERR,ERR,ERR,ERR,ERR,ERR,ERR,ERR,ERR,ERR,ERR,ERR,ERR,ERR,ERR,ERR,ERR,ERR,ERR,ERR,ERR,ERR,ERR,ERR,ERR,ERR,ERR,ERR,ERR,ERR,ERR,ERR,ERR,ERR,ERR,ERR,ERR,ERR,ERR,ERR,ERR,ERR,ERR,ERR,ERR,ERR,ERR,ERR,ERR,ERR,ERR,ERR,ERR,ERR,ERR,ERR,ERR,ERR,ERR,ERR,ERR,ERR,ERR,ERR,ERR,ERR,ERR,ERR,ERR,ERR,ERR,ERR,ERR,ERR,ERR,ERR,ERR,ERR,ERR,ERR,ERR,ERR,ERR,ERR,0.0,-107615328.0,0.0,0.0,0.0,1.3936040501711995e+18,7.805,0.0,0,0,4,0,7300,-0.0,0,0.0,0.0,0.0,0.0,0.0,0,0,0,0,0.0,0,0,0,0,0,0,0,0,0,0,0,0,0,0,0,0,0,0,0,0,0,0,0,0,0,0,0,0,0,0,0,0,0,32,30,30,62,65476,0,300,0,0,8,21553,0.0,-107605600.0,0.0,0.0,0.0,0.0,0.0,0.0,0.0,0.0,0.0,0.0,0.0,0.0,0.0,0.0,0.0,0.0,0.0,0.0,0.0,0.0,2.004,0.0,-0.0,-2.004,0.0,0.0,0.0,0.0,5414.0,-0.0,6961.0,0.0,-107615328.0,-107615280.0,-0.0,0.0,0.0,0.0,0.0,63,126841077760.0,0.0,0.0,0.0,0.0,0.0,0.0,0.0,0.0,0,0,0,0.0,0.0,0.0,0.0,0.0,0.0,0.0,0.0,0.0,0.0,0.0,0.0,0.0,0.0,0.0,0.0,0,-107875648.0,63,0.0,126,2.7184242562605685e+23,-0.0,ERR,ERR,ERR,ERR,ERR,ERR,ERR,ERR,ERR,ERR,ERR,ERR,ERR,ERR,ERR,ERR,ERR,ERR,ERR,ERR,ERR,ERR,ERR,ERR,ERR,ERR,ERR,ERR,ERR,ERR,ERR,ERR,ERR,ERR,ERR,ERR,ERR,ERR,ERR,ERR,ERR,ERR,ERR,ERR,ERR,ERR,ERR,ERR,ERR,ERR,ERR,ERR,ERR,ERR,ERR,ERR,ERR,ERR,ERR,ERR,ERR,ERR,ERR,ERR,ERR,ERR,ERR,34.0,80.0,35,0.0,0.0,0.0,0.0,0.0,0.0,0.0,0.0,0.0,0.0,0.0,0.0,0.0,0.0,0.0,0.0,64.4,0,116,56,50,65476,0,300,0,0,8,20529,65476,0,0,57672,80.0,0.0,0.0,0.0,0.0,0.0
2026-06-17T04:26:55,ERR,ERR,ERR,ERR,ERR,ERR,ERR,ERR,ERR,ERR,ERR,ERR,ERR,ERR,ERR,ERR,ERR,ERR,ERR,ERR,ERR,ERR,ERR,ERR,ERR,ERR,ERR,ERR,ERR,ERR,ERR,ERR,ERR,ERR,ERR,ERR,ERR,ERR,ERR,ERR,ERR,ERR,ERR,ERR,ERR,ERR,ERR,ERR,ERR,ERR,ERR,ERR,ERR,ERR,ERR,ERR,ERR,ERR,ERR,ERR,ERR,ERR,ERR,ERR,ERR,ERR,ERR,ERR,ERR,ERR,ERR,ERR,ERR,ERR,ERR,ERR,ERR,ERR,ERR,ERR,ERR,ERR,ERR,ERR,ERR,ERR,ERR,ERR,ERR,ERR,ERR,ERR,ERR,ERR,ERR,ERR,ERR,ERR,ERR,ERR,ERR,ERR,ERR,ERR,ERR,ERR,ERR,ERR,ERR,ERR,ERR,ERR,ERR,ERR,ERR,ERR,ERR,ERR,ERR,ERR,ERR,ERR,ERR,ERR,ERR,0.0,-107615328.0,0.0,0.0,0.0,1.3936040501711995e+18,7.805,0.0,0,0,4,0,7300,-0.0,0,0.0,0.0,0.0,0.0,0.0,0,0,0,0,0.0,0,0,0,0,0,0,0,0,0,0,0,0,0,0,0,0,0,0,0,0,0,0,0,0,0,0,0,0,0,0,0,0,0,32,30,30,62,65476,0,300,0,0,8,21553,0.0,-107605600.0,0.0,0.0,0.0,0.0,0.0,0.0,0.0,0.0,0.0,0.0,0.0,0.0,0.0,0.0,0.0,0.0,0.0,0.0,0.0,0.0,2.004,0.0,-0.0,-2.004,0.0,0.0,0.0,0.0,5414.0,-0.0,6961.0,0.0,-107615328.0,-107615280.0,-0.0,0.0,0.0,0.0,0.0,63,126841077760.0,0.0,0.0,0.0,0.0,0.0,0.0,0.0,0.0,0,0,0,0.0,0.0,0.0,0.0,0.0,0.0,0.0,0.0,0.0,0.0,0.0,0.0,0.0,0.0,0.0,0.0,0,-107875648.0,63,0.0,126,2.7184242562605685e+23,-0.0,ERR,ERR,ERR,ERR,ERR,ERR,ERR,ERR,ERR,ERR,ERR,ERR,ERR,ERR,ERR,ERR,ERR,ERR,ERR,ERR,ERR,ERR,ERR,ERR,ERR,ERR,ERR,ERR,ERR,ERR,ERR,ERR,ERR,ERR,ERR,ERR,ERR,ERR,ERR,ERR,ERR,ERR,ERR,ERR,ERR,ERR,ERR,ERR,ERR,ERR,ERR,ERR,ERR,ERR,ERR,ERR,ERR,ERR,ERR,ERR,ERR,ERR,ERR,ERR,ERR,ERR,ERR,34.0,80.0,35,0.0,0.0,0.0,0.0,0.0,0.0,0.0,0.0,0.0,0.0,0.0,0.0,0.0,0.0,0.0,0.0,64.4,0,116,56,50,65476,0,300,0,0,8,20529,65476,0,0,57672,80.0,0.0,0.0,0.0,0.0,0.0
2026-06-17T04:26:56,ERR,ERR,ERR,ERR,ERR,ERR,ERR,ERR,ERR,ERR,ERR,ERR,ERR,ERR,ERR,ERR,ERR,ERR,ERR,ERR,ERR,ERR,ERR,ERR,ERR,ERR,ERR,ERR,ERR,ERR,ERR,ERR,ERR,ERR,ERR,ERR,ERR,ERR,ERR,ERR,ERR,ERR,ERR,ERR,ERR,ERR,ERR,ERR,ERR,ERR,ERR,ERR,ERR,ERR,ERR,ERR,ERR,ERR,ERR,ERR,ERR,ERR,ERR,ERR,ERR,ERR,ERR,ERR,ERR,ERR,ERR,ERR,ERR,ERR,ERR,ERR,ERR,ERR,ERR,ERR,ERR,ERR,ERR,ERR,ERR,ERR,ERR,ERR,ERR,ERR,ERR,ERR,ERR,ERR,ERR,ERR,ERR,ERR,ERR,ERR,ERR,ERR,ERR,ERR,ERR,ERR,ERR,ERR,ERR,ERR,ERR,ERR,ERR,ERR,ERR,ERR,ERR,ERR,ERR,ERR,ERR,ERR,ERR,ERR,ERR,0.0,-107615328.0,0.0,0.0,0.0,1.3936040501711995e+18,7.805,0.0,0,0,4,0,7300,-0.0,0,0.0,0.0,0.0,0.0,0.0,0,0,0,0,0.0,0,0,0,0,0,0,0,0,0,0,0,0,0,0,0,0,0,0,0,0,0,0,0,0,0,0,0,0,0,0,0,0,0,32,30,30,62,65476,0,300,0,0,8,21553,0.0,-107605600.0,0.0,0.0,0.0,0.0,0.0,0.0,0.0,0.0,0.0,0.0,0.0,0.0,0.0,0.0,0.0,0.0,0.0,0.0,0.0,0.0,2.004,0.0,-0.0,-2.004,0.0,0.0,0.0,0.0,5414.0,-0.0,6961.0,0.0,-107615328.0,-107615280.0,-0.0,0.0,0.0,0.0,0.0,63,126841077760.0,0.0,0.0,0.0,0.0,0.0,0.0,0.0,0.0,0,0,0,0.0,0.0,0.0,0.0,0.0,0.0,0.0,0.0,0.0,0.0,0.0,0.0,0.0,0.0,0.0,0.0,0,-107875648.0,63,0.0,126,2.7184242562605685e+23,-0.0,ERR,ERR,ERR,ERR,ERR,ERR,ERR,ERR,ERR,ERR,ERR,ERR,ERR,ERR,ERR,ERR,ERR,ERR,ERR,ERR,ERR,ERR,ERR,ERR,ERR,ERR,ERR,ERR,ERR,ERR,ERR,ERR,ERR,ERR,ERR,ERR,ERR,ERR,ERR,ERR,ERR,ERR,ERR,ERR,ERR,ERR,ERR,ERR,ERR,ERR,ERR,ERR,ERR,ERR,ERR,ERR,ERR,ERR,ERR,ERR,ERR,ERR,ERR,ERR,ERR,ERR,ERR,34.0,80.0,35,0.0,0.0,0.0,0.0,0.0,0.0,0.0,0.0,0.0,0.0,0.0,0.0,0.0,0.0,0.0,0.0,64.4,0,116,56,50,65476,0,300,0,0,8,20529,65476,0,0,57672,80.0,0.0,0.0,0.0,0.0,0.0
2026-06-17T04:26:57,ERR,ERR,ERR,ERR,ERR,ERR,ERR,ERR,ERR,ERR,ERR,ERR,ERR,ERR,ERR,ERR,ERR,ERR,ERR,ERR,ERR,ERR,ERR,ERR,ERR,ERR,ERR,ERR,ERR,ERR,ERR,ERR,ERR,ERR,ERR,ERR,ERR,ERR,ERR,ERR,ERR,ERR,ERR,ERR,ERR,ERR,ERR,ERR,ERR,ERR,ERR,ERR,ERR,ERR,ERR,ERR,ERR,ERR,ERR,ERR,ERR,ERR,ERR,ERR,ERR,ERR,ERR,ERR,ERR,ERR,ERR,ERR,ERR,ERR,ERR,ERR,ERR,ERR,ERR,ERR,ERR,ERR,ERR,ERR,ERR,ERR,ERR,ERR,ERR,ERR,ERR,ERR,ERR,ERR,ERR,ERR,ERR,ERR,ERR,ERR,ERR,ERR,ERR,ERR,ERR,ERR,ERR,ERR,ERR,ERR,ERR,ERR,ERR,ERR,ERR,ERR,ERR,ERR,ERR,ERR,ERR,ERR,ERR,ERR,ERR,0.0,-107615328.0,0.0,0.0,0.0,1.3936040501711995e+18,7.805,0.0,0,0,4,0,7300,-0.0,0,0.0,0.0,0.0,0.0,0.0,0,0,0,0,0.0,0,0,0,0,0,0,0,0,0,0,0,0,0,0,0,0,0,0,0,0,0,0,0,0,0,0,0,0,0,0,0,0,0,32,30,30,62,65476,0,300,0,0,8,21553,0.0,-107605600.0,0.0,0.0,0.0,0.0,0.0,0.0,0.0,0.0,0.0,0.0,0.0,0.0,0.0,0.0,0.0,0.0,0.0,0.0,0.0,0.0,2.004,0.0,-0.0,-2.004,0.0,0.0,0.0,0.0,5414.0,-0.0,6961.0,0.0,-107615328.0,-107615280.0,-0.0,0.0,0.0,0.0,0.0,63,126841077760.0,0.0,0.0,0.0,0.0,0.0,0.0,0.0,0.0,0,0,0,0.0,0.0,0.0,0.0,0.0,0.0,0.0,0.0,0.0,0.0,0.0,0.0,0.0,0.0,0.0,0.0,0,-107875648.0,63,0.0,126,2.7184242562605685e+23,-0.0,ERR,ERR,ERR,ERR,ERR,ERR,ERR,ERR,ERR,ERR,ERR,ERR,ERR,ERR,ERR,ERR,ERR,ERR,ERR,ERR,ERR,ERR,ERR,ERR,ERR,ERR,ERR,ERR,ERR,ERR,ERR,ERR,ERR,ERR,ERR,ERR,ERR,ERR,ERR,ERR,ERR,ERR,ERR,ERR,ERR,ERR,ERR,ERR,ERR,ERR,ERR,ERR,ERR,ERR,ERR,ERR,ERR,ERR,ERR,ERR,ERR,ERR,ERR,ERR,ERR,ERR,ERR,34.0,80.0,35,0.0,0.0,0.0,0.0,0.0,0.0,0.0,0.0,0.0,0.0,0.0,0.0,0.0,0.0,0.0,0.0,64.4,0,116,56,50,65476,0,300,0,0,8,20529,65476,0,0,57672,80.0,0.0,0.0,0.0,0.0,0.0
2026-06-17T04:26:58,ERR,ERR,ERR,ERR,ERR,ERR,ERR,ERR,ERR,ERR,ERR,ERR,ERR,ERR,ERR,ERR,ERR,ERR,ERR,ERR,ERR,ERR,ERR,ERR,ERR,ERR,ERR,ERR,ERR,ERR,ERR,ERR,ERR,ERR,ERR,ERR,ERR,ERR,ERR,ERR,ERR,ERR,ERR,ERR,ERR,ERR,ERR,ERR,ERR,ERR,ERR,ERR,ERR,ERR,ERR,ERR,ERR,ERR,ERR,ERR,ERR,ERR,ERR,ERR,ERR,ERR,ERR,ERR,ERR,ERR,ERR,ERR,ERR,ERR,ERR,ERR,ERR,ERR,ERR,ERR,ERR,ERR,ERR,ERR,ERR,ERR,ERR,ERR,ERR,ERR,ERR,ERR,ERR,ERR,ERR,ERR,ERR,ERR,ERR,ERR,ERR,ERR,ERR,ERR,ERR,ERR,ERR,ERR,ERR,ERR,ERR,ERR,ERR,ERR,ERR,ERR,ERR,ERR,ERR,ERR,ERR,ERR,ERR,ERR,ERR,0.0,-107615328.0,0.0,0.0,0.0,1.3936040501711995e+18,7.805,0.0,0,0,4,0,7300,-0.0,0,0.0,0.0,0.0,0.0,0.0,0,0,0,0,0.0,0,0,0,0,0,0,0,0,0,0,0,0,0,0,0,0,0,0,0,0,0,0,0,0,0,0,0,0,0,0,0,0,0,32,30,30,62,65476,0,300,0,0,8,21553,0.0,-107605600.0,0.0,0.0,0.0,0.0,0.0,0.0,0.0,0.0,0.0,0.0,0.0,0.0,0.0,0.0,0.0,0.0,0.0,0.0,0.0,0.0,2.004,0.0,-0.0,-2.004,0.0,0.0,0.0,0.0,5414.0,-0.0,6961.0,0.0,-107615328.0,-107615280.0,-0.0,0.0,0.0,0.0,0.0,63,126841077760.0,0.0,0.0,0.0,0.0,0.0,0.0,0.0,0.0,0,0,0,0.0,0.0,0.0,0.0,0.0,0.0,0.0,0.0,0.0,0.0,0.0,0.0,0.0,0.0,0.0,0.0,0,-107875648.0,63,0.0,126,2.7184242562605685e+23,-0.0,ERR,ERR,ERR,ERR,ERR,ERR,ERR,ERR,ERR,ERR,ERR,ERR,ERR,ERR,ERR,ERR,ERR,ERR,ERR,ERR,ERR,ERR,ERR,ERR,ERR,ERR,ERR,ERR,ERR,ERR,ERR,ERR,ERR,ERR,ERR,ERR,ERR,ERR,ERR,ERR,ERR,ERR,ERR,ERR,ERR,ERR,ERR,ERR,ERR,ERR,ERR,ERR,ERR,ERR,ERR,ERR,ERR,ERR,ERR,ERR,ERR,ERR,ERR,ERR,ERR,ERR,ERR,34.0,80.0,35,0.0,0.0,0.0,0.0,0.0,0.0,0.0,0.0,0.0,0.0,0.0,0.0,0.0,0.0,0.0,0.0,64.4,0,116,56,50,65476,0,300,0,0,8,20529,65476,0,0,57672,80.0,0.0,0.0,0.0,0.0,0.0
2026-06-17T04:26:59,ERR,ERR,ERR,ERR,ERR,ERR,ERR,ERR,ERR,ERR,ERR,ERR,ERR,ERR,ERR,ERR,ERR,ERR,ERR,ERR,ERR,ERR,ERR,ERR,ERR,ERR,ERR,ERR,ERR,ERR,ERR,ERR,ERR,ERR,ERR,ERR,ERR,ERR,ERR,ERR,ERR,ERR,ERR,ERR,ERR,ERR,ERR,ERR,ERR,ERR,ERR,ERR,ERR,ERR,ERR,ERR,ERR,ERR,ERR,ERR,ERR,ERR,ERR,ERR,ERR,ERR,ERR,ERR,ERR,ERR,ERR,ERR,ERR,ERR,ERR,ERR,ERR,ERR,ERR,ERR,ERR,ERR,ERR,ERR,ERR,ERR,ERR,ERR,ERR,ERR,ERR,ERR,ERR,ERR,ERR,ERR,ERR,ERR,ERR,ERR,ERR,ERR,ERR,ERR,ERR,ERR,ERR,ERR,ERR,ERR,ERR,ERR,ERR,ERR,ERR,ERR,ERR,ERR,ERR,ERR,ERR,ERR,ERR,ERR,ERR,0.0,-107615328.0,0.0,0.0,0.0,1.3936040501711995e+18,7.805,0.0,0,0,4,0,7300,-0.0,0,0.0,0.0,0.0,0.0,0.0,0,0,0,0,0.0,0,0,0,0,0,0,0,0,0,0,0,0,0,0,0,0,0,0,0,0,0,0,0,0,0,0,0,0,0,0,0,0,0,32,30,30,62,65476,0,300,0,0,8,21553,0.0,-107605600.0,0.0,0.0,0.0,0.0,0.0,0.0,0.0,0.0,0.0,0.0,0.0,0.0,0.0,0.0,0.0,0.0,0.0,0.0,0.0,0.0,2.004,0.0,-0.0,-2.004,0.0,0.0,0.0,0.0,5415.0,-0.0,6965.0,0.0,-107615328.0,-107615280.0,-0.0,0.0,0.0,0.0,0.0,63,2.3088396621844998e+20,0.0,0.0,0.0,0.0,0.0,0.0,0.0,0.0,0,0,0,0.0,0.0,0.0,0.0,0.0,0.0,0.0,0.0,0.0,0.0,0.0,0.0,0.0,0.0,0.0,0.0,0,-107875648.0,63,0.0,126,2.7184242562605685e+23,-0.0,ERR,ERR,ERR,ERR,ERR,ERR,ERR,ERR,ERR,ERR,ERR,ERR,ERR,ERR,ERR,ERR,ERR,ERR,ERR,ERR,ERR,ERR,ERR,ERR,ERR,ERR,ERR,ERR,ERR,ERR,ERR,ERR,ERR,ERR,ERR,ERR,ERR,ERR,ERR,ERR,ERR,ERR,ERR,ERR,ERR,ERR,ERR,ERR,ERR,ERR,ERR,ERR,ERR,ERR,ERR,ERR,ERR,ERR,ERR,ERR,ERR,ERR,ERR,ERR,ERR,ERR,ERR,34.0,80.0,35,0.0,0.0,0.0,0.0,0.0,0.0,0.0,0.0,0.0,0.0,0.0,0.0,0.0,0.0,0.0,0.0,64.4,0,116,56,50,65476,0,300,0,0,8,20529,65476,0,0,57672,80.0,0.0,0.0,0.0,0.0,0.0
2026-06-17T04:27:00,ERR,ERR,ERR,ERR,ERR,ERR,ERR,ERR,ERR,ERR,ERR,ERR,ERR,ERR,ERR,ERR,ERR,ERR,ERR,ERR,ERR,ERR,ERR,ERR,ERR,ERR,ERR,ERR,ERR,ERR,ERR,ERR,ERR,ERR,ERR,ERR,ERR,ERR,ERR,ERR,ERR,ERR,ERR,ERR,ERR,ERR,ERR,ERR,ERR,ERR,ERR,ERR,ERR,ERR,ERR,ERR,ERR,ERR,ERR,ERR,ERR,ERR,ERR,ERR,ERR,ERR,ERR,ERR,ERR,ERR,ERR,ERR,ERR,ERR,ERR,ERR,ERR,ERR,ERR,ERR,ERR,ERR,ERR,ERR,ERR,ERR,ERR,ERR,ERR,ERR,ERR,ERR,ERR,ERR,ERR,ERR,ERR,ERR,ERR,ERR,ERR,ERR,ERR,ERR,ERR,ERR,ERR,ERR,ERR,ERR,ERR,ERR,ERR,ERR,ERR,ERR,ERR,ERR,ERR,ERR,ERR,ERR,ERR,ERR,ERR,0.0,-107615328.0,0.0,0.0,0.0,1.3936040501711995e+18,7.805,0.0,0,0,4,0,7300,-0.0,0,0.0,0.0,0.0,0.0,0.0,0,0,0,0,0.0,0,0,0,0,0,0,0,0,0,0,0,0,0,0,0,0,0,0,0,0,0,0,0,0,0,0,0,0,0,0,0,0,0,32,30,30,62,65476,0,300,0,0,8,21553,0.0,-107605600.0,0.0,0.0,0.0,0.0,0.0,0.0,0.0,0.0,0.0,0.0,0.0,0.0,0.0,0.0,0.0,0.0,0.0,0.0,0.0,0.0,2.004,0.0,-0.0,-2.004,0.0,0.0,0.0,0.0,5415.0,-0.0,6965.0,0.0,-107615328.0,-107615280.0,-0.0,0.0,0.0,0.0,0.0,63,2.3088396621844998e+20,0.0,0.0,0.0,0.0,0.0,0.0,0.0,0.0,0,0,0,0.0,0.0,0.0,0.0,0.0,0.0,0.0,0.0,0.0,0.0,0.0,0.0,0.0,0.0,0.0,0.0,0,-107875648.0,63,0.0,126,2.7184242562605685e+23,-0.0,ERR,ERR,ERR,ERR,ERR,ERR,ERR,ERR,ERR,ERR,ERR,ERR,ERR,ERR,ERR,ERR,ERR,ERR,ERR,ERR,ERR,ERR,ERR,ERR,ERR,ERR,ERR,ERR,ERR,ERR,ERR,ERR,ERR,ERR,ERR,ERR,ERR,ERR,ERR,ERR,ERR,ERR,ERR,ERR,ERR,ERR,ERR,ERR,ERR,ERR,ERR,ERR,ERR,ERR,ERR,ERR,ERR,ERR,ERR,ERR,ERR,ERR,ERR,ERR,ERR,ERR,ERR,34.0,80.0,35,0.0,0.0,0.0,0.0,0.0,0.0,0.0,0.0,0.0,0.0,0.0,0.0,0.0,0.0,0.0,0.0,64.4,0,116,56,50,65476,0,300,0,0,8,20529,65476,0,0,57672,80.0,0.0,0.0,0.0,0.0,0.0
2026-06-17T04:27:01,ERR,ERR,ERR,ERR,ERR,ERR,ERR,ERR,ERR,ERR,ERR,ERR,ERR,ERR,ERR,ERR,ERR,ERR,ERR,ERR,ERR,ERR,ERR,ERR,ERR,ERR,ERR,ERR,ERR,ERR,ERR,ERR,ERR,ERR,ERR,ERR,ERR,ERR,ERR,ERR,ERR,ERR,ERR,ERR,ERR,ERR,ERR,ERR,ERR,ERR,ERR,ERR,ERR,ERR,ERR,ERR,ERR,ERR,ERR,ERR,ERR,ERR,ERR,ERR,ERR,ERR,ERR,ERR,ERR,ERR,ERR,ERR,ERR,ERR,ERR,ERR,ERR,ERR,ERR,ERR,ERR,ERR,ERR,ERR,ERR,ERR,ERR,ERR,ERR,ERR,ERR,ERR,ERR,ERR,ERR,ERR,ERR,ERR,ERR,ERR,ERR,ERR,ERR,ERR,ERR,ERR,ERR,ERR,ERR,ERR,ERR,ERR,ERR,ERR,ERR,ERR,ERR,ERR,ERR,ERR,ERR,ERR,ERR,ERR,ERR,0.0,-107615328.0,0.0,0.0,0.0,1.3936040501711995e+18,7.805,0.0,0,0,4,0,7300,-0.0,0,0.0,0.0,0.0,0.0,0.0,0,0,0,0,0.0,0,0,0,0,0,0,0,0,0,0,0,0,0,0,0,0,0,0,0,0,0,0,0,0,0,0,0,0,0,0,0,0,0,32,30,30,62,65476,0,300,0,0,8,21553,0.0,-107605600.0,0.0,0.0,0.0,0.0,0.0,0.0,0.0,0.0,0.0,0.0,0.0,0.0,0.0,0.0,0.0,0.0,0.0,0.0,0.0,0.0,2.004,0.0,-0.0,-2.004,0.0,0.0,0.0,0.0,5415.0,-0.0,6965.0,0.0,-107615328.0,-107615280.0,-0.0,0.0,0.0,0.0,0.0,63,2.3088396621844998e+20,0.0,0.0,0.0,0.0,0.0,0.0,0.0,0.0,0,0,0,0.0,0.0,0.0,0.0,0.0,0.0,0.0,0.0,0.0,0.0,0.0,0.0,0.0,0.0,0.0,0.0,0,-107875648.0,63,0.0,126,2.7184242562605685e+23,-0.0,ERR,ERR,ERR,ERR,ERR,ERR,ERR,ERR,ERR,ERR,ERR,ERR,ERR,ERR,ERR,ERR,ERR,ERR,ERR,ERR,ERR,ERR,ERR,ERR,ERR,ERR,ERR,ERR,ERR,ERR,ERR,ERR,ERR,ERR,ERR,ERR,ERR,ERR,ERR,ERR,ERR,ERR,ERR,ERR,ERR,ERR,ERR,ERR,ERR,ERR,ERR,ERR,ERR,ERR,ERR,ERR,ERR,ERR,ERR,ERR,ERR,ERR,ERR,ERR,ERR,ERR,ERR,34.0,80.0,35,0.0,0.0,0.0,0.0,0.0,0.0,0.0,0.0,0.0,0.0,0.0,0.0,0.0,0.0,0.0,0.0,64.8,0,116,56,50,65476,0,300,0,0,8,20529,65476,0,0,57672,80.0,0.0,0.0,0.0,0.0,0.0
2026-06-17T04:27:02,ERR,ERR,ERR,ERR,ERR,ERR,ERR,ERR,ERR,ERR,ERR,ERR,ERR,ERR,ERR,ERR,ERR,ERR,ERR,ERR,ERR,ERR,ERR,ERR,ERR,ERR,ERR,ERR,ERR,ERR,ERR,ERR,ERR,ERR,ERR,ERR,ERR,ERR,ERR,ERR,ERR,ERR,ERR,ERR,ERR,ERR,ERR,ERR,ERR,ERR,ERR,ERR,ERR,ERR,ERR,ERR,ERR,ERR,ERR,ERR,ERR,ERR,ERR,ERR,ERR,ERR,ERR,ERR,ERR,ERR,ERR,ERR,ERR,ERR,ERR,ERR,ERR,ERR,ERR,ERR,ERR,ERR,ERR,ERR,ERR,ERR,ERR,ERR,ERR,ERR,ERR,ERR,ERR,ERR,ERR,ERR,ERR,ERR,ERR,ERR,ERR,ERR,ERR,ERR,ERR,ERR,ERR,ERR,ERR,ERR,ERR,ERR,ERR,ERR,ERR,ERR,ERR,ERR,ERR,ERR,ERR,ERR,ERR,ERR,ERR,0.0,-107615328.0,0.0,0.0,0.0,1.3936040501711995e+18,7.805,0.0,0,0,4,0,7300,-0.0,0,0.0,0.0,0.0,0.0,0.0,0,0,0,0,0.0,0,0,0,0,0,0,0,0,0,0,0,0,0,0,0,0,0,0,0,0,0,0,0,0,0,0,0,0,0,0,0,0,0,32,30,30,62,65476,0,300,0,0,8,21553,0.0,-107605600.0,0.0,0.0,0.0,0.0,0.0,0.0,0.0,0.0,0.0,0.0,0.0,0.0,0.0,0.0,0.0,0.0,0.0,0.0,0.0,0.0,2.004,0.0,-0.0,-2.004,0.0,0.0,0.0,0.0,5415.0,-0.0,6965.0,0.0,-107615328.0,-107615280.0,-0.0,0.0,0.0,0.0,0.0,63,2.3088396621844998e+20,0.0,0.0,0.0,0.0,0.0,0.0,0.0,0.0,0,0,0,0.0,0.0,0.0,0.0,0.0,0.0,0.0,0.0,0.0,0.0,0.0,0.0,0.0,0.0,0.0,0.0,0,-107875648.0,63,0.0,126,2.7184242562605685e+23,-0.0,ERR,ERR,ERR,ERR,ERR,ERR,ERR,ERR,ERR,ERR,ERR,ERR,ERR,ERR,ERR,ERR,ERR,ERR,ERR,ERR,ERR,ERR,ERR,ERR,ERR,ERR,ERR,ERR,ERR,ERR,ERR,ERR,ERR,ERR,ERR,ERR,ERR,ERR,ERR,ERR,ERR,ERR,ERR,ERR,ERR,ERR,ERR,ERR,ERR,ERR,ERR,ERR,ERR,ERR,ERR,ERR,ERR,ERR,ERR,ERR,ERR,ERR,ERR,ERR,ERR,ERR,ERR,34.0,80.0,35,0.0,0.0,0.0,0.0,0.0,0.0,0.0,0.0,0.0,0.0,0.0,0.0,0.0,0.0,0.0,0.0,64.8,0,116,56,50,65476,0,300,0,0,8,20529,65476,0,0,57672,80.0,0.0,0.0,0.0,0.0,0.0
2026-06-17T04:27:03,ERR,ERR,ERR,ERR,ERR,ERR,ERR,ERR,ERR,ERR,ERR,ERR,ERR,ERR,ERR,ERR,ERR,ERR,ERR,ERR,ERR,ERR,ERR,ERR,ERR,ERR,ERR,ERR,ERR,ERR,ERR,ERR,ERR,ERR,ERR,ERR,ERR,ERR,ERR,ERR,ERR,ERR,ERR,ERR,ERR,ERR,ERR,ERR,ERR,ERR,ERR,ERR,ERR,ERR,ERR,ERR,ERR,ERR,ERR,ERR,ERR,ERR,ERR,ERR,ERR,ERR,ERR,ERR,ERR,ERR,ERR,ERR,ERR,ERR,ERR,ERR,ERR,ERR,ERR,ERR,ERR,ERR,ERR,ERR,ERR,ERR,ERR,ERR,ERR,ERR,ERR,ERR,ERR,ERR,ERR,ERR,ERR,ERR,ERR,ERR,ERR,ERR,ERR,ERR,ERR,ERR,ERR,ERR,ERR,ERR,ERR,ERR,ERR,ERR,ERR,ERR,ERR,ERR,ERR,ERR,ERR,ERR,ERR,ERR,ERR,0.0,-107615328.0,0.0,0.0,0.0,1.3936040501711995e+18,7.805,0.0,0,0,4,0,7300,-0.0,0,0.0,0.0,0.0,0.0,0.0,0,0,0,0,0.0,0,0,0,0,0,0,0,0,0,0,0,0,0,0,0,0,0,0,0,0,0,0,0,0,0,0,0,0,0,0,0,0,0,32,30,30,62,65476,0,300,0,0,8,21553,0.0,-107605600.0,0.0,0.0,0.0,0.0,0.0,0.0,0.0,0.0,0.0,0.0,0.0,0.0,0.0,0.0,0.0,0.0,0.0,0.0,0.0,0.0,2.004,0.0,-0.0,-2.004,0.0,0.0,0.0,0.0,5415.0,-0.0,6965.0,0.0,-107615328.0,-107615280.0,-0.0,0.0,0.0,0.0,0.0,63,2.3088396621844998e+20,0.0,0.0,0.0,0.0,0.0,0.0,0.0,0.0,0,0,0,0.0,0.0,0.0,0.0,0.0,0.0,0.0,0.0,0.0,0.0,0.0,0.0,0.0,0.0,0.0,0.0,0,-107875648.0,63,0.0,126,2.7184242562605685e+23,-0.0,ERR,ERR,ERR,ERR,ERR,ERR,ERR,ERR,ERR,ERR,ERR,ERR,ERR,ERR,ERR,ERR,ERR,ERR,ERR,ERR,ERR,ERR,ERR,ERR,ERR,ERR,ERR,ERR,ERR,ERR,ERR,ERR,ERR,ERR,ERR,ERR,ERR,ERR,ERR,ERR,ERR,ERR,ERR,ERR,ERR,ERR,ERR,ERR,ERR,ERR,ERR,ERR,ERR,ERR,ERR,ERR,ERR,ERR,ERR,ERR,ERR,ERR,ERR,ERR,ERR,ERR,ERR,34.0,80.0,35,0.0,0.0,0.0,0.0,0.0,0.0,0.0,0.0,0.0,0.0,0.0,0.0,0.0,0.0,0.0,0.0,64.4,0,116,56,50,65476,0,300,0,0,8,20529,65476,0,0,57672,80.0,0.0,0.0,0.0,0.0,0.0
2026-06-17T04:27:04,ERR,ERR,ERR,ERR,ERR,ERR,ERR,ERR,ERR,ERR,ERR,ERR,ERR,ERR,ERR,ERR,ERR,ERR,ERR,ERR,ERR,ERR,ERR,ERR,ERR,ERR,ERR,ERR,ERR,ERR,ERR,ERR,ERR,ERR,ERR,ERR,ERR,ERR,ERR,ERR,ERR,ERR,ERR,ERR,ERR,ERR,ERR,ERR,ERR,ERR,ERR,ERR,ERR,ERR,ERR,ERR,ERR,ERR,ERR,ERR,ERR,ERR,ERR,ERR,ERR,ERR,ERR,ERR,ERR,ERR,ERR,ERR,ERR,ERR,ERR,ERR,ERR,ERR,ERR,ERR,ERR,ERR,ERR,ERR,ERR,ERR,ERR,ERR,ERR,ERR,ERR,ERR,ERR,ERR,ERR,ERR,ERR,ERR,ERR,ERR,ERR,ERR,ERR,ERR,ERR,ERR,ERR,ERR,ERR,ERR,ERR,ERR,ERR,ERR,ERR,ERR,ERR,ERR,ERR,ERR,ERR,ERR,ERR,ERR,ERR,0.0,-107615328.0,0.0,0.0,0.0,1.3936040501711995e+18,7.805,0.0,0,0,4,0,7300,-0.0,0,0.0,0.0,0.0,0.0,0.0,0,0,0,0,0.0,0,0,0,0,0,0,0,0,0,0,0,0,0,0,0,0,0,0,0,0,0,0,0,0,0,0,0,0,0,0,0,0,0,32,30,30,62,65476,0,300,0,0,8,21553,0.0,-107605600.0,0.0,0.0,0.0,0.0,0.0,0.0,0.0,0.0,0.0,0.0,0.0,0.0,0.0,0.0,0.0,0.0,0.0,0.0,0.0,0.0,2.004,0.0,-0.0,-2.004,0.0,0.0,0.0,0.0,5413.0,-0.0,6966.0,0.0,-107615328.0,-107615280.0,-0.0,0.0,0.0,0.0,0.0,63,152018387730432.0,0.0,0.0,0.0,0.0,0.0,0.0,0.0,0.0,0,0,0,0.0,0.0,0.0,0.0,0.0,0.0,0.0,0.0,0.0,0.0,0.0,0.0,0.0,0.0,0.0,0.0,0,-107875648.0,63,0.0,126,2.7184242562605685e+23,-0.0,ERR,ERR,ERR,ERR,ERR,ERR,ERR,ERR,ERR,ERR,ERR,ERR,ERR,ERR,ERR,ERR,ERR,ERR,ERR,ERR,ERR,ERR,ERR,ERR,ERR,ERR,ERR,ERR,ERR,ERR,ERR,ERR,ERR,ERR,ERR,ERR,ERR,ERR,ERR,ERR,ERR,ERR,ERR,ERR,ERR,ERR,ERR,ERR,ERR,ERR,ERR,ERR,ERR,ERR,ERR,ERR,ERR,ERR,ERR,ERR,ERR,ERR,ERR,ERR,ERR,ERR,ERR,34.0,80.0,35,0.0,0.0,0.0,0.0,0.0,0.0,0.0,0.0,0.0,0.0,0.0,0.0,0.0,0.0,0.0,0.0,64.4,0,116,56,50,65476,0,300,0,0,8,20529,65476,0,0,57672,80.0,0.0,0.0,0.0,0.0,0.0
2026-06-17T04:27:05,ERR,ERR,ERR,ERR,ERR,ERR,ERR,ERR,ERR,ERR,ERR,ERR,ERR,ERR,ERR,ERR,ERR,ERR,ERR,ERR,ERR,ERR,ERR,ERR,ERR,ERR,ERR,ERR,ERR,ERR,ERR,ERR,ERR,ERR,ERR,ERR,ERR,ERR,ERR,ERR,ERR,ERR,ERR,ERR,ERR,ERR,ERR,ERR,ERR,ERR,ERR,ERR,ERR,ERR,ERR,ERR,ERR,ERR,ERR,ERR,ERR,ERR,ERR,ERR,ERR,ERR,ERR,ERR,ERR,ERR,ERR,ERR,ERR,ERR,ERR,ERR,ERR,ERR,ERR,ERR,ERR,ERR,ERR,ERR,ERR,ERR,ERR,ERR,ERR,ERR,ERR,ERR,ERR,ERR,ERR,ERR,ERR,ERR,ERR,ERR,ERR,ERR,ERR,ERR,ERR,ERR,ERR,ERR,ERR,ERR,ERR,ERR,ERR,ERR,ERR,ERR,ERR,ERR,ERR,ERR,ERR,ERR,ERR,ERR,ERR,0.0,-107615328.0,0.0,0.0,0.0,1.3936040501711995e+18,7.805,0.0,0,0,4,0,7300,-0.0,0,0.0,0.0,0.0,0.0,0.0,0,0,0,0,0.0,0,0,0,0,0,0,0,0,0,0,0,0,0,0,0,0,0,0,0,0,0,0,0,0,0,0,0,0,0,0,0,0,0,32,30,30,62,65476,0,300,0,0,8,21553,0.0,-107605600.0,0.0,0.0,0.0,0.0,0.0,0.0,0.0,0.0,0.0,0.0,0.0,0.0,0.0,0.0,0.0,0.0,0.0,0.0,0.0,0.0,2.004,0.0,-0.0,-2.004,0.0,0.0,0.0,0.0,5413.0,-0.0,6966.0,0.0,-107615328.0,-107615280.0,-0.0,0.0,0.0,0.0,0.0,63,152018387730432.0,0.0,0.0,0.0,0.0,0.0,0.0,0.0,0.0,0,0,0,0.0,0.0,0.0,0.0,0.0,0.0,0.0,0.0,0.0,0.0,0.0,0.0,0.0,0.0,0.0,0.0,0,-107875648.0,63,0.0,126,2.7184242562605685e+23,-0.0,ERR,ERR,ERR,ERR,ERR,ERR,ERR,ERR,ERR,ERR,ERR,ERR,ERR,ERR,ERR,ERR,ERR,ERR,ERR,ERR,ERR,ERR,ERR,ERR,ERR,ERR,ERR,ERR,ERR,ERR,ERR,ERR,ERR,ERR,ERR,ERR,ERR,ERR,ERR,ERR,ERR,ERR,ERR,ERR,ERR,ERR,ERR,ERR,ERR,ERR,ERR,ERR,ERR,ERR,ERR,ERR,ERR,ERR,ERR,ERR,ERR,ERR,ERR,ERR,ERR,ERR,ERR,34.0,80.0,35,0.0,0.0,0.0,0.0,0.0,0.0,0.0,0.0,0.0,0.0,0.0,0.0,0.0,0.0,0.0,0.0,64.4,0,116,56,50,65476,0,300,0,0,8,20529,65476,0,0,57672,80.0,0.0,0.0,0.0,0.0,0.0
2026-06-17T04:27:06,ERR,ERR,ERR,ERR,ERR,ERR,ERR,ERR,ERR,ERR,ERR,ERR,ERR,ERR,ERR,ERR,ERR,ERR,ERR,ERR,ERR,ERR,ERR,ERR,ERR,ERR,ERR,ERR,ERR,ERR,ERR,ERR,ERR,ERR,ERR,ERR,ERR,ERR,ERR,ERR,ERR,ERR,ERR,ERR,ERR,ERR,ERR,ERR,ERR,ERR,ERR,ERR,ERR,ERR,ERR,ERR,ERR,ERR,ERR,ERR,ERR,ERR,ERR,ERR,ERR,ERR,ERR,ERR,ERR,ERR,ERR,ERR,ERR,ERR,ERR,ERR,ERR,ERR,ERR,ERR,ERR,ERR,ERR,ERR,ERR,ERR,ERR,ERR,ERR,ERR,ERR,ERR,ERR,ERR,ERR,ERR,ERR,ERR,ERR,ERR,ERR,ERR,ERR,ERR,ERR,ERR,ERR,ERR,ERR,ERR,ERR,ERR,ERR,ERR,ERR,ERR,ERR,ERR,ERR,ERR,ERR,ERR,ERR,ERR,ERR,0.0,-107615328.0,0.0,0.0,0.0,1.3936040501711995e+18,7.805,0.0,0,0,4,0,7300,-0.0,0,0.0,0.0,0.0,0.0,0.0,0,0,0,0,0.0,0,0,0,0,0,0,0,0,0,0,0,0,0,0,0,0,0,0,0,0,0,0,0,0,0,0,0,0,0,0,0,0,0,32,30,30,62,65476,0,300,0,0,8,21553,0.0,-107605600.0,0.0,0.0,0.0,0.0,0.0,0.0,0.0,0.0,0.0,0.0,0.0,0.0,0.0,0.0,0.0,0.0,0.0,0.0,0.0,0.0,2.004,0.0,-0.0,-2.004,0.0,0.0,0.0,0.0,5413.0,-0.0,6966.0,0.0,-107615328.0,-107615280.0,-0.0,0.0,0.0,0.0,0.0,63,152018387730432.0,0.0,0.0,0.0,0.0,0.0,0.0,0.0,0.0,0,0,0,0.0,0.0,0.0,0.0,0.0,0.0,0.0,0.0,0.0,0.0,0.0,0.0,0.0,0.0,0.0,0.0,0,-107875648.0,63,0.0,126,2.7184242562605685e+23,-0.0,ERR,ERR,ERR,ERR,ERR,ERR,ERR,ERR,ERR,ERR,ERR,ERR,ERR,ERR,ERR,ERR,ERR,ERR,ERR,ERR,ERR,ERR,ERR,ERR,ERR,ERR,ERR,ERR,ERR,ERR,ERR,ERR,ERR,ERR,ERR,ERR,ERR,ERR,ERR,ERR,ERR,ERR,ERR,ERR,ERR,ERR,ERR,ERR,ERR,ERR,ERR,ERR,ERR,ERR,ERR,ERR,ERR,ERR,ERR,ERR,ERR,ERR,ERR,ERR,ERR,ERR,ERR,34.0,80.0,35,0.0,0.0,0.0,0.0,0.0,0.0,0.0,0.0,0.0,0.0,0.0,0.0,0.0,0.0,0.0,0.0,64.4,0,116,56,50,65476,0,300,0,0,8,20529,65476,0,0,57672,80.0,0.0,0.0,0.0,0.0,0.0
2026-06-17T04:27:07,ERR,ERR,ERR,ERR,ERR,ERR,ERR,ERR,ERR,ERR,ERR,ERR,ERR,ERR,ERR,ERR,ERR,ERR,ERR,ERR,ERR,ERR,ERR,ERR,ERR,ERR,ERR,ERR,ERR,ERR,ERR,ERR,ERR,ERR,ERR,ERR,ERR,ERR,ERR,ERR,ERR,ERR,ERR,ERR,ERR,ERR,ERR,ERR,ERR,ERR,ERR,ERR,ERR,ERR,ERR,ERR,ERR,ERR,ERR,ERR,ERR,ERR,ERR,ERR,ERR,ERR,ERR,ERR,ERR,ERR,ERR,ERR,ERR,ERR,ERR,ERR,ERR,ERR,ERR,ERR,ERR,ERR,ERR,ERR,ERR,ERR,ERR,ERR,ERR,ERR,ERR,ERR,ERR,ERR,ERR,ERR,ERR,ERR,ERR,ERR,ERR,ERR,ERR,ERR,ERR,ERR,ERR,ERR,ERR,ERR,ERR,ERR,ERR,ERR,ERR,ERR,ERR,ERR,ERR,ERR,ERR,ERR,ERR,ERR,ERR,0.0,-107615328.0,0.0,0.0,0.0,1.3936040501711995e+18,7.805,0.0,0,0,4,0,7300,-0.0,0,0.0,0.0,0.0,0.0,0.0,0,0,0,0,0.0,0,0,0,0,0,0,0,0,0,0,0,0,0,0,0,0,0,0,0,0,0,0,0,0,0,0,0,0,0,0,0,0,0,32,30,30,62,65476,0,300,0,0,8,21553,0.0,-107605600.0,0.0,0.0,0.0,0.0,0.0,0.0,0.0,0.0,0.0,0.0,0.0,0.0,0.0,0.0,0.0,0.0,0.0,0.0,0.0,0.0,2.004,0.0,-0.0,-2.004,0.0,0.0,0.0,0.0,5413.0,-0.0,6966.0,0.0,-107615328.0,-107615280.0,-0.0,0.0,0.0,0.0,0.0,63,152018387730432.0,0.0,0.0,0.0,0.0,0.0,0.0,0.0,0.0,0,0,0,0.0,0.0,0.0,0.0,0.0,0.0,0.0,0.0,0.0,0.0,0.0,0.0,0.0,0.0,0.0,0.0,0,-107875648.0,63,0.0,126,2.7184242562605685e+23,-0.0,ERR,ERR,ERR,ERR,ERR,ERR,ERR,ERR,ERR,ERR,ERR,ERR,ERR,ERR,ERR,ERR,ERR,ERR,ERR,ERR,ERR,ERR,ERR,ERR,ERR,ERR,ERR,ERR,ERR,ERR,ERR,ERR,ERR,ERR,ERR,ERR,ERR,ERR,ERR,ERR,ERR,ERR,ERR,ERR,ERR,ERR,ERR,ERR,ERR,ERR,ERR,ERR,ERR,ERR,ERR,ERR,ERR,ERR,ERR,ERR,ERR,ERR,ERR,ERR,ERR,ERR,ERR,34.0,80.0,35,0.0,0.0,0.0,0.0,0.0,0.0,0.0,0.0,0.0,0.0,0.0,0.0,0.0,0.0,0.0,0.0,64.4,0,116,56,50,65476,0,300,0,0,8,20529,65476,0,0,57672,80.0,0.0,0.0,0.0,0.0,0.0
2026-06-17T04:27:08,ERR,ERR,ERR,ERR,ERR,ERR,ERR,ERR,ERR,ERR,ERR,ERR,ERR,ERR,ERR,ERR,ERR,ERR,ERR,ERR,ERR,ERR,ERR,ERR,ERR,ERR,ERR,ERR,ERR,ERR,ERR,ERR,ERR,ERR,ERR,ERR,ERR,ERR,ERR,ERR,ERR,ERR,ERR,ERR,ERR,ERR,ERR,ERR,ERR,ERR,ERR,ERR,ERR,ERR,ERR,ERR,ERR,ERR,ERR,ERR,ERR,ERR,ERR,ERR,ERR,ERR,ERR,ERR,ERR,ERR,ERR,ERR,ERR,ERR,ERR,ERR,ERR,ERR,ERR,ERR,ERR,ERR,ERR,ERR,ERR,ERR,ERR,ERR,ERR,ERR,ERR,ERR,ERR,ERR,ERR,ERR,ERR,ERR,ERR,ERR,ERR,ERR,ERR,ERR,ERR,ERR,ERR,ERR,ERR,ERR,ERR,ERR,ERR,ERR,ERR,ERR,ERR,ERR,ERR,ERR,ERR,ERR,ERR,ERR,ERR,0.0,-107615328.0,0.0,0.0,0.0,1.3936040501711995e+18,7.805,0.0,0,0,4,0,7300,-0.0,0,0.0,0.0,0.0,0.0,0.0,0,0,0,0,0.0,0,0,0,0,0,0,0,0,0,0,0,0,0,0,0,0,0,0,0,0,0,0,0,0,0,0,0,0,0,0,0,0,0,32,30,30,62,65476,0,300,0,0,8,21553,0.0,-107605600.0,0.0,0.0,0.0,0.0,0.0,0.0,0.0,0.0,0.0,0.0,0.0,0.0,0.0,0.0,0.0,0.0,0.0,0.0,0.0,0.0,2.004,0.0,-0.0,-2.004,0.0,0.0,0.0,0.0,5413.0,-0.0,6966.0,0.0,-107615328.0,-107615280.0,-0.0,0.0,0.0,0.0,0.0,63,152018387730432.0,0.0,0.0,0.0,0.0,0.0,0.0,0.0,0.0,0,0,0,0.0,0.0,0.0,0.0,0.0,0.0,0.0,0.0,0.0,0.0,0.0,0.0,0.0,0.0,0.0,0.0,0,-107875648.0,63,0.0,126,2.7184242562605685e+23,-0.0,ERR,ERR,ERR,ERR,ERR,ERR,ERR,ERR,ERR,ERR,ERR,ERR,ERR,ERR,ERR,ERR,ERR,ERR,ERR,ERR,ERR,ERR,ERR,ERR,ERR,ERR,ERR,ERR,ERR,ERR,ERR,ERR,ERR,ERR,ERR,ERR,ERR,ERR,ERR,ERR,ERR,ERR,ERR,ERR,ERR,ERR,ERR,ERR,ERR,ERR,ERR,ERR,ERR,ERR,ERR,ERR,ERR,ERR,ERR,ERR,ERR,ERR,ERR,ERR,ERR,ERR,ERR,34.0,80.0,35,0.0,0.0,0.0,0.0,0.0,0.0,0.0,0.0,0.0,0.0,0.0,0.0,0.0,0.0,0.0,0.0,64.4,0,116,56,50,65476,0,300,0,0,8,20529,65476,0,0,57672,80.0,0.0,0.0,0.0,0.0,0.0
2026-06-17T04:27:09,ERR,ERR,ERR,ERR,ERR,ERR,ERR,ERR,ERR,ERR,ERR,ERR,ERR,ERR,ERR,ERR,ERR,ERR,ERR,ERR,ERR,ERR,ERR,ERR,ERR,ERR,ERR,ERR,ERR,ERR,ERR,ERR,ERR,ERR,ERR,ERR,ERR,ERR,ERR,ERR,ERR,ERR,ERR,ERR,ERR,ERR,ERR,ERR,ERR,ERR,ERR,ERR,ERR,ERR,ERR,ERR,ERR,ERR,ERR,ERR,ERR,ERR,ERR,ERR,ERR,ERR,ERR,ERR,ERR,ERR,ERR,ERR,ERR,ERR,ERR,ERR,ERR,ERR,ERR,ERR,ERR,ERR,ERR,ERR,ERR,ERR,ERR,ERR,ERR,ERR,ERR,ERR,ERR,ERR,ERR,ERR,ERR,ERR,ERR,ERR,ERR,ERR,ERR,ERR,ERR,ERR,ERR,ERR,ERR,ERR,ERR,ERR,ERR,ERR,ERR,ERR,ERR,ERR,ERR,ERR,ERR,ERR,ERR,ERR,ERR,0.0,-107615328.0,0.0,0.0,0.0,1.3936040501711995e+18,7.805,0.0,0,0,4,0,7300,-0.0,0,0.0,0.0,0.0,0.0,0.0,0,0,0,0,0.0,0,0,0,0,0,0,0,0,0,0,0,0,0,0,0,0,0,0,0,0,0,0,0,0,0,0,0,0,0,0,0,0,0,32,30,30,62,65476,0,300,0,0,8,21553,0.0,-107605600.0,0.0,0.0,0.0,0.0,0.0,0.0,0.0,0.0,0.0,0.0,0.0,0.0,0.0,0.0,0.0,0.0,0.0,0.0,0.0,0.0,2.004,0.0,-0.0,-2.004,0.0,0.0,0.0,0.0,5412.0,-1.5879318087448473e+29,6974.0,0.0,-107615328.0,-107615280.0,-0.0,0.0,0.0,0.0,0.0,63,152018387730432.0,-0.0,0.0,0.0,0.0,0.0,0.0,0.0,0.0,0,0,0,0.0,0.0,0.0,0.0,0.0,0.0,0.0,0.0,0.0,0.0,0.0,0.0,0.0,0.0,0.0,0.0,0,-107875648.0,63,0.0,126,2.7184242562605685e+23,-0.0,ERR,ERR,ERR,ERR,ERR,ERR,ERR,ERR,ERR,ERR,ERR,ERR,ERR,ERR,ERR,ERR,ERR,ERR,ERR,ERR,ERR,ERR,ERR,ERR,ERR,ERR,ERR,ERR,ERR,ERR,ERR,ERR,ERR,ERR,ERR,ERR,ERR,ERR,ERR,ERR,ERR,ERR,ERR,ERR,ERR,ERR,ERR,ERR,ERR,ERR,ERR,ERR,ERR,ERR,ERR,ERR,ERR,ERR,ERR,ERR,ERR,ERR,ERR,ERR,ERR,ERR,ERR,34.0,80.0,35,0.0,0.0,0.0,0.0,0.0,0.0,0.0,0.0,0.0,0.0,0.0,0.0,0.0,0.0,0.0,0.0,64.4,0,116,56,50,65476,0,300,0,0,8,20529,65476,0,0,57672,80.0,0.0,0.0,0.0,0.0,0.0
2026-06-17T04:27:10,ERR,ERR,ERR,ERR,ERR,ERR,ERR,ERR,ERR,ERR,ERR,ERR,ERR,ERR,ERR,ERR,ERR,ERR,ERR,ERR,ERR,ERR,ERR,ERR,ERR,ERR,ERR,ERR,ERR,ERR,ERR,ERR,ERR,ERR,ERR,ERR,ERR,ERR,ERR,ERR,ERR,ERR,ERR,ERR,ERR,ERR,ERR,ERR,ERR,ERR,ERR,ERR,ERR,ERR,ERR,ERR,ERR,ERR,ERR,ERR,ERR,ERR,ERR,ERR,ERR,ERR,ERR,ERR,ERR,ERR,ERR,ERR,ERR,ERR,ERR,ERR,ERR,ERR,ERR,ERR,ERR,ERR,ERR,ERR,ERR,ERR,ERR,ERR,ERR,ERR,ERR,ERR,ERR,ERR,ERR,ERR,ERR,ERR,ERR,ERR,ERR,ERR,ERR,ERR,ERR,ERR,ERR,ERR,ERR,ERR,ERR,ERR,ERR,ERR,ERR,ERR,ERR,ERR,ERR,ERR,ERR,ERR,ERR,ERR,ERR,0.0,-107615328.0,0.0,0.0,0.0,1.3936040501711995e+18,7.805,0.0,0,0,4,0,7300,-0.0,0,0.0,0.0,0.0,0.0,0.0,0,0,0,0,0.0,0,0,0,0,0,0,0,0,0,0,0,0,0,0,0,0,0,0,0,0,0,0,0,0,0,0,0,0,0,0,0,0,0,32,30,30,62,65476,0,300,0,0,8,21553,0.0,-107605600.0,0.0,0.0,0.0,0.0,0.0,0.0,0.0,0.0,0.0,0.0,0.0,0.0,0.0,0.0,0.0,0.0,0.0,0.0,0.0,0.0,2.004,0.0,-0.0,-2.004,0.0,0.0,0.0,0.0,5412.0,-1.5879318087448473e+29,6974.0,0.0,-107615328.0,-107615280.0,-0.0,0.0,0.0,0.0,0.0,63,152018387730432.0,-0.0,0.0,0.0,0.0,0.0,0.0,0.0,0.0,0,0,0,0.0,0.0,0.0,0.0,0.0,0.0,0.0,0.0,0.0,0.0,0.0,0.0,0.0,0.0,0.0,0.0,0,-107875648.0,63,0.0,126,2.7184242562605685e+23,-0.0,ERR,ERR,ERR,ERR,ERR,ERR,ERR,ERR,ERR,ERR,ERR,ERR,ERR,ERR,ERR,ERR,ERR,ERR,ERR,ERR,ERR,ERR,ERR,ERR,ERR,ERR,ERR,ERR,ERR,ERR,ERR,ERR,ERR,ERR,ERR,ERR,ERR,ERR,ERR,ERR,ERR,ERR,ERR,ERR,ERR,ERR,ERR,ERR,ERR,ERR,ERR,ERR,ERR,ERR,ERR,ERR,ERR,ERR,ERR,ERR,ERR,ERR,ERR,ERR,ERR,ERR,ERR,34.0,80.0,35,0.0,0.0,0.0,0.0,0.0,0.0,0.0,0.0,0.0,0.0,0.0,0.0,0.0,0.0,0.0,0.0,64.4,0,116,56,50,65476,0,300,0,0,8,20529,65476,0,0,57672,80.0,0.0,0.0,0.0,0.0,0.0
2026-06-17T04:27:11,ERR,ERR,ERR,ERR,ERR,ERR,ERR,ERR,ERR,ERR,ERR,ERR,ERR,ERR,ERR,ERR,ERR,ERR,ERR,ERR,ERR,ERR,ERR,ERR,ERR,ERR,ERR,ERR,ERR,ERR,ERR,ERR,ERR,ERR,ERR,ERR,ERR,ERR,ERR,ERR,ERR,ERR,ERR,ERR,ERR,ERR,ERR,ERR,ERR,ERR,ERR,ERR,ERR,ERR,ERR,ERR,ERR,ERR,ERR,ERR,ERR,ERR,ERR,ERR,ERR,ERR,ERR,ERR,ERR,ERR,ERR,ERR,ERR,ERR,ERR,ERR,ERR,ERR,ERR,ERR,ERR,ERR,ERR,ERR,ERR,ERR,ERR,ERR,ERR,ERR,ERR,ERR,ERR,ERR,ERR,ERR,ERR,ERR,ERR,ERR,ERR,ERR,ERR,ERR,ERR,ERR,ERR,ERR,ERR,ERR,ERR,ERR,ERR,ERR,ERR,ERR,ERR,ERR,ERR,ERR,ERR,ERR,ERR,ERR,ERR,0.0,-107615328.0,0.0,0.0,0.0,1.3936040501711995e+18,7.805,0.0,0,0,4,0,7300,-0.0,0,0.0,0.0,0.0,0.0,0.0,0,0,0,0,0.0,0,0,0,0,0,0,0,0,0,0,0,0,0,0,0,0,0,0,0,0,0,0,0,0,0,0,0,0,0,0,0,0,0,32,30,30,62,65476,0,300,0,0,8,21553,0.0,-107605600.0,0.0,0.0,0.0,0.0,0.0,0.0,0.0,0.0,0.0,0.0,0.0,0.0,0.0,0.0,0.0,0.0,0.0,0.0,0.0,0.0,2.004,0.0,-0.0,-2.004,0.0,0.0,0.0,0.0,5412.0,-1.5879318087448473e+29,6974.0,0.0,-107615328.0,-107615280.0,-0.0,0.0,0.0,0.0,0.0,63,152018387730432.0,-0.0,0.0,0.0,0.0,0.0,0.0,0.0,0.0,0,0,0,0.0,0.0,0.0,0.0,0.0,0.0,0.0,0.0,0.0,0.0,0.0,0.0,0.0,0.0,0.0,0.0,0,-107875648.0,63,0.0,126,2.7184242562605685e+23,-0.0,ERR,ERR,ERR,ERR,ERR,ERR,ERR,ERR,ERR,ERR,ERR,ERR,ERR,ERR,ERR,ERR,ERR,ERR,ERR,ERR,ERR,ERR,ERR,ERR,ERR,ERR,ERR,ERR,ERR,ERR,ERR,ERR,ERR,ERR,ERR,ERR,ERR,ERR,ERR,ERR,ERR,ERR,ERR,ERR,ERR,ERR,ERR,ERR,ERR,ERR,ERR,ERR,ERR,ERR,ERR,ERR,ERR,ERR,ERR,ERR,ERR,ERR,ERR,ERR,ERR,ERR,ERR,34.0,80.0,35,0.0,0.0,0.0,0.0,0.0,0.0,0.0,0.0,0.0,0.0,0.0,0.0,0.0,0.0,0.0,0.0,64.4,0,116,56,50,65476,0,300,0,0,8,20529,65476,0,0,57672,80.0,0.0,0.0,0.0,0.0,0.0
2026-06-17T04:27:12,ERR,ERR,ERR,ERR,ERR,ERR,ERR,ERR,ERR,ERR,ERR,ERR,ERR,ERR,ERR,ERR,ERR,ERR,ERR,ERR,ERR,ERR,ERR,ERR,ERR,ERR,ERR,ERR,ERR,ERR,ERR,ERR,ERR,ERR,ERR,ERR,ERR,ERR,ERR,ERR,ERR,ERR,ERR,ERR,ERR,ERR,ERR,ERR,ERR,ERR,ERR,ERR,ERR,ERR,ERR,ERR,ERR,ERR,ERR,ERR,ERR,ERR,ERR,ERR,ERR,ERR,ERR,ERR,ERR,ERR,ERR,ERR,ERR,ERR,ERR,ERR,ERR,ERR,ERR,ERR,ERR,ERR,ERR,ERR,ERR,ERR,ERR,ERR,ERR,ERR,ERR,ERR,ERR,ERR,ERR,ERR,ERR,ERR,ERR,ERR,ERR,ERR,ERR,ERR,ERR,ERR,ERR,ERR,ERR,ERR,ERR,ERR,ERR,ERR,ERR,ERR,ERR,ERR,ERR,ERR,ERR,ERR,ERR,ERR,ERR,0.0,-107615328.0,0.0,0.0,0.0,1.3936040501711995e+18,7.805,0.0,0,0,4,0,7300,-0.0,0,0.0,0.0,0.0,0.0,0.0,0,0,0,0,0.0,0,0,0,0,0,0,0,0,0,0,0,0,0,0,0,0,0,0,0,0,0,0,0,0,0,0,0,0,0,0,0,0,0,32,30,30,62,65476,0,300,0,0,8,21553,0.0,-107605600.0,0.0,0.0,0.0,0.0,0.0,0.0,0.0,0.0,0.0,0.0,0.0,0.0,0.0,0.0,0.0,0.0,0.0,0.0,0.0,0.0,2.004,0.0,-0.0,-2.004,0.0,0.0,0.0,0.0,5412.0,-1.5879318087448473e+29,6974.0,0.0,-107615328.0,-107615280.0,-0.0,0.0,0.0,0.0,0.0,63,152018387730432.0,-0.0,0.0,0.0,0.0,0.0,0.0,0.0,0.0,0,0,0,0.0,0.0,0.0,0.0,0.0,0.0,0.0,0.0,0.0,0.0,0.0,0.0,0.0,0.0,0.0,0.0,0,-107875648.0,63,0.0,126,2.7184242562605685e+23,-0.0,ERR,ERR,ERR,ERR,ERR,ERR,ERR,ERR,ERR,ERR,ERR,ERR,ERR,ERR,ERR,ERR,ERR,ERR,ERR,ERR,ERR,ERR,ERR,ERR,ERR,ERR,ERR,ERR,ERR,ERR,ERR,ERR,ERR,ERR,ERR,ERR,ERR,ERR,ERR,ERR,ERR,ERR,ERR,ERR,ERR,ERR,ERR,ERR,ERR,ERR,ERR,ERR,ERR,ERR,ERR,ERR,ERR,ERR,ERR,ERR,ERR,ERR,ERR,ERR,ERR,ERR,ERR,34.0,80.0,35,0.0,0.0,0.0,0.0,0.0,0.0,0.0,0.0,0.0,0.0,0.0,0.0,0.0,0.0,0.0,0.0,64.4,0,116,56,50,65476,0,300,0,0,8,20529,65476,0,0,57672,80.0,0.0,0.0,0.0,0.0,0.0
2026-06-17T04:27:13,ERR,ERR,ERR,ERR,ERR,ERR,ERR,ERR,ERR,ERR,ERR,ERR,ERR,ERR,ERR,ERR,ERR,ERR,ERR,ERR,ERR,ERR,ERR,ERR,ERR,ERR,ERR,ERR,ERR,ERR,ERR,ERR,ERR,ERR,ERR,ERR,ERR,ERR,ERR,ERR,ERR,ERR,ERR,ERR,ERR,ERR,ERR,ERR,ERR,ERR,ERR,ERR,ERR,ERR,ERR,ERR,ERR,ERR,ERR,ERR,ERR,ERR,ERR,ERR,ERR,ERR,ERR,ERR,ERR,ERR,ERR,ERR,ERR,ERR,ERR,ERR,ERR,ERR,ERR,ERR,ERR,ERR,ERR,ERR,ERR,ERR,ERR,ERR,ERR,ERR,ERR,ERR,ERR,ERR,ERR,ERR,ERR,ERR,ERR,ERR,ERR,ERR,ERR,ERR,ERR,ERR,ERR,ERR,ERR,ERR,ERR,ERR,ERR,ERR,ERR,ERR,ERR,ERR,ERR,ERR,ERR,ERR,ERR,ERR,ERR,0.0,-107615328.0,0.0,0.0,0.0,1.3936040501711995e+18,7.805,0.0,0,0,4,0,7300,-0.0,0,0.0,0.0,0.0,0.0,0.0,0,0,0,0,0.0,0,0,0,0,0,0,0,0,0,0,0,0,0,0,0,0,0,0,0,0,0,0,0,0,0,0,0,0,0,0,0,0,0,32,30,30,62,65476,0,300,0,0,8,21553,0.0,-107605600.0,0.0,0.0,0.0,0.0,0.0,0.0,0.0,0.0,0.0,0.0,0.0,0.0,0.0,0.0,0.0,0.0,0.0,0.0,0.0,0.0,2.004,0.0,-0.0,-2.004,0.0,0.0,0.0,0.0,5412.0,-1.5879318087448473e+29,6974.0,0.0,-107615328.0,-107615280.0,-0.0,0.0,0.0,0.0,0.0,63,152018387730432.0,-0.0,0.0,0.0,0.0,0.0,0.0,0.0,0.0,0,0,0,0.0,0.0,0.0,0.0,0.0,0.0,0.0,0.0,0.0,0.0,0.0,0.0,0.0,0.0,0.0,0.0,0,-107875648.0,63,0.0,126,2.7184242562605685e+23,-0.0,ERR,ERR,ERR,ERR,ERR,ERR,ERR,ERR,ERR,ERR,ERR,ERR,ERR,ERR,ERR,ERR,ERR,ERR,ERR,ERR,ERR,ERR,ERR,ERR,ERR,ERR,ERR,ERR,ERR,ERR,ERR,ERR,ERR,ERR,ERR,ERR,ERR,ERR,ERR,ERR,ERR,ERR,ERR,ERR,ERR,ERR,ERR,ERR,ERR,ERR,ERR,ERR,ERR,ERR,ERR,ERR,ERR,ERR,ERR,ERR,ERR,ERR,ERR,ERR,ERR,ERR,ERR,34.0,80.0,35,0.0,0.0,0.0,0.0,0.0,0.0,0.0,0.0,0.0,0.0,0.0,0.0,0.0,0.0,0.0,0.0,64.4,0,116,56,50,65476,0,300,0,0,8,20529,65476,0,0,57672,80.0,0.0,0.0,0.0,0.0,0.0
2026-06-17T04:27:14,ERR,ERR,ERR,ERR,ERR,ERR,ERR,ERR,ERR,ERR,ERR,ERR,ERR,ERR,ERR,ERR,ERR,ERR,ERR,ERR,ERR,ERR,ERR,ERR,ERR,ERR,ERR,ERR,ERR,ERR,ERR,ERR,ERR,ERR,ERR,ERR,ERR,ERR,ERR,ERR,ERR,ERR,ERR,ERR,ERR,ERR,ERR,ERR,ERR,ERR,ERR,ERR,ERR,ERR,ERR,ERR,ERR,ERR,ERR,ERR,ERR,ERR,ERR,ERR,ERR,ERR,ERR,ERR,ERR,ERR,ERR,ERR,ERR,ERR,ERR,ERR,ERR,ERR,ERR,ERR,ERR,ERR,ERR,ERR,ERR,ERR,ERR,ERR,ERR,ERR,ERR,ERR,ERR,ERR,ERR,ERR,ERR,ERR,ERR,ERR,ERR,ERR,ERR,ERR,ERR,ERR,ERR,ERR,ERR,ERR,ERR,ERR,ERR,ERR,ERR,ERR,ERR,ERR,ERR,ERR,ERR,ERR,ERR,ERR,ERR,0.0,-107615328.0,0.0,0.0,0.0,1.3936040501711995e+18,7.805,0.0,0,0,4,0,7300,-0.0,0,0.0,0.0,0.0,0.0,0.0,0,0,0,0,0.0,0,0,0,0,0,0,0,0,0,0,0,0,0,0,0,0,0,0,0,0,0,0,0,0,0,0,0,0,0,0,0,0,0,32,30,30,62,65476,0,300,0,0,8,21553,0.0,-107605600.0,0.0,0.0,0.0,0.0,0.0,0.0,0.0,0.0,0.0,0.0,0.0,0.0,0.0,0.0,0.0,0.0,0.0,0.0,0.0,0.0,2.004,0.0,-0.0,-2.004,0.0,0.0,0.0,0.0,5447.0,0.0,6945.0,0.0,-107615328.0,-107615280.0,-0.0,0.0,0.0,0.0,0.0,63,2.3088396621844998e+20,-0.0,0.0,0.0,0.0,0.0,0.0,0.0,0.0,0,0,0,0.0,0.0,0.0,0.0,0.0,0.0,0.0,0.0,0.0,0.0,0.0,0.0,0.0,0.0,0.0,0.0,0,-107875648.0,63,0.0,126,2.7184242562605685e+23,-0.0,ERR,ERR,ERR,ERR,ERR,ERR,ERR,ERR,ERR,ERR,ERR,ERR,ERR,ERR,ERR,ERR,ERR,ERR,ERR,ERR,ERR,ERR,ERR,ERR,ERR,ERR,ERR,ERR,ERR,ERR,ERR,ERR,ERR,ERR,ERR,ERR,ERR,ERR,ERR,ERR,ERR,ERR,ERR,ERR,ERR,ERR,ERR,ERR,ERR,ERR,ERR,ERR,ERR,ERR,ERR,ERR,ERR,ERR,ERR,ERR,ERR,ERR,ERR,ERR,ERR,ERR,ERR,34.0,80.0,35,0.0,0.0,0.0,0.0,0.0,0.0,0.0,0.0,0.0,0.0,0.0,0.0,0.0,0.0,0.0,0.0,64.4,0,116,56,50,65476,0,300,0,0,8,20529,65476,0,0,57672,80.0,0.0,0.0,0.0,0.0,0.0
2026-06-17T04:27:15,ERR,ERR,ERR,ERR,ERR,ERR,ERR,ERR,ERR,ERR,ERR,ERR,ERR,ERR,ERR,ERR,ERR,ERR,ERR,ERR,ERR,ERR,ERR,ERR,ERR,ERR,ERR,ERR,ERR,ERR,ERR,ERR,ERR,ERR,ERR,ERR,ERR,ERR,ERR,ERR,ERR,ERR,ERR,ERR,ERR,ERR,ERR,ERR,ERR,ERR,ERR,ERR,ERR,ERR,ERR,ERR,ERR,ERR,ERR,ERR,ERR,ERR,ERR,ERR,ERR,ERR,ERR,ERR,ERR,ERR,ERR,ERR,ERR,ERR,ERR,ERR,ERR,ERR,ERR,ERR,ERR,ERR,ERR,ERR,ERR,ERR,ERR,ERR,ERR,ERR,ERR,ERR,ERR,ERR,ERR,ERR,ERR,ERR,ERR,ERR,ERR,ERR,ERR,ERR,ERR,ERR,ERR,ERR,ERR,ERR,ERR,ERR,ERR,ERR,ERR,ERR,ERR,ERR,ERR,ERR,ERR,ERR,ERR,ERR,ERR,0.0,-107615328.0,0.0,0.0,0.0,1.3936040501711995e+18,7.805,0.0,0,0,4,0,7300,-0.0,0,0.0,0.0,0.0,0.0,0.0,0,0,0,0,0.0,0,0,0,0,0,0,0,0,0,0,0,0,0,0,0,0,0,0,0,0,0,0,0,0,0,0,0,0,0,0,0,0,0,32,30,30,62,65476,0,300,0,0,8,21553,0.0,-107605600.0,0.0,0.0,0.0,0.0,0.0,0.0,0.0,0.0,0.0,0.0,0.0,0.0,0.0,0.0,0.0,0.0,0.0,0.0,0.0,0.0,2.004,0.0,-0.0,-2.004,0.0,0.0,0.0,0.0,5447.0,0.0,6945.0,0.0,-107615328.0,-107615280.0,-0.0,0.0,0.0,0.0,0.0,63,2.3088396621844998e+20,-0.0,0.0,0.0,0.0,0.0,0.0,0.0,0.0,0,0,0,0.0,0.0,0.0,0.0,0.0,0.0,0.0,0.0,0.0,0.0,0.0,0.0,0.0,0.0,0.0,0.0,0,-107875648.0,63,0.0,126,2.7184242562605685e+23,-0.0,ERR,ERR,ERR,ERR,ERR,ERR,ERR,ERR,ERR,ERR,ERR,ERR,ERR,ERR,ERR,ERR,ERR,ERR,ERR,ERR,ERR,ERR,ERR,ERR,ERR,ERR,ERR,ERR,ERR,ERR,ERR,ERR,ERR,ERR,ERR,ERR,ERR,ERR,ERR,ERR,ERR,ERR,ERR,ERR,ERR,ERR,ERR,ERR,ERR,ERR,ERR,ERR,ERR,ERR,ERR,ERR,ERR,ERR,ERR,ERR,ERR,ERR,ERR,ERR,ERR,ERR,ERR,34.0,80.0,35,0.0,0.0,0.0,0.0,0.0,0.0,0.0,0.0,0.0,0.0,0.0,0.0,0.0,0.0,0.0,0.0,64.4,0,116,56,50,65476,0,300,0,0,8,20529,65476,0,0,57672,80.0,0.0,0.0,0.0,0.0,0.0
2026-06-17T04:27:16,ERR,ERR,ERR,ERR,ERR,ERR,ERR,ERR,ERR,ERR,ERR,ERR,ERR,ERR,ERR,ERR,ERR,ERR,ERR,ERR,ERR,ERR,ERR,ERR,ERR,ERR,ERR,ERR,ERR,ERR,ERR,ERR,ERR,ERR,ERR,ERR,ERR,ERR,ERR,ERR,ERR,ERR,ERR,ERR,ERR,ERR,ERR,ERR,ERR,ERR,ERR,ERR,ERR,ERR,ERR,ERR,ERR,ERR,ERR,ERR,ERR,ERR,ERR,ERR,ERR,ERR,ERR,ERR,ERR,ERR,ERR,ERR,ERR,ERR,ERR,ERR,ERR,ERR,ERR,ERR,ERR,ERR,ERR,ERR,ERR,ERR,ERR,ERR,ERR,ERR,ERR,ERR,ERR,ERR,ERR,ERR,ERR,ERR,ERR,ERR,ERR,ERR,ERR,ERR,ERR,ERR,ERR,ERR,ERR,ERR,ERR,ERR,ERR,ERR,ERR,ERR,ERR,ERR,ERR,ERR,ERR,ERR,ERR,ERR,ERR,0.0,-107615328.0,0.0,0.0,0.0,1.3936040501711995e+18,7.805,0.0,0,0,4,0,7300,-0.0,0,0.0,0.0,0.0,0.0,0.0,0,0,0,0,0.0,0,0,0,0,0,0,0,0,0,0,0,0,0,0,0,0,0,0,0,0,0,0,0,0,0,0,0,0,0,0,0,0,0,32,30,30,62,65476,0,300,0,0,8,21553,0.0,-107605600.0,0.0,0.0,0.0,0.0,0.0,0.0,0.0,0.0,0.0,0.0,0.0,0.0,0.0,0.0,0.0,0.0,0.0,0.0,0.0,0.0,2.004,0.0,-0.0,-2.004,0.0,0.0,0.0,0.0,5447.0,0.0,6945.0,0.0,-107615328.0,-107615280.0,-0.0,0.0,0.0,0.0,0.0,63,2.3088396621844998e+20,-0.0,0.0,0.0,0.0,0.0,0.0,0.0,0.0,0,0,0,0.0,0.0,0.0,0.0,0.0,0.0,0.0,0.0,0.0,0.0,0.0,0.0,0.0,0.0,0.0,0.0,0,-107875648.0,63,0.0,126,2.7184242562605685e+23,-0.0,ERR,ERR,ERR,ERR,ERR,ERR,ERR,ERR,ERR,ERR,ERR,ERR,ERR,ERR,ERR,ERR,ERR,ERR,ERR,ERR,ERR,ERR,ERR,ERR,ERR,ERR,ERR,ERR,ERR,ERR,ERR,ERR,ERR,ERR,ERR,ERR,ERR,ERR,ERR,ERR,ERR,ERR,ERR,ERR,ERR,ERR,ERR,ERR,ERR,ERR,ERR,ERR,ERR,ERR,ERR,ERR,ERR,ERR,ERR,ERR,ERR,ERR,ERR,ERR,ERR,ERR,ERR,34.0,80.0,35,0.0,0.0,0.0,0.0,0.0,0.0,0.0,0.0,0.0,0.0,0.0,0.0,0.0,0.0,0.0,0.0,64.4,0,116,56,50,65476,0,300,0,0,8,20529,65476,0,0,57672,80.0,0.0,0.0,0.0,0.0,0.0
2026-06-17T04:27:17,ERR,ERR,ERR,ERR,ERR,ERR,ERR,ERR,ERR,ERR,ERR,ERR,ERR,ERR,ERR,ERR,ERR,ERR,ERR,ERR,ERR,ERR,ERR,ERR,ERR,ERR,ERR,ERR,ERR,ERR,ERR,ERR,ERR,ERR,ERR,ERR,ERR,ERR,ERR,ERR,ERR,ERR,ERR,ERR,ERR,ERR,ERR,ERR,ERR,ERR,ERR,ERR,ERR,ERR,ERR,ERR,ERR,ERR,ERR,ERR,ERR,ERR,ERR,ERR,ERR,ERR,ERR,ERR,ERR,ERR,ERR,ERR,ERR,ERR,ERR,ERR,ERR,ERR,ERR,ERR,ERR,ERR,ERR,ERR,ERR,ERR,ERR,ERR,ERR,ERR,ERR,ERR,ERR,ERR,ERR,ERR,ERR,ERR,ERR,ERR,ERR,ERR,ERR,ERR,ERR,ERR,ERR,ERR,ERR,ERR,ERR,ERR,ERR,ERR,ERR,ERR,ERR,ERR,ERR,ERR,ERR,ERR,ERR,ERR,ERR,0.0,-107615328.0,0.0,0.0,0.0,1.3936040501711995e+18,7.805,0.0,0,0,4,0,7300,-0.0,0,0.0,0.0,0.0,0.0,0.0,0,0,0,0,0.0,0,0,0,0,0,0,0,0,0,0,0,0,0,0,0,0,0,0,0,0,0,0,0,0,0,0,0,0,0,0,0,0,0,32,30,30,62,65476,0,300,0,0,8,21553,0.0,-107605600.0,0.0,0.0,0.0,0.0,0.0,0.0,0.0,0.0,0.0,0.0,0.0,0.0,0.0,0.0,0.0,0.0,0.0,0.0,0.0,0.0,2.004,0.0,-0.0,-2.004,0.0,0.0,0.0,0.0,5447.0,0.0,6945.0,0.0,-107615328.0,-107615280.0,-0.0,0.0,0.0,0.0,0.0,63,2.3088396621844998e+20,-0.0,0.0,0.0,0.0,0.0,0.0,0.0,0.0,0,0,0,0.0,0.0,0.0,0.0,0.0,0.0,0.0,0.0,0.0,0.0,0.0,0.0,0.0,0.0,0.0,0.0,0,-107875648.0,63,0.0,126,2.7184242562605685e+23,-0.0,ERR,ERR,ERR,ERR,ERR,ERR,ERR,ERR,ERR,ERR,ERR,ERR,ERR,ERR,ERR,ERR,ERR,ERR,ERR,ERR,ERR,ERR,ERR,ERR,ERR,ERR,ERR,ERR,ERR,ERR,ERR,ERR,ERR,ERR,ERR,ERR,ERR,ERR,ERR,ERR,ERR,ERR,ERR,ERR,ERR,ERR,ERR,ERR,ERR,ERR,ERR,ERR,ERR,ERR,ERR,ERR,ERR,ERR,ERR,ERR,ERR,ERR,ERR,ERR,ERR,ERR,ERR,34.0,80.0,35,0.0,0.0,0.0,0.0,0.0,0.0,0.0,0.0,0.0,0.0,0.0,0.0,0.0,0.0,0.0,0.0,64.4,0,116,56,50,65476,0,300,0,0,8,20529,65476,0,0,57672,80.0,0.0,0.0,0.0,0.0,0.0
2026-06-17T04:27:18,ERR,ERR,ERR,ERR,ERR,ERR,ERR,ERR,ERR,ERR,ERR,ERR,ERR,ERR,ERR,ERR,ERR,ERR,ERR,ERR,ERR,ERR,ERR,ERR,ERR,ERR,ERR,ERR,ERR,ERR,ERR,ERR,ERR,ERR,ERR,ERR,ERR,ERR,ERR,ERR,ERR,ERR,ERR,ERR,ERR,ERR,ERR,ERR,ERR,ERR,ERR,ERR,ERR,ERR,ERR,ERR,ERR,ERR,ERR,ERR,ERR,ERR,ERR,ERR,ERR,ERR,ERR,ERR,ERR,ERR,ERR,ERR,ERR,ERR,ERR,ERR,ERR,ERR,ERR,ERR,ERR,ERR,ERR,ERR,ERR,ERR,ERR,ERR,ERR,ERR,ERR,ERR,ERR,ERR,ERR,ERR,ERR,ERR,ERR,ERR,ERR,ERR,ERR,ERR,ERR,ERR,ERR,ERR,ERR,ERR,ERR,ERR,ERR,ERR,ERR,ERR,ERR,ERR,ERR,ERR,ERR,ERR,ERR,ERR,ERR,0.0,-107615328.0,0.0,0.0,0.0,1.3936040501711995e+18,7.805,0.0,0,0,4,0,7300,-0.0,0,0.0,0.0,0.0,0.0,0.0,0,0,0,0,0.0,0,0,0,0,0,0,0,0,0,0,0,0,0,0,0,0,0,0,0,0,0,0,0,0,0,0,0,0,0,0,0,0,0,32,30,30,62,65476,0,300,0,0,8,21553,0.0,-107605600.0,0.0,0.0,0.0,0.0,0.0,0.0,0.0,0.0,0.0,0.0,0.0,0.0,0.0,0.0,0.0,0.0,0.0,0.0,0.0,0.0,2.004,0.0,-0.0,-2.004,0.0,0.0,0.0,0.0,5447.0,0.0,6945.0,0.0,-107615328.0,-107615280.0,-0.0,0.0,0.0,0.0,0.0,63,2.3088396621844998e+20,-0.0,0.0,0.0,0.0,0.0,0.0,0.0,0.0,0,0,0,0.0,0.0,0.0,0.0,0.0,0.0,0.0,0.0,0.0,0.0,0.0,0.0,0.0,0.0,0.0,0.0,0,-107875648.0,63,0.0,126,2.7184242562605685e+23,-0.0,ERR,ERR,ERR,ERR,ERR,ERR,ERR,ERR,ERR,ERR,ERR,ERR,ERR,ERR,ERR,ERR,ERR,ERR,ERR,ERR,ERR,ERR,ERR,ERR,ERR,ERR,ERR,ERR,ERR,ERR,ERR,ERR,ERR,ERR,ERR,ERR,ERR,ERR,ERR,ERR,ERR,ERR,ERR,ERR,ERR,ERR,ERR,ERR,ERR,ERR,ERR,ERR,ERR,ERR,ERR,ERR,ERR,ERR,ERR,ERR,ERR,ERR,ERR,ERR,ERR,ERR,ERR,34.0,80.0,35,0.0,0.0,0.0,0.0,0.0,0.0,0.0,0.0,0.0,0.0,0.0,0.0,0.0,0.0,0.0,0.0,64.4,0,116,56,50,65476,0,300,0,0,8,20529,65476,0,0,57672,80.0,0.0,0.0,0.0,0.0,0.0
2026-06-17T04:27:19,ERR,ERR,ERR,ERR,ERR,ERR,ERR,ERR,ERR,ERR,ERR,ERR,ERR,ERR,ERR,ERR,ERR,ERR,ERR,ERR,ERR,ERR,ERR,ERR,ERR,ERR,ERR,ERR,ERR,ERR,ERR,ERR,ERR,ERR,ERR,ERR,ERR,ERR,ERR,ERR,ERR,ERR,ERR,ERR,ERR,ERR,ERR,ERR,ERR,ERR,ERR,ERR,ERR,ERR,ERR,ERR,ERR,ERR,ERR,ERR,ERR,ERR,ERR,ERR,ERR,ERR,ERR,ERR,ERR,ERR,ERR,ERR,ERR,ERR,ERR,ERR,ERR,ERR,ERR,ERR,ERR,ERR,ERR,ERR,ERR,ERR,ERR,ERR,ERR,ERR,ERR,ERR,ERR,ERR,ERR,ERR,ERR,ERR,ERR,ERR,ERR,ERR,ERR,ERR,ERR,ERR,ERR,ERR,ERR,ERR,ERR,ERR,ERR,ERR,ERR,ERR,ERR,ERR,ERR,ERR,ERR,ERR,ERR,ERR,ERR,0.0,-107615328.0,0.0,0.0,0.0,1.3936040501711995e+18,7.805,0.0,0,0,4,0,7300,-0.0,0,0.0,0.0,0.0,0.0,0.0,0,0,0,0,0.0,0,0,0,0,0,0,0,0,0,0,0,0,0,0,0,0,0,0,0,0,0,0,0,0,0,0,0,0,0,0,0,0,0,32,30,30,62,65476,0,300,0,0,8,21553,0.0,-107605600.0,0.0,0.0,0.0,0.0,0.0,0.0,0.0,0.0,0.0,0.0,0.0,0.0,0.0,0.0,0.0,0.0,0.0,0.0,0.0,0.0,2.004,0.0,-0.0,-2.004,0.0,0.0,0.0,0.0,5447.0,0.0,6945.0,0.0,-107615328.0,-107615280.0,-0.0,0.0,0.0,0.0,0.0,63,2.3088396621844998e+20,-0.0,0.0,0.0,0.0,0.0,0.0,0.0,0.0,0,0,0,0.0,0.0,0.0,0.0,0.0,0.0,0.0,0.0,0.0,0.0,0.0,0.0,0.0,0.0,0.0,0.0,0,-107875648.0,63,0.0,126,2.7184242562605685e+23,-0.0,ERR,ERR,ERR,ERR,ERR,ERR,ERR,ERR,ERR,ERR,ERR,ERR,ERR,ERR,ERR,ERR,ERR,ERR,ERR,ERR,ERR,ERR,ERR,ERR,ERR,ERR,ERR,ERR,ERR,ERR,ERR,ERR,ERR,ERR,ERR,ERR,ERR,ERR,ERR,ERR,ERR,ERR,ERR,ERR,ERR,ERR,ERR,ERR,ERR,ERR,ERR,ERR,ERR,ERR,ERR,ERR,ERR,ERR,ERR,ERR,ERR,ERR,ERR,ERR,ERR,ERR,ERR,34.0,80.0,35,0.0,0.0,0.0,0.0,0.0,0.0,0.0,0.0,0.0,0.0,0.0,0.0,0.0,0.0,0.0,0.0,64.8,0,116,56,50,65476,0,300,0,0,8,20529,65476,0,0,57672,80.0,0.0,0.0,0.0,0.0,0.0
2026-06-17T04:27:20,ERR,ERR,ERR,ERR,ERR,ERR,ERR,ERR,ERR,ERR,ERR,ERR,ERR,ERR,ERR,ERR,ERR,ERR,ERR,ERR,ERR,ERR,ERR,ERR,ERR,ERR,ERR,ERR,ERR,ERR,ERR,ERR,ERR,ERR,ERR,ERR,ERR,ERR,ERR,ERR,ERR,ERR,ERR,ERR,ERR,ERR,ERR,ERR,ERR,ERR,ERR,ERR,ERR,ERR,ERR,ERR,ERR,ERR,ERR,ERR,ERR,ERR,ERR,ERR,ERR,ERR,ERR,ERR,ERR,ERR,ERR,ERR,ERR,ERR,ERR,ERR,ERR,ERR,ERR,ERR,ERR,ERR,ERR,ERR,ERR,ERR,ERR,ERR,ERR,ERR,ERR,ERR,ERR,ERR,ERR,ERR,ERR,ERR,ERR,ERR,ERR,ERR,ERR,ERR,ERR,ERR,ERR,ERR,ERR,ERR,ERR,ERR,ERR,ERR,ERR,ERR,ERR,ERR,ERR,ERR,ERR,ERR,ERR,ERR,ERR,0.0,-107615328.0,0.0,0.0,0.0,1.3936040501711995e+18,7.805,0.0,0,0,4,0,7300,-0.0,0,0.0,0.0,0.0,0.0,0.0,0,0,0,0,0.0,0,0,0,0,0,0,0,0,0,0,0,0,0,0,0,0,0,0,0,0,0,0,0,0,0,0,0,0,0,0,0,0,0,32,30,30,62,65476,0,300,0,0,8,21553,0.0,-107605600.0,0.0,0.0,0.0,0.0,0.0,0.0,0.0,0.0,0.0,0.0,0.0,0.0,0.0,0.0,0.0,0.0,0.0,0.0,0.0,0.0,2.004,0.0,-0.0,-2.004,0.0,0.0,0.0,0.0,5445.0,0.0,6946.0,0.0,-107615328.0,-107615280.0,-0.0,0.0,0.0,0.0,0.0,63,152018387730432.0,-0.0,0.0,0.0,0.0,0.0,0.0,0.0,0.0,0,0,0,0.0,0.0,0.0,0.0,0.0,0.0,0.0,0.0,0.0,0.0,0.0,0.0,0.0,0.0,0.0,0.0,0,-107875648.0,63,0.0,126,2.7184242562605685e+23,-0.0,ERR,ERR,ERR,ERR,ERR,ERR,ERR,ERR,ERR,ERR,ERR,ERR,ERR,ERR,ERR,ERR,ERR,ERR,ERR,ERR,ERR,ERR,ERR,ERR,ERR,ERR,ERR,ERR,ERR,ERR,ERR,ERR,ERR,ERR,ERR,ERR,ERR,ERR,ERR,ERR,ERR,ERR,ERR,ERR,ERR,ERR,ERR,ERR,ERR,ERR,ERR,ERR,ERR,ERR,ERR,ERR,ERR,ERR,ERR,ERR,ERR,ERR,ERR,ERR,ERR,ERR,ERR,34.0,80.0,35,0.0,0.0,0.0,0.0,0.0,0.0,0.0,0.0,0.0,0.0,0.0,0.0,0.0,0.0,0.0,0.0,64.8,0,116,56,50,65476,0,300,0,0,8,20529,65476,0,0,57672,80.0,0.0,0.0,0.0,0.0,0.0
2026-06-17T04:27:21,ERR,ERR,ERR,ERR,ERR,ERR,ERR,ERR,ERR,ERR,ERR,ERR,ERR,ERR,ERR,ERR,ERR,ERR,ERR,ERR,ERR,ERR,ERR,ERR,ERR,ERR,ERR,ERR,ERR,ERR,ERR,ERR,ERR,ERR,ERR,ERR,ERR,ERR,ERR,ERR,ERR,ERR,ERR,ERR,ERR,ERR,ERR,ERR,ERR,ERR,ERR,ERR,ERR,ERR,ERR,ERR,ERR,ERR,ERR,ERR,ERR,ERR,ERR,ERR,ERR,ERR,ERR,ERR,ERR,ERR,ERR,ERR,ERR,ERR,ERR,ERR,ERR,ERR,ERR,ERR,ERR,ERR,ERR,ERR,ERR,ERR,ERR,ERR,ERR,ERR,ERR,ERR,ERR,ERR,ERR,ERR,ERR,ERR,ERR,ERR,ERR,ERR,ERR,ERR,ERR,ERR,ERR,ERR,ERR,ERR,ERR,ERR,ERR,ERR,ERR,ERR,ERR,ERR,ERR,ERR,ERR,ERR,ERR,ERR,ERR,0.0,-107615328.0,0.0,0.0,0.0,1.3936040501711995e+18,7.805,0.0,0,0,4,0,7300,-0.0,0,0.0,0.0,0.0,0.0,0.0,0,0,0,0,0.0,0,0,0,0,0,0,0,0,0,0,0,0,0,0,0,0,0,0,0,0,0,0,0,0,0,0,0,0,0,0,0,0,0,32,30,30,62,65476,0,300,0,0,8,21553,0.0,-107605600.0,0.0,0.0,0.0,0.0,0.0,0.0,0.0,0.0,0.0,0.0,0.0,0.0,0.0,0.0,0.0,0.0,0.0,0.0,0.0,0.0,2.004,0.0,-0.0,-2.004,0.0,0.0,0.0,0.0,5445.0,0.0,6946.0,0.0,-107615328.0,-107615280.0,-0.0,0.0,0.0,0.0,0.0,63,152018387730432.0,-0.0,0.0,0.0,0.0,0.0,0.0,0.0,0.0,0,0,0,0.0,0.0,0.0,0.0,0.0,0.0,0.0,0.0,0.0,0.0,0.0,0.0,0.0,0.0,0.0,0.0,0,-107875648.0,63,0.0,126,2.7184242562605685e+23,-0.0,ERR,ERR,ERR,ERR,ERR,ERR,ERR,ERR,ERR,ERR,ERR,ERR,ERR,ERR,ERR,ERR,ERR,ERR,ERR,ERR,ERR,ERR,ERR,ERR,ERR,ERR,ERR,ERR,ERR,ERR,ERR,ERR,ERR,ERR,ERR,ERR,ERR,ERR,ERR,ERR,ERR,ERR,ERR,ERR,ERR,ERR,ERR,ERR,ERR,ERR,ERR,ERR,ERR,ERR,ERR,ERR,ERR,ERR,ERR,ERR,ERR,ERR,ERR,ERR,ERR,ERR,ERR,34.0,80.0,35,0.0,0.0,0.0,0.0,0.0,0.0,0.0,0.0,0.0,0.0,0.0,0.0,0.0,0.0,0.0,0.0,64.4,0,116,56,50,65476,0,300,0,0,8,20529,65476,0,0,57672,80.0,0.0,0.0,0.0,0.0,0.0
2026-06-17T04:27:22,ERR,ERR,ERR,ERR,ERR,ERR,ERR,ERR,ERR,ERR,ERR,ERR,ERR,ERR,ERR,ERR,ERR,ERR,ERR,ERR,ERR,ERR,ERR,ERR,ERR,ERR,ERR,ERR,ERR,ERR,ERR,ERR,ERR,ERR,ERR,ERR,ERR,ERR,ERR,ERR,ERR,ERR,ERR,ERR,ERR,ERR,ERR,ERR,ERR,ERR,ERR,ERR,ERR,ERR,ERR,ERR,ERR,ERR,ERR,ERR,ERR,ERR,ERR,ERR,ERR,ERR,ERR,ERR,ERR,ERR,ERR,ERR,ERR,ERR,ERR,ERR,ERR,ERR,ERR,ERR,ERR,ERR,ERR,ERR,ERR,ERR,ERR,ERR,ERR,ERR,ERR,ERR,ERR,ERR,ERR,ERR,ERR,ERR,ERR,ERR,ERR,ERR,ERR,ERR,ERR,ERR,ERR,ERR,ERR,ERR,ERR,ERR,ERR,ERR,ERR,ERR,ERR,ERR,ERR,ERR,ERR,ERR,ERR,ERR,ERR,0.0,-107615328.0,0.0,0.0,0.0,1.3936040501711995e+18,7.805,0.0,0,0,4,0,7300,-0.0,0,0.0,0.0,0.0,0.0,0.0,0,0,0,0,0.0,0,0,0,0,0,0,0,0,0,0,0,0,0,0,0,0,0,0,0,0,0,0,0,0,0,0,0,0,0,0,0,0,0,32,30,30,62,65476,0,300,0,0,8,21553,0.0,-107605600.0,0.0,0.0,0.0,0.0,0.0,0.0,0.0,0.0,0.0,0.0,0.0,0.0,0.0,0.0,0.0,0.0,0.0,0.0,0.0,0.0,2.004,0.0,-0.0,-2.004,0.0,0.0,0.0,0.0,5445.0,0.0,6946.0,0.0,-107615328.0,-107615280.0,-0.0,0.0,0.0,0.0,0.0,63,152018387730432.0,-0.0,0.0,0.0,0.0,0.0,0.0,0.0,0.0,0,0,0,0.0,0.0,0.0,0.0,0.0,0.0,0.0,0.0,0.0,0.0,0.0,0.0,0.0,0.0,0.0,0.0,0,-107875648.0,63,0.0,126,2.7184242562605685e+23,-0.0,ERR,ERR,ERR,ERR,ERR,ERR,ERR,ERR,ERR,ERR,ERR,ERR,ERR,ERR,ERR,ERR,ERR,ERR,ERR,ERR,ERR,ERR,ERR,ERR,ERR,ERR,ERR,ERR,ERR,ERR,ERR,ERR,ERR,ERR,ERR,ERR,ERR,ERR,ERR,ERR,ERR,ERR,ERR,ERR,ERR,ERR,ERR,ERR,ERR,ERR,ERR,ERR,ERR,ERR,ERR,ERR,ERR,ERR,ERR,ERR,ERR,ERR,ERR,ERR,ERR,ERR,ERR,34.0,80.0,35,0.0,0.0,0.0,0.0,0.0,0.0,0.0,0.0,0.0,0.0,0.0,0.0,0.0,0.0,0.0,0.0,64.4,0,116,56,50,65476,0,300,0,0,8,20529,65476,0,0,57672,80.0,0.0,0.0,0.0,0.0,0.0
2026-06-17T04:27:23,ERR,ERR,ERR,ERR,ERR,ERR,ERR,ERR,ERR,ERR,ERR,ERR,ERR,ERR,ERR,ERR,ERR,ERR,ERR,ERR,ERR,ERR,ERR,ERR,ERR,ERR,ERR,ERR,ERR,ERR,ERR,ERR,ERR,ERR,ERR,ERR,ERR,ERR,ERR,ERR,ERR,ERR,ERR,ERR,ERR,ERR,ERR,ERR,ERR,ERR,ERR,ERR,ERR,ERR,ERR,ERR,ERR,ERR,ERR,ERR,ERR,ERR,ERR,ERR,ERR,ERR,ERR,ERR,ERR,ERR,ERR,ERR,ERR,ERR,ERR,ERR,ERR,ERR,ERR,ERR,ERR,ERR,ERR,ERR,ERR,ERR,ERR,ERR,ERR,ERR,ERR,ERR,ERR,ERR,ERR,ERR,ERR,ERR,ERR,ERR,ERR,ERR,ERR,ERR,ERR,ERR,ERR,ERR,ERR,ERR,ERR,ERR,ERR,ERR,ERR,ERR,ERR,ERR,ERR,ERR,ERR,ERR,ERR,ERR,ERR,0.0,-107615328.0,0.0,0.0,0.0,1.3936040501711995e+18,7.805,0.0,0,0,4,0,7300,-0.0,0,0.0,0.0,0.0,0.0,0.0,0,0,0,0,0.0,0,0,0,0,0,0,0,0,0,0,0,0,0,0,0,0,0,0,0,0,0,0,0,0,0,0,0,0,0,0,0,0,0,32,30,30,62,65476,0,300,0,0,8,21553,0.0,-107605600.0,0.0,0.0,0.0,0.0,0.0,0.0,0.0,0.0,0.0,0.0,0.0,0.0,0.0,0.0,0.0,0.0,0.0,0.0,0.0,0.0,2.004,0.0,-0.0,-2.004,0.0,0.0,0.0,0.0,5445.0,0.0,6946.0,0.0,-107615328.0,-107615280.0,-0.0,0.0,0.0,0.0,0.0,63,152018387730432.0,-0.0,0.0,0.0,0.0,0.0,0.0,0.0,0.0,0,0,0,0.0,0.0,0.0,0.0,0.0,0.0,0.0,0.0,0.0,0.0,0.0,0.0,0.0,0.0,0.0,0.0,0,-107875648.0,63,0.0,126,2.7184242562605685e+23,-0.0,ERR,ERR,ERR,ERR,ERR,ERR,ERR,ERR,ERR,ERR,ERR,ERR,ERR,ERR,ERR,ERR,ERR,ERR,ERR,ERR,ERR,ERR,ERR,ERR,ERR,ERR,ERR,ERR,ERR,ERR,ERR,ERR,ERR,ERR,ERR,ERR,ERR,ERR,ERR,ERR,ERR,ERR,ERR,ERR,ERR,ERR,ERR,ERR,ERR,ERR,ERR,ERR,ERR,ERR,ERR,ERR,ERR,ERR,ERR,ERR,ERR,ERR,ERR,ERR,ERR,ERR,ERR,34.0,80.0,35,0.0,0.0,0.0,0.0,0.0,0.0,0.0,0.0,0.0,0.0,0.0,0.0,0.0,0.0,0.0,0.0,64.4,0,116,56,50,65476,0,300,0,0,8,20529,65476,0,0,57672,80.0,0.0,0.0,0.0,0.0,0.0
2026-06-17T04:27:24,ERR,ERR,ERR,ERR,ERR,ERR,ERR,ERR,ERR,ERR,ERR,ERR,ERR,ERR,ERR,ERR,ERR,ERR,ERR,ERR,ERR,ERR,ERR,ERR,ERR,ERR,ERR,ERR,ERR,ERR,ERR,ERR,ERR,ERR,ERR,ERR,ERR,ERR,ERR,ERR,ERR,ERR,ERR,ERR,ERR,ERR,ERR,ERR,ERR,ERR,ERR,ERR,ERR,ERR,ERR,ERR,ERR,ERR,ERR,ERR,ERR,ERR,ERR,ERR,ERR,ERR,ERR,ERR,ERR,ERR,ERR,ERR,ERR,ERR,ERR,ERR,ERR,ERR,ERR,ERR,ERR,ERR,ERR,ERR,ERR,ERR,ERR,ERR,ERR,ERR,ERR,ERR,ERR,ERR,ERR,ERR,ERR,ERR,ERR,ERR,ERR,ERR,ERR,ERR,ERR,ERR,ERR,ERR,ERR,ERR,ERR,ERR,ERR,ERR,ERR,ERR,ERR,ERR,ERR,ERR,ERR,ERR,ERR,ERR,ERR,0.0,-107615328.0,0.0,0.0,0.0,1.3936040501711995e+18,7.805,0.0,0,0,4,0,7300,-0.0,0,0.0,0.0,0.0,0.0,0.0,0,0,0,0,0.0,0,0,0,0,0,0,0,0,0,0,0,0,0,0,0,0,0,0,0,0,0,0,0,0,0,0,0,0,0,0,0,0,0,32,30,30,62,65476,0,300,0,0,8,21553,0.0,-107605600.0,0.0,0.0,0.0,0.0,0.0,0.0,0.0,0.0,0.0,0.0,0.0,0.0,0.0,0.0,0.0,0.0,0.0,0.0,0.0,0.0,2.004,0.0,-0.0,-2.004,0.0,0.0,0.0,0.0,5445.0,0.0,6946.0,0.0,-107615328.0,-107615280.0,-0.0,0.0,0.0,0.0,0.0,63,152018387730432.0,-0.0,0.0,0.0,0.0,0.0,0.0,0.0,0.0,0,0,0,0.0,0.0,0.0,0.0,0.0,0.0,0.0,0.0,0.0,0.0,0.0,0.0,0.0,0.0,0.0,0.0,0,-107875648.0,63,0.0,126,2.7184242562605685e+23,-0.0,ERR,ERR,ERR,ERR,ERR,ERR,ERR,ERR,ERR,ERR,ERR,ERR,ERR,ERR,ERR,ERR,ERR,ERR,ERR,ERR,ERR,ERR,ERR,ERR,ERR,ERR,ERR,ERR,ERR,ERR,ERR,ERR,ERR,ERR,ERR,ERR,ERR,ERR,ERR,ERR,ERR,ERR,ERR,ERR,ERR,ERR,ERR,ERR,ERR,ERR,ERR,ERR,ERR,ERR,ERR,ERR,ERR,ERR,ERR,ERR,ERR,ERR,ERR,ERR,ERR,ERR,ERR,34.0,80.0,35,0.0,0.0,0.0,0.0,0.0,0.0,0.0,0.0,0.0,0.0,0.0,0.0,0.0,0.0,0.0,0.0,64.4,0,116,56,50,65476,0,300,0,0,8,20529,65476,0,0,57672,80.0,0.0,0.0,0.0,0.0,0.0
2026-06-17T04:27:25,ERR,ERR,ERR,ERR,ERR,ERR,ERR,ERR,ERR,ERR,ERR,ERR,ERR,ERR,ERR,ERR,ERR,ERR,ERR,ERR,ERR,ERR,ERR,ERR,ERR,ERR,ERR,ERR,ERR,ERR,ERR,ERR,ERR,ERR,ERR,ERR,ERR,ERR,ERR,ERR,ERR,ERR,ERR,ERR,ERR,ERR,ERR,ERR,ERR,ERR,ERR,ERR,ERR,ERR,ERR,ERR,ERR,ERR,ERR,ERR,ERR,ERR,ERR,ERR,ERR,ERR,ERR,ERR,ERR,ERR,ERR,ERR,ERR,ERR,ERR,ERR,ERR,ERR,ERR,ERR,ERR,ERR,ERR,ERR,ERR,ERR,ERR,ERR,ERR,ERR,ERR,ERR,ERR,ERR,ERR,ERR,ERR,ERR,ERR,ERR,ERR,ERR,ERR,ERR,ERR,ERR,ERR,ERR,ERR,ERR,ERR,ERR,ERR,ERR,ERR,ERR,ERR,ERR,ERR,ERR,ERR,ERR,ERR,ERR,ERR,0.0,-107615328.0,0.0,0.0,0.0,1.3936040501711995e+18,7.805,0.0,0,0,4,0,7300,-0.0,0,0.0,0.0,0.0,0.0,0.0,0,0,0,0,0.0,0,0,0,0,0,0,0,0,0,0,0,0,0,0,0,0,0,0,0,0,0,0,0,0,0,0,0,0,0,0,0,0,0,32,30,30,62,65476,0,300,0,0,8,21553,0.0,-107605600.0,0.0,0.0,0.0,0.0,0.0,0.0,0.0,0.0,0.0,0.0,0.0,0.0,0.0,0.0,0.0,0.0,0.0,0.0,0.0,0.0,2.004,0.0,-0.0,-2.004,0.0,0.0,0.0,0.0,5413.0,-8608195584.0,6970.0,0.0,-107615328.0,-107615280.0,-0.0,0.0,0.0,0.0,0.0,63,152018387730432.0,1.905688843344937e+17,0.0,0.0,0.0,0.0,0.0,0.0,0.0,0,0,0,0.0,0.0,0.0,0.0,0.0,0.0,0.0,0.0,0.0,0.0,0.0,0.0,0.0,0.0,0.0,0.0,0,-107875648.0,63,0.0,126,2.7184242562605685e+23,-0.0,ERR,ERR,ERR,ERR,ERR,ERR,ERR,ERR,ERR,ERR,ERR,ERR,ERR,ERR,ERR,ERR,ERR,ERR,ERR,ERR,ERR,ERR,ERR,ERR,ERR,ERR,ERR,ERR,ERR,ERR,ERR,ERR,ERR,ERR,ERR,ERR,ERR,ERR,ERR,ERR,ERR,ERR,ERR,ERR,ERR,ERR,ERR,ERR,ERR,ERR,ERR,ERR,ERR,ERR,ERR,ERR,ERR,ERR,ERR,ERR,ERR,ERR,ERR,ERR,ERR,ERR,ERR,34.0,80.0,35,0.0,0.0,0.0,0.0,0.0,0.0,0.0,0.0,0.0,0.0,0.0,0.0,0.0,0.0,0.0,0.0,64.8,0,116,56,50,65476,0,300,0,0,8,20529,65476,0,0,57672,80.0,0.0,0.0,0.0,0.0,0.0
2026-06-17T04:27:26,ERR,ERR,ERR,ERR,ERR,ERR,ERR,ERR,ERR,ERR,ERR,ERR,ERR,ERR,ERR,ERR,ERR,ERR,ERR,ERR,ERR,ERR,ERR,ERR,ERR,ERR,ERR,ERR,ERR,ERR,ERR,ERR,ERR,ERR,ERR,ERR,ERR,ERR,ERR,ERR,ERR,ERR,ERR,ERR,ERR,ERR,ERR,ERR,ERR,ERR,ERR,ERR,ERR,ERR,ERR,ERR,ERR,ERR,ERR,ERR,ERR,ERR,ERR,ERR,ERR,ERR,ERR,ERR,ERR,ERR,ERR,ERR,ERR,ERR,ERR,ERR,ERR,ERR,ERR,ERR,ERR,ERR,ERR,ERR,ERR,ERR,ERR,ERR,ERR,ERR,ERR,ERR,ERR,ERR,ERR,ERR,ERR,ERR,ERR,ERR,ERR,ERR,ERR,ERR,ERR,ERR,ERR,ERR,ERR,ERR,ERR,ERR,ERR,ERR,ERR,ERR,ERR,ERR,ERR,ERR,ERR,ERR,ERR,ERR,ERR,0.0,-107615328.0,0.0,0.0,0.0,1.3936040501711995e+18,7.805,0.0,0,0,4,0,7300,-0.0,0,0.0,0.0,0.0,0.0,0.0,0,0,0,0,0.0,0,0,0,0,0,0,0,0,0,0,0,0,0,0,0,0,0,0,0,0,0,0,0,0,0,0,0,0,0,0,0,0,0,32,30,30,62,65476,0,300,0,0,8,21553,0.0,-107605600.0,0.0,0.0,0.0,0.0,0.0,0.0,0.0,0.0,0.0,0.0,0.0,0.0,0.0,0.0,0.0,0.0,0.0,0.0,0.0,0.0,2.004,0.0,-0.0,-2.004,0.0,0.0,0.0,0.0,5413.0,-8608195584.0,6970.0,0.0,-107615328.0,-107615280.0,-0.0,0.0,0.0,0.0,0.0,63,152018387730432.0,1.905688843344937e+17,0.0,0.0,0.0,0.0,0.0,0.0,0.0,0,0,0,0.0,0.0,0.0,0.0,0.0,0.0,0.0,0.0,0.0,0.0,0.0,0.0,0.0,0.0,0.0,0.0,0,-107875648.0,63,0.0,126,2.7184242562605685e+23,-0.0,ERR,ERR,ERR,ERR,ERR,ERR,ERR,ERR,ERR,ERR,ERR,ERR,ERR,ERR,ERR,ERR,ERR,ERR,ERR,ERR,ERR,ERR,ERR,ERR,ERR,ERR,ERR,ERR,ERR,ERR,ERR,ERR,ERR,ERR,ERR,ERR,ERR,ERR,ERR,ERR,ERR,ERR,ERR,ERR,ERR,ERR,ERR,ERR,ERR,ERR,ERR,ERR,ERR,ERR,ERR,ERR,ERR,ERR,ERR,ERR,ERR,ERR,ERR,ERR,ERR,ERR,ERR,34.0,80.0,35,0.0,0.0,0.0,0.0,0.0,0.0,0.0,0.0,0.0,0.0,0.0,0.0,0.0,0.0,0.0,0.0,64.8,0,116,56,50,65476,0,300,0,0,8,20529,65476,0,0,57672,80.0,0.0,0.0,0.0,0.0,0.0
2026-06-17T04:27:27,ERR,ERR,ERR,ERR,ERR,ERR,ERR,ERR,ERR,ERR,ERR,ERR,ERR,ERR,ERR,ERR,ERR,ERR,ERR,ERR,ERR,ERR,ERR,ERR,ERR,ERR,ERR,ERR,ERR,ERR,ERR,ERR,ERR,ERR,ERR,ERR,ERR,ERR,ERR,ERR,ERR,ERR,ERR,ERR,ERR,ERR,ERR,ERR,ERR,ERR,ERR,ERR,ERR,ERR,ERR,ERR,ERR,ERR,ERR,ERR,ERR,ERR,ERR,ERR,ERR,ERR,ERR,ERR,ERR,ERR,ERR,ERR,ERR,ERR,ERR,ERR,ERR,ERR,ERR,ERR,ERR,ERR,ERR,ERR,ERR,ERR,ERR,ERR,ERR,ERR,ERR,ERR,ERR,ERR,ERR,ERR,ERR,ERR,ERR,ERR,ERR,ERR,ERR,ERR,ERR,ERR,ERR,ERR,ERR,ERR,ERR,ERR,ERR,ERR,ERR,ERR,ERR,ERR,ERR,ERR,ERR,ERR,ERR,ERR,ERR,0.0,-107615328.0,0.0,0.0,0.0,1.3936040501711995e+18,7.805,0.0,0,0,4,0,7300,-0.0,0,0.0,0.0,0.0,0.0,0.0,0,0,0,0,0.0,0,0,0,0,0,0,0,0,0,0,0,0,0,0,0,0,0,0,0,0,0,0,0,0,0,0,0,0,0,0,0,0,0,32,30,30,62,65476,0,300,0,0,8,21553,0.0,-107605600.0,0.0,0.0,0.0,0.0,0.0,0.0,0.0,0.0,0.0,0.0,0.0,0.0,0.0,0.0,0.0,0.0,0.0,0.0,0.0,0.0,2.004,0.0,-0.0,-2.004,0.0,0.0,0.0,0.0,5413.0,-8608195584.0,6970.0,0.0,-107615328.0,-107615280.0,-0.0,0.0,0.0,0.0,0.0,63,152018387730432.0,1.905688843344937e+17,0.0,0.0,0.0,0.0,0.0,0.0,0.0,0,0,0,0.0,0.0,0.0,0.0,0.0,0.0,0.0,0.0,0.0,0.0,0.0,0.0,0.0,0.0,0.0,0.0,0,-107875648.0,63,0.0,126,2.7184242562605685e+23,-0.0,ERR,ERR,ERR,ERR,ERR,ERR,ERR,ERR,ERR,ERR,ERR,ERR,ERR,ERR,ERR,ERR,ERR,ERR,ERR,ERR,ERR,ERR,ERR,ERR,ERR,ERR,ERR,ERR,ERR,ERR,ERR,ERR,ERR,ERR,ERR,ERR,ERR,ERR,ERR,ERR,ERR,ERR,ERR,ERR,ERR,ERR,ERR,ERR,ERR,ERR,ERR,ERR,ERR,ERR,ERR,ERR,ERR,ERR,ERR,ERR,ERR,ERR,ERR,ERR,ERR,ERR,ERR,34.0,80.0,35,0.0,0.0,0.0,0.0,0.0,0.0,0.0,0.0,0.0,0.0,0.0,0.0,0.0,0.0,0.0,0.0,64.8,0,116,56,50,65476,0,300,0,0,8,20529,65476,0,0,57672,80.0,0.0,0.0,0.0,0.0,0.0
2026-06-17T04:27:28,ERR,ERR,ERR,ERR,ERR,ERR,ERR,ERR,ERR,ERR,ERR,ERR,ERR,ERR,ERR,ERR,ERR,ERR,ERR,ERR,ERR,ERR,ERR,ERR,ERR,ERR,ERR,ERR,ERR,ERR,ERR,ERR,ERR,ERR,ERR,ERR,ERR,ERR,ERR,ERR,ERR,ERR,ERR,ERR,ERR,ERR,ERR,ERR,ERR,ERR,ERR,ERR,ERR,ERR,ERR,ERR,ERR,ERR,ERR,ERR,ERR,ERR,ERR,ERR,ERR,ERR,ERR,ERR,ERR,ERR,ERR,ERR,ERR,ERR,ERR,ERR,ERR,ERR,ERR,ERR,ERR,ERR,ERR,ERR,ERR,ERR,ERR,ERR,ERR,ERR,ERR,ERR,ERR,ERR,ERR,ERR,ERR,ERR,ERR,ERR,ERR,ERR,ERR,ERR,ERR,ERR,ERR,ERR,ERR,ERR,ERR,ERR,ERR,ERR,ERR,ERR,ERR,ERR,ERR,ERR,ERR,ERR,ERR,ERR,ERR,0.0,-107615328.0,0.0,0.0,0.0,1.3936040501711995e+18,7.805,0.0,0,0,4,0,7300,-0.0,0,0.0,0.0,0.0,0.0,0.0,0,0,0,0,0.0,0,0,0,0,0,0,0,0,0,0,0,0,0,0,0,0,0,0,0,0,0,0,0,0,0,0,0,0,0,0,0,0,0,32,30,30,62,65476,0,300,0,0,8,21553,0.0,-107605600.0,0.0,0.0,0.0,0.0,0.0,0.0,0.0,0.0,0.0,0.0,0.0,0.0,0.0,0.0,0.0,0.0,0.0,0.0,0.0,0.0,2.004,0.0,-0.0,-2.004,0.0,0.0,0.0,0.0,5413.0,-8608195584.0,6970.0,0.0,-107615328.0,-107615280.0,-0.0,0.0,0.0,0.0,0.0,63,152018387730432.0,1.905688843344937e+17,0.0,0.0,0.0,0.0,0.0,0.0,0.0,0,0,0,0.0,0.0,0.0,0.0,0.0,0.0,0.0,0.0,0.0,0.0,0.0,0.0,0.0,0.0,0.0,0.0,0,-107875648.0,63,0.0,126,2.7184242562605685e+23,-0.0,ERR,ERR,ERR,ERR,ERR,ERR,ERR,ERR,ERR,ERR,ERR,ERR,ERR,ERR,ERR,ERR,ERR,ERR,ERR,ERR,ERR,ERR,ERR,ERR,ERR,ERR,ERR,ERR,ERR,ERR,ERR,ERR,ERR,ERR,ERR,ERR,ERR,ERR,ERR,ERR,ERR,ERR,ERR,ERR,ERR,ERR,ERR,ERR,ERR,ERR,ERR,ERR,ERR,ERR,ERR,ERR,ERR,ERR,ERR,ERR,ERR,ERR,ERR,ERR,ERR,ERR,ERR,34.0,80.0,35,0.0,0.0,0.0,0.0,0.0,0.0,0.0,0.0,0.0,0.0,0.0,0.0,0.0,0.0,0.0,0.0,64.4,0,116,56,50,65476,0,300,0,0,8,20529,65476,0,0,57672,80.0,0.0,0.0,0.0,0.0,0.0
2026-06-17T04:27:29,ERR,ERR,ERR,ERR,ERR,ERR,ERR,ERR,ERR,ERR,ERR,ERR,ERR,ERR,ERR,ERR,ERR,ERR,ERR,ERR,ERR,ERR,ERR,ERR,ERR,ERR,ERR,ERR,ERR,ERR,ERR,ERR,ERR,ERR,ERR,ERR,ERR,ERR,ERR,ERR,ERR,ERR,ERR,ERR,ERR,ERR,ERR,ERR,ERR,ERR,ERR,ERR,ERR,ERR,ERR,ERR,ERR,ERR,ERR,ERR,ERR,ERR,ERR,ERR,ERR,ERR,ERR,ERR,ERR,ERR,ERR,ERR,ERR,ERR,ERR,ERR,ERR,ERR,ERR,ERR,ERR,ERR,ERR,ERR,ERR,ERR,ERR,ERR,ERR,ERR,ERR,ERR,ERR,ERR,ERR,ERR,ERR,ERR,ERR,ERR,ERR,ERR,ERR,ERR,ERR,ERR,ERR,ERR,ERR,ERR,ERR,ERR,ERR,ERR,ERR,ERR,ERR,ERR,ERR,ERR,ERR,ERR,ERR,ERR,ERR,0.0,-107615328.0,0.0,0.0,0.0,1.3936040501711995e+18,7.805,0.0,0,0,4,0,7300,-0.0,0,0.0,0.0,0.0,0.0,0.0,0,0,0,0,0.0,0,0,0,0,0,0,0,0,0,0,0,0,0,0,0,0,0,0,0,0,0,0,0,0,0,0,0,0,0,0,0,0,0,32,30,30,62,65476,0,300,0,0,8,21553,0.0,-107605600.0,0.0,0.0,0.0,0.0,0.0,0.0,0.0,0.0,0.0,0.0,0.0,0.0,0.0,0.0,0.0,0.0,0.0,0.0,0.0,0.0,2.004,0.0,-0.0,-2.004,0.0,0.0,0.0,0.0,5413.0,-8608195584.0,6970.0,0.0,-107615328.0,-107615280.0,-0.0,0.0,0.0,0.0,0.0,63,152018387730432.0,1.905688843344937e+17,0.0,0.0,0.0,0.0,0.0,0.0,0.0,0,0,0,0.0,0.0,0.0,0.0,0.0,0.0,0.0,0.0,0.0,0.0,0.0,0.0,0.0,0.0,0.0,0.0,0,-107875648.0,63,0.0,126,2.7184242562605685e+23,-0.0,ERR,ERR,ERR,ERR,ERR,ERR,ERR,ERR,ERR,ERR,ERR,ERR,ERR,ERR,ERR,ERR,ERR,ERR,ERR,ERR,ERR,ERR,ERR,ERR,ERR,ERR,ERR,ERR,ERR,ERR,ERR,ERR,ERR,ERR,ERR,ERR,ERR,ERR,ERR,ERR,ERR,ERR,ERR,ERR,ERR,ERR,ERR,ERR,ERR,ERR,ERR,ERR,ERR,ERR,ERR,ERR,ERR,ERR,ERR,ERR,ERR,ERR,ERR,ERR,ERR,ERR,ERR,34.0,80.0,35,0.0,0.0,0.0,0.0,0.0,0.0,0.0,0.0,0.0,0.0,0.0,0.0,0.0,0.0,0.0,0.0,64.4,0,116,56,50,65476,0,300,0,0,8,20529,65476,0,0,57672,80.0,0.0,0.0,0.0,0.0,0.0
2026-06-17T04:27:30,ERR,ERR,ERR,ERR,ERR,ERR,ERR,ERR,ERR,ERR,ERR,ERR,ERR,ERR,ERR,ERR,ERR,ERR,ERR,ERR,ERR,ERR,ERR,ERR,ERR,ERR,ERR,ERR,ERR,ERR,ERR,ERR,ERR,ERR,ERR,ERR,ERR,ERR,ERR,ERR,ERR,ERR,ERR,ERR,ERR,ERR,ERR,ERR,ERR,ERR,ERR,ERR,ERR,ERR,ERR,ERR,ERR,ERR,ERR,ERR,ERR,ERR,ERR,ERR,ERR,ERR,ERR,ERR,ERR,ERR,ERR,ERR,ERR,ERR,ERR,ERR,ERR,ERR,ERR,ERR,ERR,ERR,ERR,ERR,ERR,ERR,ERR,ERR,ERR,ERR,ERR,ERR,ERR,ERR,ERR,ERR,ERR,ERR,ERR,ERR,ERR,ERR,ERR,ERR,ERR,ERR,ERR,ERR,ERR,ERR,ERR,ERR,ERR,ERR,ERR,ERR,ERR,ERR,ERR,ERR,ERR,ERR,ERR,ERR,ERR,0.0,-107615328.0,0.0,0.0,0.0,1.3936040501711995e+18,7.805,0.0,0,0,4,0,7300,-0.0,0,0.0,0.0,0.0,0.0,0.0,0,0,0,0,0.0,0,0,0,0,0,0,0,0,0,0,0,0,0,0,0,0,0,0,0,0,0,0,0,0,0,0,0,0,0,0,0,0,0,32,30,30,62,65476,0,300,0,0,8,21553,0.0,-107605600.0,0.0,0.0,0.0,0.0,0.0,0.0,0.0,0.0,0.0,0.0,0.0,0.0,0.0,0.0,0.0,0.0,0.0,0.0,0.0,0.0,2.004,0.0,-0.0,-2.004,0.0,0.0,0.0,0.0,5413.0,-0.0,6962.0,0.0,-107615328.0,-107615280.0,-0.0,0.0,0.0,0.0,0.0,63,152018387730432.0,0.0,0.0,0.0,0.0,0.0,0.0,0.0,0.0,0,0,0,0.0,0.0,0.0,0.0,0.0,0.0,0.0,0.0,0.0,0.0,0.0,0.0,0.0,0.0,0.0,0.0,0,-107875648.0,63,0.0,126,2.7184242562605685e+23,-0.0,ERR,ERR,ERR,ERR,ERR,ERR,ERR,ERR,ERR,ERR,ERR,ERR,ERR,ERR,ERR,ERR,ERR,ERR,ERR,ERR,ERR,ERR,ERR,ERR,ERR,ERR,ERR,ERR,ERR,ERR,ERR,ERR,ERR,ERR,ERR,ERR,ERR,ERR,ERR,ERR,ERR,ERR,ERR,ERR,ERR,ERR,ERR,ERR,ERR,ERR,ERR,ERR,ERR,ERR,ERR,ERR,ERR,ERR,ERR,ERR,ERR,ERR,ERR,ERR,ERR,ERR,ERR,34.0,80.0,35,0.0,0.0,0.0,0.0,0.0,0.0,0.0,0.0,0.0,0.0,0.0,0.0,0.0,0.0,0.0,0.0,64.8,0,116,56,50,65476,0,300,0,0,8,20529,65476,0,0,57672,80.0,0.0,0.0,0.0,0.0,0.0
2026-06-17T04:27:31,ERR,ERR,ERR,ERR,ERR,ERR,ERR,ERR,ERR,ERR,ERR,ERR,ERR,ERR,ERR,ERR,ERR,ERR,ERR,ERR,ERR,ERR,ERR,ERR,ERR,ERR,ERR,ERR,ERR,ERR,ERR,ERR,ERR,ERR,ERR,ERR,ERR,ERR,ERR,ERR,ERR,ERR,ERR,ERR,ERR,ERR,ERR,ERR,ERR,ERR,ERR,ERR,ERR,ERR,ERR,ERR,ERR,ERR,ERR,ERR,ERR,ERR,ERR,ERR,ERR,ERR,ERR,ERR,ERR,ERR,ERR,ERR,ERR,ERR,ERR,ERR,ERR,ERR,ERR,ERR,ERR,ERR,ERR,ERR,ERR,ERR,ERR,ERR,ERR,ERR,ERR,ERR,ERR,ERR,ERR,ERR,ERR,ERR,ERR,ERR,ERR,ERR,ERR,ERR,ERR,ERR,ERR,ERR,ERR,ERR,ERR,ERR,ERR,ERR,ERR,ERR,ERR,ERR,ERR,ERR,ERR,ERR,ERR,ERR,ERR,0.0,-107615328.0,0.0,0.0,0.0,1.3936040501711995e+18,7.805,0.0,0,0,4,0,7300,-0.0,0,0.0,0.0,0.0,0.0,0.0,0,0,0,0,0.0,0,0,0,0,0,0,0,0,0,0,0,0,0,0,0,0,0,0,0,0,0,0,0,0,0,0,0,0,0,0,0,0,0,32,30,30,62,65476,0,300,0,0,8,21553,0.0,-107605600.0,0.0,0.0,0.0,0.0,0.0,0.0,0.0,0.0,0.0,0.0,0.0,0.0,0.0,0.0,0.0,0.0,0.0,0.0,0.0,0.0,2.004,0.0,-0.0,-2.004,0.0,0.0,0.0,0.0,5413.0,-0.0,6962.0,0.0,-107615328.0,-107615280.0,-0.0,0.0,0.0,0.0,0.0,63,152018387730432.0,0.0,0.0,0.0,0.0,0.0,0.0,0.0,0.0,0,0,0,0.0,0.0,0.0,0.0,0.0,0.0,0.0,0.0,0.0,0.0,0.0,0.0,0.0,0.0,0.0,0.0,0,-107875648.0,63,0.0,126,2.7184242562605685e+23,-0.0,ERR,ERR,ERR,ERR,ERR,ERR,ERR,ERR,ERR,ERR,ERR,ERR,ERR,ERR,ERR,ERR,ERR,ERR,ERR,ERR,ERR,ERR,ERR,ERR,ERR,ERR,ERR,ERR,ERR,ERR,ERR,ERR,ERR,ERR,ERR,ERR,ERR,ERR,ERR,ERR,ERR,ERR,ERR,ERR,ERR,ERR,ERR,ERR,ERR,ERR,ERR,ERR,ERR,ERR,ERR,ERR,ERR,ERR,ERR,ERR,ERR,ERR,ERR,ERR,ERR,ERR,ERR,34.0,80.0,35,0.0,0.0,0.0,0.0,0.0,0.0,0.0,0.0,0.0,0.0,0.0,0.0,0.0,0.0,0.0,0.0,64.8,0,116,56,50,65476,0,300,0,0,8,20529,65476,0,0,57672,80.0,0.0,0.0,0.0,0.0,0.0
2026-06-17T04:27:32,ERR,ERR,ERR,ERR,ERR,ERR,ERR,ERR,ERR,ERR,ERR,ERR,ERR,ERR,ERR,ERR,ERR,ERR,ERR,ERR,ERR,ERR,ERR,ERR,ERR,ERR,ERR,ERR,ERR,ERR,ERR,ERR,ERR,ERR,ERR,ERR,ERR,ERR,ERR,ERR,ERR,ERR,ERR,ERR,ERR,ERR,ERR,ERR,ERR,ERR,ERR,ERR,ERR,ERR,ERR,ERR,ERR,ERR,ERR,ERR,ERR,ERR,ERR,ERR,ERR,ERR,ERR,ERR,ERR,ERR,ERR,ERR,ERR,ERR,ERR,ERR,ERR,ERR,ERR,ERR,ERR,ERR,ERR,ERR,ERR,ERR,ERR,ERR,ERR,ERR,ERR,ERR,ERR,ERR,ERR,ERR,ERR,ERR,ERR,ERR,ERR,ERR,ERR,ERR,ERR,ERR,ERR,ERR,ERR,ERR,ERR,ERR,ERR,ERR,ERR,ERR,ERR,ERR,ERR,ERR,ERR,ERR,ERR,ERR,ERR,0.0,-107615328.0,0.0,0.0,0.0,1.3936040501711995e+18,7.805,0.0,0,0,4,0,7300,-0.0,0,0.0,0.0,0.0,0.0,0.0,0,0,0,0,0.0,0,0,0,0,0,0,0,0,0,0,0,0,0,0,0,0,0,0,0,0,0,0,0,0,0,0,0,0,0,0,0,0,0,32,30,30,62,65476,0,300,0,0,8,21553,0.0,-107605600.0,0.0,0.0,0.0,0.0,0.0,0.0,0.0,0.0,0.0,0.0,0.0,0.0,0.0,0.0,0.0,0.0,0.0,0.0,0.0,0.0,2.004,0.0,-0.0,-2.004,0.0,0.0,0.0,0.0,5413.0,-0.0,6962.0,0.0,-107615328.0,-107615280.0,-0.0,0.0,0.0,0.0,0.0,63,152018387730432.0,0.0,0.0,0.0,0.0,0.0,0.0,0.0,0.0,0,0,0,0.0,0.0,0.0,0.0,0.0,0.0,0.0,0.0,0.0,0.0,0.0,0.0,0.0,0.0,0.0,0.0,0,-107875648.0,63,0.0,126,2.7184242562605685e+23,-0.0,ERR,ERR,ERR,ERR,ERR,ERR,ERR,ERR,ERR,ERR,ERR,ERR,ERR,ERR,ERR,ERR,ERR,ERR,ERR,ERR,ERR,ERR,ERR,ERR,ERR,ERR,ERR,ERR,ERR,ERR,ERR,ERR,ERR,ERR,ERR,ERR,ERR,ERR,ERR,ERR,ERR,ERR,ERR,ERR,ERR,ERR,ERR,ERR,ERR,ERR,ERR,ERR,ERR,ERR,ERR,ERR,ERR,ERR,ERR,ERR,ERR,ERR,ERR,ERR,ERR,ERR,ERR,34.0,80.0,35,0.0,0.0,0.0,0.0,0.0,0.0,0.0,0.0,0.0,0.0,0.0,0.0,0.0,0.0,0.0,0.0,64.4,0,116,56,50,65476,0,300,0,0,8,20529,65476,0,0,57672,80.0,0.0,0.0,0.0,0.0,0.0
2026-06-17T04:27:33,ERR,ERR,ERR,ERR,ERR,ERR,ERR,ERR,ERR,ERR,ERR,ERR,ERR,ERR,ERR,ERR,ERR,ERR,ERR,ERR,ERR,ERR,ERR,ERR,ERR,ERR,ERR,ERR,ERR,ERR,ERR,ERR,ERR,ERR,ERR,ERR,ERR,ERR,ERR,ERR,ERR,ERR,ERR,ERR,ERR,ERR,ERR,ERR,ERR,ERR,ERR,ERR,ERR,ERR,ERR,ERR,ERR,ERR,ERR,ERR,ERR,ERR,ERR,ERR,ERR,ERR,ERR,ERR,ERR,ERR,ERR,ERR,ERR,ERR,ERR,ERR,ERR,ERR,ERR,ERR,ERR,ERR,ERR,ERR,ERR,ERR,ERR,ERR,ERR,ERR,ERR,ERR,ERR,ERR,ERR,ERR,ERR,ERR,ERR,ERR,ERR,ERR,ERR,ERR,ERR,ERR,ERR,ERR,ERR,ERR,ERR,ERR,ERR,ERR,ERR,ERR,ERR,ERR,ERR,ERR,ERR,ERR,ERR,ERR,ERR,0.0,-107615328.0,0.0,0.0,0.0,1.3936040501711995e+18,7.805,0.0,0,0,4,0,7300,-0.0,0,0.0,0.0,0.0,0.0,0.0,0,0,0,0,0.0,0,0,0,0,0,0,0,0,0,0,0,0,0,0,0,0,0,0,0,0,0,0,0,0,0,0,0,0,0,0,0,0,0,32,30,30,62,65476,0,300,0,0,8,21553,0.0,-107605600.0,0.0,0.0,0.0,0.0,0.0,0.0,0.0,0.0,0.0,0.0,0.0,0.0,0.0,0.0,0.0,0.0,0.0,0.0,0.0,0.0,2.004,0.0,-0.0,-2.004,0.0,0.0,0.0,0.0,5413.0,-0.0,6962.0,0.0,-107615328.0,-107615280.0,-0.0,0.0,0.0,0.0,0.0,63,152018387730432.0,0.0,0.0,0.0,0.0,0.0,0.0,0.0,0.0,0,0,0,0.0,0.0,0.0,0.0,0.0,0.0,0.0,0.0,0.0,0.0,0.0,0.0,0.0,0.0,0.0,0.0,0,-107875648.0,63,0.0,126,2.7184242562605685e+23,-0.0,ERR,ERR,ERR,ERR,ERR,ERR,ERR,ERR,ERR,ERR,ERR,ERR,ERR,ERR,ERR,ERR,ERR,ERR,ERR,ERR,ERR,ERR,ERR,ERR,ERR,ERR,ERR,ERR,ERR,ERR,ERR,ERR,ERR,ERR,ERR,ERR,ERR,ERR,ERR,ERR,ERR,ERR,ERR,ERR,ERR,ERR,ERR,ERR,ERR,ERR,ERR,ERR,ERR,ERR,ERR,ERR,ERR,ERR,ERR,ERR,ERR,ERR,ERR,ERR,ERR,ERR,ERR,34.0,80.0,35,0.0,0.0,0.0,0.0,0.0,0.0,0.0,0.0,0.0,0.0,0.0,0.0,0.0,0.0,0.0,0.0,64.4,0,116,56,50,65476,0,300,0,0,8,20529,65476,0,0,57672,80.0,0.0,0.0,0.0,0.0,0.0
2026-06-17T04:27:34,ERR,ERR,ERR,ERR,ERR,ERR,ERR,ERR,ERR,ERR,ERR,ERR,ERR,ERR,ERR,ERR,ERR,ERR,ERR,ERR,ERR,ERR,ERR,ERR,ERR,ERR,ERR,ERR,ERR,ERR,ERR,ERR,ERR,ERR,ERR,ERR,ERR,ERR,ERR,ERR,ERR,ERR,ERR,ERR,ERR,ERR,ERR,ERR,ERR,ERR,ERR,ERR,ERR,ERR,ERR,ERR,ERR,ERR,ERR,ERR,ERR,ERR,ERR,ERR,ERR,ERR,ERR,ERR,ERR,ERR,ERR,ERR,ERR,ERR,ERR,ERR,ERR,ERR,ERR,ERR,ERR,ERR,ERR,ERR,ERR,ERR,ERR,ERR,ERR,ERR,ERR,ERR,ERR,ERR,ERR,ERR,ERR,ERR,ERR,ERR,ERR,ERR,ERR,ERR,ERR,ERR,ERR,ERR,ERR,ERR,ERR,ERR,ERR,ERR,ERR,ERR,ERR,ERR,ERR,ERR,ERR,ERR,ERR,ERR,ERR,0.0,-107615328.0,0.0,0.0,0.0,1.3936040501711995e+18,7.805,0.0,0,0,4,0,7300,-0.0,0,0.0,0.0,0.0,0.0,0.0,0,0,0,0,0.0,0,0,0,0,0,0,0,0,0,0,0,0,0,0,0,0,0,0,0,0,0,0,0,0,0,0,0,0,0,0,0,0,0,32,30,30,62,65476,0,300,0,0,8,21553,0.0,-107605600.0,0.0,0.0,0.0,0.0,0.0,0.0,0.0,0.0,0.0,0.0,0.0,0.0,0.0,0.0,0.0,0.0,0.0,0.0,0.0,0.0,2.004,0.0,-0.0,-2.004,0.0,0.0,0.0,0.0,5413.0,-0.0,6962.0,0.0,-107615328.0,-107615280.0,-0.0,0.0,0.0,0.0,0.0,63,152018387730432.0,0.0,0.0,0.0,0.0,0.0,0.0,0.0,0.0,0,0,0,0.0,0.0,0.0,0.0,0.0,0.0,0.0,0.0,0.0,0.0,0.0,0.0,0.0,0.0,0.0,0.0,0,-107875648.0,63,0.0,126,2.7184242562605685e+23,-0.0,ERR,ERR,ERR,ERR,ERR,ERR,ERR,ERR,ERR,ERR,ERR,ERR,ERR,ERR,ERR,ERR,ERR,ERR,ERR,ERR,ERR,ERR,ERR,ERR,ERR,ERR,ERR,ERR,ERR,ERR,ERR,ERR,ERR,ERR,ERR,ERR,ERR,ERR,ERR,ERR,ERR,ERR,ERR,ERR,ERR,ERR,ERR,ERR,ERR,ERR,ERR,ERR,ERR,ERR,ERR,ERR,ERR,ERR,ERR,ERR,ERR,ERR,ERR,ERR,ERR,ERR,ERR,34.0,80.0,35,0.0,0.0,0.0,0.0,0.0,0.0,0.0,0.0,0.0,0.0,0.0,0.0,0.0,0.0,0.0,0.0,64.4,0,116,56,50,65476,0,300,0,0,8,20529,65476,0,0,57672,80.0,0.0,0.0,0.0,0.0,0.0
2026-06-17T04:27:35,ERR,ERR,ERR,ERR,ERR,ERR,ERR,ERR,ERR,ERR,ERR,ERR,ERR,ERR,ERR,ERR,ERR,ERR,ERR,ERR,ERR,ERR,ERR,ERR,ERR,ERR,ERR,ERR,ERR,ERR,ERR,ERR,ERR,ERR,ERR,ERR,ERR,ERR,ERR,ERR,ERR,ERR,ERR,ERR,ERR,ERR,ERR,ERR,ERR,ERR,ERR,ERR,ERR,ERR,ERR,ERR,ERR,ERR,ERR,ERR,ERR,ERR,ERR,ERR,ERR,ERR,ERR,ERR,ERR,ERR,ERR,ERR,ERR,ERR,ERR,ERR,ERR,ERR,ERR,ERR,ERR,ERR,ERR,ERR,ERR,ERR,ERR,ERR,ERR,ERR,ERR,ERR,ERR,ERR,ERR,ERR,ERR,ERR,ERR,ERR,ERR,ERR,ERR,ERR,ERR,ERR,ERR,ERR,ERR,ERR,ERR,ERR,ERR,ERR,ERR,ERR,ERR,ERR,ERR,ERR,ERR,ERR,ERR,ERR,ERR,0.0,-107615328.0,0.0,0.0,0.0,1.3936040501711995e+18,7.805,0.0,0,0,4,0,7300,-0.0,0,0.0,0.0,0.0,0.0,0.0,0,0,0,0,0.0,0,0,0,0,0,0,0,0,0,0,0,0,0,0,0,0,0,0,0,0,0,0,0,0,0,0,0,0,0,0,0,0,0,32,30,30,62,65476,0,300,0,0,8,21553,0.0,-107605600.0,0.0,0.0,0.0,0.0,0.0,0.0,0.0,0.0,0.0,0.0,0.0,0.0,0.0,0.0,0.0,0.0,0.0,0.0,0.0,0.0,2.004,0.0,-0.0,-2.004,0.0,0.0,0.0,0.0,5415.0,0.0,6951.0,0.0,-107615328.0,-107615280.0,-0.0,0.0,0.0,0.0,0.0,63,2.3088396621844998e+20,-0.0,0.0,0.0,0.0,0.0,0.0,0.0,0.0,0,0,0,0.0,0.0,0.0,0.0,0.0,0.0,0.0,0.0,0.0,0.0,0.0,0.0,0.0,0.0,0.0,0.0,0,-107875648.0,63,0.0,126,2.7184242562605685e+23,-0.0,ERR,ERR,ERR,ERR,ERR,ERR,ERR,ERR,ERR,ERR,ERR,ERR,ERR,ERR,ERR,ERR,ERR,ERR,ERR,ERR,ERR,ERR,ERR,ERR,ERR,ERR,ERR,ERR,ERR,ERR,ERR,ERR,ERR,ERR,ERR,ERR,ERR,ERR,ERR,ERR,ERR,ERR,ERR,ERR,ERR,ERR,ERR,ERR,ERR,ERR,ERR,ERR,ERR,ERR,ERR,ERR,ERR,ERR,ERR,ERR,ERR,ERR,ERR,ERR,ERR,ERR,ERR,34.0,80.0,35,0.0,0.0,0.0,0.0,0.0,0.0,0.0,0.0,0.0,0.0,0.0,0.0,0.0,0.0,0.0,0.0,64.4,0,116,56,50,65476,0,300,0,0,8,20529,65476,0,0,57672,80.0,0.0,0.0,0.0,0.0,0.0
2026-06-17T04:27:36,ERR,ERR,ERR,ERR,ERR,ERR,ERR,ERR,ERR,ERR,ERR,ERR,ERR,ERR,ERR,ERR,ERR,ERR,ERR,ERR,ERR,ERR,ERR,ERR,ERR,ERR,ERR,ERR,ERR,ERR,ERR,ERR,ERR,ERR,ERR,ERR,ERR,ERR,ERR,ERR,ERR,ERR,ERR,ERR,ERR,ERR,ERR,ERR,ERR,ERR,ERR,ERR,ERR,ERR,ERR,ERR,ERR,ERR,ERR,ERR,ERR,ERR,ERR,ERR,ERR,ERR,ERR,ERR,ERR,ERR,ERR,ERR,ERR,ERR,ERR,ERR,ERR,ERR,ERR,ERR,ERR,ERR,ERR,ERR,ERR,ERR,ERR,ERR,ERR,ERR,ERR,ERR,ERR,ERR,ERR,ERR,ERR,ERR,ERR,ERR,ERR,ERR,ERR,ERR,ERR,ERR,ERR,ERR,ERR,ERR,ERR,ERR,ERR,ERR,ERR,ERR,ERR,ERR,ERR,ERR,ERR,ERR,ERR,ERR,ERR,0.0,-107615328.0,0.0,0.0,0.0,1.3936040501711995e+18,7.805,0.0,0,0,4,0,7300,-0.0,0,0.0,0.0,0.0,0.0,0.0,0,0,0,0,0.0,0,0,0,0,0,0,0,0,0,0,0,0,0,0,0,0,0,0,0,0,0,0,0,0,0,0,0,0,0,0,0,0,0,32,30,30,62,65476,0,300,0,0,8,21553,0.0,-107605600.0,0.0,0.0,0.0,0.0,0.0,0.0,0.0,0.0,0.0,0.0,0.0,0.0,0.0,0.0,0.0,0.0,0.0,0.0,0.0,0.0,2.004,0.0,-0.0,-2.004,0.0,0.0,0.0,0.0,5415.0,0.0,6951.0,0.0,-107615328.0,-107615280.0,-0.0,0.0,0.0,0.0,0.0,63,2.3088396621844998e+20,-0.0,0.0,0.0,0.0,0.0,0.0,0.0,0.0,0,0,0,0.0,0.0,0.0,0.0,0.0,0.0,0.0,0.0,0.0,0.0,0.0,0.0,0.0,0.0,0.0,0.0,0,-107875648.0,63,0.0,126,2.7184242562605685e+23,-0.0,ERR,ERR,ERR,ERR,ERR,ERR,ERR,ERR,ERR,ERR,ERR,ERR,ERR,ERR,ERR,ERR,ERR,ERR,ERR,ERR,ERR,ERR,ERR,ERR,ERR,ERR,ERR,ERR,ERR,ERR,ERR,ERR,ERR,ERR,ERR,ERR,ERR,ERR,ERR,ERR,ERR,ERR,ERR,ERR,ERR,ERR,ERR,ERR,ERR,ERR,ERR,ERR,ERR,ERR,ERR,ERR,ERR,ERR,ERR,ERR,ERR,ERR,ERR,ERR,ERR,ERR,ERR,34.0,80.0,35,0.0,0.0,0.0,0.0,0.0,0.0,0.0,0.0,0.0,0.0,0.0,0.0,0.0,0.0,0.0,0.0,64.4,0,116,56,50,65476,0,300,0,0,8,20529,65476,0,0,57672,80.0,0.0,0.0,0.0,0.0,0.0
2026-06-17T04:27:37,ERR,ERR,ERR,ERR,ERR,ERR,ERR,ERR,ERR,ERR,ERR,ERR,ERR,ERR,ERR,ERR,ERR,ERR,ERR,ERR,ERR,ERR,ERR,ERR,ERR,ERR,ERR,ERR,ERR,ERR,ERR,ERR,ERR,ERR,ERR,ERR,ERR,ERR,ERR,ERR,ERR,ERR,ERR,ERR,ERR,ERR,ERR,ERR,ERR,ERR,ERR,ERR,ERR,ERR,ERR,ERR,ERR,ERR,ERR,ERR,ERR,ERR,ERR,ERR,ERR,ERR,ERR,ERR,ERR,ERR,ERR,ERR,ERR,ERR,ERR,ERR,ERR,ERR,ERR,ERR,ERR,ERR,ERR,ERR,ERR,ERR,ERR,ERR,ERR,ERR,ERR,ERR,ERR,ERR,ERR,ERR,ERR,ERR,ERR,ERR,ERR,ERR,ERR,ERR,ERR,ERR,ERR,ERR,ERR,ERR,ERR,ERR,ERR,ERR,ERR,ERR,ERR,ERR,ERR,ERR,ERR,ERR,ERR,ERR,ERR,0.0,-107615328.0,0.0,0.0,0.0,1.3936040501711995e+18,7.805,0.0,0,0,4,0,7300,-0.0,0,0.0,0.0,0.0,0.0,0.0,0,0,0,0,0.0,0,0,0,0,0,0,0,0,0,0,0,0,0,0,0,0,0,0,0,0,0,0,0,0,0,0,0,0,0,0,0,0,0,32,30,30,62,65476,0,300,0,0,8,21553,0.0,-107605600.0,0.0,0.0,0.0,0.0,0.0,0.0,0.0,0.0,0.0,0.0,0.0,0.0,0.0,0.0,0.0,0.0,0.0,0.0,0.0,0.0,2.004,0.0,-0.0,-2.004,0.0,0.0,0.0,0.0,5415.0,0.0,6951.0,0.0,-107615328.0,-107615280.0,-0.0,0.0,0.0,0.0,0.0,63,2.3088396621844998e+20,-0.0,0.0,0.0,0.0,0.0,0.0,0.0,0.0,0,0,0,0.0,0.0,0.0,0.0,0.0,0.0,0.0,0.0,0.0,0.0,0.0,0.0,0.0,0.0,0.0,0.0,0,-107875648.0,63,0.0,126,2.7184242562605685e+23,-0.0,ERR,ERR,ERR,ERR,ERR,ERR,ERR,ERR,ERR,ERR,ERR,ERR,ERR,ERR,ERR,ERR,ERR,ERR,ERR,ERR,ERR,ERR,ERR,ERR,ERR,ERR,ERR,ERR,ERR,ERR,ERR,ERR,ERR,ERR,ERR,ERR,ERR,ERR,ERR,ERR,ERR,ERR,ERR,ERR,ERR,ERR,ERR,ERR,ERR,ERR,ERR,ERR,ERR,ERR,ERR,ERR,ERR,ERR,ERR,ERR,ERR,ERR,ERR,ERR,ERR,ERR,ERR,34.0,80.0,35,0.0,0.0,0.0,0.0,0.0,0.0,0.0,0.0,0.0,0.0,0.0,0.0,0.0,0.0,0.0,0.0,64.8,0,116,56,50,65476,0,300,0,0,8,20529,65476,0,0,57672,80.0,0.0,0.0,0.0,0.0,0.0
2026-06-17T04:27:38,ERR,ERR,ERR,ERR,ERR,ERR,ERR,ERR,ERR,ERR,ERR,ERR,ERR,ERR,ERR,ERR,ERR,ERR,ERR,ERR,ERR,ERR,ERR,ERR,ERR,ERR,ERR,ERR,ERR,ERR,ERR,ERR,ERR,ERR,ERR,ERR,ERR,ERR,ERR,ERR,ERR,ERR,ERR,ERR,ERR,ERR,ERR,ERR,ERR,ERR,ERR,ERR,ERR,ERR,ERR,ERR,ERR,ERR,ERR,ERR,ERR,ERR,ERR,ERR,ERR,ERR,ERR,ERR,ERR,ERR,ERR,ERR,ERR,ERR,ERR,ERR,ERR,ERR,ERR,ERR,ERR,ERR,ERR,ERR,ERR,ERR,ERR,ERR,ERR,ERR,ERR,ERR,ERR,ERR,ERR,ERR,ERR,ERR,ERR,ERR,ERR,ERR,ERR,ERR,ERR,ERR,ERR,ERR,ERR,ERR,ERR,ERR,ERR,ERR,ERR,ERR,ERR,ERR,ERR,ERR,ERR,ERR,ERR,ERR,ERR,0.0,-107615328.0,0.0,0.0,0.0,1.3936040501711995e+18,7.805,0.0,0,0,4,0,7300,-0.0,0,0.0,0.0,0.0,0.0,0.0,0,0,0,0,0.0,0,0,0,0,0,0,0,0,0,0,0,0,0,0,0,0,0,0,0,0,0,0,0,0,0,0,0,0,0,0,0,0,0,32,30,30,62,65476,0,300,0,0,8,21553,0.0,-107605600.0,0.0,0.0,0.0,0.0,0.0,0.0,0.0,0.0,0.0,0.0,0.0,0.0,0.0,0.0,0.0,0.0,0.0,0.0,0.0,0.0,2.004,0.0,-0.0,-2.004,0.0,0.0,0.0,0.0,5415.0,0.0,6951.0,0.0,-107615328.0,-107615280.0,-0.0,0.0,0.0,0.0,0.0,63,2.3088396621844998e+20,-0.0,0.0,0.0,0.0,0.0,0.0,0.0,0.0,0,0,0,0.0,0.0,0.0,0.0,0.0,0.0,0.0,0.0,0.0,0.0,0.0,0.0,0.0,0.0,0.0,0.0,0,-107875648.0,63,0.0,126,2.7184242562605685e+23,-0.0,ERR,ERR,ERR,ERR,ERR,ERR,ERR,ERR,ERR,ERR,ERR,ERR,ERR,ERR,ERR,ERR,ERR,ERR,ERR,ERR,ERR,ERR,ERR,ERR,ERR,ERR,ERR,ERR,ERR,ERR,ERR,ERR,ERR,ERR,ERR,ERR,ERR,ERR,ERR,ERR,ERR,ERR,ERR,ERR,ERR,ERR,ERR,ERR,ERR,ERR,ERR,ERR,ERR,ERR,ERR,ERR,ERR,ERR,ERR,ERR,ERR,ERR,ERR,ERR,ERR,ERR,ERR,34.0,80.0,35,0.0,0.0,0.0,0.0,0.0,0.0,0.0,0.0,0.0,0.0,0.0,0.0,0.0,0.0,0.0,0.0,64.8,0,116,56,50,65476,0,300,0,0,8,20529,65476,0,0,57672,80.0,0.0,0.0,0.0,0.0,0.0
2026-06-17T04:27:39,ERR,ERR,ERR,ERR,ERR,ERR,ERR,ERR,ERR,ERR,ERR,ERR,ERR,ERR,ERR,ERR,ERR,ERR,ERR,ERR,ERR,ERR,ERR,ERR,ERR,ERR,ERR,ERR,ERR,ERR,ERR,ERR,ERR,ERR,ERR,ERR,ERR,ERR,ERR,ERR,ERR,ERR,ERR,ERR,ERR,ERR,ERR,ERR,ERR,ERR,ERR,ERR,ERR,ERR,ERR,ERR,ERR,ERR,ERR,ERR,ERR,ERR,ERR,ERR,ERR,ERR,ERR,ERR,ERR,ERR,ERR,ERR,ERR,ERR,ERR,ERR,ERR,ERR,ERR,ERR,ERR,ERR,ERR,ERR,ERR,ERR,ERR,ERR,ERR,ERR,ERR,ERR,ERR,ERR,ERR,ERR,ERR,ERR,ERR,ERR,ERR,ERR,ERR,ERR,ERR,ERR,ERR,ERR,ERR,ERR,ERR,ERR,ERR,ERR,ERR,ERR,ERR,ERR,ERR,ERR,ERR,ERR,ERR,ERR,ERR,0.0,-107615328.0,0.0,0.0,0.0,1.3936040501711995e+18,7.805,0.0,0,0,4,0,7300,-0.0,0,0.0,0.0,0.0,0.0,0.0,0,0,0,0,0.0,0,0,0,0,0,0,0,0,0,0,0,0,0,0,0,0,0,0,0,0,0,0,0,0,0,0,0,0,0,0,0,0,0,32,30,30,62,65476,0,300,0,0,8,21553,0.0,-107605600.0,0.0,0.0,0.0,0.0,0.0,0.0,0.0,0.0,0.0,0.0,0.0,0.0,0.0,0.0,0.0,0.0,0.0,0.0,0.0,0.0,2.004,0.0,-0.0,-2.004,0.0,0.0,0.0,0.0,5415.0,0.0,6951.0,0.0,-107615328.0,-107615280.0,-0.0,0.0,0.0,0.0,0.0,63,2.3088396621844998e+20,-0.0,0.0,0.0,0.0,0.0,0.0,0.0,0.0,0,0,0,0.0,0.0,0.0,0.0,0.0,0.0,0.0,0.0,0.0,0.0,0.0,0.0,0.0,0.0,0.0,0.0,0,-107875648.0,63,0.0,126,2.7184242562605685e+23,-0.0,ERR,ERR,ERR,ERR,ERR,ERR,ERR,ERR,ERR,ERR,ERR,ERR,ERR,ERR,ERR,ERR,ERR,ERR,ERR,ERR,ERR,ERR,ERR,ERR,ERR,ERR,ERR,ERR,ERR,ERR,ERR,ERR,ERR,ERR,ERR,ERR,ERR,ERR,ERR,ERR,ERR,ERR,ERR,ERR,ERR,ERR,ERR,ERR,ERR,ERR,ERR,ERR,ERR,ERR,ERR,ERR,ERR,ERR,ERR,ERR,ERR,ERR,ERR,ERR,ERR,ERR,ERR,34.0,80.0,35,0.0,0.0,0.0,0.0,0.0,0.0,0.0,0.0,0.0,0.0,0.0,0.0,0.0,0.0,0.0,0.0,64.4,0,116,56,50,65476,0,300,0,0,8,20529,65476,0,0,57672,80.0,0.0,0.0,0.0,0.0,0.0
2026-06-17T04:27:40,ERR,ERR,ERR,ERR,ERR,ERR,ERR,ERR,ERR,ERR,ERR,ERR,ERR,ERR,ERR,ERR,ERR,ERR,ERR,ERR,ERR,ERR,ERR,ERR,ERR,ERR,ERR,ERR,ERR,ERR,ERR,ERR,ERR,ERR,ERR,ERR,ERR,ERR,ERR,ERR,ERR,ERR,ERR,ERR,ERR,ERR,ERR,ERR,ERR,ERR,ERR,ERR,ERR,ERR,ERR,ERR,ERR,ERR,ERR,ERR,ERR,ERR,ERR,ERR,ERR,ERR,ERR,ERR,ERR,ERR,ERR,ERR,ERR,ERR,ERR,ERR,ERR,ERR,ERR,ERR,ERR,ERR,ERR,ERR,ERR,ERR,ERR,ERR,ERR,ERR,ERR,ERR,ERR,ERR,ERR,ERR,ERR,ERR,ERR,ERR,ERR,ERR,ERR,ERR,ERR,ERR,ERR,ERR,ERR,ERR,ERR,ERR,ERR,ERR,ERR,ERR,ERR,ERR,ERR,ERR,ERR,ERR,ERR,ERR,ERR,0.0,-107615328.0,0.0,0.0,0.0,1.3936040501711995e+18,7.805,0.0,0,0,4,0,7300,-0.0,0,0.0,0.0,0.0,0.0,0.0,0,0,0,0,0.0,0,0,0,0,0,0,0,0,0,0,0,0,0,0,0,0,0,0,0,0,0,0,0,0,0,0,0,0,0,0,0,0,0,32,30,30,62,65476,0,300,0,0,8,21553,0.0,-107605600.0,0.0,0.0,0.0,0.0,0.0,0.0,0.0,0.0,0.0,0.0,0.0,0.0,0.0,0.0,0.0,0.0,0.0,0.0,0.0,0.0,2.004,0.0,-0.0,-2.004,0.0,0.0,0.0,0.0,5415.0,0.0,6951.0,0.0,-107615328.0,-107615280.0,-0.0,0.0,0.0,0.0,0.0,63,2.3088396621844998e+20,-0.0,0.0,0.0,0.0,0.0,0.0,0.0,0.0,0,0,0,0.0,0.0,0.0,0.0,0.0,0.0,0.0,0.0,0.0,0.0,0.0,0.0,0.0,0.0,0.0,0.0,0,-107875648.0,63,0.0,126,2.7184242562605685e+23,-0.0,ERR,ERR,ERR,ERR,ERR,ERR,ERR,ERR,ERR,ERR,ERR,ERR,ERR,ERR,ERR,ERR,ERR,ERR,ERR,ERR,ERR,ERR,ERR,ERR,ERR,ERR,ERR,ERR,ERR,ERR,ERR,ERR,ERR,ERR,ERR,ERR,ERR,ERR,ERR,ERR,ERR,ERR,ERR,ERR,ERR,ERR,ERR,ERR,ERR,ERR,ERR,ERR,ERR,ERR,ERR,ERR,ERR,ERR,ERR,ERR,ERR,ERR,ERR,ERR,ERR,ERR,ERR,34.0,80.0,35,0.0,0.0,0.0,0.0,0.0,0.0,0.0,0.0,0.0,0.0,0.0,0.0,0.0,0.0,0.0,0.0,64.4,0,116,56,50,65476,0,300,0,0,8,20529,65476,0,0,57672,80.0,0.0,0.0,0.0,0.0,0.0
2026-06-17T04:27:41,ERR,ERR,ERR,ERR,ERR,ERR,ERR,ERR,ERR,ERR,ERR,ERR,ERR,ERR,ERR,ERR,ERR,ERR,ERR,ERR,ERR,ERR,ERR,ERR,ERR,ERR,ERR,ERR,ERR,ERR,ERR,ERR,ERR,ERR,ERR,ERR,ERR,ERR,ERR,ERR,ERR,ERR,ERR,ERR,ERR,ERR,ERR,ERR,ERR,ERR,ERR,ERR,ERR,ERR,ERR,ERR,ERR,ERR,ERR,ERR,ERR,ERR,ERR,ERR,ERR,ERR,ERR,ERR,ERR,ERR,ERR,ERR,ERR,ERR,ERR,ERR,ERR,ERR,ERR,ERR,ERR,ERR,ERR,ERR,ERR,ERR,ERR,ERR,ERR,ERR,ERR,ERR,ERR,ERR,ERR,ERR,ERR,ERR,ERR,ERR,ERR,ERR,ERR,ERR,ERR,ERR,ERR,ERR,ERR,ERR,ERR,ERR,ERR,ERR,ERR,ERR,ERR,ERR,ERR,ERR,ERR,ERR,ERR,ERR,ERR,0.0,-107615328.0,0.0,0.0,0.0,1.3936040501711995e+18,7.805,0.0,0,0,4,0,7300,-0.0,0,0.0,0.0,0.0,0.0,0.0,0,0,0,0,0.0,0,0,0,0,0,0,0,0,0,0,0,0,0,0,0,0,0,0,0,0,0,0,0,0,0,0,0,0,0,0,0,0,0,32,30,30,62,65476,0,300,0,0,8,21553,0.0,-107605600.0,0.0,0.0,0.0,0.0,0.0,0.0,0.0,0.0,0.0,0.0,0.0,0.0,0.0,0.0,0.0,0.0,0.0,0.0,0.0,0.0,2.004,0.0,-0.0,-2.004,0.0,0.0,0.0,0.0,5416.0,0.0,6948.0,0.0,-107615328.0,-107615280.0,-0.0,0.0,0.0,0.0,0.0,63,2.3088396621844998e+20,5.8480620214123924e+35,0.0,0.0,0.0,0.0,0.0,0.0,0.0,0,0,0,0.0,0.0,0.0,0.0,0.0,0.0,0.0,0.0,0.0,0.0,0.0,0.0,0.0,0.0,0.0,0.0,0,-107875648.0,63,0.0,126,2.7184242562605685e+23,-0.0,ERR,ERR,ERR,ERR,ERR,ERR,ERR,ERR,ERR,ERR,ERR,ERR,ERR,ERR,ERR,ERR,ERR,ERR,ERR,ERR,ERR,ERR,ERR,ERR,ERR,ERR,ERR,ERR,ERR,ERR,ERR,ERR,ERR,ERR,ERR,ERR,ERR,ERR,ERR,ERR,ERR,ERR,ERR,ERR,ERR,ERR,ERR,ERR,ERR,ERR,ERR,ERR,ERR,ERR,ERR,ERR,ERR,ERR,ERR,ERR,ERR,ERR,ERR,ERR,ERR,ERR,ERR,34.0,80.0,35,0.0,0.0,0.0,0.0,0.0,0.0,0.0,0.0,0.0,0.0,0.0,0.0,0.0,0.0,0.0,0.0,64.4,0,116,56,50,65476,0,300,0,0,8,20529,65476,0,0,57672,80.0,0.0,0.0,0.0,0.0,0.0
2026-06-17T04:27:42,ERR,ERR,ERR,ERR,ERR,ERR,ERR,ERR,ERR,ERR,ERR,ERR,ERR,ERR,ERR,ERR,ERR,ERR,ERR,ERR,ERR,ERR,ERR,ERR,ERR,ERR,ERR,ERR,ERR,ERR,ERR,ERR,ERR,ERR,ERR,ERR,ERR,ERR,ERR,ERR,ERR,ERR,ERR,ERR,ERR,ERR,ERR,ERR,ERR,ERR,ERR,ERR,ERR,ERR,ERR,ERR,ERR,ERR,ERR,ERR,ERR,ERR,ERR,ERR,ERR,ERR,ERR,ERR,ERR,ERR,ERR,ERR,ERR,ERR,ERR,ERR,ERR,ERR,ERR,ERR,ERR,ERR,ERR,ERR,ERR,ERR,ERR,ERR,ERR,ERR,ERR,ERR,ERR,ERR,ERR,ERR,ERR,ERR,ERR,ERR,ERR,ERR,ERR,ERR,ERR,ERR,ERR,ERR,ERR,ERR,ERR,ERR,ERR,ERR,ERR,ERR,ERR,ERR,ERR,ERR,ERR,ERR,ERR,ERR,ERR,0.0,-107615328.0,0.0,0.0,0.0,1.3936040501711995e+18,7.805,0.0,0,0,4,0,7300,-0.0,0,0.0,0.0,0.0,0.0,0.0,0,0,0,0,0.0,0,0,0,0,0,0,0,0,0,0,0,0,0,0,0,0,0,0,0,0,0,0,0,0,0,0,0,0,0,0,0,0,0,32,30,30,62,65476,0,300,0,0,8,21553,0.0,-107605600.0,0.0,0.0,0.0,0.0,0.0,0.0,0.0,0.0,0.0,0.0,0.0,0.0,0.0,0.0,0.0,0.0,0.0,0.0,0.0,0.0,2.004,0.0,-0.0,-2.004,0.0,0.0,0.0,0.0,5416.0,0.0,6948.0,0.0,-107615328.0,-107615280.0,-0.0,0.0,0.0,0.0,0.0,63,2.3088396621844998e+20,5.8480620214123924e+35,0.0,0.0,0.0,0.0,0.0,0.0,0.0,0,0,0,0.0,0.0,0.0,0.0,0.0,0.0,0.0,0.0,0.0,0.0,0.0,0.0,0.0,0.0,0.0,0.0,0,-107875648.0,63,0.0,126,2.7184242562605685e+23,-0.0,ERR,ERR,ERR,ERR,ERR,ERR,ERR,ERR,ERR,ERR,ERR,ERR,ERR,ERR,ERR,ERR,ERR,ERR,ERR,ERR,ERR,ERR,ERR,ERR,ERR,ERR,ERR,ERR,ERR,ERR,ERR,ERR,ERR,ERR,ERR,ERR,ERR,ERR,ERR,ERR,ERR,ERR,ERR,ERR,ERR,ERR,ERR,ERR,ERR,ERR,ERR,ERR,ERR,ERR,ERR,ERR,ERR,ERR,ERR,ERR,ERR,ERR,ERR,ERR,ERR,ERR,ERR,34.0,80.0,35,0.0,0.0,0.0,0.0,0.0,0.0,0.0,0.0,0.0,0.0,0.0,0.0,0.0,0.0,0.0,0.0,64.4,0,116,56,50,65476,0,300,0,0,8,20529,65476,0,0,57672,80.0,0.0,0.0,0.0,0.0,0.0
2026-06-17T04:27:43,ERR,ERR,ERR,ERR,ERR,ERR,ERR,ERR,ERR,ERR,ERR,ERR,ERR,ERR,ERR,ERR,ERR,ERR,ERR,ERR,ERR,ERR,ERR,ERR,ERR,ERR,ERR,ERR,ERR,ERR,ERR,ERR,ERR,ERR,ERR,ERR,ERR,ERR,ERR,ERR,ERR,ERR,ERR,ERR,ERR,ERR,ERR,ERR,ERR,ERR,ERR,ERR,ERR,ERR,ERR,ERR,ERR,ERR,ERR,ERR,ERR,ERR,ERR,ERR,ERR,ERR,ERR,ERR,ERR,ERR,ERR,ERR,ERR,ERR,ERR,ERR,ERR,ERR,ERR,ERR,ERR,ERR,ERR,ERR,ERR,ERR,ERR,ERR,ERR,ERR,ERR,ERR,ERR,ERR,ERR,ERR,ERR,ERR,ERR,ERR,ERR,ERR,ERR,ERR,ERR,ERR,ERR,ERR,ERR,ERR,ERR,ERR,ERR,ERR,ERR,ERR,ERR,ERR,ERR,ERR,ERR,ERR,ERR,ERR,ERR,0.0,-107615328.0,0.0,0.0,0.0,1.3936040501711995e+18,7.805,0.0,0,0,4,0,7300,-0.0,0,0.0,0.0,0.0,0.0,0.0,0,0,0,0,0.0,0,0,0,0,0,0,0,0,0,0,0,0,0,0,0,0,0,0,0,0,0,0,0,0,0,0,0,0,0,0,0,0,0,32,30,30,62,65476,0,300,0,0,8,21553,0.0,-107605600.0,0.0,0.0,0.0,0.0,0.0,0.0,0.0,0.0,0.0,0.0,0.0,0.0,0.0,0.0,0.0,0.0,0.0,0.0,0.0,0.0,2.004,0.0,-0.0,-2.004,0.0,0.0,0.0,0.0,5416.0,0.0,6948.0,0.0,-107615328.0,-107615280.0,-0.0,0.0,0.0,0.0,0.0,63,2.3088396621844998e+20,5.8480620214123924e+35,0.0,0.0,0.0,0.0,0.0,0.0,0.0,0,0,0,0.0,0.0,0.0,0.0,0.0,0.0,0.0,0.0,0.0,0.0,0.0,0.0,0.0,0.0,0.0,0.0,0,-107875648.0,63,0.0,126,2.7184242562605685e+23,-0.0,ERR,ERR,ERR,ERR,ERR,ERR,ERR,ERR,ERR,ERR,ERR,ERR,ERR,ERR,ERR,ERR,ERR,ERR,ERR,ERR,ERR,ERR,ERR,ERR,ERR,ERR,ERR,ERR,ERR,ERR,ERR,ERR,ERR,ERR,ERR,ERR,ERR,ERR,ERR,ERR,ERR,ERR,ERR,ERR,ERR,ERR,ERR,ERR,ERR,ERR,ERR,ERR,ERR,ERR,ERR,ERR,ERR,ERR,ERR,ERR,ERR,ERR,ERR,ERR,ERR,ERR,ERR,34.0,80.0,35,0.0,0.0,0.0,0.0,0.0,0.0,0.0,0.0,0.0,0.0,0.0,0.0,0.0,0.0,0.0,0.0,64.8,0,116,56,50,65476,0,300,0,0,8,20529,65476,0,0,57672,80.0,0.0,0.0,0.0,0.0,0.0
2026-06-17T04:27:44,ERR,ERR,ERR,ERR,ERR,ERR,ERR,ERR,ERR,ERR,ERR,ERR,ERR,ERR,ERR,ERR,ERR,ERR,ERR,ERR,ERR,ERR,ERR,ERR,ERR,ERR,ERR,ERR,ERR,ERR,ERR,ERR,ERR,ERR,ERR,ERR,ERR,ERR,ERR,ERR,ERR,ERR,ERR,ERR,ERR,ERR,ERR,ERR,ERR,ERR,ERR,ERR,ERR,ERR,ERR,ERR,ERR,ERR,ERR,ERR,ERR,ERR,ERR,ERR,ERR,ERR,ERR,ERR,ERR,ERR,ERR,ERR,ERR,ERR,ERR,ERR,ERR,ERR,ERR,ERR,ERR,ERR,ERR,ERR,ERR,ERR,ERR,ERR,ERR,ERR,ERR,ERR,ERR,ERR,ERR,ERR,ERR,ERR,ERR,ERR,ERR,ERR,ERR,ERR,ERR,ERR,ERR,ERR,ERR,ERR,ERR,ERR,ERR,ERR,ERR,ERR,ERR,ERR,ERR,ERR,ERR,ERR,ERR,ERR,ERR,0.0,-107615328.0,0.0,0.0,0.0,1.3936040501711995e+18,7.805,0.0,0,0,4,0,7300,-0.0,0,0.0,0.0,0.0,0.0,0.0,0,0,0,0,0.0,0,0,0,0,0,0,0,0,0,0,0,0,0,0,0,0,0,0,0,0,0,0,0,0,0,0,0,0,0,0,0,0,0,32,30,30,62,65476,0,300,0,0,8,21553,0.0,-107605600.0,0.0,0.0,0.0,0.0,0.0,0.0,0.0,0.0,0.0,0.0,0.0,0.0,0.0,0.0,0.0,0.0,0.0,0.0,0.0,0.0,2.004,0.0,-0.0,-2.004,0.0,0.0,0.0,0.0,5416.0,0.0,6948.0,0.0,-107615328.0,-107615280.0,-0.0,0.0,0.0,0.0,0.0,63,2.3088396621844998e+20,5.8480620214123924e+35,0.0,0.0,0.0,0.0,0.0,0.0,0.0,0,0,0,0.0,0.0,0.0,0.0,0.0,0.0,0.0,0.0,0.0,0.0,0.0,0.0,0.0,0.0,0.0,0.0,0,-107875648.0,63,0.0,126,2.7184242562605685e+23,-0.0,ERR,ERR,ERR,ERR,ERR,ERR,ERR,ERR,ERR,ERR,ERR,ERR,ERR,ERR,ERR,ERR,ERR,ERR,ERR,ERR,ERR,ERR,ERR,ERR,ERR,ERR,ERR,ERR,ERR,ERR,ERR,ERR,ERR,ERR,ERR,ERR,ERR,ERR,ERR,ERR,ERR,ERR,ERR,ERR,ERR,ERR,ERR,ERR,ERR,ERR,ERR,ERR,ERR,ERR,ERR,ERR,ERR,ERR,ERR,ERR,ERR,ERR,ERR,ERR,ERR,ERR,ERR,34.0,80.0,35,0.0,0.0,0.0,0.0,0.0,0.0,0.0,0.0,0.0,0.0,0.0,0.0,0.0,0.0,0.0,0.0,64.4,0,116,56,50,65476,0,300,0,0,8,20529,65476,0,0,57672,80.0,0.0,0.0,0.0,0.0,0.0
2026-06-17T04:27:45,ERR,ERR,ERR,ERR,ERR,ERR,ERR,ERR,ERR,ERR,ERR,ERR,ERR,ERR,ERR,ERR,ERR,ERR,ERR,ERR,ERR,ERR,ERR,ERR,ERR,ERR,ERR,ERR,ERR,ERR,ERR,ERR,ERR,ERR,ERR,ERR,ERR,ERR,ERR,ERR,ERR,ERR,ERR,ERR,ERR,ERR,ERR,ERR,ERR,ERR,ERR,ERR,ERR,ERR,ERR,ERR,ERR,ERR,ERR,ERR,ERR,ERR,ERR,ERR,ERR,ERR,ERR,ERR,ERR,ERR,ERR,ERR,ERR,ERR,ERR,ERR,ERR,ERR,ERR,ERR,ERR,ERR,ERR,ERR,ERR,ERR,ERR,ERR,ERR,ERR,ERR,ERR,ERR,ERR,ERR,ERR,ERR,ERR,ERR,ERR,ERR,ERR,ERR,ERR,ERR,ERR,ERR,ERR,ERR,ERR,ERR,ERR,ERR,ERR,ERR,ERR,ERR,ERR,ERR,ERR,ERR,ERR,ERR,ERR,ERR,0.0,-107615328.0,0.0,0.0,0.0,1.3936040501711995e+18,7.805,0.0,0,0,4,0,7300,-0.0,0,0.0,0.0,0.0,0.0,0.0,0,0,0,0,0.0,0,0,0,0,0,0,0,0,0,0,0,0,0,0,0,0,0,0,0,0,0,0,0,0,0,0,0,0,0,0,0,0,0,32,30,30,62,65476,0,300,0,0,8,21553,0.0,-107605600.0,0.0,0.0,0.0,0.0,0.0,0.0,0.0,0.0,0.0,0.0,0.0,0.0,0.0,0.0,0.0,0.0,0.0,0.0,0.0,0.0,2.004,0.0,-0.0,-2.004,0.0,0.0,0.0,0.0,5416.0,0.0,6948.0,0.0,-107615328.0,-107615280.0,-0.0,0.0,0.0,0.0,0.0,63,2.3088396621844998e+20,5.8480620214123924e+35,0.0,0.0,0.0,0.0,0.0,0.0,0.0,0,0,0,0.0,0.0,0.0,0.0,0.0,0.0,0.0,0.0,0.0,0.0,0.0,0.0,0.0,0.0,0.0,0.0,0,-107875648.0,63,0.0,126,2.7184242562605685e+23,-0.0,ERR,ERR,ERR,ERR,ERR,ERR,ERR,ERR,ERR,ERR,ERR,ERR,ERR,ERR,ERR,ERR,ERR,ERR,ERR,ERR,ERR,ERR,ERR,ERR,ERR,ERR,ERR,ERR,ERR,ERR,ERR,ERR,ERR,ERR,ERR,ERR,ERR,ERR,ERR,ERR,ERR,ERR,ERR,ERR,ERR,ERR,ERR,ERR,ERR,ERR,ERR,ERR,ERR,ERR,ERR,ERR,ERR,ERR,ERR,ERR,ERR,ERR,ERR,ERR,ERR,ERR,ERR,34.0,80.0,35,0.0,0.0,0.0,0.0,0.0,0.0,0.0,0.0,0.0,0.0,0.0,0.0,0.0,0.0,0.0,0.0,64.4,0,116,56,50,65476,0,300,0,0,8,20529,65476,0,0,57672,80.0,0.0,0.0,0.0,0.0,0.0
2026-06-17T04:27:46,ERR,ERR,ERR,ERR,ERR,ERR,ERR,ERR,ERR,ERR,ERR,ERR,ERR,ERR,ERR,ERR,ERR,ERR,ERR,ERR,ERR,ERR,ERR,ERR,ERR,ERR,ERR,ERR,ERR,ERR,ERR,ERR,ERR,ERR,ERR,ERR,ERR,ERR,ERR,ERR,ERR,ERR,ERR,ERR,ERR,ERR,ERR,ERR,ERR,ERR,ERR,ERR,ERR,ERR,ERR,ERR,ERR,ERR,ERR,ERR,ERR,ERR,ERR,ERR,ERR,ERR,ERR,ERR,ERR,ERR,ERR,ERR,ERR,ERR,ERR,ERR,ERR,ERR,ERR,ERR,ERR,ERR,ERR,ERR,ERR,ERR,ERR,ERR,ERR,ERR,ERR,ERR,ERR,ERR,ERR,ERR,ERR,ERR,ERR,ERR,ERR,ERR,ERR,ERR,ERR,ERR,ERR,ERR,ERR,ERR,ERR,ERR,ERR,ERR,ERR,ERR,ERR,ERR,ERR,ERR,ERR,ERR,ERR,ERR,ERR,0.0,-107615328.0,0.0,0.0,0.0,1.3936040501711995e+18,7.805,0.0,0,0,4,0,7300,-0.0,0,0.0,0.0,0.0,0.0,0.0,0,0,0,0,0.0,0,0,0,0,0,0,0,0,0,0,0,0,0,0,0,0,0,0,0,0,0,0,0,0,0,0,0,0,0,0,0,0,0,32,30,30,62,65476,0,300,0,0,8,21553,0.0,-107605600.0,0.0,0.0,0.0,0.0,0.0,0.0,0.0,0.0,0.0,0.0,0.0,0.0,0.0,0.0,0.0,0.0,0.0,0.0,0.0,0.0,2.004,0.0,-0.0,-2.004,0.0,0.0,0.0,0.0,5415.0,0.0,6946.0,0.0,-107615328.0,-107615280.0,-0.0,0.0,0.0,0.0,0.0,63,2.3088396621844998e+20,0.0,0.0,0.0,0.0,0.0,0.0,0.0,0.0,0,0,0,0.0,0.0,0.0,0.0,0.0,0.0,0.0,0.0,0.0,0.0,0.0,0.0,0.0,0.0,0.0,0.0,0,-107875648.0,63,0.0,126,2.7184242562605685e+23,-0.0,ERR,ERR,ERR,ERR,ERR,ERR,ERR,ERR,ERR,ERR,ERR,ERR,ERR,ERR,ERR,ERR,ERR,ERR,ERR,ERR,ERR,ERR,ERR,ERR,ERR,ERR,ERR,ERR,ERR,ERR,ERR,ERR,ERR,ERR,ERR,ERR,ERR,ERR,ERR,ERR,ERR,ERR,ERR,ERR,ERR,ERR,ERR,ERR,ERR,ERR,ERR,ERR,ERR,ERR,ERR,ERR,ERR,ERR,ERR,ERR,ERR,ERR,ERR,ERR,ERR,ERR,ERR,34.0,80.0,35,0.0,0.0,0.0,0.0,0.0,0.0,0.0,0.0,0.0,0.0,0.0,0.0,0.0,0.0,0.0,0.0,64.4,0,116,56,50,65476,0,300,0,0,8,20529,65476,0,0,57672,80.0,0.0,0.0,0.0,0.0,0.0
2026-06-17T04:27:47,ERR,ERR,ERR,ERR,ERR,ERR,ERR,ERR,ERR,ERR,ERR,ERR,ERR,ERR,ERR,ERR,ERR,ERR,ERR,ERR,ERR,ERR,ERR,ERR,ERR,ERR,ERR,ERR,ERR,ERR,ERR,ERR,ERR,ERR,ERR,ERR,ERR,ERR,ERR,ERR,ERR,ERR,ERR,ERR,ERR,ERR,ERR,ERR,ERR,ERR,ERR,ERR,ERR,ERR,ERR,ERR,ERR,ERR,ERR,ERR,ERR,ERR,ERR,ERR,ERR,ERR,ERR,ERR,ERR,ERR,ERR,ERR,ERR,ERR,ERR,ERR,ERR,ERR,ERR,ERR,ERR,ERR,ERR,ERR,ERR,ERR,ERR,ERR,ERR,ERR,ERR,ERR,ERR,ERR,ERR,ERR,ERR,ERR,ERR,ERR,ERR,ERR,ERR,ERR,ERR,ERR,ERR,ERR,ERR,ERR,ERR,ERR,ERR,ERR,ERR,ERR,ERR,ERR,ERR,ERR,ERR,ERR,ERR,ERR,ERR,0.0,-107615328.0,0.0,0.0,0.0,1.3936040501711995e+18,7.805,0.0,0,0,4,0,7300,-0.0,0,0.0,0.0,0.0,0.0,0.0,0,0,0,0,0.0,0,0,0,0,0,0,0,0,0,0,0,0,0,0,0,0,0,0,0,0,0,0,0,0,0,0,0,0,0,0,0,0,0,32,30,30,62,65476,0,300,0,0,8,21553,0.0,-107605600.0,0.0,0.0,0.0,0.0,0.0,0.0,0.0,0.0,0.0,0.0,0.0,0.0,0.0,0.0,0.0,0.0,0.0,0.0,0.0,0.0,2.004,0.0,-0.0,-2.004,0.0,0.0,0.0,0.0,5415.0,0.0,6946.0,0.0,-107615328.0,-107615280.0,-0.0,0.0,0.0,0.0,0.0,63,2.3088396621844998e+20,0.0,0.0,0.0,0.0,0.0,0.0,0.0,0.0,0,0,0,0.0,0.0,0.0,0.0,0.0,0.0,0.0,0.0,0.0,0.0,0.0,0.0,0.0,0.0,0.0,0.0,0,-107875648.0,63,0.0,126,2.7184242562605685e+23,-0.0,ERR,ERR,ERR,ERR,ERR,ERR,ERR,ERR,ERR,ERR,ERR,ERR,ERR,ERR,ERR,ERR,ERR,ERR,ERR,ERR,ERR,ERR,ERR,ERR,ERR,ERR,ERR,ERR,ERR,ERR,ERR,ERR,ERR,ERR,ERR,ERR,ERR,ERR,ERR,ERR,ERR,ERR,ERR,ERR,ERR,ERR,ERR,ERR,ERR,ERR,ERR,ERR,ERR,ERR,ERR,ERR,ERR,ERR,ERR,ERR,ERR,ERR,ERR,ERR,ERR,ERR,ERR,34.0,80.0,35,0.0,0.0,0.0,0.0,0.0,0.0,0.0,0.0,0.0,0.0,0.0,0.0,0.0,0.0,0.0,0.0,64.4,0,116,56,50,65476,0,300,0,0,8,20529,65476,0,0,57672,80.0,0.0,0.0,0.0,0.0,0.0
2026-06-17T04:27:48,ERR,ERR,ERR,ERR,ERR,ERR,ERR,ERR,ERR,ERR,ERR,ERR,ERR,ERR,ERR,ERR,ERR,ERR,ERR,ERR,ERR,ERR,ERR,ERR,ERR,ERR,ERR,ERR,ERR,ERR,ERR,ERR,ERR,ERR,ERR,ERR,ERR,ERR,ERR,ERR,ERR,ERR,ERR,ERR,ERR,ERR,ERR,ERR,ERR,ERR,ERR,ERR,ERR,ERR,ERR,ERR,ERR,ERR,ERR,ERR,ERR,ERR,ERR,ERR,ERR,ERR,ERR,ERR,ERR,ERR,ERR,ERR,ERR,ERR,ERR,ERR,ERR,ERR,ERR,ERR,ERR,ERR,ERR,ERR,ERR,ERR,ERR,ERR,ERR,ERR,ERR,ERR,ERR,ERR,ERR,ERR,ERR,ERR,ERR,ERR,ERR,ERR,ERR,ERR,ERR,ERR,ERR,ERR,ERR,ERR,ERR,ERR,ERR,ERR,ERR,ERR,ERR,ERR,ERR,ERR,ERR,ERR,ERR,ERR,ERR,0.0,-107615328.0,0.0,0.0,0.0,1.3936040501711995e+18,7.805,0.0,0,0,4,0,7300,-0.0,0,0.0,0.0,0.0,0.0,0.0,0,0,0,0,0.0,0,0,0,0,0,0,0,0,0,0,0,0,0,0,0,0,0,0,0,0,0,0,0,0,0,0,0,0,0,0,0,0,0,32,30,30,62,65476,0,300,0,0,8,21553,0.0,-107605600.0,0.0,0.0,0.0,0.0,0.0,0.0,0.0,0.0,0.0,0.0,0.0,0.0,0.0,0.0,0.0,0.0,0.0,0.0,0.0,0.0,2.004,0.0,-0.0,-2.004,0.0,0.0,0.0,0.0,5415.0,0.0,6946.0,0.0,-107615328.0,-107615280.0,-0.0,0.0,0.0,0.0,0.0,63,2.3088396621844998e+20,0.0,0.0,0.0,0.0,0.0,0.0,0.0,0.0,0,0,0,0.0,0.0,0.0,0.0,0.0,0.0,0.0,0.0,0.0,0.0,0.0,0.0,0.0,0.0,0.0,0.0,0,-107875648.0,63,0.0,126,2.7184242562605685e+23,-0.0,ERR,ERR,ERR,ERR,ERR,ERR,ERR,ERR,ERR,ERR,ERR,ERR,ERR,ERR,ERR,ERR,ERR,ERR,ERR,ERR,ERR,ERR,ERR,ERR,ERR,ERR,ERR,ERR,ERR,ERR,ERR,ERR,ERR,ERR,ERR,ERR,ERR,ERR,ERR,ERR,ERR,ERR,ERR,ERR,ERR,ERR,ERR,ERR,ERR,ERR,ERR,ERR,ERR,ERR,ERR,ERR,ERR,ERR,ERR,ERR,ERR,ERR,ERR,ERR,ERR,ERR,ERR,34.0,80.0,35,0.0,0.0,0.0,0.0,0.0,0.0,0.0,0.0,0.0,0.0,0.0,0.0,0.0,0.0,0.0,0.0,64.8,0,116,56,50,65476,0,300,0,0,8,20529,65476,0,0,57672,80.0,0.0,0.0,0.0,0.0,0.0
2026-06-17T04:27:49,ERR,ERR,ERR,ERR,ERR,ERR,ERR,ERR,ERR,ERR,ERR,ERR,ERR,ERR,ERR,ERR,ERR,ERR,ERR,ERR,ERR,ERR,ERR,ERR,ERR,ERR,ERR,ERR,ERR,ERR,ERR,ERR,ERR,ERR,ERR,ERR,ERR,ERR,ERR,ERR,ERR,ERR,ERR,ERR,ERR,ERR,ERR,ERR,ERR,ERR,ERR,ERR,ERR,ERR,ERR,ERR,ERR,ERR,ERR,ERR,ERR,ERR,ERR,ERR,ERR,ERR,ERR,ERR,ERR,ERR,ERR,ERR,ERR,ERR,ERR,ERR,ERR,ERR,ERR,ERR,ERR,ERR,ERR,ERR,ERR,ERR,ERR,ERR,ERR,ERR,ERR,ERR,ERR,ERR,ERR,ERR,ERR,ERR,ERR,ERR,ERR,ERR,ERR,ERR,ERR,ERR,ERR,ERR,ERR,ERR,ERR,ERR,ERR,ERR,ERR,ERR,ERR,ERR,ERR,ERR,ERR,ERR,ERR,ERR,ERR,0.0,-107615328.0,0.0,0.0,0.0,1.3936040501711995e+18,7.805,0.0,0,0,4,0,7300,-0.0,0,0.0,0.0,0.0,0.0,0.0,0,0,0,0,0.0,0,0,0,0,0,0,0,0,0,0,0,0,0,0,0,0,0,0,0,0,0,0,0,0,0,0,0,0,0,0,0,0,0,32,30,30,62,65476,0,300,0,0,8,21553,0.0,-107605600.0,0.0,0.0,0.0,0.0,0.0,0.0,0.0,0.0,0.0,0.0,0.0,0.0,0.0,0.0,0.0,0.0,0.0,0.0,0.0,0.0,2.004,0.0,-0.0,-2.004,0.0,0.0,0.0,0.0,5415.0,0.0,6946.0,0.0,-107615328.0,-107615280.0,-0.0,0.0,0.0,0.0,0.0,63,2.3088396621844998e+20,0.0,0.0,0.0,0.0,0.0,0.0,0.0,0.0,0,0,0,0.0,0.0,0.0,0.0,0.0,0.0,0.0,0.0,0.0,0.0,0.0,0.0,0.0,0.0,0.0,0.0,0,-107875648.0,63,0.0,126,2.7184242562605685e+23,-0.0,ERR,ERR,ERR,ERR,ERR,ERR,ERR,ERR,ERR,ERR,ERR,ERR,ERR,ERR,ERR,ERR,ERR,ERR,ERR,ERR,ERR,ERR,ERR,ERR,ERR,ERR,ERR,ERR,ERR,ERR,ERR,ERR,ERR,ERR,ERR,ERR,ERR,ERR,ERR,ERR,ERR,ERR,ERR,ERR,ERR,ERR,ERR,ERR,ERR,ERR,ERR,ERR,ERR,ERR,ERR,ERR,ERR,ERR,ERR,ERR,ERR,ERR,ERR,ERR,ERR,ERR,ERR,34.0,80.0,35,0.0,0.0,0.0,0.0,0.0,0.0,0.0,0.0,0.0,0.0,0.0,0.0,0.0,0.0,0.0,0.0,64.8,0,116,56,50,65476,0,300,0,0,8,20529,65476,0,0,57672,80.0,0.0,0.0,0.0,0.0,0.0
2026-06-17T04:27:50,ERR,ERR,ERR,ERR,ERR,ERR,ERR,ERR,ERR,ERR,ERR,ERR,ERR,ERR,ERR,ERR,ERR,ERR,ERR,ERR,ERR,ERR,ERR,ERR,ERR,ERR,ERR,ERR,ERR,ERR,ERR,ERR,ERR,ERR,ERR,ERR,ERR,ERR,ERR,ERR,ERR,ERR,ERR,ERR,ERR,ERR,ERR,ERR,ERR,ERR,ERR,ERR,ERR,ERR,ERR,ERR,ERR,ERR,ERR,ERR,ERR,ERR,ERR,ERR,ERR,ERR,ERR,ERR,ERR,ERR,ERR,ERR,ERR,ERR,ERR,ERR,ERR,ERR,ERR,ERR,ERR,ERR,ERR,ERR,ERR,ERR,ERR,ERR,ERR,ERR,ERR,ERR,ERR,ERR,ERR,ERR,ERR,ERR,ERR,ERR,ERR,ERR,ERR,ERR,ERR,ERR,ERR,ERR,ERR,ERR,ERR,ERR,ERR,ERR,ERR,ERR,ERR,ERR,ERR,ERR,ERR,ERR,ERR,ERR,ERR,0.0,-107615328.0,0.0,0.0,0.0,1.3936040501711995e+18,7.805,0.0,0,0,4,0,7300,-0.0,0,0.0,0.0,0.0,0.0,0.0,0,0,0,0,0.0,0,0,0,0,0,0,0,0,0,0,0,0,0,0,0,0,0,0,0,0,0,0,0,0,0,0,0,0,0,0,0,0,0,32,30,30,62,65476,0,300,0,0,8,21553,0.0,-107605600.0,0.0,0.0,0.0,0.0,0.0,0.0,0.0,0.0,0.0,0.0,0.0,0.0,0.0,0.0,0.0,0.0,0.0,0.0,0.0,0.0,2.004,0.0,-0.0,-2.004,0.0,0.0,0.0,0.0,5415.0,0.0,6946.0,0.0,-107615328.0,-107615280.0,-0.0,0.0,0.0,0.0,0.0,63,2.3088396621844998e+20,0.0,0.0,0.0,0.0,0.0,0.0,0.0,0.0,0,0,0,0.0,0.0,0.0,0.0,0.0,0.0,0.0,0.0,0.0,0.0,0.0,0.0,0.0,0.0,0.0,0.0,0,-107875648.0,63,0.0,126,2.7184242562605685e+23,-0.0,ERR,ERR,ERR,ERR,ERR,ERR,ERR,ERR,ERR,ERR,ERR,ERR,ERR,ERR,ERR,ERR,ERR,ERR,ERR,ERR,ERR,ERR,ERR,ERR,ERR,ERR,ERR,ERR,ERR,ERR,ERR,ERR,ERR,ERR,ERR,ERR,ERR,ERR,ERR,ERR,ERR,ERR,ERR,ERR,ERR,ERR,ERR,ERR,ERR,ERR,ERR,ERR,ERR,ERR,ERR,ERR,ERR,ERR,ERR,ERR,ERR,ERR,ERR,ERR,ERR,ERR,ERR,34.0,80.0,35,0.0,0.0,0.0,0.0,0.0,0.0,0.0,0.0,0.0,0.0,0.0,0.0,0.0,0.0,0.0,0.0,64.4,0,116,56,50,65476,0,300,0,0,8,20529,65476,0,0,57672,80.0,0.0,0.0,0.0,0.0,0.0
2026-06-17T04:27:51,ERR,ERR,ERR,ERR,ERR,ERR,ERR,ERR,ERR,ERR,ERR,ERR,ERR,ERR,ERR,ERR,ERR,ERR,ERR,ERR,ERR,ERR,ERR,ERR,ERR,ERR,ERR,ERR,ERR,ERR,ERR,ERR,ERR,ERR,ERR,ERR,ERR,ERR,ERR,ERR,ERR,ERR,ERR,ERR,ERR,ERR,ERR,ERR,ERR,ERR,ERR,ERR,ERR,ERR,ERR,ERR,ERR,ERR,ERR,ERR,ERR,ERR,ERR,ERR,ERR,ERR,ERR,ERR,ERR,ERR,ERR,ERR,ERR,ERR,ERR,ERR,ERR,ERR,ERR,ERR,ERR,ERR,ERR,ERR,ERR,ERR,ERR,ERR,ERR,ERR,ERR,ERR,ERR,ERR,ERR,ERR,ERR,ERR,ERR,ERR,ERR,ERR,ERR,ERR,ERR,ERR,ERR,ERR,ERR,ERR,ERR,ERR,ERR,ERR,ERR,ERR,ERR,ERR,ERR,ERR,ERR,ERR,ERR,ERR,ERR,0.0,-107615328.0,0.0,0.0,0.0,1.3936040501711995e+18,7.805,0.0,0,0,4,0,7300,-0.0,0,0.0,0.0,0.0,0.0,0.0,0,0,0,0,0.0,0,0,0,0,0,0,0,0,0,0,0,0,0,0,0,0,0,0,0,0,0,0,0,0,0,0,0,0,0,0,0,0,0,32,30,30,62,65476,0,300,0,0,8,21553,0.0,-107605600.0,0.0,0.0,0.0,0.0,0.0,0.0,0.0,0.0,0.0,0.0,0.0,0.0,0.0,0.0,0.0,0.0,0.0,0.0,0.0,0.0,2.004,0.0,-0.0,-2.004,0.0,0.0,0.0,0.0,5383.0,-8608194560.0,6970.0,0.0,-107615328.0,-107615280.0,-0.0,0.0,0.0,0.0,0.0,63,2.3088396621844998e+20,0.0,0.0,0.0,0.0,0.0,0.0,0.0,0.0,0,0,0,0.0,0.0,0.0,0.0,0.0,0.0,0.0,0.0,0.0,0.0,0.0,0.0,0.0,0.0,0.0,0.0,0,-107875648.0,63,0.0,126,2.7184242562605685e+23,-0.0,ERR,ERR,ERR,ERR,ERR,ERR,ERR,ERR,ERR,ERR,ERR,ERR,ERR,ERR,ERR,ERR,ERR,ERR,ERR,ERR,ERR,ERR,ERR,ERR,ERR,ERR,ERR,ERR,ERR,ERR,ERR,ERR,ERR,ERR,ERR,ERR,ERR,ERR,ERR,ERR,ERR,ERR,ERR,ERR,ERR,ERR,ERR,ERR,ERR,ERR,ERR,ERR,ERR,ERR,ERR,ERR,ERR,ERR,ERR,ERR,ERR,ERR,ERR,ERR,ERR,ERR,ERR,34.0,80.0,35,0.0,0.0,0.0,0.0,0.0,0.0,0.0,0.0,0.0,0.0,0.0,0.0,0.0,0.0,0.0,0.0,64.4,0,116,56,50,65476,0,300,0,0,8,20529,65476,0,0,57672,80.0,0.0,0.0,0.0,0.0,0.0
2026-06-17T04:27:52,ERR,ERR,ERR,ERR,ERR,ERR,ERR,ERR,ERR,ERR,ERR,ERR,ERR,ERR,ERR,ERR,ERR,ERR,ERR,ERR,ERR,ERR,ERR,ERR,ERR,ERR,ERR,ERR,ERR,ERR,ERR,ERR,ERR,ERR,ERR,ERR,ERR,ERR,ERR,ERR,ERR,ERR,ERR,ERR,ERR,ERR,ERR,ERR,ERR,ERR,ERR,ERR,ERR,ERR,ERR,ERR,ERR,ERR,ERR,ERR,ERR,ERR,ERR,ERR,ERR,ERR,ERR,ERR,ERR,ERR,ERR,ERR,ERR,ERR,ERR,ERR,ERR,ERR,ERR,ERR,ERR,ERR,ERR,ERR,ERR,ERR,ERR,ERR,ERR,ERR,ERR,ERR,ERR,ERR,ERR,ERR,ERR,ERR,ERR,ERR,ERR,ERR,ERR,ERR,ERR,ERR,ERR,ERR,ERR,ERR,ERR,ERR,ERR,ERR,ERR,ERR,ERR,ERR,ERR,ERR,ERR,ERR,ERR,ERR,ERR,0.0,-107615328.0,0.0,0.0,0.0,1.3936040501711995e+18,7.805,0.0,0,0,4,0,7300,-0.0,0,0.0,0.0,0.0,0.0,0.0,0,0,0,0,0.0,0,0,0,0,0,0,0,0,0,0,0,0,0,0,0,0,0,0,0,0,0,0,0,0,0,0,0,0,0,0,0,0,0,32,30,30,62,65476,0,300,0,0,8,21553,0.0,-107605600.0,0.0,0.0,0.0,0.0,0.0,0.0,0.0,0.0,0.0,0.0,0.0,0.0,0.0,0.0,0.0,0.0,0.0,0.0,0.0,0.0,2.004,0.0,-0.0,-2.004,0.0,0.0,0.0,0.0,5383.0,-8608194560.0,6970.0,0.0,-107615328.0,-107615280.0,-0.0,0.0,0.0,0.0,0.0,63,2.3088396621844998e+20,0.0,0.0,0.0,0.0,0.0,0.0,0.0,0.0,0,0,0,0.0,0.0,0.0,0.0,0.0,0.0,0.0,0.0,0.0,0.0,0.0,0.0,0.0,0.0,0.0,0.0,0,-107875648.0,63,0.0,126,2.7184242562605685e+23,-0.0,ERR,ERR,ERR,ERR,ERR,ERR,ERR,ERR,ERR,ERR,ERR,ERR,ERR,ERR,ERR,ERR,ERR,ERR,ERR,ERR,ERR,ERR,ERR,ERR,ERR,ERR,ERR,ERR,ERR,ERR,ERR,ERR,ERR,ERR,ERR,ERR,ERR,ERR,ERR,ERR,ERR,ERR,ERR,ERR,ERR,ERR,ERR,ERR,ERR,ERR,ERR,ERR,ERR,ERR,ERR,ERR,ERR,ERR,ERR,ERR,ERR,ERR,ERR,ERR,ERR,ERR,ERR,34.0,80.0,35,0.0,0.0,0.0,0.0,0.0,0.0,0.0,0.0,0.0,0.0,0.0,0.0,0.0,0.0,0.0,0.0,64.4,0,116,56,50,65476,0,300,0,0,8,20529,65476,0,0,57672,80.0,0.0,0.0,0.0,0.0,0.0
2026-06-17T04:27:53,ERR,ERR,ERR,ERR,ERR,ERR,ERR,ERR,ERR,ERR,ERR,ERR,ERR,ERR,ERR,ERR,ERR,ERR,ERR,ERR,ERR,ERR,ERR,ERR,ERR,ERR,ERR,ERR,ERR,ERR,ERR,ERR,ERR,ERR,ERR,ERR,ERR,ERR,ERR,ERR,ERR,ERR,ERR,ERR,ERR,ERR,ERR,ERR,ERR,ERR,ERR,ERR,ERR,ERR,ERR,ERR,ERR,ERR,ERR,ERR,ERR,ERR,ERR,ERR,ERR,ERR,ERR,ERR,ERR,ERR,ERR,ERR,ERR,ERR,ERR,ERR,ERR,ERR,ERR,ERR,ERR,ERR,ERR,ERR,ERR,ERR,ERR,ERR,ERR,ERR,ERR,ERR,ERR,ERR,ERR,ERR,ERR,ERR,ERR,ERR,ERR,ERR,ERR,ERR,ERR,ERR,ERR,ERR,ERR,ERR,ERR,ERR,ERR,ERR,ERR,ERR,ERR,ERR,ERR,ERR,ERR,ERR,ERR,ERR,ERR,0.0,-107615328.0,0.0,0.0,0.0,1.3936040501711995e+18,7.805,0.0,0,0,4,0,7300,-0.0,0,0.0,0.0,0.0,0.0,0.0,0,0,0,0,0.0,0,0,0,0,0,0,0,0,0,0,0,0,0,0,0,0,0,0,0,0,0,0,0,0,0,0,0,0,0,0,0,0,0,32,30,30,62,65476,0,300,0,0,8,21553,0.0,-107605600.0,0.0,0.0,0.0,0.0,0.0,0.0,0.0,0.0,0.0,0.0,0.0,0.0,0.0,0.0,0.0,0.0,0.0,0.0,0.0,0.0,2.004,0.0,-0.0,-2.004,0.0,0.0,0.0,0.0,5383.0,-8608194560.0,6970.0,0.0,-107615328.0,-107615280.0,-0.0,0.0,0.0,0.0,0.0,63,2.3088396621844998e+20,0.0,0.0,0.0,0.0,0.0,0.0,0.0,0.0,0,0,0,0.0,0.0,0.0,0.0,0.0,0.0,0.0,0.0,0.0,0.0,0.0,0.0,0.0,0.0,0.0,0.0,0,-107875648.0,63,0.0,126,2.7184242562605685e+23,-0.0,ERR,ERR,ERR,ERR,ERR,ERR,ERR,ERR,ERR,ERR,ERR,ERR,ERR,ERR,ERR,ERR,ERR,ERR,ERR,ERR,ERR,ERR,ERR,ERR,ERR,ERR,ERR,ERR,ERR,ERR,ERR,ERR,ERR,ERR,ERR,ERR,ERR,ERR,ERR,ERR,ERR,ERR,ERR,ERR,ERR,ERR,ERR,ERR,ERR,ERR,ERR,ERR,ERR,ERR,ERR,ERR,ERR,ERR,ERR,ERR,ERR,ERR,ERR,ERR,ERR,ERR,ERR,34.0,80.0,35,0.0,0.0,0.0,0.0,0.0,0.0,0.0,0.0,0.0,0.0,0.0,0.0,0.0,0.0,0.0,0.0,64.4,0,116,56,50,65476,0,300,0,0,8,20529,65476,0,0,57672,80.0,0.0,0.0,0.0,0.0,0.0
2026-06-17T04:27:54,ERR,ERR,ERR,ERR,ERR,ERR,ERR,ERR,ERR,ERR,ERR,ERR,ERR,ERR,ERR,ERR,ERR,ERR,ERR,ERR,ERR,ERR,ERR,ERR,ERR,ERR,ERR,ERR,ERR,ERR,ERR,ERR,ERR,ERR,ERR,ERR,ERR,ERR,ERR,ERR,ERR,ERR,ERR,ERR,ERR,ERR,ERR,ERR,ERR,ERR,ERR,ERR,ERR,ERR,ERR,ERR,ERR,ERR,ERR,ERR,ERR,ERR,ERR,ERR,ERR,ERR,ERR,ERR,ERR,ERR,ERR,ERR,ERR,ERR,ERR,ERR,ERR,ERR,ERR,ERR,ERR,ERR,ERR,ERR,ERR,ERR,ERR,ERR,ERR,ERR,ERR,ERR,ERR,ERR,ERR,ERR,ERR,ERR,ERR,ERR,ERR,ERR,ERR,ERR,ERR,ERR,ERR,ERR,ERR,ERR,ERR,ERR,ERR,ERR,ERR,ERR,ERR,ERR,ERR,ERR,ERR,ERR,ERR,ERR,ERR,0.0,-107615328.0,0.0,0.0,0.0,1.3936040501711995e+18,7.805,0.0,0,0,4,0,7300,-0.0,0,0.0,0.0,0.0,0.0,0.0,0,0,0,0,0.0,0,0,0,0,0,0,0,0,0,0,0,0,0,0,0,0,0,0,0,0,0,0,0,0,0,0,0,0,0,0,0,0,0,32,30,30,62,65476,0,300,0,0,8,21553,0.0,-107605600.0,0.0,0.0,0.0,0.0,0.0,0.0,0.0,0.0,0.0,0.0,0.0,0.0,0.0,0.0,0.0,0.0,0.0,0.0,0.0,0.0,2.004,0.0,-0.0,-2.004,0.0,0.0,0.0,0.0,5383.0,-8608194560.0,6970.0,0.0,-107615328.0,-107615280.0,-0.0,0.0,0.0,0.0,0.0,63,2.3088396621844998e+20,0.0,0.0,0.0,0.0,0.0,0.0,0.0,0.0,0,0,0,0.0,0.0,0.0,0.0,0.0,0.0,0.0,0.0,0.0,0.0,0.0,0.0,0.0,0.0,0.0,0.0,0,-107875648.0,63,0.0,126,2.7184242562605685e+23,-0.0,ERR,ERR,ERR,ERR,ERR,ERR,ERR,ERR,ERR,ERR,ERR,ERR,ERR,ERR,ERR,ERR,ERR,ERR,ERR,ERR,ERR,ERR,ERR,ERR,ERR,ERR,ERR,ERR,ERR,ERR,ERR,ERR,ERR,ERR,ERR,ERR,ERR,ERR,ERR,ERR,ERR,ERR,ERR,ERR,ERR,ERR,ERR,ERR,ERR,ERR,ERR,ERR,ERR,ERR,ERR,ERR,ERR,ERR,ERR,ERR,ERR,ERR,ERR,ERR,ERR,ERR,ERR,34.0,80.0,35,0.0,0.0,0.0,0.0,0.0,0.0,0.0,0.0,0.0,0.0,0.0,0.0,0.0,0.0,0.0,0.0,64.4,0,116,56,50,65476,0,300,0,0,8,20529,65476,0,0,57672,80.0,0.0,0.0,0.0,0.0,0.0
2026-06-17T04:27:55,ERR,ERR,ERR,ERR,ERR,ERR,ERR,ERR,ERR,ERR,ERR,ERR,ERR,ERR,ERR,ERR,ERR,ERR,ERR,ERR,ERR,ERR,ERR,ERR,ERR,ERR,ERR,ERR,ERR,ERR,ERR,ERR,ERR,ERR,ERR,ERR,ERR,ERR,ERR,ERR,ERR,ERR,ERR,ERR,ERR,ERR,ERR,ERR,ERR,ERR,ERR,ERR,ERR,ERR,ERR,ERR,ERR,ERR,ERR,ERR,ERR,ERR,ERR,ERR,ERR,ERR,ERR,ERR,ERR,ERR,ERR,ERR,ERR,ERR,ERR,ERR,ERR,ERR,ERR,ERR,ERR,ERR,ERR,ERR,ERR,ERR,ERR,ERR,ERR,ERR,ERR,ERR,ERR,ERR,ERR,ERR,ERR,ERR,ERR,ERR,ERR,ERR,ERR,ERR,ERR,ERR,ERR,ERR,ERR,ERR,ERR,ERR,ERR,ERR,ERR,ERR,ERR,ERR,ERR,ERR,ERR,ERR,ERR,ERR,ERR,0.0,-107615328.0,0.0,0.0,0.0,1.3936040501711995e+18,7.805,0.0,0,0,4,0,7300,-0.0,0,0.0,0.0,0.0,0.0,0.0,0,0,0,0,0.0,0,0,0,0,0,0,0,0,0,0,0,0,0,0,0,0,0,0,0,0,0,0,0,0,0,0,0,0,0,0,0,0,0,32,30,30,62,65476,0,300,0,0,8,21553,0.0,-107605600.0,0.0,0.0,0.0,0.0,0.0,0.0,0.0,0.0,0.0,0.0,0.0,0.0,0.0,0.0,0.0,0.0,0.0,0.0,0.0,0.0,2.004,0.0,-0.0,-2.004,0.0,0.0,0.0,0.0,5383.0,-8608194560.0,6970.0,0.0,-107615328.0,-107615280.0,-0.0,0.0,0.0,0.0,0.0,63,2.3088396621844998e+20,0.0,0.0,0.0,0.0,0.0,0.0,0.0,0.0,0,0,0,0.0,0.0,0.0,0.0,0.0,0.0,0.0,0.0,0.0,0.0,0.0,0.0,0.0,0.0,0.0,0.0,0,-107875648.0,63,0.0,126,2.7184242562605685e+23,-0.0,ERR,ERR,ERR,ERR,ERR,ERR,ERR,ERR,ERR,ERR,ERR,ERR,ERR,ERR,ERR,ERR,ERR,ERR,ERR,ERR,ERR,ERR,ERR,ERR,ERR,ERR,ERR,ERR,ERR,ERR,ERR,ERR,ERR,ERR,ERR,ERR,ERR,ERR,ERR,ERR,ERR,ERR,ERR,ERR,ERR,ERR,ERR,ERR,ERR,ERR,ERR,ERR,ERR,ERR,ERR,ERR,ERR,ERR,ERR,ERR,ERR,ERR,ERR,ERR,ERR,ERR,ERR,34.0,80.0,35,0.0,0.0,0.0,0.0,0.0,0.0,0.0,0.0,0.0,0.0,0.0,0.0,0.0,0.0,0.0,0.0,64.4,0,116,56,50,65476,0,300,0,0,8,20529,65476,0,0,57672,80.0,0.0,0.0,0.0,0.0,0.0
2026-06-17T04:27:56,ERR,ERR,ERR,ERR,ERR,ERR,ERR,ERR,ERR,ERR,ERR,ERR,ERR,ERR,ERR,ERR,ERR,ERR,ERR,ERR,ERR,ERR,ERR,ERR,ERR,ERR,ERR,ERR,ERR,ERR,ERR,ERR,ERR,ERR,ERR,ERR,ERR,ERR,ERR,ERR,ERR,ERR,ERR,ERR,ERR,ERR,ERR,ERR,ERR,ERR,ERR,ERR,ERR,ERR,ERR,ERR,ERR,ERR,ERR,ERR,ERR,ERR,ERR,ERR,ERR,ERR,ERR,ERR,ERR,ERR,ERR,ERR,ERR,ERR,ERR,ERR,ERR,ERR,ERR,ERR,ERR,ERR,ERR,ERR,ERR,ERR,ERR,ERR,ERR,ERR,ERR,ERR,ERR,ERR,ERR,ERR,ERR,ERR,ERR,ERR,ERR,ERR,ERR,ERR,ERR,ERR,ERR,ERR,ERR,ERR,ERR,ERR,ERR,ERR,ERR,ERR,ERR,ERR,ERR,ERR,ERR,ERR,ERR,ERR,ERR,0.0,-107615328.0,0.0,0.0,0.0,1.3936040501711995e+18,7.805,0.0,0,0,4,0,7300,-0.0,0,0.0,0.0,0.0,0.0,0.0,0,0,0,0,0.0,0,0,0,0,0,0,0,0,0,0,0,0,0,0,0,0,0,0,0,0,0,0,0,0,0,0,0,0,0,0,0,0,0,32,30,30,62,65476,0,300,0,0,8,21553,0.0,-107605600.0,0.0,0.0,0.0,0.0,0.0,0.0,0.0,0.0,0.0,0.0,0.0,0.0,0.0,0.0,0.0,0.0,0.0,0.0,0.0,0.0,2.004,0.0,-0.0,-2.004,0.0,0.0,0.0,0.0,5383.0,-0.0,6966.0,0.0,-107615328.0,-107615280.0,-0.0,0.0,0.0,0.0,0.0,63,2.3088396621844998e+20,-3.22200830126699e+26,0.0,0.0,0.0,0.0,0.0,0.0,0.0,0,0,0,0.0,0.0,0.0,0.0,0.0,0.0,0.0,0.0,0.0,0.0,0.0,0.0,0.0,0.0,0.0,0.0,0,-107875648.0,63,0.0,126,2.7184242562605685e+23,-0.0,ERR,ERR,ERR,ERR,ERR,ERR,ERR,ERR,ERR,ERR,ERR,ERR,ERR,ERR,ERR,ERR,ERR,ERR,ERR,ERR,ERR,ERR,ERR,ERR,ERR,ERR,ERR,ERR,ERR,ERR,ERR,ERR,ERR,ERR,ERR,ERR,ERR,ERR,ERR,ERR,ERR,ERR,ERR,ERR,ERR,ERR,ERR,ERR,ERR,ERR,ERR,ERR,ERR,ERR,ERR,ERR,ERR,ERR,ERR,ERR,ERR,ERR,ERR,ERR,ERR,ERR,ERR,34.0,80.0,35,0.0,0.0,0.0,0.0,0.0,0.0,0.0,0.0,0.0,0.0,0.0,0.0,0.0,0.0,0.0,0.0,64.4,0,116,56,50,65476,0,300,0,0,8,20529,65476,0,0,57672,80.0,0.0,0.0,0.0,0.0,0.0
2026-06-17T04:27:57,ERR,ERR,ERR,ERR,ERR,ERR,ERR,ERR,ERR,ERR,ERR,ERR,ERR,ERR,ERR,ERR,ERR,ERR,ERR,ERR,ERR,ERR,ERR,ERR,ERR,ERR,ERR,ERR,ERR,ERR,ERR,ERR,ERR,ERR,ERR,ERR,ERR,ERR,ERR,ERR,ERR,ERR,ERR,ERR,ERR,ERR,ERR,ERR,ERR,ERR,ERR,ERR,ERR,ERR,ERR,ERR,ERR,ERR,ERR,ERR,ERR,ERR,ERR,ERR,ERR,ERR,ERR,ERR,ERR,ERR,ERR,ERR,ERR,ERR,ERR,ERR,ERR,ERR,ERR,ERR,ERR,ERR,ERR,ERR,ERR,ERR,ERR,ERR,ERR,ERR,ERR,ERR,ERR,ERR,ERR,ERR,ERR,ERR,ERR,ERR,ERR,ERR,ERR,ERR,ERR,ERR,ERR,ERR,ERR,ERR,ERR,ERR,ERR,ERR,ERR,ERR,ERR,ERR,ERR,ERR,ERR,ERR,ERR,ERR,ERR,0.0,-107615328.0,0.0,0.0,0.0,1.3936040501711995e+18,7.805,0.0,0,0,4,0,7300,-0.0,0,0.0,0.0,0.0,0.0,0.0,0,0,0,0,0.0,0,0,0,0,0,0,0,0,0,0,0,0,0,0,0,0,0,0,0,0,0,0,0,0,0,0,0,0,0,0,0,0,0,32,30,30,62,65476,0,300,0,0,8,21553,0.0,-107605600.0,0.0,0.0,0.0,0.0,0.0,0.0,0.0,0.0,0.0,0.0,0.0,0.0,0.0,0.0,0.0,0.0,0.0,0.0,0.0,0.0,2.004,0.0,-0.0,-2.004,0.0,0.0,0.0,0.0,5383.0,-0.0,6966.0,0.0,-107615328.0,-107615280.0,-0.0,0.0,0.0,0.0,0.0,63,2.3088396621844998e+20,-3.22200830126699e+26,0.0,0.0,0.0,0.0,0.0,0.0,0.0,0,0,0,0.0,0.0,0.0,0.0,0.0,0.0,0.0,0.0,0.0,0.0,0.0,0.0,0.0,0.0,0.0,0.0,0,-107875648.0,63,0.0,126,2.7184242562605685e+23,-0.0,ERR,ERR,ERR,ERR,ERR,ERR,ERR,ERR,ERR,ERR,ERR,ERR,ERR,ERR,ERR,ERR,ERR,ERR,ERR,ERR,ERR,ERR,ERR,ERR,ERR,ERR,ERR,ERR,ERR,ERR,ERR,ERR,ERR,ERR,ERR,ERR,ERR,ERR,ERR,ERR,ERR,ERR,ERR,ERR,ERR,ERR,ERR,ERR,ERR,ERR,ERR,ERR,ERR,ERR,ERR,ERR,ERR,ERR,ERR,ERR,ERR,ERR,ERR,ERR,ERR,ERR,ERR,34.0,80.0,35,0.0,0.0,0.0,0.0,0.0,0.0,0.0,0.0,0.0,0.0,0.0,0.0,0.0,0.0,0.0,0.0,64.8,0,116,56,50,65476,0,300,0,0,8,20529,65476,0,0,57672,80.0,0.0,0.0,0.0,0.0,0.0
2026-06-17T04:27:58,ERR,ERR,ERR,ERR,ERR,ERR,ERR,ERR,ERR,ERR,ERR,ERR,ERR,ERR,ERR,ERR,ERR,ERR,ERR,ERR,ERR,ERR,ERR,ERR,ERR,ERR,ERR,ERR,ERR,ERR,ERR,ERR,ERR,ERR,ERR,ERR,ERR,ERR,ERR,ERR,ERR,ERR,ERR,ERR,ERR,ERR,ERR,ERR,ERR,ERR,ERR,ERR,ERR,ERR,ERR,ERR,ERR,ERR,ERR,ERR,ERR,ERR,ERR,ERR,ERR,ERR,ERR,ERR,ERR,ERR,ERR,ERR,ERR,ERR,ERR,ERR,ERR,ERR,ERR,ERR,ERR,ERR,ERR,ERR,ERR,ERR,ERR,ERR,ERR,ERR,ERR,ERR,ERR,ERR,ERR,ERR,ERR,ERR,ERR,ERR,ERR,ERR,ERR,ERR,ERR,ERR,ERR,ERR,ERR,ERR,ERR,ERR,ERR,ERR,ERR,ERR,ERR,ERR,ERR,ERR,ERR,ERR,ERR,ERR,ERR,0.0,-107615328.0,0.0,0.0,0.0,1.3936040501711995e+18,7.805,0.0,0,0,4,0,7300,-0.0,0,0.0,0.0,0.0,0.0,0.0,0,0,0,0,0.0,0,0,0,0,0,0,0,0,0,0,0,0,0,0,0,0,0,0,0,0,0,0,0,0,0,0,0,0,0,0,0,0,0,32,30,30,62,65476,0,300,0,0,8,21553,0.0,-107605600.0,0.0,0.0,0.0,0.0,0.0,0.0,0.0,0.0,0.0,0.0,0.0,0.0,0.0,0.0,0.0,0.0,0.0,0.0,0.0,0.0,2.004,0.0,-0.0,-2.004,0.0,0.0,0.0,0.0,5383.0,-0.0,6966.0,0.0,-107615328.0,-107615280.0,-0.0,0.0,0.0,0.0,0.0,63,2.3088396621844998e+20,-3.22200830126699e+26,0.0,0.0,0.0,0.0,0.0,0.0,0.0,0,0,0,0.0,0.0,0.0,0.0,0.0,0.0,0.0,0.0,0.0,0.0,0.0,0.0,0.0,0.0,0.0,0.0,0,-107875648.0,63,0.0,126,2.7184242562605685e+23,-0.0,ERR,ERR,ERR,ERR,ERR,ERR,ERR,ERR,ERR,ERR,ERR,ERR,ERR,ERR,ERR,ERR,ERR,ERR,ERR,ERR,ERR,ERR,ERR,ERR,ERR,ERR,ERR,ERR,ERR,ERR,ERR,ERR,ERR,ERR,ERR,ERR,ERR,ERR,ERR,ERR,ERR,ERR,ERR,ERR,ERR,ERR,ERR,ERR,ERR,ERR,ERR,ERR,ERR,ERR,ERR,ERR,ERR,ERR,ERR,ERR,ERR,ERR,ERR,ERR,ERR,ERR,ERR,34.0,80.0,35,0.0,0.0,0.0,0.0,0.0,0.0,0.0,0.0,0.0,0.0,0.0,0.0,0.0,0.0,0.0,0.0,64.8,0,116,56,50,65476,0,300,0,0,8,20529,65476,0,0,57672,80.0,0.0,0.0,0.0,0.0,0.0
2026-06-17T04:27:59,ERR,ERR,ERR,ERR,ERR,ERR,ERR,ERR,ERR,ERR,ERR,ERR,ERR,ERR,ERR,ERR,ERR,ERR,ERR,ERR,ERR,ERR,ERR,ERR,ERR,ERR,ERR,ERR,ERR,ERR,ERR,ERR,ERR,ERR,ERR,ERR,ERR,ERR,ERR,ERR,ERR,ERR,ERR,ERR,ERR,ERR,ERR,ERR,ERR,ERR,ERR,ERR,ERR,ERR,ERR,ERR,ERR,ERR,ERR,ERR,ERR,ERR,ERR,ERR,ERR,ERR,ERR,ERR,ERR,ERR,ERR,ERR,ERR,ERR,ERR,ERR,ERR,ERR,ERR,ERR,ERR,ERR,ERR,ERR,ERR,ERR,ERR,ERR,ERR,ERR,ERR,ERR,ERR,ERR,ERR,ERR,ERR,ERR,ERR,ERR,ERR,ERR,ERR,ERR,ERR,ERR,ERR,ERR,ERR,ERR,ERR,ERR,ERR,ERR,ERR,ERR,ERR,ERR,ERR,ERR,ERR,ERR,ERR,ERR,ERR,0.0,-107615328.0,0.0,0.0,0.0,1.3936040501711995e+18,7.805,0.0,0,0,4,0,7300,-0.0,0,0.0,0.0,0.0,0.0,0.0,0,0,0,0,0.0,0,0,0,0,0,0,0,0,0,0,0,0,0,0,0,0,0,0,0,0,0,0,0,0,0,0,0,0,0,0,0,0,0,32,30,30,62,65476,0,300,0,0,8,21553,0.0,-107605600.0,0.0,0.0,0.0,0.0,0.0,0.0,0.0,0.0,0.0,0.0,0.0,0.0,0.0,0.0,0.0,0.0,0.0,0.0,0.0,0.0,2.004,0.0,-0.0,-2.004,0.0,0.0,0.0,0.0,5383.0,-0.0,6966.0,0.0,-107615328.0,-107615280.0,-0.0,0.0,0.0,0.0,0.0,63,2.3088396621844998e+20,-3.22200830126699e+26,0.0,0.0,0.0,0.0,0.0,0.0,0.0,0,0,0,0.0,0.0,0.0,0.0,0.0,0.0,0.0,0.0,0.0,0.0,0.0,0.0,0.0,0.0,0.0,0.0,0,-107875648.0,63,0.0,126,2.7184242562605685e+23,-0.0,ERR,ERR,ERR,ERR,ERR,ERR,ERR,ERR,ERR,ERR,ERR,ERR,ERR,ERR,ERR,ERR,ERR,ERR,ERR,ERR,ERR,ERR,ERR,ERR,ERR,ERR,ERR,ERR,ERR,ERR,ERR,ERR,ERR,ERR,ERR,ERR,ERR,ERR,ERR,ERR,ERR,ERR,ERR,ERR,ERR,ERR,ERR,ERR,ERR,ERR,ERR,ERR,ERR,ERR,ERR,ERR,ERR,ERR,ERR,ERR,ERR,ERR,ERR,ERR,ERR,ERR,ERR,34.0,80.0,35,0.0,0.0,0.0,0.0,0.0,0.0,0.0,0.0,0.0,0.0,0.0,0.0,0.0,0.0,0.0,0.0,64.4,0,116,56,50,65476,0,300,0,0,8,20529,65476,0,0,57672,80.0,0.0,0.0,0.0,0.0,0.0
2026-06-17T04:28:00,ERR,ERR,ERR,ERR,ERR,ERR,ERR,ERR,ERR,ERR,ERR,ERR,ERR,ERR,ERR,ERR,ERR,ERR,ERR,ERR,ERR,ERR,ERR,ERR,ERR,ERR,ERR,ERR,ERR,ERR,ERR,ERR,ERR,ERR,ERR,ERR,ERR,ERR,ERR,ERR,ERR,ERR,ERR,ERR,ERR,ERR,ERR,ERR,ERR,ERR,ERR,ERR,ERR,ERR,ERR,ERR,ERR,ERR,ERR,ERR,ERR,ERR,ERR,ERR,ERR,ERR,ERR,ERR,ERR,ERR,ERR,ERR,ERR,ERR,ERR,ERR,ERR,ERR,ERR,ERR,ERR,ERR,ERR,ERR,ERR,ERR,ERR,ERR,ERR,ERR,ERR,ERR,ERR,ERR,ERR,ERR,ERR,ERR,ERR,ERR,ERR,ERR,ERR,ERR,ERR,ERR,ERR,ERR,ERR,ERR,ERR,ERR,ERR,ERR,ERR,ERR,ERR,ERR,ERR,ERR,ERR,ERR,ERR,ERR,ERR,0.0,-107615328.0,0.0,0.0,0.0,1.3936040501711995e+18,7.805,0.0,0,0,4,0,7300,-0.0,0,0.0,0.0,0.0,0.0,0.0,0,0,0,0,0.0,0,0,0,0,0,0,0,0,0,0,0,0,0,0,0,0,0,0,0,0,0,0,0,0,0,0,0,0,0,0,0,0,0,32,30,30,62,65476,0,300,0,0,8,21553,0.0,-107605600.0,0.0,0.0,0.0,0.0,0.0,0.0,0.0,0.0,0.0,0.0,0.0,0.0,0.0,0.0,0.0,0.0,0.0,0.0,0.0,0.0,2.004,0.0,-0.0,-2.004,0.0,0.0,0.0,0.0,5383.0,-0.0,6966.0,0.0,-107615328.0,-107615280.0,-0.0,0.0,0.0,0.0,0.0,63,2.3088396621844998e+20,-3.22200830126699e+26,0.0,0.0,0.0,0.0,0.0,0.0,0.0,0,0,0,0.0,0.0,0.0,0.0,0.0,0.0,0.0,0.0,0.0,0.0,0.0,0.0,0.0,0.0,0.0,0.0,0,-107875648.0,63,0.0,126,2.7184242562605685e+23,-0.0,ERR,ERR,ERR,ERR,ERR,ERR,ERR,ERR,ERR,ERR,ERR,ERR,ERR,ERR,ERR,ERR,ERR,ERR,ERR,ERR,ERR,ERR,ERR,ERR,ERR,ERR,ERR,ERR,ERR,ERR,ERR,ERR,ERR,ERR,ERR,ERR,ERR,ERR,ERR,ERR,ERR,ERR,ERR,ERR,ERR,ERR,ERR,ERR,ERR,ERR,ERR,ERR,ERR,ERR,ERR,ERR,ERR,ERR,ERR,ERR,ERR,ERR,ERR,ERR,ERR,ERR,ERR,34.0,80.0,35,0.0,0.0,0.0,0.0,0.0,0.0,0.0,0.0,0.0,0.0,0.0,0.0,0.0,0.0,0.0,0.0,64.4,0,116,56,50,65476,0,300,0,0,8,20529,65476,0,0,57672,80.0,0.0,0.0,0.0,0.0,0.0
2026-06-17T04:28:01,ERR,ERR,ERR,ERR,ERR,ERR,ERR,ERR,ERR,ERR,ERR,ERR,ERR,ERR,ERR,ERR,ERR,ERR,ERR,ERR,ERR,ERR,ERR,ERR,ERR,ERR,ERR,ERR,ERR,ERR,ERR,ERR,ERR,ERR,ERR,ERR,ERR,ERR,ERR,ERR,ERR,ERR,ERR,ERR,ERR,ERR,ERR,ERR,ERR,ERR,ERR,ERR,ERR,ERR,ERR,ERR,ERR,ERR,ERR,ERR,ERR,ERR,ERR,ERR,ERR,ERR,ERR,ERR,ERR,ERR,ERR,ERR,ERR,ERR,ERR,ERR,ERR,ERR,ERR,ERR,ERR,ERR,ERR,ERR,ERR,ERR,ERR,ERR,ERR,ERR,ERR,ERR,ERR,ERR,ERR,ERR,ERR,ERR,ERR,ERR,ERR,ERR,ERR,ERR,ERR,ERR,ERR,ERR,ERR,ERR,ERR,ERR,ERR,ERR,ERR,ERR,ERR,ERR,ERR,ERR,ERR,ERR,ERR,ERR,ERR,0.0,-107615328.0,0.0,0.0,0.0,1.3936040501711995e+18,7.805,0.0,0,0,4,0,7300,-0.0,0,0.0,0.0,0.0,0.0,0.0,0,0,0,0,0.0,0,0,0,0,0,0,0,0,0,0,0,0,0,0,0,0,0,0,0,0,0,0,0,0,0,0,0,0,0,0,0,0,0,32,30,30,62,65476,0,300,0,0,8,21553,0.0,-107605600.0,0.0,0.0,0.0,0.0,0.0,0.0,0.0,0.0,0.0,0.0,0.0,0.0,0.0,0.0,0.0,0.0,0.0,0.0,0.0,0.0,2.004,0.0,-0.0,-2.004,0.0,0.0,0.0,0.0,5383.0,-0.0,6966.0,0.0,-107615328.0,-107615280.0,-0.0,0.0,0.0,0.0,0.0,63,2.3088396621844998e+20,-3.22200830126699e+26,0.0,0.0,0.0,0.0,0.0,0.0,0.0,0,0,0,0.0,0.0,0.0,0.0,0.0,0.0,0.0,0.0,0.0,0.0,0.0,0.0,0.0,0.0,0.0,0.0,0,-107875648.0,63,0.0,126,2.7184242562605685e+23,-0.0,ERR,ERR,ERR,ERR,ERR,ERR,ERR,ERR,ERR,ERR,ERR,ERR,ERR,ERR,ERR,ERR,ERR,ERR,ERR,ERR,ERR,ERR,ERR,ERR,ERR,ERR,ERR,ERR,ERR,ERR,ERR,ERR,ERR,ERR,ERR,ERR,ERR,ERR,ERR,ERR,ERR,ERR,ERR,ERR,ERR,ERR,ERR,ERR,ERR,ERR,ERR,ERR,ERR,ERR,ERR,ERR,ERR,ERR,ERR,ERR,ERR,ERR,ERR,ERR,ERR,ERR,ERR,34.0,80.0,35,0.0,0.0,0.0,0.0,0.0,0.0,0.0,0.0,0.0,0.0,0.0,0.0,0.0,0.0,0.0,0.0,64.4,0,116,56,50,65476,0,300,0,0,8,20529,65476,0,0,57672,80.0,0.0,0.0,0.0,0.0,0.0
2026-06-17T04:28:02,ERR,ERR,ERR,ERR,ERR,ERR,ERR,ERR,ERR,ERR,ERR,ERR,ERR,ERR,ERR,ERR,ERR,ERR,ERR,ERR,ERR,ERR,ERR,ERR,ERR,ERR,ERR,ERR,ERR,ERR,ERR,ERR,ERR,ERR,ERR,ERR,ERR,ERR,ERR,ERR,ERR,ERR,ERR,ERR,ERR,ERR,ERR,ERR,ERR,ERR,ERR,ERR,ERR,ERR,ERR,ERR,ERR,ERR,ERR,ERR,ERR,ERR,ERR,ERR,ERR,ERR,ERR,ERR,ERR,ERR,ERR,ERR,ERR,ERR,ERR,ERR,ERR,ERR,ERR,ERR,ERR,ERR,ERR,ERR,ERR,ERR,ERR,ERR,ERR,ERR,ERR,ERR,ERR,ERR,ERR,ERR,ERR,ERR,ERR,ERR,ERR,ERR,ERR,ERR,ERR,ERR,ERR,ERR,ERR,ERR,ERR,ERR,ERR,ERR,ERR,ERR,ERR,ERR,ERR,ERR,ERR,ERR,ERR,ERR,ERR,0.0,-107615328.0,0.0,0.0,0.0,1.3936040501711995e+18,7.805,0.0,0,0,4,0,7300,-0.0,0,0.0,0.0,0.0,0.0,0.0,0,0,0,0,0.0,0,0,0,0,0,0,0,0,0,0,0,0,0,0,0,0,0,0,0,0,0,0,0,0,0,0,0,0,0,0,0,0,0,32,30,30,62,65476,0,300,0,0,8,21553,0.0,-107605600.0,0.0,0.0,0.0,0.0,0.0,0.0,0.0,0.0,0.0,0.0,0.0,0.0,0.0,0.0,0.0,0.0,0.0,0.0,0.0,0.0,2.004,0.0,-0.0,-2.004,0.0,0.0,0.0,0.0,5383.0,-0.0,6964.0,0.0,-107615328.0,-107615280.0,-0.0,0.0,0.0,0.0,0.0,63,2.3088396621844998e+20,-152017532092416.0,0.0,0.0,0.0,0.0,0.0,0.0,0.0,0,0,0,0.0,0.0,0.0,0.0,0.0,0.0,0.0,0.0,0.0,0.0,0.0,0.0,0.0,0.0,0.0,0.0,0,-107875648.0,63,0.0,126,2.7184242562605685e+23,-0.0,ERR,ERR,ERR,ERR,ERR,ERR,ERR,ERR,ERR,ERR,ERR,ERR,ERR,ERR,ERR,ERR,ERR,ERR,ERR,ERR,ERR,ERR,ERR,ERR,ERR,ERR,ERR,ERR,ERR,ERR,ERR,ERR,ERR,ERR,ERR,ERR,ERR,ERR,ERR,ERR,ERR,ERR,ERR,ERR,ERR,ERR,ERR,ERR,ERR,ERR,ERR,ERR,ERR,ERR,ERR,ERR,ERR,ERR,ERR,ERR,ERR,ERR,ERR,ERR,ERR,ERR,ERR,34.0,80.0,35,0.0,0.0,0.0,0.0,0.0,0.0,0.0,0.0,0.0,0.0,0.0,0.0,0.0,0.0,0.0,0.0,64.4,0,116,56,50,65476,0,300,0,0,8,20529,65476,0,0,57672,80.0,0.0,0.0,0.0,0.0,0.0
2026-06-17T04:28:03,ERR,ERR,ERR,ERR,ERR,ERR,ERR,ERR,ERR,ERR,ERR,ERR,ERR,ERR,ERR,ERR,ERR,ERR,ERR,ERR,ERR,ERR,ERR,ERR,ERR,ERR,ERR,ERR,ERR,ERR,ERR,ERR,ERR,ERR,ERR,ERR,ERR,ERR,ERR,ERR,ERR,ERR,ERR,ERR,ERR,ERR,ERR,ERR,ERR,ERR,ERR,ERR,ERR,ERR,ERR,ERR,ERR,ERR,ERR,ERR,ERR,ERR,ERR,ERR,ERR,ERR,ERR,ERR,ERR,ERR,ERR,ERR,ERR,ERR,ERR,ERR,ERR,ERR,ERR,ERR,ERR,ERR,ERR,ERR,ERR,ERR,ERR,ERR,ERR,ERR,ERR,ERR,ERR,ERR,ERR,ERR,ERR,ERR,ERR,ERR,ERR,ERR,ERR,ERR,ERR,ERR,ERR,ERR,ERR,ERR,ERR,ERR,ERR,ERR,ERR,ERR,ERR,ERR,ERR,ERR,ERR,ERR,ERR,ERR,ERR,0.0,-107615328.0,0.0,0.0,0.0,1.3936040501711995e+18,7.805,0.0,0,0,4,0,7300,-0.0,0,0.0,0.0,0.0,0.0,0.0,0,0,0,0,0.0,0,0,0,0,0,0,0,0,0,0,0,0,0,0,0,0,0,0,0,0,0,0,0,0,0,0,0,0,0,0,0,0,0,32,30,30,62,65476,0,300,0,0,8,21553,0.0,-107605600.0,0.0,0.0,0.0,0.0,0.0,0.0,0.0,0.0,0.0,0.0,0.0,0.0,0.0,0.0,0.0,0.0,0.0,0.0,0.0,0.0,2.004,0.0,-0.0,-2.004,0.0,0.0,0.0,0.0,5383.0,-0.0,6964.0,0.0,-107615328.0,-107615280.0,-0.0,0.0,0.0,0.0,0.0,63,2.3088396621844998e+20,-152017532092416.0,0.0,0.0,0.0,0.0,0.0,0.0,0.0,0,0,0,0.0,0.0,0.0,0.0,0.0,0.0,0.0,0.0,0.0,0.0,0.0,0.0,0.0,0.0,0.0,0.0,0,-107875648.0,63,0.0,126,2.7184242562605685e+23,-0.0,ERR,ERR,ERR,ERR,ERR,ERR,ERR,ERR,ERR,ERR,ERR,ERR,ERR,ERR,ERR,ERR,ERR,ERR,ERR,ERR,ERR,ERR,ERR,ERR,ERR,ERR,ERR,ERR,ERR,ERR,ERR,ERR,ERR,ERR,ERR,ERR,ERR,ERR,ERR,ERR,ERR,ERR,ERR,ERR,ERR,ERR,ERR,ERR,ERR,ERR,ERR,ERR,ERR,ERR,ERR,ERR,ERR,ERR,ERR,ERR,ERR,ERR,ERR,ERR,ERR,ERR,ERR,34.0,80.0,35,0.0,0.0,0.0,0.0,0.0,0.0,0.0,0.0,0.0,0.0,0.0,0.0,0.0,0.0,0.0,0.0,64.4,0,116,56,50,65476,0,300,0,0,8,20529,65476,0,0,57672,80.0,0.0,0.0,0.0,0.0,0.0
2026-06-17T04:28:04,ERR,ERR,ERR,ERR,ERR,ERR,ERR,ERR,ERR,ERR,ERR,ERR,ERR,ERR,ERR,ERR,ERR,ERR,ERR,ERR,ERR,ERR,ERR,ERR,ERR,ERR,ERR,ERR,ERR,ERR,ERR,ERR,ERR,ERR,ERR,ERR,ERR,ERR,ERR,ERR,ERR,ERR,ERR,ERR,ERR,ERR,ERR,ERR,ERR,ERR,ERR,ERR,ERR,ERR,ERR,ERR,ERR,ERR,ERR,ERR,ERR,ERR,ERR,ERR,ERR,ERR,ERR,ERR,ERR,ERR,ERR,ERR,ERR,ERR,ERR,ERR,ERR,ERR,ERR,ERR,ERR,ERR,ERR,ERR,ERR,ERR,ERR,ERR,ERR,ERR,ERR,ERR,ERR,ERR,ERR,ERR,ERR,ERR,ERR,ERR,ERR,ERR,ERR,ERR,ERR,ERR,ERR,ERR,ERR,ERR,ERR,ERR,ERR,ERR,ERR,ERR,ERR,ERR,ERR,ERR,ERR,ERR,ERR,ERR,ERR,0.0,-107615328.0,0.0,0.0,0.0,1.3936040501711995e+18,7.805,0.0,0,0,4,0,7300,-0.0,0,0.0,0.0,0.0,0.0,0.0,0,0,0,0,0.0,0,0,0,0,0,0,0,0,0,0,0,0,0,0,0,0,0,0,0,0,0,0,0,0,0,0,0,0,0,0,0,0,0,32,30,30,62,65476,0,300,0,0,8,21553,0.0,-107605600.0,0.0,0.0,0.0,0.0,0.0,0.0,0.0,0.0,0.0,0.0,0.0,0.0,0.0,0.0,0.0,0.0,0.0,0.0,0.0,0.0,2.004,0.0,-0.0,-2.004,0.0,0.0,0.0,0.0,5383.0,-0.0,6964.0,0.0,-107615328.0,-107615280.0,-0.0,0.0,0.0,0.0,0.0,63,2.3088396621844998e+20,-152017532092416.0,0.0,0.0,0.0,0.0,0.0,0.0,0.0,0,0,0,0.0,0.0,0.0,0.0,0.0,0.0,0.0,0.0,0.0,0.0,0.0,0.0,0.0,0.0,0.0,0.0,0,-107875648.0,63,0.0,126,2.7184242562605685e+23,-0.0,ERR,ERR,ERR,ERR,ERR,ERR,ERR,ERR,ERR,ERR,ERR,ERR,ERR,ERR,ERR,ERR,ERR,ERR,ERR,ERR,ERR,ERR,ERR,ERR,ERR,ERR,ERR,ERR,ERR,ERR,ERR,ERR,ERR,ERR,ERR,ERR,ERR,ERR,ERR,ERR,ERR,ERR,ERR,ERR,ERR,ERR,ERR,ERR,ERR,ERR,ERR,ERR,ERR,ERR,ERR,ERR,ERR,ERR,ERR,ERR,ERR,ERR,ERR,ERR,ERR,ERR,ERR,34.0,80.0,35,0.0,0.0,0.0,0.0,0.0,0.0,0.0,0.0,0.0,0.0,0.0,0.0,0.0,0.0,0.0,0.0,64.4,0,116,56,50,65476,0,300,0,0,8,20529,65476,0,0,57672,80.0,0.0,0.0,0.0,0.0,0.0
2026-06-17T04:28:05,ERR,ERR,ERR,ERR,ERR,ERR,ERR,ERR,ERR,ERR,ERR,ERR,ERR,ERR,ERR,ERR,ERR,ERR,ERR,ERR,ERR,ERR,ERR,ERR,ERR,ERR,ERR,ERR,ERR,ERR,ERR,ERR,ERR,ERR,ERR,ERR,ERR,ERR,ERR,ERR,ERR,ERR,ERR,ERR,ERR,ERR,ERR,ERR,ERR,ERR,ERR,ERR,ERR,ERR,ERR,ERR,ERR,ERR,ERR,ERR,ERR,ERR,ERR,ERR,ERR,ERR,ERR,ERR,ERR,ERR,ERR,ERR,ERR,ERR,ERR,ERR,ERR,ERR,ERR,ERR,ERR,ERR,ERR,ERR,ERR,ERR,ERR,ERR,ERR,ERR,ERR,ERR,ERR,ERR,ERR,ERR,ERR,ERR,ERR,ERR,ERR,ERR,ERR,ERR,ERR,ERR,ERR,ERR,ERR,ERR,ERR,ERR,ERR,ERR,ERR,ERR,ERR,ERR,ERR,ERR,ERR,ERR,ERR,ERR,ERR,0.0,-107615328.0,0.0,0.0,0.0,1.3936040501711995e+18,7.805,0.0,0,0,4,0,7300,-0.0,0,0.0,0.0,0.0,0.0,0.0,0,0,0,0,0.0,0,0,0,0,0,0,0,0,0,0,0,0,0,0,0,0,0,0,0,0,0,0,0,0,0,0,0,0,0,0,0,0,0,32,30,30,62,65476,0,300,0,0,8,21553,0.0,-107605600.0,0.0,0.0,0.0,0.0,0.0,0.0,0.0,0.0,0.0,0.0,0.0,0.0,0.0,0.0,0.0,0.0,0.0,0.0,0.0,0.0,2.004,0.0,-0.0,-2.004,0.0,0.0,0.0,0.0,5383.0,-0.0,6964.0,0.0,-107615328.0,-107615280.0,-0.0,0.0,0.0,0.0,0.0,63,2.3088396621844998e+20,-152017532092416.0,0.0,0.0,0.0,0.0,0.0,0.0,0.0,0,0,0,0.0,0.0,0.0,0.0,0.0,0.0,0.0,0.0,0.0,0.0,0.0,0.0,0.0,0.0,0.0,0.0,0,-107875648.0,63,0.0,126,2.7184242562605685e+23,-0.0,ERR,ERR,ERR,ERR,ERR,ERR,ERR,ERR,ERR,ERR,ERR,ERR,ERR,ERR,ERR,ERR,ERR,ERR,ERR,ERR,ERR,ERR,ERR,ERR,ERR,ERR,ERR,ERR,ERR,ERR,ERR,ERR,ERR,ERR,ERR,ERR,ERR,ERR,ERR,ERR,ERR,ERR,ERR,ERR,ERR,ERR,ERR,ERR,ERR,ERR,ERR,ERR,ERR,ERR,ERR,ERR,ERR,ERR,ERR,ERR,ERR,ERR,ERR,ERR,ERR,ERR,ERR,34.0,80.0,35,0.0,0.0,0.0,0.0,0.0,0.0,0.0,0.0,0.0,0.0,0.0,0.0,0.0,0.0,0.0,0.0,64.4,0,116,56,50,65476,0,300,0,0,8,20529,65476,0,0,57672,80.0,0.0,0.0,0.0,0.0,0.0
2026-06-17T04:28:06,ERR,ERR,ERR,ERR,ERR,ERR,ERR,ERR,ERR,ERR,ERR,ERR,ERR,ERR,ERR,ERR,ERR,ERR,ERR,ERR,ERR,ERR,ERR,ERR,ERR,ERR,ERR,ERR,ERR,ERR,ERR,ERR,ERR,ERR,ERR,ERR,ERR,ERR,ERR,ERR,ERR,ERR,ERR,ERR,ERR,ERR,ERR,ERR,ERR,ERR,ERR,ERR,ERR,ERR,ERR,ERR,ERR,ERR,ERR,ERR,ERR,ERR,ERR,ERR,ERR,ERR,ERR,ERR,ERR,ERR,ERR,ERR,ERR,ERR,ERR,ERR,ERR,ERR,ERR,ERR,ERR,ERR,ERR,ERR,ERR,ERR,ERR,ERR,ERR,ERR,ERR,ERR,ERR,ERR,ERR,ERR,ERR,ERR,ERR,ERR,ERR,ERR,ERR,ERR,ERR,ERR,ERR,ERR,ERR,ERR,ERR,ERR,ERR,ERR,ERR,ERR,ERR,ERR,ERR,ERR,ERR,ERR,ERR,ERR,ERR,0.0,-107615328.0,0.0,0.0,0.0,1.3936040501711995e+18,7.805,0.0,0,0,4,0,7300,-0.0,0,0.0,0.0,0.0,0.0,0.0,0,0,0,0,0.0,0,0,0,0,0,0,0,0,0,0,0,0,0,0,0,0,0,0,0,0,0,0,0,0,0,0,0,0,0,0,0,0,0,32,30,30,62,65476,0,300,0,0,8,21553,0.0,-107605600.0,0.0,0.0,0.0,0.0,0.0,0.0,0.0,0.0,0.0,0.0,0.0,0.0,0.0,0.0,0.0,0.0,0.0,0.0,0.0,0.0,2.004,0.0,-0.0,-2.004,0.0,0.0,0.0,0.0,5383.0,-0.0,6964.0,0.0,-107615328.0,-107615280.0,-0.0,0.0,0.0,0.0,0.0,63,2.3088396621844998e+20,-152017532092416.0,0.0,0.0,0.0,0.0,0.0,0.0,0.0,0,0,0,0.0,0.0,0.0,0.0,0.0,0.0,0.0,0.0,0.0,0.0,0.0,0.0,0.0,0.0,0.0,0.0,0,-107875648.0,63,0.0,126,2.7184242562605685e+23,-0.0,ERR,ERR,ERR,ERR,ERR,ERR,ERR,ERR,ERR,ERR,ERR,ERR,ERR,ERR,ERR,ERR,ERR,ERR,ERR,ERR,ERR,ERR,ERR,ERR,ERR,ERR,ERR,ERR,ERR,ERR,ERR,ERR,ERR,ERR,ERR,ERR,ERR,ERR,ERR,ERR,ERR,ERR,ERR,ERR,ERR,ERR,ERR,ERR,ERR,ERR,ERR,ERR,ERR,ERR,ERR,ERR,ERR,ERR,ERR,ERR,ERR,ERR,ERR,ERR,ERR,ERR,ERR,34.0,80.0,35,0.0,0.0,0.0,0.0,0.0,0.0,0.0,0.0,0.0,0.0,0.0,0.0,0.0,0.0,0.0,0.0,64.4,0,116,56,50,65476,0,300,0,0,8,20529,65476,0,0,57672,80.0,0.0,0.0,0.0,0.0,0.0
2026-06-17T04:28:07,ERR,ERR,ERR,ERR,ERR,ERR,ERR,ERR,ERR,ERR,ERR,ERR,ERR,ERR,ERR,ERR,ERR,ERR,ERR,ERR,ERR,ERR,ERR,ERR,ERR,ERR,ERR,ERR,ERR,ERR,ERR,ERR,ERR,ERR,ERR,ERR,ERR,ERR,ERR,ERR,ERR,ERR,ERR,ERR,ERR,ERR,ERR,ERR,ERR,ERR,ERR,ERR,ERR,ERR,ERR,ERR,ERR,ERR,ERR,ERR,ERR,ERR,ERR,ERR,ERR,ERR,ERR,ERR,ERR,ERR,ERR,ERR,ERR,ERR,ERR,ERR,ERR,ERR,ERR,ERR,ERR,ERR,ERR,ERR,ERR,ERR,ERR,ERR,ERR,ERR,ERR,ERR,ERR,ERR,ERR,ERR,ERR,ERR,ERR,ERR,ERR,ERR,ERR,ERR,ERR,ERR,ERR,ERR,ERR,ERR,ERR,ERR,ERR,ERR,ERR,ERR,ERR,ERR,ERR,ERR,ERR,ERR,ERR,ERR,ERR,0.0,-107615328.0,0.0,0.0,0.0,1.3936040501711995e+18,7.805,0.0,0,0,4,0,7300,-0.0,0,0.0,0.0,0.0,0.0,0.0,0,0,0,0,0.0,0,0,0,0,0,0,0,0,0,0,0,0,0,0,0,0,0,0,0,0,0,0,0,0,0,0,0,0,0,0,0,0,0,32,30,30,62,65476,0,300,0,0,8,21553,0.0,-107605600.0,0.0,0.0,0.0,0.0,0.0,0.0,0.0,0.0,0.0,0.0,0.0,0.0,0.0,0.0,0.0,0.0,0.0,0.0,0.0,0.0,2.004,0.0,-0.0,-2.004,0.0,0.0,0.0,0.0,5383.0,-0.0,6966.0,0.0,-107615328.0,-107615280.0,-0.0,0.0,0.0,0.0,0.0,63,2.3088396621844998e+20,-3.22200830126699e+26,0.0,0.0,0.0,0.0,0.0,0.0,0.0,0,0,0,0.0,0.0,0.0,0.0,0.0,0.0,0.0,0.0,0.0,0.0,0.0,0.0,0.0,0.0,0.0,0.0,0,-107875648.0,63,0.0,126,2.7184242562605685e+23,-0.0,ERR,ERR,ERR,ERR,ERR,ERR,ERR,ERR,ERR,ERR,ERR,ERR,ERR,ERR,ERR,ERR,ERR,ERR,ERR,ERR,ERR,ERR,ERR,ERR,ERR,ERR,ERR,ERR,ERR,ERR,ERR,ERR,ERR,ERR,ERR,ERR,ERR,ERR,ERR,ERR,ERR,ERR,ERR,ERR,ERR,ERR,ERR,ERR,ERR,ERR,ERR,ERR,ERR,ERR,ERR,ERR,ERR,ERR,ERR,ERR,ERR,ERR,ERR,ERR,ERR,ERR,ERR,34.0,80.0,35,0.0,0.0,0.0,0.0,0.0,0.0,0.0,0.0,0.0,0.0,0.0,0.0,0.0,0.0,0.0,0.0,64.4,0,116,56,50,65476,0,300,0,0,8,20529,65476,0,0,57672,80.0,0.0,0.0,0.0,0.0,0.0
2026-06-17T04:28:08,ERR,ERR,ERR,ERR,ERR,ERR,ERR,ERR,ERR,ERR,ERR,ERR,ERR,ERR,ERR,ERR,ERR,ERR,ERR,ERR,ERR,ERR,ERR,ERR,ERR,ERR,ERR,ERR,ERR,ERR,ERR,ERR,ERR,ERR,ERR,ERR,ERR,ERR,ERR,ERR,ERR,ERR,ERR,ERR,ERR,ERR,ERR,ERR,ERR,ERR,ERR,ERR,ERR,ERR,ERR,ERR,ERR,ERR,ERR,ERR,ERR,ERR,ERR,ERR,ERR,ERR,ERR,ERR,ERR,ERR,ERR,ERR,ERR,ERR,ERR,ERR,ERR,ERR,ERR,ERR,ERR,ERR,ERR,ERR,ERR,ERR,ERR,ERR,ERR,ERR,ERR,ERR,ERR,ERR,ERR,ERR,ERR,ERR,ERR,ERR,ERR,ERR,ERR,ERR,ERR,ERR,ERR,ERR,ERR,ERR,ERR,ERR,ERR,ERR,ERR,ERR,ERR,ERR,ERR,ERR,ERR,ERR,ERR,ERR,ERR,0.0,-107615328.0,0.0,0.0,0.0,1.3936040501711995e+18,7.805,0.0,0,0,4,0,7300,-0.0,0,0.0,0.0,0.0,0.0,0.0,0,0,0,0,0.0,0,0,0,0,0,0,0,0,0,0,0,0,0,0,0,0,0,0,0,0,0,0,0,0,0,0,0,0,0,0,0,0,0,32,30,30,62,65476,0,300,0,0,8,21553,0.0,-107605600.0,0.0,0.0,0.0,0.0,0.0,0.0,0.0,0.0,0.0,0.0,0.0,0.0,0.0,0.0,0.0,0.0,0.0,0.0,0.0,0.0,2.004,0.0,-0.0,-2.004,0.0,0.0,0.0,0.0,5383.0,-0.0,6966.0,0.0,-107615328.0,-107615280.0,-0.0,0.0,0.0,0.0,0.0,63,2.3088396621844998e+20,-3.22200830126699e+26,0.0,0.0,0.0,0.0,0.0,0.0,0.0,0,0,0,0.0,0.0,0.0,0.0,0.0,0.0,0.0,0.0,0.0,0.0,0.0,0.0,0.0,0.0,0.0,0.0,0,-107875648.0,63,0.0,126,2.7184242562605685e+23,-0.0,ERR,ERR,ERR,ERR,ERR,ERR,ERR,ERR,ERR,ERR,ERR,ERR,ERR,ERR,ERR,ERR,ERR,ERR,ERR,ERR,ERR,ERR,ERR,ERR,ERR,ERR,ERR,ERR,ERR,ERR,ERR,ERR,ERR,ERR,ERR,ERR,ERR,ERR,ERR,ERR,ERR,ERR,ERR,ERR,ERR,ERR,ERR,ERR,ERR,ERR,ERR,ERR,ERR,ERR,ERR,ERR,ERR,ERR,ERR,ERR,ERR,ERR,ERR,ERR,ERR,ERR,ERR,34.0,80.0,35,0.0,0.0,0.0,0.0,0.0,0.0,0.0,0.0,0.0,0.0,0.0,0.0,0.0,0.0,0.0,0.0,64.4,0,116,56,50,65476,0,300,0,0,8,20529,65476,0,0,57672,80.0,0.0,0.0,0.0,0.0,0.0
2026-06-17T04:28:09,ERR,ERR,ERR,ERR,ERR,ERR,ERR,ERR,ERR,ERR,ERR,ERR,ERR,ERR,ERR,ERR,ERR,ERR,ERR,ERR,ERR,ERR,ERR,ERR,ERR,ERR,ERR,ERR,ERR,ERR,ERR,ERR,ERR,ERR,ERR,ERR,ERR,ERR,ERR,ERR,ERR,ERR,ERR,ERR,ERR,ERR,ERR,ERR,ERR,ERR,ERR,ERR,ERR,ERR,ERR,ERR,ERR,ERR,ERR,ERR,ERR,ERR,ERR,ERR,ERR,ERR,ERR,ERR,ERR,ERR,ERR,ERR,ERR,ERR,ERR,ERR,ERR,ERR,ERR,ERR,ERR,ERR,ERR,ERR,ERR,ERR,ERR,ERR,ERR,ERR,ERR,ERR,ERR,ERR,ERR,ERR,ERR,ERR,ERR,ERR,ERR,ERR,ERR,ERR,ERR,ERR,ERR,ERR,ERR,ERR,ERR,ERR,ERR,ERR,ERR,ERR,ERR,ERR,ERR,ERR,ERR,ERR,ERR,ERR,ERR,0.0,-107615328.0,0.0,0.0,0.0,1.3936040501711995e+18,7.805,0.0,0,0,4,0,7300,-0.0,0,0.0,0.0,0.0,0.0,0.0,0,0,0,0,0.0,0,0,0,0,0,0,0,0,0,0,0,0,0,0,0,0,0,0,0,0,0,0,0,0,0,0,0,0,0,0,0,0,0,32,30,30,62,65476,0,300,0,0,8,21553,0.0,-107605600.0,0.0,0.0,0.0,0.0,0.0,0.0,0.0,0.0,0.0,0.0,0.0,0.0,0.0,0.0,0.0,0.0,0.0,0.0,0.0,0.0,2.004,0.0,-0.0,-2.004,0.0,0.0,0.0,0.0,5383.0,-0.0,6966.0,0.0,-107615328.0,-107615280.0,-0.0,0.0,0.0,0.0,0.0,63,2.3088396621844998e+20,-3.22200830126699e+26,0.0,0.0,0.0,0.0,0.0,0.0,0.0,0,0,0,0.0,0.0,0.0,0.0,0.0,0.0,0.0,0.0,0.0,0.0,0.0,0.0,0.0,0.0,0.0,0.0,0,-107875648.0,63,0.0,126,2.7184242562605685e+23,-0.0,ERR,ERR,ERR,ERR,ERR,ERR,ERR,ERR,ERR,ERR,ERR,ERR,ERR,ERR,ERR,ERR,ERR,ERR,ERR,ERR,ERR,ERR,ERR,ERR,ERR,ERR,ERR,ERR,ERR,ERR,ERR,ERR,ERR,ERR,ERR,ERR,ERR,ERR,ERR,ERR,ERR,ERR,ERR,ERR,ERR,ERR,ERR,ERR,ERR,ERR,ERR,ERR,ERR,ERR,ERR,ERR,ERR,ERR,ERR,ERR,ERR,ERR,ERR,ERR,ERR,ERR,ERR,34.0,80.0,35,0.0,0.0,0.0,0.0,0.0,0.0,0.0,0.0,0.0,0.0,0.0,0.0,0.0,0.0,0.0,0.0,64.4,0,116,56,50,65476,0,300,0,0,8,20529,65476,0,0,57672,80.0,0.0,0.0,0.0,0.0,0.0
2026-06-17T04:28:10,ERR,ERR,ERR,ERR,ERR,ERR,ERR,ERR,ERR,ERR,ERR,ERR,ERR,ERR,ERR,ERR,ERR,ERR,ERR,ERR,ERR,ERR,ERR,ERR,ERR,ERR,ERR,ERR,ERR,ERR,ERR,ERR,ERR,ERR,ERR,ERR,ERR,ERR,ERR,ERR,ERR,ERR,ERR,ERR,ERR,ERR,ERR,ERR,ERR,ERR,ERR,ERR,ERR,ERR,ERR,ERR,ERR,ERR,ERR,ERR,ERR,ERR,ERR,ERR,ERR,ERR,ERR,ERR,ERR,ERR,ERR,ERR,ERR,ERR,ERR,ERR,ERR,ERR,ERR,ERR,ERR,ERR,ERR,ERR,ERR,ERR,ERR,ERR,ERR,ERR,ERR,ERR,ERR,ERR,ERR,ERR,ERR,ERR,ERR,ERR,ERR,ERR,ERR,ERR,ERR,ERR,ERR,ERR,ERR,ERR,ERR,ERR,ERR,ERR,ERR,ERR,ERR,ERR,ERR,ERR,ERR,ERR,ERR,ERR,ERR,0.0,-107615328.0,0.0,0.0,0.0,1.3936040501711995e+18,7.805,0.0,0,0,4,0,7300,-0.0,0,0.0,0.0,0.0,0.0,0.0,0,0,0,0,0.0,0,0,0,0,0,0,0,0,0,0,0,0,0,0,0,0,0,0,0,0,0,0,0,0,0,0,0,0,0,0,0,0,0,32,30,30,62,65476,0,300,0,0,8,21553,0.0,-107605600.0,0.0,0.0,0.0,0.0,0.0,0.0,0.0,0.0,0.0,0.0,0.0,0.0,0.0,0.0,0.0,0.0,0.0,0.0,0.0,0.0,2.004,0.0,-0.0,-2.004,0.0,0.0,0.0,0.0,5383.0,-0.0,6966.0,0.0,-107615328.0,-107615280.0,-0.0,0.0,0.0,0.0,0.0,63,2.3088396621844998e+20,-3.22200830126699e+26,0.0,0.0,0.0,0.0,0.0,0.0,0.0,0,0,0,0.0,0.0,0.0,0.0,0.0,0.0,0.0,0.0,0.0,0.0,0.0,0.0,0.0,0.0,0.0,0.0,0,-107875648.0,63,0.0,126,2.7184242562605685e+23,-0.0,ERR,ERR,ERR,ERR,ERR,ERR,ERR,ERR,ERR,ERR,ERR,ERR,ERR,ERR,ERR,ERR,ERR,ERR,ERR,ERR,ERR,ERR,ERR,ERR,ERR,ERR,ERR,ERR,ERR,ERR,ERR,ERR,ERR,ERR,ERR,ERR,ERR,ERR,ERR,ERR,ERR,ERR,ERR,ERR,ERR,ERR,ERR,ERR,ERR,ERR,ERR,ERR,ERR,ERR,ERR,ERR,ERR,ERR,ERR,ERR,ERR,ERR,ERR,ERR,ERR,ERR,ERR,34.0,80.0,35,0.0,0.0,0.0,0.0,0.0,0.0,0.0,0.0,0.0,0.0,0.0,0.0,0.0,0.0,0.0,0.0,64.4,0,116,56,50,65476,0,300,0,0,8,20529,65476,0,0,57672,80.0,0.0,0.0,0.0,0.0,0.0
2026-06-17T04:28:11,ERR,ERR,ERR,ERR,ERR,ERR,ERR,ERR,ERR,ERR,ERR,ERR,ERR,ERR,ERR,ERR,ERR,ERR,ERR,ERR,ERR,ERR,ERR,ERR,ERR,ERR,ERR,ERR,ERR,ERR,ERR,ERR,ERR,ERR,ERR,ERR,ERR,ERR,ERR,ERR,ERR,ERR,ERR,ERR,ERR,ERR,ERR,ERR,ERR,ERR,ERR,ERR,ERR,ERR,ERR,ERR,ERR,ERR,ERR,ERR,ERR,ERR,ERR,ERR,ERR,ERR,ERR,ERR,ERR,ERR,ERR,ERR,ERR,ERR,ERR,ERR,ERR,ERR,ERR,ERR,ERR,ERR,ERR,ERR,ERR,ERR,ERR,ERR,ERR,ERR,ERR,ERR,ERR,ERR,ERR,ERR,ERR,ERR,ERR,ERR,ERR,ERR,ERR,ERR,ERR,ERR,ERR,ERR,ERR,ERR,ERR,ERR,ERR,ERR,ERR,ERR,ERR,ERR,ERR,ERR,ERR,ERR,ERR,ERR,ERR,0.0,-107615328.0,0.0,0.0,0.0,1.3936040501711995e+18,7.805,0.0,0,0,4,0,7300,-0.0,0,0.0,0.0,0.0,0.0,0.0,0,0,0,0,0.0,0,0,0,0,0,0,0,0,0,0,0,0,0,0,0,0,0,0,0,0,0,0,0,0,0,0,0,0,0,0,0,0,0,32,30,30,62,65476,0,300,0,0,8,21553,0.0,-107605600.0,0.0,0.0,0.0,0.0,0.0,0.0,0.0,0.0,0.0,0.0,0.0,0.0,0.0,0.0,0.0,0.0,0.0,0.0,0.0,0.0,2.004,0.0,-0.0,-2.004,0.0,0.0,0.0,0.0,5383.0,-0.0,6966.0,0.0,-107615328.0,-107615280.0,-0.0,0.0,0.0,0.0,0.0,63,2.3088396621844998e+20,-3.22200830126699e+26,0.0,0.0,0.0,0.0,0.0,0.0,0.0,0,0,0,0.0,0.0,0.0,0.0,0.0,0.0,0.0,0.0,0.0,0.0,0.0,0.0,0.0,0.0,0.0,0.0,0,-107875648.0,63,0.0,126,2.7184242562605685e+23,-0.0,ERR,ERR,ERR,ERR,ERR,ERR,ERR,ERR,ERR,ERR,ERR,ERR,ERR,ERR,ERR,ERR,ERR,ERR,ERR,ERR,ERR,ERR,ERR,ERR,ERR,ERR,ERR,ERR,ERR,ERR,ERR,ERR,ERR,ERR,ERR,ERR,ERR,ERR,ERR,ERR,ERR,ERR,ERR,ERR,ERR,ERR,ERR,ERR,ERR,ERR,ERR,ERR,ERR,ERR,ERR,ERR,ERR,ERR,ERR,ERR,ERR,ERR,ERR,ERR,ERR,ERR,ERR,34.0,80.0,35,0.0,0.0,0.0,0.0,0.0,0.0,0.0,0.0,0.0,0.0,0.0,0.0,0.0,0.0,0.0,0.0,64.4,0,116,56,50,65476,0,300,0,0,8,20529,65476,0,0,57672,80.0,0.0,0.0,0.0,0.0,0.0
2026-06-17T04:28:12,ERR,ERR,ERR,ERR,ERR,ERR,ERR,ERR,ERR,ERR,ERR,ERR,ERR,ERR,ERR,ERR,ERR,ERR,ERR,ERR,ERR,ERR,ERR,ERR,ERR,ERR,ERR,ERR,ERR,ERR,ERR,ERR,ERR,ERR,ERR,ERR,ERR,ERR,ERR,ERR,ERR,ERR,ERR,ERR,ERR,ERR,ERR,ERR,ERR,ERR,ERR,ERR,ERR,ERR,ERR,ERR,ERR,ERR,ERR,ERR,ERR,ERR,ERR,ERR,ERR,ERR,ERR,ERR,ERR,ERR,ERR,ERR,ERR,ERR,ERR,ERR,ERR,ERR,ERR,ERR,ERR,ERR,ERR,ERR,ERR,ERR,ERR,ERR,ERR,ERR,ERR,ERR,ERR,ERR,ERR,ERR,ERR,ERR,ERR,ERR,ERR,ERR,ERR,ERR,ERR,ERR,ERR,ERR,ERR,ERR,ERR,ERR,ERR,ERR,ERR,ERR,ERR,ERR,ERR,ERR,ERR,ERR,ERR,ERR,ERR,0.0,-107615328.0,0.0,0.0,0.0,1.3936040501711995e+18,7.805,0.0,0,0,4,0,7300,-0.0,0,0.0,0.0,0.0,0.0,0.0,0,0,0,0,0.0,0,0,0,0,0,0,0,0,0,0,0,0,0,0,0,0,0,0,0,0,0,0,0,0,0,0,0,0,0,0,0,0,0,32,30,30,62,65476,0,300,0,0,8,21553,0.0,-107605600.0,0.0,0.0,0.0,0.0,0.0,0.0,0.0,0.0,0.0,0.0,0.0,0.0,0.0,0.0,0.0,0.0,0.0,0.0,0.0,0.0,2.004,0.0,-0.0,-2.004,0.0,0.0,0.0,0.0,5382.0,-0.0,6968.0,0.0,-107615328.0,-107615280.0,-0.0,0.0,0.0,0.0,0.0,63,1.905697261480837e+17,0.0,0.0,0.0,0.0,0.0,0.0,0.0,0.0,0,0,0,0.0,0.0,0.0,0.0,0.0,0.0,0.0,0.0,0.0,0.0,0.0,0.0,0.0,0.0,0.0,0.0,0,-107875648.0,63,0.0,126,2.7184242562605685e+23,-0.0,ERR,ERR,ERR,ERR,ERR,ERR,ERR,ERR,ERR,ERR,ERR,ERR,ERR,ERR,ERR,ERR,ERR,ERR,ERR,ERR,ERR,ERR,ERR,ERR,ERR,ERR,ERR,ERR,ERR,ERR,ERR,ERR,ERR,ERR,ERR,ERR,ERR,ERR,ERR,ERR,ERR,ERR,ERR,ERR,ERR,ERR,ERR,ERR,ERR,ERR,ERR,ERR,ERR,ERR,ERR,ERR,ERR,ERR,ERR,ERR,ERR,ERR,ERR,ERR,ERR,ERR,ERR,34.0,80.0,35,0.0,0.0,0.0,0.0,0.0,0.0,0.0,0.0,0.0,0.0,0.0,0.0,0.0,0.0,0.0,0.0,64.4,0,116,56,50,65476,0,300,0,0,8,20529,65476,0,0,57672,80.0,0.0,0.0,0.0,0.0,0.0
2026-06-17T04:28:13,ERR,ERR,ERR,ERR,ERR,ERR,ERR,ERR,ERR,ERR,ERR,ERR,ERR,ERR,ERR,ERR,ERR,ERR,ERR,ERR,ERR,ERR,ERR,ERR,ERR,ERR,ERR,ERR,ERR,ERR,ERR,ERR,ERR,ERR,ERR,ERR,ERR,ERR,ERR,ERR,ERR,ERR,ERR,ERR,ERR,ERR,ERR,ERR,ERR,ERR,ERR,ERR,ERR,ERR,ERR,ERR,ERR,ERR,ERR,ERR,ERR,ERR,ERR,ERR,ERR,ERR,ERR,ERR,ERR,ERR,ERR,ERR,ERR,ERR,ERR,ERR,ERR,ERR,ERR,ERR,ERR,ERR,ERR,ERR,ERR,ERR,ERR,ERR,ERR,ERR,ERR,ERR,ERR,ERR,ERR,ERR,ERR,ERR,ERR,ERR,ERR,ERR,ERR,ERR,ERR,ERR,ERR,ERR,ERR,ERR,ERR,ERR,ERR,ERR,ERR,ERR,ERR,ERR,ERR,ERR,ERR,ERR,ERR,ERR,ERR,0.0,-107615328.0,0.0,0.0,0.0,1.3936040501711995e+18,7.805,0.0,0,0,4,0,7300,-0.0,0,0.0,0.0,0.0,0.0,0.0,0,0,0,0,0.0,0,0,0,0,0,0,0,0,0,0,0,0,0,0,0,0,0,0,0,0,0,0,0,0,0,0,0,0,0,0,0,0,0,32,30,30,62,65476,0,300,0,0,8,21553,0.0,-107605600.0,0.0,0.0,0.0,0.0,0.0,0.0,0.0,0.0,0.0,0.0,0.0,0.0,0.0,0.0,0.0,0.0,0.0,0.0,0.0,0.0,2.004,0.0,-0.0,-2.004,0.0,0.0,0.0,0.0,5382.0,-0.0,6968.0,0.0,-107615328.0,-107615280.0,-0.0,0.0,0.0,0.0,0.0,63,1.905697261480837e+17,0.0,0.0,0.0,0.0,0.0,0.0,0.0,0.0,0,0,0,0.0,0.0,0.0,0.0,0.0,0.0,0.0,0.0,0.0,0.0,0.0,0.0,0.0,0.0,0.0,0.0,0,-107875648.0,63,0.0,126,2.7184242562605685e+23,-0.0,ERR,ERR,ERR,ERR,ERR,ERR,ERR,ERR,ERR,ERR,ERR,ERR,ERR,ERR,ERR,ERR,ERR,ERR,ERR,ERR,ERR,ERR,ERR,ERR,ERR,ERR,ERR,ERR,ERR,ERR,ERR,ERR,ERR,ERR,ERR,ERR,ERR,ERR,ERR,ERR,ERR,ERR,ERR,ERR,ERR,ERR,ERR,ERR,ERR,ERR,ERR,ERR,ERR,ERR,ERR,ERR,ERR,ERR,ERR,ERR,ERR,ERR,ERR,ERR,ERR,ERR,ERR,34.0,80.0,35,0.0,0.0,0.0,0.0,0.0,0.0,0.0,0.0,0.0,0.0,0.0,0.0,0.0,0.0,0.0,0.0,64.8,0,116,56,50,65476,0,300,0,0,8,20529,65476,0,0,57672,80.0,0.0,0.0,0.0,0.0,0.0
2026-06-17T04:28:14,ERR,ERR,ERR,ERR,ERR,ERR,ERR,ERR,ERR,ERR,ERR,ERR,ERR,ERR,ERR,ERR,ERR,ERR,ERR,ERR,ERR,ERR,ERR,ERR,ERR,ERR,ERR,ERR,ERR,ERR,ERR,ERR,ERR,ERR,ERR,ERR,ERR,ERR,ERR,ERR,ERR,ERR,ERR,ERR,ERR,ERR,ERR,ERR,ERR,ERR,ERR,ERR,ERR,ERR,ERR,ERR,ERR,ERR,ERR,ERR,ERR,ERR,ERR,ERR,ERR,ERR,ERR,ERR,ERR,ERR,ERR,ERR,ERR,ERR,ERR,ERR,ERR,ERR,ERR,ERR,ERR,ERR,ERR,ERR,ERR,ERR,ERR,ERR,ERR,ERR,ERR,ERR,ERR,ERR,ERR,ERR,ERR,ERR,ERR,ERR,ERR,ERR,ERR,ERR,ERR,ERR,ERR,ERR,ERR,ERR,ERR,ERR,ERR,ERR,ERR,ERR,ERR,ERR,ERR,ERR,ERR,ERR,ERR,ERR,ERR,0.0,-107615328.0,0.0,0.0,0.0,1.3936040501711995e+18,7.805,0.0,0,0,4,0,7300,-0.0,0,0.0,0.0,0.0,0.0,0.0,0,0,0,0,0.0,0,0,0,0,0,0,0,0,0,0,0,0,0,0,0,0,0,0,0,0,0,0,0,0,0,0,0,0,0,0,0,0,0,32,30,30,62,65476,0,300,0,0,8,21553,0.0,-107605600.0,0.0,0.0,0.0,0.0,0.0,0.0,0.0,0.0,0.0,0.0,0.0,0.0,0.0,0.0,0.0,0.0,0.0,0.0,0.0,0.0,2.004,0.0,-0.0,-2.004,0.0,0.0,0.0,0.0,5382.0,-0.0,6968.0,0.0,-107615328.0,-107615280.0,-0.0,0.0,0.0,0.0,0.0,63,1.905697261480837e+17,0.0,0.0,0.0,0.0,0.0,0.0,0.0,0.0,0,0,0,0.0,0.0,0.0,0.0,0.0,0.0,0.0,0.0,0.0,0.0,0.0,0.0,0.0,0.0,0.0,0.0,0,-107875648.0,63,0.0,126,2.7184242562605685e+23,-0.0,ERR,ERR,ERR,ERR,ERR,ERR,ERR,ERR,ERR,ERR,ERR,ERR,ERR,ERR,ERR,ERR,ERR,ERR,ERR,ERR,ERR,ERR,ERR,ERR,ERR,ERR,ERR,ERR,ERR,ERR,ERR,ERR,ERR,ERR,ERR,ERR,ERR,ERR,ERR,ERR,ERR,ERR,ERR,ERR,ERR,ERR,ERR,ERR,ERR,ERR,ERR,ERR,ERR,ERR,ERR,ERR,ERR,ERR,ERR,ERR,ERR,ERR,ERR,ERR,ERR,ERR,ERR,34.0,80.0,35,0.0,0.0,0.0,0.0,0.0,0.0,0.0,0.0,0.0,0.0,0.0,0.0,0.0,0.0,0.0,0.0,64.8,0,116,56,50,65476,0,300,0,0,8,20529,65476,0,0,57672,80.0,0.0,0.0,0.0,0.0,0.0
2026-06-17T04:28:15,ERR,ERR,ERR,ERR,ERR,ERR,ERR,ERR,ERR,ERR,ERR,ERR,ERR,ERR,ERR,ERR,ERR,ERR,ERR,ERR,ERR,ERR,ERR,ERR,ERR,ERR,ERR,ERR,ERR,ERR,ERR,ERR,ERR,ERR,ERR,ERR,ERR,ERR,ERR,ERR,ERR,ERR,ERR,ERR,ERR,ERR,ERR,ERR,ERR,ERR,ERR,ERR,ERR,ERR,ERR,ERR,ERR,ERR,ERR,ERR,ERR,ERR,ERR,ERR,ERR,ERR,ERR,ERR,ERR,ERR,ERR,ERR,ERR,ERR,ERR,ERR,ERR,ERR,ERR,ERR,ERR,ERR,ERR,ERR,ERR,ERR,ERR,ERR,ERR,ERR,ERR,ERR,ERR,ERR,ERR,ERR,ERR,ERR,ERR,ERR,ERR,ERR,ERR,ERR,ERR,ERR,ERR,ERR,ERR,ERR,ERR,ERR,ERR,ERR,ERR,ERR,ERR,ERR,ERR,ERR,ERR,ERR,ERR,ERR,ERR,0.0,-107615328.0,0.0,0.0,0.0,1.3936040501711995e+18,7.805,0.0,0,0,4,0,7300,-0.0,0,0.0,0.0,0.0,0.0,0.0,0,0,0,0,0.0,0,0,0,0,0,0,0,0,0,0,0,0,0,0,0,0,0,0,0,0,0,0,0,0,0,0,0,0,0,0,0,0,0,32,30,30,62,65476,0,300,0,0,8,21553,0.0,-107605600.0,0.0,0.0,0.0,0.0,0.0,0.0,0.0,0.0,0.0,0.0,0.0,0.0,0.0,0.0,0.0,0.0,0.0,0.0,0.0,0.0,2.004,0.0,-0.0,-2.004,0.0,0.0,0.0,0.0,5382.0,-0.0,6968.0,0.0,-107615328.0,-107615280.0,-0.0,0.0,0.0,0.0,0.0,63,1.905697261480837e+17,0.0,0.0,0.0,0.0,0.0,0.0,0.0,0.0,0,0,0,0.0,0.0,0.0,0.0,0.0,0.0,0.0,0.0,0.0,0.0,0.0,0.0,0.0,0.0,0.0,0.0,0,-107875648.0,63,0.0,126,2.7184242562605685e+23,-0.0,ERR,ERR,ERR,ERR,ERR,ERR,ERR,ERR,ERR,ERR,ERR,ERR,ERR,ERR,ERR,ERR,ERR,ERR,ERR,ERR,ERR,ERR,ERR,ERR,ERR,ERR,ERR,ERR,ERR,ERR,ERR,ERR,ERR,ERR,ERR,ERR,ERR,ERR,ERR,ERR,ERR,ERR,ERR,ERR,ERR,ERR,ERR,ERR,ERR,ERR,ERR,ERR,ERR,ERR,ERR,ERR,ERR,ERR,ERR,ERR,ERR,ERR,ERR,ERR,ERR,ERR,ERR,34.0,80.0,35,0.0,0.0,0.0,0.0,0.0,0.0,0.0,0.0,0.0,0.0,0.0,0.0,0.0,0.0,0.0,0.0,64.4,0,116,56,50,65476,0,300,0,0,8,20529,65476,0,0,57672,80.0,0.0,0.0,0.0,0.0,0.0
2026-06-17T04:28:16,ERR,ERR,ERR,ERR,ERR,ERR,ERR,ERR,ERR,ERR,ERR,ERR,ERR,ERR,ERR,ERR,ERR,ERR,ERR,ERR,ERR,ERR,ERR,ERR,ERR,ERR,ERR,ERR,ERR,ERR,ERR,ERR,ERR,ERR,ERR,ERR,ERR,ERR,ERR,ERR,ERR,ERR,ERR,ERR,ERR,ERR,ERR,ERR,ERR,ERR,ERR,ERR,ERR,ERR,ERR,ERR,ERR,ERR,ERR,ERR,ERR,ERR,ERR,ERR,ERR,ERR,ERR,ERR,ERR,ERR,ERR,ERR,ERR,ERR,ERR,ERR,ERR,ERR,ERR,ERR,ERR,ERR,ERR,ERR,ERR,ERR,ERR,ERR,ERR,ERR,ERR,ERR,ERR,ERR,ERR,ERR,ERR,ERR,ERR,ERR,ERR,ERR,ERR,ERR,ERR,ERR,ERR,ERR,ERR,ERR,ERR,ERR,ERR,ERR,ERR,ERR,ERR,ERR,ERR,ERR,ERR,ERR,ERR,ERR,ERR,0.0,-107615328.0,0.0,0.0,0.0,1.3936040501711995e+18,7.805,0.0,0,0,4,0,7300,-0.0,0,0.0,0.0,0.0,0.0,0.0,0,0,0,0,0.0,0,0,0,0,0,0,0,0,0,0,0,0,0,0,0,0,0,0,0,0,0,0,0,0,0,0,0,0,0,0,0,0,0,32,30,30,62,65476,0,300,0,0,8,21553,0.0,-107605600.0,0.0,0.0,0.0,0.0,0.0,0.0,0.0,0.0,0.0,0.0,0.0,0.0,0.0,0.0,0.0,0.0,0.0,0.0,0.0,0.0,2.004,0.0,-0.0,-2.004,0.0,0.0,0.0,0.0,5382.0,-0.0,6968.0,0.0,-107615328.0,-107615280.0,-0.0,0.0,0.0,0.0,0.0,63,1.905697261480837e+17,0.0,0.0,0.0,0.0,0.0,0.0,0.0,0.0,0,0,0,0.0,0.0,0.0,0.0,0.0,0.0,0.0,0.0,0.0,0.0,0.0,0.0,0.0,0.0,0.0,0.0,0,-107875648.0,63,0.0,126,2.7184242562605685e+23,-0.0,ERR,ERR,ERR,ERR,ERR,ERR,ERR,ERR,ERR,ERR,ERR,ERR,ERR,ERR,ERR,ERR,ERR,ERR,ERR,ERR,ERR,ERR,ERR,ERR,ERR,ERR,ERR,ERR,ERR,ERR,ERR,ERR,ERR,ERR,ERR,ERR,ERR,ERR,ERR,ERR,ERR,ERR,ERR,ERR,ERR,ERR,ERR,ERR,ERR,ERR,ERR,ERR,ERR,ERR,ERR,ERR,ERR,ERR,ERR,ERR,ERR,ERR,ERR,ERR,ERR,ERR,ERR,34.0,80.0,35,0.0,0.0,0.0,0.0,0.0,0.0,0.0,0.0,0.0,0.0,0.0,0.0,0.0,0.0,0.0,0.0,64.4,0,116,56,50,65476,0,300,0,0,8,20529,65476,0,0,57672,80.0,0.0,0.0,0.0,0.0,0.0
2026-06-17T04:28:17,ERR,ERR,ERR,ERR,ERR,ERR,ERR,ERR,ERR,ERR,ERR,ERR,ERR,ERR,ERR,ERR,ERR,ERR,ERR,ERR,ERR,ERR,ERR,ERR,ERR,ERR,ERR,ERR,ERR,ERR,ERR,ERR,ERR,ERR,ERR,ERR,ERR,ERR,ERR,ERR,ERR,ERR,ERR,ERR,ERR,ERR,ERR,ERR,ERR,ERR,ERR,ERR,ERR,ERR,ERR,ERR,ERR,ERR,ERR,ERR,ERR,ERR,ERR,ERR,ERR,ERR,ERR,ERR,ERR,ERR,ERR,ERR,ERR,ERR,ERR,ERR,ERR,ERR,ERR,ERR,ERR,ERR,ERR,ERR,ERR,ERR,ERR,ERR,ERR,ERR,ERR,ERR,ERR,ERR,ERR,ERR,ERR,ERR,ERR,ERR,ERR,ERR,ERR,ERR,ERR,ERR,ERR,ERR,ERR,ERR,ERR,ERR,ERR,ERR,ERR,ERR,ERR,ERR,ERR,ERR,ERR,ERR,ERR,ERR,ERR,0.0,-107615328.0,0.0,0.0,0.0,1.3936040501711995e+18,7.805,0.0,0,0,4,0,7300,-0.0,0,0.0,0.0,0.0,0.0,0.0,0,0,0,0,0.0,0,0,0,0,0,0,0,0,0,0,0,0,0,0,0,0,0,0,0,0,0,0,0,0,0,0,0,0,0,0,0,0,0,32,30,30,62,65476,0,300,0,0,8,21553,0.0,-107605600.0,0.0,0.0,0.0,0.0,0.0,0.0,0.0,0.0,0.0,0.0,0.0,0.0,0.0,0.0,0.0,0.0,0.0,0.0,0.0,0.0,2.004,0.0,-0.0,-2.004,0.0,0.0,0.0,0.0,5382.0,-0.0,6965.0,0.0,-107615328.0,-107615280.0,-0.0,0.0,0.0,0.0,0.0,63,1.905697261480837e+17,-2.308830690169617e+20,0.0,0.0,0.0,0.0,0.0,0.0,0.0,0,0,0,0.0,0.0,0.0,0.0,0.0,0.0,0.0,0.0,0.0,0.0,0.0,0.0,0.0,0.0,0.0,0.0,0,-107875648.0,63,0.0,126,2.7184242562605685e+23,-0.0,ERR,ERR,ERR,ERR,ERR,ERR,ERR,ERR,ERR,ERR,ERR,ERR,ERR,ERR,ERR,ERR,ERR,ERR,ERR,ERR,ERR,ERR,ERR,ERR,ERR,ERR,ERR,ERR,ERR,ERR,ERR,ERR,ERR,ERR,ERR,ERR,ERR,ERR,ERR,ERR,ERR,ERR,ERR,ERR,ERR,ERR,ERR,ERR,ERR,ERR,ERR,ERR,ERR,ERR,ERR,ERR,ERR,ERR,ERR,ERR,ERR,ERR,ERR,ERR,ERR,ERR,ERR,34.0,80.0,35,0.0,0.0,0.0,0.0,0.0,0.0,0.0,0.0,0.0,0.0,0.0,0.0,0.0,0.0,0.0,0.0,64.4,0,116,56,50,65476,0,300,0,0,8,20529,65476,0,0,57672,80.0,0.0,0.0,0.0,0.0,0.0
2026-06-17T04:28:18,ERR,ERR,ERR,ERR,ERR,ERR,ERR,ERR,ERR,ERR,ERR,ERR,ERR,ERR,ERR,ERR,ERR,ERR,ERR,ERR,ERR,ERR,ERR,ERR,ERR,ERR,ERR,ERR,ERR,ERR,ERR,ERR,ERR,ERR,ERR,ERR,ERR,ERR,ERR,ERR,ERR,ERR,ERR,ERR,ERR,ERR,ERR,ERR,ERR,ERR,ERR,ERR,ERR,ERR,ERR,ERR,ERR,ERR,ERR,ERR,ERR,ERR,ERR,ERR,ERR,ERR,ERR,ERR,ERR,ERR,ERR,ERR,ERR,ERR,ERR,ERR,ERR,ERR,ERR,ERR,ERR,ERR,ERR,ERR,ERR,ERR,ERR,ERR,ERR,ERR,ERR,ERR,ERR,ERR,ERR,ERR,ERR,ERR,ERR,ERR,ERR,ERR,ERR,ERR,ERR,ERR,ERR,ERR,ERR,ERR,ERR,ERR,ERR,ERR,ERR,ERR,ERR,ERR,ERR,ERR,ERR,ERR,ERR,ERR,ERR,0.0,-107615328.0,0.0,0.0,0.0,1.3936040501711995e+18,7.805,0.0,0,0,4,0,7300,-0.0,0,0.0,0.0,0.0,0.0,0.0,0,0,0,0,0.0,0,0,0,0,0,0,0,0,0,0,0,0,0,0,0,0,0,0,0,0,0,0,0,0,0,0,0,0,0,0,0,0,0,32,30,30,62,65476,0,300,0,0,8,21553,0.0,-107605600.0,0.0,0.0,0.0,0.0,0.0,0.0,0.0,0.0,0.0,0.0,0.0,0.0,0.0,0.0,0.0,0.0,0.0,0.0,0.0,0.0,2.004,0.0,-0.0,-2.004,0.0,0.0,0.0,0.0,5382.0,-0.0,6965.0,0.0,-107615328.0,-107615280.0,-0.0,0.0,0.0,0.0,0.0,63,1.905697261480837e+17,-2.308830690169617e+20,0.0,0.0,0.0,0.0,0.0,0.0,0.0,0,0,0,0.0,0.0,0.0,0.0,0.0,0.0,0.0,0.0,0.0,0.0,0.0,0.0,0.0,0.0,0.0,0.0,0,-107875648.0,63,0.0,126,2.7184242562605685e+23,-0.0,ERR,ERR,ERR,ERR,ERR,ERR,ERR,ERR,ERR,ERR,ERR,ERR,ERR,ERR,ERR,ERR,ERR,ERR,ERR,ERR,ERR,ERR,ERR,ERR,ERR,ERR,ERR,ERR,ERR,ERR,ERR,ERR,ERR,ERR,ERR,ERR,ERR,ERR,ERR,ERR,ERR,ERR,ERR,ERR,ERR,ERR,ERR,ERR,ERR,ERR,ERR,ERR,ERR,ERR,ERR,ERR,ERR,ERR,ERR,ERR,ERR,ERR,ERR,ERR,ERR,ERR,ERR,34.0,80.0,35,0.0,0.0,0.0,0.0,0.0,0.0,0.0,0.0,0.0,0.0,0.0,0.0,0.0,0.0,0.0,0.0,64.4,0,116,56,50,65476,0,300,0,0,8,20529,65476,0,0,57672,80.0,0.0,0.0,0.0,0.0,0.0
2026-06-17T04:28:19,ERR,ERR,ERR,ERR,ERR,ERR,ERR,ERR,ERR,ERR,ERR,ERR,ERR,ERR,ERR,ERR,ERR,ERR,ERR,ERR,ERR,ERR,ERR,ERR,ERR,ERR,ERR,ERR,ERR,ERR,ERR,ERR,ERR,ERR,ERR,ERR,ERR,ERR,ERR,ERR,ERR,ERR,ERR,ERR,ERR,ERR,ERR,ERR,ERR,ERR,ERR,ERR,ERR,ERR,ERR,ERR,ERR,ERR,ERR,ERR,ERR,ERR,ERR,ERR,ERR,ERR,ERR,ERR,ERR,ERR,ERR,ERR,ERR,ERR,ERR,ERR,ERR,ERR,ERR,ERR,ERR,ERR,ERR,ERR,ERR,ERR,ERR,ERR,ERR,ERR,ERR,ERR,ERR,ERR,ERR,ERR,ERR,ERR,ERR,ERR,ERR,ERR,ERR,ERR,ERR,ERR,ERR,ERR,ERR,ERR,ERR,ERR,ERR,ERR,ERR,ERR,ERR,ERR,ERR,ERR,ERR,ERR,ERR,ERR,ERR,0.0,-107615328.0,0.0,0.0,0.0,1.3936040501711995e+18,7.805,0.0,0,0,4,0,7300,-0.0,0,0.0,0.0,0.0,0.0,0.0,0,0,0,0,0.0,0,0,0,0,0,0,0,0,0,0,0,0,0,0,0,0,0,0,0,0,0,0,0,0,0,0,0,0,0,0,0,0,0,32,30,30,62,65476,0,300,0,0,8,21553,0.0,-107605600.0,0.0,0.0,0.0,0.0,0.0,0.0,0.0,0.0,0.0,0.0,0.0,0.0,0.0,0.0,0.0,0.0,0.0,0.0,0.0,0.0,2.004,0.0,-0.0,-2.004,0.0,0.0,0.0,0.0,5382.0,-0.0,6965.0,0.0,-107615328.0,-107615280.0,-0.0,0.0,0.0,0.0,0.0,63,1.905697261480837e+17,-2.308830690169617e+20,0.0,0.0,0.0,0.0,0.0,0.0,0.0,0,0,0,0.0,0.0,0.0,0.0,0.0,0.0,0.0,0.0,0.0,0.0,0.0,0.0,0.0,0.0,0.0,0.0,0,-107875648.0,63,0.0,126,2.7184242562605685e+23,-0.0,ERR,ERR,ERR,ERR,ERR,ERR,ERR,ERR,ERR,ERR,ERR,ERR,ERR,ERR,ERR,ERR,ERR,ERR,ERR,ERR,ERR,ERR,ERR,ERR,ERR,ERR,ERR,ERR,ERR,ERR,ERR,ERR,ERR,ERR,ERR,ERR,ERR,ERR,ERR,ERR,ERR,ERR,ERR,ERR,ERR,ERR,ERR,ERR,ERR,ERR,ERR,ERR,ERR,ERR,ERR,ERR,ERR,ERR,ERR,ERR,ERR,ERR,ERR,ERR,ERR,ERR,ERR,34.0,80.0,35,0.0,0.0,0.0,0.0,0.0,0.0,0.0,0.0,0.0,0.0,0.0,0.0,0.0,0.0,0.0,0.0,64.4,0,116,56,50,65476,0,300,0,0,8,20529,65476,0,0,57672,80.0,0.0,0.0,0.0,0.0,0.0
2026-06-17T04:28:20,ERR,ERR,ERR,ERR,ERR,ERR,ERR,ERR,ERR,ERR,ERR,ERR,ERR,ERR,ERR,ERR,ERR,ERR,ERR,ERR,ERR,ERR,ERR,ERR,ERR,ERR,ERR,ERR,ERR,ERR,ERR,ERR,ERR,ERR,ERR,ERR,ERR,ERR,ERR,ERR,ERR,ERR,ERR,ERR,ERR,ERR,ERR,ERR,ERR,ERR,ERR,ERR,ERR,ERR,ERR,ERR,ERR,ERR,ERR,ERR,ERR,ERR,ERR,ERR,ERR,ERR,ERR,ERR,ERR,ERR,ERR,ERR,ERR,ERR,ERR,ERR,ERR,ERR,ERR,ERR,ERR,ERR,ERR,ERR,ERR,ERR,ERR,ERR,ERR,ERR,ERR,ERR,ERR,ERR,ERR,ERR,ERR,ERR,ERR,ERR,ERR,ERR,ERR,ERR,ERR,ERR,ERR,ERR,ERR,ERR,ERR,ERR,ERR,ERR,ERR,ERR,ERR,ERR,ERR,ERR,ERR,ERR,ERR,ERR,ERR,0.0,-107615328.0,0.0,0.0,0.0,1.3936040501711995e+18,7.805,0.0,0,0,4,0,7300,-0.0,0,0.0,0.0,0.0,0.0,0.0,0,0,0,0,0.0,0,0,0,0,0,0,0,0,0,0,0,0,0,0,0,0,0,0,0,0,0,0,0,0,0,0,0,0,0,0,0,0,0,32,30,30,62,65476,0,300,0,0,8,21553,0.0,-107605600.0,0.0,0.0,0.0,0.0,0.0,0.0,0.0,0.0,0.0,0.0,0.0,0.0,0.0,0.0,0.0,0.0,0.0,0.0,0.0,0.0,2.004,0.0,-0.0,-2.004,0.0,0.0,0.0,0.0,5382.0,-0.0,6965.0,0.0,-107615328.0,-107615280.0,-0.0,0.0,0.0,0.0,0.0,63,1.905697261480837e+17,-2.308830690169617e+20,0.0,0.0,0.0,0.0,0.0,0.0,0.0,0,0,0,0.0,0.0,0.0,0.0,0.0,0.0,0.0,0.0,0.0,0.0,0.0,0.0,0.0,0.0,0.0,0.0,0,-107875648.0,63,0.0,126,2.7184242562605685e+23,-0.0,ERR,ERR,ERR,ERR,ERR,ERR,ERR,ERR,ERR,ERR,ERR,ERR,ERR,ERR,ERR,ERR,ERR,ERR,ERR,ERR,ERR,ERR,ERR,ERR,ERR,ERR,ERR,ERR,ERR,ERR,ERR,ERR,ERR,ERR,ERR,ERR,ERR,ERR,ERR,ERR,ERR,ERR,ERR,ERR,ERR,ERR,ERR,ERR,ERR,ERR,ERR,ERR,ERR,ERR,ERR,ERR,ERR,ERR,ERR,ERR,ERR,ERR,ERR,ERR,ERR,ERR,ERR,34.0,80.0,35,0.0,0.0,0.0,0.0,0.0,0.0,0.0,0.0,0.0,0.0,0.0,0.0,0.0,0.0,0.0,0.0,64.4,0,116,56,50,65476,0,300,0,0,8,20529,65476,0,0,57672,80.0,0.0,0.0,0.0,0.0,0.0
2026-06-17T04:28:21,ERR,ERR,ERR,ERR,ERR,ERR,ERR,ERR,ERR,ERR,ERR,ERR,ERR,ERR,ERR,ERR,ERR,ERR,ERR,ERR,ERR,ERR,ERR,ERR,ERR,ERR,ERR,ERR,ERR,ERR,ERR,ERR,ERR,ERR,ERR,ERR,ERR,ERR,ERR,ERR,ERR,ERR,ERR,ERR,ERR,ERR,ERR,ERR,ERR,ERR,ERR,ERR,ERR,ERR,ERR,ERR,ERR,ERR,ERR,ERR,ERR,ERR,ERR,ERR,ERR,ERR,ERR,ERR,ERR,ERR,ERR,ERR,ERR,ERR,ERR,ERR,ERR,ERR,ERR,ERR,ERR,ERR,ERR,ERR,ERR,ERR,ERR,ERR,ERR,ERR,ERR,ERR,ERR,ERR,ERR,ERR,ERR,ERR,ERR,ERR,ERR,ERR,ERR,ERR,ERR,ERR,ERR,ERR,ERR,ERR,ERR,ERR,ERR,ERR,ERR,ERR,ERR,ERR,ERR,ERR,ERR,ERR,ERR,ERR,ERR,0.0,-107615328.0,0.0,0.0,0.0,1.3936040501711995e+18,7.805,0.0,0,0,4,0,7300,-0.0,0,0.0,0.0,0.0,0.0,0.0,0,0,0,0,0.0,0,0,0,0,0,0,0,0,0,0,0,0,0,0,0,0,0,0,0,0,0,0,0,0,0,0,0,0,0,0,0,0,0,32,30,30,62,65476,0,300,0,0,8,21553,0.0,-107605600.0,0.0,0.0,0.0,0.0,0.0,0.0,0.0,0.0,0.0,0.0,0.0,0.0,0.0,0.0,0.0,0.0,0.0,0.0,0.0,0.0,2.004,0.0,-0.0,-2.004,0.0,0.0,0.0,0.0,5382.0,-0.0,6965.0,0.0,-107615328.0,-107615280.0,-0.0,0.0,0.0,0.0,0.0,63,1.905697261480837e+17,-2.308830690169617e+20,0.0,0.0,0.0,0.0,0.0,0.0,0.0,0,0,0,0.0,0.0,0.0,0.0,0.0,0.0,0.0,0.0,0.0,0.0,0.0,0.0,0.0,0.0,0.0,0.0,0,-107875648.0,63,0.0,126,2.7184242562605685e+23,-0.0,ERR,ERR,ERR,ERR,ERR,ERR,ERR,ERR,ERR,ERR,ERR,ERR,ERR,ERR,ERR,ERR,ERR,ERR,ERR,ERR,ERR,ERR,ERR,ERR,ERR,ERR,ERR,ERR,ERR,ERR,ERR,ERR,ERR,ERR,ERR,ERR,ERR,ERR,ERR,ERR,ERR,ERR,ERR,ERR,ERR,ERR,ERR,ERR,ERR,ERR,ERR,ERR,ERR,ERR,ERR,ERR,ERR,ERR,ERR,ERR,ERR,ERR,ERR,ERR,ERR,ERR,ERR,34.0,80.0,35,0.0,0.0,0.0,0.0,0.0,0.0,0.0,0.0,0.0,0.0,0.0,0.0,0.0,0.0,0.0,0.0,64.4,0,116,56,50,65476,0,300,0,0,8,20529,65476,0,0,57672,80.0,0.0,0.0,0.0,0.0,0.0
2026-06-17T04:28:22,ERR,ERR,ERR,ERR,ERR,ERR,ERR,ERR,ERR,ERR,ERR,ERR,ERR,ERR,ERR,ERR,ERR,ERR,ERR,ERR,ERR,ERR,ERR,ERR,ERR,ERR,ERR,ERR,ERR,ERR,ERR,ERR,ERR,ERR,ERR,ERR,ERR,ERR,ERR,ERR,ERR,ERR,ERR,ERR,ERR,ERR,ERR,ERR,ERR,ERR,ERR,ERR,ERR,ERR,ERR,ERR,ERR,ERR,ERR,ERR,ERR,ERR,ERR,ERR,ERR,ERR,ERR,ERR,ERR,ERR,ERR,ERR,ERR,ERR,ERR,ERR,ERR,ERR,ERR,ERR,ERR,ERR,ERR,ERR,ERR,ERR,ERR,ERR,ERR,ERR,ERR,ERR,ERR,ERR,ERR,ERR,ERR,ERR,ERR,ERR,ERR,ERR,ERR,ERR,ERR,ERR,ERR,ERR,ERR,ERR,ERR,ERR,ERR,ERR,ERR,ERR,ERR,ERR,ERR,ERR,ERR,ERR,ERR,ERR,ERR,0.0,-107615328.0,0.0,0.0,0.0,1.3936040501711995e+18,7.805,0.0,0,0,4,0,7300,-0.0,0,0.0,0.0,0.0,0.0,0.0,0,0,0,0,0.0,0,0,0,0,0,0,0,0,0,0,0,0,0,0,0,0,0,0,0,0,0,0,0,0,0,0,0,0,0,0,0,0,0,32,30,30,62,65476,0,300,0,0,8,21553,0.0,-107605600.0,0.0,0.0,0.0,0.0,0.0,0.0,0.0,0.0,0.0,0.0,0.0,0.0,0.0,0.0,0.0,0.0,0.0,0.0,0.0,0.0,2.004,0.0,-0.0,-2.004,0.0,0.0,0.0,0.0,5378.0,-0.0,6963.0,0.0,-107615328.0,-107615280.0,-0.0,0.0,0.0,0.0,0.0,63,89221.078,-107614904.0,0.0,0.0,0.0,0.0,0.0,0.0,0.0,0,0,0,0.0,0.0,0.0,0.0,0.0,0.0,0.0,0.0,0.0,0.0,0.0,0.0,0.0,0.0,0.0,0.0,0,-107875648.0,63,0.0,126,2.7184242562605685e+23,-0.0,ERR,ERR,ERR,ERR,ERR,ERR,ERR,ERR,ERR,ERR,ERR,ERR,ERR,ERR,ERR,ERR,ERR,ERR,ERR,ERR,ERR,ERR,ERR,ERR,ERR,ERR,ERR,ERR,ERR,ERR,ERR,ERR,ERR,ERR,ERR,ERR,ERR,ERR,ERR,ERR,ERR,ERR,ERR,ERR,ERR,ERR,ERR,ERR,ERR,ERR,ERR,ERR,ERR,ERR,ERR,ERR,ERR,ERR,ERR,ERR,ERR,ERR,ERR,ERR,ERR,ERR,ERR,34.0,80.0,35,0.0,0.0,0.0,0.0,0.0,0.0,0.0,0.0,0.0,0.0,0.0,0.0,0.0,0.0,0.0,0.0,64.4,0,116,56,50,65476,0,300,0,0,8,20529,65476,0,0,57672,80.0,0.0,0.0,0.0,0.0,0.0
2026-06-17T04:28:23,ERR,ERR,ERR,ERR,ERR,ERR,ERR,ERR,ERR,ERR,ERR,ERR,ERR,ERR,ERR,ERR,ERR,ERR,ERR,ERR,ERR,ERR,ERR,ERR,ERR,ERR,ERR,ERR,ERR,ERR,ERR,ERR,ERR,ERR,ERR,ERR,ERR,ERR,ERR,ERR,ERR,ERR,ERR,ERR,ERR,ERR,ERR,ERR,ERR,ERR,ERR,ERR,ERR,ERR,ERR,ERR,ERR,ERR,ERR,ERR,ERR,ERR,ERR,ERR,ERR,ERR,ERR,ERR,ERR,ERR,ERR,ERR,ERR,ERR,ERR,ERR,ERR,ERR,ERR,ERR,ERR,ERR,ERR,ERR,ERR,ERR,ERR,ERR,ERR,ERR,ERR,ERR,ERR,ERR,ERR,ERR,ERR,ERR,ERR,ERR,ERR,ERR,ERR,ERR,ERR,ERR,ERR,ERR,ERR,ERR,ERR,ERR,ERR,ERR,ERR,ERR,ERR,ERR,ERR,ERR,ERR,ERR,ERR,ERR,ERR,0.0,-107615328.0,0.0,0.0,0.0,1.3936040501711995e+18,7.805,0.0,0,0,4,0,7300,-0.0,0,0.0,0.0,0.0,0.0,0.0,0,0,0,0,0.0,0,0,0,0,0,0,0,0,0,0,0,0,0,0,0,0,0,0,0,0,0,0,0,0,0,0,0,0,0,0,0,0,0,32,30,30,62,65476,0,300,0,0,8,21553,0.0,-107605600.0,0.0,0.0,0.0,0.0,0.0,0.0,0.0,0.0,0.0,0.0,0.0,0.0,0.0,0.0,0.0,0.0,0.0,0.0,0.0,0.0,2.004,0.0,-0.0,-2.004,0.0,0.0,0.0,0.0,5378.0,-0.0,6963.0,0.0,-107615328.0,-107615280.0,-0.0,0.0,0.0,0.0,0.0,63,89221.078,-107614904.0,0.0,0.0,0.0,0.0,0.0,0.0,0.0,0,0,0,0.0,0.0,0.0,0.0,0.0,0.0,0.0,0.0,0.0,0.0,0.0,0.0,0.0,0.0,0.0,0.0,0,-107875648.0,63,0.0,126,2.7184242562605685e+23,-0.0,ERR,ERR,ERR,ERR,ERR,ERR,ERR,ERR,ERR,ERR,ERR,ERR,ERR,ERR,ERR,ERR,ERR,ERR,ERR,ERR,ERR,ERR,ERR,ERR,ERR,ERR,ERR,ERR,ERR,ERR,ERR,ERR,ERR,ERR,ERR,ERR,ERR,ERR,ERR,ERR,ERR,ERR,ERR,ERR,ERR,ERR,ERR,ERR,ERR,ERR,ERR,ERR,ERR,ERR,ERR,ERR,ERR,ERR,ERR,ERR,ERR,ERR,ERR,ERR,ERR,ERR,ERR,34.0,80.0,35,0.0,0.0,0.0,0.0,0.0,0.0,0.0,0.0,0.0,0.0,0.0,0.0,0.0,0.0,0.0,0.0,64.4,0,116,56,50,65476,0,300,0,0,8,20529,65476,0,0,57672,80.0,0.0,0.0,0.0,0.0,0.0
2026-06-17T04:28:24,ERR,ERR,ERR,ERR,ERR,ERR,ERR,ERR,ERR,ERR,ERR,ERR,ERR,ERR,ERR,ERR,ERR,ERR,ERR,ERR,ERR,ERR,ERR,ERR,ERR,ERR,ERR,ERR,ERR,ERR,ERR,ERR,ERR,ERR,ERR,ERR,ERR,ERR,ERR,ERR,ERR,ERR,ERR,ERR,ERR,ERR,ERR,ERR,ERR,ERR,ERR,ERR,ERR,ERR,ERR,ERR,ERR,ERR,ERR,ERR,ERR,ERR,ERR,ERR,ERR,ERR,ERR,ERR,ERR,ERR,ERR,ERR,ERR,ERR,ERR,ERR,ERR,ERR,ERR,ERR,ERR,ERR,ERR,ERR,ERR,ERR,ERR,ERR,ERR,ERR,ERR,ERR,ERR,ERR,ERR,ERR,ERR,ERR,ERR,ERR,ERR,ERR,ERR,ERR,ERR,ERR,ERR,ERR,ERR,ERR,ERR,ERR,ERR,ERR,ERR,ERR,ERR,ERR,ERR,ERR,ERR,ERR,ERR,ERR,ERR,0.0,-107615328.0,0.0,0.0,0.0,1.3936040501711995e+18,7.805,0.0,0,0,4,0,7300,-0.0,0,0.0,0.0,0.0,0.0,0.0,0,0,0,0,0.0,0,0,0,0,0,0,0,0,0,0,0,0,0,0,0,0,0,0,0,0,0,0,0,0,0,0,0,0,0,0,0,0,0,32,30,30,62,65476,0,300,0,0,8,21553,0.0,-107605600.0,0.0,0.0,0.0,0.0,0.0,0.0,0.0,0.0,0.0,0.0,0.0,0.0,0.0,0.0,0.0,0.0,0.0,0.0,0.0,0.0,2.004,0.0,-0.0,-2.004,0.0,0.0,0.0,0.0,5378.0,-0.0,6963.0,0.0,-107615328.0,-107615280.0,-0.0,0.0,0.0,0.0,0.0,63,89221.078,-107614904.0,0.0,0.0,0.0,0.0,0.0,0.0,0.0,0,0,0,0.0,0.0,0.0,0.0,0.0,0.0,0.0,0.0,0.0,0.0,0.0,0.0,0.0,0.0,0.0,0.0,0,-107875648.0,63,0.0,126,2.7184242562605685e+23,-0.0,ERR,ERR,ERR,ERR,ERR,ERR,ERR,ERR,ERR,ERR,ERR,ERR,ERR,ERR,ERR,ERR,ERR,ERR,ERR,ERR,ERR,ERR,ERR,ERR,ERR,ERR,ERR,ERR,ERR,ERR,ERR,ERR,ERR,ERR,ERR,ERR,ERR,ERR,ERR,ERR,ERR,ERR,ERR,ERR,ERR,ERR,ERR,ERR,ERR,ERR,ERR,ERR,ERR,ERR,ERR,ERR,ERR,ERR,ERR,ERR,ERR,ERR,ERR,ERR,ERR,ERR,ERR,34.0,80.0,35,0.0,0.0,0.0,0.0,0.0,0.0,0.0,0.0,0.0,0.0,0.0,0.0,0.0,0.0,0.0,0.0,64.8,0,116,56,50,65476,0,300,0,0,8,20529,65476,0,0,57672,80.0,0.0,0.0,0.0,0.0,0.0
2026-06-17T04:28:25,ERR,ERR,ERR,ERR,ERR,ERR,ERR,ERR,ERR,ERR,ERR,ERR,ERR,ERR,ERR,ERR,ERR,ERR,ERR,ERR,ERR,ERR,ERR,ERR,ERR,ERR,ERR,ERR,ERR,ERR,ERR,ERR,ERR,ERR,ERR,ERR,ERR,ERR,ERR,ERR,ERR,ERR,ERR,ERR,ERR,ERR,ERR,ERR,ERR,ERR,ERR,ERR,ERR,ERR,ERR,ERR,ERR,ERR,ERR,ERR,ERR,ERR,ERR,ERR,ERR,ERR,ERR,ERR,ERR,ERR,ERR,ERR,ERR,ERR,ERR,ERR,ERR,ERR,ERR,ERR,ERR,ERR,ERR,ERR,ERR,ERR,ERR,ERR,ERR,ERR,ERR,ERR,ERR,ERR,ERR,ERR,ERR,ERR,ERR,ERR,ERR,ERR,ERR,ERR,ERR,ERR,ERR,ERR,ERR,ERR,ERR,ERR,ERR,ERR,ERR,ERR,ERR,ERR,ERR,ERR,ERR,ERR,ERR,ERR,ERR,0.0,-107615328.0,0.0,0.0,0.0,1.3936040501711995e+18,7.805,0.0,0,0,4,0,7300,-0.0,0,0.0,0.0,0.0,0.0,0.0,0,0,0,0,0.0,0,0,0,0,0,0,0,0,0,0,0,0,0,0,0,0,0,0,0,0,0,0,0,0,0,0,0,0,0,0,0,0,0,32,30,30,62,65476,0,300,0,0,8,21553,0.0,-107605600.0,0.0,0.0,0.0,0.0,0.0,0.0,0.0,0.0,0.0,0.0,0.0,0.0,0.0,0.0,0.0,0.0,0.0,0.0,0.0,0.0,2.004,0.0,-0.0,-2.004,0.0,0.0,0.0,0.0,5378.0,-0.0,6963.0,0.0,-107615328.0,-107615280.0,-0.0,0.0,0.0,0.0,0.0,63,89221.078,-107614904.0,0.0,0.0,0.0,0.0,0.0,0.0,0.0,0,0,0,0.0,0.0,0.0,0.0,0.0,0.0,0.0,0.0,0.0,0.0,0.0,0.0,0.0,0.0,0.0,0.0,0,-107875648.0,63,0.0,126,2.7184242562605685e+23,-0.0,ERR,ERR,ERR,ERR,ERR,ERR,ERR,ERR,ERR,ERR,ERR,ERR,ERR,ERR,ERR,ERR,ERR,ERR,ERR,ERR,ERR,ERR,ERR,ERR,ERR,ERR,ERR,ERR,ERR,ERR,ERR,ERR,ERR,ERR,ERR,ERR,ERR,ERR,ERR,ERR,ERR,ERR,ERR,ERR,ERR,ERR,ERR,ERR,ERR,ERR,ERR,ERR,ERR,ERR,ERR,ERR,ERR,ERR,ERR,ERR,ERR,ERR,ERR,ERR,ERR,ERR,ERR,34.0,80.0,35,0.0,0.0,0.0,0.0,0.0,0.0,0.0,0.0,0.0,0.0,0.0,0.0,0.0,0.0,0.0,0.0,64.8,0,116,56,50,65476,0,300,0,0,8,20529,65476,0,0,57672,80.0,0.0,0.0,0.0,0.0,0.0
2026-06-17T04:28:26,ERR,ERR,ERR,ERR,ERR,ERR,ERR,ERR,ERR,ERR,ERR,ERR,ERR,ERR,ERR,ERR,ERR,ERR,ERR,ERR,ERR,ERR,ERR,ERR,ERR,ERR,ERR,ERR,ERR,ERR,ERR,ERR,ERR,ERR,ERR,ERR,ERR,ERR,ERR,ERR,ERR,ERR,ERR,ERR,ERR,ERR,ERR,ERR,ERR,ERR,ERR,ERR,ERR,ERR,ERR,ERR,ERR,ERR,ERR,ERR,ERR,ERR,ERR,ERR,ERR,ERR,ERR,ERR,ERR,ERR,ERR,ERR,ERR,ERR,ERR,ERR,ERR,ERR,ERR,ERR,ERR,ERR,ERR,ERR,ERR,ERR,ERR,ERR,ERR,ERR,ERR,ERR,ERR,ERR,ERR,ERR,ERR,ERR,ERR,ERR,ERR,ERR,ERR,ERR,ERR,ERR,ERR,ERR,ERR,ERR,ERR,ERR,ERR,ERR,ERR,ERR,ERR,ERR,ERR,ERR,ERR,ERR,ERR,ERR,ERR,0.0,-107615328.0,0.0,0.0,0.0,1.3936040501711995e+18,7.805,0.0,0,0,4,0,7300,-0.0,0,0.0,0.0,0.0,0.0,0.0,0,0,0,0,0.0,0,0,0,0,0,0,0,0,0,0,0,0,0,0,0,0,0,0,0,0,0,0,0,0,0,0,0,0,0,0,0,0,0,32,30,30,62,65476,0,300,0,0,8,21553,0.0,-107605600.0,0.0,0.0,0.0,0.0,0.0,0.0,0.0,0.0,0.0,0.0,0.0,0.0,0.0,0.0,0.0,0.0,0.0,0.0,0.0,0.0,2.004,0.0,-0.0,-2.004,0.0,0.0,0.0,0.0,5378.0,-0.0,6963.0,0.0,-107615328.0,-107615280.0,-0.0,0.0,0.0,0.0,0.0,63,89221.078,-107614904.0,0.0,0.0,0.0,0.0,0.0,0.0,0.0,0,0,0,0.0,0.0,0.0,0.0,0.0,0.0,0.0,0.0,0.0,0.0,0.0,0.0,0.0,0.0,0.0,0.0,0,-107875648.0,63,0.0,126,2.7184242562605685e+23,-0.0,ERR,ERR,ERR,ERR,ERR,ERR,ERR,ERR,ERR,ERR,ERR,ERR,ERR,ERR,ERR,ERR,ERR,ERR,ERR,ERR,ERR,ERR,ERR,ERR,ERR,ERR,ERR,ERR,ERR,ERR,ERR,ERR,ERR,ERR,ERR,ERR,ERR,ERR,ERR,ERR,ERR,ERR,ERR,ERR,ERR,ERR,ERR,ERR,ERR,ERR,ERR,ERR,ERR,ERR,ERR,ERR,ERR,ERR,ERR,ERR,ERR,ERR,ERR,ERR,ERR,ERR,ERR,34.0,80.0,35,0.0,0.0,0.0,0.0,0.0,0.0,0.0,0.0,0.0,0.0,0.0,0.0,0.0,0.0,0.0,0.0,64.8,0,116,56,50,65476,0,300,0,0,8,20529,65476,0,0,57672,80.0,0.0,0.0,0.0,0.0,0.0
2026-06-17T04:28:27,ERR,ERR,ERR,ERR,ERR,ERR,ERR,ERR,ERR,ERR,ERR,ERR,ERR,ERR,ERR,ERR,ERR,ERR,ERR,ERR,ERR,ERR,ERR,ERR,ERR,ERR,ERR,ERR,ERR,ERR,ERR,ERR,ERR,ERR,ERR,ERR,ERR,ERR,ERR,ERR,ERR,ERR,ERR,ERR,ERR,ERR,ERR,ERR,ERR,ERR,ERR,ERR,ERR,ERR,ERR,ERR,ERR,ERR,ERR,ERR,ERR,ERR,ERR,ERR,ERR,ERR,ERR,ERR,ERR,ERR,ERR,ERR,ERR,ERR,ERR,ERR,ERR,ERR,ERR,ERR,ERR,ERR,ERR,ERR,ERR,ERR,ERR,ERR,ERR,ERR,ERR,ERR,ERR,ERR,ERR,ERR,ERR,ERR,ERR,ERR,ERR,ERR,ERR,ERR,ERR,ERR,ERR,ERR,ERR,ERR,ERR,ERR,ERR,ERR,ERR,ERR,ERR,ERR,ERR,ERR,ERR,ERR,ERR,ERR,ERR,0.0,-107615328.0,0.0,0.0,0.0,1.3936040501711995e+18,7.805,0.0,0,0,4,0,7300,-0.0,0,0.0,0.0,0.0,0.0,0.0,0,0,0,0,0.0,0,0,0,0,0,0,0,0,0,0,0,0,0,0,0,0,0,0,0,0,0,0,0,0,0,0,0,0,0,0,0,0,0,32,30,30,62,65476,0,300,0,0,8,21553,0.0,-107605600.0,0.0,0.0,0.0,0.0,0.0,0.0,0.0,0.0,0.0,0.0,0.0,0.0,0.0,0.0,0.0,0.0,0.0,0.0,0.0,0.0,2.004,0.0,-0.0,-2.004,0.0,0.0,0.0,0.0,5378.0,-0.0,6963.0,0.0,-107615328.0,-107615280.0,-0.0,0.0,0.0,0.0,0.0,63,89221.078,-107614904.0,0.0,0.0,0.0,0.0,0.0,0.0,0.0,0,0,0,0.0,0.0,0.0,0.0,0.0,0.0,0.0,0.0,0.0,0.0,0.0,0.0,0.0,0.0,0.0,0.0,0,-107875648.0,63,0.0,126,2.7184242562605685e+23,-0.0,ERR,ERR,ERR,ERR,ERR,ERR,ERR,ERR,ERR,ERR,ERR,ERR,ERR,ERR,ERR,ERR,ERR,ERR,ERR,ERR,ERR,ERR,ERR,ERR,ERR,ERR,ERR,ERR,ERR,ERR,ERR,ERR,ERR,ERR,ERR,ERR,ERR,ERR,ERR,ERR,ERR,ERR,ERR,ERR,ERR,ERR,ERR,ERR,ERR,ERR,ERR,ERR,ERR,ERR,ERR,ERR,ERR,ERR,ERR,ERR,ERR,ERR,ERR,ERR,ERR,ERR,ERR,34.0,80.0,35,0.0,0.0,0.0,0.0,0.0,0.0,0.0,0.0,0.0,0.0,0.0,0.0,0.0,0.0,0.0,0.0,64.8,0,116,56,50,65476,0,300,0,0,8,20529,65476,0,0,57672,80.0,0.0,0.0,0.0,0.0,0.0
2026-06-17T04:28:28,ERR,ERR,ERR,ERR,ERR,ERR,ERR,ERR,ERR,ERR,ERR,ERR,ERR,ERR,ERR,ERR,ERR,ERR,ERR,ERR,ERR,ERR,ERR,ERR,ERR,ERR,ERR,ERR,ERR,ERR,ERR,ERR,ERR,ERR,ERR,ERR,ERR,ERR,ERR,ERR,ERR,ERR,ERR,ERR,ERR,ERR,ERR,ERR,ERR,ERR,ERR,ERR,ERR,ERR,ERR,ERR,ERR,ERR,ERR,ERR,ERR,ERR,ERR,ERR,ERR,ERR,ERR,ERR,ERR,ERR,ERR,ERR,ERR,ERR,ERR,ERR,ERR,ERR,ERR,ERR,ERR,ERR,ERR,ERR,ERR,ERR,ERR,ERR,ERR,ERR,ERR,ERR,ERR,ERR,ERR,ERR,ERR,ERR,ERR,ERR,ERR,ERR,ERR,ERR,ERR,ERR,ERR,ERR,ERR,ERR,ERR,ERR,ERR,ERR,ERR,ERR,ERR,ERR,ERR,ERR,ERR,ERR,ERR,ERR,ERR,0.0,-107615328.0,0.0,0.0,0.0,1.3936040501711995e+18,7.805,0.0,0,0,4,0,7300,-0.0,0,0.0,0.0,0.0,0.0,0.0,0,0,0,0,0.0,0,0,0,0,0,0,0,0,0,0,0,0,0,0,0,0,0,0,0,0,0,0,0,0,0,0,0,0,0,0,0,0,0,32,30,30,62,65476,0,300,0,0,8,21553,0.0,-107605600.0,0.0,0.0,0.0,0.0,0.0,0.0,0.0,0.0,0.0,0.0,0.0,0.0,0.0,0.0,0.0,0.0,0.0,0.0,0.0,0.0,2.004,0.0,-0.0,-2.004,0.0,0.0,0.0,0.0,5380.0,-0.0,6966.0,0.0,-107615328.0,-107615280.0,-0.0,0.0,0.0,0.0,0.0,63,152018387730432.0,-3.22200830126699e+26,0.0,0.0,0.0,0.0,0.0,0.0,0.0,0,0,0,0.0,0.0,0.0,0.0,0.0,0.0,0.0,0.0,0.0,0.0,0.0,0.0,0.0,0.0,0.0,0.0,0,-107875648.0,63,0.0,126,2.7184242562605685e+23,-0.0,ERR,ERR,ERR,ERR,ERR,ERR,ERR,ERR,ERR,ERR,ERR,ERR,ERR,ERR,ERR,ERR,ERR,ERR,ERR,ERR,ERR,ERR,ERR,ERR,ERR,ERR,ERR,ERR,ERR,ERR,ERR,ERR,ERR,ERR,ERR,ERR,ERR,ERR,ERR,ERR,ERR,ERR,ERR,ERR,ERR,ERR,ERR,ERR,ERR,ERR,ERR,ERR,ERR,ERR,ERR,ERR,ERR,ERR,ERR,ERR,ERR,ERR,ERR,ERR,ERR,ERR,ERR,34.0,80.0,35,0.0,0.0,0.0,0.0,0.0,0.0,0.0,0.0,0.0,0.0,0.0,0.0,0.0,0.0,0.0,0.0,64.4,0,116,56,50,65476,0,300,0,0,8,20529,65476,0,0,57672,80.0,0.0,0.0,0.0,0.0,0.0
2026-06-17T04:28:29,ERR,ERR,ERR,ERR,ERR,ERR,ERR,ERR,ERR,ERR,ERR,ERR,ERR,ERR,ERR,ERR,ERR,ERR,ERR,ERR,ERR,ERR,ERR,ERR,ERR,ERR,ERR,ERR,ERR,ERR,ERR,ERR,ERR,ERR,ERR,ERR,ERR,ERR,ERR,ERR,ERR,ERR,ERR,ERR,ERR,ERR,ERR,ERR,ERR,ERR,ERR,ERR,ERR,ERR,ERR,ERR,ERR,ERR,ERR,ERR,ERR,ERR,ERR,ERR,ERR,ERR,ERR,ERR,ERR,ERR,ERR,ERR,ERR,ERR,ERR,ERR,ERR,ERR,ERR,ERR,ERR,ERR,ERR,ERR,ERR,ERR,ERR,ERR,ERR,ERR,ERR,ERR,ERR,ERR,ERR,ERR,ERR,ERR,ERR,ERR,ERR,ERR,ERR,ERR,ERR,ERR,ERR,ERR,ERR,ERR,ERR,ERR,ERR,ERR,ERR,ERR,ERR,ERR,ERR,ERR,ERR,ERR,ERR,ERR,ERR,0.0,-107615328.0,0.0,0.0,0.0,1.3936040501711995e+18,7.805,0.0,0,0,4,0,7300,-0.0,0,0.0,0.0,0.0,0.0,0.0,0,0,0,0,0.0,0,0,0,0,0,0,0,0,0,0,0,0,0,0,0,0,0,0,0,0,0,0,0,0,0,0,0,0,0,0,0,0,0,32,30,30,62,65476,0,300,0,0,8,21553,0.0,-107605600.0,0.0,0.0,0.0,0.0,0.0,0.0,0.0,0.0,0.0,0.0,0.0,0.0,0.0,0.0,0.0,0.0,0.0,0.0,0.0,0.0,2.004,0.0,-0.0,-2.004,0.0,0.0,0.0,0.0,5380.0,-0.0,6966.0,0.0,-107615328.0,-107615280.0,-0.0,0.0,0.0,0.0,0.0,63,152018387730432.0,-3.22200830126699e+26,0.0,0.0,0.0,0.0,0.0,0.0,0.0,0,0,0,0.0,0.0,0.0,0.0,0.0,0.0,0.0,0.0,0.0,0.0,0.0,0.0,0.0,0.0,0.0,0.0,0,-107875648.0,63,0.0,126,2.7184242562605685e+23,-0.0,ERR,ERR,ERR,ERR,ERR,ERR,ERR,ERR,ERR,ERR,ERR,ERR,ERR,ERR,ERR,ERR,ERR,ERR,ERR,ERR,ERR,ERR,ERR,ERR,ERR,ERR,ERR,ERR,ERR,ERR,ERR,ERR,ERR,ERR,ERR,ERR,ERR,ERR,ERR,ERR,ERR,ERR,ERR,ERR,ERR,ERR,ERR,ERR,ERR,ERR,ERR,ERR,ERR,ERR,ERR,ERR,ERR,ERR,ERR,ERR,ERR,ERR,ERR,ERR,ERR,ERR,ERR,34.0,80.0,35,0.0,0.0,0.0,0.0,0.0,0.0,0.0,0.0,0.0,0.0,0.0,0.0,0.0,0.0,0.0,0.0,64.4,0,116,56,50,65476,0,300,0,0,8,20529,65476,0,0,57672,80.0,0.0,0.0,0.0,0.0,0.0
2026-06-17T04:28:30,ERR,ERR,ERR,ERR,ERR,ERR,ERR,ERR,ERR,ERR,ERR,ERR,ERR,ERR,ERR,ERR,ERR,ERR,ERR,ERR,ERR,ERR,ERR,ERR,ERR,ERR,ERR,ERR,ERR,ERR,ERR,ERR,ERR,ERR,ERR,ERR,ERR,ERR,ERR,ERR,ERR,ERR,ERR,ERR,ERR,ERR,ERR,ERR,ERR,ERR,ERR,ERR,ERR,ERR,ERR,ERR,ERR,ERR,ERR,ERR,ERR,ERR,ERR,ERR,ERR,ERR,ERR,ERR,ERR,ERR,ERR,ERR,ERR,ERR,ERR,ERR,ERR,ERR,ERR,ERR,ERR,ERR,ERR,ERR,ERR,ERR,ERR,ERR,ERR,ERR,ERR,ERR,ERR,ERR,ERR,ERR,ERR,ERR,ERR,ERR,ERR,ERR,ERR,ERR,ERR,ERR,ERR,ERR,ERR,ERR,ERR,ERR,ERR,ERR,ERR,ERR,ERR,ERR,ERR,ERR,ERR,ERR,ERR,ERR,ERR,0.0,-107615328.0,0.0,0.0,0.0,1.3936040501711995e+18,7.805,0.0,0,0,4,0,7300,-0.0,0,0.0,0.0,0.0,0.0,0.0,0,0,0,0,0.0,0,0,0,0,0,0,0,0,0,0,0,0,0,0,0,0,0,0,0,0,0,0,0,0,0,0,0,0,0,0,0,0,0,32,30,30,62,65476,0,300,0,0,8,21553,0.0,-107605600.0,0.0,0.0,0.0,0.0,0.0,0.0,0.0,0.0,0.0,0.0,0.0,0.0,0.0,0.0,0.0,0.0,0.0,0.0,0.0,0.0,2.004,0.0,-0.0,-2.004,0.0,0.0,0.0,0.0,5380.0,-0.0,6966.0,0.0,-107615328.0,-107615280.0,-0.0,0.0,0.0,0.0,0.0,63,152018387730432.0,-3.22200830126699e+26,0.0,0.0,0.0,0.0,0.0,0.0,0.0,0,0,0,0.0,0.0,0.0,0.0,0.0,0.0,0.0,0.0,0.0,0.0,0.0,0.0,0.0,0.0,0.0,0.0,0,-107875648.0,63,0.0,126,2.7184242562605685e+23,-0.0,ERR,ERR,ERR,ERR,ERR,ERR,ERR,ERR,ERR,ERR,ERR,ERR,ERR,ERR,ERR,ERR,ERR,ERR,ERR,ERR,ERR,ERR,ERR,ERR,ERR,ERR,ERR,ERR,ERR,ERR,ERR,ERR,ERR,ERR,ERR,ERR,ERR,ERR,ERR,ERR,ERR,ERR,ERR,ERR,ERR,ERR,ERR,ERR,ERR,ERR,ERR,ERR,ERR,ERR,ERR,ERR,ERR,ERR,ERR,ERR,ERR,ERR,ERR,ERR,ERR,ERR,ERR,34.0,80.0,35,0.0,0.0,0.0,0.0,0.0,0.0,0.0,0.0,0.0,0.0,0.0,0.0,0.0,0.0,0.0,0.0,64.4,0,116,56,50,65476,0,300,0,0,8,20529,65476,0,0,57672,80.0,0.0,0.0,0.0,0.0,0.0
2026-06-17T04:28:31,ERR,ERR,ERR,ERR,ERR,ERR,ERR,ERR,ERR,ERR,ERR,ERR,ERR,ERR,ERR,ERR,ERR,ERR,ERR,ERR,ERR,ERR,ERR,ERR,ERR,ERR,ERR,ERR,ERR,ERR,ERR,ERR,ERR,ERR,ERR,ERR,ERR,ERR,ERR,ERR,ERR,ERR,ERR,ERR,ERR,ERR,ERR,ERR,ERR,ERR,ERR,ERR,ERR,ERR,ERR,ERR,ERR,ERR,ERR,ERR,ERR,ERR,ERR,ERR,ERR,ERR,ERR,ERR,ERR,ERR,ERR,ERR,ERR,ERR,ERR,ERR,ERR,ERR,ERR,ERR,ERR,ERR,ERR,ERR,ERR,ERR,ERR,ERR,ERR,ERR,ERR,ERR,ERR,ERR,ERR,ERR,ERR,ERR,ERR,ERR,ERR,ERR,ERR,ERR,ERR,ERR,ERR,ERR,ERR,ERR,ERR,ERR,ERR,ERR,ERR,ERR,ERR,ERR,ERR,ERR,ERR,ERR,ERR,ERR,ERR,0.0,-107615328.0,0.0,0.0,0.0,1.3936040501711995e+18,7.805,0.0,0,0,4,0,7300,-0.0,0,0.0,0.0,0.0,0.0,0.0,0,0,0,0,0.0,0,0,0,0,0,0,0,0,0,0,0,0,0,0,0,0,0,0,0,0,0,0,0,0,0,0,0,0,0,0,0,0,0,32,30,30,62,65476,0,300,0,0,8,21553,0.0,-107605600.0,0.0,0.0,0.0,0.0,0.0,0.0,0.0,0.0,0.0,0.0,0.0,0.0,0.0,0.0,0.0,0.0,0.0,0.0,0.0,0.0,2.004,0.0,-0.0,-2.004,0.0,0.0,0.0,0.0,5380.0,-0.0,6966.0,0.0,-107615328.0,-107615280.0,-0.0,0.0,0.0,0.0,0.0,63,152018387730432.0,-3.22200830126699e+26,0.0,0.0,0.0,0.0,0.0,0.0,0.0,0,0,0,0.0,0.0,0.0,0.0,0.0,0.0,0.0,0.0,0.0,0.0,0.0,0.0,0.0,0.0,0.0,0.0,0,-107875648.0,63,0.0,126,2.7184242562605685e+23,-0.0,ERR,ERR,ERR,ERR,ERR,ERR,ERR,ERR,ERR,ERR,ERR,ERR,ERR,ERR,ERR,ERR,ERR,ERR,ERR,ERR,ERR,ERR,ERR,ERR,ERR,ERR,ERR,ERR,ERR,ERR,ERR,ERR,ERR,ERR,ERR,ERR,ERR,ERR,ERR,ERR,ERR,ERR,ERR,ERR,ERR,ERR,ERR,ERR,ERR,ERR,ERR,ERR,ERR,ERR,ERR,ERR,ERR,ERR,ERR,ERR,ERR,ERR,ERR,ERR,ERR,ERR,ERR,34.0,80.0,35,0.0,0.0,0.0,0.0,0.0,0.0,0.0,0.0,0.0,0.0,0.0,0.0,0.0,0.0,0.0,0.0,64.4,0,116,56,50,65476,0,300,0,0,8,20529,65476,0,0,57672,80.0,0.0,0.0,0.0,0.0,0.0
2026-06-17T04:28:32,ERR,ERR,ERR,ERR,ERR,ERR,ERR,ERR,ERR,ERR,ERR,ERR,ERR,ERR,ERR,ERR,ERR,ERR,ERR,ERR,ERR,ERR,ERR,ERR,ERR,ERR,ERR,ERR,ERR,ERR,ERR,ERR,ERR,ERR,ERR,ERR,ERR,ERR,ERR,ERR,ERR,ERR,ERR,ERR,ERR,ERR,ERR,ERR,ERR,ERR,ERR,ERR,ERR,ERR,ERR,ERR,ERR,ERR,ERR,ERR,ERR,ERR,ERR,ERR,ERR,ERR,ERR,ERR,ERR,ERR,ERR,ERR,ERR,ERR,ERR,ERR,ERR,ERR,ERR,ERR,ERR,ERR,ERR,ERR,ERR,ERR,ERR,ERR,ERR,ERR,ERR,ERR,ERR,ERR,ERR,ERR,ERR,ERR,ERR,ERR,ERR,ERR,ERR,ERR,ERR,ERR,ERR,ERR,ERR,ERR,ERR,ERR,ERR,ERR,ERR,ERR,ERR,ERR,ERR,ERR,ERR,ERR,ERR,ERR,ERR,0.0,-107615328.0,0.0,0.0,0.0,1.3936040501711995e+18,7.805,0.0,0,0,4,0,7300,-0.0,0,0.0,0.0,0.0,0.0,0.0,0,0,0,0,0.0,0,0,0,0,0,0,0,0,0,0,0,0,0,0,0,0,0,0,0,0,0,0,0,0,0,0,0,0,0,0,0,0,0,32,30,30,62,65476,0,300,0,0,8,21553,0.0,-107605600.0,0.0,0.0,0.0,0.0,0.0,0.0,0.0,0.0,0.0,0.0,0.0,0.0,0.0,0.0,0.0,0.0,0.0,0.0,0.0,0.0,2.004,0.0,-0.0,-2.004,0.0,0.0,0.0,0.0,5380.0,-0.0,6966.0,0.0,-107615328.0,-107615280.0,-0.0,0.0,0.0,0.0,0.0,63,152018387730432.0,-3.22200830126699e+26,0.0,0.0,0.0,0.0,0.0,0.0,0.0,0,0,0,0.0,0.0,0.0,0.0,0.0,0.0,0.0,0.0,0.0,0.0,0.0,0.0,0.0,0.0,0.0,0.0,0,-107875648.0,63,0.0,126,2.7184242562605685e+23,-0.0,ERR,ERR,ERR,ERR,ERR,ERR,ERR,ERR,ERR,ERR,ERR,ERR,ERR,ERR,ERR,ERR,ERR,ERR,ERR,ERR,ERR,ERR,ERR,ERR,ERR,ERR,ERR,ERR,ERR,ERR,ERR,ERR,ERR,ERR,ERR,ERR,ERR,ERR,ERR,ERR,ERR,ERR,ERR,ERR,ERR,ERR,ERR,ERR,ERR,ERR,ERR,ERR,ERR,ERR,ERR,ERR,ERR,ERR,ERR,ERR,ERR,ERR,ERR,ERR,ERR,ERR,ERR,34.0,80.0,35,0.0,0.0,0.0,0.0,0.0,0.0,0.0,0.0,0.0,0.0,0.0,0.0,0.0,0.0,0.0,0.0,64.4,0,116,56,50,65476,0,300,0,0,8,20529,65476,0,0,57672,80.0,0.0,0.0,0.0,0.0,0.0
2026-06-17T04:28:33,ERR,ERR,ERR,ERR,ERR,ERR,ERR,ERR,ERR,ERR,ERR,ERR,ERR,ERR,ERR,ERR,ERR,ERR,ERR,ERR,ERR,ERR,ERR,ERR,ERR,ERR,ERR,ERR,ERR,ERR,ERR,ERR,ERR,ERR,ERR,ERR,ERR,ERR,ERR,ERR,ERR,ERR,ERR,ERR,ERR,ERR,ERR,ERR,ERR,ERR,ERR,ERR,ERR,ERR,ERR,ERR,ERR,ERR,ERR,ERR,ERR,ERR,ERR,ERR,ERR,ERR,ERR,ERR,ERR,ERR,ERR,ERR,ERR,ERR,ERR,ERR,ERR,ERR,ERR,ERR,ERR,ERR,ERR,ERR,ERR,ERR,ERR,ERR,ERR,ERR,ERR,ERR,ERR,ERR,ERR,ERR,ERR,ERR,ERR,ERR,ERR,ERR,ERR,ERR,ERR,ERR,ERR,ERR,ERR,ERR,ERR,ERR,ERR,ERR,ERR,ERR,ERR,ERR,ERR,ERR,ERR,ERR,ERR,ERR,ERR,0.0,-107615328.0,0.0,0.0,0.0,1.3936040501711995e+18,7.805,0.0,0,0,4,0,7300,-0.0,0,0.0,0.0,0.0,0.0,0.0,0,0,0,0,0.0,0,0,0,0,0,0,0,0,0,0,0,0,0,0,0,0,0,0,0,0,0,0,0,0,0,0,0,0,0,0,0,0,0,32,30,30,62,65476,0,300,0,0,8,21553,0.0,-107605600.0,0.0,0.0,0.0,0.0,0.0,0.0,0.0,0.0,0.0,0.0,0.0,0.0,0.0,0.0,0.0,0.0,0.0,0.0,0.0,0.0,2.004,0.0,-0.0,-2.004,0.0,0.0,0.0,0.0,5382.0,-0.0,6962.0,0.0,-107615328.0,-107615280.0,-0.0,0.0,0.0,0.0,0.0,63,1.905697261480837e+17,-2.308830690169617e+20,0.0,0.0,0.0,0.0,0.0,0.0,0.0,0,0,0,0.0,0.0,0.0,0.0,0.0,0.0,0.0,0.0,0.0,0.0,0.0,0.0,0.0,0.0,0.0,0.0,0,-107875648.0,63,0.0,126,2.7184242562605685e+23,-0.0,ERR,ERR,ERR,ERR,ERR,ERR,ERR,ERR,ERR,ERR,ERR,ERR,ERR,ERR,ERR,ERR,ERR,ERR,ERR,ERR,ERR,ERR,ERR,ERR,ERR,ERR,ERR,ERR,ERR,ERR,ERR,ERR,ERR,ERR,ERR,ERR,ERR,ERR,ERR,ERR,ERR,ERR,ERR,ERR,ERR,ERR,ERR,ERR,ERR,ERR,ERR,ERR,ERR,ERR,ERR,ERR,ERR,ERR,ERR,ERR,ERR,ERR,ERR,ERR,ERR,ERR,ERR,34.0,80.0,35,0.0,0.0,0.0,0.0,0.0,0.0,0.0,0.0,0.0,0.0,0.0,0.0,0.0,0.0,0.0,0.0,64.4,0,116,56,50,65476,0,300,0,0,8,20529,65476,0,0,57672,80.0,0.0,0.0,0.0,0.0,0.0
2026-06-17T04:28:34,ERR,ERR,ERR,ERR,ERR,ERR,ERR,ERR,ERR,ERR,ERR,ERR,ERR,ERR,ERR,ERR,ERR,ERR,ERR,ERR,ERR,ERR,ERR,ERR,ERR,ERR,ERR,ERR,ERR,ERR,ERR,ERR,ERR,ERR,ERR,ERR,ERR,ERR,ERR,ERR,ERR,ERR,ERR,ERR,ERR,ERR,ERR,ERR,ERR,ERR,ERR,ERR,ERR,ERR,ERR,ERR,ERR,ERR,ERR,ERR,ERR,ERR,ERR,ERR,ERR,ERR,ERR,ERR,ERR,ERR,ERR,ERR,ERR,ERR,ERR,ERR,ERR,ERR,ERR,ERR,ERR,ERR,ERR,ERR,ERR,ERR,ERR,ERR,ERR,ERR,ERR,ERR,ERR,ERR,ERR,ERR,ERR,ERR,ERR,ERR,ERR,ERR,ERR,ERR,ERR,ERR,ERR,ERR,ERR,ERR,ERR,ERR,ERR,ERR,ERR,ERR,ERR,ERR,ERR,ERR,ERR,ERR,ERR,ERR,ERR,0.0,-107615328.0,0.0,0.0,0.0,1.3936040501711995e+18,7.805,0.0,0,0,4,0,7300,-0.0,0,0.0,0.0,0.0,0.0,0.0,0,0,0,0,0.0,0,0,0,0,0,0,0,0,0,0,0,0,0,0,0,0,0,0,0,0,0,0,0,0,0,0,0,0,0,0,0,0,0,32,30,30,62,65476,0,300,0,0,8,21553,0.0,-107605600.0,0.0,0.0,0.0,0.0,0.0,0.0,0.0,0.0,0.0,0.0,0.0,0.0,0.0,0.0,0.0,0.0,0.0,0.0,0.0,0.0,2.004,0.0,-0.0,-2.004,0.0,0.0,0.0,0.0,5382.0,-0.0,6962.0,0.0,-107615328.0,-107615280.0,-0.0,0.0,0.0,0.0,0.0,63,1.905697261480837e+17,-2.308830690169617e+20,0.0,0.0,0.0,0.0,0.0,0.0,0.0,0,0,0,0.0,0.0,0.0,0.0,0.0,0.0,0.0,0.0,0.0,0.0,0.0,0.0,0.0,0.0,0.0,0.0,0,-107875648.0,63,0.0,126,2.7184242562605685e+23,-0.0,ERR,ERR,ERR,ERR,ERR,ERR,ERR,ERR,ERR,ERR,ERR,ERR,ERR,ERR,ERR,ERR,ERR,ERR,ERR,ERR,ERR,ERR,ERR,ERR,ERR,ERR,ERR,ERR,ERR,ERR,ERR,ERR,ERR,ERR,ERR,ERR,ERR,ERR,ERR,ERR,ERR,ERR,ERR,ERR,ERR,ERR,ERR,ERR,ERR,ERR,ERR,ERR,ERR,ERR,ERR,ERR,ERR,ERR,ERR,ERR,ERR,ERR,ERR,ERR,ERR,ERR,ERR,34.0,80.0,35,0.0,0.0,0.0,0.0,0.0,0.0,0.0,0.0,0.0,0.0,0.0,0.0,0.0,0.0,0.0,0.0,64.4,0,116,56,50,65476,0,300,0,0,8,20529,65476,0,0,57672,80.0,0.0,0.0,0.0,0.0,0.0
2026-06-17T04:28:35,ERR,ERR,ERR,ERR,ERR,ERR,ERR,ERR,ERR,ERR,ERR,ERR,ERR,ERR,ERR,ERR,ERR,ERR,ERR,ERR,ERR,ERR,ERR,ERR,ERR,ERR,ERR,ERR,ERR,ERR,ERR,ERR,ERR,ERR,ERR,ERR,ERR,ERR,ERR,ERR,ERR,ERR,ERR,ERR,ERR,ERR,ERR,ERR,ERR,ERR,ERR,ERR,ERR,ERR,ERR,ERR,ERR,ERR,ERR,ERR,ERR,ERR,ERR,ERR,ERR,ERR,ERR,ERR,ERR,ERR,ERR,ERR,ERR,ERR,ERR,ERR,ERR,ERR,ERR,ERR,ERR,ERR,ERR,ERR,ERR,ERR,ERR,ERR,ERR,ERR,ERR,ERR,ERR,ERR,ERR,ERR,ERR,ERR,ERR,ERR,ERR,ERR,ERR,ERR,ERR,ERR,ERR,ERR,ERR,ERR,ERR,ERR,ERR,ERR,ERR,ERR,ERR,ERR,ERR,ERR,ERR,ERR,ERR,ERR,ERR,0.0,-107615328.0,0.0,0.0,0.0,1.3936040501711995e+18,7.805,0.0,0,0,4,0,7300,-0.0,0,0.0,0.0,0.0,0.0,0.0,0,0,0,0,0.0,0,0,0,0,0,0,0,0,0,0,0,0,0,0,0,0,0,0,0,0,0,0,0,0,0,0,0,0,0,0,0,0,0,32,30,30,62,65476,0,300,0,0,8,21553,0.0,-107605600.0,0.0,0.0,0.0,0.0,0.0,0.0,0.0,0.0,0.0,0.0,0.0,0.0,0.0,0.0,0.0,0.0,0.0,0.0,0.0,0.0,2.004,0.0,-0.0,-2.004,0.0,0.0,0.0,0.0,5382.0,-0.0,6962.0,0.0,-107615328.0,-107615280.0,-0.0,0.0,0.0,0.0,0.0,63,1.905697261480837e+17,-2.308830690169617e+20,0.0,0.0,0.0,0.0,0.0,0.0,0.0,0,0,0,0.0,0.0,0.0,0.0,0.0,0.0,0.0,0.0,0.0,0.0,0.0,0.0,0.0,0.0,0.0,0.0,0,-107875648.0,63,0.0,126,2.7184242562605685e+23,-0.0,ERR,ERR,ERR,ERR,ERR,ERR,ERR,ERR,ERR,ERR,ERR,ERR,ERR,ERR,ERR,ERR,ERR,ERR,ERR,ERR,ERR,ERR,ERR,ERR,ERR,ERR,ERR,ERR,ERR,ERR,ERR,ERR,ERR,ERR,ERR,ERR,ERR,ERR,ERR,ERR,ERR,ERR,ERR,ERR,ERR,ERR,ERR,ERR,ERR,ERR,ERR,ERR,ERR,ERR,ERR,ERR,ERR,ERR,ERR,ERR,ERR,ERR,ERR,ERR,ERR,ERR,ERR,34.0,80.0,35,0.0,0.0,0.0,0.0,0.0,0.0,0.0,0.0,0.0,0.0,0.0,0.0,0.0,0.0,0.0,0.0,64.4,0,116,56,50,65476,0,300,0,0,8,20529,65476,0,0,57672,80.0,0.0,0.0,0.0,0.0,0.0
2026-06-17T04:28:36,ERR,ERR,ERR,ERR,ERR,ERR,ERR,ERR,ERR,ERR,ERR,ERR,ERR,ERR,ERR,ERR,ERR,ERR,ERR,ERR,ERR,ERR,ERR,ERR,ERR,ERR,ERR,ERR,ERR,ERR,ERR,ERR,ERR,ERR,ERR,ERR,ERR,ERR,ERR,ERR,ERR,ERR,ERR,ERR,ERR,ERR,ERR,ERR,ERR,ERR,ERR,ERR,ERR,ERR,ERR,ERR,ERR,ERR,ERR,ERR,ERR,ERR,ERR,ERR,ERR,ERR,ERR,ERR,ERR,ERR,ERR,ERR,ERR,ERR,ERR,ERR,ERR,ERR,ERR,ERR,ERR,ERR,ERR,ERR,ERR,ERR,ERR,ERR,ERR,ERR,ERR,ERR,ERR,ERR,ERR,ERR,ERR,ERR,ERR,ERR,ERR,ERR,ERR,ERR,ERR,ERR,ERR,ERR,ERR,ERR,ERR,ERR,ERR,ERR,ERR,ERR,ERR,ERR,ERR,ERR,ERR,ERR,ERR,ERR,ERR,0.0,-107615328.0,0.0,0.0,0.0,1.3936040501711995e+18,7.805,0.0,0,0,4,0,7300,-0.0,0,0.0,0.0,0.0,0.0,0.0,0,0,0,0,0.0,0,0,0,0,0,0,0,0,0,0,0,0,0,0,0,0,0,0,0,0,0,0,0,0,0,0,0,0,0,0,0,0,0,32,30,30,62,65476,0,300,0,0,8,21553,0.0,-107605600.0,0.0,0.0,0.0,0.0,0.0,0.0,0.0,0.0,0.0,0.0,0.0,0.0,0.0,0.0,0.0,0.0,0.0,0.0,0.0,0.0,2.004,0.0,-0.0,-2.004,0.0,0.0,0.0,0.0,5382.0,-0.0,6962.0,0.0,-107615328.0,-107615280.0,-0.0,0.0,0.0,0.0,0.0,63,1.905697261480837e+17,-2.308830690169617e+20,0.0,0.0,0.0,0.0,0.0,0.0,0.0,0,0,0,0.0,0.0,0.0,0.0,0.0,0.0,0.0,0.0,0.0,0.0,0.0,0.0,0.0,0.0,0.0,0.0,0,-107875648.0,63,0.0,126,2.7184242562605685e+23,-0.0,ERR,ERR,ERR,ERR,ERR,ERR,ERR,ERR,ERR,ERR,ERR,ERR,ERR,ERR,ERR,ERR,ERR,ERR,ERR,ERR,ERR,ERR,ERR,ERR,ERR,ERR,ERR,ERR,ERR,ERR,ERR,ERR,ERR,ERR,ERR,ERR,ERR,ERR,ERR,ERR,ERR,ERR,ERR,ERR,ERR,ERR,ERR,ERR,ERR,ERR,ERR,ERR,ERR,ERR,ERR,ERR,ERR,ERR,ERR,ERR,ERR,ERR,ERR,ERR,ERR,ERR,ERR,34.0,80.0,35,0.0,0.0,0.0,0.0,0.0,0.0,0.0,0.0,0.0,0.0,0.0,0.0,0.0,0.0,0.0,0.0,64.4,0,116,56,50,65476,0,300,0,0,8,20529,65476,0,0,57672,80.0,0.0,0.0,0.0,0.0,0.0
2026-06-17T04:28:37,ERR,ERR,ERR,ERR,ERR,ERR,ERR,ERR,ERR,ERR,ERR,ERR,ERR,ERR,ERR,ERR,ERR,ERR,ERR,ERR,ERR,ERR,ERR,ERR,ERR,ERR,ERR,ERR,ERR,ERR,ERR,ERR,ERR,ERR,ERR,ERR,ERR,ERR,ERR,ERR,ERR,ERR,ERR,ERR,ERR,ERR,ERR,ERR,ERR,ERR,ERR,ERR,ERR,ERR,ERR,ERR,ERR,ERR,ERR,ERR,ERR,ERR,ERR,ERR,ERR,ERR,ERR,ERR,ERR,ERR,ERR,ERR,ERR,ERR,ERR,ERR,ERR,ERR,ERR,ERR,ERR,ERR,ERR,ERR,ERR,ERR,ERR,ERR,ERR,ERR,ERR,ERR,ERR,ERR,ERR,ERR,ERR,ERR,ERR,ERR,ERR,ERR,ERR,ERR,ERR,ERR,ERR,ERR,ERR,ERR,ERR,ERR,ERR,ERR,ERR,ERR,ERR,ERR,ERR,ERR,ERR,ERR,ERR,ERR,ERR,0.0,-107615328.0,0.0,0.0,0.0,1.3936040501711995e+18,7.805,0.0,0,0,4,0,7300,-0.0,0,0.0,0.0,0.0,0.0,0.0,0,0,0,0,0.0,0,0,0,0,0,0,0,0,0,0,0,0,0,0,0,0,0,0,0,0,0,0,0,0,0,0,0,0,0,0,0,0,0,32,30,30,62,65476,0,300,0,0,8,21553,0.0,-107605600.0,0.0,0.0,0.0,0.0,0.0,0.0,0.0,0.0,0.0,0.0,0.0,0.0,0.0,0.0,0.0,0.0,0.0,0.0,0.0,0.0,2.004,0.0,-0.0,-2.004,0.0,0.0,0.0,0.0,5382.0,-0.0,6962.0,0.0,-107615328.0,-107615280.0,-0.0,0.0,0.0,0.0,0.0,63,1.905697261480837e+17,-2.308830690169617e+20,0.0,0.0,0.0,0.0,0.0,0.0,0.0,0,0,0,0.0,0.0,0.0,0.0,0.0,0.0,0.0,0.0,0.0,0.0,0.0,0.0,0.0,0.0,0.0,0.0,0,-107875648.0,63,0.0,126,2.7184242562605685e+23,-0.0,ERR,ERR,ERR,ERR,ERR,ERR,ERR,ERR,ERR,ERR,ERR,ERR,ERR,ERR,ERR,ERR,ERR,ERR,ERR,ERR,ERR,ERR,ERR,ERR,ERR,ERR,ERR,ERR,ERR,ERR,ERR,ERR,ERR,ERR,ERR,ERR,ERR,ERR,ERR,ERR,ERR,ERR,ERR,ERR,ERR,ERR,ERR,ERR,ERR,ERR,ERR,ERR,ERR,ERR,ERR,ERR,ERR,ERR,ERR,ERR,ERR,ERR,ERR,ERR,ERR,ERR,ERR,34.0,80.0,35,0.0,0.0,0.0,0.0,0.0,0.0,0.0,0.0,0.0,0.0,0.0,0.0,0.0,0.0,0.0,0.0,64.4,0,116,56,50,65476,0,300,0,0,8,20529,65476,0,0,57672,80.0,0.0,0.0,0.0,0.0,0.0
2026-06-17T04:28:38,ERR,ERR,ERR,ERR,ERR,ERR,ERR,ERR,ERR,ERR,ERR,ERR,ERR,ERR,ERR,ERR,ERR,ERR,ERR,ERR,ERR,ERR,ERR,ERR,ERR,ERR,ERR,ERR,ERR,ERR,ERR,ERR,ERR,ERR,ERR,ERR,ERR,ERR,ERR,ERR,ERR,ERR,ERR,ERR,ERR,ERR,ERR,ERR,ERR,ERR,ERR,ERR,ERR,ERR,ERR,ERR,ERR,ERR,ERR,ERR,ERR,ERR,ERR,ERR,ERR,ERR,ERR,ERR,ERR,ERR,ERR,ERR,ERR,ERR,ERR,ERR,ERR,ERR,ERR,ERR,ERR,ERR,ERR,ERR,ERR,ERR,ERR,ERR,ERR,ERR,ERR,ERR,ERR,ERR,ERR,ERR,ERR,ERR,ERR,ERR,ERR,ERR,ERR,ERR,ERR,ERR,ERR,ERR,ERR,ERR,ERR,ERR,ERR,ERR,ERR,ERR,ERR,ERR,ERR,ERR,ERR,ERR,ERR,ERR,ERR,0.0,-107615328.0,0.0,0.0,0.0,1.3936040501711995e+18,7.805,0.0,0,0,4,0,7300,-0.0,0,0.0,0.0,0.0,0.0,0.0,0,0,0,0,0.0,0,0,0,0,0,0,0,0,0,0,0,0,0,0,0,0,0,0,0,0,0,0,0,0,0,0,0,0,0,0,0,0,0,32,30,30,62,65476,0,300,0,0,8,21553,0.0,-107605600.0,0.0,0.0,0.0,0.0,0.0,0.0,0.0,0.0,0.0,0.0,0.0,0.0,0.0,0.0,0.0,0.0,0.0,0.0,0.0,0.0,2.004,0.0,-0.0,-2.004,0.0,0.0,0.0,0.0,5382.0,1.0406668663850192e+34,6959.0,0.0,-107615328.0,-107615280.0,-0.0,0.0,0.0,0.0,0.0,63,1.905697261480837e+17,-71.63,0.0,0.0,0.0,0.0,0.0,0.0,0.0,0,0,0,0.0,0.0,0.0,0.0,0.0,0.0,0.0,0.0,0.0,0.0,0.0,0.0,0.0,0.0,0.0,0.0,0,-107875648.0,63,0.0,126,2.7184242562605685e+23,-0.0,ERR,ERR,ERR,ERR,ERR,ERR,ERR,ERR,ERR,ERR,ERR,ERR,ERR,ERR,ERR,ERR,ERR,ERR,ERR,ERR,ERR,ERR,ERR,ERR,ERR,ERR,ERR,ERR,ERR,ERR,ERR,ERR,ERR,ERR,ERR,ERR,ERR,ERR,ERR,ERR,ERR,ERR,ERR,ERR,ERR,ERR,ERR,ERR,ERR,ERR,ERR,ERR,ERR,ERR,ERR,ERR,ERR,ERR,ERR,ERR,ERR,ERR,ERR,ERR,ERR,ERR,ERR,34.0,80.0,35,0.0,0.0,0.0,0.0,0.0,0.0,0.0,0.0,0.0,0.0,0.0,0.0,0.0,0.0,0.0,0.0,64.4,0,116,56,50,65476,0,300,0,0,8,20529,65476,0,0,57672,80.0,0.0,0.0,0.0,0.0,0.0
2026-06-17T04:28:39,ERR,ERR,ERR,ERR,ERR,ERR,ERR,ERR,ERR,ERR,ERR,ERR,ERR,ERR,ERR,ERR,ERR,ERR,ERR,ERR,ERR,ERR,ERR,ERR,ERR,ERR,ERR,ERR,ERR,ERR,ERR,ERR,ERR,ERR,ERR,ERR,ERR,ERR,ERR,ERR,ERR,ERR,ERR,ERR,ERR,ERR,ERR,ERR,ERR,ERR,ERR,ERR,ERR,ERR,ERR,ERR,ERR,ERR,ERR,ERR,ERR,ERR,ERR,ERR,ERR,ERR,ERR,ERR,ERR,ERR,ERR,ERR,ERR,ERR,ERR,ERR,ERR,ERR,ERR,ERR,ERR,ERR,ERR,ERR,ERR,ERR,ERR,ERR,ERR,ERR,ERR,ERR,ERR,ERR,ERR,ERR,ERR,ERR,ERR,ERR,ERR,ERR,ERR,ERR,ERR,ERR,ERR,ERR,ERR,ERR,ERR,ERR,ERR,ERR,ERR,ERR,ERR,ERR,ERR,ERR,ERR,ERR,ERR,ERR,ERR,0.0,-107615328.0,0.0,0.0,0.0,1.3936040501711995e+18,7.805,0.0,0,0,4,0,7300,-0.0,0,0.0,0.0,0.0,0.0,0.0,0,0,0,0,0.0,0,0,0,0,0,0,0,0,0,0,0,0,0,0,0,0,0,0,0,0,0,0,0,0,0,0,0,0,0,0,0,0,0,32,30,30,62,65476,0,300,0,0,8,21553,0.0,-107605600.0,0.0,0.0,0.0,0.0,0.0,0.0,0.0,0.0,0.0,0.0,0.0,0.0,0.0,0.0,0.0,0.0,0.0,0.0,0.0,0.0,2.004,0.0,-0.0,-2.004,0.0,0.0,0.0,0.0,5382.0,1.0406668663850192e+34,6959.0,0.0,-107615328.0,-107615280.0,-0.0,0.0,0.0,0.0,0.0,63,1.905697261480837e+17,-71.63,0.0,0.0,0.0,0.0,0.0,0.0,0.0,0,0,0,0.0,0.0,0.0,0.0,0.0,0.0,0.0,0.0,0.0,0.0,0.0,0.0,0.0,0.0,0.0,0.0,0,-107875648.0,63,0.0,126,2.7184242562605685e+23,-0.0,ERR,ERR,ERR,ERR,ERR,ERR,ERR,ERR,ERR,ERR,ERR,ERR,ERR,ERR,ERR,ERR,ERR,ERR,ERR,ERR,ERR,ERR,ERR,ERR,ERR,ERR,ERR,ERR,ERR,ERR,ERR,ERR,ERR,ERR,ERR,ERR,ERR,ERR,ERR,ERR,ERR,ERR,ERR,ERR,ERR,ERR,ERR,ERR,ERR,ERR,ERR,ERR,ERR,ERR,ERR,ERR,ERR,ERR,ERR,ERR,ERR,ERR,ERR,ERR,ERR,ERR,ERR,34.0,80.0,35,0.0,0.0,0.0,0.0,0.0,0.0,0.0,0.0,0.0,0.0,0.0,0.0,0.0,0.0,0.0,0.0,64.8,0,116,56,50,65476,0,300,0,0,8,20529,65476,0,0,57672,80.0,0.0,0.0,0.0,0.0,0.0
2026-06-17T04:28:40,ERR,ERR,ERR,ERR,ERR,ERR,ERR,ERR,ERR,ERR,ERR,ERR,ERR,ERR,ERR,ERR,ERR,ERR,ERR,ERR,ERR,ERR,ERR,ERR,ERR,ERR,ERR,ERR,ERR,ERR,ERR,ERR,ERR,ERR,ERR,ERR,ERR,ERR,ERR,ERR,ERR,ERR,ERR,ERR,ERR,ERR,ERR,ERR,ERR,ERR,ERR,ERR,ERR,ERR,ERR,ERR,ERR,ERR,ERR,ERR,ERR,ERR,ERR,ERR,ERR,ERR,ERR,ERR,ERR,ERR,ERR,ERR,ERR,ERR,ERR,ERR,ERR,ERR,ERR,ERR,ERR,ERR,ERR,ERR,ERR,ERR,ERR,ERR,ERR,ERR,ERR,ERR,ERR,ERR,ERR,ERR,ERR,ERR,ERR,ERR,ERR,ERR,ERR,ERR,ERR,ERR,ERR,ERR,ERR,ERR,ERR,ERR,ERR,ERR,ERR,ERR,ERR,ERR,ERR,ERR,ERR,ERR,ERR,ERR,ERR,0.0,-107615328.0,0.0,0.0,0.0,1.3936040501711995e+18,7.805,0.0,0,0,4,0,7300,-0.0,0,0.0,0.0,0.0,0.0,0.0,0,0,0,0,0.0,0,0,0,0,0,0,0,0,0,0,0,0,0,0,0,0,0,0,0,0,0,0,0,0,0,0,0,0,0,0,0,0,0,32,30,30,62,65476,0,300,0,0,8,21553,0.0,-107605600.0,0.0,0.0,0.0,0.0,0.0,0.0,0.0,0.0,0.0,0.0,0.0,0.0,0.0,0.0,0.0,0.0,0.0,0.0,0.0,0.0,2.004,0.0,-0.0,-2.004,0.0,0.0,0.0,0.0,5382.0,1.0406668663850192e+34,6959.0,0.0,-107615328.0,-107615280.0,-0.0,0.0,0.0,0.0,0.0,63,1.905697261480837e+17,-71.63,0.0,0.0,0.0,0.0,0.0,0.0,0.0,0,0,0,0.0,0.0,0.0,0.0,0.0,0.0,0.0,0.0,0.0,0.0,0.0,0.0,0.0,0.0,0.0,0.0,0,-107875648.0,63,0.0,126,2.7184242562605685e+23,-0.0,ERR,ERR,ERR,ERR,ERR,ERR,ERR,ERR,ERR,ERR,ERR,ERR,ERR,ERR,ERR,ERR,ERR,ERR,ERR,ERR,ERR,ERR,ERR,ERR,ERR,ERR,ERR,ERR,ERR,ERR,ERR,ERR,ERR,ERR,ERR,ERR,ERR,ERR,ERR,ERR,ERR,ERR,ERR,ERR,ERR,ERR,ERR,ERR,ERR,ERR,ERR,ERR,ERR,ERR,ERR,ERR,ERR,ERR,ERR,ERR,ERR,ERR,ERR,ERR,ERR,ERR,ERR,34.0,80.0,35,0.0,0.0,0.0,0.0,0.0,0.0,0.0,0.0,0.0,0.0,0.0,0.0,0.0,0.0,0.0,0.0,64.8,0,116,56,50,65476,0,300,0,0,8,20529,65476,0,0,57672,80.0,0.0,0.0,0.0,0.0,0.0
2026-06-17T04:28:41,ERR,ERR,ERR,ERR,ERR,ERR,ERR,ERR,ERR,ERR,ERR,ERR,ERR,ERR,ERR,ERR,ERR,ERR,ERR,ERR,ERR,ERR,ERR,ERR,ERR,ERR,ERR,ERR,ERR,ERR,ERR,ERR,ERR,ERR,ERR,ERR,ERR,ERR,ERR,ERR,ERR,ERR,ERR,ERR,ERR,ERR,ERR,ERR,ERR,ERR,ERR,ERR,ERR,ERR,ERR,ERR,ERR,ERR,ERR,ERR,ERR,ERR,ERR,ERR,ERR,ERR,ERR,ERR,ERR,ERR,ERR,ERR,ERR,ERR,ERR,ERR,ERR,ERR,ERR,ERR,ERR,ERR,ERR,ERR,ERR,ERR,ERR,ERR,ERR,ERR,ERR,ERR,ERR,ERR,ERR,ERR,ERR,ERR,ERR,ERR,ERR,ERR,ERR,ERR,ERR,ERR,ERR,ERR,ERR,ERR,ERR,ERR,ERR,ERR,ERR,ERR,ERR,ERR,ERR,ERR,ERR,ERR,ERR,ERR,ERR,0.0,-107615328.0,0.0,0.0,0.0,1.3936040501711995e+18,7.805,0.0,0,0,4,0,7300,-0.0,0,0.0,0.0,0.0,0.0,0.0,0,0,0,0,0.0,0,0,0,0,0,0,0,0,0,0,0,0,0,0,0,0,0,0,0,0,0,0,0,0,0,0,0,0,0,0,0,0,0,32,30,30,62,65476,0,300,0,0,8,21553,0.0,-107605600.0,0.0,0.0,0.0,0.0,0.0,0.0,0.0,0.0,0.0,0.0,0.0,0.0,0.0,0.0,0.0,0.0,0.0,0.0,0.0,0.0,2.004,0.0,-0.0,-2.004,0.0,0.0,0.0,0.0,5382.0,1.0406668663850192e+34,6959.0,0.0,-107615328.0,-107615280.0,-0.0,0.0,0.0,0.0,0.0,63,1.905697261480837e+17,-71.63,0.0,0.0,0.0,0.0,0.0,0.0,0.0,0,0,0,0.0,0.0,0.0,0.0,0.0,0.0,0.0,0.0,0.0,0.0,0.0,0.0,0.0,0.0,0.0,0.0,0,-107875648.0,63,0.0,126,2.7184242562605685e+23,-0.0,ERR,ERR,ERR,ERR,ERR,ERR,ERR,ERR,ERR,ERR,ERR,ERR,ERR,ERR,ERR,ERR,ERR,ERR,ERR,ERR,ERR,ERR,ERR,ERR,ERR,ERR,ERR,ERR,ERR,ERR,ERR,ERR,ERR,ERR,ERR,ERR,ERR,ERR,ERR,ERR,ERR,ERR,ERR,ERR,ERR,ERR,ERR,ERR,ERR,ERR,ERR,ERR,ERR,ERR,ERR,ERR,ERR,ERR,ERR,ERR,ERR,ERR,ERR,ERR,ERR,ERR,ERR,34.0,80.0,35,0.0,0.0,0.0,0.0,0.0,0.0,0.0,0.0,0.0,0.0,0.0,0.0,0.0,0.0,0.0,0.0,64.8,0,116,56,50,65476,0,300,0,0,8,20529,65476,0,0,57672,80.0,0.0,0.0,0.0,0.0,0.0
2026-06-17T04:28:42,ERR,ERR,ERR,ERR,ERR,ERR,ERR,ERR,ERR,ERR,ERR,ERR,ERR,ERR,ERR,ERR,ERR,ERR,ERR,ERR,ERR,ERR,ERR,ERR,ERR,ERR,ERR,ERR,ERR,ERR,ERR,ERR,ERR,ERR,ERR,ERR,ERR,ERR,ERR,ERR,ERR,ERR,ERR,ERR,ERR,ERR,ERR,ERR,ERR,ERR,ERR,ERR,ERR,ERR,ERR,ERR,ERR,ERR,ERR,ERR,ERR,ERR,ERR,ERR,ERR,ERR,ERR,ERR,ERR,ERR,ERR,ERR,ERR,ERR,ERR,ERR,ERR,ERR,ERR,ERR,ERR,ERR,ERR,ERR,ERR,ERR,ERR,ERR,ERR,ERR,ERR,ERR,ERR,ERR,ERR,ERR,ERR,ERR,ERR,ERR,ERR,ERR,ERR,ERR,ERR,ERR,ERR,ERR,ERR,ERR,ERR,ERR,ERR,ERR,ERR,ERR,ERR,ERR,ERR,ERR,ERR,ERR,ERR,ERR,ERR,0.0,-107615328.0,0.0,0.0,0.0,1.3936040501711995e+18,7.805,0.0,0,0,4,0,7300,-0.0,0,0.0,0.0,0.0,0.0,0.0,0,0,0,0,0.0,0,0,0,0,0,0,0,0,0,0,0,0,0,0,0,0,0,0,0,0,0,0,0,0,0,0,0,0,0,0,0,0,0,32,30,30,62,65476,0,300,0,0,8,21553,0.0,-107605600.0,0.0,0.0,0.0,0.0,0.0,0.0,0.0,0.0,0.0,0.0,0.0,0.0,0.0,0.0,0.0,0.0,0.0,0.0,0.0,0.0,2.004,0.0,-0.0,-2.004,0.0,0.0,0.0,0.0,5382.0,1.0406668663850192e+34,6959.0,0.0,-107615328.0,-107615280.0,-0.0,0.0,0.0,0.0,0.0,63,1.905697261480837e+17,-71.63,0.0,0.0,0.0,0.0,0.0,0.0,0.0,0,0,0,0.0,0.0,0.0,0.0,0.0,0.0,0.0,0.0,0.0,0.0,0.0,0.0,0.0,0.0,0.0,0.0,0,-107875648.0,63,0.0,126,2.7184242562605685e+23,-0.0,ERR,ERR,ERR,ERR,ERR,ERR,ERR,ERR,ERR,ERR,ERR,ERR,ERR,ERR,ERR,ERR,ERR,ERR,ERR,ERR,ERR,ERR,ERR,ERR,ERR,ERR,ERR,ERR,ERR,ERR,ERR,ERR,ERR,ERR,ERR,ERR,ERR,ERR,ERR,ERR,ERR,ERR,ERR,ERR,ERR,ERR,ERR,ERR,ERR,ERR,ERR,ERR,ERR,ERR,ERR,ERR,ERR,ERR,ERR,ERR,ERR,ERR,ERR,ERR,ERR,ERR,ERR,34.0,80.0,35,0.0,0.0,0.0,0.0,0.0,0.0,0.0,0.0,0.0,0.0,0.0,0.0,0.0,0.0,0.0,0.0,64.4,0,116,56,50,65476,0,300,0,0,8,20529,65476,0,0,57672,80.0,0.0,0.0,0.0,0.0,0.0
2026-06-17T04:28:43,ERR,ERR,ERR,ERR,ERR,ERR,ERR,ERR,ERR,ERR,ERR,ERR,ERR,ERR,ERR,ERR,ERR,ERR,ERR,ERR,ERR,ERR,ERR,ERR,ERR,ERR,ERR,ERR,ERR,ERR,ERR,ERR,ERR,ERR,ERR,ERR,ERR,ERR,ERR,ERR,ERR,ERR,ERR,ERR,ERR,ERR,ERR,ERR,ERR,ERR,ERR,ERR,ERR,ERR,ERR,ERR,ERR,ERR,ERR,ERR,ERR,ERR,ERR,ERR,ERR,ERR,ERR,ERR,ERR,ERR,ERR,ERR,ERR,ERR,ERR,ERR,ERR,ERR,ERR,ERR,ERR,ERR,ERR,ERR,ERR,ERR,ERR,ERR,ERR,ERR,ERR,ERR,ERR,ERR,ERR,ERR,ERR,ERR,ERR,ERR,ERR,ERR,ERR,ERR,ERR,ERR,ERR,ERR,ERR,ERR,ERR,ERR,ERR,ERR,ERR,ERR,ERR,ERR,ERR,ERR,ERR,ERR,ERR,ERR,ERR,0.0,-107615328.0,0.0,0.0,0.0,1.3936040501711995e+18,7.805,0.0,0,0,4,0,7300,-0.0,0,0.0,0.0,0.0,0.0,0.0,0,0,0,0,0.0,0,0,0,0,0,0,0,0,0,0,0,0,0,0,0,0,0,0,0,0,0,0,0,0,0,0,0,0,0,0,0,0,0,32,30,30,62,65476,0,300,0,0,8,21553,0.0,-107605600.0,0.0,0.0,0.0,0.0,0.0,0.0,0.0,0.0,0.0,0.0,0.0,0.0,0.0,0.0,0.0,0.0,0.0,0.0,0.0,0.0,2.004,0.0,-0.0,-2.004,0.0,0.0,0.0,0.0,5380.0,-0.0,6960.0,0.0,-107615328.0,-107615280.0,-0.0,0.0,0.0,0.0,0.0,63,126841077760.0,-107614904.0,0.0,0.0,0.0,0.0,0.0,0.0,0.0,0,0,0,0.0,0.0,0.0,0.0,0.0,0.0,0.0,0.0,0.0,0.0,0.0,0.0,0.0,0.0,0.0,0.0,0,-107875648.0,63,0.0,126,2.7184242562605685e+23,-0.0,ERR,ERR,ERR,ERR,ERR,ERR,ERR,ERR,ERR,ERR,ERR,ERR,ERR,ERR,ERR,ERR,ERR,ERR,ERR,ERR,ERR,ERR,ERR,ERR,ERR,ERR,ERR,ERR,ERR,ERR,ERR,ERR,ERR,ERR,ERR,ERR,ERR,ERR,ERR,ERR,ERR,ERR,ERR,ERR,ERR,ERR,ERR,ERR,ERR,ERR,ERR,ERR,ERR,ERR,ERR,ERR,ERR,ERR,ERR,ERR,ERR,ERR,ERR,ERR,ERR,ERR,ERR,34.0,80.0,35,0.0,0.0,0.0,0.0,0.0,0.0,0.0,0.0,0.0,0.0,0.0,0.0,0.0,0.0,0.0,0.0,64.4,0,116,56,50,65476,0,300,0,0,8,20529,65476,0,0,57672,80.0,0.0,0.0,0.0,0.0,0.0
2026-06-17T04:28:44,ERR,ERR,ERR,ERR,ERR,ERR,ERR,ERR,ERR,ERR,ERR,ERR,ERR,ERR,ERR,ERR,ERR,ERR,ERR,ERR,ERR,ERR,ERR,ERR,ERR,ERR,ERR,ERR,ERR,ERR,ERR,ERR,ERR,ERR,ERR,ERR,ERR,ERR,ERR,ERR,ERR,ERR,ERR,ERR,ERR,ERR,ERR,ERR,ERR,ERR,ERR,ERR,ERR,ERR,ERR,ERR,ERR,ERR,ERR,ERR,ERR,ERR,ERR,ERR,ERR,ERR,ERR,ERR,ERR,ERR,ERR,ERR,ERR,ERR,ERR,ERR,ERR,ERR,ERR,ERR,ERR,ERR,ERR,ERR,ERR,ERR,ERR,ERR,ERR,ERR,ERR,ERR,ERR,ERR,ERR,ERR,ERR,ERR,ERR,ERR,ERR,ERR,ERR,ERR,ERR,ERR,ERR,ERR,ERR,ERR,ERR,ERR,ERR,ERR,ERR,ERR,ERR,ERR,ERR,ERR,ERR,ERR,ERR,ERR,ERR,0.0,-107615328.0,0.0,0.0,0.0,1.3936040501711995e+18,7.805,0.0,0,0,4,0,7300,-0.0,0,0.0,0.0,0.0,0.0,0.0,0,0,0,0,0.0,0,0,0,0,0,0,0,0,0,0,0,0,0,0,0,0,0,0,0,0,0,0,0,0,0,0,0,0,0,0,0,0,0,32,30,30,62,65476,0,300,0,0,8,21553,0.0,-107605600.0,0.0,0.0,0.0,0.0,0.0,0.0,0.0,0.0,0.0,0.0,0.0,0.0,0.0,0.0,0.0,0.0,0.0,0.0,0.0,0.0,2.004,0.0,-0.0,-2.004,0.0,0.0,0.0,0.0,5380.0,-0.0,6960.0,0.0,-107615328.0,-107615280.0,-0.0,0.0,0.0,0.0,0.0,63,126841077760.0,-107614904.0,0.0,0.0,0.0,0.0,0.0,0.0,0.0,0,0,0,0.0,0.0,0.0,0.0,0.0,0.0,0.0,0.0,0.0,0.0,0.0,0.0,0.0,0.0,0.0,0.0,0,-107875648.0,63,0.0,126,2.7184242562605685e+23,-0.0,ERR,ERR,ERR,ERR,ERR,ERR,ERR,ERR,ERR,ERR,ERR,ERR,ERR,ERR,ERR,ERR,ERR,ERR,ERR,ERR,ERR,ERR,ERR,ERR,ERR,ERR,ERR,ERR,ERR,ERR,ERR,ERR,ERR,ERR,ERR,ERR,ERR,ERR,ERR,ERR,ERR,ERR,ERR,ERR,ERR,ERR,ERR,ERR,ERR,ERR,ERR,ERR,ERR,ERR,ERR,ERR,ERR,ERR,ERR,ERR,ERR,ERR,ERR,ERR,ERR,ERR,ERR,34.0,80.0,35,0.0,0.0,0.0,0.0,0.0,0.0,0.0,0.0,0.0,0.0,0.0,0.0,0.0,0.0,0.0,0.0,64.8,0,116,56,50,65476,0,300,0,0,8,20529,65476,0,0,57672,80.0,0.0,0.0,0.0,0.0,0.0
2026-06-17T04:28:45,ERR,ERR,ERR,ERR,ERR,ERR,ERR,ERR,ERR,ERR,ERR,ERR,ERR,ERR,ERR,ERR,ERR,ERR,ERR,ERR,ERR,ERR,ERR,ERR,ERR,ERR,ERR,ERR,ERR,ERR,ERR,ERR,ERR,ERR,ERR,ERR,ERR,ERR,ERR,ERR,ERR,ERR,ERR,ERR,ERR,ERR,ERR,ERR,ERR,ERR,ERR,ERR,ERR,ERR,ERR,ERR,ERR,ERR,ERR,ERR,ERR,ERR,ERR,ERR,ERR,ERR,ERR,ERR,ERR,ERR,ERR,ERR,ERR,ERR,ERR,ERR,ERR,ERR,ERR,ERR,ERR,ERR,ERR,ERR,ERR,ERR,ERR,ERR,ERR,ERR,ERR,ERR,ERR,ERR,ERR,ERR,ERR,ERR,ERR,ERR,ERR,ERR,ERR,ERR,ERR,ERR,ERR,ERR,ERR,ERR,ERR,ERR,ERR,ERR,ERR,ERR,ERR,ERR,ERR,ERR,ERR,ERR,ERR,ERR,ERR,0.0,-107615328.0,0.0,0.0,0.0,1.3936040501711995e+18,7.805,0.0,0,0,4,0,7300,-0.0,0,0.0,0.0,0.0,0.0,0.0,0,0,0,0,0.0,0,0,0,0,0,0,0,0,0,0,0,0,0,0,0,0,0,0,0,0,0,0,0,0,0,0,0,0,0,0,0,0,0,32,30,30,62,65476,0,300,0,0,8,21553,0.0,-107605600.0,0.0,0.0,0.0,0.0,0.0,0.0,0.0,0.0,0.0,0.0,0.0,0.0,0.0,0.0,0.0,0.0,0.0,0.0,0.0,0.0,2.004,0.0,-0.0,-2.004,0.0,0.0,0.0,0.0,5380.0,-0.0,6960.0,0.0,-107615328.0,-107615280.0,-0.0,0.0,0.0,0.0,0.0,63,126841077760.0,-107614904.0,0.0,0.0,0.0,0.0,0.0,0.0,0.0,0,0,0,0.0,0.0,0.0,0.0,0.0,0.0,0.0,0.0,0.0,0.0,0.0,0.0,0.0,0.0,0.0,0.0,0,-107875648.0,63,0.0,126,2.7184242562605685e+23,-0.0,ERR,ERR,ERR,ERR,ERR,ERR,ERR,ERR,ERR,ERR,ERR,ERR,ERR,ERR,ERR,ERR,ERR,ERR,ERR,ERR,ERR,ERR,ERR,ERR,ERR,ERR,ERR,ERR,ERR,ERR,ERR,ERR,ERR,ERR,ERR,ERR,ERR,ERR,ERR,ERR,ERR,ERR,ERR,ERR,ERR,ERR,ERR,ERR,ERR,ERR,ERR,ERR,ERR,ERR,ERR,ERR,ERR,ERR,ERR,ERR,ERR,ERR,ERR,ERR,ERR,ERR,ERR,34.0,80.0,35,0.0,0.0,0.0,0.0,0.0,0.0,0.0,0.0,0.0,0.0,0.0,0.0,0.0,0.0,0.0,0.0,64.8,0,116,56,50,65476,0,300,0,0,8,20529,65476,0,0,57672,80.0,0.0,0.0,0.0,0.0,0.0
2026-06-17T04:28:46,ERR,ERR,ERR,ERR,ERR,ERR,ERR,ERR,ERR,ERR,ERR,ERR,ERR,ERR,ERR,ERR,ERR,ERR,ERR,ERR,ERR,ERR,ERR,ERR,ERR,ERR,ERR,ERR,ERR,ERR,ERR,ERR,ERR,ERR,ERR,ERR,ERR,ERR,ERR,ERR,ERR,ERR,ERR,ERR,ERR,ERR,ERR,ERR,ERR,ERR,ERR,ERR,ERR,ERR,ERR,ERR,ERR,ERR,ERR,ERR,ERR,ERR,ERR,ERR,ERR,ERR,ERR,ERR,ERR,ERR,ERR,ERR,ERR,ERR,ERR,ERR,ERR,ERR,ERR,ERR,ERR,ERR,ERR,ERR,ERR,ERR,ERR,ERR,ERR,ERR,ERR,ERR,ERR,ERR,ERR,ERR,ERR,ERR,ERR,ERR,ERR,ERR,ERR,ERR,ERR,ERR,ERR,ERR,ERR,ERR,ERR,ERR,ERR,ERR,ERR,ERR,ERR,ERR,ERR,ERR,ERR,ERR,ERR,ERR,ERR,0.0,-107615328.0,0.0,0.0,0.0,1.3936040501711995e+18,7.805,0.0,0,0,4,0,7300,-0.0,0,0.0,0.0,0.0,0.0,0.0,0,0,0,0,0.0,0,0,0,0,0,0,0,0,0,0,0,0,0,0,0,0,0,0,0,0,0,0,0,0,0,0,0,0,0,0,0,0,0,32,30,30,62,65476,0,300,0,0,8,21553,0.0,-107605600.0,0.0,0.0,0.0,0.0,0.0,0.0,0.0,0.0,0.0,0.0,0.0,0.0,0.0,0.0,0.0,0.0,0.0,0.0,0.0,0.0,2.004,0.0,-0.0,-2.004,0.0,0.0,0.0,0.0,5380.0,-0.0,6960.0,0.0,-107615328.0,-107615280.0,-0.0,0.0,0.0,0.0,0.0,63,126841077760.0,-107614904.0,0.0,0.0,0.0,0.0,0.0,0.0,0.0,0,0,0,0.0,0.0,0.0,0.0,0.0,0.0,0.0,0.0,0.0,0.0,0.0,0.0,0.0,0.0,0.0,0.0,0,-107875648.0,63,0.0,126,2.7184242562605685e+23,-0.0,ERR,ERR,ERR,ERR,ERR,ERR,ERR,ERR,ERR,ERR,ERR,ERR,ERR,ERR,ERR,ERR,ERR,ERR,ERR,ERR,ERR,ERR,ERR,ERR,ERR,ERR,ERR,ERR,ERR,ERR,ERR,ERR,ERR,ERR,ERR,ERR,ERR,ERR,ERR,ERR,ERR,ERR,ERR,ERR,ERR,ERR,ERR,ERR,ERR,ERR,ERR,ERR,ERR,ERR,ERR,ERR,ERR,ERR,ERR,ERR,ERR,ERR,ERR,ERR,ERR,ERR,ERR,34.0,80.0,35,0.0,0.0,0.0,0.0,0.0,0.0,0.0,0.0,0.0,0.0,0.0,0.0,0.0,0.0,0.0,0.0,64.8,0,116,56,50,65476,0,300,0,0,8,20529,65476,0,0,57672,80.0,0.0,0.0,0.0,0.0,0.0
2026-06-17T04:28:47,ERR,ERR,ERR,ERR,ERR,ERR,ERR,ERR,ERR,ERR,ERR,ERR,ERR,ERR,ERR,ERR,ERR,ERR,ERR,ERR,ERR,ERR,ERR,ERR,ERR,ERR,ERR,ERR,ERR,ERR,ERR,ERR,ERR,ERR,ERR,ERR,ERR,ERR,ERR,ERR,ERR,ERR,ERR,ERR,ERR,ERR,ERR,ERR,ERR,ERR,ERR,ERR,ERR,ERR,ERR,ERR,ERR,ERR,ERR,ERR,ERR,ERR,ERR,ERR,ERR,ERR,ERR,ERR,ERR,ERR,ERR,ERR,ERR,ERR,ERR,ERR,ERR,ERR,ERR,ERR,ERR,ERR,ERR,ERR,ERR,ERR,ERR,ERR,ERR,ERR,ERR,ERR,ERR,ERR,ERR,ERR,ERR,ERR,ERR,ERR,ERR,ERR,ERR,ERR,ERR,ERR,ERR,ERR,ERR,ERR,ERR,ERR,ERR,ERR,ERR,ERR,ERR,ERR,ERR,ERR,ERR,ERR,ERR,ERR,ERR,0.0,-107615328.0,0.0,0.0,0.0,1.3936040501711995e+18,7.805,0.0,0,0,4,0,7300,-0.0,0,0.0,0.0,0.0,0.0,0.0,0,0,0,0,0.0,0,0,0,0,0,0,0,0,0,0,0,0,0,0,0,0,0,0,0,0,0,0,0,0,0,0,0,0,0,0,0,0,0,32,30,30,62,65476,0,300,0,0,8,21553,0.0,-107605600.0,0.0,0.0,0.0,0.0,0.0,0.0,0.0,0.0,0.0,0.0,0.0,0.0,0.0,0.0,0.0,0.0,0.0,0.0,0.0,0.0,2.004,0.0,-0.0,-2.004,0.0,0.0,0.0,0.0,5380.0,-0.0,6960.0,0.0,-107615328.0,-107615280.0,-0.0,0.0,0.0,0.0,0.0,63,126841077760.0,-107614904.0,0.0,0.0,0.0,0.0,0.0,0.0,0.0,0,0,0,0.0,0.0,0.0,0.0,0.0,0.0,0.0,0.0,0.0,0.0,0.0,0.0,0.0,0.0,0.0,0.0,0,-107875648.0,63,0.0,126,2.7184242562605685e+23,-0.0,ERR,ERR,ERR,ERR,ERR,ERR,ERR,ERR,ERR,ERR,ERR,ERR,ERR,ERR,ERR,ERR,ERR,ERR,ERR,ERR,ERR,ERR,ERR,ERR,ERR,ERR,ERR,ERR,ERR,ERR,ERR,ERR,ERR,ERR,ERR,ERR,ERR,ERR,ERR,ERR,ERR,ERR,ERR,ERR,ERR,ERR,ERR,ERR,ERR,ERR,ERR,ERR,ERR,ERR,ERR,ERR,ERR,ERR,ERR,ERR,ERR,ERR,ERR,ERR,ERR,ERR,ERR,34.0,80.0,35,0.0,0.0,0.0,0.0,0.0,0.0,0.0,0.0,0.0,0.0,0.0,0.0,0.0,0.0,0.0,0.0,64.8,0,116,56,50,65476,0,300,0,0,8,20529,65476,0,0,57672,80.0,0.0,0.0,0.0,0.0,0.0
2026-06-17T04:28:48,ERR,ERR,ERR,ERR,ERR,ERR,ERR,ERR,ERR,ERR,ERR,ERR,ERR,ERR,ERR,ERR,ERR,ERR,ERR,ERR,ERR,ERR,ERR,ERR,ERR,ERR,ERR,ERR,ERR,ERR,ERR,ERR,ERR,ERR,ERR,ERR,ERR,ERR,ERR,ERR,ERR,ERR,ERR,ERR,ERR,ERR,ERR,ERR,ERR,ERR,ERR,ERR,ERR,ERR,ERR,ERR,ERR,ERR,ERR,ERR,ERR,ERR,ERR,ERR,ERR,ERR,ERR,ERR,ERR,ERR,ERR,ERR,ERR,ERR,ERR,ERR,ERR,ERR,ERR,ERR,ERR,ERR,ERR,ERR,ERR,ERR,ERR,ERR,ERR,ERR,ERR,ERR,ERR,ERR,ERR,ERR,ERR,ERR,ERR,ERR,ERR,ERR,ERR,ERR,ERR,ERR,ERR,ERR,ERR,ERR,ERR,ERR,ERR,ERR,ERR,ERR,ERR,ERR,ERR,ERR,ERR,ERR,ERR,ERR,ERR,0.0,-107615328.0,0.0,0.0,0.0,1.3936040501711995e+18,7.805,0.0,0,0,4,0,7300,-0.0,0,0.0,0.0,0.0,0.0,0.0,0,0,0,0,0.0,0,0,0,0,0,0,0,0,0,0,0,0,0,0,0,0,0,0,0,0,0,0,0,0,0,0,0,0,0,0,0,0,0,32,30,30,62,65476,0,300,0,0,8,21553,0.0,-107605600.0,0.0,0.0,0.0,0.0,0.0,0.0,0.0,0.0,0.0,0.0,0.0,0.0,0.0,0.0,0.0,0.0,0.0,0.0,0.0,0.0,2.004,0.0,-0.0,-2.004,0.0,0.0,0.0,0.0,5381.0,-0.0,6964.0,0.0,-107615328.0,-107615280.0,-0.0,0.0,0.0,0.0,0.0,63,152018387730432.0,-152017532092416.0,0.0,0.0,0.0,0.0,0.0,0.0,0.0,0,0,0,0.0,0.0,0.0,0.0,0.0,0.0,0.0,0.0,0.0,0.0,0.0,0.0,0.0,0.0,0.0,0.0,0,-107875648.0,63,0.0,126,2.7184242562605685e+23,-0.0,ERR,ERR,ERR,ERR,ERR,ERR,ERR,ERR,ERR,ERR,ERR,ERR,ERR,ERR,ERR,ERR,ERR,ERR,ERR,ERR,ERR,ERR,ERR,ERR,ERR,ERR,ERR,ERR,ERR,ERR,ERR,ERR,ERR,ERR,ERR,ERR,ERR,ERR,ERR,ERR,ERR,ERR,ERR,ERR,ERR,ERR,ERR,ERR,ERR,ERR,ERR,ERR,ERR,ERR,ERR,ERR,ERR,ERR,ERR,ERR,ERR,ERR,ERR,ERR,ERR,ERR,ERR,34.0,80.0,35,0.0,0.0,0.0,0.0,0.0,0.0,0.0,0.0,0.0,0.0,0.0,0.0,0.0,0.0,0.0,0.0,64.4,0,116,56,50,65476,0,300,0,0,8,20529,65476,0,0,57672,80.0,0.0,0.0,0.0,0.0,0.0
2026-06-17T04:28:49,ERR,ERR,ERR,ERR,ERR,ERR,ERR,ERR,ERR,ERR,ERR,ERR,ERR,ERR,ERR,ERR,ERR,ERR,ERR,ERR,ERR,ERR,ERR,ERR,ERR,ERR,ERR,ERR,ERR,ERR,ERR,ERR,ERR,ERR,ERR,ERR,ERR,ERR,ERR,ERR,ERR,ERR,ERR,ERR,ERR,ERR,ERR,ERR,ERR,ERR,ERR,ERR,ERR,ERR,ERR,ERR,ERR,ERR,ERR,ERR,ERR,ERR,ERR,ERR,ERR,ERR,ERR,ERR,ERR,ERR,ERR,ERR,ERR,ERR,ERR,ERR,ERR,ERR,ERR,ERR,ERR,ERR,ERR,ERR,ERR,ERR,ERR,ERR,ERR,ERR,ERR,ERR,ERR,ERR,ERR,ERR,ERR,ERR,ERR,ERR,ERR,ERR,ERR,ERR,ERR,ERR,ERR,ERR,ERR,ERR,ERR,ERR,ERR,ERR,ERR,ERR,ERR,ERR,ERR,ERR,ERR,ERR,ERR,ERR,ERR,0.0,-107615328.0,0.0,0.0,0.0,1.3936040501711995e+18,7.805,0.0,0,0,4,0,7300,-0.0,0,0.0,0.0,0.0,0.0,0.0,0,0,0,0,0.0,0,0,0,0,0,0,0,0,0,0,0,0,0,0,0,0,0,0,0,0,0,0,0,0,0,0,0,0,0,0,0,0,0,32,30,30,62,65476,0,300,0,0,8,21553,0.0,-107605600.0,0.0,0.0,0.0,0.0,0.0,0.0,0.0,0.0,0.0,0.0,0.0,0.0,0.0,0.0,0.0,0.0,0.0,0.0,0.0,0.0,2.004,0.0,-0.0,-2.004,0.0,0.0,0.0,0.0,5381.0,-0.0,6964.0,0.0,-107615328.0,-107615280.0,-0.0,0.0,0.0,0.0,0.0,63,152018387730432.0,-152017532092416.0,0.0,0.0,0.0,0.0,0.0,0.0,0.0,0,0,0,0.0,0.0,0.0,0.0,0.0,0.0,0.0,0.0,0.0,0.0,0.0,0.0,0.0,0.0,0.0,0.0,0,-107875648.0,63,0.0,126,2.7184242562605685e+23,-0.0,ERR,ERR,ERR,ERR,ERR,ERR,ERR,ERR,ERR,ERR,ERR,ERR,ERR,ERR,ERR,ERR,ERR,ERR,ERR,ERR,ERR,ERR,ERR,ERR,ERR,ERR,ERR,ERR,ERR,ERR,ERR,ERR,ERR,ERR,ERR,ERR,ERR,ERR,ERR,ERR,ERR,ERR,ERR,ERR,ERR,ERR,ERR,ERR,ERR,ERR,ERR,ERR,ERR,ERR,ERR,ERR,ERR,ERR,ERR,ERR,ERR,ERR,ERR,ERR,ERR,ERR,ERR,34.0,80.0,35,0.0,0.0,0.0,0.0,0.0,0.0,0.0,0.0,0.0,0.0,0.0,0.0,0.0,0.0,0.0,0.0,64.4,0,116,56,50,65476,0,300,0,0,8,20529,65476,0,0,57672,80.0,0.0,0.0,0.0,0.0,0.0
2026-06-17T04:28:50,ERR,ERR,ERR,ERR,ERR,ERR,ERR,ERR,ERR,ERR,ERR,ERR,ERR,ERR,ERR,ERR,ERR,ERR,ERR,ERR,ERR,ERR,ERR,ERR,ERR,ERR,ERR,ERR,ERR,ERR,ERR,ERR,ERR,ERR,ERR,ERR,ERR,ERR,ERR,ERR,ERR,ERR,ERR,ERR,ERR,ERR,ERR,ERR,ERR,ERR,ERR,ERR,ERR,ERR,ERR,ERR,ERR,ERR,ERR,ERR,ERR,ERR,ERR,ERR,ERR,ERR,ERR,ERR,ERR,ERR,ERR,ERR,ERR,ERR,ERR,ERR,ERR,ERR,ERR,ERR,ERR,ERR,ERR,ERR,ERR,ERR,ERR,ERR,ERR,ERR,ERR,ERR,ERR,ERR,ERR,ERR,ERR,ERR,ERR,ERR,ERR,ERR,ERR,ERR,ERR,ERR,ERR,ERR,ERR,ERR,ERR,ERR,ERR,ERR,ERR,ERR,ERR,ERR,ERR,ERR,ERR,ERR,ERR,ERR,ERR,0.0,-107615328.0,0.0,0.0,0.0,1.3936040501711995e+18,7.805,0.0,0,0,4,0,7300,-0.0,0,0.0,0.0,0.0,0.0,0.0,0,0,0,0,0.0,0,0,0,0,0,0,0,0,0,0,0,0,0,0,0,0,0,0,0,0,0,0,0,0,0,0,0,0,0,0,0,0,0,32,30,30,62,65476,0,300,0,0,8,21553,0.0,-107605600.0,0.0,0.0,0.0,0.0,0.0,0.0,0.0,0.0,0.0,0.0,0.0,0.0,0.0,0.0,0.0,0.0,0.0,0.0,0.0,0.0,2.004,0.0,-0.0,-2.004,0.0,0.0,0.0,0.0,5381.0,-0.0,6964.0,0.0,-107615328.0,-107615280.0,-0.0,0.0,0.0,0.0,0.0,63,152018387730432.0,-152017532092416.0,0.0,0.0,0.0,0.0,0.0,0.0,0.0,0,0,0,0.0,0.0,0.0,0.0,0.0,0.0,0.0,0.0,0.0,0.0,0.0,0.0,0.0,0.0,0.0,0.0,0,-107875648.0,63,0.0,126,2.7184242562605685e+23,-0.0,ERR,ERR,ERR,ERR,ERR,ERR,ERR,ERR,ERR,ERR,ERR,ERR,ERR,ERR,ERR,ERR,ERR,ERR,ERR,ERR,ERR,ERR,ERR,ERR,ERR,ERR,ERR,ERR,ERR,ERR,ERR,ERR,ERR,ERR,ERR,ERR,ERR,ERR,ERR,ERR,ERR,ERR,ERR,ERR,ERR,ERR,ERR,ERR,ERR,ERR,ERR,ERR,ERR,ERR,ERR,ERR,ERR,ERR,ERR,ERR,ERR,ERR,ERR,ERR,ERR,ERR,ERR,34.0,80.0,35,0.0,0.0,0.0,0.0,0.0,0.0,0.0,0.0,0.0,0.0,0.0,0.0,0.0,0.0,0.0,0.0,64.4,0,116,56,50,65476,0,300,0,0,8,20529,65476,0,0,57672,80.0,0.0,0.0,0.0,0.0,0.0
2026-06-17T04:28:51,ERR,ERR,ERR,ERR,ERR,ERR,ERR,ERR,ERR,ERR,ERR,ERR,ERR,ERR,ERR,ERR,ERR,ERR,ERR,ERR,ERR,ERR,ERR,ERR,ERR,ERR,ERR,ERR,ERR,ERR,ERR,ERR,ERR,ERR,ERR,ERR,ERR,ERR,ERR,ERR,ERR,ERR,ERR,ERR,ERR,ERR,ERR,ERR,ERR,ERR,ERR,ERR,ERR,ERR,ERR,ERR,ERR,ERR,ERR,ERR,ERR,ERR,ERR,ERR,ERR,ERR,ERR,ERR,ERR,ERR,ERR,ERR,ERR,ERR,ERR,ERR,ERR,ERR,ERR,ERR,ERR,ERR,ERR,ERR,ERR,ERR,ERR,ERR,ERR,ERR,ERR,ERR,ERR,ERR,ERR,ERR,ERR,ERR,ERR,ERR,ERR,ERR,ERR,ERR,ERR,ERR,ERR,ERR,ERR,ERR,ERR,ERR,ERR,ERR,ERR,ERR,ERR,ERR,ERR,ERR,ERR,ERR,ERR,ERR,ERR,0.0,-107615328.0,0.0,0.0,0.0,1.3936040501711995e+18,7.805,0.0,0,0,4,0,7300,-0.0,0,0.0,0.0,0.0,0.0,0.0,0,0,0,0,0.0,0,0,0,0,0,0,0,0,0,0,0,0,0,0,0,0,0,0,0,0,0,0,0,0,0,0,0,0,0,0,0,0,0,32,30,30,62,65476,0,300,0,0,8,21553,0.0,-107605600.0,0.0,0.0,0.0,0.0,0.0,0.0,0.0,0.0,0.0,0.0,0.0,0.0,0.0,0.0,0.0,0.0,0.0,0.0,0.0,0.0,2.004,0.0,-0.0,-2.004,0.0,0.0,0.0,0.0,5381.0,-0.0,6964.0,0.0,-107615328.0,-107615280.0,-0.0,0.0,0.0,0.0,0.0,63,152018387730432.0,-152017532092416.0,0.0,0.0,0.0,0.0,0.0,0.0,0.0,0,0,0,0.0,0.0,0.0,0.0,0.0,0.0,0.0,0.0,0.0,0.0,0.0,0.0,0.0,0.0,0.0,0.0,0,-107875648.0,63,0.0,126,2.7184242562605685e+23,-0.0,ERR,ERR,ERR,ERR,ERR,ERR,ERR,ERR,ERR,ERR,ERR,ERR,ERR,ERR,ERR,ERR,ERR,ERR,ERR,ERR,ERR,ERR,ERR,ERR,ERR,ERR,ERR,ERR,ERR,ERR,ERR,ERR,ERR,ERR,ERR,ERR,ERR,ERR,ERR,ERR,ERR,ERR,ERR,ERR,ERR,ERR,ERR,ERR,ERR,ERR,ERR,ERR,ERR,ERR,ERR,ERR,ERR,ERR,ERR,ERR,ERR,ERR,ERR,ERR,ERR,ERR,ERR,34.0,80.0,35,0.0,0.0,0.0,0.0,0.0,0.0,0.0,0.0,0.0,0.0,0.0,0.0,0.0,0.0,0.0,0.0,64.4,0,116,56,50,65476,0,300,0,0,8,20529,65476,0,0,57672,80.0,0.0,0.0,0.0,0.0,0.0
2026-06-17T04:28:52,ERR,ERR,ERR,ERR,ERR,ERR,ERR,ERR,ERR,ERR,ERR,ERR,ERR,ERR,ERR,ERR,ERR,ERR,ERR,ERR,ERR,ERR,ERR,ERR,ERR,ERR,ERR,ERR,ERR,ERR,ERR,ERR,ERR,ERR,ERR,ERR,ERR,ERR,ERR,ERR,ERR,ERR,ERR,ERR,ERR,ERR,ERR,ERR,ERR,ERR,ERR,ERR,ERR,ERR,ERR,ERR,ERR,ERR,ERR,ERR,ERR,ERR,ERR,ERR,ERR,ERR,ERR,ERR,ERR,ERR,ERR,ERR,ERR,ERR,ERR,ERR,ERR,ERR,ERR,ERR,ERR,ERR,ERR,ERR,ERR,ERR,ERR,ERR,ERR,ERR,ERR,ERR,ERR,ERR,ERR,ERR,ERR,ERR,ERR,ERR,ERR,ERR,ERR,ERR,ERR,ERR,ERR,ERR,ERR,ERR,ERR,ERR,ERR,ERR,ERR,ERR,ERR,ERR,ERR,ERR,ERR,ERR,ERR,ERR,ERR,0.0,-107615328.0,0.0,0.0,0.0,1.3936040501711995e+18,7.805,0.0,0,0,4,0,7300,-0.0,0,0.0,0.0,0.0,0.0,0.0,0,0,0,0,0.0,0,0,0,0,0,0,0,0,0,0,0,0,0,0,0,0,0,0,0,0,0,0,0,0,0,0,0,0,0,0,0,0,0,32,30,30,62,65476,0,300,0,0,8,21553,0.0,-107605600.0,0.0,0.0,0.0,0.0,0.0,0.0,0.0,0.0,0.0,0.0,0.0,0.0,0.0,0.0,0.0,0.0,0.0,0.0,0.0,0.0,2.004,0.0,-0.0,-2.004,0.0,0.0,0.0,0.0,5381.0,-0.0,6964.0,0.0,-107615328.0,-107615280.0,-0.0,0.0,0.0,0.0,0.0,63,152018387730432.0,-152017532092416.0,0.0,0.0,0.0,0.0,0.0,0.0,0.0,0,0,0,0.0,0.0,0.0,0.0,0.0,0.0,0.0,0.0,0.0,0.0,0.0,0.0,0.0,0.0,0.0,0.0,0,-107875648.0,63,0.0,126,2.7184242562605685e+23,-0.0,ERR,ERR,ERR,ERR,ERR,ERR,ERR,ERR,ERR,ERR,ERR,ERR,ERR,ERR,ERR,ERR,ERR,ERR,ERR,ERR,ERR,ERR,ERR,ERR,ERR,ERR,ERR,ERR,ERR,ERR,ERR,ERR,ERR,ERR,ERR,ERR,ERR,ERR,ERR,ERR,ERR,ERR,ERR,ERR,ERR,ERR,ERR,ERR,ERR,ERR,ERR,ERR,ERR,ERR,ERR,ERR,ERR,ERR,ERR,ERR,ERR,ERR,ERR,ERR,ERR,ERR,ERR,34.0,80.0,35,0.0,0.0,0.0,0.0,0.0,0.0,0.0,0.0,0.0,0.0,0.0,0.0,0.0,0.0,0.0,0.0,64.4,0,116,56,50,65476,0,300,0,0,8,20529,65476,0,0,57672,80.0,0.0,0.0,0.0,0.0,0.0
2026-06-17T04:28:53,ERR,ERR,ERR,ERR,ERR,ERR,ERR,ERR,ERR,ERR,ERR,ERR,ERR,ERR,ERR,ERR,ERR,ERR,ERR,ERR,ERR,ERR,ERR,ERR,ERR,ERR,ERR,ERR,ERR,ERR,ERR,ERR,ERR,ERR,ERR,ERR,ERR,ERR,ERR,ERR,ERR,ERR,ERR,ERR,ERR,ERR,ERR,ERR,ERR,ERR,ERR,ERR,ERR,ERR,ERR,ERR,ERR,ERR,ERR,ERR,ERR,ERR,ERR,ERR,ERR,ERR,ERR,ERR,ERR,ERR,ERR,ERR,ERR,ERR,ERR,ERR,ERR,ERR,ERR,ERR,ERR,ERR,ERR,ERR,ERR,ERR,ERR,ERR,ERR,ERR,ERR,ERR,ERR,ERR,ERR,ERR,ERR,ERR,ERR,ERR,ERR,ERR,ERR,ERR,ERR,ERR,ERR,ERR,ERR,ERR,ERR,ERR,ERR,ERR,ERR,ERR,ERR,ERR,ERR,ERR,ERR,ERR,ERR,ERR,ERR,0.0,-107615328.0,0.0,0.0,0.0,1.3936040501711995e+18,7.805,0.0,0,0,4,0,7300,-0.0,0,0.0,0.0,0.0,0.0,0.0,0,0,0,0,0.0,0,0,0,0,0,0,0,0,0,0,0,0,0,0,0,0,0,0,0,0,0,0,0,0,0,0,0,0,0,0,0,0,0,32,30,30,62,65476,0,300,0,0,8,21553,0.0,-107605600.0,0.0,0.0,0.0,0.0,0.0,0.0,0.0,0.0,0.0,0.0,0.0,0.0,0.0,0.0,0.0,0.0,0.0,0.0,0.0,0.0,2.004,0.0,-0.0,-2.004,0.0,0.0,0.0,0.0,5381.0,-0.0,6964.0,0.0,-107615328.0,-107615280.0,-0.0,0.0,0.0,0.0,0.0,63,152018387730432.0,-152017532092416.0,0.0,0.0,0.0,0.0,0.0,0.0,0.0,0,0,0,0.0,0.0,0.0,0.0,0.0,0.0,0.0,0.0,0.0,0.0,0.0,0.0,0.0,0.0,0.0,0.0,0,-107875648.0,63,0.0,126,2.7184242562605685e+23,-0.0,ERR,ERR,ERR,ERR,ERR,ERR,ERR,ERR,ERR,ERR,ERR,ERR,ERR,ERR,ERR,ERR,ERR,ERR,ERR,ERR,ERR,ERR,ERR,ERR,ERR,ERR,ERR,ERR,ERR,ERR,ERR,ERR,ERR,ERR,ERR,ERR,ERR,ERR,ERR,ERR,ERR,ERR,ERR,ERR,ERR,ERR,ERR,ERR,ERR,ERR,ERR,ERR,ERR,ERR,ERR,ERR,ERR,ERR,ERR,ERR,ERR,ERR,ERR,ERR,ERR,ERR,ERR,34.0,80.0,35,0.0,0.0,0.0,0.0,0.0,0.0,0.0,0.0,0.0,0.0,0.0,0.0,0.0,0.0,0.0,0.0,64.4,0,116,56,50,65476,0,300,0,0,8,20529,65476,0,0,57672,80.0,0.0,0.0,0.0,0.0,0.0
2026-06-17T04:28:54,ERR,ERR,ERR,ERR,ERR,ERR,ERR,ERR,ERR,ERR,ERR,ERR,ERR,ERR,ERR,ERR,ERR,ERR,ERR,ERR,ERR,ERR,ERR,ERR,ERR,ERR,ERR,ERR,ERR,ERR,ERR,ERR,ERR,ERR,ERR,ERR,ERR,ERR,ERR,ERR,ERR,ERR,ERR,ERR,ERR,ERR,ERR,ERR,ERR,ERR,ERR,ERR,ERR,ERR,ERR,ERR,ERR,ERR,ERR,ERR,ERR,ERR,ERR,ERR,ERR,ERR,ERR,ERR,ERR,ERR,ERR,ERR,ERR,ERR,ERR,ERR,ERR,ERR,ERR,ERR,ERR,ERR,ERR,ERR,ERR,ERR,ERR,ERR,ERR,ERR,ERR,ERR,ERR,ERR,ERR,ERR,ERR,ERR,ERR,ERR,ERR,ERR,ERR,ERR,ERR,ERR,ERR,ERR,ERR,ERR,ERR,ERR,ERR,ERR,ERR,ERR,ERR,ERR,ERR,ERR,ERR,ERR,ERR,ERR,ERR,0.0,-107615328.0,0.0,0.0,0.0,1.3936040501711995e+18,7.805,0.0,0,0,4,0,7300,-0.0,0,0.0,0.0,0.0,0.0,0.0,0,0,0,0,0.0,0,0,0,0,0,0,0,0,0,0,0,0,0,0,0,0,0,0,0,0,0,0,0,0,0,0,0,0,0,0,0,0,0,32,30,30,62,65476,0,300,0,0,8,21553,0.0,-107605600.0,0.0,0.0,0.0,0.0,0.0,0.0,0.0,0.0,0.0,0.0,0.0,0.0,0.0,0.0,0.0,0.0,0.0,0.0,0.0,0.0,2.004,0.0,-0.0,-2.004,0.0,0.0,0.0,0.0,5379.0,-0.0,6961.0,0.0,-107615328.0,-107615280.0,-0.0,0.0,0.0,0.0,0.0,63,107615312.0,-0.0,0.0,0.0,0.0,0.0,0.0,0.0,0.0,0,0,0,0.0,0.0,0.0,0.0,0.0,0.0,0.0,0.0,0.0,0.0,0.0,0.0,0.0,0.0,0.0,0.0,0,-107875648.0,63,0.0,126,2.7184242562605685e+23,-0.0,ERR,ERR,ERR,ERR,ERR,ERR,ERR,ERR,ERR,ERR,ERR,ERR,ERR,ERR,ERR,ERR,ERR,ERR,ERR,ERR,ERR,ERR,ERR,ERR,ERR,ERR,ERR,ERR,ERR,ERR,ERR,ERR,ERR,ERR,ERR,ERR,ERR,ERR,ERR,ERR,ERR,ERR,ERR,ERR,ERR,ERR,ERR,ERR,ERR,ERR,ERR,ERR,ERR,ERR,ERR,ERR,ERR,ERR,ERR,ERR,ERR,ERR,ERR,ERR,ERR,ERR,ERR,34.0,80.0,35,0.0,0.0,0.0,0.0,0.0,0.0,0.0,0.0,0.0,0.0,0.0,0.0,0.0,0.0,0.0,0.0,64.4,0,116,56,50,65476,0,300,0,0,8,20529,65476,0,0,57672,80.0,0.0,0.0,0.0,0.0,0.0
2026-06-17T04:28:55,ERR,ERR,ERR,ERR,ERR,ERR,ERR,ERR,ERR,ERR,ERR,ERR,ERR,ERR,ERR,ERR,ERR,ERR,ERR,ERR,ERR,ERR,ERR,ERR,ERR,ERR,ERR,ERR,ERR,ERR,ERR,ERR,ERR,ERR,ERR,ERR,ERR,ERR,ERR,ERR,ERR,ERR,ERR,ERR,ERR,ERR,ERR,ERR,ERR,ERR,ERR,ERR,ERR,ERR,ERR,ERR,ERR,ERR,ERR,ERR,ERR,ERR,ERR,ERR,ERR,ERR,ERR,ERR,ERR,ERR,ERR,ERR,ERR,ERR,ERR,ERR,ERR,ERR,ERR,ERR,ERR,ERR,ERR,ERR,ERR,ERR,ERR,ERR,ERR,ERR,ERR,ERR,ERR,ERR,ERR,ERR,ERR,ERR,ERR,ERR,ERR,ERR,ERR,ERR,ERR,ERR,ERR,ERR,ERR,ERR,ERR,ERR,ERR,ERR,ERR,ERR,ERR,ERR,ERR,ERR,ERR,ERR,ERR,ERR,ERR,0.0,-107615328.0,0.0,0.0,0.0,1.3936040501711995e+18,7.805,0.0,0,0,4,0,7300,-0.0,0,0.0,0.0,0.0,0.0,0.0,0,0,0,0,0.0,0,0,0,0,0,0,0,0,0,0,0,0,0,0,0,0,0,0,0,0,0,0,0,0,0,0,0,0,0,0,0,0,0,32,30,30,62,65476,0,300,0,0,8,21553,0.0,-107605600.0,0.0,0.0,0.0,0.0,0.0,0.0,0.0,0.0,0.0,0.0,0.0,0.0,0.0,0.0,0.0,0.0,0.0,0.0,0.0,0.0,2.004,0.0,-0.0,-2.004,0.0,0.0,0.0,0.0,5379.0,-0.0,6961.0,0.0,-107615328.0,-107615280.0,-0.0,0.0,0.0,0.0,0.0,63,107615312.0,-0.0,0.0,0.0,0.0,0.0,0.0,0.0,0.0,0,0,0,0.0,0.0,0.0,0.0,0.0,0.0,0.0,0.0,0.0,0.0,0.0,0.0,0.0,0.0,0.0,0.0,0,-107875648.0,63,0.0,126,2.7184242562605685e+23,-0.0,ERR,ERR,ERR,ERR,ERR,ERR,ERR,ERR,ERR,ERR,ERR,ERR,ERR,ERR,ERR,ERR,ERR,ERR,ERR,ERR,ERR,ERR,ERR,ERR,ERR,ERR,ERR,ERR,ERR,ERR,ERR,ERR,ERR,ERR,ERR,ERR,ERR,ERR,ERR,ERR,ERR,ERR,ERR,ERR,ERR,ERR,ERR,ERR,ERR,ERR,ERR,ERR,ERR,ERR,ERR,ERR,ERR,ERR,ERR,ERR,ERR,ERR,ERR,ERR,ERR,ERR,ERR,34.0,80.0,35,0.0,0.0,0.0,0.0,0.0,0.0,0.0,0.0,0.0,0.0,0.0,0.0,0.0,0.0,0.0,0.0,64.4,0,116,56,50,65476,0,300,0,0,8,20529,65476,0,0,57672,80.0,0.0,0.0,0.0,0.0,0.0
2026-06-17T04:28:56,ERR,ERR,ERR,ERR,ERR,ERR,ERR,ERR,ERR,ERR,ERR,ERR,ERR,ERR,ERR,ERR,ERR,ERR,ERR,ERR,ERR,ERR,ERR,ERR,ERR,ERR,ERR,ERR,ERR,ERR,ERR,ERR,ERR,ERR,ERR,ERR,ERR,ERR,ERR,ERR,ERR,ERR,ERR,ERR,ERR,ERR,ERR,ERR,ERR,ERR,ERR,ERR,ERR,ERR,ERR,ERR,ERR,ERR,ERR,ERR,ERR,ERR,ERR,ERR,ERR,ERR,ERR,ERR,ERR,ERR,ERR,ERR,ERR,ERR,ERR,ERR,ERR,ERR,ERR,ERR,ERR,ERR,ERR,ERR,ERR,ERR,ERR,ERR,ERR,ERR,ERR,ERR,ERR,ERR,ERR,ERR,ERR,ERR,ERR,ERR,ERR,ERR,ERR,ERR,ERR,ERR,ERR,ERR,ERR,ERR,ERR,ERR,ERR,ERR,ERR,ERR,ERR,ERR,ERR,ERR,ERR,ERR,ERR,ERR,ERR,0.0,-107615328.0,0.0,0.0,0.0,1.3936040501711995e+18,7.805,0.0,0,0,4,0,7300,-0.0,0,0.0,0.0,0.0,0.0,0.0,0,0,0,0,0.0,0,0,0,0,0,0,0,0,0,0,0,0,0,0,0,0,0,0,0,0,0,0,0,0,0,0,0,0,0,0,0,0,0,32,30,30,62,65476,0,300,0,0,8,21553,0.0,-107605600.0,0.0,0.0,0.0,0.0,0.0,0.0,0.0,0.0,0.0,0.0,0.0,0.0,0.0,0.0,0.0,0.0,0.0,0.0,0.0,0.0,2.004,0.0,-0.0,-2.004,0.0,0.0,0.0,0.0,5379.0,-0.0,6961.0,0.0,-107615328.0,-107615280.0,-0.0,0.0,0.0,0.0,0.0,63,107615312.0,-0.0,0.0,0.0,0.0,0.0,0.0,0.0,0.0,0,0,0,0.0,0.0,0.0,0.0,0.0,0.0,0.0,0.0,0.0,0.0,0.0,0.0,0.0,0.0,0.0,0.0,0,-107875648.0,63,0.0,126,2.7184242562605685e+23,-0.0,ERR,ERR,ERR,ERR,ERR,ERR,ERR,ERR,ERR,ERR,ERR,ERR,ERR,ERR,ERR,ERR,ERR,ERR,ERR,ERR,ERR,ERR,ERR,ERR,ERR,ERR,ERR,ERR,ERR,ERR,ERR,ERR,ERR,ERR,ERR,ERR,ERR,ERR,ERR,ERR,ERR,ERR,ERR,ERR,ERR,ERR,ERR,ERR,ERR,ERR,ERR,ERR,ERR,ERR,ERR,ERR,ERR,ERR,ERR,ERR,ERR,ERR,ERR,ERR,ERR,ERR,ERR,34.0,80.0,35,0.0,0.0,0.0,0.0,0.0,0.0,0.0,0.0,0.0,0.0,0.0,0.0,0.0,0.0,0.0,0.0,64.4,0,116,56,50,65476,0,300,0,0,8,20529,65476,0,0,57672,80.0,0.0,0.0,0.0,0.0,0.0
2026-06-17T04:28:57,ERR,ERR,ERR,ERR,ERR,ERR,ERR,ERR,ERR,ERR,ERR,ERR,ERR,ERR,ERR,ERR,ERR,ERR,ERR,ERR,ERR,ERR,ERR,ERR,ERR,ERR,ERR,ERR,ERR,ERR,ERR,ERR,ERR,ERR,ERR,ERR,ERR,ERR,ERR,ERR,ERR,ERR,ERR,ERR,ERR,ERR,ERR,ERR,ERR,ERR,ERR,ERR,ERR,ERR,ERR,ERR,ERR,ERR,ERR,ERR,ERR,ERR,ERR,ERR,ERR,ERR,ERR,ERR,ERR,ERR,ERR,ERR,ERR,ERR,ERR,ERR,ERR,ERR,ERR,ERR,ERR,ERR,ERR,ERR,ERR,ERR,ERR,ERR,ERR,ERR,ERR,ERR,ERR,ERR,ERR,ERR,ERR,ERR,ERR,ERR,ERR,ERR,ERR,ERR,ERR,ERR,ERR,ERR,ERR,ERR,ERR,ERR,ERR,ERR,ERR,ERR,ERR,ERR,ERR,ERR,ERR,ERR,ERR,ERR,ERR,0.0,-107615328.0,0.0,0.0,0.0,1.3936040501711995e+18,7.805,0.0,0,0,4,0,7300,-0.0,0,0.0,0.0,0.0,0.0,0.0,0,0,0,0,0.0,0,0,0,0,0,0,0,0,0,0,0,0,0,0,0,0,0,0,0,0,0,0,0,0,0,0,0,0,0,0,0,0,0,32,30,30,62,65476,0,300,0,0,8,21553,0.0,-107605600.0,0.0,0.0,0.0,0.0,0.0,0.0,0.0,0.0,0.0,0.0,0.0,0.0,0.0,0.0,0.0,0.0,0.0,0.0,0.0,0.0,2.004,0.0,-0.0,-2.004,0.0,0.0,0.0,0.0,5379.0,-0.0,6961.0,0.0,-107615328.0,-107615280.0,-0.0,0.0,0.0,0.0,0.0,63,107615312.0,-0.0,0.0,0.0,0.0,0.0,0.0,0.0,0.0,0,0,0,0.0,0.0,0.0,0.0,0.0,0.0,0.0,0.0,0.0,0.0,0.0,0.0,0.0,0.0,0.0,0.0,0,-107875648.0,63,0.0,126,2.7184242562605685e+23,-0.0,ERR,ERR,ERR,ERR,ERR,ERR,ERR,ERR,ERR,ERR,ERR,ERR,ERR,ERR,ERR,ERR,ERR,ERR,ERR,ERR,ERR,ERR,ERR,ERR,ERR,ERR,ERR,ERR,ERR,ERR,ERR,ERR,ERR,ERR,ERR,ERR,ERR,ERR,ERR,ERR,ERR,ERR,ERR,ERR,ERR,ERR,ERR,ERR,ERR,ERR,ERR,ERR,ERR,ERR,ERR,ERR,ERR,ERR,ERR,ERR,ERR,ERR,ERR,ERR,ERR,ERR,ERR,34.0,80.0,35,0.0,0.0,0.0,0.0,0.0,0.0,0.0,0.0,0.0,0.0,0.0,0.0,0.0,0.0,0.0,0.0,64.4,0,116,56,50,65476,0,300,0,0,8,20529,65476,0,0,57672,80.0,0.0,0.0,0.0,0.0,0.0
2026-06-17T04:28:58,ERR,ERR,ERR,ERR,ERR,ERR,ERR,ERR,ERR,ERR,ERR,ERR,ERR,ERR,ERR,ERR,ERR,ERR,ERR,ERR,ERR,ERR,ERR,ERR,ERR,ERR,ERR,ERR,ERR,ERR,ERR,ERR,ERR,ERR,ERR,ERR,ERR,ERR,ERR,ERR,ERR,ERR,ERR,ERR,ERR,ERR,ERR,ERR,ERR,ERR,ERR,ERR,ERR,ERR,ERR,ERR,ERR,ERR,ERR,ERR,ERR,ERR,ERR,ERR,ERR,ERR,ERR,ERR,ERR,ERR,ERR,ERR,ERR,ERR,ERR,ERR,ERR,ERR,ERR,ERR,ERR,ERR,ERR,ERR,ERR,ERR,ERR,ERR,ERR,ERR,ERR,ERR,ERR,ERR,ERR,ERR,ERR,ERR,ERR,ERR,ERR,ERR,ERR,ERR,ERR,ERR,ERR,ERR,ERR,ERR,ERR,ERR,ERR,ERR,ERR,ERR,ERR,ERR,ERR,ERR,ERR,ERR,ERR,ERR,ERR,0.0,-107615328.0,0.0,0.0,0.0,1.3936040501711995e+18,7.805,0.0,0,0,4,0,7300,-0.0,0,0.0,0.0,0.0,0.0,0.0,0,0,0,0,0.0,0,0,0,0,0,0,0,0,0,0,0,0,0,0,0,0,0,0,0,0,0,0,0,0,0,0,0,0,0,0,0,0,0,32,30,30,62,65476,0,300,0,0,8,21553,0.0,-107605600.0,0.0,0.0,0.0,0.0,0.0,0.0,0.0,0.0,0.0,0.0,0.0,0.0,0.0,0.0,0.0,0.0,0.0,0.0,0.0,0.0,2.004,0.0,-0.0,-2.004,0.0,0.0,0.0,0.0,5379.0,-0.0,6961.0,0.0,-107615328.0,-107615280.0,-0.0,0.0,0.0,0.0,0.0,63,107615312.0,-0.0,0.0,0.0,0.0,0.0,0.0,0.0,0.0,0,0,0,0.0,0.0,0.0,0.0,0.0,0.0,0.0,0.0,0.0,0.0,0.0,0.0,0.0,0.0,0.0,0.0,0,-107875648.0,63,0.0,126,2.7184242562605685e+23,-0.0,ERR,ERR,ERR,ERR,ERR,ERR,ERR,ERR,ERR,ERR,ERR,ERR,ERR,ERR,ERR,ERR,ERR,ERR,ERR,ERR,ERR,ERR,ERR,ERR,ERR,ERR,ERR,ERR,ERR,ERR,ERR,ERR,ERR,ERR,ERR,ERR,ERR,ERR,ERR,ERR,ERR,ERR,ERR,ERR,ERR,ERR,ERR,ERR,ERR,ERR,ERR,ERR,ERR,ERR,ERR,ERR,ERR,ERR,ERR,ERR,ERR,ERR,ERR,ERR,ERR,ERR,ERR,34.0,80.0,35,0.0,0.0,0.0,0.0,0.0,0.0,0.0,0.0,0.0,0.0,0.0,0.0,0.0,0.0,0.0,0.0,64.8,0,116,56,50,65476,0,300,0,0,8,20529,65476,0,0,57672,80.0,0.0,0.0,0.0,0.0,0.0
2026-06-17T04:28:59,ERR,ERR,ERR,ERR,ERR,ERR,ERR,ERR,ERR,ERR,ERR,ERR,ERR,ERR,ERR,ERR,ERR,ERR,ERR,ERR,ERR,ERR,ERR,ERR,ERR,ERR,ERR,ERR,ERR,ERR,ERR,ERR,ERR,ERR,ERR,ERR,ERR,ERR,ERR,ERR,ERR,ERR,ERR,ERR,ERR,ERR,ERR,ERR,ERR,ERR,ERR,ERR,ERR,ERR,ERR,ERR,ERR,ERR,ERR,ERR,ERR,ERR,ERR,ERR,ERR,ERR,ERR,ERR,ERR,ERR,ERR,ERR,ERR,ERR,ERR,ERR,ERR,ERR,ERR,ERR,ERR,ERR,ERR,ERR,ERR,ERR,ERR,ERR,ERR,ERR,ERR,ERR,ERR,ERR,ERR,ERR,ERR,ERR,ERR,ERR,ERR,ERR,ERR,ERR,ERR,ERR,ERR,ERR,ERR,ERR,ERR,ERR,ERR,ERR,ERR,ERR,ERR,ERR,ERR,ERR,ERR,ERR,ERR,ERR,ERR,0.0,-107615328.0,0.0,0.0,0.0,1.3936040501711995e+18,7.805,0.0,0,0,4,0,7300,-0.0,0,0.0,0.0,0.0,0.0,0.0,0,0,0,0,0.0,0,0,0,0,0,0,0,0,0,0,0,0,0,0,0,0,0,0,0,0,0,0,0,0,0,0,0,0,0,0,0,0,0,32,30,30,62,65476,0,300,0,0,8,21553,0.0,-107605600.0,0.0,0.0,0.0,0.0,0.0,0.0,0.0,0.0,0.0,0.0,0.0,0.0,0.0,0.0,0.0,0.0,0.0,0.0,0.0,0.0,2.004,0.0,-0.0,-2.004,0.0,0.0,0.0,0.0,5380.0,-0.0,6966.0,0.0,-107615328.0,-107615280.0,-0.0,0.0,0.0,0.0,0.0,63,126841077760.0,-3.22200830126699e+26,0.0,0.0,0.0,0.0,0.0,0.0,0.0,0,0,0,0.0,0.0,0.0,0.0,0.0,0.0,0.0,0.0,0.0,0.0,0.0,0.0,0.0,0.0,0.0,0.0,0,-107875648.0,63,0.0,126,2.7184242562605685e+23,-0.0,ERR,ERR,ERR,ERR,ERR,ERR,ERR,ERR,ERR,ERR,ERR,ERR,ERR,ERR,ERR,ERR,ERR,ERR,ERR,ERR,ERR,ERR,ERR,ERR,ERR,ERR,ERR,ERR,ERR,ERR,ERR,ERR,ERR,ERR,ERR,ERR,ERR,ERR,ERR,ERR,ERR,ERR,ERR,ERR,ERR,ERR,ERR,ERR,ERR,ERR,ERR,ERR,ERR,ERR,ERR,ERR,ERR,ERR,ERR,ERR,ERR,ERR,ERR,ERR,ERR,ERR,ERR,34.0,80.0,35,0.0,0.0,0.0,0.0,0.0,0.0,0.0,0.0,0.0,0.0,0.0,0.0,0.0,0.0,0.0,0.0,64.8,0,116,56,50,65476,0,300,0,0,8,20529,65476,0,0,57672,80.0,0.0,0.0,0.0,0.0,0.0
2026-06-17T04:29:00,ERR,ERR,ERR,ERR,ERR,ERR,ERR,ERR,ERR,ERR,ERR,ERR,ERR,ERR,ERR,ERR,ERR,ERR,ERR,ERR,ERR,ERR,ERR,ERR,ERR,ERR,ERR,ERR,ERR,ERR,ERR,ERR,ERR,ERR,ERR,ERR,ERR,ERR,ERR,ERR,ERR,ERR,ERR,ERR,ERR,ERR,ERR,ERR,ERR,ERR,ERR,ERR,ERR,ERR,ERR,ERR,ERR,ERR,ERR,ERR,ERR,ERR,ERR,ERR,ERR,ERR,ERR,ERR,ERR,ERR,ERR,ERR,ERR,ERR,ERR,ERR,ERR,ERR,ERR,ERR,ERR,ERR,ERR,ERR,ERR,ERR,ERR,ERR,ERR,ERR,ERR,ERR,ERR,ERR,ERR,ERR,ERR,ERR,ERR,ERR,ERR,ERR,ERR,ERR,ERR,ERR,ERR,ERR,ERR,ERR,ERR,ERR,ERR,ERR,ERR,ERR,ERR,ERR,ERR,ERR,ERR,ERR,ERR,ERR,ERR,0.0,-107615328.0,0.0,0.0,0.0,1.3936040501711995e+18,7.805,0.0,0,0,4,0,7300,-0.0,0,0.0,0.0,0.0,0.0,0.0,0,0,0,0,0.0,0,0,0,0,0,0,0,0,0,0,0,0,0,0,0,0,0,0,0,0,0,0,0,0,0,0,0,0,0,0,0,0,0,32,30,30,62,65476,0,300,0,0,8,21553,0.0,-107605600.0,0.0,0.0,0.0,0.0,0.0,0.0,0.0,0.0,0.0,0.0,0.0,0.0,0.0,0.0,0.0,0.0,0.0,0.0,0.0,0.0,2.004,0.0,-0.0,-2.004,0.0,0.0,0.0,0.0,5380.0,-0.0,6966.0,0.0,-107615328.0,-107615280.0,-0.0,0.0,0.0,0.0,0.0,63,126841077760.0,-3.22200830126699e+26,0.0,0.0,0.0,0.0,0.0,0.0,0.0,0,0,0,0.0,0.0,0.0,0.0,0.0,0.0,0.0,0.0,0.0,0.0,0.0,0.0,0.0,0.0,0.0,0.0,0,-107875648.0,63,0.0,126,2.7184242562605685e+23,-0.0,ERR,ERR,ERR,ERR,ERR,ERR,ERR,ERR,ERR,ERR,ERR,ERR,ERR,ERR,ERR,ERR,ERR,ERR,ERR,ERR,ERR,ERR,ERR,ERR,ERR,ERR,ERR,ERR,ERR,ERR,ERR,ERR,ERR,ERR,ERR,ERR,ERR,ERR,ERR,ERR,ERR,ERR,ERR,ERR,ERR,ERR,ERR,ERR,ERR,ERR,ERR,ERR,ERR,ERR,ERR,ERR,ERR,ERR,ERR,ERR,ERR,ERR,ERR,ERR,ERR,ERR,ERR,34.0,80.0,35,0.0,0.0,0.0,0.0,0.0,0.0,0.0,0.0,0.0,0.0,0.0,0.0,0.0,0.0,0.0,0.0,64.4,0,116,56,50,65476,0,300,0,0,8,20529,65476,0,0,57672,80.0,0.0,0.0,0.0,0.0,0.0
2026-06-17T04:29:01,ERR,ERR,ERR,ERR,ERR,ERR,ERR,ERR,ERR,ERR,ERR,ERR,ERR,ERR,ERR,ERR,ERR,ERR,ERR,ERR,ERR,ERR,ERR,ERR,ERR,ERR,ERR,ERR,ERR,ERR,ERR,ERR,ERR,ERR,ERR,ERR,ERR,ERR,ERR,ERR,ERR,ERR,ERR,ERR,ERR,ERR,ERR,ERR,ERR,ERR,ERR,ERR,ERR,ERR,ERR,ERR,ERR,ERR,ERR,ERR,ERR,ERR,ERR,ERR,ERR,ERR,ERR,ERR,ERR,ERR,ERR,ERR,ERR,ERR,ERR,ERR,ERR,ERR,ERR,ERR,ERR,ERR,ERR,ERR,ERR,ERR,ERR,ERR,ERR,ERR,ERR,ERR,ERR,ERR,ERR,ERR,ERR,ERR,ERR,ERR,ERR,ERR,ERR,ERR,ERR,ERR,ERR,ERR,ERR,ERR,ERR,ERR,ERR,ERR,ERR,ERR,ERR,ERR,ERR,ERR,ERR,ERR,ERR,ERR,ERR,0.0,-107615328.0,0.0,0.0,0.0,1.3936040501711995e+18,7.805,0.0,0,0,4,0,7300,-0.0,0,0.0,0.0,0.0,0.0,0.0,0,0,0,0,0.0,0,0,0,0,0,0,0,0,0,0,0,0,0,0,0,0,0,0,0,0,0,0,0,0,0,0,0,0,0,0,0,0,0,32,30,30,62,65476,0,300,0,0,8,21553,0.0,-107605600.0,0.0,0.0,0.0,0.0,0.0,0.0,0.0,0.0,0.0,0.0,0.0,0.0,0.0,0.0,0.0,0.0,0.0,0.0,0.0,0.0,2.004,0.0,-0.0,-2.004,0.0,0.0,0.0,0.0,5380.0,-0.0,6966.0,0.0,-107615328.0,-107615280.0,-0.0,0.0,0.0,0.0,0.0,63,126841077760.0,-3.22200830126699e+26,0.0,0.0,0.0,0.0,0.0,0.0,0.0,0,0,0,0.0,0.0,0.0,0.0,0.0,0.0,0.0,0.0,0.0,0.0,0.0,0.0,0.0,0.0,0.0,0.0,0,-107875648.0,63,0.0,126,2.7184242562605685e+23,-0.0,ERR,ERR,ERR,ERR,ERR,ERR,ERR,ERR,ERR,ERR,ERR,ERR,ERR,ERR,ERR,ERR,ERR,ERR,ERR,ERR,ERR,ERR,ERR,ERR,ERR,ERR,ERR,ERR,ERR,ERR,ERR,ERR,ERR,ERR,ERR,ERR,ERR,ERR,ERR,ERR,ERR,ERR,ERR,ERR,ERR,ERR,ERR,ERR,ERR,ERR,ERR,ERR,ERR,ERR,ERR,ERR,ERR,ERR,ERR,ERR,ERR,ERR,ERR,ERR,ERR,ERR,ERR,34.0,80.0,35,0.0,0.0,0.0,0.0,0.0,0.0,0.0,0.0,0.0,0.0,0.0,0.0,0.0,0.0,0.0,0.0,64.4,0,116,56,50,65476,0,300,0,0,8,20529,65476,0,0,57672,80.0,0.0,0.0,0.0,0.0,0.0
2026-06-17T04:29:02,ERR,ERR,ERR,ERR,ERR,ERR,ERR,ERR,ERR,ERR,ERR,ERR,ERR,ERR,ERR,ERR,ERR,ERR,ERR,ERR,ERR,ERR,ERR,ERR,ERR,ERR,ERR,ERR,ERR,ERR,ERR,ERR,ERR,ERR,ERR,ERR,ERR,ERR,ERR,ERR,ERR,ERR,ERR,ERR,ERR,ERR,ERR,ERR,ERR,ERR,ERR,ERR,ERR,ERR,ERR,ERR,ERR,ERR,ERR,ERR,ERR,ERR,ERR,ERR,ERR,ERR,ERR,ERR,ERR,ERR,ERR,ERR,ERR,ERR,ERR,ERR,ERR,ERR,ERR,ERR,ERR,ERR,ERR,ERR,ERR,ERR,ERR,ERR,ERR,ERR,ERR,ERR,ERR,ERR,ERR,ERR,ERR,ERR,ERR,ERR,ERR,ERR,ERR,ERR,ERR,ERR,ERR,ERR,ERR,ERR,ERR,ERR,ERR,ERR,ERR,ERR,ERR,ERR,ERR,ERR,ERR,ERR,ERR,ERR,ERR,0.0,-107615328.0,0.0,0.0,0.0,1.3936040501711995e+18,7.805,0.0,0,0,4,0,7300,-0.0,0,0.0,0.0,0.0,0.0,0.0,0,0,0,0,0.0,0,0,0,0,0,0,0,0,0,0,0,0,0,0,0,0,0,0,0,0,0,0,0,0,0,0,0,0,0,0,0,0,0,32,30,30,62,65476,0,300,0,0,8,21553,0.0,-107605600.0,0.0,0.0,0.0,0.0,0.0,0.0,0.0,0.0,0.0,0.0,0.0,0.0,0.0,0.0,0.0,0.0,0.0,0.0,0.0,0.0,2.004,0.0,-0.0,-2.004,0.0,0.0,0.0,0.0,5380.0,-0.0,6966.0,0.0,-107615328.0,-107615280.0,-0.0,0.0,0.0,0.0,0.0,63,126841077760.0,-3.22200830126699e+26,0.0,0.0,0.0,0.0,0.0,0.0,0.0,0,0,0,0.0,0.0,0.0,0.0,0.0,0.0,0.0,0.0,0.0,0.0,0.0,0.0,0.0,0.0,0.0,0.0,0,-107875648.0,63,0.0,126,2.7184242562605685e+23,-0.0,ERR,ERR,ERR,ERR,ERR,ERR,ERR,ERR,ERR,ERR,ERR,ERR,ERR,ERR,ERR,ERR,ERR,ERR,ERR,ERR,ERR,ERR,ERR,ERR,ERR,ERR,ERR,ERR,ERR,ERR,ERR,ERR,ERR,ERR,ERR,ERR,ERR,ERR,ERR,ERR,ERR,ERR,ERR,ERR,ERR,ERR,ERR,ERR,ERR,ERR,ERR,ERR,ERR,ERR,ERR,ERR,ERR,ERR,ERR,ERR,ERR,ERR,ERR,ERR,ERR,ERR,ERR,34.0,80.0,35,0.0,0.0,0.0,0.0,0.0,0.0,0.0,0.0,0.0,0.0,0.0,0.0,0.0,0.0,0.0,0.0,64.8,0,116,56,50,65476,0,300,0,0,8,20529,65476,0,0,57672,80.0,0.0,0.0,0.0,0.0,0.0
2026-06-17T04:29:03,ERR,ERR,ERR,ERR,ERR,ERR,ERR,ERR,ERR,ERR,ERR,ERR,ERR,ERR,ERR,ERR,ERR,ERR,ERR,ERR,ERR,ERR,ERR,ERR,ERR,ERR,ERR,ERR,ERR,ERR,ERR,ERR,ERR,ERR,ERR,ERR,ERR,ERR,ERR,ERR,ERR,ERR,ERR,ERR,ERR,ERR,ERR,ERR,ERR,ERR,ERR,ERR,ERR,ERR,ERR,ERR,ERR,ERR,ERR,ERR,ERR,ERR,ERR,ERR,ERR,ERR,ERR,ERR,ERR,ERR,ERR,ERR,ERR,ERR,ERR,ERR,ERR,ERR,ERR,ERR,ERR,ERR,ERR,ERR,ERR,ERR,ERR,ERR,ERR,ERR,ERR,ERR,ERR,ERR,ERR,ERR,ERR,ERR,ERR,ERR,ERR,ERR,ERR,ERR,ERR,ERR,ERR,ERR,ERR,ERR,ERR,ERR,ERR,ERR,ERR,ERR,ERR,ERR,ERR,ERR,ERR,ERR,ERR,ERR,ERR,0.0,-107615328.0,0.0,0.0,0.0,1.3936040501711995e+18,7.805,0.0,0,0,4,0,7300,-0.0,0,0.0,0.0,0.0,0.0,0.0,0,0,0,0,0.0,0,0,0,0,0,0,0,0,0,0,0,0,0,0,0,0,0,0,0,0,0,0,0,0,0,0,0,0,0,0,0,0,0,32,30,30,62,65476,0,300,0,0,8,21553,0.0,-107605600.0,0.0,0.0,0.0,0.0,0.0,0.0,0.0,0.0,0.0,0.0,0.0,0.0,0.0,0.0,0.0,0.0,0.0,0.0,0.0,0.0,2.004,0.0,-0.0,-2.004,0.0,0.0,0.0,0.0,5380.0,-0.0,6966.0,0.0,-107615328.0,-107615280.0,-0.0,0.0,0.0,0.0,0.0,63,126841077760.0,-3.22200830126699e+26,0.0,0.0,0.0,0.0,0.0,0.0,0.0,0,0,0,0.0,0.0,0.0,0.0,0.0,0.0,0.0,0.0,0.0,0.0,0.0,0.0,0.0,0.0,0.0,0.0,0,-107875648.0,63,0.0,126,2.7184242562605685e+23,-0.0,ERR,ERR,ERR,ERR,ERR,ERR,ERR,ERR,ERR,ERR,ERR,ERR,ERR,ERR,ERR,ERR,ERR,ERR,ERR,ERR,ERR,ERR,ERR,ERR,ERR,ERR,ERR,ERR,ERR,ERR,ERR,ERR,ERR,ERR,ERR,ERR,ERR,ERR,ERR,ERR,ERR,ERR,ERR,ERR,ERR,ERR,ERR,ERR,ERR,ERR,ERR,ERR,ERR,ERR,ERR,ERR,ERR,ERR,ERR,ERR,ERR,ERR,ERR,ERR,ERR,ERR,ERR,34.0,80.0,35,0.0,0.0,0.0,0.0,0.0,0.0,0.0,0.0,0.0,0.0,0.0,0.0,0.0,0.0,0.0,0.0,64.8,0,116,56,50,65476,0,300,0,0,8,20529,65476,0,0,57672,80.0,0.0,0.0,0.0,0.0,0.0
2026-06-17T04:29:04,ERR,ERR,ERR,ERR,ERR,ERR,ERR,ERR,ERR,ERR,ERR,ERR,ERR,ERR,ERR,ERR,ERR,ERR,ERR,ERR,ERR,ERR,ERR,ERR,ERR,ERR,ERR,ERR,ERR,ERR,ERR,ERR,ERR,ERR,ERR,ERR,ERR,ERR,ERR,ERR,ERR,ERR,ERR,ERR,ERR,ERR,ERR,ERR,ERR,ERR,ERR,ERR,ERR,ERR,ERR,ERR,ERR,ERR,ERR,ERR,ERR,ERR,ERR,ERR,ERR,ERR,ERR,ERR,ERR,ERR,ERR,ERR,ERR,ERR,ERR,ERR,ERR,ERR,ERR,ERR,ERR,ERR,ERR,ERR,ERR,ERR,ERR,ERR,ERR,ERR,ERR,ERR,ERR,ERR,ERR,ERR,ERR,ERR,ERR,ERR,ERR,ERR,ERR,ERR,ERR,ERR,ERR,ERR,ERR,ERR,ERR,ERR,ERR,ERR,ERR,ERR,ERR,ERR,ERR,ERR,ERR,ERR,ERR,ERR,ERR,0.0,-107615328.0,0.0,0.0,0.0,1.3936040501711995e+18,7.805,0.0,0,0,4,0,7300,-0.0,0,0.0,0.0,0.0,0.0,0.0,0,0,0,0,0.0,0,0,0,0,0,0,0,0,0,0,0,0,0,0,0,0,0,0,0,0,0,0,0,0,0,0,0,0,0,0,0,0,0,32,30,30,62,65476,0,300,0,0,8,21553,0.0,-107605600.0,0.0,0.0,0.0,0.0,0.0,0.0,0.0,0.0,0.0,0.0,0.0,0.0,0.0,0.0,0.0,0.0,0.0,0.0,0.0,0.0,2.004,0.0,-0.0,-2.004,0.0,0.0,0.0,0.0,5382.0,-564146638684160.0,6971.0,0.0,-107615328.0,-107615280.0,-0.0,0.0,0.0,0.0,0.0,63,1.905697261480837e+17,0.0,0.0,0.0,0.0,0.0,0.0,0.0,0.0,0,0,0,0.0,0.0,0.0,0.0,0.0,0.0,0.0,0.0,0.0,0.0,0.0,0.0,0.0,0.0,0.0,0.0,0,-107875648.0,63,0.0,126,2.7184242562605685e+23,-0.0,ERR,ERR,ERR,ERR,ERR,ERR,ERR,ERR,ERR,ERR,ERR,ERR,ERR,ERR,ERR,ERR,ERR,ERR,ERR,ERR,ERR,ERR,ERR,ERR,ERR,ERR,ERR,ERR,ERR,ERR,ERR,ERR,ERR,ERR,ERR,ERR,ERR,ERR,ERR,ERR,ERR,ERR,ERR,ERR,ERR,ERR,ERR,ERR,ERR,ERR,ERR,ERR,ERR,ERR,ERR,ERR,ERR,ERR,ERR,ERR,ERR,ERR,ERR,ERR,ERR,ERR,ERR,34.0,80.0,35,0.0,0.0,0.0,0.0,0.0,0.0,0.0,0.0,0.0,0.0,0.0,0.0,0.0,0.0,0.0,0.0,64.4,0,116,56,50,65476,0,300,0,0,8,20529,65476,0,0,57672,80.0,0.0,0.0,0.0,0.0,0.0
2026-06-17T04:29:05,ERR,ERR,ERR,ERR,ERR,ERR,ERR,ERR,ERR,ERR,ERR,ERR,ERR,ERR,ERR,ERR,ERR,ERR,ERR,ERR,ERR,ERR,ERR,ERR,ERR,ERR,ERR,ERR,ERR,ERR,ERR,ERR,ERR,ERR,ERR,ERR,ERR,ERR,ERR,ERR,ERR,ERR,ERR,ERR,ERR,ERR,ERR,ERR,ERR,ERR,ERR,ERR,ERR,ERR,ERR,ERR,ERR,ERR,ERR,ERR,ERR,ERR,ERR,ERR,ERR,ERR,ERR,ERR,ERR,ERR,ERR,ERR,ERR,ERR,ERR,ERR,ERR,ERR,ERR,ERR,ERR,ERR,ERR,ERR,ERR,ERR,ERR,ERR,ERR,ERR,ERR,ERR,ERR,ERR,ERR,ERR,ERR,ERR,ERR,ERR,ERR,ERR,ERR,ERR,ERR,ERR,ERR,ERR,ERR,ERR,ERR,ERR,ERR,ERR,ERR,ERR,ERR,ERR,ERR,ERR,ERR,ERR,ERR,ERR,ERR,0.0,-107615328.0,0.0,0.0,0.0,1.3936040501711995e+18,7.805,0.0,0,0,4,0,7300,-0.0,0,0.0,0.0,0.0,0.0,0.0,0,0,0,0,0.0,0,0,0,0,0,0,0,0,0,0,0,0,0,0,0,0,0,0,0,0,0,0,0,0,0,0,0,0,0,0,0,0,0,32,30,30,62,65476,0,300,0,0,8,21553,0.0,-107605600.0,0.0,0.0,0.0,0.0,0.0,0.0,0.0,0.0,0.0,0.0,0.0,0.0,0.0,0.0,0.0,0.0,0.0,0.0,0.0,0.0,2.004,0.0,-0.0,-2.004,0.0,0.0,0.0,0.0,5382.0,-564146638684160.0,6971.0,0.0,-107615328.0,-107615280.0,-0.0,0.0,0.0,0.0,0.0,63,1.905697261480837e+17,0.0,0.0,0.0,0.0,0.0,0.0,0.0,0.0,0,0,0,0.0,0.0,0.0,0.0,0.0,0.0,0.0,0.0,0.0,0.0,0.0,0.0,0.0,0.0,0.0,0.0,0,-107875648.0,63,0.0,126,2.7184242562605685e+23,-0.0,ERR,ERR,ERR,ERR,ERR,ERR,ERR,ERR,ERR,ERR,ERR,ERR,ERR,ERR,ERR,ERR,ERR,ERR,ERR,ERR,ERR,ERR,ERR,ERR,ERR,ERR,ERR,ERR,ERR,ERR,ERR,ERR,ERR,ERR,ERR,ERR,ERR,ERR,ERR,ERR,ERR,ERR,ERR,ERR,ERR,ERR,ERR,ERR,ERR,ERR,ERR,ERR,ERR,ERR,ERR,ERR,ERR,ERR,ERR,ERR,ERR,ERR,ERR,ERR,ERR,ERR,ERR,34.0,80.0,35,0.0,0.0,0.0,0.0,0.0,0.0,0.0,0.0,0.0,0.0,0.0,0.0,0.0,0.0,0.0,0.0,64.4,0,116,56,50,65476,0,300,0,0,8,20529,65476,0,0,57672,80.0,0.0,0.0,0.0,0.0,0.0
2026-06-17T04:29:06,ERR,ERR,ERR,ERR,ERR,ERR,ERR,ERR,ERR,ERR,ERR,ERR,ERR,ERR,ERR,ERR,ERR,ERR,ERR,ERR,ERR,ERR,ERR,ERR,ERR,ERR,ERR,ERR,ERR,ERR,ERR,ERR,ERR,ERR,ERR,ERR,ERR,ERR,ERR,ERR,ERR,ERR,ERR,ERR,ERR,ERR,ERR,ERR,ERR,ERR,ERR,ERR,ERR,ERR,ERR,ERR,ERR,ERR,ERR,ERR,ERR,ERR,ERR,ERR,ERR,ERR,ERR,ERR,ERR,ERR,ERR,ERR,ERR,ERR,ERR,ERR,ERR,ERR,ERR,ERR,ERR,ERR,ERR,ERR,ERR,ERR,ERR,ERR,ERR,ERR,ERR,ERR,ERR,ERR,ERR,ERR,ERR,ERR,ERR,ERR,ERR,ERR,ERR,ERR,ERR,ERR,ERR,ERR,ERR,ERR,ERR,ERR,ERR,ERR,ERR,ERR,ERR,ERR,ERR,ERR,ERR,ERR,ERR,ERR,ERR,0.0,-107615328.0,0.0,0.0,0.0,1.3936040501711995e+18,7.805,0.0,0,0,4,0,7300,-0.0,0,0.0,0.0,0.0,0.0,0.0,0,0,0,0,0.0,0,0,0,0,0,0,0,0,0,0,0,0,0,0,0,0,0,0,0,0,0,0,0,0,0,0,0,0,0,0,0,0,0,32,30,30,62,65476,0,300,0,0,8,21553,0.0,-107605600.0,0.0,0.0,0.0,0.0,0.0,0.0,0.0,0.0,0.0,0.0,0.0,0.0,0.0,0.0,0.0,0.0,0.0,0.0,0.0,0.0,2.004,0.0,-0.0,-2.004,0.0,0.0,0.0,0.0,5382.0,-564146638684160.0,6971.0,0.0,-107615328.0,-107615280.0,-0.0,0.0,0.0,0.0,0.0,63,1.905697261480837e+17,0.0,0.0,0.0,0.0,0.0,0.0,0.0,0.0,0,0,0,0.0,0.0,0.0,0.0,0.0,0.0,0.0,0.0,0.0,0.0,0.0,0.0,0.0,0.0,0.0,0.0,0,-107875648.0,63,0.0,126,2.7184242562605685e+23,-0.0,ERR,ERR,ERR,ERR,ERR,ERR,ERR,ERR,ERR,ERR,ERR,ERR,ERR,ERR,ERR,ERR,ERR,ERR,ERR,ERR,ERR,ERR,ERR,ERR,ERR,ERR,ERR,ERR,ERR,ERR,ERR,ERR,ERR,ERR,ERR,ERR,ERR,ERR,ERR,ERR,ERR,ERR,ERR,ERR,ERR,ERR,ERR,ERR,ERR,ERR,ERR,ERR,ERR,ERR,ERR,ERR,ERR,ERR,ERR,ERR,ERR,ERR,ERR,ERR,ERR,ERR,ERR,34.0,80.0,35,0.0,0.0,0.0,0.0,0.0,0.0,0.0,0.0,0.0,0.0,0.0,0.0,0.0,0.0,0.0,0.0,64.8,0,116,56,50,65476,0,300,0,0,8,20529,65476,0,0,57672,80.0,0.0,0.0,0.0,0.0,0.0
2026-06-17T04:29:07,ERR,ERR,ERR,ERR,ERR,ERR,ERR,ERR,ERR,ERR,ERR,ERR,ERR,ERR,ERR,ERR,ERR,ERR,ERR,ERR,ERR,ERR,ERR,ERR,ERR,ERR,ERR,ERR,ERR,ERR,ERR,ERR,ERR,ERR,ERR,ERR,ERR,ERR,ERR,ERR,ERR,ERR,ERR,ERR,ERR,ERR,ERR,ERR,ERR,ERR,ERR,ERR,ERR,ERR,ERR,ERR,ERR,ERR,ERR,ERR,ERR,ERR,ERR,ERR,ERR,ERR,ERR,ERR,ERR,ERR,ERR,ERR,ERR,ERR,ERR,ERR,ERR,ERR,ERR,ERR,ERR,ERR,ERR,ERR,ERR,ERR,ERR,ERR,ERR,ERR,ERR,ERR,ERR,ERR,ERR,ERR,ERR,ERR,ERR,ERR,ERR,ERR,ERR,ERR,ERR,ERR,ERR,ERR,ERR,ERR,ERR,ERR,ERR,ERR,ERR,ERR,ERR,ERR,ERR,ERR,ERR,ERR,ERR,ERR,ERR,0.0,-107615328.0,0.0,0.0,0.0,1.3936040501711995e+18,7.805,0.0,0,0,4,0,7300,-0.0,0,0.0,0.0,0.0,0.0,0.0,0,0,0,0,0.0,0,0,0,0,0,0,0,0,0,0,0,0,0,0,0,0,0,0,0,0,0,0,0,0,0,0,0,0,0,0,0,0,0,32,30,30,62,65476,0,300,0,0,8,21553,0.0,-107605600.0,0.0,0.0,0.0,0.0,0.0,0.0,0.0,0.0,0.0,0.0,0.0,0.0,0.0,0.0,0.0,0.0,0.0,0.0,0.0,0.0,2.004,0.0,-0.0,-2.004,0.0,0.0,0.0,0.0,5382.0,-564146638684160.0,6971.0,0.0,-107615328.0,-107615280.0,-0.0,0.0,0.0,0.0,0.0,63,1.905697261480837e+17,0.0,0.0,0.0,0.0,0.0,0.0,0.0,0.0,0,0,0,0.0,0.0,0.0,0.0,0.0,0.0,0.0,0.0,0.0,0.0,0.0,0.0,0.0,0.0,0.0,0.0,0,-107875648.0,63,0.0,126,2.7184242562605685e+23,-0.0,ERR,ERR,ERR,ERR,ERR,ERR,ERR,ERR,ERR,ERR,ERR,ERR,ERR,ERR,ERR,ERR,ERR,ERR,ERR,ERR,ERR,ERR,ERR,ERR,ERR,ERR,ERR,ERR,ERR,ERR,ERR,ERR,ERR,ERR,ERR,ERR,ERR,ERR,ERR,ERR,ERR,ERR,ERR,ERR,ERR,ERR,ERR,ERR,ERR,ERR,ERR,ERR,ERR,ERR,ERR,ERR,ERR,ERR,ERR,ERR,ERR,ERR,ERR,ERR,ERR,ERR,ERR,34.0,80.0,35,0.0,0.0,0.0,0.0,0.0,0.0,0.0,0.0,0.0,0.0,0.0,0.0,0.0,0.0,0.0,0.0,64.4,0,116,56,50,65476,0,300,0,0,8,20529,65476,0,0,57672,80.0,0.0,0.0,0.0,0.0,0.0
2026-06-17T04:29:08,ERR,ERR,ERR,ERR,ERR,ERR,ERR,ERR,ERR,ERR,ERR,ERR,ERR,ERR,ERR,ERR,ERR,ERR,ERR,ERR,ERR,ERR,ERR,ERR,ERR,ERR,ERR,ERR,ERR,ERR,ERR,ERR,ERR,ERR,ERR,ERR,ERR,ERR,ERR,ERR,ERR,ERR,ERR,ERR,ERR,ERR,ERR,ERR,ERR,ERR,ERR,ERR,ERR,ERR,ERR,ERR,ERR,ERR,ERR,ERR,ERR,ERR,ERR,ERR,ERR,ERR,ERR,ERR,ERR,ERR,ERR,ERR,ERR,ERR,ERR,ERR,ERR,ERR,ERR,ERR,ERR,ERR,ERR,ERR,ERR,ERR,ERR,ERR,ERR,ERR,ERR,ERR,ERR,ERR,ERR,ERR,ERR,ERR,ERR,ERR,ERR,ERR,ERR,ERR,ERR,ERR,ERR,ERR,ERR,ERR,ERR,ERR,ERR,ERR,ERR,ERR,ERR,ERR,ERR,ERR,ERR,ERR,ERR,ERR,ERR,0.0,-107615328.0,0.0,0.0,0.0,1.3936040501711995e+18,7.805,0.0,0,0,4,0,7300,-0.0,0,0.0,0.0,0.0,0.0,0.0,0,0,0,0,0.0,0,0,0,0,0,0,0,0,0,0,0,0,0,0,0,0,0,0,0,0,0,0,0,0,0,0,0,0,0,0,0,0,0,32,30,30,62,65476,0,300,0,0,8,21553,0.0,-107605600.0,0.0,0.0,0.0,0.0,0.0,0.0,0.0,0.0,0.0,0.0,0.0,0.0,0.0,0.0,0.0,0.0,0.0,0.0,0.0,0.0,2.004,0.0,-0.0,-2.004,0.0,0.0,0.0,0.0,5382.0,-564146638684160.0,6971.0,0.0,-107615328.0,-107615280.0,-0.0,0.0,0.0,0.0,0.0,63,1.905697261480837e+17,0.0,0.0,0.0,0.0,0.0,0.0,0.0,0.0,0,0,0,0.0,0.0,0.0,0.0,0.0,0.0,0.0,0.0,0.0,0.0,0.0,0.0,0.0,0.0,0.0,0.0,0,-107875648.0,63,0.0,126,2.7184242562605685e+23,-0.0,ERR,ERR,ERR,ERR,ERR,ERR,ERR,ERR,ERR,ERR,ERR,ERR,ERR,ERR,ERR,ERR,ERR,ERR,ERR,ERR,ERR,ERR,ERR,ERR,ERR,ERR,ERR,ERR,ERR,ERR,ERR,ERR,ERR,ERR,ERR,ERR,ERR,ERR,ERR,ERR,ERR,ERR,ERR,ERR,ERR,ERR,ERR,ERR,ERR,ERR,ERR,ERR,ERR,ERR,ERR,ERR,ERR,ERR,ERR,ERR,ERR,ERR,ERR,ERR,ERR,ERR,ERR,34.0,80.0,35,0.0,0.0,0.0,0.0,0.0,0.0,0.0,0.0,0.0,0.0,0.0,0.0,0.0,0.0,0.0,0.0,64.4,0,116,56,50,65476,0,300,0,0,8,20529,65476,0,0,57672,80.0,0.0,0.0,0.0,0.0,0.0
2026-06-17T04:29:09,ERR,ERR,ERR,ERR,ERR,ERR,ERR,ERR,ERR,ERR,ERR,ERR,ERR,ERR,ERR,ERR,ERR,ERR,ERR,ERR,ERR,ERR,ERR,ERR,ERR,ERR,ERR,ERR,ERR,ERR,ERR,ERR,ERR,ERR,ERR,ERR,ERR,ERR,ERR,ERR,ERR,ERR,ERR,ERR,ERR,ERR,ERR,ERR,ERR,ERR,ERR,ERR,ERR,ERR,ERR,ERR,ERR,ERR,ERR,ERR,ERR,ERR,ERR,ERR,ERR,ERR,ERR,ERR,ERR,ERR,ERR,ERR,ERR,ERR,ERR,ERR,ERR,ERR,ERR,ERR,ERR,ERR,ERR,ERR,ERR,ERR,ERR,ERR,ERR,ERR,ERR,ERR,ERR,ERR,ERR,ERR,ERR,ERR,ERR,ERR,ERR,ERR,ERR,ERR,ERR,ERR,ERR,ERR,ERR,ERR,ERR,ERR,ERR,ERR,ERR,ERR,ERR,ERR,ERR,ERR,ERR,ERR,ERR,ERR,ERR,0.0,-107615328.0,0.0,0.0,0.0,1.3936040501711995e+18,7.805,0.0,0,0,4,0,7300,-0.0,0,0.0,0.0,0.0,0.0,0.0,0,0,0,0,0.0,0,0,0,0,0,0,0,0,0,0,0,0,0,0,0,0,0,0,0,0,0,0,0,0,0,0,0,0,0,0,0,0,0,32,30,30,62,65476,0,300,0,0,8,21553,0.0,-107605600.0,0.0,0.0,0.0,0.0,0.0,0.0,0.0,0.0,0.0,0.0,0.0,0.0,0.0,0.0,0.0,0.0,0.0,0.0,0.0,0.0,2.004,0.0,-0.0,-2.004,0.0,0.0,0.0,0.0,5379.0,-3.697191411280511e+19,6972.0,0.0,-107615328.0,-107615280.0,-0.0,0.0,0.0,0.0,0.0,63,107615312.0,0.0,0.0,0.0,0.0,0.0,0.0,0.0,0.0,0,0,0,0.0,0.0,0.0,0.0,0.0,0.0,0.0,0.0,0.0,0.0,0.0,0.0,0.0,0.0,0.0,0.0,0,-107875648.0,63,0.0,126,2.7184242562605685e+23,-0.0,ERR,ERR,ERR,ERR,ERR,ERR,ERR,ERR,ERR,ERR,ERR,ERR,ERR,ERR,ERR,ERR,ERR,ERR,ERR,ERR,ERR,ERR,ERR,ERR,ERR,ERR,ERR,ERR,ERR,ERR,ERR,ERR,ERR,ERR,ERR,ERR,ERR,ERR,ERR,ERR,ERR,ERR,ERR,ERR,ERR,ERR,ERR,ERR,ERR,ERR,ERR,ERR,ERR,ERR,ERR,ERR,ERR,ERR,ERR,ERR,ERR,ERR,ERR,ERR,ERR,ERR,ERR,34.0,80.0,35,0.0,0.0,0.0,0.0,0.0,0.0,0.0,0.0,0.0,0.0,0.0,0.0,0.0,0.0,0.0,0.0,64.4,0,116,56,50,65476,0,300,0,0,8,20529,65476,0,0,57672,80.0,0.0,0.0,0.0,0.0,0.0
2026-06-17T04:29:10,ERR,ERR,ERR,ERR,ERR,ERR,ERR,ERR,ERR,ERR,ERR,ERR,ERR,ERR,ERR,ERR,ERR,ERR,ERR,ERR,ERR,ERR,ERR,ERR,ERR,ERR,ERR,ERR,ERR,ERR,ERR,ERR,ERR,ERR,ERR,ERR,ERR,ERR,ERR,ERR,ERR,ERR,ERR,ERR,ERR,ERR,ERR,ERR,ERR,ERR,ERR,ERR,ERR,ERR,ERR,ERR,ERR,ERR,ERR,ERR,ERR,ERR,ERR,ERR,ERR,ERR,ERR,ERR,ERR,ERR,ERR,ERR,ERR,ERR,ERR,ERR,ERR,ERR,ERR,ERR,ERR,ERR,ERR,ERR,ERR,ERR,ERR,ERR,ERR,ERR,ERR,ERR,ERR,ERR,ERR,ERR,ERR,ERR,ERR,ERR,ERR,ERR,ERR,ERR,ERR,ERR,ERR,ERR,ERR,ERR,ERR,ERR,ERR,ERR,ERR,ERR,ERR,ERR,ERR,ERR,ERR,ERR,ERR,ERR,ERR,0.0,-107615328.0,0.0,0.0,0.0,1.3936040501711995e+18,7.805,0.0,0,0,4,0,7300,-0.0,0,0.0,0.0,0.0,0.0,0.0,0,0,0,0,0.0,0,0,0,0,0,0,0,0,0,0,0,0,0,0,0,0,0,0,0,0,0,0,0,0,0,0,0,0,0,0,0,0,0,32,30,30,62,65476,0,300,0,0,8,21553,0.0,-107605600.0,0.0,0.0,0.0,0.0,0.0,0.0,0.0,0.0,0.0,0.0,0.0,0.0,0.0,0.0,0.0,0.0,0.0,0.0,0.0,0.0,2.004,0.0,-0.0,-2.004,0.0,0.0,0.0,0.0,5379.0,-3.697191411280511e+19,6972.0,0.0,-107615328.0,-107615280.0,-0.0,0.0,0.0,0.0,0.0,63,107615312.0,0.0,0.0,0.0,0.0,0.0,0.0,0.0,0.0,0,0,0,0.0,0.0,0.0,0.0,0.0,0.0,0.0,0.0,0.0,0.0,0.0,0.0,0.0,0.0,0.0,0.0,0,-107875648.0,63,0.0,126,2.7184242562605685e+23,-0.0,ERR,ERR,ERR,ERR,ERR,ERR,ERR,ERR,ERR,ERR,ERR,ERR,ERR,ERR,ERR,ERR,ERR,ERR,ERR,ERR,ERR,ERR,ERR,ERR,ERR,ERR,ERR,ERR,ERR,ERR,ERR,ERR,ERR,ERR,ERR,ERR,ERR,ERR,ERR,ERR,ERR,ERR,ERR,ERR,ERR,ERR,ERR,ERR,ERR,ERR,ERR,ERR,ERR,ERR,ERR,ERR,ERR,ERR,ERR,ERR,ERR,ERR,ERR,ERR,ERR,ERR,ERR,34.0,80.0,35,0.0,0.0,0.0,0.0,0.0,0.0,0.0,0.0,0.0,0.0,0.0,0.0,0.0,0.0,0.0,0.0,64.4,0,116,56,50,65476,0,300,0,0,8,20529,65476,0,0,57672,80.0,0.0,0.0,0.0,0.0,0.0
2026-06-17T04:29:11,ERR,ERR,ERR,ERR,ERR,ERR,ERR,ERR,ERR,ERR,ERR,ERR,ERR,ERR,ERR,ERR,ERR,ERR,ERR,ERR,ERR,ERR,ERR,ERR,ERR,ERR,ERR,ERR,ERR,ERR,ERR,ERR,ERR,ERR,ERR,ERR,ERR,ERR,ERR,ERR,ERR,ERR,ERR,ERR,ERR,ERR,ERR,ERR,ERR,ERR,ERR,ERR,ERR,ERR,ERR,ERR,ERR,ERR,ERR,ERR,ERR,ERR,ERR,ERR,ERR,ERR,ERR,ERR,ERR,ERR,ERR,ERR,ERR,ERR,ERR,ERR,ERR,ERR,ERR,ERR,ERR,ERR,ERR,ERR,ERR,ERR,ERR,ERR,ERR,ERR,ERR,ERR,ERR,ERR,ERR,ERR,ERR,ERR,ERR,ERR,ERR,ERR,ERR,ERR,ERR,ERR,ERR,ERR,ERR,ERR,ERR,ERR,ERR,ERR,ERR,ERR,ERR,ERR,ERR,ERR,ERR,ERR,ERR,ERR,ERR,0.0,-107615328.0,0.0,0.0,0.0,1.3936040501711995e+18,7.805,0.0,0,0,4,0,7300,-0.0,0,0.0,0.0,0.0,0.0,0.0,0,0,0,0,0.0,0,0,0,0,0,0,0,0,0,0,0,0,0,0,0,0,0,0,0,0,0,0,0,0,0,0,0,0,0,0,0,0,0,32,30,30,62,65476,0,300,0,0,8,21553,0.0,-107605600.0,0.0,0.0,0.0,0.0,0.0,0.0,0.0,0.0,0.0,0.0,0.0,0.0,0.0,0.0,0.0,0.0,0.0,0.0,0.0,0.0,2.004,0.0,-0.0,-2.004,0.0,0.0,0.0,0.0,5379.0,-3.697191411280511e+19,6972.0,0.0,-107615328.0,-107615280.0,-0.0,0.0,0.0,0.0,0.0,63,107615312.0,0.0,0.0,0.0,0.0,0.0,0.0,0.0,0.0,0,0,0,0.0,0.0,0.0,0.0,0.0,0.0,0.0,0.0,0.0,0.0,0.0,0.0,0.0,0.0,0.0,0.0,0,-107875648.0,63,0.0,126,2.7184242562605685e+23,-0.0,ERR,ERR,ERR,ERR,ERR,ERR,ERR,ERR,ERR,ERR,ERR,ERR,ERR,ERR,ERR,ERR,ERR,ERR,ERR,ERR,ERR,ERR,ERR,ERR,ERR,ERR,ERR,ERR,ERR,ERR,ERR,ERR,ERR,ERR,ERR,ERR,ERR,ERR,ERR,ERR,ERR,ERR,ERR,ERR,ERR,ERR,ERR,ERR,ERR,ERR,ERR,ERR,ERR,ERR,ERR,ERR,ERR,ERR,ERR,ERR,ERR,ERR,ERR,ERR,ERR,ERR,ERR,34.0,80.0,35,0.0,0.0,0.0,0.0,0.0,0.0,0.0,0.0,0.0,0.0,0.0,0.0,0.0,0.0,0.0,0.0,64.4,0,116,56,50,65476,0,300,0,0,8,20529,65476,0,0,57672,80.0,0.0,0.0,0.0,0.0,0.0
2026-06-17T04:29:12,ERR,ERR,ERR,ERR,ERR,ERR,ERR,ERR,ERR,ERR,ERR,ERR,ERR,ERR,ERR,ERR,ERR,ERR,ERR,ERR,ERR,ERR,ERR,ERR,ERR,ERR,ERR,ERR,ERR,ERR,ERR,ERR,ERR,ERR,ERR,ERR,ERR,ERR,ERR,ERR,ERR,ERR,ERR,ERR,ERR,ERR,ERR,ERR,ERR,ERR,ERR,ERR,ERR,ERR,ERR,ERR,ERR,ERR,ERR,ERR,ERR,ERR,ERR,ERR,ERR,ERR,ERR,ERR,ERR,ERR,ERR,ERR,ERR,ERR,ERR,ERR,ERR,ERR,ERR,ERR,ERR,ERR,ERR,ERR,ERR,ERR,ERR,ERR,ERR,ERR,ERR,ERR,ERR,ERR,ERR,ERR,ERR,ERR,ERR,ERR,ERR,ERR,ERR,ERR,ERR,ERR,ERR,ERR,ERR,ERR,ERR,ERR,ERR,ERR,ERR,ERR,ERR,ERR,ERR,ERR,ERR,ERR,ERR,ERR,ERR,0.0,-107615328.0,0.0,0.0,0.0,1.3936040501711995e+18,7.805,0.0,0,0,4,0,7300,-0.0,0,0.0,0.0,0.0,0.0,0.0,0,0,0,0,0.0,0,0,0,0,0,0,0,0,0,0,0,0,0,0,0,0,0,0,0,0,0,0,0,0,0,0,0,0,0,0,0,0,0,32,30,30,62,65476,0,300,0,0,8,21553,0.0,-107605600.0,0.0,0.0,0.0,0.0,0.0,0.0,0.0,0.0,0.0,0.0,0.0,0.0,0.0,0.0,0.0,0.0,0.0,0.0,0.0,0.0,2.004,0.0,-0.0,-2.004,0.0,0.0,0.0,0.0,5379.0,-3.697191411280511e+19,6972.0,0.0,-107615328.0,-107615280.0,-0.0,0.0,0.0,0.0,0.0,63,107615312.0,0.0,0.0,0.0,0.0,0.0,0.0,0.0,0.0,0,0,0,0.0,0.0,0.0,0.0,0.0,0.0,0.0,0.0,0.0,0.0,0.0,0.0,0.0,0.0,0.0,0.0,0,-107875648.0,63,0.0,126,2.7184242562605685e+23,-0.0,ERR,ERR,ERR,ERR,ERR,ERR,ERR,ERR,ERR,ERR,ERR,ERR,ERR,ERR,ERR,ERR,ERR,ERR,ERR,ERR,ERR,ERR,ERR,ERR,ERR,ERR,ERR,ERR,ERR,ERR,ERR,ERR,ERR,ERR,ERR,ERR,ERR,ERR,ERR,ERR,ERR,ERR,ERR,ERR,ERR,ERR,ERR,ERR,ERR,ERR,ERR,ERR,ERR,ERR,ERR,ERR,ERR,ERR,ERR,ERR,ERR,ERR,ERR,ERR,ERR,ERR,ERR,34.0,80.0,35,0.0,0.0,0.0,0.0,0.0,0.0,0.0,0.0,0.0,0.0,0.0,0.0,0.0,0.0,0.0,0.0,64.4,0,116,56,50,65476,0,300,0,0,8,20529,65476,0,0,57672,80.0,0.0,0.0,0.0,0.0,0.0
2026-06-17T04:29:13,ERR,ERR,ERR,ERR,ERR,ERR,ERR,ERR,ERR,ERR,ERR,ERR,ERR,ERR,ERR,ERR,ERR,ERR,ERR,ERR,ERR,ERR,ERR,ERR,ERR,ERR,ERR,ERR,ERR,ERR,ERR,ERR,ERR,ERR,ERR,ERR,ERR,ERR,ERR,ERR,ERR,ERR,ERR,ERR,ERR,ERR,ERR,ERR,ERR,ERR,ERR,ERR,ERR,ERR,ERR,ERR,ERR,ERR,ERR,ERR,ERR,ERR,ERR,ERR,ERR,ERR,ERR,ERR,ERR,ERR,ERR,ERR,ERR,ERR,ERR,ERR,ERR,ERR,ERR,ERR,ERR,ERR,ERR,ERR,ERR,ERR,ERR,ERR,ERR,ERR,ERR,ERR,ERR,ERR,ERR,ERR,ERR,ERR,ERR,ERR,ERR,ERR,ERR,ERR,ERR,ERR,ERR,ERR,ERR,ERR,ERR,ERR,ERR,ERR,ERR,ERR,ERR,ERR,ERR,ERR,ERR,ERR,ERR,ERR,ERR,0.0,-107615328.0,0.0,0.0,0.0,1.3936040501711995e+18,7.805,0.0,0,0,4,0,7300,-0.0,0,0.0,0.0,0.0,0.0,0.0,0,0,0,0,0.0,0,0,0,0,0,0,0,0,0,0,0,0,0,0,0,0,0,0,0,0,0,0,0,0,0,0,0,0,0,0,0,0,0,32,30,30,62,65476,0,300,0,0,8,21553,0.0,-107605600.0,0.0,0.0,0.0,0.0,0.0,0.0,0.0,0.0,0.0,0.0,0.0,0.0,0.0,0.0,0.0,0.0,0.0,0.0,0.0,0.0,2.004,0.0,-0.0,-2.004,0.0,0.0,0.0,0.0,5379.0,-3.697191411280511e+19,6972.0,0.0,-107615328.0,-107615280.0,-0.0,0.0,0.0,0.0,0.0,63,107615312.0,0.0,0.0,0.0,0.0,0.0,0.0,0.0,0.0,0,0,0,0.0,0.0,0.0,0.0,0.0,0.0,0.0,0.0,0.0,0.0,0.0,0.0,0.0,0.0,0.0,0.0,0,-107875648.0,63,0.0,126,2.7184242562605685e+23,-0.0,ERR,ERR,ERR,ERR,ERR,ERR,ERR,ERR,ERR,ERR,ERR,ERR,ERR,ERR,ERR,ERR,ERR,ERR,ERR,ERR,ERR,ERR,ERR,ERR,ERR,ERR,ERR,ERR,ERR,ERR,ERR,ERR,ERR,ERR,ERR,ERR,ERR,ERR,ERR,ERR,ERR,ERR,ERR,ERR,ERR,ERR,ERR,ERR,ERR,ERR,ERR,ERR,ERR,ERR,ERR,ERR,ERR,ERR,ERR,ERR,ERR,ERR,ERR,ERR,ERR,ERR,ERR,34.0,80.0,35,0.0,0.0,0.0,0.0,0.0,0.0,0.0,0.0,0.0,0.0,0.0,0.0,0.0,0.0,0.0,0.0,64.4,0,116,56,50,65476,0,300,0,0,8,20529,65476,0,0,57672,80.0,0.0,0.0,0.0,0.0,0.0
2026-06-17T04:29:14,ERR,ERR,ERR,ERR,ERR,ERR,ERR,ERR,ERR,ERR,ERR,ERR,ERR,ERR,ERR,ERR,ERR,ERR,ERR,ERR,ERR,ERR,ERR,ERR,ERR,ERR,ERR,ERR,ERR,ERR,ERR,ERR,ERR,ERR,ERR,ERR,ERR,ERR,ERR,ERR,ERR,ERR,ERR,ERR,ERR,ERR,ERR,ERR,ERR,ERR,ERR,ERR,ERR,ERR,ERR,ERR,ERR,ERR,ERR,ERR,ERR,ERR,ERR,ERR,ERR,ERR,ERR,ERR,ERR,ERR,ERR,ERR,ERR,ERR,ERR,ERR,ERR,ERR,ERR,ERR,ERR,ERR,ERR,ERR,ERR,ERR,ERR,ERR,ERR,ERR,ERR,ERR,ERR,ERR,ERR,ERR,ERR,ERR,ERR,ERR,ERR,ERR,ERR,ERR,ERR,ERR,ERR,ERR,ERR,ERR,ERR,ERR,ERR,ERR,ERR,ERR,ERR,ERR,ERR,ERR,ERR,ERR,ERR,ERR,ERR,0.0,-107615328.0,0.0,0.0,0.0,1.3936040501711995e+18,7.805,0.0,0,0,4,0,7300,-0.0,0,0.0,0.0,0.0,0.0,0.0,0,0,0,0,0.0,0,0,0,0,0,0,0,0,0,0,0,0,0,0,0,0,0,0,0,0,0,0,0,0,0,0,0,0,0,0,0,0,0,32,30,30,62,65476,0,300,0,0,8,21553,0.0,-107605600.0,0.0,0.0,0.0,0.0,0.0,0.0,0.0,0.0,0.0,0.0,0.0,0.0,0.0,0.0,0.0,0.0,0.0,0.0,0.0,0.0,2.004,0.0,-0.0,-2.004,0.0,0.0,0.0,0.0,5379.0,-3.697191411280511e+19,6972.0,0.0,-107615328.0,-107615280.0,-0.0,0.0,0.0,0.0,0.0,63,107615312.0,0.0,0.0,0.0,0.0,0.0,0.0,0.0,0.0,0,0,0,0.0,0.0,0.0,0.0,0.0,0.0,0.0,0.0,0.0,0.0,0.0,0.0,0.0,0.0,0.0,0.0,0,-107875648.0,63,0.0,126,2.7184242562605685e+23,-0.0,ERR,ERR,ERR,ERR,ERR,ERR,ERR,ERR,ERR,ERR,ERR,ERR,ERR,ERR,ERR,ERR,ERR,ERR,ERR,ERR,ERR,ERR,ERR,ERR,ERR,ERR,ERR,ERR,ERR,ERR,ERR,ERR,ERR,ERR,ERR,ERR,ERR,ERR,ERR,ERR,ERR,ERR,ERR,ERR,ERR,ERR,ERR,ERR,ERR,ERR,ERR,ERR,ERR,ERR,ERR,ERR,ERR,ERR,ERR,ERR,ERR,ERR,ERR,ERR,ERR,ERR,ERR,34.0,80.0,35,0.0,0.0,0.0,0.0,0.0,0.0,0.0,0.0,0.0,0.0,0.0,0.0,0.0,0.0,0.0,0.0,64.4,0,116,56,50,65476,0,300,0,0,8,20529,65476,0,0,57672,80.0,0.0,0.0,0.0,0.0,0.0
2026-06-17T04:29:15,ERR,ERR,ERR,ERR,ERR,ERR,ERR,ERR,ERR,ERR,ERR,ERR,ERR,ERR,ERR,ERR,ERR,ERR,ERR,ERR,ERR,ERR,ERR,ERR,ERR,ERR,ERR,ERR,ERR,ERR,ERR,ERR,ERR,ERR,ERR,ERR,ERR,ERR,ERR,ERR,ERR,ERR,ERR,ERR,ERR,ERR,ERR,ERR,ERR,ERR,ERR,ERR,ERR,ERR,ERR,ERR,ERR,ERR,ERR,ERR,ERR,ERR,ERR,ERR,ERR,ERR,ERR,ERR,ERR,ERR,ERR,ERR,ERR,ERR,ERR,ERR,ERR,ERR,ERR,ERR,ERR,ERR,ERR,ERR,ERR,ERR,ERR,ERR,ERR,ERR,ERR,ERR,ERR,ERR,ERR,ERR,ERR,ERR,ERR,ERR,ERR,ERR,ERR,ERR,ERR,ERR,ERR,ERR,ERR,ERR,ERR,ERR,ERR,ERR,ERR,ERR,ERR,ERR,ERR,ERR,ERR,ERR,ERR,ERR,ERR,0.0,-107615328.0,0.0,0.0,0.0,1.3936040501711995e+18,7.805,0.0,0,0,4,0,7300,-0.0,0,0.0,0.0,0.0,0.0,0.0,0,0,0,0,0.0,0,0,0,0,0,0,0,0,0,0,0,0,0,0,0,0,0,0,0,0,0,0,0,0,0,0,0,0,0,0,0,0,0,32,30,30,62,65476,0,300,0,0,8,21553,0.0,-107605600.0,0.0,0.0,0.0,0.0,0.0,0.0,0.0,0.0,0.0,0.0,0.0,0.0,0.0,0.0,0.0,0.0,0.0,0.0,0.0,0.0,2.004,0.0,-0.0,-2.004,0.0,0.0,0.0,0.0,5381.0,-1.0406668663850192e+34,6975.0,0.0,-107615328.0,-107615280.0,-0.0,0.0,0.0,0.0,0.0,63,152018387730432.0,89220.688,0.0,0.0,0.0,0.0,0.0,0.0,0.0,0,0,0,0.0,0.0,0.0,0.0,0.0,0.0,0.0,0.0,0.0,0.0,0.0,0.0,0.0,0.0,0.0,0.0,0,-107875648.0,63,0.0,126,2.7184242562605685e+23,-0.0,ERR,ERR,ERR,ERR,ERR,ERR,ERR,ERR,ERR,ERR,ERR,ERR,ERR,ERR,ERR,ERR,ERR,ERR,ERR,ERR,ERR,ERR,ERR,ERR,ERR,ERR,ERR,ERR,ERR,ERR,ERR,ERR,ERR,ERR,ERR,ERR,ERR,ERR,ERR,ERR,ERR,ERR,ERR,ERR,ERR,ERR,ERR,ERR,ERR,ERR,ERR,ERR,ERR,ERR,ERR,ERR,ERR,ERR,ERR,ERR,ERR,ERR,ERR,ERR,ERR,ERR,ERR,34.0,80.0,35,0.0,0.0,0.0,0.0,0.0,0.0,0.0,0.0,0.0,0.0,0.0,0.0,0.0,0.0,0.0,0.0,64.8,0,116,56,50,65476,0,300,0,0,8,20529,65476,0,0,57672,80.0,0.0,0.0,0.0,0.0,0.0
2026-06-17T04:29:16,ERR,ERR,ERR,ERR,ERR,ERR,ERR,ERR,ERR,ERR,ERR,ERR,ERR,ERR,ERR,ERR,ERR,ERR,ERR,ERR,ERR,ERR,ERR,ERR,ERR,ERR,ERR,ERR,ERR,ERR,ERR,ERR,ERR,ERR,ERR,ERR,ERR,ERR,ERR,ERR,ERR,ERR,ERR,ERR,ERR,ERR,ERR,ERR,ERR,ERR,ERR,ERR,ERR,ERR,ERR,ERR,ERR,ERR,ERR,ERR,ERR,ERR,ERR,ERR,ERR,ERR,ERR,ERR,ERR,ERR,ERR,ERR,ERR,ERR,ERR,ERR,ERR,ERR,ERR,ERR,ERR,ERR,ERR,ERR,ERR,ERR,ERR,ERR,ERR,ERR,ERR,ERR,ERR,ERR,ERR,ERR,ERR,ERR,ERR,ERR,ERR,ERR,ERR,ERR,ERR,ERR,ERR,ERR,ERR,ERR,ERR,ERR,ERR,ERR,ERR,ERR,ERR,ERR,ERR,ERR,ERR,ERR,ERR,ERR,ERR,0.0,-107615328.0,0.0,0.0,0.0,1.3936040501711995e+18,7.805,0.0,0,0,4,0,7300,-0.0,0,0.0,0.0,0.0,0.0,0.0,0,0,0,0,0.0,0,0,0,0,0,0,0,0,0,0,0,0,0,0,0,0,0,0,0,0,0,0,0,0,0,0,0,0,0,0,0,0,0,32,30,30,62,65476,0,300,0,0,8,21553,0.0,-107605600.0,0.0,0.0,0.0,0.0,0.0,0.0,0.0,0.0,0.0,0.0,0.0,0.0,0.0,0.0,0.0,0.0,0.0,0.0,0.0,0.0,2.004,0.0,-0.0,-2.004,0.0,0.0,0.0,0.0,5381.0,-1.0406668663850192e+34,6975.0,0.0,-107615328.0,-107615280.0,-0.0,0.0,0.0,0.0,0.0,63,152018387730432.0,89220.688,0.0,0.0,0.0,0.0,0.0,0.0,0.0,0,0,0,0.0,0.0,0.0,0.0,0.0,0.0,0.0,0.0,0.0,0.0,0.0,0.0,0.0,0.0,0.0,0.0,0,-107875648.0,63,0.0,126,2.7184242562605685e+23,-0.0,ERR,ERR,ERR,ERR,ERR,ERR,ERR,ERR,ERR,ERR,ERR,ERR,ERR,ERR,ERR,ERR,ERR,ERR,ERR,ERR,ERR,ERR,ERR,ERR,ERR,ERR,ERR,ERR,ERR,ERR,ERR,ERR,ERR,ERR,ERR,ERR,ERR,ERR,ERR,ERR,ERR,ERR,ERR,ERR,ERR,ERR,ERR,ERR,ERR,ERR,ERR,ERR,ERR,ERR,ERR,ERR,ERR,ERR,ERR,ERR,ERR,ERR,ERR,ERR,ERR,ERR,ERR,34.0,80.0,35,0.0,0.0,0.0,0.0,0.0,0.0,0.0,0.0,0.0,0.0,0.0,0.0,0.0,0.0,0.0,0.0,64.4,0,116,56,50,65476,0,300,0,0,8,20529,65476,0,0,57672,80.0,0.0,0.0,0.0,0.0,0.0
2026-06-17T04:29:17,ERR,ERR,ERR,ERR,ERR,ERR,ERR,ERR,ERR,ERR,ERR,ERR,ERR,ERR,ERR,ERR,ERR,ERR,ERR,ERR,ERR,ERR,ERR,ERR,ERR,ERR,ERR,ERR,ERR,ERR,ERR,ERR,ERR,ERR,ERR,ERR,ERR,ERR,ERR,ERR,ERR,ERR,ERR,ERR,ERR,ERR,ERR,ERR,ERR,ERR,ERR,ERR,ERR,ERR,ERR,ERR,ERR,ERR,ERR,ERR,ERR,ERR,ERR,ERR,ERR,ERR,ERR,ERR,ERR,ERR,ERR,ERR,ERR,ERR,ERR,ERR,ERR,ERR,ERR,ERR,ERR,ERR,ERR,ERR,ERR,ERR,ERR,ERR,ERR,ERR,ERR,ERR,ERR,ERR,ERR,ERR,ERR,ERR,ERR,ERR,ERR,ERR,ERR,ERR,ERR,ERR,ERR,ERR,ERR,ERR,ERR,ERR,ERR,ERR,ERR,ERR,ERR,ERR,ERR,ERR,ERR,ERR,ERR,ERR,ERR,0.0,-107615328.0,0.0,0.0,0.0,1.3936040501711995e+18,7.805,0.0,0,0,4,0,7300,-0.0,0,0.0,0.0,0.0,0.0,0.0,0,0,0,0,0.0,0,0,0,0,0,0,0,0,0,0,0,0,0,0,0,0,0,0,0,0,0,0,0,0,0,0,0,0,0,0,0,0,0,32,30,30,62,65476,0,300,0,0,8,21553,0.0,-107605600.0,0.0,0.0,0.0,0.0,0.0,0.0,0.0,0.0,0.0,0.0,0.0,0.0,0.0,0.0,0.0,0.0,0.0,0.0,0.0,0.0,2.004,0.0,-0.0,-2.004,0.0,0.0,0.0,0.0,5381.0,-1.0406668663850192e+34,6975.0,0.0,-107615328.0,-107615280.0,-0.0,0.0,0.0,0.0,0.0,63,152018387730432.0,89220.688,0.0,0.0,0.0,0.0,0.0,0.0,0.0,0,0,0,0.0,0.0,0.0,0.0,0.0,0.0,0.0,0.0,0.0,0.0,0.0,0.0,0.0,0.0,0.0,0.0,0,-107875648.0,63,0.0,126,2.7184242562605685e+23,-0.0,ERR,ERR,ERR,ERR,ERR,ERR,ERR,ERR,ERR,ERR,ERR,ERR,ERR,ERR,ERR,ERR,ERR,ERR,ERR,ERR,ERR,ERR,ERR,ERR,ERR,ERR,ERR,ERR,ERR,ERR,ERR,ERR,ERR,ERR,ERR,ERR,ERR,ERR,ERR,ERR,ERR,ERR,ERR,ERR,ERR,ERR,ERR,ERR,ERR,ERR,ERR,ERR,ERR,ERR,ERR,ERR,ERR,ERR,ERR,ERR,ERR,ERR,ERR,ERR,ERR,ERR,ERR,34.0,80.0,35,0.0,0.0,0.0,0.0,0.0,0.0,0.0,0.0,0.0,0.0,0.0,0.0,0.0,0.0,0.0,0.0,64.4,0,116,56,50,65476,0,300,0,0,8,20529,65476,0,0,57672,80.0,0.0,0.0,0.0,0.0,0.0
2026-06-17T04:29:18,ERR,ERR,ERR,ERR,ERR,ERR,ERR,ERR,ERR,ERR,ERR,ERR,ERR,ERR,ERR,ERR,ERR,ERR,ERR,ERR,ERR,ERR,ERR,ERR,ERR,ERR,ERR,ERR,ERR,ERR,ERR,ERR,ERR,ERR,ERR,ERR,ERR,ERR,ERR,ERR,ERR,ERR,ERR,ERR,ERR,ERR,ERR,ERR,ERR,ERR,ERR,ERR,ERR,ERR,ERR,ERR,ERR,ERR,ERR,ERR,ERR,ERR,ERR,ERR,ERR,ERR,ERR,ERR,ERR,ERR,ERR,ERR,ERR,ERR,ERR,ERR,ERR,ERR,ERR,ERR,ERR,ERR,ERR,ERR,ERR,ERR,ERR,ERR,ERR,ERR,ERR,ERR,ERR,ERR,ERR,ERR,ERR,ERR,ERR,ERR,ERR,ERR,ERR,ERR,ERR,ERR,ERR,ERR,ERR,ERR,ERR,ERR,ERR,ERR,ERR,ERR,ERR,ERR,ERR,ERR,ERR,ERR,ERR,ERR,ERR,0.0,-107615328.0,0.0,0.0,0.0,1.3936040501711995e+18,7.805,0.0,0,0,4,0,7300,-0.0,0,0.0,0.0,0.0,0.0,0.0,0,0,0,0,0.0,0,0,0,0,0,0,0,0,0,0,0,0,0,0,0,0,0,0,0,0,0,0,0,0,0,0,0,0,0,0,0,0,0,32,30,30,62,65476,0,300,0,0,8,21553,0.0,-107605600.0,0.0,0.0,0.0,0.0,0.0,0.0,0.0,0.0,0.0,0.0,0.0,0.0,0.0,0.0,0.0,0.0,0.0,0.0,0.0,0.0,2.004,0.0,-0.0,-2.004,0.0,0.0,0.0,0.0,5381.0,-1.0406668663850192e+34,6975.0,0.0,-107615328.0,-107615280.0,-0.0,0.0,0.0,0.0,0.0,63,152018387730432.0,89220.688,0.0,0.0,0.0,0.0,0.0,0.0,0.0,0,0,0,0.0,0.0,0.0,0.0,0.0,0.0,0.0,0.0,0.0,0.0,0.0,0.0,0.0,0.0,0.0,0.0,0,-107875648.0,63,0.0,126,2.7184242562605685e+23,-0.0,ERR,ERR,ERR,ERR,ERR,ERR,ERR,ERR,ERR,ERR,ERR,ERR,ERR,ERR,ERR,ERR,ERR,ERR,ERR,ERR,ERR,ERR,ERR,ERR,ERR,ERR,ERR,ERR,ERR,ERR,ERR,ERR,ERR,ERR,ERR,ERR,ERR,ERR,ERR,ERR,ERR,ERR,ERR,ERR,ERR,ERR,ERR,ERR,ERR,ERR,ERR,ERR,ERR,ERR,ERR,ERR,ERR,ERR,ERR,ERR,ERR,ERR,ERR,ERR,ERR,ERR,ERR,34.0,80.0,35,0.0,0.0,0.0,0.0,0.0,0.0,0.0,0.0,0.0,0.0,0.0,0.0,0.0,0.0,0.0,0.0,64.4,0,116,56,50,65476,0,300,0,0,8,20529,65476,0,0,57672,80.0,0.0,0.0,0.0,0.0,0.0
2026-06-17T04:29:19,ERR,ERR,ERR,ERR,ERR,ERR,ERR,ERR,ERR,ERR,ERR,ERR,ERR,ERR,ERR,ERR,ERR,ERR,ERR,ERR,ERR,ERR,ERR,ERR,ERR,ERR,ERR,ERR,ERR,ERR,ERR,ERR,ERR,ERR,ERR,ERR,ERR,ERR,ERR,ERR,ERR,ERR,ERR,ERR,ERR,ERR,ERR,ERR,ERR,ERR,ERR,ERR,ERR,ERR,ERR,ERR,ERR,ERR,ERR,ERR,ERR,ERR,ERR,ERR,ERR,ERR,ERR,ERR,ERR,ERR,ERR,ERR,ERR,ERR,ERR,ERR,ERR,ERR,ERR,ERR,ERR,ERR,ERR,ERR,ERR,ERR,ERR,ERR,ERR,ERR,ERR,ERR,ERR,ERR,ERR,ERR,ERR,ERR,ERR,ERR,ERR,ERR,ERR,ERR,ERR,ERR,ERR,ERR,ERR,ERR,ERR,ERR,ERR,ERR,ERR,ERR,ERR,ERR,ERR,ERR,ERR,ERR,ERR,ERR,ERR,0.0,-107615328.0,0.0,0.0,0.0,1.3936040501711995e+18,7.805,0.0,0,0,4,0,7300,-0.0,0,0.0,0.0,0.0,0.0,0.0,0,0,0,0,0.0,0,0,0,0,0,0,0,0,0,0,0,0,0,0,0,0,0,0,0,0,0,0,0,0,0,0,0,0,0,0,0,0,0,32,30,30,62,65476,0,300,0,0,8,21553,0.0,-107605600.0,0.0,0.0,0.0,0.0,0.0,0.0,0.0,0.0,0.0,0.0,0.0,0.0,0.0,0.0,0.0,0.0,0.0,0.0,0.0,0.0,2.004,0.0,-0.0,-2.004,0.0,0.0,0.0,0.0,5381.0,-1.0406668663850192e+34,6975.0,0.0,-107615328.0,-107615280.0,-0.0,0.0,0.0,0.0,0.0,63,152018387730432.0,89220.688,0.0,0.0,0.0,0.0,0.0,0.0,0.0,0,0,0,0.0,0.0,0.0,0.0,0.0,0.0,0.0,0.0,0.0,0.0,0.0,0.0,0.0,0.0,0.0,0.0,0,-107875648.0,63,0.0,126,2.7184242562605685e+23,-0.0,ERR,ERR,ERR,ERR,ERR,ERR,ERR,ERR,ERR,ERR,ERR,ERR,ERR,ERR,ERR,ERR,ERR,ERR,ERR,ERR,ERR,ERR,ERR,ERR,ERR,ERR,ERR,ERR,ERR,ERR,ERR,ERR,ERR,ERR,ERR,ERR,ERR,ERR,ERR,ERR,ERR,ERR,ERR,ERR,ERR,ERR,ERR,ERR,ERR,ERR,ERR,ERR,ERR,ERR,ERR,ERR,ERR,ERR,ERR,ERR,ERR,ERR,ERR,ERR,ERR,ERR,ERR,34.0,80.0,35,0.0,0.0,0.0,0.0,0.0,0.0,0.0,0.0,0.0,0.0,0.0,0.0,0.0,0.0,0.0,0.0,64.4,0,116,56,50,65476,0,300,0,0,8,20529,65476,0,0,57672,80.0,0.0,0.0,0.0,0.0,0.0
2026-06-17T04:29:20,ERR,ERR,ERR,ERR,ERR,ERR,ERR,ERR,ERR,ERR,ERR,ERR,ERR,ERR,ERR,ERR,ERR,ERR,ERR,ERR,ERR,ERR,ERR,ERR,ERR,ERR,ERR,ERR,ERR,ERR,ERR,ERR,ERR,ERR,ERR,ERR,ERR,ERR,ERR,ERR,ERR,ERR,ERR,ERR,ERR,ERR,ERR,ERR,ERR,ERR,ERR,ERR,ERR,ERR,ERR,ERR,ERR,ERR,ERR,ERR,ERR,ERR,ERR,ERR,ERR,ERR,ERR,ERR,ERR,ERR,ERR,ERR,ERR,ERR,ERR,ERR,ERR,ERR,ERR,ERR,ERR,ERR,ERR,ERR,ERR,ERR,ERR,ERR,ERR,ERR,ERR,ERR,ERR,ERR,ERR,ERR,ERR,ERR,ERR,ERR,ERR,ERR,ERR,ERR,ERR,ERR,ERR,ERR,ERR,ERR,ERR,ERR,ERR,ERR,ERR,ERR,ERR,ERR,ERR,ERR,ERR,ERR,ERR,ERR,ERR,0.0,-107615328.0,0.0,0.0,0.0,1.3936040501711995e+18,7.805,0.0,0,0,4,0,7300,-0.0,0,0.0,0.0,0.0,0.0,0.0,0,0,0,0,0.0,0,0,0,0,0,0,0,0,0,0,0,0,0,0,0,0,0,0,0,0,0,0,0,0,0,0,0,0,0,0,0,0,0,32,30,30,62,65476,0,300,0,0,8,21553,0.0,-107605600.0,0.0,0.0,0.0,0.0,0.0,0.0,0.0,0.0,0.0,0.0,0.0,0.0,0.0,0.0,0.0,0.0,0.0,0.0,0.0,0.0,2.004,0.0,-0.0,-2.004,0.0,0.0,0.0,0.0,5377.0,-2.4229913632967957e+24,6973.0,0.0,-107615328.0,-107615280.0,-0.0,0.0,0.0,0.0,0.0,63,71.63,0.0,0.0,0.0,0.0,0.0,0.0,0.0,0.0,0,0,0,0.0,0.0,0.0,0.0,0.0,0.0,0.0,0.0,0.0,0.0,0.0,0.0,0.0,0.0,0.0,0.0,0,-107875648.0,63,0.0,126,2.7184242562605685e+23,-0.0,ERR,ERR,ERR,ERR,ERR,ERR,ERR,ERR,ERR,ERR,ERR,ERR,ERR,ERR,ERR,ERR,ERR,ERR,ERR,ERR,ERR,ERR,ERR,ERR,ERR,ERR,ERR,ERR,ERR,ERR,ERR,ERR,ERR,ERR,ERR,ERR,ERR,ERR,ERR,ERR,ERR,ERR,ERR,ERR,ERR,ERR,ERR,ERR,ERR,ERR,ERR,ERR,ERR,ERR,ERR,ERR,ERR,ERR,ERR,ERR,ERR,ERR,ERR,ERR,ERR,ERR,ERR,34.0,80.0,35,0.0,0.0,0.0,0.0,0.0,0.0,0.0,0.0,0.0,0.0,0.0,0.0,0.0,0.0,0.0,0.0,64.8,0,116,56,50,65476,0,300,0,0,8,20529,65476,0,0,57672,80.0,0.0,0.0,0.0,0.0,0.0
2026-06-17T04:29:21,ERR,ERR,ERR,ERR,ERR,ERR,ERR,ERR,ERR,ERR,ERR,ERR,ERR,ERR,ERR,ERR,ERR,ERR,ERR,ERR,ERR,ERR,ERR,ERR,ERR,ERR,ERR,ERR,ERR,ERR,ERR,ERR,ERR,ERR,ERR,ERR,ERR,ERR,ERR,ERR,ERR,ERR,ERR,ERR,ERR,ERR,ERR,ERR,ERR,ERR,ERR,ERR,ERR,ERR,ERR,ERR,ERR,ERR,ERR,ERR,ERR,ERR,ERR,ERR,ERR,ERR,ERR,ERR,ERR,ERR,ERR,ERR,ERR,ERR,ERR,ERR,ERR,ERR,ERR,ERR,ERR,ERR,ERR,ERR,ERR,ERR,ERR,ERR,ERR,ERR,ERR,ERR,ERR,ERR,ERR,ERR,ERR,ERR,ERR,ERR,ERR,ERR,ERR,ERR,ERR,ERR,ERR,ERR,ERR,ERR,ERR,ERR,ERR,ERR,ERR,ERR,ERR,ERR,ERR,ERR,ERR,ERR,ERR,ERR,ERR,0.0,-107615328.0,0.0,0.0,0.0,1.3936040501711995e+18,7.805,0.0,0,0,4,0,7300,-0.0,0,0.0,0.0,0.0,0.0,0.0,0,0,0,0,0.0,0,0,0,0,0,0,0,0,0,0,0,0,0,0,0,0,0,0,0,0,0,0,0,0,0,0,0,0,0,0,0,0,0,32,30,30,62,65476,0,300,0,0,8,21553,0.0,-107605600.0,0.0,0.0,0.0,0.0,0.0,0.0,0.0,0.0,0.0,0.0,0.0,0.0,0.0,0.0,0.0,0.0,0.0,0.0,0.0,0.0,2.004,0.0,-0.0,-2.004,0.0,0.0,0.0,0.0,5377.0,-2.4229913632967957e+24,6973.0,0.0,-107615328.0,-107615280.0,-0.0,0.0,0.0,0.0,0.0,63,71.63,0.0,0.0,0.0,0.0,0.0,0.0,0.0,0.0,0,0,0,0.0,0.0,0.0,0.0,0.0,0.0,0.0,0.0,0.0,0.0,0.0,0.0,0.0,0.0,0.0,0.0,0,-107875648.0,63,0.0,126,2.7184242562605685e+23,-0.0,ERR,ERR,ERR,ERR,ERR,ERR,ERR,ERR,ERR,ERR,ERR,ERR,ERR,ERR,ERR,ERR,ERR,ERR,ERR,ERR,ERR,ERR,ERR,ERR,ERR,ERR,ERR,ERR,ERR,ERR,ERR,ERR,ERR,ERR,ERR,ERR,ERR,ERR,ERR,ERR,ERR,ERR,ERR,ERR,ERR,ERR,ERR,ERR,ERR,ERR,ERR,ERR,ERR,ERR,ERR,ERR,ERR,ERR,ERR,ERR,ERR,ERR,ERR,ERR,ERR,ERR,ERR,34.0,80.0,35,0.0,0.0,0.0,0.0,0.0,0.0,0.0,0.0,0.0,0.0,0.0,0.0,0.0,0.0,0.0,0.0,64.8,0,116,56,50,65476,0,300,0,0,8,20529,65476,0,0,57672,80.0,0.0,0.0,0.0,0.0,0.0
2026-06-17T04:29:22,ERR,ERR,ERR,ERR,ERR,ERR,ERR,ERR,ERR,ERR,ERR,ERR,ERR,ERR,ERR,ERR,ERR,ERR,ERR,ERR,ERR,ERR,ERR,ERR,ERR,ERR,ERR,ERR,ERR,ERR,ERR,ERR,ERR,ERR,ERR,ERR,ERR,ERR,ERR,ERR,ERR,ERR,ERR,ERR,ERR,ERR,ERR,ERR,ERR,ERR,ERR,ERR,ERR,ERR,ERR,ERR,ERR,ERR,ERR,ERR,ERR,ERR,ERR,ERR,ERR,ERR,ERR,ERR,ERR,ERR,ERR,ERR,ERR,ERR,ERR,ERR,ERR,ERR,ERR,ERR,ERR,ERR,ERR,ERR,ERR,ERR,ERR,ERR,ERR,ERR,ERR,ERR,ERR,ERR,ERR,ERR,ERR,ERR,ERR,ERR,ERR,ERR,ERR,ERR,ERR,ERR,ERR,ERR,ERR,ERR,ERR,ERR,ERR,ERR,ERR,ERR,ERR,ERR,ERR,ERR,ERR,ERR,ERR,ERR,ERR,0.0,-107615328.0,0.0,0.0,0.0,1.3936040501711995e+18,7.805,0.0,0,0,4,0,7300,-0.0,0,0.0,0.0,0.0,0.0,0.0,0,0,0,0,0.0,0,0,0,0,0,0,0,0,0,0,0,0,0,0,0,0,0,0,0,0,0,0,0,0,0,0,0,0,0,0,0,0,0,32,30,30,62,65476,0,300,0,0,8,21553,0.0,-107605600.0,0.0,0.0,0.0,0.0,0.0,0.0,0.0,0.0,0.0,0.0,0.0,0.0,0.0,0.0,0.0,0.0,0.0,0.0,0.0,0.0,2.004,0.0,-0.0,-2.004,0.0,0.0,0.0,0.0,5377.0,-2.4229913632967957e+24,6973.0,0.0,-107615328.0,-107615280.0,-0.0,0.0,0.0,0.0,0.0,63,71.63,0.0,0.0,0.0,0.0,0.0,0.0,0.0,0.0,0,0,0,0.0,0.0,0.0,0.0,0.0,0.0,0.0,0.0,0.0,0.0,0.0,0.0,0.0,0.0,0.0,0.0,0,-107875648.0,63,0.0,126,2.7184242562605685e+23,-0.0,ERR,ERR,ERR,ERR,ERR,ERR,ERR,ERR,ERR,ERR,ERR,ERR,ERR,ERR,ERR,ERR,ERR,ERR,ERR,ERR,ERR,ERR,ERR,ERR,ERR,ERR,ERR,ERR,ERR,ERR,ERR,ERR,ERR,ERR,ERR,ERR,ERR,ERR,ERR,ERR,ERR,ERR,ERR,ERR,ERR,ERR,ERR,ERR,ERR,ERR,ERR,ERR,ERR,ERR,ERR,ERR,ERR,ERR,ERR,ERR,ERR,ERR,ERR,ERR,ERR,ERR,ERR,34.0,80.0,35,0.0,0.0,0.0,0.0,0.0,0.0,0.0,0.0,0.0,0.0,0.0,0.0,0.0,0.0,0.0,0.0,64.4,0,116,56,50,65476,0,300,0,0,8,20529,65476,0,0,57672,80.0,0.0,0.0,0.0,0.0,0.0
2026-06-17T04:29:23,ERR,ERR,ERR,ERR,ERR,ERR,ERR,ERR,ERR,ERR,ERR,ERR,ERR,ERR,ERR,ERR,ERR,ERR,ERR,ERR,ERR,ERR,ERR,ERR,ERR,ERR,ERR,ERR,ERR,ERR,ERR,ERR,ERR,ERR,ERR,ERR,ERR,ERR,ERR,ERR,ERR,ERR,ERR,ERR,ERR,ERR,ERR,ERR,ERR,ERR,ERR,ERR,ERR,ERR,ERR,ERR,ERR,ERR,ERR,ERR,ERR,ERR,ERR,ERR,ERR,ERR,ERR,ERR,ERR,ERR,ERR,ERR,ERR,ERR,ERR,ERR,ERR,ERR,ERR,ERR,ERR,ERR,ERR,ERR,ERR,ERR,ERR,ERR,ERR,ERR,ERR,ERR,ERR,ERR,ERR,ERR,ERR,ERR,ERR,ERR,ERR,ERR,ERR,ERR,ERR,ERR,ERR,ERR,ERR,ERR,ERR,ERR,ERR,ERR,ERR,ERR,ERR,ERR,ERR,ERR,ERR,ERR,ERR,ERR,ERR,0.0,-107615328.0,0.0,0.0,0.0,1.3936040501711995e+18,7.805,0.0,0,0,4,0,7300,-0.0,0,0.0,0.0,0.0,0.0,0.0,0,0,0,0,0.0,0,0,0,0,0,0,0,0,0,0,0,0,0,0,0,0,0,0,0,0,0,0,0,0,0,0,0,0,0,0,0,0,0,32,30,30,62,65476,0,300,0,0,8,21553,0.0,-107605600.0,0.0,0.0,0.0,0.0,0.0,0.0,0.0,0.0,0.0,0.0,0.0,0.0,0.0,0.0,0.0,0.0,0.0,0.0,0.0,0.0,2.004,0.0,-0.0,-2.004,0.0,0.0,0.0,0.0,5377.0,-2.4229913632967957e+24,6973.0,0.0,-107615328.0,-107615280.0,-0.0,0.0,0.0,0.0,0.0,63,71.63,0.0,0.0,0.0,0.0,0.0,0.0,0.0,0.0,0,0,0,0.0,0.0,0.0,0.0,0.0,0.0,0.0,0.0,0.0,0.0,0.0,0.0,0.0,0.0,0.0,0.0,0,-107875648.0,63,0.0,126,2.7184242562605685e+23,-0.0,ERR,ERR,ERR,ERR,ERR,ERR,ERR,ERR,ERR,ERR,ERR,ERR,ERR,ERR,ERR,ERR,ERR,ERR,ERR,ERR,ERR,ERR,ERR,ERR,ERR,ERR,ERR,ERR,ERR,ERR,ERR,ERR,ERR,ERR,ERR,ERR,ERR,ERR,ERR,ERR,ERR,ERR,ERR,ERR,ERR,ERR,ERR,ERR,ERR,ERR,ERR,ERR,ERR,ERR,ERR,ERR,ERR,ERR,ERR,ERR,ERR,ERR,ERR,ERR,ERR,ERR,ERR,34.0,80.0,35,0.0,0.0,0.0,0.0,0.0,0.0,0.0,0.0,0.0,0.0,0.0,0.0,0.0,0.0,0.0,0.0,64.4,0,116,56,50,65476,0,300,0,0,8,20529,65476,0,0,57672,80.0,0.0,0.0,0.0,0.0,0.0
2026-06-17T04:29:24,ERR,ERR,ERR,ERR,ERR,ERR,ERR,ERR,ERR,ERR,ERR,ERR,ERR,ERR,ERR,ERR,ERR,ERR,ERR,ERR,ERR,ERR,ERR,ERR,ERR,ERR,ERR,ERR,ERR,ERR,ERR,ERR,ERR,ERR,ERR,ERR,ERR,ERR,ERR,ERR,ERR,ERR,ERR,ERR,ERR,ERR,ERR,ERR,ERR,ERR,ERR,ERR,ERR,ERR,ERR,ERR,ERR,ERR,ERR,ERR,ERR,ERR,ERR,ERR,ERR,ERR,ERR,ERR,ERR,ERR,ERR,ERR,ERR,ERR,ERR,ERR,ERR,ERR,ERR,ERR,ERR,ERR,ERR,ERR,ERR,ERR,ERR,ERR,ERR,ERR,ERR,ERR,ERR,ERR,ERR,ERR,ERR,ERR,ERR,ERR,ERR,ERR,ERR,ERR,ERR,ERR,ERR,ERR,ERR,ERR,ERR,ERR,ERR,ERR,ERR,ERR,ERR,ERR,ERR,ERR,ERR,ERR,ERR,ERR,ERR,0.0,-107615328.0,0.0,0.0,0.0,1.3936040501711995e+18,7.805,0.0,0,0,4,0,7300,-0.0,0,0.0,0.0,0.0,0.0,0.0,0,0,0,0,0.0,0,0,0,0,0,0,0,0,0,0,0,0,0,0,0,0,0,0,0,0,0,0,0,0,0,0,0,0,0,0,0,0,0,32,30,30,62,65476,0,300,0,0,8,21553,0.0,-107605600.0,0.0,0.0,0.0,0.0,0.0,0.0,0.0,0.0,0.0,0.0,0.0,0.0,0.0,0.0,0.0,0.0,0.0,0.0,0.0,0.0,2.004,0.0,-0.0,-2.004,0.0,0.0,0.0,0.0,5377.0,-2.4229913632967957e+24,6973.0,0.0,-107615328.0,-107615280.0,-0.0,0.0,0.0,0.0,0.0,63,71.63,0.0,0.0,0.0,0.0,0.0,0.0,0.0,0.0,0,0,0,0.0,0.0,0.0,0.0,0.0,0.0,0.0,0.0,0.0,0.0,0.0,0.0,0.0,0.0,0.0,0.0,0,-107875648.0,63,0.0,126,2.7184242562605685e+23,-0.0,ERR,ERR,ERR,ERR,ERR,ERR,ERR,ERR,ERR,ERR,ERR,ERR,ERR,ERR,ERR,ERR,ERR,ERR,ERR,ERR,ERR,ERR,ERR,ERR,ERR,ERR,ERR,ERR,ERR,ERR,ERR,ERR,ERR,ERR,ERR,ERR,ERR,ERR,ERR,ERR,ERR,ERR,ERR,ERR,ERR,ERR,ERR,ERR,ERR,ERR,ERR,ERR,ERR,ERR,ERR,ERR,ERR,ERR,ERR,ERR,ERR,ERR,ERR,ERR,ERR,ERR,ERR,34.0,80.0,35,0.0,0.0,0.0,0.0,0.0,0.0,0.0,0.0,0.0,0.0,0.0,0.0,0.0,0.0,0.0,0.0,64.8,0,116,56,50,65476,0,300,0,0,8,20529,65476,0,0,57672,80.0,0.0,0.0,0.0,0.0,0.0
2026-06-17T04:29:25,ERR,ERR,ERR,ERR,ERR,ERR,ERR,ERR,ERR,ERR,ERR,ERR,ERR,ERR,ERR,ERR,ERR,ERR,ERR,ERR,ERR,ERR,ERR,ERR,ERR,ERR,ERR,ERR,ERR,ERR,ERR,ERR,ERR,ERR,ERR,ERR,ERR,ERR,ERR,ERR,ERR,ERR,ERR,ERR,ERR,ERR,ERR,ERR,ERR,ERR,ERR,ERR,ERR,ERR,ERR,ERR,ERR,ERR,ERR,ERR,ERR,ERR,ERR,ERR,ERR,ERR,ERR,ERR,ERR,ERR,ERR,ERR,ERR,ERR,ERR,ERR,ERR,ERR,ERR,ERR,ERR,ERR,ERR,ERR,ERR,ERR,ERR,ERR,ERR,ERR,ERR,ERR,ERR,ERR,ERR,ERR,ERR,ERR,ERR,ERR,ERR,ERR,ERR,ERR,ERR,ERR,ERR,ERR,ERR,ERR,ERR,ERR,ERR,ERR,ERR,ERR,ERR,ERR,ERR,ERR,ERR,ERR,ERR,ERR,ERR,0.0,-107615328.0,0.0,0.0,0.0,1.3936040501711995e+18,7.805,0.0,0,0,4,0,7300,-0.0,0,0.0,0.0,0.0,0.0,0.0,0,0,0,0,0.0,0,0,0,0,0,0,0,0,0,0,0,0,0,0,0,0,0,0,0,0,0,0,0,0,0,0,0,0,0,0,0,0,0,32,30,30,62,65476,0,300,0,0,8,21553,0.0,-107605600.0,0.0,0.0,0.0,0.0,0.0,0.0,0.0,0.0,0.0,0.0,0.0,0.0,0.0,0.0,0.0,0.0,0.0,0.0,0.0,0.0,2.004,0.0,-0.0,-2.004,0.0,0.0,0.0,0.0,5412.0,0.0,6946.0,0.0,-107615328.0,-107615280.0,-0.0,0.0,0.0,0.0,0.0,63,126841077760.0,2.7184202930928964e+23,0.0,0.0,0.0,0.0,0.0,0.0,0.0,0,0,0,0.0,0.0,0.0,0.0,0.0,0.0,0.0,0.0,0.0,0.0,0.0,0.0,0.0,0.0,0.0,0.0,0,-107875648.0,63,0.0,126,2.7184242562605685e+23,-0.0,ERR,ERR,ERR,ERR,ERR,ERR,ERR,ERR,ERR,ERR,ERR,ERR,ERR,ERR,ERR,ERR,ERR,ERR,ERR,ERR,ERR,ERR,ERR,ERR,ERR,ERR,ERR,ERR,ERR,ERR,ERR,ERR,ERR,ERR,ERR,ERR,ERR,ERR,ERR,ERR,ERR,ERR,ERR,ERR,ERR,ERR,ERR,ERR,ERR,ERR,ERR,ERR,ERR,ERR,ERR,ERR,ERR,ERR,ERR,ERR,ERR,ERR,ERR,ERR,ERR,ERR,ERR,34.0,80.0,35,0.0,0.0,0.0,0.0,0.0,0.0,0.0,0.0,0.0,0.0,0.0,0.0,0.0,0.0,0.0,0.0,64.8,0,116,56,50,65476,0,300,0,0,8,20529,65476,0,0,57672,80.0,0.0,0.0,0.0,0.0,0.0
2026-06-17T04:29:26,ERR,ERR,ERR,ERR,ERR,ERR,ERR,ERR,ERR,ERR,ERR,ERR,ERR,ERR,ERR,ERR,ERR,ERR,ERR,ERR,ERR,ERR,ERR,ERR,ERR,ERR,ERR,ERR,ERR,ERR,ERR,ERR,ERR,ERR,ERR,ERR,ERR,ERR,ERR,ERR,ERR,ERR,ERR,ERR,ERR,ERR,ERR,ERR,ERR,ERR,ERR,ERR,ERR,ERR,ERR,ERR,ERR,ERR,ERR,ERR,ERR,ERR,ERR,ERR,ERR,ERR,ERR,ERR,ERR,ERR,ERR,ERR,ERR,ERR,ERR,ERR,ERR,ERR,ERR,ERR,ERR,ERR,ERR,ERR,ERR,ERR,ERR,ERR,ERR,ERR,ERR,ERR,ERR,ERR,ERR,ERR,ERR,ERR,ERR,ERR,ERR,ERR,ERR,ERR,ERR,ERR,ERR,ERR,ERR,ERR,ERR,ERR,ERR,ERR,ERR,ERR,ERR,ERR,ERR,ERR,ERR,ERR,ERR,ERR,ERR,0.0,-107615328.0,0.0,0.0,0.0,1.3936040501711995e+18,7.805,0.0,0,0,4,0,7300,-0.0,0,0.0,0.0,0.0,0.0,0.0,0,0,0,0,0.0,0,0,0,0,0,0,0,0,0,0,0,0,0,0,0,0,0,0,0,0,0,0,0,0,0,0,0,0,0,0,0,0,0,32,30,30,62,65476,0,300,0,0,8,21553,0.0,-107605600.0,0.0,0.0,0.0,0.0,0.0,0.0,0.0,0.0,0.0,0.0,0.0,0.0,0.0,0.0,0.0,0.0,0.0,0.0,0.0,0.0,2.004,0.0,-0.0,-2.004,0.0,0.0,0.0,0.0,5412.0,0.0,6946.0,0.0,-107615328.0,-107615280.0,-0.0,0.0,0.0,0.0,0.0,63,126841077760.0,2.7184202930928964e+23,0.0,0.0,0.0,0.0,0.0,0.0,0.0,0,0,0,0.0,0.0,0.0,0.0,0.0,0.0,0.0,0.0,0.0,0.0,0.0,0.0,0.0,0.0,0.0,0.0,0,-107875648.0,63,0.0,126,2.7184242562605685e+23,-0.0,ERR,ERR,ERR,ERR,ERR,ERR,ERR,ERR,ERR,ERR,ERR,ERR,ERR,ERR,ERR,ERR,ERR,ERR,ERR,ERR,ERR,ERR,ERR,ERR,ERR,ERR,ERR,ERR,ERR,ERR,ERR,ERR,ERR,ERR,ERR,ERR,ERR,ERR,ERR,ERR,ERR,ERR,ERR,ERR,ERR,ERR,ERR,ERR,ERR,ERR,ERR,ERR,ERR,ERR,ERR,ERR,ERR,ERR,ERR,ERR,ERR,ERR,ERR,ERR,ERR,ERR,ERR,34.0,80.0,35,0.0,0.0,0.0,0.0,0.0,0.0,0.0,0.0,0.0,0.0,0.0,0.0,0.0,0.0,0.0,0.0,64.8,0,116,56,50,65476,0,300,0,0,8,20529,65476,0,0,57672,80.0,0.0,0.0,0.0,0.0,0.0
2026-06-17T04:29:27,ERR,ERR,ERR,ERR,ERR,ERR,ERR,ERR,ERR,ERR,ERR,ERR,ERR,ERR,ERR,ERR,ERR,ERR,ERR,ERR,ERR,ERR,ERR,ERR,ERR,ERR,ERR,ERR,ERR,ERR,ERR,ERR,ERR,ERR,ERR,ERR,ERR,ERR,ERR,ERR,ERR,ERR,ERR,ERR,ERR,ERR,ERR,ERR,ERR,ERR,ERR,ERR,ERR,ERR,ERR,ERR,ERR,ERR,ERR,ERR,ERR,ERR,ERR,ERR,ERR,ERR,ERR,ERR,ERR,ERR,ERR,ERR,ERR,ERR,ERR,ERR,ERR,ERR,ERR,ERR,ERR,ERR,ERR,ERR,ERR,ERR,ERR,ERR,ERR,ERR,ERR,ERR,ERR,ERR,ERR,ERR,ERR,ERR,ERR,ERR,ERR,ERR,ERR,ERR,ERR,ERR,ERR,ERR,ERR,ERR,ERR,ERR,ERR,ERR,ERR,ERR,ERR,ERR,ERR,ERR,ERR,ERR,ERR,ERR,ERR,0.0,-107615328.0,0.0,0.0,0.0,1.3936040501711995e+18,7.805,0.0,0,0,4,0,7300,-0.0,0,0.0,0.0,0.0,0.0,0.0,0,0,0,0,0.0,0,0,0,0,0,0,0,0,0,0,0,0,0,0,0,0,0,0,0,0,0,0,0,0,0,0,0,0,0,0,0,0,0,32,30,30,62,65476,0,300,0,0,8,21553,0.0,-107605600.0,0.0,0.0,0.0,0.0,0.0,0.0,0.0,0.0,0.0,0.0,0.0,0.0,0.0,0.0,0.0,0.0,0.0,0.0,0.0,0.0,2.004,0.0,-0.0,-2.004,0.0,0.0,0.0,0.0,5412.0,0.0,6946.0,0.0,-107615328.0,-107615280.0,-0.0,0.0,0.0,0.0,0.0,63,126841077760.0,2.7184202930928964e+23,0.0,0.0,0.0,0.0,0.0,0.0,0.0,0,0,0,0.0,0.0,0.0,0.0,0.0,0.0,0.0,0.0,0.0,0.0,0.0,0.0,0.0,0.0,0.0,0.0,0,-107875648.0,63,0.0,126,2.7184242562605685e+23,-0.0,ERR,ERR,ERR,ERR,ERR,ERR,ERR,ERR,ERR,ERR,ERR,ERR,ERR,ERR,ERR,ERR,ERR,ERR,ERR,ERR,ERR,ERR,ERR,ERR,ERR,ERR,ERR,ERR,ERR,ERR,ERR,ERR,ERR,ERR,ERR,ERR,ERR,ERR,ERR,ERR,ERR,ERR,ERR,ERR,ERR,ERR,ERR,ERR,ERR,ERR,ERR,ERR,ERR,ERR,ERR,ERR,ERR,ERR,ERR,ERR,ERR,ERR,ERR,ERR,ERR,ERR,ERR,34.0,80.0,35,0.0,0.0,0.0,0.0,0.0,0.0,0.0,0.0,0.0,0.0,0.0,0.0,0.0,0.0,0.0,0.0,64.4,0,116,56,50,65476,0,300,0,0,8,20529,65476,0,0,57672,80.0,0.0,0.0,0.0,0.0,0.0
2026-06-17T04:29:28,ERR,ERR,ERR,ERR,ERR,ERR,ERR,ERR,ERR,ERR,ERR,ERR,ERR,ERR,ERR,ERR,ERR,ERR,ERR,ERR,ERR,ERR,ERR,ERR,ERR,ERR,ERR,ERR,ERR,ERR,ERR,ERR,ERR,ERR,ERR,ERR,ERR,ERR,ERR,ERR,ERR,ERR,ERR,ERR,ERR,ERR,ERR,ERR,ERR,ERR,ERR,ERR,ERR,ERR,ERR,ERR,ERR,ERR,ERR,ERR,ERR,ERR,ERR,ERR,ERR,ERR,ERR,ERR,ERR,ERR,ERR,ERR,ERR,ERR,ERR,ERR,ERR,ERR,ERR,ERR,ERR,ERR,ERR,ERR,ERR,ERR,ERR,ERR,ERR,ERR,ERR,ERR,ERR,ERR,ERR,ERR,ERR,ERR,ERR,ERR,ERR,ERR,ERR,ERR,ERR,ERR,ERR,ERR,ERR,ERR,ERR,ERR,ERR,ERR,ERR,ERR,ERR,ERR,ERR,ERR,ERR,ERR,ERR,ERR,ERR,0.0,-107615328.0,0.0,0.0,0.0,1.3936040501711995e+18,7.805,0.0,0,0,4,0,7300,-0.0,0,0.0,0.0,0.0,0.0,0.0,0,0,0,0,0.0,0,0,0,0,0,0,0,0,0,0,0,0,0,0,0,0,0,0,0,0,0,0,0,0,0,0,0,0,0,0,0,0,0,32,30,30,62,65476,0,300,0,0,8,21553,0.0,-107605600.0,0.0,0.0,0.0,0.0,0.0,0.0,0.0,0.0,0.0,0.0,0.0,0.0,0.0,0.0,0.0,0.0,0.0,0.0,0.0,0.0,2.004,0.0,-0.0,-2.004,0.0,0.0,0.0,0.0,5412.0,0.0,6946.0,0.0,-107615328.0,-107615280.0,-0.0,0.0,0.0,0.0,0.0,63,126841077760.0,2.7184202930928964e+23,0.0,0.0,0.0,0.0,0.0,0.0,0.0,0,0,0,0.0,0.0,0.0,0.0,0.0,0.0,0.0,0.0,0.0,0.0,0.0,0.0,0.0,0.0,0.0,0.0,0,-107875648.0,63,0.0,126,2.7184242562605685e+23,-0.0,ERR,ERR,ERR,ERR,ERR,ERR,ERR,ERR,ERR,ERR,ERR,ERR,ERR,ERR,ERR,ERR,ERR,ERR,ERR,ERR,ERR,ERR,ERR,ERR,ERR,ERR,ERR,ERR,ERR,ERR,ERR,ERR,ERR,ERR,ERR,ERR,ERR,ERR,ERR,ERR,ERR,ERR,ERR,ERR,ERR,ERR,ERR,ERR,ERR,ERR,ERR,ERR,ERR,ERR,ERR,ERR,ERR,ERR,ERR,ERR,ERR,ERR,ERR,ERR,ERR,ERR,ERR,34.0,80.0,35,0.0,0.0,0.0,0.0,0.0,0.0,0.0,0.0,0.0,0.0,0.0,0.0,0.0,0.0,0.0,0.0,64.4,0,116,56,50,65476,0,300,0,0,8,20529,65476,0,0,57672,80.0,0.0,0.0,0.0,0.0,0.0
2026-06-17T04:29:29,ERR,ERR,ERR,ERR,ERR,ERR,ERR,ERR,ERR,ERR,ERR,ERR,ERR,ERR,ERR,ERR,ERR,ERR,ERR,ERR,ERR,ERR,ERR,ERR,ERR,ERR,ERR,ERR,ERR,ERR,ERR,ERR,ERR,ERR,ERR,ERR,ERR,ERR,ERR,ERR,ERR,ERR,ERR,ERR,ERR,ERR,ERR,ERR,ERR,ERR,ERR,ERR,ERR,ERR,ERR,ERR,ERR,ERR,ERR,ERR,ERR,ERR,ERR,ERR,ERR,ERR,ERR,ERR,ERR,ERR,ERR,ERR,ERR,ERR,ERR,ERR,ERR,ERR,ERR,ERR,ERR,ERR,ERR,ERR,ERR,ERR,ERR,ERR,ERR,ERR,ERR,ERR,ERR,ERR,ERR,ERR,ERR,ERR,ERR,ERR,ERR,ERR,ERR,ERR,ERR,ERR,ERR,ERR,ERR,ERR,ERR,ERR,ERR,ERR,ERR,ERR,ERR,ERR,ERR,ERR,ERR,ERR,ERR,ERR,ERR,0.0,-107615328.0,0.0,0.0,0.0,1.3936040501711995e+18,7.805,0.0,0,0,4,0,7300,-0.0,0,0.0,0.0,0.0,0.0,0.0,0,0,0,0,0.0,0,0,0,0,0,0,0,0,0,0,0,0,0,0,0,0,0,0,0,0,0,0,0,0,0,0,0,0,0,0,0,0,0,32,30,30,62,65476,0,300,0,0,8,21553,0.0,-107605600.0,0.0,0.0,0.0,0.0,0.0,0.0,0.0,0.0,0.0,0.0,0.0,0.0,0.0,0.0,0.0,0.0,0.0,0.0,0.0,0.0,2.004,0.0,-0.0,-2.004,0.0,0.0,0.0,0.0,5412.0,0.0,6946.0,0.0,-107615328.0,-107615280.0,-0.0,0.0,0.0,0.0,0.0,63,126841077760.0,2.7184202930928964e+23,0.0,0.0,0.0,0.0,0.0,0.0,0.0,0,0,0,0.0,0.0,0.0,0.0,0.0,0.0,0.0,0.0,0.0,0.0,0.0,0.0,0.0,0.0,0.0,0.0,0,-107875648.0,63,0.0,126,2.7184242562605685e+23,-0.0,ERR,ERR,ERR,ERR,ERR,ERR,ERR,ERR,ERR,ERR,ERR,ERR,ERR,ERR,ERR,ERR,ERR,ERR,ERR,ERR,ERR,ERR,ERR,ERR,ERR,ERR,ERR,ERR,ERR,ERR,ERR,ERR,ERR,ERR,ERR,ERR,ERR,ERR,ERR,ERR,ERR,ERR,ERR,ERR,ERR,ERR,ERR,ERR,ERR,ERR,ERR,ERR,ERR,ERR,ERR,ERR,ERR,ERR,ERR,ERR,ERR,ERR,ERR,ERR,ERR,ERR,ERR,34.0,80.0,35,0.0,0.0,0.0,0.0,0.0,0.0,0.0,0.0,0.0,0.0,0.0,0.0,0.0,0.0,0.0,0.0,64.8,0,116,56,50,65476,0,300,0,0,8,20529,65476,0,0,57672,80.0,0.0,0.0,0.0,0.0,0.0
2026-06-17T04:29:30,ERR,ERR,ERR,ERR,ERR,ERR,ERR,ERR,ERR,ERR,ERR,ERR,ERR,ERR,ERR,ERR,ERR,ERR,ERR,ERR,ERR,ERR,ERR,ERR,ERR,ERR,ERR,ERR,ERR,ERR,ERR,ERR,ERR,ERR,ERR,ERR,ERR,ERR,ERR,ERR,ERR,ERR,ERR,ERR,ERR,ERR,ERR,ERR,ERR,ERR,ERR,ERR,ERR,ERR,ERR,ERR,ERR,ERR,ERR,ERR,ERR,ERR,ERR,ERR,ERR,ERR,ERR,ERR,ERR,ERR,ERR,ERR,ERR,ERR,ERR,ERR,ERR,ERR,ERR,ERR,ERR,ERR,ERR,ERR,ERR,ERR,ERR,ERR,ERR,ERR,ERR,ERR,ERR,ERR,ERR,ERR,ERR,ERR,ERR,ERR,ERR,ERR,ERR,ERR,ERR,ERR,ERR,ERR,ERR,ERR,ERR,ERR,ERR,ERR,ERR,ERR,ERR,ERR,ERR,ERR,ERR,ERR,ERR,ERR,ERR,0.0,-107615328.0,0.0,0.0,0.0,1.3936040501711995e+18,7.805,0.0,0,0,4,0,7300,-0.0,0,0.0,0.0,0.0,0.0,0.0,0,0,0,0,0.0,0,0,0,0,0,0,0,0,0,0,0,0,0,0,0,0,0,0,0,0,0,0,0,0,0,0,0,0,0,0,0,0,0,32,30,30,62,65476,0,300,0,0,8,21553,0.0,-107605600.0,0.0,0.0,0.0,0.0,0.0,0.0,0.0,0.0,0.0,0.0,0.0,0.0,0.0,0.0,0.0,0.0,0.0,0.0,0.0,0.0,2.004,0.0,-0.0,-2.004,0.0,0.0,0.0,0.0,5409.0,0.0,6951.0,0.0,-107615328.0,-107615280.0,-0.0,0.0,0.0,0.0,0.0,63,107615312.0,-0.0,0.0,0.0,0.0,0.0,0.0,0.0,0.0,0,0,0,0.0,0.0,0.0,0.0,0.0,0.0,0.0,0.0,0.0,0.0,0.0,0.0,0.0,0.0,0.0,0.0,0,-107875648.0,63,0.0,126,2.7184242562605685e+23,-0.0,ERR,ERR,ERR,ERR,ERR,ERR,ERR,ERR,ERR,ERR,ERR,ERR,ERR,ERR,ERR,ERR,ERR,ERR,ERR,ERR,ERR,ERR,ERR,ERR,ERR,ERR,ERR,ERR,ERR,ERR,ERR,ERR,ERR,ERR,ERR,ERR,ERR,ERR,ERR,ERR,ERR,ERR,ERR,ERR,ERR,ERR,ERR,ERR,ERR,ERR,ERR,ERR,ERR,ERR,ERR,ERR,ERR,ERR,ERR,ERR,ERR,ERR,ERR,ERR,ERR,ERR,ERR,34.0,80.0,35,0.0,0.0,0.0,0.0,0.0,0.0,0.0,0.0,0.0,0.0,0.0,0.0,0.0,0.0,0.0,0.0,64.8,0,116,56,50,65476,0,300,0,0,8,20529,65476,0,0,57672,80.0,0.0,0.0,0.0,0.0,0.0
2026-06-17T04:29:31,ERR,ERR,ERR,ERR,ERR,ERR,ERR,ERR,ERR,ERR,ERR,ERR,ERR,ERR,ERR,ERR,ERR,ERR,ERR,ERR,ERR,ERR,ERR,ERR,ERR,ERR,ERR,ERR,ERR,ERR,ERR,ERR,ERR,ERR,ERR,ERR,ERR,ERR,ERR,ERR,ERR,ERR,ERR,ERR,ERR,ERR,ERR,ERR,ERR,ERR,ERR,ERR,ERR,ERR,ERR,ERR,ERR,ERR,ERR,ERR,ERR,ERR,ERR,ERR,ERR,ERR,ERR,ERR,ERR,ERR,ERR,ERR,ERR,ERR,ERR,ERR,ERR,ERR,ERR,ERR,ERR,ERR,ERR,ERR,ERR,ERR,ERR,ERR,ERR,ERR,ERR,ERR,ERR,ERR,ERR,ERR,ERR,ERR,ERR,ERR,ERR,ERR,ERR,ERR,ERR,ERR,ERR,ERR,ERR,ERR,ERR,ERR,ERR,ERR,ERR,ERR,ERR,ERR,ERR,ERR,ERR,ERR,ERR,ERR,ERR,0.0,-107615328.0,0.0,0.0,0.0,1.3936040501711995e+18,7.805,0.0,0,0,4,0,7300,-0.0,0,0.0,0.0,0.0,0.0,0.0,0,0,0,0,0.0,0,0,0,0,0,0,0,0,0,0,0,0,0,0,0,0,0,0,0,0,0,0,0,0,0,0,0,0,0,0,0,0,0,32,30,30,62,65476,0,300,0,0,8,21553,0.0,-107605600.0,0.0,0.0,0.0,0.0,0.0,0.0,0.0,0.0,0.0,0.0,0.0,0.0,0.0,0.0,0.0,0.0,0.0,0.0,0.0,0.0,2.004,0.0,-0.0,-2.004,0.0,0.0,0.0,0.0,5409.0,0.0,6951.0,0.0,-107615328.0,-107615280.0,-0.0,0.0,0.0,0.0,0.0,63,107615312.0,-0.0,0.0,0.0,0.0,0.0,0.0,0.0,0.0,0,0,0,0.0,0.0,0.0,0.0,0.0,0.0,0.0,0.0,0.0,0.0,0.0,0.0,0.0,0.0,0.0,0.0,0,-107875648.0,63,0.0,126,2.7184242562605685e+23,-0.0,ERR,ERR,ERR,ERR,ERR,ERR,ERR,ERR,ERR,ERR,ERR,ERR,ERR,ERR,ERR,ERR,ERR,ERR,ERR,ERR,ERR,ERR,ERR,ERR,ERR,ERR,ERR,ERR,ERR,ERR,ERR,ERR,ERR,ERR,ERR,ERR,ERR,ERR,ERR,ERR,ERR,ERR,ERR,ERR,ERR,ERR,ERR,ERR,ERR,ERR,ERR,ERR,ERR,ERR,ERR,ERR,ERR,ERR,ERR,ERR,ERR,ERR,ERR,ERR,ERR,ERR,ERR,34.0,80.0,35,0.0,0.0,0.0,0.0,0.0,0.0,0.0,0.0,0.0,0.0,0.0,0.0,0.0,0.0,0.0,0.0,64.4,0,116,56,50,65476,0,300,0,0,8,20529,65476,0,0,57672,80.0,0.0,0.0,0.0,0.0,0.0
2026-06-17T04:29:32,ERR,ERR,ERR,ERR,ERR,ERR,ERR,ERR,ERR,ERR,ERR,ERR,ERR,ERR,ERR,ERR,ERR,ERR,ERR,ERR,ERR,ERR,ERR,ERR,ERR,ERR,ERR,ERR,ERR,ERR,ERR,ERR,ERR,ERR,ERR,ERR,ERR,ERR,ERR,ERR,ERR,ERR,ERR,ERR,ERR,ERR,ERR,ERR,ERR,ERR,ERR,ERR,ERR,ERR,ERR,ERR,ERR,ERR,ERR,ERR,ERR,ERR,ERR,ERR,ERR,ERR,ERR,ERR,ERR,ERR,ERR,ERR,ERR,ERR,ERR,ERR,ERR,ERR,ERR,ERR,ERR,ERR,ERR,ERR,ERR,ERR,ERR,ERR,ERR,ERR,ERR,ERR,ERR,ERR,ERR,ERR,ERR,ERR,ERR,ERR,ERR,ERR,ERR,ERR,ERR,ERR,ERR,ERR,ERR,ERR,ERR,ERR,ERR,ERR,ERR,ERR,ERR,ERR,ERR,ERR,ERR,ERR,ERR,ERR,ERR,0.0,-107615328.0,0.0,0.0,0.0,1.3936040501711995e+18,7.805,0.0,0,0,4,0,7300,-0.0,0,0.0,0.0,0.0,0.0,0.0,0,0,0,0,0.0,0,0,0,0,0,0,0,0,0,0,0,0,0,0,0,0,0,0,0,0,0,0,0,0,0,0,0,0,0,0,0,0,0,32,30,30,62,65476,0,300,0,0,8,21553,0.0,-107605600.0,0.0,0.0,0.0,0.0,0.0,0.0,0.0,0.0,0.0,0.0,0.0,0.0,0.0,0.0,0.0,0.0,0.0,0.0,0.0,0.0,2.004,0.0,-0.0,-2.004,0.0,0.0,0.0,0.0,5409.0,0.0,6951.0,0.0,-107615328.0,-107615280.0,-0.0,0.0,0.0,0.0,0.0,63,107615312.0,-0.0,0.0,0.0,0.0,0.0,0.0,0.0,0.0,0,0,0,0.0,0.0,0.0,0.0,0.0,0.0,0.0,0.0,0.0,0.0,0.0,0.0,0.0,0.0,0.0,0.0,0,-107875648.0,63,0.0,126,2.7184242562605685e+23,-0.0,ERR,ERR,ERR,ERR,ERR,ERR,ERR,ERR,ERR,ERR,ERR,ERR,ERR,ERR,ERR,ERR,ERR,ERR,ERR,ERR,ERR,ERR,ERR,ERR,ERR,ERR,ERR,ERR,ERR,ERR,ERR,ERR,ERR,ERR,ERR,ERR,ERR,ERR,ERR,ERR,ERR,ERR,ERR,ERR,ERR,ERR,ERR,ERR,ERR,ERR,ERR,ERR,ERR,ERR,ERR,ERR,ERR,ERR,ERR,ERR,ERR,ERR,ERR,ERR,ERR,ERR,ERR,34.0,80.0,35,0.0,0.0,0.0,0.0,0.0,0.0,0.0,0.0,0.0,0.0,0.0,0.0,0.0,0.0,0.0,0.0,64.4,0,116,56,50,65476,0,300,0,0,8,20529,65476,0,0,57672,80.0,0.0,0.0,0.0,0.0,0.0
2026-06-17T04:29:33,ERR,ERR,ERR,ERR,ERR,ERR,ERR,ERR,ERR,ERR,ERR,ERR,ERR,ERR,ERR,ERR,ERR,ERR,ERR,ERR,ERR,ERR,ERR,ERR,ERR,ERR,ERR,ERR,ERR,ERR,ERR,ERR,ERR,ERR,ERR,ERR,ERR,ERR,ERR,ERR,ERR,ERR,ERR,ERR,ERR,ERR,ERR,ERR,ERR,ERR,ERR,ERR,ERR,ERR,ERR,ERR,ERR,ERR,ERR,ERR,ERR,ERR,ERR,ERR,ERR,ERR,ERR,ERR,ERR,ERR,ERR,ERR,ERR,ERR,ERR,ERR,ERR,ERR,ERR,ERR,ERR,ERR,ERR,ERR,ERR,ERR,ERR,ERR,ERR,ERR,ERR,ERR,ERR,ERR,ERR,ERR,ERR,ERR,ERR,ERR,ERR,ERR,ERR,ERR,ERR,ERR,ERR,ERR,ERR,ERR,ERR,ERR,ERR,ERR,ERR,ERR,ERR,ERR,ERR,ERR,ERR,ERR,ERR,ERR,ERR,0.0,-107615328.0,0.0,0.0,0.0,1.3936040501711995e+18,7.805,0.0,0,0,4,0,7300,-0.0,0,0.0,0.0,0.0,0.0,0.0,0,0,0,0,0.0,0,0,0,0,0,0,0,0,0,0,0,0,0,0,0,0,0,0,0,0,0,0,0,0,0,0,0,0,0,0,0,0,0,32,30,30,62,65476,0,300,0,0,8,21553,0.0,-107605600.0,0.0,0.0,0.0,0.0,0.0,0.0,0.0,0.0,0.0,0.0,0.0,0.0,0.0,0.0,0.0,0.0,0.0,0.0,0.0,0.0,2.004,0.0,-0.0,-2.004,0.0,0.0,0.0,0.0,5409.0,0.0,6951.0,0.0,-107615328.0,-107615280.0,-0.0,0.0,0.0,0.0,0.0,63,107615312.0,-0.0,0.0,0.0,0.0,0.0,0.0,0.0,0.0,0,0,0,0.0,0.0,0.0,0.0,0.0,0.0,0.0,0.0,0.0,0.0,0.0,0.0,0.0,0.0,0.0,0.0,0,-107875648.0,63,0.0,126,2.7184242562605685e+23,-0.0,ERR,ERR,ERR,ERR,ERR,ERR,ERR,ERR,ERR,ERR,ERR,ERR,ERR,ERR,ERR,ERR,ERR,ERR,ERR,ERR,ERR,ERR,ERR,ERR,ERR,ERR,ERR,ERR,ERR,ERR,ERR,ERR,ERR,ERR,ERR,ERR,ERR,ERR,ERR,ERR,ERR,ERR,ERR,ERR,ERR,ERR,ERR,ERR,ERR,ERR,ERR,ERR,ERR,ERR,ERR,ERR,ERR,ERR,ERR,ERR,ERR,ERR,ERR,ERR,ERR,ERR,ERR,34.0,80.0,35,0.0,0.0,0.0,0.0,0.0,0.0,0.0,0.0,0.0,0.0,0.0,0.0,0.0,0.0,0.0,0.0,64.4,0,116,56,50,65476,0,300,0,0,8,20529,65476,0,0,57672,80.0,0.0,0.0,0.0,0.0,0.0
2026-06-17T04:29:34,ERR,ERR,ERR,ERR,ERR,ERR,ERR,ERR,ERR,ERR,ERR,ERR,ERR,ERR,ERR,ERR,ERR,ERR,ERR,ERR,ERR,ERR,ERR,ERR,ERR,ERR,ERR,ERR,ERR,ERR,ERR,ERR,ERR,ERR,ERR,ERR,ERR,ERR,ERR,ERR,ERR,ERR,ERR,ERR,ERR,ERR,ERR,ERR,ERR,ERR,ERR,ERR,ERR,ERR,ERR,ERR,ERR,ERR,ERR,ERR,ERR,ERR,ERR,ERR,ERR,ERR,ERR,ERR,ERR,ERR,ERR,ERR,ERR,ERR,ERR,ERR,ERR,ERR,ERR,ERR,ERR,ERR,ERR,ERR,ERR,ERR,ERR,ERR,ERR,ERR,ERR,ERR,ERR,ERR,ERR,ERR,ERR,ERR,ERR,ERR,ERR,ERR,ERR,ERR,ERR,ERR,ERR,ERR,ERR,ERR,ERR,ERR,ERR,ERR,ERR,ERR,ERR,ERR,ERR,ERR,ERR,ERR,ERR,ERR,ERR,0.0,-107615328.0,0.0,0.0,0.0,1.3936040501711995e+18,7.805,0.0,0,0,4,0,7300,-0.0,0,0.0,0.0,0.0,0.0,0.0,0,0,0,0,0.0,0,0,0,0,0,0,0,0,0,0,0,0,0,0,0,0,0,0,0,0,0,0,0,0,0,0,0,0,0,0,0,0,0,32,30,30,62,65476,0,300,0,0,8,21553,0.0,-107605600.0,0.0,0.0,0.0,0.0,0.0,0.0,0.0,0.0,0.0,0.0,0.0,0.0,0.0,0.0,0.0,0.0,0.0,0.0,0.0,0.0,2.004,0.0,-0.0,-2.004,0.0,0.0,0.0,0.0,5409.0,0.0,6951.0,0.0,-107615328.0,-107615280.0,-0.0,0.0,0.0,0.0,0.0,63,107615312.0,-0.0,0.0,0.0,0.0,0.0,0.0,0.0,0.0,0,0,0,0.0,0.0,0.0,0.0,0.0,0.0,0.0,0.0,0.0,0.0,0.0,0.0,0.0,0.0,0.0,0.0,0,-107875648.0,63,0.0,126,2.7184242562605685e+23,-0.0,ERR,ERR,ERR,ERR,ERR,ERR,ERR,ERR,ERR,ERR,ERR,ERR,ERR,ERR,ERR,ERR,ERR,ERR,ERR,ERR,ERR,ERR,ERR,ERR,ERR,ERR,ERR,ERR,ERR,ERR,ERR,ERR,ERR,ERR,ERR,ERR,ERR,ERR,ERR,ERR,ERR,ERR,ERR,ERR,ERR,ERR,ERR,ERR,ERR,ERR,ERR,ERR,ERR,ERR,ERR,ERR,ERR,ERR,ERR,ERR,ERR,ERR,ERR,ERR,ERR,ERR,ERR,34.0,80.0,35,0.0,0.0,0.0,0.0,0.0,0.0,0.0,0.0,0.0,0.0,0.0,0.0,0.0,0.0,0.0,0.0,64.4,0,116,56,50,65476,0,300,0,0,8,20529,65476,0,0,57672,80.0,0.0,0.0,0.0,0.0,0.0
2026-06-17T04:29:35,ERR,ERR,ERR,ERR,ERR,ERR,ERR,ERR,ERR,ERR,ERR,ERR,ERR,ERR,ERR,ERR,ERR,ERR,ERR,ERR,ERR,ERR,ERR,ERR,ERR,ERR,ERR,ERR,ERR,ERR,ERR,ERR,ERR,ERR,ERR,ERR,ERR,ERR,ERR,ERR,ERR,ERR,ERR,ERR,ERR,ERR,ERR,ERR,ERR,ERR,ERR,ERR,ERR,ERR,ERR,ERR,ERR,ERR,ERR,ERR,ERR,ERR,ERR,ERR,ERR,ERR,ERR,ERR,ERR,ERR,ERR,ERR,ERR,ERR,ERR,ERR,ERR,ERR,ERR,ERR,ERR,ERR,ERR,ERR,ERR,ERR,ERR,ERR,ERR,ERR,ERR,ERR,ERR,ERR,ERR,ERR,ERR,ERR,ERR,ERR,ERR,ERR,ERR,ERR,ERR,ERR,ERR,ERR,ERR,ERR,ERR,ERR,ERR,ERR,ERR,ERR,ERR,ERR,ERR,ERR,ERR,ERR,ERR,ERR,ERR,0.0,-107615328.0,0.0,0.0,0.0,1.3936040501711995e+18,7.805,0.0,0,0,4,0,7300,-0.0,0,0.0,0.0,0.0,0.0,0.0,0,0,0,0,0.0,0,0,0,0,0,0,0,0,0,0,0,0,0,0,0,0,0,0,0,0,0,0,0,0,0,0,0,0,0,0,0,0,0,32,30,30,62,65476,0,300,0,0,8,21553,0.0,-107605600.0,0.0,0.0,0.0,0.0,0.0,0.0,0.0,0.0,0.0,0.0,0.0,0.0,0.0,0.0,0.0,0.0,0.0,0.0,0.0,0.0,2.004,0.0,-0.0,-2.004,0.0,0.0,0.0,0.0,5409.0,0.0,6951.0,0.0,-107615328.0,-107615280.0,-0.0,0.0,0.0,0.0,0.0,63,107615312.0,-0.0,0.0,0.0,0.0,0.0,0.0,0.0,0.0,0,0,0,0.0,0.0,0.0,0.0,0.0,0.0,0.0,0.0,0.0,0.0,0.0,0.0,0.0,0.0,0.0,0.0,0,-107875648.0,63,0.0,126,2.7184242562605685e+23,-0.0,ERR,ERR,ERR,ERR,ERR,ERR,ERR,ERR,ERR,ERR,ERR,ERR,ERR,ERR,ERR,ERR,ERR,ERR,ERR,ERR,ERR,ERR,ERR,ERR,ERR,ERR,ERR,ERR,ERR,ERR,ERR,ERR,ERR,ERR,ERR,ERR,ERR,ERR,ERR,ERR,ERR,ERR,ERR,ERR,ERR,ERR,ERR,ERR,ERR,ERR,ERR,ERR,ERR,ERR,ERR,ERR,ERR,ERR,ERR,ERR,ERR,ERR,ERR,ERR,ERR,ERR,ERR,34.0,80.0,35,0.0,0.0,0.0,0.0,0.0,0.0,0.0,0.0,0.0,0.0,0.0,0.0,0.0,0.0,0.0,0.0,64.4,0,116,56,50,65476,0,300,0,0,8,20529,65476,0,0,57672,80.0,0.0,0.0,0.0,0.0,0.0
2026-06-17T04:29:36,ERR,ERR,ERR,ERR,ERR,ERR,ERR,ERR,ERR,ERR,ERR,ERR,ERR,ERR,ERR,ERR,ERR,ERR,ERR,ERR,ERR,ERR,ERR,ERR,ERR,ERR,ERR,ERR,ERR,ERR,ERR,ERR,ERR,ERR,ERR,ERR,ERR,ERR,ERR,ERR,ERR,ERR,ERR,ERR,ERR,ERR,ERR,ERR,ERR,ERR,ERR,ERR,ERR,ERR,ERR,ERR,ERR,ERR,ERR,ERR,ERR,ERR,ERR,ERR,ERR,ERR,ERR,ERR,ERR,ERR,ERR,ERR,ERR,ERR,ERR,ERR,ERR,ERR,ERR,ERR,ERR,ERR,ERR,ERR,ERR,ERR,ERR,ERR,ERR,ERR,ERR,ERR,ERR,ERR,ERR,ERR,ERR,ERR,ERR,ERR,ERR,ERR,ERR,ERR,ERR,ERR,ERR,ERR,ERR,ERR,ERR,ERR,ERR,ERR,ERR,ERR,ERR,ERR,ERR,ERR,ERR,ERR,ERR,ERR,ERR,0.0,-107615328.0,0.0,0.0,0.0,1.3936040501711995e+18,7.805,0.0,0,0,4,0,7300,-0.0,0,0.0,0.0,0.0,0.0,0.0,0,0,0,0,0.0,0,0,0,0,0,0,0,0,0,0,0,0,0,0,0,0,0,0,0,0,0,0,0,0,0,0,0,0,0,0,0,0,0,32,30,30,62,65476,0,300,0,0,8,21553,0.0,-107605600.0,0.0,0.0,0.0,0.0,0.0,0.0,0.0,0.0,0.0,0.0,0.0,0.0,0.0,0.0,0.0,0.0,0.0,0.0,0.0,0.0,2.004,0.0,-0.0,-2.004,0.0,0.0,0.0,0.0,5410.0,131350.641,6953.0,0.0,-107615328.0,-107615280.0,-0.0,0.0,0.0,0.0,0.0,63,107615312.0,-107614912.0,0.0,0.0,0.0,0.0,0.0,0.0,0.0,0,0,0,0.0,0.0,0.0,0.0,0.0,0.0,0.0,0.0,0.0,0.0,0.0,0.0,0.0,0.0,0.0,0.0,0,-107875648.0,63,0.0,126,2.7184242562605685e+23,-0.0,ERR,ERR,ERR,ERR,ERR,ERR,ERR,ERR,ERR,ERR,ERR,ERR,ERR,ERR,ERR,ERR,ERR,ERR,ERR,ERR,ERR,ERR,ERR,ERR,ERR,ERR,ERR,ERR,ERR,ERR,ERR,ERR,ERR,ERR,ERR,ERR,ERR,ERR,ERR,ERR,ERR,ERR,ERR,ERR,ERR,ERR,ERR,ERR,ERR,ERR,ERR,ERR,ERR,ERR,ERR,ERR,ERR,ERR,ERR,ERR,ERR,ERR,ERR,ERR,ERR,ERR,ERR,34.0,80.0,35,0.0,0.0,0.0,0.0,0.0,0.0,0.0,0.0,0.0,0.0,0.0,0.0,0.0,0.0,0.0,0.0,64.4,0,116,56,50,65476,0,300,0,0,8,20529,65476,0,0,57672,80.0,0.0,0.0,0.0,0.0,0.0
2026-06-17T04:29:37,ERR,ERR,ERR,ERR,ERR,ERR,ERR,ERR,ERR,ERR,ERR,ERR,ERR,ERR,ERR,ERR,ERR,ERR,ERR,ERR,ERR,ERR,ERR,ERR,ERR,ERR,ERR,ERR,ERR,ERR,ERR,ERR,ERR,ERR,ERR,ERR,ERR,ERR,ERR,ERR,ERR,ERR,ERR,ERR,ERR,ERR,ERR,ERR,ERR,ERR,ERR,ERR,ERR,ERR,ERR,ERR,ERR,ERR,ERR,ERR,ERR,ERR,ERR,ERR,ERR,ERR,ERR,ERR,ERR,ERR,ERR,ERR,ERR,ERR,ERR,ERR,ERR,ERR,ERR,ERR,ERR,ERR,ERR,ERR,ERR,ERR,ERR,ERR,ERR,ERR,ERR,ERR,ERR,ERR,ERR,ERR,ERR,ERR,ERR,ERR,ERR,ERR,ERR,ERR,ERR,ERR,ERR,ERR,ERR,ERR,ERR,ERR,ERR,ERR,ERR,ERR,ERR,ERR,ERR,ERR,ERR,ERR,ERR,ERR,ERR,0.0,-107615328.0,0.0,0.0,0.0,1.3936040501711995e+18,7.805,0.0,0,0,4,0,7300,-0.0,0,0.0,0.0,0.0,0.0,0.0,0,0,0,0,0.0,0,0,0,0,0,0,0,0,0,0,0,0,0,0,0,0,0,0,0,0,0,0,0,0,0,0,0,0,0,0,0,0,0,32,30,30,62,65476,0,300,0,0,8,21553,0.0,-107605600.0,0.0,0.0,0.0,0.0,0.0,0.0,0.0,0.0,0.0,0.0,0.0,0.0,0.0,0.0,0.0,0.0,0.0,0.0,0.0,0.0,2.004,0.0,-0.0,-2.004,0.0,0.0,0.0,0.0,5410.0,131350.641,6953.0,0.0,-107615328.0,-107615280.0,-0.0,0.0,0.0,0.0,0.0,63,107615312.0,-107614912.0,0.0,0.0,0.0,0.0,0.0,0.0,0.0,0,0,0,0.0,0.0,0.0,0.0,0.0,0.0,0.0,0.0,0.0,0.0,0.0,0.0,0.0,0.0,0.0,0.0,0,-107875648.0,63,0.0,126,2.7184242562605685e+23,-0.0,ERR,ERR,ERR,ERR,ERR,ERR,ERR,ERR,ERR,ERR,ERR,ERR,ERR,ERR,ERR,ERR,ERR,ERR,ERR,ERR,ERR,ERR,ERR,ERR,ERR,ERR,ERR,ERR,ERR,ERR,ERR,ERR,ERR,ERR,ERR,ERR,ERR,ERR,ERR,ERR,ERR,ERR,ERR,ERR,ERR,ERR,ERR,ERR,ERR,ERR,ERR,ERR,ERR,ERR,ERR,ERR,ERR,ERR,ERR,ERR,ERR,ERR,ERR,ERR,ERR,ERR,ERR,34.0,80.0,35,0.0,0.0,0.0,0.0,0.0,0.0,0.0,0.0,0.0,0.0,0.0,0.0,0.0,0.0,0.0,0.0,64.4,0,116,56,50,65476,0,300,0,0,8,20529,65476,0,0,57672,80.0,0.0,0.0,0.0,0.0,0.0
2026-06-17T04:29:38,ERR,ERR,ERR,ERR,ERR,ERR,ERR,ERR,ERR,ERR,ERR,ERR,ERR,ERR,ERR,ERR,ERR,ERR,ERR,ERR,ERR,ERR,ERR,ERR,ERR,ERR,ERR,ERR,ERR,ERR,ERR,ERR,ERR,ERR,ERR,ERR,ERR,ERR,ERR,ERR,ERR,ERR,ERR,ERR,ERR,ERR,ERR,ERR,ERR,ERR,ERR,ERR,ERR,ERR,ERR,ERR,ERR,ERR,ERR,ERR,ERR,ERR,ERR,ERR,ERR,ERR,ERR,ERR,ERR,ERR,ERR,ERR,ERR,ERR,ERR,ERR,ERR,ERR,ERR,ERR,ERR,ERR,ERR,ERR,ERR,ERR,ERR,ERR,ERR,ERR,ERR,ERR,ERR,ERR,ERR,ERR,ERR,ERR,ERR,ERR,ERR,ERR,ERR,ERR,ERR,ERR,ERR,ERR,ERR,ERR,ERR,ERR,ERR,ERR,ERR,ERR,ERR,ERR,ERR,ERR,ERR,ERR,ERR,ERR,ERR,0.0,-107615328.0,0.0,0.0,0.0,1.3936040501711995e+18,7.805,0.0,0,0,4,0,7300,-0.0,0,0.0,0.0,0.0,0.0,0.0,0,0,0,0,0.0,0,0,0,0,0,0,0,0,0,0,0,0,0,0,0,0,0,0,0,0,0,0,0,0,0,0,0,0,0,0,0,0,0,32,30,30,62,65476,0,300,0,0,8,21553,0.0,-107605600.0,0.0,0.0,0.0,0.0,0.0,0.0,0.0,0.0,0.0,0.0,0.0,0.0,0.0,0.0,0.0,0.0,0.0,0.0,0.0,0.0,2.004,0.0,-0.0,-2.004,0.0,0.0,0.0,0.0,5410.0,131350.641,6953.0,0.0,-107615328.0,-107615280.0,-0.0,0.0,0.0,0.0,0.0,63,107615312.0,-107614912.0,0.0,0.0,0.0,0.0,0.0,0.0,0.0,0,0,0,0.0,0.0,0.0,0.0,0.0,0.0,0.0,0.0,0.0,0.0,0.0,0.0,0.0,0.0,0.0,0.0,0,-107875648.0,63,0.0,126,2.7184242562605685e+23,-0.0,ERR,ERR,ERR,ERR,ERR,ERR,ERR,ERR,ERR,ERR,ERR,ERR,ERR,ERR,ERR,ERR,ERR,ERR,ERR,ERR,ERR,ERR,ERR,ERR,ERR,ERR,ERR,ERR,ERR,ERR,ERR,ERR,ERR,ERR,ERR,ERR,ERR,ERR,ERR,ERR,ERR,ERR,ERR,ERR,ERR,ERR,ERR,ERR,ERR,ERR,ERR,ERR,ERR,ERR,ERR,ERR,ERR,ERR,ERR,ERR,ERR,ERR,ERR,ERR,ERR,ERR,ERR,34.0,80.0,35,0.0,0.0,0.0,0.0,0.0,0.0,0.0,0.0,0.0,0.0,0.0,0.0,0.0,0.0,0.0,0.0,64.4,0,116,56,50,65476,0,300,0,0,8,20529,65476,0,0,57672,80.0,0.0,0.0,0.0,0.0,0.0
2026-06-17T04:29:39,ERR,ERR,ERR,ERR,ERR,ERR,ERR,ERR,ERR,ERR,ERR,ERR,ERR,ERR,ERR,ERR,ERR,ERR,ERR,ERR,ERR,ERR,ERR,ERR,ERR,ERR,ERR,ERR,ERR,ERR,ERR,ERR,ERR,ERR,ERR,ERR,ERR,ERR,ERR,ERR,ERR,ERR,ERR,ERR,ERR,ERR,ERR,ERR,ERR,ERR,ERR,ERR,ERR,ERR,ERR,ERR,ERR,ERR,ERR,ERR,ERR,ERR,ERR,ERR,ERR,ERR,ERR,ERR,ERR,ERR,ERR,ERR,ERR,ERR,ERR,ERR,ERR,ERR,ERR,ERR,ERR,ERR,ERR,ERR,ERR,ERR,ERR,ERR,ERR,ERR,ERR,ERR,ERR,ERR,ERR,ERR,ERR,ERR,ERR,ERR,ERR,ERR,ERR,ERR,ERR,ERR,ERR,ERR,ERR,ERR,ERR,ERR,ERR,ERR,ERR,ERR,ERR,ERR,ERR,ERR,ERR,ERR,ERR,ERR,ERR,0.0,-107615328.0,0.0,0.0,0.0,1.3936040501711995e+18,7.805,0.0,0,0,4,0,7300,-0.0,0,0.0,0.0,0.0,0.0,0.0,0,0,0,0,0.0,0,0,0,0,0,0,0,0,0,0,0,0,0,0,0,0,0,0,0,0,0,0,0,0,0,0,0,0,0,0,0,0,0,32,30,30,62,65476,0,300,0,0,8,21553,0.0,-107605600.0,0.0,0.0,0.0,0.0,0.0,0.0,0.0,0.0,0.0,0.0,0.0,0.0,0.0,0.0,0.0,0.0,0.0,0.0,0.0,0.0,2.004,0.0,-0.0,-2.004,0.0,0.0,0.0,0.0,5410.0,131350.641,6953.0,0.0,-107615328.0,-107615280.0,-0.0,0.0,0.0,0.0,0.0,63,107615312.0,-107614912.0,0.0,0.0,0.0,0.0,0.0,0.0,0.0,0,0,0,0.0,0.0,0.0,0.0,0.0,0.0,0.0,0.0,0.0,0.0,0.0,0.0,0.0,0.0,0.0,0.0,0,-107875648.0,63,0.0,126,2.7184242562605685e+23,-0.0,ERR,ERR,ERR,ERR,ERR,ERR,ERR,ERR,ERR,ERR,ERR,ERR,ERR,ERR,ERR,ERR,ERR,ERR,ERR,ERR,ERR,ERR,ERR,ERR,ERR,ERR,ERR,ERR,ERR,ERR,ERR,ERR,ERR,ERR,ERR,ERR,ERR,ERR,ERR,ERR,ERR,ERR,ERR,ERR,ERR,ERR,ERR,ERR,ERR,ERR,ERR,ERR,ERR,ERR,ERR,ERR,ERR,ERR,ERR,ERR,ERR,ERR,ERR,ERR,ERR,ERR,ERR,34.0,80.0,35,0.0,0.0,0.0,0.0,0.0,0.0,0.0,0.0,0.0,0.0,0.0,0.0,0.0,0.0,0.0,0.0,64.4,0,116,56,50,65476,0,300,0,0,8,20529,65476,0,0,57672,80.0,0.0,0.0,0.0,0.0,0.0
2026-06-17T04:29:40,ERR,ERR,ERR,ERR,ERR,ERR,ERR,ERR,ERR,ERR,ERR,ERR,ERR,ERR,ERR,ERR,ERR,ERR,ERR,ERR,ERR,ERR,ERR,ERR,ERR,ERR,ERR,ERR,ERR,ERR,ERR,ERR,ERR,ERR,ERR,ERR,ERR,ERR,ERR,ERR,ERR,ERR,ERR,ERR,ERR,ERR,ERR,ERR,ERR,ERR,ERR,ERR,ERR,ERR,ERR,ERR,ERR,ERR,ERR,ERR,ERR,ERR,ERR,ERR,ERR,ERR,ERR,ERR,ERR,ERR,ERR,ERR,ERR,ERR,ERR,ERR,ERR,ERR,ERR,ERR,ERR,ERR,ERR,ERR,ERR,ERR,ERR,ERR,ERR,ERR,ERR,ERR,ERR,ERR,ERR,ERR,ERR,ERR,ERR,ERR,ERR,ERR,ERR,ERR,ERR,ERR,ERR,ERR,ERR,ERR,ERR,ERR,ERR,ERR,ERR,ERR,ERR,ERR,ERR,ERR,ERR,ERR,ERR,ERR,ERR,0.0,-107615328.0,0.0,0.0,0.0,1.3936040501711995e+18,7.805,0.0,0,0,4,0,7300,-0.0,0,0.0,0.0,0.0,0.0,0.0,0,0,0,0,0.0,0,0,0,0,0,0,0,0,0,0,0,0,0,0,0,0,0,0,0,0,0,0,0,0,0,0,0,0,0,0,0,0,0,32,30,30,62,65476,0,300,0,0,8,21553,0.0,-107605600.0,0.0,0.0,0.0,0.0,0.0,0.0,0.0,0.0,0.0,0.0,0.0,0.0,0.0,0.0,0.0,0.0,0.0,0.0,0.0,0.0,2.004,0.0,-0.0,-2.004,0.0,0.0,0.0,0.0,5410.0,131350.641,6953.0,0.0,-107615328.0,-107615280.0,-0.0,0.0,0.0,0.0,0.0,63,107615312.0,-107614912.0,0.0,0.0,0.0,0.0,0.0,0.0,0.0,0,0,0,0.0,0.0,0.0,0.0,0.0,0.0,0.0,0.0,0.0,0.0,0.0,0.0,0.0,0.0,0.0,0.0,0,-107875648.0,63,0.0,126,2.7184242562605685e+23,-0.0,ERR,ERR,ERR,ERR,ERR,ERR,ERR,ERR,ERR,ERR,ERR,ERR,ERR,ERR,ERR,ERR,ERR,ERR,ERR,ERR,ERR,ERR,ERR,ERR,ERR,ERR,ERR,ERR,ERR,ERR,ERR,ERR,ERR,ERR,ERR,ERR,ERR,ERR,ERR,ERR,ERR,ERR,ERR,ERR,ERR,ERR,ERR,ERR,ERR,ERR,ERR,ERR,ERR,ERR,ERR,ERR,ERR,ERR,ERR,ERR,ERR,ERR,ERR,ERR,ERR,ERR,ERR,34.0,80.0,35,0.0,0.0,0.0,0.0,0.0,0.0,0.0,0.0,0.0,0.0,0.0,0.0,0.0,0.0,0.0,0.0,64.4,0,116,56,50,65476,0,300,0,0,8,20529,65476,0,0,57672,80.0,0.0,0.0,0.0,0.0,0.0
2026-06-17T04:29:41,ERR,ERR,ERR,ERR,ERR,ERR,ERR,ERR,ERR,ERR,ERR,ERR,ERR,ERR,ERR,ERR,ERR,ERR,ERR,ERR,ERR,ERR,ERR,ERR,ERR,ERR,ERR,ERR,ERR,ERR,ERR,ERR,ERR,ERR,ERR,ERR,ERR,ERR,ERR,ERR,ERR,ERR,ERR,ERR,ERR,ERR,ERR,ERR,ERR,ERR,ERR,ERR,ERR,ERR,ERR,ERR,ERR,ERR,ERR,ERR,ERR,ERR,ERR,ERR,ERR,ERR,ERR,ERR,ERR,ERR,ERR,ERR,ERR,ERR,ERR,ERR,ERR,ERR,ERR,ERR,ERR,ERR,ERR,ERR,ERR,ERR,ERR,ERR,ERR,ERR,ERR,ERR,ERR,ERR,ERR,ERR,ERR,ERR,ERR,ERR,ERR,ERR,ERR,ERR,ERR,ERR,ERR,ERR,ERR,ERR,ERR,ERR,ERR,ERR,ERR,ERR,ERR,ERR,ERR,ERR,ERR,ERR,ERR,ERR,ERR,0.0,-107615328.0,0.0,0.0,0.0,1.3936040501711995e+18,7.805,0.0,0,0,4,0,7300,-0.0,0,0.0,0.0,0.0,0.0,0.0,0,0,0,0,0.0,0,0,0,0,0,0,0,0,0,0,0,0,0,0,0,0,0,0,0,0,0,0,0,0,0,0,0,0,0,0,0,0,0,32,30,30,62,65476,0,300,0,0,8,21553,0.0,-107605600.0,0.0,0.0,0.0,0.0,0.0,0.0,0.0,0.0,0.0,0.0,0.0,0.0,0.0,0.0,0.0,0.0,0.0,0.0,0.0,0.0,2.004,0.0,-0.0,-2.004,0.0,0.0,0.0,0.0,5408.0,2.004,6952.0,0.0,-107615328.0,-107615280.0,-0.0,0.0,0.0,0.0,0.0,63,89221.078,-0.0,0.0,0.0,0.0,0.0,0.0,0.0,0.0,0,0,0,0.0,0.0,0.0,0.0,0.0,0.0,0.0,0.0,0.0,0.0,0.0,0.0,0.0,0.0,0.0,0.0,0,-107875648.0,63,0.0,126,2.7184242562605685e+23,-0.0,ERR,ERR,ERR,ERR,ERR,ERR,ERR,ERR,ERR,ERR,ERR,ERR,ERR,ERR,ERR,ERR,ERR,ERR,ERR,ERR,ERR,ERR,ERR,ERR,ERR,ERR,ERR,ERR,ERR,ERR,ERR,ERR,ERR,ERR,ERR,ERR,ERR,ERR,ERR,ERR,ERR,ERR,ERR,ERR,ERR,ERR,ERR,ERR,ERR,ERR,ERR,ERR,ERR,ERR,ERR,ERR,ERR,ERR,ERR,ERR,ERR,ERR,ERR,ERR,ERR,ERR,ERR,34.0,80.0,35,0.0,0.0,0.0,0.0,0.0,0.0,0.0,0.0,0.0,0.0,0.0,0.0,0.0,0.0,0.0,0.0,64.4,0,116,56,50,65476,0,300,0,0,8,20529,65476,0,0,57672,80.0,0.0,0.0,0.0,0.0,0.0
2026-06-17T04:29:42,ERR,ERR,ERR,ERR,ERR,ERR,ERR,ERR,ERR,ERR,ERR,ERR,ERR,ERR,ERR,ERR,ERR,ERR,ERR,ERR,ERR,ERR,ERR,ERR,ERR,ERR,ERR,ERR,ERR,ERR,ERR,ERR,ERR,ERR,ERR,ERR,ERR,ERR,ERR,ERR,ERR,ERR,ERR,ERR,ERR,ERR,ERR,ERR,ERR,ERR,ERR,ERR,ERR,ERR,ERR,ERR,ERR,ERR,ERR,ERR,ERR,ERR,ERR,ERR,ERR,ERR,ERR,ERR,ERR,ERR,ERR,ERR,ERR,ERR,ERR,ERR,ERR,ERR,ERR,ERR,ERR,ERR,ERR,ERR,ERR,ERR,ERR,ERR,ERR,ERR,ERR,ERR,ERR,ERR,ERR,ERR,ERR,ERR,ERR,ERR,ERR,ERR,ERR,ERR,ERR,ERR,ERR,ERR,ERR,ERR,ERR,ERR,ERR,ERR,ERR,ERR,ERR,ERR,ERR,ERR,ERR,ERR,ERR,ERR,ERR,0.0,-107615328.0,0.0,0.0,0.0,1.3936040501711995e+18,7.805,0.0,0,0,4,0,7300,-0.0,0,0.0,0.0,0.0,0.0,0.0,0,0,0,0,0.0,0,0,0,0,0,0,0,0,0,0,0,0,0,0,0,0,0,0,0,0,0,0,0,0,0,0,0,0,0,0,0,0,0,32,30,30,62,65476,0,300,0,0,8,21553,0.0,-107605600.0,0.0,0.0,0.0,0.0,0.0,0.0,0.0,0.0,0.0,0.0,0.0,0.0,0.0,0.0,0.0,0.0,0.0,0.0,0.0,0.0,2.004,0.0,-0.0,-2.004,0.0,0.0,0.0,0.0,5408.0,2.004,6952.0,0.0,-107615328.0,-107615280.0,-0.0,0.0,0.0,0.0,0.0,63,89221.078,-0.0,0.0,0.0,0.0,0.0,0.0,0.0,0.0,0,0,0,0.0,0.0,0.0,0.0,0.0,0.0,0.0,0.0,0.0,0.0,0.0,0.0,0.0,0.0,0.0,0.0,0,-107875648.0,63,0.0,126,2.7184242562605685e+23,-0.0,ERR,ERR,ERR,ERR,ERR,ERR,ERR,ERR,ERR,ERR,ERR,ERR,ERR,ERR,ERR,ERR,ERR,ERR,ERR,ERR,ERR,ERR,ERR,ERR,ERR,ERR,ERR,ERR,ERR,ERR,ERR,ERR,ERR,ERR,ERR,ERR,ERR,ERR,ERR,ERR,ERR,ERR,ERR,ERR,ERR,ERR,ERR,ERR,ERR,ERR,ERR,ERR,ERR,ERR,ERR,ERR,ERR,ERR,ERR,ERR,ERR,ERR,ERR,ERR,ERR,ERR,ERR,34.0,80.0,35,0.0,0.0,0.0,0.0,0.0,0.0,0.0,0.0,0.0,0.0,0.0,0.0,0.0,0.0,0.0,0.0,64.4,0,116,56,50,65476,0,300,0,0,8,20529,65476,0,0,57672,80.0,0.0,0.0,0.0,0.0,0.0
2026-06-17T04:29:43,ERR,ERR,ERR,ERR,ERR,ERR,ERR,ERR,ERR,ERR,ERR,ERR,ERR,ERR,ERR,ERR,ERR,ERR,ERR,ERR,ERR,ERR,ERR,ERR,ERR,ERR,ERR,ERR,ERR,ERR,ERR,ERR,ERR,ERR,ERR,ERR,ERR,ERR,ERR,ERR,ERR,ERR,ERR,ERR,ERR,ERR,ERR,ERR,ERR,ERR,ERR,ERR,ERR,ERR,ERR,ERR,ERR,ERR,ERR,ERR,ERR,ERR,ERR,ERR,ERR,ERR,ERR,ERR,ERR,ERR,ERR,ERR,ERR,ERR,ERR,ERR,ERR,ERR,ERR,ERR,ERR,ERR,ERR,ERR,ERR,ERR,ERR,ERR,ERR,ERR,ERR,ERR,ERR,ERR,ERR,ERR,ERR,ERR,ERR,ERR,ERR,ERR,ERR,ERR,ERR,ERR,ERR,ERR,ERR,ERR,ERR,ERR,ERR,ERR,ERR,ERR,ERR,ERR,ERR,ERR,ERR,ERR,ERR,ERR,ERR,0.0,-107615328.0,0.0,0.0,0.0,1.3936040501711995e+18,7.805,0.0,0,0,4,0,7300,-0.0,0,0.0,0.0,0.0,0.0,0.0,0,0,0,0,0.0,0,0,0,0,0,0,0,0,0,0,0,0,0,0,0,0,0,0,0,0,0,0,0,0,0,0,0,0,0,0,0,0,0,32,30,30,62,65476,0,300,0,0,8,21553,0.0,-107605600.0,0.0,0.0,0.0,0.0,0.0,0.0,0.0,0.0,0.0,0.0,0.0,0.0,0.0,0.0,0.0,0.0,0.0,0.0,0.0,0.0,2.004,0.0,-0.0,-2.004,0.0,0.0,0.0,0.0,5408.0,2.004,6952.0,0.0,-107615328.0,-107615280.0,-0.0,0.0,0.0,0.0,0.0,63,89221.078,-0.0,0.0,0.0,0.0,0.0,0.0,0.0,0.0,0,0,0,0.0,0.0,0.0,0.0,0.0,0.0,0.0,0.0,0.0,0.0,0.0,0.0,0.0,0.0,0.0,0.0,0,-107875648.0,63,0.0,126,2.7184242562605685e+23,-0.0,ERR,ERR,ERR,ERR,ERR,ERR,ERR,ERR,ERR,ERR,ERR,ERR,ERR,ERR,ERR,ERR,ERR,ERR,ERR,ERR,ERR,ERR,ERR,ERR,ERR,ERR,ERR,ERR,ERR,ERR,ERR,ERR,ERR,ERR,ERR,ERR,ERR,ERR,ERR,ERR,ERR,ERR,ERR,ERR,ERR,ERR,ERR,ERR,ERR,ERR,ERR,ERR,ERR,ERR,ERR,ERR,ERR,ERR,ERR,ERR,ERR,ERR,ERR,ERR,ERR,ERR,ERR,34.0,80.0,35,0.0,0.0,0.0,0.0,0.0,0.0,0.0,0.0,0.0,0.0,0.0,0.0,0.0,0.0,0.0,0.0,64.4,0,116,56,50,65476,0,300,0,0,8,20529,65476,0,0,57672,80.0,0.0,0.0,0.0,0.0,0.0
2026-06-17T04:29:44,ERR,ERR,ERR,ERR,ERR,ERR,ERR,ERR,ERR,ERR,ERR,ERR,ERR,ERR,ERR,ERR,ERR,ERR,ERR,ERR,ERR,ERR,ERR,ERR,ERR,ERR,ERR,ERR,ERR,ERR,ERR,ERR,ERR,ERR,ERR,ERR,ERR,ERR,ERR,ERR,ERR,ERR,ERR,ERR,ERR,ERR,ERR,ERR,ERR,ERR,ERR,ERR,ERR,ERR,ERR,ERR,ERR,ERR,ERR,ERR,ERR,ERR,ERR,ERR,ERR,ERR,ERR,ERR,ERR,ERR,ERR,ERR,ERR,ERR,ERR,ERR,ERR,ERR,ERR,ERR,ERR,ERR,ERR,ERR,ERR,ERR,ERR,ERR,ERR,ERR,ERR,ERR,ERR,ERR,ERR,ERR,ERR,ERR,ERR,ERR,ERR,ERR,ERR,ERR,ERR,ERR,ERR,ERR,ERR,ERR,ERR,ERR,ERR,ERR,ERR,ERR,ERR,ERR,ERR,ERR,ERR,ERR,ERR,ERR,ERR,0.0,-107615328.0,0.0,0.0,0.0,1.3936040501711995e+18,7.805,0.0,0,0,4,0,7300,-0.0,0,0.0,0.0,0.0,0.0,0.0,0,0,0,0,0.0,0,0,0,0,0,0,0,0,0,0,0,0,0,0,0,0,0,0,0,0,0,0,0,0,0,0,0,0,0,0,0,0,0,32,30,30,62,65476,0,300,0,0,8,21553,0.0,-107605600.0,0.0,0.0,0.0,0.0,0.0,0.0,0.0,0.0,0.0,0.0,0.0,0.0,0.0,0.0,0.0,0.0,0.0,0.0,0.0,0.0,2.004,0.0,-0.0,-2.004,0.0,0.0,0.0,0.0,5408.0,2.004,6952.0,0.0,-107615328.0,-107615280.0,-0.0,0.0,0.0,0.0,0.0,63,89221.078,-0.0,0.0,0.0,0.0,0.0,0.0,0.0,0.0,0,0,0,0.0,0.0,0.0,0.0,0.0,0.0,0.0,0.0,0.0,0.0,0.0,0.0,0.0,0.0,0.0,0.0,0,-107875648.0,63,0.0,126,2.7184242562605685e+23,-0.0,ERR,ERR,ERR,ERR,ERR,ERR,ERR,ERR,ERR,ERR,ERR,ERR,ERR,ERR,ERR,ERR,ERR,ERR,ERR,ERR,ERR,ERR,ERR,ERR,ERR,ERR,ERR,ERR,ERR,ERR,ERR,ERR,ERR,ERR,ERR,ERR,ERR,ERR,ERR,ERR,ERR,ERR,ERR,ERR,ERR,ERR,ERR,ERR,ERR,ERR,ERR,ERR,ERR,ERR,ERR,ERR,ERR,ERR,ERR,ERR,ERR,ERR,ERR,ERR,ERR,ERR,ERR,34.0,80.0,35,0.0,0.0,0.0,0.0,0.0,0.0,0.0,0.0,0.0,0.0,0.0,0.0,0.0,0.0,0.0,0.0,64.4,0,116,56,50,65476,0,300,0,0,8,20529,65476,0,0,57672,80.0,0.0,0.0,0.0,0.0,0.0
2026-06-17T04:29:45,ERR,ERR,ERR,ERR,ERR,ERR,ERR,ERR,ERR,ERR,ERR,ERR,ERR,ERR,ERR,ERR,ERR,ERR,ERR,ERR,ERR,ERR,ERR,ERR,ERR,ERR,ERR,ERR,ERR,ERR,ERR,ERR,ERR,ERR,ERR,ERR,ERR,ERR,ERR,ERR,ERR,ERR,ERR,ERR,ERR,ERR,ERR,ERR,ERR,ERR,ERR,ERR,ERR,ERR,ERR,ERR,ERR,ERR,ERR,ERR,ERR,ERR,ERR,ERR,ERR,ERR,ERR,ERR,ERR,ERR,ERR,ERR,ERR,ERR,ERR,ERR,ERR,ERR,ERR,ERR,ERR,ERR,ERR,ERR,ERR,ERR,ERR,ERR,ERR,ERR,ERR,ERR,ERR,ERR,ERR,ERR,ERR,ERR,ERR,ERR,ERR,ERR,ERR,ERR,ERR,ERR,ERR,ERR,ERR,ERR,ERR,ERR,ERR,ERR,ERR,ERR,ERR,ERR,ERR,ERR,ERR,ERR,ERR,ERR,ERR,0.0,-107615328.0,0.0,0.0,0.0,1.3936040501711995e+18,7.805,0.0,0,0,4,0,7300,-0.0,0,0.0,0.0,0.0,0.0,0.0,0,0,0,0,0.0,0,0,0,0,0,0,0,0,0,0,0,0,0,0,0,0,0,0,0,0,0,0,0,0,0,0,0,0,0,0,0,0,0,32,30,30,62,65476,0,300,0,0,8,21553,0.0,-107605600.0,0.0,0.0,0.0,0.0,0.0,0.0,0.0,0.0,0.0,0.0,0.0,0.0,0.0,0.0,0.0,0.0,0.0,0.0,0.0,0.0,2.004,0.0,-0.0,-2.004,0.0,0.0,0.0,0.0,5408.0,2.004,6952.0,0.0,-107615328.0,-107615280.0,-0.0,0.0,0.0,0.0,0.0,63,89221.078,-0.0,0.0,0.0,0.0,0.0,0.0,0.0,0.0,0,0,0,0.0,0.0,0.0,0.0,0.0,0.0,0.0,0.0,0.0,0.0,0.0,0.0,0.0,0.0,0.0,0.0,0,-107875648.0,63,0.0,126,2.7184242562605685e+23,-0.0,ERR,ERR,ERR,ERR,ERR,ERR,ERR,ERR,ERR,ERR,ERR,ERR,ERR,ERR,ERR,ERR,ERR,ERR,ERR,ERR,ERR,ERR,ERR,ERR,ERR,ERR,ERR,ERR,ERR,ERR,ERR,ERR,ERR,ERR,ERR,ERR,ERR,ERR,ERR,ERR,ERR,ERR,ERR,ERR,ERR,ERR,ERR,ERR,ERR,ERR,ERR,ERR,ERR,ERR,ERR,ERR,ERR,ERR,ERR,ERR,ERR,ERR,ERR,ERR,ERR,ERR,ERR,34.0,80.0,35,0.0,0.0,0.0,0.0,0.0,0.0,0.0,0.0,0.0,0.0,0.0,0.0,0.0,0.0,0.0,0.0,64.4,0,116,56,50,65476,0,300,0,0,8,20529,65476,0,0,57672,80.0,0.0,0.0,0.0,0.0,0.0
2026-06-17T04:29:46,ERR,ERR,ERR,ERR,ERR,ERR,ERR,ERR,ERR,ERR,ERR,ERR,ERR,ERR,ERR,ERR,ERR,ERR,ERR,ERR,ERR,ERR,ERR,ERR,ERR,ERR,ERR,ERR,ERR,ERR,ERR,ERR,ERR,ERR,ERR,ERR,ERR,ERR,ERR,ERR,ERR,ERR,ERR,ERR,ERR,ERR,ERR,ERR,ERR,ERR,ERR,ERR,ERR,ERR,ERR,ERR,ERR,ERR,ERR,ERR,ERR,ERR,ERR,ERR,ERR,ERR,ERR,ERR,ERR,ERR,ERR,ERR,ERR,ERR,ERR,ERR,ERR,ERR,ERR,ERR,ERR,ERR,ERR,ERR,ERR,ERR,ERR,ERR,ERR,ERR,ERR,ERR,ERR,ERR,ERR,ERR,ERR,ERR,ERR,ERR,ERR,ERR,ERR,ERR,ERR,ERR,ERR,ERR,ERR,ERR,ERR,ERR,ERR,ERR,ERR,ERR,ERR,ERR,ERR,ERR,ERR,ERR,ERR,ERR,ERR,0.0,-107615328.0,0.0,0.0,0.0,1.3936040501711995e+18,7.805,0.0,0,0,4,0,7300,-0.0,0,0.0,0.0,0.0,0.0,0.0,0,0,0,0,0.0,0,0,0,0,0,0,0,0,0,0,0,0,0,0,0,0,0,0,0,0,0,0,0,0,0,0,0,0,0,0,0,0,0,32,30,30,62,65476,0,300,0,0,8,21553,0.0,-107605600.0,0.0,0.0,0.0,0.0,0.0,0.0,0.0,0.0,0.0,0.0,0.0,0.0,0.0,0.0,0.0,0.0,0.0,0.0,0.0,0.0,2.004,0.0,-0.0,-2.004,0.0,0.0,0.0,0.0,5412.0,2.004,6952.0,0.0,-107615328.0,-107615280.0,-0.0,0.0,0.0,0.0,0.0,63,0.059,-0.0,0.0,0.0,0.0,0.0,0.0,0.0,0.0,0,0,0,0.0,0.0,0.0,0.0,0.0,0.0,0.0,0.0,0.0,0.0,0.0,0.0,0.0,0.0,0.0,0.0,0,-107875648.0,63,0.0,126,2.7184242562605685e+23,-0.0,ERR,ERR,ERR,ERR,ERR,ERR,ERR,ERR,ERR,ERR,ERR,ERR,ERR,ERR,ERR,ERR,ERR,ERR,ERR,ERR,ERR,ERR,ERR,ERR,ERR,ERR,ERR,ERR,ERR,ERR,ERR,ERR,ERR,ERR,ERR,ERR,ERR,ERR,ERR,ERR,ERR,ERR,ERR,ERR,ERR,ERR,ERR,ERR,ERR,ERR,ERR,ERR,ERR,ERR,ERR,ERR,ERR,ERR,ERR,ERR,ERR,ERR,ERR,ERR,ERR,ERR,ERR,34.0,80.0,35,0.0,0.0,0.0,0.0,0.0,0.0,0.0,0.0,0.0,0.0,0.0,0.0,0.0,0.0,0.0,0.0,64.4,0,116,56,50,65476,0,300,0,0,8,20529,65476,0,0,57672,80.0,0.0,0.0,0.0,0.0,0.0
2026-06-17T04:29:47,ERR,ERR,ERR,ERR,ERR,ERR,ERR,ERR,ERR,ERR,ERR,ERR,ERR,ERR,ERR,ERR,ERR,ERR,ERR,ERR,ERR,ERR,ERR,ERR,ERR,ERR,ERR,ERR,ERR,ERR,ERR,ERR,ERR,ERR,ERR,ERR,ERR,ERR,ERR,ERR,ERR,ERR,ERR,ERR,ERR,ERR,ERR,ERR,ERR,ERR,ERR,ERR,ERR,ERR,ERR,ERR,ERR,ERR,ERR,ERR,ERR,ERR,ERR,ERR,ERR,ERR,ERR,ERR,ERR,ERR,ERR,ERR,ERR,ERR,ERR,ERR,ERR,ERR,ERR,ERR,ERR,ERR,ERR,ERR,ERR,ERR,ERR,ERR,ERR,ERR,ERR,ERR,ERR,ERR,ERR,ERR,ERR,ERR,ERR,ERR,ERR,ERR,ERR,ERR,ERR,ERR,ERR,ERR,ERR,ERR,ERR,ERR,ERR,ERR,ERR,ERR,ERR,ERR,ERR,ERR,ERR,ERR,ERR,ERR,ERR,0.0,-107615328.0,0.0,0.0,0.0,1.3936040501711995e+18,7.805,0.0,0,0,4,0,7300,-0.0,0,0.0,0.0,0.0,0.0,0.0,0,0,0,0,0.0,0,0,0,0,0,0,0,0,0,0,0,0,0,0,0,0,0,0,0,0,0,0,0,0,0,0,0,0,0,0,0,0,0,32,30,30,62,65476,0,300,0,0,8,21553,0.0,-107605600.0,0.0,0.0,0.0,0.0,0.0,0.0,0.0,0.0,0.0,0.0,0.0,0.0,0.0,0.0,0.0,0.0,0.0,0.0,0.0,0.0,2.004,0.0,-0.0,-2.004,0.0,0.0,0.0,0.0,5412.0,2.004,6952.0,0.0,-107615328.0,-107615280.0,-0.0,0.0,0.0,0.0,0.0,63,0.059,-0.0,0.0,0.0,0.0,0.0,0.0,0.0,0.0,0,0,0,0.0,0.0,0.0,0.0,0.0,0.0,0.0,0.0,0.0,0.0,0.0,0.0,0.0,0.0,0.0,0.0,0,-107875648.0,63,0.0,126,2.7184242562605685e+23,-0.0,ERR,ERR,ERR,ERR,ERR,ERR,ERR,ERR,ERR,ERR,ERR,ERR,ERR,ERR,ERR,ERR,ERR,ERR,ERR,ERR,ERR,ERR,ERR,ERR,ERR,ERR,ERR,ERR,ERR,ERR,ERR,ERR,ERR,ERR,ERR,ERR,ERR,ERR,ERR,ERR,ERR,ERR,ERR,ERR,ERR,ERR,ERR,ERR,ERR,ERR,ERR,ERR,ERR,ERR,ERR,ERR,ERR,ERR,ERR,ERR,ERR,ERR,ERR,ERR,ERR,ERR,ERR,34.0,80.0,35,0.0,0.0,0.0,0.0,0.0,0.0,0.0,0.0,0.0,0.0,0.0,0.0,0.0,0.0,0.0,0.0,64.4,0,116,56,50,65476,0,300,0,0,8,20529,65476,0,0,57672,80.0,0.0,0.0,0.0,0.0,0.0
2026-06-17T04:29:48,ERR,ERR,ERR,ERR,ERR,ERR,ERR,ERR,ERR,ERR,ERR,ERR,ERR,ERR,ERR,ERR,ERR,ERR,ERR,ERR,ERR,ERR,ERR,ERR,ERR,ERR,ERR,ERR,ERR,ERR,ERR,ERR,ERR,ERR,ERR,ERR,ERR,ERR,ERR,ERR,ERR,ERR,ERR,ERR,ERR,ERR,ERR,ERR,ERR,ERR,ERR,ERR,ERR,ERR,ERR,ERR,ERR,ERR,ERR,ERR,ERR,ERR,ERR,ERR,ERR,ERR,ERR,ERR,ERR,ERR,ERR,ERR,ERR,ERR,ERR,ERR,ERR,ERR,ERR,ERR,ERR,ERR,ERR,ERR,ERR,ERR,ERR,ERR,ERR,ERR,ERR,ERR,ERR,ERR,ERR,ERR,ERR,ERR,ERR,ERR,ERR,ERR,ERR,ERR,ERR,ERR,ERR,ERR,ERR,ERR,ERR,ERR,ERR,ERR,ERR,ERR,ERR,ERR,ERR,ERR,ERR,ERR,ERR,ERR,ERR,0.0,-107615328.0,0.0,0.0,0.0,1.3936040501711995e+18,7.805,0.0,0,0,4,0,7300,-0.0,0,0.0,0.0,0.0,0.0,0.0,0,0,0,0,0.0,0,0,0,0,0,0,0,0,0,0,0,0,0,0,0,0,0,0,0,0,0,0,0,0,0,0,0,0,0,0,0,0,0,32,30,30,62,65476,0,300,0,0,8,21553,0.0,-107605600.0,0.0,0.0,0.0,0.0,0.0,0.0,0.0,0.0,0.0,0.0,0.0,0.0,0.0,0.0,0.0,0.0,0.0,0.0,0.0,0.0,2.004,0.0,-0.0,-2.004,0.0,0.0,0.0,0.0,5412.0,2.004,6952.0,0.0,-107615328.0,-107615280.0,-0.0,0.0,0.0,0.0,0.0,63,0.059,-0.0,0.0,0.0,0.0,0.0,0.0,0.0,0.0,0,0,0,0.0,0.0,0.0,0.0,0.0,0.0,0.0,0.0,0.0,0.0,0.0,0.0,0.0,0.0,0.0,0.0,0,-107875648.0,63,0.0,126,2.7184242562605685e+23,-0.0,ERR,ERR,ERR,ERR,ERR,ERR,ERR,ERR,ERR,ERR,ERR,ERR,ERR,ERR,ERR,ERR,ERR,ERR,ERR,ERR,ERR,ERR,ERR,ERR,ERR,ERR,ERR,ERR,ERR,ERR,ERR,ERR,ERR,ERR,ERR,ERR,ERR,ERR,ERR,ERR,ERR,ERR,ERR,ERR,ERR,ERR,ERR,ERR,ERR,ERR,ERR,ERR,ERR,ERR,ERR,ERR,ERR,ERR,ERR,ERR,ERR,ERR,ERR,ERR,ERR,ERR,ERR,34.0,80.0,35,0.0,0.0,0.0,0.0,0.0,0.0,0.0,0.0,0.0,0.0,0.0,0.0,0.0,0.0,0.0,0.0,64.4,0,116,56,50,65476,0,300,0,0,8,20529,65476,0,0,57672,80.0,0.0,0.0,0.0,0.0,0.0
2026-06-17T04:29:49,ERR,ERR,ERR,ERR,ERR,ERR,ERR,ERR,ERR,ERR,ERR,ERR,ERR,ERR,ERR,ERR,ERR,ERR,ERR,ERR,ERR,ERR,ERR,ERR,ERR,ERR,ERR,ERR,ERR,ERR,ERR,ERR,ERR,ERR,ERR,ERR,ERR,ERR,ERR,ERR,ERR,ERR,ERR,ERR,ERR,ERR,ERR,ERR,ERR,ERR,ERR,ERR,ERR,ERR,ERR,ERR,ERR,ERR,ERR,ERR,ERR,ERR,ERR,ERR,ERR,ERR,ERR,ERR,ERR,ERR,ERR,ERR,ERR,ERR,ERR,ERR,ERR,ERR,ERR,ERR,ERR,ERR,ERR,ERR,ERR,ERR,ERR,ERR,ERR,ERR,ERR,ERR,ERR,ERR,ERR,ERR,ERR,ERR,ERR,ERR,ERR,ERR,ERR,ERR,ERR,ERR,ERR,ERR,ERR,ERR,ERR,ERR,ERR,ERR,ERR,ERR,ERR,ERR,ERR,ERR,ERR,ERR,ERR,ERR,ERR,0.0,-107615328.0,0.0,0.0,0.0,1.3936040501711995e+18,7.805,0.0,0,0,4,0,7300,-0.0,0,0.0,0.0,0.0,0.0,0.0,0,0,0,0,0.0,0,0,0,0,0,0,0,0,0,0,0,0,0,0,0,0,0,0,0,0,0,0,0,0,0,0,0,0,0,0,0,0,0,32,30,30,62,65476,0,300,0,0,8,21553,0.0,-107605600.0,0.0,0.0,0.0,0.0,0.0,0.0,0.0,0.0,0.0,0.0,0.0,0.0,0.0,0.0,0.0,0.0,0.0,0.0,0.0,0.0,2.004,0.0,-0.0,-2.004,0.0,0.0,0.0,0.0,5412.0,2.004,6952.0,0.0,-107615328.0,-107615280.0,-0.0,0.0,0.0,0.0,0.0,63,0.059,-0.0,0.0,0.0,0.0,0.0,0.0,0.0,0.0,0,0,0,0.0,0.0,0.0,0.0,0.0,0.0,0.0,0.0,0.0,0.0,0.0,0.0,0.0,0.0,0.0,0.0,0,-107875648.0,63,0.0,126,2.7184242562605685e+23,-0.0,ERR,ERR,ERR,ERR,ERR,ERR,ERR,ERR,ERR,ERR,ERR,ERR,ERR,ERR,ERR,ERR,ERR,ERR,ERR,ERR,ERR,ERR,ERR,ERR,ERR,ERR,ERR,ERR,ERR,ERR,ERR,ERR,ERR,ERR,ERR,ERR,ERR,ERR,ERR,ERR,ERR,ERR,ERR,ERR,ERR,ERR,ERR,ERR,ERR,ERR,ERR,ERR,ERR,ERR,ERR,ERR,ERR,ERR,ERR,ERR,ERR,ERR,ERR,ERR,ERR,ERR,ERR,34.0,80.0,35,0.0,0.0,0.0,0.0,0.0,0.0,0.0,0.0,0.0,0.0,0.0,0.0,0.0,0.0,0.0,0.0,64.4,0,116,56,50,65476,0,300,0,0,8,20529,65476,0,0,57672,80.0,0.0,0.0,0.0,0.0,0.0
2026-06-17T04:29:50,ERR,ERR,ERR,ERR,ERR,ERR,ERR,ERR,ERR,ERR,ERR,ERR,ERR,ERR,ERR,ERR,ERR,ERR,ERR,ERR,ERR,ERR,ERR,ERR,ERR,ERR,ERR,ERR,ERR,ERR,ERR,ERR,ERR,ERR,ERR,ERR,ERR,ERR,ERR,ERR,ERR,ERR,ERR,ERR,ERR,ERR,ERR,ERR,ERR,ERR,ERR,ERR,ERR,ERR,ERR,ERR,ERR,ERR,ERR,ERR,ERR,ERR,ERR,ERR,ERR,ERR,ERR,ERR,ERR,ERR,ERR,ERR,ERR,ERR,ERR,ERR,ERR,ERR,ERR,ERR,ERR,ERR,ERR,ERR,ERR,ERR,ERR,ERR,ERR,ERR,ERR,ERR,ERR,ERR,ERR,ERR,ERR,ERR,ERR,ERR,ERR,ERR,ERR,ERR,ERR,ERR,ERR,ERR,ERR,ERR,ERR,ERR,ERR,ERR,ERR,ERR,ERR,ERR,ERR,ERR,ERR,ERR,ERR,ERR,ERR,0.0,-107615328.0,0.0,0.0,0.0,1.3936040501711995e+18,7.805,0.0,0,0,4,0,7300,-0.0,0,0.0,0.0,0.0,0.0,0.0,0,0,0,0,0.0,0,0,0,0,0,0,0,0,0,0,0,0,0,0,0,0,0,0,0,0,0,0,0,0,0,0,0,0,0,0,0,0,0,32,30,30,62,65476,0,300,0,0,8,21553,0.0,-107605600.0,0.0,0.0,0.0,0.0,0.0,0.0,0.0,0.0,0.0,0.0,0.0,0.0,0.0,0.0,0.0,0.0,0.0,0.0,0.0,0.0,2.004,0.0,-0.0,-2.004,0.0,0.0,0.0,0.0,5412.0,2.004,6952.0,0.0,-107615328.0,-107615280.0,-0.0,0.0,0.0,0.0,0.0,63,0.059,-0.0,0.0,0.0,0.0,0.0,0.0,0.0,0.0,0,0,0,0.0,0.0,0.0,0.0,0.0,0.0,0.0,0.0,0.0,0.0,0.0,0.0,0.0,0.0,0.0,0.0,0,-107875648.0,63,0.0,126,2.7184242562605685e+23,-0.0,ERR,ERR,ERR,ERR,ERR,ERR,ERR,ERR,ERR,ERR,ERR,ERR,ERR,ERR,ERR,ERR,ERR,ERR,ERR,ERR,ERR,ERR,ERR,ERR,ERR,ERR,ERR,ERR,ERR,ERR,ERR,ERR,ERR,ERR,ERR,ERR,ERR,ERR,ERR,ERR,ERR,ERR,ERR,ERR,ERR,ERR,ERR,ERR,ERR,ERR,ERR,ERR,ERR,ERR,ERR,ERR,ERR,ERR,ERR,ERR,ERR,ERR,ERR,ERR,ERR,ERR,ERR,34.0,80.0,35,0.0,0.0,0.0,0.0,0.0,0.0,0.0,0.0,0.0,0.0,0.0,0.0,0.0,0.0,0.0,0.0,64.4,0,116,56,50,65476,0,300,0,0,8,20529,65476,0,0,57672,80.0,0.0,0.0,0.0,0.0,0.0
2026-06-17T04:29:51,ERR,ERR,ERR,ERR,ERR,ERR,ERR,ERR,ERR,ERR,ERR,ERR,ERR,ERR,ERR,ERR,ERR,ERR,ERR,ERR,ERR,ERR,ERR,ERR,ERR,ERR,ERR,ERR,ERR,ERR,ERR,ERR,ERR,ERR,ERR,ERR,ERR,ERR,ERR,ERR,ERR,ERR,ERR,ERR,ERR,ERR,ERR,ERR,ERR,ERR,ERR,ERR,ERR,ERR,ERR,ERR,ERR,ERR,ERR,ERR,ERR,ERR,ERR,ERR,ERR,ERR,ERR,ERR,ERR,ERR,ERR,ERR,ERR,ERR,ERR,ERR,ERR,ERR,ERR,ERR,ERR,ERR,ERR,ERR,ERR,ERR,ERR,ERR,ERR,ERR,ERR,ERR,ERR,ERR,ERR,ERR,ERR,ERR,ERR,ERR,ERR,ERR,ERR,ERR,ERR,ERR,ERR,ERR,ERR,ERR,ERR,ERR,ERR,ERR,ERR,ERR,ERR,ERR,ERR,ERR,ERR,ERR,ERR,ERR,ERR,0.0,-107615328.0,0.0,0.0,0.0,1.3936040501711995e+18,7.805,0.0,0,0,4,0,7300,-0.0,0,0.0,0.0,0.0,0.0,0.0,0,0,0,0,0.0,0,0,0,0,0,0,0,0,0,0,0,0,0,0,0,0,0,0,0,0,0,0,0,0,0,0,0,0,0,0,0,0,0,32,30,30,62,65476,0,300,0,0,8,21553,0.0,-107605600.0,0.0,0.0,0.0,0.0,0.0,0.0,0.0,0.0,0.0,0.0,0.0,0.0,0.0,0.0,0.0,0.0,0.0,0.0,0.0,0.0,2.004,0.0,-0.0,-2.004,0.0,0.0,0.0,0.0,5411.0,0.0,6951.0,0.0,-107615328.0,-107615280.0,-0.0,0.0,0.0,0.0,0.0,63,107615312.0,-0.0,0.0,0.0,0.0,0.0,0.0,0.0,0.0,0,0,0,0.0,0.0,0.0,0.0,0.0,0.0,0.0,0.0,0.0,0.0,0.0,0.0,0.0,0.0,0.0,0.0,0,-107875648.0,63,0.0,126,2.7184242562605685e+23,-0.0,ERR,ERR,ERR,ERR,ERR,ERR,ERR,ERR,ERR,ERR,ERR,ERR,ERR,ERR,ERR,ERR,ERR,ERR,ERR,ERR,ERR,ERR,ERR,ERR,ERR,ERR,ERR,ERR,ERR,ERR,ERR,ERR,ERR,ERR,ERR,ERR,ERR,ERR,ERR,ERR,ERR,ERR,ERR,ERR,ERR,ERR,ERR,ERR,ERR,ERR,ERR,ERR,ERR,ERR,ERR,ERR,ERR,ERR,ERR,ERR,ERR,ERR,ERR,ERR,ERR,ERR,ERR,34.0,80.0,35,0.0,0.0,0.0,0.0,0.0,0.0,0.0,0.0,0.0,0.0,0.0,0.0,0.0,0.0,0.0,0.0,64.8,0,116,56,50,65476,0,300,0,0,8,20529,65476,0,0,57672,80.0,0.0,0.0,0.0,0.0,0.0
2026-06-17T04:29:52,ERR,ERR,ERR,ERR,ERR,ERR,ERR,ERR,ERR,ERR,ERR,ERR,ERR,ERR,ERR,ERR,ERR,ERR,ERR,ERR,ERR,ERR,ERR,ERR,ERR,ERR,ERR,ERR,ERR,ERR,ERR,ERR,ERR,ERR,ERR,ERR,ERR,ERR,ERR,ERR,ERR,ERR,ERR,ERR,ERR,ERR,ERR,ERR,ERR,ERR,ERR,ERR,ERR,ERR,ERR,ERR,ERR,ERR,ERR,ERR,ERR,ERR,ERR,ERR,ERR,ERR,ERR,ERR,ERR,ERR,ERR,ERR,ERR,ERR,ERR,ERR,ERR,ERR,ERR,ERR,ERR,ERR,ERR,ERR,ERR,ERR,ERR,ERR,ERR,ERR,ERR,ERR,ERR,ERR,ERR,ERR,ERR,ERR,ERR,ERR,ERR,ERR,ERR,ERR,ERR,ERR,ERR,ERR,ERR,ERR,ERR,ERR,ERR,ERR,ERR,ERR,ERR,ERR,ERR,ERR,ERR,ERR,ERR,ERR,ERR,0.0,-107615328.0,0.0,0.0,0.0,1.3936040501711995e+18,7.805,0.0,0,0,4,0,7300,-0.0,0,0.0,0.0,0.0,0.0,0.0,0,0,0,0,0.0,0,0,0,0,0,0,0,0,0,0,0,0,0,0,0,0,0,0,0,0,0,0,0,0,0,0,0,0,0,0,0,0,0,32,30,30,62,65476,0,300,0,0,8,21553,0.0,-107605600.0,0.0,0.0,0.0,0.0,0.0,0.0,0.0,0.0,0.0,0.0,0.0,0.0,0.0,0.0,0.0,0.0,0.0,0.0,0.0,0.0,2.004,0.0,-0.0,-2.004,0.0,0.0,0.0,0.0,5411.0,0.0,6951.0,0.0,-107615328.0,-107615280.0,-0.0,0.0,0.0,0.0,0.0,63,107615312.0,-0.0,0.0,0.0,0.0,0.0,0.0,0.0,0.0,0,0,0,0.0,0.0,0.0,0.0,0.0,0.0,0.0,0.0,0.0,0.0,0.0,0.0,0.0,0.0,0.0,0.0,0,-107875648.0,63,0.0,126,2.7184242562605685e+23,-0.0,ERR,ERR,ERR,ERR,ERR,ERR,ERR,ERR,ERR,ERR,ERR,ERR,ERR,ERR,ERR,ERR,ERR,ERR,ERR,ERR,ERR,ERR,ERR,ERR,ERR,ERR,ERR,ERR,ERR,ERR,ERR,ERR,ERR,ERR,ERR,ERR,ERR,ERR,ERR,ERR,ERR,ERR,ERR,ERR,ERR,ERR,ERR,ERR,ERR,ERR,ERR,ERR,ERR,ERR,ERR,ERR,ERR,ERR,ERR,ERR,ERR,ERR,ERR,ERR,ERR,ERR,ERR,34.0,80.0,35,0.0,0.0,0.0,0.0,0.0,0.0,0.0,0.0,0.0,0.0,0.0,0.0,0.0,0.0,0.0,0.0,64.8,0,116,56,50,65476,0,300,0,0,8,20529,65476,0,0,57672,80.0,0.0,0.0,0.0,0.0,0.0
2026-06-17T04:29:53,ERR,ERR,ERR,ERR,ERR,ERR,ERR,ERR,ERR,ERR,ERR,ERR,ERR,ERR,ERR,ERR,ERR,ERR,ERR,ERR,ERR,ERR,ERR,ERR,ERR,ERR,ERR,ERR,ERR,ERR,ERR,ERR,ERR,ERR,ERR,ERR,ERR,ERR,ERR,ERR,ERR,ERR,ERR,ERR,ERR,ERR,ERR,ERR,ERR,ERR,ERR,ERR,ERR,ERR,ERR,ERR,ERR,ERR,ERR,ERR,ERR,ERR,ERR,ERR,ERR,ERR,ERR,ERR,ERR,ERR,ERR,ERR,ERR,ERR,ERR,ERR,ERR,ERR,ERR,ERR,ERR,ERR,ERR,ERR,ERR,ERR,ERR,ERR,ERR,ERR,ERR,ERR,ERR,ERR,ERR,ERR,ERR,ERR,ERR,ERR,ERR,ERR,ERR,ERR,ERR,ERR,ERR,ERR,ERR,ERR,ERR,ERR,ERR,ERR,ERR,ERR,ERR,ERR,ERR,ERR,ERR,ERR,ERR,ERR,ERR,0.0,-107615328.0,0.0,0.0,0.0,1.3936040501711995e+18,7.805,0.0,0,0,4,0,7300,-0.0,0,0.0,0.0,0.0,0.0,0.0,0,0,0,0,0.0,0,0,0,0,0,0,0,0,0,0,0,0,0,0,0,0,0,0,0,0,0,0,0,0,0,0,0,0,0,0,0,0,0,32,30,30,62,65476,0,300,0,0,8,21553,0.0,-107605600.0,0.0,0.0,0.0,0.0,0.0,0.0,0.0,0.0,0.0,0.0,0.0,0.0,0.0,0.0,0.0,0.0,0.0,0.0,0.0,0.0,2.004,0.0,-0.0,-2.004,0.0,0.0,0.0,0.0,5411.0,0.0,6951.0,0.0,-107615328.0,-107615280.0,-0.0,0.0,0.0,0.0,0.0,63,107615312.0,-0.0,0.0,0.0,0.0,0.0,0.0,0.0,0.0,0,0,0,0.0,0.0,0.0,0.0,0.0,0.0,0.0,0.0,0.0,0.0,0.0,0.0,0.0,0.0,0.0,0.0,0,-107875648.0,63,0.0,126,2.7184242562605685e+23,-0.0,ERR,ERR,ERR,ERR,ERR,ERR,ERR,ERR,ERR,ERR,ERR,ERR,ERR,ERR,ERR,ERR,ERR,ERR,ERR,ERR,ERR,ERR,ERR,ERR,ERR,ERR,ERR,ERR,ERR,ERR,ERR,ERR,ERR,ERR,ERR,ERR,ERR,ERR,ERR,ERR,ERR,ERR,ERR,ERR,ERR,ERR,ERR,ERR,ERR,ERR,ERR,ERR,ERR,ERR,ERR,ERR,ERR,ERR,ERR,ERR,ERR,ERR,ERR,ERR,ERR,ERR,ERR,34.0,80.0,35,0.0,0.0,0.0,0.0,0.0,0.0,0.0,0.0,0.0,0.0,0.0,0.0,0.0,0.0,0.0,0.0,64.8,0,116,56,50,65476,0,300,0,0,8,20529,65476,0,0,57672,80.0,0.0,0.0,0.0,0.0,0.0
2026-06-17T04:29:54,ERR,ERR,ERR,ERR,ERR,ERR,ERR,ERR,ERR,ERR,ERR,ERR,ERR,ERR,ERR,ERR,ERR,ERR,ERR,ERR,ERR,ERR,ERR,ERR,ERR,ERR,ERR,ERR,ERR,ERR,ERR,ERR,ERR,ERR,ERR,ERR,ERR,ERR,ERR,ERR,ERR,ERR,ERR,ERR,ERR,ERR,ERR,ERR,ERR,ERR,ERR,ERR,ERR,ERR,ERR,ERR,ERR,ERR,ERR,ERR,ERR,ERR,ERR,ERR,ERR,ERR,ERR,ERR,ERR,ERR,ERR,ERR,ERR,ERR,ERR,ERR,ERR,ERR,ERR,ERR,ERR,ERR,ERR,ERR,ERR,ERR,ERR,ERR,ERR,ERR,ERR,ERR,ERR,ERR,ERR,ERR,ERR,ERR,ERR,ERR,ERR,ERR,ERR,ERR,ERR,ERR,ERR,ERR,ERR,ERR,ERR,ERR,ERR,ERR,ERR,ERR,ERR,ERR,ERR,ERR,ERR,ERR,ERR,ERR,ERR,0.0,-107615328.0,0.0,0.0,0.0,1.3936040501711995e+18,7.805,0.0,0,0,4,0,7300,-0.0,0,0.0,0.0,0.0,0.0,0.0,0,0,0,0,0.0,0,0,0,0,0,0,0,0,0,0,0,0,0,0,0,0,0,0,0,0,0,0,0,0,0,0,0,0,0,0,0,0,0,32,30,30,62,65476,0,300,0,0,8,21553,0.0,-107605600.0,0.0,0.0,0.0,0.0,0.0,0.0,0.0,0.0,0.0,0.0,0.0,0.0,0.0,0.0,0.0,0.0,0.0,0.0,0.0,0.0,2.004,0.0,-0.0,-2.004,0.0,0.0,0.0,0.0,5411.0,0.0,6951.0,0.0,-107615328.0,-107615280.0,-0.0,0.0,0.0,0.0,0.0,63,107615312.0,-0.0,0.0,0.0,0.0,0.0,0.0,0.0,0.0,0,0,0,0.0,0.0,0.0,0.0,0.0,0.0,0.0,0.0,0.0,0.0,0.0,0.0,0.0,0.0,0.0,0.0,0,-107875648.0,63,0.0,126,2.7184242562605685e+23,-0.0,ERR,ERR,ERR,ERR,ERR,ERR,ERR,ERR,ERR,ERR,ERR,ERR,ERR,ERR,ERR,ERR,ERR,ERR,ERR,ERR,ERR,ERR,ERR,ERR,ERR,ERR,ERR,ERR,ERR,ERR,ERR,ERR,ERR,ERR,ERR,ERR,ERR,ERR,ERR,ERR,ERR,ERR,ERR,ERR,ERR,ERR,ERR,ERR,ERR,ERR,ERR,ERR,ERR,ERR,ERR,ERR,ERR,ERR,ERR,ERR,ERR,ERR,ERR,ERR,ERR,ERR,ERR,34.0,80.0,35,0.0,0.0,0.0,0.0,0.0,0.0,0.0,0.0,0.0,0.0,0.0,0.0,0.0,0.0,0.0,0.0,64.4,0,116,56,50,65476,0,300,0,0,8,20529,65476,0,0,57672,80.0,0.0,0.0,0.0,0.0,0.0
2026-06-17T04:29:55,ERR,ERR,ERR,ERR,ERR,ERR,ERR,ERR,ERR,ERR,ERR,ERR,ERR,ERR,ERR,ERR,ERR,ERR,ERR,ERR,ERR,ERR,ERR,ERR,ERR,ERR,ERR,ERR,ERR,ERR,ERR,ERR,ERR,ERR,ERR,ERR,ERR,ERR,ERR,ERR,ERR,ERR,ERR,ERR,ERR,ERR,ERR,ERR,ERR,ERR,ERR,ERR,ERR,ERR,ERR,ERR,ERR,ERR,ERR,ERR,ERR,ERR,ERR,ERR,ERR,ERR,ERR,ERR,ERR,ERR,ERR,ERR,ERR,ERR,ERR,ERR,ERR,ERR,ERR,ERR,ERR,ERR,ERR,ERR,ERR,ERR,ERR,ERR,ERR,ERR,ERR,ERR,ERR,ERR,ERR,ERR,ERR,ERR,ERR,ERR,ERR,ERR,ERR,ERR,ERR,ERR,ERR,ERR,ERR,ERR,ERR,ERR,ERR,ERR,ERR,ERR,ERR,ERR,ERR,ERR,ERR,ERR,ERR,ERR,ERR,0.0,-107615328.0,0.0,0.0,0.0,1.3936040501711995e+18,7.805,0.0,0,0,4,0,7300,-0.0,0,0.0,0.0,0.0,0.0,0.0,0,0,0,0,0.0,0,0,0,0,0,0,0,0,0,0,0,0,0,0,0,0,0,0,0,0,0,0,0,0,0,0,0,0,0,0,0,0,0,32,30,30,62,65476,0,300,0,0,8,21553,0.0,-107605600.0,0.0,0.0,0.0,0.0,0.0,0.0,0.0,0.0,0.0,0.0,0.0,0.0,0.0,0.0,0.0,0.0,0.0,0.0,0.0,0.0,2.004,0.0,-0.0,-2.004,0.0,0.0,0.0,0.0,5411.0,0.0,6951.0,0.0,-107615328.0,-107615280.0,-0.0,0.0,0.0,0.0,0.0,63,107615312.0,-0.0,0.0,0.0,0.0,0.0,0.0,0.0,0.0,0,0,0,0.0,0.0,0.0,0.0,0.0,0.0,0.0,0.0,0.0,0.0,0.0,0.0,0.0,0.0,0.0,0.0,0,-107875648.0,63,0.0,126,2.7184242562605685e+23,-0.0,ERR,ERR,ERR,ERR,ERR,ERR,ERR,ERR,ERR,ERR,ERR,ERR,ERR,ERR,ERR,ERR,ERR,ERR,ERR,ERR,ERR,ERR,ERR,ERR,ERR,ERR,ERR,ERR,ERR,ERR,ERR,ERR,ERR,ERR,ERR,ERR,ERR,ERR,ERR,ERR,ERR,ERR,ERR,ERR,ERR,ERR,ERR,ERR,ERR,ERR,ERR,ERR,ERR,ERR,ERR,ERR,ERR,ERR,ERR,ERR,ERR,ERR,ERR,ERR,ERR,ERR,ERR,34.0,80.0,35,0.0,0.0,0.0,0.0,0.0,0.0,0.0,0.0,0.0,0.0,0.0,0.0,0.0,0.0,0.0,0.0,64.4,0,116,56,50,65476,0,300,0,0,8,20529,65476,0,0,57672,80.0,0.0,0.0,0.0,0.0,0.0
2026-06-17T04:29:56,ERR,ERR,ERR,ERR,ERR,ERR,ERR,ERR,ERR,ERR,ERR,ERR,ERR,ERR,ERR,ERR,ERR,ERR,ERR,ERR,ERR,ERR,ERR,ERR,ERR,ERR,ERR,ERR,ERR,ERR,ERR,ERR,ERR,ERR,ERR,ERR,ERR,ERR,ERR,ERR,ERR,ERR,ERR,ERR,ERR,ERR,ERR,ERR,ERR,ERR,ERR,ERR,ERR,ERR,ERR,ERR,ERR,ERR,ERR,ERR,ERR,ERR,ERR,ERR,ERR,ERR,ERR,ERR,ERR,ERR,ERR,ERR,ERR,ERR,ERR,ERR,ERR,ERR,ERR,ERR,ERR,ERR,ERR,ERR,ERR,ERR,ERR,ERR,ERR,ERR,ERR,ERR,ERR,ERR,ERR,ERR,ERR,ERR,ERR,ERR,ERR,ERR,ERR,ERR,ERR,ERR,ERR,ERR,ERR,ERR,ERR,ERR,ERR,ERR,ERR,ERR,ERR,ERR,ERR,ERR,ERR,ERR,ERR,ERR,ERR,0.0,-107615328.0,0.0,0.0,0.0,1.3936040501711995e+18,7.805,0.0,0,0,4,0,7300,-0.0,0,0.0,0.0,0.0,0.0,0.0,0,0,0,0,0.0,0,0,0,0,0,0,0,0,0,0,0,0,0,0,0,0,0,0,0,0,0,0,0,0,0,0,0,0,0,0,0,0,0,32,30,30,62,65476,0,300,0,0,8,21553,0.0,-107605600.0,0.0,0.0,0.0,0.0,0.0,0.0,0.0,0.0,0.0,0.0,0.0,0.0,0.0,0.0,0.0,0.0,0.0,0.0,0.0,0.0,2.004,0.0,-0.0,-2.004,0.0,0.0,0.0,0.0,5411.0,0.0,6951.0,0.0,-107615328.0,-107615280.0,-0.0,0.0,0.0,0.0,0.0,63,107615312.0,-0.0,0.0,0.0,0.0,0.0,0.0,0.0,0.0,0,0,0,0.0,0.0,0.0,0.0,0.0,0.0,0.0,0.0,0.0,0.0,0.0,0.0,0.0,0.0,0.0,0.0,0,-107875648.0,63,0.0,126,2.7184242562605685e+23,-0.0,ERR,ERR,ERR,ERR,ERR,ERR,ERR,ERR,ERR,ERR,ERR,ERR,ERR,ERR,ERR,ERR,ERR,ERR,ERR,ERR,ERR,ERR,ERR,ERR,ERR,ERR,ERR,ERR,ERR,ERR,ERR,ERR,ERR,ERR,ERR,ERR,ERR,ERR,ERR,ERR,ERR,ERR,ERR,ERR,ERR,ERR,ERR,ERR,ERR,ERR,ERR,ERR,ERR,ERR,ERR,ERR,ERR,ERR,ERR,ERR,ERR,ERR,ERR,ERR,ERR,ERR,ERR,34.0,80.0,35,0.0,0.0,0.0,0.0,0.0,0.0,0.0,0.0,0.0,0.0,0.0,0.0,0.0,0.0,0.0,0.0,64.4,0,116,56,50,65476,0,300,0,0,8,20529,65476,0,0,57672,80.0,0.0,0.0,0.0,0.0,0.0
2026-06-17T04:29:57,ERR,ERR,ERR,ERR,ERR,ERR,ERR,ERR,ERR,ERR,ERR,ERR,ERR,ERR,ERR,ERR,ERR,ERR,ERR,ERR,ERR,ERR,ERR,ERR,ERR,ERR,ERR,ERR,ERR,ERR,ERR,ERR,ERR,ERR,ERR,ERR,ERR,ERR,ERR,ERR,ERR,ERR,ERR,ERR,ERR,ERR,ERR,ERR,ERR,ERR,ERR,ERR,ERR,ERR,ERR,ERR,ERR,ERR,ERR,ERR,ERR,ERR,ERR,ERR,ERR,ERR,ERR,ERR,ERR,ERR,ERR,ERR,ERR,ERR,ERR,ERR,ERR,ERR,ERR,ERR,ERR,ERR,ERR,ERR,ERR,ERR,ERR,ERR,ERR,ERR,ERR,ERR,ERR,ERR,ERR,ERR,ERR,ERR,ERR,ERR,ERR,ERR,ERR,ERR,ERR,ERR,ERR,ERR,ERR,ERR,ERR,ERR,ERR,ERR,ERR,ERR,ERR,ERR,ERR,ERR,ERR,ERR,ERR,ERR,ERR,0.0,-107615328.0,0.0,0.0,0.0,1.3936040501711995e+18,7.805,0.0,0,0,4,0,7300,-0.0,0,0.0,0.0,0.0,0.0,0.0,0,0,0,0,0.0,0,0,0,0,0,0,0,0,0,0,0,0,0,0,0,0,0,0,0,0,0,0,0,0,0,0,0,0,0,0,0,0,0,32,30,30,62,65476,0,300,0,0,8,21553,0.0,-107605600.0,0.0,0.0,0.0,0.0,0.0,0.0,0.0,0.0,0.0,0.0,0.0,0.0,0.0,0.0,0.0,0.0,0.0,0.0,0.0,0.0,2.004,0.0,-0.0,-2.004,0.0,0.0,0.0,0.0,5412.0,2.004,6952.0,0.0,-107615328.0,-107615280.0,-0.0,0.0,0.0,0.0,0.0,63,126841077760.0,-0.0,0.0,0.0,0.0,0.0,0.0,0.0,0.0,0,0,0,0.0,0.0,0.0,0.0,0.0,0.0,0.0,0.0,0.0,0.0,0.0,0.0,0.0,0.0,0.0,0.0,0,-107875648.0,63,0.0,126,2.7184242562605685e+23,-0.0,ERR,ERR,ERR,ERR,ERR,ERR,ERR,ERR,ERR,ERR,ERR,ERR,ERR,ERR,ERR,ERR,ERR,ERR,ERR,ERR,ERR,ERR,ERR,ERR,ERR,ERR,ERR,ERR,ERR,ERR,ERR,ERR,ERR,ERR,ERR,ERR,ERR,ERR,ERR,ERR,ERR,ERR,ERR,ERR,ERR,ERR,ERR,ERR,ERR,ERR,ERR,ERR,ERR,ERR,ERR,ERR,ERR,ERR,ERR,ERR,ERR,ERR,ERR,ERR,ERR,ERR,ERR,34.0,80.0,35,0.0,0.0,0.0,0.0,0.0,0.0,0.0,0.0,0.0,0.0,0.0,0.0,0.0,0.0,0.0,0.0,64.4,0,116,56,50,65476,0,300,0,0,8,20529,65476,0,0,57672,80.0,0.0,0.0,0.0,0.0,0.0
2026-06-17T04:29:58,ERR,ERR,ERR,ERR,ERR,ERR,ERR,ERR,ERR,ERR,ERR,ERR,ERR,ERR,ERR,ERR,ERR,ERR,ERR,ERR,ERR,ERR,ERR,ERR,ERR,ERR,ERR,ERR,ERR,ERR,ERR,ERR,ERR,ERR,ERR,ERR,ERR,ERR,ERR,ERR,ERR,ERR,ERR,ERR,ERR,ERR,ERR,ERR,ERR,ERR,ERR,ERR,ERR,ERR,ERR,ERR,ERR,ERR,ERR,ERR,ERR,ERR,ERR,ERR,ERR,ERR,ERR,ERR,ERR,ERR,ERR,ERR,ERR,ERR,ERR,ERR,ERR,ERR,ERR,ERR,ERR,ERR,ERR,ERR,ERR,ERR,ERR,ERR,ERR,ERR,ERR,ERR,ERR,ERR,ERR,ERR,ERR,ERR,ERR,ERR,ERR,ERR,ERR,ERR,ERR,ERR,ERR,ERR,ERR,ERR,ERR,ERR,ERR,ERR,ERR,ERR,ERR,ERR,ERR,ERR,ERR,ERR,ERR,ERR,ERR,0.0,-107615328.0,0.0,0.0,0.0,1.3936040501711995e+18,7.805,0.0,0,0,4,0,7300,-0.0,0,0.0,0.0,0.0,0.0,0.0,0,0,0,0,0.0,0,0,0,0,0,0,0,0,0,0,0,0,0,0,0,0,0,0,0,0,0,0,0,0,0,0,0,0,0,0,0,0,0,32,30,30,62,65476,0,300,0,0,8,21553,0.0,-107605600.0,0.0,0.0,0.0,0.0,0.0,0.0,0.0,0.0,0.0,0.0,0.0,0.0,0.0,0.0,0.0,0.0,0.0,0.0,0.0,0.0,2.004,0.0,-0.0,-2.004,0.0,0.0,0.0,0.0,5412.0,2.004,6952.0,0.0,-107615328.0,-107615280.0,-0.0,0.0,0.0,0.0,0.0,63,126841077760.0,-0.0,0.0,0.0,0.0,0.0,0.0,0.0,0.0,0,0,0,0.0,0.0,0.0,0.0,0.0,0.0,0.0,0.0,0.0,0.0,0.0,0.0,0.0,0.0,0.0,0.0,0,-107875648.0,63,0.0,126,2.7184242562605685e+23,-0.0,ERR,ERR,ERR,ERR,ERR,ERR,ERR,ERR,ERR,ERR,ERR,ERR,ERR,ERR,ERR,ERR,ERR,ERR,ERR,ERR,ERR,ERR,ERR,ERR,ERR,ERR,ERR,ERR,ERR,ERR,ERR,ERR,ERR,ERR,ERR,ERR,ERR,ERR,ERR,ERR,ERR,ERR,ERR,ERR,ERR,ERR,ERR,ERR,ERR,ERR,ERR,ERR,ERR,ERR,ERR,ERR,ERR,ERR,ERR,ERR,ERR,ERR,ERR,ERR,ERR,ERR,ERR,34.0,80.0,35,0.0,0.0,0.0,0.0,0.0,0.0,0.0,0.0,0.0,0.0,0.0,0.0,0.0,0.0,0.0,0.0,64.4,0,116,56,50,65476,0,300,0,0,8,20529,65476,0,0,57672,80.0,0.0,0.0,0.0,0.0,0.0
2026-06-17T04:29:59,ERR,ERR,ERR,ERR,ERR,ERR,ERR,ERR,ERR,ERR,ERR,ERR,ERR,ERR,ERR,ERR,ERR,ERR,ERR,ERR,ERR,ERR,ERR,ERR,ERR,ERR,ERR,ERR,ERR,ERR,ERR,ERR,ERR,ERR,ERR,ERR,ERR,ERR,ERR,ERR,ERR,ERR,ERR,ERR,ERR,ERR,ERR,ERR,ERR,ERR,ERR,ERR,ERR,ERR,ERR,ERR,ERR,ERR,ERR,ERR,ERR,ERR,ERR,ERR,ERR,ERR,ERR,ERR,ERR,ERR,ERR,ERR,ERR,ERR,ERR,ERR,ERR,ERR,ERR,ERR,ERR,ERR,ERR,ERR,ERR,ERR,ERR,ERR,ERR,ERR,ERR,ERR,ERR,ERR,ERR,ERR,ERR,ERR,ERR,ERR,ERR,ERR,ERR,ERR,ERR,ERR,ERR,ERR,ERR,ERR,ERR,ERR,ERR,ERR,ERR,ERR,ERR,ERR,ERR,ERR,ERR,ERR,ERR,ERR,ERR,0.0,-107615328.0,0.0,0.0,0.0,1.3936040501711995e+18,7.805,0.0,0,0,4,0,7300,-0.0,0,0.0,0.0,0.0,0.0,0.0,0,0,0,0,0.0,0,0,0,0,0,0,0,0,0,0,0,0,0,0,0,0,0,0,0,0,0,0,0,0,0,0,0,0,0,0,0,0,0,32,30,30,62,65476,0,300,0,0,8,21553,0.0,-107605600.0,0.0,0.0,0.0,0.0,0.0,0.0,0.0,0.0,0.0,0.0,0.0,0.0,0.0,0.0,0.0,0.0,0.0,0.0,0.0,0.0,2.004,0.0,-0.0,-2.004,0.0,0.0,0.0,0.0,5412.0,2.004,6952.0,0.0,-107615328.0,-107615280.0,-0.0,0.0,0.0,0.0,0.0,63,126841077760.0,-0.0,0.0,0.0,0.0,0.0,0.0,0.0,0.0,0,0,0,0.0,0.0,0.0,0.0,0.0,0.0,0.0,0.0,0.0,0.0,0.0,0.0,0.0,0.0,0.0,0.0,0,-107875648.0,63,0.0,126,2.7184242562605685e+23,-0.0,ERR,ERR,ERR,ERR,ERR,ERR,ERR,ERR,ERR,ERR,ERR,ERR,ERR,ERR,ERR,ERR,ERR,ERR,ERR,ERR,ERR,ERR,ERR,ERR,ERR,ERR,ERR,ERR,ERR,ERR,ERR,ERR,ERR,ERR,ERR,ERR,ERR,ERR,ERR,ERR,ERR,ERR,ERR,ERR,ERR,ERR,ERR,ERR,ERR,ERR,ERR,ERR,ERR,ERR,ERR,ERR,ERR,ERR,ERR,ERR,ERR,ERR,ERR,ERR,ERR,ERR,ERR,34.0,80.0,35,0.0,0.0,0.0,0.0,0.0,0.0,0.0,0.0,0.0,0.0,0.0,0.0,0.0,0.0,0.0,0.0,64.4,0,116,56,50,65476,0,300,0,0,8,20529,65476,0,0,57672,80.0,0.0,0.0,0.0,0.0,0.0
2026-06-17T04:30:00,ERR,ERR,ERR,ERR,ERR,ERR,ERR,ERR,ERR,ERR,ERR,ERR,ERR,ERR,ERR,ERR,ERR,ERR,ERR,ERR,ERR,ERR,ERR,ERR,ERR,ERR,ERR,ERR,ERR,ERR,ERR,ERR,ERR,ERR,ERR,ERR,ERR,ERR,ERR,ERR,ERR,ERR,ERR,ERR,ERR,ERR,ERR,ERR,ERR,ERR,ERR,ERR,ERR,ERR,ERR,ERR,ERR,ERR,ERR,ERR,ERR,ERR,ERR,ERR,ERR,ERR,ERR,ERR,ERR,ERR,ERR,ERR,ERR,ERR,ERR,ERR,ERR,ERR,ERR,ERR,ERR,ERR,ERR,ERR,ERR,ERR,ERR,ERR,ERR,ERR,ERR,ERR,ERR,ERR,ERR,ERR,ERR,ERR,ERR,ERR,ERR,ERR,ERR,ERR,ERR,ERR,ERR,ERR,ERR,ERR,ERR,ERR,ERR,ERR,ERR,ERR,ERR,ERR,ERR,ERR,ERR,ERR,ERR,ERR,ERR,0.0,-107615328.0,0.0,0.0,0.0,1.3936040501711995e+18,7.805,0.0,0,0,4,0,7300,-0.0,0,0.0,0.0,0.0,0.0,0.0,0,0,0,0,0.0,0,0,0,0,0,0,0,0,0,0,0,0,0,0,0,0,0,0,0,0,0,0,0,0,0,0,0,0,0,0,0,0,0,32,30,30,62,65476,0,300,0,0,8,21553,0.0,-107605600.0,0.0,0.0,0.0,0.0,0.0,0.0,0.0,0.0,0.0,0.0,0.0,0.0,0.0,0.0,0.0,0.0,0.0,0.0,0.0,0.0,2.004,0.0,-0.0,-2.004,0.0,0.0,0.0,0.0,5412.0,2.004,6952.0,0.0,-107615328.0,-107615280.0,-0.0,0.0,0.0,0.0,0.0,63,126841077760.0,-0.0,0.0,0.0,0.0,0.0,0.0,0.0,0.0,0,0,0,0.0,0.0,0.0,0.0,0.0,0.0,0.0,0.0,0.0,0.0,0.0,0.0,0.0,0.0,0.0,0.0,0,-107875648.0,63,0.0,126,2.7184242562605685e+23,-0.0,ERR,ERR,ERR,ERR,ERR,ERR,ERR,ERR,ERR,ERR,ERR,ERR,ERR,ERR,ERR,ERR,ERR,ERR,ERR,ERR,ERR,ERR,ERR,ERR,ERR,ERR,ERR,ERR,ERR,ERR,ERR,ERR,ERR,ERR,ERR,ERR,ERR,ERR,ERR,ERR,ERR,ERR,ERR,ERR,ERR,ERR,ERR,ERR,ERR,ERR,ERR,ERR,ERR,ERR,ERR,ERR,ERR,ERR,ERR,ERR,ERR,ERR,ERR,ERR,ERR,ERR,ERR,34.0,80.0,35,0.0,0.0,0.0,0.0,0.0,0.0,0.0,0.0,0.0,0.0,0.0,0.0,0.0,0.0,0.0,0.0,64.4,0,116,56,50,65476,0,300,0,0,8,20529,65476,0,0,57672,80.0,0.0,0.0,0.0,0.0,0.0
2026-06-17T04:30:01,ERR,ERR,ERR,ERR,ERR,ERR,ERR,ERR,ERR,ERR,ERR,ERR,ERR,ERR,ERR,ERR,ERR,ERR,ERR,ERR,ERR,ERR,ERR,ERR,ERR,ERR,ERR,ERR,ERR,ERR,ERR,ERR,ERR,ERR,ERR,ERR,ERR,ERR,ERR,ERR,ERR,ERR,ERR,ERR,ERR,ERR,ERR,ERR,ERR,ERR,ERR,ERR,ERR,ERR,ERR,ERR,ERR,ERR,ERR,ERR,ERR,ERR,ERR,ERR,ERR,ERR,ERR,ERR,ERR,ERR,ERR,ERR,ERR,ERR,ERR,ERR,ERR,ERR,ERR,ERR,ERR,ERR,ERR,ERR,ERR,ERR,ERR,ERR,ERR,ERR,ERR,ERR,ERR,ERR,ERR,ERR,ERR,ERR,ERR,ERR,ERR,ERR,ERR,ERR,ERR,ERR,ERR,ERR,ERR,ERR,ERR,ERR,ERR,ERR,ERR,ERR,ERR,ERR,ERR,ERR,ERR,ERR,ERR,ERR,ERR,0.0,-107615328.0,0.0,0.0,0.0,1.3936040501711995e+18,7.805,0.0,0,0,4,0,7300,-0.0,0,0.0,0.0,0.0,0.0,0.0,0,0,0,0,0.0,0,0,0,0,0,0,0,0,0,0,0,0,0,0,0,0,0,0,0,0,0,0,0,0,0,0,0,0,0,0,0,0,0,32,30,30,62,65476,0,300,0,0,8,21553,0.0,-107605600.0,0.0,0.0,0.0,0.0,0.0,0.0,0.0,0.0,0.0,0.0,0.0,0.0,0.0,0.0,0.0,0.0,0.0,0.0,0.0,0.0,2.004,0.0,-0.0,-2.004,0.0,0.0,0.0,0.0,5412.0,2.004,6952.0,0.0,-107615328.0,-107615280.0,-0.0,0.0,0.0,0.0,0.0,63,126841077760.0,-0.0,0.0,0.0,0.0,0.0,0.0,0.0,0.0,0,0,0,0.0,0.0,0.0,0.0,0.0,0.0,0.0,0.0,0.0,0.0,0.0,0.0,0.0,0.0,0.0,0.0,0,-107875648.0,63,0.0,126,2.7184242562605685e+23,-0.0,ERR,ERR,ERR,ERR,ERR,ERR,ERR,ERR,ERR,ERR,ERR,ERR,ERR,ERR,ERR,ERR,ERR,ERR,ERR,ERR,ERR,ERR,ERR,ERR,ERR,ERR,ERR,ERR,ERR,ERR,ERR,ERR,ERR,ERR,ERR,ERR,ERR,ERR,ERR,ERR,ERR,ERR,ERR,ERR,ERR,ERR,ERR,ERR,ERR,ERR,ERR,ERR,ERR,ERR,ERR,ERR,ERR,ERR,ERR,ERR,ERR,ERR,ERR,ERR,ERR,ERR,ERR,34.0,80.0,35,0.0,0.0,0.0,0.0,0.0,0.0,0.0,0.0,0.0,0.0,0.0,0.0,0.0,0.0,0.0,0.0,64.4,0,116,56,50,65476,0,300,0,0,8,20529,65476,0,0,57672,80.0,0.0,0.0,0.0,0.0,0.0
2026-06-17T04:30:02,ERR,ERR,ERR,ERR,ERR,ERR,ERR,ERR,ERR,ERR,ERR,ERR,ERR,ERR,ERR,ERR,ERR,ERR,ERR,ERR,ERR,ERR,ERR,ERR,ERR,ERR,ERR,ERR,ERR,ERR,ERR,ERR,ERR,ERR,ERR,ERR,ERR,ERR,ERR,ERR,ERR,ERR,ERR,ERR,ERR,ERR,ERR,ERR,ERR,ERR,ERR,ERR,ERR,ERR,ERR,ERR,ERR,ERR,ERR,ERR,ERR,ERR,ERR,ERR,ERR,ERR,ERR,ERR,ERR,ERR,ERR,ERR,ERR,ERR,ERR,ERR,ERR,ERR,ERR,ERR,ERR,ERR,ERR,ERR,ERR,ERR,ERR,ERR,ERR,ERR,ERR,ERR,ERR,ERR,ERR,ERR,ERR,ERR,ERR,ERR,ERR,ERR,ERR,ERR,ERR,ERR,ERR,ERR,ERR,ERR,ERR,ERR,ERR,ERR,ERR,ERR,ERR,ERR,ERR,ERR,ERR,ERR,ERR,ERR,ERR,0.0,-107615328.0,0.0,0.0,0.0,1.3936040501711995e+18,7.805,0.0,0,0,4,0,7300,-0.0,0,0.0,0.0,0.0,0.0,0.0,0,0,0,0,0.0,0,0,0,0,0,0,0,0,0,0,0,0,0,0,0,0,0,0,0,0,0,0,0,0,0,0,0,0,0,0,0,0,0,32,30,30,62,65476,0,300,0,0,8,21553,0.0,-107605600.0,0.0,0.0,0.0,0.0,0.0,0.0,0.0,0.0,0.0,0.0,0.0,0.0,0.0,0.0,0.0,0.0,0.0,0.0,0.0,0.0,2.004,0.0,-0.0,-2.004,0.0,0.0,0.0,0.0,5412.0,0.0,6951.0,0.0,-107615328.0,-107615280.0,-0.0,0.0,0.0,0.0,0.0,63,126841077760.0,-0.0,0.0,0.0,0.0,0.0,0.0,0.0,0.0,0,0,0,0.0,0.0,0.0,0.0,0.0,0.0,0.0,0.0,0.0,0.0,0.0,0.0,0.0,0.0,0.0,0.0,0,-107875648.0,63,0.0,126,2.7184242562605685e+23,-0.0,ERR,ERR,ERR,ERR,ERR,ERR,ERR,ERR,ERR,ERR,ERR,ERR,ERR,ERR,ERR,ERR,ERR,ERR,ERR,ERR,ERR,ERR,ERR,ERR,ERR,ERR,ERR,ERR,ERR,ERR,ERR,ERR,ERR,ERR,ERR,ERR,ERR,ERR,ERR,ERR,ERR,ERR,ERR,ERR,ERR,ERR,ERR,ERR,ERR,ERR,ERR,ERR,ERR,ERR,ERR,ERR,ERR,ERR,ERR,ERR,ERR,ERR,ERR,ERR,ERR,ERR,ERR,34.0,80.0,35,0.0,0.0,0.0,0.0,0.0,0.0,0.0,0.0,0.0,0.0,0.0,0.0,0.0,0.0,0.0,0.0,64.4,0,116,56,50,65476,0,300,0,0,8,20529,65476,0,0,57672,80.0,0.0,0.0,0.0,0.0,0.0
2026-06-17T04:30:03,ERR,ERR,ERR,ERR,ERR,ERR,ERR,ERR,ERR,ERR,ERR,ERR,ERR,ERR,ERR,ERR,ERR,ERR,ERR,ERR,ERR,ERR,ERR,ERR,ERR,ERR,ERR,ERR,ERR,ERR,ERR,ERR,ERR,ERR,ERR,ERR,ERR,ERR,ERR,ERR,ERR,ERR,ERR,ERR,ERR,ERR,ERR,ERR,ERR,ERR,ERR,ERR,ERR,ERR,ERR,ERR,ERR,ERR,ERR,ERR,ERR,ERR,ERR,ERR,ERR,ERR,ERR,ERR,ERR,ERR,ERR,ERR,ERR,ERR,ERR,ERR,ERR,ERR,ERR,ERR,ERR,ERR,ERR,ERR,ERR,ERR,ERR,ERR,ERR,ERR,ERR,ERR,ERR,ERR,ERR,ERR,ERR,ERR,ERR,ERR,ERR,ERR,ERR,ERR,ERR,ERR,ERR,ERR,ERR,ERR,ERR,ERR,ERR,ERR,ERR,ERR,ERR,ERR,ERR,ERR,ERR,ERR,ERR,ERR,ERR,0.0,-107615328.0,0.0,0.0,0.0,1.3936040501711995e+18,7.805,0.0,0,0,4,0,7300,-0.0,0,0.0,0.0,0.0,0.0,0.0,0,0,0,0,0.0,0,0,0,0,0,0,0,0,0,0,0,0,0,0,0,0,0,0,0,0,0,0,0,0,0,0,0,0,0,0,0,0,0,32,30,30,62,65476,0,300,0,0,8,21553,0.0,-107605600.0,0.0,0.0,0.0,0.0,0.0,0.0,0.0,0.0,0.0,0.0,0.0,0.0,0.0,0.0,0.0,0.0,0.0,0.0,0.0,0.0,2.004,0.0,-0.0,-2.004,0.0,0.0,0.0,0.0,5412.0,0.0,6951.0,0.0,-107615328.0,-107615280.0,-0.0,0.0,0.0,0.0,0.0,63,126841077760.0,-0.0,0.0,0.0,0.0,0.0,0.0,0.0,0.0,0,0,0,0.0,0.0,0.0,0.0,0.0,0.0,0.0,0.0,0.0,0.0,0.0,0.0,0.0,0.0,0.0,0.0,0,-107875648.0,63,0.0,126,2.7184242562605685e+23,-0.0,ERR,ERR,ERR,ERR,ERR,ERR,ERR,ERR,ERR,ERR,ERR,ERR,ERR,ERR,ERR,ERR,ERR,ERR,ERR,ERR,ERR,ERR,ERR,ERR,ERR,ERR,ERR,ERR,ERR,ERR,ERR,ERR,ERR,ERR,ERR,ERR,ERR,ERR,ERR,ERR,ERR,ERR,ERR,ERR,ERR,ERR,ERR,ERR,ERR,ERR,ERR,ERR,ERR,ERR,ERR,ERR,ERR,ERR,ERR,ERR,ERR,ERR,ERR,ERR,ERR,ERR,ERR,34.0,80.0,35,0.0,0.0,0.0,0.0,0.0,0.0,0.0,0.0,0.0,0.0,0.0,0.0,0.0,0.0,0.0,0.0,64.4,0,116,56,50,65476,0,300,0,0,8,20529,65476,0,0,57672,80.0,0.0,0.0,0.0,0.0,0.0
2026-06-17T04:30:04,ERR,ERR,ERR,ERR,ERR,ERR,ERR,ERR,ERR,ERR,ERR,ERR,ERR,ERR,ERR,ERR,ERR,ERR,ERR,ERR,ERR,ERR,ERR,ERR,ERR,ERR,ERR,ERR,ERR,ERR,ERR,ERR,ERR,ERR,ERR,ERR,ERR,ERR,ERR,ERR,ERR,ERR,ERR,ERR,ERR,ERR,ERR,ERR,ERR,ERR,ERR,ERR,ERR,ERR,ERR,ERR,ERR,ERR,ERR,ERR,ERR,ERR,ERR,ERR,ERR,ERR,ERR,ERR,ERR,ERR,ERR,ERR,ERR,ERR,ERR,ERR,ERR,ERR,ERR,ERR,ERR,ERR,ERR,ERR,ERR,ERR,ERR,ERR,ERR,ERR,ERR,ERR,ERR,ERR,ERR,ERR,ERR,ERR,ERR,ERR,ERR,ERR,ERR,ERR,ERR,ERR,ERR,ERR,ERR,ERR,ERR,ERR,ERR,ERR,ERR,ERR,ERR,ERR,ERR,ERR,ERR,ERR,ERR,ERR,ERR,0.0,-107615328.0,0.0,0.0,0.0,1.3936040501711995e+18,7.805,0.0,0,0,4,0,7300,-0.0,0,0.0,0.0,0.0,0.0,0.0,0,0,0,0,0.0,0,0,0,0,0,0,0,0,0,0,0,0,0,0,0,0,0,0,0,0,0,0,0,0,0,0,0,0,0,0,0,0,0,32,30,30,62,65476,0,300,0,0,8,21553,0.0,-107605600.0,0.0,0.0,0.0,0.0,0.0,0.0,0.0,0.0,0.0,0.0,0.0,0.0,0.0,0.0,0.0,0.0,0.0,0.0,0.0,0.0,2.004,0.0,-0.0,-2.004,0.0,0.0,0.0,0.0,5412.0,0.0,6951.0,0.0,-107615328.0,-107615280.0,-0.0,0.0,0.0,0.0,0.0,63,126841077760.0,-0.0,0.0,0.0,0.0,0.0,0.0,0.0,0.0,0,0,0,0.0,0.0,0.0,0.0,0.0,0.0,0.0,0.0,0.0,0.0,0.0,0.0,0.0,0.0,0.0,0.0,0,-107875648.0,63,0.0,126,2.7184242562605685e+23,-0.0,ERR,ERR,ERR,ERR,ERR,ERR,ERR,ERR,ERR,ERR,ERR,ERR,ERR,ERR,ERR,ERR,ERR,ERR,ERR,ERR,ERR,ERR,ERR,ERR,ERR,ERR,ERR,ERR,ERR,ERR,ERR,ERR,ERR,ERR,ERR,ERR,ERR,ERR,ERR,ERR,ERR,ERR,ERR,ERR,ERR,ERR,ERR,ERR,ERR,ERR,ERR,ERR,ERR,ERR,ERR,ERR,ERR,ERR,ERR,ERR,ERR,ERR,ERR,ERR,ERR,ERR,ERR,34.0,80.0,35,0.0,0.0,0.0,0.0,0.0,0.0,0.0,0.0,0.0,0.0,0.0,0.0,0.0,0.0,0.0,0.0,64.8,0,116,56,50,65476,0,300,0,0,8,20529,65476,0,0,57672,80.0,0.0,0.0,0.0,0.0,0.0
2026-06-17T04:30:05,ERR,ERR,ERR,ERR,ERR,ERR,ERR,ERR,ERR,ERR,ERR,ERR,ERR,ERR,ERR,ERR,ERR,ERR,ERR,ERR,ERR,ERR,ERR,ERR,ERR,ERR,ERR,ERR,ERR,ERR,ERR,ERR,ERR,ERR,ERR,ERR,ERR,ERR,ERR,ERR,ERR,ERR,ERR,ERR,ERR,ERR,ERR,ERR,ERR,ERR,ERR,ERR,ERR,ERR,ERR,ERR,ERR,ERR,ERR,ERR,ERR,ERR,ERR,ERR,ERR,ERR,ERR,ERR,ERR,ERR,ERR,ERR,ERR,ERR,ERR,ERR,ERR,ERR,ERR,ERR,ERR,ERR,ERR,ERR,ERR,ERR,ERR,ERR,ERR,ERR,ERR,ERR,ERR,ERR,ERR,ERR,ERR,ERR,ERR,ERR,ERR,ERR,ERR,ERR,ERR,ERR,ERR,ERR,ERR,ERR,ERR,ERR,ERR,ERR,ERR,ERR,ERR,ERR,ERR,ERR,ERR,ERR,ERR,ERR,ERR,0.0,-107615328.0,0.0,0.0,0.0,1.3936040501711995e+18,7.805,0.0,0,0,4,0,7300,-0.0,0,0.0,0.0,0.0,0.0,0.0,0,0,0,0,0.0,0,0,0,0,0,0,0,0,0,0,0,0,0,0,0,0,0,0,0,0,0,0,0,0,0,0,0,0,0,0,0,0,0,32,30,30,62,65476,0,300,0,0,8,21553,0.0,-107605600.0,0.0,0.0,0.0,0.0,0.0,0.0,0.0,0.0,0.0,0.0,0.0,0.0,0.0,0.0,0.0,0.0,0.0,0.0,0.0,0.0,2.004,0.0,-0.0,-2.004,0.0,0.0,0.0,0.0,5412.0,0.0,6951.0,0.0,-107615328.0,-107615280.0,-0.0,0.0,0.0,0.0,0.0,63,126841077760.0,-0.0,0.0,0.0,0.0,0.0,0.0,0.0,0.0,0,0,0,0.0,0.0,0.0,0.0,0.0,0.0,0.0,0.0,0.0,0.0,0.0,0.0,0.0,0.0,0.0,0.0,0,-107875648.0,63,0.0,126,2.7184242562605685e+23,-0.0,ERR,ERR,ERR,ERR,ERR,ERR,ERR,ERR,ERR,ERR,ERR,ERR,ERR,ERR,ERR,ERR,ERR,ERR,ERR,ERR,ERR,ERR,ERR,ERR,ERR,ERR,ERR,ERR,ERR,ERR,ERR,ERR,ERR,ERR,ERR,ERR,ERR,ERR,ERR,ERR,ERR,ERR,ERR,ERR,ERR,ERR,ERR,ERR,ERR,ERR,ERR,ERR,ERR,ERR,ERR,ERR,ERR,ERR,ERR,ERR,ERR,ERR,ERR,ERR,ERR,ERR,ERR,34.0,80.0,35,0.0,0.0,0.0,0.0,0.0,0.0,0.0,0.0,0.0,0.0,0.0,0.0,0.0,0.0,0.0,0.0,64.8,0,116,56,50,65476,0,300,0,0,8,20529,65476,0,0,57672,80.0,0.0,0.0,0.0,0.0,0.0
2026-06-17T04:30:06,ERR,ERR,ERR,ERR,ERR,ERR,ERR,ERR,ERR,ERR,ERR,ERR,ERR,ERR,ERR,ERR,ERR,ERR,ERR,ERR,ERR,ERR,ERR,ERR,ERR,ERR,ERR,ERR,ERR,ERR,ERR,ERR,ERR,ERR,ERR,ERR,ERR,ERR,ERR,ERR,ERR,ERR,ERR,ERR,ERR,ERR,ERR,ERR,ERR,ERR,ERR,ERR,ERR,ERR,ERR,ERR,ERR,ERR,ERR,ERR,ERR,ERR,ERR,ERR,ERR,ERR,ERR,ERR,ERR,ERR,ERR,ERR,ERR,ERR,ERR,ERR,ERR,ERR,ERR,ERR,ERR,ERR,ERR,ERR,ERR,ERR,ERR,ERR,ERR,ERR,ERR,ERR,ERR,ERR,ERR,ERR,ERR,ERR,ERR,ERR,ERR,ERR,ERR,ERR,ERR,ERR,ERR,ERR,ERR,ERR,ERR,ERR,ERR,ERR,ERR,ERR,ERR,ERR,ERR,ERR,ERR,ERR,ERR,ERR,ERR,0.0,-107615328.0,0.0,0.0,0.0,1.3936040501711995e+18,7.805,0.0,0,0,4,0,7300,-0.0,0,0.0,0.0,0.0,0.0,0.0,0,0,0,0,0.0,0,0,0,0,0,0,0,0,0,0,0,0,0,0,0,0,0,0,0,0,0,0,0,0,0,0,0,0,0,0,0,0,0,32,30,30,62,65476,0,300,0,0,8,21553,0.0,-107605600.0,0.0,0.0,0.0,0.0,0.0,0.0,0.0,0.0,0.0,0.0,0.0,0.0,0.0,0.0,0.0,0.0,0.0,0.0,0.0,0.0,2.004,0.0,-0.0,-2.004,0.0,0.0,0.0,0.0,5412.0,0.0,6951.0,0.0,-107615328.0,-107615280.0,-0.0,0.0,0.0,0.0,0.0,63,126841077760.0,-0.0,0.0,0.0,0.0,0.0,0.0,0.0,0.0,0,0,0,0.0,0.0,0.0,0.0,0.0,0.0,0.0,0.0,0.0,0.0,0.0,0.0,0.0,0.0,0.0,0.0,0,-107875648.0,63,0.0,126,2.7184242562605685e+23,-0.0,ERR,ERR,ERR,ERR,ERR,ERR,ERR,ERR,ERR,ERR,ERR,ERR,ERR,ERR,ERR,ERR,ERR,ERR,ERR,ERR,ERR,ERR,ERR,ERR,ERR,ERR,ERR,ERR,ERR,ERR,ERR,ERR,ERR,ERR,ERR,ERR,ERR,ERR,ERR,ERR,ERR,ERR,ERR,ERR,ERR,ERR,ERR,ERR,ERR,ERR,ERR,ERR,ERR,ERR,ERR,ERR,ERR,ERR,ERR,ERR,ERR,ERR,ERR,ERR,ERR,ERR,ERR,34.0,80.0,35,0.0,0.0,0.0,0.0,0.0,0.0,0.0,0.0,0.0,0.0,0.0,0.0,0.0,0.0,0.0,0.0,64.8,0,116,56,50,65476,0,300,0,0,8,20529,65476,0,0,57672,80.0,0.0,0.0,0.0,0.0,0.0
2026-06-17T04:30:07,ERR,ERR,ERR,ERR,ERR,ERR,ERR,ERR,ERR,ERR,ERR,ERR,ERR,ERR,ERR,ERR,ERR,ERR,ERR,ERR,ERR,ERR,ERR,ERR,ERR,ERR,ERR,ERR,ERR,ERR,ERR,ERR,ERR,ERR,ERR,ERR,ERR,ERR,ERR,ERR,ERR,ERR,ERR,ERR,ERR,ERR,ERR,ERR,ERR,ERR,ERR,ERR,ERR,ERR,ERR,ERR,ERR,ERR,ERR,ERR,ERR,ERR,ERR,ERR,ERR,ERR,ERR,ERR,ERR,ERR,ERR,ERR,ERR,ERR,ERR,ERR,ERR,ERR,ERR,ERR,ERR,ERR,ERR,ERR,ERR,ERR,ERR,ERR,ERR,ERR,ERR,ERR,ERR,ERR,ERR,ERR,ERR,ERR,ERR,ERR,ERR,ERR,ERR,ERR,ERR,ERR,ERR,ERR,ERR,ERR,ERR,ERR,ERR,ERR,ERR,ERR,ERR,ERR,ERR,ERR,ERR,ERR,ERR,ERR,ERR,0.0,-107615328.0,0.0,0.0,0.0,1.3936040501711995e+18,7.805,0.0,0,0,4,0,7300,-0.0,0,0.0,0.0,0.0,0.0,0.0,0,0,0,0,0.0,0,0,0,0,0,0,0,0,0,0,0,0,0,0,0,0,0,0,0,0,0,0,0,0,0,0,0,0,0,0,0,0,0,32,30,30,62,65476,0,300,0,0,8,21553,0.0,-107605600.0,0.0,0.0,0.0,0.0,0.0,0.0,0.0,0.0,0.0,0.0,0.0,0.0,0.0,0.0,0.0,0.0,0.0,0.0,0.0,0.0,2.004,0.0,-0.0,-2.004,0.0,0.0,0.0,0.0,5412.0,3.697191851085162e+19,6956.0,0.0,-107615328.0,-107615280.0,-0.0,0.0,0.0,0.0,0.0,63,126841077760.0,-107614912.0,0.0,0.0,0.0,0.0,0.0,0.0,0.0,0,0,0,0.0,0.0,0.0,0.0,0.0,0.0,0.0,0.0,0.0,0.0,0.0,0.0,0.0,0.0,0.0,0.0,0,-107875648.0,63,0.0,126,2.7184242562605685e+23,-0.0,ERR,ERR,ERR,ERR,ERR,ERR,ERR,ERR,ERR,ERR,ERR,ERR,ERR,ERR,ERR,ERR,ERR,ERR,ERR,ERR,ERR,ERR,ERR,ERR,ERR,ERR,ERR,ERR,ERR,ERR,ERR,ERR,ERR,ERR,ERR,ERR,ERR,ERR,ERR,ERR,ERR,ERR,ERR,ERR,ERR,ERR,ERR,ERR,ERR,ERR,ERR,ERR,ERR,ERR,ERR,ERR,ERR,ERR,ERR,ERR,ERR,ERR,ERR,ERR,ERR,ERR,ERR,34.0,80.0,35,0.0,0.0,0.0,0.0,0.0,0.0,0.0,0.0,0.0,0.0,0.0,0.0,0.0,0.0,0.0,0.0,64.8,0,116,56,50,65476,0,300,0,0,8,20529,65476,0,0,57672,80.0,0.0,0.0,0.0,0.0,0.0
2026-06-17T04:30:08,ERR,ERR,ERR,ERR,ERR,ERR,ERR,ERR,ERR,ERR,ERR,ERR,ERR,ERR,ERR,ERR,ERR,ERR,ERR,ERR,ERR,ERR,ERR,ERR,ERR,ERR,ERR,ERR,ERR,ERR,ERR,ERR,ERR,ERR,ERR,ERR,ERR,ERR,ERR,ERR,ERR,ERR,ERR,ERR,ERR,ERR,ERR,ERR,ERR,ERR,ERR,ERR,ERR,ERR,ERR,ERR,ERR,ERR,ERR,ERR,ERR,ERR,ERR,ERR,ERR,ERR,ERR,ERR,ERR,ERR,ERR,ERR,ERR,ERR,ERR,ERR,ERR,ERR,ERR,ERR,ERR,ERR,ERR,ERR,ERR,ERR,ERR,ERR,ERR,ERR,ERR,ERR,ERR,ERR,ERR,ERR,ERR,ERR,ERR,ERR,ERR,ERR,ERR,ERR,ERR,ERR,ERR,ERR,ERR,ERR,ERR,ERR,ERR,ERR,ERR,ERR,ERR,ERR,ERR,ERR,ERR,ERR,ERR,ERR,ERR,0.0,-107615328.0,0.0,0.0,0.0,1.3936040501711995e+18,7.805,0.0,0,0,4,0,7300,-0.0,0,0.0,0.0,0.0,0.0,0.0,0,0,0,0,0.0,0,0,0,0,0,0,0,0,0,0,0,0,0,0,0,0,0,0,0,0,0,0,0,0,0,0,0,0,0,0,0,0,0,32,30,30,62,65476,0,300,0,0,8,21553,0.0,-107605600.0,0.0,0.0,0.0,0.0,0.0,0.0,0.0,0.0,0.0,0.0,0.0,0.0,0.0,0.0,0.0,0.0,0.0,0.0,0.0,0.0,2.004,0.0,-0.0,-2.004,0.0,0.0,0.0,0.0,5412.0,3.697191851085162e+19,6956.0,0.0,-107615328.0,-107615280.0,-0.0,0.0,0.0,0.0,0.0,63,126841077760.0,-107614912.0,0.0,0.0,0.0,0.0,0.0,0.0,0.0,0,0,0,0.0,0.0,0.0,0.0,0.0,0.0,0.0,0.0,0.0,0.0,0.0,0.0,0.0,0.0,0.0,0.0,0,-107875648.0,63,0.0,126,2.7184242562605685e+23,-0.0,ERR,ERR,ERR,ERR,ERR,ERR,ERR,ERR,ERR,ERR,ERR,ERR,ERR,ERR,ERR,ERR,ERR,ERR,ERR,ERR,ERR,ERR,ERR,ERR,ERR,ERR,ERR,ERR,ERR,ERR,ERR,ERR,ERR,ERR,ERR,ERR,ERR,ERR,ERR,ERR,ERR,ERR,ERR,ERR,ERR,ERR,ERR,ERR,ERR,ERR,ERR,ERR,ERR,ERR,ERR,ERR,ERR,ERR,ERR,ERR,ERR,ERR,ERR,ERR,ERR,ERR,ERR,34.0,80.0,35,0.0,0.0,0.0,0.0,0.0,0.0,0.0,0.0,0.0,0.0,0.0,0.0,0.0,0.0,0.0,0.0,64.8,0,116,56,50,65476,0,300,0,0,8,20529,65476,0,0,57672,80.0,0.0,0.0,0.0,0.0,0.0
2026-06-17T04:30:09,ERR,ERR,ERR,ERR,ERR,ERR,ERR,ERR,ERR,ERR,ERR,ERR,ERR,ERR,ERR,ERR,ERR,ERR,ERR,ERR,ERR,ERR,ERR,ERR,ERR,ERR,ERR,ERR,ERR,ERR,ERR,ERR,ERR,ERR,ERR,ERR,ERR,ERR,ERR,ERR,ERR,ERR,ERR,ERR,ERR,ERR,ERR,ERR,ERR,ERR,ERR,ERR,ERR,ERR,ERR,ERR,ERR,ERR,ERR,ERR,ERR,ERR,ERR,ERR,ERR,ERR,ERR,ERR,ERR,ERR,ERR,ERR,ERR,ERR,ERR,ERR,ERR,ERR,ERR,ERR,ERR,ERR,ERR,ERR,ERR,ERR,ERR,ERR,ERR,ERR,ERR,ERR,ERR,ERR,ERR,ERR,ERR,ERR,ERR,ERR,ERR,ERR,ERR,ERR,ERR,ERR,ERR,ERR,ERR,ERR,ERR,ERR,ERR,ERR,ERR,ERR,ERR,ERR,ERR,ERR,ERR,ERR,ERR,ERR,ERR,0.0,-107615328.0,0.0,0.0,0.0,1.3936040501711995e+18,7.805,0.0,0,0,4,0,7300,-0.0,0,0.0,0.0,0.0,0.0,0.0,0,0,0,0,0.0,0,0,0,0,0,0,0,0,0,0,0,0,0,0,0,0,0,0,0,0,0,0,0,0,0,0,0,0,0,0,0,0,0,32,30,30,62,65476,0,300,0,0,8,21553,0.0,-107605600.0,0.0,0.0,0.0,0.0,0.0,0.0,0.0,0.0,0.0,0.0,0.0,0.0,0.0,0.0,0.0,0.0,0.0,0.0,0.0,0.0,2.004,0.0,-0.0,-2.004,0.0,0.0,0.0,0.0,5412.0,3.697191851085162e+19,6956.0,0.0,-107615328.0,-107615280.0,-0.0,0.0,0.0,0.0,0.0,63,126841077760.0,-107614912.0,0.0,0.0,0.0,0.0,0.0,0.0,0.0,0,0,0,0.0,0.0,0.0,0.0,0.0,0.0,0.0,0.0,0.0,0.0,0.0,0.0,0.0,0.0,0.0,0.0,0,-107875648.0,63,0.0,126,2.7184242562605685e+23,-0.0,ERR,ERR,ERR,ERR,ERR,ERR,ERR,ERR,ERR,ERR,ERR,ERR,ERR,ERR,ERR,ERR,ERR,ERR,ERR,ERR,ERR,ERR,ERR,ERR,ERR,ERR,ERR,ERR,ERR,ERR,ERR,ERR,ERR,ERR,ERR,ERR,ERR,ERR,ERR,ERR,ERR,ERR,ERR,ERR,ERR,ERR,ERR,ERR,ERR,ERR,ERR,ERR,ERR,ERR,ERR,ERR,ERR,ERR,ERR,ERR,ERR,ERR,ERR,ERR,ERR,ERR,ERR,34.0,80.0,35,0.0,0.0,0.0,0.0,0.0,0.0,0.0,0.0,0.0,0.0,0.0,0.0,0.0,0.0,0.0,0.0,64.4,0,116,56,50,65476,0,300,0,0,8,20529,65476,0,0,57672,80.0,0.0,0.0,0.0,0.0,0.0
2026-06-17T04:30:10,ERR,ERR,ERR,ERR,ERR,ERR,ERR,ERR,ERR,ERR,ERR,ERR,ERR,ERR,ERR,ERR,ERR,ERR,ERR,ERR,ERR,ERR,ERR,ERR,ERR,ERR,ERR,ERR,ERR,ERR,ERR,ERR,ERR,ERR,ERR,ERR,ERR,ERR,ERR,ERR,ERR,ERR,ERR,ERR,ERR,ERR,ERR,ERR,ERR,ERR,ERR,ERR,ERR,ERR,ERR,ERR,ERR,ERR,ERR,ERR,ERR,ERR,ERR,ERR,ERR,ERR,ERR,ERR,ERR,ERR,ERR,ERR,ERR,ERR,ERR,ERR,ERR,ERR,ERR,ERR,ERR,ERR,ERR,ERR,ERR,ERR,ERR,ERR,ERR,ERR,ERR,ERR,ERR,ERR,ERR,ERR,ERR,ERR,ERR,ERR,ERR,ERR,ERR,ERR,ERR,ERR,ERR,ERR,ERR,ERR,ERR,ERR,ERR,ERR,ERR,ERR,ERR,ERR,ERR,ERR,ERR,ERR,ERR,ERR,ERR,0.0,-107615328.0,0.0,0.0,0.0,1.3936040501711995e+18,7.805,0.0,0,0,4,0,7300,-0.0,0,0.0,0.0,0.0,0.0,0.0,0,0,0,0,0.0,0,0,0,0,0,0,0,0,0,0,0,0,0,0,0,0,0,0,0,0,0,0,0,0,0,0,0,0,0,0,0,0,0,32,30,30,62,65476,0,300,0,0,8,21553,0.0,-107605600.0,0.0,0.0,0.0,0.0,0.0,0.0,0.0,0.0,0.0,0.0,0.0,0.0,0.0,0.0,0.0,0.0,0.0,0.0,0.0,0.0,2.004,0.0,-0.0,-2.004,0.0,0.0,0.0,0.0,5412.0,3.697191851085162e+19,6956.0,0.0,-107615328.0,-107615280.0,-0.0,0.0,0.0,0.0,0.0,63,126841077760.0,-107614912.0,0.0,0.0,0.0,0.0,0.0,0.0,0.0,0,0,0,0.0,0.0,0.0,0.0,0.0,0.0,0.0,0.0,0.0,0.0,0.0,0.0,0.0,0.0,0.0,0.0,0,-107875648.0,63,0.0,126,2.7184242562605685e+23,-0.0,ERR,ERR,ERR,ERR,ERR,ERR,ERR,ERR,ERR,ERR,ERR,ERR,ERR,ERR,ERR,ERR,ERR,ERR,ERR,ERR,ERR,ERR,ERR,ERR,ERR,ERR,ERR,ERR,ERR,ERR,ERR,ERR,ERR,ERR,ERR,ERR,ERR,ERR,ERR,ERR,ERR,ERR,ERR,ERR,ERR,ERR,ERR,ERR,ERR,ERR,ERR,ERR,ERR,ERR,ERR,ERR,ERR,ERR,ERR,ERR,ERR,ERR,ERR,ERR,ERR,ERR,ERR,34.0,80.0,35,0.0,0.0,0.0,0.0,0.0,0.0,0.0,0.0,0.0,0.0,0.0,0.0,0.0,0.0,0.0,0.0,64.4,0,116,56,50,65476,0,300,0,0,8,20529,65476,0,0,57672,80.0,0.0,0.0,0.0,0.0,0.0
2026-06-17T04:30:11,ERR,ERR,ERR,ERR,ERR,ERR,ERR,ERR,ERR,ERR,ERR,ERR,ERR,ERR,ERR,ERR,ERR,ERR,ERR,ERR,ERR,ERR,ERR,ERR,ERR,ERR,ERR,ERR,ERR,ERR,ERR,ERR,ERR,ERR,ERR,ERR,ERR,ERR,ERR,ERR,ERR,ERR,ERR,ERR,ERR,ERR,ERR,ERR,ERR,ERR,ERR,ERR,ERR,ERR,ERR,ERR,ERR,ERR,ERR,ERR,ERR,ERR,ERR,ERR,ERR,ERR,ERR,ERR,ERR,ERR,ERR,ERR,ERR,ERR,ERR,ERR,ERR,ERR,ERR,ERR,ERR,ERR,ERR,ERR,ERR,ERR,ERR,ERR,ERR,ERR,ERR,ERR,ERR,ERR,ERR,ERR,ERR,ERR,ERR,ERR,ERR,ERR,ERR,ERR,ERR,ERR,ERR,ERR,ERR,ERR,ERR,ERR,ERR,ERR,ERR,ERR,ERR,ERR,ERR,ERR,ERR,ERR,ERR,ERR,ERR,0.0,-107615328.0,0.0,0.0,0.0,1.3936040501711995e+18,7.805,0.0,0,0,4,0,7300,-0.0,0,0.0,0.0,0.0,0.0,0.0,0,0,0,0,0.0,0,0,0,0,0,0,0,0,0,0,0,0,0,0,0,0,0,0,0,0,0,0,0,0,0,0,0,0,0,0,0,0,0,32,30,30,62,65476,0,300,0,0,8,21553,0.0,-107605600.0,0.0,0.0,0.0,0.0,0.0,0.0,0.0,0.0,0.0,0.0,0.0,0.0,0.0,0.0,0.0,0.0,0.0,0.0,0.0,0.0,2.004,0.0,-0.0,-2.004,0.0,0.0,0.0,0.0,5412.0,3.697191851085162e+19,6956.0,0.0,-107615328.0,-107615280.0,-0.0,0.0,0.0,0.0,0.0,63,126841077760.0,-107614912.0,0.0,0.0,0.0,0.0,0.0,0.0,0.0,0,0,0,0.0,0.0,0.0,0.0,0.0,0.0,0.0,0.0,0.0,0.0,0.0,0.0,0.0,0.0,0.0,0.0,0,-107875648.0,63,0.0,126,2.7184242562605685e+23,-0.0,ERR,ERR,ERR,ERR,ERR,ERR,ERR,ERR,ERR,ERR,ERR,ERR,ERR,ERR,ERR,ERR,ERR,ERR,ERR,ERR,ERR,ERR,ERR,ERR,ERR,ERR,ERR,ERR,ERR,ERR,ERR,ERR,ERR,ERR,ERR,ERR,ERR,ERR,ERR,ERR,ERR,ERR,ERR,ERR,ERR,ERR,ERR,ERR,ERR,ERR,ERR,ERR,ERR,ERR,ERR,ERR,ERR,ERR,ERR,ERR,ERR,ERR,ERR,ERR,ERR,ERR,ERR,34.0,80.0,35,0.0,0.0,0.0,0.0,0.0,0.0,0.0,0.0,0.0,0.0,0.0,0.0,0.0,0.0,0.0,0.0,64.4,0,116,56,50,65476,0,300,0,0,8,20529,65476,0,0,57672,80.0,0.0,0.0,0.0,0.0,0.0
2026-06-17T04:30:12,ERR,ERR,ERR,ERR,ERR,ERR,ERR,ERR,ERR,ERR,ERR,ERR,ERR,ERR,ERR,ERR,ERR,ERR,ERR,ERR,ERR,ERR,ERR,ERR,ERR,ERR,ERR,ERR,ERR,ERR,ERR,ERR,ERR,ERR,ERR,ERR,ERR,ERR,ERR,ERR,ERR,ERR,ERR,ERR,ERR,ERR,ERR,ERR,ERR,ERR,ERR,ERR,ERR,ERR,ERR,ERR,ERR,ERR,ERR,ERR,ERR,ERR,ERR,ERR,ERR,ERR,ERR,ERR,ERR,ERR,ERR,ERR,ERR,ERR,ERR,ERR,ERR,ERR,ERR,ERR,ERR,ERR,ERR,ERR,ERR,ERR,ERR,ERR,ERR,ERR,ERR,ERR,ERR,ERR,ERR,ERR,ERR,ERR,ERR,ERR,ERR,ERR,ERR,ERR,ERR,ERR,ERR,ERR,ERR,ERR,ERR,ERR,ERR,ERR,ERR,ERR,ERR,ERR,ERR,ERR,ERR,ERR,ERR,ERR,ERR,0.0,-107615328.0,0.0,0.0,0.0,1.3936040501711995e+18,7.805,0.0,0,0,4,0,7300,-0.0,0,0.0,0.0,0.0,0.0,0.0,0,0,0,0,0.0,0,0,0,0,0,0,0,0,0,0,0,0,0,0,0,0,0,0,0,0,0,0,0,0,0,0,0,0,0,0,0,0,0,32,30,30,62,65476,0,300,0,0,8,21553,0.0,-107605600.0,0.0,0.0,0.0,0.0,0.0,0.0,0.0,0.0,0.0,0.0,0.0,0.0,0.0,0.0,0.0,0.0,0.0,0.0,0.0,0.0,2.004,0.0,-0.0,-2.004,0.0,0.0,0.0,0.0,5409.0,3.697191851085162e+19,6955.0,0.0,-107615328.0,-107615280.0,-0.0,0.0,0.0,0.0,0.0,63,89221.078,-71.63,0.0,0.0,0.0,0.0,0.0,0.0,0.0,0,0,0,0.0,0.0,0.0,0.0,0.0,0.0,0.0,0.0,0.0,0.0,0.0,0.0,0.0,0.0,0.0,0.0,0,-107875648.0,63,0.0,126,2.7184242562605685e+23,-0.0,ERR,ERR,ERR,ERR,ERR,ERR,ERR,ERR,ERR,ERR,ERR,ERR,ERR,ERR,ERR,ERR,ERR,ERR,ERR,ERR,ERR,ERR,ERR,ERR,ERR,ERR,ERR,ERR,ERR,ERR,ERR,ERR,ERR,ERR,ERR,ERR,ERR,ERR,ERR,ERR,ERR,ERR,ERR,ERR,ERR,ERR,ERR,ERR,ERR,ERR,ERR,ERR,ERR,ERR,ERR,ERR,ERR,ERR,ERR,ERR,ERR,ERR,ERR,ERR,ERR,ERR,ERR,34.0,80.0,35,0.0,0.0,0.0,0.0,0.0,0.0,0.0,0.0,0.0,0.0,0.0,0.0,0.0,0.0,0.0,0.0,64.4,0,116,56,50,65476,0,300,0,0,8,20529,65476,0,0,57672,80.0,0.0,0.0,0.0,0.0,0.0
2026-06-17T04:30:13,ERR,ERR,ERR,ERR,ERR,ERR,ERR,ERR,ERR,ERR,ERR,ERR,ERR,ERR,ERR,ERR,ERR,ERR,ERR,ERR,ERR,ERR,ERR,ERR,ERR,ERR,ERR,ERR,ERR,ERR,ERR,ERR,ERR,ERR,ERR,ERR,ERR,ERR,ERR,ERR,ERR,ERR,ERR,ERR,ERR,ERR,ERR,ERR,ERR,ERR,ERR,ERR,ERR,ERR,ERR,ERR,ERR,ERR,ERR,ERR,ERR,ERR,ERR,ERR,ERR,ERR,ERR,ERR,ERR,ERR,ERR,ERR,ERR,ERR,ERR,ERR,ERR,ERR,ERR,ERR,ERR,ERR,ERR,ERR,ERR,ERR,ERR,ERR,ERR,ERR,ERR,ERR,ERR,ERR,ERR,ERR,ERR,ERR,ERR,ERR,ERR,ERR,ERR,ERR,ERR,ERR,ERR,ERR,ERR,ERR,ERR,ERR,ERR,ERR,ERR,ERR,ERR,ERR,ERR,ERR,ERR,ERR,ERR,ERR,ERR,0.0,-107615328.0,0.0,0.0,0.0,1.3936040501711995e+18,7.805,0.0,0,0,4,0,7300,-0.0,0,0.0,0.0,0.0,0.0,0.0,0,0,0,0,0.0,0,0,0,0,0,0,0,0,0,0,0,0,0,0,0,0,0,0,0,0,0,0,0,0,0,0,0,0,0,0,0,0,0,32,30,30,62,65476,0,300,0,0,8,21553,0.0,-107605600.0,0.0,0.0,0.0,0.0,0.0,0.0,0.0,0.0,0.0,0.0,0.0,0.0,0.0,0.0,0.0,0.0,0.0,0.0,0.0,0.0,2.004,0.0,-0.0,-2.004,0.0,0.0,0.0,0.0,5409.0,3.697191851085162e+19,6955.0,0.0,-107615328.0,-107615280.0,-0.0,0.0,0.0,0.0,0.0,63,89221.078,-71.63,0.0,0.0,0.0,0.0,0.0,0.0,0.0,0,0,0,0.0,0.0,0.0,0.0,0.0,0.0,0.0,0.0,0.0,0.0,0.0,0.0,0.0,0.0,0.0,0.0,0,-107875648.0,63,0.0,126,2.7184242562605685e+23,-0.0,ERR,ERR,ERR,ERR,ERR,ERR,ERR,ERR,ERR,ERR,ERR,ERR,ERR,ERR,ERR,ERR,ERR,ERR,ERR,ERR,ERR,ERR,ERR,ERR,ERR,ERR,ERR,ERR,ERR,ERR,ERR,ERR,ERR,ERR,ERR,ERR,ERR,ERR,ERR,ERR,ERR,ERR,ERR,ERR,ERR,ERR,ERR,ERR,ERR,ERR,ERR,ERR,ERR,ERR,ERR,ERR,ERR,ERR,ERR,ERR,ERR,ERR,ERR,ERR,ERR,ERR,ERR,34.0,80.0,35,0.0,0.0,0.0,0.0,0.0,0.0,0.0,0.0,0.0,0.0,0.0,0.0,0.0,0.0,0.0,0.0,64.4,0,116,56,50,65476,0,300,0,0,8,20529,65476,0,0,57672,80.0,0.0,0.0,0.0,0.0,0.0
2026-06-17T04:30:14,ERR,ERR,ERR,ERR,ERR,ERR,ERR,ERR,ERR,ERR,ERR,ERR,ERR,ERR,ERR,ERR,ERR,ERR,ERR,ERR,ERR,ERR,ERR,ERR,ERR,ERR,ERR,ERR,ERR,ERR,ERR,ERR,ERR,ERR,ERR,ERR,ERR,ERR,ERR,ERR,ERR,ERR,ERR,ERR,ERR,ERR,ERR,ERR,ERR,ERR,ERR,ERR,ERR,ERR,ERR,ERR,ERR,ERR,ERR,ERR,ERR,ERR,ERR,ERR,ERR,ERR,ERR,ERR,ERR,ERR,ERR,ERR,ERR,ERR,ERR,ERR,ERR,ERR,ERR,ERR,ERR,ERR,ERR,ERR,ERR,ERR,ERR,ERR,ERR,ERR,ERR,ERR,ERR,ERR,ERR,ERR,ERR,ERR,ERR,ERR,ERR,ERR,ERR,ERR,ERR,ERR,ERR,ERR,ERR,ERR,ERR,ERR,ERR,ERR,ERR,ERR,ERR,ERR,ERR,ERR,ERR,ERR,ERR,ERR,ERR,0.0,-107615328.0,0.0,0.0,0.0,1.3936040501711995e+18,7.805,0.0,0,0,4,0,7300,-0.0,0,0.0,0.0,0.0,0.0,0.0,0,0,0,0,0.0,0,0,0,0,0,0,0,0,0,0,0,0,0,0,0,0,0,0,0,0,0,0,0,0,0,0,0,0,0,0,0,0,0,32,30,30,62,65476,0,300,0,0,8,21553,0.0,-107605600.0,0.0,0.0,0.0,0.0,0.0,0.0,0.0,0.0,0.0,0.0,0.0,0.0,0.0,0.0,0.0,0.0,0.0,0.0,0.0,0.0,2.004,0.0,-0.0,-2.004,0.0,0.0,0.0,0.0,5409.0,3.697191851085162e+19,6955.0,0.0,-107615328.0,-107615280.0,-0.0,0.0,0.0,0.0,0.0,63,89221.078,-71.63,0.0,0.0,0.0,0.0,0.0,0.0,0.0,0,0,0,0.0,0.0,0.0,0.0,0.0,0.0,0.0,0.0,0.0,0.0,0.0,0.0,0.0,0.0,0.0,0.0,0,-107875648.0,63,0.0,126,2.7184242562605685e+23,-0.0,ERR,ERR,ERR,ERR,ERR,ERR,ERR,ERR,ERR,ERR,ERR,ERR,ERR,ERR,ERR,ERR,ERR,ERR,ERR,ERR,ERR,ERR,ERR,ERR,ERR,ERR,ERR,ERR,ERR,ERR,ERR,ERR,ERR,ERR,ERR,ERR,ERR,ERR,ERR,ERR,ERR,ERR,ERR,ERR,ERR,ERR,ERR,ERR,ERR,ERR,ERR,ERR,ERR,ERR,ERR,ERR,ERR,ERR,ERR,ERR,ERR,ERR,ERR,ERR,ERR,ERR,ERR,34.0,80.0,35,0.0,0.0,0.0,0.0,0.0,0.0,0.0,0.0,0.0,0.0,0.0,0.0,0.0,0.0,0.0,0.0,64.4,0,116,56,50,65476,0,300,0,0,8,20529,65476,0,0,57672,80.0,0.0,0.0,0.0,0.0,0.0
2026-06-17T04:30:15,ERR,ERR,ERR,ERR,ERR,ERR,ERR,ERR,ERR,ERR,ERR,ERR,ERR,ERR,ERR,ERR,ERR,ERR,ERR,ERR,ERR,ERR,ERR,ERR,ERR,ERR,ERR,ERR,ERR,ERR,ERR,ERR,ERR,ERR,ERR,ERR,ERR,ERR,ERR,ERR,ERR,ERR,ERR,ERR,ERR,ERR,ERR,ERR,ERR,ERR,ERR,ERR,ERR,ERR,ERR,ERR,ERR,ERR,ERR,ERR,ERR,ERR,ERR,ERR,ERR,ERR,ERR,ERR,ERR,ERR,ERR,ERR,ERR,ERR,ERR,ERR,ERR,ERR,ERR,ERR,ERR,ERR,ERR,ERR,ERR,ERR,ERR,ERR,ERR,ERR,ERR,ERR,ERR,ERR,ERR,ERR,ERR,ERR,ERR,ERR,ERR,ERR,ERR,ERR,ERR,ERR,ERR,ERR,ERR,ERR,ERR,ERR,ERR,ERR,ERR,ERR,ERR,ERR,ERR,ERR,ERR,ERR,ERR,ERR,ERR,0.0,-107615328.0,0.0,0.0,0.0,1.3936040501711995e+18,7.805,0.0,0,0,4,0,7300,-0.0,0,0.0,0.0,0.0,0.0,0.0,0,0,0,0,0.0,0,0,0,0,0,0,0,0,0,0,0,0,0,0,0,0,0,0,0,0,0,0,0,0,0,0,0,0,0,0,0,0,0,32,30,30,62,65476,0,300,0,0,8,21553,0.0,-107605600.0,0.0,0.0,0.0,0.0,0.0,0.0,0.0,0.0,0.0,0.0,0.0,0.0,0.0,0.0,0.0,0.0,0.0,0.0,0.0,0.0,2.004,0.0,-0.0,-2.004,0.0,0.0,0.0,0.0,5409.0,3.697191851085162e+19,6955.0,0.0,-107615328.0,-107615280.0,-0.0,0.0,0.0,0.0,0.0,63,89221.078,-71.63,0.0,0.0,0.0,0.0,0.0,0.0,0.0,0,0,0,0.0,0.0,0.0,0.0,0.0,0.0,0.0,0.0,0.0,0.0,0.0,0.0,0.0,0.0,0.0,0.0,0,-107875648.0,63,0.0,126,2.7184242562605685e+23,-0.0,ERR,ERR,ERR,ERR,ERR,ERR,ERR,ERR,ERR,ERR,ERR,ERR,ERR,ERR,ERR,ERR,ERR,ERR,ERR,ERR,ERR,ERR,ERR,ERR,ERR,ERR,ERR,ERR,ERR,ERR,ERR,ERR,ERR,ERR,ERR,ERR,ERR,ERR,ERR,ERR,ERR,ERR,ERR,ERR,ERR,ERR,ERR,ERR,ERR,ERR,ERR,ERR,ERR,ERR,ERR,ERR,ERR,ERR,ERR,ERR,ERR,ERR,ERR,ERR,ERR,ERR,ERR,34.0,80.0,35,0.0,0.0,0.0,0.0,0.0,0.0,0.0,0.0,0.0,0.0,0.0,0.0,0.0,0.0,0.0,0.0,64.4,0,116,56,50,65476,0,300,0,0,8,20529,65476,0,0,57672,80.0,0.0,0.0,0.0,0.0,0.0
2026-06-17T04:30:16,ERR,ERR,ERR,ERR,ERR,ERR,ERR,ERR,ERR,ERR,ERR,ERR,ERR,ERR,ERR,ERR,ERR,ERR,ERR,ERR,ERR,ERR,ERR,ERR,ERR,ERR,ERR,ERR,ERR,ERR,ERR,ERR,ERR,ERR,ERR,ERR,ERR,ERR,ERR,ERR,ERR,ERR,ERR,ERR,ERR,ERR,ERR,ERR,ERR,ERR,ERR,ERR,ERR,ERR,ERR,ERR,ERR,ERR,ERR,ERR,ERR,ERR,ERR,ERR,ERR,ERR,ERR,ERR,ERR,ERR,ERR,ERR,ERR,ERR,ERR,ERR,ERR,ERR,ERR,ERR,ERR,ERR,ERR,ERR,ERR,ERR,ERR,ERR,ERR,ERR,ERR,ERR,ERR,ERR,ERR,ERR,ERR,ERR,ERR,ERR,ERR,ERR,ERR,ERR,ERR,ERR,ERR,ERR,ERR,ERR,ERR,ERR,ERR,ERR,ERR,ERR,ERR,ERR,ERR,ERR,ERR,ERR,ERR,ERR,ERR,0.0,-107615328.0,0.0,0.0,0.0,1.3936040501711995e+18,7.805,0.0,0,0,4,0,7300,-0.0,0,0.0,0.0,0.0,0.0,0.0,0,0,0,0,0.0,0,0,0,0,0,0,0,0,0,0,0,0,0,0,0,0,0,0,0,0,0,0,0,0,0,0,0,0,0,0,0,0,0,32,30,30,62,65476,0,300,0,0,8,21553,0.0,-107605600.0,0.0,0.0,0.0,0.0,0.0,0.0,0.0,0.0,0.0,0.0,0.0,0.0,0.0,0.0,0.0,0.0,0.0,0.0,0.0,0.0,2.004,0.0,-0.0,-2.004,0.0,0.0,0.0,0.0,5409.0,3.697191851085162e+19,6955.0,0.0,-107615328.0,-107615280.0,-0.0,0.0,0.0,0.0,0.0,63,89221.078,-71.63,0.0,0.0,0.0,0.0,0.0,0.0,0.0,0,0,0,0.0,0.0,0.0,0.0,0.0,0.0,0.0,0.0,0.0,0.0,0.0,0.0,0.0,0.0,0.0,0.0,0,-107875648.0,63,0.0,126,2.7184242562605685e+23,-0.0,ERR,ERR,ERR,ERR,ERR,ERR,ERR,ERR,ERR,ERR,ERR,ERR,ERR,ERR,ERR,ERR,ERR,ERR,ERR,ERR,ERR,ERR,ERR,ERR,ERR,ERR,ERR,ERR,ERR,ERR,ERR,ERR,ERR,ERR,ERR,ERR,ERR,ERR,ERR,ERR,ERR,ERR,ERR,ERR,ERR,ERR,ERR,ERR,ERR,ERR,ERR,ERR,ERR,ERR,ERR,ERR,ERR,ERR,ERR,ERR,ERR,ERR,ERR,ERR,ERR,ERR,ERR,34.0,80.0,35,0.0,0.0,0.0,0.0,0.0,0.0,0.0,0.0,0.0,0.0,0.0,0.0,0.0,0.0,0.0,0.0,64.4,0,116,56,50,65476,0,300,0,0,8,20529,65476,0,0,57672,80.0,0.0,0.0,0.0,0.0,0.0
2026-06-17T04:30:17,ERR,ERR,ERR,ERR,ERR,ERR,ERR,ERR,ERR,ERR,ERR,ERR,ERR,ERR,ERR,ERR,ERR,ERR,ERR,ERR,ERR,ERR,ERR,ERR,ERR,ERR,ERR,ERR,ERR,ERR,ERR,ERR,ERR,ERR,ERR,ERR,ERR,ERR,ERR,ERR,ERR,ERR,ERR,ERR,ERR,ERR,ERR,ERR,ERR,ERR,ERR,ERR,ERR,ERR,ERR,ERR,ERR,ERR,ERR,ERR,ERR,ERR,ERR,ERR,ERR,ERR,ERR,ERR,ERR,ERR,ERR,ERR,ERR,ERR,ERR,ERR,ERR,ERR,ERR,ERR,ERR,ERR,ERR,ERR,ERR,ERR,ERR,ERR,ERR,ERR,ERR,ERR,ERR,ERR,ERR,ERR,ERR,ERR,ERR,ERR,ERR,ERR,ERR,ERR,ERR,ERR,ERR,ERR,ERR,ERR,ERR,ERR,ERR,ERR,ERR,ERR,ERR,ERR,ERR,ERR,ERR,ERR,ERR,ERR,ERR,0.0,-107615328.0,0.0,0.0,0.0,1.3936040501711995e+18,7.805,0.0,0,0,4,0,7300,-0.0,0,0.0,0.0,0.0,0.0,0.0,0,0,0,0,0.0,0,0,0,0,0,0,0,0,0,0,0,0,0,0,0,0,0,0,0,0,0,0,0,0,0,0,0,0,0,0,0,0,0,32,30,30,62,65476,0,300,0,0,8,21553,0.0,-107605600.0,0.0,0.0,0.0,0.0,0.0,0.0,0.0,0.0,0.0,0.0,0.0,0.0,0.0,0.0,0.0,0.0,0.0,0.0,0.0,0.0,2.004,0.0,-0.0,-2.004,0.0,0.0,0.0,0.0,5409.0,3.697191851085162e+19,6955.0,0.0,-107615328.0,-107615280.0,-0.0,0.0,0.0,0.0,0.0,63,89221.078,-71.63,0.0,0.0,0.0,0.0,0.0,0.0,0.0,0,0,0,0.0,0.0,0.0,0.0,0.0,0.0,0.0,0.0,0.0,0.0,0.0,0.0,0.0,0.0,0.0,0.0,0,-107875648.0,63,0.0,126,2.7184242562605685e+23,-0.0,ERR,ERR,ERR,ERR,ERR,ERR,ERR,ERR,ERR,ERR,ERR,ERR,ERR,ERR,ERR,ERR,ERR,ERR,ERR,ERR,ERR,ERR,ERR,ERR,ERR,ERR,ERR,ERR,ERR,ERR,ERR,ERR,ERR,ERR,ERR,ERR,ERR,ERR,ERR,ERR,ERR,ERR,ERR,ERR,ERR,ERR,ERR,ERR,ERR,ERR,ERR,ERR,ERR,ERR,ERR,ERR,ERR,ERR,ERR,ERR,ERR,ERR,ERR,ERR,ERR,ERR,ERR,34.0,80.0,35,0.0,0.0,0.0,0.0,0.0,0.0,0.0,0.0,0.0,0.0,0.0,0.0,0.0,0.0,0.0,0.0,64.4,0,116,56,50,65476,0,300,0,0,8,20529,65476,0,0,57672,80.0,0.0,0.0,0.0,0.0,0.0
2026-06-17T04:30:18,ERR,ERR,ERR,ERR,ERR,ERR,ERR,ERR,ERR,ERR,ERR,ERR,ERR,ERR,ERR,ERR,ERR,ERR,ERR,ERR,ERR,ERR,ERR,ERR,ERR,ERR,ERR,ERR,ERR,ERR,ERR,ERR,ERR,ERR,ERR,ERR,ERR,ERR,ERR,ERR,ERR,ERR,ERR,ERR,ERR,ERR,ERR,ERR,ERR,ERR,ERR,ERR,ERR,ERR,ERR,ERR,ERR,ERR,ERR,ERR,ERR,ERR,ERR,ERR,ERR,ERR,ERR,ERR,ERR,ERR,ERR,ERR,ERR,ERR,ERR,ERR,ERR,ERR,ERR,ERR,ERR,ERR,ERR,ERR,ERR,ERR,ERR,ERR,ERR,ERR,ERR,ERR,ERR,ERR,ERR,ERR,ERR,ERR,ERR,ERR,ERR,ERR,ERR,ERR,ERR,ERR,ERR,ERR,ERR,ERR,ERR,ERR,ERR,ERR,ERR,ERR,ERR,ERR,ERR,ERR,ERR,ERR,ERR,ERR,ERR,0.0,-107615328.0,0.0,0.0,0.0,1.3936040501711995e+18,7.805,0.0,0,0,4,0,7300,-0.0,0,0.0,0.0,0.0,0.0,0.0,0,0,0,0,0.0,0,0,0,0,0,0,0,0,0,0,0,0,0,0,0,0,0,0,0,0,0,0,0,0,0,0,0,0,0,0,0,0,0,32,30,30,62,65476,0,300,0,0,8,21553,0.0,-107605600.0,0.0,0.0,0.0,0.0,0.0,0.0,0.0,0.0,0.0,0.0,0.0,0.0,0.0,0.0,0.0,0.0,0.0,0.0,0.0,0.0,2.004,0.0,-0.0,-2.004,0.0,0.0,0.0,0.0,5411.0,8608195584.0,6954.0,-0.0,-107615328.0,-107615280.0,-0.0,0.0,0.0,0.0,0.0,63,107615312.0,-0.0,0.0,0.0,0.0,0.0,0.0,0.0,0.0,0,0,0,0.0,0.0,0.0,0.0,0.0,0.0,0.0,0.0,0.0,0.0,0.0,0.0,0.0,0.0,0.0,0.0,0,-107875648.0,63,0.0,126,2.7184242562605685e+23,-0.0,ERR,ERR,ERR,ERR,ERR,ERR,ERR,ERR,ERR,ERR,ERR,ERR,ERR,ERR,ERR,ERR,ERR,ERR,ERR,ERR,ERR,ERR,ERR,ERR,ERR,ERR,ERR,ERR,ERR,ERR,ERR,ERR,ERR,ERR,ERR,ERR,ERR,ERR,ERR,ERR,ERR,ERR,ERR,ERR,ERR,ERR,ERR,ERR,ERR,ERR,ERR,ERR,ERR,ERR,ERR,ERR,ERR,ERR,ERR,ERR,ERR,ERR,ERR,ERR,ERR,ERR,ERR,34.0,80.0,35,0.0,0.0,0.0,0.0,0.0,0.0,0.0,0.0,0.0,0.0,0.0,0.0,0.0,0.0,0.0,0.0,64.4,0,116,56,50,65476,0,300,0,0,8,20529,65476,0,0,57672,80.0,0.0,0.0,0.0,0.0,0.0
2026-06-17T04:30:19,ERR,ERR,ERR,ERR,ERR,ERR,ERR,ERR,ERR,ERR,ERR,ERR,ERR,ERR,ERR,ERR,ERR,ERR,ERR,ERR,ERR,ERR,ERR,ERR,ERR,ERR,ERR,ERR,ERR,ERR,ERR,ERR,ERR,ERR,ERR,ERR,ERR,ERR,ERR,ERR,ERR,ERR,ERR,ERR,ERR,ERR,ERR,ERR,ERR,ERR,ERR,ERR,ERR,ERR,ERR,ERR,ERR,ERR,ERR,ERR,ERR,ERR,ERR,ERR,ERR,ERR,ERR,ERR,ERR,ERR,ERR,ERR,ERR,ERR,ERR,ERR,ERR,ERR,ERR,ERR,ERR,ERR,ERR,ERR,ERR,ERR,ERR,ERR,ERR,ERR,ERR,ERR,ERR,ERR,ERR,ERR,ERR,ERR,ERR,ERR,ERR,ERR,ERR,ERR,ERR,ERR,ERR,ERR,ERR,ERR,ERR,ERR,ERR,ERR,ERR,ERR,ERR,ERR,ERR,ERR,ERR,ERR,ERR,ERR,ERR,0.0,-107615328.0,0.0,0.0,0.0,1.3936040501711995e+18,7.805,0.0,0,0,4,0,7300,-0.0,0,0.0,0.0,0.0,0.0,0.0,0,0,0,0,0.0,0,0,0,0,0,0,0,0,0,0,0,0,0,0,0,0,0,0,0,0,0,0,0,0,0,0,0,0,0,0,0,0,0,32,30,30,62,65476,0,300,0,0,8,21553,0.0,-107605600.0,0.0,0.0,0.0,0.0,0.0,0.0,0.0,0.0,0.0,0.0,0.0,0.0,0.0,0.0,0.0,0.0,0.0,0.0,0.0,0.0,2.004,0.0,-0.0,-2.004,0.0,0.0,0.0,0.0,5411.0,8608195584.0,6954.0,-0.0,-107615328.0,-107615280.0,-0.0,0.0,0.0,0.0,0.0,63,107615312.0,-0.0,0.0,0.0,0.0,0.0,0.0,0.0,0.0,0,0,0,0.0,0.0,0.0,0.0,0.0,0.0,0.0,0.0,0.0,0.0,0.0,0.0,0.0,0.0,0.0,0.0,0,-107875648.0,63,0.0,126,2.7184242562605685e+23,-0.0,ERR,ERR,ERR,ERR,ERR,ERR,ERR,ERR,ERR,ERR,ERR,ERR,ERR,ERR,ERR,ERR,ERR,ERR,ERR,ERR,ERR,ERR,ERR,ERR,ERR,ERR,ERR,ERR,ERR,ERR,ERR,ERR,ERR,ERR,ERR,ERR,ERR,ERR,ERR,ERR,ERR,ERR,ERR,ERR,ERR,ERR,ERR,ERR,ERR,ERR,ERR,ERR,ERR,ERR,ERR,ERR,ERR,ERR,ERR,ERR,ERR,ERR,ERR,ERR,ERR,ERR,ERR,34.0,80.0,35,0.0,0.0,0.0,0.0,0.0,0.0,0.0,0.0,0.0,0.0,0.0,0.0,0.0,0.0,0.0,0.0,64.4,0,116,56,50,65476,0,300,0,0,8,20529,65476,0,0,57672,80.0,0.0,0.0,0.0,0.0,0.0
2026-06-17T04:30:20,ERR,ERR,ERR,ERR,ERR,ERR,ERR,ERR,ERR,ERR,ERR,ERR,ERR,ERR,ERR,ERR,ERR,ERR,ERR,ERR,ERR,ERR,ERR,ERR,ERR,ERR,ERR,ERR,ERR,ERR,ERR,ERR,ERR,ERR,ERR,ERR,ERR,ERR,ERR,ERR,ERR,ERR,ERR,ERR,ERR,ERR,ERR,ERR,ERR,ERR,ERR,ERR,ERR,ERR,ERR,ERR,ERR,ERR,ERR,ERR,ERR,ERR,ERR,ERR,ERR,ERR,ERR,ERR,ERR,ERR,ERR,ERR,ERR,ERR,ERR,ERR,ERR,ERR,ERR,ERR,ERR,ERR,ERR,ERR,ERR,ERR,ERR,ERR,ERR,ERR,ERR,ERR,ERR,ERR,ERR,ERR,ERR,ERR,ERR,ERR,ERR,ERR,ERR,ERR,ERR,ERR,ERR,ERR,ERR,ERR,ERR,ERR,ERR,ERR,ERR,ERR,ERR,ERR,ERR,ERR,ERR,ERR,ERR,ERR,ERR,0.0,-107615328.0,0.0,0.0,0.0,1.3936040501711995e+18,7.805,0.0,0,0,4,0,7300,-0.0,0,0.0,0.0,0.0,0.0,0.0,0,0,0,0,0.0,0,0,0,0,0,0,0,0,0,0,0,0,0,0,0,0,0,0,0,0,0,0,0,0,0,0,0,0,0,0,0,0,0,32,30,30,62,65476,0,300,0,0,8,21553,0.0,-107605600.0,0.0,0.0,0.0,0.0,0.0,0.0,0.0,0.0,0.0,0.0,0.0,0.0,0.0,0.0,0.0,0.0,0.0,0.0,0.0,0.0,2.004,0.0,-0.0,-2.004,0.0,0.0,0.0,0.0,5411.0,8608195584.0,6954.0,-0.0,-107615328.0,-107615280.0,-0.0,0.0,0.0,0.0,0.0,63,107615312.0,-0.0,0.0,0.0,0.0,0.0,0.0,0.0,0.0,0,0,0,0.0,0.0,0.0,0.0,0.0,0.0,0.0,0.0,0.0,0.0,0.0,0.0,0.0,0.0,0.0,0.0,0,-107875648.0,63,0.0,126,2.7184242562605685e+23,-0.0,ERR,ERR,ERR,ERR,ERR,ERR,ERR,ERR,ERR,ERR,ERR,ERR,ERR,ERR,ERR,ERR,ERR,ERR,ERR,ERR,ERR,ERR,ERR,ERR,ERR,ERR,ERR,ERR,ERR,ERR,ERR,ERR,ERR,ERR,ERR,ERR,ERR,ERR,ERR,ERR,ERR,ERR,ERR,ERR,ERR,ERR,ERR,ERR,ERR,ERR,ERR,ERR,ERR,ERR,ERR,ERR,ERR,ERR,ERR,ERR,ERR,ERR,ERR,ERR,ERR,ERR,ERR,34.0,80.0,35,0.0,0.0,0.0,0.0,0.0,0.0,0.0,0.0,0.0,0.0,0.0,0.0,0.0,0.0,0.0,0.0,64.4,0,116,56,50,65476,0,300,0,0,8,20529,65476,0,0,57672,80.0,0.0,0.0,0.0,0.0,0.0
2026-06-17T04:30:21,ERR,ERR,ERR,ERR,ERR,ERR,ERR,ERR,ERR,ERR,ERR,ERR,ERR,ERR,ERR,ERR,ERR,ERR,ERR,ERR,ERR,ERR,ERR,ERR,ERR,ERR,ERR,ERR,ERR,ERR,ERR,ERR,ERR,ERR,ERR,ERR,ERR,ERR,ERR,ERR,ERR,ERR,ERR,ERR,ERR,ERR,ERR,ERR,ERR,ERR,ERR,ERR,ERR,ERR,ERR,ERR,ERR,ERR,ERR,ERR,ERR,ERR,ERR,ERR,ERR,ERR,ERR,ERR,ERR,ERR,ERR,ERR,ERR,ERR,ERR,ERR,ERR,ERR,ERR,ERR,ERR,ERR,ERR,ERR,ERR,ERR,ERR,ERR,ERR,ERR,ERR,ERR,ERR,ERR,ERR,ERR,ERR,ERR,ERR,ERR,ERR,ERR,ERR,ERR,ERR,ERR,ERR,ERR,ERR,ERR,ERR,ERR,ERR,ERR,ERR,ERR,ERR,ERR,ERR,ERR,ERR,ERR,ERR,ERR,ERR,0.0,-107615328.0,0.0,0.0,0.0,1.3936040501711995e+18,7.805,0.0,0,0,4,0,7300,-0.0,0,0.0,0.0,0.0,0.0,0.0,0,0,0,0,0.0,0,0,0,0,0,0,0,0,0,0,0,0,0,0,0,0,0,0,0,0,0,0,0,0,0,0,0,0,0,0,0,0,0,32,30,30,62,65476,0,300,0,0,8,21553,0.0,-107605600.0,0.0,0.0,0.0,0.0,0.0,0.0,0.0,0.0,0.0,0.0,0.0,0.0,0.0,0.0,0.0,0.0,0.0,0.0,0.0,0.0,2.004,0.0,-0.0,-2.004,0.0,0.0,0.0,0.0,5411.0,8608195584.0,6954.0,-0.0,-107615328.0,-107615280.0,-0.0,0.0,0.0,0.0,0.0,63,107615312.0,-0.0,0.0,0.0,0.0,0.0,0.0,0.0,0.0,0,0,0,0.0,0.0,0.0,0.0,0.0,0.0,0.0,0.0,0.0,0.0,0.0,0.0,0.0,0.0,0.0,0.0,0,-107875648.0,63,0.0,126,2.7184242562605685e+23,-0.0,ERR,ERR,ERR,ERR,ERR,ERR,ERR,ERR,ERR,ERR,ERR,ERR,ERR,ERR,ERR,ERR,ERR,ERR,ERR,ERR,ERR,ERR,ERR,ERR,ERR,ERR,ERR,ERR,ERR,ERR,ERR,ERR,ERR,ERR,ERR,ERR,ERR,ERR,ERR,ERR,ERR,ERR,ERR,ERR,ERR,ERR,ERR,ERR,ERR,ERR,ERR,ERR,ERR,ERR,ERR,ERR,ERR,ERR,ERR,ERR,ERR,ERR,ERR,ERR,ERR,ERR,ERR,34.0,80.0,35,0.0,0.0,0.0,0.0,0.0,0.0,0.0,0.0,0.0,0.0,0.0,0.0,0.0,0.0,0.0,0.0,64.4,0,116,56,50,65476,0,300,0,0,8,20529,65476,0,0,57672,80.0,0.0,0.0,0.0,0.0,0.0
2026-06-17T04:30:22,ERR,ERR,ERR,ERR,ERR,ERR,ERR,ERR,ERR,ERR,ERR,ERR,ERR,ERR,ERR,ERR,ERR,ERR,ERR,ERR,ERR,ERR,ERR,ERR,ERR,ERR,ERR,ERR,ERR,ERR,ERR,ERR,ERR,ERR,ERR,ERR,ERR,ERR,ERR,ERR,ERR,ERR,ERR,ERR,ERR,ERR,ERR,ERR,ERR,ERR,ERR,ERR,ERR,ERR,ERR,ERR,ERR,ERR,ERR,ERR,ERR,ERR,ERR,ERR,ERR,ERR,ERR,ERR,ERR,ERR,ERR,ERR,ERR,ERR,ERR,ERR,ERR,ERR,ERR,ERR,ERR,ERR,ERR,ERR,ERR,ERR,ERR,ERR,ERR,ERR,ERR,ERR,ERR,ERR,ERR,ERR,ERR,ERR,ERR,ERR,ERR,ERR,ERR,ERR,ERR,ERR,ERR,ERR,ERR,ERR,ERR,ERR,ERR,ERR,ERR,ERR,ERR,ERR,ERR,ERR,ERR,ERR,ERR,ERR,ERR,0.0,-107615328.0,0.0,0.0,0.0,1.3936040501711995e+18,7.805,0.0,0,0,4,0,7300,-0.0,0,0.0,0.0,0.0,0.0,0.0,0,0,0,0,0.0,0,0,0,0,0,0,0,0,0,0,0,0,0,0,0,0,0,0,0,0,0,0,0,0,0,0,0,0,0,0,0,0,0,32,30,30,62,65476,0,300,0,0,8,21553,0.0,-107605600.0,0.0,0.0,0.0,0.0,0.0,0.0,0.0,0.0,0.0,0.0,0.0,0.0,0.0,0.0,0.0,0.0,0.0,0.0,0.0,0.0,2.004,0.0,-0.0,-2.004,0.0,0.0,0.0,0.0,5411.0,8608195584.0,6954.0,-0.0,-107615328.0,-107615280.0,-0.0,0.0,0.0,0.0,0.0,63,107615312.0,-0.0,0.0,0.0,0.0,0.0,0.0,0.0,0.0,0,0,0,0.0,0.0,0.0,0.0,0.0,0.0,0.0,0.0,0.0,0.0,0.0,0.0,0.0,0.0,0.0,0.0,0,-107875648.0,63,0.0,126,2.7184242562605685e+23,-0.0,ERR,ERR,ERR,ERR,ERR,ERR,ERR,ERR,ERR,ERR,ERR,ERR,ERR,ERR,ERR,ERR,ERR,ERR,ERR,ERR,ERR,ERR,ERR,ERR,ERR,ERR,ERR,ERR,ERR,ERR,ERR,ERR,ERR,ERR,ERR,ERR,ERR,ERR,ERR,ERR,ERR,ERR,ERR,ERR,ERR,ERR,ERR,ERR,ERR,ERR,ERR,ERR,ERR,ERR,ERR,ERR,ERR,ERR,ERR,ERR,ERR,ERR,ERR,ERR,ERR,ERR,ERR,34.0,80.0,35,0.0,0.0,0.0,0.0,0.0,0.0,0.0,0.0,0.0,0.0,0.0,0.0,0.0,0.0,0.0,0.0,64.4,0,116,56,50,65476,0,300,0,0,8,20529,65476,0,0,57672,80.0,0.0,0.0,0.0,0.0,0.0
2026-06-17T04:30:23,ERR,ERR,ERR,ERR,ERR,ERR,ERR,ERR,ERR,ERR,ERR,ERR,ERR,ERR,ERR,ERR,ERR,ERR,ERR,ERR,ERR,ERR,ERR,ERR,ERR,ERR,ERR,ERR,ERR,ERR,ERR,ERR,ERR,ERR,ERR,ERR,ERR,ERR,ERR,ERR,ERR,ERR,ERR,ERR,ERR,ERR,ERR,ERR,ERR,ERR,ERR,ERR,ERR,ERR,ERR,ERR,ERR,ERR,ERR,ERR,ERR,ERR,ERR,ERR,ERR,ERR,ERR,ERR,ERR,ERR,ERR,ERR,ERR,ERR,ERR,ERR,ERR,ERR,ERR,ERR,ERR,ERR,ERR,ERR,ERR,ERR,ERR,ERR,ERR,ERR,ERR,ERR,ERR,ERR,ERR,ERR,ERR,ERR,ERR,ERR,ERR,ERR,ERR,ERR,ERR,ERR,ERR,ERR,ERR,ERR,ERR,ERR,ERR,ERR,ERR,ERR,ERR,ERR,ERR,ERR,ERR,ERR,ERR,ERR,ERR,0.0,-107615328.0,0.0,0.0,0.0,1.3936040501711995e+18,7.805,0.0,0,0,4,0,7300,-0.0,0,0.0,0.0,0.0,0.0,0.0,0,0,0,0,0.0,0,0,0,0,0,0,0,0,0,0,0,0,0,0,0,0,0,0,0,0,0,0,0,0,0,0,0,0,0,0,0,0,0,32,30,30,62,65476,0,300,0,0,8,21553,0.0,-107605600.0,0.0,0.0,0.0,0.0,0.0,0.0,0.0,0.0,0.0,0.0,0.0,0.0,0.0,0.0,0.0,0.0,0.0,0.0,0.0,0.0,2.004,0.0,-0.0,-2.004,0.0,0.0,0.0,0.0,5411.0,0.0,6947.0,0.0,-107615328.0,-107615280.0,-0.0,0.0,0.0,0.0,0.0,63,107615312.0,4.066859702643652e+29,0.0,0.0,0.0,0.0,0.0,0.0,0.0,0,0,0,0.0,0.0,0.0,0.0,0.0,0.0,0.0,0.0,0.0,0.0,0.0,0.0,0.0,0.0,0.0,0.0,0,-107875648.0,63,0.0,126,2.7184242562605685e+23,-0.0,ERR,ERR,ERR,ERR,ERR,ERR,ERR,ERR,ERR,ERR,ERR,ERR,ERR,ERR,ERR,ERR,ERR,ERR,ERR,ERR,ERR,ERR,ERR,ERR,ERR,ERR,ERR,ERR,ERR,ERR,ERR,ERR,ERR,ERR,ERR,ERR,ERR,ERR,ERR,ERR,ERR,ERR,ERR,ERR,ERR,ERR,ERR,ERR,ERR,ERR,ERR,ERR,ERR,ERR,ERR,ERR,ERR,ERR,ERR,ERR,ERR,ERR,ERR,ERR,ERR,ERR,ERR,34.0,80.0,35,0.0,0.0,0.0,0.0,0.0,0.0,0.0,0.0,0.0,0.0,0.0,0.0,0.0,0.0,0.0,0.0,64.4,0,116,56,50,65476,0,300,0,0,8,20529,65476,0,0,57672,80.0,0.0,0.0,0.0,0.0,0.0
2026-06-17T04:30:24,ERR,ERR,ERR,ERR,ERR,ERR,ERR,ERR,ERR,ERR,ERR,ERR,ERR,ERR,ERR,ERR,ERR,ERR,ERR,ERR,ERR,ERR,ERR,ERR,ERR,ERR,ERR,ERR,ERR,ERR,ERR,ERR,ERR,ERR,ERR,ERR,ERR,ERR,ERR,ERR,ERR,ERR,ERR,ERR,ERR,ERR,ERR,ERR,ERR,ERR,ERR,ERR,ERR,ERR,ERR,ERR,ERR,ERR,ERR,ERR,ERR,ERR,ERR,ERR,ERR,ERR,ERR,ERR,ERR,ERR,ERR,ERR,ERR,ERR,ERR,ERR,ERR,ERR,ERR,ERR,ERR,ERR,ERR,ERR,ERR,ERR,ERR,ERR,ERR,ERR,ERR,ERR,ERR,ERR,ERR,ERR,ERR,ERR,ERR,ERR,ERR,ERR,ERR,ERR,ERR,ERR,ERR,ERR,ERR,ERR,ERR,ERR,ERR,ERR,ERR,ERR,ERR,ERR,ERR,ERR,ERR,ERR,ERR,ERR,ERR,0.0,-107615328.0,0.0,0.0,0.0,1.3936040501711995e+18,7.805,0.0,0,0,4,0,7300,-0.0,0,0.0,0.0,0.0,0.0,0.0,0,0,0,0,0.0,0,0,0,0,0,0,0,0,0,0,0,0,0,0,0,0,0,0,0,0,0,0,0,0,0,0,0,0,0,0,0,0,0,32,30,30,62,65476,0,300,0,0,8,21553,0.0,-107605600.0,0.0,0.0,0.0,0.0,0.0,0.0,0.0,0.0,0.0,0.0,0.0,0.0,0.0,0.0,0.0,0.0,0.0,0.0,0.0,0.0,2.004,0.0,-0.0,-2.004,0.0,0.0,0.0,0.0,5411.0,0.0,6947.0,0.0,-107615328.0,-107615280.0,-0.0,0.0,0.0,0.0,0.0,63,107615312.0,4.066859702643652e+29,0.0,0.0,0.0,0.0,0.0,0.0,0.0,0,0,0,0.0,0.0,0.0,0.0,0.0,0.0,0.0,0.0,0.0,0.0,0.0,0.0,0.0,0.0,0.0,0.0,0,-107875648.0,63,0.0,126,2.7184242562605685e+23,-0.0,ERR,ERR,ERR,ERR,ERR,ERR,ERR,ERR,ERR,ERR,ERR,ERR,ERR,ERR,ERR,ERR,ERR,ERR,ERR,ERR,ERR,ERR,ERR,ERR,ERR,ERR,ERR,ERR,ERR,ERR,ERR,ERR,ERR,ERR,ERR,ERR,ERR,ERR,ERR,ERR,ERR,ERR,ERR,ERR,ERR,ERR,ERR,ERR,ERR,ERR,ERR,ERR,ERR,ERR,ERR,ERR,ERR,ERR,ERR,ERR,ERR,ERR,ERR,ERR,ERR,ERR,ERR,34.0,80.0,35,0.0,0.0,0.0,0.0,0.0,0.0,0.0,0.0,0.0,0.0,0.0,0.0,0.0,0.0,0.0,0.0,64.8,0,116,56,50,65476,0,300,0,0,8,20529,65476,0,0,57672,80.0,0.0,0.0,0.0,0.0,0.0
2026-06-17T04:30:25,ERR,ERR,ERR,ERR,ERR,ERR,ERR,ERR,ERR,ERR,ERR,ERR,ERR,ERR,ERR,ERR,ERR,ERR,ERR,ERR,ERR,ERR,ERR,ERR,ERR,ERR,ERR,ERR,ERR,ERR,ERR,ERR,ERR,ERR,ERR,ERR,ERR,ERR,ERR,ERR,ERR,ERR,ERR,ERR,ERR,ERR,ERR,ERR,ERR,ERR,ERR,ERR,ERR,ERR,ERR,ERR,ERR,ERR,ERR,ERR,ERR,ERR,ERR,ERR,ERR,ERR,ERR,ERR,ERR,ERR,ERR,ERR,ERR,ERR,ERR,ERR,ERR,ERR,ERR,ERR,ERR,ERR,ERR,ERR,ERR,ERR,ERR,ERR,ERR,ERR,ERR,ERR,ERR,ERR,ERR,ERR,ERR,ERR,ERR,ERR,ERR,ERR,ERR,ERR,ERR,ERR,ERR,ERR,ERR,ERR,ERR,ERR,ERR,ERR,ERR,ERR,ERR,ERR,ERR,ERR,ERR,ERR,ERR,ERR,ERR,0.0,-107615328.0,0.0,0.0,0.0,1.3936040501711995e+18,7.805,0.0,0,0,4,0,7300,-0.0,0,0.0,0.0,0.0,0.0,0.0,0,0,0,0,0.0,0,0,0,0,0,0,0,0,0,0,0,0,0,0,0,0,0,0,0,0,0,0,0,0,0,0,0,0,0,0,0,0,0,32,30,30,62,65476,0,300,0,0,8,21553,0.0,-107605600.0,0.0,0.0,0.0,0.0,0.0,0.0,0.0,0.0,0.0,0.0,0.0,0.0,0.0,0.0,0.0,0.0,0.0,0.0,0.0,0.0,2.004,0.0,-0.0,-2.004,0.0,0.0,0.0,0.0,5411.0,0.0,6947.0,0.0,-107615328.0,-107615280.0,-0.0,0.0,0.0,0.0,0.0,63,107615312.0,4.066859702643652e+29,0.0,0.0,0.0,0.0,0.0,0.0,0.0,0,0,0,0.0,0.0,0.0,0.0,0.0,0.0,0.0,0.0,0.0,0.0,0.0,0.0,0.0,0.0,0.0,0.0,0,-107875648.0,63,0.0,126,2.7184242562605685e+23,-0.0,ERR,ERR,ERR,ERR,ERR,ERR,ERR,ERR,ERR,ERR,ERR,ERR,ERR,ERR,ERR,ERR,ERR,ERR,ERR,ERR,ERR,ERR,ERR,ERR,ERR,ERR,ERR,ERR,ERR,ERR,ERR,ERR,ERR,ERR,ERR,ERR,ERR,ERR,ERR,ERR,ERR,ERR,ERR,ERR,ERR,ERR,ERR,ERR,ERR,ERR,ERR,ERR,ERR,ERR,ERR,ERR,ERR,ERR,ERR,ERR,ERR,ERR,ERR,ERR,ERR,ERR,ERR,34.0,80.0,35,0.0,0.0,0.0,0.0,0.0,0.0,0.0,0.0,0.0,0.0,0.0,0.0,0.0,0.0,0.0,0.0,64.4,0,116,56,50,65476,0,300,0,0,8,20529,65476,0,0,57672,80.0,0.0,0.0,0.0,0.0,0.0
2026-06-17T04:30:26,ERR,ERR,ERR,ERR,ERR,ERR,ERR,ERR,ERR,ERR,ERR,ERR,ERR,ERR,ERR,ERR,ERR,ERR,ERR,ERR,ERR,ERR,ERR,ERR,ERR,ERR,ERR,ERR,ERR,ERR,ERR,ERR,ERR,ERR,ERR,ERR,ERR,ERR,ERR,ERR,ERR,ERR,ERR,ERR,ERR,ERR,ERR,ERR,ERR,ERR,ERR,ERR,ERR,ERR,ERR,ERR,ERR,ERR,ERR,ERR,ERR,ERR,ERR,ERR,ERR,ERR,ERR,ERR,ERR,ERR,ERR,ERR,ERR,ERR,ERR,ERR,ERR,ERR,ERR,ERR,ERR,ERR,ERR,ERR,ERR,ERR,ERR,ERR,ERR,ERR,ERR,ERR,ERR,ERR,ERR,ERR,ERR,ERR,ERR,ERR,ERR,ERR,ERR,ERR,ERR,ERR,ERR,ERR,ERR,ERR,ERR,ERR,ERR,ERR,ERR,ERR,ERR,ERR,ERR,ERR,ERR,ERR,ERR,ERR,ERR,0.0,-107615328.0,0.0,0.0,0.0,1.3936040501711995e+18,7.805,0.0,0,0,4,0,7300,-0.0,0,0.0,0.0,0.0,0.0,0.0,0,0,0,0,0.0,0,0,0,0,0,0,0,0,0,0,0,0,0,0,0,0,0,0,0,0,0,0,0,0,0,0,0,0,0,0,0,0,0,32,30,30,62,65476,0,300,0,0,8,21553,0.0,-107605600.0,0.0,0.0,0.0,0.0,0.0,0.0,0.0,0.0,0.0,0.0,0.0,0.0,0.0,0.0,0.0,0.0,0.0,0.0,0.0,0.0,2.004,0.0,-0.0,-2.004,0.0,0.0,0.0,0.0,5411.0,0.0,6947.0,0.0,-107615328.0,-107615280.0,-0.0,0.0,0.0,0.0,0.0,63,107615312.0,4.066859702643652e+29,0.0,0.0,0.0,0.0,0.0,0.0,0.0,0,0,0,0.0,0.0,0.0,0.0,0.0,0.0,0.0,0.0,0.0,0.0,0.0,0.0,0.0,0.0,0.0,0.0,0,-107875648.0,63,0.0,126,2.7184242562605685e+23,-0.0,ERR,ERR,ERR,ERR,ERR,ERR,ERR,ERR,ERR,ERR,ERR,ERR,ERR,ERR,ERR,ERR,ERR,ERR,ERR,ERR,ERR,ERR,ERR,ERR,ERR,ERR,ERR,ERR,ERR,ERR,ERR,ERR,ERR,ERR,ERR,ERR,ERR,ERR,ERR,ERR,ERR,ERR,ERR,ERR,ERR,ERR,ERR,ERR,ERR,ERR,ERR,ERR,ERR,ERR,ERR,ERR,ERR,ERR,ERR,ERR,ERR,ERR,ERR,ERR,ERR,ERR,ERR,34.0,80.0,35,0.0,0.0,0.0,0.0,0.0,0.0,0.0,0.0,0.0,0.0,0.0,0.0,0.0,0.0,0.0,0.0,64.4,0,116,56,50,65476,0,300,0,0,8,20529,65476,0,0,57672,80.0,0.0,0.0,0.0,0.0,0.0
2026-06-17T04:30:27,ERR,ERR,ERR,ERR,ERR,ERR,ERR,ERR,ERR,ERR,ERR,ERR,ERR,ERR,ERR,ERR,ERR,ERR,ERR,ERR,ERR,ERR,ERR,ERR,ERR,ERR,ERR,ERR,ERR,ERR,ERR,ERR,ERR,ERR,ERR,ERR,ERR,ERR,ERR,ERR,ERR,ERR,ERR,ERR,ERR,ERR,ERR,ERR,ERR,ERR,ERR,ERR,ERR,ERR,ERR,ERR,ERR,ERR,ERR,ERR,ERR,ERR,ERR,ERR,ERR,ERR,ERR,ERR,ERR,ERR,ERR,ERR,ERR,ERR,ERR,ERR,ERR,ERR,ERR,ERR,ERR,ERR,ERR,ERR,ERR,ERR,ERR,ERR,ERR,ERR,ERR,ERR,ERR,ERR,ERR,ERR,ERR,ERR,ERR,ERR,ERR,ERR,ERR,ERR,ERR,ERR,ERR,ERR,ERR,ERR,ERR,ERR,ERR,ERR,ERR,ERR,ERR,ERR,ERR,ERR,ERR,ERR,ERR,ERR,ERR,0.0,-107615328.0,0.0,0.0,0.0,1.3936040501711995e+18,7.805,0.0,0,0,4,0,7300,-0.0,0,0.0,0.0,0.0,0.0,0.0,0,0,0,0,0.0,0,0,0,0,0,0,0,0,0,0,0,0,0,0,0,0,0,0,0,0,0,0,0,0,0,0,0,0,0,0,0,0,0,32,30,30,62,65476,0,300,0,0,8,21553,0.0,-107605600.0,0.0,0.0,0.0,0.0,0.0,0.0,0.0,0.0,0.0,0.0,0.0,0.0,0.0,0.0,0.0,0.0,0.0,0.0,0.0,0.0,2.004,0.0,-0.0,-2.004,0.0,0.0,0.0,0.0,5411.0,0.0,6947.0,0.0,-107615328.0,-107615280.0,-0.0,0.0,0.0,0.0,0.0,63,107615312.0,4.066859702643652e+29,0.0,0.0,0.0,0.0,0.0,0.0,0.0,0,0,0,0.0,0.0,0.0,0.0,0.0,0.0,0.0,0.0,0.0,0.0,0.0,0.0,0.0,0.0,0.0,0.0,0,-107875648.0,63,0.0,126,2.7184242562605685e+23,-0.0,ERR,ERR,ERR,ERR,ERR,ERR,ERR,ERR,ERR,ERR,ERR,ERR,ERR,ERR,ERR,ERR,ERR,ERR,ERR,ERR,ERR,ERR,ERR,ERR,ERR,ERR,ERR,ERR,ERR,ERR,ERR,ERR,ERR,ERR,ERR,ERR,ERR,ERR,ERR,ERR,ERR,ERR,ERR,ERR,ERR,ERR,ERR,ERR,ERR,ERR,ERR,ERR,ERR,ERR,ERR,ERR,ERR,ERR,ERR,ERR,ERR,ERR,ERR,ERR,ERR,ERR,ERR,34.0,80.0,35,0.0,0.0,0.0,0.0,0.0,0.0,0.0,0.0,0.0,0.0,0.0,0.0,0.0,0.0,0.0,0.0,64.4,0,116,56,50,65476,0,300,0,0,8,20529,65476,0,0,57672,80.0,0.0,0.0,0.0,0.0,0.0
2026-06-17T04:30:28,ERR,ERR,ERR,ERR,ERR,ERR,ERR,ERR,ERR,ERR,ERR,ERR,ERR,ERR,ERR,ERR,ERR,ERR,ERR,ERR,ERR,ERR,ERR,ERR,ERR,ERR,ERR,ERR,ERR,ERR,ERR,ERR,ERR,ERR,ERR,ERR,ERR,ERR,ERR,ERR,ERR,ERR,ERR,ERR,ERR,ERR,ERR,ERR,ERR,ERR,ERR,ERR,ERR,ERR,ERR,ERR,ERR,ERR,ERR,ERR,ERR,ERR,ERR,ERR,ERR,ERR,ERR,ERR,ERR,ERR,ERR,ERR,ERR,ERR,ERR,ERR,ERR,ERR,ERR,ERR,ERR,ERR,ERR,ERR,ERR,ERR,ERR,ERR,ERR,ERR,ERR,ERR,ERR,ERR,ERR,ERR,ERR,ERR,ERR,ERR,ERR,ERR,ERR,ERR,ERR,ERR,ERR,ERR,ERR,ERR,ERR,ERR,ERR,ERR,ERR,ERR,ERR,ERR,ERR,ERR,ERR,ERR,ERR,ERR,ERR,0.0,-107615328.0,0.0,0.0,0.0,1.3936040501711995e+18,7.805,0.0,0,0,4,0,7300,-0.0,0,0.0,0.0,0.0,0.0,0.0,0,0,0,0,0.0,0,0,0,0,0,0,0,0,0,0,0,0,0,0,0,0,0,0,0,0,0,0,0,0,0,0,0,0,0,0,0,0,0,32,30,30,62,65476,0,300,0,0,8,21553,0.0,-107605600.0,0.0,0.0,0.0,0.0,0.0,0.0,0.0,0.0,0.0,0.0,0.0,0.0,0.0,0.0,0.0,0.0,0.0,0.0,0.0,0.0,2.004,0.0,-0.0,-2.004,0.0,0.0,0.0,0.0,5376.0,-131350.625,6969.0,0.0,-107615328.0,-107615280.0,-0.0,0.0,0.0,0.0,0.0,63,71.63,0.0,0.0,0.0,0.0,0.0,0.0,0.0,0.0,0,0,0,0.0,0.0,0.0,0.0,0.0,0.0,0.0,0.0,0.0,0.0,0.0,0.0,0.0,0.0,0.0,0.0,0,-107875648.0,63,0.0,126,2.7184242562605685e+23,-0.0,ERR,ERR,ERR,ERR,ERR,ERR,ERR,ERR,ERR,ERR,ERR,ERR,ERR,ERR,ERR,ERR,ERR,ERR,ERR,ERR,ERR,ERR,ERR,ERR,ERR,ERR,ERR,ERR,ERR,ERR,ERR,ERR,ERR,ERR,ERR,ERR,ERR,ERR,ERR,ERR,ERR,ERR,ERR,ERR,ERR,ERR,ERR,ERR,ERR,ERR,ERR,ERR,ERR,ERR,ERR,ERR,ERR,ERR,ERR,ERR,ERR,ERR,ERR,ERR,ERR,ERR,ERR,34.0,80.0,35,0.0,0.0,0.0,0.0,0.0,0.0,0.0,0.0,0.0,0.0,0.0,0.0,0.0,0.0,0.0,0.0,64.4,0,116,56,50,65476,0,300,0,0,8,20529,65476,0,0,57672,80.0,0.0,0.0,0.0,0.0,0.0
2026-06-17T04:30:29,ERR,ERR,ERR,ERR,ERR,ERR,ERR,ERR,ERR,ERR,ERR,ERR,ERR,ERR,ERR,ERR,ERR,ERR,ERR,ERR,ERR,ERR,ERR,ERR,ERR,ERR,ERR,ERR,ERR,ERR,ERR,ERR,ERR,ERR,ERR,ERR,ERR,ERR,ERR,ERR,ERR,ERR,ERR,ERR,ERR,ERR,ERR,ERR,ERR,ERR,ERR,ERR,ERR,ERR,ERR,ERR,ERR,ERR,ERR,ERR,ERR,ERR,ERR,ERR,ERR,ERR,ERR,ERR,ERR,ERR,ERR,ERR,ERR,ERR,ERR,ERR,ERR,ERR,ERR,ERR,ERR,ERR,ERR,ERR,ERR,ERR,ERR,ERR,ERR,ERR,ERR,ERR,ERR,ERR,ERR,ERR,ERR,ERR,ERR,ERR,ERR,ERR,ERR,ERR,ERR,ERR,ERR,ERR,ERR,ERR,ERR,ERR,ERR,ERR,ERR,ERR,ERR,ERR,ERR,ERR,ERR,ERR,ERR,ERR,ERR,0.0,-107615328.0,0.0,0.0,0.0,1.3936040501711995e+18,7.805,0.0,0,0,4,0,7300,-0.0,0,0.0,0.0,0.0,0.0,0.0,0,0,0,0,0.0,0,0,0,0,0,0,0,0,0,0,0,0,0,0,0,0,0,0,0,0,0,0,0,0,0,0,0,0,0,0,0,0,0,32,30,30,62,65476,0,300,0,0,8,21553,0.0,-107605600.0,0.0,0.0,0.0,0.0,0.0,0.0,0.0,0.0,0.0,0.0,0.0,0.0,0.0,0.0,0.0,0.0,0.0,0.0,0.0,0.0,2.004,0.0,-0.0,-2.004,0.0,0.0,0.0,0.0,5376.0,-131350.625,6969.0,0.0,-107615328.0,-107615280.0,-0.0,0.0,0.0,0.0,0.0,63,71.63,0.0,0.0,0.0,0.0,0.0,0.0,0.0,0.0,0,0,0,0.0,0.0,0.0,0.0,0.0,0.0,0.0,0.0,0.0,0.0,0.0,0.0,0.0,0.0,0.0,0.0,0,-107875648.0,63,0.0,126,2.7184242562605685e+23,-0.0,ERR,ERR,ERR,ERR,ERR,ERR,ERR,ERR,ERR,ERR,ERR,ERR,ERR,ERR,ERR,ERR,ERR,ERR,ERR,ERR,ERR,ERR,ERR,ERR,ERR,ERR,ERR,ERR,ERR,ERR,ERR,ERR,ERR,ERR,ERR,ERR,ERR,ERR,ERR,ERR,ERR,ERR,ERR,ERR,ERR,ERR,ERR,ERR,ERR,ERR,ERR,ERR,ERR,ERR,ERR,ERR,ERR,ERR,ERR,ERR,ERR,ERR,ERR,ERR,ERR,ERR,ERR,34.0,80.0,35,0.0,0.0,0.0,0.0,0.0,0.0,0.0,0.0,0.0,0.0,0.0,0.0,0.0,0.0,0.0,0.0,64.4,0,116,56,50,65476,0,300,0,0,8,20529,65476,0,0,57672,80.0,0.0,0.0,0.0,0.0,0.0
2026-06-17T04:30:30,ERR,ERR,ERR,ERR,ERR,ERR,ERR,ERR,ERR,ERR,ERR,ERR,ERR,ERR,ERR,ERR,ERR,ERR,ERR,ERR,ERR,ERR,ERR,ERR,ERR,ERR,ERR,ERR,ERR,ERR,ERR,ERR,ERR,ERR,ERR,ERR,ERR,ERR,ERR,ERR,ERR,ERR,ERR,ERR,ERR,ERR,ERR,ERR,ERR,ERR,ERR,ERR,ERR,ERR,ERR,ERR,ERR,ERR,ERR,ERR,ERR,ERR,ERR,ERR,ERR,ERR,ERR,ERR,ERR,ERR,ERR,ERR,ERR,ERR,ERR,ERR,ERR,ERR,ERR,ERR,ERR,ERR,ERR,ERR,ERR,ERR,ERR,ERR,ERR,ERR,ERR,ERR,ERR,ERR,ERR,ERR,ERR,ERR,ERR,ERR,ERR,ERR,ERR,ERR,ERR,ERR,ERR,ERR,ERR,ERR,ERR,ERR,ERR,ERR,ERR,ERR,ERR,ERR,ERR,ERR,ERR,ERR,ERR,ERR,ERR,0.0,-107615328.0,0.0,0.0,0.0,1.3936040501711995e+18,7.805,0.0,0,0,4,0,7300,-0.0,0,0.0,0.0,0.0,0.0,0.0,0,0,0,0,0.0,0,0,0,0,0,0,0,0,0,0,0,0,0,0,0,0,0,0,0,0,0,0,0,0,0,0,0,0,0,0,0,0,0,32,30,30,62,65476,0,300,0,0,8,21553,0.0,-107605600.0,0.0,0.0,0.0,0.0,0.0,0.0,0.0,0.0,0.0,0.0,0.0,0.0,0.0,0.0,0.0,0.0,0.0,0.0,0.0,0.0,2.004,0.0,-0.0,-2.004,0.0,0.0,0.0,0.0,5376.0,-131350.625,6969.0,0.0,-107615328.0,-107615280.0,-0.0,0.0,0.0,0.0,0.0,63,71.63,0.0,0.0,0.0,0.0,0.0,0.0,0.0,0.0,0,0,0,0.0,0.0,0.0,0.0,0.0,0.0,0.0,0.0,0.0,0.0,0.0,0.0,0.0,0.0,0.0,0.0,0,-107875648.0,63,0.0,126,2.7184242562605685e+23,-0.0,ERR,ERR,ERR,ERR,ERR,ERR,ERR,ERR,ERR,ERR,ERR,ERR,ERR,ERR,ERR,ERR,ERR,ERR,ERR,ERR,ERR,ERR,ERR,ERR,ERR,ERR,ERR,ERR,ERR,ERR,ERR,ERR,ERR,ERR,ERR,ERR,ERR,ERR,ERR,ERR,ERR,ERR,ERR,ERR,ERR,ERR,ERR,ERR,ERR,ERR,ERR,ERR,ERR,ERR,ERR,ERR,ERR,ERR,ERR,ERR,ERR,ERR,ERR,ERR,ERR,ERR,ERR,34.0,80.0,35,0.0,0.0,0.0,0.0,0.0,0.0,0.0,0.0,0.0,0.0,0.0,0.0,0.0,0.0,0.0,0.0,64.4,0,116,56,50,65476,0,300,0,0,8,20529,65476,0,0,57672,80.0,0.0,0.0,0.0,0.0,0.0
2026-06-17T04:30:31,ERR,ERR,ERR,ERR,ERR,ERR,ERR,ERR,ERR,ERR,ERR,ERR,ERR,ERR,ERR,ERR,ERR,ERR,ERR,ERR,ERR,ERR,ERR,ERR,ERR,ERR,ERR,ERR,ERR,ERR,ERR,ERR,ERR,ERR,ERR,ERR,ERR,ERR,ERR,ERR,ERR,ERR,ERR,ERR,ERR,ERR,ERR,ERR,ERR,ERR,ERR,ERR,ERR,ERR,ERR,ERR,ERR,ERR,ERR,ERR,ERR,ERR,ERR,ERR,ERR,ERR,ERR,ERR,ERR,ERR,ERR,ERR,ERR,ERR,ERR,ERR,ERR,ERR,ERR,ERR,ERR,ERR,ERR,ERR,ERR,ERR,ERR,ERR,ERR,ERR,ERR,ERR,ERR,ERR,ERR,ERR,ERR,ERR,ERR,ERR,ERR,ERR,ERR,ERR,ERR,ERR,ERR,ERR,ERR,ERR,ERR,ERR,ERR,ERR,ERR,ERR,ERR,ERR,ERR,ERR,ERR,ERR,ERR,ERR,ERR,0.0,-107615328.0,0.0,0.0,0.0,1.3936040501711995e+18,7.805,0.0,0,0,4,0,7300,-0.0,0,0.0,0.0,0.0,0.0,0.0,0,0,0,0,0.0,0,0,0,0,0,0,0,0,0,0,0,0,0,0,0,0,0,0,0,0,0,0,0,0,0,0,0,0,0,0,0,0,0,32,30,30,62,65476,0,300,0,0,8,21553,0.0,-107605600.0,0.0,0.0,0.0,0.0,0.0,0.0,0.0,0.0,0.0,0.0,0.0,0.0,0.0,0.0,0.0,0.0,0.0,0.0,0.0,0.0,2.004,0.0,-0.0,-2.004,0.0,0.0,0.0,0.0,5376.0,-131350.625,6969.0,0.0,-107615328.0,-107615280.0,-0.0,0.0,0.0,0.0,0.0,63,71.63,0.0,0.0,0.0,0.0,0.0,0.0,0.0,0.0,0,0,0,0.0,0.0,0.0,0.0,0.0,0.0,0.0,0.0,0.0,0.0,0.0,0.0,0.0,0.0,0.0,0.0,0,-107875648.0,63,0.0,126,2.7184242562605685e+23,-0.0,ERR,ERR,ERR,ERR,ERR,ERR,ERR,ERR,ERR,ERR,ERR,ERR,ERR,ERR,ERR,ERR,ERR,ERR,ERR,ERR,ERR,ERR,ERR,ERR,ERR,ERR,ERR,ERR,ERR,ERR,ERR,ERR,ERR,ERR,ERR,ERR,ERR,ERR,ERR,ERR,ERR,ERR,ERR,ERR,ERR,ERR,ERR,ERR,ERR,ERR,ERR,ERR,ERR,ERR,ERR,ERR,ERR,ERR,ERR,ERR,ERR,ERR,ERR,ERR,ERR,ERR,ERR,34.0,80.0,35,0.0,0.0,0.0,0.0,0.0,0.0,0.0,0.0,0.0,0.0,0.0,0.0,0.0,0.0,0.0,0.0,64.4,0,116,56,50,65476,0,300,0,0,8,20529,65476,0,0,57672,80.0,0.0,0.0,0.0,0.0,0.0
2026-06-17T04:30:32,ERR,ERR,ERR,ERR,ERR,ERR,ERR,ERR,ERR,ERR,ERR,ERR,ERR,ERR,ERR,ERR,ERR,ERR,ERR,ERR,ERR,ERR,ERR,ERR,ERR,ERR,ERR,ERR,ERR,ERR,ERR,ERR,ERR,ERR,ERR,ERR,ERR,ERR,ERR,ERR,ERR,ERR,ERR,ERR,ERR,ERR,ERR,ERR,ERR,ERR,ERR,ERR,ERR,ERR,ERR,ERR,ERR,ERR,ERR,ERR,ERR,ERR,ERR,ERR,ERR,ERR,ERR,ERR,ERR,ERR,ERR,ERR,ERR,ERR,ERR,ERR,ERR,ERR,ERR,ERR,ERR,ERR,ERR,ERR,ERR,ERR,ERR,ERR,ERR,ERR,ERR,ERR,ERR,ERR,ERR,ERR,ERR,ERR,ERR,ERR,ERR,ERR,ERR,ERR,ERR,ERR,ERR,ERR,ERR,ERR,ERR,ERR,ERR,ERR,ERR,ERR,ERR,ERR,ERR,ERR,ERR,ERR,ERR,ERR,ERR,0.0,-107615328.0,0.0,0.0,0.0,1.3936040501711995e+18,7.805,0.0,0,0,4,0,7300,-0.0,0,0.0,0.0,0.0,0.0,0.0,0,0,0,0,0.0,0,0,0,0,0,0,0,0,0,0,0,0,0,0,0,0,0,0,0,0,0,0,0,0,0,0,0,0,0,0,0,0,0,32,30,30,62,65476,0,300,0,0,8,21553,0.0,-107605600.0,0.0,0.0,0.0,0.0,0.0,0.0,0.0,0.0,0.0,0.0,0.0,0.0,0.0,0.0,0.0,0.0,0.0,0.0,0.0,0.0,2.004,0.0,-0.0,-2.004,0.0,0.0,0.0,0.0,5376.0,-131350.625,6969.0,0.0,-107615328.0,-107615280.0,-0.0,0.0,0.0,0.0,0.0,63,71.63,0.0,0.0,0.0,0.0,0.0,0.0,0.0,0.0,0,0,0,0.0,0.0,0.0,0.0,0.0,0.0,0.0,0.0,0.0,0.0,0.0,0.0,0.0,0.0,0.0,0.0,0,-107875648.0,63,0.0,126,2.7184242562605685e+23,-0.0,ERR,ERR,ERR,ERR,ERR,ERR,ERR,ERR,ERR,ERR,ERR,ERR,ERR,ERR,ERR,ERR,ERR,ERR,ERR,ERR,ERR,ERR,ERR,ERR,ERR,ERR,ERR,ERR,ERR,ERR,ERR,ERR,ERR,ERR,ERR,ERR,ERR,ERR,ERR,ERR,ERR,ERR,ERR,ERR,ERR,ERR,ERR,ERR,ERR,ERR,ERR,ERR,ERR,ERR,ERR,ERR,ERR,ERR,ERR,ERR,ERR,ERR,ERR,ERR,ERR,ERR,ERR,34.0,80.0,35,0.0,0.0,0.0,0.0,0.0,0.0,0.0,0.0,0.0,0.0,0.0,0.0,0.0,0.0,0.0,0.0,64.4,0,116,56,50,65476,0,300,0,0,8,20529,65476,0,0,57672,80.0,0.0,0.0,0.0,0.0,0.0
2026-06-17T04:30:33,ERR,ERR,ERR,ERR,ERR,ERR,ERR,ERR,ERR,ERR,ERR,ERR,ERR,ERR,ERR,ERR,ERR,ERR,ERR,ERR,ERR,ERR,ERR,ERR,ERR,ERR,ERR,ERR,ERR,ERR,ERR,ERR,ERR,ERR,ERR,ERR,ERR,ERR,ERR,ERR,ERR,ERR,ERR,ERR,ERR,ERR,ERR,ERR,ERR,ERR,ERR,ERR,ERR,ERR,ERR,ERR,ERR,ERR,ERR,ERR,ERR,ERR,ERR,ERR,ERR,ERR,ERR,ERR,ERR,ERR,ERR,ERR,ERR,ERR,ERR,ERR,ERR,ERR,ERR,ERR,ERR,ERR,ERR,ERR,ERR,ERR,ERR,ERR,ERR,ERR,ERR,ERR,ERR,ERR,ERR,ERR,ERR,ERR,ERR,ERR,ERR,ERR,ERR,ERR,ERR,ERR,ERR,ERR,ERR,ERR,ERR,ERR,ERR,ERR,ERR,ERR,ERR,ERR,ERR,ERR,ERR,ERR,ERR,ERR,ERR,0.0,-107615328.0,0.0,0.0,0.0,1.3936040501711995e+18,7.805,0.0,0,0,4,0,7300,-0.0,0,0.0,0.0,0.0,0.0,0.0,0,0,0,0,0.0,0,0,0,0,0,0,0,0,0,0,0,0,0,0,0,0,0,0,0,0,0,0,0,0,0,0,0,0,0,0,0,0,0,32,30,30,62,65476,0,300,0,0,8,21553,0.0,-107605600.0,0.0,0.0,0.0,0.0,0.0,0.0,0.0,0.0,0.0,0.0,0.0,0.0,0.0,0.0,0.0,0.0,0.0,0.0,0.0,0.0,2.004,0.0,-0.0,-2.004,0.0,0.0,0.0,0.0,5377.0,-0.0,6963.0,0.0,-107615328.0,-107615280.0,-0.0,0.0,0.0,0.0,0.0,63,71.63,-107614904.0,0.0,0.0,0.0,0.0,0.0,0.0,0.0,0,0,0,0.0,0.0,0.0,0.0,0.0,0.0,0.0,0.0,0.0,0.0,0.0,0.0,0.0,0.0,0.0,0.0,0,-107875648.0,63,0.0,126,2.7184242562605685e+23,-0.0,ERR,ERR,ERR,ERR,ERR,ERR,ERR,ERR,ERR,ERR,ERR,ERR,ERR,ERR,ERR,ERR,ERR,ERR,ERR,ERR,ERR,ERR,ERR,ERR,ERR,ERR,ERR,ERR,ERR,ERR,ERR,ERR,ERR,ERR,ERR,ERR,ERR,ERR,ERR,ERR,ERR,ERR,ERR,ERR,ERR,ERR,ERR,ERR,ERR,ERR,ERR,ERR,ERR,ERR,ERR,ERR,ERR,ERR,ERR,ERR,ERR,ERR,ERR,ERR,ERR,ERR,ERR,34.0,80.0,35,0.0,0.0,0.0,0.0,0.0,0.0,0.0,0.0,0.0,0.0,0.0,0.0,0.0,0.0,0.0,0.0,64.4,0,116,56,50,65476,0,300,0,0,8,20529,65476,0,0,57672,80.0,0.0,0.0,0.0,0.0,0.0
2026-06-17T04:30:34,ERR,ERR,ERR,ERR,ERR,ERR,ERR,ERR,ERR,ERR,ERR,ERR,ERR,ERR,ERR,ERR,ERR,ERR,ERR,ERR,ERR,ERR,ERR,ERR,ERR,ERR,ERR,ERR,ERR,ERR,ERR,ERR,ERR,ERR,ERR,ERR,ERR,ERR,ERR,ERR,ERR,ERR,ERR,ERR,ERR,ERR,ERR,ERR,ERR,ERR,ERR,ERR,ERR,ERR,ERR,ERR,ERR,ERR,ERR,ERR,ERR,ERR,ERR,ERR,ERR,ERR,ERR,ERR,ERR,ERR,ERR,ERR,ERR,ERR,ERR,ERR,ERR,ERR,ERR,ERR,ERR,ERR,ERR,ERR,ERR,ERR,ERR,ERR,ERR,ERR,ERR,ERR,ERR,ERR,ERR,ERR,ERR,ERR,ERR,ERR,ERR,ERR,ERR,ERR,ERR,ERR,ERR,ERR,ERR,ERR,ERR,ERR,ERR,ERR,ERR,ERR,ERR,ERR,ERR,ERR,ERR,ERR,ERR,ERR,ERR,0.0,-107615328.0,0.0,0.0,0.0,1.3936040501711995e+18,7.805,0.0,0,0,4,0,7300,-0.0,0,0.0,0.0,0.0,0.0,0.0,0,0,0,0,0.0,0,0,0,0,0,0,0,0,0,0,0,0,0,0,0,0,0,0,0,0,0,0,0,0,0,0,0,0,0,0,0,0,0,32,30,30,62,65476,0,300,0,0,8,21553,0.0,-107605600.0,0.0,0.0,0.0,0.0,0.0,0.0,0.0,0.0,0.0,0.0,0.0,0.0,0.0,0.0,0.0,0.0,0.0,0.0,0.0,0.0,2.004,0.0,-0.0,-2.004,0.0,0.0,0.0,0.0,5377.0,-0.0,6963.0,0.0,-107615328.0,-107615280.0,-0.0,0.0,0.0,0.0,0.0,63,71.63,-107614904.0,0.0,0.0,0.0,0.0,0.0,0.0,0.0,0,0,0,0.0,0.0,0.0,0.0,0.0,0.0,0.0,0.0,0.0,0.0,0.0,0.0,0.0,0.0,0.0,0.0,0,-107875648.0,63,0.0,126,2.7184242562605685e+23,-0.0,ERR,ERR,ERR,ERR,ERR,ERR,ERR,ERR,ERR,ERR,ERR,ERR,ERR,ERR,ERR,ERR,ERR,ERR,ERR,ERR,ERR,ERR,ERR,ERR,ERR,ERR,ERR,ERR,ERR,ERR,ERR,ERR,ERR,ERR,ERR,ERR,ERR,ERR,ERR,ERR,ERR,ERR,ERR,ERR,ERR,ERR,ERR,ERR,ERR,ERR,ERR,ERR,ERR,ERR,ERR,ERR,ERR,ERR,ERR,ERR,ERR,ERR,ERR,ERR,ERR,ERR,ERR,34.0,80.0,35,0.0,0.0,0.0,0.0,0.0,0.0,0.0,0.0,0.0,0.0,0.0,0.0,0.0,0.0,0.0,0.0,64.4,0,116,56,50,65476,0,300,0,0,8,20529,65476,0,0,57672,80.0,0.0,0.0,0.0,0.0,0.0
2026-06-17T04:30:35,ERR,ERR,ERR,ERR,ERR,ERR,ERR,ERR,ERR,ERR,ERR,ERR,ERR,ERR,ERR,ERR,ERR,ERR,ERR,ERR,ERR,ERR,ERR,ERR,ERR,ERR,ERR,ERR,ERR,ERR,ERR,ERR,ERR,ERR,ERR,ERR,ERR,ERR,ERR,ERR,ERR,ERR,ERR,ERR,ERR,ERR,ERR,ERR,ERR,ERR,ERR,ERR,ERR,ERR,ERR,ERR,ERR,ERR,ERR,ERR,ERR,ERR,ERR,ERR,ERR,ERR,ERR,ERR,ERR,ERR,ERR,ERR,ERR,ERR,ERR,ERR,ERR,ERR,ERR,ERR,ERR,ERR,ERR,ERR,ERR,ERR,ERR,ERR,ERR,ERR,ERR,ERR,ERR,ERR,ERR,ERR,ERR,ERR,ERR,ERR,ERR,ERR,ERR,ERR,ERR,ERR,ERR,ERR,ERR,ERR,ERR,ERR,ERR,ERR,ERR,ERR,ERR,ERR,ERR,ERR,ERR,ERR,ERR,ERR,ERR,0.0,-107615328.0,0.0,0.0,0.0,1.3936040501711995e+18,7.805,0.0,0,0,4,0,7300,-0.0,0,0.0,0.0,0.0,0.0,0.0,0,0,0,0,0.0,0,0,0,0,0,0,0,0,0,0,0,0,0,0,0,0,0,0,0,0,0,0,0,0,0,0,0,0,0,0,0,0,0,32,30,30,62,65476,0,300,0,0,8,21553,0.0,-107605600.0,0.0,0.0,0.0,0.0,0.0,0.0,0.0,0.0,0.0,0.0,0.0,0.0,0.0,0.0,0.0,0.0,0.0,0.0,0.0,0.0,2.004,0.0,-0.0,-2.004,0.0,0.0,0.0,0.0,5377.0,-0.0,6963.0,0.0,-107615328.0,-107615280.0,-0.0,0.0,0.0,0.0,0.0,63,71.63,-107614904.0,0.0,0.0,0.0,0.0,0.0,0.0,0.0,0,0,0,0.0,0.0,0.0,0.0,0.0,0.0,0.0,0.0,0.0,0.0,0.0,0.0,0.0,0.0,0.0,0.0,0,-107875648.0,63,0.0,126,2.7184242562605685e+23,-0.0,ERR,ERR,ERR,ERR,ERR,ERR,ERR,ERR,ERR,ERR,ERR,ERR,ERR,ERR,ERR,ERR,ERR,ERR,ERR,ERR,ERR,ERR,ERR,ERR,ERR,ERR,ERR,ERR,ERR,ERR,ERR,ERR,ERR,ERR,ERR,ERR,ERR,ERR,ERR,ERR,ERR,ERR,ERR,ERR,ERR,ERR,ERR,ERR,ERR,ERR,ERR,ERR,ERR,ERR,ERR,ERR,ERR,ERR,ERR,ERR,ERR,ERR,ERR,ERR,ERR,ERR,ERR,34.0,80.0,35,0.0,0.0,0.0,0.0,0.0,0.0,0.0,0.0,0.0,0.0,0.0,0.0,0.0,0.0,0.0,0.0,64.4,0,116,56,50,65476,0,300,0,0,8,20529,65476,0,0,57672,80.0,0.0,0.0,0.0,0.0,0.0
2026-06-17T04:30:36,ERR,ERR,ERR,ERR,ERR,ERR,ERR,ERR,ERR,ERR,ERR,ERR,ERR,ERR,ERR,ERR,ERR,ERR,ERR,ERR,ERR,ERR,ERR,ERR,ERR,ERR,ERR,ERR,ERR,ERR,ERR,ERR,ERR,ERR,ERR,ERR,ERR,ERR,ERR,ERR,ERR,ERR,ERR,ERR,ERR,ERR,ERR,ERR,ERR,ERR,ERR,ERR,ERR,ERR,ERR,ERR,ERR,ERR,ERR,ERR,ERR,ERR,ERR,ERR,ERR,ERR,ERR,ERR,ERR,ERR,ERR,ERR,ERR,ERR,ERR,ERR,ERR,ERR,ERR,ERR,ERR,ERR,ERR,ERR,ERR,ERR,ERR,ERR,ERR,ERR,ERR,ERR,ERR,ERR,ERR,ERR,ERR,ERR,ERR,ERR,ERR,ERR,ERR,ERR,ERR,ERR,ERR,ERR,ERR,ERR,ERR,ERR,ERR,ERR,ERR,ERR,ERR,ERR,ERR,ERR,ERR,ERR,ERR,ERR,ERR,0.0,-107615328.0,0.0,0.0,0.0,1.3936040501711995e+18,7.805,0.0,0,0,4,0,7300,-0.0,0,0.0,0.0,0.0,0.0,0.0,0,0,0,0,0.0,0,0,0,0,0,0,0,0,0,0,0,0,0,0,0,0,0,0,0,0,0,0,0,0,0,0,0,0,0,0,0,0,0,32,30,30,62,65476,0,300,0,0,8,21553,0.0,-107605600.0,0.0,0.0,0.0,0.0,0.0,0.0,0.0,0.0,0.0,0.0,0.0,0.0,0.0,0.0,0.0,0.0,0.0,0.0,0.0,0.0,2.004,0.0,-0.0,-2.004,0.0,0.0,0.0,0.0,5377.0,-0.0,6963.0,0.0,-107615328.0,-107615280.0,-0.0,0.0,0.0,0.0,0.0,63,71.63,-107614904.0,0.0,0.0,0.0,0.0,0.0,0.0,0.0,0,0,0,0.0,0.0,0.0,0.0,0.0,0.0,0.0,0.0,0.0,0.0,0.0,0.0,0.0,0.0,0.0,0.0,0,-107875648.0,63,0.0,126,2.7184242562605685e+23,-0.0,ERR,ERR,ERR,ERR,ERR,ERR,ERR,ERR,ERR,ERR,ERR,ERR,ERR,ERR,ERR,ERR,ERR,ERR,ERR,ERR,ERR,ERR,ERR,ERR,ERR,ERR,ERR,ERR,ERR,ERR,ERR,ERR,ERR,ERR,ERR,ERR,ERR,ERR,ERR,ERR,ERR,ERR,ERR,ERR,ERR,ERR,ERR,ERR,ERR,ERR,ERR,ERR,ERR,ERR,ERR,ERR,ERR,ERR,ERR,ERR,ERR,ERR,ERR,ERR,ERR,ERR,ERR,34.0,80.0,35,0.0,0.0,0.0,0.0,0.0,0.0,0.0,0.0,0.0,0.0,0.0,0.0,0.0,0.0,0.0,0.0,64.4,0,116,56,50,65476,0,300,0,0,8,20529,65476,0,0,57672,80.0,0.0,0.0,0.0,0.0,0.0
2026-06-17T04:30:37,ERR,ERR,ERR,ERR,ERR,ERR,ERR,ERR,ERR,ERR,ERR,ERR,ERR,ERR,ERR,ERR,ERR,ERR,ERR,ERR,ERR,ERR,ERR,ERR,ERR,ERR,ERR,ERR,ERR,ERR,ERR,ERR,ERR,ERR,ERR,ERR,ERR,ERR,ERR,ERR,ERR,ERR,ERR,ERR,ERR,ERR,ERR,ERR,ERR,ERR,ERR,ERR,ERR,ERR,ERR,ERR,ERR,ERR,ERR,ERR,ERR,ERR,ERR,ERR,ERR,ERR,ERR,ERR,ERR,ERR,ERR,ERR,ERR,ERR,ERR,ERR,ERR,ERR,ERR,ERR,ERR,ERR,ERR,ERR,ERR,ERR,ERR,ERR,ERR,ERR,ERR,ERR,ERR,ERR,ERR,ERR,ERR,ERR,ERR,ERR,ERR,ERR,ERR,ERR,ERR,ERR,ERR,ERR,ERR,ERR,ERR,ERR,ERR,ERR,ERR,ERR,ERR,ERR,ERR,ERR,ERR,ERR,ERR,ERR,ERR,0.0,-107615328.0,0.0,0.0,0.0,1.3936040501711995e+18,7.805,0.0,0,0,4,0,7300,-0.0,0,0.0,0.0,0.0,0.0,0.0,0,0,0,0,0.0,0,0,0,0,0,0,0,0,0,0,0,0,0,0,0,0,0,0,0,0,0,0,0,0,0,0,0,0,0,0,0,0,0,32,30,30,62,65476,0,300,0,0,8,21553,0.0,-107605600.0,0.0,0.0,0.0,0.0,0.0,0.0,0.0,0.0,0.0,0.0,0.0,0.0,0.0,0.0,0.0,0.0,0.0,0.0,0.0,0.0,2.004,0.0,-0.0,-2.004,0.0,0.0,0.0,0.0,5377.0,-0.0,6963.0,0.0,-107615328.0,-107615280.0,-0.0,0.0,0.0,0.0,0.0,63,71.63,-107614904.0,0.0,0.0,0.0,0.0,0.0,0.0,0.0,0,0,0,0.0,0.0,0.0,0.0,0.0,0.0,0.0,0.0,0.0,0.0,0.0,0.0,0.0,0.0,0.0,0.0,0,-107875648.0,63,0.0,126,2.7184242562605685e+23,-0.0,ERR,ERR,ERR,ERR,ERR,ERR,ERR,ERR,ERR,ERR,ERR,ERR,ERR,ERR,ERR,ERR,ERR,ERR,ERR,ERR,ERR,ERR,ERR,ERR,ERR,ERR,ERR,ERR,ERR,ERR,ERR,ERR,ERR,ERR,ERR,ERR,ERR,ERR,ERR,ERR,ERR,ERR,ERR,ERR,ERR,ERR,ERR,ERR,ERR,ERR,ERR,ERR,ERR,ERR,ERR,ERR,ERR,ERR,ERR,ERR,ERR,ERR,ERR,ERR,ERR,ERR,ERR,34.0,80.0,35,0.0,0.0,0.0,0.0,0.0,0.0,0.0,0.0,0.0,0.0,0.0,0.0,0.0,0.0,0.0,0.0,64.4,0,116,56,50,65476,0,300,0,0,8,20529,65476,0,0,57672,80.0,0.0,0.0,0.0,0.0,0.0
2026-06-17T04:30:38,ERR,ERR,ERR,ERR,ERR,ERR,ERR,ERR,ERR,ERR,ERR,ERR,ERR,ERR,ERR,ERR,ERR,ERR,ERR,ERR,ERR,ERR,ERR,ERR,ERR,ERR,ERR,ERR,ERR,ERR,ERR,ERR,ERR,ERR,ERR,ERR,ERR,ERR,ERR,ERR,ERR,ERR,ERR,ERR,ERR,ERR,ERR,ERR,ERR,ERR,ERR,ERR,ERR,ERR,ERR,ERR,ERR,ERR,ERR,ERR,ERR,ERR,ERR,ERR,ERR,ERR,ERR,ERR,ERR,ERR,ERR,ERR,ERR,ERR,ERR,ERR,ERR,ERR,ERR,ERR,ERR,ERR,ERR,ERR,ERR,ERR,ERR,ERR,ERR,ERR,ERR,ERR,ERR,ERR,ERR,ERR,ERR,ERR,ERR,ERR,ERR,ERR,ERR,ERR,ERR,ERR,ERR,ERR,ERR,ERR,ERR,ERR,ERR,ERR,ERR,ERR,ERR,ERR,ERR,ERR,ERR,ERR,ERR,ERR,ERR,0.0,-107615328.0,0.0,0.0,0.0,1.3936040501711995e+18,7.805,0.0,0,0,4,0,7300,-0.0,0,0.0,0.0,0.0,0.0,0.0,0,0,0,0,0.0,0,0,0,0,0,0,0,0,0,0,0,0,0,0,0,0,0,0,0,0,0,0,0,0,0,0,0,0,0,0,0,0,0,32,30,30,62,65476,0,300,0,0,8,21553,0.0,-107605600.0,0.0,0.0,0.0,0.0,0.0,0.0,0.0,0.0,0.0,0.0,0.0,0.0,0.0,0.0,0.0,0.0,0.0,0.0,0.0,0.0,2.004,0.0,-0.0,-2.004,0.0,0.0,0.0,0.0,5377.0,-0.0,6963.0,0.0,-107615328.0,-107615280.0,-0.0,0.0,0.0,0.0,0.0,63,71.63,-107614904.0,0.0,0.0,0.0,0.0,0.0,0.0,0.0,0,0,0,0.0,0.0,0.0,0.0,0.0,0.0,0.0,0.0,0.0,0.0,0.0,0.0,0.0,0.0,0.0,0.0,0,-107875648.0,63,0.0,126,2.7184242562605685e+23,-0.0,ERR,ERR,ERR,ERR,ERR,ERR,ERR,ERR,ERR,ERR,ERR,ERR,ERR,ERR,ERR,ERR,ERR,ERR,ERR,ERR,ERR,ERR,ERR,ERR,ERR,ERR,ERR,ERR,ERR,ERR,ERR,ERR,ERR,ERR,ERR,ERR,ERR,ERR,ERR,ERR,ERR,ERR,ERR,ERR,ERR,ERR,ERR,ERR,ERR,ERR,ERR,ERR,ERR,ERR,ERR,ERR,ERR,ERR,ERR,ERR,ERR,ERR,ERR,ERR,ERR,ERR,ERR,34.0,80.0,35,0.0,0.0,0.0,0.0,0.0,0.0,0.0,0.0,0.0,0.0,0.0,0.0,0.0,0.0,0.0,0.0,64.4,0,116,56,50,65476,0,300,0,0,8,20529,65476,0,0,57672,80.0,0.0,0.0,0.0,0.0,0.0
2026-06-17T04:30:39,ERR,ERR,ERR,ERR,ERR,ERR,ERR,ERR,ERR,ERR,ERR,ERR,ERR,ERR,ERR,ERR,ERR,ERR,ERR,ERR,ERR,ERR,ERR,ERR,ERR,ERR,ERR,ERR,ERR,ERR,ERR,ERR,ERR,ERR,ERR,ERR,ERR,ERR,ERR,ERR,ERR,ERR,ERR,ERR,ERR,ERR,ERR,ERR,ERR,ERR,ERR,ERR,ERR,ERR,ERR,ERR,ERR,ERR,ERR,ERR,ERR,ERR,ERR,ERR,ERR,ERR,ERR,ERR,ERR,ERR,ERR,ERR,ERR,ERR,ERR,ERR,ERR,ERR,ERR,ERR,ERR,ERR,ERR,ERR,ERR,ERR,ERR,ERR,ERR,ERR,ERR,ERR,ERR,ERR,ERR,ERR,ERR,ERR,ERR,ERR,ERR,ERR,ERR,ERR,ERR,ERR,ERR,ERR,ERR,ERR,ERR,ERR,ERR,ERR,ERR,ERR,ERR,ERR,ERR,ERR,ERR,ERR,ERR,ERR,ERR,0.0,-107615328.0,0.0,0.0,0.0,1.3936040501711995e+18,7.805,0.0,0,0,4,0,7300,-0.0,0,0.0,0.0,0.0,0.0,0.0,0,0,0,0,0.0,0,0,0,0,0,0,0,0,0,0,0,0,0,0,0,0,0,0,0,0,0,0,0,0,0,0,0,0,0,0,0,0,0,32,30,30,62,65476,0,300,0,0,8,21553,0.0,-107605600.0,0.0,0.0,0.0,0.0,0.0,0.0,0.0,0.0,0.0,0.0,0.0,0.0,0.0,0.0,0.0,0.0,0.0,0.0,0.0,0.0,2.004,0.0,-0.0,-2.004,0.0,0.0,0.0,0.0,5406.0,-0.0,6967.0,0.0,-107615328.0,-107615280.0,-0.0,0.0,0.0,0.0,0.0,63,0.0,-4.9504073207923395e+32,0.0,0.0,0.0,0.0,0.0,0.0,0.0,0,0,0,0.0,0.0,0.0,0.0,0.0,0.0,0.0,0.0,0.0,0.0,0.0,0.0,0.0,0.0,0.0,0.0,0,-107875648.0,63,0.0,126,2.7184242562605685e+23,-0.0,ERR,ERR,ERR,ERR,ERR,ERR,ERR,ERR,ERR,ERR,ERR,ERR,ERR,ERR,ERR,ERR,ERR,ERR,ERR,ERR,ERR,ERR,ERR,ERR,ERR,ERR,ERR,ERR,ERR,ERR,ERR,ERR,ERR,ERR,ERR,ERR,ERR,ERR,ERR,ERR,ERR,ERR,ERR,ERR,ERR,ERR,ERR,ERR,ERR,ERR,ERR,ERR,ERR,ERR,ERR,ERR,ERR,ERR,ERR,ERR,ERR,ERR,ERR,ERR,ERR,ERR,ERR,34.0,80.0,35,0.0,0.0,0.0,0.0,0.0,0.0,0.0,0.0,0.0,0.0,0.0,0.0,0.0,0.0,0.0,0.0,64.4,0,116,56,50,65476,0,300,0,0,8,20529,65476,0,0,57672,80.0,0.0,0.0,0.0,0.0,0.0
2026-06-17T04:30:40,ERR,ERR,ERR,ERR,ERR,ERR,ERR,ERR,ERR,ERR,ERR,ERR,ERR,ERR,ERR,ERR,ERR,ERR,ERR,ERR,ERR,ERR,ERR,ERR,ERR,ERR,ERR,ERR,ERR,ERR,ERR,ERR,ERR,ERR,ERR,ERR,ERR,ERR,ERR,ERR,ERR,ERR,ERR,ERR,ERR,ERR,ERR,ERR,ERR,ERR,ERR,ERR,ERR,ERR,ERR,ERR,ERR,ERR,ERR,ERR,ERR,ERR,ERR,ERR,ERR,ERR,ERR,ERR,ERR,ERR,ERR,ERR,ERR,ERR,ERR,ERR,ERR,ERR,ERR,ERR,ERR,ERR,ERR,ERR,ERR,ERR,ERR,ERR,ERR,ERR,ERR,ERR,ERR,ERR,ERR,ERR,ERR,ERR,ERR,ERR,ERR,ERR,ERR,ERR,ERR,ERR,ERR,ERR,ERR,ERR,ERR,ERR,ERR,ERR,ERR,ERR,ERR,ERR,ERR,ERR,ERR,ERR,ERR,ERR,ERR,0.0,-107615328.0,0.0,0.0,0.0,1.3936040501711995e+18,7.805,0.0,0,0,4,0,7300,-0.0,0,0.0,0.0,0.0,0.0,0.0,0,0,0,0,0.0,0,0,0,0,0,0,0,0,0,0,0,0,0,0,0,0,0,0,0,0,0,0,0,0,0,0,0,0,0,0,0,0,0,32,30,30,62,65476,0,300,0,0,8,21553,0.0,-107605600.0,0.0,0.0,0.0,0.0,0.0,0.0,0.0,0.0,0.0,0.0,0.0,0.0,0.0,0.0,0.0,0.0,0.0,0.0,0.0,0.0,2.004,0.0,-0.0,-2.004,0.0,0.0,0.0,0.0,5406.0,-0.0,6967.0,0.0,-107615328.0,-107615280.0,-0.0,0.0,0.0,0.0,0.0,63,0.0,-4.9504073207923395e+32,0.0,0.0,0.0,0.0,0.0,0.0,0.0,0,0,0,0.0,0.0,0.0,0.0,0.0,0.0,0.0,0.0,0.0,0.0,0.0,0.0,0.0,0.0,0.0,0.0,0,-107875648.0,63,0.0,126,2.7184242562605685e+23,-0.0,ERR,ERR,ERR,ERR,ERR,ERR,ERR,ERR,ERR,ERR,ERR,ERR,ERR,ERR,ERR,ERR,ERR,ERR,ERR,ERR,ERR,ERR,ERR,ERR,ERR,ERR,ERR,ERR,ERR,ERR,ERR,ERR,ERR,ERR,ERR,ERR,ERR,ERR,ERR,ERR,ERR,ERR,ERR,ERR,ERR,ERR,ERR,ERR,ERR,ERR,ERR,ERR,ERR,ERR,ERR,ERR,ERR,ERR,ERR,ERR,ERR,ERR,ERR,ERR,ERR,ERR,ERR,34.0,80.0,35,0.0,0.0,0.0,0.0,0.0,0.0,0.0,0.0,0.0,0.0,0.0,0.0,0.0,0.0,0.0,0.0,64.4,0,116,56,50,65476,0,300,0,0,8,20529,65476,0,0,57672,80.0,0.0,0.0,0.0,0.0,0.0
2026-06-17T04:30:41,ERR,ERR,ERR,ERR,ERR,ERR,ERR,ERR,ERR,ERR,ERR,ERR,ERR,ERR,ERR,ERR,ERR,ERR,ERR,ERR,ERR,ERR,ERR,ERR,ERR,ERR,ERR,ERR,ERR,ERR,ERR,ERR,ERR,ERR,ERR,ERR,ERR,ERR,ERR,ERR,ERR,ERR,ERR,ERR,ERR,ERR,ERR,ERR,ERR,ERR,ERR,ERR,ERR,ERR,ERR,ERR,ERR,ERR,ERR,ERR,ERR,ERR,ERR,ERR,ERR,ERR,ERR,ERR,ERR,ERR,ERR,ERR,ERR,ERR,ERR,ERR,ERR,ERR,ERR,ERR,ERR,ERR,ERR,ERR,ERR,ERR,ERR,ERR,ERR,ERR,ERR,ERR,ERR,ERR,ERR,ERR,ERR,ERR,ERR,ERR,ERR,ERR,ERR,ERR,ERR,ERR,ERR,ERR,ERR,ERR,ERR,ERR,ERR,ERR,ERR,ERR,ERR,ERR,ERR,ERR,ERR,ERR,ERR,ERR,ERR,0.0,-107615328.0,0.0,0.0,0.0,1.3936040501711995e+18,7.805,0.0,0,0,4,0,7300,-0.0,0,0.0,0.0,0.0,0.0,0.0,0,0,0,0,0.0,0,0,0,0,0,0,0,0,0,0,0,0,0,0,0,0,0,0,0,0,0,0,0,0,0,0,0,0,0,0,0,0,0,32,30,30,62,65476,0,300,0,0,8,21553,0.0,-107605600.0,0.0,0.0,0.0,0.0,0.0,0.0,0.0,0.0,0.0,0.0,0.0,0.0,0.0,0.0,0.0,0.0,0.0,0.0,0.0,0.0,2.004,0.0,-0.0,-2.004,0.0,0.0,0.0,0.0,5406.0,-0.0,6967.0,0.0,-107615328.0,-107615280.0,-0.0,0.0,0.0,0.0,0.0,63,0.0,-4.9504073207923395e+32,0.0,0.0,0.0,0.0,0.0,0.0,0.0,0,0,0,0.0,0.0,0.0,0.0,0.0,0.0,0.0,0.0,0.0,0.0,0.0,0.0,0.0,0.0,0.0,0.0,0,-107875648.0,63,0.0,126,2.7184242562605685e+23,-0.0,ERR,ERR,ERR,ERR,ERR,ERR,ERR,ERR,ERR,ERR,ERR,ERR,ERR,ERR,ERR,ERR,ERR,ERR,ERR,ERR,ERR,ERR,ERR,ERR,ERR,ERR,ERR,ERR,ERR,ERR,ERR,ERR,ERR,ERR,ERR,ERR,ERR,ERR,ERR,ERR,ERR,ERR,ERR,ERR,ERR,ERR,ERR,ERR,ERR,ERR,ERR,ERR,ERR,ERR,ERR,ERR,ERR,ERR,ERR,ERR,ERR,ERR,ERR,ERR,ERR,ERR,ERR,34.0,80.0,35,0.0,0.0,0.0,0.0,0.0,0.0,0.0,0.0,0.0,0.0,0.0,0.0,0.0,0.0,0.0,0.0,64.4,0,116,56,50,65476,0,300,0,0,8,20529,65476,0,0,57672,80.0,0.0,0.0,0.0,0.0,0.0
2026-06-17T04:30:42,ERR,ERR,ERR,ERR,ERR,ERR,ERR,ERR,ERR,ERR,ERR,ERR,ERR,ERR,ERR,ERR,ERR,ERR,ERR,ERR,ERR,ERR,ERR,ERR,ERR,ERR,ERR,ERR,ERR,ERR,ERR,ERR,ERR,ERR,ERR,ERR,ERR,ERR,ERR,ERR,ERR,ERR,ERR,ERR,ERR,ERR,ERR,ERR,ERR,ERR,ERR,ERR,ERR,ERR,ERR,ERR,ERR,ERR,ERR,ERR,ERR,ERR,ERR,ERR,ERR,ERR,ERR,ERR,ERR,ERR,ERR,ERR,ERR,ERR,ERR,ERR,ERR,ERR,ERR,ERR,ERR,ERR,ERR,ERR,ERR,ERR,ERR,ERR,ERR,ERR,ERR,ERR,ERR,ERR,ERR,ERR,ERR,ERR,ERR,ERR,ERR,ERR,ERR,ERR,ERR,ERR,ERR,ERR,ERR,ERR,ERR,ERR,ERR,ERR,ERR,ERR,ERR,ERR,ERR,ERR,ERR,ERR,ERR,ERR,ERR,0.0,-107615328.0,0.0,0.0,0.0,1.3936040501711995e+18,7.805,0.0,0,0,4,0,7300,-0.0,0,0.0,0.0,0.0,0.0,0.0,0,0,0,0,0.0,0,0,0,0,0,0,0,0,0,0,0,0,0,0,0,0,0,0,0,0,0,0,0,0,0,0,0,0,0,0,0,0,0,32,30,30,62,65476,0,300,0,0,8,21553,0.0,-107605600.0,0.0,0.0,0.0,0.0,0.0,0.0,0.0,0.0,0.0,0.0,0.0,0.0,0.0,0.0,0.0,0.0,0.0,0.0,0.0,0.0,2.004,0.0,-0.0,-2.004,0.0,0.0,0.0,0.0,5406.0,-0.0,6967.0,0.0,-107615328.0,-107615280.0,-0.0,0.0,0.0,0.0,0.0,63,0.0,-4.9504073207923395e+32,0.0,0.0,0.0,0.0,0.0,0.0,0.0,0,0,0,0.0,0.0,0.0,0.0,0.0,0.0,0.0,0.0,0.0,0.0,0.0,0.0,0.0,0.0,0.0,0.0,0,-107875648.0,63,0.0,126,2.7184242562605685e+23,-0.0,ERR,ERR,ERR,ERR,ERR,ERR,ERR,ERR,ERR,ERR,ERR,ERR,ERR,ERR,ERR,ERR,ERR,ERR,ERR,ERR,ERR,ERR,ERR,ERR,ERR,ERR,ERR,ERR,ERR,ERR,ERR,ERR,ERR,ERR,ERR,ERR,ERR,ERR,ERR,ERR,ERR,ERR,ERR,ERR,ERR,ERR,ERR,ERR,ERR,ERR,ERR,ERR,ERR,ERR,ERR,ERR,ERR,ERR,ERR,ERR,ERR,ERR,ERR,ERR,ERR,ERR,ERR,34.0,80.0,35,0.0,0.0,0.0,0.0,0.0,0.0,0.0,0.0,0.0,0.0,0.0,0.0,0.0,0.0,0.0,0.0,64.4,0,116,56,50,65476,0,300,0,0,8,20529,65476,0,0,57672,80.0,0.0,0.0,0.0,0.0,0.0
2026-06-17T04:30:43,ERR,ERR,ERR,ERR,ERR,ERR,ERR,ERR,ERR,ERR,ERR,ERR,ERR,ERR,ERR,ERR,ERR,ERR,ERR,ERR,ERR,ERR,ERR,ERR,ERR,ERR,ERR,ERR,ERR,ERR,ERR,ERR,ERR,ERR,ERR,ERR,ERR,ERR,ERR,ERR,ERR,ERR,ERR,ERR,ERR,ERR,ERR,ERR,ERR,ERR,ERR,ERR,ERR,ERR,ERR,ERR,ERR,ERR,ERR,ERR,ERR,ERR,ERR,ERR,ERR,ERR,ERR,ERR,ERR,ERR,ERR,ERR,ERR,ERR,ERR,ERR,ERR,ERR,ERR,ERR,ERR,ERR,ERR,ERR,ERR,ERR,ERR,ERR,ERR,ERR,ERR,ERR,ERR,ERR,ERR,ERR,ERR,ERR,ERR,ERR,ERR,ERR,ERR,ERR,ERR,ERR,ERR,ERR,ERR,ERR,ERR,ERR,ERR,ERR,ERR,ERR,ERR,ERR,ERR,ERR,ERR,ERR,ERR,ERR,ERR,0.0,-107615328.0,0.0,0.0,0.0,1.3936040501711995e+18,7.805,0.0,0,0,4,0,7300,-0.0,0,0.0,0.0,0.0,0.0,0.0,0,0,0,0,0.0,0,0,0,0,0,0,0,0,0,0,0,0,0,0,0,0,0,0,0,0,0,0,0,0,0,0,0,0,0,0,0,0,0,32,30,30,62,65476,0,300,0,0,8,21553,0.0,-107605600.0,0.0,0.0,0.0,0.0,0.0,0.0,0.0,0.0,0.0,0.0,0.0,0.0,0.0,0.0,0.0,0.0,0.0,0.0,0.0,0.0,2.004,0.0,-0.0,-2.004,0.0,0.0,0.0,0.0,5406.0,-0.0,6967.0,0.0,-107615328.0,-107615280.0,-0.0,0.0,0.0,0.0,0.0,63,0.0,-4.9504073207923395e+32,0.0,0.0,0.0,0.0,0.0,0.0,0.0,0,0,0,0.0,0.0,0.0,0.0,0.0,0.0,0.0,0.0,0.0,0.0,0.0,0.0,0.0,0.0,0.0,0.0,0,-107875648.0,63,0.0,126,2.7184242562605685e+23,-0.0,ERR,ERR,ERR,ERR,ERR,ERR,ERR,ERR,ERR,ERR,ERR,ERR,ERR,ERR,ERR,ERR,ERR,ERR,ERR,ERR,ERR,ERR,ERR,ERR,ERR,ERR,ERR,ERR,ERR,ERR,ERR,ERR,ERR,ERR,ERR,ERR,ERR,ERR,ERR,ERR,ERR,ERR,ERR,ERR,ERR,ERR,ERR,ERR,ERR,ERR,ERR,ERR,ERR,ERR,ERR,ERR,ERR,ERR,ERR,ERR,ERR,ERR,ERR,ERR,ERR,ERR,ERR,34.0,80.0,35,0.0,0.0,0.0,0.0,0.0,0.0,0.0,0.0,0.0,0.0,0.0,0.0,0.0,0.0,0.0,0.0,64.4,0,116,56,50,65476,0,300,0,0,8,20529,65476,0,0,57672,80.0,0.0,0.0,0.0,0.0,0.0
2026-06-17T04:30:44,ERR,ERR,ERR,ERR,ERR,ERR,ERR,ERR,ERR,ERR,ERR,ERR,ERR,ERR,ERR,ERR,ERR,ERR,ERR,ERR,ERR,ERR,ERR,ERR,ERR,ERR,ERR,ERR,ERR,ERR,ERR,ERR,ERR,ERR,ERR,ERR,ERR,ERR,ERR,ERR,ERR,ERR,ERR,ERR,ERR,ERR,ERR,ERR,ERR,ERR,ERR,ERR,ERR,ERR,ERR,ERR,ERR,ERR,ERR,ERR,ERR,ERR,ERR,ERR,ERR,ERR,ERR,ERR,ERR,ERR,ERR,ERR,ERR,ERR,ERR,ERR,ERR,ERR,ERR,ERR,ERR,ERR,ERR,ERR,ERR,ERR,ERR,ERR,ERR,ERR,ERR,ERR,ERR,ERR,ERR,ERR,ERR,ERR,ERR,ERR,ERR,ERR,ERR,ERR,ERR,ERR,ERR,ERR,ERR,ERR,ERR,ERR,ERR,ERR,ERR,ERR,ERR,ERR,ERR,ERR,ERR,ERR,ERR,ERR,ERR,0.0,-107615328.0,0.0,0.0,0.0,1.3936040501711995e+18,7.805,0.0,0,0,4,0,7300,-0.0,0,0.0,0.0,0.0,0.0,0.0,0,0,0,0,0.0,0,0,0,0,0,0,0,0,0,0,0,0,0,0,0,0,0,0,0,0,0,0,0,0,0,0,0,0,0,0,0,0,0,32,30,30,62,65476,0,300,0,0,8,21553,0.0,-107605600.0,0.0,0.0,0.0,0.0,0.0,0.0,0.0,0.0,0.0,0.0,0.0,0.0,0.0,0.0,0.0,0.0,0.0,0.0,0.0,0.0,2.004,0.0,-0.0,-2.004,0.0,0.0,0.0,0.0,5378.0,-0.0,6963.0,0.0,-107615328.0,-107615280.0,-0.0,0.0,0.0,0.0,0.0,63,89221.078,-107614904.0,0.0,0.0,0.0,0.0,0.0,0.0,0.0,0,0,0,0.0,0.0,0.0,0.0,0.0,0.0,0.0,0.0,0.0,0.0,0.0,0.0,0.0,0.0,0.0,0.0,0,-107875648.0,63,0.0,126,2.7184242562605685e+23,-0.0,ERR,ERR,ERR,ERR,ERR,ERR,ERR,ERR,ERR,ERR,ERR,ERR,ERR,ERR,ERR,ERR,ERR,ERR,ERR,ERR,ERR,ERR,ERR,ERR,ERR,ERR,ERR,ERR,ERR,ERR,ERR,ERR,ERR,ERR,ERR,ERR,ERR,ERR,ERR,ERR,ERR,ERR,ERR,ERR,ERR,ERR,ERR,ERR,ERR,ERR,ERR,ERR,ERR,ERR,ERR,ERR,ERR,ERR,ERR,ERR,ERR,ERR,ERR,ERR,ERR,ERR,ERR,34.0,80.0,35,0.0,0.0,0.0,0.0,0.0,0.0,0.0,0.0,0.0,0.0,0.0,0.0,0.0,0.0,0.0,0.0,64.8,0,116,56,50,65476,0,300,0,0,8,20529,65476,0,0,57672,80.0,0.0,0.0,0.0,0.0,0.0
2026-06-17T04:30:45,ERR,ERR,ERR,ERR,ERR,ERR,ERR,ERR,ERR,ERR,ERR,ERR,ERR,ERR,ERR,ERR,ERR,ERR,ERR,ERR,ERR,ERR,ERR,ERR,ERR,ERR,ERR,ERR,ERR,ERR,ERR,ERR,ERR,ERR,ERR,ERR,ERR,ERR,ERR,ERR,ERR,ERR,ERR,ERR,ERR,ERR,ERR,ERR,ERR,ERR,ERR,ERR,ERR,ERR,ERR,ERR,ERR,ERR,ERR,ERR,ERR,ERR,ERR,ERR,ERR,ERR,ERR,ERR,ERR,ERR,ERR,ERR,ERR,ERR,ERR,ERR,ERR,ERR,ERR,ERR,ERR,ERR,ERR,ERR,ERR,ERR,ERR,ERR,ERR,ERR,ERR,ERR,ERR,ERR,ERR,ERR,ERR,ERR,ERR,ERR,ERR,ERR,ERR,ERR,ERR,ERR,ERR,ERR,ERR,ERR,ERR,ERR,ERR,ERR,ERR,ERR,ERR,ERR,ERR,ERR,ERR,ERR,ERR,ERR,ERR,0.0,-107615328.0,0.0,0.0,0.0,1.3936040501711995e+18,7.805,0.0,0,0,4,0,7300,-0.0,0,0.0,0.0,0.0,0.0,0.0,0,0,0,0,0.0,0,0,0,0,0,0,0,0,0,0,0,0,0,0,0,0,0,0,0,0,0,0,0,0,0,0,0,0,0,0,0,0,0,32,30,30,62,65476,0,300,0,0,8,21553,0.0,-107605600.0,0.0,0.0,0.0,0.0,0.0,0.0,0.0,0.0,0.0,0.0,0.0,0.0,0.0,0.0,0.0,0.0,0.0,0.0,0.0,0.0,2.004,0.0,-0.0,-2.004,0.0,0.0,0.0,0.0,5378.0,-0.0,6963.0,0.0,-107615328.0,-107615280.0,-0.0,0.0,0.0,0.0,0.0,63,89221.078,-107614904.0,0.0,0.0,0.0,0.0,0.0,0.0,0.0,0,0,0,0.0,0.0,0.0,0.0,0.0,0.0,0.0,0.0,0.0,0.0,0.0,0.0,0.0,0.0,0.0,0.0,0,-107875648.0,63,0.0,126,2.7184242562605685e+23,-0.0,ERR,ERR,ERR,ERR,ERR,ERR,ERR,ERR,ERR,ERR,ERR,ERR,ERR,ERR,ERR,ERR,ERR,ERR,ERR,ERR,ERR,ERR,ERR,ERR,ERR,ERR,ERR,ERR,ERR,ERR,ERR,ERR,ERR,ERR,ERR,ERR,ERR,ERR,ERR,ERR,ERR,ERR,ERR,ERR,ERR,ERR,ERR,ERR,ERR,ERR,ERR,ERR,ERR,ERR,ERR,ERR,ERR,ERR,ERR,ERR,ERR,ERR,ERR,ERR,ERR,ERR,ERR,34.0,80.0,35,0.0,0.0,0.0,0.0,0.0,0.0,0.0,0.0,0.0,0.0,0.0,0.0,0.0,0.0,0.0,0.0,64.4,0,116,56,50,65476,0,300,0,0,8,20529,65476,0,0,57672,80.0,0.0,0.0,0.0,0.0,0.0
2026-06-17T04:30:46,ERR,ERR,ERR,ERR,ERR,ERR,ERR,ERR,ERR,ERR,ERR,ERR,ERR,ERR,ERR,ERR,ERR,ERR,ERR,ERR,ERR,ERR,ERR,ERR,ERR,ERR,ERR,ERR,ERR,ERR,ERR,ERR,ERR,ERR,ERR,ERR,ERR,ERR,ERR,ERR,ERR,ERR,ERR,ERR,ERR,ERR,ERR,ERR,ERR,ERR,ERR,ERR,ERR,ERR,ERR,ERR,ERR,ERR,ERR,ERR,ERR,ERR,ERR,ERR,ERR,ERR,ERR,ERR,ERR,ERR,ERR,ERR,ERR,ERR,ERR,ERR,ERR,ERR,ERR,ERR,ERR,ERR,ERR,ERR,ERR,ERR,ERR,ERR,ERR,ERR,ERR,ERR,ERR,ERR,ERR,ERR,ERR,ERR,ERR,ERR,ERR,ERR,ERR,ERR,ERR,ERR,ERR,ERR,ERR,ERR,ERR,ERR,ERR,ERR,ERR,ERR,ERR,ERR,ERR,ERR,ERR,ERR,ERR,ERR,ERR,0.0,-107615328.0,0.0,0.0,0.0,1.3936040501711995e+18,7.805,0.0,0,0,4,0,7300,-0.0,0,0.0,0.0,0.0,0.0,0.0,0,0,0,0,0.0,0,0,0,0,0,0,0,0,0,0,0,0,0,0,0,0,0,0,0,0,0,0,0,0,0,0,0,0,0,0,0,0,0,32,30,30,62,65476,0,300,0,0,8,21553,0.0,-107605600.0,0.0,0.0,0.0,0.0,0.0,0.0,0.0,0.0,0.0,0.0,0.0,0.0,0.0,0.0,0.0,0.0,0.0,0.0,0.0,0.0,2.004,0.0,-0.0,-2.004,0.0,0.0,0.0,0.0,5378.0,-0.0,6963.0,0.0,-107615328.0,-107615280.0,-0.0,0.0,0.0,0.0,0.0,63,89221.078,-107614904.0,0.0,0.0,0.0,0.0,0.0,0.0,0.0,0,0,0,0.0,0.0,0.0,0.0,0.0,0.0,0.0,0.0,0.0,0.0,0.0,0.0,0.0,0.0,0.0,0.0,0,-107875648.0,63,0.0,126,2.7184242562605685e+23,-0.0,ERR,ERR,ERR,ERR,ERR,ERR,ERR,ERR,ERR,ERR,ERR,ERR,ERR,ERR,ERR,ERR,ERR,ERR,ERR,ERR,ERR,ERR,ERR,ERR,ERR,ERR,ERR,ERR,ERR,ERR,ERR,ERR,ERR,ERR,ERR,ERR,ERR,ERR,ERR,ERR,ERR,ERR,ERR,ERR,ERR,ERR,ERR,ERR,ERR,ERR,ERR,ERR,ERR,ERR,ERR,ERR,ERR,ERR,ERR,ERR,ERR,ERR,ERR,ERR,ERR,ERR,ERR,34.0,80.0,35,0.0,0.0,0.0,0.0,0.0,0.0,0.0,0.0,0.0,0.0,0.0,0.0,0.0,0.0,0.0,0.0,64.4,0,116,56,50,65476,0,300,0,0,8,20529,65476,0,0,57672,80.0,0.0,0.0,0.0,0.0,0.0
2026-06-17T04:30:47,ERR,ERR,ERR,ERR,ERR,ERR,ERR,ERR,ERR,ERR,ERR,ERR,ERR,ERR,ERR,ERR,ERR,ERR,ERR,ERR,ERR,ERR,ERR,ERR,ERR,ERR,ERR,ERR,ERR,ERR,ERR,ERR,ERR,ERR,ERR,ERR,ERR,ERR,ERR,ERR,ERR,ERR,ERR,ERR,ERR,ERR,ERR,ERR,ERR,ERR,ERR,ERR,ERR,ERR,ERR,ERR,ERR,ERR,ERR,ERR,ERR,ERR,ERR,ERR,ERR,ERR,ERR,ERR,ERR,ERR,ERR,ERR,ERR,ERR,ERR,ERR,ERR,ERR,ERR,ERR,ERR,ERR,ERR,ERR,ERR,ERR,ERR,ERR,ERR,ERR,ERR,ERR,ERR,ERR,ERR,ERR,ERR,ERR,ERR,ERR,ERR,ERR,ERR,ERR,ERR,ERR,ERR,ERR,ERR,ERR,ERR,ERR,ERR,ERR,ERR,ERR,ERR,ERR,ERR,ERR,ERR,ERR,ERR,ERR,ERR,0.0,-107615328.0,0.0,0.0,0.0,1.3936040501711995e+18,7.805,0.0,0,0,4,0,7300,-0.0,0,0.0,0.0,0.0,0.0,0.0,0,0,0,0,0.0,0,0,0,0,0,0,0,0,0,0,0,0,0,0,0,0,0,0,0,0,0,0,0,0,0,0,0,0,0,0,0,0,0,32,30,30,62,65476,0,300,0,0,8,21553,0.0,-107605600.0,0.0,0.0,0.0,0.0,0.0,0.0,0.0,0.0,0.0,0.0,0.0,0.0,0.0,0.0,0.0,0.0,0.0,0.0,0.0,0.0,2.004,0.0,-0.0,-2.004,0.0,0.0,0.0,0.0,5378.0,-0.0,6963.0,0.0,-107615328.0,-107615280.0,-0.0,0.0,0.0,0.0,0.0,63,89221.078,-107614904.0,0.0,0.0,0.0,0.0,0.0,0.0,0.0,0,0,0,0.0,0.0,0.0,0.0,0.0,0.0,0.0,0.0,0.0,0.0,0.0,0.0,0.0,0.0,0.0,0.0,0,-107875648.0,63,0.0,126,2.7184242562605685e+23,-0.0,ERR,ERR,ERR,ERR,ERR,ERR,ERR,ERR,ERR,ERR,ERR,ERR,ERR,ERR,ERR,ERR,ERR,ERR,ERR,ERR,ERR,ERR,ERR,ERR,ERR,ERR,ERR,ERR,ERR,ERR,ERR,ERR,ERR,ERR,ERR,ERR,ERR,ERR,ERR,ERR,ERR,ERR,ERR,ERR,ERR,ERR,ERR,ERR,ERR,ERR,ERR,ERR,ERR,ERR,ERR,ERR,ERR,ERR,ERR,ERR,ERR,ERR,ERR,ERR,ERR,ERR,ERR,34.0,80.0,35,0.0,0.0,0.0,0.0,0.0,0.0,0.0,0.0,0.0,0.0,0.0,0.0,0.0,0.0,0.0,0.0,64.4,0,116,56,50,65476,0,300,0,0,8,20529,65476,0,0,57672,80.0,0.0,0.0,0.0,0.0,0.0
2026-06-17T04:30:48,ERR,ERR,ERR,ERR,ERR,ERR,ERR,ERR,ERR,ERR,ERR,ERR,ERR,ERR,ERR,ERR,ERR,ERR,ERR,ERR,ERR,ERR,ERR,ERR,ERR,ERR,ERR,ERR,ERR,ERR,ERR,ERR,ERR,ERR,ERR,ERR,ERR,ERR,ERR,ERR,ERR,ERR,ERR,ERR,ERR,ERR,ERR,ERR,ERR,ERR,ERR,ERR,ERR,ERR,ERR,ERR,ERR,ERR,ERR,ERR,ERR,ERR,ERR,ERR,ERR,ERR,ERR,ERR,ERR,ERR,ERR,ERR,ERR,ERR,ERR,ERR,ERR,ERR,ERR,ERR,ERR,ERR,ERR,ERR,ERR,ERR,ERR,ERR,ERR,ERR,ERR,ERR,ERR,ERR,ERR,ERR,ERR,ERR,ERR,ERR,ERR,ERR,ERR,ERR,ERR,ERR,ERR,ERR,ERR,ERR,ERR,ERR,ERR,ERR,ERR,ERR,ERR,ERR,ERR,ERR,ERR,ERR,ERR,ERR,ERR,0.0,-107615328.0,0.0,0.0,0.0,1.3936040501711995e+18,7.805,0.0,0,0,4,0,7300,-0.0,0,0.0,0.0,0.0,0.0,0.0,0,0,0,0,0.0,0,0,0,0,0,0,0,0,0,0,0,0,0,0,0,0,0,0,0,0,0,0,0,0,0,0,0,0,0,0,0,0,0,32,30,30,62,65476,0,300,0,0,8,21553,0.0,-107605600.0,0.0,0.0,0.0,0.0,0.0,0.0,0.0,0.0,0.0,0.0,0.0,0.0,0.0,0.0,0.0,0.0,0.0,0.0,0.0,0.0,2.004,0.0,-0.0,-2.004,0.0,0.0,0.0,0.0,5378.0,-0.0,6963.0,0.0,-107615328.0,-107615280.0,-0.0,0.0,0.0,0.0,0.0,63,89221.078,-107614904.0,0.0,0.0,0.0,0.0,0.0,0.0,0.0,0,0,0,0.0,0.0,0.0,0.0,0.0,0.0,0.0,0.0,0.0,0.0,0.0,0.0,0.0,0.0,0.0,0.0,0,-107875648.0,63,0.0,126,2.7184242562605685e+23,-0.0,ERR,ERR,ERR,ERR,ERR,ERR,ERR,ERR,ERR,ERR,ERR,ERR,ERR,ERR,ERR,ERR,ERR,ERR,ERR,ERR,ERR,ERR,ERR,ERR,ERR,ERR,ERR,ERR,ERR,ERR,ERR,ERR,ERR,ERR,ERR,ERR,ERR,ERR,ERR,ERR,ERR,ERR,ERR,ERR,ERR,ERR,ERR,ERR,ERR,ERR,ERR,ERR,ERR,ERR,ERR,ERR,ERR,ERR,ERR,ERR,ERR,ERR,ERR,ERR,ERR,ERR,ERR,34.0,80.0,35,0.0,0.0,0.0,0.0,0.0,0.0,0.0,0.0,0.0,0.0,0.0,0.0,0.0,0.0,0.0,0.0,64.4,0,116,56,50,65476,0,300,0,0,8,20529,65476,0,0,57672,80.0,0.0,0.0,0.0,0.0,0.0
2026-06-17T04:30:49,ERR,ERR,ERR,ERR,ERR,ERR,ERR,ERR,ERR,ERR,ERR,ERR,ERR,ERR,ERR,ERR,ERR,ERR,ERR,ERR,ERR,ERR,ERR,ERR,ERR,ERR,ERR,ERR,ERR,ERR,ERR,ERR,ERR,ERR,ERR,ERR,ERR,ERR,ERR,ERR,ERR,ERR,ERR,ERR,ERR,ERR,ERR,ERR,ERR,ERR,ERR,ERR,ERR,ERR,ERR,ERR,ERR,ERR,ERR,ERR,ERR,ERR,ERR,ERR,ERR,ERR,ERR,ERR,ERR,ERR,ERR,ERR,ERR,ERR,ERR,ERR,ERR,ERR,ERR,ERR,ERR,ERR,ERR,ERR,ERR,ERR,ERR,ERR,ERR,ERR,ERR,ERR,ERR,ERR,ERR,ERR,ERR,ERR,ERR,ERR,ERR,ERR,ERR,ERR,ERR,ERR,ERR,ERR,ERR,ERR,ERR,ERR,ERR,ERR,ERR,ERR,ERR,ERR,ERR,ERR,ERR,ERR,ERR,ERR,ERR,0.0,-107615328.0,0.0,0.0,0.0,1.3936040501711995e+18,7.805,0.0,0,0,4,0,7300,-0.0,0,0.0,0.0,0.0,0.0,0.0,0,0,0,0,0.0,0,0,0,0,0,0,0,0,0,0,0,0,0,0,0,0,0,0,0,0,0,0,0,0,0,0,0,0,0,0,0,0,0,32,30,30,62,65476,0,300,0,0,8,21553,0.0,-107605600.0,0.0,0.0,0.0,0.0,0.0,0.0,0.0,0.0,0.0,0.0,0.0,0.0,0.0,0.0,0.0,0.0,0.0,0.0,0.0,0.0,2.004,0.0,-0.0,-2.004,0.0,0.0,0.0,0.0,5406.0,-0.0,6961.0,0.0,-107615328.0,-107615280.0,-0.0,0.0,0.0,0.0,0.0,63,0.0,-0.0,0.0,0.0,0.0,0.0,0.0,0.0,0.0,0,0,0,0.0,0.0,0.0,0.0,0.0,0.0,0.0,0.0,0.0,0.0,0.0,0.0,0.0,0.0,0.0,0.0,0,-107875648.0,63,0.0,126,2.7184242562605685e+23,-0.0,ERR,ERR,ERR,ERR,ERR,ERR,ERR,ERR,ERR,ERR,ERR,ERR,ERR,ERR,ERR,ERR,ERR,ERR,ERR,ERR,ERR,ERR,ERR,ERR,ERR,ERR,ERR,ERR,ERR,ERR,ERR,ERR,ERR,ERR,ERR,ERR,ERR,ERR,ERR,ERR,ERR,ERR,ERR,ERR,ERR,ERR,ERR,ERR,ERR,ERR,ERR,ERR,ERR,ERR,ERR,ERR,ERR,ERR,ERR,ERR,ERR,ERR,ERR,ERR,ERR,ERR,ERR,34.0,80.0,35,0.0,0.0,0.0,0.0,0.0,0.0,0.0,0.0,0.0,0.0,0.0,0.0,0.0,0.0,0.0,0.0,64.8,0,116,56,50,65476,0,300,0,0,8,20529,65476,0,0,57672,80.0,0.0,0.0,0.0,0.0,0.0
2026-06-17T04:30:50,ERR,ERR,ERR,ERR,ERR,ERR,ERR,ERR,ERR,ERR,ERR,ERR,ERR,ERR,ERR,ERR,ERR,ERR,ERR,ERR,ERR,ERR,ERR,ERR,ERR,ERR,ERR,ERR,ERR,ERR,ERR,ERR,ERR,ERR,ERR,ERR,ERR,ERR,ERR,ERR,ERR,ERR,ERR,ERR,ERR,ERR,ERR,ERR,ERR,ERR,ERR,ERR,ERR,ERR,ERR,ERR,ERR,ERR,ERR,ERR,ERR,ERR,ERR,ERR,ERR,ERR,ERR,ERR,ERR,ERR,ERR,ERR,ERR,ERR,ERR,ERR,ERR,ERR,ERR,ERR,ERR,ERR,ERR,ERR,ERR,ERR,ERR,ERR,ERR,ERR,ERR,ERR,ERR,ERR,ERR,ERR,ERR,ERR,ERR,ERR,ERR,ERR,ERR,ERR,ERR,ERR,ERR,ERR,ERR,ERR,ERR,ERR,ERR,ERR,ERR,ERR,ERR,ERR,ERR,ERR,ERR,ERR,ERR,ERR,ERR,0.0,-107615328.0,0.0,0.0,0.0,1.3936040501711995e+18,7.805,0.0,0,0,4,0,7300,-0.0,0,0.0,0.0,0.0,0.0,0.0,0,0,0,0,0.0,0,0,0,0,0,0,0,0,0,0,0,0,0,0,0,0,0,0,0,0,0,0,0,0,0,0,0,0,0,0,0,0,0,32,30,30,62,65476,0,300,0,0,8,21553,0.0,-107605600.0,0.0,0.0,0.0,0.0,0.0,0.0,0.0,0.0,0.0,0.0,0.0,0.0,0.0,0.0,0.0,0.0,0.0,0.0,0.0,0.0,2.004,0.0,-0.0,-2.004,0.0,0.0,0.0,0.0,5406.0,-0.0,6961.0,0.0,-107615328.0,-107615280.0,-0.0,0.0,0.0,0.0,0.0,63,0.0,-0.0,0.0,0.0,0.0,0.0,0.0,0.0,0.0,0,0,0,0.0,0.0,0.0,0.0,0.0,0.0,0.0,0.0,0.0,0.0,0.0,0.0,0.0,0.0,0.0,0.0,0,-107875648.0,63,0.0,126,2.7184242562605685e+23,-0.0,ERR,ERR,ERR,ERR,ERR,ERR,ERR,ERR,ERR,ERR,ERR,ERR,ERR,ERR,ERR,ERR,ERR,ERR,ERR,ERR,ERR,ERR,ERR,ERR,ERR,ERR,ERR,ERR,ERR,ERR,ERR,ERR,ERR,ERR,ERR,ERR,ERR,ERR,ERR,ERR,ERR,ERR,ERR,ERR,ERR,ERR,ERR,ERR,ERR,ERR,ERR,ERR,ERR,ERR,ERR,ERR,ERR,ERR,ERR,ERR,ERR,ERR,ERR,ERR,ERR,ERR,ERR,34.0,80.0,35,0.0,0.0,0.0,0.0,0.0,0.0,0.0,0.0,0.0,0.0,0.0,0.0,0.0,0.0,0.0,0.0,64.8,0,116,56,50,65476,0,300,0,0,8,20529,65476,0,0,57672,80.0,0.0,0.0,0.0,0.0,0.0
2026-06-17T04:30:51,ERR,ERR,ERR,ERR,ERR,ERR,ERR,ERR,ERR,ERR,ERR,ERR,ERR,ERR,ERR,ERR,ERR,ERR,ERR,ERR,ERR,ERR,ERR,ERR,ERR,ERR,ERR,ERR,ERR,ERR,ERR,ERR,ERR,ERR,ERR,ERR,ERR,ERR,ERR,ERR,ERR,ERR,ERR,ERR,ERR,ERR,ERR,ERR,ERR,ERR,ERR,ERR,ERR,ERR,ERR,ERR,ERR,ERR,ERR,ERR,ERR,ERR,ERR,ERR,ERR,ERR,ERR,ERR,ERR,ERR,ERR,ERR,ERR,ERR,ERR,ERR,ERR,ERR,ERR,ERR,ERR,ERR,ERR,ERR,ERR,ERR,ERR,ERR,ERR,ERR,ERR,ERR,ERR,ERR,ERR,ERR,ERR,ERR,ERR,ERR,ERR,ERR,ERR,ERR,ERR,ERR,ERR,ERR,ERR,ERR,ERR,ERR,ERR,ERR,ERR,ERR,ERR,ERR,ERR,ERR,ERR,ERR,ERR,ERR,ERR,0.0,-107615328.0,0.0,0.0,0.0,1.3936040501711995e+18,7.805,0.0,0,0,4,0,7300,-0.0,0,0.0,0.0,0.0,0.0,0.0,0,0,0,0,0.0,0,0,0,0,0,0,0,0,0,0,0,0,0,0,0,0,0,0,0,0,0,0,0,0,0,0,0,0,0,0,0,0,0,32,30,30,62,65476,0,300,0,0,8,21553,0.0,-107605600.0,0.0,0.0,0.0,0.0,0.0,0.0,0.0,0.0,0.0,0.0,0.0,0.0,0.0,0.0,0.0,0.0,0.0,0.0,0.0,0.0,2.004,0.0,-0.0,-2.004,0.0,0.0,0.0,0.0,5406.0,-0.0,6961.0,0.0,-107615328.0,-107615280.0,-0.0,0.0,0.0,0.0,0.0,63,0.0,-0.0,0.0,0.0,0.0,0.0,0.0,0.0,0.0,0,0,0,0.0,0.0,0.0,0.0,0.0,0.0,0.0,0.0,0.0,0.0,0.0,0.0,0.0,0.0,0.0,0.0,0,-107875648.0,63,0.0,126,2.7184242562605685e+23,-0.0,ERR,ERR,ERR,ERR,ERR,ERR,ERR,ERR,ERR,ERR,ERR,ERR,ERR,ERR,ERR,ERR,ERR,ERR,ERR,ERR,ERR,ERR,ERR,ERR,ERR,ERR,ERR,ERR,ERR,ERR,ERR,ERR,ERR,ERR,ERR,ERR,ERR,ERR,ERR,ERR,ERR,ERR,ERR,ERR,ERR,ERR,ERR,ERR,ERR,ERR,ERR,ERR,ERR,ERR,ERR,ERR,ERR,ERR,ERR,ERR,ERR,ERR,ERR,ERR,ERR,ERR,ERR,34.0,80.0,35,0.0,0.0,0.0,0.0,0.0,0.0,0.0,0.0,0.0,0.0,0.0,0.0,0.0,0.0,0.0,0.0,64.4,0,116,56,50,65476,0,300,0,0,8,20529,65476,0,0,57672,80.0,0.0,0.0,0.0,0.0,0.0
2026-06-17T04:30:52,ERR,ERR,ERR,ERR,ERR,ERR,ERR,ERR,ERR,ERR,ERR,ERR,ERR,ERR,ERR,ERR,ERR,ERR,ERR,ERR,ERR,ERR,ERR,ERR,ERR,ERR,ERR,ERR,ERR,ERR,ERR,ERR,ERR,ERR,ERR,ERR,ERR,ERR,ERR,ERR,ERR,ERR,ERR,ERR,ERR,ERR,ERR,ERR,ERR,ERR,ERR,ERR,ERR,ERR,ERR,ERR,ERR,ERR,ERR,ERR,ERR,ERR,ERR,ERR,ERR,ERR,ERR,ERR,ERR,ERR,ERR,ERR,ERR,ERR,ERR,ERR,ERR,ERR,ERR,ERR,ERR,ERR,ERR,ERR,ERR,ERR,ERR,ERR,ERR,ERR,ERR,ERR,ERR,ERR,ERR,ERR,ERR,ERR,ERR,ERR,ERR,ERR,ERR,ERR,ERR,ERR,ERR,ERR,ERR,ERR,ERR,ERR,ERR,ERR,ERR,ERR,ERR,ERR,ERR,ERR,ERR,ERR,ERR,ERR,ERR,0.0,-107615328.0,0.0,0.0,0.0,1.3936040501711995e+18,7.805,0.0,0,0,4,0,7300,-0.0,0,0.0,0.0,0.0,0.0,0.0,0,0,0,0,0.0,0,0,0,0,0,0,0,0,0,0,0,0,0,0,0,0,0,0,0,0,0,0,0,0,0,0,0,0,0,0,0,0,0,32,30,30,62,65476,0,300,0,0,8,21553,0.0,-107605600.0,0.0,0.0,0.0,0.0,0.0,0.0,0.0,0.0,0.0,0.0,0.0,0.0,0.0,0.0,0.0,0.0,0.0,0.0,0.0,0.0,2.004,0.0,-0.0,-2.004,0.0,0.0,0.0,0.0,5406.0,-0.0,6961.0,0.0,-107615328.0,-107615280.0,-0.0,0.0,0.0,0.0,0.0,63,0.0,-0.0,0.0,0.0,0.0,0.0,0.0,0.0,0.0,0,0,0,0.0,0.0,0.0,0.0,0.0,0.0,0.0,0.0,0.0,0.0,0.0,0.0,0.0,0.0,0.0,0.0,0,-107875648.0,63,0.0,126,2.7184242562605685e+23,-0.0,ERR,ERR,ERR,ERR,ERR,ERR,ERR,ERR,ERR,ERR,ERR,ERR,ERR,ERR,ERR,ERR,ERR,ERR,ERR,ERR,ERR,ERR,ERR,ERR,ERR,ERR,ERR,ERR,ERR,ERR,ERR,ERR,ERR,ERR,ERR,ERR,ERR,ERR,ERR,ERR,ERR,ERR,ERR,ERR,ERR,ERR,ERR,ERR,ERR,ERR,ERR,ERR,ERR,ERR,ERR,ERR,ERR,ERR,ERR,ERR,ERR,ERR,ERR,ERR,ERR,ERR,ERR,34.0,80.0,35,0.0,0.0,0.0,0.0,0.0,0.0,0.0,0.0,0.0,0.0,0.0,0.0,0.0,0.0,0.0,0.0,64.4,0,116,56,50,65476,0,300,0,0,8,20529,65476,0,0,57672,80.0,0.0,0.0,0.0,0.0,0.0
2026-06-17T04:30:53,ERR,ERR,ERR,ERR,ERR,ERR,ERR,ERR,ERR,ERR,ERR,ERR,ERR,ERR,ERR,ERR,ERR,ERR,ERR,ERR,ERR,ERR,ERR,ERR,ERR,ERR,ERR,ERR,ERR,ERR,ERR,ERR,ERR,ERR,ERR,ERR,ERR,ERR,ERR,ERR,ERR,ERR,ERR,ERR,ERR,ERR,ERR,ERR,ERR,ERR,ERR,ERR,ERR,ERR,ERR,ERR,ERR,ERR,ERR,ERR,ERR,ERR,ERR,ERR,ERR,ERR,ERR,ERR,ERR,ERR,ERR,ERR,ERR,ERR,ERR,ERR,ERR,ERR,ERR,ERR,ERR,ERR,ERR,ERR,ERR,ERR,ERR,ERR,ERR,ERR,ERR,ERR,ERR,ERR,ERR,ERR,ERR,ERR,ERR,ERR,ERR,ERR,ERR,ERR,ERR,ERR,ERR,ERR,ERR,ERR,ERR,ERR,ERR,ERR,ERR,ERR,ERR,ERR,ERR,ERR,ERR,ERR,ERR,ERR,ERR,0.0,-107615328.0,0.0,0.0,0.0,1.3936040501711995e+18,7.805,0.0,0,0,4,0,7300,-0.0,0,0.0,0.0,0.0,0.0,0.0,0,0,0,0,0.0,0,0,0,0,0,0,0,0,0,0,0,0,0,0,0,0,0,0,0,0,0,0,0,0,0,0,0,0,0,0,0,0,0,32,30,30,62,65476,0,300,0,0,8,21553,0.0,-107605600.0,0.0,0.0,0.0,0.0,0.0,0.0,0.0,0.0,0.0,0.0,0.0,0.0,0.0,0.0,0.0,0.0,0.0,0.0,0.0,0.0,2.004,0.0,-0.0,-2.004,0.0,0.0,0.0,0.0,5406.0,-0.0,6961.0,0.0,-107615328.0,-107615280.0,-0.0,0.0,0.0,0.0,0.0,63,0.0,-0.0,0.0,0.0,0.0,0.0,0.0,0.0,0.0,0,0,0,0.0,0.0,0.0,0.0,0.0,0.0,0.0,0.0,0.0,0.0,0.0,0.0,0.0,0.0,0.0,0.0,0,-107875648.0,63,0.0,126,2.7184242562605685e+23,-0.0,ERR,ERR,ERR,ERR,ERR,ERR,ERR,ERR,ERR,ERR,ERR,ERR,ERR,ERR,ERR,ERR,ERR,ERR,ERR,ERR,ERR,ERR,ERR,ERR,ERR,ERR,ERR,ERR,ERR,ERR,ERR,ERR,ERR,ERR,ERR,ERR,ERR,ERR,ERR,ERR,ERR,ERR,ERR,ERR,ERR,ERR,ERR,ERR,ERR,ERR,ERR,ERR,ERR,ERR,ERR,ERR,ERR,ERR,ERR,ERR,ERR,ERR,ERR,ERR,ERR,ERR,ERR,34.0,80.0,35,0.0,0.0,0.0,0.0,0.0,0.0,0.0,0.0,0.0,0.0,0.0,0.0,0.0,0.0,0.0,0.0,64.4,0,116,56,50,65476,0,300,0,0,8,20529,65476,0,0,57672,80.0,0.0,0.0,0.0,0.0,0.0
2026-06-17T04:30:54,ERR,ERR,ERR,ERR,ERR,ERR,ERR,ERR,ERR,ERR,ERR,ERR,ERR,ERR,ERR,ERR,ERR,ERR,ERR,ERR,ERR,ERR,ERR,ERR,ERR,ERR,ERR,ERR,ERR,ERR,ERR,ERR,ERR,ERR,ERR,ERR,ERR,ERR,ERR,ERR,ERR,ERR,ERR,ERR,ERR,ERR,ERR,ERR,ERR,ERR,ERR,ERR,ERR,ERR,ERR,ERR,ERR,ERR,ERR,ERR,ERR,ERR,ERR,ERR,ERR,ERR,ERR,ERR,ERR,ERR,ERR,ERR,ERR,ERR,ERR,ERR,ERR,ERR,ERR,ERR,ERR,ERR,ERR,ERR,ERR,ERR,ERR,ERR,ERR,ERR,ERR,ERR,ERR,ERR,ERR,ERR,ERR,ERR,ERR,ERR,ERR,ERR,ERR,ERR,ERR,ERR,ERR,ERR,ERR,ERR,ERR,ERR,ERR,ERR,ERR,ERR,ERR,ERR,ERR,ERR,ERR,ERR,ERR,ERR,ERR,0.0,-107615328.0,0.0,0.0,0.0,1.3936040501711995e+18,7.805,0.0,0,0,4,0,7300,-0.0,0,0.0,0.0,0.0,0.0,0.0,0,0,0,0,0.0,0,0,0,0,0,0,0,0,0,0,0,0,0,0,0,0,0,0,0,0,0,0,0,0,0,0,0,0,0,0,0,0,0,32,30,30,62,65476,0,300,0,0,8,21553,0.0,-107605600.0,0.0,0.0,0.0,0.0,0.0,0.0,0.0,0.0,0.0,0.0,0.0,0.0,0.0,0.0,0.0,0.0,0.0,0.0,0.0,0.0,2.004,0.0,-0.0,-2.004,0.0,0.0,0.0,0.0,5377.0,-0.0,6963.0,0.0,-107615328.0,-107615280.0,-0.0,0.0,0.0,0.0,0.0,63,71.63,-107614904.0,0.0,0.0,0.0,0.0,0.0,0.0,0.0,0,0,0,0.0,0.0,0.0,0.0,0.0,0.0,0.0,0.0,0.0,0.0,0.0,0.0,0.0,0.0,0.0,0.0,0,-107875648.0,63,0.0,126,2.7184242562605685e+23,-0.0,ERR,ERR,ERR,ERR,ERR,ERR,ERR,ERR,ERR,ERR,ERR,ERR,ERR,ERR,ERR,ERR,ERR,ERR,ERR,ERR,ERR,ERR,ERR,ERR,ERR,ERR,ERR,ERR,ERR,ERR,ERR,ERR,ERR,ERR,ERR,ERR,ERR,ERR,ERR,ERR,ERR,ERR,ERR,ERR,ERR,ERR,ERR,ERR,ERR,ERR,ERR,ERR,ERR,ERR,ERR,ERR,ERR,ERR,ERR,ERR,ERR,ERR,ERR,ERR,ERR,ERR,ERR,34.0,80.0,35,0.0,0.0,0.0,0.0,0.0,0.0,0.0,0.0,0.0,0.0,0.0,0.0,0.0,0.0,0.0,0.0,64.4,0,116,56,50,65476,0,300,0,0,8,20529,65476,0,0,57672,80.0,0.0,0.0,0.0,0.0,0.0
2026-06-17T04:30:55,ERR,ERR,ERR,ERR,ERR,ERR,ERR,ERR,ERR,ERR,ERR,ERR,ERR,ERR,ERR,ERR,ERR,ERR,ERR,ERR,ERR,ERR,ERR,ERR,ERR,ERR,ERR,ERR,ERR,ERR,ERR,ERR,ERR,ERR,ERR,ERR,ERR,ERR,ERR,ERR,ERR,ERR,ERR,ERR,ERR,ERR,ERR,ERR,ERR,ERR,ERR,ERR,ERR,ERR,ERR,ERR,ERR,ERR,ERR,ERR,ERR,ERR,ERR,ERR,ERR,ERR,ERR,ERR,ERR,ERR,ERR,ERR,ERR,ERR,ERR,ERR,ERR,ERR,ERR,ERR,ERR,ERR,ERR,ERR,ERR,ERR,ERR,ERR,ERR,ERR,ERR,ERR,ERR,ERR,ERR,ERR,ERR,ERR,ERR,ERR,ERR,ERR,ERR,ERR,ERR,ERR,ERR,ERR,ERR,ERR,ERR,ERR,ERR,ERR,ERR,ERR,ERR,ERR,ERR,ERR,ERR,ERR,ERR,ERR,ERR,0.0,-107615328.0,0.0,0.0,0.0,1.3936040501711995e+18,7.805,0.0,0,0,4,0,7300,-0.0,0,0.0,0.0,0.0,0.0,0.0,0,0,0,0,0.0,0,0,0,0,0,0,0,0,0,0,0,0,0,0,0,0,0,0,0,0,0,0,0,0,0,0,0,0,0,0,0,0,0,32,30,30,62,65476,0,300,0,0,8,21553,0.0,-107605600.0,0.0,0.0,0.0,0.0,0.0,0.0,0.0,0.0,0.0,0.0,0.0,0.0,0.0,0.0,0.0,0.0,0.0,0.0,0.0,0.0,2.004,0.0,-0.0,-2.004,0.0,0.0,0.0,0.0,5377.0,-0.0,6963.0,0.0,-107615328.0,-107615280.0,-0.0,0.0,0.0,0.0,0.0,63,71.63,-107614904.0,0.0,0.0,0.0,0.0,0.0,0.0,0.0,0,0,0,0.0,0.0,0.0,0.0,0.0,0.0,0.0,0.0,0.0,0.0,0.0,0.0,0.0,0.0,0.0,0.0,0,-107875648.0,63,0.0,126,2.7184242562605685e+23,-0.0,ERR,ERR,ERR,ERR,ERR,ERR,ERR,ERR,ERR,ERR,ERR,ERR,ERR,ERR,ERR,ERR,ERR,ERR,ERR,ERR,ERR,ERR,ERR,ERR,ERR,ERR,ERR,ERR,ERR,ERR,ERR,ERR,ERR,ERR,ERR,ERR,ERR,ERR,ERR,ERR,ERR,ERR,ERR,ERR,ERR,ERR,ERR,ERR,ERR,ERR,ERR,ERR,ERR,ERR,ERR,ERR,ERR,ERR,ERR,ERR,ERR,ERR,ERR,ERR,ERR,ERR,ERR,34.0,80.0,35,0.0,0.0,0.0,0.0,0.0,0.0,0.0,0.0,0.0,0.0,0.0,0.0,0.0,0.0,0.0,0.0,64.4,0,116,56,50,65476,0,300,0,0,8,20529,65476,0,0,57672,80.0,0.0,0.0,0.0,0.0,0.0
2026-06-17T04:30:56,ERR,ERR,ERR,ERR,ERR,ERR,ERR,ERR,ERR,ERR,ERR,ERR,ERR,ERR,ERR,ERR,ERR,ERR,ERR,ERR,ERR,ERR,ERR,ERR,ERR,ERR,ERR,ERR,ERR,ERR,ERR,ERR,ERR,ERR,ERR,ERR,ERR,ERR,ERR,ERR,ERR,ERR,ERR,ERR,ERR,ERR,ERR,ERR,ERR,ERR,ERR,ERR,ERR,ERR,ERR,ERR,ERR,ERR,ERR,ERR,ERR,ERR,ERR,ERR,ERR,ERR,ERR,ERR,ERR,ERR,ERR,ERR,ERR,ERR,ERR,ERR,ERR,ERR,ERR,ERR,ERR,ERR,ERR,ERR,ERR,ERR,ERR,ERR,ERR,ERR,ERR,ERR,ERR,ERR,ERR,ERR,ERR,ERR,ERR,ERR,ERR,ERR,ERR,ERR,ERR,ERR,ERR,ERR,ERR,ERR,ERR,ERR,ERR,ERR,ERR,ERR,ERR,ERR,ERR,ERR,ERR,ERR,ERR,ERR,ERR,0.0,-107615328.0,0.0,0.0,0.0,1.3936040501711995e+18,7.805,0.0,0,0,4,0,7300,-0.0,0,0.0,0.0,0.0,0.0,0.0,0,0,0,0,0.0,0,0,0,0,0,0,0,0,0,0,0,0,0,0,0,0,0,0,0,0,0,0,0,0,0,0,0,0,0,0,0,0,0,32,30,30,62,65476,0,300,0,0,8,21553,0.0,-107605600.0,0.0,0.0,0.0,0.0,0.0,0.0,0.0,0.0,0.0,0.0,0.0,0.0,0.0,0.0,0.0,0.0,0.0,0.0,0.0,0.0,2.004,0.0,-0.0,-2.004,0.0,0.0,0.0,0.0,5377.0,-0.0,6963.0,0.0,-107615328.0,-107615280.0,-0.0,0.0,0.0,0.0,0.0,63,71.63,-107614904.0,0.0,0.0,0.0,0.0,0.0,0.0,0.0,0,0,0,0.0,0.0,0.0,0.0,0.0,0.0,0.0,0.0,0.0,0.0,0.0,0.0,0.0,0.0,0.0,0.0,0,-107875648.0,63,0.0,126,2.7184242562605685e+23,-0.0,ERR,ERR,ERR,ERR,ERR,ERR,ERR,ERR,ERR,ERR,ERR,ERR,ERR,ERR,ERR,ERR,ERR,ERR,ERR,ERR,ERR,ERR,ERR,ERR,ERR,ERR,ERR,ERR,ERR,ERR,ERR,ERR,ERR,ERR,ERR,ERR,ERR,ERR,ERR,ERR,ERR,ERR,ERR,ERR,ERR,ERR,ERR,ERR,ERR,ERR,ERR,ERR,ERR,ERR,ERR,ERR,ERR,ERR,ERR,ERR,ERR,ERR,ERR,ERR,ERR,ERR,ERR,34.0,80.0,35,0.0,0.0,0.0,0.0,0.0,0.0,0.0,0.0,0.0,0.0,0.0,0.0,0.0,0.0,0.0,0.0,64.4,0,116,56,50,65476,0,300,0,0,8,20529,65476,0,0,57672,80.0,0.0,0.0,0.0,0.0,0.0
2026-06-17T04:30:57,ERR,ERR,ERR,ERR,ERR,ERR,ERR,ERR,ERR,ERR,ERR,ERR,ERR,ERR,ERR,ERR,ERR,ERR,ERR,ERR,ERR,ERR,ERR,ERR,ERR,ERR,ERR,ERR,ERR,ERR,ERR,ERR,ERR,ERR,ERR,ERR,ERR,ERR,ERR,ERR,ERR,ERR,ERR,ERR,ERR,ERR,ERR,ERR,ERR,ERR,ERR,ERR,ERR,ERR,ERR,ERR,ERR,ERR,ERR,ERR,ERR,ERR,ERR,ERR,ERR,ERR,ERR,ERR,ERR,ERR,ERR,ERR,ERR,ERR,ERR,ERR,ERR,ERR,ERR,ERR,ERR,ERR,ERR,ERR,ERR,ERR,ERR,ERR,ERR,ERR,ERR,ERR,ERR,ERR,ERR,ERR,ERR,ERR,ERR,ERR,ERR,ERR,ERR,ERR,ERR,ERR,ERR,ERR,ERR,ERR,ERR,ERR,ERR,ERR,ERR,ERR,ERR,ERR,ERR,ERR,ERR,ERR,ERR,ERR,ERR,0.0,-107615328.0,0.0,0.0,0.0,1.3936040501711995e+18,7.805,0.0,0,0,4,0,7300,-0.0,0,0.0,0.0,0.0,0.0,0.0,0,0,0,0,0.0,0,0,0,0,0,0,0,0,0,0,0,0,0,0,0,0,0,0,0,0,0,0,0,0,0,0,0,0,0,0,0,0,0,32,30,30,62,65476,0,300,0,0,8,21553,0.0,-107605600.0,0.0,0.0,0.0,0.0,0.0,0.0,0.0,0.0,0.0,0.0,0.0,0.0,0.0,0.0,0.0,0.0,0.0,0.0,0.0,0.0,2.004,0.0,-0.0,-2.004,0.0,0.0,0.0,0.0,5377.0,-0.0,6963.0,0.0,-107615328.0,-107615280.0,-0.0,0.0,0.0,0.0,0.0,63,71.63,-107614904.0,0.0,0.0,0.0,0.0,0.0,0.0,0.0,0,0,0,0.0,0.0,0.0,0.0,0.0,0.0,0.0,0.0,0.0,0.0,0.0,0.0,0.0,0.0,0.0,0.0,0,-107875648.0,63,0.0,126,2.7184242562605685e+23,-0.0,ERR,ERR,ERR,ERR,ERR,ERR,ERR,ERR,ERR,ERR,ERR,ERR,ERR,ERR,ERR,ERR,ERR,ERR,ERR,ERR,ERR,ERR,ERR,ERR,ERR,ERR,ERR,ERR,ERR,ERR,ERR,ERR,ERR,ERR,ERR,ERR,ERR,ERR,ERR,ERR,ERR,ERR,ERR,ERR,ERR,ERR,ERR,ERR,ERR,ERR,ERR,ERR,ERR,ERR,ERR,ERR,ERR,ERR,ERR,ERR,ERR,ERR,ERR,ERR,ERR,ERR,ERR,34.0,80.0,35,0.0,0.0,0.0,0.0,0.0,0.0,0.0,0.0,0.0,0.0,0.0,0.0,0.0,0.0,0.0,0.0,64.4,0,116,56,50,65476,0,300,0,0,8,20529,65476,0,0,57672,80.0,0.0,0.0,0.0,0.0,0.0
2026-06-17T04:30:58,ERR,ERR,ERR,ERR,ERR,ERR,ERR,ERR,ERR,ERR,ERR,ERR,ERR,ERR,ERR,ERR,ERR,ERR,ERR,ERR,ERR,ERR,ERR,ERR,ERR,ERR,ERR,ERR,ERR,ERR,ERR,ERR,ERR,ERR,ERR,ERR,ERR,ERR,ERR,ERR,ERR,ERR,ERR,ERR,ERR,ERR,ERR,ERR,ERR,ERR,ERR,ERR,ERR,ERR,ERR,ERR,ERR,ERR,ERR,ERR,ERR,ERR,ERR,ERR,ERR,ERR,ERR,ERR,ERR,ERR,ERR,ERR,ERR,ERR,ERR,ERR,ERR,ERR,ERR,ERR,ERR,ERR,ERR,ERR,ERR,ERR,ERR,ERR,ERR,ERR,ERR,ERR,ERR,ERR,ERR,ERR,ERR,ERR,ERR,ERR,ERR,ERR,ERR,ERR,ERR,ERR,ERR,ERR,ERR,ERR,ERR,ERR,ERR,ERR,ERR,ERR,ERR,ERR,ERR,ERR,ERR,ERR,ERR,ERR,ERR,0.0,-107615328.0,0.0,0.0,0.0,1.3936040501711995e+18,7.805,0.0,0,0,4,0,7300,-0.0,0,0.0,0.0,0.0,0.0,0.0,0,0,0,0,0.0,0,0,0,0,0,0,0,0,0,0,0,0,0,0,0,0,0,0,0,0,0,0,0,0,0,0,0,0,0,0,0,0,0,32,30,30,62,65476,0,300,0,0,8,21553,0.0,-107605600.0,0.0,0.0,0.0,0.0,0.0,0.0,0.0,0.0,0.0,0.0,0.0,0.0,0.0,0.0,0.0,0.0,0.0,0.0,0.0,0.0,2.004,0.0,-0.0,-2.004,0.0,0.0,0.0,0.0,5377.0,-0.0,6963.0,0.0,-107615328.0,-107615280.0,-0.0,0.0,0.0,0.0,0.0,63,71.63,-107614904.0,0.0,0.0,0.0,0.0,0.0,0.0,0.0,0,0,0,0.0,0.0,0.0,0.0,0.0,0.0,0.0,0.0,0.0,0.0,0.0,0.0,0.0,0.0,0.0,0.0,0,-107875648.0,63,0.0,126,2.7184242562605685e+23,-0.0,ERR,ERR,ERR,ERR,ERR,ERR,ERR,ERR,ERR,ERR,ERR,ERR,ERR,ERR,ERR,ERR,ERR,ERR,ERR,ERR,ERR,ERR,ERR,ERR,ERR,ERR,ERR,ERR,ERR,ERR,ERR,ERR,ERR,ERR,ERR,ERR,ERR,ERR,ERR,ERR,ERR,ERR,ERR,ERR,ERR,ERR,ERR,ERR,ERR,ERR,ERR,ERR,ERR,ERR,ERR,ERR,ERR,ERR,ERR,ERR,ERR,ERR,ERR,ERR,ERR,ERR,ERR,34.0,80.0,35,0.0,0.0,0.0,0.0,0.0,0.0,0.0,0.0,0.0,0.0,0.0,0.0,0.0,0.0,0.0,0.0,64.4,0,116,56,50,65476,0,300,0,0,8,20529,65476,0,0,57672,80.0,0.0,0.0,0.0,0.0,0.0
2026-06-17T04:30:59,ERR,ERR,ERR,ERR,ERR,ERR,ERR,ERR,ERR,ERR,ERR,ERR,ERR,ERR,ERR,ERR,ERR,ERR,ERR,ERR,ERR,ERR,ERR,ERR,ERR,ERR,ERR,ERR,ERR,ERR,ERR,ERR,ERR,ERR,ERR,ERR,ERR,ERR,ERR,ERR,ERR,ERR,ERR,ERR,ERR,ERR,ERR,ERR,ERR,ERR,ERR,ERR,ERR,ERR,ERR,ERR,ERR,ERR,ERR,ERR,ERR,ERR,ERR,ERR,ERR,ERR,ERR,ERR,ERR,ERR,ERR,ERR,ERR,ERR,ERR,ERR,ERR,ERR,ERR,ERR,ERR,ERR,ERR,ERR,ERR,ERR,ERR,ERR,ERR,ERR,ERR,ERR,ERR,ERR,ERR,ERR,ERR,ERR,ERR,ERR,ERR,ERR,ERR,ERR,ERR,ERR,ERR,ERR,ERR,ERR,ERR,ERR,ERR,ERR,ERR,ERR,ERR,ERR,ERR,ERR,ERR,ERR,ERR,ERR,ERR,0.0,-107615328.0,0.0,0.0,0.0,1.3936040501711995e+18,7.805,0.0,0,0,4,0,7300,-0.0,0,0.0,0.0,0.0,0.0,0.0,0,0,0,0,0.0,0,0,0,0,0,0,0,0,0,0,0,0,0,0,0,0,0,0,0,0,0,0,0,0,0,0,0,0,0,0,0,0,0,32,30,30,62,65476,0,300,0,0,8,21553,0.0,-107605600.0,0.0,0.0,0.0,0.0,0.0,0.0,0.0,0.0,0.0,0.0,0.0,0.0,0.0,0.0,0.0,0.0,0.0,0.0,0.0,0.0,2.004,0.0,-0.0,-2.004,0.0,0.0,0.0,0.0,5377.0,-0.0,6963.0,0.0,-107615328.0,-107615280.0,-0.0,0.0,0.0,0.0,0.0,63,71.63,-107614904.0,0.0,0.0,0.0,0.0,0.0,0.0,0.0,0,0,0,0.0,0.0,0.0,0.0,0.0,0.0,0.0,0.0,0.0,0.0,0.0,0.0,0.0,0.0,0.0,0.0,0,-107875648.0,63,0.0,126,2.7184242562605685e+23,-0.0,ERR,ERR,ERR,ERR,ERR,ERR,ERR,ERR,ERR,ERR,ERR,ERR,ERR,ERR,ERR,ERR,ERR,ERR,ERR,ERR,ERR,ERR,ERR,ERR,ERR,ERR,ERR,ERR,ERR,ERR,ERR,ERR,ERR,ERR,ERR,ERR,ERR,ERR,ERR,ERR,ERR,ERR,ERR,ERR,ERR,ERR,ERR,ERR,ERR,ERR,ERR,ERR,ERR,ERR,ERR,ERR,ERR,ERR,ERR,ERR,ERR,ERR,ERR,ERR,ERR,ERR,ERR,34.0,80.0,35,0.0,0.0,0.0,0.0,0.0,0.0,0.0,0.0,0.0,0.0,0.0,0.0,0.0,0.0,0.0,0.0,64.4,0,116,56,50,65476,0,300,0,0,8,20529,65476,0,0,57672,80.0,0.0,0.0,0.0,0.0,0.0
2026-06-17T04:31:00,ERR,ERR,ERR,ERR,ERR,ERR,ERR,ERR,ERR,ERR,ERR,ERR,ERR,ERR,ERR,ERR,ERR,ERR,ERR,ERR,ERR,ERR,ERR,ERR,ERR,ERR,ERR,ERR,ERR,ERR,ERR,ERR,ERR,ERR,ERR,ERR,ERR,ERR,ERR,ERR,ERR,ERR,ERR,ERR,ERR,ERR,ERR,ERR,ERR,ERR,ERR,ERR,ERR,ERR,ERR,ERR,ERR,ERR,ERR,ERR,ERR,ERR,ERR,ERR,ERR,ERR,ERR,ERR,ERR,ERR,ERR,ERR,ERR,ERR,ERR,ERR,ERR,ERR,ERR,ERR,ERR,ERR,ERR,ERR,ERR,ERR,ERR,ERR,ERR,ERR,ERR,ERR,ERR,ERR,ERR,ERR,ERR,ERR,ERR,ERR,ERR,ERR,ERR,ERR,ERR,ERR,ERR,ERR,ERR,ERR,ERR,ERR,ERR,ERR,ERR,ERR,ERR,ERR,ERR,ERR,ERR,ERR,ERR,ERR,ERR,0.0,-107615328.0,0.0,0.0,0.0,1.3936040501711995e+18,7.805,0.0,0,0,4,0,7300,-0.0,0,0.0,0.0,0.0,0.0,0.0,0,0,0,0,0.0,0,0,0,0,0,0,0,0,0,0,0,0,0,0,0,0,0,0,0,0,0,0,0,0,0,0,0,0,0,0,0,0,0,32,30,30,62,65476,0,300,0,0,8,21553,0.0,-107605600.0,0.0,0.0,0.0,0.0,0.0,0.0,0.0,0.0,0.0,0.0,0.0,0.0,0.0,0.0,0.0,0.0,0.0,0.0,0.0,0.0,2.004,0.0,-0.0,-2.004,0.0,0.0,0.0,0.0,5406.0,-0.0,6963.0,0.0,-107615328.0,-107615280.0,-0.0,0.0,0.0,0.0,0.0,63,0.0,-3.22200830126699e+26,0.0,0.0,0.0,0.0,0.0,0.0,0.0,0,0,0,0.0,0.0,0.0,0.0,0.0,0.0,0.0,0.0,0.0,0.0,0.0,0.0,0.0,0.0,0.0,0.0,0,-107875648.0,63,0.0,126,2.7184242562605685e+23,-0.0,ERR,ERR,ERR,ERR,ERR,ERR,ERR,ERR,ERR,ERR,ERR,ERR,ERR,ERR,ERR,ERR,ERR,ERR,ERR,ERR,ERR,ERR,ERR,ERR,ERR,ERR,ERR,ERR,ERR,ERR,ERR,ERR,ERR,ERR,ERR,ERR,ERR,ERR,ERR,ERR,ERR,ERR,ERR,ERR,ERR,ERR,ERR,ERR,ERR,ERR,ERR,ERR,ERR,ERR,ERR,ERR,ERR,ERR,ERR,ERR,ERR,ERR,ERR,ERR,ERR,ERR,ERR,34.0,80.0,35,0.0,0.0,0.0,0.0,0.0,0.0,0.0,0.0,0.0,0.0,0.0,0.0,0.0,0.0,0.0,0.0,64.4,0,116,56,50,65476,0,300,0,0,8,20529,65476,0,0,57672,80.0,0.0,0.0,0.0,0.0,0.0
2026-06-17T04:31:01,ERR,ERR,ERR,ERR,ERR,ERR,ERR,ERR,ERR,ERR,ERR,ERR,ERR,ERR,ERR,ERR,ERR,ERR,ERR,ERR,ERR,ERR,ERR,ERR,ERR,ERR,ERR,ERR,ERR,ERR,ERR,ERR,ERR,ERR,ERR,ERR,ERR,ERR,ERR,ERR,ERR,ERR,ERR,ERR,ERR,ERR,ERR,ERR,ERR,ERR,ERR,ERR,ERR,ERR,ERR,ERR,ERR,ERR,ERR,ERR,ERR,ERR,ERR,ERR,ERR,ERR,ERR,ERR,ERR,ERR,ERR,ERR,ERR,ERR,ERR,ERR,ERR,ERR,ERR,ERR,ERR,ERR,ERR,ERR,ERR,ERR,ERR,ERR,ERR,ERR,ERR,ERR,ERR,ERR,ERR,ERR,ERR,ERR,ERR,ERR,ERR,ERR,ERR,ERR,ERR,ERR,ERR,ERR,ERR,ERR,ERR,ERR,ERR,ERR,ERR,ERR,ERR,ERR,ERR,ERR,ERR,ERR,ERR,ERR,ERR,0.0,-107615328.0,0.0,0.0,0.0,1.3936040501711995e+18,7.805,0.0,0,0,4,0,7300,-0.0,0,0.0,0.0,0.0,0.0,0.0,0,0,0,0,0.0,0,0,0,0,0,0,0,0,0,0,0,0,0,0,0,0,0,0,0,0,0,0,0,0,0,0,0,0,0,0,0,0,0,32,30,30,62,65476,0,300,0,0,8,21553,0.0,-107605600.0,0.0,0.0,0.0,0.0,0.0,0.0,0.0,0.0,0.0,0.0,0.0,0.0,0.0,0.0,0.0,0.0,0.0,0.0,0.0,0.0,2.004,0.0,-0.0,-2.004,0.0,0.0,0.0,0.0,5406.0,-0.0,6963.0,0.0,-107615328.0,-107615280.0,-0.0,0.0,0.0,0.0,0.0,63,0.0,-3.22200830126699e+26,0.0,0.0,0.0,0.0,0.0,0.0,0.0,0,0,0,0.0,0.0,0.0,0.0,0.0,0.0,0.0,0.0,0.0,0.0,0.0,0.0,0.0,0.0,0.0,0.0,0,-107875648.0,63,0.0,126,2.7184242562605685e+23,-0.0,ERR,ERR,ERR,ERR,ERR,ERR,ERR,ERR,ERR,ERR,ERR,ERR,ERR,ERR,ERR,ERR,ERR,ERR,ERR,ERR,ERR,ERR,ERR,ERR,ERR,ERR,ERR,ERR,ERR,ERR,ERR,ERR,ERR,ERR,ERR,ERR,ERR,ERR,ERR,ERR,ERR,ERR,ERR,ERR,ERR,ERR,ERR,ERR,ERR,ERR,ERR,ERR,ERR,ERR,ERR,ERR,ERR,ERR,ERR,ERR,ERR,ERR,ERR,ERR,ERR,ERR,ERR,34.0,80.0,35,0.0,0.0,0.0,0.0,0.0,0.0,0.0,0.0,0.0,0.0,0.0,0.0,0.0,0.0,0.0,0.0,64.8,0,116,56,50,65476,0,300,0,0,8,20529,65476,0,0,57672,80.0,0.0,0.0,0.0,0.0,0.0
2026-06-17T04:31:02,ERR,ERR,ERR,ERR,ERR,ERR,ERR,ERR,ERR,ERR,ERR,ERR,ERR,ERR,ERR,ERR,ERR,ERR,ERR,ERR,ERR,ERR,ERR,ERR,ERR,ERR,ERR,ERR,ERR,ERR,ERR,ERR,ERR,ERR,ERR,ERR,ERR,ERR,ERR,ERR,ERR,ERR,ERR,ERR,ERR,ERR,ERR,ERR,ERR,ERR,ERR,ERR,ERR,ERR,ERR,ERR,ERR,ERR,ERR,ERR,ERR,ERR,ERR,ERR,ERR,ERR,ERR,ERR,ERR,ERR,ERR,ERR,ERR,ERR,ERR,ERR,ERR,ERR,ERR,ERR,ERR,ERR,ERR,ERR,ERR,ERR,ERR,ERR,ERR,ERR,ERR,ERR,ERR,ERR,ERR,ERR,ERR,ERR,ERR,ERR,ERR,ERR,ERR,ERR,ERR,ERR,ERR,ERR,ERR,ERR,ERR,ERR,ERR,ERR,ERR,ERR,ERR,ERR,ERR,ERR,ERR,ERR,ERR,ERR,ERR,0.0,-107615328.0,0.0,0.0,0.0,1.3936040501711995e+18,7.805,0.0,0,0,4,0,7300,-0.0,0,0.0,0.0,0.0,0.0,0.0,0,0,0,0,0.0,0,0,0,0,0,0,0,0,0,0,0,0,0,0,0,0,0,0,0,0,0,0,0,0,0,0,0,0,0,0,0,0,0,32,30,30,62,65476,0,300,0,0,8,21553,0.0,-107605600.0,0.0,0.0,0.0,0.0,0.0,0.0,0.0,0.0,0.0,0.0,0.0,0.0,0.0,0.0,0.0,0.0,0.0,0.0,0.0,0.0,2.004,0.0,-0.0,-2.004,0.0,0.0,0.0,0.0,5406.0,-0.0,6963.0,0.0,-107615328.0,-107615280.0,-0.0,0.0,0.0,0.0,0.0,63,0.0,-3.22200830126699e+26,0.0,0.0,0.0,0.0,0.0,0.0,0.0,0,0,0,0.0,0.0,0.0,0.0,0.0,0.0,0.0,0.0,0.0,0.0,0.0,0.0,0.0,0.0,0.0,0.0,0,-107875648.0,63,0.0,126,2.7184242562605685e+23,-0.0,ERR,ERR,ERR,ERR,ERR,ERR,ERR,ERR,ERR,ERR,ERR,ERR,ERR,ERR,ERR,ERR,ERR,ERR,ERR,ERR,ERR,ERR,ERR,ERR,ERR,ERR,ERR,ERR,ERR,ERR,ERR,ERR,ERR,ERR,ERR,ERR,ERR,ERR,ERR,ERR,ERR,ERR,ERR,ERR,ERR,ERR,ERR,ERR,ERR,ERR,ERR,ERR,ERR,ERR,ERR,ERR,ERR,ERR,ERR,ERR,ERR,ERR,ERR,ERR,ERR,ERR,ERR,34.0,80.0,35,0.0,0.0,0.0,0.0,0.0,0.0,0.0,0.0,0.0,0.0,0.0,0.0,0.0,0.0,0.0,0.0,64.8,0,116,56,50,65476,0,300,0,0,8,20529,65476,0,0,57672,80.0,0.0,0.0,0.0,0.0,0.0
2026-06-17T04:31:03,ERR,ERR,ERR,ERR,ERR,ERR,ERR,ERR,ERR,ERR,ERR,ERR,ERR,ERR,ERR,ERR,ERR,ERR,ERR,ERR,ERR,ERR,ERR,ERR,ERR,ERR,ERR,ERR,ERR,ERR,ERR,ERR,ERR,ERR,ERR,ERR,ERR,ERR,ERR,ERR,ERR,ERR,ERR,ERR,ERR,ERR,ERR,ERR,ERR,ERR,ERR,ERR,ERR,ERR,ERR,ERR,ERR,ERR,ERR,ERR,ERR,ERR,ERR,ERR,ERR,ERR,ERR,ERR,ERR,ERR,ERR,ERR,ERR,ERR,ERR,ERR,ERR,ERR,ERR,ERR,ERR,ERR,ERR,ERR,ERR,ERR,ERR,ERR,ERR,ERR,ERR,ERR,ERR,ERR,ERR,ERR,ERR,ERR,ERR,ERR,ERR,ERR,ERR,ERR,ERR,ERR,ERR,ERR,ERR,ERR,ERR,ERR,ERR,ERR,ERR,ERR,ERR,ERR,ERR,ERR,ERR,ERR,ERR,ERR,ERR,0.0,-107615328.0,0.0,0.0,0.0,1.3936040501711995e+18,7.805,0.0,0,0,4,0,7300,-0.0,0,0.0,0.0,0.0,0.0,0.0,0,0,0,0,0.0,0,0,0,0,0,0,0,0,0,0,0,0,0,0,0,0,0,0,0,0,0,0,0,0,0,0,0,0,0,0,0,0,0,32,30,30,62,65476,0,300,0,0,8,21553,0.0,-107605600.0,0.0,0.0,0.0,0.0,0.0,0.0,0.0,0.0,0.0,0.0,0.0,0.0,0.0,0.0,0.0,0.0,0.0,0.0,0.0,0.0,2.004,0.0,-0.0,-2.004,0.0,0.0,0.0,0.0,5406.0,-0.0,6963.0,0.0,-107615328.0,-107615280.0,-0.0,0.0,0.0,0.0,0.0,63,0.0,-3.22200830126699e+26,0.0,0.0,0.0,0.0,0.0,0.0,0.0,0,0,0,0.0,0.0,0.0,0.0,0.0,0.0,0.0,0.0,0.0,0.0,0.0,0.0,0.0,0.0,0.0,0.0,0,-107875648.0,63,0.0,126,2.7184242562605685e+23,-0.0,ERR,ERR,ERR,ERR,ERR,ERR,ERR,ERR,ERR,ERR,ERR,ERR,ERR,ERR,ERR,ERR,ERR,ERR,ERR,ERR,ERR,ERR,ERR,ERR,ERR,ERR,ERR,ERR,ERR,ERR,ERR,ERR,ERR,ERR,ERR,ERR,ERR,ERR,ERR,ERR,ERR,ERR,ERR,ERR,ERR,ERR,ERR,ERR,ERR,ERR,ERR,ERR,ERR,ERR,ERR,ERR,ERR,ERR,ERR,ERR,ERR,ERR,ERR,ERR,ERR,ERR,ERR,34.0,80.0,35,0.0,0.0,0.0,0.0,0.0,0.0,0.0,0.0,0.0,0.0,0.0,0.0,0.0,0.0,0.0,0.0,64.4,0,116,56,50,65476,0,300,0,0,8,20529,65476,0,0,57672,80.0,0.0,0.0,0.0,0.0,0.0
2026-06-17T04:31:04,ERR,ERR,ERR,ERR,ERR,ERR,ERR,ERR,ERR,ERR,ERR,ERR,ERR,ERR,ERR,ERR,ERR,ERR,ERR,ERR,ERR,ERR,ERR,ERR,ERR,ERR,ERR,ERR,ERR,ERR,ERR,ERR,ERR,ERR,ERR,ERR,ERR,ERR,ERR,ERR,ERR,ERR,ERR,ERR,ERR,ERR,ERR,ERR,ERR,ERR,ERR,ERR,ERR,ERR,ERR,ERR,ERR,ERR,ERR,ERR,ERR,ERR,ERR,ERR,ERR,ERR,ERR,ERR,ERR,ERR,ERR,ERR,ERR,ERR,ERR,ERR,ERR,ERR,ERR,ERR,ERR,ERR,ERR,ERR,ERR,ERR,ERR,ERR,ERR,ERR,ERR,ERR,ERR,ERR,ERR,ERR,ERR,ERR,ERR,ERR,ERR,ERR,ERR,ERR,ERR,ERR,ERR,ERR,ERR,ERR,ERR,ERR,ERR,ERR,ERR,ERR,ERR,ERR,ERR,ERR,ERR,ERR,ERR,ERR,ERR,0.0,-107615328.0,0.0,0.0,0.0,1.3936040501711995e+18,7.805,0.0,0,0,4,0,7300,-0.0,0,0.0,0.0,0.0,0.0,0.0,0,0,0,0,0.0,0,0,0,0,0,0,0,0,0,0,0,0,0,0,0,0,0,0,0,0,0,0,0,0,0,0,0,0,0,0,0,0,0,32,30,30,62,65476,0,300,0,0,8,21553,0.0,-107605600.0,0.0,0.0,0.0,0.0,0.0,0.0,0.0,0.0,0.0,0.0,0.0,0.0,0.0,0.0,0.0,0.0,0.0,0.0,0.0,0.0,2.004,0.0,-0.0,-2.004,0.0,0.0,0.0,0.0,5406.0,-0.0,6963.0,0.0,-107615328.0,-107615280.0,-0.0,0.0,0.0,0.0,0.0,63,0.0,-3.22200830126699e+26,0.0,0.0,0.0,0.0,0.0,0.0,0.0,0,0,0,0.0,0.0,0.0,0.0,0.0,0.0,0.0,0.0,0.0,0.0,0.0,0.0,0.0,0.0,0.0,0.0,0,-107875648.0,63,0.0,126,2.7184242562605685e+23,-0.0,ERR,ERR,ERR,ERR,ERR,ERR,ERR,ERR,ERR,ERR,ERR,ERR,ERR,ERR,ERR,ERR,ERR,ERR,ERR,ERR,ERR,ERR,ERR,ERR,ERR,ERR,ERR,ERR,ERR,ERR,ERR,ERR,ERR,ERR,ERR,ERR,ERR,ERR,ERR,ERR,ERR,ERR,ERR,ERR,ERR,ERR,ERR,ERR,ERR,ERR,ERR,ERR,ERR,ERR,ERR,ERR,ERR,ERR,ERR,ERR,ERR,ERR,ERR,ERR,ERR,ERR,ERR,34.0,80.0,35,0.0,0.0,0.0,0.0,0.0,0.0,0.0,0.0,0.0,0.0,0.0,0.0,0.0,0.0,0.0,0.0,64.4,0,116,56,50,65476,0,300,0,0,8,20529,65476,0,0,57672,80.0,0.0,0.0,0.0,0.0,0.0
2026-06-17T04:31:05,ERR,ERR,ERR,ERR,ERR,ERR,ERR,ERR,ERR,ERR,ERR,ERR,ERR,ERR,ERR,ERR,ERR,ERR,ERR,ERR,ERR,ERR,ERR,ERR,ERR,ERR,ERR,ERR,ERR,ERR,ERR,ERR,ERR,ERR,ERR,ERR,ERR,ERR,ERR,ERR,ERR,ERR,ERR,ERR,ERR,ERR,ERR,ERR,ERR,ERR,ERR,ERR,ERR,ERR,ERR,ERR,ERR,ERR,ERR,ERR,ERR,ERR,ERR,ERR,ERR,ERR,ERR,ERR,ERR,ERR,ERR,ERR,ERR,ERR,ERR,ERR,ERR,ERR,ERR,ERR,ERR,ERR,ERR,ERR,ERR,ERR,ERR,ERR,ERR,ERR,ERR,ERR,ERR,ERR,ERR,ERR,ERR,ERR,ERR,ERR,ERR,ERR,ERR,ERR,ERR,ERR,ERR,ERR,ERR,ERR,ERR,ERR,ERR,ERR,ERR,ERR,ERR,ERR,ERR,ERR,ERR,ERR,ERR,ERR,ERR,0.0,-107615328.0,0.0,0.0,0.0,1.3936040501711995e+18,7.805,0.0,0,0,4,0,7300,-0.0,0,0.0,0.0,0.0,0.0,0.0,0,0,0,0,0.0,0,0,0,0,0,0,0,0,0,0,0,0,0,0,0,0,0,0,0,0,0,0,0,0,0,0,0,0,0,0,0,0,0,32,30,30,62,65476,0,300,0,0,8,21553,0.0,-107605600.0,0.0,0.0,0.0,0.0,0.0,0.0,0.0,0.0,0.0,0.0,0.0,0.0,0.0,0.0,0.0,0.0,0.0,0.0,0.0,0.0,2.004,0.0,-0.0,-2.004,0.0,0.0,0.0,0.0,5377.0,-0.0,6962.0,0.0,-107615328.0,-107615280.0,-0.0,0.0,0.0,0.0,0.0,63,71.63,-71.63,0.0,0.0,0.0,0.0,0.0,0.0,0.0,0,0,0,0.0,0.0,0.0,0.0,0.0,0.0,0.0,0.0,0.0,0.0,0.0,0.0,0.0,0.0,0.0,0.0,0,-107875648.0,63,0.0,126,2.7184242562605685e+23,-0.0,ERR,ERR,ERR,ERR,ERR,ERR,ERR,ERR,ERR,ERR,ERR,ERR,ERR,ERR,ERR,ERR,ERR,ERR,ERR,ERR,ERR,ERR,ERR,ERR,ERR,ERR,ERR,ERR,ERR,ERR,ERR,ERR,ERR,ERR,ERR,ERR,ERR,ERR,ERR,ERR,ERR,ERR,ERR,ERR,ERR,ERR,ERR,ERR,ERR,ERR,ERR,ERR,ERR,ERR,ERR,ERR,ERR,ERR,ERR,ERR,ERR,ERR,ERR,ERR,ERR,ERR,ERR,34.0,80.0,35,0.0,0.0,0.0,0.0,0.0,0.0,0.0,0.0,0.0,0.0,0.0,0.0,0.0,0.0,0.0,0.0,64.4,0,116,56,50,65476,0,300,0,0,8,20529,65476,0,0,57672,80.0,0.0,0.0,0.0,0.0,0.0
2026-06-17T04:31:06,ERR,ERR,ERR,ERR,ERR,ERR,ERR,ERR,ERR,ERR,ERR,ERR,ERR,ERR,ERR,ERR,ERR,ERR,ERR,ERR,ERR,ERR,ERR,ERR,ERR,ERR,ERR,ERR,ERR,ERR,ERR,ERR,ERR,ERR,ERR,ERR,ERR,ERR,ERR,ERR,ERR,ERR,ERR,ERR,ERR,ERR,ERR,ERR,ERR,ERR,ERR,ERR,ERR,ERR,ERR,ERR,ERR,ERR,ERR,ERR,ERR,ERR,ERR,ERR,ERR,ERR,ERR,ERR,ERR,ERR,ERR,ERR,ERR,ERR,ERR,ERR,ERR,ERR,ERR,ERR,ERR,ERR,ERR,ERR,ERR,ERR,ERR,ERR,ERR,ERR,ERR,ERR,ERR,ERR,ERR,ERR,ERR,ERR,ERR,ERR,ERR,ERR,ERR,ERR,ERR,ERR,ERR,ERR,ERR,ERR,ERR,ERR,ERR,ERR,ERR,ERR,ERR,ERR,ERR,ERR,ERR,ERR,ERR,ERR,ERR,0.0,-107615328.0,0.0,0.0,0.0,1.3936040501711995e+18,7.805,0.0,0,0,4,0,7300,-0.0,0,0.0,0.0,0.0,0.0,0.0,0,0,0,0,0.0,0,0,0,0,0,0,0,0,0,0,0,0,0,0,0,0,0,0,0,0,0,0,0,0,0,0,0,0,0,0,0,0,0,32,30,30,62,65476,0,300,0,0,8,21553,0.0,-107605600.0,0.0,0.0,0.0,0.0,0.0,0.0,0.0,0.0,0.0,0.0,0.0,0.0,0.0,0.0,0.0,0.0,0.0,0.0,0.0,0.0,2.004,0.0,-0.0,-2.004,0.0,0.0,0.0,0.0,5377.0,-0.0,6962.0,0.0,-107615328.0,-107615280.0,-0.0,0.0,0.0,0.0,0.0,63,71.63,-71.63,0.0,0.0,0.0,0.0,0.0,0.0,0.0,0,0,0,0.0,0.0,0.0,0.0,0.0,0.0,0.0,0.0,0.0,0.0,0.0,0.0,0.0,0.0,0.0,0.0,0,-107875648.0,63,0.0,126,2.7184242562605685e+23,-0.0,ERR,ERR,ERR,ERR,ERR,ERR,ERR,ERR,ERR,ERR,ERR,ERR,ERR,ERR,ERR,ERR,ERR,ERR,ERR,ERR,ERR,ERR,ERR,ERR,ERR,ERR,ERR,ERR,ERR,ERR,ERR,ERR,ERR,ERR,ERR,ERR,ERR,ERR,ERR,ERR,ERR,ERR,ERR,ERR,ERR,ERR,ERR,ERR,ERR,ERR,ERR,ERR,ERR,ERR,ERR,ERR,ERR,ERR,ERR,ERR,ERR,ERR,ERR,ERR,ERR,ERR,ERR,34.0,80.0,35,0.0,0.0,0.0,0.0,0.0,0.0,0.0,0.0,0.0,0.0,0.0,0.0,0.0,0.0,0.0,0.0,64.4,0,116,56,50,65476,0,300,0,0,8,20529,65476,0,0,57672,80.0,0.0,0.0,0.0,0.0,0.0
2026-06-17T04:31:07,ERR,ERR,ERR,ERR,ERR,ERR,ERR,ERR,ERR,ERR,ERR,ERR,ERR,ERR,ERR,ERR,ERR,ERR,ERR,ERR,ERR,ERR,ERR,ERR,ERR,ERR,ERR,ERR,ERR,ERR,ERR,ERR,ERR,ERR,ERR,ERR,ERR,ERR,ERR,ERR,ERR,ERR,ERR,ERR,ERR,ERR,ERR,ERR,ERR,ERR,ERR,ERR,ERR,ERR,ERR,ERR,ERR,ERR,ERR,ERR,ERR,ERR,ERR,ERR,ERR,ERR,ERR,ERR,ERR,ERR,ERR,ERR,ERR,ERR,ERR,ERR,ERR,ERR,ERR,ERR,ERR,ERR,ERR,ERR,ERR,ERR,ERR,ERR,ERR,ERR,ERR,ERR,ERR,ERR,ERR,ERR,ERR,ERR,ERR,ERR,ERR,ERR,ERR,ERR,ERR,ERR,ERR,ERR,ERR,ERR,ERR,ERR,ERR,ERR,ERR,ERR,ERR,ERR,ERR,ERR,ERR,ERR,ERR,ERR,ERR,0.0,-107615328.0,0.0,0.0,0.0,1.3936040501711995e+18,7.805,0.0,0,0,4,0,7300,-0.0,0,0.0,0.0,0.0,0.0,0.0,0,0,0,0,0.0,0,0,0,0,0,0,0,0,0,0,0,0,0,0,0,0,0,0,0,0,0,0,0,0,0,0,0,0,0,0,0,0,0,32,30,30,62,65476,0,300,0,0,8,21553,0.0,-107605600.0,0.0,0.0,0.0,0.0,0.0,0.0,0.0,0.0,0.0,0.0,0.0,0.0,0.0,0.0,0.0,0.0,0.0,0.0,0.0,0.0,2.004,0.0,-0.0,-2.004,0.0,0.0,0.0,0.0,5377.0,-0.0,6962.0,0.0,-107615328.0,-107615280.0,-0.0,0.0,0.0,0.0,0.0,63,71.63,-71.63,0.0,0.0,0.0,0.0,0.0,0.0,0.0,0,0,0,0.0,0.0,0.0,0.0,0.0,0.0,0.0,0.0,0.0,0.0,0.0,0.0,0.0,0.0,0.0,0.0,0,-107875648.0,63,0.0,126,2.7184242562605685e+23,-0.0,ERR,ERR,ERR,ERR,ERR,ERR,ERR,ERR,ERR,ERR,ERR,ERR,ERR,ERR,ERR,ERR,ERR,ERR,ERR,ERR,ERR,ERR,ERR,ERR,ERR,ERR,ERR,ERR,ERR,ERR,ERR,ERR,ERR,ERR,ERR,ERR,ERR,ERR,ERR,ERR,ERR,ERR,ERR,ERR,ERR,ERR,ERR,ERR,ERR,ERR,ERR,ERR,ERR,ERR,ERR,ERR,ERR,ERR,ERR,ERR,ERR,ERR,ERR,ERR,ERR,ERR,ERR,34.0,80.0,35,0.0,0.0,0.0,0.0,0.0,0.0,0.0,0.0,0.0,0.0,0.0,0.0,0.0,0.0,0.0,0.0,64.4,0,116,56,50,65476,0,300,0,0,8,20529,65476,0,0,57672,80.0,0.0,0.0,0.0,0.0,0.0
2026-06-17T04:31:08,ERR,ERR,ERR,ERR,ERR,ERR,ERR,ERR,ERR,ERR,ERR,ERR,ERR,ERR,ERR,ERR,ERR,ERR,ERR,ERR,ERR,ERR,ERR,ERR,ERR,ERR,ERR,ERR,ERR,ERR,ERR,ERR,ERR,ERR,ERR,ERR,ERR,ERR,ERR,ERR,ERR,ERR,ERR,ERR,ERR,ERR,ERR,ERR,ERR,ERR,ERR,ERR,ERR,ERR,ERR,ERR,ERR,ERR,ERR,ERR,ERR,ERR,ERR,ERR,ERR,ERR,ERR,ERR,ERR,ERR,ERR,ERR,ERR,ERR,ERR,ERR,ERR,ERR,ERR,ERR,ERR,ERR,ERR,ERR,ERR,ERR,ERR,ERR,ERR,ERR,ERR,ERR,ERR,ERR,ERR,ERR,ERR,ERR,ERR,ERR,ERR,ERR,ERR,ERR,ERR,ERR,ERR,ERR,ERR,ERR,ERR,ERR,ERR,ERR,ERR,ERR,ERR,ERR,ERR,ERR,ERR,ERR,ERR,ERR,ERR,0.0,-107615328.0,0.0,0.0,0.0,1.3936040501711995e+18,7.805,0.0,0,0,4,0,7300,-0.0,0,0.0,0.0,0.0,0.0,0.0,0,0,0,0,0.0,0,0,0,0,0,0,0,0,0,0,0,0,0,0,0,0,0,0,0,0,0,0,0,0,0,0,0,0,0,0,0,0,0,32,30,30,62,65476,0,300,0,0,8,21553,0.0,-107605600.0,0.0,0.0,0.0,0.0,0.0,0.0,0.0,0.0,0.0,0.0,0.0,0.0,0.0,0.0,0.0,0.0,0.0,0.0,0.0,0.0,2.004,0.0,-0.0,-2.004,0.0,0.0,0.0,0.0,5377.0,-0.0,6962.0,0.0,-107615328.0,-107615280.0,-0.0,0.0,0.0,0.0,0.0,63,71.63,-71.63,0.0,0.0,0.0,0.0,0.0,0.0,0.0,0,0,0,0.0,0.0,0.0,0.0,0.0,0.0,0.0,0.0,0.0,0.0,0.0,0.0,0.0,0.0,0.0,0.0,0,-107875648.0,63,0.0,126,2.7184242562605685e+23,-0.0,ERR,ERR,ERR,ERR,ERR,ERR,ERR,ERR,ERR,ERR,ERR,ERR,ERR,ERR,ERR,ERR,ERR,ERR,ERR,ERR,ERR,ERR,ERR,ERR,ERR,ERR,ERR,ERR,ERR,ERR,ERR,ERR,ERR,ERR,ERR,ERR,ERR,ERR,ERR,ERR,ERR,ERR,ERR,ERR,ERR,ERR,ERR,ERR,ERR,ERR,ERR,ERR,ERR,ERR,ERR,ERR,ERR,ERR,ERR,ERR,ERR,ERR,ERR,ERR,ERR,ERR,ERR,34.0,80.0,35,0.0,0.0,0.0,0.0,0.0,0.0,0.0,0.0,0.0,0.0,0.0,0.0,0.0,0.0,0.0,0.0,64.4,0,116,56,50,65476,0,300,0,0,8,20529,65476,0,0,57672,80.0,0.0,0.0,0.0,0.0,0.0
2026-06-17T04:31:09,ERR,ERR,ERR,ERR,ERR,ERR,ERR,ERR,ERR,ERR,ERR,ERR,ERR,ERR,ERR,ERR,ERR,ERR,ERR,ERR,ERR,ERR,ERR,ERR,ERR,ERR,ERR,ERR,ERR,ERR,ERR,ERR,ERR,ERR,ERR,ERR,ERR,ERR,ERR,ERR,ERR,ERR,ERR,ERR,ERR,ERR,ERR,ERR,ERR,ERR,ERR,ERR,ERR,ERR,ERR,ERR,ERR,ERR,ERR,ERR,ERR,ERR,ERR,ERR,ERR,ERR,ERR,ERR,ERR,ERR,ERR,ERR,ERR,ERR,ERR,ERR,ERR,ERR,ERR,ERR,ERR,ERR,ERR,ERR,ERR,ERR,ERR,ERR,ERR,ERR,ERR,ERR,ERR,ERR,ERR,ERR,ERR,ERR,ERR,ERR,ERR,ERR,ERR,ERR,ERR,ERR,ERR,ERR,ERR,ERR,ERR,ERR,ERR,ERR,ERR,ERR,ERR,ERR,ERR,ERR,ERR,ERR,ERR,ERR,ERR,0.0,-107615328.0,0.0,0.0,0.0,1.3936040501711995e+18,7.805,0.0,0,0,4,0,7300,-0.0,0,0.0,0.0,0.0,0.0,0.0,0,0,0,0,0.0,0,0,0,0,0,0,0,0,0,0,0,0,0,0,0,0,0,0,0,0,0,0,0,0,0,0,0,0,0,0,0,0,0,32,30,30,62,65476,0,300,0,0,8,21553,0.0,-107605600.0,0.0,0.0,0.0,0.0,0.0,0.0,0.0,0.0,0.0,0.0,0.0,0.0,0.0,0.0,0.0,0.0,0.0,0.0,0.0,0.0,2.004,0.0,-0.0,-2.004,0.0,0.0,0.0,0.0,5377.0,-0.0,6962.0,0.0,-107615328.0,-107615280.0,-0.0,0.0,0.0,0.0,0.0,63,71.63,-71.63,0.0,0.0,0.0,0.0,0.0,0.0,0.0,0,0,0,0.0,0.0,0.0,0.0,0.0,0.0,0.0,0.0,0.0,0.0,0.0,0.0,0.0,0.0,0.0,0.0,0,-107875648.0,63,0.0,126,2.7184242562605685e+23,-0.0,ERR,ERR,ERR,ERR,ERR,ERR,ERR,ERR,ERR,ERR,ERR,ERR,ERR,ERR,ERR,ERR,ERR,ERR,ERR,ERR,ERR,ERR,ERR,ERR,ERR,ERR,ERR,ERR,ERR,ERR,ERR,ERR,ERR,ERR,ERR,ERR,ERR,ERR,ERR,ERR,ERR,ERR,ERR,ERR,ERR,ERR,ERR,ERR,ERR,ERR,ERR,ERR,ERR,ERR,ERR,ERR,ERR,ERR,ERR,ERR,ERR,ERR,ERR,ERR,ERR,ERR,ERR,34.0,80.0,35,0.0,0.0,0.0,0.0,0.0,0.0,0.0,0.0,0.0,0.0,0.0,0.0,0.0,0.0,0.0,0.0,64.8,0,116,56,50,65476,0,300,0,0,8,20529,65476,0,0,57672,80.0,0.0,0.0,0.0,0.0,0.0
2026-06-17T04:31:10,ERR,ERR,ERR,ERR,ERR,ERR,ERR,ERR,ERR,ERR,ERR,ERR,ERR,ERR,ERR,ERR,ERR,ERR,ERR,ERR,ERR,ERR,ERR,ERR,ERR,ERR,ERR,ERR,ERR,ERR,ERR,ERR,ERR,ERR,ERR,ERR,ERR,ERR,ERR,ERR,ERR,ERR,ERR,ERR,ERR,ERR,ERR,ERR,ERR,ERR,ERR,ERR,ERR,ERR,ERR,ERR,ERR,ERR,ERR,ERR,ERR,ERR,ERR,ERR,ERR,ERR,ERR,ERR,ERR,ERR,ERR,ERR,ERR,ERR,ERR,ERR,ERR,ERR,ERR,ERR,ERR,ERR,ERR,ERR,ERR,ERR,ERR,ERR,ERR,ERR,ERR,ERR,ERR,ERR,ERR,ERR,ERR,ERR,ERR,ERR,ERR,ERR,ERR,ERR,ERR,ERR,ERR,ERR,ERR,ERR,ERR,ERR,ERR,ERR,ERR,ERR,ERR,ERR,ERR,ERR,ERR,ERR,ERR,ERR,ERR,0.0,-107615328.0,0.0,0.0,0.0,1.3936040501711995e+18,7.805,0.0,0,0,4,0,7300,-0.0,0,0.0,0.0,0.0,0.0,0.0,0,0,0,0,0.0,0,0,0,0,0,0,0,0,0,0,0,0,0,0,0,0,0,0,0,0,0,0,0,0,0,0,0,0,0,0,0,0,0,32,30,30,62,65476,0,300,0,0,8,21553,0.0,-107605600.0,0.0,0.0,0.0,0.0,0.0,0.0,0.0,0.0,0.0,0.0,0.0,0.0,0.0,0.0,0.0,0.0,0.0,0.0,0.0,0.0,2.004,0.0,-0.0,-2.004,0.0,0.0,0.0,0.0,5377.0,-0.0,6966.0,0.0,-107615328.0,-107615280.0,-0.0,0.0,0.0,0.0,0.0,63,71.63,-3.22200830126699e+26,0.0,0.0,0.0,0.0,0.0,0.0,0.0,0,0,0,0.0,0.0,0.0,0.0,0.0,0.0,0.0,0.0,0.0,0.0,0.0,0.0,0.0,0.0,0.0,0.0,0,-107875648.0,63,0.0,126,2.7184242562605685e+23,-0.0,ERR,ERR,ERR,ERR,ERR,ERR,ERR,ERR,ERR,ERR,ERR,ERR,ERR,ERR,ERR,ERR,ERR,ERR,ERR,ERR,ERR,ERR,ERR,ERR,ERR,ERR,ERR,ERR,ERR,ERR,ERR,ERR,ERR,ERR,ERR,ERR,ERR,ERR,ERR,ERR,ERR,ERR,ERR,ERR,ERR,ERR,ERR,ERR,ERR,ERR,ERR,ERR,ERR,ERR,ERR,ERR,ERR,ERR,ERR,ERR,ERR,ERR,ERR,ERR,ERR,ERR,ERR,34.0,80.0,35,0.0,0.0,0.0,0.0,0.0,0.0,0.0,0.0,0.0,0.0,0.0,0.0,0.0,0.0,0.0,0.0,64.4,0,116,56,50,65476,0,300,0,0,8,20529,65476,0,0,57672,80.0,0.0,0.0,0.0,0.0,0.0
2026-06-17T04:31:11,ERR,ERR,ERR,ERR,ERR,ERR,ERR,ERR,ERR,ERR,ERR,ERR,ERR,ERR,ERR,ERR,ERR,ERR,ERR,ERR,ERR,ERR,ERR,ERR,ERR,ERR,ERR,ERR,ERR,ERR,ERR,ERR,ERR,ERR,ERR,ERR,ERR,ERR,ERR,ERR,ERR,ERR,ERR,ERR,ERR,ERR,ERR,ERR,ERR,ERR,ERR,ERR,ERR,ERR,ERR,ERR,ERR,ERR,ERR,ERR,ERR,ERR,ERR,ERR,ERR,ERR,ERR,ERR,ERR,ERR,ERR,ERR,ERR,ERR,ERR,ERR,ERR,ERR,ERR,ERR,ERR,ERR,ERR,ERR,ERR,ERR,ERR,ERR,ERR,ERR,ERR,ERR,ERR,ERR,ERR,ERR,ERR,ERR,ERR,ERR,ERR,ERR,ERR,ERR,ERR,ERR,ERR,ERR,ERR,ERR,ERR,ERR,ERR,ERR,ERR,ERR,ERR,ERR,ERR,ERR,ERR,ERR,ERR,ERR,ERR,0.0,-107615328.0,0.0,0.0,0.0,1.3936040501711995e+18,7.805,0.0,0,0,4,0,7300,-0.0,0,0.0,0.0,0.0,0.0,0.0,0,0,0,0,0.0,0,0,0,0,0,0,0,0,0,0,0,0,0,0,0,0,0,0,0,0,0,0,0,0,0,0,0,0,0,0,0,0,0,32,30,30,62,65476,0,300,0,0,8,21553,0.0,-107605600.0,0.0,0.0,0.0,0.0,0.0,0.0,0.0,0.0,0.0,0.0,0.0,0.0,0.0,0.0,0.0,0.0,0.0,0.0,0.0,0.0,2.004,0.0,-0.0,-2.004,0.0,0.0,0.0,0.0,5377.0,-0.0,6966.0,0.0,-107615328.0,-107615280.0,-0.0,0.0,0.0,0.0,0.0,63,71.63,-3.22200830126699e+26,0.0,0.0,0.0,0.0,0.0,0.0,0.0,0,0,0,0.0,0.0,0.0,0.0,0.0,0.0,0.0,0.0,0.0,0.0,0.0,0.0,0.0,0.0,0.0,0.0,0,-107875648.0,63,0.0,126,2.7184242562605685e+23,-0.0,ERR,ERR,ERR,ERR,ERR,ERR,ERR,ERR,ERR,ERR,ERR,ERR,ERR,ERR,ERR,ERR,ERR,ERR,ERR,ERR,ERR,ERR,ERR,ERR,ERR,ERR,ERR,ERR,ERR,ERR,ERR,ERR,ERR,ERR,ERR,ERR,ERR,ERR,ERR,ERR,ERR,ERR,ERR,ERR,ERR,ERR,ERR,ERR,ERR,ERR,ERR,ERR,ERR,ERR,ERR,ERR,ERR,ERR,ERR,ERR,ERR,ERR,ERR,ERR,ERR,ERR,ERR,34.0,80.0,35,0.0,0.0,0.0,0.0,0.0,0.0,0.0,0.0,0.0,0.0,0.0,0.0,0.0,0.0,0.0,0.0,64.4,0,116,56,50,65476,0,300,0,0,8,20529,65476,0,0,57672,80.0,0.0,0.0,0.0,0.0,0.0
2026-06-17T04:31:12,ERR,ERR,ERR,ERR,ERR,ERR,ERR,ERR,ERR,ERR,ERR,ERR,ERR,ERR,ERR,ERR,ERR,ERR,ERR,ERR,ERR,ERR,ERR,ERR,ERR,ERR,ERR,ERR,ERR,ERR,ERR,ERR,ERR,ERR,ERR,ERR,ERR,ERR,ERR,ERR,ERR,ERR,ERR,ERR,ERR,ERR,ERR,ERR,ERR,ERR,ERR,ERR,ERR,ERR,ERR,ERR,ERR,ERR,ERR,ERR,ERR,ERR,ERR,ERR,ERR,ERR,ERR,ERR,ERR,ERR,ERR,ERR,ERR,ERR,ERR,ERR,ERR,ERR,ERR,ERR,ERR,ERR,ERR,ERR,ERR,ERR,ERR,ERR,ERR,ERR,ERR,ERR,ERR,ERR,ERR,ERR,ERR,ERR,ERR,ERR,ERR,ERR,ERR,ERR,ERR,ERR,ERR,ERR,ERR,ERR,ERR,ERR,ERR,ERR,ERR,ERR,ERR,ERR,ERR,ERR,ERR,ERR,ERR,ERR,ERR,0.0,-107615328.0,0.0,0.0,0.0,1.3936040501711995e+18,7.805,0.0,0,0,4,0,7300,-0.0,0,0.0,0.0,0.0,0.0,0.0,0,0,0,0,0.0,0,0,0,0,0,0,0,0,0,0,0,0,0,0,0,0,0,0,0,0,0,0,0,0,0,0,0,0,0,0,0,0,0,32,30,30,62,65476,0,300,0,0,8,21553,0.0,-107605600.0,0.0,0.0,0.0,0.0,0.0,0.0,0.0,0.0,0.0,0.0,0.0,0.0,0.0,0.0,0.0,0.0,0.0,0.0,0.0,0.0,2.004,0.0,-0.0,-2.004,0.0,0.0,0.0,0.0,5377.0,-0.0,6966.0,0.0,-107615328.0,-107615280.0,-0.0,0.0,0.0,0.0,0.0,63,71.63,-3.22200830126699e+26,0.0,0.0,0.0,0.0,0.0,0.0,0.0,0,0,0,0.0,0.0,0.0,0.0,0.0,0.0,0.0,0.0,0.0,0.0,0.0,0.0,0.0,0.0,0.0,0.0,0,-107875648.0,63,0.0,126,2.7184242562605685e+23,-0.0,ERR,ERR,ERR,ERR,ERR,ERR,ERR,ERR,ERR,ERR,ERR,ERR,ERR,ERR,ERR,ERR,ERR,ERR,ERR,ERR,ERR,ERR,ERR,ERR,ERR,ERR,ERR,ERR,ERR,ERR,ERR,ERR,ERR,ERR,ERR,ERR,ERR,ERR,ERR,ERR,ERR,ERR,ERR,ERR,ERR,ERR,ERR,ERR,ERR,ERR,ERR,ERR,ERR,ERR,ERR,ERR,ERR,ERR,ERR,ERR,ERR,ERR,ERR,ERR,ERR,ERR,ERR,34.0,80.0,35,0.0,0.0,0.0,0.0,0.0,0.0,0.0,0.0,0.0,0.0,0.0,0.0,0.0,0.0,0.0,0.0,64.4,0,116,56,50,65476,0,300,0,0,8,20529,65476,0,0,57672,80.0,0.0,0.0,0.0,0.0,0.0
2026-06-17T04:31:13,ERR,ERR,ERR,ERR,ERR,ERR,ERR,ERR,ERR,ERR,ERR,ERR,ERR,ERR,ERR,ERR,ERR,ERR,ERR,ERR,ERR,ERR,ERR,ERR,ERR,ERR,ERR,ERR,ERR,ERR,ERR,ERR,ERR,ERR,ERR,ERR,ERR,ERR,ERR,ERR,ERR,ERR,ERR,ERR,ERR,ERR,ERR,ERR,ERR,ERR,ERR,ERR,ERR,ERR,ERR,ERR,ERR,ERR,ERR,ERR,ERR,ERR,ERR,ERR,ERR,ERR,ERR,ERR,ERR,ERR,ERR,ERR,ERR,ERR,ERR,ERR,ERR,ERR,ERR,ERR,ERR,ERR,ERR,ERR,ERR,ERR,ERR,ERR,ERR,ERR,ERR,ERR,ERR,ERR,ERR,ERR,ERR,ERR,ERR,ERR,ERR,ERR,ERR,ERR,ERR,ERR,ERR,ERR,ERR,ERR,ERR,ERR,ERR,ERR,ERR,ERR,ERR,ERR,ERR,ERR,ERR,ERR,ERR,ERR,ERR,0.0,-107615328.0,0.0,0.0,0.0,1.3936040501711995e+18,7.805,0.0,0,0,4,0,7300,-0.0,0,0.0,0.0,0.0,0.0,0.0,0,0,0,0,0.0,0,0,0,0,0,0,0,0,0,0,0,0,0,0,0,0,0,0,0,0,0,0,0,0,0,0,0,0,0,0,0,0,0,32,30,30,62,65476,0,300,0,0,8,21553,0.0,-107605600.0,0.0,0.0,0.0,0.0,0.0,0.0,0.0,0.0,0.0,0.0,0.0,0.0,0.0,0.0,0.0,0.0,0.0,0.0,0.0,0.0,2.004,0.0,-0.0,-2.004,0.0,0.0,0.0,0.0,5377.0,-0.0,6966.0,0.0,-107615328.0,-107615280.0,-0.0,0.0,0.0,0.0,0.0,63,71.63,-3.22200830126699e+26,0.0,0.0,0.0,0.0,0.0,0.0,0.0,0,0,0,0.0,0.0,0.0,0.0,0.0,0.0,0.0,0.0,0.0,0.0,0.0,0.0,0.0,0.0,0.0,0.0,0,-107875648.0,63,0.0,126,2.7184242562605685e+23,-0.0,ERR,ERR,ERR,ERR,ERR,ERR,ERR,ERR,ERR,ERR,ERR,ERR,ERR,ERR,ERR,ERR,ERR,ERR,ERR,ERR,ERR,ERR,ERR,ERR,ERR,ERR,ERR,ERR,ERR,ERR,ERR,ERR,ERR,ERR,ERR,ERR,ERR,ERR,ERR,ERR,ERR,ERR,ERR,ERR,ERR,ERR,ERR,ERR,ERR,ERR,ERR,ERR,ERR,ERR,ERR,ERR,ERR,ERR,ERR,ERR,ERR,ERR,ERR,ERR,ERR,ERR,ERR,34.0,80.0,35,0.0,0.0,0.0,0.0,0.0,0.0,0.0,0.0,0.0,0.0,0.0,0.0,0.0,0.0,0.0,0.0,64.4,0,116,56,50,65476,0,300,0,0,8,20529,65476,0,0,57672,80.0,0.0,0.0,0.0,0.0,0.0
2026-06-17T04:31:14,ERR,ERR,ERR,ERR,ERR,ERR,ERR,ERR,ERR,ERR,ERR,ERR,ERR,ERR,ERR,ERR,ERR,ERR,ERR,ERR,ERR,ERR,ERR,ERR,ERR,ERR,ERR,ERR,ERR,ERR,ERR,ERR,ERR,ERR,ERR,ERR,ERR,ERR,ERR,ERR,ERR,ERR,ERR,ERR,ERR,ERR,ERR,ERR,ERR,ERR,ERR,ERR,ERR,ERR,ERR,ERR,ERR,ERR,ERR,ERR,ERR,ERR,ERR,ERR,ERR,ERR,ERR,ERR,ERR,ERR,ERR,ERR,ERR,ERR,ERR,ERR,ERR,ERR,ERR,ERR,ERR,ERR,ERR,ERR,ERR,ERR,ERR,ERR,ERR,ERR,ERR,ERR,ERR,ERR,ERR,ERR,ERR,ERR,ERR,ERR,ERR,ERR,ERR,ERR,ERR,ERR,ERR,ERR,ERR,ERR,ERR,ERR,ERR,ERR,ERR,ERR,ERR,ERR,ERR,ERR,ERR,ERR,ERR,ERR,ERR,0.0,-107615328.0,0.0,0.0,0.0,1.3936040501711995e+18,7.805,0.0,0,0,4,0,7300,-0.0,0,0.0,0.0,0.0,0.0,0.0,0,0,0,0,0.0,0,0,0,0,0,0,0,0,0,0,0,0,0,0,0,0,0,0,0,0,0,0,0,0,0,0,0,0,0,0,0,0,0,32,30,30,62,65476,0,300,0,0,8,21553,0.0,-107605600.0,0.0,0.0,0.0,0.0,0.0,0.0,0.0,0.0,0.0,0.0,0.0,0.0,0.0,0.0,0.0,0.0,0.0,0.0,0.0,0.0,2.004,0.0,-0.0,-2.004,0.0,0.0,0.0,0.0,5377.0,-0.0,6966.0,0.0,-107615328.0,-107615280.0,-0.0,0.0,0.0,0.0,0.0,63,71.63,-3.22200830126699e+26,0.0,0.0,0.0,0.0,0.0,0.0,0.0,0,0,0,0.0,0.0,0.0,0.0,0.0,0.0,0.0,0.0,0.0,0.0,0.0,0.0,0.0,0.0,0.0,0.0,0,-107875648.0,63,0.0,126,2.7184242562605685e+23,-0.0,ERR,ERR,ERR,ERR,ERR,ERR,ERR,ERR,ERR,ERR,ERR,ERR,ERR,ERR,ERR,ERR,ERR,ERR,ERR,ERR,ERR,ERR,ERR,ERR,ERR,ERR,ERR,ERR,ERR,ERR,ERR,ERR,ERR,ERR,ERR,ERR,ERR,ERR,ERR,ERR,ERR,ERR,ERR,ERR,ERR,ERR,ERR,ERR,ERR,ERR,ERR,ERR,ERR,ERR,ERR,ERR,ERR,ERR,ERR,ERR,ERR,ERR,ERR,ERR,ERR,ERR,ERR,34.0,80.0,35,0.0,0.0,0.0,0.0,0.0,0.0,0.0,0.0,0.0,0.0,0.0,0.0,0.0,0.0,0.0,0.0,64.4,0,116,56,50,65476,0,300,0,0,8,20529,65476,0,0,57672,80.0,0.0,0.0,0.0,0.0,0.0
2026-06-17T04:31:15,ERR,ERR,ERR,ERR,ERR,ERR,ERR,ERR,ERR,ERR,ERR,ERR,ERR,ERR,ERR,ERR,ERR,ERR,ERR,ERR,ERR,ERR,ERR,ERR,ERR,ERR,ERR,ERR,ERR,ERR,ERR,ERR,ERR,ERR,ERR,ERR,ERR,ERR,ERR,ERR,ERR,ERR,ERR,ERR,ERR,ERR,ERR,ERR,ERR,ERR,ERR,ERR,ERR,ERR,ERR,ERR,ERR,ERR,ERR,ERR,ERR,ERR,ERR,ERR,ERR,ERR,ERR,ERR,ERR,ERR,ERR,ERR,ERR,ERR,ERR,ERR,ERR,ERR,ERR,ERR,ERR,ERR,ERR,ERR,ERR,ERR,ERR,ERR,ERR,ERR,ERR,ERR,ERR,ERR,ERR,ERR,ERR,ERR,ERR,ERR,ERR,ERR,ERR,ERR,ERR,ERR,ERR,ERR,ERR,ERR,ERR,ERR,ERR,ERR,ERR,ERR,ERR,ERR,ERR,ERR,ERR,ERR,ERR,ERR,ERR,0.0,-107615328.0,0.0,0.0,0.0,1.3936040501711995e+18,7.805,0.0,0,0,4,0,7300,-0.0,0,0.0,0.0,0.0,0.0,0.0,0,0,0,0,0.0,0,0,0,0,0,0,0,0,0,0,0,0,0,0,0,0,0,0,0,0,0,0,0,0,0,0,0,0,0,0,0,0,0,32,30,30,62,65476,0,300,0,0,8,21553,0.0,-107605600.0,0.0,0.0,0.0,0.0,0.0,0.0,0.0,0.0,0.0,0.0,0.0,0.0,0.0,0.0,0.0,0.0,0.0,0.0,0.0,0.0,2.004,-2.004,-0.0,-2.004,0.0,0.0,0.0,0.0,5377.0,-2.004,6968.0,0.0,-107615328.0,-107615280.0,-0.0,0.0,0.0,0.0,0.0,63,71.63,0.0,0.0,0.0,0.0,0.0,0.0,0.0,0.0,0,0,0,0.0,0.0,0.0,0.0,0.0,0.0,0.0,0.0,0.0,0.0,0.0,0.0,0.0,0.0,0.0,0.0,0,-107875648.0,63,0.0,126,2.7184242562605685e+23,-0.0,ERR,ERR,ERR,ERR,ERR,ERR,ERR,ERR,ERR,ERR,ERR,ERR,ERR,ERR,ERR,ERR,ERR,ERR,ERR,ERR,ERR,ERR,ERR,ERR,ERR,ERR,ERR,ERR,ERR,ERR,ERR,ERR,ERR,ERR,ERR,ERR,ERR,ERR,ERR,ERR,ERR,ERR,ERR,ERR,ERR,ERR,ERR,ERR,ERR,ERR,ERR,ERR,ERR,ERR,ERR,ERR,ERR,ERR,ERR,ERR,ERR,ERR,ERR,ERR,ERR,ERR,ERR,34.0,80.0,35,0.0,0.0,0.0,0.0,0.0,0.0,0.0,0.0,0.0,0.0,0.0,0.0,0.0,0.0,0.0,0.0,64.4,0,116,56,50,65476,0,300,0,0,8,20529,65476,0,0,57672,80.0,0.0,0.0,0.0,0.0,0.0
2026-06-17T04:31:16,ERR,ERR,ERR,ERR,ERR,ERR,ERR,ERR,ERR,ERR,ERR,ERR,ERR,ERR,ERR,ERR,ERR,ERR,ERR,ERR,ERR,ERR,ERR,ERR,ERR,ERR,ERR,ERR,ERR,ERR,ERR,ERR,ERR,ERR,ERR,ERR,ERR,ERR,ERR,ERR,ERR,ERR,ERR,ERR,ERR,ERR,ERR,ERR,ERR,ERR,ERR,ERR,ERR,ERR,ERR,ERR,ERR,ERR,ERR,ERR,ERR,ERR,ERR,ERR,ERR,ERR,ERR,ERR,ERR,ERR,ERR,ERR,ERR,ERR,ERR,ERR,ERR,ERR,ERR,ERR,ERR,ERR,ERR,ERR,ERR,ERR,ERR,ERR,ERR,ERR,ERR,ERR,ERR,ERR,ERR,ERR,ERR,ERR,ERR,ERR,ERR,ERR,ERR,ERR,ERR,ERR,ERR,ERR,ERR,ERR,ERR,ERR,ERR,ERR,ERR,ERR,ERR,ERR,ERR,ERR,ERR,ERR,ERR,ERR,ERR,0.0,-107615328.0,0.0,0.0,0.0,1.3936040501711995e+18,7.805,0.0,0,0,4,0,7300,-0.0,0,0.0,0.0,0.0,0.0,0.0,0,0,0,0,0.0,0,0,0,0,0,0,0,0,0,0,0,0,0,0,0,0,0,0,0,0,0,0,0,0,0,0,0,0,0,0,0,0,0,32,30,30,62,65476,0,300,0,0,8,21553,0.0,-107605600.0,0.0,0.0,0.0,0.0,0.0,0.0,0.0,0.0,0.0,0.0,0.0,0.0,0.0,0.0,0.0,0.0,0.0,0.0,0.0,0.0,2.004,-2.004,-0.0,-2.004,0.0,0.0,0.0,0.0,5377.0,-2.004,6968.0,0.0,-107615328.0,-107615280.0,-0.0,0.0,0.0,0.0,0.0,63,71.63,0.0,0.0,0.0,0.0,0.0,0.0,0.0,0.0,0,0,0,0.0,0.0,0.0,0.0,0.0,0.0,0.0,0.0,0.0,0.0,0.0,0.0,0.0,0.0,0.0,0.0,0,-107875648.0,63,0.0,126,2.7184242562605685e+23,-0.0,ERR,ERR,ERR,ERR,ERR,ERR,ERR,ERR,ERR,ERR,ERR,ERR,ERR,ERR,ERR,ERR,ERR,ERR,ERR,ERR,ERR,ERR,ERR,ERR,ERR,ERR,ERR,ERR,ERR,ERR,ERR,ERR,ERR,ERR,ERR,ERR,ERR,ERR,ERR,ERR,ERR,ERR,ERR,ERR,ERR,ERR,ERR,ERR,ERR,ERR,ERR,ERR,ERR,ERR,ERR,ERR,ERR,ERR,ERR,ERR,ERR,ERR,ERR,ERR,ERR,ERR,ERR,34.0,80.0,35,0.0,0.0,0.0,0.0,0.0,0.0,0.0,0.0,0.0,0.0,0.0,0.0,0.0,0.0,0.0,0.0,64.4,0,116,56,50,65476,0,300,0,0,8,20529,65476,0,0,57672,80.0,0.0,0.0,0.0,0.0,0.0
2026-06-17T04:31:17,ERR,ERR,ERR,ERR,ERR,ERR,ERR,ERR,ERR,ERR,ERR,ERR,ERR,ERR,ERR,ERR,ERR,ERR,ERR,ERR,ERR,ERR,ERR,ERR,ERR,ERR,ERR,ERR,ERR,ERR,ERR,ERR,ERR,ERR,ERR,ERR,ERR,ERR,ERR,ERR,ERR,ERR,ERR,ERR,ERR,ERR,ERR,ERR,ERR,ERR,ERR,ERR,ERR,ERR,ERR,ERR,ERR,ERR,ERR,ERR,ERR,ERR,ERR,ERR,ERR,ERR,ERR,ERR,ERR,ERR,ERR,ERR,ERR,ERR,ERR,ERR,ERR,ERR,ERR,ERR,ERR,ERR,ERR,ERR,ERR,ERR,ERR,ERR,ERR,ERR,ERR,ERR,ERR,ERR,ERR,ERR,ERR,ERR,ERR,ERR,ERR,ERR,ERR,ERR,ERR,ERR,ERR,ERR,ERR,ERR,ERR,ERR,ERR,ERR,ERR,ERR,ERR,ERR,ERR,ERR,ERR,ERR,ERR,ERR,ERR,0.0,-107615328.0,0.0,0.0,0.0,1.3936040501711995e+18,7.805,0.0,0,0,4,0,7300,-0.0,0,0.0,0.0,0.0,0.0,0.0,0,0,0,0,0.0,0,0,0,0,0,0,0,0,0,0,0,0,0,0,0,0,0,0,0,0,0,0,0,0,0,0,0,0,0,0,0,0,0,32,30,30,62,65476,0,300,0,0,8,21553,0.0,-107605600.0,0.0,0.0,0.0,0.0,0.0,0.0,0.0,0.0,0.0,0.0,0.0,0.0,0.0,0.0,0.0,0.0,0.0,0.0,0.0,0.0,2.004,-2.004,-0.0,-2.004,0.0,0.0,0.0,0.0,5377.0,-2.004,6968.0,0.0,-107615328.0,-107615280.0,-0.0,0.0,0.0,0.0,0.0,63,71.63,0.0,0.0,0.0,0.0,0.0,0.0,0.0,0.0,0,0,0,0.0,0.0,0.0,0.0,0.0,0.0,0.0,0.0,0.0,0.0,0.0,0.0,0.0,0.0,0.0,0.0,0,-107875648.0,63,0.0,126,2.7184242562605685e+23,-0.0,ERR,ERR,ERR,ERR,ERR,ERR,ERR,ERR,ERR,ERR,ERR,ERR,ERR,ERR,ERR,ERR,ERR,ERR,ERR,ERR,ERR,ERR,ERR,ERR,ERR,ERR,ERR,ERR,ERR,ERR,ERR,ERR,ERR,ERR,ERR,ERR,ERR,ERR,ERR,ERR,ERR,ERR,ERR,ERR,ERR,ERR,ERR,ERR,ERR,ERR,ERR,ERR,ERR,ERR,ERR,ERR,ERR,ERR,ERR,ERR,ERR,ERR,ERR,ERR,ERR,ERR,ERR,34.0,80.0,35,0.0,0.0,0.0,0.0,0.0,0.0,0.0,0.0,0.0,0.0,0.0,0.0,0.0,0.0,0.0,0.0,64.4,0,116,56,50,65476,0,300,0,0,8,20529,65476,0,0,57672,80.0,0.0,0.0,0.0,0.0,0.0
2026-06-17T04:31:18,ERR,ERR,ERR,ERR,ERR,ERR,ERR,ERR,ERR,ERR,ERR,ERR,ERR,ERR,ERR,ERR,ERR,ERR,ERR,ERR,ERR,ERR,ERR,ERR,ERR,ERR,ERR,ERR,ERR,ERR,ERR,ERR,ERR,ERR,ERR,ERR,ERR,ERR,ERR,ERR,ERR,ERR,ERR,ERR,ERR,ERR,ERR,ERR,ERR,ERR,ERR,ERR,ERR,ERR,ERR,ERR,ERR,ERR,ERR,ERR,ERR,ERR,ERR,ERR,ERR,ERR,ERR,ERR,ERR,ERR,ERR,ERR,ERR,ERR,ERR,ERR,ERR,ERR,ERR,ERR,ERR,ERR,ERR,ERR,ERR,ERR,ERR,ERR,ERR,ERR,ERR,ERR,ERR,ERR,ERR,ERR,ERR,ERR,ERR,ERR,ERR,ERR,ERR,ERR,ERR,ERR,ERR,ERR,ERR,ERR,ERR,ERR,ERR,ERR,ERR,ERR,ERR,ERR,ERR,ERR,ERR,ERR,ERR,ERR,ERR,0.0,-107615328.0,0.0,0.0,0.0,1.3936040501711995e+18,7.805,0.0,0,0,4,0,7300,-0.0,0,0.0,0.0,0.0,0.0,0.0,0,0,0,0,0.0,0,0,0,0,0,0,0,0,0,0,0,0,0,0,0,0,0,0,0,0,0,0,0,0,0,0,0,0,0,0,0,0,0,32,30,30,62,65476,0,300,0,0,8,21553,0.0,-107605600.0,0.0,0.0,0.0,0.0,0.0,0.0,0.0,0.0,0.0,0.0,0.0,0.0,0.0,0.0,0.0,0.0,0.0,0.0,0.0,0.0,2.004,-2.004,-0.0,-2.004,0.0,0.0,0.0,0.0,5377.0,-2.004,6968.0,0.0,-107615328.0,-107615280.0,-0.0,0.0,0.0,0.0,0.0,63,71.63,0.0,0.0,0.0,0.0,0.0,0.0,0.0,0.0,0,0,0,0.0,0.0,0.0,0.0,0.0,0.0,0.0,0.0,0.0,0.0,0.0,0.0,0.0,0.0,0.0,0.0,0,-107875648.0,63,0.0,126,2.7184242562605685e+23,-0.0,ERR,ERR,ERR,ERR,ERR,ERR,ERR,ERR,ERR,ERR,ERR,ERR,ERR,ERR,ERR,ERR,ERR,ERR,ERR,ERR,ERR,ERR,ERR,ERR,ERR,ERR,ERR,ERR,ERR,ERR,ERR,ERR,ERR,ERR,ERR,ERR,ERR,ERR,ERR,ERR,ERR,ERR,ERR,ERR,ERR,ERR,ERR,ERR,ERR,ERR,ERR,ERR,ERR,ERR,ERR,ERR,ERR,ERR,ERR,ERR,ERR,ERR,ERR,ERR,ERR,ERR,ERR,34.0,80.0,35,0.0,0.0,0.0,0.0,0.0,0.0,0.0,0.0,0.0,0.0,0.0,0.0,0.0,0.0,0.0,0.0,64.4,0,116,56,50,65476,0,300,0,0,8,20529,65476,0,0,57672,80.0,0.0,0.0,0.0,0.0,0.0
2026-06-17T04:31:19,ERR,ERR,ERR,ERR,ERR,ERR,ERR,ERR,ERR,ERR,ERR,ERR,ERR,ERR,ERR,ERR,ERR,ERR,ERR,ERR,ERR,ERR,ERR,ERR,ERR,ERR,ERR,ERR,ERR,ERR,ERR,ERR,ERR,ERR,ERR,ERR,ERR,ERR,ERR,ERR,ERR,ERR,ERR,ERR,ERR,ERR,ERR,ERR,ERR,ERR,ERR,ERR,ERR,ERR,ERR,ERR,ERR,ERR,ERR,ERR,ERR,ERR,ERR,ERR,ERR,ERR,ERR,ERR,ERR,ERR,ERR,ERR,ERR,ERR,ERR,ERR,ERR,ERR,ERR,ERR,ERR,ERR,ERR,ERR,ERR,ERR,ERR,ERR,ERR,ERR,ERR,ERR,ERR,ERR,ERR,ERR,ERR,ERR,ERR,ERR,ERR,ERR,ERR,ERR,ERR,ERR,ERR,ERR,ERR,ERR,ERR,ERR,ERR,ERR,ERR,ERR,ERR,ERR,ERR,ERR,ERR,ERR,ERR,ERR,ERR,0.0,-107615328.0,0.0,0.0,0.0,1.3936040501711995e+18,7.805,0.0,0,0,4,0,7300,-0.0,0,0.0,0.0,0.0,0.0,0.0,0,0,0,0,0.0,0,0,0,0,0,0,0,0,0,0,0,0,0,0,0,0,0,0,0,0,0,0,0,0,0,0,0,0,0,0,0,0,0,32,30,30,62,65476,0,300,0,0,8,21553,0.0,-107605600.0,0.0,0.0,0.0,0.0,0.0,0.0,0.0,0.0,0.0,0.0,0.0,0.0,0.0,0.0,0.0,0.0,0.0,0.0,0.0,0.0,2.004,-2.004,-0.0,-2.004,0.0,0.0,0.0,0.0,5377.0,-2.004,6968.0,0.0,-107615328.0,-107615280.0,-0.0,0.0,0.0,0.0,0.0,63,71.63,0.0,0.0,0.0,0.0,0.0,0.0,0.0,0.0,0,0,0,0.0,0.0,0.0,0.0,0.0,0.0,0.0,0.0,0.0,0.0,0.0,0.0,0.0,0.0,0.0,0.0,0,-107875648.0,63,0.0,126,2.7184242562605685e+23,-0.0,ERR,ERR,ERR,ERR,ERR,ERR,ERR,ERR,ERR,ERR,ERR,ERR,ERR,ERR,ERR,ERR,ERR,ERR,ERR,ERR,ERR,ERR,ERR,ERR,ERR,ERR,ERR,ERR,ERR,ERR,ERR,ERR,ERR,ERR,ERR,ERR,ERR,ERR,ERR,ERR,ERR,ERR,ERR,ERR,ERR,ERR,ERR,ERR,ERR,ERR,ERR,ERR,ERR,ERR,ERR,ERR,ERR,ERR,ERR,ERR,ERR,ERR,ERR,ERR,ERR,ERR,ERR,34.0,80.0,35,0.0,0.0,0.0,0.0,0.0,0.0,0.0,0.0,0.0,0.0,0.0,0.0,0.0,0.0,0.0,0.0,64.4,0,116,56,50,65476,0,300,0,0,8,20529,65476,0,0,57672,80.0,0.0,0.0,0.0,0.0,0.0
2026-06-17T04:31:20,ERR,ERR,ERR,ERR,ERR,ERR,ERR,ERR,ERR,ERR,ERR,ERR,ERR,ERR,ERR,ERR,ERR,ERR,ERR,ERR,ERR,ERR,ERR,ERR,ERR,ERR,ERR,ERR,ERR,ERR,ERR,ERR,ERR,ERR,ERR,ERR,ERR,ERR,ERR,ERR,ERR,ERR,ERR,ERR,ERR,ERR,ERR,ERR,ERR,ERR,ERR,ERR,ERR,ERR,ERR,ERR,ERR,ERR,ERR,ERR,ERR,ERR,ERR,ERR,ERR,ERR,ERR,ERR,ERR,ERR,ERR,ERR,ERR,ERR,ERR,ERR,ERR,ERR,ERR,ERR,ERR,ERR,ERR,ERR,ERR,ERR,ERR,ERR,ERR,ERR,ERR,ERR,ERR,ERR,ERR,ERR,ERR,ERR,ERR,ERR,ERR,ERR,ERR,ERR,ERR,ERR,ERR,ERR,ERR,ERR,ERR,ERR,ERR,ERR,ERR,ERR,ERR,ERR,ERR,ERR,ERR,ERR,ERR,ERR,ERR,0.0,-107615328.0,0.0,0.0,0.0,1.3936040501711995e+18,7.805,0.0,0,0,4,0,7300,-0.0,0,0.0,0.0,0.0,0.0,0.0,0,0,0,0,0.0,0,0,0,0,0,0,0,0,0,0,0,0,0,0,0,0,0,0,0,0,0,0,0,0,0,0,0,0,0,0,0,0,0,32,30,30,62,65476,0,300,0,0,8,21553,0.0,-107605600.0,0.0,0.0,0.0,0.0,0.0,0.0,0.0,0.0,0.0,0.0,0.0,0.0,0.0,0.0,0.0,0.0,0.0,0.0,0.0,0.0,2.004,-2.004,-0.0,-2.004,0.0,0.0,0.0,0.0,5377.0,-2.004,6968.0,0.0,-107615328.0,-107615280.0,-0.0,0.0,0.0,0.0,0.0,63,71.63,0.0,0.0,0.0,0.0,0.0,0.0,0.0,0.0,0,0,0,0.0,0.0,0.0,0.0,0.0,0.0,0.0,0.0,0.0,0.0,0.0,0.0,0.0,0.0,0.0,0.0,0,-107875648.0,63,0.0,126,2.7184242562605685e+23,-0.0,ERR,ERR,ERR,ERR,ERR,ERR,ERR,ERR,ERR,ERR,ERR,ERR,ERR,ERR,ERR,ERR,ERR,ERR,ERR,ERR,ERR,ERR,ERR,ERR,ERR,ERR,ERR,ERR,ERR,ERR,ERR,ERR,ERR,ERR,ERR,ERR,ERR,ERR,ERR,ERR,ERR,ERR,ERR,ERR,ERR,ERR,ERR,ERR,ERR,ERR,ERR,ERR,ERR,ERR,ERR,ERR,ERR,ERR,ERR,ERR,ERR,ERR,ERR,ERR,ERR,ERR,ERR,34.0,80.0,35,0.0,0.0,0.0,0.0,0.0,0.0,0.0,0.0,0.0,0.0,0.0,0.0,0.0,0.0,0.0,0.0,64.4,0,116,56,50,65476,0,300,0,0,8,20529,65476,0,0,57672,80.0,0.0,0.0,0.0,0.0,0.0
2026-06-17T04:31:21,ERR,ERR,ERR,ERR,ERR,ERR,ERR,ERR,ERR,ERR,ERR,ERR,ERR,ERR,ERR,ERR,ERR,ERR,ERR,ERR,ERR,ERR,ERR,ERR,ERR,ERR,ERR,ERR,ERR,ERR,ERR,ERR,ERR,ERR,ERR,ERR,ERR,ERR,ERR,ERR,ERR,ERR,ERR,ERR,ERR,ERR,ERR,ERR,ERR,ERR,ERR,ERR,ERR,ERR,ERR,ERR,ERR,ERR,ERR,ERR,ERR,ERR,ERR,ERR,ERR,ERR,ERR,ERR,ERR,ERR,ERR,ERR,ERR,ERR,ERR,ERR,ERR,ERR,ERR,ERR,ERR,ERR,ERR,ERR,ERR,ERR,ERR,ERR,ERR,ERR,ERR,ERR,ERR,ERR,ERR,ERR,ERR,ERR,ERR,ERR,ERR,ERR,ERR,ERR,ERR,ERR,ERR,ERR,ERR,ERR,ERR,ERR,ERR,ERR,ERR,ERR,ERR,ERR,ERR,ERR,ERR,ERR,ERR,ERR,ERR,0.0,-107615328.0,0.0,0.0,0.0,1.3936040501711995e+18,7.805,0.0,0,0,4,0,7300,-0.0,0,0.0,0.0,0.0,0.0,0.0,0,0,0,0,0.0,0,0,0,0,0,0,0,0,0,0,0,0,0,0,0,0,0,0,0,0,0,0,0,0,0,0,0,0,0,0,0,0,0,32,30,30,62,65476,0,300,0,0,8,21553,0.0,-107605600.0,0.0,0.0,0.0,0.0,0.0,0.0,0.0,0.0,0.0,0.0,0.0,0.0,0.0,0.0,0.0,0.0,0.0,0.0,0.0,0.0,2.004,0.0,-0.0,-2.004,0.0,0.0,0.0,0.0,5378.0,-564146638684160.0,6971.0,0.0,-107615328.0,-107615280.0,-0.0,0.0,0.0,0.0,0.0,63,89221.078,0.0,0.0,0.0,0.0,0.0,0.0,0.0,0.0,0,0,0,0.0,0.0,0.0,0.0,0.0,0.0,0.0,0.0,0.0,0.0,0.0,0.0,0.0,0.0,0.0,0.0,0,-107875648.0,63,0.0,126,2.7184242562605685e+23,-0.0,ERR,ERR,ERR,ERR,ERR,ERR,ERR,ERR,ERR,ERR,ERR,ERR,ERR,ERR,ERR,ERR,ERR,ERR,ERR,ERR,ERR,ERR,ERR,ERR,ERR,ERR,ERR,ERR,ERR,ERR,ERR,ERR,ERR,ERR,ERR,ERR,ERR,ERR,ERR,ERR,ERR,ERR,ERR,ERR,ERR,ERR,ERR,ERR,ERR,ERR,ERR,ERR,ERR,ERR,ERR,ERR,ERR,ERR,ERR,ERR,ERR,ERR,ERR,ERR,ERR,ERR,ERR,34.0,80.0,35,0.0,0.0,0.0,0.0,0.0,0.0,0.0,0.0,0.0,0.0,0.0,0.0,0.0,0.0,0.0,0.0,64.8,0,116,56,50,65476,0,300,0,0,8,20529,65476,0,0,57672,80.0,0.0,0.0,0.0,0.0,0.0
2026-06-17T04:31:22,ERR,ERR,ERR,ERR,ERR,ERR,ERR,ERR,ERR,ERR,ERR,ERR,ERR,ERR,ERR,ERR,ERR,ERR,ERR,ERR,ERR,ERR,ERR,ERR,ERR,ERR,ERR,ERR,ERR,ERR,ERR,ERR,ERR,ERR,ERR,ERR,ERR,ERR,ERR,ERR,ERR,ERR,ERR,ERR,ERR,ERR,ERR,ERR,ERR,ERR,ERR,ERR,ERR,ERR,ERR,ERR,ERR,ERR,ERR,ERR,ERR,ERR,ERR,ERR,ERR,ERR,ERR,ERR,ERR,ERR,ERR,ERR,ERR,ERR,ERR,ERR,ERR,ERR,ERR,ERR,ERR,ERR,ERR,ERR,ERR,ERR,ERR,ERR,ERR,ERR,ERR,ERR,ERR,ERR,ERR,ERR,ERR,ERR,ERR,ERR,ERR,ERR,ERR,ERR,ERR,ERR,ERR,ERR,ERR,ERR,ERR,ERR,ERR,ERR,ERR,ERR,ERR,ERR,ERR,ERR,ERR,ERR,ERR,ERR,ERR,0.0,-107615328.0,0.0,0.0,0.0,1.3936040501711995e+18,7.805,0.0,0,0,4,0,7300,-0.0,0,0.0,0.0,0.0,0.0,0.0,0,0,0,0,0.0,0,0,0,0,0,0,0,0,0,0,0,0,0,0,0,0,0,0,0,0,0,0,0,0,0,0,0,0,0,0,0,0,0,32,30,30,62,65476,0,300,0,0,8,21553,0.0,-107605600.0,0.0,0.0,0.0,0.0,0.0,0.0,0.0,0.0,0.0,0.0,0.0,0.0,0.0,0.0,0.0,0.0,0.0,0.0,0.0,0.0,2.004,0.0,-0.0,-2.004,0.0,0.0,0.0,0.0,5378.0,-564146638684160.0,6971.0,0.0,-107615328.0,-107615280.0,-0.0,0.0,0.0,0.0,0.0,63,89221.078,0.0,0.0,0.0,0.0,0.0,0.0,0.0,0.0,0,0,0,0.0,0.0,0.0,0.0,0.0,0.0,0.0,0.0,0.0,0.0,0.0,0.0,0.0,0.0,0.0,0.0,0,-107875648.0,63,0.0,126,2.7184242562605685e+23,-0.0,ERR,ERR,ERR,ERR,ERR,ERR,ERR,ERR,ERR,ERR,ERR,ERR,ERR,ERR,ERR,ERR,ERR,ERR,ERR,ERR,ERR,ERR,ERR,ERR,ERR,ERR,ERR,ERR,ERR,ERR,ERR,ERR,ERR,ERR,ERR,ERR,ERR,ERR,ERR,ERR,ERR,ERR,ERR,ERR,ERR,ERR,ERR,ERR,ERR,ERR,ERR,ERR,ERR,ERR,ERR,ERR,ERR,ERR,ERR,ERR,ERR,ERR,ERR,ERR,ERR,ERR,ERR,34.0,80.0,35,0.0,0.0,0.0,0.0,0.0,0.0,0.0,0.0,0.0,0.0,0.0,0.0,0.0,0.0,0.0,0.0,64.8,0,116,56,50,65476,0,300,0,0,8,20529,65476,0,0,57672,80.0,0.0,0.0,0.0,0.0,0.0
2026-06-17T04:31:23,ERR,ERR,ERR,ERR,ERR,ERR,ERR,ERR,ERR,ERR,ERR,ERR,ERR,ERR,ERR,ERR,ERR,ERR,ERR,ERR,ERR,ERR,ERR,ERR,ERR,ERR,ERR,ERR,ERR,ERR,ERR,ERR,ERR,ERR,ERR,ERR,ERR,ERR,ERR,ERR,ERR,ERR,ERR,ERR,ERR,ERR,ERR,ERR,ERR,ERR,ERR,ERR,ERR,ERR,ERR,ERR,ERR,ERR,ERR,ERR,ERR,ERR,ERR,ERR,ERR,ERR,ERR,ERR,ERR,ERR,ERR,ERR,ERR,ERR,ERR,ERR,ERR,ERR,ERR,ERR,ERR,ERR,ERR,ERR,ERR,ERR,ERR,ERR,ERR,ERR,ERR,ERR,ERR,ERR,ERR,ERR,ERR,ERR,ERR,ERR,ERR,ERR,ERR,ERR,ERR,ERR,ERR,ERR,ERR,ERR,ERR,ERR,ERR,ERR,ERR,ERR,ERR,ERR,ERR,ERR,ERR,ERR,ERR,ERR,ERR,0.0,-107615328.0,0.0,0.0,0.0,1.3936040501711995e+18,7.805,0.0,0,0,4,0,7300,-0.0,0,0.0,0.0,0.0,0.0,0.0,0,0,0,0,0.0,0,0,0,0,0,0,0,0,0,0,0,0,0,0,0,0,0,0,0,0,0,0,0,0,0,0,0,0,0,0,0,0,0,32,30,30,62,65476,0,300,0,0,8,21553,0.0,-107605600.0,0.0,0.0,0.0,0.0,0.0,0.0,0.0,0.0,0.0,0.0,0.0,0.0,0.0,0.0,0.0,0.0,0.0,0.0,0.0,0.0,2.004,0.0,-0.0,-2.004,0.0,0.0,0.0,0.0,5378.0,-564146638684160.0,6971.0,0.0,-107615328.0,-107615280.0,-0.0,0.0,0.0,0.0,0.0,63,89221.078,0.0,0.0,0.0,0.0,0.0,0.0,0.0,0.0,0,0,0,0.0,0.0,0.0,0.0,0.0,0.0,0.0,0.0,0.0,0.0,0.0,0.0,0.0,0.0,0.0,0.0,0,-107875648.0,63,0.0,126,2.7184242562605685e+23,-0.0,ERR,ERR,ERR,ERR,ERR,ERR,ERR,ERR,ERR,ERR,ERR,ERR,ERR,ERR,ERR,ERR,ERR,ERR,ERR,ERR,ERR,ERR,ERR,ERR,ERR,ERR,ERR,ERR,ERR,ERR,ERR,ERR,ERR,ERR,ERR,ERR,ERR,ERR,ERR,ERR,ERR,ERR,ERR,ERR,ERR,ERR,ERR,ERR,ERR,ERR,ERR,ERR,ERR,ERR,ERR,ERR,ERR,ERR,ERR,ERR,ERR,ERR,ERR,ERR,ERR,ERR,ERR,34.0,80.0,35,0.0,0.0,0.0,0.0,0.0,0.0,0.0,0.0,0.0,0.0,0.0,0.0,0.0,0.0,0.0,0.0,64.4,0,116,56,50,65476,0,300,0,0,8,20529,65476,0,0,57672,80.0,0.0,0.0,0.0,0.0,0.0
2026-06-17T04:31:24,ERR,ERR,ERR,ERR,ERR,ERR,ERR,ERR,ERR,ERR,ERR,ERR,ERR,ERR,ERR,ERR,ERR,ERR,ERR,ERR,ERR,ERR,ERR,ERR,ERR,ERR,ERR,ERR,ERR,ERR,ERR,ERR,ERR,ERR,ERR,ERR,ERR,ERR,ERR,ERR,ERR,ERR,ERR,ERR,ERR,ERR,ERR,ERR,ERR,ERR,ERR,ERR,ERR,ERR,ERR,ERR,ERR,ERR,ERR,ERR,ERR,ERR,ERR,ERR,ERR,ERR,ERR,ERR,ERR,ERR,ERR,ERR,ERR,ERR,ERR,ERR,ERR,ERR,ERR,ERR,ERR,ERR,ERR,ERR,ERR,ERR,ERR,ERR,ERR,ERR,ERR,ERR,ERR,ERR,ERR,ERR,ERR,ERR,ERR,ERR,ERR,ERR,ERR,ERR,ERR,ERR,ERR,ERR,ERR,ERR,ERR,ERR,ERR,ERR,ERR,ERR,ERR,ERR,ERR,ERR,ERR,ERR,ERR,ERR,ERR,0.0,-107615328.0,0.0,0.0,0.0,1.3936040501711995e+18,7.805,0.0,0,0,4,0,7300,-0.0,0,0.0,0.0,0.0,0.0,0.0,0,0,0,0,0.0,0,0,0,0,0,0,0,0,0,0,0,0,0,0,0,0,0,0,0,0,0,0,0,0,0,0,0,0,0,0,0,0,0,32,30,30,62,65476,0,300,0,0,8,21553,0.0,-107605600.0,0.0,0.0,0.0,0.0,0.0,0.0,0.0,0.0,0.0,0.0,0.0,0.0,0.0,0.0,0.0,0.0,0.0,0.0,0.0,0.0,2.004,0.0,-0.0,-2.004,0.0,0.0,0.0,0.0,5378.0,-564146638684160.0,6971.0,0.0,-107615328.0,-107615280.0,-0.0,0.0,0.0,0.0,0.0,63,89221.078,0.0,0.0,0.0,0.0,0.0,0.0,0.0,0.0,0,0,0,0.0,0.0,0.0,0.0,0.0,0.0,0.0,0.0,0.0,0.0,0.0,0.0,0.0,0.0,0.0,0.0,0,-107875648.0,63,0.0,126,2.7184242562605685e+23,-0.0,ERR,ERR,ERR,ERR,ERR,ERR,ERR,ERR,ERR,ERR,ERR,ERR,ERR,ERR,ERR,ERR,ERR,ERR,ERR,ERR,ERR,ERR,ERR,ERR,ERR,ERR,ERR,ERR,ERR,ERR,ERR,ERR,ERR,ERR,ERR,ERR,ERR,ERR,ERR,ERR,ERR,ERR,ERR,ERR,ERR,ERR,ERR,ERR,ERR,ERR,ERR,ERR,ERR,ERR,ERR,ERR,ERR,ERR,ERR,ERR,ERR,ERR,ERR,ERR,ERR,ERR,ERR,34.0,80.0,35,0.0,0.0,0.0,0.0,0.0,0.0,0.0,0.0,0.0,0.0,0.0,0.0,0.0,0.0,0.0,0.0,64.4,0,116,56,50,65476,0,300,0,0,8,20529,65476,0,0,57672,80.0,0.0,0.0,0.0,0.0,0.0
2026-06-17T04:31:25,ERR,ERR,ERR,ERR,ERR,ERR,ERR,ERR,ERR,ERR,ERR,ERR,ERR,ERR,ERR,ERR,ERR,ERR,ERR,ERR,ERR,ERR,ERR,ERR,ERR,ERR,ERR,ERR,ERR,ERR,ERR,ERR,ERR,ERR,ERR,ERR,ERR,ERR,ERR,ERR,ERR,ERR,ERR,ERR,ERR,ERR,ERR,ERR,ERR,ERR,ERR,ERR,ERR,ERR,ERR,ERR,ERR,ERR,ERR,ERR,ERR,ERR,ERR,ERR,ERR,ERR,ERR,ERR,ERR,ERR,ERR,ERR,ERR,ERR,ERR,ERR,ERR,ERR,ERR,ERR,ERR,ERR,ERR,ERR,ERR,ERR,ERR,ERR,ERR,ERR,ERR,ERR,ERR,ERR,ERR,ERR,ERR,ERR,ERR,ERR,ERR,ERR,ERR,ERR,ERR,ERR,ERR,ERR,ERR,ERR,ERR,ERR,ERR,ERR,ERR,ERR,ERR,ERR,ERR,ERR,ERR,ERR,ERR,ERR,ERR,0.0,-107615328.0,0.0,0.0,0.0,1.3936040501711995e+18,7.805,0.0,0,0,4,0,7300,-0.0,0,0.0,0.0,0.0,0.0,0.0,0,0,0,0,0.0,0,0,0,0,0,0,0,0,0,0,0,0,0,0,0,0,0,0,0,0,0,0,0,0,0,0,0,0,0,0,0,0,0,32,30,30,62,65476,0,300,0,0,8,21553,0.0,-107605600.0,0.0,0.0,0.0,0.0,0.0,0.0,0.0,0.0,0.0,0.0,0.0,0.0,0.0,0.0,0.0,0.0,0.0,0.0,0.0,0.0,2.004,0.0,-0.0,-2.004,0.0,0.0,0.0,0.0,5378.0,-564146638684160.0,6971.0,0.0,-107615328.0,-107615280.0,-0.0,0.0,0.0,0.0,0.0,63,89221.078,0.0,0.0,0.0,0.0,0.0,0.0,0.0,0.0,0,0,0,0.0,0.0,0.0,0.0,0.0,0.0,0.0,0.0,0.0,0.0,0.0,0.0,0.0,0.0,0.0,0.0,0,-107875648.0,63,0.0,126,2.7184242562605685e+23,-0.0,ERR,ERR,ERR,ERR,ERR,ERR,ERR,ERR,ERR,ERR,ERR,ERR,ERR,ERR,ERR,ERR,ERR,ERR,ERR,ERR,ERR,ERR,ERR,ERR,ERR,ERR,ERR,ERR,ERR,ERR,ERR,ERR,ERR,ERR,ERR,ERR,ERR,ERR,ERR,ERR,ERR,ERR,ERR,ERR,ERR,ERR,ERR,ERR,ERR,ERR,ERR,ERR,ERR,ERR,ERR,ERR,ERR,ERR,ERR,ERR,ERR,ERR,ERR,ERR,ERR,ERR,ERR,34.0,80.0,35,0.0,0.0,0.0,0.0,0.0,0.0,0.0,0.0,0.0,0.0,0.0,0.0,0.0,0.0,0.0,0.0,64.4,0,116,56,50,65476,0,300,0,0,8,20529,65476,0,0,57672,80.0,0.0,0.0,0.0,0.0,0.0
2026-06-17T04:31:26,ERR,ERR,ERR,ERR,ERR,ERR,ERR,ERR,ERR,ERR,ERR,ERR,ERR,ERR,ERR,ERR,ERR,ERR,ERR,ERR,ERR,ERR,ERR,ERR,ERR,ERR,ERR,ERR,ERR,ERR,ERR,ERR,ERR,ERR,ERR,ERR,ERR,ERR,ERR,ERR,ERR,ERR,ERR,ERR,ERR,ERR,ERR,ERR,ERR,ERR,ERR,ERR,ERR,ERR,ERR,ERR,ERR,ERR,ERR,ERR,ERR,ERR,ERR,ERR,ERR,ERR,ERR,ERR,ERR,ERR,ERR,ERR,ERR,ERR,ERR,ERR,ERR,ERR,ERR,ERR,ERR,ERR,ERR,ERR,ERR,ERR,ERR,ERR,ERR,ERR,ERR,ERR,ERR,ERR,ERR,ERR,ERR,ERR,ERR,ERR,ERR,ERR,ERR,ERR,ERR,ERR,ERR,ERR,ERR,ERR,ERR,ERR,ERR,ERR,ERR,ERR,ERR,ERR,ERR,ERR,ERR,ERR,ERR,ERR,ERR,0.0,-107615328.0,0.0,0.0,0.0,1.3936040501711995e+18,7.805,0.0,0,0,4,0,7300,-0.0,0,0.0,0.0,0.0,0.0,0.0,0,0,0,0,0.0,0,0,0,0,0,0,0,0,0,0,0,0,0,0,0,0,0,0,0,0,0,0,0,0,0,0,0,0,0,0,0,0,0,32,30,30,62,65476,0,300,0,0,8,21553,0.0,-107605600.0,0.0,0.0,0.0,0.0,0.0,0.0,0.0,0.0,0.0,0.0,0.0,0.0,0.0,0.0,0.0,0.0,0.0,0.0,0.0,0.0,2.004,0.0,-0.0,-2.004,0.0,0.0,0.0,0.0,5378.0,-1.587931619850188e+29,6974.0,0.0,-107615328.0,-107615280.0,-0.0,0.0,0.0,0.0,0.0,63,71.63,1.905688671546245e+17,0.0,0.0,0.0,0.0,0.0,0.0,0.0,0,0,0,0.0,0.0,0.0,0.0,0.0,0.0,0.0,0.0,0.0,0.0,0.0,0.0,0.0,0.0,0.0,0.0,0,-107875648.0,63,0.0,126,2.7184242562605685e+23,-0.0,ERR,ERR,ERR,ERR,ERR,ERR,ERR,ERR,ERR,ERR,ERR,ERR,ERR,ERR,ERR,ERR,ERR,ERR,ERR,ERR,ERR,ERR,ERR,ERR,ERR,ERR,ERR,ERR,ERR,ERR,ERR,ERR,ERR,ERR,ERR,ERR,ERR,ERR,ERR,ERR,ERR,ERR,ERR,ERR,ERR,ERR,ERR,ERR,ERR,ERR,ERR,ERR,ERR,ERR,ERR,ERR,ERR,ERR,ERR,ERR,ERR,ERR,ERR,ERR,ERR,ERR,ERR,34.0,80.0,35,0.0,0.0,0.0,0.0,0.0,0.0,0.0,0.0,0.0,0.0,0.0,0.0,0.0,0.0,0.0,0.0,64.4,0,116,56,50,65476,0,300,0,0,8,20529,65476,0,0,57672,80.0,0.0,0.0,0.0,0.0,0.0
2026-06-17T04:31:27,ERR,ERR,ERR,ERR,ERR,ERR,ERR,ERR,ERR,ERR,ERR,ERR,ERR,ERR,ERR,ERR,ERR,ERR,ERR,ERR,ERR,ERR,ERR,ERR,ERR,ERR,ERR,ERR,ERR,ERR,ERR,ERR,ERR,ERR,ERR,ERR,ERR,ERR,ERR,ERR,ERR,ERR,ERR,ERR,ERR,ERR,ERR,ERR,ERR,ERR,ERR,ERR,ERR,ERR,ERR,ERR,ERR,ERR,ERR,ERR,ERR,ERR,ERR,ERR,ERR,ERR,ERR,ERR,ERR,ERR,ERR,ERR,ERR,ERR,ERR,ERR,ERR,ERR,ERR,ERR,ERR,ERR,ERR,ERR,ERR,ERR,ERR,ERR,ERR,ERR,ERR,ERR,ERR,ERR,ERR,ERR,ERR,ERR,ERR,ERR,ERR,ERR,ERR,ERR,ERR,ERR,ERR,ERR,ERR,ERR,ERR,ERR,ERR,ERR,ERR,ERR,ERR,ERR,ERR,ERR,ERR,ERR,ERR,ERR,ERR,0.0,-107615328.0,0.0,0.0,0.0,1.3936040501711995e+18,7.805,0.0,0,0,4,0,7300,-0.0,0,0.0,0.0,0.0,0.0,0.0,0,0,0,0,0.0,0,0,0,0,0,0,0,0,0,0,0,0,0,0,0,0,0,0,0,0,0,0,0,0,0,0,0,0,0,0,0,0,0,32,30,30,62,65476,0,300,0,0,8,21553,0.0,-107605600.0,0.0,0.0,0.0,0.0,0.0,0.0,0.0,0.0,0.0,0.0,0.0,0.0,0.0,0.0,0.0,0.0,0.0,0.0,0.0,0.0,2.004,0.0,-0.0,-2.004,0.0,0.0,0.0,0.0,5378.0,-1.587931619850188e+29,6974.0,0.0,-107615328.0,-107615280.0,-0.0,0.0,0.0,0.0,0.0,63,71.63,1.905688671546245e+17,0.0,0.0,0.0,0.0,0.0,0.0,0.0,0,0,0,0.0,0.0,0.0,0.0,0.0,0.0,0.0,0.0,0.0,0.0,0.0,0.0,0.0,0.0,0.0,0.0,0,-107875648.0,63,0.0,126,2.7184242562605685e+23,-0.0,ERR,ERR,ERR,ERR,ERR,ERR,ERR,ERR,ERR,ERR,ERR,ERR,ERR,ERR,ERR,ERR,ERR,ERR,ERR,ERR,ERR,ERR,ERR,ERR,ERR,ERR,ERR,ERR,ERR,ERR,ERR,ERR,ERR,ERR,ERR,ERR,ERR,ERR,ERR,ERR,ERR,ERR,ERR,ERR,ERR,ERR,ERR,ERR,ERR,ERR,ERR,ERR,ERR,ERR,ERR,ERR,ERR,ERR,ERR,ERR,ERR,ERR,ERR,ERR,ERR,ERR,ERR,34.0,80.0,35,0.0,0.0,0.0,0.0,0.0,0.0,0.0,0.0,0.0,0.0,0.0,0.0,0.0,0.0,0.0,0.0,64.8,0,116,56,50,65476,0,300,0,0,8,20529,65476,0,0,57672,80.0,0.0,0.0,0.0,0.0,0.0
2026-06-17T04:31:28,ERR,ERR,ERR,ERR,ERR,ERR,ERR,ERR,ERR,ERR,ERR,ERR,ERR,ERR,ERR,ERR,ERR,ERR,ERR,ERR,ERR,ERR,ERR,ERR,ERR,ERR,ERR,ERR,ERR,ERR,ERR,ERR,ERR,ERR,ERR,ERR,ERR,ERR,ERR,ERR,ERR,ERR,ERR,ERR,ERR,ERR,ERR,ERR,ERR,ERR,ERR,ERR,ERR,ERR,ERR,ERR,ERR,ERR,ERR,ERR,ERR,ERR,ERR,ERR,ERR,ERR,ERR,ERR,ERR,ERR,ERR,ERR,ERR,ERR,ERR,ERR,ERR,ERR,ERR,ERR,ERR,ERR,ERR,ERR,ERR,ERR,ERR,ERR,ERR,ERR,ERR,ERR,ERR,ERR,ERR,ERR,ERR,ERR,ERR,ERR,ERR,ERR,ERR,ERR,ERR,ERR,ERR,ERR,ERR,ERR,ERR,ERR,ERR,ERR,ERR,ERR,ERR,ERR,ERR,ERR,ERR,ERR,ERR,ERR,ERR,0.0,-107615328.0,0.0,0.0,0.0,1.3936040501711995e+18,7.805,0.0,0,0,4,0,7300,-0.0,0,0.0,0.0,0.0,0.0,0.0,0,0,0,0,0.0,0,0,0,0,0,0,0,0,0,0,0,0,0,0,0,0,0,0,0,0,0,0,0,0,0,0,0,0,0,0,0,0,0,32,30,30,62,65476,0,300,0,0,8,21553,0.0,-107605600.0,0.0,0.0,0.0,0.0,0.0,0.0,0.0,0.0,0.0,0.0,0.0,0.0,0.0,0.0,0.0,0.0,0.0,0.0,0.0,0.0,2.004,0.0,-0.0,-2.004,0.0,0.0,0.0,0.0,5378.0,-1.587931619850188e+29,6974.0,0.0,-107615328.0,-107615280.0,-0.0,0.0,0.0,0.0,0.0,63,71.63,1.905688671546245e+17,0.0,0.0,0.0,0.0,0.0,0.0,0.0,0,0,0,0.0,0.0,0.0,0.0,0.0,0.0,0.0,0.0,0.0,0.0,0.0,0.0,0.0,0.0,0.0,0.0,0,-107875648.0,63,0.0,126,2.7184242562605685e+23,-0.0,ERR,ERR,ERR,ERR,ERR,ERR,ERR,ERR,ERR,ERR,ERR,ERR,ERR,ERR,ERR,ERR,ERR,ERR,ERR,ERR,ERR,ERR,ERR,ERR,ERR,ERR,ERR,ERR,ERR,ERR,ERR,ERR,ERR,ERR,ERR,ERR,ERR,ERR,ERR,ERR,ERR,ERR,ERR,ERR,ERR,ERR,ERR,ERR,ERR,ERR,ERR,ERR,ERR,ERR,ERR,ERR,ERR,ERR,ERR,ERR,ERR,ERR,ERR,ERR,ERR,ERR,ERR,34.0,80.0,35,0.0,0.0,0.0,0.0,0.0,0.0,0.0,0.0,0.0,0.0,0.0,0.0,0.0,0.0,0.0,0.0,64.4,0,116,56,50,65476,0,300,0,0,8,20529,65476,0,0,57672,80.0,0.0,0.0,0.0,0.0,0.0
2026-06-17T04:31:29,ERR,ERR,ERR,ERR,ERR,ERR,ERR,ERR,ERR,ERR,ERR,ERR,ERR,ERR,ERR,ERR,ERR,ERR,ERR,ERR,ERR,ERR,ERR,ERR,ERR,ERR,ERR,ERR,ERR,ERR,ERR,ERR,ERR,ERR,ERR,ERR,ERR,ERR,ERR,ERR,ERR,ERR,ERR,ERR,ERR,ERR,ERR,ERR,ERR,ERR,ERR,ERR,ERR,ERR,ERR,ERR,ERR,ERR,ERR,ERR,ERR,ERR,ERR,ERR,ERR,ERR,ERR,ERR,ERR,ERR,ERR,ERR,ERR,ERR,ERR,ERR,ERR,ERR,ERR,ERR,ERR,ERR,ERR,ERR,ERR,ERR,ERR,ERR,ERR,ERR,ERR,ERR,ERR,ERR,ERR,ERR,ERR,ERR,ERR,ERR,ERR,ERR,ERR,ERR,ERR,ERR,ERR,ERR,ERR,ERR,ERR,ERR,ERR,ERR,ERR,ERR,ERR,ERR,ERR,ERR,ERR,ERR,ERR,ERR,ERR,0.0,-107615328.0,0.0,0.0,0.0,1.3936040501711995e+18,7.805,0.0,0,0,4,0,7300,-0.0,0,0.0,0.0,0.0,0.0,0.0,0,0,0,0,0.0,0,0,0,0,0,0,0,0,0,0,0,0,0,0,0,0,0,0,0,0,0,0,0,0,0,0,0,0,0,0,0,0,0,32,30,30,62,65476,0,300,0,0,8,21553,0.0,-107605600.0,0.0,0.0,0.0,0.0,0.0,0.0,0.0,0.0,0.0,0.0,0.0,0.0,0.0,0.0,0.0,0.0,0.0,0.0,0.0,0.0,2.004,0.0,-0.0,-2.004,0.0,0.0,0.0,0.0,5378.0,-1.587931619850188e+29,6974.0,0.0,-107615328.0,-107615280.0,-0.0,0.0,0.0,0.0,0.0,63,71.63,1.905688671546245e+17,0.0,0.0,0.0,0.0,0.0,0.0,0.0,0,0,0,0.0,0.0,0.0,0.0,0.0,0.0,0.0,0.0,0.0,0.0,0.0,0.0,0.0,0.0,0.0,0.0,0,-107875648.0,63,0.0,126,2.7184242562605685e+23,-0.0,ERR,ERR,ERR,ERR,ERR,ERR,ERR,ERR,ERR,ERR,ERR,ERR,ERR,ERR,ERR,ERR,ERR,ERR,ERR,ERR,ERR,ERR,ERR,ERR,ERR,ERR,ERR,ERR,ERR,ERR,ERR,ERR,ERR,ERR,ERR,ERR,ERR,ERR,ERR,ERR,ERR,ERR,ERR,ERR,ERR,ERR,ERR,ERR,ERR,ERR,ERR,ERR,ERR,ERR,ERR,ERR,ERR,ERR,ERR,ERR,ERR,ERR,ERR,ERR,ERR,ERR,ERR,34.0,80.0,35,0.0,0.0,0.0,0.0,0.0,0.0,0.0,0.0,0.0,0.0,0.0,0.0,0.0,0.0,0.0,0.0,64.4,0,116,56,50,65476,0,300,0,0,8,20529,65476,0,0,57672,80.0,0.0,0.0,0.0,0.0,0.0
2026-06-17T04:31:30,ERR,ERR,ERR,ERR,ERR,ERR,ERR,ERR,ERR,ERR,ERR,ERR,ERR,ERR,ERR,ERR,ERR,ERR,ERR,ERR,ERR,ERR,ERR,ERR,ERR,ERR,ERR,ERR,ERR,ERR,ERR,ERR,ERR,ERR,ERR,ERR,ERR,ERR,ERR,ERR,ERR,ERR,ERR,ERR,ERR,ERR,ERR,ERR,ERR,ERR,ERR,ERR,ERR,ERR,ERR,ERR,ERR,ERR,ERR,ERR,ERR,ERR,ERR,ERR,ERR,ERR,ERR,ERR,ERR,ERR,ERR,ERR,ERR,ERR,ERR,ERR,ERR,ERR,ERR,ERR,ERR,ERR,ERR,ERR,ERR,ERR,ERR,ERR,ERR,ERR,ERR,ERR,ERR,ERR,ERR,ERR,ERR,ERR,ERR,ERR,ERR,ERR,ERR,ERR,ERR,ERR,ERR,ERR,ERR,ERR,ERR,ERR,ERR,ERR,ERR,ERR,ERR,ERR,ERR,ERR,ERR,ERR,ERR,ERR,ERR,0.0,-107615328.0,0.0,0.0,0.0,1.3936040501711995e+18,7.805,0.0,0,0,4,0,7300,-0.0,0,0.0,0.0,0.0,0.0,0.0,0,0,0,0,0.0,0,0,0,0,0,0,0,0,0,0,0,0,0,0,0,0,0,0,0,0,0,0,0,0,0,0,0,0,0,0,0,0,0,32,30,30,62,65476,0,300,0,0,8,21553,0.0,-107605600.0,0.0,0.0,0.0,0.0,0.0,0.0,0.0,0.0,0.0,0.0,0.0,0.0,0.0,0.0,0.0,0.0,0.0,0.0,0.0,0.0,2.004,0.0,-0.0,-2.004,0.0,0.0,0.0,0.0,5378.0,-1.587931619850188e+29,6974.0,0.0,-107615328.0,-107615280.0,-0.0,0.0,0.0,0.0,0.0,63,71.63,1.905688671546245e+17,0.0,0.0,0.0,0.0,0.0,0.0,0.0,0,0,0,0.0,0.0,0.0,0.0,0.0,0.0,0.0,0.0,0.0,0.0,0.0,0.0,0.0,0.0,0.0,0.0,0,-107875648.0,63,0.0,126,2.7184242562605685e+23,-0.0,ERR,ERR,ERR,ERR,ERR,ERR,ERR,ERR,ERR,ERR,ERR,ERR,ERR,ERR,ERR,ERR,ERR,ERR,ERR,ERR,ERR,ERR,ERR,ERR,ERR,ERR,ERR,ERR,ERR,ERR,ERR,ERR,ERR,ERR,ERR,ERR,ERR,ERR,ERR,ERR,ERR,ERR,ERR,ERR,ERR,ERR,ERR,ERR,ERR,ERR,ERR,ERR,ERR,ERR,ERR,ERR,ERR,ERR,ERR,ERR,ERR,ERR,ERR,ERR,ERR,ERR,ERR,34.0,80.0,35,0.0,0.0,0.0,0.0,0.0,0.0,0.0,0.0,0.0,0.0,0.0,0.0,0.0,0.0,0.0,0.0,64.4,0,116,56,50,65476,0,300,0,0,8,20529,65476,0,0,57672,80.0,0.0,0.0,0.0,0.0,0.0
2026-06-17T04:31:31,ERR,ERR,ERR,ERR,ERR,ERR,ERR,ERR,ERR,ERR,ERR,ERR,ERR,ERR,ERR,ERR,ERR,ERR,ERR,ERR,ERR,ERR,ERR,ERR,ERR,ERR,ERR,ERR,ERR,ERR,ERR,ERR,ERR,ERR,ERR,ERR,ERR,ERR,ERR,ERR,ERR,ERR,ERR,ERR,ERR,ERR,ERR,ERR,ERR,ERR,ERR,ERR,ERR,ERR,ERR,ERR,ERR,ERR,ERR,ERR,ERR,ERR,ERR,ERR,ERR,ERR,ERR,ERR,ERR,ERR,ERR,ERR,ERR,ERR,ERR,ERR,ERR,ERR,ERR,ERR,ERR,ERR,ERR,ERR,ERR,ERR,ERR,ERR,ERR,ERR,ERR,ERR,ERR,ERR,ERR,ERR,ERR,ERR,ERR,ERR,ERR,ERR,ERR,ERR,ERR,ERR,ERR,ERR,ERR,ERR,ERR,ERR,ERR,ERR,ERR,ERR,ERR,ERR,ERR,ERR,ERR,ERR,ERR,ERR,ERR,0.0,-0.0,3.028208139652935e+23,0.0,0.0,1.3936040501711995e+18,7.805,0.0,0,0,4,0,7300,-0.0,0,0.0,0.0,0.0,0.0,0.0,0,0,0,0,0.0,0,0,0,0,0,0,0,0,0,0,0,0,0,0,0,0,0,0,0,0,0,0,0,0,0,0,0,0,0,0,0,0,0,32,30,30,62,65476,0,300,0,0,8,21553,0.0,-107605600.0,0.0,0.0,0.0,0.0,0.0,0.0,0.0,0.0,0.0,0.0,0.0,0.0,0.0,0.0,0.0,0.0,0.0,0.0,0.0,0.0,2.004,0.0,-0.0,-2.004,0.0,0.0,0.0,0.0,5409.0,0.0,6945.0,0.0,-107615328.0,-107615280.0,-0.0,0.0,0.0,0.0,0.0,63,0.0,2.7184202930928964e+23,0.0,0.0,0.0,0.0,0.0,0.0,0.0,0,0,0,0.0,0.0,0.0,0.0,0.0,0.0,0.0,0.0,0.0,0.0,0.0,0.0,0.0,0.0,0.0,0.0,0,-107875648.0,63,0.0,126,2.7184242562605685e+23,-0.0,ERR,ERR,ERR,ERR,ERR,ERR,ERR,ERR,ERR,ERR,ERR,ERR,ERR,ERR,ERR,ERR,ERR,ERR,ERR,ERR,ERR,ERR,ERR,ERR,ERR,ERR,ERR,ERR,ERR,ERR,ERR,ERR,ERR,ERR,ERR,ERR,ERR,ERR,ERR,ERR,ERR,ERR,ERR,ERR,ERR,ERR,ERR,ERR,ERR,ERR,ERR,ERR,ERR,ERR,ERR,ERR,ERR,ERR,ERR,ERR,ERR,ERR,ERR,ERR,ERR,ERR,ERR,34.0,80.0,35,0.0,0.0,0.0,0.0,0.0,0.0,0.0,0.0,0.0,0.0,0.0,0.0,0.0,0.0,0.0,0.0,64.4,0,116,56,50,65476,0,300,0,0,8,20529,65476,0,0,57672,80.0,0.0,0.0,0.0,0.0,0.0
2026-06-17T04:31:32,ERR,ERR,ERR,ERR,ERR,ERR,ERR,ERR,ERR,ERR,ERR,ERR,ERR,ERR,ERR,ERR,ERR,ERR,ERR,ERR,ERR,ERR,ERR,ERR,ERR,ERR,ERR,ERR,ERR,ERR,ERR,ERR,ERR,ERR,ERR,ERR,ERR,ERR,ERR,ERR,ERR,ERR,ERR,ERR,ERR,ERR,ERR,ERR,ERR,ERR,ERR,ERR,ERR,ERR,ERR,ERR,ERR,ERR,ERR,ERR,ERR,ERR,ERR,ERR,ERR,ERR,ERR,ERR,ERR,ERR,ERR,ERR,ERR,ERR,ERR,ERR,ERR,ERR,ERR,ERR,ERR,ERR,ERR,ERR,ERR,ERR,ERR,ERR,ERR,ERR,ERR,ERR,ERR,ERR,ERR,ERR,ERR,ERR,ERR,ERR,ERR,ERR,ERR,ERR,ERR,ERR,ERR,ERR,ERR,ERR,ERR,ERR,ERR,ERR,ERR,ERR,ERR,ERR,ERR,ERR,ERR,ERR,ERR,ERR,ERR,0.0,-0.0,3.028208139652935e+23,0.0,0.0,1.3936040501711995e+18,7.805,0.0,0,0,4,0,7300,-0.0,0,0.0,0.0,0.0,0.0,0.0,0,0,0,0,0.0,0,0,0,0,0,0,0,0,0,0,0,0,0,0,0,0,0,0,0,0,0,0,0,0,0,0,0,0,0,0,0,0,0,32,30,30,62,65476,0,300,0,0,8,21553,0.0,-107605600.0,0.0,0.0,0.0,0.0,0.0,0.0,0.0,0.0,0.0,0.0,0.0,0.0,0.0,0.0,0.0,0.0,0.0,0.0,0.0,0.0,2.004,0.0,-0.0,-2.004,0.0,0.0,0.0,0.0,5409.0,0.0,6945.0,0.0,-107615328.0,-107615280.0,-0.0,0.0,0.0,0.0,0.0,63,0.0,2.7184202930928964e+23,0.0,0.0,0.0,0.0,0.0,0.0,0.0,0,0,0,0.0,0.0,0.0,0.0,0.0,0.0,0.0,0.0,0.0,0.0,0.0,0.0,0.0,0.0,0.0,0.0,0,-107875648.0,63,0.0,126,2.7184242562605685e+23,-0.0,ERR,ERR,ERR,ERR,ERR,ERR,ERR,ERR,ERR,ERR,ERR,ERR,ERR,ERR,ERR,ERR,ERR,ERR,ERR,ERR,ERR,ERR,ERR,ERR,ERR,ERR,ERR,ERR,ERR,ERR,ERR,ERR,ERR,ERR,ERR,ERR,ERR,ERR,ERR,ERR,ERR,ERR,ERR,ERR,ERR,ERR,ERR,ERR,ERR,ERR,ERR,ERR,ERR,ERR,ERR,ERR,ERR,ERR,ERR,ERR,ERR,ERR,ERR,ERR,ERR,ERR,ERR,34.0,80.0,35,0.0,0.0,0.0,0.0,0.0,0.0,0.0,0.0,0.0,0.0,0.0,0.0,0.0,0.0,0.0,0.0,64.8,0,116,56,50,65476,0,300,0,0,8,20529,65476,0,0,57672,80.0,0.0,0.0,0.0,0.0,0.0
2026-06-17T04:31:33,ERR,ERR,ERR,ERR,ERR,ERR,ERR,ERR,ERR,ERR,ERR,ERR,ERR,ERR,ERR,ERR,ERR,ERR,ERR,ERR,ERR,ERR,ERR,ERR,ERR,ERR,ERR,ERR,ERR,ERR,ERR,ERR,ERR,ERR,ERR,ERR,ERR,ERR,ERR,ERR,ERR,ERR,ERR,ERR,ERR,ERR,ERR,ERR,ERR,ERR,ERR,ERR,ERR,ERR,ERR,ERR,ERR,ERR,ERR,ERR,ERR,ERR,ERR,ERR,ERR,ERR,ERR,ERR,ERR,ERR,ERR,ERR,ERR,ERR,ERR,ERR,ERR,ERR,ERR,ERR,ERR,ERR,ERR,ERR,ERR,ERR,ERR,ERR,ERR,ERR,ERR,ERR,ERR,ERR,ERR,ERR,ERR,ERR,ERR,ERR,ERR,ERR,ERR,ERR,ERR,ERR,ERR,ERR,ERR,ERR,ERR,ERR,ERR,ERR,ERR,ERR,ERR,ERR,ERR,ERR,ERR,ERR,ERR,ERR,ERR,0.0,-0.0,3.028208139652935e+23,0.0,0.0,1.3936040501711995e+18,7.805,0.0,0,0,4,0,7300,-0.0,0,0.0,0.0,0.0,0.0,0.0,0,0,0,0,0.0,0,0,0,0,0,0,0,0,0,0,0,0,0,0,0,0,0,0,0,0,0,0,0,0,0,0,0,0,0,0,0,0,0,32,30,30,62,65476,0,300,0,0,8,21553,0.0,-107605600.0,0.0,0.0,0.0,0.0,0.0,0.0,0.0,0.0,0.0,0.0,0.0,0.0,0.0,0.0,0.0,0.0,0.0,0.0,0.0,0.0,2.004,0.0,-0.0,-2.004,0.0,0.0,0.0,0.0,5409.0,0.0,6945.0,0.0,-107615328.0,-107615280.0,-0.0,0.0,0.0,0.0,0.0,63,0.0,2.7184202930928964e+23,0.0,0.0,0.0,0.0,0.0,0.0,0.0,0,0,0,0.0,0.0,0.0,0.0,0.0,0.0,0.0,0.0,0.0,0.0,0.0,0.0,0.0,0.0,0.0,0.0,0,-107875648.0,63,0.0,126,2.7184242562605685e+23,-0.0,ERR,ERR,ERR,ERR,ERR,ERR,ERR,ERR,ERR,ERR,ERR,ERR,ERR,ERR,ERR,ERR,ERR,ERR,ERR,ERR,ERR,ERR,ERR,ERR,ERR,ERR,ERR,ERR,ERR,ERR,ERR,ERR,ERR,ERR,ERR,ERR,ERR,ERR,ERR,ERR,ERR,ERR,ERR,ERR,ERR,ERR,ERR,ERR,ERR,ERR,ERR,ERR,ERR,ERR,ERR,ERR,ERR,ERR,ERR,ERR,ERR,ERR,ERR,ERR,ERR,ERR,ERR,34.0,80.0,35,0.0,0.0,0.0,0.0,0.0,0.0,0.0,0.0,0.0,0.0,0.0,0.0,0.0,0.0,0.0,0.0,64.8,0,116,56,50,65476,0,300,0,0,8,20529,65476,0,0,57672,80.0,0.0,0.0,0.0,0.0,0.0
2026-06-17T04:31:34,ERR,ERR,ERR,ERR,ERR,ERR,ERR,ERR,ERR,ERR,ERR,ERR,ERR,ERR,ERR,ERR,ERR,ERR,ERR,ERR,ERR,ERR,ERR,ERR,ERR,ERR,ERR,ERR,ERR,ERR,ERR,ERR,ERR,ERR,ERR,ERR,ERR,ERR,ERR,ERR,ERR,ERR,ERR,ERR,ERR,ERR,ERR,ERR,ERR,ERR,ERR,ERR,ERR,ERR,ERR,ERR,ERR,ERR,ERR,ERR,ERR,ERR,ERR,ERR,ERR,ERR,ERR,ERR,ERR,ERR,ERR,ERR,ERR,ERR,ERR,ERR,ERR,ERR,ERR,ERR,ERR,ERR,ERR,ERR,ERR,ERR,ERR,ERR,ERR,ERR,ERR,ERR,ERR,ERR,ERR,ERR,ERR,ERR,ERR,ERR,ERR,ERR,ERR,ERR,ERR,ERR,ERR,ERR,ERR,ERR,ERR,ERR,ERR,ERR,ERR,ERR,ERR,ERR,ERR,ERR,ERR,ERR,ERR,ERR,ERR,0.0,-0.0,3.028208139652935e+23,0.0,0.0,1.3936040501711995e+18,7.805,0.0,0,0,4,0,7300,-0.0,0,0.0,0.0,0.0,0.0,0.0,0,0,0,0,0.0,0,0,0,0,0,0,0,0,0,0,0,0,0,0,0,0,0,0,0,0,0,0,0,0,0,0,0,0,0,0,0,0,0,32,30,30,62,65476,0,300,0,0,8,21553,0.0,-107605600.0,0.0,0.0,0.0,0.0,0.0,0.0,0.0,0.0,0.0,0.0,0.0,0.0,0.0,0.0,0.0,0.0,0.0,0.0,0.0,0.0,2.004,0.0,-0.0,-2.004,0.0,0.0,0.0,0.0,5409.0,0.0,6945.0,0.0,-107615328.0,-107615280.0,-0.0,0.0,0.0,0.0,0.0,63,0.0,2.7184202930928964e+23,0.0,0.0,0.0,0.0,0.0,0.0,0.0,0,0,0,0.0,0.0,0.0,0.0,0.0,0.0,0.0,0.0,0.0,0.0,0.0,0.0,0.0,0.0,0.0,0.0,0,-107875648.0,63,0.0,126,2.7184242562605685e+23,-0.0,ERR,ERR,ERR,ERR,ERR,ERR,ERR,ERR,ERR,ERR,ERR,ERR,ERR,ERR,ERR,ERR,ERR,ERR,ERR,ERR,ERR,ERR,ERR,ERR,ERR,ERR,ERR,ERR,ERR,ERR,ERR,ERR,ERR,ERR,ERR,ERR,ERR,ERR,ERR,ERR,ERR,ERR,ERR,ERR,ERR,ERR,ERR,ERR,ERR,ERR,ERR,ERR,ERR,ERR,ERR,ERR,ERR,ERR,ERR,ERR,ERR,ERR,ERR,ERR,ERR,ERR,ERR,34.0,80.0,35,0.0,0.0,0.0,0.0,0.0,0.0,0.0,0.0,0.0,0.0,0.0,0.0,0.0,0.0,0.0,0.0,64.8,0,116,56,50,65476,0,300,0,0,8,20529,65476,0,0,57672,80.0,0.0,0.0,0.0,0.0,0.0
2026-06-17T04:31:35,ERR,ERR,ERR,ERR,ERR,ERR,ERR,ERR,ERR,ERR,ERR,ERR,ERR,ERR,ERR,ERR,ERR,ERR,ERR,ERR,ERR,ERR,ERR,ERR,ERR,ERR,ERR,ERR,ERR,ERR,ERR,ERR,ERR,ERR,ERR,ERR,ERR,ERR,ERR,ERR,ERR,ERR,ERR,ERR,ERR,ERR,ERR,ERR,ERR,ERR,ERR,ERR,ERR,ERR,ERR,ERR,ERR,ERR,ERR,ERR,ERR,ERR,ERR,ERR,ERR,ERR,ERR,ERR,ERR,ERR,ERR,ERR,ERR,ERR,ERR,ERR,ERR,ERR,ERR,ERR,ERR,ERR,ERR,ERR,ERR,ERR,ERR,ERR,ERR,ERR,ERR,ERR,ERR,ERR,ERR,ERR,ERR,ERR,ERR,ERR,ERR,ERR,ERR,ERR,ERR,ERR,ERR,ERR,ERR,ERR,ERR,ERR,ERR,ERR,ERR,ERR,ERR,ERR,ERR,ERR,ERR,ERR,ERR,ERR,ERR,0.0,-0.0,3.028208139652935e+23,0.0,0.0,1.3936040501711995e+18,7.805,0.0,0,0,4,0,7300,-0.0,0,0.0,0.0,0.0,0.0,0.0,0,0,0,0,0.0,0,0,0,0,0,0,0,0,0,0,0,0,0,0,0,0,0,0,0,0,0,0,0,0,0,0,0,0,0,0,0,0,0,32,30,30,62,65476,0,300,0,0,8,21553,0.0,-107605600.0,0.0,0.0,0.0,0.0,0.0,0.0,0.0,0.0,0.0,0.0,0.0,0.0,0.0,0.0,0.0,0.0,0.0,0.0,0.0,0.0,2.004,0.0,-0.0,-2.004,0.0,0.0,0.0,0.0,5409.0,0.0,6945.0,0.0,-107615328.0,-107615280.0,-0.0,0.0,0.0,0.0,0.0,63,0.0,2.7184202930928964e+23,0.0,0.0,0.0,0.0,0.0,0.0,0.0,0,0,0,0.0,0.0,0.0,0.0,0.0,0.0,0.0,0.0,0.0,0.0,0.0,0.0,0.0,0.0,0.0,0.0,0,-107875648.0,63,0.0,126,2.7184242562605685e+23,-0.0,ERR,ERR,ERR,ERR,ERR,ERR,ERR,ERR,ERR,ERR,ERR,ERR,ERR,ERR,ERR,ERR,ERR,ERR,ERR,ERR,ERR,ERR,ERR,ERR,ERR,ERR,ERR,ERR,ERR,ERR,ERR,ERR,ERR,ERR,ERR,ERR,ERR,ERR,ERR,ERR,ERR,ERR,ERR,ERR,ERR,ERR,ERR,ERR,ERR,ERR,ERR,ERR,ERR,ERR,ERR,ERR,ERR,ERR,ERR,ERR,ERR,ERR,ERR,ERR,ERR,ERR,ERR,34.0,80.0,35,0.0,0.0,0.0,0.0,0.0,0.0,0.0,0.0,0.0,0.0,0.0,0.0,0.0,0.0,0.0,0.0,64.8,0,116,56,50,65476,0,300,0,0,8,20529,65476,0,0,57672,80.0,0.0,0.0,0.0,0.0,0.0
2026-06-17T04:31:36,ERR,ERR,ERR,ERR,ERR,ERR,ERR,ERR,ERR,ERR,ERR,ERR,ERR,ERR,ERR,ERR,ERR,ERR,ERR,ERR,ERR,ERR,ERR,ERR,ERR,ERR,ERR,ERR,ERR,ERR,ERR,ERR,ERR,ERR,ERR,ERR,ERR,ERR,ERR,ERR,ERR,ERR,ERR,ERR,ERR,ERR,ERR,ERR,ERR,ERR,ERR,ERR,ERR,ERR,ERR,ERR,ERR,ERR,ERR,ERR,ERR,ERR,ERR,ERR,ERR,ERR,ERR,ERR,ERR,ERR,ERR,ERR,ERR,ERR,ERR,ERR,ERR,ERR,ERR,ERR,ERR,ERR,ERR,ERR,ERR,ERR,ERR,ERR,ERR,ERR,ERR,ERR,ERR,ERR,ERR,ERR,ERR,ERR,ERR,ERR,ERR,ERR,ERR,ERR,ERR,ERR,ERR,ERR,ERR,ERR,ERR,ERR,ERR,ERR,ERR,ERR,ERR,ERR,ERR,ERR,ERR,ERR,ERR,ERR,ERR,0.0,-107615328.0,0.0,0.0,0.0,1.3936040501711995e+18,7.805,0.0,0,0,4,0,7300,-0.0,0,0.0,0.0,0.0,0.0,0.0,0,0,0,0,0.0,0,0,0,0,0,0,0,0,0,0,0,0,0,0,0,0,0,0,0,0,0,0,0,0,0,0,0,0,0,0,0,0,0,32,30,30,62,65476,0,300,0,0,8,21553,0.0,-107605600.0,0.0,0.0,0.0,0.0,0.0,0.0,0.0,0.0,0.0,0.0,0.0,0.0,0.0,0.0,0.0,0.0,0.0,0.0,0.0,0.0,2.004,-2.004,-0.0,-2.004,0.0,0.0,0.0,0.0,5377.0,-1.587931619850188e+29,6974.0,0.0,-107615328.0,-107615280.0,-0.0,0.0,0.0,0.0,0.0,63,71.63,0.059,0.0,0.0,0.0,0.0,0.0,0.0,0.0,0,0,0,0.0,0.0,0.0,0.0,0.0,0.0,0.0,0.0,0.0,0.0,0.0,0.0,0.0,0.0,0.0,0.0,0,-107875648.0,63,0.0,126,2.7184242562605685e+23,-0.0,ERR,ERR,ERR,ERR,ERR,ERR,ERR,ERR,ERR,ERR,ERR,ERR,ERR,ERR,ERR,ERR,ERR,ERR,ERR,ERR,ERR,ERR,ERR,ERR,ERR,ERR,ERR,ERR,ERR,ERR,ERR,ERR,ERR,ERR,ERR,ERR,ERR,ERR,ERR,ERR,ERR,ERR,ERR,ERR,ERR,ERR,ERR,ERR,ERR,ERR,ERR,ERR,ERR,ERR,ERR,ERR,ERR,ERR,ERR,ERR,ERR,ERR,ERR,ERR,ERR,ERR,ERR,34.0,80.0,35,0.0,0.0,0.0,0.0,0.0,0.0,0.0,0.0,0.0,0.0,0.0,0.0,0.0,0.0,0.0,0.0,64.4,0,116,56,50,65476,0,300,0,0,8,20529,65476,0,0,57672,80.0,0.0,0.0,0.0,0.0,0.0
2026-06-17T04:31:37,ERR,ERR,ERR,ERR,ERR,ERR,ERR,ERR,ERR,ERR,ERR,ERR,ERR,ERR,ERR,ERR,ERR,ERR,ERR,ERR,ERR,ERR,ERR,ERR,ERR,ERR,ERR,ERR,ERR,ERR,ERR,ERR,ERR,ERR,ERR,ERR,ERR,ERR,ERR,ERR,ERR,ERR,ERR,ERR,ERR,ERR,ERR,ERR,ERR,ERR,ERR,ERR,ERR,ERR,ERR,ERR,ERR,ERR,ERR,ERR,ERR,ERR,ERR,ERR,ERR,ERR,ERR,ERR,ERR,ERR,ERR,ERR,ERR,ERR,ERR,ERR,ERR,ERR,ERR,ERR,ERR,ERR,ERR,ERR,ERR,ERR,ERR,ERR,ERR,ERR,ERR,ERR,ERR,ERR,ERR,ERR,ERR,ERR,ERR,ERR,ERR,ERR,ERR,ERR,ERR,ERR,ERR,ERR,ERR,ERR,ERR,ERR,ERR,ERR,ERR,ERR,ERR,ERR,ERR,ERR,ERR,ERR,ERR,ERR,ERR,0.0,-107615328.0,0.0,0.0,0.0,1.3936040501711995e+18,7.805,0.0,0,0,4,0,7300,-0.0,0,0.0,0.0,0.0,0.0,0.0,0,0,0,0,0.0,0,0,0,0,0,0,0,0,0,0,0,0,0,0,0,0,0,0,0,0,0,0,0,0,0,0,0,0,0,0,0,0,0,32,30,30,62,65476,0,300,0,0,8,21553,0.0,-107605600.0,0.0,0.0,0.0,0.0,0.0,0.0,0.0,0.0,0.0,0.0,0.0,0.0,0.0,0.0,0.0,0.0,0.0,0.0,0.0,0.0,2.004,-2.004,-0.0,-2.004,0.0,0.0,0.0,0.0,5377.0,-1.587931619850188e+29,6974.0,0.0,-107615328.0,-107615280.0,-0.0,0.0,0.0,0.0,0.0,63,71.63,0.059,0.0,0.0,0.0,0.0,0.0,0.0,0.0,0,0,0,0.0,0.0,0.0,0.0,0.0,0.0,0.0,0.0,0.0,0.0,0.0,0.0,0.0,0.0,0.0,0.0,0,-107875648.0,63,0.0,126,2.7184242562605685e+23,-0.0,ERR,ERR,ERR,ERR,ERR,ERR,ERR,ERR,ERR,ERR,ERR,ERR,ERR,ERR,ERR,ERR,ERR,ERR,ERR,ERR,ERR,ERR,ERR,ERR,ERR,ERR,ERR,ERR,ERR,ERR,ERR,ERR,ERR,ERR,ERR,ERR,ERR,ERR,ERR,ERR,ERR,ERR,ERR,ERR,ERR,ERR,ERR,ERR,ERR,ERR,ERR,ERR,ERR,ERR,ERR,ERR,ERR,ERR,ERR,ERR,ERR,ERR,ERR,ERR,ERR,ERR,ERR,34.0,80.0,35,0.0,0.0,0.0,0.0,0.0,0.0,0.0,0.0,0.0,0.0,0.0,0.0,0.0,0.0,0.0,0.0,64.4,0,116,56,50,65476,0,300,0,0,8,20529,65476,0,0,57672,80.0,0.0,0.0,0.0,0.0,0.0
2026-06-17T04:31:38,ERR,ERR,ERR,ERR,ERR,ERR,ERR,ERR,ERR,ERR,ERR,ERR,ERR,ERR,ERR,ERR,ERR,ERR,ERR,ERR,ERR,ERR,ERR,ERR,ERR,ERR,ERR,ERR,ERR,ERR,ERR,ERR,ERR,ERR,ERR,ERR,ERR,ERR,ERR,ERR,ERR,ERR,ERR,ERR,ERR,ERR,ERR,ERR,ERR,ERR,ERR,ERR,ERR,ERR,ERR,ERR,ERR,ERR,ERR,ERR,ERR,ERR,ERR,ERR,ERR,ERR,ERR,ERR,ERR,ERR,ERR,ERR,ERR,ERR,ERR,ERR,ERR,ERR,ERR,ERR,ERR,ERR,ERR,ERR,ERR,ERR,ERR,ERR,ERR,ERR,ERR,ERR,ERR,ERR,ERR,ERR,ERR,ERR,ERR,ERR,ERR,ERR,ERR,ERR,ERR,ERR,ERR,ERR,ERR,ERR,ERR,ERR,ERR,ERR,ERR,ERR,ERR,ERR,ERR,ERR,ERR,ERR,ERR,ERR,ERR,0.0,-107615328.0,0.0,0.0,0.0,1.3936040501711995e+18,7.805,0.0,0,0,4,0,7300,-0.0,0,0.0,0.0,0.0,0.0,0.0,0,0,0,0,0.0,0,0,0,0,0,0,0,0,0,0,0,0,0,0,0,0,0,0,0,0,0,0,0,0,0,0,0,0,0,0,0,0,0,32,30,30,62,65476,0,300,0,0,8,21553,0.0,-107605600.0,0.0,0.0,0.0,0.0,0.0,0.0,0.0,0.0,0.0,0.0,0.0,0.0,0.0,0.0,0.0,0.0,0.0,0.0,0.0,0.0,2.004,-2.004,-0.0,-2.004,0.0,0.0,0.0,0.0,5377.0,-1.587931619850188e+29,6974.0,0.0,-107615328.0,-107615280.0,-0.0,0.0,0.0,0.0,0.0,63,71.63,0.059,0.0,0.0,0.0,0.0,0.0,0.0,0.0,0,0,0,0.0,0.0,0.0,0.0,0.0,0.0,0.0,0.0,0.0,0.0,0.0,0.0,0.0,0.0,0.0,0.0,0,-107875648.0,63,0.0,126,2.7184242562605685e+23,-0.0,ERR,ERR,ERR,ERR,ERR,ERR,ERR,ERR,ERR,ERR,ERR,ERR,ERR,ERR,ERR,ERR,ERR,ERR,ERR,ERR,ERR,ERR,ERR,ERR,ERR,ERR,ERR,ERR,ERR,ERR,ERR,ERR,ERR,ERR,ERR,ERR,ERR,ERR,ERR,ERR,ERR,ERR,ERR,ERR,ERR,ERR,ERR,ERR,ERR,ERR,ERR,ERR,ERR,ERR,ERR,ERR,ERR,ERR,ERR,ERR,ERR,ERR,ERR,ERR,ERR,ERR,ERR,34.0,80.0,35,0.0,0.0,0.0,0.0,0.0,0.0,0.0,0.0,0.0,0.0,0.0,0.0,0.0,0.0,0.0,0.0,64.8,0,116,56,50,65476,0,300,0,0,8,20529,65476,0,0,57672,80.0,0.0,0.0,0.0,0.0,0.0
2026-06-17T04:31:39,ERR,ERR,ERR,ERR,ERR,ERR,ERR,ERR,ERR,ERR,ERR,ERR,ERR,ERR,ERR,ERR,ERR,ERR,ERR,ERR,ERR,ERR,ERR,ERR,ERR,ERR,ERR,ERR,ERR,ERR,ERR,ERR,ERR,ERR,ERR,ERR,ERR,ERR,ERR,ERR,ERR,ERR,ERR,ERR,ERR,ERR,ERR,ERR,ERR,ERR,ERR,ERR,ERR,ERR,ERR,ERR,ERR,ERR,ERR,ERR,ERR,ERR,ERR,ERR,ERR,ERR,ERR,ERR,ERR,ERR,ERR,ERR,ERR,ERR,ERR,ERR,ERR,ERR,ERR,ERR,ERR,ERR,ERR,ERR,ERR,ERR,ERR,ERR,ERR,ERR,ERR,ERR,ERR,ERR,ERR,ERR,ERR,ERR,ERR,ERR,ERR,ERR,ERR,ERR,ERR,ERR,ERR,ERR,ERR,ERR,ERR,ERR,ERR,ERR,ERR,ERR,ERR,ERR,ERR,ERR,ERR,ERR,ERR,ERR,ERR,0.0,-107615328.0,0.0,0.0,0.0,1.3936040501711995e+18,7.805,0.0,0,0,4,0,7300,-0.0,0,0.0,0.0,0.0,0.0,0.0,0,0,0,0,0.0,0,0,0,0,0,0,0,0,0,0,0,0,0,0,0,0,0,0,0,0,0,0,0,0,0,0,0,0,0,0,0,0,0,32,30,30,62,65476,0,300,0,0,8,21553,0.0,-107605600.0,0.0,0.0,0.0,0.0,0.0,0.0,0.0,0.0,0.0,0.0,0.0,0.0,0.0,0.0,0.0,0.0,0.0,0.0,0.0,0.0,2.004,-2.004,-0.0,-2.004,0.0,0.0,0.0,0.0,5377.0,-1.587931619850188e+29,6974.0,0.0,-107615328.0,-107615280.0,-0.0,0.0,0.0,0.0,0.0,63,71.63,0.059,0.0,0.0,0.0,0.0,0.0,0.0,0.0,0,0,0,0.0,0.0,0.0,0.0,0.0,0.0,0.0,0.0,0.0,0.0,0.0,0.0,0.0,0.0,0.0,0.0,0,-107875648.0,63,0.0,126,2.7184242562605685e+23,-0.0,ERR,ERR,ERR,ERR,ERR,ERR,ERR,ERR,ERR,ERR,ERR,ERR,ERR,ERR,ERR,ERR,ERR,ERR,ERR,ERR,ERR,ERR,ERR,ERR,ERR,ERR,ERR,ERR,ERR,ERR,ERR,ERR,ERR,ERR,ERR,ERR,ERR,ERR,ERR,ERR,ERR,ERR,ERR,ERR,ERR,ERR,ERR,ERR,ERR,ERR,ERR,ERR,ERR,ERR,ERR,ERR,ERR,ERR,ERR,ERR,ERR,ERR,ERR,ERR,ERR,ERR,ERR,34.0,80.0,35,0.0,0.0,0.0,0.0,0.0,0.0,0.0,0.0,0.0,0.0,0.0,0.0,0.0,0.0,0.0,0.0,64.4,0,116,56,50,65476,0,300,0,0,8,20529,65476,0,0,57672,80.0,0.0,0.0,0.0,0.0,0.0
2026-06-17T04:31:40,ERR,ERR,ERR,ERR,ERR,ERR,ERR,ERR,ERR,ERR,ERR,ERR,ERR,ERR,ERR,ERR,ERR,ERR,ERR,ERR,ERR,ERR,ERR,ERR,ERR,ERR,ERR,ERR,ERR,ERR,ERR,ERR,ERR,ERR,ERR,ERR,ERR,ERR,ERR,ERR,ERR,ERR,ERR,ERR,ERR,ERR,ERR,ERR,ERR,ERR,ERR,ERR,ERR,ERR,ERR,ERR,ERR,ERR,ERR,ERR,ERR,ERR,ERR,ERR,ERR,ERR,ERR,ERR,ERR,ERR,ERR,ERR,ERR,ERR,ERR,ERR,ERR,ERR,ERR,ERR,ERR,ERR,ERR,ERR,ERR,ERR,ERR,ERR,ERR,ERR,ERR,ERR,ERR,ERR,ERR,ERR,ERR,ERR,ERR,ERR,ERR,ERR,ERR,ERR,ERR,ERR,ERR,ERR,ERR,ERR,ERR,ERR,ERR,ERR,ERR,ERR,ERR,ERR,ERR,ERR,ERR,ERR,ERR,ERR,ERR,0.0,-107615328.0,0.0,0.0,0.0,1.3936040501711995e+18,7.805,0.0,0,0,4,0,7300,-0.0,0,0.0,0.0,0.0,0.0,0.0,0,0,0,0,0.0,0,0,0,0,0,0,0,0,0,0,0,0,0,0,0,0,0,0,0,0,0,0,0,0,0,0,0,0,0,0,0,0,0,32,30,30,62,65476,0,300,0,0,8,21553,0.0,-107605600.0,0.0,0.0,0.0,0.0,0.0,0.0,0.0,0.0,0.0,0.0,0.0,0.0,0.0,0.0,0.0,0.0,0.0,0.0,0.0,0.0,2.004,-2.004,-0.0,-2.004,0.0,0.0,0.0,0.0,5377.0,-1.587931619850188e+29,6974.0,0.0,-107615328.0,-107615280.0,-0.0,0.0,0.0,0.0,0.0,63,71.63,0.059,0.0,0.0,0.0,0.0,0.0,0.0,0.0,0,0,0,0.0,0.0,0.0,0.0,0.0,0.0,0.0,0.0,0.0,0.0,0.0,0.0,0.0,0.0,0.0,0.0,0,-107875648.0,63,0.0,126,2.7184242562605685e+23,-0.0,ERR,ERR,ERR,ERR,ERR,ERR,ERR,ERR,ERR,ERR,ERR,ERR,ERR,ERR,ERR,ERR,ERR,ERR,ERR,ERR,ERR,ERR,ERR,ERR,ERR,ERR,ERR,ERR,ERR,ERR,ERR,ERR,ERR,ERR,ERR,ERR,ERR,ERR,ERR,ERR,ERR,ERR,ERR,ERR,ERR,ERR,ERR,ERR,ERR,ERR,ERR,ERR,ERR,ERR,ERR,ERR,ERR,ERR,ERR,ERR,ERR,ERR,ERR,ERR,ERR,ERR,ERR,34.0,80.0,35,0.0,0.0,0.0,0.0,0.0,0.0,0.0,0.0,0.0,0.0,0.0,0.0,0.0,0.0,0.0,0.0,64.4,0,116,56,50,65476,0,300,0,0,8,20529,65476,0,0,57672,80.0,0.0,0.0,0.0,0.0,0.0
2026-06-17T04:31:41,ERR,ERR,ERR,ERR,ERR,ERR,ERR,ERR,ERR,ERR,ERR,ERR,ERR,ERR,ERR,ERR,ERR,ERR,ERR,ERR,ERR,ERR,ERR,ERR,ERR,ERR,ERR,ERR,ERR,ERR,ERR,ERR,ERR,ERR,ERR,ERR,ERR,ERR,ERR,ERR,ERR,ERR,ERR,ERR,ERR,ERR,ERR,ERR,ERR,ERR,ERR,ERR,ERR,ERR,ERR,ERR,ERR,ERR,ERR,ERR,ERR,ERR,ERR,ERR,ERR,ERR,ERR,ERR,ERR,ERR,ERR,ERR,ERR,ERR,ERR,ERR,ERR,ERR,ERR,ERR,ERR,ERR,ERR,ERR,ERR,ERR,ERR,ERR,ERR,ERR,ERR,ERR,ERR,ERR,ERR,ERR,ERR,ERR,ERR,ERR,ERR,ERR,ERR,ERR,ERR,ERR,ERR,ERR,ERR,ERR,ERR,ERR,ERR,ERR,ERR,ERR,ERR,ERR,ERR,ERR,ERR,ERR,ERR,ERR,ERR,0.0,-107615328.0,0.0,0.0,0.0,1.3936040501711995e+18,7.805,0.0,0,0,4,0,7300,-0.0,0,0.0,0.0,0.0,0.0,0.0,0,0,0,0,0.0,0,0,0,0,0,0,0,0,0,0,0,0,0,0,0,0,0,0,0,0,0,0,0,0,0,0,0,0,0,0,0,0,0,32,30,30,62,65476,0,300,0,0,8,21553,0.0,-107605600.0,0.0,0.0,0.0,0.0,0.0,0.0,0.0,0.0,0.0,0.0,0.0,0.0,0.0,0.0,0.0,0.0,0.0,0.0,0.0,0.0,2.004,-2.004,-0.0,-2.004,0.0,0.0,0.0,0.0,5377.0,-1.587931619850188e+29,6974.0,0.0,-107615328.0,-107615280.0,-0.0,0.0,0.0,0.0,0.0,63,71.63,0.059,0.0,0.0,0.0,0.0,0.0,0.0,0.0,0,0,0,0.0,0.0,0.0,0.0,0.0,0.0,0.0,0.0,0.0,0.0,0.0,0.0,0.0,0.0,0.0,0.0,0,-107875648.0,63,0.0,126,2.7184242562605685e+23,-0.0,ERR,ERR,ERR,ERR,ERR,ERR,ERR,ERR,ERR,ERR,ERR,ERR,ERR,ERR,ERR,ERR,ERR,ERR,ERR,ERR,ERR,ERR,ERR,ERR,ERR,ERR,ERR,ERR,ERR,ERR,ERR,ERR,ERR,ERR,ERR,ERR,ERR,ERR,ERR,ERR,ERR,ERR,ERR,ERR,ERR,ERR,ERR,ERR,ERR,ERR,ERR,ERR,ERR,ERR,ERR,ERR,ERR,ERR,ERR,ERR,ERR,ERR,ERR,ERR,ERR,ERR,ERR,34.0,80.0,35,0.0,0.0,0.0,0.0,0.0,0.0,0.0,0.0,0.0,0.0,0.0,0.0,0.0,0.0,0.0,0.0,64.4,0,116,56,50,65476,0,300,0,0,8,20529,65476,0,0,57672,80.0,0.0,0.0,0.0,0.0,0.0
2026-06-17T04:31:42,ERR,ERR,ERR,ERR,ERR,ERR,ERR,ERR,ERR,ERR,ERR,ERR,ERR,ERR,ERR,ERR,ERR,ERR,ERR,ERR,ERR,ERR,ERR,ERR,ERR,ERR,ERR,ERR,ERR,ERR,ERR,ERR,ERR,ERR,ERR,ERR,ERR,ERR,ERR,ERR,ERR,ERR,ERR,ERR,ERR,ERR,ERR,ERR,ERR,ERR,ERR,ERR,ERR,ERR,ERR,ERR,ERR,ERR,ERR,ERR,ERR,ERR,ERR,ERR,ERR,ERR,ERR,ERR,ERR,ERR,ERR,ERR,ERR,ERR,ERR,ERR,ERR,ERR,ERR,ERR,ERR,ERR,ERR,ERR,ERR,ERR,ERR,ERR,ERR,ERR,ERR,ERR,ERR,ERR,ERR,ERR,ERR,ERR,ERR,ERR,ERR,ERR,ERR,ERR,ERR,ERR,ERR,ERR,ERR,ERR,ERR,ERR,ERR,ERR,ERR,ERR,ERR,ERR,ERR,ERR,ERR,ERR,ERR,ERR,ERR,0.0,-107615328.0,0.0,0.0,0.0,1.3936040501711995e+18,7.805,0.0,0,0,4,0,7300,-0.0,0,0.0,0.0,0.0,0.0,0.0,0,0,0,0,0.0,0,0,0,0,0,0,0,0,0,0,0,0,0,0,0,0,0,0,0,0,0,0,0,0,0,0,0,0,0,0,0,0,0,32,30,30,62,65476,0,300,0,0,8,21553,0.0,-107605600.0,0.0,0.0,0.0,0.0,0.0,0.0,0.0,0.0,0.0,0.0,0.0,0.0,0.0,0.0,0.0,0.0,0.0,0.0,0.0,0.0,2.004,0.0,-0.0,-2.004,0.0,0.0,0.0,0.0,5439.0,0.0,6945.0,0.0,-107615328.0,-107615280.0,-0.0,0.0,0.0,0.0,0.0,63,0.0,1.905688671546245e+17,0.0,0.0,0.0,0.0,0.0,0.0,0.0,0,0,0,0.0,0.0,0.0,0.0,0.0,0.0,0.0,0.0,0.0,0.0,0.0,0.0,0.0,0.0,0.0,0.0,0,-107875648.0,63,0.0,126,2.7184242562605685e+23,-0.0,ERR,ERR,ERR,ERR,ERR,ERR,ERR,ERR,ERR,ERR,ERR,ERR,ERR,ERR,ERR,ERR,ERR,ERR,ERR,ERR,ERR,ERR,ERR,ERR,ERR,ERR,ERR,ERR,ERR,ERR,ERR,ERR,ERR,ERR,ERR,ERR,ERR,ERR,ERR,ERR,ERR,ERR,ERR,ERR,ERR,ERR,ERR,ERR,ERR,ERR,ERR,ERR,ERR,ERR,ERR,ERR,ERR,ERR,ERR,ERR,ERR,ERR,ERR,ERR,ERR,ERR,ERR,34.0,80.0,35,0.0,0.0,0.0,0.0,0.0,0.0,0.0,0.0,0.0,0.0,0.0,0.0,0.0,0.0,0.0,0.0,64.4,0,116,56,50,65476,0,300,0,0,8,20529,65476,0,0,57672,80.0,0.0,0.0,0.0,0.0,0.0
2026-06-17T04:31:43,ERR,ERR,ERR,ERR,ERR,ERR,ERR,ERR,ERR,ERR,ERR,ERR,ERR,ERR,ERR,ERR,ERR,ERR,ERR,ERR,ERR,ERR,ERR,ERR,ERR,ERR,ERR,ERR,ERR,ERR,ERR,ERR,ERR,ERR,ERR,ERR,ERR,ERR,ERR,ERR,ERR,ERR,ERR,ERR,ERR,ERR,ERR,ERR,ERR,ERR,ERR,ERR,ERR,ERR,ERR,ERR,ERR,ERR,ERR,ERR,ERR,ERR,ERR,ERR,ERR,ERR,ERR,ERR,ERR,ERR,ERR,ERR,ERR,ERR,ERR,ERR,ERR,ERR,ERR,ERR,ERR,ERR,ERR,ERR,ERR,ERR,ERR,ERR,ERR,ERR,ERR,ERR,ERR,ERR,ERR,ERR,ERR,ERR,ERR,ERR,ERR,ERR,ERR,ERR,ERR,ERR,ERR,ERR,ERR,ERR,ERR,ERR,ERR,ERR,ERR,ERR,ERR,ERR,ERR,ERR,ERR,ERR,ERR,ERR,ERR,0.0,-107615328.0,0.0,0.0,0.0,1.3936040501711995e+18,7.805,0.0,0,0,4,0,7300,-0.0,0,0.0,0.0,0.0,0.0,0.0,0,0,0,0,0.0,0,0,0,0,0,0,0,0,0,0,0,0,0,0,0,0,0,0,0,0,0,0,0,0,0,0,0,0,0,0,0,0,0,32,30,30,62,65476,0,300,0,0,8,21553,0.0,-107605600.0,0.0,0.0,0.0,0.0,0.0,0.0,0.0,0.0,0.0,0.0,0.0,0.0,0.0,0.0,0.0,0.0,0.0,0.0,0.0,0.0,2.004,0.0,-0.0,-2.004,0.0,0.0,0.0,0.0,5439.0,0.0,6945.0,0.0,-107615328.0,-107615280.0,-0.0,0.0,0.0,0.0,0.0,63,0.0,1.905688671546245e+17,0.0,0.0,0.0,0.0,0.0,0.0,0.0,0,0,0,0.0,0.0,0.0,0.0,0.0,0.0,0.0,0.0,0.0,0.0,0.0,0.0,0.0,0.0,0.0,0.0,0,-107875648.0,63,0.0,126,2.7184242562605685e+23,-0.0,ERR,ERR,ERR,ERR,ERR,ERR,ERR,ERR,ERR,ERR,ERR,ERR,ERR,ERR,ERR,ERR,ERR,ERR,ERR,ERR,ERR,ERR,ERR,ERR,ERR,ERR,ERR,ERR,ERR,ERR,ERR,ERR,ERR,ERR,ERR,ERR,ERR,ERR,ERR,ERR,ERR,ERR,ERR,ERR,ERR,ERR,ERR,ERR,ERR,ERR,ERR,ERR,ERR,ERR,ERR,ERR,ERR,ERR,ERR,ERR,ERR,ERR,ERR,ERR,ERR,ERR,ERR,34.0,80.0,35,0.0,0.0,0.0,0.0,0.0,0.0,0.0,0.0,0.0,0.0,0.0,0.0,0.0,0.0,0.0,0.0,64.4,0,116,56,50,65476,0,300,0,0,8,20529,65476,0,0,57672,80.0,0.0,0.0,0.0,0.0,0.0
2026-06-17T04:31:44,ERR,ERR,ERR,ERR,ERR,ERR,ERR,ERR,ERR,ERR,ERR,ERR,ERR,ERR,ERR,ERR,ERR,ERR,ERR,ERR,ERR,ERR,ERR,ERR,ERR,ERR,ERR,ERR,ERR,ERR,ERR,ERR,ERR,ERR,ERR,ERR,ERR,ERR,ERR,ERR,ERR,ERR,ERR,ERR,ERR,ERR,ERR,ERR,ERR,ERR,ERR,ERR,ERR,ERR,ERR,ERR,ERR,ERR,ERR,ERR,ERR,ERR,ERR,ERR,ERR,ERR,ERR,ERR,ERR,ERR,ERR,ERR,ERR,ERR,ERR,ERR,ERR,ERR,ERR,ERR,ERR,ERR,ERR,ERR,ERR,ERR,ERR,ERR,ERR,ERR,ERR,ERR,ERR,ERR,ERR,ERR,ERR,ERR,ERR,ERR,ERR,ERR,ERR,ERR,ERR,ERR,ERR,ERR,ERR,ERR,ERR,ERR,ERR,ERR,ERR,ERR,ERR,ERR,ERR,ERR,ERR,ERR,ERR,ERR,ERR,0.0,-107615328.0,0.0,0.0,0.0,1.3936040501711995e+18,7.805,0.0,0,0,4,0,7300,-0.0,0,0.0,0.0,0.0,0.0,0.0,0,0,0,0,0.0,0,0,0,0,0,0,0,0,0,0,0,0,0,0,0,0,0,0,0,0,0,0,0,0,0,0,0,0,0,0,0,0,0,32,30,30,62,65476,0,300,0,0,8,21553,0.0,-107605600.0,0.0,0.0,0.0,0.0,0.0,0.0,0.0,0.0,0.0,0.0,0.0,0.0,0.0,0.0,0.0,0.0,0.0,0.0,0.0,0.0,2.004,0.0,-0.0,-2.004,0.0,0.0,0.0,0.0,5439.0,0.0,6945.0,0.0,-107615328.0,-107615280.0,-0.0,0.0,0.0,0.0,0.0,63,0.0,1.905688671546245e+17,0.0,0.0,0.0,0.0,0.0,0.0,0.0,0,0,0,0.0,0.0,0.0,0.0,0.0,0.0,0.0,0.0,0.0,0.0,0.0,0.0,0.0,0.0,0.0,0.0,0,-107875648.0,63,0.0,126,2.7184242562605685e+23,-0.0,ERR,ERR,ERR,ERR,ERR,ERR,ERR,ERR,ERR,ERR,ERR,ERR,ERR,ERR,ERR,ERR,ERR,ERR,ERR,ERR,ERR,ERR,ERR,ERR,ERR,ERR,ERR,ERR,ERR,ERR,ERR,ERR,ERR,ERR,ERR,ERR,ERR,ERR,ERR,ERR,ERR,ERR,ERR,ERR,ERR,ERR,ERR,ERR,ERR,ERR,ERR,ERR,ERR,ERR,ERR,ERR,ERR,ERR,ERR,ERR,ERR,ERR,ERR,ERR,ERR,ERR,ERR,34.0,80.0,35,0.0,0.0,0.0,0.0,0.0,0.0,0.0,0.0,0.0,0.0,0.0,0.0,0.0,0.0,0.0,0.0,64.4,0,116,56,50,65476,0,300,0,0,8,20529,65476,0,0,57672,80.0,0.0,0.0,0.0,0.0,0.0
2026-06-17T04:31:45,ERR,ERR,ERR,ERR,ERR,ERR,ERR,ERR,ERR,ERR,ERR,ERR,ERR,ERR,ERR,ERR,ERR,ERR,ERR,ERR,ERR,ERR,ERR,ERR,ERR,ERR,ERR,ERR,ERR,ERR,ERR,ERR,ERR,ERR,ERR,ERR,ERR,ERR,ERR,ERR,ERR,ERR,ERR,ERR,ERR,ERR,ERR,ERR,ERR,ERR,ERR,ERR,ERR,ERR,ERR,ERR,ERR,ERR,ERR,ERR,ERR,ERR,ERR,ERR,ERR,ERR,ERR,ERR,ERR,ERR,ERR,ERR,ERR,ERR,ERR,ERR,ERR,ERR,ERR,ERR,ERR,ERR,ERR,ERR,ERR,ERR,ERR,ERR,ERR,ERR,ERR,ERR,ERR,ERR,ERR,ERR,ERR,ERR,ERR,ERR,ERR,ERR,ERR,ERR,ERR,ERR,ERR,ERR,ERR,ERR,ERR,ERR,ERR,ERR,ERR,ERR,ERR,ERR,ERR,ERR,ERR,ERR,ERR,ERR,ERR,0.0,-107615328.0,0.0,0.0,0.0,1.3936040501711995e+18,7.805,0.0,0,0,4,0,7300,-0.0,0,0.0,0.0,0.0,0.0,0.0,0,0,0,0,0.0,0,0,0,0,0,0,0,0,0,0,0,0,0,0,0,0,0,0,0,0,0,0,0,0,0,0,0,0,0,0,0,0,0,32,30,30,62,65476,0,300,0,0,8,21553,0.0,-107605600.0,0.0,0.0,0.0,0.0,0.0,0.0,0.0,0.0,0.0,0.0,0.0,0.0,0.0,0.0,0.0,0.0,0.0,0.0,0.0,0.0,2.004,0.0,-0.0,-2.004,0.0,0.0,0.0,0.0,5439.0,0.0,6945.0,0.0,-107615328.0,-107615280.0,-0.0,0.0,0.0,0.0,0.0,63,0.0,1.905688671546245e+17,0.0,0.0,0.0,0.0,0.0,0.0,0.0,0,0,0,0.0,0.0,0.0,0.0,0.0,0.0,0.0,0.0,0.0,0.0,0.0,0.0,0.0,0.0,0.0,0.0,0,-107875648.0,63,0.0,126,2.7184242562605685e+23,-0.0,ERR,ERR,ERR,ERR,ERR,ERR,ERR,ERR,ERR,ERR,ERR,ERR,ERR,ERR,ERR,ERR,ERR,ERR,ERR,ERR,ERR,ERR,ERR,ERR,ERR,ERR,ERR,ERR,ERR,ERR,ERR,ERR,ERR,ERR,ERR,ERR,ERR,ERR,ERR,ERR,ERR,ERR,ERR,ERR,ERR,ERR,ERR,ERR,ERR,ERR,ERR,ERR,ERR,ERR,ERR,ERR,ERR,ERR,ERR,ERR,ERR,ERR,ERR,ERR,ERR,ERR,ERR,34.0,80.0,35,0.0,0.0,0.0,0.0,0.0,0.0,0.0,0.0,0.0,0.0,0.0,0.0,0.0,0.0,0.0,0.0,64.8,0,116,56,50,65476,0,300,0,0,8,20529,65476,0,0,57672,80.0,0.0,0.0,0.0,0.0,0.0
2026-06-17T04:31:46,ERR,ERR,ERR,ERR,ERR,ERR,ERR,ERR,ERR,ERR,ERR,ERR,ERR,ERR,ERR,ERR,ERR,ERR,ERR,ERR,ERR,ERR,ERR,ERR,ERR,ERR,ERR,ERR,ERR,ERR,ERR,ERR,ERR,ERR,ERR,ERR,ERR,ERR,ERR,ERR,ERR,ERR,ERR,ERR,ERR,ERR,ERR,ERR,ERR,ERR,ERR,ERR,ERR,ERR,ERR,ERR,ERR,ERR,ERR,ERR,ERR,ERR,ERR,ERR,ERR,ERR,ERR,ERR,ERR,ERR,ERR,ERR,ERR,ERR,ERR,ERR,ERR,ERR,ERR,ERR,ERR,ERR,ERR,ERR,ERR,ERR,ERR,ERR,ERR,ERR,ERR,ERR,ERR,ERR,ERR,ERR,ERR,ERR,ERR,ERR,ERR,ERR,ERR,ERR,ERR,ERR,ERR,ERR,ERR,ERR,ERR,ERR,ERR,ERR,ERR,ERR,ERR,ERR,ERR,ERR,ERR,ERR,ERR,ERR,ERR,0.0,-107615328.0,0.0,0.0,0.0,1.3936040501711995e+18,7.805,0.0,0,0,4,0,7300,-0.0,0,0.0,0.0,0.0,0.0,0.0,0,0,0,0,0.0,0,0,0,0,0,0,0,0,0,0,0,0,0,0,0,0,0,0,0,0,0,0,0,0,0,0,0,0,0,0,0,0,0,32,30,30,62,65476,0,300,0,0,8,21553,0.0,-107605600.0,0.0,0.0,0.0,0.0,0.0,0.0,0.0,0.0,0.0,0.0,0.0,0.0,0.0,0.0,0.0,0.0,0.0,0.0,0.0,0.0,2.004,0.0,-0.0,-2.004,0.0,0.0,0.0,0.0,5439.0,0.0,6945.0,0.0,-107615328.0,-107615280.0,-0.0,0.0,0.0,0.0,0.0,63,0.0,1.905688671546245e+17,0.0,0.0,0.0,0.0,0.0,0.0,0.0,0,0,0,0.0,0.0,0.0,0.0,0.0,0.0,0.0,0.0,0.0,0.0,0.0,0.0,0.0,0.0,0.0,0.0,0,-107875648.0,63,0.0,126,2.7184242562605685e+23,-0.0,ERR,ERR,ERR,ERR,ERR,ERR,ERR,ERR,ERR,ERR,ERR,ERR,ERR,ERR,ERR,ERR,ERR,ERR,ERR,ERR,ERR,ERR,ERR,ERR,ERR,ERR,ERR,ERR,ERR,ERR,ERR,ERR,ERR,ERR,ERR,ERR,ERR,ERR,ERR,ERR,ERR,ERR,ERR,ERR,ERR,ERR,ERR,ERR,ERR,ERR,ERR,ERR,ERR,ERR,ERR,ERR,ERR,ERR,ERR,ERR,ERR,ERR,ERR,ERR,ERR,ERR,ERR,34.0,80.0,35,0.0,0.0,0.0,0.0,0.0,0.0,0.0,0.0,0.0,0.0,0.0,0.0,0.0,0.0,0.0,0.0,64.8,0,116,56,50,65476,0,300,0,0,8,20529,65476,0,0,57672,80.0,0.0,0.0,0.0,0.0,0.0
2026-06-17T04:31:47,ERR,ERR,ERR,ERR,ERR,ERR,ERR,ERR,ERR,ERR,ERR,ERR,ERR,ERR,ERR,ERR,ERR,ERR,ERR,ERR,ERR,ERR,ERR,ERR,ERR,ERR,ERR,ERR,ERR,ERR,ERR,ERR,ERR,ERR,ERR,ERR,ERR,ERR,ERR,ERR,ERR,ERR,ERR,ERR,ERR,ERR,ERR,ERR,ERR,ERR,ERR,ERR,ERR,ERR,ERR,ERR,ERR,ERR,ERR,ERR,ERR,ERR,ERR,ERR,ERR,ERR,ERR,ERR,ERR,ERR,ERR,ERR,ERR,ERR,ERR,ERR,ERR,ERR,ERR,ERR,ERR,ERR,ERR,ERR,ERR,ERR,ERR,ERR,ERR,ERR,ERR,ERR,ERR,ERR,ERR,ERR,ERR,ERR,ERR,ERR,ERR,ERR,ERR,ERR,ERR,ERR,ERR,ERR,ERR,ERR,ERR,ERR,ERR,ERR,ERR,ERR,ERR,ERR,ERR,ERR,ERR,ERR,ERR,ERR,ERR,0.0,-107615328.0,0.0,0.0,0.0,1.3936040501711995e+18,7.805,0.0,0,0,4,0,7300,-0.0,0,0.0,0.0,0.0,0.0,0.0,0,0,0,0,0.0,0,0,0,0,0,0,0,0,0,0,0,0,0,0,0,0,0,0,0,0,0,0,0,0,0,0,0,0,0,0,0,0,0,32,30,30,62,65476,0,300,0,0,8,21553,0.0,-107605600.0,0.0,0.0,0.0,0.0,0.0,0.0,0.0,0.0,0.0,0.0,0.0,0.0,0.0,0.0,0.0,0.0,0.0,0.0,0.0,0.0,2.004,0.0,-0.0,-2.004,0.0,0.0,0.0,0.0,5377.0,-3.697191411280511e+19,6972.0,0.0,-107615328.0,-107615280.0,-0.0,0.0,0.0,0.0,0.0,63,71.63,0.0,0.0,0.0,0.0,0.0,0.0,0.0,0.0,0,0,0,0.0,0.0,0.0,0.0,0.0,0.0,0.0,0.0,0.0,0.0,0.0,0.0,0.0,0.0,0.0,0.0,0,-107875648.0,63,0.0,126,2.7184242562605685e+23,-0.0,ERR,ERR,ERR,ERR,ERR,ERR,ERR,ERR,ERR,ERR,ERR,ERR,ERR,ERR,ERR,ERR,ERR,ERR,ERR,ERR,ERR,ERR,ERR,ERR,ERR,ERR,ERR,ERR,ERR,ERR,ERR,ERR,ERR,ERR,ERR,ERR,ERR,ERR,ERR,ERR,ERR,ERR,ERR,ERR,ERR,ERR,ERR,ERR,ERR,ERR,ERR,ERR,ERR,ERR,ERR,ERR,ERR,ERR,ERR,ERR,ERR,ERR,ERR,ERR,ERR,ERR,ERR,34.0,80.0,35,0.0,0.0,0.0,0.0,0.0,0.0,0.0,0.0,0.0,0.0,0.0,0.0,0.0,0.0,0.0,0.0,64.8,0,116,56,50,65476,0,300,0,0,8,20529,65476,0,0,57672,80.0,0.0,0.0,0.0,0.0,0.0
2026-06-17T04:31:48,ERR,ERR,ERR,ERR,ERR,ERR,ERR,ERR,ERR,ERR,ERR,ERR,ERR,ERR,ERR,ERR,ERR,ERR,ERR,ERR,ERR,ERR,ERR,ERR,ERR,ERR,ERR,ERR,ERR,ERR,ERR,ERR,ERR,ERR,ERR,ERR,ERR,ERR,ERR,ERR,ERR,ERR,ERR,ERR,ERR,ERR,ERR,ERR,ERR,ERR,ERR,ERR,ERR,ERR,ERR,ERR,ERR,ERR,ERR,ERR,ERR,ERR,ERR,ERR,ERR,ERR,ERR,ERR,ERR,ERR,ERR,ERR,ERR,ERR,ERR,ERR,ERR,ERR,ERR,ERR,ERR,ERR,ERR,ERR,ERR,ERR,ERR,ERR,ERR,ERR,ERR,ERR,ERR,ERR,ERR,ERR,ERR,ERR,ERR,ERR,ERR,ERR,ERR,ERR,ERR,ERR,ERR,ERR,ERR,ERR,ERR,ERR,ERR,ERR,ERR,ERR,ERR,ERR,ERR,ERR,ERR,ERR,ERR,ERR,ERR,0.0,-107615328.0,0.0,0.0,0.0,1.3936040501711995e+18,7.805,0.0,0,0,4,0,7300,-0.0,0,0.0,0.0,0.0,0.0,0.0,0,0,0,0,0.0,0,0,0,0,0,0,0,0,0,0,0,0,0,0,0,0,0,0,0,0,0,0,0,0,0,0,0,0,0,0,0,0,0,32,30,30,62,65476,0,300,0,0,8,21553,0.0,-107605600.0,0.0,0.0,0.0,0.0,0.0,0.0,0.0,0.0,0.0,0.0,0.0,0.0,0.0,0.0,0.0,0.0,0.0,0.0,0.0,0.0,2.004,0.0,-0.0,-2.004,0.0,0.0,0.0,0.0,5377.0,-3.697191411280511e+19,6972.0,0.0,-107615328.0,-107615280.0,-0.0,0.0,0.0,0.0,0.0,63,71.63,0.0,0.0,0.0,0.0,0.0,0.0,0.0,0.0,0,0,0,0.0,0.0,0.0,0.0,0.0,0.0,0.0,0.0,0.0,0.0,0.0,0.0,0.0,0.0,0.0,0.0,0,-107875648.0,63,0.0,126,2.7184242562605685e+23,-0.0,ERR,ERR,ERR,ERR,ERR,ERR,ERR,ERR,ERR,ERR,ERR,ERR,ERR,ERR,ERR,ERR,ERR,ERR,ERR,ERR,ERR,ERR,ERR,ERR,ERR,ERR,ERR,ERR,ERR,ERR,ERR,ERR,ERR,ERR,ERR,ERR,ERR,ERR,ERR,ERR,ERR,ERR,ERR,ERR,ERR,ERR,ERR,ERR,ERR,ERR,ERR,ERR,ERR,ERR,ERR,ERR,ERR,ERR,ERR,ERR,ERR,ERR,ERR,ERR,ERR,ERR,ERR,34.0,80.0,35,0.0,0.0,0.0,0.0,0.0,0.0,0.0,0.0,0.0,0.0,0.0,0.0,0.0,0.0,0.0,0.0,64.8,0,116,56,50,65476,0,300,0,0,8,20529,65476,0,0,57672,80.0,0.0,0.0,0.0,0.0,0.0
2026-06-17T04:31:49,ERR,ERR,ERR,ERR,ERR,ERR,ERR,ERR,ERR,ERR,ERR,ERR,ERR,ERR,ERR,ERR,ERR,ERR,ERR,ERR,ERR,ERR,ERR,ERR,ERR,ERR,ERR,ERR,ERR,ERR,ERR,ERR,ERR,ERR,ERR,ERR,ERR,ERR,ERR,ERR,ERR,ERR,ERR,ERR,ERR,ERR,ERR,ERR,ERR,ERR,ERR,ERR,ERR,ERR,ERR,ERR,ERR,ERR,ERR,ERR,ERR,ERR,ERR,ERR,ERR,ERR,ERR,ERR,ERR,ERR,ERR,ERR,ERR,ERR,ERR,ERR,ERR,ERR,ERR,ERR,ERR,ERR,ERR,ERR,ERR,ERR,ERR,ERR,ERR,ERR,ERR,ERR,ERR,ERR,ERR,ERR,ERR,ERR,ERR,ERR,ERR,ERR,ERR,ERR,ERR,ERR,ERR,ERR,ERR,ERR,ERR,ERR,ERR,ERR,ERR,ERR,ERR,ERR,ERR,ERR,ERR,ERR,ERR,ERR,ERR,0.0,-107615328.0,0.0,0.0,0.0,1.3936040501711995e+18,7.805,0.0,0,0,4,0,7300,-0.0,0,0.0,0.0,0.0,0.0,0.0,0,0,0,0,0.0,0,0,0,0,0,0,0,0,0,0,0,0,0,0,0,0,0,0,0,0,0,0,0,0,0,0,0,0,0,0,0,0,0,32,30,30,62,65476,0,300,0,0,8,21553,0.0,-107605600.0,0.0,0.0,0.0,0.0,0.0,0.0,0.0,0.0,0.0,0.0,0.0,0.0,0.0,0.0,0.0,0.0,0.0,0.0,0.0,0.0,2.004,0.0,-0.0,-2.004,0.0,0.0,0.0,0.0,5377.0,-3.697191411280511e+19,6972.0,0.0,-107615328.0,-107615280.0,-0.0,0.0,0.0,0.0,0.0,63,71.63,0.0,0.0,0.0,0.0,0.0,0.0,0.0,0.0,0,0,0,0.0,0.0,0.0,0.0,0.0,0.0,0.0,0.0,0.0,0.0,0.0,0.0,0.0,0.0,0.0,0.0,0,-107875648.0,63,0.0,126,2.7184242562605685e+23,-0.0,ERR,ERR,ERR,ERR,ERR,ERR,ERR,ERR,ERR,ERR,ERR,ERR,ERR,ERR,ERR,ERR,ERR,ERR,ERR,ERR,ERR,ERR,ERR,ERR,ERR,ERR,ERR,ERR,ERR,ERR,ERR,ERR,ERR,ERR,ERR,ERR,ERR,ERR,ERR,ERR,ERR,ERR,ERR,ERR,ERR,ERR,ERR,ERR,ERR,ERR,ERR,ERR,ERR,ERR,ERR,ERR,ERR,ERR,ERR,ERR,ERR,ERR,ERR,ERR,ERR,ERR,ERR,34.0,80.0,35,0.0,0.0,0.0,0.0,0.0,0.0,0.0,0.0,0.0,0.0,0.0,0.0,0.0,0.0,0.0,0.0,64.8,0,116,56,50,65476,0,300,0,0,8,20529,65476,0,0,57672,80.0,0.0,0.0,0.0,0.0,0.0
2026-06-17T04:31:50,ERR,ERR,ERR,ERR,ERR,ERR,ERR,ERR,ERR,ERR,ERR,ERR,ERR,ERR,ERR,ERR,ERR,ERR,ERR,ERR,ERR,ERR,ERR,ERR,ERR,ERR,ERR,ERR,ERR,ERR,ERR,ERR,ERR,ERR,ERR,ERR,ERR,ERR,ERR,ERR,ERR,ERR,ERR,ERR,ERR,ERR,ERR,ERR,ERR,ERR,ERR,ERR,ERR,ERR,ERR,ERR,ERR,ERR,ERR,ERR,ERR,ERR,ERR,ERR,ERR,ERR,ERR,ERR,ERR,ERR,ERR,ERR,ERR,ERR,ERR,ERR,ERR,ERR,ERR,ERR,ERR,ERR,ERR,ERR,ERR,ERR,ERR,ERR,ERR,ERR,ERR,ERR,ERR,ERR,ERR,ERR,ERR,ERR,ERR,ERR,ERR,ERR,ERR,ERR,ERR,ERR,ERR,ERR,ERR,ERR,ERR,ERR,ERR,ERR,ERR,ERR,ERR,ERR,ERR,ERR,ERR,ERR,ERR,ERR,ERR,0.0,-107615328.0,0.0,0.0,0.0,1.3936040501711995e+18,7.805,0.0,0,0,4,0,7300,-0.0,0,0.0,0.0,0.0,0.0,0.0,0,0,0,0,0.0,0,0,0,0,0,0,0,0,0,0,0,0,0,0,0,0,0,0,0,0,0,0,0,0,0,0,0,0,0,0,0,0,0,32,30,30,62,65476,0,300,0,0,8,21553,0.0,-107605600.0,0.0,0.0,0.0,0.0,0.0,0.0,0.0,0.0,0.0,0.0,0.0,0.0,0.0,0.0,0.0,0.0,0.0,0.0,0.0,0.0,2.004,0.0,-0.0,-2.004,0.0,0.0,0.0,0.0,5377.0,-3.697191411280511e+19,6972.0,0.0,-107615328.0,-107615280.0,-0.0,0.0,0.0,0.0,0.0,63,71.63,0.0,0.0,0.0,0.0,0.0,0.0,0.0,0.0,0,0,0,0.0,0.0,0.0,0.0,0.0,0.0,0.0,0.0,0.0,0.0,0.0,0.0,0.0,0.0,0.0,0.0,0,-107875648.0,63,0.0,126,2.7184242562605685e+23,-0.0,ERR,ERR,ERR,ERR,ERR,ERR,ERR,ERR,ERR,ERR,ERR,ERR,ERR,ERR,ERR,ERR,ERR,ERR,ERR,ERR,ERR,ERR,ERR,ERR,ERR,ERR,ERR,ERR,ERR,ERR,ERR,ERR,ERR,ERR,ERR,ERR,ERR,ERR,ERR,ERR,ERR,ERR,ERR,ERR,ERR,ERR,ERR,ERR,ERR,ERR,ERR,ERR,ERR,ERR,ERR,ERR,ERR,ERR,ERR,ERR,ERR,ERR,ERR,ERR,ERR,ERR,ERR,34.0,80.0,35,0.0,0.0,0.0,0.0,0.0,0.0,0.0,0.0,0.0,0.0,0.0,0.0,0.0,0.0,0.0,0.0,64.4,0,116,56,50,65476,0,300,0,0,8,20529,65476,0,0,57672,80.0,0.0,0.0,0.0,0.0,0.0
2026-06-17T04:31:51,ERR,ERR,ERR,ERR,ERR,ERR,ERR,ERR,ERR,ERR,ERR,ERR,ERR,ERR,ERR,ERR,ERR,ERR,ERR,ERR,ERR,ERR,ERR,ERR,ERR,ERR,ERR,ERR,ERR,ERR,ERR,ERR,ERR,ERR,ERR,ERR,ERR,ERR,ERR,ERR,ERR,ERR,ERR,ERR,ERR,ERR,ERR,ERR,ERR,ERR,ERR,ERR,ERR,ERR,ERR,ERR,ERR,ERR,ERR,ERR,ERR,ERR,ERR,ERR,ERR,ERR,ERR,ERR,ERR,ERR,ERR,ERR,ERR,ERR,ERR,ERR,ERR,ERR,ERR,ERR,ERR,ERR,ERR,ERR,ERR,ERR,ERR,ERR,ERR,ERR,ERR,ERR,ERR,ERR,ERR,ERR,ERR,ERR,ERR,ERR,ERR,ERR,ERR,ERR,ERR,ERR,ERR,ERR,ERR,ERR,ERR,ERR,ERR,ERR,ERR,ERR,ERR,ERR,ERR,ERR,ERR,ERR,ERR,ERR,ERR,0.0,-107615328.0,0.0,0.0,0.0,1.3936040501711995e+18,7.805,0.0,0,0,4,0,7300,-0.0,0,0.0,0.0,0.0,0.0,0.0,0,0,0,0,0.0,0,0,0,0,0,0,0,0,0,0,0,0,0,0,0,0,0,0,0,0,0,0,0,0,0,0,0,0,0,0,0,0,0,32,30,30,62,65476,0,300,0,0,8,21553,0.0,-107605600.0,0.0,0.0,0.0,0.0,0.0,0.0,0.0,0.0,0.0,0.0,0.0,0.0,0.0,0.0,0.0,0.0,0.0,0.0,0.0,0.0,2.004,0.0,-0.0,-2.004,0.0,0.0,0.0,0.0,5377.0,-3.697191411280511e+19,6972.0,0.0,-107615328.0,-107615280.0,-0.0,0.0,0.0,0.0,0.0,63,71.63,0.0,0.0,0.0,0.0,0.0,0.0,0.0,0.0,0,0,0,0.0,0.0,0.0,0.0,0.0,0.0,0.0,0.0,0.0,0.0,0.0,0.0,0.0,0.0,0.0,0.0,0,-107875648.0,63,0.0,126,2.7184242562605685e+23,-0.0,ERR,ERR,ERR,ERR,ERR,ERR,ERR,ERR,ERR,ERR,ERR,ERR,ERR,ERR,ERR,ERR,ERR,ERR,ERR,ERR,ERR,ERR,ERR,ERR,ERR,ERR,ERR,ERR,ERR,ERR,ERR,ERR,ERR,ERR,ERR,ERR,ERR,ERR,ERR,ERR,ERR,ERR,ERR,ERR,ERR,ERR,ERR,ERR,ERR,ERR,ERR,ERR,ERR,ERR,ERR,ERR,ERR,ERR,ERR,ERR,ERR,ERR,ERR,ERR,ERR,ERR,ERR,34.0,80.0,35,0.0,0.0,0.0,0.0,0.0,0.0,0.0,0.0,0.0,0.0,0.0,0.0,0.0,0.0,0.0,0.0,64.4,0,116,56,50,65476,0,300,0,0,8,20529,65476,0,0,57672,80.0,0.0,0.0,0.0,0.0,0.0
2026-06-17T04:31:52,ERR,ERR,ERR,ERR,ERR,ERR,ERR,ERR,ERR,ERR,ERR,ERR,ERR,ERR,ERR,ERR,ERR,ERR,ERR,ERR,ERR,ERR,ERR,ERR,ERR,ERR,ERR,ERR,ERR,ERR,ERR,ERR,ERR,ERR,ERR,ERR,ERR,ERR,ERR,ERR,ERR,ERR,ERR,ERR,ERR,ERR,ERR,ERR,ERR,ERR,ERR,ERR,ERR,ERR,ERR,ERR,ERR,ERR,ERR,ERR,ERR,ERR,ERR,ERR,ERR,ERR,ERR,ERR,ERR,ERR,ERR,ERR,ERR,ERR,ERR,ERR,ERR,ERR,ERR,ERR,ERR,ERR,ERR,ERR,ERR,ERR,ERR,ERR,ERR,ERR,ERR,ERR,ERR,ERR,ERR,ERR,ERR,ERR,ERR,ERR,ERR,ERR,ERR,ERR,ERR,ERR,ERR,ERR,ERR,ERR,ERR,ERR,ERR,ERR,ERR,ERR,ERR,ERR,ERR,ERR,ERR,ERR,ERR,ERR,ERR,0.0,-107615328.0,0.0,0.0,0.0,1.3936040501711995e+18,7.805,0.0,0,0,4,0,7300,-0.0,0,0.0,0.0,0.0,0.0,0.0,0,0,0,0,0.0,0,0,0,0,0,0,0,0,0,0,0,0,0,0,0,0,0,0,0,0,0,0,0,0,0,0,0,0,0,0,0,0,0,32,30,30,62,65476,0,300,0,0,8,21553,0.0,-107605600.0,0.0,0.0,0.0,0.0,0.0,0.0,0.0,0.0,0.0,0.0,0.0,0.0,0.0,0.0,0.0,0.0,0.0,0.0,0.0,0.0,2.004,0.0,-0.0,-2.004,0.0,0.0,0.0,0.0,5377.0,-1.587931619850188e+29,6974.0,0.0,-107615328.0,-107615280.0,-0.0,0.0,0.0,0.0,0.0,63,71.63,0.059,0.0,0.0,0.0,0.0,0.0,0.0,0.0,0,0,0,0.0,0.0,0.0,0.0,0.0,0.0,0.0,0.0,0.0,0.0,0.0,0.0,0.0,0.0,0.0,0.0,0,-107875648.0,63,0.0,126,2.7184242562605685e+23,-0.0,ERR,ERR,ERR,ERR,ERR,ERR,ERR,ERR,ERR,ERR,ERR,ERR,ERR,ERR,ERR,ERR,ERR,ERR,ERR,ERR,ERR,ERR,ERR,ERR,ERR,ERR,ERR,ERR,ERR,ERR,ERR,ERR,ERR,ERR,ERR,ERR,ERR,ERR,ERR,ERR,ERR,ERR,ERR,ERR,ERR,ERR,ERR,ERR,ERR,ERR,ERR,ERR,ERR,ERR,ERR,ERR,ERR,ERR,ERR,ERR,ERR,ERR,ERR,ERR,ERR,ERR,ERR,34.0,80.0,35,0.0,0.0,0.0,0.0,0.0,0.0,0.0,0.0,0.0,0.0,0.0,0.0,0.0,0.0,0.0,0.0,64.4,0,116,56,50,65476,0,300,0,0,8,20529,65476,0,0,57672,80.0,0.0,0.0,0.0,0.0,0.0
2026-06-17T04:31:53,ERR,ERR,ERR,ERR,ERR,ERR,ERR,ERR,ERR,ERR,ERR,ERR,ERR,ERR,ERR,ERR,ERR,ERR,ERR,ERR,ERR,ERR,ERR,ERR,ERR,ERR,ERR,ERR,ERR,ERR,ERR,ERR,ERR,ERR,ERR,ERR,ERR,ERR,ERR,ERR,ERR,ERR,ERR,ERR,ERR,ERR,ERR,ERR,ERR,ERR,ERR,ERR,ERR,ERR,ERR,ERR,ERR,ERR,ERR,ERR,ERR,ERR,ERR,ERR,ERR,ERR,ERR,ERR,ERR,ERR,ERR,ERR,ERR,ERR,ERR,ERR,ERR,ERR,ERR,ERR,ERR,ERR,ERR,ERR,ERR,ERR,ERR,ERR,ERR,ERR,ERR,ERR,ERR,ERR,ERR,ERR,ERR,ERR,ERR,ERR,ERR,ERR,ERR,ERR,ERR,ERR,ERR,ERR,ERR,ERR,ERR,ERR,ERR,ERR,ERR,ERR,ERR,ERR,ERR,ERR,ERR,ERR,ERR,ERR,ERR,0.0,-107615328.0,0.0,0.0,0.0,1.3936040501711995e+18,7.805,0.0,0,0,4,0,7300,-0.0,0,0.0,0.0,0.0,0.0,0.0,0,0,0,0,0.0,0,0,0,0,0,0,0,0,0,0,0,0,0,0,0,0,0,0,0,0,0,0,0,0,0,0,0,0,0,0,0,0,0,32,30,30,62,65476,0,300,0,0,8,21553,0.0,-107605600.0,0.0,0.0,0.0,0.0,0.0,0.0,0.0,0.0,0.0,0.0,0.0,0.0,0.0,0.0,0.0,0.0,0.0,0.0,0.0,0.0,2.004,0.0,-0.0,-2.004,0.0,0.0,0.0,0.0,5377.0,-1.587931619850188e+29,6974.0,0.0,-107615328.0,-107615280.0,-0.0,0.0,0.0,0.0,0.0,63,71.63,0.059,0.0,0.0,0.0,0.0,0.0,0.0,0.0,0,0,0,0.0,0.0,0.0,0.0,0.0,0.0,0.0,0.0,0.0,0.0,0.0,0.0,0.0,0.0,0.0,0.0,0,-107875648.0,63,0.0,126,2.7184242562605685e+23,-0.0,ERR,ERR,ERR,ERR,ERR,ERR,ERR,ERR,ERR,ERR,ERR,ERR,ERR,ERR,ERR,ERR,ERR,ERR,ERR,ERR,ERR,ERR,ERR,ERR,ERR,ERR,ERR,ERR,ERR,ERR,ERR,ERR,ERR,ERR,ERR,ERR,ERR,ERR,ERR,ERR,ERR,ERR,ERR,ERR,ERR,ERR,ERR,ERR,ERR,ERR,ERR,ERR,ERR,ERR,ERR,ERR,ERR,ERR,ERR,ERR,ERR,ERR,ERR,ERR,ERR,ERR,ERR,34.0,80.0,35,0.0,0.0,0.0,0.0,0.0,0.0,0.0,0.0,0.0,0.0,0.0,0.0,0.0,0.0,0.0,0.0,64.4,0,116,56,50,65476,0,300,0,0,8,20529,65476,0,0,57672,80.0,0.0,0.0,0.0,0.0,0.0
2026-06-17T04:31:54,ERR,ERR,ERR,ERR,ERR,ERR,ERR,ERR,ERR,ERR,ERR,ERR,ERR,ERR,ERR,ERR,ERR,ERR,ERR,ERR,ERR,ERR,ERR,ERR,ERR,ERR,ERR,ERR,ERR,ERR,ERR,ERR,ERR,ERR,ERR,ERR,ERR,ERR,ERR,ERR,ERR,ERR,ERR,ERR,ERR,ERR,ERR,ERR,ERR,ERR,ERR,ERR,ERR,ERR,ERR,ERR,ERR,ERR,ERR,ERR,ERR,ERR,ERR,ERR,ERR,ERR,ERR,ERR,ERR,ERR,ERR,ERR,ERR,ERR,ERR,ERR,ERR,ERR,ERR,ERR,ERR,ERR,ERR,ERR,ERR,ERR,ERR,ERR,ERR,ERR,ERR,ERR,ERR,ERR,ERR,ERR,ERR,ERR,ERR,ERR,ERR,ERR,ERR,ERR,ERR,ERR,ERR,ERR,ERR,ERR,ERR,ERR,ERR,ERR,ERR,ERR,ERR,ERR,ERR,ERR,ERR,ERR,ERR,ERR,ERR,0.0,-107615328.0,0.0,0.0,0.0,1.3936040501711995e+18,7.805,0.0,0,0,4,0,7300,-0.0,0,0.0,0.0,0.0,0.0,0.0,0,0,0,0,0.0,0,0,0,0,0,0,0,0,0,0,0,0,0,0,0,0,0,0,0,0,0,0,0,0,0,0,0,0,0,0,0,0,0,32,30,30,62,65476,0,300,0,0,8,21553,0.0,-107605600.0,0.0,0.0,0.0,0.0,0.0,0.0,0.0,0.0,0.0,0.0,0.0,0.0,0.0,0.0,0.0,0.0,0.0,0.0,0.0,0.0,2.004,0.0,-0.0,-2.004,0.0,0.0,0.0,0.0,5377.0,-1.587931619850188e+29,6974.0,0.0,-107615328.0,-107615280.0,-0.0,0.0,0.0,0.0,0.0,63,71.63,0.059,0.0,0.0,0.0,0.0,0.0,0.0,0.0,0,0,0,0.0,0.0,0.0,0.0,0.0,0.0,0.0,0.0,0.0,0.0,0.0,0.0,0.0,0.0,0.0,0.0,0,-107875648.0,63,0.0,126,2.7184242562605685e+23,-0.0,ERR,ERR,ERR,ERR,ERR,ERR,ERR,ERR,ERR,ERR,ERR,ERR,ERR,ERR,ERR,ERR,ERR,ERR,ERR,ERR,ERR,ERR,ERR,ERR,ERR,ERR,ERR,ERR,ERR,ERR,ERR,ERR,ERR,ERR,ERR,ERR,ERR,ERR,ERR,ERR,ERR,ERR,ERR,ERR,ERR,ERR,ERR,ERR,ERR,ERR,ERR,ERR,ERR,ERR,ERR,ERR,ERR,ERR,ERR,ERR,ERR,ERR,ERR,ERR,ERR,ERR,ERR,34.0,80.0,35,0.0,0.0,0.0,0.0,0.0,0.0,0.0,0.0,0.0,0.0,0.0,0.0,0.0,0.0,0.0,0.0,64.4,0,116,56,50,65476,0,300,0,0,8,20529,65476,0,0,57672,80.0,0.0,0.0,0.0,0.0,0.0
2026-06-17T04:31:55,ERR,ERR,ERR,ERR,ERR,ERR,ERR,ERR,ERR,ERR,ERR,ERR,ERR,ERR,ERR,ERR,ERR,ERR,ERR,ERR,ERR,ERR,ERR,ERR,ERR,ERR,ERR,ERR,ERR,ERR,ERR,ERR,ERR,ERR,ERR,ERR,ERR,ERR,ERR,ERR,ERR,ERR,ERR,ERR,ERR,ERR,ERR,ERR,ERR,ERR,ERR,ERR,ERR,ERR,ERR,ERR,ERR,ERR,ERR,ERR,ERR,ERR,ERR,ERR,ERR,ERR,ERR,ERR,ERR,ERR,ERR,ERR,ERR,ERR,ERR,ERR,ERR,ERR,ERR,ERR,ERR,ERR,ERR,ERR,ERR,ERR,ERR,ERR,ERR,ERR,ERR,ERR,ERR,ERR,ERR,ERR,ERR,ERR,ERR,ERR,ERR,ERR,ERR,ERR,ERR,ERR,ERR,ERR,ERR,ERR,ERR,ERR,ERR,ERR,ERR,ERR,ERR,ERR,ERR,ERR,ERR,ERR,ERR,ERR,ERR,0.0,-107615328.0,0.0,0.0,0.0,1.3936040501711995e+18,7.805,0.0,0,0,4,0,7300,-0.0,0,0.0,0.0,0.0,0.0,0.0,0,0,0,0,0.0,0,0,0,0,0,0,0,0,0,0,0,0,0,0,0,0,0,0,0,0,0,0,0,0,0,0,0,0,0,0,0,0,0,32,30,30,62,65476,0,300,0,0,8,21553,0.0,-107605600.0,0.0,0.0,0.0,0.0,0.0,0.0,0.0,0.0,0.0,0.0,0.0,0.0,0.0,0.0,0.0,0.0,0.0,0.0,0.0,0.0,2.004,0.0,-0.0,-2.004,0.0,0.0,0.0,0.0,5377.0,-1.587931619850188e+29,6974.0,0.0,-107615328.0,-107615280.0,-0.0,0.0,0.0,0.0,0.0,63,71.63,0.059,0.0,0.0,0.0,0.0,0.0,0.0,0.0,0,0,0,0.0,0.0,0.0,0.0,0.0,0.0,0.0,0.0,0.0,0.0,0.0,0.0,0.0,0.0,0.0,0.0,0,-107875648.0,63,0.0,126,2.7184242562605685e+23,-0.0,ERR,ERR,ERR,ERR,ERR,ERR,ERR,ERR,ERR,ERR,ERR,ERR,ERR,ERR,ERR,ERR,ERR,ERR,ERR,ERR,ERR,ERR,ERR,ERR,ERR,ERR,ERR,ERR,ERR,ERR,ERR,ERR,ERR,ERR,ERR,ERR,ERR,ERR,ERR,ERR,ERR,ERR,ERR,ERR,ERR,ERR,ERR,ERR,ERR,ERR,ERR,ERR,ERR,ERR,ERR,ERR,ERR,ERR,ERR,ERR,ERR,ERR,ERR,ERR,ERR,ERR,ERR,34.0,80.0,35,0.0,0.0,0.0,0.0,0.0,0.0,0.0,0.0,0.0,0.0,0.0,0.0,0.0,0.0,0.0,0.0,64.4,0,116,56,50,65476,0,300,0,0,8,20529,65476,0,0,57672,80.0,0.0,0.0,0.0,0.0,0.0
2026-06-17T04:31:56,ERR,ERR,ERR,ERR,ERR,ERR,ERR,ERR,ERR,ERR,ERR,ERR,ERR,ERR,ERR,ERR,ERR,ERR,ERR,ERR,ERR,ERR,ERR,ERR,ERR,ERR,ERR,ERR,ERR,ERR,ERR,ERR,ERR,ERR,ERR,ERR,ERR,ERR,ERR,ERR,ERR,ERR,ERR,ERR,ERR,ERR,ERR,ERR,ERR,ERR,ERR,ERR,ERR,ERR,ERR,ERR,ERR,ERR,ERR,ERR,ERR,ERR,ERR,ERR,ERR,ERR,ERR,ERR,ERR,ERR,ERR,ERR,ERR,ERR,ERR,ERR,ERR,ERR,ERR,ERR,ERR,ERR,ERR,ERR,ERR,ERR,ERR,ERR,ERR,ERR,ERR,ERR,ERR,ERR,ERR,ERR,ERR,ERR,ERR,ERR,ERR,ERR,ERR,ERR,ERR,ERR,ERR,ERR,ERR,ERR,ERR,ERR,ERR,ERR,ERR,ERR,ERR,ERR,ERR,ERR,ERR,ERR,ERR,ERR,ERR,0.0,-107615328.0,0.0,0.0,0.0,1.3936040501711995e+18,7.805,0.0,0,0,4,0,7300,-0.0,0,0.0,0.0,0.0,0.0,0.0,0,0,0,0,0.0,0,0,0,0,0,0,0,0,0,0,0,0,0,0,0,0,0,0,0,0,0,0,0,0,0,0,0,0,0,0,0,0,0,32,30,30,62,65476,0,300,0,0,8,21553,0.0,-107605600.0,0.0,0.0,0.0,0.0,0.0,0.0,0.0,0.0,0.0,0.0,0.0,0.0,0.0,0.0,0.0,0.0,0.0,0.0,0.0,0.0,2.004,0.0,-0.0,-2.004,0.0,0.0,0.0,0.0,5377.0,-1.587931619850188e+29,6974.0,0.0,-107615328.0,-107615280.0,-0.0,0.0,0.0,0.0,0.0,63,71.63,0.059,0.0,0.0,0.0,0.0,0.0,0.0,0.0,0,0,0,0.0,0.0,0.0,0.0,0.0,0.0,0.0,0.0,0.0,0.0,0.0,0.0,0.0,0.0,0.0,0.0,0,-107875648.0,63,0.0,126,2.7184242562605685e+23,-0.0,ERR,ERR,ERR,ERR,ERR,ERR,ERR,ERR,ERR,ERR,ERR,ERR,ERR,ERR,ERR,ERR,ERR,ERR,ERR,ERR,ERR,ERR,ERR,ERR,ERR,ERR,ERR,ERR,ERR,ERR,ERR,ERR,ERR,ERR,ERR,ERR,ERR,ERR,ERR,ERR,ERR,ERR,ERR,ERR,ERR,ERR,ERR,ERR,ERR,ERR,ERR,ERR,ERR,ERR,ERR,ERR,ERR,ERR,ERR,ERR,ERR,ERR,ERR,ERR,ERR,ERR,ERR,34.0,80.0,35,0.0,0.0,0.0,0.0,0.0,0.0,0.0,0.0,0.0,0.0,0.0,0.0,0.0,0.0,0.0,0.0,64.4,0,116,56,50,65476,0,300,0,0,8,20529,65476,0,0,57672,80.0,0.0,0.0,0.0,0.0,0.0
2026-06-17T04:31:57,ERR,ERR,ERR,ERR,ERR,ERR,ERR,ERR,ERR,ERR,ERR,ERR,ERR,ERR,ERR,ERR,ERR,ERR,ERR,ERR,ERR,ERR,ERR,ERR,ERR,ERR,ERR,ERR,ERR,ERR,ERR,ERR,ERR,ERR,ERR,ERR,ERR,ERR,ERR,ERR,ERR,ERR,ERR,ERR,ERR,ERR,ERR,ERR,ERR,ERR,ERR,ERR,ERR,ERR,ERR,ERR,ERR,ERR,ERR,ERR,ERR,ERR,ERR,ERR,ERR,ERR,ERR,ERR,ERR,ERR,ERR,ERR,ERR,ERR,ERR,ERR,ERR,ERR,ERR,ERR,ERR,ERR,ERR,ERR,ERR,ERR,ERR,ERR,ERR,ERR,ERR,ERR,ERR,ERR,ERR,ERR,ERR,ERR,ERR,ERR,ERR,ERR,ERR,ERR,ERR,ERR,ERR,ERR,ERR,ERR,ERR,ERR,ERR,ERR,ERR,ERR,ERR,ERR,ERR,ERR,ERR,ERR,ERR,ERR,ERR,0.0,-0.0,3.028208139652935e+23,0.0,0.0,1.3936040501711995e+18,7.805,0.0,0,0,4,0,7300,-0.0,0,0.0,0.0,0.0,0.0,0.0,0,0,0,0,0.0,0,0,0,0,0,0,0,0,0,0,0,0,0,0,0,0,0,0,0,0,0,0,0,0,0,0,0,0,0,0,0,0,0,32,30,30,62,65476,0,300,0,0,8,21553,0.0,-107605600.0,0.0,0.0,0.0,0.0,0.0,0.0,0.0,0.0,0.0,0.0,0.0,0.0,0.0,0.0,0.0,0.0,0.0,0.0,0.0,0.0,2.004,0.0,-0.0,-2.004,0.0,0.0,0.0,0.0,5409.0,0.0,6945.0,0.0,-0.0,-107615280.0,-0.0,0.0,0.0,0.0,0.0,63,71.63,1.905688671546245e+17,0.0,0.0,0.0,0.0,0.0,0.0,0.0,0,0,0,0.0,0.0,0.0,0.0,0.0,0.0,0.0,0.0,0.0,0.0,0.0,0.0,0.0,0.0,0.0,0.0,0,-107875648.0,63,0.0,126,2.7184242562605685e+23,-0.0,ERR,ERR,ERR,ERR,ERR,ERR,ERR,ERR,ERR,ERR,ERR,ERR,ERR,ERR,ERR,ERR,ERR,ERR,ERR,ERR,ERR,ERR,ERR,ERR,ERR,ERR,ERR,ERR,ERR,ERR,ERR,ERR,ERR,ERR,ERR,ERR,ERR,ERR,ERR,ERR,ERR,ERR,ERR,ERR,ERR,ERR,ERR,ERR,ERR,ERR,ERR,ERR,ERR,ERR,ERR,ERR,ERR,ERR,ERR,ERR,ERR,ERR,ERR,ERR,ERR,ERR,ERR,34.0,80.0,35,0.0,0.0,0.0,0.0,0.0,0.0,0.0,0.0,0.0,0.0,0.0,0.0,0.0,0.0,0.0,0.0,64.4,0,116,56,50,65476,0,300,0,0,8,20529,65476,0,0,57672,80.0,0.0,0.0,0.0,0.0,0.0
2026-06-17T04:31:58,ERR,ERR,ERR,ERR,ERR,ERR,ERR,ERR,ERR,ERR,ERR,ERR,ERR,ERR,ERR,ERR,ERR,ERR,ERR,ERR,ERR,ERR,ERR,ERR,ERR,ERR,ERR,ERR,ERR,ERR,ERR,ERR,ERR,ERR,ERR,ERR,ERR,ERR,ERR,ERR,ERR,ERR,ERR,ERR,ERR,ERR,ERR,ERR,ERR,ERR,ERR,ERR,ERR,ERR,ERR,ERR,ERR,ERR,ERR,ERR,ERR,ERR,ERR,ERR,ERR,ERR,ERR,ERR,ERR,ERR,ERR,ERR,ERR,ERR,ERR,ERR,ERR,ERR,ERR,ERR,ERR,ERR,ERR,ERR,ERR,ERR,ERR,ERR,ERR,ERR,ERR,ERR,ERR,ERR,ERR,ERR,ERR,ERR,ERR,ERR,ERR,ERR,ERR,ERR,ERR,ERR,ERR,ERR,ERR,ERR,ERR,ERR,ERR,ERR,ERR,ERR,ERR,ERR,ERR,ERR,ERR,ERR,ERR,ERR,ERR,0.0,-0.0,3.028208139652935e+23,0.0,0.0,1.3936040501711995e+18,7.805,0.0,0,0,4,0,7300,-0.0,0,0.0,0.0,0.0,0.0,0.0,0,0,0,0,0.0,0,0,0,0,0,0,0,0,0,0,0,0,0,0,0,0,0,0,0,0,0,0,0,0,0,0,0,0,0,0,0,0,0,32,30,30,62,65476,0,300,0,0,8,21553,0.0,-107605600.0,0.0,0.0,0.0,0.0,0.0,0.0,0.0,0.0,0.0,0.0,0.0,0.0,0.0,0.0,0.0,0.0,0.0,0.0,0.0,0.0,2.004,0.0,-0.0,-2.004,0.0,0.0,0.0,0.0,5409.0,0.0,6945.0,0.0,-0.0,-107615280.0,-0.0,0.0,0.0,0.0,0.0,63,71.63,1.905688671546245e+17,0.0,0.0,0.0,0.0,0.0,0.0,0.0,0,0,0,0.0,0.0,0.0,0.0,0.0,0.0,0.0,0.0,0.0,0.0,0.0,0.0,0.0,0.0,0.0,0.0,0,-107875648.0,63,0.0,126,2.7184242562605685e+23,-0.0,ERR,ERR,ERR,ERR,ERR,ERR,ERR,ERR,ERR,ERR,ERR,ERR,ERR,ERR,ERR,ERR,ERR,ERR,ERR,ERR,ERR,ERR,ERR,ERR,ERR,ERR,ERR,ERR,ERR,ERR,ERR,ERR,ERR,ERR,ERR,ERR,ERR,ERR,ERR,ERR,ERR,ERR,ERR,ERR,ERR,ERR,ERR,ERR,ERR,ERR,ERR,ERR,ERR,ERR,ERR,ERR,ERR,ERR,ERR,ERR,ERR,ERR,ERR,ERR,ERR,ERR,ERR,34.0,80.0,35,0.0,0.0,0.0,0.0,0.0,0.0,0.0,0.0,0.0,0.0,0.0,0.0,0.0,0.0,0.0,0.0,64.4,0,116,56,50,65476,0,300,0,0,8,20529,65476,0,0,57672,80.0,0.0,0.0,0.0,0.0,0.0
2026-06-17T04:31:59,ERR,ERR,ERR,ERR,ERR,ERR,ERR,ERR,ERR,ERR,ERR,ERR,ERR,ERR,ERR,ERR,ERR,ERR,ERR,ERR,ERR,ERR,ERR,ERR,ERR,ERR,ERR,ERR,ERR,ERR,ERR,ERR,ERR,ERR,ERR,ERR,ERR,ERR,ERR,ERR,ERR,ERR,ERR,ERR,ERR,ERR,ERR,ERR,ERR,ERR,ERR,ERR,ERR,ERR,ERR,ERR,ERR,ERR,ERR,ERR,ERR,ERR,ERR,ERR,ERR,ERR,ERR,ERR,ERR,ERR,ERR,ERR,ERR,ERR,ERR,ERR,ERR,ERR,ERR,ERR,ERR,ERR,ERR,ERR,ERR,ERR,ERR,ERR,ERR,ERR,ERR,ERR,ERR,ERR,ERR,ERR,ERR,ERR,ERR,ERR,ERR,ERR,ERR,ERR,ERR,ERR,ERR,ERR,ERR,ERR,ERR,ERR,ERR,ERR,ERR,ERR,ERR,ERR,ERR,ERR,ERR,ERR,ERR,ERR,ERR,0.0,-0.0,3.028208139652935e+23,0.0,0.0,1.3936040501711995e+18,7.805,0.0,0,0,4,0,7300,-0.0,0,0.0,0.0,0.0,0.0,0.0,0,0,0,0,0.0,0,0,0,0,0,0,0,0,0,0,0,0,0,0,0,0,0,0,0,0,0,0,0,0,0,0,0,0,0,0,0,0,0,32,30,30,62,65476,0,300,0,0,8,21553,0.0,-107605600.0,0.0,0.0,0.0,0.0,0.0,0.0,0.0,0.0,0.0,0.0,0.0,0.0,0.0,0.0,0.0,0.0,0.0,0.0,0.0,0.0,2.004,0.0,-0.0,-2.004,0.0,0.0,0.0,0.0,5409.0,0.0,6945.0,0.0,-0.0,-107615280.0,-0.0,0.0,0.0,0.0,0.0,63,71.63,1.905688671546245e+17,0.0,0.0,0.0,0.0,0.0,0.0,0.0,0,0,0,0.0,0.0,0.0,0.0,0.0,0.0,0.0,0.0,0.0,0.0,0.0,0.0,0.0,0.0,0.0,0.0,0,-107875648.0,63,0.0,126,2.7184242562605685e+23,-0.0,ERR,ERR,ERR,ERR,ERR,ERR,ERR,ERR,ERR,ERR,ERR,ERR,ERR,ERR,ERR,ERR,ERR,ERR,ERR,ERR,ERR,ERR,ERR,ERR,ERR,ERR,ERR,ERR,ERR,ERR,ERR,ERR,ERR,ERR,ERR,ERR,ERR,ERR,ERR,ERR,ERR,ERR,ERR,ERR,ERR,ERR,ERR,ERR,ERR,ERR,ERR,ERR,ERR,ERR,ERR,ERR,ERR,ERR,ERR,ERR,ERR,ERR,ERR,ERR,ERR,ERR,ERR,34.0,80.0,35,0.0,0.0,0.0,0.0,0.0,0.0,0.0,0.0,0.0,0.0,0.0,0.0,0.0,0.0,0.0,0.0,64.4,0,116,56,50,65476,0,300,0,0,8,20529,65476,0,0,57672,80.0,0.0,0.0,0.0,0.0,0.0
2026-06-17T04:32:00,ERR,ERR,ERR,ERR,ERR,ERR,ERR,ERR,ERR,ERR,ERR,ERR,ERR,ERR,ERR,ERR,ERR,ERR,ERR,ERR,ERR,ERR,ERR,ERR,ERR,ERR,ERR,ERR,ERR,ERR,ERR,ERR,ERR,ERR,ERR,ERR,ERR,ERR,ERR,ERR,ERR,ERR,ERR,ERR,ERR,ERR,ERR,ERR,ERR,ERR,ERR,ERR,ERR,ERR,ERR,ERR,ERR,ERR,ERR,ERR,ERR,ERR,ERR,ERR,ERR,ERR,ERR,ERR,ERR,ERR,ERR,ERR,ERR,ERR,ERR,ERR,ERR,ERR,ERR,ERR,ERR,ERR,ERR,ERR,ERR,ERR,ERR,ERR,ERR,ERR,ERR,ERR,ERR,ERR,ERR,ERR,ERR,ERR,ERR,ERR,ERR,ERR,ERR,ERR,ERR,ERR,ERR,ERR,ERR,ERR,ERR,ERR,ERR,ERR,ERR,ERR,ERR,ERR,ERR,ERR,ERR,ERR,ERR,ERR,ERR,0.0,-0.0,3.028208139652935e+23,0.0,0.0,1.3936040501711995e+18,7.805,0.0,0,0,4,0,7300,-0.0,0,0.0,0.0,0.0,0.0,0.0,0,0,0,0,0.0,0,0,0,0,0,0,0,0,0,0,0,0,0,0,0,0,0,0,0,0,0,0,0,0,0,0,0,0,0,0,0,0,0,32,30,30,62,65476,0,300,0,0,8,21553,0.0,-107605600.0,0.0,0.0,0.0,0.0,0.0,0.0,0.0,0.0,0.0,0.0,0.0,0.0,0.0,0.0,0.0,0.0,0.0,0.0,0.0,0.0,2.004,0.0,-0.0,-2.004,0.0,0.0,0.0,0.0,5409.0,0.0,6945.0,0.0,-0.0,-107615280.0,-0.0,0.0,0.0,0.0,0.0,63,71.63,1.905688671546245e+17,0.0,0.0,0.0,0.0,0.0,0.0,0.0,0,0,0,0.0,0.0,0.0,0.0,0.0,0.0,0.0,0.0,0.0,0.0,0.0,0.0,0.0,0.0,0.0,0.0,0,-107875648.0,63,0.0,126,2.7184242562605685e+23,-0.0,ERR,ERR,ERR,ERR,ERR,ERR,ERR,ERR,ERR,ERR,ERR,ERR,ERR,ERR,ERR,ERR,ERR,ERR,ERR,ERR,ERR,ERR,ERR,ERR,ERR,ERR,ERR,ERR,ERR,ERR,ERR,ERR,ERR,ERR,ERR,ERR,ERR,ERR,ERR,ERR,ERR,ERR,ERR,ERR,ERR,ERR,ERR,ERR,ERR,ERR,ERR,ERR,ERR,ERR,ERR,ERR,ERR,ERR,ERR,ERR,ERR,ERR,ERR,ERR,ERR,ERR,ERR,34.0,80.0,35,0.0,0.0,0.0,0.0,0.0,0.0,0.0,0.0,0.0,0.0,0.0,0.0,0.0,0.0,0.0,0.0,64.4,0,116,56,50,65476,0,300,0,0,8,20529,65476,0,0,57672,80.0,0.0,0.0,0.0,0.0,0.0
2026-06-17T04:32:01,ERR,ERR,ERR,ERR,ERR,ERR,ERR,ERR,ERR,ERR,ERR,ERR,ERR,ERR,ERR,ERR,ERR,ERR,ERR,ERR,ERR,ERR,ERR,ERR,ERR,ERR,ERR,ERR,ERR,ERR,ERR,ERR,ERR,ERR,ERR,ERR,ERR,ERR,ERR,ERR,ERR,ERR,ERR,ERR,ERR,ERR,ERR,ERR,ERR,ERR,ERR,ERR,ERR,ERR,ERR,ERR,ERR,ERR,ERR,ERR,ERR,ERR,ERR,ERR,ERR,ERR,ERR,ERR,ERR,ERR,ERR,ERR,ERR,ERR,ERR,ERR,ERR,ERR,ERR,ERR,ERR,ERR,ERR,ERR,ERR,ERR,ERR,ERR,ERR,ERR,ERR,ERR,ERR,ERR,ERR,ERR,ERR,ERR,ERR,ERR,ERR,ERR,ERR,ERR,ERR,ERR,ERR,ERR,ERR,ERR,ERR,ERR,ERR,ERR,ERR,ERR,ERR,ERR,ERR,ERR,ERR,ERR,ERR,ERR,ERR,0.0,-0.0,3.028208139652935e+23,0.0,0.0,1.3936040501711995e+18,7.805,0.0,0,0,4,0,7300,-0.0,0,0.0,0.0,0.0,0.0,0.0,0,0,0,0,0.0,0,0,0,0,0,0,0,0,0,0,0,0,0,0,0,0,0,0,0,0,0,0,0,0,0,0,0,0,0,0,0,0,0,32,30,30,62,65476,0,300,0,0,8,21553,0.0,-107605600.0,0.0,0.0,0.0,0.0,0.0,0.0,0.0,0.0,0.0,0.0,0.0,0.0,0.0,0.0,0.0,0.0,0.0,0.0,0.0,0.0,2.004,0.0,-0.0,-2.004,0.0,0.0,0.0,0.0,5409.0,0.0,6945.0,0.0,-0.0,-107615280.0,-0.0,0.0,0.0,0.0,0.0,63,71.63,1.905688671546245e+17,0.0,0.0,0.0,0.0,0.0,0.0,0.0,0,0,0,0.0,0.0,0.0,0.0,0.0,0.0,0.0,0.0,0.0,0.0,0.0,0.0,0.0,0.0,0.0,0.0,0,-107875648.0,63,0.0,126,2.7184242562605685e+23,-0.0,ERR,ERR,ERR,ERR,ERR,ERR,ERR,ERR,ERR,ERR,ERR,ERR,ERR,ERR,ERR,ERR,ERR,ERR,ERR,ERR,ERR,ERR,ERR,ERR,ERR,ERR,ERR,ERR,ERR,ERR,ERR,ERR,ERR,ERR,ERR,ERR,ERR,ERR,ERR,ERR,ERR,ERR,ERR,ERR,ERR,ERR,ERR,ERR,ERR,ERR,ERR,ERR,ERR,ERR,ERR,ERR,ERR,ERR,ERR,ERR,ERR,ERR,ERR,ERR,ERR,ERR,ERR,34.0,80.0,35,0.0,0.0,0.0,0.0,0.0,0.0,0.0,0.0,0.0,0.0,0.0,0.0,0.0,0.0,0.0,0.0,64.4,0,116,56,50,65476,0,300,0,0,8,20529,65476,0,0,57672,80.0,0.0,0.0,0.0,0.0,0.0
2026-06-17T04:32:02,ERR,ERR,ERR,ERR,ERR,ERR,ERR,ERR,ERR,ERR,ERR,ERR,ERR,ERR,ERR,ERR,ERR,ERR,ERR,ERR,ERR,ERR,ERR,ERR,ERR,ERR,ERR,ERR,ERR,ERR,ERR,ERR,ERR,ERR,ERR,ERR,ERR,ERR,ERR,ERR,ERR,ERR,ERR,ERR,ERR,ERR,ERR,ERR,ERR,ERR,ERR,ERR,ERR,ERR,ERR,ERR,ERR,ERR,ERR,ERR,ERR,ERR,ERR,ERR,ERR,ERR,ERR,ERR,ERR,ERR,ERR,ERR,ERR,ERR,ERR,ERR,ERR,ERR,ERR,ERR,ERR,ERR,ERR,ERR,ERR,ERR,ERR,ERR,ERR,ERR,ERR,ERR,ERR,ERR,ERR,ERR,ERR,ERR,ERR,ERR,ERR,ERR,ERR,ERR,ERR,ERR,ERR,ERR,ERR,ERR,ERR,ERR,ERR,ERR,ERR,ERR,ERR,ERR,ERR,ERR,ERR,ERR,ERR,ERR,ERR,0.0,-0.0,3.028208139652935e+23,0.0,0.0,1.3936040501711995e+18,7.805,0.0,0,0,4,0,7300,-0.0,0,0.0,0.0,0.0,0.0,0.0,0,0,0,0,0.0,0,0,0,0,0,0,0,0,0,0,0,0,0,0,0,0,0,0,0,0,0,0,0,0,0,0,0,0,0,0,0,0,0,32,30,30,62,65476,0,300,0,0,8,21553,0.0,-107605600.0,0.0,0.0,0.0,0.0,0.0,0.0,0.0,0.0,0.0,0.0,0.0,0.0,0.0,0.0,0.0,0.0,0.0,0.0,0.0,0.0,2.004,0.0,-0.0,-2.004,0.0,0.0,0.0,0.0,5409.0,0.0,6945.0,0.0,-0.0,-107615280.0,-0.0,0.0,0.0,0.0,0.0,63,71.63,1.905688671546245e+17,0.0,0.0,0.0,0.0,0.0,0.0,0.0,0,0,0,0.0,0.0,0.0,0.0,0.0,0.0,0.0,0.0,0.0,0.0,0.0,0.0,0.0,0.0,0.0,0.0,0,-107875648.0,63,0.0,126,2.7184242562605685e+23,-0.0,ERR,ERR,ERR,ERR,ERR,ERR,ERR,ERR,ERR,ERR,ERR,ERR,ERR,ERR,ERR,ERR,ERR,ERR,ERR,ERR,ERR,ERR,ERR,ERR,ERR,ERR,ERR,ERR,ERR,ERR,ERR,ERR,ERR,ERR,ERR,ERR,ERR,ERR,ERR,ERR,ERR,ERR,ERR,ERR,ERR,ERR,ERR,ERR,ERR,ERR,ERR,ERR,ERR,ERR,ERR,ERR,ERR,ERR,ERR,ERR,ERR,ERR,ERR,ERR,ERR,ERR,ERR,34.0,80.0,35,0.0,0.0,0.0,0.0,0.0,0.0,0.0,0.0,0.0,0.0,0.0,0.0,0.0,0.0,0.0,0.0,64.4,0,116,56,50,65476,0,300,0,0,8,20529,65476,0,0,57672,80.0,0.0,0.0,0.0,0.0,0.0
2026-06-17T04:32:03,ERR,ERR,ERR,ERR,ERR,ERR,ERR,ERR,ERR,ERR,ERR,ERR,ERR,ERR,ERR,ERR,ERR,ERR,ERR,ERR,ERR,ERR,ERR,ERR,ERR,ERR,ERR,ERR,ERR,ERR,ERR,ERR,ERR,ERR,ERR,ERR,ERR,ERR,ERR,ERR,ERR,ERR,ERR,ERR,ERR,ERR,ERR,ERR,ERR,ERR,ERR,ERR,ERR,ERR,ERR,ERR,ERR,ERR,ERR,ERR,ERR,ERR,ERR,ERR,ERR,ERR,ERR,ERR,ERR,ERR,ERR,ERR,ERR,ERR,ERR,ERR,ERR,ERR,ERR,ERR,ERR,ERR,ERR,ERR,ERR,ERR,ERR,ERR,ERR,ERR,ERR,ERR,ERR,ERR,ERR,ERR,ERR,ERR,ERR,ERR,ERR,ERR,ERR,ERR,ERR,ERR,ERR,ERR,ERR,ERR,ERR,ERR,ERR,ERR,ERR,ERR,ERR,ERR,ERR,ERR,ERR,ERR,ERR,ERR,ERR,0.0,-0.0,3.028208139652935e+23,0.0,0.0,1.3936040501711995e+18,7.805,0.0,0,0,4,0,7300,-0.0,0,0.0,0.0,0.0,0.0,0.0,0,0,0,0,0.0,0,0,0,0,0,0,0,0,0,0,0,0,0,0,0,0,0,0,0,0,0,0,0,0,0,0,0,0,0,0,0,0,0,32,30,30,62,65476,0,300,0,0,8,21553,0.0,-107605600.0,0.0,0.0,0.0,0.0,0.0,0.0,0.0,0.0,0.0,0.0,0.0,0.0,0.0,0.0,0.0,0.0,0.0,0.0,0.0,0.0,2.004,0.0,-0.0,-2.004,0.0,0.0,0.0,0.0,5377.0,-2.4229913632967957e+24,6973.0,0.0,-107615328.0,-107615280.0,-0.0,0.0,0.0,0.0,0.0,63,71.63,0.0,0.0,0.0,0.0,0.0,0.0,0.0,0.0,0,0,0,0.0,0.0,0.0,0.0,0.0,0.0,0.0,0.0,0.0,0.0,0.0,0.0,0.0,0.0,0.0,0.0,0,-107875648.0,63,0.0,126,2.7184242562605685e+23,-0.0,ERR,ERR,ERR,ERR,ERR,ERR,ERR,ERR,ERR,ERR,ERR,ERR,ERR,ERR,ERR,ERR,ERR,ERR,ERR,ERR,ERR,ERR,ERR,ERR,ERR,ERR,ERR,ERR,ERR,ERR,ERR,ERR,ERR,ERR,ERR,ERR,ERR,ERR,ERR,ERR,ERR,ERR,ERR,ERR,ERR,ERR,ERR,ERR,ERR,ERR,ERR,ERR,ERR,ERR,ERR,ERR,ERR,ERR,ERR,ERR,ERR,ERR,ERR,ERR,ERR,ERR,ERR,34.0,80.0,35,0.0,0.0,0.0,0.0,0.0,0.0,0.0,0.0,0.0,0.0,0.0,0.0,0.0,0.0,0.0,0.0,64.4,0,116,56,50,65476,0,300,0,0,8,20529,65476,0,0,57672,80.0,0.0,0.0,0.0,0.0,0.0
2026-06-17T04:32:04,ERR,ERR,ERR,ERR,ERR,ERR,ERR,ERR,ERR,ERR,ERR,ERR,ERR,ERR,ERR,ERR,ERR,ERR,ERR,ERR,ERR,ERR,ERR,ERR,ERR,ERR,ERR,ERR,ERR,ERR,ERR,ERR,ERR,ERR,ERR,ERR,ERR,ERR,ERR,ERR,ERR,ERR,ERR,ERR,ERR,ERR,ERR,ERR,ERR,ERR,ERR,ERR,ERR,ERR,ERR,ERR,ERR,ERR,ERR,ERR,ERR,ERR,ERR,ERR,ERR,ERR,ERR,ERR,ERR,ERR,ERR,ERR,ERR,ERR,ERR,ERR,ERR,ERR,ERR,ERR,ERR,ERR,ERR,ERR,ERR,ERR,ERR,ERR,ERR,ERR,ERR,ERR,ERR,ERR,ERR,ERR,ERR,ERR,ERR,ERR,ERR,ERR,ERR,ERR,ERR,ERR,ERR,ERR,ERR,ERR,ERR,ERR,ERR,ERR,ERR,ERR,ERR,ERR,ERR,ERR,ERR,ERR,ERR,ERR,ERR,0.0,-0.0,3.028208139652935e+23,0.0,0.0,1.3936040501711995e+18,7.805,0.0,0,0,4,0,7300,-0.0,0,0.0,0.0,0.0,0.0,0.0,0,0,0,0,0.0,0,0,0,0,0,0,0,0,0,0,0,0,0,0,0,0,0,0,0,0,0,0,0,0,0,0,0,0,0,0,0,0,0,32,30,30,62,65476,0,300,0,0,8,21553,0.0,-107605600.0,0.0,0.0,0.0,0.0,0.0,0.0,0.0,0.0,0.0,0.0,0.0,0.0,0.0,0.0,0.0,0.0,0.0,0.0,0.0,0.0,2.004,0.0,-0.0,-2.004,0.0,0.0,0.0,0.0,5377.0,-2.4229913632967957e+24,6973.0,0.0,-107615328.0,-107615280.0,-0.0,0.0,0.0,0.0,0.0,63,71.63,0.0,0.0,0.0,0.0,0.0,0.0,0.0,0.0,0,0,0,0.0,0.0,0.0,0.0,0.0,0.0,0.0,0.0,0.0,0.0,0.0,0.0,0.0,0.0,0.0,0.0,0,-107875648.0,63,0.0,126,2.7184242562605685e+23,-0.0,ERR,ERR,ERR,ERR,ERR,ERR,ERR,ERR,ERR,ERR,ERR,ERR,ERR,ERR,ERR,ERR,ERR,ERR,ERR,ERR,ERR,ERR,ERR,ERR,ERR,ERR,ERR,ERR,ERR,ERR,ERR,ERR,ERR,ERR,ERR,ERR,ERR,ERR,ERR,ERR,ERR,ERR,ERR,ERR,ERR,ERR,ERR,ERR,ERR,ERR,ERR,ERR,ERR,ERR,ERR,ERR,ERR,ERR,ERR,ERR,ERR,ERR,ERR,ERR,ERR,ERR,ERR,34.0,80.0,35,0.0,0.0,0.0,0.0,0.0,0.0,0.0,0.0,0.0,0.0,0.0,0.0,0.0,0.0,0.0,0.0,64.4,0,116,56,50,65476,0,300,0,0,8,20529,65476,0,0,57672,80.0,0.0,0.0,0.0,0.0,0.0
2026-06-17T04:32:05,ERR,ERR,ERR,ERR,ERR,ERR,ERR,ERR,ERR,ERR,ERR,ERR,ERR,ERR,ERR,ERR,ERR,ERR,ERR,ERR,ERR,ERR,ERR,ERR,ERR,ERR,ERR,ERR,ERR,ERR,ERR,ERR,ERR,ERR,ERR,ERR,ERR,ERR,ERR,ERR,ERR,ERR,ERR,ERR,ERR,ERR,ERR,ERR,ERR,ERR,ERR,ERR,ERR,ERR,ERR,ERR,ERR,ERR,ERR,ERR,ERR,ERR,ERR,ERR,ERR,ERR,ERR,ERR,ERR,ERR,ERR,ERR,ERR,ERR,ERR,ERR,ERR,ERR,ERR,ERR,ERR,ERR,ERR,ERR,ERR,ERR,ERR,ERR,ERR,ERR,ERR,ERR,ERR,ERR,ERR,ERR,ERR,ERR,ERR,ERR,ERR,ERR,ERR,ERR,ERR,ERR,ERR,ERR,ERR,ERR,ERR,ERR,ERR,ERR,ERR,ERR,ERR,ERR,ERR,ERR,ERR,ERR,ERR,ERR,ERR,0.0,-0.0,3.028208139652935e+23,0.0,0.0,1.3936040501711995e+18,7.805,0.0,0,0,4,0,7300,-0.0,0,0.0,0.0,0.0,0.0,0.0,0,0,0,0,0.0,0,0,0,0,0,0,0,0,0,0,0,0,0,0,0,0,0,0,0,0,0,0,0,0,0,0,0,0,0,0,0,0,0,32,30,30,62,65476,0,300,0,0,8,21553,0.0,-107605600.0,0.0,0.0,0.0,0.0,0.0,0.0,0.0,0.0,0.0,0.0,0.0,0.0,0.0,0.0,0.0,0.0,0.0,0.0,0.0,0.0,2.004,0.0,-0.0,-2.004,0.0,0.0,0.0,0.0,5377.0,-2.4229913632967957e+24,6973.0,0.0,-107615328.0,-107615280.0,-0.0,0.0,0.0,0.0,0.0,63,71.63,0.0,0.0,0.0,0.0,0.0,0.0,0.0,0.0,0,0,0,0.0,0.0,0.0,0.0,0.0,0.0,0.0,0.0,0.0,0.0,0.0,0.0,0.0,0.0,0.0,0.0,0,-107875648.0,63,0.0,126,2.7184242562605685e+23,-0.0,ERR,ERR,ERR,ERR,ERR,ERR,ERR,ERR,ERR,ERR,ERR,ERR,ERR,ERR,ERR,ERR,ERR,ERR,ERR,ERR,ERR,ERR,ERR,ERR,ERR,ERR,ERR,ERR,ERR,ERR,ERR,ERR,ERR,ERR,ERR,ERR,ERR,ERR,ERR,ERR,ERR,ERR,ERR,ERR,ERR,ERR,ERR,ERR,ERR,ERR,ERR,ERR,ERR,ERR,ERR,ERR,ERR,ERR,ERR,ERR,ERR,ERR,ERR,ERR,ERR,ERR,ERR,34.0,80.0,35,0.0,0.0,0.0,0.0,0.0,0.0,0.0,0.0,0.0,0.0,0.0,0.0,0.0,0.0,0.0,0.0,64.4,0,116,56,50,65476,0,300,0,0,8,20529,65476,0,0,57672,80.0,0.0,0.0,0.0,0.0,0.0
2026-06-17T04:32:06,ERR,ERR,ERR,ERR,ERR,ERR,ERR,ERR,ERR,ERR,ERR,ERR,ERR,ERR,ERR,ERR,ERR,ERR,ERR,ERR,ERR,ERR,ERR,ERR,ERR,ERR,ERR,ERR,ERR,ERR,ERR,ERR,ERR,ERR,ERR,ERR,ERR,ERR,ERR,ERR,ERR,ERR,ERR,ERR,ERR,ERR,ERR,ERR,ERR,ERR,ERR,ERR,ERR,ERR,ERR,ERR,ERR,ERR,ERR,ERR,ERR,ERR,ERR,ERR,ERR,ERR,ERR,ERR,ERR,ERR,ERR,ERR,ERR,ERR,ERR,ERR,ERR,ERR,ERR,ERR,ERR,ERR,ERR,ERR,ERR,ERR,ERR,ERR,ERR,ERR,ERR,ERR,ERR,ERR,ERR,ERR,ERR,ERR,ERR,ERR,ERR,ERR,ERR,ERR,ERR,ERR,ERR,ERR,ERR,ERR,ERR,ERR,ERR,ERR,ERR,ERR,ERR,ERR,ERR,ERR,ERR,ERR,ERR,ERR,ERR,0.0,-0.0,3.028208139652935e+23,0.0,0.0,1.3936040501711995e+18,7.805,0.0,0,0,4,0,7300,-0.0,0,0.0,0.0,0.0,0.0,0.0,0,0,0,0,0.0,0,0,0,0,0,0,0,0,0,0,0,0,0,0,0,0,0,0,0,0,0,0,0,0,0,0,0,0,0,0,0,0,0,32,30,30,62,65476,0,300,0,0,8,21553,0.0,-107605600.0,0.0,0.0,0.0,0.0,0.0,0.0,0.0,0.0,0.0,0.0,0.0,0.0,0.0,0.0,0.0,0.0,0.0,0.0,0.0,0.0,2.004,0.0,-0.0,-2.004,0.0,0.0,0.0,0.0,5377.0,-2.4229913632967957e+24,6973.0,0.0,-107615328.0,-107615280.0,-0.0,0.0,0.0,0.0,0.0,63,71.63,0.0,0.0,0.0,0.0,0.0,0.0,0.0,0.0,0,0,0,0.0,0.0,0.0,0.0,0.0,0.0,0.0,0.0,0.0,0.0,0.0,0.0,0.0,0.0,0.0,0.0,0,-107875648.0,63,0.0,126,2.7184242562605685e+23,-0.0,ERR,ERR,ERR,ERR,ERR,ERR,ERR,ERR,ERR,ERR,ERR,ERR,ERR,ERR,ERR,ERR,ERR,ERR,ERR,ERR,ERR,ERR,ERR,ERR,ERR,ERR,ERR,ERR,ERR,ERR,ERR,ERR,ERR,ERR,ERR,ERR,ERR,ERR,ERR,ERR,ERR,ERR,ERR,ERR,ERR,ERR,ERR,ERR,ERR,ERR,ERR,ERR,ERR,ERR,ERR,ERR,ERR,ERR,ERR,ERR,ERR,ERR,ERR,ERR,ERR,ERR,ERR,34.0,80.0,35,0.0,0.0,0.0,0.0,0.0,0.0,0.0,0.0,0.0,0.0,0.0,0.0,0.0,0.0,0.0,0.0,64.4,0,116,56,50,65476,0,300,0,0,8,20529,65476,0,0,57672,80.0,0.0,0.0,0.0,0.0,0.0
2026-06-17T04:32:07,ERR,ERR,ERR,ERR,ERR,ERR,ERR,ERR,ERR,ERR,ERR,ERR,ERR,ERR,ERR,ERR,ERR,ERR,ERR,ERR,ERR,ERR,ERR,ERR,ERR,ERR,ERR,ERR,ERR,ERR,ERR,ERR,ERR,ERR,ERR,ERR,ERR,ERR,ERR,ERR,ERR,ERR,ERR,ERR,ERR,ERR,ERR,ERR,ERR,ERR,ERR,ERR,ERR,ERR,ERR,ERR,ERR,ERR,ERR,ERR,ERR,ERR,ERR,ERR,ERR,ERR,ERR,ERR,ERR,ERR,ERR,ERR,ERR,ERR,ERR,ERR,ERR,ERR,ERR,ERR,ERR,ERR,ERR,ERR,ERR,ERR,ERR,ERR,ERR,ERR,ERR,ERR,ERR,ERR,ERR,ERR,ERR,ERR,ERR,ERR,ERR,ERR,ERR,ERR,ERR,ERR,ERR,ERR,ERR,ERR,ERR,ERR,ERR,ERR,ERR,ERR,ERR,ERR,ERR,ERR,ERR,ERR,ERR,ERR,ERR,0.0,-0.0,3.028208139652935e+23,0.0,0.0,1.3936040501711995e+18,7.805,0.0,0,0,4,0,7300,-0.0,0,0.0,0.0,0.0,0.0,0.0,0,0,0,0,0.0,0,0,0,0,0,0,0,0,0,0,0,0,0,0,0,0,0,0,0,0,0,0,0,0,0,0,0,0,0,0,0,0,0,32,30,30,62,65476,0,300,0,0,8,21553,0.0,-107605600.0,0.0,0.0,0.0,0.0,0.0,0.0,0.0,0.0,0.0,0.0,0.0,0.0,0.0,0.0,0.0,0.0,0.0,0.0,0.0,0.0,2.004,0.0,-0.0,-2.004,0.0,0.0,0.0,0.0,5377.0,-2.4229913632967957e+24,6973.0,0.0,-107615328.0,-107615280.0,-0.0,0.0,0.0,0.0,0.0,63,71.63,0.0,0.0,0.0,0.0,0.0,0.0,0.0,0.0,0,0,0,0.0,0.0,0.0,0.0,0.0,0.0,0.0,0.0,0.0,0.0,0.0,0.0,0.0,0.0,0.0,0.0,0,-107875648.0,63,0.0,126,2.7184242562605685e+23,-0.0,ERR,ERR,ERR,ERR,ERR,ERR,ERR,ERR,ERR,ERR,ERR,ERR,ERR,ERR,ERR,ERR,ERR,ERR,ERR,ERR,ERR,ERR,ERR,ERR,ERR,ERR,ERR,ERR,ERR,ERR,ERR,ERR,ERR,ERR,ERR,ERR,ERR,ERR,ERR,ERR,ERR,ERR,ERR,ERR,ERR,ERR,ERR,ERR,ERR,ERR,ERR,ERR,ERR,ERR,ERR,ERR,ERR,ERR,ERR,ERR,ERR,ERR,ERR,ERR,ERR,ERR,ERR,34.0,80.0,35,0.0,0.0,0.0,0.0,0.0,0.0,0.0,0.0,0.0,0.0,0.0,0.0,0.0,0.0,0.0,0.0,64.4,0,116,56,50,65476,0,300,0,0,8,20529,65476,0,0,57672,80.0,0.0,0.0,0.0,0.0,0.0
2026-06-17T04:32:08,ERR,ERR,ERR,ERR,ERR,ERR,ERR,ERR,ERR,ERR,ERR,ERR,ERR,ERR,ERR,ERR,ERR,ERR,ERR,ERR,ERR,ERR,ERR,ERR,ERR,ERR,ERR,ERR,ERR,ERR,ERR,ERR,ERR,ERR,ERR,ERR,ERR,ERR,ERR,ERR,ERR,ERR,ERR,ERR,ERR,ERR,ERR,ERR,ERR,ERR,ERR,ERR,ERR,ERR,ERR,ERR,ERR,ERR,ERR,ERR,ERR,ERR,ERR,ERR,ERR,ERR,ERR,ERR,ERR,ERR,ERR,ERR,ERR,ERR,ERR,ERR,ERR,ERR,ERR,ERR,ERR,ERR,ERR,ERR,ERR,ERR,ERR,ERR,ERR,ERR,ERR,ERR,ERR,ERR,ERR,ERR,ERR,ERR,ERR,ERR,ERR,ERR,ERR,ERR,ERR,ERR,ERR,ERR,ERR,ERR,ERR,ERR,ERR,ERR,ERR,ERR,ERR,ERR,ERR,ERR,ERR,ERR,ERR,ERR,ERR,0.0,-0.0,3.028208139652935e+23,0.0,0.0,1.3936040501711995e+18,7.805,0.0,0,0,4,0,7300,-0.0,0,0.0,0.0,0.0,0.0,0.0,0,0,0,0,0.0,0,0,0,0,0,0,0,0,0,0,0,0,0,0,0,0,0,0,0,0,0,0,0,0,0,0,0,0,0,0,0,0,0,32,30,30,62,65476,0,300,0,0,8,21553,0.0,-107605600.0,0.0,0.0,0.0,0.0,0.0,0.0,0.0,0.0,0.0,0.0,0.0,0.0,0.0,0.0,0.0,0.0,0.0,0.0,0.0,0.0,2.004,-2.004,-0.0,-2.004,0.0,0.0,0.0,0.0,5376.0,-131350.625,6969.0,0.0,-107615328.0,-107615280.0,-0.0,0.0,0.0,0.0,0.0,63,0.059,0.0,0.0,0.0,0.0,0.0,0.0,0.0,0.0,0,0,0,0.0,0.0,0.0,0.0,0.0,0.0,0.0,0.0,0.0,0.0,0.0,0.0,0.0,0.0,0.0,0.0,0,-107875648.0,63,0.0,126,2.7184242562605685e+23,-0.0,ERR,ERR,ERR,ERR,ERR,ERR,ERR,ERR,ERR,ERR,ERR,ERR,ERR,ERR,ERR,ERR,ERR,ERR,ERR,ERR,ERR,ERR,ERR,ERR,ERR,ERR,ERR,ERR,ERR,ERR,ERR,ERR,ERR,ERR,ERR,ERR,ERR,ERR,ERR,ERR,ERR,ERR,ERR,ERR,ERR,ERR,ERR,ERR,ERR,ERR,ERR,ERR,ERR,ERR,ERR,ERR,ERR,ERR,ERR,ERR,ERR,ERR,ERR,ERR,ERR,ERR,ERR,34.0,80.0,35,0.0,0.0,0.0,0.0,0.0,0.0,0.0,0.0,0.0,0.0,0.0,0.0,0.0,0.0,0.0,0.0,64.4,0,116,56,50,65476,0,300,0,0,8,20529,65476,0,0,57672,80.0,0.0,0.0,0.0,0.0,0.0
2026-06-17T04:32:09,ERR,ERR,ERR,ERR,ERR,ERR,ERR,ERR,ERR,ERR,ERR,ERR,ERR,ERR,ERR,ERR,ERR,ERR,ERR,ERR,ERR,ERR,ERR,ERR,ERR,ERR,ERR,ERR,ERR,ERR,ERR,ERR,ERR,ERR,ERR,ERR,ERR,ERR,ERR,ERR,ERR,ERR,ERR,ERR,ERR,ERR,ERR,ERR,ERR,ERR,ERR,ERR,ERR,ERR,ERR,ERR,ERR,ERR,ERR,ERR,ERR,ERR,ERR,ERR,ERR,ERR,ERR,ERR,ERR,ERR,ERR,ERR,ERR,ERR,ERR,ERR,ERR,ERR,ERR,ERR,ERR,ERR,ERR,ERR,ERR,ERR,ERR,ERR,ERR,ERR,ERR,ERR,ERR,ERR,ERR,ERR,ERR,ERR,ERR,ERR,ERR,ERR,ERR,ERR,ERR,ERR,ERR,ERR,ERR,ERR,ERR,ERR,ERR,ERR,ERR,ERR,ERR,ERR,ERR,ERR,ERR,ERR,ERR,ERR,ERR,0.0,-0.0,3.028208139652935e+23,0.0,0.0,1.3936040501711995e+18,7.805,0.0,0,0,4,0,7300,-0.0,0,0.0,0.0,0.0,0.0,0.0,0,0,0,0,0.0,0,0,0,0,0,0,0,0,0,0,0,0,0,0,0,0,0,0,0,0,0,0,0,0,0,0,0,0,0,0,0,0,0,32,30,30,62,65476,0,300,0,0,8,21553,0.0,-107605600.0,0.0,0.0,0.0,0.0,0.0,0.0,0.0,0.0,0.0,0.0,0.0,0.0,0.0,0.0,0.0,0.0,0.0,0.0,0.0,0.0,2.004,-2.004,-0.0,-2.004,0.0,0.0,0.0,0.0,5376.0,-131350.625,6969.0,0.0,-107615328.0,-107615280.0,-0.0,0.0,0.0,0.0,0.0,63,0.059,0.0,0.0,0.0,0.0,0.0,0.0,0.0,0.0,0,0,0,0.0,0.0,0.0,0.0,0.0,0.0,0.0,0.0,0.0,0.0,0.0,0.0,0.0,0.0,0.0,0.0,0,-107875648.0,63,0.0,126,2.7184242562605685e+23,-0.0,ERR,ERR,ERR,ERR,ERR,ERR,ERR,ERR,ERR,ERR,ERR,ERR,ERR,ERR,ERR,ERR,ERR,ERR,ERR,ERR,ERR,ERR,ERR,ERR,ERR,ERR,ERR,ERR,ERR,ERR,ERR,ERR,ERR,ERR,ERR,ERR,ERR,ERR,ERR,ERR,ERR,ERR,ERR,ERR,ERR,ERR,ERR,ERR,ERR,ERR,ERR,ERR,ERR,ERR,ERR,ERR,ERR,ERR,ERR,ERR,ERR,ERR,ERR,ERR,ERR,ERR,ERR,34.0,80.0,35,0.0,0.0,0.0,0.0,0.0,0.0,0.0,0.0,0.0,0.0,0.0,0.0,0.0,0.0,0.0,0.0,64.4,0,116,56,50,65476,0,300,0,0,8,20529,65476,0,0,57672,80.0,0.0,0.0,0.0,0.0,0.0
2026-06-17T04:32:10,ERR,ERR,ERR,ERR,ERR,ERR,ERR,ERR,ERR,ERR,ERR,ERR,ERR,ERR,ERR,ERR,ERR,ERR,ERR,ERR,ERR,ERR,ERR,ERR,ERR,ERR,ERR,ERR,ERR,ERR,ERR,ERR,ERR,ERR,ERR,ERR,ERR,ERR,ERR,ERR,ERR,ERR,ERR,ERR,ERR,ERR,ERR,ERR,ERR,ERR,ERR,ERR,ERR,ERR,ERR,ERR,ERR,ERR,ERR,ERR,ERR,ERR,ERR,ERR,ERR,ERR,ERR,ERR,ERR,ERR,ERR,ERR,ERR,ERR,ERR,ERR,ERR,ERR,ERR,ERR,ERR,ERR,ERR,ERR,ERR,ERR,ERR,ERR,ERR,ERR,ERR,ERR,ERR,ERR,ERR,ERR,ERR,ERR,ERR,ERR,ERR,ERR,ERR,ERR,ERR,ERR,ERR,ERR,ERR,ERR,ERR,ERR,ERR,ERR,ERR,ERR,ERR,ERR,ERR,ERR,ERR,ERR,ERR,ERR,ERR,0.0,-0.0,3.028208139652935e+23,0.0,0.0,1.3936040501711995e+18,7.805,0.0,0,0,4,0,7300,-0.0,0,0.0,0.0,0.0,0.0,0.0,0,0,0,0,0.0,0,0,0,0,0,0,0,0,0,0,0,0,0,0,0,0,0,0,0,0,0,0,0,0,0,0,0,0,0,0,0,0,0,32,30,30,62,65476,0,300,0,0,8,21553,0.0,-107605600.0,0.0,0.0,0.0,0.0,0.0,0.0,0.0,0.0,0.0,0.0,0.0,0.0,0.0,0.0,0.0,0.0,0.0,0.0,0.0,0.0,2.004,-2.004,-0.0,-2.004,0.0,0.0,0.0,0.0,5376.0,-131350.625,6969.0,0.0,-107615328.0,-107615280.0,-0.0,0.0,0.0,0.0,0.0,63,0.059,0.0,0.0,0.0,0.0,0.0,0.0,0.0,0.0,0,0,0,0.0,0.0,0.0,0.0,0.0,0.0,0.0,0.0,0.0,0.0,0.0,0.0,0.0,0.0,0.0,0.0,0,-107875648.0,63,0.0,126,2.7184242562605685e+23,-0.0,ERR,ERR,ERR,ERR,ERR,ERR,ERR,ERR,ERR,ERR,ERR,ERR,ERR,ERR,ERR,ERR,ERR,ERR,ERR,ERR,ERR,ERR,ERR,ERR,ERR,ERR,ERR,ERR,ERR,ERR,ERR,ERR,ERR,ERR,ERR,ERR,ERR,ERR,ERR,ERR,ERR,ERR,ERR,ERR,ERR,ERR,ERR,ERR,ERR,ERR,ERR,ERR,ERR,ERR,ERR,ERR,ERR,ERR,ERR,ERR,ERR,ERR,ERR,ERR,ERR,ERR,ERR,34.0,80.0,35,0.0,0.0,0.0,0.0,0.0,0.0,0.0,0.0,0.0,0.0,0.0,0.0,0.0,0.0,0.0,0.0,64.4,0,116,56,50,65476,0,300,0,0,8,20529,65476,0,0,57672,80.0,0.0,0.0,0.0,0.0,0.0
2026-06-17T04:32:11,ERR,ERR,ERR,ERR,ERR,ERR,ERR,ERR,ERR,ERR,ERR,ERR,ERR,ERR,ERR,ERR,ERR,ERR,ERR,ERR,ERR,ERR,ERR,ERR,ERR,ERR,ERR,ERR,ERR,ERR,ERR,ERR,ERR,ERR,ERR,ERR,ERR,ERR,ERR,ERR,ERR,ERR,ERR,ERR,ERR,ERR,ERR,ERR,ERR,ERR,ERR,ERR,ERR,ERR,ERR,ERR,ERR,ERR,ERR,ERR,ERR,ERR,ERR,ERR,ERR,ERR,ERR,ERR,ERR,ERR,ERR,ERR,ERR,ERR,ERR,ERR,ERR,ERR,ERR,ERR,ERR,ERR,ERR,ERR,ERR,ERR,ERR,ERR,ERR,ERR,ERR,ERR,ERR,ERR,ERR,ERR,ERR,ERR,ERR,ERR,ERR,ERR,ERR,ERR,ERR,ERR,ERR,ERR,ERR,ERR,ERR,ERR,ERR,ERR,ERR,ERR,ERR,ERR,ERR,ERR,ERR,ERR,ERR,ERR,ERR,0.0,-0.0,3.028208139652935e+23,0.0,0.0,1.3936040501711995e+18,7.805,0.0,0,0,4,0,7300,-0.0,0,0.0,0.0,0.0,0.0,0.0,0,0,0,0,0.0,0,0,0,0,0,0,0,0,0,0,0,0,0,0,0,0,0,0,0,0,0,0,0,0,0,0,0,0,0,0,0,0,0,32,30,30,62,65476,0,300,0,0,8,21553,0.0,-107605600.0,0.0,0.0,0.0,0.0,0.0,0.0,0.0,0.0,0.0,0.0,0.0,0.0,0.0,0.0,0.0,0.0,0.0,0.0,0.0,0.0,2.004,-2.004,-0.0,-2.004,0.0,0.0,0.0,0.0,5376.0,-131350.625,6969.0,0.0,-107615328.0,-107615280.0,-0.0,0.0,0.0,0.0,0.0,63,0.059,0.0,0.0,0.0,0.0,0.0,0.0,0.0,0.0,0,0,0,0.0,0.0,0.0,0.0,0.0,0.0,0.0,0.0,0.0,0.0,0.0,0.0,0.0,0.0,0.0,0.0,0,-107875648.0,63,0.0,126,2.7184242562605685e+23,-0.0,ERR,ERR,ERR,ERR,ERR,ERR,ERR,ERR,ERR,ERR,ERR,ERR,ERR,ERR,ERR,ERR,ERR,ERR,ERR,ERR,ERR,ERR,ERR,ERR,ERR,ERR,ERR,ERR,ERR,ERR,ERR,ERR,ERR,ERR,ERR,ERR,ERR,ERR,ERR,ERR,ERR,ERR,ERR,ERR,ERR,ERR,ERR,ERR,ERR,ERR,ERR,ERR,ERR,ERR,ERR,ERR,ERR,ERR,ERR,ERR,ERR,ERR,ERR,ERR,ERR,ERR,ERR,34.0,80.0,35,0.0,0.0,0.0,0.0,0.0,0.0,0.0,0.0,0.0,0.0,0.0,0.0,0.0,0.0,0.0,0.0,64.4,0,116,56,50,65476,0,300,0,0,8,20529,65476,0,0,57672,80.0,0.0,0.0,0.0,0.0,0.0
2026-06-17T04:32:12,ERR,ERR,ERR,ERR,ERR,ERR,ERR,ERR,ERR,ERR,ERR,ERR,ERR,ERR,ERR,ERR,ERR,ERR,ERR,ERR,ERR,ERR,ERR,ERR,ERR,ERR,ERR,ERR,ERR,ERR,ERR,ERR,ERR,ERR,ERR,ERR,ERR,ERR,ERR,ERR,ERR,ERR,ERR,ERR,ERR,ERR,ERR,ERR,ERR,ERR,ERR,ERR,ERR,ERR,ERR,ERR,ERR,ERR,ERR,ERR,ERR,ERR,ERR,ERR,ERR,ERR,ERR,ERR,ERR,ERR,ERR,ERR,ERR,ERR,ERR,ERR,ERR,ERR,ERR,ERR,ERR,ERR,ERR,ERR,ERR,ERR,ERR,ERR,ERR,ERR,ERR,ERR,ERR,ERR,ERR,ERR,ERR,ERR,ERR,ERR,ERR,ERR,ERR,ERR,ERR,ERR,ERR,ERR,ERR,ERR,ERR,ERR,ERR,ERR,ERR,ERR,ERR,ERR,ERR,ERR,ERR,ERR,ERR,ERR,ERR,0.0,-0.0,3.028208139652935e+23,0.0,0.0,1.3936040501711995e+18,7.805,0.0,0,0,4,0,7300,-0.0,0,0.0,0.0,0.0,0.0,0.0,0,0,0,0,0.0,0,0,0,0,0,0,0,0,0,0,0,0,0,0,0,0,0,0,0,0,0,0,0,0,0,0,0,0,0,0,0,0,0,32,30,30,62,65476,0,300,0,0,8,21553,0.0,-107605600.0,0.0,0.0,0.0,0.0,0.0,0.0,0.0,0.0,0.0,0.0,0.0,0.0,0.0,0.0,0.0,0.0,0.0,0.0,0.0,0.0,2.004,-2.004,-0.0,-2.004,0.0,0.0,0.0,0.0,5376.0,-131350.625,6969.0,0.0,-107615328.0,-107615280.0,-0.0,0.0,0.0,0.0,0.0,63,0.059,0.0,0.0,0.0,0.0,0.0,0.0,0.0,0.0,0,0,0,0.0,0.0,0.0,0.0,0.0,0.0,0.0,0.0,0.0,0.0,0.0,0.0,0.0,0.0,0.0,0.0,0,-107875648.0,63,0.0,126,2.7184242562605685e+23,-0.0,ERR,ERR,ERR,ERR,ERR,ERR,ERR,ERR,ERR,ERR,ERR,ERR,ERR,ERR,ERR,ERR,ERR,ERR,ERR,ERR,ERR,ERR,ERR,ERR,ERR,ERR,ERR,ERR,ERR,ERR,ERR,ERR,ERR,ERR,ERR,ERR,ERR,ERR,ERR,ERR,ERR,ERR,ERR,ERR,ERR,ERR,ERR,ERR,ERR,ERR,ERR,ERR,ERR,ERR,ERR,ERR,ERR,ERR,ERR,ERR,ERR,ERR,ERR,ERR,ERR,ERR,ERR,34.0,80.0,35,0.0,0.0,0.0,0.0,0.0,0.0,0.0,0.0,0.0,0.0,0.0,0.0,0.0,0.0,0.0,0.0,64.4,0,116,56,50,65476,0,300,0,0,8,20529,65476,0,0,57672,80.0,0.0,0.0,0.0,0.0,0.0
2026-06-17T04:32:13,ERR,ERR,ERR,ERR,ERR,ERR,ERR,ERR,ERR,ERR,ERR,ERR,ERR,ERR,ERR,ERR,ERR,ERR,ERR,ERR,ERR,ERR,ERR,ERR,ERR,ERR,ERR,ERR,ERR,ERR,ERR,ERR,ERR,ERR,ERR,ERR,ERR,ERR,ERR,ERR,ERR,ERR,ERR,ERR,ERR,ERR,ERR,ERR,ERR,ERR,ERR,ERR,ERR,ERR,ERR,ERR,ERR,ERR,ERR,ERR,ERR,ERR,ERR,ERR,ERR,ERR,ERR,ERR,ERR,ERR,ERR,ERR,ERR,ERR,ERR,ERR,ERR,ERR,ERR,ERR,ERR,ERR,ERR,ERR,ERR,ERR,ERR,ERR,ERR,ERR,ERR,ERR,ERR,ERR,ERR,ERR,ERR,ERR,ERR,ERR,ERR,ERR,ERR,ERR,ERR,ERR,ERR,ERR,ERR,ERR,ERR,ERR,ERR,ERR,ERR,ERR,ERR,ERR,ERR,ERR,ERR,ERR,ERR,ERR,ERR,0.0,-0.0,3.028208139652935e+23,0.0,0.0,1.3936040501711995e+18,7.805,0.0,0,0,4,0,7300,-0.0,0,0.0,0.0,0.0,0.0,0.0,0,0,0,0,0.0,0,0,0,0,0,0,0,0,0,0,0,0,0,0,0,0,0,0,0,0,0,0,0,0,0,0,0,0,0,0,0,0,0,32,30,30,62,65476,0,300,0,0,8,21553,0.0,-107605600.0,0.0,0.0,0.0,0.0,0.0,0.0,0.0,0.0,0.0,0.0,0.0,0.0,0.0,0.0,0.0,0.0,0.0,0.0,0.0,0.0,2.004,-2.004,-0.0,-2.004,0.0,0.0,0.0,0.0,5403.0,-3.697191411280511e+19,6972.0,0.0,-107615328.0,-107615280.0,-0.0,0.0,0.0,0.0,0.0,63,0.0,0.0,0.0,0.0,0.0,0.0,0.0,0.0,0.0,0,0,0,0.0,0.0,0.0,0.0,0.0,0.0,0.0,0.0,0.0,0.0,0.0,0.0,0.0,0.0,0.0,0.0,0,-107875648.0,63,0.0,126,2.7184242562605685e+23,-0.0,ERR,ERR,ERR,ERR,ERR,ERR,ERR,ERR,ERR,ERR,ERR,ERR,ERR,ERR,ERR,ERR,ERR,ERR,ERR,ERR,ERR,ERR,ERR,ERR,ERR,ERR,ERR,ERR,ERR,ERR,ERR,ERR,ERR,ERR,ERR,ERR,ERR,ERR,ERR,ERR,ERR,ERR,ERR,ERR,ERR,ERR,ERR,ERR,ERR,ERR,ERR,ERR,ERR,ERR,ERR,ERR,ERR,ERR,ERR,ERR,ERR,ERR,ERR,ERR,ERR,ERR,ERR,34.0,80.0,35,0.0,0.0,0.0,0.0,0.0,0.0,0.0,0.0,0.0,0.0,0.0,0.0,0.0,0.0,0.0,0.0,64.4,0,116,56,50,65476,0,300,0,0,8,20529,65476,0,0,57672,80.0,0.0,0.0,0.0,0.0,0.0
2026-06-17T04:32:14,ERR,ERR,ERR,ERR,ERR,ERR,ERR,ERR,ERR,ERR,ERR,ERR,ERR,ERR,ERR,ERR,ERR,ERR,ERR,ERR,ERR,ERR,ERR,ERR,ERR,ERR,ERR,ERR,ERR,ERR,ERR,ERR,ERR,ERR,ERR,ERR,ERR,ERR,ERR,ERR,ERR,ERR,ERR,ERR,ERR,ERR,ERR,ERR,ERR,ERR,ERR,ERR,ERR,ERR,ERR,ERR,ERR,ERR,ERR,ERR,ERR,ERR,ERR,ERR,ERR,ERR,ERR,ERR,ERR,ERR,ERR,ERR,ERR,ERR,ERR,ERR,ERR,ERR,ERR,ERR,ERR,ERR,ERR,ERR,ERR,ERR,ERR,ERR,ERR,ERR,ERR,ERR,ERR,ERR,ERR,ERR,ERR,ERR,ERR,ERR,ERR,ERR,ERR,ERR,ERR,ERR,ERR,ERR,ERR,ERR,ERR,ERR,ERR,ERR,ERR,ERR,ERR,ERR,ERR,ERR,ERR,ERR,ERR,ERR,ERR,0.0,-0.0,3.028208139652935e+23,0.0,0.0,1.3936040501711995e+18,7.805,0.0,0,0,4,0,7300,-0.0,0,0.0,0.0,0.0,0.0,0.0,0,0,0,0,0.0,0,0,0,0,0,0,0,0,0,0,0,0,0,0,0,0,0,0,0,0,0,0,0,0,0,0,0,0,0,0,0,0,0,32,30,30,62,65476,0,300,0,0,8,21553,0.0,-107605600.0,0.0,0.0,0.0,0.0,0.0,0.0,0.0,0.0,0.0,0.0,0.0,0.0,0.0,0.0,0.0,0.0,0.0,0.0,0.0,0.0,2.004,-2.004,-0.0,-2.004,0.0,0.0,0.0,0.0,5403.0,-3.697191411280511e+19,6972.0,0.0,-107615328.0,-107615280.0,-0.0,0.0,0.0,0.0,0.0,63,0.0,0.0,0.0,0.0,0.0,0.0,0.0,0.0,0.0,0,0,0,0.0,0.0,0.0,0.0,0.0,0.0,0.0,0.0,0.0,0.0,0.0,0.0,0.0,0.0,0.0,0.0,0,-107875648.0,63,0.0,126,2.7184242562605685e+23,-0.0,ERR,ERR,ERR,ERR,ERR,ERR,ERR,ERR,ERR,ERR,ERR,ERR,ERR,ERR,ERR,ERR,ERR,ERR,ERR,ERR,ERR,ERR,ERR,ERR,ERR,ERR,ERR,ERR,ERR,ERR,ERR,ERR,ERR,ERR,ERR,ERR,ERR,ERR,ERR,ERR,ERR,ERR,ERR,ERR,ERR,ERR,ERR,ERR,ERR,ERR,ERR,ERR,ERR,ERR,ERR,ERR,ERR,ERR,ERR,ERR,ERR,ERR,ERR,ERR,ERR,ERR,ERR,34.0,80.0,35,0.0,0.0,0.0,0.0,0.0,0.0,0.0,0.0,0.0,0.0,0.0,0.0,0.0,0.0,0.0,0.0,64.4,0,116,56,50,65476,0,300,0,0,8,20529,65476,0,0,57672,80.0,0.0,0.0,0.0,0.0,0.0
2026-06-17T04:32:15,ERR,ERR,ERR,ERR,ERR,ERR,ERR,ERR,ERR,ERR,ERR,ERR,ERR,ERR,ERR,ERR,ERR,ERR,ERR,ERR,ERR,ERR,ERR,ERR,ERR,ERR,ERR,ERR,ERR,ERR,ERR,ERR,ERR,ERR,ERR,ERR,ERR,ERR,ERR,ERR,ERR,ERR,ERR,ERR,ERR,ERR,ERR,ERR,ERR,ERR,ERR,ERR,ERR,ERR,ERR,ERR,ERR,ERR,ERR,ERR,ERR,ERR,ERR,ERR,ERR,ERR,ERR,ERR,ERR,ERR,ERR,ERR,ERR,ERR,ERR,ERR,ERR,ERR,ERR,ERR,ERR,ERR,ERR,ERR,ERR,ERR,ERR,ERR,ERR,ERR,ERR,ERR,ERR,ERR,ERR,ERR,ERR,ERR,ERR,ERR,ERR,ERR,ERR,ERR,ERR,ERR,ERR,ERR,ERR,ERR,ERR,ERR,ERR,ERR,ERR,ERR,ERR,ERR,ERR,ERR,ERR,ERR,ERR,ERR,ERR,0.0,-0.0,3.028208139652935e+23,0.0,0.0,1.3936040501711995e+18,7.805,0.0,0,0,4,0,7300,-0.0,0,0.0,0.0,0.0,0.0,0.0,0,0,0,0,0.0,0,0,0,0,0,0,0,0,0,0,0,0,0,0,0,0,0,0,0,0,0,0,0,0,0,0,0,0,0,0,0,0,0,32,30,30,62,65476,0,300,0,0,8,21553,0.0,-107605600.0,0.0,0.0,0.0,0.0,0.0,0.0,0.0,0.0,0.0,0.0,0.0,0.0,0.0,0.0,0.0,0.0,0.0,0.0,0.0,0.0,2.004,-2.004,-0.0,-2.004,0.0,0.0,0.0,0.0,5403.0,-3.697191411280511e+19,6972.0,0.0,-107615328.0,-107615280.0,-0.0,0.0,0.0,0.0,0.0,63,0.0,0.0,0.0,0.0,0.0,0.0,0.0,0.0,0.0,0,0,0,0.0,0.0,0.0,0.0,0.0,0.0,0.0,0.0,0.0,0.0,0.0,0.0,0.0,0.0,0.0,0.0,0,-107875648.0,63,0.0,126,2.7184242562605685e+23,-0.0,ERR,ERR,ERR,ERR,ERR,ERR,ERR,ERR,ERR,ERR,ERR,ERR,ERR,ERR,ERR,ERR,ERR,ERR,ERR,ERR,ERR,ERR,ERR,ERR,ERR,ERR,ERR,ERR,ERR,ERR,ERR,ERR,ERR,ERR,ERR,ERR,ERR,ERR,ERR,ERR,ERR,ERR,ERR,ERR,ERR,ERR,ERR,ERR,ERR,ERR,ERR,ERR,ERR,ERR,ERR,ERR,ERR,ERR,ERR,ERR,ERR,ERR,ERR,ERR,ERR,ERR,ERR,34.0,80.0,35,0.0,0.0,0.0,0.0,0.0,0.0,0.0,0.0,0.0,0.0,0.0,0.0,0.0,0.0,0.0,0.0,64.4,0,116,56,50,65476,0,300,0,0,8,20529,65476,0,0,57672,80.0,0.0,0.0,0.0,0.0,0.0
2026-06-17T04:32:16,ERR,ERR,ERR,ERR,ERR,ERR,ERR,ERR,ERR,ERR,ERR,ERR,ERR,ERR,ERR,ERR,ERR,ERR,ERR,ERR,ERR,ERR,ERR,ERR,ERR,ERR,ERR,ERR,ERR,ERR,ERR,ERR,ERR,ERR,ERR,ERR,ERR,ERR,ERR,ERR,ERR,ERR,ERR,ERR,ERR,ERR,ERR,ERR,ERR,ERR,ERR,ERR,ERR,ERR,ERR,ERR,ERR,ERR,ERR,ERR,ERR,ERR,ERR,ERR,ERR,ERR,ERR,ERR,ERR,ERR,ERR,ERR,ERR,ERR,ERR,ERR,ERR,ERR,ERR,ERR,ERR,ERR,ERR,ERR,ERR,ERR,ERR,ERR,ERR,ERR,ERR,ERR,ERR,ERR,ERR,ERR,ERR,ERR,ERR,ERR,ERR,ERR,ERR,ERR,ERR,ERR,ERR,ERR,ERR,ERR,ERR,ERR,ERR,ERR,ERR,ERR,ERR,ERR,ERR,ERR,ERR,ERR,ERR,ERR,ERR,0.0,-0.0,3.028208139652935e+23,0.0,0.0,1.3936040501711995e+18,7.805,0.0,0,0,4,0,7300,-0.0,0,0.0,0.0,0.0,0.0,0.0,0,0,0,0,0.0,0,0,0,0,0,0,0,0,0,0,0,0,0,0,0,0,0,0,0,0,0,0,0,0,0,0,0,0,0,0,0,0,0,32,30,30,62,65476,0,300,0,0,8,21553,0.0,-107605600.0,0.0,0.0,0.0,0.0,0.0,0.0,0.0,0.0,0.0,0.0,0.0,0.0,0.0,0.0,0.0,0.0,0.0,0.0,0.0,0.0,2.004,-2.004,-0.0,-2.004,0.0,0.0,0.0,0.0,5403.0,-3.697191411280511e+19,6972.0,0.0,-107615328.0,-107615280.0,-0.0,0.0,0.0,0.0,0.0,63,0.0,0.0,0.0,0.0,0.0,0.0,0.0,0.0,0.0,0,0,0,0.0,0.0,0.0,0.0,0.0,0.0,0.0,0.0,0.0,0.0,0.0,0.0,0.0,0.0,0.0,0.0,0,-107875648.0,63,0.0,126,2.7184242562605685e+23,-0.0,ERR,ERR,ERR,ERR,ERR,ERR,ERR,ERR,ERR,ERR,ERR,ERR,ERR,ERR,ERR,ERR,ERR,ERR,ERR,ERR,ERR,ERR,ERR,ERR,ERR,ERR,ERR,ERR,ERR,ERR,ERR,ERR,ERR,ERR,ERR,ERR,ERR,ERR,ERR,ERR,ERR,ERR,ERR,ERR,ERR,ERR,ERR,ERR,ERR,ERR,ERR,ERR,ERR,ERR,ERR,ERR,ERR,ERR,ERR,ERR,ERR,ERR,ERR,ERR,ERR,ERR,ERR,34.0,80.0,35,0.0,0.0,0.0,0.0,0.0,0.0,0.0,0.0,0.0,0.0,0.0,0.0,0.0,0.0,0.0,0.0,64.4,0,116,56,50,65476,0,300,0,0,8,20529,65476,0,0,57672,80.0,0.0,0.0,0.0,0.0,0.0
2026-06-17T04:32:17,ERR,ERR,ERR,ERR,ERR,ERR,ERR,ERR,ERR,ERR,ERR,ERR,ERR,ERR,ERR,ERR,ERR,ERR,ERR,ERR,ERR,ERR,ERR,ERR,ERR,ERR,ERR,ERR,ERR,ERR,ERR,ERR,ERR,ERR,ERR,ERR,ERR,ERR,ERR,ERR,ERR,ERR,ERR,ERR,ERR,ERR,ERR,ERR,ERR,ERR,ERR,ERR,ERR,ERR,ERR,ERR,ERR,ERR,ERR,ERR,ERR,ERR,ERR,ERR,ERR,ERR,ERR,ERR,ERR,ERR,ERR,ERR,ERR,ERR,ERR,ERR,ERR,ERR,ERR,ERR,ERR,ERR,ERR,ERR,ERR,ERR,ERR,ERR,ERR,ERR,ERR,ERR,ERR,ERR,ERR,ERR,ERR,ERR,ERR,ERR,ERR,ERR,ERR,ERR,ERR,ERR,ERR,ERR,ERR,ERR,ERR,ERR,ERR,ERR,ERR,ERR,ERR,ERR,ERR,ERR,ERR,ERR,ERR,ERR,ERR,0.0,-0.0,3.028208139652935e+23,0.0,0.0,1.3936040501711995e+18,7.805,0.0,0,0,4,0,7300,-0.0,0,0.0,0.0,0.0,0.0,0.0,0,0,0,0,0.0,0,0,0,0,0,0,0,0,0,0,0,0,0,0,0,0,0,0,0,0,0,0,0,0,0,0,0,0,0,0,0,0,0,32,30,30,62,65476,0,300,0,0,8,21553,0.0,-107605600.0,0.0,0.0,0.0,0.0,0.0,0.0,0.0,0.0,0.0,0.0,0.0,0.0,0.0,0.0,0.0,0.0,0.0,0.0,0.0,0.0,2.004,-2.004,-0.0,-2.004,0.0,0.0,0.0,0.0,5403.0,-3.697191411280511e+19,6972.0,0.0,-107615328.0,-107615280.0,-0.0,0.0,0.0,0.0,0.0,63,0.0,0.0,0.0,0.0,0.0,0.0,0.0,0.0,0.0,0,0,0,0.0,0.0,0.0,0.0,0.0,0.0,0.0,0.0,0.0,0.0,0.0,0.0,0.0,0.0,0.0,0.0,0,-107875648.0,63,0.0,126,2.7184242562605685e+23,-0.0,ERR,ERR,ERR,ERR,ERR,ERR,ERR,ERR,ERR,ERR,ERR,ERR,ERR,ERR,ERR,ERR,ERR,ERR,ERR,ERR,ERR,ERR,ERR,ERR,ERR,ERR,ERR,ERR,ERR,ERR,ERR,ERR,ERR,ERR,ERR,ERR,ERR,ERR,ERR,ERR,ERR,ERR,ERR,ERR,ERR,ERR,ERR,ERR,ERR,ERR,ERR,ERR,ERR,ERR,ERR,ERR,ERR,ERR,ERR,ERR,ERR,ERR,ERR,ERR,ERR,ERR,ERR,34.0,80.0,35,0.0,0.0,0.0,0.0,0.0,0.0,0.0,0.0,0.0,0.0,0.0,0.0,0.0,0.0,0.0,0.0,64.4,0,116,56,50,65476,0,300,0,0,8,20529,65476,0,0,57672,80.0,0.0,0.0,0.0,0.0,0.0
2026-06-17T04:32:18,ERR,ERR,ERR,ERR,ERR,ERR,ERR,ERR,ERR,ERR,ERR,ERR,ERR,ERR,ERR,ERR,ERR,ERR,ERR,ERR,ERR,ERR,ERR,ERR,ERR,ERR,ERR,ERR,ERR,ERR,ERR,ERR,ERR,ERR,ERR,ERR,ERR,ERR,ERR,ERR,ERR,ERR,ERR,ERR,ERR,ERR,ERR,ERR,ERR,ERR,ERR,ERR,ERR,ERR,ERR,ERR,ERR,ERR,ERR,ERR,ERR,ERR,ERR,ERR,ERR,ERR,ERR,ERR,ERR,ERR,ERR,ERR,ERR,ERR,ERR,ERR,ERR,ERR,ERR,ERR,ERR,ERR,ERR,ERR,ERR,ERR,ERR,ERR,ERR,ERR,ERR,ERR,ERR,ERR,ERR,ERR,ERR,ERR,ERR,ERR,ERR,ERR,ERR,ERR,ERR,ERR,ERR,ERR,ERR,ERR,ERR,ERR,ERR,ERR,ERR,ERR,ERR,ERR,ERR,ERR,ERR,ERR,ERR,ERR,ERR,0.0,-0.0,3.028208139652935e+23,0.0,0.0,1.3936040501711995e+18,7.805,0.0,0,0,4,0,7300,-0.0,0,0.0,0.0,0.0,0.0,0.0,0,0,0,0,0.0,0,0,0,0,0,0,0,0,0,0,0,0,0,0,0,0,0,0,0,0,0,0,0,0,0,0,0,0,0,0,0,0,0,32,30,30,62,65476,0,300,0,0,8,21553,0.0,-107605600.0,0.0,0.0,0.0,0.0,0.0,0.0,0.0,0.0,0.0,0.0,0.0,0.0,0.0,0.0,0.0,0.0,0.0,0.0,0.0,0.0,2.004,0.0,-0.0,-2.004,0.0,0.0,0.0,0.0,5402.0,-2.4229913632967957e+24,6973.0,0.0,-0.0,-107615280.0,-0.0,0.0,0.0,0.0,0.0,63,0.0,0.0,0.0,0.0,0.0,0.0,0.0,0.0,0.0,0,0,0,0.0,0.0,0.0,0.0,0.0,0.0,0.0,0.0,0.0,0.0,0.0,0.0,0.0,0.0,0.0,0.0,0,-107875648.0,63,0.0,126,2.7184242562605685e+23,-0.0,ERR,ERR,ERR,ERR,ERR,ERR,ERR,ERR,ERR,ERR,ERR,ERR,ERR,ERR,ERR,ERR,ERR,ERR,ERR,ERR,ERR,ERR,ERR,ERR,ERR,ERR,ERR,ERR,ERR,ERR,ERR,ERR,ERR,ERR,ERR,ERR,ERR,ERR,ERR,ERR,ERR,ERR,ERR,ERR,ERR,ERR,ERR,ERR,ERR,ERR,ERR,ERR,ERR,ERR,ERR,ERR,ERR,ERR,ERR,ERR,ERR,ERR,ERR,ERR,ERR,ERR,ERR,34.0,80.0,35,0.0,0.0,0.0,0.0,0.0,0.0,0.0,0.0,0.0,0.0,0.0,0.0,0.0,0.0,0.0,0.0,64.4,0,116,56,50,65476,0,300,0,0,8,20529,65476,0,0,57672,80.0,0.0,0.0,0.0,0.0,0.0
2026-06-17T04:32:19,ERR,ERR,ERR,ERR,ERR,ERR,ERR,ERR,ERR,ERR,ERR,ERR,ERR,ERR,ERR,ERR,ERR,ERR,ERR,ERR,ERR,ERR,ERR,ERR,ERR,ERR,ERR,ERR,ERR,ERR,ERR,ERR,ERR,ERR,ERR,ERR,ERR,ERR,ERR,ERR,ERR,ERR,ERR,ERR,ERR,ERR,ERR,ERR,ERR,ERR,ERR,ERR,ERR,ERR,ERR,ERR,ERR,ERR,ERR,ERR,ERR,ERR,ERR,ERR,ERR,ERR,ERR,ERR,ERR,ERR,ERR,ERR,ERR,ERR,ERR,ERR,ERR,ERR,ERR,ERR,ERR,ERR,ERR,ERR,ERR,ERR,ERR,ERR,ERR,ERR,ERR,ERR,ERR,ERR,ERR,ERR,ERR,ERR,ERR,ERR,ERR,ERR,ERR,ERR,ERR,ERR,ERR,ERR,ERR,ERR,ERR,ERR,ERR,ERR,ERR,ERR,ERR,ERR,ERR,ERR,ERR,ERR,ERR,ERR,ERR,0.0,-0.0,3.028208139652935e+23,0.0,0.0,1.3936040501711995e+18,7.805,0.0,0,0,4,0,7300,-0.0,0,0.0,0.0,0.0,0.0,0.0,0,0,0,0,0.0,0,0,0,0,0,0,0,0,0,0,0,0,0,0,0,0,0,0,0,0,0,0,0,0,0,0,0,0,0,0,0,0,0,32,30,30,62,65476,0,300,0,0,8,21553,0.0,-107605600.0,0.0,0.0,0.0,0.0,0.0,0.0,0.0,0.0,0.0,0.0,0.0,0.0,0.0,0.0,0.0,0.0,0.0,0.0,0.0,0.0,2.004,0.0,-0.0,-2.004,0.0,0.0,0.0,0.0,5402.0,-2.4229913632967957e+24,6973.0,0.0,-0.0,-107615280.0,-0.0,0.0,0.0,0.0,0.0,63,0.0,0.0,0.0,0.0,0.0,0.0,0.0,0.0,0.0,0,0,0,0.0,0.0,0.0,0.0,0.0,0.0,0.0,0.0,0.0,0.0,0.0,0.0,0.0,0.0,0.0,0.0,0,-107875648.0,63,0.0,126,2.7184242562605685e+23,-0.0,ERR,ERR,ERR,ERR,ERR,ERR,ERR,ERR,ERR,ERR,ERR,ERR,ERR,ERR,ERR,ERR,ERR,ERR,ERR,ERR,ERR,ERR,ERR,ERR,ERR,ERR,ERR,ERR,ERR,ERR,ERR,ERR,ERR,ERR,ERR,ERR,ERR,ERR,ERR,ERR,ERR,ERR,ERR,ERR,ERR,ERR,ERR,ERR,ERR,ERR,ERR,ERR,ERR,ERR,ERR,ERR,ERR,ERR,ERR,ERR,ERR,ERR,ERR,ERR,ERR,ERR,ERR,34.0,80.0,35,0.0,0.0,0.0,0.0,0.0,0.0,0.0,0.0,0.0,0.0,0.0,0.0,0.0,0.0,0.0,0.0,64.4,0,116,56,50,65476,0,300,0,0,8,20529,65476,0,0,57672,80.0,0.0,0.0,0.0,0.0,0.0
2026-06-17T04:32:20,ERR,ERR,ERR,ERR,ERR,ERR,ERR,ERR,ERR,ERR,ERR,ERR,ERR,ERR,ERR,ERR,ERR,ERR,ERR,ERR,ERR,ERR,ERR,ERR,ERR,ERR,ERR,ERR,ERR,ERR,ERR,ERR,ERR,ERR,ERR,ERR,ERR,ERR,ERR,ERR,ERR,ERR,ERR,ERR,ERR,ERR,ERR,ERR,ERR,ERR,ERR,ERR,ERR,ERR,ERR,ERR,ERR,ERR,ERR,ERR,ERR,ERR,ERR,ERR,ERR,ERR,ERR,ERR,ERR,ERR,ERR,ERR,ERR,ERR,ERR,ERR,ERR,ERR,ERR,ERR,ERR,ERR,ERR,ERR,ERR,ERR,ERR,ERR,ERR,ERR,ERR,ERR,ERR,ERR,ERR,ERR,ERR,ERR,ERR,ERR,ERR,ERR,ERR,ERR,ERR,ERR,ERR,ERR,ERR,ERR,ERR,ERR,ERR,ERR,ERR,ERR,ERR,ERR,ERR,ERR,ERR,ERR,ERR,ERR,ERR,0.0,-0.0,3.028208139652935e+23,0.0,0.0,1.3936040501711995e+18,7.805,0.0,0,0,4,0,7300,-0.0,0,0.0,0.0,0.0,0.0,0.0,0,0,0,0,0.0,0,0,0,0,0,0,0,0,0,0,0,0,0,0,0,0,0,0,0,0,0,0,0,0,0,0,0,0,0,0,0,0,0,32,30,30,62,65476,0,300,0,0,8,21553,0.0,-107605600.0,0.0,0.0,0.0,0.0,0.0,0.0,0.0,0.0,0.0,0.0,0.0,0.0,0.0,0.0,0.0,0.0,0.0,0.0,0.0,0.0,2.004,0.0,-0.0,-2.004,0.0,0.0,0.0,0.0,5402.0,-2.4229913632967957e+24,6973.0,0.0,-0.0,-107615280.0,-0.0,0.0,0.0,0.0,0.0,63,0.0,0.0,0.0,0.0,0.0,0.0,0.0,0.0,0.0,0,0,0,0.0,0.0,0.0,0.0,0.0,0.0,0.0,0.0,0.0,0.0,0.0,0.0,0.0,0.0,0.0,0.0,0,-107875648.0,63,0.0,126,2.7184242562605685e+23,-0.0,ERR,ERR,ERR,ERR,ERR,ERR,ERR,ERR,ERR,ERR,ERR,ERR,ERR,ERR,ERR,ERR,ERR,ERR,ERR,ERR,ERR,ERR,ERR,ERR,ERR,ERR,ERR,ERR,ERR,ERR,ERR,ERR,ERR,ERR,ERR,ERR,ERR,ERR,ERR,ERR,ERR,ERR,ERR,ERR,ERR,ERR,ERR,ERR,ERR,ERR,ERR,ERR,ERR,ERR,ERR,ERR,ERR,ERR,ERR,ERR,ERR,ERR,ERR,ERR,ERR,ERR,ERR,34.0,80.0,35,0.0,0.0,0.0,0.0,0.0,0.0,0.0,0.0,0.0,0.0,0.0,0.0,0.0,0.0,0.0,0.0,64.4,0,116,56,50,65476,0,300,0,0,8,20529,65476,0,0,57672,80.0,0.0,0.0,0.0,0.0,0.0
2026-06-17T04:32:21,ERR,ERR,ERR,ERR,ERR,ERR,ERR,ERR,ERR,ERR,ERR,ERR,ERR,ERR,ERR,ERR,ERR,ERR,ERR,ERR,ERR,ERR,ERR,ERR,ERR,ERR,ERR,ERR,ERR,ERR,ERR,ERR,ERR,ERR,ERR,ERR,ERR,ERR,ERR,ERR,ERR,ERR,ERR,ERR,ERR,ERR,ERR,ERR,ERR,ERR,ERR,ERR,ERR,ERR,ERR,ERR,ERR,ERR,ERR,ERR,ERR,ERR,ERR,ERR,ERR,ERR,ERR,ERR,ERR,ERR,ERR,ERR,ERR,ERR,ERR,ERR,ERR,ERR,ERR,ERR,ERR,ERR,ERR,ERR,ERR,ERR,ERR,ERR,ERR,ERR,ERR,ERR,ERR,ERR,ERR,ERR,ERR,ERR,ERR,ERR,ERR,ERR,ERR,ERR,ERR,ERR,ERR,ERR,ERR,ERR,ERR,ERR,ERR,ERR,ERR,ERR,ERR,ERR,ERR,ERR,ERR,ERR,ERR,ERR,ERR,0.0,-0.0,3.028208139652935e+23,0.0,0.0,1.3936040501711995e+18,7.805,0.0,0,0,4,0,7300,-0.0,0,0.0,0.0,0.0,0.0,0.0,0,0,0,0,0.0,0,0,0,0,0,0,0,0,0,0,0,0,0,0,0,0,0,0,0,0,0,0,0,0,0,0,0,0,0,0,0,0,0,32,30,30,62,65476,0,300,0,0,8,21553,0.0,-107605600.0,0.0,0.0,0.0,0.0,0.0,0.0,0.0,0.0,0.0,0.0,0.0,0.0,0.0,0.0,0.0,0.0,0.0,0.0,0.0,0.0,2.004,0.0,-0.0,-2.004,0.0,0.0,0.0,0.0,5402.0,-2.4229913632967957e+24,6973.0,0.0,-0.0,-107615280.0,-0.0,0.0,0.0,0.0,0.0,63,0.0,0.0,0.0,0.0,0.0,0.0,0.0,0.0,0.0,0,0,0,0.0,0.0,0.0,0.0,0.0,0.0,0.0,0.0,0.0,0.0,0.0,0.0,0.0,0.0,0.0,0.0,0,-107875648.0,63,0.0,126,2.7184242562605685e+23,-0.0,ERR,ERR,ERR,ERR,ERR,ERR,ERR,ERR,ERR,ERR,ERR,ERR,ERR,ERR,ERR,ERR,ERR,ERR,ERR,ERR,ERR,ERR,ERR,ERR,ERR,ERR,ERR,ERR,ERR,ERR,ERR,ERR,ERR,ERR,ERR,ERR,ERR,ERR,ERR,ERR,ERR,ERR,ERR,ERR,ERR,ERR,ERR,ERR,ERR,ERR,ERR,ERR,ERR,ERR,ERR,ERR,ERR,ERR,ERR,ERR,ERR,ERR,ERR,ERR,ERR,ERR,ERR,34.0,80.0,35,0.0,0.0,0.0,0.0,0.0,0.0,0.0,0.0,0.0,0.0,0.0,0.0,0.0,0.0,0.0,0.0,64.4,0,116,56,50,65476,0,300,0,0,8,20529,65476,0,0,57672,80.0,0.0,0.0,0.0,0.0,0.0
2026-06-17T04:32:22,ERR,ERR,ERR,ERR,ERR,ERR,ERR,ERR,ERR,ERR,ERR,ERR,ERR,ERR,ERR,ERR,ERR,ERR,ERR,ERR,ERR,ERR,ERR,ERR,ERR,ERR,ERR,ERR,ERR,ERR,ERR,ERR,ERR,ERR,ERR,ERR,ERR,ERR,ERR,ERR,ERR,ERR,ERR,ERR,ERR,ERR,ERR,ERR,ERR,ERR,ERR,ERR,ERR,ERR,ERR,ERR,ERR,ERR,ERR,ERR,ERR,ERR,ERR,ERR,ERR,ERR,ERR,ERR,ERR,ERR,ERR,ERR,ERR,ERR,ERR,ERR,ERR,ERR,ERR,ERR,ERR,ERR,ERR,ERR,ERR,ERR,ERR,ERR,ERR,ERR,ERR,ERR,ERR,ERR,ERR,ERR,ERR,ERR,ERR,ERR,ERR,ERR,ERR,ERR,ERR,ERR,ERR,ERR,ERR,ERR,ERR,ERR,ERR,ERR,ERR,ERR,ERR,ERR,ERR,ERR,ERR,ERR,ERR,ERR,ERR,0.0,-0.0,3.028208139652935e+23,0.0,0.0,1.3936040501711995e+18,7.805,0.0,0,0,4,0,7300,-0.0,0,0.0,0.0,0.0,0.0,0.0,0,0,0,0,0.0,0,0,0,0,0,0,0,0,0,0,0,0,0,0,0,0,0,0,0,0,0,0,0,0,0,0,0,0,0,0,0,0,0,32,30,30,62,65476,0,300,0,0,8,21553,0.0,-107605600.0,0.0,0.0,0.0,0.0,0.0,0.0,0.0,0.0,0.0,0.0,0.0,0.0,0.0,0.0,0.0,0.0,0.0,0.0,0.0,0.0,2.004,0.0,-0.0,-2.004,0.0,0.0,0.0,0.0,5402.0,-2.4229913632967957e+24,6973.0,0.0,-0.0,-107615280.0,-0.0,0.0,0.0,0.0,0.0,63,0.0,0.0,0.0,0.0,0.0,0.0,0.0,0.0,0.0,0,0,0,0.0,0.0,0.0,0.0,0.0,0.0,0.0,0.0,0.0,0.0,0.0,0.0,0.0,0.0,0.0,0.0,0,-107875648.0,63,0.0,126,2.7184242562605685e+23,-0.0,ERR,ERR,ERR,ERR,ERR,ERR,ERR,ERR,ERR,ERR,ERR,ERR,ERR,ERR,ERR,ERR,ERR,ERR,ERR,ERR,ERR,ERR,ERR,ERR,ERR,ERR,ERR,ERR,ERR,ERR,ERR,ERR,ERR,ERR,ERR,ERR,ERR,ERR,ERR,ERR,ERR,ERR,ERR,ERR,ERR,ERR,ERR,ERR,ERR,ERR,ERR,ERR,ERR,ERR,ERR,ERR,ERR,ERR,ERR,ERR,ERR,ERR,ERR,ERR,ERR,ERR,ERR,34.0,80.0,35,0.0,0.0,0.0,0.0,0.0,0.0,0.0,0.0,0.0,0.0,0.0,0.0,0.0,0.0,0.0,0.0,64.4,0,116,56,50,65476,0,300,0,0,8,20529,65476,0,0,57672,80.0,0.0,0.0,0.0,0.0,0.0
2026-06-17T04:32:23,ERR,ERR,ERR,ERR,ERR,ERR,ERR,ERR,ERR,ERR,ERR,ERR,ERR,ERR,ERR,ERR,ERR,ERR,ERR,ERR,ERR,ERR,ERR,ERR,ERR,ERR,ERR,ERR,ERR,ERR,ERR,ERR,ERR,ERR,ERR,ERR,ERR,ERR,ERR,ERR,ERR,ERR,ERR,ERR,ERR,ERR,ERR,ERR,ERR,ERR,ERR,ERR,ERR,ERR,ERR,ERR,ERR,ERR,ERR,ERR,ERR,ERR,ERR,ERR,ERR,ERR,ERR,ERR,ERR,ERR,ERR,ERR,ERR,ERR,ERR,ERR,ERR,ERR,ERR,ERR,ERR,ERR,ERR,ERR,ERR,ERR,ERR,ERR,ERR,ERR,ERR,ERR,ERR,ERR,ERR,ERR,ERR,ERR,ERR,ERR,ERR,ERR,ERR,ERR,ERR,ERR,ERR,ERR,ERR,ERR,ERR,ERR,ERR,ERR,ERR,ERR,ERR,ERR,ERR,ERR,ERR,ERR,ERR,ERR,ERR,0.0,-0.0,3.028208139652935e+23,0.0,0.0,1.3936040501711995e+18,7.805,0.0,0,0,4,0,7300,-0.0,0,0.0,0.0,0.0,0.0,0.0,0,0,0,0,0.0,0,0,0,0,0,0,0,0,0,0,0,0,0,0,0,0,0,0,0,0,0,0,0,0,0,0,0,0,0,0,0,0,0,32,30,30,62,65476,0,300,0,0,8,21553,0.0,-107605600.0,0.0,0.0,0.0,0.0,0.0,0.0,0.0,0.0,0.0,0.0,0.0,0.0,0.0,0.0,0.0,0.0,0.0,0.0,0.0,0.0,2.004,0.0,-0.0,-2.004,0.0,0.0,0.0,0.0,5402.0,-2.4229913632967957e+24,6973.0,0.0,-0.0,-107615280.0,-0.0,0.0,0.0,0.0,0.0,63,0.0,0.0,0.0,0.0,0.0,0.0,0.0,0.0,0.0,0,0,0,0.0,0.0,0.0,0.0,0.0,0.0,0.0,0.0,0.0,0.0,0.0,0.0,0.0,0.0,0.0,0.0,0,-107875648.0,63,0.0,126,2.7184242562605685e+23,-0.0,ERR,ERR,ERR,ERR,ERR,ERR,ERR,ERR,ERR,ERR,ERR,ERR,ERR,ERR,ERR,ERR,ERR,ERR,ERR,ERR,ERR,ERR,ERR,ERR,ERR,ERR,ERR,ERR,ERR,ERR,ERR,ERR,ERR,ERR,ERR,ERR,ERR,ERR,ERR,ERR,ERR,ERR,ERR,ERR,ERR,ERR,ERR,ERR,ERR,ERR,ERR,ERR,ERR,ERR,ERR,ERR,ERR,ERR,ERR,ERR,ERR,ERR,ERR,ERR,ERR,ERR,ERR,34.0,80.0,35,0.0,0.0,0.0,0.0,0.0,0.0,0.0,0.0,0.0,0.0,0.0,0.0,0.0,0.0,0.0,0.0,64.4,0,116,56,50,65476,0,300,0,0,8,20529,65476,0,0,57672,80.0,0.0,0.0,0.0,0.0,0.0
2026-06-17T04:32:24,ERR,ERR,ERR,ERR,ERR,ERR,ERR,ERR,ERR,ERR,ERR,ERR,ERR,ERR,ERR,ERR,ERR,ERR,ERR,ERR,ERR,ERR,ERR,ERR,ERR,ERR,ERR,ERR,ERR,ERR,ERR,ERR,ERR,ERR,ERR,ERR,ERR,ERR,ERR,ERR,ERR,ERR,ERR,ERR,ERR,ERR,ERR,ERR,ERR,ERR,ERR,ERR,ERR,ERR,ERR,ERR,ERR,ERR,ERR,ERR,ERR,ERR,ERR,ERR,ERR,ERR,ERR,ERR,ERR,ERR,ERR,ERR,ERR,ERR,ERR,ERR,ERR,ERR,ERR,ERR,ERR,ERR,ERR,ERR,ERR,ERR,ERR,ERR,ERR,ERR,ERR,ERR,ERR,ERR,ERR,ERR,ERR,ERR,ERR,ERR,ERR,ERR,ERR,ERR,ERR,ERR,ERR,ERR,ERR,ERR,ERR,ERR,ERR,ERR,ERR,ERR,ERR,ERR,ERR,ERR,ERR,ERR,ERR,ERR,ERR,0.0,-0.0,3.028208139652935e+23,0.0,0.0,1.3936040501711995e+18,7.805,0.0,0,0,4,0,7300,-0.0,0,0.0,0.0,0.0,0.0,0.0,0,0,0,0,0.0,0,0,0,0,0,0,0,0,0,0,0,0,0,0,0,0,0,0,0,0,0,0,0,0,0,0,0,0,0,0,0,0,0,32,30,30,62,65476,0,300,0,0,8,21553,0.0,-107605600.0,0.0,0.0,0.0,0.0,0.0,0.0,0.0,0.0,0.0,0.0,0.0,0.0,0.0,0.0,0.0,0.0,0.0,0.0,0.0,0.0,2.004,-2.004,-0.0,-2.004,0.0,0.0,0.0,0.0,5407.0,-0.0,6968.0,0.0,-107615328.0,-107615280.0,-0.0,0.0,0.0,0.0,0.0,63,0.059,0.0,0.0,0.0,0.0,0.0,0.0,0.0,0.0,0,0,0,0.0,0.0,0.0,0.0,0.0,0.0,0.0,0.0,0.0,0.0,0.0,0.0,0.0,0.0,0.0,0.0,0,-107875648.0,63,0.0,126,2.7184242562605685e+23,-0.0,ERR,ERR,ERR,ERR,ERR,ERR,ERR,ERR,ERR,ERR,ERR,ERR,ERR,ERR,ERR,ERR,ERR,ERR,ERR,ERR,ERR,ERR,ERR,ERR,ERR,ERR,ERR,ERR,ERR,ERR,ERR,ERR,ERR,ERR,ERR,ERR,ERR,ERR,ERR,ERR,ERR,ERR,ERR,ERR,ERR,ERR,ERR,ERR,ERR,ERR,ERR,ERR,ERR,ERR,ERR,ERR,ERR,ERR,ERR,ERR,ERR,ERR,ERR,ERR,ERR,ERR,ERR,34.0,80.0,35,0.0,0.0,0.0,0.0,0.0,0.0,0.0,0.0,0.0,0.0,0.0,0.0,0.0,0.0,0.0,0.0,64.4,0,116,56,50,65476,0,300,0,0,8,20529,65476,0,0,57672,80.0,0.0,0.0,0.0,0.0,0.0
2026-06-17T04:32:25,ERR,ERR,ERR,ERR,ERR,ERR,ERR,ERR,ERR,ERR,ERR,ERR,ERR,ERR,ERR,ERR,ERR,ERR,ERR,ERR,ERR,ERR,ERR,ERR,ERR,ERR,ERR,ERR,ERR,ERR,ERR,ERR,ERR,ERR,ERR,ERR,ERR,ERR,ERR,ERR,ERR,ERR,ERR,ERR,ERR,ERR,ERR,ERR,ERR,ERR,ERR,ERR,ERR,ERR,ERR,ERR,ERR,ERR,ERR,ERR,ERR,ERR,ERR,ERR,ERR,ERR,ERR,ERR,ERR,ERR,ERR,ERR,ERR,ERR,ERR,ERR,ERR,ERR,ERR,ERR,ERR,ERR,ERR,ERR,ERR,ERR,ERR,ERR,ERR,ERR,ERR,ERR,ERR,ERR,ERR,ERR,ERR,ERR,ERR,ERR,ERR,ERR,ERR,ERR,ERR,ERR,ERR,ERR,ERR,ERR,ERR,ERR,ERR,ERR,ERR,ERR,ERR,ERR,ERR,ERR,ERR,ERR,ERR,ERR,ERR,0.0,-0.0,3.028208139652935e+23,0.0,0.0,1.3936040501711995e+18,7.805,0.0,0,0,4,0,7300,-0.0,0,0.0,0.0,0.0,0.0,0.0,0,0,0,0,0.0,0,0,0,0,0,0,0,0,0,0,0,0,0,0,0,0,0,0,0,0,0,0,0,0,0,0,0,0,0,0,0,0,0,32,30,30,62,65476,0,300,0,0,8,21553,0.0,-107605600.0,0.0,0.0,0.0,0.0,0.0,0.0,0.0,0.0,0.0,0.0,0.0,0.0,0.0,0.0,0.0,0.0,0.0,0.0,0.0,0.0,2.004,-2.004,-0.0,-2.004,0.0,0.0,0.0,0.0,5407.0,-0.0,6968.0,0.0,-107615328.0,-107615280.0,-0.0,0.0,0.0,0.0,0.0,63,0.059,0.0,0.0,0.0,0.0,0.0,0.0,0.0,0.0,0,0,0,0.0,0.0,0.0,0.0,0.0,0.0,0.0,0.0,0.0,0.0,0.0,0.0,0.0,0.0,0.0,0.0,0,-107875648.0,63,0.0,126,2.7184242562605685e+23,-0.0,ERR,ERR,ERR,ERR,ERR,ERR,ERR,ERR,ERR,ERR,ERR,ERR,ERR,ERR,ERR,ERR,ERR,ERR,ERR,ERR,ERR,ERR,ERR,ERR,ERR,ERR,ERR,ERR,ERR,ERR,ERR,ERR,ERR,ERR,ERR,ERR,ERR,ERR,ERR,ERR,ERR,ERR,ERR,ERR,ERR,ERR,ERR,ERR,ERR,ERR,ERR,ERR,ERR,ERR,ERR,ERR,ERR,ERR,ERR,ERR,ERR,ERR,ERR,ERR,ERR,ERR,ERR,34.0,80.0,35,0.0,0.0,0.0,0.0,0.0,0.0,0.0,0.0,0.0,0.0,0.0,0.0,0.0,0.0,0.0,0.0,64.4,0,116,56,50,65476,0,300,0,0,8,20529,65476,0,0,57672,80.0,0.0,0.0,0.0,0.0,0.0
2026-06-17T04:32:26,ERR,ERR,ERR,ERR,ERR,ERR,ERR,ERR,ERR,ERR,ERR,ERR,ERR,ERR,ERR,ERR,ERR,ERR,ERR,ERR,ERR,ERR,ERR,ERR,ERR,ERR,ERR,ERR,ERR,ERR,ERR,ERR,ERR,ERR,ERR,ERR,ERR,ERR,ERR,ERR,ERR,ERR,ERR,ERR,ERR,ERR,ERR,ERR,ERR,ERR,ERR,ERR,ERR,ERR,ERR,ERR,ERR,ERR,ERR,ERR,ERR,ERR,ERR,ERR,ERR,ERR,ERR,ERR,ERR,ERR,ERR,ERR,ERR,ERR,ERR,ERR,ERR,ERR,ERR,ERR,ERR,ERR,ERR,ERR,ERR,ERR,ERR,ERR,ERR,ERR,ERR,ERR,ERR,ERR,ERR,ERR,ERR,ERR,ERR,ERR,ERR,ERR,ERR,ERR,ERR,ERR,ERR,ERR,ERR,ERR,ERR,ERR,ERR,ERR,ERR,ERR,ERR,ERR,ERR,ERR,ERR,ERR,ERR,ERR,ERR,0.0,-0.0,3.028208139652935e+23,0.0,0.0,1.3936040501711995e+18,7.805,0.0,0,0,4,0,7300,-0.0,0,0.0,0.0,0.0,0.0,0.0,0,0,0,0,0.0,0,0,0,0,0,0,0,0,0,0,0,0,0,0,0,0,0,0,0,0,0,0,0,0,0,0,0,0,0,0,0,0,0,32,30,30,62,65476,0,300,0,0,8,21553,0.0,-107605600.0,0.0,0.0,0.0,0.0,0.0,0.0,0.0,0.0,0.0,0.0,0.0,0.0,0.0,0.0,0.0,0.0,0.0,0.0,0.0,0.0,2.004,-2.004,-0.0,-2.004,0.0,0.0,0.0,0.0,5407.0,-0.0,6968.0,0.0,-107615328.0,-107615280.0,-0.0,0.0,0.0,0.0,0.0,63,0.059,0.0,0.0,0.0,0.0,0.0,0.0,0.0,0.0,0,0,0,0.0,0.0,0.0,0.0,0.0,0.0,0.0,0.0,0.0,0.0,0.0,0.0,0.0,0.0,0.0,0.0,0,-107875648.0,63,0.0,126,2.7184242562605685e+23,-0.0,ERR,ERR,ERR,ERR,ERR,ERR,ERR,ERR,ERR,ERR,ERR,ERR,ERR,ERR,ERR,ERR,ERR,ERR,ERR,ERR,ERR,ERR,ERR,ERR,ERR,ERR,ERR,ERR,ERR,ERR,ERR,ERR,ERR,ERR,ERR,ERR,ERR,ERR,ERR,ERR,ERR,ERR,ERR,ERR,ERR,ERR,ERR,ERR,ERR,ERR,ERR,ERR,ERR,ERR,ERR,ERR,ERR,ERR,ERR,ERR,ERR,ERR,ERR,ERR,ERR,ERR,ERR,34.0,80.0,35,0.0,0.0,0.0,0.0,0.0,0.0,0.0,0.0,0.0,0.0,0.0,0.0,0.0,0.0,0.0,0.0,64.4,0,116,56,50,65476,0,300,0,0,8,20529,65476,0,0,57672,80.0,0.0,0.0,0.0,0.0,0.0
2026-06-17T04:32:27,ERR,ERR,ERR,ERR,ERR,ERR,ERR,ERR,ERR,ERR,ERR,ERR,ERR,ERR,ERR,ERR,ERR,ERR,ERR,ERR,ERR,ERR,ERR,ERR,ERR,ERR,ERR,ERR,ERR,ERR,ERR,ERR,ERR,ERR,ERR,ERR,ERR,ERR,ERR,ERR,ERR,ERR,ERR,ERR,ERR,ERR,ERR,ERR,ERR,ERR,ERR,ERR,ERR,ERR,ERR,ERR,ERR,ERR,ERR,ERR,ERR,ERR,ERR,ERR,ERR,ERR,ERR,ERR,ERR,ERR,ERR,ERR,ERR,ERR,ERR,ERR,ERR,ERR,ERR,ERR,ERR,ERR,ERR,ERR,ERR,ERR,ERR,ERR,ERR,ERR,ERR,ERR,ERR,ERR,ERR,ERR,ERR,ERR,ERR,ERR,ERR,ERR,ERR,ERR,ERR,ERR,ERR,ERR,ERR,ERR,ERR,ERR,ERR,ERR,ERR,ERR,ERR,ERR,ERR,ERR,ERR,ERR,ERR,ERR,ERR,0.0,-0.0,3.028208139652935e+23,0.0,0.0,1.3936040501711995e+18,7.805,0.0,0,0,4,0,7300,-0.0,0,0.0,0.0,0.0,0.0,0.0,0,0,0,0,0.0,0,0,0,0,0,0,0,0,0,0,0,0,0,0,0,0,0,0,0,0,0,0,0,0,0,0,0,0,0,0,0,0,0,32,30,30,62,65476,0,300,0,0,8,21553,0.0,-107605600.0,0.0,0.0,0.0,0.0,0.0,0.0,0.0,0.0,0.0,0.0,0.0,0.0,0.0,0.0,0.0,0.0,0.0,0.0,0.0,0.0,2.004,-2.004,-0.0,-2.004,0.0,0.0,0.0,0.0,5407.0,-0.0,6968.0,0.0,-107615328.0,-107615280.0,-0.0,0.0,0.0,0.0,0.0,63,0.059,0.0,0.0,0.0,0.0,0.0,0.0,0.0,0.0,0,0,0,0.0,0.0,0.0,0.0,0.0,0.0,0.0,0.0,0.0,0.0,0.0,0.0,0.0,0.0,0.0,0.0,0,-107875648.0,63,0.0,126,2.7184242562605685e+23,-0.0,ERR,ERR,ERR,ERR,ERR,ERR,ERR,ERR,ERR,ERR,ERR,ERR,ERR,ERR,ERR,ERR,ERR,ERR,ERR,ERR,ERR,ERR,ERR,ERR,ERR,ERR,ERR,ERR,ERR,ERR,ERR,ERR,ERR,ERR,ERR,ERR,ERR,ERR,ERR,ERR,ERR,ERR,ERR,ERR,ERR,ERR,ERR,ERR,ERR,ERR,ERR,ERR,ERR,ERR,ERR,ERR,ERR,ERR,ERR,ERR,ERR,ERR,ERR,ERR,ERR,ERR,ERR,34.0,80.0,35,0.0,0.0,0.0,0.0,0.0,0.0,0.0,0.0,0.0,0.0,0.0,0.0,0.0,0.0,0.0,0.0,64.4,0,116,56,50,65476,0,300,0,0,8,20529,65476,0,0,57672,80.0,0.0,0.0,0.0,0.0,0.0
2026-06-17T04:32:28,ERR,ERR,ERR,ERR,ERR,ERR,ERR,ERR,ERR,ERR,ERR,ERR,ERR,ERR,ERR,ERR,ERR,ERR,ERR,ERR,ERR,ERR,ERR,ERR,ERR,ERR,ERR,ERR,ERR,ERR,ERR,ERR,ERR,ERR,ERR,ERR,ERR,ERR,ERR,ERR,ERR,ERR,ERR,ERR,ERR,ERR,ERR,ERR,ERR,ERR,ERR,ERR,ERR,ERR,ERR,ERR,ERR,ERR,ERR,ERR,ERR,ERR,ERR,ERR,ERR,ERR,ERR,ERR,ERR,ERR,ERR,ERR,ERR,ERR,ERR,ERR,ERR,ERR,ERR,ERR,ERR,ERR,ERR,ERR,ERR,ERR,ERR,ERR,ERR,ERR,ERR,ERR,ERR,ERR,ERR,ERR,ERR,ERR,ERR,ERR,ERR,ERR,ERR,ERR,ERR,ERR,ERR,ERR,ERR,ERR,ERR,ERR,ERR,ERR,ERR,ERR,ERR,ERR,ERR,ERR,ERR,ERR,ERR,ERR,ERR,0.0,-0.0,3.028208139652935e+23,0.0,0.0,1.3936040501711995e+18,7.805,0.0,0,0,4,0,7300,-0.0,0,0.0,0.0,0.0,0.0,0.0,0,0,0,0,0.0,0,0,0,0,0,0,0,0,0,0,0,0,0,0,0,0,0,0,0,0,0,0,0,0,0,0,0,0,0,0,0,0,0,32,30,30,62,65476,0,300,0,0,8,21553,0.0,-107605600.0,0.0,0.0,0.0,0.0,0.0,0.0,0.0,0.0,0.0,0.0,0.0,0.0,0.0,0.0,0.0,0.0,0.0,0.0,0.0,0.0,2.004,-2.004,-0.0,-2.004,0.0,0.0,0.0,0.0,5407.0,-0.0,6968.0,0.0,-107615328.0,-107615280.0,-0.0,0.0,0.0,0.0,0.0,63,0.059,0.0,0.0,0.0,0.0,0.0,0.0,0.0,0.0,0,0,0,0.0,0.0,0.0,0.0,0.0,0.0,0.0,0.0,0.0,0.0,0.0,0.0,0.0,0.0,0.0,0.0,0,-107875648.0,63,0.0,126,2.7184242562605685e+23,-0.0,ERR,ERR,ERR,ERR,ERR,ERR,ERR,ERR,ERR,ERR,ERR,ERR,ERR,ERR,ERR,ERR,ERR,ERR,ERR,ERR,ERR,ERR,ERR,ERR,ERR,ERR,ERR,ERR,ERR,ERR,ERR,ERR,ERR,ERR,ERR,ERR,ERR,ERR,ERR,ERR,ERR,ERR,ERR,ERR,ERR,ERR,ERR,ERR,ERR,ERR,ERR,ERR,ERR,ERR,ERR,ERR,ERR,ERR,ERR,ERR,ERR,ERR,ERR,ERR,ERR,ERR,ERR,34.0,80.0,35,0.0,0.0,0.0,0.0,0.0,0.0,0.0,0.0,0.0,0.0,0.0,0.0,0.0,0.0,0.0,0.0,64.4,0,116,56,50,65476,0,300,0,0,8,20529,65476,0,0,57672,80.0,0.0,0.0,0.0,0.0,0.0
2026-06-17T04:32:29,ERR,ERR,ERR,ERR,ERR,ERR,ERR,ERR,ERR,ERR,ERR,ERR,ERR,ERR,ERR,ERR,ERR,ERR,ERR,ERR,ERR,ERR,ERR,ERR,ERR,ERR,ERR,ERR,ERR,ERR,ERR,ERR,ERR,ERR,ERR,ERR,ERR,ERR,ERR,ERR,ERR,ERR,ERR,ERR,ERR,ERR,ERR,ERR,ERR,ERR,ERR,ERR,ERR,ERR,ERR,ERR,ERR,ERR,ERR,ERR,ERR,ERR,ERR,ERR,ERR,ERR,ERR,ERR,ERR,ERR,ERR,ERR,ERR,ERR,ERR,ERR,ERR,ERR,ERR,ERR,ERR,ERR,ERR,ERR,ERR,ERR,ERR,ERR,ERR,ERR,ERR,ERR,ERR,ERR,ERR,ERR,ERR,ERR,ERR,ERR,ERR,ERR,ERR,ERR,ERR,ERR,ERR,ERR,ERR,ERR,ERR,ERR,ERR,ERR,ERR,ERR,ERR,ERR,ERR,ERR,ERR,ERR,ERR,ERR,ERR,0.0,-107615328.0,0.0,0.0,0.0,1.3936040501711995e+18,7.805,0.0,0,0,4,0,7300,-0.0,0,0.0,0.0,0.0,0.0,0.0,0,0,0,0,0.0,0,0,0,0,0,0,0,0,0,0,0,0,0,0,0,0,0,0,0,0,0,0,0,0,0,0,0,0,0,0,0,0,0,32,30,30,62,65476,0,300,0,0,8,21553,0.0,-107605600.0,0.0,0.0,0.0,0.0,0.0,0.0,0.0,0.0,0.0,0.0,0.0,0.0,0.0,0.0,0.0,0.0,0.0,0.0,0.0,0.0,2.004,0.0,-0.0,-2.004,0.0,0.0,0.0,0.0,5437.0,0.0,6944.0,0.0,-107615328.0,-107615280.0,-0.0,0.0,0.0,0.0,0.0,63,0.0,126840668160.0,0.0,0.0,0.0,0.0,0.0,0.0,0.0,0,0,0,0.0,0.0,0.0,0.0,0.0,0.0,0.0,0.0,0.0,0.0,0.0,0.0,0.0,0.0,0.0,0.0,0,-107875648.0,63,0.0,126,2.7184242562605685e+23,-0.0,ERR,ERR,ERR,ERR,ERR,ERR,ERR,ERR,ERR,ERR,ERR,ERR,ERR,ERR,ERR,ERR,ERR,ERR,ERR,ERR,ERR,ERR,ERR,ERR,ERR,ERR,ERR,ERR,ERR,ERR,ERR,ERR,ERR,ERR,ERR,ERR,ERR,ERR,ERR,ERR,ERR,ERR,ERR,ERR,ERR,ERR,ERR,ERR,ERR,ERR,ERR,ERR,ERR,ERR,ERR,ERR,ERR,ERR,ERR,ERR,ERR,ERR,ERR,ERR,ERR,ERR,ERR,34.0,80.0,35,0.0,0.0,0.0,0.0,0.0,0.0,0.0,0.0,0.0,0.0,0.0,0.0,0.0,0.0,0.0,0.0,64.4,0,116,56,50,65476,0,300,0,0,8,20529,65476,0,0,57672,80.0,0.0,0.0,0.0,0.0,0.0
2026-06-17T04:32:30,ERR,ERR,ERR,ERR,ERR,ERR,ERR,ERR,ERR,ERR,ERR,ERR,ERR,ERR,ERR,ERR,ERR,ERR,ERR,ERR,ERR,ERR,ERR,ERR,ERR,ERR,ERR,ERR,ERR,ERR,ERR,ERR,ERR,ERR,ERR,ERR,ERR,ERR,ERR,ERR,ERR,ERR,ERR,ERR,ERR,ERR,ERR,ERR,ERR,ERR,ERR,ERR,ERR,ERR,ERR,ERR,ERR,ERR,ERR,ERR,ERR,ERR,ERR,ERR,ERR,ERR,ERR,ERR,ERR,ERR,ERR,ERR,ERR,ERR,ERR,ERR,ERR,ERR,ERR,ERR,ERR,ERR,ERR,ERR,ERR,ERR,ERR,ERR,ERR,ERR,ERR,ERR,ERR,ERR,ERR,ERR,ERR,ERR,ERR,ERR,ERR,ERR,ERR,ERR,ERR,ERR,ERR,ERR,ERR,ERR,ERR,ERR,ERR,ERR,ERR,ERR,ERR,ERR,ERR,ERR,ERR,ERR,ERR,ERR,ERR,0.0,-107615328.0,0.0,0.0,0.0,1.3936040501711995e+18,7.805,0.0,0,0,4,0,7300,-0.0,0,0.0,0.0,0.0,0.0,0.0,0,0,0,0,0.0,0,0,0,0,0,0,0,0,0,0,0,0,0,0,0,0,0,0,0,0,0,0,0,0,0,0,0,0,0,0,0,0,0,32,30,30,62,65476,0,300,0,0,8,21553,0.0,-107605600.0,0.0,0.0,0.0,0.0,0.0,0.0,0.0,0.0,0.0,0.0,0.0,0.0,0.0,0.0,0.0,0.0,0.0,0.0,0.0,0.0,2.004,0.0,-0.0,-2.004,0.0,0.0,0.0,0.0,5437.0,0.0,6944.0,0.0,-107615328.0,-107615280.0,-0.0,0.0,0.0,0.0,0.0,63,0.0,126840668160.0,0.0,0.0,0.0,0.0,0.0,0.0,0.0,0,0,0,0.0,0.0,0.0,0.0,0.0,0.0,0.0,0.0,0.0,0.0,0.0,0.0,0.0,0.0,0.0,0.0,0,-107875648.0,63,0.0,126,2.7184242562605685e+23,-0.0,ERR,ERR,ERR,ERR,ERR,ERR,ERR,ERR,ERR,ERR,ERR,ERR,ERR,ERR,ERR,ERR,ERR,ERR,ERR,ERR,ERR,ERR,ERR,ERR,ERR,ERR,ERR,ERR,ERR,ERR,ERR,ERR,ERR,ERR,ERR,ERR,ERR,ERR,ERR,ERR,ERR,ERR,ERR,ERR,ERR,ERR,ERR,ERR,ERR,ERR,ERR,ERR,ERR,ERR,ERR,ERR,ERR,ERR,ERR,ERR,ERR,ERR,ERR,ERR,ERR,ERR,ERR,34.0,80.0,35,0.0,0.0,0.0,0.0,0.0,0.0,0.0,0.0,0.0,0.0,0.0,0.0,0.0,0.0,0.0,0.0,64.4,0,116,56,50,65476,0,300,0,0,8,20529,65476,0,0,57672,80.0,0.0,0.0,0.0,0.0,0.0
2026-06-17T04:32:31,ERR,ERR,ERR,ERR,ERR,ERR,ERR,ERR,ERR,ERR,ERR,ERR,ERR,ERR,ERR,ERR,ERR,ERR,ERR,ERR,ERR,ERR,ERR,ERR,ERR,ERR,ERR,ERR,ERR,ERR,ERR,ERR,ERR,ERR,ERR,ERR,ERR,ERR,ERR,ERR,ERR,ERR,ERR,ERR,ERR,ERR,ERR,ERR,ERR,ERR,ERR,ERR,ERR,ERR,ERR,ERR,ERR,ERR,ERR,ERR,ERR,ERR,ERR,ERR,ERR,ERR,ERR,ERR,ERR,ERR,ERR,ERR,ERR,ERR,ERR,ERR,ERR,ERR,ERR,ERR,ERR,ERR,ERR,ERR,ERR,ERR,ERR,ERR,ERR,ERR,ERR,ERR,ERR,ERR,ERR,ERR,ERR,ERR,ERR,ERR,ERR,ERR,ERR,ERR,ERR,ERR,ERR,ERR,ERR,ERR,ERR,ERR,ERR,ERR,ERR,ERR,ERR,ERR,ERR,ERR,ERR,ERR,ERR,ERR,ERR,0.0,-107615328.0,0.0,0.0,0.0,1.3936040501711995e+18,7.805,0.0,0,0,4,0,7300,-0.0,0,0.0,0.0,0.0,0.0,0.0,0,0,0,0,0.0,0,0,0,0,0,0,0,0,0,0,0,0,0,0,0,0,0,0,0,0,0,0,0,0,0,0,0,0,0,0,0,0,0,32,30,30,62,65476,0,300,0,0,8,21553,0.0,-107605600.0,0.0,0.0,0.0,0.0,0.0,0.0,0.0,0.0,0.0,0.0,0.0,0.0,0.0,0.0,0.0,0.0,0.0,0.0,0.0,0.0,2.004,0.0,-0.0,-2.004,0.0,0.0,0.0,0.0,5437.0,0.0,6944.0,0.0,-107615328.0,-107615280.0,-0.0,0.0,0.0,0.0,0.0,63,0.0,126840668160.0,0.0,0.0,0.0,0.0,0.0,0.0,0.0,0,0,0,0.0,0.0,0.0,0.0,0.0,0.0,0.0,0.0,0.0,0.0,0.0,0.0,0.0,0.0,0.0,0.0,0,-107875648.0,63,0.0,126,2.7184242562605685e+23,-0.0,ERR,ERR,ERR,ERR,ERR,ERR,ERR,ERR,ERR,ERR,ERR,ERR,ERR,ERR,ERR,ERR,ERR,ERR,ERR,ERR,ERR,ERR,ERR,ERR,ERR,ERR,ERR,ERR,ERR,ERR,ERR,ERR,ERR,ERR,ERR,ERR,ERR,ERR,ERR,ERR,ERR,ERR,ERR,ERR,ERR,ERR,ERR,ERR,ERR,ERR,ERR,ERR,ERR,ERR,ERR,ERR,ERR,ERR,ERR,ERR,ERR,ERR,ERR,ERR,ERR,ERR,ERR,34.0,80.0,35,0.0,0.0,0.0,0.0,0.0,0.0,0.0,0.0,0.0,0.0,0.0,0.0,0.0,0.0,0.0,0.0,64.4,0,116,56,50,65476,0,300,0,0,8,20529,65476,0,0,57672,80.0,0.0,0.0,0.0,0.0,0.0
2026-06-17T04:32:32,ERR,ERR,ERR,ERR,ERR,ERR,ERR,ERR,ERR,ERR,ERR,ERR,ERR,ERR,ERR,ERR,ERR,ERR,ERR,ERR,ERR,ERR,ERR,ERR,ERR,ERR,ERR,ERR,ERR,ERR,ERR,ERR,ERR,ERR,ERR,ERR,ERR,ERR,ERR,ERR,ERR,ERR,ERR,ERR,ERR,ERR,ERR,ERR,ERR,ERR,ERR,ERR,ERR,ERR,ERR,ERR,ERR,ERR,ERR,ERR,ERR,ERR,ERR,ERR,ERR,ERR,ERR,ERR,ERR,ERR,ERR,ERR,ERR,ERR,ERR,ERR,ERR,ERR,ERR,ERR,ERR,ERR,ERR,ERR,ERR,ERR,ERR,ERR,ERR,ERR,ERR,ERR,ERR,ERR,ERR,ERR,ERR,ERR,ERR,ERR,ERR,ERR,ERR,ERR,ERR,ERR,ERR,ERR,ERR,ERR,ERR,ERR,ERR,ERR,ERR,ERR,ERR,ERR,ERR,ERR,ERR,ERR,ERR,ERR,ERR,0.0,-107615328.0,0.0,0.0,0.0,1.3936040501711995e+18,7.805,0.0,0,0,4,0,7300,-0.0,0,0.0,0.0,0.0,0.0,0.0,0,0,0,0,0.0,0,0,0,0,0,0,0,0,0,0,0,0,0,0,0,0,0,0,0,0,0,0,0,0,0,0,0,0,0,0,0,0,0,32,30,30,62,65476,0,300,0,0,8,21553,0.0,-107605600.0,0.0,0.0,0.0,0.0,0.0,0.0,0.0,0.0,0.0,0.0,0.0,0.0,0.0,0.0,0.0,0.0,0.0,0.0,0.0,0.0,2.004,0.0,-0.0,-2.004,0.0,0.0,0.0,0.0,5437.0,0.0,6944.0,0.0,-107615328.0,-107615280.0,-0.0,0.0,0.0,0.0,0.0,63,0.0,126840668160.0,0.0,0.0,0.0,0.0,0.0,0.0,0.0,0,0,0,0.0,0.0,0.0,0.0,0.0,0.0,0.0,0.0,0.0,0.0,0.0,0.0,0.0,0.0,0.0,0.0,0,-107875648.0,63,0.0,126,2.7184242562605685e+23,-0.0,ERR,ERR,ERR,ERR,ERR,ERR,ERR,ERR,ERR,ERR,ERR,ERR,ERR,ERR,ERR,ERR,ERR,ERR,ERR,ERR,ERR,ERR,ERR,ERR,ERR,ERR,ERR,ERR,ERR,ERR,ERR,ERR,ERR,ERR,ERR,ERR,ERR,ERR,ERR,ERR,ERR,ERR,ERR,ERR,ERR,ERR,ERR,ERR,ERR,ERR,ERR,ERR,ERR,ERR,ERR,ERR,ERR,ERR,ERR,ERR,ERR,ERR,ERR,ERR,ERR,ERR,ERR,34.0,80.0,35,0.0,0.0,0.0,0.0,0.0,0.0,0.0,0.0,0.0,0.0,0.0,0.0,0.0,0.0,0.0,0.0,64.8,0,116,56,50,65476,0,300,0,0,8,20529,65476,0,0,57672,80.0,0.0,0.0,0.0,0.0,0.0
2026-06-17T04:32:33,ERR,ERR,ERR,ERR,ERR,ERR,ERR,ERR,ERR,ERR,ERR,ERR,ERR,ERR,ERR,ERR,ERR,ERR,ERR,ERR,ERR,ERR,ERR,ERR,ERR,ERR,ERR,ERR,ERR,ERR,ERR,ERR,ERR,ERR,ERR,ERR,ERR,ERR,ERR,ERR,ERR,ERR,ERR,ERR,ERR,ERR,ERR,ERR,ERR,ERR,ERR,ERR,ERR,ERR,ERR,ERR,ERR,ERR,ERR,ERR,ERR,ERR,ERR,ERR,ERR,ERR,ERR,ERR,ERR,ERR,ERR,ERR,ERR,ERR,ERR,ERR,ERR,ERR,ERR,ERR,ERR,ERR,ERR,ERR,ERR,ERR,ERR,ERR,ERR,ERR,ERR,ERR,ERR,ERR,ERR,ERR,ERR,ERR,ERR,ERR,ERR,ERR,ERR,ERR,ERR,ERR,ERR,ERR,ERR,ERR,ERR,ERR,ERR,ERR,ERR,ERR,ERR,ERR,ERR,ERR,ERR,ERR,ERR,ERR,ERR,0.0,-107615328.0,0.0,0.0,0.0,1.3936040501711995e+18,7.805,0.0,0,0,4,0,7300,-0.0,0,0.0,0.0,0.0,0.0,0.0,0,0,0,0,0.0,0,0,0,0,0,0,0,0,0,0,0,0,0,0,0,0,0,0,0,0,0,0,0,0,0,0,0,0,0,0,0,0,0,32,30,30,62,65476,0,300,0,0,8,21553,0.0,-107605600.0,0.0,0.0,0.0,0.0,0.0,0.0,0.0,0.0,0.0,0.0,0.0,0.0,0.0,0.0,0.0,0.0,0.0,0.0,0.0,0.0,2.004,0.0,-0.0,-2.004,0.0,0.0,0.0,0.0,5437.0,0.0,6944.0,0.0,-107615328.0,-107615280.0,-0.0,0.0,0.0,0.0,0.0,63,0.0,126840668160.0,0.0,0.0,0.0,0.0,0.0,0.0,0.0,0,0,0,0.0,0.0,0.0,0.0,0.0,0.0,0.0,0.0,0.0,0.0,0.0,0.0,0.0,0.0,0.0,0.0,0,-107875648.0,63,0.0,126,2.7184242562605685e+23,-0.0,ERR,ERR,ERR,ERR,ERR,ERR,ERR,ERR,ERR,ERR,ERR,ERR,ERR,ERR,ERR,ERR,ERR,ERR,ERR,ERR,ERR,ERR,ERR,ERR,ERR,ERR,ERR,ERR,ERR,ERR,ERR,ERR,ERR,ERR,ERR,ERR,ERR,ERR,ERR,ERR,ERR,ERR,ERR,ERR,ERR,ERR,ERR,ERR,ERR,ERR,ERR,ERR,ERR,ERR,ERR,ERR,ERR,ERR,ERR,ERR,ERR,ERR,ERR,ERR,ERR,ERR,ERR,34.0,80.0,35,0.0,0.0,0.0,0.0,0.0,0.0,0.0,0.0,0.0,0.0,0.0,0.0,0.0,0.0,0.0,0.0,64.4,0,116,56,50,65476,0,300,0,0,8,20529,65476,0,0,57672,80.0,0.0,0.0,0.0,0.0,0.0
2026-06-17T04:32:34,ERR,ERR,ERR,ERR,ERR,ERR,ERR,ERR,ERR,ERR,ERR,ERR,ERR,ERR,ERR,ERR,ERR,ERR,ERR,ERR,ERR,ERR,ERR,ERR,ERR,ERR,ERR,ERR,ERR,ERR,ERR,ERR,ERR,ERR,ERR,ERR,ERR,ERR,ERR,ERR,ERR,ERR,ERR,ERR,ERR,ERR,ERR,ERR,ERR,ERR,ERR,ERR,ERR,ERR,ERR,ERR,ERR,ERR,ERR,ERR,ERR,ERR,ERR,ERR,ERR,ERR,ERR,ERR,ERR,ERR,ERR,ERR,ERR,ERR,ERR,ERR,ERR,ERR,ERR,ERR,ERR,ERR,ERR,ERR,ERR,ERR,ERR,ERR,ERR,ERR,ERR,ERR,ERR,ERR,ERR,ERR,ERR,ERR,ERR,ERR,ERR,ERR,ERR,ERR,ERR,ERR,ERR,ERR,ERR,ERR,ERR,ERR,ERR,ERR,ERR,ERR,ERR,ERR,ERR,ERR,ERR,ERR,ERR,ERR,ERR,0.0,-107615328.0,0.0,0.0,0.0,1.3936040501711995e+18,7.805,0.0,0,0,4,0,7300,-0.0,0,0.0,0.0,0.0,0.0,0.0,0,0,0,0,0.0,0,0,0,0,0,0,0,0,0,0,0,0,0,0,0,0,0,0,0,0,0,0,0,0,0,0,0,0,0,0,0,0,0,32,30,30,62,65476,0,300,0,0,8,21553,0.0,-107605600.0,0.0,0.0,0.0,0.0,0.0,0.0,0.0,0.0,0.0,0.0,0.0,0.0,0.0,0.0,0.0,0.0,0.0,0.0,0.0,0.0,2.004,0.0,-0.0,-2.004,0.0,0.0,0.0,0.0,5435.0,564146705793024.0,6955.0,0.0,-107615328.0,-107615280.0,-0.0,0.0,0.0,0.0,0.0,63,0.0,-71.63,0.0,0.0,0.0,0.0,0.0,0.0,0.0,0,0,0,0.0,0.0,0.0,0.0,0.0,0.0,0.0,0.0,0.0,0.0,0.0,0.0,0.0,0.0,0.0,0.0,0,-107875648.0,63,0.0,126,2.7184242562605685e+23,-0.0,ERR,ERR,ERR,ERR,ERR,ERR,ERR,ERR,ERR,ERR,ERR,ERR,ERR,ERR,ERR,ERR,ERR,ERR,ERR,ERR,ERR,ERR,ERR,ERR,ERR,ERR,ERR,ERR,ERR,ERR,ERR,ERR,ERR,ERR,ERR,ERR,ERR,ERR,ERR,ERR,ERR,ERR,ERR,ERR,ERR,ERR,ERR,ERR,ERR,ERR,ERR,ERR,ERR,ERR,ERR,ERR,ERR,ERR,ERR,ERR,ERR,ERR,ERR,ERR,ERR,ERR,ERR,34.0,80.0,35,0.0,0.0,0.0,0.0,0.0,0.0,0.0,0.0,0.0,0.0,0.0,0.0,0.0,0.0,0.0,0.0,64.4,0,116,56,50,65476,0,300,0,0,8,20529,65476,0,0,57672,80.0,0.0,0.0,0.0,0.0,0.0
2026-06-17T04:32:35,ERR,ERR,ERR,ERR,ERR,ERR,ERR,ERR,ERR,ERR,ERR,ERR,ERR,ERR,ERR,ERR,ERR,ERR,ERR,ERR,ERR,ERR,ERR,ERR,ERR,ERR,ERR,ERR,ERR,ERR,ERR,ERR,ERR,ERR,ERR,ERR,ERR,ERR,ERR,ERR,ERR,ERR,ERR,ERR,ERR,ERR,ERR,ERR,ERR,ERR,ERR,ERR,ERR,ERR,ERR,ERR,ERR,ERR,ERR,ERR,ERR,ERR,ERR,ERR,ERR,ERR,ERR,ERR,ERR,ERR,ERR,ERR,ERR,ERR,ERR,ERR,ERR,ERR,ERR,ERR,ERR,ERR,ERR,ERR,ERR,ERR,ERR,ERR,ERR,ERR,ERR,ERR,ERR,ERR,ERR,ERR,ERR,ERR,ERR,ERR,ERR,ERR,ERR,ERR,ERR,ERR,ERR,ERR,ERR,ERR,ERR,ERR,ERR,ERR,ERR,ERR,ERR,ERR,ERR,ERR,ERR,ERR,ERR,ERR,ERR,0.0,-107615328.0,0.0,0.0,0.0,1.3936040501711995e+18,7.805,0.0,0,0,4,0,7300,-0.0,0,0.0,0.0,0.0,0.0,0.0,0,0,0,0,0.0,0,0,0,0,0,0,0,0,0,0,0,0,0,0,0,0,0,0,0,0,0,0,0,0,0,0,0,0,0,0,0,0,0,32,30,30,62,65476,0,300,0,0,8,21553,0.0,-107605600.0,0.0,0.0,0.0,0.0,0.0,0.0,0.0,0.0,0.0,0.0,0.0,0.0,0.0,0.0,0.0,0.0,0.0,0.0,0.0,0.0,2.004,0.0,-0.0,-2.004,0.0,0.0,0.0,0.0,5435.0,564146705793024.0,6955.0,0.0,-107615328.0,-107615280.0,-0.0,0.0,0.0,0.0,0.0,63,0.0,-71.63,0.0,0.0,0.0,0.0,0.0,0.0,0.0,0,0,0,0.0,0.0,0.0,0.0,0.0,0.0,0.0,0.0,0.0,0.0,0.0,0.0,0.0,0.0,0.0,0.0,0,-107875648.0,63,0.0,126,2.7184242562605685e+23,-0.0,ERR,ERR,ERR,ERR,ERR,ERR,ERR,ERR,ERR,ERR,ERR,ERR,ERR,ERR,ERR,ERR,ERR,ERR,ERR,ERR,ERR,ERR,ERR,ERR,ERR,ERR,ERR,ERR,ERR,ERR,ERR,ERR,ERR,ERR,ERR,ERR,ERR,ERR,ERR,ERR,ERR,ERR,ERR,ERR,ERR,ERR,ERR,ERR,ERR,ERR,ERR,ERR,ERR,ERR,ERR,ERR,ERR,ERR,ERR,ERR,ERR,ERR,ERR,ERR,ERR,ERR,ERR,34.0,80.0,35,0.0,0.0,0.0,0.0,0.0,0.0,0.0,0.0,0.0,0.0,0.0,0.0,0.0,0.0,0.0,0.0,64.4,0,116,56,50,65476,0,300,0,0,8,20529,65476,0,0,57672,80.0,0.0,0.0,0.0,0.0,0.0
2026-06-17T04:32:36,ERR,ERR,ERR,ERR,ERR,ERR,ERR,ERR,ERR,ERR,ERR,ERR,ERR,ERR,ERR,ERR,ERR,ERR,ERR,ERR,ERR,ERR,ERR,ERR,ERR,ERR,ERR,ERR,ERR,ERR,ERR,ERR,ERR,ERR,ERR,ERR,ERR,ERR,ERR,ERR,ERR,ERR,ERR,ERR,ERR,ERR,ERR,ERR,ERR,ERR,ERR,ERR,ERR,ERR,ERR,ERR,ERR,ERR,ERR,ERR,ERR,ERR,ERR,ERR,ERR,ERR,ERR,ERR,ERR,ERR,ERR,ERR,ERR,ERR,ERR,ERR,ERR,ERR,ERR,ERR,ERR,ERR,ERR,ERR,ERR,ERR,ERR,ERR,ERR,ERR,ERR,ERR,ERR,ERR,ERR,ERR,ERR,ERR,ERR,ERR,ERR,ERR,ERR,ERR,ERR,ERR,ERR,ERR,ERR,ERR,ERR,ERR,ERR,ERR,ERR,ERR,ERR,ERR,ERR,ERR,ERR,ERR,ERR,ERR,ERR,0.0,-107615328.0,0.0,0.0,0.0,1.3936040501711995e+18,7.805,0.0,0,0,4,0,7300,-0.0,0,0.0,0.0,0.0,0.0,0.0,0,0,0,0,0.0,0,0,0,0,0,0,0,0,0,0,0,0,0,0,0,0,0,0,0,0,0,0,0,0,0,0,0,0,0,0,0,0,0,32,30,30,62,65476,0,300,0,0,8,21553,0.0,-107605600.0,0.0,0.0,0.0,0.0,0.0,0.0,0.0,0.0,0.0,0.0,0.0,0.0,0.0,0.0,0.0,0.0,0.0,0.0,0.0,0.0,2.004,0.0,-0.0,-2.004,0.0,0.0,0.0,0.0,5435.0,564146705793024.0,6955.0,0.0,-107615328.0,-107615280.0,-0.0,0.0,0.0,0.0,0.0,63,0.0,-71.63,0.0,0.0,0.0,0.0,0.0,0.0,0.0,0,0,0,0.0,0.0,0.0,0.0,0.0,0.0,0.0,0.0,0.0,0.0,0.0,0.0,0.0,0.0,0.0,0.0,0,-107875648.0,63,0.0,126,2.7184242562605685e+23,-0.0,ERR,ERR,ERR,ERR,ERR,ERR,ERR,ERR,ERR,ERR,ERR,ERR,ERR,ERR,ERR,ERR,ERR,ERR,ERR,ERR,ERR,ERR,ERR,ERR,ERR,ERR,ERR,ERR,ERR,ERR,ERR,ERR,ERR,ERR,ERR,ERR,ERR,ERR,ERR,ERR,ERR,ERR,ERR,ERR,ERR,ERR,ERR,ERR,ERR,ERR,ERR,ERR,ERR,ERR,ERR,ERR,ERR,ERR,ERR,ERR,ERR,ERR,ERR,ERR,ERR,ERR,ERR,34.0,80.0,35,0.0,0.0,0.0,0.0,0.0,0.0,0.0,0.0,0.0,0.0,0.0,0.0,0.0,0.0,0.0,0.0,64.4,0,116,56,50,65476,0,300,0,0,8,20529,65476,0,0,57672,80.0,0.0,0.0,0.0,0.0,0.0
2026-06-17T04:32:37,ERR,ERR,ERR,ERR,ERR,ERR,ERR,ERR,ERR,ERR,ERR,ERR,ERR,ERR,ERR,ERR,ERR,ERR,ERR,ERR,ERR,ERR,ERR,ERR,ERR,ERR,ERR,ERR,ERR,ERR,ERR,ERR,ERR,ERR,ERR,ERR,ERR,ERR,ERR,ERR,ERR,ERR,ERR,ERR,ERR,ERR,ERR,ERR,ERR,ERR,ERR,ERR,ERR,ERR,ERR,ERR,ERR,ERR,ERR,ERR,ERR,ERR,ERR,ERR,ERR,ERR,ERR,ERR,ERR,ERR,ERR,ERR,ERR,ERR,ERR,ERR,ERR,ERR,ERR,ERR,ERR,ERR,ERR,ERR,ERR,ERR,ERR,ERR,ERR,ERR,ERR,ERR,ERR,ERR,ERR,ERR,ERR,ERR,ERR,ERR,ERR,ERR,ERR,ERR,ERR,ERR,ERR,ERR,ERR,ERR,ERR,ERR,ERR,ERR,ERR,ERR,ERR,ERR,ERR,ERR,ERR,ERR,ERR,ERR,ERR,0.0,-107615328.0,0.0,0.0,0.0,1.3936040501711995e+18,7.805,0.0,0,0,4,0,7300,-0.0,0,0.0,0.0,0.0,0.0,0.0,0,0,0,0,0.0,0,0,0,0,0,0,0,0,0,0,0,0,0,0,0,0,0,0,0,0,0,0,0,0,0,0,0,0,0,0,0,0,0,32,30,30,62,65476,0,300,0,0,8,21553,0.0,-107605600.0,0.0,0.0,0.0,0.0,0.0,0.0,0.0,0.0,0.0,0.0,0.0,0.0,0.0,0.0,0.0,0.0,0.0,0.0,0.0,0.0,2.004,0.0,-0.0,-2.004,0.0,0.0,0.0,0.0,5435.0,564146705793024.0,6955.0,0.0,-107615328.0,-107615280.0,-0.0,0.0,0.0,0.0,0.0,63,0.0,-71.63,0.0,0.0,0.0,0.0,0.0,0.0,0.0,0,0,0,0.0,0.0,0.0,0.0,0.0,0.0,0.0,0.0,0.0,0.0,0.0,0.0,0.0,0.0,0.0,0.0,0,-107875648.0,63,0.0,126,2.7184242562605685e+23,-0.0,ERR,ERR,ERR,ERR,ERR,ERR,ERR,ERR,ERR,ERR,ERR,ERR,ERR,ERR,ERR,ERR,ERR,ERR,ERR,ERR,ERR,ERR,ERR,ERR,ERR,ERR,ERR,ERR,ERR,ERR,ERR,ERR,ERR,ERR,ERR,ERR,ERR,ERR,ERR,ERR,ERR,ERR,ERR,ERR,ERR,ERR,ERR,ERR,ERR,ERR,ERR,ERR,ERR,ERR,ERR,ERR,ERR,ERR,ERR,ERR,ERR,ERR,ERR,ERR,ERR,ERR,ERR,34.0,80.0,35,0.0,0.0,0.0,0.0,0.0,0.0,0.0,0.0,0.0,0.0,0.0,0.0,0.0,0.0,0.0,0.0,64.4,0,116,56,50,65476,0,300,0,0,8,20529,65476,0,0,57672,80.0,0.0,0.0,0.0,0.0,0.0
2026-06-17T04:32:38,ERR,ERR,ERR,ERR,ERR,ERR,ERR,ERR,ERR,ERR,ERR,ERR,ERR,ERR,ERR,ERR,ERR,ERR,ERR,ERR,ERR,ERR,ERR,ERR,ERR,ERR,ERR,ERR,ERR,ERR,ERR,ERR,ERR,ERR,ERR,ERR,ERR,ERR,ERR,ERR,ERR,ERR,ERR,ERR,ERR,ERR,ERR,ERR,ERR,ERR,ERR,ERR,ERR,ERR,ERR,ERR,ERR,ERR,ERR,ERR,ERR,ERR,ERR,ERR,ERR,ERR,ERR,ERR,ERR,ERR,ERR,ERR,ERR,ERR,ERR,ERR,ERR,ERR,ERR,ERR,ERR,ERR,ERR,ERR,ERR,ERR,ERR,ERR,ERR,ERR,ERR,ERR,ERR,ERR,ERR,ERR,ERR,ERR,ERR,ERR,ERR,ERR,ERR,ERR,ERR,ERR,ERR,ERR,ERR,ERR,ERR,ERR,ERR,ERR,ERR,ERR,ERR,ERR,ERR,ERR,ERR,ERR,ERR,ERR,ERR,0.0,-107615328.0,0.0,0.0,0.0,1.3936040501711995e+18,7.805,0.0,0,0,4,0,7300,-0.0,0,0.0,0.0,0.0,0.0,0.0,0,0,0,0,0.0,0,0,0,0,0,0,0,0,0,0,0,0,0,0,0,0,0,0,0,0,0,0,0,0,0,0,0,0,0,0,0,0,0,32,30,30,62,65476,0,300,0,0,8,21553,0.0,-107605600.0,0.0,0.0,0.0,0.0,0.0,0.0,0.0,0.0,0.0,0.0,0.0,0.0,0.0,0.0,0.0,0.0,0.0,0.0,0.0,0.0,2.004,0.0,-0.0,-2.004,0.0,0.0,0.0,0.0,5435.0,564146705793024.0,6955.0,0.0,-107615328.0,-107615280.0,-0.0,0.0,0.0,0.0,0.0,63,0.0,-71.63,0.0,0.0,0.0,0.0,0.0,0.0,0.0,0,0,0,0.0,0.0,0.0,0.0,0.0,0.0,0.0,0.0,0.0,0.0,0.0,0.0,0.0,0.0,0.0,0.0,0,-107875648.0,63,0.0,126,2.7184242562605685e+23,-0.0,ERR,ERR,ERR,ERR,ERR,ERR,ERR,ERR,ERR,ERR,ERR,ERR,ERR,ERR,ERR,ERR,ERR,ERR,ERR,ERR,ERR,ERR,ERR,ERR,ERR,ERR,ERR,ERR,ERR,ERR,ERR,ERR,ERR,ERR,ERR,ERR,ERR,ERR,ERR,ERR,ERR,ERR,ERR,ERR,ERR,ERR,ERR,ERR,ERR,ERR,ERR,ERR,ERR,ERR,ERR,ERR,ERR,ERR,ERR,ERR,ERR,ERR,ERR,ERR,ERR,ERR,ERR,34.0,80.0,35,0.0,0.0,0.0,0.0,0.0,0.0,0.0,0.0,0.0,0.0,0.0,0.0,0.0,0.0,0.0,0.0,64.4,0,116,56,50,65476,0,300,0,0,8,20529,65476,0,0,57672,80.0,0.0,0.0,0.0,0.0,0.0
2026-06-17T04:32:39,ERR,ERR,ERR,ERR,ERR,ERR,ERR,ERR,ERR,ERR,ERR,ERR,ERR,ERR,ERR,ERR,ERR,ERR,ERR,ERR,ERR,ERR,ERR,ERR,ERR,ERR,ERR,ERR,ERR,ERR,ERR,ERR,ERR,ERR,ERR,ERR,ERR,ERR,ERR,ERR,ERR,ERR,ERR,ERR,ERR,ERR,ERR,ERR,ERR,ERR,ERR,ERR,ERR,ERR,ERR,ERR,ERR,ERR,ERR,ERR,ERR,ERR,ERR,ERR,ERR,ERR,ERR,ERR,ERR,ERR,ERR,ERR,ERR,ERR,ERR,ERR,ERR,ERR,ERR,ERR,ERR,ERR,ERR,ERR,ERR,ERR,ERR,ERR,ERR,ERR,ERR,ERR,ERR,ERR,ERR,ERR,ERR,ERR,ERR,ERR,ERR,ERR,ERR,ERR,ERR,ERR,ERR,ERR,ERR,ERR,ERR,ERR,ERR,ERR,ERR,ERR,ERR,ERR,ERR,ERR,ERR,ERR,ERR,ERR,ERR,0.0,-0.0,3.028208139652935e+23,0.0,0.0,1.3936040501711995e+18,7.805,0.0,0,0,4,0,7300,-0.0,0,0.0,0.0,0.0,0.0,0.0,0,0,0,0,0.0,0,0,0,0,0,0,0,0,0,0,0,0,0,0,0,0,0,0,0,0,0,0,0,0,0,0,0,0,0,0,0,0,0,32,30,30,62,65476,0,300,0,0,8,21553,0.0,-107605600.0,0.0,0.0,0.0,0.0,0.0,0.0,0.0,0.0,0.0,0.0,0.0,0.0,0.0,0.0,0.0,0.0,0.0,0.0,0.0,0.0,2.004,-2.004,-0.0,-2.004,0.0,0.0,0.0,0.0,5439.0,-0.0,6964.0,0.0,-0.0,-107615280.0,-0.0,0.0,0.0,0.0,0.0,63,0.0,0.0,0.0,0.0,0.0,0.0,0.0,0.0,0.0,0,0,0,0.0,0.0,0.0,0.0,0.0,0.0,0.0,0.0,0.0,0.0,0.0,0.0,0.0,0.0,0.0,0.0,0,-107875648.0,63,0.0,126,2.7184242562605685e+23,-0.0,ERR,ERR,ERR,ERR,ERR,ERR,ERR,ERR,ERR,ERR,ERR,ERR,ERR,ERR,ERR,ERR,ERR,ERR,ERR,ERR,ERR,ERR,ERR,ERR,ERR,ERR,ERR,ERR,ERR,ERR,ERR,ERR,ERR,ERR,ERR,ERR,ERR,ERR,ERR,ERR,ERR,ERR,ERR,ERR,ERR,ERR,ERR,ERR,ERR,ERR,ERR,ERR,ERR,ERR,ERR,ERR,ERR,ERR,ERR,ERR,ERR,ERR,ERR,ERR,ERR,ERR,ERR,34.0,80.0,35,0.0,0.0,0.0,0.0,0.0,0.0,0.0,0.0,0.0,0.0,0.0,0.0,0.0,0.0,0.0,0.0,64.4,0,116,56,50,65476,0,300,0,0,8,20529,65476,0,0,57672,80.0,0.0,0.0,0.0,0.0,0.0
2026-06-17T04:32:40,ERR,ERR,ERR,ERR,ERR,ERR,ERR,ERR,ERR,ERR,ERR,ERR,ERR,ERR,ERR,ERR,ERR,ERR,ERR,ERR,ERR,ERR,ERR,ERR,ERR,ERR,ERR,ERR,ERR,ERR,ERR,ERR,ERR,ERR,ERR,ERR,ERR,ERR,ERR,ERR,ERR,ERR,ERR,ERR,ERR,ERR,ERR,ERR,ERR,ERR,ERR,ERR,ERR,ERR,ERR,ERR,ERR,ERR,ERR,ERR,ERR,ERR,ERR,ERR,ERR,ERR,ERR,ERR,ERR,ERR,ERR,ERR,ERR,ERR,ERR,ERR,ERR,ERR,ERR,ERR,ERR,ERR,ERR,ERR,ERR,ERR,ERR,ERR,ERR,ERR,ERR,ERR,ERR,ERR,ERR,ERR,ERR,ERR,ERR,ERR,ERR,ERR,ERR,ERR,ERR,ERR,ERR,ERR,ERR,ERR,ERR,ERR,ERR,ERR,ERR,ERR,ERR,ERR,ERR,ERR,ERR,ERR,ERR,ERR,ERR,0.0,-0.0,3.028208139652935e+23,0.0,0.0,1.3936040501711995e+18,7.805,0.0,0,0,4,0,7300,-0.0,0,0.0,0.0,0.0,0.0,0.0,0,0,0,0,0.0,0,0,0,0,0,0,0,0,0,0,0,0,0,0,0,0,0,0,0,0,0,0,0,0,0,0,0,0,0,0,0,0,0,32,30,30,62,65476,0,300,0,0,8,21553,0.0,-107605600.0,0.0,0.0,0.0,0.0,0.0,0.0,0.0,0.0,0.0,0.0,0.0,0.0,0.0,0.0,0.0,0.0,0.0,0.0,0.0,0.0,2.004,-2.004,-0.0,-2.004,0.0,0.0,0.0,0.0,5439.0,-0.0,6964.0,0.0,-0.0,-107615280.0,-0.0,0.0,0.0,0.0,0.0,63,0.0,0.0,0.0,0.0,0.0,0.0,0.0,0.0,0.0,0,0,0,0.0,0.0,0.0,0.0,0.0,0.0,0.0,0.0,0.0,0.0,0.0,0.0,0.0,0.0,0.0,0.0,0,-107875648.0,63,0.0,126,2.7184242562605685e+23,-0.0,ERR,ERR,ERR,ERR,ERR,ERR,ERR,ERR,ERR,ERR,ERR,ERR,ERR,ERR,ERR,ERR,ERR,ERR,ERR,ERR,ERR,ERR,ERR,ERR,ERR,ERR,ERR,ERR,ERR,ERR,ERR,ERR,ERR,ERR,ERR,ERR,ERR,ERR,ERR,ERR,ERR,ERR,ERR,ERR,ERR,ERR,ERR,ERR,ERR,ERR,ERR,ERR,ERR,ERR,ERR,ERR,ERR,ERR,ERR,ERR,ERR,ERR,ERR,ERR,ERR,ERR,ERR,34.0,80.0,35,0.0,0.0,0.0,0.0,0.0,0.0,0.0,0.0,0.0,0.0,0.0,0.0,0.0,0.0,0.0,0.0,64.4,0,116,56,50,65476,0,300,0,0,8,20529,65476,0,0,57672,80.0,0.0,0.0,0.0,0.0,0.0
2026-06-17T04:32:41,ERR,ERR,ERR,ERR,ERR,ERR,ERR,ERR,ERR,ERR,ERR,ERR,ERR,ERR,ERR,ERR,ERR,ERR,ERR,ERR,ERR,ERR,ERR,ERR,ERR,ERR,ERR,ERR,ERR,ERR,ERR,ERR,ERR,ERR,ERR,ERR,ERR,ERR,ERR,ERR,ERR,ERR,ERR,ERR,ERR,ERR,ERR,ERR,ERR,ERR,ERR,ERR,ERR,ERR,ERR,ERR,ERR,ERR,ERR,ERR,ERR,ERR,ERR,ERR,ERR,ERR,ERR,ERR,ERR,ERR,ERR,ERR,ERR,ERR,ERR,ERR,ERR,ERR,ERR,ERR,ERR,ERR,ERR,ERR,ERR,ERR,ERR,ERR,ERR,ERR,ERR,ERR,ERR,ERR,ERR,ERR,ERR,ERR,ERR,ERR,ERR,ERR,ERR,ERR,ERR,ERR,ERR,ERR,ERR,ERR,ERR,ERR,ERR,ERR,ERR,ERR,ERR,ERR,ERR,ERR,ERR,ERR,ERR,ERR,ERR,0.0,-0.0,3.028208139652935e+23,0.0,0.0,1.3936040501711995e+18,7.805,0.0,0,0,4,0,7300,-0.0,0,0.0,0.0,0.0,0.0,0.0,0,0,0,0,0.0,0,0,0,0,0,0,0,0,0,0,0,0,0,0,0,0,0,0,0,0,0,0,0,0,0,0,0,0,0,0,0,0,0,32,30,30,62,65476,0,300,0,0,8,21553,0.0,-107605600.0,0.0,0.0,0.0,0.0,0.0,0.0,0.0,0.0,0.0,0.0,0.0,0.0,0.0,0.0,0.0,0.0,0.0,0.0,0.0,0.0,2.004,-2.004,-0.0,-2.004,0.0,0.0,0.0,0.0,5439.0,-0.0,6964.0,0.0,-0.0,-107615280.0,-0.0,0.0,0.0,0.0,0.0,63,0.0,0.0,0.0,0.0,0.0,0.0,0.0,0.0,0.0,0,0,0,0.0,0.0,0.0,0.0,0.0,0.0,0.0,0.0,0.0,0.0,0.0,0.0,0.0,0.0,0.0,0.0,0,-107875648.0,63,0.0,126,2.7184242562605685e+23,-0.0,ERR,ERR,ERR,ERR,ERR,ERR,ERR,ERR,ERR,ERR,ERR,ERR,ERR,ERR,ERR,ERR,ERR,ERR,ERR,ERR,ERR,ERR,ERR,ERR,ERR,ERR,ERR,ERR,ERR,ERR,ERR,ERR,ERR,ERR,ERR,ERR,ERR,ERR,ERR,ERR,ERR,ERR,ERR,ERR,ERR,ERR,ERR,ERR,ERR,ERR,ERR,ERR,ERR,ERR,ERR,ERR,ERR,ERR,ERR,ERR,ERR,ERR,ERR,ERR,ERR,ERR,ERR,34.0,80.0,35,0.0,0.0,0.0,0.0,0.0,0.0,0.0,0.0,0.0,0.0,0.0,0.0,0.0,0.0,0.0,0.0,64.4,0,116,56,50,65476,0,300,0,0,8,20529,65476,0,0,57672,80.0,0.0,0.0,0.0,0.0,0.0
2026-06-17T04:32:42,ERR,ERR,ERR,ERR,ERR,ERR,ERR,ERR,ERR,ERR,ERR,ERR,ERR,ERR,ERR,ERR,ERR,ERR,ERR,ERR,ERR,ERR,ERR,ERR,ERR,ERR,ERR,ERR,ERR,ERR,ERR,ERR,ERR,ERR,ERR,ERR,ERR,ERR,ERR,ERR,ERR,ERR,ERR,ERR,ERR,ERR,ERR,ERR,ERR,ERR,ERR,ERR,ERR,ERR,ERR,ERR,ERR,ERR,ERR,ERR,ERR,ERR,ERR,ERR,ERR,ERR,ERR,ERR,ERR,ERR,ERR,ERR,ERR,ERR,ERR,ERR,ERR,ERR,ERR,ERR,ERR,ERR,ERR,ERR,ERR,ERR,ERR,ERR,ERR,ERR,ERR,ERR,ERR,ERR,ERR,ERR,ERR,ERR,ERR,ERR,ERR,ERR,ERR,ERR,ERR,ERR,ERR,ERR,ERR,ERR,ERR,ERR,ERR,ERR,ERR,ERR,ERR,ERR,ERR,ERR,ERR,ERR,ERR,ERR,ERR,0.0,-0.0,3.028208139652935e+23,0.0,0.0,1.3936040501711995e+18,7.805,0.0,0,0,4,0,7300,-0.0,0,0.0,0.0,0.0,0.0,0.0,0,0,0,0,0.0,0,0,0,0,0,0,0,0,0,0,0,0,0,0,0,0,0,0,0,0,0,0,0,0,0,0,0,0,0,0,0,0,0,32,30,30,62,65476,0,300,0,0,8,21553,0.0,-107605600.0,0.0,0.0,0.0,0.0,0.0,0.0,0.0,0.0,0.0,0.0,0.0,0.0,0.0,0.0,0.0,0.0,0.0,0.0,0.0,0.0,2.004,-2.004,-0.0,-2.004,0.0,0.0,0.0,0.0,5439.0,-0.0,6964.0,0.0,-0.0,-107615280.0,-0.0,0.0,0.0,0.0,0.0,63,0.0,0.0,0.0,0.0,0.0,0.0,0.0,0.0,0.0,0,0,0,0.0,0.0,0.0,0.0,0.0,0.0,0.0,0.0,0.0,0.0,0.0,0.0,0.0,0.0,0.0,0.0,0,-107875648.0,63,0.0,126,2.7184242562605685e+23,-0.0,ERR,ERR,ERR,ERR,ERR,ERR,ERR,ERR,ERR,ERR,ERR,ERR,ERR,ERR,ERR,ERR,ERR,ERR,ERR,ERR,ERR,ERR,ERR,ERR,ERR,ERR,ERR,ERR,ERR,ERR,ERR,ERR,ERR,ERR,ERR,ERR,ERR,ERR,ERR,ERR,ERR,ERR,ERR,ERR,ERR,ERR,ERR,ERR,ERR,ERR,ERR,ERR,ERR,ERR,ERR,ERR,ERR,ERR,ERR,ERR,ERR,ERR,ERR,ERR,ERR,ERR,ERR,34.0,80.0,35,0.0,0.0,0.0,0.0,0.0,0.0,0.0,0.0,0.0,0.0,0.0,0.0,0.0,0.0,0.0,0.0,64.4,0,116,56,50,65476,0,300,0,0,8,20529,65476,0,0,57672,80.0,0.0,0.0,0.0,0.0,0.0
2026-06-17T04:32:43,ERR,ERR,ERR,ERR,ERR,ERR,ERR,ERR,ERR,ERR,ERR,ERR,ERR,ERR,ERR,ERR,ERR,ERR,ERR,ERR,ERR,ERR,ERR,ERR,ERR,ERR,ERR,ERR,ERR,ERR,ERR,ERR,ERR,ERR,ERR,ERR,ERR,ERR,ERR,ERR,ERR,ERR,ERR,ERR,ERR,ERR,ERR,ERR,ERR,ERR,ERR,ERR,ERR,ERR,ERR,ERR,ERR,ERR,ERR,ERR,ERR,ERR,ERR,ERR,ERR,ERR,ERR,ERR,ERR,ERR,ERR,ERR,ERR,ERR,ERR,ERR,ERR,ERR,ERR,ERR,ERR,ERR,ERR,ERR,ERR,ERR,ERR,ERR,ERR,ERR,ERR,ERR,ERR,ERR,ERR,ERR,ERR,ERR,ERR,ERR,ERR,ERR,ERR,ERR,ERR,ERR,ERR,ERR,ERR,ERR,ERR,ERR,ERR,ERR,ERR,ERR,ERR,ERR,ERR,ERR,ERR,ERR,ERR,ERR,ERR,0.0,-0.0,3.028208139652935e+23,0.0,0.0,1.3936040501711995e+18,7.805,0.0,0,0,4,0,7300,-0.0,0,0.0,0.0,0.0,0.0,0.0,0,0,0,0,0.0,0,0,0,0,0,0,0,0,0,0,0,0,0,0,0,0,0,0,0,0,0,0,0,0,0,0,0,0,0,0,0,0,0,32,30,30,62,65476,0,300,0,0,8,21553,0.0,-107605600.0,0.0,0.0,0.0,0.0,0.0,0.0,0.0,0.0,0.0,0.0,0.0,0.0,0.0,0.0,0.0,0.0,0.0,0.0,0.0,0.0,2.004,-2.004,-0.0,-2.004,0.0,0.0,0.0,0.0,5439.0,-0.0,6964.0,0.0,-0.0,-107615280.0,-0.0,0.0,0.0,0.0,0.0,63,0.0,0.0,0.0,0.0,0.0,0.0,0.0,0.0,0.0,0,0,0,0.0,0.0,0.0,0.0,0.0,0.0,0.0,0.0,0.0,0.0,0.0,0.0,0.0,0.0,0.0,0.0,0,-107875648.0,63,0.0,126,2.7184242562605685e+23,-0.0,ERR,ERR,ERR,ERR,ERR,ERR,ERR,ERR,ERR,ERR,ERR,ERR,ERR,ERR,ERR,ERR,ERR,ERR,ERR,ERR,ERR,ERR,ERR,ERR,ERR,ERR,ERR,ERR,ERR,ERR,ERR,ERR,ERR,ERR,ERR,ERR,ERR,ERR,ERR,ERR,ERR,ERR,ERR,ERR,ERR,ERR,ERR,ERR,ERR,ERR,ERR,ERR,ERR,ERR,ERR,ERR,ERR,ERR,ERR,ERR,ERR,ERR,ERR,ERR,ERR,ERR,ERR,34.0,80.0,35,0.0,0.0,0.0,0.0,0.0,0.0,0.0,0.0,0.0,0.0,0.0,0.0,0.0,0.0,0.0,0.0,64.8,0,116,56,50,65476,0,300,0,0,8,20529,65476,0,0,57672,80.0,0.0,0.0,0.0,0.0,0.0
2026-06-17T04:32:44,ERR,ERR,ERR,ERR,ERR,ERR,ERR,ERR,ERR,ERR,ERR,ERR,ERR,ERR,ERR,ERR,ERR,ERR,ERR,ERR,ERR,ERR,ERR,ERR,ERR,ERR,ERR,ERR,ERR,ERR,ERR,ERR,ERR,ERR,ERR,ERR,ERR,ERR,ERR,ERR,ERR,ERR,ERR,ERR,ERR,ERR,ERR,ERR,ERR,ERR,ERR,ERR,ERR,ERR,ERR,ERR,ERR,ERR,ERR,ERR,ERR,ERR,ERR,ERR,ERR,ERR,ERR,ERR,ERR,ERR,ERR,ERR,ERR,ERR,ERR,ERR,ERR,ERR,ERR,ERR,ERR,ERR,ERR,ERR,ERR,ERR,ERR,ERR,ERR,ERR,ERR,ERR,ERR,ERR,ERR,ERR,ERR,ERR,ERR,ERR,ERR,ERR,ERR,ERR,ERR,ERR,ERR,ERR,ERR,ERR,ERR,ERR,ERR,ERR,ERR,ERR,ERR,ERR,ERR,ERR,ERR,ERR,ERR,ERR,ERR,0.0,-0.0,3.028208139652935e+23,0.0,0.0,1.3936040501711995e+18,7.805,0.0,0,0,4,0,7300,-0.0,0,0.0,0.0,0.0,0.0,0.0,0,0,0,0,0.0,0,0,0,0,0,0,0,0,0,0,0,0,0,0,0,0,0,0,0,0,0,0,0,0,0,0,0,0,0,0,0,0,0,32,30,30,62,65476,0,300,0,0,8,21553,0.0,-107605600.0,0.0,0.0,0.0,0.0,0.0,0.0,0.0,0.0,0.0,0.0,0.0,0.0,0.0,0.0,0.0,0.0,0.0,0.0,0.0,0.0,2.004,-2.004,-0.0,-2.004,0.0,0.0,0.0,0.0,5439.0,-0.0,6964.0,0.0,-0.0,-107615280.0,-0.0,0.0,0.0,0.0,0.0,63,0.0,0.0,0.0,0.0,0.0,0.0,0.0,0.0,0.0,0,0,0,0.0,0.0,0.0,0.0,0.0,0.0,0.0,0.0,0.0,0.0,0.0,0.0,0.0,0.0,0.0,0.0,0,-107875648.0,63,0.0,126,2.7184242562605685e+23,-0.0,ERR,ERR,ERR,ERR,ERR,ERR,ERR,ERR,ERR,ERR,ERR,ERR,ERR,ERR,ERR,ERR,ERR,ERR,ERR,ERR,ERR,ERR,ERR,ERR,ERR,ERR,ERR,ERR,ERR,ERR,ERR,ERR,ERR,ERR,ERR,ERR,ERR,ERR,ERR,ERR,ERR,ERR,ERR,ERR,ERR,ERR,ERR,ERR,ERR,ERR,ERR,ERR,ERR,ERR,ERR,ERR,ERR,ERR,ERR,ERR,ERR,ERR,ERR,ERR,ERR,ERR,ERR,34.0,80.0,35,0.0,0.0,0.0,0.0,0.0,0.0,0.0,0.0,0.0,0.0,0.0,0.0,0.0,0.0,0.0,0.0,64.4,0,116,56,50,65476,0,300,0,0,8,20529,65476,0,0,57672,80.0,0.0,0.0,0.0,0.0,0.0
2026-06-17T04:32:45,ERR,ERR,ERR,ERR,ERR,ERR,ERR,ERR,ERR,ERR,ERR,ERR,ERR,ERR,ERR,ERR,ERR,ERR,ERR,ERR,ERR,ERR,ERR,ERR,ERR,ERR,ERR,ERR,ERR,ERR,ERR,ERR,ERR,ERR,ERR,ERR,ERR,ERR,ERR,ERR,ERR,ERR,ERR,ERR,ERR,ERR,ERR,ERR,ERR,ERR,ERR,ERR,ERR,ERR,ERR,ERR,ERR,ERR,ERR,ERR,ERR,ERR,ERR,ERR,ERR,ERR,ERR,ERR,ERR,ERR,ERR,ERR,ERR,ERR,ERR,ERR,ERR,ERR,ERR,ERR,ERR,ERR,ERR,ERR,ERR,ERR,ERR,ERR,ERR,ERR,ERR,ERR,ERR,ERR,ERR,ERR,ERR,ERR,ERR,ERR,ERR,ERR,ERR,ERR,ERR,ERR,ERR,ERR,ERR,ERR,ERR,ERR,ERR,ERR,ERR,ERR,ERR,ERR,ERR,ERR,ERR,ERR,ERR,ERR,ERR,0.0,-107615328.0,0.0,0.0,0.0,1.3936040501711995e+18,7.805,0.0,0,0,4,0,7300,-0.0,0,0.0,0.0,0.0,0.0,0.0,0,0,0,0,0.0,0,0,0,0,0,0,0,0,0,0,0,0,0,0,0,0,0,0,0,0,0,0,0,0,0,0,0,0,0,0,0,0,0,32,30,30,62,65476,0,300,0,0,8,21553,0.0,-107605600.0,0.0,0.0,0.0,0.0,0.0,0.0,0.0,0.0,0.0,0.0,0.0,0.0,0.0,0.0,0.0,0.0,0.0,0.0,0.0,0.0,2.004,-2.004,-0.0,-2.004,0.0,0.0,0.0,0.0,5431.0,-0.0,6960.0,0.0,-107615328.0,-107615280.0,-0.0,0.0,0.0,0.0,0.0,63,0.0,-4.950407707648602e+32,0.0,0.0,0.0,0.0,0.0,0.0,0.0,0,0,0,0.0,0.0,0.0,0.0,0.0,0.0,0.0,0.0,0.0,0.0,0.0,0.0,0.0,0.0,0.0,0.0,0,-107875648.0,63,0.0,126,2.7184242562605685e+23,-0.0,ERR,ERR,ERR,ERR,ERR,ERR,ERR,ERR,ERR,ERR,ERR,ERR,ERR,ERR,ERR,ERR,ERR,ERR,ERR,ERR,ERR,ERR,ERR,ERR,ERR,ERR,ERR,ERR,ERR,ERR,ERR,ERR,ERR,ERR,ERR,ERR,ERR,ERR,ERR,ERR,ERR,ERR,ERR,ERR,ERR,ERR,ERR,ERR,ERR,ERR,ERR,ERR,ERR,ERR,ERR,ERR,ERR,ERR,ERR,ERR,ERR,ERR,ERR,ERR,ERR,ERR,ERR,34.0,80.0,35,0.0,0.0,0.0,0.0,0.0,0.0,0.0,0.0,0.0,0.0,0.0,0.0,0.0,0.0,0.0,0.0,64.4,0,116,56,50,65476,0,300,0,0,8,20529,65476,0,0,57672,80.0,0.0,0.0,0.0,0.0,0.0
2026-06-17T04:32:46,ERR,ERR,ERR,ERR,ERR,ERR,ERR,ERR,ERR,ERR,ERR,ERR,ERR,ERR,ERR,ERR,ERR,ERR,ERR,ERR,ERR,ERR,ERR,ERR,ERR,ERR,ERR,ERR,ERR,ERR,ERR,ERR,ERR,ERR,ERR,ERR,ERR,ERR,ERR,ERR,ERR,ERR,ERR,ERR,ERR,ERR,ERR,ERR,ERR,ERR,ERR,ERR,ERR,ERR,ERR,ERR,ERR,ERR,ERR,ERR,ERR,ERR,ERR,ERR,ERR,ERR,ERR,ERR,ERR,ERR,ERR,ERR,ERR,ERR,ERR,ERR,ERR,ERR,ERR,ERR,ERR,ERR,ERR,ERR,ERR,ERR,ERR,ERR,ERR,ERR,ERR,ERR,ERR,ERR,ERR,ERR,ERR,ERR,ERR,ERR,ERR,ERR,ERR,ERR,ERR,ERR,ERR,ERR,ERR,ERR,ERR,ERR,ERR,ERR,ERR,ERR,ERR,ERR,ERR,ERR,ERR,ERR,ERR,ERR,ERR,0.0,-107615328.0,0.0,0.0,0.0,1.3936040501711995e+18,7.805,0.0,0,0,4,0,7300,-0.0,0,0.0,0.0,0.0,0.0,0.0,0,0,0,0,0.0,0,0,0,0,0,0,0,0,0,0,0,0,0,0,0,0,0,0,0,0,0,0,0,0,0,0,0,0,0,0,0,0,0,32,30,30,62,65476,0,300,0,0,8,21553,0.0,-107605600.0,0.0,0.0,0.0,0.0,0.0,0.0,0.0,0.0,0.0,0.0,0.0,0.0,0.0,0.0,0.0,0.0,0.0,0.0,0.0,0.0,2.004,-2.004,-0.0,-2.004,0.0,0.0,0.0,0.0,5431.0,-0.0,6960.0,0.0,-107615328.0,-107615280.0,-0.0,0.0,0.0,0.0,0.0,63,0.0,-4.950407707648602e+32,0.0,0.0,0.0,0.0,0.0,0.0,0.0,0,0,0,0.0,0.0,0.0,0.0,0.0,0.0,0.0,0.0,0.0,0.0,0.0,0.0,0.0,0.0,0.0,0.0,0,-107875648.0,63,0.0,126,2.7184242562605685e+23,-0.0,ERR,ERR,ERR,ERR,ERR,ERR,ERR,ERR,ERR,ERR,ERR,ERR,ERR,ERR,ERR,ERR,ERR,ERR,ERR,ERR,ERR,ERR,ERR,ERR,ERR,ERR,ERR,ERR,ERR,ERR,ERR,ERR,ERR,ERR,ERR,ERR,ERR,ERR,ERR,ERR,ERR,ERR,ERR,ERR,ERR,ERR,ERR,ERR,ERR,ERR,ERR,ERR,ERR,ERR,ERR,ERR,ERR,ERR,ERR,ERR,ERR,ERR,ERR,ERR,ERR,ERR,ERR,34.0,80.0,35,0.0,0.0,0.0,0.0,0.0,0.0,0.0,0.0,0.0,0.0,0.0,0.0,0.0,0.0,0.0,0.0,64.4,0,116,56,50,65476,0,300,0,0,8,20529,65476,0,0,57672,80.0,0.0,0.0,0.0,0.0,0.0
2026-06-17T04:32:47,ERR,ERR,ERR,ERR,ERR,ERR,ERR,ERR,ERR,ERR,ERR,ERR,ERR,ERR,ERR,ERR,ERR,ERR,ERR,ERR,ERR,ERR,ERR,ERR,ERR,ERR,ERR,ERR,ERR,ERR,ERR,ERR,ERR,ERR,ERR,ERR,ERR,ERR,ERR,ERR,ERR,ERR,ERR,ERR,ERR,ERR,ERR,ERR,ERR,ERR,ERR,ERR,ERR,ERR,ERR,ERR,ERR,ERR,ERR,ERR,ERR,ERR,ERR,ERR,ERR,ERR,ERR,ERR,ERR,ERR,ERR,ERR,ERR,ERR,ERR,ERR,ERR,ERR,ERR,ERR,ERR,ERR,ERR,ERR,ERR,ERR,ERR,ERR,ERR,ERR,ERR,ERR,ERR,ERR,ERR,ERR,ERR,ERR,ERR,ERR,ERR,ERR,ERR,ERR,ERR,ERR,ERR,ERR,ERR,ERR,ERR,ERR,ERR,ERR,ERR,ERR,ERR,ERR,ERR,ERR,ERR,ERR,ERR,ERR,ERR,0.0,-107615328.0,0.0,0.0,0.0,1.3936040501711995e+18,7.805,0.0,0,0,4,0,7300,-0.0,0,0.0,0.0,0.0,0.0,0.0,0,0,0,0,0.0,0,0,0,0,0,0,0,0,0,0,0,0,0,0,0,0,0,0,0,0,0,0,0,0,0,0,0,0,0,0,0,0,0,32,30,30,62,65476,0,300,0,0,8,21553,0.0,-107605600.0,0.0,0.0,0.0,0.0,0.0,0.0,0.0,0.0,0.0,0.0,0.0,0.0,0.0,0.0,0.0,0.0,0.0,0.0,0.0,0.0,2.004,-2.004,-0.0,-2.004,0.0,0.0,0.0,0.0,5431.0,-0.0,6960.0,0.0,-107615328.0,-107615280.0,-0.0,0.0,0.0,0.0,0.0,63,0.0,-4.950407707648602e+32,0.0,0.0,0.0,0.0,0.0,0.0,0.0,0,0,0,0.0,0.0,0.0,0.0,0.0,0.0,0.0,0.0,0.0,0.0,0.0,0.0,0.0,0.0,0.0,0.0,0,-107875648.0,63,0.0,126,2.7184242562605685e+23,-0.0,ERR,ERR,ERR,ERR,ERR,ERR,ERR,ERR,ERR,ERR,ERR,ERR,ERR,ERR,ERR,ERR,ERR,ERR,ERR,ERR,ERR,ERR,ERR,ERR,ERR,ERR,ERR,ERR,ERR,ERR,ERR,ERR,ERR,ERR,ERR,ERR,ERR,ERR,ERR,ERR,ERR,ERR,ERR,ERR,ERR,ERR,ERR,ERR,ERR,ERR,ERR,ERR,ERR,ERR,ERR,ERR,ERR,ERR,ERR,ERR,ERR,ERR,ERR,ERR,ERR,ERR,ERR,34.0,80.0,35,0.0,0.0,0.0,0.0,0.0,0.0,0.0,0.0,0.0,0.0,0.0,0.0,0.0,0.0,0.0,0.0,64.4,0,116,56,50,65476,0,300,0,0,8,20529,65476,0,0,57672,80.0,0.0,0.0,0.0,0.0,0.0
2026-06-17T04:32:48,ERR,ERR,ERR,ERR,ERR,ERR,ERR,ERR,ERR,ERR,ERR,ERR,ERR,ERR,ERR,ERR,ERR,ERR,ERR,ERR,ERR,ERR,ERR,ERR,ERR,ERR,ERR,ERR,ERR,ERR,ERR,ERR,ERR,ERR,ERR,ERR,ERR,ERR,ERR,ERR,ERR,ERR,ERR,ERR,ERR,ERR,ERR,ERR,ERR,ERR,ERR,ERR,ERR,ERR,ERR,ERR,ERR,ERR,ERR,ERR,ERR,ERR,ERR,ERR,ERR,ERR,ERR,ERR,ERR,ERR,ERR,ERR,ERR,ERR,ERR,ERR,ERR,ERR,ERR,ERR,ERR,ERR,ERR,ERR,ERR,ERR,ERR,ERR,ERR,ERR,ERR,ERR,ERR,ERR,ERR,ERR,ERR,ERR,ERR,ERR,ERR,ERR,ERR,ERR,ERR,ERR,ERR,ERR,ERR,ERR,ERR,ERR,ERR,ERR,ERR,ERR,ERR,ERR,ERR,ERR,ERR,ERR,ERR,ERR,ERR,0.0,-107615328.0,0.0,0.0,0.0,1.3936040501711995e+18,7.805,0.0,0,0,4,0,7300,-0.0,0,0.0,0.0,0.0,0.0,0.0,0,0,0,0,0.0,0,0,0,0,0,0,0,0,0,0,0,0,0,0,0,0,0,0,0,0,0,0,0,0,0,0,0,0,0,0,0,0,0,32,30,30,62,65476,0,300,0,0,8,21553,0.0,-107605600.0,0.0,0.0,0.0,0.0,0.0,0.0,0.0,0.0,0.0,0.0,0.0,0.0,0.0,0.0,0.0,0.0,0.0,0.0,0.0,0.0,2.004,-2.004,-0.0,-2.004,0.0,0.0,0.0,0.0,5431.0,-0.0,6960.0,0.0,-107615328.0,-107615280.0,-0.0,0.0,0.0,0.0,0.0,63,0.0,-4.950407707648602e+32,0.0,0.0,0.0,0.0,0.0,0.0,0.0,0,0,0,0.0,0.0,0.0,0.0,0.0,0.0,0.0,0.0,0.0,0.0,0.0,0.0,0.0,0.0,0.0,0.0,0,-107875648.0,63,0.0,126,2.7184242562605685e+23,-0.0,ERR,ERR,ERR,ERR,ERR,ERR,ERR,ERR,ERR,ERR,ERR,ERR,ERR,ERR,ERR,ERR,ERR,ERR,ERR,ERR,ERR,ERR,ERR,ERR,ERR,ERR,ERR,ERR,ERR,ERR,ERR,ERR,ERR,ERR,ERR,ERR,ERR,ERR,ERR,ERR,ERR,ERR,ERR,ERR,ERR,ERR,ERR,ERR,ERR,ERR,ERR,ERR,ERR,ERR,ERR,ERR,ERR,ERR,ERR,ERR,ERR,ERR,ERR,ERR,ERR,ERR,ERR,34.0,80.0,35,0.0,0.0,0.0,0.0,0.0,0.0,0.0,0.0,0.0,0.0,0.0,0.0,0.0,0.0,0.0,0.0,64.4,0,116,56,50,65476,0,300,0,0,8,20529,65476,0,0,57672,80.0,0.0,0.0,0.0,0.0,0.0
2026-06-17T04:32:49,ERR,ERR,ERR,ERR,ERR,ERR,ERR,ERR,ERR,ERR,ERR,ERR,ERR,ERR,ERR,ERR,ERR,ERR,ERR,ERR,ERR,ERR,ERR,ERR,ERR,ERR,ERR,ERR,ERR,ERR,ERR,ERR,ERR,ERR,ERR,ERR,ERR,ERR,ERR,ERR,ERR,ERR,ERR,ERR,ERR,ERR,ERR,ERR,ERR,ERR,ERR,ERR,ERR,ERR,ERR,ERR,ERR,ERR,ERR,ERR,ERR,ERR,ERR,ERR,ERR,ERR,ERR,ERR,ERR,ERR,ERR,ERR,ERR,ERR,ERR,ERR,ERR,ERR,ERR,ERR,ERR,ERR,ERR,ERR,ERR,ERR,ERR,ERR,ERR,ERR,ERR,ERR,ERR,ERR,ERR,ERR,ERR,ERR,ERR,ERR,ERR,ERR,ERR,ERR,ERR,ERR,ERR,ERR,ERR,ERR,ERR,ERR,ERR,ERR,ERR,ERR,ERR,ERR,ERR,ERR,ERR,ERR,ERR,ERR,ERR,0.0,-107615328.0,0.0,0.0,0.0,1.3936040501711995e+18,7.805,0.0,0,0,4,0,7300,-0.0,0,0.0,0.0,0.0,0.0,0.0,0,0,0,0,0.0,0,0,0,0,0,0,0,0,0,0,0,0,0,0,0,0,0,0,0,0,0,0,0,0,0,0,0,0,0,0,0,0,0,32,30,30,62,65476,0,300,0,0,8,21553,0.0,-107605600.0,0.0,0.0,0.0,0.0,0.0,0.0,0.0,0.0,0.0,0.0,0.0,0.0,0.0,0.0,0.0,0.0,0.0,0.0,0.0,0.0,2.004,-2.004,-0.0,-2.004,0.0,0.0,0.0,0.0,5431.0,-0.0,6960.0,0.0,-107615328.0,-107615280.0,-0.0,0.0,0.0,0.0,0.0,63,0.0,-4.950407707648602e+32,0.0,0.0,0.0,0.0,0.0,0.0,0.0,0,0,0,0.0,0.0,0.0,0.0,0.0,0.0,0.0,0.0,0.0,0.0,0.0,0.0,0.0,0.0,0.0,0.0,0,-107875648.0,63,0.0,126,2.7184242562605685e+23,-0.0,ERR,ERR,ERR,ERR,ERR,ERR,ERR,ERR,ERR,ERR,ERR,ERR,ERR,ERR,ERR,ERR,ERR,ERR,ERR,ERR,ERR,ERR,ERR,ERR,ERR,ERR,ERR,ERR,ERR,ERR,ERR,ERR,ERR,ERR,ERR,ERR,ERR,ERR,ERR,ERR,ERR,ERR,ERR,ERR,ERR,ERR,ERR,ERR,ERR,ERR,ERR,ERR,ERR,ERR,ERR,ERR,ERR,ERR,ERR,ERR,ERR,ERR,ERR,ERR,ERR,ERR,ERR,34.0,80.0,35,0.0,0.0,0.0,0.0,0.0,0.0,0.0,0.0,0.0,0.0,0.0,0.0,0.0,0.0,0.0,0.0,64.4,0,116,56,50,65476,0,300,0,0,8,20529,65476,0,0,57672,80.0,0.0,0.0,0.0,0.0,0.0
2026-06-17T04:32:50,ERR,ERR,ERR,ERR,ERR,ERR,ERR,ERR,ERR,ERR,ERR,ERR,ERR,ERR,ERR,ERR,ERR,ERR,ERR,ERR,ERR,ERR,ERR,ERR,ERR,ERR,ERR,ERR,ERR,ERR,ERR,ERR,ERR,ERR,ERR,ERR,ERR,ERR,ERR,ERR,ERR,ERR,ERR,ERR,ERR,ERR,ERR,ERR,ERR,ERR,ERR,ERR,ERR,ERR,ERR,ERR,ERR,ERR,ERR,ERR,ERR,ERR,ERR,ERR,ERR,ERR,ERR,ERR,ERR,ERR,ERR,ERR,ERR,ERR,ERR,ERR,ERR,ERR,ERR,ERR,ERR,ERR,ERR,ERR,ERR,ERR,ERR,ERR,ERR,ERR,ERR,ERR,ERR,ERR,ERR,ERR,ERR,ERR,ERR,ERR,ERR,ERR,ERR,ERR,ERR,ERR,ERR,ERR,ERR,ERR,ERR,ERR,ERR,ERR,ERR,ERR,ERR,ERR,ERR,ERR,ERR,ERR,ERR,ERR,ERR,0.0,-107615328.0,0.0,0.0,0.0,1.3936040501711995e+18,7.805,0.0,0,0,4,0,7300,-0.0,0,0.0,0.0,0.0,0.0,0.0,0,0,0,0,0.0,0,0,0,0,0,0,0,0,0,0,0,0,0,0,0,0,0,0,0,0,0,0,0,0,0,0,0,0,0,0,0,0,0,32,30,30,62,65476,0,300,0,0,8,21553,0.0,-107605600.0,0.0,0.0,0.0,0.0,0.0,0.0,0.0,0.0,0.0,0.0,0.0,0.0,0.0,0.0,0.0,0.0,0.0,0.0,0.0,0.0,-0.0,-2.004,-0.0,-2.004,0.0,0.0,0.0,0.0,5435.0,-0.0,6960.0,0.0,-0.0,-107615280.0,-0.0,0.0,0.0,0.0,0.0,63,0.0,0.0,0.0,0.0,0.0,0.0,0.0,0.0,0.0,0,0,0,0.0,0.0,0.0,0.0,0.0,0.0,0.0,0.0,0.0,0.0,0.0,0.0,0.0,0.0,0.0,0.0,0,-107875648.0,63,0.0,126,2.7184242562605685e+23,-0.0,ERR,ERR,ERR,ERR,ERR,ERR,ERR,ERR,ERR,ERR,ERR,ERR,ERR,ERR,ERR,ERR,ERR,ERR,ERR,ERR,ERR,ERR,ERR,ERR,ERR,ERR,ERR,ERR,ERR,ERR,ERR,ERR,ERR,ERR,ERR,ERR,ERR,ERR,ERR,ERR,ERR,ERR,ERR,ERR,ERR,ERR,ERR,ERR,ERR,ERR,ERR,ERR,ERR,ERR,ERR,ERR,ERR,ERR,ERR,ERR,ERR,ERR,ERR,ERR,ERR,ERR,ERR,34.0,80.0,35,0.0,0.0,0.0,0.0,0.0,0.0,0.0,0.0,0.0,0.0,0.0,0.0,0.0,0.0,0.0,0.0,64.4,0,116,56,50,65476,0,300,0,0,8,20529,65476,0,0,57672,80.0,0.0,0.0,0.0,0.0,0.0
2026-06-17T04:32:51,ERR,ERR,ERR,ERR,ERR,ERR,ERR,ERR,ERR,ERR,ERR,ERR,ERR,ERR,ERR,ERR,ERR,ERR,ERR,ERR,ERR,ERR,ERR,ERR,ERR,ERR,ERR,ERR,ERR,ERR,ERR,ERR,ERR,ERR,ERR,ERR,ERR,ERR,ERR,ERR,ERR,ERR,ERR,ERR,ERR,ERR,ERR,ERR,ERR,ERR,ERR,ERR,ERR,ERR,ERR,ERR,ERR,ERR,ERR,ERR,ERR,ERR,ERR,ERR,ERR,ERR,ERR,ERR,ERR,ERR,ERR,ERR,ERR,ERR,ERR,ERR,ERR,ERR,ERR,ERR,ERR,ERR,ERR,ERR,ERR,ERR,ERR,ERR,ERR,ERR,ERR,ERR,ERR,ERR,ERR,ERR,ERR,ERR,ERR,ERR,ERR,ERR,ERR,ERR,ERR,ERR,ERR,ERR,ERR,ERR,ERR,ERR,ERR,ERR,ERR,ERR,ERR,ERR,ERR,ERR,ERR,ERR,ERR,ERR,ERR,0.0,-107615328.0,0.0,0.0,0.0,1.3936040501711995e+18,7.805,0.0,0,0,4,0,7300,-0.0,0,0.0,0.0,0.0,0.0,0.0,0,0,0,0,0.0,0,0,0,0,0,0,0,0,0,0,0,0,0,0,0,0,0,0,0,0,0,0,0,0,0,0,0,0,0,0,0,0,0,32,30,30,62,65476,0,300,0,0,8,21553,0.0,-107605600.0,0.0,0.0,0.0,0.0,0.0,0.0,0.0,0.0,0.0,0.0,0.0,0.0,0.0,0.0,0.0,0.0,0.0,0.0,0.0,0.0,-0.0,-2.004,-0.0,-2.004,0.0,0.0,0.0,0.0,5435.0,-0.0,6960.0,0.0,-0.0,-107615280.0,-0.0,0.0,0.0,0.0,0.0,63,0.0,0.0,0.0,0.0,0.0,0.0,0.0,0.0,0.0,0,0,0,0.0,0.0,0.0,0.0,0.0,0.0,0.0,0.0,0.0,0.0,0.0,0.0,0.0,0.0,0.0,0.0,0,-107875648.0,63,0.0,126,2.7184242562605685e+23,-0.0,ERR,ERR,ERR,ERR,ERR,ERR,ERR,ERR,ERR,ERR,ERR,ERR,ERR,ERR,ERR,ERR,ERR,ERR,ERR,ERR,ERR,ERR,ERR,ERR,ERR,ERR,ERR,ERR,ERR,ERR,ERR,ERR,ERR,ERR,ERR,ERR,ERR,ERR,ERR,ERR,ERR,ERR,ERR,ERR,ERR,ERR,ERR,ERR,ERR,ERR,ERR,ERR,ERR,ERR,ERR,ERR,ERR,ERR,ERR,ERR,ERR,ERR,ERR,ERR,ERR,ERR,ERR,34.0,80.0,35,0.0,0.0,0.0,0.0,0.0,0.0,0.0,0.0,0.0,0.0,0.0,0.0,0.0,0.0,0.0,0.0,64.8,0,116,56,50,65476,0,300,0,0,8,20529,65476,0,0,57672,80.0,0.0,0.0,0.0,0.0,0.0
2026-06-17T04:32:52,ERR,ERR,ERR,ERR,ERR,ERR,ERR,ERR,ERR,ERR,ERR,ERR,ERR,ERR,ERR,ERR,ERR,ERR,ERR,ERR,ERR,ERR,ERR,ERR,ERR,ERR,ERR,ERR,ERR,ERR,ERR,ERR,ERR,ERR,ERR,ERR,ERR,ERR,ERR,ERR,ERR,ERR,ERR,ERR,ERR,ERR,ERR,ERR,ERR,ERR,ERR,ERR,ERR,ERR,ERR,ERR,ERR,ERR,ERR,ERR,ERR,ERR,ERR,ERR,ERR,ERR,ERR,ERR,ERR,ERR,ERR,ERR,ERR,ERR,ERR,ERR,ERR,ERR,ERR,ERR,ERR,ERR,ERR,ERR,ERR,ERR,ERR,ERR,ERR,ERR,ERR,ERR,ERR,ERR,ERR,ERR,ERR,ERR,ERR,ERR,ERR,ERR,ERR,ERR,ERR,ERR,ERR,ERR,ERR,ERR,ERR,ERR,ERR,ERR,ERR,ERR,ERR,ERR,ERR,ERR,ERR,ERR,ERR,ERR,ERR,0.0,-107615328.0,0.0,0.0,0.0,1.3936040501711995e+18,7.805,0.0,0,0,4,0,7300,-0.0,0,0.0,0.0,0.0,0.0,0.0,0,0,0,0,0.0,0,0,0,0,0,0,0,0,0,0,0,0,0,0,0,0,0,0,0,0,0,0,0,0,0,0,0,0,0,0,0,0,0,32,30,30,62,65476,0,300,0,0,8,21553,0.0,-107605600.0,0.0,0.0,0.0,0.0,0.0,0.0,0.0,0.0,0.0,0.0,0.0,0.0,0.0,0.0,0.0,0.0,0.0,0.0,0.0,0.0,-0.0,-2.004,-0.0,-2.004,0.0,0.0,0.0,0.0,5435.0,-0.0,6960.0,0.0,-0.0,-107615280.0,-0.0,0.0,0.0,0.0,0.0,63,0.0,0.0,0.0,0.0,0.0,0.0,0.0,0.0,0.0,0,0,0,0.0,0.0,0.0,0.0,0.0,0.0,0.0,0.0,0.0,0.0,0.0,0.0,0.0,0.0,0.0,0.0,0,-107875648.0,63,0.0,126,2.7184242562605685e+23,-0.0,ERR,ERR,ERR,ERR,ERR,ERR,ERR,ERR,ERR,ERR,ERR,ERR,ERR,ERR,ERR,ERR,ERR,ERR,ERR,ERR,ERR,ERR,ERR,ERR,ERR,ERR,ERR,ERR,ERR,ERR,ERR,ERR,ERR,ERR,ERR,ERR,ERR,ERR,ERR,ERR,ERR,ERR,ERR,ERR,ERR,ERR,ERR,ERR,ERR,ERR,ERR,ERR,ERR,ERR,ERR,ERR,ERR,ERR,ERR,ERR,ERR,ERR,ERR,ERR,ERR,ERR,ERR,34.0,80.0,35,0.0,0.0,0.0,0.0,0.0,0.0,0.0,0.0,0.0,0.0,0.0,0.0,0.0,0.0,0.0,0.0,64.8,0,116,56,50,65476,0,300,0,0,8,20529,65476,0,0,57672,80.0,0.0,0.0,0.0,0.0,0.0
2026-06-17T04:32:53,ERR,ERR,ERR,ERR,ERR,ERR,ERR,ERR,ERR,ERR,ERR,ERR,ERR,ERR,ERR,ERR,ERR,ERR,ERR,ERR,ERR,ERR,ERR,ERR,ERR,ERR,ERR,ERR,ERR,ERR,ERR,ERR,ERR,ERR,ERR,ERR,ERR,ERR,ERR,ERR,ERR,ERR,ERR,ERR,ERR,ERR,ERR,ERR,ERR,ERR,ERR,ERR,ERR,ERR,ERR,ERR,ERR,ERR,ERR,ERR,ERR,ERR,ERR,ERR,ERR,ERR,ERR,ERR,ERR,ERR,ERR,ERR,ERR,ERR,ERR,ERR,ERR,ERR,ERR,ERR,ERR,ERR,ERR,ERR,ERR,ERR,ERR,ERR,ERR,ERR,ERR,ERR,ERR,ERR,ERR,ERR,ERR,ERR,ERR,ERR,ERR,ERR,ERR,ERR,ERR,ERR,ERR,ERR,ERR,ERR,ERR,ERR,ERR,ERR,ERR,ERR,ERR,ERR,ERR,ERR,ERR,ERR,ERR,ERR,ERR,0.0,-107615328.0,0.0,0.0,0.0,1.3936040501711995e+18,7.805,0.0,0,0,4,0,7300,-0.0,0,0.0,0.0,0.0,0.0,0.0,0,0,0,0,0.0,0,0,0,0,0,0,0,0,0,0,0,0,0,0,0,0,0,0,0,0,0,0,0,0,0,0,0,0,0,0,0,0,0,32,30,30,62,65476,0,300,0,0,8,21553,0.0,-107605600.0,0.0,0.0,0.0,0.0,0.0,0.0,0.0,0.0,0.0,0.0,0.0,0.0,0.0,0.0,0.0,0.0,0.0,0.0,0.0,0.0,-0.0,-2.004,-0.0,-2.004,0.0,0.0,0.0,0.0,5435.0,-0.0,6960.0,0.0,-0.0,-107615280.0,-0.0,0.0,0.0,0.0,0.0,63,0.0,0.0,0.0,0.0,0.0,0.0,0.0,0.0,0.0,0,0,0,0.0,0.0,0.0,0.0,0.0,0.0,0.0,0.0,0.0,0.0,0.0,0.0,0.0,0.0,0.0,0.0,0,-107875648.0,63,0.0,126,2.7184242562605685e+23,-0.0,ERR,ERR,ERR,ERR,ERR,ERR,ERR,ERR,ERR,ERR,ERR,ERR,ERR,ERR,ERR,ERR,ERR,ERR,ERR,ERR,ERR,ERR,ERR,ERR,ERR,ERR,ERR,ERR,ERR,ERR,ERR,ERR,ERR,ERR,ERR,ERR,ERR,ERR,ERR,ERR,ERR,ERR,ERR,ERR,ERR,ERR,ERR,ERR,ERR,ERR,ERR,ERR,ERR,ERR,ERR,ERR,ERR,ERR,ERR,ERR,ERR,ERR,ERR,ERR,ERR,ERR,ERR,34.0,80.0,35,0.0,0.0,0.0,0.0,0.0,0.0,0.0,0.0,0.0,0.0,0.0,0.0,0.0,0.0,0.0,0.0,64.8,0,116,56,50,65476,0,300,0,0,8,20529,65476,0,0,57672,80.0,0.0,0.0,0.0,0.0,0.0
2026-06-17T04:32:54,ERR,ERR,ERR,ERR,ERR,ERR,ERR,ERR,ERR,ERR,ERR,ERR,ERR,ERR,ERR,ERR,ERR,ERR,ERR,ERR,ERR,ERR,ERR,ERR,ERR,ERR,ERR,ERR,ERR,ERR,ERR,ERR,ERR,ERR,ERR,ERR,ERR,ERR,ERR,ERR,ERR,ERR,ERR,ERR,ERR,ERR,ERR,ERR,ERR,ERR,ERR,ERR,ERR,ERR,ERR,ERR,ERR,ERR,ERR,ERR,ERR,ERR,ERR,ERR,ERR,ERR,ERR,ERR,ERR,ERR,ERR,ERR,ERR,ERR,ERR,ERR,ERR,ERR,ERR,ERR,ERR,ERR,ERR,ERR,ERR,ERR,ERR,ERR,ERR,ERR,ERR,ERR,ERR,ERR,ERR,ERR,ERR,ERR,ERR,ERR,ERR,ERR,ERR,ERR,ERR,ERR,ERR,ERR,ERR,ERR,ERR,ERR,ERR,ERR,ERR,ERR,ERR,ERR,ERR,ERR,ERR,ERR,ERR,ERR,ERR,0.0,-107615328.0,0.0,0.0,0.0,1.3936040501711995e+18,7.805,0.0,0,0,4,0,7300,-0.0,0,0.0,0.0,0.0,0.0,0.0,0,0,0,0,0.0,0,0,0,0,0,0,0,0,0,0,0,0,0,0,0,0,0,0,0,0,0,0,0,0,0,0,0,0,0,0,0,0,0,32,30,30,62,65476,0,300,0,0,8,21553,0.0,-107605600.0,0.0,0.0,0.0,0.0,0.0,0.0,0.0,0.0,0.0,0.0,0.0,0.0,0.0,0.0,0.0,0.0,0.0,0.0,0.0,0.0,-0.0,-2.004,-0.0,-2.004,0.0,0.0,0.0,0.0,5435.0,-0.0,6960.0,0.0,-0.0,-107615280.0,-0.0,0.0,0.0,0.0,0.0,63,0.0,0.0,0.0,0.0,0.0,0.0,0.0,0.0,0.0,0,0,0,0.0,0.0,0.0,0.0,0.0,0.0,0.0,0.0,0.0,0.0,0.0,0.0,0.0,0.0,0.0,0.0,0,-107875648.0,63,0.0,126,2.7184242562605685e+23,-0.0,ERR,ERR,ERR,ERR,ERR,ERR,ERR,ERR,ERR,ERR,ERR,ERR,ERR,ERR,ERR,ERR,ERR,ERR,ERR,ERR,ERR,ERR,ERR,ERR,ERR,ERR,ERR,ERR,ERR,ERR,ERR,ERR,ERR,ERR,ERR,ERR,ERR,ERR,ERR,ERR,ERR,ERR,ERR,ERR,ERR,ERR,ERR,ERR,ERR,ERR,ERR,ERR,ERR,ERR,ERR,ERR,ERR,ERR,ERR,ERR,ERR,ERR,ERR,ERR,ERR,ERR,ERR,34.0,80.0,35,0.0,0.0,0.0,0.0,0.0,0.0,0.0,0.0,0.0,0.0,0.0,0.0,0.0,0.0,0.0,0.0,64.8,0,116,56,50,65476,0,300,0,0,8,20529,65476,0,0,57672,80.0,0.0,0.0,0.0,0.0,0.0
2026-06-17T04:32:55,ERR,ERR,ERR,ERR,ERR,ERR,ERR,ERR,ERR,ERR,ERR,ERR,ERR,ERR,ERR,ERR,ERR,ERR,ERR,ERR,ERR,ERR,ERR,ERR,ERR,ERR,ERR,ERR,ERR,ERR,ERR,ERR,ERR,ERR,ERR,ERR,ERR,ERR,ERR,ERR,ERR,ERR,ERR,ERR,ERR,ERR,ERR,ERR,ERR,ERR,ERR,ERR,ERR,ERR,ERR,ERR,ERR,ERR,ERR,ERR,ERR,ERR,ERR,ERR,ERR,ERR,ERR,ERR,ERR,ERR,ERR,ERR,ERR,ERR,ERR,ERR,ERR,ERR,ERR,ERR,ERR,ERR,ERR,ERR,ERR,ERR,ERR,ERR,ERR,ERR,ERR,ERR,ERR,ERR,ERR,ERR,ERR,ERR,ERR,ERR,ERR,ERR,ERR,ERR,ERR,ERR,ERR,ERR,ERR,ERR,ERR,ERR,ERR,ERR,ERR,ERR,ERR,ERR,ERR,ERR,ERR,ERR,ERR,ERR,ERR,0.0,-0.0,3.028208139652935e+23,0.0,0.0,1.3936040501711995e+18,7.805,0.0,0,0,4,0,7300,-0.0,0,0.0,0.0,0.0,0.0,0.0,0,0,0,0,0.0,0,0,0,0,0,0,0,0,0,0,0,0,0,0,0,0,0,0,0,0,0,0,0,0,0,0,0,0,0,0,0,0,0,32,30,30,62,65476,0,300,0,0,8,21553,0.0,-107605600.0,0.0,0.0,0.0,0.0,0.0,0.0,0.0,0.0,0.0,0.0,0.0,0.0,0.0,0.0,0.0,0.0,0.0,0.0,0.0,0.0,2.004,0.0,-0.0,-2.004,0.0,0.0,0.0,0.0,5432.0,1.5879318087448473e+29,6958.0,0.0,-0.0,-107615280.0,-0.0,0.0,0.0,0.0,0.0,63,0.0,-2.3088308660914776e+20,0.0,0.0,0.0,0.0,0.0,0.0,0.0,0,0,0,0.0,0.0,0.0,0.0,0.0,0.0,0.0,0.0,0.0,0.0,0.0,0.0,0.0,0.0,0.0,0.0,0,-107875648.0,63,0.0,126,2.7184242562605685e+23,-0.0,ERR,ERR,ERR,ERR,ERR,ERR,ERR,ERR,ERR,ERR,ERR,ERR,ERR,ERR,ERR,ERR,ERR,ERR,ERR,ERR,ERR,ERR,ERR,ERR,ERR,ERR,ERR,ERR,ERR,ERR,ERR,ERR,ERR,ERR,ERR,ERR,ERR,ERR,ERR,ERR,ERR,ERR,ERR,ERR,ERR,ERR,ERR,ERR,ERR,ERR,ERR,ERR,ERR,ERR,ERR,ERR,ERR,ERR,ERR,ERR,ERR,ERR,ERR,ERR,ERR,ERR,ERR,34.0,80.0,35,0.0,0.0,0.0,0.0,0.0,0.0,0.0,0.0,0.0,0.0,0.0,0.0,0.0,0.0,0.0,0.0,64.4,0,116,56,50,65476,0,300,0,0,8,20529,65476,0,0,57672,80.0,0.0,0.0,0.0,0.0,0.0
2026-06-17T04:32:56,ERR,ERR,ERR,ERR,ERR,ERR,ERR,ERR,ERR,ERR,ERR,ERR,ERR,ERR,ERR,ERR,ERR,ERR,ERR,ERR,ERR,ERR,ERR,ERR,ERR,ERR,ERR,ERR,ERR,ERR,ERR,ERR,ERR,ERR,ERR,ERR,ERR,ERR,ERR,ERR,ERR,ERR,ERR,ERR,ERR,ERR,ERR,ERR,ERR,ERR,ERR,ERR,ERR,ERR,ERR,ERR,ERR,ERR,ERR,ERR,ERR,ERR,ERR,ERR,ERR,ERR,ERR,ERR,ERR,ERR,ERR,ERR,ERR,ERR,ERR,ERR,ERR,ERR,ERR,ERR,ERR,ERR,ERR,ERR,ERR,ERR,ERR,ERR,ERR,ERR,ERR,ERR,ERR,ERR,ERR,ERR,ERR,ERR,ERR,ERR,ERR,ERR,ERR,ERR,ERR,ERR,ERR,ERR,ERR,ERR,ERR,ERR,ERR,ERR,ERR,ERR,ERR,ERR,ERR,ERR,ERR,ERR,ERR,ERR,ERR,0.0,-0.0,3.028208139652935e+23,0.0,0.0,1.3936040501711995e+18,7.805,0.0,0,0,4,0,7300,-0.0,0,0.0,0.0,0.0,0.0,0.0,0,0,0,0,0.0,0,0,0,0,0,0,0,0,0,0,0,0,0,0,0,0,0,0,0,0,0,0,0,0,0,0,0,0,0,0,0,0,0,32,30,30,62,65476,0,300,0,0,8,21553,0.0,-107605600.0,0.0,0.0,0.0,0.0,0.0,0.0,0.0,0.0,0.0,0.0,0.0,0.0,0.0,0.0,0.0,0.0,0.0,0.0,0.0,0.0,2.004,0.0,-0.0,-2.004,0.0,0.0,0.0,0.0,5432.0,1.5879318087448473e+29,6958.0,0.0,-0.0,-107615280.0,-0.0,0.0,0.0,0.0,0.0,63,0.0,-2.3088308660914776e+20,0.0,0.0,0.0,0.0,0.0,0.0,0.0,0,0,0,0.0,0.0,0.0,0.0,0.0,0.0,0.0,0.0,0.0,0.0,0.0,0.0,0.0,0.0,0.0,0.0,0,-107875648.0,63,0.0,126,2.7184242562605685e+23,-0.0,ERR,ERR,ERR,ERR,ERR,ERR,ERR,ERR,ERR,ERR,ERR,ERR,ERR,ERR,ERR,ERR,ERR,ERR,ERR,ERR,ERR,ERR,ERR,ERR,ERR,ERR,ERR,ERR,ERR,ERR,ERR,ERR,ERR,ERR,ERR,ERR,ERR,ERR,ERR,ERR,ERR,ERR,ERR,ERR,ERR,ERR,ERR,ERR,ERR,ERR,ERR,ERR,ERR,ERR,ERR,ERR,ERR,ERR,ERR,ERR,ERR,ERR,ERR,ERR,ERR,ERR,ERR,34.0,80.0,35,0.0,0.0,0.0,0.0,0.0,0.0,0.0,0.0,0.0,0.0,0.0,0.0,0.0,0.0,0.0,0.0,64.4,0,116,56,50,65476,0,300,0,0,8,20529,65476,0,0,57672,80.0,0.0,0.0,0.0,0.0,0.0
2026-06-17T04:32:57,ERR,ERR,ERR,ERR,ERR,ERR,ERR,ERR,ERR,ERR,ERR,ERR,ERR,ERR,ERR,ERR,ERR,ERR,ERR,ERR,ERR,ERR,ERR,ERR,ERR,ERR,ERR,ERR,ERR,ERR,ERR,ERR,ERR,ERR,ERR,ERR,ERR,ERR,ERR,ERR,ERR,ERR,ERR,ERR,ERR,ERR,ERR,ERR,ERR,ERR,ERR,ERR,ERR,ERR,ERR,ERR,ERR,ERR,ERR,ERR,ERR,ERR,ERR,ERR,ERR,ERR,ERR,ERR,ERR,ERR,ERR,ERR,ERR,ERR,ERR,ERR,ERR,ERR,ERR,ERR,ERR,ERR,ERR,ERR,ERR,ERR,ERR,ERR,ERR,ERR,ERR,ERR,ERR,ERR,ERR,ERR,ERR,ERR,ERR,ERR,ERR,ERR,ERR,ERR,ERR,ERR,ERR,ERR,ERR,ERR,ERR,ERR,ERR,ERR,ERR,ERR,ERR,ERR,ERR,ERR,ERR,ERR,ERR,ERR,ERR,0.0,-0.0,3.028208139652935e+23,0.0,0.0,1.3936040501711995e+18,7.805,0.0,0,0,4,0,7300,-0.0,0,0.0,0.0,0.0,0.0,0.0,0,0,0,0,0.0,0,0,0,0,0,0,0,0,0,0,0,0,0,0,0,0,0,0,0,0,0,0,0,0,0,0,0,0,0,0,0,0,0,32,30,30,62,65476,0,300,0,0,8,21553,0.0,-107605600.0,0.0,0.0,0.0,0.0,0.0,0.0,0.0,0.0,0.0,0.0,0.0,0.0,0.0,0.0,0.0,0.0,0.0,0.0,0.0,0.0,2.004,0.0,-0.0,-2.004,0.0,0.0,0.0,0.0,5432.0,1.5879318087448473e+29,6958.0,0.0,-0.0,-107615280.0,-0.0,0.0,0.0,0.0,0.0,63,0.0,-2.3088308660914776e+20,0.0,0.0,0.0,0.0,0.0,0.0,0.0,0,0,0,0.0,0.0,0.0,0.0,0.0,0.0,0.0,0.0,0.0,0.0,0.0,0.0,0.0,0.0,0.0,0.0,0,-107875648.0,63,0.0,126,2.7184242562605685e+23,-0.0,ERR,ERR,ERR,ERR,ERR,ERR,ERR,ERR,ERR,ERR,ERR,ERR,ERR,ERR,ERR,ERR,ERR,ERR,ERR,ERR,ERR,ERR,ERR,ERR,ERR,ERR,ERR,ERR,ERR,ERR,ERR,ERR,ERR,ERR,ERR,ERR,ERR,ERR,ERR,ERR,ERR,ERR,ERR,ERR,ERR,ERR,ERR,ERR,ERR,ERR,ERR,ERR,ERR,ERR,ERR,ERR,ERR,ERR,ERR,ERR,ERR,ERR,ERR,ERR,ERR,ERR,ERR,34.0,80.0,35,0.0,0.0,0.0,0.0,0.0,0.0,0.0,0.0,0.0,0.0,0.0,0.0,0.0,0.0,0.0,0.0,64.4,0,116,56,50,65476,0,300,0,0,8,20529,65476,0,0,57672,80.0,0.0,0.0,0.0,0.0,0.0
2026-06-17T04:32:58,ERR,ERR,ERR,ERR,ERR,ERR,ERR,ERR,ERR,ERR,ERR,ERR,ERR,ERR,ERR,ERR,ERR,ERR,ERR,ERR,ERR,ERR,ERR,ERR,ERR,ERR,ERR,ERR,ERR,ERR,ERR,ERR,ERR,ERR,ERR,ERR,ERR,ERR,ERR,ERR,ERR,ERR,ERR,ERR,ERR,ERR,ERR,ERR,ERR,ERR,ERR,ERR,ERR,ERR,ERR,ERR,ERR,ERR,ERR,ERR,ERR,ERR,ERR,ERR,ERR,ERR,ERR,ERR,ERR,ERR,ERR,ERR,ERR,ERR,ERR,ERR,ERR,ERR,ERR,ERR,ERR,ERR,ERR,ERR,ERR,ERR,ERR,ERR,ERR,ERR,ERR,ERR,ERR,ERR,ERR,ERR,ERR,ERR,ERR,ERR,ERR,ERR,ERR,ERR,ERR,ERR,ERR,ERR,ERR,ERR,ERR,ERR,ERR,ERR,ERR,ERR,ERR,ERR,ERR,ERR,ERR,ERR,ERR,ERR,ERR,0.0,-0.0,3.028208139652935e+23,0.0,0.0,1.3936040501711995e+18,7.805,0.0,0,0,4,0,7300,-0.0,0,0.0,0.0,0.0,0.0,0.0,0,0,0,0,0.0,0,0,0,0,0,0,0,0,0,0,0,0,0,0,0,0,0,0,0,0,0,0,0,0,0,0,0,0,0,0,0,0,0,32,30,30,62,65476,0,300,0,0,8,21553,0.0,-107605600.0,0.0,0.0,0.0,0.0,0.0,0.0,0.0,0.0,0.0,0.0,0.0,0.0,0.0,0.0,0.0,0.0,0.0,0.0,0.0,0.0,2.004,0.0,-0.0,-2.004,0.0,0.0,0.0,0.0,5432.0,1.5879318087448473e+29,6958.0,0.0,-0.0,-107615280.0,-0.0,0.0,0.0,0.0,0.0,63,0.0,-2.3088308660914776e+20,0.0,0.0,0.0,0.0,0.0,0.0,0.0,0,0,0,0.0,0.0,0.0,0.0,0.0,0.0,0.0,0.0,0.0,0.0,0.0,0.0,0.0,0.0,0.0,0.0,0,-107875648.0,63,0.0,126,2.7184242562605685e+23,-0.0,ERR,ERR,ERR,ERR,ERR,ERR,ERR,ERR,ERR,ERR,ERR,ERR,ERR,ERR,ERR,ERR,ERR,ERR,ERR,ERR,ERR,ERR,ERR,ERR,ERR,ERR,ERR,ERR,ERR,ERR,ERR,ERR,ERR,ERR,ERR,ERR,ERR,ERR,ERR,ERR,ERR,ERR,ERR,ERR,ERR,ERR,ERR,ERR,ERR,ERR,ERR,ERR,ERR,ERR,ERR,ERR,ERR,ERR,ERR,ERR,ERR,ERR,ERR,ERR,ERR,ERR,ERR,34.0,80.0,35,0.0,0.0,0.0,0.0,0.0,0.0,0.0,0.0,0.0,0.0,0.0,0.0,0.0,0.0,0.0,0.0,64.4,0,116,56,50,65476,0,300,0,0,8,20529,65476,0,0,57672,80.0,0.0,0.0,0.0,0.0,0.0
2026-06-17T04:32:59,ERR,ERR,ERR,ERR,ERR,ERR,ERR,ERR,ERR,ERR,ERR,ERR,ERR,ERR,ERR,ERR,ERR,ERR,ERR,ERR,ERR,ERR,ERR,ERR,ERR,ERR,ERR,ERR,ERR,ERR,ERR,ERR,ERR,ERR,ERR,ERR,ERR,ERR,ERR,ERR,ERR,ERR,ERR,ERR,ERR,ERR,ERR,ERR,ERR,ERR,ERR,ERR,ERR,ERR,ERR,ERR,ERR,ERR,ERR,ERR,ERR,ERR,ERR,ERR,ERR,ERR,ERR,ERR,ERR,ERR,ERR,ERR,ERR,ERR,ERR,ERR,ERR,ERR,ERR,ERR,ERR,ERR,ERR,ERR,ERR,ERR,ERR,ERR,ERR,ERR,ERR,ERR,ERR,ERR,ERR,ERR,ERR,ERR,ERR,ERR,ERR,ERR,ERR,ERR,ERR,ERR,ERR,ERR,ERR,ERR,ERR,ERR,ERR,ERR,ERR,ERR,ERR,ERR,ERR,ERR,ERR,ERR,ERR,ERR,ERR,0.0,-0.0,3.028208139652935e+23,0.0,0.0,1.3936040501711995e+18,7.805,0.0,0,0,4,0,7300,-0.0,0,0.0,0.0,0.0,0.0,0.0,0,0,0,0,0.0,0,0,0,0,0,0,0,0,0,0,0,0,0,0,0,0,0,0,0,0,0,0,0,0,0,0,0,0,0,0,0,0,0,32,30,30,62,65476,0,300,0,0,8,21553,0.0,-107605600.0,0.0,0.0,0.0,0.0,0.0,0.0,0.0,0.0,0.0,0.0,0.0,0.0,0.0,0.0,0.0,0.0,0.0,0.0,0.0,0.0,2.004,0.0,-0.0,-2.004,0.0,0.0,0.0,0.0,5432.0,1.5879318087448473e+29,6958.0,0.0,-0.0,-107615280.0,-0.0,0.0,0.0,0.0,0.0,63,0.0,-2.3088308660914776e+20,0.0,0.0,0.0,0.0,0.0,0.0,0.0,0,0,0,0.0,0.0,0.0,0.0,0.0,0.0,0.0,0.0,0.0,0.0,0.0,0.0,0.0,0.0,0.0,0.0,0,-107875648.0,63,0.0,126,2.7184242562605685e+23,-0.0,ERR,ERR,ERR,ERR,ERR,ERR,ERR,ERR,ERR,ERR,ERR,ERR,ERR,ERR,ERR,ERR,ERR,ERR,ERR,ERR,ERR,ERR,ERR,ERR,ERR,ERR,ERR,ERR,ERR,ERR,ERR,ERR,ERR,ERR,ERR,ERR,ERR,ERR,ERR,ERR,ERR,ERR,ERR,ERR,ERR,ERR,ERR,ERR,ERR,ERR,ERR,ERR,ERR,ERR,ERR,ERR,ERR,ERR,ERR,ERR,ERR,ERR,ERR,ERR,ERR,ERR,ERR,34.0,80.0,35,0.0,0.0,0.0,0.0,0.0,0.0,0.0,0.0,0.0,0.0,0.0,0.0,0.0,0.0,0.0,0.0,64.4,0,116,56,50,65476,0,300,0,0,8,20529,65476,0,0,57672,80.0,0.0,0.0,0.0,0.0,0.0
2026-06-17T04:33:00,ERR,ERR,ERR,ERR,ERR,ERR,ERR,ERR,ERR,ERR,ERR,ERR,ERR,ERR,ERR,ERR,ERR,ERR,ERR,ERR,ERR,ERR,ERR,ERR,ERR,ERR,ERR,ERR,ERR,ERR,ERR,ERR,ERR,ERR,ERR,ERR,ERR,ERR,ERR,ERR,ERR,ERR,ERR,ERR,ERR,ERR,ERR,ERR,ERR,ERR,ERR,ERR,ERR,ERR,ERR,ERR,ERR,ERR,ERR,ERR,ERR,ERR,ERR,ERR,ERR,ERR,ERR,ERR,ERR,ERR,ERR,ERR,ERR,ERR,ERR,ERR,ERR,ERR,ERR,ERR,ERR,ERR,ERR,ERR,ERR,ERR,ERR,ERR,ERR,ERR,ERR,ERR,ERR,ERR,ERR,ERR,ERR,ERR,ERR,ERR,ERR,ERR,ERR,ERR,ERR,ERR,ERR,ERR,ERR,ERR,ERR,ERR,ERR,ERR,ERR,ERR,ERR,ERR,ERR,ERR,ERR,ERR,ERR,ERR,ERR,0.0,-0.0,3.028208139652935e+23,0.0,0.0,1.3936040501711995e+18,7.805,0.0,0,0,4,0,7300,-0.0,0,0.0,0.0,0.0,0.0,0.0,0,0,0,0,0.0,0,0,0,0,0,0,0,0,0,0,0,0,0,0,0,0,0,0,0,0,0,0,0,0,0,0,0,0,0,0,0,0,0,32,30,30,62,65476,0,300,0,0,8,21553,0.0,-107605600.0,0.0,0.0,0.0,0.0,0.0,0.0,0.0,0.0,0.0,0.0,0.0,0.0,0.0,0.0,0.0,0.0,0.0,0.0,0.0,0.0,2.004,-2.004,-0.0,-2.004,0.0,0.0,0.0,0.0,5438.0,0.0,6949.0,0.0,-107615328.0,-107615280.0,-0.0,0.0,0.0,0.0,0.0,63,0.0,4.066859702643652e+29,0.0,0.0,0.0,0.0,0.0,0.0,0.0,0,0,0,0.0,0.0,0.0,0.0,0.0,0.0,0.0,0.0,0.0,0.0,0.0,0.0,0.0,0.0,0.0,0.0,0,-107875648.0,63,0.0,126,2.7184242562605685e+23,-0.0,ERR,ERR,ERR,ERR,ERR,ERR,ERR,ERR,ERR,ERR,ERR,ERR,ERR,ERR,ERR,ERR,ERR,ERR,ERR,ERR,ERR,ERR,ERR,ERR,ERR,ERR,ERR,ERR,ERR,ERR,ERR,ERR,ERR,ERR,ERR,ERR,ERR,ERR,ERR,ERR,ERR,ERR,ERR,ERR,ERR,ERR,ERR,ERR,ERR,ERR,ERR,ERR,ERR,ERR,ERR,ERR,ERR,ERR,ERR,ERR,ERR,ERR,ERR,ERR,ERR,ERR,ERR,34.0,80.0,35,0.0,0.0,0.0,0.0,0.0,0.0,0.0,0.0,0.0,0.0,0.0,0.0,0.0,0.0,0.0,0.0,64.4,0,116,56,50,65476,0,300,0,0,8,20529,65476,0,0,57672,80.0,0.0,0.0,0.0,0.0,0.0
2026-06-17T04:33:01,ERR,ERR,ERR,ERR,ERR,ERR,ERR,ERR,ERR,ERR,ERR,ERR,ERR,ERR,ERR,ERR,ERR,ERR,ERR,ERR,ERR,ERR,ERR,ERR,ERR,ERR,ERR,ERR,ERR,ERR,ERR,ERR,ERR,ERR,ERR,ERR,ERR,ERR,ERR,ERR,ERR,ERR,ERR,ERR,ERR,ERR,ERR,ERR,ERR,ERR,ERR,ERR,ERR,ERR,ERR,ERR,ERR,ERR,ERR,ERR,ERR,ERR,ERR,ERR,ERR,ERR,ERR,ERR,ERR,ERR,ERR,ERR,ERR,ERR,ERR,ERR,ERR,ERR,ERR,ERR,ERR,ERR,ERR,ERR,ERR,ERR,ERR,ERR,ERR,ERR,ERR,ERR,ERR,ERR,ERR,ERR,ERR,ERR,ERR,ERR,ERR,ERR,ERR,ERR,ERR,ERR,ERR,ERR,ERR,ERR,ERR,ERR,ERR,ERR,ERR,ERR,ERR,ERR,ERR,ERR,ERR,ERR,ERR,ERR,ERR,0.0,-0.0,3.028208139652935e+23,0.0,0.0,1.3936040501711995e+18,7.805,0.0,0,0,4,0,7300,-0.0,0,0.0,0.0,0.0,0.0,0.0,0,0,0,0,0.0,0,0,0,0,0,0,0,0,0,0,0,0,0,0,0,0,0,0,0,0,0,0,0,0,0,0,0,0,0,0,0,0,0,32,30,30,62,65476,0,300,0,0,8,21553,0.0,-107605600.0,0.0,0.0,0.0,0.0,0.0,0.0,0.0,0.0,0.0,0.0,0.0,0.0,0.0,0.0,0.0,0.0,0.0,0.0,0.0,0.0,2.004,-2.004,-0.0,-2.004,0.0,0.0,0.0,0.0,5438.0,0.0,6949.0,0.0,-107615328.0,-107615280.0,-0.0,0.0,0.0,0.0,0.0,63,0.0,4.066859702643652e+29,0.0,0.0,0.0,0.0,0.0,0.0,0.0,0,0,0,0.0,0.0,0.0,0.0,0.0,0.0,0.0,0.0,0.0,0.0,0.0,0.0,0.0,0.0,0.0,0.0,0,-107875648.0,63,0.0,126,2.7184242562605685e+23,-0.0,ERR,ERR,ERR,ERR,ERR,ERR,ERR,ERR,ERR,ERR,ERR,ERR,ERR,ERR,ERR,ERR,ERR,ERR,ERR,ERR,ERR,ERR,ERR,ERR,ERR,ERR,ERR,ERR,ERR,ERR,ERR,ERR,ERR,ERR,ERR,ERR,ERR,ERR,ERR,ERR,ERR,ERR,ERR,ERR,ERR,ERR,ERR,ERR,ERR,ERR,ERR,ERR,ERR,ERR,ERR,ERR,ERR,ERR,ERR,ERR,ERR,ERR,ERR,ERR,ERR,ERR,ERR,34.0,80.0,35,0.0,0.0,0.0,0.0,0.0,0.0,0.0,0.0,0.0,0.0,0.0,0.0,0.0,0.0,0.0,0.0,64.4,0,116,56,50,65476,0,300,0,0,8,20529,65476,0,0,57672,80.0,0.0,0.0,0.0,0.0,0.0
2026-06-17T04:33:02,ERR,ERR,ERR,ERR,ERR,ERR,ERR,ERR,ERR,ERR,ERR,ERR,ERR,ERR,ERR,ERR,ERR,ERR,ERR,ERR,ERR,ERR,ERR,ERR,ERR,ERR,ERR,ERR,ERR,ERR,ERR,ERR,ERR,ERR,ERR,ERR,ERR,ERR,ERR,ERR,ERR,ERR,ERR,ERR,ERR,ERR,ERR,ERR,ERR,ERR,ERR,ERR,ERR,ERR,ERR,ERR,ERR,ERR,ERR,ERR,ERR,ERR,ERR,ERR,ERR,ERR,ERR,ERR,ERR,ERR,ERR,ERR,ERR,ERR,ERR,ERR,ERR,ERR,ERR,ERR,ERR,ERR,ERR,ERR,ERR,ERR,ERR,ERR,ERR,ERR,ERR,ERR,ERR,ERR,ERR,ERR,ERR,ERR,ERR,ERR,ERR,ERR,ERR,ERR,ERR,ERR,ERR,ERR,ERR,ERR,ERR,ERR,ERR,ERR,ERR,ERR,ERR,ERR,ERR,ERR,ERR,ERR,ERR,ERR,ERR,0.0,-0.0,3.028208139652935e+23,0.0,0.0,1.3936040501711995e+18,7.805,0.0,0,0,4,0,7300,-0.0,0,0.0,0.0,0.0,0.0,0.0,0,0,0,0,0.0,0,0,0,0,0,0,0,0,0,0,0,0,0,0,0,0,0,0,0,0,0,0,0,0,0,0,0,0,0,0,0,0,0,32,30,30,62,65476,0,300,0,0,8,21553,0.0,-107605600.0,0.0,0.0,0.0,0.0,0.0,0.0,0.0,0.0,0.0,0.0,0.0,0.0,0.0,0.0,0.0,0.0,0.0,0.0,0.0,0.0,2.004,-2.004,-0.0,-2.004,0.0,0.0,0.0,0.0,5438.0,0.0,6949.0,0.0,-107615328.0,-107615280.0,-0.0,0.0,0.0,0.0,0.0,63,0.0,4.066859702643652e+29,0.0,0.0,0.0,0.0,0.0,0.0,0.0,0,0,0,0.0,0.0,0.0,0.0,0.0,0.0,0.0,0.0,0.0,0.0,0.0,0.0,0.0,0.0,0.0,0.0,0,-107875648.0,63,0.0,126,2.7184242562605685e+23,-0.0,ERR,ERR,ERR,ERR,ERR,ERR,ERR,ERR,ERR,ERR,ERR,ERR,ERR,ERR,ERR,ERR,ERR,ERR,ERR,ERR,ERR,ERR,ERR,ERR,ERR,ERR,ERR,ERR,ERR,ERR,ERR,ERR,ERR,ERR,ERR,ERR,ERR,ERR,ERR,ERR,ERR,ERR,ERR,ERR,ERR,ERR,ERR,ERR,ERR,ERR,ERR,ERR,ERR,ERR,ERR,ERR,ERR,ERR,ERR,ERR,ERR,ERR,ERR,ERR,ERR,ERR,ERR,34.0,80.0,35,0.0,0.0,0.0,0.0,0.0,0.0,0.0,0.0,0.0,0.0,0.0,0.0,0.0,0.0,0.0,0.0,64.4,0,116,56,50,65476,0,300,0,0,8,20529,65476,0,0,57672,80.0,0.0,0.0,0.0,0.0,0.0
2026-06-17T04:33:03,ERR,ERR,ERR,ERR,ERR,ERR,ERR,ERR,ERR,ERR,ERR,ERR,ERR,ERR,ERR,ERR,ERR,ERR,ERR,ERR,ERR,ERR,ERR,ERR,ERR,ERR,ERR,ERR,ERR,ERR,ERR,ERR,ERR,ERR,ERR,ERR,ERR,ERR,ERR,ERR,ERR,ERR,ERR,ERR,ERR,ERR,ERR,ERR,ERR,ERR,ERR,ERR,ERR,ERR,ERR,ERR,ERR,ERR,ERR,ERR,ERR,ERR,ERR,ERR,ERR,ERR,ERR,ERR,ERR,ERR,ERR,ERR,ERR,ERR,ERR,ERR,ERR,ERR,ERR,ERR,ERR,ERR,ERR,ERR,ERR,ERR,ERR,ERR,ERR,ERR,ERR,ERR,ERR,ERR,ERR,ERR,ERR,ERR,ERR,ERR,ERR,ERR,ERR,ERR,ERR,ERR,ERR,ERR,ERR,ERR,ERR,ERR,ERR,ERR,ERR,ERR,ERR,ERR,ERR,ERR,ERR,ERR,ERR,ERR,ERR,0.0,-0.0,3.028208139652935e+23,0.0,0.0,1.3936040501711995e+18,7.805,0.0,0,0,4,0,7300,-0.0,0,0.0,0.0,0.0,0.0,0.0,0,0,0,0,0.0,0,0,0,0,0,0,0,0,0,0,0,0,0,0,0,0,0,0,0,0,0,0,0,0,0,0,0,0,0,0,0,0,0,32,30,30,62,65476,0,300,0,0,8,21553,0.0,-107605600.0,0.0,0.0,0.0,0.0,0.0,0.0,0.0,0.0,0.0,0.0,0.0,0.0,0.0,0.0,0.0,0.0,0.0,0.0,0.0,0.0,2.004,-2.004,-0.0,-2.004,0.0,0.0,0.0,0.0,5438.0,0.0,6949.0,0.0,-107615328.0,-107615280.0,-0.0,0.0,0.0,0.0,0.0,63,0.0,4.066859702643652e+29,0.0,0.0,0.0,0.0,0.0,0.0,0.0,0,0,0,0.0,0.0,0.0,0.0,0.0,0.0,0.0,0.0,0.0,0.0,0.0,0.0,0.0,0.0,0.0,0.0,0,-107875648.0,63,0.0,126,2.7184242562605685e+23,-0.0,ERR,ERR,ERR,ERR,ERR,ERR,ERR,ERR,ERR,ERR,ERR,ERR,ERR,ERR,ERR,ERR,ERR,ERR,ERR,ERR,ERR,ERR,ERR,ERR,ERR,ERR,ERR,ERR,ERR,ERR,ERR,ERR,ERR,ERR,ERR,ERR,ERR,ERR,ERR,ERR,ERR,ERR,ERR,ERR,ERR,ERR,ERR,ERR,ERR,ERR,ERR,ERR,ERR,ERR,ERR,ERR,ERR,ERR,ERR,ERR,ERR,ERR,ERR,ERR,ERR,ERR,ERR,34.0,80.0,35,0.0,0.0,0.0,0.0,0.0,0.0,0.0,0.0,0.0,0.0,0.0,0.0,0.0,0.0,0.0,0.0,64.4,0,116,56,50,65476,0,300,0,0,8,20529,65476,0,0,57672,80.0,0.0,0.0,0.0,0.0,0.0
2026-06-17T04:33:04,ERR,ERR,ERR,ERR,ERR,ERR,ERR,ERR,ERR,ERR,ERR,ERR,ERR,ERR,ERR,ERR,ERR,ERR,ERR,ERR,ERR,ERR,ERR,ERR,ERR,ERR,ERR,ERR,ERR,ERR,ERR,ERR,ERR,ERR,ERR,ERR,ERR,ERR,ERR,ERR,ERR,ERR,ERR,ERR,ERR,ERR,ERR,ERR,ERR,ERR,ERR,ERR,ERR,ERR,ERR,ERR,ERR,ERR,ERR,ERR,ERR,ERR,ERR,ERR,ERR,ERR,ERR,ERR,ERR,ERR,ERR,ERR,ERR,ERR,ERR,ERR,ERR,ERR,ERR,ERR,ERR,ERR,ERR,ERR,ERR,ERR,ERR,ERR,ERR,ERR,ERR,ERR,ERR,ERR,ERR,ERR,ERR,ERR,ERR,ERR,ERR,ERR,ERR,ERR,ERR,ERR,ERR,ERR,ERR,ERR,ERR,ERR,ERR,ERR,ERR,ERR,ERR,ERR,ERR,ERR,ERR,ERR,ERR,ERR,ERR,0.0,-0.0,3.028208139652935e+23,0.0,0.0,1.3936040501711995e+18,7.805,0.0,0,0,4,0,7300,-0.0,0,0.0,0.0,0.0,0.0,0.0,0,0,0,0,0.0,0,0,0,0,0,0,0,0,0,0,0,0,0,0,0,0,0,0,0,0,0,0,0,0,0,0,0,0,0,0,0,0,0,32,30,30,62,65476,0,300,0,0,8,21553,0.0,-107605600.0,0.0,0.0,0.0,0.0,0.0,0.0,0.0,0.0,0.0,0.0,0.0,0.0,0.0,0.0,0.0,0.0,0.0,0.0,0.0,0.0,2.004,-2.004,-0.0,-2.004,0.0,0.0,0.0,0.0,5438.0,0.0,6949.0,0.0,-107615328.0,-107615280.0,-0.0,0.0,0.0,0.0,0.0,63,0.0,4.066859702643652e+29,0.0,0.0,0.0,0.0,0.0,0.0,0.0,0,0,0,0.0,0.0,0.0,0.0,0.0,0.0,0.0,0.0,0.0,0.0,0.0,0.0,0.0,0.0,0.0,0.0,0,-107875648.0,63,0.0,126,2.7184242562605685e+23,-0.0,ERR,ERR,ERR,ERR,ERR,ERR,ERR,ERR,ERR,ERR,ERR,ERR,ERR,ERR,ERR,ERR,ERR,ERR,ERR,ERR,ERR,ERR,ERR,ERR,ERR,ERR,ERR,ERR,ERR,ERR,ERR,ERR,ERR,ERR,ERR,ERR,ERR,ERR,ERR,ERR,ERR,ERR,ERR,ERR,ERR,ERR,ERR,ERR,ERR,ERR,ERR,ERR,ERR,ERR,ERR,ERR,ERR,ERR,ERR,ERR,ERR,ERR,ERR,ERR,ERR,ERR,ERR,34.0,80.0,35,0.0,0.0,0.0,0.0,0.0,0.0,0.0,0.0,0.0,0.0,0.0,0.0,0.0,0.0,0.0,0.0,64.8,0,116,56,50,65476,0,300,0,0,8,20529,65476,0,0,57672,80.0,0.0,0.0,0.0,0.0,0.0
2026-06-17T04:33:05,ERR,ERR,ERR,ERR,ERR,ERR,ERR,ERR,ERR,ERR,ERR,ERR,ERR,ERR,ERR,ERR,ERR,ERR,ERR,ERR,ERR,ERR,ERR,ERR,ERR,ERR,ERR,ERR,ERR,ERR,ERR,ERR,ERR,ERR,ERR,ERR,ERR,ERR,ERR,ERR,ERR,ERR,ERR,ERR,ERR,ERR,ERR,ERR,ERR,ERR,ERR,ERR,ERR,ERR,ERR,ERR,ERR,ERR,ERR,ERR,ERR,ERR,ERR,ERR,ERR,ERR,ERR,ERR,ERR,ERR,ERR,ERR,ERR,ERR,ERR,ERR,ERR,ERR,ERR,ERR,ERR,ERR,ERR,ERR,ERR,ERR,ERR,ERR,ERR,ERR,ERR,ERR,ERR,ERR,ERR,ERR,ERR,ERR,ERR,ERR,ERR,ERR,ERR,ERR,ERR,ERR,ERR,ERR,ERR,ERR,ERR,ERR,ERR,ERR,ERR,ERR,ERR,ERR,ERR,ERR,ERR,ERR,ERR,ERR,ERR,0.0,-0.0,3.028208139652935e+23,0.0,0.0,1.3936040501711995e+18,7.805,0.0,0,0,4,0,7300,-0.0,0,0.0,0.0,0.0,0.0,0.0,0,0,0,0,0.0,0,0,0,0,0,0,0,0,0,0,0,0,0,0,0,0,0,0,0,0,0,0,0,0,0,0,0,0,0,0,0,0,0,32,30,30,62,65476,0,300,0,0,8,21553,0.0,-107605600.0,0.0,0.0,0.0,0.0,0.0,0.0,0.0,0.0,0.0,0.0,0.0,0.0,0.0,0.0,0.0,0.0,0.0,0.0,0.0,0.0,2.004,-2.004,-0.0,-2.004,0.0,0.0,0.0,0.0,5438.0,0.0,6949.0,0.0,-107615328.0,-107615280.0,-0.0,0.0,0.0,0.0,0.0,63,0.0,4.066859702643652e+29,0.0,0.0,0.0,0.0,0.0,0.0,0.0,0,0,0,0.0,0.0,0.0,0.0,0.0,0.0,0.0,0.0,0.0,0.0,0.0,0.0,0.0,0.0,0.0,0.0,0,-107875648.0,63,0.0,126,2.7184242562605685e+23,-0.0,ERR,ERR,ERR,ERR,ERR,ERR,ERR,ERR,ERR,ERR,ERR,ERR,ERR,ERR,ERR,ERR,ERR,ERR,ERR,ERR,ERR,ERR,ERR,ERR,ERR,ERR,ERR,ERR,ERR,ERR,ERR,ERR,ERR,ERR,ERR,ERR,ERR,ERR,ERR,ERR,ERR,ERR,ERR,ERR,ERR,ERR,ERR,ERR,ERR,ERR,ERR,ERR,ERR,ERR,ERR,ERR,ERR,ERR,ERR,ERR,ERR,ERR,ERR,ERR,ERR,ERR,ERR,34.0,80.0,35,0.0,0.0,0.0,0.0,0.0,0.0,0.0,0.0,0.0,0.0,0.0,0.0,0.0,0.0,0.0,0.0,64.8,0,116,56,50,65476,0,300,0,0,8,20529,65476,0,0,57672,80.0,0.0,0.0,0.0,0.0,0.0
2026-06-17T04:33:06,ERR,ERR,ERR,ERR,ERR,ERR,ERR,ERR,ERR,ERR,ERR,ERR,ERR,ERR,ERR,ERR,ERR,ERR,ERR,ERR,ERR,ERR,ERR,ERR,ERR,ERR,ERR,ERR,ERR,ERR,ERR,ERR,ERR,ERR,ERR,ERR,ERR,ERR,ERR,ERR,ERR,ERR,ERR,ERR,ERR,ERR,ERR,ERR,ERR,ERR,ERR,ERR,ERR,ERR,ERR,ERR,ERR,ERR,ERR,ERR,ERR,ERR,ERR,ERR,ERR,ERR,ERR,ERR,ERR,ERR,ERR,ERR,ERR,ERR,ERR,ERR,ERR,ERR,ERR,ERR,ERR,ERR,ERR,ERR,ERR,ERR,ERR,ERR,ERR,ERR,ERR,ERR,ERR,ERR,ERR,ERR,ERR,ERR,ERR,ERR,ERR,ERR,ERR,ERR,ERR,ERR,ERR,ERR,ERR,ERR,ERR,ERR,ERR,ERR,ERR,ERR,ERR,ERR,ERR,ERR,ERR,ERR,ERR,ERR,ERR,0.0,-107615328.0,0.0,0.0,0.0,1.3936040501711995e+18,7.805,0.0,0,0,4,0,7300,-0.0,0,0.0,0.0,0.0,0.0,0.0,0,0,0,0,0.0,0,0,0,0,0,0,0,0,0,0,0,0,0,0,0,0,0,0,0,0,0,0,0,0,0,0,0,0,0,0,0,0,0,32,30,30,62,65476,0,300,0,0,8,21553,0.0,-107605600.0,0.0,0.0,0.0,0.0,0.0,0.0,0.0,0.0,0.0,0.0,0.0,0.0,0.0,0.0,0.0,0.0,0.0,0.0,0.0,0.0,2.004,0.0,-0.0,-2.004,0.0,0.0,0.0,0.0,5405.0,-3.697191411280511e+19,6972.0,0.0,-0.0,-107615280.0,-0.0,0.0,0.0,0.0,0.0,63,0.0,0.0,0.0,0.0,0.0,0.0,0.0,0.0,0.0,0,0,0,0.0,0.0,0.0,0.0,0.0,0.0,0.0,0.0,0.0,0.0,0.0,0.0,0.0,0.0,0.0,0.0,0,-107875648.0,63,0.0,126,2.7184242562605685e+23,-0.0,ERR,ERR,ERR,ERR,ERR,ERR,ERR,ERR,ERR,ERR,ERR,ERR,ERR,ERR,ERR,ERR,ERR,ERR,ERR,ERR,ERR,ERR,ERR,ERR,ERR,ERR,ERR,ERR,ERR,ERR,ERR,ERR,ERR,ERR,ERR,ERR,ERR,ERR,ERR,ERR,ERR,ERR,ERR,ERR,ERR,ERR,ERR,ERR,ERR,ERR,ERR,ERR,ERR,ERR,ERR,ERR,ERR,ERR,ERR,ERR,ERR,ERR,ERR,ERR,ERR,ERR,ERR,34.0,80.0,35,0.0,0.0,0.0,0.0,0.0,0.0,0.0,0.0,0.0,0.0,0.0,0.0,0.0,0.0,0.0,0.0,64.8,0,116,56,50,65476,0,300,0,0,8,20529,65476,0,0,57672,80.0,0.0,0.0,0.0,0.0,0.0
2026-06-17T04:33:07,ERR,ERR,ERR,ERR,ERR,ERR,ERR,ERR,ERR,ERR,ERR,ERR,ERR,ERR,ERR,ERR,ERR,ERR,ERR,ERR,ERR,ERR,ERR,ERR,ERR,ERR,ERR,ERR,ERR,ERR,ERR,ERR,ERR,ERR,ERR,ERR,ERR,ERR,ERR,ERR,ERR,ERR,ERR,ERR,ERR,ERR,ERR,ERR,ERR,ERR,ERR,ERR,ERR,ERR,ERR,ERR,ERR,ERR,ERR,ERR,ERR,ERR,ERR,ERR,ERR,ERR,ERR,ERR,ERR,ERR,ERR,ERR,ERR,ERR,ERR,ERR,ERR,ERR,ERR,ERR,ERR,ERR,ERR,ERR,ERR,ERR,ERR,ERR,ERR,ERR,ERR,ERR,ERR,ERR,ERR,ERR,ERR,ERR,ERR,ERR,ERR,ERR,ERR,ERR,ERR,ERR,ERR,ERR,ERR,ERR,ERR,ERR,ERR,ERR,ERR,ERR,ERR,ERR,ERR,ERR,ERR,ERR,ERR,ERR,ERR,0.0,-107615328.0,0.0,0.0,0.0,1.3936040501711995e+18,7.805,0.0,0,0,4,0,7300,-0.0,0,0.0,0.0,0.0,0.0,0.0,0,0,0,0,0.0,0,0,0,0,0,0,0,0,0,0,0,0,0,0,0,0,0,0,0,0,0,0,0,0,0,0,0,0,0,0,0,0,0,32,30,30,62,65476,0,300,0,0,8,21553,0.0,-107605600.0,0.0,0.0,0.0,0.0,0.0,0.0,0.0,0.0,0.0,0.0,0.0,0.0,0.0,0.0,0.0,0.0,0.0,0.0,0.0,0.0,2.004,0.0,-0.0,-2.004,0.0,0.0,0.0,0.0,5405.0,-3.697191411280511e+19,6972.0,0.0,-0.0,-107615280.0,-0.0,0.0,0.0,0.0,0.0,63,0.0,0.0,0.0,0.0,0.0,0.0,0.0,0.0,0.0,0,0,0,0.0,0.0,0.0,0.0,0.0,0.0,0.0,0.0,0.0,0.0,0.0,0.0,0.0,0.0,0.0,0.0,0,-107875648.0,63,0.0,126,2.7184242562605685e+23,-0.0,ERR,ERR,ERR,ERR,ERR,ERR,ERR,ERR,ERR,ERR,ERR,ERR,ERR,ERR,ERR,ERR,ERR,ERR,ERR,ERR,ERR,ERR,ERR,ERR,ERR,ERR,ERR,ERR,ERR,ERR,ERR,ERR,ERR,ERR,ERR,ERR,ERR,ERR,ERR,ERR,ERR,ERR,ERR,ERR,ERR,ERR,ERR,ERR,ERR,ERR,ERR,ERR,ERR,ERR,ERR,ERR,ERR,ERR,ERR,ERR,ERR,ERR,ERR,ERR,ERR,ERR,ERR,34.0,80.0,35,0.0,0.0,0.0,0.0,0.0,0.0,0.0,0.0,0.0,0.0,0.0,0.0,0.0,0.0,0.0,0.0,64.8,0,116,56,50,65476,0,300,0,0,8,20529,65476,0,0,57672,80.0,0.0,0.0,0.0,0.0,0.0
2026-06-17T04:33:08,ERR,ERR,ERR,ERR,ERR,ERR,ERR,ERR,ERR,ERR,ERR,ERR,ERR,ERR,ERR,ERR,ERR,ERR,ERR,ERR,ERR,ERR,ERR,ERR,ERR,ERR,ERR,ERR,ERR,ERR,ERR,ERR,ERR,ERR,ERR,ERR,ERR,ERR,ERR,ERR,ERR,ERR,ERR,ERR,ERR,ERR,ERR,ERR,ERR,ERR,ERR,ERR,ERR,ERR,ERR,ERR,ERR,ERR,ERR,ERR,ERR,ERR,ERR,ERR,ERR,ERR,ERR,ERR,ERR,ERR,ERR,ERR,ERR,ERR,ERR,ERR,ERR,ERR,ERR,ERR,ERR,ERR,ERR,ERR,ERR,ERR,ERR,ERR,ERR,ERR,ERR,ERR,ERR,ERR,ERR,ERR,ERR,ERR,ERR,ERR,ERR,ERR,ERR,ERR,ERR,ERR,ERR,ERR,ERR,ERR,ERR,ERR,ERR,ERR,ERR,ERR,ERR,ERR,ERR,ERR,ERR,ERR,ERR,ERR,ERR,0.0,-107615328.0,0.0,0.0,0.0,1.3936040501711995e+18,7.805,0.0,0,0,4,0,7300,-0.0,0,0.0,0.0,0.0,0.0,0.0,0,0,0,0,0.0,0,0,0,0,0,0,0,0,0,0,0,0,0,0,0,0,0,0,0,0,0,0,0,0,0,0,0,0,0,0,0,0,0,32,30,30,62,65476,0,300,0,0,8,21553,0.0,-107605600.0,0.0,0.0,0.0,0.0,0.0,0.0,0.0,0.0,0.0,0.0,0.0,0.0,0.0,0.0,0.0,0.0,0.0,0.0,0.0,0.0,2.004,0.0,-0.0,-2.004,0.0,0.0,0.0,0.0,5405.0,-3.697191411280511e+19,6972.0,0.0,-0.0,-107615280.0,-0.0,0.0,0.0,0.0,0.0,63,0.0,0.0,0.0,0.0,0.0,0.0,0.0,0.0,0.0,0,0,0,0.0,0.0,0.0,0.0,0.0,0.0,0.0,0.0,0.0,0.0,0.0,0.0,0.0,0.0,0.0,0.0,0,-107875648.0,63,0.0,126,2.7184242562605685e+23,-0.0,ERR,ERR,ERR,ERR,ERR,ERR,ERR,ERR,ERR,ERR,ERR,ERR,ERR,ERR,ERR,ERR,ERR,ERR,ERR,ERR,ERR,ERR,ERR,ERR,ERR,ERR,ERR,ERR,ERR,ERR,ERR,ERR,ERR,ERR,ERR,ERR,ERR,ERR,ERR,ERR,ERR,ERR,ERR,ERR,ERR,ERR,ERR,ERR,ERR,ERR,ERR,ERR,ERR,ERR,ERR,ERR,ERR,ERR,ERR,ERR,ERR,ERR,ERR,ERR,ERR,ERR,ERR,34.0,80.0,35,0.0,0.0,0.0,0.0,0.0,0.0,0.0,0.0,0.0,0.0,0.0,0.0,0.0,0.0,0.0,0.0,64.4,0,116,56,50,65476,0,300,0,0,8,20529,65476,0,0,57672,80.0,0.0,0.0,0.0,0.0,0.0
2026-06-17T04:33:09,ERR,ERR,ERR,ERR,ERR,ERR,ERR,ERR,ERR,ERR,ERR,ERR,ERR,ERR,ERR,ERR,ERR,ERR,ERR,ERR,ERR,ERR,ERR,ERR,ERR,ERR,ERR,ERR,ERR,ERR,ERR,ERR,ERR,ERR,ERR,ERR,ERR,ERR,ERR,ERR,ERR,ERR,ERR,ERR,ERR,ERR,ERR,ERR,ERR,ERR,ERR,ERR,ERR,ERR,ERR,ERR,ERR,ERR,ERR,ERR,ERR,ERR,ERR,ERR,ERR,ERR,ERR,ERR,ERR,ERR,ERR,ERR,ERR,ERR,ERR,ERR,ERR,ERR,ERR,ERR,ERR,ERR,ERR,ERR,ERR,ERR,ERR,ERR,ERR,ERR,ERR,ERR,ERR,ERR,ERR,ERR,ERR,ERR,ERR,ERR,ERR,ERR,ERR,ERR,ERR,ERR,ERR,ERR,ERR,ERR,ERR,ERR,ERR,ERR,ERR,ERR,ERR,ERR,ERR,ERR,ERR,ERR,ERR,ERR,ERR,0.0,-107615328.0,0.0,0.0,0.0,1.3936040501711995e+18,7.805,0.0,0,0,4,0,7300,-0.0,0,0.0,0.0,0.0,0.0,0.0,0,0,0,0,0.0,0,0,0,0,0,0,0,0,0,0,0,0,0,0,0,0,0,0,0,0,0,0,0,0,0,0,0,0,0,0,0,0,0,32,30,30,62,65476,0,300,0,0,8,21553,0.0,-107605600.0,0.0,0.0,0.0,0.0,0.0,0.0,0.0,0.0,0.0,0.0,0.0,0.0,0.0,0.0,0.0,0.0,0.0,0.0,0.0,0.0,2.004,0.0,-0.0,-2.004,0.0,0.0,0.0,0.0,5405.0,-3.697191411280511e+19,6972.0,0.0,-0.0,-107615280.0,-0.0,0.0,0.0,0.0,0.0,63,0.0,0.0,0.0,0.0,0.0,0.0,0.0,0.0,0.0,0,0,0,0.0,0.0,0.0,0.0,0.0,0.0,0.0,0.0,0.0,0.0,0.0,0.0,0.0,0.0,0.0,0.0,0,-107875648.0,63,0.0,126,2.7184242562605685e+23,-0.0,ERR,ERR,ERR,ERR,ERR,ERR,ERR,ERR,ERR,ERR,ERR,ERR,ERR,ERR,ERR,ERR,ERR,ERR,ERR,ERR,ERR,ERR,ERR,ERR,ERR,ERR,ERR,ERR,ERR,ERR,ERR,ERR,ERR,ERR,ERR,ERR,ERR,ERR,ERR,ERR,ERR,ERR,ERR,ERR,ERR,ERR,ERR,ERR,ERR,ERR,ERR,ERR,ERR,ERR,ERR,ERR,ERR,ERR,ERR,ERR,ERR,ERR,ERR,ERR,ERR,ERR,ERR,34.0,80.0,35,0.0,0.0,0.0,0.0,0.0,0.0,0.0,0.0,0.0,0.0,0.0,0.0,0.0,0.0,0.0,0.0,64.4,0,116,56,50,65476,0,300,0,0,8,20529,65476,0,0,57672,80.0,0.0,0.0,0.0,0.0,0.0
2026-06-17T04:33:10,ERR,ERR,ERR,ERR,ERR,ERR,ERR,ERR,ERR,ERR,ERR,ERR,ERR,ERR,ERR,ERR,ERR,ERR,ERR,ERR,ERR,ERR,ERR,ERR,ERR,ERR,ERR,ERR,ERR,ERR,ERR,ERR,ERR,ERR,ERR,ERR,ERR,ERR,ERR,ERR,ERR,ERR,ERR,ERR,ERR,ERR,ERR,ERR,ERR,ERR,ERR,ERR,ERR,ERR,ERR,ERR,ERR,ERR,ERR,ERR,ERR,ERR,ERR,ERR,ERR,ERR,ERR,ERR,ERR,ERR,ERR,ERR,ERR,ERR,ERR,ERR,ERR,ERR,ERR,ERR,ERR,ERR,ERR,ERR,ERR,ERR,ERR,ERR,ERR,ERR,ERR,ERR,ERR,ERR,ERR,ERR,ERR,ERR,ERR,ERR,ERR,ERR,ERR,ERR,ERR,ERR,ERR,ERR,ERR,ERR,ERR,ERR,ERR,ERR,ERR,ERR,ERR,ERR,ERR,ERR,ERR,ERR,ERR,ERR,ERR,0.0,-107615328.0,0.0,0.0,0.0,1.3936040501711995e+18,7.805,0.0,0,0,4,0,7300,-0.0,0,0.0,0.0,0.0,0.0,0.0,0,0,0,0,0.0,0,0,0,0,0,0,0,0,0,0,0,0,0,0,0,0,0,0,0,0,0,0,0,0,0,0,0,0,0,0,0,0,0,32,30,30,62,65476,0,300,0,0,8,21553,0.0,-107605600.0,0.0,0.0,0.0,0.0,0.0,0.0,0.0,0.0,0.0,0.0,0.0,0.0,0.0,0.0,0.0,0.0,0.0,0.0,0.0,0.0,2.004,0.0,-0.0,-2.004,0.0,0.0,0.0,0.0,5405.0,-3.697191411280511e+19,6972.0,0.0,-0.0,-107615280.0,-0.0,0.0,0.0,0.0,0.0,63,0.0,0.0,0.0,0.0,0.0,0.0,0.0,0.0,0.0,0,0,0,0.0,0.0,0.0,0.0,0.0,0.0,0.0,0.0,0.0,0.0,0.0,0.0,0.0,0.0,0.0,0.0,0,-107875648.0,63,0.0,126,2.7184242562605685e+23,-0.0,ERR,ERR,ERR,ERR,ERR,ERR,ERR,ERR,ERR,ERR,ERR,ERR,ERR,ERR,ERR,ERR,ERR,ERR,ERR,ERR,ERR,ERR,ERR,ERR,ERR,ERR,ERR,ERR,ERR,ERR,ERR,ERR,ERR,ERR,ERR,ERR,ERR,ERR,ERR,ERR,ERR,ERR,ERR,ERR,ERR,ERR,ERR,ERR,ERR,ERR,ERR,ERR,ERR,ERR,ERR,ERR,ERR,ERR,ERR,ERR,ERR,ERR,ERR,ERR,ERR,ERR,ERR,34.0,80.0,35,0.0,0.0,0.0,0.0,0.0,0.0,0.0,0.0,0.0,0.0,0.0,0.0,0.0,0.0,0.0,0.0,64.4,0,116,56,50,65476,0,300,0,0,8,20529,65476,0,0,57672,80.0,0.0,0.0,0.0,0.0,0.0
2026-06-17T04:33:11,ERR,ERR,ERR,ERR,ERR,ERR,ERR,ERR,ERR,ERR,ERR,ERR,ERR,ERR,ERR,ERR,ERR,ERR,ERR,ERR,ERR,ERR,ERR,ERR,ERR,ERR,ERR,ERR,ERR,ERR,ERR,ERR,ERR,ERR,ERR,ERR,ERR,ERR,ERR,ERR,ERR,ERR,ERR,ERR,ERR,ERR,ERR,ERR,ERR,ERR,ERR,ERR,ERR,ERR,ERR,ERR,ERR,ERR,ERR,ERR,ERR,ERR,ERR,ERR,ERR,ERR,ERR,ERR,ERR,ERR,ERR,ERR,ERR,ERR,ERR,ERR,ERR,ERR,ERR,ERR,ERR,ERR,ERR,ERR,ERR,ERR,ERR,ERR,ERR,ERR,ERR,ERR,ERR,ERR,ERR,ERR,ERR,ERR,ERR,ERR,ERR,ERR,ERR,ERR,ERR,ERR,ERR,ERR,ERR,ERR,ERR,ERR,ERR,ERR,ERR,ERR,ERR,ERR,ERR,ERR,ERR,ERR,ERR,ERR,ERR,0.0,-107615328.0,0.0,0.0,0.0,1.3936040501711995e+18,7.805,0.0,0,0,4,0,7300,-0.0,0,0.0,0.0,0.0,0.0,0.0,0,0,0,0,0.0,0,0,0,0,0,0,0,0,0,0,0,0,0,0,0,0,0,0,0,0,0,0,0,0,0,0,0,0,0,0,0,0,0,32,30,30,62,65476,0,300,0,0,8,21553,0.0,-107605600.0,0.0,0.0,0.0,0.0,0.0,0.0,0.0,0.0,0.0,0.0,0.0,0.0,0.0,0.0,0.0,0.0,0.0,0.0,0.0,0.0,2.004,-2.004,-0.0,-2.004,0.0,0.0,0.0,0.0,5434.0,0.0,6945.0,0.0,-107615328.0,-107615280.0,-0.0,0.0,0.0,0.0,0.0,63,0.0,1.905688671546245e+17,0.0,0.0,0.0,0.0,0.0,0.0,0.0,0,0,0,0.0,0.0,0.0,0.0,0.0,0.0,0.0,0.0,0.0,0.0,0.0,0.0,0.0,0.0,0.0,0.0,0,-107875648.0,63,0.0,126,2.7184242562605685e+23,-0.0,ERR,ERR,ERR,ERR,ERR,ERR,ERR,ERR,ERR,ERR,ERR,ERR,ERR,ERR,ERR,ERR,ERR,ERR,ERR,ERR,ERR,ERR,ERR,ERR,ERR,ERR,ERR,ERR,ERR,ERR,ERR,ERR,ERR,ERR,ERR,ERR,ERR,ERR,ERR,ERR,ERR,ERR,ERR,ERR,ERR,ERR,ERR,ERR,ERR,ERR,ERR,ERR,ERR,ERR,ERR,ERR,ERR,ERR,ERR,ERR,ERR,ERR,ERR,ERR,ERR,ERR,ERR,34.0,80.0,35,0.0,0.0,0.0,0.0,0.0,0.0,0.0,0.0,0.0,0.0,0.0,0.0,0.0,0.0,0.0,0.0,64.8,0,116,56,50,65476,0,300,0,0,8,20529,65476,0,0,57672,80.0,0.0,0.0,0.0,0.0,0.0
2026-06-17T04:33:12,ERR,ERR,ERR,ERR,ERR,ERR,ERR,ERR,ERR,ERR,ERR,ERR,ERR,ERR,ERR,ERR,ERR,ERR,ERR,ERR,ERR,ERR,ERR,ERR,ERR,ERR,ERR,ERR,ERR,ERR,ERR,ERR,ERR,ERR,ERR,ERR,ERR,ERR,ERR,ERR,ERR,ERR,ERR,ERR,ERR,ERR,ERR,ERR,ERR,ERR,ERR,ERR,ERR,ERR,ERR,ERR,ERR,ERR,ERR,ERR,ERR,ERR,ERR,ERR,ERR,ERR,ERR,ERR,ERR,ERR,ERR,ERR,ERR,ERR,ERR,ERR,ERR,ERR,ERR,ERR,ERR,ERR,ERR,ERR,ERR,ERR,ERR,ERR,ERR,ERR,ERR,ERR,ERR,ERR,ERR,ERR,ERR,ERR,ERR,ERR,ERR,ERR,ERR,ERR,ERR,ERR,ERR,ERR,ERR,ERR,ERR,ERR,ERR,ERR,ERR,ERR,ERR,ERR,ERR,ERR,ERR,ERR,ERR,ERR,ERR,0.0,-107615328.0,0.0,0.0,0.0,1.3936040501711995e+18,7.805,0.0,0,0,4,0,7300,-0.0,0,0.0,0.0,0.0,0.0,0.0,0,0,0,0,0.0,0,0,0,0,0,0,0,0,0,0,0,0,0,0,0,0,0,0,0,0,0,0,0,0,0,0,0,0,0,0,0,0,0,32,30,30,62,65476,0,300,0,0,8,21553,0.0,-107605600.0,0.0,0.0,0.0,0.0,0.0,0.0,0.0,0.0,0.0,0.0,0.0,0.0,0.0,0.0,0.0,0.0,0.0,0.0,0.0,0.0,2.004,-2.004,-0.0,-2.004,0.0,0.0,0.0,0.0,5434.0,0.0,6945.0,0.0,-107615328.0,-107615280.0,-0.0,0.0,0.0,0.0,0.0,63,0.0,1.905688671546245e+17,0.0,0.0,0.0,0.0,0.0,0.0,0.0,0,0,0,0.0,0.0,0.0,0.0,0.0,0.0,0.0,0.0,0.0,0.0,0.0,0.0,0.0,0.0,0.0,0.0,0,-107875648.0,63,0.0,126,2.7184242562605685e+23,-0.0,ERR,ERR,ERR,ERR,ERR,ERR,ERR,ERR,ERR,ERR,ERR,ERR,ERR,ERR,ERR,ERR,ERR,ERR,ERR,ERR,ERR,ERR,ERR,ERR,ERR,ERR,ERR,ERR,ERR,ERR,ERR,ERR,ERR,ERR,ERR,ERR,ERR,ERR,ERR,ERR,ERR,ERR,ERR,ERR,ERR,ERR,ERR,ERR,ERR,ERR,ERR,ERR,ERR,ERR,ERR,ERR,ERR,ERR,ERR,ERR,ERR,ERR,ERR,ERR,ERR,ERR,ERR,34.0,80.0,35,0.0,0.0,0.0,0.0,0.0,0.0,0.0,0.0,0.0,0.0,0.0,0.0,0.0,0.0,0.0,0.0,64.8,0,116,56,50,65476,0,300,0,0,8,20529,65476,0,0,57672,80.0,0.0,0.0,0.0,0.0,0.0
2026-06-17T04:33:13,ERR,ERR,ERR,ERR,ERR,ERR,ERR,ERR,ERR,ERR,ERR,ERR,ERR,ERR,ERR,ERR,ERR,ERR,ERR,ERR,ERR,ERR,ERR,ERR,ERR,ERR,ERR,ERR,ERR,ERR,ERR,ERR,ERR,ERR,ERR,ERR,ERR,ERR,ERR,ERR,ERR,ERR,ERR,ERR,ERR,ERR,ERR,ERR,ERR,ERR,ERR,ERR,ERR,ERR,ERR,ERR,ERR,ERR,ERR,ERR,ERR,ERR,ERR,ERR,ERR,ERR,ERR,ERR,ERR,ERR,ERR,ERR,ERR,ERR,ERR,ERR,ERR,ERR,ERR,ERR,ERR,ERR,ERR,ERR,ERR,ERR,ERR,ERR,ERR,ERR,ERR,ERR,ERR,ERR,ERR,ERR,ERR,ERR,ERR,ERR,ERR,ERR,ERR,ERR,ERR,ERR,ERR,ERR,ERR,ERR,ERR,ERR,ERR,ERR,ERR,ERR,ERR,ERR,ERR,ERR,ERR,ERR,ERR,ERR,ERR,0.0,-107615328.0,0.0,0.0,0.0,1.3936040501711995e+18,7.805,0.0,0,0,4,0,7300,-0.0,0,0.0,0.0,0.0,0.0,0.0,0,0,0,0,0.0,0,0,0,0,0,0,0,0,0,0,0,0,0,0,0,0,0,0,0,0,0,0,0,0,0,0,0,0,0,0,0,0,0,32,30,30,62,65476,0,300,0,0,8,21553,0.0,-107605600.0,0.0,0.0,0.0,0.0,0.0,0.0,0.0,0.0,0.0,0.0,0.0,0.0,0.0,0.0,0.0,0.0,0.0,0.0,0.0,0.0,2.004,-2.004,-0.0,-2.004,0.0,0.0,0.0,0.0,5434.0,0.0,6945.0,0.0,-107615328.0,-107615280.0,-0.0,0.0,0.0,0.0,0.0,63,0.0,1.905688671546245e+17,0.0,0.0,0.0,0.0,0.0,0.0,0.0,0,0,0,0.0,0.0,0.0,0.0,0.0,0.0,0.0,0.0,0.0,0.0,0.0,0.0,0.0,0.0,0.0,0.0,0,-107875648.0,63,0.0,126,2.7184242562605685e+23,-0.0,ERR,ERR,ERR,ERR,ERR,ERR,ERR,ERR,ERR,ERR,ERR,ERR,ERR,ERR,ERR,ERR,ERR,ERR,ERR,ERR,ERR,ERR,ERR,ERR,ERR,ERR,ERR,ERR,ERR,ERR,ERR,ERR,ERR,ERR,ERR,ERR,ERR,ERR,ERR,ERR,ERR,ERR,ERR,ERR,ERR,ERR,ERR,ERR,ERR,ERR,ERR,ERR,ERR,ERR,ERR,ERR,ERR,ERR,ERR,ERR,ERR,ERR,ERR,ERR,ERR,ERR,ERR,34.0,80.0,35,0.0,0.0,0.0,0.0,0.0,0.0,0.0,0.0,0.0,0.0,0.0,0.0,0.0,0.0,0.0,0.0,64.8,0,116,56,50,65476,0,300,0,0,8,20529,65476,0,0,57672,80.0,0.0,0.0,0.0,0.0,0.0
2026-06-17T04:33:14,ERR,ERR,ERR,ERR,ERR,ERR,ERR,ERR,ERR,ERR,ERR,ERR,ERR,ERR,ERR,ERR,ERR,ERR,ERR,ERR,ERR,ERR,ERR,ERR,ERR,ERR,ERR,ERR,ERR,ERR,ERR,ERR,ERR,ERR,ERR,ERR,ERR,ERR,ERR,ERR,ERR,ERR,ERR,ERR,ERR,ERR,ERR,ERR,ERR,ERR,ERR,ERR,ERR,ERR,ERR,ERR,ERR,ERR,ERR,ERR,ERR,ERR,ERR,ERR,ERR,ERR,ERR,ERR,ERR,ERR,ERR,ERR,ERR,ERR,ERR,ERR,ERR,ERR,ERR,ERR,ERR,ERR,ERR,ERR,ERR,ERR,ERR,ERR,ERR,ERR,ERR,ERR,ERR,ERR,ERR,ERR,ERR,ERR,ERR,ERR,ERR,ERR,ERR,ERR,ERR,ERR,ERR,ERR,ERR,ERR,ERR,ERR,ERR,ERR,ERR,ERR,ERR,ERR,ERR,ERR,ERR,ERR,ERR,ERR,ERR,0.0,-107615328.0,0.0,0.0,0.0,1.3936040501711995e+18,7.805,0.0,0,0,4,0,7300,-0.0,0,0.0,0.0,0.0,0.0,0.0,0,0,0,0,0.0,0,0,0,0,0,0,0,0,0,0,0,0,0,0,0,0,0,0,0,0,0,0,0,0,0,0,0,0,0,0,0,0,0,32,30,30,62,65476,0,300,0,0,8,21553,0.0,-107605600.0,0.0,0.0,0.0,0.0,0.0,0.0,0.0,0.0,0.0,0.0,0.0,0.0,0.0,0.0,0.0,0.0,0.0,0.0,0.0,0.0,2.004,-2.004,-0.0,-2.004,0.0,0.0,0.0,0.0,5434.0,0.0,6945.0,0.0,-107615328.0,-107615280.0,-0.0,0.0,0.0,0.0,0.0,63,0.0,1.905688671546245e+17,0.0,0.0,0.0,0.0,0.0,0.0,0.0,0,0,0,0.0,0.0,0.0,0.0,0.0,0.0,0.0,0.0,0.0,0.0,0.0,0.0,0.0,0.0,0.0,0.0,0,-107875648.0,63,0.0,126,2.7184242562605685e+23,-0.0,ERR,ERR,ERR,ERR,ERR,ERR,ERR,ERR,ERR,ERR,ERR,ERR,ERR,ERR,ERR,ERR,ERR,ERR,ERR,ERR,ERR,ERR,ERR,ERR,ERR,ERR,ERR,ERR,ERR,ERR,ERR,ERR,ERR,ERR,ERR,ERR,ERR,ERR,ERR,ERR,ERR,ERR,ERR,ERR,ERR,ERR,ERR,ERR,ERR,ERR,ERR,ERR,ERR,ERR,ERR,ERR,ERR,ERR,ERR,ERR,ERR,ERR,ERR,ERR,ERR,ERR,ERR,34.0,80.0,35,0.0,0.0,0.0,0.0,0.0,0.0,0.0,0.0,0.0,0.0,0.0,0.0,0.0,0.0,0.0,0.0,64.8,0,116,56,50,65476,0,300,0,0,8,20529,65476,0,0,57672,80.0,0.0,0.0,0.0,0.0,0.0
2026-06-17T04:33:15,ERR,ERR,ERR,ERR,ERR,ERR,ERR,ERR,ERR,ERR,ERR,ERR,ERR,ERR,ERR,ERR,ERR,ERR,ERR,ERR,ERR,ERR,ERR,ERR,ERR,ERR,ERR,ERR,ERR,ERR,ERR,ERR,ERR,ERR,ERR,ERR,ERR,ERR,ERR,ERR,ERR,ERR,ERR,ERR,ERR,ERR,ERR,ERR,ERR,ERR,ERR,ERR,ERR,ERR,ERR,ERR,ERR,ERR,ERR,ERR,ERR,ERR,ERR,ERR,ERR,ERR,ERR,ERR,ERR,ERR,ERR,ERR,ERR,ERR,ERR,ERR,ERR,ERR,ERR,ERR,ERR,ERR,ERR,ERR,ERR,ERR,ERR,ERR,ERR,ERR,ERR,ERR,ERR,ERR,ERR,ERR,ERR,ERR,ERR,ERR,ERR,ERR,ERR,ERR,ERR,ERR,ERR,ERR,ERR,ERR,ERR,ERR,ERR,ERR,ERR,ERR,ERR,ERR,ERR,ERR,ERR,ERR,ERR,ERR,ERR,0.0,-107615328.0,0.0,0.0,0.0,1.3936040501711995e+18,7.805,0.0,0,0,4,0,7300,-0.0,0,0.0,0.0,0.0,0.0,0.0,0,0,0,0,0.0,0,0,0,0,0,0,0,0,0,0,0,0,0,0,0,0,0,0,0,0,0,0,0,0,0,0,0,0,0,0,0,0,0,32,30,30,62,65476,0,300,0,0,8,21553,0.0,-107605600.0,0.0,0.0,0.0,0.0,0.0,0.0,0.0,0.0,0.0,0.0,0.0,0.0,0.0,0.0,0.0,0.0,0.0,0.0,0.0,0.0,2.004,-2.004,-0.0,-2.004,0.0,0.0,0.0,0.0,5434.0,0.0,6945.0,0.0,-107615328.0,-107615280.0,-0.0,0.0,0.0,0.0,0.0,63,0.0,1.905688671546245e+17,0.0,0.0,0.0,0.0,0.0,0.0,0.0,0,0,0,0.0,0.0,0.0,0.0,0.0,0.0,0.0,0.0,0.0,0.0,0.0,0.0,0.0,0.0,0.0,0.0,0,-107875648.0,63,0.0,126,2.7184242562605685e+23,-0.0,ERR,ERR,ERR,ERR,ERR,ERR,ERR,ERR,ERR,ERR,ERR,ERR,ERR,ERR,ERR,ERR,ERR,ERR,ERR,ERR,ERR,ERR,ERR,ERR,ERR,ERR,ERR,ERR,ERR,ERR,ERR,ERR,ERR,ERR,ERR,ERR,ERR,ERR,ERR,ERR,ERR,ERR,ERR,ERR,ERR,ERR,ERR,ERR,ERR,ERR,ERR,ERR,ERR,ERR,ERR,ERR,ERR,ERR,ERR,ERR,ERR,ERR,ERR,ERR,ERR,ERR,ERR,34.0,80.0,35,0.0,0.0,0.0,0.0,0.0,0.0,0.0,0.0,0.0,0.0,0.0,0.0,0.0,0.0,0.0,0.0,64.4,0,116,56,50,65476,0,300,0,0,8,20529,65476,0,0,57672,80.0,0.0,0.0,0.0,0.0,0.0
2026-06-17T04:33:16,ERR,ERR,ERR,ERR,ERR,ERR,ERR,ERR,ERR,ERR,ERR,ERR,ERR,ERR,ERR,ERR,ERR,ERR,ERR,ERR,ERR,ERR,ERR,ERR,ERR,ERR,ERR,ERR,ERR,ERR,ERR,ERR,ERR,ERR,ERR,ERR,ERR,ERR,ERR,ERR,ERR,ERR,ERR,ERR,ERR,ERR,ERR,ERR,ERR,ERR,ERR,ERR,ERR,ERR,ERR,ERR,ERR,ERR,ERR,ERR,ERR,ERR,ERR,ERR,ERR,ERR,ERR,ERR,ERR,ERR,ERR,ERR,ERR,ERR,ERR,ERR,ERR,ERR,ERR,ERR,ERR,ERR,ERR,ERR,ERR,ERR,ERR,ERR,ERR,ERR,ERR,ERR,ERR,ERR,ERR,ERR,ERR,ERR,ERR,ERR,ERR,ERR,ERR,ERR,ERR,ERR,ERR,ERR,ERR,ERR,ERR,ERR,ERR,ERR,ERR,ERR,ERR,ERR,ERR,ERR,ERR,ERR,ERR,ERR,ERR,0.0,-0.0,3.028208139652935e+23,0.0,0.0,1.3936040501711995e+18,7.805,0.0,0,0,4,0,7300,-0.0,0,0.0,0.0,0.0,0.0,0.0,0,0,0,0,0.0,0,0,0,0,0,0,0,0,0,0,0,0,0,0,0,0,0,0,0,0,0,0,0,0,0,0,0,0,0,0,0,0,0,32,30,30,62,65476,0,300,0,0,8,21553,0.0,-107605600.0,0.0,0.0,0.0,0.0,0.0,0.0,0.0,0.0,0.0,0.0,0.0,0.0,0.0,0.0,0.0,0.0,0.0,0.0,0.0,0.0,2.004,0.0,-0.0,-2.004,0.0,0.0,0.0,0.0,5404.0,-564146638684160.0,6971.0,0.0,-107615328.0,-107615280.0,-0.0,0.0,0.0,0.0,0.0,63,0.0,126840668160.0,0.0,0.0,0.0,0.0,0.0,0.0,0.0,0,0,0,0.0,0.0,0.0,0.0,0.0,0.0,0.0,0.0,0.0,0.0,0.0,0.0,0.0,0.0,0.0,0.0,0,-107875648.0,63,0.0,126,2.7184242562605685e+23,-0.0,ERR,ERR,ERR,ERR,ERR,ERR,ERR,ERR,ERR,ERR,ERR,ERR,ERR,ERR,ERR,ERR,ERR,ERR,ERR,ERR,ERR,ERR,ERR,ERR,ERR,ERR,ERR,ERR,ERR,ERR,ERR,ERR,ERR,ERR,ERR,ERR,ERR,ERR,ERR,ERR,ERR,ERR,ERR,ERR,ERR,ERR,ERR,ERR,ERR,ERR,ERR,ERR,ERR,ERR,ERR,ERR,ERR,ERR,ERR,ERR,ERR,ERR,ERR,ERR,ERR,ERR,ERR,34.0,80.0,35,0.0,0.0,0.0,0.0,0.0,0.0,0.0,0.0,0.0,0.0,0.0,0.0,0.0,0.0,0.0,0.0,64.4,0,116,56,50,65476,0,300,0,0,8,20529,65476,0,0,57672,80.0,0.0,0.0,0.0,0.0,0.0
2026-06-17T04:33:17,ERR,ERR,ERR,ERR,ERR,ERR,ERR,ERR,ERR,ERR,ERR,ERR,ERR,ERR,ERR,ERR,ERR,ERR,ERR,ERR,ERR,ERR,ERR,ERR,ERR,ERR,ERR,ERR,ERR,ERR,ERR,ERR,ERR,ERR,ERR,ERR,ERR,ERR,ERR,ERR,ERR,ERR,ERR,ERR,ERR,ERR,ERR,ERR,ERR,ERR,ERR,ERR,ERR,ERR,ERR,ERR,ERR,ERR,ERR,ERR,ERR,ERR,ERR,ERR,ERR,ERR,ERR,ERR,ERR,ERR,ERR,ERR,ERR,ERR,ERR,ERR,ERR,ERR,ERR,ERR,ERR,ERR,ERR,ERR,ERR,ERR,ERR,ERR,ERR,ERR,ERR,ERR,ERR,ERR,ERR,ERR,ERR,ERR,ERR,ERR,ERR,ERR,ERR,ERR,ERR,ERR,ERR,ERR,ERR,ERR,ERR,ERR,ERR,ERR,ERR,ERR,ERR,ERR,ERR,ERR,ERR,ERR,ERR,ERR,ERR,0.0,-0.0,3.028208139652935e+23,0.0,0.0,1.3936040501711995e+18,7.805,0.0,0,0,4,0,7300,-0.0,0,0.0,0.0,0.0,0.0,0.0,0,0,0,0,0.0,0,0,0,0,0,0,0,0,0,0,0,0,0,0,0,0,0,0,0,0,0,0,0,0,0,0,0,0,0,0,0,0,0,32,30,30,62,65476,0,300,0,0,8,21553,0.0,-107605600.0,0.0,0.0,0.0,0.0,0.0,0.0,0.0,0.0,0.0,0.0,0.0,0.0,0.0,0.0,0.0,0.0,0.0,0.0,0.0,0.0,2.004,0.0,-0.0,-2.004,0.0,0.0,0.0,0.0,5404.0,-564146638684160.0,6971.0,0.0,-107615328.0,-107615280.0,-0.0,0.0,0.0,0.0,0.0,63,0.0,126840668160.0,0.0,0.0,0.0,0.0,0.0,0.0,0.0,0,0,0,0.0,0.0,0.0,0.0,0.0,0.0,0.0,0.0,0.0,0.0,0.0,0.0,0.0,0.0,0.0,0.0,0,-107875648.0,63,0.0,126,2.7184242562605685e+23,-0.0,ERR,ERR,ERR,ERR,ERR,ERR,ERR,ERR,ERR,ERR,ERR,ERR,ERR,ERR,ERR,ERR,ERR,ERR,ERR,ERR,ERR,ERR,ERR,ERR,ERR,ERR,ERR,ERR,ERR,ERR,ERR,ERR,ERR,ERR,ERR,ERR,ERR,ERR,ERR,ERR,ERR,ERR,ERR,ERR,ERR,ERR,ERR,ERR,ERR,ERR,ERR,ERR,ERR,ERR,ERR,ERR,ERR,ERR,ERR,ERR,ERR,ERR,ERR,ERR,ERR,ERR,ERR,34.0,80.0,35,0.0,0.0,0.0,0.0,0.0,0.0,0.0,0.0,0.0,0.0,0.0,0.0,0.0,0.0,0.0,0.0,64.4,0,116,56,50,65476,0,300,0,0,8,20529,65476,0,0,57672,80.0,0.0,0.0,0.0,0.0,0.0
2026-06-17T04:33:18,ERR,ERR,ERR,ERR,ERR,ERR,ERR,ERR,ERR,ERR,ERR,ERR,ERR,ERR,ERR,ERR,ERR,ERR,ERR,ERR,ERR,ERR,ERR,ERR,ERR,ERR,ERR,ERR,ERR,ERR,ERR,ERR,ERR,ERR,ERR,ERR,ERR,ERR,ERR,ERR,ERR,ERR,ERR,ERR,ERR,ERR,ERR,ERR,ERR,ERR,ERR,ERR,ERR,ERR,ERR,ERR,ERR,ERR,ERR,ERR,ERR,ERR,ERR,ERR,ERR,ERR,ERR,ERR,ERR,ERR,ERR,ERR,ERR,ERR,ERR,ERR,ERR,ERR,ERR,ERR,ERR,ERR,ERR,ERR,ERR,ERR,ERR,ERR,ERR,ERR,ERR,ERR,ERR,ERR,ERR,ERR,ERR,ERR,ERR,ERR,ERR,ERR,ERR,ERR,ERR,ERR,ERR,ERR,ERR,ERR,ERR,ERR,ERR,ERR,ERR,ERR,ERR,ERR,ERR,ERR,ERR,ERR,ERR,ERR,ERR,0.0,-0.0,3.028208139652935e+23,0.0,0.0,1.3936040501711995e+18,7.805,0.0,0,0,4,0,7300,-0.0,0,0.0,0.0,0.0,0.0,0.0,0,0,0,0,0.0,0,0,0,0,0,0,0,0,0,0,0,0,0,0,0,0,0,0,0,0,0,0,0,0,0,0,0,0,0,0,0,0,0,32,30,30,62,65476,0,300,0,0,8,21553,0.0,-107605600.0,0.0,0.0,0.0,0.0,0.0,0.0,0.0,0.0,0.0,0.0,0.0,0.0,0.0,0.0,0.0,0.0,0.0,0.0,0.0,0.0,2.004,0.0,-0.0,-2.004,0.0,0.0,0.0,0.0,5404.0,-564146638684160.0,6971.0,0.0,-107615328.0,-107615280.0,-0.0,0.0,0.0,0.0,0.0,63,0.0,126840668160.0,0.0,0.0,0.0,0.0,0.0,0.0,0.0,0,0,0,0.0,0.0,0.0,0.0,0.0,0.0,0.0,0.0,0.0,0.0,0.0,0.0,0.0,0.0,0.0,0.0,0,-107875648.0,63,0.0,126,2.7184242562605685e+23,-0.0,ERR,ERR,ERR,ERR,ERR,ERR,ERR,ERR,ERR,ERR,ERR,ERR,ERR,ERR,ERR,ERR,ERR,ERR,ERR,ERR,ERR,ERR,ERR,ERR,ERR,ERR,ERR,ERR,ERR,ERR,ERR,ERR,ERR,ERR,ERR,ERR,ERR,ERR,ERR,ERR,ERR,ERR,ERR,ERR,ERR,ERR,ERR,ERR,ERR,ERR,ERR,ERR,ERR,ERR,ERR,ERR,ERR,ERR,ERR,ERR,ERR,ERR,ERR,ERR,ERR,ERR,ERR,34.0,80.0,35,0.0,0.0,0.0,0.0,0.0,0.0,0.0,0.0,0.0,0.0,0.0,0.0,0.0,0.0,0.0,0.0,64.4,0,116,56,50,65476,0,300,0,0,8,20529,65476,0,0,57672,80.0,0.0,0.0,0.0,0.0,0.0
2026-06-17T04:33:19,ERR,ERR,ERR,ERR,ERR,ERR,ERR,ERR,ERR,ERR,ERR,ERR,ERR,ERR,ERR,ERR,ERR,ERR,ERR,ERR,ERR,ERR,ERR,ERR,ERR,ERR,ERR,ERR,ERR,ERR,ERR,ERR,ERR,ERR,ERR,ERR,ERR,ERR,ERR,ERR,ERR,ERR,ERR,ERR,ERR,ERR,ERR,ERR,ERR,ERR,ERR,ERR,ERR,ERR,ERR,ERR,ERR,ERR,ERR,ERR,ERR,ERR,ERR,ERR,ERR,ERR,ERR,ERR,ERR,ERR,ERR,ERR,ERR,ERR,ERR,ERR,ERR,ERR,ERR,ERR,ERR,ERR,ERR,ERR,ERR,ERR,ERR,ERR,ERR,ERR,ERR,ERR,ERR,ERR,ERR,ERR,ERR,ERR,ERR,ERR,ERR,ERR,ERR,ERR,ERR,ERR,ERR,ERR,ERR,ERR,ERR,ERR,ERR,ERR,ERR,ERR,ERR,ERR,ERR,ERR,ERR,ERR,ERR,ERR,ERR,0.0,-0.0,3.028208139652935e+23,0.0,0.0,1.3936040501711995e+18,7.805,0.0,0,0,4,0,7300,-0.0,0,0.0,0.0,0.0,0.0,0.0,0,0,0,0,0.0,0,0,0,0,0,0,0,0,0,0,0,0,0,0,0,0,0,0,0,0,0,0,0,0,0,0,0,0,0,0,0,0,0,32,30,30,62,65476,0,300,0,0,8,21553,0.0,-107605600.0,0.0,0.0,0.0,0.0,0.0,0.0,0.0,0.0,0.0,0.0,0.0,0.0,0.0,0.0,0.0,0.0,0.0,0.0,0.0,0.0,2.004,0.0,-0.0,-2.004,0.0,0.0,0.0,0.0,5404.0,-564146638684160.0,6971.0,0.0,-107615328.0,-107615280.0,-0.0,0.0,0.0,0.0,0.0,63,0.0,126840668160.0,0.0,0.0,0.0,0.0,0.0,0.0,0.0,0,0,0,0.0,0.0,0.0,0.0,0.0,0.0,0.0,0.0,0.0,0.0,0.0,0.0,0.0,0.0,0.0,0.0,0,-107875648.0,63,0.0,126,2.7184242562605685e+23,-0.0,ERR,ERR,ERR,ERR,ERR,ERR,ERR,ERR,ERR,ERR,ERR,ERR,ERR,ERR,ERR,ERR,ERR,ERR,ERR,ERR,ERR,ERR,ERR,ERR,ERR,ERR,ERR,ERR,ERR,ERR,ERR,ERR,ERR,ERR,ERR,ERR,ERR,ERR,ERR,ERR,ERR,ERR,ERR,ERR,ERR,ERR,ERR,ERR,ERR,ERR,ERR,ERR,ERR,ERR,ERR,ERR,ERR,ERR,ERR,ERR,ERR,ERR,ERR,ERR,ERR,ERR,ERR,34.0,80.0,35,0.0,0.0,0.0,0.0,0.0,0.0,0.0,0.0,0.0,0.0,0.0,0.0,0.0,0.0,0.0,0.0,64.8,0,116,56,50,65476,0,300,0,0,8,20529,65476,0,0,57672,80.0,0.0,0.0,0.0,0.0,0.0
2026-06-17T04:33:20,ERR,ERR,ERR,ERR,ERR,ERR,ERR,ERR,ERR,ERR,ERR,ERR,ERR,ERR,ERR,ERR,ERR,ERR,ERR,ERR,ERR,ERR,ERR,ERR,ERR,ERR,ERR,ERR,ERR,ERR,ERR,ERR,ERR,ERR,ERR,ERR,ERR,ERR,ERR,ERR,ERR,ERR,ERR,ERR,ERR,ERR,ERR,ERR,ERR,ERR,ERR,ERR,ERR,ERR,ERR,ERR,ERR,ERR,ERR,ERR,ERR,ERR,ERR,ERR,ERR,ERR,ERR,ERR,ERR,ERR,ERR,ERR,ERR,ERR,ERR,ERR,ERR,ERR,ERR,ERR,ERR,ERR,ERR,ERR,ERR,ERR,ERR,ERR,ERR,ERR,ERR,ERR,ERR,ERR,ERR,ERR,ERR,ERR,ERR,ERR,ERR,ERR,ERR,ERR,ERR,ERR,ERR,ERR,ERR,ERR,ERR,ERR,ERR,ERR,ERR,ERR,ERR,ERR,ERR,ERR,ERR,ERR,ERR,ERR,ERR,0.0,-0.0,3.028208139652935e+23,0.0,0.0,1.3936040501711995e+18,7.805,0.0,0,0,4,0,7300,-0.0,0,0.0,0.0,0.0,0.0,0.0,0,0,0,0,0.0,0,0,0,0,0,0,0,0,0,0,0,0,0,0,0,0,0,0,0,0,0,0,0,0,0,0,0,0,0,0,0,0,0,32,30,30,62,65476,0,300,0,0,8,21553,0.0,-107605600.0,0.0,0.0,0.0,0.0,0.0,0.0,0.0,0.0,0.0,0.0,0.0,0.0,0.0,0.0,0.0,0.0,0.0,0.0,0.0,0.0,2.004,0.0,-0.0,-2.004,0.0,0.0,0.0,0.0,5404.0,-564146638684160.0,6971.0,0.0,-107615328.0,-107615280.0,-0.0,0.0,0.0,0.0,0.0,63,0.0,126840668160.0,0.0,0.0,0.0,0.0,0.0,0.0,0.0,0,0,0,0.0,0.0,0.0,0.0,0.0,0.0,0.0,0.0,0.0,0.0,0.0,0.0,0.0,0.0,0.0,0.0,0,-107875648.0,63,0.0,126,2.7184242562605685e+23,-0.0,ERR,ERR,ERR,ERR,ERR,ERR,ERR,ERR,ERR,ERR,ERR,ERR,ERR,ERR,ERR,ERR,ERR,ERR,ERR,ERR,ERR,ERR,ERR,ERR,ERR,ERR,ERR,ERR,ERR,ERR,ERR,ERR,ERR,ERR,ERR,ERR,ERR,ERR,ERR,ERR,ERR,ERR,ERR,ERR,ERR,ERR,ERR,ERR,ERR,ERR,ERR,ERR,ERR,ERR,ERR,ERR,ERR,ERR,ERR,ERR,ERR,ERR,ERR,ERR,ERR,ERR,ERR,34.0,80.0,35,0.0,0.0,0.0,0.0,0.0,0.0,0.0,0.0,0.0,0.0,0.0,0.0,0.0,0.0,0.0,0.0,64.8,0,116,56,50,65476,0,300,0,0,8,20529,65476,0,0,57672,80.0,0.0,0.0,0.0,0.0,0.0
2026-06-17T04:33:21,ERR,ERR,ERR,ERR,ERR,ERR,ERR,ERR,ERR,ERR,ERR,ERR,ERR,ERR,ERR,ERR,ERR,ERR,ERR,ERR,ERR,ERR,ERR,ERR,ERR,ERR,ERR,ERR,ERR,ERR,ERR,ERR,ERR,ERR,ERR,ERR,ERR,ERR,ERR,ERR,ERR,ERR,ERR,ERR,ERR,ERR,ERR,ERR,ERR,ERR,ERR,ERR,ERR,ERR,ERR,ERR,ERR,ERR,ERR,ERR,ERR,ERR,ERR,ERR,ERR,ERR,ERR,ERR,ERR,ERR,ERR,ERR,ERR,ERR,ERR,ERR,ERR,ERR,ERR,ERR,ERR,ERR,ERR,ERR,ERR,ERR,ERR,ERR,ERR,ERR,ERR,ERR,ERR,ERR,ERR,ERR,ERR,ERR,ERR,ERR,ERR,ERR,ERR,ERR,ERR,ERR,ERR,ERR,ERR,ERR,ERR,ERR,ERR,ERR,ERR,ERR,ERR,ERR,ERR,ERR,ERR,ERR,ERR,ERR,ERR,0.0,-0.0,3.028208139652935e+23,0.0,0.0,1.3936040501711995e+18,7.805,0.0,0,0,4,0,7300,-0.0,0,0.0,0.0,0.0,0.0,0.0,0,0,0,0,0.0,0,0,0,0,0,0,0,0,0,0,0,0,0,0,0,0,0,0,0,0,0,0,0,0,0,0,0,0,0,0,0,0,0,32,30,30,62,65476,0,300,0,0,8,21553,0.0,-107605600.0,0.0,0.0,0.0,0.0,0.0,0.0,0.0,0.0,0.0,0.0,0.0,0.0,0.0,0.0,0.0,0.0,0.0,0.0,0.0,0.0,2.004,-2.004,-0.0,-2.004,0.0,0.0,0.0,0.0,5406.0,-0.0,6965.0,0.0,-0.0,-107615280.0,-0.0,0.0,0.0,0.0,0.0,63,0.0,-2.308830690169617e+20,0.0,0.0,0.0,0.0,0.0,0.0,0.0,0,0,0,0.0,0.0,0.0,0.0,0.0,0.0,0.0,0.0,0.0,0.0,0.0,0.0,0.0,0.0,0.0,0.0,0,-107875648.0,63,0.0,126,2.7184242562605685e+23,-0.0,ERR,ERR,ERR,ERR,ERR,ERR,ERR,ERR,ERR,ERR,ERR,ERR,ERR,ERR,ERR,ERR,ERR,ERR,ERR,ERR,ERR,ERR,ERR,ERR,ERR,ERR,ERR,ERR,ERR,ERR,ERR,ERR,ERR,ERR,ERR,ERR,ERR,ERR,ERR,ERR,ERR,ERR,ERR,ERR,ERR,ERR,ERR,ERR,ERR,ERR,ERR,ERR,ERR,ERR,ERR,ERR,ERR,ERR,ERR,ERR,ERR,ERR,ERR,ERR,ERR,ERR,ERR,34.0,80.0,35,0.0,0.0,0.0,0.0,0.0,0.0,0.0,0.0,0.0,0.0,0.0,0.0,0.0,0.0,0.0,0.0,64.8,0,116,56,50,65476,0,300,0,0,8,20529,65476,0,0,57672,80.0,0.0,0.0,0.0,0.0,0.0
2026-06-17T04:33:22,ERR,ERR,ERR,ERR,ERR,ERR,ERR,ERR,ERR,ERR,ERR,ERR,ERR,ERR,ERR,ERR,ERR,ERR,ERR,ERR,ERR,ERR,ERR,ERR,ERR,ERR,ERR,ERR,ERR,ERR,ERR,ERR,ERR,ERR,ERR,ERR,ERR,ERR,ERR,ERR,ERR,ERR,ERR,ERR,ERR,ERR,ERR,ERR,ERR,ERR,ERR,ERR,ERR,ERR,ERR,ERR,ERR,ERR,ERR,ERR,ERR,ERR,ERR,ERR,ERR,ERR,ERR,ERR,ERR,ERR,ERR,ERR,ERR,ERR,ERR,ERR,ERR,ERR,ERR,ERR,ERR,ERR,ERR,ERR,ERR,ERR,ERR,ERR,ERR,ERR,ERR,ERR,ERR,ERR,ERR,ERR,ERR,ERR,ERR,ERR,ERR,ERR,ERR,ERR,ERR,ERR,ERR,ERR,ERR,ERR,ERR,ERR,ERR,ERR,ERR,ERR,ERR,ERR,ERR,ERR,ERR,ERR,ERR,ERR,ERR,0.0,-0.0,3.028208139652935e+23,0.0,0.0,1.3936040501711995e+18,7.805,0.0,0,0,4,0,7300,-0.0,0,0.0,0.0,0.0,0.0,0.0,0,0,0,0,0.0,0,0,0,0,0,0,0,0,0,0,0,0,0,0,0,0,0,0,0,0,0,0,0,0,0,0,0,0,0,0,0,0,0,32,30,30,62,65476,0,300,0,0,8,21553,0.0,-107605600.0,0.0,0.0,0.0,0.0,0.0,0.0,0.0,0.0,0.0,0.0,0.0,0.0,0.0,0.0,0.0,0.0,0.0,0.0,0.0,0.0,2.004,-2.004,-0.0,-2.004,0.0,0.0,0.0,0.0,5406.0,-0.0,6965.0,0.0,-0.0,-107615280.0,-0.0,0.0,0.0,0.0,0.0,63,0.0,-2.308830690169617e+20,0.0,0.0,0.0,0.0,0.0,0.0,0.0,0,0,0,0.0,0.0,0.0,0.0,0.0,0.0,0.0,0.0,0.0,0.0,0.0,0.0,0.0,0.0,0.0,0.0,0,-107875648.0,63,0.0,126,2.7184242562605685e+23,-0.0,ERR,ERR,ERR,ERR,ERR,ERR,ERR,ERR,ERR,ERR,ERR,ERR,ERR,ERR,ERR,ERR,ERR,ERR,ERR,ERR,ERR,ERR,ERR,ERR,ERR,ERR,ERR,ERR,ERR,ERR,ERR,ERR,ERR,ERR,ERR,ERR,ERR,ERR,ERR,ERR,ERR,ERR,ERR,ERR,ERR,ERR,ERR,ERR,ERR,ERR,ERR,ERR,ERR,ERR,ERR,ERR,ERR,ERR,ERR,ERR,ERR,ERR,ERR,ERR,ERR,ERR,ERR,34.0,80.0,35,0.0,0.0,0.0,0.0,0.0,0.0,0.0,0.0,0.0,0.0,0.0,0.0,0.0,0.0,0.0,0.0,64.4,0,116,56,50,65476,0,300,0,0,8,20529,65476,0,0,57672,80.0,0.0,0.0,0.0,0.0,0.0
2026-06-17T04:33:23,ERR,ERR,ERR,ERR,ERR,ERR,ERR,ERR,ERR,ERR,ERR,ERR,ERR,ERR,ERR,ERR,ERR,ERR,ERR,ERR,ERR,ERR,ERR,ERR,ERR,ERR,ERR,ERR,ERR,ERR,ERR,ERR,ERR,ERR,ERR,ERR,ERR,ERR,ERR,ERR,ERR,ERR,ERR,ERR,ERR,ERR,ERR,ERR,ERR,ERR,ERR,ERR,ERR,ERR,ERR,ERR,ERR,ERR,ERR,ERR,ERR,ERR,ERR,ERR,ERR,ERR,ERR,ERR,ERR,ERR,ERR,ERR,ERR,ERR,ERR,ERR,ERR,ERR,ERR,ERR,ERR,ERR,ERR,ERR,ERR,ERR,ERR,ERR,ERR,ERR,ERR,ERR,ERR,ERR,ERR,ERR,ERR,ERR,ERR,ERR,ERR,ERR,ERR,ERR,ERR,ERR,ERR,ERR,ERR,ERR,ERR,ERR,ERR,ERR,ERR,ERR,ERR,ERR,ERR,ERR,ERR,ERR,ERR,ERR,ERR,0.0,-0.0,3.028208139652935e+23,0.0,0.0,1.3936040501711995e+18,7.805,0.0,0,0,4,0,7300,-0.0,0,0.0,0.0,0.0,0.0,0.0,0,0,0,0,0.0,0,0,0,0,0,0,0,0,0,0,0,0,0,0,0,0,0,0,0,0,0,0,0,0,0,0,0,0,0,0,0,0,0,32,30,30,62,65476,0,300,0,0,8,21553,0.0,-107605600.0,0.0,0.0,0.0,0.0,0.0,0.0,0.0,0.0,0.0,0.0,0.0,0.0,0.0,0.0,0.0,0.0,0.0,0.0,0.0,0.0,2.004,-2.004,-0.0,-2.004,0.0,0.0,0.0,0.0,5406.0,-0.0,6965.0,0.0,-0.0,-107615280.0,-0.0,0.0,0.0,0.0,0.0,63,0.0,-2.308830690169617e+20,0.0,0.0,0.0,0.0,0.0,0.0,0.0,0,0,0,0.0,0.0,0.0,0.0,0.0,0.0,0.0,0.0,0.0,0.0,0.0,0.0,0.0,0.0,0.0,0.0,0,-107875648.0,63,0.0,126,2.7184242562605685e+23,-0.0,ERR,ERR,ERR,ERR,ERR,ERR,ERR,ERR,ERR,ERR,ERR,ERR,ERR,ERR,ERR,ERR,ERR,ERR,ERR,ERR,ERR,ERR,ERR,ERR,ERR,ERR,ERR,ERR,ERR,ERR,ERR,ERR,ERR,ERR,ERR,ERR,ERR,ERR,ERR,ERR,ERR,ERR,ERR,ERR,ERR,ERR,ERR,ERR,ERR,ERR,ERR,ERR,ERR,ERR,ERR,ERR,ERR,ERR,ERR,ERR,ERR,ERR,ERR,ERR,ERR,ERR,ERR,34.0,80.0,35,0.0,0.0,0.0,0.0,0.0,0.0,0.0,0.0,0.0,0.0,0.0,0.0,0.0,0.0,0.0,0.0,64.4,0,116,56,50,65476,0,300,0,0,8,20529,65476,0,0,57672,80.0,0.0,0.0,0.0,0.0,0.0
2026-06-17T04:33:24,ERR,ERR,ERR,ERR,ERR,ERR,ERR,ERR,ERR,ERR,ERR,ERR,ERR,ERR,ERR,ERR,ERR,ERR,ERR,ERR,ERR,ERR,ERR,ERR,ERR,ERR,ERR,ERR,ERR,ERR,ERR,ERR,ERR,ERR,ERR,ERR,ERR,ERR,ERR,ERR,ERR,ERR,ERR,ERR,ERR,ERR,ERR,ERR,ERR,ERR,ERR,ERR,ERR,ERR,ERR,ERR,ERR,ERR,ERR,ERR,ERR,ERR,ERR,ERR,ERR,ERR,ERR,ERR,ERR,ERR,ERR,ERR,ERR,ERR,ERR,ERR,ERR,ERR,ERR,ERR,ERR,ERR,ERR,ERR,ERR,ERR,ERR,ERR,ERR,ERR,ERR,ERR,ERR,ERR,ERR,ERR,ERR,ERR,ERR,ERR,ERR,ERR,ERR,ERR,ERR,ERR,ERR,ERR,ERR,ERR,ERR,ERR,ERR,ERR,ERR,ERR,ERR,ERR,ERR,ERR,ERR,ERR,ERR,ERR,ERR,0.0,-0.0,3.028208139652935e+23,0.0,0.0,1.3936040501711995e+18,7.805,0.0,0,0,4,0,7300,-0.0,0,0.0,0.0,0.0,0.0,0.0,0,0,0,0,0.0,0,0,0,0,0,0,0,0,0,0,0,0,0,0,0,0,0,0,0,0,0,0,0,0,0,0,0,0,0,0,0,0,0,32,30,30,62,65476,0,300,0,0,8,21553,0.0,-107605600.0,0.0,0.0,0.0,0.0,0.0,0.0,0.0,0.0,0.0,0.0,0.0,0.0,0.0,0.0,0.0,0.0,0.0,0.0,0.0,0.0,2.004,-2.004,-0.0,-2.004,0.0,0.0,0.0,0.0,5406.0,-0.0,6965.0,0.0,-0.0,-107615280.0,-0.0,0.0,0.0,0.0,0.0,63,0.0,-2.308830690169617e+20,0.0,0.0,0.0,0.0,0.0,0.0,0.0,0,0,0,0.0,0.0,0.0,0.0,0.0,0.0,0.0,0.0,0.0,0.0,0.0,0.0,0.0,0.0,0.0,0.0,0,-107875648.0,63,0.0,126,2.7184242562605685e+23,-0.0,ERR,ERR,ERR,ERR,ERR,ERR,ERR,ERR,ERR,ERR,ERR,ERR,ERR,ERR,ERR,ERR,ERR,ERR,ERR,ERR,ERR,ERR,ERR,ERR,ERR,ERR,ERR,ERR,ERR,ERR,ERR,ERR,ERR,ERR,ERR,ERR,ERR,ERR,ERR,ERR,ERR,ERR,ERR,ERR,ERR,ERR,ERR,ERR,ERR,ERR,ERR,ERR,ERR,ERR,ERR,ERR,ERR,ERR,ERR,ERR,ERR,ERR,ERR,ERR,ERR,ERR,ERR,34.0,80.0,35,0.0,0.0,0.0,0.0,0.0,0.0,0.0,0.0,0.0,0.0,0.0,0.0,0.0,0.0,0.0,0.0,64.4,0,116,56,50,65476,0,300,0,0,8,20529,65476,0,0,57672,80.0,0.0,0.0,0.0,0.0,0.0
2026-06-17T04:33:25,ERR,ERR,ERR,ERR,ERR,ERR,ERR,ERR,ERR,ERR,ERR,ERR,ERR,ERR,ERR,ERR,ERR,ERR,ERR,ERR,ERR,ERR,ERR,ERR,ERR,ERR,ERR,ERR,ERR,ERR,ERR,ERR,ERR,ERR,ERR,ERR,ERR,ERR,ERR,ERR,ERR,ERR,ERR,ERR,ERR,ERR,ERR,ERR,ERR,ERR,ERR,ERR,ERR,ERR,ERR,ERR,ERR,ERR,ERR,ERR,ERR,ERR,ERR,ERR,ERR,ERR,ERR,ERR,ERR,ERR,ERR,ERR,ERR,ERR,ERR,ERR,ERR,ERR,ERR,ERR,ERR,ERR,ERR,ERR,ERR,ERR,ERR,ERR,ERR,ERR,ERR,ERR,ERR,ERR,ERR,ERR,ERR,ERR,ERR,ERR,ERR,ERR,ERR,ERR,ERR,ERR,ERR,ERR,ERR,ERR,ERR,ERR,ERR,ERR,ERR,ERR,ERR,ERR,ERR,ERR,ERR,ERR,ERR,ERR,ERR,0.0,-0.0,3.028208139652935e+23,0.0,0.0,1.3936040501711995e+18,7.805,0.0,0,0,4,0,7300,-0.0,0,0.0,0.0,0.0,0.0,0.0,0,0,0,0,0.0,0,0,0,0,0,0,0,0,0,0,0,0,0,0,0,0,0,0,0,0,0,0,0,0,0,0,0,0,0,0,0,0,0,32,30,30,62,65476,0,300,0,0,8,21553,0.0,-107605600.0,0.0,0.0,0.0,0.0,0.0,0.0,0.0,0.0,0.0,0.0,0.0,0.0,0.0,0.0,0.0,0.0,0.0,0.0,0.0,0.0,2.004,-2.004,-0.0,-2.004,0.0,0.0,0.0,0.0,5406.0,-0.0,6965.0,0.0,-0.0,-107615280.0,-0.0,0.0,0.0,0.0,0.0,63,0.0,-2.308830690169617e+20,0.0,0.0,0.0,0.0,0.0,0.0,0.0,0,0,0,0.0,0.0,0.0,0.0,0.0,0.0,0.0,0.0,0.0,0.0,0.0,0.0,0.0,0.0,0.0,0.0,0,-107875648.0,63,0.0,126,2.7184242562605685e+23,-0.0,ERR,ERR,ERR,ERR,ERR,ERR,ERR,ERR,ERR,ERR,ERR,ERR,ERR,ERR,ERR,ERR,ERR,ERR,ERR,ERR,ERR,ERR,ERR,ERR,ERR,ERR,ERR,ERR,ERR,ERR,ERR,ERR,ERR,ERR,ERR,ERR,ERR,ERR,ERR,ERR,ERR,ERR,ERR,ERR,ERR,ERR,ERR,ERR,ERR,ERR,ERR,ERR,ERR,ERR,ERR,ERR,ERR,ERR,ERR,ERR,ERR,ERR,ERR,ERR,ERR,ERR,ERR,34.0,80.0,35,0.0,0.0,0.0,0.0,0.0,0.0,0.0,0.0,0.0,0.0,0.0,0.0,0.0,0.0,0.0,0.0,64.4,0,116,56,50,65476,0,300,0,0,8,20529,65476,0,0,57672,80.0,0.0,0.0,0.0,0.0,0.0
2026-06-17T04:33:26,ERR,ERR,ERR,ERR,ERR,ERR,ERR,ERR,ERR,ERR,ERR,ERR,ERR,ERR,ERR,ERR,ERR,ERR,ERR,ERR,ERR,ERR,ERR,ERR,ERR,ERR,ERR,ERR,ERR,ERR,ERR,ERR,ERR,ERR,ERR,ERR,ERR,ERR,ERR,ERR,ERR,ERR,ERR,ERR,ERR,ERR,ERR,ERR,ERR,ERR,ERR,ERR,ERR,ERR,ERR,ERR,ERR,ERR,ERR,ERR,ERR,ERR,ERR,ERR,ERR,ERR,ERR,ERR,ERR,ERR,ERR,ERR,ERR,ERR,ERR,ERR,ERR,ERR,ERR,ERR,ERR,ERR,ERR,ERR,ERR,ERR,ERR,ERR,ERR,ERR,ERR,ERR,ERR,ERR,ERR,ERR,ERR,ERR,ERR,ERR,ERR,ERR,ERR,ERR,ERR,ERR,ERR,ERR,ERR,ERR,ERR,ERR,ERR,ERR,ERR,ERR,ERR,ERR,ERR,ERR,ERR,ERR,ERR,ERR,ERR,0.0,-0.0,3.028208139652935e+23,0.0,0.0,1.3936040501711995e+18,7.805,0.0,0,0,4,0,7300,-0.0,0,0.0,0.0,0.0,0.0,0.0,0,0,0,0,0.0,0,0,0,0,0,0,0,0,0,0,0,0,0,0,0,0,0,0,0,0,0,0,0,0,0,0,0,0,0,0,0,0,0,32,30,30,62,65476,0,300,0,0,8,21553,0.0,-107605600.0,0.0,0.0,0.0,0.0,0.0,0.0,0.0,0.0,0.0,0.0,0.0,0.0,0.0,0.0,0.0,0.0,0.0,0.0,0.0,0.0,2.004,-2.004,-0.0,-2.004,0.0,0.0,0.0,0.0,5406.0,-0.0,6965.0,0.0,-0.0,-107615280.0,-0.0,0.0,0.0,0.0,0.0,63,0.0,-2.308830690169617e+20,0.0,0.0,0.0,0.0,0.0,0.0,0.0,0,0,0,0.0,0.0,0.0,0.0,0.0,0.0,0.0,0.0,0.0,0.0,0.0,0.0,0.0,0.0,0.0,0.0,0,-107875648.0,63,0.0,126,2.7184242562605685e+23,-0.0,ERR,ERR,ERR,ERR,ERR,ERR,ERR,ERR,ERR,ERR,ERR,ERR,ERR,ERR,ERR,ERR,ERR,ERR,ERR,ERR,ERR,ERR,ERR,ERR,ERR,ERR,ERR,ERR,ERR,ERR,ERR,ERR,ERR,ERR,ERR,ERR,ERR,ERR,ERR,ERR,ERR,ERR,ERR,ERR,ERR,ERR,ERR,ERR,ERR,ERR,ERR,ERR,ERR,ERR,ERR,ERR,ERR,ERR,ERR,ERR,ERR,ERR,ERR,ERR,ERR,ERR,ERR,34.0,80.0,35,0.0,0.0,0.0,0.0,0.0,0.0,0.0,0.0,0.0,0.0,0.0,0.0,0.0,0.0,0.0,0.0,64.4,0,116,56,50,65476,0,300,0,0,8,20529,65476,0,0,57672,80.0,0.0,0.0,0.0,0.0,0.0
2026-06-17T04:33:27,ERR,ERR,ERR,ERR,ERR,ERR,ERR,ERR,ERR,ERR,ERR,ERR,ERR,ERR,ERR,ERR,ERR,ERR,ERR,ERR,ERR,ERR,ERR,ERR,ERR,ERR,ERR,ERR,ERR,ERR,ERR,ERR,ERR,ERR,ERR,ERR,ERR,ERR,ERR,ERR,ERR,ERR,ERR,ERR,ERR,ERR,ERR,ERR,ERR,ERR,ERR,ERR,ERR,ERR,ERR,ERR,ERR,ERR,ERR,ERR,ERR,ERR,ERR,ERR,ERR,ERR,ERR,ERR,ERR,ERR,ERR,ERR,ERR,ERR,ERR,ERR,ERR,ERR,ERR,ERR,ERR,ERR,ERR,ERR,ERR,ERR,ERR,ERR,ERR,ERR,ERR,ERR,ERR,ERR,ERR,ERR,ERR,ERR,ERR,ERR,ERR,ERR,ERR,ERR,ERR,ERR,ERR,ERR,ERR,ERR,ERR,ERR,ERR,ERR,ERR,ERR,ERR,ERR,ERR,ERR,ERR,ERR,ERR,ERR,ERR,0.0,-0.0,3.028208139652935e+23,0.0,0.0,1.3936040501711995e+18,7.805,0.0,0,0,4,0,7300,-0.0,0,0.0,0.0,0.0,0.0,0.0,0,0,0,0,0.0,0,0,0,0,0,0,0,0,0,0,0,0,0,0,0,0,0,0,0,0,0,0,0,0,0,0,0,0,0,0,0,0,0,32,30,30,62,65476,0,300,0,0,8,21553,0.0,-107605600.0,0.0,0.0,0.0,0.0,0.0,0.0,0.0,0.0,0.0,0.0,0.0,0.0,0.0,0.0,0.0,0.0,0.0,0.0,0.0,0.0,2.004,-2.004,-0.0,-2.004,0.0,0.0,0.0,0.0,5406.0,564146638684160.0,6955.0,0.0,-0.0,-107615280.0,-0.0,0.0,0.0,0.0,0.0,63,0.0,5.84806162527158e+35,0.0,0.0,0.0,0.0,0.0,0.0,0.0,0,0,0,0.0,0.0,0.0,0.0,0.0,0.0,0.0,0.0,0.0,0.0,0.0,0.0,0.0,0.0,0.0,0.0,0,-107875648.0,63,0.0,126,2.7184242562605685e+23,-0.0,ERR,ERR,ERR,ERR,ERR,ERR,ERR,ERR,ERR,ERR,ERR,ERR,ERR,ERR,ERR,ERR,ERR,ERR,ERR,ERR,ERR,ERR,ERR,ERR,ERR,ERR,ERR,ERR,ERR,ERR,ERR,ERR,ERR,ERR,ERR,ERR,ERR,ERR,ERR,ERR,ERR,ERR,ERR,ERR,ERR,ERR,ERR,ERR,ERR,ERR,ERR,ERR,ERR,ERR,ERR,ERR,ERR,ERR,ERR,ERR,ERR,ERR,ERR,ERR,ERR,ERR,ERR,34.0,80.0,35,0.0,0.0,0.0,0.0,0.0,0.0,0.0,0.0,0.0,0.0,0.0,0.0,0.0,0.0,0.0,0.0,64.4,0,116,56,50,65476,0,300,0,0,8,20529,65476,0,0,57672,80.0,0.0,0.0,0.0,0.0,0.0
2026-06-17T04:33:28,ERR,ERR,ERR,ERR,ERR,ERR,ERR,ERR,ERR,ERR,ERR,ERR,ERR,ERR,ERR,ERR,ERR,ERR,ERR,ERR,ERR,ERR,ERR,ERR,ERR,ERR,ERR,ERR,ERR,ERR,ERR,ERR,ERR,ERR,ERR,ERR,ERR,ERR,ERR,ERR,ERR,ERR,ERR,ERR,ERR,ERR,ERR,ERR,ERR,ERR,ERR,ERR,ERR,ERR,ERR,ERR,ERR,ERR,ERR,ERR,ERR,ERR,ERR,ERR,ERR,ERR,ERR,ERR,ERR,ERR,ERR,ERR,ERR,ERR,ERR,ERR,ERR,ERR,ERR,ERR,ERR,ERR,ERR,ERR,ERR,ERR,ERR,ERR,ERR,ERR,ERR,ERR,ERR,ERR,ERR,ERR,ERR,ERR,ERR,ERR,ERR,ERR,ERR,ERR,ERR,ERR,ERR,ERR,ERR,ERR,ERR,ERR,ERR,ERR,ERR,ERR,ERR,ERR,ERR,ERR,ERR,ERR,ERR,ERR,ERR,0.0,-0.0,3.028208139652935e+23,0.0,0.0,1.3936040501711995e+18,7.805,0.0,0,0,4,0,7300,-0.0,0,0.0,0.0,0.0,0.0,0.0,0,0,0,0,0.0,0,0,0,0,0,0,0,0,0,0,0,0,0,0,0,0,0,0,0,0,0,0,0,0,0,0,0,0,0,0,0,0,0,32,30,30,62,65476,0,300,0,0,8,21553,0.0,-107605600.0,0.0,0.0,0.0,0.0,0.0,0.0,0.0,0.0,0.0,0.0,0.0,0.0,0.0,0.0,0.0,0.0,0.0,0.0,0.0,0.0,2.004,-2.004,-0.0,-2.004,0.0,0.0,0.0,0.0,5406.0,564146638684160.0,6955.0,0.0,-0.0,-107615280.0,-0.0,0.0,0.0,0.0,0.0,63,0.0,5.84806162527158e+35,0.0,0.0,0.0,0.0,0.0,0.0,0.0,0,0,0,0.0,0.0,0.0,0.0,0.0,0.0,0.0,0.0,0.0,0.0,0.0,0.0,0.0,0.0,0.0,0.0,0,-107875648.0,63,0.0,126,2.7184242562605685e+23,-0.0,ERR,ERR,ERR,ERR,ERR,ERR,ERR,ERR,ERR,ERR,ERR,ERR,ERR,ERR,ERR,ERR,ERR,ERR,ERR,ERR,ERR,ERR,ERR,ERR,ERR,ERR,ERR,ERR,ERR,ERR,ERR,ERR,ERR,ERR,ERR,ERR,ERR,ERR,ERR,ERR,ERR,ERR,ERR,ERR,ERR,ERR,ERR,ERR,ERR,ERR,ERR,ERR,ERR,ERR,ERR,ERR,ERR,ERR,ERR,ERR,ERR,ERR,ERR,ERR,ERR,ERR,ERR,34.0,80.0,35,0.0,0.0,0.0,0.0,0.0,0.0,0.0,0.0,0.0,0.0,0.0,0.0,0.0,0.0,0.0,0.0,64.8,0,116,56,50,65476,0,300,0,0,8,20529,65476,0,0,57672,80.0,0.0,0.0,0.0,0.0,0.0
2026-06-17T04:33:29,ERR,ERR,ERR,ERR,ERR,ERR,ERR,ERR,ERR,ERR,ERR,ERR,ERR,ERR,ERR,ERR,ERR,ERR,ERR,ERR,ERR,ERR,ERR,ERR,ERR,ERR,ERR,ERR,ERR,ERR,ERR,ERR,ERR,ERR,ERR,ERR,ERR,ERR,ERR,ERR,ERR,ERR,ERR,ERR,ERR,ERR,ERR,ERR,ERR,ERR,ERR,ERR,ERR,ERR,ERR,ERR,ERR,ERR,ERR,ERR,ERR,ERR,ERR,ERR,ERR,ERR,ERR,ERR,ERR,ERR,ERR,ERR,ERR,ERR,ERR,ERR,ERR,ERR,ERR,ERR,ERR,ERR,ERR,ERR,ERR,ERR,ERR,ERR,ERR,ERR,ERR,ERR,ERR,ERR,ERR,ERR,ERR,ERR,ERR,ERR,ERR,ERR,ERR,ERR,ERR,ERR,ERR,ERR,ERR,ERR,ERR,ERR,ERR,ERR,ERR,ERR,ERR,ERR,ERR,ERR,ERR,ERR,ERR,ERR,ERR,0.0,-0.0,3.028208139652935e+23,0.0,0.0,1.3936040501711995e+18,7.805,0.0,0,0,4,0,7300,-0.0,0,0.0,0.0,0.0,0.0,0.0,0,0,0,0,0.0,0,0,0,0,0,0,0,0,0,0,0,0,0,0,0,0,0,0,0,0,0,0,0,0,0,0,0,0,0,0,0,0,0,32,30,30,62,65476,0,300,0,0,8,21553,0.0,-107605600.0,0.0,0.0,0.0,0.0,0.0,0.0,0.0,0.0,0.0,0.0,0.0,0.0,0.0,0.0,0.0,0.0,0.0,0.0,0.0,0.0,2.004,-2.004,-0.0,-2.004,0.0,0.0,0.0,0.0,5406.0,564146638684160.0,6955.0,0.0,-0.0,-107615280.0,-0.0,0.0,0.0,0.0,0.0,63,0.0,5.84806162527158e+35,0.0,0.0,0.0,0.0,0.0,0.0,0.0,0,0,0,0.0,0.0,0.0,0.0,0.0,0.0,0.0,0.0,0.0,0.0,0.0,0.0,0.0,0.0,0.0,0.0,0,-107875648.0,63,0.0,126,2.7184242562605685e+23,-0.0,ERR,ERR,ERR,ERR,ERR,ERR,ERR,ERR,ERR,ERR,ERR,ERR,ERR,ERR,ERR,ERR,ERR,ERR,ERR,ERR,ERR,ERR,ERR,ERR,ERR,ERR,ERR,ERR,ERR,ERR,ERR,ERR,ERR,ERR,ERR,ERR,ERR,ERR,ERR,ERR,ERR,ERR,ERR,ERR,ERR,ERR,ERR,ERR,ERR,ERR,ERR,ERR,ERR,ERR,ERR,ERR,ERR,ERR,ERR,ERR,ERR,ERR,ERR,ERR,ERR,ERR,ERR,34.0,80.0,35,0.0,0.0,0.0,0.0,0.0,0.0,0.0,0.0,0.0,0.0,0.0,0.0,0.0,0.0,0.0,0.0,64.4,0,116,56,50,65476,0,300,0,0,8,20529,65476,0,0,57672,80.0,0.0,0.0,0.0,0.0,0.0
2026-06-17T04:33:30,ERR,ERR,ERR,ERR,ERR,ERR,ERR,ERR,ERR,ERR,ERR,ERR,ERR,ERR,ERR,ERR,ERR,ERR,ERR,ERR,ERR,ERR,ERR,ERR,ERR,ERR,ERR,ERR,ERR,ERR,ERR,ERR,ERR,ERR,ERR,ERR,ERR,ERR,ERR,ERR,ERR,ERR,ERR,ERR,ERR,ERR,ERR,ERR,ERR,ERR,ERR,ERR,ERR,ERR,ERR,ERR,ERR,ERR,ERR,ERR,ERR,ERR,ERR,ERR,ERR,ERR,ERR,ERR,ERR,ERR,ERR,ERR,ERR,ERR,ERR,ERR,ERR,ERR,ERR,ERR,ERR,ERR,ERR,ERR,ERR,ERR,ERR,ERR,ERR,ERR,ERR,ERR,ERR,ERR,ERR,ERR,ERR,ERR,ERR,ERR,ERR,ERR,ERR,ERR,ERR,ERR,ERR,ERR,ERR,ERR,ERR,ERR,ERR,ERR,ERR,ERR,ERR,ERR,ERR,ERR,ERR,ERR,ERR,ERR,ERR,0.0,-0.0,3.028208139652935e+23,0.0,0.0,1.3936040501711995e+18,7.805,0.0,0,0,4,0,7300,-0.0,0,0.0,0.0,0.0,0.0,0.0,0,0,0,0,0.0,0,0,0,0,0,0,0,0,0,0,0,0,0,0,0,0,0,0,0,0,0,0,0,0,0,0,0,0,0,0,0,0,0,32,30,30,62,65476,0,300,0,0,8,21553,0.0,-107605600.0,0.0,0.0,0.0,0.0,0.0,0.0,0.0,0.0,0.0,0.0,0.0,0.0,0.0,0.0,0.0,0.0,0.0,0.0,0.0,0.0,2.004,-2.004,-0.0,-2.004,0.0,0.0,0.0,0.0,5406.0,564146638684160.0,6955.0,0.0,-0.0,-107615280.0,-0.0,0.0,0.0,0.0,0.0,63,0.0,5.84806162527158e+35,0.0,0.0,0.0,0.0,0.0,0.0,0.0,0,0,0,0.0,0.0,0.0,0.0,0.0,0.0,0.0,0.0,0.0,0.0,0.0,0.0,0.0,0.0,0.0,0.0,0,-107875648.0,63,0.0,126,2.7184242562605685e+23,-0.0,ERR,ERR,ERR,ERR,ERR,ERR,ERR,ERR,ERR,ERR,ERR,ERR,ERR,ERR,ERR,ERR,ERR,ERR,ERR,ERR,ERR,ERR,ERR,ERR,ERR,ERR,ERR,ERR,ERR,ERR,ERR,ERR,ERR,ERR,ERR,ERR,ERR,ERR,ERR,ERR,ERR,ERR,ERR,ERR,ERR,ERR,ERR,ERR,ERR,ERR,ERR,ERR,ERR,ERR,ERR,ERR,ERR,ERR,ERR,ERR,ERR,ERR,ERR,ERR,ERR,ERR,ERR,34.0,80.0,35,0.0,0.0,0.0,0.0,0.0,0.0,0.0,0.0,0.0,0.0,0.0,0.0,0.0,0.0,0.0,0.0,64.4,0,116,56,50,65476,0,300,0,0,8,20529,65476,0,0,57672,80.0,0.0,0.0,0.0,0.0,0.0
2026-06-17T04:33:31,ERR,ERR,ERR,ERR,ERR,ERR,ERR,ERR,ERR,ERR,ERR,ERR,ERR,ERR,ERR,ERR,ERR,ERR,ERR,ERR,ERR,ERR,ERR,ERR,ERR,ERR,ERR,ERR,ERR,ERR,ERR,ERR,ERR,ERR,ERR,ERR,ERR,ERR,ERR,ERR,ERR,ERR,ERR,ERR,ERR,ERR,ERR,ERR,ERR,ERR,ERR,ERR,ERR,ERR,ERR,ERR,ERR,ERR,ERR,ERR,ERR,ERR,ERR,ERR,ERR,ERR,ERR,ERR,ERR,ERR,ERR,ERR,ERR,ERR,ERR,ERR,ERR,ERR,ERR,ERR,ERR,ERR,ERR,ERR,ERR,ERR,ERR,ERR,ERR,ERR,ERR,ERR,ERR,ERR,ERR,ERR,ERR,ERR,ERR,ERR,ERR,ERR,ERR,ERR,ERR,ERR,ERR,ERR,ERR,ERR,ERR,ERR,ERR,ERR,ERR,ERR,ERR,ERR,ERR,ERR,ERR,ERR,ERR,ERR,ERR,0.0,-0.0,3.028208139652935e+23,0.0,0.0,1.3936040501711995e+18,7.805,0.0,0,0,4,0,7300,-0.0,0,0.0,0.0,0.0,0.0,0.0,0,0,0,0,0.0,0,0,0,0,0,0,0,0,0,0,0,0,0,0,0,0,0,0,0,0,0,0,0,0,0,0,0,0,0,0,0,0,0,32,30,30,62,65476,0,300,0,0,8,21553,0.0,-107605600.0,0.0,0.0,0.0,0.0,0.0,0.0,0.0,0.0,0.0,0.0,0.0,0.0,0.0,0.0,0.0,0.0,0.0,0.0,0.0,0.0,2.004,-2.004,-0.0,-2.004,0.0,0.0,0.0,0.0,5406.0,564146638684160.0,6955.0,0.0,-0.0,-107615280.0,-0.0,0.0,0.0,0.0,0.0,63,0.0,5.84806162527158e+35,0.0,0.0,0.0,0.0,0.0,0.0,0.0,0,0,0,0.0,0.0,0.0,0.0,0.0,0.0,0.0,0.0,0.0,0.0,0.0,0.0,0.0,0.0,0.0,0.0,0,-107875648.0,63,0.0,126,2.7184242562605685e+23,-0.0,ERR,ERR,ERR,ERR,ERR,ERR,ERR,ERR,ERR,ERR,ERR,ERR,ERR,ERR,ERR,ERR,ERR,ERR,ERR,ERR,ERR,ERR,ERR,ERR,ERR,ERR,ERR,ERR,ERR,ERR,ERR,ERR,ERR,ERR,ERR,ERR,ERR,ERR,ERR,ERR,ERR,ERR,ERR,ERR,ERR,ERR,ERR,ERR,ERR,ERR,ERR,ERR,ERR,ERR,ERR,ERR,ERR,ERR,ERR,ERR,ERR,ERR,ERR,ERR,ERR,ERR,ERR,34.0,80.0,35,0.0,0.0,0.0,0.0,0.0,0.0,0.0,0.0,0.0,0.0,0.0,0.0,0.0,0.0,0.0,0.0,64.4,0,116,56,50,65476,0,300,0,0,8,20529,65476,0,0,57672,80.0,0.0,0.0,0.0,0.0,0.0
2026-06-17T04:33:32,ERR,ERR,ERR,ERR,ERR,ERR,ERR,ERR,ERR,ERR,ERR,ERR,ERR,ERR,ERR,ERR,ERR,ERR,ERR,ERR,ERR,ERR,ERR,ERR,ERR,ERR,ERR,ERR,ERR,ERR,ERR,ERR,ERR,ERR,ERR,ERR,ERR,ERR,ERR,ERR,ERR,ERR,ERR,ERR,ERR,ERR,ERR,ERR,ERR,ERR,ERR,ERR,ERR,ERR,ERR,ERR,ERR,ERR,ERR,ERR,ERR,ERR,ERR,ERR,ERR,ERR,ERR,ERR,ERR,ERR,ERR,ERR,ERR,ERR,ERR,ERR,ERR,ERR,ERR,ERR,ERR,ERR,ERR,ERR,ERR,ERR,ERR,ERR,ERR,ERR,ERR,ERR,ERR,ERR,ERR,ERR,ERR,ERR,ERR,ERR,ERR,ERR,ERR,ERR,ERR,ERR,ERR,ERR,ERR,ERR,ERR,ERR,ERR,ERR,ERR,ERR,ERR,ERR,ERR,ERR,ERR,ERR,ERR,ERR,ERR,0.0,-0.0,3.028208139652935e+23,0.0,0.0,1.3936040501711995e+18,7.805,0.0,0,0,4,0,7300,-0.0,0,0.0,0.0,0.0,0.0,0.0,0,0,0,0,0.0,0,0,0,0,0,0,0,0,0,0,0,0,0,0,0,0,0,0,0,0,0,0,0,0,0,0,0,0,0,0,0,0,0,32,30,30,62,65476,0,300,0,0,8,21553,0.0,-107605600.0,0.0,0.0,0.0,0.0,0.0,0.0,0.0,0.0,0.0,0.0,0.0,0.0,0.0,0.0,0.0,0.0,0.0,0.0,0.0,0.0,2.004,-2.004,-0.0,-2.004,0.0,0.0,0.0,0.0,5403.0,-0.0,6961.0,0.0,-107615328.0,-107615280.0,-0.0,0.0,0.0,0.0,0.0,63,0.0,-0.0,0.0,0.0,0.0,0.0,0.0,0.0,0.0,0,0,0,0.0,0.0,0.0,0.0,0.0,0.0,0.0,0.0,0.0,0.0,0.0,0.0,0.0,0.0,0.0,0.0,0,-107875648.0,63,0.0,126,2.7184242562605685e+23,-0.0,ERR,ERR,ERR,ERR,ERR,ERR,ERR,ERR,ERR,ERR,ERR,ERR,ERR,ERR,ERR,ERR,ERR,ERR,ERR,ERR,ERR,ERR,ERR,ERR,ERR,ERR,ERR,ERR,ERR,ERR,ERR,ERR,ERR,ERR,ERR,ERR,ERR,ERR,ERR,ERR,ERR,ERR,ERR,ERR,ERR,ERR,ERR,ERR,ERR,ERR,ERR,ERR,ERR,ERR,ERR,ERR,ERR,ERR,ERR,ERR,ERR,ERR,ERR,ERR,ERR,ERR,ERR,34.0,80.0,35,0.0,0.0,0.0,0.0,0.0,0.0,0.0,0.0,0.0,0.0,0.0,0.0,0.0,0.0,0.0,0.0,64.4,0,116,56,50,65476,0,300,0,0,8,20529,65476,0,0,57672,80.0,0.0,0.0,0.0,0.0,0.0
2026-06-17T04:33:33,ERR,ERR,ERR,ERR,ERR,ERR,ERR,ERR,ERR,ERR,ERR,ERR,ERR,ERR,ERR,ERR,ERR,ERR,ERR,ERR,ERR,ERR,ERR,ERR,ERR,ERR,ERR,ERR,ERR,ERR,ERR,ERR,ERR,ERR,ERR,ERR,ERR,ERR,ERR,ERR,ERR,ERR,ERR,ERR,ERR,ERR,ERR,ERR,ERR,ERR,ERR,ERR,ERR,ERR,ERR,ERR,ERR,ERR,ERR,ERR,ERR,ERR,ERR,ERR,ERR,ERR,ERR,ERR,ERR,ERR,ERR,ERR,ERR,ERR,ERR,ERR,ERR,ERR,ERR,ERR,ERR,ERR,ERR,ERR,ERR,ERR,ERR,ERR,ERR,ERR,ERR,ERR,ERR,ERR,ERR,ERR,ERR,ERR,ERR,ERR,ERR,ERR,ERR,ERR,ERR,ERR,ERR,ERR,ERR,ERR,ERR,ERR,ERR,ERR,ERR,ERR,ERR,ERR,ERR,ERR,ERR,ERR,ERR,ERR,ERR,0.0,-0.0,3.028208139652935e+23,0.0,0.0,1.3936040501711995e+18,7.805,0.0,0,0,4,0,7300,-0.0,0,0.0,0.0,0.0,0.0,0.0,0,0,0,0,0.0,0,0,0,0,0,0,0,0,0,0,0,0,0,0,0,0,0,0,0,0,0,0,0,0,0,0,0,0,0,0,0,0,0,32,30,30,62,65476,0,300,0,0,8,21553,0.0,-107605600.0,0.0,0.0,0.0,0.0,0.0,0.0,0.0,0.0,0.0,0.0,0.0,0.0,0.0,0.0,0.0,0.0,0.0,0.0,0.0,0.0,2.004,-2.004,-0.0,-2.004,0.0,0.0,0.0,0.0,5403.0,-0.0,6961.0,0.0,-107615328.0,-107615280.0,-0.0,0.0,0.0,0.0,0.0,63,0.0,-0.0,0.0,0.0,0.0,0.0,0.0,0.0,0.0,0,0,0,0.0,0.0,0.0,0.0,0.0,0.0,0.0,0.0,0.0,0.0,0.0,0.0,0.0,0.0,0.0,0.0,0,-107875648.0,63,0.0,126,2.7184242562605685e+23,-0.0,ERR,ERR,ERR,ERR,ERR,ERR,ERR,ERR,ERR,ERR,ERR,ERR,ERR,ERR,ERR,ERR,ERR,ERR,ERR,ERR,ERR,ERR,ERR,ERR,ERR,ERR,ERR,ERR,ERR,ERR,ERR,ERR,ERR,ERR,ERR,ERR,ERR,ERR,ERR,ERR,ERR,ERR,ERR,ERR,ERR,ERR,ERR,ERR,ERR,ERR,ERR,ERR,ERR,ERR,ERR,ERR,ERR,ERR,ERR,ERR,ERR,ERR,ERR,ERR,ERR,ERR,ERR,34.0,80.0,35,0.0,0.0,0.0,0.0,0.0,0.0,0.0,0.0,0.0,0.0,0.0,0.0,0.0,0.0,0.0,0.0,64.4,0,116,56,50,65476,0,300,0,0,8,20529,65476,0,0,57672,80.0,0.0,0.0,0.0,0.0,0.0
2026-06-17T04:33:34,ERR,ERR,ERR,ERR,ERR,ERR,ERR,ERR,ERR,ERR,ERR,ERR,ERR,ERR,ERR,ERR,ERR,ERR,ERR,ERR,ERR,ERR,ERR,ERR,ERR,ERR,ERR,ERR,ERR,ERR,ERR,ERR,ERR,ERR,ERR,ERR,ERR,ERR,ERR,ERR,ERR,ERR,ERR,ERR,ERR,ERR,ERR,ERR,ERR,ERR,ERR,ERR,ERR,ERR,ERR,ERR,ERR,ERR,ERR,ERR,ERR,ERR,ERR,ERR,ERR,ERR,ERR,ERR,ERR,ERR,ERR,ERR,ERR,ERR,ERR,ERR,ERR,ERR,ERR,ERR,ERR,ERR,ERR,ERR,ERR,ERR,ERR,ERR,ERR,ERR,ERR,ERR,ERR,ERR,ERR,ERR,ERR,ERR,ERR,ERR,ERR,ERR,ERR,ERR,ERR,ERR,ERR,ERR,ERR,ERR,ERR,ERR,ERR,ERR,ERR,ERR,ERR,ERR,ERR,ERR,ERR,ERR,ERR,ERR,ERR,0.0,-0.0,3.028208139652935e+23,0.0,0.0,1.3936040501711995e+18,7.805,0.0,0,0,4,0,7300,-0.0,0,0.0,0.0,0.0,0.0,0.0,0,0,0,0,0.0,0,0,0,0,0,0,0,0,0,0,0,0,0,0,0,0,0,0,0,0,0,0,0,0,0,0,0,0,0,0,0,0,0,32,30,30,62,65476,0,300,0,0,8,21553,0.0,-107605600.0,0.0,0.0,0.0,0.0,0.0,0.0,0.0,0.0,0.0,0.0,0.0,0.0,0.0,0.0,0.0,0.0,0.0,0.0,0.0,0.0,2.004,-2.004,-0.0,-2.004,0.0,0.0,0.0,0.0,5403.0,-0.0,6961.0,0.0,-107615328.0,-107615280.0,-0.0,0.0,0.0,0.0,0.0,63,0.0,-0.0,0.0,0.0,0.0,0.0,0.0,0.0,0.0,0,0,0,0.0,0.0,0.0,0.0,0.0,0.0,0.0,0.0,0.0,0.0,0.0,0.0,0.0,0.0,0.0,0.0,0,-107875648.0,63,0.0,126,2.7184242562605685e+23,-0.0,ERR,ERR,ERR,ERR,ERR,ERR,ERR,ERR,ERR,ERR,ERR,ERR,ERR,ERR,ERR,ERR,ERR,ERR,ERR,ERR,ERR,ERR,ERR,ERR,ERR,ERR,ERR,ERR,ERR,ERR,ERR,ERR,ERR,ERR,ERR,ERR,ERR,ERR,ERR,ERR,ERR,ERR,ERR,ERR,ERR,ERR,ERR,ERR,ERR,ERR,ERR,ERR,ERR,ERR,ERR,ERR,ERR,ERR,ERR,ERR,ERR,ERR,ERR,ERR,ERR,ERR,ERR,34.0,80.0,35,0.0,0.0,0.0,0.0,0.0,0.0,0.0,0.0,0.0,0.0,0.0,0.0,0.0,0.0,0.0,0.0,64.4,0,116,56,50,65476,0,300,0,0,8,20529,65476,0,0,57672,80.0,0.0,0.0,0.0,0.0,0.0
2026-06-17T04:33:35,ERR,ERR,ERR,ERR,ERR,ERR,ERR,ERR,ERR,ERR,ERR,ERR,ERR,ERR,ERR,ERR,ERR,ERR,ERR,ERR,ERR,ERR,ERR,ERR,ERR,ERR,ERR,ERR,ERR,ERR,ERR,ERR,ERR,ERR,ERR,ERR,ERR,ERR,ERR,ERR,ERR,ERR,ERR,ERR,ERR,ERR,ERR,ERR,ERR,ERR,ERR,ERR,ERR,ERR,ERR,ERR,ERR,ERR,ERR,ERR,ERR,ERR,ERR,ERR,ERR,ERR,ERR,ERR,ERR,ERR,ERR,ERR,ERR,ERR,ERR,ERR,ERR,ERR,ERR,ERR,ERR,ERR,ERR,ERR,ERR,ERR,ERR,ERR,ERR,ERR,ERR,ERR,ERR,ERR,ERR,ERR,ERR,ERR,ERR,ERR,ERR,ERR,ERR,ERR,ERR,ERR,ERR,ERR,ERR,ERR,ERR,ERR,ERR,ERR,ERR,ERR,ERR,ERR,ERR,ERR,ERR,ERR,ERR,ERR,ERR,0.0,-0.0,3.028208139652935e+23,0.0,0.0,1.3936040501711995e+18,7.805,0.0,0,0,4,0,7300,-0.0,0,0.0,0.0,0.0,0.0,0.0,0,0,0,0,0.0,0,0,0,0,0,0,0,0,0,0,0,0,0,0,0,0,0,0,0,0,0,0,0,0,0,0,0,0,0,0,0,0,0,32,30,30,62,65476,0,300,0,0,8,21553,0.0,-107605600.0,0.0,0.0,0.0,0.0,0.0,0.0,0.0,0.0,0.0,0.0,0.0,0.0,0.0,0.0,0.0,0.0,0.0,0.0,0.0,0.0,2.004,-2.004,-0.0,-2.004,0.0,0.0,0.0,0.0,5403.0,-0.0,6961.0,0.0,-107615328.0,-107615280.0,-0.0,0.0,0.0,0.0,0.0,63,0.0,-0.0,0.0,0.0,0.0,0.0,0.0,0.0,0.0,0,0,0,0.0,0.0,0.0,0.0,0.0,0.0,0.0,0.0,0.0,0.0,0.0,0.0,0.0,0.0,0.0,0.0,0,-107875648.0,63,0.0,126,2.7184242562605685e+23,-0.0,ERR,ERR,ERR,ERR,ERR,ERR,ERR,ERR,ERR,ERR,ERR,ERR,ERR,ERR,ERR,ERR,ERR,ERR,ERR,ERR,ERR,ERR,ERR,ERR,ERR,ERR,ERR,ERR,ERR,ERR,ERR,ERR,ERR,ERR,ERR,ERR,ERR,ERR,ERR,ERR,ERR,ERR,ERR,ERR,ERR,ERR,ERR,ERR,ERR,ERR,ERR,ERR,ERR,ERR,ERR,ERR,ERR,ERR,ERR,ERR,ERR,ERR,ERR,ERR,ERR,ERR,ERR,34.0,80.0,35,0.0,0.0,0.0,0.0,0.0,0.0,0.0,0.0,0.0,0.0,0.0,0.0,0.0,0.0,0.0,0.0,64.4,0,116,56,50,65476,0,300,0,0,8,20529,65476,0,0,57672,80.0,0.0,0.0,0.0,0.0,0.0
2026-06-17T04:33:36,ERR,ERR,ERR,ERR,ERR,ERR,ERR,ERR,ERR,ERR,ERR,ERR,ERR,ERR,ERR,ERR,ERR,ERR,ERR,ERR,ERR,ERR,ERR,ERR,ERR,ERR,ERR,ERR,ERR,ERR,ERR,ERR,ERR,ERR,ERR,ERR,ERR,ERR,ERR,ERR,ERR,ERR,ERR,ERR,ERR,ERR,ERR,ERR,ERR,ERR,ERR,ERR,ERR,ERR,ERR,ERR,ERR,ERR,ERR,ERR,ERR,ERR,ERR,ERR,ERR,ERR,ERR,ERR,ERR,ERR,ERR,ERR,ERR,ERR,ERR,ERR,ERR,ERR,ERR,ERR,ERR,ERR,ERR,ERR,ERR,ERR,ERR,ERR,ERR,ERR,ERR,ERR,ERR,ERR,ERR,ERR,ERR,ERR,ERR,ERR,ERR,ERR,ERR,ERR,ERR,ERR,ERR,ERR,ERR,ERR,ERR,ERR,ERR,ERR,ERR,ERR,ERR,ERR,ERR,ERR,ERR,ERR,ERR,ERR,ERR,0.0,-0.0,3.028208139652935e+23,0.0,0.0,1.3936040501711995e+18,7.805,0.0,0,0,4,0,7300,-0.0,0,0.0,0.0,0.0,0.0,0.0,0,0,0,0,0.0,0,0,0,0,0,0,0,0,0,0,0,0,0,0,0,0,0,0,0,0,0,0,0,0,0,0,0,0,0,0,0,0,0,32,30,30,62,65476,0,300,0,0,8,21553,0.0,-107605600.0,0.0,0.0,0.0,0.0,0.0,0.0,0.0,0.0,0.0,0.0,0.0,0.0,0.0,0.0,0.0,0.0,0.0,0.0,0.0,0.0,2.004,-2.004,-0.0,-2.004,0.0,0.0,0.0,0.0,5403.0,-0.0,6961.0,0.0,-107615328.0,-107615280.0,-0.0,0.0,0.0,0.0,0.0,63,0.0,-0.0,0.0,0.0,0.0,0.0,0.0,0.0,0.0,0,0,0,0.0,0.0,0.0,0.0,0.0,0.0,0.0,0.0,0.0,0.0,0.0,0.0,0.0,0.0,0.0,0.0,0,-107875648.0,63,0.0,126,2.7184242562605685e+23,-0.0,ERR,ERR,ERR,ERR,ERR,ERR,ERR,ERR,ERR,ERR,ERR,ERR,ERR,ERR,ERR,ERR,ERR,ERR,ERR,ERR,ERR,ERR,ERR,ERR,ERR,ERR,ERR,ERR,ERR,ERR,ERR,ERR,ERR,ERR,ERR,ERR,ERR,ERR,ERR,ERR,ERR,ERR,ERR,ERR,ERR,ERR,ERR,ERR,ERR,ERR,ERR,ERR,ERR,ERR,ERR,ERR,ERR,ERR,ERR,ERR,ERR,ERR,ERR,ERR,ERR,ERR,ERR,34.0,80.0,35,0.0,0.0,0.0,0.0,0.0,0.0,0.0,0.0,0.0,0.0,0.0,0.0,0.0,0.0,0.0,0.0,64.4,0,116,56,50,65476,0,300,0,0,8,20529,65476,0,0,57672,80.0,0.0,0.0,0.0,0.0,0.0
2026-06-17T04:33:37,ERR,ERR,ERR,ERR,ERR,ERR,ERR,ERR,ERR,ERR,ERR,ERR,ERR,ERR,ERR,ERR,ERR,ERR,ERR,ERR,ERR,ERR,ERR,ERR,ERR,ERR,ERR,ERR,ERR,ERR,ERR,ERR,ERR,ERR,ERR,ERR,ERR,ERR,ERR,ERR,ERR,ERR,ERR,ERR,ERR,ERR,ERR,ERR,ERR,ERR,ERR,ERR,ERR,ERR,ERR,ERR,ERR,ERR,ERR,ERR,ERR,ERR,ERR,ERR,ERR,ERR,ERR,ERR,ERR,ERR,ERR,ERR,ERR,ERR,ERR,ERR,ERR,ERR,ERR,ERR,ERR,ERR,ERR,ERR,ERR,ERR,ERR,ERR,ERR,ERR,ERR,ERR,ERR,ERR,ERR,ERR,ERR,ERR,ERR,ERR,ERR,ERR,ERR,ERR,ERR,ERR,ERR,ERR,ERR,ERR,ERR,ERR,ERR,ERR,ERR,ERR,ERR,ERR,ERR,ERR,ERR,ERR,ERR,ERR,ERR,0.0,-0.0,3.028208139652935e+23,0.0,0.0,1.3936040501711995e+18,7.805,0.0,0,0,4,0,7300,-0.0,0,0.0,0.0,0.0,0.0,0.0,0,0,0,0,0.0,0,0,0,0,0,0,0,0,0,0,0,0,0,0,0,0,0,0,0,0,0,0,0,0,0,0,0,0,0,0,0,0,0,32,30,30,62,65476,0,300,0,0,8,21553,0.0,-107605600.0,0.0,0.0,0.0,0.0,0.0,0.0,0.0,0.0,0.0,0.0,0.0,0.0,0.0,0.0,0.0,0.0,0.0,0.0,0.0,0.0,-0.0,-2.004,-0.0,-2.004,0.0,0.0,0.0,0.0,5438.0,0.0,6948.0,0.0,-107615328.0,-107615280.0,-0.0,0.0,0.0,0.0,0.0,63,0.0,5.8480620214123924e+35,0.0,0.0,0.0,0.0,0.0,0.0,0.0,0,0,0,0.0,0.0,0.0,0.0,0.0,0.0,0.0,0.0,0.0,0.0,0.0,0.0,0.0,0.0,0.0,0.0,0,-107875648.0,63,0.0,126,2.7184242562605685e+23,-0.0,ERR,ERR,ERR,ERR,ERR,ERR,ERR,ERR,ERR,ERR,ERR,ERR,ERR,ERR,ERR,ERR,ERR,ERR,ERR,ERR,ERR,ERR,ERR,ERR,ERR,ERR,ERR,ERR,ERR,ERR,ERR,ERR,ERR,ERR,ERR,ERR,ERR,ERR,ERR,ERR,ERR,ERR,ERR,ERR,ERR,ERR,ERR,ERR,ERR,ERR,ERR,ERR,ERR,ERR,ERR,ERR,ERR,ERR,ERR,ERR,ERR,ERR,ERR,ERR,ERR,ERR,ERR,34.0,80.0,35,0.0,0.0,0.0,0.0,0.0,0.0,0.0,0.0,0.0,0.0,0.0,0.0,0.0,0.0,0.0,0.0,64.4,0,116,56,50,65476,0,300,0,0,8,20529,65476,0,0,57672,80.0,0.0,0.0,0.0,0.0,0.0
2026-06-17T04:33:38,ERR,ERR,ERR,ERR,ERR,ERR,ERR,ERR,ERR,ERR,ERR,ERR,ERR,ERR,ERR,ERR,ERR,ERR,ERR,ERR,ERR,ERR,ERR,ERR,ERR,ERR,ERR,ERR,ERR,ERR,ERR,ERR,ERR,ERR,ERR,ERR,ERR,ERR,ERR,ERR,ERR,ERR,ERR,ERR,ERR,ERR,ERR,ERR,ERR,ERR,ERR,ERR,ERR,ERR,ERR,ERR,ERR,ERR,ERR,ERR,ERR,ERR,ERR,ERR,ERR,ERR,ERR,ERR,ERR,ERR,ERR,ERR,ERR,ERR,ERR,ERR,ERR,ERR,ERR,ERR,ERR,ERR,ERR,ERR,ERR,ERR,ERR,ERR,ERR,ERR,ERR,ERR,ERR,ERR,ERR,ERR,ERR,ERR,ERR,ERR,ERR,ERR,ERR,ERR,ERR,ERR,ERR,ERR,ERR,ERR,ERR,ERR,ERR,ERR,ERR,ERR,ERR,ERR,ERR,ERR,ERR,ERR,ERR,ERR,ERR,0.0,-0.0,3.028208139652935e+23,0.0,0.0,1.3936040501711995e+18,7.805,0.0,0,0,4,0,7300,-0.0,0,0.0,0.0,0.0,0.0,0.0,0,0,0,0,0.0,0,0,0,0,0,0,0,0,0,0,0,0,0,0,0,0,0,0,0,0,0,0,0,0,0,0,0,0,0,0,0,0,0,32,30,30,62,65476,0,300,0,0,8,21553,0.0,-107605600.0,0.0,0.0,0.0,0.0,0.0,0.0,0.0,0.0,0.0,0.0,0.0,0.0,0.0,0.0,0.0,0.0,0.0,0.0,0.0,0.0,-0.0,-2.004,-0.0,-2.004,0.0,0.0,0.0,0.0,5438.0,0.0,6948.0,0.0,-107615328.0,-107615280.0,-0.0,0.0,0.0,0.0,0.0,63,0.0,5.8480620214123924e+35,0.0,0.0,0.0,0.0,0.0,0.0,0.0,0,0,0,0.0,0.0,0.0,0.0,0.0,0.0,0.0,0.0,0.0,0.0,0.0,0.0,0.0,0.0,0.0,0.0,0,-107875648.0,63,0.0,126,2.7184242562605685e+23,-0.0,ERR,ERR,ERR,ERR,ERR,ERR,ERR,ERR,ERR,ERR,ERR,ERR,ERR,ERR,ERR,ERR,ERR,ERR,ERR,ERR,ERR,ERR,ERR,ERR,ERR,ERR,ERR,ERR,ERR,ERR,ERR,ERR,ERR,ERR,ERR,ERR,ERR,ERR,ERR,ERR,ERR,ERR,ERR,ERR,ERR,ERR,ERR,ERR,ERR,ERR,ERR,ERR,ERR,ERR,ERR,ERR,ERR,ERR,ERR,ERR,ERR,ERR,ERR,ERR,ERR,ERR,ERR,34.0,80.0,35,0.0,0.0,0.0,0.0,0.0,0.0,0.0,0.0,0.0,0.0,0.0,0.0,0.0,0.0,0.0,0.0,64.4,0,116,56,50,65476,0,300,0,0,8,20529,65476,0,0,57672,80.0,0.0,0.0,0.0,0.0,0.0
2026-06-17T04:33:39,ERR,ERR,ERR,ERR,ERR,ERR,ERR,ERR,ERR,ERR,ERR,ERR,ERR,ERR,ERR,ERR,ERR,ERR,ERR,ERR,ERR,ERR,ERR,ERR,ERR,ERR,ERR,ERR,ERR,ERR,ERR,ERR,ERR,ERR,ERR,ERR,ERR,ERR,ERR,ERR,ERR,ERR,ERR,ERR,ERR,ERR,ERR,ERR,ERR,ERR,ERR,ERR,ERR,ERR,ERR,ERR,ERR,ERR,ERR,ERR,ERR,ERR,ERR,ERR,ERR,ERR,ERR,ERR,ERR,ERR,ERR,ERR,ERR,ERR,ERR,ERR,ERR,ERR,ERR,ERR,ERR,ERR,ERR,ERR,ERR,ERR,ERR,ERR,ERR,ERR,ERR,ERR,ERR,ERR,ERR,ERR,ERR,ERR,ERR,ERR,ERR,ERR,ERR,ERR,ERR,ERR,ERR,ERR,ERR,ERR,ERR,ERR,ERR,ERR,ERR,ERR,ERR,ERR,ERR,ERR,ERR,ERR,ERR,ERR,ERR,0.0,-0.0,3.028208139652935e+23,0.0,0.0,1.3936040501711995e+18,7.805,0.0,0,0,4,0,7300,-0.0,0,0.0,0.0,0.0,0.0,0.0,0,0,0,0,0.0,0,0,0,0,0,0,0,0,0,0,0,0,0,0,0,0,0,0,0,0,0,0,0,0,0,0,0,0,0,0,0,0,0,32,30,30,62,65476,0,300,0,0,8,21553,0.0,-107605600.0,0.0,0.0,0.0,0.0,0.0,0.0,0.0,0.0,0.0,0.0,0.0,0.0,0.0,0.0,0.0,0.0,0.0,0.0,0.0,0.0,-0.0,-2.004,-0.0,-2.004,0.0,0.0,0.0,0.0,5438.0,0.0,6948.0,0.0,-107615328.0,-107615280.0,-0.0,0.0,0.0,0.0,0.0,63,0.0,5.8480620214123924e+35,0.0,0.0,0.0,0.0,0.0,0.0,0.0,0,0,0,0.0,0.0,0.0,0.0,0.0,0.0,0.0,0.0,0.0,0.0,0.0,0.0,0.0,0.0,0.0,0.0,0,-107875648.0,63,0.0,126,2.7184242562605685e+23,-0.0,ERR,ERR,ERR,ERR,ERR,ERR,ERR,ERR,ERR,ERR,ERR,ERR,ERR,ERR,ERR,ERR,ERR,ERR,ERR,ERR,ERR,ERR,ERR,ERR,ERR,ERR,ERR,ERR,ERR,ERR,ERR,ERR,ERR,ERR,ERR,ERR,ERR,ERR,ERR,ERR,ERR,ERR,ERR,ERR,ERR,ERR,ERR,ERR,ERR,ERR,ERR,ERR,ERR,ERR,ERR,ERR,ERR,ERR,ERR,ERR,ERR,ERR,ERR,ERR,ERR,ERR,ERR,34.0,80.0,35,0.0,0.0,0.0,0.0,0.0,0.0,0.0,0.0,0.0,0.0,0.0,0.0,0.0,0.0,0.0,0.0,64.4,0,116,56,50,65476,0,300,0,0,8,20529,65476,0,0,57672,80.0,0.0,0.0,0.0,0.0,0.0
2026-06-17T04:33:40,ERR,ERR,ERR,ERR,ERR,ERR,ERR,ERR,ERR,ERR,ERR,ERR,ERR,ERR,ERR,ERR,ERR,ERR,ERR,ERR,ERR,ERR,ERR,ERR,ERR,ERR,ERR,ERR,ERR,ERR,ERR,ERR,ERR,ERR,ERR,ERR,ERR,ERR,ERR,ERR,ERR,ERR,ERR,ERR,ERR,ERR,ERR,ERR,ERR,ERR,ERR,ERR,ERR,ERR,ERR,ERR,ERR,ERR,ERR,ERR,ERR,ERR,ERR,ERR,ERR,ERR,ERR,ERR,ERR,ERR,ERR,ERR,ERR,ERR,ERR,ERR,ERR,ERR,ERR,ERR,ERR,ERR,ERR,ERR,ERR,ERR,ERR,ERR,ERR,ERR,ERR,ERR,ERR,ERR,ERR,ERR,ERR,ERR,ERR,ERR,ERR,ERR,ERR,ERR,ERR,ERR,ERR,ERR,ERR,ERR,ERR,ERR,ERR,ERR,ERR,ERR,ERR,ERR,ERR,ERR,ERR,ERR,ERR,ERR,ERR,0.0,-0.0,3.028208139652935e+23,0.0,0.0,1.3936040501711995e+18,7.805,0.0,0,0,4,0,7300,-0.0,0,0.0,0.0,0.0,0.0,0.0,0,0,0,0,0.0,0,0,0,0,0,0,0,0,0,0,0,0,0,0,0,0,0,0,0,0,0,0,0,0,0,0,0,0,0,0,0,0,0,32,30,30,62,65476,0,300,0,0,8,21553,0.0,-107605600.0,0.0,0.0,0.0,0.0,0.0,0.0,0.0,0.0,0.0,0.0,0.0,0.0,0.0,0.0,0.0,0.0,0.0,0.0,0.0,0.0,-0.0,-2.004,-0.0,-2.004,0.0,0.0,0.0,0.0,5438.0,0.0,6948.0,0.0,-107615328.0,-107615280.0,-0.0,0.0,0.0,0.0,0.0,63,0.0,5.8480620214123924e+35,0.0,0.0,0.0,0.0,0.0,0.0,0.0,0,0,0,0.0,0.0,0.0,0.0,0.0,0.0,0.0,0.0,0.0,0.0,0.0,0.0,0.0,0.0,0.0,0.0,0,-107875648.0,63,0.0,126,2.7184242562605685e+23,-0.0,ERR,ERR,ERR,ERR,ERR,ERR,ERR,ERR,ERR,ERR,ERR,ERR,ERR,ERR,ERR,ERR,ERR,ERR,ERR,ERR,ERR,ERR,ERR,ERR,ERR,ERR,ERR,ERR,ERR,ERR,ERR,ERR,ERR,ERR,ERR,ERR,ERR,ERR,ERR,ERR,ERR,ERR,ERR,ERR,ERR,ERR,ERR,ERR,ERR,ERR,ERR,ERR,ERR,ERR,ERR,ERR,ERR,ERR,ERR,ERR,ERR,ERR,ERR,ERR,ERR,ERR,ERR,34.0,80.0,35,0.0,0.0,0.0,0.0,0.0,0.0,0.0,0.0,0.0,0.0,0.0,0.0,0.0,0.0,0.0,0.0,64.4,0,116,56,50,65476,0,300,0,0,8,20529,65476,0,0,57672,80.0,0.0,0.0,0.0,0.0,0.0
2026-06-17T04:33:41,ERR,ERR,ERR,ERR,ERR,ERR,ERR,ERR,ERR,ERR,ERR,ERR,ERR,ERR,ERR,ERR,ERR,ERR,ERR,ERR,ERR,ERR,ERR,ERR,ERR,ERR,ERR,ERR,ERR,ERR,ERR,ERR,ERR,ERR,ERR,ERR,ERR,ERR,ERR,ERR,ERR,ERR,ERR,ERR,ERR,ERR,ERR,ERR,ERR,ERR,ERR,ERR,ERR,ERR,ERR,ERR,ERR,ERR,ERR,ERR,ERR,ERR,ERR,ERR,ERR,ERR,ERR,ERR,ERR,ERR,ERR,ERR,ERR,ERR,ERR,ERR,ERR,ERR,ERR,ERR,ERR,ERR,ERR,ERR,ERR,ERR,ERR,ERR,ERR,ERR,ERR,ERR,ERR,ERR,ERR,ERR,ERR,ERR,ERR,ERR,ERR,ERR,ERR,ERR,ERR,ERR,ERR,ERR,ERR,ERR,ERR,ERR,ERR,ERR,ERR,ERR,ERR,ERR,ERR,ERR,ERR,ERR,ERR,ERR,ERR,0.0,-0.0,3.028208139652935e+23,0.0,0.0,1.3936040501711995e+18,7.805,0.0,0,0,4,0,7300,-0.0,0,0.0,0.0,0.0,0.0,0.0,0,0,0,0,0.0,0,0,0,0,0,0,0,0,0,0,0,0,0,0,0,0,0,0,0,0,0,0,0,0,0,0,0,0,0,0,0,0,0,32,30,30,62,65476,0,300,0,0,8,21553,0.0,-107605600.0,0.0,0.0,0.0,0.0,0.0,0.0,0.0,0.0,0.0,0.0,0.0,0.0,0.0,0.0,0.0,0.0,0.0,0.0,0.0,0.0,-0.0,-2.004,-0.0,-2.004,0.0,0.0,0.0,0.0,5438.0,0.0,6948.0,0.0,-107615328.0,-107615280.0,-0.0,0.0,0.0,0.0,0.0,63,0.0,5.8480620214123924e+35,0.0,0.0,0.0,0.0,0.0,0.0,0.0,0,0,0,0.0,0.0,0.0,0.0,0.0,0.0,0.0,0.0,0.0,0.0,0.0,0.0,0.0,0.0,0.0,0.0,0,-107875648.0,63,0.0,126,2.7184242562605685e+23,-0.0,ERR,ERR,ERR,ERR,ERR,ERR,ERR,ERR,ERR,ERR,ERR,ERR,ERR,ERR,ERR,ERR,ERR,ERR,ERR,ERR,ERR,ERR,ERR,ERR,ERR,ERR,ERR,ERR,ERR,ERR,ERR,ERR,ERR,ERR,ERR,ERR,ERR,ERR,ERR,ERR,ERR,ERR,ERR,ERR,ERR,ERR,ERR,ERR,ERR,ERR,ERR,ERR,ERR,ERR,ERR,ERR,ERR,ERR,ERR,ERR,ERR,ERR,ERR,ERR,ERR,ERR,ERR,34.0,80.0,35,0.0,0.0,0.0,0.0,0.0,0.0,0.0,0.0,0.0,0.0,0.0,0.0,0.0,0.0,0.0,0.0,64.4,0,116,56,50,65476,0,300,0,0,8,20529,65476,0,0,57672,80.0,0.0,0.0,0.0,0.0,0.0
2026-06-17T04:33:42,ERR,ERR,ERR,ERR,ERR,ERR,ERR,ERR,ERR,ERR,ERR,ERR,ERR,ERR,ERR,ERR,ERR,ERR,ERR,ERR,ERR,ERR,ERR,ERR,ERR,ERR,ERR,ERR,ERR,ERR,ERR,ERR,ERR,ERR,ERR,ERR,ERR,ERR,ERR,ERR,ERR,ERR,ERR,ERR,ERR,ERR,ERR,ERR,ERR,ERR,ERR,ERR,ERR,ERR,ERR,ERR,ERR,ERR,ERR,ERR,ERR,ERR,ERR,ERR,ERR,ERR,ERR,ERR,ERR,ERR,ERR,ERR,ERR,ERR,ERR,ERR,ERR,ERR,ERR,ERR,ERR,ERR,ERR,ERR,ERR,ERR,ERR,ERR,ERR,ERR,ERR,ERR,ERR,ERR,ERR,ERR,ERR,ERR,ERR,ERR,ERR,ERR,ERR,ERR,ERR,ERR,ERR,ERR,ERR,ERR,ERR,ERR,ERR,ERR,ERR,ERR,ERR,ERR,ERR,ERR,ERR,ERR,ERR,ERR,ERR,0.0,-0.0,3.028208139652935e+23,0.0,0.0,1.3936040501711995e+18,7.805,0.0,0,0,4,0,7300,-0.0,0,0.0,0.0,0.0,0.0,0.0,0,0,0,0,0.0,0,0,0,0,0,0,0,0,0,0,0,0,0,0,0,0,0,0,0,0,0,0,0,0,0,0,0,0,0,0,0,0,0,32,30,30,62,65476,0,300,0,0,8,21553,0.0,-107605600.0,0.0,0.0,0.0,0.0,0.0,0.0,0.0,0.0,0.0,0.0,0.0,0.0,0.0,0.0,0.0,0.0,0.0,0.0,0.0,0.0,2.004,-2.004,-0.0,-2.004,0.0,0.0,0.0,0.0,5431.0,0.0,6949.0,0.0,-0.0,-107615280.0,-0.0,0.0,0.0,0.0,0.0,63,0.0,-0.0,0.0,0.0,0.0,0.0,0.0,0.0,0.0,0,0,0,0.0,0.0,0.0,0.0,0.0,0.0,0.0,0.0,0.0,0.0,0.0,0.0,0.0,0.0,0.0,0.0,0,-107875648.0,63,0.0,126,2.7184242562605685e+23,-0.0,ERR,ERR,ERR,ERR,ERR,ERR,ERR,ERR,ERR,ERR,ERR,ERR,ERR,ERR,ERR,ERR,ERR,ERR,ERR,ERR,ERR,ERR,ERR,ERR,ERR,ERR,ERR,ERR,ERR,ERR,ERR,ERR,ERR,ERR,ERR,ERR,ERR,ERR,ERR,ERR,ERR,ERR,ERR,ERR,ERR,ERR,ERR,ERR,ERR,ERR,ERR,ERR,ERR,ERR,ERR,ERR,ERR,ERR,ERR,ERR,ERR,ERR,ERR,ERR,ERR,ERR,ERR,34.0,80.0,35,0.0,0.0,0.0,0.0,0.0,0.0,0.0,0.0,0.0,0.0,0.0,0.0,0.0,0.0,0.0,0.0,64.8,0,116,56,50,65476,0,300,0,0,8,20529,65476,0,0,57672,80.0,0.0,0.0,0.0,0.0,0.0
2026-06-17T04:33:43,ERR,ERR,ERR,ERR,ERR,ERR,ERR,ERR,ERR,ERR,ERR,ERR,ERR,ERR,ERR,ERR,ERR,ERR,ERR,ERR,ERR,ERR,ERR,ERR,ERR,ERR,ERR,ERR,ERR,ERR,ERR,ERR,ERR,ERR,ERR,ERR,ERR,ERR,ERR,ERR,ERR,ERR,ERR,ERR,ERR,ERR,ERR,ERR,ERR,ERR,ERR,ERR,ERR,ERR,ERR,ERR,ERR,ERR,ERR,ERR,ERR,ERR,ERR,ERR,ERR,ERR,ERR,ERR,ERR,ERR,ERR,ERR,ERR,ERR,ERR,ERR,ERR,ERR,ERR,ERR,ERR,ERR,ERR,ERR,ERR,ERR,ERR,ERR,ERR,ERR,ERR,ERR,ERR,ERR,ERR,ERR,ERR,ERR,ERR,ERR,ERR,ERR,ERR,ERR,ERR,ERR,ERR,ERR,ERR,ERR,ERR,ERR,ERR,ERR,ERR,ERR,ERR,ERR,ERR,ERR,ERR,ERR,ERR,ERR,ERR,0.0,-0.0,3.028208139652935e+23,0.0,0.0,1.3936040501711995e+18,7.805,0.0,0,0,4,0,7300,-0.0,0,0.0,0.0,0.0,0.0,0.0,0,0,0,0,0.0,0,0,0,0,0,0,0,0,0,0,0,0,0,0,0,0,0,0,0,0,0,0,0,0,0,0,0,0,0,0,0,0,0,32,30,30,62,65476,0,300,0,0,8,21553,0.0,-107605600.0,0.0,0.0,0.0,0.0,0.0,0.0,0.0,0.0,0.0,0.0,0.0,0.0,0.0,0.0,0.0,0.0,0.0,0.0,0.0,0.0,2.004,-2.004,-0.0,-2.004,0.0,0.0,0.0,0.0,5431.0,0.0,6949.0,0.0,-0.0,-107615280.0,-0.0,0.0,0.0,0.0,0.0,63,0.0,-0.0,0.0,0.0,0.0,0.0,0.0,0.0,0.0,0,0,0,0.0,0.0,0.0,0.0,0.0,0.0,0.0,0.0,0.0,0.0,0.0,0.0,0.0,0.0,0.0,0.0,0,-107875648.0,63,0.0,126,2.7184242562605685e+23,-0.0,ERR,ERR,ERR,ERR,ERR,ERR,ERR,ERR,ERR,ERR,ERR,ERR,ERR,ERR,ERR,ERR,ERR,ERR,ERR,ERR,ERR,ERR,ERR,ERR,ERR,ERR,ERR,ERR,ERR,ERR,ERR,ERR,ERR,ERR,ERR,ERR,ERR,ERR,ERR,ERR,ERR,ERR,ERR,ERR,ERR,ERR,ERR,ERR,ERR,ERR,ERR,ERR,ERR,ERR,ERR,ERR,ERR,ERR,ERR,ERR,ERR,ERR,ERR,ERR,ERR,ERR,ERR,34.0,80.0,35,0.0,0.0,0.0,0.0,0.0,0.0,0.0,0.0,0.0,0.0,0.0,0.0,0.0,0.0,0.0,0.0,64.8,0,116,56,50,65476,0,300,0,0,8,20529,65476,0,0,57672,80.0,0.0,0.0,0.0,0.0,0.0
2026-06-17T04:33:44,ERR,ERR,ERR,ERR,ERR,ERR,ERR,ERR,ERR,ERR,ERR,ERR,ERR,ERR,ERR,ERR,ERR,ERR,ERR,ERR,ERR,ERR,ERR,ERR,ERR,ERR,ERR,ERR,ERR,ERR,ERR,ERR,ERR,ERR,ERR,ERR,ERR,ERR,ERR,ERR,ERR,ERR,ERR,ERR,ERR,ERR,ERR,ERR,ERR,ERR,ERR,ERR,ERR,ERR,ERR,ERR,ERR,ERR,ERR,ERR,ERR,ERR,ERR,ERR,ERR,ERR,ERR,ERR,ERR,ERR,ERR,ERR,ERR,ERR,ERR,ERR,ERR,ERR,ERR,ERR,ERR,ERR,ERR,ERR,ERR,ERR,ERR,ERR,ERR,ERR,ERR,ERR,ERR,ERR,ERR,ERR,ERR,ERR,ERR,ERR,ERR,ERR,ERR,ERR,ERR,ERR,ERR,ERR,ERR,ERR,ERR,ERR,ERR,ERR,ERR,ERR,ERR,ERR,ERR,ERR,ERR,ERR,ERR,ERR,ERR,0.0,-0.0,3.028208139652935e+23,0.0,0.0,1.3936040501711995e+18,7.805,0.0,0,0,4,0,7300,-0.0,0,0.0,0.0,0.0,0.0,0.0,0,0,0,0,0.0,0,0,0,0,0,0,0,0,0,0,0,0,0,0,0,0,0,0,0,0,0,0,0,0,0,0,0,0,0,0,0,0,0,32,30,30,62,65476,0,300,0,0,8,21553,0.0,-107605600.0,0.0,0.0,0.0,0.0,0.0,0.0,0.0,0.0,0.0,0.0,0.0,0.0,0.0,0.0,0.0,0.0,0.0,0.0,0.0,0.0,2.004,-2.004,-0.0,-2.004,0.0,0.0,0.0,0.0,5431.0,0.0,6949.0,0.0,-0.0,-107615280.0,-0.0,0.0,0.0,0.0,0.0,63,0.0,-0.0,0.0,0.0,0.0,0.0,0.0,0.0,0.0,0,0,0,0.0,0.0,0.0,0.0,0.0,0.0,0.0,0.0,0.0,0.0,0.0,0.0,0.0,0.0,0.0,0.0,0,-107875648.0,63,0.0,126,2.7184242562605685e+23,-0.0,ERR,ERR,ERR,ERR,ERR,ERR,ERR,ERR,ERR,ERR,ERR,ERR,ERR,ERR,ERR,ERR,ERR,ERR,ERR,ERR,ERR,ERR,ERR,ERR,ERR,ERR,ERR,ERR,ERR,ERR,ERR,ERR,ERR,ERR,ERR,ERR,ERR,ERR,ERR,ERR,ERR,ERR,ERR,ERR,ERR,ERR,ERR,ERR,ERR,ERR,ERR,ERR,ERR,ERR,ERR,ERR,ERR,ERR,ERR,ERR,ERR,ERR,ERR,ERR,ERR,ERR,ERR,34.0,80.0,35,0.0,0.0,0.0,0.0,0.0,0.0,0.0,0.0,0.0,0.0,0.0,0.0,0.0,0.0,0.0,0.0,64.4,0,116,56,50,65476,0,300,0,0,8,20529,65476,0,0,57672,80.0,0.0,0.0,0.0,0.0,0.0
2026-06-17T04:33:45,ERR,ERR,ERR,ERR,ERR,ERR,ERR,ERR,ERR,ERR,ERR,ERR,ERR,ERR,ERR,ERR,ERR,ERR,ERR,ERR,ERR,ERR,ERR,ERR,ERR,ERR,ERR,ERR,ERR,ERR,ERR,ERR,ERR,ERR,ERR,ERR,ERR,ERR,ERR,ERR,ERR,ERR,ERR,ERR,ERR,ERR,ERR,ERR,ERR,ERR,ERR,ERR,ERR,ERR,ERR,ERR,ERR,ERR,ERR,ERR,ERR,ERR,ERR,ERR,ERR,ERR,ERR,ERR,ERR,ERR,ERR,ERR,ERR,ERR,ERR,ERR,ERR,ERR,ERR,ERR,ERR,ERR,ERR,ERR,ERR,ERR,ERR,ERR,ERR,ERR,ERR,ERR,ERR,ERR,ERR,ERR,ERR,ERR,ERR,ERR,ERR,ERR,ERR,ERR,ERR,ERR,ERR,ERR,ERR,ERR,ERR,ERR,ERR,ERR,ERR,ERR,ERR,ERR,ERR,ERR,ERR,ERR,ERR,ERR,ERR,0.0,-0.0,3.028208139652935e+23,0.0,0.0,1.3936040501711995e+18,7.805,0.0,0,0,4,0,7300,-0.0,0,0.0,0.0,0.0,0.0,0.0,0,0,0,0,0.0,0,0,0,0,0,0,0,0,0,0,0,0,0,0,0,0,0,0,0,0,0,0,0,0,0,0,0,0,0,0,0,0,0,32,30,30,62,65476,0,300,0,0,8,21553,0.0,-107605600.0,0.0,0.0,0.0,0.0,0.0,0.0,0.0,0.0,0.0,0.0,0.0,0.0,0.0,0.0,0.0,0.0,0.0,0.0,0.0,0.0,2.004,-2.004,-0.0,-2.004,0.0,0.0,0.0,0.0,5431.0,0.0,6949.0,0.0,-0.0,-107615280.0,-0.0,0.0,0.0,0.0,0.0,63,0.0,-0.0,0.0,0.0,0.0,0.0,0.0,0.0,0.0,0,0,0,0.0,0.0,0.0,0.0,0.0,0.0,0.0,0.0,0.0,0.0,0.0,0.0,0.0,0.0,0.0,0.0,0,-107875648.0,63,0.0,126,2.7184242562605685e+23,-0.0,ERR,ERR,ERR,ERR,ERR,ERR,ERR,ERR,ERR,ERR,ERR,ERR,ERR,ERR,ERR,ERR,ERR,ERR,ERR,ERR,ERR,ERR,ERR,ERR,ERR,ERR,ERR,ERR,ERR,ERR,ERR,ERR,ERR,ERR,ERR,ERR,ERR,ERR,ERR,ERR,ERR,ERR,ERR,ERR,ERR,ERR,ERR,ERR,ERR,ERR,ERR,ERR,ERR,ERR,ERR,ERR,ERR,ERR,ERR,ERR,ERR,ERR,ERR,ERR,ERR,ERR,ERR,34.0,80.0,35,0.0,0.0,0.0,0.0,0.0,0.0,0.0,0.0,0.0,0.0,0.0,0.0,0.0,0.0,0.0,0.0,64.4,0,116,56,50,65476,0,300,0,0,8,20529,65476,0,0,57672,80.0,0.0,0.0,0.0,0.0,0.0
2026-06-17T04:33:46,ERR,ERR,ERR,ERR,ERR,ERR,ERR,ERR,ERR,ERR,ERR,ERR,ERR,ERR,ERR,ERR,ERR,ERR,ERR,ERR,ERR,ERR,ERR,ERR,ERR,ERR,ERR,ERR,ERR,ERR,ERR,ERR,ERR,ERR,ERR,ERR,ERR,ERR,ERR,ERR,ERR,ERR,ERR,ERR,ERR,ERR,ERR,ERR,ERR,ERR,ERR,ERR,ERR,ERR,ERR,ERR,ERR,ERR,ERR,ERR,ERR,ERR,ERR,ERR,ERR,ERR,ERR,ERR,ERR,ERR,ERR,ERR,ERR,ERR,ERR,ERR,ERR,ERR,ERR,ERR,ERR,ERR,ERR,ERR,ERR,ERR,ERR,ERR,ERR,ERR,ERR,ERR,ERR,ERR,ERR,ERR,ERR,ERR,ERR,ERR,ERR,ERR,ERR,ERR,ERR,ERR,ERR,ERR,ERR,ERR,ERR,ERR,ERR,ERR,ERR,ERR,ERR,ERR,ERR,ERR,ERR,ERR,ERR,ERR,ERR,0.0,-0.0,3.028208139652935e+23,0.0,0.0,1.3936040501711995e+18,7.805,0.0,0,0,4,0,7300,-0.0,0,0.0,0.0,0.0,0.0,0.0,0,0,0,0,0.0,0,0,0,0,0,0,0,0,0,0,0,0,0,0,0,0,0,0,0,0,0,0,0,0,0,0,0,0,0,0,0,0,0,32,30,30,62,65476,0,300,0,0,8,21553,0.0,-107605600.0,0.0,0.0,0.0,0.0,0.0,0.0,0.0,0.0,0.0,0.0,0.0,0.0,0.0,0.0,0.0,0.0,0.0,0.0,0.0,0.0,2.004,-2.004,-0.0,-2.004,0.0,0.0,0.0,0.0,5431.0,0.0,6949.0,0.0,-0.0,-107615280.0,-0.0,0.0,0.0,0.0,0.0,63,0.0,-0.0,0.0,0.0,0.0,0.0,0.0,0.0,0.0,0,0,0,0.0,0.0,0.0,0.0,0.0,0.0,0.0,0.0,0.0,0.0,0.0,0.0,0.0,0.0,0.0,0.0,0,-107875648.0,63,0.0,126,2.7184242562605685e+23,-0.0,ERR,ERR,ERR,ERR,ERR,ERR,ERR,ERR,ERR,ERR,ERR,ERR,ERR,ERR,ERR,ERR,ERR,ERR,ERR,ERR,ERR,ERR,ERR,ERR,ERR,ERR,ERR,ERR,ERR,ERR,ERR,ERR,ERR,ERR,ERR,ERR,ERR,ERR,ERR,ERR,ERR,ERR,ERR,ERR,ERR,ERR,ERR,ERR,ERR,ERR,ERR,ERR,ERR,ERR,ERR,ERR,ERR,ERR,ERR,ERR,ERR,ERR,ERR,ERR,ERR,ERR,ERR,34.0,80.0,35,0.0,0.0,0.0,0.0,0.0,0.0,0.0,0.0,0.0,0.0,0.0,0.0,0.0,0.0,0.0,0.0,64.4,0,116,56,50,65476,0,300,0,0,8,20529,65476,0,0,57672,80.0,0.0,0.0,0.0,0.0,0.0
2026-06-17T04:33:47,ERR,ERR,ERR,ERR,ERR,ERR,ERR,ERR,ERR,ERR,ERR,ERR,ERR,ERR,ERR,ERR,ERR,ERR,ERR,ERR,ERR,ERR,ERR,ERR,ERR,ERR,ERR,ERR,ERR,ERR,ERR,ERR,ERR,ERR,ERR,ERR,ERR,ERR,ERR,ERR,ERR,ERR,ERR,ERR,ERR,ERR,ERR,ERR,ERR,ERR,ERR,ERR,ERR,ERR,ERR,ERR,ERR,ERR,ERR,ERR,ERR,ERR,ERR,ERR,ERR,ERR,ERR,ERR,ERR,ERR,ERR,ERR,ERR,ERR,ERR,ERR,ERR,ERR,ERR,ERR,ERR,ERR,ERR,ERR,ERR,ERR,ERR,ERR,ERR,ERR,ERR,ERR,ERR,ERR,ERR,ERR,ERR,ERR,ERR,ERR,ERR,ERR,ERR,ERR,ERR,ERR,ERR,ERR,ERR,ERR,ERR,ERR,ERR,ERR,ERR,ERR,ERR,ERR,ERR,ERR,ERR,ERR,ERR,ERR,ERR,0.0,-0.0,3.028208139652935e+23,0.0,0.0,1.3936040501711995e+18,7.805,0.0,0,0,4,0,7300,-0.0,0,0.0,0.0,0.0,0.0,0.0,0,0,0,0,0.0,0,0,0,0,0,0,0,0,0,0,0,0,0,0,0,0,0,0,0,0,0,0,0,0,0,0,0,0,0,0,0,0,0,32,30,30,62,65476,0,300,0,0,8,21553,0.0,-107605600.0,0.0,0.0,0.0,0.0,0.0,0.0,0.0,0.0,0.0,0.0,0.0,0.0,0.0,0.0,0.0,0.0,0.0,0.0,0.0,0.0,2.004,-2.004,-0.0,-2.004,0.0,0.0,0.0,0.0,5431.0,0.0,6949.0,0.0,-0.0,-107615280.0,-0.0,0.0,0.0,0.0,0.0,63,0.0,-0.0,0.0,0.0,0.0,0.0,0.0,0.0,0.0,0,0,0,0.0,0.0,0.0,0.0,0.0,0.0,0.0,0.0,0.0,0.0,0.0,0.0,0.0,0.0,0.0,0.0,0,-107875648.0,63,0.0,126,2.7184242562605685e+23,-0.0,ERR,ERR,ERR,ERR,ERR,ERR,ERR,ERR,ERR,ERR,ERR,ERR,ERR,ERR,ERR,ERR,ERR,ERR,ERR,ERR,ERR,ERR,ERR,ERR,ERR,ERR,ERR,ERR,ERR,ERR,ERR,ERR,ERR,ERR,ERR,ERR,ERR,ERR,ERR,ERR,ERR,ERR,ERR,ERR,ERR,ERR,ERR,ERR,ERR,ERR,ERR,ERR,ERR,ERR,ERR,ERR,ERR,ERR,ERR,ERR,ERR,ERR,ERR,ERR,ERR,ERR,ERR,34.0,80.0,35,0.0,0.0,0.0,0.0,0.0,0.0,0.0,0.0,0.0,0.0,0.0,0.0,0.0,0.0,0.0,0.0,64.4,0,116,56,50,65476,0,300,0,0,8,20529,65476,0,0,57672,80.0,0.0,0.0,0.0,0.0,0.0
2026-06-17T04:33:48,ERR,ERR,ERR,ERR,ERR,ERR,ERR,ERR,ERR,ERR,ERR,ERR,ERR,ERR,ERR,ERR,ERR,ERR,ERR,ERR,ERR,ERR,ERR,ERR,ERR,ERR,ERR,ERR,ERR,ERR,ERR,ERR,ERR,ERR,ERR,ERR,ERR,ERR,ERR,ERR,ERR,ERR,ERR,ERR,ERR,ERR,ERR,ERR,ERR,ERR,ERR,ERR,ERR,ERR,ERR,ERR,ERR,ERR,ERR,ERR,ERR,ERR,ERR,ERR,ERR,ERR,ERR,ERR,ERR,ERR,ERR,ERR,ERR,ERR,ERR,ERR,ERR,ERR,ERR,ERR,ERR,ERR,ERR,ERR,ERR,ERR,ERR,ERR,ERR,ERR,ERR,ERR,ERR,ERR,ERR,ERR,ERR,ERR,ERR,ERR,ERR,ERR,ERR,ERR,ERR,ERR,ERR,ERR,ERR,ERR,ERR,ERR,ERR,ERR,ERR,ERR,ERR,ERR,ERR,ERR,ERR,ERR,ERR,ERR,ERR,0.0,-107615328.0,0.0,0.0,0.0,1.3936040501711995e+18,7.805,0.0,0,0,4,0,7300,-0.0,0,0.0,0.0,0.0,0.0,0.0,0,0,0,0,0.0,0,0,0,0,0,0,0,0,0,0,0,0,0,0,0,0,0,0,0,0,0,0,0,0,0,0,0,0,0,0,0,0,0,32,30,30,62,65476,0,300,0,0,8,21553,0.0,-107605600.0,0.0,0.0,0.0,0.0,0.0,0.0,0.0,0.0,0.0,0.0,0.0,0.0,0.0,0.0,0.0,0.0,0.0,0.0,0.0,0.0,2.004,0.0,-0.0,-2.004,0.0,0.0,0.0,0.0,5437.0,8608195584.0,6954.0,0.0,-0.0,-107615280.0,-0.0,0.0,0.0,0.0,0.0,63,0.0,-71.63,0.0,0.0,0.0,0.0,0.0,0.0,0.0,0,0,0,0.0,0.0,0.0,0.0,0.0,0.0,0.0,0.0,0.0,0.0,0.0,0.0,0.0,0.0,0.0,0.0,0,-107875648.0,63,0.0,126,2.7184242562605685e+23,-0.0,ERR,ERR,ERR,ERR,ERR,ERR,ERR,ERR,ERR,ERR,ERR,ERR,ERR,ERR,ERR,ERR,ERR,ERR,ERR,ERR,ERR,ERR,ERR,ERR,ERR,ERR,ERR,ERR,ERR,ERR,ERR,ERR,ERR,ERR,ERR,ERR,ERR,ERR,ERR,ERR,ERR,ERR,ERR,ERR,ERR,ERR,ERR,ERR,ERR,ERR,ERR,ERR,ERR,ERR,ERR,ERR,ERR,ERR,ERR,ERR,ERR,ERR,ERR,ERR,ERR,ERR,ERR,34.0,80.0,35,0.0,0.0,0.0,0.0,0.0,0.0,0.0,0.0,0.0,0.0,0.0,0.0,0.0,0.0,0.0,0.0,64.4,0,116,56,50,65476,0,300,0,0,8,20529,65476,0,0,57672,80.0,0.0,0.0,0.0,0.0,0.0
2026-06-17T04:33:49,ERR,ERR,ERR,ERR,ERR,ERR,ERR,ERR,ERR,ERR,ERR,ERR,ERR,ERR,ERR,ERR,ERR,ERR,ERR,ERR,ERR,ERR,ERR,ERR,ERR,ERR,ERR,ERR,ERR,ERR,ERR,ERR,ERR,ERR,ERR,ERR,ERR,ERR,ERR,ERR,ERR,ERR,ERR,ERR,ERR,ERR,ERR,ERR,ERR,ERR,ERR,ERR,ERR,ERR,ERR,ERR,ERR,ERR,ERR,ERR,ERR,ERR,ERR,ERR,ERR,ERR,ERR,ERR,ERR,ERR,ERR,ERR,ERR,ERR,ERR,ERR,ERR,ERR,ERR,ERR,ERR,ERR,ERR,ERR,ERR,ERR,ERR,ERR,ERR,ERR,ERR,ERR,ERR,ERR,ERR,ERR,ERR,ERR,ERR,ERR,ERR,ERR,ERR,ERR,ERR,ERR,ERR,ERR,ERR,ERR,ERR,ERR,ERR,ERR,ERR,ERR,ERR,ERR,ERR,ERR,ERR,ERR,ERR,ERR,ERR,0.0,-107615328.0,0.0,0.0,0.0,1.3936040501711995e+18,7.805,0.0,0,0,4,0,7300,-0.0,0,0.0,0.0,0.0,0.0,0.0,0,0,0,0,0.0,0,0,0,0,0,0,0,0,0,0,0,0,0,0,0,0,0,0,0,0,0,0,0,0,0,0,0,0,0,0,0,0,0,32,30,30,62,65476,0,300,0,0,8,21553,0.0,-107605600.0,0.0,0.0,0.0,0.0,0.0,0.0,0.0,0.0,0.0,0.0,0.0,0.0,0.0,0.0,0.0,0.0,0.0,0.0,0.0,0.0,2.004,0.0,-0.0,-2.004,0.0,0.0,0.0,0.0,5437.0,8608195584.0,6954.0,0.0,-0.0,-107615280.0,-0.0,0.0,0.0,0.0,0.0,63,0.0,-71.63,0.0,0.0,0.0,0.0,0.0,0.0,0.0,0,0,0,0.0,0.0,0.0,0.0,0.0,0.0,0.0,0.0,0.0,0.0,0.0,0.0,0.0,0.0,0.0,0.0,0,-107875648.0,63,0.0,126,2.7184242562605685e+23,-0.0,ERR,ERR,ERR,ERR,ERR,ERR,ERR,ERR,ERR,ERR,ERR,ERR,ERR,ERR,ERR,ERR,ERR,ERR,ERR,ERR,ERR,ERR,ERR,ERR,ERR,ERR,ERR,ERR,ERR,ERR,ERR,ERR,ERR,ERR,ERR,ERR,ERR,ERR,ERR,ERR,ERR,ERR,ERR,ERR,ERR,ERR,ERR,ERR,ERR,ERR,ERR,ERR,ERR,ERR,ERR,ERR,ERR,ERR,ERR,ERR,ERR,ERR,ERR,ERR,ERR,ERR,ERR,34.0,80.0,35,0.0,0.0,0.0,0.0,0.0,0.0,0.0,0.0,0.0,0.0,0.0,0.0,0.0,0.0,0.0,0.0,64.4,0,116,56,50,65476,0,300,0,0,8,20529,65476,0,0,57672,80.0,0.0,0.0,0.0,0.0,0.0
2026-06-17T04:33:50,ERR,ERR,ERR,ERR,ERR,ERR,ERR,ERR,ERR,ERR,ERR,ERR,ERR,ERR,ERR,ERR,ERR,ERR,ERR,ERR,ERR,ERR,ERR,ERR,ERR,ERR,ERR,ERR,ERR,ERR,ERR,ERR,ERR,ERR,ERR,ERR,ERR,ERR,ERR,ERR,ERR,ERR,ERR,ERR,ERR,ERR,ERR,ERR,ERR,ERR,ERR,ERR,ERR,ERR,ERR,ERR,ERR,ERR,ERR,ERR,ERR,ERR,ERR,ERR,ERR,ERR,ERR,ERR,ERR,ERR,ERR,ERR,ERR,ERR,ERR,ERR,ERR,ERR,ERR,ERR,ERR,ERR,ERR,ERR,ERR,ERR,ERR,ERR,ERR,ERR,ERR,ERR,ERR,ERR,ERR,ERR,ERR,ERR,ERR,ERR,ERR,ERR,ERR,ERR,ERR,ERR,ERR,ERR,ERR,ERR,ERR,ERR,ERR,ERR,ERR,ERR,ERR,ERR,ERR,ERR,ERR,ERR,ERR,ERR,ERR,0.0,-107615328.0,0.0,0.0,0.0,1.3936040501711995e+18,7.805,0.0,0,0,4,0,7300,-0.0,0,0.0,0.0,0.0,0.0,0.0,0,0,0,0,0.0,0,0,0,0,0,0,0,0,0,0,0,0,0,0,0,0,0,0,0,0,0,0,0,0,0,0,0,0,0,0,0,0,0,32,30,30,62,65476,0,300,0,0,8,21553,0.0,-107605600.0,0.0,0.0,0.0,0.0,0.0,0.0,0.0,0.0,0.0,0.0,0.0,0.0,0.0,0.0,0.0,0.0,0.0,0.0,0.0,0.0,2.004,0.0,-0.0,-2.004,0.0,0.0,0.0,0.0,5437.0,8608195584.0,6954.0,0.0,-0.0,-107615280.0,-0.0,0.0,0.0,0.0,0.0,63,0.0,-71.63,0.0,0.0,0.0,0.0,0.0,0.0,0.0,0,0,0,0.0,0.0,0.0,0.0,0.0,0.0,0.0,0.0,0.0,0.0,0.0,0.0,0.0,0.0,0.0,0.0,0,-107875648.0,63,0.0,126,2.7184242562605685e+23,-0.0,ERR,ERR,ERR,ERR,ERR,ERR,ERR,ERR,ERR,ERR,ERR,ERR,ERR,ERR,ERR,ERR,ERR,ERR,ERR,ERR,ERR,ERR,ERR,ERR,ERR,ERR,ERR,ERR,ERR,ERR,ERR,ERR,ERR,ERR,ERR,ERR,ERR,ERR,ERR,ERR,ERR,ERR,ERR,ERR,ERR,ERR,ERR,ERR,ERR,ERR,ERR,ERR,ERR,ERR,ERR,ERR,ERR,ERR,ERR,ERR,ERR,ERR,ERR,ERR,ERR,ERR,ERR,34.0,80.0,35,0.0,0.0,0.0,0.0,0.0,0.0,0.0,0.0,0.0,0.0,0.0,0.0,0.0,0.0,0.0,0.0,64.4,0,116,56,50,65476,0,300,0,0,8,20529,65476,0,0,57672,80.0,0.0,0.0,0.0,0.0,0.0
2026-06-17T04:33:51,ERR,ERR,ERR,ERR,ERR,ERR,ERR,ERR,ERR,ERR,ERR,ERR,ERR,ERR,ERR,ERR,ERR,ERR,ERR,ERR,ERR,ERR,ERR,ERR,ERR,ERR,ERR,ERR,ERR,ERR,ERR,ERR,ERR,ERR,ERR,ERR,ERR,ERR,ERR,ERR,ERR,ERR,ERR,ERR,ERR,ERR,ERR,ERR,ERR,ERR,ERR,ERR,ERR,ERR,ERR,ERR,ERR,ERR,ERR,ERR,ERR,ERR,ERR,ERR,ERR,ERR,ERR,ERR,ERR,ERR,ERR,ERR,ERR,ERR,ERR,ERR,ERR,ERR,ERR,ERR,ERR,ERR,ERR,ERR,ERR,ERR,ERR,ERR,ERR,ERR,ERR,ERR,ERR,ERR,ERR,ERR,ERR,ERR,ERR,ERR,ERR,ERR,ERR,ERR,ERR,ERR,ERR,ERR,ERR,ERR,ERR,ERR,ERR,ERR,ERR,ERR,ERR,ERR,ERR,ERR,ERR,ERR,ERR,ERR,ERR,0.0,-107615328.0,0.0,0.0,0.0,1.3936040501711995e+18,7.805,0.0,0,0,4,0,7300,-0.0,0,0.0,0.0,0.0,0.0,0.0,0,0,0,0,0.0,0,0,0,0,0,0,0,0,0,0,0,0,0,0,0,0,0,0,0,0,0,0,0,0,0,0,0,0,0,0,0,0,0,32,30,30,62,65476,0,300,0,0,8,21553,0.0,-107605600.0,0.0,0.0,0.0,0.0,0.0,0.0,0.0,0.0,0.0,0.0,0.0,0.0,0.0,0.0,0.0,0.0,0.0,0.0,0.0,0.0,2.004,0.0,-0.0,-2.004,0.0,0.0,0.0,0.0,5437.0,8608195584.0,6954.0,0.0,-0.0,-107615280.0,-0.0,0.0,0.0,0.0,0.0,63,0.0,-71.63,0.0,0.0,0.0,0.0,0.0,0.0,0.0,0,0,0,0.0,0.0,0.0,0.0,0.0,0.0,0.0,0.0,0.0,0.0,0.0,0.0,0.0,0.0,0.0,0.0,0,-107875648.0,63,0.0,126,2.7184242562605685e+23,-0.0,ERR,ERR,ERR,ERR,ERR,ERR,ERR,ERR,ERR,ERR,ERR,ERR,ERR,ERR,ERR,ERR,ERR,ERR,ERR,ERR,ERR,ERR,ERR,ERR,ERR,ERR,ERR,ERR,ERR,ERR,ERR,ERR,ERR,ERR,ERR,ERR,ERR,ERR,ERR,ERR,ERR,ERR,ERR,ERR,ERR,ERR,ERR,ERR,ERR,ERR,ERR,ERR,ERR,ERR,ERR,ERR,ERR,ERR,ERR,ERR,ERR,ERR,ERR,ERR,ERR,ERR,ERR,34.0,80.0,35,0.0,0.0,0.0,0.0,0.0,0.0,0.0,0.0,0.0,0.0,0.0,0.0,0.0,0.0,0.0,0.0,64.4,0,116,56,50,65476,0,300,0,0,8,20529,65476,0,0,57672,80.0,0.0,0.0,0.0,0.0,0.0
2026-06-17T04:33:52,ERR,ERR,ERR,ERR,ERR,ERR,ERR,ERR,ERR,ERR,ERR,ERR,ERR,ERR,ERR,ERR,ERR,ERR,ERR,ERR,ERR,ERR,ERR,ERR,ERR,ERR,ERR,ERR,ERR,ERR,ERR,ERR,ERR,ERR,ERR,ERR,ERR,ERR,ERR,ERR,ERR,ERR,ERR,ERR,ERR,ERR,ERR,ERR,ERR,ERR,ERR,ERR,ERR,ERR,ERR,ERR,ERR,ERR,ERR,ERR,ERR,ERR,ERR,ERR,ERR,ERR,ERR,ERR,ERR,ERR,ERR,ERR,ERR,ERR,ERR,ERR,ERR,ERR,ERR,ERR,ERR,ERR,ERR,ERR,ERR,ERR,ERR,ERR,ERR,ERR,ERR,ERR,ERR,ERR,ERR,ERR,ERR,ERR,ERR,ERR,ERR,ERR,ERR,ERR,ERR,ERR,ERR,ERR,ERR,ERR,ERR,ERR,ERR,ERR,ERR,ERR,ERR,ERR,ERR,ERR,ERR,ERR,ERR,ERR,ERR,0.0,-107615328.0,0.0,0.0,0.0,1.3936040501711995e+18,7.805,0.0,0,0,4,0,7300,-0.0,0,0.0,0.0,0.0,0.0,0.0,0,0,0,0,0.0,0,0,0,0,0,0,0,0,0,0,0,0,0,0,0,0,0,0,0,0,0,0,0,0,0,0,0,0,0,0,0,0,0,32,30,30,62,65476,0,300,0,0,8,21553,0.0,-107605600.0,0.0,0.0,0.0,0.0,0.0,0.0,0.0,0.0,0.0,0.0,0.0,0.0,0.0,0.0,0.0,0.0,0.0,0.0,0.0,0.0,2.004,0.0,-0.0,-2.004,0.0,0.0,0.0,0.0,5437.0,8608195584.0,6954.0,0.0,-0.0,-107615280.0,-0.0,0.0,0.0,0.0,0.0,63,0.0,-71.63,0.0,0.0,0.0,0.0,0.0,0.0,0.0,0,0,0,0.0,0.0,0.0,0.0,0.0,0.0,0.0,0.0,0.0,0.0,0.0,0.0,0.0,0.0,0.0,0.0,0,-107875648.0,63,0.0,126,2.7184242562605685e+23,-0.0,ERR,ERR,ERR,ERR,ERR,ERR,ERR,ERR,ERR,ERR,ERR,ERR,ERR,ERR,ERR,ERR,ERR,ERR,ERR,ERR,ERR,ERR,ERR,ERR,ERR,ERR,ERR,ERR,ERR,ERR,ERR,ERR,ERR,ERR,ERR,ERR,ERR,ERR,ERR,ERR,ERR,ERR,ERR,ERR,ERR,ERR,ERR,ERR,ERR,ERR,ERR,ERR,ERR,ERR,ERR,ERR,ERR,ERR,ERR,ERR,ERR,ERR,ERR,ERR,ERR,ERR,ERR,34.0,80.0,35,0.0,0.0,0.0,0.0,0.0,0.0,0.0,0.0,0.0,0.0,0.0,0.0,0.0,0.0,0.0,0.0,64.4,0,116,56,50,65476,0,300,0,0,8,20529,65476,0,0,57672,80.0,0.0,0.0,0.0,0.0,0.0
2026-06-17T04:33:53,ERR,ERR,ERR,ERR,ERR,ERR,ERR,ERR,ERR,ERR,ERR,ERR,ERR,ERR,ERR,ERR,ERR,ERR,ERR,ERR,ERR,ERR,ERR,ERR,ERR,ERR,ERR,ERR,ERR,ERR,ERR,ERR,ERR,ERR,ERR,ERR,ERR,ERR,ERR,ERR,ERR,ERR,ERR,ERR,ERR,ERR,ERR,ERR,ERR,ERR,ERR,ERR,ERR,ERR,ERR,ERR,ERR,ERR,ERR,ERR,ERR,ERR,ERR,ERR,ERR,ERR,ERR,ERR,ERR,ERR,ERR,ERR,ERR,ERR,ERR,ERR,ERR,ERR,ERR,ERR,ERR,ERR,ERR,ERR,ERR,ERR,ERR,ERR,ERR,ERR,ERR,ERR,ERR,ERR,ERR,ERR,ERR,ERR,ERR,ERR,ERR,ERR,ERR,ERR,ERR,ERR,ERR,ERR,ERR,ERR,ERR,ERR,ERR,ERR,ERR,ERR,ERR,ERR,ERR,ERR,ERR,ERR,ERR,ERR,ERR,0.0,-0.0,3.028208139652935e+23,0.0,0.0,1.3936040501711995e+18,7.805,0.0,0,0,4,0,7300,-0.0,0,0.0,0.0,0.0,0.0,0.0,0,0,0,0,0.0,0,0,0,0,0,0,0,0,0,0,0,0,0,0,0,0,0,0,0,0,0,0,0,0,0,0,0,0,0,0,0,0,0,32,30,30,62,65476,0,300,0,0,8,21553,0.0,-107605600.0,0.0,0.0,0.0,0.0,0.0,0.0,0.0,0.0,0.0,0.0,0.0,0.0,0.0,0.0,0.0,0.0,0.0,0.0,0.0,0.0,2.004,0.0,-0.0,-2.004,0.0,0.0,0.0,0.0,5435.0,0.0,6950.0,0.0,-0.0,-107615280.0,-0.0,0.0,0.0,0.0,0.0,63,0.0,-0.0,0.0,0.0,0.0,0.0,0.0,0.0,0.0,0,0,0,0.0,0.0,0.0,0.0,0.0,0.0,0.0,0.0,0.0,0.0,0.0,0.0,0.0,0.0,0.0,0.0,0,-107875648.0,63,0.0,126,2.7184242562605685e+23,-0.0,ERR,ERR,ERR,ERR,ERR,ERR,ERR,ERR,ERR,ERR,ERR,ERR,ERR,ERR,ERR,ERR,ERR,ERR,ERR,ERR,ERR,ERR,ERR,ERR,ERR,ERR,ERR,ERR,ERR,ERR,ERR,ERR,ERR,ERR,ERR,ERR,ERR,ERR,ERR,ERR,ERR,ERR,ERR,ERR,ERR,ERR,ERR,ERR,ERR,ERR,ERR,ERR,ERR,ERR,ERR,ERR,ERR,ERR,ERR,ERR,ERR,ERR,ERR,ERR,ERR,ERR,ERR,34.0,80.0,35,0.0,0.0,0.0,0.0,0.0,0.0,0.0,0.0,0.0,0.0,0.0,0.0,0.0,0.0,0.0,0.0,64.8,0,116,56,50,65476,0,300,0,0,8,20529,65476,0,0,57672,80.0,0.0,0.0,0.0,0.0,0.0
2026-06-17T04:33:54,ERR,ERR,ERR,ERR,ERR,ERR,ERR,ERR,ERR,ERR,ERR,ERR,ERR,ERR,ERR,ERR,ERR,ERR,ERR,ERR,ERR,ERR,ERR,ERR,ERR,ERR,ERR,ERR,ERR,ERR,ERR,ERR,ERR,ERR,ERR,ERR,ERR,ERR,ERR,ERR,ERR,ERR,ERR,ERR,ERR,ERR,ERR,ERR,ERR,ERR,ERR,ERR,ERR,ERR,ERR,ERR,ERR,ERR,ERR,ERR,ERR,ERR,ERR,ERR,ERR,ERR,ERR,ERR,ERR,ERR,ERR,ERR,ERR,ERR,ERR,ERR,ERR,ERR,ERR,ERR,ERR,ERR,ERR,ERR,ERR,ERR,ERR,ERR,ERR,ERR,ERR,ERR,ERR,ERR,ERR,ERR,ERR,ERR,ERR,ERR,ERR,ERR,ERR,ERR,ERR,ERR,ERR,ERR,ERR,ERR,ERR,ERR,ERR,ERR,ERR,ERR,ERR,ERR,ERR,ERR,ERR,ERR,ERR,ERR,ERR,0.0,-0.0,3.028208139652935e+23,0.0,0.0,1.3936040501711995e+18,7.805,0.0,0,0,4,0,7300,-0.0,0,0.0,0.0,0.0,0.0,0.0,0,0,0,0,0.0,0,0,0,0,0,0,0,0,0,0,0,0,0,0,0,0,0,0,0,0,0,0,0,0,0,0,0,0,0,0,0,0,0,32,30,30,62,65476,0,300,0,0,8,21553,0.0,-107605600.0,0.0,0.0,0.0,0.0,0.0,0.0,0.0,0.0,0.0,0.0,0.0,0.0,0.0,0.0,0.0,0.0,0.0,0.0,0.0,0.0,2.004,0.0,-0.0,-2.004,0.0,0.0,0.0,0.0,5435.0,0.0,6950.0,0.0,-0.0,-107615280.0,-0.0,0.0,0.0,0.0,0.0,63,0.0,-0.0,0.0,0.0,0.0,0.0,0.0,0.0,0.0,0,0,0,0.0,0.0,0.0,0.0,0.0,0.0,0.0,0.0,0.0,0.0,0.0,0.0,0.0,0.0,0.0,0.0,0,-107875648.0,63,0.0,126,2.7184242562605685e+23,-0.0,ERR,ERR,ERR,ERR,ERR,ERR,ERR,ERR,ERR,ERR,ERR,ERR,ERR,ERR,ERR,ERR,ERR,ERR,ERR,ERR,ERR,ERR,ERR,ERR,ERR,ERR,ERR,ERR,ERR,ERR,ERR,ERR,ERR,ERR,ERR,ERR,ERR,ERR,ERR,ERR,ERR,ERR,ERR,ERR,ERR,ERR,ERR,ERR,ERR,ERR,ERR,ERR,ERR,ERR,ERR,ERR,ERR,ERR,ERR,ERR,ERR,ERR,ERR,ERR,ERR,ERR,ERR,34.0,80.0,35,0.0,0.0,0.0,0.0,0.0,0.0,0.0,0.0,0.0,0.0,0.0,0.0,0.0,0.0,0.0,0.0,64.8,0,116,56,50,65476,0,300,0,0,8,20529,65476,0,0,57672,80.0,0.0,0.0,0.0,0.0,0.0
2026-06-17T04:33:55,ERR,ERR,ERR,ERR,ERR,ERR,ERR,ERR,ERR,ERR,ERR,ERR,ERR,ERR,ERR,ERR,ERR,ERR,ERR,ERR,ERR,ERR,ERR,ERR,ERR,ERR,ERR,ERR,ERR,ERR,ERR,ERR,ERR,ERR,ERR,ERR,ERR,ERR,ERR,ERR,ERR,ERR,ERR,ERR,ERR,ERR,ERR,ERR,ERR,ERR,ERR,ERR,ERR,ERR,ERR,ERR,ERR,ERR,ERR,ERR,ERR,ERR,ERR,ERR,ERR,ERR,ERR,ERR,ERR,ERR,ERR,ERR,ERR,ERR,ERR,ERR,ERR,ERR,ERR,ERR,ERR,ERR,ERR,ERR,ERR,ERR,ERR,ERR,ERR,ERR,ERR,ERR,ERR,ERR,ERR,ERR,ERR,ERR,ERR,ERR,ERR,ERR,ERR,ERR,ERR,ERR,ERR,ERR,ERR,ERR,ERR,ERR,ERR,ERR,ERR,ERR,ERR,ERR,ERR,ERR,ERR,ERR,ERR,ERR,ERR,0.0,-0.0,3.028208139652935e+23,0.0,0.0,1.3936040501711995e+18,7.805,0.0,0,0,4,0,7300,-0.0,0,0.0,0.0,0.0,0.0,0.0,0,0,0,0,0.0,0,0,0,0,0,0,0,0,0,0,0,0,0,0,0,0,0,0,0,0,0,0,0,0,0,0,0,0,0,0,0,0,0,32,30,30,62,65476,0,300,0,0,8,21553,0.0,-107605600.0,0.0,0.0,0.0,0.0,0.0,0.0,0.0,0.0,0.0,0.0,0.0,0.0,0.0,0.0,0.0,0.0,0.0,0.0,0.0,0.0,2.004,0.0,-0.0,-2.004,0.0,0.0,0.0,0.0,5435.0,0.0,6950.0,0.0,-0.0,-107615280.0,-0.0,0.0,0.0,0.0,0.0,63,0.0,-0.0,0.0,0.0,0.0,0.0,0.0,0.0,0.0,0,0,0,0.0,0.0,0.0,0.0,0.0,0.0,0.0,0.0,0.0,0.0,0.0,0.0,0.0,0.0,0.0,0.0,0,-107875648.0,63,0.0,126,2.7184242562605685e+23,-0.0,ERR,ERR,ERR,ERR,ERR,ERR,ERR,ERR,ERR,ERR,ERR,ERR,ERR,ERR,ERR,ERR,ERR,ERR,ERR,ERR,ERR,ERR,ERR,ERR,ERR,ERR,ERR,ERR,ERR,ERR,ERR,ERR,ERR,ERR,ERR,ERR,ERR,ERR,ERR,ERR,ERR,ERR,ERR,ERR,ERR,ERR,ERR,ERR,ERR,ERR,ERR,ERR,ERR,ERR,ERR,ERR,ERR,ERR,ERR,ERR,ERR,ERR,ERR,ERR,ERR,ERR,ERR,34.0,80.0,35,0.0,0.0,0.0,0.0,0.0,0.0,0.0,0.0,0.0,0.0,0.0,0.0,0.0,0.0,0.0,0.0,64.4,0,116,56,50,65476,0,300,0,0,8,20529,65476,0,0,57672,80.0,0.0,0.0,0.0,0.0,0.0
2026-06-17T04:33:56,ERR,ERR,ERR,ERR,ERR,ERR,ERR,ERR,ERR,ERR,ERR,ERR,ERR,ERR,ERR,ERR,ERR,ERR,ERR,ERR,ERR,ERR,ERR,ERR,ERR,ERR,ERR,ERR,ERR,ERR,ERR,ERR,ERR,ERR,ERR,ERR,ERR,ERR,ERR,ERR,ERR,ERR,ERR,ERR,ERR,ERR,ERR,ERR,ERR,ERR,ERR,ERR,ERR,ERR,ERR,ERR,ERR,ERR,ERR,ERR,ERR,ERR,ERR,ERR,ERR,ERR,ERR,ERR,ERR,ERR,ERR,ERR,ERR,ERR,ERR,ERR,ERR,ERR,ERR,ERR,ERR,ERR,ERR,ERR,ERR,ERR,ERR,ERR,ERR,ERR,ERR,ERR,ERR,ERR,ERR,ERR,ERR,ERR,ERR,ERR,ERR,ERR,ERR,ERR,ERR,ERR,ERR,ERR,ERR,ERR,ERR,ERR,ERR,ERR,ERR,ERR,ERR,ERR,ERR,ERR,ERR,ERR,ERR,ERR,ERR,0.0,-0.0,3.028208139652935e+23,0.0,0.0,1.3936040501711995e+18,7.805,0.0,0,0,4,0,7300,-0.0,0,0.0,0.0,0.0,0.0,0.0,0,0,0,0,0.0,0,0,0,0,0,0,0,0,0,0,0,0,0,0,0,0,0,0,0,0,0,0,0,0,0,0,0,0,0,0,0,0,0,32,30,30,62,65476,0,300,0,0,8,21553,0.0,-107605600.0,0.0,0.0,0.0,0.0,0.0,0.0,0.0,0.0,0.0,0.0,0.0,0.0,0.0,0.0,0.0,0.0,0.0,0.0,0.0,0.0,2.004,0.0,-0.0,-2.004,0.0,0.0,0.0,0.0,5435.0,0.0,6950.0,0.0,-0.0,-107615280.0,-0.0,0.0,0.0,0.0,0.0,63,0.0,-0.0,0.0,0.0,0.0,0.0,0.0,0.0,0.0,0,0,0,0.0,0.0,0.0,0.0,0.0,0.0,0.0,0.0,0.0,0.0,0.0,0.0,0.0,0.0,0.0,0.0,0,-107875648.0,63,0.0,126,2.7184242562605685e+23,-0.0,ERR,ERR,ERR,ERR,ERR,ERR,ERR,ERR,ERR,ERR,ERR,ERR,ERR,ERR,ERR,ERR,ERR,ERR,ERR,ERR,ERR,ERR,ERR,ERR,ERR,ERR,ERR,ERR,ERR,ERR,ERR,ERR,ERR,ERR,ERR,ERR,ERR,ERR,ERR,ERR,ERR,ERR,ERR,ERR,ERR,ERR,ERR,ERR,ERR,ERR,ERR,ERR,ERR,ERR,ERR,ERR,ERR,ERR,ERR,ERR,ERR,ERR,ERR,ERR,ERR,ERR,ERR,34.0,80.0,35,0.0,0.0,0.0,0.0,0.0,0.0,0.0,0.0,0.0,0.0,0.0,0.0,0.0,0.0,0.0,0.0,64.4,0,116,56,50,65476,0,300,0,0,8,20529,65476,0,0,57672,80.0,0.0,0.0,0.0,0.0,0.0
2026-06-17T04:33:57,ERR,ERR,ERR,ERR,ERR,ERR,ERR,ERR,ERR,ERR,ERR,ERR,ERR,ERR,ERR,ERR,ERR,ERR,ERR,ERR,ERR,ERR,ERR,ERR,ERR,ERR,ERR,ERR,ERR,ERR,ERR,ERR,ERR,ERR,ERR,ERR,ERR,ERR,ERR,ERR,ERR,ERR,ERR,ERR,ERR,ERR,ERR,ERR,ERR,ERR,ERR,ERR,ERR,ERR,ERR,ERR,ERR,ERR,ERR,ERR,ERR,ERR,ERR,ERR,ERR,ERR,ERR,ERR,ERR,ERR,ERR,ERR,ERR,ERR,ERR,ERR,ERR,ERR,ERR,ERR,ERR,ERR,ERR,ERR,ERR,ERR,ERR,ERR,ERR,ERR,ERR,ERR,ERR,ERR,ERR,ERR,ERR,ERR,ERR,ERR,ERR,ERR,ERR,ERR,ERR,ERR,ERR,ERR,ERR,ERR,ERR,ERR,ERR,ERR,ERR,ERR,ERR,ERR,ERR,ERR,ERR,ERR,ERR,ERR,ERR,0.0,-0.0,3.028208139652935e+23,0.0,0.0,1.3936040501711995e+18,7.805,0.0,0,0,4,0,7300,-0.0,0,0.0,0.0,0.0,0.0,0.0,0,0,0,0,0.0,0,0,0,0,0,0,0,0,0,0,0,0,0,0,0,0,0,0,0,0,0,0,0,0,0,0,0,0,0,0,0,0,0,32,30,30,62,65476,0,300,0,0,8,21553,0.0,-107605600.0,0.0,0.0,0.0,0.0,0.0,0.0,0.0,0.0,0.0,0.0,0.0,0.0,0.0,0.0,0.0,0.0,0.0,0.0,0.0,0.0,2.004,0.0,-0.0,-2.004,0.0,0.0,0.0,0.0,5435.0,0.0,6950.0,0.0,-0.0,-107615280.0,-0.0,0.0,0.0,0.0,0.0,63,0.0,-0.0,0.0,0.0,0.0,0.0,0.0,0.0,0.0,0,0,0,0.0,0.0,0.0,0.0,0.0,0.0,0.0,0.0,0.0,0.0,0.0,0.0,0.0,0.0,0.0,0.0,0,-107875648.0,63,0.0,126,2.7184242562605685e+23,-0.0,ERR,ERR,ERR,ERR,ERR,ERR,ERR,ERR,ERR,ERR,ERR,ERR,ERR,ERR,ERR,ERR,ERR,ERR,ERR,ERR,ERR,ERR,ERR,ERR,ERR,ERR,ERR,ERR,ERR,ERR,ERR,ERR,ERR,ERR,ERR,ERR,ERR,ERR,ERR,ERR,ERR,ERR,ERR,ERR,ERR,ERR,ERR,ERR,ERR,ERR,ERR,ERR,ERR,ERR,ERR,ERR,ERR,ERR,ERR,ERR,ERR,ERR,ERR,ERR,ERR,ERR,ERR,34.0,80.0,35,0.0,0.0,0.0,0.0,0.0,0.0,0.0,0.0,0.0,0.0,0.0,0.0,0.0,0.0,0.0,0.0,64.4,0,116,56,50,65476,0,300,0,0,8,20529,65476,0,0,57672,80.0,0.0,0.0,0.0,0.0,0.0
2026-06-17T04:33:58,ERR,ERR,ERR,ERR,ERR,ERR,ERR,ERR,ERR,ERR,ERR,ERR,ERR,ERR,ERR,ERR,ERR,ERR,ERR,ERR,ERR,ERR,ERR,ERR,ERR,ERR,ERR,ERR,ERR,ERR,ERR,ERR,ERR,ERR,ERR,ERR,ERR,ERR,ERR,ERR,ERR,ERR,ERR,ERR,ERR,ERR,ERR,ERR,ERR,ERR,ERR,ERR,ERR,ERR,ERR,ERR,ERR,ERR,ERR,ERR,ERR,ERR,ERR,ERR,ERR,ERR,ERR,ERR,ERR,ERR,ERR,ERR,ERR,ERR,ERR,ERR,ERR,ERR,ERR,ERR,ERR,ERR,ERR,ERR,ERR,ERR,ERR,ERR,ERR,ERR,ERR,ERR,ERR,ERR,ERR,ERR,ERR,ERR,ERR,ERR,ERR,ERR,ERR,ERR,ERR,ERR,ERR,ERR,ERR,ERR,ERR,ERR,ERR,ERR,ERR,ERR,ERR,ERR,ERR,ERR,ERR,ERR,ERR,ERR,ERR,0.0,-107615328.0,0.0,0.0,0.0,1.3936040501711995e+18,7.805,0.0,0,0,4,0,7300,-0.0,0,0.0,0.0,0.0,0.0,0.0,0,0,0,0,0.0,0,0,0,0,0,0,0,0,0,0,0,0,0,0,0,0,0,0,0,0,0,0,0,0,0,0,0,0,0,0,0,0,0,32,30,30,62,65476,0,300,0,0,8,21553,0.0,-107605600.0,0.0,0.0,0.0,0.0,0.0,0.0,0.0,0.0,0.0,0.0,0.0,0.0,0.0,0.0,0.0,0.0,0.0,0.0,0.0,0.0,2.004,-2.004,-0.0,-2.004,0.0,0.0,0.0,0.0,5438.0,2.004,6952.0,0.0,-0.0,-107615280.0,-0.0,0.0,0.0,0.0,0.0,63,0.0,-0.0,0.0,0.0,0.0,0.0,0.0,0.0,0.0,0,0,0,0.0,0.0,0.0,0.0,0.0,0.0,0.0,0.0,0.0,0.0,0.0,0.0,0.0,0.0,0.0,0.0,0,-107875648.0,63,0.0,126,2.7184242562605685e+23,-0.0,ERR,ERR,ERR,ERR,ERR,ERR,ERR,ERR,ERR,ERR,ERR,ERR,ERR,ERR,ERR,ERR,ERR,ERR,ERR,ERR,ERR,ERR,ERR,ERR,ERR,ERR,ERR,ERR,ERR,ERR,ERR,ERR,ERR,ERR,ERR,ERR,ERR,ERR,ERR,ERR,ERR,ERR,ERR,ERR,ERR,ERR,ERR,ERR,ERR,ERR,ERR,ERR,ERR,ERR,ERR,ERR,ERR,ERR,ERR,ERR,ERR,ERR,ERR,ERR,ERR,ERR,ERR,34.0,80.0,35,0.0,0.0,0.0,0.0,0.0,0.0,0.0,0.0,0.0,0.0,0.0,0.0,0.0,0.0,0.0,0.0,64.4,0,116,56,50,65476,0,300,0,0,8,20529,65476,0,0,57672,80.0,0.0,0.0,0.0,0.0,0.0
2026-06-17T04:33:59,ERR,ERR,ERR,ERR,ERR,ERR,ERR,ERR,ERR,ERR,ERR,ERR,ERR,ERR,ERR,ERR,ERR,ERR,ERR,ERR,ERR,ERR,ERR,ERR,ERR,ERR,ERR,ERR,ERR,ERR,ERR,ERR,ERR,ERR,ERR,ERR,ERR,ERR,ERR,ERR,ERR,ERR,ERR,ERR,ERR,ERR,ERR,ERR,ERR,ERR,ERR,ERR,ERR,ERR,ERR,ERR,ERR,ERR,ERR,ERR,ERR,ERR,ERR,ERR,ERR,ERR,ERR,ERR,ERR,ERR,ERR,ERR,ERR,ERR,ERR,ERR,ERR,ERR,ERR,ERR,ERR,ERR,ERR,ERR,ERR,ERR,ERR,ERR,ERR,ERR,ERR,ERR,ERR,ERR,ERR,ERR,ERR,ERR,ERR,ERR,ERR,ERR,ERR,ERR,ERR,ERR,ERR,ERR,ERR,ERR,ERR,ERR,ERR,ERR,ERR,ERR,ERR,ERR,ERR,ERR,ERR,ERR,ERR,ERR,ERR,0.0,-107615328.0,0.0,0.0,0.0,1.3936040501711995e+18,7.805,0.0,0,0,4,0,7300,-0.0,0,0.0,0.0,0.0,0.0,0.0,0,0,0,0,0.0,0,0,0,0,0,0,0,0,0,0,0,0,0,0,0,0,0,0,0,0,0,0,0,0,0,0,0,0,0,0,0,0,0,32,30,30,62,65476,0,300,0,0,8,21553,0.0,-107605600.0,0.0,0.0,0.0,0.0,0.0,0.0,0.0,0.0,0.0,0.0,0.0,0.0,0.0,0.0,0.0,0.0,0.0,0.0,0.0,0.0,2.004,-2.004,-0.0,-2.004,0.0,0.0,0.0,0.0,5438.0,2.004,6952.0,0.0,-0.0,-107615280.0,-0.0,0.0,0.0,0.0,0.0,63,0.0,-0.0,0.0,0.0,0.0,0.0,0.0,0.0,0.0,0,0,0,0.0,0.0,0.0,0.0,0.0,0.0,0.0,0.0,0.0,0.0,0.0,0.0,0.0,0.0,0.0,0.0,0,-107875648.0,63,0.0,126,2.7184242562605685e+23,-0.0,ERR,ERR,ERR,ERR,ERR,ERR,ERR,ERR,ERR,ERR,ERR,ERR,ERR,ERR,ERR,ERR,ERR,ERR,ERR,ERR,ERR,ERR,ERR,ERR,ERR,ERR,ERR,ERR,ERR,ERR,ERR,ERR,ERR,ERR,ERR,ERR,ERR,ERR,ERR,ERR,ERR,ERR,ERR,ERR,ERR,ERR,ERR,ERR,ERR,ERR,ERR,ERR,ERR,ERR,ERR,ERR,ERR,ERR,ERR,ERR,ERR,ERR,ERR,ERR,ERR,ERR,ERR,34.0,80.0,35,0.0,0.0,0.0,0.0,0.0,0.0,0.0,0.0,0.0,0.0,0.0,0.0,0.0,0.0,0.0,0.0,64.8,0,116,56,50,65476,0,300,0,0,8,20529,65476,0,0,57672,80.0,0.0,0.0,0.0,0.0,0.0
2026-06-17T04:34:00,ERR,ERR,ERR,ERR,ERR,ERR,ERR,ERR,ERR,ERR,ERR,ERR,ERR,ERR,ERR,ERR,ERR,ERR,ERR,ERR,ERR,ERR,ERR,ERR,ERR,ERR,ERR,ERR,ERR,ERR,ERR,ERR,ERR,ERR,ERR,ERR,ERR,ERR,ERR,ERR,ERR,ERR,ERR,ERR,ERR,ERR,ERR,ERR,ERR,ERR,ERR,ERR,ERR,ERR,ERR,ERR,ERR,ERR,ERR,ERR,ERR,ERR,ERR,ERR,ERR,ERR,ERR,ERR,ERR,ERR,ERR,ERR,ERR,ERR,ERR,ERR,ERR,ERR,ERR,ERR,ERR,ERR,ERR,ERR,ERR,ERR,ERR,ERR,ERR,ERR,ERR,ERR,ERR,ERR,ERR,ERR,ERR,ERR,ERR,ERR,ERR,ERR,ERR,ERR,ERR,ERR,ERR,ERR,ERR,ERR,ERR,ERR,ERR,ERR,ERR,ERR,ERR,ERR,ERR,ERR,ERR,ERR,ERR,ERR,ERR,0.0,-107615328.0,0.0,0.0,0.0,1.3936040501711995e+18,7.805,0.0,0,0,4,0,7300,-0.0,0,0.0,0.0,0.0,0.0,0.0,0,0,0,0,0.0,0,0,0,0,0,0,0,0,0,0,0,0,0,0,0,0,0,0,0,0,0,0,0,0,0,0,0,0,0,0,0,0,0,32,30,30,62,65476,0,300,0,0,8,21553,0.0,-107605600.0,0.0,0.0,0.0,0.0,0.0,0.0,0.0,0.0,0.0,0.0,0.0,0.0,0.0,0.0,0.0,0.0,0.0,0.0,0.0,0.0,2.004,-2.004,-0.0,-2.004,0.0,0.0,0.0,0.0,5438.0,2.004,6952.0,0.0,-0.0,-107615280.0,-0.0,0.0,0.0,0.0,0.0,63,0.0,-0.0,0.0,0.0,0.0,0.0,0.0,0.0,0.0,0,0,0,0.0,0.0,0.0,0.0,0.0,0.0,0.0,0.0,0.0,0.0,0.0,0.0,0.0,0.0,0.0,0.0,0,-107875648.0,63,0.0,126,2.7184242562605685e+23,-0.0,ERR,ERR,ERR,ERR,ERR,ERR,ERR,ERR,ERR,ERR,ERR,ERR,ERR,ERR,ERR,ERR,ERR,ERR,ERR,ERR,ERR,ERR,ERR,ERR,ERR,ERR,ERR,ERR,ERR,ERR,ERR,ERR,ERR,ERR,ERR,ERR,ERR,ERR,ERR,ERR,ERR,ERR,ERR,ERR,ERR,ERR,ERR,ERR,ERR,ERR,ERR,ERR,ERR,ERR,ERR,ERR,ERR,ERR,ERR,ERR,ERR,ERR,ERR,ERR,ERR,ERR,ERR,34.0,80.0,35,0.0,0.0,0.0,0.0,0.0,0.0,0.0,0.0,0.0,0.0,0.0,0.0,0.0,0.0,0.0,0.0,64.8,0,116,56,50,65476,0,300,0,0,8,20529,65476,0,0,57672,80.0,0.0,0.0,0.0,0.0,0.0
2026-06-17T04:34:01,ERR,ERR,ERR,ERR,ERR,ERR,ERR,ERR,ERR,ERR,ERR,ERR,ERR,ERR,ERR,ERR,ERR,ERR,ERR,ERR,ERR,ERR,ERR,ERR,ERR,ERR,ERR,ERR,ERR,ERR,ERR,ERR,ERR,ERR,ERR,ERR,ERR,ERR,ERR,ERR,ERR,ERR,ERR,ERR,ERR,ERR,ERR,ERR,ERR,ERR,ERR,ERR,ERR,ERR,ERR,ERR,ERR,ERR,ERR,ERR,ERR,ERR,ERR,ERR,ERR,ERR,ERR,ERR,ERR,ERR,ERR,ERR,ERR,ERR,ERR,ERR,ERR,ERR,ERR,ERR,ERR,ERR,ERR,ERR,ERR,ERR,ERR,ERR,ERR,ERR,ERR,ERR,ERR,ERR,ERR,ERR,ERR,ERR,ERR,ERR,ERR,ERR,ERR,ERR,ERR,ERR,ERR,ERR,ERR,ERR,ERR,ERR,ERR,ERR,ERR,ERR,ERR,ERR,ERR,ERR,ERR,ERR,ERR,ERR,ERR,0.0,-107615328.0,0.0,0.0,0.0,1.3936040501711995e+18,7.805,0.0,0,0,4,0,7300,-0.0,0,0.0,0.0,0.0,0.0,0.0,0,0,0,0,0.0,0,0,0,0,0,0,0,0,0,0,0,0,0,0,0,0,0,0,0,0,0,0,0,0,0,0,0,0,0,0,0,0,0,32,30,30,62,65476,0,300,0,0,8,21553,0.0,-107605600.0,0.0,0.0,0.0,0.0,0.0,0.0,0.0,0.0,0.0,0.0,0.0,0.0,0.0,0.0,0.0,0.0,0.0,0.0,0.0,0.0,2.004,-2.004,-0.0,-2.004,0.0,0.0,0.0,0.0,5438.0,2.004,6952.0,0.0,-0.0,-107615280.0,-0.0,0.0,0.0,0.0,0.0,63,0.0,-0.0,0.0,0.0,0.0,0.0,0.0,0.0,0.0,0,0,0,0.0,0.0,0.0,0.0,0.0,0.0,0.0,0.0,0.0,0.0,0.0,0.0,0.0,0.0,0.0,0.0,0,-107875648.0,63,0.0,126,2.7184242562605685e+23,-0.0,ERR,ERR,ERR,ERR,ERR,ERR,ERR,ERR,ERR,ERR,ERR,ERR,ERR,ERR,ERR,ERR,ERR,ERR,ERR,ERR,ERR,ERR,ERR,ERR,ERR,ERR,ERR,ERR,ERR,ERR,ERR,ERR,ERR,ERR,ERR,ERR,ERR,ERR,ERR,ERR,ERR,ERR,ERR,ERR,ERR,ERR,ERR,ERR,ERR,ERR,ERR,ERR,ERR,ERR,ERR,ERR,ERR,ERR,ERR,ERR,ERR,ERR,ERR,ERR,ERR,ERR,ERR,34.0,80.0,35,0.0,0.0,0.0,0.0,0.0,0.0,0.0,0.0,0.0,0.0,0.0,0.0,0.0,0.0,0.0,0.0,64.8,0,116,56,50,65476,0,300,0,0,8,20529,65476,0,0,57672,80.0,0.0,0.0,0.0,0.0,0.0
2026-06-17T04:34:02,ERR,ERR,ERR,ERR,ERR,ERR,ERR,ERR,ERR,ERR,ERR,ERR,ERR,ERR,ERR,ERR,ERR,ERR,ERR,ERR,ERR,ERR,ERR,ERR,ERR,ERR,ERR,ERR,ERR,ERR,ERR,ERR,ERR,ERR,ERR,ERR,ERR,ERR,ERR,ERR,ERR,ERR,ERR,ERR,ERR,ERR,ERR,ERR,ERR,ERR,ERR,ERR,ERR,ERR,ERR,ERR,ERR,ERR,ERR,ERR,ERR,ERR,ERR,ERR,ERR,ERR,ERR,ERR,ERR,ERR,ERR,ERR,ERR,ERR,ERR,ERR,ERR,ERR,ERR,ERR,ERR,ERR,ERR,ERR,ERR,ERR,ERR,ERR,ERR,ERR,ERR,ERR,ERR,ERR,ERR,ERR,ERR,ERR,ERR,ERR,ERR,ERR,ERR,ERR,ERR,ERR,ERR,ERR,ERR,ERR,ERR,ERR,ERR,ERR,ERR,ERR,ERR,ERR,ERR,ERR,ERR,ERR,ERR,ERR,ERR,0.0,-107615328.0,0.0,0.0,0.0,1.3936040501711995e+18,7.805,0.0,0,0,4,0,7300,-0.0,0,0.0,0.0,0.0,0.0,0.0,0,0,0,0,0.0,0,0,0,0,0,0,0,0,0,0,0,0,0,0,0,0,0,0,0,0,0,0,0,0,0,0,0,0,0,0,0,0,0,32,30,30,62,65476,0,300,0,0,8,21553,0.0,-107605600.0,0.0,0.0,0.0,0.0,0.0,0.0,0.0,0.0,0.0,0.0,0.0,0.0,0.0,0.0,0.0,0.0,0.0,0.0,0.0,0.0,2.004,-2.004,-0.0,-2.004,0.0,0.0,0.0,0.0,5438.0,2.004,6952.0,0.0,-0.0,-107615280.0,-0.0,0.0,0.0,0.0,0.0,63,0.0,-0.0,0.0,0.0,0.0,0.0,0.0,0.0,0.0,0,0,0,0.0,0.0,0.0,0.0,0.0,0.0,0.0,0.0,0.0,0.0,0.0,0.0,0.0,0.0,0.0,0.0,0,-107875648.0,63,0.0,126,2.7184242562605685e+23,-0.0,ERR,ERR,ERR,ERR,ERR,ERR,ERR,ERR,ERR,ERR,ERR,ERR,ERR,ERR,ERR,ERR,ERR,ERR,ERR,ERR,ERR,ERR,ERR,ERR,ERR,ERR,ERR,ERR,ERR,ERR,ERR,ERR,ERR,ERR,ERR,ERR,ERR,ERR,ERR,ERR,ERR,ERR,ERR,ERR,ERR,ERR,ERR,ERR,ERR,ERR,ERR,ERR,ERR,ERR,ERR,ERR,ERR,ERR,ERR,ERR,ERR,ERR,ERR,ERR,ERR,ERR,ERR,34.0,80.0,35,0.0,0.0,0.0,0.0,0.0,0.0,0.0,0.0,0.0,0.0,0.0,0.0,0.0,0.0,0.0,0.0,64.4,0,116,56,50,65476,0,300,0,0,8,20529,65476,0,0,57672,80.0,0.0,0.0,0.0,0.0,0.0
2026-06-17T04:34:03,ERR,ERR,ERR,ERR,ERR,ERR,ERR,ERR,ERR,ERR,ERR,ERR,ERR,ERR,ERR,ERR,ERR,ERR,ERR,ERR,ERR,ERR,ERR,ERR,ERR,ERR,ERR,ERR,ERR,ERR,ERR,ERR,ERR,ERR,ERR,ERR,ERR,ERR,ERR,ERR,ERR,ERR,ERR,ERR,ERR,ERR,ERR,ERR,ERR,ERR,ERR,ERR,ERR,ERR,ERR,ERR,ERR,ERR,ERR,ERR,ERR,ERR,ERR,ERR,ERR,ERR,ERR,ERR,ERR,ERR,ERR,ERR,ERR,ERR,ERR,ERR,ERR,ERR,ERR,ERR,ERR,ERR,ERR,ERR,ERR,ERR,ERR,ERR,ERR,ERR,ERR,ERR,ERR,ERR,ERR,ERR,ERR,ERR,ERR,ERR,ERR,ERR,ERR,ERR,ERR,ERR,ERR,ERR,ERR,ERR,ERR,ERR,ERR,ERR,ERR,ERR,ERR,ERR,ERR,ERR,ERR,ERR,ERR,ERR,ERR,0.0,-107615328.0,0.0,0.0,0.0,1.3936040501711995e+18,7.805,0.0,0,0,4,0,7300,-0.0,0,0.0,0.0,0.0,0.0,0.0,0,0,0,0,0.0,0,0,0,0,0,0,0,0,0,0,0,0,0,0,0,0,0,0,0,0,0,0,0,0,0,0,0,0,0,0,0,0,0,32,30,30,62,65476,0,300,0,0,8,21553,0.0,-107605600.0,0.0,0.0,0.0,0.0,0.0,0.0,0.0,0.0,0.0,0.0,0.0,0.0,0.0,0.0,0.0,0.0,0.0,0.0,0.0,0.0,2.004,-2.004,-0.0,-2.004,0.0,0.0,0.0,0.0,5438.0,2.004,6952.0,0.0,-0.0,-107615280.0,-0.0,0.0,0.0,0.0,0.0,63,0.0,-0.0,0.0,0.0,0.0,0.0,0.0,0.0,0.0,0,0,0,0.0,0.0,0.0,0.0,0.0,0.0,0.0,0.0,0.0,0.0,0.0,0.0,0.0,0.0,0.0,0.0,0,-107875648.0,63,0.0,126,2.7184242562605685e+23,-0.0,ERR,ERR,ERR,ERR,ERR,ERR,ERR,ERR,ERR,ERR,ERR,ERR,ERR,ERR,ERR,ERR,ERR,ERR,ERR,ERR,ERR,ERR,ERR,ERR,ERR,ERR,ERR,ERR,ERR,ERR,ERR,ERR,ERR,ERR,ERR,ERR,ERR,ERR,ERR,ERR,ERR,ERR,ERR,ERR,ERR,ERR,ERR,ERR,ERR,ERR,ERR,ERR,ERR,ERR,ERR,ERR,ERR,ERR,ERR,ERR,ERR,ERR,ERR,ERR,ERR,ERR,ERR,34.0,80.0,35,0.0,0.0,0.0,0.0,0.0,0.0,0.0,0.0,0.0,0.0,0.0,0.0,0.0,0.0,0.0,0.0,64.4,0,116,56,50,65476,0,300,0,0,8,20529,65476,0,0,57672,80.0,0.0,0.0,0.0,0.0,0.0
2026-06-17T04:34:04,ERR,ERR,ERR,ERR,ERR,ERR,ERR,ERR,ERR,ERR,ERR,ERR,ERR,ERR,ERR,ERR,ERR,ERR,ERR,ERR,ERR,ERR,ERR,ERR,ERR,ERR,ERR,ERR,ERR,ERR,ERR,ERR,ERR,ERR,ERR,ERR,ERR,ERR,ERR,ERR,ERR,ERR,ERR,ERR,ERR,ERR,ERR,ERR,ERR,ERR,ERR,ERR,ERR,ERR,ERR,ERR,ERR,ERR,ERR,ERR,ERR,ERR,ERR,ERR,ERR,ERR,ERR,ERR,ERR,ERR,ERR,ERR,ERR,ERR,ERR,ERR,ERR,ERR,ERR,ERR,ERR,ERR,ERR,ERR,ERR,ERR,ERR,ERR,ERR,ERR,ERR,ERR,ERR,ERR,ERR,ERR,ERR,ERR,ERR,ERR,ERR,ERR,ERR,ERR,ERR,ERR,ERR,ERR,ERR,ERR,ERR,ERR,ERR,ERR,ERR,ERR,ERR,ERR,ERR,ERR,ERR,ERR,ERR,ERR,ERR,0.0,-0.0,3.028208139652935e+23,0.0,0.0,1.3936040501711995e+18,7.805,0.0,0,0,4,0,7300,-0.0,0,0.0,0.0,0.0,0.0,0.0,0,0,0,0,0.0,0,0,0,0,0,0,0,0,0,0,0,0,0,0,0,0,0,0,0,0,0,0,0,0,0,0,0,0,0,0,0,0,0,32,30,30,62,65476,0,300,0,0,8,21553,0.0,-107605600.0,0.0,0.0,0.0,0.0,0.0,0.0,0.0,0.0,0.0,0.0,0.0,0.0,0.0,0.0,0.0,0.0,0.0,0.0,0.0,0.0,2.004,-2.004,-0.0,-2.004,0.0,0.0,0.0,0.0,5431.0,0.0,6949.0,0.0,-0.0,-107615280.0,-0.0,0.0,0.0,0.0,0.0,63,0.0,-0.0,0.0,0.0,0.0,0.0,0.0,0.0,0.0,0,0,0,0.0,0.0,0.0,0.0,0.0,0.0,0.0,0.0,0.0,0.0,0.0,0.0,0.0,0.0,0.0,0.0,0,-107875648.0,63,0.0,126,2.7184242562605685e+23,-0.0,ERR,ERR,ERR,ERR,ERR,ERR,ERR,ERR,ERR,ERR,ERR,ERR,ERR,ERR,ERR,ERR,ERR,ERR,ERR,ERR,ERR,ERR,ERR,ERR,ERR,ERR,ERR,ERR,ERR,ERR,ERR,ERR,ERR,ERR,ERR,ERR,ERR,ERR,ERR,ERR,ERR,ERR,ERR,ERR,ERR,ERR,ERR,ERR,ERR,ERR,ERR,ERR,ERR,ERR,ERR,ERR,ERR,ERR,ERR,ERR,ERR,ERR,ERR,ERR,ERR,ERR,ERR,34.0,80.0,35,0.0,0.0,0.0,0.0,0.0,0.0,0.0,0.0,0.0,0.0,0.0,0.0,0.0,0.0,0.0,0.0,64.4,0,116,56,50,65476,0,300,0,0,8,20529,65476,0,0,57672,80.0,0.0,0.0,0.0,0.0,0.0
2026-06-17T04:34:05,ERR,ERR,ERR,ERR,ERR,ERR,ERR,ERR,ERR,ERR,ERR,ERR,ERR,ERR,ERR,ERR,ERR,ERR,ERR,ERR,ERR,ERR,ERR,ERR,ERR,ERR,ERR,ERR,ERR,ERR,ERR,ERR,ERR,ERR,ERR,ERR,ERR,ERR,ERR,ERR,ERR,ERR,ERR,ERR,ERR,ERR,ERR,ERR,ERR,ERR,ERR,ERR,ERR,ERR,ERR,ERR,ERR,ERR,ERR,ERR,ERR,ERR,ERR,ERR,ERR,ERR,ERR,ERR,ERR,ERR,ERR,ERR,ERR,ERR,ERR,ERR,ERR,ERR,ERR,ERR,ERR,ERR,ERR,ERR,ERR,ERR,ERR,ERR,ERR,ERR,ERR,ERR,ERR,ERR,ERR,ERR,ERR,ERR,ERR,ERR,ERR,ERR,ERR,ERR,ERR,ERR,ERR,ERR,ERR,ERR,ERR,ERR,ERR,ERR,ERR,ERR,ERR,ERR,ERR,ERR,ERR,ERR,ERR,ERR,ERR,0.0,-0.0,3.028208139652935e+23,0.0,0.0,1.3936040501711995e+18,7.805,0.0,0,0,4,0,7300,-0.0,0,0.0,0.0,0.0,0.0,0.0,0,0,0,0,0.0,0,0,0,0,0,0,0,0,0,0,0,0,0,0,0,0,0,0,0,0,0,0,0,0,0,0,0,0,0,0,0,0,0,32,30,30,62,65476,0,300,0,0,8,21553,0.0,-107605600.0,0.0,0.0,0.0,0.0,0.0,0.0,0.0,0.0,0.0,0.0,0.0,0.0,0.0,0.0,0.0,0.0,0.0,0.0,0.0,0.0,2.004,-2.004,-0.0,-2.004,0.0,0.0,0.0,0.0,5431.0,0.0,6949.0,0.0,-0.0,-107615280.0,-0.0,0.0,0.0,0.0,0.0,63,0.0,-0.0,0.0,0.0,0.0,0.0,0.0,0.0,0.0,0,0,0,0.0,0.0,0.0,0.0,0.0,0.0,0.0,0.0,0.0,0.0,0.0,0.0,0.0,0.0,0.0,0.0,0,-107875648.0,63,0.0,126,2.7184242562605685e+23,-0.0,ERR,ERR,ERR,ERR,ERR,ERR,ERR,ERR,ERR,ERR,ERR,ERR,ERR,ERR,ERR,ERR,ERR,ERR,ERR,ERR,ERR,ERR,ERR,ERR,ERR,ERR,ERR,ERR,ERR,ERR,ERR,ERR,ERR,ERR,ERR,ERR,ERR,ERR,ERR,ERR,ERR,ERR,ERR,ERR,ERR,ERR,ERR,ERR,ERR,ERR,ERR,ERR,ERR,ERR,ERR,ERR,ERR,ERR,ERR,ERR,ERR,ERR,ERR,ERR,ERR,ERR,ERR,34.0,80.0,35,0.0,0.0,0.0,0.0,0.0,0.0,0.0,0.0,0.0,0.0,0.0,0.0,0.0,0.0,0.0,0.0,64.4,0,116,56,50,65476,0,300,0,0,8,20529,65476,0,0,57672,80.0,0.0,0.0,0.0,0.0,0.0
2026-06-17T04:34:06,ERR,ERR,ERR,ERR,ERR,ERR,ERR,ERR,ERR,ERR,ERR,ERR,ERR,ERR,ERR,ERR,ERR,ERR,ERR,ERR,ERR,ERR,ERR,ERR,ERR,ERR,ERR,ERR,ERR,ERR,ERR,ERR,ERR,ERR,ERR,ERR,ERR,ERR,ERR,ERR,ERR,ERR,ERR,ERR,ERR,ERR,ERR,ERR,ERR,ERR,ERR,ERR,ERR,ERR,ERR,ERR,ERR,ERR,ERR,ERR,ERR,ERR,ERR,ERR,ERR,ERR,ERR,ERR,ERR,ERR,ERR,ERR,ERR,ERR,ERR,ERR,ERR,ERR,ERR,ERR,ERR,ERR,ERR,ERR,ERR,ERR,ERR,ERR,ERR,ERR,ERR,ERR,ERR,ERR,ERR,ERR,ERR,ERR,ERR,ERR,ERR,ERR,ERR,ERR,ERR,ERR,ERR,ERR,ERR,ERR,ERR,ERR,ERR,ERR,ERR,ERR,ERR,ERR,ERR,ERR,ERR,ERR,ERR,ERR,ERR,0.0,-0.0,3.028208139652935e+23,0.0,0.0,1.3936040501711995e+18,7.805,0.0,0,0,4,0,7300,-0.0,0,0.0,0.0,0.0,0.0,0.0,0,0,0,0,0.0,0,0,0,0,0,0,0,0,0,0,0,0,0,0,0,0,0,0,0,0,0,0,0,0,0,0,0,0,0,0,0,0,0,32,30,30,62,65476,0,300,0,0,8,21553,0.0,-107605600.0,0.0,0.0,0.0,0.0,0.0,0.0,0.0,0.0,0.0,0.0,0.0,0.0,0.0,0.0,0.0,0.0,0.0,0.0,0.0,0.0,2.004,-2.004,-0.0,-2.004,0.0,0.0,0.0,0.0,5431.0,0.0,6949.0,0.0,-0.0,-107615280.0,-0.0,0.0,0.0,0.0,0.0,63,0.0,-0.0,0.0,0.0,0.0,0.0,0.0,0.0,0.0,0,0,0,0.0,0.0,0.0,0.0,0.0,0.0,0.0,0.0,0.0,0.0,0.0,0.0,0.0,0.0,0.0,0.0,0,-107875648.0,63,0.0,126,2.7184242562605685e+23,-0.0,ERR,ERR,ERR,ERR,ERR,ERR,ERR,ERR,ERR,ERR,ERR,ERR,ERR,ERR,ERR,ERR,ERR,ERR,ERR,ERR,ERR,ERR,ERR,ERR,ERR,ERR,ERR,ERR,ERR,ERR,ERR,ERR,ERR,ERR,ERR,ERR,ERR,ERR,ERR,ERR,ERR,ERR,ERR,ERR,ERR,ERR,ERR,ERR,ERR,ERR,ERR,ERR,ERR,ERR,ERR,ERR,ERR,ERR,ERR,ERR,ERR,ERR,ERR,ERR,ERR,ERR,ERR,34.0,80.0,35,0.0,0.0,0.0,0.0,0.0,0.0,0.0,0.0,0.0,0.0,0.0,0.0,0.0,0.0,0.0,0.0,64.8,0,116,56,50,65476,0,300,0,0,8,20529,65476,0,0,57672,80.0,0.0,0.0,0.0,0.0,0.0
2026-06-17T04:34:07,ERR,ERR,ERR,ERR,ERR,ERR,ERR,ERR,ERR,ERR,ERR,ERR,ERR,ERR,ERR,ERR,ERR,ERR,ERR,ERR,ERR,ERR,ERR,ERR,ERR,ERR,ERR,ERR,ERR,ERR,ERR,ERR,ERR,ERR,ERR,ERR,ERR,ERR,ERR,ERR,ERR,ERR,ERR,ERR,ERR,ERR,ERR,ERR,ERR,ERR,ERR,ERR,ERR,ERR,ERR,ERR,ERR,ERR,ERR,ERR,ERR,ERR,ERR,ERR,ERR,ERR,ERR,ERR,ERR,ERR,ERR,ERR,ERR,ERR,ERR,ERR,ERR,ERR,ERR,ERR,ERR,ERR,ERR,ERR,ERR,ERR,ERR,ERR,ERR,ERR,ERR,ERR,ERR,ERR,ERR,ERR,ERR,ERR,ERR,ERR,ERR,ERR,ERR,ERR,ERR,ERR,ERR,ERR,ERR,ERR,ERR,ERR,ERR,ERR,ERR,ERR,ERR,ERR,ERR,ERR,ERR,ERR,ERR,ERR,ERR,0.0,-0.0,3.028208139652935e+23,0.0,0.0,1.3936040501711995e+18,7.805,0.0,0,0,4,0,7300,-0.0,0,0.0,0.0,0.0,0.0,0.0,0,0,0,0,0.0,0,0,0,0,0,0,0,0,0,0,0,0,0,0,0,0,0,0,0,0,0,0,0,0,0,0,0,0,0,0,0,0,0,32,30,30,62,65476,0,300,0,0,8,21553,0.0,-107605600.0,0.0,0.0,0.0,0.0,0.0,0.0,0.0,0.0,0.0,0.0,0.0,0.0,0.0,0.0,0.0,0.0,0.0,0.0,0.0,0.0,2.004,-2.004,-0.0,-2.004,0.0,0.0,0.0,0.0,5431.0,0.0,6949.0,0.0,-0.0,-107615280.0,-0.0,0.0,0.0,0.0,0.0,63,0.0,-0.0,0.0,0.0,0.0,0.0,0.0,0.0,0.0,0,0,0,0.0,0.0,0.0,0.0,0.0,0.0,0.0,0.0,0.0,0.0,0.0,0.0,0.0,0.0,0.0,0.0,0,-107875648.0,63,0.0,126,2.7184242562605685e+23,-0.0,ERR,ERR,ERR,ERR,ERR,ERR,ERR,ERR,ERR,ERR,ERR,ERR,ERR,ERR,ERR,ERR,ERR,ERR,ERR,ERR,ERR,ERR,ERR,ERR,ERR,ERR,ERR,ERR,ERR,ERR,ERR,ERR,ERR,ERR,ERR,ERR,ERR,ERR,ERR,ERR,ERR,ERR,ERR,ERR,ERR,ERR,ERR,ERR,ERR,ERR,ERR,ERR,ERR,ERR,ERR,ERR,ERR,ERR,ERR,ERR,ERR,ERR,ERR,ERR,ERR,ERR,ERR,34.0,80.0,35,0.0,0.0,0.0,0.0,0.0,0.0,0.0,0.0,0.0,0.0,0.0,0.0,0.0,0.0,0.0,0.0,64.8,0,116,56,50,65476,0,300,0,0,8,20529,65476,0,0,57672,80.0,0.0,0.0,0.0,0.0,0.0
2026-06-17T04:34:08,ERR,ERR,ERR,ERR,ERR,ERR,ERR,ERR,ERR,ERR,ERR,ERR,ERR,ERR,ERR,ERR,ERR,ERR,ERR,ERR,ERR,ERR,ERR,ERR,ERR,ERR,ERR,ERR,ERR,ERR,ERR,ERR,ERR,ERR,ERR,ERR,ERR,ERR,ERR,ERR,ERR,ERR,ERR,ERR,ERR,ERR,ERR,ERR,ERR,ERR,ERR,ERR,ERR,ERR,ERR,ERR,ERR,ERR,ERR,ERR,ERR,ERR,ERR,ERR,ERR,ERR,ERR,ERR,ERR,ERR,ERR,ERR,ERR,ERR,ERR,ERR,ERR,ERR,ERR,ERR,ERR,ERR,ERR,ERR,ERR,ERR,ERR,ERR,ERR,ERR,ERR,ERR,ERR,ERR,ERR,ERR,ERR,ERR,ERR,ERR,ERR,ERR,ERR,ERR,ERR,ERR,ERR,ERR,ERR,ERR,ERR,ERR,ERR,ERR,ERR,ERR,ERR,ERR,ERR,ERR,ERR,ERR,ERR,ERR,ERR,0.0,-0.0,3.028208139652935e+23,0.0,0.0,1.3936040501711995e+18,7.805,0.0,0,0,4,0,7300,-0.0,0,0.0,0.0,0.0,0.0,0.0,0,0,0,0,0.0,0,0,0,0,0,0,0,0,0,0,0,0,0,0,0,0,0,0,0,0,0,0,0,0,0,0,0,0,0,0,0,0,0,32,30,30,62,65476,0,300,0,0,8,21553,0.0,-107605600.0,0.0,0.0,0.0,0.0,0.0,0.0,0.0,0.0,0.0,0.0,0.0,0.0,0.0,0.0,0.0,0.0,0.0,0.0,0.0,0.0,2.004,-2.004,-0.0,-2.004,0.0,0.0,0.0,0.0,5431.0,0.0,6949.0,0.0,-0.0,-107615280.0,-0.0,0.0,0.0,0.0,0.0,63,0.0,-0.0,0.0,0.0,0.0,0.0,0.0,0.0,0.0,0,0,0,0.0,0.0,0.0,0.0,0.0,0.0,0.0,0.0,0.0,0.0,0.0,0.0,0.0,0.0,0.0,0.0,0,-107875648.0,63,0.0,126,2.7184242562605685e+23,-0.0,ERR,ERR,ERR,ERR,ERR,ERR,ERR,ERR,ERR,ERR,ERR,ERR,ERR,ERR,ERR,ERR,ERR,ERR,ERR,ERR,ERR,ERR,ERR,ERR,ERR,ERR,ERR,ERR,ERR,ERR,ERR,ERR,ERR,ERR,ERR,ERR,ERR,ERR,ERR,ERR,ERR,ERR,ERR,ERR,ERR,ERR,ERR,ERR,ERR,ERR,ERR,ERR,ERR,ERR,ERR,ERR,ERR,ERR,ERR,ERR,ERR,ERR,ERR,ERR,ERR,ERR,ERR,34.0,80.0,35,0.0,0.0,0.0,0.0,0.0,0.0,0.0,0.0,0.0,0.0,0.0,0.0,0.0,0.0,0.0,0.0,64.8,0,116,56,50,65476,0,300,0,0,8,20529,65476,0,0,57672,80.0,0.0,0.0,0.0,0.0,0.0
2026-06-17T04:34:09,ERR,ERR,ERR,ERR,ERR,ERR,ERR,ERR,ERR,ERR,ERR,ERR,ERR,ERR,ERR,ERR,ERR,ERR,ERR,ERR,ERR,ERR,ERR,ERR,ERR,ERR,ERR,ERR,ERR,ERR,ERR,ERR,ERR,ERR,ERR,ERR,ERR,ERR,ERR,ERR,ERR,ERR,ERR,ERR,ERR,ERR,ERR,ERR,ERR,ERR,ERR,ERR,ERR,ERR,ERR,ERR,ERR,ERR,ERR,ERR,ERR,ERR,ERR,ERR,ERR,ERR,ERR,ERR,ERR,ERR,ERR,ERR,ERR,ERR,ERR,ERR,ERR,ERR,ERR,ERR,ERR,ERR,ERR,ERR,ERR,ERR,ERR,ERR,ERR,ERR,ERR,ERR,ERR,ERR,ERR,ERR,ERR,ERR,ERR,ERR,ERR,ERR,ERR,ERR,ERR,ERR,ERR,ERR,ERR,ERR,ERR,ERR,ERR,ERR,ERR,ERR,ERR,ERR,ERR,ERR,ERR,ERR,ERR,ERR,ERR,0.0,-0.0,-0.0,0.0,0.0,1.3936040501711995e+18,7.805,0.0,0,0,4,0,7300,-0.0,0,0.0,0.0,0.0,0.0,0.0,0,0,0,0,0.0,0,0,0,0,0,0,0,0,0,0,0,0,0,0,0,0,0,0,0,0,0,0,0,0,0,0,0,0,0,0,0,0,0,32,30,30,62,65476,0,300,0,0,8,21553,0.0,-107605600.0,0.0,0.0,0.0,0.0,0.0,0.0,0.0,0.0,0.0,0.0,0.0,0.0,0.0,0.0,0.0,0.0,0.0,0.0,0.0,0.0,2.004,-2.004,-0.0,-2.004,0.0,0.0,0.0,0.0,5405.0,-1.587931619850188e+29,6974.0,0.0,-0.0,-107615280.0,-0.0,0.0,0.0,0.0,0.0,63,0.0,0.059,0.0,0.0,0.0,0.0,0.0,0.0,0.0,0,0,0,0.0,0.0,0.0,0.0,0.0,0.0,0.0,0.0,0.0,0.0,0.0,0.0,0.0,0.0,0.0,0.0,0,-107875648.0,63,0.0,126,2.7184242562605685e+23,-0.0,ERR,ERR,ERR,ERR,ERR,ERR,ERR,ERR,ERR,ERR,ERR,ERR,ERR,ERR,ERR,ERR,ERR,ERR,ERR,ERR,ERR,ERR,ERR,ERR,ERR,ERR,ERR,ERR,ERR,ERR,ERR,ERR,ERR,ERR,ERR,ERR,ERR,ERR,ERR,ERR,ERR,ERR,ERR,ERR,ERR,ERR,ERR,ERR,ERR,ERR,ERR,ERR,ERR,ERR,ERR,ERR,ERR,ERR,ERR,ERR,ERR,ERR,ERR,ERR,ERR,ERR,ERR,34.0,80.0,35,0.0,0.0,0.0,0.0,0.0,0.0,0.0,0.0,0.0,0.0,0.0,0.0,0.0,0.0,0.0,0.0,64.8,0,116,56,50,65476,0,300,0,0,8,20529,65476,0,0,57672,80.0,0.0,0.0,0.0,0.0,0.0
2026-06-17T04:34:10,ERR,ERR,ERR,ERR,ERR,ERR,ERR,ERR,ERR,ERR,ERR,ERR,ERR,ERR,ERR,ERR,ERR,ERR,ERR,ERR,ERR,ERR,ERR,ERR,ERR,ERR,ERR,ERR,ERR,ERR,ERR,ERR,ERR,ERR,ERR,ERR,ERR,ERR,ERR,ERR,ERR,ERR,ERR,ERR,ERR,ERR,ERR,ERR,ERR,ERR,ERR,ERR,ERR,ERR,ERR,ERR,ERR,ERR,ERR,ERR,ERR,ERR,ERR,ERR,ERR,ERR,ERR,ERR,ERR,ERR,ERR,ERR,ERR,ERR,ERR,ERR,ERR,ERR,ERR,ERR,ERR,ERR,ERR,ERR,ERR,ERR,ERR,ERR,ERR,ERR,ERR,ERR,ERR,ERR,ERR,ERR,ERR,ERR,ERR,ERR,ERR,ERR,ERR,ERR,ERR,ERR,ERR,ERR,ERR,ERR,ERR,ERR,ERR,ERR,ERR,ERR,ERR,ERR,ERR,ERR,ERR,ERR,ERR,ERR,ERR,0.0,-0.0,-0.0,0.0,0.0,1.3936040501711995e+18,7.805,0.0,0,0,4,0,7300,-0.0,0,0.0,0.0,0.0,0.0,0.0,0,0,0,0,0.0,0,0,0,0,0,0,0,0,0,0,0,0,0,0,0,0,0,0,0,0,0,0,0,0,0,0,0,0,0,0,0,0,0,32,30,30,62,65476,0,300,0,0,8,21553,0.0,-107605600.0,0.0,0.0,0.0,0.0,0.0,0.0,0.0,0.0,0.0,0.0,0.0,0.0,0.0,0.0,0.0,0.0,0.0,0.0,0.0,0.0,2.004,-2.004,-0.0,-2.004,0.0,0.0,0.0,0.0,5405.0,-1.587931619850188e+29,6974.0,0.0,-0.0,-107615280.0,-0.0,0.0,0.0,0.0,0.0,63,0.0,0.059,0.0,0.0,0.0,0.0,0.0,0.0,0.0,0,0,0,0.0,0.0,0.0,0.0,0.0,0.0,0.0,0.0,0.0,0.0,0.0,0.0,0.0,0.0,0.0,0.0,0,-107875648.0,63,0.0,126,2.7184242562605685e+23,-0.0,ERR,ERR,ERR,ERR,ERR,ERR,ERR,ERR,ERR,ERR,ERR,ERR,ERR,ERR,ERR,ERR,ERR,ERR,ERR,ERR,ERR,ERR,ERR,ERR,ERR,ERR,ERR,ERR,ERR,ERR,ERR,ERR,ERR,ERR,ERR,ERR,ERR,ERR,ERR,ERR,ERR,ERR,ERR,ERR,ERR,ERR,ERR,ERR,ERR,ERR,ERR,ERR,ERR,ERR,ERR,ERR,ERR,ERR,ERR,ERR,ERR,ERR,ERR,ERR,ERR,ERR,ERR,34.0,80.0,35,0.0,0.0,0.0,0.0,0.0,0.0,0.0,0.0,0.0,0.0,0.0,0.0,0.0,0.0,0.0,0.0,64.4,0,116,56,50,65476,0,300,0,0,8,20529,65476,0,0,57672,80.0,0.0,0.0,0.0,0.0,0.0
2026-06-17T04:34:11,ERR,ERR,ERR,ERR,ERR,ERR,ERR,ERR,ERR,ERR,ERR,ERR,ERR,ERR,ERR,ERR,ERR,ERR,ERR,ERR,ERR,ERR,ERR,ERR,ERR,ERR,ERR,ERR,ERR,ERR,ERR,ERR,ERR,ERR,ERR,ERR,ERR,ERR,ERR,ERR,ERR,ERR,ERR,ERR,ERR,ERR,ERR,ERR,ERR,ERR,ERR,ERR,ERR,ERR,ERR,ERR,ERR,ERR,ERR,ERR,ERR,ERR,ERR,ERR,ERR,ERR,ERR,ERR,ERR,ERR,ERR,ERR,ERR,ERR,ERR,ERR,ERR,ERR,ERR,ERR,ERR,ERR,ERR,ERR,ERR,ERR,ERR,ERR,ERR,ERR,ERR,ERR,ERR,ERR,ERR,ERR,ERR,ERR,ERR,ERR,ERR,ERR,ERR,ERR,ERR,ERR,ERR,ERR,ERR,ERR,ERR,ERR,ERR,ERR,ERR,ERR,ERR,ERR,ERR,ERR,ERR,ERR,ERR,ERR,ERR,0.0,-0.0,-0.0,0.0,0.0,1.3936040501711995e+18,7.805,0.0,0,0,4,0,7300,-0.0,0,0.0,0.0,0.0,0.0,0.0,0,0,0,0,0.0,0,0,0,0,0,0,0,0,0,0,0,0,0,0,0,0,0,0,0,0,0,0,0,0,0,0,0,0,0,0,0,0,0,32,30,30,62,65476,0,300,0,0,8,21553,0.0,-107605600.0,0.0,0.0,0.0,0.0,0.0,0.0,0.0,0.0,0.0,0.0,0.0,0.0,0.0,0.0,0.0,0.0,0.0,0.0,0.0,0.0,2.004,-2.004,-0.0,-2.004,0.0,0.0,0.0,0.0,5405.0,-1.587931619850188e+29,6974.0,0.0,-0.0,-107615280.0,-0.0,0.0,0.0,0.0,0.0,63,0.0,0.059,0.0,0.0,0.0,0.0,0.0,0.0,0.0,0,0,0,0.0,0.0,0.0,0.0,0.0,0.0,0.0,0.0,0.0,0.0,0.0,0.0,0.0,0.0,0.0,0.0,0,-107875648.0,63,0.0,126,2.7184242562605685e+23,-0.0,ERR,ERR,ERR,ERR,ERR,ERR,ERR,ERR,ERR,ERR,ERR,ERR,ERR,ERR,ERR,ERR,ERR,ERR,ERR,ERR,ERR,ERR,ERR,ERR,ERR,ERR,ERR,ERR,ERR,ERR,ERR,ERR,ERR,ERR,ERR,ERR,ERR,ERR,ERR,ERR,ERR,ERR,ERR,ERR,ERR,ERR,ERR,ERR,ERR,ERR,ERR,ERR,ERR,ERR,ERR,ERR,ERR,ERR,ERR,ERR,ERR,ERR,ERR,ERR,ERR,ERR,ERR,34.0,80.0,35,0.0,0.0,0.0,0.0,0.0,0.0,0.0,0.0,0.0,0.0,0.0,0.0,0.0,0.0,0.0,0.0,64.4,0,116,56,50,65476,0,300,0,0,8,20529,65476,0,0,57672,80.0,0.0,0.0,0.0,0.0,0.0
2026-06-17T04:34:12,ERR,ERR,ERR,ERR,ERR,ERR,ERR,ERR,ERR,ERR,ERR,ERR,ERR,ERR,ERR,ERR,ERR,ERR,ERR,ERR,ERR,ERR,ERR,ERR,ERR,ERR,ERR,ERR,ERR,ERR,ERR,ERR,ERR,ERR,ERR,ERR,ERR,ERR,ERR,ERR,ERR,ERR,ERR,ERR,ERR,ERR,ERR,ERR,ERR,ERR,ERR,ERR,ERR,ERR,ERR,ERR,ERR,ERR,ERR,ERR,ERR,ERR,ERR,ERR,ERR,ERR,ERR,ERR,ERR,ERR,ERR,ERR,ERR,ERR,ERR,ERR,ERR,ERR,ERR,ERR,ERR,ERR,ERR,ERR,ERR,ERR,ERR,ERR,ERR,ERR,ERR,ERR,ERR,ERR,ERR,ERR,ERR,ERR,ERR,ERR,ERR,ERR,ERR,ERR,ERR,ERR,ERR,ERR,ERR,ERR,ERR,ERR,ERR,ERR,ERR,ERR,ERR,ERR,ERR,ERR,ERR,ERR,ERR,ERR,ERR,0.0,-0.0,-0.0,0.0,0.0,1.3936040501711995e+18,7.805,0.0,0,0,4,0,7300,-0.0,0,0.0,0.0,0.0,0.0,0.0,0,0,0,0,0.0,0,0,0,0,0,0,0,0,0,0,0,0,0,0,0,0,0,0,0,0,0,0,0,0,0,0,0,0,0,0,0,0,0,32,30,30,62,65476,0,300,0,0,8,21553,0.0,-107605600.0,0.0,0.0,0.0,0.0,0.0,0.0,0.0,0.0,0.0,0.0,0.0,0.0,0.0,0.0,0.0,0.0,0.0,0.0,0.0,0.0,2.004,-2.004,-0.0,-2.004,0.0,0.0,0.0,0.0,5405.0,-1.587931619850188e+29,6974.0,0.0,-0.0,-107615280.0,-0.0,0.0,0.0,0.0,0.0,63,0.0,0.059,0.0,0.0,0.0,0.0,0.0,0.0,0.0,0,0,0,0.0,0.0,0.0,0.0,0.0,0.0,0.0,0.0,0.0,0.0,0.0,0.0,0.0,0.0,0.0,0.0,0,-107875648.0,63,0.0,126,2.7184242562605685e+23,-0.0,ERR,ERR,ERR,ERR,ERR,ERR,ERR,ERR,ERR,ERR,ERR,ERR,ERR,ERR,ERR,ERR,ERR,ERR,ERR,ERR,ERR,ERR,ERR,ERR,ERR,ERR,ERR,ERR,ERR,ERR,ERR,ERR,ERR,ERR,ERR,ERR,ERR,ERR,ERR,ERR,ERR,ERR,ERR,ERR,ERR,ERR,ERR,ERR,ERR,ERR,ERR,ERR,ERR,ERR,ERR,ERR,ERR,ERR,ERR,ERR,ERR,ERR,ERR,ERR,ERR,ERR,ERR,34.0,80.0,35,0.0,0.0,0.0,0.0,0.0,0.0,0.0,0.0,0.0,0.0,0.0,0.0,0.0,0.0,0.0,0.0,64.4,0,116,56,50,65476,0,300,0,0,8,20529,65476,0,0,57672,80.0,0.0,0.0,0.0,0.0,0.0
2026-06-17T04:34:13,ERR,ERR,ERR,ERR,ERR,ERR,ERR,ERR,ERR,ERR,ERR,ERR,ERR,ERR,ERR,ERR,ERR,ERR,ERR,ERR,ERR,ERR,ERR,ERR,ERR,ERR,ERR,ERR,ERR,ERR,ERR,ERR,ERR,ERR,ERR,ERR,ERR,ERR,ERR,ERR,ERR,ERR,ERR,ERR,ERR,ERR,ERR,ERR,ERR,ERR,ERR,ERR,ERR,ERR,ERR,ERR,ERR,ERR,ERR,ERR,ERR,ERR,ERR,ERR,ERR,ERR,ERR,ERR,ERR,ERR,ERR,ERR,ERR,ERR,ERR,ERR,ERR,ERR,ERR,ERR,ERR,ERR,ERR,ERR,ERR,ERR,ERR,ERR,ERR,ERR,ERR,ERR,ERR,ERR,ERR,ERR,ERR,ERR,ERR,ERR,ERR,ERR,ERR,ERR,ERR,ERR,ERR,ERR,ERR,ERR,ERR,ERR,ERR,ERR,ERR,ERR,ERR,ERR,ERR,ERR,ERR,ERR,ERR,ERR,ERR,0.0,-0.0,-0.0,0.0,0.0,1.3936040501711995e+18,7.805,0.0,0,0,4,0,7300,-0.0,0,0.0,0.0,0.0,0.0,0.0,0,0,0,0,0.0,0,0,0,0,0,0,0,0,0,0,0,0,0,0,0,0,0,0,0,0,0,0,0,0,0,0,0,0,0,0,0,0,0,32,30,30,62,65476,0,300,0,0,8,21553,0.0,-107605600.0,0.0,0.0,0.0,0.0,0.0,0.0,0.0,0.0,0.0,0.0,0.0,0.0,0.0,0.0,0.0,0.0,0.0,0.0,0.0,0.0,2.004,-2.004,-0.0,-2.004,0.0,0.0,0.0,0.0,5405.0,-1.587931619850188e+29,6974.0,0.0,-0.0,-107615280.0,-0.0,0.0,0.0,0.0,0.0,63,0.0,0.059,0.0,0.0,0.0,0.0,0.0,0.0,0.0,0,0,0,0.0,0.0,0.0,0.0,0.0,0.0,0.0,0.0,0.0,0.0,0.0,0.0,0.0,0.0,0.0,0.0,0,-107875648.0,63,0.0,126,2.7184242562605685e+23,-0.0,ERR,ERR,ERR,ERR,ERR,ERR,ERR,ERR,ERR,ERR,ERR,ERR,ERR,ERR,ERR,ERR,ERR,ERR,ERR,ERR,ERR,ERR,ERR,ERR,ERR,ERR,ERR,ERR,ERR,ERR,ERR,ERR,ERR,ERR,ERR,ERR,ERR,ERR,ERR,ERR,ERR,ERR,ERR,ERR,ERR,ERR,ERR,ERR,ERR,ERR,ERR,ERR,ERR,ERR,ERR,ERR,ERR,ERR,ERR,ERR,ERR,ERR,ERR,ERR,ERR,ERR,ERR,34.0,80.0,35,0.0,0.0,0.0,0.0,0.0,0.0,0.0,0.0,0.0,0.0,0.0,0.0,0.0,0.0,0.0,0.0,64.4,0,116,56,50,65476,0,300,0,0,8,20529,65476,0,0,57672,80.0,0.0,0.0,0.0,0.0,0.0
2026-06-17T04:34:14,ERR,ERR,ERR,ERR,ERR,ERR,ERR,ERR,ERR,ERR,ERR,ERR,ERR,ERR,ERR,ERR,ERR,ERR,ERR,ERR,ERR,ERR,ERR,ERR,ERR,ERR,ERR,ERR,ERR,ERR,ERR,ERR,ERR,ERR,ERR,ERR,ERR,ERR,ERR,ERR,ERR,ERR,ERR,ERR,ERR,ERR,ERR,ERR,ERR,ERR,ERR,ERR,ERR,ERR,ERR,ERR,ERR,ERR,ERR,ERR,ERR,ERR,ERR,ERR,ERR,ERR,ERR,ERR,ERR,ERR,ERR,ERR,ERR,ERR,ERR,ERR,ERR,ERR,ERR,ERR,ERR,ERR,ERR,ERR,ERR,ERR,ERR,ERR,ERR,ERR,ERR,ERR,ERR,ERR,ERR,ERR,ERR,ERR,ERR,ERR,ERR,ERR,ERR,ERR,ERR,ERR,ERR,ERR,ERR,ERR,ERR,ERR,ERR,ERR,ERR,ERR,ERR,ERR,ERR,ERR,ERR,ERR,ERR,ERR,ERR,0.0,-0.0,3.028208139652935e+23,0.0,0.0,1.3936040501711995e+18,7.805,0.0,0,0,4,0,7300,-0.0,0,0.0,0.0,0.0,0.0,0.0,0,0,0,0,0.0,0,0,0,0,0,0,0,0,0,0,0,0,0,0,0,0,0,0,0,0,0,0,0,0,0,0,0,0,0,0,0,0,0,32,30,30,62,65476,0,300,0,0,8,21553,0.0,-107605600.0,0.0,0.0,0.0,0.0,0.0,0.0,0.0,0.0,0.0,0.0,0.0,0.0,0.0,0.0,0.0,0.0,0.0,0.0,0.0,0.0,2.004,-2.004,-0.0,-2.004,0.0,0.0,0.0,0.0,5400.0,-564146638684160.0,6971.0,0.0,-0.0,-107615280.0,-0.0,0.0,0.0,0.0,0.0,63,0.0,0.0,0.0,0.0,0.0,0.0,0.0,0.0,0.0,0,0,0,0.0,0.0,0.0,0.0,0.0,0.0,0.0,0.0,0.0,0.0,0.0,0.0,0.0,0.0,0.0,0.0,0,-107875648.0,63,0.0,126,2.7184242562605685e+23,-0.0,ERR,ERR,ERR,ERR,ERR,ERR,ERR,ERR,ERR,ERR,ERR,ERR,ERR,ERR,ERR,ERR,ERR,ERR,ERR,ERR,ERR,ERR,ERR,ERR,ERR,ERR,ERR,ERR,ERR,ERR,ERR,ERR,ERR,ERR,ERR,ERR,ERR,ERR,ERR,ERR,ERR,ERR,ERR,ERR,ERR,ERR,ERR,ERR,ERR,ERR,ERR,ERR,ERR,ERR,ERR,ERR,ERR,ERR,ERR,ERR,ERR,ERR,ERR,ERR,ERR,ERR,ERR,34.0,80.0,35,0.0,0.0,0.0,0.0,0.0,0.0,0.0,0.0,0.0,0.0,0.0,0.0,0.0,0.0,0.0,0.0,64.4,0,116,56,50,65476,0,300,0,0,8,20529,65476,0,0,57672,80.0,0.0,0.0,0.0,0.0,0.0
2026-06-17T04:34:15,ERR,ERR,ERR,ERR,ERR,ERR,ERR,ERR,ERR,ERR,ERR,ERR,ERR,ERR,ERR,ERR,ERR,ERR,ERR,ERR,ERR,ERR,ERR,ERR,ERR,ERR,ERR,ERR,ERR,ERR,ERR,ERR,ERR,ERR,ERR,ERR,ERR,ERR,ERR,ERR,ERR,ERR,ERR,ERR,ERR,ERR,ERR,ERR,ERR,ERR,ERR,ERR,ERR,ERR,ERR,ERR,ERR,ERR,ERR,ERR,ERR,ERR,ERR,ERR,ERR,ERR,ERR,ERR,ERR,ERR,ERR,ERR,ERR,ERR,ERR,ERR,ERR,ERR,ERR,ERR,ERR,ERR,ERR,ERR,ERR,ERR,ERR,ERR,ERR,ERR,ERR,ERR,ERR,ERR,ERR,ERR,ERR,ERR,ERR,ERR,ERR,ERR,ERR,ERR,ERR,ERR,ERR,ERR,ERR,ERR,ERR,ERR,ERR,ERR,ERR,ERR,ERR,ERR,ERR,ERR,ERR,ERR,ERR,ERR,ERR,0.0,-0.0,3.028208139652935e+23,0.0,0.0,1.3936040501711995e+18,7.805,0.0,0,0,4,0,7300,-0.0,0,0.0,0.0,0.0,0.0,0.0,0,0,0,0,0.0,0,0,0,0,0,0,0,0,0,0,0,0,0,0,0,0,0,0,0,0,0,0,0,0,0,0,0,0,0,0,0,0,0,32,30,30,62,65476,0,300,0,0,8,21553,0.0,-107605600.0,0.0,0.0,0.0,0.0,0.0,0.0,0.0,0.0,0.0,0.0,0.0,0.0,0.0,0.0,0.0,0.0,0.0,0.0,0.0,0.0,2.004,-2.004,-0.0,-2.004,0.0,0.0,0.0,0.0,5400.0,-564146638684160.0,6971.0,0.0,-0.0,-107615280.0,-0.0,0.0,0.0,0.0,0.0,63,0.0,0.0,0.0,0.0,0.0,0.0,0.0,0.0,0.0,0,0,0,0.0,0.0,0.0,0.0,0.0,0.0,0.0,0.0,0.0,0.0,0.0,0.0,0.0,0.0,0.0,0.0,0,-107875648.0,63,0.0,126,2.7184242562605685e+23,-0.0,ERR,ERR,ERR,ERR,ERR,ERR,ERR,ERR,ERR,ERR,ERR,ERR,ERR,ERR,ERR,ERR,ERR,ERR,ERR,ERR,ERR,ERR,ERR,ERR,ERR,ERR,ERR,ERR,ERR,ERR,ERR,ERR,ERR,ERR,ERR,ERR,ERR,ERR,ERR,ERR,ERR,ERR,ERR,ERR,ERR,ERR,ERR,ERR,ERR,ERR,ERR,ERR,ERR,ERR,ERR,ERR,ERR,ERR,ERR,ERR,ERR,ERR,ERR,ERR,ERR,ERR,ERR,34.0,80.0,35,0.0,0.0,0.0,0.0,0.0,0.0,0.0,0.0,0.0,0.0,0.0,0.0,0.0,0.0,0.0,0.0,64.4,0,116,56,50,65476,0,300,0,0,8,20529,65476,0,0,57672,80.0,0.0,0.0,0.0,0.0,0.0
2026-06-17T04:34:16,ERR,ERR,ERR,ERR,ERR,ERR,ERR,ERR,ERR,ERR,ERR,ERR,ERR,ERR,ERR,ERR,ERR,ERR,ERR,ERR,ERR,ERR,ERR,ERR,ERR,ERR,ERR,ERR,ERR,ERR,ERR,ERR,ERR,ERR,ERR,ERR,ERR,ERR,ERR,ERR,ERR,ERR,ERR,ERR,ERR,ERR,ERR,ERR,ERR,ERR,ERR,ERR,ERR,ERR,ERR,ERR,ERR,ERR,ERR,ERR,ERR,ERR,ERR,ERR,ERR,ERR,ERR,ERR,ERR,ERR,ERR,ERR,ERR,ERR,ERR,ERR,ERR,ERR,ERR,ERR,ERR,ERR,ERR,ERR,ERR,ERR,ERR,ERR,ERR,ERR,ERR,ERR,ERR,ERR,ERR,ERR,ERR,ERR,ERR,ERR,ERR,ERR,ERR,ERR,ERR,ERR,ERR,ERR,ERR,ERR,ERR,ERR,ERR,ERR,ERR,ERR,ERR,ERR,ERR,ERR,ERR,ERR,ERR,ERR,ERR,0.0,-0.0,3.028208139652935e+23,0.0,0.0,1.3936040501711995e+18,7.805,0.0,0,0,4,0,7300,-0.0,0,0.0,0.0,0.0,0.0,0.0,0,0,0,0,0.0,0,0,0,0,0,0,0,0,0,0,0,0,0,0,0,0,0,0,0,0,0,0,0,0,0,0,0,0,0,0,0,0,0,32,30,30,62,65476,0,300,0,0,8,21553,0.0,-107605600.0,0.0,0.0,0.0,0.0,0.0,0.0,0.0,0.0,0.0,0.0,0.0,0.0,0.0,0.0,0.0,0.0,0.0,0.0,0.0,0.0,2.004,-2.004,-0.0,-2.004,0.0,0.0,0.0,0.0,5400.0,-564146638684160.0,6971.0,0.0,-0.0,-107615280.0,-0.0,0.0,0.0,0.0,0.0,63,0.0,0.0,0.0,0.0,0.0,0.0,0.0,0.0,0.0,0,0,0,0.0,0.0,0.0,0.0,0.0,0.0,0.0,0.0,0.0,0.0,0.0,0.0,0.0,0.0,0.0,0.0,0,-107875648.0,63,0.0,126,2.7184242562605685e+23,-0.0,ERR,ERR,ERR,ERR,ERR,ERR,ERR,ERR,ERR,ERR,ERR,ERR,ERR,ERR,ERR,ERR,ERR,ERR,ERR,ERR,ERR,ERR,ERR,ERR,ERR,ERR,ERR,ERR,ERR,ERR,ERR,ERR,ERR,ERR,ERR,ERR,ERR,ERR,ERR,ERR,ERR,ERR,ERR,ERR,ERR,ERR,ERR,ERR,ERR,ERR,ERR,ERR,ERR,ERR,ERR,ERR,ERR,ERR,ERR,ERR,ERR,ERR,ERR,ERR,ERR,ERR,ERR,34.0,80.0,35,0.0,0.0,0.0,0.0,0.0,0.0,0.0,0.0,0.0,0.0,0.0,0.0,0.0,0.0,0.0,0.0,64.4,0,116,56,50,65476,0,300,0,0,8,20529,65476,0,0,57672,80.0,0.0,0.0,0.0,0.0,0.0
2026-06-17T04:34:17,ERR,ERR,ERR,ERR,ERR,ERR,ERR,ERR,ERR,ERR,ERR,ERR,ERR,ERR,ERR,ERR,ERR,ERR,ERR,ERR,ERR,ERR,ERR,ERR,ERR,ERR,ERR,ERR,ERR,ERR,ERR,ERR,ERR,ERR,ERR,ERR,ERR,ERR,ERR,ERR,ERR,ERR,ERR,ERR,ERR,ERR,ERR,ERR,ERR,ERR,ERR,ERR,ERR,ERR,ERR,ERR,ERR,ERR,ERR,ERR,ERR,ERR,ERR,ERR,ERR,ERR,ERR,ERR,ERR,ERR,ERR,ERR,ERR,ERR,ERR,ERR,ERR,ERR,ERR,ERR,ERR,ERR,ERR,ERR,ERR,ERR,ERR,ERR,ERR,ERR,ERR,ERR,ERR,ERR,ERR,ERR,ERR,ERR,ERR,ERR,ERR,ERR,ERR,ERR,ERR,ERR,ERR,ERR,ERR,ERR,ERR,ERR,ERR,ERR,ERR,ERR,ERR,ERR,ERR,ERR,ERR,ERR,ERR,ERR,ERR,0.0,-0.0,3.028208139652935e+23,0.0,0.0,1.3936040501711995e+18,7.805,0.0,0,0,4,0,7300,-0.0,0,0.0,0.0,0.0,0.0,0.0,0,0,0,0,0.0,0,0,0,0,0,0,0,0,0,0,0,0,0,0,0,0,0,0,0,0,0,0,0,0,0,0,0,0,0,0,0,0,0,32,30,30,62,65476,0,300,0,0,8,21553,0.0,-107605600.0,0.0,0.0,0.0,0.0,0.0,0.0,0.0,0.0,0.0,0.0,0.0,0.0,0.0,0.0,0.0,0.0,0.0,0.0,0.0,0.0,2.004,-2.004,-0.0,-2.004,0.0,0.0,0.0,0.0,5400.0,-564146638684160.0,6971.0,0.0,-0.0,-107615280.0,-0.0,0.0,0.0,0.0,0.0,63,0.0,0.0,0.0,0.0,0.0,0.0,0.0,0.0,0.0,0,0,0,0.0,0.0,0.0,0.0,0.0,0.0,0.0,0.0,0.0,0.0,0.0,0.0,0.0,0.0,0.0,0.0,0,-107875648.0,63,0.0,126,2.7184242562605685e+23,-0.0,ERR,ERR,ERR,ERR,ERR,ERR,ERR,ERR,ERR,ERR,ERR,ERR,ERR,ERR,ERR,ERR,ERR,ERR,ERR,ERR,ERR,ERR,ERR,ERR,ERR,ERR,ERR,ERR,ERR,ERR,ERR,ERR,ERR,ERR,ERR,ERR,ERR,ERR,ERR,ERR,ERR,ERR,ERR,ERR,ERR,ERR,ERR,ERR,ERR,ERR,ERR,ERR,ERR,ERR,ERR,ERR,ERR,ERR,ERR,ERR,ERR,ERR,ERR,ERR,ERR,ERR,ERR,34.0,80.0,35,0.0,0.0,0.0,0.0,0.0,0.0,0.0,0.0,0.0,0.0,0.0,0.0,0.0,0.0,0.0,0.0,64.8,0,116,56,50,65476,0,300,0,0,8,20529,65476,0,0,57672,80.0,0.0,0.0,0.0,0.0,0.0
2026-06-17T04:34:18,ERR,ERR,ERR,ERR,ERR,ERR,ERR,ERR,ERR,ERR,ERR,ERR,ERR,ERR,ERR,ERR,ERR,ERR,ERR,ERR,ERR,ERR,ERR,ERR,ERR,ERR,ERR,ERR,ERR,ERR,ERR,ERR,ERR,ERR,ERR,ERR,ERR,ERR,ERR,ERR,ERR,ERR,ERR,ERR,ERR,ERR,ERR,ERR,ERR,ERR,ERR,ERR,ERR,ERR,ERR,ERR,ERR,ERR,ERR,ERR,ERR,ERR,ERR,ERR,ERR,ERR,ERR,ERR,ERR,ERR,ERR,ERR,ERR,ERR,ERR,ERR,ERR,ERR,ERR,ERR,ERR,ERR,ERR,ERR,ERR,ERR,ERR,ERR,ERR,ERR,ERR,ERR,ERR,ERR,ERR,ERR,ERR,ERR,ERR,ERR,ERR,ERR,ERR,ERR,ERR,ERR,ERR,ERR,ERR,ERR,ERR,ERR,ERR,ERR,ERR,ERR,ERR,ERR,ERR,ERR,ERR,ERR,ERR,ERR,ERR,0.0,-0.0,3.028208139652935e+23,0.0,0.0,1.3936040501711995e+18,7.805,0.0,0,0,4,0,7300,-0.0,0,0.0,0.0,0.0,0.0,0.0,0,0,0,0,0.0,0,0,0,0,0,0,0,0,0,0,0,0,0,0,0,0,0,0,0,0,0,0,0,0,0,0,0,0,0,0,0,0,0,32,30,30,62,65476,0,300,0,0,8,21553,0.0,-107605600.0,0.0,0.0,0.0,0.0,0.0,0.0,0.0,0.0,0.0,0.0,0.0,0.0,0.0,0.0,0.0,0.0,0.0,0.0,0.0,0.0,2.004,-2.004,-0.0,-2.004,0.0,0.0,0.0,0.0,5400.0,-564146638684160.0,6971.0,0.0,-0.0,-107615280.0,-0.0,0.0,0.0,0.0,0.0,63,0.0,0.0,0.0,0.0,0.0,0.0,0.0,0.0,0.0,0,0,0,0.0,0.0,0.0,0.0,0.0,0.0,0.0,0.0,0.0,0.0,0.0,0.0,0.0,0.0,0.0,0.0,0,-107875648.0,63,0.0,126,2.7184242562605685e+23,-0.0,ERR,ERR,ERR,ERR,ERR,ERR,ERR,ERR,ERR,ERR,ERR,ERR,ERR,ERR,ERR,ERR,ERR,ERR,ERR,ERR,ERR,ERR,ERR,ERR,ERR,ERR,ERR,ERR,ERR,ERR,ERR,ERR,ERR,ERR,ERR,ERR,ERR,ERR,ERR,ERR,ERR,ERR,ERR,ERR,ERR,ERR,ERR,ERR,ERR,ERR,ERR,ERR,ERR,ERR,ERR,ERR,ERR,ERR,ERR,ERR,ERR,ERR,ERR,ERR,ERR,ERR,ERR,34.0,80.0,35,0.0,0.0,0.0,0.0,0.0,0.0,0.0,0.0,0.0,0.0,0.0,0.0,0.0,0.0,0.0,0.0,64.8,0,116,56,50,65476,0,300,0,0,8,20529,65476,0,0,57672,80.0,0.0,0.0,0.0,0.0,0.0
2026-06-17T04:34:19,ERR,ERR,ERR,ERR,ERR,ERR,ERR,ERR,ERR,ERR,ERR,ERR,ERR,ERR,ERR,ERR,ERR,ERR,ERR,ERR,ERR,ERR,ERR,ERR,ERR,ERR,ERR,ERR,ERR,ERR,ERR,ERR,ERR,ERR,ERR,ERR,ERR,ERR,ERR,ERR,ERR,ERR,ERR,ERR,ERR,ERR,ERR,ERR,ERR,ERR,ERR,ERR,ERR,ERR,ERR,ERR,ERR,ERR,ERR,ERR,ERR,ERR,ERR,ERR,ERR,ERR,ERR,ERR,ERR,ERR,ERR,ERR,ERR,ERR,ERR,ERR,ERR,ERR,ERR,ERR,ERR,ERR,ERR,ERR,ERR,ERR,ERR,ERR,ERR,ERR,ERR,ERR,ERR,ERR,ERR,ERR,ERR,ERR,ERR,ERR,ERR,ERR,ERR,ERR,ERR,ERR,ERR,ERR,ERR,ERR,ERR,ERR,ERR,ERR,ERR,ERR,ERR,ERR,ERR,ERR,ERR,ERR,ERR,ERR,ERR,0.0,-0.0,3.028208139652935e+23,0.0,0.0,1.3936040501711995e+18,7.805,0.0,0,0,4,0,7300,-0.0,0,0.0,0.0,0.0,0.0,0.0,0,0,0,0,0.0,0,0,0,0,0,0,0,0,0,0,0,0,0,0,0,0,0,0,0,0,0,0,0,0,0,0,0,0,0,0,0,0,0,32,30,30,62,65476,0,300,0,0,8,21553,0.0,-107605600.0,0.0,0.0,0.0,0.0,0.0,0.0,0.0,0.0,0.0,0.0,0.0,0.0,0.0,0.0,0.0,0.0,0.0,0.0,0.0,0.0,2.004,-2.004,-0.0,-2.004,0.0,0.0,0.0,0.0,5400.0,-564146638684160.0,6971.0,0.0,-0.0,-107615280.0,-0.0,0.0,0.0,0.0,0.0,63,0.0,0.0,0.0,0.0,0.0,0.0,0.0,0.0,0.0,0,0,0,0.0,0.0,0.0,0.0,0.0,0.0,0.0,0.0,0.0,0.0,0.0,0.0,0.0,0.0,0.0,0.0,0,-107875648.0,63,0.0,126,2.7184242562605685e+23,-0.0,ERR,ERR,ERR,ERR,ERR,ERR,ERR,ERR,ERR,ERR,ERR,ERR,ERR,ERR,ERR,ERR,ERR,ERR,ERR,ERR,ERR,ERR,ERR,ERR,ERR,ERR,ERR,ERR,ERR,ERR,ERR,ERR,ERR,ERR,ERR,ERR,ERR,ERR,ERR,ERR,ERR,ERR,ERR,ERR,ERR,ERR,ERR,ERR,ERR,ERR,ERR,ERR,ERR,ERR,ERR,ERR,ERR,ERR,ERR,ERR,ERR,ERR,ERR,ERR,ERR,ERR,ERR,34.0,80.0,35,0.0,0.0,0.0,0.0,0.0,0.0,0.0,0.0,0.0,0.0,0.0,0.0,0.0,0.0,0.0,0.0,64.8,0,116,56,50,65476,0,300,0,0,8,20529,65476,0,0,57672,80.0,0.0,0.0,0.0,0.0,0.0
2026-06-17T04:34:20,ERR,ERR,ERR,ERR,ERR,ERR,ERR,ERR,ERR,ERR,ERR,ERR,ERR,ERR,ERR,ERR,ERR,ERR,ERR,ERR,ERR,ERR,ERR,ERR,ERR,ERR,ERR,ERR,ERR,ERR,ERR,ERR,ERR,ERR,ERR,ERR,ERR,ERR,ERR,ERR,ERR,ERR,ERR,ERR,ERR,ERR,ERR,ERR,ERR,ERR,ERR,ERR,ERR,ERR,ERR,ERR,ERR,ERR,ERR,ERR,ERR,ERR,ERR,ERR,ERR,ERR,ERR,ERR,ERR,ERR,ERR,ERR,ERR,ERR,ERR,ERR,ERR,ERR,ERR,ERR,ERR,ERR,ERR,ERR,ERR,ERR,ERR,ERR,ERR,ERR,ERR,ERR,ERR,ERR,ERR,ERR,ERR,ERR,ERR,ERR,ERR,ERR,ERR,ERR,ERR,ERR,ERR,ERR,ERR,ERR,ERR,ERR,ERR,ERR,ERR,ERR,ERR,ERR,ERR,ERR,ERR,ERR,ERR,ERR,ERR,0.0,-0.0,3.028208139652935e+23,0.0,0.0,1.3936040501711995e+18,7.805,0.0,0,0,4,0,7300,-0.0,0,0.0,0.0,0.0,0.0,0.0,0,0,0,0,0.0,0,0,0,0,0,0,0,0,0,0,0,0,0,0,0,0,0,0,0,0,0,0,0,0,0,0,0,0,0,0,0,0,0,32,30,30,62,65476,0,300,0,0,8,21553,0.0,-107605600.0,0.0,0.0,0.0,0.0,0.0,0.0,0.0,0.0,0.0,0.0,0.0,0.0,0.0,0.0,0.0,0.0,0.0,0.0,0.0,0.0,2.004,-2.004,-0.0,-2.004,0.0,0.0,0.0,0.0,5404.0,-131350.625,6969.0,0.0,-0.0,-107615280.0,-0.0,0.0,0.0,0.0,0.0,63,0.0,0.0,0.0,0.0,0.0,0.0,0.0,0.0,0.0,0,0,0,0.0,0.0,0.0,0.0,0.0,0.0,0.0,0.0,0.0,0.0,0.0,0.0,0.0,0.0,0.0,0.0,0,-107875648.0,63,0.0,126,2.7184242562605685e+23,-0.0,ERR,ERR,ERR,ERR,ERR,ERR,ERR,ERR,ERR,ERR,ERR,ERR,ERR,ERR,ERR,ERR,ERR,ERR,ERR,ERR,ERR,ERR,ERR,ERR,ERR,ERR,ERR,ERR,ERR,ERR,ERR,ERR,ERR,ERR,ERR,ERR,ERR,ERR,ERR,ERR,ERR,ERR,ERR,ERR,ERR,ERR,ERR,ERR,ERR,ERR,ERR,ERR,ERR,ERR,ERR,ERR,ERR,ERR,ERR,ERR,ERR,ERR,ERR,ERR,ERR,ERR,ERR,34.0,80.0,35,0.0,0.0,0.0,0.0,0.0,0.0,0.0,0.0,0.0,0.0,0.0,0.0,0.0,0.0,0.0,0.0,64.8,0,116,56,50,65476,0,300,0,0,8,20529,65476,0,0,57672,80.0,0.0,0.0,0.0,0.0,0.0
2026-06-17T04:34:21,ERR,ERR,ERR,ERR,ERR,ERR,ERR,ERR,ERR,ERR,ERR,ERR,ERR,ERR,ERR,ERR,ERR,ERR,ERR,ERR,ERR,ERR,ERR,ERR,ERR,ERR,ERR,ERR,ERR,ERR,ERR,ERR,ERR,ERR,ERR,ERR,ERR,ERR,ERR,ERR,ERR,ERR,ERR,ERR,ERR,ERR,ERR,ERR,ERR,ERR,ERR,ERR,ERR,ERR,ERR,ERR,ERR,ERR,ERR,ERR,ERR,ERR,ERR,ERR,ERR,ERR,ERR,ERR,ERR,ERR,ERR,ERR,ERR,ERR,ERR,ERR,ERR,ERR,ERR,ERR,ERR,ERR,ERR,ERR,ERR,ERR,ERR,ERR,ERR,ERR,ERR,ERR,ERR,ERR,ERR,ERR,ERR,ERR,ERR,ERR,ERR,ERR,ERR,ERR,ERR,ERR,ERR,ERR,ERR,ERR,ERR,ERR,ERR,ERR,ERR,ERR,ERR,ERR,ERR,ERR,ERR,ERR,ERR,ERR,ERR,0.0,-0.0,3.028208139652935e+23,0.0,0.0,1.3936040501711995e+18,7.805,0.0,0,0,4,0,7300,-0.0,0,0.0,0.0,0.0,0.0,0.0,0,0,0,0,0.0,0,0,0,0,0,0,0,0,0,0,0,0,0,0,0,0,0,0,0,0,0,0,0,0,0,0,0,0,0,0,0,0,0,32,30,30,62,65476,0,300,0,0,8,21553,0.0,-107605600.0,0.0,0.0,0.0,0.0,0.0,0.0,0.0,0.0,0.0,0.0,0.0,0.0,0.0,0.0,0.0,0.0,0.0,0.0,0.0,0.0,2.004,-2.004,-0.0,-2.004,0.0,0.0,0.0,0.0,5404.0,-131350.625,6969.0,0.0,-0.0,-107615280.0,-0.0,0.0,0.0,0.0,0.0,63,0.0,0.0,0.0,0.0,0.0,0.0,0.0,0.0,0.0,0,0,0,0.0,0.0,0.0,0.0,0.0,0.0,0.0,0.0,0.0,0.0,0.0,0.0,0.0,0.0,0.0,0.0,0,-107875648.0,63,0.0,126,2.7184242562605685e+23,-0.0,ERR,ERR,ERR,ERR,ERR,ERR,ERR,ERR,ERR,ERR,ERR,ERR,ERR,ERR,ERR,ERR,ERR,ERR,ERR,ERR,ERR,ERR,ERR,ERR,ERR,ERR,ERR,ERR,ERR,ERR,ERR,ERR,ERR,ERR,ERR,ERR,ERR,ERR,ERR,ERR,ERR,ERR,ERR,ERR,ERR,ERR,ERR,ERR,ERR,ERR,ERR,ERR,ERR,ERR,ERR,ERR,ERR,ERR,ERR,ERR,ERR,ERR,ERR,ERR,ERR,ERR,ERR,34.0,80.0,35,0.0,0.0,0.0,0.0,0.0,0.0,0.0,0.0,0.0,0.0,0.0,0.0,0.0,0.0,0.0,0.0,64.8,0,116,56,50,65476,0,300,0,0,8,20529,65476,0,0,57672,80.0,0.0,0.0,0.0,0.0,0.0
2026-06-17T04:34:22,ERR,ERR,ERR,ERR,ERR,ERR,ERR,ERR,ERR,ERR,ERR,ERR,ERR,ERR,ERR,ERR,ERR,ERR,ERR,ERR,ERR,ERR,ERR,ERR,ERR,ERR,ERR,ERR,ERR,ERR,ERR,ERR,ERR,ERR,ERR,ERR,ERR,ERR,ERR,ERR,ERR,ERR,ERR,ERR,ERR,ERR,ERR,ERR,ERR,ERR,ERR,ERR,ERR,ERR,ERR,ERR,ERR,ERR,ERR,ERR,ERR,ERR,ERR,ERR,ERR,ERR,ERR,ERR,ERR,ERR,ERR,ERR,ERR,ERR,ERR,ERR,ERR,ERR,ERR,ERR,ERR,ERR,ERR,ERR,ERR,ERR,ERR,ERR,ERR,ERR,ERR,ERR,ERR,ERR,ERR,ERR,ERR,ERR,ERR,ERR,ERR,ERR,ERR,ERR,ERR,ERR,ERR,ERR,ERR,ERR,ERR,ERR,ERR,ERR,ERR,ERR,ERR,ERR,ERR,ERR,ERR,ERR,ERR,ERR,ERR,0.0,-0.0,3.028208139652935e+23,0.0,0.0,1.3936040501711995e+18,7.805,0.0,0,0,4,0,7300,-0.0,0,0.0,0.0,0.0,0.0,0.0,0,0,0,0,0.0,0,0,0,0,0,0,0,0,0,0,0,0,0,0,0,0,0,0,0,0,0,0,0,0,0,0,0,0,0,0,0,0,0,32,30,30,62,65476,0,300,0,0,8,21553,0.0,-107605600.0,0.0,0.0,0.0,0.0,0.0,0.0,0.0,0.0,0.0,0.0,0.0,0.0,0.0,0.0,0.0,0.0,0.0,0.0,0.0,0.0,2.004,-2.004,-0.0,-2.004,0.0,0.0,0.0,0.0,5404.0,-131350.625,6969.0,0.0,-0.0,-107615280.0,-0.0,0.0,0.0,0.0,0.0,63,0.0,0.0,0.0,0.0,0.0,0.0,0.0,0.0,0.0,0,0,0,0.0,0.0,0.0,0.0,0.0,0.0,0.0,0.0,0.0,0.0,0.0,0.0,0.0,0.0,0.0,0.0,0,-107875648.0,63,0.0,126,2.7184242562605685e+23,-0.0,ERR,ERR,ERR,ERR,ERR,ERR,ERR,ERR,ERR,ERR,ERR,ERR,ERR,ERR,ERR,ERR,ERR,ERR,ERR,ERR,ERR,ERR,ERR,ERR,ERR,ERR,ERR,ERR,ERR,ERR,ERR,ERR,ERR,ERR,ERR,ERR,ERR,ERR,ERR,ERR,ERR,ERR,ERR,ERR,ERR,ERR,ERR,ERR,ERR,ERR,ERR,ERR,ERR,ERR,ERR,ERR,ERR,ERR,ERR,ERR,ERR,ERR,ERR,ERR,ERR,ERR,ERR,34.0,80.0,35,0.0,0.0,0.0,0.0,0.0,0.0,0.0,0.0,0.0,0.0,0.0,0.0,0.0,0.0,0.0,0.0,64.4,0,116,56,50,65476,0,300,0,0,8,20529,65476,0,0,57672,80.0,0.0,0.0,0.0,0.0,0.0
2026-06-17T04:34:23,ERR,ERR,ERR,ERR,ERR,ERR,ERR,ERR,ERR,ERR,ERR,ERR,ERR,ERR,ERR,ERR,ERR,ERR,ERR,ERR,ERR,ERR,ERR,ERR,ERR,ERR,ERR,ERR,ERR,ERR,ERR,ERR,ERR,ERR,ERR,ERR,ERR,ERR,ERR,ERR,ERR,ERR,ERR,ERR,ERR,ERR,ERR,ERR,ERR,ERR,ERR,ERR,ERR,ERR,ERR,ERR,ERR,ERR,ERR,ERR,ERR,ERR,ERR,ERR,ERR,ERR,ERR,ERR,ERR,ERR,ERR,ERR,ERR,ERR,ERR,ERR,ERR,ERR,ERR,ERR,ERR,ERR,ERR,ERR,ERR,ERR,ERR,ERR,ERR,ERR,ERR,ERR,ERR,ERR,ERR,ERR,ERR,ERR,ERR,ERR,ERR,ERR,ERR,ERR,ERR,ERR,ERR,ERR,ERR,ERR,ERR,ERR,ERR,ERR,ERR,ERR,ERR,ERR,ERR,ERR,ERR,ERR,ERR,ERR,ERR,0.0,-0.0,3.028208139652935e+23,0.0,0.0,1.3936040501711995e+18,7.805,0.0,0,0,4,0,7300,-0.0,0,0.0,0.0,0.0,0.0,0.0,0,0,0,0,0.0,0,0,0,0,0,0,0,0,0,0,0,0,0,0,0,0,0,0,0,0,0,0,0,0,0,0,0,0,0,0,0,0,0,32,30,30,62,65476,0,300,0,0,8,21553,0.0,-107605600.0,0.0,0.0,0.0,0.0,0.0,0.0,0.0,0.0,0.0,0.0,0.0,0.0,0.0,0.0,0.0,0.0,0.0,0.0,0.0,0.0,2.004,-2.004,-0.0,-2.004,0.0,0.0,0.0,0.0,5404.0,-131350.625,6969.0,0.0,-0.0,-107615280.0,-0.0,0.0,0.0,0.0,0.0,63,0.0,0.0,0.0,0.0,0.0,0.0,0.0,0.0,0.0,0,0,0,0.0,0.0,0.0,0.0,0.0,0.0,0.0,0.0,0.0,0.0,0.0,0.0,0.0,0.0,0.0,0.0,0,-107875648.0,63,0.0,126,2.7184242562605685e+23,-0.0,ERR,ERR,ERR,ERR,ERR,ERR,ERR,ERR,ERR,ERR,ERR,ERR,ERR,ERR,ERR,ERR,ERR,ERR,ERR,ERR,ERR,ERR,ERR,ERR,ERR,ERR,ERR,ERR,ERR,ERR,ERR,ERR,ERR,ERR,ERR,ERR,ERR,ERR,ERR,ERR,ERR,ERR,ERR,ERR,ERR,ERR,ERR,ERR,ERR,ERR,ERR,ERR,ERR,ERR,ERR,ERR,ERR,ERR,ERR,ERR,ERR,ERR,ERR,ERR,ERR,ERR,ERR,34.0,80.0,35,0.0,0.0,0.0,0.0,0.0,0.0,0.0,0.0,0.0,0.0,0.0,0.0,0.0,0.0,0.0,0.0,64.4,0,116,56,50,65476,0,300,0,0,8,20529,65476,0,0,57672,80.0,0.0,0.0,0.0,0.0,0.0
2026-06-17T04:34:24,ERR,ERR,ERR,ERR,ERR,ERR,ERR,ERR,ERR,ERR,ERR,ERR,ERR,ERR,ERR,ERR,ERR,ERR,ERR,ERR,ERR,ERR,ERR,ERR,ERR,ERR,ERR,ERR,ERR,ERR,ERR,ERR,ERR,ERR,ERR,ERR,ERR,ERR,ERR,ERR,ERR,ERR,ERR,ERR,ERR,ERR,ERR,ERR,ERR,ERR,ERR,ERR,ERR,ERR,ERR,ERR,ERR,ERR,ERR,ERR,ERR,ERR,ERR,ERR,ERR,ERR,ERR,ERR,ERR,ERR,ERR,ERR,ERR,ERR,ERR,ERR,ERR,ERR,ERR,ERR,ERR,ERR,ERR,ERR,ERR,ERR,ERR,ERR,ERR,ERR,ERR,ERR,ERR,ERR,ERR,ERR,ERR,ERR,ERR,ERR,ERR,ERR,ERR,ERR,ERR,ERR,ERR,ERR,ERR,ERR,ERR,ERR,ERR,ERR,ERR,ERR,ERR,ERR,ERR,ERR,ERR,ERR,ERR,ERR,ERR,0.0,-0.0,3.028208139652935e+23,0.0,0.0,1.3936040501711995e+18,7.805,0.0,0,0,4,0,7300,-0.0,0,0.0,0.0,0.0,0.0,0.0,0,0,0,0,0.0,0,0,0,0,0,0,0,0,0,0,0,0,0,0,0,0,0,0,0,0,0,0,0,0,0,0,0,0,0,0,0,0,0,32,30,30,62,65476,0,300,0,0,8,21553,0.0,-107605600.0,0.0,0.0,0.0,0.0,0.0,0.0,0.0,0.0,0.0,0.0,0.0,0.0,0.0,0.0,0.0,0.0,0.0,0.0,0.0,0.0,2.004,-2.004,-0.0,-2.004,0.0,0.0,0.0,0.0,5404.0,-131350.625,6969.0,0.0,-0.0,-107615280.0,-0.0,0.0,0.0,0.0,0.0,63,0.0,0.0,0.0,0.0,0.0,0.0,0.0,0.0,0.0,0,0,0,0.0,0.0,0.0,0.0,0.0,0.0,0.0,0.0,0.0,0.0,0.0,0.0,0.0,0.0,0.0,0.0,0,-107875648.0,63,0.0,126,2.7184242562605685e+23,-0.0,ERR,ERR,ERR,ERR,ERR,ERR,ERR,ERR,ERR,ERR,ERR,ERR,ERR,ERR,ERR,ERR,ERR,ERR,ERR,ERR,ERR,ERR,ERR,ERR,ERR,ERR,ERR,ERR,ERR,ERR,ERR,ERR,ERR,ERR,ERR,ERR,ERR,ERR,ERR,ERR,ERR,ERR,ERR,ERR,ERR,ERR,ERR,ERR,ERR,ERR,ERR,ERR,ERR,ERR,ERR,ERR,ERR,ERR,ERR,ERR,ERR,ERR,ERR,ERR,ERR,ERR,ERR,34.0,80.0,35,0.0,0.0,0.0,0.0,0.0,0.0,0.0,0.0,0.0,0.0,0.0,0.0,0.0,0.0,0.0,0.0,64.4,0,116,56,50,65476,0,300,0,0,8,20529,65476,0,0,57672,80.0,0.0,0.0,0.0,0.0,0.0
2026-06-17T04:34:25,ERR,ERR,ERR,ERR,ERR,ERR,ERR,ERR,ERR,ERR,ERR,ERR,ERR,ERR,ERR,ERR,ERR,ERR,ERR,ERR,ERR,ERR,ERR,ERR,ERR,ERR,ERR,ERR,ERR,ERR,ERR,ERR,ERR,ERR,ERR,ERR,ERR,ERR,ERR,ERR,ERR,ERR,ERR,ERR,ERR,ERR,ERR,ERR,ERR,ERR,ERR,ERR,ERR,ERR,ERR,ERR,ERR,ERR,ERR,ERR,ERR,ERR,ERR,ERR,ERR,ERR,ERR,ERR,ERR,ERR,ERR,ERR,ERR,ERR,ERR,ERR,ERR,ERR,ERR,ERR,ERR,ERR,ERR,ERR,ERR,ERR,ERR,ERR,ERR,ERR,ERR,ERR,ERR,ERR,ERR,ERR,ERR,ERR,ERR,ERR,ERR,ERR,ERR,ERR,ERR,ERR,ERR,ERR,ERR,ERR,ERR,ERR,ERR,ERR,ERR,ERR,ERR,ERR,ERR,ERR,ERR,ERR,ERR,ERR,ERR,0.0,-0.0,3.028208139652935e+23,0.0,0.0,1.3936040501711995e+18,7.805,0.0,0,0,4,0,7300,-0.0,0,0.0,0.0,0.0,0.0,0.0,0,0,0,0,0.0,0,0,0,0,0,0,0,0,0,0,0,0,0,0,0,0,0,0,0,0,0,0,0,0,0,0,0,0,0,0,0,0,0,32,30,30,62,65476,0,300,0,0,8,21553,0.0,-107605600.0,0.0,0.0,0.0,0.0,0.0,0.0,0.0,0.0,0.0,0.0,0.0,0.0,0.0,0.0,0.0,0.0,0.0,0.0,0.0,0.0,2.004,-2.004,-0.0,-2.004,0.0,0.0,0.0,0.0,5405.0,-0.0,6962.0,0.0,-0.0,-107615280.0,-0.0,0.0,0.0,0.0,0.0,63,0.0,-71.63,0.0,0.0,0.0,0.0,0.0,0.0,0.0,0,0,0,0.0,0.0,0.0,0.0,0.0,0.0,0.0,0.0,0.0,0.0,0.0,0.0,0.0,0.0,0.0,0.0,0,-107875648.0,63,0.0,126,2.7184242562605685e+23,-0.0,ERR,ERR,ERR,ERR,ERR,ERR,ERR,ERR,ERR,ERR,ERR,ERR,ERR,ERR,ERR,ERR,ERR,ERR,ERR,ERR,ERR,ERR,ERR,ERR,ERR,ERR,ERR,ERR,ERR,ERR,ERR,ERR,ERR,ERR,ERR,ERR,ERR,ERR,ERR,ERR,ERR,ERR,ERR,ERR,ERR,ERR,ERR,ERR,ERR,ERR,ERR,ERR,ERR,ERR,ERR,ERR,ERR,ERR,ERR,ERR,ERR,ERR,ERR,ERR,ERR,ERR,ERR,34.0,80.0,35,0.0,0.0,0.0,0.0,0.0,0.0,0.0,0.0,0.0,0.0,0.0,0.0,0.0,0.0,0.0,0.0,64.4,0,116,56,50,65476,0,300,0,0,8,20529,65476,0,0,57672,80.0,0.0,0.0,0.0,0.0,0.0
2026-06-17T04:34:26,ERR,ERR,ERR,ERR,ERR,ERR,ERR,ERR,ERR,ERR,ERR,ERR,ERR,ERR,ERR,ERR,ERR,ERR,ERR,ERR,ERR,ERR,ERR,ERR,ERR,ERR,ERR,ERR,ERR,ERR,ERR,ERR,ERR,ERR,ERR,ERR,ERR,ERR,ERR,ERR,ERR,ERR,ERR,ERR,ERR,ERR,ERR,ERR,ERR,ERR,ERR,ERR,ERR,ERR,ERR,ERR,ERR,ERR,ERR,ERR,ERR,ERR,ERR,ERR,ERR,ERR,ERR,ERR,ERR,ERR,ERR,ERR,ERR,ERR,ERR,ERR,ERR,ERR,ERR,ERR,ERR,ERR,ERR,ERR,ERR,ERR,ERR,ERR,ERR,ERR,ERR,ERR,ERR,ERR,ERR,ERR,ERR,ERR,ERR,ERR,ERR,ERR,ERR,ERR,ERR,ERR,ERR,ERR,ERR,ERR,ERR,ERR,ERR,ERR,ERR,ERR,ERR,ERR,ERR,ERR,ERR,ERR,ERR,ERR,ERR,0.0,-0.0,3.028208139652935e+23,0.0,0.0,1.3936040501711995e+18,7.805,0.0,0,0,4,0,7300,-0.0,0,0.0,0.0,0.0,0.0,0.0,0,0,0,0,0.0,0,0,0,0,0,0,0,0,0,0,0,0,0,0,0,0,0,0,0,0,0,0,0,0,0,0,0,0,0,0,0,0,0,32,30,30,62,65476,0,300,0,0,8,21553,0.0,-107605600.0,0.0,0.0,0.0,0.0,0.0,0.0,0.0,0.0,0.0,0.0,0.0,0.0,0.0,0.0,0.0,0.0,0.0,0.0,0.0,0.0,2.004,-2.004,-0.0,-2.004,0.0,0.0,0.0,0.0,5405.0,-0.0,6962.0,0.0,-0.0,-107615280.0,-0.0,0.0,0.0,0.0,0.0,63,0.0,-71.63,0.0,0.0,0.0,0.0,0.0,0.0,0.0,0,0,0,0.0,0.0,0.0,0.0,0.0,0.0,0.0,0.0,0.0,0.0,0.0,0.0,0.0,0.0,0.0,0.0,0,-107875648.0,63,0.0,126,2.7184242562605685e+23,-0.0,ERR,ERR,ERR,ERR,ERR,ERR,ERR,ERR,ERR,ERR,ERR,ERR,ERR,ERR,ERR,ERR,ERR,ERR,ERR,ERR,ERR,ERR,ERR,ERR,ERR,ERR,ERR,ERR,ERR,ERR,ERR,ERR,ERR,ERR,ERR,ERR,ERR,ERR,ERR,ERR,ERR,ERR,ERR,ERR,ERR,ERR,ERR,ERR,ERR,ERR,ERR,ERR,ERR,ERR,ERR,ERR,ERR,ERR,ERR,ERR,ERR,ERR,ERR,ERR,ERR,ERR,ERR,34.0,80.0,35,0.0,0.0,0.0,0.0,0.0,0.0,0.0,0.0,0.0,0.0,0.0,0.0,0.0,0.0,0.0,0.0,64.4,0,116,56,50,65476,0,300,0,0,8,20529,65476,0,0,57672,80.0,0.0,0.0,0.0,0.0,0.0
2026-06-17T04:34:27,ERR,ERR,ERR,ERR,ERR,ERR,ERR,ERR,ERR,ERR,ERR,ERR,ERR,ERR,ERR,ERR,ERR,ERR,ERR,ERR,ERR,ERR,ERR,ERR,ERR,ERR,ERR,ERR,ERR,ERR,ERR,ERR,ERR,ERR,ERR,ERR,ERR,ERR,ERR,ERR,ERR,ERR,ERR,ERR,ERR,ERR,ERR,ERR,ERR,ERR,ERR,ERR,ERR,ERR,ERR,ERR,ERR,ERR,ERR,ERR,ERR,ERR,ERR,ERR,ERR,ERR,ERR,ERR,ERR,ERR,ERR,ERR,ERR,ERR,ERR,ERR,ERR,ERR,ERR,ERR,ERR,ERR,ERR,ERR,ERR,ERR,ERR,ERR,ERR,ERR,ERR,ERR,ERR,ERR,ERR,ERR,ERR,ERR,ERR,ERR,ERR,ERR,ERR,ERR,ERR,ERR,ERR,ERR,ERR,ERR,ERR,ERR,ERR,ERR,ERR,ERR,ERR,ERR,ERR,ERR,ERR,ERR,ERR,ERR,ERR,0.0,-0.0,3.028208139652935e+23,0.0,0.0,1.3936040501711995e+18,7.805,0.0,0,0,4,0,7300,-0.0,0,0.0,0.0,0.0,0.0,0.0,0,0,0,0,0.0,0,0,0,0,0,0,0,0,0,0,0,0,0,0,0,0,0,0,0,0,0,0,0,0,0,0,0,0,0,0,0,0,0,32,30,30,62,65476,0,300,0,0,8,21553,0.0,-107605600.0,0.0,0.0,0.0,0.0,0.0,0.0,0.0,0.0,0.0,0.0,0.0,0.0,0.0,0.0,0.0,0.0,0.0,0.0,0.0,0.0,2.004,-2.004,-0.0,-2.004,0.0,0.0,0.0,0.0,5405.0,-0.0,6962.0,0.0,-0.0,-107615280.0,-0.0,0.0,0.0,0.0,0.0,63,0.0,-71.63,0.0,0.0,0.0,0.0,0.0,0.0,0.0,0,0,0,0.0,0.0,0.0,0.0,0.0,0.0,0.0,0.0,0.0,0.0,0.0,0.0,0.0,0.0,0.0,0.0,0,-107875648.0,63,0.0,126,2.7184242562605685e+23,-0.0,ERR,ERR,ERR,ERR,ERR,ERR,ERR,ERR,ERR,ERR,ERR,ERR,ERR,ERR,ERR,ERR,ERR,ERR,ERR,ERR,ERR,ERR,ERR,ERR,ERR,ERR,ERR,ERR,ERR,ERR,ERR,ERR,ERR,ERR,ERR,ERR,ERR,ERR,ERR,ERR,ERR,ERR,ERR,ERR,ERR,ERR,ERR,ERR,ERR,ERR,ERR,ERR,ERR,ERR,ERR,ERR,ERR,ERR,ERR,ERR,ERR,ERR,ERR,ERR,ERR,ERR,ERR,34.0,80.0,35,0.0,0.0,0.0,0.0,0.0,0.0,0.0,0.0,0.0,0.0,0.0,0.0,0.0,0.0,0.0,0.0,64.4,0,116,56,50,65476,0,300,0,0,8,20529,65476,0,0,57672,80.0,0.0,0.0,0.0,0.0,0.0
2026-06-17T04:34:28,ERR,ERR,ERR,ERR,ERR,ERR,ERR,ERR,ERR,ERR,ERR,ERR,ERR,ERR,ERR,ERR,ERR,ERR,ERR,ERR,ERR,ERR,ERR,ERR,ERR,ERR,ERR,ERR,ERR,ERR,ERR,ERR,ERR,ERR,ERR,ERR,ERR,ERR,ERR,ERR,ERR,ERR,ERR,ERR,ERR,ERR,ERR,ERR,ERR,ERR,ERR,ERR,ERR,ERR,ERR,ERR,ERR,ERR,ERR,ERR,ERR,ERR,ERR,ERR,ERR,ERR,ERR,ERR,ERR,ERR,ERR,ERR,ERR,ERR,ERR,ERR,ERR,ERR,ERR,ERR,ERR,ERR,ERR,ERR,ERR,ERR,ERR,ERR,ERR,ERR,ERR,ERR,ERR,ERR,ERR,ERR,ERR,ERR,ERR,ERR,ERR,ERR,ERR,ERR,ERR,ERR,ERR,ERR,ERR,ERR,ERR,ERR,ERR,ERR,ERR,ERR,ERR,ERR,ERR,ERR,ERR,ERR,ERR,ERR,ERR,0.0,-0.0,3.028208139652935e+23,0.0,0.0,1.3936040501711995e+18,7.805,0.0,0,0,4,0,7300,-0.0,0,0.0,0.0,0.0,0.0,0.0,0,0,0,0,0.0,0,0,0,0,0,0,0,0,0,0,0,0,0,0,0,0,0,0,0,0,0,0,0,0,0,0,0,0,0,0,0,0,0,32,30,30,62,65476,0,300,0,0,8,21553,0.0,-107605600.0,0.0,0.0,0.0,0.0,0.0,0.0,0.0,0.0,0.0,0.0,0.0,0.0,0.0,0.0,0.0,0.0,0.0,0.0,0.0,0.0,2.004,-2.004,-0.0,-2.004,0.0,0.0,0.0,0.0,5405.0,-0.0,6962.0,0.0,-0.0,-107615280.0,-0.0,0.0,0.0,0.0,0.0,63,0.0,-71.63,0.0,0.0,0.0,0.0,0.0,0.0,0.0,0,0,0,0.0,0.0,0.0,0.0,0.0,0.0,0.0,0.0,0.0,0.0,0.0,0.0,0.0,0.0,0.0,0.0,0,-107875648.0,63,0.0,126,2.7184242562605685e+23,-0.0,ERR,ERR,ERR,ERR,ERR,ERR,ERR,ERR,ERR,ERR,ERR,ERR,ERR,ERR,ERR,ERR,ERR,ERR,ERR,ERR,ERR,ERR,ERR,ERR,ERR,ERR,ERR,ERR,ERR,ERR,ERR,ERR,ERR,ERR,ERR,ERR,ERR,ERR,ERR,ERR,ERR,ERR,ERR,ERR,ERR,ERR,ERR,ERR,ERR,ERR,ERR,ERR,ERR,ERR,ERR,ERR,ERR,ERR,ERR,ERR,ERR,ERR,ERR,ERR,ERR,ERR,ERR,34.0,80.0,35,0.0,0.0,0.0,0.0,0.0,0.0,0.0,0.0,0.0,0.0,0.0,0.0,0.0,0.0,0.0,0.0,64.4,0,116,56,50,65476,0,300,0,0,8,20529,65476,0,0,57672,80.0,0.0,0.0,0.0,0.0,0.0
2026-06-17T04:34:29,ERR,ERR,ERR,ERR,ERR,ERR,ERR,ERR,ERR,ERR,ERR,ERR,ERR,ERR,ERR,ERR,ERR,ERR,ERR,ERR,ERR,ERR,ERR,ERR,ERR,ERR,ERR,ERR,ERR,ERR,ERR,ERR,ERR,ERR,ERR,ERR,ERR,ERR,ERR,ERR,ERR,ERR,ERR,ERR,ERR,ERR,ERR,ERR,ERR,ERR,ERR,ERR,ERR,ERR,ERR,ERR,ERR,ERR,ERR,ERR,ERR,ERR,ERR,ERR,ERR,ERR,ERR,ERR,ERR,ERR,ERR,ERR,ERR,ERR,ERR,ERR,ERR,ERR,ERR,ERR,ERR,ERR,ERR,ERR,ERR,ERR,ERR,ERR,ERR,ERR,ERR,ERR,ERR,ERR,ERR,ERR,ERR,ERR,ERR,ERR,ERR,ERR,ERR,ERR,ERR,ERR,ERR,ERR,ERR,ERR,ERR,ERR,ERR,ERR,ERR,ERR,ERR,ERR,ERR,ERR,ERR,ERR,ERR,ERR,ERR,0.0,-0.0,3.028208139652935e+23,0.0,0.0,1.3936040501711995e+18,7.805,0.0,0,0,4,0,7300,-0.0,0,0.0,0.0,0.0,0.0,0.0,0,0,0,0,0.0,0,0,0,0,0,0,0,0,0,0,0,0,0,0,0,0,0,0,0,0,0,0,0,0,0,0,0,0,0,0,0,0,0,32,30,30,62,65476,0,300,0,0,8,21553,0.0,-107605600.0,0.0,0.0,0.0,0.0,0.0,0.0,0.0,0.0,0.0,0.0,0.0,0.0,0.0,0.0,0.0,0.0,0.0,0.0,0.0,0.0,2.004,-2.004,-0.0,-2.004,0.0,0.0,0.0,0.0,5405.0,-0.0,6962.0,0.0,-0.0,-107615280.0,-0.0,0.0,0.0,0.0,0.0,63,0.0,-71.63,0.0,0.0,0.0,0.0,0.0,0.0,0.0,0,0,0,0.0,0.0,0.0,0.0,0.0,0.0,0.0,0.0,0.0,0.0,0.0,0.0,0.0,0.0,0.0,0.0,0,-107875648.0,63,0.0,126,2.7184242562605685e+23,-0.0,ERR,ERR,ERR,ERR,ERR,ERR,ERR,ERR,ERR,ERR,ERR,ERR,ERR,ERR,ERR,ERR,ERR,ERR,ERR,ERR,ERR,ERR,ERR,ERR,ERR,ERR,ERR,ERR,ERR,ERR,ERR,ERR,ERR,ERR,ERR,ERR,ERR,ERR,ERR,ERR,ERR,ERR,ERR,ERR,ERR,ERR,ERR,ERR,ERR,ERR,ERR,ERR,ERR,ERR,ERR,ERR,ERR,ERR,ERR,ERR,ERR,ERR,ERR,ERR,ERR,ERR,ERR,34.0,80.0,35,0.0,0.0,0.0,0.0,0.0,0.0,0.0,0.0,0.0,0.0,0.0,0.0,0.0,0.0,0.0,0.0,64.4,0,116,56,50,65476,0,300,0,0,8,20529,65476,0,0,57672,80.0,0.0,0.0,0.0,0.0,0.0
2026-06-17T04:34:30,ERR,ERR,ERR,ERR,ERR,ERR,ERR,ERR,ERR,ERR,ERR,ERR,ERR,ERR,ERR,ERR,ERR,ERR,ERR,ERR,ERR,ERR,ERR,ERR,ERR,ERR,ERR,ERR,ERR,ERR,ERR,ERR,ERR,ERR,ERR,ERR,ERR,ERR,ERR,ERR,ERR,ERR,ERR,ERR,ERR,ERR,ERR,ERR,ERR,ERR,ERR,ERR,ERR,ERR,ERR,ERR,ERR,ERR,ERR,ERR,ERR,ERR,ERR,ERR,ERR,ERR,ERR,ERR,ERR,ERR,ERR,ERR,ERR,ERR,ERR,ERR,ERR,ERR,ERR,ERR,ERR,ERR,ERR,ERR,ERR,ERR,ERR,ERR,ERR,ERR,ERR,ERR,ERR,ERR,ERR,ERR,ERR,ERR,ERR,ERR,ERR,ERR,ERR,ERR,ERR,ERR,ERR,ERR,ERR,ERR,ERR,ERR,ERR,ERR,ERR,ERR,ERR,ERR,ERR,ERR,ERR,ERR,ERR,ERR,ERR,0.0,-0.0,3.028208139652935e+23,0.0,0.0,1.3936040501711995e+18,7.805,0.0,0,0,4,0,7300,-0.0,0,0.0,0.0,0.0,0.0,0.0,0,0,0,0,0.0,0,0,0,0,0,0,0,0,0,0,0,0,0,0,0,0,0,0,0,0,0,0,0,0,0,0,0,0,0,0,0,0,0,32,30,30,62,65476,0,300,0,0,8,21553,0.0,-107605600.0,0.0,0.0,0.0,0.0,0.0,0.0,0.0,0.0,0.0,0.0,0.0,0.0,0.0,0.0,0.0,0.0,0.0,0.0,0.0,0.0,2.004,0.0,-0.0,-2.004,0.0,0.0,0.0,0.0,5403.0,-0.0,6931.0,0.0,-0.0,-107615280.0,-0.0,0.0,0.0,0.0,0.0,63,0.0,-107614904.0,0.0,0.0,0.0,0.0,0.0,0.0,0.0,0,0,0,0.0,0.0,0.0,0.0,0.0,0.0,0.0,0.0,0.0,0.0,0.0,0.0,0.0,0.0,0.0,0.0,0,-107875648.0,63,0.0,126,2.7184242562605685e+23,-0.0,ERR,ERR,ERR,ERR,ERR,ERR,ERR,ERR,ERR,ERR,ERR,ERR,ERR,ERR,ERR,ERR,ERR,ERR,ERR,ERR,ERR,ERR,ERR,ERR,ERR,ERR,ERR,ERR,ERR,ERR,ERR,ERR,ERR,ERR,ERR,ERR,ERR,ERR,ERR,ERR,ERR,ERR,ERR,ERR,ERR,ERR,ERR,ERR,ERR,ERR,ERR,ERR,ERR,ERR,ERR,ERR,ERR,ERR,ERR,ERR,ERR,ERR,ERR,ERR,ERR,ERR,ERR,34.0,80.0,35,0.0,0.0,0.0,0.0,0.0,0.0,0.0,0.0,0.0,0.0,0.0,0.0,0.0,0.0,0.0,0.0,64.4,0,116,56,50,65476,0,300,0,0,8,20529,65476,0,0,57672,80.0,0.0,0.0,0.0,0.0,0.0
2026-06-17T04:34:31,ERR,ERR,ERR,ERR,ERR,ERR,ERR,ERR,ERR,ERR,ERR,ERR,ERR,ERR,ERR,ERR,ERR,ERR,ERR,ERR,ERR,ERR,ERR,ERR,ERR,ERR,ERR,ERR,ERR,ERR,ERR,ERR,ERR,ERR,ERR,ERR,ERR,ERR,ERR,ERR,ERR,ERR,ERR,ERR,ERR,ERR,ERR,ERR,ERR,ERR,ERR,ERR,ERR,ERR,ERR,ERR,ERR,ERR,ERR,ERR,ERR,ERR,ERR,ERR,ERR,ERR,ERR,ERR,ERR,ERR,ERR,ERR,ERR,ERR,ERR,ERR,ERR,ERR,ERR,ERR,ERR,ERR,ERR,ERR,ERR,ERR,ERR,ERR,ERR,ERR,ERR,ERR,ERR,ERR,ERR,ERR,ERR,ERR,ERR,ERR,ERR,ERR,ERR,ERR,ERR,ERR,ERR,ERR,ERR,ERR,ERR,ERR,ERR,ERR,ERR,ERR,ERR,ERR,ERR,ERR,ERR,ERR,ERR,ERR,ERR,0.0,-0.0,3.028208139652935e+23,0.0,0.0,1.3936040501711995e+18,7.805,0.0,0,0,4,0,7300,-0.0,0,0.0,0.0,0.0,0.0,0.0,0,0,0,0,0.0,0,0,0,0,0,0,0,0,0,0,0,0,0,0,0,0,0,0,0,0,0,0,0,0,0,0,0,0,0,0,0,0,0,32,30,30,62,65476,0,300,0,0,8,21553,0.0,-107605600.0,0.0,0.0,0.0,0.0,0.0,0.0,0.0,0.0,0.0,0.0,0.0,0.0,0.0,0.0,0.0,0.0,0.0,0.0,0.0,0.0,2.004,0.0,-0.0,-2.004,0.0,0.0,0.0,0.0,5403.0,-0.0,6931.0,0.0,-0.0,-107615280.0,-0.0,0.0,0.0,0.0,0.0,63,0.0,-107614904.0,0.0,0.0,0.0,0.0,0.0,0.0,0.0,0,0,0,0.0,0.0,0.0,0.0,0.0,0.0,0.0,0.0,0.0,0.0,0.0,0.0,0.0,0.0,0.0,0.0,0,-107875648.0,63,0.0,126,2.7184242562605685e+23,-0.0,ERR,ERR,ERR,ERR,ERR,ERR,ERR,ERR,ERR,ERR,ERR,ERR,ERR,ERR,ERR,ERR,ERR,ERR,ERR,ERR,ERR,ERR,ERR,ERR,ERR,ERR,ERR,ERR,ERR,ERR,ERR,ERR,ERR,ERR,ERR,ERR,ERR,ERR,ERR,ERR,ERR,ERR,ERR,ERR,ERR,ERR,ERR,ERR,ERR,ERR,ERR,ERR,ERR,ERR,ERR,ERR,ERR,ERR,ERR,ERR,ERR,ERR,ERR,ERR,ERR,ERR,ERR,34.0,80.0,35,0.0,0.0,0.0,0.0,0.0,0.0,0.0,0.0,0.0,0.0,0.0,0.0,0.0,0.0,0.0,0.0,64.4,0,116,56,50,65476,0,300,0,0,8,20529,65476,0,0,57672,80.0,0.0,0.0,0.0,0.0,0.0
2026-06-17T04:34:32,ERR,ERR,ERR,ERR,ERR,ERR,ERR,ERR,ERR,ERR,ERR,ERR,ERR,ERR,ERR,ERR,ERR,ERR,ERR,ERR,ERR,ERR,ERR,ERR,ERR,ERR,ERR,ERR,ERR,ERR,ERR,ERR,ERR,ERR,ERR,ERR,ERR,ERR,ERR,ERR,ERR,ERR,ERR,ERR,ERR,ERR,ERR,ERR,ERR,ERR,ERR,ERR,ERR,ERR,ERR,ERR,ERR,ERR,ERR,ERR,ERR,ERR,ERR,ERR,ERR,ERR,ERR,ERR,ERR,ERR,ERR,ERR,ERR,ERR,ERR,ERR,ERR,ERR,ERR,ERR,ERR,ERR,ERR,ERR,ERR,ERR,ERR,ERR,ERR,ERR,ERR,ERR,ERR,ERR,ERR,ERR,ERR,ERR,ERR,ERR,ERR,ERR,ERR,ERR,ERR,ERR,ERR,ERR,ERR,ERR,ERR,ERR,ERR,ERR,ERR,ERR,ERR,ERR,ERR,ERR,ERR,ERR,ERR,ERR,ERR,0.0,-0.0,3.028208139652935e+23,0.0,0.0,1.3936040501711995e+18,7.805,0.0,0,0,4,0,7300,-0.0,0,0.0,0.0,0.0,0.0,0.0,0,0,0,0,0.0,0,0,0,0,0,0,0,0,0,0,0,0,0,0,0,0,0,0,0,0,0,0,0,0,0,0,0,0,0,0,0,0,0,32,30,30,62,65476,0,300,0,0,8,21553,0.0,-107605600.0,0.0,0.0,0.0,0.0,0.0,0.0,0.0,0.0,0.0,0.0,0.0,0.0,0.0,0.0,0.0,0.0,0.0,0.0,0.0,0.0,2.004,0.0,-0.0,-2.004,0.0,0.0,0.0,0.0,5403.0,-0.0,6931.0,0.0,-0.0,-107615280.0,-0.0,0.0,0.0,0.0,0.0,63,0.0,-107614904.0,0.0,0.0,0.0,0.0,0.0,0.0,0.0,0,0,0,0.0,0.0,0.0,0.0,0.0,0.0,0.0,0.0,0.0,0.0,0.0,0.0,0.0,0.0,0.0,0.0,0,-107875648.0,63,0.0,126,2.7184242562605685e+23,-0.0,ERR,ERR,ERR,ERR,ERR,ERR,ERR,ERR,ERR,ERR,ERR,ERR,ERR,ERR,ERR,ERR,ERR,ERR,ERR,ERR,ERR,ERR,ERR,ERR,ERR,ERR,ERR,ERR,ERR,ERR,ERR,ERR,ERR,ERR,ERR,ERR,ERR,ERR,ERR,ERR,ERR,ERR,ERR,ERR,ERR,ERR,ERR,ERR,ERR,ERR,ERR,ERR,ERR,ERR,ERR,ERR,ERR,ERR,ERR,ERR,ERR,ERR,ERR,ERR,ERR,ERR,ERR,34.0,80.0,35,0.0,0.0,0.0,0.0,0.0,0.0,0.0,0.0,0.0,0.0,0.0,0.0,0.0,0.0,0.0,0.0,64.4,0,116,56,50,65476,0,300,0,0,8,20529,65476,0,0,57672,80.0,0.0,0.0,0.0,0.0,0.0
2026-06-17T04:34:33,ERR,ERR,ERR,ERR,ERR,ERR,ERR,ERR,ERR,ERR,ERR,ERR,ERR,ERR,ERR,ERR,ERR,ERR,ERR,ERR,ERR,ERR,ERR,ERR,ERR,ERR,ERR,ERR,ERR,ERR,ERR,ERR,ERR,ERR,ERR,ERR,ERR,ERR,ERR,ERR,ERR,ERR,ERR,ERR,ERR,ERR,ERR,ERR,ERR,ERR,ERR,ERR,ERR,ERR,ERR,ERR,ERR,ERR,ERR,ERR,ERR,ERR,ERR,ERR,ERR,ERR,ERR,ERR,ERR,ERR,ERR,ERR,ERR,ERR,ERR,ERR,ERR,ERR,ERR,ERR,ERR,ERR,ERR,ERR,ERR,ERR,ERR,ERR,ERR,ERR,ERR,ERR,ERR,ERR,ERR,ERR,ERR,ERR,ERR,ERR,ERR,ERR,ERR,ERR,ERR,ERR,ERR,ERR,ERR,ERR,ERR,ERR,ERR,ERR,ERR,ERR,ERR,ERR,ERR,ERR,ERR,ERR,ERR,ERR,ERR,0.0,-0.0,3.028208139652935e+23,0.0,0.0,1.3936040501711995e+18,7.805,0.0,0,0,4,0,7300,-0.0,0,0.0,0.0,0.0,0.0,0.0,0,0,0,0,0.0,0,0,0,0,0,0,0,0,0,0,0,0,0,0,0,0,0,0,0,0,0,0,0,0,0,0,0,0,0,0,0,0,0,32,30,30,62,65476,0,300,0,0,8,21553,0.0,-107605600.0,0.0,0.0,0.0,0.0,0.0,0.0,0.0,0.0,0.0,0.0,0.0,0.0,0.0,0.0,0.0,0.0,0.0,0.0,0.0,0.0,2.004,0.0,-0.0,-2.004,0.0,0.0,0.0,0.0,5403.0,-0.0,6931.0,0.0,-0.0,-107615280.0,-0.0,0.0,0.0,0.0,0.0,63,0.0,-107614904.0,0.0,0.0,0.0,0.0,0.0,0.0,0.0,0,0,0,0.0,0.0,0.0,0.0,0.0,0.0,0.0,0.0,0.0,0.0,0.0,0.0,0.0,0.0,0.0,0.0,0,-107875648.0,63,0.0,126,2.7184242562605685e+23,-0.0,ERR,ERR,ERR,ERR,ERR,ERR,ERR,ERR,ERR,ERR,ERR,ERR,ERR,ERR,ERR,ERR,ERR,ERR,ERR,ERR,ERR,ERR,ERR,ERR,ERR,ERR,ERR,ERR,ERR,ERR,ERR,ERR,ERR,ERR,ERR,ERR,ERR,ERR,ERR,ERR,ERR,ERR,ERR,ERR,ERR,ERR,ERR,ERR,ERR,ERR,ERR,ERR,ERR,ERR,ERR,ERR,ERR,ERR,ERR,ERR,ERR,ERR,ERR,ERR,ERR,ERR,ERR,34.0,80.0,35,0.0,0.0,0.0,0.0,0.0,0.0,0.0,0.0,0.0,0.0,0.0,0.0,0.0,0.0,0.0,0.0,64.4,0,116,56,50,65476,0,300,0,0,8,20529,65476,0,0,57672,80.0,0.0,0.0,0.0,0.0,0.0
2026-06-17T04:34:34,ERR,ERR,ERR,ERR,ERR,ERR,ERR,ERR,ERR,ERR,ERR,ERR,ERR,ERR,ERR,ERR,ERR,ERR,ERR,ERR,ERR,ERR,ERR,ERR,ERR,ERR,ERR,ERR,ERR,ERR,ERR,ERR,ERR,ERR,ERR,ERR,ERR,ERR,ERR,ERR,ERR,ERR,ERR,ERR,ERR,ERR,ERR,ERR,ERR,ERR,ERR,ERR,ERR,ERR,ERR,ERR,ERR,ERR,ERR,ERR,ERR,ERR,ERR,ERR,ERR,ERR,ERR,ERR,ERR,ERR,ERR,ERR,ERR,ERR,ERR,ERR,ERR,ERR,ERR,ERR,ERR,ERR,ERR,ERR,ERR,ERR,ERR,ERR,ERR,ERR,ERR,ERR,ERR,ERR,ERR,ERR,ERR,ERR,ERR,ERR,ERR,ERR,ERR,ERR,ERR,ERR,ERR,ERR,ERR,ERR,ERR,ERR,ERR,ERR,ERR,ERR,ERR,ERR,ERR,ERR,ERR,ERR,ERR,ERR,ERR,0.0,-0.0,3.028208139652935e+23,0.0,0.0,1.3936040501711995e+18,7.805,0.0,0,0,4,0,7300,-0.0,0,0.0,0.0,0.0,0.0,0.0,0,0,0,0,0.0,0,0,0,0,0,0,0,0,0,0,0,0,0,0,0,0,0,0,0,0,0,0,0,0,0,0,0,0,0,0,0,0,0,32,30,30,62,65476,0,300,0,0,8,21553,0.0,-107605600.0,0.0,0.0,0.0,0.0,0.0,0.0,0.0,0.0,0.0,0.0,0.0,0.0,0.0,0.0,0.0,0.0,0.0,0.0,0.0,0.0,2.004,0.0,-0.0,-2.004,0.0,0.0,0.0,0.0,5403.0,-0.0,6931.0,0.0,-0.0,-107615280.0,-0.0,0.0,0.0,0.0,0.0,63,0.0,-107614904.0,0.0,0.0,0.0,0.0,0.0,0.0,0.0,0,0,0,0.0,0.0,0.0,0.0,0.0,0.0,0.0,0.0,0.0,0.0,0.0,0.0,0.0,0.0,0.0,0.0,0,-107875648.0,63,0.0,126,2.7184242562605685e+23,-0.0,ERR,ERR,ERR,ERR,ERR,ERR,ERR,ERR,ERR,ERR,ERR,ERR,ERR,ERR,ERR,ERR,ERR,ERR,ERR,ERR,ERR,ERR,ERR,ERR,ERR,ERR,ERR,ERR,ERR,ERR,ERR,ERR,ERR,ERR,ERR,ERR,ERR,ERR,ERR,ERR,ERR,ERR,ERR,ERR,ERR,ERR,ERR,ERR,ERR,ERR,ERR,ERR,ERR,ERR,ERR,ERR,ERR,ERR,ERR,ERR,ERR,ERR,ERR,ERR,ERR,ERR,ERR,34.0,80.0,35,0.0,0.0,0.0,0.0,0.0,0.0,0.0,0.0,0.0,0.0,0.0,0.0,0.0,0.0,0.0,0.0,64.4,0,116,56,50,65476,0,300,0,0,8,20529,65476,0,0,57672,80.0,0.0,0.0,0.0,0.0,0.0
2026-06-17T04:34:35,ERR,ERR,ERR,ERR,ERR,ERR,ERR,ERR,ERR,ERR,ERR,ERR,ERR,ERR,ERR,ERR,ERR,ERR,ERR,ERR,ERR,ERR,ERR,ERR,ERR,ERR,ERR,ERR,ERR,ERR,ERR,ERR,ERR,ERR,ERR,ERR,ERR,ERR,ERR,ERR,ERR,ERR,ERR,ERR,ERR,ERR,ERR,ERR,ERR,ERR,ERR,ERR,ERR,ERR,ERR,ERR,ERR,ERR,ERR,ERR,ERR,ERR,ERR,ERR,ERR,ERR,ERR,ERR,ERR,ERR,ERR,ERR,ERR,ERR,ERR,ERR,ERR,ERR,ERR,ERR,ERR,ERR,ERR,ERR,ERR,ERR,ERR,ERR,ERR,ERR,ERR,ERR,ERR,ERR,ERR,ERR,ERR,ERR,ERR,ERR,ERR,ERR,ERR,ERR,ERR,ERR,ERR,ERR,ERR,ERR,ERR,ERR,ERR,ERR,ERR,ERR,ERR,ERR,ERR,ERR,ERR,ERR,ERR,ERR,ERR,0.0,-0.0,-0.0,0.0,0.0,1.3936040501711995e+18,7.805,0.0,0,0,4,0,7300,-0.0,0,0.0,0.0,0.0,0.0,0.0,0,0,0,0,0.0,0,0,0,0,0,0,0,0,0,0,0,0,0,0,0,0,0,0,0,0,0,0,0,0,0,0,0,0,0,0,0,0,0,32,30,30,62,65476,0,300,0,0,8,21553,0.0,-107605600.0,0.0,0.0,0.0,0.0,0.0,0.0,0.0,0.0,0.0,0.0,0.0,0.0,0.0,0.0,0.0,0.0,0.0,0.0,0.0,0.0,2.004,0.0,-0.0,-2.004,0.0,0.0,0.0,0.0,5405.0,-1.0406668663850192e+34,6975.0,0.0,-0.0,-107615280.0,-0.0,0.0,0.0,0.0,0.0,63,0.0,89220.688,0.0,0.0,0.0,0.0,0.0,0.0,0.0,0,0,0,0.0,0.0,0.0,0.0,0.0,0.0,0.0,0.0,0.0,0.0,0.0,0.0,0.0,0.0,0.0,0.0,0,-107875648.0,63,0.0,126,2.7184242562605685e+23,-0.0,ERR,ERR,ERR,ERR,ERR,ERR,ERR,ERR,ERR,ERR,ERR,ERR,ERR,ERR,ERR,ERR,ERR,ERR,ERR,ERR,ERR,ERR,ERR,ERR,ERR,ERR,ERR,ERR,ERR,ERR,ERR,ERR,ERR,ERR,ERR,ERR,ERR,ERR,ERR,ERR,ERR,ERR,ERR,ERR,ERR,ERR,ERR,ERR,ERR,ERR,ERR,ERR,ERR,ERR,ERR,ERR,ERR,ERR,ERR,ERR,ERR,ERR,ERR,ERR,ERR,ERR,ERR,34.0,80.0,35,0.0,0.0,0.0,0.0,0.0,0.0,0.0,0.0,0.0,0.0,0.0,0.0,0.0,0.0,0.0,0.0,64.4,0,116,56,50,65476,0,300,0,0,8,20529,65476,0,0,57672,80.0,0.0,0.0,0.0,0.0,0.0
2026-06-17T04:34:36,ERR,ERR,ERR,ERR,ERR,ERR,ERR,ERR,ERR,ERR,ERR,ERR,ERR,ERR,ERR,ERR,ERR,ERR,ERR,ERR,ERR,ERR,ERR,ERR,ERR,ERR,ERR,ERR,ERR,ERR,ERR,ERR,ERR,ERR,ERR,ERR,ERR,ERR,ERR,ERR,ERR,ERR,ERR,ERR,ERR,ERR,ERR,ERR,ERR,ERR,ERR,ERR,ERR,ERR,ERR,ERR,ERR,ERR,ERR,ERR,ERR,ERR,ERR,ERR,ERR,ERR,ERR,ERR,ERR,ERR,ERR,ERR,ERR,ERR,ERR,ERR,ERR,ERR,ERR,ERR,ERR,ERR,ERR,ERR,ERR,ERR,ERR,ERR,ERR,ERR,ERR,ERR,ERR,ERR,ERR,ERR,ERR,ERR,ERR,ERR,ERR,ERR,ERR,ERR,ERR,ERR,ERR,ERR,ERR,ERR,ERR,ERR,ERR,ERR,ERR,ERR,ERR,ERR,ERR,ERR,ERR,ERR,ERR,ERR,ERR,0.0,-0.0,-0.0,0.0,0.0,1.3936040501711995e+18,7.805,0.0,0,0,4,0,7300,-0.0,0,0.0,0.0,0.0,0.0,0.0,0,0,0,0,0.0,0,0,0,0,0,0,0,0,0,0,0,0,0,0,0,0,0,0,0,0,0,0,0,0,0,0,0,0,0,0,0,0,0,32,30,30,62,65476,0,300,0,0,8,21553,0.0,-107605600.0,0.0,0.0,0.0,0.0,0.0,0.0,0.0,0.0,0.0,0.0,0.0,0.0,0.0,0.0,0.0,0.0,0.0,0.0,0.0,0.0,2.004,0.0,-0.0,-2.004,0.0,0.0,0.0,0.0,5405.0,-1.0406668663850192e+34,6975.0,0.0,-0.0,-107615280.0,-0.0,0.0,0.0,0.0,0.0,63,0.0,89220.688,0.0,0.0,0.0,0.0,0.0,0.0,0.0,0,0,0,0.0,0.0,0.0,0.0,0.0,0.0,0.0,0.0,0.0,0.0,0.0,0.0,0.0,0.0,0.0,0.0,0,-107875648.0,63,0.0,126,2.7184242562605685e+23,-0.0,ERR,ERR,ERR,ERR,ERR,ERR,ERR,ERR,ERR,ERR,ERR,ERR,ERR,ERR,ERR,ERR,ERR,ERR,ERR,ERR,ERR,ERR,ERR,ERR,ERR,ERR,ERR,ERR,ERR,ERR,ERR,ERR,ERR,ERR,ERR,ERR,ERR,ERR,ERR,ERR,ERR,ERR,ERR,ERR,ERR,ERR,ERR,ERR,ERR,ERR,ERR,ERR,ERR,ERR,ERR,ERR,ERR,ERR,ERR,ERR,ERR,ERR,ERR,ERR,ERR,ERR,ERR,34.0,80.0,35,0.0,0.0,0.0,0.0,0.0,0.0,0.0,0.0,0.0,0.0,0.0,0.0,0.0,0.0,0.0,0.0,64.4,0,116,56,50,65476,0,300,0,0,8,20529,65476,0,0,57672,80.0,0.0,0.0,0.0,0.0,0.0
2026-06-17T04:34:37,ERR,ERR,ERR,ERR,ERR,ERR,ERR,ERR,ERR,ERR,ERR,ERR,ERR,ERR,ERR,ERR,ERR,ERR,ERR,ERR,ERR,ERR,ERR,ERR,ERR,ERR,ERR,ERR,ERR,ERR,ERR,ERR,ERR,ERR,ERR,ERR,ERR,ERR,ERR,ERR,ERR,ERR,ERR,ERR,ERR,ERR,ERR,ERR,ERR,ERR,ERR,ERR,ERR,ERR,ERR,ERR,ERR,ERR,ERR,ERR,ERR,ERR,ERR,ERR,ERR,ERR,ERR,ERR,ERR,ERR,ERR,ERR,ERR,ERR,ERR,ERR,ERR,ERR,ERR,ERR,ERR,ERR,ERR,ERR,ERR,ERR,ERR,ERR,ERR,ERR,ERR,ERR,ERR,ERR,ERR,ERR,ERR,ERR,ERR,ERR,ERR,ERR,ERR,ERR,ERR,ERR,ERR,ERR,ERR,ERR,ERR,ERR,ERR,ERR,ERR,ERR,ERR,ERR,ERR,ERR,ERR,ERR,ERR,ERR,ERR,0.0,-0.0,-0.0,0.0,0.0,1.3936040501711995e+18,7.805,0.0,0,0,4,0,7300,-0.0,0,0.0,0.0,0.0,0.0,0.0,0,0,0,0,0.0,0,0,0,0,0,0,0,0,0,0,0,0,0,0,0,0,0,0,0,0,0,0,0,0,0,0,0,0,0,0,0,0,0,32,30,30,62,65476,0,300,0,0,8,21553,0.0,-107605600.0,0.0,0.0,0.0,0.0,0.0,0.0,0.0,0.0,0.0,0.0,0.0,0.0,0.0,0.0,0.0,0.0,0.0,0.0,0.0,0.0,2.004,0.0,-0.0,-2.004,0.0,0.0,0.0,0.0,5405.0,-1.0406668663850192e+34,6975.0,0.0,-0.0,-107615280.0,-0.0,0.0,0.0,0.0,0.0,63,0.0,89220.688,0.0,0.0,0.0,0.0,0.0,0.0,0.0,0,0,0,0.0,0.0,0.0,0.0,0.0,0.0,0.0,0.0,0.0,0.0,0.0,0.0,0.0,0.0,0.0,0.0,0,-107875648.0,63,0.0,126,2.7184242562605685e+23,-0.0,ERR,ERR,ERR,ERR,ERR,ERR,ERR,ERR,ERR,ERR,ERR,ERR,ERR,ERR,ERR,ERR,ERR,ERR,ERR,ERR,ERR,ERR,ERR,ERR,ERR,ERR,ERR,ERR,ERR,ERR,ERR,ERR,ERR,ERR,ERR,ERR,ERR,ERR,ERR,ERR,ERR,ERR,ERR,ERR,ERR,ERR,ERR,ERR,ERR,ERR,ERR,ERR,ERR,ERR,ERR,ERR,ERR,ERR,ERR,ERR,ERR,ERR,ERR,ERR,ERR,ERR,ERR,34.0,80.0,35,0.0,0.0,0.0,0.0,0.0,0.0,0.0,0.0,0.0,0.0,0.0,0.0,0.0,0.0,0.0,0.0,64.8,0,116,56,50,65476,0,300,0,0,8,20529,65476,0,0,57672,80.0,0.0,0.0,0.0,0.0,0.0
2026-06-17T04:34:38,ERR,ERR,ERR,ERR,ERR,ERR,ERR,ERR,ERR,ERR,ERR,ERR,ERR,ERR,ERR,ERR,ERR,ERR,ERR,ERR,ERR,ERR,ERR,ERR,ERR,ERR,ERR,ERR,ERR,ERR,ERR,ERR,ERR,ERR,ERR,ERR,ERR,ERR,ERR,ERR,ERR,ERR,ERR,ERR,ERR,ERR,ERR,ERR,ERR,ERR,ERR,ERR,ERR,ERR,ERR,ERR,ERR,ERR,ERR,ERR,ERR,ERR,ERR,ERR,ERR,ERR,ERR,ERR,ERR,ERR,ERR,ERR,ERR,ERR,ERR,ERR,ERR,ERR,ERR,ERR,ERR,ERR,ERR,ERR,ERR,ERR,ERR,ERR,ERR,ERR,ERR,ERR,ERR,ERR,ERR,ERR,ERR,ERR,ERR,ERR,ERR,ERR,ERR,ERR,ERR,ERR,ERR,ERR,ERR,ERR,ERR,ERR,ERR,ERR,ERR,ERR,ERR,ERR,ERR,ERR,ERR,ERR,ERR,ERR,ERR,0.0,-0.0,-0.0,0.0,0.0,1.3936040501711995e+18,7.805,0.0,0,0,4,0,7300,-0.0,0,0.0,0.0,0.0,0.0,0.0,0,0,0,0,0.0,0,0,0,0,0,0,0,0,0,0,0,0,0,0,0,0,0,0,0,0,0,0,0,0,0,0,0,0,0,0,0,0,0,32,30,30,62,65476,0,300,0,0,8,21553,0.0,-107605600.0,0.0,0.0,0.0,0.0,0.0,0.0,0.0,0.0,0.0,0.0,0.0,0.0,0.0,0.0,0.0,0.0,0.0,0.0,0.0,0.0,2.004,0.0,-0.0,-2.004,0.0,0.0,0.0,0.0,5405.0,-1.0406668663850192e+34,6975.0,0.0,-0.0,-107615280.0,-0.0,0.0,0.0,0.0,0.0,63,0.0,89220.688,0.0,0.0,0.0,0.0,0.0,0.0,0.0,0,0,0,0.0,0.0,0.0,0.0,0.0,0.0,0.0,0.0,0.0,0.0,0.0,0.0,0.0,0.0,0.0,0.0,0,-107875648.0,63,0.0,126,2.7184242562605685e+23,-0.0,ERR,ERR,ERR,ERR,ERR,ERR,ERR,ERR,ERR,ERR,ERR,ERR,ERR,ERR,ERR,ERR,ERR,ERR,ERR,ERR,ERR,ERR,ERR,ERR,ERR,ERR,ERR,ERR,ERR,ERR,ERR,ERR,ERR,ERR,ERR,ERR,ERR,ERR,ERR,ERR,ERR,ERR,ERR,ERR,ERR,ERR,ERR,ERR,ERR,ERR,ERR,ERR,ERR,ERR,ERR,ERR,ERR,ERR,ERR,ERR,ERR,ERR,ERR,ERR,ERR,ERR,ERR,34.0,80.0,35,0.0,0.0,0.0,0.0,0.0,0.0,0.0,0.0,0.0,0.0,0.0,0.0,0.0,0.0,0.0,0.0,64.8,0,116,56,50,65476,0,300,0,0,8,20529,65476,0,0,57672,80.0,0.0,0.0,0.0,0.0,0.0
2026-06-17T04:34:39,ERR,ERR,ERR,ERR,ERR,ERR,ERR,ERR,ERR,ERR,ERR,ERR,ERR,ERR,ERR,ERR,ERR,ERR,ERR,ERR,ERR,ERR,ERR,ERR,ERR,ERR,ERR,ERR,ERR,ERR,ERR,ERR,ERR,ERR,ERR,ERR,ERR,ERR,ERR,ERR,ERR,ERR,ERR,ERR,ERR,ERR,ERR,ERR,ERR,ERR,ERR,ERR,ERR,ERR,ERR,ERR,ERR,ERR,ERR,ERR,ERR,ERR,ERR,ERR,ERR,ERR,ERR,ERR,ERR,ERR,ERR,ERR,ERR,ERR,ERR,ERR,ERR,ERR,ERR,ERR,ERR,ERR,ERR,ERR,ERR,ERR,ERR,ERR,ERR,ERR,ERR,ERR,ERR,ERR,ERR,ERR,ERR,ERR,ERR,ERR,ERR,ERR,ERR,ERR,ERR,ERR,ERR,ERR,ERR,ERR,ERR,ERR,ERR,ERR,ERR,ERR,ERR,ERR,ERR,ERR,ERR,ERR,ERR,ERR,ERR,0.0,-0.0,-0.0,0.0,0.0,1.3936040501711995e+18,7.805,0.0,0,0,4,0,7300,-0.0,0,0.0,0.0,0.0,0.0,0.0,0,0,0,0,0.0,0,0,0,0,0,0,0,0,0,0,0,0,0,0,0,0,0,0,0,0,0,0,0,0,0,0,0,0,0,0,0,0,0,32,30,30,62,65476,0,300,0,0,8,21553,0.0,-107605600.0,0.0,0.0,0.0,0.0,0.0,0.0,0.0,0.0,0.0,0.0,0.0,0.0,0.0,0.0,0.0,0.0,0.0,0.0,0.0,0.0,2.004,0.0,-0.0,-2.004,0.0,0.0,0.0,0.0,5405.0,-1.0406668663850192e+34,6975.0,0.0,-0.0,-107615280.0,-0.0,0.0,0.0,0.0,0.0,63,0.0,89220.688,0.0,0.0,0.0,0.0,0.0,0.0,0.0,0,0,0,0.0,0.0,0.0,0.0,0.0,0.0,0.0,0.0,0.0,0.0,0.0,0.0,0.0,0.0,0.0,0.0,0,-107875648.0,63,0.0,126,2.7184242562605685e+23,-0.0,ERR,ERR,ERR,ERR,ERR,ERR,ERR,ERR,ERR,ERR,ERR,ERR,ERR,ERR,ERR,ERR,ERR,ERR,ERR,ERR,ERR,ERR,ERR,ERR,ERR,ERR,ERR,ERR,ERR,ERR,ERR,ERR,ERR,ERR,ERR,ERR,ERR,ERR,ERR,ERR,ERR,ERR,ERR,ERR,ERR,ERR,ERR,ERR,ERR,ERR,ERR,ERR,ERR,ERR,ERR,ERR,ERR,ERR,ERR,ERR,ERR,ERR,ERR,ERR,ERR,ERR,ERR,34.0,80.0,35,0.0,0.0,0.0,0.0,0.0,0.0,0.0,0.0,0.0,0.0,0.0,0.0,0.0,0.0,0.0,0.0,64.4,0,116,56,50,65476,0,300,0,0,8,20529,65476,0,0,57672,80.0,0.0,0.0,0.0,0.0,0.0
2026-06-17T04:34:40,ERR,ERR,ERR,ERR,ERR,ERR,ERR,ERR,ERR,ERR,ERR,ERR,ERR,ERR,ERR,ERR,ERR,ERR,ERR,ERR,ERR,ERR,ERR,ERR,ERR,ERR,ERR,ERR,ERR,ERR,ERR,ERR,ERR,ERR,ERR,ERR,ERR,ERR,ERR,ERR,ERR,ERR,ERR,ERR,ERR,ERR,ERR,ERR,ERR,ERR,ERR,ERR,ERR,ERR,ERR,ERR,ERR,ERR,ERR,ERR,ERR,ERR,ERR,ERR,ERR,ERR,ERR,ERR,ERR,ERR,ERR,ERR,ERR,ERR,ERR,ERR,ERR,ERR,ERR,ERR,ERR,ERR,ERR,ERR,ERR,ERR,ERR,ERR,ERR,ERR,ERR,ERR,ERR,ERR,ERR,ERR,ERR,ERR,ERR,ERR,ERR,ERR,ERR,ERR,ERR,ERR,ERR,ERR,ERR,ERR,ERR,ERR,ERR,ERR,ERR,ERR,ERR,ERR,ERR,ERR,ERR,ERR,ERR,ERR,ERR,0.0,-0.0,3.028208139652935e+23,0.0,0.0,1.3936040501711995e+18,7.805,0.0,0,0,4,0,7300,-0.0,0,0.0,0.0,0.0,0.0,0.0,0,0,0,0,0.0,0,0,0,0,0,0,0,0,0,0,0,0,0,0,0,0,0,0,0,0,0,0,0,0,0,0,0,0,0,0,0,0,0,32,30,30,62,65476,0,300,0,0,8,21553,0.0,-107605600.0,0.0,0.0,0.0,0.0,0.0,0.0,0.0,0.0,0.0,0.0,0.0,0.0,0.0,0.0,0.0,0.0,0.0,0.0,0.0,0.0,2.004,-2.004,-0.0,-2.004,0.0,0.0,0.0,0.0,5433.0,0.0,6951.0,0.0,-0.0,-107615280.0,-0.0,0.0,0.0,0.0,0.0,63,0.0,-0.0,0.0,0.0,0.0,0.0,0.0,0.0,0.0,0,0,0,0.0,0.0,0.0,0.0,0.0,0.0,0.0,0.0,0.0,0.0,0.0,0.0,0.0,0.0,0.0,0.0,0,-107875648.0,63,0.0,126,2.7184242562605685e+23,-0.0,ERR,ERR,ERR,ERR,ERR,ERR,ERR,ERR,ERR,ERR,ERR,ERR,ERR,ERR,ERR,ERR,ERR,ERR,ERR,ERR,ERR,ERR,ERR,ERR,ERR,ERR,ERR,ERR,ERR,ERR,ERR,ERR,ERR,ERR,ERR,ERR,ERR,ERR,ERR,ERR,ERR,ERR,ERR,ERR,ERR,ERR,ERR,ERR,ERR,ERR,ERR,ERR,ERR,ERR,ERR,ERR,ERR,ERR,ERR,ERR,ERR,ERR,ERR,ERR,ERR,ERR,ERR,34.0,80.0,35,0.0,0.0,0.0,0.0,0.0,0.0,0.0,0.0,0.0,0.0,0.0,0.0,0.0,0.0,0.0,0.0,64.8,0,116,56,50,65476,0,300,0,0,8,20529,65476,0,0,57672,80.0,0.0,0.0,0.0,0.0,0.0
2026-06-17T04:34:41,ERR,ERR,ERR,ERR,ERR,ERR,ERR,ERR,ERR,ERR,ERR,ERR,ERR,ERR,ERR,ERR,ERR,ERR,ERR,ERR,ERR,ERR,ERR,ERR,ERR,ERR,ERR,ERR,ERR,ERR,ERR,ERR,ERR,ERR,ERR,ERR,ERR,ERR,ERR,ERR,ERR,ERR,ERR,ERR,ERR,ERR,ERR,ERR,ERR,ERR,ERR,ERR,ERR,ERR,ERR,ERR,ERR,ERR,ERR,ERR,ERR,ERR,ERR,ERR,ERR,ERR,ERR,ERR,ERR,ERR,ERR,ERR,ERR,ERR,ERR,ERR,ERR,ERR,ERR,ERR,ERR,ERR,ERR,ERR,ERR,ERR,ERR,ERR,ERR,ERR,ERR,ERR,ERR,ERR,ERR,ERR,ERR,ERR,ERR,ERR,ERR,ERR,ERR,ERR,ERR,ERR,ERR,ERR,ERR,ERR,ERR,ERR,ERR,ERR,ERR,ERR,ERR,ERR,ERR,ERR,ERR,ERR,ERR,ERR,ERR,0.0,-0.0,3.028208139652935e+23,0.0,0.0,1.3936040501711995e+18,7.805,0.0,0,0,4,0,7300,-0.0,0,0.0,0.0,0.0,0.0,0.0,0,0,0,0,0.0,0,0,0,0,0,0,0,0,0,0,0,0,0,0,0,0,0,0,0,0,0,0,0,0,0,0,0,0,0,0,0,0,0,32,30,30,62,65476,0,300,0,0,8,21553,0.0,-107605600.0,0.0,0.0,0.0,0.0,0.0,0.0,0.0,0.0,0.0,0.0,0.0,0.0,0.0,0.0,0.0,0.0,0.0,0.0,0.0,0.0,2.004,-2.004,-0.0,-2.004,0.0,0.0,0.0,0.0,5433.0,0.0,6951.0,0.0,-0.0,-107615280.0,-0.0,0.0,0.0,0.0,0.0,63,0.0,-0.0,0.0,0.0,0.0,0.0,0.0,0.0,0.0,0,0,0,0.0,0.0,0.0,0.0,0.0,0.0,0.0,0.0,0.0,0.0,0.0,0.0,0.0,0.0,0.0,0.0,0,-107875648.0,63,0.0,126,2.7184242562605685e+23,-0.0,ERR,ERR,ERR,ERR,ERR,ERR,ERR,ERR,ERR,ERR,ERR,ERR,ERR,ERR,ERR,ERR,ERR,ERR,ERR,ERR,ERR,ERR,ERR,ERR,ERR,ERR,ERR,ERR,ERR,ERR,ERR,ERR,ERR,ERR,ERR,ERR,ERR,ERR,ERR,ERR,ERR,ERR,ERR,ERR,ERR,ERR,ERR,ERR,ERR,ERR,ERR,ERR,ERR,ERR,ERR,ERR,ERR,ERR,ERR,ERR,ERR,ERR,ERR,ERR,ERR,ERR,ERR,34.0,80.0,35,0.0,0.0,0.0,0.0,0.0,0.0,0.0,0.0,0.0,0.0,0.0,0.0,0.0,0.0,0.0,0.0,64.8,0,116,56,50,65476,0,300,0,0,8,20529,65476,0,0,57672,80.0,0.0,0.0,0.0,0.0,0.0
2026-06-17T04:34:42,ERR,ERR,ERR,ERR,ERR,ERR,ERR,ERR,ERR,ERR,ERR,ERR,ERR,ERR,ERR,ERR,ERR,ERR,ERR,ERR,ERR,ERR,ERR,ERR,ERR,ERR,ERR,ERR,ERR,ERR,ERR,ERR,ERR,ERR,ERR,ERR,ERR,ERR,ERR,ERR,ERR,ERR,ERR,ERR,ERR,ERR,ERR,ERR,ERR,ERR,ERR,ERR,ERR,ERR,ERR,ERR,ERR,ERR,ERR,ERR,ERR,ERR,ERR,ERR,ERR,ERR,ERR,ERR,ERR,ERR,ERR,ERR,ERR,ERR,ERR,ERR,ERR,ERR,ERR,ERR,ERR,ERR,ERR,ERR,ERR,ERR,ERR,ERR,ERR,ERR,ERR,ERR,ERR,ERR,ERR,ERR,ERR,ERR,ERR,ERR,ERR,ERR,ERR,ERR,ERR,ERR,ERR,ERR,ERR,ERR,ERR,ERR,ERR,ERR,ERR,ERR,ERR,ERR,ERR,ERR,ERR,ERR,ERR,ERR,ERR,0.0,-0.0,3.028208139652935e+23,0.0,0.0,1.3936040501711995e+18,7.805,0.0,0,0,4,0,7300,-0.0,0,0.0,0.0,0.0,0.0,0.0,0,0,0,0,0.0,0,0,0,0,0,0,0,0,0,0,0,0,0,0,0,0,0,0,0,0,0,0,0,0,0,0,0,0,0,0,0,0,0,32,30,30,62,65476,0,300,0,0,8,21553,0.0,-107605600.0,0.0,0.0,0.0,0.0,0.0,0.0,0.0,0.0,0.0,0.0,0.0,0.0,0.0,0.0,0.0,0.0,0.0,0.0,0.0,0.0,2.004,-2.004,-0.0,-2.004,0.0,0.0,0.0,0.0,5433.0,0.0,6951.0,0.0,-0.0,-107615280.0,-0.0,0.0,0.0,0.0,0.0,63,0.0,-0.0,0.0,0.0,0.0,0.0,0.0,0.0,0.0,0,0,0,0.0,0.0,0.0,0.0,0.0,0.0,0.0,0.0,0.0,0.0,0.0,0.0,0.0,0.0,0.0,0.0,0,-107875648.0,63,0.0,126,2.7184242562605685e+23,-0.0,ERR,ERR,ERR,ERR,ERR,ERR,ERR,ERR,ERR,ERR,ERR,ERR,ERR,ERR,ERR,ERR,ERR,ERR,ERR,ERR,ERR,ERR,ERR,ERR,ERR,ERR,ERR,ERR,ERR,ERR,ERR,ERR,ERR,ERR,ERR,ERR,ERR,ERR,ERR,ERR,ERR,ERR,ERR,ERR,ERR,ERR,ERR,ERR,ERR,ERR,ERR,ERR,ERR,ERR,ERR,ERR,ERR,ERR,ERR,ERR,ERR,ERR,ERR,ERR,ERR,ERR,ERR,34.0,80.0,35,0.0,0.0,0.0,0.0,0.0,0.0,0.0,0.0,0.0,0.0,0.0,0.0,0.0,0.0,0.0,0.0,64.4,0,116,56,50,65476,0,300,0,0,8,20529,65476,0,0,57672,80.0,0.0,0.0,0.0,0.0,0.0
2026-06-17T04:34:43,ERR,ERR,ERR,ERR,ERR,ERR,ERR,ERR,ERR,ERR,ERR,ERR,ERR,ERR,ERR,ERR,ERR,ERR,ERR,ERR,ERR,ERR,ERR,ERR,ERR,ERR,ERR,ERR,ERR,ERR,ERR,ERR,ERR,ERR,ERR,ERR,ERR,ERR,ERR,ERR,ERR,ERR,ERR,ERR,ERR,ERR,ERR,ERR,ERR,ERR,ERR,ERR,ERR,ERR,ERR,ERR,ERR,ERR,ERR,ERR,ERR,ERR,ERR,ERR,ERR,ERR,ERR,ERR,ERR,ERR,ERR,ERR,ERR,ERR,ERR,ERR,ERR,ERR,ERR,ERR,ERR,ERR,ERR,ERR,ERR,ERR,ERR,ERR,ERR,ERR,ERR,ERR,ERR,ERR,ERR,ERR,ERR,ERR,ERR,ERR,ERR,ERR,ERR,ERR,ERR,ERR,ERR,ERR,ERR,ERR,ERR,ERR,ERR,ERR,ERR,ERR,ERR,ERR,ERR,ERR,ERR,ERR,ERR,ERR,ERR,0.0,-0.0,3.028208139652935e+23,0.0,0.0,1.3936040501711995e+18,7.805,0.0,0,0,4,0,7300,-0.0,0,0.0,0.0,0.0,0.0,0.0,0,0,0,0,0.0,0,0,0,0,0,0,0,0,0,0,0,0,0,0,0,0,0,0,0,0,0,0,0,0,0,0,0,0,0,0,0,0,0,32,30,30,62,65476,0,300,0,0,8,21553,0.0,-107605600.0,0.0,0.0,0.0,0.0,0.0,0.0,0.0,0.0,0.0,0.0,0.0,0.0,0.0,0.0,0.0,0.0,0.0,0.0,0.0,0.0,2.004,-2.004,-0.0,-2.004,0.0,0.0,0.0,0.0,5433.0,0.0,6951.0,0.0,-0.0,-107615280.0,-0.0,0.0,0.0,0.0,0.0,63,0.0,-0.0,0.0,0.0,0.0,0.0,0.0,0.0,0.0,0,0,0,0.0,0.0,0.0,0.0,0.0,0.0,0.0,0.0,0.0,0.0,0.0,0.0,0.0,0.0,0.0,0.0,0,-107875648.0,63,0.0,126,2.7184242562605685e+23,-0.0,ERR,ERR,ERR,ERR,ERR,ERR,ERR,ERR,ERR,ERR,ERR,ERR,ERR,ERR,ERR,ERR,ERR,ERR,ERR,ERR,ERR,ERR,ERR,ERR,ERR,ERR,ERR,ERR,ERR,ERR,ERR,ERR,ERR,ERR,ERR,ERR,ERR,ERR,ERR,ERR,ERR,ERR,ERR,ERR,ERR,ERR,ERR,ERR,ERR,ERR,ERR,ERR,ERR,ERR,ERR,ERR,ERR,ERR,ERR,ERR,ERR,ERR,ERR,ERR,ERR,ERR,ERR,34.0,80.0,35,0.0,0.0,0.0,0.0,0.0,0.0,0.0,0.0,0.0,0.0,0.0,0.0,0.0,0.0,0.0,0.0,64.4,0,116,56,50,65476,0,300,0,0,8,20529,65476,0,0,57672,80.0,0.0,0.0,0.0,0.0,0.0
2026-06-17T04:34:44,ERR,ERR,ERR,ERR,ERR,ERR,ERR,ERR,ERR,ERR,ERR,ERR,ERR,ERR,ERR,ERR,ERR,ERR,ERR,ERR,ERR,ERR,ERR,ERR,ERR,ERR,ERR,ERR,ERR,ERR,ERR,ERR,ERR,ERR,ERR,ERR,ERR,ERR,ERR,ERR,ERR,ERR,ERR,ERR,ERR,ERR,ERR,ERR,ERR,ERR,ERR,ERR,ERR,ERR,ERR,ERR,ERR,ERR,ERR,ERR,ERR,ERR,ERR,ERR,ERR,ERR,ERR,ERR,ERR,ERR,ERR,ERR,ERR,ERR,ERR,ERR,ERR,ERR,ERR,ERR,ERR,ERR,ERR,ERR,ERR,ERR,ERR,ERR,ERR,ERR,ERR,ERR,ERR,ERR,ERR,ERR,ERR,ERR,ERR,ERR,ERR,ERR,ERR,ERR,ERR,ERR,ERR,ERR,ERR,ERR,ERR,ERR,ERR,ERR,ERR,ERR,ERR,ERR,ERR,ERR,ERR,ERR,ERR,ERR,ERR,0.0,-0.0,3.028208139652935e+23,0.0,0.0,1.3936040501711995e+18,7.805,0.0,0,0,4,0,7300,-0.0,0,0.0,0.0,0.0,0.0,0.0,0,0,0,0,0.0,0,0,0,0,0,0,0,0,0,0,0,0,0,0,0,0,0,0,0,0,0,0,0,0,0,0,0,0,0,0,0,0,0,32,30,30,62,65476,0,300,0,0,8,21553,0.0,-107605600.0,0.0,0.0,0.0,0.0,0.0,0.0,0.0,0.0,0.0,0.0,0.0,0.0,0.0,0.0,0.0,0.0,0.0,0.0,0.0,0.0,2.004,-2.004,-0.0,-2.004,0.0,0.0,0.0,0.0,5433.0,0.0,6951.0,0.0,-0.0,-107615280.0,-0.0,0.0,0.0,0.0,0.0,63,0.0,-0.0,0.0,0.0,0.0,0.0,0.0,0.0,0.0,0,0,0,0.0,0.0,0.0,0.0,0.0,0.0,0.0,0.0,0.0,0.0,0.0,0.0,0.0,0.0,0.0,0.0,0,-107875648.0,63,0.0,126,2.7184242562605685e+23,-0.0,ERR,ERR,ERR,ERR,ERR,ERR,ERR,ERR,ERR,ERR,ERR,ERR,ERR,ERR,ERR,ERR,ERR,ERR,ERR,ERR,ERR,ERR,ERR,ERR,ERR,ERR,ERR,ERR,ERR,ERR,ERR,ERR,ERR,ERR,ERR,ERR,ERR,ERR,ERR,ERR,ERR,ERR,ERR,ERR,ERR,ERR,ERR,ERR,ERR,ERR,ERR,ERR,ERR,ERR,ERR,ERR,ERR,ERR,ERR,ERR,ERR,ERR,ERR,ERR,ERR,ERR,ERR,34.0,80.0,35,0.0,0.0,0.0,0.0,0.0,0.0,0.0,0.0,0.0,0.0,0.0,0.0,0.0,0.0,0.0,0.0,64.4,0,116,56,50,65476,0,300,0,0,8,20529,65476,0,0,57672,80.0,0.0,0.0,0.0,0.0,0.0
2026-06-17T04:34:45,ERR,ERR,ERR,ERR,ERR,ERR,ERR,ERR,ERR,ERR,ERR,ERR,ERR,ERR,ERR,ERR,ERR,ERR,ERR,ERR,ERR,ERR,ERR,ERR,ERR,ERR,ERR,ERR,ERR,ERR,ERR,ERR,ERR,ERR,ERR,ERR,ERR,ERR,ERR,ERR,ERR,ERR,ERR,ERR,ERR,ERR,ERR,ERR,ERR,ERR,ERR,ERR,ERR,ERR,ERR,ERR,ERR,ERR,ERR,ERR,ERR,ERR,ERR,ERR,ERR,ERR,ERR,ERR,ERR,ERR,ERR,ERR,ERR,ERR,ERR,ERR,ERR,ERR,ERR,ERR,ERR,ERR,ERR,ERR,ERR,ERR,ERR,ERR,ERR,ERR,ERR,ERR,ERR,ERR,ERR,ERR,ERR,ERR,ERR,ERR,ERR,ERR,ERR,ERR,ERR,ERR,ERR,ERR,ERR,ERR,ERR,ERR,ERR,ERR,ERR,ERR,ERR,ERR,ERR,ERR,ERR,ERR,ERR,ERR,ERR,0.0,-0.0,3.028208139652935e+23,0.0,0.0,1.3936040501711995e+18,7.805,0.0,0,0,4,0,7300,-0.0,0,0.0,0.0,0.0,0.0,0.0,0,0,0,0,0.0,0,0,0,0,0,0,0,0,0,0,0,0,0,0,0,0,0,0,0,0,0,0,0,0,0,0,0,0,0,0,0,0,0,32,30,30,62,65476,0,300,0,0,8,21553,0.0,-107605600.0,0.0,0.0,0.0,0.0,0.0,0.0,0.0,0.0,0.0,0.0,0.0,0.0,0.0,0.0,0.0,0.0,0.0,0.0,0.0,0.0,2.004,-2.004,-0.0,-2.004,0.0,0.0,0.0,0.0,5433.0,0.0,6951.0,0.0,-0.0,-107615280.0,-0.0,0.0,0.0,0.0,0.0,63,0.0,-0.0,0.0,0.0,0.0,0.0,0.0,0.0,0.0,0,0,0,0.0,0.0,0.0,0.0,0.0,0.0,0.0,0.0,0.0,0.0,0.0,0.0,0.0,0.0,0.0,0.0,0,-107875648.0,63,0.0,126,2.7184242562605685e+23,-0.0,ERR,ERR,ERR,ERR,ERR,ERR,ERR,ERR,ERR,ERR,ERR,ERR,ERR,ERR,ERR,ERR,ERR,ERR,ERR,ERR,ERR,ERR,ERR,ERR,ERR,ERR,ERR,ERR,ERR,ERR,ERR,ERR,ERR,ERR,ERR,ERR,ERR,ERR,ERR,ERR,ERR,ERR,ERR,ERR,ERR,ERR,ERR,ERR,ERR,ERR,ERR,ERR,ERR,ERR,ERR,ERR,ERR,ERR,ERR,ERR,ERR,ERR,ERR,ERR,ERR,ERR,ERR,34.0,80.0,35,0.0,0.0,0.0,0.0,0.0,0.0,0.0,0.0,0.0,0.0,0.0,0.0,0.0,0.0,0.0,0.0,64.4,0,116,56,50,65476,0,300,0,0,8,20529,65476,0,0,57672,80.0,0.0,0.0,0.0,0.0,0.0
2026-06-17T04:34:46,ERR,ERR,ERR,ERR,ERR,ERR,ERR,ERR,ERR,ERR,ERR,ERR,ERR,ERR,ERR,ERR,ERR,ERR,ERR,ERR,ERR,ERR,ERR,ERR,ERR,ERR,ERR,ERR,ERR,ERR,ERR,ERR,ERR,ERR,ERR,ERR,ERR,ERR,ERR,ERR,ERR,ERR,ERR,ERR,ERR,ERR,ERR,ERR,ERR,ERR,ERR,ERR,ERR,ERR,ERR,ERR,ERR,ERR,ERR,ERR,ERR,ERR,ERR,ERR,ERR,ERR,ERR,ERR,ERR,ERR,ERR,ERR,ERR,ERR,ERR,ERR,ERR,ERR,ERR,ERR,ERR,ERR,ERR,ERR,ERR,ERR,ERR,ERR,ERR,ERR,ERR,ERR,ERR,ERR,ERR,ERR,ERR,ERR,ERR,ERR,ERR,ERR,ERR,ERR,ERR,ERR,ERR,ERR,ERR,ERR,ERR,ERR,ERR,ERR,ERR,ERR,ERR,ERR,ERR,ERR,ERR,ERR,ERR,ERR,ERR,0.0,-0.0,3.028208139652935e+23,0.0,0.0,1.3936040501711995e+18,7.805,0.0,0,0,4,0,7300,-0.0,0,0.0,0.0,0.0,0.0,0.0,0,0,0,0,0.0,0,0,0,0,0,0,0,0,0,0,0,0,0,0,0,0,0,0,0,0,0,0,0,0,0,0,0,0,0,0,0,0,0,32,30,30,62,65476,0,300,0,0,8,21553,0.0,-107605600.0,0.0,0.0,0.0,0.0,0.0,0.0,0.0,0.0,0.0,0.0,0.0,0.0,0.0,0.0,0.0,0.0,0.0,0.0,0.0,0.0,2.004,-2.004,-0.0,-2.004,0.0,0.0,0.0,0.0,5437.0,0.0,6950.0,0.0,-0.0,-107615280.0,-0.0,0.0,0.0,0.0,0.0,63,0.0,-0.0,0.0,0.0,0.0,0.0,0.0,0.0,0.0,0,0,0,0.0,0.0,0.0,0.0,0.0,0.0,0.0,0.0,0.0,0.0,0.0,0.0,0.0,0.0,0.0,0.0,0,-107875648.0,63,0.0,126,2.7184242562605685e+23,-0.0,ERR,ERR,ERR,ERR,ERR,ERR,ERR,ERR,ERR,ERR,ERR,ERR,ERR,ERR,ERR,ERR,ERR,ERR,ERR,ERR,ERR,ERR,ERR,ERR,ERR,ERR,ERR,ERR,ERR,ERR,ERR,ERR,ERR,ERR,ERR,ERR,ERR,ERR,ERR,ERR,ERR,ERR,ERR,ERR,ERR,ERR,ERR,ERR,ERR,ERR,ERR,ERR,ERR,ERR,ERR,ERR,ERR,ERR,ERR,ERR,ERR,ERR,ERR,ERR,ERR,ERR,ERR,34.0,80.0,35,0.0,0.0,0.0,0.0,0.0,0.0,0.0,0.0,0.0,0.0,0.0,0.0,0.0,0.0,0.0,0.0,64.4,0,116,56,50,65476,0,300,0,0,8,20529,65476,0,0,57672,80.0,0.0,0.0,0.0,0.0,0.0
2026-06-17T04:34:47,ERR,ERR,ERR,ERR,ERR,ERR,ERR,ERR,ERR,ERR,ERR,ERR,ERR,ERR,ERR,ERR,ERR,ERR,ERR,ERR,ERR,ERR,ERR,ERR,ERR,ERR,ERR,ERR,ERR,ERR,ERR,ERR,ERR,ERR,ERR,ERR,ERR,ERR,ERR,ERR,ERR,ERR,ERR,ERR,ERR,ERR,ERR,ERR,ERR,ERR,ERR,ERR,ERR,ERR,ERR,ERR,ERR,ERR,ERR,ERR,ERR,ERR,ERR,ERR,ERR,ERR,ERR,ERR,ERR,ERR,ERR,ERR,ERR,ERR,ERR,ERR,ERR,ERR,ERR,ERR,ERR,ERR,ERR,ERR,ERR,ERR,ERR,ERR,ERR,ERR,ERR,ERR,ERR,ERR,ERR,ERR,ERR,ERR,ERR,ERR,ERR,ERR,ERR,ERR,ERR,ERR,ERR,ERR,ERR,ERR,ERR,ERR,ERR,ERR,ERR,ERR,ERR,ERR,ERR,ERR,ERR,ERR,ERR,ERR,ERR,0.0,-0.0,3.028208139652935e+23,0.0,0.0,1.3936040501711995e+18,7.805,0.0,0,0,4,0,7300,-0.0,0,0.0,0.0,0.0,0.0,0.0,0,0,0,0,0.0,0,0,0,0,0,0,0,0,0,0,0,0,0,0,0,0,0,0,0,0,0,0,0,0,0,0,0,0,0,0,0,0,0,32,30,30,62,65476,0,300,0,0,8,21553,0.0,-107605600.0,0.0,0.0,0.0,0.0,0.0,0.0,0.0,0.0,0.0,0.0,0.0,0.0,0.0,0.0,0.0,0.0,0.0,0.0,0.0,0.0,2.004,-2.004,-0.0,-2.004,0.0,0.0,0.0,0.0,5437.0,0.0,6950.0,0.0,-0.0,-107615280.0,-0.0,0.0,0.0,0.0,0.0,63,0.0,-0.0,0.0,0.0,0.0,0.0,0.0,0.0,0.0,0,0,0,0.0,0.0,0.0,0.0,0.0,0.0,0.0,0.0,0.0,0.0,0.0,0.0,0.0,0.0,0.0,0.0,0,-107875648.0,63,0.0,126,2.7184242562605685e+23,-0.0,ERR,ERR,ERR,ERR,ERR,ERR,ERR,ERR,ERR,ERR,ERR,ERR,ERR,ERR,ERR,ERR,ERR,ERR,ERR,ERR,ERR,ERR,ERR,ERR,ERR,ERR,ERR,ERR,ERR,ERR,ERR,ERR,ERR,ERR,ERR,ERR,ERR,ERR,ERR,ERR,ERR,ERR,ERR,ERR,ERR,ERR,ERR,ERR,ERR,ERR,ERR,ERR,ERR,ERR,ERR,ERR,ERR,ERR,ERR,ERR,ERR,ERR,ERR,ERR,ERR,ERR,ERR,34.0,80.0,35,0.0,0.0,0.0,0.0,0.0,0.0,0.0,0.0,0.0,0.0,0.0,0.0,0.0,0.0,0.0,0.0,64.4,0,116,56,50,65476,0,300,0,0,8,20529,65476,0,0,57672,80.0,0.0,0.0,0.0,0.0,0.0
2026-06-17T04:34:48,ERR,ERR,ERR,ERR,ERR,ERR,ERR,ERR,ERR,ERR,ERR,ERR,ERR,ERR,ERR,ERR,ERR,ERR,ERR,ERR,ERR,ERR,ERR,ERR,ERR,ERR,ERR,ERR,ERR,ERR,ERR,ERR,ERR,ERR,ERR,ERR,ERR,ERR,ERR,ERR,ERR,ERR,ERR,ERR,ERR,ERR,ERR,ERR,ERR,ERR,ERR,ERR,ERR,ERR,ERR,ERR,ERR,ERR,ERR,ERR,ERR,ERR,ERR,ERR,ERR,ERR,ERR,ERR,ERR,ERR,ERR,ERR,ERR,ERR,ERR,ERR,ERR,ERR,ERR,ERR,ERR,ERR,ERR,ERR,ERR,ERR,ERR,ERR,ERR,ERR,ERR,ERR,ERR,ERR,ERR,ERR,ERR,ERR,ERR,ERR,ERR,ERR,ERR,ERR,ERR,ERR,ERR,ERR,ERR,ERR,ERR,ERR,ERR,ERR,ERR,ERR,ERR,ERR,ERR,ERR,ERR,ERR,ERR,ERR,ERR,0.0,-0.0,3.028208139652935e+23,0.0,0.0,1.3936040501711995e+18,7.805,0.0,0,0,4,0,7300,-0.0,0,0.0,0.0,0.0,0.0,0.0,0,0,0,0,0.0,0,0,0,0,0,0,0,0,0,0,0,0,0,0,0,0,0,0,0,0,0,0,0,0,0,0,0,0,0,0,0,0,0,32,30,30,62,65476,0,300,0,0,8,21553,0.0,-107605600.0,0.0,0.0,0.0,0.0,0.0,0.0,0.0,0.0,0.0,0.0,0.0,0.0,0.0,0.0,0.0,0.0,0.0,0.0,0.0,0.0,2.004,-2.004,-0.0,-2.004,0.0,0.0,0.0,0.0,5437.0,0.0,6950.0,0.0,-0.0,-107615280.0,-0.0,0.0,0.0,0.0,0.0,63,0.0,-0.0,0.0,0.0,0.0,0.0,0.0,0.0,0.0,0,0,0,0.0,0.0,0.0,0.0,0.0,0.0,0.0,0.0,0.0,0.0,0.0,0.0,0.0,0.0,0.0,0.0,0,-107875648.0,63,0.0,126,2.7184242562605685e+23,-0.0,ERR,ERR,ERR,ERR,ERR,ERR,ERR,ERR,ERR,ERR,ERR,ERR,ERR,ERR,ERR,ERR,ERR,ERR,ERR,ERR,ERR,ERR,ERR,ERR,ERR,ERR,ERR,ERR,ERR,ERR,ERR,ERR,ERR,ERR,ERR,ERR,ERR,ERR,ERR,ERR,ERR,ERR,ERR,ERR,ERR,ERR,ERR,ERR,ERR,ERR,ERR,ERR,ERR,ERR,ERR,ERR,ERR,ERR,ERR,ERR,ERR,ERR,ERR,ERR,ERR,ERR,ERR,34.0,80.0,35,0.0,0.0,0.0,0.0,0.0,0.0,0.0,0.0,0.0,0.0,0.0,0.0,0.0,0.0,0.0,0.0,64.8,0,116,56,50,65476,0,300,0,0,8,20529,65476,0,0,57672,80.0,0.0,0.0,0.0,0.0,0.0
2026-06-17T04:34:49,ERR,ERR,ERR,ERR,ERR,ERR,ERR,ERR,ERR,ERR,ERR,ERR,ERR,ERR,ERR,ERR,ERR,ERR,ERR,ERR,ERR,ERR,ERR,ERR,ERR,ERR,ERR,ERR,ERR,ERR,ERR,ERR,ERR,ERR,ERR,ERR,ERR,ERR,ERR,ERR,ERR,ERR,ERR,ERR,ERR,ERR,ERR,ERR,ERR,ERR,ERR,ERR,ERR,ERR,ERR,ERR,ERR,ERR,ERR,ERR,ERR,ERR,ERR,ERR,ERR,ERR,ERR,ERR,ERR,ERR,ERR,ERR,ERR,ERR,ERR,ERR,ERR,ERR,ERR,ERR,ERR,ERR,ERR,ERR,ERR,ERR,ERR,ERR,ERR,ERR,ERR,ERR,ERR,ERR,ERR,ERR,ERR,ERR,ERR,ERR,ERR,ERR,ERR,ERR,ERR,ERR,ERR,ERR,ERR,ERR,ERR,ERR,ERR,ERR,ERR,ERR,ERR,ERR,ERR,ERR,ERR,ERR,ERR,ERR,ERR,0.0,-0.0,3.028208139652935e+23,0.0,0.0,1.3936040501711995e+18,7.805,0.0,0,0,4,0,7300,-0.0,0,0.0,0.0,0.0,0.0,0.0,0,0,0,0,0.0,0,0,0,0,0,0,0,0,0,0,0,0,0,0,0,0,0,0,0,0,0,0,0,0,0,0,0,0,0,0,0,0,0,32,30,30,62,65476,0,300,0,0,8,21553,0.0,-107605600.0,0.0,0.0,0.0,0.0,0.0,0.0,0.0,0.0,0.0,0.0,0.0,0.0,0.0,0.0,0.0,0.0,0.0,0.0,0.0,0.0,2.004,-2.004,-0.0,-2.004,0.0,0.0,0.0,0.0,5437.0,0.0,6950.0,0.0,-0.0,-107615280.0,-0.0,0.0,0.0,0.0,0.0,63,0.0,-0.0,0.0,0.0,0.0,0.0,0.0,0.0,0.0,0,0,0,0.0,0.0,0.0,0.0,0.0,0.0,0.0,0.0,0.0,0.0,0.0,0.0,0.0,0.0,0.0,0.0,0,-107875648.0,63,0.0,126,2.7184242562605685e+23,-0.0,ERR,ERR,ERR,ERR,ERR,ERR,ERR,ERR,ERR,ERR,ERR,ERR,ERR,ERR,ERR,ERR,ERR,ERR,ERR,ERR,ERR,ERR,ERR,ERR,ERR,ERR,ERR,ERR,ERR,ERR,ERR,ERR,ERR,ERR,ERR,ERR,ERR,ERR,ERR,ERR,ERR,ERR,ERR,ERR,ERR,ERR,ERR,ERR,ERR,ERR,ERR,ERR,ERR,ERR,ERR,ERR,ERR,ERR,ERR,ERR,ERR,ERR,ERR,ERR,ERR,ERR,ERR,34.0,80.0,35,0.0,0.0,0.0,0.0,0.0,0.0,0.0,0.0,0.0,0.0,0.0,0.0,0.0,0.0,0.0,0.0,64.8,0,116,56,50,65476,0,300,0,0,8,20529,65476,0,0,57672,80.0,0.0,0.0,0.0,0.0,0.0
2026-06-17T04:34:50,ERR,ERR,ERR,ERR,ERR,ERR,ERR,ERR,ERR,ERR,ERR,ERR,ERR,ERR,ERR,ERR,ERR,ERR,ERR,ERR,ERR,ERR,ERR,ERR,ERR,ERR,ERR,ERR,ERR,ERR,ERR,ERR,ERR,ERR,ERR,ERR,ERR,ERR,ERR,ERR,ERR,ERR,ERR,ERR,ERR,ERR,ERR,ERR,ERR,ERR,ERR,ERR,ERR,ERR,ERR,ERR,ERR,ERR,ERR,ERR,ERR,ERR,ERR,ERR,ERR,ERR,ERR,ERR,ERR,ERR,ERR,ERR,ERR,ERR,ERR,ERR,ERR,ERR,ERR,ERR,ERR,ERR,ERR,ERR,ERR,ERR,ERR,ERR,ERR,ERR,ERR,ERR,ERR,ERR,ERR,ERR,ERR,ERR,ERR,ERR,ERR,ERR,ERR,ERR,ERR,ERR,ERR,ERR,ERR,ERR,ERR,ERR,ERR,ERR,ERR,ERR,ERR,ERR,ERR,ERR,ERR,ERR,ERR,ERR,ERR,0.0,-0.0,3.028208139652935e+23,0.0,0.0,1.3936040501711995e+18,7.805,0.0,0,0,4,0,7300,-0.0,0,0.0,0.0,0.0,0.0,0.0,0,0,0,0,0.0,0,0,0,0,0,0,0,0,0,0,0,0,0,0,0,0,0,0,0,0,0,0,0,0,0,0,0,0,0,0,0,0,0,32,30,30,62,65476,0,300,0,0,8,21553,0.0,-107605600.0,0.0,0.0,0.0,0.0,0.0,0.0,0.0,0.0,0.0,0.0,0.0,0.0,0.0,0.0,0.0,0.0,0.0,0.0,0.0,0.0,2.004,-2.004,-0.0,-2.004,0.0,0.0,0.0,0.0,5437.0,0.0,6950.0,0.0,-0.0,-107615280.0,-0.0,0.0,0.0,0.0,0.0,63,0.0,-0.0,0.0,0.0,0.0,0.0,0.0,0.0,0.0,0,0,0,0.0,0.0,0.0,0.0,0.0,0.0,0.0,0.0,0.0,0.0,0.0,0.0,0.0,0.0,0.0,0.0,0,-107875648.0,63,0.0,126,2.7184242562605685e+23,-0.0,ERR,ERR,ERR,ERR,ERR,ERR,ERR,ERR,ERR,ERR,ERR,ERR,ERR,ERR,ERR,ERR,ERR,ERR,ERR,ERR,ERR,ERR,ERR,ERR,ERR,ERR,ERR,ERR,ERR,ERR,ERR,ERR,ERR,ERR,ERR,ERR,ERR,ERR,ERR,ERR,ERR,ERR,ERR,ERR,ERR,ERR,ERR,ERR,ERR,ERR,ERR,ERR,ERR,ERR,ERR,ERR,ERR,ERR,ERR,ERR,ERR,ERR,ERR,ERR,ERR,ERR,ERR,34.0,80.0,35,0.0,0.0,0.0,0.0,0.0,0.0,0.0,0.0,0.0,0.0,0.0,0.0,0.0,0.0,0.0,0.0,64.4,0,116,56,50,65476,0,300,0,0,8,20529,65476,0,0,57672,80.0,0.0,0.0,0.0,0.0,0.0
2026-06-17T04:34:51,ERR,ERR,ERR,ERR,ERR,ERR,ERR,ERR,ERR,ERR,ERR,ERR,ERR,ERR,ERR,ERR,ERR,ERR,ERR,ERR,ERR,ERR,ERR,ERR,ERR,ERR,ERR,ERR,ERR,ERR,ERR,ERR,ERR,ERR,ERR,ERR,ERR,ERR,ERR,ERR,ERR,ERR,ERR,ERR,ERR,ERR,ERR,ERR,ERR,ERR,ERR,ERR,ERR,ERR,ERR,ERR,ERR,ERR,ERR,ERR,ERR,ERR,ERR,ERR,ERR,ERR,ERR,ERR,ERR,ERR,ERR,ERR,ERR,ERR,ERR,ERR,ERR,ERR,ERR,ERR,ERR,ERR,ERR,ERR,ERR,ERR,ERR,ERR,ERR,ERR,ERR,ERR,ERR,ERR,ERR,ERR,ERR,ERR,ERR,ERR,ERR,ERR,ERR,ERR,ERR,ERR,ERR,ERR,ERR,ERR,ERR,ERR,ERR,ERR,ERR,ERR,ERR,ERR,ERR,ERR,ERR,ERR,ERR,ERR,ERR,0.0,-0.0,3.028208139652935e+23,0.0,0.0,1.3936040501711995e+18,7.805,0.0,0,0,4,0,7300,-0.0,0,0.0,0.0,0.0,0.0,0.0,0,0,0,0,0.0,0,0,0,0,0,0,0,0,0,0,0,0,0,0,0,0,0,0,0,0,0,0,0,0,0,0,0,0,0,0,0,0,0,32,30,30,62,65476,0,300,0,0,8,21553,0.0,-107605600.0,0.0,0.0,0.0,0.0,0.0,0.0,0.0,0.0,0.0,0.0,0.0,0.0,0.0,0.0,0.0,0.0,0.0,0.0,0.0,0.0,2.004,-2.004,-0.0,-2.004,0.0,0.0,0.0,0.0,5438.0,0.0,6946.0,0.0,-0.0,-107615280.0,-0.0,0.0,0.0,0.0,0.0,63,0.0,2.7184202930928964e+23,0.0,0.0,0.0,0.0,0.0,0.0,0.0,0,0,0,0.0,0.0,0.0,0.0,0.0,0.0,0.0,0.0,0.0,0.0,0.0,0.0,0.0,0.0,0.0,0.0,0,-107875648.0,63,0.0,126,2.7184242562605685e+23,-0.0,ERR,ERR,ERR,ERR,ERR,ERR,ERR,ERR,ERR,ERR,ERR,ERR,ERR,ERR,ERR,ERR,ERR,ERR,ERR,ERR,ERR,ERR,ERR,ERR,ERR,ERR,ERR,ERR,ERR,ERR,ERR,ERR,ERR,ERR,ERR,ERR,ERR,ERR,ERR,ERR,ERR,ERR,ERR,ERR,ERR,ERR,ERR,ERR,ERR,ERR,ERR,ERR,ERR,ERR,ERR,ERR,ERR,ERR,ERR,ERR,ERR,ERR,ERR,ERR,ERR,ERR,ERR,34.0,80.0,35,0.0,0.0,0.0,0.0,0.0,0.0,0.0,0.0,0.0,0.0,0.0,0.0,0.0,0.0,0.0,0.0,64.4,0,116,56,50,65476,0,300,0,0,8,20529,65476,0,0,57672,80.0,0.0,0.0,0.0,0.0,0.0
2026-06-17T04:34:52,ERR,ERR,ERR,ERR,ERR,ERR,ERR,ERR,ERR,ERR,ERR,ERR,ERR,ERR,ERR,ERR,ERR,ERR,ERR,ERR,ERR,ERR,ERR,ERR,ERR,ERR,ERR,ERR,ERR,ERR,ERR,ERR,ERR,ERR,ERR,ERR,ERR,ERR,ERR,ERR,ERR,ERR,ERR,ERR,ERR,ERR,ERR,ERR,ERR,ERR,ERR,ERR,ERR,ERR,ERR,ERR,ERR,ERR,ERR,ERR,ERR,ERR,ERR,ERR,ERR,ERR,ERR,ERR,ERR,ERR,ERR,ERR,ERR,ERR,ERR,ERR,ERR,ERR,ERR,ERR,ERR,ERR,ERR,ERR,ERR,ERR,ERR,ERR,ERR,ERR,ERR,ERR,ERR,ERR,ERR,ERR,ERR,ERR,ERR,ERR,ERR,ERR,ERR,ERR,ERR,ERR,ERR,ERR,ERR,ERR,ERR,ERR,ERR,ERR,ERR,ERR,ERR,ERR,ERR,ERR,ERR,ERR,ERR,ERR,ERR,0.0,-0.0,3.028208139652935e+23,0.0,0.0,1.3936040501711995e+18,7.805,0.0,0,0,4,0,7300,-0.0,0,0.0,0.0,0.0,0.0,0.0,0,0,0,0,0.0,0,0,0,0,0,0,0,0,0,0,0,0,0,0,0,0,0,0,0,0,0,0,0,0,0,0,0,0,0,0,0,0,0,32,30,30,62,65476,0,300,0,0,8,21553,0.0,-107605600.0,0.0,0.0,0.0,0.0,0.0,0.0,0.0,0.0,0.0,0.0,0.0,0.0,0.0,0.0,0.0,0.0,0.0,0.0,0.0,0.0,2.004,-2.004,-0.0,-2.004,0.0,0.0,0.0,0.0,5438.0,0.0,6946.0,0.0,-0.0,-107615280.0,-0.0,0.0,0.0,0.0,0.0,63,0.0,2.7184202930928964e+23,0.0,0.0,0.0,0.0,0.0,0.0,0.0,0,0,0,0.0,0.0,0.0,0.0,0.0,0.0,0.0,0.0,0.0,0.0,0.0,0.0,0.0,0.0,0.0,0.0,0,-107875648.0,63,0.0,126,2.7184242562605685e+23,-0.0,ERR,ERR,ERR,ERR,ERR,ERR,ERR,ERR,ERR,ERR,ERR,ERR,ERR,ERR,ERR,ERR,ERR,ERR,ERR,ERR,ERR,ERR,ERR,ERR,ERR,ERR,ERR,ERR,ERR,ERR,ERR,ERR,ERR,ERR,ERR,ERR,ERR,ERR,ERR,ERR,ERR,ERR,ERR,ERR,ERR,ERR,ERR,ERR,ERR,ERR,ERR,ERR,ERR,ERR,ERR,ERR,ERR,ERR,ERR,ERR,ERR,ERR,ERR,ERR,ERR,ERR,ERR,34.0,80.0,35,0.0,0.0,0.0,0.0,0.0,0.0,0.0,0.0,0.0,0.0,0.0,0.0,0.0,0.0,0.0,0.0,64.4,0,116,56,50,65476,0,300,0,0,8,20529,65476,0,0,57672,80.0,0.0,0.0,0.0,0.0,0.0
2026-06-17T04:34:53,ERR,ERR,ERR,ERR,ERR,ERR,ERR,ERR,ERR,ERR,ERR,ERR,ERR,ERR,ERR,ERR,ERR,ERR,ERR,ERR,ERR,ERR,ERR,ERR,ERR,ERR,ERR,ERR,ERR,ERR,ERR,ERR,ERR,ERR,ERR,ERR,ERR,ERR,ERR,ERR,ERR,ERR,ERR,ERR,ERR,ERR,ERR,ERR,ERR,ERR,ERR,ERR,ERR,ERR,ERR,ERR,ERR,ERR,ERR,ERR,ERR,ERR,ERR,ERR,ERR,ERR,ERR,ERR,ERR,ERR,ERR,ERR,ERR,ERR,ERR,ERR,ERR,ERR,ERR,ERR,ERR,ERR,ERR,ERR,ERR,ERR,ERR,ERR,ERR,ERR,ERR,ERR,ERR,ERR,ERR,ERR,ERR,ERR,ERR,ERR,ERR,ERR,ERR,ERR,ERR,ERR,ERR,ERR,ERR,ERR,ERR,ERR,ERR,ERR,ERR,ERR,ERR,ERR,ERR,ERR,ERR,ERR,ERR,ERR,ERR,0.0,-0.0,3.028208139652935e+23,0.0,0.0,1.3936040501711995e+18,7.805,0.0,0,0,4,0,7300,-0.0,0,0.0,0.0,0.0,0.0,0.0,0,0,0,0,0.0,0,0,0,0,0,0,0,0,0,0,0,0,0,0,0,0,0,0,0,0,0,0,0,0,0,0,0,0,0,0,0,0,0,32,30,30,62,65476,0,300,0,0,8,21553,0.0,-107605600.0,0.0,0.0,0.0,0.0,0.0,0.0,0.0,0.0,0.0,0.0,0.0,0.0,0.0,0.0,0.0,0.0,0.0,0.0,0.0,0.0,2.004,-2.004,-0.0,-2.004,0.0,0.0,0.0,0.0,5438.0,0.0,6946.0,0.0,-0.0,-107615280.0,-0.0,0.0,0.0,0.0,0.0,63,0.0,2.7184202930928964e+23,0.0,0.0,0.0,0.0,0.0,0.0,0.0,0,0,0,0.0,0.0,0.0,0.0,0.0,0.0,0.0,0.0,0.0,0.0,0.0,0.0,0.0,0.0,0.0,0.0,0,-107875648.0,63,0.0,126,2.7184242562605685e+23,-0.0,ERR,ERR,ERR,ERR,ERR,ERR,ERR,ERR,ERR,ERR,ERR,ERR,ERR,ERR,ERR,ERR,ERR,ERR,ERR,ERR,ERR,ERR,ERR,ERR,ERR,ERR,ERR,ERR,ERR,ERR,ERR,ERR,ERR,ERR,ERR,ERR,ERR,ERR,ERR,ERR,ERR,ERR,ERR,ERR,ERR,ERR,ERR,ERR,ERR,ERR,ERR,ERR,ERR,ERR,ERR,ERR,ERR,ERR,ERR,ERR,ERR,ERR,ERR,ERR,ERR,ERR,ERR,34.0,80.0,35,0.0,0.0,0.0,0.0,0.0,0.0,0.0,0.0,0.0,0.0,0.0,0.0,0.0,0.0,0.0,0.0,64.8,0,116,56,50,65476,0,300,0,0,8,20529,65476,0,0,57672,80.0,0.0,0.0,0.0,0.0,0.0
2026-06-17T04:34:54,ERR,ERR,ERR,ERR,ERR,ERR,ERR,ERR,ERR,ERR,ERR,ERR,ERR,ERR,ERR,ERR,ERR,ERR,ERR,ERR,ERR,ERR,ERR,ERR,ERR,ERR,ERR,ERR,ERR,ERR,ERR,ERR,ERR,ERR,ERR,ERR,ERR,ERR,ERR,ERR,ERR,ERR,ERR,ERR,ERR,ERR,ERR,ERR,ERR,ERR,ERR,ERR,ERR,ERR,ERR,ERR,ERR,ERR,ERR,ERR,ERR,ERR,ERR,ERR,ERR,ERR,ERR,ERR,ERR,ERR,ERR,ERR,ERR,ERR,ERR,ERR,ERR,ERR,ERR,ERR,ERR,ERR,ERR,ERR,ERR,ERR,ERR,ERR,ERR,ERR,ERR,ERR,ERR,ERR,ERR,ERR,ERR,ERR,ERR,ERR,ERR,ERR,ERR,ERR,ERR,ERR,ERR,ERR,ERR,ERR,ERR,ERR,ERR,ERR,ERR,ERR,ERR,ERR,ERR,ERR,ERR,ERR,ERR,ERR,ERR,0.0,-0.0,3.028208139652935e+23,0.0,0.0,1.3936040501711995e+18,7.805,0.0,0,0,4,0,7300,-0.0,0,0.0,0.0,0.0,0.0,0.0,0,0,0,0,0.0,0,0,0,0,0,0,0,0,0,0,0,0,0,0,0,0,0,0,0,0,0,0,0,0,0,0,0,0,0,0,0,0,0,32,30,30,62,65476,0,300,0,0,8,21553,0.0,-107605600.0,0.0,0.0,0.0,0.0,0.0,0.0,0.0,0.0,0.0,0.0,0.0,0.0,0.0,0.0,0.0,0.0,0.0,0.0,0.0,0.0,2.004,-2.004,-0.0,-2.004,0.0,0.0,0.0,0.0,5438.0,0.0,6946.0,0.0,-0.0,-107615280.0,-0.0,0.0,0.0,0.0,0.0,63,0.0,2.7184202930928964e+23,0.0,0.0,0.0,0.0,0.0,0.0,0.0,0,0,0,0.0,0.0,0.0,0.0,0.0,0.0,0.0,0.0,0.0,0.0,0.0,0.0,0.0,0.0,0.0,0.0,0,-107875648.0,63,0.0,126,2.7184242562605685e+23,-0.0,ERR,ERR,ERR,ERR,ERR,ERR,ERR,ERR,ERR,ERR,ERR,ERR,ERR,ERR,ERR,ERR,ERR,ERR,ERR,ERR,ERR,ERR,ERR,ERR,ERR,ERR,ERR,ERR,ERR,ERR,ERR,ERR,ERR,ERR,ERR,ERR,ERR,ERR,ERR,ERR,ERR,ERR,ERR,ERR,ERR,ERR,ERR,ERR,ERR,ERR,ERR,ERR,ERR,ERR,ERR,ERR,ERR,ERR,ERR,ERR,ERR,ERR,ERR,ERR,ERR,ERR,ERR,34.0,80.0,35,0.0,0.0,0.0,0.0,0.0,0.0,0.0,0.0,0.0,0.0,0.0,0.0,0.0,0.0,0.0,0.0,64.8,0,116,56,50,65476,0,300,0,0,8,20529,65476,0,0,57672,80.0,0.0,0.0,0.0,0.0,0.0
2026-06-17T04:34:55,ERR,ERR,ERR,ERR,ERR,ERR,ERR,ERR,ERR,ERR,ERR,ERR,ERR,ERR,ERR,ERR,ERR,ERR,ERR,ERR,ERR,ERR,ERR,ERR,ERR,ERR,ERR,ERR,ERR,ERR,ERR,ERR,ERR,ERR,ERR,ERR,ERR,ERR,ERR,ERR,ERR,ERR,ERR,ERR,ERR,ERR,ERR,ERR,ERR,ERR,ERR,ERR,ERR,ERR,ERR,ERR,ERR,ERR,ERR,ERR,ERR,ERR,ERR,ERR,ERR,ERR,ERR,ERR,ERR,ERR,ERR,ERR,ERR,ERR,ERR,ERR,ERR,ERR,ERR,ERR,ERR,ERR,ERR,ERR,ERR,ERR,ERR,ERR,ERR,ERR,ERR,ERR,ERR,ERR,ERR,ERR,ERR,ERR,ERR,ERR,ERR,ERR,ERR,ERR,ERR,ERR,ERR,ERR,ERR,ERR,ERR,ERR,ERR,ERR,ERR,ERR,ERR,ERR,ERR,ERR,ERR,ERR,ERR,ERR,ERR,0.0,-0.0,3.028208139652935e+23,0.0,0.0,1.3936040501711995e+18,7.805,0.0,0,0,4,0,7300,-0.0,0,0.0,0.0,0.0,0.0,0.0,0,0,0,0,0.0,0,0,0,0,0,0,0,0,0,0,0,0,0,0,0,0,0,0,0,0,0,0,0,0,0,0,0,0,0,0,0,0,0,32,30,30,62,65476,0,300,0,0,8,21553,0.0,-107605600.0,0.0,0.0,0.0,0.0,0.0,0.0,0.0,0.0,0.0,0.0,0.0,0.0,0.0,0.0,0.0,0.0,0.0,0.0,0.0,0.0,2.004,-2.004,-0.0,-2.004,0.0,0.0,0.0,0.0,5438.0,0.0,6946.0,0.0,-0.0,-107615280.0,-0.0,0.0,0.0,0.0,0.0,63,0.0,2.7184202930928964e+23,0.0,0.0,0.0,0.0,0.0,0.0,0.0,0,0,0,0.0,0.0,0.0,0.0,0.0,0.0,0.0,0.0,0.0,0.0,0.0,0.0,0.0,0.0,0.0,0.0,0,-107875648.0,63,0.0,126,2.7184242562605685e+23,-0.0,ERR,ERR,ERR,ERR,ERR,ERR,ERR,ERR,ERR,ERR,ERR,ERR,ERR,ERR,ERR,ERR,ERR,ERR,ERR,ERR,ERR,ERR,ERR,ERR,ERR,ERR,ERR,ERR,ERR,ERR,ERR,ERR,ERR,ERR,ERR,ERR,ERR,ERR,ERR,ERR,ERR,ERR,ERR,ERR,ERR,ERR,ERR,ERR,ERR,ERR,ERR,ERR,ERR,ERR,ERR,ERR,ERR,ERR,ERR,ERR,ERR,ERR,ERR,ERR,ERR,ERR,ERR,34.0,80.0,35,0.0,0.0,0.0,0.0,0.0,0.0,0.0,0.0,0.0,0.0,0.0,0.0,0.0,0.0,0.0,0.0,64.8,0,116,56,50,65476,0,300,0,0,8,20529,65476,0,0,57672,80.0,0.0,0.0,0.0,0.0,0.0
2026-06-17T04:34:56,ERR,ERR,ERR,ERR,ERR,ERR,ERR,ERR,ERR,ERR,ERR,ERR,ERR,ERR,ERR,ERR,ERR,ERR,ERR,ERR,ERR,ERR,ERR,ERR,ERR,ERR,ERR,ERR,ERR,ERR,ERR,ERR,ERR,ERR,ERR,ERR,ERR,ERR,ERR,ERR,ERR,ERR,ERR,ERR,ERR,ERR,ERR,ERR,ERR,ERR,ERR,ERR,ERR,ERR,ERR,ERR,ERR,ERR,ERR,ERR,ERR,ERR,ERR,ERR,ERR,ERR,ERR,ERR,ERR,ERR,ERR,ERR,ERR,ERR,ERR,ERR,ERR,ERR,ERR,ERR,ERR,ERR,ERR,ERR,ERR,ERR,ERR,ERR,ERR,ERR,ERR,ERR,ERR,ERR,ERR,ERR,ERR,ERR,ERR,ERR,ERR,ERR,ERR,ERR,ERR,ERR,ERR,ERR,ERR,ERR,ERR,ERR,ERR,ERR,ERR,ERR,ERR,ERR,ERR,ERR,ERR,ERR,ERR,ERR,ERR,0.0,-0.0,3.028208139652935e+23,0.0,0.0,1.3936040501711995e+18,7.805,0.0,0,0,4,0,7300,-0.0,0,0.0,0.0,0.0,0.0,0.0,0,0,0,0,0.0,0,0,0,0,0,0,0,0,0,0,0,0,0,0,0,0,0,0,0,0,0,0,0,0,0,0,0,0,0,0,0,0,0,32,30,30,62,65476,0,300,0,0,8,21553,0.0,-107605600.0,0.0,0.0,0.0,0.0,0.0,0.0,0.0,0.0,0.0,0.0,0.0,0.0,0.0,0.0,0.0,0.0,0.0,0.0,0.0,0.0,2.004,-2.004,-0.0,-2.004,0.0,0.0,0.0,0.0,5438.0,0.0,6945.0,0.0,-0.0,-107615280.0,-0.0,0.0,0.0,0.0,0.0,63,0.0,1.905688671546245e+17,0.0,0.0,0.0,0.0,0.0,0.0,0.0,0,0,0,0.0,0.0,0.0,0.0,0.0,0.0,0.0,0.0,0.0,0.0,0.0,0.0,0.0,0.0,0.0,0.0,0,-107875648.0,63,0.0,126,2.7184242562605685e+23,-0.0,ERR,ERR,ERR,ERR,ERR,ERR,ERR,ERR,ERR,ERR,ERR,ERR,ERR,ERR,ERR,ERR,ERR,ERR,ERR,ERR,ERR,ERR,ERR,ERR,ERR,ERR,ERR,ERR,ERR,ERR,ERR,ERR,ERR,ERR,ERR,ERR,ERR,ERR,ERR,ERR,ERR,ERR,ERR,ERR,ERR,ERR,ERR,ERR,ERR,ERR,ERR,ERR,ERR,ERR,ERR,ERR,ERR,ERR,ERR,ERR,ERR,ERR,ERR,ERR,ERR,ERR,ERR,34.0,80.0,35,0.0,0.0,0.0,0.0,0.0,0.0,0.0,0.0,0.0,0.0,0.0,0.0,0.0,0.0,0.0,0.0,64.8,0,116,56,50,65476,0,300,0,0,8,20529,65476,0,0,57672,80.0,0.0,0.0,0.0,0.0,0.0
2026-06-17T04:34:57,ERR,ERR,ERR,ERR,ERR,ERR,ERR,ERR,ERR,ERR,ERR,ERR,ERR,ERR,ERR,ERR,ERR,ERR,ERR,ERR,ERR,ERR,ERR,ERR,ERR,ERR,ERR,ERR,ERR,ERR,ERR,ERR,ERR,ERR,ERR,ERR,ERR,ERR,ERR,ERR,ERR,ERR,ERR,ERR,ERR,ERR,ERR,ERR,ERR,ERR,ERR,ERR,ERR,ERR,ERR,ERR,ERR,ERR,ERR,ERR,ERR,ERR,ERR,ERR,ERR,ERR,ERR,ERR,ERR,ERR,ERR,ERR,ERR,ERR,ERR,ERR,ERR,ERR,ERR,ERR,ERR,ERR,ERR,ERR,ERR,ERR,ERR,ERR,ERR,ERR,ERR,ERR,ERR,ERR,ERR,ERR,ERR,ERR,ERR,ERR,ERR,ERR,ERR,ERR,ERR,ERR,ERR,ERR,ERR,ERR,ERR,ERR,ERR,ERR,ERR,ERR,ERR,ERR,ERR,ERR,ERR,ERR,ERR,ERR,ERR,0.0,-0.0,3.028208139652935e+23,0.0,0.0,1.3936040501711995e+18,7.805,0.0,0,0,4,0,7300,-0.0,0,0.0,0.0,0.0,0.0,0.0,0,0,0,0,0.0,0,0,0,0,0,0,0,0,0,0,0,0,0,0,0,0,0,0,0,0,0,0,0,0,0,0,0,0,0,0,0,0,0,32,30,30,62,65476,0,300,0,0,8,21553,0.0,-107605600.0,0.0,0.0,0.0,0.0,0.0,0.0,0.0,0.0,0.0,0.0,0.0,0.0,0.0,0.0,0.0,0.0,0.0,0.0,0.0,0.0,2.004,-2.004,-0.0,-2.004,0.0,0.0,0.0,0.0,5438.0,0.0,6945.0,0.0,-0.0,-107615280.0,-0.0,0.0,0.0,0.0,0.0,63,0.0,1.905688671546245e+17,0.0,0.0,0.0,0.0,0.0,0.0,0.0,0,0,0,0.0,0.0,0.0,0.0,0.0,0.0,0.0,0.0,0.0,0.0,0.0,0.0,0.0,0.0,0.0,0.0,0,-107875648.0,63,0.0,126,2.7184242562605685e+23,-0.0,ERR,ERR,ERR,ERR,ERR,ERR,ERR,ERR,ERR,ERR,ERR,ERR,ERR,ERR,ERR,ERR,ERR,ERR,ERR,ERR,ERR,ERR,ERR,ERR,ERR,ERR,ERR,ERR,ERR,ERR,ERR,ERR,ERR,ERR,ERR,ERR,ERR,ERR,ERR,ERR,ERR,ERR,ERR,ERR,ERR,ERR,ERR,ERR,ERR,ERR,ERR,ERR,ERR,ERR,ERR,ERR,ERR,ERR,ERR,ERR,ERR,ERR,ERR,ERR,ERR,ERR,ERR,34.0,80.0,35,0.0,0.0,0.0,0.0,0.0,0.0,0.0,0.0,0.0,0.0,0.0,0.0,0.0,0.0,0.0,0.0,64.8,0,116,56,50,65476,0,300,0,0,8,20529,65476,0,0,57672,80.0,0.0,0.0,0.0,0.0,0.0
2026-06-17T04:34:58,ERR,ERR,ERR,ERR,ERR,ERR,ERR,ERR,ERR,ERR,ERR,ERR,ERR,ERR,ERR,ERR,ERR,ERR,ERR,ERR,ERR,ERR,ERR,ERR,ERR,ERR,ERR,ERR,ERR,ERR,ERR,ERR,ERR,ERR,ERR,ERR,ERR,ERR,ERR,ERR,ERR,ERR,ERR,ERR,ERR,ERR,ERR,ERR,ERR,ERR,ERR,ERR,ERR,ERR,ERR,ERR,ERR,ERR,ERR,ERR,ERR,ERR,ERR,ERR,ERR,ERR,ERR,ERR,ERR,ERR,ERR,ERR,ERR,ERR,ERR,ERR,ERR,ERR,ERR,ERR,ERR,ERR,ERR,ERR,ERR,ERR,ERR,ERR,ERR,ERR,ERR,ERR,ERR,ERR,ERR,ERR,ERR,ERR,ERR,ERR,ERR,ERR,ERR,ERR,ERR,ERR,ERR,ERR,ERR,ERR,ERR,ERR,ERR,ERR,ERR,ERR,ERR,ERR,ERR,ERR,ERR,ERR,ERR,ERR,ERR,0.0,-0.0,3.028208139652935e+23,0.0,0.0,1.3936040501711995e+18,7.805,0.0,0,0,4,0,7300,-0.0,0,0.0,0.0,0.0,0.0,0.0,0,0,0,0,0.0,0,0,0,0,0,0,0,0,0,0,0,0,0,0,0,0,0,0,0,0,0,0,0,0,0,0,0,0,0,0,0,0,0,32,30,30,62,65476,0,300,0,0,8,21553,0.0,-107605600.0,0.0,0.0,0.0,0.0,0.0,0.0,0.0,0.0,0.0,0.0,0.0,0.0,0.0,0.0,0.0,0.0,0.0,0.0,0.0,0.0,2.004,-2.004,-0.0,-2.004,0.0,0.0,0.0,0.0,5438.0,0.0,6945.0,0.0,-0.0,-107615280.0,-0.0,0.0,0.0,0.0,0.0,63,0.0,1.905688671546245e+17,0.0,0.0,0.0,0.0,0.0,0.0,0.0,0,0,0,0.0,0.0,0.0,0.0,0.0,0.0,0.0,0.0,0.0,0.0,0.0,0.0,0.0,0.0,0.0,0.0,0,-107875648.0,63,0.0,126,2.7184242562605685e+23,-0.0,ERR,ERR,ERR,ERR,ERR,ERR,ERR,ERR,ERR,ERR,ERR,ERR,ERR,ERR,ERR,ERR,ERR,ERR,ERR,ERR,ERR,ERR,ERR,ERR,ERR,ERR,ERR,ERR,ERR,ERR,ERR,ERR,ERR,ERR,ERR,ERR,ERR,ERR,ERR,ERR,ERR,ERR,ERR,ERR,ERR,ERR,ERR,ERR,ERR,ERR,ERR,ERR,ERR,ERR,ERR,ERR,ERR,ERR,ERR,ERR,ERR,ERR,ERR,ERR,ERR,ERR,ERR,34.0,80.0,35,0.0,0.0,0.0,0.0,0.0,0.0,0.0,0.0,0.0,0.0,0.0,0.0,0.0,0.0,0.0,0.0,64.8,0,116,56,50,65476,0,300,0,0,8,20529,65476,0,0,57672,80.0,0.0,0.0,0.0,0.0,0.0
2026-06-17T04:34:59,ERR,ERR,ERR,ERR,ERR,ERR,ERR,ERR,ERR,ERR,ERR,ERR,ERR,ERR,ERR,ERR,ERR,ERR,ERR,ERR,ERR,ERR,ERR,ERR,ERR,ERR,ERR,ERR,ERR,ERR,ERR,ERR,ERR,ERR,ERR,ERR,ERR,ERR,ERR,ERR,ERR,ERR,ERR,ERR,ERR,ERR,ERR,ERR,ERR,ERR,ERR,ERR,ERR,ERR,ERR,ERR,ERR,ERR,ERR,ERR,ERR,ERR,ERR,ERR,ERR,ERR,ERR,ERR,ERR,ERR,ERR,ERR,ERR,ERR,ERR,ERR,ERR,ERR,ERR,ERR,ERR,ERR,ERR,ERR,ERR,ERR,ERR,ERR,ERR,ERR,ERR,ERR,ERR,ERR,ERR,ERR,ERR,ERR,ERR,ERR,ERR,ERR,ERR,ERR,ERR,ERR,ERR,ERR,ERR,ERR,ERR,ERR,ERR,ERR,ERR,ERR,ERR,ERR,ERR,ERR,ERR,ERR,ERR,ERR,ERR,0.0,-0.0,3.028208139652935e+23,0.0,0.0,1.3936040501711995e+18,7.805,0.0,0,0,4,0,7300,-0.0,0,0.0,0.0,0.0,0.0,0.0,0,0,0,0,0.0,0,0,0,0,0,0,0,0,0,0,0,0,0,0,0,0,0,0,0,0,0,0,0,0,0,0,0,0,0,0,0,0,0,32,30,30,62,65476,0,300,0,0,8,21553,0.0,-107605600.0,0.0,0.0,0.0,0.0,0.0,0.0,0.0,0.0,0.0,0.0,0.0,0.0,0.0,0.0,0.0,0.0,0.0,0.0,0.0,0.0,2.004,-2.004,-0.0,-2.004,0.0,0.0,0.0,0.0,5438.0,0.0,6945.0,0.0,-0.0,-107615280.0,-0.0,0.0,0.0,0.0,0.0,63,0.0,1.905688671546245e+17,0.0,0.0,0.0,0.0,0.0,0.0,0.0,0,0,0,0.0,0.0,0.0,0.0,0.0,0.0,0.0,0.0,0.0,0.0,0.0,0.0,0.0,0.0,0.0,0.0,0,-107875648.0,63,0.0,126,2.7184242562605685e+23,-0.0,ERR,ERR,ERR,ERR,ERR,ERR,ERR,ERR,ERR,ERR,ERR,ERR,ERR,ERR,ERR,ERR,ERR,ERR,ERR,ERR,ERR,ERR,ERR,ERR,ERR,ERR,ERR,ERR,ERR,ERR,ERR,ERR,ERR,ERR,ERR,ERR,ERR,ERR,ERR,ERR,ERR,ERR,ERR,ERR,ERR,ERR,ERR,ERR,ERR,ERR,ERR,ERR,ERR,ERR,ERR,ERR,ERR,ERR,ERR,ERR,ERR,ERR,ERR,ERR,ERR,ERR,ERR,34.0,80.0,35,0.0,0.0,0.0,0.0,0.0,0.0,0.0,0.0,0.0,0.0,0.0,0.0,0.0,0.0,0.0,0.0,64.4,0,116,56,50,65476,0,300,0,0,8,20529,65476,0,0,57672,80.0,0.0,0.0,0.0,0.0,0.0
2026-06-17T04:35:00,ERR,ERR,ERR,ERR,ERR,ERR,ERR,ERR,ERR,ERR,ERR,ERR,ERR,ERR,ERR,ERR,ERR,ERR,ERR,ERR,ERR,ERR,ERR,ERR,ERR,ERR,ERR,ERR,ERR,ERR,ERR,ERR,ERR,ERR,ERR,ERR,ERR,ERR,ERR,ERR,ERR,ERR,ERR,ERR,ERR,ERR,ERR,ERR,ERR,ERR,ERR,ERR,ERR,ERR,ERR,ERR,ERR,ERR,ERR,ERR,ERR,ERR,ERR,ERR,ERR,ERR,ERR,ERR,ERR,ERR,ERR,ERR,ERR,ERR,ERR,ERR,ERR,ERR,ERR,ERR,ERR,ERR,ERR,ERR,ERR,ERR,ERR,ERR,ERR,ERR,ERR,ERR,ERR,ERR,ERR,ERR,ERR,ERR,ERR,ERR,ERR,ERR,ERR,ERR,ERR,ERR,ERR,ERR,ERR,ERR,ERR,ERR,ERR,ERR,ERR,ERR,ERR,ERR,ERR,ERR,ERR,ERR,ERR,ERR,ERR,0.0,-0.0,3.028208139652935e+23,0.0,0.0,1.3936040501711995e+18,7.805,0.0,0,0,4,0,7300,-0.0,0,0.0,0.0,0.0,0.0,0.0,0,0,0,0,0.0,0,0,0,0,0,0,0,0,0,0,0,0,0,0,0,0,0,0,0,0,0,0,0,0,0,0,0,0,0,0,0,0,0,32,30,30,62,65476,0,300,0,0,8,21553,0.0,-107605600.0,0.0,0.0,0.0,0.0,0.0,0.0,0.0,0.0,0.0,0.0,0.0,0.0,0.0,0.0,0.0,0.0,0.0,0.0,0.0,0.0,2.004,-2.004,-0.0,-2.004,0.0,0.0,0.0,0.0,5438.0,0.0,6945.0,0.0,-0.0,-107615280.0,-0.0,0.0,0.0,0.0,0.0,63,0.0,1.905688671546245e+17,0.0,0.0,0.0,0.0,0.0,0.0,0.0,0,0,0,0.0,0.0,0.0,0.0,0.0,0.0,0.0,0.0,0.0,0.0,0.0,0.0,0.0,0.0,0.0,0.0,0,-107875648.0,63,0.0,126,2.7184242562605685e+23,-0.0,ERR,ERR,ERR,ERR,ERR,ERR,ERR,ERR,ERR,ERR,ERR,ERR,ERR,ERR,ERR,ERR,ERR,ERR,ERR,ERR,ERR,ERR,ERR,ERR,ERR,ERR,ERR,ERR,ERR,ERR,ERR,ERR,ERR,ERR,ERR,ERR,ERR,ERR,ERR,ERR,ERR,ERR,ERR,ERR,ERR,ERR,ERR,ERR,ERR,ERR,ERR,ERR,ERR,ERR,ERR,ERR,ERR,ERR,ERR,ERR,ERR,ERR,ERR,ERR,ERR,ERR,ERR,34.0,80.0,35,0.0,0.0,0.0,0.0,0.0,0.0,0.0,0.0,0.0,0.0,0.0,0.0,0.0,0.0,0.0,0.0,64.4,0,116,56,50,65476,0,300,0,0,8,20529,65476,0,0,57672,80.0,0.0,0.0,0.0,0.0,0.0
2026-06-17T04:35:01,ERR,ERR,ERR,ERR,ERR,ERR,ERR,ERR,ERR,ERR,ERR,ERR,ERR,ERR,ERR,ERR,ERR,ERR,ERR,ERR,ERR,ERR,ERR,ERR,ERR,ERR,ERR,ERR,ERR,ERR,ERR,ERR,ERR,ERR,ERR,ERR,ERR,ERR,ERR,ERR,ERR,ERR,ERR,ERR,ERR,ERR,ERR,ERR,ERR,ERR,ERR,ERR,ERR,ERR,ERR,ERR,ERR,ERR,ERR,ERR,ERR,ERR,ERR,ERR,ERR,ERR,ERR,ERR,ERR,ERR,ERR,ERR,ERR,ERR,ERR,ERR,ERR,ERR,ERR,ERR,ERR,ERR,ERR,ERR,ERR,ERR,ERR,ERR,ERR,ERR,ERR,ERR,ERR,ERR,ERR,ERR,ERR,ERR,ERR,ERR,ERR,ERR,ERR,ERR,ERR,ERR,ERR,ERR,ERR,ERR,ERR,ERR,ERR,ERR,ERR,ERR,ERR,ERR,ERR,ERR,ERR,ERR,ERR,ERR,ERR,0.0,-0.0,3.028208139652935e+23,0.0,0.0,1.3936040501711995e+18,7.805,0.0,0,0,4,0,7300,-0.0,0,0.0,0.0,0.0,0.0,0.0,0,0,0,0,0.0,0,0,0,0,0,0,0,0,0,0,0,0,0,0,0,0,0,0,0,0,0,0,0,0,0,0,0,0,0,0,0,0,0,32,30,30,62,65476,0,300,0,0,8,21553,0.0,-107605600.0,0.0,0.0,0.0,0.0,0.0,0.0,0.0,0.0,0.0,0.0,0.0,0.0,0.0,0.0,0.0,0.0,0.0,0.0,0.0,0.0,2.004,-2.004,-0.0,-2.004,0.0,0.0,0.0,0.0,5438.0,0.0,6945.0,0.0,-0.0,-107615280.0,-0.0,0.0,0.0,0.0,0.0,63,0.0,1.905688671546245e+17,0.0,0.0,0.0,0.0,0.0,0.0,0.0,0,0,0,0.0,0.0,0.0,0.0,0.0,0.0,0.0,0.0,0.0,0.0,0.0,0.0,0.0,0.0,0.0,0.0,0,-107875648.0,63,0.0,126,2.7184242562605685e+23,-0.0,ERR,ERR,ERR,ERR,ERR,ERR,ERR,ERR,ERR,ERR,ERR,ERR,ERR,ERR,ERR,ERR,ERR,ERR,ERR,ERR,ERR,ERR,ERR,ERR,ERR,ERR,ERR,ERR,ERR,ERR,ERR,ERR,ERR,ERR,ERR,ERR,ERR,ERR,ERR,ERR,ERR,ERR,ERR,ERR,ERR,ERR,ERR,ERR,ERR,ERR,ERR,ERR,ERR,ERR,ERR,ERR,ERR,ERR,ERR,ERR,ERR,ERR,ERR,ERR,ERR,ERR,ERR,34.0,80.0,35,0.0,0.0,0.0,0.0,0.0,0.0,0.0,0.0,0.0,0.0,0.0,0.0,0.0,0.0,0.0,0.0,64.4,0,116,56,50,65476,0,300,0,0,8,20529,65476,0,0,57672,80.0,0.0,0.0,0.0,0.0,0.0
2026-06-17T04:35:02,ERR,ERR,ERR,ERR,ERR,ERR,ERR,ERR,ERR,ERR,ERR,ERR,ERR,ERR,ERR,ERR,ERR,ERR,ERR,ERR,ERR,ERR,ERR,ERR,ERR,ERR,ERR,ERR,ERR,ERR,ERR,ERR,ERR,ERR,ERR,ERR,ERR,ERR,ERR,ERR,ERR,ERR,ERR,ERR,ERR,ERR,ERR,ERR,ERR,ERR,ERR,ERR,ERR,ERR,ERR,ERR,ERR,ERR,ERR,ERR,ERR,ERR,ERR,ERR,ERR,ERR,ERR,ERR,ERR,ERR,ERR,ERR,ERR,ERR,ERR,ERR,ERR,ERR,ERR,ERR,ERR,ERR,ERR,ERR,ERR,ERR,ERR,ERR,ERR,ERR,ERR,ERR,ERR,ERR,ERR,ERR,ERR,ERR,ERR,ERR,ERR,ERR,ERR,ERR,ERR,ERR,ERR,ERR,ERR,ERR,ERR,ERR,ERR,ERR,ERR,ERR,ERR,ERR,ERR,ERR,ERR,ERR,ERR,ERR,ERR,0.0,-0.0,3.028208139652935e+23,0.0,0.0,1.3936040501711995e+18,7.805,0.0,0,0,4,0,7300,-0.0,0,0.0,0.0,0.0,0.0,0.0,0,0,0,0,0.0,0,0,0,0,0,0,0,0,0,0,0,0,0,0,0,0,0,0,0,0,0,0,0,0,0,0,0,0,0,0,0,0,0,32,30,30,62,65476,0,300,0,0,8,21553,0.0,-107605600.0,0.0,0.0,0.0,0.0,0.0,0.0,0.0,0.0,0.0,0.0,0.0,0.0,0.0,0.0,0.0,0.0,0.0,0.0,0.0,0.0,2.004,-2.004,-0.0,-2.004,0.0,0.0,0.0,0.0,5406.0,-2.4229913632967957e+24,6973.0,0.0,-0.0,-107615280.0,-0.0,0.0,0.0,0.0,0.0,63,0.0,0.0,0.0,0.0,0.0,0.0,0.0,0.0,0.0,0,0,0,0.0,0.0,0.0,0.0,0.0,0.0,0.0,0.0,0.0,0.0,0.0,0.0,0.0,0.0,0.0,0.0,0,-107875648.0,63,0.0,126,2.7184242562605685e+23,-0.0,ERR,ERR,ERR,ERR,ERR,ERR,ERR,ERR,ERR,ERR,ERR,ERR,ERR,ERR,ERR,ERR,ERR,ERR,ERR,ERR,ERR,ERR,ERR,ERR,ERR,ERR,ERR,ERR,ERR,ERR,ERR,ERR,ERR,ERR,ERR,ERR,ERR,ERR,ERR,ERR,ERR,ERR,ERR,ERR,ERR,ERR,ERR,ERR,ERR,ERR,ERR,ERR,ERR,ERR,ERR,ERR,ERR,ERR,ERR,ERR,ERR,ERR,ERR,ERR,ERR,ERR,ERR,34.0,80.0,35,0.0,0.0,0.0,0.0,0.0,0.0,0.0,0.0,0.0,0.0,0.0,0.0,0.0,0.0,0.0,0.0,64.8,0,116,56,50,65476,0,300,0,0,8,20529,65476,0,0,57672,80.0,0.0,0.0,0.0,0.0,0.0
2026-06-17T04:35:03,ERR,ERR,ERR,ERR,ERR,ERR,ERR,ERR,ERR,ERR,ERR,ERR,ERR,ERR,ERR,ERR,ERR,ERR,ERR,ERR,ERR,ERR,ERR,ERR,ERR,ERR,ERR,ERR,ERR,ERR,ERR,ERR,ERR,ERR,ERR,ERR,ERR,ERR,ERR,ERR,ERR,ERR,ERR,ERR,ERR,ERR,ERR,ERR,ERR,ERR,ERR,ERR,ERR,ERR,ERR,ERR,ERR,ERR,ERR,ERR,ERR,ERR,ERR,ERR,ERR,ERR,ERR,ERR,ERR,ERR,ERR,ERR,ERR,ERR,ERR,ERR,ERR,ERR,ERR,ERR,ERR,ERR,ERR,ERR,ERR,ERR,ERR,ERR,ERR,ERR,ERR,ERR,ERR,ERR,ERR,ERR,ERR,ERR,ERR,ERR,ERR,ERR,ERR,ERR,ERR,ERR,ERR,ERR,ERR,ERR,ERR,ERR,ERR,ERR,ERR,ERR,ERR,ERR,ERR,ERR,ERR,ERR,ERR,ERR,ERR,0.0,-0.0,3.028208139652935e+23,0.0,0.0,1.3936040501711995e+18,7.805,0.0,0,0,4,0,7300,-0.0,0,0.0,0.0,0.0,0.0,0.0,0,0,0,0,0.0,0,0,0,0,0,0,0,0,0,0,0,0,0,0,0,0,0,0,0,0,0,0,0,0,0,0,0,0,0,0,0,0,0,32,30,30,62,65476,0,300,0,0,8,21553,0.0,-107605600.0,0.0,0.0,0.0,0.0,0.0,0.0,0.0,0.0,0.0,0.0,0.0,0.0,0.0,0.0,0.0,0.0,0.0,0.0,0.0,0.0,2.004,-2.004,-0.0,-2.004,0.0,0.0,0.0,0.0,5406.0,-2.4229913632967957e+24,6973.0,0.0,-0.0,-107615280.0,-0.0,0.0,0.0,0.0,0.0,63,0.0,0.0,0.0,0.0,0.0,0.0,0.0,0.0,0.0,0,0,0,0.0,0.0,0.0,0.0,0.0,0.0,0.0,0.0,0.0,0.0,0.0,0.0,0.0,0.0,0.0,0.0,0,-107875648.0,63,0.0,126,2.7184242562605685e+23,-0.0,ERR,ERR,ERR,ERR,ERR,ERR,ERR,ERR,ERR,ERR,ERR,ERR,ERR,ERR,ERR,ERR,ERR,ERR,ERR,ERR,ERR,ERR,ERR,ERR,ERR,ERR,ERR,ERR,ERR,ERR,ERR,ERR,ERR,ERR,ERR,ERR,ERR,ERR,ERR,ERR,ERR,ERR,ERR,ERR,ERR,ERR,ERR,ERR,ERR,ERR,ERR,ERR,ERR,ERR,ERR,ERR,ERR,ERR,ERR,ERR,ERR,ERR,ERR,ERR,ERR,ERR,ERR,34.0,80.0,35,0.0,0.0,0.0,0.0,0.0,0.0,0.0,0.0,0.0,0.0,0.0,0.0,0.0,0.0,0.0,0.0,64.8,0,116,56,50,65476,0,300,0,0,8,20529,65476,0,0,57672,80.0,0.0,0.0,0.0,0.0,0.0
2026-06-17T04:35:04,ERR,ERR,ERR,ERR,ERR,ERR,ERR,ERR,ERR,ERR,ERR,ERR,ERR,ERR,ERR,ERR,ERR,ERR,ERR,ERR,ERR,ERR,ERR,ERR,ERR,ERR,ERR,ERR,ERR,ERR,ERR,ERR,ERR,ERR,ERR,ERR,ERR,ERR,ERR,ERR,ERR,ERR,ERR,ERR,ERR,ERR,ERR,ERR,ERR,ERR,ERR,ERR,ERR,ERR,ERR,ERR,ERR,ERR,ERR,ERR,ERR,ERR,ERR,ERR,ERR,ERR,ERR,ERR,ERR,ERR,ERR,ERR,ERR,ERR,ERR,ERR,ERR,ERR,ERR,ERR,ERR,ERR,ERR,ERR,ERR,ERR,ERR,ERR,ERR,ERR,ERR,ERR,ERR,ERR,ERR,ERR,ERR,ERR,ERR,ERR,ERR,ERR,ERR,ERR,ERR,ERR,ERR,ERR,ERR,ERR,ERR,ERR,ERR,ERR,ERR,ERR,ERR,ERR,ERR,ERR,ERR,ERR,ERR,ERR,ERR,0.0,-0.0,3.028208139652935e+23,0.0,0.0,1.3936040501711995e+18,7.805,0.0,0,0,4,0,7300,-0.0,0,0.0,0.0,0.0,0.0,0.0,0,0,0,0,0.0,0,0,0,0,0,0,0,0,0,0,0,0,0,0,0,0,0,0,0,0,0,0,0,0,0,0,0,0,0,0,0,0,0,32,30,30,62,65476,0,300,0,0,8,21553,0.0,-107605600.0,0.0,0.0,0.0,0.0,0.0,0.0,0.0,0.0,0.0,0.0,0.0,0.0,0.0,0.0,0.0,0.0,0.0,0.0,0.0,0.0,2.004,-2.004,-0.0,-2.004,0.0,0.0,0.0,0.0,5406.0,-2.4229913632967957e+24,6973.0,0.0,-0.0,-107615280.0,-0.0,0.0,0.0,0.0,0.0,63,0.0,0.0,0.0,0.0,0.0,0.0,0.0,0.0,0.0,0,0,0,0.0,0.0,0.0,0.0,0.0,0.0,0.0,0.0,0.0,0.0,0.0,0.0,0.0,0.0,0.0,0.0,0,-107875648.0,63,0.0,126,2.7184242562605685e+23,-0.0,ERR,ERR,ERR,ERR,ERR,ERR,ERR,ERR,ERR,ERR,ERR,ERR,ERR,ERR,ERR,ERR,ERR,ERR,ERR,ERR,ERR,ERR,ERR,ERR,ERR,ERR,ERR,ERR,ERR,ERR,ERR,ERR,ERR,ERR,ERR,ERR,ERR,ERR,ERR,ERR,ERR,ERR,ERR,ERR,ERR,ERR,ERR,ERR,ERR,ERR,ERR,ERR,ERR,ERR,ERR,ERR,ERR,ERR,ERR,ERR,ERR,ERR,ERR,ERR,ERR,ERR,ERR,34.0,80.0,35,0.0,0.0,0.0,0.0,0.0,0.0,0.0,0.0,0.0,0.0,0.0,0.0,0.0,0.0,0.0,0.0,64.4,0,116,56,50,65476,0,300,0,0,8,20529,65476,0,0,57672,80.0,0.0,0.0,0.0,0.0,0.0
2026-06-17T04:35:05,ERR,ERR,ERR,ERR,ERR,ERR,ERR,ERR,ERR,ERR,ERR,ERR,ERR,ERR,ERR,ERR,ERR,ERR,ERR,ERR,ERR,ERR,ERR,ERR,ERR,ERR,ERR,ERR,ERR,ERR,ERR,ERR,ERR,ERR,ERR,ERR,ERR,ERR,ERR,ERR,ERR,ERR,ERR,ERR,ERR,ERR,ERR,ERR,ERR,ERR,ERR,ERR,ERR,ERR,ERR,ERR,ERR,ERR,ERR,ERR,ERR,ERR,ERR,ERR,ERR,ERR,ERR,ERR,ERR,ERR,ERR,ERR,ERR,ERR,ERR,ERR,ERR,ERR,ERR,ERR,ERR,ERR,ERR,ERR,ERR,ERR,ERR,ERR,ERR,ERR,ERR,ERR,ERR,ERR,ERR,ERR,ERR,ERR,ERR,ERR,ERR,ERR,ERR,ERR,ERR,ERR,ERR,ERR,ERR,ERR,ERR,ERR,ERR,ERR,ERR,ERR,ERR,ERR,ERR,ERR,ERR,ERR,ERR,ERR,ERR,0.0,-0.0,3.028208139652935e+23,0.0,0.0,1.3936040501711995e+18,7.805,0.0,0,0,4,0,7300,-0.0,0,0.0,0.0,0.0,0.0,0.0,0,0,0,0,0.0,0,0,0,0,0,0,0,0,0,0,0,0,0,0,0,0,0,0,0,0,0,0,0,0,0,0,0,0,0,0,0,0,0,32,30,30,62,65476,0,300,0,0,8,21553,0.0,-107605600.0,0.0,0.0,0.0,0.0,0.0,0.0,0.0,0.0,0.0,0.0,0.0,0.0,0.0,0.0,0.0,0.0,0.0,0.0,0.0,0.0,2.004,-2.004,-0.0,-2.004,0.0,0.0,0.0,0.0,5406.0,-2.4229913632967957e+24,6973.0,0.0,-0.0,-107615280.0,-0.0,0.0,0.0,0.0,0.0,63,0.0,0.0,0.0,0.0,0.0,0.0,0.0,0.0,0.0,0,0,0,0.0,0.0,0.0,0.0,0.0,0.0,0.0,0.0,0.0,0.0,0.0,0.0,0.0,0.0,0.0,0.0,0,-107875648.0,63,0.0,126,2.7184242562605685e+23,-0.0,ERR,ERR,ERR,ERR,ERR,ERR,ERR,ERR,ERR,ERR,ERR,ERR,ERR,ERR,ERR,ERR,ERR,ERR,ERR,ERR,ERR,ERR,ERR,ERR,ERR,ERR,ERR,ERR,ERR,ERR,ERR,ERR,ERR,ERR,ERR,ERR,ERR,ERR,ERR,ERR,ERR,ERR,ERR,ERR,ERR,ERR,ERR,ERR,ERR,ERR,ERR,ERR,ERR,ERR,ERR,ERR,ERR,ERR,ERR,ERR,ERR,ERR,ERR,ERR,ERR,ERR,ERR,34.0,80.0,35,0.0,0.0,0.0,0.0,0.0,0.0,0.0,0.0,0.0,0.0,0.0,0.0,0.0,0.0,0.0,0.0,64.4,0,116,56,50,65476,0,300,0,0,8,20529,65476,0,0,57672,80.0,0.0,0.0,0.0,0.0,0.0
2026-06-17T04:35:06,ERR,ERR,ERR,ERR,ERR,ERR,ERR,ERR,ERR,ERR,ERR,ERR,ERR,ERR,ERR,ERR,ERR,ERR,ERR,ERR,ERR,ERR,ERR,ERR,ERR,ERR,ERR,ERR,ERR,ERR,ERR,ERR,ERR,ERR,ERR,ERR,ERR,ERR,ERR,ERR,ERR,ERR,ERR,ERR,ERR,ERR,ERR,ERR,ERR,ERR,ERR,ERR,ERR,ERR,ERR,ERR,ERR,ERR,ERR,ERR,ERR,ERR,ERR,ERR,ERR,ERR,ERR,ERR,ERR,ERR,ERR,ERR,ERR,ERR,ERR,ERR,ERR,ERR,ERR,ERR,ERR,ERR,ERR,ERR,ERR,ERR,ERR,ERR,ERR,ERR,ERR,ERR,ERR,ERR,ERR,ERR,ERR,ERR,ERR,ERR,ERR,ERR,ERR,ERR,ERR,ERR,ERR,ERR,ERR,ERR,ERR,ERR,ERR,ERR,ERR,ERR,ERR,ERR,ERR,ERR,ERR,ERR,ERR,ERR,ERR,0.0,-0.0,3.028208139652935e+23,0.0,0.0,1.3936040501711995e+18,7.805,0.0,0,0,4,0,7300,-0.0,0,0.0,0.0,0.0,0.0,0.0,0,0,0,0,0.0,0,0,0,0,0,0,0,0,0,0,0,0,0,0,0,0,0,0,0,0,0,0,0,0,0,0,0,0,0,0,0,0,0,32,30,30,62,65476,0,300,0,0,8,21553,0.0,-107605600.0,0.0,0.0,0.0,0.0,0.0,0.0,0.0,0.0,0.0,0.0,0.0,0.0,0.0,0.0,0.0,0.0,0.0,0.0,0.0,0.0,2.004,-2.004,-0.0,-2.004,0.0,0.0,0.0,0.0,5406.0,-2.4229913632967957e+24,6973.0,0.0,-0.0,-107615280.0,-0.0,0.0,0.0,0.0,0.0,63,0.0,0.0,0.0,0.0,0.0,0.0,0.0,0.0,0.0,0,0,0,0.0,0.0,0.0,0.0,0.0,0.0,0.0,0.0,0.0,0.0,0.0,0.0,0.0,0.0,0.0,0.0,0,-107875648.0,63,0.0,126,2.7184242562605685e+23,-0.0,ERR,ERR,ERR,ERR,ERR,ERR,ERR,ERR,ERR,ERR,ERR,ERR,ERR,ERR,ERR,ERR,ERR,ERR,ERR,ERR,ERR,ERR,ERR,ERR,ERR,ERR,ERR,ERR,ERR,ERR,ERR,ERR,ERR,ERR,ERR,ERR,ERR,ERR,ERR,ERR,ERR,ERR,ERR,ERR,ERR,ERR,ERR,ERR,ERR,ERR,ERR,ERR,ERR,ERR,ERR,ERR,ERR,ERR,ERR,ERR,ERR,ERR,ERR,ERR,ERR,ERR,ERR,34.0,80.0,35,0.0,0.0,0.0,0.0,0.0,0.0,0.0,0.0,0.0,0.0,0.0,0.0,0.0,0.0,0.0,0.0,64.4,0,116,56,50,65476,0,300,0,0,8,20529,65476,0,0,57672,80.0,0.0,0.0,0.0,0.0,0.0
2026-06-17T04:35:07,ERR,ERR,ERR,ERR,ERR,ERR,ERR,ERR,ERR,ERR,ERR,ERR,ERR,ERR,ERR,ERR,ERR,ERR,ERR,ERR,ERR,ERR,ERR,ERR,ERR,ERR,ERR,ERR,ERR,ERR,ERR,ERR,ERR,ERR,ERR,ERR,ERR,ERR,ERR,ERR,ERR,ERR,ERR,ERR,ERR,ERR,ERR,ERR,ERR,ERR,ERR,ERR,ERR,ERR,ERR,ERR,ERR,ERR,ERR,ERR,ERR,ERR,ERR,ERR,ERR,ERR,ERR,ERR,ERR,ERR,ERR,ERR,ERR,ERR,ERR,ERR,ERR,ERR,ERR,ERR,ERR,ERR,ERR,ERR,ERR,ERR,ERR,ERR,ERR,ERR,ERR,ERR,ERR,ERR,ERR,ERR,ERR,ERR,ERR,ERR,ERR,ERR,ERR,ERR,ERR,ERR,ERR,ERR,ERR,ERR,ERR,ERR,ERR,ERR,ERR,ERR,ERR,ERR,ERR,ERR,ERR,ERR,ERR,ERR,ERR,0.0,-0.0,3.028208139652935e+23,0.0,0.0,1.3936040501711995e+18,7.805,0.0,0,0,4,0,7300,-0.0,0,0.0,0.0,0.0,0.0,0.0,0,0,0,0,0.0,0,0,0,0,0,0,0,0,0,0,0,0,0,0,0,0,0,0,0,0,0,0,0,0,0,0,0,0,0,0,0,0,0,32,30,30,62,65476,0,300,0,0,8,21553,0.0,-107605600.0,0.0,0.0,0.0,0.0,0.0,0.0,0.0,0.0,0.0,0.0,0.0,0.0,0.0,0.0,0.0,0.0,0.0,0.0,0.0,0.0,-0.0,-2.004,-0.0,-2.004,0.0,0.0,0.0,0.0,5407.0,-131350.625,6969.0,0.0,-0.0,-107615280.0,-0.0,0.0,0.0,0.0,0.0,63,0.0,0.0,0.0,0.0,0.0,0.0,0.0,0.0,0.0,0,0,0,0.0,0.0,0.0,0.0,0.0,0.0,0.0,0.0,0.0,0.0,0.0,0.0,0.0,0.0,0.0,0.0,0,-107875648.0,63,0.0,126,2.7184242562605685e+23,-0.0,ERR,ERR,ERR,ERR,ERR,ERR,ERR,ERR,ERR,ERR,ERR,ERR,ERR,ERR,ERR,ERR,ERR,ERR,ERR,ERR,ERR,ERR,ERR,ERR,ERR,ERR,ERR,ERR,ERR,ERR,ERR,ERR,ERR,ERR,ERR,ERR,ERR,ERR,ERR,ERR,ERR,ERR,ERR,ERR,ERR,ERR,ERR,ERR,ERR,ERR,ERR,ERR,ERR,ERR,ERR,ERR,ERR,ERR,ERR,ERR,ERR,ERR,ERR,ERR,ERR,ERR,ERR,34.0,80.0,35,0.0,0.0,0.0,0.0,0.0,0.0,0.0,0.0,0.0,0.0,0.0,0.0,0.0,0.0,0.0,0.0,64.4,0,116,56,50,65476,0,300,0,0,8,20529,65476,0,0,57672,80.0,0.0,0.0,0.0,0.0,0.0
2026-06-17T04:35:08,ERR,ERR,ERR,ERR,ERR,ERR,ERR,ERR,ERR,ERR,ERR,ERR,ERR,ERR,ERR,ERR,ERR,ERR,ERR,ERR,ERR,ERR,ERR,ERR,ERR,ERR,ERR,ERR,ERR,ERR,ERR,ERR,ERR,ERR,ERR,ERR,ERR,ERR,ERR,ERR,ERR,ERR,ERR,ERR,ERR,ERR,ERR,ERR,ERR,ERR,ERR,ERR,ERR,ERR,ERR,ERR,ERR,ERR,ERR,ERR,ERR,ERR,ERR,ERR,ERR,ERR,ERR,ERR,ERR,ERR,ERR,ERR,ERR,ERR,ERR,ERR,ERR,ERR,ERR,ERR,ERR,ERR,ERR,ERR,ERR,ERR,ERR,ERR,ERR,ERR,ERR,ERR,ERR,ERR,ERR,ERR,ERR,ERR,ERR,ERR,ERR,ERR,ERR,ERR,ERR,ERR,ERR,ERR,ERR,ERR,ERR,ERR,ERR,ERR,ERR,ERR,ERR,ERR,ERR,ERR,ERR,ERR,ERR,ERR,ERR,0.0,-0.0,3.028208139652935e+23,0.0,0.0,1.3936040501711995e+18,7.805,0.0,0,0,4,0,7300,-0.0,0,0.0,0.0,0.0,0.0,0.0,0,0,0,0,0.0,0,0,0,0,0,0,0,0,0,0,0,0,0,0,0,0,0,0,0,0,0,0,0,0,0,0,0,0,0,0,0,0,0,32,30,30,62,65476,0,300,0,0,8,21553,0.0,-107605600.0,0.0,0.0,0.0,0.0,0.0,0.0,0.0,0.0,0.0,0.0,0.0,0.0,0.0,0.0,0.0,0.0,0.0,0.0,0.0,0.0,-0.0,-2.004,-0.0,-2.004,0.0,0.0,0.0,0.0,5407.0,-131350.625,6969.0,0.0,-0.0,-107615280.0,-0.0,0.0,0.0,0.0,0.0,63,0.0,0.0,0.0,0.0,0.0,0.0,0.0,0.0,0.0,0,0,0,0.0,0.0,0.0,0.0,0.0,0.0,0.0,0.0,0.0,0.0,0.0,0.0,0.0,0.0,0.0,0.0,0,-107875648.0,63,0.0,126,2.7184242562605685e+23,-0.0,ERR,ERR,ERR,ERR,ERR,ERR,ERR,ERR,ERR,ERR,ERR,ERR,ERR,ERR,ERR,ERR,ERR,ERR,ERR,ERR,ERR,ERR,ERR,ERR,ERR,ERR,ERR,ERR,ERR,ERR,ERR,ERR,ERR,ERR,ERR,ERR,ERR,ERR,ERR,ERR,ERR,ERR,ERR,ERR,ERR,ERR,ERR,ERR,ERR,ERR,ERR,ERR,ERR,ERR,ERR,ERR,ERR,ERR,ERR,ERR,ERR,ERR,ERR,ERR,ERR,ERR,ERR,34.0,80.0,35,0.0,0.0,0.0,0.0,0.0,0.0,0.0,0.0,0.0,0.0,0.0,0.0,0.0,0.0,0.0,0.0,64.4,0,116,56,50,65476,0,300,0,0,8,20529,65476,0,0,57672,80.0,0.0,0.0,0.0,0.0,0.0
2026-06-17T04:35:09,ERR,ERR,ERR,ERR,ERR,ERR,ERR,ERR,ERR,ERR,ERR,ERR,ERR,ERR,ERR,ERR,ERR,ERR,ERR,ERR,ERR,ERR,ERR,ERR,ERR,ERR,ERR,ERR,ERR,ERR,ERR,ERR,ERR,ERR,ERR,ERR,ERR,ERR,ERR,ERR,ERR,ERR,ERR,ERR,ERR,ERR,ERR,ERR,ERR,ERR,ERR,ERR,ERR,ERR,ERR,ERR,ERR,ERR,ERR,ERR,ERR,ERR,ERR,ERR,ERR,ERR,ERR,ERR,ERR,ERR,ERR,ERR,ERR,ERR,ERR,ERR,ERR,ERR,ERR,ERR,ERR,ERR,ERR,ERR,ERR,ERR,ERR,ERR,ERR,ERR,ERR,ERR,ERR,ERR,ERR,ERR,ERR,ERR,ERR,ERR,ERR,ERR,ERR,ERR,ERR,ERR,ERR,ERR,ERR,ERR,ERR,ERR,ERR,ERR,ERR,ERR,ERR,ERR,ERR,ERR,ERR,ERR,ERR,ERR,ERR,0.0,-0.0,3.028208139652935e+23,0.0,0.0,1.3936040501711995e+18,7.805,0.0,0,0,4,0,7300,-0.0,0,0.0,0.0,0.0,0.0,0.0,0,0,0,0,0.0,0,0,0,0,0,0,0,0,0,0,0,0,0,0,0,0,0,0,0,0,0,0,0,0,0,0,0,0,0,0,0,0,0,32,30,30,62,65476,0,300,0,0,8,21553,0.0,-107605600.0,0.0,0.0,0.0,0.0,0.0,0.0,0.0,0.0,0.0,0.0,0.0,0.0,0.0,0.0,0.0,0.0,0.0,0.0,0.0,0.0,-0.0,-2.004,-0.0,-2.004,0.0,0.0,0.0,0.0,5407.0,-131350.625,6969.0,0.0,-0.0,-107615280.0,-0.0,0.0,0.0,0.0,0.0,63,0.0,0.0,0.0,0.0,0.0,0.0,0.0,0.0,0.0,0,0,0,0.0,0.0,0.0,0.0,0.0,0.0,0.0,0.0,0.0,0.0,0.0,0.0,0.0,0.0,0.0,0.0,0,-107875648.0,63,0.0,126,2.7184242562605685e+23,-0.0,ERR,ERR,ERR,ERR,ERR,ERR,ERR,ERR,ERR,ERR,ERR,ERR,ERR,ERR,ERR,ERR,ERR,ERR,ERR,ERR,ERR,ERR,ERR,ERR,ERR,ERR,ERR,ERR,ERR,ERR,ERR,ERR,ERR,ERR,ERR,ERR,ERR,ERR,ERR,ERR,ERR,ERR,ERR,ERR,ERR,ERR,ERR,ERR,ERR,ERR,ERR,ERR,ERR,ERR,ERR,ERR,ERR,ERR,ERR,ERR,ERR,ERR,ERR,ERR,ERR,ERR,ERR,34.0,80.0,35,0.0,0.0,0.0,0.0,0.0,0.0,0.0,0.0,0.0,0.0,0.0,0.0,0.0,0.0,0.0,0.0,64.4,0,116,56,50,65476,0,300,0,0,8,20529,65476,0,0,57672,80.0,0.0,0.0,0.0,0.0,0.0
2026-06-17T04:35:10,ERR,ERR,ERR,ERR,ERR,ERR,ERR,ERR,ERR,ERR,ERR,ERR,ERR,ERR,ERR,ERR,ERR,ERR,ERR,ERR,ERR,ERR,ERR,ERR,ERR,ERR,ERR,ERR,ERR,ERR,ERR,ERR,ERR,ERR,ERR,ERR,ERR,ERR,ERR,ERR,ERR,ERR,ERR,ERR,ERR,ERR,ERR,ERR,ERR,ERR,ERR,ERR,ERR,ERR,ERR,ERR,ERR,ERR,ERR,ERR,ERR,ERR,ERR,ERR,ERR,ERR,ERR,ERR,ERR,ERR,ERR,ERR,ERR,ERR,ERR,ERR,ERR,ERR,ERR,ERR,ERR,ERR,ERR,ERR,ERR,ERR,ERR,ERR,ERR,ERR,ERR,ERR,ERR,ERR,ERR,ERR,ERR,ERR,ERR,ERR,ERR,ERR,ERR,ERR,ERR,ERR,ERR,ERR,ERR,ERR,ERR,ERR,ERR,ERR,ERR,ERR,ERR,ERR,ERR,ERR,ERR,ERR,ERR,ERR,ERR,0.0,-0.0,3.028208139652935e+23,0.0,0.0,1.3936040501711995e+18,7.805,0.0,0,0,4,0,7300,-0.0,0,0.0,0.0,0.0,0.0,0.0,0,0,0,0,0.0,0,0,0,0,0,0,0,0,0,0,0,0,0,0,0,0,0,0,0,0,0,0,0,0,0,0,0,0,0,0,0,0,0,32,30,30,62,65476,0,300,0,0,8,21553,0.0,-107605600.0,0.0,0.0,0.0,0.0,0.0,0.0,0.0,0.0,0.0,0.0,0.0,0.0,0.0,0.0,0.0,0.0,0.0,0.0,0.0,0.0,-0.0,-2.004,-0.0,-2.004,0.0,0.0,0.0,0.0,5407.0,-131350.625,6969.0,0.0,-0.0,-107615280.0,-0.0,0.0,0.0,0.0,0.0,63,0.0,0.0,0.0,0.0,0.0,0.0,0.0,0.0,0.0,0,0,0,0.0,0.0,0.0,0.0,0.0,0.0,0.0,0.0,0.0,0.0,0.0,0.0,0.0,0.0,0.0,0.0,0,-107875648.0,63,0.0,126,2.7184242562605685e+23,-0.0,ERR,ERR,ERR,ERR,ERR,ERR,ERR,ERR,ERR,ERR,ERR,ERR,ERR,ERR,ERR,ERR,ERR,ERR,ERR,ERR,ERR,ERR,ERR,ERR,ERR,ERR,ERR,ERR,ERR,ERR,ERR,ERR,ERR,ERR,ERR,ERR,ERR,ERR,ERR,ERR,ERR,ERR,ERR,ERR,ERR,ERR,ERR,ERR,ERR,ERR,ERR,ERR,ERR,ERR,ERR,ERR,ERR,ERR,ERR,ERR,ERR,ERR,ERR,ERR,ERR,ERR,ERR,34.0,80.0,35,0.0,0.0,0.0,0.0,0.0,0.0,0.0,0.0,0.0,0.0,0.0,0.0,0.0,0.0,0.0,0.0,64.4,0,116,56,50,65476,0,300,0,0,8,20529,65476,0,0,57672,80.0,0.0,0.0,0.0,0.0,0.0
2026-06-17T04:35:11,ERR,ERR,ERR,ERR,ERR,ERR,ERR,ERR,ERR,ERR,ERR,ERR,ERR,ERR,ERR,ERR,ERR,ERR,ERR,ERR,ERR,ERR,ERR,ERR,ERR,ERR,ERR,ERR,ERR,ERR,ERR,ERR,ERR,ERR,ERR,ERR,ERR,ERR,ERR,ERR,ERR,ERR,ERR,ERR,ERR,ERR,ERR,ERR,ERR,ERR,ERR,ERR,ERR,ERR,ERR,ERR,ERR,ERR,ERR,ERR,ERR,ERR,ERR,ERR,ERR,ERR,ERR,ERR,ERR,ERR,ERR,ERR,ERR,ERR,ERR,ERR,ERR,ERR,ERR,ERR,ERR,ERR,ERR,ERR,ERR,ERR,ERR,ERR,ERR,ERR,ERR,ERR,ERR,ERR,ERR,ERR,ERR,ERR,ERR,ERR,ERR,ERR,ERR,ERR,ERR,ERR,ERR,ERR,ERR,ERR,ERR,ERR,ERR,ERR,ERR,ERR,ERR,ERR,ERR,ERR,ERR,ERR,ERR,ERR,ERR,0.0,-0.0,3.028208139652935e+23,0.0,0.0,1.3936040501711995e+18,7.805,0.0,0,0,4,0,7300,-0.0,0,0.0,0.0,0.0,0.0,0.0,0,0,0,0,0.0,0,0,0,0,0,0,0,0,0,0,0,0,0,0,0,0,0,0,0,0,0,0,0,0,0,0,0,0,0,0,0,0,0,32,30,30,62,65476,0,300,0,0,8,21553,0.0,-107605600.0,0.0,0.0,0.0,0.0,0.0,0.0,0.0,0.0,0.0,0.0,0.0,0.0,0.0,0.0,0.0,0.0,0.0,0.0,0.0,0.0,-0.0,-2.004,-0.0,-2.004,0.0,0.0,0.0,0.0,5407.0,-131350.625,6969.0,0.0,-0.0,-107615280.0,-0.0,0.0,0.0,0.0,0.0,63,0.0,0.0,0.0,0.0,0.0,0.0,0.0,0.0,0.0,0,0,0,0.0,0.0,0.0,0.0,0.0,0.0,0.0,0.0,0.0,0.0,0.0,0.0,0.0,0.0,0.0,0.0,0,-107875648.0,63,0.0,126,2.7184242562605685e+23,-0.0,ERR,ERR,ERR,ERR,ERR,ERR,ERR,ERR,ERR,ERR,ERR,ERR,ERR,ERR,ERR,ERR,ERR,ERR,ERR,ERR,ERR,ERR,ERR,ERR,ERR,ERR,ERR,ERR,ERR,ERR,ERR,ERR,ERR,ERR,ERR,ERR,ERR,ERR,ERR,ERR,ERR,ERR,ERR,ERR,ERR,ERR,ERR,ERR,ERR,ERR,ERR,ERR,ERR,ERR,ERR,ERR,ERR,ERR,ERR,ERR,ERR,ERR,ERR,ERR,ERR,ERR,ERR,34.0,80.0,35,0.0,0.0,0.0,0.0,0.0,0.0,0.0,0.0,0.0,0.0,0.0,0.0,0.0,0.0,0.0,0.0,64.4,0,116,56,50,65476,0,300,0,0,8,20529,65476,0,0,57672,80.0,0.0,0.0,0.0,0.0,0.0
2026-06-17T04:35:12,ERR,ERR,ERR,ERR,ERR,ERR,ERR,ERR,ERR,ERR,ERR,ERR,ERR,ERR,ERR,ERR,ERR,ERR,ERR,ERR,ERR,ERR,ERR,ERR,ERR,ERR,ERR,ERR,ERR,ERR,ERR,ERR,ERR,ERR,ERR,ERR,ERR,ERR,ERR,ERR,ERR,ERR,ERR,ERR,ERR,ERR,ERR,ERR,ERR,ERR,ERR,ERR,ERR,ERR,ERR,ERR,ERR,ERR,ERR,ERR,ERR,ERR,ERR,ERR,ERR,ERR,ERR,ERR,ERR,ERR,ERR,ERR,ERR,ERR,ERR,ERR,ERR,ERR,ERR,ERR,ERR,ERR,ERR,ERR,ERR,ERR,ERR,ERR,ERR,ERR,ERR,ERR,ERR,ERR,ERR,ERR,ERR,ERR,ERR,ERR,ERR,ERR,ERR,ERR,ERR,ERR,ERR,ERR,ERR,ERR,ERR,ERR,ERR,ERR,ERR,ERR,ERR,ERR,ERR,ERR,ERR,ERR,ERR,ERR,ERR,0.0,-0.0,3.028208139652935e+23,0.0,0.0,1.3936040501711995e+18,7.805,0.0,0,0,4,0,7300,-0.0,0,0.0,0.0,0.0,0.0,0.0,0,0,0,0,0.0,0,0,0,0,0,0,0,0,0,0,0,0,0,0,0,0,0,0,0,0,0,0,0,0,0,0,0,0,0,0,0,0,0,32,30,30,62,65476,0,300,0,0,8,21553,0.0,-107605600.0,0.0,0.0,0.0,0.0,0.0,0.0,0.0,0.0,0.0,0.0,0.0,0.0,0.0,0.0,0.0,0.0,0.0,0.0,0.0,0.0,2.004,-2.004,-0.0,-2.004,0.0,0.0,0.0,0.0,5407.0,-2.4229913632967957e+24,6973.0,0.0,-0.0,-107615280.0,-0.0,0.0,0.0,0.0,0.0,63,0.0,0.0,0.0,0.0,0.0,0.0,0.0,0.0,0.0,0,0,0,0.0,0.0,0.0,0.0,0.0,0.0,0.0,0.0,0.0,0.0,0.0,0.0,0.0,0.0,0.0,0.0,0,-107875648.0,63,0.0,126,2.7184242562605685e+23,-0.0,ERR,ERR,ERR,ERR,ERR,ERR,ERR,ERR,ERR,ERR,ERR,ERR,ERR,ERR,ERR,ERR,ERR,ERR,ERR,ERR,ERR,ERR,ERR,ERR,ERR,ERR,ERR,ERR,ERR,ERR,ERR,ERR,ERR,ERR,ERR,ERR,ERR,ERR,ERR,ERR,ERR,ERR,ERR,ERR,ERR,ERR,ERR,ERR,ERR,ERR,ERR,ERR,ERR,ERR,ERR,ERR,ERR,ERR,ERR,ERR,ERR,ERR,ERR,ERR,ERR,ERR,ERR,34.0,80.0,35,0.0,0.0,0.0,0.0,0.0,0.0,0.0,0.0,0.0,0.0,0.0,0.0,0.0,0.0,0.0,0.0,64.4,0,116,56,50,65476,0,300,0,0,8,20529,65476,0,0,57672,80.0,0.0,0.0,0.0,0.0,0.0
2026-06-17T04:35:13,ERR,ERR,ERR,ERR,ERR,ERR,ERR,ERR,ERR,ERR,ERR,ERR,ERR,ERR,ERR,ERR,ERR,ERR,ERR,ERR,ERR,ERR,ERR,ERR,ERR,ERR,ERR,ERR,ERR,ERR,ERR,ERR,ERR,ERR,ERR,ERR,ERR,ERR,ERR,ERR,ERR,ERR,ERR,ERR,ERR,ERR,ERR,ERR,ERR,ERR,ERR,ERR,ERR,ERR,ERR,ERR,ERR,ERR,ERR,ERR,ERR,ERR,ERR,ERR,ERR,ERR,ERR,ERR,ERR,ERR,ERR,ERR,ERR,ERR,ERR,ERR,ERR,ERR,ERR,ERR,ERR,ERR,ERR,ERR,ERR,ERR,ERR,ERR,ERR,ERR,ERR,ERR,ERR,ERR,ERR,ERR,ERR,ERR,ERR,ERR,ERR,ERR,ERR,ERR,ERR,ERR,ERR,ERR,ERR,ERR,ERR,ERR,ERR,ERR,ERR,ERR,ERR,ERR,ERR,ERR,ERR,ERR,ERR,ERR,ERR,0.0,-0.0,3.028208139652935e+23,0.0,0.0,1.3936040501711995e+18,7.805,0.0,0,0,4,0,7300,-0.0,0,0.0,0.0,0.0,0.0,0.0,0,0,0,0,0.0,0,0,0,0,0,0,0,0,0,0,0,0,0,0,0,0,0,0,0,0,0,0,0,0,0,0,0,0,0,0,0,0,0,32,30,30,62,65476,0,300,0,0,8,21553,0.0,-107605600.0,0.0,0.0,0.0,0.0,0.0,0.0,0.0,0.0,0.0,0.0,0.0,0.0,0.0,0.0,0.0,0.0,0.0,0.0,0.0,0.0,2.004,-2.004,-0.0,-2.004,0.0,0.0,0.0,0.0,5407.0,-2.4229913632967957e+24,6973.0,0.0,-0.0,-107615280.0,-0.0,0.0,0.0,0.0,0.0,63,0.0,0.0,0.0,0.0,0.0,0.0,0.0,0.0,0.0,0,0,0,0.0,0.0,0.0,0.0,0.0,0.0,0.0,0.0,0.0,0.0,0.0,0.0,0.0,0.0,0.0,0.0,0,-107875648.0,63,0.0,126,2.7184242562605685e+23,-0.0,ERR,ERR,ERR,ERR,ERR,ERR,ERR,ERR,ERR,ERR,ERR,ERR,ERR,ERR,ERR,ERR,ERR,ERR,ERR,ERR,ERR,ERR,ERR,ERR,ERR,ERR,ERR,ERR,ERR,ERR,ERR,ERR,ERR,ERR,ERR,ERR,ERR,ERR,ERR,ERR,ERR,ERR,ERR,ERR,ERR,ERR,ERR,ERR,ERR,ERR,ERR,ERR,ERR,ERR,ERR,ERR,ERR,ERR,ERR,ERR,ERR,ERR,ERR,ERR,ERR,ERR,ERR,34.0,80.0,35,0.0,0.0,0.0,0.0,0.0,0.0,0.0,0.0,0.0,0.0,0.0,0.0,0.0,0.0,0.0,0.0,64.4,0,116,56,50,65476,0,300,0,0,8,20529,65476,0,0,57672,80.0,0.0,0.0,0.0,0.0,0.0
2026-06-17T04:35:14,ERR,ERR,ERR,ERR,ERR,ERR,ERR,ERR,ERR,ERR,ERR,ERR,ERR,ERR,ERR,ERR,ERR,ERR,ERR,ERR,ERR,ERR,ERR,ERR,ERR,ERR,ERR,ERR,ERR,ERR,ERR,ERR,ERR,ERR,ERR,ERR,ERR,ERR,ERR,ERR,ERR,ERR,ERR,ERR,ERR,ERR,ERR,ERR,ERR,ERR,ERR,ERR,ERR,ERR,ERR,ERR,ERR,ERR,ERR,ERR,ERR,ERR,ERR,ERR,ERR,ERR,ERR,ERR,ERR,ERR,ERR,ERR,ERR,ERR,ERR,ERR,ERR,ERR,ERR,ERR,ERR,ERR,ERR,ERR,ERR,ERR,ERR,ERR,ERR,ERR,ERR,ERR,ERR,ERR,ERR,ERR,ERR,ERR,ERR,ERR,ERR,ERR,ERR,ERR,ERR,ERR,ERR,ERR,ERR,ERR,ERR,ERR,ERR,ERR,ERR,ERR,ERR,ERR,ERR,ERR,ERR,ERR,ERR,ERR,ERR,0.0,-0.0,3.028208139652935e+23,0.0,0.0,1.3936040501711995e+18,7.805,0.0,0,0,4,0,7300,-0.0,0,0.0,0.0,0.0,0.0,0.0,0,0,0,0,0.0,0,0,0,0,0,0,0,0,0,0,0,0,0,0,0,0,0,0,0,0,0,0,0,0,0,0,0,0,0,0,0,0,0,32,30,30,62,65476,0,300,0,0,8,21553,0.0,-107605600.0,0.0,0.0,0.0,0.0,0.0,0.0,0.0,0.0,0.0,0.0,0.0,0.0,0.0,0.0,0.0,0.0,0.0,0.0,0.0,0.0,2.004,-2.004,-0.0,-2.004,0.0,0.0,0.0,0.0,5407.0,-2.4229913632967957e+24,6973.0,0.0,-0.0,-107615280.0,-0.0,0.0,0.0,0.0,0.0,63,0.0,0.0,0.0,0.0,0.0,0.0,0.0,0.0,0.0,0,0,0,0.0,0.0,0.0,0.0,0.0,0.0,0.0,0.0,0.0,0.0,0.0,0.0,0.0,0.0,0.0,0.0,0,-107875648.0,63,0.0,126,2.7184242562605685e+23,-0.0,ERR,ERR,ERR,ERR,ERR,ERR,ERR,ERR,ERR,ERR,ERR,ERR,ERR,ERR,ERR,ERR,ERR,ERR,ERR,ERR,ERR,ERR,ERR,ERR,ERR,ERR,ERR,ERR,ERR,ERR,ERR,ERR,ERR,ERR,ERR,ERR,ERR,ERR,ERR,ERR,ERR,ERR,ERR,ERR,ERR,ERR,ERR,ERR,ERR,ERR,ERR,ERR,ERR,ERR,ERR,ERR,ERR,ERR,ERR,ERR,ERR,ERR,ERR,ERR,ERR,ERR,ERR,34.0,80.0,35,0.0,0.0,0.0,0.0,0.0,0.0,0.0,0.0,0.0,0.0,0.0,0.0,0.0,0.0,0.0,0.0,64.4,0,116,56,50,65476,0,300,0,0,8,20529,65476,0,0,57672,80.0,0.0,0.0,0.0,0.0,0.0
2026-06-17T04:35:15,ERR,ERR,ERR,ERR,ERR,ERR,ERR,ERR,ERR,ERR,ERR,ERR,ERR,ERR,ERR,ERR,ERR,ERR,ERR,ERR,ERR,ERR,ERR,ERR,ERR,ERR,ERR,ERR,ERR,ERR,ERR,ERR,ERR,ERR,ERR,ERR,ERR,ERR,ERR,ERR,ERR,ERR,ERR,ERR,ERR,ERR,ERR,ERR,ERR,ERR,ERR,ERR,ERR,ERR,ERR,ERR,ERR,ERR,ERR,ERR,ERR,ERR,ERR,ERR,ERR,ERR,ERR,ERR,ERR,ERR,ERR,ERR,ERR,ERR,ERR,ERR,ERR,ERR,ERR,ERR,ERR,ERR,ERR,ERR,ERR,ERR,ERR,ERR,ERR,ERR,ERR,ERR,ERR,ERR,ERR,ERR,ERR,ERR,ERR,ERR,ERR,ERR,ERR,ERR,ERR,ERR,ERR,ERR,ERR,ERR,ERR,ERR,ERR,ERR,ERR,ERR,ERR,ERR,ERR,ERR,ERR,ERR,ERR,ERR,ERR,0.0,-0.0,3.028208139652935e+23,0.0,0.0,1.3936040501711995e+18,7.805,0.0,0,0,4,0,7300,-0.0,0,0.0,0.0,0.0,0.0,0.0,0,0,0,0,0.0,0,0,0,0,0,0,0,0,0,0,0,0,0,0,0,0,0,0,0,0,0,0,0,0,0,0,0,0,0,0,0,0,0,32,30,30,62,65476,0,300,0,0,8,21553,0.0,-107605600.0,0.0,0.0,0.0,0.0,0.0,0.0,0.0,0.0,0.0,0.0,0.0,0.0,0.0,0.0,0.0,0.0,0.0,0.0,0.0,0.0,2.004,-2.004,-0.0,-2.004,0.0,0.0,0.0,0.0,5407.0,-2.4229913632967957e+24,6973.0,0.0,-0.0,-107615280.0,-0.0,0.0,0.0,0.0,0.0,63,0.0,0.0,0.0,0.0,0.0,0.0,0.0,0.0,0.0,0,0,0,0.0,0.0,0.0,0.0,0.0,0.0,0.0,0.0,0.0,0.0,0.0,0.0,0.0,0.0,0.0,0.0,0,-107875648.0,63,0.0,126,2.7184242562605685e+23,-0.0,ERR,ERR,ERR,ERR,ERR,ERR,ERR,ERR,ERR,ERR,ERR,ERR,ERR,ERR,ERR,ERR,ERR,ERR,ERR,ERR,ERR,ERR,ERR,ERR,ERR,ERR,ERR,ERR,ERR,ERR,ERR,ERR,ERR,ERR,ERR,ERR,ERR,ERR,ERR,ERR,ERR,ERR,ERR,ERR,ERR,ERR,ERR,ERR,ERR,ERR,ERR,ERR,ERR,ERR,ERR,ERR,ERR,ERR,ERR,ERR,ERR,ERR,ERR,ERR,ERR,ERR,ERR,34.0,80.0,35,0.0,0.0,0.0,0.0,0.0,0.0,0.0,0.0,0.0,0.0,0.0,0.0,0.0,0.0,0.0,0.0,64.4,0,116,56,50,65476,0,300,0,0,8,20529,65476,0,0,57672,80.0,0.0,0.0,0.0,0.0,0.0
2026-06-17T04:35:16,ERR,ERR,ERR,ERR,ERR,ERR,ERR,ERR,ERR,ERR,ERR,ERR,ERR,ERR,ERR,ERR,ERR,ERR,ERR,ERR,ERR,ERR,ERR,ERR,ERR,ERR,ERR,ERR,ERR,ERR,ERR,ERR,ERR,ERR,ERR,ERR,ERR,ERR,ERR,ERR,ERR,ERR,ERR,ERR,ERR,ERR,ERR,ERR,ERR,ERR,ERR,ERR,ERR,ERR,ERR,ERR,ERR,ERR,ERR,ERR,ERR,ERR,ERR,ERR,ERR,ERR,ERR,ERR,ERR,ERR,ERR,ERR,ERR,ERR,ERR,ERR,ERR,ERR,ERR,ERR,ERR,ERR,ERR,ERR,ERR,ERR,ERR,ERR,ERR,ERR,ERR,ERR,ERR,ERR,ERR,ERR,ERR,ERR,ERR,ERR,ERR,ERR,ERR,ERR,ERR,ERR,ERR,ERR,ERR,ERR,ERR,ERR,ERR,ERR,ERR,ERR,ERR,ERR,ERR,ERR,ERR,ERR,ERR,ERR,ERR,0.0,-0.0,3.028208139652935e+23,0.0,0.0,1.3936040501711995e+18,7.805,0.0,0,0,4,0,7300,-0.0,0,0.0,0.0,0.0,0.0,0.0,0,0,0,0,0.0,0,0,0,0,0,0,0,0,0,0,0,0,0,0,0,0,0,0,0,0,0,0,0,0,0,0,0,0,0,0,0,0,0,32,30,30,62,65476,0,300,0,0,8,21553,0.0,-107605600.0,0.0,0.0,0.0,0.0,0.0,0.0,0.0,0.0,0.0,0.0,0.0,0.0,0.0,0.0,0.0,0.0,0.0,0.0,0.0,0.0,2.004,-2.004,-0.0,-2.004,0.0,0.0,0.0,0.0,5407.0,-2.4229913632967957e+24,6973.0,0.0,-0.0,-107615280.0,-0.0,0.0,0.0,0.0,0.0,63,0.0,0.0,0.0,0.0,0.0,0.0,0.0,0.0,0.0,0,0,0,0.0,0.0,0.0,0.0,0.0,0.0,0.0,0.0,0.0,0.0,0.0,0.0,0.0,0.0,0.0,0.0,0,-107875648.0,63,0.0,126,2.7184242562605685e+23,-0.0,ERR,ERR,ERR,ERR,ERR,ERR,ERR,ERR,ERR,ERR,ERR,ERR,ERR,ERR,ERR,ERR,ERR,ERR,ERR,ERR,ERR,ERR,ERR,ERR,ERR,ERR,ERR,ERR,ERR,ERR,ERR,ERR,ERR,ERR,ERR,ERR,ERR,ERR,ERR,ERR,ERR,ERR,ERR,ERR,ERR,ERR,ERR,ERR,ERR,ERR,ERR,ERR,ERR,ERR,ERR,ERR,ERR,ERR,ERR,ERR,ERR,ERR,ERR,ERR,ERR,ERR,ERR,34.0,80.0,35,0.0,0.0,0.0,0.0,0.0,0.0,0.0,0.0,0.0,0.0,0.0,0.0,0.0,0.0,0.0,0.0,64.4,0,116,56,50,65476,0,300,0,0,8,20529,65476,0,0,57672,80.0,0.0,0.0,0.0,0.0,0.0
2026-06-17T04:35:17,ERR,ERR,ERR,ERR,ERR,ERR,ERR,ERR,ERR,ERR,ERR,ERR,ERR,ERR,ERR,ERR,ERR,ERR,ERR,ERR,ERR,ERR,ERR,ERR,ERR,ERR,ERR,ERR,ERR,ERR,ERR,ERR,ERR,ERR,ERR,ERR,ERR,ERR,ERR,ERR,ERR,ERR,ERR,ERR,ERR,ERR,ERR,ERR,ERR,ERR,ERR,ERR,ERR,ERR,ERR,ERR,ERR,ERR,ERR,ERR,ERR,ERR,ERR,ERR,ERR,ERR,ERR,ERR,ERR,ERR,ERR,ERR,ERR,ERR,ERR,ERR,ERR,ERR,ERR,ERR,ERR,ERR,ERR,ERR,ERR,ERR,ERR,ERR,ERR,ERR,ERR,ERR,ERR,ERR,ERR,ERR,ERR,ERR,ERR,ERR,ERR,ERR,ERR,ERR,ERR,ERR,ERR,ERR,ERR,ERR,ERR,ERR,ERR,ERR,ERR,ERR,ERR,ERR,ERR,ERR,ERR,ERR,ERR,ERR,ERR,0.0,-0.0,3.028208139652935e+23,0.0,0.0,1.3936040501711995e+18,7.805,0.0,0,0,4,0,7300,-0.0,0,0.0,0.0,0.0,0.0,0.0,0,0,0,0,0.0,0,0,0,0,0,0,0,0,0,0,0,0,0,0,0,0,0,0,0,0,0,0,0,0,0,0,0,0,0,0,0,0,0,32,30,30,62,65476,0,300,0,0,8,21553,0.0,-107605600.0,0.0,0.0,0.0,0.0,0.0,0.0,0.0,0.0,0.0,0.0,0.0,0.0,0.0,0.0,0.0,0.0,0.0,0.0,0.0,0.0,2.004,-2.004,-0.0,-2.004,0.0,0.0,0.0,0.0,5439.0,0.0,6949.0,0.0,-0.0,-107615280.0,-0.0,0.0,0.0,0.0,0.0,63,0.0,-0.0,0.0,0.0,0.0,0.0,0.0,0.0,0.0,0,0,0,0.0,0.0,0.0,0.0,0.0,0.0,0.0,0.0,0.0,0.0,0.0,0.0,0.0,0.0,0.0,0.0,0,-107875648.0,63,0.0,126,2.7184242562605685e+23,-0.0,ERR,ERR,ERR,ERR,ERR,ERR,ERR,ERR,ERR,ERR,ERR,ERR,ERR,ERR,ERR,ERR,ERR,ERR,ERR,ERR,ERR,ERR,ERR,ERR,ERR,ERR,ERR,ERR,ERR,ERR,ERR,ERR,ERR,ERR,ERR,ERR,ERR,ERR,ERR,ERR,ERR,ERR,ERR,ERR,ERR,ERR,ERR,ERR,ERR,ERR,ERR,ERR,ERR,ERR,ERR,ERR,ERR,ERR,ERR,ERR,ERR,ERR,ERR,ERR,ERR,ERR,ERR,34.0,80.0,35,0.0,0.0,0.0,0.0,0.0,0.0,0.0,0.0,0.0,0.0,0.0,0.0,0.0,0.0,0.0,0.0,64.4,0,116,56,50,65476,0,300,0,0,8,20529,65476,0,0,57672,80.0,0.0,0.0,0.0,0.0,0.0
2026-06-17T04:35:18,ERR,ERR,ERR,ERR,ERR,ERR,ERR,ERR,ERR,ERR,ERR,ERR,ERR,ERR,ERR,ERR,ERR,ERR,ERR,ERR,ERR,ERR,ERR,ERR,ERR,ERR,ERR,ERR,ERR,ERR,ERR,ERR,ERR,ERR,ERR,ERR,ERR,ERR,ERR,ERR,ERR,ERR,ERR,ERR,ERR,ERR,ERR,ERR,ERR,ERR,ERR,ERR,ERR,ERR,ERR,ERR,ERR,ERR,ERR,ERR,ERR,ERR,ERR,ERR,ERR,ERR,ERR,ERR,ERR,ERR,ERR,ERR,ERR,ERR,ERR,ERR,ERR,ERR,ERR,ERR,ERR,ERR,ERR,ERR,ERR,ERR,ERR,ERR,ERR,ERR,ERR,ERR,ERR,ERR,ERR,ERR,ERR,ERR,ERR,ERR,ERR,ERR,ERR,ERR,ERR,ERR,ERR,ERR,ERR,ERR,ERR,ERR,ERR,ERR,ERR,ERR,ERR,ERR,ERR,ERR,ERR,ERR,ERR,ERR,ERR,0.0,-0.0,3.028208139652935e+23,0.0,0.0,1.3936040501711995e+18,7.805,0.0,0,0,4,0,7300,-0.0,0,0.0,0.0,0.0,0.0,0.0,0,0,0,0,0.0,0,0,0,0,0,0,0,0,0,0,0,0,0,0,0,0,0,0,0,0,0,0,0,0,0,0,0,0,0,0,0,0,0,32,30,30,62,65476,0,300,0,0,8,21553,0.0,-107605600.0,0.0,0.0,0.0,0.0,0.0,0.0,0.0,0.0,0.0,0.0,0.0,0.0,0.0,0.0,0.0,0.0,0.0,0.0,0.0,0.0,2.004,-2.004,-0.0,-2.004,0.0,0.0,0.0,0.0,5439.0,0.0,6949.0,0.0,-0.0,-107615280.0,-0.0,0.0,0.0,0.0,0.0,63,0.0,-0.0,0.0,0.0,0.0,0.0,0.0,0.0,0.0,0,0,0,0.0,0.0,0.0,0.0,0.0,0.0,0.0,0.0,0.0,0.0,0.0,0.0,0.0,0.0,0.0,0.0,0,-107875648.0,63,0.0,126,2.7184242562605685e+23,-0.0,ERR,ERR,ERR,ERR,ERR,ERR,ERR,ERR,ERR,ERR,ERR,ERR,ERR,ERR,ERR,ERR,ERR,ERR,ERR,ERR,ERR,ERR,ERR,ERR,ERR,ERR,ERR,ERR,ERR,ERR,ERR,ERR,ERR,ERR,ERR,ERR,ERR,ERR,ERR,ERR,ERR,ERR,ERR,ERR,ERR,ERR,ERR,ERR,ERR,ERR,ERR,ERR,ERR,ERR,ERR,ERR,ERR,ERR,ERR,ERR,ERR,ERR,ERR,ERR,ERR,ERR,ERR,34.0,80.0,35,0.0,0.0,0.0,0.0,0.0,0.0,0.0,0.0,0.0,0.0,0.0,0.0,0.0,0.0,0.0,0.0,64.4,0,116,56,50,65476,0,300,0,0,8,20529,65476,0,0,57672,80.0,0.0,0.0,0.0,0.0,0.0
2026-06-17T04:35:19,ERR,ERR,ERR,ERR,ERR,ERR,ERR,ERR,ERR,ERR,ERR,ERR,ERR,ERR,ERR,ERR,ERR,ERR,ERR,ERR,ERR,ERR,ERR,ERR,ERR,ERR,ERR,ERR,ERR,ERR,ERR,ERR,ERR,ERR,ERR,ERR,ERR,ERR,ERR,ERR,ERR,ERR,ERR,ERR,ERR,ERR,ERR,ERR,ERR,ERR,ERR,ERR,ERR,ERR,ERR,ERR,ERR,ERR,ERR,ERR,ERR,ERR,ERR,ERR,ERR,ERR,ERR,ERR,ERR,ERR,ERR,ERR,ERR,ERR,ERR,ERR,ERR,ERR,ERR,ERR,ERR,ERR,ERR,ERR,ERR,ERR,ERR,ERR,ERR,ERR,ERR,ERR,ERR,ERR,ERR,ERR,ERR,ERR,ERR,ERR,ERR,ERR,ERR,ERR,ERR,ERR,ERR,ERR,ERR,ERR,ERR,ERR,ERR,ERR,ERR,ERR,ERR,ERR,ERR,ERR,ERR,ERR,ERR,ERR,ERR,0.0,-0.0,3.028208139652935e+23,0.0,0.0,1.3936040501711995e+18,7.805,0.0,0,0,4,0,7300,-0.0,0,0.0,0.0,0.0,0.0,0.0,0,0,0,0,0.0,0,0,0,0,0,0,0,0,0,0,0,0,0,0,0,0,0,0,0,0,0,0,0,0,0,0,0,0,0,0,0,0,0,32,30,30,62,65476,0,300,0,0,8,21553,0.0,-107605600.0,0.0,0.0,0.0,0.0,0.0,0.0,0.0,0.0,0.0,0.0,0.0,0.0,0.0,0.0,0.0,0.0,0.0,0.0,0.0,0.0,2.004,-2.004,-0.0,-2.004,0.0,0.0,0.0,0.0,5439.0,0.0,6949.0,0.0,-0.0,-107615280.0,-0.0,0.0,0.0,0.0,0.0,63,0.0,-0.0,0.0,0.0,0.0,0.0,0.0,0.0,0.0,0,0,0,0.0,0.0,0.0,0.0,0.0,0.0,0.0,0.0,0.0,0.0,0.0,0.0,0.0,0.0,0.0,0.0,0,-107875648.0,63,0.0,126,2.7184242562605685e+23,-0.0,ERR,ERR,ERR,ERR,ERR,ERR,ERR,ERR,ERR,ERR,ERR,ERR,ERR,ERR,ERR,ERR,ERR,ERR,ERR,ERR,ERR,ERR,ERR,ERR,ERR,ERR,ERR,ERR,ERR,ERR,ERR,ERR,ERR,ERR,ERR,ERR,ERR,ERR,ERR,ERR,ERR,ERR,ERR,ERR,ERR,ERR,ERR,ERR,ERR,ERR,ERR,ERR,ERR,ERR,ERR,ERR,ERR,ERR,ERR,ERR,ERR,ERR,ERR,ERR,ERR,ERR,ERR,34.0,80.0,35,0.0,0.0,0.0,0.0,0.0,0.0,0.0,0.0,0.0,0.0,0.0,0.0,0.0,0.0,0.0,0.0,64.4,0,116,56,50,65476,0,300,0,0,8,20529,65476,0,0,57672,80.0,0.0,0.0,0.0,0.0,0.0
2026-06-17T04:35:20,ERR,ERR,ERR,ERR,ERR,ERR,ERR,ERR,ERR,ERR,ERR,ERR,ERR,ERR,ERR,ERR,ERR,ERR,ERR,ERR,ERR,ERR,ERR,ERR,ERR,ERR,ERR,ERR,ERR,ERR,ERR,ERR,ERR,ERR,ERR,ERR,ERR,ERR,ERR,ERR,ERR,ERR,ERR,ERR,ERR,ERR,ERR,ERR,ERR,ERR,ERR,ERR,ERR,ERR,ERR,ERR,ERR,ERR,ERR,ERR,ERR,ERR,ERR,ERR,ERR,ERR,ERR,ERR,ERR,ERR,ERR,ERR,ERR,ERR,ERR,ERR,ERR,ERR,ERR,ERR,ERR,ERR,ERR,ERR,ERR,ERR,ERR,ERR,ERR,ERR,ERR,ERR,ERR,ERR,ERR,ERR,ERR,ERR,ERR,ERR,ERR,ERR,ERR,ERR,ERR,ERR,ERR,ERR,ERR,ERR,ERR,ERR,ERR,ERR,ERR,ERR,ERR,ERR,ERR,ERR,ERR,ERR,ERR,ERR,ERR,0.0,-0.0,3.028208139652935e+23,0.0,0.0,1.3936040501711995e+18,7.805,0.0,0,0,4,0,7300,-0.0,0,0.0,0.0,0.0,0.0,0.0,0,0,0,0,0.0,0,0,0,0,0,0,0,0,0,0,0,0,0,0,0,0,0,0,0,0,0,0,0,0,0,0,0,0,0,0,0,0,0,32,30,30,62,65476,0,300,0,0,8,21553,0.0,-107605600.0,0.0,0.0,0.0,0.0,0.0,0.0,0.0,0.0,0.0,0.0,0.0,0.0,0.0,0.0,0.0,0.0,0.0,0.0,0.0,0.0,2.004,-2.004,-0.0,-2.004,0.0,0.0,0.0,0.0,5439.0,0.0,6949.0,0.0,-0.0,-107615280.0,-0.0,0.0,0.0,0.0,0.0,63,0.0,-0.0,0.0,0.0,0.0,0.0,0.0,0.0,0.0,0,0,0,0.0,0.0,0.0,0.0,0.0,0.0,0.0,0.0,0.0,0.0,0.0,0.0,0.0,0.0,0.0,0.0,0,-107875648.0,63,0.0,126,2.7184242562605685e+23,-0.0,ERR,ERR,ERR,ERR,ERR,ERR,ERR,ERR,ERR,ERR,ERR,ERR,ERR,ERR,ERR,ERR,ERR,ERR,ERR,ERR,ERR,ERR,ERR,ERR,ERR,ERR,ERR,ERR,ERR,ERR,ERR,ERR,ERR,ERR,ERR,ERR,ERR,ERR,ERR,ERR,ERR,ERR,ERR,ERR,ERR,ERR,ERR,ERR,ERR,ERR,ERR,ERR,ERR,ERR,ERR,ERR,ERR,ERR,ERR,ERR,ERR,ERR,ERR,ERR,ERR,ERR,ERR,34.0,80.0,35,0.0,0.0,0.0,0.0,0.0,0.0,0.0,0.0,0.0,0.0,0.0,0.0,0.0,0.0,0.0,0.0,64.4,0,116,56,50,65476,0,300,0,0,8,20529,65476,0,0,57672,80.0,0.0,0.0,0.0,0.0,0.0
2026-06-17T04:35:21,ERR,ERR,ERR,ERR,ERR,ERR,ERR,ERR,ERR,ERR,ERR,ERR,ERR,ERR,ERR,ERR,ERR,ERR,ERR,ERR,ERR,ERR,ERR,ERR,ERR,ERR,ERR,ERR,ERR,ERR,ERR,ERR,ERR,ERR,ERR,ERR,ERR,ERR,ERR,ERR,ERR,ERR,ERR,ERR,ERR,ERR,ERR,ERR,ERR,ERR,ERR,ERR,ERR,ERR,ERR,ERR,ERR,ERR,ERR,ERR,ERR,ERR,ERR,ERR,ERR,ERR,ERR,ERR,ERR,ERR,ERR,ERR,ERR,ERR,ERR,ERR,ERR,ERR,ERR,ERR,ERR,ERR,ERR,ERR,ERR,ERR,ERR,ERR,ERR,ERR,ERR,ERR,ERR,ERR,ERR,ERR,ERR,ERR,ERR,ERR,ERR,ERR,ERR,ERR,ERR,ERR,ERR,ERR,ERR,ERR,ERR,ERR,ERR,ERR,ERR,ERR,ERR,ERR,ERR,ERR,ERR,ERR,ERR,ERR,ERR,0.0,-0.0,3.028208139652935e+23,0.0,0.0,1.3936040501711995e+18,7.805,0.0,0,0,4,0,7300,-0.0,0,0.0,0.0,0.0,0.0,0.0,0,0,0,0,0.0,0,0,0,0,0,0,0,0,0,0,0,0,0,0,0,0,0,0,0,0,0,0,0,0,0,0,0,0,0,0,0,0,0,32,30,30,62,65476,0,300,0,0,8,21553,0.0,-107605600.0,0.0,0.0,0.0,0.0,0.0,0.0,0.0,0.0,0.0,0.0,0.0,0.0,0.0,0.0,0.0,0.0,0.0,0.0,0.0,0.0,2.004,-2.004,-0.0,-2.004,0.0,0.0,0.0,0.0,5439.0,0.0,6949.0,0.0,-0.0,-107615280.0,-0.0,0.0,0.0,0.0,0.0,63,0.0,-0.0,0.0,0.0,0.0,0.0,0.0,0.0,0.0,0,0,0,0.0,0.0,0.0,0.0,0.0,0.0,0.0,0.0,0.0,0.0,0.0,0.0,0.0,0.0,0.0,0.0,0,-107875648.0,63,0.0,126,2.7184242562605685e+23,-0.0,ERR,ERR,ERR,ERR,ERR,ERR,ERR,ERR,ERR,ERR,ERR,ERR,ERR,ERR,ERR,ERR,ERR,ERR,ERR,ERR,ERR,ERR,ERR,ERR,ERR,ERR,ERR,ERR,ERR,ERR,ERR,ERR,ERR,ERR,ERR,ERR,ERR,ERR,ERR,ERR,ERR,ERR,ERR,ERR,ERR,ERR,ERR,ERR,ERR,ERR,ERR,ERR,ERR,ERR,ERR,ERR,ERR,ERR,ERR,ERR,ERR,ERR,ERR,ERR,ERR,ERR,ERR,34.0,80.0,35,0.0,0.0,0.0,0.0,0.0,0.0,0.0,0.0,0.0,0.0,0.0,0.0,0.0,0.0,0.0,0.0,64.4,0,116,56,50,65476,0,300,0,0,8,20529,65476,0,0,57672,80.0,0.0,0.0,0.0,0.0,0.0
2026-06-17T04:35:22,ERR,ERR,ERR,ERR,ERR,ERR,ERR,ERR,ERR,ERR,ERR,ERR,ERR,ERR,ERR,ERR,ERR,ERR,ERR,ERR,ERR,ERR,ERR,ERR,ERR,ERR,ERR,ERR,ERR,ERR,ERR,ERR,ERR,ERR,ERR,ERR,ERR,ERR,ERR,ERR,ERR,ERR,ERR,ERR,ERR,ERR,ERR,ERR,ERR,ERR,ERR,ERR,ERR,ERR,ERR,ERR,ERR,ERR,ERR,ERR,ERR,ERR,ERR,ERR,ERR,ERR,ERR,ERR,ERR,ERR,ERR,ERR,ERR,ERR,ERR,ERR,ERR,ERR,ERR,ERR,ERR,ERR,ERR,ERR,ERR,ERR,ERR,ERR,ERR,ERR,ERR,ERR,ERR,ERR,ERR,ERR,ERR,ERR,ERR,ERR,ERR,ERR,ERR,ERR,ERR,ERR,ERR,ERR,ERR,ERR,ERR,ERR,ERR,ERR,ERR,ERR,ERR,ERR,ERR,ERR,ERR,ERR,ERR,ERR,ERR,0.0,-0.0,3.028208139652935e+23,0.0,0.0,1.3936040501711995e+18,7.805,0.0,0,0,4,0,7300,-0.0,0,0.0,0.0,0.0,0.0,0.0,0,0,0,0,0.0,0,0,0,0,0,0,0,0,0,0,0,0,0,0,0,0,0,0,0,0,0,0,0,0,0,0,0,0,0,0,0,0,0,32,30,30,62,65476,0,300,0,0,8,21553,0.0,-107605600.0,0.0,0.0,0.0,0.0,0.0,0.0,0.0,0.0,0.0,0.0,0.0,0.0,0.0,0.0,0.0,0.0,0.0,0.0,0.0,0.0,2.004,-2.004,-0.0,-2.004,0.0,0.0,0.0,0.0,5439.0,0.0,6949.0,0.0,-0.0,-107615280.0,-0.0,0.0,0.0,0.0,0.0,63,0.0,-0.0,0.0,0.0,0.0,0.0,0.0,0.0,0.0,0,0,0,0.0,0.0,0.0,0.0,0.0,0.0,0.0,0.0,0.0,0.0,0.0,0.0,0.0,0.0,0.0,0.0,0,-107875648.0,63,0.0,126,2.7184242562605685e+23,-0.0,ERR,ERR,ERR,ERR,ERR,ERR,ERR,ERR,ERR,ERR,ERR,ERR,ERR,ERR,ERR,ERR,ERR,ERR,ERR,ERR,ERR,ERR,ERR,ERR,ERR,ERR,ERR,ERR,ERR,ERR,ERR,ERR,ERR,ERR,ERR,ERR,ERR,ERR,ERR,ERR,ERR,ERR,ERR,ERR,ERR,ERR,ERR,ERR,ERR,ERR,ERR,ERR,ERR,ERR,ERR,ERR,ERR,ERR,ERR,ERR,ERR,ERR,ERR,ERR,ERR,ERR,ERR,34.0,80.0,35,0.0,0.0,0.0,0.0,0.0,0.0,0.0,0.0,0.0,0.0,0.0,0.0,0.0,0.0,0.0,0.0,64.4,0,116,56,50,65476,0,300,0,0,8,20529,65476,0,0,57672,80.0,0.0,0.0,0.0,0.0,0.0
2026-06-17T04:35:23,ERR,ERR,ERR,ERR,ERR,ERR,ERR,ERR,ERR,ERR,ERR,ERR,ERR,ERR,ERR,ERR,ERR,ERR,ERR,ERR,ERR,ERR,ERR,ERR,ERR,ERR,ERR,ERR,ERR,ERR,ERR,ERR,ERR,ERR,ERR,ERR,ERR,ERR,ERR,ERR,ERR,ERR,ERR,ERR,ERR,ERR,ERR,ERR,ERR,ERR,ERR,ERR,ERR,ERR,ERR,ERR,ERR,ERR,ERR,ERR,ERR,ERR,ERR,ERR,ERR,ERR,ERR,ERR,ERR,ERR,ERR,ERR,ERR,ERR,ERR,ERR,ERR,ERR,ERR,ERR,ERR,ERR,ERR,ERR,ERR,ERR,ERR,ERR,ERR,ERR,ERR,ERR,ERR,ERR,ERR,ERR,ERR,ERR,ERR,ERR,ERR,ERR,ERR,ERR,ERR,ERR,ERR,ERR,ERR,ERR,ERR,ERR,ERR,ERR,ERR,ERR,ERR,ERR,ERR,ERR,ERR,ERR,ERR,ERR,ERR,0.0,-0.0,3.028208139652935e+23,0.0,0.0,1.3936040501711995e+18,7.805,0.0,0,0,4,0,7300,-0.0,0,0.0,0.0,0.0,0.0,0.0,0,0,0,0,0.0,0,0,0,0,0,0,0,0,0,0,0,0,0,0,0,0,0,0,0,0,0,0,0,0,0,0,0,0,0,0,0,0,0,32,30,30,62,65476,0,300,0,0,8,21553,0.0,-107605600.0,0.0,0.0,0.0,0.0,0.0,0.0,0.0,0.0,0.0,0.0,0.0,0.0,0.0,0.0,0.0,0.0,0.0,0.0,0.0,0.0,2.004,-2.004,-0.0,-2.004,0.0,0.0,0.0,0.0,5439.0,0.0,6951.0,0.0,-0.0,-107615280.0,-0.0,0.0,0.0,0.0,0.0,63,0.0,-0.0,0.0,0.0,0.0,0.0,0.0,0.0,0.0,0,0,0,0.0,0.0,0.0,0.0,0.0,0.0,0.0,0.0,0.0,0.0,0.0,0.0,0.0,0.0,0.0,0.0,0,-107875648.0,63,0.0,126,2.7184242562605685e+23,-0.0,ERR,ERR,ERR,ERR,ERR,ERR,ERR,ERR,ERR,ERR,ERR,ERR,ERR,ERR,ERR,ERR,ERR,ERR,ERR,ERR,ERR,ERR,ERR,ERR,ERR,ERR,ERR,ERR,ERR,ERR,ERR,ERR,ERR,ERR,ERR,ERR,ERR,ERR,ERR,ERR,ERR,ERR,ERR,ERR,ERR,ERR,ERR,ERR,ERR,ERR,ERR,ERR,ERR,ERR,ERR,ERR,ERR,ERR,ERR,ERR,ERR,ERR,ERR,ERR,ERR,ERR,ERR,34.0,80.0,35,0.0,0.0,0.0,0.0,0.0,0.0,0.0,0.0,0.0,0.0,0.0,0.0,0.0,0.0,0.0,0.0,64.4,0,116,56,50,65476,0,300,0,0,8,20529,65476,0,0,57672,80.0,0.0,0.0,0.0,0.0,0.0
2026-06-17T04:35:24,ERR,ERR,ERR,ERR,ERR,ERR,ERR,ERR,ERR,ERR,ERR,ERR,ERR,ERR,ERR,ERR,ERR,ERR,ERR,ERR,ERR,ERR,ERR,ERR,ERR,ERR,ERR,ERR,ERR,ERR,ERR,ERR,ERR,ERR,ERR,ERR,ERR,ERR,ERR,ERR,ERR,ERR,ERR,ERR,ERR,ERR,ERR,ERR,ERR,ERR,ERR,ERR,ERR,ERR,ERR,ERR,ERR,ERR,ERR,ERR,ERR,ERR,ERR,ERR,ERR,ERR,ERR,ERR,ERR,ERR,ERR,ERR,ERR,ERR,ERR,ERR,ERR,ERR,ERR,ERR,ERR,ERR,ERR,ERR,ERR,ERR,ERR,ERR,ERR,ERR,ERR,ERR,ERR,ERR,ERR,ERR,ERR,ERR,ERR,ERR,ERR,ERR,ERR,ERR,ERR,ERR,ERR,ERR,ERR,ERR,ERR,ERR,ERR,ERR,ERR,ERR,ERR,ERR,ERR,ERR,ERR,ERR,ERR,ERR,ERR,0.0,-0.0,3.028208139652935e+23,0.0,0.0,1.3936040501711995e+18,7.805,0.0,0,0,4,0,7300,-0.0,0,0.0,0.0,0.0,0.0,0.0,0,0,0,0,0.0,0,0,0,0,0,0,0,0,0,0,0,0,0,0,0,0,0,0,0,0,0,0,0,0,0,0,0,0,0,0,0,0,0,32,30,30,62,65476,0,300,0,0,8,21553,0.0,-107605600.0,0.0,0.0,0.0,0.0,0.0,0.0,0.0,0.0,0.0,0.0,0.0,0.0,0.0,0.0,0.0,0.0,0.0,0.0,0.0,0.0,2.004,-2.004,-0.0,-2.004,0.0,0.0,0.0,0.0,5439.0,0.0,6951.0,0.0,-0.0,-107615280.0,-0.0,0.0,0.0,0.0,0.0,63,0.0,-0.0,0.0,0.0,0.0,0.0,0.0,0.0,0.0,0,0,0,0.0,0.0,0.0,0.0,0.0,0.0,0.0,0.0,0.0,0.0,0.0,0.0,0.0,0.0,0.0,0.0,0,-107875648.0,63,0.0,126,2.7184242562605685e+23,-0.0,ERR,ERR,ERR,ERR,ERR,ERR,ERR,ERR,ERR,ERR,ERR,ERR,ERR,ERR,ERR,ERR,ERR,ERR,ERR,ERR,ERR,ERR,ERR,ERR,ERR,ERR,ERR,ERR,ERR,ERR,ERR,ERR,ERR,ERR,ERR,ERR,ERR,ERR,ERR,ERR,ERR,ERR,ERR,ERR,ERR,ERR,ERR,ERR,ERR,ERR,ERR,ERR,ERR,ERR,ERR,ERR,ERR,ERR,ERR,ERR,ERR,ERR,ERR,ERR,ERR,ERR,ERR,34.0,80.0,35,0.0,0.0,0.0,0.0,0.0,0.0,0.0,0.0,0.0,0.0,0.0,0.0,0.0,0.0,0.0,0.0,64.4,0,116,56,50,65476,0,300,0,0,8,20529,65476,0,0,57672,80.0,0.0,0.0,0.0,0.0,0.0
2026-06-17T04:35:25,ERR,ERR,ERR,ERR,ERR,ERR,ERR,ERR,ERR,ERR,ERR,ERR,ERR,ERR,ERR,ERR,ERR,ERR,ERR,ERR,ERR,ERR,ERR,ERR,ERR,ERR,ERR,ERR,ERR,ERR,ERR,ERR,ERR,ERR,ERR,ERR,ERR,ERR,ERR,ERR,ERR,ERR,ERR,ERR,ERR,ERR,ERR,ERR,ERR,ERR,ERR,ERR,ERR,ERR,ERR,ERR,ERR,ERR,ERR,ERR,ERR,ERR,ERR,ERR,ERR,ERR,ERR,ERR,ERR,ERR,ERR,ERR,ERR,ERR,ERR,ERR,ERR,ERR,ERR,ERR,ERR,ERR,ERR,ERR,ERR,ERR,ERR,ERR,ERR,ERR,ERR,ERR,ERR,ERR,ERR,ERR,ERR,ERR,ERR,ERR,ERR,ERR,ERR,ERR,ERR,ERR,ERR,ERR,ERR,ERR,ERR,ERR,ERR,ERR,ERR,ERR,ERR,ERR,ERR,ERR,ERR,ERR,ERR,ERR,ERR,0.0,-0.0,3.028208139652935e+23,0.0,0.0,1.3936040501711995e+18,7.805,0.0,0,0,4,0,7300,-0.0,0,0.0,0.0,0.0,0.0,0.0,0,0,0,0,0.0,0,0,0,0,0,0,0,0,0,0,0,0,0,0,0,0,0,0,0,0,0,0,0,0,0,0,0,0,0,0,0,0,0,32,30,30,62,65476,0,300,0,0,8,21553,0.0,-107605600.0,0.0,0.0,0.0,0.0,0.0,0.0,0.0,0.0,0.0,0.0,0.0,0.0,0.0,0.0,0.0,0.0,0.0,0.0,0.0,0.0,2.004,-2.004,-0.0,-2.004,0.0,0.0,0.0,0.0,5439.0,0.0,6951.0,0.0,-0.0,-107615280.0,-0.0,0.0,0.0,0.0,0.0,63,0.0,-0.0,0.0,0.0,0.0,0.0,0.0,0.0,0.0,0,0,0,0.0,0.0,0.0,0.0,0.0,0.0,0.0,0.0,0.0,0.0,0.0,0.0,0.0,0.0,0.0,0.0,0,-107875648.0,63,0.0,126,2.7184242562605685e+23,-0.0,ERR,ERR,ERR,ERR,ERR,ERR,ERR,ERR,ERR,ERR,ERR,ERR,ERR,ERR,ERR,ERR,ERR,ERR,ERR,ERR,ERR,ERR,ERR,ERR,ERR,ERR,ERR,ERR,ERR,ERR,ERR,ERR,ERR,ERR,ERR,ERR,ERR,ERR,ERR,ERR,ERR,ERR,ERR,ERR,ERR,ERR,ERR,ERR,ERR,ERR,ERR,ERR,ERR,ERR,ERR,ERR,ERR,ERR,ERR,ERR,ERR,ERR,ERR,ERR,ERR,ERR,ERR,34.0,80.0,35,0.0,0.0,0.0,0.0,0.0,0.0,0.0,0.0,0.0,0.0,0.0,0.0,0.0,0.0,0.0,0.0,64.4,0,116,56,50,65476,0,300,0,0,8,20529,65476,0,0,57672,80.0,0.0,0.0,0.0,0.0,0.0
2026-06-17T04:35:26,ERR,ERR,ERR,ERR,ERR,ERR,ERR,ERR,ERR,ERR,ERR,ERR,ERR,ERR,ERR,ERR,ERR,ERR,ERR,ERR,ERR,ERR,ERR,ERR,ERR,ERR,ERR,ERR,ERR,ERR,ERR,ERR,ERR,ERR,ERR,ERR,ERR,ERR,ERR,ERR,ERR,ERR,ERR,ERR,ERR,ERR,ERR,ERR,ERR,ERR,ERR,ERR,ERR,ERR,ERR,ERR,ERR,ERR,ERR,ERR,ERR,ERR,ERR,ERR,ERR,ERR,ERR,ERR,ERR,ERR,ERR,ERR,ERR,ERR,ERR,ERR,ERR,ERR,ERR,ERR,ERR,ERR,ERR,ERR,ERR,ERR,ERR,ERR,ERR,ERR,ERR,ERR,ERR,ERR,ERR,ERR,ERR,ERR,ERR,ERR,ERR,ERR,ERR,ERR,ERR,ERR,ERR,ERR,ERR,ERR,ERR,ERR,ERR,ERR,ERR,ERR,ERR,ERR,ERR,ERR,ERR,ERR,ERR,ERR,ERR,0.0,-0.0,3.028208139652935e+23,0.0,0.0,1.3936040501711995e+18,7.805,0.0,0,0,4,0,7300,-0.0,0,0.0,0.0,0.0,0.0,0.0,0,0,0,0,0.0,0,0,0,0,0,0,0,0,0,0,0,0,0,0,0,0,0,0,0,0,0,0,0,0,0,0,0,0,0,0,0,0,0,32,30,30,62,65476,0,300,0,0,8,21553,0.0,-107605600.0,0.0,0.0,0.0,0.0,0.0,0.0,0.0,0.0,0.0,0.0,0.0,0.0,0.0,0.0,0.0,0.0,0.0,0.0,0.0,0.0,2.004,-2.004,-0.0,-2.004,0.0,0.0,0.0,0.0,5439.0,0.0,6951.0,0.0,-0.0,-107615280.0,-0.0,0.0,0.0,0.0,0.0,63,0.0,-0.0,0.0,0.0,0.0,0.0,0.0,0.0,0.0,0,0,0,0.0,0.0,0.0,0.0,0.0,0.0,0.0,0.0,0.0,0.0,0.0,0.0,0.0,0.0,0.0,0.0,0,-107875648.0,63,0.0,126,2.7184242562605685e+23,-0.0,ERR,ERR,ERR,ERR,ERR,ERR,ERR,ERR,ERR,ERR,ERR,ERR,ERR,ERR,ERR,ERR,ERR,ERR,ERR,ERR,ERR,ERR,ERR,ERR,ERR,ERR,ERR,ERR,ERR,ERR,ERR,ERR,ERR,ERR,ERR,ERR,ERR,ERR,ERR,ERR,ERR,ERR,ERR,ERR,ERR,ERR,ERR,ERR,ERR,ERR,ERR,ERR,ERR,ERR,ERR,ERR,ERR,ERR,ERR,ERR,ERR,ERR,ERR,ERR,ERR,ERR,ERR,34.0,80.0,35,0.0,0.0,0.0,0.0,0.0,0.0,0.0,0.0,0.0,0.0,0.0,0.0,0.0,0.0,0.0,0.0,64.4,0,116,56,50,65476,0,300,0,0,8,20529,65476,0,0,57672,80.0,0.0,0.0,0.0,0.0,0.0
2026-06-17T04:35:27,ERR,ERR,ERR,ERR,ERR,ERR,ERR,ERR,ERR,ERR,ERR,ERR,ERR,ERR,ERR,ERR,ERR,ERR,ERR,ERR,ERR,ERR,ERR,ERR,ERR,ERR,ERR,ERR,ERR,ERR,ERR,ERR,ERR,ERR,ERR,ERR,ERR,ERR,ERR,ERR,ERR,ERR,ERR,ERR,ERR,ERR,ERR,ERR,ERR,ERR,ERR,ERR,ERR,ERR,ERR,ERR,ERR,ERR,ERR,ERR,ERR,ERR,ERR,ERR,ERR,ERR,ERR,ERR,ERR,ERR,ERR,ERR,ERR,ERR,ERR,ERR,ERR,ERR,ERR,ERR,ERR,ERR,ERR,ERR,ERR,ERR,ERR,ERR,ERR,ERR,ERR,ERR,ERR,ERR,ERR,ERR,ERR,ERR,ERR,ERR,ERR,ERR,ERR,ERR,ERR,ERR,ERR,ERR,ERR,ERR,ERR,ERR,ERR,ERR,ERR,ERR,ERR,ERR,ERR,ERR,ERR,ERR,ERR,ERR,ERR,0.0,-0.0,3.028208139652935e+23,0.0,0.0,1.3936040501711995e+18,7.805,0.0,0,0,4,0,7300,-0.0,0,0.0,0.0,0.0,0.0,0.0,0,0,0,0,0.0,0,0,0,0,0,0,0,0,0,0,0,0,0,0,0,0,0,0,0,0,0,0,0,0,0,0,0,0,0,0,0,0,0,32,30,30,62,65476,0,300,0,0,8,21553,0.0,-107605600.0,0.0,0.0,0.0,0.0,0.0,0.0,0.0,0.0,0.0,0.0,0.0,0.0,0.0,0.0,0.0,0.0,0.0,0.0,0.0,0.0,2.004,-2.004,-0.0,-2.004,0.0,0.0,0.0,0.0,5439.0,0.0,6951.0,0.0,-0.0,-107615280.0,-0.0,0.0,0.0,0.0,0.0,63,0.0,-0.0,0.0,0.0,0.0,0.0,0.0,0.0,0.0,0,0,0,0.0,0.0,0.0,0.0,0.0,0.0,0.0,0.0,0.0,0.0,0.0,0.0,0.0,0.0,0.0,0.0,0,-107875648.0,63,0.0,126,2.7184242562605685e+23,-0.0,ERR,ERR,ERR,ERR,ERR,ERR,ERR,ERR,ERR,ERR,ERR,ERR,ERR,ERR,ERR,ERR,ERR,ERR,ERR,ERR,ERR,ERR,ERR,ERR,ERR,ERR,ERR,ERR,ERR,ERR,ERR,ERR,ERR,ERR,ERR,ERR,ERR,ERR,ERR,ERR,ERR,ERR,ERR,ERR,ERR,ERR,ERR,ERR,ERR,ERR,ERR,ERR,ERR,ERR,ERR,ERR,ERR,ERR,ERR,ERR,ERR,ERR,ERR,ERR,ERR,ERR,ERR,34.0,80.0,35,0.0,0.0,0.0,0.0,0.0,0.0,0.0,0.0,0.0,0.0,0.0,0.0,0.0,0.0,0.0,0.0,64.4,0,116,56,50,65476,0,300,0,0,8,20529,65476,0,0,57672,80.0,0.0,0.0,0.0,0.0,0.0
2026-06-17T04:35:28,ERR,ERR,ERR,ERR,ERR,ERR,ERR,ERR,ERR,ERR,ERR,ERR,ERR,ERR,ERR,ERR,ERR,ERR,ERR,ERR,ERR,ERR,ERR,ERR,ERR,ERR,ERR,ERR,ERR,ERR,ERR,ERR,ERR,ERR,ERR,ERR,ERR,ERR,ERR,ERR,ERR,ERR,ERR,ERR,ERR,ERR,ERR,ERR,ERR,ERR,ERR,ERR,ERR,ERR,ERR,ERR,ERR,ERR,ERR,ERR,ERR,ERR,ERR,ERR,ERR,ERR,ERR,ERR,ERR,ERR,ERR,ERR,ERR,ERR,ERR,ERR,ERR,ERR,ERR,ERR,ERR,ERR,ERR,ERR,ERR,ERR,ERR,ERR,ERR,ERR,ERR,ERR,ERR,ERR,ERR,ERR,ERR,ERR,ERR,ERR,ERR,ERR,ERR,ERR,ERR,ERR,ERR,ERR,ERR,ERR,ERR,ERR,ERR,ERR,ERR,ERR,ERR,ERR,ERR,ERR,ERR,ERR,ERR,ERR,ERR,0.0,-0.0,3.028208139652935e+23,0.0,0.0,1.3936040501711995e+18,7.805,0.0,0,0,4,0,7300,-0.0,0,0.0,0.0,0.0,0.0,0.0,0,0,0,0,0.0,0,0,0,0,0,0,0,0,0,0,0,0,0,0,0,0,0,0,0,0,0,0,0,0,0,0,0,0,0,0,0,0,0,32,30,30,62,65476,0,300,0,0,8,21553,0.0,-107605600.0,0.0,0.0,0.0,0.0,0.0,0.0,0.0,0.0,0.0,0.0,0.0,0.0,0.0,0.0,0.0,0.0,0.0,0.0,0.0,0.0,2.004,-2.004,-0.0,-2.004,0.0,0.0,0.0,0.0,5439.0,0.0,6947.0,0.0,-0.0,-107615280.0,-0.0,0.0,0.0,0.0,0.0,63,0.0,4.066859702643652e+29,0.0,0.0,0.0,0.0,0.0,0.0,0.0,0,0,0,0.0,0.0,0.0,0.0,0.0,0.0,0.0,0.0,0.0,0.0,0.0,0.0,0.0,0.0,0.0,0.0,0,-107875648.0,63,0.0,126,2.7184242562605685e+23,-0.0,ERR,ERR,ERR,ERR,ERR,ERR,ERR,ERR,ERR,ERR,ERR,ERR,ERR,ERR,ERR,ERR,ERR,ERR,ERR,ERR,ERR,ERR,ERR,ERR,ERR,ERR,ERR,ERR,ERR,ERR,ERR,ERR,ERR,ERR,ERR,ERR,ERR,ERR,ERR,ERR,ERR,ERR,ERR,ERR,ERR,ERR,ERR,ERR,ERR,ERR,ERR,ERR,ERR,ERR,ERR,ERR,ERR,ERR,ERR,ERR,ERR,ERR,ERR,ERR,ERR,ERR,ERR,34.0,80.0,35,0.0,0.0,0.0,0.0,0.0,0.0,0.0,0.0,0.0,0.0,0.0,0.0,0.0,0.0,0.0,0.0,64.8,0,116,56,50,65476,0,300,0,0,8,20529,65476,0,0,57672,80.0,0.0,0.0,0.0,0.0,0.0
2026-06-17T04:35:29,ERR,ERR,ERR,ERR,ERR,ERR,ERR,ERR,ERR,ERR,ERR,ERR,ERR,ERR,ERR,ERR,ERR,ERR,ERR,ERR,ERR,ERR,ERR,ERR,ERR,ERR,ERR,ERR,ERR,ERR,ERR,ERR,ERR,ERR,ERR,ERR,ERR,ERR,ERR,ERR,ERR,ERR,ERR,ERR,ERR,ERR,ERR,ERR,ERR,ERR,ERR,ERR,ERR,ERR,ERR,ERR,ERR,ERR,ERR,ERR,ERR,ERR,ERR,ERR,ERR,ERR,ERR,ERR,ERR,ERR,ERR,ERR,ERR,ERR,ERR,ERR,ERR,ERR,ERR,ERR,ERR,ERR,ERR,ERR,ERR,ERR,ERR,ERR,ERR,ERR,ERR,ERR,ERR,ERR,ERR,ERR,ERR,ERR,ERR,ERR,ERR,ERR,ERR,ERR,ERR,ERR,ERR,ERR,ERR,ERR,ERR,ERR,ERR,ERR,ERR,ERR,ERR,ERR,ERR,ERR,ERR,ERR,ERR,ERR,ERR,0.0,-0.0,3.028208139652935e+23,0.0,0.0,1.3936040501711995e+18,7.805,0.0,0,0,4,0,7300,-0.0,0,0.0,0.0,0.0,0.0,0.0,0,0,0,0,0.0,0,0,0,0,0,0,0,0,0,0,0,0,0,0,0,0,0,0,0,0,0,0,0,0,0,0,0,0,0,0,0,0,0,32,30,30,62,65476,0,300,0,0,8,21553,0.0,-107605600.0,0.0,0.0,0.0,0.0,0.0,0.0,0.0,0.0,0.0,0.0,0.0,0.0,0.0,0.0,0.0,0.0,0.0,0.0,0.0,0.0,2.004,-2.004,-0.0,-2.004,0.0,0.0,0.0,0.0,5439.0,0.0,6947.0,0.0,-0.0,-107615280.0,-0.0,0.0,0.0,0.0,0.0,63,0.0,4.066859702643652e+29,0.0,0.0,0.0,0.0,0.0,0.0,0.0,0,0,0,0.0,0.0,0.0,0.0,0.0,0.0,0.0,0.0,0.0,0.0,0.0,0.0,0.0,0.0,0.0,0.0,0,-107875648.0,63,0.0,126,2.7184242562605685e+23,-0.0,ERR,ERR,ERR,ERR,ERR,ERR,ERR,ERR,ERR,ERR,ERR,ERR,ERR,ERR,ERR,ERR,ERR,ERR,ERR,ERR,ERR,ERR,ERR,ERR,ERR,ERR,ERR,ERR,ERR,ERR,ERR,ERR,ERR,ERR,ERR,ERR,ERR,ERR,ERR,ERR,ERR,ERR,ERR,ERR,ERR,ERR,ERR,ERR,ERR,ERR,ERR,ERR,ERR,ERR,ERR,ERR,ERR,ERR,ERR,ERR,ERR,ERR,ERR,ERR,ERR,ERR,ERR,34.0,80.0,35,0.0,0.0,0.0,0.0,0.0,0.0,0.0,0.0,0.0,0.0,0.0,0.0,0.0,0.0,0.0,0.0,64.8,0,116,56,50,65476,0,300,0,0,8,20529,65476,0,0,57672,80.0,0.0,0.0,0.0,0.0,0.0
2026-06-17T04:35:30,ERR,ERR,ERR,ERR,ERR,ERR,ERR,ERR,ERR,ERR,ERR,ERR,ERR,ERR,ERR,ERR,ERR,ERR,ERR,ERR,ERR,ERR,ERR,ERR,ERR,ERR,ERR,ERR,ERR,ERR,ERR,ERR,ERR,ERR,ERR,ERR,ERR,ERR,ERR,ERR,ERR,ERR,ERR,ERR,ERR,ERR,ERR,ERR,ERR,ERR,ERR,ERR,ERR,ERR,ERR,ERR,ERR,ERR,ERR,ERR,ERR,ERR,ERR,ERR,ERR,ERR,ERR,ERR,ERR,ERR,ERR,ERR,ERR,ERR,ERR,ERR,ERR,ERR,ERR,ERR,ERR,ERR,ERR,ERR,ERR,ERR,ERR,ERR,ERR,ERR,ERR,ERR,ERR,ERR,ERR,ERR,ERR,ERR,ERR,ERR,ERR,ERR,ERR,ERR,ERR,ERR,ERR,ERR,ERR,ERR,ERR,ERR,ERR,ERR,ERR,ERR,ERR,ERR,ERR,ERR,ERR,ERR,ERR,ERR,ERR,0.0,-0.0,3.028208139652935e+23,0.0,0.0,1.3936040501711995e+18,7.805,0.0,0,0,4,0,7300,-0.0,0,0.0,0.0,0.0,0.0,0.0,0,0,0,0,0.0,0,0,0,0,0,0,0,0,0,0,0,0,0,0,0,0,0,0,0,0,0,0,0,0,0,0,0,0,0,0,0,0,0,32,30,30,62,65476,0,300,0,0,8,21553,0.0,-107605600.0,0.0,0.0,0.0,0.0,0.0,0.0,0.0,0.0,0.0,0.0,0.0,0.0,0.0,0.0,0.0,0.0,0.0,0.0,0.0,0.0,2.004,-2.004,-0.0,-2.004,0.0,0.0,0.0,0.0,5439.0,0.0,6947.0,0.0,-0.0,-107615280.0,-0.0,0.0,0.0,0.0,0.0,63,0.0,4.066859702643652e+29,0.0,0.0,0.0,0.0,0.0,0.0,0.0,0,0,0,0.0,0.0,0.0,0.0,0.0,0.0,0.0,0.0,0.0,0.0,0.0,0.0,0.0,0.0,0.0,0.0,0,-107875648.0,63,0.0,126,2.7184242562605685e+23,-0.0,ERR,ERR,ERR,ERR,ERR,ERR,ERR,ERR,ERR,ERR,ERR,ERR,ERR,ERR,ERR,ERR,ERR,ERR,ERR,ERR,ERR,ERR,ERR,ERR,ERR,ERR,ERR,ERR,ERR,ERR,ERR,ERR,ERR,ERR,ERR,ERR,ERR,ERR,ERR,ERR,ERR,ERR,ERR,ERR,ERR,ERR,ERR,ERR,ERR,ERR,ERR,ERR,ERR,ERR,ERR,ERR,ERR,ERR,ERR,ERR,ERR,ERR,ERR,ERR,ERR,ERR,ERR,34.0,80.0,35,0.0,0.0,0.0,0.0,0.0,0.0,0.0,0.0,0.0,0.0,0.0,0.0,0.0,0.0,0.0,0.0,64.8,0,116,56,50,65476,0,300,0,0,8,20529,65476,0,0,57672,80.0,0.0,0.0,0.0,0.0,0.0
2026-06-17T04:35:31,ERR,ERR,ERR,ERR,ERR,ERR,ERR,ERR,ERR,ERR,ERR,ERR,ERR,ERR,ERR,ERR,ERR,ERR,ERR,ERR,ERR,ERR,ERR,ERR,ERR,ERR,ERR,ERR,ERR,ERR,ERR,ERR,ERR,ERR,ERR,ERR,ERR,ERR,ERR,ERR,ERR,ERR,ERR,ERR,ERR,ERR,ERR,ERR,ERR,ERR,ERR,ERR,ERR,ERR,ERR,ERR,ERR,ERR,ERR,ERR,ERR,ERR,ERR,ERR,ERR,ERR,ERR,ERR,ERR,ERR,ERR,ERR,ERR,ERR,ERR,ERR,ERR,ERR,ERR,ERR,ERR,ERR,ERR,ERR,ERR,ERR,ERR,ERR,ERR,ERR,ERR,ERR,ERR,ERR,ERR,ERR,ERR,ERR,ERR,ERR,ERR,ERR,ERR,ERR,ERR,ERR,ERR,ERR,ERR,ERR,ERR,ERR,ERR,ERR,ERR,ERR,ERR,ERR,ERR,ERR,ERR,ERR,ERR,ERR,ERR,0.0,-0.0,3.028208139652935e+23,0.0,0.0,1.3936040501711995e+18,7.805,0.0,0,0,4,0,7300,-0.0,0,0.0,0.0,0.0,0.0,0.0,0,0,0,0,0.0,0,0,0,0,0,0,0,0,0,0,0,0,0,0,0,0,0,0,0,0,0,0,0,0,0,0,0,0,0,0,0,0,0,32,30,30,62,65476,0,300,0,0,8,21553,0.0,-107605600.0,0.0,0.0,0.0,0.0,0.0,0.0,0.0,0.0,0.0,0.0,0.0,0.0,0.0,0.0,0.0,0.0,0.0,0.0,0.0,0.0,2.004,-2.004,-0.0,-2.004,0.0,0.0,0.0,0.0,5439.0,0.0,6947.0,0.0,-0.0,-107615280.0,-0.0,0.0,0.0,0.0,0.0,63,0.0,4.066859702643652e+29,0.0,0.0,0.0,0.0,0.0,0.0,0.0,0,0,0,0.0,0.0,0.0,0.0,0.0,0.0,0.0,0.0,0.0,0.0,0.0,0.0,0.0,0.0,0.0,0.0,0,-107875648.0,63,0.0,126,2.7184242562605685e+23,-0.0,ERR,ERR,ERR,ERR,ERR,ERR,ERR,ERR,ERR,ERR,ERR,ERR,ERR,ERR,ERR,ERR,ERR,ERR,ERR,ERR,ERR,ERR,ERR,ERR,ERR,ERR,ERR,ERR,ERR,ERR,ERR,ERR,ERR,ERR,ERR,ERR,ERR,ERR,ERR,ERR,ERR,ERR,ERR,ERR,ERR,ERR,ERR,ERR,ERR,ERR,ERR,ERR,ERR,ERR,ERR,ERR,ERR,ERR,ERR,ERR,ERR,ERR,ERR,ERR,ERR,ERR,ERR,34.0,80.0,35,0.0,0.0,0.0,0.0,0.0,0.0,0.0,0.0,0.0,0.0,0.0,0.0,0.0,0.0,0.0,0.0,64.4,0,116,56,50,65476,0,300,0,0,8,20529,65476,0,0,57672,80.0,0.0,0.0,0.0,0.0,0.0
2026-06-17T04:35:32,ERR,ERR,ERR,ERR,ERR,ERR,ERR,ERR,ERR,ERR,ERR,ERR,ERR,ERR,ERR,ERR,ERR,ERR,ERR,ERR,ERR,ERR,ERR,ERR,ERR,ERR,ERR,ERR,ERR,ERR,ERR,ERR,ERR,ERR,ERR,ERR,ERR,ERR,ERR,ERR,ERR,ERR,ERR,ERR,ERR,ERR,ERR,ERR,ERR,ERR,ERR,ERR,ERR,ERR,ERR,ERR,ERR,ERR,ERR,ERR,ERR,ERR,ERR,ERR,ERR,ERR,ERR,ERR,ERR,ERR,ERR,ERR,ERR,ERR,ERR,ERR,ERR,ERR,ERR,ERR,ERR,ERR,ERR,ERR,ERR,ERR,ERR,ERR,ERR,ERR,ERR,ERR,ERR,ERR,ERR,ERR,ERR,ERR,ERR,ERR,ERR,ERR,ERR,ERR,ERR,ERR,ERR,ERR,ERR,ERR,ERR,ERR,ERR,ERR,ERR,ERR,ERR,ERR,ERR,ERR,ERR,ERR,ERR,ERR,ERR,0.0,-0.0,3.028208139652935e+23,0.0,0.0,1.3936040501711995e+18,7.805,0.0,0,0,4,0,7300,-0.0,0,0.0,0.0,0.0,0.0,0.0,0,0,0,0,0.0,0,0,0,0,0,0,0,0,0,0,0,0,0,0,0,0,0,0,0,0,0,0,0,0,0,0,0,0,0,0,0,0,0,32,30,30,62,65476,0,300,0,0,8,21553,0.0,-107605600.0,0.0,0.0,0.0,0.0,0.0,0.0,0.0,0.0,0.0,0.0,0.0,0.0,0.0,0.0,0.0,0.0,0.0,0.0,0.0,0.0,2.004,-2.004,-0.0,-2.004,0.0,0.0,0.0,0.0,5439.0,0.0,6947.0,0.0,-0.0,-107615280.0,-0.0,0.0,0.0,0.0,0.0,63,0.0,4.066859702643652e+29,0.0,0.0,0.0,0.0,0.0,0.0,0.0,0,0,0,0.0,0.0,0.0,0.0,0.0,0.0,0.0,0.0,0.0,0.0,0.0,0.0,0.0,0.0,0.0,0.0,0,-107875648.0,63,0.0,126,2.7184242562605685e+23,-0.0,ERR,ERR,ERR,ERR,ERR,ERR,ERR,ERR,ERR,ERR,ERR,ERR,ERR,ERR,ERR,ERR,ERR,ERR,ERR,ERR,ERR,ERR,ERR,ERR,ERR,ERR,ERR,ERR,ERR,ERR,ERR,ERR,ERR,ERR,ERR,ERR,ERR,ERR,ERR,ERR,ERR,ERR,ERR,ERR,ERR,ERR,ERR,ERR,ERR,ERR,ERR,ERR,ERR,ERR,ERR,ERR,ERR,ERR,ERR,ERR,ERR,ERR,ERR,ERR,ERR,ERR,ERR,34.0,80.0,35,0.0,0.0,0.0,0.0,0.0,0.0,0.0,0.0,0.0,0.0,0.0,0.0,0.0,0.0,0.0,0.0,64.4,0,116,56,50,65476,0,300,0,0,8,20529,65476,0,0,57672,80.0,0.0,0.0,0.0,0.0,0.0
2026-06-17T04:35:33,ERR,ERR,ERR,ERR,ERR,ERR,ERR,ERR,ERR,ERR,ERR,ERR,ERR,ERR,ERR,ERR,ERR,ERR,ERR,ERR,ERR,ERR,ERR,ERR,ERR,ERR,ERR,ERR,ERR,ERR,ERR,ERR,ERR,ERR,ERR,ERR,ERR,ERR,ERR,ERR,ERR,ERR,ERR,ERR,ERR,ERR,ERR,ERR,ERR,ERR,ERR,ERR,ERR,ERR,ERR,ERR,ERR,ERR,ERR,ERR,ERR,ERR,ERR,ERR,ERR,ERR,ERR,ERR,ERR,ERR,ERR,ERR,ERR,ERR,ERR,ERR,ERR,ERR,ERR,ERR,ERR,ERR,ERR,ERR,ERR,ERR,ERR,ERR,ERR,ERR,ERR,ERR,ERR,ERR,ERR,ERR,ERR,ERR,ERR,ERR,ERR,ERR,ERR,ERR,ERR,ERR,ERR,ERR,ERR,ERR,ERR,ERR,ERR,ERR,ERR,ERR,ERR,ERR,ERR,ERR,ERR,ERR,ERR,ERR,ERR,0.0,-0.0,3.028208139652935e+23,0.0,0.0,1.3936040501711995e+18,7.805,0.0,0,0,4,0,7300,-0.0,0,0.0,0.0,0.0,0.0,0.0,0,0,0,0,0.0,0,0,0,0,0,0,0,0,0,0,0,0,0,0,0,0,0,0,0,0,0,0,0,0,0,0,0,0,0,0,0,0,0,32,30,30,62,65476,0,300,0,0,8,21553,0.0,-107605600.0,0.0,0.0,0.0,0.0,0.0,0.0,0.0,0.0,0.0,0.0,0.0,0.0,0.0,0.0,0.0,0.0,0.0,0.0,0.0,0.0,2.004,-2.004,-0.0,-2.004,0.0,0.0,0.0,0.0,5436.0,2.004,6952.0,0.0,-0.0,-107615280.0,-0.0,0.0,0.0,0.0,0.0,63,0.0,-0.0,0.0,0.0,0.0,0.0,0.0,0.0,0.0,0,0,0,0.0,0.0,0.0,0.0,0.0,0.0,0.0,0.0,0.0,0.0,0.0,0.0,0.0,0.0,0.0,0.0,0,-107875648.0,63,0.0,126,2.7184242562605685e+23,-0.0,ERR,ERR,ERR,ERR,ERR,ERR,ERR,ERR,ERR,ERR,ERR,ERR,ERR,ERR,ERR,ERR,ERR,ERR,ERR,ERR,ERR,ERR,ERR,ERR,ERR,ERR,ERR,ERR,ERR,ERR,ERR,ERR,ERR,ERR,ERR,ERR,ERR,ERR,ERR,ERR,ERR,ERR,ERR,ERR,ERR,ERR,ERR,ERR,ERR,ERR,ERR,ERR,ERR,ERR,ERR,ERR,ERR,ERR,ERR,ERR,ERR,ERR,ERR,ERR,ERR,ERR,ERR,34.0,80.0,35,0.0,0.0,0.0,0.0,0.0,0.0,0.0,0.0,0.0,0.0,0.0,0.0,0.0,0.0,0.0,0.0,64.4,0,116,56,50,65476,0,300,0,0,8,20529,65476,0,0,57672,80.0,0.0,0.0,0.0,0.0,0.0
2026-06-17T04:35:34,ERR,ERR,ERR,ERR,ERR,ERR,ERR,ERR,ERR,ERR,ERR,ERR,ERR,ERR,ERR,ERR,ERR,ERR,ERR,ERR,ERR,ERR,ERR,ERR,ERR,ERR,ERR,ERR,ERR,ERR,ERR,ERR,ERR,ERR,ERR,ERR,ERR,ERR,ERR,ERR,ERR,ERR,ERR,ERR,ERR,ERR,ERR,ERR,ERR,ERR,ERR,ERR,ERR,ERR,ERR,ERR,ERR,ERR,ERR,ERR,ERR,ERR,ERR,ERR,ERR,ERR,ERR,ERR,ERR,ERR,ERR,ERR,ERR,ERR,ERR,ERR,ERR,ERR,ERR,ERR,ERR,ERR,ERR,ERR,ERR,ERR,ERR,ERR,ERR,ERR,ERR,ERR,ERR,ERR,ERR,ERR,ERR,ERR,ERR,ERR,ERR,ERR,ERR,ERR,ERR,ERR,ERR,ERR,ERR,ERR,ERR,ERR,ERR,ERR,ERR,ERR,ERR,ERR,ERR,ERR,ERR,ERR,ERR,ERR,ERR,0.0,-0.0,3.028208139652935e+23,0.0,0.0,1.3936040501711995e+18,7.805,0.0,0,0,4,0,7300,-0.0,0,0.0,0.0,0.0,0.0,0.0,0,0,0,0,0.0,0,0,0,0,0,0,0,0,0,0,0,0,0,0,0,0,0,0,0,0,0,0,0,0,0,0,0,0,0,0,0,0,0,32,30,30,62,65476,0,300,0,0,8,21553,0.0,-107605600.0,0.0,0.0,0.0,0.0,0.0,0.0,0.0,0.0,0.0,0.0,0.0,0.0,0.0,0.0,0.0,0.0,0.0,0.0,0.0,0.0,2.004,-2.004,-0.0,-2.004,0.0,0.0,0.0,0.0,5436.0,2.004,6952.0,0.0,-0.0,-107615280.0,-0.0,0.0,0.0,0.0,0.0,63,0.0,-0.0,0.0,0.0,0.0,0.0,0.0,0.0,0.0,0,0,0,0.0,0.0,0.0,0.0,0.0,0.0,0.0,0.0,0.0,0.0,0.0,0.0,0.0,0.0,0.0,0.0,0,-107875648.0,63,0.0,126,2.7184242562605685e+23,-0.0,ERR,ERR,ERR,ERR,ERR,ERR,ERR,ERR,ERR,ERR,ERR,ERR,ERR,ERR,ERR,ERR,ERR,ERR,ERR,ERR,ERR,ERR,ERR,ERR,ERR,ERR,ERR,ERR,ERR,ERR,ERR,ERR,ERR,ERR,ERR,ERR,ERR,ERR,ERR,ERR,ERR,ERR,ERR,ERR,ERR,ERR,ERR,ERR,ERR,ERR,ERR,ERR,ERR,ERR,ERR,ERR,ERR,ERR,ERR,ERR,ERR,ERR,ERR,ERR,ERR,ERR,ERR,34.0,80.0,35,0.0,0.0,0.0,0.0,0.0,0.0,0.0,0.0,0.0,0.0,0.0,0.0,0.0,0.0,0.0,0.0,64.4,0,116,56,50,65476,0,300,0,0,8,20529,65476,0,0,57672,80.0,0.0,0.0,0.0,0.0,0.0
2026-06-17T04:35:35,ERR,ERR,ERR,ERR,ERR,ERR,ERR,ERR,ERR,ERR,ERR,ERR,ERR,ERR,ERR,ERR,ERR,ERR,ERR,ERR,ERR,ERR,ERR,ERR,ERR,ERR,ERR,ERR,ERR,ERR,ERR,ERR,ERR,ERR,ERR,ERR,ERR,ERR,ERR,ERR,ERR,ERR,ERR,ERR,ERR,ERR,ERR,ERR,ERR,ERR,ERR,ERR,ERR,ERR,ERR,ERR,ERR,ERR,ERR,ERR,ERR,ERR,ERR,ERR,ERR,ERR,ERR,ERR,ERR,ERR,ERR,ERR,ERR,ERR,ERR,ERR,ERR,ERR,ERR,ERR,ERR,ERR,ERR,ERR,ERR,ERR,ERR,ERR,ERR,ERR,ERR,ERR,ERR,ERR,ERR,ERR,ERR,ERR,ERR,ERR,ERR,ERR,ERR,ERR,ERR,ERR,ERR,ERR,ERR,ERR,ERR,ERR,ERR,ERR,ERR,ERR,ERR,ERR,ERR,ERR,ERR,ERR,ERR,ERR,ERR,0.0,-0.0,3.028208139652935e+23,0.0,0.0,1.3936040501711995e+18,7.805,0.0,0,0,4,0,7300,-0.0,0,0.0,0.0,0.0,0.0,0.0,0,0,0,0,0.0,0,0,0,0,0,0,0,0,0,0,0,0,0,0,0,0,0,0,0,0,0,0,0,0,0,0,0,0,0,0,0,0,0,32,30,30,62,65476,0,300,0,0,8,21553,0.0,-107605600.0,0.0,0.0,0.0,0.0,0.0,0.0,0.0,0.0,0.0,0.0,0.0,0.0,0.0,0.0,0.0,0.0,0.0,0.0,0.0,0.0,2.004,-2.004,-0.0,-2.004,0.0,0.0,0.0,0.0,5436.0,2.004,6952.0,0.0,-0.0,-107615280.0,-0.0,0.0,0.0,0.0,0.0,63,0.0,-0.0,0.0,0.0,0.0,0.0,0.0,0.0,0.0,0,0,0,0.0,0.0,0.0,0.0,0.0,0.0,0.0,0.0,0.0,0.0,0.0,0.0,0.0,0.0,0.0,0.0,0,-107875648.0,63,0.0,126,2.7184242562605685e+23,-0.0,ERR,ERR,ERR,ERR,ERR,ERR,ERR,ERR,ERR,ERR,ERR,ERR,ERR,ERR,ERR,ERR,ERR,ERR,ERR,ERR,ERR,ERR,ERR,ERR,ERR,ERR,ERR,ERR,ERR,ERR,ERR,ERR,ERR,ERR,ERR,ERR,ERR,ERR,ERR,ERR,ERR,ERR,ERR,ERR,ERR,ERR,ERR,ERR,ERR,ERR,ERR,ERR,ERR,ERR,ERR,ERR,ERR,ERR,ERR,ERR,ERR,ERR,ERR,ERR,ERR,ERR,ERR,34.0,80.0,35,0.0,0.0,0.0,0.0,0.0,0.0,0.0,0.0,0.0,0.0,0.0,0.0,0.0,0.0,0.0,0.0,64.4,0,116,56,50,65476,0,300,0,0,8,20529,65476,0,0,57672,80.0,0.0,0.0,0.0,0.0,0.0
2026-06-17T04:35:36,ERR,ERR,ERR,ERR,ERR,ERR,ERR,ERR,ERR,ERR,ERR,ERR,ERR,ERR,ERR,ERR,ERR,ERR,ERR,ERR,ERR,ERR,ERR,ERR,ERR,ERR,ERR,ERR,ERR,ERR,ERR,ERR,ERR,ERR,ERR,ERR,ERR,ERR,ERR,ERR,ERR,ERR,ERR,ERR,ERR,ERR,ERR,ERR,ERR,ERR,ERR,ERR,ERR,ERR,ERR,ERR,ERR,ERR,ERR,ERR,ERR,ERR,ERR,ERR,ERR,ERR,ERR,ERR,ERR,ERR,ERR,ERR,ERR,ERR,ERR,ERR,ERR,ERR,ERR,ERR,ERR,ERR,ERR,ERR,ERR,ERR,ERR,ERR,ERR,ERR,ERR,ERR,ERR,ERR,ERR,ERR,ERR,ERR,ERR,ERR,ERR,ERR,ERR,ERR,ERR,ERR,ERR,ERR,ERR,ERR,ERR,ERR,ERR,ERR,ERR,ERR,ERR,ERR,ERR,ERR,ERR,ERR,ERR,ERR,ERR,0.0,-0.0,3.028208139652935e+23,0.0,0.0,1.3936040501711995e+18,7.805,0.0,0,0,4,0,7300,-0.0,0,0.0,0.0,0.0,0.0,0.0,0,0,0,0,0.0,0,0,0,0,0,0,0,0,0,0,0,0,0,0,0,0,0,0,0,0,0,0,0,0,0,0,0,0,0,0,0,0,0,32,30,30,62,65476,0,300,0,0,8,21553,0.0,-107605600.0,0.0,0.0,0.0,0.0,0.0,0.0,0.0,0.0,0.0,0.0,0.0,0.0,0.0,0.0,0.0,0.0,0.0,0.0,0.0,0.0,2.004,-2.004,-0.0,-2.004,0.0,0.0,0.0,0.0,5436.0,2.004,6952.0,0.0,-0.0,-107615280.0,-0.0,0.0,0.0,0.0,0.0,63,0.0,-0.0,0.0,0.0,0.0,0.0,0.0,0.0,0.0,0,0,0,0.0,0.0,0.0,0.0,0.0,0.0,0.0,0.0,0.0,0.0,0.0,0.0,0.0,0.0,0.0,0.0,0,-107875648.0,63,0.0,126,2.7184242562605685e+23,-0.0,ERR,ERR,ERR,ERR,ERR,ERR,ERR,ERR,ERR,ERR,ERR,ERR,ERR,ERR,ERR,ERR,ERR,ERR,ERR,ERR,ERR,ERR,ERR,ERR,ERR,ERR,ERR,ERR,ERR,ERR,ERR,ERR,ERR,ERR,ERR,ERR,ERR,ERR,ERR,ERR,ERR,ERR,ERR,ERR,ERR,ERR,ERR,ERR,ERR,ERR,ERR,ERR,ERR,ERR,ERR,ERR,ERR,ERR,ERR,ERR,ERR,ERR,ERR,ERR,ERR,ERR,ERR,34.0,80.0,35,0.0,0.0,0.0,0.0,0.0,0.0,0.0,0.0,0.0,0.0,0.0,0.0,0.0,0.0,0.0,0.0,64.4,0,116,56,50,65476,0,300,0,0,8,20529,65476,0,0,57672,80.0,0.0,0.0,0.0,0.0,0.0
2026-06-17T04:35:37,ERR,ERR,ERR,ERR,ERR,ERR,ERR,ERR,ERR,ERR,ERR,ERR,ERR,ERR,ERR,ERR,ERR,ERR,ERR,ERR,ERR,ERR,ERR,ERR,ERR,ERR,ERR,ERR,ERR,ERR,ERR,ERR,ERR,ERR,ERR,ERR,ERR,ERR,ERR,ERR,ERR,ERR,ERR,ERR,ERR,ERR,ERR,ERR,ERR,ERR,ERR,ERR,ERR,ERR,ERR,ERR,ERR,ERR,ERR,ERR,ERR,ERR,ERR,ERR,ERR,ERR,ERR,ERR,ERR,ERR,ERR,ERR,ERR,ERR,ERR,ERR,ERR,ERR,ERR,ERR,ERR,ERR,ERR,ERR,ERR,ERR,ERR,ERR,ERR,ERR,ERR,ERR,ERR,ERR,ERR,ERR,ERR,ERR,ERR,ERR,ERR,ERR,ERR,ERR,ERR,ERR,ERR,ERR,ERR,ERR,ERR,ERR,ERR,ERR,ERR,ERR,ERR,ERR,ERR,ERR,ERR,ERR,ERR,ERR,ERR,0.0,-0.0,3.028208139652935e+23,0.0,0.0,1.3936040501711995e+18,7.805,0.0,0,0,4,0,7300,-0.0,0,0.0,0.0,0.0,0.0,0.0,0,0,0,0,0.0,0,0,0,0,0,0,0,0,0,0,0,0,0,0,0,0,0,0,0,0,0,0,0,0,0,0,0,0,0,0,0,0,0,32,30,30,62,65476,0,300,0,0,8,21553,0.0,-107605600.0,0.0,0.0,0.0,0.0,0.0,0.0,0.0,0.0,0.0,0.0,0.0,0.0,0.0,0.0,0.0,0.0,0.0,0.0,0.0,0.0,2.004,-2.004,-0.0,-2.004,0.0,0.0,0.0,0.0,5436.0,2.004,6952.0,0.0,-0.0,-107615280.0,-0.0,0.0,0.0,0.0,0.0,63,0.0,-0.0,0.0,0.0,0.0,0.0,0.0,0.0,0.0,0,0,0,0.0,0.0,0.0,0.0,0.0,0.0,0.0,0.0,0.0,0.0,0.0,0.0,0.0,0.0,0.0,0.0,0,-107875648.0,63,0.0,126,2.7184242562605685e+23,-0.0,ERR,ERR,ERR,ERR,ERR,ERR,ERR,ERR,ERR,ERR,ERR,ERR,ERR,ERR,ERR,ERR,ERR,ERR,ERR,ERR,ERR,ERR,ERR,ERR,ERR,ERR,ERR,ERR,ERR,ERR,ERR,ERR,ERR,ERR,ERR,ERR,ERR,ERR,ERR,ERR,ERR,ERR,ERR,ERR,ERR,ERR,ERR,ERR,ERR,ERR,ERR,ERR,ERR,ERR,ERR,ERR,ERR,ERR,ERR,ERR,ERR,ERR,ERR,ERR,ERR,ERR,ERR,34.0,80.0,35,0.0,0.0,0.0,0.0,0.0,0.0,0.0,0.0,0.0,0.0,0.0,0.0,0.0,0.0,0.0,0.0,64.4,0,116,56,50,65476,0,300,0,0,8,20529,65476,0,0,57672,80.0,0.0,0.0,0.0,0.0,0.0
2026-06-17T04:35:38,ERR,ERR,ERR,ERR,ERR,ERR,ERR,ERR,ERR,ERR,ERR,ERR,ERR,ERR,ERR,ERR,ERR,ERR,ERR,ERR,ERR,ERR,ERR,ERR,ERR,ERR,ERR,ERR,ERR,ERR,ERR,ERR,ERR,ERR,ERR,ERR,ERR,ERR,ERR,ERR,ERR,ERR,ERR,ERR,ERR,ERR,ERR,ERR,ERR,ERR,ERR,ERR,ERR,ERR,ERR,ERR,ERR,ERR,ERR,ERR,ERR,ERR,ERR,ERR,ERR,ERR,ERR,ERR,ERR,ERR,ERR,ERR,ERR,ERR,ERR,ERR,ERR,ERR,ERR,ERR,ERR,ERR,ERR,ERR,ERR,ERR,ERR,ERR,ERR,ERR,ERR,ERR,ERR,ERR,ERR,ERR,ERR,ERR,ERR,ERR,ERR,ERR,ERR,ERR,ERR,ERR,ERR,ERR,ERR,ERR,ERR,ERR,ERR,ERR,ERR,ERR,ERR,ERR,ERR,ERR,ERR,ERR,ERR,ERR,ERR,0.0,-0.0,3.028208139652935e+23,0.0,0.0,1.3936040501711995e+18,7.805,0.0,0,0,4,0,7300,-0.0,0,0.0,0.0,0.0,0.0,0.0,0,0,0,0,0.0,0,0,0,0,0,0,0,0,0,0,0,0,0,0,0,0,0,0,0,0,0,0,0,0,0,0,0,0,0,0,0,0,0,32,30,30,62,65476,0,300,0,0,8,21553,0.0,-107605600.0,0.0,0.0,0.0,0.0,0.0,0.0,0.0,0.0,0.0,0.0,0.0,0.0,0.0,0.0,0.0,0.0,0.0,0.0,0.0,0.0,2.004,-2.004,-0.0,-2.004,0.0,0.0,0.0,0.0,5439.0,0.0,6948.0,0.0,-0.0,-107615280.0,-0.0,0.0,0.0,0.0,0.0,63,0.0,5.8480620214123924e+35,0.0,0.0,0.0,0.0,0.0,0.0,0.0,0,0,0,0.0,0.0,0.0,0.0,0.0,0.0,0.0,0.0,0.0,0.0,0.0,0.0,0.0,0.0,0.0,0.0,0,-107875648.0,63,0.0,126,2.7184242562605685e+23,-0.0,ERR,ERR,ERR,ERR,ERR,ERR,ERR,ERR,ERR,ERR,ERR,ERR,ERR,ERR,ERR,ERR,ERR,ERR,ERR,ERR,ERR,ERR,ERR,ERR,ERR,ERR,ERR,ERR,ERR,ERR,ERR,ERR,ERR,ERR,ERR,ERR,ERR,ERR,ERR,ERR,ERR,ERR,ERR,ERR,ERR,ERR,ERR,ERR,ERR,ERR,ERR,ERR,ERR,ERR,ERR,ERR,ERR,ERR,ERR,ERR,ERR,ERR,ERR,ERR,ERR,ERR,ERR,34.0,80.0,35,0.0,0.0,0.0,0.0,0.0,0.0,0.0,0.0,0.0,0.0,0.0,0.0,0.0,0.0,0.0,0.0,64.4,0,116,56,50,65476,0,300,0,0,8,20529,65476,0,0,57672,80.0,0.0,0.0,0.0,0.0,0.0
2026-06-17T04:35:39,ERR,ERR,ERR,ERR,ERR,ERR,ERR,ERR,ERR,ERR,ERR,ERR,ERR,ERR,ERR,ERR,ERR,ERR,ERR,ERR,ERR,ERR,ERR,ERR,ERR,ERR,ERR,ERR,ERR,ERR,ERR,ERR,ERR,ERR,ERR,ERR,ERR,ERR,ERR,ERR,ERR,ERR,ERR,ERR,ERR,ERR,ERR,ERR,ERR,ERR,ERR,ERR,ERR,ERR,ERR,ERR,ERR,ERR,ERR,ERR,ERR,ERR,ERR,ERR,ERR,ERR,ERR,ERR,ERR,ERR,ERR,ERR,ERR,ERR,ERR,ERR,ERR,ERR,ERR,ERR,ERR,ERR,ERR,ERR,ERR,ERR,ERR,ERR,ERR,ERR,ERR,ERR,ERR,ERR,ERR,ERR,ERR,ERR,ERR,ERR,ERR,ERR,ERR,ERR,ERR,ERR,ERR,ERR,ERR,ERR,ERR,ERR,ERR,ERR,ERR,ERR,ERR,ERR,ERR,ERR,ERR,ERR,ERR,ERR,ERR,0.0,-0.0,3.028208139652935e+23,0.0,0.0,1.3936040501711995e+18,7.805,0.0,0,0,4,0,7300,-0.0,0,0.0,0.0,0.0,0.0,0.0,0,0,0,0,0.0,0,0,0,0,0,0,0,0,0,0,0,0,0,0,0,0,0,0,0,0,0,0,0,0,0,0,0,0,0,0,0,0,0,32,30,30,62,65476,0,300,0,0,8,21553,0.0,-107605600.0,0.0,0.0,0.0,0.0,0.0,0.0,0.0,0.0,0.0,0.0,0.0,0.0,0.0,0.0,0.0,0.0,0.0,0.0,0.0,0.0,2.004,-2.004,-0.0,-2.004,0.0,0.0,0.0,0.0,5439.0,0.0,6948.0,0.0,-0.0,-107615280.0,-0.0,0.0,0.0,0.0,0.0,63,0.0,5.8480620214123924e+35,0.0,0.0,0.0,0.0,0.0,0.0,0.0,0,0,0,0.0,0.0,0.0,0.0,0.0,0.0,0.0,0.0,0.0,0.0,0.0,0.0,0.0,0.0,0.0,0.0,0,-107875648.0,63,0.0,126,2.7184242562605685e+23,-0.0,ERR,ERR,ERR,ERR,ERR,ERR,ERR,ERR,ERR,ERR,ERR,ERR,ERR,ERR,ERR,ERR,ERR,ERR,ERR,ERR,ERR,ERR,ERR,ERR,ERR,ERR,ERR,ERR,ERR,ERR,ERR,ERR,ERR,ERR,ERR,ERR,ERR,ERR,ERR,ERR,ERR,ERR,ERR,ERR,ERR,ERR,ERR,ERR,ERR,ERR,ERR,ERR,ERR,ERR,ERR,ERR,ERR,ERR,ERR,ERR,ERR,ERR,ERR,ERR,ERR,ERR,ERR,34.0,80.0,35,0.0,0.0,0.0,0.0,0.0,0.0,0.0,0.0,0.0,0.0,0.0,0.0,0.0,0.0,0.0,0.0,64.4,0,116,56,50,65476,0,300,0,0,8,20529,65476,0,0,57672,80.0,0.0,0.0,0.0,0.0,0.0
2026-06-17T04:35:40,ERR,ERR,ERR,ERR,ERR,ERR,ERR,ERR,ERR,ERR,ERR,ERR,ERR,ERR,ERR,ERR,ERR,ERR,ERR,ERR,ERR,ERR,ERR,ERR,ERR,ERR,ERR,ERR,ERR,ERR,ERR,ERR,ERR,ERR,ERR,ERR,ERR,ERR,ERR,ERR,ERR,ERR,ERR,ERR,ERR,ERR,ERR,ERR,ERR,ERR,ERR,ERR,ERR,ERR,ERR,ERR,ERR,ERR,ERR,ERR,ERR,ERR,ERR,ERR,ERR,ERR,ERR,ERR,ERR,ERR,ERR,ERR,ERR,ERR,ERR,ERR,ERR,ERR,ERR,ERR,ERR,ERR,ERR,ERR,ERR,ERR,ERR,ERR,ERR,ERR,ERR,ERR,ERR,ERR,ERR,ERR,ERR,ERR,ERR,ERR,ERR,ERR,ERR,ERR,ERR,ERR,ERR,ERR,ERR,ERR,ERR,ERR,ERR,ERR,ERR,ERR,ERR,ERR,ERR,ERR,ERR,ERR,ERR,ERR,ERR,0.0,-0.0,3.028208139652935e+23,0.0,0.0,1.3936040501711995e+18,7.805,0.0,0,0,4,0,7300,-0.0,0,0.0,0.0,0.0,0.0,0.0,0,0,0,0,0.0,0,0,0,0,0,0,0,0,0,0,0,0,0,0,0,0,0,0,0,0,0,0,0,0,0,0,0,0,0,0,0,0,0,32,30,30,62,65476,0,300,0,0,8,21553,0.0,-107605600.0,0.0,0.0,0.0,0.0,0.0,0.0,0.0,0.0,0.0,0.0,0.0,0.0,0.0,0.0,0.0,0.0,0.0,0.0,0.0,0.0,2.004,-2.004,-0.0,-2.004,0.0,0.0,0.0,0.0,5439.0,0.0,6948.0,0.0,-0.0,-107615280.0,-0.0,0.0,0.0,0.0,0.0,63,0.0,5.8480620214123924e+35,0.0,0.0,0.0,0.0,0.0,0.0,0.0,0,0,0,0.0,0.0,0.0,0.0,0.0,0.0,0.0,0.0,0.0,0.0,0.0,0.0,0.0,0.0,0.0,0.0,0,-107875648.0,63,0.0,126,2.7184242562605685e+23,-0.0,ERR,ERR,ERR,ERR,ERR,ERR,ERR,ERR,ERR,ERR,ERR,ERR,ERR,ERR,ERR,ERR,ERR,ERR,ERR,ERR,ERR,ERR,ERR,ERR,ERR,ERR,ERR,ERR,ERR,ERR,ERR,ERR,ERR,ERR,ERR,ERR,ERR,ERR,ERR,ERR,ERR,ERR,ERR,ERR,ERR,ERR,ERR,ERR,ERR,ERR,ERR,ERR,ERR,ERR,ERR,ERR,ERR,ERR,ERR,ERR,ERR,ERR,ERR,ERR,ERR,ERR,ERR,34.0,80.0,35,0.0,0.0,0.0,0.0,0.0,0.0,0.0,0.0,0.0,0.0,0.0,0.0,0.0,0.0,0.0,0.0,64.8,0,116,56,50,65476,0,300,0,0,8,20529,65476,0,0,57672,80.0,0.0,0.0,0.0,0.0,0.0
2026-06-17T04:35:41,ERR,ERR,ERR,ERR,ERR,ERR,ERR,ERR,ERR,ERR,ERR,ERR,ERR,ERR,ERR,ERR,ERR,ERR,ERR,ERR,ERR,ERR,ERR,ERR,ERR,ERR,ERR,ERR,ERR,ERR,ERR,ERR,ERR,ERR,ERR,ERR,ERR,ERR,ERR,ERR,ERR,ERR,ERR,ERR,ERR,ERR,ERR,ERR,ERR,ERR,ERR,ERR,ERR,ERR,ERR,ERR,ERR,ERR,ERR,ERR,ERR,ERR,ERR,ERR,ERR,ERR,ERR,ERR,ERR,ERR,ERR,ERR,ERR,ERR,ERR,ERR,ERR,ERR,ERR,ERR,ERR,ERR,ERR,ERR,ERR,ERR,ERR,ERR,ERR,ERR,ERR,ERR,ERR,ERR,ERR,ERR,ERR,ERR,ERR,ERR,ERR,ERR,ERR,ERR,ERR,ERR,ERR,ERR,ERR,ERR,ERR,ERR,ERR,ERR,ERR,ERR,ERR,ERR,ERR,ERR,ERR,ERR,ERR,ERR,ERR,0.0,-0.0,3.028208139652935e+23,0.0,0.0,1.3936040501711995e+18,7.805,0.0,0,0,4,0,7300,-0.0,0,0.0,0.0,0.0,0.0,0.0,0,0,0,0,0.0,0,0,0,0,0,0,0,0,0,0,0,0,0,0,0,0,0,0,0,0,0,0,0,0,0,0,0,0,0,0,0,0,0,32,30,30,62,65476,0,300,0,0,8,21553,0.0,-107605600.0,0.0,0.0,0.0,0.0,0.0,0.0,0.0,0.0,0.0,0.0,0.0,0.0,0.0,0.0,0.0,0.0,0.0,0.0,0.0,0.0,2.004,-2.004,-0.0,-2.004,0.0,0.0,0.0,0.0,5439.0,0.0,6948.0,0.0,-0.0,-107615280.0,-0.0,0.0,0.0,0.0,0.0,63,0.0,5.8480620214123924e+35,0.0,0.0,0.0,0.0,0.0,0.0,0.0,0,0,0,0.0,0.0,0.0,0.0,0.0,0.0,0.0,0.0,0.0,0.0,0.0,0.0,0.0,0.0,0.0,0.0,0,-107875648.0,63,0.0,126,2.7184242562605685e+23,-0.0,ERR,ERR,ERR,ERR,ERR,ERR,ERR,ERR,ERR,ERR,ERR,ERR,ERR,ERR,ERR,ERR,ERR,ERR,ERR,ERR,ERR,ERR,ERR,ERR,ERR,ERR,ERR,ERR,ERR,ERR,ERR,ERR,ERR,ERR,ERR,ERR,ERR,ERR,ERR,ERR,ERR,ERR,ERR,ERR,ERR,ERR,ERR,ERR,ERR,ERR,ERR,ERR,ERR,ERR,ERR,ERR,ERR,ERR,ERR,ERR,ERR,ERR,ERR,ERR,ERR,ERR,ERR,34.0,80.0,35,0.0,0.0,0.0,0.0,0.0,0.0,0.0,0.0,0.0,0.0,0.0,0.0,0.0,0.0,0.0,0.0,64.8,0,116,56,50,65476,0,300,0,0,8,20529,65476,0,0,57672,80.0,0.0,0.0,0.0,0.0,0.0
2026-06-17T04:35:42,ERR,ERR,ERR,ERR,ERR,ERR,ERR,ERR,ERR,ERR,ERR,ERR,ERR,ERR,ERR,ERR,ERR,ERR,ERR,ERR,ERR,ERR,ERR,ERR,ERR,ERR,ERR,ERR,ERR,ERR,ERR,ERR,ERR,ERR,ERR,ERR,ERR,ERR,ERR,ERR,ERR,ERR,ERR,ERR,ERR,ERR,ERR,ERR,ERR,ERR,ERR,ERR,ERR,ERR,ERR,ERR,ERR,ERR,ERR,ERR,ERR,ERR,ERR,ERR,ERR,ERR,ERR,ERR,ERR,ERR,ERR,ERR,ERR,ERR,ERR,ERR,ERR,ERR,ERR,ERR,ERR,ERR,ERR,ERR,ERR,ERR,ERR,ERR,ERR,ERR,ERR,ERR,ERR,ERR,ERR,ERR,ERR,ERR,ERR,ERR,ERR,ERR,ERR,ERR,ERR,ERR,ERR,ERR,ERR,ERR,ERR,ERR,ERR,ERR,ERR,ERR,ERR,ERR,ERR,ERR,ERR,ERR,ERR,ERR,ERR,0.0,-0.0,3.028208139652935e+23,0.0,0.0,1.3936040501711995e+18,7.805,0.0,0,0,4,0,7300,-0.0,0,0.0,0.0,0.0,0.0,0.0,0,0,0,0,0.0,0,0,0,0,0,0,0,0,0,0,0,0,0,0,0,0,0,0,0,0,0,0,0,0,0,0,0,0,0,0,0,0,0,32,30,30,62,65476,0,300,0,0,8,21553,0.0,-107605600.0,0.0,0.0,0.0,0.0,0.0,0.0,0.0,0.0,0.0,0.0,0.0,0.0,0.0,0.0,0.0,0.0,0.0,0.0,0.0,0.0,2.004,-2.004,-0.0,-2.004,0.0,0.0,0.0,0.0,5439.0,0.0,6948.0,0.0,-0.0,-107615280.0,-0.0,0.0,0.0,0.0,0.0,63,0.0,5.8480620214123924e+35,0.0,0.0,0.0,0.0,0.0,0.0,0.0,0,0,0,0.0,0.0,0.0,0.0,0.0,0.0,0.0,0.0,0.0,0.0,0.0,0.0,0.0,0.0,0.0,0.0,0,-107875648.0,63,0.0,126,2.7184242562605685e+23,-0.0,ERR,ERR,ERR,ERR,ERR,ERR,ERR,ERR,ERR,ERR,ERR,ERR,ERR,ERR,ERR,ERR,ERR,ERR,ERR,ERR,ERR,ERR,ERR,ERR,ERR,ERR,ERR,ERR,ERR,ERR,ERR,ERR,ERR,ERR,ERR,ERR,ERR,ERR,ERR,ERR,ERR,ERR,ERR,ERR,ERR,ERR,ERR,ERR,ERR,ERR,ERR,ERR,ERR,ERR,ERR,ERR,ERR,ERR,ERR,ERR,ERR,ERR,ERR,ERR,ERR,ERR,ERR,34.0,80.0,35,0.0,0.0,0.0,0.0,0.0,0.0,0.0,0.0,0.0,0.0,0.0,0.0,0.0,0.0,0.0,0.0,64.4,0,116,56,50,65476,0,300,0,0,8,20529,65476,0,0,57672,80.0,0.0,0.0,0.0,0.0,0.0
2026-06-17T04:35:43,ERR,ERR,ERR,ERR,ERR,ERR,ERR,ERR,ERR,ERR,ERR,ERR,ERR,ERR,ERR,ERR,ERR,ERR,ERR,ERR,ERR,ERR,ERR,ERR,ERR,ERR,ERR,ERR,ERR,ERR,ERR,ERR,ERR,ERR,ERR,ERR,ERR,ERR,ERR,ERR,ERR,ERR,ERR,ERR,ERR,ERR,ERR,ERR,ERR,ERR,ERR,ERR,ERR,ERR,ERR,ERR,ERR,ERR,ERR,ERR,ERR,ERR,ERR,ERR,ERR,ERR,ERR,ERR,ERR,ERR,ERR,ERR,ERR,ERR,ERR,ERR,ERR,ERR,ERR,ERR,ERR,ERR,ERR,ERR,ERR,ERR,ERR,ERR,ERR,ERR,ERR,ERR,ERR,ERR,ERR,ERR,ERR,ERR,ERR,ERR,ERR,ERR,ERR,ERR,ERR,ERR,ERR,ERR,ERR,ERR,ERR,ERR,ERR,ERR,ERR,ERR,ERR,ERR,ERR,ERR,ERR,ERR,ERR,ERR,ERR,0.0,-0.0,3.028208139652935e+23,0.0,0.0,1.3936040501711995e+18,7.805,0.0,0,0,4,0,7300,-0.0,0,0.0,0.0,0.0,0.0,0.0,0,0,0,0,0.0,0,0,0,0,0,0,0,0,0,0,0,0,0,0,0,0,0,0,0,0,0,0,0,0,0,0,0,0,0,0,0,0,0,32,30,30,62,65476,0,300,0,0,8,21553,0.0,-107605600.0,0.0,0.0,0.0,0.0,0.0,0.0,0.0,0.0,0.0,0.0,0.0,0.0,0.0,0.0,0.0,0.0,0.0,0.0,0.0,0.0,2.004,-2.004,-0.0,-2.004,0.0,0.0,0.0,0.0,5439.0,0.0,6948.0,0.0,-0.0,-107615280.0,-0.0,0.0,0.0,0.0,0.0,63,0.0,5.8480620214123924e+35,0.0,0.0,0.0,0.0,0.0,0.0,0.0,0,0,0,0.0,0.0,0.0,0.0,0.0,0.0,0.0,0.0,0.0,0.0,0.0,0.0,0.0,0.0,0.0,0.0,0,-107875648.0,63,0.0,126,2.7184242562605685e+23,-0.0,ERR,ERR,ERR,ERR,ERR,ERR,ERR,ERR,ERR,ERR,ERR,ERR,ERR,ERR,ERR,ERR,ERR,ERR,ERR,ERR,ERR,ERR,ERR,ERR,ERR,ERR,ERR,ERR,ERR,ERR,ERR,ERR,ERR,ERR,ERR,ERR,ERR,ERR,ERR,ERR,ERR,ERR,ERR,ERR,ERR,ERR,ERR,ERR,ERR,ERR,ERR,ERR,ERR,ERR,ERR,ERR,ERR,ERR,ERR,ERR,ERR,ERR,ERR,ERR,ERR,ERR,ERR,34.0,80.0,35,0.0,0.0,0.0,0.0,0.0,0.0,0.0,0.0,0.0,0.0,0.0,0.0,0.0,0.0,0.0,0.0,64.4,0,116,56,50,65476,0,300,0,0,8,20529,65476,0,0,57672,80.0,0.0,0.0,0.0,0.0,0.0
2026-06-17T04:35:44,ERR,ERR,ERR,ERR,ERR,ERR,ERR,ERR,ERR,ERR,ERR,ERR,ERR,ERR,ERR,ERR,ERR,ERR,ERR,ERR,ERR,ERR,ERR,ERR,ERR,ERR,ERR,ERR,ERR,ERR,ERR,ERR,ERR,ERR,ERR,ERR,ERR,ERR,ERR,ERR,ERR,ERR,ERR,ERR,ERR,ERR,ERR,ERR,ERR,ERR,ERR,ERR,ERR,ERR,ERR,ERR,ERR,ERR,ERR,ERR,ERR,ERR,ERR,ERR,ERR,ERR,ERR,ERR,ERR,ERR,ERR,ERR,ERR,ERR,ERR,ERR,ERR,ERR,ERR,ERR,ERR,ERR,ERR,ERR,ERR,ERR,ERR,ERR,ERR,ERR,ERR,ERR,ERR,ERR,ERR,ERR,ERR,ERR,ERR,ERR,ERR,ERR,ERR,ERR,ERR,ERR,ERR,ERR,ERR,ERR,ERR,ERR,ERR,ERR,ERR,ERR,ERR,ERR,ERR,ERR,ERR,ERR,ERR,ERR,ERR,0.0,-0.0,3.028208139652935e+23,0.0,0.0,1.3936040501711995e+18,7.805,0.0,0,0,4,0,7300,-0.0,0,0.0,0.0,0.0,0.0,0.0,0,0,0,0,0.0,0,0,0,0,0,0,0,0,0,0,0,0,0,0,0,0,0,0,0,0,0,0,0,0,0,0,0,0,0,0,0,0,0,32,30,30,62,65476,0,300,0,0,8,21553,0.0,-107605600.0,0.0,0.0,0.0,0.0,0.0,0.0,0.0,0.0,0.0,0.0,0.0,0.0,0.0,0.0,0.0,0.0,0.0,0.0,0.0,0.0,2.004,-2.004,-0.0,-2.004,0.0,0.0,0.0,0.0,5438.0,0.0,6944.0,0.0,-0.0,-107615280.0,-0.0,0.0,0.0,0.0,0.0,63,0.0,126840668160.0,0.0,0.0,0.0,0.0,0.0,0.0,0.0,0,0,0,0.0,0.0,0.0,0.0,0.0,0.0,0.0,0.0,0.0,0.0,0.0,0.0,0.0,0.0,0.0,0.0,0,-107875648.0,63,0.0,126,2.7184242562605685e+23,-0.0,ERR,ERR,ERR,ERR,ERR,ERR,ERR,ERR,ERR,ERR,ERR,ERR,ERR,ERR,ERR,ERR,ERR,ERR,ERR,ERR,ERR,ERR,ERR,ERR,ERR,ERR,ERR,ERR,ERR,ERR,ERR,ERR,ERR,ERR,ERR,ERR,ERR,ERR,ERR,ERR,ERR,ERR,ERR,ERR,ERR,ERR,ERR,ERR,ERR,ERR,ERR,ERR,ERR,ERR,ERR,ERR,ERR,ERR,ERR,ERR,ERR,ERR,ERR,ERR,ERR,ERR,ERR,34.0,80.0,35,0.0,0.0,0.0,0.0,0.0,0.0,0.0,0.0,0.0,0.0,0.0,0.0,0.0,0.0,0.0,0.0,64.8,0,116,56,50,65476,0,300,0,0,8,20529,65476,0,0,57672,80.0,0.0,0.0,0.0,0.0,0.0
2026-06-17T04:35:45,ERR,ERR,ERR,ERR,ERR,ERR,ERR,ERR,ERR,ERR,ERR,ERR,ERR,ERR,ERR,ERR,ERR,ERR,ERR,ERR,ERR,ERR,ERR,ERR,ERR,ERR,ERR,ERR,ERR,ERR,ERR,ERR,ERR,ERR,ERR,ERR,ERR,ERR,ERR,ERR,ERR,ERR,ERR,ERR,ERR,ERR,ERR,ERR,ERR,ERR,ERR,ERR,ERR,ERR,ERR,ERR,ERR,ERR,ERR,ERR,ERR,ERR,ERR,ERR,ERR,ERR,ERR,ERR,ERR,ERR,ERR,ERR,ERR,ERR,ERR,ERR,ERR,ERR,ERR,ERR,ERR,ERR,ERR,ERR,ERR,ERR,ERR,ERR,ERR,ERR,ERR,ERR,ERR,ERR,ERR,ERR,ERR,ERR,ERR,ERR,ERR,ERR,ERR,ERR,ERR,ERR,ERR,ERR,ERR,ERR,ERR,ERR,ERR,ERR,ERR,ERR,ERR,ERR,ERR,ERR,ERR,ERR,ERR,ERR,ERR,0.0,-0.0,3.028208139652935e+23,0.0,0.0,1.3936040501711995e+18,7.805,0.0,0,0,4,0,7300,-0.0,0,0.0,0.0,0.0,0.0,0.0,0,0,0,0,0.0,0,0,0,0,0,0,0,0,0,0,0,0,0,0,0,0,0,0,0,0,0,0,0,0,0,0,0,0,0,0,0,0,0,32,30,30,62,65476,0,300,0,0,8,21553,0.0,-107605600.0,0.0,0.0,0.0,0.0,0.0,0.0,0.0,0.0,0.0,0.0,0.0,0.0,0.0,0.0,0.0,0.0,0.0,0.0,0.0,0.0,2.004,-2.004,-0.0,-2.004,0.0,0.0,0.0,0.0,5438.0,0.0,6944.0,0.0,-0.0,-107615280.0,-0.0,0.0,0.0,0.0,0.0,63,0.0,126840668160.0,0.0,0.0,0.0,0.0,0.0,0.0,0.0,0,0,0,0.0,0.0,0.0,0.0,0.0,0.0,0.0,0.0,0.0,0.0,0.0,0.0,0.0,0.0,0.0,0.0,0,-107875648.0,63,0.0,126,2.7184242562605685e+23,-0.0,ERR,ERR,ERR,ERR,ERR,ERR,ERR,ERR,ERR,ERR,ERR,ERR,ERR,ERR,ERR,ERR,ERR,ERR,ERR,ERR,ERR,ERR,ERR,ERR,ERR,ERR,ERR,ERR,ERR,ERR,ERR,ERR,ERR,ERR,ERR,ERR,ERR,ERR,ERR,ERR,ERR,ERR,ERR,ERR,ERR,ERR,ERR,ERR,ERR,ERR,ERR,ERR,ERR,ERR,ERR,ERR,ERR,ERR,ERR,ERR,ERR,ERR,ERR,ERR,ERR,ERR,ERR,34.0,80.0,35,0.0,0.0,0.0,0.0,0.0,0.0,0.0,0.0,0.0,0.0,0.0,0.0,0.0,0.0,0.0,0.0,64.8,0,116,56,50,65476,0,300,0,0,8,20529,65476,0,0,57672,80.0,0.0,0.0,0.0,0.0,0.0
2026-06-17T04:35:46,ERR,ERR,ERR,ERR,ERR,ERR,ERR,ERR,ERR,ERR,ERR,ERR,ERR,ERR,ERR,ERR,ERR,ERR,ERR,ERR,ERR,ERR,ERR,ERR,ERR,ERR,ERR,ERR,ERR,ERR,ERR,ERR,ERR,ERR,ERR,ERR,ERR,ERR,ERR,ERR,ERR,ERR,ERR,ERR,ERR,ERR,ERR,ERR,ERR,ERR,ERR,ERR,ERR,ERR,ERR,ERR,ERR,ERR,ERR,ERR,ERR,ERR,ERR,ERR,ERR,ERR,ERR,ERR,ERR,ERR,ERR,ERR,ERR,ERR,ERR,ERR,ERR,ERR,ERR,ERR,ERR,ERR,ERR,ERR,ERR,ERR,ERR,ERR,ERR,ERR,ERR,ERR,ERR,ERR,ERR,ERR,ERR,ERR,ERR,ERR,ERR,ERR,ERR,ERR,ERR,ERR,ERR,ERR,ERR,ERR,ERR,ERR,ERR,ERR,ERR,ERR,ERR,ERR,ERR,ERR,ERR,ERR,ERR,ERR,ERR,0.0,-0.0,3.028208139652935e+23,0.0,0.0,1.3936040501711995e+18,7.805,0.0,0,0,4,0,7300,-0.0,0,0.0,0.0,0.0,0.0,0.0,0,0,0,0,0.0,0,0,0,0,0,0,0,0,0,0,0,0,0,0,0,0,0,0,0,0,0,0,0,0,0,0,0,0,0,0,0,0,0,32,30,30,62,65476,0,300,0,0,8,21553,0.0,-107605600.0,0.0,0.0,0.0,0.0,0.0,0.0,0.0,0.0,0.0,0.0,0.0,0.0,0.0,0.0,0.0,0.0,0.0,0.0,0.0,0.0,2.004,-2.004,-0.0,-2.004,0.0,0.0,0.0,0.0,5438.0,0.0,6944.0,0.0,-0.0,-107615280.0,-0.0,0.0,0.0,0.0,0.0,63,0.0,126840668160.0,0.0,0.0,0.0,0.0,0.0,0.0,0.0,0,0,0,0.0,0.0,0.0,0.0,0.0,0.0,0.0,0.0,0.0,0.0,0.0,0.0,0.0,0.0,0.0,0.0,0,-107875648.0,63,0.0,126,2.7184242562605685e+23,-0.0,ERR,ERR,ERR,ERR,ERR,ERR,ERR,ERR,ERR,ERR,ERR,ERR,ERR,ERR,ERR,ERR,ERR,ERR,ERR,ERR,ERR,ERR,ERR,ERR,ERR,ERR,ERR,ERR,ERR,ERR,ERR,ERR,ERR,ERR,ERR,ERR,ERR,ERR,ERR,ERR,ERR,ERR,ERR,ERR,ERR,ERR,ERR,ERR,ERR,ERR,ERR,ERR,ERR,ERR,ERR,ERR,ERR,ERR,ERR,ERR,ERR,ERR,ERR,ERR,ERR,ERR,ERR,34.0,80.0,35,0.0,0.0,0.0,0.0,0.0,0.0,0.0,0.0,0.0,0.0,0.0,0.0,0.0,0.0,0.0,0.0,64.4,0,116,56,50,65476,0,300,0,0,8,20529,65476,0,0,57672,80.0,0.0,0.0,0.0,0.0,0.0
2026-06-17T04:35:47,ERR,ERR,ERR,ERR,ERR,ERR,ERR,ERR,ERR,ERR,ERR,ERR,ERR,ERR,ERR,ERR,ERR,ERR,ERR,ERR,ERR,ERR,ERR,ERR,ERR,ERR,ERR,ERR,ERR,ERR,ERR,ERR,ERR,ERR,ERR,ERR,ERR,ERR,ERR,ERR,ERR,ERR,ERR,ERR,ERR,ERR,ERR,ERR,ERR,ERR,ERR,ERR,ERR,ERR,ERR,ERR,ERR,ERR,ERR,ERR,ERR,ERR,ERR,ERR,ERR,ERR,ERR,ERR,ERR,ERR,ERR,ERR,ERR,ERR,ERR,ERR,ERR,ERR,ERR,ERR,ERR,ERR,ERR,ERR,ERR,ERR,ERR,ERR,ERR,ERR,ERR,ERR,ERR,ERR,ERR,ERR,ERR,ERR,ERR,ERR,ERR,ERR,ERR,ERR,ERR,ERR,ERR,ERR,ERR,ERR,ERR,ERR,ERR,ERR,ERR,ERR,ERR,ERR,ERR,ERR,ERR,ERR,ERR,ERR,ERR,0.0,-0.0,3.028208139652935e+23,0.0,0.0,1.3936040501711995e+18,7.805,0.0,0,0,4,0,7300,-0.0,0,0.0,0.0,0.0,0.0,0.0,0,0,0,0,0.0,0,0,0,0,0,0,0,0,0,0,0,0,0,0,0,0,0,0,0,0,0,0,0,0,0,0,0,0,0,0,0,0,0,32,30,30,62,65476,0,300,0,0,8,21553,0.0,-107605600.0,0.0,0.0,0.0,0.0,0.0,0.0,0.0,0.0,0.0,0.0,0.0,0.0,0.0,0.0,0.0,0.0,0.0,0.0,0.0,0.0,2.004,-2.004,-0.0,-2.004,0.0,0.0,0.0,0.0,5438.0,0.0,6944.0,0.0,-0.0,-107615280.0,-0.0,0.0,0.0,0.0,0.0,63,0.0,126840668160.0,0.0,0.0,0.0,0.0,0.0,0.0,0.0,0,0,0,0.0,0.0,0.0,0.0,0.0,0.0,0.0,0.0,0.0,0.0,0.0,0.0,0.0,0.0,0.0,0.0,0,-107875648.0,63,0.0,126,2.7184242562605685e+23,-0.0,ERR,ERR,ERR,ERR,ERR,ERR,ERR,ERR,ERR,ERR,ERR,ERR,ERR,ERR,ERR,ERR,ERR,ERR,ERR,ERR,ERR,ERR,ERR,ERR,ERR,ERR,ERR,ERR,ERR,ERR,ERR,ERR,ERR,ERR,ERR,ERR,ERR,ERR,ERR,ERR,ERR,ERR,ERR,ERR,ERR,ERR,ERR,ERR,ERR,ERR,ERR,ERR,ERR,ERR,ERR,ERR,ERR,ERR,ERR,ERR,ERR,ERR,ERR,ERR,ERR,ERR,ERR,34.0,80.0,35,0.0,0.0,0.0,0.0,0.0,0.0,0.0,0.0,0.0,0.0,0.0,0.0,0.0,0.0,0.0,0.0,64.4,0,116,56,50,65476,0,300,0,0,8,20529,65476,0,0,57672,80.0,0.0,0.0,0.0,0.0,0.0
2026-06-17T04:35:48,ERR,ERR,ERR,ERR,ERR,ERR,ERR,ERR,ERR,ERR,ERR,ERR,ERR,ERR,ERR,ERR,ERR,ERR,ERR,ERR,ERR,ERR,ERR,ERR,ERR,ERR,ERR,ERR,ERR,ERR,ERR,ERR,ERR,ERR,ERR,ERR,ERR,ERR,ERR,ERR,ERR,ERR,ERR,ERR,ERR,ERR,ERR,ERR,ERR,ERR,ERR,ERR,ERR,ERR,ERR,ERR,ERR,ERR,ERR,ERR,ERR,ERR,ERR,ERR,ERR,ERR,ERR,ERR,ERR,ERR,ERR,ERR,ERR,ERR,ERR,ERR,ERR,ERR,ERR,ERR,ERR,ERR,ERR,ERR,ERR,ERR,ERR,ERR,ERR,ERR,ERR,ERR,ERR,ERR,ERR,ERR,ERR,ERR,ERR,ERR,ERR,ERR,ERR,ERR,ERR,ERR,ERR,ERR,ERR,ERR,ERR,ERR,ERR,ERR,ERR,ERR,ERR,ERR,ERR,ERR,ERR,ERR,ERR,ERR,ERR,0.0,-0.0,3.028208139652935e+23,0.0,0.0,1.3936040501711995e+18,7.805,0.0,0,0,4,0,7300,-0.0,0,0.0,0.0,0.0,0.0,0.0,0,0,0,0,0.0,0,0,0,0,0,0,0,0,0,0,0,0,0,0,0,0,0,0,0,0,0,0,0,0,0,0,0,0,0,0,0,0,0,32,30,30,62,65476,0,300,0,0,8,21553,0.0,-107605600.0,0.0,0.0,0.0,0.0,0.0,0.0,0.0,0.0,0.0,0.0,0.0,0.0,0.0,0.0,0.0,0.0,0.0,0.0,0.0,0.0,2.004,-2.004,-0.0,-2.004,0.0,0.0,0.0,0.0,5438.0,0.0,6944.0,0.0,-0.0,-107615280.0,-0.0,0.0,0.0,0.0,0.0,63,0.0,126840668160.0,0.0,0.0,0.0,0.0,0.0,0.0,0.0,0,0,0,0.0,0.0,0.0,0.0,0.0,0.0,0.0,0.0,0.0,0.0,0.0,0.0,0.0,0.0,0.0,0.0,0,-107875648.0,63,0.0,126,2.7184242562605685e+23,-0.0,ERR,ERR,ERR,ERR,ERR,ERR,ERR,ERR,ERR,ERR,ERR,ERR,ERR,ERR,ERR,ERR,ERR,ERR,ERR,ERR,ERR,ERR,ERR,ERR,ERR,ERR,ERR,ERR,ERR,ERR,ERR,ERR,ERR,ERR,ERR,ERR,ERR,ERR,ERR,ERR,ERR,ERR,ERR,ERR,ERR,ERR,ERR,ERR,ERR,ERR,ERR,ERR,ERR,ERR,ERR,ERR,ERR,ERR,ERR,ERR,ERR,ERR,ERR,ERR,ERR,ERR,ERR,34.0,80.0,35,0.0,0.0,0.0,0.0,0.0,0.0,0.0,0.0,0.0,0.0,0.0,0.0,0.0,0.0,0.0,0.0,64.8,0,116,56,50,65476,0,300,0,0,8,20529,65476,0,0,57672,80.0,0.0,0.0,0.0,0.0,0.0
2026-06-17T04:35:49,ERR,ERR,ERR,ERR,ERR,ERR,ERR,ERR,ERR,ERR,ERR,ERR,ERR,ERR,ERR,ERR,ERR,ERR,ERR,ERR,ERR,ERR,ERR,ERR,ERR,ERR,ERR,ERR,ERR,ERR,ERR,ERR,ERR,ERR,ERR,ERR,ERR,ERR,ERR,ERR,ERR,ERR,ERR,ERR,ERR,ERR,ERR,ERR,ERR,ERR,ERR,ERR,ERR,ERR,ERR,ERR,ERR,ERR,ERR,ERR,ERR,ERR,ERR,ERR,ERR,ERR,ERR,ERR,ERR,ERR,ERR,ERR,ERR,ERR,ERR,ERR,ERR,ERR,ERR,ERR,ERR,ERR,ERR,ERR,ERR,ERR,ERR,ERR,ERR,ERR,ERR,ERR,ERR,ERR,ERR,ERR,ERR,ERR,ERR,ERR,ERR,ERR,ERR,ERR,ERR,ERR,ERR,ERR,ERR,ERR,ERR,ERR,ERR,ERR,ERR,ERR,ERR,ERR,ERR,ERR,ERR,ERR,ERR,ERR,ERR,0.0,-0.0,3.028208139652935e+23,0.0,0.0,1.3936040501711995e+18,7.805,0.0,0,0,4,0,7300,-0.0,0,0.0,0.0,0.0,0.0,0.0,0,0,0,0,0.0,0,0,0,0,0,0,0,0,0,0,0,0,0,0,0,0,0,0,0,0,0,0,0,0,0,0,0,0,0,0,0,0,0,32,30,30,62,65476,0,300,0,0,8,21553,0.0,-107605600.0,0.0,0.0,0.0,0.0,0.0,0.0,0.0,0.0,0.0,0.0,0.0,0.0,0.0,0.0,0.0,0.0,0.0,0.0,0.0,0.0,2.004,-2.004,-0.0,-2.004,0.0,0.0,0.0,0.0,5438.0,0.0,6944.0,0.0,-0.0,-107615280.0,-0.0,0.0,0.0,0.0,0.0,63,0.0,1.905688671546245e+17,0.0,0.0,0.0,0.0,0.0,0.0,0.0,0,0,0,0.0,0.0,0.0,0.0,0.0,0.0,0.0,0.0,0.0,0.0,0.0,0.0,0.0,0.0,0.0,0.0,0,-107875648.0,63,0.0,126,2.7184242562605685e+23,-0.0,ERR,ERR,ERR,ERR,ERR,ERR,ERR,ERR,ERR,ERR,ERR,ERR,ERR,ERR,ERR,ERR,ERR,ERR,ERR,ERR,ERR,ERR,ERR,ERR,ERR,ERR,ERR,ERR,ERR,ERR,ERR,ERR,ERR,ERR,ERR,ERR,ERR,ERR,ERR,ERR,ERR,ERR,ERR,ERR,ERR,ERR,ERR,ERR,ERR,ERR,ERR,ERR,ERR,ERR,ERR,ERR,ERR,ERR,ERR,ERR,ERR,ERR,ERR,ERR,ERR,ERR,ERR,34.0,80.0,35,0.0,0.0,0.0,0.0,0.0,0.0,0.0,0.0,0.0,0.0,0.0,0.0,0.0,0.0,0.0,0.0,64.4,0,116,56,50,65476,0,300,0,0,8,20529,65476,0,0,57672,80.0,0.0,0.0,0.0,0.0,0.0
2026-06-17T04:35:50,ERR,ERR,ERR,ERR,ERR,ERR,ERR,ERR,ERR,ERR,ERR,ERR,ERR,ERR,ERR,ERR,ERR,ERR,ERR,ERR,ERR,ERR,ERR,ERR,ERR,ERR,ERR,ERR,ERR,ERR,ERR,ERR,ERR,ERR,ERR,ERR,ERR,ERR,ERR,ERR,ERR,ERR,ERR,ERR,ERR,ERR,ERR,ERR,ERR,ERR,ERR,ERR,ERR,ERR,ERR,ERR,ERR,ERR,ERR,ERR,ERR,ERR,ERR,ERR,ERR,ERR,ERR,ERR,ERR,ERR,ERR,ERR,ERR,ERR,ERR,ERR,ERR,ERR,ERR,ERR,ERR,ERR,ERR,ERR,ERR,ERR,ERR,ERR,ERR,ERR,ERR,ERR,ERR,ERR,ERR,ERR,ERR,ERR,ERR,ERR,ERR,ERR,ERR,ERR,ERR,ERR,ERR,ERR,ERR,ERR,ERR,ERR,ERR,ERR,ERR,ERR,ERR,ERR,ERR,ERR,ERR,ERR,ERR,ERR,ERR,0.0,-0.0,3.028208139652935e+23,0.0,0.0,1.3936040501711995e+18,7.805,0.0,0,0,4,0,7300,-0.0,0,0.0,0.0,0.0,0.0,0.0,0,0,0,0,0.0,0,0,0,0,0,0,0,0,0,0,0,0,0,0,0,0,0,0,0,0,0,0,0,0,0,0,0,0,0,0,0,0,0,32,30,30,62,65476,0,300,0,0,8,21553,0.0,-107605600.0,0.0,0.0,0.0,0.0,0.0,0.0,0.0,0.0,0.0,0.0,0.0,0.0,0.0,0.0,0.0,0.0,0.0,0.0,0.0,0.0,2.004,-2.004,-0.0,-2.004,0.0,0.0,0.0,0.0,5438.0,0.0,6944.0,0.0,-0.0,-107615280.0,-0.0,0.0,0.0,0.0,0.0,63,0.0,1.905688671546245e+17,0.0,0.0,0.0,0.0,0.0,0.0,0.0,0,0,0,0.0,0.0,0.0,0.0,0.0,0.0,0.0,0.0,0.0,0.0,0.0,0.0,0.0,0.0,0.0,0.0,0,-107875648.0,63,0.0,126,2.7184242562605685e+23,-0.0,ERR,ERR,ERR,ERR,ERR,ERR,ERR,ERR,ERR,ERR,ERR,ERR,ERR,ERR,ERR,ERR,ERR,ERR,ERR,ERR,ERR,ERR,ERR,ERR,ERR,ERR,ERR,ERR,ERR,ERR,ERR,ERR,ERR,ERR,ERR,ERR,ERR,ERR,ERR,ERR,ERR,ERR,ERR,ERR,ERR,ERR,ERR,ERR,ERR,ERR,ERR,ERR,ERR,ERR,ERR,ERR,ERR,ERR,ERR,ERR,ERR,ERR,ERR,ERR,ERR,ERR,ERR,34.0,80.0,35,0.0,0.0,0.0,0.0,0.0,0.0,0.0,0.0,0.0,0.0,0.0,0.0,0.0,0.0,0.0,0.0,64.4,0,116,56,50,65476,0,300,0,0,8,20529,65476,0,0,57672,80.0,0.0,0.0,0.0,0.0,0.0
2026-06-17T04:35:51,ERR,ERR,ERR,ERR,ERR,ERR,ERR,ERR,ERR,ERR,ERR,ERR,ERR,ERR,ERR,ERR,ERR,ERR,ERR,ERR,ERR,ERR,ERR,ERR,ERR,ERR,ERR,ERR,ERR,ERR,ERR,ERR,ERR,ERR,ERR,ERR,ERR,ERR,ERR,ERR,ERR,ERR,ERR,ERR,ERR,ERR,ERR,ERR,ERR,ERR,ERR,ERR,ERR,ERR,ERR,ERR,ERR,ERR,ERR,ERR,ERR,ERR,ERR,ERR,ERR,ERR,ERR,ERR,ERR,ERR,ERR,ERR,ERR,ERR,ERR,ERR,ERR,ERR,ERR,ERR,ERR,ERR,ERR,ERR,ERR,ERR,ERR,ERR,ERR,ERR,ERR,ERR,ERR,ERR,ERR,ERR,ERR,ERR,ERR,ERR,ERR,ERR,ERR,ERR,ERR,ERR,ERR,ERR,ERR,ERR,ERR,ERR,ERR,ERR,ERR,ERR,ERR,ERR,ERR,ERR,ERR,ERR,ERR,ERR,ERR,0.0,-0.0,3.028208139652935e+23,0.0,0.0,1.3936040501711995e+18,7.805,0.0,0,0,4,0,7300,-0.0,0,0.0,0.0,0.0,0.0,0.0,0,0,0,0,0.0,0,0,0,0,0,0,0,0,0,0,0,0,0,0,0,0,0,0,0,0,0,0,0,0,0,0,0,0,0,0,0,0,0,32,30,30,62,65476,0,300,0,0,8,21553,0.0,-107605600.0,0.0,0.0,0.0,0.0,0.0,0.0,0.0,0.0,0.0,0.0,0.0,0.0,0.0,0.0,0.0,0.0,0.0,0.0,0.0,0.0,2.004,-2.004,-0.0,-2.004,0.0,0.0,0.0,0.0,5438.0,0.0,6944.0,0.0,-0.0,-107615280.0,-0.0,0.0,0.0,0.0,0.0,63,0.0,1.905688671546245e+17,0.0,0.0,0.0,0.0,0.0,0.0,0.0,0,0,0,0.0,0.0,0.0,0.0,0.0,0.0,0.0,0.0,0.0,0.0,0.0,0.0,0.0,0.0,0.0,0.0,0,-107875648.0,63,0.0,126,2.7184242562605685e+23,-0.0,ERR,ERR,ERR,ERR,ERR,ERR,ERR,ERR,ERR,ERR,ERR,ERR,ERR,ERR,ERR,ERR,ERR,ERR,ERR,ERR,ERR,ERR,ERR,ERR,ERR,ERR,ERR,ERR,ERR,ERR,ERR,ERR,ERR,ERR,ERR,ERR,ERR,ERR,ERR,ERR,ERR,ERR,ERR,ERR,ERR,ERR,ERR,ERR,ERR,ERR,ERR,ERR,ERR,ERR,ERR,ERR,ERR,ERR,ERR,ERR,ERR,ERR,ERR,ERR,ERR,ERR,ERR,34.0,80.0,35,0.0,0.0,0.0,0.0,0.0,0.0,0.0,0.0,0.0,0.0,0.0,0.0,0.0,0.0,0.0,0.0,64.4,0,116,56,50,65476,0,300,0,0,8,20529,65476,0,0,57672,80.0,0.0,0.0,0.0,0.0,0.0
2026-06-17T04:35:52,ERR,ERR,ERR,ERR,ERR,ERR,ERR,ERR,ERR,ERR,ERR,ERR,ERR,ERR,ERR,ERR,ERR,ERR,ERR,ERR,ERR,ERR,ERR,ERR,ERR,ERR,ERR,ERR,ERR,ERR,ERR,ERR,ERR,ERR,ERR,ERR,ERR,ERR,ERR,ERR,ERR,ERR,ERR,ERR,ERR,ERR,ERR,ERR,ERR,ERR,ERR,ERR,ERR,ERR,ERR,ERR,ERR,ERR,ERR,ERR,ERR,ERR,ERR,ERR,ERR,ERR,ERR,ERR,ERR,ERR,ERR,ERR,ERR,ERR,ERR,ERR,ERR,ERR,ERR,ERR,ERR,ERR,ERR,ERR,ERR,ERR,ERR,ERR,ERR,ERR,ERR,ERR,ERR,ERR,ERR,ERR,ERR,ERR,ERR,ERR,ERR,ERR,ERR,ERR,ERR,ERR,ERR,ERR,ERR,ERR,ERR,ERR,ERR,ERR,ERR,ERR,ERR,ERR,ERR,ERR,ERR,ERR,ERR,ERR,ERR,0.0,-0.0,3.028208139652935e+23,0.0,0.0,1.3936040501711995e+18,7.805,0.0,0,0,4,0,7300,-0.0,0,0.0,0.0,0.0,0.0,0.0,0,0,0,0,0.0,0,0,0,0,0,0,0,0,0,0,0,0,0,0,0,0,0,0,0,0,0,0,0,0,0,0,0,0,0,0,0,0,0,32,30,30,62,65476,0,300,0,0,8,21553,0.0,-107605600.0,0.0,0.0,0.0,0.0,0.0,0.0,0.0,0.0,0.0,0.0,0.0,0.0,0.0,0.0,0.0,0.0,0.0,0.0,0.0,0.0,2.004,-2.004,-0.0,-2.004,0.0,0.0,0.0,0.0,5438.0,0.0,6944.0,0.0,-0.0,-107615280.0,-0.0,0.0,0.0,0.0,0.0,63,0.0,1.905688671546245e+17,0.0,0.0,0.0,0.0,0.0,0.0,0.0,0,0,0,0.0,0.0,0.0,0.0,0.0,0.0,0.0,0.0,0.0,0.0,0.0,0.0,0.0,0.0,0.0,0.0,0,-107875648.0,63,0.0,126,2.7184242562605685e+23,-0.0,ERR,ERR,ERR,ERR,ERR,ERR,ERR,ERR,ERR,ERR,ERR,ERR,ERR,ERR,ERR,ERR,ERR,ERR,ERR,ERR,ERR,ERR,ERR,ERR,ERR,ERR,ERR,ERR,ERR,ERR,ERR,ERR,ERR,ERR,ERR,ERR,ERR,ERR,ERR,ERR,ERR,ERR,ERR,ERR,ERR,ERR,ERR,ERR,ERR,ERR,ERR,ERR,ERR,ERR,ERR,ERR,ERR,ERR,ERR,ERR,ERR,ERR,ERR,ERR,ERR,ERR,ERR,34.0,80.0,35,0.0,0.0,0.0,0.0,0.0,0.0,0.0,0.0,0.0,0.0,0.0,0.0,0.0,0.0,0.0,0.0,64.4,0,116,56,50,65476,0,300,0,0,8,20529,65476,0,0,57672,80.0,0.0,0.0,0.0,0.0,0.0
2026-06-17T04:35:53,ERR,ERR,ERR,ERR,ERR,ERR,ERR,ERR,ERR,ERR,ERR,ERR,ERR,ERR,ERR,ERR,ERR,ERR,ERR,ERR,ERR,ERR,ERR,ERR,ERR,ERR,ERR,ERR,ERR,ERR,ERR,ERR,ERR,ERR,ERR,ERR,ERR,ERR,ERR,ERR,ERR,ERR,ERR,ERR,ERR,ERR,ERR,ERR,ERR,ERR,ERR,ERR,ERR,ERR,ERR,ERR,ERR,ERR,ERR,ERR,ERR,ERR,ERR,ERR,ERR,ERR,ERR,ERR,ERR,ERR,ERR,ERR,ERR,ERR,ERR,ERR,ERR,ERR,ERR,ERR,ERR,ERR,ERR,ERR,ERR,ERR,ERR,ERR,ERR,ERR,ERR,ERR,ERR,ERR,ERR,ERR,ERR,ERR,ERR,ERR,ERR,ERR,ERR,ERR,ERR,ERR,ERR,ERR,ERR,ERR,ERR,ERR,ERR,ERR,ERR,ERR,ERR,ERR,ERR,ERR,ERR,ERR,ERR,ERR,ERR,0.0,-0.0,3.028208139652935e+23,0.0,0.0,1.3936040501711995e+18,7.805,0.0,0,0,4,0,7300,-0.0,0,0.0,0.0,0.0,0.0,0.0,0,0,0,0,0.0,0,0,0,0,0,0,0,0,0,0,0,0,0,0,0,0,0,0,0,0,0,0,0,0,0,0,0,0,0,0,0,0,0,32,30,30,62,65476,0,300,0,0,8,21553,0.0,-107605600.0,0.0,0.0,0.0,0.0,0.0,0.0,0.0,0.0,0.0,0.0,0.0,0.0,0.0,0.0,0.0,0.0,0.0,0.0,0.0,0.0,2.004,-2.004,-0.0,-2.004,0.0,0.0,0.0,0.0,5438.0,0.0,6944.0,0.0,-0.0,-107615280.0,-0.0,0.0,0.0,0.0,0.0,63,0.0,1.905688671546245e+17,0.0,0.0,0.0,0.0,0.0,0.0,0.0,0,0,0,0.0,0.0,0.0,0.0,0.0,0.0,0.0,0.0,0.0,0.0,0.0,0.0,0.0,0.0,0.0,0.0,0,-107875648.0,63,0.0,126,2.7184242562605685e+23,-0.0,ERR,ERR,ERR,ERR,ERR,ERR,ERR,ERR,ERR,ERR,ERR,ERR,ERR,ERR,ERR,ERR,ERR,ERR,ERR,ERR,ERR,ERR,ERR,ERR,ERR,ERR,ERR,ERR,ERR,ERR,ERR,ERR,ERR,ERR,ERR,ERR,ERR,ERR,ERR,ERR,ERR,ERR,ERR,ERR,ERR,ERR,ERR,ERR,ERR,ERR,ERR,ERR,ERR,ERR,ERR,ERR,ERR,ERR,ERR,ERR,ERR,ERR,ERR,ERR,ERR,ERR,ERR,34.0,80.0,35,0.0,0.0,0.0,0.0,0.0,0.0,0.0,0.0,0.0,0.0,0.0,0.0,0.0,0.0,0.0,0.0,64.4,0,116,56,50,65476,0,300,0,0,8,20529,65476,0,0,57672,80.0,0.0,0.0,0.0,0.0,0.0
2026-06-17T04:35:54,ERR,ERR,ERR,ERR,ERR,ERR,ERR,ERR,ERR,ERR,ERR,ERR,ERR,ERR,ERR,ERR,ERR,ERR,ERR,ERR,ERR,ERR,ERR,ERR,ERR,ERR,ERR,ERR,ERR,ERR,ERR,ERR,ERR,ERR,ERR,ERR,ERR,ERR,ERR,ERR,ERR,ERR,ERR,ERR,ERR,ERR,ERR,ERR,ERR,ERR,ERR,ERR,ERR,ERR,ERR,ERR,ERR,ERR,ERR,ERR,ERR,ERR,ERR,ERR,ERR,ERR,ERR,ERR,ERR,ERR,ERR,ERR,ERR,ERR,ERR,ERR,ERR,ERR,ERR,ERR,ERR,ERR,ERR,ERR,ERR,ERR,ERR,ERR,ERR,ERR,ERR,ERR,ERR,ERR,ERR,ERR,ERR,ERR,ERR,ERR,ERR,ERR,ERR,ERR,ERR,ERR,ERR,ERR,ERR,ERR,ERR,ERR,ERR,ERR,ERR,ERR,ERR,ERR,ERR,ERR,ERR,ERR,ERR,ERR,ERR,0.0,-0.0,3.028208139652935e+23,0.0,0.0,1.3936040501711995e+18,7.805,0.0,0,0,4,0,7300,-0.0,0,0.0,0.0,0.0,0.0,0.0,0,0,0,0,0.0,0,0,0,0,0,0,0,0,0,0,0,0,0,0,0,0,0,0,0,0,0,0,0,0,0,0,0,0,0,0,0,0,0,32,30,30,62,65476,0,300,0,0,8,21553,0.0,-107605600.0,0.0,0.0,0.0,0.0,0.0,0.0,0.0,0.0,0.0,0.0,0.0,0.0,0.0,0.0,0.0,0.0,0.0,0.0,0.0,0.0,2.004,-2.004,-0.0,-2.004,0.0,0.0,0.0,0.0,5407.0,-564146638684160.0,6971.0,0.0,-0.0,-107615280.0,-0.0,0.0,0.0,0.0,0.0,63,0.0,0.0,0.0,0.0,0.0,0.0,0.0,0.0,0.0,0,0,0,0.0,0.0,0.0,0.0,0.0,0.0,0.0,0.0,0.0,0.0,0.0,0.0,0.0,0.0,0.0,0.0,0,-107875648.0,63,0.0,126,2.7184242562605685e+23,-0.0,ERR,ERR,ERR,ERR,ERR,ERR,ERR,ERR,ERR,ERR,ERR,ERR,ERR,ERR,ERR,ERR,ERR,ERR,ERR,ERR,ERR,ERR,ERR,ERR,ERR,ERR,ERR,ERR,ERR,ERR,ERR,ERR,ERR,ERR,ERR,ERR,ERR,ERR,ERR,ERR,ERR,ERR,ERR,ERR,ERR,ERR,ERR,ERR,ERR,ERR,ERR,ERR,ERR,ERR,ERR,ERR,ERR,ERR,ERR,ERR,ERR,ERR,ERR,ERR,ERR,ERR,ERR,34.0,80.0,35,0.0,0.0,0.0,0.0,0.0,0.0,0.0,0.0,0.0,0.0,0.0,0.0,0.0,0.0,0.0,0.0,64.4,0,116,56,50,65476,0,300,0,0,8,20529,65476,0,0,57672,80.0,0.0,0.0,0.0,0.0,0.0
2026-06-17T04:35:55,ERR,ERR,ERR,ERR,ERR,ERR,ERR,ERR,ERR,ERR,ERR,ERR,ERR,ERR,ERR,ERR,ERR,ERR,ERR,ERR,ERR,ERR,ERR,ERR,ERR,ERR,ERR,ERR,ERR,ERR,ERR,ERR,ERR,ERR,ERR,ERR,ERR,ERR,ERR,ERR,ERR,ERR,ERR,ERR,ERR,ERR,ERR,ERR,ERR,ERR,ERR,ERR,ERR,ERR,ERR,ERR,ERR,ERR,ERR,ERR,ERR,ERR,ERR,ERR,ERR,ERR,ERR,ERR,ERR,ERR,ERR,ERR,ERR,ERR,ERR,ERR,ERR,ERR,ERR,ERR,ERR,ERR,ERR,ERR,ERR,ERR,ERR,ERR,ERR,ERR,ERR,ERR,ERR,ERR,ERR,ERR,ERR,ERR,ERR,ERR,ERR,ERR,ERR,ERR,ERR,ERR,ERR,ERR,ERR,ERR,ERR,ERR,ERR,ERR,ERR,ERR,ERR,ERR,ERR,ERR,ERR,ERR,ERR,ERR,ERR,0.0,-0.0,3.028208139652935e+23,0.0,0.0,1.3936040501711995e+18,7.805,0.0,0,0,4,0,7300,-0.0,0,0.0,0.0,0.0,0.0,0.0,0,0,0,0,0.0,0,0,0,0,0,0,0,0,0,0,0,0,0,0,0,0,0,0,0,0,0,0,0,0,0,0,0,0,0,0,0,0,0,32,30,30,62,65476,0,300,0,0,8,21553,0.0,-107605600.0,0.0,0.0,0.0,0.0,0.0,0.0,0.0,0.0,0.0,0.0,0.0,0.0,0.0,0.0,0.0,0.0,0.0,0.0,0.0,0.0,2.004,-2.004,-0.0,-2.004,0.0,0.0,0.0,0.0,5407.0,-564146638684160.0,6971.0,0.0,-0.0,-107615280.0,-0.0,0.0,0.0,0.0,0.0,63,0.0,0.0,0.0,0.0,0.0,0.0,0.0,0.0,0.0,0,0,0,0.0,0.0,0.0,0.0,0.0,0.0,0.0,0.0,0.0,0.0,0.0,0.0,0.0,0.0,0.0,0.0,0,-107875648.0,63,0.0,126,2.7184242562605685e+23,-0.0,ERR,ERR,ERR,ERR,ERR,ERR,ERR,ERR,ERR,ERR,ERR,ERR,ERR,ERR,ERR,ERR,ERR,ERR,ERR,ERR,ERR,ERR,ERR,ERR,ERR,ERR,ERR,ERR,ERR,ERR,ERR,ERR,ERR,ERR,ERR,ERR,ERR,ERR,ERR,ERR,ERR,ERR,ERR,ERR,ERR,ERR,ERR,ERR,ERR,ERR,ERR,ERR,ERR,ERR,ERR,ERR,ERR,ERR,ERR,ERR,ERR,ERR,ERR,ERR,ERR,ERR,ERR,34.0,80.0,35,0.0,0.0,0.0,0.0,0.0,0.0,0.0,0.0,0.0,0.0,0.0,0.0,0.0,0.0,0.0,0.0,64.4,0,116,56,50,65476,0,300,0,0,8,20529,65476,0,0,57672,80.0,0.0,0.0,0.0,0.0,0.0
2026-06-17T04:35:56,ERR,ERR,ERR,ERR,ERR,ERR,ERR,ERR,ERR,ERR,ERR,ERR,ERR,ERR,ERR,ERR,ERR,ERR,ERR,ERR,ERR,ERR,ERR,ERR,ERR,ERR,ERR,ERR,ERR,ERR,ERR,ERR,ERR,ERR,ERR,ERR,ERR,ERR,ERR,ERR,ERR,ERR,ERR,ERR,ERR,ERR,ERR,ERR,ERR,ERR,ERR,ERR,ERR,ERR,ERR,ERR,ERR,ERR,ERR,ERR,ERR,ERR,ERR,ERR,ERR,ERR,ERR,ERR,ERR,ERR,ERR,ERR,ERR,ERR,ERR,ERR,ERR,ERR,ERR,ERR,ERR,ERR,ERR,ERR,ERR,ERR,ERR,ERR,ERR,ERR,ERR,ERR,ERR,ERR,ERR,ERR,ERR,ERR,ERR,ERR,ERR,ERR,ERR,ERR,ERR,ERR,ERR,ERR,ERR,ERR,ERR,ERR,ERR,ERR,ERR,ERR,ERR,ERR,ERR,ERR,ERR,ERR,ERR,ERR,ERR,0.0,-0.0,3.028208139652935e+23,0.0,0.0,1.3936040501711995e+18,7.805,0.0,0,0,4,0,7300,-0.0,0,0.0,0.0,0.0,0.0,0.0,0,0,0,0,0.0,0,0,0,0,0,0,0,0,0,0,0,0,0,0,0,0,0,0,0,0,0,0,0,0,0,0,0,0,0,0,0,0,0,32,30,30,62,65476,0,300,0,0,8,21553,0.0,-107605600.0,0.0,0.0,0.0,0.0,0.0,0.0,0.0,0.0,0.0,0.0,0.0,0.0,0.0,0.0,0.0,0.0,0.0,0.0,0.0,0.0,2.004,-2.004,-0.0,-2.004,0.0,0.0,0.0,0.0,5407.0,-564146638684160.0,6971.0,0.0,-0.0,-107615280.0,-0.0,0.0,0.0,0.0,0.0,63,0.0,0.0,0.0,0.0,0.0,0.0,0.0,0.0,0.0,0,0,0,0.0,0.0,0.0,0.0,0.0,0.0,0.0,0.0,0.0,0.0,0.0,0.0,0.0,0.0,0.0,0.0,0,-107875648.0,63,0.0,126,2.7184242562605685e+23,-0.0,ERR,ERR,ERR,ERR,ERR,ERR,ERR,ERR,ERR,ERR,ERR,ERR,ERR,ERR,ERR,ERR,ERR,ERR,ERR,ERR,ERR,ERR,ERR,ERR,ERR,ERR,ERR,ERR,ERR,ERR,ERR,ERR,ERR,ERR,ERR,ERR,ERR,ERR,ERR,ERR,ERR,ERR,ERR,ERR,ERR,ERR,ERR,ERR,ERR,ERR,ERR,ERR,ERR,ERR,ERR,ERR,ERR,ERR,ERR,ERR,ERR,ERR,ERR,ERR,ERR,ERR,ERR,34.0,80.0,35,0.0,0.0,0.0,0.0,0.0,0.0,0.0,0.0,0.0,0.0,0.0,0.0,0.0,0.0,0.0,0.0,64.4,0,116,56,50,65476,0,300,0,0,8,20529,65476,0,0,57672,80.0,0.0,0.0,0.0,0.0,0.0
2026-06-17T04:35:57,ERR,ERR,ERR,ERR,ERR,ERR,ERR,ERR,ERR,ERR,ERR,ERR,ERR,ERR,ERR,ERR,ERR,ERR,ERR,ERR,ERR,ERR,ERR,ERR,ERR,ERR,ERR,ERR,ERR,ERR,ERR,ERR,ERR,ERR,ERR,ERR,ERR,ERR,ERR,ERR,ERR,ERR,ERR,ERR,ERR,ERR,ERR,ERR,ERR,ERR,ERR,ERR,ERR,ERR,ERR,ERR,ERR,ERR,ERR,ERR,ERR,ERR,ERR,ERR,ERR,ERR,ERR,ERR,ERR,ERR,ERR,ERR,ERR,ERR,ERR,ERR,ERR,ERR,ERR,ERR,ERR,ERR,ERR,ERR,ERR,ERR,ERR,ERR,ERR,ERR,ERR,ERR,ERR,ERR,ERR,ERR,ERR,ERR,ERR,ERR,ERR,ERR,ERR,ERR,ERR,ERR,ERR,ERR,ERR,ERR,ERR,ERR,ERR,ERR,ERR,ERR,ERR,ERR,ERR,ERR,ERR,ERR,ERR,ERR,ERR,0.0,-0.0,3.028208139652935e+23,0.0,0.0,1.3936040501711995e+18,7.805,0.0,0,0,4,0,7300,-0.0,0,0.0,0.0,0.0,0.0,0.0,0,0,0,0,0.0,0,0,0,0,0,0,0,0,0,0,0,0,0,0,0,0,0,0,0,0,0,0,0,0,0,0,0,0,0,0,0,0,0,32,30,30,62,65476,0,300,0,0,8,21553,0.0,-107605600.0,0.0,0.0,0.0,0.0,0.0,0.0,0.0,0.0,0.0,0.0,0.0,0.0,0.0,0.0,0.0,0.0,0.0,0.0,0.0,0.0,2.004,-2.004,-0.0,-2.004,0.0,0.0,0.0,0.0,5407.0,-564146638684160.0,6971.0,0.0,-0.0,-107615280.0,-0.0,0.0,0.0,0.0,0.0,63,0.0,0.0,0.0,0.0,0.0,0.0,0.0,0.0,0.0,0,0,0,0.0,0.0,0.0,0.0,0.0,0.0,0.0,0.0,0.0,0.0,0.0,0.0,0.0,0.0,0.0,0.0,0,-107875648.0,63,0.0,126,2.7184242562605685e+23,-0.0,ERR,ERR,ERR,ERR,ERR,ERR,ERR,ERR,ERR,ERR,ERR,ERR,ERR,ERR,ERR,ERR,ERR,ERR,ERR,ERR,ERR,ERR,ERR,ERR,ERR,ERR,ERR,ERR,ERR,ERR,ERR,ERR,ERR,ERR,ERR,ERR,ERR,ERR,ERR,ERR,ERR,ERR,ERR,ERR,ERR,ERR,ERR,ERR,ERR,ERR,ERR,ERR,ERR,ERR,ERR,ERR,ERR,ERR,ERR,ERR,ERR,ERR,ERR,ERR,ERR,ERR,ERR,34.0,80.0,35,0.0,0.0,0.0,0.0,0.0,0.0,0.0,0.0,0.0,0.0,0.0,0.0,0.0,0.0,0.0,0.0,64.4,0,116,56,50,65476,0,300,0,0,8,20529,65476,0,0,57672,80.0,0.0,0.0,0.0,0.0,0.0
2026-06-17T04:35:58,ERR,ERR,ERR,ERR,ERR,ERR,ERR,ERR,ERR,ERR,ERR,ERR,ERR,ERR,ERR,ERR,ERR,ERR,ERR,ERR,ERR,ERR,ERR,ERR,ERR,ERR,ERR,ERR,ERR,ERR,ERR,ERR,ERR,ERR,ERR,ERR,ERR,ERR,ERR,ERR,ERR,ERR,ERR,ERR,ERR,ERR,ERR,ERR,ERR,ERR,ERR,ERR,ERR,ERR,ERR,ERR,ERR,ERR,ERR,ERR,ERR,ERR,ERR,ERR,ERR,ERR,ERR,ERR,ERR,ERR,ERR,ERR,ERR,ERR,ERR,ERR,ERR,ERR,ERR,ERR,ERR,ERR,ERR,ERR,ERR,ERR,ERR,ERR,ERR,ERR,ERR,ERR,ERR,ERR,ERR,ERR,ERR,ERR,ERR,ERR,ERR,ERR,ERR,ERR,ERR,ERR,ERR,ERR,ERR,ERR,ERR,ERR,ERR,ERR,ERR,ERR,ERR,ERR,ERR,ERR,ERR,ERR,ERR,ERR,ERR,0.0,-0.0,3.028208139652935e+23,0.0,0.0,1.3936040501711995e+18,7.805,0.0,0,0,4,0,7300,-0.0,0,0.0,0.0,0.0,0.0,0.0,0,0,0,0,0.0,0,0,0,0,0,0,0,0,0,0,0,0,0,0,0,0,0,0,0,0,0,0,0,0,0,0,0,0,0,0,0,0,0,32,30,30,62,65476,0,300,0,0,8,21553,0.0,-107605600.0,0.0,0.0,0.0,0.0,0.0,0.0,0.0,0.0,0.0,0.0,0.0,0.0,0.0,0.0,0.0,0.0,0.0,0.0,0.0,0.0,2.004,-2.004,-0.0,-2.004,0.0,0.0,0.0,0.0,5407.0,-564146638684160.0,6971.0,0.0,-0.0,-107615280.0,-0.0,0.0,0.0,0.0,0.0,63,0.0,0.0,0.0,0.0,0.0,0.0,0.0,0.0,0.0,0,0,0,0.0,0.0,0.0,0.0,0.0,0.0,0.0,0.0,0.0,0.0,0.0,0.0,0.0,0.0,0.0,0.0,0,-107875648.0,63,0.0,126,2.7184242562605685e+23,-0.0,ERR,ERR,ERR,ERR,ERR,ERR,ERR,ERR,ERR,ERR,ERR,ERR,ERR,ERR,ERR,ERR,ERR,ERR,ERR,ERR,ERR,ERR,ERR,ERR,ERR,ERR,ERR,ERR,ERR,ERR,ERR,ERR,ERR,ERR,ERR,ERR,ERR,ERR,ERR,ERR,ERR,ERR,ERR,ERR,ERR,ERR,ERR,ERR,ERR,ERR,ERR,ERR,ERR,ERR,ERR,ERR,ERR,ERR,ERR,ERR,ERR,ERR,ERR,ERR,ERR,ERR,ERR,34.0,80.0,35,0.0,0.0,0.0,0.0,0.0,0.0,0.0,0.0,0.0,0.0,0.0,0.0,0.0,0.0,0.0,0.0,64.4,0,116,56,50,65476,0,300,0,0,8,20529,65476,0,0,57672,80.0,0.0,0.0,0.0,0.0,0.0
2026-06-17T04:35:59,ERR,ERR,ERR,ERR,ERR,ERR,ERR,ERR,ERR,ERR,ERR,ERR,ERR,ERR,ERR,ERR,ERR,ERR,ERR,ERR,ERR,ERR,ERR,ERR,ERR,ERR,ERR,ERR,ERR,ERR,ERR,ERR,ERR,ERR,ERR,ERR,ERR,ERR,ERR,ERR,ERR,ERR,ERR,ERR,ERR,ERR,ERR,ERR,ERR,ERR,ERR,ERR,ERR,ERR,ERR,ERR,ERR,ERR,ERR,ERR,ERR,ERR,ERR,ERR,ERR,ERR,ERR,ERR,ERR,ERR,ERR,ERR,ERR,ERR,ERR,ERR,ERR,ERR,ERR,ERR,ERR,ERR,ERR,ERR,ERR,ERR,ERR,ERR,ERR,ERR,ERR,ERR,ERR,ERR,ERR,ERR,ERR,ERR,ERR,ERR,ERR,ERR,ERR,ERR,ERR,ERR,ERR,ERR,ERR,ERR,ERR,ERR,ERR,ERR,ERR,ERR,ERR,ERR,ERR,ERR,ERR,ERR,ERR,ERR,ERR,0.0,-0.0,3.028208139652935e+23,0.0,0.0,1.3936040501711995e+18,7.805,0.0,0,0,4,0,7300,-0.0,0,0.0,0.0,0.0,0.0,0.0,0,0,0,0,0.0,0,0,0,0,0,0,0,0,0,0,0,0,0,0,0,0,0,0,0,0,0,0,0,0,0,0,0,0,0,0,0,0,0,32,30,30,62,65476,0,300,0,0,8,21553,0.0,-107605600.0,0.0,0.0,0.0,0.0,0.0,0.0,0.0,0.0,0.0,0.0,0.0,0.0,0.0,0.0,0.0,0.0,0.0,0.0,0.0,0.0,2.004,-2.004,-0.0,-2.004,0.0,0.0,0.0,0.0,5407.0,-3.697191411280511e+19,6972.0,0.0,-0.0,-107615280.0,-0.0,0.0,0.0,0.0,0.0,63,0.0,0.0,0.0,0.0,0.0,0.0,0.0,0.0,0.0,0,0,0,0.0,0.0,0.0,0.0,0.0,0.0,0.0,0.0,0.0,0.0,0.0,0.0,0.0,0.0,0.0,0.0,0,-107875648.0,63,0.0,126,2.7184242562605685e+23,-0.0,ERR,ERR,ERR,ERR,ERR,ERR,ERR,ERR,ERR,ERR,ERR,ERR,ERR,ERR,ERR,ERR,ERR,ERR,ERR,ERR,ERR,ERR,ERR,ERR,ERR,ERR,ERR,ERR,ERR,ERR,ERR,ERR,ERR,ERR,ERR,ERR,ERR,ERR,ERR,ERR,ERR,ERR,ERR,ERR,ERR,ERR,ERR,ERR,ERR,ERR,ERR,ERR,ERR,ERR,ERR,ERR,ERR,ERR,ERR,ERR,ERR,ERR,ERR,ERR,ERR,ERR,ERR,34.0,80.0,35,0.0,0.0,0.0,0.0,0.0,0.0,0.0,0.0,0.0,0.0,0.0,0.0,0.0,0.0,0.0,0.0,64.4,0,116,56,50,65476,0,300,0,0,8,20529,65476,0,0,57672,80.0,0.0,0.0,0.0,0.0,0.0
2026-06-17T04:36:00,ERR,ERR,ERR,ERR,ERR,ERR,ERR,ERR,ERR,ERR,ERR,ERR,ERR,ERR,ERR,ERR,ERR,ERR,ERR,ERR,ERR,ERR,ERR,ERR,ERR,ERR,ERR,ERR,ERR,ERR,ERR,ERR,ERR,ERR,ERR,ERR,ERR,ERR,ERR,ERR,ERR,ERR,ERR,ERR,ERR,ERR,ERR,ERR,ERR,ERR,ERR,ERR,ERR,ERR,ERR,ERR,ERR,ERR,ERR,ERR,ERR,ERR,ERR,ERR,ERR,ERR,ERR,ERR,ERR,ERR,ERR,ERR,ERR,ERR,ERR,ERR,ERR,ERR,ERR,ERR,ERR,ERR,ERR,ERR,ERR,ERR,ERR,ERR,ERR,ERR,ERR,ERR,ERR,ERR,ERR,ERR,ERR,ERR,ERR,ERR,ERR,ERR,ERR,ERR,ERR,ERR,ERR,ERR,ERR,ERR,ERR,ERR,ERR,ERR,ERR,ERR,ERR,ERR,ERR,ERR,ERR,ERR,ERR,ERR,ERR,0.0,-0.0,3.028208139652935e+23,0.0,0.0,1.3936040501711995e+18,7.805,0.0,0,0,4,0,7300,-0.0,0,0.0,0.0,0.0,0.0,0.0,0,0,0,0,0.0,0,0,0,0,0,0,0,0,0,0,0,0,0,0,0,0,0,0,0,0,0,0,0,0,0,0,0,0,0,0,0,0,0,32,30,30,62,65476,0,300,0,0,8,21553,0.0,-107605600.0,0.0,0.0,0.0,0.0,0.0,0.0,0.0,0.0,0.0,0.0,0.0,0.0,0.0,0.0,0.0,0.0,0.0,0.0,0.0,0.0,2.004,-2.004,-0.0,-2.004,0.0,0.0,0.0,0.0,5407.0,-3.697191411280511e+19,6972.0,0.0,-0.0,-107615280.0,-0.0,0.0,0.0,0.0,0.0,63,0.0,0.0,0.0,0.0,0.0,0.0,0.0,0.0,0.0,0,0,0,0.0,0.0,0.0,0.0,0.0,0.0,0.0,0.0,0.0,0.0,0.0,0.0,0.0,0.0,0.0,0.0,0,-107875648.0,63,0.0,126,2.7184242562605685e+23,-0.0,ERR,ERR,ERR,ERR,ERR,ERR,ERR,ERR,ERR,ERR,ERR,ERR,ERR,ERR,ERR,ERR,ERR,ERR,ERR,ERR,ERR,ERR,ERR,ERR,ERR,ERR,ERR,ERR,ERR,ERR,ERR,ERR,ERR,ERR,ERR,ERR,ERR,ERR,ERR,ERR,ERR,ERR,ERR,ERR,ERR,ERR,ERR,ERR,ERR,ERR,ERR,ERR,ERR,ERR,ERR,ERR,ERR,ERR,ERR,ERR,ERR,ERR,ERR,ERR,ERR,ERR,ERR,34.0,80.0,35,0.0,0.0,0.0,0.0,0.0,0.0,0.0,0.0,0.0,0.0,0.0,0.0,0.0,0.0,0.0,0.0,64.8,0,116,56,50,65476,0,300,0,0,8,20529,65476,0,0,57672,80.0,0.0,0.0,0.0,0.0,0.0
2026-06-17T04:36:01,ERR,ERR,ERR,ERR,ERR,ERR,ERR,ERR,ERR,ERR,ERR,ERR,ERR,ERR,ERR,ERR,ERR,ERR,ERR,ERR,ERR,ERR,ERR,ERR,ERR,ERR,ERR,ERR,ERR,ERR,ERR,ERR,ERR,ERR,ERR,ERR,ERR,ERR,ERR,ERR,ERR,ERR,ERR,ERR,ERR,ERR,ERR,ERR,ERR,ERR,ERR,ERR,ERR,ERR,ERR,ERR,ERR,ERR,ERR,ERR,ERR,ERR,ERR,ERR,ERR,ERR,ERR,ERR,ERR,ERR,ERR,ERR,ERR,ERR,ERR,ERR,ERR,ERR,ERR,ERR,ERR,ERR,ERR,ERR,ERR,ERR,ERR,ERR,ERR,ERR,ERR,ERR,ERR,ERR,ERR,ERR,ERR,ERR,ERR,ERR,ERR,ERR,ERR,ERR,ERR,ERR,ERR,ERR,ERR,ERR,ERR,ERR,ERR,ERR,ERR,ERR,ERR,ERR,ERR,ERR,ERR,ERR,ERR,ERR,ERR,0.0,-0.0,3.028208139652935e+23,0.0,0.0,1.3936040501711995e+18,7.805,0.0,0,0,4,0,7300,-0.0,0,0.0,0.0,0.0,0.0,0.0,0,0,0,0,0.0,0,0,0,0,0,0,0,0,0,0,0,0,0,0,0,0,0,0,0,0,0,0,0,0,0,0,0,0,0,0,0,0,0,32,30,30,62,65476,0,300,0,0,8,21553,0.0,-107605600.0,0.0,0.0,0.0,0.0,0.0,0.0,0.0,0.0,0.0,0.0,0.0,0.0,0.0,0.0,0.0,0.0,0.0,0.0,0.0,0.0,2.004,-2.004,-0.0,-2.004,0.0,0.0,0.0,0.0,5407.0,-3.697191411280511e+19,6972.0,0.0,-0.0,-107615280.0,-0.0,0.0,0.0,0.0,0.0,63,0.0,0.0,0.0,0.0,0.0,0.0,0.0,0.0,0.0,0,0,0,0.0,0.0,0.0,0.0,0.0,0.0,0.0,0.0,0.0,0.0,0.0,0.0,0.0,0.0,0.0,0.0,0,-107875648.0,63,0.0,126,2.7184242562605685e+23,-0.0,ERR,ERR,ERR,ERR,ERR,ERR,ERR,ERR,ERR,ERR,ERR,ERR,ERR,ERR,ERR,ERR,ERR,ERR,ERR,ERR,ERR,ERR,ERR,ERR,ERR,ERR,ERR,ERR,ERR,ERR,ERR,ERR,ERR,ERR,ERR,ERR,ERR,ERR,ERR,ERR,ERR,ERR,ERR,ERR,ERR,ERR,ERR,ERR,ERR,ERR,ERR,ERR,ERR,ERR,ERR,ERR,ERR,ERR,ERR,ERR,ERR,ERR,ERR,ERR,ERR,ERR,ERR,34.0,80.0,35,0.0,0.0,0.0,0.0,0.0,0.0,0.0,0.0,0.0,0.0,0.0,0.0,0.0,0.0,0.0,0.0,64.8,0,116,56,50,65476,0,300,0,0,8,20529,65476,0,0,57672,80.0,0.0,0.0,0.0,0.0,0.0
2026-06-17T04:36:02,ERR,ERR,ERR,ERR,ERR,ERR,ERR,ERR,ERR,ERR,ERR,ERR,ERR,ERR,ERR,ERR,ERR,ERR,ERR,ERR,ERR,ERR,ERR,ERR,ERR,ERR,ERR,ERR,ERR,ERR,ERR,ERR,ERR,ERR,ERR,ERR,ERR,ERR,ERR,ERR,ERR,ERR,ERR,ERR,ERR,ERR,ERR,ERR,ERR,ERR,ERR,ERR,ERR,ERR,ERR,ERR,ERR,ERR,ERR,ERR,ERR,ERR,ERR,ERR,ERR,ERR,ERR,ERR,ERR,ERR,ERR,ERR,ERR,ERR,ERR,ERR,ERR,ERR,ERR,ERR,ERR,ERR,ERR,ERR,ERR,ERR,ERR,ERR,ERR,ERR,ERR,ERR,ERR,ERR,ERR,ERR,ERR,ERR,ERR,ERR,ERR,ERR,ERR,ERR,ERR,ERR,ERR,ERR,ERR,ERR,ERR,ERR,ERR,ERR,ERR,ERR,ERR,ERR,ERR,ERR,ERR,ERR,ERR,ERR,ERR,0.0,-0.0,3.028208139652935e+23,0.0,0.0,1.3936040501711995e+18,7.805,0.0,0,0,4,0,7300,-0.0,0,0.0,0.0,0.0,0.0,0.0,0,0,0,0,0.0,0,0,0,0,0,0,0,0,0,0,0,0,0,0,0,0,0,0,0,0,0,0,0,0,0,0,0,0,0,0,0,0,0,32,30,30,62,65476,0,300,0,0,8,21553,0.0,-107605600.0,0.0,0.0,0.0,0.0,0.0,0.0,0.0,0.0,0.0,0.0,0.0,0.0,0.0,0.0,0.0,0.0,0.0,0.0,0.0,0.0,2.004,-2.004,-0.0,-2.004,0.0,0.0,0.0,0.0,5407.0,-3.697191411280511e+19,6972.0,0.0,-0.0,-107615280.0,-0.0,0.0,0.0,0.0,0.0,63,0.0,0.0,0.0,0.0,0.0,0.0,0.0,0.0,0.0,0,0,0,0.0,0.0,0.0,0.0,0.0,0.0,0.0,0.0,0.0,0.0,0.0,0.0,0.0,0.0,0.0,0.0,0,-107875648.0,63,0.0,126,2.7184242562605685e+23,-0.0,ERR,ERR,ERR,ERR,ERR,ERR,ERR,ERR,ERR,ERR,ERR,ERR,ERR,ERR,ERR,ERR,ERR,ERR,ERR,ERR,ERR,ERR,ERR,ERR,ERR,ERR,ERR,ERR,ERR,ERR,ERR,ERR,ERR,ERR,ERR,ERR,ERR,ERR,ERR,ERR,ERR,ERR,ERR,ERR,ERR,ERR,ERR,ERR,ERR,ERR,ERR,ERR,ERR,ERR,ERR,ERR,ERR,ERR,ERR,ERR,ERR,ERR,ERR,ERR,ERR,ERR,ERR,34.0,80.0,35,0.0,0.0,0.0,0.0,0.0,0.0,0.0,0.0,0.0,0.0,0.0,0.0,0.0,0.0,0.0,0.0,64.8,0,116,56,50,65476,0,300,0,0,8,20529,65476,0,0,57672,80.0,0.0,0.0,0.0,0.0,0.0
2026-06-17T04:36:03,ERR,ERR,ERR,ERR,ERR,ERR,ERR,ERR,ERR,ERR,ERR,ERR,ERR,ERR,ERR,ERR,ERR,ERR,ERR,ERR,ERR,ERR,ERR,ERR,ERR,ERR,ERR,ERR,ERR,ERR,ERR,ERR,ERR,ERR,ERR,ERR,ERR,ERR,ERR,ERR,ERR,ERR,ERR,ERR,ERR,ERR,ERR,ERR,ERR,ERR,ERR,ERR,ERR,ERR,ERR,ERR,ERR,ERR,ERR,ERR,ERR,ERR,ERR,ERR,ERR,ERR,ERR,ERR,ERR,ERR,ERR,ERR,ERR,ERR,ERR,ERR,ERR,ERR,ERR,ERR,ERR,ERR,ERR,ERR,ERR,ERR,ERR,ERR,ERR,ERR,ERR,ERR,ERR,ERR,ERR,ERR,ERR,ERR,ERR,ERR,ERR,ERR,ERR,ERR,ERR,ERR,ERR,ERR,ERR,ERR,ERR,ERR,ERR,ERR,ERR,ERR,ERR,ERR,ERR,ERR,ERR,ERR,ERR,ERR,ERR,0.0,-0.0,3.028208139652935e+23,0.0,0.0,1.3936040501711995e+18,7.805,0.0,0,0,4,0,7300,-0.0,0,0.0,0.0,0.0,0.0,0.0,0,0,0,0,0.0,0,0,0,0,0,0,0,0,0,0,0,0,0,0,0,0,0,0,0,0,0,0,0,0,0,0,0,0,0,0,0,0,0,32,30,30,62,65476,0,300,0,0,8,21553,0.0,-107605600.0,0.0,0.0,0.0,0.0,0.0,0.0,0.0,0.0,0.0,0.0,0.0,0.0,0.0,0.0,0.0,0.0,0.0,0.0,0.0,0.0,2.004,-2.004,-0.0,-2.004,0.0,0.0,0.0,0.0,5407.0,-3.697191411280511e+19,6972.0,0.0,-0.0,-107615280.0,-0.0,0.0,0.0,0.0,0.0,63,0.0,0.0,0.0,0.0,0.0,0.0,0.0,0.0,0.0,0,0,0,0.0,0.0,0.0,0.0,0.0,0.0,0.0,0.0,0.0,0.0,0.0,0.0,0.0,0.0,0.0,0.0,0,-107875648.0,63,0.0,126,2.7184242562605685e+23,-0.0,ERR,ERR,ERR,ERR,ERR,ERR,ERR,ERR,ERR,ERR,ERR,ERR,ERR,ERR,ERR,ERR,ERR,ERR,ERR,ERR,ERR,ERR,ERR,ERR,ERR,ERR,ERR,ERR,ERR,ERR,ERR,ERR,ERR,ERR,ERR,ERR,ERR,ERR,ERR,ERR,ERR,ERR,ERR,ERR,ERR,ERR,ERR,ERR,ERR,ERR,ERR,ERR,ERR,ERR,ERR,ERR,ERR,ERR,ERR,ERR,ERR,ERR,ERR,ERR,ERR,ERR,ERR,34.0,80.0,35,0.0,0.0,0.0,0.0,0.0,0.0,0.0,0.0,0.0,0.0,0.0,0.0,0.0,0.0,0.0,0.0,64.8,0,116,56,50,65476,0,300,0,0,8,20529,65476,0,0,57672,80.0,0.0,0.0,0.0,0.0,0.0
2026-06-17T04:36:04,ERR,ERR,ERR,ERR,ERR,ERR,ERR,ERR,ERR,ERR,ERR,ERR,ERR,ERR,ERR,ERR,ERR,ERR,ERR,ERR,ERR,ERR,ERR,ERR,ERR,ERR,ERR,ERR,ERR,ERR,ERR,ERR,ERR,ERR,ERR,ERR,ERR,ERR,ERR,ERR,ERR,ERR,ERR,ERR,ERR,ERR,ERR,ERR,ERR,ERR,ERR,ERR,ERR,ERR,ERR,ERR,ERR,ERR,ERR,ERR,ERR,ERR,ERR,ERR,ERR,ERR,ERR,ERR,ERR,ERR,ERR,ERR,ERR,ERR,ERR,ERR,ERR,ERR,ERR,ERR,ERR,ERR,ERR,ERR,ERR,ERR,ERR,ERR,ERR,ERR,ERR,ERR,ERR,ERR,ERR,ERR,ERR,ERR,ERR,ERR,ERR,ERR,ERR,ERR,ERR,ERR,ERR,ERR,ERR,ERR,ERR,ERR,ERR,ERR,ERR,ERR,ERR,ERR,ERR,ERR,ERR,ERR,ERR,ERR,ERR,0.0,-0.0,3.028208139652935e+23,0.0,0.0,1.3936040501711995e+18,7.805,0.0,0,0,4,0,7300,-0.0,0,0.0,0.0,0.0,0.0,0.0,0,0,0,0,0.0,0,0,0,0,0,0,0,0,0,0,0,0,0,0,0,0,0,0,0,0,0,0,0,0,0,0,0,0,0,0,0,0,0,32,30,30,62,65476,0,300,0,0,8,21553,0.0,-107605600.0,0.0,0.0,0.0,0.0,0.0,0.0,0.0,0.0,0.0,0.0,0.0,0.0,0.0,0.0,0.0,0.0,0.0,0.0,0.0,0.0,2.004,-2.004,-0.0,-2.004,0.0,0.0,0.0,0.0,5407.0,-3.697191411280511e+19,6972.0,0.0,-0.0,-107615280.0,-0.0,0.0,0.0,0.0,0.0,63,0.0,0.0,0.0,0.0,0.0,0.0,0.0,0.0,0.0,0,0,0,0.0,0.0,0.0,0.0,0.0,0.0,0.0,0.0,0.0,0.0,0.0,0.0,0.0,0.0,0.0,0.0,0,-107875648.0,63,0.0,126,2.7184242562605685e+23,-0.0,ERR,ERR,ERR,ERR,ERR,ERR,ERR,ERR,ERR,ERR,ERR,ERR,ERR,ERR,ERR,ERR,ERR,ERR,ERR,ERR,ERR,ERR,ERR,ERR,ERR,ERR,ERR,ERR,ERR,ERR,ERR,ERR,ERR,ERR,ERR,ERR,ERR,ERR,ERR,ERR,ERR,ERR,ERR,ERR,ERR,ERR,ERR,ERR,ERR,ERR,ERR,ERR,ERR,ERR,ERR,ERR,ERR,ERR,ERR,ERR,ERR,ERR,ERR,ERR,ERR,ERR,ERR,34.0,80.0,35,0.0,0.0,0.0,0.0,0.0,0.0,0.0,0.0,0.0,0.0,0.0,0.0,0.0,0.0,0.0,0.0,64.4,0,116,56,50,65476,0,300,0,0,8,20529,65476,0,0,57672,80.0,0.0,0.0,0.0,0.0,0.0
2026-06-17T04:36:05,ERR,ERR,ERR,ERR,ERR,ERR,ERR,ERR,ERR,ERR,ERR,ERR,ERR,ERR,ERR,ERR,ERR,ERR,ERR,ERR,ERR,ERR,ERR,ERR,ERR,ERR,ERR,ERR,ERR,ERR,ERR,ERR,ERR,ERR,ERR,ERR,ERR,ERR,ERR,ERR,ERR,ERR,ERR,ERR,ERR,ERR,ERR,ERR,ERR,ERR,ERR,ERR,ERR,ERR,ERR,ERR,ERR,ERR,ERR,ERR,ERR,ERR,ERR,ERR,ERR,ERR,ERR,ERR,ERR,ERR,ERR,ERR,ERR,ERR,ERR,ERR,ERR,ERR,ERR,ERR,ERR,ERR,ERR,ERR,ERR,ERR,ERR,ERR,ERR,ERR,ERR,ERR,ERR,ERR,ERR,ERR,ERR,ERR,ERR,ERR,ERR,ERR,ERR,ERR,ERR,ERR,ERR,ERR,ERR,ERR,ERR,ERR,ERR,ERR,ERR,ERR,ERR,ERR,ERR,ERR,ERR,ERR,ERR,ERR,ERR,0.0,-0.0,3.028208139652935e+23,0.0,0.0,1.3936040501711995e+18,7.805,0.0,0,0,4,0,7300,-0.0,0,0.0,0.0,0.0,0.0,0.0,0,0,0,0,0.0,0,0,0,0,0,0,0,0,0,0,0,0,0,0,0,0,0,0,0,0,0,0,0,0,0,0,0,0,0,0,0,0,0,32,30,30,62,65476,0,300,0,0,8,21553,0.0,-107605600.0,0.0,0.0,0.0,0.0,0.0,0.0,0.0,0.0,0.0,0.0,0.0,0.0,0.0,0.0,0.0,0.0,0.0,0.0,0.0,0.0,2.004,-2.004,-0.0,-2.004,0.0,0.0,0.0,0.0,5407.0,-1.587931619850188e+29,6974.0,0.0,-0.0,-107615280.0,-0.0,0.0,0.0,0.0,0.0,63,0.0,0.059,0.0,0.0,0.0,0.0,0.0,0.0,0.0,0,0,0,0.0,0.0,0.0,0.0,0.0,0.0,0.0,0.0,0.0,0.0,0.0,0.0,0.0,0.0,0.0,0.0,0,-107875648.0,63,0.0,126,2.7184242562605685e+23,-0.0,ERR,ERR,ERR,ERR,ERR,ERR,ERR,ERR,ERR,ERR,ERR,ERR,ERR,ERR,ERR,ERR,ERR,ERR,ERR,ERR,ERR,ERR,ERR,ERR,ERR,ERR,ERR,ERR,ERR,ERR,ERR,ERR,ERR,ERR,ERR,ERR,ERR,ERR,ERR,ERR,ERR,ERR,ERR,ERR,ERR,ERR,ERR,ERR,ERR,ERR,ERR,ERR,ERR,ERR,ERR,ERR,ERR,ERR,ERR,ERR,ERR,ERR,ERR,ERR,ERR,ERR,ERR,34.0,80.0,35,0.0,0.0,0.0,0.0,0.0,0.0,0.0,0.0,0.0,0.0,0.0,0.0,0.0,0.0,0.0,0.0,64.4,0,116,56,50,65476,0,300,0,0,8,20529,65476,0,0,57672,80.0,0.0,0.0,0.0,0.0,0.0
2026-06-17T04:36:06,ERR,ERR,ERR,ERR,ERR,ERR,ERR,ERR,ERR,ERR,ERR,ERR,ERR,ERR,ERR,ERR,ERR,ERR,ERR,ERR,ERR,ERR,ERR,ERR,ERR,ERR,ERR,ERR,ERR,ERR,ERR,ERR,ERR,ERR,ERR,ERR,ERR,ERR,ERR,ERR,ERR,ERR,ERR,ERR,ERR,ERR,ERR,ERR,ERR,ERR,ERR,ERR,ERR,ERR,ERR,ERR,ERR,ERR,ERR,ERR,ERR,ERR,ERR,ERR,ERR,ERR,ERR,ERR,ERR,ERR,ERR,ERR,ERR,ERR,ERR,ERR,ERR,ERR,ERR,ERR,ERR,ERR,ERR,ERR,ERR,ERR,ERR,ERR,ERR,ERR,ERR,ERR,ERR,ERR,ERR,ERR,ERR,ERR,ERR,ERR,ERR,ERR,ERR,ERR,ERR,ERR,ERR,ERR,ERR,ERR,ERR,ERR,ERR,ERR,ERR,ERR,ERR,ERR,ERR,ERR,ERR,ERR,ERR,ERR,ERR,0.0,-0.0,3.028208139652935e+23,0.0,0.0,1.3936040501711995e+18,7.805,0.0,0,0,4,0,7300,-0.0,0,0.0,0.0,0.0,0.0,0.0,0,0,0,0,0.0,0,0,0,0,0,0,0,0,0,0,0,0,0,0,0,0,0,0,0,0,0,0,0,0,0,0,0,0,0,0,0,0,0,32,30,30,62,65476,0,300,0,0,8,21553,0.0,-107605600.0,0.0,0.0,0.0,0.0,0.0,0.0,0.0,0.0,0.0,0.0,0.0,0.0,0.0,0.0,0.0,0.0,0.0,0.0,0.0,0.0,2.004,-2.004,-0.0,-2.004,0.0,0.0,0.0,0.0,5407.0,-1.587931619850188e+29,6974.0,0.0,-0.0,-107615280.0,-0.0,0.0,0.0,0.0,0.0,63,0.0,0.059,0.0,0.0,0.0,0.0,0.0,0.0,0.0,0,0,0,0.0,0.0,0.0,0.0,0.0,0.0,0.0,0.0,0.0,0.0,0.0,0.0,0.0,0.0,0.0,0.0,0,-107875648.0,63,0.0,126,2.7184242562605685e+23,-0.0,ERR,ERR,ERR,ERR,ERR,ERR,ERR,ERR,ERR,ERR,ERR,ERR,ERR,ERR,ERR,ERR,ERR,ERR,ERR,ERR,ERR,ERR,ERR,ERR,ERR,ERR,ERR,ERR,ERR,ERR,ERR,ERR,ERR,ERR,ERR,ERR,ERR,ERR,ERR,ERR,ERR,ERR,ERR,ERR,ERR,ERR,ERR,ERR,ERR,ERR,ERR,ERR,ERR,ERR,ERR,ERR,ERR,ERR,ERR,ERR,ERR,ERR,ERR,ERR,ERR,ERR,ERR,34.0,80.0,35,0.0,0.0,0.0,0.0,0.0,0.0,0.0,0.0,0.0,0.0,0.0,0.0,0.0,0.0,0.0,0.0,64.4,0,116,56,50,65476,0,300,0,0,8,20529,65476,0,0,57672,80.0,0.0,0.0,0.0,0.0,0.0
2026-06-17T04:36:07,ERR,ERR,ERR,ERR,ERR,ERR,ERR,ERR,ERR,ERR,ERR,ERR,ERR,ERR,ERR,ERR,ERR,ERR,ERR,ERR,ERR,ERR,ERR,ERR,ERR,ERR,ERR,ERR,ERR,ERR,ERR,ERR,ERR,ERR,ERR,ERR,ERR,ERR,ERR,ERR,ERR,ERR,ERR,ERR,ERR,ERR,ERR,ERR,ERR,ERR,ERR,ERR,ERR,ERR,ERR,ERR,ERR,ERR,ERR,ERR,ERR,ERR,ERR,ERR,ERR,ERR,ERR,ERR,ERR,ERR,ERR,ERR,ERR,ERR,ERR,ERR,ERR,ERR,ERR,ERR,ERR,ERR,ERR,ERR,ERR,ERR,ERR,ERR,ERR,ERR,ERR,ERR,ERR,ERR,ERR,ERR,ERR,ERR,ERR,ERR,ERR,ERR,ERR,ERR,ERR,ERR,ERR,ERR,ERR,ERR,ERR,ERR,ERR,ERR,ERR,ERR,ERR,ERR,ERR,ERR,ERR,ERR,ERR,ERR,ERR,0.0,-0.0,3.028208139652935e+23,0.0,0.0,1.3936040501711995e+18,7.805,0.0,0,0,4,0,7300,-0.0,0,0.0,0.0,0.0,0.0,0.0,0,0,0,0,0.0,0,0,0,0,0,0,0,0,0,0,0,0,0,0,0,0,0,0,0,0,0,0,0,0,0,0,0,0,0,0,0,0,0,32,30,30,62,65476,0,300,0,0,8,21553,0.0,-107605600.0,0.0,0.0,0.0,0.0,0.0,0.0,0.0,0.0,0.0,0.0,0.0,0.0,0.0,0.0,0.0,0.0,0.0,0.0,0.0,0.0,2.004,-2.004,-0.0,-2.004,0.0,0.0,0.0,0.0,5407.0,-1.587931619850188e+29,6974.0,0.0,-0.0,-107615280.0,-0.0,0.0,0.0,0.0,0.0,63,0.0,0.059,0.0,0.0,0.0,0.0,0.0,0.0,0.0,0,0,0,0.0,0.0,0.0,0.0,0.0,0.0,0.0,0.0,0.0,0.0,0.0,0.0,0.0,0.0,0.0,0.0,0,-107875648.0,63,0.0,126,2.7184242562605685e+23,-0.0,ERR,ERR,ERR,ERR,ERR,ERR,ERR,ERR,ERR,ERR,ERR,ERR,ERR,ERR,ERR,ERR,ERR,ERR,ERR,ERR,ERR,ERR,ERR,ERR,ERR,ERR,ERR,ERR,ERR,ERR,ERR,ERR,ERR,ERR,ERR,ERR,ERR,ERR,ERR,ERR,ERR,ERR,ERR,ERR,ERR,ERR,ERR,ERR,ERR,ERR,ERR,ERR,ERR,ERR,ERR,ERR,ERR,ERR,ERR,ERR,ERR,ERR,ERR,ERR,ERR,ERR,ERR,34.0,80.0,35,0.0,0.0,0.0,0.0,0.0,0.0,0.0,0.0,0.0,0.0,0.0,0.0,0.0,0.0,0.0,0.0,64.4,0,116,56,50,65476,0,300,0,0,8,20529,65476,0,0,57672,80.0,0.0,0.0,0.0,0.0,0.0
2026-06-17T04:36:08,ERR,ERR,ERR,ERR,ERR,ERR,ERR,ERR,ERR,ERR,ERR,ERR,ERR,ERR,ERR,ERR,ERR,ERR,ERR,ERR,ERR,ERR,ERR,ERR,ERR,ERR,ERR,ERR,ERR,ERR,ERR,ERR,ERR,ERR,ERR,ERR,ERR,ERR,ERR,ERR,ERR,ERR,ERR,ERR,ERR,ERR,ERR,ERR,ERR,ERR,ERR,ERR,ERR,ERR,ERR,ERR,ERR,ERR,ERR,ERR,ERR,ERR,ERR,ERR,ERR,ERR,ERR,ERR,ERR,ERR,ERR,ERR,ERR,ERR,ERR,ERR,ERR,ERR,ERR,ERR,ERR,ERR,ERR,ERR,ERR,ERR,ERR,ERR,ERR,ERR,ERR,ERR,ERR,ERR,ERR,ERR,ERR,ERR,ERR,ERR,ERR,ERR,ERR,ERR,ERR,ERR,ERR,ERR,ERR,ERR,ERR,ERR,ERR,ERR,ERR,ERR,ERR,ERR,ERR,ERR,ERR,ERR,ERR,ERR,ERR,0.0,-0.0,3.028208139652935e+23,0.0,0.0,1.3936040501711995e+18,7.805,0.0,0,0,4,0,7300,-0.0,0,0.0,0.0,0.0,0.0,0.0,0,0,0,0,0.0,0,0,0,0,0,0,0,0,0,0,0,0,0,0,0,0,0,0,0,0,0,0,0,0,0,0,0,0,0,0,0,0,0,32,30,30,62,65476,0,300,0,0,8,21553,0.0,-107605600.0,0.0,0.0,0.0,0.0,0.0,0.0,0.0,0.0,0.0,0.0,0.0,0.0,0.0,0.0,0.0,0.0,0.0,0.0,0.0,0.0,2.004,-2.004,-0.0,-2.004,0.0,0.0,0.0,0.0,5407.0,-1.587931619850188e+29,6974.0,0.0,-0.0,-107615280.0,-0.0,0.0,0.0,0.0,0.0,63,0.0,0.059,0.0,0.0,0.0,0.0,0.0,0.0,0.0,0,0,0,0.0,0.0,0.0,0.0,0.0,0.0,0.0,0.0,0.0,0.0,0.0,0.0,0.0,0.0,0.0,0.0,0,-107875648.0,63,0.0,126,2.7184242562605685e+23,-0.0,ERR,ERR,ERR,ERR,ERR,ERR,ERR,ERR,ERR,ERR,ERR,ERR,ERR,ERR,ERR,ERR,ERR,ERR,ERR,ERR,ERR,ERR,ERR,ERR,ERR,ERR,ERR,ERR,ERR,ERR,ERR,ERR,ERR,ERR,ERR,ERR,ERR,ERR,ERR,ERR,ERR,ERR,ERR,ERR,ERR,ERR,ERR,ERR,ERR,ERR,ERR,ERR,ERR,ERR,ERR,ERR,ERR,ERR,ERR,ERR,ERR,ERR,ERR,ERR,ERR,ERR,ERR,34.0,80.0,35,0.0,0.0,0.0,0.0,0.0,0.0,0.0,0.0,0.0,0.0,0.0,0.0,0.0,0.0,0.0,0.0,64.4,0,116,56,50,65476,0,300,0,0,8,20529,65476,0,0,57672,80.0,0.0,0.0,0.0,0.0,0.0
2026-06-17T04:36:09,ERR,ERR,ERR,ERR,ERR,ERR,ERR,ERR,ERR,ERR,ERR,ERR,ERR,ERR,ERR,ERR,ERR,ERR,ERR,ERR,ERR,ERR,ERR,ERR,ERR,ERR,ERR,ERR,ERR,ERR,ERR,ERR,ERR,ERR,ERR,ERR,ERR,ERR,ERR,ERR,ERR,ERR,ERR,ERR,ERR,ERR,ERR,ERR,ERR,ERR,ERR,ERR,ERR,ERR,ERR,ERR,ERR,ERR,ERR,ERR,ERR,ERR,ERR,ERR,ERR,ERR,ERR,ERR,ERR,ERR,ERR,ERR,ERR,ERR,ERR,ERR,ERR,ERR,ERR,ERR,ERR,ERR,ERR,ERR,ERR,ERR,ERR,ERR,ERR,ERR,ERR,ERR,ERR,ERR,ERR,ERR,ERR,ERR,ERR,ERR,ERR,ERR,ERR,ERR,ERR,ERR,ERR,ERR,ERR,ERR,ERR,ERR,ERR,ERR,ERR,ERR,ERR,ERR,ERR,ERR,ERR,ERR,ERR,ERR,ERR,0.0,-0.0,3.028208139652935e+23,0.0,0.0,1.3936040501711995e+18,7.805,0.0,0,0,4,0,7300,-0.0,0,0.0,0.0,0.0,0.0,0.0,0,0,0,0,0.0,0,0,0,0,0,0,0,0,0,0,0,0,0,0,0,0,0,0,0,0,0,0,0,0,0,0,0,0,0,0,0,0,0,32,30,30,62,65476,0,300,0,0,8,21553,0.0,-107605600.0,0.0,0.0,0.0,0.0,0.0,0.0,0.0,0.0,0.0,0.0,0.0,0.0,0.0,0.0,0.0,0.0,0.0,0.0,0.0,0.0,2.004,-2.004,-0.0,-2.004,0.0,0.0,0.0,0.0,5407.0,-1.587931619850188e+29,6974.0,0.0,-0.0,-107615280.0,-0.0,0.0,0.0,0.0,0.0,63,0.0,0.059,0.0,0.0,0.0,0.0,0.0,0.0,0.0,0,0,0,0.0,0.0,0.0,0.0,0.0,0.0,0.0,0.0,0.0,0.0,0.0,0.0,0.0,0.0,0.0,0.0,0,-107875648.0,63,0.0,126,2.7184242562605685e+23,-0.0,ERR,ERR,ERR,ERR,ERR,ERR,ERR,ERR,ERR,ERR,ERR,ERR,ERR,ERR,ERR,ERR,ERR,ERR,ERR,ERR,ERR,ERR,ERR,ERR,ERR,ERR,ERR,ERR,ERR,ERR,ERR,ERR,ERR,ERR,ERR,ERR,ERR,ERR,ERR,ERR,ERR,ERR,ERR,ERR,ERR,ERR,ERR,ERR,ERR,ERR,ERR,ERR,ERR,ERR,ERR,ERR,ERR,ERR,ERR,ERR,ERR,ERR,ERR,ERR,ERR,ERR,ERR,34.0,80.0,35,0.0,0.0,0.0,0.0,0.0,0.0,0.0,0.0,0.0,0.0,0.0,0.0,0.0,0.0,0.0,0.0,64.4,0,116,56,50,65476,0,300,0,0,8,20529,65476,0,0,57672,80.0,0.0,0.0,0.0,0.0,0.0
2026-06-17T04:36:10,ERR,ERR,ERR,ERR,ERR,ERR,ERR,ERR,ERR,ERR,ERR,ERR,ERR,ERR,ERR,ERR,ERR,ERR,ERR,ERR,ERR,ERR,ERR,ERR,ERR,ERR,ERR,ERR,ERR,ERR,ERR,ERR,ERR,ERR,ERR,ERR,ERR,ERR,ERR,ERR,ERR,ERR,ERR,ERR,ERR,ERR,ERR,ERR,ERR,ERR,ERR,ERR,ERR,ERR,ERR,ERR,ERR,ERR,ERR,ERR,ERR,ERR,ERR,ERR,ERR,ERR,ERR,ERR,ERR,ERR,ERR,ERR,ERR,ERR,ERR,ERR,ERR,ERR,ERR,ERR,ERR,ERR,ERR,ERR,ERR,ERR,ERR,ERR,ERR,ERR,ERR,ERR,ERR,ERR,ERR,ERR,ERR,ERR,ERR,ERR,ERR,ERR,ERR,ERR,ERR,ERR,ERR,ERR,ERR,ERR,ERR,ERR,ERR,ERR,ERR,ERR,ERR,ERR,ERR,ERR,ERR,ERR,ERR,ERR,ERR,0.0,-0.0,3.028208139652935e+23,0.0,0.0,1.3936040501711995e+18,7.805,0.0,0,0,4,0,7300,-0.0,0,0.0,0.0,0.0,0.0,0.0,0,0,0,0,0.0,0,0,0,0,0,0,0,0,0,0,0,0,0,0,0,0,0,0,0,0,0,0,0,0,0,0,0,0,0,0,0,0,0,32,30,30,62,65476,0,300,0,0,8,21553,0.0,-107605600.0,0.0,0.0,0.0,0.0,0.0,0.0,0.0,0.0,0.0,0.0,0.0,0.0,0.0,0.0,0.0,0.0,0.0,0.0,0.0,0.0,2.004,-2.004,-0.0,-2.004,0.0,0.0,0.0,0.0,5439.0,-1.587931619850188e+29,6974.0,0.0,-0.0,-107615280.0,-0.0,0.0,0.0,0.0,0.0,63,0.0,0.059,0.0,0.0,0.0,0.0,0.0,0.0,0.0,0,0,0,0.0,0.0,0.0,0.0,0.0,0.0,0.0,0.0,0.0,0.0,0.0,0.0,0.0,0.0,0.0,0.0,0,-107875648.0,63,0.0,126,2.7184242562605685e+23,-0.0,ERR,ERR,ERR,ERR,ERR,ERR,ERR,ERR,ERR,ERR,ERR,ERR,ERR,ERR,ERR,ERR,ERR,ERR,ERR,ERR,ERR,ERR,ERR,ERR,ERR,ERR,ERR,ERR,ERR,ERR,ERR,ERR,ERR,ERR,ERR,ERR,ERR,ERR,ERR,ERR,ERR,ERR,ERR,ERR,ERR,ERR,ERR,ERR,ERR,ERR,ERR,ERR,ERR,ERR,ERR,ERR,ERR,ERR,ERR,ERR,ERR,ERR,ERR,ERR,ERR,ERR,ERR,34.0,80.0,35,0.0,0.0,0.0,0.0,0.0,0.0,0.0,0.0,0.0,0.0,0.0,0.0,0.0,0.0,0.0,0.0,64.4,0,116,56,50,65476,0,300,0,0,8,20529,65476,0,0,57672,80.0,0.0,0.0,0.0,0.0,0.0
2026-06-17T04:36:11,ERR,ERR,ERR,ERR,ERR,ERR,ERR,ERR,ERR,ERR,ERR,ERR,ERR,ERR,ERR,ERR,ERR,ERR,ERR,ERR,ERR,ERR,ERR,ERR,ERR,ERR,ERR,ERR,ERR,ERR,ERR,ERR,ERR,ERR,ERR,ERR,ERR,ERR,ERR,ERR,ERR,ERR,ERR,ERR,ERR,ERR,ERR,ERR,ERR,ERR,ERR,ERR,ERR,ERR,ERR,ERR,ERR,ERR,ERR,ERR,ERR,ERR,ERR,ERR,ERR,ERR,ERR,ERR,ERR,ERR,ERR,ERR,ERR,ERR,ERR,ERR,ERR,ERR,ERR,ERR,ERR,ERR,ERR,ERR,ERR,ERR,ERR,ERR,ERR,ERR,ERR,ERR,ERR,ERR,ERR,ERR,ERR,ERR,ERR,ERR,ERR,ERR,ERR,ERR,ERR,ERR,ERR,ERR,ERR,ERR,ERR,ERR,ERR,ERR,ERR,ERR,ERR,ERR,ERR,ERR,ERR,ERR,ERR,ERR,ERR,0.0,-0.0,3.028208139652935e+23,0.0,0.0,1.3936040501711995e+18,7.805,0.0,0,0,4,0,7300,-0.0,0,0.0,0.0,0.0,0.0,0.0,0,0,0,0,0.0,0,0,0,0,0,0,0,0,0,0,0,0,0,0,0,0,0,0,0,0,0,0,0,0,0,0,0,0,0,0,0,0,0,32,30,30,62,65476,0,300,0,0,8,21553,0.0,-107605600.0,0.0,0.0,0.0,0.0,0.0,0.0,0.0,0.0,0.0,0.0,0.0,0.0,0.0,0.0,0.0,0.0,0.0,0.0,0.0,0.0,2.004,-2.004,-0.0,-2.004,0.0,0.0,0.0,0.0,5439.0,-1.587931619850188e+29,6974.0,0.0,-0.0,-107615280.0,-0.0,0.0,0.0,0.0,0.0,63,0.0,0.059,0.0,0.0,0.0,0.0,0.0,0.0,0.0,0,0,0,0.0,0.0,0.0,0.0,0.0,0.0,0.0,0.0,0.0,0.0,0.0,0.0,0.0,0.0,0.0,0.0,0,-107875648.0,63,0.0,126,2.7184242562605685e+23,-0.0,ERR,ERR,ERR,ERR,ERR,ERR,ERR,ERR,ERR,ERR,ERR,ERR,ERR,ERR,ERR,ERR,ERR,ERR,ERR,ERR,ERR,ERR,ERR,ERR,ERR,ERR,ERR,ERR,ERR,ERR,ERR,ERR,ERR,ERR,ERR,ERR,ERR,ERR,ERR,ERR,ERR,ERR,ERR,ERR,ERR,ERR,ERR,ERR,ERR,ERR,ERR,ERR,ERR,ERR,ERR,ERR,ERR,ERR,ERR,ERR,ERR,ERR,ERR,ERR,ERR,ERR,ERR,34.0,80.0,35,0.0,0.0,0.0,0.0,0.0,0.0,0.0,0.0,0.0,0.0,0.0,0.0,0.0,0.0,0.0,0.0,64.4,0,116,56,50,65476,0,300,0,0,8,20529,65476,0,0,57672,80.0,0.0,0.0,0.0,0.0,0.0
2026-06-17T04:36:12,ERR,ERR,ERR,ERR,ERR,ERR,ERR,ERR,ERR,ERR,ERR,ERR,ERR,ERR,ERR,ERR,ERR,ERR,ERR,ERR,ERR,ERR,ERR,ERR,ERR,ERR,ERR,ERR,ERR,ERR,ERR,ERR,ERR,ERR,ERR,ERR,ERR,ERR,ERR,ERR,ERR,ERR,ERR,ERR,ERR,ERR,ERR,ERR,ERR,ERR,ERR,ERR,ERR,ERR,ERR,ERR,ERR,ERR,ERR,ERR,ERR,ERR,ERR,ERR,ERR,ERR,ERR,ERR,ERR,ERR,ERR,ERR,ERR,ERR,ERR,ERR,ERR,ERR,ERR,ERR,ERR,ERR,ERR,ERR,ERR,ERR,ERR,ERR,ERR,ERR,ERR,ERR,ERR,ERR,ERR,ERR,ERR,ERR,ERR,ERR,ERR,ERR,ERR,ERR,ERR,ERR,ERR,ERR,ERR,ERR,ERR,ERR,ERR,ERR,ERR,ERR,ERR,ERR,ERR,ERR,ERR,ERR,ERR,ERR,ERR,0.0,-0.0,3.028208139652935e+23,0.0,0.0,1.3936040501711995e+18,7.805,0.0,0,0,4,0,7300,-0.0,0,0.0,0.0,0.0,0.0,0.0,0,0,0,0,0.0,0,0,0,0,0,0,0,0,0,0,0,0,0,0,0,0,0,0,0,0,0,0,0,0,0,0,0,0,0,0,0,0,0,32,30,30,62,65476,0,300,0,0,8,21553,0.0,-107605600.0,0.0,0.0,0.0,0.0,0.0,0.0,0.0,0.0,0.0,0.0,0.0,0.0,0.0,0.0,0.0,0.0,0.0,0.0,0.0,0.0,2.004,-2.004,-0.0,-2.004,0.0,0.0,0.0,0.0,5439.0,-1.587931619850188e+29,6974.0,0.0,-0.0,-107615280.0,-0.0,0.0,0.0,0.0,0.0,63,0.0,0.059,0.0,0.0,0.0,0.0,0.0,0.0,0.0,0,0,0,0.0,0.0,0.0,0.0,0.0,0.0,0.0,0.0,0.0,0.0,0.0,0.0,0.0,0.0,0.0,0.0,0,-107875648.0,63,0.0,126,2.7184242562605685e+23,-0.0,ERR,ERR,ERR,ERR,ERR,ERR,ERR,ERR,ERR,ERR,ERR,ERR,ERR,ERR,ERR,ERR,ERR,ERR,ERR,ERR,ERR,ERR,ERR,ERR,ERR,ERR,ERR,ERR,ERR,ERR,ERR,ERR,ERR,ERR,ERR,ERR,ERR,ERR,ERR,ERR,ERR,ERR,ERR,ERR,ERR,ERR,ERR,ERR,ERR,ERR,ERR,ERR,ERR,ERR,ERR,ERR,ERR,ERR,ERR,ERR,ERR,ERR,ERR,ERR,ERR,ERR,ERR,34.0,80.0,35,0.0,0.0,0.0,0.0,0.0,0.0,0.0,0.0,0.0,0.0,0.0,0.0,0.0,0.0,0.0,0.0,64.4,0,116,56,50,65476,0,300,0,0,8,20529,65476,0,0,57672,80.0,0.0,0.0,0.0,0.0,0.0
2026-06-17T04:36:13,ERR,ERR,ERR,ERR,ERR,ERR,ERR,ERR,ERR,ERR,ERR,ERR,ERR,ERR,ERR,ERR,ERR,ERR,ERR,ERR,ERR,ERR,ERR,ERR,ERR,ERR,ERR,ERR,ERR,ERR,ERR,ERR,ERR,ERR,ERR,ERR,ERR,ERR,ERR,ERR,ERR,ERR,ERR,ERR,ERR,ERR,ERR,ERR,ERR,ERR,ERR,ERR,ERR,ERR,ERR,ERR,ERR,ERR,ERR,ERR,ERR,ERR,ERR,ERR,ERR,ERR,ERR,ERR,ERR,ERR,ERR,ERR,ERR,ERR,ERR,ERR,ERR,ERR,ERR,ERR,ERR,ERR,ERR,ERR,ERR,ERR,ERR,ERR,ERR,ERR,ERR,ERR,ERR,ERR,ERR,ERR,ERR,ERR,ERR,ERR,ERR,ERR,ERR,ERR,ERR,ERR,ERR,ERR,ERR,ERR,ERR,ERR,ERR,ERR,ERR,ERR,ERR,ERR,ERR,ERR,ERR,ERR,ERR,ERR,ERR,0.0,-0.0,3.028208139652935e+23,0.0,0.0,1.3936040501711995e+18,7.805,0.0,0,0,4,0,7300,-0.0,0,0.0,0.0,0.0,0.0,0.0,0,0,0,0,0.0,0,0,0,0,0,0,0,0,0,0,0,0,0,0,0,0,0,0,0,0,0,0,0,0,0,0,0,0,0,0,0,0,0,32,30,30,62,65476,0,300,0,0,8,21553,0.0,-107605600.0,0.0,0.0,0.0,0.0,0.0,0.0,0.0,0.0,0.0,0.0,0.0,0.0,0.0,0.0,0.0,0.0,0.0,0.0,0.0,0.0,2.004,-2.004,-0.0,-2.004,0.0,0.0,0.0,0.0,5439.0,-1.587931619850188e+29,6974.0,0.0,-0.0,-107615280.0,-0.0,0.0,0.0,0.0,0.0,63,0.0,0.059,0.0,0.0,0.0,0.0,0.0,0.0,0.0,0,0,0,0.0,0.0,0.0,0.0,0.0,0.0,0.0,0.0,0.0,0.0,0.0,0.0,0.0,0.0,0.0,0.0,0,-107875648.0,63,0.0,126,2.7184242562605685e+23,-0.0,ERR,ERR,ERR,ERR,ERR,ERR,ERR,ERR,ERR,ERR,ERR,ERR,ERR,ERR,ERR,ERR,ERR,ERR,ERR,ERR,ERR,ERR,ERR,ERR,ERR,ERR,ERR,ERR,ERR,ERR,ERR,ERR,ERR,ERR,ERR,ERR,ERR,ERR,ERR,ERR,ERR,ERR,ERR,ERR,ERR,ERR,ERR,ERR,ERR,ERR,ERR,ERR,ERR,ERR,ERR,ERR,ERR,ERR,ERR,ERR,ERR,ERR,ERR,ERR,ERR,ERR,ERR,34.0,80.0,35,0.0,0.0,0.0,0.0,0.0,0.0,0.0,0.0,0.0,0.0,0.0,0.0,0.0,0.0,0.0,0.0,64.4,0,116,56,50,65476,0,300,0,0,8,20529,65476,0,0,57672,80.0,0.0,0.0,0.0,0.0,0.0
2026-06-17T04:36:14,ERR,ERR,ERR,ERR,ERR,ERR,ERR,ERR,ERR,ERR,ERR,ERR,ERR,ERR,ERR,ERR,ERR,ERR,ERR,ERR,ERR,ERR,ERR,ERR,ERR,ERR,ERR,ERR,ERR,ERR,ERR,ERR,ERR,ERR,ERR,ERR,ERR,ERR,ERR,ERR,ERR,ERR,ERR,ERR,ERR,ERR,ERR,ERR,ERR,ERR,ERR,ERR,ERR,ERR,ERR,ERR,ERR,ERR,ERR,ERR,ERR,ERR,ERR,ERR,ERR,ERR,ERR,ERR,ERR,ERR,ERR,ERR,ERR,ERR,ERR,ERR,ERR,ERR,ERR,ERR,ERR,ERR,ERR,ERR,ERR,ERR,ERR,ERR,ERR,ERR,ERR,ERR,ERR,ERR,ERR,ERR,ERR,ERR,ERR,ERR,ERR,ERR,ERR,ERR,ERR,ERR,ERR,ERR,ERR,ERR,ERR,ERR,ERR,ERR,ERR,ERR,ERR,ERR,ERR,ERR,ERR,ERR,ERR,ERR,ERR,0.0,-0.0,3.028208139652935e+23,0.0,0.0,1.3936040501711995e+18,7.805,0.0,0,0,4,0,7300,-0.0,0,0.0,0.0,0.0,0.0,0.0,0,0,0,0,0.0,0,0,0,0,0,0,0,0,0,0,0,0,0,0,0,0,0,0,0,0,0,0,0,0,0,0,0,0,0,0,0,0,0,32,30,30,62,65476,0,300,0,0,8,21553,0.0,-107605600.0,0.0,0.0,0.0,0.0,0.0,0.0,0.0,0.0,0.0,0.0,0.0,0.0,0.0,0.0,0.0,0.0,0.0,0.0,0.0,0.0,2.004,-2.004,-0.0,-2.004,0.0,0.0,0.0,0.0,5439.0,-1.587931619850188e+29,6974.0,0.0,-0.0,-107615280.0,-0.0,0.0,0.0,0.0,0.0,63,0.0,0.059,0.0,0.0,0.0,0.0,0.0,0.0,0.0,0,0,0,0.0,0.0,0.0,0.0,0.0,0.0,0.0,0.0,0.0,0.0,0.0,0.0,0.0,0.0,0.0,0.0,0,-107875648.0,63,0.0,126,2.7184242562605685e+23,-0.0,ERR,ERR,ERR,ERR,ERR,ERR,ERR,ERR,ERR,ERR,ERR,ERR,ERR,ERR,ERR,ERR,ERR,ERR,ERR,ERR,ERR,ERR,ERR,ERR,ERR,ERR,ERR,ERR,ERR,ERR,ERR,ERR,ERR,ERR,ERR,ERR,ERR,ERR,ERR,ERR,ERR,ERR,ERR,ERR,ERR,ERR,ERR,ERR,ERR,ERR,ERR,ERR,ERR,ERR,ERR,ERR,ERR,ERR,ERR,ERR,ERR,ERR,ERR,ERR,ERR,ERR,ERR,34.0,80.0,35,0.0,0.0,0.0,0.0,0.0,0.0,0.0,0.0,0.0,0.0,0.0,0.0,0.0,0.0,0.0,0.0,64.4,0,116,56,50,65476,0,300,0,0,8,20529,65476,0,0,57672,80.0,0.0,0.0,0.0,0.0,0.0
2026-06-17T04:36:15,ERR,ERR,ERR,ERR,ERR,ERR,ERR,ERR,ERR,ERR,ERR,ERR,ERR,ERR,ERR,ERR,ERR,ERR,ERR,ERR,ERR,ERR,ERR,ERR,ERR,ERR,ERR,ERR,ERR,ERR,ERR,ERR,ERR,ERR,ERR,ERR,ERR,ERR,ERR,ERR,ERR,ERR,ERR,ERR,ERR,ERR,ERR,ERR,ERR,ERR,ERR,ERR,ERR,ERR,ERR,ERR,ERR,ERR,ERR,ERR,ERR,ERR,ERR,ERR,ERR,ERR,ERR,ERR,ERR,ERR,ERR,ERR,ERR,ERR,ERR,ERR,ERR,ERR,ERR,ERR,ERR,ERR,ERR,ERR,ERR,ERR,ERR,ERR,ERR,ERR,ERR,ERR,ERR,ERR,ERR,ERR,ERR,ERR,ERR,ERR,ERR,ERR,ERR,ERR,ERR,ERR,ERR,ERR,ERR,ERR,ERR,ERR,ERR,ERR,ERR,ERR,ERR,ERR,ERR,ERR,ERR,ERR,ERR,ERR,ERR,0.0,-0.0,3.028208139652935e+23,0.0,0.0,1.3936040501711995e+18,7.805,0.0,0,0,4,0,7300,-0.0,0,0.0,0.0,0.0,0.0,0.0,0,0,0,0,0.0,0,0,0,0,0,0,0,0,0,0,0,0,0,0,0,0,0,0,0,0,0,0,0,0,0,0,0,0,0,0,0,0,0,32,30,30,62,65476,0,300,0,0,8,21553,0.0,-107605600.0,0.0,0.0,0.0,0.0,0.0,0.0,0.0,0.0,0.0,0.0,0.0,0.0,0.0,0.0,0.0,0.0,0.0,0.0,0.0,0.0,-0.0,-2.004,-0.0,-2.004,0.0,0.0,0.0,0.0,5406.0,-0.0,6966.0,0.0,-0.0,-107615280.0,-0.0,0.0,0.0,0.0,0.0,63,0.0,-3.22200830126699e+26,0.0,0.0,0.0,0.0,0.0,0.0,0.0,0,0,0,0.0,0.0,0.0,0.0,0.0,0.0,0.0,0.0,0.0,0.0,0.0,0.0,0.0,0.0,0.0,0.0,0,-107875648.0,63,0.0,126,2.7184242562605685e+23,-0.0,ERR,ERR,ERR,ERR,ERR,ERR,ERR,ERR,ERR,ERR,ERR,ERR,ERR,ERR,ERR,ERR,ERR,ERR,ERR,ERR,ERR,ERR,ERR,ERR,ERR,ERR,ERR,ERR,ERR,ERR,ERR,ERR,ERR,ERR,ERR,ERR,ERR,ERR,ERR,ERR,ERR,ERR,ERR,ERR,ERR,ERR,ERR,ERR,ERR,ERR,ERR,ERR,ERR,ERR,ERR,ERR,ERR,ERR,ERR,ERR,ERR,ERR,ERR,ERR,ERR,ERR,ERR,34.0,80.0,35,0.0,0.0,0.0,0.0,0.0,0.0,0.0,0.0,0.0,0.0,0.0,0.0,0.0,0.0,0.0,0.0,64.4,0,116,56,50,65476,0,300,0,0,8,20529,65476,0,0,57672,80.0,0.0,0.0,0.0,0.0,0.0
2026-06-17T04:36:16,ERR,ERR,ERR,ERR,ERR,ERR,ERR,ERR,ERR,ERR,ERR,ERR,ERR,ERR,ERR,ERR,ERR,ERR,ERR,ERR,ERR,ERR,ERR,ERR,ERR,ERR,ERR,ERR,ERR,ERR,ERR,ERR,ERR,ERR,ERR,ERR,ERR,ERR,ERR,ERR,ERR,ERR,ERR,ERR,ERR,ERR,ERR,ERR,ERR,ERR,ERR,ERR,ERR,ERR,ERR,ERR,ERR,ERR,ERR,ERR,ERR,ERR,ERR,ERR,ERR,ERR,ERR,ERR,ERR,ERR,ERR,ERR,ERR,ERR,ERR,ERR,ERR,ERR,ERR,ERR,ERR,ERR,ERR,ERR,ERR,ERR,ERR,ERR,ERR,ERR,ERR,ERR,ERR,ERR,ERR,ERR,ERR,ERR,ERR,ERR,ERR,ERR,ERR,ERR,ERR,ERR,ERR,ERR,ERR,ERR,ERR,ERR,ERR,ERR,ERR,ERR,ERR,ERR,ERR,ERR,ERR,ERR,ERR,ERR,ERR,0.0,-0.0,3.028208139652935e+23,0.0,0.0,1.3936040501711995e+18,7.805,0.0,0,0,4,0,7300,-0.0,0,0.0,0.0,0.0,0.0,0.0,0,0,0,0,0.0,0,0,0,0,0,0,0,0,0,0,0,0,0,0,0,0,0,0,0,0,0,0,0,0,0,0,0,0,0,0,0,0,0,32,30,30,62,65476,0,300,0,0,8,21553,0.0,-107605600.0,0.0,0.0,0.0,0.0,0.0,0.0,0.0,0.0,0.0,0.0,0.0,0.0,0.0,0.0,0.0,0.0,0.0,0.0,0.0,0.0,-0.0,-2.004,-0.0,-2.004,0.0,0.0,0.0,0.0,5406.0,-0.0,6966.0,0.0,-0.0,-107615280.0,-0.0,0.0,0.0,0.0,0.0,63,0.0,-3.22200830126699e+26,0.0,0.0,0.0,0.0,0.0,0.0,0.0,0,0,0,0.0,0.0,0.0,0.0,0.0,0.0,0.0,0.0,0.0,0.0,0.0,0.0,0.0,0.0,0.0,0.0,0,-107875648.0,63,0.0,126,2.7184242562605685e+23,-0.0,ERR,ERR,ERR,ERR,ERR,ERR,ERR,ERR,ERR,ERR,ERR,ERR,ERR,ERR,ERR,ERR,ERR,ERR,ERR,ERR,ERR,ERR,ERR,ERR,ERR,ERR,ERR,ERR,ERR,ERR,ERR,ERR,ERR,ERR,ERR,ERR,ERR,ERR,ERR,ERR,ERR,ERR,ERR,ERR,ERR,ERR,ERR,ERR,ERR,ERR,ERR,ERR,ERR,ERR,ERR,ERR,ERR,ERR,ERR,ERR,ERR,ERR,ERR,ERR,ERR,ERR,ERR,34.0,80.0,35,0.0,0.0,0.0,0.0,0.0,0.0,0.0,0.0,0.0,0.0,0.0,0.0,0.0,0.0,0.0,0.0,64.4,0,116,56,50,65476,0,300,0,0,8,20529,65476,0,0,57672,80.0,0.0,0.0,0.0,0.0,0.0
2026-06-17T04:36:17,ERR,ERR,ERR,ERR,ERR,ERR,ERR,ERR,ERR,ERR,ERR,ERR,ERR,ERR,ERR,ERR,ERR,ERR,ERR,ERR,ERR,ERR,ERR,ERR,ERR,ERR,ERR,ERR,ERR,ERR,ERR,ERR,ERR,ERR,ERR,ERR,ERR,ERR,ERR,ERR,ERR,ERR,ERR,ERR,ERR,ERR,ERR,ERR,ERR,ERR,ERR,ERR,ERR,ERR,ERR,ERR,ERR,ERR,ERR,ERR,ERR,ERR,ERR,ERR,ERR,ERR,ERR,ERR,ERR,ERR,ERR,ERR,ERR,ERR,ERR,ERR,ERR,ERR,ERR,ERR,ERR,ERR,ERR,ERR,ERR,ERR,ERR,ERR,ERR,ERR,ERR,ERR,ERR,ERR,ERR,ERR,ERR,ERR,ERR,ERR,ERR,ERR,ERR,ERR,ERR,ERR,ERR,ERR,ERR,ERR,ERR,ERR,ERR,ERR,ERR,ERR,ERR,ERR,ERR,ERR,ERR,ERR,ERR,ERR,ERR,0.0,-0.0,3.028208139652935e+23,0.0,0.0,1.3936040501711995e+18,7.805,0.0,0,0,4,0,7300,-0.0,0,0.0,0.0,0.0,0.0,0.0,0,0,0,0,0.0,0,0,0,0,0,0,0,0,0,0,0,0,0,0,0,0,0,0,0,0,0,0,0,0,0,0,0,0,0,0,0,0,0,32,30,30,62,65476,0,300,0,0,8,21553,0.0,-107605600.0,0.0,0.0,0.0,0.0,0.0,0.0,0.0,0.0,0.0,0.0,0.0,0.0,0.0,0.0,0.0,0.0,0.0,0.0,0.0,0.0,-0.0,-2.004,-0.0,-2.004,0.0,0.0,0.0,0.0,5406.0,-0.0,6966.0,0.0,-0.0,-107615280.0,-0.0,0.0,0.0,0.0,0.0,63,0.0,-3.22200830126699e+26,0.0,0.0,0.0,0.0,0.0,0.0,0.0,0,0,0,0.0,0.0,0.0,0.0,0.0,0.0,0.0,0.0,0.0,0.0,0.0,0.0,0.0,0.0,0.0,0.0,0,-107875648.0,63,0.0,126,2.7184242562605685e+23,-0.0,ERR,ERR,ERR,ERR,ERR,ERR,ERR,ERR,ERR,ERR,ERR,ERR,ERR,ERR,ERR,ERR,ERR,ERR,ERR,ERR,ERR,ERR,ERR,ERR,ERR,ERR,ERR,ERR,ERR,ERR,ERR,ERR,ERR,ERR,ERR,ERR,ERR,ERR,ERR,ERR,ERR,ERR,ERR,ERR,ERR,ERR,ERR,ERR,ERR,ERR,ERR,ERR,ERR,ERR,ERR,ERR,ERR,ERR,ERR,ERR,ERR,ERR,ERR,ERR,ERR,ERR,ERR,34.0,80.0,35,0.0,0.0,0.0,0.0,0.0,0.0,0.0,0.0,0.0,0.0,0.0,0.0,0.0,0.0,0.0,0.0,64.8,0,116,56,50,65476,0,300,0,0,8,20529,65476,0,0,57672,80.0,0.0,0.0,0.0,0.0,0.0
2026-06-17T04:36:18,ERR,ERR,ERR,ERR,ERR,ERR,ERR,ERR,ERR,ERR,ERR,ERR,ERR,ERR,ERR,ERR,ERR,ERR,ERR,ERR,ERR,ERR,ERR,ERR,ERR,ERR,ERR,ERR,ERR,ERR,ERR,ERR,ERR,ERR,ERR,ERR,ERR,ERR,ERR,ERR,ERR,ERR,ERR,ERR,ERR,ERR,ERR,ERR,ERR,ERR,ERR,ERR,ERR,ERR,ERR,ERR,ERR,ERR,ERR,ERR,ERR,ERR,ERR,ERR,ERR,ERR,ERR,ERR,ERR,ERR,ERR,ERR,ERR,ERR,ERR,ERR,ERR,ERR,ERR,ERR,ERR,ERR,ERR,ERR,ERR,ERR,ERR,ERR,ERR,ERR,ERR,ERR,ERR,ERR,ERR,ERR,ERR,ERR,ERR,ERR,ERR,ERR,ERR,ERR,ERR,ERR,ERR,ERR,ERR,ERR,ERR,ERR,ERR,ERR,ERR,ERR,ERR,ERR,ERR,ERR,ERR,ERR,ERR,ERR,ERR,0.0,-0.0,3.028208139652935e+23,0.0,0.0,1.3936040501711995e+18,7.805,0.0,0,0,4,0,7300,-0.0,0,0.0,0.0,0.0,0.0,0.0,0,0,0,0,0.0,0,0,0,0,0,0,0,0,0,0,0,0,0,0,0,0,0,0,0,0,0,0,0,0,0,0,0,0,0,0,0,0,0,32,30,30,62,65476,0,300,0,0,8,21553,0.0,-107605600.0,0.0,0.0,0.0,0.0,0.0,0.0,0.0,0.0,0.0,0.0,0.0,0.0,0.0,0.0,0.0,0.0,0.0,0.0,0.0,0.0,-0.0,-2.004,-0.0,-2.004,0.0,0.0,0.0,0.0,5406.0,-0.0,6966.0,0.0,-0.0,-107615280.0,-0.0,0.0,0.0,0.0,0.0,63,0.0,-3.22200830126699e+26,0.0,0.0,0.0,0.0,0.0,0.0,0.0,0,0,0,0.0,0.0,0.0,0.0,0.0,0.0,0.0,0.0,0.0,0.0,0.0,0.0,0.0,0.0,0.0,0.0,0,-107875648.0,63,0.0,126,2.7184242562605685e+23,-0.0,ERR,ERR,ERR,ERR,ERR,ERR,ERR,ERR,ERR,ERR,ERR,ERR,ERR,ERR,ERR,ERR,ERR,ERR,ERR,ERR,ERR,ERR,ERR,ERR,ERR,ERR,ERR,ERR,ERR,ERR,ERR,ERR,ERR,ERR,ERR,ERR,ERR,ERR,ERR,ERR,ERR,ERR,ERR,ERR,ERR,ERR,ERR,ERR,ERR,ERR,ERR,ERR,ERR,ERR,ERR,ERR,ERR,ERR,ERR,ERR,ERR,ERR,ERR,ERR,ERR,ERR,ERR,34.0,80.0,35,0.0,0.0,0.0,0.0,0.0,0.0,0.0,0.0,0.0,0.0,0.0,0.0,0.0,0.0,0.0,0.0,64.4,0,116,56,50,65476,0,300,0,0,8,20529,65476,0,0,57672,80.0,0.0,0.0,0.0,0.0,0.0
2026-06-17T04:36:19,ERR,ERR,ERR,ERR,ERR,ERR,ERR,ERR,ERR,ERR,ERR,ERR,ERR,ERR,ERR,ERR,ERR,ERR,ERR,ERR,ERR,ERR,ERR,ERR,ERR,ERR,ERR,ERR,ERR,ERR,ERR,ERR,ERR,ERR,ERR,ERR,ERR,ERR,ERR,ERR,ERR,ERR,ERR,ERR,ERR,ERR,ERR,ERR,ERR,ERR,ERR,ERR,ERR,ERR,ERR,ERR,ERR,ERR,ERR,ERR,ERR,ERR,ERR,ERR,ERR,ERR,ERR,ERR,ERR,ERR,ERR,ERR,ERR,ERR,ERR,ERR,ERR,ERR,ERR,ERR,ERR,ERR,ERR,ERR,ERR,ERR,ERR,ERR,ERR,ERR,ERR,ERR,ERR,ERR,ERR,ERR,ERR,ERR,ERR,ERR,ERR,ERR,ERR,ERR,ERR,ERR,ERR,ERR,ERR,ERR,ERR,ERR,ERR,ERR,ERR,ERR,ERR,ERR,ERR,ERR,ERR,ERR,ERR,ERR,ERR,0.0,-0.0,3.028208139652935e+23,0.0,0.0,1.3936040501711995e+18,7.805,0.0,0,0,4,0,7300,-0.0,0,0.0,0.0,0.0,0.0,0.0,0,0,0,0,0.0,0,0,0,0,0,0,0,0,0,0,0,0,0,0,0,0,0,0,0,0,0,0,0,0,0,0,0,0,0,0,0,0,0,32,30,30,62,65476,0,300,0,0,8,21553,0.0,-107605600.0,0.0,0.0,0.0,0.0,0.0,0.0,0.0,0.0,0.0,0.0,0.0,0.0,0.0,0.0,0.0,0.0,0.0,0.0,0.0,0.0,-0.0,-2.004,-0.0,-2.004,0.0,0.0,0.0,0.0,5406.0,-0.0,6966.0,0.0,-0.0,-107615280.0,-0.0,0.0,0.0,0.0,0.0,63,0.0,-3.22200830126699e+26,0.0,0.0,0.0,0.0,0.0,0.0,0.0,0,0,0,0.0,0.0,0.0,0.0,0.0,0.0,0.0,0.0,0.0,0.0,0.0,0.0,0.0,0.0,0.0,0.0,0,-107875648.0,63,0.0,126,2.7184242562605685e+23,-0.0,ERR,ERR,ERR,ERR,ERR,ERR,ERR,ERR,ERR,ERR,ERR,ERR,ERR,ERR,ERR,ERR,ERR,ERR,ERR,ERR,ERR,ERR,ERR,ERR,ERR,ERR,ERR,ERR,ERR,ERR,ERR,ERR,ERR,ERR,ERR,ERR,ERR,ERR,ERR,ERR,ERR,ERR,ERR,ERR,ERR,ERR,ERR,ERR,ERR,ERR,ERR,ERR,ERR,ERR,ERR,ERR,ERR,ERR,ERR,ERR,ERR,ERR,ERR,ERR,ERR,ERR,ERR,34.0,80.0,35,0.0,0.0,0.0,0.0,0.0,0.0,0.0,0.0,0.0,0.0,0.0,0.0,0.0,0.0,0.0,0.0,64.4,0,116,56,50,65476,0,300,0,0,8,20529,65476,0,0,57672,80.0,0.0,0.0,0.0,0.0,0.0
2026-06-17T04:36:20,ERR,ERR,ERR,ERR,ERR,ERR,ERR,ERR,ERR,ERR,ERR,ERR,ERR,ERR,ERR,ERR,ERR,ERR,ERR,ERR,ERR,ERR,ERR,ERR,ERR,ERR,ERR,ERR,ERR,ERR,ERR,ERR,ERR,ERR,ERR,ERR,ERR,ERR,ERR,ERR,ERR,ERR,ERR,ERR,ERR,ERR,ERR,ERR,ERR,ERR,ERR,ERR,ERR,ERR,ERR,ERR,ERR,ERR,ERR,ERR,ERR,ERR,ERR,ERR,ERR,ERR,ERR,ERR,ERR,ERR,ERR,ERR,ERR,ERR,ERR,ERR,ERR,ERR,ERR,ERR,ERR,ERR,ERR,ERR,ERR,ERR,ERR,ERR,ERR,ERR,ERR,ERR,ERR,ERR,ERR,ERR,ERR,ERR,ERR,ERR,ERR,ERR,ERR,ERR,ERR,ERR,ERR,ERR,ERR,ERR,ERR,ERR,ERR,ERR,ERR,ERR,ERR,ERR,ERR,ERR,ERR,ERR,ERR,ERR,ERR,0.0,-0.0,3.028208139652935e+23,0.0,0.0,1.3936040501711995e+18,7.805,0.0,0,0,4,0,7300,-0.0,0,0.0,0.0,0.0,0.0,0.0,0,0,0,0,0.0,0,0,0,0,0,0,0,0,0,0,0,0,0,0,0,0,0,0,0,0,0,0,0,0,0,0,0,0,0,0,0,0,0,32,30,30,62,65476,0,300,0,0,8,21553,0.0,-107605600.0,0.0,0.0,0.0,0.0,0.0,0.0,0.0,0.0,0.0,0.0,0.0,0.0,0.0,0.0,0.0,0.0,0.0,0.0,0.0,0.0,2.004,-2.004,-0.0,-2.004,0.0,0.0,0.0,0.0,5402.0,-0.0,6960.0,0.0,-0.0,-107615280.0,-0.0,0.0,0.0,0.0,0.0,63,0.0,-0.0,0.0,0.0,0.0,0.0,0.0,0.0,0.0,0,0,0,0.0,0.0,0.0,0.0,0.0,0.0,0.0,0.0,0.0,0.0,0.0,0.0,0.0,0.0,0.0,0.0,0,-107875648.0,63,0.0,126,2.7184242562605685e+23,-0.0,ERR,ERR,ERR,ERR,ERR,ERR,ERR,ERR,ERR,ERR,ERR,ERR,ERR,ERR,ERR,ERR,ERR,ERR,ERR,ERR,ERR,ERR,ERR,ERR,ERR,ERR,ERR,ERR,ERR,ERR,ERR,ERR,ERR,ERR,ERR,ERR,ERR,ERR,ERR,ERR,ERR,ERR,ERR,ERR,ERR,ERR,ERR,ERR,ERR,ERR,ERR,ERR,ERR,ERR,ERR,ERR,ERR,ERR,ERR,ERR,ERR,ERR,ERR,ERR,ERR,ERR,ERR,34.0,80.0,35,0.0,0.0,0.0,0.0,0.0,0.0,0.0,0.0,0.0,0.0,0.0,0.0,0.0,0.0,0.0,0.0,64.4,0,116,56,50,65476,0,300,0,0,8,20529,65476,0,0,57672,80.0,0.0,0.0,0.0,0.0,0.0
2026-06-17T04:36:21,ERR,ERR,ERR,ERR,ERR,ERR,ERR,ERR,ERR,ERR,ERR,ERR,ERR,ERR,ERR,ERR,ERR,ERR,ERR,ERR,ERR,ERR,ERR,ERR,ERR,ERR,ERR,ERR,ERR,ERR,ERR,ERR,ERR,ERR,ERR,ERR,ERR,ERR,ERR,ERR,ERR,ERR,ERR,ERR,ERR,ERR,ERR,ERR,ERR,ERR,ERR,ERR,ERR,ERR,ERR,ERR,ERR,ERR,ERR,ERR,ERR,ERR,ERR,ERR,ERR,ERR,ERR,ERR,ERR,ERR,ERR,ERR,ERR,ERR,ERR,ERR,ERR,ERR,ERR,ERR,ERR,ERR,ERR,ERR,ERR,ERR,ERR,ERR,ERR,ERR,ERR,ERR,ERR,ERR,ERR,ERR,ERR,ERR,ERR,ERR,ERR,ERR,ERR,ERR,ERR,ERR,ERR,ERR,ERR,ERR,ERR,ERR,ERR,ERR,ERR,ERR,ERR,ERR,ERR,ERR,ERR,ERR,ERR,ERR,ERR,0.0,-0.0,3.028208139652935e+23,0.0,0.0,1.3936040501711995e+18,7.805,0.0,0,0,4,0,7300,-0.0,0,0.0,0.0,0.0,0.0,0.0,0,0,0,0,0.0,0,0,0,0,0,0,0,0,0,0,0,0,0,0,0,0,0,0,0,0,0,0,0,0,0,0,0,0,0,0,0,0,0,32,30,30,62,65476,0,300,0,0,8,21553,0.0,-107605600.0,0.0,0.0,0.0,0.0,0.0,0.0,0.0,0.0,0.0,0.0,0.0,0.0,0.0,0.0,0.0,0.0,0.0,0.0,0.0,0.0,2.004,-2.004,-0.0,-2.004,0.0,0.0,0.0,0.0,5402.0,-0.0,6960.0,0.0,-0.0,-107615280.0,-0.0,0.0,0.0,0.0,0.0,63,0.0,-0.0,0.0,0.0,0.0,0.0,0.0,0.0,0.0,0,0,0,0.0,0.0,0.0,0.0,0.0,0.0,0.0,0.0,0.0,0.0,0.0,0.0,0.0,0.0,0.0,0.0,0,-107875648.0,63,0.0,126,2.7184242562605685e+23,-0.0,ERR,ERR,ERR,ERR,ERR,ERR,ERR,ERR,ERR,ERR,ERR,ERR,ERR,ERR,ERR,ERR,ERR,ERR,ERR,ERR,ERR,ERR,ERR,ERR,ERR,ERR,ERR,ERR,ERR,ERR,ERR,ERR,ERR,ERR,ERR,ERR,ERR,ERR,ERR,ERR,ERR,ERR,ERR,ERR,ERR,ERR,ERR,ERR,ERR,ERR,ERR,ERR,ERR,ERR,ERR,ERR,ERR,ERR,ERR,ERR,ERR,ERR,ERR,ERR,ERR,ERR,ERR,34.0,80.0,35,0.0,0.0,0.0,0.0,0.0,0.0,0.0,0.0,0.0,0.0,0.0,0.0,0.0,0.0,0.0,0.0,64.4,0,116,56,50,65476,0,300,0,0,8,20529,65476,0,0,57672,80.0,0.0,0.0,0.0,0.0,0.0
2026-06-17T04:36:22,ERR,ERR,ERR,ERR,ERR,ERR,ERR,ERR,ERR,ERR,ERR,ERR,ERR,ERR,ERR,ERR,ERR,ERR,ERR,ERR,ERR,ERR,ERR,ERR,ERR,ERR,ERR,ERR,ERR,ERR,ERR,ERR,ERR,ERR,ERR,ERR,ERR,ERR,ERR,ERR,ERR,ERR,ERR,ERR,ERR,ERR,ERR,ERR,ERR,ERR,ERR,ERR,ERR,ERR,ERR,ERR,ERR,ERR,ERR,ERR,ERR,ERR,ERR,ERR,ERR,ERR,ERR,ERR,ERR,ERR,ERR,ERR,ERR,ERR,ERR,ERR,ERR,ERR,ERR,ERR,ERR,ERR,ERR,ERR,ERR,ERR,ERR,ERR,ERR,ERR,ERR,ERR,ERR,ERR,ERR,ERR,ERR,ERR,ERR,ERR,ERR,ERR,ERR,ERR,ERR,ERR,ERR,ERR,ERR,ERR,ERR,ERR,ERR,ERR,ERR,ERR,ERR,ERR,ERR,ERR,ERR,ERR,ERR,ERR,ERR,0.0,-0.0,3.028208139652935e+23,0.0,0.0,1.3936040501711995e+18,7.805,0.0,0,0,4,0,7300,-0.0,0,0.0,0.0,0.0,0.0,0.0,0,0,0,0,0.0,0,0,0,0,0,0,0,0,0,0,0,0,0,0,0,0,0,0,0,0,0,0,0,0,0,0,0,0,0,0,0,0,0,32,30,30,62,65476,0,300,0,0,8,21553,0.0,-107605600.0,0.0,0.0,0.0,0.0,0.0,0.0,0.0,0.0,0.0,0.0,0.0,0.0,0.0,0.0,0.0,0.0,0.0,0.0,0.0,0.0,2.004,-2.004,-0.0,-2.004,0.0,0.0,0.0,0.0,5402.0,-0.0,6960.0,0.0,-0.0,-107615280.0,-0.0,0.0,0.0,0.0,0.0,63,0.0,-0.0,0.0,0.0,0.0,0.0,0.0,0.0,0.0,0,0,0,0.0,0.0,0.0,0.0,0.0,0.0,0.0,0.0,0.0,0.0,0.0,0.0,0.0,0.0,0.0,0.0,0,-107875648.0,63,0.0,126,2.7184242562605685e+23,-0.0,ERR,ERR,ERR,ERR,ERR,ERR,ERR,ERR,ERR,ERR,ERR,ERR,ERR,ERR,ERR,ERR,ERR,ERR,ERR,ERR,ERR,ERR,ERR,ERR,ERR,ERR,ERR,ERR,ERR,ERR,ERR,ERR,ERR,ERR,ERR,ERR,ERR,ERR,ERR,ERR,ERR,ERR,ERR,ERR,ERR,ERR,ERR,ERR,ERR,ERR,ERR,ERR,ERR,ERR,ERR,ERR,ERR,ERR,ERR,ERR,ERR,ERR,ERR,ERR,ERR,ERR,ERR,34.0,80.0,35,0.0,0.0,0.0,0.0,0.0,0.0,0.0,0.0,0.0,0.0,0.0,0.0,0.0,0.0,0.0,0.0,64.8,0,116,56,50,65476,0,300,0,0,8,20529,65476,0,0,57672,80.0,0.0,0.0,0.0,0.0,0.0
2026-06-17T04:36:23,ERR,ERR,ERR,ERR,ERR,ERR,ERR,ERR,ERR,ERR,ERR,ERR,ERR,ERR,ERR,ERR,ERR,ERR,ERR,ERR,ERR,ERR,ERR,ERR,ERR,ERR,ERR,ERR,ERR,ERR,ERR,ERR,ERR,ERR,ERR,ERR,ERR,ERR,ERR,ERR,ERR,ERR,ERR,ERR,ERR,ERR,ERR,ERR,ERR,ERR,ERR,ERR,ERR,ERR,ERR,ERR,ERR,ERR,ERR,ERR,ERR,ERR,ERR,ERR,ERR,ERR,ERR,ERR,ERR,ERR,ERR,ERR,ERR,ERR,ERR,ERR,ERR,ERR,ERR,ERR,ERR,ERR,ERR,ERR,ERR,ERR,ERR,ERR,ERR,ERR,ERR,ERR,ERR,ERR,ERR,ERR,ERR,ERR,ERR,ERR,ERR,ERR,ERR,ERR,ERR,ERR,ERR,ERR,ERR,ERR,ERR,ERR,ERR,ERR,ERR,ERR,ERR,ERR,ERR,ERR,ERR,ERR,ERR,ERR,ERR,0.0,-0.0,3.028208139652935e+23,0.0,0.0,1.3936040501711995e+18,7.805,0.0,0,0,4,0,7300,-0.0,0,0.0,0.0,0.0,0.0,0.0,0,0,0,0,0.0,0,0,0,0,0,0,0,0,0,0,0,0,0,0,0,0,0,0,0,0,0,0,0,0,0,0,0,0,0,0,0,0,0,32,30,30,62,65476,0,300,0,0,8,21553,0.0,-107605600.0,0.0,0.0,0.0,0.0,0.0,0.0,0.0,0.0,0.0,0.0,0.0,0.0,0.0,0.0,0.0,0.0,0.0,0.0,0.0,0.0,2.004,-2.004,-0.0,-2.004,0.0,0.0,0.0,0.0,5402.0,-0.0,6960.0,0.0,-0.0,-107615280.0,-0.0,0.0,0.0,0.0,0.0,63,0.0,-0.0,0.0,0.0,0.0,0.0,0.0,0.0,0.0,0,0,0,0.0,0.0,0.0,0.0,0.0,0.0,0.0,0.0,0.0,0.0,0.0,0.0,0.0,0.0,0.0,0.0,0,-107875648.0,63,0.0,126,2.7184242562605685e+23,-0.0,ERR,ERR,ERR,ERR,ERR,ERR,ERR,ERR,ERR,ERR,ERR,ERR,ERR,ERR,ERR,ERR,ERR,ERR,ERR,ERR,ERR,ERR,ERR,ERR,ERR,ERR,ERR,ERR,ERR,ERR,ERR,ERR,ERR,ERR,ERR,ERR,ERR,ERR,ERR,ERR,ERR,ERR,ERR,ERR,ERR,ERR,ERR,ERR,ERR,ERR,ERR,ERR,ERR,ERR,ERR,ERR,ERR,ERR,ERR,ERR,ERR,ERR,ERR,ERR,ERR,ERR,ERR,34.0,80.0,35,0.0,0.0,0.0,0.0,0.0,0.0,0.0,0.0,0.0,0.0,0.0,0.0,0.0,0.0,0.0,0.0,64.8,0,116,56,50,65476,0,300,0,0,8,20529,65476,0,0,57672,80.0,0.0,0.0,0.0,0.0,0.0
2026-06-17T04:36:24,ERR,ERR,ERR,ERR,ERR,ERR,ERR,ERR,ERR,ERR,ERR,ERR,ERR,ERR,ERR,ERR,ERR,ERR,ERR,ERR,ERR,ERR,ERR,ERR,ERR,ERR,ERR,ERR,ERR,ERR,ERR,ERR,ERR,ERR,ERR,ERR,ERR,ERR,ERR,ERR,ERR,ERR,ERR,ERR,ERR,ERR,ERR,ERR,ERR,ERR,ERR,ERR,ERR,ERR,ERR,ERR,ERR,ERR,ERR,ERR,ERR,ERR,ERR,ERR,ERR,ERR,ERR,ERR,ERR,ERR,ERR,ERR,ERR,ERR,ERR,ERR,ERR,ERR,ERR,ERR,ERR,ERR,ERR,ERR,ERR,ERR,ERR,ERR,ERR,ERR,ERR,ERR,ERR,ERR,ERR,ERR,ERR,ERR,ERR,ERR,ERR,ERR,ERR,ERR,ERR,ERR,ERR,ERR,ERR,ERR,ERR,ERR,ERR,ERR,ERR,ERR,ERR,ERR,ERR,ERR,ERR,ERR,ERR,ERR,ERR,0.0,-0.0,3.028208139652935e+23,0.0,0.0,1.3936040501711995e+18,7.805,0.0,0,0,4,0,7300,-0.0,0,0.0,0.0,0.0,0.0,0.0,0,0,0,0,0.0,0,0,0,0,0,0,0,0,0,0,0,0,0,0,0,0,0,0,0,0,0,0,0,0,0,0,0,0,0,0,0,0,0,32,30,30,62,65476,0,300,0,0,8,21553,0.0,-107605600.0,0.0,0.0,0.0,0.0,0.0,0.0,0.0,0.0,0.0,0.0,0.0,0.0,0.0,0.0,0.0,0.0,0.0,0.0,0.0,0.0,2.004,-2.004,-0.0,-2.004,0.0,0.0,0.0,0.0,5402.0,-0.0,6960.0,0.0,-0.0,-107615280.0,-0.0,0.0,0.0,0.0,0.0,63,0.0,-0.0,0.0,0.0,0.0,0.0,0.0,0.0,0.0,0,0,0,0.0,0.0,0.0,0.0,0.0,0.0,0.0,0.0,0.0,0.0,0.0,0.0,0.0,0.0,0.0,0.0,0,-107875648.0,63,0.0,126,2.7184242562605685e+23,-0.0,ERR,ERR,ERR,ERR,ERR,ERR,ERR,ERR,ERR,ERR,ERR,ERR,ERR,ERR,ERR,ERR,ERR,ERR,ERR,ERR,ERR,ERR,ERR,ERR,ERR,ERR,ERR,ERR,ERR,ERR,ERR,ERR,ERR,ERR,ERR,ERR,ERR,ERR,ERR,ERR,ERR,ERR,ERR,ERR,ERR,ERR,ERR,ERR,ERR,ERR,ERR,ERR,ERR,ERR,ERR,ERR,ERR,ERR,ERR,ERR,ERR,ERR,ERR,ERR,ERR,ERR,ERR,34.0,80.0,35,0.0,0.0,0.0,0.0,0.0,0.0,0.0,0.0,0.0,0.0,0.0,0.0,0.0,0.0,0.0,0.0,64.4,0,116,56,50,65476,0,300,0,0,8,20529,65476,0,0,57672,80.0,0.0,0.0,0.0,0.0,0.0
2026-06-17T04:36:25,ERR,ERR,ERR,ERR,ERR,ERR,ERR,ERR,ERR,ERR,ERR,ERR,ERR,ERR,ERR,ERR,ERR,ERR,ERR,ERR,ERR,ERR,ERR,ERR,ERR,ERR,ERR,ERR,ERR,ERR,ERR,ERR,ERR,ERR,ERR,ERR,ERR,ERR,ERR,ERR,ERR,ERR,ERR,ERR,ERR,ERR,ERR,ERR,ERR,ERR,ERR,ERR,ERR,ERR,ERR,ERR,ERR,ERR,ERR,ERR,ERR,ERR,ERR,ERR,ERR,ERR,ERR,ERR,ERR,ERR,ERR,ERR,ERR,ERR,ERR,ERR,ERR,ERR,ERR,ERR,ERR,ERR,ERR,ERR,ERR,ERR,ERR,ERR,ERR,ERR,ERR,ERR,ERR,ERR,ERR,ERR,ERR,ERR,ERR,ERR,ERR,ERR,ERR,ERR,ERR,ERR,ERR,ERR,ERR,ERR,ERR,ERR,ERR,ERR,ERR,ERR,ERR,ERR,ERR,ERR,ERR,ERR,ERR,ERR,ERR,0.0,-0.0,3.028208139652935e+23,0.0,0.0,1.3936040501711995e+18,7.805,0.0,0,0,4,0,7300,-0.0,0,0.0,0.0,0.0,0.0,0.0,0,0,0,0,0.0,0,0,0,0,0,0,0,0,0,0,0,0,0,0,0,0,0,0,0,0,0,0,0,0,0,0,0,0,0,0,0,0,0,32,30,30,62,65476,0,300,0,0,8,21553,0.0,-107605600.0,0.0,0.0,0.0,0.0,0.0,0.0,0.0,0.0,0.0,0.0,0.0,0.0,0.0,0.0,0.0,0.0,0.0,0.0,0.0,0.0,2.004,-2.004,-0.0,-2.004,0.0,0.0,0.0,0.0,5402.0,-0.0,6960.0,0.0,-0.0,-107615280.0,-0.0,0.0,0.0,0.0,0.0,63,0.0,-0.0,0.0,0.0,0.0,0.0,0.0,0.0,0.0,0,0,0,0.0,0.0,0.0,0.0,0.0,0.0,0.0,0.0,0.0,0.0,0.0,0.0,0.0,0.0,0.0,0.0,0,-107875648.0,63,0.0,126,2.7184242562605685e+23,-0.0,ERR,ERR,ERR,ERR,ERR,ERR,ERR,ERR,ERR,ERR,ERR,ERR,ERR,ERR,ERR,ERR,ERR,ERR,ERR,ERR,ERR,ERR,ERR,ERR,ERR,ERR,ERR,ERR,ERR,ERR,ERR,ERR,ERR,ERR,ERR,ERR,ERR,ERR,ERR,ERR,ERR,ERR,ERR,ERR,ERR,ERR,ERR,ERR,ERR,ERR,ERR,ERR,ERR,ERR,ERR,ERR,ERR,ERR,ERR,ERR,ERR,ERR,ERR,ERR,ERR,ERR,ERR,34.0,80.0,35,0.0,0.0,0.0,0.0,0.0,0.0,0.0,0.0,0.0,0.0,0.0,0.0,0.0,0.0,0.0,0.0,64.4,0,116,56,50,65476,0,300,0,0,8,20529,65476,0,0,57672,80.0,0.0,0.0,0.0,0.0,0.0
2026-06-17T04:36:26,ERR,ERR,ERR,ERR,ERR,ERR,ERR,ERR,ERR,ERR,ERR,ERR,ERR,ERR,ERR,ERR,ERR,ERR,ERR,ERR,ERR,ERR,ERR,ERR,ERR,ERR,ERR,ERR,ERR,ERR,ERR,ERR,ERR,ERR,ERR,ERR,ERR,ERR,ERR,ERR,ERR,ERR,ERR,ERR,ERR,ERR,ERR,ERR,ERR,ERR,ERR,ERR,ERR,ERR,ERR,ERR,ERR,ERR,ERR,ERR,ERR,ERR,ERR,ERR,ERR,ERR,ERR,ERR,ERR,ERR,ERR,ERR,ERR,ERR,ERR,ERR,ERR,ERR,ERR,ERR,ERR,ERR,ERR,ERR,ERR,ERR,ERR,ERR,ERR,ERR,ERR,ERR,ERR,ERR,ERR,ERR,ERR,ERR,ERR,ERR,ERR,ERR,ERR,ERR,ERR,ERR,ERR,ERR,ERR,ERR,ERR,ERR,ERR,ERR,ERR,ERR,ERR,ERR,ERR,ERR,ERR,ERR,ERR,ERR,ERR,0.0,-0.0,3.028208139652935e+23,0.0,0.0,1.3936040501711995e+18,7.805,0.0,0,0,4,0,7300,-0.0,0,0.0,0.0,0.0,0.0,0.0,0,0,0,0,0.0,0,0,0,0,0,0,0,0,0,0,0,0,0,0,0,0,0,0,0,0,0,0,0,0,0,0,0,0,0,0,0,0,0,32,30,30,62,65476,0,300,0,0,8,21553,0.0,-107605600.0,0.0,0.0,0.0,0.0,0.0,0.0,0.0,0.0,0.0,0.0,0.0,0.0,0.0,0.0,0.0,0.0,0.0,0.0,0.0,0.0,2.004,-2.004,-0.0,-2.004,0.0,0.0,0.0,0.0,5406.0,-0.0,6965.0,0.0,-0.0,-107615280.0,-0.0,0.0,0.0,0.0,0.0,63,0.0,-2.308830690169617e+20,0.0,0.0,0.0,0.0,0.0,0.0,0.0,0,0,0,0.0,0.0,0.0,0.0,0.0,0.0,0.0,0.0,0.0,0.0,0.0,0.0,0.0,0.0,0.0,0.0,0,-107875648.0,63,0.0,126,2.7184242562605685e+23,-0.0,ERR,ERR,ERR,ERR,ERR,ERR,ERR,ERR,ERR,ERR,ERR,ERR,ERR,ERR,ERR,ERR,ERR,ERR,ERR,ERR,ERR,ERR,ERR,ERR,ERR,ERR,ERR,ERR,ERR,ERR,ERR,ERR,ERR,ERR,ERR,ERR,ERR,ERR,ERR,ERR,ERR,ERR,ERR,ERR,ERR,ERR,ERR,ERR,ERR,ERR,ERR,ERR,ERR,ERR,ERR,ERR,ERR,ERR,ERR,ERR,ERR,ERR,ERR,ERR,ERR,ERR,ERR,34.0,80.0,35,0.0,0.0,0.0,0.0,0.0,0.0,0.0,0.0,0.0,0.0,0.0,0.0,0.0,0.0,0.0,0.0,64.8,0,116,56,50,65476,0,300,0,0,8,20529,65476,0,0,57672,80.0,0.0,0.0,0.0,0.0,0.0
2026-06-17T04:36:27,ERR,ERR,ERR,ERR,ERR,ERR,ERR,ERR,ERR,ERR,ERR,ERR,ERR,ERR,ERR,ERR,ERR,ERR,ERR,ERR,ERR,ERR,ERR,ERR,ERR,ERR,ERR,ERR,ERR,ERR,ERR,ERR,ERR,ERR,ERR,ERR,ERR,ERR,ERR,ERR,ERR,ERR,ERR,ERR,ERR,ERR,ERR,ERR,ERR,ERR,ERR,ERR,ERR,ERR,ERR,ERR,ERR,ERR,ERR,ERR,ERR,ERR,ERR,ERR,ERR,ERR,ERR,ERR,ERR,ERR,ERR,ERR,ERR,ERR,ERR,ERR,ERR,ERR,ERR,ERR,ERR,ERR,ERR,ERR,ERR,ERR,ERR,ERR,ERR,ERR,ERR,ERR,ERR,ERR,ERR,ERR,ERR,ERR,ERR,ERR,ERR,ERR,ERR,ERR,ERR,ERR,ERR,ERR,ERR,ERR,ERR,ERR,ERR,ERR,ERR,ERR,ERR,ERR,ERR,ERR,ERR,ERR,ERR,ERR,ERR,0.0,-0.0,3.028208139652935e+23,0.0,0.0,1.3936040501711995e+18,7.805,0.0,0,0,4,0,7300,-0.0,0,0.0,0.0,0.0,0.0,0.0,0,0,0,0,0.0,0,0,0,0,0,0,0,0,0,0,0,0,0,0,0,0,0,0,0,0,0,0,0,0,0,0,0,0,0,0,0,0,0,32,30,30,62,65476,0,300,0,0,8,21553,0.0,-107605600.0,0.0,0.0,0.0,0.0,0.0,0.0,0.0,0.0,0.0,0.0,0.0,0.0,0.0,0.0,0.0,0.0,0.0,0.0,0.0,0.0,2.004,-2.004,-0.0,-2.004,0.0,0.0,0.0,0.0,5406.0,-0.0,6965.0,0.0,-0.0,-107615280.0,-0.0,0.0,0.0,0.0,0.0,63,0.0,-2.308830690169617e+20,0.0,0.0,0.0,0.0,0.0,0.0,0.0,0,0,0,0.0,0.0,0.0,0.0,0.0,0.0,0.0,0.0,0.0,0.0,0.0,0.0,0.0,0.0,0.0,0.0,0,-107875648.0,63,0.0,126,2.7184242562605685e+23,-0.0,ERR,ERR,ERR,ERR,ERR,ERR,ERR,ERR,ERR,ERR,ERR,ERR,ERR,ERR,ERR,ERR,ERR,ERR,ERR,ERR,ERR,ERR,ERR,ERR,ERR,ERR,ERR,ERR,ERR,ERR,ERR,ERR,ERR,ERR,ERR,ERR,ERR,ERR,ERR,ERR,ERR,ERR,ERR,ERR,ERR,ERR,ERR,ERR,ERR,ERR,ERR,ERR,ERR,ERR,ERR,ERR,ERR,ERR,ERR,ERR,ERR,ERR,ERR,ERR,ERR,ERR,ERR,34.0,80.0,35,0.0,0.0,0.0,0.0,0.0,0.0,0.0,0.0,0.0,0.0,0.0,0.0,0.0,0.0,0.0,0.0,64.4,0,116,56,50,65476,0,300,0,0,8,20529,65476,0,0,57672,80.0,0.0,0.0,0.0,0.0,0.0
2026-06-17T04:36:28,ERR,ERR,ERR,ERR,ERR,ERR,ERR,ERR,ERR,ERR,ERR,ERR,ERR,ERR,ERR,ERR,ERR,ERR,ERR,ERR,ERR,ERR,ERR,ERR,ERR,ERR,ERR,ERR,ERR,ERR,ERR,ERR,ERR,ERR,ERR,ERR,ERR,ERR,ERR,ERR,ERR,ERR,ERR,ERR,ERR,ERR,ERR,ERR,ERR,ERR,ERR,ERR,ERR,ERR,ERR,ERR,ERR,ERR,ERR,ERR,ERR,ERR,ERR,ERR,ERR,ERR,ERR,ERR,ERR,ERR,ERR,ERR,ERR,ERR,ERR,ERR,ERR,ERR,ERR,ERR,ERR,ERR,ERR,ERR,ERR,ERR,ERR,ERR,ERR,ERR,ERR,ERR,ERR,ERR,ERR,ERR,ERR,ERR,ERR,ERR,ERR,ERR,ERR,ERR,ERR,ERR,ERR,ERR,ERR,ERR,ERR,ERR,ERR,ERR,ERR,ERR,ERR,ERR,ERR,ERR,ERR,ERR,ERR,ERR,ERR,0.0,-0.0,3.028208139652935e+23,0.0,0.0,1.3936040501711995e+18,7.805,0.0,0,0,4,0,7300,-0.0,0,0.0,0.0,0.0,0.0,0.0,0,0,0,0,0.0,0,0,0,0,0,0,0,0,0,0,0,0,0,0,0,0,0,0,0,0,0,0,0,0,0,0,0,0,0,0,0,0,0,32,30,30,62,65476,0,300,0,0,8,21553,0.0,-107605600.0,0.0,0.0,0.0,0.0,0.0,0.0,0.0,0.0,0.0,0.0,0.0,0.0,0.0,0.0,0.0,0.0,0.0,0.0,0.0,0.0,2.004,-2.004,-0.0,-2.004,0.0,0.0,0.0,0.0,5406.0,-0.0,6965.0,0.0,-0.0,-107615280.0,-0.0,0.0,0.0,0.0,0.0,63,0.0,-2.308830690169617e+20,0.0,0.0,0.0,0.0,0.0,0.0,0.0,0,0,0,0.0,0.0,0.0,0.0,0.0,0.0,0.0,0.0,0.0,0.0,0.0,0.0,0.0,0.0,0.0,0.0,0,-107875648.0,63,0.0,126,2.7184242562605685e+23,-0.0,ERR,ERR,ERR,ERR,ERR,ERR,ERR,ERR,ERR,ERR,ERR,ERR,ERR,ERR,ERR,ERR,ERR,ERR,ERR,ERR,ERR,ERR,ERR,ERR,ERR,ERR,ERR,ERR,ERR,ERR,ERR,ERR,ERR,ERR,ERR,ERR,ERR,ERR,ERR,ERR,ERR,ERR,ERR,ERR,ERR,ERR,ERR,ERR,ERR,ERR,ERR,ERR,ERR,ERR,ERR,ERR,ERR,ERR,ERR,ERR,ERR,ERR,ERR,ERR,ERR,ERR,ERR,34.0,80.0,35,0.0,0.0,0.0,0.0,0.0,0.0,0.0,0.0,0.0,0.0,0.0,0.0,0.0,0.0,0.0,0.0,64.4,0,116,56,50,65476,0,300,0,0,8,20529,65476,0,0,57672,80.0,0.0,0.0,0.0,0.0,0.0
2026-06-17T04:36:29,ERR,ERR,ERR,ERR,ERR,ERR,ERR,ERR,ERR,ERR,ERR,ERR,ERR,ERR,ERR,ERR,ERR,ERR,ERR,ERR,ERR,ERR,ERR,ERR,ERR,ERR,ERR,ERR,ERR,ERR,ERR,ERR,ERR,ERR,ERR,ERR,ERR,ERR,ERR,ERR,ERR,ERR,ERR,ERR,ERR,ERR,ERR,ERR,ERR,ERR,ERR,ERR,ERR,ERR,ERR,ERR,ERR,ERR,ERR,ERR,ERR,ERR,ERR,ERR,ERR,ERR,ERR,ERR,ERR,ERR,ERR,ERR,ERR,ERR,ERR,ERR,ERR,ERR,ERR,ERR,ERR,ERR,ERR,ERR,ERR,ERR,ERR,ERR,ERR,ERR,ERR,ERR,ERR,ERR,ERR,ERR,ERR,ERR,ERR,ERR,ERR,ERR,ERR,ERR,ERR,ERR,ERR,ERR,ERR,ERR,ERR,ERR,ERR,ERR,ERR,ERR,ERR,ERR,ERR,ERR,ERR,ERR,ERR,ERR,ERR,0.0,-0.0,3.028208139652935e+23,0.0,0.0,1.3936040501711995e+18,7.805,0.0,0,0,4,0,7300,-0.0,0,0.0,0.0,0.0,0.0,0.0,0,0,0,0,0.0,0,0,0,0,0,0,0,0,0,0,0,0,0,0,0,0,0,0,0,0,0,0,0,0,0,0,0,0,0,0,0,0,0,32,30,30,62,65476,0,300,0,0,8,21553,0.0,-107605600.0,0.0,0.0,0.0,0.0,0.0,0.0,0.0,0.0,0.0,0.0,0.0,0.0,0.0,0.0,0.0,0.0,0.0,0.0,0.0,0.0,2.004,-2.004,-0.0,-2.004,0.0,0.0,0.0,0.0,5406.0,-0.0,6965.0,0.0,-0.0,-107615280.0,-0.0,0.0,0.0,0.0,0.0,63,0.0,-2.308830690169617e+20,0.0,0.0,0.0,0.0,0.0,0.0,0.0,0,0,0,0.0,0.0,0.0,0.0,0.0,0.0,0.0,0.0,0.0,0.0,0.0,0.0,0.0,0.0,0.0,0.0,0,-107875648.0,63,0.0,126,2.7184242562605685e+23,-0.0,ERR,ERR,ERR,ERR,ERR,ERR,ERR,ERR,ERR,ERR,ERR,ERR,ERR,ERR,ERR,ERR,ERR,ERR,ERR,ERR,ERR,ERR,ERR,ERR,ERR,ERR,ERR,ERR,ERR,ERR,ERR,ERR,ERR,ERR,ERR,ERR,ERR,ERR,ERR,ERR,ERR,ERR,ERR,ERR,ERR,ERR,ERR,ERR,ERR,ERR,ERR,ERR,ERR,ERR,ERR,ERR,ERR,ERR,ERR,ERR,ERR,ERR,ERR,ERR,ERR,ERR,ERR,34.0,80.0,35,0.0,0.0,0.0,0.0,0.0,0.0,0.0,0.0,0.0,0.0,0.0,0.0,0.0,0.0,0.0,0.0,64.4,0,116,56,50,65476,0,300,0,0,8,20529,65476,0,0,57672,80.0,0.0,0.0,0.0,0.0,0.0
2026-06-17T04:36:30,ERR,ERR,ERR,ERR,ERR,ERR,ERR,ERR,ERR,ERR,ERR,ERR,ERR,ERR,ERR,ERR,ERR,ERR,ERR,ERR,ERR,ERR,ERR,ERR,ERR,ERR,ERR,ERR,ERR,ERR,ERR,ERR,ERR,ERR,ERR,ERR,ERR,ERR,ERR,ERR,ERR,ERR,ERR,ERR,ERR,ERR,ERR,ERR,ERR,ERR,ERR,ERR,ERR,ERR,ERR,ERR,ERR,ERR,ERR,ERR,ERR,ERR,ERR,ERR,ERR,ERR,ERR,ERR,ERR,ERR,ERR,ERR,ERR,ERR,ERR,ERR,ERR,ERR,ERR,ERR,ERR,ERR,ERR,ERR,ERR,ERR,ERR,ERR,ERR,ERR,ERR,ERR,ERR,ERR,ERR,ERR,ERR,ERR,ERR,ERR,ERR,ERR,ERR,ERR,ERR,ERR,ERR,ERR,ERR,ERR,ERR,ERR,ERR,ERR,ERR,ERR,ERR,ERR,ERR,ERR,ERR,ERR,ERR,ERR,ERR,0.0,-0.0,3.028208139652935e+23,0.0,0.0,1.3936040501711995e+18,7.805,0.0,0,0,4,0,7300,-0.0,0,0.0,0.0,0.0,0.0,0.0,0,0,0,0,0.0,0,0,0,0,0,0,0,0,0,0,0,0,0,0,0,0,0,0,0,0,0,0,0,0,0,0,0,0,0,0,0,0,0,32,30,30,62,65476,0,300,0,0,8,21553,0.0,-107605600.0,0.0,0.0,0.0,0.0,0.0,0.0,0.0,0.0,0.0,0.0,0.0,0.0,0.0,0.0,0.0,0.0,0.0,0.0,0.0,0.0,2.004,-2.004,-0.0,-2.004,0.0,0.0,0.0,0.0,5406.0,-0.0,6965.0,0.0,-0.0,-107615280.0,-0.0,0.0,0.0,0.0,0.0,63,0.0,-2.308830690169617e+20,0.0,0.0,0.0,0.0,0.0,0.0,0.0,0,0,0,0.0,0.0,0.0,0.0,0.0,0.0,0.0,0.0,0.0,0.0,0.0,0.0,0.0,0.0,0.0,0.0,0,-107875648.0,63,0.0,126,2.7184242562605685e+23,-0.0,ERR,ERR,ERR,ERR,ERR,ERR,ERR,ERR,ERR,ERR,ERR,ERR,ERR,ERR,ERR,ERR,ERR,ERR,ERR,ERR,ERR,ERR,ERR,ERR,ERR,ERR,ERR,ERR,ERR,ERR,ERR,ERR,ERR,ERR,ERR,ERR,ERR,ERR,ERR,ERR,ERR,ERR,ERR,ERR,ERR,ERR,ERR,ERR,ERR,ERR,ERR,ERR,ERR,ERR,ERR,ERR,ERR,ERR,ERR,ERR,ERR,ERR,ERR,ERR,ERR,ERR,ERR,34.0,80.0,35,0.0,0.0,0.0,0.0,0.0,0.0,0.0,0.0,0.0,0.0,0.0,0.0,0.0,0.0,0.0,0.0,64.4,0,116,56,50,65476,0,300,0,0,8,20529,65476,0,0,57672,80.0,0.0,0.0,0.0,0.0,0.0
2026-06-17T04:36:31,ERR,ERR,ERR,ERR,ERR,ERR,ERR,ERR,ERR,ERR,ERR,ERR,ERR,ERR,ERR,ERR,ERR,ERR,ERR,ERR,ERR,ERR,ERR,ERR,ERR,ERR,ERR,ERR,ERR,ERR,ERR,ERR,ERR,ERR,ERR,ERR,ERR,ERR,ERR,ERR,ERR,ERR,ERR,ERR,ERR,ERR,ERR,ERR,ERR,ERR,ERR,ERR,ERR,ERR,ERR,ERR,ERR,ERR,ERR,ERR,ERR,ERR,ERR,ERR,ERR,ERR,ERR,ERR,ERR,ERR,ERR,ERR,ERR,ERR,ERR,ERR,ERR,ERR,ERR,ERR,ERR,ERR,ERR,ERR,ERR,ERR,ERR,ERR,ERR,ERR,ERR,ERR,ERR,ERR,ERR,ERR,ERR,ERR,ERR,ERR,ERR,ERR,ERR,ERR,ERR,ERR,ERR,ERR,ERR,ERR,ERR,ERR,ERR,ERR,ERR,ERR,ERR,ERR,ERR,ERR,ERR,ERR,ERR,ERR,ERR,0.0,-0.0,3.028208139652935e+23,0.0,0.0,1.3936040501711995e+18,7.805,0.0,0,0,4,0,7300,-0.0,0,0.0,0.0,0.0,0.0,0.0,0,0,0,0,0.0,0,0,0,0,0,0,0,0,0,0,0,0,0,0,0,0,0,0,0,0,0,0,0,0,0,0,0,0,0,0,0,0,0,32,30,30,62,65476,0,300,0,0,8,21553,0.0,-107605600.0,0.0,0.0,0.0,0.0,0.0,0.0,0.0,0.0,0.0,0.0,0.0,0.0,0.0,0.0,0.0,0.0,0.0,0.0,0.0,0.0,2.004,-2.004,-0.0,-2.004,0.0,0.0,0.0,0.0,5406.0,-2.004,6974.0,0.0,-0.0,-107615280.0,-0.0,0.0,0.0,0.0,0.0,63,0.0,0.059,0.0,0.0,0.0,0.0,0.0,0.0,0.0,0,0,0,0.0,0.0,0.0,0.0,0.0,0.0,0.0,0.0,0.0,0.0,0.0,0.0,0.0,0.0,0.0,0.0,0,-107875648.0,63,0.0,126,2.7184242562605685e+23,-0.0,ERR,ERR,ERR,ERR,ERR,ERR,ERR,ERR,ERR,ERR,ERR,ERR,ERR,ERR,ERR,ERR,ERR,ERR,ERR,ERR,ERR,ERR,ERR,ERR,ERR,ERR,ERR,ERR,ERR,ERR,ERR,ERR,ERR,ERR,ERR,ERR,ERR,ERR,ERR,ERR,ERR,ERR,ERR,ERR,ERR,ERR,ERR,ERR,ERR,ERR,ERR,ERR,ERR,ERR,ERR,ERR,ERR,ERR,ERR,ERR,ERR,ERR,ERR,ERR,ERR,ERR,ERR,34.0,80.0,35,0.0,0.0,0.0,0.0,0.0,0.0,0.0,0.0,0.0,0.0,0.0,0.0,0.0,0.0,0.0,0.0,64.4,0,116,56,50,65476,0,300,0,0,8,20529,65476,0,0,57672,80.0,0.0,0.0,0.0,0.0,0.0
2026-06-17T04:36:32,ERR,ERR,ERR,ERR,ERR,ERR,ERR,ERR,ERR,ERR,ERR,ERR,ERR,ERR,ERR,ERR,ERR,ERR,ERR,ERR,ERR,ERR,ERR,ERR,ERR,ERR,ERR,ERR,ERR,ERR,ERR,ERR,ERR,ERR,ERR,ERR,ERR,ERR,ERR,ERR,ERR,ERR,ERR,ERR,ERR,ERR,ERR,ERR,ERR,ERR,ERR,ERR,ERR,ERR,ERR,ERR,ERR,ERR,ERR,ERR,ERR,ERR,ERR,ERR,ERR,ERR,ERR,ERR,ERR,ERR,ERR,ERR,ERR,ERR,ERR,ERR,ERR,ERR,ERR,ERR,ERR,ERR,ERR,ERR,ERR,ERR,ERR,ERR,ERR,ERR,ERR,ERR,ERR,ERR,ERR,ERR,ERR,ERR,ERR,ERR,ERR,ERR,ERR,ERR,ERR,ERR,ERR,ERR,ERR,ERR,ERR,ERR,ERR,ERR,ERR,ERR,ERR,ERR,ERR,ERR,ERR,ERR,ERR,ERR,ERR,0.0,-0.0,3.028208139652935e+23,0.0,0.0,1.3936040501711995e+18,7.805,0.0,0,0,4,0,7300,-0.0,0,0.0,0.0,0.0,0.0,0.0,0,0,0,0,0.0,0,0,0,0,0,0,0,0,0,0,0,0,0,0,0,0,0,0,0,0,0,0,0,0,0,0,0,0,0,0,0,0,0,32,30,30,62,65476,0,300,0,0,8,21553,0.0,-107605600.0,0.0,0.0,0.0,0.0,0.0,0.0,0.0,0.0,0.0,0.0,0.0,0.0,0.0,0.0,0.0,0.0,0.0,0.0,0.0,0.0,2.004,-2.004,-0.0,-2.004,0.0,0.0,0.0,0.0,5406.0,-2.004,6974.0,0.0,-0.0,-107615280.0,-0.0,0.0,0.0,0.0,0.0,63,0.0,0.059,0.0,0.0,0.0,0.0,0.0,0.0,0.0,0,0,0,0.0,0.0,0.0,0.0,0.0,0.0,0.0,0.0,0.0,0.0,0.0,0.0,0.0,0.0,0.0,0.0,0,-107875648.0,63,0.0,126,2.7184242562605685e+23,-0.0,ERR,ERR,ERR,ERR,ERR,ERR,ERR,ERR,ERR,ERR,ERR,ERR,ERR,ERR,ERR,ERR,ERR,ERR,ERR,ERR,ERR,ERR,ERR,ERR,ERR,ERR,ERR,ERR,ERR,ERR,ERR,ERR,ERR,ERR,ERR,ERR,ERR,ERR,ERR,ERR,ERR,ERR,ERR,ERR,ERR,ERR,ERR,ERR,ERR,ERR,ERR,ERR,ERR,ERR,ERR,ERR,ERR,ERR,ERR,ERR,ERR,ERR,ERR,ERR,ERR,ERR,ERR,34.0,80.0,35,0.0,0.0,0.0,0.0,0.0,0.0,0.0,0.0,0.0,0.0,0.0,0.0,0.0,0.0,0.0,0.0,64.4,0,116,56,50,65476,0,300,0,0,8,20529,65476,0,0,57672,80.0,0.0,0.0,0.0,0.0,0.0
2026-06-17T04:36:33,ERR,ERR,ERR,ERR,ERR,ERR,ERR,ERR,ERR,ERR,ERR,ERR,ERR,ERR,ERR,ERR,ERR,ERR,ERR,ERR,ERR,ERR,ERR,ERR,ERR,ERR,ERR,ERR,ERR,ERR,ERR,ERR,ERR,ERR,ERR,ERR,ERR,ERR,ERR,ERR,ERR,ERR,ERR,ERR,ERR,ERR,ERR,ERR,ERR,ERR,ERR,ERR,ERR,ERR,ERR,ERR,ERR,ERR,ERR,ERR,ERR,ERR,ERR,ERR,ERR,ERR,ERR,ERR,ERR,ERR,ERR,ERR,ERR,ERR,ERR,ERR,ERR,ERR,ERR,ERR,ERR,ERR,ERR,ERR,ERR,ERR,ERR,ERR,ERR,ERR,ERR,ERR,ERR,ERR,ERR,ERR,ERR,ERR,ERR,ERR,ERR,ERR,ERR,ERR,ERR,ERR,ERR,ERR,ERR,ERR,ERR,ERR,ERR,ERR,ERR,ERR,ERR,ERR,ERR,ERR,ERR,ERR,ERR,ERR,ERR,0.0,-0.0,3.028208139652935e+23,0.0,0.0,1.3936040501711995e+18,7.805,0.0,0,0,4,0,7300,-0.0,0,0.0,0.0,0.0,0.0,0.0,0,0,0,0,0.0,0,0,0,0,0,0,0,0,0,0,0,0,0,0,0,0,0,0,0,0,0,0,0,0,0,0,0,0,0,0,0,0,0,32,30,30,62,65476,0,300,0,0,8,21553,0.0,-107605600.0,0.0,0.0,0.0,0.0,0.0,0.0,0.0,0.0,0.0,0.0,0.0,0.0,0.0,0.0,0.0,0.0,0.0,0.0,0.0,0.0,2.004,-2.004,-0.0,-2.004,0.0,0.0,0.0,0.0,5406.0,-2.004,6974.0,0.0,-0.0,-107615280.0,-0.0,0.0,0.0,0.0,0.0,63,0.0,0.059,0.0,0.0,0.0,0.0,0.0,0.0,0.0,0,0,0,0.0,0.0,0.0,0.0,0.0,0.0,0.0,0.0,0.0,0.0,0.0,0.0,0.0,0.0,0.0,0.0,0,-107875648.0,63,0.0,126,2.7184242562605685e+23,-0.0,ERR,ERR,ERR,ERR,ERR,ERR,ERR,ERR,ERR,ERR,ERR,ERR,ERR,ERR,ERR,ERR,ERR,ERR,ERR,ERR,ERR,ERR,ERR,ERR,ERR,ERR,ERR,ERR,ERR,ERR,ERR,ERR,ERR,ERR,ERR,ERR,ERR,ERR,ERR,ERR,ERR,ERR,ERR,ERR,ERR,ERR,ERR,ERR,ERR,ERR,ERR,ERR,ERR,ERR,ERR,ERR,ERR,ERR,ERR,ERR,ERR,ERR,ERR,ERR,ERR,ERR,ERR,34.0,80.0,35,0.0,0.0,0.0,0.0,0.0,0.0,0.0,0.0,0.0,0.0,0.0,0.0,0.0,0.0,0.0,0.0,64.4,0,116,56,50,65476,0,300,0,0,8,20529,65476,0,0,57672,80.0,0.0,0.0,0.0,0.0,0.0
2026-06-17T04:36:34,ERR,ERR,ERR,ERR,ERR,ERR,ERR,ERR,ERR,ERR,ERR,ERR,ERR,ERR,ERR,ERR,ERR,ERR,ERR,ERR,ERR,ERR,ERR,ERR,ERR,ERR,ERR,ERR,ERR,ERR,ERR,ERR,ERR,ERR,ERR,ERR,ERR,ERR,ERR,ERR,ERR,ERR,ERR,ERR,ERR,ERR,ERR,ERR,ERR,ERR,ERR,ERR,ERR,ERR,ERR,ERR,ERR,ERR,ERR,ERR,ERR,ERR,ERR,ERR,ERR,ERR,ERR,ERR,ERR,ERR,ERR,ERR,ERR,ERR,ERR,ERR,ERR,ERR,ERR,ERR,ERR,ERR,ERR,ERR,ERR,ERR,ERR,ERR,ERR,ERR,ERR,ERR,ERR,ERR,ERR,ERR,ERR,ERR,ERR,ERR,ERR,ERR,ERR,ERR,ERR,ERR,ERR,ERR,ERR,ERR,ERR,ERR,ERR,ERR,ERR,ERR,ERR,ERR,ERR,ERR,ERR,ERR,ERR,ERR,ERR,0.0,-0.0,3.028208139652935e+23,0.0,0.0,1.3936040501711995e+18,7.805,0.0,0,0,4,0,7300,-0.0,0,0.0,0.0,0.0,0.0,0.0,0,0,0,0,0.0,0,0,0,0,0,0,0,0,0,0,0,0,0,0,0,0,0,0,0,0,0,0,0,0,0,0,0,0,0,0,0,0,0,32,30,30,62,65476,0,300,0,0,8,21553,0.0,-107605600.0,0.0,0.0,0.0,0.0,0.0,0.0,0.0,0.0,0.0,0.0,0.0,0.0,0.0,0.0,0.0,0.0,0.0,0.0,0.0,0.0,2.004,-2.004,-0.0,-2.004,0.0,0.0,0.0,0.0,5406.0,-2.004,6974.0,0.0,-0.0,-107615280.0,-0.0,0.0,0.0,0.0,0.0,63,0.0,0.059,0.0,0.0,0.0,0.0,0.0,0.0,0.0,0,0,0,0.0,0.0,0.0,0.0,0.0,0.0,0.0,0.0,0.0,0.0,0.0,0.0,0.0,0.0,0.0,0.0,0,-107875648.0,63,0.0,126,2.7184242562605685e+23,-0.0,ERR,ERR,ERR,ERR,ERR,ERR,ERR,ERR,ERR,ERR,ERR,ERR,ERR,ERR,ERR,ERR,ERR,ERR,ERR,ERR,ERR,ERR,ERR,ERR,ERR,ERR,ERR,ERR,ERR,ERR,ERR,ERR,ERR,ERR,ERR,ERR,ERR,ERR,ERR,ERR,ERR,ERR,ERR,ERR,ERR,ERR,ERR,ERR,ERR,ERR,ERR,ERR,ERR,ERR,ERR,ERR,ERR,ERR,ERR,ERR,ERR,ERR,ERR,ERR,ERR,ERR,ERR,34.0,80.0,35,0.0,0.0,0.0,0.0,0.0,0.0,0.0,0.0,0.0,0.0,0.0,0.0,0.0,0.0,0.0,0.0,64.4,0,116,56,50,65476,0,300,0,0,8,20529,65476,0,0,57672,80.0,0.0,0.0,0.0,0.0,0.0
2026-06-17T04:36:35,ERR,ERR,ERR,ERR,ERR,ERR,ERR,ERR,ERR,ERR,ERR,ERR,ERR,ERR,ERR,ERR,ERR,ERR,ERR,ERR,ERR,ERR,ERR,ERR,ERR,ERR,ERR,ERR,ERR,ERR,ERR,ERR,ERR,ERR,ERR,ERR,ERR,ERR,ERR,ERR,ERR,ERR,ERR,ERR,ERR,ERR,ERR,ERR,ERR,ERR,ERR,ERR,ERR,ERR,ERR,ERR,ERR,ERR,ERR,ERR,ERR,ERR,ERR,ERR,ERR,ERR,ERR,ERR,ERR,ERR,ERR,ERR,ERR,ERR,ERR,ERR,ERR,ERR,ERR,ERR,ERR,ERR,ERR,ERR,ERR,ERR,ERR,ERR,ERR,ERR,ERR,ERR,ERR,ERR,ERR,ERR,ERR,ERR,ERR,ERR,ERR,ERR,ERR,ERR,ERR,ERR,ERR,ERR,ERR,ERR,ERR,ERR,ERR,ERR,ERR,ERR,ERR,ERR,ERR,ERR,ERR,ERR,ERR,ERR,ERR,0.0,-0.0,3.028208139652935e+23,0.0,0.0,1.3936040501711995e+18,7.805,0.0,0,0,4,0,7300,-0.0,0,0.0,0.0,0.0,0.0,0.0,0,0,0,0,0.0,0,0,0,0,0,0,0,0,0,0,0,0,0,0,0,0,0,0,0,0,0,0,0,0,0,0,0,0,0,0,0,0,0,32,30,30,62,65476,0,300,0,0,8,21553,0.0,-107605600.0,0.0,0.0,0.0,0.0,0.0,0.0,0.0,0.0,0.0,0.0,0.0,0.0,0.0,0.0,0.0,0.0,0.0,0.0,0.0,0.0,2.004,-2.004,-0.0,-2.004,0.0,0.0,0.0,0.0,5406.0,-2.004,6974.0,0.0,-0.0,-107615280.0,-0.0,0.0,0.0,0.0,0.0,63,0.0,0.059,0.0,0.0,0.0,0.0,0.0,0.0,0.0,0,0,0,0.0,0.0,0.0,0.0,0.0,0.0,0.0,0.0,0.0,0.0,0.0,0.0,0.0,0.0,0.0,0.0,0,-107875648.0,63,0.0,126,2.7184242562605685e+23,-0.0,ERR,ERR,ERR,ERR,ERR,ERR,ERR,ERR,ERR,ERR,ERR,ERR,ERR,ERR,ERR,ERR,ERR,ERR,ERR,ERR,ERR,ERR,ERR,ERR,ERR,ERR,ERR,ERR,ERR,ERR,ERR,ERR,ERR,ERR,ERR,ERR,ERR,ERR,ERR,ERR,ERR,ERR,ERR,ERR,ERR,ERR,ERR,ERR,ERR,ERR,ERR,ERR,ERR,ERR,ERR,ERR,ERR,ERR,ERR,ERR,ERR,ERR,ERR,ERR,ERR,ERR,ERR,34.0,80.0,35,0.0,0.0,0.0,0.0,0.0,0.0,0.0,0.0,0.0,0.0,0.0,0.0,0.0,0.0,0.0,0.0,64.4,0,116,56,50,65476,0,300,0,0,8,20529,65476,0,0,57672,80.0,0.0,0.0,0.0,0.0,0.0
2026-06-17T04:36:36,ERR,ERR,ERR,ERR,ERR,ERR,ERR,ERR,ERR,ERR,ERR,ERR,ERR,ERR,ERR,ERR,ERR,ERR,ERR,ERR,ERR,ERR,ERR,ERR,ERR,ERR,ERR,ERR,ERR,ERR,ERR,ERR,ERR,ERR,ERR,ERR,ERR,ERR,ERR,ERR,ERR,ERR,ERR,ERR,ERR,ERR,ERR,ERR,ERR,ERR,ERR,ERR,ERR,ERR,ERR,ERR,ERR,ERR,ERR,ERR,ERR,ERR,ERR,ERR,ERR,ERR,ERR,ERR,ERR,ERR,ERR,ERR,ERR,ERR,ERR,ERR,ERR,ERR,ERR,ERR,ERR,ERR,ERR,ERR,ERR,ERR,ERR,ERR,ERR,ERR,ERR,ERR,ERR,ERR,ERR,ERR,ERR,ERR,ERR,ERR,ERR,ERR,ERR,ERR,ERR,ERR,ERR,ERR,ERR,ERR,ERR,ERR,ERR,ERR,ERR,ERR,ERR,ERR,ERR,ERR,ERR,ERR,ERR,ERR,ERR,0.0,-0.0,3.028208139652935e+23,0.0,0.0,1.3936040501711995e+18,7.805,0.0,0,0,4,0,7300,-0.0,0,0.0,0.0,0.0,0.0,0.0,0,0,0,0,0.0,0,0,0,0,0,0,0,0,0,0,0,0,0,0,0,0,0,0,0,0,0,0,0,0,0,0,0,0,0,0,0,0,0,32,30,30,62,65476,0,300,0,0,8,21553,0.0,-107605600.0,0.0,0.0,0.0,0.0,0.0,0.0,0.0,0.0,0.0,0.0,0.0,0.0,0.0,0.0,0.0,0.0,0.0,0.0,0.0,0.0,2.004,-2.004,-0.0,-2.004,0.0,0.0,0.0,0.0,5438.0,0.0,6947.0,0.0,-0.0,-107615280.0,-0.0,0.0,0.0,0.0,0.0,63,0.0,4.066859702643652e+29,0.0,0.0,0.0,0.0,0.0,0.0,0.0,0,0,0,0.0,0.0,0.0,0.0,0.0,0.0,0.0,0.0,0.0,0.0,0.0,0.0,0.0,0.0,0.0,0.0,0,-107875648.0,63,0.0,126,2.7184242562605685e+23,-0.0,ERR,ERR,ERR,ERR,ERR,ERR,ERR,ERR,ERR,ERR,ERR,ERR,ERR,ERR,ERR,ERR,ERR,ERR,ERR,ERR,ERR,ERR,ERR,ERR,ERR,ERR,ERR,ERR,ERR,ERR,ERR,ERR,ERR,ERR,ERR,ERR,ERR,ERR,ERR,ERR,ERR,ERR,ERR,ERR,ERR,ERR,ERR,ERR,ERR,ERR,ERR,ERR,ERR,ERR,ERR,ERR,ERR,ERR,ERR,ERR,ERR,ERR,ERR,ERR,ERR,ERR,ERR,34.0,80.0,35,0.0,0.0,0.0,0.0,0.0,0.0,0.0,0.0,0.0,0.0,0.0,0.0,0.0,0.0,0.0,0.0,64.4,0,116,56,50,65476,0,300,0,0,8,20529,65476,0,0,57672,80.0,0.0,0.0,0.0,0.0,0.0
2026-06-17T04:36:37,ERR,ERR,ERR,ERR,ERR,ERR,ERR,ERR,ERR,ERR,ERR,ERR,ERR,ERR,ERR,ERR,ERR,ERR,ERR,ERR,ERR,ERR,ERR,ERR,ERR,ERR,ERR,ERR,ERR,ERR,ERR,ERR,ERR,ERR,ERR,ERR,ERR,ERR,ERR,ERR,ERR,ERR,ERR,ERR,ERR,ERR,ERR,ERR,ERR,ERR,ERR,ERR,ERR,ERR,ERR,ERR,ERR,ERR,ERR,ERR,ERR,ERR,ERR,ERR,ERR,ERR,ERR,ERR,ERR,ERR,ERR,ERR,ERR,ERR,ERR,ERR,ERR,ERR,ERR,ERR,ERR,ERR,ERR,ERR,ERR,ERR,ERR,ERR,ERR,ERR,ERR,ERR,ERR,ERR,ERR,ERR,ERR,ERR,ERR,ERR,ERR,ERR,ERR,ERR,ERR,ERR,ERR,ERR,ERR,ERR,ERR,ERR,ERR,ERR,ERR,ERR,ERR,ERR,ERR,ERR,ERR,ERR,ERR,ERR,ERR,0.0,-0.0,3.028208139652935e+23,0.0,0.0,1.3936040501711995e+18,7.805,0.0,0,0,4,0,7300,-0.0,0,0.0,0.0,0.0,0.0,0.0,0,0,0,0,0.0,0,0,0,0,0,0,0,0,0,0,0,0,0,0,0,0,0,0,0,0,0,0,0,0,0,0,0,0,0,0,0,0,0,32,30,30,62,65476,0,300,0,0,8,21553,0.0,-107605600.0,0.0,0.0,0.0,0.0,0.0,0.0,0.0,0.0,0.0,0.0,0.0,0.0,0.0,0.0,0.0,0.0,0.0,0.0,0.0,0.0,2.004,-2.004,-0.0,-2.004,0.0,0.0,0.0,0.0,5438.0,0.0,6947.0,0.0,-0.0,-107615280.0,-0.0,0.0,0.0,0.0,0.0,63,0.0,4.066859702643652e+29,0.0,0.0,0.0,0.0,0.0,0.0,0.0,0,0,0,0.0,0.0,0.0,0.0,0.0,0.0,0.0,0.0,0.0,0.0,0.0,0.0,0.0,0.0,0.0,0.0,0,-107875648.0,63,0.0,126,2.7184242562605685e+23,-0.0,ERR,ERR,ERR,ERR,ERR,ERR,ERR,ERR,ERR,ERR,ERR,ERR,ERR,ERR,ERR,ERR,ERR,ERR,ERR,ERR,ERR,ERR,ERR,ERR,ERR,ERR,ERR,ERR,ERR,ERR,ERR,ERR,ERR,ERR,ERR,ERR,ERR,ERR,ERR,ERR,ERR,ERR,ERR,ERR,ERR,ERR,ERR,ERR,ERR,ERR,ERR,ERR,ERR,ERR,ERR,ERR,ERR,ERR,ERR,ERR,ERR,ERR,ERR,ERR,ERR,ERR,ERR,34.0,80.0,35,0.0,0.0,0.0,0.0,0.0,0.0,0.0,0.0,0.0,0.0,0.0,0.0,0.0,0.0,0.0,0.0,64.4,0,116,56,50,65476,0,300,0,0,8,20529,65476,0,0,57672,80.0,0.0,0.0,0.0,0.0,0.0
2026-06-17T04:36:38,ERR,ERR,ERR,ERR,ERR,ERR,ERR,ERR,ERR,ERR,ERR,ERR,ERR,ERR,ERR,ERR,ERR,ERR,ERR,ERR,ERR,ERR,ERR,ERR,ERR,ERR,ERR,ERR,ERR,ERR,ERR,ERR,ERR,ERR,ERR,ERR,ERR,ERR,ERR,ERR,ERR,ERR,ERR,ERR,ERR,ERR,ERR,ERR,ERR,ERR,ERR,ERR,ERR,ERR,ERR,ERR,ERR,ERR,ERR,ERR,ERR,ERR,ERR,ERR,ERR,ERR,ERR,ERR,ERR,ERR,ERR,ERR,ERR,ERR,ERR,ERR,ERR,ERR,ERR,ERR,ERR,ERR,ERR,ERR,ERR,ERR,ERR,ERR,ERR,ERR,ERR,ERR,ERR,ERR,ERR,ERR,ERR,ERR,ERR,ERR,ERR,ERR,ERR,ERR,ERR,ERR,ERR,ERR,ERR,ERR,ERR,ERR,ERR,ERR,ERR,ERR,ERR,ERR,ERR,ERR,ERR,ERR,ERR,ERR,ERR,0.0,-0.0,3.028208139652935e+23,0.0,0.0,1.3936040501711995e+18,7.805,0.0,0,0,4,0,7300,-0.0,0,0.0,0.0,0.0,0.0,0.0,0,0,0,0,0.0,0,0,0,0,0,0,0,0,0,0,0,0,0,0,0,0,0,0,0,0,0,0,0,0,0,0,0,0,0,0,0,0,0,32,30,30,62,65476,0,300,0,0,8,21553,0.0,-107605600.0,0.0,0.0,0.0,0.0,0.0,0.0,0.0,0.0,0.0,0.0,0.0,0.0,0.0,0.0,0.0,0.0,0.0,0.0,0.0,0.0,2.004,-2.004,-0.0,-2.004,0.0,0.0,0.0,0.0,5438.0,0.0,6947.0,0.0,-0.0,-107615280.0,-0.0,0.0,0.0,0.0,0.0,63,0.0,4.066859702643652e+29,0.0,0.0,0.0,0.0,0.0,0.0,0.0,0,0,0,0.0,0.0,0.0,0.0,0.0,0.0,0.0,0.0,0.0,0.0,0.0,0.0,0.0,0.0,0.0,0.0,0,-107875648.0,63,0.0,126,2.7184242562605685e+23,-0.0,ERR,ERR,ERR,ERR,ERR,ERR,ERR,ERR,ERR,ERR,ERR,ERR,ERR,ERR,ERR,ERR,ERR,ERR,ERR,ERR,ERR,ERR,ERR,ERR,ERR,ERR,ERR,ERR,ERR,ERR,ERR,ERR,ERR,ERR,ERR,ERR,ERR,ERR,ERR,ERR,ERR,ERR,ERR,ERR,ERR,ERR,ERR,ERR,ERR,ERR,ERR,ERR,ERR,ERR,ERR,ERR,ERR,ERR,ERR,ERR,ERR,ERR,ERR,ERR,ERR,ERR,ERR,34.0,80.0,35,0.0,0.0,0.0,0.0,0.0,0.0,0.0,0.0,0.0,0.0,0.0,0.0,0.0,0.0,0.0,0.0,64.4,0,116,56,50,65476,0,300,0,0,8,20529,65476,0,0,57672,80.0,0.0,0.0,0.0,0.0,0.0
2026-06-17T04:36:39,ERR,ERR,ERR,ERR,ERR,ERR,ERR,ERR,ERR,ERR,ERR,ERR,ERR,ERR,ERR,ERR,ERR,ERR,ERR,ERR,ERR,ERR,ERR,ERR,ERR,ERR,ERR,ERR,ERR,ERR,ERR,ERR,ERR,ERR,ERR,ERR,ERR,ERR,ERR,ERR,ERR,ERR,ERR,ERR,ERR,ERR,ERR,ERR,ERR,ERR,ERR,ERR,ERR,ERR,ERR,ERR,ERR,ERR,ERR,ERR,ERR,ERR,ERR,ERR,ERR,ERR,ERR,ERR,ERR,ERR,ERR,ERR,ERR,ERR,ERR,ERR,ERR,ERR,ERR,ERR,ERR,ERR,ERR,ERR,ERR,ERR,ERR,ERR,ERR,ERR,ERR,ERR,ERR,ERR,ERR,ERR,ERR,ERR,ERR,ERR,ERR,ERR,ERR,ERR,ERR,ERR,ERR,ERR,ERR,ERR,ERR,ERR,ERR,ERR,ERR,ERR,ERR,ERR,ERR,ERR,ERR,ERR,ERR,ERR,ERR,0.0,-0.0,3.028208139652935e+23,0.0,0.0,1.3936040501711995e+18,7.805,0.0,0,0,4,0,7300,-0.0,0,0.0,0.0,0.0,0.0,0.0,0,0,0,0,0.0,0,0,0,0,0,0,0,0,0,0,0,0,0,0,0,0,0,0,0,0,0,0,0,0,0,0,0,0,0,0,0,0,0,32,30,30,62,65476,0,300,0,0,8,21553,0.0,-107605600.0,0.0,0.0,0.0,0.0,0.0,0.0,0.0,0.0,0.0,0.0,0.0,0.0,0.0,0.0,0.0,0.0,0.0,0.0,0.0,0.0,2.004,-2.004,-0.0,-2.004,0.0,0.0,0.0,0.0,5438.0,0.0,6947.0,0.0,-0.0,-107615280.0,-0.0,0.0,0.0,0.0,0.0,63,0.0,4.066859702643652e+29,0.0,0.0,0.0,0.0,0.0,0.0,0.0,0,0,0,0.0,0.0,0.0,0.0,0.0,0.0,0.0,0.0,0.0,0.0,0.0,0.0,0.0,0.0,0.0,0.0,0,-107875648.0,63,0.0,126,2.7184242562605685e+23,-0.0,ERR,ERR,ERR,ERR,ERR,ERR,ERR,ERR,ERR,ERR,ERR,ERR,ERR,ERR,ERR,ERR,ERR,ERR,ERR,ERR,ERR,ERR,ERR,ERR,ERR,ERR,ERR,ERR,ERR,ERR,ERR,ERR,ERR,ERR,ERR,ERR,ERR,ERR,ERR,ERR,ERR,ERR,ERR,ERR,ERR,ERR,ERR,ERR,ERR,ERR,ERR,ERR,ERR,ERR,ERR,ERR,ERR,ERR,ERR,ERR,ERR,ERR,ERR,ERR,ERR,ERR,ERR,34.0,80.0,35,0.0,0.0,0.0,0.0,0.0,0.0,0.0,0.0,0.0,0.0,0.0,0.0,0.0,0.0,0.0,0.0,64.4,0,116,56,50,65476,0,300,0,0,8,20529,65476,0,0,57672,80.0,0.0,0.0,0.0,0.0,0.0
2026-06-17T04:36:40,ERR,ERR,ERR,ERR,ERR,ERR,ERR,ERR,ERR,ERR,ERR,ERR,ERR,ERR,ERR,ERR,ERR,ERR,ERR,ERR,ERR,ERR,ERR,ERR,ERR,ERR,ERR,ERR,ERR,ERR,ERR,ERR,ERR,ERR,ERR,ERR,ERR,ERR,ERR,ERR,ERR,ERR,ERR,ERR,ERR,ERR,ERR,ERR,ERR,ERR,ERR,ERR,ERR,ERR,ERR,ERR,ERR,ERR,ERR,ERR,ERR,ERR,ERR,ERR,ERR,ERR,ERR,ERR,ERR,ERR,ERR,ERR,ERR,ERR,ERR,ERR,ERR,ERR,ERR,ERR,ERR,ERR,ERR,ERR,ERR,ERR,ERR,ERR,ERR,ERR,ERR,ERR,ERR,ERR,ERR,ERR,ERR,ERR,ERR,ERR,ERR,ERR,ERR,ERR,ERR,ERR,ERR,ERR,ERR,ERR,ERR,ERR,ERR,ERR,ERR,ERR,ERR,ERR,ERR,ERR,ERR,ERR,ERR,ERR,ERR,0.0,-0.0,3.028208139652935e+23,0.0,0.0,1.3936040501711995e+18,7.805,0.0,0,0,4,0,7300,-0.0,0,0.0,0.0,0.0,0.0,0.0,0,0,0,0,0.0,0,0,0,0,0,0,0,0,0,0,0,0,0,0,0,0,0,0,0,0,0,0,0,0,0,0,0,0,0,0,0,0,0,32,30,30,62,65476,0,300,0,0,8,21553,0.0,-107605600.0,0.0,0.0,0.0,0.0,0.0,0.0,0.0,0.0,0.0,0.0,0.0,0.0,0.0,0.0,0.0,0.0,0.0,0.0,0.0,0.0,2.004,-2.004,-0.0,-2.004,0.0,0.0,0.0,0.0,5438.0,0.0,6947.0,0.0,-0.0,-107615280.0,-0.0,0.0,0.0,0.0,0.0,63,0.0,4.066859702643652e+29,0.0,0.0,0.0,0.0,0.0,0.0,0.0,0,0,0,0.0,0.0,0.0,0.0,0.0,0.0,0.0,0.0,0.0,0.0,0.0,0.0,0.0,0.0,0.0,0.0,0,-107875648.0,63,0.0,126,2.7184242562605685e+23,-0.0,ERR,ERR,ERR,ERR,ERR,ERR,ERR,ERR,ERR,ERR,ERR,ERR,ERR,ERR,ERR,ERR,ERR,ERR,ERR,ERR,ERR,ERR,ERR,ERR,ERR,ERR,ERR,ERR,ERR,ERR,ERR,ERR,ERR,ERR,ERR,ERR,ERR,ERR,ERR,ERR,ERR,ERR,ERR,ERR,ERR,ERR,ERR,ERR,ERR,ERR,ERR,ERR,ERR,ERR,ERR,ERR,ERR,ERR,ERR,ERR,ERR,ERR,ERR,ERR,ERR,ERR,ERR,34.0,80.0,35,0.0,0.0,0.0,0.0,0.0,0.0,0.0,0.0,0.0,0.0,0.0,0.0,0.0,0.0,0.0,0.0,64.4,0,116,56,50,65476,0,300,0,0,8,20529,65476,0,0,57672,80.0,0.0,0.0,0.0,0.0,0.0
2026-06-17T04:36:41,ERR,ERR,ERR,ERR,ERR,ERR,ERR,ERR,ERR,ERR,ERR,ERR,ERR,ERR,ERR,ERR,ERR,ERR,ERR,ERR,ERR,ERR,ERR,ERR,ERR,ERR,ERR,ERR,ERR,ERR,ERR,ERR,ERR,ERR,ERR,ERR,ERR,ERR,ERR,ERR,ERR,ERR,ERR,ERR,ERR,ERR,ERR,ERR,ERR,ERR,ERR,ERR,ERR,ERR,ERR,ERR,ERR,ERR,ERR,ERR,ERR,ERR,ERR,ERR,ERR,ERR,ERR,ERR,ERR,ERR,ERR,ERR,ERR,ERR,ERR,ERR,ERR,ERR,ERR,ERR,ERR,ERR,ERR,ERR,ERR,ERR,ERR,ERR,ERR,ERR,ERR,ERR,ERR,ERR,ERR,ERR,ERR,ERR,ERR,ERR,ERR,ERR,ERR,ERR,ERR,ERR,ERR,ERR,ERR,ERR,ERR,ERR,ERR,ERR,ERR,ERR,ERR,ERR,ERR,ERR,ERR,ERR,ERR,ERR,ERR,0.0,-0.0,3.028208139652935e+23,0.0,0.0,1.3936040501711995e+18,7.805,0.0,0,0,4,0,7300,-0.0,0,0.0,0.0,0.0,0.0,0.0,0,0,0,0,0.0,0,0,0,0,0,0,0,0,0,0,0,0,0,0,0,0,0,0,0,0,0,0,0,0,0,0,0,0,0,0,0,0,0,32,30,30,62,65476,0,300,0,0,8,21553,0.0,-107605600.0,0.0,0.0,0.0,0.0,0.0,0.0,0.0,0.0,0.0,0.0,0.0,0.0,-2.596148429267414e+33,0.0,0.0,0.0,0.0,0.0,0.0,0.0,2.004,-2.004,-0.0,-2.004,0.0,0.0,0.0,0.0,5438.0,2.004,6953.0,0.0,-0.0,-107615280.0,-0.0,0.0,0.0,0.0,0.0,63,0.0,-0.0,0.0,0.0,0.0,0.0,0.0,0.0,0.0,0,0,0,0.0,0.0,0.0,0.0,0.0,0.0,0.0,0.0,0.0,0.0,0.0,0.0,0.0,0.0,0.0,0.0,0,-107875648.0,63,0.0,126,2.7184242562605685e+23,-0.0,ERR,ERR,ERR,ERR,ERR,ERR,ERR,ERR,ERR,ERR,ERR,ERR,ERR,ERR,ERR,ERR,ERR,ERR,ERR,ERR,ERR,ERR,ERR,ERR,ERR,ERR,ERR,ERR,ERR,ERR,ERR,ERR,ERR,ERR,ERR,ERR,ERR,ERR,ERR,ERR,ERR,ERR,ERR,ERR,ERR,ERR,ERR,ERR,ERR,ERR,ERR,ERR,ERR,ERR,ERR,ERR,ERR,ERR,ERR,ERR,ERR,ERR,ERR,ERR,ERR,ERR,ERR,34.0,80.0,35,0.0,0.0,0.0,0.0,0.0,0.0,0.0,0.0,0.0,0.0,0.0,0.0,0.0,0.0,0.0,0.0,64.4,0,116,56,50,65476,0,300,0,0,8,20529,65476,0,0,57672,80.0,0.0,0.0,0.0,0.0,0.0
2026-06-17T04:36:42,ERR,ERR,ERR,ERR,ERR,ERR,ERR,ERR,ERR,ERR,ERR,ERR,ERR,ERR,ERR,ERR,ERR,ERR,ERR,ERR,ERR,ERR,ERR,ERR,ERR,ERR,ERR,ERR,ERR,ERR,ERR,ERR,ERR,ERR,ERR,ERR,ERR,ERR,ERR,ERR,ERR,ERR,ERR,ERR,ERR,ERR,ERR,ERR,ERR,ERR,ERR,ERR,ERR,ERR,ERR,ERR,ERR,ERR,ERR,ERR,ERR,ERR,ERR,ERR,ERR,ERR,ERR,ERR,ERR,ERR,ERR,ERR,ERR,ERR,ERR,ERR,ERR,ERR,ERR,ERR,ERR,ERR,ERR,ERR,ERR,ERR,ERR,ERR,ERR,ERR,ERR,ERR,ERR,ERR,ERR,ERR,ERR,ERR,ERR,ERR,ERR,ERR,ERR,ERR,ERR,ERR,ERR,ERR,ERR,ERR,ERR,ERR,ERR,ERR,ERR,ERR,ERR,ERR,ERR,ERR,ERR,ERR,ERR,ERR,ERR,0.0,-0.0,3.028208139652935e+23,0.0,0.0,1.3936040501711995e+18,7.805,0.0,0,0,4,0,7300,-0.0,0,0.0,0.0,0.0,0.0,0.0,0,0,0,0,0.0,0,0,0,0,0,0,0,0,0,0,0,0,0,0,0,0,0,0,0,0,0,0,0,0,0,0,0,0,0,0,0,0,0,32,30,30,62,65476,0,300,0,0,8,21553,0.0,-107605600.0,0.0,0.0,0.0,0.0,0.0,0.0,0.0,0.0,0.0,0.0,0.0,0.0,-2.596148429267414e+33,0.0,0.0,0.0,0.0,0.0,0.0,0.0,2.004,-2.004,-0.0,-2.004,0.0,0.0,0.0,0.0,5438.0,2.004,6953.0,0.0,-0.0,-107615280.0,-0.0,0.0,0.0,0.0,0.0,63,0.0,-0.0,0.0,0.0,0.0,0.0,0.0,0.0,0.0,0,0,0,0.0,0.0,0.0,0.0,0.0,0.0,0.0,0.0,0.0,0.0,0.0,0.0,0.0,0.0,0.0,0.0,0,-107875648.0,63,0.0,126,2.7184242562605685e+23,-0.0,ERR,ERR,ERR,ERR,ERR,ERR,ERR,ERR,ERR,ERR,ERR,ERR,ERR,ERR,ERR,ERR,ERR,ERR,ERR,ERR,ERR,ERR,ERR,ERR,ERR,ERR,ERR,ERR,ERR,ERR,ERR,ERR,ERR,ERR,ERR,ERR,ERR,ERR,ERR,ERR,ERR,ERR,ERR,ERR,ERR,ERR,ERR,ERR,ERR,ERR,ERR,ERR,ERR,ERR,ERR,ERR,ERR,ERR,ERR,ERR,ERR,ERR,ERR,ERR,ERR,ERR,ERR,34.0,80.0,35,0.0,0.0,0.0,0.0,0.0,0.0,0.0,0.0,0.0,0.0,0.0,0.0,0.0,0.0,0.0,0.0,64.4,0,116,56,50,65476,0,300,0,0,8,20529,65476,0,0,57672,80.0,0.0,0.0,0.0,0.0,0.0
2026-06-17T04:36:43,ERR,ERR,ERR,ERR,ERR,ERR,ERR,ERR,ERR,ERR,ERR,ERR,ERR,ERR,ERR,ERR,ERR,ERR,ERR,ERR,ERR,ERR,ERR,ERR,ERR,ERR,ERR,ERR,ERR,ERR,ERR,ERR,ERR,ERR,ERR,ERR,ERR,ERR,ERR,ERR,ERR,ERR,ERR,ERR,ERR,ERR,ERR,ERR,ERR,ERR,ERR,ERR,ERR,ERR,ERR,ERR,ERR,ERR,ERR,ERR,ERR,ERR,ERR,ERR,ERR,ERR,ERR,ERR,ERR,ERR,ERR,ERR,ERR,ERR,ERR,ERR,ERR,ERR,ERR,ERR,ERR,ERR,ERR,ERR,ERR,ERR,ERR,ERR,ERR,ERR,ERR,ERR,ERR,ERR,ERR,ERR,ERR,ERR,ERR,ERR,ERR,ERR,ERR,ERR,ERR,ERR,ERR,ERR,ERR,ERR,ERR,ERR,ERR,ERR,ERR,ERR,ERR,ERR,ERR,ERR,ERR,ERR,ERR,ERR,ERR,0.0,-0.0,3.028208139652935e+23,0.0,0.0,1.3936040501711995e+18,7.805,0.0,0,0,4,0,7300,-0.0,0,0.0,0.0,0.0,0.0,0.0,0,0,0,0,0.0,0,0,0,0,0,0,0,0,0,0,0,0,0,0,0,0,0,0,0,0,0,0,0,0,0,0,0,0,0,0,0,0,0,32,30,30,62,65476,0,300,0,0,8,21553,0.0,-107605600.0,0.0,0.0,0.0,0.0,0.0,0.0,0.0,0.0,0.0,0.0,0.0,0.0,-2.596148429267414e+33,0.0,0.0,0.0,0.0,0.0,0.0,0.0,2.004,-2.004,-0.0,-2.004,0.0,0.0,0.0,0.0,5438.0,2.004,6953.0,0.0,-0.0,-107615280.0,-0.0,0.0,0.0,0.0,0.0,63,0.0,-0.0,0.0,0.0,0.0,0.0,0.0,0.0,0.0,0,0,0,0.0,0.0,0.0,0.0,0.0,0.0,0.0,0.0,0.0,0.0,0.0,0.0,0.0,0.0,0.0,0.0,0,-107875648.0,63,0.0,126,2.7184242562605685e+23,-0.0,ERR,ERR,ERR,ERR,ERR,ERR,ERR,ERR,ERR,ERR,ERR,ERR,ERR,ERR,ERR,ERR,ERR,ERR,ERR,ERR,ERR,ERR,ERR,ERR,ERR,ERR,ERR,ERR,ERR,ERR,ERR,ERR,ERR,ERR,ERR,ERR,ERR,ERR,ERR,ERR,ERR,ERR,ERR,ERR,ERR,ERR,ERR,ERR,ERR,ERR,ERR,ERR,ERR,ERR,ERR,ERR,ERR,ERR,ERR,ERR,ERR,ERR,ERR,ERR,ERR,ERR,ERR,34.0,80.0,35,0.0,0.0,0.0,0.0,0.0,0.0,0.0,0.0,0.0,0.0,0.0,0.0,0.0,0.0,0.0,0.0,64.4,0,116,56,50,65476,0,300,0,0,8,20529,65476,0,0,57672,80.0,0.0,0.0,0.0,0.0,0.0
2026-06-17T04:36:44,ERR,ERR,ERR,ERR,ERR,ERR,ERR,ERR,ERR,ERR,ERR,ERR,ERR,ERR,ERR,ERR,ERR,ERR,ERR,ERR,ERR,ERR,ERR,ERR,ERR,ERR,ERR,ERR,ERR,ERR,ERR,ERR,ERR,ERR,ERR,ERR,ERR,ERR,ERR,ERR,ERR,ERR,ERR,ERR,ERR,ERR,ERR,ERR,ERR,ERR,ERR,ERR,ERR,ERR,ERR,ERR,ERR,ERR,ERR,ERR,ERR,ERR,ERR,ERR,ERR,ERR,ERR,ERR,ERR,ERR,ERR,ERR,ERR,ERR,ERR,ERR,ERR,ERR,ERR,ERR,ERR,ERR,ERR,ERR,ERR,ERR,ERR,ERR,ERR,ERR,ERR,ERR,ERR,ERR,ERR,ERR,ERR,ERR,ERR,ERR,ERR,ERR,ERR,ERR,ERR,ERR,ERR,ERR,ERR,ERR,ERR,ERR,ERR,ERR,ERR,ERR,ERR,ERR,ERR,ERR,ERR,ERR,ERR,ERR,ERR,0.0,-0.0,3.028208139652935e+23,0.0,0.0,1.3936040501711995e+18,7.805,0.0,0,0,4,0,7300,-0.0,0,0.0,0.0,0.0,0.0,0.0,0,0,0,0,0.0,0,0,0,0,0,0,0,0,0,0,0,0,0,0,0,0,0,0,0,0,0,0,0,0,0,0,0,0,0,0,0,0,0,32,30,30,62,65476,0,300,0,0,8,21553,0.0,-107605600.0,0.0,0.0,0.0,0.0,0.0,0.0,0.0,0.0,0.0,0.0,0.0,0.0,-2.596148429267414e+33,0.0,0.0,0.0,0.0,0.0,0.0,0.0,2.004,-2.004,-0.0,-2.004,0.0,0.0,0.0,0.0,5438.0,2.004,6953.0,0.0,-0.0,-107615280.0,-0.0,0.0,0.0,0.0,0.0,63,0.0,-0.0,0.0,0.0,0.0,0.0,0.0,0.0,0.0,0,0,0,0.0,0.0,0.0,0.0,0.0,0.0,0.0,0.0,0.0,0.0,0.0,0.0,0.0,0.0,0.0,0.0,0,-107875648.0,63,0.0,126,2.7184242562605685e+23,-0.0,ERR,ERR,ERR,ERR,ERR,ERR,ERR,ERR,ERR,ERR,ERR,ERR,ERR,ERR,ERR,ERR,ERR,ERR,ERR,ERR,ERR,ERR,ERR,ERR,ERR,ERR,ERR,ERR,ERR,ERR,ERR,ERR,ERR,ERR,ERR,ERR,ERR,ERR,ERR,ERR,ERR,ERR,ERR,ERR,ERR,ERR,ERR,ERR,ERR,ERR,ERR,ERR,ERR,ERR,ERR,ERR,ERR,ERR,ERR,ERR,ERR,ERR,ERR,ERR,ERR,ERR,ERR,34.0,80.0,35,0.0,0.0,0.0,0.0,0.0,0.0,0.0,0.0,0.0,0.0,0.0,0.0,0.0,0.0,0.0,0.0,64.4,0,116,56,50,65476,0,300,0,0,8,20529,65476,0,0,57672,80.0,0.0,0.0,0.0,0.0,0.0
2026-06-17T04:36:45,ERR,ERR,ERR,ERR,ERR,ERR,ERR,ERR,ERR,ERR,ERR,ERR,ERR,ERR,ERR,ERR,ERR,ERR,ERR,ERR,ERR,ERR,ERR,ERR,ERR,ERR,ERR,ERR,ERR,ERR,ERR,ERR,ERR,ERR,ERR,ERR,ERR,ERR,ERR,ERR,ERR,ERR,ERR,ERR,ERR,ERR,ERR,ERR,ERR,ERR,ERR,ERR,ERR,ERR,ERR,ERR,ERR,ERR,ERR,ERR,ERR,ERR,ERR,ERR,ERR,ERR,ERR,ERR,ERR,ERR,ERR,ERR,ERR,ERR,ERR,ERR,ERR,ERR,ERR,ERR,ERR,ERR,ERR,ERR,ERR,ERR,ERR,ERR,ERR,ERR,ERR,ERR,ERR,ERR,ERR,ERR,ERR,ERR,ERR,ERR,ERR,ERR,ERR,ERR,ERR,ERR,ERR,ERR,ERR,ERR,ERR,ERR,ERR,ERR,ERR,ERR,ERR,ERR,ERR,ERR,ERR,ERR,ERR,ERR,ERR,0.0,-0.0,3.028208139652935e+23,0.0,0.0,1.3936040501711995e+18,7.805,0.0,0,0,4,0,7300,-0.0,0,0.0,0.0,0.0,0.0,0.0,0,0,0,0,0.0,0,0,0,0,0,0,0,0,0,0,0,0,0,0,0,0,0,0,0,0,0,0,0,0,0,0,0,0,0,0,0,0,0,32,30,30,62,65476,0,300,0,0,8,21553,0.0,-107605600.0,0.0,0.0,0.0,0.0,0.0,0.0,0.0,0.0,0.0,0.0,0.0,0.0,-2.596148429267414e+33,0.0,0.0,0.0,0.0,0.0,0.0,0.0,2.004,-2.004,-0.0,-2.004,0.0,0.0,0.0,0.0,5438.0,2.004,6953.0,0.0,-0.0,-107615280.0,-0.0,0.0,0.0,0.0,0.0,63,0.0,-0.0,0.0,0.0,0.0,0.0,0.0,0.0,0.0,0,0,0,0.0,0.0,0.0,0.0,0.0,0.0,0.0,0.0,0.0,0.0,0.0,0.0,0.0,0.0,0.0,0.0,0,-107875648.0,63,0.0,126,2.7184242562605685e+23,-0.0,ERR,ERR,ERR,ERR,ERR,ERR,ERR,ERR,ERR,ERR,ERR,ERR,ERR,ERR,ERR,ERR,ERR,ERR,ERR,ERR,ERR,ERR,ERR,ERR,ERR,ERR,ERR,ERR,ERR,ERR,ERR,ERR,ERR,ERR,ERR,ERR,ERR,ERR,ERR,ERR,ERR,ERR,ERR,ERR,ERR,ERR,ERR,ERR,ERR,ERR,ERR,ERR,ERR,ERR,ERR,ERR,ERR,ERR,ERR,ERR,ERR,ERR,ERR,ERR,ERR,ERR,ERR,34.0,80.0,35,0.0,0.0,0.0,0.0,0.0,0.0,0.0,0.0,0.0,0.0,0.0,0.0,0.0,0.0,0.0,0.0,64.4,0,116,56,50,65476,0,300,0,0,8,20529,65476,0,0,57672,80.0,0.0,0.0,0.0,0.0,0.0
2026-06-17T04:36:46,ERR,ERR,ERR,ERR,ERR,ERR,ERR,ERR,ERR,ERR,ERR,ERR,ERR,ERR,ERR,ERR,ERR,ERR,ERR,ERR,ERR,ERR,ERR,ERR,ERR,ERR,ERR,ERR,ERR,ERR,ERR,ERR,ERR,ERR,ERR,ERR,ERR,ERR,ERR,ERR,ERR,ERR,ERR,ERR,ERR,ERR,ERR,ERR,ERR,ERR,ERR,ERR,ERR,ERR,ERR,ERR,ERR,ERR,ERR,ERR,ERR,ERR,ERR,ERR,ERR,ERR,ERR,ERR,ERR,ERR,ERR,ERR,ERR,ERR,ERR,ERR,ERR,ERR,ERR,ERR,ERR,ERR,ERR,ERR,ERR,ERR,ERR,ERR,ERR,ERR,ERR,ERR,ERR,ERR,ERR,ERR,ERR,ERR,ERR,ERR,ERR,ERR,ERR,ERR,ERR,ERR,ERR,ERR,ERR,ERR,ERR,ERR,ERR,ERR,ERR,ERR,ERR,ERR,ERR,ERR,ERR,ERR,ERR,ERR,ERR,0.0,-0.0,3.028208139652935e+23,0.0,0.0,1.3936040501711995e+18,7.805,0.0,0,0,4,0,7300,-0.0,0,0.0,0.0,0.0,0.0,0.0,0,0,0,0,0.0,0,0,0,0,0,0,0,0,0,0,0,0,0,0,0,0,0,0,0,0,0,0,0,0,0,0,0,0,0,0,0,0,0,32,30,30,62,65476,0,300,0,0,8,21553,0.0,-107605600.0,0.0,0.0,0.0,0.0,0.0,0.0,0.0,0.0,0.0,0.0,0.0,0.0,0.0,0.0,0.0,0.0,0.0,0.0,0.0,0.0,2.004,-2.004,-0.0,-2.004,0.0,0.0,0.0,0.0,5438.0,564146705793024.0,6955.0,0.0,-0.0,-107615280.0,-0.0,0.0,0.0,0.0,0.0,63,0.0,-0.0,0.0,0.0,0.0,0.0,0.0,0.0,0.0,0,0,0,0.0,0.0,0.0,0.0,0.0,0.0,0.0,0.0,0.0,0.0,0.0,0.0,0.0,0.0,0.0,0.0,0,-107875648.0,63,0.0,126,2.7184242562605685e+23,-0.0,ERR,ERR,ERR,ERR,ERR,ERR,ERR,ERR,ERR,ERR,ERR,ERR,ERR,ERR,ERR,ERR,ERR,ERR,ERR,ERR,ERR,ERR,ERR,ERR,ERR,ERR,ERR,ERR,ERR,ERR,ERR,ERR,ERR,ERR,ERR,ERR,ERR,ERR,ERR,ERR,ERR,ERR,ERR,ERR,ERR,ERR,ERR,ERR,ERR,ERR,ERR,ERR,ERR,ERR,ERR,ERR,ERR,ERR,ERR,ERR,ERR,ERR,ERR,ERR,ERR,ERR,ERR,34.0,80.0,35,0.0,0.0,0.0,0.0,0.0,0.0,0.0,0.0,0.0,0.0,0.0,0.0,0.0,0.0,0.0,0.0,64.4,0,116,56,50,65476,0,300,0,0,8,20529,65476,0,0,57672,80.0,0.0,0.0,0.0,0.0,0.0
2026-06-17T04:36:47,ERR,ERR,ERR,ERR,ERR,ERR,ERR,ERR,ERR,ERR,ERR,ERR,ERR,ERR,ERR,ERR,ERR,ERR,ERR,ERR,ERR,ERR,ERR,ERR,ERR,ERR,ERR,ERR,ERR,ERR,ERR,ERR,ERR,ERR,ERR,ERR,ERR,ERR,ERR,ERR,ERR,ERR,ERR,ERR,ERR,ERR,ERR,ERR,ERR,ERR,ERR,ERR,ERR,ERR,ERR,ERR,ERR,ERR,ERR,ERR,ERR,ERR,ERR,ERR,ERR,ERR,ERR,ERR,ERR,ERR,ERR,ERR,ERR,ERR,ERR,ERR,ERR,ERR,ERR,ERR,ERR,ERR,ERR,ERR,ERR,ERR,ERR,ERR,ERR,ERR,ERR,ERR,ERR,ERR,ERR,ERR,ERR,ERR,ERR,ERR,ERR,ERR,ERR,ERR,ERR,ERR,ERR,ERR,ERR,ERR,ERR,ERR,ERR,ERR,ERR,ERR,ERR,ERR,ERR,ERR,ERR,ERR,ERR,ERR,ERR,0.0,-0.0,3.028208139652935e+23,0.0,0.0,1.3936040501711995e+18,7.805,0.0,0,0,4,0,7300,-0.0,0,0.0,0.0,0.0,0.0,0.0,0,0,0,0,0.0,0,0,0,0,0,0,0,0,0,0,0,0,0,0,0,0,0,0,0,0,0,0,0,0,0,0,0,0,0,0,0,0,0,32,30,30,62,65476,0,300,0,0,8,21553,0.0,-107605600.0,0.0,0.0,0.0,0.0,0.0,0.0,0.0,0.0,0.0,0.0,0.0,0.0,0.0,0.0,0.0,0.0,0.0,0.0,0.0,0.0,2.004,-2.004,-0.0,-2.004,0.0,0.0,0.0,0.0,5438.0,564146705793024.0,6955.0,0.0,-0.0,-107615280.0,-0.0,0.0,0.0,0.0,0.0,63,0.0,-0.0,0.0,0.0,0.0,0.0,0.0,0.0,0.0,0,0,0,0.0,0.0,0.0,0.0,0.0,0.0,0.0,0.0,0.0,0.0,0.0,0.0,0.0,0.0,0.0,0.0,0,-107875648.0,63,0.0,126,2.7184242562605685e+23,-0.0,ERR,ERR,ERR,ERR,ERR,ERR,ERR,ERR,ERR,ERR,ERR,ERR,ERR,ERR,ERR,ERR,ERR,ERR,ERR,ERR,ERR,ERR,ERR,ERR,ERR,ERR,ERR,ERR,ERR,ERR,ERR,ERR,ERR,ERR,ERR,ERR,ERR,ERR,ERR,ERR,ERR,ERR,ERR,ERR,ERR,ERR,ERR,ERR,ERR,ERR,ERR,ERR,ERR,ERR,ERR,ERR,ERR,ERR,ERR,ERR,ERR,ERR,ERR,ERR,ERR,ERR,ERR,34.0,80.0,35,0.0,0.0,0.0,0.0,0.0,0.0,0.0,0.0,0.0,0.0,0.0,0.0,0.0,0.0,0.0,0.0,64.4,0,116,56,50,65476,0,300,0,0,8,20529,65476,0,0,57672,80.0,0.0,0.0,0.0,0.0,0.0
2026-06-17T04:36:48,ERR,ERR,ERR,ERR,ERR,ERR,ERR,ERR,ERR,ERR,ERR,ERR,ERR,ERR,ERR,ERR,ERR,ERR,ERR,ERR,ERR,ERR,ERR,ERR,ERR,ERR,ERR,ERR,ERR,ERR,ERR,ERR,ERR,ERR,ERR,ERR,ERR,ERR,ERR,ERR,ERR,ERR,ERR,ERR,ERR,ERR,ERR,ERR,ERR,ERR,ERR,ERR,ERR,ERR,ERR,ERR,ERR,ERR,ERR,ERR,ERR,ERR,ERR,ERR,ERR,ERR,ERR,ERR,ERR,ERR,ERR,ERR,ERR,ERR,ERR,ERR,ERR,ERR,ERR,ERR,ERR,ERR,ERR,ERR,ERR,ERR,ERR,ERR,ERR,ERR,ERR,ERR,ERR,ERR,ERR,ERR,ERR,ERR,ERR,ERR,ERR,ERR,ERR,ERR,ERR,ERR,ERR,ERR,ERR,ERR,ERR,ERR,ERR,ERR,ERR,ERR,ERR,ERR,ERR,ERR,ERR,ERR,ERR,ERR,ERR,0.0,-0.0,3.028208139652935e+23,0.0,0.0,1.3936040501711995e+18,7.805,0.0,0,0,4,0,7300,-0.0,0,0.0,0.0,0.0,0.0,0.0,0,0,0,0,0.0,0,0,0,0,0,0,0,0,0,0,0,0,0,0,0,0,0,0,0,0,0,0,0,0,0,0,0,0,0,0,0,0,0,32,30,30,62,65476,0,300,0,0,8,21553,0.0,-107605600.0,0.0,0.0,0.0,0.0,0.0,0.0,0.0,0.0,0.0,0.0,0.0,0.0,0.0,0.0,0.0,0.0,0.0,0.0,0.0,0.0,2.004,-2.004,-0.0,-2.004,0.0,0.0,0.0,0.0,5438.0,564146705793024.0,6955.0,0.0,-0.0,-107615280.0,-0.0,0.0,0.0,0.0,0.0,63,0.0,-0.0,0.0,0.0,0.0,0.0,0.0,0.0,0.0,0,0,0,0.0,0.0,0.0,0.0,0.0,0.0,0.0,0.0,0.0,0.0,0.0,0.0,0.0,0.0,0.0,0.0,0,-107875648.0,63,0.0,126,2.7184242562605685e+23,-0.0,ERR,ERR,ERR,ERR,ERR,ERR,ERR,ERR,ERR,ERR,ERR,ERR,ERR,ERR,ERR,ERR,ERR,ERR,ERR,ERR,ERR,ERR,ERR,ERR,ERR,ERR,ERR,ERR,ERR,ERR,ERR,ERR,ERR,ERR,ERR,ERR,ERR,ERR,ERR,ERR,ERR,ERR,ERR,ERR,ERR,ERR,ERR,ERR,ERR,ERR,ERR,ERR,ERR,ERR,ERR,ERR,ERR,ERR,ERR,ERR,ERR,ERR,ERR,ERR,ERR,ERR,ERR,34.0,80.0,35,0.0,0.0,0.0,0.0,0.0,0.0,0.0,0.0,0.0,0.0,0.0,0.0,0.0,0.0,0.0,0.0,64.4,0,116,56,50,65476,0,300,0,0,8,20529,65476,0,0,57672,80.0,0.0,0.0,0.0,0.0,0.0
2026-06-17T04:36:49,ERR,ERR,ERR,ERR,ERR,ERR,ERR,ERR,ERR,ERR,ERR,ERR,ERR,ERR,ERR,ERR,ERR,ERR,ERR,ERR,ERR,ERR,ERR,ERR,ERR,ERR,ERR,ERR,ERR,ERR,ERR,ERR,ERR,ERR,ERR,ERR,ERR,ERR,ERR,ERR,ERR,ERR,ERR,ERR,ERR,ERR,ERR,ERR,ERR,ERR,ERR,ERR,ERR,ERR,ERR,ERR,ERR,ERR,ERR,ERR,ERR,ERR,ERR,ERR,ERR,ERR,ERR,ERR,ERR,ERR,ERR,ERR,ERR,ERR,ERR,ERR,ERR,ERR,ERR,ERR,ERR,ERR,ERR,ERR,ERR,ERR,ERR,ERR,ERR,ERR,ERR,ERR,ERR,ERR,ERR,ERR,ERR,ERR,ERR,ERR,ERR,ERR,ERR,ERR,ERR,ERR,ERR,ERR,ERR,ERR,ERR,ERR,ERR,ERR,ERR,ERR,ERR,ERR,ERR,ERR,ERR,ERR,ERR,ERR,ERR,0.0,-0.0,3.028208139652935e+23,0.0,0.0,1.3936040501711995e+18,7.805,0.0,0,0,4,0,7300,-0.0,0,0.0,0.0,0.0,0.0,0.0,0,0,0,0,0.0,0,0,0,0,0,0,0,0,0,0,0,0,0,0,0,0,0,0,0,0,0,0,0,0,0,0,0,0,0,0,0,0,0,32,30,30,62,65476,0,300,0,0,8,21553,0.0,-107605600.0,0.0,0.0,0.0,0.0,0.0,0.0,0.0,0.0,0.0,0.0,0.0,0.0,0.0,0.0,0.0,0.0,0.0,0.0,0.0,0.0,2.004,-2.004,-0.0,-2.004,0.0,0.0,0.0,0.0,5438.0,564146705793024.0,6955.0,0.0,-0.0,-107615280.0,-0.0,0.0,0.0,0.0,0.0,63,0.0,-0.0,0.0,0.0,0.0,0.0,0.0,0.0,0.0,0,0,0,0.0,0.0,0.0,0.0,0.0,0.0,0.0,0.0,0.0,0.0,0.0,0.0,0.0,0.0,0.0,0.0,0,-107875648.0,63,0.0,126,2.7184242562605685e+23,-0.0,ERR,ERR,ERR,ERR,ERR,ERR,ERR,ERR,ERR,ERR,ERR,ERR,ERR,ERR,ERR,ERR,ERR,ERR,ERR,ERR,ERR,ERR,ERR,ERR,ERR,ERR,ERR,ERR,ERR,ERR,ERR,ERR,ERR,ERR,ERR,ERR,ERR,ERR,ERR,ERR,ERR,ERR,ERR,ERR,ERR,ERR,ERR,ERR,ERR,ERR,ERR,ERR,ERR,ERR,ERR,ERR,ERR,ERR,ERR,ERR,ERR,ERR,ERR,ERR,ERR,ERR,ERR,34.0,80.0,35,0.0,0.0,0.0,0.0,0.0,0.0,0.0,0.0,0.0,0.0,0.0,0.0,0.0,0.0,0.0,0.0,64.4,0,116,56,50,65476,0,300,0,0,8,20529,65476,0,0,57672,80.0,0.0,0.0,0.0,0.0,0.0
2026-06-17T04:36:50,ERR,ERR,ERR,ERR,ERR,ERR,ERR,ERR,ERR,ERR,ERR,ERR,ERR,ERR,ERR,ERR,ERR,ERR,ERR,ERR,ERR,ERR,ERR,ERR,ERR,ERR,ERR,ERR,ERR,ERR,ERR,ERR,ERR,ERR,ERR,ERR,ERR,ERR,ERR,ERR,ERR,ERR,ERR,ERR,ERR,ERR,ERR,ERR,ERR,ERR,ERR,ERR,ERR,ERR,ERR,ERR,ERR,ERR,ERR,ERR,ERR,ERR,ERR,ERR,ERR,ERR,ERR,ERR,ERR,ERR,ERR,ERR,ERR,ERR,ERR,ERR,ERR,ERR,ERR,ERR,ERR,ERR,ERR,ERR,ERR,ERR,ERR,ERR,ERR,ERR,ERR,ERR,ERR,ERR,ERR,ERR,ERR,ERR,ERR,ERR,ERR,ERR,ERR,ERR,ERR,ERR,ERR,ERR,ERR,ERR,ERR,ERR,ERR,ERR,ERR,ERR,ERR,ERR,ERR,ERR,ERR,ERR,ERR,ERR,ERR,0.0,-0.0,3.028208139652935e+23,0.0,0.0,1.3936040501711995e+18,7.805,0.0,0,0,4,0,7300,-0.0,0,0.0,0.0,0.0,0.0,0.0,0,0,0,0,0.0,0,0,0,0,0,0,0,0,0,0,0,0,0,0,0,0,0,0,0,0,0,0,0,0,0,0,0,0,0,0,0,0,0,32,30,30,62,65476,0,300,0,0,8,21553,0.0,-107605600.0,0.0,0.0,0.0,0.0,0.0,0.0,0.0,0.0,0.0,0.0,0.0,0.0,0.0,0.0,0.0,0.0,0.0,0.0,0.0,0.0,2.004,-2.004,-0.0,-2.004,0.0,0.0,0.0,0.0,5438.0,564146705793024.0,6955.0,0.0,-0.0,-107615280.0,-0.0,0.0,0.0,0.0,0.0,63,0.0,-0.0,0.0,0.0,0.0,0.0,0.0,0.0,0.0,0,0,0,0.0,0.0,0.0,0.0,0.0,0.0,0.0,0.0,0.0,0.0,0.0,0.0,0.0,0.0,0.0,0.0,0,-107875648.0,63,0.0,126,2.7184242562605685e+23,-0.0,ERR,ERR,ERR,ERR,ERR,ERR,ERR,ERR,ERR,ERR,ERR,ERR,ERR,ERR,ERR,ERR,ERR,ERR,ERR,ERR,ERR,ERR,ERR,ERR,ERR,ERR,ERR,ERR,ERR,ERR,ERR,ERR,ERR,ERR,ERR,ERR,ERR,ERR,ERR,ERR,ERR,ERR,ERR,ERR,ERR,ERR,ERR,ERR,ERR,ERR,ERR,ERR,ERR,ERR,ERR,ERR,ERR,ERR,ERR,ERR,ERR,ERR,ERR,ERR,ERR,ERR,ERR,34.0,80.0,35,0.0,0.0,0.0,0.0,0.0,0.0,0.0,0.0,0.0,0.0,0.0,0.0,0.0,0.0,0.0,0.0,64.4,0,116,56,50,65476,0,300,0,0,8,20529,65476,0,0,57672,80.0,0.0,0.0,0.0,0.0,0.0
2026-06-17T04:36:51,ERR,ERR,ERR,ERR,ERR,ERR,ERR,ERR,ERR,ERR,ERR,ERR,ERR,ERR,ERR,ERR,ERR,ERR,ERR,ERR,ERR,ERR,ERR,ERR,ERR,ERR,ERR,ERR,ERR,ERR,ERR,ERR,ERR,ERR,ERR,ERR,ERR,ERR,ERR,ERR,ERR,ERR,ERR,ERR,ERR,ERR,ERR,ERR,ERR,ERR,ERR,ERR,ERR,ERR,ERR,ERR,ERR,ERR,ERR,ERR,ERR,ERR,ERR,ERR,ERR,ERR,ERR,ERR,ERR,ERR,ERR,ERR,ERR,ERR,ERR,ERR,ERR,ERR,ERR,ERR,ERR,ERR,ERR,ERR,ERR,ERR,ERR,ERR,ERR,ERR,ERR,ERR,ERR,ERR,ERR,ERR,ERR,ERR,ERR,ERR,ERR,ERR,ERR,ERR,ERR,ERR,ERR,ERR,ERR,ERR,ERR,ERR,ERR,ERR,ERR,ERR,ERR,ERR,ERR,ERR,ERR,ERR,ERR,ERR,ERR,0.0,-0.0,3.028208139652935e+23,0.0,0.0,1.3936040501711995e+18,7.805,0.0,0,0,4,0,7300,-0.0,0,0.0,0.0,0.0,0.0,0.0,0,0,0,0,0.0,0,0,0,0,0,0,0,0,0,0,0,0,0,0,0,0,0,0,0,0,0,0,0,0,0,0,0,0,0,0,0,0,0,32,30,30,62,65476,0,300,0,0,8,21553,0.0,-107605600.0,0.0,0.0,0.0,0.0,0.0,0.0,0.0,0.0,0.0,0.0,0.0,0.0,0.0,0.0,0.0,0.0,0.0,0.0,0.0,0.0,2.004,-2.004,-0.0,-2.004,0.0,0.0,0.0,0.0,5438.0,564146705793024.0,6955.0,0.0,-0.0,-107615280.0,-0.0,0.0,0.0,0.0,0.0,63,0.0,-0.0,0.0,0.0,0.0,0.0,0.0,0.0,0.0,0,0,0,0.0,0.0,0.0,0.0,0.0,0.0,0.0,0.0,0.0,0.0,0.0,0.0,0.0,0.0,0.0,0.0,0,-107875648.0,63,0.0,126,2.7184242562605685e+23,-0.0,ERR,ERR,ERR,ERR,ERR,ERR,ERR,ERR,ERR,ERR,ERR,ERR,ERR,ERR,ERR,ERR,ERR,ERR,ERR,ERR,ERR,ERR,ERR,ERR,ERR,ERR,ERR,ERR,ERR,ERR,ERR,ERR,ERR,ERR,ERR,ERR,ERR,ERR,ERR,ERR,ERR,ERR,ERR,ERR,ERR,ERR,ERR,ERR,ERR,ERR,ERR,ERR,ERR,ERR,ERR,ERR,ERR,ERR,ERR,ERR,ERR,ERR,ERR,ERR,ERR,ERR,ERR,34.0,80.0,35,0.0,0.0,0.0,0.0,0.0,0.0,0.0,0.0,0.0,0.0,0.0,0.0,0.0,0.0,0.0,0.0,64.8,0,116,56,50,65476,0,300,0,0,8,20529,65476,0,0,57672,80.0,0.0,0.0,0.0,0.0,0.0
2026-06-17T04:36:52,ERR,ERR,ERR,ERR,ERR,ERR,ERR,ERR,ERR,ERR,ERR,ERR,ERR,ERR,ERR,ERR,ERR,ERR,ERR,ERR,ERR,ERR,ERR,ERR,ERR,ERR,ERR,ERR,ERR,ERR,ERR,ERR,ERR,ERR,ERR,ERR,ERR,ERR,ERR,ERR,ERR,ERR,ERR,ERR,ERR,ERR,ERR,ERR,ERR,ERR,ERR,ERR,ERR,ERR,ERR,ERR,ERR,ERR,ERR,ERR,ERR,ERR,ERR,ERR,ERR,ERR,ERR,ERR,ERR,ERR,ERR,ERR,ERR,ERR,ERR,ERR,ERR,ERR,ERR,ERR,ERR,ERR,ERR,ERR,ERR,ERR,ERR,ERR,ERR,ERR,ERR,ERR,ERR,ERR,ERR,ERR,ERR,ERR,ERR,ERR,ERR,ERR,ERR,ERR,ERR,ERR,ERR,ERR,ERR,ERR,ERR,ERR,ERR,ERR,ERR,ERR,ERR,ERR,ERR,ERR,ERR,ERR,ERR,ERR,ERR,0.0,-0.0,3.028208139652935e+23,0.0,0.0,1.3936040501711995e+18,7.805,0.0,0,0,4,0,7300,-0.0,0,0.0,0.0,0.0,0.0,0.0,0,0,0,0,0.0,0,0,0,0,0,0,0,0,0,0,0,0,0,0,0,0,0,0,0,0,0,0,0,0,0,0,0,0,0,0,0,0,0,32,30,30,62,65476,0,300,0,0,8,21553,0.0,-107605600.0,0.0,0.0,0.0,0.0,0.0,0.0,0.0,0.0,0.0,0.0,0.0,0.0,0.0,0.0,0.0,0.0,0.0,0.0,0.0,0.0,2.004,-2.004,-0.0,-2.004,0.0,0.0,0.0,0.0,5438.0,2.422991651527172e+24,6957.0,0.0,-0.0,-107615280.0,-0.0,0.0,0.0,0.0,0.0,63,0.0,-152017548869632.0,0.0,0.0,0.0,0.0,0.0,0.0,0.0,0,0,0,0.0,0.0,0.0,0.0,0.0,0.0,0.0,0.0,0.0,0.0,0.0,0.0,0.0,0.0,0.0,0.0,0,-107875648.0,63,0.0,126,2.7184242562605685e+23,-0.0,ERR,ERR,ERR,ERR,ERR,ERR,ERR,ERR,ERR,ERR,ERR,ERR,ERR,ERR,ERR,ERR,ERR,ERR,ERR,ERR,ERR,ERR,ERR,ERR,ERR,ERR,ERR,ERR,ERR,ERR,ERR,ERR,ERR,ERR,ERR,ERR,ERR,ERR,ERR,ERR,ERR,ERR,ERR,ERR,ERR,ERR,ERR,ERR,ERR,ERR,ERR,ERR,ERR,ERR,ERR,ERR,ERR,ERR,ERR,ERR,ERR,ERR,ERR,ERR,ERR,ERR,ERR,34.0,80.0,35,0.0,0.0,0.0,0.0,0.0,0.0,0.0,0.0,0.0,0.0,0.0,0.0,0.0,0.0,0.0,0.0,64.8,0,116,56,50,65476,0,300,0,0,8,20529,65476,0,0,57672,80.0,0.0,0.0,0.0,0.0,0.0
2026-06-17T04:36:53,ERR,ERR,ERR,ERR,ERR,ERR,ERR,ERR,ERR,ERR,ERR,ERR,ERR,ERR,ERR,ERR,ERR,ERR,ERR,ERR,ERR,ERR,ERR,ERR,ERR,ERR,ERR,ERR,ERR,ERR,ERR,ERR,ERR,ERR,ERR,ERR,ERR,ERR,ERR,ERR,ERR,ERR,ERR,ERR,ERR,ERR,ERR,ERR,ERR,ERR,ERR,ERR,ERR,ERR,ERR,ERR,ERR,ERR,ERR,ERR,ERR,ERR,ERR,ERR,ERR,ERR,ERR,ERR,ERR,ERR,ERR,ERR,ERR,ERR,ERR,ERR,ERR,ERR,ERR,ERR,ERR,ERR,ERR,ERR,ERR,ERR,ERR,ERR,ERR,ERR,ERR,ERR,ERR,ERR,ERR,ERR,ERR,ERR,ERR,ERR,ERR,ERR,ERR,ERR,ERR,ERR,ERR,ERR,ERR,ERR,ERR,ERR,ERR,ERR,ERR,ERR,ERR,ERR,ERR,ERR,ERR,ERR,ERR,ERR,ERR,0.0,-0.0,3.028208139652935e+23,0.0,0.0,1.3936040501711995e+18,7.805,0.0,0,0,4,0,7300,-0.0,0,0.0,0.0,0.0,0.0,0.0,0,0,0,0,0.0,0,0,0,0,0,0,0,0,0,0,0,0,0,0,0,0,0,0,0,0,0,0,0,0,0,0,0,0,0,0,0,0,0,32,30,30,62,65476,0,300,0,0,8,21553,0.0,-107605600.0,0.0,0.0,0.0,0.0,0.0,0.0,0.0,0.0,0.0,0.0,0.0,0.0,0.0,0.0,0.0,0.0,0.0,0.0,0.0,0.0,2.004,-2.004,-0.0,-2.004,0.0,0.0,0.0,0.0,5438.0,2.422991651527172e+24,6957.0,0.0,-0.0,-107615280.0,-0.0,0.0,0.0,0.0,0.0,63,0.0,-152017548869632.0,0.0,0.0,0.0,0.0,0.0,0.0,0.0,0,0,0,0.0,0.0,0.0,0.0,0.0,0.0,0.0,0.0,0.0,0.0,0.0,0.0,0.0,0.0,0.0,0.0,0,-107875648.0,63,0.0,126,2.7184242562605685e+23,-0.0,ERR,ERR,ERR,ERR,ERR,ERR,ERR,ERR,ERR,ERR,ERR,ERR,ERR,ERR,ERR,ERR,ERR,ERR,ERR,ERR,ERR,ERR,ERR,ERR,ERR,ERR,ERR,ERR,ERR,ERR,ERR,ERR,ERR,ERR,ERR,ERR,ERR,ERR,ERR,ERR,ERR,ERR,ERR,ERR,ERR,ERR,ERR,ERR,ERR,ERR,ERR,ERR,ERR,ERR,ERR,ERR,ERR,ERR,ERR,ERR,ERR,ERR,ERR,ERR,ERR,ERR,ERR,34.0,80.0,35,0.0,0.0,0.0,0.0,0.0,0.0,0.0,0.0,0.0,0.0,0.0,0.0,0.0,0.0,0.0,0.0,64.4,0,116,56,50,65476,0,300,0,0,8,20529,65476,0,0,57672,80.0,0.0,0.0,0.0,0.0,0.0
2026-06-17T04:36:54,ERR,ERR,ERR,ERR,ERR,ERR,ERR,ERR,ERR,ERR,ERR,ERR,ERR,ERR,ERR,ERR,ERR,ERR,ERR,ERR,ERR,ERR,ERR,ERR,ERR,ERR,ERR,ERR,ERR,ERR,ERR,ERR,ERR,ERR,ERR,ERR,ERR,ERR,ERR,ERR,ERR,ERR,ERR,ERR,ERR,ERR,ERR,ERR,ERR,ERR,ERR,ERR,ERR,ERR,ERR,ERR,ERR,ERR,ERR,ERR,ERR,ERR,ERR,ERR,ERR,ERR,ERR,ERR,ERR,ERR,ERR,ERR,ERR,ERR,ERR,ERR,ERR,ERR,ERR,ERR,ERR,ERR,ERR,ERR,ERR,ERR,ERR,ERR,ERR,ERR,ERR,ERR,ERR,ERR,ERR,ERR,ERR,ERR,ERR,ERR,ERR,ERR,ERR,ERR,ERR,ERR,ERR,ERR,ERR,ERR,ERR,ERR,ERR,ERR,ERR,ERR,ERR,ERR,ERR,ERR,ERR,ERR,ERR,ERR,ERR,0.0,-0.0,3.028208139652935e+23,0.0,0.0,1.3936040501711995e+18,7.805,0.0,0,0,4,0,7300,-0.0,0,0.0,0.0,0.0,0.0,0.0,0,0,0,0,0.0,0,0,0,0,0,0,0,0,0,0,0,0,0,0,0,0,0,0,0,0,0,0,0,0,0,0,0,0,0,0,0,0,0,32,30,30,62,65476,0,300,0,0,8,21553,0.0,-107605600.0,0.0,0.0,0.0,0.0,0.0,0.0,0.0,0.0,0.0,0.0,0.0,0.0,0.0,0.0,0.0,0.0,0.0,0.0,0.0,0.0,2.004,-2.004,-0.0,-2.004,0.0,0.0,0.0,0.0,5438.0,2.422991651527172e+24,6957.0,0.0,-0.0,-107615280.0,-0.0,0.0,0.0,0.0,0.0,63,0.0,-152017548869632.0,0.0,0.0,0.0,0.0,0.0,0.0,0.0,0,0,0,0.0,0.0,0.0,0.0,0.0,0.0,0.0,0.0,0.0,0.0,0.0,0.0,0.0,0.0,0.0,0.0,0,-107875648.0,63,0.0,126,2.7184242562605685e+23,-0.0,ERR,ERR,ERR,ERR,ERR,ERR,ERR,ERR,ERR,ERR,ERR,ERR,ERR,ERR,ERR,ERR,ERR,ERR,ERR,ERR,ERR,ERR,ERR,ERR,ERR,ERR,ERR,ERR,ERR,ERR,ERR,ERR,ERR,ERR,ERR,ERR,ERR,ERR,ERR,ERR,ERR,ERR,ERR,ERR,ERR,ERR,ERR,ERR,ERR,ERR,ERR,ERR,ERR,ERR,ERR,ERR,ERR,ERR,ERR,ERR,ERR,ERR,ERR,ERR,ERR,ERR,ERR,34.0,80.0,35,0.0,0.0,0.0,0.0,0.0,0.0,0.0,0.0,0.0,0.0,0.0,0.0,0.0,0.0,0.0,0.0,64.4,0,116,56,50,65476,0,300,0,0,8,20529,65476,0,0,57672,80.0,0.0,0.0,0.0,0.0,0.0
2026-06-17T04:36:55,ERR,ERR,ERR,ERR,ERR,ERR,ERR,ERR,ERR,ERR,ERR,ERR,ERR,ERR,ERR,ERR,ERR,ERR,ERR,ERR,ERR,ERR,ERR,ERR,ERR,ERR,ERR,ERR,ERR,ERR,ERR,ERR,ERR,ERR,ERR,ERR,ERR,ERR,ERR,ERR,ERR,ERR,ERR,ERR,ERR,ERR,ERR,ERR,ERR,ERR,ERR,ERR,ERR,ERR,ERR,ERR,ERR,ERR,ERR,ERR,ERR,ERR,ERR,ERR,ERR,ERR,ERR,ERR,ERR,ERR,ERR,ERR,ERR,ERR,ERR,ERR,ERR,ERR,ERR,ERR,ERR,ERR,ERR,ERR,ERR,ERR,ERR,ERR,ERR,ERR,ERR,ERR,ERR,ERR,ERR,ERR,ERR,ERR,ERR,ERR,ERR,ERR,ERR,ERR,ERR,ERR,ERR,ERR,ERR,ERR,ERR,ERR,ERR,ERR,ERR,ERR,ERR,ERR,ERR,ERR,ERR,ERR,ERR,ERR,ERR,0.0,-0.0,3.028208139652935e+23,0.0,0.0,1.3936040501711995e+18,7.805,0.0,0,0,4,0,7300,-0.0,0,0.0,0.0,0.0,0.0,0.0,0,0,0,0,0.0,0,0,0,0,0,0,0,0,0,0,0,0,0,0,0,0,0,0,0,0,0,0,0,0,0,0,0,0,0,0,0,0,0,32,30,30,62,65476,0,300,0,0,8,21553,0.0,-107605600.0,0.0,0.0,0.0,0.0,0.0,0.0,0.0,0.0,0.0,0.0,0.0,0.0,0.0,0.0,0.0,0.0,0.0,0.0,0.0,0.0,2.004,-2.004,-0.0,-2.004,0.0,0.0,0.0,0.0,5438.0,2.422991651527172e+24,6957.0,0.0,-0.0,-107615280.0,-0.0,0.0,0.0,0.0,0.0,63,0.0,-152017548869632.0,0.0,0.0,0.0,0.0,0.0,0.0,0.0,0,0,0,0.0,0.0,0.0,0.0,0.0,0.0,0.0,0.0,0.0,0.0,0.0,0.0,0.0,0.0,0.0,0.0,0,-107875648.0,63,0.0,126,2.7184242562605685e+23,-0.0,ERR,ERR,ERR,ERR,ERR,ERR,ERR,ERR,ERR,ERR,ERR,ERR,ERR,ERR,ERR,ERR,ERR,ERR,ERR,ERR,ERR,ERR,ERR,ERR,ERR,ERR,ERR,ERR,ERR,ERR,ERR,ERR,ERR,ERR,ERR,ERR,ERR,ERR,ERR,ERR,ERR,ERR,ERR,ERR,ERR,ERR,ERR,ERR,ERR,ERR,ERR,ERR,ERR,ERR,ERR,ERR,ERR,ERR,ERR,ERR,ERR,ERR,ERR,ERR,ERR,ERR,ERR,34.0,80.0,35,0.0,0.0,0.0,0.0,0.0,0.0,0.0,0.0,0.0,0.0,0.0,0.0,0.0,0.0,0.0,0.0,64.4,0,116,56,50,65476,0,300,0,0,8,20529,65476,0,0,57672,80.0,0.0,0.0,0.0,0.0,0.0
2026-06-17T04:36:56,ERR,ERR,ERR,ERR,ERR,ERR,ERR,ERR,ERR,ERR,ERR,ERR,ERR,ERR,ERR,ERR,ERR,ERR,ERR,ERR,ERR,ERR,ERR,ERR,ERR,ERR,ERR,ERR,ERR,ERR,ERR,ERR,ERR,ERR,ERR,ERR,ERR,ERR,ERR,ERR,ERR,ERR,ERR,ERR,ERR,ERR,ERR,ERR,ERR,ERR,ERR,ERR,ERR,ERR,ERR,ERR,ERR,ERR,ERR,ERR,ERR,ERR,ERR,ERR,ERR,ERR,ERR,ERR,ERR,ERR,ERR,ERR,ERR,ERR,ERR,ERR,ERR,ERR,ERR,ERR,ERR,ERR,ERR,ERR,ERR,ERR,ERR,ERR,ERR,ERR,ERR,ERR,ERR,ERR,ERR,ERR,ERR,ERR,ERR,ERR,ERR,ERR,ERR,ERR,ERR,ERR,ERR,ERR,ERR,ERR,ERR,ERR,ERR,ERR,ERR,ERR,ERR,ERR,ERR,ERR,ERR,ERR,ERR,ERR,ERR,0.0,-0.0,3.028208139652935e+23,0.0,0.0,1.3936040501711995e+18,7.805,0.0,0,0,4,0,7300,-0.0,0,0.0,0.0,0.0,0.0,0.0,0,0,0,0,0.0,0,0,0,0,0,0,0,0,0,0,0,0,0,0,0,0,0,0,0,0,0,0,0,0,0,0,0,0,0,0,0,0,0,32,30,30,62,65476,0,300,0,0,8,21553,0.0,-107605600.0,0.0,0.0,0.0,0.0,0.0,0.0,0.0,0.0,0.0,0.0,0.0,0.0,0.0,0.0,0.0,0.0,0.0,0.0,0.0,0.0,2.004,-2.004,-0.0,-2.004,0.0,0.0,0.0,0.0,5438.0,2.422991651527172e+24,6957.0,0.0,-0.0,-107615280.0,-0.0,0.0,0.0,0.0,0.0,63,0.0,-152017548869632.0,0.0,0.0,0.0,0.0,0.0,0.0,0.0,0,0,0,0.0,0.0,0.0,0.0,0.0,0.0,0.0,0.0,0.0,0.0,0.0,0.0,0.0,0.0,0.0,0.0,0,-107875648.0,63,0.0,126,2.7184242562605685e+23,-0.0,ERR,ERR,ERR,ERR,ERR,ERR,ERR,ERR,ERR,ERR,ERR,ERR,ERR,ERR,ERR,ERR,ERR,ERR,ERR,ERR,ERR,ERR,ERR,ERR,ERR,ERR,ERR,ERR,ERR,ERR,ERR,ERR,ERR,ERR,ERR,ERR,ERR,ERR,ERR,ERR,ERR,ERR,ERR,ERR,ERR,ERR,ERR,ERR,ERR,ERR,ERR,ERR,ERR,ERR,ERR,ERR,ERR,ERR,ERR,ERR,ERR,ERR,ERR,ERR,ERR,ERR,ERR,34.0,80.0,35,0.0,0.0,0.0,0.0,0.0,0.0,0.0,0.0,0.0,0.0,0.0,0.0,0.0,0.0,0.0,0.0,64.4,0,116,56,50,65476,0,300,0,0,8,20529,65476,0,0,57672,80.0,0.0,0.0,0.0,0.0,0.0
2026-06-17T04:36:57,ERR,ERR,ERR,ERR,ERR,ERR,ERR,ERR,ERR,ERR,ERR,ERR,ERR,ERR,ERR,ERR,ERR,ERR,ERR,ERR,ERR,ERR,ERR,ERR,ERR,ERR,ERR,ERR,ERR,ERR,ERR,ERR,ERR,ERR,ERR,ERR,ERR,ERR,ERR,ERR,ERR,ERR,ERR,ERR,ERR,ERR,ERR,ERR,ERR,ERR,ERR,ERR,ERR,ERR,ERR,ERR,ERR,ERR,ERR,ERR,ERR,ERR,ERR,ERR,ERR,ERR,ERR,ERR,ERR,ERR,ERR,ERR,ERR,ERR,ERR,ERR,ERR,ERR,ERR,ERR,ERR,ERR,ERR,ERR,ERR,ERR,ERR,ERR,ERR,ERR,ERR,ERR,ERR,ERR,ERR,ERR,ERR,ERR,ERR,ERR,ERR,ERR,ERR,ERR,ERR,ERR,ERR,ERR,ERR,ERR,ERR,ERR,ERR,ERR,ERR,ERR,ERR,ERR,ERR,ERR,ERR,ERR,ERR,ERR,ERR,0.0,-0.0,3.028208139652935e+23,0.0,0.0,1.3936040501711995e+18,7.805,0.0,0,0,4,0,7300,-0.0,0,0.0,0.0,0.0,0.0,0.0,0,0,0,0,0.0,0,0,0,0,0,0,0,0,0,0,0,0,0,0,0,0,0,0,0,0,0,0,0,0,0,0,0,0,0,0,0,0,0,32,30,30,62,65476,0,300,0,0,8,21553,0.0,-107605600.0,0.0,0.0,0.0,0.0,0.0,0.0,0.0,0.0,0.0,0.0,0.0,0.0,0.0,0.0,0.0,0.0,0.0,0.0,0.0,0.0,2.004,-2.004,-0.0,-2.004,0.0,0.0,0.0,0.0,5438.0,1.0406669901790231e+34,6959.0,0.0,-0.0,-107615280.0,-0.0,0.0,0.0,0.0,0.0,63,0.0,-3.222008670201871e+26,0.0,0.0,0.0,0.0,0.0,0.0,0.0,0,0,0,0.0,0.0,0.0,0.0,0.0,0.0,0.0,0.0,0.0,0.0,0.0,0.0,0.0,0.0,0.0,0.0,0,-107875648.0,63,0.0,126,2.7184242562605685e+23,-0.0,ERR,ERR,ERR,ERR,ERR,ERR,ERR,ERR,ERR,ERR,ERR,ERR,ERR,ERR,ERR,ERR,ERR,ERR,ERR,ERR,ERR,ERR,ERR,ERR,ERR,ERR,ERR,ERR,ERR,ERR,ERR,ERR,ERR,ERR,ERR,ERR,ERR,ERR,ERR,ERR,ERR,ERR,ERR,ERR,ERR,ERR,ERR,ERR,ERR,ERR,ERR,ERR,ERR,ERR,ERR,ERR,ERR,ERR,ERR,ERR,ERR,ERR,ERR,ERR,ERR,ERR,ERR,34.0,80.0,35,0.0,0.0,0.0,0.0,0.0,0.0,0.0,0.0,0.0,0.0,0.0,0.0,0.0,0.0,0.0,0.0,64.4,0,116,56,50,65476,0,300,0,0,8,20529,65476,0,0,57672,80.0,0.0,0.0,0.0,0.0,0.0
2026-06-17T04:36:58,ERR,ERR,ERR,ERR,ERR,ERR,ERR,ERR,ERR,ERR,ERR,ERR,ERR,ERR,ERR,ERR,ERR,ERR,ERR,ERR,ERR,ERR,ERR,ERR,ERR,ERR,ERR,ERR,ERR,ERR,ERR,ERR,ERR,ERR,ERR,ERR,ERR,ERR,ERR,ERR,ERR,ERR,ERR,ERR,ERR,ERR,ERR,ERR,ERR,ERR,ERR,ERR,ERR,ERR,ERR,ERR,ERR,ERR,ERR,ERR,ERR,ERR,ERR,ERR,ERR,ERR,ERR,ERR,ERR,ERR,ERR,ERR,ERR,ERR,ERR,ERR,ERR,ERR,ERR,ERR,ERR,ERR,ERR,ERR,ERR,ERR,ERR,ERR,ERR,ERR,ERR,ERR,ERR,ERR,ERR,ERR,ERR,ERR,ERR,ERR,ERR,ERR,ERR,ERR,ERR,ERR,ERR,ERR,ERR,ERR,ERR,ERR,ERR,ERR,ERR,ERR,ERR,ERR,ERR,ERR,ERR,ERR,ERR,ERR,ERR,0.0,-0.0,3.028208139652935e+23,0.0,0.0,1.3936040501711995e+18,7.805,0.0,0,0,4,0,7300,-0.0,0,0.0,0.0,0.0,0.0,0.0,0,0,0,0,0.0,0,0,0,0,0,0,0,0,0,0,0,0,0,0,0,0,0,0,0,0,0,0,0,0,0,0,0,0,0,0,0,0,0,32,30,30,62,65476,0,300,0,0,8,21553,0.0,-107605600.0,0.0,0.0,0.0,0.0,0.0,0.0,0.0,0.0,0.0,0.0,0.0,0.0,0.0,0.0,0.0,0.0,0.0,0.0,0.0,0.0,2.004,-2.004,-0.0,-2.004,0.0,0.0,0.0,0.0,5438.0,1.0406669901790231e+34,6959.0,0.0,-0.0,-107615280.0,-0.0,0.0,0.0,0.0,0.0,63,0.0,-3.222008670201871e+26,0.0,0.0,0.0,0.0,0.0,0.0,0.0,0,0,0,0.0,0.0,0.0,0.0,0.0,0.0,0.0,0.0,0.0,0.0,0.0,0.0,0.0,0.0,0.0,0.0,0,-107875648.0,63,0.0,126,2.7184242562605685e+23,-0.0,ERR,ERR,ERR,ERR,ERR,ERR,ERR,ERR,ERR,ERR,ERR,ERR,ERR,ERR,ERR,ERR,ERR,ERR,ERR,ERR,ERR,ERR,ERR,ERR,ERR,ERR,ERR,ERR,ERR,ERR,ERR,ERR,ERR,ERR,ERR,ERR,ERR,ERR,ERR,ERR,ERR,ERR,ERR,ERR,ERR,ERR,ERR,ERR,ERR,ERR,ERR,ERR,ERR,ERR,ERR,ERR,ERR,ERR,ERR,ERR,ERR,ERR,ERR,ERR,ERR,ERR,ERR,34.0,80.0,35,0.0,0.0,0.0,0.0,0.0,0.0,0.0,0.0,0.0,0.0,0.0,0.0,0.0,0.0,0.0,0.0,64.4,0,116,56,50,65476,0,300,0,0,8,20529,65476,0,0,57672,80.0,0.0,0.0,0.0,0.0,0.0
2026-06-17T04:36:59,ERR,ERR,ERR,ERR,ERR,ERR,ERR,ERR,ERR,ERR,ERR,ERR,ERR,ERR,ERR,ERR,ERR,ERR,ERR,ERR,ERR,ERR,ERR,ERR,ERR,ERR,ERR,ERR,ERR,ERR,ERR,ERR,ERR,ERR,ERR,ERR,ERR,ERR,ERR,ERR,ERR,ERR,ERR,ERR,ERR,ERR,ERR,ERR,ERR,ERR,ERR,ERR,ERR,ERR,ERR,ERR,ERR,ERR,ERR,ERR,ERR,ERR,ERR,ERR,ERR,ERR,ERR,ERR,ERR,ERR,ERR,ERR,ERR,ERR,ERR,ERR,ERR,ERR,ERR,ERR,ERR,ERR,ERR,ERR,ERR,ERR,ERR,ERR,ERR,ERR,ERR,ERR,ERR,ERR,ERR,ERR,ERR,ERR,ERR,ERR,ERR,ERR,ERR,ERR,ERR,ERR,ERR,ERR,ERR,ERR,ERR,ERR,ERR,ERR,ERR,ERR,ERR,ERR,ERR,ERR,ERR,ERR,ERR,ERR,ERR,0.0,-0.0,3.028208139652935e+23,0.0,0.0,1.3936040501711995e+18,7.805,0.0,0,0,4,0,7300,-0.0,0,0.0,0.0,0.0,0.0,0.0,0,0,0,0,0.0,0,0,0,0,0,0,0,0,0,0,0,0,0,0,0,0,0,0,0,0,0,0,0,0,0,0,0,0,0,0,0,0,0,32,30,30,62,65476,0,300,0,0,8,21553,0.0,-107605600.0,0.0,0.0,0.0,0.0,0.0,0.0,0.0,0.0,0.0,0.0,0.0,0.0,0.0,0.0,0.0,0.0,0.0,0.0,0.0,0.0,2.004,-2.004,-0.0,-2.004,0.0,0.0,0.0,0.0,5438.0,1.0406669901790231e+34,6959.0,0.0,-0.0,-107615280.0,-0.0,0.0,0.0,0.0,0.0,63,0.0,-3.222008670201871e+26,0.0,0.0,0.0,0.0,0.0,0.0,0.0,0,0,0,0.0,0.0,0.0,0.0,0.0,0.0,0.0,0.0,0.0,0.0,0.0,0.0,0.0,0.0,0.0,0.0,0,-107875648.0,63,0.0,126,2.7184242562605685e+23,-0.0,ERR,ERR,ERR,ERR,ERR,ERR,ERR,ERR,ERR,ERR,ERR,ERR,ERR,ERR,ERR,ERR,ERR,ERR,ERR,ERR,ERR,ERR,ERR,ERR,ERR,ERR,ERR,ERR,ERR,ERR,ERR,ERR,ERR,ERR,ERR,ERR,ERR,ERR,ERR,ERR,ERR,ERR,ERR,ERR,ERR,ERR,ERR,ERR,ERR,ERR,ERR,ERR,ERR,ERR,ERR,ERR,ERR,ERR,ERR,ERR,ERR,ERR,ERR,ERR,ERR,ERR,ERR,34.0,80.0,35,0.0,0.0,0.0,0.0,0.0,0.0,0.0,0.0,0.0,0.0,0.0,0.0,0.0,0.0,0.0,0.0,64.4,0,116,56,50,65476,0,300,0,0,8,20529,65476,0,0,57672,80.0,0.0,0.0,0.0,0.0,0.0
2026-06-17T04:37:00,ERR,ERR,ERR,ERR,ERR,ERR,ERR,ERR,ERR,ERR,ERR,ERR,ERR,ERR,ERR,ERR,ERR,ERR,ERR,ERR,ERR,ERR,ERR,ERR,ERR,ERR,ERR,ERR,ERR,ERR,ERR,ERR,ERR,ERR,ERR,ERR,ERR,ERR,ERR,ERR,ERR,ERR,ERR,ERR,ERR,ERR,ERR,ERR,ERR,ERR,ERR,ERR,ERR,ERR,ERR,ERR,ERR,ERR,ERR,ERR,ERR,ERR,ERR,ERR,ERR,ERR,ERR,ERR,ERR,ERR,ERR,ERR,ERR,ERR,ERR,ERR,ERR,ERR,ERR,ERR,ERR,ERR,ERR,ERR,ERR,ERR,ERR,ERR,ERR,ERR,ERR,ERR,ERR,ERR,ERR,ERR,ERR,ERR,ERR,ERR,ERR,ERR,ERR,ERR,ERR,ERR,ERR,ERR,ERR,ERR,ERR,ERR,ERR,ERR,ERR,ERR,ERR,ERR,ERR,ERR,ERR,ERR,ERR,ERR,ERR,0.0,-0.0,3.028208139652935e+23,0.0,0.0,1.3936040501711995e+18,7.805,0.0,0,0,4,0,7300,-0.0,0,0.0,0.0,0.0,0.0,0.0,0,0,0,0,0.0,0,0,0,0,0,0,0,0,0,0,0,0,0,0,0,0,0,0,0,0,0,0,0,0,0,0,0,0,0,0,0,0,0,32,30,30,62,65476,0,300,0,0,8,21553,0.0,-107605600.0,0.0,0.0,0.0,0.0,0.0,0.0,0.0,0.0,0.0,0.0,0.0,0.0,0.0,0.0,0.0,0.0,0.0,0.0,0.0,0.0,2.004,-2.004,-0.0,-2.004,0.0,0.0,0.0,0.0,5438.0,1.0406669901790231e+34,6959.0,0.0,-0.0,-107615280.0,-0.0,0.0,0.0,0.0,0.0,63,0.0,-3.222008670201871e+26,0.0,0.0,0.0,0.0,0.0,0.0,0.0,0,0,0,0.0,0.0,0.0,0.0,0.0,0.0,0.0,0.0,0.0,0.0,0.0,0.0,0.0,0.0,0.0,0.0,0,-107875648.0,63,0.0,126,2.7184242562605685e+23,-0.0,ERR,ERR,ERR,ERR,ERR,ERR,ERR,ERR,ERR,ERR,ERR,ERR,ERR,ERR,ERR,ERR,ERR,ERR,ERR,ERR,ERR,ERR,ERR,ERR,ERR,ERR,ERR,ERR,ERR,ERR,ERR,ERR,ERR,ERR,ERR,ERR,ERR,ERR,ERR,ERR,ERR,ERR,ERR,ERR,ERR,ERR,ERR,ERR,ERR,ERR,ERR,ERR,ERR,ERR,ERR,ERR,ERR,ERR,ERR,ERR,ERR,ERR,ERR,ERR,ERR,ERR,ERR,34.0,80.0,35,0.0,0.0,0.0,0.0,0.0,0.0,0.0,0.0,0.0,0.0,0.0,0.0,0.0,0.0,0.0,0.0,64.8,0,116,56,49,65476,0,300,0,0,8,20529,65476,0,0,57672,80.0,0.0,0.0,0.0,0.0,0.0
2026-06-17T04:37:01,ERR,ERR,ERR,ERR,ERR,ERR,ERR,ERR,ERR,ERR,ERR,ERR,ERR,ERR,ERR,ERR,ERR,ERR,ERR,ERR,ERR,ERR,ERR,ERR,ERR,ERR,ERR,ERR,ERR,ERR,ERR,ERR,ERR,ERR,ERR,ERR,ERR,ERR,ERR,ERR,ERR,ERR,ERR,ERR,ERR,ERR,ERR,ERR,ERR,ERR,ERR,ERR,ERR,ERR,ERR,ERR,ERR,ERR,ERR,ERR,ERR,ERR,ERR,ERR,ERR,ERR,ERR,ERR,ERR,ERR,ERR,ERR,ERR,ERR,ERR,ERR,ERR,ERR,ERR,ERR,ERR,ERR,ERR,ERR,ERR,ERR,ERR,ERR,ERR,ERR,ERR,ERR,ERR,ERR,ERR,ERR,ERR,ERR,ERR,ERR,ERR,ERR,ERR,ERR,ERR,ERR,ERR,ERR,ERR,ERR,ERR,ERR,ERR,ERR,ERR,ERR,ERR,ERR,ERR,ERR,ERR,ERR,ERR,ERR,ERR,0.0,-0.0,3.028208139652935e+23,0.0,0.0,1.3936040501711995e+18,7.805,0.0,0,0,4,0,7300,-0.0,0,0.0,0.0,0.0,0.0,0.0,0,0,0,0,0.0,0,0,0,0,0,0,0,0,0,0,0,0,0,0,0,0,0,0,0,0,0,0,0,0,0,0,0,0,0,0,0,0,0,32,30,30,62,65476,0,300,0,0,8,21553,0.0,-107605600.0,0.0,0.0,0.0,0.0,0.0,0.0,0.0,0.0,0.0,0.0,0.0,0.0,0.0,0.0,0.0,0.0,0.0,0.0,0.0,0.0,2.004,-2.004,-0.0,-2.004,0.0,0.0,0.0,0.0,5438.0,1.0406669901790231e+34,6959.0,0.0,-0.0,-107615280.0,-0.0,0.0,0.0,0.0,0.0,63,0.0,-3.222008670201871e+26,0.0,0.0,0.0,0.0,0.0,0.0,0.0,0,0,0,0.0,0.0,0.0,0.0,0.0,0.0,0.0,0.0,0.0,0.0,0.0,0.0,0.0,0.0,0.0,0.0,0,-107875648.0,63,0.0,126,2.7184242562605685e+23,-0.0,ERR,ERR,ERR,ERR,ERR,ERR,ERR,ERR,ERR,ERR,ERR,ERR,ERR,ERR,ERR,ERR,ERR,ERR,ERR,ERR,ERR,ERR,ERR,ERR,ERR,ERR,ERR,ERR,ERR,ERR,ERR,ERR,ERR,ERR,ERR,ERR,ERR,ERR,ERR,ERR,ERR,ERR,ERR,ERR,ERR,ERR,ERR,ERR,ERR,ERR,ERR,ERR,ERR,ERR,ERR,ERR,ERR,ERR,ERR,ERR,ERR,ERR,ERR,ERR,ERR,ERR,ERR,34.0,80.0,35,0.0,0.0,0.0,0.0,0.0,0.0,0.0,0.0,0.0,0.0,0.0,0.0,0.0,0.0,0.0,0.0,64.8,0,116,56,49,65476,0,300,0,0,8,20529,65476,0,0,57672,80.0,0.0,0.0,0.0,0.0,0.0
2026-06-17T04:37:02,ERR,ERR,ERR,ERR,ERR,ERR,ERR,ERR,ERR,ERR,ERR,ERR,ERR,ERR,ERR,ERR,ERR,ERR,ERR,ERR,ERR,ERR,ERR,ERR,ERR,ERR,ERR,ERR,ERR,ERR,ERR,ERR,ERR,ERR,ERR,ERR,ERR,ERR,ERR,ERR,ERR,ERR,ERR,ERR,ERR,ERR,ERR,ERR,ERR,ERR,ERR,ERR,ERR,ERR,ERR,ERR,ERR,ERR,ERR,ERR,ERR,ERR,ERR,ERR,ERR,ERR,ERR,ERR,ERR,ERR,ERR,ERR,ERR,ERR,ERR,ERR,ERR,ERR,ERR,ERR,ERR,ERR,ERR,ERR,ERR,ERR,ERR,ERR,ERR,ERR,ERR,ERR,ERR,ERR,ERR,ERR,ERR,ERR,ERR,ERR,ERR,ERR,ERR,ERR,ERR,ERR,ERR,ERR,ERR,ERR,ERR,ERR,ERR,ERR,ERR,ERR,ERR,ERR,ERR,ERR,ERR,ERR,ERR,ERR,ERR,0.0,-0.0,3.028208139652935e+23,0.0,0.0,1.3936040501711995e+18,7.805,0.0,0,0,4,0,7300,-0.0,0,0.0,0.0,0.0,0.0,0.0,0,0,0,0,0.0,0,0,0,0,0,0,0,0,0,0,0,0,0,0,0,0,0,0,0,0,0,0,0,0,0,0,0,0,0,0,0,0,0,32,30,30,62,65476,0,300,0,0,8,21553,0.0,-107605600.0,0.0,0.0,0.0,0.0,0.0,0.0,0.0,0.0,0.0,0.0,0.0,0.0,0.0,0.0,0.0,0.0,0.0,0.0,0.0,0.0,2.004,-2.004,-0.0,-2.004,0.0,0.0,0.0,0.0,5438.0,131350.641,6953.0,0.0,-0.0,-107615280.0,-0.0,0.0,0.0,0.0,0.0,63,0.0,-0.0,0.0,0.0,0.0,0.0,0.0,0.0,0.0,0,0,0,0.0,0.0,0.0,0.0,0.0,0.0,0.0,0.0,0.0,0.0,0.0,0.0,0.0,0.0,0.0,0.0,0,-107875648.0,63,0.0,126,2.7184242562605685e+23,-0.0,ERR,ERR,ERR,ERR,ERR,ERR,ERR,ERR,ERR,ERR,ERR,ERR,ERR,ERR,ERR,ERR,ERR,ERR,ERR,ERR,ERR,ERR,ERR,ERR,ERR,ERR,ERR,ERR,ERR,ERR,ERR,ERR,ERR,ERR,ERR,ERR,ERR,ERR,ERR,ERR,ERR,ERR,ERR,ERR,ERR,ERR,ERR,ERR,ERR,ERR,ERR,ERR,ERR,ERR,ERR,ERR,ERR,ERR,ERR,ERR,ERR,ERR,ERR,ERR,ERR,ERR,ERR,34.0,80.0,35,0.0,0.0,0.0,0.0,0.0,0.0,0.0,0.0,0.0,0.0,0.0,0.0,0.0,0.0,0.0,0.0,64.4,0,116,56,50,65476,0,300,0,0,8,20529,65476,0,0,57672,80.0,0.0,0.0,0.0,0.0,0.0
2026-06-17T04:37:03,ERR,ERR,ERR,ERR,ERR,ERR,ERR,ERR,ERR,ERR,ERR,ERR,ERR,ERR,ERR,ERR,ERR,ERR,ERR,ERR,ERR,ERR,ERR,ERR,ERR,ERR,ERR,ERR,ERR,ERR,ERR,ERR,ERR,ERR,ERR,ERR,ERR,ERR,ERR,ERR,ERR,ERR,ERR,ERR,ERR,ERR,ERR,ERR,ERR,ERR,ERR,ERR,ERR,ERR,ERR,ERR,ERR,ERR,ERR,ERR,ERR,ERR,ERR,ERR,ERR,ERR,ERR,ERR,ERR,ERR,ERR,ERR,ERR,ERR,ERR,ERR,ERR,ERR,ERR,ERR,ERR,ERR,ERR,ERR,ERR,ERR,ERR,ERR,ERR,ERR,ERR,ERR,ERR,ERR,ERR,ERR,ERR,ERR,ERR,ERR,ERR,ERR,ERR,ERR,ERR,ERR,ERR,ERR,ERR,ERR,ERR,ERR,ERR,ERR,ERR,ERR,ERR,ERR,ERR,ERR,ERR,ERR,ERR,ERR,ERR,0.0,-0.0,3.028208139652935e+23,0.0,0.0,1.3936040501711995e+18,7.805,0.0,0,0,4,0,7300,-0.0,0,0.0,0.0,0.0,0.0,0.0,0,0,0,0,0.0,0,0,0,0,0,0,0,0,0,0,0,0,0,0,0,0,0,0,0,0,0,0,0,0,0,0,0,0,0,0,0,0,0,32,30,30,62,65476,0,300,0,0,8,21553,0.0,-107605600.0,0.0,0.0,0.0,0.0,0.0,0.0,0.0,0.0,0.0,0.0,0.0,0.0,0.0,0.0,0.0,0.0,0.0,0.0,0.0,0.0,2.004,-2.004,-0.0,-2.004,0.0,0.0,0.0,0.0,5438.0,131350.641,6953.0,0.0,-0.0,-107615280.0,-0.0,0.0,0.0,0.0,0.0,63,0.0,-0.0,0.0,0.0,0.0,0.0,0.0,0.0,0.0,0,0,0,0.0,0.0,0.0,0.0,0.0,0.0,0.0,0.0,0.0,0.0,0.0,0.0,0.0,0.0,0.0,0.0,0,-107875648.0,63,0.0,126,2.7184242562605685e+23,-0.0,ERR,ERR,ERR,ERR,ERR,ERR,ERR,ERR,ERR,ERR,ERR,ERR,ERR,ERR,ERR,ERR,ERR,ERR,ERR,ERR,ERR,ERR,ERR,ERR,ERR,ERR,ERR,ERR,ERR,ERR,ERR,ERR,ERR,ERR,ERR,ERR,ERR,ERR,ERR,ERR,ERR,ERR,ERR,ERR,ERR,ERR,ERR,ERR,ERR,ERR,ERR,ERR,ERR,ERR,ERR,ERR,ERR,ERR,ERR,ERR,ERR,ERR,ERR,ERR,ERR,ERR,ERR,34.0,80.0,35,0.0,0.0,0.0,0.0,0.0,0.0,0.0,0.0,0.0,0.0,0.0,0.0,0.0,0.0,0.0,0.0,64.4,0,116,56,50,65476,0,300,0,0,8,20529,65476,0,0,57672,80.0,0.0,0.0,0.0,0.0,0.0
2026-06-17T04:37:04,ERR,ERR,ERR,ERR,ERR,ERR,ERR,ERR,ERR,ERR,ERR,ERR,ERR,ERR,ERR,ERR,ERR,ERR,ERR,ERR,ERR,ERR,ERR,ERR,ERR,ERR,ERR,ERR,ERR,ERR,ERR,ERR,ERR,ERR,ERR,ERR,ERR,ERR,ERR,ERR,ERR,ERR,ERR,ERR,ERR,ERR,ERR,ERR,ERR,ERR,ERR,ERR,ERR,ERR,ERR,ERR,ERR,ERR,ERR,ERR,ERR,ERR,ERR,ERR,ERR,ERR,ERR,ERR,ERR,ERR,ERR,ERR,ERR,ERR,ERR,ERR,ERR,ERR,ERR,ERR,ERR,ERR,ERR,ERR,ERR,ERR,ERR,ERR,ERR,ERR,ERR,ERR,ERR,ERR,ERR,ERR,ERR,ERR,ERR,ERR,ERR,ERR,ERR,ERR,ERR,ERR,ERR,ERR,ERR,ERR,ERR,ERR,ERR,ERR,ERR,ERR,ERR,ERR,ERR,ERR,ERR,ERR,ERR,ERR,ERR,0.0,-0.0,3.028208139652935e+23,0.0,0.0,1.3936040501711995e+18,7.805,0.0,0,0,4,0,7300,-0.0,0,0.0,0.0,0.0,0.0,0.0,0,0,0,0,0.0,0,0,0,0,0,0,0,0,0,0,0,0,0,0,0,0,0,0,0,0,0,0,0,0,0,0,0,0,0,0,0,0,0,32,30,30,62,65476,0,300,0,0,8,21553,0.0,-107605600.0,0.0,0.0,0.0,0.0,0.0,0.0,0.0,0.0,0.0,0.0,0.0,0.0,0.0,0.0,0.0,0.0,0.0,0.0,0.0,0.0,2.004,-2.004,-0.0,-2.004,0.0,0.0,0.0,0.0,5438.0,131350.641,6953.0,0.0,-0.0,-107615280.0,-0.0,0.0,0.0,0.0,0.0,63,0.0,-0.0,0.0,0.0,0.0,0.0,0.0,0.0,0.0,0,0,0,0.0,0.0,0.0,0.0,0.0,0.0,0.0,0.0,0.0,0.0,0.0,0.0,0.0,0.0,0.0,0.0,0,-107875648.0,63,0.0,126,2.7184242562605685e+23,-0.0,ERR,ERR,ERR,ERR,ERR,ERR,ERR,ERR,ERR,ERR,ERR,ERR,ERR,ERR,ERR,ERR,ERR,ERR,ERR,ERR,ERR,ERR,ERR,ERR,ERR,ERR,ERR,ERR,ERR,ERR,ERR,ERR,ERR,ERR,ERR,ERR,ERR,ERR,ERR,ERR,ERR,ERR,ERR,ERR,ERR,ERR,ERR,ERR,ERR,ERR,ERR,ERR,ERR,ERR,ERR,ERR,ERR,ERR,ERR,ERR,ERR,ERR,ERR,ERR,ERR,ERR,ERR,34.0,80.0,35,0.0,0.0,0.0,0.0,0.0,0.0,0.0,0.0,0.0,0.0,0.0,0.0,0.0,0.0,0.0,0.0,64.4,0,116,56,50,65476,0,300,0,0,8,20529,65476,0,0,57672,80.0,0.0,0.0,0.0,0.0,0.0
2026-06-17T04:37:05,ERR,ERR,ERR,ERR,ERR,ERR,ERR,ERR,ERR,ERR,ERR,ERR,ERR,ERR,ERR,ERR,ERR,ERR,ERR,ERR,ERR,ERR,ERR,ERR,ERR,ERR,ERR,ERR,ERR,ERR,ERR,ERR,ERR,ERR,ERR,ERR,ERR,ERR,ERR,ERR,ERR,ERR,ERR,ERR,ERR,ERR,ERR,ERR,ERR,ERR,ERR,ERR,ERR,ERR,ERR,ERR,ERR,ERR,ERR,ERR,ERR,ERR,ERR,ERR,ERR,ERR,ERR,ERR,ERR,ERR,ERR,ERR,ERR,ERR,ERR,ERR,ERR,ERR,ERR,ERR,ERR,ERR,ERR,ERR,ERR,ERR,ERR,ERR,ERR,ERR,ERR,ERR,ERR,ERR,ERR,ERR,ERR,ERR,ERR,ERR,ERR,ERR,ERR,ERR,ERR,ERR,ERR,ERR,ERR,ERR,ERR,ERR,ERR,ERR,ERR,ERR,ERR,ERR,ERR,ERR,ERR,ERR,ERR,ERR,ERR,0.0,-0.0,3.028208139652935e+23,0.0,0.0,1.3936040501711995e+18,7.805,0.0,0,0,4,0,7300,-0.0,0,0.0,0.0,0.0,0.0,0.0,0,0,0,0,0.0,0,0,0,0,0,0,0,0,0,0,0,0,0,0,0,0,0,0,0,0,0,0,0,0,0,0,0,0,0,0,0,0,0,32,30,30,62,65476,0,300,0,0,8,21553,0.0,-107605600.0,0.0,0.0,0.0,0.0,0.0,0.0,0.0,0.0,0.0,0.0,0.0,0.0,0.0,0.0,0.0,0.0,0.0,0.0,0.0,0.0,2.004,-2.004,-0.0,-2.004,0.0,0.0,0.0,0.0,5438.0,131350.641,6953.0,0.0,-0.0,-107615280.0,-0.0,0.0,0.0,0.0,0.0,63,0.0,-0.0,0.0,0.0,0.0,0.0,0.0,0.0,0.0,0,0,0,0.0,0.0,0.0,0.0,0.0,0.0,0.0,0.0,0.0,0.0,0.0,0.0,0.0,0.0,0.0,0.0,0,-107875648.0,63,0.0,126,2.7184242562605685e+23,-0.0,ERR,ERR,ERR,ERR,ERR,ERR,ERR,ERR,ERR,ERR,ERR,ERR,ERR,ERR,ERR,ERR,ERR,ERR,ERR,ERR,ERR,ERR,ERR,ERR,ERR,ERR,ERR,ERR,ERR,ERR,ERR,ERR,ERR,ERR,ERR,ERR,ERR,ERR,ERR,ERR,ERR,ERR,ERR,ERR,ERR,ERR,ERR,ERR,ERR,ERR,ERR,ERR,ERR,ERR,ERR,ERR,ERR,ERR,ERR,ERR,ERR,ERR,ERR,ERR,ERR,ERR,ERR,34.0,80.0,35,0.0,0.0,0.0,0.0,0.0,0.0,0.0,0.0,0.0,0.0,0.0,0.0,0.0,0.0,0.0,0.0,64.4,0,116,56,50,65476,0,300,0,0,8,20529,65476,0,0,57672,80.0,0.0,0.0,0.0,0.0,0.0
2026-06-17T04:37:06,ERR,ERR,ERR,ERR,ERR,ERR,ERR,ERR,ERR,ERR,ERR,ERR,ERR,ERR,ERR,ERR,ERR,ERR,ERR,ERR,ERR,ERR,ERR,ERR,ERR,ERR,ERR,ERR,ERR,ERR,ERR,ERR,ERR,ERR,ERR,ERR,ERR,ERR,ERR,ERR,ERR,ERR,ERR,ERR,ERR,ERR,ERR,ERR,ERR,ERR,ERR,ERR,ERR,ERR,ERR,ERR,ERR,ERR,ERR,ERR,ERR,ERR,ERR,ERR,ERR,ERR,ERR,ERR,ERR,ERR,ERR,ERR,ERR,ERR,ERR,ERR,ERR,ERR,ERR,ERR,ERR,ERR,ERR,ERR,ERR,ERR,ERR,ERR,ERR,ERR,ERR,ERR,ERR,ERR,ERR,ERR,ERR,ERR,ERR,ERR,ERR,ERR,ERR,ERR,ERR,ERR,ERR,ERR,ERR,ERR,ERR,ERR,ERR,ERR,ERR,ERR,ERR,ERR,ERR,ERR,ERR,ERR,ERR,ERR,ERR,0.0,-0.0,3.028208139652935e+23,0.0,0.0,1.3936040501711995e+18,7.805,0.0,0,0,4,0,7300,-0.0,0,0.0,0.0,0.0,0.0,0.0,0,0,0,0,0.0,0,0,0,0,0,0,0,0,0,0,0,0,0,0,0,0,0,0,0,0,0,0,0,0,0,0,0,0,0,0,0,0,0,32,30,30,62,65476,0,300,0,0,8,21553,0.0,-107605600.0,0.0,0.0,0.0,0.0,0.0,0.0,0.0,0.0,0.0,0.0,0.0,0.0,0.0,0.0,0.0,0.0,0.0,0.0,0.0,0.0,2.004,-2.004,-0.0,-2.004,0.0,0.0,0.0,0.0,5438.0,131350.641,6953.0,0.0,-0.0,-107615280.0,-0.0,0.0,0.0,0.0,0.0,63,0.0,-0.0,0.0,0.0,0.0,0.0,0.0,0.0,0.0,0,0,0,0.0,0.0,0.0,0.0,0.0,0.0,0.0,0.0,0.0,0.0,0.0,0.0,0.0,0.0,0.0,0.0,0,-107875648.0,63,0.0,126,2.7184242562605685e+23,-0.0,ERR,ERR,ERR,ERR,ERR,ERR,ERR,ERR,ERR,ERR,ERR,ERR,ERR,ERR,ERR,ERR,ERR,ERR,ERR,ERR,ERR,ERR,ERR,ERR,ERR,ERR,ERR,ERR,ERR,ERR,ERR,ERR,ERR,ERR,ERR,ERR,ERR,ERR,ERR,ERR,ERR,ERR,ERR,ERR,ERR,ERR,ERR,ERR,ERR,ERR,ERR,ERR,ERR,ERR,ERR,ERR,ERR,ERR,ERR,ERR,ERR,ERR,ERR,ERR,ERR,ERR,ERR,34.0,80.0,35,0.0,0.0,0.0,0.0,0.0,0.0,0.0,0.0,0.0,0.0,0.0,0.0,0.0,0.0,0.0,0.0,64.4,0,116,56,49,65476,0,300,0,0,8,20529,65476,0,0,57672,80.0,0.0,0.0,0.0,0.0,0.0
2026-06-17T04:37:07,ERR,ERR,ERR,ERR,ERR,ERR,ERR,ERR,ERR,ERR,ERR,ERR,ERR,ERR,ERR,ERR,ERR,ERR,ERR,ERR,ERR,ERR,ERR,ERR,ERR,ERR,ERR,ERR,ERR,ERR,ERR,ERR,ERR,ERR,ERR,ERR,ERR,ERR,ERR,ERR,ERR,ERR,ERR,ERR,ERR,ERR,ERR,ERR,ERR,ERR,ERR,ERR,ERR,ERR,ERR,ERR,ERR,ERR,ERR,ERR,ERR,ERR,ERR,ERR,ERR,ERR,ERR,ERR,ERR,ERR,ERR,ERR,ERR,ERR,ERR,ERR,ERR,ERR,ERR,ERR,ERR,ERR,ERR,ERR,ERR,ERR,ERR,ERR,ERR,ERR,ERR,ERR,ERR,ERR,ERR,ERR,ERR,ERR,ERR,ERR,ERR,ERR,ERR,ERR,ERR,ERR,ERR,ERR,ERR,ERR,ERR,ERR,ERR,ERR,ERR,ERR,ERR,ERR,ERR,ERR,ERR,ERR,ERR,ERR,ERR,0.0,-0.0,3.028208139652935e+23,0.0,0.0,1.3936040501711995e+18,7.805,0.0,0,0,4,0,7300,-0.0,0,0.0,0.0,0.0,0.0,0.0,0,0,0,0,0.0,0,0,0,0,0,0,0,0,0,0,0,0,0,0,0,0,0,0,0,0,0,0,0,0,0,0,0,0,0,0,0,0,0,32,30,30,62,65476,0,300,0,0,8,21553,0.0,-107605600.0,0.0,0.0,0.0,0.0,0.0,0.0,0.0,0.0,0.0,0.0,0.0,0.0,0.0,0.0,0.0,0.0,0.0,0.0,0.0,0.0,2.004,-2.004,-0.0,-2.004,0.0,0.0,0.0,0.0,5439.0,0.0,6951.0,0.0,-0.0,-107615280.0,-0.0,0.0,0.0,0.0,0.0,63,0.0,-0.0,0.0,0.0,0.0,0.0,0.0,0.0,0.0,0,0,0,0.0,0.0,0.0,0.0,0.0,0.0,0.0,0.0,0.0,0.0,0.0,0.0,0.0,0.0,0.0,0.0,0,-107875648.0,63,0.0,126,2.7184242562605685e+23,-0.0,ERR,ERR,ERR,ERR,ERR,ERR,ERR,ERR,ERR,ERR,ERR,ERR,ERR,ERR,ERR,ERR,ERR,ERR,ERR,ERR,ERR,ERR,ERR,ERR,ERR,ERR,ERR,ERR,ERR,ERR,ERR,ERR,ERR,ERR,ERR,ERR,ERR,ERR,ERR,ERR,ERR,ERR,ERR,ERR,ERR,ERR,ERR,ERR,ERR,ERR,ERR,ERR,ERR,ERR,ERR,ERR,ERR,ERR,ERR,ERR,ERR,ERR,ERR,ERR,ERR,ERR,ERR,34.0,80.0,35,0.0,0.0,0.0,0.0,0.0,0.0,0.0,0.0,0.0,0.0,0.0,0.0,0.0,0.0,0.0,0.0,64.4,0,116,56,50,65476,0,300,0,0,8,20529,65476,0,0,57672,80.0,0.0,0.0,0.0,0.0,0.0
2026-06-17T04:37:08,ERR,ERR,ERR,ERR,ERR,ERR,ERR,ERR,ERR,ERR,ERR,ERR,ERR,ERR,ERR,ERR,ERR,ERR,ERR,ERR,ERR,ERR,ERR,ERR,ERR,ERR,ERR,ERR,ERR,ERR,ERR,ERR,ERR,ERR,ERR,ERR,ERR,ERR,ERR,ERR,ERR,ERR,ERR,ERR,ERR,ERR,ERR,ERR,ERR,ERR,ERR,ERR,ERR,ERR,ERR,ERR,ERR,ERR,ERR,ERR,ERR,ERR,ERR,ERR,ERR,ERR,ERR,ERR,ERR,ERR,ERR,ERR,ERR,ERR,ERR,ERR,ERR,ERR,ERR,ERR,ERR,ERR,ERR,ERR,ERR,ERR,ERR,ERR,ERR,ERR,ERR,ERR,ERR,ERR,ERR,ERR,ERR,ERR,ERR,ERR,ERR,ERR,ERR,ERR,ERR,ERR,ERR,ERR,ERR,ERR,ERR,ERR,ERR,ERR,ERR,ERR,ERR,ERR,ERR,ERR,ERR,ERR,ERR,ERR,ERR,0.0,-0.0,3.028208139652935e+23,0.0,0.0,1.3936040501711995e+18,7.805,0.0,0,0,4,0,7300,-0.0,0,0.0,0.0,0.0,0.0,0.0,0,0,0,0,0.0,0,0,0,0,0,0,0,0,0,0,0,0,0,0,0,0,0,0,0,0,0,0,0,0,0,0,0,0,0,0,0,0,0,32,30,30,62,65476,0,300,0,0,8,21553,0.0,-107605600.0,0.0,0.0,0.0,0.0,0.0,0.0,0.0,0.0,0.0,0.0,0.0,0.0,0.0,0.0,0.0,0.0,0.0,0.0,0.0,0.0,2.004,-2.004,-0.0,-2.004,0.0,0.0,0.0,0.0,5439.0,0.0,6951.0,0.0,-0.0,-107615280.0,-0.0,0.0,0.0,0.0,0.0,63,0.0,-0.0,0.0,0.0,0.0,0.0,0.0,0.0,0.0,0,0,0,0.0,0.0,0.0,0.0,0.0,0.0,0.0,0.0,0.0,0.0,0.0,0.0,0.0,0.0,0.0,0.0,0,-107875648.0,63,0.0,126,2.7184242562605685e+23,-0.0,ERR,ERR,ERR,ERR,ERR,ERR,ERR,ERR,ERR,ERR,ERR,ERR,ERR,ERR,ERR,ERR,ERR,ERR,ERR,ERR,ERR,ERR,ERR,ERR,ERR,ERR,ERR,ERR,ERR,ERR,ERR,ERR,ERR,ERR,ERR,ERR,ERR,ERR,ERR,ERR,ERR,ERR,ERR,ERR,ERR,ERR,ERR,ERR,ERR,ERR,ERR,ERR,ERR,ERR,ERR,ERR,ERR,ERR,ERR,ERR,ERR,ERR,ERR,ERR,ERR,ERR,ERR,34.0,80.0,35,0.0,0.0,0.0,0.0,0.0,0.0,0.0,0.0,0.0,0.0,0.0,0.0,0.0,0.0,0.0,0.0,64.4,0,116,56,50,65476,0,300,0,0,8,20529,65476,0,0,57672,80.0,0.0,0.0,0.0,0.0,0.0
2026-06-17T04:37:09,ERR,ERR,ERR,ERR,ERR,ERR,ERR,ERR,ERR,ERR,ERR,ERR,ERR,ERR,ERR,ERR,ERR,ERR,ERR,ERR,ERR,ERR,ERR,ERR,ERR,ERR,ERR,ERR,ERR,ERR,ERR,ERR,ERR,ERR,ERR,ERR,ERR,ERR,ERR,ERR,ERR,ERR,ERR,ERR,ERR,ERR,ERR,ERR,ERR,ERR,ERR,ERR,ERR,ERR,ERR,ERR,ERR,ERR,ERR,ERR,ERR,ERR,ERR,ERR,ERR,ERR,ERR,ERR,ERR,ERR,ERR,ERR,ERR,ERR,ERR,ERR,ERR,ERR,ERR,ERR,ERR,ERR,ERR,ERR,ERR,ERR,ERR,ERR,ERR,ERR,ERR,ERR,ERR,ERR,ERR,ERR,ERR,ERR,ERR,ERR,ERR,ERR,ERR,ERR,ERR,ERR,ERR,ERR,ERR,ERR,ERR,ERR,ERR,ERR,ERR,ERR,ERR,ERR,ERR,ERR,ERR,ERR,ERR,ERR,ERR,0.0,-0.0,3.028208139652935e+23,0.0,0.0,1.3936040501711995e+18,7.805,0.0,0,0,4,0,7300,-0.0,0,0.0,0.0,0.0,0.0,0.0,0,0,0,0,0.0,0,0,0,0,0,0,0,0,0,0,0,0,0,0,0,0,0,0,0,0,0,0,0,0,0,0,0,0,0,0,0,0,0,32,30,30,62,65476,0,300,0,0,8,21553,0.0,-107605600.0,0.0,0.0,0.0,0.0,0.0,0.0,0.0,0.0,0.0,0.0,0.0,0.0,0.0,0.0,0.0,0.0,0.0,0.0,0.0,0.0,2.004,-2.004,-0.0,-2.004,0.0,0.0,0.0,0.0,5439.0,0.0,6951.0,0.0,-0.0,-107615280.0,-0.0,0.0,0.0,0.0,0.0,63,0.0,-0.0,0.0,0.0,0.0,0.0,0.0,0.0,0.0,0,0,0,0.0,0.0,0.0,0.0,0.0,0.0,0.0,0.0,0.0,0.0,0.0,0.0,0.0,0.0,0.0,0.0,0,-107875648.0,63,0.0,126,2.7184242562605685e+23,-0.0,ERR,ERR,ERR,ERR,ERR,ERR,ERR,ERR,ERR,ERR,ERR,ERR,ERR,ERR,ERR,ERR,ERR,ERR,ERR,ERR,ERR,ERR,ERR,ERR,ERR,ERR,ERR,ERR,ERR,ERR,ERR,ERR,ERR,ERR,ERR,ERR,ERR,ERR,ERR,ERR,ERR,ERR,ERR,ERR,ERR,ERR,ERR,ERR,ERR,ERR,ERR,ERR,ERR,ERR,ERR,ERR,ERR,ERR,ERR,ERR,ERR,ERR,ERR,ERR,ERR,ERR,ERR,34.0,80.0,35,0.0,0.0,0.0,0.0,0.0,0.0,0.0,0.0,0.0,0.0,0.0,0.0,0.0,0.0,0.0,0.0,64.8,0,116,56,50,65476,0,300,0,0,8,20529,65476,0,0,57672,80.0,0.0,0.0,0.0,0.0,0.0
2026-06-17T04:37:10,ERR,ERR,ERR,ERR,ERR,ERR,ERR,ERR,ERR,ERR,ERR,ERR,ERR,ERR,ERR,ERR,ERR,ERR,ERR,ERR,ERR,ERR,ERR,ERR,ERR,ERR,ERR,ERR,ERR,ERR,ERR,ERR,ERR,ERR,ERR,ERR,ERR,ERR,ERR,ERR,ERR,ERR,ERR,ERR,ERR,ERR,ERR,ERR,ERR,ERR,ERR,ERR,ERR,ERR,ERR,ERR,ERR,ERR,ERR,ERR,ERR,ERR,ERR,ERR,ERR,ERR,ERR,ERR,ERR,ERR,ERR,ERR,ERR,ERR,ERR,ERR,ERR,ERR,ERR,ERR,ERR,ERR,ERR,ERR,ERR,ERR,ERR,ERR,ERR,ERR,ERR,ERR,ERR,ERR,ERR,ERR,ERR,ERR,ERR,ERR,ERR,ERR,ERR,ERR,ERR,ERR,ERR,ERR,ERR,ERR,ERR,ERR,ERR,ERR,ERR,ERR,ERR,ERR,ERR,ERR,ERR,ERR,ERR,ERR,ERR,0.0,-0.0,3.028208139652935e+23,0.0,0.0,1.3936040501711995e+18,7.805,0.0,0,0,4,0,7300,-0.0,0,0.0,0.0,0.0,0.0,0.0,0,0,0,0,0.0,0,0,0,0,0,0,0,0,0,0,0,0,0,0,0,0,0,0,0,0,0,0,0,0,0,0,0,0,0,0,0,0,0,32,30,30,62,65476,0,300,0,0,8,21553,0.0,-107605600.0,0.0,0.0,0.0,0.0,0.0,0.0,0.0,0.0,0.0,0.0,0.0,0.0,0.0,0.0,0.0,0.0,0.0,0.0,0.0,0.0,2.004,-2.004,-0.0,-2.004,0.0,0.0,0.0,0.0,5439.0,0.0,6951.0,0.0,-0.0,-107615280.0,-0.0,0.0,0.0,0.0,0.0,63,0.0,-0.0,0.0,0.0,0.0,0.0,0.0,0.0,0.0,0,0,0,0.0,0.0,0.0,0.0,0.0,0.0,0.0,0.0,0.0,0.0,0.0,0.0,0.0,0.0,0.0,0.0,0,-107875648.0,63,0.0,126,2.7184242562605685e+23,-0.0,ERR,ERR,ERR,ERR,ERR,ERR,ERR,ERR,ERR,ERR,ERR,ERR,ERR,ERR,ERR,ERR,ERR,ERR,ERR,ERR,ERR,ERR,ERR,ERR,ERR,ERR,ERR,ERR,ERR,ERR,ERR,ERR,ERR,ERR,ERR,ERR,ERR,ERR,ERR,ERR,ERR,ERR,ERR,ERR,ERR,ERR,ERR,ERR,ERR,ERR,ERR,ERR,ERR,ERR,ERR,ERR,ERR,ERR,ERR,ERR,ERR,ERR,ERR,ERR,ERR,ERR,ERR,34.0,80.0,35,0.0,0.0,0.0,0.0,0.0,0.0,0.0,0.0,0.0,0.0,0.0,0.0,0.0,0.0,0.0,0.0,64.8,0,116,56,50,65476,0,300,0,0,8,20529,65476,0,0,57672,80.0,0.0,0.0,0.0,0.0,0.0
2026-06-17T04:37:11,ERR,ERR,ERR,ERR,ERR,ERR,ERR,ERR,ERR,ERR,ERR,ERR,ERR,ERR,ERR,ERR,ERR,ERR,ERR,ERR,ERR,ERR,ERR,ERR,ERR,ERR,ERR,ERR,ERR,ERR,ERR,ERR,ERR,ERR,ERR,ERR,ERR,ERR,ERR,ERR,ERR,ERR,ERR,ERR,ERR,ERR,ERR,ERR,ERR,ERR,ERR,ERR,ERR,ERR,ERR,ERR,ERR,ERR,ERR,ERR,ERR,ERR,ERR,ERR,ERR,ERR,ERR,ERR,ERR,ERR,ERR,ERR,ERR,ERR,ERR,ERR,ERR,ERR,ERR,ERR,ERR,ERR,ERR,ERR,ERR,ERR,ERR,ERR,ERR,ERR,ERR,ERR,ERR,ERR,ERR,ERR,ERR,ERR,ERR,ERR,ERR,ERR,ERR,ERR,ERR,ERR,ERR,ERR,ERR,ERR,ERR,ERR,ERR,ERR,ERR,ERR,ERR,ERR,ERR,ERR,ERR,ERR,ERR,ERR,ERR,0.0,-0.0,3.028208139652935e+23,0.0,0.0,1.3936040501711995e+18,7.805,0.0,0,0,4,0,7300,-0.0,0,0.0,0.0,0.0,0.0,0.0,0,0,0,0,0.0,0,0,0,0,0,0,0,0,0,0,0,0,0,0,0,0,0,0,0,0,0,0,0,0,0,0,0,0,0,0,0,0,0,32,30,30,62,65476,0,300,0,0,8,21553,0.0,-107605600.0,0.0,0.0,0.0,0.0,0.0,0.0,0.0,0.0,0.0,0.0,0.0,0.0,0.0,0.0,0.0,0.0,0.0,0.0,0.0,0.0,2.004,-2.004,-0.0,-2.004,0.0,0.0,0.0,0.0,5439.0,0.0,6951.0,0.0,-0.0,-107615280.0,-0.0,0.0,0.0,0.0,0.0,63,0.0,-0.0,0.0,0.0,0.0,0.0,0.0,0.0,0.0,0,0,0,0.0,0.0,0.0,0.0,0.0,0.0,0.0,0.0,0.0,0.0,0.0,0.0,0.0,0.0,0.0,0.0,0,-107875648.0,63,0.0,126,2.7184242562605685e+23,-0.0,ERR,ERR,ERR,ERR,ERR,ERR,ERR,ERR,ERR,ERR,ERR,ERR,ERR,ERR,ERR,ERR,ERR,ERR,ERR,ERR,ERR,ERR,ERR,ERR,ERR,ERR,ERR,ERR,ERR,ERR,ERR,ERR,ERR,ERR,ERR,ERR,ERR,ERR,ERR,ERR,ERR,ERR,ERR,ERR,ERR,ERR,ERR,ERR,ERR,ERR,ERR,ERR,ERR,ERR,ERR,ERR,ERR,ERR,ERR,ERR,ERR,ERR,ERR,ERR,ERR,ERR,ERR,34.0,80.0,35,0.0,0.0,0.0,0.0,0.0,0.0,0.0,0.0,0.0,0.0,0.0,0.0,0.0,0.0,0.0,0.0,64.4,0,116,56,50,65476,0,300,0,0,8,20529,65476,0,0,57672,80.0,0.0,0.0,0.0,0.0,0.0
2026-06-17T04:37:12,ERR,ERR,ERR,ERR,ERR,ERR,ERR,ERR,ERR,ERR,ERR,ERR,ERR,ERR,ERR,ERR,ERR,ERR,ERR,ERR,ERR,ERR,ERR,ERR,ERR,ERR,ERR,ERR,ERR,ERR,ERR,ERR,ERR,ERR,ERR,ERR,ERR,ERR,ERR,ERR,ERR,ERR,ERR,ERR,ERR,ERR,ERR,ERR,ERR,ERR,ERR,ERR,ERR,ERR,ERR,ERR,ERR,ERR,ERR,ERR,ERR,ERR,ERR,ERR,ERR,ERR,ERR,ERR,ERR,ERR,ERR,ERR,ERR,ERR,ERR,ERR,ERR,ERR,ERR,ERR,ERR,ERR,ERR,ERR,ERR,ERR,ERR,ERR,ERR,ERR,ERR,ERR,ERR,ERR,ERR,ERR,ERR,ERR,ERR,ERR,ERR,ERR,ERR,ERR,ERR,ERR,ERR,ERR,ERR,ERR,ERR,ERR,ERR,ERR,ERR,ERR,ERR,ERR,ERR,ERR,ERR,ERR,ERR,ERR,ERR,0.0,-0.0,3.028208139652935e+23,0.0,0.0,1.3936040501711995e+18,7.805,0.0,0,0,4,0,7300,-0.0,0,0.0,0.0,0.0,0.0,0.0,0,0,0,0,0.0,0,0,0,0,0,0,0,0,0,0,0,0,0,0,0,0,0,0,0,0,0,0,0,0,0,0,0,0,0,0,0,0,0,32,30,30,62,65476,0,300,0,0,8,21553,0.0,-107605600.0,0.0,0.0,0.0,0.0,0.0,0.0,0.0,0.0,0.0,0.0,0.0,0.0,0.0,0.0,0.0,0.0,0.0,0.0,0.0,0.0,2.004,-2.004,-0.0,-2.004,0.0,0.0,0.0,0.0,5438.0,0.0,6949.0,0.0,-0.0,-107615280.0,-0.0,0.0,0.0,0.0,0.0,63,0.0,-0.0,0.0,0.0,0.0,0.0,0.0,0.0,0.0,0,0,0,0.0,0.0,0.0,0.0,0.0,0.0,0.0,0.0,0.0,0.0,0.0,0.0,0.0,0.0,0.0,0.0,0,-107875648.0,63,0.0,126,2.7184242562605685e+23,-0.0,ERR,ERR,ERR,ERR,ERR,ERR,ERR,ERR,ERR,ERR,ERR,ERR,ERR,ERR,ERR,ERR,ERR,ERR,ERR,ERR,ERR,ERR,ERR,ERR,ERR,ERR,ERR,ERR,ERR,ERR,ERR,ERR,ERR,ERR,ERR,ERR,ERR,ERR,ERR,ERR,ERR,ERR,ERR,ERR,ERR,ERR,ERR,ERR,ERR,ERR,ERR,ERR,ERR,ERR,ERR,ERR,ERR,ERR,ERR,ERR,ERR,ERR,ERR,ERR,ERR,ERR,ERR,34.0,80.0,35,0.0,0.0,0.0,0.0,0.0,0.0,0.0,0.0,0.0,0.0,0.0,0.0,0.0,0.0,0.0,0.0,64.4,0,116,56,50,65476,0,300,0,0,8,20529,65476,0,0,57672,80.0,0.0,0.0,0.0,0.0,0.0
2026-06-17T04:37:13,ERR,ERR,ERR,ERR,ERR,ERR,ERR,ERR,ERR,ERR,ERR,ERR,ERR,ERR,ERR,ERR,ERR,ERR,ERR,ERR,ERR,ERR,ERR,ERR,ERR,ERR,ERR,ERR,ERR,ERR,ERR,ERR,ERR,ERR,ERR,ERR,ERR,ERR,ERR,ERR,ERR,ERR,ERR,ERR,ERR,ERR,ERR,ERR,ERR,ERR,ERR,ERR,ERR,ERR,ERR,ERR,ERR,ERR,ERR,ERR,ERR,ERR,ERR,ERR,ERR,ERR,ERR,ERR,ERR,ERR,ERR,ERR,ERR,ERR,ERR,ERR,ERR,ERR,ERR,ERR,ERR,ERR,ERR,ERR,ERR,ERR,ERR,ERR,ERR,ERR,ERR,ERR,ERR,ERR,ERR,ERR,ERR,ERR,ERR,ERR,ERR,ERR,ERR,ERR,ERR,ERR,ERR,ERR,ERR,ERR,ERR,ERR,ERR,ERR,ERR,ERR,ERR,ERR,ERR,ERR,ERR,ERR,ERR,ERR,ERR,0.0,-0.0,3.028208139652935e+23,0.0,0.0,1.3936040501711995e+18,7.805,0.0,0,0,4,0,7300,-0.0,0,0.0,0.0,0.0,0.0,0.0,0,0,0,0,0.0,0,0,0,0,0,0,0,0,0,0,0,0,0,0,0,0,0,0,0,0,0,0,0,0,0,0,0,0,0,0,0,0,0,32,30,30,62,65476,0,300,0,0,8,21553,0.0,-107605600.0,0.0,0.0,0.0,0.0,0.0,0.0,0.0,0.0,0.0,0.0,0.0,0.0,0.0,0.0,0.0,0.0,0.0,0.0,0.0,0.0,2.004,-2.004,-0.0,-2.004,0.0,0.0,0.0,0.0,5438.0,0.0,6949.0,0.0,-0.0,-107615280.0,-0.0,0.0,0.0,0.0,0.0,63,0.0,-0.0,0.0,0.0,0.0,0.0,0.0,0.0,0.0,0,0,0,0.0,0.0,0.0,0.0,0.0,0.0,0.0,0.0,0.0,0.0,0.0,0.0,0.0,0.0,0.0,0.0,0,-107875648.0,63,0.0,126,2.7184242562605685e+23,-0.0,ERR,ERR,ERR,ERR,ERR,ERR,ERR,ERR,ERR,ERR,ERR,ERR,ERR,ERR,ERR,ERR,ERR,ERR,ERR,ERR,ERR,ERR,ERR,ERR,ERR,ERR,ERR,ERR,ERR,ERR,ERR,ERR,ERR,ERR,ERR,ERR,ERR,ERR,ERR,ERR,ERR,ERR,ERR,ERR,ERR,ERR,ERR,ERR,ERR,ERR,ERR,ERR,ERR,ERR,ERR,ERR,ERR,ERR,ERR,ERR,ERR,ERR,ERR,ERR,ERR,ERR,ERR,34.0,80.0,35,0.0,0.0,0.0,0.0,0.0,0.0,0.0,0.0,0.0,0.0,0.0,0.0,0.0,0.0,0.0,0.0,64.4,0,116,56,50,65476,0,300,0,0,8,20529,65476,0,0,57672,80.0,0.0,0.0,0.0,0.0,0.0
2026-06-17T04:37:14,ERR,ERR,ERR,ERR,ERR,ERR,ERR,ERR,ERR,ERR,ERR,ERR,ERR,ERR,ERR,ERR,ERR,ERR,ERR,ERR,ERR,ERR,ERR,ERR,ERR,ERR,ERR,ERR,ERR,ERR,ERR,ERR,ERR,ERR,ERR,ERR,ERR,ERR,ERR,ERR,ERR,ERR,ERR,ERR,ERR,ERR,ERR,ERR,ERR,ERR,ERR,ERR,ERR,ERR,ERR,ERR,ERR,ERR,ERR,ERR,ERR,ERR,ERR,ERR,ERR,ERR,ERR,ERR,ERR,ERR,ERR,ERR,ERR,ERR,ERR,ERR,ERR,ERR,ERR,ERR,ERR,ERR,ERR,ERR,ERR,ERR,ERR,ERR,ERR,ERR,ERR,ERR,ERR,ERR,ERR,ERR,ERR,ERR,ERR,ERR,ERR,ERR,ERR,ERR,ERR,ERR,ERR,ERR,ERR,ERR,ERR,ERR,ERR,ERR,ERR,ERR,ERR,ERR,ERR,ERR,ERR,ERR,ERR,ERR,ERR,0.0,-0.0,3.028208139652935e+23,0.0,0.0,1.3936040501711995e+18,7.805,0.0,0,0,4,0,7300,-0.0,0,0.0,0.0,0.0,0.0,0.0,0,0,0,0,0.0,0,0,0,0,0,0,0,0,0,0,0,0,0,0,0,0,0,0,0,0,0,0,0,0,0,0,0,0,0,0,0,0,0,32,30,30,62,65476,0,300,0,0,8,21553,0.0,-107605600.0,0.0,0.0,0.0,0.0,0.0,0.0,0.0,0.0,0.0,0.0,0.0,0.0,0.0,0.0,0.0,0.0,0.0,0.0,0.0,0.0,2.004,-2.004,-0.0,-2.004,0.0,0.0,0.0,0.0,5438.0,0.0,6949.0,0.0,-0.0,-107615280.0,-0.0,0.0,0.0,0.0,0.0,63,0.0,-0.0,0.0,0.0,0.0,0.0,0.0,0.0,0.0,0,0,0,0.0,0.0,0.0,0.0,0.0,0.0,0.0,0.0,0.0,0.0,0.0,0.0,0.0,0.0,0.0,0.0,0,-107875648.0,63,0.0,126,2.7184242562605685e+23,-0.0,ERR,ERR,ERR,ERR,ERR,ERR,ERR,ERR,ERR,ERR,ERR,ERR,ERR,ERR,ERR,ERR,ERR,ERR,ERR,ERR,ERR,ERR,ERR,ERR,ERR,ERR,ERR,ERR,ERR,ERR,ERR,ERR,ERR,ERR,ERR,ERR,ERR,ERR,ERR,ERR,ERR,ERR,ERR,ERR,ERR,ERR,ERR,ERR,ERR,ERR,ERR,ERR,ERR,ERR,ERR,ERR,ERR,ERR,ERR,ERR,ERR,ERR,ERR,ERR,ERR,ERR,ERR,34.0,80.0,35,0.0,0.0,0.0,0.0,0.0,0.0,0.0,0.0,0.0,0.0,0.0,0.0,0.0,0.0,0.0,0.0,64.4,0,116,56,50,65476,0,300,0,0,8,20529,65476,0,0,57672,80.0,0.0,0.0,0.0,0.0,0.0
2026-06-17T04:37:15,ERR,ERR,ERR,ERR,ERR,ERR,ERR,ERR,ERR,ERR,ERR,ERR,ERR,ERR,ERR,ERR,ERR,ERR,ERR,ERR,ERR,ERR,ERR,ERR,ERR,ERR,ERR,ERR,ERR,ERR,ERR,ERR,ERR,ERR,ERR,ERR,ERR,ERR,ERR,ERR,ERR,ERR,ERR,ERR,ERR,ERR,ERR,ERR,ERR,ERR,ERR,ERR,ERR,ERR,ERR,ERR,ERR,ERR,ERR,ERR,ERR,ERR,ERR,ERR,ERR,ERR,ERR,ERR,ERR,ERR,ERR,ERR,ERR,ERR,ERR,ERR,ERR,ERR,ERR,ERR,ERR,ERR,ERR,ERR,ERR,ERR,ERR,ERR,ERR,ERR,ERR,ERR,ERR,ERR,ERR,ERR,ERR,ERR,ERR,ERR,ERR,ERR,ERR,ERR,ERR,ERR,ERR,ERR,ERR,ERR,ERR,ERR,ERR,ERR,ERR,ERR,ERR,ERR,ERR,ERR,ERR,ERR,ERR,ERR,ERR,0.0,-0.0,3.028208139652935e+23,0.0,0.0,1.3936040501711995e+18,7.805,0.0,0,0,4,0,7300,-0.0,0,0.0,0.0,0.0,0.0,0.0,0,0,0,0,0.0,0,0,0,0,0,0,0,0,0,0,0,0,0,0,0,0,0,0,0,0,0,0,0,0,0,0,0,0,0,0,0,0,0,32,30,30,62,65476,0,300,0,0,8,21553,0.0,-107605600.0,0.0,0.0,0.0,0.0,0.0,0.0,0.0,0.0,0.0,0.0,0.0,0.0,0.0,0.0,0.0,0.0,0.0,0.0,0.0,0.0,2.004,-2.004,-0.0,-2.004,0.0,0.0,0.0,0.0,5438.0,0.0,6949.0,0.0,-0.0,-107615280.0,-0.0,0.0,0.0,0.0,0.0,63,0.0,-0.0,0.0,0.0,0.0,0.0,0.0,0.0,0.0,0,0,0,0.0,0.0,0.0,0.0,0.0,0.0,0.0,0.0,0.0,0.0,0.0,0.0,0.0,0.0,0.0,0.0,0,-107875648.0,63,0.0,126,2.7184242562605685e+23,-0.0,ERR,ERR,ERR,ERR,ERR,ERR,ERR,ERR,ERR,ERR,ERR,ERR,ERR,ERR,ERR,ERR,ERR,ERR,ERR,ERR,ERR,ERR,ERR,ERR,ERR,ERR,ERR,ERR,ERR,ERR,ERR,ERR,ERR,ERR,ERR,ERR,ERR,ERR,ERR,ERR,ERR,ERR,ERR,ERR,ERR,ERR,ERR,ERR,ERR,ERR,ERR,ERR,ERR,ERR,ERR,ERR,ERR,ERR,ERR,ERR,ERR,ERR,ERR,ERR,ERR,ERR,ERR,34.0,80.0,35,0.0,0.0,0.0,0.0,0.0,0.0,0.0,0.0,0.0,0.0,0.0,0.0,0.0,0.0,0.0,0.0,64.8,0,116,56,49,65476,0,300,0,0,8,20529,65476,0,0,57672,80.0,0.0,0.0,0.0,0.0,0.0
2026-06-17T04:37:16,ERR,ERR,ERR,ERR,ERR,ERR,ERR,ERR,ERR,ERR,ERR,ERR,ERR,ERR,ERR,ERR,ERR,ERR,ERR,ERR,ERR,ERR,ERR,ERR,ERR,ERR,ERR,ERR,ERR,ERR,ERR,ERR,ERR,ERR,ERR,ERR,ERR,ERR,ERR,ERR,ERR,ERR,ERR,ERR,ERR,ERR,ERR,ERR,ERR,ERR,ERR,ERR,ERR,ERR,ERR,ERR,ERR,ERR,ERR,ERR,ERR,ERR,ERR,ERR,ERR,ERR,ERR,ERR,ERR,ERR,ERR,ERR,ERR,ERR,ERR,ERR,ERR,ERR,ERR,ERR,ERR,ERR,ERR,ERR,ERR,ERR,ERR,ERR,ERR,ERR,ERR,ERR,ERR,ERR,ERR,ERR,ERR,ERR,ERR,ERR,ERR,ERR,ERR,ERR,ERR,ERR,ERR,ERR,ERR,ERR,ERR,ERR,ERR,ERR,ERR,ERR,ERR,ERR,ERR,ERR,ERR,ERR,ERR,ERR,ERR,0.0,-0.0,3.028208139652935e+23,0.0,0.0,1.3936040501711995e+18,7.805,0.0,0,0,4,0,7300,-0.0,0,0.0,0.0,0.0,0.0,0.0,0,0,0,0,0.0,0,0,0,0,0,0,0,0,0,0,0,0,0,0,0,0,0,0,0,0,0,0,0,0,0,0,0,0,0,0,0,0,0,32,30,30,62,65476,0,300,0,0,8,21553,0.0,-107605600.0,0.0,0.0,0.0,0.0,0.0,0.0,0.0,0.0,0.0,0.0,0.0,0.0,0.0,0.0,0.0,0.0,0.0,0.0,0.0,0.0,2.004,-2.004,-0.0,-2.004,0.0,0.0,0.0,0.0,5438.0,0.0,6949.0,0.0,-0.0,-107615280.0,-0.0,0.0,0.0,0.0,0.0,63,0.0,-0.0,0.0,0.0,0.0,0.0,0.0,0.0,0.0,0,0,0,0.0,0.0,0.0,0.0,0.0,0.0,0.0,0.0,0.0,0.0,0.0,0.0,0.0,0.0,0.0,0.0,0,-107875648.0,63,0.0,126,2.7184242562605685e+23,-0.0,ERR,ERR,ERR,ERR,ERR,ERR,ERR,ERR,ERR,ERR,ERR,ERR,ERR,ERR,ERR,ERR,ERR,ERR,ERR,ERR,ERR,ERR,ERR,ERR,ERR,ERR,ERR,ERR,ERR,ERR,ERR,ERR,ERR,ERR,ERR,ERR,ERR,ERR,ERR,ERR,ERR,ERR,ERR,ERR,ERR,ERR,ERR,ERR,ERR,ERR,ERR,ERR,ERR,ERR,ERR,ERR,ERR,ERR,ERR,ERR,ERR,ERR,ERR,ERR,ERR,ERR,ERR,34.0,80.0,35,0.0,0.0,0.0,0.0,0.0,0.0,0.0,0.0,0.0,0.0,0.0,0.0,0.0,0.0,0.0,0.0,64.4,0,116,56,49,65476,0,300,0,0,8,20529,65476,0,0,57672,80.0,0.0,0.0,0.0,0.0,0.0
2026-06-17T04:37:17,ERR,ERR,ERR,ERR,ERR,ERR,ERR,ERR,ERR,ERR,ERR,ERR,ERR,ERR,ERR,ERR,ERR,ERR,ERR,ERR,ERR,ERR,ERR,ERR,ERR,ERR,ERR,ERR,ERR,ERR,ERR,ERR,ERR,ERR,ERR,ERR,ERR,ERR,ERR,ERR,ERR,ERR,ERR,ERR,ERR,ERR,ERR,ERR,ERR,ERR,ERR,ERR,ERR,ERR,ERR,ERR,ERR,ERR,ERR,ERR,ERR,ERR,ERR,ERR,ERR,ERR,ERR,ERR,ERR,ERR,ERR,ERR,ERR,ERR,ERR,ERR,ERR,ERR,ERR,ERR,ERR,ERR,ERR,ERR,ERR,ERR,ERR,ERR,ERR,ERR,ERR,ERR,ERR,ERR,ERR,ERR,ERR,ERR,ERR,ERR,ERR,ERR,ERR,ERR,ERR,ERR,ERR,ERR,ERR,ERR,ERR,ERR,ERR,ERR,ERR,ERR,ERR,ERR,ERR,ERR,ERR,ERR,ERR,ERR,ERR,0.0,-0.0,3.028208139652935e+23,0.0,0.0,1.3936040501711995e+18,7.805,0.0,0,0,4,0,7300,-0.0,0,0.0,0.0,0.0,0.0,0.0,0,0,0,0,0.0,0,0,0,0,0,0,0,0,0,0,0,0,0,0,0,0,0,0,0,0,0,0,0,0,0,0,0,0,0,0,0,0,0,32,30,30,62,65476,0,300,0,0,8,21553,0.0,-107605600.0,0.0,0.0,0.0,0.0,0.0,0.0,0.0,0.0,0.0,0.0,0.0,0.0,0.0,0.0,0.0,0.0,0.0,0.0,0.0,0.0,2.004,-2.004,-0.0,-2.004,0.0,0.0,0.0,0.0,5438.0,0.0,6949.0,0.0,-0.0,-107615280.0,-0.0,0.0,0.0,0.0,0.0,63,0.0,-0.0,0.0,0.0,0.0,0.0,0.0,0.0,0.0,0,0,0,0.0,0.0,0.0,0.0,0.0,0.0,0.0,0.0,0.0,0.0,0.0,0.0,0.0,0.0,0.0,0.0,0,-107875648.0,63,0.0,126,2.7184242562605685e+23,-0.0,ERR,ERR,ERR,ERR,ERR,ERR,ERR,ERR,ERR,ERR,ERR,ERR,ERR,ERR,ERR,ERR,ERR,ERR,ERR,ERR,ERR,ERR,ERR,ERR,ERR,ERR,ERR,ERR,ERR,ERR,ERR,ERR,ERR,ERR,ERR,ERR,ERR,ERR,ERR,ERR,ERR,ERR,ERR,ERR,ERR,ERR,ERR,ERR,ERR,ERR,ERR,ERR,ERR,ERR,ERR,ERR,ERR,ERR,ERR,ERR,ERR,ERR,ERR,ERR,ERR,ERR,ERR,34.0,80.0,35,0.0,0.0,0.0,0.0,0.0,0.0,0.0,0.0,0.0,0.0,0.0,0.0,0.0,0.0,0.0,0.0,64.4,0,116,56,49,65476,0,300,0,0,8,20529,65476,0,0,57672,80.0,0.0,0.0,0.0,0.0,0.0
2026-06-17T04:37:18,ERR,ERR,ERR,ERR,ERR,ERR,ERR,ERR,ERR,ERR,ERR,ERR,ERR,ERR,ERR,ERR,ERR,ERR,ERR,ERR,ERR,ERR,ERR,ERR,ERR,ERR,ERR,ERR,ERR,ERR,ERR,ERR,ERR,ERR,ERR,ERR,ERR,ERR,ERR,ERR,ERR,ERR,ERR,ERR,ERR,ERR,ERR,ERR,ERR,ERR,ERR,ERR,ERR,ERR,ERR,ERR,ERR,ERR,ERR,ERR,ERR,ERR,ERR,ERR,ERR,ERR,ERR,ERR,ERR,ERR,ERR,ERR,ERR,ERR,ERR,ERR,ERR,ERR,ERR,ERR,ERR,ERR,ERR,ERR,ERR,ERR,ERR,ERR,ERR,ERR,ERR,ERR,ERR,ERR,ERR,ERR,ERR,ERR,ERR,ERR,ERR,ERR,ERR,ERR,ERR,ERR,ERR,ERR,ERR,ERR,ERR,ERR,ERR,ERR,ERR,ERR,ERR,ERR,ERR,ERR,ERR,ERR,ERR,ERR,ERR,0.0,-0.0,3.028208139652935e+23,0.0,0.0,1.3936040501711995e+18,7.805,0.0,0,0,4,0,7300,-0.0,0,0.0,0.0,0.0,0.0,0.0,0,0,0,0,0.0,0,0,0,0,0,0,0,0,0,0,0,0,0,0,0,0,0,0,0,0,0,0,0,0,0,0,0,0,0,0,0,0,0,32,30,30,62,65476,0,300,0,0,8,21553,0.0,-107605600.0,0.0,0.0,0.0,0.0,0.0,0.0,0.0,0.0,0.0,0.0,0.0,0.0,0.0,0.0,0.0,0.0,0.0,0.0,0.0,0.0,2.004,-2.004,-0.0,-2.004,0.0,0.0,0.0,0.0,5438.0,0.0,6949.0,0.0,-0.0,-107615280.0,-0.0,0.0,0.0,0.0,0.0,63,0.0,-0.0,0.0,0.0,0.0,0.0,0.0,0.0,0.0,0,0,0,0.0,0.0,0.0,0.0,0.0,0.0,0.0,0.0,0.0,0.0,0.0,0.0,0.0,0.0,0.0,0.0,0,-107875648.0,63,0.0,126,2.7184242562605685e+23,-0.0,ERR,ERR,ERR,ERR,ERR,ERR,ERR,ERR,ERR,ERR,ERR,ERR,ERR,ERR,ERR,ERR,ERR,ERR,ERR,ERR,ERR,ERR,ERR,ERR,ERR,ERR,ERR,ERR,ERR,ERR,ERR,ERR,ERR,ERR,ERR,ERR,ERR,ERR,ERR,ERR,ERR,ERR,ERR,ERR,ERR,ERR,ERR,ERR,ERR,ERR,ERR,ERR,ERR,ERR,ERR,ERR,ERR,ERR,ERR,ERR,ERR,ERR,ERR,ERR,ERR,ERR,ERR,34.0,80.0,35,0.0,0.0,0.0,0.0,0.0,0.0,0.0,0.0,0.0,0.0,0.0,0.0,0.0,0.0,0.0,0.0,64.4,0,116,56,50,65476,0,300,0,0,8,20529,65476,0,0,57672,80.0,0.0,0.0,0.0,0.0,0.0
2026-06-17T04:37:19,ERR,ERR,ERR,ERR,ERR,ERR,ERR,ERR,ERR,ERR,ERR,ERR,ERR,ERR,ERR,ERR,ERR,ERR,ERR,ERR,ERR,ERR,ERR,ERR,ERR,ERR,ERR,ERR,ERR,ERR,ERR,ERR,ERR,ERR,ERR,ERR,ERR,ERR,ERR,ERR,ERR,ERR,ERR,ERR,ERR,ERR,ERR,ERR,ERR,ERR,ERR,ERR,ERR,ERR,ERR,ERR,ERR,ERR,ERR,ERR,ERR,ERR,ERR,ERR,ERR,ERR,ERR,ERR,ERR,ERR,ERR,ERR,ERR,ERR,ERR,ERR,ERR,ERR,ERR,ERR,ERR,ERR,ERR,ERR,ERR,ERR,ERR,ERR,ERR,ERR,ERR,ERR,ERR,ERR,ERR,ERR,ERR,ERR,ERR,ERR,ERR,ERR,ERR,ERR,ERR,ERR,ERR,ERR,ERR,ERR,ERR,ERR,ERR,ERR,ERR,ERR,ERR,ERR,ERR,ERR,ERR,ERR,ERR,ERR,ERR,0.0,-0.0,3.028208139652935e+23,0.0,0.0,1.3936040501711995e+18,7.805,0.0,0,0,4,0,7300,-0.0,0,0.0,0.0,0.0,0.0,0.0,0,0,0,0,0.0,0,0,0,0,0,0,0,0,0,0,0,0,0,0,0,0,0,0,0,0,0,0,0,0,0,0,0,0,0,0,0,0,0,32,30,30,62,65476,0,300,0,0,8,21553,0.0,-107605600.0,0.0,0.0,0.0,0.0,0.0,0.0,0.0,0.0,0.0,0.0,0.0,0.0,0.0,0.0,0.0,0.0,0.0,0.0,0.0,0.0,2.004,-2.004,-0.0,-2.004,0.0,0.0,0.0,0.0,5438.0,0.0,6949.0,0.0,-0.0,-107615280.0,-0.0,0.0,0.0,0.0,0.0,63,0.0,-0.0,0.0,0.0,0.0,0.0,0.0,0.0,0.0,0,0,0,0.0,0.0,0.0,0.0,0.0,0.0,0.0,0.0,0.0,0.0,0.0,0.0,0.0,0.0,0.0,0.0,0,-107875648.0,63,0.0,126,2.7184242562605685e+23,-0.0,ERR,ERR,ERR,ERR,ERR,ERR,ERR,ERR,ERR,ERR,ERR,ERR,ERR,ERR,ERR,ERR,ERR,ERR,ERR,ERR,ERR,ERR,ERR,ERR,ERR,ERR,ERR,ERR,ERR,ERR,ERR,ERR,ERR,ERR,ERR,ERR,ERR,ERR,ERR,ERR,ERR,ERR,ERR,ERR,ERR,ERR,ERR,ERR,ERR,ERR,ERR,ERR,ERR,ERR,ERR,ERR,ERR,ERR,ERR,ERR,ERR,ERR,ERR,ERR,ERR,ERR,ERR,34.0,80.0,35,0.0,0.0,0.0,0.0,0.0,0.0,0.0,0.0,0.0,0.0,0.0,0.0,0.0,0.0,0.0,0.0,64.4,0,116,56,50,65476,0,300,0,0,8,20529,65476,0,0,57672,80.0,0.0,0.0,0.0,0.0,0.0
2026-06-17T04:37:20,ERR,ERR,ERR,ERR,ERR,ERR,ERR,ERR,ERR,ERR,ERR,ERR,ERR,ERR,ERR,ERR,ERR,ERR,ERR,ERR,ERR,ERR,ERR,ERR,ERR,ERR,ERR,ERR,ERR,ERR,ERR,ERR,ERR,ERR,ERR,ERR,ERR,ERR,ERR,ERR,ERR,ERR,ERR,ERR,ERR,ERR,ERR,ERR,ERR,ERR,ERR,ERR,ERR,ERR,ERR,ERR,ERR,ERR,ERR,ERR,ERR,ERR,ERR,ERR,ERR,ERR,ERR,ERR,ERR,ERR,ERR,ERR,ERR,ERR,ERR,ERR,ERR,ERR,ERR,ERR,ERR,ERR,ERR,ERR,ERR,ERR,ERR,ERR,ERR,ERR,ERR,ERR,ERR,ERR,ERR,ERR,ERR,ERR,ERR,ERR,ERR,ERR,ERR,ERR,ERR,ERR,ERR,ERR,ERR,ERR,ERR,ERR,ERR,ERR,ERR,ERR,ERR,ERR,ERR,ERR,ERR,ERR,ERR,ERR,ERR,0.0,-0.0,3.028208139652935e+23,0.0,0.0,1.3936040501711995e+18,7.805,0.0,0,0,4,0,7300,-0.0,0,0.0,0.0,0.0,0.0,0.0,0,0,0,0,0.0,0,0,0,0,0,0,0,0,0,0,0,0,0,0,0,0,0,0,0,0,0,0,0,0,0,0,0,0,0,0,0,0,0,32,30,30,62,65476,0,300,0,0,8,21553,0.0,-107605600.0,0.0,0.0,0.0,0.0,0.0,0.0,0.0,0.0,0.0,0.0,0.0,0.0,0.0,0.0,0.0,0.0,0.0,0.0,0.0,0.0,2.004,-2.004,-0.0,-2.004,0.0,0.0,0.0,0.0,5438.0,0.0,6949.0,0.0,-0.0,-107615280.0,-0.0,0.0,0.0,0.0,0.0,63,0.0,-0.0,0.0,0.0,0.0,0.0,0.0,0.0,0.0,0,0,0,0.0,0.0,0.0,0.0,0.0,0.0,0.0,0.0,0.0,0.0,0.0,0.0,0.0,0.0,0.0,0.0,0,-107875648.0,63,0.0,126,2.7184242562605685e+23,-0.0,ERR,ERR,ERR,ERR,ERR,ERR,ERR,ERR,ERR,ERR,ERR,ERR,ERR,ERR,ERR,ERR,ERR,ERR,ERR,ERR,ERR,ERR,ERR,ERR,ERR,ERR,ERR,ERR,ERR,ERR,ERR,ERR,ERR,ERR,ERR,ERR,ERR,ERR,ERR,ERR,ERR,ERR,ERR,ERR,ERR,ERR,ERR,ERR,ERR,ERR,ERR,ERR,ERR,ERR,ERR,ERR,ERR,ERR,ERR,ERR,ERR,ERR,ERR,ERR,ERR,ERR,ERR,34.0,80.0,35,0.0,0.0,0.0,0.0,0.0,0.0,0.0,0.0,0.0,0.0,0.0,0.0,0.0,0.0,0.0,0.0,64.4,0,116,56,49,65476,0,300,0,0,8,20529,65476,0,0,57672,80.0,0.0,0.0,0.0,0.0,0.0
2026-06-17T04:37:21,ERR,ERR,ERR,ERR,ERR,ERR,ERR,ERR,ERR,ERR,ERR,ERR,ERR,ERR,ERR,ERR,ERR,ERR,ERR,ERR,ERR,ERR,ERR,ERR,ERR,ERR,ERR,ERR,ERR,ERR,ERR,ERR,ERR,ERR,ERR,ERR,ERR,ERR,ERR,ERR,ERR,ERR,ERR,ERR,ERR,ERR,ERR,ERR,ERR,ERR,ERR,ERR,ERR,ERR,ERR,ERR,ERR,ERR,ERR,ERR,ERR,ERR,ERR,ERR,ERR,ERR,ERR,ERR,ERR,ERR,ERR,ERR,ERR,ERR,ERR,ERR,ERR,ERR,ERR,ERR,ERR,ERR,ERR,ERR,ERR,ERR,ERR,ERR,ERR,ERR,ERR,ERR,ERR,ERR,ERR,ERR,ERR,ERR,ERR,ERR,ERR,ERR,ERR,ERR,ERR,ERR,ERR,ERR,ERR,ERR,ERR,ERR,ERR,ERR,ERR,ERR,ERR,ERR,ERR,ERR,ERR,ERR,ERR,ERR,ERR,0.0,-0.0,3.028208139652935e+23,0.0,0.0,1.3936040501711995e+18,7.805,0.0,0,0,4,0,7300,-0.0,0,0.0,0.0,0.0,0.0,0.0,0,0,0,0,0.0,0,0,0,0,0,0,0,0,0,0,0,0,0,0,0,0,0,0,0,0,0,0,0,0,0,0,0,0,0,0,0,0,0,32,30,30,62,65476,0,300,0,0,8,21553,0.0,-107605600.0,0.0,0.0,0.0,0.0,0.0,0.0,0.0,0.0,0.0,0.0,0.0,0.0,0.0,0.0,0.0,0.0,0.0,0.0,0.0,0.0,2.004,-2.004,-0.0,-2.004,0.0,0.0,0.0,0.0,5438.0,0.0,6949.0,0.0,-0.0,-107615280.0,-0.0,0.0,0.0,0.0,0.0,63,0.0,-0.0,0.0,0.0,0.0,0.0,0.0,0.0,0.0,0,0,0,0.0,0.0,0.0,0.0,0.0,0.0,0.0,0.0,0.0,0.0,0.0,0.0,0.0,0.0,0.0,0.0,0,-107875648.0,63,0.0,126,2.7184242562605685e+23,-0.0,ERR,ERR,ERR,ERR,ERR,ERR,ERR,ERR,ERR,ERR,ERR,ERR,ERR,ERR,ERR,ERR,ERR,ERR,ERR,ERR,ERR,ERR,ERR,ERR,ERR,ERR,ERR,ERR,ERR,ERR,ERR,ERR,ERR,ERR,ERR,ERR,ERR,ERR,ERR,ERR,ERR,ERR,ERR,ERR,ERR,ERR,ERR,ERR,ERR,ERR,ERR,ERR,ERR,ERR,ERR,ERR,ERR,ERR,ERR,ERR,ERR,ERR,ERR,ERR,ERR,ERR,ERR,34.0,80.0,35,0.0,0.0,0.0,0.0,0.0,0.0,0.0,0.0,0.0,0.0,0.0,0.0,0.0,0.0,0.0,0.0,64.4,0,116,56,49,65476,0,300,0,0,8,20529,65476,0,0,57672,80.0,0.0,0.0,0.0,0.0,0.0
2026-06-17T04:37:22,ERR,ERR,ERR,ERR,ERR,ERR,ERR,ERR,ERR,ERR,ERR,ERR,ERR,ERR,ERR,ERR,ERR,ERR,ERR,ERR,ERR,ERR,ERR,ERR,ERR,ERR,ERR,ERR,ERR,ERR,ERR,ERR,ERR,ERR,ERR,ERR,ERR,ERR,ERR,ERR,ERR,ERR,ERR,ERR,ERR,ERR,ERR,ERR,ERR,ERR,ERR,ERR,ERR,ERR,ERR,ERR,ERR,ERR,ERR,ERR,ERR,ERR,ERR,ERR,ERR,ERR,ERR,ERR,ERR,ERR,ERR,ERR,ERR,ERR,ERR,ERR,ERR,ERR,ERR,ERR,ERR,ERR,ERR,ERR,ERR,ERR,ERR,ERR,ERR,ERR,ERR,ERR,ERR,ERR,ERR,ERR,ERR,ERR,ERR,ERR,ERR,ERR,ERR,ERR,ERR,ERR,ERR,ERR,ERR,ERR,ERR,ERR,ERR,ERR,ERR,ERR,ERR,ERR,ERR,ERR,ERR,ERR,ERR,ERR,ERR,0.0,-0.0,3.028208139652935e+23,0.0,0.0,1.3936040501711995e+18,7.805,0.0,0,0,4,0,7300,-0.0,0,0.0,0.0,0.0,0.0,0.0,0,0,0,0,0.0,0,0,0,0,0,0,0,0,0,0,0,0,0,0,0,0,0,0,0,0,0,0,0,0,0,0,0,0,0,0,0,0,0,32,30,30,62,65476,0,300,0,0,8,21553,0.0,-107605600.0,0.0,0.0,0.0,0.0,0.0,0.0,0.0,0.0,0.0,0.0,0.0,0.0,0.0,0.0,0.0,0.0,0.0,0.0,0.0,0.0,2.004,-2.004,-0.0,-2.004,0.0,0.0,0.0,0.0,5438.0,0.0,6949.0,0.0,-0.0,-107615280.0,-0.0,0.0,0.0,0.0,0.0,63,0.0,-0.0,0.0,0.0,0.0,0.0,0.0,0.0,0.0,0,0,0,0.0,0.0,0.0,0.0,0.0,0.0,0.0,0.0,0.0,0.0,0.0,0.0,0.0,0.0,0.0,0.0,0,-107875648.0,63,0.0,126,2.7184242562605685e+23,-0.0,ERR,ERR,ERR,ERR,ERR,ERR,ERR,ERR,ERR,ERR,ERR,ERR,ERR,ERR,ERR,ERR,ERR,ERR,ERR,ERR,ERR,ERR,ERR,ERR,ERR,ERR,ERR,ERR,ERR,ERR,ERR,ERR,ERR,ERR,ERR,ERR,ERR,ERR,ERR,ERR,ERR,ERR,ERR,ERR,ERR,ERR,ERR,ERR,ERR,ERR,ERR,ERR,ERR,ERR,ERR,ERR,ERR,ERR,ERR,ERR,ERR,ERR,ERR,ERR,ERR,ERR,ERR,34.0,80.0,35,0.0,0.0,0.0,0.0,0.0,0.0,0.0,0.0,0.0,0.0,0.0,0.0,0.0,0.0,0.0,0.0,64.4,0,116,56,50,65476,0,300,0,0,8,20529,65476,0,0,57672,80.0,0.0,0.0,0.0,0.0,0.0
2026-06-17T04:37:23,ERR,ERR,ERR,ERR,ERR,ERR,ERR,ERR,ERR,ERR,ERR,ERR,ERR,ERR,ERR,ERR,ERR,ERR,ERR,ERR,ERR,ERR,ERR,ERR,ERR,ERR,ERR,ERR,ERR,ERR,ERR,ERR,ERR,ERR,ERR,ERR,ERR,ERR,ERR,ERR,ERR,ERR,ERR,ERR,ERR,ERR,ERR,ERR,ERR,ERR,ERR,ERR,ERR,ERR,ERR,ERR,ERR,ERR,ERR,ERR,ERR,ERR,ERR,ERR,ERR,ERR,ERR,ERR,ERR,ERR,ERR,ERR,ERR,ERR,ERR,ERR,ERR,ERR,ERR,ERR,ERR,ERR,ERR,ERR,ERR,ERR,ERR,ERR,ERR,ERR,ERR,ERR,ERR,ERR,ERR,ERR,ERR,ERR,ERR,ERR,ERR,ERR,ERR,ERR,ERR,ERR,ERR,ERR,ERR,ERR,ERR,ERR,ERR,ERR,ERR,ERR,ERR,ERR,ERR,ERR,ERR,ERR,ERR,ERR,ERR,0.0,-0.0,3.028208139652935e+23,0.0,0.0,1.3936040501711995e+18,7.805,0.0,0,0,4,0,7300,-0.0,0,0.0,0.0,0.0,0.0,0.0,0,0,0,0,0.0,0,0,0,0,0,0,0,0,0,0,0,0,0,0,0,0,0,0,0,0,0,0,0,0,0,0,0,0,0,0,0,0,0,32,30,30,62,65476,0,300,0,0,8,21553,0.0,-107605600.0,0.0,0.0,0.0,0.0,0.0,0.0,0.0,0.0,0.0,0.0,0.0,0.0,0.0,0.0,0.0,0.0,0.0,0.0,0.0,0.0,2.004,-2.004,-0.0,-2.004,0.0,0.0,0.0,0.0,5433.0,0.0,6949.0,0.0,-0.0,-107615280.0,-0.0,0.0,0.0,0.0,0.0,63,0.0,-0.0,0.0,0.0,0.0,0.0,0.0,0.0,0.0,0,0,0,0.0,0.0,0.0,0.0,0.0,0.0,0.0,0.0,0.0,0.0,0.0,0.0,0.0,0.0,0.0,0.0,0,-107875648.0,63,0.0,126,2.7184242562605685e+23,-0.0,ERR,ERR,ERR,ERR,ERR,ERR,ERR,ERR,ERR,ERR,ERR,ERR,ERR,ERR,ERR,ERR,ERR,ERR,ERR,ERR,ERR,ERR,ERR,ERR,ERR,ERR,ERR,ERR,ERR,ERR,ERR,ERR,ERR,ERR,ERR,ERR,ERR,ERR,ERR,ERR,ERR,ERR,ERR,ERR,ERR,ERR,ERR,ERR,ERR,ERR,ERR,ERR,ERR,ERR,ERR,ERR,ERR,ERR,ERR,ERR,ERR,ERR,ERR,ERR,ERR,ERR,ERR,34.0,80.0,35,0.0,0.0,0.0,0.0,0.0,0.0,0.0,0.0,0.0,0.0,0.0,0.0,0.0,0.0,0.0,0.0,64.4,0,116,56,49,65476,0,300,0,0,8,20529,65476,0,0,57672,80.0,0.0,0.0,0.0,0.0,0.0
2026-06-17T04:37:24,ERR,ERR,ERR,ERR,ERR,ERR,ERR,ERR,ERR,ERR,ERR,ERR,ERR,ERR,ERR,ERR,ERR,ERR,ERR,ERR,ERR,ERR,ERR,ERR,ERR,ERR,ERR,ERR,ERR,ERR,ERR,ERR,ERR,ERR,ERR,ERR,ERR,ERR,ERR,ERR,ERR,ERR,ERR,ERR,ERR,ERR,ERR,ERR,ERR,ERR,ERR,ERR,ERR,ERR,ERR,ERR,ERR,ERR,ERR,ERR,ERR,ERR,ERR,ERR,ERR,ERR,ERR,ERR,ERR,ERR,ERR,ERR,ERR,ERR,ERR,ERR,ERR,ERR,ERR,ERR,ERR,ERR,ERR,ERR,ERR,ERR,ERR,ERR,ERR,ERR,ERR,ERR,ERR,ERR,ERR,ERR,ERR,ERR,ERR,ERR,ERR,ERR,ERR,ERR,ERR,ERR,ERR,ERR,ERR,ERR,ERR,ERR,ERR,ERR,ERR,ERR,ERR,ERR,ERR,ERR,ERR,ERR,ERR,ERR,ERR,0.0,-0.0,3.028208139652935e+23,0.0,0.0,1.3936040501711995e+18,7.805,0.0,0,0,4,0,7300,-0.0,0,0.0,0.0,0.0,0.0,0.0,0,0,0,0,0.0,0,0,0,0,0,0,0,0,0,0,0,0,0,0,0,0,0,0,0,0,0,0,0,0,0,0,0,0,0,0,0,0,0,32,30,30,62,65476,0,300,0,0,8,21553,0.0,-107605600.0,0.0,0.0,0.0,0.0,0.0,0.0,0.0,0.0,0.0,0.0,0.0,0.0,0.0,0.0,0.0,0.0,0.0,0.0,0.0,0.0,2.004,-2.004,-0.0,-2.004,0.0,0.0,0.0,0.0,5433.0,0.0,6949.0,0.0,-0.0,-107615280.0,-0.0,0.0,0.0,0.0,0.0,63,0.0,-0.0,0.0,0.0,0.0,0.0,0.0,0.0,0.0,0,0,0,0.0,0.0,0.0,0.0,0.0,0.0,0.0,0.0,0.0,0.0,0.0,0.0,0.0,0.0,0.0,0.0,0,-107875648.0,63,0.0,126,2.7184242562605685e+23,-0.0,ERR,ERR,ERR,ERR,ERR,ERR,ERR,ERR,ERR,ERR,ERR,ERR,ERR,ERR,ERR,ERR,ERR,ERR,ERR,ERR,ERR,ERR,ERR,ERR,ERR,ERR,ERR,ERR,ERR,ERR,ERR,ERR,ERR,ERR,ERR,ERR,ERR,ERR,ERR,ERR,ERR,ERR,ERR,ERR,ERR,ERR,ERR,ERR,ERR,ERR,ERR,ERR,ERR,ERR,ERR,ERR,ERR,ERR,ERR,ERR,ERR,ERR,ERR,ERR,ERR,ERR,ERR,34.0,80.0,35,0.0,0.0,0.0,0.0,0.0,0.0,0.0,0.0,0.0,0.0,0.0,0.0,0.0,0.0,0.0,0.0,64.4,0,116,56,49,65476,0,300,0,0,8,20529,65476,0,0,57672,80.0,0.0,0.0,0.0,0.0,0.0
2026-06-17T04:37:25,ERR,ERR,ERR,ERR,ERR,ERR,ERR,ERR,ERR,ERR,ERR,ERR,ERR,ERR,ERR,ERR,ERR,ERR,ERR,ERR,ERR,ERR,ERR,ERR,ERR,ERR,ERR,ERR,ERR,ERR,ERR,ERR,ERR,ERR,ERR,ERR,ERR,ERR,ERR,ERR,ERR,ERR,ERR,ERR,ERR,ERR,ERR,ERR,ERR,ERR,ERR,ERR,ERR,ERR,ERR,ERR,ERR,ERR,ERR,ERR,ERR,ERR,ERR,ERR,ERR,ERR,ERR,ERR,ERR,ERR,ERR,ERR,ERR,ERR,ERR,ERR,ERR,ERR,ERR,ERR,ERR,ERR,ERR,ERR,ERR,ERR,ERR,ERR,ERR,ERR,ERR,ERR,ERR,ERR,ERR,ERR,ERR,ERR,ERR,ERR,ERR,ERR,ERR,ERR,ERR,ERR,ERR,ERR,ERR,ERR,ERR,ERR,ERR,ERR,ERR,ERR,ERR,ERR,ERR,ERR,ERR,ERR,ERR,ERR,ERR,0.0,-0.0,3.028208139652935e+23,0.0,0.0,1.3936040501711995e+18,7.805,0.0,0,0,4,0,7300,-0.0,0,0.0,0.0,0.0,0.0,0.0,0,0,0,0,0.0,0,0,0,0,0,0,0,0,0,0,0,0,0,0,0,0,0,0,0,0,0,0,0,0,0,0,0,0,0,0,0,0,0,32,30,30,62,65476,0,300,0,0,8,21553,0.0,-107605600.0,0.0,0.0,0.0,0.0,0.0,0.0,0.0,0.0,0.0,0.0,0.0,0.0,0.0,0.0,0.0,0.0,0.0,0.0,0.0,0.0,2.004,-2.004,-0.0,-2.004,0.0,0.0,0.0,0.0,5433.0,0.0,6949.0,0.0,-0.0,-107615280.0,-0.0,0.0,0.0,0.0,0.0,63,0.0,-0.0,0.0,0.0,0.0,0.0,0.0,0.0,0.0,0,0,0,0.0,0.0,0.0,0.0,0.0,0.0,0.0,0.0,0.0,0.0,0.0,0.0,0.0,0.0,0.0,0.0,0,-107875648.0,63,0.0,126,2.7184242562605685e+23,-0.0,ERR,ERR,ERR,ERR,ERR,ERR,ERR,ERR,ERR,ERR,ERR,ERR,ERR,ERR,ERR,ERR,ERR,ERR,ERR,ERR,ERR,ERR,ERR,ERR,ERR,ERR,ERR,ERR,ERR,ERR,ERR,ERR,ERR,ERR,ERR,ERR,ERR,ERR,ERR,ERR,ERR,ERR,ERR,ERR,ERR,ERR,ERR,ERR,ERR,ERR,ERR,ERR,ERR,ERR,ERR,ERR,ERR,ERR,ERR,ERR,ERR,ERR,ERR,ERR,ERR,ERR,ERR,34.0,80.0,35,0.0,0.0,0.0,0.0,0.0,0.0,0.0,0.0,0.0,0.0,0.0,0.0,0.0,0.0,0.0,0.0,64.8,0,116,56,49,65476,0,300,0,0,8,20529,65476,0,0,57672,80.0,0.0,0.0,0.0,0.0,0.0
2026-06-17T04:37:26,ERR,ERR,ERR,ERR,ERR,ERR,ERR,ERR,ERR,ERR,ERR,ERR,ERR,ERR,ERR,ERR,ERR,ERR,ERR,ERR,ERR,ERR,ERR,ERR,ERR,ERR,ERR,ERR,ERR,ERR,ERR,ERR,ERR,ERR,ERR,ERR,ERR,ERR,ERR,ERR,ERR,ERR,ERR,ERR,ERR,ERR,ERR,ERR,ERR,ERR,ERR,ERR,ERR,ERR,ERR,ERR,ERR,ERR,ERR,ERR,ERR,ERR,ERR,ERR,ERR,ERR,ERR,ERR,ERR,ERR,ERR,ERR,ERR,ERR,ERR,ERR,ERR,ERR,ERR,ERR,ERR,ERR,ERR,ERR,ERR,ERR,ERR,ERR,ERR,ERR,ERR,ERR,ERR,ERR,ERR,ERR,ERR,ERR,ERR,ERR,ERR,ERR,ERR,ERR,ERR,ERR,ERR,ERR,ERR,ERR,ERR,ERR,ERR,ERR,ERR,ERR,ERR,ERR,ERR,ERR,ERR,ERR,ERR,ERR,ERR,0.0,-0.0,3.028208139652935e+23,0.0,0.0,1.3936040501711995e+18,7.805,0.0,0,0,4,0,7300,-0.0,0,0.0,0.0,0.0,0.0,0.0,0,0,0,0,0.0,0,0,0,0,0,0,0,0,0,0,0,0,0,0,0,0,0,0,0,0,0,0,0,0,0,0,0,0,0,0,0,0,0,32,30,30,62,65476,0,300,0,0,8,21553,0.0,-107605600.0,0.0,0.0,0.0,0.0,0.0,0.0,0.0,0.0,0.0,0.0,0.0,0.0,0.0,0.0,0.0,0.0,0.0,0.0,0.0,0.0,2.004,-2.004,-0.0,-2.004,0.0,0.0,0.0,0.0,5433.0,0.0,6949.0,0.0,-0.0,-107615280.0,-0.0,0.0,0.0,0.0,0.0,63,0.0,-0.0,0.0,0.0,0.0,0.0,0.0,0.0,0.0,0,0,0,0.0,0.0,0.0,0.0,0.0,0.0,0.0,0.0,0.0,0.0,0.0,0.0,0.0,0.0,0.0,0.0,0,-107875648.0,63,0.0,126,2.7184242562605685e+23,-0.0,ERR,ERR,ERR,ERR,ERR,ERR,ERR,ERR,ERR,ERR,ERR,ERR,ERR,ERR,ERR,ERR,ERR,ERR,ERR,ERR,ERR,ERR,ERR,ERR,ERR,ERR,ERR,ERR,ERR,ERR,ERR,ERR,ERR,ERR,ERR,ERR,ERR,ERR,ERR,ERR,ERR,ERR,ERR,ERR,ERR,ERR,ERR,ERR,ERR,ERR,ERR,ERR,ERR,ERR,ERR,ERR,ERR,ERR,ERR,ERR,ERR,ERR,ERR,ERR,ERR,ERR,ERR,34.0,80.0,35,0.0,0.0,0.0,0.0,0.0,0.0,0.0,0.0,0.0,0.0,0.0,0.0,0.0,0.0,0.0,0.0,64.8,0,116,56,49,65476,0,300,0,0,8,20529,65476,0,0,57672,80.0,0.0,0.0,0.0,0.0,0.0
2026-06-17T04:37:27,ERR,ERR,ERR,ERR,ERR,ERR,ERR,ERR,ERR,ERR,ERR,ERR,ERR,ERR,ERR,ERR,ERR,ERR,ERR,ERR,ERR,ERR,ERR,ERR,ERR,ERR,ERR,ERR,ERR,ERR,ERR,ERR,ERR,ERR,ERR,ERR,ERR,ERR,ERR,ERR,ERR,ERR,ERR,ERR,ERR,ERR,ERR,ERR,ERR,ERR,ERR,ERR,ERR,ERR,ERR,ERR,ERR,ERR,ERR,ERR,ERR,ERR,ERR,ERR,ERR,ERR,ERR,ERR,ERR,ERR,ERR,ERR,ERR,ERR,ERR,ERR,ERR,ERR,ERR,ERR,ERR,ERR,ERR,ERR,ERR,ERR,ERR,ERR,ERR,ERR,ERR,ERR,ERR,ERR,ERR,ERR,ERR,ERR,ERR,ERR,ERR,ERR,ERR,ERR,ERR,ERR,ERR,ERR,ERR,ERR,ERR,ERR,ERR,ERR,ERR,ERR,ERR,ERR,ERR,ERR,ERR,ERR,ERR,ERR,ERR,0.0,-0.0,3.028208139652935e+23,0.0,0.0,1.3936040501711995e+18,7.805,0.0,0,0,4,0,7300,-0.0,0,0.0,0.0,0.0,0.0,0.0,0,0,0,0,0.0,0,0,0,0,0,0,0,0,0,0,0,0,0,0,0,0,0,0,0,0,0,0,0,0,0,0,0,0,0,0,0,0,0,32,30,30,62,65476,0,300,0,0,8,21553,0.0,-107605600.0,0.0,0.0,0.0,0.0,0.0,0.0,0.0,0.0,0.0,0.0,0.0,0.0,0.0,0.0,0.0,0.0,0.0,0.0,0.0,0.0,2.004,-2.004,-0.0,-2.004,0.0,0.0,0.0,0.0,5433.0,0.0,6949.0,0.0,-0.0,-107615280.0,-0.0,0.0,0.0,0.0,0.0,63,0.0,-0.0,0.0,0.0,0.0,0.0,0.0,0.0,0.0,0,0,0,0.0,0.0,0.0,0.0,0.0,0.0,0.0,0.0,0.0,0.0,0.0,0.0,0.0,0.0,0.0,0.0,0,-107875648.0,63,0.0,126,2.7184242562605685e+23,-0.0,ERR,ERR,ERR,ERR,ERR,ERR,ERR,ERR,ERR,ERR,ERR,ERR,ERR,ERR,ERR,ERR,ERR,ERR,ERR,ERR,ERR,ERR,ERR,ERR,ERR,ERR,ERR,ERR,ERR,ERR,ERR,ERR,ERR,ERR,ERR,ERR,ERR,ERR,ERR,ERR,ERR,ERR,ERR,ERR,ERR,ERR,ERR,ERR,ERR,ERR,ERR,ERR,ERR,ERR,ERR,ERR,ERR,ERR,ERR,ERR,ERR,ERR,ERR,ERR,ERR,ERR,ERR,34.0,80.0,35,0.0,0.0,0.0,0.0,0.0,0.0,0.0,0.0,0.0,0.0,0.0,0.0,0.0,0.0,0.0,0.0,64.4,0,116,56,49,65476,0,300,0,0,8,20529,65476,0,0,57672,80.0,0.0,0.0,0.0,0.0,0.0
2026-06-17T04:37:28,ERR,ERR,ERR,ERR,ERR,ERR,ERR,ERR,ERR,ERR,ERR,ERR,ERR,ERR,ERR,ERR,ERR,ERR,ERR,ERR,ERR,ERR,ERR,ERR,ERR,ERR,ERR,ERR,ERR,ERR,ERR,ERR,ERR,ERR,ERR,ERR,ERR,ERR,ERR,ERR,ERR,ERR,ERR,ERR,ERR,ERR,ERR,ERR,ERR,ERR,ERR,ERR,ERR,ERR,ERR,ERR,ERR,ERR,ERR,ERR,ERR,ERR,ERR,ERR,ERR,ERR,ERR,ERR,ERR,ERR,ERR,ERR,ERR,ERR,ERR,ERR,ERR,ERR,ERR,ERR,ERR,ERR,ERR,ERR,ERR,ERR,ERR,ERR,ERR,ERR,ERR,ERR,ERR,ERR,ERR,ERR,ERR,ERR,ERR,ERR,ERR,ERR,ERR,ERR,ERR,ERR,ERR,ERR,ERR,ERR,ERR,ERR,ERR,ERR,ERR,ERR,ERR,ERR,ERR,ERR,ERR,ERR,ERR,ERR,ERR,0.0,-0.0,3.028208139652935e+23,0.0,0.0,1.3936040501711995e+18,7.805,0.0,0,0,4,0,7300,-0.0,0,0.0,0.0,0.0,0.0,0.0,0,0,0,0,0.0,0,0,0,0,0,0,0,0,0,0,0,0,0,0,0,0,0,0,0,0,0,0,0,0,0,0,0,0,0,0,0,0,0,32,30,30,62,65476,0,300,0,0,8,21553,0.0,-107605600.0,0.0,0.0,0.0,0.0,0.0,0.0,0.0,0.0,0.0,0.0,0.0,0.0,0.0,0.0,0.0,0.0,0.0,0.0,0.0,0.0,2.004,-2.004,-0.0,-2.004,0.0,0.0,0.0,0.0,5437.0,0.0,6949.0,0.0,-0.0,-107615280.0,-0.0,0.0,0.0,0.0,0.0,63,0.0,-0.0,0.0,0.0,0.0,0.0,0.0,0.0,0.0,0,0,0,0.0,0.0,0.0,0.0,0.0,0.0,0.0,0.0,0.0,0.0,0.0,0.0,0.0,0.0,0.0,0.0,0,-107875648.0,63,0.0,126,2.7184242562605685e+23,-0.0,ERR,ERR,ERR,ERR,ERR,ERR,ERR,ERR,ERR,ERR,ERR,ERR,ERR,ERR,ERR,ERR,ERR,ERR,ERR,ERR,ERR,ERR,ERR,ERR,ERR,ERR,ERR,ERR,ERR,ERR,ERR,ERR,ERR,ERR,ERR,ERR,ERR,ERR,ERR,ERR,ERR,ERR,ERR,ERR,ERR,ERR,ERR,ERR,ERR,ERR,ERR,ERR,ERR,ERR,ERR,ERR,ERR,ERR,ERR,ERR,ERR,ERR,ERR,ERR,ERR,ERR,ERR,34.0,80.0,35,0.0,0.0,0.0,0.0,0.0,0.0,0.0,0.0,0.0,0.0,0.0,0.0,0.0,0.0,0.0,0.0,64.4,0,116,56,49,65476,0,300,0,0,8,20529,65476,0,0,57672,80.0,0.0,0.0,0.0,0.0,0.0
2026-06-17T04:37:29,ERR,ERR,ERR,ERR,ERR,ERR,ERR,ERR,ERR,ERR,ERR,ERR,ERR,ERR,ERR,ERR,ERR,ERR,ERR,ERR,ERR,ERR,ERR,ERR,ERR,ERR,ERR,ERR,ERR,ERR,ERR,ERR,ERR,ERR,ERR,ERR,ERR,ERR,ERR,ERR,ERR,ERR,ERR,ERR,ERR,ERR,ERR,ERR,ERR,ERR,ERR,ERR,ERR,ERR,ERR,ERR,ERR,ERR,ERR,ERR,ERR,ERR,ERR,ERR,ERR,ERR,ERR,ERR,ERR,ERR,ERR,ERR,ERR,ERR,ERR,ERR,ERR,ERR,ERR,ERR,ERR,ERR,ERR,ERR,ERR,ERR,ERR,ERR,ERR,ERR,ERR,ERR,ERR,ERR,ERR,ERR,ERR,ERR,ERR,ERR,ERR,ERR,ERR,ERR,ERR,ERR,ERR,ERR,ERR,ERR,ERR,ERR,ERR,ERR,ERR,ERR,ERR,ERR,ERR,ERR,ERR,ERR,ERR,ERR,ERR,0.0,-0.0,3.028208139652935e+23,0.0,0.0,1.3936040501711995e+18,7.805,0.0,0,0,4,0,7300,-0.0,0,0.0,0.0,0.0,0.0,0.0,0,0,0,0,0.0,0,0,0,0,0,0,0,0,0,0,0,0,0,0,0,0,0,0,0,0,0,0,0,0,0,0,0,0,0,0,0,0,0,32,30,30,62,65476,0,300,0,0,8,21553,0.0,-107605600.0,0.0,0.0,0.0,0.0,0.0,0.0,0.0,0.0,0.0,0.0,0.0,0.0,0.0,0.0,0.0,0.0,0.0,0.0,0.0,0.0,2.004,-2.004,-0.0,-2.004,0.0,0.0,0.0,0.0,5437.0,0.0,6949.0,0.0,-0.0,-107615280.0,-0.0,0.0,0.0,0.0,0.0,63,0.0,-0.0,0.0,0.0,0.0,0.0,0.0,0.0,0.0,0,0,0,0.0,0.0,0.0,0.0,0.0,0.0,0.0,0.0,0.0,0.0,0.0,0.0,0.0,0.0,0.0,0.0,0,-107875648.0,63,0.0,126,2.7184242562605685e+23,-0.0,ERR,ERR,ERR,ERR,ERR,ERR,ERR,ERR,ERR,ERR,ERR,ERR,ERR,ERR,ERR,ERR,ERR,ERR,ERR,ERR,ERR,ERR,ERR,ERR,ERR,ERR,ERR,ERR,ERR,ERR,ERR,ERR,ERR,ERR,ERR,ERR,ERR,ERR,ERR,ERR,ERR,ERR,ERR,ERR,ERR,ERR,ERR,ERR,ERR,ERR,ERR,ERR,ERR,ERR,ERR,ERR,ERR,ERR,ERR,ERR,ERR,ERR,ERR,ERR,ERR,ERR,ERR,34.0,80.0,35,0.0,0.0,0.0,0.0,0.0,0.0,0.0,0.0,0.0,0.0,0.0,0.0,0.0,0.0,0.0,0.0,64.8,0,116,56,49,65476,0,300,0,0,8,20529,65476,0,0,57672,80.0,0.0,0.0,0.0,0.0,0.0
2026-06-17T04:37:30,ERR,ERR,ERR,ERR,ERR,ERR,ERR,ERR,ERR,ERR,ERR,ERR,ERR,ERR,ERR,ERR,ERR,ERR,ERR,ERR,ERR,ERR,ERR,ERR,ERR,ERR,ERR,ERR,ERR,ERR,ERR,ERR,ERR,ERR,ERR,ERR,ERR,ERR,ERR,ERR,ERR,ERR,ERR,ERR,ERR,ERR,ERR,ERR,ERR,ERR,ERR,ERR,ERR,ERR,ERR,ERR,ERR,ERR,ERR,ERR,ERR,ERR,ERR,ERR,ERR,ERR,ERR,ERR,ERR,ERR,ERR,ERR,ERR,ERR,ERR,ERR,ERR,ERR,ERR,ERR,ERR,ERR,ERR,ERR,ERR,ERR,ERR,ERR,ERR,ERR,ERR,ERR,ERR,ERR,ERR,ERR,ERR,ERR,ERR,ERR,ERR,ERR,ERR,ERR,ERR,ERR,ERR,ERR,ERR,ERR,ERR,ERR,ERR,ERR,ERR,ERR,ERR,ERR,ERR,ERR,ERR,ERR,ERR,ERR,ERR,0.0,-0.0,3.028208139652935e+23,0.0,0.0,1.3936040501711995e+18,7.805,0.0,0,0,4,0,7300,-0.0,0,0.0,0.0,0.0,0.0,0.0,0,0,0,0,0.0,0,0,0,0,0,0,0,0,0,0,0,0,0,0,0,0,0,0,0,0,0,0,0,0,0,0,0,0,0,0,0,0,0,32,30,30,62,65476,0,300,0,0,8,21553,0.0,-107605600.0,0.0,0.0,0.0,0.0,0.0,0.0,0.0,0.0,0.0,0.0,0.0,0.0,0.0,0.0,0.0,0.0,0.0,0.0,0.0,0.0,2.004,-2.004,-0.0,-2.004,0.0,0.0,0.0,0.0,5437.0,0.0,6949.0,0.0,-0.0,-107615280.0,-0.0,0.0,0.0,0.0,0.0,63,0.0,-0.0,0.0,0.0,0.0,0.0,0.0,0.0,0.0,0,0,0,0.0,0.0,0.0,0.0,0.0,0.0,0.0,0.0,0.0,0.0,0.0,0.0,0.0,0.0,0.0,0.0,0,-107875648.0,63,0.0,126,2.7184242562605685e+23,-0.0,ERR,ERR,ERR,ERR,ERR,ERR,ERR,ERR,ERR,ERR,ERR,ERR,ERR,ERR,ERR,ERR,ERR,ERR,ERR,ERR,ERR,ERR,ERR,ERR,ERR,ERR,ERR,ERR,ERR,ERR,ERR,ERR,ERR,ERR,ERR,ERR,ERR,ERR,ERR,ERR,ERR,ERR,ERR,ERR,ERR,ERR,ERR,ERR,ERR,ERR,ERR,ERR,ERR,ERR,ERR,ERR,ERR,ERR,ERR,ERR,ERR,ERR,ERR,ERR,ERR,ERR,ERR,34.0,80.0,35,0.0,0.0,0.0,0.0,0.0,0.0,0.0,0.0,0.0,0.0,0.0,0.0,0.0,0.0,0.0,0.0,64.8,0,116,56,49,65476,0,300,0,0,8,20529,65476,0,0,57672,80.0,0.0,0.0,0.0,0.0,0.0
2026-06-17T04:37:31,ERR,ERR,ERR,ERR,ERR,ERR,ERR,ERR,ERR,ERR,ERR,ERR,ERR,ERR,ERR,ERR,ERR,ERR,ERR,ERR,ERR,ERR,ERR,ERR,ERR,ERR,ERR,ERR,ERR,ERR,ERR,ERR,ERR,ERR,ERR,ERR,ERR,ERR,ERR,ERR,ERR,ERR,ERR,ERR,ERR,ERR,ERR,ERR,ERR,ERR,ERR,ERR,ERR,ERR,ERR,ERR,ERR,ERR,ERR,ERR,ERR,ERR,ERR,ERR,ERR,ERR,ERR,ERR,ERR,ERR,ERR,ERR,ERR,ERR,ERR,ERR,ERR,ERR,ERR,ERR,ERR,ERR,ERR,ERR,ERR,ERR,ERR,ERR,ERR,ERR,ERR,ERR,ERR,ERR,ERR,ERR,ERR,ERR,ERR,ERR,ERR,ERR,ERR,ERR,ERR,ERR,ERR,ERR,ERR,ERR,ERR,ERR,ERR,ERR,ERR,ERR,ERR,ERR,ERR,ERR,ERR,ERR,ERR,ERR,ERR,0.0,-0.0,3.028208139652935e+23,0.0,0.0,1.3936040501711995e+18,7.805,0.0,0,0,4,0,7300,-0.0,0,0.0,0.0,0.0,0.0,0.0,0,0,0,0,0.0,0,0,0,0,0,0,0,0,0,0,0,0,0,0,0,0,0,0,0,0,0,0,0,0,0,0,0,0,0,0,0,0,0,32,30,30,62,65476,0,300,0,0,8,21553,0.0,-107605600.0,0.0,0.0,0.0,0.0,0.0,0.0,0.0,0.0,0.0,0.0,0.0,0.0,0.0,0.0,0.0,0.0,0.0,0.0,0.0,0.0,2.004,-2.004,-0.0,-2.004,0.0,0.0,0.0,0.0,5437.0,0.0,6949.0,0.0,-0.0,-107615280.0,-0.0,0.0,0.0,0.0,0.0,63,0.0,-0.0,0.0,0.0,0.0,0.0,0.0,0.0,0.0,0,0,0,0.0,0.0,0.0,0.0,0.0,0.0,0.0,0.0,0.0,0.0,0.0,0.0,0.0,0.0,0.0,0.0,0,-107875648.0,63,0.0,126,2.7184242562605685e+23,-0.0,ERR,ERR,ERR,ERR,ERR,ERR,ERR,ERR,ERR,ERR,ERR,ERR,ERR,ERR,ERR,ERR,ERR,ERR,ERR,ERR,ERR,ERR,ERR,ERR,ERR,ERR,ERR,ERR,ERR,ERR,ERR,ERR,ERR,ERR,ERR,ERR,ERR,ERR,ERR,ERR,ERR,ERR,ERR,ERR,ERR,ERR,ERR,ERR,ERR,ERR,ERR,ERR,ERR,ERR,ERR,ERR,ERR,ERR,ERR,ERR,ERR,ERR,ERR,ERR,ERR,ERR,ERR,34.0,80.0,35,0.0,0.0,0.0,0.0,0.0,0.0,0.0,0.0,0.0,0.0,0.0,0.0,0.0,0.0,0.0,0.0,64.8,0,116,56,49,65476,0,300,0,0,8,20529,65476,0,0,57672,80.0,0.0,0.0,0.0,0.0,0.0
2026-06-17T04:37:32,ERR,ERR,ERR,ERR,ERR,ERR,ERR,ERR,ERR,ERR,ERR,ERR,ERR,ERR,ERR,ERR,ERR,ERR,ERR,ERR,ERR,ERR,ERR,ERR,ERR,ERR,ERR,ERR,ERR,ERR,ERR,ERR,ERR,ERR,ERR,ERR,ERR,ERR,ERR,ERR,ERR,ERR,ERR,ERR,ERR,ERR,ERR,ERR,ERR,ERR,ERR,ERR,ERR,ERR,ERR,ERR,ERR,ERR,ERR,ERR,ERR,ERR,ERR,ERR,ERR,ERR,ERR,ERR,ERR,ERR,ERR,ERR,ERR,ERR,ERR,ERR,ERR,ERR,ERR,ERR,ERR,ERR,ERR,ERR,ERR,ERR,ERR,ERR,ERR,ERR,ERR,ERR,ERR,ERR,ERR,ERR,ERR,ERR,ERR,ERR,ERR,ERR,ERR,ERR,ERR,ERR,ERR,ERR,ERR,ERR,ERR,ERR,ERR,ERR,ERR,ERR,ERR,ERR,ERR,ERR,ERR,ERR,ERR,ERR,ERR,0.0,-0.0,3.028208139652935e+23,0.0,0.0,1.3936040501711995e+18,7.805,0.0,0,0,4,0,7300,-0.0,0,0.0,0.0,0.0,0.0,0.0,0,0,0,0,0.0,0,0,0,0,0,0,0,0,0,0,0,0,0,0,0,0,0,0,0,0,0,0,0,0,0,0,0,0,0,0,0,0,0,32,30,30,62,65476,0,300,0,0,8,21553,0.0,-107605600.0,0.0,0.0,0.0,0.0,0.0,0.0,0.0,0.0,0.0,0.0,0.0,0.0,0.0,0.0,0.0,0.0,0.0,0.0,0.0,0.0,2.004,-2.004,-0.0,-2.004,0.0,0.0,0.0,0.0,5437.0,0.0,6949.0,0.0,-0.0,-107615280.0,-0.0,0.0,0.0,0.0,0.0,63,0.0,-0.0,0.0,0.0,0.0,0.0,0.0,0.0,0.0,0,0,0,0.0,0.0,0.0,0.0,0.0,0.0,0.0,0.0,0.0,0.0,0.0,0.0,0.0,0.0,0.0,0.0,0,-107875648.0,63,0.0,126,2.7184242562605685e+23,-0.0,ERR,ERR,ERR,ERR,ERR,ERR,ERR,ERR,ERR,ERR,ERR,ERR,ERR,ERR,ERR,ERR,ERR,ERR,ERR,ERR,ERR,ERR,ERR,ERR,ERR,ERR,ERR,ERR,ERR,ERR,ERR,ERR,ERR,ERR,ERR,ERR,ERR,ERR,ERR,ERR,ERR,ERR,ERR,ERR,ERR,ERR,ERR,ERR,ERR,ERR,ERR,ERR,ERR,ERR,ERR,ERR,ERR,ERR,ERR,ERR,ERR,ERR,ERR,ERR,ERR,ERR,ERR,34.0,80.0,35,0.0,0.0,0.0,0.0,0.0,0.0,0.0,0.0,0.0,0.0,0.0,0.0,0.0,0.0,0.0,0.0,64.8,0,116,56,49,65476,0,300,0,0,8,20529,65476,0,0,57672,80.0,0.0,0.0,0.0,0.0,0.0
2026-06-17T04:37:33,ERR,ERR,ERR,ERR,ERR,ERR,ERR,ERR,ERR,ERR,ERR,ERR,ERR,ERR,ERR,ERR,ERR,ERR,ERR,ERR,ERR,ERR,ERR,ERR,ERR,ERR,ERR,ERR,ERR,ERR,ERR,ERR,ERR,ERR,ERR,ERR,ERR,ERR,ERR,ERR,ERR,ERR,ERR,ERR,ERR,ERR,ERR,ERR,ERR,ERR,ERR,ERR,ERR,ERR,ERR,ERR,ERR,ERR,ERR,ERR,ERR,ERR,ERR,ERR,ERR,ERR,ERR,ERR,ERR,ERR,ERR,ERR,ERR,ERR,ERR,ERR,ERR,ERR,ERR,ERR,ERR,ERR,ERR,ERR,ERR,ERR,ERR,ERR,ERR,ERR,ERR,ERR,ERR,ERR,ERR,ERR,ERR,ERR,ERR,ERR,ERR,ERR,ERR,ERR,ERR,ERR,ERR,ERR,ERR,ERR,ERR,ERR,ERR,ERR,ERR,ERR,ERR,ERR,ERR,ERR,ERR,ERR,ERR,ERR,ERR,0.0,-0.0,3.028208139652935e+23,0.0,0.0,1.3936040501711995e+18,7.805,0.0,0,0,4,0,7300,-0.0,0,0.0,0.0,0.0,0.0,0.0,0,0,0,0,0.0,0,0,0,0,0,0,0,0,0,0,0,0,0,0,0,0,0,0,0,0,0,0,0,0,0,0,0,0,0,0,0,0,0,32,30,30,62,65476,0,300,0,0,8,21553,0.0,-107605600.0,0.0,0.0,0.0,0.0,0.0,0.0,0.0,0.0,0.0,0.0,0.0,0.0,0.0,0.0,0.0,0.0,0.0,0.0,0.0,0.0,-0.0,-2.004,-0.0,-2.004,0.0,0.0,0.0,0.0,5437.0,2.004,6952.0,0.0,-0.0,-107615280.0,-0.0,0.0,0.0,0.0,0.0,63,0.0,-0.0,0.0,0.0,0.0,0.0,0.0,0.0,0.0,0,0,0,0.0,0.0,0.0,0.0,0.0,0.0,0.0,0.0,0.0,0.0,0.0,0.0,0.0,0.0,0.0,0.0,0,-107875648.0,63,0.0,126,2.7184242562605685e+23,-0.0,ERR,ERR,ERR,ERR,ERR,ERR,ERR,ERR,ERR,ERR,ERR,ERR,ERR,ERR,ERR,ERR,ERR,ERR,ERR,ERR,ERR,ERR,ERR,ERR,ERR,ERR,ERR,ERR,ERR,ERR,ERR,ERR,ERR,ERR,ERR,ERR,ERR,ERR,ERR,ERR,ERR,ERR,ERR,ERR,ERR,ERR,ERR,ERR,ERR,ERR,ERR,ERR,ERR,ERR,ERR,ERR,ERR,ERR,ERR,ERR,ERR,ERR,ERR,ERR,ERR,ERR,ERR,34.0,80.0,35,0.0,0.0,0.0,0.0,0.0,0.0,0.0,0.0,0.0,0.0,0.0,0.0,0.0,0.0,0.0,0.0,64.4,0,116,56,49,65476,0,300,0,0,8,20529,65476,0,0,57672,80.0,0.0,0.0,0.0,0.0,0.0
2026-06-17T04:37:34,ERR,ERR,ERR,ERR,ERR,ERR,ERR,ERR,ERR,ERR,ERR,ERR,ERR,ERR,ERR,ERR,ERR,ERR,ERR,ERR,ERR,ERR,ERR,ERR,ERR,ERR,ERR,ERR,ERR,ERR,ERR,ERR,ERR,ERR,ERR,ERR,ERR,ERR,ERR,ERR,ERR,ERR,ERR,ERR,ERR,ERR,ERR,ERR,ERR,ERR,ERR,ERR,ERR,ERR,ERR,ERR,ERR,ERR,ERR,ERR,ERR,ERR,ERR,ERR,ERR,ERR,ERR,ERR,ERR,ERR,ERR,ERR,ERR,ERR,ERR,ERR,ERR,ERR,ERR,ERR,ERR,ERR,ERR,ERR,ERR,ERR,ERR,ERR,ERR,ERR,ERR,ERR,ERR,ERR,ERR,ERR,ERR,ERR,ERR,ERR,ERR,ERR,ERR,ERR,ERR,ERR,ERR,ERR,ERR,ERR,ERR,ERR,ERR,ERR,ERR,ERR,ERR,ERR,ERR,ERR,ERR,ERR,ERR,ERR,ERR,0.0,-0.0,3.028208139652935e+23,0.0,0.0,1.3936040501711995e+18,7.805,0.0,0,0,4,0,7300,-0.0,0,0.0,0.0,0.0,0.0,0.0,0,0,0,0,0.0,0,0,0,0,0,0,0,0,0,0,0,0,0,0,0,0,0,0,0,0,0,0,0,0,0,0,0,0,0,0,0,0,0,32,30,30,62,65476,0,300,0,0,8,21553,0.0,-107605600.0,0.0,0.0,0.0,0.0,0.0,0.0,0.0,0.0,0.0,0.0,0.0,0.0,0.0,0.0,0.0,0.0,0.0,0.0,0.0,0.0,-0.0,-2.004,-0.0,-2.004,0.0,0.0,0.0,0.0,5437.0,2.004,6952.0,0.0,-0.0,-107615280.0,-0.0,0.0,0.0,0.0,0.0,63,0.0,-0.0,0.0,0.0,0.0,0.0,0.0,0.0,0.0,0,0,0,0.0,0.0,0.0,0.0,0.0,0.0,0.0,0.0,0.0,0.0,0.0,0.0,0.0,0.0,0.0,0.0,0,-107875648.0,63,0.0,126,2.7184242562605685e+23,-0.0,ERR,ERR,ERR,ERR,ERR,ERR,ERR,ERR,ERR,ERR,ERR,ERR,ERR,ERR,ERR,ERR,ERR,ERR,ERR,ERR,ERR,ERR,ERR,ERR,ERR,ERR,ERR,ERR,ERR,ERR,ERR,ERR,ERR,ERR,ERR,ERR,ERR,ERR,ERR,ERR,ERR,ERR,ERR,ERR,ERR,ERR,ERR,ERR,ERR,ERR,ERR,ERR,ERR,ERR,ERR,ERR,ERR,ERR,ERR,ERR,ERR,ERR,ERR,ERR,ERR,ERR,ERR,34.0,80.0,35,0.0,0.0,0.0,0.0,0.0,0.0,0.0,0.0,0.0,0.0,0.0,0.0,0.0,0.0,0.0,0.0,64.4,0,116,56,49,65476,0,300,0,0,8,20529,65476,0,0,57672,80.0,0.0,0.0,0.0,0.0,0.0
2026-06-17T04:37:35,ERR,ERR,ERR,ERR,ERR,ERR,ERR,ERR,ERR,ERR,ERR,ERR,ERR,ERR,ERR,ERR,ERR,ERR,ERR,ERR,ERR,ERR,ERR,ERR,ERR,ERR,ERR,ERR,ERR,ERR,ERR,ERR,ERR,ERR,ERR,ERR,ERR,ERR,ERR,ERR,ERR,ERR,ERR,ERR,ERR,ERR,ERR,ERR,ERR,ERR,ERR,ERR,ERR,ERR,ERR,ERR,ERR,ERR,ERR,ERR,ERR,ERR,ERR,ERR,ERR,ERR,ERR,ERR,ERR,ERR,ERR,ERR,ERR,ERR,ERR,ERR,ERR,ERR,ERR,ERR,ERR,ERR,ERR,ERR,ERR,ERR,ERR,ERR,ERR,ERR,ERR,ERR,ERR,ERR,ERR,ERR,ERR,ERR,ERR,ERR,ERR,ERR,ERR,ERR,ERR,ERR,ERR,ERR,ERR,ERR,ERR,ERR,ERR,ERR,ERR,ERR,ERR,ERR,ERR,ERR,ERR,ERR,ERR,ERR,ERR,0.0,-0.0,3.028208139652935e+23,0.0,0.0,1.3936040501711995e+18,7.805,0.0,0,0,4,0,7300,-0.0,0,0.0,0.0,0.0,0.0,0.0,0,0,0,0,0.0,0,0,0,0,0,0,0,0,0,0,0,0,0,0,0,0,0,0,0,0,0,0,0,0,0,0,0,0,0,0,0,0,0,32,30,30,62,65476,0,300,0,0,8,21553,0.0,-107605600.0,0.0,0.0,0.0,0.0,0.0,0.0,0.0,0.0,0.0,0.0,0.0,0.0,0.0,0.0,0.0,0.0,0.0,0.0,0.0,0.0,-0.0,-2.004,-0.0,-2.004,0.0,0.0,0.0,0.0,5437.0,2.004,6952.0,0.0,-0.0,-107615280.0,-0.0,0.0,0.0,0.0,0.0,63,0.0,-0.0,0.0,0.0,0.0,0.0,0.0,0.0,0.0,0,0,0,0.0,0.0,0.0,0.0,0.0,0.0,0.0,0.0,0.0,0.0,0.0,0.0,0.0,0.0,0.0,0.0,0,-107875648.0,63,0.0,126,2.7184242562605685e+23,-0.0,ERR,ERR,ERR,ERR,ERR,ERR,ERR,ERR,ERR,ERR,ERR,ERR,ERR,ERR,ERR,ERR,ERR,ERR,ERR,ERR,ERR,ERR,ERR,ERR,ERR,ERR,ERR,ERR,ERR,ERR,ERR,ERR,ERR,ERR,ERR,ERR,ERR,ERR,ERR,ERR,ERR,ERR,ERR,ERR,ERR,ERR,ERR,ERR,ERR,ERR,ERR,ERR,ERR,ERR,ERR,ERR,ERR,ERR,ERR,ERR,ERR,ERR,ERR,ERR,ERR,ERR,ERR,34.0,80.0,35,0.0,0.0,0.0,0.0,0.0,0.0,0.0,0.0,0.0,0.0,0.0,0.0,0.0,0.0,0.0,0.0,64.4,0,116,56,49,65476,0,300,0,0,8,20529,65476,0,0,57672,80.0,0.0,0.0,0.0,0.0,0.0
2026-06-17T04:37:36,ERR,ERR,ERR,ERR,ERR,ERR,ERR,ERR,ERR,ERR,ERR,ERR,ERR,ERR,ERR,ERR,ERR,ERR,ERR,ERR,ERR,ERR,ERR,ERR,ERR,ERR,ERR,ERR,ERR,ERR,ERR,ERR,ERR,ERR,ERR,ERR,ERR,ERR,ERR,ERR,ERR,ERR,ERR,ERR,ERR,ERR,ERR,ERR,ERR,ERR,ERR,ERR,ERR,ERR,ERR,ERR,ERR,ERR,ERR,ERR,ERR,ERR,ERR,ERR,ERR,ERR,ERR,ERR,ERR,ERR,ERR,ERR,ERR,ERR,ERR,ERR,ERR,ERR,ERR,ERR,ERR,ERR,ERR,ERR,ERR,ERR,ERR,ERR,ERR,ERR,ERR,ERR,ERR,ERR,ERR,ERR,ERR,ERR,ERR,ERR,ERR,ERR,ERR,ERR,ERR,ERR,ERR,ERR,ERR,ERR,ERR,ERR,ERR,ERR,ERR,ERR,ERR,ERR,ERR,ERR,ERR,ERR,ERR,ERR,ERR,0.0,-0.0,3.028208139652935e+23,0.0,0.0,1.3936040501711995e+18,7.805,0.0,0,0,4,0,7300,-0.0,0,0.0,0.0,0.0,0.0,0.0,0,0,0,0,0.0,0,0,0,0,0,0,0,0,0,0,0,0,0,0,0,0,0,0,0,0,0,0,0,0,0,0,0,0,0,0,0,0,0,32,30,30,62,65476,0,300,0,0,8,21553,0.0,-107605600.0,0.0,0.0,0.0,0.0,0.0,0.0,0.0,0.0,0.0,0.0,0.0,0.0,0.0,0.0,0.0,0.0,0.0,0.0,0.0,0.0,-0.0,-2.004,-0.0,-2.004,0.0,0.0,0.0,0.0,5437.0,2.004,6952.0,0.0,-0.0,-107615280.0,-0.0,0.0,0.0,0.0,0.0,63,0.0,-0.0,0.0,0.0,0.0,0.0,0.0,0.0,0.0,0,0,0,0.0,0.0,0.0,0.0,0.0,0.0,0.0,0.0,0.0,0.0,0.0,0.0,0.0,0.0,0.0,0.0,0,-107875648.0,63,0.0,126,2.7184242562605685e+23,-0.0,ERR,ERR,ERR,ERR,ERR,ERR,ERR,ERR,ERR,ERR,ERR,ERR,ERR,ERR,ERR,ERR,ERR,ERR,ERR,ERR,ERR,ERR,ERR,ERR,ERR,ERR,ERR,ERR,ERR,ERR,ERR,ERR,ERR,ERR,ERR,ERR,ERR,ERR,ERR,ERR,ERR,ERR,ERR,ERR,ERR,ERR,ERR,ERR,ERR,ERR,ERR,ERR,ERR,ERR,ERR,ERR,ERR,ERR,ERR,ERR,ERR,ERR,ERR,ERR,ERR,ERR,ERR,34.0,80.0,35,0.0,0.0,0.0,0.0,0.0,0.0,0.0,0.0,0.0,0.0,0.0,0.0,0.0,0.0,0.0,0.0,64.4,0,116,56,49,65476,0,300,0,0,8,20529,65476,0,0,57672,80.0,0.0,0.0,0.0,0.0,0.0
2026-06-17T04:37:37,ERR,ERR,ERR,ERR,ERR,ERR,ERR,ERR,ERR,ERR,ERR,ERR,ERR,ERR,ERR,ERR,ERR,ERR,ERR,ERR,ERR,ERR,ERR,ERR,ERR,ERR,ERR,ERR,ERR,ERR,ERR,ERR,ERR,ERR,ERR,ERR,ERR,ERR,ERR,ERR,ERR,ERR,ERR,ERR,ERR,ERR,ERR,ERR,ERR,ERR,ERR,ERR,ERR,ERR,ERR,ERR,ERR,ERR,ERR,ERR,ERR,ERR,ERR,ERR,ERR,ERR,ERR,ERR,ERR,ERR,ERR,ERR,ERR,ERR,ERR,ERR,ERR,ERR,ERR,ERR,ERR,ERR,ERR,ERR,ERR,ERR,ERR,ERR,ERR,ERR,ERR,ERR,ERR,ERR,ERR,ERR,ERR,ERR,ERR,ERR,ERR,ERR,ERR,ERR,ERR,ERR,ERR,ERR,ERR,ERR,ERR,ERR,ERR,ERR,ERR,ERR,ERR,ERR,ERR,ERR,ERR,ERR,ERR,ERR,ERR,0.0,-0.0,3.028208139652935e+23,0.0,0.0,1.3936040501711995e+18,7.805,0.0,0,0,4,0,7300,-0.0,0,0.0,0.0,0.0,0.0,0.0,0,0,0,0,0.0,0,0,0,0,0,0,0,0,0,0,0,0,0,0,0,0,0,0,0,0,0,0,0,0,0,0,0,0,0,0,0,0,0,32,30,30,62,65476,0,300,0,0,8,21553,0.0,-107605600.0,0.0,0.0,0.0,0.0,0.0,0.0,0.0,0.0,0.0,0.0,0.0,0.0,0.0,0.0,0.0,0.0,0.0,0.0,0.0,0.0,-0.0,-2.004,-0.0,-2.004,0.0,0.0,0.0,0.0,5437.0,2.004,6952.0,0.0,-0.0,-107615280.0,-0.0,0.0,0.0,0.0,0.0,63,0.0,-0.0,0.0,0.0,0.0,0.0,0.0,0.0,0.0,0,0,0,0.0,0.0,0.0,0.0,0.0,0.0,0.0,0.0,0.0,0.0,0.0,0.0,0.0,0.0,0.0,0.0,0,-107875648.0,63,0.0,126,2.7184242562605685e+23,-0.0,ERR,ERR,ERR,ERR,ERR,ERR,ERR,ERR,ERR,ERR,ERR,ERR,ERR,ERR,ERR,ERR,ERR,ERR,ERR,ERR,ERR,ERR,ERR,ERR,ERR,ERR,ERR,ERR,ERR,ERR,ERR,ERR,ERR,ERR,ERR,ERR,ERR,ERR,ERR,ERR,ERR,ERR,ERR,ERR,ERR,ERR,ERR,ERR,ERR,ERR,ERR,ERR,ERR,ERR,ERR,ERR,ERR,ERR,ERR,ERR,ERR,ERR,ERR,ERR,ERR,ERR,ERR,34.0,80.0,35,0.0,0.0,0.0,0.0,0.0,0.0,0.0,0.0,0.0,0.0,0.0,0.0,0.0,0.0,0.0,0.0,64.4,0,116,56,49,65476,0,300,0,0,8,20529,65476,0,0,57672,80.0,0.0,0.0,0.0,0.0,0.0
2026-06-17T04:37:38,ERR,ERR,ERR,ERR,ERR,ERR,ERR,ERR,ERR,ERR,ERR,ERR,ERR,ERR,ERR,ERR,ERR,ERR,ERR,ERR,ERR,ERR,ERR,ERR,ERR,ERR,ERR,ERR,ERR,ERR,ERR,ERR,ERR,ERR,ERR,ERR,ERR,ERR,ERR,ERR,ERR,ERR,ERR,ERR,ERR,ERR,ERR,ERR,ERR,ERR,ERR,ERR,ERR,ERR,ERR,ERR,ERR,ERR,ERR,ERR,ERR,ERR,ERR,ERR,ERR,ERR,ERR,ERR,ERR,ERR,ERR,ERR,ERR,ERR,ERR,ERR,ERR,ERR,ERR,ERR,ERR,ERR,ERR,ERR,ERR,ERR,ERR,ERR,ERR,ERR,ERR,ERR,ERR,ERR,ERR,ERR,ERR,ERR,ERR,ERR,ERR,ERR,ERR,ERR,ERR,ERR,ERR,ERR,ERR,ERR,ERR,ERR,ERR,ERR,ERR,ERR,ERR,ERR,ERR,ERR,ERR,ERR,ERR,ERR,ERR,0.0,-0.0,3.028208139652935e+23,0.0,0.0,1.3936040501711995e+18,7.805,0.0,0,0,4,0,7300,-0.0,0,0.0,0.0,0.0,0.0,0.0,0,0,0,0,0.0,0,0,0,0,0,0,0,0,0,0,0,0,0,0,0,0,0,0,0,0,0,0,0,0,0,0,0,0,0,0,0,0,0,32,30,30,62,65476,0,300,0,0,8,21553,0.0,-107605600.0,0.0,0.0,0.0,0.0,0.0,0.0,0.0,0.0,0.0,0.0,0.0,0.0,0.0,0.0,0.0,0.0,0.0,0.0,0.0,0.0,-0.0,-2.004,-0.0,-2.004,0.0,0.0,0.0,0.0,5437.0,2.004,6952.0,0.0,-0.0,-107615280.0,-0.0,0.0,0.0,0.0,0.0,63,0.0,-0.0,0.0,0.0,0.0,0.0,0.0,0.0,0.0,0,0,0,0.0,0.0,0.0,0.0,0.0,0.0,0.0,0.0,0.0,0.0,0.0,0.0,0.0,0.0,0.0,0.0,0,-107875648.0,63,0.0,126,2.7184242562605685e+23,-0.0,ERR,ERR,ERR,ERR,ERR,ERR,ERR,ERR,ERR,ERR,ERR,ERR,ERR,ERR,ERR,ERR,ERR,ERR,ERR,ERR,ERR,ERR,ERR,ERR,ERR,ERR,ERR,ERR,ERR,ERR,ERR,ERR,ERR,ERR,ERR,ERR,ERR,ERR,ERR,ERR,ERR,ERR,ERR,ERR,ERR,ERR,ERR,ERR,ERR,ERR,ERR,ERR,ERR,ERR,ERR,ERR,ERR,ERR,ERR,ERR,ERR,ERR,ERR,ERR,ERR,ERR,ERR,34.0,80.0,35,0.0,0.0,0.0,0.0,0.0,0.0,0.0,0.0,0.0,0.0,0.0,0.0,0.0,0.0,0.0,0.0,64.4,0,116,56,49,65476,0,300,0,0,8,20529,65476,0,0,57672,80.0,0.0,0.0,0.0,0.0,0.0
2026-06-17T04:37:39,ERR,ERR,ERR,ERR,ERR,ERR,ERR,ERR,ERR,ERR,ERR,ERR,ERR,ERR,ERR,ERR,ERR,ERR,ERR,ERR,ERR,ERR,ERR,ERR,ERR,ERR,ERR,ERR,ERR,ERR,ERR,ERR,ERR,ERR,ERR,ERR,ERR,ERR,ERR,ERR,ERR,ERR,ERR,ERR,ERR,ERR,ERR,ERR,ERR,ERR,ERR,ERR,ERR,ERR,ERR,ERR,ERR,ERR,ERR,ERR,ERR,ERR,ERR,ERR,ERR,ERR,ERR,ERR,ERR,ERR,ERR,ERR,ERR,ERR,ERR,ERR,ERR,ERR,ERR,ERR,ERR,ERR,ERR,ERR,ERR,ERR,ERR,ERR,ERR,ERR,ERR,ERR,ERR,ERR,ERR,ERR,ERR,ERR,ERR,ERR,ERR,ERR,ERR,ERR,ERR,ERR,ERR,ERR,ERR,ERR,ERR,ERR,ERR,ERR,ERR,ERR,ERR,ERR,ERR,ERR,ERR,ERR,ERR,ERR,ERR,0.0,-0.0,3.028208139652935e+23,0.0,0.0,1.3936040501711995e+18,7.805,0.0,0,0,4,0,7300,-0.0,0,0.0,0.0,0.0,0.0,0.0,0,0,0,0,0.0,0,0,0,0,0,0,0,0,0,0,0,0,0,0,0,0,0,0,0,0,0,0,0,0,0,0,0,0,0,0,0,0,0,32,30,30,62,65476,0,300,0,0,8,21553,0.0,-107605600.0,0.0,0.0,0.0,0.0,0.0,0.0,0.0,0.0,0.0,0.0,0.0,0.0,0.0,0.0,0.0,0.0,0.0,0.0,0.0,0.0,2.004,-2.004,-0.0,-2.004,0.0,0.0,0.0,0.0,5438.0,564146705793024.0,6955.0,0.0,-0.0,-107615280.0,-0.0,0.0,0.0,0.0,0.0,63,0.0,-71.63,0.0,0.0,0.0,0.0,0.0,0.0,0.0,0,0,0,0.0,0.0,0.0,0.0,0.0,0.0,0.0,0.0,0.0,0.0,0.0,0.0,0.0,0.0,0.0,0.0,0,-107875648.0,63,0.0,126,2.7184242562605685e+23,-0.0,ERR,ERR,ERR,ERR,ERR,ERR,ERR,ERR,ERR,ERR,ERR,ERR,ERR,ERR,ERR,ERR,ERR,ERR,ERR,ERR,ERR,ERR,ERR,ERR,ERR,ERR,ERR,ERR,ERR,ERR,ERR,ERR,ERR,ERR,ERR,ERR,ERR,ERR,ERR,ERR,ERR,ERR,ERR,ERR,ERR,ERR,ERR,ERR,ERR,ERR,ERR,ERR,ERR,ERR,ERR,ERR,ERR,ERR,ERR,ERR,ERR,ERR,ERR,ERR,ERR,ERR,ERR,34.0,80.0,35,0.0,0.0,0.0,0.0,0.0,0.0,0.0,0.0,0.0,0.0,0.0,0.0,0.0,0.0,0.0,0.0,64.4,0,116,56,49,65476,0,300,0,0,8,20529,65476,0,0,57672,80.0,0.0,0.0,0.0,0.0,0.0
2026-06-17T04:37:40,ERR,ERR,ERR,ERR,ERR,ERR,ERR,ERR,ERR,ERR,ERR,ERR,ERR,ERR,ERR,ERR,ERR,ERR,ERR,ERR,ERR,ERR,ERR,ERR,ERR,ERR,ERR,ERR,ERR,ERR,ERR,ERR,ERR,ERR,ERR,ERR,ERR,ERR,ERR,ERR,ERR,ERR,ERR,ERR,ERR,ERR,ERR,ERR,ERR,ERR,ERR,ERR,ERR,ERR,ERR,ERR,ERR,ERR,ERR,ERR,ERR,ERR,ERR,ERR,ERR,ERR,ERR,ERR,ERR,ERR,ERR,ERR,ERR,ERR,ERR,ERR,ERR,ERR,ERR,ERR,ERR,ERR,ERR,ERR,ERR,ERR,ERR,ERR,ERR,ERR,ERR,ERR,ERR,ERR,ERR,ERR,ERR,ERR,ERR,ERR,ERR,ERR,ERR,ERR,ERR,ERR,ERR,ERR,ERR,ERR,ERR,ERR,ERR,ERR,ERR,ERR,ERR,ERR,ERR,ERR,ERR,ERR,ERR,ERR,ERR,0.0,-0.0,3.028208139652935e+23,0.0,0.0,1.3936040501711995e+18,7.805,0.0,0,0,4,0,7300,-0.0,0,0.0,0.0,0.0,0.0,0.0,0,0,0,0,0.0,0,0,0,0,0,0,0,0,0,0,0,0,0,0,0,0,0,0,0,0,0,0,0,0,0,0,0,0,0,0,0,0,0,32,30,30,62,65476,0,300,0,0,8,21553,0.0,-107605600.0,0.0,0.0,0.0,0.0,0.0,0.0,0.0,0.0,0.0,0.0,0.0,0.0,0.0,0.0,0.0,0.0,0.0,0.0,0.0,0.0,2.004,-2.004,-0.0,-2.004,0.0,0.0,0.0,0.0,5438.0,564146705793024.0,6955.0,0.0,-0.0,-107615280.0,-0.0,0.0,0.0,0.0,0.0,63,0.0,-71.63,0.0,0.0,0.0,0.0,0.0,0.0,0.0,0,0,0,0.0,0.0,0.0,0.0,0.0,0.0,0.0,0.0,0.0,0.0,0.0,0.0,0.0,0.0,0.0,0.0,0,-107875648.0,63,0.0,126,2.7184242562605685e+23,-0.0,ERR,ERR,ERR,ERR,ERR,ERR,ERR,ERR,ERR,ERR,ERR,ERR,ERR,ERR,ERR,ERR,ERR,ERR,ERR,ERR,ERR,ERR,ERR,ERR,ERR,ERR,ERR,ERR,ERR,ERR,ERR,ERR,ERR,ERR,ERR,ERR,ERR,ERR,ERR,ERR,ERR,ERR,ERR,ERR,ERR,ERR,ERR,ERR,ERR,ERR,ERR,ERR,ERR,ERR,ERR,ERR,ERR,ERR,ERR,ERR,ERR,ERR,ERR,ERR,ERR,ERR,ERR,34.0,80.0,35,0.0,0.0,0.0,0.0,0.0,0.0,0.0,0.0,0.0,0.0,0.0,0.0,0.0,0.0,0.0,0.0,64.8,0,116,56,49,65476,0,300,0,0,8,20529,65476,0,0,57672,80.0,0.0,0.0,0.0,0.0,0.0
2026-06-17T04:37:41,ERR,ERR,ERR,ERR,ERR,ERR,ERR,ERR,ERR,ERR,ERR,ERR,ERR,ERR,ERR,ERR,ERR,ERR,ERR,ERR,ERR,ERR,ERR,ERR,ERR,ERR,ERR,ERR,ERR,ERR,ERR,ERR,ERR,ERR,ERR,ERR,ERR,ERR,ERR,ERR,ERR,ERR,ERR,ERR,ERR,ERR,ERR,ERR,ERR,ERR,ERR,ERR,ERR,ERR,ERR,ERR,ERR,ERR,ERR,ERR,ERR,ERR,ERR,ERR,ERR,ERR,ERR,ERR,ERR,ERR,ERR,ERR,ERR,ERR,ERR,ERR,ERR,ERR,ERR,ERR,ERR,ERR,ERR,ERR,ERR,ERR,ERR,ERR,ERR,ERR,ERR,ERR,ERR,ERR,ERR,ERR,ERR,ERR,ERR,ERR,ERR,ERR,ERR,ERR,ERR,ERR,ERR,ERR,ERR,ERR,ERR,ERR,ERR,ERR,ERR,ERR,ERR,ERR,ERR,ERR,ERR,ERR,ERR,ERR,ERR,0.0,-0.0,3.028208139652935e+23,0.0,0.0,1.3936040501711995e+18,7.805,0.0,0,0,4,0,7300,-0.0,0,0.0,0.0,0.0,0.0,0.0,0,0,0,0,0.0,0,0,0,0,0,0,0,0,0,0,0,0,0,0,0,0,0,0,0,0,0,0,0,0,0,0,0,0,0,0,0,0,0,32,30,30,62,65476,0,300,0,0,8,21553,0.0,-107605600.0,0.0,0.0,0.0,0.0,0.0,0.0,0.0,0.0,0.0,0.0,0.0,0.0,0.0,0.0,0.0,0.0,0.0,0.0,0.0,0.0,2.004,-2.004,-0.0,-2.004,0.0,0.0,0.0,0.0,5438.0,564146705793024.0,6955.0,0.0,-0.0,-107615280.0,-0.0,0.0,0.0,0.0,0.0,63,0.0,-71.63,0.0,0.0,0.0,0.0,0.0,0.0,0.0,0,0,0,0.0,0.0,0.0,0.0,0.0,0.0,0.0,0.0,0.0,0.0,0.0,0.0,0.0,0.0,0.0,0.0,0,-107875648.0,63,0.0,126,2.7184242562605685e+23,-0.0,ERR,ERR,ERR,ERR,ERR,ERR,ERR,ERR,ERR,ERR,ERR,ERR,ERR,ERR,ERR,ERR,ERR,ERR,ERR,ERR,ERR,ERR,ERR,ERR,ERR,ERR,ERR,ERR,ERR,ERR,ERR,ERR,ERR,ERR,ERR,ERR,ERR,ERR,ERR,ERR,ERR,ERR,ERR,ERR,ERR,ERR,ERR,ERR,ERR,ERR,ERR,ERR,ERR,ERR,ERR,ERR,ERR,ERR,ERR,ERR,ERR,ERR,ERR,ERR,ERR,ERR,ERR,34.0,80.0,35,0.0,0.0,0.0,0.0,0.0,0.0,0.0,0.0,0.0,0.0,0.0,0.0,0.0,0.0,0.0,0.0,64.8,0,116,56,49,65476,0,300,0,0,8,20529,65476,0,0,57672,80.0,0.0,0.0,0.0,0.0,0.0
2026-06-17T04:37:42,ERR,ERR,ERR,ERR,ERR,ERR,ERR,ERR,ERR,ERR,ERR,ERR,ERR,ERR,ERR,ERR,ERR,ERR,ERR,ERR,ERR,ERR,ERR,ERR,ERR,ERR,ERR,ERR,ERR,ERR,ERR,ERR,ERR,ERR,ERR,ERR,ERR,ERR,ERR,ERR,ERR,ERR,ERR,ERR,ERR,ERR,ERR,ERR,ERR,ERR,ERR,ERR,ERR,ERR,ERR,ERR,ERR,ERR,ERR,ERR,ERR,ERR,ERR,ERR,ERR,ERR,ERR,ERR,ERR,ERR,ERR,ERR,ERR,ERR,ERR,ERR,ERR,ERR,ERR,ERR,ERR,ERR,ERR,ERR,ERR,ERR,ERR,ERR,ERR,ERR,ERR,ERR,ERR,ERR,ERR,ERR,ERR,ERR,ERR,ERR,ERR,ERR,ERR,ERR,ERR,ERR,ERR,ERR,ERR,ERR,ERR,ERR,ERR,ERR,ERR,ERR,ERR,ERR,ERR,ERR,ERR,ERR,ERR,ERR,ERR,0.0,-0.0,3.028208139652935e+23,0.0,0.0,1.3936040501711995e+18,7.805,0.0,0,0,4,0,7300,-0.0,0,0.0,0.0,0.0,0.0,0.0,0,0,0,0,0.0,0,0,0,0,0,0,0,0,0,0,0,0,0,0,0,0,0,0,0,0,0,0,0,0,0,0,0,0,0,0,0,0,0,32,30,30,62,65476,0,300,0,0,8,21553,0.0,-107605600.0,0.0,0.0,0.0,0.0,0.0,0.0,0.0,0.0,0.0,0.0,0.0,0.0,0.0,0.0,0.0,0.0,0.0,0.0,0.0,0.0,2.004,-2.004,-0.0,-2.004,0.0,0.0,0.0,0.0,5438.0,564146705793024.0,6955.0,0.0,-0.0,-107615280.0,-0.0,0.0,0.0,0.0,0.0,63,0.0,-71.63,0.0,0.0,0.0,0.0,0.0,0.0,0.0,0,0,0,0.0,0.0,0.0,0.0,0.0,0.0,0.0,0.0,0.0,0.0,0.0,0.0,0.0,0.0,0.0,0.0,0,-107875648.0,63,0.0,126,2.7184242562605685e+23,-0.0,ERR,ERR,ERR,ERR,ERR,ERR,ERR,ERR,ERR,ERR,ERR,ERR,ERR,ERR,ERR,ERR,ERR,ERR,ERR,ERR,ERR,ERR,ERR,ERR,ERR,ERR,ERR,ERR,ERR,ERR,ERR,ERR,ERR,ERR,ERR,ERR,ERR,ERR,ERR,ERR,ERR,ERR,ERR,ERR,ERR,ERR,ERR,ERR,ERR,ERR,ERR,ERR,ERR,ERR,ERR,ERR,ERR,ERR,ERR,ERR,ERR,ERR,ERR,ERR,ERR,ERR,ERR,34.0,80.0,35,0.0,0.0,0.0,0.0,0.0,0.0,0.0,0.0,0.0,0.0,0.0,0.0,0.0,0.0,0.0,0.0,64.4,0,116,56,49,65476,0,300,0,0,8,20529,65476,0,0,57672,80.0,0.0,0.0,0.0,0.0,0.0
2026-06-17T04:37:43,ERR,ERR,ERR,ERR,ERR,ERR,ERR,ERR,ERR,ERR,ERR,ERR,ERR,ERR,ERR,ERR,ERR,ERR,ERR,ERR,ERR,ERR,ERR,ERR,ERR,ERR,ERR,ERR,ERR,ERR,ERR,ERR,ERR,ERR,ERR,ERR,ERR,ERR,ERR,ERR,ERR,ERR,ERR,ERR,ERR,ERR,ERR,ERR,ERR,ERR,ERR,ERR,ERR,ERR,ERR,ERR,ERR,ERR,ERR,ERR,ERR,ERR,ERR,ERR,ERR,ERR,ERR,ERR,ERR,ERR,ERR,ERR,ERR,ERR,ERR,ERR,ERR,ERR,ERR,ERR,ERR,ERR,ERR,ERR,ERR,ERR,ERR,ERR,ERR,ERR,ERR,ERR,ERR,ERR,ERR,ERR,ERR,ERR,ERR,ERR,ERR,ERR,ERR,ERR,ERR,ERR,ERR,ERR,ERR,ERR,ERR,ERR,ERR,ERR,ERR,ERR,ERR,ERR,ERR,ERR,ERR,ERR,ERR,ERR,ERR,0.0,-0.0,3.028208139652935e+23,0.0,0.0,1.3936040501711995e+18,7.805,0.0,0,0,4,0,7300,-0.0,0,0.0,0.0,0.0,0.0,0.0,0,0,0,0,0.0,0,0,0,0,0,0,0,0,0,0,0,0,0,0,0,0,0,0,0,0,0,0,0,0,0,0,0,0,0,0,0,0,0,32,30,30,62,65476,0,300,0,0,8,21553,0.0,-107605600.0,0.0,0.0,0.0,0.0,0.0,0.0,0.0,0.0,0.0,0.0,0.0,0.0,0.0,0.0,0.0,0.0,0.0,0.0,0.0,0.0,2.004,-2.004,-0.0,-2.004,0.0,0.0,0.0,0.0,5438.0,564146705793024.0,6955.0,0.0,-0.0,-107615280.0,-0.0,0.0,0.0,0.0,0.0,63,0.0,-71.63,0.0,0.0,0.0,0.0,0.0,0.0,0.0,0,0,0,0.0,0.0,0.0,0.0,0.0,0.0,0.0,0.0,0.0,0.0,0.0,0.0,0.0,0.0,0.0,0.0,0,-107875648.0,63,0.0,126,2.7184242562605685e+23,-0.0,ERR,ERR,ERR,ERR,ERR,ERR,ERR,ERR,ERR,ERR,ERR,ERR,ERR,ERR,ERR,ERR,ERR,ERR,ERR,ERR,ERR,ERR,ERR,ERR,ERR,ERR,ERR,ERR,ERR,ERR,ERR,ERR,ERR,ERR,ERR,ERR,ERR,ERR,ERR,ERR,ERR,ERR,ERR,ERR,ERR,ERR,ERR,ERR,ERR,ERR,ERR,ERR,ERR,ERR,ERR,ERR,ERR,ERR,ERR,ERR,ERR,ERR,ERR,ERR,ERR,ERR,ERR,34.0,80.0,35,0.0,0.0,0.0,0.0,0.0,0.0,0.0,0.0,0.0,0.0,0.0,0.0,0.0,0.0,0.0,0.0,64.4,0,116,56,49,65476,0,300,0,0,8,20529,65476,0,0,57672,80.0,0.0,0.0,0.0,0.0,0.0
2026-06-17T04:37:44,ERR,ERR,ERR,ERR,ERR,ERR,ERR,ERR,ERR,ERR,ERR,ERR,ERR,ERR,ERR,ERR,ERR,ERR,ERR,ERR,ERR,ERR,ERR,ERR,ERR,ERR,ERR,ERR,ERR,ERR,ERR,ERR,ERR,ERR,ERR,ERR,ERR,ERR,ERR,ERR,ERR,ERR,ERR,ERR,ERR,ERR,ERR,ERR,ERR,ERR,ERR,ERR,ERR,ERR,ERR,ERR,ERR,ERR,ERR,ERR,ERR,ERR,ERR,ERR,ERR,ERR,ERR,ERR,ERR,ERR,ERR,ERR,ERR,ERR,ERR,ERR,ERR,ERR,ERR,ERR,ERR,ERR,ERR,ERR,ERR,ERR,ERR,ERR,ERR,ERR,ERR,ERR,ERR,ERR,ERR,ERR,ERR,ERR,ERR,ERR,ERR,ERR,ERR,ERR,ERR,ERR,ERR,ERR,ERR,ERR,ERR,ERR,ERR,ERR,ERR,ERR,ERR,ERR,ERR,ERR,ERR,ERR,ERR,ERR,ERR,0.0,-0.0,3.028208139652935e+23,0.0,0.0,1.3936040501711995e+18,7.805,0.0,0,0,4,0,7300,-0.0,0,0.0,0.0,0.0,0.0,0.0,0,0,0,0,0.0,0,0,0,0,0,0,0,0,0,0,0,0,0,0,0,0,0,0,0,0,0,0,0,0,0,0,0,0,0,0,0,0,0,32,30,30,62,65476,0,300,0,0,8,21553,0.0,-107605600.0,0.0,0.0,0.0,0.0,0.0,0.0,0.0,0.0,0.0,0.0,0.0,0.0,0.0,0.0,0.0,0.0,0.0,0.0,0.0,0.0,2.004,-2.004,-0.0,-2.004,0.0,0.0,0.0,0.0,5438.0,0.0,6951.0,0.0,-0.0,-107615280.0,-0.0,0.0,0.0,0.0,0.0,63,0.0,-0.0,0.0,0.0,0.0,0.0,0.0,0.0,0.0,0,0,0,0.0,0.0,0.0,0.0,0.0,0.0,0.0,0.0,0.0,0.0,0.0,0.0,0.0,0.0,0.0,0.0,0,-107875648.0,63,0.0,126,2.7184242562605685e+23,-0.0,ERR,ERR,ERR,ERR,ERR,ERR,ERR,ERR,ERR,ERR,ERR,ERR,ERR,ERR,ERR,ERR,ERR,ERR,ERR,ERR,ERR,ERR,ERR,ERR,ERR,ERR,ERR,ERR,ERR,ERR,ERR,ERR,ERR,ERR,ERR,ERR,ERR,ERR,ERR,ERR,ERR,ERR,ERR,ERR,ERR,ERR,ERR,ERR,ERR,ERR,ERR,ERR,ERR,ERR,ERR,ERR,ERR,ERR,ERR,ERR,ERR,ERR,ERR,ERR,ERR,ERR,ERR,34.0,80.0,35,0.0,0.0,0.0,0.0,0.0,0.0,0.0,0.0,0.0,0.0,0.0,0.0,0.0,0.0,0.0,0.0,64.4,0,116,56,49,65476,0,300,0,0,8,20529,65476,0,0,57672,80.0,0.0,0.0,0.0,0.0,0.0
2026-06-17T04:37:45,ERR,ERR,ERR,ERR,ERR,ERR,ERR,ERR,ERR,ERR,ERR,ERR,ERR,ERR,ERR,ERR,ERR,ERR,ERR,ERR,ERR,ERR,ERR,ERR,ERR,ERR,ERR,ERR,ERR,ERR,ERR,ERR,ERR,ERR,ERR,ERR,ERR,ERR,ERR,ERR,ERR,ERR,ERR,ERR,ERR,ERR,ERR,ERR,ERR,ERR,ERR,ERR,ERR,ERR,ERR,ERR,ERR,ERR,ERR,ERR,ERR,ERR,ERR,ERR,ERR,ERR,ERR,ERR,ERR,ERR,ERR,ERR,ERR,ERR,ERR,ERR,ERR,ERR,ERR,ERR,ERR,ERR,ERR,ERR,ERR,ERR,ERR,ERR,ERR,ERR,ERR,ERR,ERR,ERR,ERR,ERR,ERR,ERR,ERR,ERR,ERR,ERR,ERR,ERR,ERR,ERR,ERR,ERR,ERR,ERR,ERR,ERR,ERR,ERR,ERR,ERR,ERR,ERR,ERR,ERR,ERR,ERR,ERR,ERR,ERR,0.0,-0.0,3.028208139652935e+23,0.0,0.0,1.3936040501711995e+18,7.805,0.0,0,0,4,0,7300,-0.0,0,0.0,0.0,0.0,0.0,0.0,0,0,0,0,0.0,0,0,0,0,0,0,0,0,0,0,0,0,0,0,0,0,0,0,0,0,0,0,0,0,0,0,0,0,0,0,0,0,0,32,30,30,62,65476,0,300,0,0,8,21553,0.0,-107605600.0,0.0,0.0,0.0,0.0,0.0,0.0,0.0,0.0,0.0,0.0,0.0,0.0,0.0,0.0,0.0,0.0,0.0,0.0,0.0,0.0,2.004,-2.004,-0.0,-2.004,0.0,0.0,0.0,0.0,5438.0,0.0,6951.0,0.0,-0.0,-107615280.0,-0.0,0.0,0.0,0.0,0.0,63,0.0,-0.0,0.0,0.0,0.0,0.0,0.0,0.0,0.0,0,0,0,0.0,0.0,0.0,0.0,0.0,0.0,0.0,0.0,0.0,0.0,0.0,0.0,0.0,0.0,0.0,0.0,0,-107875648.0,63,0.0,126,2.7184242562605685e+23,-0.0,ERR,ERR,ERR,ERR,ERR,ERR,ERR,ERR,ERR,ERR,ERR,ERR,ERR,ERR,ERR,ERR,ERR,ERR,ERR,ERR,ERR,ERR,ERR,ERR,ERR,ERR,ERR,ERR,ERR,ERR,ERR,ERR,ERR,ERR,ERR,ERR,ERR,ERR,ERR,ERR,ERR,ERR,ERR,ERR,ERR,ERR,ERR,ERR,ERR,ERR,ERR,ERR,ERR,ERR,ERR,ERR,ERR,ERR,ERR,ERR,ERR,ERR,ERR,ERR,ERR,ERR,ERR,34.0,80.0,35,0.0,0.0,0.0,0.0,0.0,0.0,0.0,0.0,0.0,0.0,0.0,0.0,0.0,0.0,0.0,0.0,64.4,0,116,56,49,65476,0,300,0,0,8,20529,65476,0,0,57672,80.0,0.0,0.0,0.0,0.0,0.0
2026-06-17T04:37:46,ERR,ERR,ERR,ERR,ERR,ERR,ERR,ERR,ERR,ERR,ERR,ERR,ERR,ERR,ERR,ERR,ERR,ERR,ERR,ERR,ERR,ERR,ERR,ERR,ERR,ERR,ERR,ERR,ERR,ERR,ERR,ERR,ERR,ERR,ERR,ERR,ERR,ERR,ERR,ERR,ERR,ERR,ERR,ERR,ERR,ERR,ERR,ERR,ERR,ERR,ERR,ERR,ERR,ERR,ERR,ERR,ERR,ERR,ERR,ERR,ERR,ERR,ERR,ERR,ERR,ERR,ERR,ERR,ERR,ERR,ERR,ERR,ERR,ERR,ERR,ERR,ERR,ERR,ERR,ERR,ERR,ERR,ERR,ERR,ERR,ERR,ERR,ERR,ERR,ERR,ERR,ERR,ERR,ERR,ERR,ERR,ERR,ERR,ERR,ERR,ERR,ERR,ERR,ERR,ERR,ERR,ERR,ERR,ERR,ERR,ERR,ERR,ERR,ERR,ERR,ERR,ERR,ERR,ERR,ERR,ERR,ERR,ERR,ERR,ERR,0.0,-0.0,3.028208139652935e+23,0.0,0.0,1.3936040501711995e+18,7.805,0.0,0,0,4,0,7300,-0.0,0,0.0,0.0,0.0,0.0,0.0,0,0,0,0,0.0,0,0,0,0,0,0,0,0,0,0,0,0,0,0,0,0,0,0,0,0,0,0,0,0,0,0,0,0,0,0,0,0,0,32,30,30,62,65476,0,300,0,0,8,21553,0.0,-107605600.0,0.0,0.0,0.0,0.0,0.0,0.0,0.0,0.0,0.0,0.0,0.0,0.0,0.0,0.0,0.0,0.0,0.0,0.0,0.0,0.0,2.004,-2.004,-0.0,-2.004,0.0,0.0,0.0,0.0,5438.0,0.0,6951.0,0.0,-0.0,-107615280.0,-0.0,0.0,0.0,0.0,0.0,63,0.0,-0.0,0.0,0.0,0.0,0.0,0.0,0.0,0.0,0,0,0,0.0,0.0,0.0,0.0,0.0,0.0,0.0,0.0,0.0,0.0,0.0,0.0,0.0,0.0,0.0,0.0,0,-107875648.0,63,0.0,126,2.7184242562605685e+23,-0.0,ERR,ERR,ERR,ERR,ERR,ERR,ERR,ERR,ERR,ERR,ERR,ERR,ERR,ERR,ERR,ERR,ERR,ERR,ERR,ERR,ERR,ERR,ERR,ERR,ERR,ERR,ERR,ERR,ERR,ERR,ERR,ERR,ERR,ERR,ERR,ERR,ERR,ERR,ERR,ERR,ERR,ERR,ERR,ERR,ERR,ERR,ERR,ERR,ERR,ERR,ERR,ERR,ERR,ERR,ERR,ERR,ERR,ERR,ERR,ERR,ERR,ERR,ERR,ERR,ERR,ERR,ERR,34.0,80.0,35,0.0,0.0,0.0,0.0,0.0,0.0,0.0,0.0,0.0,0.0,0.0,0.0,0.0,0.0,0.0,0.0,64.4,0,116,56,49,65476,0,300,0,0,8,20529,65476,0,0,57672,80.0,0.0,0.0,0.0,0.0,0.0
2026-06-17T04:37:47,ERR,ERR,ERR,ERR,ERR,ERR,ERR,ERR,ERR,ERR,ERR,ERR,ERR,ERR,ERR,ERR,ERR,ERR,ERR,ERR,ERR,ERR,ERR,ERR,ERR,ERR,ERR,ERR,ERR,ERR,ERR,ERR,ERR,ERR,ERR,ERR,ERR,ERR,ERR,ERR,ERR,ERR,ERR,ERR,ERR,ERR,ERR,ERR,ERR,ERR,ERR,ERR,ERR,ERR,ERR,ERR,ERR,ERR,ERR,ERR,ERR,ERR,ERR,ERR,ERR,ERR,ERR,ERR,ERR,ERR,ERR,ERR,ERR,ERR,ERR,ERR,ERR,ERR,ERR,ERR,ERR,ERR,ERR,ERR,ERR,ERR,ERR,ERR,ERR,ERR,ERR,ERR,ERR,ERR,ERR,ERR,ERR,ERR,ERR,ERR,ERR,ERR,ERR,ERR,ERR,ERR,ERR,ERR,ERR,ERR,ERR,ERR,ERR,ERR,ERR,ERR,ERR,ERR,ERR,ERR,ERR,ERR,ERR,ERR,ERR,0.0,-0.0,3.028208139652935e+23,0.0,0.0,1.3936040501711995e+18,7.805,0.0,0,0,4,0,7300,-0.0,0,0.0,0.0,0.0,0.0,0.0,0,0,0,0,0.0,0,0,0,0,0,0,0,0,0,0,0,0,0,0,0,0,0,0,0,0,0,0,0,0,0,0,0,0,0,0,0,0,0,32,30,30,62,65476,0,300,0,0,8,21553,0.0,-107605600.0,0.0,0.0,0.0,0.0,0.0,0.0,0.0,0.0,0.0,0.0,0.0,0.0,0.0,0.0,0.0,0.0,0.0,0.0,0.0,0.0,2.004,-2.004,-0.0,-2.004,0.0,0.0,0.0,0.0,5438.0,0.0,6951.0,0.0,-0.0,-107615280.0,-0.0,0.0,0.0,0.0,0.0,63,0.0,-0.0,0.0,0.0,0.0,0.0,0.0,0.0,0.0,0,0,0,0.0,0.0,0.0,0.0,0.0,0.0,0.0,0.0,0.0,0.0,0.0,0.0,0.0,0.0,0.0,0.0,0,-107875648.0,63,0.0,126,2.7184242562605685e+23,-0.0,ERR,ERR,ERR,ERR,ERR,ERR,ERR,ERR,ERR,ERR,ERR,ERR,ERR,ERR,ERR,ERR,ERR,ERR,ERR,ERR,ERR,ERR,ERR,ERR,ERR,ERR,ERR,ERR,ERR,ERR,ERR,ERR,ERR,ERR,ERR,ERR,ERR,ERR,ERR,ERR,ERR,ERR,ERR,ERR,ERR,ERR,ERR,ERR,ERR,ERR,ERR,ERR,ERR,ERR,ERR,ERR,ERR,ERR,ERR,ERR,ERR,ERR,ERR,ERR,ERR,ERR,ERR,34.0,80.0,35,0.0,0.0,0.0,0.0,0.0,0.0,0.0,0.0,0.0,0.0,0.0,0.0,0.0,0.0,0.0,0.0,64.8,0,116,56,49,65476,0,300,0,0,8,20529,65476,0,0,57672,80.0,0.0,0.0,0.0,0.0,0.0
2026-06-17T04:37:48,ERR,ERR,ERR,ERR,ERR,ERR,ERR,ERR,ERR,ERR,ERR,ERR,ERR,ERR,ERR,ERR,ERR,ERR,ERR,ERR,ERR,ERR,ERR,ERR,ERR,ERR,ERR,ERR,ERR,ERR,ERR,ERR,ERR,ERR,ERR,ERR,ERR,ERR,ERR,ERR,ERR,ERR,ERR,ERR,ERR,ERR,ERR,ERR,ERR,ERR,ERR,ERR,ERR,ERR,ERR,ERR,ERR,ERR,ERR,ERR,ERR,ERR,ERR,ERR,ERR,ERR,ERR,ERR,ERR,ERR,ERR,ERR,ERR,ERR,ERR,ERR,ERR,ERR,ERR,ERR,ERR,ERR,ERR,ERR,ERR,ERR,ERR,ERR,ERR,ERR,ERR,ERR,ERR,ERR,ERR,ERR,ERR,ERR,ERR,ERR,ERR,ERR,ERR,ERR,ERR,ERR,ERR,ERR,ERR,ERR,ERR,ERR,ERR,ERR,ERR,ERR,ERR,ERR,ERR,ERR,ERR,ERR,ERR,ERR,ERR,0.0,-0.0,3.028208139652935e+23,0.0,0.0,1.3936040501711995e+18,7.805,0.0,0,0,4,0,7300,-0.0,0,0.0,0.0,0.0,0.0,0.0,0,0,0,0,0.0,0,0,0,0,0,0,0,0,0,0,0,0,0,0,0,0,0,0,0,0,0,0,0,0,0,0,0,0,0,0,0,0,0,32,30,30,62,65476,0,300,0,0,8,21553,0.0,-107605600.0,0.0,0.0,0.0,0.0,0.0,0.0,0.0,0.0,0.0,0.0,0.0,0.0,0.0,0.0,0.0,0.0,0.0,0.0,0.0,0.0,2.004,-2.004,-0.0,-2.004,0.0,0.0,0.0,0.0,5438.0,0.0,6951.0,0.0,-0.0,-107615280.0,-0.0,0.0,0.0,0.0,0.0,63,0.0,-0.0,0.0,0.0,0.0,0.0,0.0,0.0,0.0,0,0,0,0.0,0.0,0.0,0.0,0.0,0.0,0.0,0.0,0.0,0.0,0.0,0.0,0.0,0.0,0.0,0.0,0,-107875648.0,63,0.0,126,2.7184242562605685e+23,-0.0,ERR,ERR,ERR,ERR,ERR,ERR,ERR,ERR,ERR,ERR,ERR,ERR,ERR,ERR,ERR,ERR,ERR,ERR,ERR,ERR,ERR,ERR,ERR,ERR,ERR,ERR,ERR,ERR,ERR,ERR,ERR,ERR,ERR,ERR,ERR,ERR,ERR,ERR,ERR,ERR,ERR,ERR,ERR,ERR,ERR,ERR,ERR,ERR,ERR,ERR,ERR,ERR,ERR,ERR,ERR,ERR,ERR,ERR,ERR,ERR,ERR,ERR,ERR,ERR,ERR,ERR,ERR,34.0,80.0,35,0.0,0.0,0.0,0.0,0.0,0.0,0.0,0.0,0.0,0.0,0.0,0.0,0.0,0.0,0.0,0.0,64.8,0,116,56,49,65476,0,300,0,0,8,20529,65476,0,0,57672,80.0,0.0,0.0,0.0,0.0,0.0
2026-06-17T04:37:49,ERR,ERR,ERR,ERR,ERR,ERR,ERR,ERR,ERR,ERR,ERR,ERR,ERR,ERR,ERR,ERR,ERR,ERR,ERR,ERR,ERR,ERR,ERR,ERR,ERR,ERR,ERR,ERR,ERR,ERR,ERR,ERR,ERR,ERR,ERR,ERR,ERR,ERR,ERR,ERR,ERR,ERR,ERR,ERR,ERR,ERR,ERR,ERR,ERR,ERR,ERR,ERR,ERR,ERR,ERR,ERR,ERR,ERR,ERR,ERR,ERR,ERR,ERR,ERR,ERR,ERR,ERR,ERR,ERR,ERR,ERR,ERR,ERR,ERR,ERR,ERR,ERR,ERR,ERR,ERR,ERR,ERR,ERR,ERR,ERR,ERR,ERR,ERR,ERR,ERR,ERR,ERR,ERR,ERR,ERR,ERR,ERR,ERR,ERR,ERR,ERR,ERR,ERR,ERR,ERR,ERR,ERR,ERR,ERR,ERR,ERR,ERR,ERR,ERR,ERR,ERR,ERR,ERR,ERR,ERR,ERR,ERR,ERR,ERR,ERR,0.0,-0.0,3.028208139652935e+23,0.0,0.0,1.3936040501711995e+18,7.805,0.0,0,0,4,0,7300,-0.0,0,0.0,0.0,0.0,0.0,0.0,0,0,0,0,0.0,0,0,0,0,0,0,0,0,0,0,0,0,0,0,0,0,0,0,0,0,0,0,0,0,0,0,0,0,0,0,0,0,0,32,30,30,62,65476,0,300,0,0,8,21553,0.0,-107605600.0,0.0,0.0,0.0,0.0,0.0,0.0,0.0,0.0,0.0,0.0,0.0,0.0,0.0,0.0,0.0,0.0,0.0,0.0,0.0,0.0,2.004,-2.004,-0.0,-2.004,0.0,0.0,0.0,0.0,5438.0,2.004,6952.0,0.0,-0.0,-107615280.0,-0.0,0.0,0.0,0.0,0.0,63,0.0,-0.0,0.0,0.0,0.0,0.0,0.0,0.0,0.0,0,0,0,0.0,0.0,0.0,0.0,0.0,0.0,0.0,0.0,0.0,0.0,0.0,0.0,0.0,0.0,0.0,0.0,0,-107875648.0,63,0.0,126,2.7184242562605685e+23,-0.0,ERR,ERR,ERR,ERR,ERR,ERR,ERR,ERR,ERR,ERR,ERR,ERR,ERR,ERR,ERR,ERR,ERR,ERR,ERR,ERR,ERR,ERR,ERR,ERR,ERR,ERR,ERR,ERR,ERR,ERR,ERR,ERR,ERR,ERR,ERR,ERR,ERR,ERR,ERR,ERR,ERR,ERR,ERR,ERR,ERR,ERR,ERR,ERR,ERR,ERR,ERR,ERR,ERR,ERR,ERR,ERR,ERR,ERR,ERR,ERR,ERR,ERR,ERR,ERR,ERR,ERR,ERR,34.0,80.0,35,0.0,0.0,0.0,0.0,0.0,0.0,0.0,0.0,0.0,0.0,0.0,0.0,0.0,0.0,0.0,0.0,64.4,0,116,56,49,65476,0,300,0,0,8,20529,65476,0,0,57672,80.0,0.0,0.0,0.0,0.0,0.0
2026-06-17T04:37:50,ERR,ERR,ERR,ERR,ERR,ERR,ERR,ERR,ERR,ERR,ERR,ERR,ERR,ERR,ERR,ERR,ERR,ERR,ERR,ERR,ERR,ERR,ERR,ERR,ERR,ERR,ERR,ERR,ERR,ERR,ERR,ERR,ERR,ERR,ERR,ERR,ERR,ERR,ERR,ERR,ERR,ERR,ERR,ERR,ERR,ERR,ERR,ERR,ERR,ERR,ERR,ERR,ERR,ERR,ERR,ERR,ERR,ERR,ERR,ERR,ERR,ERR,ERR,ERR,ERR,ERR,ERR,ERR,ERR,ERR,ERR,ERR,ERR,ERR,ERR,ERR,ERR,ERR,ERR,ERR,ERR,ERR,ERR,ERR,ERR,ERR,ERR,ERR,ERR,ERR,ERR,ERR,ERR,ERR,ERR,ERR,ERR,ERR,ERR,ERR,ERR,ERR,ERR,ERR,ERR,ERR,ERR,ERR,ERR,ERR,ERR,ERR,ERR,ERR,ERR,ERR,ERR,ERR,ERR,ERR,ERR,ERR,ERR,ERR,ERR,0.0,-0.0,3.028208139652935e+23,0.0,0.0,1.3936040501711995e+18,7.805,0.0,0,0,4,0,7300,-0.0,0,0.0,0.0,0.0,0.0,0.0,0,0,0,0,0.0,0,0,0,0,0,0,0,0,0,0,0,0,0,0,0,0,0,0,0,0,0,0,0,0,0,0,0,0,0,0,0,0,0,32,30,30,62,65476,0,300,0,0,8,21553,0.0,-107605600.0,0.0,0.0,0.0,0.0,0.0,0.0,0.0,0.0,0.0,0.0,0.0,0.0,0.0,0.0,0.0,0.0,0.0,0.0,0.0,0.0,2.004,-2.004,-0.0,-2.004,0.0,0.0,0.0,0.0,5438.0,2.004,6952.0,0.0,-0.0,-107615280.0,-0.0,0.0,0.0,0.0,0.0,63,0.0,-0.0,0.0,0.0,0.0,0.0,0.0,0.0,0.0,0,0,0,0.0,0.0,0.0,0.0,0.0,0.0,0.0,0.0,0.0,0.0,0.0,0.0,0.0,0.0,0.0,0.0,0,-107875648.0,63,0.0,126,2.7184242562605685e+23,-0.0,ERR,ERR,ERR,ERR,ERR,ERR,ERR,ERR,ERR,ERR,ERR,ERR,ERR,ERR,ERR,ERR,ERR,ERR,ERR,ERR,ERR,ERR,ERR,ERR,ERR,ERR,ERR,ERR,ERR,ERR,ERR,ERR,ERR,ERR,ERR,ERR,ERR,ERR,ERR,ERR,ERR,ERR,ERR,ERR,ERR,ERR,ERR,ERR,ERR,ERR,ERR,ERR,ERR,ERR,ERR,ERR,ERR,ERR,ERR,ERR,ERR,ERR,ERR,ERR,ERR,ERR,ERR,34.0,80.0,35,0.0,0.0,0.0,0.0,0.0,0.0,0.0,0.0,0.0,0.0,0.0,0.0,0.0,0.0,0.0,0.0,64.4,0,116,56,49,65476,0,300,0,0,8,20529,65476,0,0,57672,80.0,0.0,0.0,0.0,0.0,0.0
2026-06-17T04:37:51,ERR,ERR,ERR,ERR,ERR,ERR,ERR,ERR,ERR,ERR,ERR,ERR,ERR,ERR,ERR,ERR,ERR,ERR,ERR,ERR,ERR,ERR,ERR,ERR,ERR,ERR,ERR,ERR,ERR,ERR,ERR,ERR,ERR,ERR,ERR,ERR,ERR,ERR,ERR,ERR,ERR,ERR,ERR,ERR,ERR,ERR,ERR,ERR,ERR,ERR,ERR,ERR,ERR,ERR,ERR,ERR,ERR,ERR,ERR,ERR,ERR,ERR,ERR,ERR,ERR,ERR,ERR,ERR,ERR,ERR,ERR,ERR,ERR,ERR,ERR,ERR,ERR,ERR,ERR,ERR,ERR,ERR,ERR,ERR,ERR,ERR,ERR,ERR,ERR,ERR,ERR,ERR,ERR,ERR,ERR,ERR,ERR,ERR,ERR,ERR,ERR,ERR,ERR,ERR,ERR,ERR,ERR,ERR,ERR,ERR,ERR,ERR,ERR,ERR,ERR,ERR,ERR,ERR,ERR,ERR,ERR,ERR,ERR,ERR,ERR,0.0,-0.0,3.028208139652935e+23,0.0,0.0,1.3936040501711995e+18,7.805,0.0,0,0,4,0,7300,-0.0,0,0.0,0.0,0.0,0.0,0.0,0,0,0,0,0.0,0,0,0,0,0,0,0,0,0,0,0,0,0,0,0,0,0,0,0,0,0,0,0,0,0,0,0,0,0,0,0,0,0,32,30,30,62,65476,0,300,0,0,8,21553,0.0,-107605600.0,0.0,0.0,0.0,0.0,0.0,0.0,0.0,0.0,0.0,0.0,0.0,0.0,0.0,0.0,0.0,0.0,0.0,0.0,0.0,0.0,2.004,-2.004,-0.0,-2.004,0.0,0.0,0.0,0.0,5438.0,2.004,6952.0,0.0,-0.0,-107615280.0,-0.0,0.0,0.0,0.0,0.0,63,0.0,-0.0,0.0,0.0,0.0,0.0,0.0,0.0,0.0,0,0,0,0.0,0.0,0.0,0.0,0.0,0.0,0.0,0.0,0.0,0.0,0.0,0.0,0.0,0.0,0.0,0.0,0,-107875648.0,63,0.0,126,2.7184242562605685e+23,-0.0,ERR,ERR,ERR,ERR,ERR,ERR,ERR,ERR,ERR,ERR,ERR,ERR,ERR,ERR,ERR,ERR,ERR,ERR,ERR,ERR,ERR,ERR,ERR,ERR,ERR,ERR,ERR,ERR,ERR,ERR,ERR,ERR,ERR,ERR,ERR,ERR,ERR,ERR,ERR,ERR,ERR,ERR,ERR,ERR,ERR,ERR,ERR,ERR,ERR,ERR,ERR,ERR,ERR,ERR,ERR,ERR,ERR,ERR,ERR,ERR,ERR,ERR,ERR,ERR,ERR,ERR,ERR,34.0,80.0,35,0.0,0.0,0.0,0.0,0.0,0.0,0.0,0.0,0.0,0.0,0.0,0.0,0.0,0.0,0.0,0.0,64.8,0,116,56,49,65476,0,300,0,0,8,20529,65476,0,0,57672,80.0,0.0,0.0,0.0,0.0,0.0
2026-06-17T04:37:52,ERR,ERR,ERR,ERR,ERR,ERR,ERR,ERR,ERR,ERR,ERR,ERR,ERR,ERR,ERR,ERR,ERR,ERR,ERR,ERR,ERR,ERR,ERR,ERR,ERR,ERR,ERR,ERR,ERR,ERR,ERR,ERR,ERR,ERR,ERR,ERR,ERR,ERR,ERR,ERR,ERR,ERR,ERR,ERR,ERR,ERR,ERR,ERR,ERR,ERR,ERR,ERR,ERR,ERR,ERR,ERR,ERR,ERR,ERR,ERR,ERR,ERR,ERR,ERR,ERR,ERR,ERR,ERR,ERR,ERR,ERR,ERR,ERR,ERR,ERR,ERR,ERR,ERR,ERR,ERR,ERR,ERR,ERR,ERR,ERR,ERR,ERR,ERR,ERR,ERR,ERR,ERR,ERR,ERR,ERR,ERR,ERR,ERR,ERR,ERR,ERR,ERR,ERR,ERR,ERR,ERR,ERR,ERR,ERR,ERR,ERR,ERR,ERR,ERR,ERR,ERR,ERR,ERR,ERR,ERR,ERR,ERR,ERR,ERR,ERR,0.0,-0.0,3.028208139652935e+23,0.0,0.0,1.3936040501711995e+18,7.805,0.0,0,0,4,0,7300,-0.0,0,0.0,0.0,0.0,0.0,0.0,0,0,0,0,0.0,0,0,0,0,0,0,0,0,0,0,0,0,0,0,0,0,0,0,0,0,0,0,0,0,0,0,0,0,0,0,0,0,0,32,30,30,62,65476,0,300,0,0,8,21553,0.0,-107605600.0,0.0,0.0,0.0,0.0,0.0,0.0,0.0,0.0,0.0,0.0,0.0,0.0,0.0,0.0,0.0,0.0,0.0,0.0,0.0,0.0,2.004,-2.004,-0.0,-2.004,0.0,0.0,0.0,0.0,5438.0,2.004,6952.0,0.0,-0.0,-107615280.0,-0.0,0.0,0.0,0.0,0.0,63,0.0,-0.0,0.0,0.0,0.0,0.0,0.0,0.0,0.0,0,0,0,0.0,0.0,0.0,0.0,0.0,0.0,0.0,0.0,0.0,0.0,0.0,0.0,0.0,0.0,0.0,0.0,0,-107875648.0,63,0.0,126,2.7184242562605685e+23,-0.0,ERR,ERR,ERR,ERR,ERR,ERR,ERR,ERR,ERR,ERR,ERR,ERR,ERR,ERR,ERR,ERR,ERR,ERR,ERR,ERR,ERR,ERR,ERR,ERR,ERR,ERR,ERR,ERR,ERR,ERR,ERR,ERR,ERR,ERR,ERR,ERR,ERR,ERR,ERR,ERR,ERR,ERR,ERR,ERR,ERR,ERR,ERR,ERR,ERR,ERR,ERR,ERR,ERR,ERR,ERR,ERR,ERR,ERR,ERR,ERR,ERR,ERR,ERR,ERR,ERR,ERR,ERR,34.0,80.0,35,0.0,0.0,0.0,0.0,0.0,0.0,0.0,0.0,0.0,0.0,0.0,0.0,0.0,0.0,0.0,0.0,64.8,0,116,56,49,65476,0,300,0,0,8,20529,65476,0,0,57672,80.0,0.0,0.0,0.0,0.0,0.0
2026-06-17T04:37:53,ERR,ERR,ERR,ERR,ERR,ERR,ERR,ERR,ERR,ERR,ERR,ERR,ERR,ERR,ERR,ERR,ERR,ERR,ERR,ERR,ERR,ERR,ERR,ERR,ERR,ERR,ERR,ERR,ERR,ERR,ERR,ERR,ERR,ERR,ERR,ERR,ERR,ERR,ERR,ERR,ERR,ERR,ERR,ERR,ERR,ERR,ERR,ERR,ERR,ERR,ERR,ERR,ERR,ERR,ERR,ERR,ERR,ERR,ERR,ERR,ERR,ERR,ERR,ERR,ERR,ERR,ERR,ERR,ERR,ERR,ERR,ERR,ERR,ERR,ERR,ERR,ERR,ERR,ERR,ERR,ERR,ERR,ERR,ERR,ERR,ERR,ERR,ERR,ERR,ERR,ERR,ERR,ERR,ERR,ERR,ERR,ERR,ERR,ERR,ERR,ERR,ERR,ERR,ERR,ERR,ERR,ERR,ERR,ERR,ERR,ERR,ERR,ERR,ERR,ERR,ERR,ERR,ERR,ERR,ERR,ERR,ERR,ERR,ERR,ERR,0.0,-0.0,3.028208139652935e+23,0.0,0.0,1.3936040501711995e+18,7.805,0.0,0,0,4,0,7300,-0.0,0,0.0,0.0,0.0,0.0,0.0,0,0,0,0,0.0,0,0,0,0,0,0,0,0,0,0,0,0,0,0,0,0,0,0,0,0,0,0,0,0,0,0,0,0,0,0,0,0,0,32,30,30,62,65476,0,300,0,0,8,21553,0.0,-107605600.0,0.0,0.0,0.0,0.0,0.0,0.0,0.0,0.0,0.0,0.0,0.0,0.0,0.0,0.0,0.0,0.0,0.0,0.0,0.0,0.0,2.004,-2.004,-0.0,-2.004,0.0,0.0,0.0,0.0,5438.0,2.004,6952.0,0.0,-0.0,-107615280.0,-0.0,0.0,0.0,0.0,0.0,63,0.0,-0.0,0.0,0.0,0.0,0.0,0.0,0.0,0.0,0,0,0,0.0,0.0,0.0,0.0,0.0,0.0,0.0,0.0,0.0,0.0,0.0,0.0,0.0,0.0,0.0,0.0,0,-107875648.0,63,0.0,126,2.7184242562605685e+23,-0.0,ERR,ERR,ERR,ERR,ERR,ERR,ERR,ERR,ERR,ERR,ERR,ERR,ERR,ERR,ERR,ERR,ERR,ERR,ERR,ERR,ERR,ERR,ERR,ERR,ERR,ERR,ERR,ERR,ERR,ERR,ERR,ERR,ERR,ERR,ERR,ERR,ERR,ERR,ERR,ERR,ERR,ERR,ERR,ERR,ERR,ERR,ERR,ERR,ERR,ERR,ERR,ERR,ERR,ERR,ERR,ERR,ERR,ERR,ERR,ERR,ERR,ERR,ERR,ERR,ERR,ERR,ERR,34.0,80.0,35,0.0,0.0,0.0,0.0,0.0,0.0,0.0,0.0,0.0,0.0,0.0,0.0,0.0,0.0,0.0,0.0,64.8,0,116,56,49,65476,0,300,0,0,8,20529,65476,0,0,57672,80.0,0.0,0.0,0.0,0.0,0.0
2026-06-17T04:37:54,ERR,ERR,ERR,ERR,ERR,ERR,ERR,ERR,ERR,ERR,ERR,ERR,ERR,ERR,ERR,ERR,ERR,ERR,ERR,ERR,ERR,ERR,ERR,ERR,ERR,ERR,ERR,ERR,ERR,ERR,ERR,ERR,ERR,ERR,ERR,ERR,ERR,ERR,ERR,ERR,ERR,ERR,ERR,ERR,ERR,ERR,ERR,ERR,ERR,ERR,ERR,ERR,ERR,ERR,ERR,ERR,ERR,ERR,ERR,ERR,ERR,ERR,ERR,ERR,ERR,ERR,ERR,ERR,ERR,ERR,ERR,ERR,ERR,ERR,ERR,ERR,ERR,ERR,ERR,ERR,ERR,ERR,ERR,ERR,ERR,ERR,ERR,ERR,ERR,ERR,ERR,ERR,ERR,ERR,ERR,ERR,ERR,ERR,ERR,ERR,ERR,ERR,ERR,ERR,ERR,ERR,ERR,ERR,ERR,ERR,ERR,ERR,ERR,ERR,ERR,ERR,ERR,ERR,ERR,ERR,ERR,ERR,ERR,ERR,ERR,0.0,-0.0,3.028208139652935e+23,0.0,0.0,1.3936040501711995e+18,7.805,0.0,0,0,4,0,7300,-0.0,0,0.0,0.0,0.0,0.0,0.0,0,0,0,0,0.0,0,0,0,0,0,0,0,0,0,0,0,0,0,0,0,0,0,0,0,0,0,0,0,0,0,0,0,0,0,0,0,0,0,32,30,30,62,65476,0,300,0,0,8,21553,0.0,-107605600.0,0.0,0.0,0.0,0.0,0.0,0.0,0.0,0.0,0.0,0.0,0.0,0.0,0.0,0.0,0.0,0.0,0.0,0.0,0.0,0.0,2.004,-2.004,-0.0,-2.004,0.0,0.0,0.0,0.0,5438.0,131350.641,6953.0,0.0,-0.0,-107615280.0,-0.0,0.0,0.0,0.0,0.0,63,0.0,-0.0,0.0,0.0,0.0,0.0,0.0,0.0,0.0,0,0,0,0.0,0.0,0.0,0.0,0.0,0.0,0.0,0.0,0.0,0.0,0.0,0.0,0.0,0.0,0.0,0.0,0,-107875648.0,63,0.0,126,2.7184242562605685e+23,-0.0,ERR,ERR,ERR,ERR,ERR,ERR,ERR,ERR,ERR,ERR,ERR,ERR,ERR,ERR,ERR,ERR,ERR,ERR,ERR,ERR,ERR,ERR,ERR,ERR,ERR,ERR,ERR,ERR,ERR,ERR,ERR,ERR,ERR,ERR,ERR,ERR,ERR,ERR,ERR,ERR,ERR,ERR,ERR,ERR,ERR,ERR,ERR,ERR,ERR,ERR,ERR,ERR,ERR,ERR,ERR,ERR,ERR,ERR,ERR,ERR,ERR,ERR,ERR,ERR,ERR,ERR,ERR,34.0,80.0,35,0.0,0.0,0.0,0.0,0.0,0.0,0.0,0.0,0.0,0.0,0.0,0.0,0.0,0.0,0.0,0.0,64.4,0,116,56,49,65476,0,300,0,0,8,20529,65476,0,0,57672,80.0,0.0,0.0,0.0,0.0,0.0
2026-06-17T04:37:55,ERR,ERR,ERR,ERR,ERR,ERR,ERR,ERR,ERR,ERR,ERR,ERR,ERR,ERR,ERR,ERR,ERR,ERR,ERR,ERR,ERR,ERR,ERR,ERR,ERR,ERR,ERR,ERR,ERR,ERR,ERR,ERR,ERR,ERR,ERR,ERR,ERR,ERR,ERR,ERR,ERR,ERR,ERR,ERR,ERR,ERR,ERR,ERR,ERR,ERR,ERR,ERR,ERR,ERR,ERR,ERR,ERR,ERR,ERR,ERR,ERR,ERR,ERR,ERR,ERR,ERR,ERR,ERR,ERR,ERR,ERR,ERR,ERR,ERR,ERR,ERR,ERR,ERR,ERR,ERR,ERR,ERR,ERR,ERR,ERR,ERR,ERR,ERR,ERR,ERR,ERR,ERR,ERR,ERR,ERR,ERR,ERR,ERR,ERR,ERR,ERR,ERR,ERR,ERR,ERR,ERR,ERR,ERR,ERR,ERR,ERR,ERR,ERR,ERR,ERR,ERR,ERR,ERR,ERR,ERR,ERR,ERR,ERR,ERR,ERR,0.0,-0.0,3.028208139652935e+23,0.0,0.0,1.3936040501711995e+18,7.805,0.0,0,0,4,0,7300,-0.0,0,0.0,0.0,0.0,0.0,0.0,0,0,0,0,0.0,0,0,0,0,0,0,0,0,0,0,0,0,0,0,0,0,0,0,0,0,0,0,0,0,0,0,0,0,0,0,0,0,0,32,30,30,62,65476,0,300,0,0,8,21553,0.0,-107605600.0,0.0,0.0,0.0,0.0,0.0,0.0,0.0,0.0,0.0,0.0,0.0,0.0,0.0,0.0,0.0,0.0,0.0,0.0,0.0,0.0,2.004,-2.004,-0.0,-2.004,0.0,0.0,0.0,0.0,5438.0,131350.641,6953.0,0.0,-0.0,-107615280.0,-0.0,0.0,0.0,0.0,0.0,63,0.0,-0.0,0.0,0.0,0.0,0.0,0.0,0.0,0.0,0,0,0,0.0,0.0,0.0,0.0,0.0,0.0,0.0,0.0,0.0,0.0,0.0,0.0,0.0,0.0,0.0,0.0,0,-107875648.0,63,0.0,126,2.7184242562605685e+23,-0.0,ERR,ERR,ERR,ERR,ERR,ERR,ERR,ERR,ERR,ERR,ERR,ERR,ERR,ERR,ERR,ERR,ERR,ERR,ERR,ERR,ERR,ERR,ERR,ERR,ERR,ERR,ERR,ERR,ERR,ERR,ERR,ERR,ERR,ERR,ERR,ERR,ERR,ERR,ERR,ERR,ERR,ERR,ERR,ERR,ERR,ERR,ERR,ERR,ERR,ERR,ERR,ERR,ERR,ERR,ERR,ERR,ERR,ERR,ERR,ERR,ERR,ERR,ERR,ERR,ERR,ERR,ERR,34.0,80.0,35,0.0,0.0,0.0,0.0,0.0,0.0,0.0,0.0,0.0,0.0,0.0,0.0,0.0,0.0,0.0,0.0,64.4,0,116,56,49,65476,0,300,0,0,8,20529,65476,0,0,57672,80.0,0.0,0.0,0.0,0.0,0.0
2026-06-17T04:37:56,ERR,ERR,ERR,ERR,ERR,ERR,ERR,ERR,ERR,ERR,ERR,ERR,ERR,ERR,ERR,ERR,ERR,ERR,ERR,ERR,ERR,ERR,ERR,ERR,ERR,ERR,ERR,ERR,ERR,ERR,ERR,ERR,ERR,ERR,ERR,ERR,ERR,ERR,ERR,ERR,ERR,ERR,ERR,ERR,ERR,ERR,ERR,ERR,ERR,ERR,ERR,ERR,ERR,ERR,ERR,ERR,ERR,ERR,ERR,ERR,ERR,ERR,ERR,ERR,ERR,ERR,ERR,ERR,ERR,ERR,ERR,ERR,ERR,ERR,ERR,ERR,ERR,ERR,ERR,ERR,ERR,ERR,ERR,ERR,ERR,ERR,ERR,ERR,ERR,ERR,ERR,ERR,ERR,ERR,ERR,ERR,ERR,ERR,ERR,ERR,ERR,ERR,ERR,ERR,ERR,ERR,ERR,ERR,ERR,ERR,ERR,ERR,ERR,ERR,ERR,ERR,ERR,ERR,ERR,ERR,ERR,ERR,ERR,ERR,ERR,0.0,-0.0,3.028208139652935e+23,0.0,0.0,1.3936040501711995e+18,7.805,0.0,0,0,4,0,7300,-0.0,0,0.0,0.0,0.0,0.0,0.0,0,0,0,0,0.0,0,0,0,0,0,0,0,0,0,0,0,0,0,0,0,0,0,0,0,0,0,0,0,0,0,0,0,0,0,0,0,0,0,32,30,30,62,65476,0,300,0,0,8,21553,0.0,-107605600.0,0.0,0.0,0.0,0.0,0.0,0.0,0.0,0.0,0.0,0.0,0.0,0.0,0.0,0.0,0.0,0.0,0.0,0.0,0.0,0.0,2.004,-2.004,-0.0,-2.004,0.0,0.0,0.0,0.0,5438.0,131350.641,6953.0,0.0,-0.0,-107615280.0,-0.0,0.0,0.0,0.0,0.0,63,0.0,-0.0,0.0,0.0,0.0,0.0,0.0,0.0,0.0,0,0,0,0.0,0.0,0.0,0.0,0.0,0.0,0.0,0.0,0.0,0.0,0.0,0.0,0.0,0.0,0.0,0.0,0,-107875648.0,63,0.0,126,2.7184242562605685e+23,-0.0,ERR,ERR,ERR,ERR,ERR,ERR,ERR,ERR,ERR,ERR,ERR,ERR,ERR,ERR,ERR,ERR,ERR,ERR,ERR,ERR,ERR,ERR,ERR,ERR,ERR,ERR,ERR,ERR,ERR,ERR,ERR,ERR,ERR,ERR,ERR,ERR,ERR,ERR,ERR,ERR,ERR,ERR,ERR,ERR,ERR,ERR,ERR,ERR,ERR,ERR,ERR,ERR,ERR,ERR,ERR,ERR,ERR,ERR,ERR,ERR,ERR,ERR,ERR,ERR,ERR,ERR,ERR,34.0,80.0,35,0.0,0.0,0.0,0.0,0.0,0.0,0.0,0.0,0.0,0.0,0.0,0.0,0.0,0.0,0.0,0.0,64.4,0,116,56,49,65476,0,300,0,0,8,20529,65476,0,0,57672,80.0,0.0,0.0,0.0,0.0,0.0
2026-06-17T04:37:57,ERR,ERR,ERR,ERR,ERR,ERR,ERR,ERR,ERR,ERR,ERR,ERR,ERR,ERR,ERR,ERR,ERR,ERR,ERR,ERR,ERR,ERR,ERR,ERR,ERR,ERR,ERR,ERR,ERR,ERR,ERR,ERR,ERR,ERR,ERR,ERR,ERR,ERR,ERR,ERR,ERR,ERR,ERR,ERR,ERR,ERR,ERR,ERR,ERR,ERR,ERR,ERR,ERR,ERR,ERR,ERR,ERR,ERR,ERR,ERR,ERR,ERR,ERR,ERR,ERR,ERR,ERR,ERR,ERR,ERR,ERR,ERR,ERR,ERR,ERR,ERR,ERR,ERR,ERR,ERR,ERR,ERR,ERR,ERR,ERR,ERR,ERR,ERR,ERR,ERR,ERR,ERR,ERR,ERR,ERR,ERR,ERR,ERR,ERR,ERR,ERR,ERR,ERR,ERR,ERR,ERR,ERR,ERR,ERR,ERR,ERR,ERR,ERR,ERR,ERR,ERR,ERR,ERR,ERR,ERR,ERR,ERR,ERR,ERR,ERR,0.0,-0.0,3.028208139652935e+23,0.0,0.0,1.3936040501711995e+18,7.805,0.0,0,0,4,0,7300,-0.0,0,0.0,0.0,0.0,0.0,0.0,0,0,0,0,0.0,0,0,0,0,0,0,0,0,0,0,0,0,0,0,0,0,0,0,0,0,0,0,0,0,0,0,0,0,0,0,0,0,0,32,30,30,62,65476,0,300,0,0,8,21553,0.0,-107605600.0,0.0,0.0,0.0,0.0,0.0,0.0,0.0,0.0,0.0,0.0,0.0,0.0,0.0,0.0,0.0,0.0,0.0,0.0,0.0,0.0,2.004,-2.004,-0.0,-2.004,0.0,0.0,0.0,0.0,5438.0,131350.641,6953.0,0.0,-0.0,-107615280.0,-0.0,0.0,0.0,0.0,0.0,63,0.0,-0.0,0.0,0.0,0.0,0.0,0.0,0.0,0.0,0,0,0,0.0,0.0,0.0,0.0,0.0,0.0,0.0,0.0,0.0,0.0,0.0,0.0,0.0,0.0,0.0,0.0,0,-107875648.0,63,0.0,126,2.7184242562605685e+23,-0.0,ERR,ERR,ERR,ERR,ERR,ERR,ERR,ERR,ERR,ERR,ERR,ERR,ERR,ERR,ERR,ERR,ERR,ERR,ERR,ERR,ERR,ERR,ERR,ERR,ERR,ERR,ERR,ERR,ERR,ERR,ERR,ERR,ERR,ERR,ERR,ERR,ERR,ERR,ERR,ERR,ERR,ERR,ERR,ERR,ERR,ERR,ERR,ERR,ERR,ERR,ERR,ERR,ERR,ERR,ERR,ERR,ERR,ERR,ERR,ERR,ERR,ERR,ERR,ERR,ERR,ERR,ERR,34.0,80.0,35,0.0,0.0,0.0,0.0,0.0,0.0,0.0,0.0,0.0,0.0,0.0,0.0,0.0,0.0,0.0,0.0,64.4,0,116,56,49,65476,0,300,0,0,8,20529,65476,0,0,57672,80.0,0.0,0.0,0.0,0.0,0.0
2026-06-17T04:37:58,ERR,ERR,ERR,ERR,ERR,ERR,ERR,ERR,ERR,ERR,ERR,ERR,ERR,ERR,ERR,ERR,ERR,ERR,ERR,ERR,ERR,ERR,ERR,ERR,ERR,ERR,ERR,ERR,ERR,ERR,ERR,ERR,ERR,ERR,ERR,ERR,ERR,ERR,ERR,ERR,ERR,ERR,ERR,ERR,ERR,ERR,ERR,ERR,ERR,ERR,ERR,ERR,ERR,ERR,ERR,ERR,ERR,ERR,ERR,ERR,ERR,ERR,ERR,ERR,ERR,ERR,ERR,ERR,ERR,ERR,ERR,ERR,ERR,ERR,ERR,ERR,ERR,ERR,ERR,ERR,ERR,ERR,ERR,ERR,ERR,ERR,ERR,ERR,ERR,ERR,ERR,ERR,ERR,ERR,ERR,ERR,ERR,ERR,ERR,ERR,ERR,ERR,ERR,ERR,ERR,ERR,ERR,ERR,ERR,ERR,ERR,ERR,ERR,ERR,ERR,ERR,ERR,ERR,ERR,ERR,ERR,ERR,ERR,ERR,ERR,0.0,-0.0,3.028208139652935e+23,0.0,0.0,1.3936040501711995e+18,7.805,0.0,0,0,4,0,7300,-0.0,0,0.0,0.0,0.0,0.0,0.0,0,0,0,0,0.0,0,0,0,0,0,0,0,0,0,0,0,0,0,0,0,0,0,0,0,0,0,0,0,0,0,0,0,0,0,0,0,0,0,32,30,30,62,65476,0,300,0,0,8,21553,0.0,-107605600.0,0.0,0.0,0.0,0.0,0.0,0.0,0.0,0.0,0.0,0.0,0.0,0.0,0.0,0.0,0.0,0.0,0.0,0.0,0.0,0.0,2.004,-2.004,-0.0,-2.004,0.0,0.0,0.0,0.0,5438.0,131350.641,6953.0,0.0,-0.0,-107615280.0,-0.0,0.0,0.0,0.0,0.0,63,0.0,-0.0,0.0,0.0,0.0,0.0,0.0,0.0,0.0,0,0,0,0.0,0.0,0.0,0.0,0.0,0.0,0.0,0.0,0.0,0.0,0.0,0.0,0.0,0.0,0.0,0.0,0,-107875648.0,63,0.0,126,2.7184242562605685e+23,-0.0,ERR,ERR,ERR,ERR,ERR,ERR,ERR,ERR,ERR,ERR,ERR,ERR,ERR,ERR,ERR,ERR,ERR,ERR,ERR,ERR,ERR,ERR,ERR,ERR,ERR,ERR,ERR,ERR,ERR,ERR,ERR,ERR,ERR,ERR,ERR,ERR,ERR,ERR,ERR,ERR,ERR,ERR,ERR,ERR,ERR,ERR,ERR,ERR,ERR,ERR,ERR,ERR,ERR,ERR,ERR,ERR,ERR,ERR,ERR,ERR,ERR,ERR,ERR,ERR,ERR,ERR,ERR,34.0,80.0,35,0.0,0.0,0.0,0.0,0.0,0.0,0.0,0.0,0.0,0.0,0.0,0.0,0.0,0.0,0.0,0.0,64.8,0,116,56,49,65476,0,300,0,0,8,20529,65476,0,0,57672,80.0,0.0,0.0,0.0,0.0,0.0
2026-06-17T04:37:59,ERR,ERR,ERR,ERR,ERR,ERR,ERR,ERR,ERR,ERR,ERR,ERR,ERR,ERR,ERR,ERR,ERR,ERR,ERR,ERR,ERR,ERR,ERR,ERR,ERR,ERR,ERR,ERR,ERR,ERR,ERR,ERR,ERR,ERR,ERR,ERR,ERR,ERR,ERR,ERR,ERR,ERR,ERR,ERR,ERR,ERR,ERR,ERR,ERR,ERR,ERR,ERR,ERR,ERR,ERR,ERR,ERR,ERR,ERR,ERR,ERR,ERR,ERR,ERR,ERR,ERR,ERR,ERR,ERR,ERR,ERR,ERR,ERR,ERR,ERR,ERR,ERR,ERR,ERR,ERR,ERR,ERR,ERR,ERR,ERR,ERR,ERR,ERR,ERR,ERR,ERR,ERR,ERR,ERR,ERR,ERR,ERR,ERR,ERR,ERR,ERR,ERR,ERR,ERR,ERR,ERR,ERR,ERR,ERR,ERR,ERR,ERR,ERR,ERR,ERR,ERR,ERR,ERR,ERR,ERR,ERR,ERR,ERR,ERR,ERR,0.0,-0.0,3.028208139652935e+23,0.0,0.0,1.3936040501711995e+18,7.805,0.0,0,0,4,0,7300,-0.0,0,0.0,0.0,0.0,0.0,0.0,0,0,0,0,0.0,0,0,0,0,0,0,0,0,0,0,0,0,0,0,0,0,0,0,0,0,0,0,0,0,0,0,0,0,0,0,0,0,0,32,30,30,62,65476,0,300,0,0,8,21553,0.0,-107605600.0,0.0,0.0,0.0,0.0,0.0,0.0,0.0,0.0,0.0,0.0,0.0,0.0,0.0,0.0,0.0,0.0,0.0,0.0,0.0,0.0,2.004,-2.004,-0.0,-2.004,0.0,0.0,0.0,0.0,5438.0,131350.641,6953.0,0.0,-0.0,-107615280.0,-0.0,0.0,0.0,0.0,0.0,63,0.0,-0.0,0.0,0.0,0.0,0.0,0.0,0.0,0.0,0,0,0,0.0,0.0,0.0,0.0,0.0,0.0,0.0,0.0,0.0,0.0,0.0,0.0,0.0,0.0,0.0,0.0,0,-107875648.0,63,0.0,126,2.7184242562605685e+23,-0.0,ERR,ERR,ERR,ERR,ERR,ERR,ERR,ERR,ERR,ERR,ERR,ERR,ERR,ERR,ERR,ERR,ERR,ERR,ERR,ERR,ERR,ERR,ERR,ERR,ERR,ERR,ERR,ERR,ERR,ERR,ERR,ERR,ERR,ERR,ERR,ERR,ERR,ERR,ERR,ERR,ERR,ERR,ERR,ERR,ERR,ERR,ERR,ERR,ERR,ERR,ERR,ERR,ERR,ERR,ERR,ERR,ERR,ERR,ERR,ERR,ERR,ERR,ERR,ERR,ERR,ERR,ERR,34.0,80.0,35,0.0,0.0,0.0,0.0,0.0,0.0,0.0,0.0,0.0,0.0,0.0,0.0,0.0,0.0,0.0,0.0,64.8,0,116,56,49,65476,0,300,0,0,8,20529,65476,0,0,57672,80.0,0.0,0.0,0.0,0.0,0.0
2026-06-17T04:38:00,ERR,ERR,ERR,ERR,ERR,ERR,ERR,ERR,ERR,ERR,ERR,ERR,ERR,ERR,ERR,ERR,ERR,ERR,ERR,ERR,ERR,ERR,ERR,ERR,ERR,ERR,ERR,ERR,ERR,ERR,ERR,ERR,ERR,ERR,ERR,ERR,ERR,ERR,ERR,ERR,ERR,ERR,ERR,ERR,ERR,ERR,ERR,ERR,ERR,ERR,ERR,ERR,ERR,ERR,ERR,ERR,ERR,ERR,ERR,ERR,ERR,ERR,ERR,ERR,ERR,ERR,ERR,ERR,ERR,ERR,ERR,ERR,ERR,ERR,ERR,ERR,ERR,ERR,ERR,ERR,ERR,ERR,ERR,ERR,ERR,ERR,ERR,ERR,ERR,ERR,ERR,ERR,ERR,ERR,ERR,ERR,ERR,ERR,ERR,ERR,ERR,ERR,ERR,ERR,ERR,ERR,ERR,ERR,ERR,ERR,ERR,ERR,ERR,ERR,ERR,ERR,ERR,ERR,ERR,ERR,ERR,ERR,ERR,ERR,ERR,0.0,-0.0,3.028208139652935e+23,0.0,0.0,1.3936040501711995e+18,7.805,0.0,0,0,4,0,7300,-0.0,0,0.0,0.0,0.0,0.0,0.0,0,0,0,0,0.0,0,0,0,0,0,0,0,0,0,0,0,0,0,0,0,0,0,0,0,0,0,0,0,0,0,0,0,0,0,0,0,0,0,32,30,30,62,65476,0,300,0,0,8,21553,0.0,-107605600.0,0.0,0.0,0.0,0.0,0.0,0.0,0.0,0.0,0.0,0.0,0.0,0.0,0.0,0.0,0.0,0.0,0.0,0.0,0.0,0.0,2.004,-2.004,-0.0,-2.004,0.0,0.0,0.0,0.0,5438.0,-0.0,6964.0,0.0,-0.0,-107615280.0,-0.0,0.0,0.0,0.0,0.0,63,0.0,0.0,0.0,0.0,0.0,0.0,0.0,0.0,0.0,0,0,0,0.0,0.0,0.0,0.0,0.0,0.0,0.0,0.0,0.0,0.0,0.0,0.0,0.0,0.0,0.0,0.0,0,-107875648.0,63,0.0,126,2.7184242562605685e+23,-0.0,ERR,ERR,ERR,ERR,ERR,ERR,ERR,ERR,ERR,ERR,ERR,ERR,ERR,ERR,ERR,ERR,ERR,ERR,ERR,ERR,ERR,ERR,ERR,ERR,ERR,ERR,ERR,ERR,ERR,ERR,ERR,ERR,ERR,ERR,ERR,ERR,ERR,ERR,ERR,ERR,ERR,ERR,ERR,ERR,ERR,ERR,ERR,ERR,ERR,ERR,ERR,ERR,ERR,ERR,ERR,ERR,ERR,ERR,ERR,ERR,ERR,ERR,ERR,ERR,ERR,ERR,ERR,34.0,80.0,35,0.0,0.0,0.0,0.0,0.0,0.0,0.0,0.0,0.0,0.0,0.0,0.0,0.0,0.0,0.0,0.0,64.4,0,116,56,49,65476,0,300,0,0,8,20529,65476,0,0,57672,80.0,0.0,0.0,0.0,0.0,0.0
2026-06-17T04:38:01,ERR,ERR,ERR,ERR,ERR,ERR,ERR,ERR,ERR,ERR,ERR,ERR,ERR,ERR,ERR,ERR,ERR,ERR,ERR,ERR,ERR,ERR,ERR,ERR,ERR,ERR,ERR,ERR,ERR,ERR,ERR,ERR,ERR,ERR,ERR,ERR,ERR,ERR,ERR,ERR,ERR,ERR,ERR,ERR,ERR,ERR,ERR,ERR,ERR,ERR,ERR,ERR,ERR,ERR,ERR,ERR,ERR,ERR,ERR,ERR,ERR,ERR,ERR,ERR,ERR,ERR,ERR,ERR,ERR,ERR,ERR,ERR,ERR,ERR,ERR,ERR,ERR,ERR,ERR,ERR,ERR,ERR,ERR,ERR,ERR,ERR,ERR,ERR,ERR,ERR,ERR,ERR,ERR,ERR,ERR,ERR,ERR,ERR,ERR,ERR,ERR,ERR,ERR,ERR,ERR,ERR,ERR,ERR,ERR,ERR,ERR,ERR,ERR,ERR,ERR,ERR,ERR,ERR,ERR,ERR,ERR,ERR,ERR,ERR,ERR,0.0,-0.0,3.028208139652935e+23,0.0,0.0,1.3936040501711995e+18,7.805,0.0,0,0,4,0,7300,-0.0,0,0.0,0.0,0.0,0.0,0.0,0,0,0,0,0.0,0,0,0,0,0,0,0,0,0,0,0,0,0,0,0,0,0,0,0,0,0,0,0,0,0,0,0,0,0,0,0,0,0,32,30,30,62,65476,0,300,0,0,8,21553,0.0,-107605600.0,0.0,0.0,0.0,0.0,0.0,0.0,0.0,0.0,0.0,0.0,0.0,0.0,0.0,0.0,0.0,0.0,0.0,0.0,0.0,0.0,2.004,-2.004,-0.0,-2.004,0.0,0.0,0.0,0.0,5438.0,-0.0,6964.0,0.0,-0.0,-107615280.0,-0.0,0.0,0.0,0.0,0.0,63,0.0,0.0,0.0,0.0,0.0,0.0,0.0,0.0,0.0,0,0,0,0.0,0.0,0.0,0.0,0.0,0.0,0.0,0.0,0.0,0.0,0.0,0.0,0.0,0.0,0.0,0.0,0,-107875648.0,63,0.0,126,2.7184242562605685e+23,-0.0,ERR,ERR,ERR,ERR,ERR,ERR,ERR,ERR,ERR,ERR,ERR,ERR,ERR,ERR,ERR,ERR,ERR,ERR,ERR,ERR,ERR,ERR,ERR,ERR,ERR,ERR,ERR,ERR,ERR,ERR,ERR,ERR,ERR,ERR,ERR,ERR,ERR,ERR,ERR,ERR,ERR,ERR,ERR,ERR,ERR,ERR,ERR,ERR,ERR,ERR,ERR,ERR,ERR,ERR,ERR,ERR,ERR,ERR,ERR,ERR,ERR,ERR,ERR,ERR,ERR,ERR,ERR,34.0,80.0,35,0.0,0.0,0.0,0.0,0.0,0.0,0.0,0.0,0.0,0.0,0.0,0.0,0.0,0.0,0.0,0.0,64.4,0,116,56,49,65476,0,300,0,0,8,20529,65476,0,0,57672,80.0,0.0,0.0,0.0,0.0,0.0
2026-06-17T04:38:02,ERR,ERR,ERR,ERR,ERR,ERR,ERR,ERR,ERR,ERR,ERR,ERR,ERR,ERR,ERR,ERR,ERR,ERR,ERR,ERR,ERR,ERR,ERR,ERR,ERR,ERR,ERR,ERR,ERR,ERR,ERR,ERR,ERR,ERR,ERR,ERR,ERR,ERR,ERR,ERR,ERR,ERR,ERR,ERR,ERR,ERR,ERR,ERR,ERR,ERR,ERR,ERR,ERR,ERR,ERR,ERR,ERR,ERR,ERR,ERR,ERR,ERR,ERR,ERR,ERR,ERR,ERR,ERR,ERR,ERR,ERR,ERR,ERR,ERR,ERR,ERR,ERR,ERR,ERR,ERR,ERR,ERR,ERR,ERR,ERR,ERR,ERR,ERR,ERR,ERR,ERR,ERR,ERR,ERR,ERR,ERR,ERR,ERR,ERR,ERR,ERR,ERR,ERR,ERR,ERR,ERR,ERR,ERR,ERR,ERR,ERR,ERR,ERR,ERR,ERR,ERR,ERR,ERR,ERR,ERR,ERR,ERR,ERR,ERR,ERR,0.0,-0.0,3.028208139652935e+23,0.0,0.0,1.3936040501711995e+18,7.805,0.0,0,0,4,0,7300,-0.0,0,0.0,0.0,0.0,0.0,0.0,0,0,0,0,0.0,0,0,0,0,0,0,0,0,0,0,0,0,0,0,0,0,0,0,0,0,0,0,0,0,0,0,0,0,0,0,0,0,0,32,30,30,62,65476,0,300,0,0,8,21553,0.0,-107605600.0,0.0,0.0,0.0,0.0,0.0,0.0,0.0,0.0,0.0,0.0,0.0,0.0,0.0,0.0,0.0,0.0,0.0,0.0,0.0,0.0,2.004,-2.004,-0.0,-2.004,0.0,0.0,0.0,0.0,5438.0,-0.0,6964.0,0.0,-0.0,-107615280.0,-0.0,0.0,0.0,0.0,0.0,63,0.0,0.0,0.0,0.0,0.0,0.0,0.0,0.0,0.0,0,0,0,0.0,0.0,0.0,0.0,0.0,0.0,0.0,0.0,0.0,0.0,0.0,0.0,0.0,0.0,0.0,0.0,0,-107875648.0,63,0.0,126,2.7184242562605685e+23,-0.0,ERR,ERR,ERR,ERR,ERR,ERR,ERR,ERR,ERR,ERR,ERR,ERR,ERR,ERR,ERR,ERR,ERR,ERR,ERR,ERR,ERR,ERR,ERR,ERR,ERR,ERR,ERR,ERR,ERR,ERR,ERR,ERR,ERR,ERR,ERR,ERR,ERR,ERR,ERR,ERR,ERR,ERR,ERR,ERR,ERR,ERR,ERR,ERR,ERR,ERR,ERR,ERR,ERR,ERR,ERR,ERR,ERR,ERR,ERR,ERR,ERR,ERR,ERR,ERR,ERR,ERR,ERR,34.0,80.0,35,0.0,0.0,0.0,0.0,0.0,0.0,0.0,0.0,0.0,0.0,0.0,0.0,0.0,0.0,0.0,0.0,64.4,0,116,56,49,65476,0,300,0,0,8,20529,65476,0,0,57672,80.0,0.0,0.0,0.0,0.0,0.0
2026-06-17T04:38:03,ERR,ERR,ERR,ERR,ERR,ERR,ERR,ERR,ERR,ERR,ERR,ERR,ERR,ERR,ERR,ERR,ERR,ERR,ERR,ERR,ERR,ERR,ERR,ERR,ERR,ERR,ERR,ERR,ERR,ERR,ERR,ERR,ERR,ERR,ERR,ERR,ERR,ERR,ERR,ERR,ERR,ERR,ERR,ERR,ERR,ERR,ERR,ERR,ERR,ERR,ERR,ERR,ERR,ERR,ERR,ERR,ERR,ERR,ERR,ERR,ERR,ERR,ERR,ERR,ERR,ERR,ERR,ERR,ERR,ERR,ERR,ERR,ERR,ERR,ERR,ERR,ERR,ERR,ERR,ERR,ERR,ERR,ERR,ERR,ERR,ERR,ERR,ERR,ERR,ERR,ERR,ERR,ERR,ERR,ERR,ERR,ERR,ERR,ERR,ERR,ERR,ERR,ERR,ERR,ERR,ERR,ERR,ERR,ERR,ERR,ERR,ERR,ERR,ERR,ERR,ERR,ERR,ERR,ERR,ERR,ERR,ERR,ERR,ERR,ERR,0.0,-0.0,3.028208139652935e+23,0.0,0.0,1.3936040501711995e+18,7.805,0.0,0,0,4,0,7300,-0.0,0,0.0,0.0,0.0,0.0,0.0,0,0,0,0,0.0,0,0,0,0,0,0,0,0,0,0,0,0,0,0,0,0,0,0,0,0,0,0,0,0,0,0,0,0,0,0,0,0,0,32,30,30,62,65476,0,300,0,0,8,21553,0.0,-107605600.0,0.0,0.0,0.0,0.0,0.0,0.0,0.0,0.0,0.0,0.0,0.0,0.0,0.0,0.0,0.0,0.0,0.0,0.0,0.0,0.0,2.004,-2.004,-0.0,-2.004,0.0,0.0,0.0,0.0,5438.0,-0.0,6964.0,0.0,-0.0,-107615280.0,-0.0,0.0,0.0,0.0,0.0,63,0.0,0.0,0.0,0.0,0.0,0.0,0.0,0.0,0.0,0,0,0,0.0,0.0,0.0,0.0,0.0,0.0,0.0,0.0,0.0,0.0,0.0,0.0,0.0,0.0,0.0,0.0,0,-107875648.0,63,0.0,126,2.7184242562605685e+23,-0.0,ERR,ERR,ERR,ERR,ERR,ERR,ERR,ERR,ERR,ERR,ERR,ERR,ERR,ERR,ERR,ERR,ERR,ERR,ERR,ERR,ERR,ERR,ERR,ERR,ERR,ERR,ERR,ERR,ERR,ERR,ERR,ERR,ERR,ERR,ERR,ERR,ERR,ERR,ERR,ERR,ERR,ERR,ERR,ERR,ERR,ERR,ERR,ERR,ERR,ERR,ERR,ERR,ERR,ERR,ERR,ERR,ERR,ERR,ERR,ERR,ERR,ERR,ERR,ERR,ERR,ERR,ERR,34.0,80.0,35,0.0,0.0,0.0,0.0,0.0,0.0,0.0,0.0,0.0,0.0,0.0,0.0,0.0,0.0,0.0,0.0,64.4,0,116,56,49,65476,0,300,0,0,8,20529,65476,0,0,57672,80.0,0.0,0.0,0.0,0.0,0.0
2026-06-17T04:38:04,ERR,ERR,ERR,ERR,ERR,ERR,ERR,ERR,ERR,ERR,ERR,ERR,ERR,ERR,ERR,ERR,ERR,ERR,ERR,ERR,ERR,ERR,ERR,ERR,ERR,ERR,ERR,ERR,ERR,ERR,ERR,ERR,ERR,ERR,ERR,ERR,ERR,ERR,ERR,ERR,ERR,ERR,ERR,ERR,ERR,ERR,ERR,ERR,ERR,ERR,ERR,ERR,ERR,ERR,ERR,ERR,ERR,ERR,ERR,ERR,ERR,ERR,ERR,ERR,ERR,ERR,ERR,ERR,ERR,ERR,ERR,ERR,ERR,ERR,ERR,ERR,ERR,ERR,ERR,ERR,ERR,ERR,ERR,ERR,ERR,ERR,ERR,ERR,ERR,ERR,ERR,ERR,ERR,ERR,ERR,ERR,ERR,ERR,ERR,ERR,ERR,ERR,ERR,ERR,ERR,ERR,ERR,ERR,ERR,ERR,ERR,ERR,ERR,ERR,ERR,ERR,ERR,ERR,ERR,ERR,ERR,ERR,ERR,ERR,ERR,0.0,-0.0,3.028208139652935e+23,0.0,0.0,1.3936040501711995e+18,7.805,0.0,0,0,4,0,7300,-0.0,0,0.0,0.0,0.0,0.0,0.0,0,0,0,0,0.0,0,0,0,0,0,0,0,0,0,0,0,0,0,0,0,0,0,0,0,0,0,0,0,0,0,0,0,0,0,0,0,0,0,32,30,30,62,65476,0,300,0,0,8,21553,0.0,-107605600.0,0.0,0.0,0.0,0.0,0.0,0.0,0.0,0.0,0.0,0.0,0.0,0.0,0.0,0.0,0.0,0.0,0.0,0.0,0.0,0.0,2.004,-2.004,-0.0,-2.004,0.0,0.0,0.0,0.0,5438.0,-0.0,6964.0,0.0,-0.0,-107615280.0,-0.0,0.0,0.0,0.0,0.0,63,0.0,0.0,0.0,0.0,0.0,0.0,0.0,0.0,0.0,0,0,0,0.0,0.0,0.0,0.0,0.0,0.0,0.0,0.0,0.0,0.0,0.0,0.0,0.0,0.0,0.0,0.0,0,-107875648.0,63,0.0,126,2.7184242562605685e+23,-0.0,ERR,ERR,ERR,ERR,ERR,ERR,ERR,ERR,ERR,ERR,ERR,ERR,ERR,ERR,ERR,ERR,ERR,ERR,ERR,ERR,ERR,ERR,ERR,ERR,ERR,ERR,ERR,ERR,ERR,ERR,ERR,ERR,ERR,ERR,ERR,ERR,ERR,ERR,ERR,ERR,ERR,ERR,ERR,ERR,ERR,ERR,ERR,ERR,ERR,ERR,ERR,ERR,ERR,ERR,ERR,ERR,ERR,ERR,ERR,ERR,ERR,ERR,ERR,ERR,ERR,ERR,ERR,34.0,80.0,35,0.0,0.0,0.0,0.0,0.0,0.0,0.0,0.0,0.0,0.0,0.0,0.0,0.0,0.0,0.0,0.0,64.4,0,116,56,49,65476,0,300,0,0,8,20529,65476,0,0,57672,80.0,0.0,0.0,0.0,0.0,0.0
2026-06-17T04:38:05,ERR,ERR,ERR,ERR,ERR,ERR,ERR,ERR,ERR,ERR,ERR,ERR,ERR,ERR,ERR,ERR,ERR,ERR,ERR,ERR,ERR,ERR,ERR,ERR,ERR,ERR,ERR,ERR,ERR,ERR,ERR,ERR,ERR,ERR,ERR,ERR,ERR,ERR,ERR,ERR,ERR,ERR,ERR,ERR,ERR,ERR,ERR,ERR,ERR,ERR,ERR,ERR,ERR,ERR,ERR,ERR,ERR,ERR,ERR,ERR,ERR,ERR,ERR,ERR,ERR,ERR,ERR,ERR,ERR,ERR,ERR,ERR,ERR,ERR,ERR,ERR,ERR,ERR,ERR,ERR,ERR,ERR,ERR,ERR,ERR,ERR,ERR,ERR,ERR,ERR,ERR,ERR,ERR,ERR,ERR,ERR,ERR,ERR,ERR,ERR,ERR,ERR,ERR,ERR,ERR,ERR,ERR,ERR,ERR,ERR,ERR,ERR,ERR,ERR,ERR,ERR,ERR,ERR,ERR,ERR,ERR,ERR,ERR,ERR,ERR,0.0,-0.0,3.028208139652935e+23,0.0,0.0,1.3936040501711995e+18,7.805,0.0,0,0,4,0,7300,-0.0,0,0.0,0.0,0.0,0.0,0.0,0,0,0,0,0.0,0,0,0,0,0,0,0,0,0,0,0,0,0,0,0,0,0,0,0,0,0,0,0,0,0,0,0,0,0,0,0,0,0,32,30,30,62,65476,0,300,0,0,8,21553,0.0,-107605600.0,0.0,0.0,0.0,0.0,0.0,0.0,0.0,0.0,0.0,0.0,0.0,0.0,0.0,0.0,0.0,0.0,0.0,0.0,0.0,0.0,2.004,-2.004,-0.0,-2.004,0.0,0.0,0.0,0.0,5438.0,3.697191851085162e+19,6956.0,0.0,-0.0,-107615280.0,-0.0,0.0,0.0,0.0,0.0,63,0.0,-107614912.0,0.0,0.0,0.0,0.0,0.0,0.0,0.0,0,0,0,0.0,0.0,0.0,0.0,0.0,0.0,0.0,0.0,0.0,0.0,0.0,0.0,0.0,0.0,0.0,0.0,0,-107875648.0,63,0.0,126,2.7184242562605685e+23,-0.0,ERR,ERR,ERR,ERR,ERR,ERR,ERR,ERR,ERR,ERR,ERR,ERR,ERR,ERR,ERR,ERR,ERR,ERR,ERR,ERR,ERR,ERR,ERR,ERR,ERR,ERR,ERR,ERR,ERR,ERR,ERR,ERR,ERR,ERR,ERR,ERR,ERR,ERR,ERR,ERR,ERR,ERR,ERR,ERR,ERR,ERR,ERR,ERR,ERR,ERR,ERR,ERR,ERR,ERR,ERR,ERR,ERR,ERR,ERR,ERR,ERR,ERR,ERR,ERR,ERR,ERR,ERR,34.0,80.0,35,0.0,0.0,0.0,0.0,0.0,0.0,0.0,0.0,0.0,0.0,0.0,0.0,0.0,0.0,0.0,0.0,64.4,0,116,56,49,65476,0,300,0,0,8,20529,65476,0,0,57672,80.0,0.0,0.0,0.0,0.0,0.0
2026-06-17T04:38:06,ERR,ERR,ERR,ERR,ERR,ERR,ERR,ERR,ERR,ERR,ERR,ERR,ERR,ERR,ERR,ERR,ERR,ERR,ERR,ERR,ERR,ERR,ERR,ERR,ERR,ERR,ERR,ERR,ERR,ERR,ERR,ERR,ERR,ERR,ERR,ERR,ERR,ERR,ERR,ERR,ERR,ERR,ERR,ERR,ERR,ERR,ERR,ERR,ERR,ERR,ERR,ERR,ERR,ERR,ERR,ERR,ERR,ERR,ERR,ERR,ERR,ERR,ERR,ERR,ERR,ERR,ERR,ERR,ERR,ERR,ERR,ERR,ERR,ERR,ERR,ERR,ERR,ERR,ERR,ERR,ERR,ERR,ERR,ERR,ERR,ERR,ERR,ERR,ERR,ERR,ERR,ERR,ERR,ERR,ERR,ERR,ERR,ERR,ERR,ERR,ERR,ERR,ERR,ERR,ERR,ERR,ERR,ERR,ERR,ERR,ERR,ERR,ERR,ERR,ERR,ERR,ERR,ERR,ERR,ERR,ERR,ERR,ERR,ERR,ERR,0.0,-0.0,3.028208139652935e+23,0.0,0.0,1.3936040501711995e+18,7.805,0.0,0,0,4,0,7300,-0.0,0,0.0,0.0,0.0,0.0,0.0,0,0,0,0,0.0,0,0,0,0,0,0,0,0,0,0,0,0,0,0,0,0,0,0,0,0,0,0,0,0,0,0,0,0,0,0,0,0,0,32,30,30,62,65476,0,300,0,0,8,21553,0.0,-107605600.0,0.0,0.0,0.0,0.0,0.0,0.0,0.0,0.0,0.0,0.0,0.0,0.0,0.0,0.0,0.0,0.0,0.0,0.0,0.0,0.0,2.004,-2.004,-0.0,-2.004,0.0,0.0,0.0,0.0,5438.0,3.697191851085162e+19,6956.0,0.0,-0.0,-107615280.0,-0.0,0.0,0.0,0.0,0.0,63,0.0,-107614912.0,0.0,0.0,0.0,0.0,0.0,0.0,0.0,0,0,0,0.0,0.0,0.0,0.0,0.0,0.0,0.0,0.0,0.0,0.0,0.0,0.0,0.0,0.0,0.0,0.0,0,-107875648.0,63,0.0,126,2.7184242562605685e+23,-0.0,ERR,ERR,ERR,ERR,ERR,ERR,ERR,ERR,ERR,ERR,ERR,ERR,ERR,ERR,ERR,ERR,ERR,ERR,ERR,ERR,ERR,ERR,ERR,ERR,ERR,ERR,ERR,ERR,ERR,ERR,ERR,ERR,ERR,ERR,ERR,ERR,ERR,ERR,ERR,ERR,ERR,ERR,ERR,ERR,ERR,ERR,ERR,ERR,ERR,ERR,ERR,ERR,ERR,ERR,ERR,ERR,ERR,ERR,ERR,ERR,ERR,ERR,ERR,ERR,ERR,ERR,ERR,34.0,80.0,35,0.0,0.0,0.0,0.0,0.0,0.0,0.0,0.0,0.0,0.0,0.0,0.0,0.0,0.0,0.0,0.0,64.4,0,116,56,49,65476,0,300,0,0,8,20529,65476,0,0,57672,80.0,0.0,0.0,0.0,0.0,0.0
2026-06-17T04:38:07,ERR,ERR,ERR,ERR,ERR,ERR,ERR,ERR,ERR,ERR,ERR,ERR,ERR,ERR,ERR,ERR,ERR,ERR,ERR,ERR,ERR,ERR,ERR,ERR,ERR,ERR,ERR,ERR,ERR,ERR,ERR,ERR,ERR,ERR,ERR,ERR,ERR,ERR,ERR,ERR,ERR,ERR,ERR,ERR,ERR,ERR,ERR,ERR,ERR,ERR,ERR,ERR,ERR,ERR,ERR,ERR,ERR,ERR,ERR,ERR,ERR,ERR,ERR,ERR,ERR,ERR,ERR,ERR,ERR,ERR,ERR,ERR,ERR,ERR,ERR,ERR,ERR,ERR,ERR,ERR,ERR,ERR,ERR,ERR,ERR,ERR,ERR,ERR,ERR,ERR,ERR,ERR,ERR,ERR,ERR,ERR,ERR,ERR,ERR,ERR,ERR,ERR,ERR,ERR,ERR,ERR,ERR,ERR,ERR,ERR,ERR,ERR,ERR,ERR,ERR,ERR,ERR,ERR,ERR,ERR,ERR,ERR,ERR,ERR,ERR,0.0,-0.0,3.028208139652935e+23,0.0,0.0,1.3936040501711995e+18,7.805,0.0,0,0,4,0,7300,-0.0,0,0.0,0.0,0.0,0.0,0.0,0,0,0,0,0.0,0,0,0,0,0,0,0,0,0,0,0,0,0,0,0,0,0,0,0,0,0,0,0,0,0,0,0,0,0,0,0,0,0,32,30,30,62,65476,0,300,0,0,8,21553,0.0,-107605600.0,0.0,0.0,0.0,0.0,0.0,0.0,0.0,0.0,0.0,0.0,0.0,0.0,0.0,0.0,0.0,0.0,0.0,0.0,0.0,0.0,2.004,-2.004,-0.0,-2.004,0.0,0.0,0.0,0.0,5438.0,3.697191851085162e+19,6956.0,0.0,-0.0,-107615280.0,-0.0,0.0,0.0,0.0,0.0,63,0.0,-107614912.0,0.0,0.0,0.0,0.0,0.0,0.0,0.0,0,0,0,0.0,0.0,0.0,0.0,0.0,0.0,0.0,0.0,0.0,0.0,0.0,0.0,0.0,0.0,0.0,0.0,0,-107875648.0,63,0.0,126,2.7184242562605685e+23,-0.0,ERR,ERR,ERR,ERR,ERR,ERR,ERR,ERR,ERR,ERR,ERR,ERR,ERR,ERR,ERR,ERR,ERR,ERR,ERR,ERR,ERR,ERR,ERR,ERR,ERR,ERR,ERR,ERR,ERR,ERR,ERR,ERR,ERR,ERR,ERR,ERR,ERR,ERR,ERR,ERR,ERR,ERR,ERR,ERR,ERR,ERR,ERR,ERR,ERR,ERR,ERR,ERR,ERR,ERR,ERR,ERR,ERR,ERR,ERR,ERR,ERR,ERR,ERR,ERR,ERR,ERR,ERR,34.0,80.0,35,0.0,0.0,0.0,0.0,0.0,0.0,0.0,0.0,0.0,0.0,0.0,0.0,0.0,0.0,0.0,0.0,64.8,0,116,56,49,65476,0,300,0,0,8,20529,65476,0,0,57672,80.0,0.0,0.0,0.0,0.0,0.0
2026-06-17T04:38:08,ERR,ERR,ERR,ERR,ERR,ERR,ERR,ERR,ERR,ERR,ERR,ERR,ERR,ERR,ERR,ERR,ERR,ERR,ERR,ERR,ERR,ERR,ERR,ERR,ERR,ERR,ERR,ERR,ERR,ERR,ERR,ERR,ERR,ERR,ERR,ERR,ERR,ERR,ERR,ERR,ERR,ERR,ERR,ERR,ERR,ERR,ERR,ERR,ERR,ERR,ERR,ERR,ERR,ERR,ERR,ERR,ERR,ERR,ERR,ERR,ERR,ERR,ERR,ERR,ERR,ERR,ERR,ERR,ERR,ERR,ERR,ERR,ERR,ERR,ERR,ERR,ERR,ERR,ERR,ERR,ERR,ERR,ERR,ERR,ERR,ERR,ERR,ERR,ERR,ERR,ERR,ERR,ERR,ERR,ERR,ERR,ERR,ERR,ERR,ERR,ERR,ERR,ERR,ERR,ERR,ERR,ERR,ERR,ERR,ERR,ERR,ERR,ERR,ERR,ERR,ERR,ERR,ERR,ERR,ERR,ERR,ERR,ERR,ERR,ERR,0.0,-0.0,3.028208139652935e+23,0.0,0.0,1.3936040501711995e+18,7.805,0.0,0,0,4,0,7300,-0.0,0,0.0,0.0,0.0,0.0,0.0,0,0,0,0,0.0,0,0,0,0,0,0,0,0,0,0,0,0,0,0,0,0,0,0,0,0,0,0,0,0,0,0,0,0,0,0,0,0,0,32,30,30,62,65476,0,300,0,0,8,21553,0.0,-107605600.0,0.0,0.0,0.0,0.0,0.0,0.0,0.0,0.0,0.0,0.0,0.0,0.0,0.0,0.0,0.0,0.0,0.0,0.0,0.0,0.0,2.004,-2.004,-0.0,-2.004,0.0,0.0,0.0,0.0,5438.0,3.697191851085162e+19,6956.0,0.0,-0.0,-107615280.0,-0.0,0.0,0.0,0.0,0.0,63,0.0,-107614912.0,0.0,0.0,0.0,0.0,0.0,0.0,0.0,0,0,0,0.0,0.0,0.0,0.0,0.0,0.0,0.0,0.0,0.0,0.0,0.0,0.0,0.0,0.0,0.0,0.0,0,-107875648.0,63,0.0,126,2.7184242562605685e+23,-0.0,ERR,ERR,ERR,ERR,ERR,ERR,ERR,ERR,ERR,ERR,ERR,ERR,ERR,ERR,ERR,ERR,ERR,ERR,ERR,ERR,ERR,ERR,ERR,ERR,ERR,ERR,ERR,ERR,ERR,ERR,ERR,ERR,ERR,ERR,ERR,ERR,ERR,ERR,ERR,ERR,ERR,ERR,ERR,ERR,ERR,ERR,ERR,ERR,ERR,ERR,ERR,ERR,ERR,ERR,ERR,ERR,ERR,ERR,ERR,ERR,ERR,ERR,ERR,ERR,ERR,ERR,ERR,34.0,80.0,35,0.0,0.0,0.0,0.0,0.0,0.0,0.0,0.0,0.0,0.0,0.0,0.0,0.0,0.0,0.0,0.0,64.8,0,116,56,49,65476,0,300,0,0,8,20529,65476,0,0,57672,80.0,0.0,0.0,0.0,0.0,0.0
2026-06-17T04:38:09,ERR,ERR,ERR,ERR,ERR,ERR,ERR,ERR,ERR,ERR,ERR,ERR,ERR,ERR,ERR,ERR,ERR,ERR,ERR,ERR,ERR,ERR,ERR,ERR,ERR,ERR,ERR,ERR,ERR,ERR,ERR,ERR,ERR,ERR,ERR,ERR,ERR,ERR,ERR,ERR,ERR,ERR,ERR,ERR,ERR,ERR,ERR,ERR,ERR,ERR,ERR,ERR,ERR,ERR,ERR,ERR,ERR,ERR,ERR,ERR,ERR,ERR,ERR,ERR,ERR,ERR,ERR,ERR,ERR,ERR,ERR,ERR,ERR,ERR,ERR,ERR,ERR,ERR,ERR,ERR,ERR,ERR,ERR,ERR,ERR,ERR,ERR,ERR,ERR,ERR,ERR,ERR,ERR,ERR,ERR,ERR,ERR,ERR,ERR,ERR,ERR,ERR,ERR,ERR,ERR,ERR,ERR,ERR,ERR,ERR,ERR,ERR,ERR,ERR,ERR,ERR,ERR,ERR,ERR,ERR,ERR,ERR,ERR,ERR,ERR,0.0,-0.0,3.028208139652935e+23,0.0,0.0,1.3936040501711995e+18,7.805,0.0,0,0,4,0,7300,-0.0,0,0.0,0.0,0.0,0.0,0.0,0,0,0,0,0.0,0,0,0,0,0,0,0,0,0,0,0,0,0,0,0,0,0,0,0,0,0,0,0,0,0,0,0,0,0,0,0,0,0,32,30,30,62,65476,0,300,0,0,8,21553,0.0,-107605600.0,0.0,0.0,0.0,0.0,0.0,0.0,0.0,0.0,0.0,0.0,0.0,0.0,0.0,0.0,0.0,0.0,0.0,0.0,0.0,0.0,2.004,-2.004,-0.0,-2.004,0.0,0.0,0.0,0.0,5438.0,3.697191851085162e+19,6956.0,0.0,-0.0,-107615280.0,-0.0,0.0,0.0,0.0,0.0,63,0.0,-107614912.0,0.0,0.0,0.0,0.0,0.0,0.0,0.0,0,0,0,0.0,0.0,0.0,0.0,0.0,0.0,0.0,0.0,0.0,0.0,0.0,0.0,0.0,0.0,0.0,0.0,0,-107875648.0,63,0.0,126,2.7184242562605685e+23,-0.0,ERR,ERR,ERR,ERR,ERR,ERR,ERR,ERR,ERR,ERR,ERR,ERR,ERR,ERR,ERR,ERR,ERR,ERR,ERR,ERR,ERR,ERR,ERR,ERR,ERR,ERR,ERR,ERR,ERR,ERR,ERR,ERR,ERR,ERR,ERR,ERR,ERR,ERR,ERR,ERR,ERR,ERR,ERR,ERR,ERR,ERR,ERR,ERR,ERR,ERR,ERR,ERR,ERR,ERR,ERR,ERR,ERR,ERR,ERR,ERR,ERR,ERR,ERR,ERR,ERR,ERR,ERR,34.0,80.0,35,0.0,0.0,0.0,0.0,0.0,0.0,0.0,0.0,0.0,0.0,0.0,0.0,0.0,0.0,0.0,0.0,64.4,0,116,56,49,65476,0,300,0,0,8,20529,65476,0,0,57672,80.0,0.0,0.0,0.0,0.0,0.0
2026-06-17T04:38:10,ERR,ERR,ERR,ERR,ERR,ERR,ERR,ERR,ERR,ERR,ERR,ERR,ERR,ERR,ERR,ERR,ERR,ERR,ERR,ERR,ERR,ERR,ERR,ERR,ERR,ERR,ERR,ERR,ERR,ERR,ERR,ERR,ERR,ERR,ERR,ERR,ERR,ERR,ERR,ERR,ERR,ERR,ERR,ERR,ERR,ERR,ERR,ERR,ERR,ERR,ERR,ERR,ERR,ERR,ERR,ERR,ERR,ERR,ERR,ERR,ERR,ERR,ERR,ERR,ERR,ERR,ERR,ERR,ERR,ERR,ERR,ERR,ERR,ERR,ERR,ERR,ERR,ERR,ERR,ERR,ERR,ERR,ERR,ERR,ERR,ERR,ERR,ERR,ERR,ERR,ERR,ERR,ERR,ERR,ERR,ERR,ERR,ERR,ERR,ERR,ERR,ERR,ERR,ERR,ERR,ERR,ERR,ERR,ERR,ERR,ERR,ERR,ERR,ERR,ERR,ERR,ERR,ERR,ERR,ERR,ERR,ERR,ERR,ERR,ERR,0.0,-0.0,3.028208139652935e+23,0.0,0.0,1.3936040501711995e+18,7.805,0.0,0,0,4,0,7300,-0.0,0,0.0,0.0,0.0,0.0,0.0,0,0,0,0,0.0,0,0,0,0,0,0,0,0,0,0,0,0,0,0,0,0,0,0,0,0,0,0,0,0,0,0,0,0,0,0,0,0,0,32,30,30,62,65476,0,300,0,0,8,21553,0.0,-107605600.0,0.0,0.0,0.0,0.0,0.0,0.0,0.0,0.0,0.0,0.0,0.0,0.0,0.0,0.0,0.0,0.0,0.0,0.0,0.0,0.0,2.004,-2.004,-0.0,-2.004,0.0,0.0,0.0,0.0,5437.0,1.0406669901790231e+34,6927.0,0.0,-0.0,-107615280.0,-0.0,0.0,0.0,0.0,0.0,63,0.0,-3.222008670201871e+26,0.0,0.0,0.0,0.0,0.0,0.0,0.0,0,0,0,0.0,0.0,0.0,0.0,0.0,0.0,0.0,0.0,0.0,0.0,0.0,0.0,0.0,0.0,0.0,0.0,0,-107875648.0,63,0.0,126,2.7184242562605685e+23,-0.0,ERR,ERR,ERR,ERR,ERR,ERR,ERR,ERR,ERR,ERR,ERR,ERR,ERR,ERR,ERR,ERR,ERR,ERR,ERR,ERR,ERR,ERR,ERR,ERR,ERR,ERR,ERR,ERR,ERR,ERR,ERR,ERR,ERR,ERR,ERR,ERR,ERR,ERR,ERR,ERR,ERR,ERR,ERR,ERR,ERR,ERR,ERR,ERR,ERR,ERR,ERR,ERR,ERR,ERR,ERR,ERR,ERR,ERR,ERR,ERR,ERR,ERR,ERR,ERR,ERR,ERR,ERR,34.0,80.0,35,0.0,0.0,0.0,0.0,0.0,0.0,0.0,0.0,0.0,0.0,0.0,0.0,0.0,0.0,0.0,0.0,64.4,0,116,56,49,65476,0,300,0,0,8,20529,65476,0,0,57672,80.0,0.0,0.0,0.0,0.0,0.0
2026-06-17T04:38:11,ERR,ERR,ERR,ERR,ERR,ERR,ERR,ERR,ERR,ERR,ERR,ERR,ERR,ERR,ERR,ERR,ERR,ERR,ERR,ERR,ERR,ERR,ERR,ERR,ERR,ERR,ERR,ERR,ERR,ERR,ERR,ERR,ERR,ERR,ERR,ERR,ERR,ERR,ERR,ERR,ERR,ERR,ERR,ERR,ERR,ERR,ERR,ERR,ERR,ERR,ERR,ERR,ERR,ERR,ERR,ERR,ERR,ERR,ERR,ERR,ERR,ERR,ERR,ERR,ERR,ERR,ERR,ERR,ERR,ERR,ERR,ERR,ERR,ERR,ERR,ERR,ERR,ERR,ERR,ERR,ERR,ERR,ERR,ERR,ERR,ERR,ERR,ERR,ERR,ERR,ERR,ERR,ERR,ERR,ERR,ERR,ERR,ERR,ERR,ERR,ERR,ERR,ERR,ERR,ERR,ERR,ERR,ERR,ERR,ERR,ERR,ERR,ERR,ERR,ERR,ERR,ERR,ERR,ERR,ERR,ERR,ERR,ERR,ERR,ERR,0.0,-0.0,3.028208139652935e+23,0.0,0.0,1.3936040501711995e+18,7.805,0.0,0,0,4,0,7300,-0.0,0,0.0,0.0,0.0,0.0,0.0,0,0,0,0,0.0,0,0,0,0,0,0,0,0,0,0,0,0,0,0,0,0,0,0,0,0,0,0,0,0,0,0,0,0,0,0,0,0,0,32,30,30,62,65476,0,300,0,0,8,21553,0.0,-107605600.0,0.0,0.0,0.0,0.0,0.0,0.0,0.0,0.0,0.0,0.0,0.0,0.0,0.0,0.0,0.0,0.0,0.0,0.0,0.0,0.0,2.004,-2.004,-0.0,-2.004,0.0,0.0,0.0,0.0,5437.0,1.0406669901790231e+34,6927.0,0.0,-0.0,-107615280.0,-0.0,0.0,0.0,0.0,0.0,63,0.0,-3.222008670201871e+26,0.0,0.0,0.0,0.0,0.0,0.0,0.0,0,0,0,0.0,0.0,0.0,0.0,0.0,0.0,0.0,0.0,0.0,0.0,0.0,0.0,0.0,0.0,0.0,0.0,0,-107875648.0,63,0.0,126,2.7184242562605685e+23,-0.0,ERR,ERR,ERR,ERR,ERR,ERR,ERR,ERR,ERR,ERR,ERR,ERR,ERR,ERR,ERR,ERR,ERR,ERR,ERR,ERR,ERR,ERR,ERR,ERR,ERR,ERR,ERR,ERR,ERR,ERR,ERR,ERR,ERR,ERR,ERR,ERR,ERR,ERR,ERR,ERR,ERR,ERR,ERR,ERR,ERR,ERR,ERR,ERR,ERR,ERR,ERR,ERR,ERR,ERR,ERR,ERR,ERR,ERR,ERR,ERR,ERR,ERR,ERR,ERR,ERR,ERR,ERR,34.0,80.0,35,0.0,0.0,0.0,0.0,0.0,0.0,0.0,0.0,0.0,0.0,0.0,0.0,0.0,0.0,0.0,0.0,64.8,0,116,56,49,65476,0,300,0,0,8,20529,65476,0,0,57672,80.0,0.0,0.0,0.0,0.0,0.0
2026-06-17T04:38:12,ERR,ERR,ERR,ERR,ERR,ERR,ERR,ERR,ERR,ERR,ERR,ERR,ERR,ERR,ERR,ERR,ERR,ERR,ERR,ERR,ERR,ERR,ERR,ERR,ERR,ERR,ERR,ERR,ERR,ERR,ERR,ERR,ERR,ERR,ERR,ERR,ERR,ERR,ERR,ERR,ERR,ERR,ERR,ERR,ERR,ERR,ERR,ERR,ERR,ERR,ERR,ERR,ERR,ERR,ERR,ERR,ERR,ERR,ERR,ERR,ERR,ERR,ERR,ERR,ERR,ERR,ERR,ERR,ERR,ERR,ERR,ERR,ERR,ERR,ERR,ERR,ERR,ERR,ERR,ERR,ERR,ERR,ERR,ERR,ERR,ERR,ERR,ERR,ERR,ERR,ERR,ERR,ERR,ERR,ERR,ERR,ERR,ERR,ERR,ERR,ERR,ERR,ERR,ERR,ERR,ERR,ERR,ERR,ERR,ERR,ERR,ERR,ERR,ERR,ERR,ERR,ERR,ERR,ERR,ERR,ERR,ERR,ERR,ERR,ERR,0.0,-0.0,3.028208139652935e+23,0.0,0.0,1.3936040501711995e+18,7.805,0.0,0,0,4,0,7300,-0.0,0,0.0,0.0,0.0,0.0,0.0,0,0,0,0,0.0,0,0,0,0,0,0,0,0,0,0,0,0,0,0,0,0,0,0,0,0,0,0,0,0,0,0,0,0,0,0,0,0,0,32,30,30,62,65476,0,300,0,0,8,21553,0.0,-107605600.0,0.0,0.0,0.0,0.0,0.0,0.0,0.0,0.0,0.0,0.0,0.0,0.0,0.0,0.0,0.0,0.0,0.0,0.0,0.0,0.0,2.004,-2.004,-0.0,-2.004,0.0,0.0,0.0,0.0,5437.0,1.0406669901790231e+34,6927.0,0.0,-0.0,-107615280.0,-0.0,0.0,0.0,0.0,0.0,63,0.0,-3.222008670201871e+26,0.0,0.0,0.0,0.0,0.0,0.0,0.0,0,0,0,0.0,0.0,0.0,0.0,0.0,0.0,0.0,0.0,0.0,0.0,0.0,0.0,0.0,0.0,0.0,0.0,0,-107875648.0,63,0.0,126,2.7184242562605685e+23,-0.0,ERR,ERR,ERR,ERR,ERR,ERR,ERR,ERR,ERR,ERR,ERR,ERR,ERR,ERR,ERR,ERR,ERR,ERR,ERR,ERR,ERR,ERR,ERR,ERR,ERR,ERR,ERR,ERR,ERR,ERR,ERR,ERR,ERR,ERR,ERR,ERR,ERR,ERR,ERR,ERR,ERR,ERR,ERR,ERR,ERR,ERR,ERR,ERR,ERR,ERR,ERR,ERR,ERR,ERR,ERR,ERR,ERR,ERR,ERR,ERR,ERR,ERR,ERR,ERR,ERR,ERR,ERR,34.0,80.0,35,0.0,0.0,0.0,0.0,0.0,0.0,0.0,0.0,0.0,0.0,0.0,0.0,0.0,0.0,0.0,0.0,64.4,0,116,56,49,65476,0,300,0,0,8,20529,65476,0,0,57672,80.0,0.0,0.0,0.0,0.0,0.0
2026-06-17T04:38:13,ERR,ERR,ERR,ERR,ERR,ERR,ERR,ERR,ERR,ERR,ERR,ERR,ERR,ERR,ERR,ERR,ERR,ERR,ERR,ERR,ERR,ERR,ERR,ERR,ERR,ERR,ERR,ERR,ERR,ERR,ERR,ERR,ERR,ERR,ERR,ERR,ERR,ERR,ERR,ERR,ERR,ERR,ERR,ERR,ERR,ERR,ERR,ERR,ERR,ERR,ERR,ERR,ERR,ERR,ERR,ERR,ERR,ERR,ERR,ERR,ERR,ERR,ERR,ERR,ERR,ERR,ERR,ERR,ERR,ERR,ERR,ERR,ERR,ERR,ERR,ERR,ERR,ERR,ERR,ERR,ERR,ERR,ERR,ERR,ERR,ERR,ERR,ERR,ERR,ERR,ERR,ERR,ERR,ERR,ERR,ERR,ERR,ERR,ERR,ERR,ERR,ERR,ERR,ERR,ERR,ERR,ERR,ERR,ERR,ERR,ERR,ERR,ERR,ERR,ERR,ERR,ERR,ERR,ERR,ERR,ERR,ERR,ERR,ERR,ERR,0.0,-0.0,3.028208139652935e+23,0.0,0.0,1.3936040501711995e+18,7.805,0.0,0,0,4,0,7300,-0.0,0,0.0,0.0,0.0,0.0,0.0,0,0,0,0,0.0,0,0,0,0,0,0,0,0,0,0,0,0,0,0,0,0,0,0,0,0,0,0,0,0,0,0,0,0,0,0,0,0,0,32,30,30,62,65476,0,300,0,0,8,21553,0.0,-107605600.0,0.0,0.0,0.0,0.0,0.0,0.0,0.0,0.0,0.0,0.0,0.0,0.0,0.0,0.0,0.0,0.0,0.0,0.0,0.0,0.0,2.004,-2.004,-0.0,-2.004,0.0,0.0,0.0,0.0,5437.0,1.0406669901790231e+34,6927.0,0.0,-0.0,-107615280.0,-0.0,0.0,0.0,0.0,0.0,63,0.0,-3.222008670201871e+26,0.0,0.0,0.0,0.0,0.0,0.0,0.0,0,0,0,0.0,0.0,0.0,0.0,0.0,0.0,0.0,0.0,0.0,0.0,0.0,0.0,0.0,0.0,0.0,0.0,0,-107875648.0,63,0.0,126,2.7184242562605685e+23,-0.0,ERR,ERR,ERR,ERR,ERR,ERR,ERR,ERR,ERR,ERR,ERR,ERR,ERR,ERR,ERR,ERR,ERR,ERR,ERR,ERR,ERR,ERR,ERR,ERR,ERR,ERR,ERR,ERR,ERR,ERR,ERR,ERR,ERR,ERR,ERR,ERR,ERR,ERR,ERR,ERR,ERR,ERR,ERR,ERR,ERR,ERR,ERR,ERR,ERR,ERR,ERR,ERR,ERR,ERR,ERR,ERR,ERR,ERR,ERR,ERR,ERR,ERR,ERR,ERR,ERR,ERR,ERR,34.0,80.0,35,0.0,0.0,0.0,0.0,0.0,0.0,0.0,0.0,0.0,0.0,0.0,0.0,0.0,0.0,0.0,0.0,64.4,0,116,56,49,65476,0,300,0,0,8,20529,65476,0,0,57672,80.0,0.0,0.0,0.0,0.0,0.0
2026-06-17T04:38:14,ERR,ERR,ERR,ERR,ERR,ERR,ERR,ERR,ERR,ERR,ERR,ERR,ERR,ERR,ERR,ERR,ERR,ERR,ERR,ERR,ERR,ERR,ERR,ERR,ERR,ERR,ERR,ERR,ERR,ERR,ERR,ERR,ERR,ERR,ERR,ERR,ERR,ERR,ERR,ERR,ERR,ERR,ERR,ERR,ERR,ERR,ERR,ERR,ERR,ERR,ERR,ERR,ERR,ERR,ERR,ERR,ERR,ERR,ERR,ERR,ERR,ERR,ERR,ERR,ERR,ERR,ERR,ERR,ERR,ERR,ERR,ERR,ERR,ERR,ERR,ERR,ERR,ERR,ERR,ERR,ERR,ERR,ERR,ERR,ERR,ERR,ERR,ERR,ERR,ERR,ERR,ERR,ERR,ERR,ERR,ERR,ERR,ERR,ERR,ERR,ERR,ERR,ERR,ERR,ERR,ERR,ERR,ERR,ERR,ERR,ERR,ERR,ERR,ERR,ERR,ERR,ERR,ERR,ERR,ERR,ERR,ERR,ERR,ERR,ERR,0.0,-0.0,3.028208139652935e+23,0.0,0.0,1.3936040501711995e+18,7.805,0.0,0,0,4,0,7300,-0.0,0,0.0,0.0,0.0,0.0,0.0,0,0,0,0,0.0,0,0,0,0,0,0,0,0,0,0,0,0,0,0,0,0,0,0,0,0,0,0,0,0,0,0,0,0,0,0,0,0,0,32,30,30,62,65476,0,300,0,0,8,21553,0.0,-107605600.0,0.0,0.0,0.0,0.0,0.0,0.0,0.0,0.0,0.0,0.0,0.0,0.0,0.0,0.0,0.0,0.0,0.0,0.0,0.0,0.0,2.004,-2.004,-0.0,-2.004,0.0,0.0,0.0,0.0,5437.0,1.0406669901790231e+34,6927.0,0.0,-0.0,-107615280.0,-0.0,0.0,0.0,0.0,0.0,63,0.0,-3.222008670201871e+26,0.0,0.0,0.0,0.0,0.0,0.0,0.0,0,0,0,0.0,0.0,0.0,0.0,0.0,0.0,0.0,0.0,0.0,0.0,0.0,0.0,0.0,0.0,0.0,0.0,0,-107875648.0,63,0.0,126,2.7184242562605685e+23,-0.0,ERR,ERR,ERR,ERR,ERR,ERR,ERR,ERR,ERR,ERR,ERR,ERR,ERR,ERR,ERR,ERR,ERR,ERR,ERR,ERR,ERR,ERR,ERR,ERR,ERR,ERR,ERR,ERR,ERR,ERR,ERR,ERR,ERR,ERR,ERR,ERR,ERR,ERR,ERR,ERR,ERR,ERR,ERR,ERR,ERR,ERR,ERR,ERR,ERR,ERR,ERR,ERR,ERR,ERR,ERR,ERR,ERR,ERR,ERR,ERR,ERR,ERR,ERR,ERR,ERR,ERR,ERR,34.0,80.0,35,0.0,0.0,0.0,0.0,0.0,0.0,0.0,0.0,0.0,0.0,0.0,0.0,0.0,0.0,0.0,0.0,64.4,0,116,56,49,65476,0,300,0,0,8,20529,65476,0,0,57672,80.0,0.0,0.0,0.0,0.0,0.0
2026-06-17T04:38:15,ERR,ERR,ERR,ERR,ERR,ERR,ERR,ERR,ERR,ERR,ERR,ERR,ERR,ERR,ERR,ERR,ERR,ERR,ERR,ERR,ERR,ERR,ERR,ERR,ERR,ERR,ERR,ERR,ERR,ERR,ERR,ERR,ERR,ERR,ERR,ERR,ERR,ERR,ERR,ERR,ERR,ERR,ERR,ERR,ERR,ERR,ERR,ERR,ERR,ERR,ERR,ERR,ERR,ERR,ERR,ERR,ERR,ERR,ERR,ERR,ERR,ERR,ERR,ERR,ERR,ERR,ERR,ERR,ERR,ERR,ERR,ERR,ERR,ERR,ERR,ERR,ERR,ERR,ERR,ERR,ERR,ERR,ERR,ERR,ERR,ERR,ERR,ERR,ERR,ERR,ERR,ERR,ERR,ERR,ERR,ERR,ERR,ERR,ERR,ERR,ERR,ERR,ERR,ERR,ERR,ERR,ERR,ERR,ERR,ERR,ERR,ERR,ERR,ERR,ERR,ERR,ERR,ERR,ERR,ERR,ERR,ERR,ERR,ERR,ERR,0.0,-0.0,3.028208139652935e+23,0.0,0.0,1.3936040501711995e+18,7.805,0.0,0,0,4,0,7300,-0.0,0,0.0,0.0,0.0,0.0,0.0,0,0,0,0,0.0,0,0,0,0,0,0,0,0,0,0,0,0,0,0,0,0,0,0,0,0,0,0,0,0,0,0,0,0,0,0,0,0,0,32,30,30,62,65476,0,300,0,0,8,21553,0.0,-107605600.0,0.0,0.0,0.0,0.0,0.0,0.0,0.0,0.0,0.0,0.0,0.0,0.0,0.0,0.0,0.0,0.0,0.0,0.0,0.0,0.0,2.004,-2.004,-0.0,-2.004,0.0,0.0,0.0,0.0,5437.0,1.0406669901790231e+34,6927.0,0.0,-0.0,-107615280.0,-0.0,0.0,0.0,0.0,0.0,63,0.0,-3.222008670201871e+26,0.0,0.0,0.0,0.0,0.0,0.0,0.0,0,0,0,0.0,0.0,0.0,0.0,0.0,0.0,0.0,0.0,0.0,0.0,0.0,0.0,0.0,0.0,0.0,0.0,0,-107875648.0,63,0.0,126,2.7184242562605685e+23,-0.0,ERR,ERR,ERR,ERR,ERR,ERR,ERR,ERR,ERR,ERR,ERR,ERR,ERR,ERR,ERR,ERR,ERR,ERR,ERR,ERR,ERR,ERR,ERR,ERR,ERR,ERR,ERR,ERR,ERR,ERR,ERR,ERR,ERR,ERR,ERR,ERR,ERR,ERR,ERR,ERR,ERR,ERR,ERR,ERR,ERR,ERR,ERR,ERR,ERR,ERR,ERR,ERR,ERR,ERR,ERR,ERR,ERR,ERR,ERR,ERR,ERR,ERR,ERR,ERR,ERR,ERR,ERR,34.0,80.0,35,0.0,0.0,0.0,0.0,0.0,0.0,0.0,0.0,0.0,0.0,0.0,0.0,0.0,0.0,0.0,0.0,64.4,0,116,56,49,65476,0,300,0,0,8,20529,65476,0,0,57672,80.0,0.0,0.0,0.0,0.0,0.0
2026-06-17T04:38:16,ERR,ERR,ERR,ERR,ERR,ERR,ERR,ERR,ERR,ERR,ERR,ERR,ERR,ERR,ERR,ERR,ERR,ERR,ERR,ERR,ERR,ERR,ERR,ERR,ERR,ERR,ERR,ERR,ERR,ERR,ERR,ERR,ERR,ERR,ERR,ERR,ERR,ERR,ERR,ERR,ERR,ERR,ERR,ERR,ERR,ERR,ERR,ERR,ERR,ERR,ERR,ERR,ERR,ERR,ERR,ERR,ERR,ERR,ERR,ERR,ERR,ERR,ERR,ERR,ERR,ERR,ERR,ERR,ERR,ERR,ERR,ERR,ERR,ERR,ERR,ERR,ERR,ERR,ERR,ERR,ERR,ERR,ERR,ERR,ERR,ERR,ERR,ERR,ERR,ERR,ERR,ERR,ERR,ERR,ERR,ERR,ERR,ERR,ERR,ERR,ERR,ERR,ERR,ERR,ERR,ERR,ERR,ERR,ERR,ERR,ERR,ERR,ERR,ERR,ERR,ERR,ERR,ERR,ERR,ERR,ERR,ERR,ERR,ERR,ERR,0.0,-0.0,3.028208139652935e+23,0.0,0.0,1.3936040501711995e+18,7.805,0.0,0,0,4,0,7300,-0.0,0,0.0,0.0,0.0,0.0,0.0,0,0,0,0,0.0,0,0,0,0,0,0,0,0,0,0,0,0,0,0,0,0,0,0,0,0,0,0,0,0,0,0,0,0,0,0,0,0,0,32,30,30,62,65476,0,300,0,0,8,21553,0.0,-107605600.0,0.0,0.0,0.0,0.0,0.0,0.0,0.0,0.0,0.0,0.0,0.0,0.0,0.0,0.0,0.0,0.0,0.0,0.0,0.0,0.0,2.004,-2.004,-0.0,-2.004,0.0,0.0,0.0,0.0,5437.0,-0.0,6962.0,0.0,-0.0,-107615280.0,-0.0,0.0,0.0,0.0,0.0,63,0.0,0.0,0.0,0.0,0.0,0.0,0.0,0.0,0.0,0,0,0,0.0,0.0,0.0,0.0,0.0,0.0,0.0,0.0,0.0,0.0,0.0,0.0,0.0,0.0,0.0,0.0,0,-107875648.0,63,0.0,126,2.7184242562605685e+23,-0.0,ERR,ERR,ERR,ERR,ERR,ERR,ERR,ERR,ERR,ERR,ERR,ERR,ERR,ERR,ERR,ERR,ERR,ERR,ERR,ERR,ERR,ERR,ERR,ERR,ERR,ERR,ERR,ERR,ERR,ERR,ERR,ERR,ERR,ERR,ERR,ERR,ERR,ERR,ERR,ERR,ERR,ERR,ERR,ERR,ERR,ERR,ERR,ERR,ERR,ERR,ERR,ERR,ERR,ERR,ERR,ERR,ERR,ERR,ERR,ERR,ERR,ERR,ERR,ERR,ERR,ERR,ERR,34.0,80.0,35,0.0,0.0,0.0,0.0,0.0,0.0,0.0,0.0,0.0,0.0,0.0,0.0,0.0,0.0,0.0,0.0,64.8,0,116,56,49,65476,0,300,0,0,8,20529,65476,0,0,57672,80.0,0.0,0.0,0.0,0.0,0.0
2026-06-17T04:38:17,ERR,ERR,ERR,ERR,ERR,ERR,ERR,ERR,ERR,ERR,ERR,ERR,ERR,ERR,ERR,ERR,ERR,ERR,ERR,ERR,ERR,ERR,ERR,ERR,ERR,ERR,ERR,ERR,ERR,ERR,ERR,ERR,ERR,ERR,ERR,ERR,ERR,ERR,ERR,ERR,ERR,ERR,ERR,ERR,ERR,ERR,ERR,ERR,ERR,ERR,ERR,ERR,ERR,ERR,ERR,ERR,ERR,ERR,ERR,ERR,ERR,ERR,ERR,ERR,ERR,ERR,ERR,ERR,ERR,ERR,ERR,ERR,ERR,ERR,ERR,ERR,ERR,ERR,ERR,ERR,ERR,ERR,ERR,ERR,ERR,ERR,ERR,ERR,ERR,ERR,ERR,ERR,ERR,ERR,ERR,ERR,ERR,ERR,ERR,ERR,ERR,ERR,ERR,ERR,ERR,ERR,ERR,ERR,ERR,ERR,ERR,ERR,ERR,ERR,ERR,ERR,ERR,ERR,ERR,ERR,ERR,ERR,ERR,ERR,ERR,0.0,-0.0,3.028208139652935e+23,0.0,0.0,1.3936040501711995e+18,7.805,0.0,0,0,4,0,7300,-0.0,0,0.0,0.0,0.0,0.0,0.0,0,0,0,0,0.0,0,0,0,0,0,0,0,0,0,0,0,0,0,0,0,0,0,0,0,0,0,0,0,0,0,0,0,0,0,0,0,0,0,32,30,30,62,65476,0,300,0,0,8,21553,0.0,-107605600.0,0.0,0.0,0.0,0.0,0.0,0.0,0.0,0.0,0.0,0.0,0.0,0.0,0.0,0.0,0.0,0.0,0.0,0.0,0.0,0.0,2.004,-2.004,-0.0,-2.004,0.0,0.0,0.0,0.0,5437.0,-0.0,6962.0,0.0,-0.0,-107615280.0,-0.0,0.0,0.0,0.0,0.0,63,0.0,0.0,0.0,0.0,0.0,0.0,0.0,0.0,0.0,0,0,0,0.0,0.0,0.0,0.0,0.0,0.0,0.0,0.0,0.0,0.0,0.0,0.0,0.0,0.0,0.0,0.0,0,-107875648.0,63,0.0,126,2.7184242562605685e+23,-0.0,ERR,ERR,ERR,ERR,ERR,ERR,ERR,ERR,ERR,ERR,ERR,ERR,ERR,ERR,ERR,ERR,ERR,ERR,ERR,ERR,ERR,ERR,ERR,ERR,ERR,ERR,ERR,ERR,ERR,ERR,ERR,ERR,ERR,ERR,ERR,ERR,ERR,ERR,ERR,ERR,ERR,ERR,ERR,ERR,ERR,ERR,ERR,ERR,ERR,ERR,ERR,ERR,ERR,ERR,ERR,ERR,ERR,ERR,ERR,ERR,ERR,ERR,ERR,ERR,ERR,ERR,ERR,34.0,80.0,35,0.0,0.0,0.0,0.0,0.0,0.0,0.0,0.0,0.0,0.0,0.0,0.0,0.0,0.0,0.0,0.0,64.8,0,116,56,49,65476,0,300,0,0,8,20529,65476,0,0,57672,80.0,0.0,0.0,0.0,0.0,0.0
2026-06-17T04:38:18,ERR,ERR,ERR,ERR,ERR,ERR,ERR,ERR,ERR,ERR,ERR,ERR,ERR,ERR,ERR,ERR,ERR,ERR,ERR,ERR,ERR,ERR,ERR,ERR,ERR,ERR,ERR,ERR,ERR,ERR,ERR,ERR,ERR,ERR,ERR,ERR,ERR,ERR,ERR,ERR,ERR,ERR,ERR,ERR,ERR,ERR,ERR,ERR,ERR,ERR,ERR,ERR,ERR,ERR,ERR,ERR,ERR,ERR,ERR,ERR,ERR,ERR,ERR,ERR,ERR,ERR,ERR,ERR,ERR,ERR,ERR,ERR,ERR,ERR,ERR,ERR,ERR,ERR,ERR,ERR,ERR,ERR,ERR,ERR,ERR,ERR,ERR,ERR,ERR,ERR,ERR,ERR,ERR,ERR,ERR,ERR,ERR,ERR,ERR,ERR,ERR,ERR,ERR,ERR,ERR,ERR,ERR,ERR,ERR,ERR,ERR,ERR,ERR,ERR,ERR,ERR,ERR,ERR,ERR,ERR,ERR,ERR,ERR,ERR,ERR,0.0,-0.0,3.028208139652935e+23,0.0,0.0,1.3936040501711995e+18,7.805,0.0,0,0,4,0,7300,-0.0,0,0.0,0.0,0.0,0.0,0.0,0,0,0,0,0.0,0,0,0,0,0,0,0,0,0,0,0,0,0,0,0,0,0,0,0,0,0,0,0,0,0,0,0,0,0,0,0,0,0,32,30,30,62,65476,0,300,0,0,8,21553,0.0,-107605600.0,0.0,0.0,0.0,0.0,0.0,0.0,0.0,0.0,0.0,0.0,0.0,0.0,0.0,0.0,0.0,0.0,0.0,0.0,0.0,0.0,2.004,-2.004,-0.0,-2.004,0.0,0.0,0.0,0.0,5437.0,-0.0,6962.0,0.0,-0.0,-107615280.0,-0.0,0.0,0.0,0.0,0.0,63,0.0,0.0,0.0,0.0,0.0,0.0,0.0,0.0,0.0,0,0,0,0.0,0.0,0.0,0.0,0.0,0.0,0.0,0.0,0.0,0.0,0.0,0.0,0.0,0.0,0.0,0.0,0,-107875648.0,63,0.0,126,2.7184242562605685e+23,-0.0,ERR,ERR,ERR,ERR,ERR,ERR,ERR,ERR,ERR,ERR,ERR,ERR,ERR,ERR,ERR,ERR,ERR,ERR,ERR,ERR,ERR,ERR,ERR,ERR,ERR,ERR,ERR,ERR,ERR,ERR,ERR,ERR,ERR,ERR,ERR,ERR,ERR,ERR,ERR,ERR,ERR,ERR,ERR,ERR,ERR,ERR,ERR,ERR,ERR,ERR,ERR,ERR,ERR,ERR,ERR,ERR,ERR,ERR,ERR,ERR,ERR,ERR,ERR,ERR,ERR,ERR,ERR,34.0,80.0,35,0.0,0.0,0.0,0.0,0.0,0.0,0.0,0.0,0.0,0.0,0.0,0.0,0.0,0.0,0.0,0.0,64.4,0,116,56,49,65476,0,300,0,0,8,20529,65476,0,0,57672,80.0,0.0,0.0,0.0,0.0,0.0
2026-06-17T04:38:19,ERR,ERR,ERR,ERR,ERR,ERR,ERR,ERR,ERR,ERR,ERR,ERR,ERR,ERR,ERR,ERR,ERR,ERR,ERR,ERR,ERR,ERR,ERR,ERR,ERR,ERR,ERR,ERR,ERR,ERR,ERR,ERR,ERR,ERR,ERR,ERR,ERR,ERR,ERR,ERR,ERR,ERR,ERR,ERR,ERR,ERR,ERR,ERR,ERR,ERR,ERR,ERR,ERR,ERR,ERR,ERR,ERR,ERR,ERR,ERR,ERR,ERR,ERR,ERR,ERR,ERR,ERR,ERR,ERR,ERR,ERR,ERR,ERR,ERR,ERR,ERR,ERR,ERR,ERR,ERR,ERR,ERR,ERR,ERR,ERR,ERR,ERR,ERR,ERR,ERR,ERR,ERR,ERR,ERR,ERR,ERR,ERR,ERR,ERR,ERR,ERR,ERR,ERR,ERR,ERR,ERR,ERR,ERR,ERR,ERR,ERR,ERR,ERR,ERR,ERR,ERR,ERR,ERR,ERR,ERR,ERR,ERR,ERR,ERR,ERR,0.0,-0.0,3.028208139652935e+23,0.0,0.0,1.3936040501711995e+18,7.805,0.0,0,0,4,0,7300,-0.0,0,0.0,0.0,0.0,0.0,0.0,0,0,0,0,0.0,0,0,0,0,0,0,0,0,0,0,0,0,0,0,0,0,0,0,0,0,0,0,0,0,0,0,0,0,0,0,0,0,0,32,30,30,62,65476,0,300,0,0,8,21553,0.0,-107605600.0,0.0,0.0,0.0,0.0,0.0,0.0,0.0,0.0,0.0,0.0,0.0,0.0,0.0,0.0,0.0,0.0,0.0,0.0,0.0,0.0,2.004,-2.004,-0.0,-2.004,0.0,0.0,0.0,0.0,5437.0,-0.0,6962.0,0.0,-0.0,-107615280.0,-0.0,0.0,0.0,0.0,0.0,63,0.0,0.0,0.0,0.0,0.0,0.0,0.0,0.0,0.0,0,0,0,0.0,0.0,0.0,0.0,0.0,0.0,0.0,0.0,0.0,0.0,0.0,0.0,0.0,0.0,0.0,0.0,0,-107875648.0,63,0.0,126,2.7184242562605685e+23,-0.0,ERR,ERR,ERR,ERR,ERR,ERR,ERR,ERR,ERR,ERR,ERR,ERR,ERR,ERR,ERR,ERR,ERR,ERR,ERR,ERR,ERR,ERR,ERR,ERR,ERR,ERR,ERR,ERR,ERR,ERR,ERR,ERR,ERR,ERR,ERR,ERR,ERR,ERR,ERR,ERR,ERR,ERR,ERR,ERR,ERR,ERR,ERR,ERR,ERR,ERR,ERR,ERR,ERR,ERR,ERR,ERR,ERR,ERR,ERR,ERR,ERR,ERR,ERR,ERR,ERR,ERR,ERR,34.0,80.0,35,0.0,0.0,0.0,0.0,0.0,0.0,0.0,0.0,0.0,0.0,0.0,0.0,0.0,0.0,0.0,0.0,64.4,0,116,56,49,65476,0,300,0,0,8,20529,65476,0,0,57672,80.0,0.0,0.0,0.0,0.0,0.0
2026-06-17T04:38:20,ERR,ERR,ERR,ERR,ERR,ERR,ERR,ERR,ERR,ERR,ERR,ERR,ERR,ERR,ERR,ERR,ERR,ERR,ERR,ERR,ERR,ERR,ERR,ERR,ERR,ERR,ERR,ERR,ERR,ERR,ERR,ERR,ERR,ERR,ERR,ERR,ERR,ERR,ERR,ERR,ERR,ERR,ERR,ERR,ERR,ERR,ERR,ERR,ERR,ERR,ERR,ERR,ERR,ERR,ERR,ERR,ERR,ERR,ERR,ERR,ERR,ERR,ERR,ERR,ERR,ERR,ERR,ERR,ERR,ERR,ERR,ERR,ERR,ERR,ERR,ERR,ERR,ERR,ERR,ERR,ERR,ERR,ERR,ERR,ERR,ERR,ERR,ERR,ERR,ERR,ERR,ERR,ERR,ERR,ERR,ERR,ERR,ERR,ERR,ERR,ERR,ERR,ERR,ERR,ERR,ERR,ERR,ERR,ERR,ERR,ERR,ERR,ERR,ERR,ERR,ERR,ERR,ERR,ERR,ERR,ERR,ERR,ERR,ERR,ERR,0.0,-0.0,3.028208139652935e+23,0.0,0.0,1.3936040501711995e+18,7.805,0.0,0,0,4,0,7300,-0.0,0,0.0,0.0,0.0,0.0,0.0,0,0,0,0,0.0,0,0,0,0,0,0,0,0,0,0,0,0,0,0,0,0,0,0,0,0,0,0,0,0,0,0,0,0,0,0,0,0,0,32,30,30,62,65476,0,300,0,0,8,21553,0.0,-107605600.0,0.0,0.0,0.0,0.0,0.0,0.0,0.0,0.0,0.0,0.0,0.0,0.0,0.0,0.0,0.0,0.0,0.0,0.0,0.0,0.0,2.004,-2.004,-0.0,-2.004,0.0,0.0,0.0,0.0,5437.0,-0.0,6962.0,0.0,-0.0,-107615280.0,-0.0,0.0,0.0,0.0,0.0,63,0.0,0.0,0.0,0.0,0.0,0.0,0.0,0.0,0.0,0,0,0,0.0,0.0,0.0,0.0,0.0,0.0,0.0,0.0,0.0,0.0,0.0,0.0,0.0,0.0,0.0,0.0,0,-107875648.0,63,0.0,126,2.7184242562605685e+23,-0.0,ERR,ERR,ERR,ERR,ERR,ERR,ERR,ERR,ERR,ERR,ERR,ERR,ERR,ERR,ERR,ERR,ERR,ERR,ERR,ERR,ERR,ERR,ERR,ERR,ERR,ERR,ERR,ERR,ERR,ERR,ERR,ERR,ERR,ERR,ERR,ERR,ERR,ERR,ERR,ERR,ERR,ERR,ERR,ERR,ERR,ERR,ERR,ERR,ERR,ERR,ERR,ERR,ERR,ERR,ERR,ERR,ERR,ERR,ERR,ERR,ERR,ERR,ERR,ERR,ERR,ERR,ERR,34.0,80.0,35,0.0,0.0,0.0,0.0,0.0,0.0,0.0,0.0,0.0,0.0,0.0,0.0,0.0,0.0,0.0,0.0,64.8,0,116,56,49,65476,0,300,0,0,8,20529,65476,0,0,57672,80.0,0.0,0.0,0.0,0.0,0.0
2026-06-17T04:38:21,ERR,ERR,ERR,ERR,ERR,ERR,ERR,ERR,ERR,ERR,ERR,ERR,ERR,ERR,ERR,ERR,ERR,ERR,ERR,ERR,ERR,ERR,ERR,ERR,ERR,ERR,ERR,ERR,ERR,ERR,ERR,ERR,ERR,ERR,ERR,ERR,ERR,ERR,ERR,ERR,ERR,ERR,ERR,ERR,ERR,ERR,ERR,ERR,ERR,ERR,ERR,ERR,ERR,ERR,ERR,ERR,ERR,ERR,ERR,ERR,ERR,ERR,ERR,ERR,ERR,ERR,ERR,ERR,ERR,ERR,ERR,ERR,ERR,ERR,ERR,ERR,ERR,ERR,ERR,ERR,ERR,ERR,ERR,ERR,ERR,ERR,ERR,ERR,ERR,ERR,ERR,ERR,ERR,ERR,ERR,ERR,ERR,ERR,ERR,ERR,ERR,ERR,ERR,ERR,ERR,ERR,ERR,ERR,ERR,ERR,ERR,ERR,ERR,ERR,ERR,ERR,ERR,ERR,ERR,ERR,ERR,ERR,ERR,ERR,ERR,0.0,-0.0,-0.0,0.0,0.0,1.3936040501711995e+18,7.805,0.0,0,0,4,0,7300,-0.0,0,0.0,0.0,0.0,0.0,0.0,0,0,0,0,0.0,0,0,0,0,0,0,0,0,0,0,0,0,0,0,0,0,0,0,0,0,0,0,0,0,0,0,0,0,0,0,0,0,0,32,30,30,62,65476,0,300,0,0,8,21553,0.0,-107605600.0,0.0,0.0,0.0,0.0,0.0,0.0,0.0,0.0,0.0,0.0,0.0,0.0,0.0,0.0,0.0,0.0,0.0,0.0,0.0,0.0,2.004,-2.004,-0.0,-2.004,0.0,0.0,0.0,0.0,5437.0,-2.004,6968.0,0.0,-0.0,-107615280.0,-0.0,0.0,0.0,0.0,0.0,63,0.0,89220.695,0.0,0.0,0.0,0.0,0.0,0.0,0.0,0,0,0,0.0,0.0,0.0,0.0,0.0,0.0,0.0,0.0,0.0,0.0,0.0,0.0,0.0,0.0,0.0,0.0,0,-107875648.0,63,0.0,126,2.7184242562605685e+23,-0.0,ERR,ERR,ERR,ERR,ERR,ERR,ERR,ERR,ERR,ERR,ERR,ERR,ERR,ERR,ERR,ERR,ERR,ERR,ERR,ERR,ERR,ERR,ERR,ERR,ERR,ERR,ERR,ERR,ERR,ERR,ERR,ERR,ERR,ERR,ERR,ERR,ERR,ERR,ERR,ERR,ERR,ERR,ERR,ERR,ERR,ERR,ERR,ERR,ERR,ERR,ERR,ERR,ERR,ERR,ERR,ERR,ERR,ERR,ERR,ERR,ERR,ERR,ERR,ERR,ERR,ERR,ERR,34.0,80.0,35,0.0,0.0,0.0,0.0,0.0,0.0,0.0,0.0,0.0,0.0,0.0,0.0,0.0,0.0,0.0,0.0,64.4,0,116,56,49,65476,0,300,0,0,8,20529,65476,0,0,57672,80.0,0.0,0.0,0.0,0.0,0.0
2026-06-17T04:38:22,ERR,ERR,ERR,ERR,ERR,ERR,ERR,ERR,ERR,ERR,ERR,ERR,ERR,ERR,ERR,ERR,ERR,ERR,ERR,ERR,ERR,ERR,ERR,ERR,ERR,ERR,ERR,ERR,ERR,ERR,ERR,ERR,ERR,ERR,ERR,ERR,ERR,ERR,ERR,ERR,ERR,ERR,ERR,ERR,ERR,ERR,ERR,ERR,ERR,ERR,ERR,ERR,ERR,ERR,ERR,ERR,ERR,ERR,ERR,ERR,ERR,ERR,ERR,ERR,ERR,ERR,ERR,ERR,ERR,ERR,ERR,ERR,ERR,ERR,ERR,ERR,ERR,ERR,ERR,ERR,ERR,ERR,ERR,ERR,ERR,ERR,ERR,ERR,ERR,ERR,ERR,ERR,ERR,ERR,ERR,ERR,ERR,ERR,ERR,ERR,ERR,ERR,ERR,ERR,ERR,ERR,ERR,ERR,ERR,ERR,ERR,ERR,ERR,ERR,ERR,ERR,ERR,ERR,ERR,ERR,ERR,ERR,ERR,ERR,ERR,0.0,-0.0,-0.0,0.0,0.0,1.3936040501711995e+18,7.805,0.0,0,0,4,0,7300,-0.0,0,0.0,0.0,0.0,0.0,0.0,0,0,0,0,0.0,0,0,0,0,0,0,0,0,0,0,0,0,0,0,0,0,0,0,0,0,0,0,0,0,0,0,0,0,0,0,0,0,0,32,30,30,62,65476,0,300,0,0,8,21553,0.0,-107605600.0,0.0,0.0,0.0,0.0,0.0,0.0,0.0,0.0,0.0,0.0,0.0,0.0,0.0,0.0,0.0,0.0,0.0,0.0,0.0,0.0,2.004,-2.004,-0.0,-2.004,0.0,0.0,0.0,0.0,5437.0,-2.004,6968.0,0.0,-0.0,-107615280.0,-0.0,0.0,0.0,0.0,0.0,63,0.0,89220.695,0.0,0.0,0.0,0.0,0.0,0.0,0.0,0,0,0,0.0,0.0,0.0,0.0,0.0,0.0,0.0,0.0,0.0,0.0,0.0,0.0,0.0,0.0,0.0,0.0,0,-107875648.0,63,0.0,126,2.7184242562605685e+23,-0.0,ERR,ERR,ERR,ERR,ERR,ERR,ERR,ERR,ERR,ERR,ERR,ERR,ERR,ERR,ERR,ERR,ERR,ERR,ERR,ERR,ERR,ERR,ERR,ERR,ERR,ERR,ERR,ERR,ERR,ERR,ERR,ERR,ERR,ERR,ERR,ERR,ERR,ERR,ERR,ERR,ERR,ERR,ERR,ERR,ERR,ERR,ERR,ERR,ERR,ERR,ERR,ERR,ERR,ERR,ERR,ERR,ERR,ERR,ERR,ERR,ERR,ERR,ERR,ERR,ERR,ERR,ERR,34.0,80.0,35,0.0,0.0,0.0,0.0,0.0,0.0,0.0,0.0,0.0,0.0,0.0,0.0,0.0,0.0,0.0,0.0,64.4,0,116,56,49,65476,0,300,0,0,8,20529,65476,0,0,57672,80.0,0.0,0.0,0.0,0.0,0.0
2026-06-17T04:38:23,ERR,ERR,ERR,ERR,ERR,ERR,ERR,ERR,ERR,ERR,ERR,ERR,ERR,ERR,ERR,ERR,ERR,ERR,ERR,ERR,ERR,ERR,ERR,ERR,ERR,ERR,ERR,ERR,ERR,ERR,ERR,ERR,ERR,ERR,ERR,ERR,ERR,ERR,ERR,ERR,ERR,ERR,ERR,ERR,ERR,ERR,ERR,ERR,ERR,ERR,ERR,ERR,ERR,ERR,ERR,ERR,ERR,ERR,ERR,ERR,ERR,ERR,ERR,ERR,ERR,ERR,ERR,ERR,ERR,ERR,ERR,ERR,ERR,ERR,ERR,ERR,ERR,ERR,ERR,ERR,ERR,ERR,ERR,ERR,ERR,ERR,ERR,ERR,ERR,ERR,ERR,ERR,ERR,ERR,ERR,ERR,ERR,ERR,ERR,ERR,ERR,ERR,ERR,ERR,ERR,ERR,ERR,ERR,ERR,ERR,ERR,ERR,ERR,ERR,ERR,ERR,ERR,ERR,ERR,ERR,ERR,ERR,ERR,ERR,ERR,0.0,-0.0,-0.0,0.0,0.0,1.3936040501711995e+18,7.805,0.0,0,0,4,0,7300,-0.0,0,0.0,0.0,0.0,0.0,0.0,0,0,0,0,0.0,0,0,0,0,0,0,0,0,0,0,0,0,0,0,0,0,0,0,0,0,0,0,0,0,0,0,0,0,0,0,0,0,0,32,30,30,62,65476,0,300,0,0,8,21553,0.0,-107605600.0,0.0,0.0,0.0,0.0,0.0,0.0,0.0,0.0,0.0,0.0,0.0,0.0,0.0,0.0,0.0,0.0,0.0,0.0,0.0,0.0,2.004,-2.004,-0.0,-2.004,0.0,0.0,0.0,0.0,5437.0,-2.004,6968.0,0.0,-0.0,-107615280.0,-0.0,0.0,0.0,0.0,0.0,63,0.0,89220.695,0.0,0.0,0.0,0.0,0.0,0.0,0.0,0,0,0,0.0,0.0,0.0,0.0,0.0,0.0,0.0,0.0,0.0,0.0,0.0,0.0,0.0,0.0,0.0,0.0,0,-107875648.0,63,0.0,126,2.7184242562605685e+23,-0.0,ERR,ERR,ERR,ERR,ERR,ERR,ERR,ERR,ERR,ERR,ERR,ERR,ERR,ERR,ERR,ERR,ERR,ERR,ERR,ERR,ERR,ERR,ERR,ERR,ERR,ERR,ERR,ERR,ERR,ERR,ERR,ERR,ERR,ERR,ERR,ERR,ERR,ERR,ERR,ERR,ERR,ERR,ERR,ERR,ERR,ERR,ERR,ERR,ERR,ERR,ERR,ERR,ERR,ERR,ERR,ERR,ERR,ERR,ERR,ERR,ERR,ERR,ERR,ERR,ERR,ERR,ERR,34.0,80.0,35,0.0,0.0,0.0,0.0,0.0,0.0,0.0,0.0,0.0,0.0,0.0,0.0,0.0,0.0,0.0,0.0,64.8,0,116,56,49,65476,0,300,0,0,8,20529,65476,0,0,57672,80.0,0.0,0.0,0.0,0.0,0.0
2026-06-17T04:38:24,ERR,ERR,ERR,ERR,ERR,ERR,ERR,ERR,ERR,ERR,ERR,ERR,ERR,ERR,ERR,ERR,ERR,ERR,ERR,ERR,ERR,ERR,ERR,ERR,ERR,ERR,ERR,ERR,ERR,ERR,ERR,ERR,ERR,ERR,ERR,ERR,ERR,ERR,ERR,ERR,ERR,ERR,ERR,ERR,ERR,ERR,ERR,ERR,ERR,ERR,ERR,ERR,ERR,ERR,ERR,ERR,ERR,ERR,ERR,ERR,ERR,ERR,ERR,ERR,ERR,ERR,ERR,ERR,ERR,ERR,ERR,ERR,ERR,ERR,ERR,ERR,ERR,ERR,ERR,ERR,ERR,ERR,ERR,ERR,ERR,ERR,ERR,ERR,ERR,ERR,ERR,ERR,ERR,ERR,ERR,ERR,ERR,ERR,ERR,ERR,ERR,ERR,ERR,ERR,ERR,ERR,ERR,ERR,ERR,ERR,ERR,ERR,ERR,ERR,ERR,ERR,ERR,ERR,ERR,ERR,ERR,ERR,ERR,ERR,ERR,0.0,-0.0,-0.0,0.0,0.0,1.3936040501711995e+18,7.805,0.0,0,0,4,0,7300,-0.0,0,0.0,0.0,0.0,0.0,0.0,0,0,0,0,0.0,0,0,0,0,0,0,0,0,0,0,0,0,0,0,0,0,0,0,0,0,0,0,0,0,0,0,0,0,0,0,0,0,0,32,30,30,62,65476,0,300,0,0,8,21553,0.0,-107605600.0,0.0,0.0,0.0,0.0,0.0,0.0,0.0,0.0,0.0,0.0,0.0,0.0,0.0,0.0,0.0,0.0,0.0,0.0,0.0,0.0,2.004,-2.004,-0.0,-2.004,0.0,0.0,0.0,0.0,5437.0,-2.004,6968.0,0.0,-0.0,-107615280.0,-0.0,0.0,0.0,0.0,0.0,63,0.0,89220.695,0.0,0.0,0.0,0.0,0.0,0.0,0.0,0,0,0,0.0,0.0,0.0,0.0,0.0,0.0,0.0,0.0,0.0,0.0,0.0,0.0,0.0,0.0,0.0,0.0,0,-107875648.0,63,0.0,126,2.7184242562605685e+23,-0.0,ERR,ERR,ERR,ERR,ERR,ERR,ERR,ERR,ERR,ERR,ERR,ERR,ERR,ERR,ERR,ERR,ERR,ERR,ERR,ERR,ERR,ERR,ERR,ERR,ERR,ERR,ERR,ERR,ERR,ERR,ERR,ERR,ERR,ERR,ERR,ERR,ERR,ERR,ERR,ERR,ERR,ERR,ERR,ERR,ERR,ERR,ERR,ERR,ERR,ERR,ERR,ERR,ERR,ERR,ERR,ERR,ERR,ERR,ERR,ERR,ERR,ERR,ERR,ERR,ERR,ERR,ERR,34.0,80.0,35,0.0,0.0,0.0,0.0,0.0,0.0,0.0,0.0,0.0,0.0,0.0,0.0,0.0,0.0,0.0,0.0,64.8,0,116,56,49,65476,0,300,0,0,8,20529,65476,0,0,57672,80.0,0.0,0.0,0.0,0.0,0.0
2026-06-17T04:38:25,ERR,ERR,ERR,ERR,ERR,ERR,ERR,ERR,ERR,ERR,ERR,ERR,ERR,ERR,ERR,ERR,ERR,ERR,ERR,ERR,ERR,ERR,ERR,ERR,ERR,ERR,ERR,ERR,ERR,ERR,ERR,ERR,ERR,ERR,ERR,ERR,ERR,ERR,ERR,ERR,ERR,ERR,ERR,ERR,ERR,ERR,ERR,ERR,ERR,ERR,ERR,ERR,ERR,ERR,ERR,ERR,ERR,ERR,ERR,ERR,ERR,ERR,ERR,ERR,ERR,ERR,ERR,ERR,ERR,ERR,ERR,ERR,ERR,ERR,ERR,ERR,ERR,ERR,ERR,ERR,ERR,ERR,ERR,ERR,ERR,ERR,ERR,ERR,ERR,ERR,ERR,ERR,ERR,ERR,ERR,ERR,ERR,ERR,ERR,ERR,ERR,ERR,ERR,ERR,ERR,ERR,ERR,ERR,ERR,ERR,ERR,ERR,ERR,ERR,ERR,ERR,ERR,ERR,ERR,ERR,ERR,ERR,ERR,ERR,ERR,0.0,-0.0,-0.0,0.0,0.0,1.3936040501711995e+18,7.805,0.0,0,0,4,0,7300,-0.0,0,0.0,0.0,0.0,0.0,0.0,0,0,0,0,0.0,0,0,0,0,0,0,0,0,0,0,0,0,0,0,0,0,0,0,0,0,0,0,0,0,0,0,0,0,0,0,0,0,0,32,30,30,62,65476,0,300,0,0,8,21553,0.0,-107605600.0,0.0,0.0,0.0,0.0,0.0,0.0,0.0,0.0,0.0,0.0,0.0,0.0,0.0,0.0,0.0,0.0,0.0,0.0,0.0,0.0,2.004,-2.004,-0.0,-2.004,0.0,0.0,0.0,0.0,5437.0,-2.004,6968.0,0.0,-0.0,-107615280.0,-0.0,0.0,0.0,0.0,0.0,63,0.0,89220.695,0.0,0.0,0.0,0.0,0.0,0.0,0.0,0,0,0,0.0,0.0,0.0,0.0,0.0,0.0,0.0,0.0,0.0,0.0,0.0,0.0,0.0,0.0,0.0,0.0,0,-107875648.0,63,0.0,126,2.7184242562605685e+23,-0.0,ERR,ERR,ERR,ERR,ERR,ERR,ERR,ERR,ERR,ERR,ERR,ERR,ERR,ERR,ERR,ERR,ERR,ERR,ERR,ERR,ERR,ERR,ERR,ERR,ERR,ERR,ERR,ERR,ERR,ERR,ERR,ERR,ERR,ERR,ERR,ERR,ERR,ERR,ERR,ERR,ERR,ERR,ERR,ERR,ERR,ERR,ERR,ERR,ERR,ERR,ERR,ERR,ERR,ERR,ERR,ERR,ERR,ERR,ERR,ERR,ERR,ERR,ERR,ERR,ERR,ERR,ERR,34.0,80.0,35,0.0,0.0,0.0,0.0,0.0,0.0,0.0,0.0,0.0,0.0,0.0,0.0,0.0,0.0,0.0,0.0,64.4,0,116,56,49,65476,0,300,0,0,8,20529,65476,0,0,57672,80.0,0.0,0.0,0.0,0.0,0.0
2026-06-17T04:38:26,ERR,ERR,ERR,ERR,ERR,ERR,ERR,ERR,ERR,ERR,ERR,ERR,ERR,ERR,ERR,ERR,ERR,ERR,ERR,ERR,ERR,ERR,ERR,ERR,ERR,ERR,ERR,ERR,ERR,ERR,ERR,ERR,ERR,ERR,ERR,ERR,ERR,ERR,ERR,ERR,ERR,ERR,ERR,ERR,ERR,ERR,ERR,ERR,ERR,ERR,ERR,ERR,ERR,ERR,ERR,ERR,ERR,ERR,ERR,ERR,ERR,ERR,ERR,ERR,ERR,ERR,ERR,ERR,ERR,ERR,ERR,ERR,ERR,ERR,ERR,ERR,ERR,ERR,ERR,ERR,ERR,ERR,ERR,ERR,ERR,ERR,ERR,ERR,ERR,ERR,ERR,ERR,ERR,ERR,ERR,ERR,ERR,ERR,ERR,ERR,ERR,ERR,ERR,ERR,ERR,ERR,ERR,ERR,ERR,ERR,ERR,ERR,ERR,ERR,ERR,ERR,ERR,ERR,ERR,ERR,ERR,ERR,ERR,ERR,ERR,0.0,-0.0,3.028208139652935e+23,0.0,0.0,1.3936040501711995e+18,7.805,0.0,0,0,4,0,7300,-0.0,0,0.0,0.0,0.0,0.0,0.0,0,0,0,0,0.0,0,0,0,0,0,0,0,0,0,0,0,0,0,0,0,0,0,0,0,0,0,0,0,0,0,0,0,0,0,0,0,0,0,32,30,30,62,65476,0,300,0,0,8,21553,0.0,-107605600.0,0.0,0.0,0.0,0.0,0.0,0.0,0.0,0.0,0.0,0.0,0.0,0.0,0.0,0.0,0.0,0.0,0.0,0.0,0.0,0.0,2.004,-2.004,-0.0,-2.004,0.0,0.0,0.0,0.0,5469.0,0.0,6949.0,0.0,-0.0,-107615280.0,-0.0,0.0,0.0,0.0,0.0,63,0.0,-107614920.0,0.0,0.0,0.0,0.0,0.0,0.0,0.0,0,0,0,0.0,0.0,0.0,0.0,0.0,0.0,0.0,0.0,0.0,0.0,0.0,0.0,0.0,0.0,0.0,0.0,0,-107875648.0,63,0.0,126,2.7184242562605685e+23,-0.0,ERR,ERR,ERR,ERR,ERR,ERR,ERR,ERR,ERR,ERR,ERR,ERR,ERR,ERR,ERR,ERR,ERR,ERR,ERR,ERR,ERR,ERR,ERR,ERR,ERR,ERR,ERR,ERR,ERR,ERR,ERR,ERR,ERR,ERR,ERR,ERR,ERR,ERR,ERR,ERR,ERR,ERR,ERR,ERR,ERR,ERR,ERR,ERR,ERR,ERR,ERR,ERR,ERR,ERR,ERR,ERR,ERR,ERR,ERR,ERR,ERR,ERR,ERR,ERR,ERR,ERR,ERR,34.0,80.0,35,0.0,0.0,0.0,0.0,0.0,0.0,0.0,0.0,0.0,0.0,0.0,0.0,0.0,0.0,0.0,0.0,64.4,0,116,56,49,65476,0,300,0,0,8,20529,65476,0,0,57672,80.0,0.0,0.0,0.0,0.0,0.0
2026-06-17T04:38:27,ERR,ERR,ERR,ERR,ERR,ERR,ERR,ERR,ERR,ERR,ERR,ERR,ERR,ERR,ERR,ERR,ERR,ERR,ERR,ERR,ERR,ERR,ERR,ERR,ERR,ERR,ERR,ERR,ERR,ERR,ERR,ERR,ERR,ERR,ERR,ERR,ERR,ERR,ERR,ERR,ERR,ERR,ERR,ERR,ERR,ERR,ERR,ERR,ERR,ERR,ERR,ERR,ERR,ERR,ERR,ERR,ERR,ERR,ERR,ERR,ERR,ERR,ERR,ERR,ERR,ERR,ERR,ERR,ERR,ERR,ERR,ERR,ERR,ERR,ERR,ERR,ERR,ERR,ERR,ERR,ERR,ERR,ERR,ERR,ERR,ERR,ERR,ERR,ERR,ERR,ERR,ERR,ERR,ERR,ERR,ERR,ERR,ERR,ERR,ERR,ERR,ERR,ERR,ERR,ERR,ERR,ERR,ERR,ERR,ERR,ERR,ERR,ERR,ERR,ERR,ERR,ERR,ERR,ERR,ERR,ERR,ERR,ERR,ERR,ERR,0.0,-0.0,3.028208139652935e+23,0.0,0.0,1.3936040501711995e+18,7.805,0.0,0,0,4,0,7300,-0.0,0,0.0,0.0,0.0,0.0,0.0,0,0,0,0,0.0,0,0,0,0,0,0,0,0,0,0,0,0,0,0,0,0,0,0,0,0,0,0,0,0,0,0,0,0,0,0,0,0,0,32,30,30,62,65476,0,300,0,0,8,21553,0.0,-107605600.0,0.0,0.0,0.0,0.0,0.0,0.0,0.0,0.0,0.0,0.0,0.0,0.0,0.0,0.0,0.0,0.0,0.0,0.0,0.0,0.0,2.004,-2.004,-0.0,-2.004,0.0,0.0,0.0,0.0,5469.0,0.0,6949.0,0.0,-0.0,-107615280.0,-0.0,0.0,0.0,0.0,0.0,63,0.0,-107614920.0,0.0,0.0,0.0,0.0,0.0,0.0,0.0,0,0,0,0.0,0.0,0.0,0.0,0.0,0.0,0.0,0.0,0.0,0.0,0.0,0.0,0.0,0.0,0.0,0.0,0,-107875648.0,63,0.0,126,2.7184242562605685e+23,-0.0,ERR,ERR,ERR,ERR,ERR,ERR,ERR,ERR,ERR,ERR,ERR,ERR,ERR,ERR,ERR,ERR,ERR,ERR,ERR,ERR,ERR,ERR,ERR,ERR,ERR,ERR,ERR,ERR,ERR,ERR,ERR,ERR,ERR,ERR,ERR,ERR,ERR,ERR,ERR,ERR,ERR,ERR,ERR,ERR,ERR,ERR,ERR,ERR,ERR,ERR,ERR,ERR,ERR,ERR,ERR,ERR,ERR,ERR,ERR,ERR,ERR,ERR,ERR,ERR,ERR,ERR,ERR,34.0,80.0,35,0.0,0.0,0.0,0.0,0.0,0.0,0.0,0.0,0.0,0.0,0.0,0.0,0.0,0.0,0.0,0.0,64.4,0,116,56,49,65476,0,300,0,0,8,20529,65476,0,0,57672,80.0,0.0,0.0,0.0,0.0,0.0
2026-06-17T04:38:28,ERR,ERR,ERR,ERR,ERR,ERR,ERR,ERR,ERR,ERR,ERR,ERR,ERR,ERR,ERR,ERR,ERR,ERR,ERR,ERR,ERR,ERR,ERR,ERR,ERR,ERR,ERR,ERR,ERR,ERR,ERR,ERR,ERR,ERR,ERR,ERR,ERR,ERR,ERR,ERR,ERR,ERR,ERR,ERR,ERR,ERR,ERR,ERR,ERR,ERR,ERR,ERR,ERR,ERR,ERR,ERR,ERR,ERR,ERR,ERR,ERR,ERR,ERR,ERR,ERR,ERR,ERR,ERR,ERR,ERR,ERR,ERR,ERR,ERR,ERR,ERR,ERR,ERR,ERR,ERR,ERR,ERR,ERR,ERR,ERR,ERR,ERR,ERR,ERR,ERR,ERR,ERR,ERR,ERR,ERR,ERR,ERR,ERR,ERR,ERR,ERR,ERR,ERR,ERR,ERR,ERR,ERR,ERR,ERR,ERR,ERR,ERR,ERR,ERR,ERR,ERR,ERR,ERR,ERR,ERR,ERR,ERR,ERR,ERR,ERR,0.0,-0.0,3.028208139652935e+23,0.0,0.0,1.3936040501711995e+18,7.805,0.0,0,0,4,0,7300,-0.0,0,0.0,0.0,0.0,0.0,0.0,0,0,0,0,0.0,0,0,0,0,0,0,0,0,0,0,0,0,0,0,0,0,0,0,0,0,0,0,0,0,0,0,0,0,0,0,0,0,0,32,30,30,62,65476,0,300,0,0,8,21553,0.0,-107605600.0,0.0,0.0,0.0,0.0,0.0,0.0,0.0,0.0,0.0,0.0,0.0,0.0,0.0,0.0,0.0,0.0,0.0,0.0,0.0,0.0,2.004,-2.004,-0.0,-2.004,0.0,0.0,0.0,0.0,5469.0,0.0,6949.0,0.0,-0.0,-107615280.0,-0.0,0.0,0.0,0.0,0.0,63,0.0,-107614920.0,0.0,0.0,0.0,0.0,0.0,0.0,0.0,0,0,0,0.0,0.0,0.0,0.0,0.0,0.0,0.0,0.0,0.0,0.0,0.0,0.0,0.0,0.0,0.0,0.0,0,-107875648.0,63,0.0,126,2.7184242562605685e+23,-0.0,ERR,ERR,ERR,ERR,ERR,ERR,ERR,ERR,ERR,ERR,ERR,ERR,ERR,ERR,ERR,ERR,ERR,ERR,ERR,ERR,ERR,ERR,ERR,ERR,ERR,ERR,ERR,ERR,ERR,ERR,ERR,ERR,ERR,ERR,ERR,ERR,ERR,ERR,ERR,ERR,ERR,ERR,ERR,ERR,ERR,ERR,ERR,ERR,ERR,ERR,ERR,ERR,ERR,ERR,ERR,ERR,ERR,ERR,ERR,ERR,ERR,ERR,ERR,ERR,ERR,ERR,ERR,34.0,80.0,35,0.0,0.0,0.0,0.0,0.0,0.0,0.0,0.0,0.0,0.0,0.0,0.0,0.0,0.0,0.0,0.0,64.4,0,116,56,49,65476,0,300,0,0,8,20529,65476,0,0,57672,80.0,0.0,0.0,0.0,0.0,0.0
2026-06-17T04:38:29,ERR,ERR,ERR,ERR,ERR,ERR,ERR,ERR,ERR,ERR,ERR,ERR,ERR,ERR,ERR,ERR,ERR,ERR,ERR,ERR,ERR,ERR,ERR,ERR,ERR,ERR,ERR,ERR,ERR,ERR,ERR,ERR,ERR,ERR,ERR,ERR,ERR,ERR,ERR,ERR,ERR,ERR,ERR,ERR,ERR,ERR,ERR,ERR,ERR,ERR,ERR,ERR,ERR,ERR,ERR,ERR,ERR,ERR,ERR,ERR,ERR,ERR,ERR,ERR,ERR,ERR,ERR,ERR,ERR,ERR,ERR,ERR,ERR,ERR,ERR,ERR,ERR,ERR,ERR,ERR,ERR,ERR,ERR,ERR,ERR,ERR,ERR,ERR,ERR,ERR,ERR,ERR,ERR,ERR,ERR,ERR,ERR,ERR,ERR,ERR,ERR,ERR,ERR,ERR,ERR,ERR,ERR,ERR,ERR,ERR,ERR,ERR,ERR,ERR,ERR,ERR,ERR,ERR,ERR,ERR,ERR,ERR,ERR,ERR,ERR,0.0,-0.0,3.028208139652935e+23,0.0,0.0,1.3936040501711995e+18,7.805,0.0,0,0,4,0,7300,-0.0,0,0.0,0.0,0.0,0.0,0.0,0,0,0,0,0.0,0,0,0,0,0,0,0,0,0,0,0,0,0,0,0,0,0,0,0,0,0,0,0,0,0,0,0,0,0,0,0,0,0,32,30,30,62,65476,0,300,0,0,8,21553,0.0,-107605600.0,0.0,0.0,0.0,0.0,0.0,0.0,0.0,0.0,0.0,0.0,0.0,0.0,0.0,0.0,0.0,0.0,0.0,0.0,0.0,0.0,2.004,-2.004,-0.0,-2.004,0.0,0.0,0.0,0.0,5469.0,0.0,6949.0,0.0,-0.0,-107615280.0,-0.0,0.0,0.0,0.0,0.0,63,0.0,-107614920.0,0.0,0.0,0.0,0.0,0.0,0.0,0.0,0,0,0,0.0,0.0,0.0,0.0,0.0,0.0,0.0,0.0,0.0,0.0,0.0,0.0,0.0,0.0,0.0,0.0,0,-107875648.0,63,0.0,126,2.7184242562605685e+23,-0.0,ERR,ERR,ERR,ERR,ERR,ERR,ERR,ERR,ERR,ERR,ERR,ERR,ERR,ERR,ERR,ERR,ERR,ERR,ERR,ERR,ERR,ERR,ERR,ERR,ERR,ERR,ERR,ERR,ERR,ERR,ERR,ERR,ERR,ERR,ERR,ERR,ERR,ERR,ERR,ERR,ERR,ERR,ERR,ERR,ERR,ERR,ERR,ERR,ERR,ERR,ERR,ERR,ERR,ERR,ERR,ERR,ERR,ERR,ERR,ERR,ERR,ERR,ERR,ERR,ERR,ERR,ERR,34.0,80.0,35,0.0,0.0,0.0,0.0,0.0,0.0,0.0,0.0,0.0,0.0,0.0,0.0,0.0,0.0,0.0,0.0,64.8,0,116,56,49,65476,0,300,0,0,8,20529,65476,0,0,57672,80.0,0.0,0.0,0.0,0.0,0.0
2026-06-17T04:38:30,ERR,ERR,ERR,ERR,ERR,ERR,ERR,ERR,ERR,ERR,ERR,ERR,ERR,ERR,ERR,ERR,ERR,ERR,ERR,ERR,ERR,ERR,ERR,ERR,ERR,ERR,ERR,ERR,ERR,ERR,ERR,ERR,ERR,ERR,ERR,ERR,ERR,ERR,ERR,ERR,ERR,ERR,ERR,ERR,ERR,ERR,ERR,ERR,ERR,ERR,ERR,ERR,ERR,ERR,ERR,ERR,ERR,ERR,ERR,ERR,ERR,ERR,ERR,ERR,ERR,ERR,ERR,ERR,ERR,ERR,ERR,ERR,ERR,ERR,ERR,ERR,ERR,ERR,ERR,ERR,ERR,ERR,ERR,ERR,ERR,ERR,ERR,ERR,ERR,ERR,ERR,ERR,ERR,ERR,ERR,ERR,ERR,ERR,ERR,ERR,ERR,ERR,ERR,ERR,ERR,ERR,ERR,ERR,ERR,ERR,ERR,ERR,ERR,ERR,ERR,ERR,ERR,ERR,ERR,ERR,ERR,ERR,ERR,ERR,ERR,0.0,-0.0,3.028208139652935e+23,0.0,0.0,1.3936040501711995e+18,7.805,0.0,0,0,4,0,7300,-0.0,0,0.0,0.0,0.0,0.0,0.0,0,0,0,0,0.0,0,0,0,0,0,0,0,0,0,0,0,0,0,0,0,0,0,0,0,0,0,0,0,0,0,0,0,0,0,0,0,0,0,32,30,30,62,65476,0,300,0,0,8,21553,0.0,-107605600.0,0.0,0.0,0.0,0.0,0.0,0.0,0.0,0.0,0.0,0.0,0.0,0.0,0.0,0.0,0.0,0.0,0.0,0.0,0.0,0.0,2.004,-2.004,-0.0,-2.004,0.0,0.0,0.0,0.0,5469.0,0.0,6949.0,0.0,-0.0,-107615280.0,-0.0,0.0,0.0,0.0,0.0,63,0.0,-107614920.0,0.0,0.0,0.0,0.0,0.0,0.0,0.0,0,0,0,0.0,0.0,0.0,0.0,0.0,0.0,0.0,0.0,0.0,0.0,0.0,0.0,0.0,0.0,0.0,0.0,0,-107875648.0,63,0.0,126,2.7184242562605685e+23,-0.0,ERR,ERR,ERR,ERR,ERR,ERR,ERR,ERR,ERR,ERR,ERR,ERR,ERR,ERR,ERR,ERR,ERR,ERR,ERR,ERR,ERR,ERR,ERR,ERR,ERR,ERR,ERR,ERR,ERR,ERR,ERR,ERR,ERR,ERR,ERR,ERR,ERR,ERR,ERR,ERR,ERR,ERR,ERR,ERR,ERR,ERR,ERR,ERR,ERR,ERR,ERR,ERR,ERR,ERR,ERR,ERR,ERR,ERR,ERR,ERR,ERR,ERR,ERR,ERR,ERR,ERR,ERR,34.0,80.0,35,0.0,0.0,0.0,0.0,0.0,0.0,0.0,0.0,0.0,0.0,0.0,0.0,0.0,0.0,0.0,0.0,64.8,0,116,56,49,65476,0,300,0,0,8,20529,65476,0,0,57672,80.0,0.0,0.0,0.0,0.0,0.0
2026-06-17T04:38:31,ERR,ERR,ERR,ERR,ERR,ERR,ERR,ERR,ERR,ERR,ERR,ERR,ERR,ERR,ERR,ERR,ERR,ERR,ERR,ERR,ERR,ERR,ERR,ERR,ERR,ERR,ERR,ERR,ERR,ERR,ERR,ERR,ERR,ERR,ERR,ERR,ERR,ERR,ERR,ERR,ERR,ERR,ERR,ERR,ERR,ERR,ERR,ERR,ERR,ERR,ERR,ERR,ERR,ERR,ERR,ERR,ERR,ERR,ERR,ERR,ERR,ERR,ERR,ERR,ERR,ERR,ERR,ERR,ERR,ERR,ERR,ERR,ERR,ERR,ERR,ERR,ERR,ERR,ERR,ERR,ERR,ERR,ERR,ERR,ERR,ERR,ERR,ERR,ERR,ERR,ERR,ERR,ERR,ERR,ERR,ERR,ERR,ERR,ERR,ERR,ERR,ERR,ERR,ERR,ERR,ERR,ERR,ERR,ERR,ERR,ERR,ERR,ERR,ERR,ERR,ERR,ERR,ERR,ERR,ERR,ERR,ERR,ERR,ERR,ERR,0.0,-0.0,-0.0,0.0,0.0,1.3936040501711995e+18,7.805,0.0,0,0,4,0,7300,-0.0,0,0.0,0.0,0.0,0.0,0.0,0,0,0,0,0.0,0,0,0,0,0,0,0,0,0,0,0,0,0,0,0,0,0,0,0,0,0,0,0,0,0,0,0,0,0,0,0,0,0,32,30,30,62,65476,0,300,0,0,8,21553,0.0,-107605600.0,0.0,0.0,0.0,0.0,0.0,0.0,0.0,0.0,0.0,0.0,0.0,0.0,0.0,0.0,0.0,0.0,0.0,0.0,0.0,0.0,-0.0,-2.004,-0.0,-2.004,0.0,0.0,0.0,0.0,5469.0,8608196608.0,6954.0,0.0,-0.0,-107615280.0,-0.0,0.0,0.0,0.0,0.0,63,0.0,0.0,0.0,0.0,0.0,0.0,0.0,0.0,0.0,0,0,0,0.0,0.0,0.0,0.0,0.0,0.0,0.0,0.0,0.0,0.0,0.0,0.0,0.0,0.0,0.0,0.0,0,-107875648.0,63,0.0,126,2.7184242562605685e+23,-0.0,ERR,ERR,ERR,ERR,ERR,ERR,ERR,ERR,ERR,ERR,ERR,ERR,ERR,ERR,ERR,ERR,ERR,ERR,ERR,ERR,ERR,ERR,ERR,ERR,ERR,ERR,ERR,ERR,ERR,ERR,ERR,ERR,ERR,ERR,ERR,ERR,ERR,ERR,ERR,ERR,ERR,ERR,ERR,ERR,ERR,ERR,ERR,ERR,ERR,ERR,ERR,ERR,ERR,ERR,ERR,ERR,ERR,ERR,ERR,ERR,ERR,ERR,ERR,ERR,ERR,ERR,ERR,34.0,80.0,35,0.0,0.0,0.0,0.0,0.0,0.0,0.0,0.0,0.0,0.0,0.0,0.0,0.0,0.0,0.0,0.0,64.4,0,116,56,49,65476,0,300,0,0,8,20529,65476,0,0,57672,80.0,0.0,0.0,0.0,0.0,0.0
2026-06-17T04:38:32,ERR,ERR,ERR,ERR,ERR,ERR,ERR,ERR,ERR,ERR,ERR,ERR,ERR,ERR,ERR,ERR,ERR,ERR,ERR,ERR,ERR,ERR,ERR,ERR,ERR,ERR,ERR,ERR,ERR,ERR,ERR,ERR,ERR,ERR,ERR,ERR,ERR,ERR,ERR,ERR,ERR,ERR,ERR,ERR,ERR,ERR,ERR,ERR,ERR,ERR,ERR,ERR,ERR,ERR,ERR,ERR,ERR,ERR,ERR,ERR,ERR,ERR,ERR,ERR,ERR,ERR,ERR,ERR,ERR,ERR,ERR,ERR,ERR,ERR,ERR,ERR,ERR,ERR,ERR,ERR,ERR,ERR,ERR,ERR,ERR,ERR,ERR,ERR,ERR,ERR,ERR,ERR,ERR,ERR,ERR,ERR,ERR,ERR,ERR,ERR,ERR,ERR,ERR,ERR,ERR,ERR,ERR,ERR,ERR,ERR,ERR,ERR,ERR,ERR,ERR,ERR,ERR,ERR,ERR,ERR,ERR,ERR,ERR,ERR,ERR,0.0,-0.0,-0.0,0.0,0.0,1.3936040501711995e+18,7.805,0.0,0,0,4,0,7300,-0.0,0,0.0,0.0,0.0,0.0,0.0,0,0,0,0,0.0,0,0,0,0,0,0,0,0,0,0,0,0,0,0,0,0,0,0,0,0,0,0,0,0,0,0,0,0,0,0,0,0,0,32,30,30,62,65476,0,300,0,0,8,21553,0.0,-107605600.0,0.0,0.0,0.0,0.0,0.0,0.0,0.0,0.0,0.0,0.0,0.0,0.0,0.0,0.0,0.0,0.0,0.0,0.0,0.0,0.0,-0.0,-2.004,-0.0,-2.004,0.0,0.0,0.0,0.0,5469.0,8608196608.0,6954.0,0.0,-0.0,-107615280.0,-0.0,0.0,0.0,0.0,0.0,63,0.0,0.0,0.0,0.0,0.0,0.0,0.0,0.0,0.0,0,0,0,0.0,0.0,0.0,0.0,0.0,0.0,0.0,0.0,0.0,0.0,0.0,0.0,0.0,0.0,0.0,0.0,0,-107875648.0,63,0.0,126,2.7184242562605685e+23,-0.0,ERR,ERR,ERR,ERR,ERR,ERR,ERR,ERR,ERR,ERR,ERR,ERR,ERR,ERR,ERR,ERR,ERR,ERR,ERR,ERR,ERR,ERR,ERR,ERR,ERR,ERR,ERR,ERR,ERR,ERR,ERR,ERR,ERR,ERR,ERR,ERR,ERR,ERR,ERR,ERR,ERR,ERR,ERR,ERR,ERR,ERR,ERR,ERR,ERR,ERR,ERR,ERR,ERR,ERR,ERR,ERR,ERR,ERR,ERR,ERR,ERR,ERR,ERR,ERR,ERR,ERR,ERR,34.0,80.0,35,0.0,0.0,0.0,0.0,0.0,0.0,0.0,0.0,0.0,0.0,0.0,0.0,0.0,0.0,0.0,0.0,64.4,0,116,56,49,65476,0,300,0,0,8,20529,65476,0,0,57672,80.0,0.0,0.0,0.0,0.0,0.0
2026-06-17T04:38:33,ERR,ERR,ERR,ERR,ERR,ERR,ERR,ERR,ERR,ERR,ERR,ERR,ERR,ERR,ERR,ERR,ERR,ERR,ERR,ERR,ERR,ERR,ERR,ERR,ERR,ERR,ERR,ERR,ERR,ERR,ERR,ERR,ERR,ERR,ERR,ERR,ERR,ERR,ERR,ERR,ERR,ERR,ERR,ERR,ERR,ERR,ERR,ERR,ERR,ERR,ERR,ERR,ERR,ERR,ERR,ERR,ERR,ERR,ERR,ERR,ERR,ERR,ERR,ERR,ERR,ERR,ERR,ERR,ERR,ERR,ERR,ERR,ERR,ERR,ERR,ERR,ERR,ERR,ERR,ERR,ERR,ERR,ERR,ERR,ERR,ERR,ERR,ERR,ERR,ERR,ERR,ERR,ERR,ERR,ERR,ERR,ERR,ERR,ERR,ERR,ERR,ERR,ERR,ERR,ERR,ERR,ERR,ERR,ERR,ERR,ERR,ERR,ERR,ERR,ERR,ERR,ERR,ERR,ERR,ERR,ERR,ERR,ERR,ERR,ERR,0.0,-0.0,-0.0,0.0,0.0,1.3936040501711995e+18,7.805,0.0,0,0,4,0,7300,-0.0,0,0.0,0.0,0.0,0.0,0.0,0,0,0,0,0.0,0,0,0,0,0,0,0,0,0,0,0,0,0,0,0,0,0,0,0,0,0,0,0,0,0,0,0,0,0,0,0,0,0,32,30,30,62,65476,0,300,0,0,8,21553,0.0,-107605600.0,0.0,0.0,0.0,0.0,0.0,0.0,0.0,0.0,0.0,0.0,0.0,0.0,0.0,0.0,0.0,0.0,0.0,0.0,0.0,0.0,-0.0,-2.004,-0.0,-2.004,0.0,0.0,0.0,0.0,5469.0,8608196608.0,6954.0,0.0,-0.0,-107615280.0,-0.0,0.0,0.0,0.0,0.0,63,0.0,0.0,0.0,0.0,0.0,0.0,0.0,0.0,0.0,0,0,0,0.0,0.0,0.0,0.0,0.0,0.0,0.0,0.0,0.0,0.0,0.0,0.0,0.0,0.0,0.0,0.0,0,-107875648.0,63,0.0,126,2.7184242562605685e+23,-0.0,ERR,ERR,ERR,ERR,ERR,ERR,ERR,ERR,ERR,ERR,ERR,ERR,ERR,ERR,ERR,ERR,ERR,ERR,ERR,ERR,ERR,ERR,ERR,ERR,ERR,ERR,ERR,ERR,ERR,ERR,ERR,ERR,ERR,ERR,ERR,ERR,ERR,ERR,ERR,ERR,ERR,ERR,ERR,ERR,ERR,ERR,ERR,ERR,ERR,ERR,ERR,ERR,ERR,ERR,ERR,ERR,ERR,ERR,ERR,ERR,ERR,ERR,ERR,ERR,ERR,ERR,ERR,34.0,80.0,35,0.0,0.0,0.0,0.0,0.0,0.0,0.0,0.0,0.0,0.0,0.0,0.0,0.0,0.0,0.0,0.0,64.4,0,116,56,49,65476,0,300,0,0,8,20529,65476,0,0,57672,80.0,0.0,0.0,0.0,0.0,0.0
2026-06-17T04:38:34,ERR,ERR,ERR,ERR,ERR,ERR,ERR,ERR,ERR,ERR,ERR,ERR,ERR,ERR,ERR,ERR,ERR,ERR,ERR,ERR,ERR,ERR,ERR,ERR,ERR,ERR,ERR,ERR,ERR,ERR,ERR,ERR,ERR,ERR,ERR,ERR,ERR,ERR,ERR,ERR,ERR,ERR,ERR,ERR,ERR,ERR,ERR,ERR,ERR,ERR,ERR,ERR,ERR,ERR,ERR,ERR,ERR,ERR,ERR,ERR,ERR,ERR,ERR,ERR,ERR,ERR,ERR,ERR,ERR,ERR,ERR,ERR,ERR,ERR,ERR,ERR,ERR,ERR,ERR,ERR,ERR,ERR,ERR,ERR,ERR,ERR,ERR,ERR,ERR,ERR,ERR,ERR,ERR,ERR,ERR,ERR,ERR,ERR,ERR,ERR,ERR,ERR,ERR,ERR,ERR,ERR,ERR,ERR,ERR,ERR,ERR,ERR,ERR,ERR,ERR,ERR,ERR,ERR,ERR,ERR,ERR,ERR,ERR,ERR,ERR,0.0,-0.0,-0.0,0.0,0.0,1.3936040501711995e+18,7.805,0.0,0,0,4,0,7300,-0.0,0,0.0,0.0,0.0,0.0,0.0,0,0,0,0,0.0,0,0,0,0,0,0,0,0,0,0,0,0,0,0,0,0,0,0,0,0,0,0,0,0,0,0,0,0,0,0,0,0,0,32,30,30,62,65476,0,300,0,0,8,21553,0.0,-107605600.0,0.0,0.0,0.0,0.0,0.0,0.0,0.0,0.0,0.0,0.0,0.0,0.0,0.0,0.0,0.0,0.0,0.0,0.0,0.0,0.0,-0.0,-2.004,-0.0,-2.004,0.0,0.0,0.0,0.0,5469.0,8608196608.0,6954.0,0.0,-0.0,-107615280.0,-0.0,0.0,0.0,0.0,0.0,63,0.0,0.0,0.0,0.0,0.0,0.0,0.0,0.0,0.0,0,0,0,0.0,0.0,0.0,0.0,0.0,0.0,0.0,0.0,0.0,0.0,0.0,0.0,0.0,0.0,0.0,0.0,0,-107875648.0,63,0.0,126,2.7184242562605685e+23,-0.0,ERR,ERR,ERR,ERR,ERR,ERR,ERR,ERR,ERR,ERR,ERR,ERR,ERR,ERR,ERR,ERR,ERR,ERR,ERR,ERR,ERR,ERR,ERR,ERR,ERR,ERR,ERR,ERR,ERR,ERR,ERR,ERR,ERR,ERR,ERR,ERR,ERR,ERR,ERR,ERR,ERR,ERR,ERR,ERR,ERR,ERR,ERR,ERR,ERR,ERR,ERR,ERR,ERR,ERR,ERR,ERR,ERR,ERR,ERR,ERR,ERR,ERR,ERR,ERR,ERR,ERR,ERR,34.0,80.0,35,0.0,0.0,0.0,0.0,0.0,0.0,0.0,0.0,0.0,0.0,0.0,0.0,0.0,0.0,0.0,0.0,64.4,0,116,56,49,65476,0,300,0,0,8,20529,65476,0,0,57672,80.0,0.0,0.0,0.0,0.0,0.0
2026-06-17T04:38:35,ERR,ERR,ERR,ERR,ERR,ERR,ERR,ERR,ERR,ERR,ERR,ERR,ERR,ERR,ERR,ERR,ERR,ERR,ERR,ERR,ERR,ERR,ERR,ERR,ERR,ERR,ERR,ERR,ERR,ERR,ERR,ERR,ERR,ERR,ERR,ERR,ERR,ERR,ERR,ERR,ERR,ERR,ERR,ERR,ERR,ERR,ERR,ERR,ERR,ERR,ERR,ERR,ERR,ERR,ERR,ERR,ERR,ERR,ERR,ERR,ERR,ERR,ERR,ERR,ERR,ERR,ERR,ERR,ERR,ERR,ERR,ERR,ERR,ERR,ERR,ERR,ERR,ERR,ERR,ERR,ERR,ERR,ERR,ERR,ERR,ERR,ERR,ERR,ERR,ERR,ERR,ERR,ERR,ERR,ERR,ERR,ERR,ERR,ERR,ERR,ERR,ERR,ERR,ERR,ERR,ERR,ERR,ERR,ERR,ERR,ERR,ERR,ERR,ERR,ERR,ERR,ERR,ERR,ERR,ERR,ERR,ERR,ERR,ERR,ERR,0.0,-0.0,-0.0,0.0,0.0,1.3936040501711995e+18,7.805,0.0,0,0,4,0,7300,-0.0,0,0.0,0.0,0.0,0.0,0.0,0,0,0,0,0.0,0,0,0,0,0,0,0,0,0,0,0,0,0,0,0,0,0,0,0,0,0,0,0,0,0,0,0,0,0,0,0,0,0,32,30,30,62,65476,0,300,0,0,8,21553,0.0,-107605600.0,0.0,0.0,0.0,0.0,0.0,0.0,0.0,0.0,0.0,0.0,0.0,0.0,0.0,0.0,0.0,0.0,0.0,0.0,0.0,0.0,-0.0,-2.004,-0.0,-2.004,0.0,0.0,0.0,0.0,5469.0,8608196608.0,6954.0,0.0,-0.0,-107615280.0,-0.0,0.0,0.0,0.0,0.0,63,0.0,0.0,0.0,0.0,0.0,0.0,0.0,0.0,0.0,0,0,0,0.0,0.0,0.0,0.0,0.0,0.0,0.0,0.0,0.0,0.0,0.0,0.0,0.0,0.0,0.0,0.0,0,-107875648.0,63,0.0,126,2.7184242562605685e+23,-0.0,ERR,ERR,ERR,ERR,ERR,ERR,ERR,ERR,ERR,ERR,ERR,ERR,ERR,ERR,ERR,ERR,ERR,ERR,ERR,ERR,ERR,ERR,ERR,ERR,ERR,ERR,ERR,ERR,ERR,ERR,ERR,ERR,ERR,ERR,ERR,ERR,ERR,ERR,ERR,ERR,ERR,ERR,ERR,ERR,ERR,ERR,ERR,ERR,ERR,ERR,ERR,ERR,ERR,ERR,ERR,ERR,ERR,ERR,ERR,ERR,ERR,ERR,ERR,ERR,ERR,ERR,ERR,34.0,80.0,35,0.0,0.0,0.0,0.0,0.0,0.0,0.0,0.0,0.0,0.0,0.0,0.0,0.0,0.0,0.0,0.0,64.4,0,116,56,49,65476,0,300,0,0,8,20529,65476,0,0,57672,80.0,0.0,0.0,0.0,0.0,0.0
2026-06-17T04:38:36,ERR,ERR,ERR,ERR,ERR,ERR,ERR,ERR,ERR,ERR,ERR,ERR,ERR,ERR,ERR,ERR,ERR,ERR,ERR,ERR,ERR,ERR,ERR,ERR,ERR,ERR,ERR,ERR,ERR,ERR,ERR,ERR,ERR,ERR,ERR,ERR,ERR,ERR,ERR,ERR,ERR,ERR,ERR,ERR,ERR,ERR,ERR,ERR,ERR,ERR,ERR,ERR,ERR,ERR,ERR,ERR,ERR,ERR,ERR,ERR,ERR,ERR,ERR,ERR,ERR,ERR,ERR,ERR,ERR,ERR,ERR,ERR,ERR,ERR,ERR,ERR,ERR,ERR,ERR,ERR,ERR,ERR,ERR,ERR,ERR,ERR,ERR,ERR,ERR,ERR,ERR,ERR,ERR,ERR,ERR,ERR,ERR,ERR,ERR,ERR,ERR,ERR,ERR,ERR,ERR,ERR,ERR,ERR,ERR,ERR,ERR,ERR,ERR,ERR,ERR,ERR,ERR,ERR,ERR,ERR,ERR,ERR,ERR,ERR,ERR,0.0,-0.0,-0.0,0.0,0.0,1.3936040501711995e+18,7.805,0.0,0,0,4,0,7300,-0.0,0,0.0,0.0,0.0,0.0,0.0,0,0,0,0,0.0,0,0,0,0,0,0,0,0,0,0,0,0,0,0,0,0,0,0,0,0,0,0,0,0,0,0,0,0,0,0,0,0,0,32,30,30,62,65476,0,300,0,0,8,21553,0.0,-107605600.0,0.0,0.0,0.0,0.0,0.0,0.0,0.0,0.0,0.0,0.0,0.0,0.0,0.0,0.0,0.0,0.0,0.0,0.0,0.0,0.0,-0.0,-2.004,-0.0,-2.004,0.0,0.0,0.0,0.0,5469.0,8608196608.0,6954.0,0.0,-0.0,-107615280.0,-0.0,0.0,0.0,0.0,0.0,63,0.0,0.0,0.0,0.0,0.0,0.0,0.0,0.0,0.0,0,0,0,0.0,0.0,0.0,0.0,0.0,0.0,0.0,0.0,0.0,0.0,0.0,0.0,0.0,0.0,0.0,0.0,0,-107875648.0,63,0.0,126,2.7184242562605685e+23,-0.0,ERR,ERR,ERR,ERR,ERR,ERR,ERR,ERR,ERR,ERR,ERR,ERR,ERR,ERR,ERR,ERR,ERR,ERR,ERR,ERR,ERR,ERR,ERR,ERR,ERR,ERR,ERR,ERR,ERR,ERR,ERR,ERR,ERR,ERR,ERR,ERR,ERR,ERR,ERR,ERR,ERR,ERR,ERR,ERR,ERR,ERR,ERR,ERR,ERR,ERR,ERR,ERR,ERR,ERR,ERR,ERR,ERR,ERR,ERR,ERR,ERR,ERR,ERR,ERR,ERR,ERR,ERR,34.0,80.0,35,0.0,0.0,0.0,0.0,0.0,0.0,0.0,0.0,0.0,0.0,0.0,0.0,0.0,0.0,0.0,0.0,64.4,0,116,56,49,65476,0,300,0,0,8,20529,65476,0,0,57672,80.0,0.0,0.0,0.0,0.0,0.0
2026-06-17T04:38:37,ERR,ERR,ERR,ERR,ERR,ERR,ERR,ERR,ERR,ERR,ERR,ERR,ERR,ERR,ERR,ERR,ERR,ERR,ERR,ERR,ERR,ERR,ERR,ERR,ERR,ERR,ERR,ERR,ERR,ERR,ERR,ERR,ERR,ERR,ERR,ERR,ERR,ERR,ERR,ERR,ERR,ERR,ERR,ERR,ERR,ERR,ERR,ERR,ERR,ERR,ERR,ERR,ERR,ERR,ERR,ERR,ERR,ERR,ERR,ERR,ERR,ERR,ERR,ERR,ERR,ERR,ERR,ERR,ERR,ERR,ERR,ERR,ERR,ERR,ERR,ERR,ERR,ERR,ERR,ERR,ERR,ERR,ERR,ERR,ERR,ERR,ERR,ERR,ERR,ERR,ERR,ERR,ERR,ERR,ERR,ERR,ERR,ERR,ERR,ERR,ERR,ERR,ERR,ERR,ERR,ERR,ERR,ERR,ERR,ERR,ERR,ERR,ERR,ERR,ERR,ERR,ERR,ERR,ERR,ERR,ERR,ERR,ERR,ERR,ERR,0.0,-0.0,3.028208139652935e+23,0.0,0.0,1.3936040501711995e+18,7.805,0.0,0,0,4,0,7300,-0.0,0,0.0,0.0,0.0,0.0,0.0,0,0,0,0,0.0,0,0,0,0,0,0,0,0,0,0,0,0,0,0,0,0,0,0,0,0,0,0,0,0,0,0,0,0,0,0,0,0,0,32,30,30,62,65476,0,300,0,0,8,21553,0.0,-107605600.0,0.0,0.0,0.0,0.0,0.0,0.0,0.0,0.0,0.0,0.0,0.0,0.0,0.0,0.0,0.0,0.0,0.0,0.0,0.0,0.0,2.004,-2.004,-0.0,-2.004,0.0,0.0,0.0,0.0,5469.0,0.0,6946.0,0.0,-0.0,-107615280.0,-0.0,0.0,0.0,0.0,0.0,63,0.0,-0.0,0.0,0.0,0.0,0.0,0.0,0.0,0.0,0,0,0,0.0,0.0,0.0,0.0,0.0,0.0,0.0,0.0,0.0,0.0,0.0,0.0,0.0,0.0,0.0,0.0,0,-107875648.0,63,0.0,126,2.7184242562605685e+23,-0.0,ERR,ERR,ERR,ERR,ERR,ERR,ERR,ERR,ERR,ERR,ERR,ERR,ERR,ERR,ERR,ERR,ERR,ERR,ERR,ERR,ERR,ERR,ERR,ERR,ERR,ERR,ERR,ERR,ERR,ERR,ERR,ERR,ERR,ERR,ERR,ERR,ERR,ERR,ERR,ERR,ERR,ERR,ERR,ERR,ERR,ERR,ERR,ERR,ERR,ERR,ERR,ERR,ERR,ERR,ERR,ERR,ERR,ERR,ERR,ERR,ERR,ERR,ERR,ERR,ERR,ERR,ERR,34.0,80.0,35,0.0,0.0,0.0,0.0,0.0,0.0,0.0,0.0,0.0,0.0,0.0,0.0,0.0,0.0,0.0,0.0,64.4,0,116,56,49,65476,0,300,0,0,8,20529,65476,0,0,57672,80.0,0.0,0.0,0.0,0.0,0.0
2026-06-17T04:38:38,ERR,ERR,ERR,ERR,ERR,ERR,ERR,ERR,ERR,ERR,ERR,ERR,ERR,ERR,ERR,ERR,ERR,ERR,ERR,ERR,ERR,ERR,ERR,ERR,ERR,ERR,ERR,ERR,ERR,ERR,ERR,ERR,ERR,ERR,ERR,ERR,ERR,ERR,ERR,ERR,ERR,ERR,ERR,ERR,ERR,ERR,ERR,ERR,ERR,ERR,ERR,ERR,ERR,ERR,ERR,ERR,ERR,ERR,ERR,ERR,ERR,ERR,ERR,ERR,ERR,ERR,ERR,ERR,ERR,ERR,ERR,ERR,ERR,ERR,ERR,ERR,ERR,ERR,ERR,ERR,ERR,ERR,ERR,ERR,ERR,ERR,ERR,ERR,ERR,ERR,ERR,ERR,ERR,ERR,ERR,ERR,ERR,ERR,ERR,ERR,ERR,ERR,ERR,ERR,ERR,ERR,ERR,ERR,ERR,ERR,ERR,ERR,ERR,ERR,ERR,ERR,ERR,ERR,ERR,ERR,ERR,ERR,ERR,ERR,ERR,0.0,-0.0,3.028208139652935e+23,0.0,0.0,1.3936040501711995e+18,7.805,0.0,0,0,4,0,7300,-0.0,0,0.0,0.0,0.0,0.0,0.0,0,0,0,0,0.0,0,0,0,0,0,0,0,0,0,0,0,0,0,0,0,0,0,0,0,0,0,0,0,0,0,0,0,0,0,0,0,0,0,32,30,30,62,65476,0,300,0,0,8,21553,0.0,-107605600.0,0.0,0.0,0.0,0.0,0.0,0.0,0.0,0.0,0.0,0.0,0.0,0.0,0.0,0.0,0.0,0.0,0.0,0.0,0.0,0.0,2.004,-2.004,-0.0,-2.004,0.0,0.0,0.0,0.0,5469.0,0.0,6946.0,0.0,-0.0,-107615280.0,-0.0,0.0,0.0,0.0,0.0,63,0.0,-0.0,0.0,0.0,0.0,0.0,0.0,0.0,0.0,0,0,0,0.0,0.0,0.0,0.0,0.0,0.0,0.0,0.0,0.0,0.0,0.0,0.0,0.0,0.0,0.0,0.0,0,-107875648.0,63,0.0,126,2.7184242562605685e+23,-0.0,ERR,ERR,ERR,ERR,ERR,ERR,ERR,ERR,ERR,ERR,ERR,ERR,ERR,ERR,ERR,ERR,ERR,ERR,ERR,ERR,ERR,ERR,ERR,ERR,ERR,ERR,ERR,ERR,ERR,ERR,ERR,ERR,ERR,ERR,ERR,ERR,ERR,ERR,ERR,ERR,ERR,ERR,ERR,ERR,ERR,ERR,ERR,ERR,ERR,ERR,ERR,ERR,ERR,ERR,ERR,ERR,ERR,ERR,ERR,ERR,ERR,ERR,ERR,ERR,ERR,ERR,ERR,34.0,80.0,35,0.0,0.0,0.0,0.0,0.0,0.0,0.0,0.0,0.0,0.0,0.0,0.0,0.0,0.0,0.0,0.0,64.4,0,116,56,49,65476,0,300,0,0,8,20529,65476,0,0,57672,80.0,0.0,0.0,0.0,0.0,0.0
2026-06-17T04:38:39,ERR,ERR,ERR,ERR,ERR,ERR,ERR,ERR,ERR,ERR,ERR,ERR,ERR,ERR,ERR,ERR,ERR,ERR,ERR,ERR,ERR,ERR,ERR,ERR,ERR,ERR,ERR,ERR,ERR,ERR,ERR,ERR,ERR,ERR,ERR,ERR,ERR,ERR,ERR,ERR,ERR,ERR,ERR,ERR,ERR,ERR,ERR,ERR,ERR,ERR,ERR,ERR,ERR,ERR,ERR,ERR,ERR,ERR,ERR,ERR,ERR,ERR,ERR,ERR,ERR,ERR,ERR,ERR,ERR,ERR,ERR,ERR,ERR,ERR,ERR,ERR,ERR,ERR,ERR,ERR,ERR,ERR,ERR,ERR,ERR,ERR,ERR,ERR,ERR,ERR,ERR,ERR,ERR,ERR,ERR,ERR,ERR,ERR,ERR,ERR,ERR,ERR,ERR,ERR,ERR,ERR,ERR,ERR,ERR,ERR,ERR,ERR,ERR,ERR,ERR,ERR,ERR,ERR,ERR,ERR,ERR,ERR,ERR,ERR,ERR,0.0,-0.0,3.028208139652935e+23,0.0,0.0,1.3936040501711995e+18,7.805,0.0,0,0,4,0,7300,-0.0,0,0.0,0.0,0.0,0.0,0.0,0,0,0,0,0.0,0,0,0,0,0,0,0,0,0,0,0,0,0,0,0,0,0,0,0,0,0,0,0,0,0,0,0,0,0,0,0,0,0,32,30,30,62,65476,0,300,0,0,8,21553,0.0,-107605600.0,0.0,0.0,0.0,0.0,0.0,0.0,0.0,0.0,0.0,0.0,0.0,0.0,0.0,0.0,0.0,0.0,0.0,0.0,0.0,0.0,2.004,-2.004,-0.0,-2.004,0.0,0.0,0.0,0.0,5469.0,0.0,6946.0,0.0,-0.0,-107615280.0,-0.0,0.0,0.0,0.0,0.0,63,0.0,-0.0,0.0,0.0,0.0,0.0,0.0,0.0,0.0,0,0,0,0.0,0.0,0.0,0.0,0.0,0.0,0.0,0.0,0.0,0.0,0.0,0.0,0.0,0.0,0.0,0.0,0,-107875648.0,63,0.0,126,2.7184242562605685e+23,-0.0,ERR,ERR,ERR,ERR,ERR,ERR,ERR,ERR,ERR,ERR,ERR,ERR,ERR,ERR,ERR,ERR,ERR,ERR,ERR,ERR,ERR,ERR,ERR,ERR,ERR,ERR,ERR,ERR,ERR,ERR,ERR,ERR,ERR,ERR,ERR,ERR,ERR,ERR,ERR,ERR,ERR,ERR,ERR,ERR,ERR,ERR,ERR,ERR,ERR,ERR,ERR,ERR,ERR,ERR,ERR,ERR,ERR,ERR,ERR,ERR,ERR,ERR,ERR,ERR,ERR,ERR,ERR,34.0,80.0,35,0.0,0.0,0.0,0.0,0.0,0.0,0.0,0.0,0.0,0.0,0.0,0.0,0.0,0.0,0.0,0.0,64.4,0,116,56,49,65476,0,300,0,0,8,20529,65476,0,0,57672,80.0,0.0,0.0,0.0,0.0,0.0
2026-06-17T04:38:40,ERR,ERR,ERR,ERR,ERR,ERR,ERR,ERR,ERR,ERR,ERR,ERR,ERR,ERR,ERR,ERR,ERR,ERR,ERR,ERR,ERR,ERR,ERR,ERR,ERR,ERR,ERR,ERR,ERR,ERR,ERR,ERR,ERR,ERR,ERR,ERR,ERR,ERR,ERR,ERR,ERR,ERR,ERR,ERR,ERR,ERR,ERR,ERR,ERR,ERR,ERR,ERR,ERR,ERR,ERR,ERR,ERR,ERR,ERR,ERR,ERR,ERR,ERR,ERR,ERR,ERR,ERR,ERR,ERR,ERR,ERR,ERR,ERR,ERR,ERR,ERR,ERR,ERR,ERR,ERR,ERR,ERR,ERR,ERR,ERR,ERR,ERR,ERR,ERR,ERR,ERR,ERR,ERR,ERR,ERR,ERR,ERR,ERR,ERR,ERR,ERR,ERR,ERR,ERR,ERR,ERR,ERR,ERR,ERR,ERR,ERR,ERR,ERR,ERR,ERR,ERR,ERR,ERR,ERR,ERR,ERR,ERR,ERR,ERR,ERR,0.0,-0.0,3.028208139652935e+23,0.0,0.0,1.3936040501711995e+18,7.805,0.0,0,0,4,0,7300,-0.0,0,0.0,0.0,0.0,0.0,0.0,0,0,0,0,0.0,0,0,0,0,0,0,0,0,0,0,0,0,0,0,0,0,0,0,0,0,0,0,0,0,0,0,0,0,0,0,0,0,0,32,30,30,62,65476,0,300,0,0,8,21553,0.0,-107605600.0,0.0,0.0,0.0,0.0,0.0,0.0,0.0,0.0,0.0,0.0,0.0,0.0,0.0,0.0,0.0,0.0,0.0,0.0,0.0,0.0,2.004,-2.004,-0.0,-2.004,0.0,0.0,0.0,0.0,5469.0,0.0,6946.0,0.0,-0.0,-107615280.0,-0.0,0.0,0.0,0.0,0.0,63,0.0,-0.0,0.0,0.0,0.0,0.0,0.0,0.0,0.0,0,0,0,0.0,0.0,0.0,0.0,0.0,0.0,0.0,0.0,0.0,0.0,0.0,0.0,0.0,0.0,0.0,0.0,0,-107875648.0,63,0.0,126,2.7184242562605685e+23,-0.0,ERR,ERR,ERR,ERR,ERR,ERR,ERR,ERR,ERR,ERR,ERR,ERR,ERR,ERR,ERR,ERR,ERR,ERR,ERR,ERR,ERR,ERR,ERR,ERR,ERR,ERR,ERR,ERR,ERR,ERR,ERR,ERR,ERR,ERR,ERR,ERR,ERR,ERR,ERR,ERR,ERR,ERR,ERR,ERR,ERR,ERR,ERR,ERR,ERR,ERR,ERR,ERR,ERR,ERR,ERR,ERR,ERR,ERR,ERR,ERR,ERR,ERR,ERR,ERR,ERR,ERR,ERR,34.0,80.0,35,0.0,0.0,0.0,0.0,0.0,0.0,0.0,0.0,0.0,0.0,0.0,0.0,0.0,0.0,0.0,0.0,64.4,0,116,56,49,65476,0,300,0,0,8,20529,65476,0,0,57672,80.0,0.0,0.0,0.0,0.0,0.0
2026-06-17T04:38:41,ERR,ERR,ERR,ERR,ERR,ERR,ERR,ERR,ERR,ERR,ERR,ERR,ERR,ERR,ERR,ERR,ERR,ERR,ERR,ERR,ERR,ERR,ERR,ERR,ERR,ERR,ERR,ERR,ERR,ERR,ERR,ERR,ERR,ERR,ERR,ERR,ERR,ERR,ERR,ERR,ERR,ERR,ERR,ERR,ERR,ERR,ERR,ERR,ERR,ERR,ERR,ERR,ERR,ERR,ERR,ERR,ERR,ERR,ERR,ERR,ERR,ERR,ERR,ERR,ERR,ERR,ERR,ERR,ERR,ERR,ERR,ERR,ERR,ERR,ERR,ERR,ERR,ERR,ERR,ERR,ERR,ERR,ERR,ERR,ERR,ERR,ERR,ERR,ERR,ERR,ERR,ERR,ERR,ERR,ERR,ERR,ERR,ERR,ERR,ERR,ERR,ERR,ERR,ERR,ERR,ERR,ERR,ERR,ERR,ERR,ERR,ERR,ERR,ERR,ERR,ERR,ERR,ERR,ERR,ERR,ERR,ERR,ERR,ERR,ERR,0.0,-0.0,3.028208139652935e+23,0.0,0.0,1.3936040501711995e+18,7.805,0.0,0,0,4,0,7300,-0.0,0,0.0,0.0,0.0,0.0,0.0,0,0,0,0,0.0,0,0,0,0,0,0,0,0,0,0,0,0,0,0,0,0,0,0,0,0,0,0,0,0,0,0,0,0,0,0,0,0,0,32,30,30,62,65476,0,300,0,0,8,21553,0.0,-107605600.0,0.0,0.0,0.0,0.0,0.0,0.0,0.0,0.0,0.0,0.0,0.0,0.0,0.0,0.0,0.0,0.0,0.0,0.0,0.0,0.0,2.004,-2.004,-0.0,-2.004,0.0,0.0,0.0,0.0,5469.0,0.0,6946.0,0.0,-0.0,-107615280.0,-0.0,0.0,0.0,0.0,0.0,63,0.0,-0.0,0.0,0.0,0.0,0.0,0.0,0.0,0.0,0,0,0,0.0,0.0,0.0,0.0,0.0,0.0,0.0,0.0,0.0,0.0,0.0,0.0,0.0,0.0,0.0,0.0,0,-107875648.0,63,0.0,126,2.7184242562605685e+23,-0.0,ERR,ERR,ERR,ERR,ERR,ERR,ERR,ERR,ERR,ERR,ERR,ERR,ERR,ERR,ERR,ERR,ERR,ERR,ERR,ERR,ERR,ERR,ERR,ERR,ERR,ERR,ERR,ERR,ERR,ERR,ERR,ERR,ERR,ERR,ERR,ERR,ERR,ERR,ERR,ERR,ERR,ERR,ERR,ERR,ERR,ERR,ERR,ERR,ERR,ERR,ERR,ERR,ERR,ERR,ERR,ERR,ERR,ERR,ERR,ERR,ERR,ERR,ERR,ERR,ERR,ERR,ERR,34.0,80.0,35,0.0,0.0,0.0,0.0,0.0,0.0,0.0,0.0,0.0,0.0,0.0,0.0,0.0,0.0,0.0,0.0,64.4,0,116,56,49,65476,0,300,0,0,8,20529,65476,0,0,57672,80.0,0.0,0.0,0.0,0.0,0.0
2026-06-17T04:38:42,ERR,ERR,ERR,ERR,ERR,ERR,ERR,ERR,ERR,ERR,ERR,ERR,ERR,ERR,ERR,ERR,ERR,ERR,ERR,ERR,ERR,ERR,ERR,ERR,ERR,ERR,ERR,ERR,ERR,ERR,ERR,ERR,ERR,ERR,ERR,ERR,ERR,ERR,ERR,ERR,ERR,ERR,ERR,ERR,ERR,ERR,ERR,ERR,ERR,ERR,ERR,ERR,ERR,ERR,ERR,ERR,ERR,ERR,ERR,ERR,ERR,ERR,ERR,ERR,ERR,ERR,ERR,ERR,ERR,ERR,ERR,ERR,ERR,ERR,ERR,ERR,ERR,ERR,ERR,ERR,ERR,ERR,ERR,ERR,ERR,ERR,ERR,ERR,ERR,ERR,ERR,ERR,ERR,ERR,ERR,ERR,ERR,ERR,ERR,ERR,ERR,ERR,ERR,ERR,ERR,ERR,ERR,ERR,ERR,ERR,ERR,ERR,ERR,ERR,ERR,ERR,ERR,ERR,ERR,ERR,ERR,ERR,ERR,ERR,ERR,0.0,-0.0,3.028208139652935e+23,0.0,0.0,1.3936040501711995e+18,7.805,0.0,0,0,4,0,7300,-0.0,0,0.0,0.0,0.0,0.0,0.0,0,0,0,0,0.0,0,0,0,0,0,0,0,0,0,0,0,0,0,0,0,0,0,0,0,0,0,0,0,0,0,0,0,0,0,0,0,0,0,32,30,30,62,65476,0,300,0,0,8,21553,0.0,-107605600.0,0.0,0.0,0.0,0.0,0.0,0.0,0.0,0.0,0.0,0.0,0.0,0.0,0.0,0.0,0.0,0.0,0.0,0.0,0.0,0.0,-0.0,-2.004,-0.0,-2.004,0.0,0.0,0.0,0.0,5437.0,-1.0406669901790231e+34,6975.0,0.0,-0.0,-107615280.0,-0.0,0.0,0.0,0.0,0.0,63,0.0,-0.0,0.0,0.0,0.0,0.0,0.0,0.0,0.0,0,0,0,0.0,0.0,0.0,0.0,0.0,0.0,0.0,0.0,0.0,0.0,0.0,0.0,0.0,0.0,0.0,0.0,0,-107875648.0,63,0.0,126,2.7184242562605685e+23,-0.0,ERR,ERR,ERR,ERR,ERR,ERR,ERR,ERR,ERR,ERR,ERR,ERR,ERR,ERR,ERR,ERR,ERR,ERR,ERR,ERR,ERR,ERR,ERR,ERR,ERR,ERR,ERR,ERR,ERR,ERR,ERR,ERR,ERR,ERR,ERR,ERR,ERR,ERR,ERR,ERR,ERR,ERR,ERR,ERR,ERR,ERR,ERR,ERR,ERR,ERR,ERR,ERR,ERR,ERR,ERR,ERR,ERR,ERR,ERR,ERR,ERR,ERR,ERR,ERR,ERR,ERR,ERR,34.0,80.0,35,0.0,0.0,0.0,0.0,0.0,0.0,0.0,0.0,0.0,0.0,0.0,0.0,0.0,0.0,0.0,0.0,64.4,0,116,56,49,65476,0,300,0,0,8,20529,65476,0,0,57672,80.0,0.0,0.0,0.0,0.0,0.0
2026-06-17T04:38:43,ERR,ERR,ERR,ERR,ERR,ERR,ERR,ERR,ERR,ERR,ERR,ERR,ERR,ERR,ERR,ERR,ERR,ERR,ERR,ERR,ERR,ERR,ERR,ERR,ERR,ERR,ERR,ERR,ERR,ERR,ERR,ERR,ERR,ERR,ERR,ERR,ERR,ERR,ERR,ERR,ERR,ERR,ERR,ERR,ERR,ERR,ERR,ERR,ERR,ERR,ERR,ERR,ERR,ERR,ERR,ERR,ERR,ERR,ERR,ERR,ERR,ERR,ERR,ERR,ERR,ERR,ERR,ERR,ERR,ERR,ERR,ERR,ERR,ERR,ERR,ERR,ERR,ERR,ERR,ERR,ERR,ERR,ERR,ERR,ERR,ERR,ERR,ERR,ERR,ERR,ERR,ERR,ERR,ERR,ERR,ERR,ERR,ERR,ERR,ERR,ERR,ERR,ERR,ERR,ERR,ERR,ERR,ERR,ERR,ERR,ERR,ERR,ERR,ERR,ERR,ERR,ERR,ERR,ERR,ERR,ERR,ERR,ERR,ERR,ERR,0.0,-0.0,3.028208139652935e+23,0.0,0.0,1.3936040501711995e+18,7.805,0.0,0,0,4,0,7300,-0.0,0,0.0,0.0,0.0,0.0,0.0,0,0,0,0,0.0,0,0,0,0,0,0,0,0,0,0,0,0,0,0,0,0,0,0,0,0,0,0,0,0,0,0,0,0,0,0,0,0,0,32,30,30,62,65476,0,300,0,0,8,21553,0.0,-107605600.0,0.0,0.0,0.0,0.0,0.0,0.0,0.0,0.0,0.0,0.0,0.0,0.0,0.0,0.0,0.0,0.0,0.0,0.0,0.0,0.0,-0.0,-2.004,-0.0,-2.004,0.0,0.0,0.0,0.0,5437.0,-1.0406669901790231e+34,6975.0,0.0,-0.0,-107615280.0,-0.0,0.0,0.0,0.0,0.0,63,0.0,-0.0,0.0,0.0,0.0,0.0,0.0,0.0,0.0,0,0,0,0.0,0.0,0.0,0.0,0.0,0.0,0.0,0.0,0.0,0.0,0.0,0.0,0.0,0.0,0.0,0.0,0,-107875648.0,63,0.0,126,2.7184242562605685e+23,-0.0,ERR,ERR,ERR,ERR,ERR,ERR,ERR,ERR,ERR,ERR,ERR,ERR,ERR,ERR,ERR,ERR,ERR,ERR,ERR,ERR,ERR,ERR,ERR,ERR,ERR,ERR,ERR,ERR,ERR,ERR,ERR,ERR,ERR,ERR,ERR,ERR,ERR,ERR,ERR,ERR,ERR,ERR,ERR,ERR,ERR,ERR,ERR,ERR,ERR,ERR,ERR,ERR,ERR,ERR,ERR,ERR,ERR,ERR,ERR,ERR,ERR,ERR,ERR,ERR,ERR,ERR,ERR,34.0,80.0,35,0.0,0.0,0.0,0.0,0.0,0.0,0.0,0.0,0.0,0.0,0.0,0.0,0.0,0.0,0.0,0.0,64.4,0,116,56,49,65476,0,300,0,0,8,20529,65476,0,0,57672,80.0,0.0,0.0,0.0,0.0,0.0
2026-06-17T04:38:44,ERR,ERR,ERR,ERR,ERR,ERR,ERR,ERR,ERR,ERR,ERR,ERR,ERR,ERR,ERR,ERR,ERR,ERR,ERR,ERR,ERR,ERR,ERR,ERR,ERR,ERR,ERR,ERR,ERR,ERR,ERR,ERR,ERR,ERR,ERR,ERR,ERR,ERR,ERR,ERR,ERR,ERR,ERR,ERR,ERR,ERR,ERR,ERR,ERR,ERR,ERR,ERR,ERR,ERR,ERR,ERR,ERR,ERR,ERR,ERR,ERR,ERR,ERR,ERR,ERR,ERR,ERR,ERR,ERR,ERR,ERR,ERR,ERR,ERR,ERR,ERR,ERR,ERR,ERR,ERR,ERR,ERR,ERR,ERR,ERR,ERR,ERR,ERR,ERR,ERR,ERR,ERR,ERR,ERR,ERR,ERR,ERR,ERR,ERR,ERR,ERR,ERR,ERR,ERR,ERR,ERR,ERR,ERR,ERR,ERR,ERR,ERR,ERR,ERR,ERR,ERR,ERR,ERR,ERR,ERR,ERR,ERR,ERR,ERR,ERR,0.0,-0.0,3.028208139652935e+23,0.0,0.0,1.3936040501711995e+18,7.805,0.0,0,0,4,0,7300,-0.0,0,0.0,0.0,0.0,0.0,0.0,0,0,0,0,0.0,0,0,0,0,0,0,0,0,0,0,0,0,0,0,0,0,0,0,0,0,0,0,0,0,0,0,0,0,0,0,0,0,0,32,30,30,62,65476,0,300,0,0,8,21553,0.0,-107605600.0,0.0,0.0,0.0,0.0,0.0,0.0,0.0,0.0,0.0,0.0,0.0,0.0,0.0,0.0,0.0,0.0,0.0,0.0,0.0,0.0,-0.0,-2.004,-0.0,-2.004,0.0,0.0,0.0,0.0,5437.0,-1.0406669901790231e+34,6975.0,0.0,-0.0,-107615280.0,-0.0,0.0,0.0,0.0,0.0,63,0.0,-0.0,0.0,0.0,0.0,0.0,0.0,0.0,0.0,0,0,0,0.0,0.0,0.0,0.0,0.0,0.0,0.0,0.0,0.0,0.0,0.0,0.0,0.0,0.0,0.0,0.0,0,-107875648.0,63,0.0,126,2.7184242562605685e+23,-0.0,ERR,ERR,ERR,ERR,ERR,ERR,ERR,ERR,ERR,ERR,ERR,ERR,ERR,ERR,ERR,ERR,ERR,ERR,ERR,ERR,ERR,ERR,ERR,ERR,ERR,ERR,ERR,ERR,ERR,ERR,ERR,ERR,ERR,ERR,ERR,ERR,ERR,ERR,ERR,ERR,ERR,ERR,ERR,ERR,ERR,ERR,ERR,ERR,ERR,ERR,ERR,ERR,ERR,ERR,ERR,ERR,ERR,ERR,ERR,ERR,ERR,ERR,ERR,ERR,ERR,ERR,ERR,34.0,80.0,35,0.0,0.0,0.0,0.0,0.0,0.0,0.0,0.0,0.0,0.0,0.0,0.0,0.0,0.0,0.0,0.0,64.4,0,116,56,49,65476,0,300,0,0,8,20529,65476,0,0,57672,80.0,0.0,0.0,0.0,0.0,0.0
2026-06-17T04:38:45,ERR,ERR,ERR,ERR,ERR,ERR,ERR,ERR,ERR,ERR,ERR,ERR,ERR,ERR,ERR,ERR,ERR,ERR,ERR,ERR,ERR,ERR,ERR,ERR,ERR,ERR,ERR,ERR,ERR,ERR,ERR,ERR,ERR,ERR,ERR,ERR,ERR,ERR,ERR,ERR,ERR,ERR,ERR,ERR,ERR,ERR,ERR,ERR,ERR,ERR,ERR,ERR,ERR,ERR,ERR,ERR,ERR,ERR,ERR,ERR,ERR,ERR,ERR,ERR,ERR,ERR,ERR,ERR,ERR,ERR,ERR,ERR,ERR,ERR,ERR,ERR,ERR,ERR,ERR,ERR,ERR,ERR,ERR,ERR,ERR,ERR,ERR,ERR,ERR,ERR,ERR,ERR,ERR,ERR,ERR,ERR,ERR,ERR,ERR,ERR,ERR,ERR,ERR,ERR,ERR,ERR,ERR,ERR,ERR,ERR,ERR,ERR,ERR,ERR,ERR,ERR,ERR,ERR,ERR,ERR,ERR,ERR,ERR,ERR,ERR,0.0,-0.0,3.028208139652935e+23,0.0,0.0,1.3936040501711995e+18,7.805,0.0,0,0,4,0,7300,-0.0,0,0.0,0.0,0.0,0.0,0.0,0,0,0,0,0.0,0,0,0,0,0,0,0,0,0,0,0,0,0,0,0,0,0,0,0,0,0,0,0,0,0,0,0,0,0,0,0,0,0,32,30,30,62,65476,0,300,0,0,8,21553,0.0,-107605600.0,0.0,0.0,0.0,0.0,0.0,0.0,0.0,0.0,0.0,0.0,0.0,0.0,0.0,0.0,0.0,0.0,0.0,0.0,0.0,0.0,-0.0,-2.004,-0.0,-2.004,0.0,0.0,0.0,0.0,5437.0,-1.0406669901790231e+34,6975.0,0.0,-0.0,-107615280.0,-0.0,0.0,0.0,0.0,0.0,63,0.0,-0.0,0.0,0.0,0.0,0.0,0.0,0.0,0.0,0,0,0,0.0,0.0,0.0,0.0,0.0,0.0,0.0,0.0,0.0,0.0,0.0,0.0,0.0,0.0,0.0,0.0,0,-107875648.0,63,0.0,126,2.7184242562605685e+23,-0.0,ERR,ERR,ERR,ERR,ERR,ERR,ERR,ERR,ERR,ERR,ERR,ERR,ERR,ERR,ERR,ERR,ERR,ERR,ERR,ERR,ERR,ERR,ERR,ERR,ERR,ERR,ERR,ERR,ERR,ERR,ERR,ERR,ERR,ERR,ERR,ERR,ERR,ERR,ERR,ERR,ERR,ERR,ERR,ERR,ERR,ERR,ERR,ERR,ERR,ERR,ERR,ERR,ERR,ERR,ERR,ERR,ERR,ERR,ERR,ERR,ERR,ERR,ERR,ERR,ERR,ERR,ERR,34.0,80.0,35,0.0,0.0,0.0,0.0,0.0,0.0,0.0,0.0,0.0,0.0,0.0,0.0,0.0,0.0,0.0,0.0,64.8,0,116,56,49,65476,0,300,0,0,8,20529,65476,0,0,57672,80.0,0.0,0.0,0.0,0.0,0.0
2026-06-17T04:38:46,ERR,ERR,ERR,ERR,ERR,ERR,ERR,ERR,ERR,ERR,ERR,ERR,ERR,ERR,ERR,ERR,ERR,ERR,ERR,ERR,ERR,ERR,ERR,ERR,ERR,ERR,ERR,ERR,ERR,ERR,ERR,ERR,ERR,ERR,ERR,ERR,ERR,ERR,ERR,ERR,ERR,ERR,ERR,ERR,ERR,ERR,ERR,ERR,ERR,ERR,ERR,ERR,ERR,ERR,ERR,ERR,ERR,ERR,ERR,ERR,ERR,ERR,ERR,ERR,ERR,ERR,ERR,ERR,ERR,ERR,ERR,ERR,ERR,ERR,ERR,ERR,ERR,ERR,ERR,ERR,ERR,ERR,ERR,ERR,ERR,ERR,ERR,ERR,ERR,ERR,ERR,ERR,ERR,ERR,ERR,ERR,ERR,ERR,ERR,ERR,ERR,ERR,ERR,ERR,ERR,ERR,ERR,ERR,ERR,ERR,ERR,ERR,ERR,ERR,ERR,ERR,ERR,ERR,ERR,ERR,ERR,ERR,ERR,ERR,ERR,0.0,-0.0,3.028208139652935e+23,0.0,0.0,1.3936040501711995e+18,7.805,0.0,0,0,4,0,7300,-0.0,0,0.0,0.0,0.0,0.0,0.0,0,0,0,0,0.0,0,0,0,0,0,0,0,0,0,0,0,0,0,0,0,0,0,0,0,0,0,0,0,0,0,0,0,0,0,0,0,0,0,32,30,30,62,65476,0,300,0,0,8,21553,0.0,-107605600.0,0.0,0.0,0.0,0.0,0.0,0.0,0.0,0.0,0.0,0.0,0.0,0.0,0.0,0.0,0.0,0.0,0.0,0.0,0.0,0.0,-0.0,-2.004,-0.0,-2.004,0.0,0.0,0.0,0.0,5437.0,-1.0406669901790231e+34,6975.0,0.0,-0.0,-107615280.0,-0.0,0.0,0.0,0.0,0.0,63,0.0,-0.0,0.0,0.0,0.0,0.0,0.0,0.0,0.0,0,0,0,0.0,0.0,0.0,0.0,0.0,0.0,0.0,0.0,0.0,0.0,0.0,0.0,0.0,0.0,0.0,0.0,0,-107875648.0,63,0.0,126,2.7184242562605685e+23,-0.0,ERR,ERR,ERR,ERR,ERR,ERR,ERR,ERR,ERR,ERR,ERR,ERR,ERR,ERR,ERR,ERR,ERR,ERR,ERR,ERR,ERR,ERR,ERR,ERR,ERR,ERR,ERR,ERR,ERR,ERR,ERR,ERR,ERR,ERR,ERR,ERR,ERR,ERR,ERR,ERR,ERR,ERR,ERR,ERR,ERR,ERR,ERR,ERR,ERR,ERR,ERR,ERR,ERR,ERR,ERR,ERR,ERR,ERR,ERR,ERR,ERR,ERR,ERR,ERR,ERR,ERR,ERR,34.0,80.0,35,0.0,0.0,0.0,0.0,0.0,0.0,0.0,0.0,0.0,0.0,0.0,0.0,0.0,0.0,0.0,0.0,64.8,0,116,56,49,65476,0,300,0,0,8,20529,65476,0,0,57672,80.0,0.0,0.0,0.0,0.0,0.0
2026-06-17T04:38:47,ERR,ERR,ERR,ERR,ERR,ERR,ERR,ERR,ERR,ERR,ERR,ERR,ERR,ERR,ERR,ERR,ERR,ERR,ERR,ERR,ERR,ERR,ERR,ERR,ERR,ERR,ERR,ERR,ERR,ERR,ERR,ERR,ERR,ERR,ERR,ERR,ERR,ERR,ERR,ERR,ERR,ERR,ERR,ERR,ERR,ERR,ERR,ERR,ERR,ERR,ERR,ERR,ERR,ERR,ERR,ERR,ERR,ERR,ERR,ERR,ERR,ERR,ERR,ERR,ERR,ERR,ERR,ERR,ERR,ERR,ERR,ERR,ERR,ERR,ERR,ERR,ERR,ERR,ERR,ERR,ERR,ERR,ERR,ERR,ERR,ERR,ERR,ERR,ERR,ERR,ERR,ERR,ERR,ERR,ERR,ERR,ERR,ERR,ERR,ERR,ERR,ERR,ERR,ERR,ERR,ERR,ERR,ERR,ERR,ERR,ERR,ERR,ERR,ERR,ERR,ERR,ERR,ERR,ERR,ERR,ERR,ERR,ERR,ERR,ERR,0.0,-0.0,3.028208139652935e+23,0.0,0.0,1.3936040501711995e+18,7.805,0.0,0,0,4,0,7300,-0.0,0,0.0,0.0,0.0,0.0,0.0,0,0,0,0,0.0,0,0,0,0,0,0,0,0,0,0,0,0,0,0,0,0,0,0,0,0,0,0,0,0,0,0,0,0,0,0,0,0,0,32,30,30,62,65476,0,300,0,0,8,21553,0.0,-107605600.0,0.0,0.0,0.0,0.0,0.0,0.0,0.0,0.0,0.0,0.0,0.0,0.0,0.0,0.0,0.0,0.0,0.0,0.0,0.0,0.0,2.004,-2.004,-0.0,-2.004,0.0,0.0,0.0,0.0,5437.0,-0.0,6966.0,0.0,-0.0,-107615280.0,-0.0,0.0,0.0,0.0,0.0,63,0.0,0.0,0.0,0.0,0.0,0.0,0.0,0.0,0.0,0,0,0,0.0,0.0,0.0,0.0,0.0,0.0,0.0,0.0,0.0,0.0,0.0,0.0,0.0,0.0,0.0,0.0,0,-107875648.0,63,0.0,126,2.7184242562605685e+23,-0.0,ERR,ERR,ERR,ERR,ERR,ERR,ERR,ERR,ERR,ERR,ERR,ERR,ERR,ERR,ERR,ERR,ERR,ERR,ERR,ERR,ERR,ERR,ERR,ERR,ERR,ERR,ERR,ERR,ERR,ERR,ERR,ERR,ERR,ERR,ERR,ERR,ERR,ERR,ERR,ERR,ERR,ERR,ERR,ERR,ERR,ERR,ERR,ERR,ERR,ERR,ERR,ERR,ERR,ERR,ERR,ERR,ERR,ERR,ERR,ERR,ERR,ERR,ERR,ERR,ERR,ERR,ERR,34.0,80.0,35,0.0,0.0,0.0,0.0,0.0,0.0,0.0,0.0,0.0,0.0,0.0,0.0,0.0,0.0,0.0,0.0,64.4,0,116,56,49,65476,0,300,0,0,8,20529,65476,0,0,57672,80.0,0.0,0.0,0.0,0.0,0.0
2026-06-17T04:38:48,ERR,ERR,ERR,ERR,ERR,ERR,ERR,ERR,ERR,ERR,ERR,ERR,ERR,ERR,ERR,ERR,ERR,ERR,ERR,ERR,ERR,ERR,ERR,ERR,ERR,ERR,ERR,ERR,ERR,ERR,ERR,ERR,ERR,ERR,ERR,ERR,ERR,ERR,ERR,ERR,ERR,ERR,ERR,ERR,ERR,ERR,ERR,ERR,ERR,ERR,ERR,ERR,ERR,ERR,ERR,ERR,ERR,ERR,ERR,ERR,ERR,ERR,ERR,ERR,ERR,ERR,ERR,ERR,ERR,ERR,ERR,ERR,ERR,ERR,ERR,ERR,ERR,ERR,ERR,ERR,ERR,ERR,ERR,ERR,ERR,ERR,ERR,ERR,ERR,ERR,ERR,ERR,ERR,ERR,ERR,ERR,ERR,ERR,ERR,ERR,ERR,ERR,ERR,ERR,ERR,ERR,ERR,ERR,ERR,ERR,ERR,ERR,ERR,ERR,ERR,ERR,ERR,ERR,ERR,ERR,ERR,ERR,ERR,ERR,ERR,0.0,-0.0,3.028208139652935e+23,0.0,0.0,1.3936040501711995e+18,7.805,0.0,0,0,4,0,7300,-0.0,0,0.0,0.0,0.0,0.0,0.0,0,0,0,0,0.0,0,0,0,0,0,0,0,0,0,0,0,0,0,0,0,0,0,0,0,0,0,0,0,0,0,0,0,0,0,0,0,0,0,32,30,30,62,65476,0,300,0,0,8,21553,0.0,-107605600.0,0.0,0.0,0.0,0.0,0.0,0.0,0.0,0.0,0.0,0.0,0.0,0.0,0.0,0.0,0.0,0.0,0.0,0.0,0.0,0.0,2.004,-2.004,-0.0,-2.004,0.0,0.0,0.0,0.0,5437.0,-0.0,6966.0,0.0,-0.0,-107615280.0,-0.0,0.0,0.0,0.0,0.0,63,0.0,0.0,0.0,0.0,0.0,0.0,0.0,0.0,0.0,0,0,0,0.0,0.0,0.0,0.0,0.0,0.0,0.0,0.0,0.0,0.0,0.0,0.0,0.0,0.0,0.0,0.0,0,-107875648.0,63,0.0,126,2.7184242562605685e+23,-0.0,ERR,ERR,ERR,ERR,ERR,ERR,ERR,ERR,ERR,ERR,ERR,ERR,ERR,ERR,ERR,ERR,ERR,ERR,ERR,ERR,ERR,ERR,ERR,ERR,ERR,ERR,ERR,ERR,ERR,ERR,ERR,ERR,ERR,ERR,ERR,ERR,ERR,ERR,ERR,ERR,ERR,ERR,ERR,ERR,ERR,ERR,ERR,ERR,ERR,ERR,ERR,ERR,ERR,ERR,ERR,ERR,ERR,ERR,ERR,ERR,ERR,ERR,ERR,ERR,ERR,ERR,ERR,34.0,80.0,35,0.0,0.0,0.0,0.0,0.0,0.0,0.0,0.0,0.0,0.0,0.0,0.0,0.0,0.0,0.0,0.0,64.4,0,116,56,49,65476,0,300,0,0,8,20529,65476,0,0,57672,80.0,0.0,0.0,0.0,0.0,0.0
2026-06-17T04:38:49,ERR,ERR,ERR,ERR,ERR,ERR,ERR,ERR,ERR,ERR,ERR,ERR,ERR,ERR,ERR,ERR,ERR,ERR,ERR,ERR,ERR,ERR,ERR,ERR,ERR,ERR,ERR,ERR,ERR,ERR,ERR,ERR,ERR,ERR,ERR,ERR,ERR,ERR,ERR,ERR,ERR,ERR,ERR,ERR,ERR,ERR,ERR,ERR,ERR,ERR,ERR,ERR,ERR,ERR,ERR,ERR,ERR,ERR,ERR,ERR,ERR,ERR,ERR,ERR,ERR,ERR,ERR,ERR,ERR,ERR,ERR,ERR,ERR,ERR,ERR,ERR,ERR,ERR,ERR,ERR,ERR,ERR,ERR,ERR,ERR,ERR,ERR,ERR,ERR,ERR,ERR,ERR,ERR,ERR,ERR,ERR,ERR,ERR,ERR,ERR,ERR,ERR,ERR,ERR,ERR,ERR,ERR,ERR,ERR,ERR,ERR,ERR,ERR,ERR,ERR,ERR,ERR,ERR,ERR,ERR,ERR,ERR,ERR,ERR,ERR,0.0,-0.0,3.028208139652935e+23,0.0,0.0,1.3936040501711995e+18,7.805,0.0,0,0,4,0,7300,-0.0,0,0.0,0.0,0.0,0.0,0.0,0,0,0,0,0.0,0,0,0,0,0,0,0,0,0,0,0,0,0,0,0,0,0,0,0,0,0,0,0,0,0,0,0,0,0,0,0,0,0,32,30,30,62,65476,0,300,0,0,8,21553,0.0,-107605600.0,0.0,0.0,0.0,0.0,0.0,0.0,0.0,0.0,0.0,0.0,0.0,0.0,0.0,0.0,0.0,0.0,0.0,0.0,0.0,0.0,2.004,-2.004,-0.0,-2.004,0.0,0.0,0.0,0.0,5437.0,-0.0,6966.0,0.0,-0.0,-107615280.0,-0.0,0.0,0.0,0.0,0.0,63,0.0,0.0,0.0,0.0,0.0,0.0,0.0,0.0,0.0,0,0,0,0.0,0.0,0.0,0.0,0.0,0.0,0.0,0.0,0.0,0.0,0.0,0.0,0.0,0.0,0.0,0.0,0,-107875648.0,63,0.0,126,2.7184242562605685e+23,-0.0,ERR,ERR,ERR,ERR,ERR,ERR,ERR,ERR,ERR,ERR,ERR,ERR,ERR,ERR,ERR,ERR,ERR,ERR,ERR,ERR,ERR,ERR,ERR,ERR,ERR,ERR,ERR,ERR,ERR,ERR,ERR,ERR,ERR,ERR,ERR,ERR,ERR,ERR,ERR,ERR,ERR,ERR,ERR,ERR,ERR,ERR,ERR,ERR,ERR,ERR,ERR,ERR,ERR,ERR,ERR,ERR,ERR,ERR,ERR,ERR,ERR,ERR,ERR,ERR,ERR,ERR,ERR,34.0,80.0,35,0.0,0.0,0.0,0.0,0.0,0.0,0.0,0.0,0.0,0.0,0.0,0.0,0.0,0.0,0.0,0.0,64.4,0,116,56,49,65476,0,300,0,0,8,20529,65476,0,0,57672,80.0,0.0,0.0,0.0,0.0,0.0
2026-06-17T04:38:50,ERR,ERR,ERR,ERR,ERR,ERR,ERR,ERR,ERR,ERR,ERR,ERR,ERR,ERR,ERR,ERR,ERR,ERR,ERR,ERR,ERR,ERR,ERR,ERR,ERR,ERR,ERR,ERR,ERR,ERR,ERR,ERR,ERR,ERR,ERR,ERR,ERR,ERR,ERR,ERR,ERR,ERR,ERR,ERR,ERR,ERR,ERR,ERR,ERR,ERR,ERR,ERR,ERR,ERR,ERR,ERR,ERR,ERR,ERR,ERR,ERR,ERR,ERR,ERR,ERR,ERR,ERR,ERR,ERR,ERR,ERR,ERR,ERR,ERR,ERR,ERR,ERR,ERR,ERR,ERR,ERR,ERR,ERR,ERR,ERR,ERR,ERR,ERR,ERR,ERR,ERR,ERR,ERR,ERR,ERR,ERR,ERR,ERR,ERR,ERR,ERR,ERR,ERR,ERR,ERR,ERR,ERR,ERR,ERR,ERR,ERR,ERR,ERR,ERR,ERR,ERR,ERR,ERR,ERR,ERR,ERR,ERR,ERR,ERR,ERR,0.0,-0.0,3.028208139652935e+23,0.0,0.0,1.3936040501711995e+18,7.805,0.0,0,0,4,0,7300,-0.0,0,0.0,0.0,0.0,0.0,0.0,0,0,0,0,0.0,0,0,0,0,0,0,0,0,0,0,0,0,0,0,0,0,0,0,0,0,0,0,0,0,0,0,0,0,0,0,0,0,0,32,30,30,62,65476,0,300,0,0,8,21553,0.0,-107605600.0,0.0,0.0,0.0,0.0,0.0,0.0,0.0,0.0,0.0,0.0,0.0,0.0,0.0,0.0,0.0,0.0,0.0,0.0,0.0,0.0,2.004,-2.004,-0.0,-2.004,0.0,0.0,0.0,0.0,5437.0,-0.0,6966.0,0.0,-0.0,-107615280.0,-0.0,0.0,0.0,0.0,0.0,63,0.0,0.0,0.0,0.0,0.0,0.0,0.0,0.0,0.0,0,0,0,0.0,0.0,0.0,0.0,0.0,0.0,0.0,0.0,0.0,0.0,0.0,0.0,0.0,0.0,0.0,0.0,0,-107875648.0,63,0.0,126,2.7184242562605685e+23,-0.0,ERR,ERR,ERR,ERR,ERR,ERR,ERR,ERR,ERR,ERR,ERR,ERR,ERR,ERR,ERR,ERR,ERR,ERR,ERR,ERR,ERR,ERR,ERR,ERR,ERR,ERR,ERR,ERR,ERR,ERR,ERR,ERR,ERR,ERR,ERR,ERR,ERR,ERR,ERR,ERR,ERR,ERR,ERR,ERR,ERR,ERR,ERR,ERR,ERR,ERR,ERR,ERR,ERR,ERR,ERR,ERR,ERR,ERR,ERR,ERR,ERR,ERR,ERR,ERR,ERR,ERR,ERR,34.0,80.0,35,0.0,0.0,0.0,0.0,0.0,0.0,0.0,0.0,0.0,0.0,0.0,0.0,0.0,0.0,0.0,0.0,64.4,0,116,56,49,65476,0,300,0,0,8,20529,65476,0,0,57672,80.0,0.0,0.0,0.0,0.0,0.0
2026-06-17T04:38:51,ERR,ERR,ERR,ERR,ERR,ERR,ERR,ERR,ERR,ERR,ERR,ERR,ERR,ERR,ERR,ERR,ERR,ERR,ERR,ERR,ERR,ERR,ERR,ERR,ERR,ERR,ERR,ERR,ERR,ERR,ERR,ERR,ERR,ERR,ERR,ERR,ERR,ERR,ERR,ERR,ERR,ERR,ERR,ERR,ERR,ERR,ERR,ERR,ERR,ERR,ERR,ERR,ERR,ERR,ERR,ERR,ERR,ERR,ERR,ERR,ERR,ERR,ERR,ERR,ERR,ERR,ERR,ERR,ERR,ERR,ERR,ERR,ERR,ERR,ERR,ERR,ERR,ERR,ERR,ERR,ERR,ERR,ERR,ERR,ERR,ERR,ERR,ERR,ERR,ERR,ERR,ERR,ERR,ERR,ERR,ERR,ERR,ERR,ERR,ERR,ERR,ERR,ERR,ERR,ERR,ERR,ERR,ERR,ERR,ERR,ERR,ERR,ERR,ERR,ERR,ERR,ERR,ERR,ERR,ERR,ERR,ERR,ERR,ERR,ERR,0.0,-0.0,3.028208139652935e+23,0.0,0.0,1.3936040501711995e+18,7.805,0.0,0,0,4,0,7300,-0.0,0,0.0,0.0,0.0,0.0,0.0,0,0,0,0,0.0,0,0,0,0,0,0,0,0,0,0,0,0,0,0,0,0,0,0,0,0,0,0,0,0,0,0,0,0,0,0,0,0,0,32,30,30,62,65476,0,300,0,0,8,21553,0.0,-107605600.0,0.0,0.0,0.0,0.0,0.0,0.0,0.0,0.0,0.0,0.0,0.0,0.0,0.0,0.0,0.0,0.0,0.0,0.0,0.0,0.0,2.004,-2.004,-0.0,-2.004,0.0,0.0,0.0,0.0,5437.0,-0.0,6966.0,0.0,-0.0,-107615280.0,-0.0,0.0,0.0,0.0,0.0,63,0.0,0.0,0.0,0.0,0.0,0.0,0.0,0.0,0.0,0,0,0,0.0,0.0,0.0,0.0,0.0,0.0,0.0,0.0,0.0,0.0,0.0,0.0,0.0,0.0,0.0,0.0,0,-107875648.0,63,0.0,126,2.7184242562605685e+23,-0.0,ERR,ERR,ERR,ERR,ERR,ERR,ERR,ERR,ERR,ERR,ERR,ERR,ERR,ERR,ERR,ERR,ERR,ERR,ERR,ERR,ERR,ERR,ERR,ERR,ERR,ERR,ERR,ERR,ERR,ERR,ERR,ERR,ERR,ERR,ERR,ERR,ERR,ERR,ERR,ERR,ERR,ERR,ERR,ERR,ERR,ERR,ERR,ERR,ERR,ERR,ERR,ERR,ERR,ERR,ERR,ERR,ERR,ERR,ERR,ERR,ERR,ERR,ERR,ERR,ERR,ERR,ERR,34.0,80.0,35,0.0,0.0,0.0,0.0,0.0,0.0,0.0,0.0,0.0,0.0,0.0,0.0,0.0,0.0,0.0,0.0,64.4,0,116,56,49,65476,0,300,0,0,8,20529,65476,0,0,57672,80.0,0.0,0.0,0.0,0.0,0.0
2026-06-17T04:38:52,ERR,ERR,ERR,ERR,ERR,ERR,ERR,ERR,ERR,ERR,ERR,ERR,ERR,ERR,ERR,ERR,ERR,ERR,ERR,ERR,ERR,ERR,ERR,ERR,ERR,ERR,ERR,ERR,ERR,ERR,ERR,ERR,ERR,ERR,ERR,ERR,ERR,ERR,ERR,ERR,ERR,ERR,ERR,ERR,ERR,ERR,ERR,ERR,ERR,ERR,ERR,ERR,ERR,ERR,ERR,ERR,ERR,ERR,ERR,ERR,ERR,ERR,ERR,ERR,ERR,ERR,ERR,ERR,ERR,ERR,ERR,ERR,ERR,ERR,ERR,ERR,ERR,ERR,ERR,ERR,ERR,ERR,ERR,ERR,ERR,ERR,ERR,ERR,ERR,ERR,ERR,ERR,ERR,ERR,ERR,ERR,ERR,ERR,ERR,ERR,ERR,ERR,ERR,ERR,ERR,ERR,ERR,ERR,ERR,ERR,ERR,ERR,ERR,ERR,ERR,ERR,ERR,ERR,ERR,ERR,ERR,ERR,ERR,ERR,ERR,0.0,-0.0,3.028208139652935e+23,0.0,0.0,1.3936040501711995e+18,7.805,0.0,0,0,4,0,7300,-0.0,0,0.0,0.0,0.0,0.0,0.0,0,0,0,0,0.0,0,0,0,0,0,0,0,0,0,0,0,0,0,0,0,0,0,0,0,0,0,0,0,0,0,0,0,0,0,0,0,0,0,32,30,30,62,65476,0,300,0,0,8,21553,0.0,-107605600.0,0.0,0.0,0.0,0.0,0.0,0.0,0.0,0.0,0.0,0.0,0.0,0.0,0.0,0.0,0.0,0.0,0.0,0.0,0.0,0.0,-0.0,-2.004,-0.0,-2.004,0.0,0.0,0.0,0.0,5437.0,-0.0,6961.0,0.0,-0.0,-107615280.0,-0.0,0.0,0.0,0.0,0.0,63,0.0,0.0,0.0,0.0,0.0,0.0,0.0,0.0,0.0,0,0,0,0.0,0.0,0.0,0.0,0.0,0.0,0.0,0.0,0.0,0.0,0.0,0.0,0.0,0.0,0.0,0.0,0,-107875648.0,63,0.0,126,2.7184242562605685e+23,-0.0,ERR,ERR,ERR,ERR,ERR,ERR,ERR,ERR,ERR,ERR,ERR,ERR,ERR,ERR,ERR,ERR,ERR,ERR,ERR,ERR,ERR,ERR,ERR,ERR,ERR,ERR,ERR,ERR,ERR,ERR,ERR,ERR,ERR,ERR,ERR,ERR,ERR,ERR,ERR,ERR,ERR,ERR,ERR,ERR,ERR,ERR,ERR,ERR,ERR,ERR,ERR,ERR,ERR,ERR,ERR,ERR,ERR,ERR,ERR,ERR,ERR,ERR,ERR,ERR,ERR,ERR,ERR,34.0,80.0,35,0.0,0.0,0.0,0.0,0.0,0.0,0.0,0.0,0.0,0.0,0.0,0.0,0.0,0.0,0.0,0.0,64.4,0,116,56,49,65476,0,300,0,0,8,20529,65476,0,0,57672,80.0,0.0,0.0,0.0,0.0,0.0
2026-06-17T04:38:53,ERR,ERR,ERR,ERR,ERR,ERR,ERR,ERR,ERR,ERR,ERR,ERR,ERR,ERR,ERR,ERR,ERR,ERR,ERR,ERR,ERR,ERR,ERR,ERR,ERR,ERR,ERR,ERR,ERR,ERR,ERR,ERR,ERR,ERR,ERR,ERR,ERR,ERR,ERR,ERR,ERR,ERR,ERR,ERR,ERR,ERR,ERR,ERR,ERR,ERR,ERR,ERR,ERR,ERR,ERR,ERR,ERR,ERR,ERR,ERR,ERR,ERR,ERR,ERR,ERR,ERR,ERR,ERR,ERR,ERR,ERR,ERR,ERR,ERR,ERR,ERR,ERR,ERR,ERR,ERR,ERR,ERR,ERR,ERR,ERR,ERR,ERR,ERR,ERR,ERR,ERR,ERR,ERR,ERR,ERR,ERR,ERR,ERR,ERR,ERR,ERR,ERR,ERR,ERR,ERR,ERR,ERR,ERR,ERR,ERR,ERR,ERR,ERR,ERR,ERR,ERR,ERR,ERR,ERR,ERR,ERR,ERR,ERR,ERR,ERR,0.0,-0.0,3.028208139652935e+23,0.0,0.0,1.3936040501711995e+18,7.805,0.0,0,0,4,0,7300,-0.0,0,0.0,0.0,0.0,0.0,0.0,0,0,0,0,0.0,0,0,0,0,0,0,0,0,0,0,0,0,0,0,0,0,0,0,0,0,0,0,0,0,0,0,0,0,0,0,0,0,0,32,30,30,62,65476,0,300,0,0,8,21553,0.0,-107605600.0,0.0,0.0,0.0,0.0,0.0,0.0,0.0,0.0,0.0,0.0,0.0,0.0,0.0,0.0,0.0,0.0,0.0,0.0,0.0,0.0,-0.0,-2.004,-0.0,-2.004,0.0,0.0,0.0,0.0,5437.0,-0.0,6961.0,0.0,-0.0,-107615280.0,-0.0,0.0,0.0,0.0,0.0,63,0.0,0.0,0.0,0.0,0.0,0.0,0.0,0.0,0.0,0,0,0,0.0,0.0,0.0,0.0,0.0,0.0,0.0,0.0,0.0,0.0,0.0,0.0,0.0,0.0,0.0,0.0,0,-107875648.0,63,0.0,126,2.7184242562605685e+23,-0.0,ERR,ERR,ERR,ERR,ERR,ERR,ERR,ERR,ERR,ERR,ERR,ERR,ERR,ERR,ERR,ERR,ERR,ERR,ERR,ERR,ERR,ERR,ERR,ERR,ERR,ERR,ERR,ERR,ERR,ERR,ERR,ERR,ERR,ERR,ERR,ERR,ERR,ERR,ERR,ERR,ERR,ERR,ERR,ERR,ERR,ERR,ERR,ERR,ERR,ERR,ERR,ERR,ERR,ERR,ERR,ERR,ERR,ERR,ERR,ERR,ERR,ERR,ERR,ERR,ERR,ERR,ERR,34.0,80.0,35,0.0,0.0,0.0,0.0,0.0,0.0,0.0,0.0,0.0,0.0,0.0,0.0,0.0,0.0,0.0,0.0,64.4,0,116,56,49,65476,0,300,0,0,8,20529,65476,0,0,57672,80.0,0.0,0.0,0.0,0.0,0.0
2026-06-17T04:38:54,ERR,ERR,ERR,ERR,ERR,ERR,ERR,ERR,ERR,ERR,ERR,ERR,ERR,ERR,ERR,ERR,ERR,ERR,ERR,ERR,ERR,ERR,ERR,ERR,ERR,ERR,ERR,ERR,ERR,ERR,ERR,ERR,ERR,ERR,ERR,ERR,ERR,ERR,ERR,ERR,ERR,ERR,ERR,ERR,ERR,ERR,ERR,ERR,ERR,ERR,ERR,ERR,ERR,ERR,ERR,ERR,ERR,ERR,ERR,ERR,ERR,ERR,ERR,ERR,ERR,ERR,ERR,ERR,ERR,ERR,ERR,ERR,ERR,ERR,ERR,ERR,ERR,ERR,ERR,ERR,ERR,ERR,ERR,ERR,ERR,ERR,ERR,ERR,ERR,ERR,ERR,ERR,ERR,ERR,ERR,ERR,ERR,ERR,ERR,ERR,ERR,ERR,ERR,ERR,ERR,ERR,ERR,ERR,ERR,ERR,ERR,ERR,ERR,ERR,ERR,ERR,ERR,ERR,ERR,ERR,ERR,ERR,ERR,ERR,ERR,0.0,-0.0,3.028208139652935e+23,0.0,0.0,1.3936040501711995e+18,7.805,0.0,0,0,4,0,7300,-0.0,0,0.0,0.0,0.0,0.0,0.0,0,0,0,0,0.0,0,0,0,0,0,0,0,0,0,0,0,0,0,0,0,0,0,0,0,0,0,0,0,0,0,0,0,0,0,0,0,0,0,32,30,30,62,65476,0,300,0,0,8,21553,0.0,-107605600.0,0.0,0.0,0.0,0.0,0.0,0.0,0.0,0.0,0.0,0.0,0.0,0.0,0.0,0.0,0.0,0.0,0.0,0.0,0.0,0.0,-0.0,-2.004,-0.0,-2.004,0.0,0.0,0.0,0.0,5437.0,-0.0,6961.0,0.0,-0.0,-107615280.0,-0.0,0.0,0.0,0.0,0.0,63,0.0,0.0,0.0,0.0,0.0,0.0,0.0,0.0,0.0,0,0,0,0.0,0.0,0.0,0.0,0.0,0.0,0.0,0.0,0.0,0.0,0.0,0.0,0.0,0.0,0.0,0.0,0,-107875648.0,63,0.0,126,2.7184242562605685e+23,-0.0,ERR,ERR,ERR,ERR,ERR,ERR,ERR,ERR,ERR,ERR,ERR,ERR,ERR,ERR,ERR,ERR,ERR,ERR,ERR,ERR,ERR,ERR,ERR,ERR,ERR,ERR,ERR,ERR,ERR,ERR,ERR,ERR,ERR,ERR,ERR,ERR,ERR,ERR,ERR,ERR,ERR,ERR,ERR,ERR,ERR,ERR,ERR,ERR,ERR,ERR,ERR,ERR,ERR,ERR,ERR,ERR,ERR,ERR,ERR,ERR,ERR,ERR,ERR,ERR,ERR,ERR,ERR,34.0,80.0,35,0.0,0.0,0.0,0.0,0.0,0.0,0.0,0.0,0.0,0.0,0.0,0.0,0.0,0.0,0.0,0.0,64.8,0,116,56,49,65476,0,300,0,0,8,20529,65476,0,0,57672,80.0,0.0,0.0,0.0,0.0,0.0
2026-06-17T04:38:55,ERR,ERR,ERR,ERR,ERR,ERR,ERR,ERR,ERR,ERR,ERR,ERR,ERR,ERR,ERR,ERR,ERR,ERR,ERR,ERR,ERR,ERR,ERR,ERR,ERR,ERR,ERR,ERR,ERR,ERR,ERR,ERR,ERR,ERR,ERR,ERR,ERR,ERR,ERR,ERR,ERR,ERR,ERR,ERR,ERR,ERR,ERR,ERR,ERR,ERR,ERR,ERR,ERR,ERR,ERR,ERR,ERR,ERR,ERR,ERR,ERR,ERR,ERR,ERR,ERR,ERR,ERR,ERR,ERR,ERR,ERR,ERR,ERR,ERR,ERR,ERR,ERR,ERR,ERR,ERR,ERR,ERR,ERR,ERR,ERR,ERR,ERR,ERR,ERR,ERR,ERR,ERR,ERR,ERR,ERR,ERR,ERR,ERR,ERR,ERR,ERR,ERR,ERR,ERR,ERR,ERR,ERR,ERR,ERR,ERR,ERR,ERR,ERR,ERR,ERR,ERR,ERR,ERR,ERR,ERR,ERR,ERR,ERR,ERR,ERR,0.0,-0.0,3.028208139652935e+23,0.0,0.0,1.3936040501711995e+18,7.805,0.0,0,0,4,0,7300,-0.0,0,0.0,0.0,0.0,0.0,0.0,0,0,0,0,0.0,0,0,0,0,0,0,0,0,0,0,0,0,0,0,0,0,0,0,0,0,0,0,0,0,0,0,0,0,0,0,0,0,0,32,30,30,62,65476,0,300,0,0,8,21553,0.0,-107605600.0,0.0,0.0,0.0,0.0,0.0,0.0,0.0,0.0,0.0,0.0,0.0,0.0,0.0,0.0,0.0,0.0,0.0,0.0,0.0,0.0,-0.0,-2.004,-0.0,-2.004,0.0,0.0,0.0,0.0,5437.0,-0.0,6961.0,0.0,-0.0,-107615280.0,-0.0,0.0,0.0,0.0,0.0,63,0.0,0.0,0.0,0.0,0.0,0.0,0.0,0.0,0.0,0,0,0,0.0,0.0,0.0,0.0,0.0,0.0,0.0,0.0,0.0,0.0,0.0,0.0,0.0,0.0,0.0,0.0,0,-107875648.0,63,0.0,126,2.7184242562605685e+23,-0.0,ERR,ERR,ERR,ERR,ERR,ERR,ERR,ERR,ERR,ERR,ERR,ERR,ERR,ERR,ERR,ERR,ERR,ERR,ERR,ERR,ERR,ERR,ERR,ERR,ERR,ERR,ERR,ERR,ERR,ERR,ERR,ERR,ERR,ERR,ERR,ERR,ERR,ERR,ERR,ERR,ERR,ERR,ERR,ERR,ERR,ERR,ERR,ERR,ERR,ERR,ERR,ERR,ERR,ERR,ERR,ERR,ERR,ERR,ERR,ERR,ERR,ERR,ERR,ERR,ERR,ERR,ERR,34.0,80.0,35,0.0,0.0,0.0,0.0,0.0,0.0,0.0,0.0,0.0,0.0,0.0,0.0,0.0,0.0,0.0,0.0,64.8,0,116,56,49,65476,0,300,0,0,8,20529,65476,0,0,57672,80.0,0.0,0.0,0.0,0.0,0.0
2026-06-17T04:38:56,ERR,ERR,ERR,ERR,ERR,ERR,ERR,ERR,ERR,ERR,ERR,ERR,ERR,ERR,ERR,ERR,ERR,ERR,ERR,ERR,ERR,ERR,ERR,ERR,ERR,ERR,ERR,ERR,ERR,ERR,ERR,ERR,ERR,ERR,ERR,ERR,ERR,ERR,ERR,ERR,ERR,ERR,ERR,ERR,ERR,ERR,ERR,ERR,ERR,ERR,ERR,ERR,ERR,ERR,ERR,ERR,ERR,ERR,ERR,ERR,ERR,ERR,ERR,ERR,ERR,ERR,ERR,ERR,ERR,ERR,ERR,ERR,ERR,ERR,ERR,ERR,ERR,ERR,ERR,ERR,ERR,ERR,ERR,ERR,ERR,ERR,ERR,ERR,ERR,ERR,ERR,ERR,ERR,ERR,ERR,ERR,ERR,ERR,ERR,ERR,ERR,ERR,ERR,ERR,ERR,ERR,ERR,ERR,ERR,ERR,ERR,ERR,ERR,ERR,ERR,ERR,ERR,ERR,ERR,ERR,ERR,ERR,ERR,ERR,ERR,0.0,-0.0,3.028208139652935e+23,0.0,0.0,1.3936040501711995e+18,7.805,0.0,0,0,4,0,7300,-0.0,0,0.0,0.0,0.0,0.0,0.0,0,0,0,0,0.0,0,0,0,0,0,0,0,0,0,0,0,0,0,0,0,0,0,0,0,0,0,0,0,0,0,0,0,0,0,0,0,0,0,32,30,30,62,65476,0,300,0,0,8,21553,0.0,-107605600.0,0.0,0.0,0.0,0.0,0.0,0.0,0.0,0.0,0.0,0.0,0.0,0.0,0.0,0.0,0.0,0.0,0.0,0.0,0.0,0.0,-0.0,-2.004,-0.0,-2.004,0.0,0.0,0.0,0.0,5437.0,-0.0,6961.0,0.0,-0.0,-107615280.0,-0.0,0.0,0.0,0.0,0.0,63,0.0,0.0,0.0,0.0,0.0,0.0,0.0,0.0,0.0,0,0,0,0.0,0.0,0.0,0.0,0.0,0.0,0.0,0.0,0.0,0.0,0.0,0.0,0.0,0.0,0.0,0.0,0,-107875648.0,63,0.0,126,2.7184242562605685e+23,-0.0,ERR,ERR,ERR,ERR,ERR,ERR,ERR,ERR,ERR,ERR,ERR,ERR,ERR,ERR,ERR,ERR,ERR,ERR,ERR,ERR,ERR,ERR,ERR,ERR,ERR,ERR,ERR,ERR,ERR,ERR,ERR,ERR,ERR,ERR,ERR,ERR,ERR,ERR,ERR,ERR,ERR,ERR,ERR,ERR,ERR,ERR,ERR,ERR,ERR,ERR,ERR,ERR,ERR,ERR,ERR,ERR,ERR,ERR,ERR,ERR,ERR,ERR,ERR,ERR,ERR,ERR,ERR,34.0,80.0,35,0.0,0.0,0.0,0.0,0.0,0.0,0.0,0.0,0.0,0.0,0.0,0.0,0.0,0.0,0.0,0.0,64.8,0,116,56,49,65476,0,300,0,0,8,20529,65476,0,0,57672,80.0,0.0,0.0,0.0,0.0,0.0
2026-06-17T04:38:57,ERR,ERR,ERR,ERR,ERR,ERR,ERR,ERR,ERR,ERR,ERR,ERR,ERR,ERR,ERR,ERR,ERR,ERR,ERR,ERR,ERR,ERR,ERR,ERR,ERR,ERR,ERR,ERR,ERR,ERR,ERR,ERR,ERR,ERR,ERR,ERR,ERR,ERR,ERR,ERR,ERR,ERR,ERR,ERR,ERR,ERR,ERR,ERR,ERR,ERR,ERR,ERR,ERR,ERR,ERR,ERR,ERR,ERR,ERR,ERR,ERR,ERR,ERR,ERR,ERR,ERR,ERR,ERR,ERR,ERR,ERR,ERR,ERR,ERR,ERR,ERR,ERR,ERR,ERR,ERR,ERR,ERR,ERR,ERR,ERR,ERR,ERR,ERR,ERR,ERR,ERR,ERR,ERR,ERR,ERR,ERR,ERR,ERR,ERR,ERR,ERR,ERR,ERR,ERR,ERR,ERR,ERR,ERR,ERR,ERR,ERR,ERR,ERR,ERR,ERR,ERR,ERR,ERR,ERR,ERR,ERR,ERR,ERR,ERR,ERR,0.0,-0.0,3.028208139652935e+23,0.0,0.0,1.3936040501711995e+18,7.805,0.0,0,0,4,0,7300,-0.0,0,0.0,0.0,0.0,0.0,0.0,0,0,0,0,0.0,0,0,0,0,0,0,0,0,0,0,0,0,0,0,0,0,0,0,0,0,0,0,0,0,0,0,0,0,0,0,0,0,0,32,30,30,62,65476,0,300,0,0,8,21553,0.0,-107605600.0,0.0,0.0,0.0,0.0,0.0,0.0,0.0,0.0,0.0,0.0,0.0,0.0,0.0,0.0,0.0,0.0,0.0,0.0,0.0,0.0,-0.0,-2.004,-0.0,-2.004,0.0,0.0,0.0,0.0,5437.0,-0.0,6961.0,0.0,-0.0,-107615280.0,-0.0,0.0,0.0,0.0,0.0,63,0.0,0.0,0.0,0.0,0.0,0.0,0.0,0.0,0.0,0,0,0,0.0,0.0,0.0,0.0,0.0,0.0,0.0,0.0,0.0,0.0,0.0,0.0,0.0,0.0,0.0,0.0,0,-107875648.0,63,0.0,126,2.7184242562605685e+23,-0.0,ERR,ERR,ERR,ERR,ERR,ERR,ERR,ERR,ERR,ERR,ERR,ERR,ERR,ERR,ERR,ERR,ERR,ERR,ERR,ERR,ERR,ERR,ERR,ERR,ERR,ERR,ERR,ERR,ERR,ERR,ERR,ERR,ERR,ERR,ERR,ERR,ERR,ERR,ERR,ERR,ERR,ERR,ERR,ERR,ERR,ERR,ERR,ERR,ERR,ERR,ERR,ERR,ERR,ERR,ERR,ERR,ERR,ERR,ERR,ERR,ERR,ERR,ERR,ERR,ERR,ERR,ERR,34.0,80.0,35,0.0,0.0,0.0,0.0,0.0,0.0,0.0,0.0,0.0,0.0,0.0,0.0,0.0,0.0,0.0,0.0,64.8,0,116,56,49,65476,0,300,0,0,8,20529,65476,0,0,57672,80.0,0.0,0.0,0.0,0.0,0.0
2026-06-17T04:38:58,ERR,ERR,ERR,ERR,ERR,ERR,ERR,ERR,ERR,ERR,ERR,ERR,ERR,ERR,ERR,ERR,ERR,ERR,ERR,ERR,ERR,ERR,ERR,ERR,ERR,ERR,ERR,ERR,ERR,ERR,ERR,ERR,ERR,ERR,ERR,ERR,ERR,ERR,ERR,ERR,ERR,ERR,ERR,ERR,ERR,ERR,ERR,ERR,ERR,ERR,ERR,ERR,ERR,ERR,ERR,ERR,ERR,ERR,ERR,ERR,ERR,ERR,ERR,ERR,ERR,ERR,ERR,ERR,ERR,ERR,ERR,ERR,ERR,ERR,ERR,ERR,ERR,ERR,ERR,ERR,ERR,ERR,ERR,ERR,ERR,ERR,ERR,ERR,ERR,ERR,ERR,ERR,ERR,ERR,ERR,ERR,ERR,ERR,ERR,ERR,ERR,ERR,ERR,ERR,ERR,ERR,ERR,ERR,ERR,ERR,ERR,ERR,ERR,ERR,ERR,ERR,ERR,ERR,ERR,ERR,ERR,ERR,ERR,ERR,ERR,0.0,-0.0,3.028208139652935e+23,0.0,0.0,1.3936040501711995e+18,7.805,0.0,0,0,4,0,7300,-0.0,0,0.0,0.0,0.0,0.0,0.0,0,0,0,0,0.0,0,0,0,0,0,0,0,0,0,0,0,0,0,0,0,0,0,0,0,0,0,0,0,0,0,0,0,0,0,0,0,0,0,32,30,30,62,65476,0,300,0,0,8,21553,0.0,-107605600.0,0.0,0.0,0.0,0.0,0.0,0.0,0.0,0.0,0.0,0.0,0.0,0.0,0.0,0.0,0.0,0.0,0.0,0.0,0.0,0.0,2.004,-2.004,-0.0,-2.004,0.0,0.0,0.0,0.0,5433.0,-0.0,6960.0,0.0,-0.0,-107615280.0,-0.0,0.0,0.0,0.0,0.0,63,0.0,-4.950407707648602e+32,0.0,0.0,0.0,0.0,0.0,0.0,0.0,0,0,0,0.0,0.0,0.0,0.0,0.0,0.0,0.0,0.0,0.0,0.0,0.0,0.0,0.0,0.0,0.0,0.0,0,-107875648.0,63,0.0,126,2.7184242562605685e+23,-0.0,ERR,ERR,ERR,ERR,ERR,ERR,ERR,ERR,ERR,ERR,ERR,ERR,ERR,ERR,ERR,ERR,ERR,ERR,ERR,ERR,ERR,ERR,ERR,ERR,ERR,ERR,ERR,ERR,ERR,ERR,ERR,ERR,ERR,ERR,ERR,ERR,ERR,ERR,ERR,ERR,ERR,ERR,ERR,ERR,ERR,ERR,ERR,ERR,ERR,ERR,ERR,ERR,ERR,ERR,ERR,ERR,ERR,ERR,ERR,ERR,ERR,ERR,ERR,ERR,ERR,ERR,ERR,34.0,80.0,35,0.0,0.0,0.0,0.0,0.0,0.0,0.0,0.0,0.0,0.0,0.0,0.0,0.0,0.0,0.0,0.0,64.8,0,116,56,49,65476,0,300,0,0,8,20529,65476,0,0,57672,80.0,0.0,0.0,0.0,0.0,0.0
2026-06-17T04:38:59,ERR,ERR,ERR,ERR,ERR,ERR,ERR,ERR,ERR,ERR,ERR,ERR,ERR,ERR,ERR,ERR,ERR,ERR,ERR,ERR,ERR,ERR,ERR,ERR,ERR,ERR,ERR,ERR,ERR,ERR,ERR,ERR,ERR,ERR,ERR,ERR,ERR,ERR,ERR,ERR,ERR,ERR,ERR,ERR,ERR,ERR,ERR,ERR,ERR,ERR,ERR,ERR,ERR,ERR,ERR,ERR,ERR,ERR,ERR,ERR,ERR,ERR,ERR,ERR,ERR,ERR,ERR,ERR,ERR,ERR,ERR,ERR,ERR,ERR,ERR,ERR,ERR,ERR,ERR,ERR,ERR,ERR,ERR,ERR,ERR,ERR,ERR,ERR,ERR,ERR,ERR,ERR,ERR,ERR,ERR,ERR,ERR,ERR,ERR,ERR,ERR,ERR,ERR,ERR,ERR,ERR,ERR,ERR,ERR,ERR,ERR,ERR,ERR,ERR,ERR,ERR,ERR,ERR,ERR,ERR,ERR,ERR,ERR,ERR,ERR,0.0,-0.0,3.028208139652935e+23,0.0,0.0,1.3936040501711995e+18,7.805,0.0,0,0,4,0,7300,-0.0,0,0.0,0.0,0.0,0.0,0.0,0,0,0,0,0.0,0,0,0,0,0,0,0,0,0,0,0,0,0,0,0,0,0,0,0,0,0,0,0,0,0,0,0,0,0,0,0,0,0,32,30,30,62,65476,0,300,0,0,8,21553,0.0,-107605600.0,0.0,0.0,0.0,0.0,0.0,0.0,0.0,0.0,0.0,0.0,0.0,0.0,0.0,0.0,0.0,0.0,0.0,0.0,0.0,0.0,2.004,-2.004,-0.0,-2.004,0.0,0.0,0.0,0.0,5433.0,-0.0,6960.0,0.0,-0.0,-107615280.0,-0.0,0.0,0.0,0.0,0.0,63,0.0,-4.950407707648602e+32,0.0,0.0,0.0,0.0,0.0,0.0,0.0,0,0,0,0.0,0.0,0.0,0.0,0.0,0.0,0.0,0.0,0.0,0.0,0.0,0.0,0.0,0.0,0.0,0.0,0,-107875648.0,63,0.0,126,2.7184242562605685e+23,-0.0,ERR,ERR,ERR,ERR,ERR,ERR,ERR,ERR,ERR,ERR,ERR,ERR,ERR,ERR,ERR,ERR,ERR,ERR,ERR,ERR,ERR,ERR,ERR,ERR,ERR,ERR,ERR,ERR,ERR,ERR,ERR,ERR,ERR,ERR,ERR,ERR,ERR,ERR,ERR,ERR,ERR,ERR,ERR,ERR,ERR,ERR,ERR,ERR,ERR,ERR,ERR,ERR,ERR,ERR,ERR,ERR,ERR,ERR,ERR,ERR,ERR,ERR,ERR,ERR,ERR,ERR,ERR,34.0,80.0,35,0.0,0.0,0.0,0.0,0.0,0.0,0.0,0.0,0.0,0.0,0.0,0.0,0.0,0.0,0.0,0.0,64.4,0,116,56,49,65476,0,300,0,0,8,20529,65476,0,0,57672,80.0,0.0,0.0,0.0,0.0,0.0
2026-06-17T04:39:00,ERR,ERR,ERR,ERR,ERR,ERR,ERR,ERR,ERR,ERR,ERR,ERR,ERR,ERR,ERR,ERR,ERR,ERR,ERR,ERR,ERR,ERR,ERR,ERR,ERR,ERR,ERR,ERR,ERR,ERR,ERR,ERR,ERR,ERR,ERR,ERR,ERR,ERR,ERR,ERR,ERR,ERR,ERR,ERR,ERR,ERR,ERR,ERR,ERR,ERR,ERR,ERR,ERR,ERR,ERR,ERR,ERR,ERR,ERR,ERR,ERR,ERR,ERR,ERR,ERR,ERR,ERR,ERR,ERR,ERR,ERR,ERR,ERR,ERR,ERR,ERR,ERR,ERR,ERR,ERR,ERR,ERR,ERR,ERR,ERR,ERR,ERR,ERR,ERR,ERR,ERR,ERR,ERR,ERR,ERR,ERR,ERR,ERR,ERR,ERR,ERR,ERR,ERR,ERR,ERR,ERR,ERR,ERR,ERR,ERR,ERR,ERR,ERR,ERR,ERR,ERR,ERR,ERR,ERR,ERR,ERR,ERR,ERR,ERR,ERR,0.0,-0.0,3.028208139652935e+23,0.0,0.0,1.3936040501711995e+18,7.805,0.0,0,0,4,0,7300,-0.0,0,0.0,0.0,0.0,0.0,0.0,0,0,0,0,0.0,0,0,0,0,0,0,0,0,0,0,0,0,0,0,0,0,0,0,0,0,0,0,0,0,0,0,0,0,0,0,0,0,0,32,30,30,62,65476,0,300,0,0,8,21553,0.0,-107605600.0,0.0,0.0,0.0,0.0,0.0,0.0,0.0,0.0,0.0,0.0,0.0,0.0,0.0,0.0,0.0,0.0,0.0,0.0,0.0,0.0,2.004,-2.004,-0.0,-2.004,0.0,0.0,0.0,0.0,5433.0,-0.0,6960.0,0.0,-0.0,-107615280.0,-0.0,0.0,0.0,0.0,0.0,63,0.0,-4.950407707648602e+32,0.0,0.0,0.0,0.0,0.0,0.0,0.0,0,0,0,0.0,0.0,0.0,0.0,0.0,0.0,0.0,0.0,0.0,0.0,0.0,0.0,0.0,0.0,0.0,0.0,0,-107875648.0,63,0.0,126,2.7184242562605685e+23,-0.0,ERR,ERR,ERR,ERR,ERR,ERR,ERR,ERR,ERR,ERR,ERR,ERR,ERR,ERR,ERR,ERR,ERR,ERR,ERR,ERR,ERR,ERR,ERR,ERR,ERR,ERR,ERR,ERR,ERR,ERR,ERR,ERR,ERR,ERR,ERR,ERR,ERR,ERR,ERR,ERR,ERR,ERR,ERR,ERR,ERR,ERR,ERR,ERR,ERR,ERR,ERR,ERR,ERR,ERR,ERR,ERR,ERR,ERR,ERR,ERR,ERR,ERR,ERR,ERR,ERR,ERR,ERR,34.0,80.0,35,0.0,0.0,0.0,0.0,0.0,0.0,0.0,0.0,0.0,0.0,0.0,0.0,0.0,0.0,0.0,0.0,64.4,0,116,56,49,65476,0,300,0,0,8,20529,65476,0,0,57672,80.0,0.0,0.0,0.0,0.0,0.0
2026-06-17T04:39:01,ERR,ERR,ERR,ERR,ERR,ERR,ERR,ERR,ERR,ERR,ERR,ERR,ERR,ERR,ERR,ERR,ERR,ERR,ERR,ERR,ERR,ERR,ERR,ERR,ERR,ERR,ERR,ERR,ERR,ERR,ERR,ERR,ERR,ERR,ERR,ERR,ERR,ERR,ERR,ERR,ERR,ERR,ERR,ERR,ERR,ERR,ERR,ERR,ERR,ERR,ERR,ERR,ERR,ERR,ERR,ERR,ERR,ERR,ERR,ERR,ERR,ERR,ERR,ERR,ERR,ERR,ERR,ERR,ERR,ERR,ERR,ERR,ERR,ERR,ERR,ERR,ERR,ERR,ERR,ERR,ERR,ERR,ERR,ERR,ERR,ERR,ERR,ERR,ERR,ERR,ERR,ERR,ERR,ERR,ERR,ERR,ERR,ERR,ERR,ERR,ERR,ERR,ERR,ERR,ERR,ERR,ERR,ERR,ERR,ERR,ERR,ERR,ERR,ERR,ERR,ERR,ERR,ERR,ERR,ERR,ERR,ERR,ERR,ERR,ERR,0.0,-0.0,3.028208139652935e+23,0.0,0.0,1.3936040501711995e+18,7.805,0.0,0,0,4,0,7300,-0.0,0,0.0,0.0,0.0,0.0,0.0,0,0,0,0,0.0,0,0,0,0,0,0,0,0,0,0,0,0,0,0,0,0,0,0,0,0,0,0,0,0,0,0,0,0,0,0,0,0,0,32,30,30,62,65476,0,300,0,0,8,21553,0.0,-107605600.0,0.0,0.0,0.0,0.0,0.0,0.0,0.0,0.0,0.0,0.0,0.0,0.0,0.0,0.0,0.0,0.0,0.0,0.0,0.0,0.0,2.004,-2.004,-0.0,-2.004,0.0,0.0,0.0,0.0,5433.0,-0.0,6960.0,0.0,-0.0,-107615280.0,-0.0,0.0,0.0,0.0,0.0,63,0.0,-4.950407707648602e+32,0.0,0.0,0.0,0.0,0.0,0.0,0.0,0,0,0,0.0,0.0,0.0,0.0,0.0,0.0,0.0,0.0,0.0,0.0,0.0,0.0,0.0,0.0,0.0,0.0,0,-107875648.0,63,0.0,126,2.7184242562605685e+23,-0.0,ERR,ERR,ERR,ERR,ERR,ERR,ERR,ERR,ERR,ERR,ERR,ERR,ERR,ERR,ERR,ERR,ERR,ERR,ERR,ERR,ERR,ERR,ERR,ERR,ERR,ERR,ERR,ERR,ERR,ERR,ERR,ERR,ERR,ERR,ERR,ERR,ERR,ERR,ERR,ERR,ERR,ERR,ERR,ERR,ERR,ERR,ERR,ERR,ERR,ERR,ERR,ERR,ERR,ERR,ERR,ERR,ERR,ERR,ERR,ERR,ERR,ERR,ERR,ERR,ERR,ERR,ERR,34.0,80.0,35,0.0,0.0,0.0,0.0,0.0,0.0,0.0,0.0,0.0,0.0,0.0,0.0,0.0,0.0,0.0,0.0,64.4,0,116,56,49,65476,0,300,0,0,8,20529,65476,0,0,57672,80.0,0.0,0.0,0.0,0.0,0.0
2026-06-17T04:39:02,ERR,ERR,ERR,ERR,ERR,ERR,ERR,ERR,ERR,ERR,ERR,ERR,ERR,ERR,ERR,ERR,ERR,ERR,ERR,ERR,ERR,ERR,ERR,ERR,ERR,ERR,ERR,ERR,ERR,ERR,ERR,ERR,ERR,ERR,ERR,ERR,ERR,ERR,ERR,ERR,ERR,ERR,ERR,ERR,ERR,ERR,ERR,ERR,ERR,ERR,ERR,ERR,ERR,ERR,ERR,ERR,ERR,ERR,ERR,ERR,ERR,ERR,ERR,ERR,ERR,ERR,ERR,ERR,ERR,ERR,ERR,ERR,ERR,ERR,ERR,ERR,ERR,ERR,ERR,ERR,ERR,ERR,ERR,ERR,ERR,ERR,ERR,ERR,ERR,ERR,ERR,ERR,ERR,ERR,ERR,ERR,ERR,ERR,ERR,ERR,ERR,ERR,ERR,ERR,ERR,ERR,ERR,ERR,ERR,ERR,ERR,ERR,ERR,ERR,ERR,ERR,ERR,ERR,ERR,ERR,ERR,ERR,ERR,ERR,ERR,0.0,-0.0,3.028208139652935e+23,0.0,0.0,1.3936040501711995e+18,7.805,0.0,0,0,4,0,7300,-0.0,0,0.0,0.0,0.0,0.0,0.0,0,0,0,0,0.0,0,0,0,0,0,0,0,0,0,0,0,0,0,0,0,0,0,0,0,0,0,0,0,0,0,0,0,0,0,0,0,0,0,32,30,30,62,65476,0,300,0,0,8,21553,0.0,-107605600.0,0.0,0.0,0.0,0.0,0.0,0.0,0.0,0.0,0.0,0.0,0.0,0.0,0.0,0.0,0.0,0.0,0.0,0.0,0.0,0.0,2.004,-2.004,-0.0,-2.004,0.0,0.0,0.0,0.0,5433.0,-0.0,6960.0,0.0,-0.0,-107615280.0,-0.0,0.0,0.0,0.0,0.0,63,0.0,-4.950407707648602e+32,0.0,0.0,0.0,0.0,0.0,0.0,0.0,0,0,0,0.0,0.0,0.0,0.0,0.0,0.0,0.0,0.0,0.0,0.0,0.0,0.0,0.0,0.0,0.0,0.0,0,-107875648.0,63,0.0,126,2.7184242562605685e+23,-0.0,ERR,ERR,ERR,ERR,ERR,ERR,ERR,ERR,ERR,ERR,ERR,ERR,ERR,ERR,ERR,ERR,ERR,ERR,ERR,ERR,ERR,ERR,ERR,ERR,ERR,ERR,ERR,ERR,ERR,ERR,ERR,ERR,ERR,ERR,ERR,ERR,ERR,ERR,ERR,ERR,ERR,ERR,ERR,ERR,ERR,ERR,ERR,ERR,ERR,ERR,ERR,ERR,ERR,ERR,ERR,ERR,ERR,ERR,ERR,ERR,ERR,ERR,ERR,ERR,ERR,ERR,ERR,34.0,80.0,35,0.0,0.0,0.0,0.0,0.0,0.0,0.0,0.0,0.0,0.0,0.0,0.0,0.0,0.0,0.0,0.0,64.4,0,116,56,49,65476,0,300,0,0,8,20529,65476,0,0,57672,80.0,0.0,0.0,0.0,0.0,0.0
2026-06-17T04:39:03,ERR,ERR,ERR,ERR,ERR,ERR,ERR,ERR,ERR,ERR,ERR,ERR,ERR,ERR,ERR,ERR,ERR,ERR,ERR,ERR,ERR,ERR,ERR,ERR,ERR,ERR,ERR,ERR,ERR,ERR,ERR,ERR,ERR,ERR,ERR,ERR,ERR,ERR,ERR,ERR,ERR,ERR,ERR,ERR,ERR,ERR,ERR,ERR,ERR,ERR,ERR,ERR,ERR,ERR,ERR,ERR,ERR,ERR,ERR,ERR,ERR,ERR,ERR,ERR,ERR,ERR,ERR,ERR,ERR,ERR,ERR,ERR,ERR,ERR,ERR,ERR,ERR,ERR,ERR,ERR,ERR,ERR,ERR,ERR,ERR,ERR,ERR,ERR,ERR,ERR,ERR,ERR,ERR,ERR,ERR,ERR,ERR,ERR,ERR,ERR,ERR,ERR,ERR,ERR,ERR,ERR,ERR,ERR,ERR,ERR,ERR,ERR,ERR,ERR,ERR,ERR,ERR,ERR,ERR,ERR,ERR,ERR,ERR,ERR,ERR,0.0,-0.0,3.028208139652935e+23,0.0,0.0,1.3936040501711995e+18,7.805,0.0,0,0,4,0,7300,-0.0,0,0.0,0.0,0.0,0.0,0.0,0,0,0,0,0.0,0,0,0,0,0,0,0,0,0,0,0,0,0,0,0,0,0,0,0,0,0,0,0,0,0,0,0,0,0,0,0,0,0,32,30,30,62,65476,0,300,0,0,8,21553,0.0,-107605600.0,0.0,0.0,0.0,0.0,0.0,0.0,0.0,0.0,0.0,0.0,0.0,0.0,0.0,0.0,0.0,0.0,0.0,0.0,0.0,0.0,2.004,-2.004,-0.0,-2.004,0.0,0.0,0.0,0.0,5436.0,8608195584.0,6954.0,0.0,-0.0,-107615280.0,-0.0,0.0,0.0,0.0,0.0,63,0.0,-0.0,0.0,0.0,0.0,0.0,0.0,0.0,0.0,0,0,0,0.0,0.0,0.0,0.0,0.0,0.0,0.0,0.0,0.0,0.0,0.0,0.0,0.0,0.0,0.0,0.0,0,-107875648.0,63,0.0,126,2.7184242562605685e+23,-0.0,ERR,ERR,ERR,ERR,ERR,ERR,ERR,ERR,ERR,ERR,ERR,ERR,ERR,ERR,ERR,ERR,ERR,ERR,ERR,ERR,ERR,ERR,ERR,ERR,ERR,ERR,ERR,ERR,ERR,ERR,ERR,ERR,ERR,ERR,ERR,ERR,ERR,ERR,ERR,ERR,ERR,ERR,ERR,ERR,ERR,ERR,ERR,ERR,ERR,ERR,ERR,ERR,ERR,ERR,ERR,ERR,ERR,ERR,ERR,ERR,ERR,ERR,ERR,ERR,ERR,ERR,ERR,34.0,80.0,35,0.0,0.0,0.0,0.0,0.0,0.0,0.0,0.0,0.0,0.0,0.0,0.0,0.0,0.0,0.0,0.0,64.4,0,116,56,49,65476,0,300,0,0,8,20529,65476,0,0,57672,80.0,0.0,0.0,0.0,0.0,0.0
2026-06-17T04:39:04,ERR,ERR,ERR,ERR,ERR,ERR,ERR,ERR,ERR,ERR,ERR,ERR,ERR,ERR,ERR,ERR,ERR,ERR,ERR,ERR,ERR,ERR,ERR,ERR,ERR,ERR,ERR,ERR,ERR,ERR,ERR,ERR,ERR,ERR,ERR,ERR,ERR,ERR,ERR,ERR,ERR,ERR,ERR,ERR,ERR,ERR,ERR,ERR,ERR,ERR,ERR,ERR,ERR,ERR,ERR,ERR,ERR,ERR,ERR,ERR,ERR,ERR,ERR,ERR,ERR,ERR,ERR,ERR,ERR,ERR,ERR,ERR,ERR,ERR,ERR,ERR,ERR,ERR,ERR,ERR,ERR,ERR,ERR,ERR,ERR,ERR,ERR,ERR,ERR,ERR,ERR,ERR,ERR,ERR,ERR,ERR,ERR,ERR,ERR,ERR,ERR,ERR,ERR,ERR,ERR,ERR,ERR,ERR,ERR,ERR,ERR,ERR,ERR,ERR,ERR,ERR,ERR,ERR,ERR,ERR,ERR,ERR,ERR,ERR,ERR,0.0,-0.0,3.028208139652935e+23,0.0,0.0,1.3936040501711995e+18,7.805,0.0,0,0,4,0,7300,-0.0,0,0.0,0.0,0.0,0.0,0.0,0,0,0,0,0.0,0,0,0,0,0,0,0,0,0,0,0,0,0,0,0,0,0,0,0,0,0,0,0,0,0,0,0,0,0,0,0,0,0,32,30,30,62,65476,0,300,0,0,8,21553,0.0,-107605600.0,0.0,0.0,0.0,0.0,0.0,0.0,0.0,0.0,0.0,0.0,0.0,0.0,0.0,0.0,0.0,0.0,0.0,0.0,0.0,0.0,2.004,-2.004,-0.0,-2.004,0.0,0.0,0.0,0.0,5436.0,8608195584.0,6954.0,0.0,-0.0,-107615280.0,-0.0,0.0,0.0,0.0,0.0,63,0.0,-0.0,0.0,0.0,0.0,0.0,0.0,0.0,0.0,0,0,0,0.0,0.0,0.0,0.0,0.0,0.0,0.0,0.0,0.0,0.0,0.0,0.0,0.0,0.0,0.0,0.0,0,-107875648.0,63,0.0,126,2.7184242562605685e+23,-0.0,ERR,ERR,ERR,ERR,ERR,ERR,ERR,ERR,ERR,ERR,ERR,ERR,ERR,ERR,ERR,ERR,ERR,ERR,ERR,ERR,ERR,ERR,ERR,ERR,ERR,ERR,ERR,ERR,ERR,ERR,ERR,ERR,ERR,ERR,ERR,ERR,ERR,ERR,ERR,ERR,ERR,ERR,ERR,ERR,ERR,ERR,ERR,ERR,ERR,ERR,ERR,ERR,ERR,ERR,ERR,ERR,ERR,ERR,ERR,ERR,ERR,ERR,ERR,ERR,ERR,ERR,ERR,34.0,80.0,35,0.0,0.0,0.0,0.0,0.0,0.0,0.0,0.0,0.0,0.0,0.0,0.0,0.0,0.0,0.0,0.0,64.4,0,116,56,49,65476,0,300,0,0,8,20529,65476,0,0,57672,80.0,0.0,0.0,0.0,0.0,0.0
2026-06-17T04:39:05,ERR,ERR,ERR,ERR,ERR,ERR,ERR,ERR,ERR,ERR,ERR,ERR,ERR,ERR,ERR,ERR,ERR,ERR,ERR,ERR,ERR,ERR,ERR,ERR,ERR,ERR,ERR,ERR,ERR,ERR,ERR,ERR,ERR,ERR,ERR,ERR,ERR,ERR,ERR,ERR,ERR,ERR,ERR,ERR,ERR,ERR,ERR,ERR,ERR,ERR,ERR,ERR,ERR,ERR,ERR,ERR,ERR,ERR,ERR,ERR,ERR,ERR,ERR,ERR,ERR,ERR,ERR,ERR,ERR,ERR,ERR,ERR,ERR,ERR,ERR,ERR,ERR,ERR,ERR,ERR,ERR,ERR,ERR,ERR,ERR,ERR,ERR,ERR,ERR,ERR,ERR,ERR,ERR,ERR,ERR,ERR,ERR,ERR,ERR,ERR,ERR,ERR,ERR,ERR,ERR,ERR,ERR,ERR,ERR,ERR,ERR,ERR,ERR,ERR,ERR,ERR,ERR,ERR,ERR,ERR,ERR,ERR,ERR,ERR,ERR,0.0,-0.0,3.028208139652935e+23,0.0,0.0,1.3936040501711995e+18,7.805,0.0,0,0,4,0,7300,-0.0,0,0.0,0.0,0.0,0.0,0.0,0,0,0,0,0.0,0,0,0,0,0,0,0,0,0,0,0,0,0,0,0,0,0,0,0,0,0,0,0,0,0,0,0,0,0,0,0,0,0,32,30,30,62,65476,0,300,0,0,8,21553,0.0,-107605600.0,0.0,0.0,0.0,0.0,0.0,0.0,0.0,0.0,0.0,0.0,0.0,0.0,0.0,0.0,0.0,0.0,0.0,0.0,0.0,0.0,2.004,-2.004,-0.0,-2.004,0.0,0.0,0.0,0.0,5436.0,8608195584.0,6954.0,0.0,-0.0,-107615280.0,-0.0,0.0,0.0,0.0,0.0,63,0.0,-0.0,0.0,0.0,0.0,0.0,0.0,0.0,0.0,0,0,0,0.0,0.0,0.0,0.0,0.0,0.0,0.0,0.0,0.0,0.0,0.0,0.0,0.0,0.0,0.0,0.0,0,-107875648.0,63,0.0,126,2.7184242562605685e+23,-0.0,ERR,ERR,ERR,ERR,ERR,ERR,ERR,ERR,ERR,ERR,ERR,ERR,ERR,ERR,ERR,ERR,ERR,ERR,ERR,ERR,ERR,ERR,ERR,ERR,ERR,ERR,ERR,ERR,ERR,ERR,ERR,ERR,ERR,ERR,ERR,ERR,ERR,ERR,ERR,ERR,ERR,ERR,ERR,ERR,ERR,ERR,ERR,ERR,ERR,ERR,ERR,ERR,ERR,ERR,ERR,ERR,ERR,ERR,ERR,ERR,ERR,ERR,ERR,ERR,ERR,ERR,ERR,34.0,80.0,35,0.0,0.0,0.0,0.0,0.0,0.0,0.0,0.0,0.0,0.0,0.0,0.0,0.0,0.0,0.0,0.0,64.8,0,116,56,49,65476,0,300,0,0,8,20529,65476,0,0,57672,80.0,0.0,0.0,0.0,0.0,0.0
2026-06-17T04:39:06,ERR,ERR,ERR,ERR,ERR,ERR,ERR,ERR,ERR,ERR,ERR,ERR,ERR,ERR,ERR,ERR,ERR,ERR,ERR,ERR,ERR,ERR,ERR,ERR,ERR,ERR,ERR,ERR,ERR,ERR,ERR,ERR,ERR,ERR,ERR,ERR,ERR,ERR,ERR,ERR,ERR,ERR,ERR,ERR,ERR,ERR,ERR,ERR,ERR,ERR,ERR,ERR,ERR,ERR,ERR,ERR,ERR,ERR,ERR,ERR,ERR,ERR,ERR,ERR,ERR,ERR,ERR,ERR,ERR,ERR,ERR,ERR,ERR,ERR,ERR,ERR,ERR,ERR,ERR,ERR,ERR,ERR,ERR,ERR,ERR,ERR,ERR,ERR,ERR,ERR,ERR,ERR,ERR,ERR,ERR,ERR,ERR,ERR,ERR,ERR,ERR,ERR,ERR,ERR,ERR,ERR,ERR,ERR,ERR,ERR,ERR,ERR,ERR,ERR,ERR,ERR,ERR,ERR,ERR,ERR,ERR,ERR,ERR,ERR,ERR,0.0,-0.0,3.028208139652935e+23,0.0,0.0,1.3936040501711995e+18,7.805,0.0,0,0,4,0,7300,-0.0,0,0.0,0.0,0.0,0.0,0.0,0,0,0,0,0.0,0,0,0,0,0,0,0,0,0,0,0,0,0,0,0,0,0,0,0,0,0,0,0,0,0,0,0,0,0,0,0,0,0,32,30,30,62,65476,0,300,0,0,8,21553,0.0,-107605600.0,0.0,0.0,0.0,0.0,0.0,0.0,0.0,0.0,0.0,0.0,0.0,0.0,0.0,0.0,0.0,0.0,0.0,0.0,0.0,0.0,2.004,-2.004,-0.0,-2.004,0.0,0.0,0.0,0.0,5436.0,8608195584.0,6954.0,0.0,-0.0,-107615280.0,-0.0,0.0,0.0,0.0,0.0,63,0.0,-0.0,0.0,0.0,0.0,0.0,0.0,0.0,0.0,0,0,0,0.0,0.0,0.0,0.0,0.0,0.0,0.0,0.0,0.0,0.0,0.0,0.0,0.0,0.0,0.0,0.0,0,-107875648.0,63,0.0,126,2.7184242562605685e+23,-0.0,ERR,ERR,ERR,ERR,ERR,ERR,ERR,ERR,ERR,ERR,ERR,ERR,ERR,ERR,ERR,ERR,ERR,ERR,ERR,ERR,ERR,ERR,ERR,ERR,ERR,ERR,ERR,ERR,ERR,ERR,ERR,ERR,ERR,ERR,ERR,ERR,ERR,ERR,ERR,ERR,ERR,ERR,ERR,ERR,ERR,ERR,ERR,ERR,ERR,ERR,ERR,ERR,ERR,ERR,ERR,ERR,ERR,ERR,ERR,ERR,ERR,ERR,ERR,ERR,ERR,ERR,ERR,34.0,80.0,35,0.0,0.0,0.0,0.0,0.0,0.0,0.0,0.0,0.0,0.0,0.0,0.0,0.0,0.0,0.0,0.0,64.8,0,116,56,49,65476,0,300,0,0,8,20529,65476,0,0,57672,80.0,0.0,0.0,0.0,0.0,0.0
2026-06-17T04:39:07,ERR,ERR,ERR,ERR,ERR,ERR,ERR,ERR,ERR,ERR,ERR,ERR,ERR,ERR,ERR,ERR,ERR,ERR,ERR,ERR,ERR,ERR,ERR,ERR,ERR,ERR,ERR,ERR,ERR,ERR,ERR,ERR,ERR,ERR,ERR,ERR,ERR,ERR,ERR,ERR,ERR,ERR,ERR,ERR,ERR,ERR,ERR,ERR,ERR,ERR,ERR,ERR,ERR,ERR,ERR,ERR,ERR,ERR,ERR,ERR,ERR,ERR,ERR,ERR,ERR,ERR,ERR,ERR,ERR,ERR,ERR,ERR,ERR,ERR,ERR,ERR,ERR,ERR,ERR,ERR,ERR,ERR,ERR,ERR,ERR,ERR,ERR,ERR,ERR,ERR,ERR,ERR,ERR,ERR,ERR,ERR,ERR,ERR,ERR,ERR,ERR,ERR,ERR,ERR,ERR,ERR,ERR,ERR,ERR,ERR,ERR,ERR,ERR,ERR,ERR,ERR,ERR,ERR,ERR,ERR,ERR,ERR,ERR,ERR,ERR,0.0,-0.0,3.028208139652935e+23,0.0,0.0,1.3936040501711995e+18,7.805,0.0,0,0,4,0,7300,-0.0,0,0.0,0.0,0.0,0.0,0.0,0,0,0,0,0.0,0,0,0,0,0,0,0,0,0,0,0,0,0,0,0,0,0,0,0,0,0,0,0,0,0,0,0,0,0,0,0,0,0,32,30,30,62,65476,0,300,0,0,8,21553,0.0,-107605600.0,0.0,0.0,0.0,0.0,0.0,0.0,0.0,0.0,0.0,0.0,0.0,0.0,0.0,0.0,0.0,0.0,0.0,0.0,0.0,0.0,2.004,-2.004,-0.0,-2.004,0.0,0.0,0.0,0.0,5436.0,8608195584.0,6954.0,0.0,-0.0,-107615280.0,-0.0,0.0,0.0,0.0,0.0,63,0.0,-0.0,0.0,0.0,0.0,0.0,0.0,0.0,0.0,0,0,0,0.0,0.0,0.0,0.0,0.0,0.0,0.0,0.0,0.0,0.0,0.0,0.0,0.0,0.0,0.0,0.0,0,-107875648.0,63,0.0,126,2.7184242562605685e+23,-0.0,ERR,ERR,ERR,ERR,ERR,ERR,ERR,ERR,ERR,ERR,ERR,ERR,ERR,ERR,ERR,ERR,ERR,ERR,ERR,ERR,ERR,ERR,ERR,ERR,ERR,ERR,ERR,ERR,ERR,ERR,ERR,ERR,ERR,ERR,ERR,ERR,ERR,ERR,ERR,ERR,ERR,ERR,ERR,ERR,ERR,ERR,ERR,ERR,ERR,ERR,ERR,ERR,ERR,ERR,ERR,ERR,ERR,ERR,ERR,ERR,ERR,ERR,ERR,ERR,ERR,ERR,ERR,34.0,80.0,35,0.0,0.0,0.0,0.0,0.0,0.0,0.0,0.0,0.0,0.0,0.0,0.0,0.0,0.0,0.0,0.0,64.4,0,116,56,49,65476,0,300,0,0,8,20529,65476,0,0,57672,80.0,0.0,0.0,0.0,0.0,0.0
2026-06-17T04:39:08,ERR,ERR,ERR,ERR,ERR,ERR,ERR,ERR,ERR,ERR,ERR,ERR,ERR,ERR,ERR,ERR,ERR,ERR,ERR,ERR,ERR,ERR,ERR,ERR,ERR,ERR,ERR,ERR,ERR,ERR,ERR,ERR,ERR,ERR,ERR,ERR,ERR,ERR,ERR,ERR,ERR,ERR,ERR,ERR,ERR,ERR,ERR,ERR,ERR,ERR,ERR,ERR,ERR,ERR,ERR,ERR,ERR,ERR,ERR,ERR,ERR,ERR,ERR,ERR,ERR,ERR,ERR,ERR,ERR,ERR,ERR,ERR,ERR,ERR,ERR,ERR,ERR,ERR,ERR,ERR,ERR,ERR,ERR,ERR,ERR,ERR,ERR,ERR,ERR,ERR,ERR,ERR,ERR,ERR,ERR,ERR,ERR,ERR,ERR,ERR,ERR,ERR,ERR,ERR,ERR,ERR,ERR,ERR,ERR,ERR,ERR,ERR,ERR,ERR,ERR,ERR,ERR,ERR,ERR,ERR,ERR,ERR,ERR,ERR,ERR,0.0,-0.0,3.028208139652935e+23,0.0,0.0,1.3936040501711995e+18,7.805,0.0,0,0,4,0,7300,-0.0,0,0.0,0.0,0.0,0.0,0.0,0,0,0,0,0.0,0,0,0,0,0,0,0,0,0,0,0,0,0,0,0,0,0,0,0,0,0,0,0,0,0,0,0,0,0,0,0,0,0,32,30,30,62,65476,0,300,0,0,8,21553,0.0,-107605600.0,0.0,0.0,0.0,0.0,0.0,0.0,0.0,0.0,0.0,0.0,0.0,0.0,0.0,0.0,0.0,0.0,0.0,0.0,0.0,0.0,2.004,-2.004,-0.0,-2.004,0.0,0.0,0.0,0.0,5436.0,8608195584.0,6954.0,0.0,-0.0,-107615280.0,-0.0,0.0,0.0,0.0,0.0,63,0.0,-0.0,0.0,0.0,0.0,0.0,0.0,0.0,0.0,0,0,0,0.0,0.0,0.0,0.0,0.0,0.0,0.0,0.0,0.0,0.0,0.0,0.0,0.0,0.0,0.0,0.0,0,-107875648.0,63,0.0,126,2.7184242562605685e+23,-0.0,ERR,ERR,ERR,ERR,ERR,ERR,ERR,ERR,ERR,ERR,ERR,ERR,ERR,ERR,ERR,ERR,ERR,ERR,ERR,ERR,ERR,ERR,ERR,ERR,ERR,ERR,ERR,ERR,ERR,ERR,ERR,ERR,ERR,ERR,ERR,ERR,ERR,ERR,ERR,ERR,ERR,ERR,ERR,ERR,ERR,ERR,ERR,ERR,ERR,ERR,ERR,ERR,ERR,ERR,ERR,ERR,ERR,ERR,ERR,ERR,ERR,ERR,ERR,ERR,ERR,ERR,ERR,34.0,80.0,35,0.0,0.0,0.0,0.0,0.0,0.0,0.0,0.0,0.0,0.0,0.0,0.0,0.0,0.0,0.0,0.0,64.4,0,116,56,49,65476,0,300,0,0,8,20529,65476,0,0,57672,80.0,0.0,0.0,0.0,0.0,0.0
2026-06-17T04:39:09,ERR,ERR,ERR,ERR,ERR,ERR,ERR,ERR,ERR,ERR,ERR,ERR,ERR,ERR,ERR,ERR,ERR,ERR,ERR,ERR,ERR,ERR,ERR,ERR,ERR,ERR,ERR,ERR,ERR,ERR,ERR,ERR,ERR,ERR,ERR,ERR,ERR,ERR,ERR,ERR,ERR,ERR,ERR,ERR,ERR,ERR,ERR,ERR,ERR,ERR,ERR,ERR,ERR,ERR,ERR,ERR,ERR,ERR,ERR,ERR,ERR,ERR,ERR,ERR,ERR,ERR,ERR,ERR,ERR,ERR,ERR,ERR,ERR,ERR,ERR,ERR,ERR,ERR,ERR,ERR,ERR,ERR,ERR,ERR,ERR,ERR,ERR,ERR,ERR,ERR,ERR,ERR,ERR,ERR,ERR,ERR,ERR,ERR,ERR,ERR,ERR,ERR,ERR,ERR,ERR,ERR,ERR,ERR,ERR,ERR,ERR,ERR,ERR,ERR,ERR,ERR,ERR,ERR,ERR,ERR,ERR,ERR,ERR,ERR,ERR,0.0,-0.0,3.028208139652935e+23,0.0,0.0,1.3936040501711995e+18,7.805,0.0,0,0,4,0,7300,-0.0,0,0.0,0.0,0.0,0.0,0.0,0,0,0,0,0.0,0,0,0,0,0,0,0,0,0,0,0,0,0,0,0,0,0,0,0,0,0,0,0,0,0,0,0,0,0,0,0,0,0,32,30,30,62,65476,0,300,0,0,8,21553,0.0,-107605600.0,0.0,0.0,0.0,0.0,0.0,0.0,0.0,0.0,0.0,0.0,0.0,0.0,0.0,0.0,0.0,0.0,0.0,0.0,0.0,0.0,2.004,-2.004,-0.0,-2.004,0.0,0.0,0.0,0.0,5436.0,3.697191851085162e+19,6956.0,0.0,-0.0,-107615280.0,-0.0,0.0,0.0,0.0,0.0,63,0.0,-107614912.0,0.0,0.0,0.0,0.0,0.0,0.0,0.0,0,0,0,0.0,0.0,0.0,0.0,0.0,0.0,0.0,0.0,0.0,0.0,0.0,0.0,0.0,0.0,0.0,0.0,0,-107875648.0,63,0.0,126,2.7184242562605685e+23,-0.0,ERR,ERR,ERR,ERR,ERR,ERR,ERR,ERR,ERR,ERR,ERR,ERR,ERR,ERR,ERR,ERR,ERR,ERR,ERR,ERR,ERR,ERR,ERR,ERR,ERR,ERR,ERR,ERR,ERR,ERR,ERR,ERR,ERR,ERR,ERR,ERR,ERR,ERR,ERR,ERR,ERR,ERR,ERR,ERR,ERR,ERR,ERR,ERR,ERR,ERR,ERR,ERR,ERR,ERR,ERR,ERR,ERR,ERR,ERR,ERR,ERR,ERR,ERR,ERR,ERR,ERR,ERR,34.0,80.0,35,0.0,0.0,0.0,0.0,0.0,0.0,0.0,0.0,0.0,0.0,0.0,0.0,0.0,0.0,0.0,0.0,64.8,0,116,56,49,65476,0,300,0,0,8,20529,65476,0,0,57672,80.0,0.0,0.0,0.0,0.0,0.0
2026-06-17T04:39:10,ERR,ERR,ERR,ERR,ERR,ERR,ERR,ERR,ERR,ERR,ERR,ERR,ERR,ERR,ERR,ERR,ERR,ERR,ERR,ERR,ERR,ERR,ERR,ERR,ERR,ERR,ERR,ERR,ERR,ERR,ERR,ERR,ERR,ERR,ERR,ERR,ERR,ERR,ERR,ERR,ERR,ERR,ERR,ERR,ERR,ERR,ERR,ERR,ERR,ERR,ERR,ERR,ERR,ERR,ERR,ERR,ERR,ERR,ERR,ERR,ERR,ERR,ERR,ERR,ERR,ERR,ERR,ERR,ERR,ERR,ERR,ERR,ERR,ERR,ERR,ERR,ERR,ERR,ERR,ERR,ERR,ERR,ERR,ERR,ERR,ERR,ERR,ERR,ERR,ERR,ERR,ERR,ERR,ERR,ERR,ERR,ERR,ERR,ERR,ERR,ERR,ERR,ERR,ERR,ERR,ERR,ERR,ERR,ERR,ERR,ERR,ERR,ERR,ERR,ERR,ERR,ERR,ERR,ERR,ERR,ERR,ERR,ERR,ERR,ERR,0.0,-0.0,3.028208139652935e+23,0.0,0.0,1.3936040501711995e+18,7.805,0.0,0,0,4,0,7300,-0.0,0,0.0,0.0,0.0,0.0,0.0,0,0,0,0,0.0,0,0,0,0,0,0,0,0,0,0,0,0,0,0,0,0,0,0,0,0,0,0,0,0,0,0,0,0,0,0,0,0,0,32,30,30,62,65476,0,300,0,0,8,21553,0.0,-107605600.0,0.0,0.0,0.0,0.0,0.0,0.0,0.0,0.0,0.0,0.0,0.0,0.0,0.0,0.0,0.0,0.0,0.0,0.0,0.0,0.0,2.004,-2.004,-0.0,-2.004,0.0,0.0,0.0,0.0,5436.0,3.697191851085162e+19,6956.0,0.0,-0.0,-107615280.0,-0.0,0.0,0.0,0.0,0.0,63,0.0,-107614912.0,0.0,0.0,0.0,0.0,0.0,0.0,0.0,0,0,0,0.0,0.0,0.0,0.0,0.0,0.0,0.0,0.0,0.0,0.0,0.0,0.0,0.0,0.0,0.0,0.0,0,-107875648.0,63,0.0,126,2.7184242562605685e+23,-0.0,ERR,ERR,ERR,ERR,ERR,ERR,ERR,ERR,ERR,ERR,ERR,ERR,ERR,ERR,ERR,ERR,ERR,ERR,ERR,ERR,ERR,ERR,ERR,ERR,ERR,ERR,ERR,ERR,ERR,ERR,ERR,ERR,ERR,ERR,ERR,ERR,ERR,ERR,ERR,ERR,ERR,ERR,ERR,ERR,ERR,ERR,ERR,ERR,ERR,ERR,ERR,ERR,ERR,ERR,ERR,ERR,ERR,ERR,ERR,ERR,ERR,ERR,ERR,ERR,ERR,ERR,ERR,34.0,80.0,35,0.0,0.0,0.0,0.0,0.0,0.0,0.0,0.0,0.0,0.0,0.0,0.0,0.0,0.0,0.0,0.0,64.8,0,116,56,49,65476,0,300,0,0,8,20529,65476,0,0,57672,80.0,0.0,0.0,0.0,0.0,0.0
2026-06-17T04:39:11,ERR,ERR,ERR,ERR,ERR,ERR,ERR,ERR,ERR,ERR,ERR,ERR,ERR,ERR,ERR,ERR,ERR,ERR,ERR,ERR,ERR,ERR,ERR,ERR,ERR,ERR,ERR,ERR,ERR,ERR,ERR,ERR,ERR,ERR,ERR,ERR,ERR,ERR,ERR,ERR,ERR,ERR,ERR,ERR,ERR,ERR,ERR,ERR,ERR,ERR,ERR,ERR,ERR,ERR,ERR,ERR,ERR,ERR,ERR,ERR,ERR,ERR,ERR,ERR,ERR,ERR,ERR,ERR,ERR,ERR,ERR,ERR,ERR,ERR,ERR,ERR,ERR,ERR,ERR,ERR,ERR,ERR,ERR,ERR,ERR,ERR,ERR,ERR,ERR,ERR,ERR,ERR,ERR,ERR,ERR,ERR,ERR,ERR,ERR,ERR,ERR,ERR,ERR,ERR,ERR,ERR,ERR,ERR,ERR,ERR,ERR,ERR,ERR,ERR,ERR,ERR,ERR,ERR,ERR,ERR,ERR,ERR,ERR,ERR,ERR,0.0,-0.0,3.028208139652935e+23,0.0,0.0,1.3936040501711995e+18,7.805,0.0,0,0,4,0,7300,-0.0,0,0.0,0.0,0.0,0.0,0.0,0,0,0,0,0.0,0,0,0,0,0,0,0,0,0,0,0,0,0,0,0,0,0,0,0,0,0,0,0,0,0,0,0,0,0,0,0,0,0,32,30,30,62,65476,0,300,0,0,8,21553,0.0,-107605600.0,0.0,0.0,0.0,0.0,0.0,0.0,0.0,0.0,0.0,0.0,0.0,0.0,0.0,0.0,0.0,0.0,0.0,0.0,0.0,0.0,2.004,-2.004,-0.0,-2.004,0.0,0.0,0.0,0.0,5436.0,3.697191851085162e+19,6956.0,0.0,-0.0,-107615280.0,-0.0,0.0,0.0,0.0,0.0,63,0.0,-107614912.0,0.0,0.0,0.0,0.0,0.0,0.0,0.0,0,0,0,0.0,0.0,0.0,0.0,0.0,0.0,0.0,0.0,0.0,0.0,0.0,0.0,0.0,0.0,0.0,0.0,0,-107875648.0,63,0.0,126,2.7184242562605685e+23,-0.0,ERR,ERR,ERR,ERR,ERR,ERR,ERR,ERR,ERR,ERR,ERR,ERR,ERR,ERR,ERR,ERR,ERR,ERR,ERR,ERR,ERR,ERR,ERR,ERR,ERR,ERR,ERR,ERR,ERR,ERR,ERR,ERR,ERR,ERR,ERR,ERR,ERR,ERR,ERR,ERR,ERR,ERR,ERR,ERR,ERR,ERR,ERR,ERR,ERR,ERR,ERR,ERR,ERR,ERR,ERR,ERR,ERR,ERR,ERR,ERR,ERR,ERR,ERR,ERR,ERR,ERR,ERR,34.0,80.0,35,0.0,0.0,0.0,0.0,0.0,0.0,0.0,0.0,0.0,0.0,0.0,0.0,0.0,0.0,0.0,0.0,64.4,0,116,56,49,65476,0,300,0,0,8,20529,65476,0,0,57672,80.0,0.0,0.0,0.0,0.0,0.0
2026-06-17T04:39:12,ERR,ERR,ERR,ERR,ERR,ERR,ERR,ERR,ERR,ERR,ERR,ERR,ERR,ERR,ERR,ERR,ERR,ERR,ERR,ERR,ERR,ERR,ERR,ERR,ERR,ERR,ERR,ERR,ERR,ERR,ERR,ERR,ERR,ERR,ERR,ERR,ERR,ERR,ERR,ERR,ERR,ERR,ERR,ERR,ERR,ERR,ERR,ERR,ERR,ERR,ERR,ERR,ERR,ERR,ERR,ERR,ERR,ERR,ERR,ERR,ERR,ERR,ERR,ERR,ERR,ERR,ERR,ERR,ERR,ERR,ERR,ERR,ERR,ERR,ERR,ERR,ERR,ERR,ERR,ERR,ERR,ERR,ERR,ERR,ERR,ERR,ERR,ERR,ERR,ERR,ERR,ERR,ERR,ERR,ERR,ERR,ERR,ERR,ERR,ERR,ERR,ERR,ERR,ERR,ERR,ERR,ERR,ERR,ERR,ERR,ERR,ERR,ERR,ERR,ERR,ERR,ERR,ERR,ERR,ERR,ERR,ERR,ERR,ERR,ERR,0.0,-0.0,3.028208139652935e+23,0.0,0.0,1.3936040501711995e+18,7.805,0.0,0,0,4,0,7300,-0.0,0,0.0,0.0,0.0,0.0,0.0,0,0,0,0,0.0,0,0,0,0,0,0,0,0,0,0,0,0,0,0,0,0,0,0,0,0,0,0,0,0,0,0,0,0,0,0,0,0,0,32,30,30,62,65476,0,300,0,0,8,21553,0.0,-107605600.0,0.0,0.0,0.0,0.0,0.0,0.0,0.0,0.0,0.0,0.0,0.0,0.0,0.0,0.0,0.0,0.0,0.0,0.0,0.0,0.0,2.004,-2.004,-0.0,-2.004,0.0,0.0,0.0,0.0,5436.0,3.697191851085162e+19,6956.0,0.0,-0.0,-107615280.0,-0.0,0.0,0.0,0.0,0.0,63,0.0,-107614912.0,0.0,0.0,0.0,0.0,0.0,0.0,0.0,0,0,0,0.0,0.0,0.0,0.0,0.0,0.0,0.0,0.0,0.0,0.0,0.0,0.0,0.0,0.0,0.0,0.0,0,-107875648.0,63,0.0,126,2.7184242562605685e+23,-0.0,ERR,ERR,ERR,ERR,ERR,ERR,ERR,ERR,ERR,ERR,ERR,ERR,ERR,ERR,ERR,ERR,ERR,ERR,ERR,ERR,ERR,ERR,ERR,ERR,ERR,ERR,ERR,ERR,ERR,ERR,ERR,ERR,ERR,ERR,ERR,ERR,ERR,ERR,ERR,ERR,ERR,ERR,ERR,ERR,ERR,ERR,ERR,ERR,ERR,ERR,ERR,ERR,ERR,ERR,ERR,ERR,ERR,ERR,ERR,ERR,ERR,ERR,ERR,ERR,ERR,ERR,ERR,34.0,80.0,35,0.0,0.0,0.0,0.0,0.0,0.0,0.0,0.0,0.0,0.0,0.0,0.0,0.0,0.0,0.0,0.0,64.8,0,116,56,49,65476,0,300,0,0,8,20529,65476,0,0,57672,80.0,0.0,0.0,0.0,0.0,0.0
2026-06-17T04:39:13,ERR,ERR,ERR,ERR,ERR,ERR,ERR,ERR,ERR,ERR,ERR,ERR,ERR,ERR,ERR,ERR,ERR,ERR,ERR,ERR,ERR,ERR,ERR,ERR,ERR,ERR,ERR,ERR,ERR,ERR,ERR,ERR,ERR,ERR,ERR,ERR,ERR,ERR,ERR,ERR,ERR,ERR,ERR,ERR,ERR,ERR,ERR,ERR,ERR,ERR,ERR,ERR,ERR,ERR,ERR,ERR,ERR,ERR,ERR,ERR,ERR,ERR,ERR,ERR,ERR,ERR,ERR,ERR,ERR,ERR,ERR,ERR,ERR,ERR,ERR,ERR,ERR,ERR,ERR,ERR,ERR,ERR,ERR,ERR,ERR,ERR,ERR,ERR,ERR,ERR,ERR,ERR,ERR,ERR,ERR,ERR,ERR,ERR,ERR,ERR,ERR,ERR,ERR,ERR,ERR,ERR,ERR,ERR,ERR,ERR,ERR,ERR,ERR,ERR,ERR,ERR,ERR,ERR,ERR,ERR,ERR,ERR,ERR,ERR,ERR,0.0,-0.0,3.028208139652935e+23,0.0,0.0,1.3936040501711995e+18,7.805,0.0,0,0,4,0,7300,-0.0,0,0.0,0.0,0.0,0.0,0.0,0,0,0,0,0.0,0,0,0,0,0,0,0,0,0,0,0,0,0,0,0,0,0,0,0,0,0,0,0,0,0,0,0,0,0,0,0,0,0,32,30,30,62,65476,0,300,0,0,8,21553,0.0,-107605600.0,0.0,0.0,0.0,0.0,0.0,0.0,0.0,0.0,0.0,0.0,0.0,0.0,0.0,0.0,0.0,0.0,0.0,0.0,0.0,0.0,2.004,-2.004,-0.0,-2.004,0.0,0.0,0.0,0.0,5436.0,3.697191851085162e+19,6956.0,0.0,-0.0,-107615280.0,-0.0,0.0,0.0,0.0,0.0,63,0.0,-107614912.0,0.0,0.0,0.0,0.0,0.0,0.0,0.0,0,0,0,0.0,0.0,0.0,0.0,0.0,0.0,0.0,0.0,0.0,0.0,0.0,0.0,0.0,0.0,0.0,0.0,0,-107875648.0,63,0.0,126,2.7184242562605685e+23,-0.0,ERR,ERR,ERR,ERR,ERR,ERR,ERR,ERR,ERR,ERR,ERR,ERR,ERR,ERR,ERR,ERR,ERR,ERR,ERR,ERR,ERR,ERR,ERR,ERR,ERR,ERR,ERR,ERR,ERR,ERR,ERR,ERR,ERR,ERR,ERR,ERR,ERR,ERR,ERR,ERR,ERR,ERR,ERR,ERR,ERR,ERR,ERR,ERR,ERR,ERR,ERR,ERR,ERR,ERR,ERR,ERR,ERR,ERR,ERR,ERR,ERR,ERR,ERR,ERR,ERR,ERR,ERR,34.0,80.0,35,0.0,0.0,0.0,0.0,0.0,0.0,0.0,0.0,0.0,0.0,0.0,0.0,0.0,0.0,0.0,0.0,64.8,0,116,56,49,65476,0,300,0,0,8,20529,65476,0,0,57672,80.0,0.0,0.0,0.0,0.0,0.0
2026-06-17T04:39:14,ERR,ERR,ERR,ERR,ERR,ERR,ERR,ERR,ERR,ERR,ERR,ERR,ERR,ERR,ERR,ERR,ERR,ERR,ERR,ERR,ERR,ERR,ERR,ERR,ERR,ERR,ERR,ERR,ERR,ERR,ERR,ERR,ERR,ERR,ERR,ERR,ERR,ERR,ERR,ERR,ERR,ERR,ERR,ERR,ERR,ERR,ERR,ERR,ERR,ERR,ERR,ERR,ERR,ERR,ERR,ERR,ERR,ERR,ERR,ERR,ERR,ERR,ERR,ERR,ERR,ERR,ERR,ERR,ERR,ERR,ERR,ERR,ERR,ERR,ERR,ERR,ERR,ERR,ERR,ERR,ERR,ERR,ERR,ERR,ERR,ERR,ERR,ERR,ERR,ERR,ERR,ERR,ERR,ERR,ERR,ERR,ERR,ERR,ERR,ERR,ERR,ERR,ERR,ERR,ERR,ERR,ERR,ERR,ERR,ERR,ERR,ERR,ERR,ERR,ERR,ERR,ERR,ERR,ERR,ERR,ERR,ERR,ERR,ERR,ERR,0.0,-0.0,3.028208139652935e+23,0.0,0.0,1.3936040501711995e+18,7.805,0.0,0,0,4,0,7300,-0.0,0,0.0,0.0,0.0,0.0,0.0,0,0,0,0,0.0,0,0,0,0,0,0,0,0,0,0,0,0,0,0,0,0,0,0,0,0,0,0,0,0,0,0,0,0,0,0,0,0,0,32,30,30,62,65476,0,300,0,0,8,21553,0.0,-107605600.0,0.0,0.0,0.0,0.0,0.0,0.0,0.0,0.0,0.0,0.0,0.0,0.0,0.0,0.0,0.0,0.0,0.0,0.0,0.0,0.0,2.004,-2.004,-0.0,-2.004,0.0,0.0,0.0,0.0,5435.0,131350.641,6953.0,0.0,-0.0,-107615280.0,-0.0,0.0,0.0,0.0,0.0,63,0.0,-0.0,0.0,0.0,0.0,0.0,0.0,0.0,0.0,0,0,0,0.0,0.0,0.0,0.0,0.0,0.0,0.0,0.0,0.0,0.0,0.0,0.0,0.0,0.0,0.0,0.0,0,-107875648.0,63,0.0,126,2.7184242562605685e+23,-0.0,ERR,ERR,ERR,ERR,ERR,ERR,ERR,ERR,ERR,ERR,ERR,ERR,ERR,ERR,ERR,ERR,ERR,ERR,ERR,ERR,ERR,ERR,ERR,ERR,ERR,ERR,ERR,ERR,ERR,ERR,ERR,ERR,ERR,ERR,ERR,ERR,ERR,ERR,ERR,ERR,ERR,ERR,ERR,ERR,ERR,ERR,ERR,ERR,ERR,ERR,ERR,ERR,ERR,ERR,ERR,ERR,ERR,ERR,ERR,ERR,ERR,ERR,ERR,ERR,ERR,ERR,ERR,34.0,80.0,35,0.0,0.0,0.0,0.0,0.0,0.0,0.0,0.0,0.0,0.0,0.0,0.0,0.0,0.0,0.0,0.0,64.4,0,116,56,49,65476,0,300,0,0,8,20529,65476,0,0,57672,80.0,0.0,0.0,0.0,0.0,0.0
2026-06-17T04:39:15,ERR,ERR,ERR,ERR,ERR,ERR,ERR,ERR,ERR,ERR,ERR,ERR,ERR,ERR,ERR,ERR,ERR,ERR,ERR,ERR,ERR,ERR,ERR,ERR,ERR,ERR,ERR,ERR,ERR,ERR,ERR,ERR,ERR,ERR,ERR,ERR,ERR,ERR,ERR,ERR,ERR,ERR,ERR,ERR,ERR,ERR,ERR,ERR,ERR,ERR,ERR,ERR,ERR,ERR,ERR,ERR,ERR,ERR,ERR,ERR,ERR,ERR,ERR,ERR,ERR,ERR,ERR,ERR,ERR,ERR,ERR,ERR,ERR,ERR,ERR,ERR,ERR,ERR,ERR,ERR,ERR,ERR,ERR,ERR,ERR,ERR,ERR,ERR,ERR,ERR,ERR,ERR,ERR,ERR,ERR,ERR,ERR,ERR,ERR,ERR,ERR,ERR,ERR,ERR,ERR,ERR,ERR,ERR,ERR,ERR,ERR,ERR,ERR,ERR,ERR,ERR,ERR,ERR,ERR,ERR,ERR,ERR,ERR,ERR,ERR,0.0,-0.0,3.028208139652935e+23,0.0,0.0,1.3936040501711995e+18,7.805,0.0,0,0,4,0,7300,-0.0,0,0.0,0.0,0.0,0.0,0.0,0,0,0,0,0.0,0,0,0,0,0,0,0,0,0,0,0,0,0,0,0,0,0,0,0,0,0,0,0,0,0,0,0,0,0,0,0,0,0,32,30,30,62,65476,0,300,0,0,8,21553,0.0,-107605600.0,0.0,0.0,0.0,0.0,0.0,0.0,0.0,0.0,0.0,0.0,0.0,0.0,0.0,0.0,0.0,0.0,0.0,0.0,0.0,0.0,2.004,-2.004,-0.0,-2.004,0.0,0.0,0.0,0.0,5435.0,131350.641,6953.0,0.0,-0.0,-107615280.0,-0.0,0.0,0.0,0.0,0.0,63,0.0,-0.0,0.0,0.0,0.0,0.0,0.0,0.0,0.0,0,0,0,0.0,0.0,0.0,0.0,0.0,0.0,0.0,0.0,0.0,0.0,0.0,0.0,0.0,0.0,0.0,0.0,0,-107875648.0,63,0.0,126,2.7184242562605685e+23,-0.0,ERR,ERR,ERR,ERR,ERR,ERR,ERR,ERR,ERR,ERR,ERR,ERR,ERR,ERR,ERR,ERR,ERR,ERR,ERR,ERR,ERR,ERR,ERR,ERR,ERR,ERR,ERR,ERR,ERR,ERR,ERR,ERR,ERR,ERR,ERR,ERR,ERR,ERR,ERR,ERR,ERR,ERR,ERR,ERR,ERR,ERR,ERR,ERR,ERR,ERR,ERR,ERR,ERR,ERR,ERR,ERR,ERR,ERR,ERR,ERR,ERR,ERR,ERR,ERR,ERR,ERR,ERR,34.0,80.0,35,0.0,0.0,0.0,0.0,0.0,0.0,0.0,0.0,0.0,0.0,0.0,0.0,0.0,0.0,0.0,0.0,64.4,0,116,56,49,65476,0,300,0,0,8,20529,65476,0,0,57672,80.0,0.0,0.0,0.0,0.0,0.0
2026-06-17T04:39:16,ERR,ERR,ERR,ERR,ERR,ERR,ERR,ERR,ERR,ERR,ERR,ERR,ERR,ERR,ERR,ERR,ERR,ERR,ERR,ERR,ERR,ERR,ERR,ERR,ERR,ERR,ERR,ERR,ERR,ERR,ERR,ERR,ERR,ERR,ERR,ERR,ERR,ERR,ERR,ERR,ERR,ERR,ERR,ERR,ERR,ERR,ERR,ERR,ERR,ERR,ERR,ERR,ERR,ERR,ERR,ERR,ERR,ERR,ERR,ERR,ERR,ERR,ERR,ERR,ERR,ERR,ERR,ERR,ERR,ERR,ERR,ERR,ERR,ERR,ERR,ERR,ERR,ERR,ERR,ERR,ERR,ERR,ERR,ERR,ERR,ERR,ERR,ERR,ERR,ERR,ERR,ERR,ERR,ERR,ERR,ERR,ERR,ERR,ERR,ERR,ERR,ERR,ERR,ERR,ERR,ERR,ERR,ERR,ERR,ERR,ERR,ERR,ERR,ERR,ERR,ERR,ERR,ERR,ERR,ERR,ERR,ERR,ERR,ERR,ERR,0.0,-0.0,3.028208139652935e+23,0.0,0.0,1.3936040501711995e+18,7.805,0.0,0,0,4,0,7300,-0.0,0,0.0,0.0,0.0,0.0,0.0,0,0,0,0,0.0,0,0,0,0,0,0,0,0,0,0,0,0,0,0,0,0,0,0,0,0,0,0,0,0,0,0,0,0,0,0,0,0,0,32,30,30,62,65476,0,300,0,0,8,21553,0.0,-107605600.0,0.0,0.0,0.0,0.0,0.0,0.0,0.0,0.0,0.0,0.0,0.0,0.0,0.0,0.0,0.0,0.0,0.0,0.0,0.0,0.0,2.004,-2.004,-0.0,-2.004,0.0,0.0,0.0,0.0,5435.0,131350.641,6953.0,0.0,-0.0,-107615280.0,-0.0,0.0,0.0,0.0,0.0,63,0.0,-0.0,0.0,0.0,0.0,0.0,0.0,0.0,0.0,0,0,0,0.0,0.0,0.0,0.0,0.0,0.0,0.0,0.0,0.0,0.0,0.0,0.0,0.0,0.0,0.0,0.0,0,-107875648.0,63,0.0,126,2.7184242562605685e+23,-0.0,ERR,ERR,ERR,ERR,ERR,ERR,ERR,ERR,ERR,ERR,ERR,ERR,ERR,ERR,ERR,ERR,ERR,ERR,ERR,ERR,ERR,ERR,ERR,ERR,ERR,ERR,ERR,ERR,ERR,ERR,ERR,ERR,ERR,ERR,ERR,ERR,ERR,ERR,ERR,ERR,ERR,ERR,ERR,ERR,ERR,ERR,ERR,ERR,ERR,ERR,ERR,ERR,ERR,ERR,ERR,ERR,ERR,ERR,ERR,ERR,ERR,ERR,ERR,ERR,ERR,ERR,ERR,34.0,80.0,35,0.0,0.0,0.0,0.0,0.0,0.0,0.0,0.0,0.0,0.0,0.0,0.0,0.0,0.0,0.0,0.0,64.4,0,116,56,49,65476,0,300,0,0,8,20529,65476,0,0,57672,80.0,0.0,0.0,0.0,0.0,0.0
2026-06-17T04:39:17,ERR,ERR,ERR,ERR,ERR,ERR,ERR,ERR,ERR,ERR,ERR,ERR,ERR,ERR,ERR,ERR,ERR,ERR,ERR,ERR,ERR,ERR,ERR,ERR,ERR,ERR,ERR,ERR,ERR,ERR,ERR,ERR,ERR,ERR,ERR,ERR,ERR,ERR,ERR,ERR,ERR,ERR,ERR,ERR,ERR,ERR,ERR,ERR,ERR,ERR,ERR,ERR,ERR,ERR,ERR,ERR,ERR,ERR,ERR,ERR,ERR,ERR,ERR,ERR,ERR,ERR,ERR,ERR,ERR,ERR,ERR,ERR,ERR,ERR,ERR,ERR,ERR,ERR,ERR,ERR,ERR,ERR,ERR,ERR,ERR,ERR,ERR,ERR,ERR,ERR,ERR,ERR,ERR,ERR,ERR,ERR,ERR,ERR,ERR,ERR,ERR,ERR,ERR,ERR,ERR,ERR,ERR,ERR,ERR,ERR,ERR,ERR,ERR,ERR,ERR,ERR,ERR,ERR,ERR,ERR,ERR,ERR,ERR,ERR,ERR,0.0,-0.0,3.028208139652935e+23,0.0,0.0,1.3936040501711995e+18,7.805,0.0,0,0,4,0,7300,-0.0,0,0.0,0.0,0.0,0.0,0.0,0,0,0,0,0.0,0,0,0,0,0,0,0,0,0,0,0,0,0,0,0,0,0,0,0,0,0,0,0,0,0,0,0,0,0,0,0,0,0,32,30,30,62,65476,0,300,0,0,8,21553,0.0,-107605600.0,0.0,0.0,0.0,0.0,0.0,0.0,0.0,0.0,0.0,0.0,0.0,0.0,0.0,0.0,0.0,0.0,0.0,0.0,0.0,0.0,2.004,-2.004,-0.0,-2.004,0.0,0.0,0.0,0.0,5435.0,131350.641,6953.0,0.0,-0.0,-107615280.0,-0.0,0.0,0.0,0.0,0.0,63,0.0,-0.0,0.0,0.0,0.0,0.0,0.0,0.0,0.0,0,0,0,0.0,0.0,0.0,0.0,0.0,0.0,0.0,0.0,0.0,0.0,0.0,0.0,0.0,0.0,0.0,0.0,0,-107875648.0,63,0.0,126,2.7184242562605685e+23,-0.0,ERR,ERR,ERR,ERR,ERR,ERR,ERR,ERR,ERR,ERR,ERR,ERR,ERR,ERR,ERR,ERR,ERR,ERR,ERR,ERR,ERR,ERR,ERR,ERR,ERR,ERR,ERR,ERR,ERR,ERR,ERR,ERR,ERR,ERR,ERR,ERR,ERR,ERR,ERR,ERR,ERR,ERR,ERR,ERR,ERR,ERR,ERR,ERR,ERR,ERR,ERR,ERR,ERR,ERR,ERR,ERR,ERR,ERR,ERR,ERR,ERR,ERR,ERR,ERR,ERR,ERR,ERR,34.0,80.0,35,0.0,0.0,0.0,0.0,0.0,0.0,0.0,0.0,0.0,0.0,0.0,0.0,0.0,0.0,0.0,0.0,64.4,0,116,56,49,65476,0,300,0,0,8,20529,65476,0,0,57672,80.0,0.0,0.0,0.0,0.0,0.0
2026-06-17T04:39:18,ERR,ERR,ERR,ERR,ERR,ERR,ERR,ERR,ERR,ERR,ERR,ERR,ERR,ERR,ERR,ERR,ERR,ERR,ERR,ERR,ERR,ERR,ERR,ERR,ERR,ERR,ERR,ERR,ERR,ERR,ERR,ERR,ERR,ERR,ERR,ERR,ERR,ERR,ERR,ERR,ERR,ERR,ERR,ERR,ERR,ERR,ERR,ERR,ERR,ERR,ERR,ERR,ERR,ERR,ERR,ERR,ERR,ERR,ERR,ERR,ERR,ERR,ERR,ERR,ERR,ERR,ERR,ERR,ERR,ERR,ERR,ERR,ERR,ERR,ERR,ERR,ERR,ERR,ERR,ERR,ERR,ERR,ERR,ERR,ERR,ERR,ERR,ERR,ERR,ERR,ERR,ERR,ERR,ERR,ERR,ERR,ERR,ERR,ERR,ERR,ERR,ERR,ERR,ERR,ERR,ERR,ERR,ERR,ERR,ERR,ERR,ERR,ERR,ERR,ERR,ERR,ERR,ERR,ERR,ERR,ERR,ERR,ERR,ERR,ERR,0.0,-0.0,3.028208139652935e+23,0.0,0.0,1.3936040501711995e+18,7.805,0.0,0,0,4,0,7300,-0.0,0,0.0,0.0,0.0,0.0,0.0,0,0,0,0,0.0,0,0,0,0,0,0,0,0,0,0,0,0,0,0,0,0,0,0,0,0,0,0,0,0,0,0,0,0,0,0,0,0,0,32,30,30,62,65476,0,300,0,0,8,21553,0.0,-107605600.0,0.0,0.0,0.0,0.0,0.0,0.0,0.0,0.0,0.0,0.0,0.0,0.0,0.0,0.0,0.0,0.0,0.0,0.0,0.0,0.0,2.004,-2.004,-0.0,-2.004,0.0,0.0,0.0,0.0,5435.0,131350.641,6953.0,0.0,-0.0,-107615280.0,-0.0,0.0,0.0,0.0,0.0,63,0.0,-0.0,0.0,0.0,0.0,0.0,0.0,0.0,0.0,0,0,0,0.0,0.0,0.0,0.0,0.0,0.0,0.0,0.0,0.0,0.0,0.0,0.0,0.0,0.0,0.0,0.0,0,-107875648.0,63,0.0,126,2.7184242562605685e+23,-0.0,ERR,ERR,ERR,ERR,ERR,ERR,ERR,ERR,ERR,ERR,ERR,ERR,ERR,ERR,ERR,ERR,ERR,ERR,ERR,ERR,ERR,ERR,ERR,ERR,ERR,ERR,ERR,ERR,ERR,ERR,ERR,ERR,ERR,ERR,ERR,ERR,ERR,ERR,ERR,ERR,ERR,ERR,ERR,ERR,ERR,ERR,ERR,ERR,ERR,ERR,ERR,ERR,ERR,ERR,ERR,ERR,ERR,ERR,ERR,ERR,ERR,ERR,ERR,ERR,ERR,ERR,ERR,34.0,80.0,35,0.0,0.0,0.0,0.0,0.0,0.0,0.0,0.0,0.0,0.0,0.0,0.0,0.0,0.0,0.0,0.0,64.8,0,116,56,49,65476,0,300,0,0,8,20529,65476,0,0,57672,80.0,0.0,0.0,0.0,0.0,0.0
2026-06-17T04:39:19,ERR,ERR,ERR,ERR,ERR,ERR,ERR,ERR,ERR,ERR,ERR,ERR,ERR,ERR,ERR,ERR,ERR,ERR,ERR,ERR,ERR,ERR,ERR,ERR,ERR,ERR,ERR,ERR,ERR,ERR,ERR,ERR,ERR,ERR,ERR,ERR,ERR,ERR,ERR,ERR,ERR,ERR,ERR,ERR,ERR,ERR,ERR,ERR,ERR,ERR,ERR,ERR,ERR,ERR,ERR,ERR,ERR,ERR,ERR,ERR,ERR,ERR,ERR,ERR,ERR,ERR,ERR,ERR,ERR,ERR,ERR,ERR,ERR,ERR,ERR,ERR,ERR,ERR,ERR,ERR,ERR,ERR,ERR,ERR,ERR,ERR,ERR,ERR,ERR,ERR,ERR,ERR,ERR,ERR,ERR,ERR,ERR,ERR,ERR,ERR,ERR,ERR,ERR,ERR,ERR,ERR,ERR,ERR,ERR,ERR,ERR,ERR,ERR,ERR,ERR,ERR,ERR,ERR,ERR,ERR,ERR,ERR,ERR,ERR,ERR,0.0,-0.0,3.028208139652935e+23,0.0,0.0,1.3936040501711995e+18,7.805,0.0,0,0,4,0,7300,-0.0,0,0.0,0.0,0.0,0.0,0.0,0,0,0,0,0.0,0,0,0,0,0,0,0,0,0,0,0,0,0,0,0,0,0,0,0,0,0,0,0,0,0,0,0,0,0,0,0,0,0,32,30,30,62,65476,0,300,0,0,8,21553,0.0,-107605600.0,0.0,0.0,0.0,0.0,0.0,0.0,0.0,0.0,0.0,0.0,0.0,0.0,0.0,0.0,0.0,0.0,0.0,0.0,0.0,0.0,-0.0,-2.004,-0.0,-2.004,0.0,0.0,0.0,0.0,5433.0,1.5879318087448473e+29,6926.0,0.0,-0.0,-107615280.0,-0.0,0.0,0.0,0.0,0.0,63,0.0,-2.3088308660914776e+20,0.0,0.0,0.0,0.0,0.0,0.0,0.0,0,0,0,0.0,0.0,0.0,0.0,0.0,0.0,0.0,0.0,0.0,0.0,0.0,0.0,0.0,0.0,0.0,0.0,0,-107875648.0,63,0.0,126,2.7184242562605685e+23,-0.0,ERR,ERR,ERR,ERR,ERR,ERR,ERR,ERR,ERR,ERR,ERR,ERR,ERR,ERR,ERR,ERR,ERR,ERR,ERR,ERR,ERR,ERR,ERR,ERR,ERR,ERR,ERR,ERR,ERR,ERR,ERR,ERR,ERR,ERR,ERR,ERR,ERR,ERR,ERR,ERR,ERR,ERR,ERR,ERR,ERR,ERR,ERR,ERR,ERR,ERR,ERR,ERR,ERR,ERR,ERR,ERR,ERR,ERR,ERR,ERR,ERR,ERR,ERR,ERR,ERR,ERR,ERR,34.0,80.0,35,0.0,0.0,0.0,0.0,0.0,0.0,0.0,0.0,0.0,0.0,0.0,0.0,0.0,0.0,0.0,0.0,64.4,0,116,56,49,65476,0,300,0,0,8,20529,65476,0,0,57672,80.0,0.0,0.0,0.0,0.0,0.0
2026-06-17T04:39:20,ERR,ERR,ERR,ERR,ERR,ERR,ERR,ERR,ERR,ERR,ERR,ERR,ERR,ERR,ERR,ERR,ERR,ERR,ERR,ERR,ERR,ERR,ERR,ERR,ERR,ERR,ERR,ERR,ERR,ERR,ERR,ERR,ERR,ERR,ERR,ERR,ERR,ERR,ERR,ERR,ERR,ERR,ERR,ERR,ERR,ERR,ERR,ERR,ERR,ERR,ERR,ERR,ERR,ERR,ERR,ERR,ERR,ERR,ERR,ERR,ERR,ERR,ERR,ERR,ERR,ERR,ERR,ERR,ERR,ERR,ERR,ERR,ERR,ERR,ERR,ERR,ERR,ERR,ERR,ERR,ERR,ERR,ERR,ERR,ERR,ERR,ERR,ERR,ERR,ERR,ERR,ERR,ERR,ERR,ERR,ERR,ERR,ERR,ERR,ERR,ERR,ERR,ERR,ERR,ERR,ERR,ERR,ERR,ERR,ERR,ERR,ERR,ERR,ERR,ERR,ERR,ERR,ERR,ERR,ERR,ERR,ERR,ERR,ERR,ERR,0.0,-0.0,3.028208139652935e+23,0.0,0.0,1.3936040501711995e+18,7.805,0.0,0,0,4,0,7300,-0.0,0,0.0,0.0,0.0,0.0,0.0,0,0,0,0,0.0,0,0,0,0,0,0,0,0,0,0,0,0,0,0,0,0,0,0,0,0,0,0,0,0,0,0,0,0,0,0,0,0,0,32,30,30,62,65476,0,300,0,0,8,21553,0.0,-107605600.0,0.0,0.0,0.0,0.0,0.0,0.0,0.0,0.0,0.0,0.0,0.0,0.0,0.0,0.0,0.0,0.0,0.0,0.0,0.0,0.0,-0.0,-2.004,-0.0,-2.004,0.0,0.0,0.0,0.0,5433.0,1.5879318087448473e+29,6926.0,0.0,-0.0,-107615280.0,-0.0,0.0,0.0,0.0,0.0,63,0.0,-2.3088308660914776e+20,0.0,0.0,0.0,0.0,0.0,0.0,0.0,0,0,0,0.0,0.0,0.0,0.0,0.0,0.0,0.0,0.0,0.0,0.0,0.0,0.0,0.0,0.0,0.0,0.0,0,-107875648.0,63,0.0,126,2.7184242562605685e+23,-0.0,ERR,ERR,ERR,ERR,ERR,ERR,ERR,ERR,ERR,ERR,ERR,ERR,ERR,ERR,ERR,ERR,ERR,ERR,ERR,ERR,ERR,ERR,ERR,ERR,ERR,ERR,ERR,ERR,ERR,ERR,ERR,ERR,ERR,ERR,ERR,ERR,ERR,ERR,ERR,ERR,ERR,ERR,ERR,ERR,ERR,ERR,ERR,ERR,ERR,ERR,ERR,ERR,ERR,ERR,ERR,ERR,ERR,ERR,ERR,ERR,ERR,ERR,ERR,ERR,ERR,ERR,ERR,34.0,80.0,35,0.0,0.0,0.0,0.0,0.0,0.0,0.0,0.0,0.0,0.0,0.0,0.0,0.0,0.0,0.0,0.0,64.4,0,116,56,49,65476,0,300,0,0,8,20529,65476,0,0,57672,80.0,0.0,0.0,0.0,0.0,0.0
2026-06-17T04:39:21,ERR,ERR,ERR,ERR,ERR,ERR,ERR,ERR,ERR,ERR,ERR,ERR,ERR,ERR,ERR,ERR,ERR,ERR,ERR,ERR,ERR,ERR,ERR,ERR,ERR,ERR,ERR,ERR,ERR,ERR,ERR,ERR,ERR,ERR,ERR,ERR,ERR,ERR,ERR,ERR,ERR,ERR,ERR,ERR,ERR,ERR,ERR,ERR,ERR,ERR,ERR,ERR,ERR,ERR,ERR,ERR,ERR,ERR,ERR,ERR,ERR,ERR,ERR,ERR,ERR,ERR,ERR,ERR,ERR,ERR,ERR,ERR,ERR,ERR,ERR,ERR,ERR,ERR,ERR,ERR,ERR,ERR,ERR,ERR,ERR,ERR,ERR,ERR,ERR,ERR,ERR,ERR,ERR,ERR,ERR,ERR,ERR,ERR,ERR,ERR,ERR,ERR,ERR,ERR,ERR,ERR,ERR,ERR,ERR,ERR,ERR,ERR,ERR,ERR,ERR,ERR,ERR,ERR,ERR,ERR,ERR,ERR,ERR,ERR,ERR,0.0,-0.0,3.028208139652935e+23,0.0,0.0,1.3936040501711995e+18,7.805,0.0,0,0,4,0,7300,-0.0,0,0.0,0.0,0.0,0.0,0.0,0,0,0,0,0.0,0,0,0,0,0,0,0,0,0,0,0,0,0,0,0,0,0,0,0,0,0,0,0,0,0,0,0,0,0,0,0,0,0,32,30,30,62,65476,0,300,0,0,8,21553,0.0,-107605600.0,0.0,0.0,0.0,0.0,0.0,0.0,0.0,0.0,0.0,0.0,0.0,0.0,0.0,0.0,0.0,0.0,0.0,0.0,0.0,0.0,-0.0,-2.004,-0.0,-2.004,0.0,0.0,0.0,0.0,5433.0,1.5879318087448473e+29,6926.0,0.0,-0.0,-107615280.0,-0.0,0.0,0.0,0.0,0.0,63,0.0,-2.3088308660914776e+20,0.0,0.0,0.0,0.0,0.0,0.0,0.0,0,0,0,0.0,0.0,0.0,0.0,0.0,0.0,0.0,0.0,0.0,0.0,0.0,0.0,0.0,0.0,0.0,0.0,0,-107875648.0,63,0.0,126,2.7184242562605685e+23,-0.0,ERR,ERR,ERR,ERR,ERR,ERR,ERR,ERR,ERR,ERR,ERR,ERR,ERR,ERR,ERR,ERR,ERR,ERR,ERR,ERR,ERR,ERR,ERR,ERR,ERR,ERR,ERR,ERR,ERR,ERR,ERR,ERR,ERR,ERR,ERR,ERR,ERR,ERR,ERR,ERR,ERR,ERR,ERR,ERR,ERR,ERR,ERR,ERR,ERR,ERR,ERR,ERR,ERR,ERR,ERR,ERR,ERR,ERR,ERR,ERR,ERR,ERR,ERR,ERR,ERR,ERR,ERR,34.0,80.0,35,0.0,0.0,0.0,0.0,0.0,0.0,0.0,0.0,0.0,0.0,0.0,0.0,0.0,0.0,0.0,0.0,64.8,0,116,56,49,65476,0,300,0,0,8,20529,65476,0,0,57672,80.0,0.0,0.0,0.0,0.0,0.0
2026-06-17T04:39:22,ERR,ERR,ERR,ERR,ERR,ERR,ERR,ERR,ERR,ERR,ERR,ERR,ERR,ERR,ERR,ERR,ERR,ERR,ERR,ERR,ERR,ERR,ERR,ERR,ERR,ERR,ERR,ERR,ERR,ERR,ERR,ERR,ERR,ERR,ERR,ERR,ERR,ERR,ERR,ERR,ERR,ERR,ERR,ERR,ERR,ERR,ERR,ERR,ERR,ERR,ERR,ERR,ERR,ERR,ERR,ERR,ERR,ERR,ERR,ERR,ERR,ERR,ERR,ERR,ERR,ERR,ERR,ERR,ERR,ERR,ERR,ERR,ERR,ERR,ERR,ERR,ERR,ERR,ERR,ERR,ERR,ERR,ERR,ERR,ERR,ERR,ERR,ERR,ERR,ERR,ERR,ERR,ERR,ERR,ERR,ERR,ERR,ERR,ERR,ERR,ERR,ERR,ERR,ERR,ERR,ERR,ERR,ERR,ERR,ERR,ERR,ERR,ERR,ERR,ERR,ERR,ERR,ERR,ERR,ERR,ERR,ERR,ERR,ERR,ERR,0.0,-0.0,3.028208139652935e+23,0.0,0.0,1.3936040501711995e+18,7.805,0.0,0,0,4,0,7300,-0.0,0,0.0,0.0,0.0,0.0,0.0,0,0,0,0,0.0,0,0,0,0,0,0,0,0,0,0,0,0,0,0,0,0,0,0,0,0,0,0,0,0,0,0,0,0,0,0,0,0,0,32,30,30,62,65476,0,300,0,0,8,21553,0.0,-107605600.0,0.0,0.0,0.0,0.0,0.0,0.0,0.0,0.0,0.0,0.0,0.0,0.0,0.0,0.0,0.0,0.0,0.0,0.0,0.0,0.0,-0.0,-2.004,-0.0,-2.004,0.0,0.0,0.0,0.0,5433.0,1.5879318087448473e+29,6926.0,0.0,-0.0,-107615280.0,-0.0,0.0,0.0,0.0,0.0,63,0.0,-2.3088308660914776e+20,0.0,0.0,0.0,0.0,0.0,0.0,0.0,0,0,0,0.0,0.0,0.0,0.0,0.0,0.0,0.0,0.0,0.0,0.0,0.0,0.0,0.0,0.0,0.0,0.0,0,-107875648.0,63,0.0,126,2.7184242562605685e+23,-0.0,ERR,ERR,ERR,ERR,ERR,ERR,ERR,ERR,ERR,ERR,ERR,ERR,ERR,ERR,ERR,ERR,ERR,ERR,ERR,ERR,ERR,ERR,ERR,ERR,ERR,ERR,ERR,ERR,ERR,ERR,ERR,ERR,ERR,ERR,ERR,ERR,ERR,ERR,ERR,ERR,ERR,ERR,ERR,ERR,ERR,ERR,ERR,ERR,ERR,ERR,ERR,ERR,ERR,ERR,ERR,ERR,ERR,ERR,ERR,ERR,ERR,ERR,ERR,ERR,ERR,ERR,ERR,34.0,80.0,35,0.0,0.0,0.0,0.0,0.0,0.0,0.0,0.0,0.0,0.0,0.0,0.0,0.0,0.0,0.0,0.0,64.8,0,116,56,49,65476,0,300,0,0,8,20529,65476,0,0,57672,80.0,0.0,0.0,0.0,0.0,0.0
2026-06-17T04:39:23,ERR,ERR,ERR,ERR,ERR,ERR,ERR,ERR,ERR,ERR,ERR,ERR,ERR,ERR,ERR,ERR,ERR,ERR,ERR,ERR,ERR,ERR,ERR,ERR,ERR,ERR,ERR,ERR,ERR,ERR,ERR,ERR,ERR,ERR,ERR,ERR,ERR,ERR,ERR,ERR,ERR,ERR,ERR,ERR,ERR,ERR,ERR,ERR,ERR,ERR,ERR,ERR,ERR,ERR,ERR,ERR,ERR,ERR,ERR,ERR,ERR,ERR,ERR,ERR,ERR,ERR,ERR,ERR,ERR,ERR,ERR,ERR,ERR,ERR,ERR,ERR,ERR,ERR,ERR,ERR,ERR,ERR,ERR,ERR,ERR,ERR,ERR,ERR,ERR,ERR,ERR,ERR,ERR,ERR,ERR,ERR,ERR,ERR,ERR,ERR,ERR,ERR,ERR,ERR,ERR,ERR,ERR,ERR,ERR,ERR,ERR,ERR,ERR,ERR,ERR,ERR,ERR,ERR,ERR,ERR,ERR,ERR,ERR,ERR,ERR,0.0,-0.0,3.028208139652935e+23,0.0,0.0,1.3936040501711995e+18,7.805,0.0,0,0,4,0,7300,-0.0,0,0.0,0.0,0.0,0.0,0.0,0,0,0,0,0.0,0,0,0,0,0,0,0,0,0,0,0,0,0,0,0,0,0,0,0,0,0,0,0,0,0,0,0,0,0,0,0,0,0,32,30,30,62,65476,0,300,0,0,8,21553,0.0,-107605600.0,0.0,0.0,0.0,0.0,0.0,0.0,0.0,0.0,0.0,0.0,0.0,0.0,0.0,0.0,0.0,0.0,0.0,0.0,0.0,0.0,-0.0,-2.004,-0.0,-2.004,0.0,0.0,0.0,0.0,5433.0,1.5879318087448473e+29,6926.0,0.0,-0.0,-107615280.0,-0.0,0.0,0.0,0.0,0.0,63,0.0,-2.3088308660914776e+20,0.0,0.0,0.0,0.0,0.0,0.0,0.0,0,0,0,0.0,0.0,0.0,0.0,0.0,0.0,0.0,0.0,0.0,0.0,0.0,0.0,0.0,0.0,0.0,0.0,0,-107875648.0,63,0.0,126,2.7184242562605685e+23,-0.0,ERR,ERR,ERR,ERR,ERR,ERR,ERR,ERR,ERR,ERR,ERR,ERR,ERR,ERR,ERR,ERR,ERR,ERR,ERR,ERR,ERR,ERR,ERR,ERR,ERR,ERR,ERR,ERR,ERR,ERR,ERR,ERR,ERR,ERR,ERR,ERR,ERR,ERR,ERR,ERR,ERR,ERR,ERR,ERR,ERR,ERR,ERR,ERR,ERR,ERR,ERR,ERR,ERR,ERR,ERR,ERR,ERR,ERR,ERR,ERR,ERR,ERR,ERR,ERR,ERR,ERR,ERR,34.0,80.0,35,0.0,0.0,0.0,0.0,0.0,0.0,0.0,0.0,0.0,0.0,0.0,0.0,0.0,0.0,0.0,0.0,64.8,0,116,56,49,65476,0,300,0,0,8,20529,65476,0,0,57672,80.0,0.0,0.0,0.0,0.0,0.0
2026-06-17T04:39:24,ERR,ERR,ERR,ERR,ERR,ERR,ERR,ERR,ERR,ERR,ERR,ERR,ERR,ERR,ERR,ERR,ERR,ERR,ERR,ERR,ERR,ERR,ERR,ERR,ERR,ERR,ERR,ERR,ERR,ERR,ERR,ERR,ERR,ERR,ERR,ERR,ERR,ERR,ERR,ERR,ERR,ERR,ERR,ERR,ERR,ERR,ERR,ERR,ERR,ERR,ERR,ERR,ERR,ERR,ERR,ERR,ERR,ERR,ERR,ERR,ERR,ERR,ERR,ERR,ERR,ERR,ERR,ERR,ERR,ERR,ERR,ERR,ERR,ERR,ERR,ERR,ERR,ERR,ERR,ERR,ERR,ERR,ERR,ERR,ERR,ERR,ERR,ERR,ERR,ERR,ERR,ERR,ERR,ERR,ERR,ERR,ERR,ERR,ERR,ERR,ERR,ERR,ERR,ERR,ERR,ERR,ERR,ERR,ERR,ERR,ERR,ERR,ERR,ERR,ERR,ERR,ERR,ERR,ERR,ERR,ERR,ERR,ERR,ERR,ERR,0.0,-0.0,-0.0,0.0,0.0,1.3936040501711995e+18,7.805,0.0,0,0,4,0,7300,-0.0,0,0.0,0.0,0.0,0.0,0.0,0,0,0,0,0.0,0,0,0,0,0,0,0,0,0,0,0,0,0,0,0,0,0,0,0,0,0,0,0,0,0,0,0,0,0,0,0,0,0,32,30,30,62,65476,0,300,0,0,8,21553,0.0,-107605600.0,0.0,0.0,0.0,0.0,0.0,0.0,0.0,0.0,0.0,0.0,0.0,0.0,0.0,0.0,0.0,0.0,0.0,0.0,0.0,0.0,2.004,-2.004,-0.0,-2.004,0.0,0.0,0.0,0.0,5436.0,-0.0,6962.0,0.0,-0.0,-107615280.0,-0.0,0.0,0.0,0.0,0.0,63,0.0,0.0,0.0,0.0,0.0,0.0,0.0,0.0,0.0,0,0,0,0.0,0.0,0.0,0.0,0.0,0.0,0.0,0.0,0.0,0.0,0.0,0.0,0.0,0.0,0.0,0.0,0,-107875648.0,63,0.0,126,2.7184242562605685e+23,-0.0,ERR,ERR,ERR,ERR,ERR,ERR,ERR,ERR,ERR,ERR,ERR,ERR,ERR,ERR,ERR,ERR,ERR,ERR,ERR,ERR,ERR,ERR,ERR,ERR,ERR,ERR,ERR,ERR,ERR,ERR,ERR,ERR,ERR,ERR,ERR,ERR,ERR,ERR,ERR,ERR,ERR,ERR,ERR,ERR,ERR,ERR,ERR,ERR,ERR,ERR,ERR,ERR,ERR,ERR,ERR,ERR,ERR,ERR,ERR,ERR,ERR,ERR,ERR,ERR,ERR,ERR,ERR,34.0,80.0,35,0.0,0.0,0.0,0.0,0.0,0.0,0.0,0.0,0.0,0.0,0.0,0.0,0.0,0.0,0.0,0.0,64.8,0,116,56,49,65476,0,300,0,0,8,20529,65476,0,0,57672,80.0,0.0,0.0,0.0,0.0,0.0
2026-06-17T04:39:25,ERR,ERR,ERR,ERR,ERR,ERR,ERR,ERR,ERR,ERR,ERR,ERR,ERR,ERR,ERR,ERR,ERR,ERR,ERR,ERR,ERR,ERR,ERR,ERR,ERR,ERR,ERR,ERR,ERR,ERR,ERR,ERR,ERR,ERR,ERR,ERR,ERR,ERR,ERR,ERR,ERR,ERR,ERR,ERR,ERR,ERR,ERR,ERR,ERR,ERR,ERR,ERR,ERR,ERR,ERR,ERR,ERR,ERR,ERR,ERR,ERR,ERR,ERR,ERR,ERR,ERR,ERR,ERR,ERR,ERR,ERR,ERR,ERR,ERR,ERR,ERR,ERR,ERR,ERR,ERR,ERR,ERR,ERR,ERR,ERR,ERR,ERR,ERR,ERR,ERR,ERR,ERR,ERR,ERR,ERR,ERR,ERR,ERR,ERR,ERR,ERR,ERR,ERR,ERR,ERR,ERR,ERR,ERR,ERR,ERR,ERR,ERR,ERR,ERR,ERR,ERR,ERR,ERR,ERR,ERR,ERR,ERR,ERR,ERR,ERR,0.0,-0.0,-0.0,0.0,0.0,1.3936040501711995e+18,7.805,0.0,0,0,4,0,7300,-0.0,0,0.0,0.0,0.0,0.0,0.0,0,0,0,0,0.0,0,0,0,0,0,0,0,0,0,0,0,0,0,0,0,0,0,0,0,0,0,0,0,0,0,0,0,0,0,0,0,0,0,32,30,30,62,65476,0,300,0,0,8,21553,0.0,-107605600.0,0.0,0.0,0.0,0.0,0.0,0.0,0.0,0.0,0.0,0.0,0.0,0.0,0.0,0.0,0.0,0.0,0.0,0.0,0.0,0.0,2.004,-2.004,-0.0,-2.004,0.0,0.0,0.0,0.0,5436.0,-0.0,6962.0,0.0,-0.0,-107615280.0,-0.0,0.0,0.0,0.0,0.0,63,0.0,0.0,0.0,0.0,0.0,0.0,0.0,0.0,0.0,0,0,0,0.0,0.0,0.0,0.0,0.0,0.0,0.0,0.0,0.0,0.0,0.0,0.0,0.0,0.0,0.0,0.0,0,-107875648.0,63,0.0,126,2.7184242562605685e+23,-0.0,ERR,ERR,ERR,ERR,ERR,ERR,ERR,ERR,ERR,ERR,ERR,ERR,ERR,ERR,ERR,ERR,ERR,ERR,ERR,ERR,ERR,ERR,ERR,ERR,ERR,ERR,ERR,ERR,ERR,ERR,ERR,ERR,ERR,ERR,ERR,ERR,ERR,ERR,ERR,ERR,ERR,ERR,ERR,ERR,ERR,ERR,ERR,ERR,ERR,ERR,ERR,ERR,ERR,ERR,ERR,ERR,ERR,ERR,ERR,ERR,ERR,ERR,ERR,ERR,ERR,ERR,ERR,34.0,80.0,35,0.0,0.0,0.0,0.0,0.0,0.0,0.0,0.0,0.0,0.0,0.0,0.0,0.0,0.0,0.0,0.0,64.4,0,116,56,49,65476,0,300,0,0,8,20529,65476,0,0,57672,80.0,0.0,0.0,0.0,0.0,0.0
2026-06-17T04:39:26,ERR,ERR,ERR,ERR,ERR,ERR,ERR,ERR,ERR,ERR,ERR,ERR,ERR,ERR,ERR,ERR,ERR,ERR,ERR,ERR,ERR,ERR,ERR,ERR,ERR,ERR,ERR,ERR,ERR,ERR,ERR,ERR,ERR,ERR,ERR,ERR,ERR,ERR,ERR,ERR,ERR,ERR,ERR,ERR,ERR,ERR,ERR,ERR,ERR,ERR,ERR,ERR,ERR,ERR,ERR,ERR,ERR,ERR,ERR,ERR,ERR,ERR,ERR,ERR,ERR,ERR,ERR,ERR,ERR,ERR,ERR,ERR,ERR,ERR,ERR,ERR,ERR,ERR,ERR,ERR,ERR,ERR,ERR,ERR,ERR,ERR,ERR,ERR,ERR,ERR,ERR,ERR,ERR,ERR,ERR,ERR,ERR,ERR,ERR,ERR,ERR,ERR,ERR,ERR,ERR,ERR,ERR,ERR,ERR,ERR,ERR,ERR,ERR,ERR,ERR,ERR,ERR,ERR,ERR,ERR,ERR,ERR,ERR,ERR,ERR,0.0,-0.0,-0.0,0.0,0.0,1.3936040501711995e+18,7.805,0.0,0,0,4,0,7300,-0.0,0,0.0,0.0,0.0,0.0,0.0,0,0,0,0,0.0,0,0,0,0,0,0,0,0,0,0,0,0,0,0,0,0,0,0,0,0,0,0,0,0,0,0,0,0,0,0,0,0,0,32,30,30,62,65476,0,300,0,0,8,21553,0.0,-107605600.0,0.0,0.0,0.0,0.0,0.0,0.0,0.0,0.0,0.0,0.0,0.0,0.0,0.0,0.0,0.0,0.0,0.0,0.0,0.0,0.0,2.004,-2.004,-0.0,-2.004,0.0,0.0,0.0,0.0,5436.0,-0.0,6962.0,0.0,-0.0,-107615280.0,-0.0,0.0,0.0,0.0,0.0,63,0.0,0.0,0.0,0.0,0.0,0.0,0.0,0.0,0.0,0,0,0,0.0,0.0,0.0,0.0,0.0,0.0,0.0,0.0,0.0,0.0,0.0,0.0,0.0,0.0,0.0,0.0,0,-107875648.0,63,0.0,126,2.7184242562605685e+23,-0.0,ERR,ERR,ERR,ERR,ERR,ERR,ERR,ERR,ERR,ERR,ERR,ERR,ERR,ERR,ERR,ERR,ERR,ERR,ERR,ERR,ERR,ERR,ERR,ERR,ERR,ERR,ERR,ERR,ERR,ERR,ERR,ERR,ERR,ERR,ERR,ERR,ERR,ERR,ERR,ERR,ERR,ERR,ERR,ERR,ERR,ERR,ERR,ERR,ERR,ERR,ERR,ERR,ERR,ERR,ERR,ERR,ERR,ERR,ERR,ERR,ERR,ERR,ERR,ERR,ERR,ERR,ERR,34.0,80.0,35,0.0,0.0,0.0,0.0,0.0,0.0,0.0,0.0,0.0,0.0,0.0,0.0,0.0,0.0,0.0,0.0,64.4,0,116,56,49,65476,0,300,0,0,8,20529,65476,0,0,57672,80.0,0.0,0.0,0.0,0.0,0.0
2026-06-17T04:39:27,ERR,ERR,ERR,ERR,ERR,ERR,ERR,ERR,ERR,ERR,ERR,ERR,ERR,ERR,ERR,ERR,ERR,ERR,ERR,ERR,ERR,ERR,ERR,ERR,ERR,ERR,ERR,ERR,ERR,ERR,ERR,ERR,ERR,ERR,ERR,ERR,ERR,ERR,ERR,ERR,ERR,ERR,ERR,ERR,ERR,ERR,ERR,ERR,ERR,ERR,ERR,ERR,ERR,ERR,ERR,ERR,ERR,ERR,ERR,ERR,ERR,ERR,ERR,ERR,ERR,ERR,ERR,ERR,ERR,ERR,ERR,ERR,ERR,ERR,ERR,ERR,ERR,ERR,ERR,ERR,ERR,ERR,ERR,ERR,ERR,ERR,ERR,ERR,ERR,ERR,ERR,ERR,ERR,ERR,ERR,ERR,ERR,ERR,ERR,ERR,ERR,ERR,ERR,ERR,ERR,ERR,ERR,ERR,ERR,ERR,ERR,ERR,ERR,ERR,ERR,ERR,ERR,ERR,ERR,ERR,ERR,ERR,ERR,ERR,ERR,0.0,-0.0,-0.0,0.0,0.0,1.3936040501711995e+18,7.805,0.0,0,0,4,0,7300,-0.0,0,0.0,0.0,0.0,0.0,0.0,0,0,0,0,0.0,0,0,0,0,0,0,0,0,0,0,0,0,0,0,0,0,0,0,0,0,0,0,0,0,0,0,0,0,0,0,0,0,0,32,30,30,62,65476,0,300,0,0,8,21553,0.0,-107605600.0,0.0,0.0,0.0,0.0,0.0,0.0,0.0,0.0,0.0,0.0,0.0,0.0,0.0,0.0,0.0,0.0,0.0,0.0,0.0,0.0,2.004,-2.004,-0.0,-2.004,0.0,0.0,0.0,0.0,5436.0,-0.0,6962.0,0.0,-0.0,-107615280.0,-0.0,0.0,0.0,0.0,0.0,63,0.0,0.0,0.0,0.0,0.0,0.0,0.0,0.0,0.0,0,0,0,0.0,0.0,0.0,0.0,0.0,0.0,0.0,0.0,0.0,0.0,0.0,0.0,0.0,0.0,0.0,0.0,0,-107875648.0,63,0.0,126,2.7184242562605685e+23,-0.0,ERR,ERR,ERR,ERR,ERR,ERR,ERR,ERR,ERR,ERR,ERR,ERR,ERR,ERR,ERR,ERR,ERR,ERR,ERR,ERR,ERR,ERR,ERR,ERR,ERR,ERR,ERR,ERR,ERR,ERR,ERR,ERR,ERR,ERR,ERR,ERR,ERR,ERR,ERR,ERR,ERR,ERR,ERR,ERR,ERR,ERR,ERR,ERR,ERR,ERR,ERR,ERR,ERR,ERR,ERR,ERR,ERR,ERR,ERR,ERR,ERR,ERR,ERR,ERR,ERR,ERR,ERR,34.0,80.0,35,0.0,0.0,0.0,0.0,0.0,0.0,0.0,0.0,0.0,0.0,0.0,0.0,0.0,0.0,0.0,0.0,64.4,0,116,56,49,65476,0,300,0,0,8,20529,65476,0,0,57672,80.0,0.0,0.0,0.0,0.0,0.0
2026-06-17T04:39:28,ERR,ERR,ERR,ERR,ERR,ERR,ERR,ERR,ERR,ERR,ERR,ERR,ERR,ERR,ERR,ERR,ERR,ERR,ERR,ERR,ERR,ERR,ERR,ERR,ERR,ERR,ERR,ERR,ERR,ERR,ERR,ERR,ERR,ERR,ERR,ERR,ERR,ERR,ERR,ERR,ERR,ERR,ERR,ERR,ERR,ERR,ERR,ERR,ERR,ERR,ERR,ERR,ERR,ERR,ERR,ERR,ERR,ERR,ERR,ERR,ERR,ERR,ERR,ERR,ERR,ERR,ERR,ERR,ERR,ERR,ERR,ERR,ERR,ERR,ERR,ERR,ERR,ERR,ERR,ERR,ERR,ERR,ERR,ERR,ERR,ERR,ERR,ERR,ERR,ERR,ERR,ERR,ERR,ERR,ERR,ERR,ERR,ERR,ERR,ERR,ERR,ERR,ERR,ERR,ERR,ERR,ERR,ERR,ERR,ERR,ERR,ERR,ERR,ERR,ERR,ERR,ERR,ERR,ERR,ERR,ERR,ERR,ERR,ERR,ERR,0.0,-0.0,-0.0,0.0,0.0,1.3936040501711995e+18,7.805,0.0,0,0,4,0,7300,-0.0,0,0.0,0.0,0.0,0.0,0.0,0,0,0,0,0.0,0,0,0,0,0,0,0,0,0,0,0,0,0,0,0,0,0,0,0,0,0,0,0,0,0,0,0,0,0,0,0,0,0,32,30,30,62,65476,0,300,0,0,8,21553,0.0,-107605600.0,0.0,0.0,0.0,0.0,0.0,0.0,0.0,0.0,0.0,0.0,0.0,0.0,0.0,0.0,0.0,0.0,0.0,0.0,0.0,0.0,2.004,-2.004,-0.0,-2.004,0.0,0.0,0.0,0.0,5436.0,-0.0,6962.0,0.0,-0.0,-107615280.0,-0.0,0.0,0.0,0.0,0.0,63,0.0,0.0,0.0,0.0,0.0,0.0,0.0,0.0,0.0,0,0,0,0.0,0.0,0.0,0.0,0.0,0.0,0.0,0.0,0.0,0.0,0.0,0.0,0.0,0.0,0.0,0.0,0,-107875648.0,63,0.0,126,2.7184242562605685e+23,-0.0,ERR,ERR,ERR,ERR,ERR,ERR,ERR,ERR,ERR,ERR,ERR,ERR,ERR,ERR,ERR,ERR,ERR,ERR,ERR,ERR,ERR,ERR,ERR,ERR,ERR,ERR,ERR,ERR,ERR,ERR,ERR,ERR,ERR,ERR,ERR,ERR,ERR,ERR,ERR,ERR,ERR,ERR,ERR,ERR,ERR,ERR,ERR,ERR,ERR,ERR,ERR,ERR,ERR,ERR,ERR,ERR,ERR,ERR,ERR,ERR,ERR,ERR,ERR,ERR,ERR,ERR,ERR,34.0,80.0,35,0.0,0.0,0.0,0.0,0.0,0.0,0.0,0.0,0.0,0.0,0.0,0.0,0.0,0.0,0.0,0.0,64.4,0,116,56,49,65476,0,300,0,0,8,20529,65476,0,0,57672,80.0,0.0,0.0,0.0,0.0,0.0
2026-06-17T04:39:29,ERR,ERR,ERR,ERR,ERR,ERR,ERR,ERR,ERR,ERR,ERR,ERR,ERR,ERR,ERR,ERR,ERR,ERR,ERR,ERR,ERR,ERR,ERR,ERR,ERR,ERR,ERR,ERR,ERR,ERR,ERR,ERR,ERR,ERR,ERR,ERR,ERR,ERR,ERR,ERR,ERR,ERR,ERR,ERR,ERR,ERR,ERR,ERR,ERR,ERR,ERR,ERR,ERR,ERR,ERR,ERR,ERR,ERR,ERR,ERR,ERR,ERR,ERR,ERR,ERR,ERR,ERR,ERR,ERR,ERR,ERR,ERR,ERR,ERR,ERR,ERR,ERR,ERR,ERR,ERR,ERR,ERR,ERR,ERR,ERR,ERR,ERR,ERR,ERR,ERR,ERR,ERR,ERR,ERR,ERR,ERR,ERR,ERR,ERR,ERR,ERR,ERR,ERR,ERR,ERR,ERR,ERR,ERR,ERR,ERR,ERR,ERR,ERR,ERR,ERR,ERR,ERR,ERR,ERR,ERR,ERR,ERR,ERR,ERR,ERR,0.0,-0.0,-0.0,0.0,0.0,1.3936040501711995e+18,7.805,0.0,0,0,4,0,7300,-0.0,0,0.0,0.0,0.0,0.0,0.0,0,0,0,0,0.0,0,0,0,0,0,0,0,0,0,0,0,0,0,0,0,0,0,0,0,0,0,0,0,0,0,0,0,0,0,0,0,0,0,32,30,30,62,65476,0,300,0,0,8,21553,0.0,-107605600.0,0.0,0.0,0.0,0.0,0.0,0.0,0.0,0.0,0.0,0.0,0.0,0.0,0.0,0.0,0.0,0.0,0.0,0.0,0.0,0.0,2.004,-2.004,-0.0,-2.004,0.0,0.0,0.0,0.0,5436.0,-0.0,6962.0,0.0,-0.0,-107615280.0,-0.0,0.0,0.0,0.0,0.0,63,0.0,0.0,0.0,0.0,0.0,0.0,0.0,0.0,0.0,0,0,0,0.0,0.0,0.0,0.0,0.0,0.0,0.0,0.0,0.0,0.0,0.0,0.0,0.0,0.0,0.0,0.0,0,-107875648.0,63,0.0,126,2.7184242562605685e+23,-0.0,ERR,ERR,ERR,ERR,ERR,ERR,ERR,ERR,ERR,ERR,ERR,ERR,ERR,ERR,ERR,ERR,ERR,ERR,ERR,ERR,ERR,ERR,ERR,ERR,ERR,ERR,ERR,ERR,ERR,ERR,ERR,ERR,ERR,ERR,ERR,ERR,ERR,ERR,ERR,ERR,ERR,ERR,ERR,ERR,ERR,ERR,ERR,ERR,ERR,ERR,ERR,ERR,ERR,ERR,ERR,ERR,ERR,ERR,ERR,ERR,ERR,ERR,ERR,ERR,ERR,ERR,ERR,34.0,80.0,35,0.0,0.0,0.0,0.0,0.0,0.0,0.0,0.0,0.0,0.0,0.0,0.0,0.0,0.0,0.0,0.0,64.4,0,116,56,49,65476,0,300,0,0,8,20529,65476,0,0,57672,80.0,0.0,0.0,0.0,0.0,0.0
2026-06-17T04:39:30,ERR,ERR,ERR,ERR,ERR,ERR,ERR,ERR,ERR,ERR,ERR,ERR,ERR,ERR,ERR,ERR,ERR,ERR,ERR,ERR,ERR,ERR,ERR,ERR,ERR,ERR,ERR,ERR,ERR,ERR,ERR,ERR,ERR,ERR,ERR,ERR,ERR,ERR,ERR,ERR,ERR,ERR,ERR,ERR,ERR,ERR,ERR,ERR,ERR,ERR,ERR,ERR,ERR,ERR,ERR,ERR,ERR,ERR,ERR,ERR,ERR,ERR,ERR,ERR,ERR,ERR,ERR,ERR,ERR,ERR,ERR,ERR,ERR,ERR,ERR,ERR,ERR,ERR,ERR,ERR,ERR,ERR,ERR,ERR,ERR,ERR,ERR,ERR,ERR,ERR,ERR,ERR,ERR,ERR,ERR,ERR,ERR,ERR,ERR,ERR,ERR,ERR,ERR,ERR,ERR,ERR,ERR,ERR,ERR,ERR,ERR,ERR,ERR,ERR,ERR,ERR,ERR,ERR,ERR,ERR,ERR,ERR,ERR,ERR,ERR,0.0,-0.0,3.028208139652935e+23,0.0,0.0,1.3936040501711995e+18,7.805,0.0,0,0,4,0,7300,-0.0,0,0.0,0.0,0.0,0.0,0.0,0,0,0,0,0.0,0,0,0,0,0,0,0,0,0,0,0,0,0,0,0,0,0,0,0,0,0,0,0,0,0,0,0,0,0,0,0,0,0,32,30,30,62,65476,0,300,0,0,8,21553,0.0,-107605600.0,0.0,0.0,0.0,0.0,0.0,0.0,0.0,0.0,0.0,0.0,0.0,0.0,0.0,0.0,0.0,0.0,0.0,0.0,0.0,0.0,2.004,-2.004,-0.0,-2.004,0.0,0.0,0.0,0.0,5436.0,1.0406669901790231e+34,6927.0,0.0,-0.0,-107615280.0,-0.0,0.0,0.0,0.0,0.0,63,0.0,-2.3088308660914776e+20,0.0,0.0,0.0,0.0,0.0,0.0,0.0,0,0,0,0.0,0.0,0.0,0.0,0.0,0.0,0.0,0.0,0.0,0.0,0.0,0.0,0.0,0.0,0.0,0.0,0,-107875648.0,63,0.0,126,2.7184242562605685e+23,-0.0,ERR,ERR,ERR,ERR,ERR,ERR,ERR,ERR,ERR,ERR,ERR,ERR,ERR,ERR,ERR,ERR,ERR,ERR,ERR,ERR,ERR,ERR,ERR,ERR,ERR,ERR,ERR,ERR,ERR,ERR,ERR,ERR,ERR,ERR,ERR,ERR,ERR,ERR,ERR,ERR,ERR,ERR,ERR,ERR,ERR,ERR,ERR,ERR,ERR,ERR,ERR,ERR,ERR,ERR,ERR,ERR,ERR,ERR,ERR,ERR,ERR,ERR,ERR,ERR,ERR,ERR,ERR,34.0,80.0,35,0.0,0.0,0.0,0.0,0.0,0.0,0.0,0.0,0.0,0.0,0.0,0.0,0.0,0.0,0.0,0.0,64.4,0,116,56,49,65476,0,300,0,0,8,20529,65476,0,0,57672,80.0,0.0,0.0,0.0,0.0,0.0
2026-06-17T04:39:31,ERR,ERR,ERR,ERR,ERR,ERR,ERR,ERR,ERR,ERR,ERR,ERR,ERR,ERR,ERR,ERR,ERR,ERR,ERR,ERR,ERR,ERR,ERR,ERR,ERR,ERR,ERR,ERR,ERR,ERR,ERR,ERR,ERR,ERR,ERR,ERR,ERR,ERR,ERR,ERR,ERR,ERR,ERR,ERR,ERR,ERR,ERR,ERR,ERR,ERR,ERR,ERR,ERR,ERR,ERR,ERR,ERR,ERR,ERR,ERR,ERR,ERR,ERR,ERR,ERR,ERR,ERR,ERR,ERR,ERR,ERR,ERR,ERR,ERR,ERR,ERR,ERR,ERR,ERR,ERR,ERR,ERR,ERR,ERR,ERR,ERR,ERR,ERR,ERR,ERR,ERR,ERR,ERR,ERR,ERR,ERR,ERR,ERR,ERR,ERR,ERR,ERR,ERR,ERR,ERR,ERR,ERR,ERR,ERR,ERR,ERR,ERR,ERR,ERR,ERR,ERR,ERR,ERR,ERR,ERR,ERR,ERR,ERR,ERR,ERR,0.0,-0.0,3.028208139652935e+23,0.0,0.0,1.3936040501711995e+18,7.805,0.0,0,0,4,0,7300,-0.0,0,0.0,0.0,0.0,0.0,0.0,0,0,0,0,0.0,0,0,0,0,0,0,0,0,0,0,0,0,0,0,0,0,0,0,0,0,0,0,0,0,0,0,0,0,0,0,0,0,0,32,30,30,62,65476,0,300,0,0,8,21553,0.0,-107605600.0,0.0,0.0,0.0,0.0,0.0,0.0,0.0,0.0,0.0,0.0,0.0,0.0,0.0,0.0,0.0,0.0,0.0,0.0,0.0,0.0,2.004,-2.004,-0.0,-2.004,0.0,0.0,0.0,0.0,5436.0,1.0406669901790231e+34,6927.0,0.0,-0.0,-107615280.0,-0.0,0.0,0.0,0.0,0.0,63,0.0,-2.3088308660914776e+20,0.0,0.0,0.0,0.0,0.0,0.0,0.0,0,0,0,0.0,0.0,0.0,0.0,0.0,0.0,0.0,0.0,0.0,0.0,0.0,0.0,0.0,0.0,0.0,0.0,0,-107875648.0,63,0.0,126,2.7184242562605685e+23,-0.0,ERR,ERR,ERR,ERR,ERR,ERR,ERR,ERR,ERR,ERR,ERR,ERR,ERR,ERR,ERR,ERR,ERR,ERR,ERR,ERR,ERR,ERR,ERR,ERR,ERR,ERR,ERR,ERR,ERR,ERR,ERR,ERR,ERR,ERR,ERR,ERR,ERR,ERR,ERR,ERR,ERR,ERR,ERR,ERR,ERR,ERR,ERR,ERR,ERR,ERR,ERR,ERR,ERR,ERR,ERR,ERR,ERR,ERR,ERR,ERR,ERR,ERR,ERR,ERR,ERR,ERR,ERR,34.0,80.0,35,0.0,0.0,0.0,0.0,0.0,0.0,0.0,0.0,0.0,0.0,0.0,0.0,0.0,0.0,0.0,0.0,64.4,0,116,56,49,65476,0,300,0,0,8,20529,65476,0,0,57672,80.0,0.0,0.0,0.0,0.0,0.0
2026-06-17T04:39:32,ERR,ERR,ERR,ERR,ERR,ERR,ERR,ERR,ERR,ERR,ERR,ERR,ERR,ERR,ERR,ERR,ERR,ERR,ERR,ERR,ERR,ERR,ERR,ERR,ERR,ERR,ERR,ERR,ERR,ERR,ERR,ERR,ERR,ERR,ERR,ERR,ERR,ERR,ERR,ERR,ERR,ERR,ERR,ERR,ERR,ERR,ERR,ERR,ERR,ERR,ERR,ERR,ERR,ERR,ERR,ERR,ERR,ERR,ERR,ERR,ERR,ERR,ERR,ERR,ERR,ERR,ERR,ERR,ERR,ERR,ERR,ERR,ERR,ERR,ERR,ERR,ERR,ERR,ERR,ERR,ERR,ERR,ERR,ERR,ERR,ERR,ERR,ERR,ERR,ERR,ERR,ERR,ERR,ERR,ERR,ERR,ERR,ERR,ERR,ERR,ERR,ERR,ERR,ERR,ERR,ERR,ERR,ERR,ERR,ERR,ERR,ERR,ERR,ERR,ERR,ERR,ERR,ERR,ERR,ERR,ERR,ERR,ERR,ERR,ERR,0.0,-0.0,3.028208139652935e+23,0.0,0.0,1.3936040501711995e+18,7.805,0.0,0,0,4,0,7300,-0.0,0,0.0,0.0,0.0,0.0,0.0,0,0,0,0,0.0,0,0,0,0,0,0,0,0,0,0,0,0,0,0,0,0,0,0,0,0,0,0,0,0,0,0,0,0,0,0,0,0,0,32,30,30,62,65476,0,300,0,0,8,21553,0.0,-107605600.0,0.0,0.0,0.0,0.0,0.0,0.0,0.0,0.0,0.0,0.0,0.0,0.0,0.0,0.0,0.0,0.0,0.0,0.0,0.0,0.0,2.004,-2.004,-0.0,-2.004,0.0,0.0,0.0,0.0,5436.0,1.0406669901790231e+34,6927.0,0.0,-0.0,-107615280.0,-0.0,0.0,0.0,0.0,0.0,63,0.0,-2.3088308660914776e+20,0.0,0.0,0.0,0.0,0.0,0.0,0.0,0,0,0,0.0,0.0,0.0,0.0,0.0,0.0,0.0,0.0,0.0,0.0,0.0,0.0,0.0,0.0,0.0,0.0,0,-107875648.0,63,0.0,126,2.7184242562605685e+23,-0.0,ERR,ERR,ERR,ERR,ERR,ERR,ERR,ERR,ERR,ERR,ERR,ERR,ERR,ERR,ERR,ERR,ERR,ERR,ERR,ERR,ERR,ERR,ERR,ERR,ERR,ERR,ERR,ERR,ERR,ERR,ERR,ERR,ERR,ERR,ERR,ERR,ERR,ERR,ERR,ERR,ERR,ERR,ERR,ERR,ERR,ERR,ERR,ERR,ERR,ERR,ERR,ERR,ERR,ERR,ERR,ERR,ERR,ERR,ERR,ERR,ERR,ERR,ERR,ERR,ERR,ERR,ERR,34.0,80.0,35,0.0,0.0,0.0,0.0,0.0,0.0,0.0,0.0,0.0,0.0,0.0,0.0,0.0,0.0,0.0,0.0,64.4,0,116,56,49,65476,0,300,0,0,8,20529,65476,0,0,57672,80.0,0.0,0.0,0.0,0.0,0.0
2026-06-17T04:39:33,ERR,ERR,ERR,ERR,ERR,ERR,ERR,ERR,ERR,ERR,ERR,ERR,ERR,ERR,ERR,ERR,ERR,ERR,ERR,ERR,ERR,ERR,ERR,ERR,ERR,ERR,ERR,ERR,ERR,ERR,ERR,ERR,ERR,ERR,ERR,ERR,ERR,ERR,ERR,ERR,ERR,ERR,ERR,ERR,ERR,ERR,ERR,ERR,ERR,ERR,ERR,ERR,ERR,ERR,ERR,ERR,ERR,ERR,ERR,ERR,ERR,ERR,ERR,ERR,ERR,ERR,ERR,ERR,ERR,ERR,ERR,ERR,ERR,ERR,ERR,ERR,ERR,ERR,ERR,ERR,ERR,ERR,ERR,ERR,ERR,ERR,ERR,ERR,ERR,ERR,ERR,ERR,ERR,ERR,ERR,ERR,ERR,ERR,ERR,ERR,ERR,ERR,ERR,ERR,ERR,ERR,ERR,ERR,ERR,ERR,ERR,ERR,ERR,ERR,ERR,ERR,ERR,ERR,ERR,ERR,ERR,ERR,ERR,ERR,ERR,0.0,-0.0,3.028208139652935e+23,0.0,0.0,1.3936040501711995e+18,7.805,0.0,0,0,4,0,7300,-0.0,0,0.0,0.0,0.0,0.0,0.0,0,0,0,0,0.0,0,0,0,0,0,0,0,0,0,0,0,0,0,0,0,0,0,0,0,0,0,0,0,0,0,0,0,0,0,0,0,0,0,32,30,30,62,65476,0,300,0,0,8,21553,0.0,-107605600.0,0.0,0.0,0.0,0.0,0.0,0.0,0.0,0.0,0.0,0.0,0.0,0.0,0.0,0.0,0.0,0.0,0.0,0.0,0.0,0.0,2.004,-2.004,-0.0,-2.004,0.0,0.0,0.0,0.0,5436.0,1.0406669901790231e+34,6927.0,0.0,-0.0,-107615280.0,-0.0,0.0,0.0,0.0,0.0,63,0.0,-2.3088308660914776e+20,0.0,0.0,0.0,0.0,0.0,0.0,0.0,0,0,0,0.0,0.0,0.0,0.0,0.0,0.0,0.0,0.0,0.0,0.0,0.0,0.0,0.0,0.0,0.0,0.0,0,-107875648.0,63,0.0,126,2.7184242562605685e+23,-0.0,ERR,ERR,ERR,ERR,ERR,ERR,ERR,ERR,ERR,ERR,ERR,ERR,ERR,ERR,ERR,ERR,ERR,ERR,ERR,ERR,ERR,ERR,ERR,ERR,ERR,ERR,ERR,ERR,ERR,ERR,ERR,ERR,ERR,ERR,ERR,ERR,ERR,ERR,ERR,ERR,ERR,ERR,ERR,ERR,ERR,ERR,ERR,ERR,ERR,ERR,ERR,ERR,ERR,ERR,ERR,ERR,ERR,ERR,ERR,ERR,ERR,ERR,ERR,ERR,ERR,ERR,ERR,34.0,80.0,35,0.0,0.0,0.0,0.0,0.0,0.0,0.0,0.0,0.0,0.0,0.0,0.0,0.0,0.0,0.0,0.0,64.4,0,116,56,49,65476,0,300,0,0,8,20529,65476,0,0,57672,80.0,0.0,0.0,0.0,0.0,0.0
2026-06-17T04:39:34,ERR,ERR,ERR,ERR,ERR,ERR,ERR,ERR,ERR,ERR,ERR,ERR,ERR,ERR,ERR,ERR,ERR,ERR,ERR,ERR,ERR,ERR,ERR,ERR,ERR,ERR,ERR,ERR,ERR,ERR,ERR,ERR,ERR,ERR,ERR,ERR,ERR,ERR,ERR,ERR,ERR,ERR,ERR,ERR,ERR,ERR,ERR,ERR,ERR,ERR,ERR,ERR,ERR,ERR,ERR,ERR,ERR,ERR,ERR,ERR,ERR,ERR,ERR,ERR,ERR,ERR,ERR,ERR,ERR,ERR,ERR,ERR,ERR,ERR,ERR,ERR,ERR,ERR,ERR,ERR,ERR,ERR,ERR,ERR,ERR,ERR,ERR,ERR,ERR,ERR,ERR,ERR,ERR,ERR,ERR,ERR,ERR,ERR,ERR,ERR,ERR,ERR,ERR,ERR,ERR,ERR,ERR,ERR,ERR,ERR,ERR,ERR,ERR,ERR,ERR,ERR,ERR,ERR,ERR,ERR,ERR,ERR,ERR,ERR,ERR,0.0,-0.0,3.028208139652935e+23,0.0,0.0,1.3936040501711995e+18,7.805,0.0,0,0,4,0,7300,-0.0,0,0.0,0.0,0.0,0.0,0.0,0,0,0,0,0.0,0,0,0,0,0,0,0,0,0,0,0,0,0,0,0,0,0,0,0,0,0,0,0,0,0,0,0,0,0,0,0,0,0,32,30,30,62,65476,0,300,0,0,8,21553,0.0,-107605600.0,0.0,0.0,0.0,0.0,0.0,0.0,0.0,0.0,0.0,0.0,0.0,0.0,0.0,0.0,0.0,0.0,0.0,0.0,0.0,0.0,2.004,-2.004,-0.0,-2.004,0.0,0.0,0.0,0.0,5436.0,1.0406669901790231e+34,6927.0,0.0,-0.0,-107615280.0,-0.0,0.0,0.0,0.0,0.0,63,0.0,-2.3088308660914776e+20,0.0,0.0,0.0,0.0,0.0,0.0,0.0,0,0,0,0.0,0.0,0.0,0.0,0.0,0.0,0.0,0.0,0.0,0.0,0.0,0.0,0.0,0.0,0.0,0.0,0,-107875648.0,63,0.0,126,2.7184242562605685e+23,-0.0,ERR,ERR,ERR,ERR,ERR,ERR,ERR,ERR,ERR,ERR,ERR,ERR,ERR,ERR,ERR,ERR,ERR,ERR,ERR,ERR,ERR,ERR,ERR,ERR,ERR,ERR,ERR,ERR,ERR,ERR,ERR,ERR,ERR,ERR,ERR,ERR,ERR,ERR,ERR,ERR,ERR,ERR,ERR,ERR,ERR,ERR,ERR,ERR,ERR,ERR,ERR,ERR,ERR,ERR,ERR,ERR,ERR,ERR,ERR,ERR,ERR,ERR,ERR,ERR,ERR,ERR,ERR,34.0,80.0,35,0.0,0.0,0.0,0.0,0.0,0.0,0.0,0.0,0.0,0.0,0.0,0.0,0.0,0.0,0.0,0.0,64.4,0,116,56,49,65476,0,300,0,0,8,20529,65476,0,0,57672,80.0,0.0,0.0,0.0,0.0,0.0
2026-06-17T04:39:35,ERR,ERR,ERR,ERR,ERR,ERR,ERR,ERR,ERR,ERR,ERR,ERR,ERR,ERR,ERR,ERR,ERR,ERR,ERR,ERR,ERR,ERR,ERR,ERR,ERR,ERR,ERR,ERR,ERR,ERR,ERR,ERR,ERR,ERR,ERR,ERR,ERR,ERR,ERR,ERR,ERR,ERR,ERR,ERR,ERR,ERR,ERR,ERR,ERR,ERR,ERR,ERR,ERR,ERR,ERR,ERR,ERR,ERR,ERR,ERR,ERR,ERR,ERR,ERR,ERR,ERR,ERR,ERR,ERR,ERR,ERR,ERR,ERR,ERR,ERR,ERR,ERR,ERR,ERR,ERR,ERR,ERR,ERR,ERR,ERR,ERR,ERR,ERR,ERR,ERR,ERR,ERR,ERR,ERR,ERR,ERR,ERR,ERR,ERR,ERR,ERR,ERR,ERR,ERR,ERR,ERR,ERR,ERR,ERR,ERR,ERR,ERR,ERR,ERR,ERR,ERR,ERR,ERR,ERR,ERR,ERR,ERR,ERR,ERR,ERR,0.0,-0.0,3.028208139652935e+23,0.0,0.0,1.3936040501711995e+18,7.805,0.0,0,0,4,0,7300,-0.0,0,0.0,0.0,0.0,0.0,0.0,0,0,0,0,0.0,0,0,0,0,0,0,0,0,0,0,0,0,0,0,0,0,0,0,0,0,0,0,0,0,0,0,0,0,0,0,0,0,0,32,30,30,62,65476,0,300,0,0,8,21553,0.0,-107605600.0,0.0,0.0,0.0,0.0,0.0,0.0,0.0,0.0,0.0,0.0,0.0,0.0,0.0,0.0,0.0,0.0,0.0,0.0,0.0,0.0,2.004,-2.004,-0.0,-2.004,0.0,0.0,0.0,0.0,5436.0,-0.0,6929.0,0.0,-0.0,-107615280.0,-0.0,0.0,0.0,0.0,0.0,63,0.0,0.0,0.0,0.0,0.0,0.0,0.0,0.0,0.0,0,0,0,0.0,0.0,0.0,0.0,0.0,0.0,0.0,0.0,0.0,0.0,0.0,0.0,0.0,0.0,0.0,0.0,0,-107875648.0,63,0.0,126,2.7184242562605685e+23,-0.0,ERR,ERR,ERR,ERR,ERR,ERR,ERR,ERR,ERR,ERR,ERR,ERR,ERR,ERR,ERR,ERR,ERR,ERR,ERR,ERR,ERR,ERR,ERR,ERR,ERR,ERR,ERR,ERR,ERR,ERR,ERR,ERR,ERR,ERR,ERR,ERR,ERR,ERR,ERR,ERR,ERR,ERR,ERR,ERR,ERR,ERR,ERR,ERR,ERR,ERR,ERR,ERR,ERR,ERR,ERR,ERR,ERR,ERR,ERR,ERR,ERR,ERR,ERR,ERR,ERR,ERR,ERR,34.0,80.0,35,0.0,0.0,0.0,0.0,0.0,0.0,0.0,0.0,0.0,0.0,0.0,0.0,0.0,0.0,0.0,0.0,64.4,0,116,56,49,65476,0,300,0,0,8,20529,65476,0,0,57672,80.0,0.0,0.0,0.0,0.0,0.0
2026-06-17T04:39:36,ERR,ERR,ERR,ERR,ERR,ERR,ERR,ERR,ERR,ERR,ERR,ERR,ERR,ERR,ERR,ERR,ERR,ERR,ERR,ERR,ERR,ERR,ERR,ERR,ERR,ERR,ERR,ERR,ERR,ERR,ERR,ERR,ERR,ERR,ERR,ERR,ERR,ERR,ERR,ERR,ERR,ERR,ERR,ERR,ERR,ERR,ERR,ERR,ERR,ERR,ERR,ERR,ERR,ERR,ERR,ERR,ERR,ERR,ERR,ERR,ERR,ERR,ERR,ERR,ERR,ERR,ERR,ERR,ERR,ERR,ERR,ERR,ERR,ERR,ERR,ERR,ERR,ERR,ERR,ERR,ERR,ERR,ERR,ERR,ERR,ERR,ERR,ERR,ERR,ERR,ERR,ERR,ERR,ERR,ERR,ERR,ERR,ERR,ERR,ERR,ERR,ERR,ERR,ERR,ERR,ERR,ERR,ERR,ERR,ERR,ERR,ERR,ERR,ERR,ERR,ERR,ERR,ERR,ERR,ERR,ERR,ERR,ERR,ERR,ERR,0.0,-0.0,3.028208139652935e+23,0.0,0.0,1.3936040501711995e+18,7.805,0.0,0,0,4,0,7300,-0.0,0,0.0,0.0,0.0,0.0,0.0,0,0,0,0,0.0,0,0,0,0,0,0,0,0,0,0,0,0,0,0,0,0,0,0,0,0,0,0,0,0,0,0,0,0,0,0,0,0,0,32,30,30,62,65476,0,300,0,0,8,21553,0.0,-107605600.0,0.0,0.0,0.0,0.0,0.0,0.0,0.0,0.0,0.0,0.0,0.0,0.0,0.0,0.0,0.0,0.0,0.0,0.0,0.0,0.0,2.004,-2.004,-0.0,-2.004,0.0,0.0,0.0,0.0,5436.0,-0.0,6929.0,0.0,-0.0,-107615280.0,-0.0,0.0,0.0,0.0,0.0,63,0.0,0.0,0.0,0.0,0.0,0.0,0.0,0.0,0.0,0,0,0,0.0,0.0,0.0,0.0,0.0,0.0,0.0,0.0,0.0,0.0,0.0,0.0,0.0,0.0,0.0,0.0,0,-107875648.0,63,0.0,126,2.7184242562605685e+23,-0.0,ERR,ERR,ERR,ERR,ERR,ERR,ERR,ERR,ERR,ERR,ERR,ERR,ERR,ERR,ERR,ERR,ERR,ERR,ERR,ERR,ERR,ERR,ERR,ERR,ERR,ERR,ERR,ERR,ERR,ERR,ERR,ERR,ERR,ERR,ERR,ERR,ERR,ERR,ERR,ERR,ERR,ERR,ERR,ERR,ERR,ERR,ERR,ERR,ERR,ERR,ERR,ERR,ERR,ERR,ERR,ERR,ERR,ERR,ERR,ERR,ERR,ERR,ERR,ERR,ERR,ERR,ERR,34.0,80.0,35,0.0,0.0,0.0,0.0,0.0,0.0,0.0,0.0,0.0,0.0,0.0,0.0,0.0,0.0,0.0,0.0,64.8,0,116,56,49,65476,0,300,0,0,8,20529,65476,0,0,57672,80.0,0.0,0.0,0.0,0.0,0.0
2026-06-17T04:39:37,ERR,ERR,ERR,ERR,ERR,ERR,ERR,ERR,ERR,ERR,ERR,ERR,ERR,ERR,ERR,ERR,ERR,ERR,ERR,ERR,ERR,ERR,ERR,ERR,ERR,ERR,ERR,ERR,ERR,ERR,ERR,ERR,ERR,ERR,ERR,ERR,ERR,ERR,ERR,ERR,ERR,ERR,ERR,ERR,ERR,ERR,ERR,ERR,ERR,ERR,ERR,ERR,ERR,ERR,ERR,ERR,ERR,ERR,ERR,ERR,ERR,ERR,ERR,ERR,ERR,ERR,ERR,ERR,ERR,ERR,ERR,ERR,ERR,ERR,ERR,ERR,ERR,ERR,ERR,ERR,ERR,ERR,ERR,ERR,ERR,ERR,ERR,ERR,ERR,ERR,ERR,ERR,ERR,ERR,ERR,ERR,ERR,ERR,ERR,ERR,ERR,ERR,ERR,ERR,ERR,ERR,ERR,ERR,ERR,ERR,ERR,ERR,ERR,ERR,ERR,ERR,ERR,ERR,ERR,ERR,ERR,ERR,ERR,ERR,ERR,0.0,-0.0,3.028208139652935e+23,0.0,0.0,1.3936040501711995e+18,7.805,0.0,0,0,4,0,7300,-0.0,0,0.0,0.0,0.0,0.0,0.0,0,0,0,0,0.0,0,0,0,0,0,0,0,0,0,0,0,0,0,0,0,0,0,0,0,0,0,0,0,0,0,0,0,0,0,0,0,0,0,32,30,30,62,65476,0,300,0,0,8,21553,0.0,-107605600.0,0.0,0.0,0.0,0.0,0.0,0.0,0.0,0.0,0.0,0.0,0.0,0.0,0.0,0.0,0.0,0.0,0.0,0.0,0.0,0.0,2.004,-2.004,-0.0,-2.004,0.0,0.0,0.0,0.0,5436.0,-0.0,6929.0,0.0,-0.0,-107615280.0,-0.0,0.0,0.0,0.0,0.0,63,0.0,0.0,0.0,0.0,0.0,0.0,0.0,0.0,0.0,0,0,0,0.0,0.0,0.0,0.0,0.0,0.0,0.0,0.0,0.0,0.0,0.0,0.0,0.0,0.0,0.0,0.0,0,-107875648.0,63,0.0,126,2.7184242562605685e+23,-0.0,ERR,ERR,ERR,ERR,ERR,ERR,ERR,ERR,ERR,ERR,ERR,ERR,ERR,ERR,ERR,ERR,ERR,ERR,ERR,ERR,ERR,ERR,ERR,ERR,ERR,ERR,ERR,ERR,ERR,ERR,ERR,ERR,ERR,ERR,ERR,ERR,ERR,ERR,ERR,ERR,ERR,ERR,ERR,ERR,ERR,ERR,ERR,ERR,ERR,ERR,ERR,ERR,ERR,ERR,ERR,ERR,ERR,ERR,ERR,ERR,ERR,ERR,ERR,ERR,ERR,ERR,ERR,34.0,80.0,35,0.0,0.0,0.0,0.0,0.0,0.0,0.0,0.0,0.0,0.0,0.0,0.0,0.0,0.0,0.0,0.0,64.8,0,116,56,49,65476,0,300,0,0,8,20529,65476,0,0,57672,80.0,0.0,0.0,0.0,0.0,0.0
2026-06-17T04:39:38,ERR,ERR,ERR,ERR,ERR,ERR,ERR,ERR,ERR,ERR,ERR,ERR,ERR,ERR,ERR,ERR,ERR,ERR,ERR,ERR,ERR,ERR,ERR,ERR,ERR,ERR,ERR,ERR,ERR,ERR,ERR,ERR,ERR,ERR,ERR,ERR,ERR,ERR,ERR,ERR,ERR,ERR,ERR,ERR,ERR,ERR,ERR,ERR,ERR,ERR,ERR,ERR,ERR,ERR,ERR,ERR,ERR,ERR,ERR,ERR,ERR,ERR,ERR,ERR,ERR,ERR,ERR,ERR,ERR,ERR,ERR,ERR,ERR,ERR,ERR,ERR,ERR,ERR,ERR,ERR,ERR,ERR,ERR,ERR,ERR,ERR,ERR,ERR,ERR,ERR,ERR,ERR,ERR,ERR,ERR,ERR,ERR,ERR,ERR,ERR,ERR,ERR,ERR,ERR,ERR,ERR,ERR,ERR,ERR,ERR,ERR,ERR,ERR,ERR,ERR,ERR,ERR,ERR,ERR,ERR,ERR,ERR,ERR,ERR,ERR,0.0,-0.0,3.028208139652935e+23,0.0,0.0,1.3936040501711995e+18,7.805,0.0,0,0,4,0,7300,-0.0,0,0.0,0.0,0.0,0.0,0.0,0,0,0,0,0.0,0,0,0,0,0,0,0,0,0,0,0,0,0,0,0,0,0,0,0,0,0,0,0,0,0,0,0,0,0,0,0,0,0,32,30,30,62,65476,0,300,0,0,8,21553,0.0,-107605600.0,0.0,0.0,0.0,0.0,0.0,0.0,0.0,0.0,0.0,0.0,0.0,0.0,0.0,0.0,0.0,0.0,0.0,0.0,0.0,0.0,2.004,-2.004,-0.0,-2.004,0.0,0.0,0.0,0.0,5436.0,-0.0,6929.0,0.0,-0.0,-107615280.0,-0.0,0.0,0.0,0.0,0.0,63,0.0,0.0,0.0,0.0,0.0,0.0,0.0,0.0,0.0,0,0,0,0.0,0.0,0.0,0.0,0.0,0.0,0.0,0.0,0.0,0.0,0.0,0.0,0.0,0.0,0.0,0.0,0,-107875648.0,63,0.0,126,2.7184242562605685e+23,-0.0,ERR,ERR,ERR,ERR,ERR,ERR,ERR,ERR,ERR,ERR,ERR,ERR,ERR,ERR,ERR,ERR,ERR,ERR,ERR,ERR,ERR,ERR,ERR,ERR,ERR,ERR,ERR,ERR,ERR,ERR,ERR,ERR,ERR,ERR,ERR,ERR,ERR,ERR,ERR,ERR,ERR,ERR,ERR,ERR,ERR,ERR,ERR,ERR,ERR,ERR,ERR,ERR,ERR,ERR,ERR,ERR,ERR,ERR,ERR,ERR,ERR,ERR,ERR,ERR,ERR,ERR,ERR,34.0,80.0,35,0.0,0.0,0.0,0.0,0.0,0.0,0.0,0.0,0.0,0.0,0.0,0.0,0.0,0.0,0.0,0.0,64.4,0,116,56,49,65476,0,300,0,0,8,20529,65476,0,0,57672,80.0,0.0,0.0,0.0,0.0,0.0
2026-06-17T04:39:39,ERR,ERR,ERR,ERR,ERR,ERR,ERR,ERR,ERR,ERR,ERR,ERR,ERR,ERR,ERR,ERR,ERR,ERR,ERR,ERR,ERR,ERR,ERR,ERR,ERR,ERR,ERR,ERR,ERR,ERR,ERR,ERR,ERR,ERR,ERR,ERR,ERR,ERR,ERR,ERR,ERR,ERR,ERR,ERR,ERR,ERR,ERR,ERR,ERR,ERR,ERR,ERR,ERR,ERR,ERR,ERR,ERR,ERR,ERR,ERR,ERR,ERR,ERR,ERR,ERR,ERR,ERR,ERR,ERR,ERR,ERR,ERR,ERR,ERR,ERR,ERR,ERR,ERR,ERR,ERR,ERR,ERR,ERR,ERR,ERR,ERR,ERR,ERR,ERR,ERR,ERR,ERR,ERR,ERR,ERR,ERR,ERR,ERR,ERR,ERR,ERR,ERR,ERR,ERR,ERR,ERR,ERR,ERR,ERR,ERR,ERR,ERR,ERR,ERR,ERR,ERR,ERR,ERR,ERR,ERR,ERR,ERR,ERR,ERR,ERR,0.0,-0.0,3.028208139652935e+23,0.0,0.0,1.3936040501711995e+18,7.805,0.0,0,0,4,0,7300,-0.0,0,0.0,0.0,0.0,0.0,0.0,0,0,0,0,0.0,0,0,0,0,0,0,0,0,0,0,0,0,0,0,0,0,0,0,0,0,0,0,0,0,0,0,0,0,0,0,0,0,0,32,30,30,62,65476,0,300,0,0,8,21553,0.0,-107605600.0,0.0,0.0,0.0,0.0,0.0,0.0,0.0,0.0,0.0,0.0,0.0,0.0,0.0,0.0,0.0,0.0,0.0,0.0,0.0,0.0,2.004,-2.004,-0.0,-2.004,0.0,0.0,0.0,0.0,5436.0,-0.0,6929.0,0.0,-0.0,-107615280.0,-0.0,0.0,0.0,0.0,0.0,63,0.0,0.0,0.0,0.0,0.0,0.0,0.0,0.0,0.0,0,0,0,0.0,0.0,0.0,0.0,0.0,0.0,0.0,0.0,0.0,0.0,0.0,0.0,0.0,0.0,0.0,0.0,0,-107875648.0,63,0.0,126,2.7184242562605685e+23,-0.0,ERR,ERR,ERR,ERR,ERR,ERR,ERR,ERR,ERR,ERR,ERR,ERR,ERR,ERR,ERR,ERR,ERR,ERR,ERR,ERR,ERR,ERR,ERR,ERR,ERR,ERR,ERR,ERR,ERR,ERR,ERR,ERR,ERR,ERR,ERR,ERR,ERR,ERR,ERR,ERR,ERR,ERR,ERR,ERR,ERR,ERR,ERR,ERR,ERR,ERR,ERR,ERR,ERR,ERR,ERR,ERR,ERR,ERR,ERR,ERR,ERR,ERR,ERR,ERR,ERR,ERR,ERR,34.0,80.0,35,0.0,0.0,0.0,0.0,0.0,0.0,0.0,0.0,0.0,0.0,0.0,0.0,0.0,0.0,0.0,0.0,64.4,0,116,56,49,65476,0,300,0,0,8,20529,65476,0,0,57672,80.0,0.0,0.0,0.0,0.0,0.0
2026-06-17T04:39:40,ERR,ERR,ERR,ERR,ERR,ERR,ERR,ERR,ERR,ERR,ERR,ERR,ERR,ERR,ERR,ERR,ERR,ERR,ERR,ERR,ERR,ERR,ERR,ERR,ERR,ERR,ERR,ERR,ERR,ERR,ERR,ERR,ERR,ERR,ERR,ERR,ERR,ERR,ERR,ERR,ERR,ERR,ERR,ERR,ERR,ERR,ERR,ERR,ERR,ERR,ERR,ERR,ERR,ERR,ERR,ERR,ERR,ERR,ERR,ERR,ERR,ERR,ERR,ERR,ERR,ERR,ERR,ERR,ERR,ERR,ERR,ERR,ERR,ERR,ERR,ERR,ERR,ERR,ERR,ERR,ERR,ERR,ERR,ERR,ERR,ERR,ERR,ERR,ERR,ERR,ERR,ERR,ERR,ERR,ERR,ERR,ERR,ERR,ERR,ERR,ERR,ERR,ERR,ERR,ERR,ERR,ERR,ERR,ERR,ERR,ERR,ERR,ERR,ERR,ERR,ERR,ERR,ERR,ERR,ERR,ERR,ERR,ERR,ERR,ERR,0.0,-0.0,-0.0,0.0,0.0,1.3936040501711995e+18,7.805,0.0,0,0,4,0,7300,-0.0,0,0.0,0.0,0.0,0.0,0.0,0,0,0,0,0.0,0,0,0,0,0,0,0,0,0,0,0,0,0,0,0,0,0,0,0,0,0,0,0,0,0,0,0,0,0,0,0,0,0,32,30,30,62,65476,0,300,0,0,8,21553,0.0,-107605600.0,0.0,0.0,0.0,0.0,0.0,0.0,0.0,0.0,0.0,0.0,0.0,0.0,0.0,0.0,0.0,0.0,0.0,0.0,0.0,0.0,2.004,-2.004,-0.0,-2.004,0.0,0.0,0.0,0.0,5432.0,-0.0,6960.0,0.0,-0.0,-107615280.0,-0.0,0.0,0.0,0.0,0.0,63,0.0,-4.950407707648602e+32,0.0,0.0,0.0,0.0,0.0,0.0,0.0,0,0,0,0.0,0.0,0.0,0.0,0.0,0.0,0.0,0.0,0.0,0.0,0.0,0.0,0.0,0.0,0.0,0.0,0,-107875648.0,63,0.0,126,2.7184242562605685e+23,-0.0,ERR,ERR,ERR,ERR,ERR,ERR,ERR,ERR,ERR,ERR,ERR,ERR,ERR,ERR,ERR,ERR,ERR,ERR,ERR,ERR,ERR,ERR,ERR,ERR,ERR,ERR,ERR,ERR,ERR,ERR,ERR,ERR,ERR,ERR,ERR,ERR,ERR,ERR,ERR,ERR,ERR,ERR,ERR,ERR,ERR,ERR,ERR,ERR,ERR,ERR,ERR,ERR,ERR,ERR,ERR,ERR,ERR,ERR,ERR,ERR,ERR,ERR,ERR,ERR,ERR,ERR,ERR,34.0,80.0,35,0.0,0.0,0.0,0.0,0.0,0.0,0.0,0.0,0.0,0.0,0.0,0.0,0.0,0.0,0.0,0.0,64.4,0,116,56,49,65476,0,300,0,0,8,20529,65476,0,0,57672,80.0,0.0,0.0,0.0,0.0,0.0
2026-06-17T04:39:41,ERR,ERR,ERR,ERR,ERR,ERR,ERR,ERR,ERR,ERR,ERR,ERR,ERR,ERR,ERR,ERR,ERR,ERR,ERR,ERR,ERR,ERR,ERR,ERR,ERR,ERR,ERR,ERR,ERR,ERR,ERR,ERR,ERR,ERR,ERR,ERR,ERR,ERR,ERR,ERR,ERR,ERR,ERR,ERR,ERR,ERR,ERR,ERR,ERR,ERR,ERR,ERR,ERR,ERR,ERR,ERR,ERR,ERR,ERR,ERR,ERR,ERR,ERR,ERR,ERR,ERR,ERR,ERR,ERR,ERR,ERR,ERR,ERR,ERR,ERR,ERR,ERR,ERR,ERR,ERR,ERR,ERR,ERR,ERR,ERR,ERR,ERR,ERR,ERR,ERR,ERR,ERR,ERR,ERR,ERR,ERR,ERR,ERR,ERR,ERR,ERR,ERR,ERR,ERR,ERR,ERR,ERR,ERR,ERR,ERR,ERR,ERR,ERR,ERR,ERR,ERR,ERR,ERR,ERR,ERR,ERR,ERR,ERR,ERR,ERR,0.0,-0.0,-0.0,0.0,0.0,1.3936040501711995e+18,7.805,0.0,0,0,4,0,7300,-0.0,0,0.0,0.0,0.0,0.0,0.0,0,0,0,0,0.0,0,0,0,0,0,0,0,0,0,0,0,0,0,0,0,0,0,0,0,0,0,0,0,0,0,0,0,0,0,0,0,0,0,32,30,30,62,65476,0,300,0,0,8,21553,0.0,-107605600.0,0.0,0.0,0.0,0.0,0.0,0.0,0.0,0.0,0.0,0.0,0.0,0.0,0.0,0.0,0.0,0.0,0.0,0.0,0.0,0.0,2.004,-2.004,-0.0,-2.004,0.0,0.0,0.0,0.0,5432.0,-0.0,6960.0,0.0,-0.0,-107615280.0,-0.0,0.0,0.0,0.0,0.0,63,0.0,-4.950407707648602e+32,0.0,0.0,0.0,0.0,0.0,0.0,0.0,0,0,0,0.0,0.0,0.0,0.0,0.0,0.0,0.0,0.0,0.0,0.0,0.0,0.0,0.0,0.0,0.0,0.0,0,-107875648.0,63,0.0,126,2.7184242562605685e+23,-0.0,ERR,ERR,ERR,ERR,ERR,ERR,ERR,ERR,ERR,ERR,ERR,ERR,ERR,ERR,ERR,ERR,ERR,ERR,ERR,ERR,ERR,ERR,ERR,ERR,ERR,ERR,ERR,ERR,ERR,ERR,ERR,ERR,ERR,ERR,ERR,ERR,ERR,ERR,ERR,ERR,ERR,ERR,ERR,ERR,ERR,ERR,ERR,ERR,ERR,ERR,ERR,ERR,ERR,ERR,ERR,ERR,ERR,ERR,ERR,ERR,ERR,ERR,ERR,ERR,ERR,ERR,ERR,34.0,80.0,35,0.0,0.0,0.0,0.0,0.0,0.0,0.0,0.0,0.0,0.0,0.0,0.0,0.0,0.0,0.0,0.0,64.4,0,116,56,49,65476,0,300,0,0,8,20529,65476,0,0,57672,80.0,0.0,0.0,0.0,0.0,0.0
2026-06-17T04:39:42,ERR,ERR,ERR,ERR,ERR,ERR,ERR,ERR,ERR,ERR,ERR,ERR,ERR,ERR,ERR,ERR,ERR,ERR,ERR,ERR,ERR,ERR,ERR,ERR,ERR,ERR,ERR,ERR,ERR,ERR,ERR,ERR,ERR,ERR,ERR,ERR,ERR,ERR,ERR,ERR,ERR,ERR,ERR,ERR,ERR,ERR,ERR,ERR,ERR,ERR,ERR,ERR,ERR,ERR,ERR,ERR,ERR,ERR,ERR,ERR,ERR,ERR,ERR,ERR,ERR,ERR,ERR,ERR,ERR,ERR,ERR,ERR,ERR,ERR,ERR,ERR,ERR,ERR,ERR,ERR,ERR,ERR,ERR,ERR,ERR,ERR,ERR,ERR,ERR,ERR,ERR,ERR,ERR,ERR,ERR,ERR,ERR,ERR,ERR,ERR,ERR,ERR,ERR,ERR,ERR,ERR,ERR,ERR,ERR,ERR,ERR,ERR,ERR,ERR,ERR,ERR,ERR,ERR,ERR,ERR,ERR,ERR,ERR,ERR,ERR,0.0,-0.0,-0.0,0.0,0.0,1.3936040501711995e+18,7.805,0.0,0,0,4,0,7300,-0.0,0,0.0,0.0,0.0,0.0,0.0,0,0,0,0,0.0,0,0,0,0,0,0,0,0,0,0,0,0,0,0,0,0,0,0,0,0,0,0,0,0,0,0,0,0,0,0,0,0,0,32,30,30,62,65476,0,300,0,0,8,21553,0.0,-107605600.0,0.0,0.0,0.0,0.0,0.0,0.0,0.0,0.0,0.0,0.0,0.0,0.0,0.0,0.0,0.0,0.0,0.0,0.0,0.0,0.0,2.004,-2.004,-0.0,-2.004,0.0,0.0,0.0,0.0,5432.0,-0.0,6960.0,0.0,-0.0,-107615280.0,-0.0,0.0,0.0,0.0,0.0,63,0.0,-4.950407707648602e+32,0.0,0.0,0.0,0.0,0.0,0.0,0.0,0,0,0,0.0,0.0,0.0,0.0,0.0,0.0,0.0,0.0,0.0,0.0,0.0,0.0,0.0,0.0,0.0,0.0,0,-107875648.0,63,0.0,126,2.7184242562605685e+23,-0.0,ERR,ERR,ERR,ERR,ERR,ERR,ERR,ERR,ERR,ERR,ERR,ERR,ERR,ERR,ERR,ERR,ERR,ERR,ERR,ERR,ERR,ERR,ERR,ERR,ERR,ERR,ERR,ERR,ERR,ERR,ERR,ERR,ERR,ERR,ERR,ERR,ERR,ERR,ERR,ERR,ERR,ERR,ERR,ERR,ERR,ERR,ERR,ERR,ERR,ERR,ERR,ERR,ERR,ERR,ERR,ERR,ERR,ERR,ERR,ERR,ERR,ERR,ERR,ERR,ERR,ERR,ERR,34.0,80.0,35,0.0,0.0,0.0,0.0,0.0,0.0,0.0,0.0,0.0,0.0,0.0,0.0,0.0,0.0,0.0,0.0,64.4,0,116,56,49,65476,0,300,0,0,8,20529,65476,0,0,57672,80.0,0.0,0.0,0.0,0.0,0.0
2026-06-17T04:39:43,ERR,ERR,ERR,ERR,ERR,ERR,ERR,ERR,ERR,ERR,ERR,ERR,ERR,ERR,ERR,ERR,ERR,ERR,ERR,ERR,ERR,ERR,ERR,ERR,ERR,ERR,ERR,ERR,ERR,ERR,ERR,ERR,ERR,ERR,ERR,ERR,ERR,ERR,ERR,ERR,ERR,ERR,ERR,ERR,ERR,ERR,ERR,ERR,ERR,ERR,ERR,ERR,ERR,ERR,ERR,ERR,ERR,ERR,ERR,ERR,ERR,ERR,ERR,ERR,ERR,ERR,ERR,ERR,ERR,ERR,ERR,ERR,ERR,ERR,ERR,ERR,ERR,ERR,ERR,ERR,ERR,ERR,ERR,ERR,ERR,ERR,ERR,ERR,ERR,ERR,ERR,ERR,ERR,ERR,ERR,ERR,ERR,ERR,ERR,ERR,ERR,ERR,ERR,ERR,ERR,ERR,ERR,ERR,ERR,ERR,ERR,ERR,ERR,ERR,ERR,ERR,ERR,ERR,ERR,ERR,ERR,ERR,ERR,ERR,ERR,0.0,-0.0,-0.0,0.0,0.0,1.3936040501711995e+18,7.805,0.0,0,0,4,0,7300,-0.0,0,0.0,0.0,0.0,0.0,0.0,0,0,0,0,0.0,0,0,0,0,0,0,0,0,0,0,0,0,0,0,0,0,0,0,0,0,0,0,0,0,0,0,0,0,0,0,0,0,0,32,30,30,62,65476,0,300,0,0,8,21553,0.0,-107605600.0,0.0,0.0,0.0,0.0,0.0,0.0,0.0,0.0,0.0,0.0,0.0,0.0,0.0,0.0,0.0,0.0,0.0,0.0,0.0,0.0,2.004,-2.004,-0.0,-2.004,0.0,0.0,0.0,0.0,5432.0,-0.0,6960.0,0.0,-0.0,-107615280.0,-0.0,0.0,0.0,0.0,0.0,63,0.0,-4.950407707648602e+32,0.0,0.0,0.0,0.0,0.0,0.0,0.0,0,0,0,0.0,0.0,0.0,0.0,0.0,0.0,0.0,0.0,0.0,0.0,0.0,0.0,0.0,0.0,0.0,0.0,0,-107875648.0,63,0.0,126,2.7184242562605685e+23,-0.0,ERR,ERR,ERR,ERR,ERR,ERR,ERR,ERR,ERR,ERR,ERR,ERR,ERR,ERR,ERR,ERR,ERR,ERR,ERR,ERR,ERR,ERR,ERR,ERR,ERR,ERR,ERR,ERR,ERR,ERR,ERR,ERR,ERR,ERR,ERR,ERR,ERR,ERR,ERR,ERR,ERR,ERR,ERR,ERR,ERR,ERR,ERR,ERR,ERR,ERR,ERR,ERR,ERR,ERR,ERR,ERR,ERR,ERR,ERR,ERR,ERR,ERR,ERR,ERR,ERR,ERR,ERR,34.0,80.0,35,0.0,0.0,0.0,0.0,0.0,0.0,0.0,0.0,0.0,0.0,0.0,0.0,0.0,0.0,0.0,0.0,64.4,0,116,56,49,65476,0,300,0,0,8,20529,65476,0,0,57672,80.0,0.0,0.0,0.0,0.0,0.0
2026-06-17T04:39:44,ERR,ERR,ERR,ERR,ERR,ERR,ERR,ERR,ERR,ERR,ERR,ERR,ERR,ERR,ERR,ERR,ERR,ERR,ERR,ERR,ERR,ERR,ERR,ERR,ERR,ERR,ERR,ERR,ERR,ERR,ERR,ERR,ERR,ERR,ERR,ERR,ERR,ERR,ERR,ERR,ERR,ERR,ERR,ERR,ERR,ERR,ERR,ERR,ERR,ERR,ERR,ERR,ERR,ERR,ERR,ERR,ERR,ERR,ERR,ERR,ERR,ERR,ERR,ERR,ERR,ERR,ERR,ERR,ERR,ERR,ERR,ERR,ERR,ERR,ERR,ERR,ERR,ERR,ERR,ERR,ERR,ERR,ERR,ERR,ERR,ERR,ERR,ERR,ERR,ERR,ERR,ERR,ERR,ERR,ERR,ERR,ERR,ERR,ERR,ERR,ERR,ERR,ERR,ERR,ERR,ERR,ERR,ERR,ERR,ERR,ERR,ERR,ERR,ERR,ERR,ERR,ERR,ERR,ERR,ERR,ERR,ERR,ERR,ERR,ERR,0.0,-0.0,-0.0,0.0,0.0,1.3936040501711995e+18,7.805,0.0,0,0,4,0,7300,-0.0,0,0.0,0.0,0.0,0.0,0.0,0,0,0,0,0.0,0,0,0,0,0,0,0,0,0,0,0,0,0,0,0,0,0,0,0,0,0,0,0,0,0,0,0,0,0,0,0,0,0,32,30,30,62,65476,0,300,0,0,8,21553,0.0,-107605600.0,0.0,0.0,0.0,0.0,0.0,0.0,0.0,0.0,0.0,0.0,0.0,0.0,0.0,0.0,0.0,0.0,0.0,0.0,0.0,0.0,2.004,-2.004,-0.0,-2.004,0.0,0.0,0.0,0.0,5432.0,-0.0,6960.0,0.0,-0.0,-107615280.0,-0.0,0.0,0.0,0.0,0.0,63,0.0,-4.950407707648602e+32,0.0,0.0,0.0,0.0,0.0,0.0,0.0,0,0,0,0.0,0.0,0.0,0.0,0.0,0.0,0.0,0.0,0.0,0.0,0.0,0.0,0.0,0.0,0.0,0.0,0,-107875648.0,63,0.0,126,2.7184242562605685e+23,-0.0,ERR,ERR,ERR,ERR,ERR,ERR,ERR,ERR,ERR,ERR,ERR,ERR,ERR,ERR,ERR,ERR,ERR,ERR,ERR,ERR,ERR,ERR,ERR,ERR,ERR,ERR,ERR,ERR,ERR,ERR,ERR,ERR,ERR,ERR,ERR,ERR,ERR,ERR,ERR,ERR,ERR,ERR,ERR,ERR,ERR,ERR,ERR,ERR,ERR,ERR,ERR,ERR,ERR,ERR,ERR,ERR,ERR,ERR,ERR,ERR,ERR,ERR,ERR,ERR,ERR,ERR,ERR,34.0,80.0,35,0.0,0.0,0.0,0.0,0.0,0.0,0.0,0.0,0.0,0.0,0.0,0.0,0.0,0.0,0.0,0.0,64.4,0,116,56,49,65476,0,300,0,0,8,20529,65476,0,0,57672,80.0,0.0,0.0,0.0,0.0,0.0
2026-06-17T04:39:45,ERR,ERR,ERR,ERR,ERR,ERR,ERR,ERR,ERR,ERR,ERR,ERR,ERR,ERR,ERR,ERR,ERR,ERR,ERR,ERR,ERR,ERR,ERR,ERR,ERR,ERR,ERR,ERR,ERR,ERR,ERR,ERR,ERR,ERR,ERR,ERR,ERR,ERR,ERR,ERR,ERR,ERR,ERR,ERR,ERR,ERR,ERR,ERR,ERR,ERR,ERR,ERR,ERR,ERR,ERR,ERR,ERR,ERR,ERR,ERR,ERR,ERR,ERR,ERR,ERR,ERR,ERR,ERR,ERR,ERR,ERR,ERR,ERR,ERR,ERR,ERR,ERR,ERR,ERR,ERR,ERR,ERR,ERR,ERR,ERR,ERR,ERR,ERR,ERR,ERR,ERR,ERR,ERR,ERR,ERR,ERR,ERR,ERR,ERR,ERR,ERR,ERR,ERR,ERR,ERR,ERR,ERR,ERR,ERR,ERR,ERR,ERR,ERR,ERR,ERR,ERR,ERR,ERR,ERR,ERR,ERR,ERR,ERR,ERR,ERR,0.0,-0.0,-0.0,0.0,0.0,1.3936040501711995e+18,7.805,0.0,0,0,4,0,7300,-0.0,0,0.0,0.0,0.0,0.0,0.0,0,0,0,0,0.0,0,0,0,0,0,0,0,0,0,0,0,0,0,0,0,0,0,0,0,0,0,0,0,0,0,0,0,0,0,0,0,0,0,32,30,30,62,65476,0,300,0,0,8,21553,0.0,-107605600.0,0.0,0.0,0.0,0.0,0.0,0.0,0.0,0.0,0.0,0.0,0.0,0.0,0.0,0.0,0.0,0.0,0.0,0.0,0.0,0.0,2.004,-2.004,-0.0,-2.004,0.0,0.0,0.0,0.0,5435.0,564146705793024.0,6923.0,0.0,-0.0,-107615280.0,-0.0,0.0,0.0,0.0,0.0,63,0.0,-71.63,0.0,0.0,0.0,0.0,0.0,0.0,0.0,0,0,0,0.0,0.0,0.0,0.0,0.0,0.0,0.0,0.0,0.0,0.0,0.0,0.0,0.0,0.0,0.0,0.0,0,-107875648.0,63,0.0,126,2.7184242562605685e+23,-0.0,ERR,ERR,ERR,ERR,ERR,ERR,ERR,ERR,ERR,ERR,ERR,ERR,ERR,ERR,ERR,ERR,ERR,ERR,ERR,ERR,ERR,ERR,ERR,ERR,ERR,ERR,ERR,ERR,ERR,ERR,ERR,ERR,ERR,ERR,ERR,ERR,ERR,ERR,ERR,ERR,ERR,ERR,ERR,ERR,ERR,ERR,ERR,ERR,ERR,ERR,ERR,ERR,ERR,ERR,ERR,ERR,ERR,ERR,ERR,ERR,ERR,ERR,ERR,ERR,ERR,ERR,ERR,34.0,80.0,35,0.0,0.0,0.0,0.0,0.0,0.0,0.0,0.0,0.0,0.0,0.0,0.0,0.0,0.0,0.0,0.0,64.4,0,116,56,49,65476,0,300,0,0,8,20529,65476,0,0,57672,80.0,0.0,0.0,0.0,0.0,0.0
2026-06-17T04:39:46,ERR,ERR,ERR,ERR,ERR,ERR,ERR,ERR,ERR,ERR,ERR,ERR,ERR,ERR,ERR,ERR,ERR,ERR,ERR,ERR,ERR,ERR,ERR,ERR,ERR,ERR,ERR,ERR,ERR,ERR,ERR,ERR,ERR,ERR,ERR,ERR,ERR,ERR,ERR,ERR,ERR,ERR,ERR,ERR,ERR,ERR,ERR,ERR,ERR,ERR,ERR,ERR,ERR,ERR,ERR,ERR,ERR,ERR,ERR,ERR,ERR,ERR,ERR,ERR,ERR,ERR,ERR,ERR,ERR,ERR,ERR,ERR,ERR,ERR,ERR,ERR,ERR,ERR,ERR,ERR,ERR,ERR,ERR,ERR,ERR,ERR,ERR,ERR,ERR,ERR,ERR,ERR,ERR,ERR,ERR,ERR,ERR,ERR,ERR,ERR,ERR,ERR,ERR,ERR,ERR,ERR,ERR,ERR,ERR,ERR,ERR,ERR,ERR,ERR,ERR,ERR,ERR,ERR,ERR,ERR,ERR,ERR,ERR,ERR,ERR,0.0,-0.0,-0.0,0.0,0.0,1.3936040501711995e+18,7.805,0.0,0,0,4,0,7300,-0.0,0,0.0,0.0,0.0,0.0,0.0,0,0,0,0,0.0,0,0,0,0,0,0,0,0,0,0,0,0,0,0,0,0,0,0,0,0,0,0,0,0,0,0,0,0,0,0,0,0,0,32,30,30,62,65476,0,300,0,0,8,21553,0.0,-107605600.0,0.0,0.0,0.0,0.0,0.0,0.0,0.0,0.0,0.0,0.0,0.0,0.0,0.0,0.0,0.0,0.0,0.0,0.0,0.0,0.0,2.004,-2.004,-0.0,-2.004,0.0,0.0,0.0,0.0,5435.0,564146705793024.0,6923.0,0.0,-0.0,-107615280.0,-0.0,0.0,0.0,0.0,0.0,63,0.0,-71.63,0.0,0.0,0.0,0.0,0.0,0.0,0.0,0,0,0,0.0,0.0,0.0,0.0,0.0,0.0,0.0,0.0,0.0,0.0,0.0,0.0,0.0,0.0,0.0,0.0,0,-107875648.0,63,0.0,126,2.7184242562605685e+23,-0.0,ERR,ERR,ERR,ERR,ERR,ERR,ERR,ERR,ERR,ERR,ERR,ERR,ERR,ERR,ERR,ERR,ERR,ERR,ERR,ERR,ERR,ERR,ERR,ERR,ERR,ERR,ERR,ERR,ERR,ERR,ERR,ERR,ERR,ERR,ERR,ERR,ERR,ERR,ERR,ERR,ERR,ERR,ERR,ERR,ERR,ERR,ERR,ERR,ERR,ERR,ERR,ERR,ERR,ERR,ERR,ERR,ERR,ERR,ERR,ERR,ERR,ERR,ERR,ERR,ERR,ERR,ERR,34.0,80.0,35,0.0,0.0,0.0,0.0,0.0,0.0,0.0,0.0,0.0,0.0,0.0,0.0,0.0,0.0,0.0,0.0,64.4,0,116,56,49,65476,0,300,0,0,8,20529,65476,0,0,57672,80.0,0.0,0.0,0.0,0.0,0.0
2026-06-17T04:39:47,ERR,ERR,ERR,ERR,ERR,ERR,ERR,ERR,ERR,ERR,ERR,ERR,ERR,ERR,ERR,ERR,ERR,ERR,ERR,ERR,ERR,ERR,ERR,ERR,ERR,ERR,ERR,ERR,ERR,ERR,ERR,ERR,ERR,ERR,ERR,ERR,ERR,ERR,ERR,ERR,ERR,ERR,ERR,ERR,ERR,ERR,ERR,ERR,ERR,ERR,ERR,ERR,ERR,ERR,ERR,ERR,ERR,ERR,ERR,ERR,ERR,ERR,ERR,ERR,ERR,ERR,ERR,ERR,ERR,ERR,ERR,ERR,ERR,ERR,ERR,ERR,ERR,ERR,ERR,ERR,ERR,ERR,ERR,ERR,ERR,ERR,ERR,ERR,ERR,ERR,ERR,ERR,ERR,ERR,ERR,ERR,ERR,ERR,ERR,ERR,ERR,ERR,ERR,ERR,ERR,ERR,ERR,ERR,ERR,ERR,ERR,ERR,ERR,ERR,ERR,ERR,ERR,ERR,ERR,ERR,ERR,ERR,ERR,ERR,ERR,0.0,-0.0,-0.0,0.0,0.0,1.3936040501711995e+18,7.805,0.0,0,0,4,0,7300,-0.0,0,0.0,0.0,0.0,0.0,0.0,0,0,0,0,0.0,0,0,0,0,0,0,0,0,0,0,0,0,0,0,0,0,0,0,0,0,0,0,0,0,0,0,0,0,0,0,0,0,0,32,30,30,62,65476,0,300,0,0,8,21553,0.0,-107605600.0,0.0,0.0,0.0,0.0,0.0,0.0,0.0,0.0,0.0,0.0,0.0,0.0,0.0,0.0,0.0,0.0,0.0,0.0,0.0,0.0,2.004,-2.004,-0.0,-2.004,0.0,0.0,0.0,0.0,5435.0,564146705793024.0,6923.0,0.0,-0.0,-107615280.0,-0.0,0.0,0.0,0.0,0.0,63,0.0,-71.63,0.0,0.0,0.0,0.0,0.0,0.0,0.0,0,0,0,0.0,0.0,0.0,0.0,0.0,0.0,0.0,0.0,0.0,0.0,0.0,0.0,0.0,0.0,0.0,0.0,0,-107875648.0,63,0.0,126,2.7184242562605685e+23,-0.0,ERR,ERR,ERR,ERR,ERR,ERR,ERR,ERR,ERR,ERR,ERR,ERR,ERR,ERR,ERR,ERR,ERR,ERR,ERR,ERR,ERR,ERR,ERR,ERR,ERR,ERR,ERR,ERR,ERR,ERR,ERR,ERR,ERR,ERR,ERR,ERR,ERR,ERR,ERR,ERR,ERR,ERR,ERR,ERR,ERR,ERR,ERR,ERR,ERR,ERR,ERR,ERR,ERR,ERR,ERR,ERR,ERR,ERR,ERR,ERR,ERR,ERR,ERR,ERR,ERR,ERR,ERR,34.0,80.0,35,0.0,0.0,0.0,0.0,0.0,0.0,0.0,0.0,0.0,0.0,0.0,0.0,0.0,0.0,0.0,0.0,64.8,0,116,56,49,65476,0,300,0,0,8,20529,65476,0,0,57672,80.0,0.0,0.0,0.0,0.0,0.0
2026-06-17T04:39:48,ERR,ERR,ERR,ERR,ERR,ERR,ERR,ERR,ERR,ERR,ERR,ERR,ERR,ERR,ERR,ERR,ERR,ERR,ERR,ERR,ERR,ERR,ERR,ERR,ERR,ERR,ERR,ERR,ERR,ERR,ERR,ERR,ERR,ERR,ERR,ERR,ERR,ERR,ERR,ERR,ERR,ERR,ERR,ERR,ERR,ERR,ERR,ERR,ERR,ERR,ERR,ERR,ERR,ERR,ERR,ERR,ERR,ERR,ERR,ERR,ERR,ERR,ERR,ERR,ERR,ERR,ERR,ERR,ERR,ERR,ERR,ERR,ERR,ERR,ERR,ERR,ERR,ERR,ERR,ERR,ERR,ERR,ERR,ERR,ERR,ERR,ERR,ERR,ERR,ERR,ERR,ERR,ERR,ERR,ERR,ERR,ERR,ERR,ERR,ERR,ERR,ERR,ERR,ERR,ERR,ERR,ERR,ERR,ERR,ERR,ERR,ERR,ERR,ERR,ERR,ERR,ERR,ERR,ERR,ERR,ERR,ERR,ERR,ERR,ERR,0.0,-0.0,-0.0,0.0,0.0,1.3936040501711995e+18,7.805,0.0,0,0,4,0,7300,-0.0,0,0.0,0.0,0.0,0.0,0.0,0,0,0,0,0.0,0,0,0,0,0,0,0,0,0,0,0,0,0,0,0,0,0,0,0,0,0,0,0,0,0,0,0,0,0,0,0,0,0,32,30,30,62,65476,0,300,0,0,8,21553,0.0,-107605600.0,0.0,0.0,0.0,0.0,0.0,0.0,0.0,0.0,0.0,0.0,0.0,0.0,0.0,0.0,0.0,0.0,0.0,0.0,0.0,0.0,2.004,-2.004,-0.0,-2.004,0.0,0.0,0.0,0.0,5435.0,564146705793024.0,6923.0,0.0,-0.0,-107615280.0,-0.0,0.0,0.0,0.0,0.0,63,0.0,-71.63,0.0,0.0,0.0,0.0,0.0,0.0,0.0,0,0,0,0.0,0.0,0.0,0.0,0.0,0.0,0.0,0.0,0.0,0.0,0.0,0.0,0.0,0.0,0.0,0.0,0,-107875648.0,63,0.0,126,2.7184242562605685e+23,-0.0,ERR,ERR,ERR,ERR,ERR,ERR,ERR,ERR,ERR,ERR,ERR,ERR,ERR,ERR,ERR,ERR,ERR,ERR,ERR,ERR,ERR,ERR,ERR,ERR,ERR,ERR,ERR,ERR,ERR,ERR,ERR,ERR,ERR,ERR,ERR,ERR,ERR,ERR,ERR,ERR,ERR,ERR,ERR,ERR,ERR,ERR,ERR,ERR,ERR,ERR,ERR,ERR,ERR,ERR,ERR,ERR,ERR,ERR,ERR,ERR,ERR,ERR,ERR,ERR,ERR,ERR,ERR,34.0,80.0,35,0.0,0.0,0.0,0.0,0.0,0.0,0.0,0.0,0.0,0.0,0.0,0.0,0.0,0.0,0.0,0.0,64.8,0,116,56,49,65476,0,300,0,0,8,20529,65476,0,0,57672,80.0,0.0,0.0,0.0,0.0,0.0
2026-06-17T04:39:49,ERR,ERR,ERR,ERR,ERR,ERR,ERR,ERR,ERR,ERR,ERR,ERR,ERR,ERR,ERR,ERR,ERR,ERR,ERR,ERR,ERR,ERR,ERR,ERR,ERR,ERR,ERR,ERR,ERR,ERR,ERR,ERR,ERR,ERR,ERR,ERR,ERR,ERR,ERR,ERR,ERR,ERR,ERR,ERR,ERR,ERR,ERR,ERR,ERR,ERR,ERR,ERR,ERR,ERR,ERR,ERR,ERR,ERR,ERR,ERR,ERR,ERR,ERR,ERR,ERR,ERR,ERR,ERR,ERR,ERR,ERR,ERR,ERR,ERR,ERR,ERR,ERR,ERR,ERR,ERR,ERR,ERR,ERR,ERR,ERR,ERR,ERR,ERR,ERR,ERR,ERR,ERR,ERR,ERR,ERR,ERR,ERR,ERR,ERR,ERR,ERR,ERR,ERR,ERR,ERR,ERR,ERR,ERR,ERR,ERR,ERR,ERR,ERR,ERR,ERR,ERR,ERR,ERR,ERR,ERR,ERR,ERR,ERR,ERR,ERR,0.0,-0.0,-0.0,0.0,0.0,1.3936040501711995e+18,7.805,0.0,0,0,4,0,7300,-0.0,0,0.0,0.0,0.0,0.0,0.0,0,0,0,0,0.0,0,0,0,0,0,0,0,0,0,0,0,0,0,0,0,0,0,0,0,0,0,0,0,0,0,0,0,0,0,0,0,0,0,32,30,30,62,65476,0,300,0,0,8,21553,0.0,-107605600.0,0.0,0.0,0.0,0.0,0.0,0.0,0.0,0.0,0.0,0.0,0.0,0.0,0.0,0.0,0.0,0.0,0.0,0.0,0.0,0.0,2.004,-2.004,-0.0,-2.004,0.0,0.0,0.0,0.0,5435.0,564146705793024.0,6923.0,0.0,-0.0,-107615280.0,-0.0,0.0,0.0,0.0,0.0,63,0.0,-71.63,0.0,0.0,0.0,0.0,0.0,0.0,0.0,0,0,0,0.0,0.0,0.0,0.0,0.0,0.0,0.0,0.0,0.0,0.0,0.0,0.0,0.0,0.0,0.0,0.0,0,-107875648.0,63,0.0,126,2.7184242562605685e+23,-0.0,ERR,ERR,ERR,ERR,ERR,ERR,ERR,ERR,ERR,ERR,ERR,ERR,ERR,ERR,ERR,ERR,ERR,ERR,ERR,ERR,ERR,ERR,ERR,ERR,ERR,ERR,ERR,ERR,ERR,ERR,ERR,ERR,ERR,ERR,ERR,ERR,ERR,ERR,ERR,ERR,ERR,ERR,ERR,ERR,ERR,ERR,ERR,ERR,ERR,ERR,ERR,ERR,ERR,ERR,ERR,ERR,ERR,ERR,ERR,ERR,ERR,ERR,ERR,ERR,ERR,ERR,ERR,34.0,80.0,35,0.0,0.0,0.0,0.0,0.0,0.0,0.0,0.0,0.0,0.0,0.0,0.0,0.0,0.0,0.0,0.0,64.8,0,116,56,49,65476,0,300,0,0,8,20529,65476,0,0,57672,80.0,0.0,0.0,0.0,0.0,0.0
2026-06-17T04:39:50,ERR,ERR,ERR,ERR,ERR,ERR,ERR,ERR,ERR,ERR,ERR,ERR,ERR,ERR,ERR,ERR,ERR,ERR,ERR,ERR,ERR,ERR,ERR,ERR,ERR,ERR,ERR,ERR,ERR,ERR,ERR,ERR,ERR,ERR,ERR,ERR,ERR,ERR,ERR,ERR,ERR,ERR,ERR,ERR,ERR,ERR,ERR,ERR,ERR,ERR,ERR,ERR,ERR,ERR,ERR,ERR,ERR,ERR,ERR,ERR,ERR,ERR,ERR,ERR,ERR,ERR,ERR,ERR,ERR,ERR,ERR,ERR,ERR,ERR,ERR,ERR,ERR,ERR,ERR,ERR,ERR,ERR,ERR,ERR,ERR,ERR,ERR,ERR,ERR,ERR,ERR,ERR,ERR,ERR,ERR,ERR,ERR,ERR,ERR,ERR,ERR,ERR,ERR,ERR,ERR,ERR,ERR,ERR,ERR,ERR,ERR,ERR,ERR,ERR,ERR,ERR,ERR,ERR,ERR,ERR,ERR,ERR,ERR,ERR,ERR,0.0,-0.0,3.028208139652935e+23,0.0,0.0,1.3936040501711995e+18,7.805,0.0,0,0,4,0,7300,-0.0,0,0.0,0.0,0.0,0.0,0.0,0,0,0,0,0.0,0,0,0,0,0,0,0,0,0,0,0,0,0,0,0,0,0,0,0,0,0,0,0,0,0,0,0,0,0,0,0,0,0,32,30,30,62,65476,0,300,0,0,8,21553,0.0,-107605600.0,0.0,0.0,0.0,0.0,0.0,0.0,0.0,0.0,0.0,0.0,0.0,0.0,0.0,0.0,0.0,0.0,0.0,0.0,0.0,0.0,2.004,-2.004,-0.0,-2.004,0.0,0.0,0.0,0.0,5433.0,564146705793024.0,6923.0,0.0,-0.0,-107615280.0,-0.0,0.0,0.0,0.0,0.0,63,0.0,-0.0,0.0,0.0,0.0,0.0,0.0,0.0,0.0,0,0,0,0.0,0.0,0.0,0.0,0.0,0.0,0.0,0.0,0.0,0.0,0.0,0.0,0.0,0.0,0.0,0.0,0,-107875648.0,63,0.0,126,2.7184242562605685e+23,-0.0,ERR,ERR,ERR,ERR,ERR,ERR,ERR,ERR,ERR,ERR,ERR,ERR,ERR,ERR,ERR,ERR,ERR,ERR,ERR,ERR,ERR,ERR,ERR,ERR,ERR,ERR,ERR,ERR,ERR,ERR,ERR,ERR,ERR,ERR,ERR,ERR,ERR,ERR,ERR,ERR,ERR,ERR,ERR,ERR,ERR,ERR,ERR,ERR,ERR,ERR,ERR,ERR,ERR,ERR,ERR,ERR,ERR,ERR,ERR,ERR,ERR,ERR,ERR,ERR,ERR,ERR,ERR,34.0,80.0,35,0.0,0.0,0.0,0.0,0.0,0.0,0.0,0.0,0.0,0.0,0.0,0.0,0.0,0.0,0.0,0.0,64.4,0,116,56,49,65476,0,300,0,0,8,20529,65476,0,0,57672,80.0,0.0,0.0,0.0,0.0,0.0
2026-06-17T04:39:51,ERR,ERR,ERR,ERR,ERR,ERR,ERR,ERR,ERR,ERR,ERR,ERR,ERR,ERR,ERR,ERR,ERR,ERR,ERR,ERR,ERR,ERR,ERR,ERR,ERR,ERR,ERR,ERR,ERR,ERR,ERR,ERR,ERR,ERR,ERR,ERR,ERR,ERR,ERR,ERR,ERR,ERR,ERR,ERR,ERR,ERR,ERR,ERR,ERR,ERR,ERR,ERR,ERR,ERR,ERR,ERR,ERR,ERR,ERR,ERR,ERR,ERR,ERR,ERR,ERR,ERR,ERR,ERR,ERR,ERR,ERR,ERR,ERR,ERR,ERR,ERR,ERR,ERR,ERR,ERR,ERR,ERR,ERR,ERR,ERR,ERR,ERR,ERR,ERR,ERR,ERR,ERR,ERR,ERR,ERR,ERR,ERR,ERR,ERR,ERR,ERR,ERR,ERR,ERR,ERR,ERR,ERR,ERR,ERR,ERR,ERR,ERR,ERR,ERR,ERR,ERR,ERR,ERR,ERR,ERR,ERR,ERR,ERR,ERR,ERR,0.0,-0.0,3.028208139652935e+23,0.0,0.0,1.3936040501711995e+18,7.805,0.0,0,0,4,0,7300,-0.0,0,0.0,0.0,0.0,0.0,0.0,0,0,0,0,0.0,0,0,0,0,0,0,0,0,0,0,0,0,0,0,0,0,0,0,0,0,0,0,0,0,0,0,0,0,0,0,0,0,0,32,30,30,62,65476,0,300,0,0,8,21553,0.0,-107605600.0,0.0,0.0,0.0,0.0,0.0,0.0,0.0,0.0,0.0,0.0,0.0,0.0,0.0,0.0,0.0,0.0,0.0,0.0,0.0,0.0,2.004,-2.004,-0.0,-2.004,0.0,0.0,0.0,0.0,5433.0,564146705793024.0,6923.0,0.0,-0.0,-107615280.0,-0.0,0.0,0.0,0.0,0.0,63,0.0,-0.0,0.0,0.0,0.0,0.0,0.0,0.0,0.0,0,0,0,0.0,0.0,0.0,0.0,0.0,0.0,0.0,0.0,0.0,0.0,0.0,0.0,0.0,0.0,0.0,0.0,0,-107875648.0,63,0.0,126,2.7184242562605685e+23,-0.0,ERR,ERR,ERR,ERR,ERR,ERR,ERR,ERR,ERR,ERR,ERR,ERR,ERR,ERR,ERR,ERR,ERR,ERR,ERR,ERR,ERR,ERR,ERR,ERR,ERR,ERR,ERR,ERR,ERR,ERR,ERR,ERR,ERR,ERR,ERR,ERR,ERR,ERR,ERR,ERR,ERR,ERR,ERR,ERR,ERR,ERR,ERR,ERR,ERR,ERR,ERR,ERR,ERR,ERR,ERR,ERR,ERR,ERR,ERR,ERR,ERR,ERR,ERR,ERR,ERR,ERR,ERR,34.0,80.0,35,0.0,0.0,0.0,0.0,0.0,0.0,0.0,0.0,0.0,0.0,0.0,0.0,0.0,0.0,0.0,0.0,64.4,0,116,56,49,65476,0,300,0,0,8,20529,65476,0,0,57672,80.0,0.0,0.0,0.0,0.0,0.0
2026-06-17T04:39:52,ERR,ERR,ERR,ERR,ERR,ERR,ERR,ERR,ERR,ERR,ERR,ERR,ERR,ERR,ERR,ERR,ERR,ERR,ERR,ERR,ERR,ERR,ERR,ERR,ERR,ERR,ERR,ERR,ERR,ERR,ERR,ERR,ERR,ERR,ERR,ERR,ERR,ERR,ERR,ERR,ERR,ERR,ERR,ERR,ERR,ERR,ERR,ERR,ERR,ERR,ERR,ERR,ERR,ERR,ERR,ERR,ERR,ERR,ERR,ERR,ERR,ERR,ERR,ERR,ERR,ERR,ERR,ERR,ERR,ERR,ERR,ERR,ERR,ERR,ERR,ERR,ERR,ERR,ERR,ERR,ERR,ERR,ERR,ERR,ERR,ERR,ERR,ERR,ERR,ERR,ERR,ERR,ERR,ERR,ERR,ERR,ERR,ERR,ERR,ERR,ERR,ERR,ERR,ERR,ERR,ERR,ERR,ERR,ERR,ERR,ERR,ERR,ERR,ERR,ERR,ERR,ERR,ERR,ERR,ERR,ERR,ERR,ERR,ERR,ERR,0.0,-0.0,3.028208139652935e+23,0.0,0.0,1.3936040501711995e+18,7.805,0.0,0,0,4,0,7300,-0.0,0,0.0,0.0,0.0,0.0,0.0,0,0,0,0,0.0,0,0,0,0,0,0,0,0,0,0,0,0,0,0,0,0,0,0,0,0,0,0,0,0,0,0,0,0,0,0,0,0,0,32,30,30,62,65476,0,300,0,0,8,21553,0.0,-107605600.0,0.0,0.0,0.0,0.0,0.0,0.0,0.0,0.0,0.0,0.0,0.0,0.0,0.0,0.0,0.0,0.0,0.0,0.0,0.0,0.0,2.004,-2.004,-0.0,-2.004,0.0,0.0,0.0,0.0,5433.0,564146705793024.0,6923.0,0.0,-0.0,-107615280.0,-0.0,0.0,0.0,0.0,0.0,63,0.0,-0.0,0.0,0.0,0.0,0.0,0.0,0.0,0.0,0,0,0,0.0,0.0,0.0,0.0,0.0,0.0,0.0,0.0,0.0,0.0,0.0,0.0,0.0,0.0,0.0,0.0,0,-107875648.0,63,0.0,126,2.7184242562605685e+23,-0.0,ERR,ERR,ERR,ERR,ERR,ERR,ERR,ERR,ERR,ERR,ERR,ERR,ERR,ERR,ERR,ERR,ERR,ERR,ERR,ERR,ERR,ERR,ERR,ERR,ERR,ERR,ERR,ERR,ERR,ERR,ERR,ERR,ERR,ERR,ERR,ERR,ERR,ERR,ERR,ERR,ERR,ERR,ERR,ERR,ERR,ERR,ERR,ERR,ERR,ERR,ERR,ERR,ERR,ERR,ERR,ERR,ERR,ERR,ERR,ERR,ERR,ERR,ERR,ERR,ERR,ERR,ERR,34.0,80.0,35,0.0,0.0,0.0,0.0,0.0,0.0,0.0,0.0,0.0,0.0,0.0,0.0,0.0,0.0,0.0,0.0,64.8,0,116,56,49,65476,0,300,0,0,8,20529,65476,0,0,57672,80.0,0.0,0.0,0.0,0.0,0.0
2026-06-17T04:39:53,ERR,ERR,ERR,ERR,ERR,ERR,ERR,ERR,ERR,ERR,ERR,ERR,ERR,ERR,ERR,ERR,ERR,ERR,ERR,ERR,ERR,ERR,ERR,ERR,ERR,ERR,ERR,ERR,ERR,ERR,ERR,ERR,ERR,ERR,ERR,ERR,ERR,ERR,ERR,ERR,ERR,ERR,ERR,ERR,ERR,ERR,ERR,ERR,ERR,ERR,ERR,ERR,ERR,ERR,ERR,ERR,ERR,ERR,ERR,ERR,ERR,ERR,ERR,ERR,ERR,ERR,ERR,ERR,ERR,ERR,ERR,ERR,ERR,ERR,ERR,ERR,ERR,ERR,ERR,ERR,ERR,ERR,ERR,ERR,ERR,ERR,ERR,ERR,ERR,ERR,ERR,ERR,ERR,ERR,ERR,ERR,ERR,ERR,ERR,ERR,ERR,ERR,ERR,ERR,ERR,ERR,ERR,ERR,ERR,ERR,ERR,ERR,ERR,ERR,ERR,ERR,ERR,ERR,ERR,ERR,ERR,ERR,ERR,ERR,ERR,0.0,-0.0,3.028208139652935e+23,0.0,0.0,1.3936040501711995e+18,7.805,0.0,0,0,4,0,7300,-0.0,0,0.0,0.0,0.0,0.0,0.0,0,0,0,0,0.0,0,0,0,0,0,0,0,0,0,0,0,0,0,0,0,0,0,0,0,0,0,0,0,0,0,0,0,0,0,0,0,0,0,32,30,30,62,65476,0,300,0,0,8,21553,0.0,-107605600.0,0.0,0.0,0.0,0.0,0.0,0.0,0.0,0.0,0.0,0.0,0.0,0.0,0.0,0.0,0.0,0.0,0.0,0.0,0.0,0.0,2.004,-2.004,-0.0,-2.004,0.0,0.0,0.0,0.0,5433.0,564146705793024.0,6923.0,0.0,-0.0,-107615280.0,-0.0,0.0,0.0,0.0,0.0,63,0.0,-0.0,0.0,0.0,0.0,0.0,0.0,0.0,0.0,0,0,0,0.0,0.0,0.0,0.0,0.0,0.0,0.0,0.0,0.0,0.0,0.0,0.0,0.0,0.0,0.0,0.0,0,-107875648.0,63,0.0,126,2.7184242562605685e+23,-0.0,ERR,ERR,ERR,ERR,ERR,ERR,ERR,ERR,ERR,ERR,ERR,ERR,ERR,ERR,ERR,ERR,ERR,ERR,ERR,ERR,ERR,ERR,ERR,ERR,ERR,ERR,ERR,ERR,ERR,ERR,ERR,ERR,ERR,ERR,ERR,ERR,ERR,ERR,ERR,ERR,ERR,ERR,ERR,ERR,ERR,ERR,ERR,ERR,ERR,ERR,ERR,ERR,ERR,ERR,ERR,ERR,ERR,ERR,ERR,ERR,ERR,ERR,ERR,ERR,ERR,ERR,ERR,34.0,80.0,35,0.0,0.0,0.0,0.0,0.0,0.0,0.0,0.0,0.0,0.0,0.0,0.0,0.0,0.0,0.0,0.0,64.8,0,116,56,49,65476,0,300,0,0,8,20529,65476,0,0,57672,80.0,0.0,0.0,0.0,0.0,0.0
2026-06-17T04:39:54,ERR,ERR,ERR,ERR,ERR,ERR,ERR,ERR,ERR,ERR,ERR,ERR,ERR,ERR,ERR,ERR,ERR,ERR,ERR,ERR,ERR,ERR,ERR,ERR,ERR,ERR,ERR,ERR,ERR,ERR,ERR,ERR,ERR,ERR,ERR,ERR,ERR,ERR,ERR,ERR,ERR,ERR,ERR,ERR,ERR,ERR,ERR,ERR,ERR,ERR,ERR,ERR,ERR,ERR,ERR,ERR,ERR,ERR,ERR,ERR,ERR,ERR,ERR,ERR,ERR,ERR,ERR,ERR,ERR,ERR,ERR,ERR,ERR,ERR,ERR,ERR,ERR,ERR,ERR,ERR,ERR,ERR,ERR,ERR,ERR,ERR,ERR,ERR,ERR,ERR,ERR,ERR,ERR,ERR,ERR,ERR,ERR,ERR,ERR,ERR,ERR,ERR,ERR,ERR,ERR,ERR,ERR,ERR,ERR,ERR,ERR,ERR,ERR,ERR,ERR,ERR,ERR,ERR,ERR,ERR,ERR,ERR,ERR,ERR,ERR,0.0,-0.0,3.028208139652935e+23,0.0,0.0,1.3936040501711995e+18,7.805,0.0,0,0,4,0,7300,-0.0,0,0.0,0.0,0.0,0.0,0.0,0,0,0,0,0.0,0,0,0,0,0,0,0,0,0,0,0,0,0,0,0,0,0,0,0,0,0,0,0,0,0,0,0,0,0,0,0,0,0,32,30,30,62,65476,0,300,0,0,8,21553,0.0,-107605600.0,0.0,0.0,0.0,0.0,0.0,0.0,0.0,0.0,0.0,0.0,0.0,0.0,0.0,0.0,0.0,0.0,0.0,0.0,0.0,0.0,2.004,-2.004,-0.0,-2.004,0.0,0.0,0.0,0.0,5433.0,564146705793024.0,6923.0,0.0,-0.0,-107615280.0,-0.0,0.0,0.0,0.0,0.0,63,0.0,-0.0,0.0,0.0,0.0,0.0,0.0,0.0,0.0,0,0,0,0.0,0.0,0.0,0.0,0.0,0.0,0.0,0.0,0.0,0.0,0.0,0.0,0.0,0.0,0.0,0.0,0,-107875648.0,63,0.0,126,2.7184242562605685e+23,-0.0,ERR,ERR,ERR,ERR,ERR,ERR,ERR,ERR,ERR,ERR,ERR,ERR,ERR,ERR,ERR,ERR,ERR,ERR,ERR,ERR,ERR,ERR,ERR,ERR,ERR,ERR,ERR,ERR,ERR,ERR,ERR,ERR,ERR,ERR,ERR,ERR,ERR,ERR,ERR,ERR,ERR,ERR,ERR,ERR,ERR,ERR,ERR,ERR,ERR,ERR,ERR,ERR,ERR,ERR,ERR,ERR,ERR,ERR,ERR,ERR,ERR,ERR,ERR,ERR,ERR,ERR,ERR,34.0,80.0,35,0.0,0.0,0.0,0.0,0.0,0.0,0.0,0.0,0.0,0.0,0.0,0.0,0.0,0.0,0.0,0.0,64.4,0,116,56,49,65476,0,300,0,0,8,20529,65476,0,0,57672,80.0,0.0,0.0,0.0,0.0,0.0
2026-06-17T04:39:55,ERR,ERR,ERR,ERR,ERR,ERR,ERR,ERR,ERR,ERR,ERR,ERR,ERR,ERR,ERR,ERR,ERR,ERR,ERR,ERR,ERR,ERR,ERR,ERR,ERR,ERR,ERR,ERR,ERR,ERR,ERR,ERR,ERR,ERR,ERR,ERR,ERR,ERR,ERR,ERR,ERR,ERR,ERR,ERR,ERR,ERR,ERR,ERR,ERR,ERR,ERR,ERR,ERR,ERR,ERR,ERR,ERR,ERR,ERR,ERR,ERR,ERR,ERR,ERR,ERR,ERR,ERR,ERR,ERR,ERR,ERR,ERR,ERR,ERR,ERR,ERR,ERR,ERR,ERR,ERR,ERR,ERR,ERR,ERR,ERR,ERR,ERR,ERR,ERR,ERR,ERR,ERR,ERR,ERR,ERR,ERR,ERR,ERR,ERR,ERR,ERR,ERR,ERR,ERR,ERR,ERR,ERR,ERR,ERR,ERR,ERR,ERR,ERR,ERR,ERR,ERR,ERR,ERR,ERR,ERR,ERR,ERR,ERR,ERR,ERR,0.0,-0.0,3.028208139652935e+23,0.0,0.0,1.3936040501711995e+18,7.805,0.0,0,0,4,0,7300,-0.0,0,0.0,0.0,0.0,0.0,0.0,0,0,0,0,0.0,0,0,0,0,0,0,0,0,0,0,0,0,0,0,0,0,0,0,0,0,0,0,0,0,0,0,0,0,0,0,0,0,0,32,30,30,62,65476,0,300,0,0,8,21553,0.0,-107605600.0,0.0,0.0,0.0,0.0,0.0,0.0,0.0,0.0,0.0,0.0,0.0,0.0,0.0,0.0,0.0,0.0,0.0,0.0,0.0,0.0,2.004,-2.004,-0.0,-2.004,0.0,0.0,0.0,0.0,5433.0,564146705793024.0,6923.0,0.0,-0.0,-107615280.0,-0.0,0.0,0.0,0.0,0.0,63,0.0,-0.0,0.0,0.0,0.0,0.0,0.0,0.0,0.0,0,0,0,0.0,0.0,0.0,0.0,0.0,0.0,0.0,0.0,0.0,0.0,0.0,0.0,0.0,0.0,0.0,0.0,0,-107875648.0,63,0.0,126,2.7184242562605685e+23,-0.0,ERR,ERR,ERR,ERR,ERR,ERR,ERR,ERR,ERR,ERR,ERR,ERR,ERR,ERR,ERR,ERR,ERR,ERR,ERR,ERR,ERR,ERR,ERR,ERR,ERR,ERR,ERR,ERR,ERR,ERR,ERR,ERR,ERR,ERR,ERR,ERR,ERR,ERR,ERR,ERR,ERR,ERR,ERR,ERR,ERR,ERR,ERR,ERR,ERR,ERR,ERR,ERR,ERR,ERR,ERR,ERR,ERR,ERR,ERR,ERR,ERR,ERR,ERR,ERR,ERR,ERR,ERR,34.0,80.0,35,0.0,0.0,0.0,0.0,0.0,0.0,0.0,0.0,0.0,0.0,0.0,0.0,0.0,0.0,0.0,0.0,64.4,0,116,56,49,65476,0,300,0,0,8,20529,65476,0,0,57672,80.0,0.0,0.0,0.0,0.0,0.0
2026-06-17T04:39:56,ERR,ERR,ERR,ERR,ERR,ERR,ERR,ERR,ERR,ERR,ERR,ERR,ERR,ERR,ERR,ERR,ERR,ERR,ERR,ERR,ERR,ERR,ERR,ERR,ERR,ERR,ERR,ERR,ERR,ERR,ERR,ERR,ERR,ERR,ERR,ERR,ERR,ERR,ERR,ERR,ERR,ERR,ERR,ERR,ERR,ERR,ERR,ERR,ERR,ERR,ERR,ERR,ERR,ERR,ERR,ERR,ERR,ERR,ERR,ERR,ERR,ERR,ERR,ERR,ERR,ERR,ERR,ERR,ERR,ERR,ERR,ERR,ERR,ERR,ERR,ERR,ERR,ERR,ERR,ERR,ERR,ERR,ERR,ERR,ERR,ERR,ERR,ERR,ERR,ERR,ERR,ERR,ERR,ERR,ERR,ERR,ERR,ERR,ERR,ERR,ERR,ERR,ERR,ERR,ERR,ERR,ERR,ERR,ERR,ERR,ERR,ERR,ERR,ERR,ERR,ERR,ERR,ERR,ERR,ERR,ERR,ERR,ERR,ERR,ERR,0.0,-0.0,3.028208139652935e+23,0.0,0.0,1.3936040501711995e+18,7.805,0.0,0,0,4,0,7300,-0.0,0,0.0,0.0,0.0,0.0,0.0,0,0,0,0,0.0,0,0,0,0,0,0,0,0,0,0,0,0,0,0,0,0,0,0,0,0,0,0,0,0,0,0,0,0,0,0,0,0,0,32,30,30,62,65476,0,300,0,0,8,21553,0.0,-107605600.0,0.0,0.0,0.0,0.0,0.0,0.0,0.0,0.0,0.0,0.0,0.0,0.0,0.0,0.0,0.0,0.0,0.0,0.0,0.0,0.0,2.004,-2.004,-0.0,-2.004,0.0,0.0,0.0,0.0,5434.0,564146705793024.0,6955.0,0.0,-0.0,-107615280.0,-0.0,0.0,0.0,0.0,0.0,63,0.0,-71.63,0.0,0.0,0.0,0.0,0.0,0.0,0.0,0,0,0,0.0,0.0,0.0,0.0,0.0,0.0,0.0,0.0,0.0,0.0,0.0,0.0,0.0,0.0,0.0,0.0,0,-107875648.0,63,0.0,126,2.7184242562605685e+23,-0.0,ERR,ERR,ERR,ERR,ERR,ERR,ERR,ERR,ERR,ERR,ERR,ERR,ERR,ERR,ERR,ERR,ERR,ERR,ERR,ERR,ERR,ERR,ERR,ERR,ERR,ERR,ERR,ERR,ERR,ERR,ERR,ERR,ERR,ERR,ERR,ERR,ERR,ERR,ERR,ERR,ERR,ERR,ERR,ERR,ERR,ERR,ERR,ERR,ERR,ERR,ERR,ERR,ERR,ERR,ERR,ERR,ERR,ERR,ERR,ERR,ERR,ERR,ERR,ERR,ERR,ERR,ERR,34.0,80.0,35,0.0,0.0,0.0,0.0,0.0,0.0,0.0,0.0,0.0,0.0,0.0,0.0,0.0,0.0,0.0,0.0,64.4,0,116,56,49,65476,0,300,0,0,8,20529,65476,0,0,57672,80.0,0.0,0.0,0.0,0.0,0.0
2026-06-17T04:39:57,ERR,ERR,ERR,ERR,ERR,ERR,ERR,ERR,ERR,ERR,ERR,ERR,ERR,ERR,ERR,ERR,ERR,ERR,ERR,ERR,ERR,ERR,ERR,ERR,ERR,ERR,ERR,ERR,ERR,ERR,ERR,ERR,ERR,ERR,ERR,ERR,ERR,ERR,ERR,ERR,ERR,ERR,ERR,ERR,ERR,ERR,ERR,ERR,ERR,ERR,ERR,ERR,ERR,ERR,ERR,ERR,ERR,ERR,ERR,ERR,ERR,ERR,ERR,ERR,ERR,ERR,ERR,ERR,ERR,ERR,ERR,ERR,ERR,ERR,ERR,ERR,ERR,ERR,ERR,ERR,ERR,ERR,ERR,ERR,ERR,ERR,ERR,ERR,ERR,ERR,ERR,ERR,ERR,ERR,ERR,ERR,ERR,ERR,ERR,ERR,ERR,ERR,ERR,ERR,ERR,ERR,ERR,ERR,ERR,ERR,ERR,ERR,ERR,ERR,ERR,ERR,ERR,ERR,ERR,ERR,ERR,ERR,ERR,ERR,ERR,0.0,-0.0,3.028208139652935e+23,0.0,0.0,1.3936040501711995e+18,7.805,0.0,0,0,4,0,7300,-0.0,0,0.0,0.0,0.0,0.0,0.0,0,0,0,0,0.0,0,0,0,0,0,0,0,0,0,0,0,0,0,0,0,0,0,0,0,0,0,0,0,0,0,0,0,0,0,0,0,0,0,32,30,30,62,65476,0,300,0,0,8,21553,0.0,-107605600.0,0.0,0.0,0.0,0.0,0.0,0.0,0.0,0.0,0.0,0.0,0.0,0.0,0.0,0.0,0.0,0.0,0.0,0.0,0.0,0.0,2.004,-2.004,-0.0,-2.004,0.0,0.0,0.0,0.0,5434.0,564146705793024.0,6955.0,0.0,-0.0,-107615280.0,-0.0,0.0,0.0,0.0,0.0,63,0.0,-71.63,0.0,0.0,0.0,0.0,0.0,0.0,0.0,0,0,0,0.0,0.0,0.0,0.0,0.0,0.0,0.0,0.0,0.0,0.0,0.0,0.0,0.0,0.0,0.0,0.0,0,-107875648.0,63,0.0,126,2.7184242562605685e+23,-0.0,ERR,ERR,ERR,ERR,ERR,ERR,ERR,ERR,ERR,ERR,ERR,ERR,ERR,ERR,ERR,ERR,ERR,ERR,ERR,ERR,ERR,ERR,ERR,ERR,ERR,ERR,ERR,ERR,ERR,ERR,ERR,ERR,ERR,ERR,ERR,ERR,ERR,ERR,ERR,ERR,ERR,ERR,ERR,ERR,ERR,ERR,ERR,ERR,ERR,ERR,ERR,ERR,ERR,ERR,ERR,ERR,ERR,ERR,ERR,ERR,ERR,ERR,ERR,ERR,ERR,ERR,ERR,34.0,80.0,35,0.0,0.0,0.0,0.0,0.0,0.0,0.0,0.0,0.0,0.0,0.0,0.0,0.0,0.0,0.0,0.0,64.4,0,116,56,49,65476,0,300,0,0,8,20529,65476,0,0,57672,80.0,0.0,0.0,0.0,0.0,0.0
2026-06-17T04:39:58,ERR,ERR,ERR,ERR,ERR,ERR,ERR,ERR,ERR,ERR,ERR,ERR,ERR,ERR,ERR,ERR,ERR,ERR,ERR,ERR,ERR,ERR,ERR,ERR,ERR,ERR,ERR,ERR,ERR,ERR,ERR,ERR,ERR,ERR,ERR,ERR,ERR,ERR,ERR,ERR,ERR,ERR,ERR,ERR,ERR,ERR,ERR,ERR,ERR,ERR,ERR,ERR,ERR,ERR,ERR,ERR,ERR,ERR,ERR,ERR,ERR,ERR,ERR,ERR,ERR,ERR,ERR,ERR,ERR,ERR,ERR,ERR,ERR,ERR,ERR,ERR,ERR,ERR,ERR,ERR,ERR,ERR,ERR,ERR,ERR,ERR,ERR,ERR,ERR,ERR,ERR,ERR,ERR,ERR,ERR,ERR,ERR,ERR,ERR,ERR,ERR,ERR,ERR,ERR,ERR,ERR,ERR,ERR,ERR,ERR,ERR,ERR,ERR,ERR,ERR,ERR,ERR,ERR,ERR,ERR,ERR,ERR,ERR,ERR,ERR,0.0,-0.0,3.028208139652935e+23,0.0,0.0,1.3936040501711995e+18,7.805,0.0,0,0,4,0,7300,-0.0,0,0.0,0.0,0.0,0.0,0.0,0,0,0,0,0.0,0,0,0,0,0,0,0,0,0,0,0,0,0,0,0,0,0,0,0,0,0,0,0,0,0,0,0,0,0,0,0,0,0,32,30,30,62,65476,0,300,0,0,8,21553,0.0,-107605600.0,0.0,0.0,0.0,0.0,0.0,0.0,0.0,0.0,0.0,0.0,0.0,0.0,0.0,0.0,0.0,0.0,0.0,0.0,0.0,0.0,2.004,-2.004,-0.0,-2.004,0.0,0.0,0.0,0.0,5434.0,564146705793024.0,6955.0,0.0,-0.0,-107615280.0,-0.0,0.0,0.0,0.0,0.0,63,0.0,-71.63,0.0,0.0,0.0,0.0,0.0,0.0,0.0,0,0,0,0.0,0.0,0.0,0.0,0.0,0.0,0.0,0.0,0.0,0.0,0.0,0.0,0.0,0.0,0.0,0.0,0,-107875648.0,63,0.0,126,2.7184242562605685e+23,-0.0,ERR,ERR,ERR,ERR,ERR,ERR,ERR,ERR,ERR,ERR,ERR,ERR,ERR,ERR,ERR,ERR,ERR,ERR,ERR,ERR,ERR,ERR,ERR,ERR,ERR,ERR,ERR,ERR,ERR,ERR,ERR,ERR,ERR,ERR,ERR,ERR,ERR,ERR,ERR,ERR,ERR,ERR,ERR,ERR,ERR,ERR,ERR,ERR,ERR,ERR,ERR,ERR,ERR,ERR,ERR,ERR,ERR,ERR,ERR,ERR,ERR,ERR,ERR,ERR,ERR,ERR,ERR,34.0,80.0,35,0.0,0.0,0.0,0.0,0.0,0.0,0.0,0.0,0.0,0.0,0.0,0.0,0.0,0.0,0.0,0.0,64.4,0,116,56,49,65476,0,300,0,0,8,20529,65476,0,0,57672,80.0,0.0,0.0,0.0,0.0,0.0
2026-06-17T04:39:59,ERR,ERR,ERR,ERR,ERR,ERR,ERR,ERR,ERR,ERR,ERR,ERR,ERR,ERR,ERR,ERR,ERR,ERR,ERR,ERR,ERR,ERR,ERR,ERR,ERR,ERR,ERR,ERR,ERR,ERR,ERR,ERR,ERR,ERR,ERR,ERR,ERR,ERR,ERR,ERR,ERR,ERR,ERR,ERR,ERR,ERR,ERR,ERR,ERR,ERR,ERR,ERR,ERR,ERR,ERR,ERR,ERR,ERR,ERR,ERR,ERR,ERR,ERR,ERR,ERR,ERR,ERR,ERR,ERR,ERR,ERR,ERR,ERR,ERR,ERR,ERR,ERR,ERR,ERR,ERR,ERR,ERR,ERR,ERR,ERR,ERR,ERR,ERR,ERR,ERR,ERR,ERR,ERR,ERR,ERR,ERR,ERR,ERR,ERR,ERR,ERR,ERR,ERR,ERR,ERR,ERR,ERR,ERR,ERR,ERR,ERR,ERR,ERR,ERR,ERR,ERR,ERR,ERR,ERR,ERR,ERR,ERR,ERR,ERR,ERR,0.0,-0.0,3.028208139652935e+23,0.0,0.0,1.3936040501711995e+18,7.805,0.0,0,0,4,0,7300,-0.0,0,0.0,0.0,0.0,0.0,0.0,0,0,0,0,0.0,0,0,0,0,0,0,0,0,0,0,0,0,0,0,0,0,0,0,0,0,0,0,0,0,0,0,0,0,0,0,0,0,0,32,30,30,62,65476,0,300,0,0,8,21553,0.0,-107605600.0,0.0,0.0,0.0,0.0,0.0,0.0,0.0,0.0,0.0,0.0,0.0,0.0,0.0,0.0,0.0,0.0,0.0,0.0,0.0,0.0,2.004,-2.004,-0.0,-2.004,0.0,0.0,0.0,0.0,5434.0,564146705793024.0,6955.0,0.0,-0.0,-107615280.0,-0.0,0.0,0.0,0.0,0.0,63,0.0,-71.63,0.0,0.0,0.0,0.0,0.0,0.0,0.0,0,0,0,0.0,0.0,0.0,0.0,0.0,0.0,0.0,0.0,0.0,0.0,0.0,0.0,0.0,0.0,0.0,0.0,0,-107875648.0,63,0.0,126,2.7184242562605685e+23,-0.0,ERR,ERR,ERR,ERR,ERR,ERR,ERR,ERR,ERR,ERR,ERR,ERR,ERR,ERR,ERR,ERR,ERR,ERR,ERR,ERR,ERR,ERR,ERR,ERR,ERR,ERR,ERR,ERR,ERR,ERR,ERR,ERR,ERR,ERR,ERR,ERR,ERR,ERR,ERR,ERR,ERR,ERR,ERR,ERR,ERR,ERR,ERR,ERR,ERR,ERR,ERR,ERR,ERR,ERR,ERR,ERR,ERR,ERR,ERR,ERR,ERR,ERR,ERR,ERR,ERR,ERR,ERR,34.0,80.0,35,0.0,0.0,0.0,0.0,0.0,0.0,0.0,0.0,0.0,0.0,0.0,0.0,0.0,0.0,0.0,0.0,64.4,0,116,56,49,65476,0,300,0,0,8,20529,65476,0,0,57672,80.0,0.0,0.0,0.0,0.0,0.0
2026-06-17T04:40:00,ERR,ERR,ERR,ERR,ERR,ERR,ERR,ERR,ERR,ERR,ERR,ERR,ERR,ERR,ERR,ERR,ERR,ERR,ERR,ERR,ERR,ERR,ERR,ERR,ERR,ERR,ERR,ERR,ERR,ERR,ERR,ERR,ERR,ERR,ERR,ERR,ERR,ERR,ERR,ERR,ERR,ERR,ERR,ERR,ERR,ERR,ERR,ERR,ERR,ERR,ERR,ERR,ERR,ERR,ERR,ERR,ERR,ERR,ERR,ERR,ERR,ERR,ERR,ERR,ERR,ERR,ERR,ERR,ERR,ERR,ERR,ERR,ERR,ERR,ERR,ERR,ERR,ERR,ERR,ERR,ERR,ERR,ERR,ERR,ERR,ERR,ERR,ERR,ERR,ERR,ERR,ERR,ERR,ERR,ERR,ERR,ERR,ERR,ERR,ERR,ERR,ERR,ERR,ERR,ERR,ERR,ERR,ERR,ERR,ERR,ERR,ERR,ERR,ERR,ERR,ERR,ERR,ERR,ERR,ERR,ERR,ERR,ERR,ERR,ERR,0.0,-0.0,3.028208139652935e+23,0.0,0.0,1.3936040501711995e+18,7.805,0.0,0,0,4,0,7300,-0.0,0,0.0,0.0,0.0,0.0,0.0,0,0,0,0,0.0,0,0,0,0,0,0,0,0,0,0,0,0,0,0,0,0,0,0,0,0,0,0,0,0,0,0,0,0,0,0,0,0,0,32,30,30,62,65476,0,300,0,0,8,21553,0.0,-107605600.0,0.0,0.0,0.0,0.0,0.0,0.0,0.0,0.0,0.0,0.0,0.0,0.0,0.0,0.0,0.0,0.0,0.0,0.0,0.0,0.0,2.004,-2.004,-0.0,-2.004,0.0,0.0,0.0,0.0,5434.0,564146705793024.0,6955.0,0.0,-0.0,-107615280.0,-0.0,0.0,0.0,0.0,0.0,63,0.0,-71.63,0.0,0.0,0.0,0.0,0.0,0.0,0.0,0,0,0,0.0,0.0,0.0,0.0,0.0,0.0,0.0,0.0,0.0,0.0,0.0,0.0,0.0,0.0,0.0,0.0,0,-107875648.0,63,0.0,126,2.7184242562605685e+23,-0.0,ERR,ERR,ERR,ERR,ERR,ERR,ERR,ERR,ERR,ERR,ERR,ERR,ERR,ERR,ERR,ERR,ERR,ERR,ERR,ERR,ERR,ERR,ERR,ERR,ERR,ERR,ERR,ERR,ERR,ERR,ERR,ERR,ERR,ERR,ERR,ERR,ERR,ERR,ERR,ERR,ERR,ERR,ERR,ERR,ERR,ERR,ERR,ERR,ERR,ERR,ERR,ERR,ERR,ERR,ERR,ERR,ERR,ERR,ERR,ERR,ERR,ERR,ERR,ERR,ERR,ERR,ERR,34.0,80.0,35,0.0,0.0,0.0,0.0,0.0,0.0,0.0,0.0,0.0,0.0,0.0,0.0,0.0,0.0,0.0,0.0,64.4,0,116,56,49,65476,0,300,0,0,8,20529,65476,0,0,57672,80.0,0.0,0.0,0.0,0.0,0.0
2026-06-17T04:40:01,ERR,ERR,ERR,ERR,ERR,ERR,ERR,ERR,ERR,ERR,ERR,ERR,ERR,ERR,ERR,ERR,ERR,ERR,ERR,ERR,ERR,ERR,ERR,ERR,ERR,ERR,ERR,ERR,ERR,ERR,ERR,ERR,ERR,ERR,ERR,ERR,ERR,ERR,ERR,ERR,ERR,ERR,ERR,ERR,ERR,ERR,ERR,ERR,ERR,ERR,ERR,ERR,ERR,ERR,ERR,ERR,ERR,ERR,ERR,ERR,ERR,ERR,ERR,ERR,ERR,ERR,ERR,ERR,ERR,ERR,ERR,ERR,ERR,ERR,ERR,ERR,ERR,ERR,ERR,ERR,ERR,ERR,ERR,ERR,ERR,ERR,ERR,ERR,ERR,ERR,ERR,ERR,ERR,ERR,ERR,ERR,ERR,ERR,ERR,ERR,ERR,ERR,ERR,ERR,ERR,ERR,ERR,ERR,ERR,ERR,ERR,ERR,ERR,ERR,ERR,ERR,ERR,ERR,ERR,ERR,ERR,ERR,ERR,ERR,ERR,0.0,-0.0,3.028208139652935e+23,0.0,0.0,1.3936040501711995e+18,7.805,0.0,0,0,4,0,7300,-0.0,0,0.0,0.0,0.0,0.0,0.0,0,0,0,0,0.0,0,0,0,0,0,0,0,0,0,0,0,0,0,0,0,0,0,0,0,0,0,0,0,0,0,0,0,0,0,0,0,0,0,32,30,30,62,65476,0,300,0,0,8,21553,0.0,-107605600.0,0.0,0.0,0.0,0.0,0.0,0.0,0.0,0.0,0.0,0.0,0.0,0.0,0.0,0.0,0.0,0.0,0.0,0.0,0.0,0.0,2.004,-2.004,-0.0,-2.004,0.0,0.0,0.0,0.0,5434.0,-0.0,6932.0,0.0,-0.0,-107615280.0,-0.0,0.0,0.0,0.0,0.0,63,0.0,0.0,0.0,0.0,0.0,0.0,0.0,0.0,0.0,0,0,0,0.0,0.0,0.0,0.0,0.0,0.0,0.0,0.0,0.0,0.0,0.0,0.0,0.0,0.0,0.0,0.0,0,-107875648.0,63,0.0,126,2.7184242562605685e+23,-0.0,ERR,ERR,ERR,ERR,ERR,ERR,ERR,ERR,ERR,ERR,ERR,ERR,ERR,ERR,ERR,ERR,ERR,ERR,ERR,ERR,ERR,ERR,ERR,ERR,ERR,ERR,ERR,ERR,ERR,ERR,ERR,ERR,ERR,ERR,ERR,ERR,ERR,ERR,ERR,ERR,ERR,ERR,ERR,ERR,ERR,ERR,ERR,ERR,ERR,ERR,ERR,ERR,ERR,ERR,ERR,ERR,ERR,ERR,ERR,ERR,ERR,ERR,ERR,ERR,ERR,ERR,ERR,34.0,80.0,35,0.0,0.0,0.0,0.0,0.0,0.0,0.0,0.0,0.0,0.0,0.0,0.0,0.0,0.0,0.0,0.0,64.4,0,116,56,49,65476,0,300,0,0,8,20529,65476,0,0,57672,80.0,0.0,0.0,0.0,0.0,0.0
2026-06-17T04:40:02,ERR,ERR,ERR,ERR,ERR,ERR,ERR,ERR,ERR,ERR,ERR,ERR,ERR,ERR,ERR,ERR,ERR,ERR,ERR,ERR,ERR,ERR,ERR,ERR,ERR,ERR,ERR,ERR,ERR,ERR,ERR,ERR,ERR,ERR,ERR,ERR,ERR,ERR,ERR,ERR,ERR,ERR,ERR,ERR,ERR,ERR,ERR,ERR,ERR,ERR,ERR,ERR,ERR,ERR,ERR,ERR,ERR,ERR,ERR,ERR,ERR,ERR,ERR,ERR,ERR,ERR,ERR,ERR,ERR,ERR,ERR,ERR,ERR,ERR,ERR,ERR,ERR,ERR,ERR,ERR,ERR,ERR,ERR,ERR,ERR,ERR,ERR,ERR,ERR,ERR,ERR,ERR,ERR,ERR,ERR,ERR,ERR,ERR,ERR,ERR,ERR,ERR,ERR,ERR,ERR,ERR,ERR,ERR,ERR,ERR,ERR,ERR,ERR,ERR,ERR,ERR,ERR,ERR,ERR,ERR,ERR,ERR,ERR,ERR,ERR,0.0,-0.0,3.028208139652935e+23,0.0,0.0,1.3936040501711995e+18,7.805,0.0,0,0,4,0,7300,-0.0,0,0.0,0.0,0.0,0.0,0.0,0,0,0,0,0.0,0,0,0,0,0,0,0,0,0,0,0,0,0,0,0,0,0,0,0,0,0,0,0,0,0,0,0,0,0,0,0,0,0,32,30,30,62,65476,0,300,0,0,8,21553,0.0,-107605600.0,0.0,0.0,0.0,0.0,0.0,0.0,0.0,0.0,0.0,0.0,0.0,0.0,0.0,0.0,0.0,0.0,0.0,0.0,0.0,0.0,2.004,-2.004,-0.0,-2.004,0.0,0.0,0.0,0.0,5434.0,-0.0,6932.0,0.0,-0.0,-107615280.0,-0.0,0.0,0.0,0.0,0.0,63,0.0,0.0,0.0,0.0,0.0,0.0,0.0,0.0,0.0,0,0,0,0.0,0.0,0.0,0.0,0.0,0.0,0.0,0.0,0.0,0.0,0.0,0.0,0.0,0.0,0.0,0.0,0,-107875648.0,63,0.0,126,2.7184242562605685e+23,-0.0,ERR,ERR,ERR,ERR,ERR,ERR,ERR,ERR,ERR,ERR,ERR,ERR,ERR,ERR,ERR,ERR,ERR,ERR,ERR,ERR,ERR,ERR,ERR,ERR,ERR,ERR,ERR,ERR,ERR,ERR,ERR,ERR,ERR,ERR,ERR,ERR,ERR,ERR,ERR,ERR,ERR,ERR,ERR,ERR,ERR,ERR,ERR,ERR,ERR,ERR,ERR,ERR,ERR,ERR,ERR,ERR,ERR,ERR,ERR,ERR,ERR,ERR,ERR,ERR,ERR,ERR,ERR,34.0,80.0,35,0.0,0.0,0.0,0.0,0.0,0.0,0.0,0.0,0.0,0.0,0.0,0.0,0.0,0.0,0.0,0.0,64.4,0,116,56,49,65476,0,300,0,0,8,20529,65476,0,0,57672,80.0,0.0,0.0,0.0,0.0,0.0
2026-06-17T04:40:03,ERR,ERR,ERR,ERR,ERR,ERR,ERR,ERR,ERR,ERR,ERR,ERR,ERR,ERR,ERR,ERR,ERR,ERR,ERR,ERR,ERR,ERR,ERR,ERR,ERR,ERR,ERR,ERR,ERR,ERR,ERR,ERR,ERR,ERR,ERR,ERR,ERR,ERR,ERR,ERR,ERR,ERR,ERR,ERR,ERR,ERR,ERR,ERR,ERR,ERR,ERR,ERR,ERR,ERR,ERR,ERR,ERR,ERR,ERR,ERR,ERR,ERR,ERR,ERR,ERR,ERR,ERR,ERR,ERR,ERR,ERR,ERR,ERR,ERR,ERR,ERR,ERR,ERR,ERR,ERR,ERR,ERR,ERR,ERR,ERR,ERR,ERR,ERR,ERR,ERR,ERR,ERR,ERR,ERR,ERR,ERR,ERR,ERR,ERR,ERR,ERR,ERR,ERR,ERR,ERR,ERR,ERR,ERR,ERR,ERR,ERR,ERR,ERR,ERR,ERR,ERR,ERR,ERR,ERR,ERR,ERR,ERR,ERR,ERR,ERR,0.0,-0.0,3.028208139652935e+23,0.0,0.0,1.3936040501711995e+18,7.805,0.0,0,0,4,0,7300,-0.0,0,0.0,0.0,0.0,0.0,0.0,0,0,0,0,0.0,0,0,0,0,0,0,0,0,0,0,0,0,0,0,0,0,0,0,0,0,0,0,0,0,0,0,0,0,0,0,0,0,0,32,30,30,62,65476,0,300,0,0,8,21553,0.0,-107605600.0,0.0,0.0,0.0,0.0,0.0,0.0,0.0,0.0,0.0,0.0,0.0,0.0,0.0,0.0,0.0,0.0,0.0,0.0,0.0,0.0,2.004,-2.004,-0.0,-2.004,0.0,0.0,0.0,0.0,5434.0,-0.0,6932.0,0.0,-0.0,-107615280.0,-0.0,0.0,0.0,0.0,0.0,63,0.0,0.0,0.0,0.0,0.0,0.0,0.0,0.0,0.0,0,0,0,0.0,0.0,0.0,0.0,0.0,0.0,0.0,0.0,0.0,0.0,0.0,0.0,0.0,0.0,0.0,0.0,0,-107875648.0,63,0.0,126,2.7184242562605685e+23,-0.0,ERR,ERR,ERR,ERR,ERR,ERR,ERR,ERR,ERR,ERR,ERR,ERR,ERR,ERR,ERR,ERR,ERR,ERR,ERR,ERR,ERR,ERR,ERR,ERR,ERR,ERR,ERR,ERR,ERR,ERR,ERR,ERR,ERR,ERR,ERR,ERR,ERR,ERR,ERR,ERR,ERR,ERR,ERR,ERR,ERR,ERR,ERR,ERR,ERR,ERR,ERR,ERR,ERR,ERR,ERR,ERR,ERR,ERR,ERR,ERR,ERR,ERR,ERR,ERR,ERR,ERR,ERR,34.0,80.0,35,0.0,0.0,0.0,0.0,0.0,0.0,0.0,0.0,0.0,0.0,0.0,0.0,0.0,0.0,0.0,0.0,64.4,0,116,56,49,65476,0,300,0,0,8,20529,65476,0,0,57672,80.0,0.0,0.0,0.0,0.0,0.0
2026-06-17T04:40:04,ERR,ERR,ERR,ERR,ERR,ERR,ERR,ERR,ERR,ERR,ERR,ERR,ERR,ERR,ERR,ERR,ERR,ERR,ERR,ERR,ERR,ERR,ERR,ERR,ERR,ERR,ERR,ERR,ERR,ERR,ERR,ERR,ERR,ERR,ERR,ERR,ERR,ERR,ERR,ERR,ERR,ERR,ERR,ERR,ERR,ERR,ERR,ERR,ERR,ERR,ERR,ERR,ERR,ERR,ERR,ERR,ERR,ERR,ERR,ERR,ERR,ERR,ERR,ERR,ERR,ERR,ERR,ERR,ERR,ERR,ERR,ERR,ERR,ERR,ERR,ERR,ERR,ERR,ERR,ERR,ERR,ERR,ERR,ERR,ERR,ERR,ERR,ERR,ERR,ERR,ERR,ERR,ERR,ERR,ERR,ERR,ERR,ERR,ERR,ERR,ERR,ERR,ERR,ERR,ERR,ERR,ERR,ERR,ERR,ERR,ERR,ERR,ERR,ERR,ERR,ERR,ERR,ERR,ERR,ERR,ERR,ERR,ERR,ERR,ERR,0.0,-0.0,3.028208139652935e+23,0.0,0.0,1.3936040501711995e+18,7.805,0.0,0,0,4,0,7300,-0.0,0,0.0,0.0,0.0,0.0,0.0,0,0,0,0,0.0,0,0,0,0,0,0,0,0,0,0,0,0,0,0,0,0,0,0,0,0,0,0,0,0,0,0,0,0,0,0,0,0,0,32,30,30,62,65476,0,300,0,0,8,21553,0.0,-107605600.0,0.0,0.0,0.0,0.0,0.0,0.0,0.0,0.0,0.0,0.0,0.0,0.0,0.0,0.0,0.0,0.0,0.0,0.0,0.0,0.0,2.004,-2.004,-0.0,-2.004,0.0,0.0,0.0,0.0,5434.0,-0.0,6932.0,0.0,-0.0,-107615280.0,-0.0,0.0,0.0,0.0,0.0,63,0.0,0.0,0.0,0.0,0.0,0.0,0.0,0.0,0.0,0,0,0,0.0,0.0,0.0,0.0,0.0,0.0,0.0,0.0,0.0,0.0,0.0,0.0,0.0,0.0,0.0,0.0,0,-107875648.0,63,0.0,126,2.7184242562605685e+23,-0.0,ERR,ERR,ERR,ERR,ERR,ERR,ERR,ERR,ERR,ERR,ERR,ERR,ERR,ERR,ERR,ERR,ERR,ERR,ERR,ERR,ERR,ERR,ERR,ERR,ERR,ERR,ERR,ERR,ERR,ERR,ERR,ERR,ERR,ERR,ERR,ERR,ERR,ERR,ERR,ERR,ERR,ERR,ERR,ERR,ERR,ERR,ERR,ERR,ERR,ERR,ERR,ERR,ERR,ERR,ERR,ERR,ERR,ERR,ERR,ERR,ERR,ERR,ERR,ERR,ERR,ERR,ERR,34.0,80.0,35,0.0,0.0,0.0,0.0,0.0,0.0,0.0,0.0,0.0,0.0,0.0,0.0,0.0,0.0,0.0,0.0,64.4,0,116,56,49,65476,0,300,0,0,8,20529,65476,0,0,57672,80.0,0.0,0.0,0.0,0.0,0.0
2026-06-17T04:40:05,ERR,ERR,ERR,ERR,ERR,ERR,ERR,ERR,ERR,ERR,ERR,ERR,ERR,ERR,ERR,ERR,ERR,ERR,ERR,ERR,ERR,ERR,ERR,ERR,ERR,ERR,ERR,ERR,ERR,ERR,ERR,ERR,ERR,ERR,ERR,ERR,ERR,ERR,ERR,ERR,ERR,ERR,ERR,ERR,ERR,ERR,ERR,ERR,ERR,ERR,ERR,ERR,ERR,ERR,ERR,ERR,ERR,ERR,ERR,ERR,ERR,ERR,ERR,ERR,ERR,ERR,ERR,ERR,ERR,ERR,ERR,ERR,ERR,ERR,ERR,ERR,ERR,ERR,ERR,ERR,ERR,ERR,ERR,ERR,ERR,ERR,ERR,ERR,ERR,ERR,ERR,ERR,ERR,ERR,ERR,ERR,ERR,ERR,ERR,ERR,ERR,ERR,ERR,ERR,ERR,ERR,ERR,ERR,ERR,ERR,ERR,ERR,ERR,ERR,ERR,ERR,ERR,ERR,ERR,ERR,ERR,ERR,ERR,ERR,ERR,0.0,-0.0,3.028208139652935e+23,0.0,0.0,1.3936040501711995e+18,7.805,0.0,0,0,4,0,7300,-0.0,0,0.0,0.0,0.0,0.0,0.0,0,0,0,0,0.0,0,0,0,0,0,0,0,0,0,0,0,0,0,0,0,0,0,0,0,0,0,0,0,0,0,0,0,0,0,0,0,0,0,32,30,30,62,65476,0,300,0,0,8,21553,0.0,-107605600.0,0.0,0.0,0.0,0.0,0.0,0.0,0.0,0.0,0.0,0.0,0.0,0.0,0.0,0.0,0.0,0.0,0.0,0.0,0.0,0.0,2.004,-2.004,-0.0,-2.004,0.0,0.0,0.0,0.0,5434.0,-0.0,6932.0,0.0,-0.0,-107615280.0,-0.0,0.0,0.0,0.0,0.0,63,0.0,0.0,0.0,0.0,0.0,0.0,0.0,0.0,0.0,0,0,0,0.0,0.0,0.0,0.0,0.0,0.0,0.0,0.0,0.0,0.0,0.0,0.0,0.0,0.0,0.0,0.0,0,-107875648.0,63,0.0,126,2.7184242562605685e+23,-0.0,ERR,ERR,ERR,ERR,ERR,ERR,ERR,ERR,ERR,ERR,ERR,ERR,ERR,ERR,ERR,ERR,ERR,ERR,ERR,ERR,ERR,ERR,ERR,ERR,ERR,ERR,ERR,ERR,ERR,ERR,ERR,ERR,ERR,ERR,ERR,ERR,ERR,ERR,ERR,ERR,ERR,ERR,ERR,ERR,ERR,ERR,ERR,ERR,ERR,ERR,ERR,ERR,ERR,ERR,ERR,ERR,ERR,ERR,ERR,ERR,ERR,ERR,ERR,ERR,ERR,ERR,ERR,34.0,80.0,35,0.0,0.0,0.0,0.0,0.0,0.0,0.0,0.0,0.0,0.0,0.0,0.0,0.0,0.0,0.0,0.0,64.4,0,116,56,49,65476,0,300,0,0,8,20529,65476,0,0,57672,80.0,0.0,0.0,0.0,0.0,0.0
2026-06-17T04:40:06,ERR,ERR,ERR,ERR,ERR,ERR,ERR,ERR,ERR,ERR,ERR,ERR,ERR,ERR,ERR,ERR,ERR,ERR,ERR,ERR,ERR,ERR,ERR,ERR,ERR,ERR,ERR,ERR,ERR,ERR,ERR,ERR,ERR,ERR,ERR,ERR,ERR,ERR,ERR,ERR,ERR,ERR,ERR,ERR,ERR,ERR,ERR,ERR,ERR,ERR,ERR,ERR,ERR,ERR,ERR,ERR,ERR,ERR,ERR,ERR,ERR,ERR,ERR,ERR,ERR,ERR,ERR,ERR,ERR,ERR,ERR,ERR,ERR,ERR,ERR,ERR,ERR,ERR,ERR,ERR,ERR,ERR,ERR,ERR,ERR,ERR,ERR,ERR,ERR,ERR,ERR,ERR,ERR,ERR,ERR,ERR,ERR,ERR,ERR,ERR,ERR,ERR,ERR,ERR,ERR,ERR,ERR,ERR,ERR,ERR,ERR,ERR,ERR,ERR,ERR,ERR,ERR,ERR,ERR,ERR,ERR,ERR,ERR,ERR,ERR,0.0,-0.0,3.028208139652935e+23,0.0,0.0,1.3936040501711995e+18,7.805,0.0,0,0,4,0,7300,-0.0,0,0.0,0.0,0.0,0.0,0.0,0,0,0,0,0.0,0,0,0,0,0,0,0,0,0,0,0,0,0,0,0,0,0,0,0,0,0,0,0,0,0,0,0,0,0,0,0,0,0,32,30,30,62,65476,0,300,0,0,8,21553,0.0,-107605600.0,0.0,0.0,0.0,0.0,0.0,0.0,0.0,0.0,0.0,0.0,0.0,0.0,0.0,0.0,0.0,0.0,0.0,0.0,0.0,0.0,2.004,-2.004,-0.0,-2.004,0.0,0.0,0.0,0.0,5435.0,-0.0,6961.0,0.0,-0.0,-107615280.0,-0.0,0.0,0.0,0.0,0.0,63,0.0,0.0,0.0,0.0,0.0,0.0,0.0,0.0,0.0,0,0,0,0.0,0.0,0.0,0.0,0.0,0.0,0.0,0.0,0.0,0.0,0.0,0.0,0.0,0.0,0.0,0.0,0,-107875648.0,63,0.0,126,2.7184242562605685e+23,-0.0,ERR,ERR,ERR,ERR,ERR,ERR,ERR,ERR,ERR,ERR,ERR,ERR,ERR,ERR,ERR,ERR,ERR,ERR,ERR,ERR,ERR,ERR,ERR,ERR,ERR,ERR,ERR,ERR,ERR,ERR,ERR,ERR,ERR,ERR,ERR,ERR,ERR,ERR,ERR,ERR,ERR,ERR,ERR,ERR,ERR,ERR,ERR,ERR,ERR,ERR,ERR,ERR,ERR,ERR,ERR,ERR,ERR,ERR,ERR,ERR,ERR,ERR,ERR,ERR,ERR,ERR,ERR,34.0,80.0,35,0.0,0.0,0.0,0.0,0.0,0.0,0.0,0.0,0.0,0.0,0.0,0.0,0.0,0.0,0.0,0.0,64.4,0,116,56,49,65476,0,300,0,0,8,20529,65476,0,0,57672,80.0,0.0,0.0,0.0,0.0,0.0
2026-06-17T04:40:07,ERR,ERR,ERR,ERR,ERR,ERR,ERR,ERR,ERR,ERR,ERR,ERR,ERR,ERR,ERR,ERR,ERR,ERR,ERR,ERR,ERR,ERR,ERR,ERR,ERR,ERR,ERR,ERR,ERR,ERR,ERR,ERR,ERR,ERR,ERR,ERR,ERR,ERR,ERR,ERR,ERR,ERR,ERR,ERR,ERR,ERR,ERR,ERR,ERR,ERR,ERR,ERR,ERR,ERR,ERR,ERR,ERR,ERR,ERR,ERR,ERR,ERR,ERR,ERR,ERR,ERR,ERR,ERR,ERR,ERR,ERR,ERR,ERR,ERR,ERR,ERR,ERR,ERR,ERR,ERR,ERR,ERR,ERR,ERR,ERR,ERR,ERR,ERR,ERR,ERR,ERR,ERR,ERR,ERR,ERR,ERR,ERR,ERR,ERR,ERR,ERR,ERR,ERR,ERR,ERR,ERR,ERR,ERR,ERR,ERR,ERR,ERR,ERR,ERR,ERR,ERR,ERR,ERR,ERR,ERR,ERR,ERR,ERR,ERR,ERR,0.0,-0.0,3.028208139652935e+23,0.0,0.0,1.3936040501711995e+18,7.805,0.0,0,0,4,0,7300,-0.0,0,0.0,0.0,0.0,0.0,0.0,0,0,0,0,0.0,0,0,0,0,0,0,0,0,0,0,0,0,0,0,0,0,0,0,0,0,0,0,0,0,0,0,0,0,0,0,0,0,0,32,30,30,62,65476,0,300,0,0,8,21553,0.0,-107605600.0,0.0,0.0,0.0,0.0,0.0,0.0,0.0,0.0,0.0,0.0,0.0,0.0,0.0,0.0,0.0,0.0,0.0,0.0,0.0,0.0,2.004,-2.004,-0.0,-2.004,0.0,0.0,0.0,0.0,5435.0,-0.0,6961.0,0.0,-0.0,-107615280.0,-0.0,0.0,0.0,0.0,0.0,63,0.0,0.0,0.0,0.0,0.0,0.0,0.0,0.0,0.0,0,0,0,0.0,0.0,0.0,0.0,0.0,0.0,0.0,0.0,0.0,0.0,0.0,0.0,0.0,0.0,0.0,0.0,0,-107875648.0,63,0.0,126,2.7184242562605685e+23,-0.0,ERR,ERR,ERR,ERR,ERR,ERR,ERR,ERR,ERR,ERR,ERR,ERR,ERR,ERR,ERR,ERR,ERR,ERR,ERR,ERR,ERR,ERR,ERR,ERR,ERR,ERR,ERR,ERR,ERR,ERR,ERR,ERR,ERR,ERR,ERR,ERR,ERR,ERR,ERR,ERR,ERR,ERR,ERR,ERR,ERR,ERR,ERR,ERR,ERR,ERR,ERR,ERR,ERR,ERR,ERR,ERR,ERR,ERR,ERR,ERR,ERR,ERR,ERR,ERR,ERR,ERR,ERR,34.0,80.0,35,0.0,0.0,0.0,0.0,0.0,0.0,0.0,0.0,0.0,0.0,0.0,0.0,0.0,0.0,0.0,0.0,64.4,0,116,56,49,65476,0,300,0,0,8,20529,65476,0,0,57672,80.0,0.0,0.0,0.0,0.0,0.0
2026-06-17T04:40:08,ERR,ERR,ERR,ERR,ERR,ERR,ERR,ERR,ERR,ERR,ERR,ERR,ERR,ERR,ERR,ERR,ERR,ERR,ERR,ERR,ERR,ERR,ERR,ERR,ERR,ERR,ERR,ERR,ERR,ERR,ERR,ERR,ERR,ERR,ERR,ERR,ERR,ERR,ERR,ERR,ERR,ERR,ERR,ERR,ERR,ERR,ERR,ERR,ERR,ERR,ERR,ERR,ERR,ERR,ERR,ERR,ERR,ERR,ERR,ERR,ERR,ERR,ERR,ERR,ERR,ERR,ERR,ERR,ERR,ERR,ERR,ERR,ERR,ERR,ERR,ERR,ERR,ERR,ERR,ERR,ERR,ERR,ERR,ERR,ERR,ERR,ERR,ERR,ERR,ERR,ERR,ERR,ERR,ERR,ERR,ERR,ERR,ERR,ERR,ERR,ERR,ERR,ERR,ERR,ERR,ERR,ERR,ERR,ERR,ERR,ERR,ERR,ERR,ERR,ERR,ERR,ERR,ERR,ERR,ERR,ERR,ERR,ERR,ERR,ERR,0.0,-0.0,3.028208139652935e+23,0.0,0.0,1.3936040501711995e+18,7.805,0.0,0,0,4,0,7300,-0.0,0,0.0,0.0,0.0,0.0,0.0,0,0,0,0,0.0,0,0,0,0,0,0,0,0,0,0,0,0,0,0,0,0,0,0,0,0,0,0,0,0,0,0,0,0,0,0,0,0,0,32,30,30,62,65476,0,300,0,0,8,21553,0.0,-107605600.0,0.0,0.0,0.0,0.0,0.0,0.0,0.0,0.0,0.0,0.0,0.0,0.0,0.0,0.0,0.0,0.0,0.0,0.0,0.0,0.0,2.004,-2.004,-0.0,-2.004,0.0,0.0,0.0,0.0,5435.0,-0.0,6961.0,0.0,-0.0,-107615280.0,-0.0,0.0,0.0,0.0,0.0,63,0.0,0.0,0.0,0.0,0.0,0.0,0.0,0.0,0.0,0,0,0,0.0,0.0,0.0,0.0,0.0,0.0,0.0,0.0,0.0,0.0,0.0,0.0,0.0,0.0,0.0,0.0,0,-107875648.0,63,0.0,126,2.7184242562605685e+23,-0.0,ERR,ERR,ERR,ERR,ERR,ERR,ERR,ERR,ERR,ERR,ERR,ERR,ERR,ERR,ERR,ERR,ERR,ERR,ERR,ERR,ERR,ERR,ERR,ERR,ERR,ERR,ERR,ERR,ERR,ERR,ERR,ERR,ERR,ERR,ERR,ERR,ERR,ERR,ERR,ERR,ERR,ERR,ERR,ERR,ERR,ERR,ERR,ERR,ERR,ERR,ERR,ERR,ERR,ERR,ERR,ERR,ERR,ERR,ERR,ERR,ERR,ERR,ERR,ERR,ERR,ERR,ERR,34.0,80.0,35,0.0,0.0,0.0,0.0,0.0,0.0,0.0,0.0,0.0,0.0,0.0,0.0,0.0,0.0,0.0,0.0,64.4,0,116,56,49,65476,0,300,0,0,8,20529,65476,0,0,57672,80.0,0.0,0.0,0.0,0.0,0.0
2026-06-17T04:40:09,ERR,ERR,ERR,ERR,ERR,ERR,ERR,ERR,ERR,ERR,ERR,ERR,ERR,ERR,ERR,ERR,ERR,ERR,ERR,ERR,ERR,ERR,ERR,ERR,ERR,ERR,ERR,ERR,ERR,ERR,ERR,ERR,ERR,ERR,ERR,ERR,ERR,ERR,ERR,ERR,ERR,ERR,ERR,ERR,ERR,ERR,ERR,ERR,ERR,ERR,ERR,ERR,ERR,ERR,ERR,ERR,ERR,ERR,ERR,ERR,ERR,ERR,ERR,ERR,ERR,ERR,ERR,ERR,ERR,ERR,ERR,ERR,ERR,ERR,ERR,ERR,ERR,ERR,ERR,ERR,ERR,ERR,ERR,ERR,ERR,ERR,ERR,ERR,ERR,ERR,ERR,ERR,ERR,ERR,ERR,ERR,ERR,ERR,ERR,ERR,ERR,ERR,ERR,ERR,ERR,ERR,ERR,ERR,ERR,ERR,ERR,ERR,ERR,ERR,ERR,ERR,ERR,ERR,ERR,ERR,ERR,ERR,ERR,ERR,ERR,0.0,-0.0,3.028208139652935e+23,0.0,0.0,1.3936040501711995e+18,7.805,0.0,0,0,4,0,7300,-0.0,0,0.0,0.0,0.0,0.0,0.0,0,0,0,0,0.0,0,0,0,0,0,0,0,0,0,0,0,0,0,0,0,0,0,0,0,0,0,0,0,0,0,0,0,0,0,0,0,0,0,32,30,30,62,65476,0,300,0,0,8,21553,0.0,-107605600.0,0.0,0.0,0.0,0.0,0.0,0.0,0.0,0.0,0.0,0.0,0.0,0.0,0.0,0.0,0.0,0.0,0.0,0.0,0.0,0.0,2.004,-2.004,-0.0,-2.004,0.0,0.0,0.0,0.0,5435.0,-0.0,6961.0,0.0,-0.0,-107615280.0,-0.0,0.0,0.0,0.0,0.0,63,0.0,0.0,0.0,0.0,0.0,0.0,0.0,0.0,0.0,0,0,0,0.0,0.0,0.0,0.0,0.0,0.0,0.0,0.0,0.0,0.0,0.0,0.0,0.0,0.0,0.0,0.0,0,-107875648.0,63,0.0,126,2.7184242562605685e+23,-0.0,ERR,ERR,ERR,ERR,ERR,ERR,ERR,ERR,ERR,ERR,ERR,ERR,ERR,ERR,ERR,ERR,ERR,ERR,ERR,ERR,ERR,ERR,ERR,ERR,ERR,ERR,ERR,ERR,ERR,ERR,ERR,ERR,ERR,ERR,ERR,ERR,ERR,ERR,ERR,ERR,ERR,ERR,ERR,ERR,ERR,ERR,ERR,ERR,ERR,ERR,ERR,ERR,ERR,ERR,ERR,ERR,ERR,ERR,ERR,ERR,ERR,ERR,ERR,ERR,ERR,ERR,ERR,34.0,80.0,35,0.0,0.0,0.0,0.0,0.0,0.0,0.0,0.0,0.0,0.0,0.0,0.0,0.0,0.0,0.0,0.0,64.4,0,116,56,49,65476,0,300,0,0,8,20529,65476,0,0,57672,80.0,0.0,0.0,0.0,0.0,0.0
2026-06-17T04:40:10,ERR,ERR,ERR,ERR,ERR,ERR,ERR,ERR,ERR,ERR,ERR,ERR,ERR,ERR,ERR,ERR,ERR,ERR,ERR,ERR,ERR,ERR,ERR,ERR,ERR,ERR,ERR,ERR,ERR,ERR,ERR,ERR,ERR,ERR,ERR,ERR,ERR,ERR,ERR,ERR,ERR,ERR,ERR,ERR,ERR,ERR,ERR,ERR,ERR,ERR,ERR,ERR,ERR,ERR,ERR,ERR,ERR,ERR,ERR,ERR,ERR,ERR,ERR,ERR,ERR,ERR,ERR,ERR,ERR,ERR,ERR,ERR,ERR,ERR,ERR,ERR,ERR,ERR,ERR,ERR,ERR,ERR,ERR,ERR,ERR,ERR,ERR,ERR,ERR,ERR,ERR,ERR,ERR,ERR,ERR,ERR,ERR,ERR,ERR,ERR,ERR,ERR,ERR,ERR,ERR,ERR,ERR,ERR,ERR,ERR,ERR,ERR,ERR,ERR,ERR,ERR,ERR,ERR,ERR,ERR,ERR,ERR,ERR,ERR,ERR,0.0,-0.0,3.028208139652935e+23,0.0,0.0,1.3936040501711995e+18,7.805,0.0,0,0,4,0,7300,-0.0,0,0.0,0.0,0.0,0.0,0.0,0,0,0,0,0.0,0,0,0,0,0,0,0,0,0,0,0,0,0,0,0,0,0,0,0,0,0,0,0,0,0,0,0,0,0,0,0,0,0,32,30,30,62,65476,0,300,0,0,8,21553,0.0,-107605600.0,0.0,0.0,0.0,0.0,0.0,0.0,0.0,0.0,0.0,0.0,0.0,0.0,0.0,0.0,0.0,0.0,0.0,0.0,0.0,0.0,2.004,-2.004,-0.0,-2.004,0.0,0.0,0.0,0.0,5435.0,-0.0,6961.0,0.0,-0.0,-107615280.0,-0.0,0.0,0.0,0.0,0.0,63,0.0,0.0,0.0,0.0,0.0,0.0,0.0,0.0,0.0,0,0,0,0.0,0.0,0.0,0.0,0.0,0.0,0.0,0.0,0.0,0.0,0.0,0.0,0.0,0.0,0.0,0.0,0,-107875648.0,63,0.0,126,2.7184242562605685e+23,-0.0,ERR,ERR,ERR,ERR,ERR,ERR,ERR,ERR,ERR,ERR,ERR,ERR,ERR,ERR,ERR,ERR,ERR,ERR,ERR,ERR,ERR,ERR,ERR,ERR,ERR,ERR,ERR,ERR,ERR,ERR,ERR,ERR,ERR,ERR,ERR,ERR,ERR,ERR,ERR,ERR,ERR,ERR,ERR,ERR,ERR,ERR,ERR,ERR,ERR,ERR,ERR,ERR,ERR,ERR,ERR,ERR,ERR,ERR,ERR,ERR,ERR,ERR,ERR,ERR,ERR,ERR,ERR,34.0,80.0,35,0.0,0.0,0.0,0.0,0.0,0.0,0.0,0.0,0.0,0.0,0.0,0.0,0.0,0.0,0.0,0.0,64.8,0,116,56,49,65476,0,300,0,0,8,20529,65476,0,0,57672,80.0,0.0,0.0,0.0,0.0,0.0
2026-06-17T04:40:11,ERR,ERR,ERR,ERR,ERR,ERR,ERR,ERR,ERR,ERR,ERR,ERR,ERR,ERR,ERR,ERR,ERR,ERR,ERR,ERR,ERR,ERR,ERR,ERR,ERR,ERR,ERR,ERR,ERR,ERR,ERR,ERR,ERR,ERR,ERR,ERR,ERR,ERR,ERR,ERR,ERR,ERR,ERR,ERR,ERR,ERR,ERR,ERR,ERR,ERR,ERR,ERR,ERR,ERR,ERR,ERR,ERR,ERR,ERR,ERR,ERR,ERR,ERR,ERR,ERR,ERR,ERR,ERR,ERR,ERR,ERR,ERR,ERR,ERR,ERR,ERR,ERR,ERR,ERR,ERR,ERR,ERR,ERR,ERR,ERR,ERR,ERR,ERR,ERR,ERR,ERR,ERR,ERR,ERR,ERR,ERR,ERR,ERR,ERR,ERR,ERR,ERR,ERR,ERR,ERR,ERR,ERR,ERR,ERR,ERR,ERR,ERR,ERR,ERR,ERR,ERR,ERR,ERR,ERR,ERR,ERR,ERR,ERR,ERR,ERR,0.0,-0.0,-0.0,0.0,0.0,1.3936040501711995e+18,7.805,0.0,0,0,4,0,7300,-0.0,0,0.0,0.0,0.0,0.0,0.0,0,0,0,0,0.0,0,0,0,0,0,0,0,0,0,0,0,0,0,0,0,0,0,0,0,0,0,0,0,0,0,0,0,0,0,0,0,0,0,32,30,30,62,65476,0,300,0,0,8,21553,0.0,-107605600.0,0.0,0.0,0.0,0.0,0.0,0.0,0.0,0.0,0.0,0.0,0.0,0.0,0.0,0.0,0.0,0.0,0.0,0.0,0.0,0.0,2.004,-2.004,-0.0,-2.004,0.0,0.0,0.0,0.0,5436.0,1.0406669901790231e+34,6927.0,0.0,-0.0,-107615280.0,-0.0,0.0,0.0,0.0,0.0,63,0.0,-3.222008670201871e+26,0.0,0.0,0.0,0.0,0.0,0.0,0.0,0,0,0,0.0,0.0,0.0,0.0,0.0,0.0,0.0,0.0,0.0,0.0,0.0,0.0,0.0,0.0,0.0,0.0,0,-107875648.0,63,0.0,126,2.7184242562605685e+23,-0.0,ERR,ERR,ERR,ERR,ERR,ERR,ERR,ERR,ERR,ERR,ERR,ERR,ERR,ERR,ERR,ERR,ERR,ERR,ERR,ERR,ERR,ERR,ERR,ERR,ERR,ERR,ERR,ERR,ERR,ERR,ERR,ERR,ERR,ERR,ERR,ERR,ERR,ERR,ERR,ERR,ERR,ERR,ERR,ERR,ERR,ERR,ERR,ERR,ERR,ERR,ERR,ERR,ERR,ERR,ERR,ERR,ERR,ERR,ERR,ERR,ERR,ERR,ERR,ERR,ERR,ERR,ERR,34.0,80.0,35,0.0,0.0,0.0,0.0,0.0,0.0,0.0,0.0,0.0,0.0,0.0,0.0,0.0,0.0,0.0,0.0,64.8,0,116,56,49,65476,0,300,0,0,8,20529,65476,0,0,57672,80.0,0.0,0.0,0.0,0.0,0.0
2026-06-17T04:40:12,ERR,ERR,ERR,ERR,ERR,ERR,ERR,ERR,ERR,ERR,ERR,ERR,ERR,ERR,ERR,ERR,ERR,ERR,ERR,ERR,ERR,ERR,ERR,ERR,ERR,ERR,ERR,ERR,ERR,ERR,ERR,ERR,ERR,ERR,ERR,ERR,ERR,ERR,ERR,ERR,ERR,ERR,ERR,ERR,ERR,ERR,ERR,ERR,ERR,ERR,ERR,ERR,ERR,ERR,ERR,ERR,ERR,ERR,ERR,ERR,ERR,ERR,ERR,ERR,ERR,ERR,ERR,ERR,ERR,ERR,ERR,ERR,ERR,ERR,ERR,ERR,ERR,ERR,ERR,ERR,ERR,ERR,ERR,ERR,ERR,ERR,ERR,ERR,ERR,ERR,ERR,ERR,ERR,ERR,ERR,ERR,ERR,ERR,ERR,ERR,ERR,ERR,ERR,ERR,ERR,ERR,ERR,ERR,ERR,ERR,ERR,ERR,ERR,ERR,ERR,ERR,ERR,ERR,ERR,ERR,ERR,ERR,ERR,ERR,ERR,0.0,-0.0,-0.0,0.0,0.0,1.3936040501711995e+18,7.805,0.0,0,0,4,0,7300,-0.0,0,0.0,0.0,0.0,0.0,0.0,0,0,0,0,0.0,0,0,0,0,0,0,0,0,0,0,0,0,0,0,0,0,0,0,0,0,0,0,0,0,0,0,0,0,0,0,0,0,0,32,30,30,62,65476,0,300,0,0,8,21553,0.0,-107605600.0,0.0,0.0,0.0,0.0,0.0,0.0,0.0,0.0,0.0,0.0,0.0,0.0,0.0,0.0,0.0,0.0,0.0,0.0,0.0,0.0,2.004,-2.004,-0.0,-2.004,0.0,0.0,0.0,0.0,5436.0,1.0406669901790231e+34,6927.0,0.0,-0.0,-107615280.0,-0.0,0.0,0.0,0.0,0.0,63,0.0,-3.222008670201871e+26,0.0,0.0,0.0,0.0,0.0,0.0,0.0,0,0,0,0.0,0.0,0.0,0.0,0.0,0.0,0.0,0.0,0.0,0.0,0.0,0.0,0.0,0.0,0.0,0.0,0,-107875648.0,63,0.0,126,2.7184242562605685e+23,-0.0,ERR,ERR,ERR,ERR,ERR,ERR,ERR,ERR,ERR,ERR,ERR,ERR,ERR,ERR,ERR,ERR,ERR,ERR,ERR,ERR,ERR,ERR,ERR,ERR,ERR,ERR,ERR,ERR,ERR,ERR,ERR,ERR,ERR,ERR,ERR,ERR,ERR,ERR,ERR,ERR,ERR,ERR,ERR,ERR,ERR,ERR,ERR,ERR,ERR,ERR,ERR,ERR,ERR,ERR,ERR,ERR,ERR,ERR,ERR,ERR,ERR,ERR,ERR,ERR,ERR,ERR,ERR,34.0,80.0,35,0.0,0.0,0.0,0.0,0.0,0.0,0.0,0.0,0.0,0.0,0.0,0.0,0.0,0.0,0.0,0.0,64.4,0,116,56,49,65476,0,300,0,0,8,20529,65476,0,0,57672,80.0,0.0,0.0,0.0,0.0,0.0
2026-06-17T04:40:13,ERR,ERR,ERR,ERR,ERR,ERR,ERR,ERR,ERR,ERR,ERR,ERR,ERR,ERR,ERR,ERR,ERR,ERR,ERR,ERR,ERR,ERR,ERR,ERR,ERR,ERR,ERR,ERR,ERR,ERR,ERR,ERR,ERR,ERR,ERR,ERR,ERR,ERR,ERR,ERR,ERR,ERR,ERR,ERR,ERR,ERR,ERR,ERR,ERR,ERR,ERR,ERR,ERR,ERR,ERR,ERR,ERR,ERR,ERR,ERR,ERR,ERR,ERR,ERR,ERR,ERR,ERR,ERR,ERR,ERR,ERR,ERR,ERR,ERR,ERR,ERR,ERR,ERR,ERR,ERR,ERR,ERR,ERR,ERR,ERR,ERR,ERR,ERR,ERR,ERR,ERR,ERR,ERR,ERR,ERR,ERR,ERR,ERR,ERR,ERR,ERR,ERR,ERR,ERR,ERR,ERR,ERR,ERR,ERR,ERR,ERR,ERR,ERR,ERR,ERR,ERR,ERR,ERR,ERR,ERR,ERR,ERR,ERR,ERR,ERR,0.0,-0.0,-0.0,0.0,0.0,1.3936040501711995e+18,7.805,0.0,0,0,4,0,7300,-0.0,0,0.0,0.0,0.0,0.0,0.0,0,0,0,0,0.0,0,0,0,0,0,0,0,0,0,0,0,0,0,0,0,0,0,0,0,0,0,0,0,0,0,0,0,0,0,0,0,0,0,32,30,30,62,65476,0,300,0,0,8,21553,0.0,-107605600.0,0.0,0.0,0.0,0.0,0.0,0.0,0.0,0.0,0.0,0.0,0.0,0.0,0.0,0.0,0.0,0.0,0.0,0.0,0.0,0.0,2.004,-2.004,-0.0,-2.004,0.0,0.0,0.0,0.0,5436.0,1.0406669901790231e+34,6927.0,0.0,-0.0,-107615280.0,-0.0,0.0,0.0,0.0,0.0,63,0.0,-3.222008670201871e+26,0.0,0.0,0.0,0.0,0.0,0.0,0.0,0,0,0,0.0,0.0,0.0,0.0,0.0,0.0,0.0,0.0,0.0,0.0,0.0,0.0,0.0,0.0,0.0,0.0,0,-107875648.0,63,0.0,126,2.7184242562605685e+23,-0.0,ERR,ERR,ERR,ERR,ERR,ERR,ERR,ERR,ERR,ERR,ERR,ERR,ERR,ERR,ERR,ERR,ERR,ERR,ERR,ERR,ERR,ERR,ERR,ERR,ERR,ERR,ERR,ERR,ERR,ERR,ERR,ERR,ERR,ERR,ERR,ERR,ERR,ERR,ERR,ERR,ERR,ERR,ERR,ERR,ERR,ERR,ERR,ERR,ERR,ERR,ERR,ERR,ERR,ERR,ERR,ERR,ERR,ERR,ERR,ERR,ERR,ERR,ERR,ERR,ERR,ERR,ERR,34.0,80.0,35,0.0,0.0,0.0,0.0,0.0,0.0,0.0,0.0,0.0,0.0,0.0,0.0,0.0,0.0,0.0,0.0,64.4,0,116,56,49,65476,0,300,0,0,8,20529,65476,0,0,57672,80.0,0.0,0.0,0.0,0.0,0.0
2026-06-17T04:40:14,ERR,ERR,ERR,ERR,ERR,ERR,ERR,ERR,ERR,ERR,ERR,ERR,ERR,ERR,ERR,ERR,ERR,ERR,ERR,ERR,ERR,ERR,ERR,ERR,ERR,ERR,ERR,ERR,ERR,ERR,ERR,ERR,ERR,ERR,ERR,ERR,ERR,ERR,ERR,ERR,ERR,ERR,ERR,ERR,ERR,ERR,ERR,ERR,ERR,ERR,ERR,ERR,ERR,ERR,ERR,ERR,ERR,ERR,ERR,ERR,ERR,ERR,ERR,ERR,ERR,ERR,ERR,ERR,ERR,ERR,ERR,ERR,ERR,ERR,ERR,ERR,ERR,ERR,ERR,ERR,ERR,ERR,ERR,ERR,ERR,ERR,ERR,ERR,ERR,ERR,ERR,ERR,ERR,ERR,ERR,ERR,ERR,ERR,ERR,ERR,ERR,ERR,ERR,ERR,ERR,ERR,ERR,ERR,ERR,ERR,ERR,ERR,ERR,ERR,ERR,ERR,ERR,ERR,ERR,ERR,ERR,ERR,ERR,ERR,ERR,0.0,-0.0,-0.0,0.0,0.0,1.3936040501711995e+18,7.805,0.0,0,0,4,0,7300,-0.0,0,0.0,0.0,0.0,0.0,0.0,0,0,0,0,0.0,0,0,0,0,0,0,0,0,0,0,0,0,0,0,0,0,0,0,0,0,0,0,0,0,0,0,0,0,0,0,0,0,0,32,30,30,62,65476,0,300,0,0,8,21553,0.0,-107605600.0,0.0,0.0,0.0,0.0,0.0,0.0,0.0,0.0,0.0,0.0,0.0,0.0,0.0,0.0,0.0,0.0,0.0,0.0,0.0,0.0,2.004,-2.004,-0.0,-2.004,0.0,0.0,0.0,0.0,5436.0,1.0406669901790231e+34,6927.0,0.0,-0.0,-107615280.0,-0.0,0.0,0.0,0.0,0.0,63,0.0,-3.222008670201871e+26,0.0,0.0,0.0,0.0,0.0,0.0,0.0,0,0,0,0.0,0.0,0.0,0.0,0.0,0.0,0.0,0.0,0.0,0.0,0.0,0.0,0.0,0.0,0.0,0.0,0,-107875648.0,63,0.0,126,2.7184242562605685e+23,-0.0,ERR,ERR,ERR,ERR,ERR,ERR,ERR,ERR,ERR,ERR,ERR,ERR,ERR,ERR,ERR,ERR,ERR,ERR,ERR,ERR,ERR,ERR,ERR,ERR,ERR,ERR,ERR,ERR,ERR,ERR,ERR,ERR,ERR,ERR,ERR,ERR,ERR,ERR,ERR,ERR,ERR,ERR,ERR,ERR,ERR,ERR,ERR,ERR,ERR,ERR,ERR,ERR,ERR,ERR,ERR,ERR,ERR,ERR,ERR,ERR,ERR,ERR,ERR,ERR,ERR,ERR,ERR,34.0,80.0,35,0.0,0.0,0.0,0.0,0.0,0.0,0.0,0.0,0.0,0.0,0.0,0.0,0.0,0.0,0.0,0.0,64.8,0,116,56,49,65476,0,300,0,0,8,20529,65476,0,0,57672,80.0,0.0,0.0,0.0,0.0,0.0
2026-06-17T04:40:15,ERR,ERR,ERR,ERR,ERR,ERR,ERR,ERR,ERR,ERR,ERR,ERR,ERR,ERR,ERR,ERR,ERR,ERR,ERR,ERR,ERR,ERR,ERR,ERR,ERR,ERR,ERR,ERR,ERR,ERR,ERR,ERR,ERR,ERR,ERR,ERR,ERR,ERR,ERR,ERR,ERR,ERR,ERR,ERR,ERR,ERR,ERR,ERR,ERR,ERR,ERR,ERR,ERR,ERR,ERR,ERR,ERR,ERR,ERR,ERR,ERR,ERR,ERR,ERR,ERR,ERR,ERR,ERR,ERR,ERR,ERR,ERR,ERR,ERR,ERR,ERR,ERR,ERR,ERR,ERR,ERR,ERR,ERR,ERR,ERR,ERR,ERR,ERR,ERR,ERR,ERR,ERR,ERR,ERR,ERR,ERR,ERR,ERR,ERR,ERR,ERR,ERR,ERR,ERR,ERR,ERR,ERR,ERR,ERR,ERR,ERR,ERR,ERR,ERR,ERR,ERR,ERR,ERR,ERR,ERR,ERR,ERR,ERR,ERR,ERR,0.0,-0.0,-0.0,0.0,0.0,1.3936040501711995e+18,7.805,0.0,0,0,4,0,7300,-0.0,0,0.0,0.0,0.0,0.0,0.0,0,0,0,0,0.0,0,0,0,0,0,0,0,0,0,0,0,0,0,0,0,0,0,0,0,0,0,0,0,0,0,0,0,0,0,0,0,0,0,32,30,30,62,65476,0,300,0,0,8,21553,0.0,-107605600.0,0.0,0.0,0.0,0.0,0.0,0.0,0.0,0.0,0.0,0.0,0.0,0.0,0.0,0.0,0.0,0.0,0.0,0.0,0.0,0.0,2.004,-2.004,-0.0,-2.004,0.0,0.0,0.0,0.0,5436.0,1.0406669901790231e+34,6927.0,0.0,-0.0,-107615280.0,-0.0,0.0,0.0,0.0,0.0,63,0.0,-3.222008670201871e+26,0.0,0.0,0.0,0.0,0.0,0.0,0.0,0,0,0,0.0,0.0,0.0,0.0,0.0,0.0,0.0,0.0,0.0,0.0,0.0,0.0,0.0,0.0,0.0,0.0,0,-107875648.0,63,0.0,126,2.7184242562605685e+23,-0.0,ERR,ERR,ERR,ERR,ERR,ERR,ERR,ERR,ERR,ERR,ERR,ERR,ERR,ERR,ERR,ERR,ERR,ERR,ERR,ERR,ERR,ERR,ERR,ERR,ERR,ERR,ERR,ERR,ERR,ERR,ERR,ERR,ERR,ERR,ERR,ERR,ERR,ERR,ERR,ERR,ERR,ERR,ERR,ERR,ERR,ERR,ERR,ERR,ERR,ERR,ERR,ERR,ERR,ERR,ERR,ERR,ERR,ERR,ERR,ERR,ERR,ERR,ERR,ERR,ERR,ERR,ERR,34.0,80.0,35,0.0,0.0,0.0,0.0,0.0,0.0,0.0,0.0,0.0,0.0,0.0,0.0,0.0,0.0,0.0,0.0,64.8,0,116,56,49,65476,0,300,0,0,8,20529,65476,0,0,57672,80.0,0.0,0.0,0.0,0.0,0.0
2026-06-17T04:40:16,ERR,ERR,ERR,ERR,ERR,ERR,ERR,ERR,ERR,ERR,ERR,ERR,ERR,ERR,ERR,ERR,ERR,ERR,ERR,ERR,ERR,ERR,ERR,ERR,ERR,ERR,ERR,ERR,ERR,ERR,ERR,ERR,ERR,ERR,ERR,ERR,ERR,ERR,ERR,ERR,ERR,ERR,ERR,ERR,ERR,ERR,ERR,ERR,ERR,ERR,ERR,ERR,ERR,ERR,ERR,ERR,ERR,ERR,ERR,ERR,ERR,ERR,ERR,ERR,ERR,ERR,ERR,ERR,ERR,ERR,ERR,ERR,ERR,ERR,ERR,ERR,ERR,ERR,ERR,ERR,ERR,ERR,ERR,ERR,ERR,ERR,ERR,ERR,ERR,ERR,ERR,ERR,ERR,ERR,ERR,ERR,ERR,ERR,ERR,ERR,ERR,ERR,ERR,ERR,ERR,ERR,ERR,ERR,ERR,ERR,ERR,ERR,ERR,ERR,ERR,ERR,ERR,ERR,ERR,ERR,ERR,ERR,ERR,ERR,ERR,0.0,-0.0,-0.0,0.0,0.0,1.3936040501711995e+18,7.805,0.0,0,0,4,0,7300,-0.0,0,0.0,0.0,0.0,0.0,0.0,0,0,0,0,0.0,0,0,0,0,0,0,0,0,0,0,0,0,0,0,0,0,0,0,0,0,0,0,0,0,0,0,0,0,0,0,0,0,0,32,30,30,62,65476,0,300,0,0,8,21553,0.0,-107605600.0,0.0,0.0,0.0,0.0,0.0,0.0,0.0,0.0,0.0,0.0,0.0,0.0,0.0,0.0,0.0,0.0,0.0,0.0,0.0,0.0,2.004,-2.004,-0.0,-2.004,0.0,0.0,0.0,0.0,5436.0,1.0406669901790231e+34,6927.0,0.0,-0.0,-107615280.0,-0.0,0.0,0.0,0.0,0.0,63,0.0,-3.222008670201871e+26,0.0,0.0,0.0,0.0,0.0,0.0,0.0,0,0,0,0.0,0.0,0.0,0.0,0.0,0.0,0.0,0.0,0.0,0.0,0.0,0.0,0.0,0.0,0.0,0.0,0,-107875648.0,63,0.0,126,2.7184242562605685e+23,-0.0,ERR,ERR,ERR,ERR,ERR,ERR,ERR,ERR,ERR,ERR,ERR,ERR,ERR,ERR,ERR,ERR,ERR,ERR,ERR,ERR,ERR,ERR,ERR,ERR,ERR,ERR,ERR,ERR,ERR,ERR,ERR,ERR,ERR,ERR,ERR,ERR,ERR,ERR,ERR,ERR,ERR,ERR,ERR,ERR,ERR,ERR,ERR,ERR,ERR,ERR,ERR,ERR,ERR,ERR,ERR,ERR,ERR,ERR,ERR,ERR,ERR,ERR,ERR,ERR,ERR,ERR,ERR,34.0,80.0,35,0.0,0.0,0.0,0.0,0.0,0.0,0.0,0.0,0.0,0.0,0.0,0.0,0.0,0.0,0.0,0.0,64.4,0,116,56,49,65476,0,300,0,0,8,20529,65476,0,0,57672,80.0,0.0,0.0,0.0,0.0,0.0
2026-06-17T04:40:17,ERR,ERR,ERR,ERR,ERR,ERR,ERR,ERR,ERR,ERR,ERR,ERR,ERR,ERR,ERR,ERR,ERR,ERR,ERR,ERR,ERR,ERR,ERR,ERR,ERR,ERR,ERR,ERR,ERR,ERR,ERR,ERR,ERR,ERR,ERR,ERR,ERR,ERR,ERR,ERR,ERR,ERR,ERR,ERR,ERR,ERR,ERR,ERR,ERR,ERR,ERR,ERR,ERR,ERR,ERR,ERR,ERR,ERR,ERR,ERR,ERR,ERR,ERR,ERR,ERR,ERR,ERR,ERR,ERR,ERR,ERR,ERR,ERR,ERR,ERR,ERR,ERR,ERR,ERR,ERR,ERR,ERR,ERR,ERR,ERR,ERR,ERR,ERR,ERR,ERR,ERR,ERR,ERR,ERR,ERR,ERR,ERR,ERR,ERR,ERR,ERR,ERR,ERR,ERR,ERR,ERR,ERR,ERR,ERR,ERR,ERR,ERR,ERR,ERR,ERR,ERR,ERR,ERR,ERR,ERR,ERR,ERR,ERR,ERR,ERR,0.0,-0.0,3.028208139652935e+23,0.0,0.0,1.3936040501711995e+18,7.805,0.0,0,0,4,0,7300,-0.0,0,0.0,0.0,0.0,0.0,0.0,0,0,0,0,0.0,0,0,0,0,0,0,0,0,0,0,0,0,0,0,0,0,0,0,0,0,0,0,0,0,0,0,0,0,0,0,0,0,0,32,30,30,62,65476,0,300,0,0,8,21553,0.0,-107605600.0,0.0,0.0,0.0,0.0,0.0,0.0,0.0,0.0,0.0,0.0,0.0,0.0,0.0,0.0,0.0,0.0,0.0,0.0,0.0,0.0,2.004,-2.004,-0.0,-2.004,0.0,0.0,0.0,0.0,5435.0,3.697191851085162e+19,6956.0,0.0,-0.0,-107615280.0,-0.0,0.0,0.0,0.0,0.0,63,0.0,-107614912.0,0.0,0.0,0.0,0.0,0.0,0.0,0.0,0,0,0,0.0,0.0,0.0,0.0,0.0,0.0,0.0,0.0,0.0,0.0,0.0,0.0,0.0,0.0,0.0,0.0,0,-107875648.0,63,0.0,126,2.7184242562605685e+23,-0.0,ERR,ERR,ERR,ERR,ERR,ERR,ERR,ERR,ERR,ERR,ERR,ERR,ERR,ERR,ERR,ERR,ERR,ERR,ERR,ERR,ERR,ERR,ERR,ERR,ERR,ERR,ERR,ERR,ERR,ERR,ERR,ERR,ERR,ERR,ERR,ERR,ERR,ERR,ERR,ERR,ERR,ERR,ERR,ERR,ERR,ERR,ERR,ERR,ERR,ERR,ERR,ERR,ERR,ERR,ERR,ERR,ERR,ERR,ERR,ERR,ERR,ERR,ERR,ERR,ERR,ERR,ERR,34.0,80.0,35,0.0,0.0,0.0,0.0,0.0,0.0,0.0,0.0,0.0,0.0,0.0,0.0,0.0,0.0,0.0,0.0,64.4,0,116,56,49,65476,0,300,0,0,8,20529,65476,0,0,57672,80.0,0.0,0.0,0.0,0.0,0.0
2026-06-17T04:40:18,ERR,ERR,ERR,ERR,ERR,ERR,ERR,ERR,ERR,ERR,ERR,ERR,ERR,ERR,ERR,ERR,ERR,ERR,ERR,ERR,ERR,ERR,ERR,ERR,ERR,ERR,ERR,ERR,ERR,ERR,ERR,ERR,ERR,ERR,ERR,ERR,ERR,ERR,ERR,ERR,ERR,ERR,ERR,ERR,ERR,ERR,ERR,ERR,ERR,ERR,ERR,ERR,ERR,ERR,ERR,ERR,ERR,ERR,ERR,ERR,ERR,ERR,ERR,ERR,ERR,ERR,ERR,ERR,ERR,ERR,ERR,ERR,ERR,ERR,ERR,ERR,ERR,ERR,ERR,ERR,ERR,ERR,ERR,ERR,ERR,ERR,ERR,ERR,ERR,ERR,ERR,ERR,ERR,ERR,ERR,ERR,ERR,ERR,ERR,ERR,ERR,ERR,ERR,ERR,ERR,ERR,ERR,ERR,ERR,ERR,ERR,ERR,ERR,ERR,ERR,ERR,ERR,ERR,ERR,ERR,ERR,ERR,ERR,ERR,ERR,0.0,-0.0,3.028208139652935e+23,0.0,0.0,1.3936040501711995e+18,7.805,0.0,0,0,4,0,7300,-0.0,0,0.0,0.0,0.0,0.0,0.0,0,0,0,0,0.0,0,0,0,0,0,0,0,0,0,0,0,0,0,0,0,0,0,0,0,0,0,0,0,0,0,0,0,0,0,0,0,0,0,32,30,30,62,65476,0,300,0,0,8,21553,0.0,-107605600.0,0.0,0.0,0.0,0.0,0.0,0.0,0.0,0.0,0.0,0.0,0.0,0.0,0.0,0.0,0.0,0.0,0.0,0.0,0.0,0.0,2.004,-2.004,-0.0,-2.004,0.0,0.0,0.0,0.0,5435.0,3.697191851085162e+19,6956.0,0.0,-0.0,-107615280.0,-0.0,0.0,0.0,0.0,0.0,63,0.0,-107614912.0,0.0,0.0,0.0,0.0,0.0,0.0,0.0,0,0,0,0.0,0.0,0.0,0.0,0.0,0.0,0.0,0.0,0.0,0.0,0.0,0.0,0.0,0.0,0.0,0.0,0,-107875648.0,63,0.0,126,2.7184242562605685e+23,-0.0,ERR,ERR,ERR,ERR,ERR,ERR,ERR,ERR,ERR,ERR,ERR,ERR,ERR,ERR,ERR,ERR,ERR,ERR,ERR,ERR,ERR,ERR,ERR,ERR,ERR,ERR,ERR,ERR,ERR,ERR,ERR,ERR,ERR,ERR,ERR,ERR,ERR,ERR,ERR,ERR,ERR,ERR,ERR,ERR,ERR,ERR,ERR,ERR,ERR,ERR,ERR,ERR,ERR,ERR,ERR,ERR,ERR,ERR,ERR,ERR,ERR,ERR,ERR,ERR,ERR,ERR,ERR,34.0,80.0,35,0.0,0.0,0.0,0.0,0.0,0.0,0.0,0.0,0.0,0.0,0.0,0.0,0.0,0.0,0.0,0.0,64.4,0,116,56,49,65476,0,300,0,0,8,20529,65476,0,0,57672,80.0,0.0,0.0,0.0,0.0,0.0
2026-06-17T04:40:19,ERR,ERR,ERR,ERR,ERR,ERR,ERR,ERR,ERR,ERR,ERR,ERR,ERR,ERR,ERR,ERR,ERR,ERR,ERR,ERR,ERR,ERR,ERR,ERR,ERR,ERR,ERR,ERR,ERR,ERR,ERR,ERR,ERR,ERR,ERR,ERR,ERR,ERR,ERR,ERR,ERR,ERR,ERR,ERR,ERR,ERR,ERR,ERR,ERR,ERR,ERR,ERR,ERR,ERR,ERR,ERR,ERR,ERR,ERR,ERR,ERR,ERR,ERR,ERR,ERR,ERR,ERR,ERR,ERR,ERR,ERR,ERR,ERR,ERR,ERR,ERR,ERR,ERR,ERR,ERR,ERR,ERR,ERR,ERR,ERR,ERR,ERR,ERR,ERR,ERR,ERR,ERR,ERR,ERR,ERR,ERR,ERR,ERR,ERR,ERR,ERR,ERR,ERR,ERR,ERR,ERR,ERR,ERR,ERR,ERR,ERR,ERR,ERR,ERR,ERR,ERR,ERR,ERR,ERR,ERR,ERR,ERR,ERR,ERR,ERR,0.0,-0.0,3.028208139652935e+23,0.0,0.0,1.3936040501711995e+18,7.805,0.0,0,0,4,0,7300,-0.0,0,0.0,0.0,0.0,0.0,0.0,0,0,0,0,0.0,0,0,0,0,0,0,0,0,0,0,0,0,0,0,0,0,0,0,0,0,0,0,0,0,0,0,0,0,0,0,0,0,0,32,30,30,62,65476,0,300,0,0,8,21553,0.0,-107605600.0,0.0,0.0,0.0,0.0,0.0,0.0,0.0,0.0,0.0,0.0,0.0,0.0,0.0,0.0,0.0,0.0,0.0,0.0,0.0,0.0,2.004,-2.004,-0.0,-2.004,0.0,0.0,0.0,0.0,5435.0,3.697191851085162e+19,6956.0,0.0,-0.0,-107615280.0,-0.0,0.0,0.0,0.0,0.0,63,0.0,-107614912.0,0.0,0.0,0.0,0.0,0.0,0.0,0.0,0,0,0,0.0,0.0,0.0,0.0,0.0,0.0,0.0,0.0,0.0,0.0,0.0,0.0,0.0,0.0,0.0,0.0,0,-107875648.0,63,0.0,126,2.7184242562605685e+23,-0.0,ERR,ERR,ERR,ERR,ERR,ERR,ERR,ERR,ERR,ERR,ERR,ERR,ERR,ERR,ERR,ERR,ERR,ERR,ERR,ERR,ERR,ERR,ERR,ERR,ERR,ERR,ERR,ERR,ERR,ERR,ERR,ERR,ERR,ERR,ERR,ERR,ERR,ERR,ERR,ERR,ERR,ERR,ERR,ERR,ERR,ERR,ERR,ERR,ERR,ERR,ERR,ERR,ERR,ERR,ERR,ERR,ERR,ERR,ERR,ERR,ERR,ERR,ERR,ERR,ERR,ERR,ERR,34.0,80.0,35,0.0,0.0,0.0,0.0,0.0,0.0,0.0,0.0,0.0,0.0,0.0,0.0,0.0,0.0,0.0,0.0,64.8,0,116,56,49,65476,0,300,0,0,8,20529,65476,0,0,57672,80.0,0.0,0.0,0.0,0.0,0.0
2026-06-17T04:40:20,ERR,ERR,ERR,ERR,ERR,ERR,ERR,ERR,ERR,ERR,ERR,ERR,ERR,ERR,ERR,ERR,ERR,ERR,ERR,ERR,ERR,ERR,ERR,ERR,ERR,ERR,ERR,ERR,ERR,ERR,ERR,ERR,ERR,ERR,ERR,ERR,ERR,ERR,ERR,ERR,ERR,ERR,ERR,ERR,ERR,ERR,ERR,ERR,ERR,ERR,ERR,ERR,ERR,ERR,ERR,ERR,ERR,ERR,ERR,ERR,ERR,ERR,ERR,ERR,ERR,ERR,ERR,ERR,ERR,ERR,ERR,ERR,ERR,ERR,ERR,ERR,ERR,ERR,ERR,ERR,ERR,ERR,ERR,ERR,ERR,ERR,ERR,ERR,ERR,ERR,ERR,ERR,ERR,ERR,ERR,ERR,ERR,ERR,ERR,ERR,ERR,ERR,ERR,ERR,ERR,ERR,ERR,ERR,ERR,ERR,ERR,ERR,ERR,ERR,ERR,ERR,ERR,ERR,ERR,ERR,ERR,ERR,ERR,ERR,ERR,0.0,-0.0,3.028208139652935e+23,0.0,0.0,1.3936040501711995e+18,7.805,0.0,0,0,4,0,7300,-0.0,0,0.0,0.0,0.0,0.0,0.0,0,0,0,0,0.0,0,0,0,0,0,0,0,0,0,0,0,0,0,0,0,0,0,0,0,0,0,0,0,0,0,0,0,0,0,0,0,0,0,32,30,30,62,65476,0,300,0,0,8,21553,0.0,-107605600.0,0.0,0.0,0.0,0.0,0.0,0.0,0.0,0.0,0.0,0.0,0.0,0.0,0.0,0.0,0.0,0.0,0.0,0.0,0.0,0.0,2.004,-2.004,-0.0,-2.004,0.0,0.0,0.0,0.0,5435.0,3.697191851085162e+19,6956.0,0.0,-0.0,-107615280.0,-0.0,0.0,0.0,0.0,0.0,63,0.0,-107614912.0,0.0,0.0,0.0,0.0,0.0,0.0,0.0,0,0,0,0.0,0.0,0.0,0.0,0.0,0.0,0.0,0.0,0.0,0.0,0.0,0.0,0.0,0.0,0.0,0.0,0,-107875648.0,63,0.0,126,2.7184242562605685e+23,-0.0,ERR,ERR,ERR,ERR,ERR,ERR,ERR,ERR,ERR,ERR,ERR,ERR,ERR,ERR,ERR,ERR,ERR,ERR,ERR,ERR,ERR,ERR,ERR,ERR,ERR,ERR,ERR,ERR,ERR,ERR,ERR,ERR,ERR,ERR,ERR,ERR,ERR,ERR,ERR,ERR,ERR,ERR,ERR,ERR,ERR,ERR,ERR,ERR,ERR,ERR,ERR,ERR,ERR,ERR,ERR,ERR,ERR,ERR,ERR,ERR,ERR,ERR,ERR,ERR,ERR,ERR,ERR,34.0,80.0,35,0.0,0.0,0.0,0.0,0.0,0.0,0.0,0.0,0.0,0.0,0.0,0.0,0.0,0.0,0.0,0.0,64.8,0,116,56,49,65476,0,300,0,0,8,20529,65476,0,0,57672,80.0,0.0,0.0,0.0,0.0,0.0
2026-06-17T04:40:21,ERR,ERR,ERR,ERR,ERR,ERR,ERR,ERR,ERR,ERR,ERR,ERR,ERR,ERR,ERR,ERR,ERR,ERR,ERR,ERR,ERR,ERR,ERR,ERR,ERR,ERR,ERR,ERR,ERR,ERR,ERR,ERR,ERR,ERR,ERR,ERR,ERR,ERR,ERR,ERR,ERR,ERR,ERR,ERR,ERR,ERR,ERR,ERR,ERR,ERR,ERR,ERR,ERR,ERR,ERR,ERR,ERR,ERR,ERR,ERR,ERR,ERR,ERR,ERR,ERR,ERR,ERR,ERR,ERR,ERR,ERR,ERR,ERR,ERR,ERR,ERR,ERR,ERR,ERR,ERR,ERR,ERR,ERR,ERR,ERR,ERR,ERR,ERR,ERR,ERR,ERR,ERR,ERR,ERR,ERR,ERR,ERR,ERR,ERR,ERR,ERR,ERR,ERR,ERR,ERR,ERR,ERR,ERR,ERR,ERR,ERR,ERR,ERR,ERR,ERR,ERR,ERR,ERR,ERR,ERR,ERR,ERR,ERR,ERR,ERR,0.0,-0.0,3.028208139652935e+23,0.0,0.0,1.3936040501711995e+18,7.805,0.0,0,0,4,0,7300,-0.0,0,0.0,0.0,0.0,0.0,0.0,0,0,0,0,0.0,0,0,0,0,0,0,0,0,0,0,0,0,0,0,0,0,0,0,0,0,0,0,0,0,0,0,0,0,0,0,0,0,0,32,30,30,62,65476,0,300,0,0,8,21553,0.0,-107605600.0,0.0,0.0,0.0,0.0,0.0,0.0,0.0,0.0,0.0,0.0,0.0,0.0,0.0,0.0,0.0,0.0,0.0,0.0,0.0,0.0,2.004,-2.004,-0.0,-2.004,0.0,0.0,0.0,0.0,5435.0,3.697191851085162e+19,6956.0,0.0,-0.0,-107615280.0,-0.0,0.0,0.0,0.0,0.0,63,0.0,-107614912.0,0.0,0.0,0.0,0.0,0.0,0.0,0.0,0,0,0,0.0,0.0,0.0,0.0,0.0,0.0,0.0,0.0,0.0,0.0,0.0,0.0,0.0,0.0,0.0,0.0,0,-107875648.0,63,0.0,126,2.7184242562605685e+23,-0.0,ERR,ERR,ERR,ERR,ERR,ERR,ERR,ERR,ERR,ERR,ERR,ERR,ERR,ERR,ERR,ERR,ERR,ERR,ERR,ERR,ERR,ERR,ERR,ERR,ERR,ERR,ERR,ERR,ERR,ERR,ERR,ERR,ERR,ERR,ERR,ERR,ERR,ERR,ERR,ERR,ERR,ERR,ERR,ERR,ERR,ERR,ERR,ERR,ERR,ERR,ERR,ERR,ERR,ERR,ERR,ERR,ERR,ERR,ERR,ERR,ERR,ERR,ERR,ERR,ERR,ERR,ERR,34.0,80.0,35,0.0,0.0,0.0,0.0,0.0,0.0,0.0,0.0,0.0,0.0,0.0,0.0,0.0,0.0,0.0,0.0,64.4,0,116,56,49,65476,0,300,0,0,8,20529,65476,0,0,57672,80.0,0.0,0.0,0.0,0.0,0.0
2026-06-17T04:40:22,ERR,ERR,ERR,ERR,ERR,ERR,ERR,ERR,ERR,ERR,ERR,ERR,ERR,ERR,ERR,ERR,ERR,ERR,ERR,ERR,ERR,ERR,ERR,ERR,ERR,ERR,ERR,ERR,ERR,ERR,ERR,ERR,ERR,ERR,ERR,ERR,ERR,ERR,ERR,ERR,ERR,ERR,ERR,ERR,ERR,ERR,ERR,ERR,ERR,ERR,ERR,ERR,ERR,ERR,ERR,ERR,ERR,ERR,ERR,ERR,ERR,ERR,ERR,ERR,ERR,ERR,ERR,ERR,ERR,ERR,ERR,ERR,ERR,ERR,ERR,ERR,ERR,ERR,ERR,ERR,ERR,ERR,ERR,ERR,ERR,ERR,ERR,ERR,ERR,ERR,ERR,ERR,ERR,ERR,ERR,ERR,ERR,ERR,ERR,ERR,ERR,ERR,ERR,ERR,ERR,ERR,ERR,ERR,ERR,ERR,ERR,ERR,ERR,ERR,ERR,ERR,ERR,ERR,ERR,ERR,ERR,ERR,ERR,ERR,ERR,0.0,-0.0,3.028208139652935e+23,0.0,0.0,1.3936040501711995e+18,7.805,0.0,0,0,4,0,7300,-0.0,0,0.0,0.0,0.0,0.0,0.0,0,0,0,0,0.0,0,0,0,0,0,0,0,0,0,0,0,0,0,0,0,0,0,0,0,0,0,0,0,0,0,0,0,0,0,0,0,0,0,32,30,30,62,65476,0,300,0,0,8,21553,0.0,-107605600.0,0.0,0.0,0.0,0.0,0.0,0.0,0.0,0.0,0.0,0.0,0.0,0.0,0.0,0.0,0.0,0.0,0.0,0.0,0.0,0.0,2.004,-2.004,-0.0,-2.004,0.0,0.0,0.0,0.0,5433.0,564146705793024.0,6955.0,0.0,-0.0,-107615280.0,-0.0,0.0,0.0,0.0,0.0,63,0.0,-0.0,0.0,0.0,0.0,0.0,0.0,0.0,0.0,0,0,0,0.0,0.0,0.0,0.0,0.0,0.0,0.0,0.0,0.0,0.0,0.0,0.0,0.0,0.0,0.0,0.0,0,-107875648.0,63,0.0,126,2.7184242562605685e+23,-0.0,ERR,ERR,ERR,ERR,ERR,ERR,ERR,ERR,ERR,ERR,ERR,ERR,ERR,ERR,ERR,ERR,ERR,ERR,ERR,ERR,ERR,ERR,ERR,ERR,ERR,ERR,ERR,ERR,ERR,ERR,ERR,ERR,ERR,ERR,ERR,ERR,ERR,ERR,ERR,ERR,ERR,ERR,ERR,ERR,ERR,ERR,ERR,ERR,ERR,ERR,ERR,ERR,ERR,ERR,ERR,ERR,ERR,ERR,ERR,ERR,ERR,ERR,ERR,ERR,ERR,ERR,ERR,34.0,80.0,35,0.0,0.0,0.0,0.0,0.0,0.0,0.0,0.0,0.0,0.0,0.0,0.0,0.0,0.0,0.0,0.0,64.4,0,116,56,49,65476,0,300,0,0,8,20529,65476,0,0,57672,80.0,0.0,0.0,0.0,0.0,0.0
2026-06-17T04:40:23,ERR,ERR,ERR,ERR,ERR,ERR,ERR,ERR,ERR,ERR,ERR,ERR,ERR,ERR,ERR,ERR,ERR,ERR,ERR,ERR,ERR,ERR,ERR,ERR,ERR,ERR,ERR,ERR,ERR,ERR,ERR,ERR,ERR,ERR,ERR,ERR,ERR,ERR,ERR,ERR,ERR,ERR,ERR,ERR,ERR,ERR,ERR,ERR,ERR,ERR,ERR,ERR,ERR,ERR,ERR,ERR,ERR,ERR,ERR,ERR,ERR,ERR,ERR,ERR,ERR,ERR,ERR,ERR,ERR,ERR,ERR,ERR,ERR,ERR,ERR,ERR,ERR,ERR,ERR,ERR,ERR,ERR,ERR,ERR,ERR,ERR,ERR,ERR,ERR,ERR,ERR,ERR,ERR,ERR,ERR,ERR,ERR,ERR,ERR,ERR,ERR,ERR,ERR,ERR,ERR,ERR,ERR,ERR,ERR,ERR,ERR,ERR,ERR,ERR,ERR,ERR,ERR,ERR,ERR,ERR,ERR,ERR,ERR,ERR,ERR,0.0,-0.0,3.028208139652935e+23,0.0,0.0,1.3936040501711995e+18,7.805,0.0,0,0,4,0,7300,-0.0,0,0.0,0.0,0.0,0.0,0.0,0,0,0,0,0.0,0,0,0,0,0,0,0,0,0,0,0,0,0,0,0,0,0,0,0,0,0,0,0,0,0,0,0,0,0,0,0,0,0,32,30,30,62,65476,0,300,0,0,8,21553,0.0,-107605600.0,0.0,0.0,0.0,0.0,0.0,0.0,0.0,0.0,0.0,0.0,0.0,0.0,0.0,0.0,0.0,0.0,0.0,0.0,0.0,0.0,2.004,-2.004,-0.0,-2.004,0.0,0.0,0.0,0.0,5433.0,564146705793024.0,6955.0,0.0,-0.0,-107615280.0,-0.0,0.0,0.0,0.0,0.0,63,0.0,-0.0,0.0,0.0,0.0,0.0,0.0,0.0,0.0,0,0,0,0.0,0.0,0.0,0.0,0.0,0.0,0.0,0.0,0.0,0.0,0.0,0.0,0.0,0.0,0.0,0.0,0,-107875648.0,63,0.0,126,2.7184242562605685e+23,-0.0,ERR,ERR,ERR,ERR,ERR,ERR,ERR,ERR,ERR,ERR,ERR,ERR,ERR,ERR,ERR,ERR,ERR,ERR,ERR,ERR,ERR,ERR,ERR,ERR,ERR,ERR,ERR,ERR,ERR,ERR,ERR,ERR,ERR,ERR,ERR,ERR,ERR,ERR,ERR,ERR,ERR,ERR,ERR,ERR,ERR,ERR,ERR,ERR,ERR,ERR,ERR,ERR,ERR,ERR,ERR,ERR,ERR,ERR,ERR,ERR,ERR,ERR,ERR,ERR,ERR,ERR,ERR,34.0,80.0,35,0.0,0.0,0.0,0.0,0.0,0.0,0.0,0.0,0.0,0.0,0.0,0.0,0.0,0.0,0.0,0.0,64.4,0,116,56,49,65476,0,300,0,0,8,20529,65476,0,0,57672,80.0,0.0,0.0,0.0,0.0,0.0
2026-06-17T04:40:24,ERR,ERR,ERR,ERR,ERR,ERR,ERR,ERR,ERR,ERR,ERR,ERR,ERR,ERR,ERR,ERR,ERR,ERR,ERR,ERR,ERR,ERR,ERR,ERR,ERR,ERR,ERR,ERR,ERR,ERR,ERR,ERR,ERR,ERR,ERR,ERR,ERR,ERR,ERR,ERR,ERR,ERR,ERR,ERR,ERR,ERR,ERR,ERR,ERR,ERR,ERR,ERR,ERR,ERR,ERR,ERR,ERR,ERR,ERR,ERR,ERR,ERR,ERR,ERR,ERR,ERR,ERR,ERR,ERR,ERR,ERR,ERR,ERR,ERR,ERR,ERR,ERR,ERR,ERR,ERR,ERR,ERR,ERR,ERR,ERR,ERR,ERR,ERR,ERR,ERR,ERR,ERR,ERR,ERR,ERR,ERR,ERR,ERR,ERR,ERR,ERR,ERR,ERR,ERR,ERR,ERR,ERR,ERR,ERR,ERR,ERR,ERR,ERR,ERR,ERR,ERR,ERR,ERR,ERR,ERR,ERR,ERR,ERR,ERR,ERR,0.0,-0.0,3.028208139652935e+23,0.0,0.0,1.3936040501711995e+18,7.805,0.0,0,0,4,0,7300,-0.0,0,0.0,0.0,0.0,0.0,0.0,0,0,0,0,0.0,0,0,0,0,0,0,0,0,0,0,0,0,0,0,0,0,0,0,0,0,0,0,0,0,0,0,0,0,0,0,0,0,0,32,30,30,62,65476,0,300,0,0,8,21553,0.0,-107605600.0,0.0,0.0,0.0,0.0,0.0,0.0,0.0,0.0,0.0,0.0,0.0,0.0,0.0,0.0,0.0,0.0,0.0,0.0,0.0,0.0,2.004,-2.004,-0.0,-2.004,0.0,0.0,0.0,0.0,5433.0,564146705793024.0,6955.0,0.0,-0.0,-107615280.0,-0.0,0.0,0.0,0.0,0.0,63,0.0,-0.0,0.0,0.0,0.0,0.0,0.0,0.0,0.0,0,0,0,0.0,0.0,0.0,0.0,0.0,0.0,0.0,0.0,0.0,0.0,0.0,0.0,0.0,0.0,0.0,0.0,0,-107875648.0,63,0.0,126,2.7184242562605685e+23,-0.0,ERR,ERR,ERR,ERR,ERR,ERR,ERR,ERR,ERR,ERR,ERR,ERR,ERR,ERR,ERR,ERR,ERR,ERR,ERR,ERR,ERR,ERR,ERR,ERR,ERR,ERR,ERR,ERR,ERR,ERR,ERR,ERR,ERR,ERR,ERR,ERR,ERR,ERR,ERR,ERR,ERR,ERR,ERR,ERR,ERR,ERR,ERR,ERR,ERR,ERR,ERR,ERR,ERR,ERR,ERR,ERR,ERR,ERR,ERR,ERR,ERR,ERR,ERR,ERR,ERR,ERR,ERR,34.0,80.0,35,0.0,0.0,0.0,0.0,0.0,0.0,0.0,0.0,0.0,0.0,0.0,0.0,0.0,0.0,0.0,0.0,64.4,0,116,56,49,65476,0,300,0,0,8,20529,65476,0,0,57672,80.0,0.0,0.0,0.0,0.0,0.0
2026-06-17T04:40:25,ERR,ERR,ERR,ERR,ERR,ERR,ERR,ERR,ERR,ERR,ERR,ERR,ERR,ERR,ERR,ERR,ERR,ERR,ERR,ERR,ERR,ERR,ERR,ERR,ERR,ERR,ERR,ERR,ERR,ERR,ERR,ERR,ERR,ERR,ERR,ERR,ERR,ERR,ERR,ERR,ERR,ERR,ERR,ERR,ERR,ERR,ERR,ERR,ERR,ERR,ERR,ERR,ERR,ERR,ERR,ERR,ERR,ERR,ERR,ERR,ERR,ERR,ERR,ERR,ERR,ERR,ERR,ERR,ERR,ERR,ERR,ERR,ERR,ERR,ERR,ERR,ERR,ERR,ERR,ERR,ERR,ERR,ERR,ERR,ERR,ERR,ERR,ERR,ERR,ERR,ERR,ERR,ERR,ERR,ERR,ERR,ERR,ERR,ERR,ERR,ERR,ERR,ERR,ERR,ERR,ERR,ERR,ERR,ERR,ERR,ERR,ERR,ERR,ERR,ERR,ERR,ERR,ERR,ERR,ERR,ERR,ERR,ERR,ERR,ERR,0.0,-0.0,3.028208139652935e+23,0.0,0.0,1.3936040501711995e+18,7.805,0.0,0,0,4,0,7300,-0.0,0,0.0,0.0,0.0,0.0,0.0,0,0,0,0,0.0,0,0,0,0,0,0,0,0,0,0,0,0,0,0,0,0,0,0,0,0,0,0,0,0,0,0,0,0,0,0,0,0,0,32,30,30,62,65476,0,300,0,0,8,21553,0.0,-107605600.0,0.0,0.0,0.0,0.0,0.0,0.0,0.0,0.0,0.0,0.0,0.0,0.0,0.0,0.0,0.0,0.0,0.0,0.0,0.0,0.0,2.004,-2.004,-0.0,-2.004,0.0,0.0,0.0,0.0,5433.0,564146705793024.0,6955.0,0.0,-0.0,-107615280.0,-0.0,0.0,0.0,0.0,0.0,63,0.0,-0.0,0.0,0.0,0.0,0.0,0.0,0.0,0.0,0,0,0,0.0,0.0,0.0,0.0,0.0,0.0,0.0,0.0,0.0,0.0,0.0,0.0,0.0,0.0,0.0,0.0,0,-107875648.0,63,0.0,126,2.7184242562605685e+23,-0.0,ERR,ERR,ERR,ERR,ERR,ERR,ERR,ERR,ERR,ERR,ERR,ERR,ERR,ERR,ERR,ERR,ERR,ERR,ERR,ERR,ERR,ERR,ERR,ERR,ERR,ERR,ERR,ERR,ERR,ERR,ERR,ERR,ERR,ERR,ERR,ERR,ERR,ERR,ERR,ERR,ERR,ERR,ERR,ERR,ERR,ERR,ERR,ERR,ERR,ERR,ERR,ERR,ERR,ERR,ERR,ERR,ERR,ERR,ERR,ERR,ERR,ERR,ERR,ERR,ERR,ERR,ERR,34.0,80.0,35,0.0,0.0,0.0,0.0,0.0,0.0,0.0,0.0,0.0,0.0,0.0,0.0,0.0,0.0,0.0,0.0,64.4,0,116,56,49,65476,0,300,0,0,8,20529,65476,0,0,57672,80.0,0.0,0.0,0.0,0.0,0.0
2026-06-17T04:40:26,ERR,ERR,ERR,ERR,ERR,ERR,ERR,ERR,ERR,ERR,ERR,ERR,ERR,ERR,ERR,ERR,ERR,ERR,ERR,ERR,ERR,ERR,ERR,ERR,ERR,ERR,ERR,ERR,ERR,ERR,ERR,ERR,ERR,ERR,ERR,ERR,ERR,ERR,ERR,ERR,ERR,ERR,ERR,ERR,ERR,ERR,ERR,ERR,ERR,ERR,ERR,ERR,ERR,ERR,ERR,ERR,ERR,ERR,ERR,ERR,ERR,ERR,ERR,ERR,ERR,ERR,ERR,ERR,ERR,ERR,ERR,ERR,ERR,ERR,ERR,ERR,ERR,ERR,ERR,ERR,ERR,ERR,ERR,ERR,ERR,ERR,ERR,ERR,ERR,ERR,ERR,ERR,ERR,ERR,ERR,ERR,ERR,ERR,ERR,ERR,ERR,ERR,ERR,ERR,ERR,ERR,ERR,ERR,ERR,ERR,ERR,ERR,ERR,ERR,ERR,ERR,ERR,ERR,ERR,ERR,ERR,ERR,ERR,ERR,ERR,0.0,-0.0,3.028208139652935e+23,0.0,0.0,1.3936040501711995e+18,7.805,0.0,0,0,4,0,7300,-0.0,0,0.0,0.0,0.0,0.0,0.0,0,0,0,0,0.0,0,0,0,0,0,0,0,0,0,0,0,0,0,0,0,0,0,0,0,0,0,0,0,0,0,0,0,0,0,0,0,0,0,32,30,30,62,65476,0,300,0,0,8,21553,0.0,-107605600.0,0.0,0.0,0.0,0.0,0.0,0.0,0.0,0.0,0.0,0.0,0.0,0.0,0.0,0.0,0.0,0.0,0.0,0.0,0.0,0.0,2.004,-2.004,-0.0,-2.004,0.0,0.0,0.0,0.0,5433.0,564146705793024.0,6955.0,0.0,-0.0,-107615280.0,-0.0,0.0,0.0,0.0,0.0,63,0.0,-0.0,0.0,0.0,0.0,0.0,0.0,0.0,0.0,0,0,0,0.0,0.0,0.0,0.0,0.0,0.0,0.0,0.0,0.0,0.0,0.0,0.0,0.0,0.0,0.0,0.0,0,-107875648.0,63,0.0,126,2.7184242562605685e+23,-0.0,ERR,ERR,ERR,ERR,ERR,ERR,ERR,ERR,ERR,ERR,ERR,ERR,ERR,ERR,ERR,ERR,ERR,ERR,ERR,ERR,ERR,ERR,ERR,ERR,ERR,ERR,ERR,ERR,ERR,ERR,ERR,ERR,ERR,ERR,ERR,ERR,ERR,ERR,ERR,ERR,ERR,ERR,ERR,ERR,ERR,ERR,ERR,ERR,ERR,ERR,ERR,ERR,ERR,ERR,ERR,ERR,ERR,ERR,ERR,ERR,ERR,ERR,ERR,ERR,ERR,ERR,ERR,34.0,80.0,35,0.0,0.0,0.0,0.0,0.0,0.0,0.0,0.0,0.0,0.0,0.0,0.0,0.0,0.0,0.0,0.0,64.4,0,116,56,49,65476,0,300,0,0,8,20529,65476,0,0,57672,80.0,0.0,0.0,0.0,0.0,0.0
2026-06-17T04:40:27,ERR,ERR,ERR,ERR,ERR,ERR,ERR,ERR,ERR,ERR,ERR,ERR,ERR,ERR,ERR,ERR,ERR,ERR,ERR,ERR,ERR,ERR,ERR,ERR,ERR,ERR,ERR,ERR,ERR,ERR,ERR,ERR,ERR,ERR,ERR,ERR,ERR,ERR,ERR,ERR,ERR,ERR,ERR,ERR,ERR,ERR,ERR,ERR,ERR,ERR,ERR,ERR,ERR,ERR,ERR,ERR,ERR,ERR,ERR,ERR,ERR,ERR,ERR,ERR,ERR,ERR,ERR,ERR,ERR,ERR,ERR,ERR,ERR,ERR,ERR,ERR,ERR,ERR,ERR,ERR,ERR,ERR,ERR,ERR,ERR,ERR,ERR,ERR,ERR,ERR,ERR,ERR,ERR,ERR,ERR,ERR,ERR,ERR,ERR,ERR,ERR,ERR,ERR,ERR,ERR,ERR,ERR,ERR,ERR,ERR,ERR,ERR,ERR,ERR,ERR,ERR,ERR,ERR,ERR,ERR,ERR,ERR,ERR,ERR,ERR,0.0,-0.0,3.028208139652935e+23,0.0,0.0,1.3936040501711995e+18,7.805,0.0,0,0,4,0,7300,-0.0,0,0.0,0.0,0.0,0.0,0.0,0,0,0,0,0.0,0,0,0,0,0,0,0,0,0,0,0,0,0,0,0,0,0,0,0,0,0,0,0,0,0,0,0,0,0,0,0,0,0,32,30,30,62,65476,0,300,0,0,8,21553,0.0,-107605600.0,0.0,0.0,0.0,0.0,0.0,0.0,0.0,0.0,0.0,0.0,0.0,0.0,0.0,0.0,0.0,0.0,0.0,0.0,0.0,0.0,2.004,-2.004,-0.0,-2.004,0.0,0.0,0.0,0.0,5435.0,3.697191851085162e+19,6924.0,0.0,-0.0,-107615280.0,-0.0,0.0,0.0,0.0,0.0,63,0.0,-107614912.0,0.0,0.0,0.0,0.0,0.0,0.0,0.0,0,0,0,0.0,0.0,0.0,0.0,0.0,0.0,0.0,0.0,0.0,0.0,0.0,0.0,0.0,0.0,0.0,0.0,0,-107875648.0,63,0.0,126,2.7184242562605685e+23,-0.0,ERR,ERR,ERR,ERR,ERR,ERR,ERR,ERR,ERR,ERR,ERR,ERR,ERR,ERR,ERR,ERR,ERR,ERR,ERR,ERR,ERR,ERR,ERR,ERR,ERR,ERR,ERR,ERR,ERR,ERR,ERR,ERR,ERR,ERR,ERR,ERR,ERR,ERR,ERR,ERR,ERR,ERR,ERR,ERR,ERR,ERR,ERR,ERR,ERR,ERR,ERR,ERR,ERR,ERR,ERR,ERR,ERR,ERR,ERR,ERR,ERR,ERR,ERR,ERR,ERR,ERR,ERR,34.0,80.0,35,0.0,0.0,0.0,0.0,0.0,0.0,0.0,0.0,0.0,0.0,0.0,0.0,0.0,0.0,0.0,0.0,64.4,0,116,56,49,65476,0,300,0,0,8,20529,65476,0,0,57672,80.0,0.0,0.0,0.0,0.0,0.0
2026-06-17T04:40:28,ERR,ERR,ERR,ERR,ERR,ERR,ERR,ERR,ERR,ERR,ERR,ERR,ERR,ERR,ERR,ERR,ERR,ERR,ERR,ERR,ERR,ERR,ERR,ERR,ERR,ERR,ERR,ERR,ERR,ERR,ERR,ERR,ERR,ERR,ERR,ERR,ERR,ERR,ERR,ERR,ERR,ERR,ERR,ERR,ERR,ERR,ERR,ERR,ERR,ERR,ERR,ERR,ERR,ERR,ERR,ERR,ERR,ERR,ERR,ERR,ERR,ERR,ERR,ERR,ERR,ERR,ERR,ERR,ERR,ERR,ERR,ERR,ERR,ERR,ERR,ERR,ERR,ERR,ERR,ERR,ERR,ERR,ERR,ERR,ERR,ERR,ERR,ERR,ERR,ERR,ERR,ERR,ERR,ERR,ERR,ERR,ERR,ERR,ERR,ERR,ERR,ERR,ERR,ERR,ERR,ERR,ERR,ERR,ERR,ERR,ERR,ERR,ERR,ERR,ERR,ERR,ERR,ERR,ERR,ERR,ERR,ERR,ERR,ERR,ERR,0.0,-0.0,3.028208139652935e+23,0.0,0.0,1.3936040501711995e+18,7.805,0.0,0,0,4,0,7300,-0.0,0,0.0,0.0,0.0,0.0,0.0,0,0,0,0,0.0,0,0,0,0,0,0,0,0,0,0,0,0,0,0,0,0,0,0,0,0,0,0,0,0,0,0,0,0,0,0,0,0,0,32,30,30,62,65476,0,300,0,0,8,21553,0.0,-107605600.0,0.0,0.0,0.0,0.0,0.0,0.0,0.0,0.0,0.0,0.0,0.0,0.0,0.0,0.0,0.0,0.0,0.0,0.0,0.0,0.0,2.004,-2.004,-0.0,-2.004,0.0,0.0,0.0,0.0,5435.0,3.697191851085162e+19,6924.0,0.0,-0.0,-107615280.0,-0.0,0.0,0.0,0.0,0.0,63,0.0,-107614912.0,0.0,0.0,0.0,0.0,0.0,0.0,0.0,0,0,0,0.0,0.0,0.0,0.0,0.0,0.0,0.0,0.0,0.0,0.0,0.0,0.0,0.0,0.0,0.0,0.0,0,-107875648.0,63,0.0,126,2.7184242562605685e+23,-0.0,ERR,ERR,ERR,ERR,ERR,ERR,ERR,ERR,ERR,ERR,ERR,ERR,ERR,ERR,ERR,ERR,ERR,ERR,ERR,ERR,ERR,ERR,ERR,ERR,ERR,ERR,ERR,ERR,ERR,ERR,ERR,ERR,ERR,ERR,ERR,ERR,ERR,ERR,ERR,ERR,ERR,ERR,ERR,ERR,ERR,ERR,ERR,ERR,ERR,ERR,ERR,ERR,ERR,ERR,ERR,ERR,ERR,ERR,ERR,ERR,ERR,ERR,ERR,ERR,ERR,ERR,ERR,34.0,80.0,35,0.0,0.0,0.0,0.0,0.0,0.0,0.0,0.0,0.0,0.0,0.0,0.0,0.0,0.0,0.0,0.0,64.8,0,116,56,49,65476,0,300,0,0,8,20529,65476,0,0,57672,80.0,0.0,0.0,0.0,0.0,0.0
2026-06-17T04:40:29,ERR,ERR,ERR,ERR,ERR,ERR,ERR,ERR,ERR,ERR,ERR,ERR,ERR,ERR,ERR,ERR,ERR,ERR,ERR,ERR,ERR,ERR,ERR,ERR,ERR,ERR,ERR,ERR,ERR,ERR,ERR,ERR,ERR,ERR,ERR,ERR,ERR,ERR,ERR,ERR,ERR,ERR,ERR,ERR,ERR,ERR,ERR,ERR,ERR,ERR,ERR,ERR,ERR,ERR,ERR,ERR,ERR,ERR,ERR,ERR,ERR,ERR,ERR,ERR,ERR,ERR,ERR,ERR,ERR,ERR,ERR,ERR,ERR,ERR,ERR,ERR,ERR,ERR,ERR,ERR,ERR,ERR,ERR,ERR,ERR,ERR,ERR,ERR,ERR,ERR,ERR,ERR,ERR,ERR,ERR,ERR,ERR,ERR,ERR,ERR,ERR,ERR,ERR,ERR,ERR,ERR,ERR,ERR,ERR,ERR,ERR,ERR,ERR,ERR,ERR,ERR,ERR,ERR,ERR,ERR,ERR,ERR,ERR,ERR,ERR,0.0,-0.0,3.028208139652935e+23,0.0,0.0,1.3936040501711995e+18,7.805,0.0,0,0,4,0,7300,-0.0,0,0.0,0.0,0.0,0.0,0.0,0,0,0,0,0.0,0,0,0,0,0,0,0,0,0,0,0,0,0,0,0,0,0,0,0,0,0,0,0,0,0,0,0,0,0,0,0,0,0,32,30,30,62,65476,0,300,0,0,8,21553,0.0,-107605600.0,0.0,0.0,0.0,0.0,0.0,0.0,0.0,0.0,0.0,0.0,0.0,0.0,0.0,0.0,0.0,0.0,0.0,0.0,0.0,0.0,2.004,-2.004,-0.0,-2.004,0.0,0.0,0.0,0.0,5435.0,3.697191851085162e+19,6924.0,0.0,-0.0,-107615280.0,-0.0,0.0,0.0,0.0,0.0,63,0.0,-107614912.0,0.0,0.0,0.0,0.0,0.0,0.0,0.0,0,0,0,0.0,0.0,0.0,0.0,0.0,0.0,0.0,0.0,0.0,0.0,0.0,0.0,0.0,0.0,0.0,0.0,0,-107875648.0,63,0.0,126,2.7184242562605685e+23,-0.0,ERR,ERR,ERR,ERR,ERR,ERR,ERR,ERR,ERR,ERR,ERR,ERR,ERR,ERR,ERR,ERR,ERR,ERR,ERR,ERR,ERR,ERR,ERR,ERR,ERR,ERR,ERR,ERR,ERR,ERR,ERR,ERR,ERR,ERR,ERR,ERR,ERR,ERR,ERR,ERR,ERR,ERR,ERR,ERR,ERR,ERR,ERR,ERR,ERR,ERR,ERR,ERR,ERR,ERR,ERR,ERR,ERR,ERR,ERR,ERR,ERR,ERR,ERR,ERR,ERR,ERR,ERR,34.0,80.0,35,0.0,0.0,0.0,0.0,0.0,0.0,0.0,0.0,0.0,0.0,0.0,0.0,0.0,0.0,0.0,0.0,64.8,0,116,56,49,65476,0,300,0,0,8,20529,65476,0,0,57672,80.0,0.0,0.0,0.0,0.0,0.0
2026-06-17T04:40:30,ERR,ERR,ERR,ERR,ERR,ERR,ERR,ERR,ERR,ERR,ERR,ERR,ERR,ERR,ERR,ERR,ERR,ERR,ERR,ERR,ERR,ERR,ERR,ERR,ERR,ERR,ERR,ERR,ERR,ERR,ERR,ERR,ERR,ERR,ERR,ERR,ERR,ERR,ERR,ERR,ERR,ERR,ERR,ERR,ERR,ERR,ERR,ERR,ERR,ERR,ERR,ERR,ERR,ERR,ERR,ERR,ERR,ERR,ERR,ERR,ERR,ERR,ERR,ERR,ERR,ERR,ERR,ERR,ERR,ERR,ERR,ERR,ERR,ERR,ERR,ERR,ERR,ERR,ERR,ERR,ERR,ERR,ERR,ERR,ERR,ERR,ERR,ERR,ERR,ERR,ERR,ERR,ERR,ERR,ERR,ERR,ERR,ERR,ERR,ERR,ERR,ERR,ERR,ERR,ERR,ERR,ERR,ERR,ERR,ERR,ERR,ERR,ERR,ERR,ERR,ERR,ERR,ERR,ERR,ERR,ERR,ERR,ERR,ERR,ERR,0.0,-0.0,3.028208139652935e+23,0.0,0.0,1.3936040501711995e+18,7.805,0.0,0,0,4,0,7300,-0.0,0,0.0,0.0,0.0,0.0,0.0,0,0,0,0,0.0,0,0,0,0,0,0,0,0,0,0,0,0,0,0,0,0,0,0,0,0,0,0,0,0,0,0,0,0,0,0,0,0,0,32,30,30,62,65476,0,300,0,0,8,21553,0.0,-107605600.0,0.0,0.0,0.0,0.0,0.0,0.0,0.0,0.0,0.0,0.0,0.0,0.0,0.0,0.0,0.0,0.0,0.0,0.0,0.0,0.0,2.004,-2.004,-0.0,-2.004,0.0,0.0,0.0,0.0,5435.0,3.697191851085162e+19,6924.0,0.0,-0.0,-107615280.0,-0.0,0.0,0.0,0.0,0.0,63,0.0,-107614912.0,0.0,0.0,0.0,0.0,0.0,0.0,0.0,0,0,0,0.0,0.0,0.0,0.0,0.0,0.0,0.0,0.0,0.0,0.0,0.0,0.0,0.0,0.0,0.0,0.0,0,-107875648.0,63,0.0,126,2.7184242562605685e+23,-0.0,ERR,ERR,ERR,ERR,ERR,ERR,ERR,ERR,ERR,ERR,ERR,ERR,ERR,ERR,ERR,ERR,ERR,ERR,ERR,ERR,ERR,ERR,ERR,ERR,ERR,ERR,ERR,ERR,ERR,ERR,ERR,ERR,ERR,ERR,ERR,ERR,ERR,ERR,ERR,ERR,ERR,ERR,ERR,ERR,ERR,ERR,ERR,ERR,ERR,ERR,ERR,ERR,ERR,ERR,ERR,ERR,ERR,ERR,ERR,ERR,ERR,ERR,ERR,ERR,ERR,ERR,ERR,34.0,80.0,35,0.0,0.0,0.0,0.0,0.0,0.0,0.0,0.0,0.0,0.0,0.0,0.0,0.0,0.0,0.0,0.0,64.4,0,116,56,49,65476,0,300,0,0,8,20529,65476,0,0,57672,80.0,0.0,0.0,0.0,0.0,0.0
2026-06-17T04:40:31,ERR,ERR,ERR,ERR,ERR,ERR,ERR,ERR,ERR,ERR,ERR,ERR,ERR,ERR,ERR,ERR,ERR,ERR,ERR,ERR,ERR,ERR,ERR,ERR,ERR,ERR,ERR,ERR,ERR,ERR,ERR,ERR,ERR,ERR,ERR,ERR,ERR,ERR,ERR,ERR,ERR,ERR,ERR,ERR,ERR,ERR,ERR,ERR,ERR,ERR,ERR,ERR,ERR,ERR,ERR,ERR,ERR,ERR,ERR,ERR,ERR,ERR,ERR,ERR,ERR,ERR,ERR,ERR,ERR,ERR,ERR,ERR,ERR,ERR,ERR,ERR,ERR,ERR,ERR,ERR,ERR,ERR,ERR,ERR,ERR,ERR,ERR,ERR,ERR,ERR,ERR,ERR,ERR,ERR,ERR,ERR,ERR,ERR,ERR,ERR,ERR,ERR,ERR,ERR,ERR,ERR,ERR,ERR,ERR,ERR,ERR,ERR,ERR,ERR,ERR,ERR,ERR,ERR,ERR,ERR,ERR,ERR,ERR,ERR,ERR,0.0,-0.0,3.028208139652935e+23,0.0,0.0,1.3936040501711995e+18,7.805,0.0,0,0,4,0,7300,-0.0,0,0.0,0.0,0.0,0.0,0.0,0,0,0,0,0.0,0,0,0,0,0,0,0,0,0,0,0,0,0,0,0,0,0,0,0,0,0,0,0,0,0,0,0,0,0,0,0,0,0,32,30,30,62,65476,0,300,0,0,8,21553,0.0,-107605600.0,0.0,0.0,0.0,0.0,0.0,0.0,0.0,0.0,0.0,0.0,0.0,0.0,0.0,0.0,0.0,0.0,0.0,0.0,0.0,0.0,2.004,-2.004,-0.0,-2.004,0.0,0.0,0.0,0.0,5435.0,3.697191851085162e+19,6924.0,0.0,-0.0,-107615280.0,-0.0,0.0,0.0,0.0,0.0,63,0.0,-107614912.0,0.0,0.0,0.0,0.0,0.0,0.0,0.0,0,0,0,0.0,0.0,0.0,0.0,0.0,0.0,0.0,0.0,0.0,0.0,0.0,0.0,0.0,0.0,0.0,0.0,0,-107875648.0,63,0.0,126,2.7184242562605685e+23,-0.0,ERR,ERR,ERR,ERR,ERR,ERR,ERR,ERR,ERR,ERR,ERR,ERR,ERR,ERR,ERR,ERR,ERR,ERR,ERR,ERR,ERR,ERR,ERR,ERR,ERR,ERR,ERR,ERR,ERR,ERR,ERR,ERR,ERR,ERR,ERR,ERR,ERR,ERR,ERR,ERR,ERR,ERR,ERR,ERR,ERR,ERR,ERR,ERR,ERR,ERR,ERR,ERR,ERR,ERR,ERR,ERR,ERR,ERR,ERR,ERR,ERR,ERR,ERR,ERR,ERR,ERR,ERR,34.0,80.0,35,0.0,0.0,0.0,0.0,0.0,0.0,0.0,0.0,0.0,0.0,0.0,0.0,0.0,0.0,0.0,0.0,64.4,0,116,56,49,65476,0,300,0,0,8,20529,65476,0,0,57672,80.0,0.0,0.0,0.0,0.0,0.0
2026-06-17T04:40:32,ERR,ERR,ERR,ERR,ERR,ERR,ERR,ERR,ERR,ERR,ERR,ERR,ERR,ERR,ERR,ERR,ERR,ERR,ERR,ERR,ERR,ERR,ERR,ERR,ERR,ERR,ERR,ERR,ERR,ERR,ERR,ERR,ERR,ERR,ERR,ERR,ERR,ERR,ERR,ERR,ERR,ERR,ERR,ERR,ERR,ERR,ERR,ERR,ERR,ERR,ERR,ERR,ERR,ERR,ERR,ERR,ERR,ERR,ERR,ERR,ERR,ERR,ERR,ERR,ERR,ERR,ERR,ERR,ERR,ERR,ERR,ERR,ERR,ERR,ERR,ERR,ERR,ERR,ERR,ERR,ERR,ERR,ERR,ERR,ERR,ERR,ERR,ERR,ERR,ERR,ERR,ERR,ERR,ERR,ERR,ERR,ERR,ERR,ERR,ERR,ERR,ERR,ERR,ERR,ERR,ERR,ERR,ERR,ERR,ERR,ERR,ERR,ERR,ERR,ERR,ERR,ERR,ERR,ERR,ERR,ERR,ERR,ERR,ERR,ERR,0.0,-0.0,3.028208139652935e+23,0.0,0.0,1.3936040501711995e+18,7.805,0.0,0,0,4,0,7300,-0.0,0,0.0,0.0,0.0,0.0,0.0,0,0,0,0,0.0,0,0,0,0,0,0,0,0,0,0,0,0,0,0,0,0,0,0,0,0,0,0,0,0,0,0,0,0,0,0,0,0,0,32,30,30,62,65476,0,300,0,0,8,21553,0.0,-107605600.0,0.0,0.0,0.0,0.0,0.0,0.0,0.0,0.0,0.0,0.0,0.0,0.0,0.0,0.0,0.0,0.0,0.0,0.0,0.0,0.0,2.004,-2.004,-0.0,-2.004,0.0,0.0,0.0,0.0,5435.0,131350.641,6921.0,0.0,-0.0,-107615280.0,-0.0,0.0,0.0,0.0,0.0,63,0.0,-0.0,0.0,0.0,0.0,0.0,0.0,0.0,0.0,0,0,0,0.0,0.0,0.0,0.0,0.0,0.0,0.0,0.0,0.0,0.0,0.0,0.0,0.0,0.0,0.0,0.0,0,-107875648.0,63,0.0,126,2.7184242562605685e+23,-0.0,ERR,ERR,ERR,ERR,ERR,ERR,ERR,ERR,ERR,ERR,ERR,ERR,ERR,ERR,ERR,ERR,ERR,ERR,ERR,ERR,ERR,ERR,ERR,ERR,ERR,ERR,ERR,ERR,ERR,ERR,ERR,ERR,ERR,ERR,ERR,ERR,ERR,ERR,ERR,ERR,ERR,ERR,ERR,ERR,ERR,ERR,ERR,ERR,ERR,ERR,ERR,ERR,ERR,ERR,ERR,ERR,ERR,ERR,ERR,ERR,ERR,ERR,ERR,ERR,ERR,ERR,ERR,34.0,80.0,35,0.0,0.0,0.0,0.0,0.0,0.0,0.0,0.0,0.0,0.0,0.0,0.0,0.0,0.0,0.0,0.0,64.4,0,116,56,49,65476,0,300,0,0,8,20529,65476,0,0,57672,80.0,0.0,0.0,0.0,0.0,0.0
2026-06-17T04:40:33,ERR,ERR,ERR,ERR,ERR,ERR,ERR,ERR,ERR,ERR,ERR,ERR,ERR,ERR,ERR,ERR,ERR,ERR,ERR,ERR,ERR,ERR,ERR,ERR,ERR,ERR,ERR,ERR,ERR,ERR,ERR,ERR,ERR,ERR,ERR,ERR,ERR,ERR,ERR,ERR,ERR,ERR,ERR,ERR,ERR,ERR,ERR,ERR,ERR,ERR,ERR,ERR,ERR,ERR,ERR,ERR,ERR,ERR,ERR,ERR,ERR,ERR,ERR,ERR,ERR,ERR,ERR,ERR,ERR,ERR,ERR,ERR,ERR,ERR,ERR,ERR,ERR,ERR,ERR,ERR,ERR,ERR,ERR,ERR,ERR,ERR,ERR,ERR,ERR,ERR,ERR,ERR,ERR,ERR,ERR,ERR,ERR,ERR,ERR,ERR,ERR,ERR,ERR,ERR,ERR,ERR,ERR,ERR,ERR,ERR,ERR,ERR,ERR,ERR,ERR,ERR,ERR,ERR,ERR,ERR,ERR,ERR,ERR,ERR,ERR,0.0,-0.0,3.028208139652935e+23,0.0,0.0,1.3936040501711995e+18,7.805,0.0,0,0,4,0,7300,-0.0,0,0.0,0.0,0.0,0.0,0.0,0,0,0,0,0.0,0,0,0,0,0,0,0,0,0,0,0,0,0,0,0,0,0,0,0,0,0,0,0,0,0,0,0,0,0,0,0,0,0,32,30,30,62,65476,0,300,0,0,8,21553,0.0,-107605600.0,0.0,0.0,0.0,0.0,0.0,0.0,0.0,0.0,0.0,0.0,0.0,0.0,0.0,0.0,0.0,0.0,0.0,0.0,0.0,0.0,2.004,-2.004,-0.0,-2.004,0.0,0.0,0.0,0.0,5435.0,131350.641,6921.0,0.0,-0.0,-107615280.0,-0.0,0.0,0.0,0.0,0.0,63,0.0,-0.0,0.0,0.0,0.0,0.0,0.0,0.0,0.0,0,0,0,0.0,0.0,0.0,0.0,0.0,0.0,0.0,0.0,0.0,0.0,0.0,0.0,0.0,0.0,0.0,0.0,0,-107875648.0,63,0.0,126,2.7184242562605685e+23,-0.0,ERR,ERR,ERR,ERR,ERR,ERR,ERR,ERR,ERR,ERR,ERR,ERR,ERR,ERR,ERR,ERR,ERR,ERR,ERR,ERR,ERR,ERR,ERR,ERR,ERR,ERR,ERR,ERR,ERR,ERR,ERR,ERR,ERR,ERR,ERR,ERR,ERR,ERR,ERR,ERR,ERR,ERR,ERR,ERR,ERR,ERR,ERR,ERR,ERR,ERR,ERR,ERR,ERR,ERR,ERR,ERR,ERR,ERR,ERR,ERR,ERR,ERR,ERR,ERR,ERR,ERR,ERR,34.0,80.0,35,0.0,0.0,0.0,0.0,0.0,0.0,0.0,0.0,0.0,0.0,0.0,0.0,0.0,0.0,0.0,0.0,64.4,0,116,56,49,65476,0,300,0,0,8,20529,65476,0,0,57672,80.0,0.0,0.0,0.0,0.0,0.0
2026-06-17T04:40:34,ERR,ERR,ERR,ERR,ERR,ERR,ERR,ERR,ERR,ERR,ERR,ERR,ERR,ERR,ERR,ERR,ERR,ERR,ERR,ERR,ERR,ERR,ERR,ERR,ERR,ERR,ERR,ERR,ERR,ERR,ERR,ERR,ERR,ERR,ERR,ERR,ERR,ERR,ERR,ERR,ERR,ERR,ERR,ERR,ERR,ERR,ERR,ERR,ERR,ERR,ERR,ERR,ERR,ERR,ERR,ERR,ERR,ERR,ERR,ERR,ERR,ERR,ERR,ERR,ERR,ERR,ERR,ERR,ERR,ERR,ERR,ERR,ERR,ERR,ERR,ERR,ERR,ERR,ERR,ERR,ERR,ERR,ERR,ERR,ERR,ERR,ERR,ERR,ERR,ERR,ERR,ERR,ERR,ERR,ERR,ERR,ERR,ERR,ERR,ERR,ERR,ERR,ERR,ERR,ERR,ERR,ERR,ERR,ERR,ERR,ERR,ERR,ERR,ERR,ERR,ERR,ERR,ERR,ERR,ERR,ERR,ERR,ERR,ERR,ERR,0.0,-0.0,3.028208139652935e+23,0.0,0.0,1.3936040501711995e+18,7.805,0.0,0,0,4,0,7300,-0.0,0,0.0,0.0,0.0,0.0,0.0,0,0,0,0,0.0,0,0,0,0,0,0,0,0,0,0,0,0,0,0,0,0,0,0,0,0,0,0,0,0,0,0,0,0,0,0,0,0,0,32,30,30,62,65476,0,300,0,0,8,21553,0.0,-107605600.0,0.0,0.0,0.0,0.0,0.0,0.0,0.0,0.0,0.0,0.0,0.0,0.0,0.0,0.0,0.0,0.0,0.0,0.0,0.0,0.0,2.004,-2.004,-0.0,-2.004,0.0,0.0,0.0,0.0,5435.0,131350.641,6921.0,0.0,-0.0,-107615280.0,-0.0,0.0,0.0,0.0,0.0,63,0.0,-0.0,0.0,0.0,0.0,0.0,0.0,0.0,0.0,0,0,0,0.0,0.0,0.0,0.0,0.0,0.0,0.0,0.0,0.0,0.0,0.0,0.0,0.0,0.0,0.0,0.0,0,-107875648.0,63,0.0,126,2.7184242562605685e+23,-0.0,ERR,ERR,ERR,ERR,ERR,ERR,ERR,ERR,ERR,ERR,ERR,ERR,ERR,ERR,ERR,ERR,ERR,ERR,ERR,ERR,ERR,ERR,ERR,ERR,ERR,ERR,ERR,ERR,ERR,ERR,ERR,ERR,ERR,ERR,ERR,ERR,ERR,ERR,ERR,ERR,ERR,ERR,ERR,ERR,ERR,ERR,ERR,ERR,ERR,ERR,ERR,ERR,ERR,ERR,ERR,ERR,ERR,ERR,ERR,ERR,ERR,ERR,ERR,ERR,ERR,ERR,ERR,34.0,80.0,35,0.0,0.0,0.0,0.0,0.0,0.0,0.0,0.0,0.0,0.0,0.0,0.0,0.0,0.0,0.0,0.0,64.4,0,116,56,49,65476,0,300,0,0,8,20529,65476,0,0,57672,80.0,0.0,0.0,0.0,0.0,0.0
2026-06-17T04:40:35,ERR,ERR,ERR,ERR,ERR,ERR,ERR,ERR,ERR,ERR,ERR,ERR,ERR,ERR,ERR,ERR,ERR,ERR,ERR,ERR,ERR,ERR,ERR,ERR,ERR,ERR,ERR,ERR,ERR,ERR,ERR,ERR,ERR,ERR,ERR,ERR,ERR,ERR,ERR,ERR,ERR,ERR,ERR,ERR,ERR,ERR,ERR,ERR,ERR,ERR,ERR,ERR,ERR,ERR,ERR,ERR,ERR,ERR,ERR,ERR,ERR,ERR,ERR,ERR,ERR,ERR,ERR,ERR,ERR,ERR,ERR,ERR,ERR,ERR,ERR,ERR,ERR,ERR,ERR,ERR,ERR,ERR,ERR,ERR,ERR,ERR,ERR,ERR,ERR,ERR,ERR,ERR,ERR,ERR,ERR,ERR,ERR,ERR,ERR,ERR,ERR,ERR,ERR,ERR,ERR,ERR,ERR,ERR,ERR,ERR,ERR,ERR,ERR,ERR,ERR,ERR,ERR,ERR,ERR,ERR,ERR,ERR,ERR,ERR,ERR,0.0,-0.0,3.028208139652935e+23,0.0,0.0,1.3936040501711995e+18,7.805,0.0,0,0,4,0,7300,-0.0,0,0.0,0.0,0.0,0.0,0.0,0,0,0,0,0.0,0,0,0,0,0,0,0,0,0,0,0,0,0,0,0,0,0,0,0,0,0,0,0,0,0,0,0,0,0,0,0,0,0,32,30,30,62,65476,0,300,0,0,8,21553,0.0,-107605600.0,0.0,0.0,0.0,0.0,0.0,0.0,0.0,0.0,0.0,0.0,0.0,0.0,0.0,0.0,0.0,0.0,0.0,0.0,0.0,0.0,2.004,-2.004,-0.0,-2.004,0.0,0.0,0.0,0.0,5435.0,131350.641,6921.0,0.0,-0.0,-107615280.0,-0.0,0.0,0.0,0.0,0.0,63,0.0,-0.0,0.0,0.0,0.0,0.0,0.0,0.0,0.0,0,0,0,0.0,0.0,0.0,0.0,0.0,0.0,0.0,0.0,0.0,0.0,0.0,0.0,0.0,0.0,0.0,0.0,0,-107875648.0,63,0.0,126,2.7184242562605685e+23,-0.0,ERR,ERR,ERR,ERR,ERR,ERR,ERR,ERR,ERR,ERR,ERR,ERR,ERR,ERR,ERR,ERR,ERR,ERR,ERR,ERR,ERR,ERR,ERR,ERR,ERR,ERR,ERR,ERR,ERR,ERR,ERR,ERR,ERR,ERR,ERR,ERR,ERR,ERR,ERR,ERR,ERR,ERR,ERR,ERR,ERR,ERR,ERR,ERR,ERR,ERR,ERR,ERR,ERR,ERR,ERR,ERR,ERR,ERR,ERR,ERR,ERR,ERR,ERR,ERR,ERR,ERR,ERR,34.0,80.0,35,0.0,0.0,0.0,0.0,0.0,0.0,0.0,0.0,0.0,0.0,0.0,0.0,0.0,0.0,0.0,0.0,64.8,0,116,56,49,65476,0,300,0,0,8,20529,65476,0,0,57672,80.0,0.0,0.0,0.0,0.0,0.0
2026-06-17T04:40:36,ERR,ERR,ERR,ERR,ERR,ERR,ERR,ERR,ERR,ERR,ERR,ERR,ERR,ERR,ERR,ERR,ERR,ERR,ERR,ERR,ERR,ERR,ERR,ERR,ERR,ERR,ERR,ERR,ERR,ERR,ERR,ERR,ERR,ERR,ERR,ERR,ERR,ERR,ERR,ERR,ERR,ERR,ERR,ERR,ERR,ERR,ERR,ERR,ERR,ERR,ERR,ERR,ERR,ERR,ERR,ERR,ERR,ERR,ERR,ERR,ERR,ERR,ERR,ERR,ERR,ERR,ERR,ERR,ERR,ERR,ERR,ERR,ERR,ERR,ERR,ERR,ERR,ERR,ERR,ERR,ERR,ERR,ERR,ERR,ERR,ERR,ERR,ERR,ERR,ERR,ERR,ERR,ERR,ERR,ERR,ERR,ERR,ERR,ERR,ERR,ERR,ERR,ERR,ERR,ERR,ERR,ERR,ERR,ERR,ERR,ERR,ERR,ERR,ERR,ERR,ERR,ERR,ERR,ERR,ERR,ERR,ERR,ERR,ERR,ERR,0.0,-0.0,3.028208139652935e+23,0.0,0.0,1.3936040501711995e+18,7.805,0.0,0,0,4,0,7300,-0.0,0,0.0,0.0,0.0,0.0,0.0,0,0,0,0,0.0,0,0,0,0,0,0,0,0,0,0,0,0,0,0,0,0,0,0,0,0,0,0,0,0,0,0,0,0,0,0,0,0,0,32,30,30,62,65476,0,300,0,0,8,21553,0.0,-107605600.0,0.0,0.0,0.0,0.0,0.0,0.0,0.0,0.0,0.0,0.0,0.0,0.0,0.0,0.0,0.0,0.0,0.0,0.0,0.0,0.0,2.004,-2.004,-0.0,-2.004,0.0,0.0,0.0,0.0,5435.0,131350.641,6921.0,0.0,-0.0,-107615280.0,-0.0,0.0,0.0,0.0,0.0,63,0.0,-0.0,0.0,0.0,0.0,0.0,0.0,0.0,0.0,0,0,0,0.0,0.0,0.0,0.0,0.0,0.0,0.0,0.0,0.0,0.0,0.0,0.0,0.0,0.0,0.0,0.0,0,-107875648.0,63,0.0,126,2.7184242562605685e+23,-0.0,ERR,ERR,ERR,ERR,ERR,ERR,ERR,ERR,ERR,ERR,ERR,ERR,ERR,ERR,ERR,ERR,ERR,ERR,ERR,ERR,ERR,ERR,ERR,ERR,ERR,ERR,ERR,ERR,ERR,ERR,ERR,ERR,ERR,ERR,ERR,ERR,ERR,ERR,ERR,ERR,ERR,ERR,ERR,ERR,ERR,ERR,ERR,ERR,ERR,ERR,ERR,ERR,ERR,ERR,ERR,ERR,ERR,ERR,ERR,ERR,ERR,ERR,ERR,ERR,ERR,ERR,ERR,34.0,80.0,35,0.0,0.0,0.0,0.0,0.0,0.0,0.0,0.0,0.0,0.0,0.0,0.0,0.0,0.0,0.0,0.0,64.8,0,116,56,49,65476,0,300,0,0,8,20529,65476,0,0,57672,80.0,0.0,0.0,0.0,0.0,0.0
2026-06-17T04:40:37,ERR,ERR,ERR,ERR,ERR,ERR,ERR,ERR,ERR,ERR,ERR,ERR,ERR,ERR,ERR,ERR,ERR,ERR,ERR,ERR,ERR,ERR,ERR,ERR,ERR,ERR,ERR,ERR,ERR,ERR,ERR,ERR,ERR,ERR,ERR,ERR,ERR,ERR,ERR,ERR,ERR,ERR,ERR,ERR,ERR,ERR,ERR,ERR,ERR,ERR,ERR,ERR,ERR,ERR,ERR,ERR,ERR,ERR,ERR,ERR,ERR,ERR,ERR,ERR,ERR,ERR,ERR,ERR,ERR,ERR,ERR,ERR,ERR,ERR,ERR,ERR,ERR,ERR,ERR,ERR,ERR,ERR,ERR,ERR,ERR,ERR,ERR,ERR,ERR,ERR,ERR,ERR,ERR,ERR,ERR,ERR,ERR,ERR,ERR,ERR,ERR,ERR,ERR,ERR,ERR,ERR,ERR,ERR,ERR,ERR,ERR,ERR,ERR,ERR,ERR,ERR,ERR,ERR,ERR,ERR,ERR,ERR,ERR,ERR,ERR,0.0,-0.0,3.028208139652935e+23,0.0,0.0,1.3936040501711995e+18,7.805,0.0,0,0,4,0,7300,-0.0,0,0.0,0.0,0.0,0.0,0.0,0,0,0,0,0.0,0,0,0,0,0,0,0,0,0,0,0,0,0,0,0,0,0,0,0,0,0,0,0,0,0,0,0,0,0,0,0,0,0,32,30,30,62,65476,0,300,0,0,8,21553,0.0,-107605600.0,0.0,0.0,0.0,0.0,0.0,0.0,0.0,0.0,0.0,0.0,0.0,0.0,0.0,0.0,0.0,0.0,0.0,0.0,0.0,0.0,2.004,-2.004,-0.0,-2.004,0.0,0.0,0.0,0.0,5435.0,131350.641,6921.0,0.0,-0.0,-107615280.0,-0.0,0.0,0.0,0.0,0.0,63,0.0,-0.0,0.0,0.0,0.0,0.0,0.0,0.0,0.0,0,0,0,0.0,0.0,0.0,0.0,0.0,0.0,0.0,0.0,0.0,0.0,0.0,0.0,0.0,0.0,0.0,0.0,0,-107875648.0,63,0.0,126,2.7184242562605685e+23,-0.0,ERR,ERR,ERR,ERR,ERR,ERR,ERR,ERR,ERR,ERR,ERR,ERR,ERR,ERR,ERR,ERR,ERR,ERR,ERR,ERR,ERR,ERR,ERR,ERR,ERR,ERR,ERR,ERR,ERR,ERR,ERR,ERR,ERR,ERR,ERR,ERR,ERR,ERR,ERR,ERR,ERR,ERR,ERR,ERR,ERR,ERR,ERR,ERR,ERR,ERR,ERR,ERR,ERR,ERR,ERR,ERR,ERR,ERR,ERR,ERR,ERR,ERR,ERR,ERR,ERR,ERR,ERR,34.0,80.0,35,0.0,0.0,0.0,0.0,0.0,0.0,0.0,0.0,0.0,0.0,0.0,0.0,0.0,0.0,0.0,0.0,64.8,0,116,56,49,65476,0,300,0,0,8,20529,65476,0,0,57672,80.0,0.0,0.0,0.0,0.0,0.0
2026-06-17T04:40:38,ERR,ERR,ERR,ERR,ERR,ERR,ERR,ERR,ERR,ERR,ERR,ERR,ERR,ERR,ERR,ERR,ERR,ERR,ERR,ERR,ERR,ERR,ERR,ERR,ERR,ERR,ERR,ERR,ERR,ERR,ERR,ERR,ERR,ERR,ERR,ERR,ERR,ERR,ERR,ERR,ERR,ERR,ERR,ERR,ERR,ERR,ERR,ERR,ERR,ERR,ERR,ERR,ERR,ERR,ERR,ERR,ERR,ERR,ERR,ERR,ERR,ERR,ERR,ERR,ERR,ERR,ERR,ERR,ERR,ERR,ERR,ERR,ERR,ERR,ERR,ERR,ERR,ERR,ERR,ERR,ERR,ERR,ERR,ERR,ERR,ERR,ERR,ERR,ERR,ERR,ERR,ERR,ERR,ERR,ERR,ERR,ERR,ERR,ERR,ERR,ERR,ERR,ERR,ERR,ERR,ERR,ERR,ERR,ERR,ERR,ERR,ERR,ERR,ERR,ERR,ERR,ERR,ERR,ERR,ERR,ERR,ERR,ERR,ERR,ERR,0.0,-0.0,3.028208139652935e+23,0.0,0.0,1.3936040501711995e+18,7.805,0.0,0,0,4,0,7300,-0.0,0,0.0,0.0,0.0,0.0,0.0,0,0,0,0,0.0,0,0,0,0,0,0,0,0,0,0,0,0,0,0,0,0,0,0,0,0,0,0,0,0,0,0,0,0,0,0,0,0,0,32,30,30,62,65476,0,300,0,0,8,21553,0.0,-107605600.0,0.0,0.0,0.0,0.0,0.0,0.0,0.0,0.0,0.0,0.0,0.0,0.0,0.0,0.0,0.0,0.0,0.0,0.0,0.0,0.0,-0.0,-2.004,-0.0,-2.004,0.0,0.0,0.0,0.0,5435.0,2.004,6920.0,0.0,-0.0,-107615280.0,-0.0,0.0,0.0,0.0,0.0,63,0.0,-0.0,0.0,0.0,0.0,0.0,0.0,0.0,0.0,0,0,0,0.0,0.0,0.0,0.0,0.0,0.0,0.0,0.0,0.0,0.0,0.0,0.0,0.0,0.0,0.0,0.0,0,-107875648.0,63,0.0,126,2.7184242562605685e+23,-0.0,ERR,ERR,ERR,ERR,ERR,ERR,ERR,ERR,ERR,ERR,ERR,ERR,ERR,ERR,ERR,ERR,ERR,ERR,ERR,ERR,ERR,ERR,ERR,ERR,ERR,ERR,ERR,ERR,ERR,ERR,ERR,ERR,ERR,ERR,ERR,ERR,ERR,ERR,ERR,ERR,ERR,ERR,ERR,ERR,ERR,ERR,ERR,ERR,ERR,ERR,ERR,ERR,ERR,ERR,ERR,ERR,ERR,ERR,ERR,ERR,ERR,ERR,ERR,ERR,ERR,ERR,ERR,34.0,80.0,35,0.0,0.0,0.0,0.0,0.0,0.0,0.0,0.0,0.0,0.0,0.0,0.0,0.0,0.0,0.0,0.0,64.8,0,116,56,49,65476,0,300,0,0,8,20529,65476,0,0,57672,80.0,0.0,0.0,0.0,0.0,0.0
2026-06-17T04:40:39,ERR,ERR,ERR,ERR,ERR,ERR,ERR,ERR,ERR,ERR,ERR,ERR,ERR,ERR,ERR,ERR,ERR,ERR,ERR,ERR,ERR,ERR,ERR,ERR,ERR,ERR,ERR,ERR,ERR,ERR,ERR,ERR,ERR,ERR,ERR,ERR,ERR,ERR,ERR,ERR,ERR,ERR,ERR,ERR,ERR,ERR,ERR,ERR,ERR,ERR,ERR,ERR,ERR,ERR,ERR,ERR,ERR,ERR,ERR,ERR,ERR,ERR,ERR,ERR,ERR,ERR,ERR,ERR,ERR,ERR,ERR,ERR,ERR,ERR,ERR,ERR,ERR,ERR,ERR,ERR,ERR,ERR,ERR,ERR,ERR,ERR,ERR,ERR,ERR,ERR,ERR,ERR,ERR,ERR,ERR,ERR,ERR,ERR,ERR,ERR,ERR,ERR,ERR,ERR,ERR,ERR,ERR,ERR,ERR,ERR,ERR,ERR,ERR,ERR,ERR,ERR,ERR,ERR,ERR,ERR,ERR,ERR,ERR,ERR,ERR,0.0,-0.0,3.028208139652935e+23,0.0,0.0,1.3936040501711995e+18,7.805,0.0,0,0,4,0,7300,-0.0,0,0.0,0.0,0.0,0.0,0.0,0,0,0,0,0.0,0,0,0,0,0,0,0,0,0,0,0,0,0,0,0,0,0,0,0,0,0,0,0,0,0,0,0,0,0,0,0,0,0,32,30,30,62,65476,0,300,0,0,8,21553,0.0,-107605600.0,0.0,0.0,0.0,0.0,0.0,0.0,0.0,0.0,0.0,0.0,0.0,0.0,0.0,0.0,0.0,0.0,0.0,0.0,0.0,0.0,-0.0,-2.004,-0.0,-2.004,0.0,0.0,0.0,0.0,5435.0,2.004,6920.0,0.0,-0.0,-107615280.0,-0.0,0.0,0.0,0.0,0.0,63,0.0,-0.0,0.0,0.0,0.0,0.0,0.0,0.0,0.0,0,0,0,0.0,0.0,0.0,0.0,0.0,0.0,0.0,0.0,0.0,0.0,0.0,0.0,0.0,0.0,0.0,0.0,0,-107875648.0,63,0.0,126,2.7184242562605685e+23,-0.0,ERR,ERR,ERR,ERR,ERR,ERR,ERR,ERR,ERR,ERR,ERR,ERR,ERR,ERR,ERR,ERR,ERR,ERR,ERR,ERR,ERR,ERR,ERR,ERR,ERR,ERR,ERR,ERR,ERR,ERR,ERR,ERR,ERR,ERR,ERR,ERR,ERR,ERR,ERR,ERR,ERR,ERR,ERR,ERR,ERR,ERR,ERR,ERR,ERR,ERR,ERR,ERR,ERR,ERR,ERR,ERR,ERR,ERR,ERR,ERR,ERR,ERR,ERR,ERR,ERR,ERR,ERR,34.0,80.0,35,0.0,0.0,0.0,0.0,0.0,0.0,0.0,0.0,0.0,0.0,0.0,0.0,0.0,0.0,0.0,0.0,64.4,0,116,56,49,65476,0,300,0,0,8,20529,65476,0,0,57672,80.0,0.0,0.0,0.0,0.0,0.0
2026-06-17T04:40:40,ERR,ERR,ERR,ERR,ERR,ERR,ERR,ERR,ERR,ERR,ERR,ERR,ERR,ERR,ERR,ERR,ERR,ERR,ERR,ERR,ERR,ERR,ERR,ERR,ERR,ERR,ERR,ERR,ERR,ERR,ERR,ERR,ERR,ERR,ERR,ERR,ERR,ERR,ERR,ERR,ERR,ERR,ERR,ERR,ERR,ERR,ERR,ERR,ERR,ERR,ERR,ERR,ERR,ERR,ERR,ERR,ERR,ERR,ERR,ERR,ERR,ERR,ERR,ERR,ERR,ERR,ERR,ERR,ERR,ERR,ERR,ERR,ERR,ERR,ERR,ERR,ERR,ERR,ERR,ERR,ERR,ERR,ERR,ERR,ERR,ERR,ERR,ERR,ERR,ERR,ERR,ERR,ERR,ERR,ERR,ERR,ERR,ERR,ERR,ERR,ERR,ERR,ERR,ERR,ERR,ERR,ERR,ERR,ERR,ERR,ERR,ERR,ERR,ERR,ERR,ERR,ERR,ERR,ERR,ERR,ERR,ERR,ERR,ERR,ERR,0.0,-0.0,3.028208139652935e+23,0.0,0.0,1.3936040501711995e+18,7.805,0.0,0,0,4,0,7300,-0.0,0,0.0,0.0,0.0,0.0,0.0,0,0,0,0,0.0,0,0,0,0,0,0,0,0,0,0,0,0,0,0,0,0,0,0,0,0,0,0,0,0,0,0,0,0,0,0,0,0,0,32,30,30,62,65476,0,300,0,0,8,21553,0.0,-107605600.0,0.0,0.0,0.0,0.0,0.0,0.0,0.0,0.0,0.0,0.0,0.0,0.0,0.0,0.0,0.0,0.0,0.0,0.0,0.0,0.0,-0.0,-2.004,-0.0,-2.004,0.0,0.0,0.0,0.0,5435.0,2.004,6920.0,0.0,-0.0,-107615280.0,-0.0,0.0,0.0,0.0,0.0,63,0.0,-0.0,0.0,0.0,0.0,0.0,0.0,0.0,0.0,0,0,0,0.0,0.0,0.0,0.0,0.0,0.0,0.0,0.0,0.0,0.0,0.0,0.0,0.0,0.0,0.0,0.0,0,-107875648.0,63,0.0,126,2.7184242562605685e+23,-0.0,ERR,ERR,ERR,ERR,ERR,ERR,ERR,ERR,ERR,ERR,ERR,ERR,ERR,ERR,ERR,ERR,ERR,ERR,ERR,ERR,ERR,ERR,ERR,ERR,ERR,ERR,ERR,ERR,ERR,ERR,ERR,ERR,ERR,ERR,ERR,ERR,ERR,ERR,ERR,ERR,ERR,ERR,ERR,ERR,ERR,ERR,ERR,ERR,ERR,ERR,ERR,ERR,ERR,ERR,ERR,ERR,ERR,ERR,ERR,ERR,ERR,ERR,ERR,ERR,ERR,ERR,ERR,34.0,80.0,35,0.0,0.0,0.0,0.0,0.0,0.0,0.0,0.0,0.0,0.0,0.0,0.0,0.0,0.0,0.0,0.0,64.4,0,116,56,49,65476,0,300,0,0,8,20529,65476,0,0,57672,80.0,0.0,0.0,0.0,0.0,0.0
2026-06-17T04:40:41,ERR,ERR,ERR,ERR,ERR,ERR,ERR,ERR,ERR,ERR,ERR,ERR,ERR,ERR,ERR,ERR,ERR,ERR,ERR,ERR,ERR,ERR,ERR,ERR,ERR,ERR,ERR,ERR,ERR,ERR,ERR,ERR,ERR,ERR,ERR,ERR,ERR,ERR,ERR,ERR,ERR,ERR,ERR,ERR,ERR,ERR,ERR,ERR,ERR,ERR,ERR,ERR,ERR,ERR,ERR,ERR,ERR,ERR,ERR,ERR,ERR,ERR,ERR,ERR,ERR,ERR,ERR,ERR,ERR,ERR,ERR,ERR,ERR,ERR,ERR,ERR,ERR,ERR,ERR,ERR,ERR,ERR,ERR,ERR,ERR,ERR,ERR,ERR,ERR,ERR,ERR,ERR,ERR,ERR,ERR,ERR,ERR,ERR,ERR,ERR,ERR,ERR,ERR,ERR,ERR,ERR,ERR,ERR,ERR,ERR,ERR,ERR,ERR,ERR,ERR,ERR,ERR,ERR,ERR,ERR,ERR,ERR,ERR,ERR,ERR,0.0,-0.0,3.028208139652935e+23,0.0,0.0,1.3936040501711995e+18,7.805,0.0,0,0,4,0,7300,-0.0,0,0.0,0.0,0.0,0.0,0.0,0,0,0,0,0.0,0,0,0,0,0,0,0,0,0,0,0,0,0,0,0,0,0,0,0,0,0,0,0,0,0,0,0,0,0,0,0,0,0,32,30,30,62,65476,0,300,0,0,8,21553,0.0,-107605600.0,0.0,0.0,0.0,0.0,0.0,0.0,0.0,0.0,0.0,0.0,0.0,0.0,0.0,0.0,0.0,0.0,0.0,0.0,0.0,0.0,-0.0,-2.004,-0.0,-2.004,0.0,0.0,0.0,0.0,5435.0,2.004,6920.0,0.0,-0.0,-107615280.0,-0.0,0.0,0.0,0.0,0.0,63,0.0,-0.0,0.0,0.0,0.0,0.0,0.0,0.0,0.0,0,0,0,0.0,0.0,0.0,0.0,0.0,0.0,0.0,0.0,0.0,0.0,0.0,0.0,0.0,0.0,0.0,0.0,0,-107875648.0,63,0.0,126,2.7184242562605685e+23,-0.0,ERR,ERR,ERR,ERR,ERR,ERR,ERR,ERR,ERR,ERR,ERR,ERR,ERR,ERR,ERR,ERR,ERR,ERR,ERR,ERR,ERR,ERR,ERR,ERR,ERR,ERR,ERR,ERR,ERR,ERR,ERR,ERR,ERR,ERR,ERR,ERR,ERR,ERR,ERR,ERR,ERR,ERR,ERR,ERR,ERR,ERR,ERR,ERR,ERR,ERR,ERR,ERR,ERR,ERR,ERR,ERR,ERR,ERR,ERR,ERR,ERR,ERR,ERR,ERR,ERR,ERR,ERR,34.0,80.0,35,0.0,0.0,0.0,0.0,0.0,0.0,0.0,0.0,0.0,0.0,0.0,0.0,0.0,0.0,0.0,0.0,64.4,0,116,56,49,65476,0,300,0,0,8,20529,65476,0,0,57672,80.0,0.0,0.0,0.0,0.0,0.0
2026-06-17T04:40:42,ERR,ERR,ERR,ERR,ERR,ERR,ERR,ERR,ERR,ERR,ERR,ERR,ERR,ERR,ERR,ERR,ERR,ERR,ERR,ERR,ERR,ERR,ERR,ERR,ERR,ERR,ERR,ERR,ERR,ERR,ERR,ERR,ERR,ERR,ERR,ERR,ERR,ERR,ERR,ERR,ERR,ERR,ERR,ERR,ERR,ERR,ERR,ERR,ERR,ERR,ERR,ERR,ERR,ERR,ERR,ERR,ERR,ERR,ERR,ERR,ERR,ERR,ERR,ERR,ERR,ERR,ERR,ERR,ERR,ERR,ERR,ERR,ERR,ERR,ERR,ERR,ERR,ERR,ERR,ERR,ERR,ERR,ERR,ERR,ERR,ERR,ERR,ERR,ERR,ERR,ERR,ERR,ERR,ERR,ERR,ERR,ERR,ERR,ERR,ERR,ERR,ERR,ERR,ERR,ERR,ERR,ERR,ERR,ERR,ERR,ERR,ERR,ERR,ERR,ERR,ERR,ERR,ERR,ERR,ERR,ERR,ERR,ERR,ERR,ERR,0.0,-0.0,3.028208139652935e+23,0.0,0.0,1.3936040501711995e+18,7.805,0.0,0,0,4,0,7300,-0.0,0,0.0,0.0,0.0,0.0,0.0,0,0,0,0,0.0,0,0,0,0,0,0,0,0,0,0,0,0,0,0,0,0,0,0,0,0,0,0,0,0,0,0,0,0,0,0,0,0,0,32,30,30,62,65476,0,300,0,0,8,21553,0.0,-107605600.0,0.0,0.0,0.0,0.0,0.0,0.0,0.0,0.0,0.0,0.0,0.0,0.0,0.0,0.0,0.0,0.0,0.0,0.0,0.0,0.0,-0.0,-2.004,-0.0,-2.004,0.0,0.0,0.0,0.0,5435.0,2.004,6920.0,0.0,-0.0,-107615280.0,-0.0,0.0,0.0,0.0,0.0,63,0.0,-0.0,0.0,0.0,0.0,0.0,0.0,0.0,0.0,0,0,0,0.0,0.0,0.0,0.0,0.0,0.0,0.0,0.0,0.0,0.0,0.0,0.0,0.0,0.0,0.0,0.0,0,-107875648.0,63,0.0,126,2.7184242562605685e+23,-0.0,ERR,ERR,ERR,ERR,ERR,ERR,ERR,ERR,ERR,ERR,ERR,ERR,ERR,ERR,ERR,ERR,ERR,ERR,ERR,ERR,ERR,ERR,ERR,ERR,ERR,ERR,ERR,ERR,ERR,ERR,ERR,ERR,ERR,ERR,ERR,ERR,ERR,ERR,ERR,ERR,ERR,ERR,ERR,ERR,ERR,ERR,ERR,ERR,ERR,ERR,ERR,ERR,ERR,ERR,ERR,ERR,ERR,ERR,ERR,ERR,ERR,ERR,ERR,ERR,ERR,ERR,ERR,34.0,80.0,35,0.0,0.0,0.0,0.0,0.0,0.0,0.0,0.0,0.0,0.0,0.0,0.0,0.0,0.0,0.0,0.0,64.4,0,116,56,49,65476,0,300,0,0,8,20529,65476,0,0,57672,80.0,0.0,0.0,0.0,0.0,0.0
2026-06-17T04:40:43,ERR,ERR,ERR,ERR,ERR,ERR,ERR,ERR,ERR,ERR,ERR,ERR,ERR,ERR,ERR,ERR,ERR,ERR,ERR,ERR,ERR,ERR,ERR,ERR,ERR,ERR,ERR,ERR,ERR,ERR,ERR,ERR,ERR,ERR,ERR,ERR,ERR,ERR,ERR,ERR,ERR,ERR,ERR,ERR,ERR,ERR,ERR,ERR,ERR,ERR,ERR,ERR,ERR,ERR,ERR,ERR,ERR,ERR,ERR,ERR,ERR,ERR,ERR,ERR,ERR,ERR,ERR,ERR,ERR,ERR,ERR,ERR,ERR,ERR,ERR,ERR,ERR,ERR,ERR,ERR,ERR,ERR,ERR,ERR,ERR,ERR,ERR,ERR,ERR,ERR,ERR,ERR,ERR,ERR,ERR,ERR,ERR,ERR,ERR,ERR,ERR,ERR,ERR,ERR,ERR,ERR,ERR,ERR,ERR,ERR,ERR,ERR,ERR,ERR,ERR,ERR,ERR,ERR,ERR,ERR,ERR,ERR,ERR,ERR,ERR,0.0,-0.0,3.028208139652935e+23,0.0,0.0,1.3936040501711995e+18,7.805,0.0,0,0,4,0,7300,-0.0,0,0.0,0.0,0.0,0.0,0.0,0,0,0,0,0.0,0,0,0,0,0,0,0,0,0,0,0,0,0,0,0,0,0,0,0,0,0,0,0,0,0,0,0,0,0,0,0,0,0,32,30,30,62,65476,0,300,0,0,8,21553,0.0,-107605600.0,0.0,0.0,0.0,0.0,0.0,0.0,0.0,0.0,0.0,0.0,0.0,0.0,0.0,0.0,0.0,0.0,0.0,0.0,0.0,0.0,2.004,-2.004,-0.0,-2.004,0.0,0.0,0.0,0.0,5429.0,8608195584.0,6922.0,0.0,-0.0,-107615280.0,-0.0,0.0,0.0,0.0,0.0,63,0.0,-0.0,0.0,0.0,0.0,0.0,0.0,0.0,0.0,0,0,0,0.0,0.0,0.0,0.0,0.0,0.0,0.0,0.0,0.0,0.0,0.0,0.0,0.0,0.0,0.0,0.0,0,-107875648.0,63,0.0,126,2.7184242562605685e+23,-0.0,ERR,ERR,ERR,ERR,ERR,ERR,ERR,ERR,ERR,ERR,ERR,ERR,ERR,ERR,ERR,ERR,ERR,ERR,ERR,ERR,ERR,ERR,ERR,ERR,ERR,ERR,ERR,ERR,ERR,ERR,ERR,ERR,ERR,ERR,ERR,ERR,ERR,ERR,ERR,ERR,ERR,ERR,ERR,ERR,ERR,ERR,ERR,ERR,ERR,ERR,ERR,ERR,ERR,ERR,ERR,ERR,ERR,ERR,ERR,ERR,ERR,ERR,ERR,ERR,ERR,ERR,ERR,34.0,80.0,35,0.0,0.0,0.0,0.0,0.0,0.0,0.0,0.0,0.0,0.0,0.0,0.0,0.0,0.0,0.0,0.0,64.4,0,116,56,49,65476,0,300,0,0,8,20529,65476,0,0,57672,80.0,0.0,0.0,0.0,0.0,0.0
2026-06-17T04:40:44,ERR,ERR,ERR,ERR,ERR,ERR,ERR,ERR,ERR,ERR,ERR,ERR,ERR,ERR,ERR,ERR,ERR,ERR,ERR,ERR,ERR,ERR,ERR,ERR,ERR,ERR,ERR,ERR,ERR,ERR,ERR,ERR,ERR,ERR,ERR,ERR,ERR,ERR,ERR,ERR,ERR,ERR,ERR,ERR,ERR,ERR,ERR,ERR,ERR,ERR,ERR,ERR,ERR,ERR,ERR,ERR,ERR,ERR,ERR,ERR,ERR,ERR,ERR,ERR,ERR,ERR,ERR,ERR,ERR,ERR,ERR,ERR,ERR,ERR,ERR,ERR,ERR,ERR,ERR,ERR,ERR,ERR,ERR,ERR,ERR,ERR,ERR,ERR,ERR,ERR,ERR,ERR,ERR,ERR,ERR,ERR,ERR,ERR,ERR,ERR,ERR,ERR,ERR,ERR,ERR,ERR,ERR,ERR,ERR,ERR,ERR,ERR,ERR,ERR,ERR,ERR,ERR,ERR,ERR,ERR,ERR,ERR,ERR,ERR,ERR,0.0,-0.0,3.028208139652935e+23,0.0,0.0,1.3936040501711995e+18,7.805,0.0,0,0,4,0,7300,-0.0,0,0.0,0.0,0.0,0.0,0.0,0,0,0,0,0.0,0,0,0,0,0,0,0,0,0,0,0,0,0,0,0,0,0,0,0,0,0,0,0,0,0,0,0,0,0,0,0,0,0,32,30,30,62,65476,0,300,0,0,8,21553,0.0,-107605600.0,0.0,0.0,0.0,0.0,0.0,0.0,0.0,0.0,0.0,0.0,0.0,0.0,0.0,0.0,0.0,0.0,0.0,0.0,0.0,0.0,2.004,-2.004,-0.0,-2.004,0.0,0.0,0.0,0.0,5429.0,8608195584.0,6922.0,0.0,-0.0,-107615280.0,-0.0,0.0,0.0,0.0,0.0,63,0.0,-0.0,0.0,0.0,0.0,0.0,0.0,0.0,0.0,0,0,0,0.0,0.0,0.0,0.0,0.0,0.0,0.0,0.0,0.0,0.0,0.0,0.0,0.0,0.0,0.0,0.0,0,-107875648.0,63,0.0,126,2.7184242562605685e+23,-0.0,ERR,ERR,ERR,ERR,ERR,ERR,ERR,ERR,ERR,ERR,ERR,ERR,ERR,ERR,ERR,ERR,ERR,ERR,ERR,ERR,ERR,ERR,ERR,ERR,ERR,ERR,ERR,ERR,ERR,ERR,ERR,ERR,ERR,ERR,ERR,ERR,ERR,ERR,ERR,ERR,ERR,ERR,ERR,ERR,ERR,ERR,ERR,ERR,ERR,ERR,ERR,ERR,ERR,ERR,ERR,ERR,ERR,ERR,ERR,ERR,ERR,ERR,ERR,ERR,ERR,ERR,ERR,34.0,80.0,35,0.0,0.0,0.0,0.0,0.0,0.0,0.0,0.0,0.0,0.0,0.0,0.0,0.0,0.0,0.0,0.0,64.4,0,116,56,49,65476,0,300,0,0,8,20529,65476,0,0,57672,80.0,0.0,0.0,0.0,0.0,0.0
2026-06-17T04:40:45,ERR,ERR,ERR,ERR,ERR,ERR,ERR,ERR,ERR,ERR,ERR,ERR,ERR,ERR,ERR,ERR,ERR,ERR,ERR,ERR,ERR,ERR,ERR,ERR,ERR,ERR,ERR,ERR,ERR,ERR,ERR,ERR,ERR,ERR,ERR,ERR,ERR,ERR,ERR,ERR,ERR,ERR,ERR,ERR,ERR,ERR,ERR,ERR,ERR,ERR,ERR,ERR,ERR,ERR,ERR,ERR,ERR,ERR,ERR,ERR,ERR,ERR,ERR,ERR,ERR,ERR,ERR,ERR,ERR,ERR,ERR,ERR,ERR,ERR,ERR,ERR,ERR,ERR,ERR,ERR,ERR,ERR,ERR,ERR,ERR,ERR,ERR,ERR,ERR,ERR,ERR,ERR,ERR,ERR,ERR,ERR,ERR,ERR,ERR,ERR,ERR,ERR,ERR,ERR,ERR,ERR,ERR,ERR,ERR,ERR,ERR,ERR,ERR,ERR,ERR,ERR,ERR,ERR,ERR,ERR,ERR,ERR,ERR,ERR,ERR,0.0,-0.0,3.028208139652935e+23,0.0,0.0,1.3936040501711995e+18,7.805,0.0,0,0,4,0,7300,-0.0,0,0.0,0.0,0.0,0.0,0.0,0,0,0,0,0.0,0,0,0,0,0,0,0,0,0,0,0,0,0,0,0,0,0,0,0,0,0,0,0,0,0,0,0,0,0,0,0,0,0,32,30,30,62,65476,0,300,0,0,8,21553,0.0,-107605600.0,0.0,0.0,0.0,0.0,0.0,0.0,0.0,0.0,0.0,0.0,0.0,0.0,0.0,0.0,0.0,0.0,0.0,0.0,0.0,0.0,2.004,-2.004,-0.0,-2.004,0.0,0.0,0.0,0.0,5429.0,8608195584.0,6922.0,0.0,-0.0,-107615280.0,-0.0,0.0,0.0,0.0,0.0,63,0.0,-0.0,0.0,0.0,0.0,0.0,0.0,0.0,0.0,0,0,0,0.0,0.0,0.0,0.0,0.0,0.0,0.0,0.0,0.0,0.0,0.0,0.0,0.0,0.0,0.0,0.0,0,-107875648.0,63,0.0,126,2.7184242562605685e+23,-0.0,ERR,ERR,ERR,ERR,ERR,ERR,ERR,ERR,ERR,ERR,ERR,ERR,ERR,ERR,ERR,ERR,ERR,ERR,ERR,ERR,ERR,ERR,ERR,ERR,ERR,ERR,ERR,ERR,ERR,ERR,ERR,ERR,ERR,ERR,ERR,ERR,ERR,ERR,ERR,ERR,ERR,ERR,ERR,ERR,ERR,ERR,ERR,ERR,ERR,ERR,ERR,ERR,ERR,ERR,ERR,ERR,ERR,ERR,ERR,ERR,ERR,ERR,ERR,ERR,ERR,ERR,ERR,34.0,80.0,35,0.0,0.0,0.0,0.0,0.0,0.0,0.0,0.0,0.0,0.0,0.0,0.0,0.0,0.0,0.0,0.0,64.4,0,116,56,49,65476,0,300,0,0,8,20529,65476,0,0,57672,80.0,0.0,0.0,0.0,0.0,0.0
2026-06-17T04:40:46,ERR,ERR,ERR,ERR,ERR,ERR,ERR,ERR,ERR,ERR,ERR,ERR,ERR,ERR,ERR,ERR,ERR,ERR,ERR,ERR,ERR,ERR,ERR,ERR,ERR,ERR,ERR,ERR,ERR,ERR,ERR,ERR,ERR,ERR,ERR,ERR,ERR,ERR,ERR,ERR,ERR,ERR,ERR,ERR,ERR,ERR,ERR,ERR,ERR,ERR,ERR,ERR,ERR,ERR,ERR,ERR,ERR,ERR,ERR,ERR,ERR,ERR,ERR,ERR,ERR,ERR,ERR,ERR,ERR,ERR,ERR,ERR,ERR,ERR,ERR,ERR,ERR,ERR,ERR,ERR,ERR,ERR,ERR,ERR,ERR,ERR,ERR,ERR,ERR,ERR,ERR,ERR,ERR,ERR,ERR,ERR,ERR,ERR,ERR,ERR,ERR,ERR,ERR,ERR,ERR,ERR,ERR,ERR,ERR,ERR,ERR,ERR,ERR,ERR,ERR,ERR,ERR,ERR,ERR,ERR,ERR,ERR,ERR,ERR,ERR,0.0,-0.0,3.028208139652935e+23,0.0,0.0,1.3936040501711995e+18,7.805,0.0,0,0,4,0,7300,-0.0,0,0.0,0.0,0.0,0.0,0.0,0,0,0,0,0.0,0,0,0,0,0,0,0,0,0,0,0,0,0,0,0,0,0,0,0,0,0,0,0,0,0,0,0,0,0,0,0,0,0,32,30,30,62,65476,0,300,0,0,8,21553,0.0,-107605600.0,0.0,0.0,0.0,0.0,0.0,0.0,0.0,0.0,0.0,0.0,0.0,0.0,0.0,0.0,0.0,0.0,0.0,0.0,0.0,0.0,2.004,-2.004,-0.0,-2.004,0.0,0.0,0.0,0.0,5429.0,8608195584.0,6922.0,0.0,-0.0,-107615280.0,-0.0,0.0,0.0,0.0,0.0,63,0.0,-0.0,0.0,0.0,0.0,0.0,0.0,0.0,0.0,0,0,0,0.0,0.0,0.0,0.0,0.0,0.0,0.0,0.0,0.0,0.0,0.0,0.0,0.0,0.0,0.0,0.0,0,-107875648.0,63,0.0,126,2.7184242562605685e+23,-0.0,ERR,ERR,ERR,ERR,ERR,ERR,ERR,ERR,ERR,ERR,ERR,ERR,ERR,ERR,ERR,ERR,ERR,ERR,ERR,ERR,ERR,ERR,ERR,ERR,ERR,ERR,ERR,ERR,ERR,ERR,ERR,ERR,ERR,ERR,ERR,ERR,ERR,ERR,ERR,ERR,ERR,ERR,ERR,ERR,ERR,ERR,ERR,ERR,ERR,ERR,ERR,ERR,ERR,ERR,ERR,ERR,ERR,ERR,ERR,ERR,ERR,ERR,ERR,ERR,ERR,ERR,ERR,34.0,80.0,35,0.0,0.0,0.0,0.0,0.0,0.0,0.0,0.0,0.0,0.0,0.0,0.0,0.0,0.0,0.0,0.0,64.8,0,116,56,49,65476,0,300,0,0,8,20529,65476,0,0,57672,80.0,0.0,0.0,0.0,0.0,0.0
2026-06-17T04:40:47,ERR,ERR,ERR,ERR,ERR,ERR,ERR,ERR,ERR,ERR,ERR,ERR,ERR,ERR,ERR,ERR,ERR,ERR,ERR,ERR,ERR,ERR,ERR,ERR,ERR,ERR,ERR,ERR,ERR,ERR,ERR,ERR,ERR,ERR,ERR,ERR,ERR,ERR,ERR,ERR,ERR,ERR,ERR,ERR,ERR,ERR,ERR,ERR,ERR,ERR,ERR,ERR,ERR,ERR,ERR,ERR,ERR,ERR,ERR,ERR,ERR,ERR,ERR,ERR,ERR,ERR,ERR,ERR,ERR,ERR,ERR,ERR,ERR,ERR,ERR,ERR,ERR,ERR,ERR,ERR,ERR,ERR,ERR,ERR,ERR,ERR,ERR,ERR,ERR,ERR,ERR,ERR,ERR,ERR,ERR,ERR,ERR,ERR,ERR,ERR,ERR,ERR,ERR,ERR,ERR,ERR,ERR,ERR,ERR,ERR,ERR,ERR,ERR,ERR,ERR,ERR,ERR,ERR,ERR,ERR,ERR,ERR,ERR,ERR,ERR,0.0,-0.0,3.028208139652935e+23,0.0,0.0,1.3936040501711995e+18,7.805,0.0,0,0,4,0,7300,-0.0,0,0.0,0.0,0.0,0.0,0.0,0,0,0,0,0.0,0,0,0,0,0,0,0,0,0,0,0,0,0,0,0,0,0,0,0,0,0,0,0,0,0,0,0,0,0,0,0,0,0,32,30,30,62,65476,0,300,0,0,8,21553,0.0,-107605600.0,0.0,0.0,0.0,0.0,0.0,0.0,0.0,0.0,0.0,0.0,0.0,0.0,0.0,0.0,0.0,0.0,0.0,0.0,0.0,0.0,2.004,-2.004,-0.0,-2.004,0.0,0.0,0.0,0.0,5429.0,8608195584.0,6922.0,0.0,-0.0,-107615280.0,-0.0,0.0,0.0,0.0,0.0,63,0.0,-0.0,0.0,0.0,0.0,0.0,0.0,0.0,0.0,0,0,0,0.0,0.0,0.0,0.0,0.0,0.0,0.0,0.0,0.0,0.0,0.0,0.0,0.0,0.0,0.0,0.0,0,-107875648.0,63,0.0,126,2.7184242562605685e+23,-0.0,ERR,ERR,ERR,ERR,ERR,ERR,ERR,ERR,ERR,ERR,ERR,ERR,ERR,ERR,ERR,ERR,ERR,ERR,ERR,ERR,ERR,ERR,ERR,ERR,ERR,ERR,ERR,ERR,ERR,ERR,ERR,ERR,ERR,ERR,ERR,ERR,ERR,ERR,ERR,ERR,ERR,ERR,ERR,ERR,ERR,ERR,ERR,ERR,ERR,ERR,ERR,ERR,ERR,ERR,ERR,ERR,ERR,ERR,ERR,ERR,ERR,ERR,ERR,ERR,ERR,ERR,ERR,34.0,80.0,35,0.0,0.0,0.0,0.0,0.0,0.0,0.0,0.0,0.0,0.0,0.0,0.0,0.0,0.0,0.0,0.0,64.8,0,116,56,49,65476,0,300,0,0,8,20529,65476,0,0,57672,80.0,0.0,0.0,0.0,0.0,0.0
2026-06-17T04:40:48,ERR,ERR,ERR,ERR,ERR,ERR,ERR,ERR,ERR,ERR,ERR,ERR,ERR,ERR,ERR,ERR,ERR,ERR,ERR,ERR,ERR,ERR,ERR,ERR,ERR,ERR,ERR,ERR,ERR,ERR,ERR,ERR,ERR,ERR,ERR,ERR,ERR,ERR,ERR,ERR,ERR,ERR,ERR,ERR,ERR,ERR,ERR,ERR,ERR,ERR,ERR,ERR,ERR,ERR,ERR,ERR,ERR,ERR,ERR,ERR,ERR,ERR,ERR,ERR,ERR,ERR,ERR,ERR,ERR,ERR,ERR,ERR,ERR,ERR,ERR,ERR,ERR,ERR,ERR,ERR,ERR,ERR,ERR,ERR,ERR,ERR,ERR,ERR,ERR,ERR,ERR,ERR,ERR,ERR,ERR,ERR,ERR,ERR,ERR,ERR,ERR,ERR,ERR,ERR,ERR,ERR,ERR,ERR,ERR,ERR,ERR,ERR,ERR,ERR,ERR,ERR,ERR,ERR,ERR,ERR,ERR,ERR,ERR,ERR,ERR,0.0,-0.0,-0.0,0.0,0.0,1.3936040501711995e+18,7.805,0.0,0,0,4,0,7300,-0.0,0,0.0,0.0,0.0,0.0,0.0,0,0,0,0,0.0,0,0,0,0,0,0,0,0,0,0,0,0,0,0,0,0,0,0,0,0,0,0,0,0,0,0,0,0,0,0,0,0,0,32,30,30,62,65476,0,300,0,0,8,21553,0.0,-107605600.0,0.0,0.0,0.0,0.0,0.0,0.0,0.0,0.0,0.0,0.0,0.0,0.0,0.0,0.0,0.0,0.0,0.0,0.0,0.0,0.0,2.004,-2.004,-0.0,-0.0,0.0,0.0,0.0,0.0,5433.0,2.004,6920.0,0.0,-0.0,-107615280.0,-0.0,0.0,0.0,0.0,0.0,63,0.0,-71.63,0.0,0.0,0.0,0.0,0.0,0.0,0.0,0,0,0,0.0,0.0,0.0,0.0,0.0,0.0,0.0,0.0,0.0,0.0,0.0,0.0,0.0,0.0,0.0,0.0,0,-107875648.0,63,0.0,126,2.7184242562605685e+23,-0.0,ERR,ERR,ERR,ERR,ERR,ERR,ERR,ERR,ERR,ERR,ERR,ERR,ERR,ERR,ERR,ERR,ERR,ERR,ERR,ERR,ERR,ERR,ERR,ERR,ERR,ERR,ERR,ERR,ERR,ERR,ERR,ERR,ERR,ERR,ERR,ERR,ERR,ERR,ERR,ERR,ERR,ERR,ERR,ERR,ERR,ERR,ERR,ERR,ERR,ERR,ERR,ERR,ERR,ERR,ERR,ERR,ERR,ERR,ERR,ERR,ERR,ERR,ERR,ERR,ERR,ERR,ERR,34.0,80.0,35,0.0,0.0,0.0,0.0,0.0,0.0,0.0,0.0,0.0,0.0,0.0,0.0,0.0,0.0,0.0,0.0,64.4,0,116,56,49,65476,0,300,0,0,8,20529,65476,0,0,57672,80.0,0.0,0.0,0.0,0.0,0.0
2026-06-17T04:40:49,ERR,ERR,ERR,ERR,ERR,ERR,ERR,ERR,ERR,ERR,ERR,ERR,ERR,ERR,ERR,ERR,ERR,ERR,ERR,ERR,ERR,ERR,ERR,ERR,ERR,ERR,ERR,ERR,ERR,ERR,ERR,ERR,ERR,ERR,ERR,ERR,ERR,ERR,ERR,ERR,ERR,ERR,ERR,ERR,ERR,ERR,ERR,ERR,ERR,ERR,ERR,ERR,ERR,ERR,ERR,ERR,ERR,ERR,ERR,ERR,ERR,ERR,ERR,ERR,ERR,ERR,ERR,ERR,ERR,ERR,ERR,ERR,ERR,ERR,ERR,ERR,ERR,ERR,ERR,ERR,ERR,ERR,ERR,ERR,ERR,ERR,ERR,ERR,ERR,ERR,ERR,ERR,ERR,ERR,ERR,ERR,ERR,ERR,ERR,ERR,ERR,ERR,ERR,ERR,ERR,ERR,ERR,ERR,ERR,ERR,ERR,ERR,ERR,ERR,ERR,ERR,ERR,ERR,ERR,ERR,ERR,ERR,ERR,ERR,ERR,0.0,-0.0,-0.0,0.0,0.0,1.3936040501711995e+18,7.805,0.0,0,0,4,0,7300,-0.0,0,0.0,0.0,0.0,0.0,0.0,0,0,0,0,0.0,0,0,0,0,0,0,0,0,0,0,0,0,0,0,0,0,0,0,0,0,0,0,0,0,0,0,0,0,0,0,0,0,0,32,30,30,62,65476,0,300,0,0,8,21553,0.0,-107605600.0,0.0,0.0,0.0,0.0,0.0,0.0,0.0,0.0,0.0,0.0,0.0,0.0,0.0,0.0,0.0,0.0,0.0,0.0,0.0,0.0,2.004,-2.004,-0.0,-0.0,0.0,0.0,0.0,0.0,5433.0,2.004,6920.0,0.0,-0.0,-107615280.0,-0.0,0.0,0.0,0.0,0.0,63,0.0,-71.63,0.0,0.0,0.0,0.0,0.0,0.0,0.0,0,0,0,0.0,0.0,0.0,0.0,0.0,0.0,0.0,0.0,0.0,0.0,0.0,0.0,0.0,0.0,0.0,0.0,0,-107875648.0,63,0.0,126,2.7184242562605685e+23,-0.0,ERR,ERR,ERR,ERR,ERR,ERR,ERR,ERR,ERR,ERR,ERR,ERR,ERR,ERR,ERR,ERR,ERR,ERR,ERR,ERR,ERR,ERR,ERR,ERR,ERR,ERR,ERR,ERR,ERR,ERR,ERR,ERR,ERR,ERR,ERR,ERR,ERR,ERR,ERR,ERR,ERR,ERR,ERR,ERR,ERR,ERR,ERR,ERR,ERR,ERR,ERR,ERR,ERR,ERR,ERR,ERR,ERR,ERR,ERR,ERR,ERR,ERR,ERR,ERR,ERR,ERR,ERR,34.0,80.0,35,0.0,0.0,0.0,0.0,0.0,0.0,0.0,0.0,0.0,0.0,0.0,0.0,0.0,0.0,0.0,0.0,64.4,0,116,56,49,65476,0,300,0,0,8,20529,65476,0,0,57672,80.0,0.0,0.0,0.0,0.0,0.0
2026-06-17T04:40:50,ERR,ERR,ERR,ERR,ERR,ERR,ERR,ERR,ERR,ERR,ERR,ERR,ERR,ERR,ERR,ERR,ERR,ERR,ERR,ERR,ERR,ERR,ERR,ERR,ERR,ERR,ERR,ERR,ERR,ERR,ERR,ERR,ERR,ERR,ERR,ERR,ERR,ERR,ERR,ERR,ERR,ERR,ERR,ERR,ERR,ERR,ERR,ERR,ERR,ERR,ERR,ERR,ERR,ERR,ERR,ERR,ERR,ERR,ERR,ERR,ERR,ERR,ERR,ERR,ERR,ERR,ERR,ERR,ERR,ERR,ERR,ERR,ERR,ERR,ERR,ERR,ERR,ERR,ERR,ERR,ERR,ERR,ERR,ERR,ERR,ERR,ERR,ERR,ERR,ERR,ERR,ERR,ERR,ERR,ERR,ERR,ERR,ERR,ERR,ERR,ERR,ERR,ERR,ERR,ERR,ERR,ERR,ERR,ERR,ERR,ERR,ERR,ERR,ERR,ERR,ERR,ERR,ERR,ERR,ERR,ERR,ERR,ERR,ERR,ERR,0.0,-0.0,-0.0,0.0,0.0,1.3936040501711995e+18,7.805,0.0,0,0,4,0,7300,-0.0,0,0.0,0.0,0.0,0.0,0.0,0,0,0,0,0.0,0,0,0,0,0,0,0,0,0,0,0,0,0,0,0,0,0,0,0,0,0,0,0,0,0,0,0,0,0,0,0,0,0,32,30,30,62,65476,0,300,0,0,8,21553,0.0,-107605600.0,0.0,0.0,0.0,0.0,0.0,0.0,0.0,0.0,0.0,0.0,0.0,0.0,0.0,0.0,0.0,0.0,0.0,0.0,0.0,0.0,2.004,-2.004,-0.0,-0.0,0.0,0.0,0.0,0.0,5433.0,2.004,6920.0,0.0,-0.0,-107615280.0,-0.0,0.0,0.0,0.0,0.0,63,0.0,-71.63,0.0,0.0,0.0,0.0,0.0,0.0,0.0,0,0,0,0.0,0.0,0.0,0.0,0.0,0.0,0.0,0.0,0.0,0.0,0.0,0.0,0.0,0.0,0.0,0.0,0,-107875648.0,63,0.0,126,2.7184242562605685e+23,-0.0,ERR,ERR,ERR,ERR,ERR,ERR,ERR,ERR,ERR,ERR,ERR,ERR,ERR,ERR,ERR,ERR,ERR,ERR,ERR,ERR,ERR,ERR,ERR,ERR,ERR,ERR,ERR,ERR,ERR,ERR,ERR,ERR,ERR,ERR,ERR,ERR,ERR,ERR,ERR,ERR,ERR,ERR,ERR,ERR,ERR,ERR,ERR,ERR,ERR,ERR,ERR,ERR,ERR,ERR,ERR,ERR,ERR,ERR,ERR,ERR,ERR,ERR,ERR,ERR,ERR,ERR,ERR,34.0,80.0,35,0.0,0.0,0.0,0.0,0.0,0.0,0.0,0.0,0.0,0.0,0.0,0.0,0.0,0.0,0.0,0.0,64.4,0,116,56,49,65476,0,300,0,0,8,20529,65476,0,0,57672,80.0,0.0,0.0,0.0,0.0,0.0
2026-06-17T04:40:51,ERR,ERR,ERR,ERR,ERR,ERR,ERR,ERR,ERR,ERR,ERR,ERR,ERR,ERR,ERR,ERR,ERR,ERR,ERR,ERR,ERR,ERR,ERR,ERR,ERR,ERR,ERR,ERR,ERR,ERR,ERR,ERR,ERR,ERR,ERR,ERR,ERR,ERR,ERR,ERR,ERR,ERR,ERR,ERR,ERR,ERR,ERR,ERR,ERR,ERR,ERR,ERR,ERR,ERR,ERR,ERR,ERR,ERR,ERR,ERR,ERR,ERR,ERR,ERR,ERR,ERR,ERR,ERR,ERR,ERR,ERR,ERR,ERR,ERR,ERR,ERR,ERR,ERR,ERR,ERR,ERR,ERR,ERR,ERR,ERR,ERR,ERR,ERR,ERR,ERR,ERR,ERR,ERR,ERR,ERR,ERR,ERR,ERR,ERR,ERR,ERR,ERR,ERR,ERR,ERR,ERR,ERR,ERR,ERR,ERR,ERR,ERR,ERR,ERR,ERR,ERR,ERR,ERR,ERR,ERR,ERR,ERR,ERR,ERR,ERR,0.0,-0.0,-0.0,0.0,0.0,1.3936040501711995e+18,7.805,0.0,0,0,4,0,7300,-0.0,0,0.0,0.0,0.0,0.0,0.0,0,0,0,0,0.0,0,0,0,0,0,0,0,0,0,0,0,0,0,0,0,0,0,0,0,0,0,0,0,0,0,0,0,0,0,0,0,0,0,32,30,30,62,65476,0,300,0,0,8,21553,0.0,-107605600.0,0.0,0.0,0.0,0.0,0.0,0.0,0.0,0.0,0.0,0.0,0.0,0.0,0.0,0.0,0.0,0.0,0.0,0.0,0.0,0.0,2.004,-2.004,-0.0,-0.0,0.0,0.0,0.0,0.0,5433.0,2.004,6920.0,0.0,-0.0,-107615280.0,-0.0,0.0,0.0,0.0,0.0,63,0.0,-71.63,0.0,0.0,0.0,0.0,0.0,0.0,0.0,0,0,0,0.0,0.0,0.0,0.0,0.0,0.0,0.0,0.0,0.0,0.0,0.0,0.0,0.0,0.0,0.0,0.0,0,-107875648.0,63,0.0,126,2.7184242562605685e+23,-0.0,ERR,ERR,ERR,ERR,ERR,ERR,ERR,ERR,ERR,ERR,ERR,ERR,ERR,ERR,ERR,ERR,ERR,ERR,ERR,ERR,ERR,ERR,ERR,ERR,ERR,ERR,ERR,ERR,ERR,ERR,ERR,ERR,ERR,ERR,ERR,ERR,ERR,ERR,ERR,ERR,ERR,ERR,ERR,ERR,ERR,ERR,ERR,ERR,ERR,ERR,ERR,ERR,ERR,ERR,ERR,ERR,ERR,ERR,ERR,ERR,ERR,ERR,ERR,ERR,ERR,ERR,ERR,34.0,80.0,35,0.0,0.0,0.0,0.0,0.0,0.0,0.0,0.0,0.0,0.0,0.0,0.0,0.0,0.0,0.0,0.0,64.4,0,116,56,49,65476,0,300,0,0,8,20529,65476,0,0,57672,80.0,0.0,0.0,0.0,0.0,0.0
2026-06-17T04:40:52,ERR,ERR,ERR,ERR,ERR,ERR,ERR,ERR,ERR,ERR,ERR,ERR,ERR,ERR,ERR,ERR,ERR,ERR,ERR,ERR,ERR,ERR,ERR,ERR,ERR,ERR,ERR,ERR,ERR,ERR,ERR,ERR,ERR,ERR,ERR,ERR,ERR,ERR,ERR,ERR,ERR,ERR,ERR,ERR,ERR,ERR,ERR,ERR,ERR,ERR,ERR,ERR,ERR,ERR,ERR,ERR,ERR,ERR,ERR,ERR,ERR,ERR,ERR,ERR,ERR,ERR,ERR,ERR,ERR,ERR,ERR,ERR,ERR,ERR,ERR,ERR,ERR,ERR,ERR,ERR,ERR,ERR,ERR,ERR,ERR,ERR,ERR,ERR,ERR,ERR,ERR,ERR,ERR,ERR,ERR,ERR,ERR,ERR,ERR,ERR,ERR,ERR,ERR,ERR,ERR,ERR,ERR,ERR,ERR,ERR,ERR,ERR,ERR,ERR,ERR,ERR,ERR,ERR,ERR,ERR,ERR,ERR,ERR,ERR,ERR,0.0,-0.0,-0.0,0.0,0.0,1.3936040501711995e+18,7.805,0.0,0,0,4,0,7300,-0.0,0,0.0,0.0,0.0,0.0,0.0,0,0,0,0,0.0,0,0,0,0,0,0,0,0,0,0,0,0,0,0,0,0,0,0,0,0,0,0,0,0,0,0,0,0,0,0,0,0,0,32,30,30,62,65476,0,300,0,0,8,21553,0.0,-107605600.0,0.0,0.0,0.0,0.0,0.0,0.0,0.0,0.0,0.0,0.0,0.0,0.0,0.0,0.0,0.0,0.0,0.0,0.0,0.0,0.0,2.004,-2.004,-0.0,-0.0,0.0,0.0,0.0,0.0,5433.0,2.004,6920.0,0.0,-0.0,-107615280.0,-0.0,0.0,0.0,0.0,0.0,63,0.0,-71.63,0.0,0.0,0.0,0.0,0.0,0.0,0.0,0,0,0,0.0,0.0,0.0,0.0,0.0,0.0,0.0,0.0,0.0,0.0,0.0,0.0,0.0,0.0,0.0,0.0,0,-107875648.0,63,0.0,126,2.7184242562605685e+23,-0.0,ERR,ERR,ERR,ERR,ERR,ERR,ERR,ERR,ERR,ERR,ERR,ERR,ERR,ERR,ERR,ERR,ERR,ERR,ERR,ERR,ERR,ERR,ERR,ERR,ERR,ERR,ERR,ERR,ERR,ERR,ERR,ERR,ERR,ERR,ERR,ERR,ERR,ERR,ERR,ERR,ERR,ERR,ERR,ERR,ERR,ERR,ERR,ERR,ERR,ERR,ERR,ERR,ERR,ERR,ERR,ERR,ERR,ERR,ERR,ERR,ERR,ERR,ERR,ERR,ERR,ERR,ERR,34.0,80.0,35,0.0,0.0,0.0,0.0,0.0,0.0,0.0,0.0,0.0,0.0,0.0,0.0,0.0,0.0,0.0,0.0,64.8,0,116,56,49,65476,0,300,0,0,8,20529,65476,0,0,57672,80.0,0.0,0.0,0.0,0.0,0.0
2026-06-17T04:40:53,ERR,ERR,ERR,ERR,ERR,ERR,ERR,ERR,ERR,ERR,ERR,ERR,ERR,ERR,ERR,ERR,ERR,ERR,ERR,ERR,ERR,ERR,ERR,ERR,ERR,ERR,ERR,ERR,ERR,ERR,ERR,ERR,ERR,ERR,ERR,ERR,ERR,ERR,ERR,ERR,ERR,ERR,ERR,ERR,ERR,ERR,ERR,ERR,ERR,ERR,ERR,ERR,ERR,ERR,ERR,ERR,ERR,ERR,ERR,ERR,ERR,ERR,ERR,ERR,ERR,ERR,ERR,ERR,ERR,ERR,ERR,ERR,ERR,ERR,ERR,ERR,ERR,ERR,ERR,ERR,ERR,ERR,ERR,ERR,ERR,ERR,ERR,ERR,ERR,ERR,ERR,ERR,ERR,ERR,ERR,ERR,ERR,ERR,ERR,ERR,ERR,ERR,ERR,ERR,ERR,ERR,ERR,ERR,ERR,ERR,ERR,ERR,ERR,ERR,ERR,ERR,ERR,ERR,ERR,ERR,ERR,ERR,ERR,ERR,ERR,0.0,-0.0,3.028208139652935e+23,0.0,0.0,1.3936040501711995e+18,7.805,0.0,0,0,4,0,7300,-0.0,0,0.0,0.0,0.0,0.0,0.0,0,0,0,0,0.0,0,0,0,0,0,0,0,0,0,0,0,0,0,0,0,0,0,0,0,0,0,0,0,0,0,0,0,0,0,0,0,0,0,32,30,30,62,65476,0,300,0,0,8,21553,0.0,-107605600.0,0.0,0.0,0.0,0.0,0.0,0.0,0.0,0.0,0.0,0.0,0.0,0.0,0.0,0.0,0.0,0.0,0.0,0.0,0.0,0.0,-0.0,-2.004,-0.0,-2.004,0.0,0.0,0.0,0.0,5435.0,564146705793024.0,6923.0,0.0,-0.0,-0.0,-0.0,0.0,0.0,0.0,0.0,63,0.0,-71.63,0.0,0.0,0.0,0.0,0.0,0.0,0.0,0,0,0,0.0,0.0,0.0,0.0,0.0,0.0,0.0,0.0,0.0,0.0,0.0,0.0,0.0,0.0,0.0,0.0,0,-107875648.0,63,0.0,126,2.7184242562605685e+23,-0.0,ERR,ERR,ERR,ERR,ERR,ERR,ERR,ERR,ERR,ERR,ERR,ERR,ERR,ERR,ERR,ERR,ERR,ERR,ERR,ERR,ERR,ERR,ERR,ERR,ERR,ERR,ERR,ERR,ERR,ERR,ERR,ERR,ERR,ERR,ERR,ERR,ERR,ERR,ERR,ERR,ERR,ERR,ERR,ERR,ERR,ERR,ERR,ERR,ERR,ERR,ERR,ERR,ERR,ERR,ERR,ERR,ERR,ERR,ERR,ERR,ERR,ERR,ERR,ERR,ERR,ERR,ERR,34.0,80.0,35,0.0,0.0,0.0,0.0,0.0,0.0,0.0,0.0,0.0,0.0,0.0,0.0,0.0,0.0,0.0,0.0,64.8,0,116,56,49,65476,0,300,0,0,8,20529,65476,0,0,57672,80.0,0.0,0.0,0.0,0.0,0.0
2026-06-17T04:40:54,ERR,ERR,ERR,ERR,ERR,ERR,ERR,ERR,ERR,ERR,ERR,ERR,ERR,ERR,ERR,ERR,ERR,ERR,ERR,ERR,ERR,ERR,ERR,ERR,ERR,ERR,ERR,ERR,ERR,ERR,ERR,ERR,ERR,ERR,ERR,ERR,ERR,ERR,ERR,ERR,ERR,ERR,ERR,ERR,ERR,ERR,ERR,ERR,ERR,ERR,ERR,ERR,ERR,ERR,ERR,ERR,ERR,ERR,ERR,ERR,ERR,ERR,ERR,ERR,ERR,ERR,ERR,ERR,ERR,ERR,ERR,ERR,ERR,ERR,ERR,ERR,ERR,ERR,ERR,ERR,ERR,ERR,ERR,ERR,ERR,ERR,ERR,ERR,ERR,ERR,ERR,ERR,ERR,ERR,ERR,ERR,ERR,ERR,ERR,ERR,ERR,ERR,ERR,ERR,ERR,ERR,ERR,ERR,ERR,ERR,ERR,ERR,ERR,ERR,ERR,ERR,ERR,ERR,ERR,ERR,ERR,ERR,ERR,ERR,ERR,0.0,-0.0,3.028208139652935e+23,0.0,0.0,1.3936040501711995e+18,7.805,0.0,0,0,4,0,7300,-0.0,0,0.0,0.0,0.0,0.0,0.0,0,0,0,0,0.0,0,0,0,0,0,0,0,0,0,0,0,0,0,0,0,0,0,0,0,0,0,0,0,0,0,0,0,0,0,0,0,0,0,32,30,30,62,65476,0,300,0,0,8,21553,0.0,-107605600.0,0.0,0.0,0.0,0.0,0.0,0.0,0.0,0.0,0.0,0.0,0.0,0.0,0.0,0.0,0.0,0.0,0.0,0.0,0.0,0.0,-0.0,-2.004,-0.0,-2.004,0.0,0.0,0.0,0.0,5435.0,564146705793024.0,6923.0,0.0,-0.0,-0.0,-0.0,0.0,0.0,0.0,0.0,63,0.0,-71.63,0.0,0.0,0.0,0.0,0.0,0.0,0.0,0,0,0,0.0,0.0,0.0,0.0,0.0,0.0,0.0,0.0,0.0,0.0,0.0,0.0,0.0,0.0,0.0,0.0,0,-107875648.0,63,0.0,126,2.7184242562605685e+23,-0.0,ERR,ERR,ERR,ERR,ERR,ERR,ERR,ERR,ERR,ERR,ERR,ERR,ERR,ERR,ERR,ERR,ERR,ERR,ERR,ERR,ERR,ERR,ERR,ERR,ERR,ERR,ERR,ERR,ERR,ERR,ERR,ERR,ERR,ERR,ERR,ERR,ERR,ERR,ERR,ERR,ERR,ERR,ERR,ERR,ERR,ERR,ERR,ERR,ERR,ERR,ERR,ERR,ERR,ERR,ERR,ERR,ERR,ERR,ERR,ERR,ERR,ERR,ERR,ERR,ERR,ERR,ERR,34.0,80.0,35,0.0,0.0,0.0,0.0,0.0,0.0,0.0,0.0,0.0,0.0,0.0,0.0,0.0,0.0,0.0,0.0,64.4,0,116,56,49,65476,0,300,0,0,8,20529,65476,0,0,57672,80.0,0.0,0.0,0.0,0.0,0.0
2026-06-17T04:40:55,ERR,ERR,ERR,ERR,ERR,ERR,ERR,ERR,ERR,ERR,ERR,ERR,ERR,ERR,ERR,ERR,ERR,ERR,ERR,ERR,ERR,ERR,ERR,ERR,ERR,ERR,ERR,ERR,ERR,ERR,ERR,ERR,ERR,ERR,ERR,ERR,ERR,ERR,ERR,ERR,ERR,ERR,ERR,ERR,ERR,ERR,ERR,ERR,ERR,ERR,ERR,ERR,ERR,ERR,ERR,ERR,ERR,ERR,ERR,ERR,ERR,ERR,ERR,ERR,ERR,ERR,ERR,ERR,ERR,ERR,ERR,ERR,ERR,ERR,ERR,ERR,ERR,ERR,ERR,ERR,ERR,ERR,ERR,ERR,ERR,ERR,ERR,ERR,ERR,ERR,ERR,ERR,ERR,ERR,ERR,ERR,ERR,ERR,ERR,ERR,ERR,ERR,ERR,ERR,ERR,ERR,ERR,ERR,ERR,ERR,ERR,ERR,ERR,ERR,ERR,ERR,ERR,ERR,ERR,ERR,ERR,ERR,ERR,ERR,ERR,0.0,-0.0,3.028208139652935e+23,0.0,0.0,1.3936040501711995e+18,7.805,0.0,0,0,4,0,7300,-0.0,0,0.0,0.0,0.0,0.0,0.0,0,0,0,0,0.0,0,0,0,0,0,0,0,0,0,0,0,0,0,0,0,0,0,0,0,0,0,0,0,0,0,0,0,0,0,0,0,0,0,32,30,30,62,65476,0,300,0,0,8,21553,0.0,-107605600.0,0.0,0.0,0.0,0.0,0.0,0.0,0.0,0.0,0.0,0.0,0.0,0.0,0.0,0.0,0.0,0.0,0.0,0.0,0.0,0.0,-0.0,-2.004,-0.0,-2.004,0.0,0.0,0.0,0.0,5435.0,564146705793024.0,6923.0,0.0,-0.0,-0.0,-0.0,0.0,0.0,0.0,0.0,63,0.0,-71.63,0.0,0.0,0.0,0.0,0.0,0.0,0.0,0,0,0,0.0,0.0,0.0,0.0,0.0,0.0,0.0,0.0,0.0,0.0,0.0,0.0,0.0,0.0,0.0,0.0,0,-107875648.0,63,0.0,126,2.7184242562605685e+23,-0.0,ERR,ERR,ERR,ERR,ERR,ERR,ERR,ERR,ERR,ERR,ERR,ERR,ERR,ERR,ERR,ERR,ERR,ERR,ERR,ERR,ERR,ERR,ERR,ERR,ERR,ERR,ERR,ERR,ERR,ERR,ERR,ERR,ERR,ERR,ERR,ERR,ERR,ERR,ERR,ERR,ERR,ERR,ERR,ERR,ERR,ERR,ERR,ERR,ERR,ERR,ERR,ERR,ERR,ERR,ERR,ERR,ERR,ERR,ERR,ERR,ERR,ERR,ERR,ERR,ERR,ERR,ERR,34.0,80.0,35,0.0,0.0,0.0,0.0,0.0,0.0,0.0,0.0,0.0,0.0,0.0,0.0,0.0,0.0,0.0,0.0,64.4,0,116,56,49,65476,0,300,0,0,8,20529,65476,0,0,57672,80.0,0.0,0.0,0.0,0.0,0.0
2026-06-17T04:40:56,ERR,ERR,ERR,ERR,ERR,ERR,ERR,ERR,ERR,ERR,ERR,ERR,ERR,ERR,ERR,ERR,ERR,ERR,ERR,ERR,ERR,ERR,ERR,ERR,ERR,ERR,ERR,ERR,ERR,ERR,ERR,ERR,ERR,ERR,ERR,ERR,ERR,ERR,ERR,ERR,ERR,ERR,ERR,ERR,ERR,ERR,ERR,ERR,ERR,ERR,ERR,ERR,ERR,ERR,ERR,ERR,ERR,ERR,ERR,ERR,ERR,ERR,ERR,ERR,ERR,ERR,ERR,ERR,ERR,ERR,ERR,ERR,ERR,ERR,ERR,ERR,ERR,ERR,ERR,ERR,ERR,ERR,ERR,ERR,ERR,ERR,ERR,ERR,ERR,ERR,ERR,ERR,ERR,ERR,ERR,ERR,ERR,ERR,ERR,ERR,ERR,ERR,ERR,ERR,ERR,ERR,ERR,ERR,ERR,ERR,ERR,ERR,ERR,ERR,ERR,ERR,ERR,ERR,ERR,ERR,ERR,ERR,ERR,ERR,ERR,0.0,-0.0,3.028208139652935e+23,0.0,0.0,1.3936040501711995e+18,7.805,0.0,0,0,4,0,7300,-0.0,0,0.0,0.0,0.0,0.0,0.0,0,0,0,0,0.0,0,0,0,0,0,0,0,0,0,0,0,0,0,0,0,0,0,0,0,0,0,0,0,0,0,0,0,0,0,0,0,0,0,32,30,30,62,65476,0,300,0,0,8,21553,0.0,-107605600.0,0.0,0.0,0.0,0.0,0.0,0.0,0.0,0.0,0.0,0.0,0.0,0.0,0.0,0.0,0.0,0.0,0.0,0.0,0.0,0.0,-0.0,-2.004,-0.0,-2.004,0.0,0.0,0.0,0.0,5435.0,564146705793024.0,6923.0,0.0,-0.0,-0.0,-0.0,0.0,0.0,0.0,0.0,63,0.0,-71.63,0.0,0.0,0.0,0.0,0.0,0.0,0.0,0,0,0,0.0,0.0,0.0,0.0,0.0,0.0,0.0,0.0,0.0,0.0,0.0,0.0,0.0,0.0,0.0,0.0,0,-107875648.0,63,0.0,126,2.7184242562605685e+23,-0.0,ERR,ERR,ERR,ERR,ERR,ERR,ERR,ERR,ERR,ERR,ERR,ERR,ERR,ERR,ERR,ERR,ERR,ERR,ERR,ERR,ERR,ERR,ERR,ERR,ERR,ERR,ERR,ERR,ERR,ERR,ERR,ERR,ERR,ERR,ERR,ERR,ERR,ERR,ERR,ERR,ERR,ERR,ERR,ERR,ERR,ERR,ERR,ERR,ERR,ERR,ERR,ERR,ERR,ERR,ERR,ERR,ERR,ERR,ERR,ERR,ERR,ERR,ERR,ERR,ERR,ERR,ERR,34.0,80.0,35,0.0,0.0,0.0,0.0,0.0,0.0,0.0,0.0,0.0,0.0,0.0,0.0,0.0,0.0,0.0,0.0,64.8,0,116,56,49,65476,0,300,0,0,8,20529,65476,0,0,57672,80.0,0.0,0.0,0.0,0.0,0.0
2026-06-17T04:40:57,ERR,ERR,ERR,ERR,ERR,ERR,ERR,ERR,ERR,ERR,ERR,ERR,ERR,ERR,ERR,ERR,ERR,ERR,ERR,ERR,ERR,ERR,ERR,ERR,ERR,ERR,ERR,ERR,ERR,ERR,ERR,ERR,ERR,ERR,ERR,ERR,ERR,ERR,ERR,ERR,ERR,ERR,ERR,ERR,ERR,ERR,ERR,ERR,ERR,ERR,ERR,ERR,ERR,ERR,ERR,ERR,ERR,ERR,ERR,ERR,ERR,ERR,ERR,ERR,ERR,ERR,ERR,ERR,ERR,ERR,ERR,ERR,ERR,ERR,ERR,ERR,ERR,ERR,ERR,ERR,ERR,ERR,ERR,ERR,ERR,ERR,ERR,ERR,ERR,ERR,ERR,ERR,ERR,ERR,ERR,ERR,ERR,ERR,ERR,ERR,ERR,ERR,ERR,ERR,ERR,ERR,ERR,ERR,ERR,ERR,ERR,ERR,ERR,ERR,ERR,ERR,ERR,ERR,ERR,ERR,ERR,ERR,ERR,ERR,ERR,0.0,-0.0,3.028208139652935e+23,0.0,0.0,1.3936040501711995e+18,7.805,0.0,0,0,4,0,7300,-0.0,0,0.0,0.0,0.0,0.0,0.0,0,0,0,0,0.0,0,0,0,0,0,0,0,0,0,0,0,0,0,0,0,0,0,0,0,0,0,0,0,0,0,0,0,0,0,0,0,0,0,32,30,30,62,65476,0,300,0,0,8,21553,0.0,-107605600.0,0.0,0.0,0.0,0.0,0.0,0.0,0.0,0.0,0.0,0.0,0.0,0.0,0.0,0.0,0.0,0.0,0.0,0.0,0.0,0.0,-0.0,-2.004,-0.0,-2.004,0.0,0.0,0.0,0.0,5435.0,564146705793024.0,6923.0,0.0,-0.0,-0.0,-0.0,0.0,0.0,0.0,0.0,63,0.0,-71.63,0.0,0.0,0.0,0.0,0.0,0.0,0.0,0,0,0,0.0,0.0,0.0,0.0,0.0,0.0,0.0,0.0,0.0,0.0,0.0,0.0,0.0,0.0,0.0,0.0,0,-107875648.0,63,0.0,126,2.7184242562605685e+23,-0.0,ERR,ERR,ERR,ERR,ERR,ERR,ERR,ERR,ERR,ERR,ERR,ERR,ERR,ERR,ERR,ERR,ERR,ERR,ERR,ERR,ERR,ERR,ERR,ERR,ERR,ERR,ERR,ERR,ERR,ERR,ERR,ERR,ERR,ERR,ERR,ERR,ERR,ERR,ERR,ERR,ERR,ERR,ERR,ERR,ERR,ERR,ERR,ERR,ERR,ERR,ERR,ERR,ERR,ERR,ERR,ERR,ERR,ERR,ERR,ERR,ERR,ERR,ERR,ERR,ERR,ERR,ERR,34.0,80.0,35,0.0,0.0,0.0,0.0,0.0,0.0,0.0,0.0,0.0,0.0,0.0,0.0,0.0,0.0,0.0,0.0,64.4,0,116,56,49,65476,0,300,0,0,8,20529,65476,0,0,57672,80.0,0.0,0.0,0.0,0.0,0.0
2026-06-17T04:40:58,ERR,ERR,ERR,ERR,ERR,ERR,ERR,ERR,ERR,ERR,ERR,ERR,ERR,ERR,ERR,ERR,ERR,ERR,ERR,ERR,ERR,ERR,ERR,ERR,ERR,ERR,ERR,ERR,ERR,ERR,ERR,ERR,ERR,ERR,ERR,ERR,ERR,ERR,ERR,ERR,ERR,ERR,ERR,ERR,ERR,ERR,ERR,ERR,ERR,ERR,ERR,ERR,ERR,ERR,ERR,ERR,ERR,ERR,ERR,ERR,ERR,ERR,ERR,ERR,ERR,ERR,ERR,ERR,ERR,ERR,ERR,ERR,ERR,ERR,ERR,ERR,ERR,ERR,ERR,ERR,ERR,ERR,ERR,ERR,ERR,ERR,ERR,ERR,ERR,ERR,ERR,ERR,ERR,ERR,ERR,ERR,ERR,ERR,ERR,ERR,ERR,ERR,ERR,ERR,ERR,ERR,ERR,ERR,ERR,ERR,ERR,ERR,ERR,ERR,ERR,ERR,ERR,ERR,ERR,ERR,ERR,ERR,ERR,ERR,ERR,0.0,-0.0,3.028208139652935e+23,0.0,0.0,1.3936040501711995e+18,7.805,0.0,0,0,4,0,7300,-0.0,0,0.0,0.0,0.0,0.0,0.0,0,0,0,0,0.0,0,0,0,0,0,0,0,0,0,0,0,0,0,0,0,0,0,0,0,0,0,0,0,0,0,0,0,0,0,0,0,0,0,32,30,30,62,65476,0,300,0,0,8,21553,0.0,-107605600.0,0.0,0.0,0.0,0.0,0.0,0.0,0.0,0.0,0.0,0.0,0.0,0.0,0.0,0.0,0.0,0.0,0.0,0.0,0.0,0.0,2.004,-2.004,-0.0,-2.004,0.0,0.0,0.0,0.0,5434.0,131350.641,6921.0,0.0,-0.0,-107615280.0,-0.0,0.0,0.0,0.0,0.0,63,0.0,-0.0,0.0,0.0,0.0,0.0,0.0,0.0,0.0,0,0,0,0.0,0.0,0.0,0.0,0.0,0.0,0.0,0.0,0.0,0.0,0.0,0.0,0.0,0.0,0.0,0.0,0,-107875648.0,63,0.0,126,2.7184242562605685e+23,-0.0,ERR,ERR,ERR,ERR,ERR,ERR,ERR,ERR,ERR,ERR,ERR,ERR,ERR,ERR,ERR,ERR,ERR,ERR,ERR,ERR,ERR,ERR,ERR,ERR,ERR,ERR,ERR,ERR,ERR,ERR,ERR,ERR,ERR,ERR,ERR,ERR,ERR,ERR,ERR,ERR,ERR,ERR,ERR,ERR,ERR,ERR,ERR,ERR,ERR,ERR,ERR,ERR,ERR,ERR,ERR,ERR,ERR,ERR,ERR,ERR,ERR,ERR,ERR,ERR,ERR,ERR,ERR,34.0,80.0,35,0.0,0.0,0.0,0.0,0.0,0.0,0.0,0.0,0.0,0.0,0.0,0.0,0.0,0.0,0.0,0.0,64.4,0,116,56,49,65476,0,300,0,0,8,20529,65476,0,0,57672,80.0,0.0,0.0,0.0,0.0,0.0
2026-06-17T04:40:59,ERR,ERR,ERR,ERR,ERR,ERR,ERR,ERR,ERR,ERR,ERR,ERR,ERR,ERR,ERR,ERR,ERR,ERR,ERR,ERR,ERR,ERR,ERR,ERR,ERR,ERR,ERR,ERR,ERR,ERR,ERR,ERR,ERR,ERR,ERR,ERR,ERR,ERR,ERR,ERR,ERR,ERR,ERR,ERR,ERR,ERR,ERR,ERR,ERR,ERR,ERR,ERR,ERR,ERR,ERR,ERR,ERR,ERR,ERR,ERR,ERR,ERR,ERR,ERR,ERR,ERR,ERR,ERR,ERR,ERR,ERR,ERR,ERR,ERR,ERR,ERR,ERR,ERR,ERR,ERR,ERR,ERR,ERR,ERR,ERR,ERR,ERR,ERR,ERR,ERR,ERR,ERR,ERR,ERR,ERR,ERR,ERR,ERR,ERR,ERR,ERR,ERR,ERR,ERR,ERR,ERR,ERR,ERR,ERR,ERR,ERR,ERR,ERR,ERR,ERR,ERR,ERR,ERR,ERR,ERR,ERR,ERR,ERR,ERR,ERR,0.0,-0.0,3.028208139652935e+23,0.0,0.0,1.3936040501711995e+18,7.805,0.0,0,0,4,0,7300,-0.0,0,0.0,0.0,0.0,0.0,0.0,0,0,0,0,0.0,0,0,0,0,0,0,0,0,0,0,0,0,0,0,0,0,0,0,0,0,0,0,0,0,0,0,0,0,0,0,0,0,0,32,30,30,62,65476,0,300,0,0,8,21553,0.0,-107605600.0,0.0,0.0,0.0,0.0,0.0,0.0,0.0,0.0,0.0,0.0,0.0,0.0,0.0,0.0,0.0,0.0,0.0,0.0,0.0,0.0,2.004,-2.004,-0.0,-2.004,0.0,0.0,0.0,0.0,5434.0,131350.641,6921.0,0.0,-0.0,-107615280.0,-0.0,0.0,0.0,0.0,0.0,63,0.0,-0.0,0.0,0.0,0.0,0.0,0.0,0.0,0.0,0,0,0,0.0,0.0,0.0,0.0,0.0,0.0,0.0,0.0,0.0,0.0,0.0,0.0,0.0,0.0,0.0,0.0,0,-107875648.0,63,0.0,126,2.7184242562605685e+23,-0.0,ERR,ERR,ERR,ERR,ERR,ERR,ERR,ERR,ERR,ERR,ERR,ERR,ERR,ERR,ERR,ERR,ERR,ERR,ERR,ERR,ERR,ERR,ERR,ERR,ERR,ERR,ERR,ERR,ERR,ERR,ERR,ERR,ERR,ERR,ERR,ERR,ERR,ERR,ERR,ERR,ERR,ERR,ERR,ERR,ERR,ERR,ERR,ERR,ERR,ERR,ERR,ERR,ERR,ERR,ERR,ERR,ERR,ERR,ERR,ERR,ERR,ERR,ERR,ERR,ERR,ERR,ERR,34.0,80.0,35,0.0,0.0,0.0,0.0,0.0,0.0,0.0,0.0,0.0,0.0,0.0,0.0,0.0,0.0,0.0,0.0,64.4,0,116,56,49,65476,0,300,0,0,8,20529,65476,0,0,57672,80.0,0.0,0.0,0.0,0.0,0.0
2026-06-17T04:41:00,ERR,ERR,ERR,ERR,ERR,ERR,ERR,ERR,ERR,ERR,ERR,ERR,ERR,ERR,ERR,ERR,ERR,ERR,ERR,ERR,ERR,ERR,ERR,ERR,ERR,ERR,ERR,ERR,ERR,ERR,ERR,ERR,ERR,ERR,ERR,ERR,ERR,ERR,ERR,ERR,ERR,ERR,ERR,ERR,ERR,ERR,ERR,ERR,ERR,ERR,ERR,ERR,ERR,ERR,ERR,ERR,ERR,ERR,ERR,ERR,ERR,ERR,ERR,ERR,ERR,ERR,ERR,ERR,ERR,ERR,ERR,ERR,ERR,ERR,ERR,ERR,ERR,ERR,ERR,ERR,ERR,ERR,ERR,ERR,ERR,ERR,ERR,ERR,ERR,ERR,ERR,ERR,ERR,ERR,ERR,ERR,ERR,ERR,ERR,ERR,ERR,ERR,ERR,ERR,ERR,ERR,ERR,ERR,ERR,ERR,ERR,ERR,ERR,ERR,ERR,ERR,ERR,ERR,ERR,ERR,ERR,ERR,ERR,ERR,ERR,0.0,-0.0,3.028208139652935e+23,0.0,0.0,1.3936040501711995e+18,7.805,0.0,0,0,4,0,7300,-0.0,0,0.0,0.0,0.0,0.0,0.0,0,0,0,0,0.0,0,0,0,0,0,0,0,0,0,0,0,0,0,0,0,0,0,0,0,0,0,0,0,0,0,0,0,0,0,0,0,0,0,32,30,30,62,65476,0,300,0,0,8,21553,0.0,-107605600.0,0.0,0.0,0.0,0.0,0.0,0.0,0.0,0.0,0.0,0.0,0.0,0.0,0.0,0.0,0.0,0.0,0.0,0.0,0.0,0.0,2.004,-2.004,-0.0,-2.004,0.0,0.0,0.0,0.0,5434.0,131350.641,6921.0,0.0,-0.0,-107615280.0,-0.0,0.0,0.0,0.0,0.0,63,0.0,-0.0,0.0,0.0,0.0,0.0,0.0,0.0,0.0,0,0,0,0.0,0.0,0.0,0.0,0.0,0.0,0.0,0.0,0.0,0.0,0.0,0.0,0.0,0.0,0.0,0.0,0,-107875648.0,63,0.0,126,2.7184242562605685e+23,-0.0,ERR,ERR,ERR,ERR,ERR,ERR,ERR,ERR,ERR,ERR,ERR,ERR,ERR,ERR,ERR,ERR,ERR,ERR,ERR,ERR,ERR,ERR,ERR,ERR,ERR,ERR,ERR,ERR,ERR,ERR,ERR,ERR,ERR,ERR,ERR,ERR,ERR,ERR,ERR,ERR,ERR,ERR,ERR,ERR,ERR,ERR,ERR,ERR,ERR,ERR,ERR,ERR,ERR,ERR,ERR,ERR,ERR,ERR,ERR,ERR,ERR,ERR,ERR,ERR,ERR,ERR,ERR,34.0,80.0,35,0.0,0.0,0.0,0.0,0.0,0.0,0.0,0.0,0.0,0.0,0.0,0.0,0.0,0.0,0.0,0.0,64.4,0,116,56,49,65476,0,300,0,0,8,20529,65476,0,0,57672,80.0,0.0,0.0,0.0,0.0,0.0
2026-06-17T04:41:01,ERR,ERR,ERR,ERR,ERR,ERR,ERR,ERR,ERR,ERR,ERR,ERR,ERR,ERR,ERR,ERR,ERR,ERR,ERR,ERR,ERR,ERR,ERR,ERR,ERR,ERR,ERR,ERR,ERR,ERR,ERR,ERR,ERR,ERR,ERR,ERR,ERR,ERR,ERR,ERR,ERR,ERR,ERR,ERR,ERR,ERR,ERR,ERR,ERR,ERR,ERR,ERR,ERR,ERR,ERR,ERR,ERR,ERR,ERR,ERR,ERR,ERR,ERR,ERR,ERR,ERR,ERR,ERR,ERR,ERR,ERR,ERR,ERR,ERR,ERR,ERR,ERR,ERR,ERR,ERR,ERR,ERR,ERR,ERR,ERR,ERR,ERR,ERR,ERR,ERR,ERR,ERR,ERR,ERR,ERR,ERR,ERR,ERR,ERR,ERR,ERR,ERR,ERR,ERR,ERR,ERR,ERR,ERR,ERR,ERR,ERR,ERR,ERR,ERR,ERR,ERR,ERR,ERR,ERR,ERR,ERR,ERR,ERR,ERR,ERR,0.0,-0.0,3.028208139652935e+23,0.0,0.0,1.3936040501711995e+18,7.805,0.0,0,0,4,0,7300,-0.0,0,0.0,0.0,0.0,0.0,0.0,0,0,0,0,0.0,0,0,0,0,0,0,0,0,0,0,0,0,0,0,0,0,0,0,0,0,0,0,0,0,0,0,0,0,0,0,0,0,0,32,30,30,62,65476,0,300,0,0,8,21553,0.0,-107605600.0,0.0,0.0,0.0,0.0,0.0,0.0,0.0,0.0,0.0,0.0,0.0,0.0,0.0,0.0,0.0,0.0,0.0,0.0,0.0,0.0,2.004,-2.004,-0.0,-2.004,0.0,0.0,0.0,0.0,5434.0,131350.641,6921.0,0.0,-0.0,-107615280.0,-0.0,0.0,0.0,0.0,0.0,63,0.0,-0.0,0.0,0.0,0.0,0.0,0.0,0.0,0.0,0,0,0,0.0,0.0,0.0,0.0,0.0,0.0,0.0,0.0,0.0,0.0,0.0,0.0,0.0,0.0,0.0,0.0,0,-107875648.0,63,0.0,126,2.7184242562605685e+23,-0.0,ERR,ERR,ERR,ERR,ERR,ERR,ERR,ERR,ERR,ERR,ERR,ERR,ERR,ERR,ERR,ERR,ERR,ERR,ERR,ERR,ERR,ERR,ERR,ERR,ERR,ERR,ERR,ERR,ERR,ERR,ERR,ERR,ERR,ERR,ERR,ERR,ERR,ERR,ERR,ERR,ERR,ERR,ERR,ERR,ERR,ERR,ERR,ERR,ERR,ERR,ERR,ERR,ERR,ERR,ERR,ERR,ERR,ERR,ERR,ERR,ERR,ERR,ERR,ERR,ERR,ERR,ERR,34.0,80.0,35,0.0,0.0,0.0,0.0,0.0,0.0,0.0,0.0,0.0,0.0,0.0,0.0,0.0,0.0,0.0,0.0,64.4,0,116,56,49,65476,0,300,0,0,8,20529,65476,0,0,57672,80.0,0.0,0.0,0.0,0.0,0.0
2026-06-17T04:41:02,ERR,ERR,ERR,ERR,ERR,ERR,ERR,ERR,ERR,ERR,ERR,ERR,ERR,ERR,ERR,ERR,ERR,ERR,ERR,ERR,ERR,ERR,ERR,ERR,ERR,ERR,ERR,ERR,ERR,ERR,ERR,ERR,ERR,ERR,ERR,ERR,ERR,ERR,ERR,ERR,ERR,ERR,ERR,ERR,ERR,ERR,ERR,ERR,ERR,ERR,ERR,ERR,ERR,ERR,ERR,ERR,ERR,ERR,ERR,ERR,ERR,ERR,ERR,ERR,ERR,ERR,ERR,ERR,ERR,ERR,ERR,ERR,ERR,ERR,ERR,ERR,ERR,ERR,ERR,ERR,ERR,ERR,ERR,ERR,ERR,ERR,ERR,ERR,ERR,ERR,ERR,ERR,ERR,ERR,ERR,ERR,ERR,ERR,ERR,ERR,ERR,ERR,ERR,ERR,ERR,ERR,ERR,ERR,ERR,ERR,ERR,ERR,ERR,ERR,ERR,ERR,ERR,ERR,ERR,ERR,ERR,ERR,ERR,ERR,ERR,0.0,-0.0,3.028208139652935e+23,0.0,0.0,1.3936040501711995e+18,7.805,0.0,0,0,4,0,7300,-0.0,0,0.0,0.0,0.0,0.0,0.0,0,0,0,0,0.0,0,0,0,0,0,0,0,0,0,0,0,0,0,0,0,0,0,0,0,0,0,0,0,0,0,0,0,0,0,0,0,0,0,32,30,30,62,65476,0,300,0,0,8,21553,0.0,-107605600.0,0.0,0.0,0.0,0.0,0.0,0.0,0.0,0.0,0.0,0.0,0.0,0.0,0.0,0.0,0.0,0.0,0.0,0.0,0.0,0.0,2.004,-2.004,-0.0,-2.004,0.0,0.0,0.0,0.0,5434.0,131350.641,6921.0,0.0,-0.0,-107615280.0,-0.0,0.0,0.0,0.0,0.0,63,0.0,-0.0,0.0,0.0,0.0,0.0,0.0,0.0,0.0,0,0,0,0.0,0.0,0.0,0.0,0.0,0.0,0.0,0.0,0.0,0.0,0.0,0.0,0.0,0.0,0.0,0.0,0,-107875648.0,63,0.0,126,2.7184242562605685e+23,-0.0,ERR,ERR,ERR,ERR,ERR,ERR,ERR,ERR,ERR,ERR,ERR,ERR,ERR,ERR,ERR,ERR,ERR,ERR,ERR,ERR,ERR,ERR,ERR,ERR,ERR,ERR,ERR,ERR,ERR,ERR,ERR,ERR,ERR,ERR,ERR,ERR,ERR,ERR,ERR,ERR,ERR,ERR,ERR,ERR,ERR,ERR,ERR,ERR,ERR,ERR,ERR,ERR,ERR,ERR,ERR,ERR,ERR,ERR,ERR,ERR,ERR,ERR,ERR,ERR,ERR,ERR,ERR,34.0,80.0,35,0.0,0.0,0.0,0.0,0.0,0.0,0.0,0.0,0.0,0.0,0.0,0.0,0.0,0.0,0.0,0.0,64.4,0,116,56,49,65476,0,300,0,0,8,20529,65476,0,0,57672,80.0,0.0,0.0,0.0,0.0,0.0
2026-06-17T04:41:03,ERR,ERR,ERR,ERR,ERR,ERR,ERR,ERR,ERR,ERR,ERR,ERR,ERR,ERR,ERR,ERR,ERR,ERR,ERR,ERR,ERR,ERR,ERR,ERR,ERR,ERR,ERR,ERR,ERR,ERR,ERR,ERR,ERR,ERR,ERR,ERR,ERR,ERR,ERR,ERR,ERR,ERR,ERR,ERR,ERR,ERR,ERR,ERR,ERR,ERR,ERR,ERR,ERR,ERR,ERR,ERR,ERR,ERR,ERR,ERR,ERR,ERR,ERR,ERR,ERR,ERR,ERR,ERR,ERR,ERR,ERR,ERR,ERR,ERR,ERR,ERR,ERR,ERR,ERR,ERR,ERR,ERR,ERR,ERR,ERR,ERR,ERR,ERR,ERR,ERR,ERR,ERR,ERR,ERR,ERR,ERR,ERR,ERR,ERR,ERR,ERR,ERR,ERR,ERR,ERR,ERR,ERR,ERR,ERR,ERR,ERR,ERR,ERR,ERR,ERR,ERR,ERR,ERR,ERR,ERR,ERR,ERR,ERR,ERR,ERR,0.0,-0.0,3.028208139652935e+23,0.0,0.0,1.3936040501711995e+18,7.805,0.0,0,0,4,0,7300,-0.0,0,0.0,0.0,0.0,0.0,0.0,0,0,0,0,0.0,0,0,0,0,0,0,0,0,0,0,0,0,0,0,0,0,0,0,0,0,0,0,0,0,0,0,0,0,0,0,0,0,0,32,30,30,62,65476,0,300,0,0,8,21553,0.0,-107605600.0,0.0,0.0,0.0,0.0,0.0,0.0,0.0,0.0,0.0,0.0,0.0,0.0,0.0,0.0,0.0,0.0,0.0,0.0,0.0,0.0,2.004,-2.004,-0.0,-2.004,0.0,0.0,0.0,0.0,5434.0,131350.641,6921.0,0.0,-0.0,-107615280.0,-0.0,0.0,0.0,0.0,0.0,63,0.0,-0.0,0.0,0.0,0.0,0.0,0.0,0.0,0.0,0,0,0,0.0,0.0,0.0,0.0,0.0,0.0,0.0,0.0,0.0,0.0,0.0,0.0,0.0,0.0,0.0,0.0,0,-107875648.0,63,0.0,126,2.7184242562605685e+23,-0.0,ERR,ERR,ERR,ERR,ERR,ERR,ERR,ERR,ERR,ERR,ERR,ERR,ERR,ERR,ERR,ERR,ERR,ERR,ERR,ERR,ERR,ERR,ERR,ERR,ERR,ERR,ERR,ERR,ERR,ERR,ERR,ERR,ERR,ERR,ERR,ERR,ERR,ERR,ERR,ERR,ERR,ERR,ERR,ERR,ERR,ERR,ERR,ERR,ERR,ERR,ERR,ERR,ERR,ERR,ERR,ERR,ERR,ERR,ERR,ERR,ERR,ERR,ERR,ERR,ERR,ERR,ERR,34.0,80.0,35,0.0,0.0,0.0,0.0,0.0,0.0,0.0,0.0,0.0,0.0,0.0,0.0,0.0,0.0,0.0,0.0,64.4,0,116,56,49,65476,0,300,0,0,8,20529,65476,0,0,57672,80.0,0.0,0.0,0.0,0.0,0.0
2026-06-17T04:41:04,ERR,ERR,ERR,ERR,ERR,ERR,ERR,ERR,ERR,ERR,ERR,ERR,ERR,ERR,ERR,ERR,ERR,ERR,ERR,ERR,ERR,ERR,ERR,ERR,ERR,ERR,ERR,ERR,ERR,ERR,ERR,ERR,ERR,ERR,ERR,ERR,ERR,ERR,ERR,ERR,ERR,ERR,ERR,ERR,ERR,ERR,ERR,ERR,ERR,ERR,ERR,ERR,ERR,ERR,ERR,ERR,ERR,ERR,ERR,ERR,ERR,ERR,ERR,ERR,ERR,ERR,ERR,ERR,ERR,ERR,ERR,ERR,ERR,ERR,ERR,ERR,ERR,ERR,ERR,ERR,ERR,ERR,ERR,ERR,ERR,ERR,ERR,ERR,ERR,ERR,ERR,ERR,ERR,ERR,ERR,ERR,ERR,ERR,ERR,ERR,ERR,ERR,ERR,ERR,ERR,ERR,ERR,ERR,ERR,ERR,ERR,ERR,ERR,ERR,ERR,ERR,ERR,ERR,ERR,ERR,ERR,ERR,ERR,ERR,ERR,0.0,-0.0,3.028208139652935e+23,0.0,0.0,1.3936040501711995e+18,7.805,0.0,0,0,4,0,7300,-0.0,0,0.0,0.0,0.0,0.0,0.0,0,0,0,0,0.0,0,0,0,0,0,0,0,0,0,0,0,0,0,0,0,0,0,0,0,0,0,0,0,0,0,0,0,0,0,0,0,0,0,32,30,30,62,65476,0,300,0,0,8,21553,0.0,-107605600.0,0.0,0.0,0.0,0.0,0.0,0.0,0.0,0.0,0.0,0.0,0.0,0.0,0.0,0.0,0.0,0.0,0.0,0.0,0.0,0.0,2.004,-2.004,-0.0,-2.004,0.0,0.0,0.0,0.0,5435.0,0.0,6920.0,0.0,-0.0,-107615280.0,-0.0,0.0,0.0,0.0,0.0,63,0.0,-0.0,0.0,0.0,0.0,0.0,0.0,0.0,0.0,0,0,0,0.0,0.0,0.0,0.0,0.0,0.0,0.0,0.0,0.0,0.0,0.0,0.0,0.0,0.0,0.0,0.0,0,-107875648.0,63,0.0,126,2.7184242562605685e+23,-0.0,ERR,ERR,ERR,ERR,ERR,ERR,ERR,ERR,ERR,ERR,ERR,ERR,ERR,ERR,ERR,ERR,ERR,ERR,ERR,ERR,ERR,ERR,ERR,ERR,ERR,ERR,ERR,ERR,ERR,ERR,ERR,ERR,ERR,ERR,ERR,ERR,ERR,ERR,ERR,ERR,ERR,ERR,ERR,ERR,ERR,ERR,ERR,ERR,ERR,ERR,ERR,ERR,ERR,ERR,ERR,ERR,ERR,ERR,ERR,ERR,ERR,ERR,ERR,ERR,ERR,ERR,ERR,34.0,80.0,35,0.0,0.0,0.0,0.0,0.0,0.0,0.0,0.0,0.0,0.0,0.0,0.0,0.0,0.0,0.0,0.0,64.8,0,116,56,49,65476,0,300,0,0,8,20529,65476,0,0,57672,80.0,0.0,0.0,0.0,0.0,0.0
2026-06-17T04:41:05,ERR,ERR,ERR,ERR,ERR,ERR,ERR,ERR,ERR,ERR,ERR,ERR,ERR,ERR,ERR,ERR,ERR,ERR,ERR,ERR,ERR,ERR,ERR,ERR,ERR,ERR,ERR,ERR,ERR,ERR,ERR,ERR,ERR,ERR,ERR,ERR,ERR,ERR,ERR,ERR,ERR,ERR,ERR,ERR,ERR,ERR,ERR,ERR,ERR,ERR,ERR,ERR,ERR,ERR,ERR,ERR,ERR,ERR,ERR,ERR,ERR,ERR,ERR,ERR,ERR,ERR,ERR,ERR,ERR,ERR,ERR,ERR,ERR,ERR,ERR,ERR,ERR,ERR,ERR,ERR,ERR,ERR,ERR,ERR,ERR,ERR,ERR,ERR,ERR,ERR,ERR,ERR,ERR,ERR,ERR,ERR,ERR,ERR,ERR,ERR,ERR,ERR,ERR,ERR,ERR,ERR,ERR,ERR,ERR,ERR,ERR,ERR,ERR,ERR,ERR,ERR,ERR,ERR,ERR,ERR,ERR,ERR,ERR,ERR,ERR,0.0,-0.0,3.028208139652935e+23,0.0,0.0,1.3936040501711995e+18,7.805,0.0,0,0,4,0,7300,-0.0,0,0.0,0.0,0.0,0.0,0.0,0,0,0,0,0.0,0,0,0,0,0,0,0,0,0,0,0,0,0,0,0,0,0,0,0,0,0,0,0,0,0,0,0,0,0,0,0,0,0,32,30,30,62,65476,0,300,0,0,8,21553,0.0,-107605600.0,0.0,0.0,0.0,0.0,0.0,0.0,0.0,0.0,0.0,0.0,0.0,0.0,0.0,0.0,0.0,0.0,0.0,0.0,0.0,0.0,2.004,-2.004,-0.0,-2.004,0.0,0.0,0.0,0.0,5435.0,0.0,6920.0,0.0,-0.0,-107615280.0,-0.0,0.0,0.0,0.0,0.0,63,0.0,-0.0,0.0,0.0,0.0,0.0,0.0,0.0,0.0,0,0,0,0.0,0.0,0.0,0.0,0.0,0.0,0.0,0.0,0.0,0.0,0.0,0.0,0.0,0.0,0.0,0.0,0,-107875648.0,63,0.0,126,2.7184242562605685e+23,-0.0,ERR,ERR,ERR,ERR,ERR,ERR,ERR,ERR,ERR,ERR,ERR,ERR,ERR,ERR,ERR,ERR,ERR,ERR,ERR,ERR,ERR,ERR,ERR,ERR,ERR,ERR,ERR,ERR,ERR,ERR,ERR,ERR,ERR,ERR,ERR,ERR,ERR,ERR,ERR,ERR,ERR,ERR,ERR,ERR,ERR,ERR,ERR,ERR,ERR,ERR,ERR,ERR,ERR,ERR,ERR,ERR,ERR,ERR,ERR,ERR,ERR,ERR,ERR,ERR,ERR,ERR,ERR,34.0,80.0,35,0.0,0.0,0.0,0.0,0.0,0.0,0.0,0.0,0.0,0.0,0.0,0.0,0.0,0.0,0.0,0.0,64.8,0,116,56,49,65476,0,300,0,0,8,20529,65476,0,0,57672,80.0,0.0,0.0,0.0,0.0,0.0
2026-06-17T04:41:06,ERR,ERR,ERR,ERR,ERR,ERR,ERR,ERR,ERR,ERR,ERR,ERR,ERR,ERR,ERR,ERR,ERR,ERR,ERR,ERR,ERR,ERR,ERR,ERR,ERR,ERR,ERR,ERR,ERR,ERR,ERR,ERR,ERR,ERR,ERR,ERR,ERR,ERR,ERR,ERR,ERR,ERR,ERR,ERR,ERR,ERR,ERR,ERR,ERR,ERR,ERR,ERR,ERR,ERR,ERR,ERR,ERR,ERR,ERR,ERR,ERR,ERR,ERR,ERR,ERR,ERR,ERR,ERR,ERR,ERR,ERR,ERR,ERR,ERR,ERR,ERR,ERR,ERR,ERR,ERR,ERR,ERR,ERR,ERR,ERR,ERR,ERR,ERR,ERR,ERR,ERR,ERR,ERR,ERR,ERR,ERR,ERR,ERR,ERR,ERR,ERR,ERR,ERR,ERR,ERR,ERR,ERR,ERR,ERR,ERR,ERR,ERR,ERR,ERR,ERR,ERR,ERR,ERR,ERR,ERR,ERR,ERR,ERR,ERR,ERR,0.0,-0.0,3.028208139652935e+23,0.0,0.0,1.3936040501711995e+18,7.805,0.0,0,0,4,0,7300,-0.0,0,0.0,0.0,0.0,0.0,0.0,0,0,0,0,0.0,0,0,0,0,0,0,0,0,0,0,0,0,0,0,0,0,0,0,0,0,0,0,0,0,0,0,0,0,0,0,0,0,0,32,30,30,62,65476,0,300,0,0,8,21553,0.0,-107605600.0,0.0,0.0,0.0,0.0,0.0,0.0,0.0,0.0,0.0,0.0,0.0,0.0,0.0,0.0,0.0,0.0,0.0,0.0,0.0,0.0,2.004,-2.004,-0.0,-2.004,0.0,0.0,0.0,0.0,5435.0,0.0,6920.0,0.0,-0.0,-107615280.0,-0.0,0.0,0.0,0.0,0.0,63,0.0,-0.0,0.0,0.0,0.0,0.0,0.0,0.0,0.0,0,0,0,0.0,0.0,0.0,0.0,0.0,0.0,0.0,0.0,0.0,0.0,0.0,0.0,0.0,0.0,0.0,0.0,0,-107875648.0,63,0.0,126,2.7184242562605685e+23,-0.0,ERR,ERR,ERR,ERR,ERR,ERR,ERR,ERR,ERR,ERR,ERR,ERR,ERR,ERR,ERR,ERR,ERR,ERR,ERR,ERR,ERR,ERR,ERR,ERR,ERR,ERR,ERR,ERR,ERR,ERR,ERR,ERR,ERR,ERR,ERR,ERR,ERR,ERR,ERR,ERR,ERR,ERR,ERR,ERR,ERR,ERR,ERR,ERR,ERR,ERR,ERR,ERR,ERR,ERR,ERR,ERR,ERR,ERR,ERR,ERR,ERR,ERR,ERR,ERR,ERR,ERR,ERR,34.0,80.0,35,0.0,0.0,0.0,0.0,0.0,0.0,0.0,0.0,0.0,0.0,0.0,0.0,0.0,0.0,0.0,0.0,64.4,0,116,56,49,65476,0,300,0,0,8,20529,65476,0,0,57672,80.0,0.0,0.0,0.0,0.0,0.0
2026-06-17T04:41:07,ERR,ERR,ERR,ERR,ERR,ERR,ERR,ERR,ERR,ERR,ERR,ERR,ERR,ERR,ERR,ERR,ERR,ERR,ERR,ERR,ERR,ERR,ERR,ERR,ERR,ERR,ERR,ERR,ERR,ERR,ERR,ERR,ERR,ERR,ERR,ERR,ERR,ERR,ERR,ERR,ERR,ERR,ERR,ERR,ERR,ERR,ERR,ERR,ERR,ERR,ERR,ERR,ERR,ERR,ERR,ERR,ERR,ERR,ERR,ERR,ERR,ERR,ERR,ERR,ERR,ERR,ERR,ERR,ERR,ERR,ERR,ERR,ERR,ERR,ERR,ERR,ERR,ERR,ERR,ERR,ERR,ERR,ERR,ERR,ERR,ERR,ERR,ERR,ERR,ERR,ERR,ERR,ERR,ERR,ERR,ERR,ERR,ERR,ERR,ERR,ERR,ERR,ERR,ERR,ERR,ERR,ERR,ERR,ERR,ERR,ERR,ERR,ERR,ERR,ERR,ERR,ERR,ERR,ERR,ERR,ERR,ERR,ERR,ERR,ERR,0.0,-0.0,3.028208139652935e+23,0.0,0.0,1.3936040501711995e+18,7.805,0.0,0,0,4,0,7300,-0.0,0,0.0,0.0,0.0,0.0,0.0,0,0,0,0,0.0,0,0,0,0,0,0,0,0,0,0,0,0,0,0,0,0,0,0,0,0,0,0,0,0,0,0,0,0,0,0,0,0,0,32,30,30,62,65476,0,300,0,0,8,21553,0.0,-107605600.0,0.0,0.0,0.0,0.0,0.0,0.0,0.0,0.0,0.0,0.0,0.0,0.0,0.0,0.0,0.0,0.0,0.0,0.0,0.0,0.0,2.004,-2.004,-0.0,-2.004,0.0,0.0,0.0,0.0,5435.0,0.0,6920.0,0.0,-0.0,-107615280.0,-0.0,0.0,0.0,0.0,0.0,63,0.0,-0.0,0.0,0.0,0.0,0.0,0.0,0.0,0.0,0,0,0,0.0,0.0,0.0,0.0,0.0,0.0,0.0,0.0,0.0,0.0,0.0,0.0,0.0,0.0,0.0,0.0,0,-107875648.0,63,0.0,126,2.7184242562605685e+23,-0.0,ERR,ERR,ERR,ERR,ERR,ERR,ERR,ERR,ERR,ERR,ERR,ERR,ERR,ERR,ERR,ERR,ERR,ERR,ERR,ERR,ERR,ERR,ERR,ERR,ERR,ERR,ERR,ERR,ERR,ERR,ERR,ERR,ERR,ERR,ERR,ERR,ERR,ERR,ERR,ERR,ERR,ERR,ERR,ERR,ERR,ERR,ERR,ERR,ERR,ERR,ERR,ERR,ERR,ERR,ERR,ERR,ERR,ERR,ERR,ERR,ERR,ERR,ERR,ERR,ERR,ERR,ERR,34.0,80.0,35,0.0,0.0,0.0,0.0,0.0,0.0,0.0,0.0,0.0,0.0,0.0,0.0,0.0,0.0,0.0,0.0,64.4,0,116,56,49,65476,0,300,0,0,8,20529,65476,0,0,57672,80.0,0.0,0.0,0.0,0.0,0.0
2026-06-17T04:41:08,ERR,ERR,ERR,ERR,ERR,ERR,ERR,ERR,ERR,ERR,ERR,ERR,ERR,ERR,ERR,ERR,ERR,ERR,ERR,ERR,ERR,ERR,ERR,ERR,ERR,ERR,ERR,ERR,ERR,ERR,ERR,ERR,ERR,ERR,ERR,ERR,ERR,ERR,ERR,ERR,ERR,ERR,ERR,ERR,ERR,ERR,ERR,ERR,ERR,ERR,ERR,ERR,ERR,ERR,ERR,ERR,ERR,ERR,ERR,ERR,ERR,ERR,ERR,ERR,ERR,ERR,ERR,ERR,ERR,ERR,ERR,ERR,ERR,ERR,ERR,ERR,ERR,ERR,ERR,ERR,ERR,ERR,ERR,ERR,ERR,ERR,ERR,ERR,ERR,ERR,ERR,ERR,ERR,ERR,ERR,ERR,ERR,ERR,ERR,ERR,ERR,ERR,ERR,ERR,ERR,ERR,ERR,ERR,ERR,ERR,ERR,ERR,ERR,ERR,ERR,ERR,ERR,ERR,ERR,ERR,ERR,ERR,ERR,ERR,ERR,0.0,-0.0,3.028208139652935e+23,0.0,0.0,1.3936040501711995e+18,7.805,0.0,0,0,4,0,7300,-0.0,0,0.0,0.0,0.0,0.0,0.0,0,0,0,0,0.0,0,0,0,0,0,0,0,0,0,0,0,0,0,0,0,0,0,0,0,0,0,0,0,0,0,0,0,0,0,0,0,0,0,32,30,30,62,65476,0,300,0,0,8,21553,0.0,-107605600.0,0.0,0.0,0.0,0.0,0.0,0.0,0.0,0.0,0.0,0.0,0.0,0.0,0.0,0.0,0.0,0.0,0.0,0.0,0.0,0.0,2.004,-2.004,-0.0,-2.004,0.0,0.0,0.0,0.0,5435.0,0.0,6920.0,0.0,-0.0,-107615280.0,-0.0,0.0,0.0,0.0,0.0,63,0.0,-0.0,0.0,0.0,0.0,0.0,0.0,0.0,0.0,0,0,0,0.0,0.0,0.0,0.0,0.0,0.0,0.0,0.0,0.0,0.0,0.0,0.0,0.0,0.0,0.0,0.0,0,-107875648.0,63,0.0,126,2.7184242562605685e+23,-0.0,ERR,ERR,ERR,ERR,ERR,ERR,ERR,ERR,ERR,ERR,ERR,ERR,ERR,ERR,ERR,ERR,ERR,ERR,ERR,ERR,ERR,ERR,ERR,ERR,ERR,ERR,ERR,ERR,ERR,ERR,ERR,ERR,ERR,ERR,ERR,ERR,ERR,ERR,ERR,ERR,ERR,ERR,ERR,ERR,ERR,ERR,ERR,ERR,ERR,ERR,ERR,ERR,ERR,ERR,ERR,ERR,ERR,ERR,ERR,ERR,ERR,ERR,ERR,ERR,ERR,ERR,ERR,34.0,80.0,35,0.0,0.0,0.0,0.0,0.0,0.0,0.0,0.0,0.0,0.0,0.0,0.0,0.0,0.0,0.0,0.0,64.8,0,116,56,49,65476,0,300,0,0,8,20529,65476,0,0,57672,80.0,0.0,0.0,0.0,0.0,0.0
2026-06-17T04:41:09,ERR,ERR,ERR,ERR,ERR,ERR,ERR,ERR,ERR,ERR,ERR,ERR,ERR,ERR,ERR,ERR,ERR,ERR,ERR,ERR,ERR,ERR,ERR,ERR,ERR,ERR,ERR,ERR,ERR,ERR,ERR,ERR,ERR,ERR,ERR,ERR,ERR,ERR,ERR,ERR,ERR,ERR,ERR,ERR,ERR,ERR,ERR,ERR,ERR,ERR,ERR,ERR,ERR,ERR,ERR,ERR,ERR,ERR,ERR,ERR,ERR,ERR,ERR,ERR,ERR,ERR,ERR,ERR,ERR,ERR,ERR,ERR,ERR,ERR,ERR,ERR,ERR,ERR,ERR,ERR,ERR,ERR,ERR,ERR,ERR,ERR,ERR,ERR,ERR,ERR,ERR,ERR,ERR,ERR,ERR,ERR,ERR,ERR,ERR,ERR,ERR,ERR,ERR,ERR,ERR,ERR,ERR,ERR,ERR,ERR,ERR,ERR,ERR,ERR,ERR,ERR,ERR,ERR,ERR,ERR,ERR,ERR,ERR,ERR,ERR,0.0,-0.0,-0.0,0.0,0.0,1.3936040501711995e+18,7.805,0.0,0,0,4,0,7300,-0.0,0,0.0,0.0,0.0,0.0,0.0,0,0,0,0,0.0,0,0,0,0,0,0,0,0,0,0,0,0,0,0,0,0,0,0,0,0,0,0,0,0,0,0,0,0,0,0,0,0,0,32,30,30,62,65476,0,300,0,0,8,21553,0.0,-107605600.0,0.0,0.0,0.0,0.0,0.0,0.0,0.0,0.0,0.0,0.0,0.0,0.0,0.0,0.0,0.0,0.0,0.0,0.0,0.0,0.0,2.004,-2.004,-0.0,-2.004,0.0,0.0,0.0,0.0,5434.0,2.004,6920.0,0.0,-0.0,-107615280.0,2.7184296605801213e+23,0.0,0.0,0.0,0.0,63,0.0,-0.0,0.0,0.0,0.0,0.0,0.0,0.0,0.0,0,0,0,0.0,0.0,0.0,0.0,0.0,0.0,0.0,0.0,0.0,0.0,0.0,0.0,0.0,0.0,0.0,0.0,0,-107875648.0,63,0.0,126,2.7184242562605685e+23,-0.0,ERR,ERR,ERR,ERR,ERR,ERR,ERR,ERR,ERR,ERR,ERR,ERR,ERR,ERR,ERR,ERR,ERR,ERR,ERR,ERR,ERR,ERR,ERR,ERR,ERR,ERR,ERR,ERR,ERR,ERR,ERR,ERR,ERR,ERR,ERR,ERR,ERR,ERR,ERR,ERR,ERR,ERR,ERR,ERR,ERR,ERR,ERR,ERR,ERR,ERR,ERR,ERR,ERR,ERR,ERR,ERR,ERR,ERR,ERR,ERR,ERR,ERR,ERR,ERR,ERR,ERR,ERR,34.0,80.0,35,0.0,0.0,0.0,0.0,0.0,0.0,0.0,0.0,0.0,0.0,0.0,0.0,0.0,0.0,0.0,0.0,64.8,0,116,56,49,65476,0,300,0,0,8,20529,65476,0,0,57672,80.0,0.0,0.0,0.0,0.0,0.0
2026-06-17T04:41:10,ERR,ERR,ERR,ERR,ERR,ERR,ERR,ERR,ERR,ERR,ERR,ERR,ERR,ERR,ERR,ERR,ERR,ERR,ERR,ERR,ERR,ERR,ERR,ERR,ERR,ERR,ERR,ERR,ERR,ERR,ERR,ERR,ERR,ERR,ERR,ERR,ERR,ERR,ERR,ERR,ERR,ERR,ERR,ERR,ERR,ERR,ERR,ERR,ERR,ERR,ERR,ERR,ERR,ERR,ERR,ERR,ERR,ERR,ERR,ERR,ERR,ERR,ERR,ERR,ERR,ERR,ERR,ERR,ERR,ERR,ERR,ERR,ERR,ERR,ERR,ERR,ERR,ERR,ERR,ERR,ERR,ERR,ERR,ERR,ERR,ERR,ERR,ERR,ERR,ERR,ERR,ERR,ERR,ERR,ERR,ERR,ERR,ERR,ERR,ERR,ERR,ERR,ERR,ERR,ERR,ERR,ERR,ERR,ERR,ERR,ERR,ERR,ERR,ERR,ERR,ERR,ERR,ERR,ERR,ERR,ERR,ERR,ERR,ERR,ERR,0.0,-0.0,-0.0,0.0,0.0,1.3936040501711995e+18,7.805,0.0,0,0,4,0,7300,-0.0,0,0.0,0.0,0.0,0.0,0.0,0,0,0,0,0.0,0,0,0,0,0,0,0,0,0,0,0,0,0,0,0,0,0,0,0,0,0,0,0,0,0,0,0,0,0,0,0,0,0,32,30,30,62,65476,0,300,0,0,8,21553,0.0,-107605600.0,0.0,0.0,0.0,0.0,0.0,0.0,0.0,0.0,0.0,0.0,0.0,0.0,0.0,0.0,0.0,0.0,0.0,0.0,0.0,0.0,2.004,-2.004,-0.0,-2.004,0.0,0.0,0.0,0.0,5434.0,2.004,6920.0,0.0,-0.0,-107615280.0,2.7184296605801213e+23,0.0,0.0,0.0,0.0,63,0.0,-0.0,0.0,0.0,0.0,0.0,0.0,0.0,0.0,0,0,0,0.0,0.0,0.0,0.0,0.0,0.0,0.0,0.0,0.0,0.0,0.0,0.0,0.0,0.0,0.0,0.0,0,-107875648.0,63,0.0,126,2.7184242562605685e+23,-0.0,ERR,ERR,ERR,ERR,ERR,ERR,ERR,ERR,ERR,ERR,ERR,ERR,ERR,ERR,ERR,ERR,ERR,ERR,ERR,ERR,ERR,ERR,ERR,ERR,ERR,ERR,ERR,ERR,ERR,ERR,ERR,ERR,ERR,ERR,ERR,ERR,ERR,ERR,ERR,ERR,ERR,ERR,ERR,ERR,ERR,ERR,ERR,ERR,ERR,ERR,ERR,ERR,ERR,ERR,ERR,ERR,ERR,ERR,ERR,ERR,ERR,ERR,ERR,ERR,ERR,ERR,ERR,34.0,80.0,35,0.0,0.0,0.0,0.0,0.0,0.0,0.0,0.0,0.0,0.0,0.0,0.0,0.0,0.0,0.0,0.0,64.4,0,116,56,49,65476,0,300,0,0,8,20529,65476,0,0,57672,80.0,0.0,0.0,0.0,0.0,0.0
2026-06-17T04:41:11,ERR,ERR,ERR,ERR,ERR,ERR,ERR,ERR,ERR,ERR,ERR,ERR,ERR,ERR,ERR,ERR,ERR,ERR,ERR,ERR,ERR,ERR,ERR,ERR,ERR,ERR,ERR,ERR,ERR,ERR,ERR,ERR,ERR,ERR,ERR,ERR,ERR,ERR,ERR,ERR,ERR,ERR,ERR,ERR,ERR,ERR,ERR,ERR,ERR,ERR,ERR,ERR,ERR,ERR,ERR,ERR,ERR,ERR,ERR,ERR,ERR,ERR,ERR,ERR,ERR,ERR,ERR,ERR,ERR,ERR,ERR,ERR,ERR,ERR,ERR,ERR,ERR,ERR,ERR,ERR,ERR,ERR,ERR,ERR,ERR,ERR,ERR,ERR,ERR,ERR,ERR,ERR,ERR,ERR,ERR,ERR,ERR,ERR,ERR,ERR,ERR,ERR,ERR,ERR,ERR,ERR,ERR,ERR,ERR,ERR,ERR,ERR,ERR,ERR,ERR,ERR,ERR,ERR,ERR,ERR,ERR,ERR,ERR,ERR,ERR,0.0,-0.0,-0.0,0.0,0.0,1.3936040501711995e+18,7.805,0.0,0,0,4,0,7300,-0.0,0,0.0,0.0,0.0,0.0,0.0,0,0,0,0,0.0,0,0,0,0,0,0,0,0,0,0,0,0,0,0,0,0,0,0,0,0,0,0,0,0,0,0,0,0,0,0,0,0,0,32,30,30,62,65476,0,300,0,0,8,21553,0.0,-107605600.0,0.0,0.0,0.0,0.0,0.0,0.0,0.0,0.0,0.0,0.0,0.0,0.0,0.0,0.0,0.0,0.0,0.0,0.0,0.0,0.0,2.004,-2.004,-0.0,-2.004,0.0,0.0,0.0,0.0,5434.0,2.004,6920.0,0.0,-0.0,-107615280.0,2.7184296605801213e+23,0.0,0.0,0.0,0.0,63,0.0,-0.0,0.0,0.0,0.0,0.0,0.0,0.0,0.0,0,0,0,0.0,0.0,0.0,0.0,0.0,0.0,0.0,0.0,0.0,0.0,0.0,0.0,0.0,0.0,0.0,0.0,0,-107875648.0,63,0.0,126,2.7184242562605685e+23,-0.0,ERR,ERR,ERR,ERR,ERR,ERR,ERR,ERR,ERR,ERR,ERR,ERR,ERR,ERR,ERR,ERR,ERR,ERR,ERR,ERR,ERR,ERR,ERR,ERR,ERR,ERR,ERR,ERR,ERR,ERR,ERR,ERR,ERR,ERR,ERR,ERR,ERR,ERR,ERR,ERR,ERR,ERR,ERR,ERR,ERR,ERR,ERR,ERR,ERR,ERR,ERR,ERR,ERR,ERR,ERR,ERR,ERR,ERR,ERR,ERR,ERR,ERR,ERR,ERR,ERR,ERR,ERR,34.0,80.0,35,0.0,0.0,0.0,0.0,0.0,0.0,0.0,0.0,0.0,0.0,0.0,0.0,0.0,0.0,0.0,0.0,64.4,0,116,56,49,65476,0,300,0,0,8,20529,65476,0,0,57672,80.0,0.0,0.0,0.0,0.0,0.0
2026-06-17T04:41:12,ERR,ERR,ERR,ERR,ERR,ERR,ERR,ERR,ERR,ERR,ERR,ERR,ERR,ERR,ERR,ERR,ERR,ERR,ERR,ERR,ERR,ERR,ERR,ERR,ERR,ERR,ERR,ERR,ERR,ERR,ERR,ERR,ERR,ERR,ERR,ERR,ERR,ERR,ERR,ERR,ERR,ERR,ERR,ERR,ERR,ERR,ERR,ERR,ERR,ERR,ERR,ERR,ERR,ERR,ERR,ERR,ERR,ERR,ERR,ERR,ERR,ERR,ERR,ERR,ERR,ERR,ERR,ERR,ERR,ERR,ERR,ERR,ERR,ERR,ERR,ERR,ERR,ERR,ERR,ERR,ERR,ERR,ERR,ERR,ERR,ERR,ERR,ERR,ERR,ERR,ERR,ERR,ERR,ERR,ERR,ERR,ERR,ERR,ERR,ERR,ERR,ERR,ERR,ERR,ERR,ERR,ERR,ERR,ERR,ERR,ERR,ERR,ERR,ERR,ERR,ERR,ERR,ERR,ERR,ERR,ERR,ERR,ERR,ERR,ERR,0.0,-0.0,-0.0,0.0,0.0,1.3936040501711995e+18,7.805,0.0,0,0,4,0,7300,-0.0,0,0.0,0.0,0.0,0.0,0.0,0,0,0,0,0.0,0,0,0,0,0,0,0,0,0,0,0,0,0,0,0,0,0,0,0,0,0,0,0,0,0,0,0,0,0,0,0,0,0,32,30,30,62,65476,0,300,0,0,8,21553,0.0,-107605600.0,0.0,0.0,0.0,0.0,0.0,0.0,0.0,0.0,0.0,0.0,0.0,0.0,0.0,0.0,0.0,0.0,0.0,0.0,0.0,0.0,2.004,-2.004,-0.0,-2.004,0.0,0.0,0.0,0.0,5434.0,2.004,6920.0,0.0,-0.0,-107615280.0,2.7184296605801213e+23,0.0,0.0,0.0,0.0,63,0.0,-0.0,0.0,0.0,0.0,0.0,0.0,0.0,0.0,0,0,0,0.0,0.0,0.0,0.0,0.0,0.0,0.0,0.0,0.0,0.0,0.0,0.0,0.0,0.0,0.0,0.0,0,-107875648.0,63,0.0,126,2.7184242562605685e+23,-0.0,ERR,ERR,ERR,ERR,ERR,ERR,ERR,ERR,ERR,ERR,ERR,ERR,ERR,ERR,ERR,ERR,ERR,ERR,ERR,ERR,ERR,ERR,ERR,ERR,ERR,ERR,ERR,ERR,ERR,ERR,ERR,ERR,ERR,ERR,ERR,ERR,ERR,ERR,ERR,ERR,ERR,ERR,ERR,ERR,ERR,ERR,ERR,ERR,ERR,ERR,ERR,ERR,ERR,ERR,ERR,ERR,ERR,ERR,ERR,ERR,ERR,ERR,ERR,ERR,ERR,ERR,ERR,34.0,80.0,35,0.0,0.0,0.0,0.0,0.0,0.0,0.0,0.0,0.0,0.0,0.0,0.0,0.0,0.0,0.0,0.0,64.4,0,116,56,49,65476,0,300,0,0,8,20529,65476,0,0,57672,80.0,0.0,0.0,0.0,0.0,0.0
2026-06-17T04:41:13,ERR,ERR,ERR,ERR,ERR,ERR,ERR,ERR,ERR,ERR,ERR,ERR,ERR,ERR,ERR,ERR,ERR,ERR,ERR,ERR,ERR,ERR,ERR,ERR,ERR,ERR,ERR,ERR,ERR,ERR,ERR,ERR,ERR,ERR,ERR,ERR,ERR,ERR,ERR,ERR,ERR,ERR,ERR,ERR,ERR,ERR,ERR,ERR,ERR,ERR,ERR,ERR,ERR,ERR,ERR,ERR,ERR,ERR,ERR,ERR,ERR,ERR,ERR,ERR,ERR,ERR,ERR,ERR,ERR,ERR,ERR,ERR,ERR,ERR,ERR,ERR,ERR,ERR,ERR,ERR,ERR,ERR,ERR,ERR,ERR,ERR,ERR,ERR,ERR,ERR,ERR,ERR,ERR,ERR,ERR,ERR,ERR,ERR,ERR,ERR,ERR,ERR,ERR,ERR,ERR,ERR,ERR,ERR,ERR,ERR,ERR,ERR,ERR,ERR,ERR,ERR,ERR,ERR,ERR,ERR,ERR,ERR,ERR,ERR,ERR,0.0,-0.0,-0.0,0.0,0.0,1.3936040501711995e+18,7.805,0.0,0,0,4,0,7300,-0.0,0,0.0,0.0,0.0,0.0,0.0,0,0,0,0,0.0,0,0,0,0,0,0,0,0,0,0,0,0,0,0,0,0,0,0,0,0,0,0,0,0,0,0,0,0,0,0,0,0,0,32,30,30,62,65476,0,300,0,0,8,21553,0.0,-107605600.0,0.0,0.0,0.0,0.0,0.0,0.0,0.0,0.0,0.0,0.0,0.0,0.0,0.0,0.0,0.0,0.0,0.0,0.0,0.0,0.0,2.004,-2.004,-0.0,-2.004,0.0,0.0,0.0,0.0,5434.0,2.004,6920.0,0.0,-0.0,-107615280.0,2.7184296605801213e+23,0.0,0.0,0.0,0.0,63,0.0,-0.0,0.0,0.0,0.0,0.0,0.0,0.0,0.0,0,0,0,0.0,0.0,0.0,0.0,0.0,0.0,0.0,0.0,0.0,0.0,0.0,0.0,0.0,0.0,0.0,0.0,0,-107875648.0,63,0.0,126,2.7184242562605685e+23,-0.0,ERR,ERR,ERR,ERR,ERR,ERR,ERR,ERR,ERR,ERR,ERR,ERR,ERR,ERR,ERR,ERR,ERR,ERR,ERR,ERR,ERR,ERR,ERR,ERR,ERR,ERR,ERR,ERR,ERR,ERR,ERR,ERR,ERR,ERR,ERR,ERR,ERR,ERR,ERR,ERR,ERR,ERR,ERR,ERR,ERR,ERR,ERR,ERR,ERR,ERR,ERR,ERR,ERR,ERR,ERR,ERR,ERR,ERR,ERR,ERR,ERR,ERR,ERR,ERR,ERR,ERR,ERR,34.0,80.0,35,0.0,0.0,0.0,0.0,0.0,0.0,0.0,0.0,0.0,0.0,0.0,0.0,0.0,0.0,0.0,0.0,64.4,0,116,56,49,65476,0,300,0,0,8,20529,65476,0,0,57672,80.0,0.0,0.0,0.0,0.0,0.0
2026-06-17T04:41:14,ERR,ERR,ERR,ERR,ERR,ERR,ERR,ERR,ERR,ERR,ERR,ERR,ERR,ERR,ERR,ERR,ERR,ERR,ERR,ERR,ERR,ERR,ERR,ERR,ERR,ERR,ERR,ERR,ERR,ERR,ERR,ERR,ERR,ERR,ERR,ERR,ERR,ERR,ERR,ERR,ERR,ERR,ERR,ERR,ERR,ERR,ERR,ERR,ERR,ERR,ERR,ERR,ERR,ERR,ERR,ERR,ERR,ERR,ERR,ERR,ERR,ERR,ERR,ERR,ERR,ERR,ERR,ERR,ERR,ERR,ERR,ERR,ERR,ERR,ERR,ERR,ERR,ERR,ERR,ERR,ERR,ERR,ERR,ERR,ERR,ERR,ERR,ERR,ERR,ERR,ERR,ERR,ERR,ERR,ERR,ERR,ERR,ERR,ERR,ERR,ERR,ERR,ERR,ERR,ERR,ERR,ERR,ERR,ERR,ERR,ERR,ERR,ERR,ERR,ERR,ERR,ERR,ERR,ERR,ERR,ERR,ERR,ERR,ERR,ERR,0.0,-0.0,3.028208139652935e+23,0.0,0.0,1.3936040501711995e+18,7.805,0.0,0,0,4,0,7300,-0.0,0,0.0,0.0,0.0,0.0,0.0,0,0,0,0,0.0,0,0,0,0,0,0,0,0,0,0,0,0,0,0,0,0,0,0,0,0,0,0,0,0,0,0,0,0,0,0,0,0,0,32,30,30,62,65476,0,300,0,0,8,21553,0.0,-107605600.0,0.0,0.0,0.0,0.0,0.0,0.0,0.0,0.0,0.0,0.0,0.0,0.0,0.0,0.0,0.0,0.0,0.0,0.0,0.0,0.0,2.004,-2.004,-0.0,-2.004,0.0,0.0,0.0,0.0,5435.0,2.422991651527172e+24,6925.0,0.0,-0.0,-107615280.0,2.7184296605801213e+23,0.0,0.0,0.0,0.0,63,0.0,-152017548869632.0,0.0,0.0,0.0,0.0,0.0,0.0,0.0,0,0,0,0.0,0.0,0.0,0.0,0.0,0.0,0.0,0.0,0.0,0.0,0.0,0.0,0.0,0.0,0.0,0.0,0,-107875648.0,63,0.0,126,2.7184242562605685e+23,-0.0,ERR,ERR,ERR,ERR,ERR,ERR,ERR,ERR,ERR,ERR,ERR,ERR,ERR,ERR,ERR,ERR,ERR,ERR,ERR,ERR,ERR,ERR,ERR,ERR,ERR,ERR,ERR,ERR,ERR,ERR,ERR,ERR,ERR,ERR,ERR,ERR,ERR,ERR,ERR,ERR,ERR,ERR,ERR,ERR,ERR,ERR,ERR,ERR,ERR,ERR,ERR,ERR,ERR,ERR,ERR,ERR,ERR,ERR,ERR,ERR,ERR,ERR,ERR,ERR,ERR,ERR,ERR,34.0,80.0,35,0.0,0.0,0.0,0.0,0.0,0.0,0.0,0.0,0.0,0.0,0.0,0.0,0.0,0.0,0.0,0.0,64.4,0,116,56,49,65476,0,300,0,0,8,20529,65476,0,0,57672,80.0,0.0,0.0,0.0,0.0,0.0
2026-06-17T04:41:15,ERR,ERR,ERR,ERR,ERR,ERR,ERR,ERR,ERR,ERR,ERR,ERR,ERR,ERR,ERR,ERR,ERR,ERR,ERR,ERR,ERR,ERR,ERR,ERR,ERR,ERR,ERR,ERR,ERR,ERR,ERR,ERR,ERR,ERR,ERR,ERR,ERR,ERR,ERR,ERR,ERR,ERR,ERR,ERR,ERR,ERR,ERR,ERR,ERR,ERR,ERR,ERR,ERR,ERR,ERR,ERR,ERR,ERR,ERR,ERR,ERR,ERR,ERR,ERR,ERR,ERR,ERR,ERR,ERR,ERR,ERR,ERR,ERR,ERR,ERR,ERR,ERR,ERR,ERR,ERR,ERR,ERR,ERR,ERR,ERR,ERR,ERR,ERR,ERR,ERR,ERR,ERR,ERR,ERR,ERR,ERR,ERR,ERR,ERR,ERR,ERR,ERR,ERR,ERR,ERR,ERR,ERR,ERR,ERR,ERR,ERR,ERR,ERR,ERR,ERR,ERR,ERR,ERR,ERR,ERR,ERR,ERR,ERR,ERR,ERR,0.0,-0.0,3.028208139652935e+23,0.0,0.0,1.3936040501711995e+18,7.805,0.0,0,0,4,0,7300,-0.0,0,0.0,0.0,0.0,0.0,0.0,0,0,0,0,0.0,0,0,0,0,0,0,0,0,0,0,0,0,0,0,0,0,0,0,0,0,0,0,0,0,0,0,0,0,0,0,0,0,0,32,30,30,62,65476,0,300,0,0,8,21553,0.0,-107605600.0,0.0,0.0,0.0,0.0,0.0,0.0,0.0,0.0,0.0,0.0,0.0,0.0,0.0,0.0,0.0,0.0,0.0,0.0,0.0,0.0,2.004,-2.004,-0.0,-2.004,0.0,0.0,0.0,0.0,5435.0,2.422991651527172e+24,6925.0,0.0,-0.0,-107615280.0,2.7184296605801213e+23,0.0,0.0,0.0,0.0,63,0.0,-152017548869632.0,0.0,0.0,0.0,0.0,0.0,0.0,0.0,0,0,0,0.0,0.0,0.0,0.0,0.0,0.0,0.0,0.0,0.0,0.0,0.0,0.0,0.0,0.0,0.0,0.0,0,-107875648.0,63,0.0,126,2.7184242562605685e+23,-0.0,ERR,ERR,ERR,ERR,ERR,ERR,ERR,ERR,ERR,ERR,ERR,ERR,ERR,ERR,ERR,ERR,ERR,ERR,ERR,ERR,ERR,ERR,ERR,ERR,ERR,ERR,ERR,ERR,ERR,ERR,ERR,ERR,ERR,ERR,ERR,ERR,ERR,ERR,ERR,ERR,ERR,ERR,ERR,ERR,ERR,ERR,ERR,ERR,ERR,ERR,ERR,ERR,ERR,ERR,ERR,ERR,ERR,ERR,ERR,ERR,ERR,ERR,ERR,ERR,ERR,ERR,ERR,34.0,80.0,35,0.0,0.0,0.0,0.0,0.0,0.0,0.0,0.0,0.0,0.0,0.0,0.0,0.0,0.0,0.0,0.0,64.4,0,116,56,49,65476,0,300,0,0,8,20529,65476,0,0,57672,80.0,0.0,0.0,0.0,0.0,0.0
2026-06-17T04:41:16,ERR,ERR,ERR,ERR,ERR,ERR,ERR,ERR,ERR,ERR,ERR,ERR,ERR,ERR,ERR,ERR,ERR,ERR,ERR,ERR,ERR,ERR,ERR,ERR,ERR,ERR,ERR,ERR,ERR,ERR,ERR,ERR,ERR,ERR,ERR,ERR,ERR,ERR,ERR,ERR,ERR,ERR,ERR,ERR,ERR,ERR,ERR,ERR,ERR,ERR,ERR,ERR,ERR,ERR,ERR,ERR,ERR,ERR,ERR,ERR,ERR,ERR,ERR,ERR,ERR,ERR,ERR,ERR,ERR,ERR,ERR,ERR,ERR,ERR,ERR,ERR,ERR,ERR,ERR,ERR,ERR,ERR,ERR,ERR,ERR,ERR,ERR,ERR,ERR,ERR,ERR,ERR,ERR,ERR,ERR,ERR,ERR,ERR,ERR,ERR,ERR,ERR,ERR,ERR,ERR,ERR,ERR,ERR,ERR,ERR,ERR,ERR,ERR,ERR,ERR,ERR,ERR,ERR,ERR,ERR,ERR,ERR,ERR,ERR,ERR,0.0,-0.0,3.028208139652935e+23,0.0,0.0,1.3936040501711995e+18,7.805,0.0,0,0,4,0,7300,-0.0,0,0.0,0.0,0.0,0.0,0.0,0,0,0,0,0.0,0,0,0,0,0,0,0,0,0,0,0,0,0,0,0,0,0,0,0,0,0,0,0,0,0,0,0,0,0,0,0,0,0,32,30,30,62,65476,0,300,0,0,8,21553,0.0,-107605600.0,0.0,0.0,0.0,0.0,0.0,0.0,0.0,0.0,0.0,0.0,0.0,0.0,0.0,0.0,0.0,0.0,0.0,0.0,0.0,0.0,2.004,-2.004,-0.0,-2.004,0.0,0.0,0.0,0.0,5435.0,2.422991651527172e+24,6925.0,0.0,-0.0,-107615280.0,2.7184296605801213e+23,0.0,0.0,0.0,0.0,63,0.0,-152017548869632.0,0.0,0.0,0.0,0.0,0.0,0.0,0.0,0,0,0,0.0,0.0,0.0,0.0,0.0,0.0,0.0,0.0,0.0,0.0,0.0,0.0,0.0,0.0,0.0,0.0,0,-107875648.0,63,0.0,126,2.7184242562605685e+23,-0.0,ERR,ERR,ERR,ERR,ERR,ERR,ERR,ERR,ERR,ERR,ERR,ERR,ERR,ERR,ERR,ERR,ERR,ERR,ERR,ERR,ERR,ERR,ERR,ERR,ERR,ERR,ERR,ERR,ERR,ERR,ERR,ERR,ERR,ERR,ERR,ERR,ERR,ERR,ERR,ERR,ERR,ERR,ERR,ERR,ERR,ERR,ERR,ERR,ERR,ERR,ERR,ERR,ERR,ERR,ERR,ERR,ERR,ERR,ERR,ERR,ERR,ERR,ERR,ERR,ERR,ERR,ERR,34.0,80.0,35,0.0,0.0,0.0,0.0,0.0,0.0,0.0,0.0,0.0,0.0,0.0,0.0,0.0,0.0,0.0,0.0,64.4,0,116,56,49,65476,0,300,0,0,8,20529,65476,0,0,57672,80.0,0.0,0.0,0.0,0.0,0.0
2026-06-17T04:41:17,ERR,ERR,ERR,ERR,ERR,ERR,ERR,ERR,ERR,ERR,ERR,ERR,ERR,ERR,ERR,ERR,ERR,ERR,ERR,ERR,ERR,ERR,ERR,ERR,ERR,ERR,ERR,ERR,ERR,ERR,ERR,ERR,ERR,ERR,ERR,ERR,ERR,ERR,ERR,ERR,ERR,ERR,ERR,ERR,ERR,ERR,ERR,ERR,ERR,ERR,ERR,ERR,ERR,ERR,ERR,ERR,ERR,ERR,ERR,ERR,ERR,ERR,ERR,ERR,ERR,ERR,ERR,ERR,ERR,ERR,ERR,ERR,ERR,ERR,ERR,ERR,ERR,ERR,ERR,ERR,ERR,ERR,ERR,ERR,ERR,ERR,ERR,ERR,ERR,ERR,ERR,ERR,ERR,ERR,ERR,ERR,ERR,ERR,ERR,ERR,ERR,ERR,ERR,ERR,ERR,ERR,ERR,ERR,ERR,ERR,ERR,ERR,ERR,ERR,ERR,ERR,ERR,ERR,ERR,ERR,ERR,ERR,ERR,ERR,ERR,0.0,-0.0,3.028208139652935e+23,0.0,0.0,1.3936040501711995e+18,7.805,0.0,0,0,4,0,7300,-0.0,0,0.0,0.0,0.0,0.0,0.0,0,0,0,0,0.0,0,0,0,0,0,0,0,0,0,0,0,0,0,0,0,0,0,0,0,0,0,0,0,0,0,0,0,0,0,0,0,0,0,32,30,30,62,65476,0,300,0,0,8,21553,0.0,-107605600.0,0.0,0.0,0.0,0.0,0.0,0.0,0.0,0.0,0.0,0.0,0.0,0.0,0.0,0.0,0.0,0.0,0.0,0.0,0.0,0.0,2.004,-2.004,-0.0,-2.004,0.0,0.0,0.0,0.0,5435.0,2.422991651527172e+24,6925.0,0.0,-0.0,-107615280.0,2.7184296605801213e+23,0.0,0.0,0.0,0.0,63,0.0,-152017548869632.0,0.0,0.0,0.0,0.0,0.0,0.0,0.0,0,0,0,0.0,0.0,0.0,0.0,0.0,0.0,0.0,0.0,0.0,0.0,0.0,0.0,0.0,0.0,0.0,0.0,0,-107875648.0,63,0.0,126,2.7184242562605685e+23,-0.0,ERR,ERR,ERR,ERR,ERR,ERR,ERR,ERR,ERR,ERR,ERR,ERR,ERR,ERR,ERR,ERR,ERR,ERR,ERR,ERR,ERR,ERR,ERR,ERR,ERR,ERR,ERR,ERR,ERR,ERR,ERR,ERR,ERR,ERR,ERR,ERR,ERR,ERR,ERR,ERR,ERR,ERR,ERR,ERR,ERR,ERR,ERR,ERR,ERR,ERR,ERR,ERR,ERR,ERR,ERR,ERR,ERR,ERR,ERR,ERR,ERR,ERR,ERR,ERR,ERR,ERR,ERR,34.0,80.0,35,0.0,0.0,0.0,0.0,0.0,0.0,0.0,0.0,0.0,0.0,0.0,0.0,0.0,0.0,0.0,0.0,64.4,0,116,56,49,65476,0,300,0,0,8,20529,65476,0,0,57672,80.0,0.0,0.0,0.0,0.0,0.0
2026-06-17T04:41:18,ERR,ERR,ERR,ERR,ERR,ERR,ERR,ERR,ERR,ERR,ERR,ERR,ERR,ERR,ERR,ERR,ERR,ERR,ERR,ERR,ERR,ERR,ERR,ERR,ERR,ERR,ERR,ERR,ERR,ERR,ERR,ERR,ERR,ERR,ERR,ERR,ERR,ERR,ERR,ERR,ERR,ERR,ERR,ERR,ERR,ERR,ERR,ERR,ERR,ERR,ERR,ERR,ERR,ERR,ERR,ERR,ERR,ERR,ERR,ERR,ERR,ERR,ERR,ERR,ERR,ERR,ERR,ERR,ERR,ERR,ERR,ERR,ERR,ERR,ERR,ERR,ERR,ERR,ERR,ERR,ERR,ERR,ERR,ERR,ERR,ERR,ERR,ERR,ERR,ERR,ERR,ERR,ERR,ERR,ERR,ERR,ERR,ERR,ERR,ERR,ERR,ERR,ERR,ERR,ERR,ERR,ERR,ERR,ERR,ERR,ERR,ERR,ERR,ERR,ERR,ERR,ERR,ERR,ERR,ERR,ERR,ERR,ERR,ERR,ERR,0.0,-0.0,3.028208139652935e+23,0.0,0.0,1.3936040501711995e+18,7.805,0.0,0,0,4,0,7300,-0.0,0,0.0,0.0,0.0,0.0,0.0,0,0,0,0,0.0,0,0,0,0,0,0,0,0,0,0,0,0,0,0,0,0,0,0,0,0,0,0,0,0,0,0,0,0,0,0,0,0,0,32,30,30,62,65476,0,300,0,0,8,21553,0.0,-107605600.0,0.0,0.0,0.0,0.0,0.0,0.0,0.0,0.0,0.0,0.0,0.0,0.0,0.0,0.0,0.0,0.0,0.0,0.0,0.0,0.0,2.004,-2.004,-0.0,-2.004,0.0,0.0,0.0,0.0,5435.0,2.422991651527172e+24,6925.0,0.0,-0.0,-107615280.0,2.7184296605801213e+23,0.0,0.0,0.0,0.0,63,0.0,-152017548869632.0,0.0,0.0,0.0,0.0,0.0,0.0,0.0,0,0,0,0.0,0.0,0.0,0.0,0.0,0.0,0.0,0.0,0.0,0.0,0.0,0.0,0.0,0.0,0.0,0.0,0,-107875648.0,63,0.0,126,2.7184242562605685e+23,-0.0,ERR,ERR,ERR,ERR,ERR,ERR,ERR,ERR,ERR,ERR,ERR,ERR,ERR,ERR,ERR,ERR,ERR,ERR,ERR,ERR,ERR,ERR,ERR,ERR,ERR,ERR,ERR,ERR,ERR,ERR,ERR,ERR,ERR,ERR,ERR,ERR,ERR,ERR,ERR,ERR,ERR,ERR,ERR,ERR,ERR,ERR,ERR,ERR,ERR,ERR,ERR,ERR,ERR,ERR,ERR,ERR,ERR,ERR,ERR,ERR,ERR,ERR,ERR,ERR,ERR,ERR,ERR,34.0,80.0,35,0.0,0.0,0.0,0.0,0.0,0.0,0.0,0.0,0.0,0.0,0.0,0.0,0.0,0.0,0.0,0.0,64.4,0,116,56,49,65476,0,300,0,0,8,20529,65476,0,0,57672,80.0,0.0,0.0,0.0,0.0,0.0
2026-06-17T04:41:19,ERR,ERR,ERR,ERR,ERR,ERR,ERR,ERR,ERR,ERR,ERR,ERR,ERR,ERR,ERR,ERR,ERR,ERR,ERR,ERR,ERR,ERR,ERR,ERR,ERR,ERR,ERR,ERR,ERR,ERR,ERR,ERR,ERR,ERR,ERR,ERR,ERR,ERR,ERR,ERR,ERR,ERR,ERR,ERR,ERR,ERR,ERR,ERR,ERR,ERR,ERR,ERR,ERR,ERR,ERR,ERR,ERR,ERR,ERR,ERR,ERR,ERR,ERR,ERR,ERR,ERR,ERR,ERR,ERR,ERR,ERR,ERR,ERR,ERR,ERR,ERR,ERR,ERR,ERR,ERR,ERR,ERR,ERR,ERR,ERR,ERR,ERR,ERR,ERR,ERR,ERR,ERR,ERR,ERR,ERR,ERR,ERR,ERR,ERR,ERR,ERR,ERR,ERR,ERR,ERR,ERR,ERR,ERR,ERR,ERR,ERR,ERR,ERR,ERR,ERR,ERR,ERR,ERR,ERR,ERR,ERR,ERR,ERR,ERR,ERR,0.0,-0.0,3.028208139652935e+23,0.0,0.0,1.3936040501711995e+18,7.805,0.0,0,0,4,0,7300,-0.0,0,0.0,0.0,0.0,0.0,0.0,0,0,0,0,0.0,0,0,0,0,0,0,0,0,0,0,0,0,0,0,0,0,0,0,0,0,0,0,0,0,0,0,0,0,0,0,0,0,0,32,30,30,62,65476,0,300,0,0,8,21553,0.0,-107605600.0,0.0,0.0,0.0,0.0,0.0,0.0,0.0,0.0,0.0,0.0,0.0,0.0,0.0,0.0,0.0,0.0,0.0,0.0,0.0,0.0,2.004,-2.004,-0.0,-0.0,0.0,0.0,0.0,0.0,5432.0,8608195584.0,6922.0,0.0,-0.0,-107615280.0,-0.0,0.0,0.0,0.0,0.0,63,0.0,-0.0,0.0,0.0,0.0,0.0,0.0,0.0,0.0,0,0,0,0.0,0.0,0.0,0.0,0.0,0.0,0.0,0.0,0.0,0.0,0.0,0.0,0.0,0.0,0.0,0.0,0,-107875648.0,63,0.0,126,2.7184242562605685e+23,-0.0,ERR,ERR,ERR,ERR,ERR,ERR,ERR,ERR,ERR,ERR,ERR,ERR,ERR,ERR,ERR,ERR,ERR,ERR,ERR,ERR,ERR,ERR,ERR,ERR,ERR,ERR,ERR,ERR,ERR,ERR,ERR,ERR,ERR,ERR,ERR,ERR,ERR,ERR,ERR,ERR,ERR,ERR,ERR,ERR,ERR,ERR,ERR,ERR,ERR,ERR,ERR,ERR,ERR,ERR,ERR,ERR,ERR,ERR,ERR,ERR,ERR,ERR,ERR,ERR,ERR,ERR,ERR,34.0,80.0,35,0.0,0.0,0.0,0.0,0.0,0.0,0.0,0.0,0.0,0.0,0.0,0.0,0.0,0.0,0.0,0.0,64.4,0,116,56,49,65476,0,300,0,0,8,20529,65476,0,0,57672,80.0,0.0,0.0,0.0,0.0,0.0
2026-06-17T04:41:20,ERR,ERR,ERR,ERR,ERR,ERR,ERR,ERR,ERR,ERR,ERR,ERR,ERR,ERR,ERR,ERR,ERR,ERR,ERR,ERR,ERR,ERR,ERR,ERR,ERR,ERR,ERR,ERR,ERR,ERR,ERR,ERR,ERR,ERR,ERR,ERR,ERR,ERR,ERR,ERR,ERR,ERR,ERR,ERR,ERR,ERR,ERR,ERR,ERR,ERR,ERR,ERR,ERR,ERR,ERR,ERR,ERR,ERR,ERR,ERR,ERR,ERR,ERR,ERR,ERR,ERR,ERR,ERR,ERR,ERR,ERR,ERR,ERR,ERR,ERR,ERR,ERR,ERR,ERR,ERR,ERR,ERR,ERR,ERR,ERR,ERR,ERR,ERR,ERR,ERR,ERR,ERR,ERR,ERR,ERR,ERR,ERR,ERR,ERR,ERR,ERR,ERR,ERR,ERR,ERR,ERR,ERR,ERR,ERR,ERR,ERR,ERR,ERR,ERR,ERR,ERR,ERR,ERR,ERR,ERR,ERR,ERR,ERR,ERR,ERR,0.0,-0.0,3.028208139652935e+23,0.0,0.0,1.3936040501711995e+18,7.805,0.0,0,0,4,0,7300,-0.0,0,0.0,0.0,0.0,0.0,0.0,0,0,0,0,0.0,0,0,0,0,0,0,0,0,0,0,0,0,0,0,0,0,0,0,0,0,0,0,0,0,0,0,0,0,0,0,0,0,0,32,30,30,62,65476,0,300,0,0,8,21553,0.0,-107605600.0,0.0,0.0,0.0,0.0,0.0,0.0,0.0,0.0,0.0,0.0,0.0,0.0,0.0,0.0,0.0,0.0,0.0,0.0,0.0,0.0,2.004,-2.004,-0.0,-0.0,0.0,0.0,0.0,0.0,5432.0,8608195584.0,6922.0,0.0,-0.0,-107615280.0,-0.0,0.0,0.0,0.0,0.0,63,0.0,-0.0,0.0,0.0,0.0,0.0,0.0,0.0,0.0,0,0,0,0.0,0.0,0.0,0.0,0.0,0.0,0.0,0.0,0.0,0.0,0.0,0.0,0.0,0.0,0.0,0.0,0,-107875648.0,63,0.0,126,2.7184242562605685e+23,-0.0,ERR,ERR,ERR,ERR,ERR,ERR,ERR,ERR,ERR,ERR,ERR,ERR,ERR,ERR,ERR,ERR,ERR,ERR,ERR,ERR,ERR,ERR,ERR,ERR,ERR,ERR,ERR,ERR,ERR,ERR,ERR,ERR,ERR,ERR,ERR,ERR,ERR,ERR,ERR,ERR,ERR,ERR,ERR,ERR,ERR,ERR,ERR,ERR,ERR,ERR,ERR,ERR,ERR,ERR,ERR,ERR,ERR,ERR,ERR,ERR,ERR,ERR,ERR,ERR,ERR,ERR,ERR,34.0,80.0,35,0.0,0.0,0.0,0.0,0.0,0.0,0.0,0.0,0.0,0.0,0.0,0.0,0.0,0.0,0.0,0.0,64.4,0,116,56,49,65476,0,300,0,0,8,20529,65476,0,0,57672,80.0,0.0,0.0,0.0,0.0,0.0
2026-06-17T04:41:21,ERR,ERR,ERR,ERR,ERR,ERR,ERR,ERR,ERR,ERR,ERR,ERR,ERR,ERR,ERR,ERR,ERR,ERR,ERR,ERR,ERR,ERR,ERR,ERR,ERR,ERR,ERR,ERR,ERR,ERR,ERR,ERR,ERR,ERR,ERR,ERR,ERR,ERR,ERR,ERR,ERR,ERR,ERR,ERR,ERR,ERR,ERR,ERR,ERR,ERR,ERR,ERR,ERR,ERR,ERR,ERR,ERR,ERR,ERR,ERR,ERR,ERR,ERR,ERR,ERR,ERR,ERR,ERR,ERR,ERR,ERR,ERR,ERR,ERR,ERR,ERR,ERR,ERR,ERR,ERR,ERR,ERR,ERR,ERR,ERR,ERR,ERR,ERR,ERR,ERR,ERR,ERR,ERR,ERR,ERR,ERR,ERR,ERR,ERR,ERR,ERR,ERR,ERR,ERR,ERR,ERR,ERR,ERR,ERR,ERR,ERR,ERR,ERR,ERR,ERR,ERR,ERR,ERR,ERR,ERR,ERR,ERR,ERR,ERR,ERR,0.0,-0.0,3.028208139652935e+23,0.0,0.0,1.3936040501711995e+18,7.805,0.0,0,0,4,0,7300,-0.0,0,0.0,0.0,0.0,0.0,0.0,0,0,0,0,0.0,0,0,0,0,0,0,0,0,0,0,0,0,0,0,0,0,0,0,0,0,0,0,0,0,0,0,0,0,0,0,0,0,0,32,30,30,62,65476,0,300,0,0,8,21553,0.0,-107605600.0,0.0,0.0,0.0,0.0,0.0,0.0,0.0,0.0,0.0,0.0,0.0,0.0,0.0,0.0,0.0,0.0,0.0,0.0,0.0,0.0,2.004,-2.004,-0.0,-0.0,0.0,0.0,0.0,0.0,5432.0,8608195584.0,6922.0,0.0,-0.0,-107615280.0,-0.0,0.0,0.0,0.0,0.0,63,0.0,-0.0,0.0,0.0,0.0,0.0,0.0,0.0,0.0,0,0,0,0.0,0.0,0.0,0.0,0.0,0.0,0.0,0.0,0.0,0.0,0.0,0.0,0.0,0.0,0.0,0.0,0,-107875648.0,63,0.0,126,2.7184242562605685e+23,-0.0,ERR,ERR,ERR,ERR,ERR,ERR,ERR,ERR,ERR,ERR,ERR,ERR,ERR,ERR,ERR,ERR,ERR,ERR,ERR,ERR,ERR,ERR,ERR,ERR,ERR,ERR,ERR,ERR,ERR,ERR,ERR,ERR,ERR,ERR,ERR,ERR,ERR,ERR,ERR,ERR,ERR,ERR,ERR,ERR,ERR,ERR,ERR,ERR,ERR,ERR,ERR,ERR,ERR,ERR,ERR,ERR,ERR,ERR,ERR,ERR,ERR,ERR,ERR,ERR,ERR,ERR,ERR,34.0,80.0,35,0.0,0.0,0.0,0.0,0.0,0.0,0.0,0.0,0.0,0.0,0.0,0.0,0.0,0.0,0.0,0.0,64.4,0,116,56,49,65476,0,300,0,0,8,20529,65476,0,0,57672,80.0,0.0,0.0,0.0,0.0,0.0
2026-06-17T04:41:22,ERR,ERR,ERR,ERR,ERR,ERR,ERR,ERR,ERR,ERR,ERR,ERR,ERR,ERR,ERR,ERR,ERR,ERR,ERR,ERR,ERR,ERR,ERR,ERR,ERR,ERR,ERR,ERR,ERR,ERR,ERR,ERR,ERR,ERR,ERR,ERR,ERR,ERR,ERR,ERR,ERR,ERR,ERR,ERR,ERR,ERR,ERR,ERR,ERR,ERR,ERR,ERR,ERR,ERR,ERR,ERR,ERR,ERR,ERR,ERR,ERR,ERR,ERR,ERR,ERR,ERR,ERR,ERR,ERR,ERR,ERR,ERR,ERR,ERR,ERR,ERR,ERR,ERR,ERR,ERR,ERR,ERR,ERR,ERR,ERR,ERR,ERR,ERR,ERR,ERR,ERR,ERR,ERR,ERR,ERR,ERR,ERR,ERR,ERR,ERR,ERR,ERR,ERR,ERR,ERR,ERR,ERR,ERR,ERR,ERR,ERR,ERR,ERR,ERR,ERR,ERR,ERR,ERR,ERR,ERR,ERR,ERR,ERR,ERR,ERR,0.0,-0.0,3.028208139652935e+23,0.0,0.0,1.3936040501711995e+18,7.805,0.0,0,0,4,0,7300,-0.0,0,0.0,0.0,0.0,0.0,0.0,0,0,0,0,0.0,0,0,0,0,0,0,0,0,0,0,0,0,0,0,0,0,0,0,0,0,0,0,0,0,0,0,0,0,0,0,0,0,0,32,30,30,62,65476,0,300,0,0,8,21553,0.0,-107605600.0,0.0,0.0,0.0,0.0,0.0,0.0,0.0,0.0,0.0,0.0,0.0,0.0,0.0,0.0,0.0,0.0,0.0,0.0,0.0,0.0,2.004,-2.004,-0.0,-0.0,0.0,0.0,0.0,0.0,5432.0,8608195584.0,6922.0,0.0,-0.0,-107615280.0,-0.0,0.0,0.0,0.0,0.0,63,0.0,-0.0,0.0,0.0,0.0,0.0,0.0,0.0,0.0,0,0,0,0.0,0.0,0.0,0.0,0.0,0.0,0.0,0.0,0.0,0.0,0.0,0.0,0.0,0.0,0.0,0.0,0,-107875648.0,63,0.0,126,2.7184242562605685e+23,-0.0,ERR,ERR,ERR,ERR,ERR,ERR,ERR,ERR,ERR,ERR,ERR,ERR,ERR,ERR,ERR,ERR,ERR,ERR,ERR,ERR,ERR,ERR,ERR,ERR,ERR,ERR,ERR,ERR,ERR,ERR,ERR,ERR,ERR,ERR,ERR,ERR,ERR,ERR,ERR,ERR,ERR,ERR,ERR,ERR,ERR,ERR,ERR,ERR,ERR,ERR,ERR,ERR,ERR,ERR,ERR,ERR,ERR,ERR,ERR,ERR,ERR,ERR,ERR,ERR,ERR,ERR,ERR,34.0,80.0,35,0.0,0.0,0.0,0.0,0.0,0.0,0.0,0.0,0.0,0.0,0.0,0.0,0.0,0.0,0.0,0.0,64.4,0,116,56,49,65476,0,300,0,0,8,20529,65476,0,0,57672,80.0,0.0,0.0,0.0,0.0,0.0
2026-06-17T04:41:23,ERR,ERR,ERR,ERR,ERR,ERR,ERR,ERR,ERR,ERR,ERR,ERR,ERR,ERR,ERR,ERR,ERR,ERR,ERR,ERR,ERR,ERR,ERR,ERR,ERR,ERR,ERR,ERR,ERR,ERR,ERR,ERR,ERR,ERR,ERR,ERR,ERR,ERR,ERR,ERR,ERR,ERR,ERR,ERR,ERR,ERR,ERR,ERR,ERR,ERR,ERR,ERR,ERR,ERR,ERR,ERR,ERR,ERR,ERR,ERR,ERR,ERR,ERR,ERR,ERR,ERR,ERR,ERR,ERR,ERR,ERR,ERR,ERR,ERR,ERR,ERR,ERR,ERR,ERR,ERR,ERR,ERR,ERR,ERR,ERR,ERR,ERR,ERR,ERR,ERR,ERR,ERR,ERR,ERR,ERR,ERR,ERR,ERR,ERR,ERR,ERR,ERR,ERR,ERR,ERR,ERR,ERR,ERR,ERR,ERR,ERR,ERR,ERR,ERR,ERR,ERR,ERR,ERR,ERR,ERR,ERR,ERR,ERR,ERR,ERR,0.0,-0.0,3.028208139652935e+23,0.0,0.0,1.3936040501711995e+18,7.805,0.0,0,0,4,0,7300,-0.0,0,0.0,0.0,0.0,0.0,0.0,0,0,0,0,0.0,0,0,0,0,0,0,0,0,0,0,0,0,0,0,0,0,0,0,0,0,0,0,0,0,0,0,0,0,0,0,0,0,0,32,30,30,62,65476,0,300,0,0,8,21553,0.0,-107605600.0,0.0,0.0,0.0,0.0,0.0,0.0,0.0,0.0,0.0,0.0,0.0,0.0,0.0,0.0,0.0,0.0,0.0,0.0,0.0,0.0,2.004,-2.004,-0.0,-0.0,0.0,0.0,0.0,0.0,5432.0,8608195584.0,6922.0,0.0,-0.0,-107615280.0,-0.0,0.0,0.0,0.0,0.0,63,0.0,-0.0,0.0,0.0,0.0,0.0,0.0,0.0,0.0,0,0,0,0.0,0.0,0.0,0.0,0.0,0.0,0.0,0.0,0.0,0.0,0.0,0.0,0.0,0.0,0.0,0.0,0,-107875648.0,63,0.0,126,2.7184242562605685e+23,-0.0,ERR,ERR,ERR,ERR,ERR,ERR,ERR,ERR,ERR,ERR,ERR,ERR,ERR,ERR,ERR,ERR,ERR,ERR,ERR,ERR,ERR,ERR,ERR,ERR,ERR,ERR,ERR,ERR,ERR,ERR,ERR,ERR,ERR,ERR,ERR,ERR,ERR,ERR,ERR,ERR,ERR,ERR,ERR,ERR,ERR,ERR,ERR,ERR,ERR,ERR,ERR,ERR,ERR,ERR,ERR,ERR,ERR,ERR,ERR,ERR,ERR,ERR,ERR,ERR,ERR,ERR,ERR,34.0,80.0,35,0.0,0.0,0.0,0.0,0.0,0.0,0.0,0.0,0.0,0.0,0.0,0.0,0.0,0.0,0.0,0.0,64.4,0,116,56,49,65476,0,300,0,0,8,20529,65476,0,0,57672,80.0,0.0,0.0,0.0,0.0,0.0
2026-06-17T04:41:24,ERR,ERR,ERR,ERR,ERR,ERR,ERR,ERR,ERR,ERR,ERR,ERR,ERR,ERR,ERR,ERR,ERR,ERR,ERR,ERR,ERR,ERR,ERR,ERR,ERR,ERR,ERR,ERR,ERR,ERR,ERR,ERR,ERR,ERR,ERR,ERR,ERR,ERR,ERR,ERR,ERR,ERR,ERR,ERR,ERR,ERR,ERR,ERR,ERR,ERR,ERR,ERR,ERR,ERR,ERR,ERR,ERR,ERR,ERR,ERR,ERR,ERR,ERR,ERR,ERR,ERR,ERR,ERR,ERR,ERR,ERR,ERR,ERR,ERR,ERR,ERR,ERR,ERR,ERR,ERR,ERR,ERR,ERR,ERR,ERR,ERR,ERR,ERR,ERR,ERR,ERR,ERR,ERR,ERR,ERR,ERR,ERR,ERR,ERR,ERR,ERR,ERR,ERR,ERR,ERR,ERR,ERR,ERR,ERR,ERR,ERR,ERR,ERR,ERR,ERR,ERR,ERR,ERR,ERR,ERR,ERR,ERR,ERR,ERR,ERR,0.0,-0.0,3.028208139652935e+23,0.0,0.0,1.3936040501711995e+18,7.805,0.0,0,0,4,0,7300,-0.0,0,0.0,0.0,0.0,0.0,0.0,0,0,0,0,0.0,0,0,0,0,0,0,0,0,0,0,0,0,0,0,0,0,0,0,0,0,0,0,0,0,0,0,0,0,0,0,0,0,0,32,30,30,62,65476,0,300,0,0,8,21553,0.0,-107605600.0,0.0,0.0,0.0,0.0,0.0,0.0,0.0,0.0,0.0,0.0,0.0,0.0,0.0,0.0,0.0,0.0,0.0,0.0,0.0,0.0,2.004,-2.004,-0.0,-0.0,0.0,0.0,0.0,0.0,5432.0,8608195584.0,6922.0,0.0,-0.0,-107615280.0,-0.0,0.0,0.0,0.0,0.0,63,0.0,-0.0,0.0,0.0,0.0,0.0,0.0,0.0,0.0,0,0,0,0.0,0.0,0.0,0.0,0.0,0.0,0.0,0.0,0.0,0.0,0.0,0.0,0.0,0.0,0.0,0.0,0,-107875648.0,63,0.0,126,2.7184242562605685e+23,-0.0,ERR,ERR,ERR,ERR,ERR,ERR,ERR,ERR,ERR,ERR,ERR,ERR,ERR,ERR,ERR,ERR,ERR,ERR,ERR,ERR,ERR,ERR,ERR,ERR,ERR,ERR,ERR,ERR,ERR,ERR,ERR,ERR,ERR,ERR,ERR,ERR,ERR,ERR,ERR,ERR,ERR,ERR,ERR,ERR,ERR,ERR,ERR,ERR,ERR,ERR,ERR,ERR,ERR,ERR,ERR,ERR,ERR,ERR,ERR,ERR,ERR,ERR,ERR,ERR,ERR,ERR,ERR,34.0,80.0,35,0.0,0.0,0.0,0.0,0.0,0.0,0.0,0.0,0.0,0.0,0.0,0.0,0.0,0.0,0.0,0.0,64.4,0,116,56,49,65476,0,300,0,0,8,20529,65476,0,0,57672,80.0,0.0,0.0,0.0,0.0,0.0
2026-06-17T04:41:25,ERR,ERR,ERR,ERR,ERR,ERR,ERR,ERR,ERR,ERR,ERR,ERR,ERR,ERR,ERR,ERR,ERR,ERR,ERR,ERR,ERR,ERR,ERR,ERR,ERR,ERR,ERR,ERR,ERR,ERR,ERR,ERR,ERR,ERR,ERR,ERR,ERR,ERR,ERR,ERR,ERR,ERR,ERR,ERR,ERR,ERR,ERR,ERR,ERR,ERR,ERR,ERR,ERR,ERR,ERR,ERR,ERR,ERR,ERR,ERR,ERR,ERR,ERR,ERR,ERR,ERR,ERR,ERR,ERR,ERR,ERR,ERR,ERR,ERR,ERR,ERR,ERR,ERR,ERR,ERR,ERR,ERR,ERR,ERR,ERR,ERR,ERR,ERR,ERR,ERR,ERR,ERR,ERR,ERR,ERR,ERR,ERR,ERR,ERR,ERR,ERR,ERR,ERR,ERR,ERR,ERR,ERR,ERR,ERR,ERR,ERR,ERR,ERR,ERR,ERR,ERR,ERR,ERR,ERR,ERR,ERR,ERR,ERR,ERR,ERR,0.0,-0.0,3.028208139652935e+23,0.0,0.0,1.3936040501711995e+18,7.805,0.0,0,0,4,0,7300,-0.0,0,0.0,0.0,0.0,0.0,0.0,0,0,0,0,0.0,0,0,0,0,0,0,0,0,0,0,0,0,0,0,0,0,0,0,0,0,0,0,0,0,0,0,0,0,0,0,0,0,0,32,30,30,62,65476,0,300,0,0,8,21553,0.0,-107605600.0,0.0,0.0,0.0,0.0,0.0,0.0,0.0,0.0,0.0,0.0,0.0,0.0,0.0,0.0,0.0,0.0,0.0,0.0,0.0,0.0,2.004,-2.004,-0.0,-0.0,0.0,0.0,0.0,0.0,5434.0,1.0406669901790231e+34,6927.0,0.0,-0.0,-107615280.0,-0.0,0.0,0.0,0.0,0.0,63,0.0,-3.222008670201871e+26,0.0,0.0,0.0,0.0,0.0,0.0,0.0,0,0,0,0.0,0.0,0.0,0.0,0.0,0.0,0.0,0.0,0.0,0.0,0.0,0.0,0.0,0.0,0.0,0.0,0,-107875648.0,63,0.0,126,2.7184242562605685e+23,-0.0,ERR,ERR,ERR,ERR,ERR,ERR,ERR,ERR,ERR,ERR,ERR,ERR,ERR,ERR,ERR,ERR,ERR,ERR,ERR,ERR,ERR,ERR,ERR,ERR,ERR,ERR,ERR,ERR,ERR,ERR,ERR,ERR,ERR,ERR,ERR,ERR,ERR,ERR,ERR,ERR,ERR,ERR,ERR,ERR,ERR,ERR,ERR,ERR,ERR,ERR,ERR,ERR,ERR,ERR,ERR,ERR,ERR,ERR,ERR,ERR,ERR,ERR,ERR,ERR,ERR,ERR,ERR,34.0,80.0,35,0.0,0.0,0.0,0.0,0.0,0.0,0.0,0.0,0.0,0.0,0.0,0.0,0.0,0.0,0.0,0.0,64.4,0,116,56,49,65476,0,300,0,0,8,20529,65476,0,0,57672,80.0,0.0,0.0,0.0,0.0,0.0
2026-06-17T04:41:26,ERR,ERR,ERR,ERR,ERR,ERR,ERR,ERR,ERR,ERR,ERR,ERR,ERR,ERR,ERR,ERR,ERR,ERR,ERR,ERR,ERR,ERR,ERR,ERR,ERR,ERR,ERR,ERR,ERR,ERR,ERR,ERR,ERR,ERR,ERR,ERR,ERR,ERR,ERR,ERR,ERR,ERR,ERR,ERR,ERR,ERR,ERR,ERR,ERR,ERR,ERR,ERR,ERR,ERR,ERR,ERR,ERR,ERR,ERR,ERR,ERR,ERR,ERR,ERR,ERR,ERR,ERR,ERR,ERR,ERR,ERR,ERR,ERR,ERR,ERR,ERR,ERR,ERR,ERR,ERR,ERR,ERR,ERR,ERR,ERR,ERR,ERR,ERR,ERR,ERR,ERR,ERR,ERR,ERR,ERR,ERR,ERR,ERR,ERR,ERR,ERR,ERR,ERR,ERR,ERR,ERR,ERR,ERR,ERR,ERR,ERR,ERR,ERR,ERR,ERR,ERR,ERR,ERR,ERR,ERR,ERR,ERR,ERR,ERR,ERR,0.0,-0.0,3.028208139652935e+23,0.0,0.0,1.3936040501711995e+18,7.805,0.0,0,0,4,0,7300,-0.0,0,0.0,0.0,0.0,0.0,0.0,0,0,0,0,0.0,0,0,0,0,0,0,0,0,0,0,0,0,0,0,0,0,0,0,0,0,0,0,0,0,0,0,0,0,0,0,0,0,0,32,30,30,62,65476,0,300,0,0,8,21553,0.0,-107605600.0,0.0,0.0,0.0,0.0,0.0,0.0,0.0,0.0,0.0,0.0,0.0,0.0,0.0,0.0,0.0,0.0,0.0,0.0,0.0,0.0,2.004,-2.004,-0.0,-0.0,0.0,0.0,0.0,0.0,5434.0,1.0406669901790231e+34,6927.0,0.0,-0.0,-107615280.0,-0.0,0.0,0.0,0.0,0.0,63,0.0,-3.222008670201871e+26,0.0,0.0,0.0,0.0,0.0,0.0,0.0,0,0,0,0.0,0.0,0.0,0.0,0.0,0.0,0.0,0.0,0.0,0.0,0.0,0.0,0.0,0.0,0.0,0.0,0,-107875648.0,63,0.0,126,2.7184242562605685e+23,-0.0,ERR,ERR,ERR,ERR,ERR,ERR,ERR,ERR,ERR,ERR,ERR,ERR,ERR,ERR,ERR,ERR,ERR,ERR,ERR,ERR,ERR,ERR,ERR,ERR,ERR,ERR,ERR,ERR,ERR,ERR,ERR,ERR,ERR,ERR,ERR,ERR,ERR,ERR,ERR,ERR,ERR,ERR,ERR,ERR,ERR,ERR,ERR,ERR,ERR,ERR,ERR,ERR,ERR,ERR,ERR,ERR,ERR,ERR,ERR,ERR,ERR,ERR,ERR,ERR,ERR,ERR,ERR,34.0,80.0,35,0.0,0.0,0.0,0.0,0.0,0.0,0.0,0.0,0.0,0.0,0.0,0.0,0.0,0.0,0.0,0.0,64.4,0,116,56,49,65476,0,300,0,0,8,20529,65476,0,0,57672,80.0,0.0,0.0,0.0,0.0,0.0
2026-06-17T04:41:27,ERR,ERR,ERR,ERR,ERR,ERR,ERR,ERR,ERR,ERR,ERR,ERR,ERR,ERR,ERR,ERR,ERR,ERR,ERR,ERR,ERR,ERR,ERR,ERR,ERR,ERR,ERR,ERR,ERR,ERR,ERR,ERR,ERR,ERR,ERR,ERR,ERR,ERR,ERR,ERR,ERR,ERR,ERR,ERR,ERR,ERR,ERR,ERR,ERR,ERR,ERR,ERR,ERR,ERR,ERR,ERR,ERR,ERR,ERR,ERR,ERR,ERR,ERR,ERR,ERR,ERR,ERR,ERR,ERR,ERR,ERR,ERR,ERR,ERR,ERR,ERR,ERR,ERR,ERR,ERR,ERR,ERR,ERR,ERR,ERR,ERR,ERR,ERR,ERR,ERR,ERR,ERR,ERR,ERR,ERR,ERR,ERR,ERR,ERR,ERR,ERR,ERR,ERR,ERR,ERR,ERR,ERR,ERR,ERR,ERR,ERR,ERR,ERR,ERR,ERR,ERR,ERR,ERR,ERR,ERR,ERR,ERR,ERR,ERR,ERR,0.0,-0.0,3.028208139652935e+23,0.0,0.0,1.3936040501711995e+18,7.805,0.0,0,0,4,0,7300,-0.0,0,0.0,0.0,0.0,0.0,0.0,0,0,0,0,0.0,0,0,0,0,0,0,0,0,0,0,0,0,0,0,0,0,0,0,0,0,0,0,0,0,0,0,0,0,0,0,0,0,0,32,30,30,62,65476,0,300,0,0,8,21553,0.0,-107605600.0,0.0,0.0,0.0,0.0,0.0,0.0,0.0,0.0,0.0,0.0,0.0,0.0,0.0,0.0,0.0,0.0,0.0,0.0,0.0,0.0,2.004,-2.004,-0.0,-0.0,0.0,0.0,0.0,0.0,5434.0,1.0406669901790231e+34,6927.0,0.0,-0.0,-107615280.0,-0.0,0.0,0.0,0.0,0.0,63,0.0,-3.222008670201871e+26,0.0,0.0,0.0,0.0,0.0,0.0,0.0,0,0,0,0.0,0.0,0.0,0.0,0.0,0.0,0.0,0.0,0.0,0.0,0.0,0.0,0.0,0.0,0.0,0.0,0,-107875648.0,63,0.0,126,2.7184242562605685e+23,-0.0,ERR,ERR,ERR,ERR,ERR,ERR,ERR,ERR,ERR,ERR,ERR,ERR,ERR,ERR,ERR,ERR,ERR,ERR,ERR,ERR,ERR,ERR,ERR,ERR,ERR,ERR,ERR,ERR,ERR,ERR,ERR,ERR,ERR,ERR,ERR,ERR,ERR,ERR,ERR,ERR,ERR,ERR,ERR,ERR,ERR,ERR,ERR,ERR,ERR,ERR,ERR,ERR,ERR,ERR,ERR,ERR,ERR,ERR,ERR,ERR,ERR,ERR,ERR,ERR,ERR,ERR,ERR,34.0,80.0,35,0.0,0.0,0.0,0.0,0.0,0.0,0.0,0.0,0.0,0.0,0.0,0.0,0.0,0.0,0.0,0.0,64.4,0,116,56,49,65476,0,300,0,0,8,20529,65476,0,0,57672,80.0,0.0,0.0,0.0,0.0,0.0
2026-06-17T04:41:28,ERR,ERR,ERR,ERR,ERR,ERR,ERR,ERR,ERR,ERR,ERR,ERR,ERR,ERR,ERR,ERR,ERR,ERR,ERR,ERR,ERR,ERR,ERR,ERR,ERR,ERR,ERR,ERR,ERR,ERR,ERR,ERR,ERR,ERR,ERR,ERR,ERR,ERR,ERR,ERR,ERR,ERR,ERR,ERR,ERR,ERR,ERR,ERR,ERR,ERR,ERR,ERR,ERR,ERR,ERR,ERR,ERR,ERR,ERR,ERR,ERR,ERR,ERR,ERR,ERR,ERR,ERR,ERR,ERR,ERR,ERR,ERR,ERR,ERR,ERR,ERR,ERR,ERR,ERR,ERR,ERR,ERR,ERR,ERR,ERR,ERR,ERR,ERR,ERR,ERR,ERR,ERR,ERR,ERR,ERR,ERR,ERR,ERR,ERR,ERR,ERR,ERR,ERR,ERR,ERR,ERR,ERR,ERR,ERR,ERR,ERR,ERR,ERR,ERR,ERR,ERR,ERR,ERR,ERR,ERR,ERR,ERR,ERR,ERR,ERR,0.0,-0.0,3.028208139652935e+23,0.0,0.0,1.3936040501711995e+18,7.805,0.0,0,0,4,0,7300,-0.0,0,0.0,0.0,0.0,0.0,0.0,0,0,0,0,0.0,0,0,0,0,0,0,0,0,0,0,0,0,0,0,0,0,0,0,0,0,0,0,0,0,0,0,0,0,0,0,0,0,0,32,30,30,62,65476,0,300,0,0,8,21553,0.0,-107605600.0,0.0,0.0,0.0,0.0,0.0,0.0,0.0,0.0,0.0,0.0,0.0,0.0,0.0,0.0,0.0,0.0,0.0,0.0,0.0,0.0,2.004,-2.004,-0.0,-0.0,0.0,0.0,0.0,0.0,5434.0,1.0406669901790231e+34,6927.0,0.0,-0.0,-107615280.0,-0.0,0.0,0.0,0.0,0.0,63,0.0,-3.222008670201871e+26,0.0,0.0,0.0,0.0,0.0,0.0,0.0,0,0,0,0.0,0.0,0.0,0.0,0.0,0.0,0.0,0.0,0.0,0.0,0.0,0.0,0.0,0.0,0.0,0.0,0,-107875648.0,63,0.0,126,2.7184242562605685e+23,-0.0,ERR,ERR,ERR,ERR,ERR,ERR,ERR,ERR,ERR,ERR,ERR,ERR,ERR,ERR,ERR,ERR,ERR,ERR,ERR,ERR,ERR,ERR,ERR,ERR,ERR,ERR,ERR,ERR,ERR,ERR,ERR,ERR,ERR,ERR,ERR,ERR,ERR,ERR,ERR,ERR,ERR,ERR,ERR,ERR,ERR,ERR,ERR,ERR,ERR,ERR,ERR,ERR,ERR,ERR,ERR,ERR,ERR,ERR,ERR,ERR,ERR,ERR,ERR,ERR,ERR,ERR,ERR,34.0,80.0,35,0.0,0.0,0.0,0.0,0.0,0.0,0.0,0.0,0.0,0.0,0.0,0.0,0.0,0.0,0.0,0.0,64.4,0,116,56,49,65476,0,300,0,0,8,20529,65476,0,0,57672,80.0,0.0,0.0,0.0,0.0,0.0
2026-06-17T04:41:29,ERR,ERR,ERR,ERR,ERR,ERR,ERR,ERR,ERR,ERR,ERR,ERR,ERR,ERR,ERR,ERR,ERR,ERR,ERR,ERR,ERR,ERR,ERR,ERR,ERR,ERR,ERR,ERR,ERR,ERR,ERR,ERR,ERR,ERR,ERR,ERR,ERR,ERR,ERR,ERR,ERR,ERR,ERR,ERR,ERR,ERR,ERR,ERR,ERR,ERR,ERR,ERR,ERR,ERR,ERR,ERR,ERR,ERR,ERR,ERR,ERR,ERR,ERR,ERR,ERR,ERR,ERR,ERR,ERR,ERR,ERR,ERR,ERR,ERR,ERR,ERR,ERR,ERR,ERR,ERR,ERR,ERR,ERR,ERR,ERR,ERR,ERR,ERR,ERR,ERR,ERR,ERR,ERR,ERR,ERR,ERR,ERR,ERR,ERR,ERR,ERR,ERR,ERR,ERR,ERR,ERR,ERR,ERR,ERR,ERR,ERR,ERR,ERR,ERR,ERR,ERR,ERR,ERR,ERR,ERR,ERR,ERR,ERR,ERR,ERR,0.0,-0.0,3.028208139652935e+23,0.0,0.0,1.3936040501711995e+18,7.805,0.0,0,0,4,0,7300,-0.0,0,0.0,0.0,0.0,0.0,0.0,0,0,0,0,0.0,0,0,0,0,0,0,0,0,0,0,0,0,0,0,0,0,0,0,0,0,0,0,0,0,0,0,0,0,0,0,0,0,0,32,30,30,62,65476,0,300,0,0,8,21553,0.0,-107605600.0,0.0,0.0,0.0,0.0,0.0,0.0,0.0,0.0,0.0,0.0,0.0,0.0,0.0,0.0,0.0,0.0,0.0,0.0,0.0,0.0,2.004,-2.004,-0.0,-0.0,0.0,0.0,0.0,0.0,5434.0,1.0406669901790231e+34,6927.0,0.0,-0.0,-107615280.0,-0.0,0.0,0.0,0.0,0.0,63,0.0,-3.222008670201871e+26,0.0,0.0,0.0,0.0,0.0,0.0,0.0,0,0,0,0.0,0.0,0.0,0.0,0.0,0.0,0.0,0.0,0.0,0.0,0.0,0.0,0.0,0.0,0.0,0.0,0,-107875648.0,63,0.0,126,2.7184242562605685e+23,-0.0,ERR,ERR,ERR,ERR,ERR,ERR,ERR,ERR,ERR,ERR,ERR,ERR,ERR,ERR,ERR,ERR,ERR,ERR,ERR,ERR,ERR,ERR,ERR,ERR,ERR,ERR,ERR,ERR,ERR,ERR,ERR,ERR,ERR,ERR,ERR,ERR,ERR,ERR,ERR,ERR,ERR,ERR,ERR,ERR,ERR,ERR,ERR,ERR,ERR,ERR,ERR,ERR,ERR,ERR,ERR,ERR,ERR,ERR,ERR,ERR,ERR,ERR,ERR,ERR,ERR,ERR,ERR,34.0,80.0,35,0.0,0.0,0.0,0.0,0.0,0.0,0.0,0.0,0.0,0.0,0.0,0.0,0.0,0.0,0.0,0.0,64.4,0,116,56,49,65476,0,300,0,0,8,20529,65476,0,0,57672,80.0,0.0,0.0,0.0,0.0,0.0
2026-06-17T04:41:30,ERR,ERR,ERR,ERR,ERR,ERR,ERR,ERR,ERR,ERR,ERR,ERR,ERR,ERR,ERR,ERR,ERR,ERR,ERR,ERR,ERR,ERR,ERR,ERR,ERR,ERR,ERR,ERR,ERR,ERR,ERR,ERR,ERR,ERR,ERR,ERR,ERR,ERR,ERR,ERR,ERR,ERR,ERR,ERR,ERR,ERR,ERR,ERR,ERR,ERR,ERR,ERR,ERR,ERR,ERR,ERR,ERR,ERR,ERR,ERR,ERR,ERR,ERR,ERR,ERR,ERR,ERR,ERR,ERR,ERR,ERR,ERR,ERR,ERR,ERR,ERR,ERR,ERR,ERR,ERR,ERR,ERR,ERR,ERR,ERR,ERR,ERR,ERR,ERR,ERR,ERR,ERR,ERR,ERR,ERR,ERR,ERR,ERR,ERR,ERR,ERR,ERR,ERR,ERR,ERR,ERR,ERR,ERR,ERR,ERR,ERR,ERR,ERR,ERR,ERR,ERR,ERR,ERR,ERR,ERR,ERR,ERR,ERR,ERR,ERR,0.0,-0.0,3.028208139652935e+23,0.0,0.0,1.3936040501711995e+18,7.805,0.0,0,0,4,0,7300,-0.0,0,0.0,0.0,0.0,0.0,0.0,0,0,0,0,0.0,0,0,0,0,0,0,0,0,0,0,0,0,0,0,0,0,0,0,0,0,0,0,0,0,0,0,0,0,0,0,0,0,0,32,30,30,62,65476,0,300,0,0,8,21553,0.0,-107605600.0,0.0,0.0,0.0,0.0,0.0,0.0,0.0,0.0,0.0,0.0,0.0,0.0,0.0,0.0,0.0,0.0,0.0,0.0,0.0,0.0,2.004,-2.004,-0.0,-0.0,0.0,0.0,0.0,0.0,5434.0,1.0406669901790231e+34,6927.0,0.0,-0.0,-107615280.0,2.7184296605801213e+23,0.0,0.0,0.0,0.0,63,0.0,0.0,0.0,0.0,0.0,0.0,0.0,0.0,0.0,0,0,0,0.0,0.0,0.0,0.0,0.0,0.0,0.0,0.0,0.0,0.0,0.0,0.0,0.0,0.0,0.0,0.0,0,-107875648.0,63,0.0,126,2.7184242562605685e+23,-0.0,ERR,ERR,ERR,ERR,ERR,ERR,ERR,ERR,ERR,ERR,ERR,ERR,ERR,ERR,ERR,ERR,ERR,ERR,ERR,ERR,ERR,ERR,ERR,ERR,ERR,ERR,ERR,ERR,ERR,ERR,ERR,ERR,ERR,ERR,ERR,ERR,ERR,ERR,ERR,ERR,ERR,ERR,ERR,ERR,ERR,ERR,ERR,ERR,ERR,ERR,ERR,ERR,ERR,ERR,ERR,ERR,ERR,ERR,ERR,ERR,ERR,ERR,ERR,ERR,ERR,ERR,ERR,34.0,80.0,35,0.0,0.0,0.0,0.0,0.0,0.0,0.0,0.0,0.0,0.0,0.0,0.0,0.0,0.0,0.0,0.0,64.4,0,116,56,49,65476,0,300,0,0,8,20529,65476,0,0,57672,80.0,0.0,0.0,0.0,0.0,0.0
2026-06-17T04:41:31,ERR,ERR,ERR,ERR,ERR,ERR,ERR,ERR,ERR,ERR,ERR,ERR,ERR,ERR,ERR,ERR,ERR,ERR,ERR,ERR,ERR,ERR,ERR,ERR,ERR,ERR,ERR,ERR,ERR,ERR,ERR,ERR,ERR,ERR,ERR,ERR,ERR,ERR,ERR,ERR,ERR,ERR,ERR,ERR,ERR,ERR,ERR,ERR,ERR,ERR,ERR,ERR,ERR,ERR,ERR,ERR,ERR,ERR,ERR,ERR,ERR,ERR,ERR,ERR,ERR,ERR,ERR,ERR,ERR,ERR,ERR,ERR,ERR,ERR,ERR,ERR,ERR,ERR,ERR,ERR,ERR,ERR,ERR,ERR,ERR,ERR,ERR,ERR,ERR,ERR,ERR,ERR,ERR,ERR,ERR,ERR,ERR,ERR,ERR,ERR,ERR,ERR,ERR,ERR,ERR,ERR,ERR,ERR,ERR,ERR,ERR,ERR,ERR,ERR,ERR,ERR,ERR,ERR,ERR,ERR,ERR,ERR,ERR,ERR,ERR,0.0,-0.0,3.028208139652935e+23,0.0,0.0,1.3936040501711995e+18,7.805,0.0,0,0,4,0,7300,-0.0,0,0.0,0.0,0.0,0.0,0.0,0,0,0,0,0.0,0,0,0,0,0,0,0,0,0,0,0,0,0,0,0,0,0,0,0,0,0,0,0,0,0,0,0,0,0,0,0,0,0,32,30,30,62,65476,0,300,0,0,8,21553,0.0,-107605600.0,0.0,0.0,0.0,0.0,0.0,0.0,0.0,0.0,0.0,0.0,0.0,0.0,0.0,0.0,0.0,0.0,0.0,0.0,0.0,0.0,2.004,-2.004,-0.0,-0.0,0.0,0.0,0.0,0.0,5434.0,1.0406669901790231e+34,6927.0,0.0,-0.0,-107615280.0,2.7184296605801213e+23,0.0,0.0,0.0,0.0,63,0.0,0.0,0.0,0.0,0.0,0.0,0.0,0.0,0.0,0,0,0,0.0,0.0,0.0,0.0,0.0,0.0,0.0,0.0,0.0,0.0,0.0,0.0,0.0,0.0,0.0,0.0,0,-107875648.0,63,0.0,126,2.7184242562605685e+23,-0.0,ERR,ERR,ERR,ERR,ERR,ERR,ERR,ERR,ERR,ERR,ERR,ERR,ERR,ERR,ERR,ERR,ERR,ERR,ERR,ERR,ERR,ERR,ERR,ERR,ERR,ERR,ERR,ERR,ERR,ERR,ERR,ERR,ERR,ERR,ERR,ERR,ERR,ERR,ERR,ERR,ERR,ERR,ERR,ERR,ERR,ERR,ERR,ERR,ERR,ERR,ERR,ERR,ERR,ERR,ERR,ERR,ERR,ERR,ERR,ERR,ERR,ERR,ERR,ERR,ERR,ERR,ERR,34.0,80.0,35,0.0,0.0,0.0,0.0,0.0,0.0,0.0,0.0,0.0,0.0,0.0,0.0,0.0,0.0,0.0,0.0,64.4,0,116,56,49,65476,0,300,0,0,8,20529,65476,0,0,57672,80.0,0.0,0.0,0.0,0.0,0.0
2026-06-17T04:41:32,ERR,ERR,ERR,ERR,ERR,ERR,ERR,ERR,ERR,ERR,ERR,ERR,ERR,ERR,ERR,ERR,ERR,ERR,ERR,ERR,ERR,ERR,ERR,ERR,ERR,ERR,ERR,ERR,ERR,ERR,ERR,ERR,ERR,ERR,ERR,ERR,ERR,ERR,ERR,ERR,ERR,ERR,ERR,ERR,ERR,ERR,ERR,ERR,ERR,ERR,ERR,ERR,ERR,ERR,ERR,ERR,ERR,ERR,ERR,ERR,ERR,ERR,ERR,ERR,ERR,ERR,ERR,ERR,ERR,ERR,ERR,ERR,ERR,ERR,ERR,ERR,ERR,ERR,ERR,ERR,ERR,ERR,ERR,ERR,ERR,ERR,ERR,ERR,ERR,ERR,ERR,ERR,ERR,ERR,ERR,ERR,ERR,ERR,ERR,ERR,ERR,ERR,ERR,ERR,ERR,ERR,ERR,ERR,ERR,ERR,ERR,ERR,ERR,ERR,ERR,ERR,ERR,ERR,ERR,ERR,ERR,ERR,ERR,ERR,ERR,0.0,-0.0,3.028208139652935e+23,0.0,0.0,1.3936040501711995e+18,7.805,0.0,0,0,4,0,7300,-0.0,0,0.0,0.0,0.0,0.0,0.0,0,0,0,0,0.0,0,0,0,0,0,0,0,0,0,0,0,0,0,0,0,0,0,0,0,0,0,0,0,0,0,0,0,0,0,0,0,0,0,32,30,30,62,65476,0,300,0,0,8,21553,0.0,-107605600.0,0.0,0.0,0.0,0.0,0.0,0.0,0.0,0.0,0.0,0.0,0.0,0.0,0.0,0.0,0.0,0.0,0.0,0.0,0.0,0.0,2.004,-2.004,-0.0,-0.0,0.0,0.0,0.0,0.0,5434.0,1.0406669901790231e+34,6927.0,0.0,-0.0,-107615280.0,2.7184296605801213e+23,0.0,0.0,0.0,0.0,63,0.0,0.0,0.0,0.0,0.0,0.0,0.0,0.0,0.0,0,0,0,0.0,0.0,0.0,0.0,0.0,0.0,0.0,0.0,0.0,0.0,0.0,0.0,0.0,0.0,0.0,0.0,0,-107875648.0,63,0.0,126,2.7184242562605685e+23,-0.0,ERR,ERR,ERR,ERR,ERR,ERR,ERR,ERR,ERR,ERR,ERR,ERR,ERR,ERR,ERR,ERR,ERR,ERR,ERR,ERR,ERR,ERR,ERR,ERR,ERR,ERR,ERR,ERR,ERR,ERR,ERR,ERR,ERR,ERR,ERR,ERR,ERR,ERR,ERR,ERR,ERR,ERR,ERR,ERR,ERR,ERR,ERR,ERR,ERR,ERR,ERR,ERR,ERR,ERR,ERR,ERR,ERR,ERR,ERR,ERR,ERR,ERR,ERR,ERR,ERR,ERR,ERR,34.0,80.0,35,0.0,0.0,0.0,0.0,0.0,0.0,0.0,0.0,0.0,0.0,0.0,0.0,0.0,0.0,0.0,0.0,64.4,0,116,56,49,65476,0,300,0,0,8,20529,65476,0,0,57672,80.0,0.0,0.0,0.0,0.0,0.0
2026-06-17T04:41:33,ERR,ERR,ERR,ERR,ERR,ERR,ERR,ERR,ERR,ERR,ERR,ERR,ERR,ERR,ERR,ERR,ERR,ERR,ERR,ERR,ERR,ERR,ERR,ERR,ERR,ERR,ERR,ERR,ERR,ERR,ERR,ERR,ERR,ERR,ERR,ERR,ERR,ERR,ERR,ERR,ERR,ERR,ERR,ERR,ERR,ERR,ERR,ERR,ERR,ERR,ERR,ERR,ERR,ERR,ERR,ERR,ERR,ERR,ERR,ERR,ERR,ERR,ERR,ERR,ERR,ERR,ERR,ERR,ERR,ERR,ERR,ERR,ERR,ERR,ERR,ERR,ERR,ERR,ERR,ERR,ERR,ERR,ERR,ERR,ERR,ERR,ERR,ERR,ERR,ERR,ERR,ERR,ERR,ERR,ERR,ERR,ERR,ERR,ERR,ERR,ERR,ERR,ERR,ERR,ERR,ERR,ERR,ERR,ERR,ERR,ERR,ERR,ERR,ERR,ERR,ERR,ERR,ERR,ERR,ERR,ERR,ERR,ERR,ERR,ERR,0.0,-0.0,3.028208139652935e+23,0.0,0.0,1.3936040501711995e+18,7.805,0.0,0,0,4,0,7300,-0.0,0,0.0,0.0,0.0,0.0,0.0,0,0,0,0,0.0,0,0,0,0,0,0,0,0,0,0,0,0,0,0,0,0,0,0,0,0,0,0,0,0,0,0,0,0,0,0,0,0,0,32,30,30,62,65476,0,300,0,0,8,21553,0.0,-107605600.0,0.0,0.0,0.0,0.0,0.0,0.0,0.0,0.0,0.0,0.0,0.0,0.0,0.0,0.0,0.0,0.0,0.0,0.0,0.0,0.0,2.004,-2.004,-0.0,-0.0,0.0,0.0,0.0,0.0,5434.0,1.0406669901790231e+34,6927.0,0.0,-0.0,-107615280.0,2.7184296605801213e+23,0.0,0.0,0.0,0.0,63,0.0,0.0,0.0,0.0,0.0,0.0,0.0,0.0,0.0,0,0,0,0.0,0.0,0.0,0.0,0.0,0.0,0.0,0.0,0.0,0.0,0.0,0.0,0.0,0.0,0.0,0.0,0,-107875648.0,63,0.0,126,2.7184242562605685e+23,-0.0,ERR,ERR,ERR,ERR,ERR,ERR,ERR,ERR,ERR,ERR,ERR,ERR,ERR,ERR,ERR,ERR,ERR,ERR,ERR,ERR,ERR,ERR,ERR,ERR,ERR,ERR,ERR,ERR,ERR,ERR,ERR,ERR,ERR,ERR,ERR,ERR,ERR,ERR,ERR,ERR,ERR,ERR,ERR,ERR,ERR,ERR,ERR,ERR,ERR,ERR,ERR,ERR,ERR,ERR,ERR,ERR,ERR,ERR,ERR,ERR,ERR,ERR,ERR,ERR,ERR,ERR,ERR,34.0,80.0,35,0.0,0.0,0.0,0.0,0.0,0.0,0.0,0.0,0.0,0.0,0.0,0.0,0.0,0.0,0.0,0.0,64.4,0,116,56,49,65476,0,300,0,0,8,20529,65476,0,0,57672,80.0,0.0,0.0,0.0,0.0,0.0
2026-06-17T04:41:34,ERR,ERR,ERR,ERR,ERR,ERR,ERR,ERR,ERR,ERR,ERR,ERR,ERR,ERR,ERR,ERR,ERR,ERR,ERR,ERR,ERR,ERR,ERR,ERR,ERR,ERR,ERR,ERR,ERR,ERR,ERR,ERR,ERR,ERR,ERR,ERR,ERR,ERR,ERR,ERR,ERR,ERR,ERR,ERR,ERR,ERR,ERR,ERR,ERR,ERR,ERR,ERR,ERR,ERR,ERR,ERR,ERR,ERR,ERR,ERR,ERR,ERR,ERR,ERR,ERR,ERR,ERR,ERR,ERR,ERR,ERR,ERR,ERR,ERR,ERR,ERR,ERR,ERR,ERR,ERR,ERR,ERR,ERR,ERR,ERR,ERR,ERR,ERR,ERR,ERR,ERR,ERR,ERR,ERR,ERR,ERR,ERR,ERR,ERR,ERR,ERR,ERR,ERR,ERR,ERR,ERR,ERR,ERR,ERR,ERR,ERR,ERR,ERR,ERR,ERR,ERR,ERR,ERR,ERR,ERR,ERR,ERR,ERR,ERR,ERR,0.0,-0.0,3.028208139652935e+23,0.0,0.0,1.3936040501711995e+18,7.805,0.0,0,0,4,0,7300,-0.0,0,0.0,0.0,0.0,0.0,0.0,0,0,0,0,0.0,0,0,0,0,0,0,0,0,0,0,0,0,0,0,0,0,0,0,0,0,0,0,0,0,0,0,0,0,0,0,0,0,0,32,30,30,62,65476,0,300,0,0,8,21553,0.0,-107605600.0,0.0,0.0,0.0,0.0,0.0,0.0,0.0,0.0,0.0,0.0,0.0,0.0,0.0,0.0,0.0,0.0,0.0,0.0,0.0,0.0,2.004,-2.004,-0.0,-0.0,0.0,0.0,0.0,0.0,5434.0,1.0406669901790231e+34,6927.0,0.0,-0.0,-107615280.0,2.7184296605801213e+23,0.0,0.0,0.0,0.0,63,0.0,0.0,0.0,0.0,0.0,0.0,0.0,0.0,0.0,0,0,0,0.0,0.0,0.0,0.0,0.0,0.0,0.0,0.0,0.0,0.0,0.0,0.0,0.0,0.0,0.0,0.0,0,-107875648.0,63,0.0,126,2.7184242562605685e+23,-0.0,ERR,ERR,ERR,ERR,ERR,ERR,ERR,ERR,ERR,ERR,ERR,ERR,ERR,ERR,ERR,ERR,ERR,ERR,ERR,ERR,ERR,ERR,ERR,ERR,ERR,ERR,ERR,ERR,ERR,ERR,ERR,ERR,ERR,ERR,ERR,ERR,ERR,ERR,ERR,ERR,ERR,ERR,ERR,ERR,ERR,ERR,ERR,ERR,ERR,ERR,ERR,ERR,ERR,ERR,ERR,ERR,ERR,ERR,ERR,ERR,ERR,ERR,ERR,ERR,ERR,ERR,ERR,34.0,80.0,35,0.0,0.0,0.0,0.0,0.0,0.0,0.0,0.0,0.0,0.0,0.0,0.0,0.0,0.0,0.0,0.0,64.4,0,116,56,49,65476,0,300,0,0,8,20529,65476,0,0,57672,80.0,0.0,0.0,0.0,0.0,0.0
2026-06-17T04:41:35,ERR,ERR,ERR,ERR,ERR,ERR,ERR,ERR,ERR,ERR,ERR,ERR,ERR,ERR,ERR,ERR,ERR,ERR,ERR,ERR,ERR,ERR,ERR,ERR,ERR,ERR,ERR,ERR,ERR,ERR,ERR,ERR,ERR,ERR,ERR,ERR,ERR,ERR,ERR,ERR,ERR,ERR,ERR,ERR,ERR,ERR,ERR,ERR,ERR,ERR,ERR,ERR,ERR,ERR,ERR,ERR,ERR,ERR,ERR,ERR,ERR,ERR,ERR,ERR,ERR,ERR,ERR,ERR,ERR,ERR,ERR,ERR,ERR,ERR,ERR,ERR,ERR,ERR,ERR,ERR,ERR,ERR,ERR,ERR,ERR,ERR,ERR,ERR,ERR,ERR,ERR,ERR,ERR,ERR,ERR,ERR,ERR,ERR,ERR,ERR,ERR,ERR,ERR,ERR,ERR,ERR,ERR,ERR,ERR,ERR,ERR,ERR,ERR,ERR,ERR,ERR,ERR,ERR,ERR,ERR,ERR,ERR,ERR,ERR,ERR,0.0,-0.0,-0.0,0.0,0.0,1.3936040501711995e+18,7.805,0.0,0,0,4,0,7300,-0.0,0,0.0,0.0,0.0,0.0,0.0,0,0,0,0,0.0,0,0,0,0,0,0,0,0,0,0,0,0,0,0,0,0,0,0,0,0,0,0,0,0,0,0,0,0,0,0,0,0,0,32,30,30,62,65476,0,300,0,0,8,21553,0.0,-107605600.0,0.0,0.0,0.0,0.0,0.0,0.0,0.0,0.0,0.0,0.0,0.0,0.0,0.0,0.0,0.0,0.0,0.0,0.0,0.0,0.0,2.004,-2.004,-0.0,-2.004,0.0,0.0,0.0,0.0,5435.0,-0.0,6930.0,0.0,-0.0,-107615280.0,2.7184296605801213e+23,0.0,0.0,0.0,0.0,63,0.0,0.0,0.0,0.0,0.0,0.0,0.0,0.0,0.0,0,0,0,0.0,0.0,0.0,0.0,0.0,0.0,0.0,0.0,0.0,0.0,0.0,0.0,0.0,0.0,0.0,0.0,0,-107875648.0,63,0.0,126,2.7184242562605685e+23,-0.0,ERR,ERR,ERR,ERR,ERR,ERR,ERR,ERR,ERR,ERR,ERR,ERR,ERR,ERR,ERR,ERR,ERR,ERR,ERR,ERR,ERR,ERR,ERR,ERR,ERR,ERR,ERR,ERR,ERR,ERR,ERR,ERR,ERR,ERR,ERR,ERR,ERR,ERR,ERR,ERR,ERR,ERR,ERR,ERR,ERR,ERR,ERR,ERR,ERR,ERR,ERR,ERR,ERR,ERR,ERR,ERR,ERR,ERR,ERR,ERR,ERR,ERR,ERR,ERR,ERR,ERR,ERR,34.0,80.0,35,0.0,0.0,0.0,0.0,0.0,0.0,0.0,0.0,0.0,0.0,0.0,0.0,0.0,0.0,0.0,0.0,64.4,0,116,56,49,65476,0,300,0,0,8,20529,65476,0,0,57672,80.0,0.0,0.0,0.0,0.0,0.0
2026-06-17T04:41:36,ERR,ERR,ERR,ERR,ERR,ERR,ERR,ERR,ERR,ERR,ERR,ERR,ERR,ERR,ERR,ERR,ERR,ERR,ERR,ERR,ERR,ERR,ERR,ERR,ERR,ERR,ERR,ERR,ERR,ERR,ERR,ERR,ERR,ERR,ERR,ERR,ERR,ERR,ERR,ERR,ERR,ERR,ERR,ERR,ERR,ERR,ERR,ERR,ERR,ERR,ERR,ERR,ERR,ERR,ERR,ERR,ERR,ERR,ERR,ERR,ERR,ERR,ERR,ERR,ERR,ERR,ERR,ERR,ERR,ERR,ERR,ERR,ERR,ERR,ERR,ERR,ERR,ERR,ERR,ERR,ERR,ERR,ERR,ERR,ERR,ERR,ERR,ERR,ERR,ERR,ERR,ERR,ERR,ERR,ERR,ERR,ERR,ERR,ERR,ERR,ERR,ERR,ERR,ERR,ERR,ERR,ERR,ERR,ERR,ERR,ERR,ERR,ERR,ERR,ERR,ERR,ERR,ERR,ERR,ERR,ERR,ERR,ERR,ERR,ERR,0.0,-0.0,-0.0,0.0,0.0,1.3936040501711995e+18,7.805,0.0,0,0,4,0,7300,-0.0,0,0.0,0.0,0.0,0.0,0.0,0,0,0,0,0.0,0,0,0,0,0,0,0,0,0,0,0,0,0,0,0,0,0,0,0,0,0,0,0,0,0,0,0,0,0,0,0,0,0,32,30,30,62,65476,0,300,0,0,8,21553,0.0,-107605600.0,0.0,0.0,0.0,0.0,0.0,0.0,0.0,0.0,0.0,0.0,0.0,0.0,0.0,0.0,0.0,0.0,0.0,0.0,0.0,0.0,2.004,-2.004,-0.0,-2.004,0.0,0.0,0.0,0.0,5435.0,-0.0,6930.0,0.0,-0.0,-107615280.0,2.7184296605801213e+23,0.0,0.0,0.0,0.0,63,0.0,0.0,0.0,0.0,0.0,0.0,0.0,0.0,0.0,0,0,0,0.0,0.0,0.0,0.0,0.0,0.0,0.0,0.0,0.0,0.0,0.0,0.0,0.0,0.0,0.0,0.0,0,-107875648.0,63,0.0,126,2.7184242562605685e+23,-0.0,ERR,ERR,ERR,ERR,ERR,ERR,ERR,ERR,ERR,ERR,ERR,ERR,ERR,ERR,ERR,ERR,ERR,ERR,ERR,ERR,ERR,ERR,ERR,ERR,ERR,ERR,ERR,ERR,ERR,ERR,ERR,ERR,ERR,ERR,ERR,ERR,ERR,ERR,ERR,ERR,ERR,ERR,ERR,ERR,ERR,ERR,ERR,ERR,ERR,ERR,ERR,ERR,ERR,ERR,ERR,ERR,ERR,ERR,ERR,ERR,ERR,ERR,ERR,ERR,ERR,ERR,ERR,34.0,80.0,35,0.0,0.0,0.0,0.0,0.0,0.0,0.0,0.0,0.0,0.0,0.0,0.0,0.0,0.0,0.0,0.0,64.4,0,116,56,49,65476,0,300,0,0,8,20529,65476,0,0,57672,80.0,0.0,0.0,0.0,0.0,0.0
2026-06-17T04:41:37,ERR,ERR,ERR,ERR,ERR,ERR,ERR,ERR,ERR,ERR,ERR,ERR,ERR,ERR,ERR,ERR,ERR,ERR,ERR,ERR,ERR,ERR,ERR,ERR,ERR,ERR,ERR,ERR,ERR,ERR,ERR,ERR,ERR,ERR,ERR,ERR,ERR,ERR,ERR,ERR,ERR,ERR,ERR,ERR,ERR,ERR,ERR,ERR,ERR,ERR,ERR,ERR,ERR,ERR,ERR,ERR,ERR,ERR,ERR,ERR,ERR,ERR,ERR,ERR,ERR,ERR,ERR,ERR,ERR,ERR,ERR,ERR,ERR,ERR,ERR,ERR,ERR,ERR,ERR,ERR,ERR,ERR,ERR,ERR,ERR,ERR,ERR,ERR,ERR,ERR,ERR,ERR,ERR,ERR,ERR,ERR,ERR,ERR,ERR,ERR,ERR,ERR,ERR,ERR,ERR,ERR,ERR,ERR,ERR,ERR,ERR,ERR,ERR,ERR,ERR,ERR,ERR,ERR,ERR,ERR,ERR,ERR,ERR,ERR,ERR,0.0,-0.0,-0.0,0.0,0.0,1.3936040501711995e+18,7.805,0.0,0,0,4,0,7300,-0.0,0,0.0,0.0,0.0,0.0,0.0,0,0,0,0,0.0,0,0,0,0,0,0,0,0,0,0,0,0,0,0,0,0,0,0,0,0,0,0,0,0,0,0,0,0,0,0,0,0,0,32,30,30,62,65476,0,300,0,0,8,21553,0.0,-107605600.0,0.0,0.0,0.0,0.0,0.0,0.0,0.0,0.0,0.0,0.0,0.0,0.0,0.0,0.0,0.0,0.0,0.0,0.0,0.0,0.0,2.004,-2.004,-0.0,-2.004,0.0,0.0,0.0,0.0,5435.0,-0.0,6930.0,0.0,-0.0,-107615280.0,2.7184296605801213e+23,0.0,0.0,0.0,0.0,63,0.0,0.0,0.0,0.0,0.0,0.0,0.0,0.0,0.0,0,0,0,0.0,0.0,0.0,0.0,0.0,0.0,0.0,0.0,0.0,0.0,0.0,0.0,0.0,0.0,0.0,0.0,0,-107875648.0,63,0.0,126,2.7184242562605685e+23,-0.0,ERR,ERR,ERR,ERR,ERR,ERR,ERR,ERR,ERR,ERR,ERR,ERR,ERR,ERR,ERR,ERR,ERR,ERR,ERR,ERR,ERR,ERR,ERR,ERR,ERR,ERR,ERR,ERR,ERR,ERR,ERR,ERR,ERR,ERR,ERR,ERR,ERR,ERR,ERR,ERR,ERR,ERR,ERR,ERR,ERR,ERR,ERR,ERR,ERR,ERR,ERR,ERR,ERR,ERR,ERR,ERR,ERR,ERR,ERR,ERR,ERR,ERR,ERR,ERR,ERR,ERR,ERR,34.0,80.0,35,0.0,0.0,0.0,0.0,0.0,0.0,0.0,0.0,0.0,0.0,0.0,0.0,0.0,0.0,0.0,0.0,64.4,0,116,56,49,65476,0,300,0,0,8,20529,65476,0,0,57672,80.0,0.0,0.0,0.0,0.0,0.0
2026-06-17T04:41:38,ERR,ERR,ERR,ERR,ERR,ERR,ERR,ERR,ERR,ERR,ERR,ERR,ERR,ERR,ERR,ERR,ERR,ERR,ERR,ERR,ERR,ERR,ERR,ERR,ERR,ERR,ERR,ERR,ERR,ERR,ERR,ERR,ERR,ERR,ERR,ERR,ERR,ERR,ERR,ERR,ERR,ERR,ERR,ERR,ERR,ERR,ERR,ERR,ERR,ERR,ERR,ERR,ERR,ERR,ERR,ERR,ERR,ERR,ERR,ERR,ERR,ERR,ERR,ERR,ERR,ERR,ERR,ERR,ERR,ERR,ERR,ERR,ERR,ERR,ERR,ERR,ERR,ERR,ERR,ERR,ERR,ERR,ERR,ERR,ERR,ERR,ERR,ERR,ERR,ERR,ERR,ERR,ERR,ERR,ERR,ERR,ERR,ERR,ERR,ERR,ERR,ERR,ERR,ERR,ERR,ERR,ERR,ERR,ERR,ERR,ERR,ERR,ERR,ERR,ERR,ERR,ERR,ERR,ERR,ERR,ERR,ERR,ERR,ERR,ERR,0.0,-0.0,-0.0,0.0,0.0,1.3936040501711995e+18,7.805,0.0,0,0,4,0,7300,-0.0,0,0.0,0.0,0.0,0.0,0.0,0,0,0,0,0.0,0,0,0,0,0,0,0,0,0,0,0,0,0,0,0,0,0,0,0,0,0,0,0,0,0,0,0,0,0,0,0,0,0,32,30,30,62,65476,0,300,0,0,8,21553,0.0,-107605600.0,0.0,0.0,0.0,0.0,0.0,0.0,0.0,0.0,0.0,0.0,0.0,0.0,0.0,0.0,0.0,0.0,0.0,0.0,0.0,0.0,2.004,-2.004,-0.0,-2.004,0.0,0.0,0.0,0.0,5435.0,-0.0,6930.0,0.0,-0.0,-107615280.0,2.7184296605801213e+23,0.0,0.0,0.0,0.0,63,0.0,0.0,0.0,0.0,0.0,0.0,0.0,0.0,0.0,0,0,0,0.0,0.0,0.0,0.0,0.0,0.0,0.0,0.0,0.0,0.0,0.0,0.0,0.0,0.0,0.0,0.0,0,-107875648.0,63,0.0,126,2.7184242562605685e+23,-0.0,ERR,ERR,ERR,ERR,ERR,ERR,ERR,ERR,ERR,ERR,ERR,ERR,ERR,ERR,ERR,ERR,ERR,ERR,ERR,ERR,ERR,ERR,ERR,ERR,ERR,ERR,ERR,ERR,ERR,ERR,ERR,ERR,ERR,ERR,ERR,ERR,ERR,ERR,ERR,ERR,ERR,ERR,ERR,ERR,ERR,ERR,ERR,ERR,ERR,ERR,ERR,ERR,ERR,ERR,ERR,ERR,ERR,ERR,ERR,ERR,ERR,ERR,ERR,ERR,ERR,ERR,ERR,34.0,80.0,35,0.0,0.0,0.0,0.0,0.0,0.0,0.0,0.0,0.0,0.0,0.0,0.0,0.0,0.0,0.0,0.0,64.4,0,116,56,49,65476,0,300,0,0,8,20529,65476,0,0,57672,80.0,0.0,0.0,0.0,0.0,0.0
2026-06-17T04:41:39,ERR,ERR,ERR,ERR,ERR,ERR,ERR,ERR,ERR,ERR,ERR,ERR,ERR,ERR,ERR,ERR,ERR,ERR,ERR,ERR,ERR,ERR,ERR,ERR,ERR,ERR,ERR,ERR,ERR,ERR,ERR,ERR,ERR,ERR,ERR,ERR,ERR,ERR,ERR,ERR,ERR,ERR,ERR,ERR,ERR,ERR,ERR,ERR,ERR,ERR,ERR,ERR,ERR,ERR,ERR,ERR,ERR,ERR,ERR,ERR,ERR,ERR,ERR,ERR,ERR,ERR,ERR,ERR,ERR,ERR,ERR,ERR,ERR,ERR,ERR,ERR,ERR,ERR,ERR,ERR,ERR,ERR,ERR,ERR,ERR,ERR,ERR,ERR,ERR,ERR,ERR,ERR,ERR,ERR,ERR,ERR,ERR,ERR,ERR,ERR,ERR,ERR,ERR,ERR,ERR,ERR,ERR,ERR,ERR,ERR,ERR,ERR,ERR,ERR,ERR,ERR,ERR,ERR,ERR,ERR,ERR,ERR,ERR,ERR,ERR,0.0,-0.0,-0.0,0.0,0.0,1.3936040501711995e+18,7.805,0.0,0,0,4,0,7300,-0.0,0,0.0,0.0,0.0,0.0,0.0,0,0,0,0,0.0,0,0,0,0,0,0,0,0,0,0,0,0,0,0,0,0,0,0,0,0,0,0,0,0,0,0,0,0,0,0,0,0,0,32,30,30,62,65476,0,300,0,0,8,21553,0.0,-107605600.0,0.0,0.0,0.0,0.0,0.0,0.0,0.0,0.0,0.0,0.0,0.0,0.0,0.0,0.0,0.0,0.0,0.0,0.0,0.0,0.0,2.004,-2.004,-0.0,-2.004,0.0,0.0,0.0,0.0,5435.0,-0.0,6930.0,0.0,-0.0,-107615280.0,2.7184296605801213e+23,0.0,0.0,0.0,0.0,63,0.0,0.0,0.0,0.0,0.0,0.0,0.0,0.0,0.0,0,0,0,0.0,0.0,0.0,0.0,0.0,0.0,0.0,0.0,0.0,0.0,0.0,0.0,0.0,0.0,0.0,0.0,0,-107875648.0,63,0.0,126,2.7184242562605685e+23,-0.0,ERR,ERR,ERR,ERR,ERR,ERR,ERR,ERR,ERR,ERR,ERR,ERR,ERR,ERR,ERR,ERR,ERR,ERR,ERR,ERR,ERR,ERR,ERR,ERR,ERR,ERR,ERR,ERR,ERR,ERR,ERR,ERR,ERR,ERR,ERR,ERR,ERR,ERR,ERR,ERR,ERR,ERR,ERR,ERR,ERR,ERR,ERR,ERR,ERR,ERR,ERR,ERR,ERR,ERR,ERR,ERR,ERR,ERR,ERR,ERR,ERR,ERR,ERR,ERR,ERR,ERR,ERR,34.0,80.0,35,0.0,0.0,0.0,0.0,0.0,0.0,0.0,0.0,0.0,0.0,0.0,0.0,0.0,0.0,0.0,0.0,64.4,0,116,56,49,65476,0,300,0,0,8,20529,65476,0,0,57672,80.0,0.0,0.0,0.0,0.0,0.0
2026-06-17T04:41:40,ERR,ERR,ERR,ERR,ERR,ERR,ERR,ERR,ERR,ERR,ERR,ERR,ERR,ERR,ERR,ERR,ERR,ERR,ERR,ERR,ERR,ERR,ERR,ERR,ERR,ERR,ERR,ERR,ERR,ERR,ERR,ERR,ERR,ERR,ERR,ERR,ERR,ERR,ERR,ERR,ERR,ERR,ERR,ERR,ERR,ERR,ERR,ERR,ERR,ERR,ERR,ERR,ERR,ERR,ERR,ERR,ERR,ERR,ERR,ERR,ERR,ERR,ERR,ERR,ERR,ERR,ERR,ERR,ERR,ERR,ERR,ERR,ERR,ERR,ERR,ERR,ERR,ERR,ERR,ERR,ERR,ERR,ERR,ERR,ERR,ERR,ERR,ERR,ERR,ERR,ERR,ERR,ERR,ERR,ERR,ERR,ERR,ERR,ERR,ERR,ERR,ERR,ERR,ERR,ERR,ERR,ERR,ERR,ERR,ERR,ERR,ERR,ERR,ERR,ERR,ERR,ERR,ERR,ERR,ERR,ERR,ERR,ERR,ERR,ERR,0.0,-0.0,-0.0,0.0,0.0,1.3936040501711995e+18,7.805,0.0,0,0,4,0,7300,-0.0,0,0.0,0.0,0.0,0.0,0.0,0,0,0,0,0.0,0,0,0,0,0,0,0,0,0,0,0,0,0,0,0,0,0,0,0,0,0,0,0,0,0,0,0,0,0,0,0,0,0,32,30,30,62,65476,0,300,0,0,8,21553,0.0,-107605600.0,0.0,0.0,0.0,0.0,0.0,0.0,0.0,0.0,0.0,0.0,0.0,0.0,0.0,0.0,0.0,0.0,0.0,0.0,0.0,0.0,2.004,-2.004,-0.0,-2.004,0.0,0.0,0.0,0.0,5435.0,-0.0,6930.0,0.0,-0.0,-107615280.0,2.7184296605801213e+23,0.0,0.0,0.0,0.0,63,0.0,0.0,0.0,0.0,0.0,0.0,0.0,0.0,0.0,0,0,0,0.0,0.0,0.0,0.0,0.0,0.0,0.0,0.0,0.0,0.0,0.0,0.0,0.0,0.0,0.0,0.0,0,-107875648.0,63,0.0,126,2.7184242562605685e+23,-0.0,ERR,ERR,ERR,ERR,ERR,ERR,ERR,ERR,ERR,ERR,ERR,ERR,ERR,ERR,ERR,ERR,ERR,ERR,ERR,ERR,ERR,ERR,ERR,ERR,ERR,ERR,ERR,ERR,ERR,ERR,ERR,ERR,ERR,ERR,ERR,ERR,ERR,ERR,ERR,ERR,ERR,ERR,ERR,ERR,ERR,ERR,ERR,ERR,ERR,ERR,ERR,ERR,ERR,ERR,ERR,ERR,ERR,ERR,ERR,ERR,ERR,ERR,ERR,ERR,ERR,ERR,ERR,34.0,80.0,35,0.0,0.0,0.0,0.0,0.0,0.0,0.0,0.0,0.0,0.0,0.0,0.0,0.0,0.0,0.0,0.0,64.4,0,116,56,49,65476,0,300,0,0,8,20529,65476,0,0,57672,80.0,0.0,0.0,0.0,0.0,0.0
2026-06-17T04:41:41,ERR,ERR,ERR,ERR,ERR,ERR,ERR,ERR,ERR,ERR,ERR,ERR,ERR,ERR,ERR,ERR,ERR,ERR,ERR,ERR,ERR,ERR,ERR,ERR,ERR,ERR,ERR,ERR,ERR,ERR,ERR,ERR,ERR,ERR,ERR,ERR,ERR,ERR,ERR,ERR,ERR,ERR,ERR,ERR,ERR,ERR,ERR,ERR,ERR,ERR,ERR,ERR,ERR,ERR,ERR,ERR,ERR,ERR,ERR,ERR,ERR,ERR,ERR,ERR,ERR,ERR,ERR,ERR,ERR,ERR,ERR,ERR,ERR,ERR,ERR,ERR,ERR,ERR,ERR,ERR,ERR,ERR,ERR,ERR,ERR,ERR,ERR,ERR,ERR,ERR,ERR,ERR,ERR,ERR,ERR,ERR,ERR,ERR,ERR,ERR,ERR,ERR,ERR,ERR,ERR,ERR,ERR,ERR,ERR,ERR,ERR,ERR,ERR,ERR,ERR,ERR,ERR,ERR,ERR,ERR,ERR,ERR,ERR,ERR,ERR,0.0,-0.0,3.028208139652935e+23,0.0,0.0,1.3936040501711995e+18,7.805,0.0,0,0,4,0,7300,-0.0,0,0.0,0.0,0.0,0.0,0.0,0,0,0,0,0.0,0,0,0,0,0,0,0,0,0,0,0,0,0,0,0,0,0,0,0,0,0,0,0,0,0,0,0,0,0,0,0,0,0,32,30,30,62,65476,0,300,0,0,8,21553,0.0,-107605600.0,0.0,0.0,0.0,0.0,0.0,0.0,0.0,0.0,0.0,0.0,0.0,0.0,0.0,0.0,0.0,0.0,0.0,0.0,0.0,0.0,2.004,-2.004,-0.0,-0.0,0.0,0.0,0.0,0.0,5464.0,0.0,6913.0,0.0,-0.0,-107615280.0,-0.0,0.0,0.0,0.0,0.0,63,0.0,-0.0,0.0,0.0,0.0,0.0,0.0,0.0,0.0,0,0,0,0.0,0.0,0.0,0.0,0.0,0.0,0.0,0.0,0.0,0.0,0.0,0.0,0.0,0.0,0.0,0.0,0,-107875648.0,63,0.0,126,2.7184242562605685e+23,-0.0,ERR,ERR,ERR,ERR,ERR,ERR,ERR,ERR,ERR,ERR,ERR,ERR,ERR,ERR,ERR,ERR,ERR,ERR,ERR,ERR,ERR,ERR,ERR,ERR,ERR,ERR,ERR,ERR,ERR,ERR,ERR,ERR,ERR,ERR,ERR,ERR,ERR,ERR,ERR,ERR,ERR,ERR,ERR,ERR,ERR,ERR,ERR,ERR,ERR,ERR,ERR,ERR,ERR,ERR,ERR,ERR,ERR,ERR,ERR,ERR,ERR,ERR,ERR,ERR,ERR,ERR,ERR,34.0,80.0,35,0.0,0.0,0.0,0.0,0.0,0.0,0.0,0.0,0.0,0.0,0.0,0.0,0.0,0.0,0.0,0.0,64.4,0,116,56,49,65476,0,300,0,0,8,20529,65476,0,0,57672,80.0,0.0,0.0,0.0,0.0,0.0
2026-06-17T04:41:42,ERR,ERR,ERR,ERR,ERR,ERR,ERR,ERR,ERR,ERR,ERR,ERR,ERR,ERR,ERR,ERR,ERR,ERR,ERR,ERR,ERR,ERR,ERR,ERR,ERR,ERR,ERR,ERR,ERR,ERR,ERR,ERR,ERR,ERR,ERR,ERR,ERR,ERR,ERR,ERR,ERR,ERR,ERR,ERR,ERR,ERR,ERR,ERR,ERR,ERR,ERR,ERR,ERR,ERR,ERR,ERR,ERR,ERR,ERR,ERR,ERR,ERR,ERR,ERR,ERR,ERR,ERR,ERR,ERR,ERR,ERR,ERR,ERR,ERR,ERR,ERR,ERR,ERR,ERR,ERR,ERR,ERR,ERR,ERR,ERR,ERR,ERR,ERR,ERR,ERR,ERR,ERR,ERR,ERR,ERR,ERR,ERR,ERR,ERR,ERR,ERR,ERR,ERR,ERR,ERR,ERR,ERR,ERR,ERR,ERR,ERR,ERR,ERR,ERR,ERR,ERR,ERR,ERR,ERR,ERR,ERR,ERR,ERR,ERR,ERR,0.0,-0.0,3.028208139652935e+23,0.0,0.0,1.3936040501711995e+18,7.805,0.0,0,0,4,0,7300,-0.0,0,0.0,0.0,0.0,0.0,0.0,0,0,0,0,0.0,0,0,0,0,0,0,0,0,0,0,0,0,0,0,0,0,0,0,0,0,0,0,0,0,0,0,0,0,0,0,0,0,0,32,30,30,62,65476,0,300,0,0,8,21553,0.0,-107605600.0,0.0,0.0,0.0,0.0,0.0,0.0,0.0,0.0,0.0,0.0,0.0,0.0,0.0,0.0,0.0,0.0,0.0,0.0,0.0,0.0,2.004,-2.004,-0.0,-0.0,0.0,0.0,0.0,0.0,5464.0,0.0,6913.0,0.0,-0.0,-107615280.0,-0.0,0.0,0.0,0.0,0.0,63,0.0,-0.0,0.0,0.0,0.0,0.0,0.0,0.0,0.0,0,0,0,0.0,0.0,0.0,0.0,0.0,0.0,0.0,0.0,0.0,0.0,0.0,0.0,0.0,0.0,0.0,0.0,0,-107875648.0,63,0.0,126,2.7184242562605685e+23,-0.0,ERR,ERR,ERR,ERR,ERR,ERR,ERR,ERR,ERR,ERR,ERR,ERR,ERR,ERR,ERR,ERR,ERR,ERR,ERR,ERR,ERR,ERR,ERR,ERR,ERR,ERR,ERR,ERR,ERR,ERR,ERR,ERR,ERR,ERR,ERR,ERR,ERR,ERR,ERR,ERR,ERR,ERR,ERR,ERR,ERR,ERR,ERR,ERR,ERR,ERR,ERR,ERR,ERR,ERR,ERR,ERR,ERR,ERR,ERR,ERR,ERR,ERR,ERR,ERR,ERR,ERR,ERR,34.0,80.0,35,0.0,0.0,0.0,0.0,0.0,0.0,0.0,0.0,0.0,0.0,0.0,0.0,0.0,0.0,0.0,0.0,64.4,0,116,56,49,65476,0,300,0,0,8,20529,65476,0,0,57672,80.0,0.0,0.0,0.0,0.0,0.0
2026-06-17T04:41:43,ERR,ERR,ERR,ERR,ERR,ERR,ERR,ERR,ERR,ERR,ERR,ERR,ERR,ERR,ERR,ERR,ERR,ERR,ERR,ERR,ERR,ERR,ERR,ERR,ERR,ERR,ERR,ERR,ERR,ERR,ERR,ERR,ERR,ERR,ERR,ERR,ERR,ERR,ERR,ERR,ERR,ERR,ERR,ERR,ERR,ERR,ERR,ERR,ERR,ERR,ERR,ERR,ERR,ERR,ERR,ERR,ERR,ERR,ERR,ERR,ERR,ERR,ERR,ERR,ERR,ERR,ERR,ERR,ERR,ERR,ERR,ERR,ERR,ERR,ERR,ERR,ERR,ERR,ERR,ERR,ERR,ERR,ERR,ERR,ERR,ERR,ERR,ERR,ERR,ERR,ERR,ERR,ERR,ERR,ERR,ERR,ERR,ERR,ERR,ERR,ERR,ERR,ERR,ERR,ERR,ERR,ERR,ERR,ERR,ERR,ERR,ERR,ERR,ERR,ERR,ERR,ERR,ERR,ERR,ERR,ERR,ERR,ERR,ERR,ERR,0.0,-0.0,3.028208139652935e+23,0.0,0.0,1.3936040501711995e+18,7.805,0.0,0,0,4,0,7300,-0.0,0,0.0,0.0,0.0,0.0,0.0,0,0,0,0,0.0,0,0,0,0,0,0,0,0,0,0,0,0,0,0,0,0,0,0,0,0,0,0,0,0,0,0,0,0,0,0,0,0,0,32,30,30,62,65476,0,300,0,0,8,21553,0.0,-107605600.0,0.0,0.0,0.0,0.0,0.0,0.0,0.0,0.0,0.0,0.0,0.0,0.0,0.0,0.0,0.0,0.0,0.0,0.0,0.0,0.0,2.004,-2.004,-0.0,-0.0,0.0,0.0,0.0,0.0,5464.0,0.0,6913.0,0.0,-0.0,-107615280.0,-0.0,0.0,0.0,0.0,0.0,63,0.0,-0.0,0.0,0.0,0.0,0.0,0.0,0.0,0.0,0,0,0,0.0,0.0,0.0,0.0,0.0,0.0,0.0,0.0,0.0,0.0,0.0,0.0,0.0,0.0,0.0,0.0,0,-107875648.0,63,0.0,126,2.7184242562605685e+23,-0.0,ERR,ERR,ERR,ERR,ERR,ERR,ERR,ERR,ERR,ERR,ERR,ERR,ERR,ERR,ERR,ERR,ERR,ERR,ERR,ERR,ERR,ERR,ERR,ERR,ERR,ERR,ERR,ERR,ERR,ERR,ERR,ERR,ERR,ERR,ERR,ERR,ERR,ERR,ERR,ERR,ERR,ERR,ERR,ERR,ERR,ERR,ERR,ERR,ERR,ERR,ERR,ERR,ERR,ERR,ERR,ERR,ERR,ERR,ERR,ERR,ERR,ERR,ERR,ERR,ERR,ERR,ERR,34.0,80.0,35,0.0,0.0,0.0,0.0,0.0,0.0,0.0,0.0,0.0,0.0,0.0,0.0,0.0,0.0,0.0,0.0,64.8,0,116,56,49,65476,0,300,0,0,8,20529,65476,0,0,57672,80.0,0.0,0.0,0.0,0.0,0.0
2026-06-17T04:41:44,ERR,ERR,ERR,ERR,ERR,ERR,ERR,ERR,ERR,ERR,ERR,ERR,ERR,ERR,ERR,ERR,ERR,ERR,ERR,ERR,ERR,ERR,ERR,ERR,ERR,ERR,ERR,ERR,ERR,ERR,ERR,ERR,ERR,ERR,ERR,ERR,ERR,ERR,ERR,ERR,ERR,ERR,ERR,ERR,ERR,ERR,ERR,ERR,ERR,ERR,ERR,ERR,ERR,ERR,ERR,ERR,ERR,ERR,ERR,ERR,ERR,ERR,ERR,ERR,ERR,ERR,ERR,ERR,ERR,ERR,ERR,ERR,ERR,ERR,ERR,ERR,ERR,ERR,ERR,ERR,ERR,ERR,ERR,ERR,ERR,ERR,ERR,ERR,ERR,ERR,ERR,ERR,ERR,ERR,ERR,ERR,ERR,ERR,ERR,ERR,ERR,ERR,ERR,ERR,ERR,ERR,ERR,ERR,ERR,ERR,ERR,ERR,ERR,ERR,ERR,ERR,ERR,ERR,ERR,ERR,ERR,ERR,ERR,ERR,ERR,0.0,-0.0,3.028208139652935e+23,0.0,0.0,1.3936040501711995e+18,7.805,0.0,0,0,4,0,7300,-0.0,0,0.0,0.0,0.0,0.0,0.0,0,0,0,0,0.0,0,0,0,0,0,0,0,0,0,0,0,0,0,0,0,0,0,0,0,0,0,0,0,0,0,0,0,0,0,0,0,0,0,32,30,30,62,65476,0,300,0,0,8,21553,0.0,-107605600.0,0.0,0.0,0.0,0.0,0.0,0.0,0.0,0.0,0.0,0.0,0.0,0.0,0.0,0.0,0.0,0.0,0.0,0.0,0.0,0.0,2.004,-2.004,-0.0,-0.0,0.0,0.0,0.0,0.0,5464.0,0.0,6913.0,0.0,-0.0,-107615280.0,-0.0,0.0,0.0,0.0,0.0,63,0.0,-0.0,0.0,0.0,0.0,0.0,0.0,0.0,0.0,0,0,0,0.0,0.0,0.0,0.0,0.0,0.0,0.0,0.0,0.0,0.0,0.0,0.0,0.0,0.0,0.0,0.0,0,-107875648.0,63,0.0,126,2.7184242562605685e+23,-0.0,ERR,ERR,ERR,ERR,ERR,ERR,ERR,ERR,ERR,ERR,ERR,ERR,ERR,ERR,ERR,ERR,ERR,ERR,ERR,ERR,ERR,ERR,ERR,ERR,ERR,ERR,ERR,ERR,ERR,ERR,ERR,ERR,ERR,ERR,ERR,ERR,ERR,ERR,ERR,ERR,ERR,ERR,ERR,ERR,ERR,ERR,ERR,ERR,ERR,ERR,ERR,ERR,ERR,ERR,ERR,ERR,ERR,ERR,ERR,ERR,ERR,ERR,ERR,ERR,ERR,ERR,ERR,34.0,80.0,35,0.0,0.0,0.0,0.0,0.0,0.0,0.0,0.0,0.0,0.0,0.0,0.0,0.0,0.0,0.0,0.0,64.4,0,116,56,49,65476,0,300,0,0,8,20529,65476,0,0,57672,80.0,0.0,0.0,0.0,0.0,0.0
2026-06-17T04:41:45,ERR,ERR,ERR,ERR,ERR,ERR,ERR,ERR,ERR,ERR,ERR,ERR,ERR,ERR,ERR,ERR,ERR,ERR,ERR,ERR,ERR,ERR,ERR,ERR,ERR,ERR,ERR,ERR,ERR,ERR,ERR,ERR,ERR,ERR,ERR,ERR,ERR,ERR,ERR,ERR,ERR,ERR,ERR,ERR,ERR,ERR,ERR,ERR,ERR,ERR,ERR,ERR,ERR,ERR,ERR,ERR,ERR,ERR,ERR,ERR,ERR,ERR,ERR,ERR,ERR,ERR,ERR,ERR,ERR,ERR,ERR,ERR,ERR,ERR,ERR,ERR,ERR,ERR,ERR,ERR,ERR,ERR,ERR,ERR,ERR,ERR,ERR,ERR,ERR,ERR,ERR,ERR,ERR,ERR,ERR,ERR,ERR,ERR,ERR,ERR,ERR,ERR,ERR,ERR,ERR,ERR,ERR,ERR,ERR,ERR,ERR,ERR,ERR,ERR,ERR,ERR,ERR,ERR,ERR,ERR,ERR,ERR,ERR,ERR,ERR,0.0,-0.0,3.028208139652935e+23,0.0,0.0,1.3936040501711995e+18,7.805,0.0,0,0,4,0,7300,-0.0,0,0.0,0.0,0.0,0.0,0.0,0,0,0,0,0.0,0,0,0,0,0,0,0,0,0,0,0,0,0,0,0,0,0,0,0,0,0,0,0,0,0,0,0,0,0,0,0,0,0,32,30,30,62,65476,0,300,0,0,8,21553,0.0,-107605600.0,0.0,0.0,0.0,0.0,0.0,0.0,0.0,0.0,0.0,0.0,0.0,0.0,0.0,0.0,0.0,0.0,0.0,0.0,0.0,0.0,2.004,-2.004,-0.0,-0.0,0.0,0.0,0.0,0.0,5464.0,0.0,6913.0,0.0,-0.0,-107615280.0,-0.0,0.0,0.0,0.0,0.0,63,0.0,-0.0,0.0,0.0,0.0,0.0,0.0,0.0,0.0,0,0,0,0.0,0.0,0.0,0.0,0.0,0.0,0.0,0.0,0.0,0.0,0.0,0.0,0.0,0.0,0.0,0.0,0,-107875648.0,63,0.0,126,2.7184242562605685e+23,-0.0,ERR,ERR,ERR,ERR,ERR,ERR,ERR,ERR,ERR,ERR,ERR,ERR,ERR,ERR,ERR,ERR,ERR,ERR,ERR,ERR,ERR,ERR,ERR,ERR,ERR,ERR,ERR,ERR,ERR,ERR,ERR,ERR,ERR,ERR,ERR,ERR,ERR,ERR,ERR,ERR,ERR,ERR,ERR,ERR,ERR,ERR,ERR,ERR,ERR,ERR,ERR,ERR,ERR,ERR,ERR,ERR,ERR,ERR,ERR,ERR,ERR,ERR,ERR,ERR,ERR,ERR,ERR,34.0,80.0,35,0.0,0.0,0.0,0.0,0.0,0.0,0.0,0.0,0.0,0.0,0.0,0.0,0.0,0.0,0.0,0.0,64.4,0,116,56,49,65476,0,300,0,0,8,20529,65476,0,0,57672,80.0,0.0,0.0,0.0,0.0,0.0
2026-06-17T04:41:46,ERR,ERR,ERR,ERR,ERR,ERR,ERR,ERR,ERR,ERR,ERR,ERR,ERR,ERR,ERR,ERR,ERR,ERR,ERR,ERR,ERR,ERR,ERR,ERR,ERR,ERR,ERR,ERR,ERR,ERR,ERR,ERR,ERR,ERR,ERR,ERR,ERR,ERR,ERR,ERR,ERR,ERR,ERR,ERR,ERR,ERR,ERR,ERR,ERR,ERR,ERR,ERR,ERR,ERR,ERR,ERR,ERR,ERR,ERR,ERR,ERR,ERR,ERR,ERR,ERR,ERR,ERR,ERR,ERR,ERR,ERR,ERR,ERR,ERR,ERR,ERR,ERR,ERR,ERR,ERR,ERR,ERR,ERR,ERR,ERR,ERR,ERR,ERR,ERR,ERR,ERR,ERR,ERR,ERR,ERR,ERR,ERR,ERR,ERR,ERR,ERR,ERR,ERR,ERR,ERR,ERR,ERR,ERR,ERR,ERR,ERR,ERR,ERR,ERR,ERR,ERR,ERR,ERR,ERR,ERR,ERR,ERR,ERR,ERR,ERR,0.0,-0.0,3.028208139652935e+23,0.0,0.0,1.3936040501711995e+18,7.805,0.0,0,0,4,0,7300,-0.0,0,0.0,0.0,0.0,0.0,0.0,0,0,0,0,0.0,0,0,0,0,0,0,0,0,0,0,0,0,0,0,0,0,0,0,0,0,0,0,0,0,0,0,0,0,0,0,0,0,0,32,30,30,62,65476,0,300,0,0,8,21553,0.0,-107605600.0,0.0,0.0,0.0,0.0,0.0,0.0,0.0,0.0,0.0,0.0,0.0,0.0,0.0,0.0,0.0,0.0,0.0,0.0,0.0,0.0,2.004,-2.004,-0.0,-2.004,0.0,0.0,0.0,0.0,5461.0,2.004,6920.0,0.0,-0.0,-107615280.0,2.7184296605801213e+23,0.0,0.0,0.0,0.0,63,0.0,-3.222009039136753e+26,0.0,0.0,0.0,0.0,0.0,0.0,0.0,0,0,0,0.0,0.0,0.0,0.0,0.0,0.0,0.0,0.0,0.0,0.0,0.0,0.0,0.0,0.0,0.0,0.0,0,-107875648.0,63,0.0,126,2.7184242562605685e+23,-0.0,ERR,ERR,ERR,ERR,ERR,ERR,ERR,ERR,ERR,ERR,ERR,ERR,ERR,ERR,ERR,ERR,ERR,ERR,ERR,ERR,ERR,ERR,ERR,ERR,ERR,ERR,ERR,ERR,ERR,ERR,ERR,ERR,ERR,ERR,ERR,ERR,ERR,ERR,ERR,ERR,ERR,ERR,ERR,ERR,ERR,ERR,ERR,ERR,ERR,ERR,ERR,ERR,ERR,ERR,ERR,ERR,ERR,ERR,ERR,ERR,ERR,ERR,ERR,ERR,ERR,ERR,ERR,34.0,80.0,35,0.0,0.0,0.0,0.0,0.0,0.0,0.0,0.0,0.0,0.0,0.0,0.0,0.0,0.0,0.0,0.0,64.4,0,116,56,49,65476,0,300,0,0,8,20529,65476,0,0,57672,80.0,0.0,0.0,0.0,0.0,0.0
2026-06-17T04:41:47,ERR,ERR,ERR,ERR,ERR,ERR,ERR,ERR,ERR,ERR,ERR,ERR,ERR,ERR,ERR,ERR,ERR,ERR,ERR,ERR,ERR,ERR,ERR,ERR,ERR,ERR,ERR,ERR,ERR,ERR,ERR,ERR,ERR,ERR,ERR,ERR,ERR,ERR,ERR,ERR,ERR,ERR,ERR,ERR,ERR,ERR,ERR,ERR,ERR,ERR,ERR,ERR,ERR,ERR,ERR,ERR,ERR,ERR,ERR,ERR,ERR,ERR,ERR,ERR,ERR,ERR,ERR,ERR,ERR,ERR,ERR,ERR,ERR,ERR,ERR,ERR,ERR,ERR,ERR,ERR,ERR,ERR,ERR,ERR,ERR,ERR,ERR,ERR,ERR,ERR,ERR,ERR,ERR,ERR,ERR,ERR,ERR,ERR,ERR,ERR,ERR,ERR,ERR,ERR,ERR,ERR,ERR,ERR,ERR,ERR,ERR,ERR,ERR,ERR,ERR,ERR,ERR,ERR,ERR,ERR,ERR,ERR,ERR,ERR,ERR,0.0,-0.0,3.028208139652935e+23,0.0,0.0,1.3936040501711995e+18,7.805,0.0,0,0,4,0,7300,-0.0,0,0.0,0.0,0.0,0.0,0.0,0,0,0,0,0.0,0,0,0,0,0,0,0,0,0,0,0,0,0,0,0,0,0,0,0,0,0,0,0,0,0,0,0,0,0,0,0,0,0,32,30,30,62,65476,0,300,0,0,8,21553,0.0,-107605600.0,0.0,0.0,0.0,0.0,0.0,0.0,0.0,0.0,0.0,0.0,0.0,0.0,0.0,0.0,0.0,0.0,0.0,0.0,0.0,0.0,2.004,-2.004,-0.0,-2.004,0.0,0.0,0.0,0.0,5461.0,2.004,6920.0,0.0,-0.0,-107615280.0,2.7184296605801213e+23,0.0,0.0,0.0,0.0,63,0.0,-3.222009039136753e+26,0.0,0.0,0.0,0.0,0.0,0.0,0.0,0,0,0,0.0,0.0,0.0,0.0,0.0,0.0,0.0,0.0,0.0,0.0,0.0,0.0,0.0,0.0,0.0,0.0,0,-107875648.0,63,0.0,126,2.7184242562605685e+23,-0.0,ERR,ERR,ERR,ERR,ERR,ERR,ERR,ERR,ERR,ERR,ERR,ERR,ERR,ERR,ERR,ERR,ERR,ERR,ERR,ERR,ERR,ERR,ERR,ERR,ERR,ERR,ERR,ERR,ERR,ERR,ERR,ERR,ERR,ERR,ERR,ERR,ERR,ERR,ERR,ERR,ERR,ERR,ERR,ERR,ERR,ERR,ERR,ERR,ERR,ERR,ERR,ERR,ERR,ERR,ERR,ERR,ERR,ERR,ERR,ERR,ERR,ERR,ERR,ERR,ERR,ERR,ERR,34.0,80.0,35,0.0,0.0,0.0,0.0,0.0,0.0,0.0,0.0,0.0,0.0,0.0,0.0,0.0,0.0,0.0,0.0,64.4,0,116,56,49,65476,0,300,0,0,8,20529,65476,0,0,57672,80.0,0.0,0.0,0.0,0.0,0.0
2026-06-17T04:41:48,ERR,ERR,ERR,ERR,ERR,ERR,ERR,ERR,ERR,ERR,ERR,ERR,ERR,ERR,ERR,ERR,ERR,ERR,ERR,ERR,ERR,ERR,ERR,ERR,ERR,ERR,ERR,ERR,ERR,ERR,ERR,ERR,ERR,ERR,ERR,ERR,ERR,ERR,ERR,ERR,ERR,ERR,ERR,ERR,ERR,ERR,ERR,ERR,ERR,ERR,ERR,ERR,ERR,ERR,ERR,ERR,ERR,ERR,ERR,ERR,ERR,ERR,ERR,ERR,ERR,ERR,ERR,ERR,ERR,ERR,ERR,ERR,ERR,ERR,ERR,ERR,ERR,ERR,ERR,ERR,ERR,ERR,ERR,ERR,ERR,ERR,ERR,ERR,ERR,ERR,ERR,ERR,ERR,ERR,ERR,ERR,ERR,ERR,ERR,ERR,ERR,ERR,ERR,ERR,ERR,ERR,ERR,ERR,ERR,ERR,ERR,ERR,ERR,ERR,ERR,ERR,ERR,ERR,ERR,ERR,ERR,ERR,ERR,ERR,ERR,0.0,-0.0,3.028208139652935e+23,0.0,0.0,1.3936040501711995e+18,7.805,0.0,0,0,4,0,7300,-0.0,0,0.0,0.0,0.0,0.0,0.0,0,0,0,0,0.0,0,0,0,0,0,0,0,0,0,0,0,0,0,0,0,0,0,0,0,0,0,0,0,0,0,0,0,0,0,0,0,0,0,32,30,30,62,65476,0,300,0,0,8,21553,0.0,-107605600.0,0.0,0.0,0.0,0.0,0.0,0.0,0.0,0.0,0.0,0.0,0.0,0.0,0.0,0.0,0.0,0.0,0.0,0.0,0.0,0.0,2.004,-2.004,-0.0,-2.004,0.0,0.0,0.0,0.0,5461.0,2.004,6920.0,0.0,-0.0,-107615280.0,2.7184296605801213e+23,0.0,0.0,0.0,0.0,63,0.0,-3.222009039136753e+26,0.0,0.0,0.0,0.0,0.0,0.0,0.0,0,0,0,0.0,0.0,0.0,0.0,0.0,0.0,0.0,0.0,0.0,0.0,0.0,0.0,0.0,0.0,0.0,0.0,0,-107875648.0,63,0.0,126,2.7184242562605685e+23,-0.0,ERR,ERR,ERR,ERR,ERR,ERR,ERR,ERR,ERR,ERR,ERR,ERR,ERR,ERR,ERR,ERR,ERR,ERR,ERR,ERR,ERR,ERR,ERR,ERR,ERR,ERR,ERR,ERR,ERR,ERR,ERR,ERR,ERR,ERR,ERR,ERR,ERR,ERR,ERR,ERR,ERR,ERR,ERR,ERR,ERR,ERR,ERR,ERR,ERR,ERR,ERR,ERR,ERR,ERR,ERR,ERR,ERR,ERR,ERR,ERR,ERR,ERR,ERR,ERR,ERR,ERR,ERR,34.0,80.0,35,0.0,0.0,0.0,0.0,0.0,0.0,0.0,0.0,0.0,0.0,0.0,0.0,0.0,0.0,0.0,0.0,64.4,0,116,56,49,65476,0,300,0,0,8,20529,65476,0,0,57672,80.0,0.0,0.0,0.0,0.0,0.0
2026-06-17T04:41:49,ERR,ERR,ERR,ERR,ERR,ERR,ERR,ERR,ERR,ERR,ERR,ERR,ERR,ERR,ERR,ERR,ERR,ERR,ERR,ERR,ERR,ERR,ERR,ERR,ERR,ERR,ERR,ERR,ERR,ERR,ERR,ERR,ERR,ERR,ERR,ERR,ERR,ERR,ERR,ERR,ERR,ERR,ERR,ERR,ERR,ERR,ERR,ERR,ERR,ERR,ERR,ERR,ERR,ERR,ERR,ERR,ERR,ERR,ERR,ERR,ERR,ERR,ERR,ERR,ERR,ERR,ERR,ERR,ERR,ERR,ERR,ERR,ERR,ERR,ERR,ERR,ERR,ERR,ERR,ERR,ERR,ERR,ERR,ERR,ERR,ERR,ERR,ERR,ERR,ERR,ERR,ERR,ERR,ERR,ERR,ERR,ERR,ERR,ERR,ERR,ERR,ERR,ERR,ERR,ERR,ERR,ERR,ERR,ERR,ERR,ERR,ERR,ERR,ERR,ERR,ERR,ERR,ERR,ERR,ERR,ERR,ERR,ERR,ERR,ERR,0.0,-0.0,3.028208139652935e+23,0.0,0.0,1.3936040501711995e+18,7.805,0.0,0,0,4,0,7300,-0.0,0,0.0,0.0,0.0,0.0,0.0,0,0,0,0,0.0,0,0,0,0,0,0,0,0,0,0,0,0,0,0,0,0,0,0,0,0,0,0,0,0,0,0,0,0,0,0,0,0,0,32,30,30,62,65476,0,300,0,0,8,21553,0.0,-107605600.0,0.0,0.0,0.0,0.0,0.0,0.0,0.0,0.0,0.0,0.0,0.0,0.0,0.0,0.0,0.0,0.0,0.0,0.0,0.0,0.0,2.004,-2.004,-0.0,-2.004,0.0,0.0,0.0,0.0,5461.0,2.004,6920.0,0.0,-0.0,-107615280.0,2.7184296605801213e+23,0.0,0.0,0.0,0.0,63,0.0,-3.222009039136753e+26,0.0,0.0,0.0,0.0,0.0,0.0,0.0,0,0,0,0.0,0.0,0.0,0.0,0.0,0.0,0.0,0.0,0.0,0.0,0.0,0.0,0.0,0.0,0.0,0.0,0,-107875648.0,63,0.0,126,2.7184242562605685e+23,-0.0,ERR,ERR,ERR,ERR,ERR,ERR,ERR,ERR,ERR,ERR,ERR,ERR,ERR,ERR,ERR,ERR,ERR,ERR,ERR,ERR,ERR,ERR,ERR,ERR,ERR,ERR,ERR,ERR,ERR,ERR,ERR,ERR,ERR,ERR,ERR,ERR,ERR,ERR,ERR,ERR,ERR,ERR,ERR,ERR,ERR,ERR,ERR,ERR,ERR,ERR,ERR,ERR,ERR,ERR,ERR,ERR,ERR,ERR,ERR,ERR,ERR,ERR,ERR,ERR,ERR,ERR,ERR,34.0,80.0,35,0.0,0.0,0.0,0.0,0.0,0.0,0.0,0.0,0.0,0.0,0.0,0.0,0.0,0.0,0.0,0.0,64.4,0,116,56,49,65476,0,300,0,0,8,20529,65476,0,0,57672,80.0,0.0,0.0,0.0,0.0,0.0
2026-06-17T04:41:50,ERR,ERR,ERR,ERR,ERR,ERR,ERR,ERR,ERR,ERR,ERR,ERR,ERR,ERR,ERR,ERR,ERR,ERR,ERR,ERR,ERR,ERR,ERR,ERR,ERR,ERR,ERR,ERR,ERR,ERR,ERR,ERR,ERR,ERR,ERR,ERR,ERR,ERR,ERR,ERR,ERR,ERR,ERR,ERR,ERR,ERR,ERR,ERR,ERR,ERR,ERR,ERR,ERR,ERR,ERR,ERR,ERR,ERR,ERR,ERR,ERR,ERR,ERR,ERR,ERR,ERR,ERR,ERR,ERR,ERR,ERR,ERR,ERR,ERR,ERR,ERR,ERR,ERR,ERR,ERR,ERR,ERR,ERR,ERR,ERR,ERR,ERR,ERR,ERR,ERR,ERR,ERR,ERR,ERR,ERR,ERR,ERR,ERR,ERR,ERR,ERR,ERR,ERR,ERR,ERR,ERR,ERR,ERR,ERR,ERR,ERR,ERR,ERR,ERR,ERR,ERR,ERR,ERR,ERR,ERR,ERR,ERR,ERR,ERR,ERR,0.0,-0.0,3.028208139652935e+23,0.0,0.0,1.3936040501711995e+18,7.805,0.0,0,0,4,0,7300,-0.0,0,0.0,0.0,0.0,0.0,0.0,0,0,0,0,0.0,0,0,0,0,0,0,0,0,0,0,0,0,0,0,0,0,0,0,0,0,0,0,0,0,0,0,0,0,0,0,0,0,0,32,30,30,62,65476,0,300,0,0,8,21553,0.0,-107605600.0,0.0,0.0,0.0,0.0,0.0,0.0,0.0,0.0,0.0,0.0,0.0,0.0,0.0,0.0,0.0,0.0,0.0,0.0,0.0,0.0,2.004,-2.004,-0.0,-2.004,0.0,0.0,0.0,0.0,5461.0,2.004,6920.0,0.0,-0.0,-107615280.0,2.7184296605801213e+23,0.0,0.0,0.0,0.0,63,0.0,-3.222009039136753e+26,0.0,0.0,0.0,0.0,0.0,0.0,0.0,0,0,0,0.0,0.0,0.0,0.0,0.0,0.0,0.0,0.0,0.0,0.0,0.0,0.0,0.0,0.0,0.0,0.0,0,-107875648.0,63,0.0,126,2.7184242562605685e+23,-0.0,ERR,ERR,ERR,ERR,ERR,ERR,ERR,ERR,ERR,ERR,ERR,ERR,ERR,ERR,ERR,ERR,ERR,ERR,ERR,ERR,ERR,ERR,ERR,ERR,ERR,ERR,ERR,ERR,ERR,ERR,ERR,ERR,ERR,ERR,ERR,ERR,ERR,ERR,ERR,ERR,ERR,ERR,ERR,ERR,ERR,ERR,ERR,ERR,ERR,ERR,ERR,ERR,ERR,ERR,ERR,ERR,ERR,ERR,ERR,ERR,ERR,ERR,ERR,ERR,ERR,ERR,ERR,34.0,80.0,35,0.0,0.0,0.0,0.0,0.0,0.0,0.0,0.0,0.0,0.0,0.0,0.0,0.0,0.0,0.0,0.0,64.4,0,116,56,49,65476,0,300,0,0,8,20529,65476,0,0,57672,80.0,0.0,0.0,0.0,0.0,0.0
2026-06-17T04:41:51,ERR,ERR,ERR,ERR,ERR,ERR,ERR,ERR,ERR,ERR,ERR,ERR,ERR,ERR,ERR,ERR,ERR,ERR,ERR,ERR,ERR,ERR,ERR,ERR,ERR,ERR,ERR,ERR,ERR,ERR,ERR,ERR,ERR,ERR,ERR,ERR,ERR,ERR,ERR,ERR,ERR,ERR,ERR,ERR,ERR,ERR,ERR,ERR,ERR,ERR,ERR,ERR,ERR,ERR,ERR,ERR,ERR,ERR,ERR,ERR,ERR,ERR,ERR,ERR,ERR,ERR,ERR,ERR,ERR,ERR,ERR,ERR,ERR,ERR,ERR,ERR,ERR,ERR,ERR,ERR,ERR,ERR,ERR,ERR,ERR,ERR,ERR,ERR,ERR,ERR,ERR,ERR,ERR,ERR,ERR,ERR,ERR,ERR,ERR,ERR,ERR,ERR,ERR,ERR,ERR,ERR,ERR,ERR,ERR,ERR,ERR,ERR,ERR,ERR,ERR,ERR,ERR,ERR,ERR,ERR,ERR,ERR,ERR,ERR,ERR,0.0,-0.0,3.028208139652935e+23,0.0,0.0,1.3936040501711995e+18,7.805,0.0,0,0,4,0,7300,-0.0,0,0.0,0.0,0.0,0.0,0.0,0,0,0,0,0.0,0,0,0,0,0,0,0,0,0,0,0,0,0,0,0,0,0,0,0,0,0,0,0,0,0,0,0,0,0,0,0,0,0,32,30,30,62,65476,0,300,0,0,8,21553,0.0,-107605600.0,0.0,0.0,0.0,0.0,0.0,0.0,0.0,0.0,0.0,0.0,0.0,0.0,0.0,0.0,0.0,0.0,0.0,0.0,0.0,0.0,-0.0,-2.004,-0.0,-0.0,0.0,0.0,0.0,0.0,5462.0,-0.0,6934.0,0.0,-0.0,-107615280.0,2.7184296605801213e+23,0.0,0.0,0.0,0.0,63,0.0,5.8480628136940176e+35,0.0,0.0,0.0,0.0,0.0,0.0,0.0,0,0,0,0.0,0.0,0.0,0.0,0.0,0.0,0.0,0.0,0.0,0.0,0.0,0.0,0.0,0.0,0.0,0.0,0,-107875648.0,63,0.0,126,2.7184242562605685e+23,-0.0,ERR,ERR,ERR,ERR,ERR,ERR,ERR,ERR,ERR,ERR,ERR,ERR,ERR,ERR,ERR,ERR,ERR,ERR,ERR,ERR,ERR,ERR,ERR,ERR,ERR,ERR,ERR,ERR,ERR,ERR,ERR,ERR,ERR,ERR,ERR,ERR,ERR,ERR,ERR,ERR,ERR,ERR,ERR,ERR,ERR,ERR,ERR,ERR,ERR,ERR,ERR,ERR,ERR,ERR,ERR,ERR,ERR,ERR,ERR,ERR,ERR,ERR,ERR,ERR,ERR,ERR,ERR,34.0,80.0,35,0.0,0.0,0.0,0.0,0.0,0.0,0.0,0.0,0.0,0.0,0.0,0.0,0.0,0.0,0.0,0.0,64.4,0,116,56,49,65476,0,300,0,0,8,20529,65476,0,0,57672,80.0,0.0,0.0,0.0,0.0,0.0
2026-06-17T04:41:52,ERR,ERR,ERR,ERR,ERR,ERR,ERR,ERR,ERR,ERR,ERR,ERR,ERR,ERR,ERR,ERR,ERR,ERR,ERR,ERR,ERR,ERR,ERR,ERR,ERR,ERR,ERR,ERR,ERR,ERR,ERR,ERR,ERR,ERR,ERR,ERR,ERR,ERR,ERR,ERR,ERR,ERR,ERR,ERR,ERR,ERR,ERR,ERR,ERR,ERR,ERR,ERR,ERR,ERR,ERR,ERR,ERR,ERR,ERR,ERR,ERR,ERR,ERR,ERR,ERR,ERR,ERR,ERR,ERR,ERR,ERR,ERR,ERR,ERR,ERR,ERR,ERR,ERR,ERR,ERR,ERR,ERR,ERR,ERR,ERR,ERR,ERR,ERR,ERR,ERR,ERR,ERR,ERR,ERR,ERR,ERR,ERR,ERR,ERR,ERR,ERR,ERR,ERR,ERR,ERR,ERR,ERR,ERR,ERR,ERR,ERR,ERR,ERR,ERR,ERR,ERR,ERR,ERR,ERR,ERR,ERR,ERR,ERR,ERR,ERR,0.0,-0.0,3.028208139652935e+23,0.0,0.0,1.3936040501711995e+18,7.805,0.0,0,0,4,0,7300,-0.0,0,0.0,0.0,0.0,0.0,0.0,0,0,0,0,0.0,0,0,0,0,0,0,0,0,0,0,0,0,0,0,0,0,0,0,0,0,0,0,0,0,0,0,0,0,0,0,0,0,0,32,30,30,62,65476,0,300,0,0,8,21553,0.0,-107605600.0,0.0,0.0,0.0,0.0,0.0,0.0,0.0,0.0,0.0,0.0,0.0,0.0,0.0,0.0,0.0,0.0,0.0,0.0,0.0,0.0,-0.0,-2.004,-0.0,-0.0,0.0,0.0,0.0,0.0,5462.0,-0.0,6934.0,0.0,-0.0,-107615280.0,2.7184296605801213e+23,0.0,0.0,0.0,0.0,63,0.0,5.8480628136940176e+35,0.0,0.0,0.0,0.0,0.0,0.0,0.0,0,0,0,0.0,0.0,0.0,0.0,0.0,0.0,0.0,0.0,0.0,0.0,0.0,0.0,0.0,0.0,0.0,0.0,0,-107875648.0,63,0.0,126,2.7184242562605685e+23,-0.0,ERR,ERR,ERR,ERR,ERR,ERR,ERR,ERR,ERR,ERR,ERR,ERR,ERR,ERR,ERR,ERR,ERR,ERR,ERR,ERR,ERR,ERR,ERR,ERR,ERR,ERR,ERR,ERR,ERR,ERR,ERR,ERR,ERR,ERR,ERR,ERR,ERR,ERR,ERR,ERR,ERR,ERR,ERR,ERR,ERR,ERR,ERR,ERR,ERR,ERR,ERR,ERR,ERR,ERR,ERR,ERR,ERR,ERR,ERR,ERR,ERR,ERR,ERR,ERR,ERR,ERR,ERR,34.0,80.0,35,0.0,0.0,0.0,0.0,0.0,0.0,0.0,0.0,0.0,0.0,0.0,0.0,0.0,0.0,0.0,0.0,64.4,0,116,56,49,65476,0,300,0,0,8,20529,65476,0,0,57672,80.0,0.0,0.0,0.0,0.0,0.0
2026-06-17T04:41:53,ERR,ERR,ERR,ERR,ERR,ERR,ERR,ERR,ERR,ERR,ERR,ERR,ERR,ERR,ERR,ERR,ERR,ERR,ERR,ERR,ERR,ERR,ERR,ERR,ERR,ERR,ERR,ERR,ERR,ERR,ERR,ERR,ERR,ERR,ERR,ERR,ERR,ERR,ERR,ERR,ERR,ERR,ERR,ERR,ERR,ERR,ERR,ERR,ERR,ERR,ERR,ERR,ERR,ERR,ERR,ERR,ERR,ERR,ERR,ERR,ERR,ERR,ERR,ERR,ERR,ERR,ERR,ERR,ERR,ERR,ERR,ERR,ERR,ERR,ERR,ERR,ERR,ERR,ERR,ERR,ERR,ERR,ERR,ERR,ERR,ERR,ERR,ERR,ERR,ERR,ERR,ERR,ERR,ERR,ERR,ERR,ERR,ERR,ERR,ERR,ERR,ERR,ERR,ERR,ERR,ERR,ERR,ERR,ERR,ERR,ERR,ERR,ERR,ERR,ERR,ERR,ERR,ERR,ERR,ERR,ERR,ERR,ERR,ERR,ERR,0.0,-0.0,3.028208139652935e+23,0.0,0.0,1.3936040501711995e+18,7.805,0.0,0,0,4,0,7300,-0.0,0,0.0,0.0,0.0,0.0,0.0,0,0,0,0,0.0,0,0,0,0,0,0,0,0,0,0,0,0,0,0,0,0,0,0,0,0,0,0,0,0,0,0,0,0,0,0,0,0,0,32,30,30,62,65476,0,300,0,0,8,21553,0.0,-107605600.0,0.0,0.0,0.0,0.0,0.0,0.0,0.0,0.0,0.0,0.0,0.0,0.0,0.0,0.0,0.0,0.0,0.0,0.0,0.0,0.0,-0.0,-2.004,-0.0,-0.0,0.0,0.0,0.0,0.0,5462.0,-0.0,6934.0,0.0,-0.0,-107615280.0,2.7184296605801213e+23,0.0,0.0,0.0,0.0,63,0.0,5.8480628136940176e+35,0.0,0.0,0.0,0.0,0.0,0.0,0.0,0,0,0,0.0,0.0,0.0,0.0,0.0,0.0,0.0,0.0,0.0,0.0,0.0,0.0,0.0,0.0,0.0,0.0,0,-107875648.0,63,0.0,126,2.7184242562605685e+23,-0.0,ERR,ERR,ERR,ERR,ERR,ERR,ERR,ERR,ERR,ERR,ERR,ERR,ERR,ERR,ERR,ERR,ERR,ERR,ERR,ERR,ERR,ERR,ERR,ERR,ERR,ERR,ERR,ERR,ERR,ERR,ERR,ERR,ERR,ERR,ERR,ERR,ERR,ERR,ERR,ERR,ERR,ERR,ERR,ERR,ERR,ERR,ERR,ERR,ERR,ERR,ERR,ERR,ERR,ERR,ERR,ERR,ERR,ERR,ERR,ERR,ERR,ERR,ERR,ERR,ERR,ERR,ERR,34.0,80.0,35,0.0,0.0,0.0,0.0,0.0,0.0,0.0,0.0,0.0,0.0,0.0,0.0,0.0,0.0,0.0,0.0,64.4,0,116,56,49,65476,0,300,0,0,8,20529,65476,0,0,57672,80.0,0.0,0.0,0.0,0.0,0.0
2026-06-17T04:41:54,ERR,ERR,ERR,ERR,ERR,ERR,ERR,ERR,ERR,ERR,ERR,ERR,ERR,ERR,ERR,ERR,ERR,ERR,ERR,ERR,ERR,ERR,ERR,ERR,ERR,ERR,ERR,ERR,ERR,ERR,ERR,ERR,ERR,ERR,ERR,ERR,ERR,ERR,ERR,ERR,ERR,ERR,ERR,ERR,ERR,ERR,ERR,ERR,ERR,ERR,ERR,ERR,ERR,ERR,ERR,ERR,ERR,ERR,ERR,ERR,ERR,ERR,ERR,ERR,ERR,ERR,ERR,ERR,ERR,ERR,ERR,ERR,ERR,ERR,ERR,ERR,ERR,ERR,ERR,ERR,ERR,ERR,ERR,ERR,ERR,ERR,ERR,ERR,ERR,ERR,ERR,ERR,ERR,ERR,ERR,ERR,ERR,ERR,ERR,ERR,ERR,ERR,ERR,ERR,ERR,ERR,ERR,ERR,ERR,ERR,ERR,ERR,ERR,ERR,ERR,ERR,ERR,ERR,ERR,ERR,ERR,ERR,ERR,ERR,ERR,0.0,-0.0,3.028208139652935e+23,0.0,0.0,1.3936040501711995e+18,7.805,0.0,0,0,4,0,7300,-0.0,0,0.0,0.0,0.0,0.0,0.0,0,0,0,0,0.0,0,0,0,0,0,0,0,0,0,0,0,0,0,0,0,0,0,0,0,0,0,0,0,0,0,0,0,0,0,0,0,0,0,32,30,30,62,65476,0,300,0,0,8,21553,0.0,-107605600.0,0.0,0.0,0.0,0.0,0.0,0.0,0.0,0.0,0.0,0.0,0.0,0.0,0.0,0.0,0.0,0.0,0.0,0.0,0.0,0.0,-0.0,-2.004,-0.0,-0.0,0.0,0.0,0.0,0.0,5462.0,-0.0,6934.0,0.0,-0.0,-107615280.0,2.7184296605801213e+23,0.0,0.0,0.0,0.0,63,0.0,5.8480628136940176e+35,0.0,0.0,0.0,0.0,0.0,0.0,0.0,0,0,0,0.0,0.0,0.0,0.0,0.0,0.0,0.0,0.0,0.0,0.0,0.0,0.0,0.0,0.0,0.0,0.0,0,-107875648.0,63,0.0,126,2.7184242562605685e+23,-0.0,ERR,ERR,ERR,ERR,ERR,ERR,ERR,ERR,ERR,ERR,ERR,ERR,ERR,ERR,ERR,ERR,ERR,ERR,ERR,ERR,ERR,ERR,ERR,ERR,ERR,ERR,ERR,ERR,ERR,ERR,ERR,ERR,ERR,ERR,ERR,ERR,ERR,ERR,ERR,ERR,ERR,ERR,ERR,ERR,ERR,ERR,ERR,ERR,ERR,ERR,ERR,ERR,ERR,ERR,ERR,ERR,ERR,ERR,ERR,ERR,ERR,ERR,ERR,ERR,ERR,ERR,ERR,34.0,80.0,35,0.0,0.0,0.0,0.0,0.0,0.0,0.0,0.0,0.0,0.0,0.0,0.0,0.0,0.0,0.0,0.0,64.4,0,116,56,49,65476,0,300,0,0,8,20529,65476,0,0,57672,80.0,0.0,0.0,0.0,0.0,0.0
2026-06-17T04:41:55,ERR,ERR,ERR,ERR,ERR,ERR,ERR,ERR,ERR,ERR,ERR,ERR,ERR,ERR,ERR,ERR,ERR,ERR,ERR,ERR,ERR,ERR,ERR,ERR,ERR,ERR,ERR,ERR,ERR,ERR,ERR,ERR,ERR,ERR,ERR,ERR,ERR,ERR,ERR,ERR,ERR,ERR,ERR,ERR,ERR,ERR,ERR,ERR,ERR,ERR,ERR,ERR,ERR,ERR,ERR,ERR,ERR,ERR,ERR,ERR,ERR,ERR,ERR,ERR,ERR,ERR,ERR,ERR,ERR,ERR,ERR,ERR,ERR,ERR,ERR,ERR,ERR,ERR,ERR,ERR,ERR,ERR,ERR,ERR,ERR,ERR,ERR,ERR,ERR,ERR,ERR,ERR,ERR,ERR,ERR,ERR,ERR,ERR,ERR,ERR,ERR,ERR,ERR,ERR,ERR,ERR,ERR,ERR,ERR,ERR,ERR,ERR,ERR,ERR,ERR,ERR,ERR,ERR,ERR,ERR,ERR,ERR,ERR,ERR,ERR,0.0,-0.0,3.028208139652935e+23,0.0,0.0,1.3936040501711995e+18,7.805,0.0,0,0,4,0,7300,-0.0,0,0.0,0.0,0.0,0.0,0.0,0,0,0,0,0.0,0,0,0,0,0,0,0,0,0,0,0,0,0,0,0,0,0,0,0,0,0,0,0,0,0,0,0,0,0,0,0,0,0,32,30,30,62,65476,0,300,0,0,8,21553,0.0,-107605600.0,0.0,0.0,0.0,0.0,0.0,0.0,0.0,0.0,0.0,0.0,0.0,0.0,0.0,0.0,0.0,0.0,0.0,0.0,0.0,0.0,-0.0,-2.004,-0.0,-0.0,0.0,0.0,0.0,0.0,5462.0,-0.0,6934.0,0.0,-0.0,-107615280.0,2.7184296605801213e+23,0.0,0.0,0.0,0.0,63,0.0,5.8480628136940176e+35,0.0,0.0,0.0,0.0,0.0,0.0,0.0,0,0,0,0.0,0.0,0.0,0.0,0.0,0.0,0.0,0.0,0.0,0.0,0.0,0.0,0.0,0.0,0.0,0.0,0,-107875648.0,63,0.0,126,2.7184242562605685e+23,-0.0,ERR,ERR,ERR,ERR,ERR,ERR,ERR,ERR,ERR,ERR,ERR,ERR,ERR,ERR,ERR,ERR,ERR,ERR,ERR,ERR,ERR,ERR,ERR,ERR,ERR,ERR,ERR,ERR,ERR,ERR,ERR,ERR,ERR,ERR,ERR,ERR,ERR,ERR,ERR,ERR,ERR,ERR,ERR,ERR,ERR,ERR,ERR,ERR,ERR,ERR,ERR,ERR,ERR,ERR,ERR,ERR,ERR,ERR,ERR,ERR,ERR,ERR,ERR,ERR,ERR,ERR,ERR,34.0,80.0,35,0.0,0.0,0.0,0.0,0.0,0.0,0.0,0.0,0.0,0.0,0.0,0.0,0.0,0.0,0.0,0.0,64.8,0,116,56,49,65476,0,300,0,0,8,20529,65476,0,0,57672,80.0,0.0,0.0,0.0,0.0,0.0
2026-06-17T04:41:56,ERR,ERR,ERR,ERR,ERR,ERR,ERR,ERR,ERR,ERR,ERR,ERR,ERR,ERR,ERR,ERR,ERR,ERR,ERR,ERR,ERR,ERR,ERR,ERR,ERR,ERR,ERR,ERR,ERR,ERR,ERR,ERR,ERR,ERR,ERR,ERR,ERR,ERR,ERR,ERR,ERR,ERR,ERR,ERR,ERR,ERR,ERR,ERR,ERR,ERR,ERR,ERR,ERR,ERR,ERR,ERR,ERR,ERR,ERR,ERR,ERR,ERR,ERR,ERR,ERR,ERR,ERR,ERR,ERR,ERR,ERR,ERR,ERR,ERR,ERR,ERR,ERR,ERR,ERR,ERR,ERR,ERR,ERR,ERR,ERR,ERR,ERR,ERR,ERR,ERR,ERR,ERR,ERR,ERR,ERR,ERR,ERR,ERR,ERR,ERR,ERR,ERR,ERR,ERR,ERR,ERR,ERR,ERR,ERR,ERR,ERR,ERR,ERR,ERR,ERR,ERR,ERR,ERR,ERR,ERR,ERR,ERR,ERR,ERR,ERR,0.0,-0.0,-0.0,0.0,0.0,1.3936040501711995e+18,7.805,0.0,0,0,4,0,7300,-0.0,0,0.0,0.0,0.0,0.0,0.0,0,0,0,0,0.0,0,0,0,0,0,0,0,0,0,0,0,0,0,0,0,0,0,0,0,0,0,0,0,0,0,0,0,0,0,0,0,0,0,32,30,30,62,65476,0,300,0,0,8,21553,0.0,-107605600.0,0.0,0.0,0.0,0.0,0.0,0.0,0.0,0.0,0.0,0.0,0.0,0.0,0.0,0.0,0.0,0.0,0.0,0.0,0.0,0.0,2.004,-2.004,-0.0,-0.0,0.0,0.0,0.0,0.0,5495.0,0.0,6913.0,0.0,-0.0,-107615280.0,2.7184296605801213e+23,0.0,0.0,0.0,0.0,63,0.0,-3.222009408071634e+26,0.0,0.0,0.0,0.0,0.0,0.0,0.0,0,0,0,0.0,0.0,0.0,0.0,0.0,0.0,0.0,0.0,0.0,0.0,0.0,0.0,0.0,0.0,0.0,0.0,0,-107875648.0,63,0.0,126,2.7184242562605685e+23,-0.0,ERR,ERR,ERR,ERR,ERR,ERR,ERR,ERR,ERR,ERR,ERR,ERR,ERR,ERR,ERR,ERR,ERR,ERR,ERR,ERR,ERR,ERR,ERR,ERR,ERR,ERR,ERR,ERR,ERR,ERR,ERR,ERR,ERR,ERR,ERR,ERR,ERR,ERR,ERR,ERR,ERR,ERR,ERR,ERR,ERR,ERR,ERR,ERR,ERR,ERR,ERR,ERR,ERR,ERR,ERR,ERR,ERR,ERR,ERR,ERR,ERR,ERR,ERR,ERR,ERR,ERR,ERR,34.0,80.0,35,0.0,0.0,0.0,0.0,0.0,0.0,0.0,0.0,0.0,0.0,0.0,0.0,0.0,0.0,0.0,0.0,64.8,0,116,56,49,65476,0,300,0,0,8,20529,65476,0,0,57672,80.0,0.0,0.0,0.0,0.0,0.0
2026-06-17T04:41:57,ERR,ERR,ERR,ERR,ERR,ERR,ERR,ERR,ERR,ERR,ERR,ERR,ERR,ERR,ERR,ERR,ERR,ERR,ERR,ERR,ERR,ERR,ERR,ERR,ERR,ERR,ERR,ERR,ERR,ERR,ERR,ERR,ERR,ERR,ERR,ERR,ERR,ERR,ERR,ERR,ERR,ERR,ERR,ERR,ERR,ERR,ERR,ERR,ERR,ERR,ERR,ERR,ERR,ERR,ERR,ERR,ERR,ERR,ERR,ERR,ERR,ERR,ERR,ERR,ERR,ERR,ERR,ERR,ERR,ERR,ERR,ERR,ERR,ERR,ERR,ERR,ERR,ERR,ERR,ERR,ERR,ERR,ERR,ERR,ERR,ERR,ERR,ERR,ERR,ERR,ERR,ERR,ERR,ERR,ERR,ERR,ERR,ERR,ERR,ERR,ERR,ERR,ERR,ERR,ERR,ERR,ERR,ERR,ERR,ERR,ERR,ERR,ERR,ERR,ERR,ERR,ERR,ERR,ERR,ERR,ERR,ERR,ERR,ERR,ERR,0.0,-0.0,-0.0,0.0,0.0,1.3936040501711995e+18,7.805,0.0,0,0,4,0,7300,-0.0,0,0.0,0.0,0.0,0.0,0.0,0,0,0,0,0.0,0,0,0,0,0,0,0,0,0,0,0,0,0,0,0,0,0,0,0,0,0,0,0,0,0,0,0,0,0,0,0,0,0,32,30,30,62,65476,0,300,0,0,8,21553,0.0,-107605600.0,0.0,0.0,0.0,0.0,0.0,0.0,0.0,0.0,0.0,0.0,0.0,0.0,0.0,0.0,0.0,0.0,0.0,0.0,0.0,0.0,2.004,-2.004,-0.0,-0.0,0.0,0.0,0.0,0.0,5495.0,0.0,6913.0,0.0,-0.0,-107615280.0,2.7184296605801213e+23,0.0,0.0,0.0,0.0,63,0.0,-3.222009408071634e+26,0.0,0.0,0.0,0.0,0.0,0.0,0.0,0,0,0,0.0,0.0,0.0,0.0,0.0,0.0,0.0,0.0,0.0,0.0,0.0,0.0,0.0,0.0,0.0,0.0,0,-107875648.0,63,0.0,126,2.7184242562605685e+23,-0.0,ERR,ERR,ERR,ERR,ERR,ERR,ERR,ERR,ERR,ERR,ERR,ERR,ERR,ERR,ERR,ERR,ERR,ERR,ERR,ERR,ERR,ERR,ERR,ERR,ERR,ERR,ERR,ERR,ERR,ERR,ERR,ERR,ERR,ERR,ERR,ERR,ERR,ERR,ERR,ERR,ERR,ERR,ERR,ERR,ERR,ERR,ERR,ERR,ERR,ERR,ERR,ERR,ERR,ERR,ERR,ERR,ERR,ERR,ERR,ERR,ERR,ERR,ERR,ERR,ERR,ERR,ERR,34.0,80.0,35,0.0,0.0,0.0,0.0,0.0,0.0,0.0,0.0,0.0,0.0,0.0,0.0,0.0,0.0,0.0,0.0,64.4,0,116,56,49,65476,0,300,0,0,8,20529,65476,0,0,57672,80.0,0.0,0.0,0.0,0.0,0.0
2026-06-17T04:41:58,ERR,ERR,ERR,ERR,ERR,ERR,ERR,ERR,ERR,ERR,ERR,ERR,ERR,ERR,ERR,ERR,ERR,ERR,ERR,ERR,ERR,ERR,ERR,ERR,ERR,ERR,ERR,ERR,ERR,ERR,ERR,ERR,ERR,ERR,ERR,ERR,ERR,ERR,ERR,ERR,ERR,ERR,ERR,ERR,ERR,ERR,ERR,ERR,ERR,ERR,ERR,ERR,ERR,ERR,ERR,ERR,ERR,ERR,ERR,ERR,ERR,ERR,ERR,ERR,ERR,ERR,ERR,ERR,ERR,ERR,ERR,ERR,ERR,ERR,ERR,ERR,ERR,ERR,ERR,ERR,ERR,ERR,ERR,ERR,ERR,ERR,ERR,ERR,ERR,ERR,ERR,ERR,ERR,ERR,ERR,ERR,ERR,ERR,ERR,ERR,ERR,ERR,ERR,ERR,ERR,ERR,ERR,ERR,ERR,ERR,ERR,ERR,ERR,ERR,ERR,ERR,ERR,ERR,ERR,ERR,ERR,ERR,ERR,ERR,ERR,0.0,-0.0,-0.0,0.0,0.0,1.3936040501711995e+18,7.805,0.0,0,0,4,0,7300,-0.0,0,0.0,0.0,0.0,0.0,0.0,0,0,0,0,0.0,0,0,0,0,0,0,0,0,0,0,0,0,0,0,0,0,0,0,0,0,0,0,0,0,0,0,0,0,0,0,0,0,0,32,30,30,62,65476,0,300,0,0,8,21553,0.0,-107605600.0,0.0,0.0,0.0,0.0,0.0,0.0,0.0,0.0,0.0,0.0,0.0,0.0,0.0,0.0,0.0,0.0,0.0,0.0,0.0,0.0,2.004,-2.004,-0.0,-0.0,0.0,0.0,0.0,0.0,5495.0,0.0,6913.0,0.0,-0.0,-107615280.0,2.7184296605801213e+23,0.0,0.0,0.0,0.0,63,0.0,-3.222009408071634e+26,0.0,0.0,0.0,0.0,0.0,0.0,0.0,0,0,0,0.0,0.0,0.0,0.0,0.0,0.0,0.0,0.0,0.0,0.0,0.0,0.0,0.0,0.0,0.0,0.0,0,-107875648.0,63,0.0,126,2.7184242562605685e+23,-0.0,ERR,ERR,ERR,ERR,ERR,ERR,ERR,ERR,ERR,ERR,ERR,ERR,ERR,ERR,ERR,ERR,ERR,ERR,ERR,ERR,ERR,ERR,ERR,ERR,ERR,ERR,ERR,ERR,ERR,ERR,ERR,ERR,ERR,ERR,ERR,ERR,ERR,ERR,ERR,ERR,ERR,ERR,ERR,ERR,ERR,ERR,ERR,ERR,ERR,ERR,ERR,ERR,ERR,ERR,ERR,ERR,ERR,ERR,ERR,ERR,ERR,ERR,ERR,ERR,ERR,ERR,ERR,34.0,80.0,35,0.0,0.0,0.0,0.0,0.0,0.0,0.0,0.0,0.0,0.0,0.0,0.0,0.0,0.0,0.0,0.0,64.4,0,116,56,49,65476,0,300,0,0,8,20529,65476,0,0,57672,80.0,0.0,0.0,0.0,0.0,0.0
2026-06-17T04:41:59,ERR,ERR,ERR,ERR,ERR,ERR,ERR,ERR,ERR,ERR,ERR,ERR,ERR,ERR,ERR,ERR,ERR,ERR,ERR,ERR,ERR,ERR,ERR,ERR,ERR,ERR,ERR,ERR,ERR,ERR,ERR,ERR,ERR,ERR,ERR,ERR,ERR,ERR,ERR,ERR,ERR,ERR,ERR,ERR,ERR,ERR,ERR,ERR,ERR,ERR,ERR,ERR,ERR,ERR,ERR,ERR,ERR,ERR,ERR,ERR,ERR,ERR,ERR,ERR,ERR,ERR,ERR,ERR,ERR,ERR,ERR,ERR,ERR,ERR,ERR,ERR,ERR,ERR,ERR,ERR,ERR,ERR,ERR,ERR,ERR,ERR,ERR,ERR,ERR,ERR,ERR,ERR,ERR,ERR,ERR,ERR,ERR,ERR,ERR,ERR,ERR,ERR,ERR,ERR,ERR,ERR,ERR,ERR,ERR,ERR,ERR,ERR,ERR,ERR,ERR,ERR,ERR,ERR,ERR,ERR,ERR,ERR,ERR,ERR,ERR,0.0,-0.0,-0.0,0.0,0.0,1.3936040501711995e+18,7.805,0.0,0,0,4,0,7300,-0.0,0,0.0,0.0,0.0,0.0,0.0,0,0,0,0,0.0,0,0,0,0,0,0,0,0,0,0,0,0,0,0,0,0,0,0,0,0,0,0,0,0,0,0,0,0,0,0,0,0,0,32,30,30,62,65476,0,300,0,0,8,21553,0.0,-107605600.0,0.0,0.0,0.0,0.0,0.0,0.0,0.0,0.0,0.0,0.0,0.0,0.0,0.0,0.0,0.0,0.0,0.0,0.0,0.0,0.0,2.004,-2.004,-0.0,-0.0,0.0,0.0,0.0,0.0,5495.0,0.0,6913.0,0.0,-0.0,-107615280.0,2.7184296605801213e+23,0.0,0.0,0.0,0.0,63,0.0,-3.222009408071634e+26,0.0,0.0,0.0,0.0,0.0,0.0,0.0,0,0,0,0.0,0.0,0.0,0.0,0.0,0.0,0.0,0.0,0.0,0.0,0.0,0.0,0.0,0.0,0.0,0.0,0,-107875648.0,63,0.0,126,2.7184242562605685e+23,-0.0,ERR,ERR,ERR,ERR,ERR,ERR,ERR,ERR,ERR,ERR,ERR,ERR,ERR,ERR,ERR,ERR,ERR,ERR,ERR,ERR,ERR,ERR,ERR,ERR,ERR,ERR,ERR,ERR,ERR,ERR,ERR,ERR,ERR,ERR,ERR,ERR,ERR,ERR,ERR,ERR,ERR,ERR,ERR,ERR,ERR,ERR,ERR,ERR,ERR,ERR,ERR,ERR,ERR,ERR,ERR,ERR,ERR,ERR,ERR,ERR,ERR,ERR,ERR,ERR,ERR,ERR,ERR,34.0,80.0,35,0.0,0.0,0.0,0.0,0.0,0.0,0.0,0.0,0.0,0.0,0.0,0.0,0.0,0.0,0.0,0.0,64.4,0,116,56,49,65476,0,300,0,0,8,20529,65476,0,0,57672,80.0,0.0,0.0,0.0,0.0,0.0
2026-06-17T04:42:00,ERR,ERR,ERR,ERR,ERR,ERR,ERR,ERR,ERR,ERR,ERR,ERR,ERR,ERR,ERR,ERR,ERR,ERR,ERR,ERR,ERR,ERR,ERR,ERR,ERR,ERR,ERR,ERR,ERR,ERR,ERR,ERR,ERR,ERR,ERR,ERR,ERR,ERR,ERR,ERR,ERR,ERR,ERR,ERR,ERR,ERR,ERR,ERR,ERR,ERR,ERR,ERR,ERR,ERR,ERR,ERR,ERR,ERR,ERR,ERR,ERR,ERR,ERR,ERR,ERR,ERR,ERR,ERR,ERR,ERR,ERR,ERR,ERR,ERR,ERR,ERR,ERR,ERR,ERR,ERR,ERR,ERR,ERR,ERR,ERR,ERR,ERR,ERR,ERR,ERR,ERR,ERR,ERR,ERR,ERR,ERR,ERR,ERR,ERR,ERR,ERR,ERR,ERR,ERR,ERR,ERR,ERR,ERR,ERR,ERR,ERR,ERR,ERR,ERR,ERR,ERR,ERR,ERR,ERR,ERR,ERR,ERR,ERR,ERR,ERR,0.0,-0.0,-0.0,0.0,0.0,1.3936040501711995e+18,7.805,0.0,0,0,4,0,7300,-0.0,0,0.0,0.0,0.0,0.0,0.0,0,0,0,0,0.0,0,0,0,0,0,0,0,0,0,0,0,0,0,0,0,0,0,0,0,0,0,0,0,0,0,0,0,0,0,0,0,0,0,32,30,30,62,65476,0,300,0,0,8,21553,0.0,-107605600.0,0.0,0.0,0.0,0.0,0.0,0.0,0.0,0.0,0.0,0.0,0.0,0.0,0.0,0.0,0.0,0.0,0.0,0.0,0.0,0.0,2.004,-2.004,-0.0,-0.0,0.0,0.0,0.0,0.0,5495.0,0.0,6913.0,0.0,-0.0,-107615280.0,2.7184296605801213e+23,0.0,0.0,0.0,0.0,63,0.0,-3.222009408071634e+26,0.0,0.0,0.0,0.0,0.0,0.0,0.0,0,0,0,0.0,0.0,0.0,0.0,0.0,0.0,0.0,0.0,0.0,0.0,0.0,0.0,0.0,0.0,0.0,0.0,0,-107875648.0,63,0.0,126,2.7184242562605685e+23,-0.0,ERR,ERR,ERR,ERR,ERR,ERR,ERR,ERR,ERR,ERR,ERR,ERR,ERR,ERR,ERR,ERR,ERR,ERR,ERR,ERR,ERR,ERR,ERR,ERR,ERR,ERR,ERR,ERR,ERR,ERR,ERR,ERR,ERR,ERR,ERR,ERR,ERR,ERR,ERR,ERR,ERR,ERR,ERR,ERR,ERR,ERR,ERR,ERR,ERR,ERR,ERR,ERR,ERR,ERR,ERR,ERR,ERR,ERR,ERR,ERR,ERR,ERR,ERR,ERR,ERR,ERR,ERR,34.0,80.0,35,0.0,0.0,0.0,0.0,0.0,0.0,0.0,0.0,0.0,0.0,0.0,0.0,0.0,0.0,0.0,0.0,64.4,0,116,56,49,65476,0,300,0,0,8,20529,65476,0,0,57672,80.0,0.0,0.0,0.0,0.0,0.0
2026-06-17T04:42:01,ERR,ERR,ERR,ERR,ERR,ERR,ERR,ERR,ERR,ERR,ERR,ERR,ERR,ERR,ERR,ERR,ERR,ERR,ERR,ERR,ERR,ERR,ERR,ERR,ERR,ERR,ERR,ERR,ERR,ERR,ERR,ERR,ERR,ERR,ERR,ERR,ERR,ERR,ERR,ERR,ERR,ERR,ERR,ERR,ERR,ERR,ERR,ERR,ERR,ERR,ERR,ERR,ERR,ERR,ERR,ERR,ERR,ERR,ERR,ERR,ERR,ERR,ERR,ERR,ERR,ERR,ERR,ERR,ERR,ERR,ERR,ERR,ERR,ERR,ERR,ERR,ERR,ERR,ERR,ERR,ERR,ERR,ERR,ERR,ERR,ERR,ERR,ERR,ERR,ERR,ERR,ERR,ERR,ERR,ERR,ERR,ERR,ERR,ERR,ERR,ERR,ERR,ERR,ERR,ERR,ERR,ERR,ERR,ERR,ERR,ERR,ERR,ERR,ERR,ERR,ERR,ERR,ERR,ERR,ERR,ERR,ERR,ERR,ERR,ERR,0.0,-0.0,3.028208139652935e+23,0.0,0.0,1.3936040501711995e+18,7.805,0.0,0,0,4,0,7300,-0.0,0,0.0,0.0,0.0,0.0,0.0,0,0,0,0,0.0,0,0,0,0,0,0,0,0,0,0,0,0,0,0,0,0,0,0,0,0,0,0,0,0,0,0,0,0,0,0,0,0,0,32,30,30,62,65476,0,300,0,0,8,21553,0.0,-107605600.0,0.0,0.0,0.0,0.0,0.0,0.0,0.0,0.0,0.0,0.0,0.0,0.0,0.0,0.0,0.0,0.0,0.0,0.0,0.0,0.0,-0.0,-2.004,-0.0,-0.0,0.0,0.0,0.0,0.0,5497.0,-0.0,6928.0,0.0,-0.0,-107615280.0,2.7184296605801213e+23,0.0,0.0,0.0,0.0,63,0.0,-0.0,0.0,0.0,0.0,0.0,0.0,0.0,0.0,0,0,0,0.0,0.0,0.0,0.0,0.0,0.0,0.0,0.0,0.0,0.0,0.0,0.0,0.0,0.0,0.0,0.0,0,-107875648.0,63,0.0,126,2.7184242562605685e+23,-0.0,ERR,ERR,ERR,ERR,ERR,ERR,ERR,ERR,ERR,ERR,ERR,ERR,ERR,ERR,ERR,ERR,ERR,ERR,ERR,ERR,ERR,ERR,ERR,ERR,ERR,ERR,ERR,ERR,ERR,ERR,ERR,ERR,ERR,ERR,ERR,ERR,ERR,ERR,ERR,ERR,ERR,ERR,ERR,ERR,ERR,ERR,ERR,ERR,ERR,ERR,ERR,ERR,ERR,ERR,ERR,ERR,ERR,ERR,ERR,ERR,ERR,ERR,ERR,ERR,ERR,ERR,ERR,34.0,80.0,35,0.0,0.0,0.0,0.0,0.0,0.0,0.0,0.0,0.0,0.0,0.0,0.0,0.0,0.0,0.0,0.0,64.4,0,116,56,49,65476,0,300,0,0,8,20529,65476,0,0,57672,80.0,0.0,0.0,0.0,0.0,0.0
2026-06-17T04:42:02,ERR,ERR,ERR,ERR,ERR,ERR,ERR,ERR,ERR,ERR,ERR,ERR,ERR,ERR,ERR,ERR,ERR,ERR,ERR,ERR,ERR,ERR,ERR,ERR,ERR,ERR,ERR,ERR,ERR,ERR,ERR,ERR,ERR,ERR,ERR,ERR,ERR,ERR,ERR,ERR,ERR,ERR,ERR,ERR,ERR,ERR,ERR,ERR,ERR,ERR,ERR,ERR,ERR,ERR,ERR,ERR,ERR,ERR,ERR,ERR,ERR,ERR,ERR,ERR,ERR,ERR,ERR,ERR,ERR,ERR,ERR,ERR,ERR,ERR,ERR,ERR,ERR,ERR,ERR,ERR,ERR,ERR,ERR,ERR,ERR,ERR,ERR,ERR,ERR,ERR,ERR,ERR,ERR,ERR,ERR,ERR,ERR,ERR,ERR,ERR,ERR,ERR,ERR,ERR,ERR,ERR,ERR,ERR,ERR,ERR,ERR,ERR,ERR,ERR,ERR,ERR,ERR,ERR,ERR,ERR,ERR,ERR,ERR,ERR,ERR,0.0,-0.0,3.028208139652935e+23,0.0,0.0,1.3936040501711995e+18,7.805,0.0,0,0,4,0,7300,-0.0,0,0.0,0.0,0.0,0.0,0.0,0,0,0,0,0.0,0,0,0,0,0,0,0,0,0,0,0,0,0,0,0,0,0,0,0,0,0,0,0,0,0,0,0,0,0,0,0,0,0,32,30,30,62,65476,0,300,0,0,8,21553,0.0,-107605600.0,0.0,0.0,0.0,0.0,0.0,0.0,0.0,0.0,0.0,0.0,0.0,0.0,0.0,0.0,0.0,0.0,0.0,0.0,0.0,0.0,-0.0,-2.004,-0.0,-0.0,0.0,0.0,0.0,0.0,5497.0,-0.0,6928.0,0.0,-0.0,-107615280.0,2.7184296605801213e+23,0.0,0.0,0.0,0.0,63,0.0,-0.0,0.0,0.0,0.0,0.0,0.0,0.0,0.0,0,0,0,0.0,0.0,0.0,0.0,0.0,0.0,0.0,0.0,0.0,0.0,0.0,0.0,0.0,0.0,0.0,0.0,0,-107875648.0,63,0.0,126,2.7184242562605685e+23,-0.0,ERR,ERR,ERR,ERR,ERR,ERR,ERR,ERR,ERR,ERR,ERR,ERR,ERR,ERR,ERR,ERR,ERR,ERR,ERR,ERR,ERR,ERR,ERR,ERR,ERR,ERR,ERR,ERR,ERR,ERR,ERR,ERR,ERR,ERR,ERR,ERR,ERR,ERR,ERR,ERR,ERR,ERR,ERR,ERR,ERR,ERR,ERR,ERR,ERR,ERR,ERR,ERR,ERR,ERR,ERR,ERR,ERR,ERR,ERR,ERR,ERR,ERR,ERR,ERR,ERR,ERR,ERR,34.0,80.0,35,0.0,0.0,0.0,0.0,0.0,0.0,0.0,0.0,0.0,0.0,0.0,0.0,0.0,0.0,0.0,0.0,64.4,0,116,56,49,65476,0,300,0,0,8,20529,65476,0,0,57672,80.0,0.0,0.0,0.0,0.0,0.0
2026-06-17T04:42:03,ERR,ERR,ERR,ERR,ERR,ERR,ERR,ERR,ERR,ERR,ERR,ERR,ERR,ERR,ERR,ERR,ERR,ERR,ERR,ERR,ERR,ERR,ERR,ERR,ERR,ERR,ERR,ERR,ERR,ERR,ERR,ERR,ERR,ERR,ERR,ERR,ERR,ERR,ERR,ERR,ERR,ERR,ERR,ERR,ERR,ERR,ERR,ERR,ERR,ERR,ERR,ERR,ERR,ERR,ERR,ERR,ERR,ERR,ERR,ERR,ERR,ERR,ERR,ERR,ERR,ERR,ERR,ERR,ERR,ERR,ERR,ERR,ERR,ERR,ERR,ERR,ERR,ERR,ERR,ERR,ERR,ERR,ERR,ERR,ERR,ERR,ERR,ERR,ERR,ERR,ERR,ERR,ERR,ERR,ERR,ERR,ERR,ERR,ERR,ERR,ERR,ERR,ERR,ERR,ERR,ERR,ERR,ERR,ERR,ERR,ERR,ERR,ERR,ERR,ERR,ERR,ERR,ERR,ERR,ERR,ERR,ERR,ERR,ERR,ERR,0.0,-0.0,3.028208139652935e+23,0.0,0.0,1.3936040501711995e+18,7.805,0.0,0,0,4,0,7300,-0.0,0,0.0,0.0,0.0,0.0,0.0,0,0,0,0,0.0,0,0,0,0,0,0,0,0,0,0,0,0,0,0,0,0,0,0,0,0,0,0,0,0,0,0,0,0,0,0,0,0,0,32,30,30,62,65476,0,300,0,0,8,21553,0.0,-107605600.0,0.0,0.0,0.0,0.0,0.0,0.0,0.0,0.0,0.0,0.0,0.0,0.0,0.0,0.0,0.0,0.0,0.0,0.0,0.0,0.0,-0.0,-2.004,-0.0,-0.0,0.0,0.0,0.0,0.0,5497.0,-0.0,6928.0,0.0,-0.0,-107615280.0,2.7184296605801213e+23,0.0,0.0,0.0,0.0,63,0.0,-0.0,0.0,0.0,0.0,0.0,0.0,0.0,0.0,0,0,0,0.0,0.0,0.0,0.0,0.0,0.0,0.0,0.0,0.0,0.0,0.0,0.0,0.0,0.0,0.0,0.0,0,-107875648.0,63,0.0,126,2.7184242562605685e+23,-0.0,ERR,ERR,ERR,ERR,ERR,ERR,ERR,ERR,ERR,ERR,ERR,ERR,ERR,ERR,ERR,ERR,ERR,ERR,ERR,ERR,ERR,ERR,ERR,ERR,ERR,ERR,ERR,ERR,ERR,ERR,ERR,ERR,ERR,ERR,ERR,ERR,ERR,ERR,ERR,ERR,ERR,ERR,ERR,ERR,ERR,ERR,ERR,ERR,ERR,ERR,ERR,ERR,ERR,ERR,ERR,ERR,ERR,ERR,ERR,ERR,ERR,ERR,ERR,ERR,ERR,ERR,ERR,34.0,80.0,35,0.0,0.0,0.0,0.0,0.0,0.0,0.0,0.0,0.0,0.0,0.0,0.0,0.0,0.0,0.0,0.0,64.4,0,116,56,49,65476,0,300,0,0,8,20529,65476,0,0,57672,80.0,0.0,0.0,0.0,0.0,0.0
2026-06-17T04:42:04,ERR,ERR,ERR,ERR,ERR,ERR,ERR,ERR,ERR,ERR,ERR,ERR,ERR,ERR,ERR,ERR,ERR,ERR,ERR,ERR,ERR,ERR,ERR,ERR,ERR,ERR,ERR,ERR,ERR,ERR,ERR,ERR,ERR,ERR,ERR,ERR,ERR,ERR,ERR,ERR,ERR,ERR,ERR,ERR,ERR,ERR,ERR,ERR,ERR,ERR,ERR,ERR,ERR,ERR,ERR,ERR,ERR,ERR,ERR,ERR,ERR,ERR,ERR,ERR,ERR,ERR,ERR,ERR,ERR,ERR,ERR,ERR,ERR,ERR,ERR,ERR,ERR,ERR,ERR,ERR,ERR,ERR,ERR,ERR,ERR,ERR,ERR,ERR,ERR,ERR,ERR,ERR,ERR,ERR,ERR,ERR,ERR,ERR,ERR,ERR,ERR,ERR,ERR,ERR,ERR,ERR,ERR,ERR,ERR,ERR,ERR,ERR,ERR,ERR,ERR,ERR,ERR,ERR,ERR,ERR,ERR,ERR,ERR,ERR,ERR,0.0,-0.0,3.028208139652935e+23,0.0,0.0,1.3936040501711995e+18,7.805,0.0,0,0,4,0,7300,-0.0,0,0.0,0.0,0.0,0.0,0.0,0,0,0,0,0.0,0,0,0,0,0,0,0,0,0,0,0,0,0,0,0,0,0,0,0,0,0,0,0,0,0,0,0,0,0,0,0,0,0,32,30,30,62,65476,0,300,0,0,8,21553,0.0,-107605600.0,0.0,0.0,0.0,0.0,0.0,0.0,0.0,0.0,0.0,0.0,0.0,0.0,0.0,0.0,0.0,0.0,0.0,0.0,0.0,0.0,-0.0,-2.004,-0.0,-0.0,0.0,0.0,0.0,0.0,5497.0,-0.0,6928.0,0.0,-0.0,-107615280.0,2.7184296605801213e+23,0.0,0.0,0.0,0.0,63,0.0,-0.0,0.0,0.0,0.0,0.0,0.0,0.0,0.0,0,0,0,0.0,0.0,0.0,0.0,0.0,0.0,0.0,0.0,0.0,0.0,0.0,0.0,0.0,0.0,0.0,0.0,0,-107875648.0,63,0.0,126,2.7184242562605685e+23,-0.0,ERR,ERR,ERR,ERR,ERR,ERR,ERR,ERR,ERR,ERR,ERR,ERR,ERR,ERR,ERR,ERR,ERR,ERR,ERR,ERR,ERR,ERR,ERR,ERR,ERR,ERR,ERR,ERR,ERR,ERR,ERR,ERR,ERR,ERR,ERR,ERR,ERR,ERR,ERR,ERR,ERR,ERR,ERR,ERR,ERR,ERR,ERR,ERR,ERR,ERR,ERR,ERR,ERR,ERR,ERR,ERR,ERR,ERR,ERR,ERR,ERR,ERR,ERR,ERR,ERR,ERR,ERR,34.0,80.0,35,0.0,0.0,0.0,0.0,0.0,0.0,0.0,0.0,0.0,0.0,0.0,0.0,0.0,0.0,0.0,0.0,64.8,0,116,56,49,65476,0,300,0,0,8,20529,65476,0,0,57672,80.0,0.0,0.0,0.0,0.0,0.0
2026-06-17T04:42:05,ERR,ERR,ERR,ERR,ERR,ERR,ERR,ERR,ERR,ERR,ERR,ERR,ERR,ERR,ERR,ERR,ERR,ERR,ERR,ERR,ERR,ERR,ERR,ERR,ERR,ERR,ERR,ERR,ERR,ERR,ERR,ERR,ERR,ERR,ERR,ERR,ERR,ERR,ERR,ERR,ERR,ERR,ERR,ERR,ERR,ERR,ERR,ERR,ERR,ERR,ERR,ERR,ERR,ERR,ERR,ERR,ERR,ERR,ERR,ERR,ERR,ERR,ERR,ERR,ERR,ERR,ERR,ERR,ERR,ERR,ERR,ERR,ERR,ERR,ERR,ERR,ERR,ERR,ERR,ERR,ERR,ERR,ERR,ERR,ERR,ERR,ERR,ERR,ERR,ERR,ERR,ERR,ERR,ERR,ERR,ERR,ERR,ERR,ERR,ERR,ERR,ERR,ERR,ERR,ERR,ERR,ERR,ERR,ERR,ERR,ERR,ERR,ERR,ERR,ERR,ERR,ERR,ERR,ERR,ERR,ERR,ERR,ERR,ERR,ERR,0.0,-0.0,3.028208139652935e+23,0.0,0.0,1.3936040501711995e+18,7.805,0.0,0,0,4,0,7300,-0.0,0,0.0,0.0,0.0,0.0,0.0,0,0,0,0,0.0,0,0,0,0,0,0,0,0,0,0,0,0,0,0,0,0,0,0,0,0,0,0,0,0,0,0,0,0,0,0,0,0,0,32,30,30,62,65476,0,300,0,0,8,21553,0.0,-107605600.0,0.0,0.0,0.0,0.0,0.0,0.0,0.0,0.0,0.0,0.0,0.0,0.0,0.0,0.0,0.0,0.0,0.0,0.0,0.0,0.0,-0.0,-2.004,-0.0,-0.0,0.0,0.0,0.0,0.0,5497.0,-0.0,6928.0,0.0,-0.0,-107615280.0,2.7184296605801213e+23,0.0,0.0,0.0,0.0,63,0.0,-0.0,0.0,0.0,0.0,0.0,0.0,0.0,0.0,0,0,0,0.0,0.0,0.0,0.0,0.0,0.0,0.0,0.0,0.0,0.0,0.0,0.0,0.0,0.0,0.0,0.0,0,-107875648.0,63,0.0,126,2.7184242562605685e+23,-0.0,ERR,ERR,ERR,ERR,ERR,ERR,ERR,ERR,ERR,ERR,ERR,ERR,ERR,ERR,ERR,ERR,ERR,ERR,ERR,ERR,ERR,ERR,ERR,ERR,ERR,ERR,ERR,ERR,ERR,ERR,ERR,ERR,ERR,ERR,ERR,ERR,ERR,ERR,ERR,ERR,ERR,ERR,ERR,ERR,ERR,ERR,ERR,ERR,ERR,ERR,ERR,ERR,ERR,ERR,ERR,ERR,ERR,ERR,ERR,ERR,ERR,ERR,ERR,ERR,ERR,ERR,ERR,34.0,80.0,35,0.0,0.0,0.0,0.0,0.0,0.0,0.0,0.0,0.0,0.0,0.0,0.0,0.0,0.0,0.0,0.0,64.8,0,116,56,49,65476,0,300,0,0,8,20529,65476,0,0,57672,80.0,0.0,0.0,0.0,0.0,0.0
2026-06-17T04:42:06,ERR,ERR,ERR,ERR,ERR,ERR,ERR,ERR,ERR,ERR,ERR,ERR,ERR,ERR,ERR,ERR,ERR,ERR,ERR,ERR,ERR,ERR,ERR,ERR,ERR,ERR,ERR,ERR,ERR,ERR,ERR,ERR,ERR,ERR,ERR,ERR,ERR,ERR,ERR,ERR,ERR,ERR,ERR,ERR,ERR,ERR,ERR,ERR,ERR,ERR,ERR,ERR,ERR,ERR,ERR,ERR,ERR,ERR,ERR,ERR,ERR,ERR,ERR,ERR,ERR,ERR,ERR,ERR,ERR,ERR,ERR,ERR,ERR,ERR,ERR,ERR,ERR,ERR,ERR,ERR,ERR,ERR,ERR,ERR,ERR,ERR,ERR,ERR,ERR,ERR,ERR,ERR,ERR,ERR,ERR,ERR,ERR,ERR,ERR,ERR,ERR,ERR,ERR,ERR,ERR,ERR,ERR,ERR,ERR,ERR,ERR,ERR,ERR,ERR,ERR,ERR,ERR,ERR,ERR,ERR,ERR,ERR,ERR,ERR,ERR,0.0,-0.0,3.028208139652935e+23,0.0,0.0,1.3936040501711995e+18,7.805,0.0,0,0,4,0,7300,-0.0,0,0.0,0.0,0.0,0.0,0.0,0,0,0,0,0.0,0,0,0,0,0,0,0,0,0,0,0,0,0,0,0,0,0,0,0,0,0,0,0,0,0,0,0,0,0,0,0,0,0,32,30,30,62,65476,0,300,0,0,8,21553,0.0,-107605600.0,0.0,0.0,0.0,0.0,0.0,0.0,0.0,0.0,0.0,0.0,0.0,0.0,0.0,0.0,0.0,0.0,0.0,0.0,0.0,0.0,-0.0,-2.004,-0.0,-0.0,0.0,0.0,0.0,0.0,5497.0,-0.0,6928.0,0.0,-0.0,-107615280.0,2.7184296605801213e+23,0.0,0.0,0.0,0.0,63,0.0,-0.0,0.0,0.0,0.0,0.0,0.0,0.0,0.0,0,0,0,0.0,0.0,0.0,0.0,0.0,0.0,0.0,0.0,0.0,0.0,0.0,0.0,0.0,0.0,0.0,0.0,0,-107875648.0,63,0.0,126,2.7184242562605685e+23,-0.0,ERR,ERR,ERR,ERR,ERR,ERR,ERR,ERR,ERR,ERR,ERR,ERR,ERR,ERR,ERR,ERR,ERR,ERR,ERR,ERR,ERR,ERR,ERR,ERR,ERR,ERR,ERR,ERR,ERR,ERR,ERR,ERR,ERR,ERR,ERR,ERR,ERR,ERR,ERR,ERR,ERR,ERR,ERR,ERR,ERR,ERR,ERR,ERR,ERR,ERR,ERR,ERR,ERR,ERR,ERR,ERR,ERR,ERR,ERR,ERR,ERR,ERR,ERR,ERR,ERR,ERR,ERR,34.0,80.0,35,0.0,0.0,0.0,0.0,0.0,0.0,0.0,0.0,0.0,0.0,0.0,0.0,0.0,0.0,0.0,0.0,64.8,0,116,56,49,65476,0,300,0,0,8,20529,65476,0,0,57672,80.0,0.0,0.0,0.0,0.0,0.0
2026-06-17T04:42:07,ERR,ERR,ERR,ERR,ERR,ERR,ERR,ERR,ERR,ERR,ERR,ERR,ERR,ERR,ERR,ERR,ERR,ERR,ERR,ERR,ERR,ERR,ERR,ERR,ERR,ERR,ERR,ERR,ERR,ERR,ERR,ERR,ERR,ERR,ERR,ERR,ERR,ERR,ERR,ERR,ERR,ERR,ERR,ERR,ERR,ERR,ERR,ERR,ERR,ERR,ERR,ERR,ERR,ERR,ERR,ERR,ERR,ERR,ERR,ERR,ERR,ERR,ERR,ERR,ERR,ERR,ERR,ERR,ERR,ERR,ERR,ERR,ERR,ERR,ERR,ERR,ERR,ERR,ERR,ERR,ERR,ERR,ERR,ERR,ERR,ERR,ERR,ERR,ERR,ERR,ERR,ERR,ERR,ERR,ERR,ERR,ERR,ERR,ERR,ERR,ERR,ERR,ERR,ERR,ERR,ERR,ERR,ERR,ERR,ERR,ERR,ERR,ERR,ERR,ERR,ERR,ERR,ERR,ERR,ERR,ERR,ERR,ERR,ERR,ERR,0.0,-0.0,3.028208139652935e+23,0.0,0.0,1.3936040501711995e+18,7.805,0.0,0,0,4,0,7300,-0.0,0,0.0,0.0,0.0,0.0,0.0,0,0,0,0,0.0,0,0,0,0,0,0,0,0,0,0,0,0,0,0,0,0,0,0,0,0,0,0,0,0,0,0,0,0,0,0,0,0,0,32,30,30,62,65476,0,300,0,0,8,21553,0.0,-107605600.0,0.0,0.0,0.0,0.0,0.0,0.0,0.0,0.0,0.0,0.0,0.0,0.0,0.0,0.0,0.0,0.0,0.0,0.0,0.0,0.0,2.004,-2.004,-0.0,-0.0,0.0,0.0,0.0,0.0,5496.0,-564146840010752.0,6939.0,0.0,-0.0,-0.0,2.7184296605801213e+23,0.0,0.0,0.0,0.0,63,0.0,-4.950408868217389e+32,0.0,0.0,0.0,0.0,0.0,0.0,0.0,0,0,0,0.0,0.0,0.0,0.0,0.0,0.0,0.0,0.0,0.0,0.0,0.0,0.0,0.0,0.0,0.0,0.0,0,-107875648.0,63,0.0,126,2.7184242562605685e+23,-0.0,ERR,ERR,ERR,ERR,ERR,ERR,ERR,ERR,ERR,ERR,ERR,ERR,ERR,ERR,ERR,ERR,ERR,ERR,ERR,ERR,ERR,ERR,ERR,ERR,ERR,ERR,ERR,ERR,ERR,ERR,ERR,ERR,ERR,ERR,ERR,ERR,ERR,ERR,ERR,ERR,ERR,ERR,ERR,ERR,ERR,ERR,ERR,ERR,ERR,ERR,ERR,ERR,ERR,ERR,ERR,ERR,ERR,ERR,ERR,ERR,ERR,ERR,ERR,ERR,ERR,ERR,ERR,34.0,80.0,35,0.0,0.0,0.0,0.0,0.0,0.0,0.0,0.0,0.0,0.0,0.0,0.0,0.0,0.0,0.0,0.0,64.8,0,116,56,49,65476,0,300,0,0,8,20529,65476,0,0,57672,80.0,0.0,0.0,0.0,0.0,0.0
2026-06-17T04:42:08,ERR,ERR,ERR,ERR,ERR,ERR,ERR,ERR,ERR,ERR,ERR,ERR,ERR,ERR,ERR,ERR,ERR,ERR,ERR,ERR,ERR,ERR,ERR,ERR,ERR,ERR,ERR,ERR,ERR,ERR,ERR,ERR,ERR,ERR,ERR,ERR,ERR,ERR,ERR,ERR,ERR,ERR,ERR,ERR,ERR,ERR,ERR,ERR,ERR,ERR,ERR,ERR,ERR,ERR,ERR,ERR,ERR,ERR,ERR,ERR,ERR,ERR,ERR,ERR,ERR,ERR,ERR,ERR,ERR,ERR,ERR,ERR,ERR,ERR,ERR,ERR,ERR,ERR,ERR,ERR,ERR,ERR,ERR,ERR,ERR,ERR,ERR,ERR,ERR,ERR,ERR,ERR,ERR,ERR,ERR,ERR,ERR,ERR,ERR,ERR,ERR,ERR,ERR,ERR,ERR,ERR,ERR,ERR,ERR,ERR,ERR,ERR,ERR,ERR,ERR,ERR,ERR,ERR,ERR,ERR,ERR,ERR,ERR,ERR,ERR,0.0,-0.0,3.028208139652935e+23,0.0,0.0,1.3936040501711995e+18,7.805,0.0,0,0,4,0,7300,-0.0,0,0.0,0.0,0.0,0.0,0.0,0,0,0,0,0.0,0,0,0,0,0,0,0,0,0,0,0,0,0,0,0,0,0,0,0,0,0,0,0,0,0,0,0,0,0,0,0,0,0,32,30,30,62,65476,0,300,0,0,8,21553,0.0,-107605600.0,0.0,0.0,0.0,0.0,0.0,0.0,0.0,0.0,0.0,0.0,0.0,0.0,0.0,0.0,0.0,0.0,0.0,0.0,0.0,0.0,2.004,-2.004,-0.0,-0.0,0.0,0.0,0.0,0.0,5496.0,-564146840010752.0,6939.0,0.0,-0.0,-0.0,2.7184296605801213e+23,0.0,0.0,0.0,0.0,63,0.0,-4.950408868217389e+32,0.0,0.0,0.0,0.0,0.0,0.0,0.0,0,0,0,0.0,0.0,0.0,0.0,0.0,0.0,0.0,0.0,0.0,0.0,0.0,0.0,0.0,0.0,0.0,0.0,0,-107875648.0,63,0.0,126,2.7184242562605685e+23,-0.0,ERR,ERR,ERR,ERR,ERR,ERR,ERR,ERR,ERR,ERR,ERR,ERR,ERR,ERR,ERR,ERR,ERR,ERR,ERR,ERR,ERR,ERR,ERR,ERR,ERR,ERR,ERR,ERR,ERR,ERR,ERR,ERR,ERR,ERR,ERR,ERR,ERR,ERR,ERR,ERR,ERR,ERR,ERR,ERR,ERR,ERR,ERR,ERR,ERR,ERR,ERR,ERR,ERR,ERR,ERR,ERR,ERR,ERR,ERR,ERR,ERR,ERR,ERR,ERR,ERR,ERR,ERR,34.0,80.0,35,0.0,0.0,0.0,0.0,0.0,0.0,0.0,0.0,0.0,0.0,0.0,0.0,0.0,0.0,0.0,0.0,64.8,0,116,56,49,65476,0,300,0,0,8,20529,65476,0,0,57672,80.0,0.0,0.0,0.0,0.0,0.0
2026-06-17T04:42:09,ERR,ERR,ERR,ERR,ERR,ERR,ERR,ERR,ERR,ERR,ERR,ERR,ERR,ERR,ERR,ERR,ERR,ERR,ERR,ERR,ERR,ERR,ERR,ERR,ERR,ERR,ERR,ERR,ERR,ERR,ERR,ERR,ERR,ERR,ERR,ERR,ERR,ERR,ERR,ERR,ERR,ERR,ERR,ERR,ERR,ERR,ERR,ERR,ERR,ERR,ERR,ERR,ERR,ERR,ERR,ERR,ERR,ERR,ERR,ERR,ERR,ERR,ERR,ERR,ERR,ERR,ERR,ERR,ERR,ERR,ERR,ERR,ERR,ERR,ERR,ERR,ERR,ERR,ERR,ERR,ERR,ERR,ERR,ERR,ERR,ERR,ERR,ERR,ERR,ERR,ERR,ERR,ERR,ERR,ERR,ERR,ERR,ERR,ERR,ERR,ERR,ERR,ERR,ERR,ERR,ERR,ERR,ERR,ERR,ERR,ERR,ERR,ERR,ERR,ERR,ERR,ERR,ERR,ERR,ERR,ERR,ERR,ERR,ERR,ERR,0.0,-0.0,3.028208139652935e+23,0.0,0.0,1.3936040501711995e+18,7.805,0.0,0,0,4,0,7300,-0.0,0,0.0,0.0,0.0,0.0,0.0,0,0,0,0,0.0,0,0,0,0,0,0,0,0,0,0,0,0,0,0,0,0,0,0,0,0,0,0,0,0,0,0,0,0,0,0,0,0,0,32,30,30,62,65476,0,300,0,0,8,21553,0.0,-107605600.0,0.0,0.0,0.0,0.0,0.0,0.0,0.0,0.0,0.0,0.0,0.0,0.0,0.0,0.0,0.0,0.0,0.0,0.0,0.0,0.0,2.004,-2.004,-0.0,-0.0,0.0,0.0,0.0,0.0,5496.0,-564146840010752.0,6939.0,0.0,-0.0,-0.0,2.7184296605801213e+23,0.0,0.0,0.0,0.0,63,0.0,-4.950408868217389e+32,0.0,0.0,0.0,0.0,0.0,0.0,0.0,0,0,0,0.0,0.0,0.0,0.0,0.0,0.0,0.0,0.0,0.0,0.0,0.0,0.0,0.0,0.0,0.0,0.0,0,-107875648.0,63,0.0,126,2.7184242562605685e+23,-0.0,ERR,ERR,ERR,ERR,ERR,ERR,ERR,ERR,ERR,ERR,ERR,ERR,ERR,ERR,ERR,ERR,ERR,ERR,ERR,ERR,ERR,ERR,ERR,ERR,ERR,ERR,ERR,ERR,ERR,ERR,ERR,ERR,ERR,ERR,ERR,ERR,ERR,ERR,ERR,ERR,ERR,ERR,ERR,ERR,ERR,ERR,ERR,ERR,ERR,ERR,ERR,ERR,ERR,ERR,ERR,ERR,ERR,ERR,ERR,ERR,ERR,ERR,ERR,ERR,ERR,ERR,ERR,34.0,80.0,35,0.0,0.0,0.0,0.0,0.0,0.0,0.0,0.0,0.0,0.0,0.0,0.0,0.0,0.0,0.0,0.0,64.8,0,116,56,49,65476,0,300,0,0,8,20529,65476,0,0,57672,80.0,0.0,0.0,0.0,0.0,0.0
2026-06-17T04:42:10,ERR,ERR,ERR,ERR,ERR,ERR,ERR,ERR,ERR,ERR,ERR,ERR,ERR,ERR,ERR,ERR,ERR,ERR,ERR,ERR,ERR,ERR,ERR,ERR,ERR,ERR,ERR,ERR,ERR,ERR,ERR,ERR,ERR,ERR,ERR,ERR,ERR,ERR,ERR,ERR,ERR,ERR,ERR,ERR,ERR,ERR,ERR,ERR,ERR,ERR,ERR,ERR,ERR,ERR,ERR,ERR,ERR,ERR,ERR,ERR,ERR,ERR,ERR,ERR,ERR,ERR,ERR,ERR,ERR,ERR,ERR,ERR,ERR,ERR,ERR,ERR,ERR,ERR,ERR,ERR,ERR,ERR,ERR,ERR,ERR,ERR,ERR,ERR,ERR,ERR,ERR,ERR,ERR,ERR,ERR,ERR,ERR,ERR,ERR,ERR,ERR,ERR,ERR,ERR,ERR,ERR,ERR,ERR,ERR,ERR,ERR,ERR,ERR,ERR,ERR,ERR,ERR,ERR,ERR,ERR,ERR,ERR,ERR,ERR,ERR,0.0,-0.0,3.028208139652935e+23,0.0,0.0,1.3936040501711995e+18,7.805,0.0,0,0,4,0,7300,-0.0,0,0.0,0.0,0.0,0.0,0.0,0,0,0,0,0.0,0,0,0,0,0,0,0,0,0,0,0,0,0,0,0,0,0,0,0,0,0,0,0,0,0,0,0,0,0,0,0,0,0,32,30,30,62,65476,0,300,0,0,8,21553,0.0,-107605600.0,0.0,0.0,0.0,0.0,0.0,0.0,0.0,0.0,0.0,0.0,0.0,0.0,0.0,0.0,0.0,0.0,0.0,0.0,0.0,0.0,2.004,-2.004,-0.0,-0.0,0.0,0.0,0.0,0.0,5496.0,-564146840010752.0,6939.0,0.0,-0.0,-0.0,2.7184296605801213e+23,0.0,0.0,0.0,0.0,63,0.0,-4.950408868217389e+32,0.0,0.0,0.0,0.0,0.0,0.0,0.0,0,0,0,0.0,0.0,0.0,0.0,0.0,0.0,0.0,0.0,0.0,0.0,0.0,0.0,0.0,0.0,0.0,0.0,0,-107875648.0,63,0.0,126,2.7184242562605685e+23,-0.0,ERR,ERR,ERR,ERR,ERR,ERR,ERR,ERR,ERR,ERR,ERR,ERR,ERR,ERR,ERR,ERR,ERR,ERR,ERR,ERR,ERR,ERR,ERR,ERR,ERR,ERR,ERR,ERR,ERR,ERR,ERR,ERR,ERR,ERR,ERR,ERR,ERR,ERR,ERR,ERR,ERR,ERR,ERR,ERR,ERR,ERR,ERR,ERR,ERR,ERR,ERR,ERR,ERR,ERR,ERR,ERR,ERR,ERR,ERR,ERR,ERR,ERR,ERR,ERR,ERR,ERR,ERR,34.0,80.0,35,0.0,0.0,0.0,0.0,0.0,0.0,0.0,0.0,0.0,0.0,0.0,0.0,0.0,0.0,0.0,0.0,64.4,0,116,56,49,65476,0,300,0,0,8,20529,65476,0,0,57672,80.0,0.0,0.0,0.0,0.0,0.0
2026-06-17T04:42:11,ERR,ERR,ERR,ERR,ERR,ERR,ERR,ERR,ERR,ERR,ERR,ERR,ERR,ERR,ERR,ERR,ERR,ERR,ERR,ERR,ERR,ERR,ERR,ERR,ERR,ERR,ERR,ERR,ERR,ERR,ERR,ERR,ERR,ERR,ERR,ERR,ERR,ERR,ERR,ERR,ERR,ERR,ERR,ERR,ERR,ERR,ERR,ERR,ERR,ERR,ERR,ERR,ERR,ERR,ERR,ERR,ERR,ERR,ERR,ERR,ERR,ERR,ERR,ERR,ERR,ERR,ERR,ERR,ERR,ERR,ERR,ERR,ERR,ERR,ERR,ERR,ERR,ERR,ERR,ERR,ERR,ERR,ERR,ERR,ERR,ERR,ERR,ERR,ERR,ERR,ERR,ERR,ERR,ERR,ERR,ERR,ERR,ERR,ERR,ERR,ERR,ERR,ERR,ERR,ERR,ERR,ERR,ERR,ERR,ERR,ERR,ERR,ERR,ERR,ERR,ERR,ERR,ERR,ERR,ERR,ERR,ERR,ERR,ERR,ERR,0.0,-0.0,3.028208139652935e+23,0.0,0.0,1.3936040501711995e+18,7.805,0.0,0,0,4,0,7300,-0.0,0,0.0,0.0,0.0,0.0,0.0,0,0,0,0,0.0,0,0,0,0,0,0,0,0,0,0,0,0,0,0,0,0,0,0,0,0,0,0,0,0,0,0,0,0,0,0,0,0,0,32,30,30,62,65476,0,300,0,0,8,21553,0.0,-107605600.0,0.0,0.0,0.0,0.0,0.0,0.0,0.0,0.0,0.0,0.0,0.0,0.0,0.0,0.0,0.0,0.0,0.0,0.0,0.0,0.0,2.004,-2.004,-0.0,-0.0,0.0,0.0,0.0,0.0,5496.0,-564146840010752.0,6939.0,0.0,-0.0,-0.0,2.7184296605801213e+23,0.0,0.0,0.0,0.0,63,0.0,-4.950408868217389e+32,0.0,0.0,0.0,0.0,0.0,0.0,0.0,0,0,0,0.0,0.0,0.0,0.0,0.0,0.0,0.0,0.0,0.0,0.0,0.0,0.0,0.0,0.0,0.0,0.0,0,-107875648.0,63,0.0,126,2.7184242562605685e+23,-0.0,ERR,ERR,ERR,ERR,ERR,ERR,ERR,ERR,ERR,ERR,ERR,ERR,ERR,ERR,ERR,ERR,ERR,ERR,ERR,ERR,ERR,ERR,ERR,ERR,ERR,ERR,ERR,ERR,ERR,ERR,ERR,ERR,ERR,ERR,ERR,ERR,ERR,ERR,ERR,ERR,ERR,ERR,ERR,ERR,ERR,ERR,ERR,ERR,ERR,ERR,ERR,ERR,ERR,ERR,ERR,ERR,ERR,ERR,ERR,ERR,ERR,ERR,ERR,ERR,ERR,ERR,ERR,34.0,80.0,35,0.0,0.0,0.0,0.0,0.0,0.0,0.0,0.0,0.0,0.0,0.0,0.0,0.0,0.0,0.0,0.0,64.4,0,116,56,49,65476,0,300,0,0,8,20529,65476,0,0,57672,80.0,0.0,0.0,0.0,0.0,0.0
2026-06-17T04:42:12,ERR,ERR,ERR,ERR,ERR,ERR,ERR,ERR,ERR,ERR,ERR,ERR,ERR,ERR,ERR,ERR,ERR,ERR,ERR,ERR,ERR,ERR,ERR,ERR,ERR,ERR,ERR,ERR,ERR,ERR,ERR,ERR,ERR,ERR,ERR,ERR,ERR,ERR,ERR,ERR,ERR,ERR,ERR,ERR,ERR,ERR,ERR,ERR,ERR,ERR,ERR,ERR,ERR,ERR,ERR,ERR,ERR,ERR,ERR,ERR,ERR,ERR,ERR,ERR,ERR,ERR,ERR,ERR,ERR,ERR,ERR,ERR,ERR,ERR,ERR,ERR,ERR,ERR,ERR,ERR,ERR,ERR,ERR,ERR,ERR,ERR,ERR,ERR,ERR,ERR,ERR,ERR,ERR,ERR,ERR,ERR,ERR,ERR,ERR,ERR,ERR,ERR,ERR,ERR,ERR,ERR,ERR,ERR,ERR,ERR,ERR,ERR,ERR,ERR,ERR,ERR,ERR,ERR,ERR,ERR,ERR,ERR,ERR,ERR,ERR,0.0,-0.0,-0.0,0.0,0.0,1.3936040501711995e+18,7.805,0.0,0,0,4,0,7300,-0.0,0,0.0,0.0,0.0,0.0,0.0,0,0,0,0,0.0,0,0,0,0,0,0,0,0,0,0,0,0,0,0,0,0,0,0,0,0,0,0,0,0,0,0,0,0,0,0,0,0,0,32,30,30,62,65476,0,300,0,0,8,21553,0.0,-107605600.0,0.0,0.0,0.0,0.0,0.0,0.0,0.0,0.0,0.0,0.0,0.0,0.0,0.0,0.0,0.0,0.0,0.0,0.0,0.0,0.0,2.004,-2.004,-0.0,-0.0,0.0,0.0,0.0,0.0,5524.0,-0.0,6932.0,0.0,-0.0,-107615280.0,2.7184296605801213e+23,0.0,0.0,0.0,0.0,63,0.0,-4.950409255073651e+32,0.0,0.0,0.0,0.0,0.0,0.0,0.0,0,0,0,0.0,0.0,0.0,0.0,0.0,0.0,0.0,0.0,0.0,0.0,0.0,0.0,0.0,0.0,0.0,0.0,0,-107875648.0,63,0.0,126,2.7184242562605685e+23,-0.0,ERR,ERR,ERR,ERR,ERR,ERR,ERR,ERR,ERR,ERR,ERR,ERR,ERR,ERR,ERR,ERR,ERR,ERR,ERR,ERR,ERR,ERR,ERR,ERR,ERR,ERR,ERR,ERR,ERR,ERR,ERR,ERR,ERR,ERR,ERR,ERR,ERR,ERR,ERR,ERR,ERR,ERR,ERR,ERR,ERR,ERR,ERR,ERR,ERR,ERR,ERR,ERR,ERR,ERR,ERR,ERR,ERR,ERR,ERR,ERR,ERR,ERR,ERR,ERR,ERR,ERR,ERR,34.0,80.0,35,0.0,0.0,0.0,0.0,0.0,0.0,0.0,0.0,0.0,0.0,0.0,0.0,0.0,0.0,0.0,0.0,64.4,0,116,56,49,65476,0,300,0,0,8,20529,65476,0,0,57672,80.0,0.0,0.0,0.0,0.0,0.0
2026-06-17T04:42:13,ERR,ERR,ERR,ERR,ERR,ERR,ERR,ERR,ERR,ERR,ERR,ERR,ERR,ERR,ERR,ERR,ERR,ERR,ERR,ERR,ERR,ERR,ERR,ERR,ERR,ERR,ERR,ERR,ERR,ERR,ERR,ERR,ERR,ERR,ERR,ERR,ERR,ERR,ERR,ERR,ERR,ERR,ERR,ERR,ERR,ERR,ERR,ERR,ERR,ERR,ERR,ERR,ERR,ERR,ERR,ERR,ERR,ERR,ERR,ERR,ERR,ERR,ERR,ERR,ERR,ERR,ERR,ERR,ERR,ERR,ERR,ERR,ERR,ERR,ERR,ERR,ERR,ERR,ERR,ERR,ERR,ERR,ERR,ERR,ERR,ERR,ERR,ERR,ERR,ERR,ERR,ERR,ERR,ERR,ERR,ERR,ERR,ERR,ERR,ERR,ERR,ERR,ERR,ERR,ERR,ERR,ERR,ERR,ERR,ERR,ERR,ERR,ERR,ERR,ERR,ERR,ERR,ERR,ERR,ERR,ERR,ERR,ERR,ERR,ERR,0.0,-0.0,-0.0,0.0,0.0,1.3936040501711995e+18,7.805,0.0,0,0,4,0,7300,-0.0,0,0.0,0.0,0.0,0.0,0.0,0,0,0,0,0.0,0,0,0,0,0,0,0,0,0,0,0,0,0,0,0,0,0,0,0,0,0,0,0,0,0,0,0,0,0,0,0,0,0,32,30,30,62,65476,0,300,0,0,8,21553,0.0,-107605600.0,0.0,0.0,0.0,0.0,0.0,0.0,0.0,0.0,0.0,0.0,0.0,0.0,0.0,0.0,0.0,0.0,0.0,0.0,0.0,0.0,2.004,-2.004,-0.0,-0.0,0.0,0.0,0.0,0.0,5524.0,-0.0,6932.0,0.0,-0.0,-107615280.0,2.7184296605801213e+23,0.0,0.0,0.0,0.0,63,0.0,-4.950409255073651e+32,0.0,0.0,0.0,0.0,0.0,0.0,0.0,0,0,0,0.0,0.0,0.0,0.0,0.0,0.0,0.0,0.0,0.0,0.0,0.0,0.0,0.0,0.0,0.0,0.0,0,-107875648.0,63,0.0,126,2.7184242562605685e+23,-0.0,ERR,ERR,ERR,ERR,ERR,ERR,ERR,ERR,ERR,ERR,ERR,ERR,ERR,ERR,ERR,ERR,ERR,ERR,ERR,ERR,ERR,ERR,ERR,ERR,ERR,ERR,ERR,ERR,ERR,ERR,ERR,ERR,ERR,ERR,ERR,ERR,ERR,ERR,ERR,ERR,ERR,ERR,ERR,ERR,ERR,ERR,ERR,ERR,ERR,ERR,ERR,ERR,ERR,ERR,ERR,ERR,ERR,ERR,ERR,ERR,ERR,ERR,ERR,ERR,ERR,ERR,ERR,34.0,80.0,35,0.0,0.0,0.0,0.0,0.0,0.0,0.0,0.0,0.0,0.0,0.0,0.0,0.0,0.0,0.0,0.0,64.8,0,116,56,49,65476,0,300,0,0,8,20529,65476,0,0,57672,80.0,0.0,0.0,0.0,0.0,0.0
2026-06-17T04:42:14,ERR,ERR,ERR,ERR,ERR,ERR,ERR,ERR,ERR,ERR,ERR,ERR,ERR,ERR,ERR,ERR,ERR,ERR,ERR,ERR,ERR,ERR,ERR,ERR,ERR,ERR,ERR,ERR,ERR,ERR,ERR,ERR,ERR,ERR,ERR,ERR,ERR,ERR,ERR,ERR,ERR,ERR,ERR,ERR,ERR,ERR,ERR,ERR,ERR,ERR,ERR,ERR,ERR,ERR,ERR,ERR,ERR,ERR,ERR,ERR,ERR,ERR,ERR,ERR,ERR,ERR,ERR,ERR,ERR,ERR,ERR,ERR,ERR,ERR,ERR,ERR,ERR,ERR,ERR,ERR,ERR,ERR,ERR,ERR,ERR,ERR,ERR,ERR,ERR,ERR,ERR,ERR,ERR,ERR,ERR,ERR,ERR,ERR,ERR,ERR,ERR,ERR,ERR,ERR,ERR,ERR,ERR,ERR,ERR,ERR,ERR,ERR,ERR,ERR,ERR,ERR,ERR,ERR,ERR,ERR,ERR,ERR,ERR,ERR,ERR,0.0,-0.0,-0.0,0.0,0.0,1.3936040501711995e+18,7.805,0.0,0,0,4,0,7300,-0.0,0,0.0,0.0,0.0,0.0,0.0,0,0,0,0,0.0,0,0,0,0,0,0,0,0,0,0,0,0,0,0,0,0,0,0,0,0,0,0,0,0,0,0,0,0,0,0,0,0,0,32,30,30,62,65476,0,300,0,0,8,21553,0.0,-107605600.0,0.0,0.0,0.0,0.0,0.0,0.0,0.0,0.0,0.0,0.0,0.0,0.0,0.0,0.0,0.0,0.0,0.0,0.0,0.0,0.0,2.004,-2.004,-0.0,-0.0,0.0,0.0,0.0,0.0,5524.0,-0.0,6932.0,0.0,-0.0,-107615280.0,2.7184296605801213e+23,0.0,0.0,0.0,0.0,63,0.0,-4.950409255073651e+32,0.0,0.0,0.0,0.0,0.0,0.0,0.0,0,0,0,0.0,0.0,0.0,0.0,0.0,0.0,0.0,0.0,0.0,0.0,0.0,0.0,0.0,0.0,0.0,0.0,0,-107875648.0,63,0.0,126,2.7184242562605685e+23,-0.0,ERR,ERR,ERR,ERR,ERR,ERR,ERR,ERR,ERR,ERR,ERR,ERR,ERR,ERR,ERR,ERR,ERR,ERR,ERR,ERR,ERR,ERR,ERR,ERR,ERR,ERR,ERR,ERR,ERR,ERR,ERR,ERR,ERR,ERR,ERR,ERR,ERR,ERR,ERR,ERR,ERR,ERR,ERR,ERR,ERR,ERR,ERR,ERR,ERR,ERR,ERR,ERR,ERR,ERR,ERR,ERR,ERR,ERR,ERR,ERR,ERR,ERR,ERR,ERR,ERR,ERR,ERR,34.0,80.0,35,0.0,0.0,0.0,0.0,0.0,0.0,0.0,0.0,0.0,0.0,0.0,0.0,0.0,0.0,0.0,0.0,64.8,0,116,56,49,65476,0,300,0,0,8,20529,65476,0,0,57672,80.0,0.0,0.0,0.0,0.0,0.0
2026-06-17T04:42:15,ERR,ERR,ERR,ERR,ERR,ERR,ERR,ERR,ERR,ERR,ERR,ERR,ERR,ERR,ERR,ERR,ERR,ERR,ERR,ERR,ERR,ERR,ERR,ERR,ERR,ERR,ERR,ERR,ERR,ERR,ERR,ERR,ERR,ERR,ERR,ERR,ERR,ERR,ERR,ERR,ERR,ERR,ERR,ERR,ERR,ERR,ERR,ERR,ERR,ERR,ERR,ERR,ERR,ERR,ERR,ERR,ERR,ERR,ERR,ERR,ERR,ERR,ERR,ERR,ERR,ERR,ERR,ERR,ERR,ERR,ERR,ERR,ERR,ERR,ERR,ERR,ERR,ERR,ERR,ERR,ERR,ERR,ERR,ERR,ERR,ERR,ERR,ERR,ERR,ERR,ERR,ERR,ERR,ERR,ERR,ERR,ERR,ERR,ERR,ERR,ERR,ERR,ERR,ERR,ERR,ERR,ERR,ERR,ERR,ERR,ERR,ERR,ERR,ERR,ERR,ERR,ERR,ERR,ERR,ERR,ERR,ERR,ERR,ERR,ERR,0.0,-0.0,-0.0,0.0,0.0,1.3936040501711995e+18,7.805,0.0,0,0,4,0,7300,-0.0,0,0.0,0.0,0.0,0.0,0.0,0,0,0,0,0.0,0,0,0,0,0,0,0,0,0,0,0,0,0,0,0,0,0,0,0,0,0,0,0,0,0,0,0,0,0,0,0,0,0,32,30,30,62,65476,0,300,0,0,8,21553,0.0,-107605600.0,0.0,0.0,0.0,0.0,0.0,0.0,0.0,0.0,0.0,0.0,0.0,0.0,0.0,0.0,0.0,0.0,0.0,0.0,0.0,0.0,2.004,-2.004,-0.0,-0.0,0.0,0.0,0.0,0.0,5524.0,-0.0,6932.0,0.0,-0.0,-107615280.0,2.7184296605801213e+23,0.0,0.0,0.0,0.0,63,0.0,-4.950409255073651e+32,0.0,0.0,0.0,0.0,0.0,0.0,0.0,0,0,0,0.0,0.0,0.0,0.0,0.0,0.0,0.0,0.0,0.0,0.0,0.0,0.0,0.0,0.0,0.0,0.0,0,-107875648.0,63,0.0,126,2.7184242562605685e+23,-0.0,ERR,ERR,ERR,ERR,ERR,ERR,ERR,ERR,ERR,ERR,ERR,ERR,ERR,ERR,ERR,ERR,ERR,ERR,ERR,ERR,ERR,ERR,ERR,ERR,ERR,ERR,ERR,ERR,ERR,ERR,ERR,ERR,ERR,ERR,ERR,ERR,ERR,ERR,ERR,ERR,ERR,ERR,ERR,ERR,ERR,ERR,ERR,ERR,ERR,ERR,ERR,ERR,ERR,ERR,ERR,ERR,ERR,ERR,ERR,ERR,ERR,ERR,ERR,ERR,ERR,ERR,ERR,34.0,80.0,35,0.0,0.0,0.0,0.0,0.0,0.0,0.0,0.0,0.0,0.0,0.0,0.0,0.0,0.0,0.0,0.0,64.4,0,116,56,49,65476,0,300,0,0,8,20529,65476,0,0,57672,80.0,0.0,0.0,0.0,0.0,0.0
2026-06-17T04:42:16,ERR,ERR,ERR,ERR,ERR,ERR,ERR,ERR,ERR,ERR,ERR,ERR,ERR,ERR,ERR,ERR,ERR,ERR,ERR,ERR,ERR,ERR,ERR,ERR,ERR,ERR,ERR,ERR,ERR,ERR,ERR,ERR,ERR,ERR,ERR,ERR,ERR,ERR,ERR,ERR,ERR,ERR,ERR,ERR,ERR,ERR,ERR,ERR,ERR,ERR,ERR,ERR,ERR,ERR,ERR,ERR,ERR,ERR,ERR,ERR,ERR,ERR,ERR,ERR,ERR,ERR,ERR,ERR,ERR,ERR,ERR,ERR,ERR,ERR,ERR,ERR,ERR,ERR,ERR,ERR,ERR,ERR,ERR,ERR,ERR,ERR,ERR,ERR,ERR,ERR,ERR,ERR,ERR,ERR,ERR,ERR,ERR,ERR,ERR,ERR,ERR,ERR,ERR,ERR,ERR,ERR,ERR,ERR,ERR,ERR,ERR,ERR,ERR,ERR,ERR,ERR,ERR,ERR,ERR,ERR,ERR,ERR,ERR,ERR,ERR,0.0,-0.0,-0.0,0.0,0.0,1.3936040501711995e+18,7.805,0.0,0,0,4,0,7300,-0.0,0,0.0,0.0,0.0,0.0,0.0,0,0,0,0,0.0,0,0,0,0,0,0,0,0,0,0,0,0,0,0,0,0,0,0,0,0,0,0,0,0,0,0,0,0,0,0,0,0,0,32,30,30,62,65476,0,300,0,0,8,21553,0.0,-107605600.0,0.0,0.0,0.0,0.0,0.0,0.0,0.0,0.0,0.0,0.0,0.0,0.0,0.0,0.0,0.0,0.0,0.0,0.0,0.0,0.0,2.004,-2.004,-0.0,-0.0,0.0,0.0,0.0,0.0,5524.0,-0.0,6932.0,0.0,-0.0,-107615280.0,2.7184296605801213e+23,0.0,0.0,0.0,0.0,63,0.0,-4.950409255073651e+32,0.0,0.0,0.0,0.0,0.0,0.0,0.0,0,0,0,0.0,0.0,0.0,0.0,0.0,0.0,0.0,0.0,0.0,0.0,0.0,0.0,0.0,0.0,0.0,0.0,0,-107875648.0,63,0.0,126,2.7184242562605685e+23,-0.0,ERR,ERR,ERR,ERR,ERR,ERR,ERR,ERR,ERR,ERR,ERR,ERR,ERR,ERR,ERR,ERR,ERR,ERR,ERR,ERR,ERR,ERR,ERR,ERR,ERR,ERR,ERR,ERR,ERR,ERR,ERR,ERR,ERR,ERR,ERR,ERR,ERR,ERR,ERR,ERR,ERR,ERR,ERR,ERR,ERR,ERR,ERR,ERR,ERR,ERR,ERR,ERR,ERR,ERR,ERR,ERR,ERR,ERR,ERR,ERR,ERR,ERR,ERR,ERR,ERR,ERR,ERR,34.0,80.0,35,0.0,0.0,0.0,0.0,0.0,0.0,0.0,0.0,0.0,0.0,0.0,0.0,0.0,0.0,0.0,0.0,64.4,0,116,56,49,65476,0,300,0,0,8,20529,65476,0,0,57672,80.0,0.0,0.0,0.0,0.0,0.0
2026-06-17T04:42:17,ERR,ERR,ERR,ERR,ERR,ERR,ERR,ERR,ERR,ERR,ERR,ERR,ERR,ERR,ERR,ERR,ERR,ERR,ERR,ERR,ERR,ERR,ERR,ERR,ERR,ERR,ERR,ERR,ERR,ERR,ERR,ERR,ERR,ERR,ERR,ERR,ERR,ERR,ERR,ERR,ERR,ERR,ERR,ERR,ERR,ERR,ERR,ERR,ERR,ERR,ERR,ERR,ERR,ERR,ERR,ERR,ERR,ERR,ERR,ERR,ERR,ERR,ERR,ERR,ERR,ERR,ERR,ERR,ERR,ERR,ERR,ERR,ERR,ERR,ERR,ERR,ERR,ERR,ERR,ERR,ERR,ERR,ERR,ERR,ERR,ERR,ERR,ERR,ERR,ERR,ERR,ERR,ERR,ERR,ERR,ERR,ERR,ERR,ERR,ERR,ERR,ERR,ERR,ERR,ERR,ERR,ERR,ERR,ERR,ERR,ERR,ERR,ERR,ERR,ERR,ERR,ERR,ERR,ERR,ERR,ERR,ERR,ERR,ERR,ERR,0.0,-0.0,3.028208139652935e+23,0.0,0.0,1.3936040501711995e+18,7.805,0.0,0,0,4,0,7300,-0.0,0,0.0,0.0,0.0,0.0,0.0,0,0,0,0,0.0,0,0,0,0,0,0,0,0,0,0,0,0,0,0,0,0,0,0,0,0,0,0,0,0,0,0,0,0,0,0,0,0,0,32,30,30,62,65476,0,300,0,0,8,21553,0.0,-107605600.0,0.0,0.0,0.0,0.0,0.0,0.0,0.0,0.0,0.0,0.0,0.0,0.0,0.0,0.0,0.0,0.0,0.0,0.0,0.0,0.0,-0.0,-2.004,-0.0,-0.0,0.0,0.0,0.0,0.0,5561.0,0.0,6912.0,0.0,-0.0,-107615280.0,2.7184296605801213e+23,0.0,0.0,0.0,0.0,63,0.0,-0.0,0.0,0.0,0.0,0.0,0.0,0.0,0.0,0,0,0,0.0,0.0,0.0,0.0,0.0,0.0,0.0,0.0,0.0,0.0,0.0,0.0,0.0,0.0,0.0,0.0,0,-107875648.0,63,0.0,126,2.7184242562605685e+23,-0.0,ERR,ERR,ERR,ERR,ERR,ERR,ERR,ERR,ERR,ERR,ERR,ERR,ERR,ERR,ERR,ERR,ERR,ERR,ERR,ERR,ERR,ERR,ERR,ERR,ERR,ERR,ERR,ERR,ERR,ERR,ERR,ERR,ERR,ERR,ERR,ERR,ERR,ERR,ERR,ERR,ERR,ERR,ERR,ERR,ERR,ERR,ERR,ERR,ERR,ERR,ERR,ERR,ERR,ERR,ERR,ERR,ERR,ERR,ERR,ERR,ERR,ERR,ERR,ERR,ERR,ERR,ERR,34.0,80.0,35,0.0,0.0,0.0,0.0,0.0,0.0,0.0,0.0,0.0,0.0,0.0,0.0,0.0,0.0,0.0,0.0,64.8,0,116,56,49,65476,0,300,0,0,8,20529,65476,0,0,57672,80.0,0.0,0.0,0.0,0.0,0.0
2026-06-17T04:42:18,ERR,ERR,ERR,ERR,ERR,ERR,ERR,ERR,ERR,ERR,ERR,ERR,ERR,ERR,ERR,ERR,ERR,ERR,ERR,ERR,ERR,ERR,ERR,ERR,ERR,ERR,ERR,ERR,ERR,ERR,ERR,ERR,ERR,ERR,ERR,ERR,ERR,ERR,ERR,ERR,ERR,ERR,ERR,ERR,ERR,ERR,ERR,ERR,ERR,ERR,ERR,ERR,ERR,ERR,ERR,ERR,ERR,ERR,ERR,ERR,ERR,ERR,ERR,ERR,ERR,ERR,ERR,ERR,ERR,ERR,ERR,ERR,ERR,ERR,ERR,ERR,ERR,ERR,ERR,ERR,ERR,ERR,ERR,ERR,ERR,ERR,ERR,ERR,ERR,ERR,ERR,ERR,ERR,ERR,ERR,ERR,ERR,ERR,ERR,ERR,ERR,ERR,ERR,ERR,ERR,ERR,ERR,ERR,ERR,ERR,ERR,ERR,ERR,ERR,ERR,ERR,ERR,ERR,ERR,ERR,ERR,ERR,ERR,ERR,ERR,0.0,-0.0,3.028208139652935e+23,0.0,0.0,1.3936040501711995e+18,7.805,0.0,0,0,4,0,7300,-0.0,0,0.0,0.0,0.0,0.0,0.0,0,0,0,0,0.0,0,0,0,0,0,0,0,0,0,0,0,0,0,0,0,0,0,0,0,0,0,0,0,0,0,0,0,0,0,0,0,0,0,32,30,30,62,65476,0,300,0,0,8,21553,0.0,-107605600.0,0.0,0.0,0.0,0.0,0.0,0.0,0.0,0.0,0.0,0.0,0.0,0.0,0.0,0.0,0.0,0.0,0.0,0.0,0.0,0.0,-0.0,-2.004,-0.0,-0.0,0.0,0.0,0.0,0.0,5561.0,0.0,6912.0,0.0,-0.0,-107615280.0,2.7184296605801213e+23,0.0,0.0,0.0,0.0,63,0.0,-0.0,0.0,0.0,0.0,0.0,0.0,0.0,0.0,0,0,0,0.0,0.0,0.0,0.0,0.0,0.0,0.0,0.0,0.0,0.0,0.0,0.0,0.0,0.0,0.0,0.0,0,-107875648.0,63,0.0,126,2.7184242562605685e+23,-0.0,ERR,ERR,ERR,ERR,ERR,ERR,ERR,ERR,ERR,ERR,ERR,ERR,ERR,ERR,ERR,ERR,ERR,ERR,ERR,ERR,ERR,ERR,ERR,ERR,ERR,ERR,ERR,ERR,ERR,ERR,ERR,ERR,ERR,ERR,ERR,ERR,ERR,ERR,ERR,ERR,ERR,ERR,ERR,ERR,ERR,ERR,ERR,ERR,ERR,ERR,ERR,ERR,ERR,ERR,ERR,ERR,ERR,ERR,ERR,ERR,ERR,ERR,ERR,ERR,ERR,ERR,ERR,34.0,80.0,35,0.0,0.0,0.0,0.0,0.0,0.0,0.0,0.0,0.0,0.0,0.0,0.0,0.0,0.0,0.0,0.0,64.8,0,116,56,49,65476,0,300,0,0,8,20529,65476,0,0,57672,80.0,0.0,0.0,0.0,0.0,0.0
2026-06-17T04:42:19,ERR,ERR,ERR,ERR,ERR,ERR,ERR,ERR,ERR,ERR,ERR,ERR,ERR,ERR,ERR,ERR,ERR,ERR,ERR,ERR,ERR,ERR,ERR,ERR,ERR,ERR,ERR,ERR,ERR,ERR,ERR,ERR,ERR,ERR,ERR,ERR,ERR,ERR,ERR,ERR,ERR,ERR,ERR,ERR,ERR,ERR,ERR,ERR,ERR,ERR,ERR,ERR,ERR,ERR,ERR,ERR,ERR,ERR,ERR,ERR,ERR,ERR,ERR,ERR,ERR,ERR,ERR,ERR,ERR,ERR,ERR,ERR,ERR,ERR,ERR,ERR,ERR,ERR,ERR,ERR,ERR,ERR,ERR,ERR,ERR,ERR,ERR,ERR,ERR,ERR,ERR,ERR,ERR,ERR,ERR,ERR,ERR,ERR,ERR,ERR,ERR,ERR,ERR,ERR,ERR,ERR,ERR,ERR,ERR,ERR,ERR,ERR,ERR,ERR,ERR,ERR,ERR,ERR,ERR,ERR,ERR,ERR,ERR,ERR,ERR,0.0,-0.0,3.028208139652935e+23,0.0,0.0,1.3936040501711995e+18,7.805,0.0,0,0,4,0,7300,-0.0,0,0.0,0.0,0.0,0.0,0.0,0,0,0,0,0.0,0,0,0,0,0,0,0,0,0,0,0,0,0,0,0,0,0,0,0,0,0,0,0,0,0,0,0,0,0,0,0,0,0,32,30,30,62,65476,0,300,0,0,8,21553,0.0,-107605600.0,0.0,0.0,0.0,0.0,0.0,0.0,0.0,0.0,0.0,0.0,0.0,0.0,0.0,0.0,0.0,0.0,0.0,0.0,0.0,0.0,-0.0,-2.004,-0.0,-0.0,0.0,0.0,0.0,0.0,5561.0,0.0,6912.0,0.0,-0.0,-107615280.0,2.7184296605801213e+23,0.0,0.0,0.0,0.0,63,0.0,-0.0,0.0,0.0,0.0,0.0,0.0,0.0,0.0,0,0,0,0.0,0.0,0.0,0.0,0.0,0.0,0.0,0.0,0.0,0.0,0.0,0.0,0.0,0.0,0.0,0.0,0,-107875648.0,63,0.0,126,2.7184242562605685e+23,-0.0,ERR,ERR,ERR,ERR,ERR,ERR,ERR,ERR,ERR,ERR,ERR,ERR,ERR,ERR,ERR,ERR,ERR,ERR,ERR,ERR,ERR,ERR,ERR,ERR,ERR,ERR,ERR,ERR,ERR,ERR,ERR,ERR,ERR,ERR,ERR,ERR,ERR,ERR,ERR,ERR,ERR,ERR,ERR,ERR,ERR,ERR,ERR,ERR,ERR,ERR,ERR,ERR,ERR,ERR,ERR,ERR,ERR,ERR,ERR,ERR,ERR,ERR,ERR,ERR,ERR,ERR,ERR,34.0,80.0,35,0.0,0.0,0.0,0.0,0.0,0.0,0.0,0.0,0.0,0.0,0.0,0.0,0.0,0.0,0.0,0.0,64.4,0,116,56,49,65476,0,300,0,0,8,20529,65476,0,0,57672,80.0,0.0,0.0,0.0,0.0,0.0
2026-06-17T04:42:20,ERR,ERR,ERR,ERR,ERR,ERR,ERR,ERR,ERR,ERR,ERR,ERR,ERR,ERR,ERR,ERR,ERR,ERR,ERR,ERR,ERR,ERR,ERR,ERR,ERR,ERR,ERR,ERR,ERR,ERR,ERR,ERR,ERR,ERR,ERR,ERR,ERR,ERR,ERR,ERR,ERR,ERR,ERR,ERR,ERR,ERR,ERR,ERR,ERR,ERR,ERR,ERR,ERR,ERR,ERR,ERR,ERR,ERR,ERR,ERR,ERR,ERR,ERR,ERR,ERR,ERR,ERR,ERR,ERR,ERR,ERR,ERR,ERR,ERR,ERR,ERR,ERR,ERR,ERR,ERR,ERR,ERR,ERR,ERR,ERR,ERR,ERR,ERR,ERR,ERR,ERR,ERR,ERR,ERR,ERR,ERR,ERR,ERR,ERR,ERR,ERR,ERR,ERR,ERR,ERR,ERR,ERR,ERR,ERR,ERR,ERR,ERR,ERR,ERR,ERR,ERR,ERR,ERR,ERR,ERR,ERR,ERR,ERR,ERR,ERR,0.0,-0.0,3.028208139652935e+23,0.0,0.0,1.3936040501711995e+18,7.805,0.0,0,0,4,0,7300,-0.0,0,0.0,0.0,0.0,0.0,0.0,0,0,0,0,0.0,0,0,0,0,0,0,0,0,0,0,0,0,0,0,0,0,0,0,0,0,0,0,0,0,0,0,0,0,0,0,0,0,0,32,30,30,62,65476,0,300,0,0,8,21553,0.0,-107605600.0,0.0,0.0,0.0,0.0,0.0,0.0,0.0,0.0,0.0,0.0,0.0,0.0,0.0,0.0,0.0,0.0,0.0,0.0,0.0,0.0,-0.0,-2.004,-0.0,-0.0,0.0,0.0,0.0,0.0,5561.0,0.0,6912.0,0.0,-0.0,-107615280.0,2.7184296605801213e+23,0.0,0.0,0.0,0.0,63,0.0,-0.0,0.0,0.0,0.0,0.0,0.0,0.0,0.0,0,0,0,0.0,0.0,0.0,0.0,0.0,0.0,0.0,0.0,0.0,0.0,0.0,0.0,0.0,0.0,0.0,0.0,0,-107875648.0,63,0.0,126,2.7184242562605685e+23,-0.0,ERR,ERR,ERR,ERR,ERR,ERR,ERR,ERR,ERR,ERR,ERR,ERR,ERR,ERR,ERR,ERR,ERR,ERR,ERR,ERR,ERR,ERR,ERR,ERR,ERR,ERR,ERR,ERR,ERR,ERR,ERR,ERR,ERR,ERR,ERR,ERR,ERR,ERR,ERR,ERR,ERR,ERR,ERR,ERR,ERR,ERR,ERR,ERR,ERR,ERR,ERR,ERR,ERR,ERR,ERR,ERR,ERR,ERR,ERR,ERR,ERR,ERR,ERR,ERR,ERR,ERR,ERR,34.0,80.0,35,0.0,0.0,0.0,0.0,0.0,0.0,0.0,0.0,0.0,0.0,0.0,0.0,0.0,0.0,0.0,0.0,64.4,0,116,56,49,65476,0,300,0,0,8,20529,65476,0,0,57672,80.0,0.0,0.0,0.0,0.0,0.0
2026-06-17T04:42:21,ERR,ERR,ERR,ERR,ERR,ERR,ERR,ERR,ERR,ERR,ERR,ERR,ERR,ERR,ERR,ERR,ERR,ERR,ERR,ERR,ERR,ERR,ERR,ERR,ERR,ERR,ERR,ERR,ERR,ERR,ERR,ERR,ERR,ERR,ERR,ERR,ERR,ERR,ERR,ERR,ERR,ERR,ERR,ERR,ERR,ERR,ERR,ERR,ERR,ERR,ERR,ERR,ERR,ERR,ERR,ERR,ERR,ERR,ERR,ERR,ERR,ERR,ERR,ERR,ERR,ERR,ERR,ERR,ERR,ERR,ERR,ERR,ERR,ERR,ERR,ERR,ERR,ERR,ERR,ERR,ERR,ERR,ERR,ERR,ERR,ERR,ERR,ERR,ERR,ERR,ERR,ERR,ERR,ERR,ERR,ERR,ERR,ERR,ERR,ERR,ERR,ERR,ERR,ERR,ERR,ERR,ERR,ERR,ERR,ERR,ERR,ERR,ERR,ERR,ERR,ERR,ERR,ERR,ERR,ERR,ERR,ERR,ERR,ERR,ERR,0.0,-0.0,3.028208139652935e+23,0.0,0.0,1.3936040501711995e+18,7.805,0.0,0,0,4,0,7300,-0.0,0,0.0,0.0,0.0,0.0,0.0,0,0,0,0,0.0,0,0,0,0,0,0,0,0,0,0,0,0,0,0,0,0,0,0,0,0,0,0,0,0,0,0,0,0,0,0,0,0,0,32,30,30,62,65476,0,300,0,0,8,21553,0.0,-107605600.0,0.0,0.0,0.0,0.0,0.0,0.0,0.0,0.0,0.0,0.0,0.0,0.0,0.0,0.0,0.0,0.0,0.0,0.0,0.0,0.0,-0.0,-2.004,-0.0,-0.0,0.0,0.0,0.0,0.0,5561.0,0.0,6912.0,0.0,-0.0,-107615280.0,2.7184296605801213e+23,0.0,0.0,0.0,0.0,63,0.0,-0.0,0.0,0.0,0.0,0.0,0.0,0.0,0.0,0,0,0,0.0,0.0,0.0,0.0,0.0,0.0,0.0,0.0,0.0,0.0,0.0,0.0,0.0,0.0,0.0,0.0,0,-107875648.0,63,0.0,126,2.7184242562605685e+23,-0.0,ERR,ERR,ERR,ERR,ERR,ERR,ERR,ERR,ERR,ERR,ERR,ERR,ERR,ERR,ERR,ERR,ERR,ERR,ERR,ERR,ERR,ERR,ERR,ERR,ERR,ERR,ERR,ERR,ERR,ERR,ERR,ERR,ERR,ERR,ERR,ERR,ERR,ERR,ERR,ERR,ERR,ERR,ERR,ERR,ERR,ERR,ERR,ERR,ERR,ERR,ERR,ERR,ERR,ERR,ERR,ERR,ERR,ERR,ERR,ERR,ERR,ERR,ERR,ERR,ERR,ERR,ERR,34.0,80.0,35,0.0,0.0,0.0,0.0,0.0,0.0,0.0,0.0,0.0,0.0,0.0,0.0,0.0,0.0,0.0,0.0,64.4,0,116,56,49,65476,0,300,0,0,8,20529,65476,0,0,57672,80.0,0.0,0.0,0.0,0.0,0.0
2026-06-17T04:42:22,ERR,ERR,ERR,ERR,ERR,ERR,ERR,ERR,ERR,ERR,ERR,ERR,ERR,ERR,ERR,ERR,ERR,ERR,ERR,ERR,ERR,ERR,ERR,ERR,ERR,ERR,ERR,ERR,ERR,ERR,ERR,ERR,ERR,ERR,ERR,ERR,ERR,ERR,ERR,ERR,ERR,ERR,ERR,ERR,ERR,ERR,ERR,ERR,ERR,ERR,ERR,ERR,ERR,ERR,ERR,ERR,ERR,ERR,ERR,ERR,ERR,ERR,ERR,ERR,ERR,ERR,ERR,ERR,ERR,ERR,ERR,ERR,ERR,ERR,ERR,ERR,ERR,ERR,ERR,ERR,ERR,ERR,ERR,ERR,ERR,ERR,ERR,ERR,ERR,ERR,ERR,ERR,ERR,ERR,ERR,ERR,ERR,ERR,ERR,ERR,ERR,ERR,ERR,ERR,ERR,ERR,ERR,ERR,ERR,ERR,ERR,ERR,ERR,ERR,ERR,ERR,ERR,ERR,ERR,ERR,ERR,ERR,ERR,ERR,ERR,0.0,-0.0,3.028208139652935e+23,0.0,0.0,1.3936040501711995e+18,7.805,0.0,0,0,4,0,7300,-0.0,0,0.0,0.0,0.0,0.0,0.0,0,0,0,0,0.0,0,0,0,0,0,0,0,0,0,0,0,0,0,0,0,0,0,0,0,0,0,0,0,0,0,0,0,0,0,0,0,0,0,32,30,30,62,65476,0,300,0,0,8,21553,0.0,-107605600.0,0.0,0.0,0.0,0.0,0.0,0.0,0.0,0.0,0.0,0.0,0.0,0.0,0.0,0.0,0.0,0.0,0.0,0.0,0.0,0.0,-0.0,-2.004,-0.0,-0.0,0.0,0.0,0.0,0.0,5561.0,0.0,6912.0,0.0,-0.0,-107615280.0,2.7184296605801213e+23,0.0,0.0,0.0,0.0,63,0.0,-0.0,0.0,0.0,0.0,0.0,0.0,0.0,0.0,0,0,0,0.0,0.0,0.0,0.0,0.0,0.0,0.0,0.0,0.0,0.0,0.0,0.0,0.0,0.0,0.0,0.0,0,-107875648.0,63,0.0,126,2.7184242562605685e+23,-0.0,ERR,ERR,ERR,ERR,ERR,ERR,ERR,ERR,ERR,ERR,ERR,ERR,ERR,ERR,ERR,ERR,ERR,ERR,ERR,ERR,ERR,ERR,ERR,ERR,ERR,ERR,ERR,ERR,ERR,ERR,ERR,ERR,ERR,ERR,ERR,ERR,ERR,ERR,ERR,ERR,ERR,ERR,ERR,ERR,ERR,ERR,ERR,ERR,ERR,ERR,ERR,ERR,ERR,ERR,ERR,ERR,ERR,ERR,ERR,ERR,ERR,ERR,ERR,ERR,ERR,ERR,ERR,34.0,80.0,35,0.0,0.0,0.0,0.0,0.0,0.0,0.0,0.0,0.0,0.0,0.0,0.0,0.0,0.0,0.0,0.0,64.4,0,116,56,49,65476,0,300,0,0,8,20529,65476,0,0,57672,80.0,0.0,0.0,0.0,0.0,0.0
2026-06-17T04:42:23,ERR,ERR,ERR,ERR,ERR,ERR,ERR,ERR,ERR,ERR,ERR,ERR,ERR,ERR,ERR,ERR,ERR,ERR,ERR,ERR,ERR,ERR,ERR,ERR,ERR,ERR,ERR,ERR,ERR,ERR,ERR,ERR,ERR,ERR,ERR,ERR,ERR,ERR,ERR,ERR,ERR,ERR,ERR,ERR,ERR,ERR,ERR,ERR,ERR,ERR,ERR,ERR,ERR,ERR,ERR,ERR,ERR,ERR,ERR,ERR,ERR,ERR,ERR,ERR,ERR,ERR,ERR,ERR,ERR,ERR,ERR,ERR,ERR,ERR,ERR,ERR,ERR,ERR,ERR,ERR,ERR,ERR,ERR,ERR,ERR,ERR,ERR,ERR,ERR,ERR,ERR,ERR,ERR,ERR,ERR,ERR,ERR,ERR,ERR,ERR,ERR,ERR,ERR,ERR,ERR,ERR,ERR,ERR,ERR,ERR,ERR,ERR,ERR,ERR,ERR,ERR,ERR,ERR,ERR,ERR,ERR,ERR,ERR,ERR,ERR,0.0,-0.0,3.028208139652935e+23,0.0,0.0,1.3936040501711995e+18,7.805,0.0,0,0,4,0,7300,-0.0,0,0.0,0.0,0.0,0.0,0.0,0,0,0,0,0.0,0,0,0,0,0,0,0,0,0,0,0,0,0,0,0,0,0,0,0,0,0,0,0,0,0,0,0,0,0,0,0,0,0,32,30,30,62,65476,0,300,0,0,8,21553,0.0,-107605600.0,0.0,0.0,0.0,0.0,0.0,0.0,0.0,0.0,0.0,0.0,0.0,0.0,0.0,0.0,0.0,0.0,0.0,0.0,0.0,0.0,2.004,-2.004,-0.0,-0.0,0.0,0.0,0.0,0.0,5560.0,8608199680.0,6922.0,0.0,-0.0,-107615280.0,2.7184296605801213e+23,0.0,0.0,0.0,0.0,63,0.0,-152017632755712.0,0.0,0.0,0.0,0.0,0.0,0.0,0.0,0,0,0,0.0,0.0,0.0,0.0,0.0,0.0,0.0,0.0,0.0,0.0,0.0,0.0,0.0,0.0,0.0,0.0,0,-107875648.0,63,0.0,126,2.7184242562605685e+23,-0.0,ERR,ERR,ERR,ERR,ERR,ERR,ERR,ERR,ERR,ERR,ERR,ERR,ERR,ERR,ERR,ERR,ERR,ERR,ERR,ERR,ERR,ERR,ERR,ERR,ERR,ERR,ERR,ERR,ERR,ERR,ERR,ERR,ERR,ERR,ERR,ERR,ERR,ERR,ERR,ERR,ERR,ERR,ERR,ERR,ERR,ERR,ERR,ERR,ERR,ERR,ERR,ERR,ERR,ERR,ERR,ERR,ERR,ERR,ERR,ERR,ERR,ERR,ERR,ERR,ERR,ERR,ERR,34.0,80.0,35,0.0,0.0,0.0,0.0,0.0,0.0,0.0,0.0,0.0,0.0,0.0,0.0,0.0,0.0,0.0,0.0,64.4,0,116,56,49,65476,0,300,0,0,8,20529,65476,0,0,57672,80.0,0.0,0.0,0.0,0.0,0.0
2026-06-17T04:42:24,ERR,ERR,ERR,ERR,ERR,ERR,ERR,ERR,ERR,ERR,ERR,ERR,ERR,ERR,ERR,ERR,ERR,ERR,ERR,ERR,ERR,ERR,ERR,ERR,ERR,ERR,ERR,ERR,ERR,ERR,ERR,ERR,ERR,ERR,ERR,ERR,ERR,ERR,ERR,ERR,ERR,ERR,ERR,ERR,ERR,ERR,ERR,ERR,ERR,ERR,ERR,ERR,ERR,ERR,ERR,ERR,ERR,ERR,ERR,ERR,ERR,ERR,ERR,ERR,ERR,ERR,ERR,ERR,ERR,ERR,ERR,ERR,ERR,ERR,ERR,ERR,ERR,ERR,ERR,ERR,ERR,ERR,ERR,ERR,ERR,ERR,ERR,ERR,ERR,ERR,ERR,ERR,ERR,ERR,ERR,ERR,ERR,ERR,ERR,ERR,ERR,ERR,ERR,ERR,ERR,ERR,ERR,ERR,ERR,ERR,ERR,ERR,ERR,ERR,ERR,ERR,ERR,ERR,ERR,ERR,ERR,ERR,ERR,ERR,ERR,0.0,-0.0,3.028208139652935e+23,0.0,0.0,1.3936040501711995e+18,7.805,0.0,0,0,4,0,7300,-0.0,0,0.0,0.0,0.0,0.0,0.0,0,0,0,0,0.0,0,0,0,0,0,0,0,0,0,0,0,0,0,0,0,0,0,0,0,0,0,0,0,0,0,0,0,0,0,0,0,0,0,32,30,30,62,65476,0,300,0,0,8,21553,0.0,-107605600.0,0.0,0.0,0.0,0.0,0.0,0.0,0.0,0.0,0.0,0.0,0.0,0.0,0.0,0.0,0.0,0.0,0.0,0.0,0.0,0.0,2.004,-2.004,-0.0,-0.0,0.0,0.0,0.0,0.0,5560.0,8608199680.0,6922.0,0.0,-0.0,-107615280.0,2.7184296605801213e+23,0.0,0.0,0.0,0.0,63,0.0,-152017632755712.0,0.0,0.0,0.0,0.0,0.0,0.0,0.0,0,0,0,0.0,0.0,0.0,0.0,0.0,0.0,0.0,0.0,0.0,0.0,0.0,0.0,0.0,0.0,0.0,0.0,0,-107875648.0,63,0.0,126,2.7184242562605685e+23,-0.0,ERR,ERR,ERR,ERR,ERR,ERR,ERR,ERR,ERR,ERR,ERR,ERR,ERR,ERR,ERR,ERR,ERR,ERR,ERR,ERR,ERR,ERR,ERR,ERR,ERR,ERR,ERR,ERR,ERR,ERR,ERR,ERR,ERR,ERR,ERR,ERR,ERR,ERR,ERR,ERR,ERR,ERR,ERR,ERR,ERR,ERR,ERR,ERR,ERR,ERR,ERR,ERR,ERR,ERR,ERR,ERR,ERR,ERR,ERR,ERR,ERR,ERR,ERR,ERR,ERR,ERR,ERR,34.0,80.0,35,0.0,0.0,0.0,0.0,0.0,0.0,0.0,0.0,0.0,0.0,0.0,0.0,0.0,0.0,0.0,0.0,64.8,0,116,56,49,65476,0,300,0,0,8,20529,65476,0,0,57672,80.0,0.0,0.0,0.0,0.0,0.0
2026-06-17T04:42:25,ERR,ERR,ERR,ERR,ERR,ERR,ERR,ERR,ERR,ERR,ERR,ERR,ERR,ERR,ERR,ERR,ERR,ERR,ERR,ERR,ERR,ERR,ERR,ERR,ERR,ERR,ERR,ERR,ERR,ERR,ERR,ERR,ERR,ERR,ERR,ERR,ERR,ERR,ERR,ERR,ERR,ERR,ERR,ERR,ERR,ERR,ERR,ERR,ERR,ERR,ERR,ERR,ERR,ERR,ERR,ERR,ERR,ERR,ERR,ERR,ERR,ERR,ERR,ERR,ERR,ERR,ERR,ERR,ERR,ERR,ERR,ERR,ERR,ERR,ERR,ERR,ERR,ERR,ERR,ERR,ERR,ERR,ERR,ERR,ERR,ERR,ERR,ERR,ERR,ERR,ERR,ERR,ERR,ERR,ERR,ERR,ERR,ERR,ERR,ERR,ERR,ERR,ERR,ERR,ERR,ERR,ERR,ERR,ERR,ERR,ERR,ERR,ERR,ERR,ERR,ERR,ERR,ERR,ERR,ERR,ERR,ERR,ERR,ERR,ERR,0.0,-0.0,3.028208139652935e+23,0.0,0.0,1.3936040501711995e+18,7.805,0.0,0,0,4,0,7300,-0.0,0,0.0,0.0,0.0,0.0,0.0,0,0,0,0,0.0,0,0,0,0,0,0,0,0,0,0,0,0,0,0,0,0,0,0,0,0,0,0,0,0,0,0,0,0,0,0,0,0,0,32,30,30,62,65476,0,300,0,0,8,21553,0.0,-107605600.0,0.0,0.0,0.0,0.0,0.0,0.0,0.0,0.0,0.0,0.0,0.0,0.0,0.0,0.0,0.0,0.0,0.0,0.0,0.0,0.0,2.004,-2.004,-0.0,-0.0,0.0,0.0,0.0,0.0,5560.0,8608199680.0,6922.0,0.0,-0.0,-107615280.0,2.7184296605801213e+23,0.0,0.0,0.0,0.0,63,0.0,-152017632755712.0,0.0,0.0,0.0,0.0,0.0,0.0,0.0,0,0,0,0.0,0.0,0.0,0.0,0.0,0.0,0.0,0.0,0.0,0.0,0.0,0.0,0.0,0.0,0.0,0.0,0,-107875648.0,63,0.0,126,2.7184242562605685e+23,-0.0,ERR,ERR,ERR,ERR,ERR,ERR,ERR,ERR,ERR,ERR,ERR,ERR,ERR,ERR,ERR,ERR,ERR,ERR,ERR,ERR,ERR,ERR,ERR,ERR,ERR,ERR,ERR,ERR,ERR,ERR,ERR,ERR,ERR,ERR,ERR,ERR,ERR,ERR,ERR,ERR,ERR,ERR,ERR,ERR,ERR,ERR,ERR,ERR,ERR,ERR,ERR,ERR,ERR,ERR,ERR,ERR,ERR,ERR,ERR,ERR,ERR,ERR,ERR,ERR,ERR,ERR,ERR,34.0,80.0,35,0.0,0.0,0.0,0.0,0.0,0.0,0.0,0.0,0.0,0.0,0.0,0.0,0.0,0.0,0.0,0.0,64.8,0,116,56,49,65476,0,300,0,0,8,20529,65476,0,0,57672,80.0,0.0,0.0,0.0,0.0,0.0
2026-06-17T04:42:26,ERR,ERR,ERR,ERR,ERR,ERR,ERR,ERR,ERR,ERR,ERR,ERR,ERR,ERR,ERR,ERR,ERR,ERR,ERR,ERR,ERR,ERR,ERR,ERR,ERR,ERR,ERR,ERR,ERR,ERR,ERR,ERR,ERR,ERR,ERR,ERR,ERR,ERR,ERR,ERR,ERR,ERR,ERR,ERR,ERR,ERR,ERR,ERR,ERR,ERR,ERR,ERR,ERR,ERR,ERR,ERR,ERR,ERR,ERR,ERR,ERR,ERR,ERR,ERR,ERR,ERR,ERR,ERR,ERR,ERR,ERR,ERR,ERR,ERR,ERR,ERR,ERR,ERR,ERR,ERR,ERR,ERR,ERR,ERR,ERR,ERR,ERR,ERR,ERR,ERR,ERR,ERR,ERR,ERR,ERR,ERR,ERR,ERR,ERR,ERR,ERR,ERR,ERR,ERR,ERR,ERR,ERR,ERR,ERR,ERR,ERR,ERR,ERR,ERR,ERR,ERR,ERR,ERR,ERR,ERR,ERR,ERR,ERR,ERR,ERR,0.0,-0.0,3.028208139652935e+23,0.0,0.0,1.3936040501711995e+18,7.805,0.0,0,0,4,0,7300,-0.0,0,0.0,0.0,0.0,0.0,0.0,0,0,0,0,0.0,0,0,0,0,0,0,0,0,0,0,0,0,0,0,0,0,0,0,0,0,0,0,0,0,0,0,0,0,0,0,0,0,0,32,30,30,62,65476,0,300,0,0,8,21553,0.0,-107605600.0,0.0,0.0,0.0,0.0,0.0,0.0,0.0,0.0,0.0,0.0,0.0,0.0,0.0,0.0,0.0,0.0,0.0,0.0,0.0,0.0,2.004,-2.004,-0.0,-0.0,0.0,0.0,0.0,0.0,5560.0,8608199680.0,6922.0,0.0,-0.0,-107615280.0,2.7184296605801213e+23,0.0,0.0,0.0,0.0,63,0.0,-152017632755712.0,0.0,0.0,0.0,0.0,0.0,0.0,0.0,0,0,0,0.0,0.0,0.0,0.0,0.0,0.0,0.0,0.0,0.0,0.0,0.0,0.0,0.0,0.0,0.0,0.0,0,-107875648.0,63,0.0,126,2.7184242562605685e+23,-0.0,ERR,ERR,ERR,ERR,ERR,ERR,ERR,ERR,ERR,ERR,ERR,ERR,ERR,ERR,ERR,ERR,ERR,ERR,ERR,ERR,ERR,ERR,ERR,ERR,ERR,ERR,ERR,ERR,ERR,ERR,ERR,ERR,ERR,ERR,ERR,ERR,ERR,ERR,ERR,ERR,ERR,ERR,ERR,ERR,ERR,ERR,ERR,ERR,ERR,ERR,ERR,ERR,ERR,ERR,ERR,ERR,ERR,ERR,ERR,ERR,ERR,ERR,ERR,ERR,ERR,ERR,ERR,34.0,80.0,35,0.0,0.0,0.0,0.0,0.0,0.0,0.0,0.0,0.0,0.0,0.0,0.0,0.0,0.0,0.0,0.0,64.4,0,116,56,49,65476,0,300,0,0,8,20529,65476,0,0,57672,80.0,0.0,0.0,0.0,0.0,0.0
2026-06-17T04:42:27,ERR,ERR,ERR,ERR,ERR,ERR,ERR,ERR,ERR,ERR,ERR,ERR,ERR,ERR,ERR,ERR,ERR,ERR,ERR,ERR,ERR,ERR,ERR,ERR,ERR,ERR,ERR,ERR,ERR,ERR,ERR,ERR,ERR,ERR,ERR,ERR,ERR,ERR,ERR,ERR,ERR,ERR,ERR,ERR,ERR,ERR,ERR,ERR,ERR,ERR,ERR,ERR,ERR,ERR,ERR,ERR,ERR,ERR,ERR,ERR,ERR,ERR,ERR,ERR,ERR,ERR,ERR,ERR,ERR,ERR,ERR,ERR,ERR,ERR,ERR,ERR,ERR,ERR,ERR,ERR,ERR,ERR,ERR,ERR,ERR,ERR,ERR,ERR,ERR,ERR,ERR,ERR,ERR,ERR,ERR,ERR,ERR,ERR,ERR,ERR,ERR,ERR,ERR,ERR,ERR,ERR,ERR,ERR,ERR,ERR,ERR,ERR,ERR,ERR,ERR,ERR,ERR,ERR,ERR,ERR,ERR,ERR,ERR,ERR,ERR,0.0,-0.0,3.028208139652935e+23,0.0,0.0,1.3936040501711995e+18,7.805,0.0,0,0,4,0,7300,-0.0,0,0.0,0.0,0.0,0.0,0.0,0,0,0,0,0.0,0,0,0,0,0,0,0,0,0,0,0,0,0,0,0,0,0,0,0,0,0,0,0,0,0,0,0,0,0,0,0,0,0,32,30,30,62,65476,0,300,0,0,8,21553,0.0,-107605600.0,0.0,0.0,0.0,0.0,0.0,0.0,0.0,0.0,0.0,0.0,0.0,0.0,0.0,0.0,0.0,0.0,0.0,0.0,0.0,0.0,2.004,-2.004,-0.0,-0.0,0.0,0.0,0.0,0.0,5560.0,8608199680.0,6922.0,0.0,-0.0,-107615280.0,2.7184296605801213e+23,0.0,0.0,0.0,0.0,63,0.0,-152017632755712.0,0.0,0.0,0.0,0.0,0.0,0.0,0.0,0,0,0,0.0,0.0,0.0,0.0,0.0,0.0,0.0,0.0,0.0,0.0,0.0,0.0,0.0,0.0,0.0,0.0,0,-107875648.0,63,0.0,126,2.7184242562605685e+23,-0.0,ERR,ERR,ERR,ERR,ERR,ERR,ERR,ERR,ERR,ERR,ERR,ERR,ERR,ERR,ERR,ERR,ERR,ERR,ERR,ERR,ERR,ERR,ERR,ERR,ERR,ERR,ERR,ERR,ERR,ERR,ERR,ERR,ERR,ERR,ERR,ERR,ERR,ERR,ERR,ERR,ERR,ERR,ERR,ERR,ERR,ERR,ERR,ERR,ERR,ERR,ERR,ERR,ERR,ERR,ERR,ERR,ERR,ERR,ERR,ERR,ERR,ERR,ERR,ERR,ERR,ERR,ERR,34.0,80.0,35,0.0,0.0,0.0,0.0,0.0,0.0,0.0,0.0,0.0,0.0,0.0,0.0,0.0,0.0,0.0,0.0,64.4,0,116,56,49,65476,0,300,0,0,8,20529,65476,0,0,57672,80.0,0.0,0.0,0.0,0.0,0.0
2026-06-17T04:42:28,ERR,ERR,ERR,ERR,ERR,ERR,ERR,ERR,ERR,ERR,ERR,ERR,ERR,ERR,ERR,ERR,ERR,ERR,ERR,ERR,ERR,ERR,ERR,ERR,ERR,ERR,ERR,ERR,ERR,ERR,ERR,ERR,ERR,ERR,ERR,ERR,ERR,ERR,ERR,ERR,ERR,ERR,ERR,ERR,ERR,ERR,ERR,ERR,ERR,ERR,ERR,ERR,ERR,ERR,ERR,ERR,ERR,ERR,ERR,ERR,ERR,ERR,ERR,ERR,ERR,ERR,ERR,ERR,ERR,ERR,ERR,ERR,ERR,ERR,ERR,ERR,ERR,ERR,ERR,ERR,ERR,ERR,ERR,ERR,ERR,ERR,ERR,ERR,ERR,ERR,ERR,ERR,ERR,ERR,ERR,ERR,ERR,ERR,ERR,ERR,ERR,ERR,ERR,ERR,ERR,ERR,ERR,ERR,ERR,ERR,ERR,ERR,ERR,ERR,ERR,ERR,ERR,ERR,ERR,ERR,ERR,ERR,ERR,ERR,ERR,0.0,-0.0,3.028208139652935e+23,0.0,0.0,1.3936040501711995e+18,7.805,0.0,0,0,4,0,7300,-0.0,0,0.0,0.0,0.0,0.0,0.0,0,0,0,0,0.0,0,0,0,0,0,0,0,0,0,0,0,0,0,0,0,0,0,0,0,0,0,0,0,0,0,0,0,0,0,0,0,0,0,32,30,30,62,65476,0,300,0,0,8,21553,0.0,-107605600.0,0.0,0.0,0.0,0.0,0.0,0.0,0.0,0.0,0.0,0.0,0.0,0.0,0.0,0.0,0.0,0.0,0.0,0.0,0.0,0.0,2.004,-2.004,-0.0,-0.0,0.0,0.0,0.0,0.0,5560.0,-0.0,6931.0,0.0,-0.0,-107615280.0,2.7184296605801213e+23,0.0,0.0,0.0,0.0,63,0.0,0.0,0.0,0.0,0.0,0.0,0.0,0.0,0.0,0,0,0,0.0,0.0,0.0,0.0,0.0,0.0,0.0,0.0,0.0,0.0,0.0,0.0,0.0,0.0,0.0,0.0,0,-107875648.0,63,0.0,126,2.7184242562605685e+23,-0.0,ERR,ERR,ERR,ERR,ERR,ERR,ERR,ERR,ERR,ERR,ERR,ERR,ERR,ERR,ERR,ERR,ERR,ERR,ERR,ERR,ERR,ERR,ERR,ERR,ERR,ERR,ERR,ERR,ERR,ERR,ERR,ERR,ERR,ERR,ERR,ERR,ERR,ERR,ERR,ERR,ERR,ERR,ERR,ERR,ERR,ERR,ERR,ERR,ERR,ERR,ERR,ERR,ERR,ERR,ERR,ERR,ERR,ERR,ERR,ERR,ERR,ERR,ERR,ERR,ERR,ERR,ERR,34.0,80.0,35,0.0,0.0,0.0,0.0,0.0,0.0,0.0,0.0,0.0,0.0,0.0,0.0,0.0,0.0,0.0,0.0,64.4,0,116,56,49,65476,0,300,0,0,8,20529,65476,0,0,57672,80.0,0.0,0.0,0.0,0.0,0.0
2026-06-17T04:42:29,ERR,ERR,ERR,ERR,ERR,ERR,ERR,ERR,ERR,ERR,ERR,ERR,ERR,ERR,ERR,ERR,ERR,ERR,ERR,ERR,ERR,ERR,ERR,ERR,ERR,ERR,ERR,ERR,ERR,ERR,ERR,ERR,ERR,ERR,ERR,ERR,ERR,ERR,ERR,ERR,ERR,ERR,ERR,ERR,ERR,ERR,ERR,ERR,ERR,ERR,ERR,ERR,ERR,ERR,ERR,ERR,ERR,ERR,ERR,ERR,ERR,ERR,ERR,ERR,ERR,ERR,ERR,ERR,ERR,ERR,ERR,ERR,ERR,ERR,ERR,ERR,ERR,ERR,ERR,ERR,ERR,ERR,ERR,ERR,ERR,ERR,ERR,ERR,ERR,ERR,ERR,ERR,ERR,ERR,ERR,ERR,ERR,ERR,ERR,ERR,ERR,ERR,ERR,ERR,ERR,ERR,ERR,ERR,ERR,ERR,ERR,ERR,ERR,ERR,ERR,ERR,ERR,ERR,ERR,ERR,ERR,ERR,ERR,ERR,ERR,0.0,-0.0,3.028208139652935e+23,0.0,0.0,1.3936040501711995e+18,7.805,0.0,0,0,4,0,7300,-0.0,0,0.0,0.0,0.0,0.0,0.0,0,0,0,0,0.0,0,0,0,0,0,0,0,0,0,0,0,0,0,0,0,0,0,0,0,0,0,0,0,0,0,0,0,0,0,0,0,0,0,32,30,30,62,65476,0,300,0,0,8,21553,0.0,-107605600.0,0.0,0.0,0.0,0.0,0.0,0.0,0.0,0.0,0.0,0.0,0.0,0.0,0.0,0.0,0.0,0.0,0.0,0.0,0.0,0.0,2.004,-2.004,-0.0,-0.0,0.0,0.0,0.0,0.0,5560.0,-0.0,6931.0,0.0,-0.0,-107615280.0,2.7184296605801213e+23,0.0,0.0,0.0,0.0,63,0.0,0.0,0.0,0.0,0.0,0.0,0.0,0.0,0.0,0,0,0,0.0,0.0,0.0,0.0,0.0,0.0,0.0,0.0,0.0,0.0,0.0,0.0,0.0,0.0,0.0,0.0,0,-107875648.0,63,0.0,126,2.7184242562605685e+23,-0.0,ERR,ERR,ERR,ERR,ERR,ERR,ERR,ERR,ERR,ERR,ERR,ERR,ERR,ERR,ERR,ERR,ERR,ERR,ERR,ERR,ERR,ERR,ERR,ERR,ERR,ERR,ERR,ERR,ERR,ERR,ERR,ERR,ERR,ERR,ERR,ERR,ERR,ERR,ERR,ERR,ERR,ERR,ERR,ERR,ERR,ERR,ERR,ERR,ERR,ERR,ERR,ERR,ERR,ERR,ERR,ERR,ERR,ERR,ERR,ERR,ERR,ERR,ERR,ERR,ERR,ERR,ERR,34.0,80.0,35,0.0,0.0,0.0,0.0,0.0,0.0,0.0,0.0,0.0,0.0,0.0,0.0,0.0,0.0,0.0,0.0,64.4,0,116,56,49,65476,0,300,0,0,8,20529,65476,0,0,57672,80.0,0.0,0.0,0.0,0.0,0.0
2026-06-17T04:42:30,ERR,ERR,ERR,ERR,ERR,ERR,ERR,ERR,ERR,ERR,ERR,ERR,ERR,ERR,ERR,ERR,ERR,ERR,ERR,ERR,ERR,ERR,ERR,ERR,ERR,ERR,ERR,ERR,ERR,ERR,ERR,ERR,ERR,ERR,ERR,ERR,ERR,ERR,ERR,ERR,ERR,ERR,ERR,ERR,ERR,ERR,ERR,ERR,ERR,ERR,ERR,ERR,ERR,ERR,ERR,ERR,ERR,ERR,ERR,ERR,ERR,ERR,ERR,ERR,ERR,ERR,ERR,ERR,ERR,ERR,ERR,ERR,ERR,ERR,ERR,ERR,ERR,ERR,ERR,ERR,ERR,ERR,ERR,ERR,ERR,ERR,ERR,ERR,ERR,ERR,ERR,ERR,ERR,ERR,ERR,ERR,ERR,ERR,ERR,ERR,ERR,ERR,ERR,ERR,ERR,ERR,ERR,ERR,ERR,ERR,ERR,ERR,ERR,ERR,ERR,ERR,ERR,ERR,ERR,ERR,ERR,ERR,ERR,ERR,ERR,0.0,-0.0,3.028208139652935e+23,0.0,0.0,1.3936040501711995e+18,7.805,0.0,0,0,4,0,7300,-0.0,0,0.0,0.0,0.0,0.0,0.0,0,0,0,0,0.0,0,0,0,0,0,0,0,0,0,0,0,0,0,0,0,0,0,0,0,0,0,0,0,0,0,0,0,0,0,0,0,0,0,32,30,30,62,65476,0,300,0,0,8,21553,0.0,-107605600.0,0.0,0.0,0.0,0.0,0.0,0.0,0.0,0.0,0.0,0.0,0.0,0.0,0.0,0.0,0.0,0.0,0.0,0.0,0.0,0.0,2.004,-2.004,-0.0,-0.0,0.0,0.0,0.0,0.0,5560.0,-0.0,6931.0,0.0,-0.0,-107615280.0,2.7184296605801213e+23,0.0,0.0,0.0,0.0,63,0.0,0.0,0.0,0.0,0.0,0.0,0.0,0.0,0.0,0,0,0,0.0,0.0,0.0,0.0,0.0,0.0,0.0,0.0,0.0,0.0,0.0,0.0,0.0,0.0,0.0,0.0,0,-107875648.0,63,0.0,126,2.7184242562605685e+23,-0.0,ERR,ERR,ERR,ERR,ERR,ERR,ERR,ERR,ERR,ERR,ERR,ERR,ERR,ERR,ERR,ERR,ERR,ERR,ERR,ERR,ERR,ERR,ERR,ERR,ERR,ERR,ERR,ERR,ERR,ERR,ERR,ERR,ERR,ERR,ERR,ERR,ERR,ERR,ERR,ERR,ERR,ERR,ERR,ERR,ERR,ERR,ERR,ERR,ERR,ERR,ERR,ERR,ERR,ERR,ERR,ERR,ERR,ERR,ERR,ERR,ERR,ERR,ERR,ERR,ERR,ERR,ERR,34.0,80.0,35,0.0,0.0,0.0,0.0,0.0,0.0,0.0,0.0,0.0,0.0,0.0,0.0,0.0,0.0,0.0,0.0,64.4,0,116,56,49,65476,0,300,0,0,8,20529,65476,0,0,57672,80.0,0.0,0.0,0.0,0.0,0.0
2026-06-17T04:42:31,ERR,ERR,ERR,ERR,ERR,ERR,ERR,ERR,ERR,ERR,ERR,ERR,ERR,ERR,ERR,ERR,ERR,ERR,ERR,ERR,ERR,ERR,ERR,ERR,ERR,ERR,ERR,ERR,ERR,ERR,ERR,ERR,ERR,ERR,ERR,ERR,ERR,ERR,ERR,ERR,ERR,ERR,ERR,ERR,ERR,ERR,ERR,ERR,ERR,ERR,ERR,ERR,ERR,ERR,ERR,ERR,ERR,ERR,ERR,ERR,ERR,ERR,ERR,ERR,ERR,ERR,ERR,ERR,ERR,ERR,ERR,ERR,ERR,ERR,ERR,ERR,ERR,ERR,ERR,ERR,ERR,ERR,ERR,ERR,ERR,ERR,ERR,ERR,ERR,ERR,ERR,ERR,ERR,ERR,ERR,ERR,ERR,ERR,ERR,ERR,ERR,ERR,ERR,ERR,ERR,ERR,ERR,ERR,ERR,ERR,ERR,ERR,ERR,ERR,ERR,ERR,ERR,ERR,ERR,ERR,ERR,ERR,ERR,ERR,ERR,0.0,-0.0,3.028208139652935e+23,0.0,0.0,1.3936040501711995e+18,7.805,0.0,0,0,4,0,7300,-0.0,0,0.0,0.0,0.0,0.0,0.0,0,0,0,0,0.0,0,0,0,0,0,0,0,0,0,0,0,0,0,0,0,0,0,0,0,0,0,0,0,0,0,0,0,0,0,0,0,0,0,32,30,30,62,65476,0,300,0,0,8,21553,0.0,-107605600.0,0.0,0.0,0.0,0.0,0.0,0.0,0.0,0.0,0.0,0.0,0.0,0.0,0.0,0.0,0.0,0.0,0.0,0.0,0.0,0.0,2.004,-2.004,-0.0,-0.0,0.0,0.0,0.0,0.0,5560.0,-0.0,6931.0,0.0,-0.0,-107615280.0,2.7184296605801213e+23,0.0,0.0,0.0,0.0,63,0.0,0.0,0.0,0.0,0.0,0.0,0.0,0.0,0.0,0,0,0,0.0,0.0,0.0,0.0,0.0,0.0,0.0,0.0,0.0,0.0,0.0,0.0,0.0,0.0,0.0,0.0,0,-107875648.0,63,0.0,126,2.7184242562605685e+23,-0.0,ERR,ERR,ERR,ERR,ERR,ERR,ERR,ERR,ERR,ERR,ERR,ERR,ERR,ERR,ERR,ERR,ERR,ERR,ERR,ERR,ERR,ERR,ERR,ERR,ERR,ERR,ERR,ERR,ERR,ERR,ERR,ERR,ERR,ERR,ERR,ERR,ERR,ERR,ERR,ERR,ERR,ERR,ERR,ERR,ERR,ERR,ERR,ERR,ERR,ERR,ERR,ERR,ERR,ERR,ERR,ERR,ERR,ERR,ERR,ERR,ERR,ERR,ERR,ERR,ERR,ERR,ERR,34.0,80.0,35,0.0,0.0,0.0,0.0,0.0,0.0,0.0,0.0,0.0,0.0,0.0,0.0,0.0,0.0,0.0,0.0,64.4,0,116,56,49,65476,0,300,0,0,8,20529,65476,0,0,57672,80.0,0.0,0.0,0.0,0.0,0.0
2026-06-17T04:42:32,ERR,ERR,ERR,ERR,ERR,ERR,ERR,ERR,ERR,ERR,ERR,ERR,ERR,ERR,ERR,ERR,ERR,ERR,ERR,ERR,ERR,ERR,ERR,ERR,ERR,ERR,ERR,ERR,ERR,ERR,ERR,ERR,ERR,ERR,ERR,ERR,ERR,ERR,ERR,ERR,ERR,ERR,ERR,ERR,ERR,ERR,ERR,ERR,ERR,ERR,ERR,ERR,ERR,ERR,ERR,ERR,ERR,ERR,ERR,ERR,ERR,ERR,ERR,ERR,ERR,ERR,ERR,ERR,ERR,ERR,ERR,ERR,ERR,ERR,ERR,ERR,ERR,ERR,ERR,ERR,ERR,ERR,ERR,ERR,ERR,ERR,ERR,ERR,ERR,ERR,ERR,ERR,ERR,ERR,ERR,ERR,ERR,ERR,ERR,ERR,ERR,ERR,ERR,ERR,ERR,ERR,ERR,ERR,ERR,ERR,ERR,ERR,ERR,ERR,ERR,ERR,ERR,ERR,ERR,ERR,ERR,ERR,ERR,ERR,ERR,0.0,-0.0,3.028208139652935e+23,0.0,0.0,1.3936040501711995e+18,7.805,0.0,0,0,4,0,7300,-0.0,0,0.0,0.0,0.0,0.0,0.0,0,0,0,0,0.0,0,0,0,0,0,0,0,0,0,0,0,0,0,0,0,0,0,0,0,0,0,0,0,0,0,0,0,0,0,0,0,0,0,32,30,30,62,65476,0,300,0,0,8,21553,0.0,-107605600.0,0.0,0.0,0.0,0.0,0.0,0.0,0.0,0.0,0.0,0.0,0.0,0.0,0.0,0.0,0.0,0.0,0.0,0.0,0.0,0.0,2.004,-2.004,-0.0,-0.0,0.0,0.0,0.0,0.0,5560.0,-0.0,6931.0,0.0,-0.0,-107615280.0,2.7184296605801213e+23,0.0,0.0,0.0,0.0,63,0.0,0.0,0.0,0.0,0.0,0.0,0.0,0.0,0.0,0,0,0,0.0,0.0,0.0,0.0,0.0,0.0,0.0,0.0,0.0,0.0,0.0,0.0,0.0,0.0,0.0,0.0,0,-107875648.0,63,0.0,126,2.7184242562605685e+23,-0.0,ERR,ERR,ERR,ERR,ERR,ERR,ERR,ERR,ERR,ERR,ERR,ERR,ERR,ERR,ERR,ERR,ERR,ERR,ERR,ERR,ERR,ERR,ERR,ERR,ERR,ERR,ERR,ERR,ERR,ERR,ERR,ERR,ERR,ERR,ERR,ERR,ERR,ERR,ERR,ERR,ERR,ERR,ERR,ERR,ERR,ERR,ERR,ERR,ERR,ERR,ERR,ERR,ERR,ERR,ERR,ERR,ERR,ERR,ERR,ERR,ERR,ERR,ERR,ERR,ERR,ERR,ERR,34.0,80.0,35,0.0,0.0,0.0,0.0,0.0,0.0,0.0,0.0,0.0,0.0,0.0,0.0,0.0,0.0,0.0,0.0,64.4,0,116,56,49,65476,0,300,0,0,8,20529,65476,0,0,57672,80.0,0.0,0.0,0.0,0.0,0.0
2026-06-17T04:42:33,ERR,ERR,ERR,ERR,ERR,ERR,ERR,ERR,ERR,ERR,ERR,ERR,ERR,ERR,ERR,ERR,ERR,ERR,ERR,ERR,ERR,ERR,ERR,ERR,ERR,ERR,ERR,ERR,ERR,ERR,ERR,ERR,ERR,ERR,ERR,ERR,ERR,ERR,ERR,ERR,ERR,ERR,ERR,ERR,ERR,ERR,ERR,ERR,ERR,ERR,ERR,ERR,ERR,ERR,ERR,ERR,ERR,ERR,ERR,ERR,ERR,ERR,ERR,ERR,ERR,ERR,ERR,ERR,ERR,ERR,ERR,ERR,ERR,ERR,ERR,ERR,ERR,ERR,ERR,ERR,ERR,ERR,ERR,ERR,ERR,ERR,ERR,ERR,ERR,ERR,ERR,ERR,ERR,ERR,ERR,ERR,ERR,ERR,ERR,ERR,ERR,ERR,ERR,ERR,ERR,ERR,ERR,ERR,ERR,ERR,ERR,ERR,ERR,ERR,ERR,ERR,ERR,ERR,ERR,ERR,ERR,ERR,ERR,ERR,ERR,0.0,-0.0,-0.0,0.0,0.0,1.3936040501711995e+18,7.805,0.0,0,0,4,0,7300,-0.0,0,0.0,0.0,0.0,0.0,0.0,0,0,0,0,0.0,0,0,0,0,0,0,0,0,0,0,0,0,0,0,0,0,0,0,0,0,0,0,0,0,0,0,0,0,0,0,0,0,0,32,30,30,62,65476,0,300,0,0,8,21553,0.0,-107605600.0,0.0,0.0,0.0,0.0,0.0,0.0,0.0,0.0,0.0,0.0,0.0,0.0,0.0,0.0,0.0,0.0,0.0,0.0,0.0,0.0,-0.0,-2.004,-0.0,-0.0,0.0,0.0,0.0,0.0,5557.0,-8608199680.0,6938.0,0.0,-0.0,-107615280.0,2.7184296605801213e+23,0.0,0.0,0.0,0.0,63,0.0,5.848064398257268e+35,0.0,0.0,0.0,0.0,0.0,0.0,0.0,0,0,0,0.0,0.0,0.0,0.0,0.0,0.0,0.0,0.0,0.0,0.0,0.0,0.0,0.0,0.0,0.0,0.0,0,-107875648.0,63,0.0,126,2.7184242562605685e+23,-0.0,ERR,ERR,ERR,ERR,ERR,ERR,ERR,ERR,ERR,ERR,ERR,ERR,ERR,ERR,ERR,ERR,ERR,ERR,ERR,ERR,ERR,ERR,ERR,ERR,ERR,ERR,ERR,ERR,ERR,ERR,ERR,ERR,ERR,ERR,ERR,ERR,ERR,ERR,ERR,ERR,ERR,ERR,ERR,ERR,ERR,ERR,ERR,ERR,ERR,ERR,ERR,ERR,ERR,ERR,ERR,ERR,ERR,ERR,ERR,ERR,ERR,ERR,ERR,ERR,ERR,ERR,ERR,34.0,80.0,35,0.0,0.0,0.0,0.0,0.0,0.0,0.0,0.0,0.0,0.0,0.0,0.0,0.0,0.0,0.0,0.0,64.4,0,116,56,49,65476,0,300,0,0,8,20529,65476,0,0,57672,80.0,0.0,0.0,0.0,0.0,0.0
2026-06-17T04:42:34,ERR,ERR,ERR,ERR,ERR,ERR,ERR,ERR,ERR,ERR,ERR,ERR,ERR,ERR,ERR,ERR,ERR,ERR,ERR,ERR,ERR,ERR,ERR,ERR,ERR,ERR,ERR,ERR,ERR,ERR,ERR,ERR,ERR,ERR,ERR,ERR,ERR,ERR,ERR,ERR,ERR,ERR,ERR,ERR,ERR,ERR,ERR,ERR,ERR,ERR,ERR,ERR,ERR,ERR,ERR,ERR,ERR,ERR,ERR,ERR,ERR,ERR,ERR,ERR,ERR,ERR,ERR,ERR,ERR,ERR,ERR,ERR,ERR,ERR,ERR,ERR,ERR,ERR,ERR,ERR,ERR,ERR,ERR,ERR,ERR,ERR,ERR,ERR,ERR,ERR,ERR,ERR,ERR,ERR,ERR,ERR,ERR,ERR,ERR,ERR,ERR,ERR,ERR,ERR,ERR,ERR,ERR,ERR,ERR,ERR,ERR,ERR,ERR,ERR,ERR,ERR,ERR,ERR,ERR,ERR,ERR,ERR,ERR,ERR,ERR,0.0,-0.0,-0.0,0.0,0.0,1.3936040501711995e+18,7.805,0.0,0,0,4,0,7300,-0.0,0,0.0,0.0,0.0,0.0,0.0,0,0,0,0,0.0,0,0,0,0,0,0,0,0,0,0,0,0,0,0,0,0,0,0,0,0,0,0,0,0,0,0,0,0,0,0,0,0,0,32,30,30,62,65476,0,300,0,0,8,21553,0.0,-107605600.0,0.0,0.0,0.0,0.0,0.0,0.0,0.0,0.0,0.0,0.0,0.0,0.0,0.0,0.0,0.0,0.0,0.0,0.0,0.0,0.0,-0.0,-2.004,-0.0,-0.0,0.0,0.0,0.0,0.0,5557.0,-8608199680.0,6938.0,0.0,-0.0,-107615280.0,2.7184296605801213e+23,0.0,0.0,0.0,0.0,63,0.0,5.848064398257268e+35,0.0,0.0,0.0,0.0,0.0,0.0,0.0,0,0,0,0.0,0.0,0.0,0.0,0.0,0.0,0.0,0.0,0.0,0.0,0.0,0.0,0.0,0.0,0.0,0.0,0,-107875648.0,63,0.0,126,2.7184242562605685e+23,-0.0,ERR,ERR,ERR,ERR,ERR,ERR,ERR,ERR,ERR,ERR,ERR,ERR,ERR,ERR,ERR,ERR,ERR,ERR,ERR,ERR,ERR,ERR,ERR,ERR,ERR,ERR,ERR,ERR,ERR,ERR,ERR,ERR,ERR,ERR,ERR,ERR,ERR,ERR,ERR,ERR,ERR,ERR,ERR,ERR,ERR,ERR,ERR,ERR,ERR,ERR,ERR,ERR,ERR,ERR,ERR,ERR,ERR,ERR,ERR,ERR,ERR,ERR,ERR,ERR,ERR,ERR,ERR,34.0,80.0,35,0.0,0.0,0.0,0.0,0.0,0.0,0.0,0.0,0.0,0.0,0.0,0.0,0.0,0.0,0.0,0.0,64.8,0,116,56,49,65476,0,300,0,0,8,20529,65476,0,0,57672,80.0,0.0,0.0,0.0,0.0,0.0
2026-06-17T04:42:35,ERR,ERR,ERR,ERR,ERR,ERR,ERR,ERR,ERR,ERR,ERR,ERR,ERR,ERR,ERR,ERR,ERR,ERR,ERR,ERR,ERR,ERR,ERR,ERR,ERR,ERR,ERR,ERR,ERR,ERR,ERR,ERR,ERR,ERR,ERR,ERR,ERR,ERR,ERR,ERR,ERR,ERR,ERR,ERR,ERR,ERR,ERR,ERR,ERR,ERR,ERR,ERR,ERR,ERR,ERR,ERR,ERR,ERR,ERR,ERR,ERR,ERR,ERR,ERR,ERR,ERR,ERR,ERR,ERR,ERR,ERR,ERR,ERR,ERR,ERR,ERR,ERR,ERR,ERR,ERR,ERR,ERR,ERR,ERR,ERR,ERR,ERR,ERR,ERR,ERR,ERR,ERR,ERR,ERR,ERR,ERR,ERR,ERR,ERR,ERR,ERR,ERR,ERR,ERR,ERR,ERR,ERR,ERR,ERR,ERR,ERR,ERR,ERR,ERR,ERR,ERR,ERR,ERR,ERR,ERR,ERR,ERR,ERR,ERR,ERR,0.0,-0.0,-0.0,0.0,0.0,1.3936040501711995e+18,7.805,0.0,0,0,4,0,7300,-0.0,0,0.0,0.0,0.0,0.0,0.0,0,0,0,0,0.0,0,0,0,0,0,0,0,0,0,0,0,0,0,0,0,0,0,0,0,0,0,0,0,0,0,0,0,0,0,0,0,0,0,32,30,30,62,65476,0,300,0,0,8,21553,0.0,-107605600.0,0.0,0.0,0.0,0.0,0.0,0.0,0.0,0.0,0.0,0.0,0.0,0.0,0.0,0.0,0.0,0.0,0.0,0.0,0.0,0.0,-0.0,-2.004,-0.0,-0.0,0.0,0.0,0.0,0.0,5557.0,-8608199680.0,6938.0,0.0,-0.0,-107615280.0,2.7184296605801213e+23,0.0,0.0,0.0,0.0,63,0.0,5.848064398257268e+35,0.0,0.0,0.0,0.0,0.0,0.0,0.0,0,0,0,0.0,0.0,0.0,0.0,0.0,0.0,0.0,0.0,0.0,0.0,0.0,0.0,0.0,0.0,0.0,0.0,0,-107875648.0,63,0.0,126,2.7184242562605685e+23,-0.0,ERR,ERR,ERR,ERR,ERR,ERR,ERR,ERR,ERR,ERR,ERR,ERR,ERR,ERR,ERR,ERR,ERR,ERR,ERR,ERR,ERR,ERR,ERR,ERR,ERR,ERR,ERR,ERR,ERR,ERR,ERR,ERR,ERR,ERR,ERR,ERR,ERR,ERR,ERR,ERR,ERR,ERR,ERR,ERR,ERR,ERR,ERR,ERR,ERR,ERR,ERR,ERR,ERR,ERR,ERR,ERR,ERR,ERR,ERR,ERR,ERR,ERR,ERR,ERR,ERR,ERR,ERR,34.0,80.0,35,0.0,0.0,0.0,0.0,0.0,0.0,0.0,0.0,0.0,0.0,0.0,0.0,0.0,0.0,0.0,0.0,64.4,0,116,56,49,65476,0,300,0,0,8,20529,65476,0,0,57672,80.0,0.0,0.0,0.0,0.0,0.0
2026-06-17T04:42:36,ERR,ERR,ERR,ERR,ERR,ERR,ERR,ERR,ERR,ERR,ERR,ERR,ERR,ERR,ERR,ERR,ERR,ERR,ERR,ERR,ERR,ERR,ERR,ERR,ERR,ERR,ERR,ERR,ERR,ERR,ERR,ERR,ERR,ERR,ERR,ERR,ERR,ERR,ERR,ERR,ERR,ERR,ERR,ERR,ERR,ERR,ERR,ERR,ERR,ERR,ERR,ERR,ERR,ERR,ERR,ERR,ERR,ERR,ERR,ERR,ERR,ERR,ERR,ERR,ERR,ERR,ERR,ERR,ERR,ERR,ERR,ERR,ERR,ERR,ERR,ERR,ERR,ERR,ERR,ERR,ERR,ERR,ERR,ERR,ERR,ERR,ERR,ERR,ERR,ERR,ERR,ERR,ERR,ERR,ERR,ERR,ERR,ERR,ERR,ERR,ERR,ERR,ERR,ERR,ERR,ERR,ERR,ERR,ERR,ERR,ERR,ERR,ERR,ERR,ERR,ERR,ERR,ERR,ERR,ERR,ERR,ERR,ERR,ERR,ERR,0.0,-0.0,-0.0,0.0,0.0,1.3936040501711995e+18,7.805,0.0,0,0,4,0,7300,-0.0,0,0.0,0.0,0.0,0.0,0.0,0,0,0,0,0.0,0,0,0,0,0,0,0,0,0,0,0,0,0,0,0,0,0,0,0,0,0,0,0,0,0,0,0,0,0,0,0,0,0,32,30,30,62,65476,0,300,0,0,8,21553,0.0,-107605600.0,0.0,0.0,0.0,0.0,0.0,0.0,0.0,0.0,0.0,0.0,0.0,0.0,0.0,0.0,0.0,0.0,0.0,0.0,0.0,0.0,-0.0,-2.004,-0.0,-0.0,0.0,0.0,0.0,0.0,5557.0,-8608199680.0,6938.0,0.0,-0.0,-107615280.0,2.7184296605801213e+23,0.0,0.0,0.0,0.0,63,0.0,5.848064398257268e+35,0.0,0.0,0.0,0.0,0.0,0.0,0.0,0,0,0,0.0,0.0,0.0,0.0,0.0,0.0,0.0,0.0,0.0,0.0,0.0,0.0,0.0,0.0,0.0,0.0,0,-107875648.0,63,0.0,126,2.7184242562605685e+23,-0.0,ERR,ERR,ERR,ERR,ERR,ERR,ERR,ERR,ERR,ERR,ERR,ERR,ERR,ERR,ERR,ERR,ERR,ERR,ERR,ERR,ERR,ERR,ERR,ERR,ERR,ERR,ERR,ERR,ERR,ERR,ERR,ERR,ERR,ERR,ERR,ERR,ERR,ERR,ERR,ERR,ERR,ERR,ERR,ERR,ERR,ERR,ERR,ERR,ERR,ERR,ERR,ERR,ERR,ERR,ERR,ERR,ERR,ERR,ERR,ERR,ERR,ERR,ERR,ERR,ERR,ERR,ERR,34.0,80.0,35,0.0,0.0,0.0,0.0,0.0,0.0,0.0,0.0,0.0,0.0,0.0,0.0,0.0,0.0,0.0,0.0,64.4,0,116,56,49,65476,0,300,0,0,8,20529,65476,0,0,57672,80.0,0.0,0.0,0.0,0.0,0.0
2026-06-17T04:42:37,ERR,ERR,ERR,ERR,ERR,ERR,ERR,ERR,ERR,ERR,ERR,ERR,ERR,ERR,ERR,ERR,ERR,ERR,ERR,ERR,ERR,ERR,ERR,ERR,ERR,ERR,ERR,ERR,ERR,ERR,ERR,ERR,ERR,ERR,ERR,ERR,ERR,ERR,ERR,ERR,ERR,ERR,ERR,ERR,ERR,ERR,ERR,ERR,ERR,ERR,ERR,ERR,ERR,ERR,ERR,ERR,ERR,ERR,ERR,ERR,ERR,ERR,ERR,ERR,ERR,ERR,ERR,ERR,ERR,ERR,ERR,ERR,ERR,ERR,ERR,ERR,ERR,ERR,ERR,ERR,ERR,ERR,ERR,ERR,ERR,ERR,ERR,ERR,ERR,ERR,ERR,ERR,ERR,ERR,ERR,ERR,ERR,ERR,ERR,ERR,ERR,ERR,ERR,ERR,ERR,ERR,ERR,ERR,ERR,ERR,ERR,ERR,ERR,ERR,ERR,ERR,ERR,ERR,ERR,ERR,ERR,ERR,ERR,ERR,ERR,0.0,-0.0,-0.0,0.0,0.0,1.3936040501711995e+18,7.805,0.0,0,0,4,0,7300,-0.0,0,0.0,0.0,0.0,0.0,0.0,0,0,0,0,0.0,0,0,0,0,0,0,0,0,0,0,0,0,0,0,0,0,0,0,0,0,0,0,0,0,0,0,0,0,0,0,0,0,0,32,30,30,62,65476,0,300,0,0,8,21553,0.0,-107605600.0,0.0,0.0,0.0,0.0,0.0,0.0,0.0,0.0,0.0,0.0,0.0,0.0,0.0,0.0,0.0,0.0,0.0,0.0,0.0,0.0,-0.0,-2.004,-0.0,-0.0,0.0,0.0,0.0,0.0,5557.0,-8608199680.0,6938.0,0.0,-0.0,-107615280.0,2.7184296605801213e+23,0.0,0.0,0.0,0.0,63,0.0,5.848064398257268e+35,0.0,0.0,0.0,0.0,0.0,0.0,0.0,0,0,0,0.0,0.0,0.0,0.0,0.0,0.0,0.0,0.0,0.0,0.0,0.0,0.0,0.0,0.0,0.0,0.0,0,-107875648.0,63,0.0,126,2.7184242562605685e+23,-0.0,ERR,ERR,ERR,ERR,ERR,ERR,ERR,ERR,ERR,ERR,ERR,ERR,ERR,ERR,ERR,ERR,ERR,ERR,ERR,ERR,ERR,ERR,ERR,ERR,ERR,ERR,ERR,ERR,ERR,ERR,ERR,ERR,ERR,ERR,ERR,ERR,ERR,ERR,ERR,ERR,ERR,ERR,ERR,ERR,ERR,ERR,ERR,ERR,ERR,ERR,ERR,ERR,ERR,ERR,ERR,ERR,ERR,ERR,ERR,ERR,ERR,ERR,ERR,ERR,ERR,ERR,ERR,34.0,80.0,35,0.0,0.0,0.0,0.0,0.0,0.0,0.0,0.0,0.0,0.0,0.0,0.0,0.0,0.0,0.0,0.0,64.4,0,116,56,49,65476,0,300,0,0,8,20529,65476,0,0,57672,80.0,0.0,0.0,0.0,0.0,0.0
2026-06-17T04:42:38,ERR,ERR,ERR,ERR,ERR,ERR,ERR,ERR,ERR,ERR,ERR,ERR,ERR,ERR,ERR,ERR,ERR,ERR,ERR,ERR,ERR,ERR,ERR,ERR,ERR,ERR,ERR,ERR,ERR,ERR,ERR,ERR,ERR,ERR,ERR,ERR,ERR,ERR,ERR,ERR,ERR,ERR,ERR,ERR,ERR,ERR,ERR,ERR,ERR,ERR,ERR,ERR,ERR,ERR,ERR,ERR,ERR,ERR,ERR,ERR,ERR,ERR,ERR,ERR,ERR,ERR,ERR,ERR,ERR,ERR,ERR,ERR,ERR,ERR,ERR,ERR,ERR,ERR,ERR,ERR,ERR,ERR,ERR,ERR,ERR,ERR,ERR,ERR,ERR,ERR,ERR,ERR,ERR,ERR,ERR,ERR,ERR,ERR,ERR,ERR,ERR,ERR,ERR,ERR,ERR,ERR,ERR,ERR,ERR,ERR,ERR,ERR,ERR,ERR,ERR,ERR,ERR,ERR,ERR,ERR,ERR,ERR,ERR,ERR,ERR,0.0,-0.0,3.028208139652935e+23,0.0,0.0,1.3936040501711995e+18,7.805,0.0,0,0,4,0,7300,-0.0,0,0.0,0.0,0.0,0.0,0.0,0,0,0,0,0.0,0,0,0,0,0,0,0,0,0,0,0,0,0,0,0,0,0,0,0,0,0,0,0,0,0,0,0,0,0,0,0,0,0,32,30,30,62,65476,0,300,0,0,8,21553,0.0,-107605600.0,0.0,0.0,0.0,0.0,0.0,0.0,0.0,0.0,0.0,0.0,0.0,0.0,0.0,0.0,0.0,0.0,0.0,0.0,0.0,0.0,-0.0,-2.004,-0.0,-0.0,0.0,0.0,0.0,0.0,5560.0,-1.5879325643234846e+29,6942.0,0.0,-0.0,-107615280.0,2.7184296605801213e+23,0.0,0.0,0.0,0.0,63,0.0,-0.0,0.0,0.0,0.0,0.0,0.0,0.0,0.0,0,0,0,0.0,0.0,0.0,0.0,0.0,0.0,0.0,0.0,0.0,0.0,0.0,0.0,0.0,0.0,0.0,0.0,0,-107875648.0,63,0.0,126,2.7184242562605685e+23,-0.0,ERR,ERR,ERR,ERR,ERR,ERR,ERR,ERR,ERR,ERR,ERR,ERR,ERR,ERR,ERR,ERR,ERR,ERR,ERR,ERR,ERR,ERR,ERR,ERR,ERR,ERR,ERR,ERR,ERR,ERR,ERR,ERR,ERR,ERR,ERR,ERR,ERR,ERR,ERR,ERR,ERR,ERR,ERR,ERR,ERR,ERR,ERR,ERR,ERR,ERR,ERR,ERR,ERR,ERR,ERR,ERR,ERR,ERR,ERR,ERR,ERR,ERR,ERR,ERR,ERR,ERR,ERR,34.0,80.0,35,0.0,0.0,0.0,0.0,0.0,0.0,0.0,0.0,0.0,0.0,0.0,0.0,0.0,0.0,0.0,0.0,64.4,0,116,56,49,65476,0,300,0,0,8,20529,65476,0,0,57672,80.0,0.0,0.0,0.0,0.0,0.0
2026-06-17T04:42:39,ERR,ERR,ERR,ERR,ERR,ERR,ERR,ERR,ERR,ERR,ERR,ERR,ERR,ERR,ERR,ERR,ERR,ERR,ERR,ERR,ERR,ERR,ERR,ERR,ERR,ERR,ERR,ERR,ERR,ERR,ERR,ERR,ERR,ERR,ERR,ERR,ERR,ERR,ERR,ERR,ERR,ERR,ERR,ERR,ERR,ERR,ERR,ERR,ERR,ERR,ERR,ERR,ERR,ERR,ERR,ERR,ERR,ERR,ERR,ERR,ERR,ERR,ERR,ERR,ERR,ERR,ERR,ERR,ERR,ERR,ERR,ERR,ERR,ERR,ERR,ERR,ERR,ERR,ERR,ERR,ERR,ERR,ERR,ERR,ERR,ERR,ERR,ERR,ERR,ERR,ERR,ERR,ERR,ERR,ERR,ERR,ERR,ERR,ERR,ERR,ERR,ERR,ERR,ERR,ERR,ERR,ERR,ERR,ERR,ERR,ERR,ERR,ERR,ERR,ERR,ERR,ERR,ERR,ERR,ERR,ERR,ERR,ERR,ERR,ERR,0.0,-0.0,3.028208139652935e+23,0.0,0.0,1.3936040501711995e+18,7.805,0.0,0,0,4,0,7300,-0.0,0,0.0,0.0,0.0,0.0,0.0,0,0,0,0,0.0,0,0,0,0,0,0,0,0,0,0,0,0,0,0,0,0,0,0,0,0,0,0,0,0,0,0,0,0,0,0,0,0,0,32,30,30,62,65476,0,300,0,0,8,21553,0.0,-107605600.0,0.0,0.0,0.0,0.0,0.0,0.0,0.0,0.0,0.0,0.0,0.0,0.0,0.0,0.0,0.0,0.0,0.0,0.0,0.0,0.0,-0.0,-2.004,-0.0,-0.0,0.0,0.0,0.0,0.0,5560.0,-1.5879325643234846e+29,6942.0,0.0,-0.0,-107615280.0,2.7184296605801213e+23,0.0,0.0,0.0,0.0,63,0.0,-0.0,0.0,0.0,0.0,0.0,0.0,0.0,0.0,0,0,0,0.0,0.0,0.0,0.0,0.0,0.0,0.0,0.0,0.0,0.0,0.0,0.0,0.0,0.0,0.0,0.0,0,-107875648.0,63,0.0,126,2.7184242562605685e+23,-0.0,ERR,ERR,ERR,ERR,ERR,ERR,ERR,ERR,ERR,ERR,ERR,ERR,ERR,ERR,ERR,ERR,ERR,ERR,ERR,ERR,ERR,ERR,ERR,ERR,ERR,ERR,ERR,ERR,ERR,ERR,ERR,ERR,ERR,ERR,ERR,ERR,ERR,ERR,ERR,ERR,ERR,ERR,ERR,ERR,ERR,ERR,ERR,ERR,ERR,ERR,ERR,ERR,ERR,ERR,ERR,ERR,ERR,ERR,ERR,ERR,ERR,ERR,ERR,ERR,ERR,ERR,ERR,34.0,80.0,35,0.0,0.0,0.0,0.0,0.0,0.0,0.0,0.0,0.0,0.0,0.0,0.0,0.0,0.0,0.0,0.0,64.4,0,116,56,49,65476,0,300,0,0,8,20529,65476,0,0,57672,80.0,0.0,0.0,0.0,0.0,0.0
2026-06-17T04:42:40,ERR,ERR,ERR,ERR,ERR,ERR,ERR,ERR,ERR,ERR,ERR,ERR,ERR,ERR,ERR,ERR,ERR,ERR,ERR,ERR,ERR,ERR,ERR,ERR,ERR,ERR,ERR,ERR,ERR,ERR,ERR,ERR,ERR,ERR,ERR,ERR,ERR,ERR,ERR,ERR,ERR,ERR,ERR,ERR,ERR,ERR,ERR,ERR,ERR,ERR,ERR,ERR,ERR,ERR,ERR,ERR,ERR,ERR,ERR,ERR,ERR,ERR,ERR,ERR,ERR,ERR,ERR,ERR,ERR,ERR,ERR,ERR,ERR,ERR,ERR,ERR,ERR,ERR,ERR,ERR,ERR,ERR,ERR,ERR,ERR,ERR,ERR,ERR,ERR,ERR,ERR,ERR,ERR,ERR,ERR,ERR,ERR,ERR,ERR,ERR,ERR,ERR,ERR,ERR,ERR,ERR,ERR,ERR,ERR,ERR,ERR,ERR,ERR,ERR,ERR,ERR,ERR,ERR,ERR,ERR,ERR,ERR,ERR,ERR,ERR,0.0,-0.0,3.028208139652935e+23,0.0,0.0,1.3936040501711995e+18,7.805,0.0,0,0,4,0,7300,-0.0,0,0.0,0.0,0.0,0.0,0.0,0,0,0,0,0.0,0,0,0,0,0,0,0,0,0,0,0,0,0,0,0,0,0,0,0,0,0,0,0,0,0,0,0,0,0,0,0,0,0,32,30,30,62,65476,0,300,0,0,8,21553,0.0,-107605600.0,0.0,0.0,0.0,0.0,0.0,0.0,0.0,0.0,0.0,0.0,0.0,0.0,0.0,0.0,0.0,0.0,0.0,0.0,0.0,0.0,-0.0,-2.004,-0.0,-0.0,0.0,0.0,0.0,0.0,5560.0,-1.5879325643234846e+29,6942.0,0.0,-0.0,-107615280.0,2.7184296605801213e+23,0.0,0.0,0.0,0.0,63,0.0,-0.0,0.0,0.0,0.0,0.0,0.0,0.0,0.0,0,0,0,0.0,0.0,0.0,0.0,0.0,0.0,0.0,0.0,0.0,0.0,0.0,0.0,0.0,0.0,0.0,0.0,0,-107875648.0,63,0.0,126,2.7184242562605685e+23,-0.0,ERR,ERR,ERR,ERR,ERR,ERR,ERR,ERR,ERR,ERR,ERR,ERR,ERR,ERR,ERR,ERR,ERR,ERR,ERR,ERR,ERR,ERR,ERR,ERR,ERR,ERR,ERR,ERR,ERR,ERR,ERR,ERR,ERR,ERR,ERR,ERR,ERR,ERR,ERR,ERR,ERR,ERR,ERR,ERR,ERR,ERR,ERR,ERR,ERR,ERR,ERR,ERR,ERR,ERR,ERR,ERR,ERR,ERR,ERR,ERR,ERR,ERR,ERR,ERR,ERR,ERR,ERR,34.0,80.0,35,0.0,0.0,0.0,0.0,0.0,0.0,0.0,0.0,0.0,0.0,0.0,0.0,0.0,0.0,0.0,0.0,64.4,0,116,56,49,65476,0,300,0,0,8,20529,65476,0,0,57672,80.0,0.0,0.0,0.0,0.0,0.0
2026-06-17T04:42:41,ERR,ERR,ERR,ERR,ERR,ERR,ERR,ERR,ERR,ERR,ERR,ERR,ERR,ERR,ERR,ERR,ERR,ERR,ERR,ERR,ERR,ERR,ERR,ERR,ERR,ERR,ERR,ERR,ERR,ERR,ERR,ERR,ERR,ERR,ERR,ERR,ERR,ERR,ERR,ERR,ERR,ERR,ERR,ERR,ERR,ERR,ERR,ERR,ERR,ERR,ERR,ERR,ERR,ERR,ERR,ERR,ERR,ERR,ERR,ERR,ERR,ERR,ERR,ERR,ERR,ERR,ERR,ERR,ERR,ERR,ERR,ERR,ERR,ERR,ERR,ERR,ERR,ERR,ERR,ERR,ERR,ERR,ERR,ERR,ERR,ERR,ERR,ERR,ERR,ERR,ERR,ERR,ERR,ERR,ERR,ERR,ERR,ERR,ERR,ERR,ERR,ERR,ERR,ERR,ERR,ERR,ERR,ERR,ERR,ERR,ERR,ERR,ERR,ERR,ERR,ERR,ERR,ERR,ERR,ERR,ERR,ERR,ERR,ERR,ERR,0.0,-0.0,3.028208139652935e+23,0.0,0.0,1.3936040501711995e+18,7.805,0.0,0,0,4,0,7300,-0.0,0,0.0,0.0,0.0,0.0,0.0,0,0,0,0,0.0,0,0,0,0,0,0,0,0,0,0,0,0,0,0,0,0,0,0,0,0,0,0,0,0,0,0,0,0,0,0,0,0,0,32,30,30,62,65476,0,300,0,0,8,21553,0.0,-107605600.0,0.0,0.0,0.0,0.0,0.0,0.0,0.0,0.0,0.0,0.0,0.0,0.0,0.0,0.0,0.0,0.0,0.0,0.0,0.0,0.0,-0.0,-2.004,-0.0,-0.0,0.0,0.0,0.0,0.0,5560.0,-1.5879325643234846e+29,6942.0,0.0,-0.0,-107615280.0,2.7184296605801213e+23,0.0,0.0,0.0,0.0,63,0.0,-0.0,0.0,0.0,0.0,0.0,0.0,0.0,0.0,0,0,0,0.0,0.0,0.0,0.0,0.0,0.0,0.0,0.0,0.0,0.0,0.0,0.0,0.0,0.0,0.0,0.0,0,-107875648.0,63,0.0,126,2.7184242562605685e+23,-0.0,ERR,ERR,ERR,ERR,ERR,ERR,ERR,ERR,ERR,ERR,ERR,ERR,ERR,ERR,ERR,ERR,ERR,ERR,ERR,ERR,ERR,ERR,ERR,ERR,ERR,ERR,ERR,ERR,ERR,ERR,ERR,ERR,ERR,ERR,ERR,ERR,ERR,ERR,ERR,ERR,ERR,ERR,ERR,ERR,ERR,ERR,ERR,ERR,ERR,ERR,ERR,ERR,ERR,ERR,ERR,ERR,ERR,ERR,ERR,ERR,ERR,ERR,ERR,ERR,ERR,ERR,ERR,34.0,80.0,35,0.0,0.0,0.0,0.0,0.0,0.0,0.0,0.0,0.0,0.0,0.0,0.0,0.0,0.0,0.0,0.0,64.4,0,116,56,49,65476,0,300,0,0,8,20529,65476,0,0,57672,80.0,0.0,0.0,0.0,0.0,0.0
2026-06-17T04:42:42,ERR,ERR,ERR,ERR,ERR,ERR,ERR,ERR,ERR,ERR,ERR,ERR,ERR,ERR,ERR,ERR,ERR,ERR,ERR,ERR,ERR,ERR,ERR,ERR,ERR,ERR,ERR,ERR,ERR,ERR,ERR,ERR,ERR,ERR,ERR,ERR,ERR,ERR,ERR,ERR,ERR,ERR,ERR,ERR,ERR,ERR,ERR,ERR,ERR,ERR,ERR,ERR,ERR,ERR,ERR,ERR,ERR,ERR,ERR,ERR,ERR,ERR,ERR,ERR,ERR,ERR,ERR,ERR,ERR,ERR,ERR,ERR,ERR,ERR,ERR,ERR,ERR,ERR,ERR,ERR,ERR,ERR,ERR,ERR,ERR,ERR,ERR,ERR,ERR,ERR,ERR,ERR,ERR,ERR,ERR,ERR,ERR,ERR,ERR,ERR,ERR,ERR,ERR,ERR,ERR,ERR,ERR,ERR,ERR,ERR,ERR,ERR,ERR,ERR,ERR,ERR,ERR,ERR,ERR,ERR,ERR,ERR,ERR,ERR,ERR,0.0,-0.0,3.028208139652935e+23,0.0,0.0,1.3936040501711995e+18,7.805,0.0,0,0,4,0,7300,-0.0,0,0.0,0.0,0.0,0.0,0.0,0,0,0,0,0.0,0,0,0,0,0,0,0,0,0,0,0,0,0,0,0,0,0,0,0,0,0,0,0,0,0,0,0,0,0,0,0,0,0,32,30,30,62,65476,0,300,0,0,8,21553,0.0,-107605600.0,0.0,0.0,0.0,0.0,0.0,0.0,0.0,0.0,0.0,0.0,0.0,0.0,0.0,0.0,0.0,0.0,0.0,0.0,0.0,0.0,-0.0,-2.004,-0.0,-0.0,0.0,0.0,0.0,0.0,5560.0,-1.5879325643234846e+29,6942.0,0.0,-0.0,-107615280.0,2.7184296605801213e+23,0.0,0.0,0.0,0.0,63,0.0,-0.0,0.0,0.0,0.0,0.0,0.0,0.0,0.0,0,0,0,0.0,0.0,0.0,0.0,0.0,0.0,0.0,0.0,0.0,0.0,0.0,0.0,0.0,0.0,0.0,0.0,0,-107875648.0,63,0.0,126,2.7184242562605685e+23,-0.0,ERR,ERR,ERR,ERR,ERR,ERR,ERR,ERR,ERR,ERR,ERR,ERR,ERR,ERR,ERR,ERR,ERR,ERR,ERR,ERR,ERR,ERR,ERR,ERR,ERR,ERR,ERR,ERR,ERR,ERR,ERR,ERR,ERR,ERR,ERR,ERR,ERR,ERR,ERR,ERR,ERR,ERR,ERR,ERR,ERR,ERR,ERR,ERR,ERR,ERR,ERR,ERR,ERR,ERR,ERR,ERR,ERR,ERR,ERR,ERR,ERR,ERR,ERR,ERR,ERR,ERR,ERR,34.0,80.0,35,0.0,0.0,0.0,0.0,0.0,0.0,0.0,0.0,0.0,0.0,0.0,0.0,0.0,0.0,0.0,0.0,64.4,0,116,56,49,65476,0,300,0,0,8,20529,65476,0,0,57672,80.0,0.0,0.0,0.0,0.0,0.0
2026-06-17T04:42:43,ERR,ERR,ERR,ERR,ERR,ERR,ERR,ERR,ERR,ERR,ERR,ERR,ERR,ERR,ERR,ERR,ERR,ERR,ERR,ERR,ERR,ERR,ERR,ERR,ERR,ERR,ERR,ERR,ERR,ERR,ERR,ERR,ERR,ERR,ERR,ERR,ERR,ERR,ERR,ERR,ERR,ERR,ERR,ERR,ERR,ERR,ERR,ERR,ERR,ERR,ERR,ERR,ERR,ERR,ERR,ERR,ERR,ERR,ERR,ERR,ERR,ERR,ERR,ERR,ERR,ERR,ERR,ERR,ERR,ERR,ERR,ERR,ERR,ERR,ERR,ERR,ERR,ERR,ERR,ERR,ERR,ERR,ERR,ERR,ERR,ERR,ERR,ERR,ERR,ERR,ERR,ERR,ERR,ERR,ERR,ERR,ERR,ERR,ERR,ERR,ERR,ERR,ERR,ERR,ERR,ERR,ERR,ERR,ERR,ERR,ERR,ERR,ERR,ERR,ERR,ERR,ERR,ERR,ERR,ERR,ERR,ERR,ERR,ERR,ERR,0.0,-0.0,3.028208139652935e+23,0.0,0.0,1.3936040501711995e+18,7.805,0.0,0,0,4,0,7300,-0.0,0,0.0,0.0,0.0,0.0,0.0,0,0,0,0,0.0,0,0,0,0,0,0,0,0,0,0,0,0,0,0,0,0,0,0,0,0,0,0,0,0,0,0,0,0,0,0,0,0,0,32,30,30,62,65476,0,300,0,0,8,21553,0.0,-107605600.0,0.0,0.0,0.0,0.0,0.0,0.0,0.0,0.0,0.0,0.0,0.0,0.0,0.0,0.0,0.0,0.0,0.0,0.0,0.0,0.0,-0.0,-2.004,-0.0,-0.0,0.0,0.0,0.0,0.0,5560.0,-1.5879325643234846e+29,6942.0,0.0,-0.0,-107615280.0,2.7184296605801213e+23,0.0,0.0,0.0,0.0,63,0.0,-0.0,0.0,0.0,0.0,0.0,0.0,0.0,0.0,0,0,0,0.0,0.0,0.0,0.0,0.0,0.0,0.0,0.0,0.0,0.0,0.0,0.0,0.0,0.0,0.0,0.0,0,-107875648.0,63,0.0,126,2.7184242562605685e+23,-0.0,ERR,ERR,ERR,ERR,ERR,ERR,ERR,ERR,ERR,ERR,ERR,ERR,ERR,ERR,ERR,ERR,ERR,ERR,ERR,ERR,ERR,ERR,ERR,ERR,ERR,ERR,ERR,ERR,ERR,ERR,ERR,ERR,ERR,ERR,ERR,ERR,ERR,ERR,ERR,ERR,ERR,ERR,ERR,ERR,ERR,ERR,ERR,ERR,ERR,ERR,ERR,ERR,ERR,ERR,ERR,ERR,ERR,ERR,ERR,ERR,ERR,ERR,ERR,ERR,ERR,ERR,ERR,34.0,80.0,35,0.0,0.0,0.0,0.0,0.0,0.0,0.0,0.0,0.0,0.0,0.0,0.0,0.0,0.0,0.0,0.0,64.4,0,116,56,49,65476,0,300,0,0,8,20529,65476,0,0,57672,80.0,0.0,0.0,0.0,0.0,0.0
2026-06-17T04:42:44,ERR,ERR,ERR,ERR,ERR,ERR,ERR,ERR,ERR,ERR,ERR,ERR,ERR,ERR,ERR,ERR,ERR,ERR,ERR,ERR,ERR,ERR,ERR,ERR,ERR,ERR,ERR,ERR,ERR,ERR,ERR,ERR,ERR,ERR,ERR,ERR,ERR,ERR,ERR,ERR,ERR,ERR,ERR,ERR,ERR,ERR,ERR,ERR,ERR,ERR,ERR,ERR,ERR,ERR,ERR,ERR,ERR,ERR,ERR,ERR,ERR,ERR,ERR,ERR,ERR,ERR,ERR,ERR,ERR,ERR,ERR,ERR,ERR,ERR,ERR,ERR,ERR,ERR,ERR,ERR,ERR,ERR,ERR,ERR,ERR,ERR,ERR,ERR,ERR,ERR,ERR,ERR,ERR,ERR,ERR,ERR,ERR,ERR,ERR,ERR,ERR,ERR,ERR,ERR,ERR,ERR,ERR,ERR,ERR,ERR,ERR,ERR,ERR,ERR,ERR,ERR,ERR,ERR,ERR,ERR,ERR,ERR,ERR,ERR,ERR,0.0,-0.0,3.028208139652935e+23,0.0,0.0,1.3936040501711995e+18,7.805,0.0,0,0,4,0,7300,-0.0,0,0.0,0.0,0.0,0.0,0.0,0,0,0,0,0.0,0,0,0,0,0,0,0,0,0,0,0,0,0,0,0,0,0,0,0,0,0,0,0,0,0,0,0,0,0,0,0,0,0,32,30,30,62,65476,0,300,0,0,8,21553,0.0,-107605600.0,0.0,0.0,0.0,0.0,0.0,0.0,0.0,0.0,0.0,0.0,0.0,0.0,0.0,0.0,0.0,0.0,0.0,0.0,0.0,0.0,2.004,-2.004,-0.0,-0.0,0.0,0.0,0.0,0.0,5555.0,-0.0,6934.0,0.0,-0.0,-107615280.0,2.7184296605801213e+23,0.0,0.0,0.0,0.0,63,-5.8480814323122084e+35,126840717312.0,0.0,0.0,0.0,0.0,0.0,0.0,0.0,0,0,0,0.0,0.0,0.0,0.0,0.0,0.0,0.0,0.0,0.0,0.0,0.0,0.0,0.0,0.0,0.0,0.0,0,-107875648.0,63,0.0,126,2.7184242562605685e+23,-0.0,ERR,ERR,ERR,ERR,ERR,ERR,ERR,ERR,ERR,ERR,ERR,ERR,ERR,ERR,ERR,ERR,ERR,ERR,ERR,ERR,ERR,ERR,ERR,ERR,ERR,ERR,ERR,ERR,ERR,ERR,ERR,ERR,ERR,ERR,ERR,ERR,ERR,ERR,ERR,ERR,ERR,ERR,ERR,ERR,ERR,ERR,ERR,ERR,ERR,ERR,ERR,ERR,ERR,ERR,ERR,ERR,ERR,ERR,ERR,ERR,ERR,ERR,ERR,ERR,ERR,ERR,ERR,34.0,80.0,35,0.0,0.0,0.0,0.0,0.0,0.0,0.0,0.0,0.0,0.0,0.0,0.0,0.0,0.0,0.0,0.0,64.4,0,116,56,49,65476,0,300,0,0,8,20529,65476,0,0,57672,80.0,0.0,0.0,0.0,0.0,0.0
2026-06-17T04:42:45,ERR,ERR,ERR,ERR,ERR,ERR,ERR,ERR,ERR,ERR,ERR,ERR,ERR,ERR,ERR,ERR,ERR,ERR,ERR,ERR,ERR,ERR,ERR,ERR,ERR,ERR,ERR,ERR,ERR,ERR,ERR,ERR,ERR,ERR,ERR,ERR,ERR,ERR,ERR,ERR,ERR,ERR,ERR,ERR,ERR,ERR,ERR,ERR,ERR,ERR,ERR,ERR,ERR,ERR,ERR,ERR,ERR,ERR,ERR,ERR,ERR,ERR,ERR,ERR,ERR,ERR,ERR,ERR,ERR,ERR,ERR,ERR,ERR,ERR,ERR,ERR,ERR,ERR,ERR,ERR,ERR,ERR,ERR,ERR,ERR,ERR,ERR,ERR,ERR,ERR,ERR,ERR,ERR,ERR,ERR,ERR,ERR,ERR,ERR,ERR,ERR,ERR,ERR,ERR,ERR,ERR,ERR,ERR,ERR,ERR,ERR,ERR,ERR,ERR,ERR,ERR,ERR,ERR,ERR,ERR,ERR,ERR,ERR,ERR,ERR,0.0,-0.0,3.028208139652935e+23,0.0,0.0,1.3936040501711995e+18,7.805,0.0,0,0,4,0,7300,-0.0,0,0.0,0.0,0.0,0.0,0.0,0,0,0,0,0.0,0,0,0,0,0,0,0,0,0,0,0,0,0,0,0,0,0,0,0,0,0,0,0,0,0,0,0,0,0,0,0,0,0,32,30,30,62,65476,0,300,0,0,8,21553,0.0,-107605600.0,0.0,0.0,0.0,0.0,0.0,0.0,0.0,0.0,0.0,0.0,0.0,0.0,0.0,0.0,0.0,0.0,0.0,0.0,0.0,0.0,2.004,-2.004,-0.0,-0.0,0.0,0.0,0.0,0.0,5555.0,-0.0,6934.0,0.0,-0.0,-107615280.0,2.7184296605801213e+23,0.0,0.0,0.0,0.0,63,-5.8480814323122084e+35,126840717312.0,0.0,0.0,0.0,0.0,0.0,0.0,0.0,0,0,0,0.0,0.0,0.0,0.0,0.0,0.0,0.0,0.0,0.0,0.0,0.0,0.0,0.0,0.0,0.0,0.0,0,-107875648.0,63,0.0,126,2.7184242562605685e+23,-0.0,ERR,ERR,ERR,ERR,ERR,ERR,ERR,ERR,ERR,ERR,ERR,ERR,ERR,ERR,ERR,ERR,ERR,ERR,ERR,ERR,ERR,ERR,ERR,ERR,ERR,ERR,ERR,ERR,ERR,ERR,ERR,ERR,ERR,ERR,ERR,ERR,ERR,ERR,ERR,ERR,ERR,ERR,ERR,ERR,ERR,ERR,ERR,ERR,ERR,ERR,ERR,ERR,ERR,ERR,ERR,ERR,ERR,ERR,ERR,ERR,ERR,ERR,ERR,ERR,ERR,ERR,ERR,34.0,80.0,35,0.0,0.0,0.0,0.0,0.0,0.0,0.0,0.0,0.0,0.0,0.0,0.0,0.0,0.0,0.0,0.0,64.4,0,116,56,49,65476,0,300,0,0,8,20529,65476,0,0,57672,80.0,0.0,0.0,0.0,0.0,0.0
2026-06-17T04:42:46,ERR,ERR,ERR,ERR,ERR,ERR,ERR,ERR,ERR,ERR,ERR,ERR,ERR,ERR,ERR,ERR,ERR,ERR,ERR,ERR,ERR,ERR,ERR,ERR,ERR,ERR,ERR,ERR,ERR,ERR,ERR,ERR,ERR,ERR,ERR,ERR,ERR,ERR,ERR,ERR,ERR,ERR,ERR,ERR,ERR,ERR,ERR,ERR,ERR,ERR,ERR,ERR,ERR,ERR,ERR,ERR,ERR,ERR,ERR,ERR,ERR,ERR,ERR,ERR,ERR,ERR,ERR,ERR,ERR,ERR,ERR,ERR,ERR,ERR,ERR,ERR,ERR,ERR,ERR,ERR,ERR,ERR,ERR,ERR,ERR,ERR,ERR,ERR,ERR,ERR,ERR,ERR,ERR,ERR,ERR,ERR,ERR,ERR,ERR,ERR,ERR,ERR,ERR,ERR,ERR,ERR,ERR,ERR,ERR,ERR,ERR,ERR,ERR,ERR,ERR,ERR,ERR,ERR,ERR,ERR,ERR,ERR,ERR,ERR,ERR,0.0,-0.0,3.028208139652935e+23,0.0,0.0,1.3936040501711995e+18,7.805,0.0,0,0,4,0,7300,-0.0,0,0.0,0.0,0.0,0.0,0.0,0,0,0,0,0.0,0,0,0,0,0,0,0,0,0,0,0,0,0,0,0,0,0,0,0,0,0,0,0,0,0,0,0,0,0,0,0,0,0,32,30,30,62,65476,0,300,0,0,8,21553,0.0,-107605600.0,0.0,0.0,0.0,0.0,0.0,0.0,0.0,0.0,0.0,0.0,0.0,0.0,0.0,0.0,0.0,0.0,0.0,0.0,0.0,0.0,2.004,-2.004,-0.0,-0.0,0.0,0.0,0.0,0.0,5555.0,-0.0,6934.0,0.0,-0.0,-107615280.0,2.7184296605801213e+23,0.0,0.0,0.0,0.0,63,-5.8480814323122084e+35,126840717312.0,0.0,0.0,0.0,0.0,0.0,0.0,0.0,0,0,0,0.0,0.0,0.0,0.0,0.0,0.0,0.0,0.0,0.0,0.0,0.0,0.0,0.0,0.0,0.0,0.0,0,-107875648.0,63,0.0,126,2.7184242562605685e+23,-0.0,ERR,ERR,ERR,ERR,ERR,ERR,ERR,ERR,ERR,ERR,ERR,ERR,ERR,ERR,ERR,ERR,ERR,ERR,ERR,ERR,ERR,ERR,ERR,ERR,ERR,ERR,ERR,ERR,ERR,ERR,ERR,ERR,ERR,ERR,ERR,ERR,ERR,ERR,ERR,ERR,ERR,ERR,ERR,ERR,ERR,ERR,ERR,ERR,ERR,ERR,ERR,ERR,ERR,ERR,ERR,ERR,ERR,ERR,ERR,ERR,ERR,ERR,ERR,ERR,ERR,ERR,ERR,34.0,80.0,35,0.0,0.0,0.0,0.0,0.0,0.0,0.0,0.0,0.0,0.0,0.0,0.0,0.0,0.0,0.0,0.0,64.4,0,116,56,49,65476,0,300,0,0,8,20529,65476,0,0,57672,80.0,0.0,0.0,0.0,0.0,0.0
2026-06-17T04:42:47,ERR,ERR,ERR,ERR,ERR,ERR,ERR,ERR,ERR,ERR,ERR,ERR,ERR,ERR,ERR,ERR,ERR,ERR,ERR,ERR,ERR,ERR,ERR,ERR,ERR,ERR,ERR,ERR,ERR,ERR,ERR,ERR,ERR,ERR,ERR,ERR,ERR,ERR,ERR,ERR,ERR,ERR,ERR,ERR,ERR,ERR,ERR,ERR,ERR,ERR,ERR,ERR,ERR,ERR,ERR,ERR,ERR,ERR,ERR,ERR,ERR,ERR,ERR,ERR,ERR,ERR,ERR,ERR,ERR,ERR,ERR,ERR,ERR,ERR,ERR,ERR,ERR,ERR,ERR,ERR,ERR,ERR,ERR,ERR,ERR,ERR,ERR,ERR,ERR,ERR,ERR,ERR,ERR,ERR,ERR,ERR,ERR,ERR,ERR,ERR,ERR,ERR,ERR,ERR,ERR,ERR,ERR,ERR,ERR,ERR,ERR,ERR,ERR,ERR,ERR,ERR,ERR,ERR,ERR,ERR,ERR,ERR,ERR,ERR,ERR,0.0,-0.0,3.028208139652935e+23,0.0,0.0,1.3936040501711995e+18,7.805,0.0,0,0,4,0,7300,-0.0,0,0.0,0.0,0.0,0.0,0.0,0,0,0,0,0.0,0,0,0,0,0,0,0,0,0,0,0,0,0,0,0,0,0,0,0,0,0,0,0,0,0,0,0,0,0,0,0,0,0,32,30,30,62,65476,0,300,0,0,8,21553,0.0,-107605600.0,0.0,0.0,0.0,0.0,0.0,0.0,0.0,0.0,0.0,0.0,0.0,0.0,0.0,0.0,0.0,0.0,0.0,0.0,0.0,0.0,2.004,-2.004,-0.0,-0.0,0.0,0.0,0.0,0.0,5555.0,-0.0,6934.0,0.0,-0.0,-107615280.0,2.7184296605801213e+23,0.0,0.0,0.0,0.0,63,-5.8480814323122084e+35,126840717312.0,0.0,0.0,0.0,0.0,0.0,0.0,0.0,0,0,0,0.0,0.0,0.0,0.0,0.0,0.0,0.0,0.0,0.0,0.0,0.0,0.0,0.0,0.0,0.0,0.0,0,-107875648.0,63,0.0,126,2.7184242562605685e+23,-0.0,ERR,ERR,ERR,ERR,ERR,ERR,ERR,ERR,ERR,ERR,ERR,ERR,ERR,ERR,ERR,ERR,ERR,ERR,ERR,ERR,ERR,ERR,ERR,ERR,ERR,ERR,ERR,ERR,ERR,ERR,ERR,ERR,ERR,ERR,ERR,ERR,ERR,ERR,ERR,ERR,ERR,ERR,ERR,ERR,ERR,ERR,ERR,ERR,ERR,ERR,ERR,ERR,ERR,ERR,ERR,ERR,ERR,ERR,ERR,ERR,ERR,ERR,ERR,ERR,ERR,ERR,ERR,34.0,80.0,35,0.0,0.0,0.0,0.0,0.0,0.0,0.0,0.0,0.0,0.0,0.0,0.0,0.0,0.0,0.0,0.0,64.4,0,116,56,49,65476,0,300,0,0,8,20529,65476,0,0,57672,80.0,0.0,0.0,0.0,0.0,0.0
2026-06-17T04:42:48,ERR,ERR,ERR,ERR,ERR,ERR,ERR,ERR,ERR,ERR,ERR,ERR,ERR,ERR,ERR,ERR,ERR,ERR,ERR,ERR,ERR,ERR,ERR,ERR,ERR,ERR,ERR,ERR,ERR,ERR,ERR,ERR,ERR,ERR,ERR,ERR,ERR,ERR,ERR,ERR,ERR,ERR,ERR,ERR,ERR,ERR,ERR,ERR,ERR,ERR,ERR,ERR,ERR,ERR,ERR,ERR,ERR,ERR,ERR,ERR,ERR,ERR,ERR,ERR,ERR,ERR,ERR,ERR,ERR,ERR,ERR,ERR,ERR,ERR,ERR,ERR,ERR,ERR,ERR,ERR,ERR,ERR,ERR,ERR,ERR,ERR,ERR,ERR,ERR,ERR,ERR,ERR,ERR,ERR,ERR,ERR,ERR,ERR,ERR,ERR,ERR,ERR,ERR,ERR,ERR,ERR,ERR,ERR,ERR,ERR,ERR,ERR,ERR,ERR,ERR,ERR,ERR,ERR,ERR,ERR,ERR,ERR,ERR,ERR,ERR,0.0,-0.0,3.028208139652935e+23,0.0,0.0,1.3936040501711995e+18,7.805,0.0,0,0,4,0,7300,-0.0,0,0.0,0.0,0.0,0.0,0.0,0,0,0,0,0.0,0,0,0,0,0,0,0,0,0,0,0,0,0,0,0,0,0,0,0,0,0,0,0,0,0,0,0,0,0,0,0,0,0,32,30,30,62,65476,0,300,0,0,8,21553,0.0,-107605600.0,0.0,0.0,0.0,0.0,0.0,0.0,0.0,0.0,0.0,0.0,0.0,0.0,0.0,0.0,0.0,0.0,0.0,0.0,0.0,0.0,2.004,-2.004,-0.0,-0.0,0.0,0.0,0.0,0.0,5555.0,-0.0,6934.0,0.0,-0.0,-107615280.0,2.7184296605801213e+23,0.0,0.0,0.0,0.0,63,-5.8480814323122084e+35,126840717312.0,0.0,0.0,0.0,0.0,0.0,0.0,0.0,0,0,0,0.0,0.0,0.0,0.0,0.0,0.0,0.0,0.0,0.0,0.0,0.0,0.0,0.0,0.0,0.0,0.0,0,-107875648.0,63,0.0,126,2.7184242562605685e+23,-0.0,ERR,ERR,ERR,ERR,ERR,ERR,ERR,ERR,ERR,ERR,ERR,ERR,ERR,ERR,ERR,ERR,ERR,ERR,ERR,ERR,ERR,ERR,ERR,ERR,ERR,ERR,ERR,ERR,ERR,ERR,ERR,ERR,ERR,ERR,ERR,ERR,ERR,ERR,ERR,ERR,ERR,ERR,ERR,ERR,ERR,ERR,ERR,ERR,ERR,ERR,ERR,ERR,ERR,ERR,ERR,ERR,ERR,ERR,ERR,ERR,ERR,ERR,ERR,ERR,ERR,ERR,ERR,34.0,80.0,35,0.0,0.0,0.0,0.0,0.0,0.0,0.0,0.0,0.0,0.0,0.0,0.0,0.0,0.0,0.0,0.0,64.4,0,116,56,49,65476,0,300,0,0,8,20529,65476,0,0,57672,80.0,0.0,0.0,0.0,0.0,0.0
2026-06-17T04:42:49,ERR,ERR,ERR,ERR,ERR,ERR,ERR,ERR,ERR,ERR,ERR,ERR,ERR,ERR,ERR,ERR,ERR,ERR,ERR,ERR,ERR,ERR,ERR,ERR,ERR,ERR,ERR,ERR,ERR,ERR,ERR,ERR,ERR,ERR,ERR,ERR,ERR,ERR,ERR,ERR,ERR,ERR,ERR,ERR,ERR,ERR,ERR,ERR,ERR,ERR,ERR,ERR,ERR,ERR,ERR,ERR,ERR,ERR,ERR,ERR,ERR,ERR,ERR,ERR,ERR,ERR,ERR,ERR,ERR,ERR,ERR,ERR,ERR,ERR,ERR,ERR,ERR,ERR,ERR,ERR,ERR,ERR,ERR,ERR,ERR,ERR,ERR,ERR,ERR,ERR,ERR,ERR,ERR,ERR,ERR,ERR,ERR,ERR,ERR,ERR,ERR,ERR,ERR,ERR,ERR,ERR,ERR,ERR,ERR,ERR,ERR,ERR,ERR,ERR,ERR,ERR,ERR,ERR,ERR,ERR,ERR,ERR,ERR,ERR,ERR,0.0,-0.0,3.028208139652935e+23,0.0,0.0,1.3936040501711995e+18,7.805,0.0,0,0,4,0,7300,-0.0,0,0.0,0.0,0.0,0.0,0.0,0,0,0,0,0.0,0,0,0,0,0,0,0,0,0,0,0,0,0,0,0,0,0,0,0,0,0,0,0,0,0,0,0,0,0,0,0,0,0,32,30,30,62,65476,0,300,0,0,8,21553,0.0,-107605600.0,0.0,0.0,0.0,0.0,0.0,0.0,0.0,0.0,0.0,0.0,0.0,0.0,0.0,0.0,0.0,0.0,0.0,0.0,0.0,0.0,2.004,-2.004,-0.0,-0.0,0.0,0.0,0.0,0.0,5560.0,-0.0,6934.0,0.0,-0.0,-0.0,2.7184296605801213e+23,0.0,0.0,0.0,0.0,63,0.0,126840717312.0,0.0,0.0,0.0,0.0,0.0,0.0,0.0,0,0,0,0.0,0.0,0.0,0.0,0.0,0.0,0.0,0.0,0.0,0.0,0.0,0.0,0.0,0.0,0.0,0.0,0,-107875648.0,63,0.0,126,2.7184242562605685e+23,-0.0,ERR,ERR,ERR,ERR,ERR,ERR,ERR,ERR,ERR,ERR,ERR,ERR,ERR,ERR,ERR,ERR,ERR,ERR,ERR,ERR,ERR,ERR,ERR,ERR,ERR,ERR,ERR,ERR,ERR,ERR,ERR,ERR,ERR,ERR,ERR,ERR,ERR,ERR,ERR,ERR,ERR,ERR,ERR,ERR,ERR,ERR,ERR,ERR,ERR,ERR,ERR,ERR,ERR,ERR,ERR,ERR,ERR,ERR,ERR,ERR,ERR,ERR,ERR,ERR,ERR,ERR,ERR,34.0,80.0,35,0.0,0.0,0.0,0.0,0.0,0.0,0.0,0.0,0.0,0.0,0.0,0.0,0.0,0.0,0.0,0.0,64.4,0,116,56,49,65476,0,300,0,0,8,20529,65476,0,0,57672,80.0,0.0,0.0,0.0,0.0,0.0
2026-06-17T04:42:50,ERR,ERR,ERR,ERR,ERR,ERR,ERR,ERR,ERR,ERR,ERR,ERR,ERR,ERR,ERR,ERR,ERR,ERR,ERR,ERR,ERR,ERR,ERR,ERR,ERR,ERR,ERR,ERR,ERR,ERR,ERR,ERR,ERR,ERR,ERR,ERR,ERR,ERR,ERR,ERR,ERR,ERR,ERR,ERR,ERR,ERR,ERR,ERR,ERR,ERR,ERR,ERR,ERR,ERR,ERR,ERR,ERR,ERR,ERR,ERR,ERR,ERR,ERR,ERR,ERR,ERR,ERR,ERR,ERR,ERR,ERR,ERR,ERR,ERR,ERR,ERR,ERR,ERR,ERR,ERR,ERR,ERR,ERR,ERR,ERR,ERR,ERR,ERR,ERR,ERR,ERR,ERR,ERR,ERR,ERR,ERR,ERR,ERR,ERR,ERR,ERR,ERR,ERR,ERR,ERR,ERR,ERR,ERR,ERR,ERR,ERR,ERR,ERR,ERR,ERR,ERR,ERR,ERR,ERR,ERR,ERR,ERR,ERR,ERR,ERR,0.0,-0.0,3.028208139652935e+23,0.0,0.0,1.3936040501711995e+18,7.805,0.0,0,0,4,0,7300,-0.0,0,0.0,0.0,0.0,0.0,0.0,0,0,0,0,0.0,0,0,0,0,0,0,0,0,0,0,0,0,0,0,0,0,0,0,0,0,0,0,0,0,0,0,0,0,0,0,0,0,0,32,30,30,62,65476,0,300,0,0,8,21553,0.0,-107605600.0,0.0,0.0,0.0,0.0,0.0,0.0,0.0,0.0,0.0,0.0,0.0,0.0,0.0,0.0,0.0,0.0,0.0,0.0,0.0,0.0,2.004,-2.004,-0.0,-0.0,0.0,0.0,0.0,0.0,5560.0,-0.0,6934.0,0.0,-0.0,-0.0,2.7184296605801213e+23,0.0,0.0,0.0,0.0,63,0.0,126840717312.0,0.0,0.0,0.0,0.0,0.0,0.0,0.0,0,0,0,0.0,0.0,0.0,0.0,0.0,0.0,0.0,0.0,0.0,0.0,0.0,0.0,0.0,0.0,0.0,0.0,0,-107875648.0,63,0.0,126,2.7184242562605685e+23,-0.0,ERR,ERR,ERR,ERR,ERR,ERR,ERR,ERR,ERR,ERR,ERR,ERR,ERR,ERR,ERR,ERR,ERR,ERR,ERR,ERR,ERR,ERR,ERR,ERR,ERR,ERR,ERR,ERR,ERR,ERR,ERR,ERR,ERR,ERR,ERR,ERR,ERR,ERR,ERR,ERR,ERR,ERR,ERR,ERR,ERR,ERR,ERR,ERR,ERR,ERR,ERR,ERR,ERR,ERR,ERR,ERR,ERR,ERR,ERR,ERR,ERR,ERR,ERR,ERR,ERR,ERR,ERR,34.0,80.0,35,0.0,0.0,0.0,0.0,0.0,0.0,0.0,0.0,0.0,0.0,0.0,0.0,0.0,0.0,0.0,0.0,64.4,0,116,56,49,65476,0,300,0,0,8,20529,65476,0,0,57672,80.0,0.0,0.0,0.0,0.0,0.0
2026-06-17T04:42:51,ERR,ERR,ERR,ERR,ERR,ERR,ERR,ERR,ERR,ERR,ERR,ERR,ERR,ERR,ERR,ERR,ERR,ERR,ERR,ERR,ERR,ERR,ERR,ERR,ERR,ERR,ERR,ERR,ERR,ERR,ERR,ERR,ERR,ERR,ERR,ERR,ERR,ERR,ERR,ERR,ERR,ERR,ERR,ERR,ERR,ERR,ERR,ERR,ERR,ERR,ERR,ERR,ERR,ERR,ERR,ERR,ERR,ERR,ERR,ERR,ERR,ERR,ERR,ERR,ERR,ERR,ERR,ERR,ERR,ERR,ERR,ERR,ERR,ERR,ERR,ERR,ERR,ERR,ERR,ERR,ERR,ERR,ERR,ERR,ERR,ERR,ERR,ERR,ERR,ERR,ERR,ERR,ERR,ERR,ERR,ERR,ERR,ERR,ERR,ERR,ERR,ERR,ERR,ERR,ERR,ERR,ERR,ERR,ERR,ERR,ERR,ERR,ERR,ERR,ERR,ERR,ERR,ERR,ERR,ERR,ERR,ERR,ERR,ERR,ERR,0.0,-0.0,3.028208139652935e+23,0.0,0.0,1.3936040501711995e+18,7.805,0.0,0,0,4,0,7300,-0.0,0,0.0,0.0,0.0,0.0,0.0,0,0,0,0,0.0,0,0,0,0,0,0,0,0,0,0,0,0,0,0,0,0,0,0,0,0,0,0,0,0,0,0,0,0,0,0,0,0,0,32,30,30,62,65476,0,300,0,0,8,21553,0.0,-107605600.0,0.0,0.0,0.0,0.0,0.0,0.0,0.0,0.0,0.0,0.0,0.0,0.0,0.0,0.0,0.0,0.0,0.0,0.0,0.0,0.0,2.004,-2.004,-0.0,-0.0,0.0,0.0,0.0,0.0,5560.0,-0.0,6934.0,0.0,-0.0,-0.0,2.7184296605801213e+23,0.0,0.0,0.0,0.0,63,0.0,126840717312.0,0.0,0.0,0.0,0.0,0.0,0.0,0.0,0,0,0,0.0,0.0,0.0,0.0,0.0,0.0,0.0,0.0,0.0,0.0,0.0,0.0,0.0,0.0,0.0,0.0,0,-107875648.0,63,0.0,126,2.7184242562605685e+23,-0.0,ERR,ERR,ERR,ERR,ERR,ERR,ERR,ERR,ERR,ERR,ERR,ERR,ERR,ERR,ERR,ERR,ERR,ERR,ERR,ERR,ERR,ERR,ERR,ERR,ERR,ERR,ERR,ERR,ERR,ERR,ERR,ERR,ERR,ERR,ERR,ERR,ERR,ERR,ERR,ERR,ERR,ERR,ERR,ERR,ERR,ERR,ERR,ERR,ERR,ERR,ERR,ERR,ERR,ERR,ERR,ERR,ERR,ERR,ERR,ERR,ERR,ERR,ERR,ERR,ERR,ERR,ERR,34.0,80.0,35,0.0,0.0,0.0,0.0,0.0,0.0,0.0,0.0,0.0,0.0,0.0,0.0,0.0,0.0,0.0,0.0,64.4,0,116,56,49,65476,0,300,0,0,8,20529,65476,0,0,57672,80.0,0.0,0.0,0.0,0.0,0.0
2026-06-17T04:42:52,ERR,ERR,ERR,ERR,ERR,ERR,ERR,ERR,ERR,ERR,ERR,ERR,ERR,ERR,ERR,ERR,ERR,ERR,ERR,ERR,ERR,ERR,ERR,ERR,ERR,ERR,ERR,ERR,ERR,ERR,ERR,ERR,ERR,ERR,ERR,ERR,ERR,ERR,ERR,ERR,ERR,ERR,ERR,ERR,ERR,ERR,ERR,ERR,ERR,ERR,ERR,ERR,ERR,ERR,ERR,ERR,ERR,ERR,ERR,ERR,ERR,ERR,ERR,ERR,ERR,ERR,ERR,ERR,ERR,ERR,ERR,ERR,ERR,ERR,ERR,ERR,ERR,ERR,ERR,ERR,ERR,ERR,ERR,ERR,ERR,ERR,ERR,ERR,ERR,ERR,ERR,ERR,ERR,ERR,ERR,ERR,ERR,ERR,ERR,ERR,ERR,ERR,ERR,ERR,ERR,ERR,ERR,ERR,ERR,ERR,ERR,ERR,ERR,ERR,ERR,ERR,ERR,ERR,ERR,ERR,ERR,ERR,ERR,ERR,ERR,0.0,-0.0,3.028208139652935e+23,0.0,0.0,1.3936040501711995e+18,7.805,0.0,0,0,4,0,7300,-0.0,0,0.0,0.0,0.0,0.0,0.0,0,0,0,0,0.0,0,0,0,0,0,0,0,0,0,0,0,0,0,0,0,0,0,0,0,0,0,0,0,0,0,0,0,0,0,0,0,0,0,32,30,30,62,65476,0,300,0,0,8,21553,0.0,-107605600.0,0.0,0.0,0.0,0.0,0.0,0.0,0.0,0.0,0.0,0.0,0.0,0.0,0.0,0.0,0.0,0.0,0.0,0.0,0.0,0.0,2.004,-2.004,-0.0,-0.0,0.0,0.0,0.0,0.0,5560.0,-0.0,6934.0,0.0,-0.0,-0.0,2.7184296605801213e+23,0.0,0.0,0.0,0.0,63,0.0,126840717312.0,0.0,0.0,0.0,0.0,0.0,0.0,0.0,0,0,0,0.0,0.0,0.0,0.0,0.0,0.0,0.0,0.0,0.0,0.0,0.0,0.0,0.0,0.0,0.0,0.0,0,-107875648.0,63,0.0,126,2.7184242562605685e+23,-0.0,ERR,ERR,ERR,ERR,ERR,ERR,ERR,ERR,ERR,ERR,ERR,ERR,ERR,ERR,ERR,ERR,ERR,ERR,ERR,ERR,ERR,ERR,ERR,ERR,ERR,ERR,ERR,ERR,ERR,ERR,ERR,ERR,ERR,ERR,ERR,ERR,ERR,ERR,ERR,ERR,ERR,ERR,ERR,ERR,ERR,ERR,ERR,ERR,ERR,ERR,ERR,ERR,ERR,ERR,ERR,ERR,ERR,ERR,ERR,ERR,ERR,ERR,ERR,ERR,ERR,ERR,ERR,34.0,80.0,35,0.0,0.0,0.0,0.0,0.0,0.0,0.0,0.0,0.0,0.0,0.0,0.0,0.0,0.0,0.0,0.0,64.4,0,116,56,49,65476,0,300,0,0,8,20529,65476,0,0,57672,80.0,0.0,0.0,0.0,0.0,0.0
2026-06-17T04:42:53,ERR,ERR,ERR,ERR,ERR,ERR,ERR,ERR,ERR,ERR,ERR,ERR,ERR,ERR,ERR,ERR,ERR,ERR,ERR,ERR,ERR,ERR,ERR,ERR,ERR,ERR,ERR,ERR,ERR,ERR,ERR,ERR,ERR,ERR,ERR,ERR,ERR,ERR,ERR,ERR,ERR,ERR,ERR,ERR,ERR,ERR,ERR,ERR,ERR,ERR,ERR,ERR,ERR,ERR,ERR,ERR,ERR,ERR,ERR,ERR,ERR,ERR,ERR,ERR,ERR,ERR,ERR,ERR,ERR,ERR,ERR,ERR,ERR,ERR,ERR,ERR,ERR,ERR,ERR,ERR,ERR,ERR,ERR,ERR,ERR,ERR,ERR,ERR,ERR,ERR,ERR,ERR,ERR,ERR,ERR,ERR,ERR,ERR,ERR,ERR,ERR,ERR,ERR,ERR,ERR,ERR,ERR,ERR,ERR,ERR,ERR,ERR,ERR,ERR,ERR,ERR,ERR,ERR,ERR,ERR,ERR,ERR,ERR,ERR,ERR,0.0,-0.0,3.028208139652935e+23,0.0,0.0,1.3936040501711995e+18,7.805,0.0,0,0,4,0,7300,-0.0,0,0.0,0.0,0.0,0.0,0.0,0,0,0,0,0.0,0,0,0,0,0,0,0,0,0,0,0,0,0,0,0,0,0,0,0,0,0,0,0,0,0,0,0,0,0,0,0,0,0,32,30,30,62,65476,0,300,0,0,8,21553,0.0,-107605600.0,0.0,0.0,0.0,0.0,0.0,0.0,0.0,0.0,0.0,0.0,0.0,0.0,0.0,0.0,0.0,0.0,0.0,0.0,0.0,0.0,2.004,-2.004,-0.0,-0.0,0.0,0.0,0.0,0.0,5560.0,-0.0,6934.0,0.0,-0.0,-0.0,2.7184296605801213e+23,0.0,0.0,0.0,0.0,63,0.0,126840717312.0,0.0,0.0,0.0,0.0,0.0,0.0,0.0,0,0,0,0.0,0.0,0.0,0.0,0.0,0.0,0.0,0.0,0.0,0.0,0.0,0.0,0.0,0.0,0.0,0.0,0,-107875648.0,63,0.0,126,2.7184242562605685e+23,-0.0,ERR,ERR,ERR,ERR,ERR,ERR,ERR,ERR,ERR,ERR,ERR,ERR,ERR,ERR,ERR,ERR,ERR,ERR,ERR,ERR,ERR,ERR,ERR,ERR,ERR,ERR,ERR,ERR,ERR,ERR,ERR,ERR,ERR,ERR,ERR,ERR,ERR,ERR,ERR,ERR,ERR,ERR,ERR,ERR,ERR,ERR,ERR,ERR,ERR,ERR,ERR,ERR,ERR,ERR,ERR,ERR,ERR,ERR,ERR,ERR,ERR,ERR,ERR,ERR,ERR,ERR,ERR,34.0,80.0,35,0.0,0.0,0.0,0.0,0.0,0.0,0.0,0.0,0.0,0.0,0.0,0.0,0.0,0.0,0.0,0.0,64.4,0,116,56,49,65476,0,300,0,0,8,20529,65476,0,0,57672,80.0,0.0,0.0,0.0,0.0,0.0
2026-06-17T04:42:54,ERR,ERR,ERR,ERR,ERR,ERR,ERR,ERR,ERR,ERR,ERR,ERR,ERR,ERR,ERR,ERR,ERR,ERR,ERR,ERR,ERR,ERR,ERR,ERR,ERR,ERR,ERR,ERR,ERR,ERR,ERR,ERR,ERR,ERR,ERR,ERR,ERR,ERR,ERR,ERR,ERR,ERR,ERR,ERR,ERR,ERR,ERR,ERR,ERR,ERR,ERR,ERR,ERR,ERR,ERR,ERR,ERR,ERR,ERR,ERR,ERR,ERR,ERR,ERR,ERR,ERR,ERR,ERR,ERR,ERR,ERR,ERR,ERR,ERR,ERR,ERR,ERR,ERR,ERR,ERR,ERR,ERR,ERR,ERR,ERR,ERR,ERR,ERR,ERR,ERR,ERR,ERR,ERR,ERR,ERR,ERR,ERR,ERR,ERR,ERR,ERR,ERR,ERR,ERR,ERR,ERR,ERR,ERR,ERR,ERR,ERR,ERR,ERR,ERR,ERR,ERR,ERR,ERR,ERR,ERR,ERR,ERR,ERR,ERR,ERR,0.0,-0.0,-0.0,0.0,0.0,1.3936040501711995e+18,7.805,0.0,0,0,4,0,7300,-0.0,0,0.0,0.0,0.0,0.0,0.0,0,0,0,0,0.0,0,0,0,0,0,0,0,0,0,0,0,0,0,0,0,0,0,0,0,0,0,0,0,0,0,0,0,0,0,0,0,0,0,32,30,30,62,65476,0,300,0,0,8,21553,0.0,-107605600.0,0.0,0.0,0.0,0.0,0.0,0.0,0.0,0.0,0.0,0.0,0.0,0.0,0.0,0.0,0.0,0.0,0.0,0.0,0.0,0.0,2.004,-2.004,-0.0,-0.0,0.0,0.0,0.0,0.0,5556.0,-2.004,6936.0,0.0,-0.0,-107615280.0,2.7184296605801213e+23,0.0,0.0,0.0,0.0,63,0.0,2.718421373956807e+23,0.0,0.0,0.0,0.0,0.0,0.0,0.0,0,0,0,0.0,0.0,0.0,0.0,0.0,0.0,0.0,0.0,0.0,0.0,0.0,0.0,0.0,0.0,0.0,0.0,0,-107875648.0,63,0.0,126,2.7184242562605685e+23,-0.0,ERR,ERR,ERR,ERR,ERR,ERR,ERR,ERR,ERR,ERR,ERR,ERR,ERR,ERR,ERR,ERR,ERR,ERR,ERR,ERR,ERR,ERR,ERR,ERR,ERR,ERR,ERR,ERR,ERR,ERR,ERR,ERR,ERR,ERR,ERR,ERR,ERR,ERR,ERR,ERR,ERR,ERR,ERR,ERR,ERR,ERR,ERR,ERR,ERR,ERR,ERR,ERR,ERR,ERR,ERR,ERR,ERR,ERR,ERR,ERR,ERR,ERR,ERR,ERR,ERR,ERR,ERR,34.0,80.0,35,0.0,0.0,0.0,0.0,0.0,0.0,0.0,0.0,0.0,0.0,0.0,0.0,0.0,0.0,0.0,0.0,64.4,0,116,56,49,65476,0,300,0,0,8,20529,65476,0,0,57672,80.0,0.0,0.0,0.0,0.0,0.0
2026-06-17T04:42:55,ERR,ERR,ERR,ERR,ERR,ERR,ERR,ERR,ERR,ERR,ERR,ERR,ERR,ERR,ERR,ERR,ERR,ERR,ERR,ERR,ERR,ERR,ERR,ERR,ERR,ERR,ERR,ERR,ERR,ERR,ERR,ERR,ERR,ERR,ERR,ERR,ERR,ERR,ERR,ERR,ERR,ERR,ERR,ERR,ERR,ERR,ERR,ERR,ERR,ERR,ERR,ERR,ERR,ERR,ERR,ERR,ERR,ERR,ERR,ERR,ERR,ERR,ERR,ERR,ERR,ERR,ERR,ERR,ERR,ERR,ERR,ERR,ERR,ERR,ERR,ERR,ERR,ERR,ERR,ERR,ERR,ERR,ERR,ERR,ERR,ERR,ERR,ERR,ERR,ERR,ERR,ERR,ERR,ERR,ERR,ERR,ERR,ERR,ERR,ERR,ERR,ERR,ERR,ERR,ERR,ERR,ERR,ERR,ERR,ERR,ERR,ERR,ERR,ERR,ERR,ERR,ERR,ERR,ERR,ERR,ERR,ERR,ERR,ERR,ERR,0.0,-0.0,-0.0,0.0,0.0,1.3936040501711995e+18,7.805,0.0,0,0,4,0,7300,-0.0,0,0.0,0.0,0.0,0.0,0.0,0,0,0,0,0.0,0,0,0,0,0,0,0,0,0,0,0,0,0,0,0,0,0,0,0,0,0,0,0,0,0,0,0,0,0,0,0,0,0,32,30,30,62,65476,0,300,0,0,8,21553,0.0,-107605600.0,0.0,0.0,0.0,0.0,0.0,0.0,0.0,0.0,0.0,0.0,0.0,0.0,0.0,0.0,0.0,0.0,0.0,0.0,0.0,0.0,2.004,-2.004,-0.0,-0.0,0.0,0.0,0.0,0.0,5556.0,-2.004,6936.0,0.0,-0.0,-107615280.0,2.7184296605801213e+23,0.0,0.0,0.0,0.0,63,0.0,2.718421373956807e+23,0.0,0.0,0.0,0.0,0.0,0.0,0.0,0,0,0,0.0,0.0,0.0,0.0,0.0,0.0,0.0,0.0,0.0,0.0,0.0,0.0,0.0,0.0,0.0,0.0,0,-107875648.0,63,0.0,126,2.7184242562605685e+23,-0.0,ERR,ERR,ERR,ERR,ERR,ERR,ERR,ERR,ERR,ERR,ERR,ERR,ERR,ERR,ERR,ERR,ERR,ERR,ERR,ERR,ERR,ERR,ERR,ERR,ERR,ERR,ERR,ERR,ERR,ERR,ERR,ERR,ERR,ERR,ERR,ERR,ERR,ERR,ERR,ERR,ERR,ERR,ERR,ERR,ERR,ERR,ERR,ERR,ERR,ERR,ERR,ERR,ERR,ERR,ERR,ERR,ERR,ERR,ERR,ERR,ERR,ERR,ERR,ERR,ERR,ERR,ERR,34.0,80.0,35,0.0,0.0,0.0,0.0,0.0,0.0,0.0,0.0,0.0,0.0,0.0,0.0,0.0,0.0,0.0,0.0,64.4,0,116,56,49,65476,0,300,0,0,8,20529,65476,0,0,57672,80.0,0.0,0.0,0.0,0.0,0.0
2026-06-17T04:42:56,ERR,ERR,ERR,ERR,ERR,ERR,ERR,ERR,ERR,ERR,ERR,ERR,ERR,ERR,ERR,ERR,ERR,ERR,ERR,ERR,ERR,ERR,ERR,ERR,ERR,ERR,ERR,ERR,ERR,ERR,ERR,ERR,ERR,ERR,ERR,ERR,ERR,ERR,ERR,ERR,ERR,ERR,ERR,ERR,ERR,ERR,ERR,ERR,ERR,ERR,ERR,ERR,ERR,ERR,ERR,ERR,ERR,ERR,ERR,ERR,ERR,ERR,ERR,ERR,ERR,ERR,ERR,ERR,ERR,ERR,ERR,ERR,ERR,ERR,ERR,ERR,ERR,ERR,ERR,ERR,ERR,ERR,ERR,ERR,ERR,ERR,ERR,ERR,ERR,ERR,ERR,ERR,ERR,ERR,ERR,ERR,ERR,ERR,ERR,ERR,ERR,ERR,ERR,ERR,ERR,ERR,ERR,ERR,ERR,ERR,ERR,ERR,ERR,ERR,ERR,ERR,ERR,ERR,ERR,ERR,ERR,ERR,ERR,ERR,ERR,0.0,-0.0,-0.0,0.0,0.0,1.3936040501711995e+18,7.805,0.0,0,0,4,0,7300,-0.0,0,0.0,0.0,0.0,0.0,0.0,0,0,0,0,0.0,0,0,0,0,0,0,0,0,0,0,0,0,0,0,0,0,0,0,0,0,0,0,0,0,0,0,0,0,0,0,0,0,0,32,30,30,62,65476,0,300,0,0,8,21553,0.0,-107605600.0,0.0,0.0,0.0,0.0,0.0,0.0,0.0,0.0,0.0,0.0,0.0,0.0,0.0,0.0,0.0,0.0,0.0,0.0,0.0,0.0,2.004,-2.004,-0.0,-0.0,0.0,0.0,0.0,0.0,5556.0,-2.004,6936.0,0.0,-0.0,-107615280.0,2.7184296605801213e+23,0.0,0.0,0.0,0.0,63,0.0,2.718421373956807e+23,0.0,0.0,0.0,0.0,0.0,0.0,0.0,0,0,0,0.0,0.0,0.0,0.0,0.0,0.0,0.0,0.0,0.0,0.0,0.0,0.0,0.0,0.0,0.0,0.0,0,-107875648.0,63,0.0,126,2.7184242562605685e+23,-0.0,ERR,ERR,ERR,ERR,ERR,ERR,ERR,ERR,ERR,ERR,ERR,ERR,ERR,ERR,ERR,ERR,ERR,ERR,ERR,ERR,ERR,ERR,ERR,ERR,ERR,ERR,ERR,ERR,ERR,ERR,ERR,ERR,ERR,ERR,ERR,ERR,ERR,ERR,ERR,ERR,ERR,ERR,ERR,ERR,ERR,ERR,ERR,ERR,ERR,ERR,ERR,ERR,ERR,ERR,ERR,ERR,ERR,ERR,ERR,ERR,ERR,ERR,ERR,ERR,ERR,ERR,ERR,34.0,80.0,35,0.0,0.0,0.0,0.0,0.0,0.0,0.0,0.0,0.0,0.0,0.0,0.0,0.0,0.0,0.0,0.0,64.4,0,116,56,49,65476,0,300,0,0,8,20529,65476,0,0,57672,80.0,0.0,0.0,0.0,0.0,0.0
2026-06-17T04:42:57,ERR,ERR,ERR,ERR,ERR,ERR,ERR,ERR,ERR,ERR,ERR,ERR,ERR,ERR,ERR,ERR,ERR,ERR,ERR,ERR,ERR,ERR,ERR,ERR,ERR,ERR,ERR,ERR,ERR,ERR,ERR,ERR,ERR,ERR,ERR,ERR,ERR,ERR,ERR,ERR,ERR,ERR,ERR,ERR,ERR,ERR,ERR,ERR,ERR,ERR,ERR,ERR,ERR,ERR,ERR,ERR,ERR,ERR,ERR,ERR,ERR,ERR,ERR,ERR,ERR,ERR,ERR,ERR,ERR,ERR,ERR,ERR,ERR,ERR,ERR,ERR,ERR,ERR,ERR,ERR,ERR,ERR,ERR,ERR,ERR,ERR,ERR,ERR,ERR,ERR,ERR,ERR,ERR,ERR,ERR,ERR,ERR,ERR,ERR,ERR,ERR,ERR,ERR,ERR,ERR,ERR,ERR,ERR,ERR,ERR,ERR,ERR,ERR,ERR,ERR,ERR,ERR,ERR,ERR,ERR,ERR,ERR,ERR,ERR,ERR,0.0,-0.0,-0.0,0.0,0.0,1.3936040501711995e+18,7.805,0.0,0,0,4,0,7300,-0.0,0,0.0,0.0,0.0,0.0,0.0,0,0,0,0,0.0,0,0,0,0,0,0,0,0,0,0,0,0,0,0,0,0,0,0,0,0,0,0,0,0,0,0,0,0,0,0,0,0,0,32,30,30,62,65476,0,300,0,0,8,21553,0.0,-107605600.0,0.0,0.0,0.0,0.0,0.0,0.0,0.0,0.0,0.0,0.0,0.0,0.0,0.0,0.0,0.0,0.0,0.0,0.0,0.0,0.0,2.004,-2.004,-0.0,-0.0,0.0,0.0,0.0,0.0,5556.0,-2.004,6936.0,0.0,-0.0,-107615280.0,2.7184296605801213e+23,0.0,0.0,0.0,0.0,63,0.0,2.718421373956807e+23,0.0,0.0,0.0,0.0,0.0,0.0,0.0,0,0,0,0.0,0.0,0.0,0.0,0.0,0.0,0.0,0.0,0.0,0.0,0.0,0.0,0.0,0.0,0.0,0.0,0,-107875648.0,63,0.0,126,2.7184242562605685e+23,-0.0,ERR,ERR,ERR,ERR,ERR,ERR,ERR,ERR,ERR,ERR,ERR,ERR,ERR,ERR,ERR,ERR,ERR,ERR,ERR,ERR,ERR,ERR,ERR,ERR,ERR,ERR,ERR,ERR,ERR,ERR,ERR,ERR,ERR,ERR,ERR,ERR,ERR,ERR,ERR,ERR,ERR,ERR,ERR,ERR,ERR,ERR,ERR,ERR,ERR,ERR,ERR,ERR,ERR,ERR,ERR,ERR,ERR,ERR,ERR,ERR,ERR,ERR,ERR,ERR,ERR,ERR,ERR,34.0,80.0,35,0.0,0.0,0.0,0.0,0.0,0.0,0.0,0.0,0.0,0.0,0.0,0.0,0.0,0.0,0.0,0.0,64.4,0,116,56,49,65476,0,300,0,0,8,20529,65476,0,0,57672,80.0,0.0,0.0,0.0,0.0,0.0
2026-06-17T04:42:58,ERR,ERR,ERR,ERR,ERR,ERR,ERR,ERR,ERR,ERR,ERR,ERR,ERR,ERR,ERR,ERR,ERR,ERR,ERR,ERR,ERR,ERR,ERR,ERR,ERR,ERR,ERR,ERR,ERR,ERR,ERR,ERR,ERR,ERR,ERR,ERR,ERR,ERR,ERR,ERR,ERR,ERR,ERR,ERR,ERR,ERR,ERR,ERR,ERR,ERR,ERR,ERR,ERR,ERR,ERR,ERR,ERR,ERR,ERR,ERR,ERR,ERR,ERR,ERR,ERR,ERR,ERR,ERR,ERR,ERR,ERR,ERR,ERR,ERR,ERR,ERR,ERR,ERR,ERR,ERR,ERR,ERR,ERR,ERR,ERR,ERR,ERR,ERR,ERR,ERR,ERR,ERR,ERR,ERR,ERR,ERR,ERR,ERR,ERR,ERR,ERR,ERR,ERR,ERR,ERR,ERR,ERR,ERR,ERR,ERR,ERR,ERR,ERR,ERR,ERR,ERR,ERR,ERR,ERR,ERR,ERR,ERR,ERR,ERR,ERR,0.0,-0.0,-0.0,0.0,0.0,1.3936040501711995e+18,7.805,0.0,0,0,4,0,7300,-0.0,0,0.0,0.0,0.0,0.0,0.0,0,0,0,0,0.0,0,0,0,0,0,0,0,0,0,0,0,0,0,0,0,0,0,0,0,0,0,0,0,0,0,0,0,0,0,0,0,0,0,32,30,30,62,65476,0,300,0,0,8,21553,0.0,-107605600.0,0.0,0.0,0.0,0.0,0.0,0.0,0.0,0.0,0.0,0.0,0.0,0.0,0.0,0.0,0.0,0.0,0.0,0.0,0.0,0.0,2.004,-2.004,-0.0,-0.0,0.0,0.0,0.0,0.0,5556.0,-2.004,6936.0,0.0,-0.0,-107615280.0,2.7184296605801213e+23,0.0,0.0,0.0,0.0,63,0.0,2.718421373956807e+23,0.0,0.0,0.0,0.0,0.0,0.0,0.0,0,0,0,0.0,0.0,0.0,0.0,0.0,0.0,0.0,0.0,0.0,0.0,0.0,0.0,0.0,0.0,0.0,0.0,0,-107875648.0,63,0.0,126,2.7184242562605685e+23,-0.0,ERR,ERR,ERR,ERR,ERR,ERR,ERR,ERR,ERR,ERR,ERR,ERR,ERR,ERR,ERR,ERR,ERR,ERR,ERR,ERR,ERR,ERR,ERR,ERR,ERR,ERR,ERR,ERR,ERR,ERR,ERR,ERR,ERR,ERR,ERR,ERR,ERR,ERR,ERR,ERR,ERR,ERR,ERR,ERR,ERR,ERR,ERR,ERR,ERR,ERR,ERR,ERR,ERR,ERR,ERR,ERR,ERR,ERR,ERR,ERR,ERR,ERR,ERR,ERR,ERR,ERR,ERR,34.0,80.0,35,0.0,0.0,0.0,0.0,0.0,0.0,0.0,0.0,0.0,0.0,0.0,0.0,0.0,0.0,0.0,0.0,64.4,0,116,56,49,65476,0,300,0,0,8,20529,65476,0,0,57672,80.0,0.0,0.0,0.0,0.0,0.0
2026-06-17T04:42:59,ERR,ERR,ERR,ERR,ERR,ERR,ERR,ERR,ERR,ERR,ERR,ERR,ERR,ERR,ERR,ERR,ERR,ERR,ERR,ERR,ERR,ERR,ERR,ERR,ERR,ERR,ERR,ERR,ERR,ERR,ERR,ERR,ERR,ERR,ERR,ERR,ERR,ERR,ERR,ERR,ERR,ERR,ERR,ERR,ERR,ERR,ERR,ERR,ERR,ERR,ERR,ERR,ERR,ERR,ERR,ERR,ERR,ERR,ERR,ERR,ERR,ERR,ERR,ERR,ERR,ERR,ERR,ERR,ERR,ERR,ERR,ERR,ERR,ERR,ERR,ERR,ERR,ERR,ERR,ERR,ERR,ERR,ERR,ERR,ERR,ERR,ERR,ERR,ERR,ERR,ERR,ERR,ERR,ERR,ERR,ERR,ERR,ERR,ERR,ERR,ERR,ERR,ERR,ERR,ERR,ERR,ERR,ERR,ERR,ERR,ERR,ERR,ERR,ERR,ERR,ERR,ERR,ERR,ERR,ERR,ERR,ERR,ERR,ERR,ERR,0.0,-0.0,3.028208139652935e+23,0.0,0.0,1.3936040501711995e+18,7.805,0.0,0,0,4,0,7300,-0.0,0,0.0,0.0,0.0,0.0,0.0,0,0,0,0,0.0,0,0,0,0,0,0,0,0,0,0,0,0,0,0,0,0,0,0,0,0,0,0,0,0,0,0,0,0,0,0,0,0,0,32,30,30,62,65476,0,300,0,0,8,21553,0.0,-107605600.0,0.0,0.0,0.0,0.0,0.0,0.0,0.0,0.0,0.0,0.0,0.0,0.0,0.0,0.0,0.0,0.0,0.0,0.0,0.0,0.0,2.004,-2.004,-0.0,-0.0,0.0,0.0,0.0,0.0,5560.0,-8608199680.0,6938.0,0.0,-0.0,-107615280.0,2.7184296605801213e+23,0.0,0.0,0.0,0.0,63,0.0,5.848064398257268e+35,0.0,0.0,0.0,0.0,0.0,0.0,0.0,0,0,0,0.0,0.0,0.0,0.0,0.0,0.0,0.0,0.0,0.0,0.0,0.0,0.0,0.0,0.0,0.0,0.0,0,-107875648.0,63,0.0,126,2.7184242562605685e+23,-0.0,ERR,ERR,ERR,ERR,ERR,ERR,ERR,ERR,ERR,ERR,ERR,ERR,ERR,ERR,ERR,ERR,ERR,ERR,ERR,ERR,ERR,ERR,ERR,ERR,ERR,ERR,ERR,ERR,ERR,ERR,ERR,ERR,ERR,ERR,ERR,ERR,ERR,ERR,ERR,ERR,ERR,ERR,ERR,ERR,ERR,ERR,ERR,ERR,ERR,ERR,ERR,ERR,ERR,ERR,ERR,ERR,ERR,ERR,ERR,ERR,ERR,ERR,ERR,ERR,ERR,ERR,ERR,34.0,80.0,35,0.0,0.0,0.0,0.0,0.0,0.0,0.0,0.0,0.0,0.0,0.0,0.0,0.0,0.0,0.0,0.0,64.4,0,116,56,49,65476,0,300,0,0,8,20529,65476,0,0,57672,80.0,0.0,0.0,0.0,0.0,0.0
2026-06-17T04:43:00,ERR,ERR,ERR,ERR,ERR,ERR,ERR,ERR,ERR,ERR,ERR,ERR,ERR,ERR,ERR,ERR,ERR,ERR,ERR,ERR,ERR,ERR,ERR,ERR,ERR,ERR,ERR,ERR,ERR,ERR,ERR,ERR,ERR,ERR,ERR,ERR,ERR,ERR,ERR,ERR,ERR,ERR,ERR,ERR,ERR,ERR,ERR,ERR,ERR,ERR,ERR,ERR,ERR,ERR,ERR,ERR,ERR,ERR,ERR,ERR,ERR,ERR,ERR,ERR,ERR,ERR,ERR,ERR,ERR,ERR,ERR,ERR,ERR,ERR,ERR,ERR,ERR,ERR,ERR,ERR,ERR,ERR,ERR,ERR,ERR,ERR,ERR,ERR,ERR,ERR,ERR,ERR,ERR,ERR,ERR,ERR,ERR,ERR,ERR,ERR,ERR,ERR,ERR,ERR,ERR,ERR,ERR,ERR,ERR,ERR,ERR,ERR,ERR,ERR,ERR,ERR,ERR,ERR,ERR,ERR,ERR,ERR,ERR,ERR,ERR,0.0,-0.0,3.028208139652935e+23,0.0,0.0,1.3936040501711995e+18,7.805,0.0,0,0,4,0,7300,-0.0,0,0.0,0.0,0.0,0.0,0.0,0,0,0,0,0.0,0,0,0,0,0,0,0,0,0,0,0,0,0,0,0,0,0,0,0,0,0,0,0,0,0,0,0,0,0,0,0,0,0,32,30,30,62,65476,0,300,0,0,8,21553,0.0,-107605600.0,0.0,0.0,0.0,0.0,0.0,0.0,0.0,0.0,0.0,0.0,0.0,0.0,0.0,0.0,0.0,0.0,0.0,0.0,0.0,0.0,2.004,-2.004,-0.0,-0.0,0.0,0.0,0.0,0.0,5560.0,-8608199680.0,6938.0,0.0,-0.0,-107615280.0,2.7184296605801213e+23,0.0,0.0,0.0,0.0,63,0.0,5.848064398257268e+35,0.0,0.0,0.0,0.0,0.0,0.0,0.0,0,0,0,0.0,0.0,0.0,0.0,0.0,0.0,0.0,0.0,0.0,0.0,0.0,0.0,0.0,0.0,0.0,0.0,0,-107875648.0,63,0.0,126,2.7184242562605685e+23,-0.0,ERR,ERR,ERR,ERR,ERR,ERR,ERR,ERR,ERR,ERR,ERR,ERR,ERR,ERR,ERR,ERR,ERR,ERR,ERR,ERR,ERR,ERR,ERR,ERR,ERR,ERR,ERR,ERR,ERR,ERR,ERR,ERR,ERR,ERR,ERR,ERR,ERR,ERR,ERR,ERR,ERR,ERR,ERR,ERR,ERR,ERR,ERR,ERR,ERR,ERR,ERR,ERR,ERR,ERR,ERR,ERR,ERR,ERR,ERR,ERR,ERR,ERR,ERR,ERR,ERR,ERR,ERR,34.0,80.0,35,0.0,0.0,0.0,0.0,0.0,0.0,0.0,0.0,0.0,0.0,0.0,0.0,0.0,0.0,0.0,0.0,64.4,0,116,56,49,65476,0,300,0,0,8,20529,65476,0,0,57672,80.0,0.0,0.0,0.0,0.0,0.0
2026-06-17T04:43:01,ERR,ERR,ERR,ERR,ERR,ERR,ERR,ERR,ERR,ERR,ERR,ERR,ERR,ERR,ERR,ERR,ERR,ERR,ERR,ERR,ERR,ERR,ERR,ERR,ERR,ERR,ERR,ERR,ERR,ERR,ERR,ERR,ERR,ERR,ERR,ERR,ERR,ERR,ERR,ERR,ERR,ERR,ERR,ERR,ERR,ERR,ERR,ERR,ERR,ERR,ERR,ERR,ERR,ERR,ERR,ERR,ERR,ERR,ERR,ERR,ERR,ERR,ERR,ERR,ERR,ERR,ERR,ERR,ERR,ERR,ERR,ERR,ERR,ERR,ERR,ERR,ERR,ERR,ERR,ERR,ERR,ERR,ERR,ERR,ERR,ERR,ERR,ERR,ERR,ERR,ERR,ERR,ERR,ERR,ERR,ERR,ERR,ERR,ERR,ERR,ERR,ERR,ERR,ERR,ERR,ERR,ERR,ERR,ERR,ERR,ERR,ERR,ERR,ERR,ERR,ERR,ERR,ERR,ERR,ERR,ERR,ERR,ERR,ERR,ERR,0.0,-0.0,3.028208139652935e+23,0.0,0.0,1.3936040501711995e+18,7.805,0.0,0,0,4,0,7300,-0.0,0,0.0,0.0,0.0,0.0,0.0,0,0,0,0,0.0,0,0,0,0,0,0,0,0,0,0,0,0,0,0,0,0,0,0,0,0,0,0,0,0,0,0,0,0,0,0,0,0,0,32,30,30,62,65476,0,300,0,0,8,21553,0.0,-107605600.0,0.0,0.0,0.0,0.0,0.0,0.0,0.0,0.0,0.0,0.0,0.0,0.0,0.0,0.0,0.0,0.0,0.0,0.0,0.0,0.0,2.004,-2.004,-0.0,-0.0,0.0,0.0,0.0,0.0,5560.0,-8608199680.0,6938.0,0.0,-0.0,-107615280.0,2.7184296605801213e+23,0.0,0.0,0.0,0.0,63,0.0,5.848064398257268e+35,0.0,0.0,0.0,0.0,0.0,0.0,0.0,0,0,0,0.0,0.0,0.0,0.0,0.0,0.0,0.0,0.0,0.0,0.0,0.0,0.0,0.0,0.0,0.0,0.0,0,-107875648.0,63,0.0,126,2.7184242562605685e+23,-0.0,ERR,ERR,ERR,ERR,ERR,ERR,ERR,ERR,ERR,ERR,ERR,ERR,ERR,ERR,ERR,ERR,ERR,ERR,ERR,ERR,ERR,ERR,ERR,ERR,ERR,ERR,ERR,ERR,ERR,ERR,ERR,ERR,ERR,ERR,ERR,ERR,ERR,ERR,ERR,ERR,ERR,ERR,ERR,ERR,ERR,ERR,ERR,ERR,ERR,ERR,ERR,ERR,ERR,ERR,ERR,ERR,ERR,ERR,ERR,ERR,ERR,ERR,ERR,ERR,ERR,ERR,ERR,34.0,80.0,35,0.0,0.0,0.0,0.0,0.0,0.0,0.0,0.0,0.0,0.0,0.0,0.0,0.0,0.0,0.0,0.0,64.8,0,116,56,49,65476,0,300,0,0,8,20529,65476,0,0,57672,80.0,0.0,0.0,0.0,0.0,0.0
2026-06-17T04:43:02,ERR,ERR,ERR,ERR,ERR,ERR,ERR,ERR,ERR,ERR,ERR,ERR,ERR,ERR,ERR,ERR,ERR,ERR,ERR,ERR,ERR,ERR,ERR,ERR,ERR,ERR,ERR,ERR,ERR,ERR,ERR,ERR,ERR,ERR,ERR,ERR,ERR,ERR,ERR,ERR,ERR,ERR,ERR,ERR,ERR,ERR,ERR,ERR,ERR,ERR,ERR,ERR,ERR,ERR,ERR,ERR,ERR,ERR,ERR,ERR,ERR,ERR,ERR,ERR,ERR,ERR,ERR,ERR,ERR,ERR,ERR,ERR,ERR,ERR,ERR,ERR,ERR,ERR,ERR,ERR,ERR,ERR,ERR,ERR,ERR,ERR,ERR,ERR,ERR,ERR,ERR,ERR,ERR,ERR,ERR,ERR,ERR,ERR,ERR,ERR,ERR,ERR,ERR,ERR,ERR,ERR,ERR,ERR,ERR,ERR,ERR,ERR,ERR,ERR,ERR,ERR,ERR,ERR,ERR,ERR,ERR,ERR,ERR,ERR,ERR,0.0,-0.0,3.028208139652935e+23,0.0,0.0,1.3936040501711995e+18,7.805,0.0,0,0,4,0,7300,-0.0,0,0.0,0.0,0.0,0.0,0.0,0,0,0,0,0.0,0,0,0,0,0,0,0,0,0,0,0,0,0,0,0,0,0,0,0,0,0,0,0,0,0,0,0,0,0,0,0,0,0,32,30,30,62,65476,0,300,0,0,8,21553,0.0,-107605600.0,0.0,0.0,0.0,0.0,0.0,0.0,0.0,0.0,0.0,0.0,0.0,0.0,0.0,0.0,0.0,0.0,0.0,0.0,0.0,0.0,2.004,-2.004,-0.0,-0.0,0.0,0.0,0.0,0.0,5560.0,-8608199680.0,6938.0,0.0,-0.0,-107615280.0,2.7184296605801213e+23,0.0,0.0,0.0,0.0,63,0.0,5.848064398257268e+35,0.0,0.0,0.0,0.0,0.0,0.0,0.0,0,0,0,0.0,0.0,0.0,0.0,0.0,0.0,0.0,0.0,0.0,0.0,0.0,0.0,0.0,0.0,0.0,0.0,0,-107875648.0,63,0.0,126,2.7184242562605685e+23,-0.0,ERR,ERR,ERR,ERR,ERR,ERR,ERR,ERR,ERR,ERR,ERR,ERR,ERR,ERR,ERR,ERR,ERR,ERR,ERR,ERR,ERR,ERR,ERR,ERR,ERR,ERR,ERR,ERR,ERR,ERR,ERR,ERR,ERR,ERR,ERR,ERR,ERR,ERR,ERR,ERR,ERR,ERR,ERR,ERR,ERR,ERR,ERR,ERR,ERR,ERR,ERR,ERR,ERR,ERR,ERR,ERR,ERR,ERR,ERR,ERR,ERR,ERR,ERR,ERR,ERR,ERR,ERR,34.0,80.0,35,0.0,0.0,0.0,0.0,0.0,0.0,0.0,0.0,0.0,0.0,0.0,0.0,0.0,0.0,0.0,0.0,64.4,0,116,56,49,65476,0,300,0,0,8,20529,65476,0,0,57672,80.0,0.0,0.0,0.0,0.0,0.0
2026-06-17T04:43:03,ERR,ERR,ERR,ERR,ERR,ERR,ERR,ERR,ERR,ERR,ERR,ERR,ERR,ERR,ERR,ERR,ERR,ERR,ERR,ERR,ERR,ERR,ERR,ERR,ERR,ERR,ERR,ERR,ERR,ERR,ERR,ERR,ERR,ERR,ERR,ERR,ERR,ERR,ERR,ERR,ERR,ERR,ERR,ERR,ERR,ERR,ERR,ERR,ERR,ERR,ERR,ERR,ERR,ERR,ERR,ERR,ERR,ERR,ERR,ERR,ERR,ERR,ERR,ERR,ERR,ERR,ERR,ERR,ERR,ERR,ERR,ERR,ERR,ERR,ERR,ERR,ERR,ERR,ERR,ERR,ERR,ERR,ERR,ERR,ERR,ERR,ERR,ERR,ERR,ERR,ERR,ERR,ERR,ERR,ERR,ERR,ERR,ERR,ERR,ERR,ERR,ERR,ERR,ERR,ERR,ERR,ERR,ERR,ERR,ERR,ERR,ERR,ERR,ERR,ERR,ERR,ERR,ERR,ERR,ERR,ERR,ERR,ERR,ERR,ERR,0.0,-0.0,3.028208139652935e+23,0.0,0.0,1.3936040501711995e+18,7.805,0.0,0,0,4,0,7300,-0.0,0,0.0,0.0,0.0,0.0,0.0,0,0,0,0,0.0,0,0,0,0,0,0,0,0,0,0,0,0,0,0,0,0,0,0,0,0,0,0,0,0,0,0,0,0,0,0,0,0,0,32,30,30,62,65476,0,300,0,0,8,21553,0.0,-107605600.0,0.0,0.0,0.0,0.0,0.0,0.0,0.0,0.0,0.0,0.0,0.0,0.0,0.0,0.0,0.0,0.0,0.0,0.0,0.0,0.0,2.004,-2.004,-0.0,-0.0,0.0,0.0,0.0,0.0,5560.0,-8608199680.0,6938.0,0.0,-0.0,-107615280.0,2.7184296605801213e+23,0.0,0.0,0.0,0.0,63,0.0,5.848064398257268e+35,0.0,0.0,0.0,0.0,0.0,0.0,0.0,0,0,0,0.0,0.0,0.0,0.0,0.0,0.0,0.0,0.0,0.0,0.0,0.0,0.0,0.0,0.0,0.0,0.0,0,-107875648.0,63,0.0,126,2.7184242562605685e+23,-0.0,ERR,ERR,ERR,ERR,ERR,ERR,ERR,ERR,ERR,ERR,ERR,ERR,ERR,ERR,ERR,ERR,ERR,ERR,ERR,ERR,ERR,ERR,ERR,ERR,ERR,ERR,ERR,ERR,ERR,ERR,ERR,ERR,ERR,ERR,ERR,ERR,ERR,ERR,ERR,ERR,ERR,ERR,ERR,ERR,ERR,ERR,ERR,ERR,ERR,ERR,ERR,ERR,ERR,ERR,ERR,ERR,ERR,ERR,ERR,ERR,ERR,ERR,ERR,ERR,ERR,ERR,ERR,34.0,80.0,35,0.0,0.0,0.0,0.0,0.0,0.0,0.0,0.0,0.0,0.0,0.0,0.0,0.0,0.0,0.0,0.0,64.4,0,116,56,49,65476,0,300,0,0,8,20529,65476,0,0,57672,80.0,0.0,0.0,0.0,0.0,0.0
2026-06-17T04:43:04,ERR,ERR,ERR,ERR,ERR,ERR,ERR,ERR,ERR,ERR,ERR,ERR,ERR,ERR,ERR,ERR,ERR,ERR,ERR,ERR,ERR,ERR,ERR,ERR,ERR,ERR,ERR,ERR,ERR,ERR,ERR,ERR,ERR,ERR,ERR,ERR,ERR,ERR,ERR,ERR,ERR,ERR,ERR,ERR,ERR,ERR,ERR,ERR,ERR,ERR,ERR,ERR,ERR,ERR,ERR,ERR,ERR,ERR,ERR,ERR,ERR,ERR,ERR,ERR,ERR,ERR,ERR,ERR,ERR,ERR,ERR,ERR,ERR,ERR,ERR,ERR,ERR,ERR,ERR,ERR,ERR,ERR,ERR,ERR,ERR,ERR,ERR,ERR,ERR,ERR,ERR,ERR,ERR,ERR,ERR,ERR,ERR,ERR,ERR,ERR,ERR,ERR,ERR,ERR,ERR,ERR,ERR,ERR,ERR,ERR,ERR,ERR,ERR,ERR,ERR,ERR,ERR,ERR,ERR,ERR,ERR,ERR,ERR,ERR,ERR,0.0,-0.0,3.028208139652935e+23,0.0,0.0,1.3936040501711995e+18,7.805,0.0,0,0,4,0,7300,-0.0,0,0.0,0.0,0.0,0.0,0.0,0,0,0,0,0.0,0,0,0,0,0,0,0,0,0,0,0,0,0,0,0,0,0,0,0,0,0,0,0,0,0,0,0,0,0,0,0,0,0,32,30,30,62,65476,0,300,0,0,8,21553,0.0,-107605600.0,0.0,0.0,0.0,0.0,0.0,0.0,0.0,0.0,0.0,0.0,0.0,0.0,0.0,0.0,0.0,0.0,0.0,0.0,0.0,0.0,2.004,-2.004,-0.0,-0.0,0.0,0.0,0.0,0.0,5560.0,-8608199680.0,6938.0,0.0,-0.0,-107615280.0,2.7184296605801213e+23,0.0,0.0,0.0,0.0,63,0.0,5.848064398257268e+35,0.0,0.0,0.0,0.0,0.0,0.0,0.0,0,0,0,0.0,0.0,0.0,0.0,0.0,0.0,0.0,0.0,0.0,0.0,0.0,0.0,0.0,0.0,0.0,0.0,0,-107875648.0,63,0.0,126,2.7184242562605685e+23,-0.0,ERR,ERR,ERR,ERR,ERR,ERR,ERR,ERR,ERR,ERR,ERR,ERR,ERR,ERR,ERR,ERR,ERR,ERR,ERR,ERR,ERR,ERR,ERR,ERR,ERR,ERR,ERR,ERR,ERR,ERR,ERR,ERR,ERR,ERR,ERR,ERR,ERR,ERR,ERR,ERR,ERR,ERR,ERR,ERR,ERR,ERR,ERR,ERR,ERR,ERR,ERR,ERR,ERR,ERR,ERR,ERR,ERR,ERR,ERR,ERR,ERR,ERR,ERR,ERR,ERR,ERR,ERR,34.0,80.0,35,0.0,0.0,0.0,0.0,0.0,0.0,0.0,0.0,0.0,0.0,0.0,0.0,0.0,0.0,0.0,0.0,64.8,0,116,56,49,65476,0,300,0,0,8,20529,65476,0,0,57672,80.0,0.0,0.0,0.0,0.0,0.0
2026-06-17T04:43:05,ERR,ERR,ERR,ERR,ERR,ERR,ERR,ERR,ERR,ERR,ERR,ERR,ERR,ERR,ERR,ERR,ERR,ERR,ERR,ERR,ERR,ERR,ERR,ERR,ERR,ERR,ERR,ERR,ERR,ERR,ERR,ERR,ERR,ERR,ERR,ERR,ERR,ERR,ERR,ERR,ERR,ERR,ERR,ERR,ERR,ERR,ERR,ERR,ERR,ERR,ERR,ERR,ERR,ERR,ERR,ERR,ERR,ERR,ERR,ERR,ERR,ERR,ERR,ERR,ERR,ERR,ERR,ERR,ERR,ERR,ERR,ERR,ERR,ERR,ERR,ERR,ERR,ERR,ERR,ERR,ERR,ERR,ERR,ERR,ERR,ERR,ERR,ERR,ERR,ERR,ERR,ERR,ERR,ERR,ERR,ERR,ERR,ERR,ERR,ERR,ERR,ERR,ERR,ERR,ERR,ERR,ERR,ERR,ERR,ERR,ERR,ERR,ERR,ERR,ERR,ERR,ERR,ERR,ERR,ERR,ERR,ERR,ERR,ERR,ERR,0.0,-0.0,3.028208139652935e+23,0.0,0.0,1.3936040501711995e+18,7.805,0.0,0,0,4,0,7300,-0.0,0,0.0,0.0,0.0,0.0,0.0,0,0,0,0,0.0,0,0,0,0,0,0,0,0,0,0,0,0,0,0,0,0,0,0,0,0,0,0,0,0,0,0,0,0,0,0,0,0,0,32,30,30,62,65476,0,300,0,0,8,21553,0.0,-107605600.0,0.0,0.0,0.0,0.0,0.0,0.0,0.0,0.0,0.0,0.0,0.0,0.0,0.0,0.0,0.0,0.0,0.0,0.0,0.0,0.0,2.004,-2.004,-0.0,-0.0,0.0,0.0,0.0,0.0,5560.0,-131350.703,6937.0,0.0,-0.0,-107615280.0,2.7184296605801213e+23,0.0,0.0,0.0,0.0,63,0.0,4.066861969379564e+29,0.0,0.0,0.0,0.0,0.0,0.0,0.0,0,0,0,0.0,0.0,0.0,0.0,0.0,0.0,0.0,0.0,0.0,0.0,0.0,0.0,0.0,0.0,0.0,0.0,0,-107875648.0,63,0.0,126,2.7184242562605685e+23,2.842318642297501e+23,ERR,ERR,ERR,ERR,ERR,ERR,ERR,ERR,ERR,ERR,ERR,ERR,ERR,ERR,ERR,ERR,ERR,ERR,ERR,ERR,ERR,ERR,ERR,ERR,ERR,ERR,ERR,ERR,ERR,ERR,ERR,ERR,ERR,ERR,ERR,ERR,ERR,ERR,ERR,ERR,ERR,ERR,ERR,ERR,ERR,ERR,ERR,ERR,ERR,ERR,ERR,ERR,ERR,ERR,ERR,ERR,ERR,ERR,ERR,ERR,ERR,ERR,ERR,ERR,ERR,ERR,ERR,34.0,80.0,35,0.0,0.0,0.0,0.0,0.0,0.0,0.0,0.0,0.0,0.0,0.0,0.0,0.0,0.0,0.0,0.0,64.8,0,116,56,49,65476,0,300,0,0,8,20529,65476,0,0,57672,80.0,0.0,0.0,0.0,0.0,0.0
2026-06-17T04:43:06,ERR,ERR,ERR,ERR,ERR,ERR,ERR,ERR,ERR,ERR,ERR,ERR,ERR,ERR,ERR,ERR,ERR,ERR,ERR,ERR,ERR,ERR,ERR,ERR,ERR,ERR,ERR,ERR,ERR,ERR,ERR,ERR,ERR,ERR,ERR,ERR,ERR,ERR,ERR,ERR,ERR,ERR,ERR,ERR,ERR,ERR,ERR,ERR,ERR,ERR,ERR,ERR,ERR,ERR,ERR,ERR,ERR,ERR,ERR,ERR,ERR,ERR,ERR,ERR,ERR,ERR,ERR,ERR,ERR,ERR,ERR,ERR,ERR,ERR,ERR,ERR,ERR,ERR,ERR,ERR,ERR,ERR,ERR,ERR,ERR,ERR,ERR,ERR,ERR,ERR,ERR,ERR,ERR,ERR,ERR,ERR,ERR,ERR,ERR,ERR,ERR,ERR,ERR,ERR,ERR,ERR,ERR,ERR,ERR,ERR,ERR,ERR,ERR,ERR,ERR,ERR,ERR,ERR,ERR,ERR,ERR,ERR,ERR,ERR,ERR,0.0,-0.0,3.028208139652935e+23,0.0,0.0,1.3936040501711995e+18,7.805,0.0,0,0,4,0,7300,-0.0,0,0.0,0.0,0.0,0.0,0.0,0,0,0,0,0.0,0,0,0,0,0,0,0,0,0,0,0,0,0,0,0,0,0,0,0,0,0,0,0,0,0,0,0,0,0,0,0,0,0,32,30,30,62,65476,0,300,0,0,8,21553,0.0,-107605600.0,0.0,0.0,0.0,0.0,0.0,0.0,0.0,0.0,0.0,0.0,0.0,0.0,0.0,0.0,0.0,0.0,0.0,0.0,0.0,0.0,2.004,-2.004,-0.0,-0.0,0.0,0.0,0.0,0.0,5560.0,-131350.703,6937.0,0.0,-0.0,-107615280.0,2.7184296605801213e+23,0.0,0.0,0.0,0.0,63,0.0,4.066861969379564e+29,0.0,0.0,0.0,0.0,0.0,0.0,0.0,0,0,0,0.0,0.0,0.0,0.0,0.0,0.0,0.0,0.0,0.0,0.0,0.0,0.0,0.0,0.0,0.0,0.0,0,-107875648.0,63,0.0,126,2.7184242562605685e+23,2.842318642297501e+23,ERR,ERR,ERR,ERR,ERR,ERR,ERR,ERR,ERR,ERR,ERR,ERR,ERR,ERR,ERR,ERR,ERR,ERR,ERR,ERR,ERR,ERR,ERR,ERR,ERR,ERR,ERR,ERR,ERR,ERR,ERR,ERR,ERR,ERR,ERR,ERR,ERR,ERR,ERR,ERR,ERR,ERR,ERR,ERR,ERR,ERR,ERR,ERR,ERR,ERR,ERR,ERR,ERR,ERR,ERR,ERR,ERR,ERR,ERR,ERR,ERR,ERR,ERR,ERR,ERR,ERR,ERR,34.0,80.0,35,0.0,0.0,0.0,0.0,0.0,0.0,0.0,0.0,0.0,0.0,0.0,0.0,0.0,0.0,0.0,0.0,64.4,0,116,56,49,65476,0,300,0,0,8,20529,65476,0,0,57672,80.0,0.0,0.0,0.0,0.0,0.0
2026-06-17T04:43:07,ERR,ERR,ERR,ERR,ERR,ERR,ERR,ERR,ERR,ERR,ERR,ERR,ERR,ERR,ERR,ERR,ERR,ERR,ERR,ERR,ERR,ERR,ERR,ERR,ERR,ERR,ERR,ERR,ERR,ERR,ERR,ERR,ERR,ERR,ERR,ERR,ERR,ERR,ERR,ERR,ERR,ERR,ERR,ERR,ERR,ERR,ERR,ERR,ERR,ERR,ERR,ERR,ERR,ERR,ERR,ERR,ERR,ERR,ERR,ERR,ERR,ERR,ERR,ERR,ERR,ERR,ERR,ERR,ERR,ERR,ERR,ERR,ERR,ERR,ERR,ERR,ERR,ERR,ERR,ERR,ERR,ERR,ERR,ERR,ERR,ERR,ERR,ERR,ERR,ERR,ERR,ERR,ERR,ERR,ERR,ERR,ERR,ERR,ERR,ERR,ERR,ERR,ERR,ERR,ERR,ERR,ERR,ERR,ERR,ERR,ERR,ERR,ERR,ERR,ERR,ERR,ERR,ERR,ERR,ERR,ERR,ERR,ERR,ERR,ERR,0.0,-0.0,3.028208139652935e+23,0.0,0.0,1.3936040501711995e+18,7.805,0.0,0,0,4,0,7300,-0.0,0,0.0,0.0,0.0,0.0,0.0,0,0,0,0,0.0,0,0,0,0,0,0,0,0,0,0,0,0,0,0,0,0,0,0,0,0,0,0,0,0,0,0,0,0,0,0,0,0,0,32,30,30,62,65476,0,300,0,0,8,21553,0.0,-107605600.0,0.0,0.0,0.0,0.0,0.0,0.0,0.0,0.0,0.0,0.0,0.0,0.0,0.0,0.0,0.0,0.0,0.0,0.0,0.0,0.0,2.004,-2.004,-0.0,-0.0,0.0,0.0,0.0,0.0,5560.0,-131350.703,6937.0,0.0,-0.0,-107615280.0,2.7184296605801213e+23,0.0,0.0,0.0,0.0,63,0.0,4.066861969379564e+29,0.0,0.0,0.0,0.0,0.0,0.0,0.0,0,0,0,0.0,0.0,0.0,0.0,0.0,0.0,0.0,0.0,0.0,0.0,0.0,0.0,0.0,0.0,0.0,0.0,0,-107875648.0,63,0.0,126,2.7184242562605685e+23,2.842318642297501e+23,ERR,ERR,ERR,ERR,ERR,ERR,ERR,ERR,ERR,ERR,ERR,ERR,ERR,ERR,ERR,ERR,ERR,ERR,ERR,ERR,ERR,ERR,ERR,ERR,ERR,ERR,ERR,ERR,ERR,ERR,ERR,ERR,ERR,ERR,ERR,ERR,ERR,ERR,ERR,ERR,ERR,ERR,ERR,ERR,ERR,ERR,ERR,ERR,ERR,ERR,ERR,ERR,ERR,ERR,ERR,ERR,ERR,ERR,ERR,ERR,ERR,ERR,ERR,ERR,ERR,ERR,ERR,34.0,80.0,35,0.0,0.0,0.0,0.0,0.0,0.0,0.0,0.0,0.0,0.0,0.0,0.0,0.0,0.0,0.0,0.0,64.4,0,116,56,49,65476,0,300,0,0,8,20529,65476,0,0,57672,80.0,0.0,0.0,0.0,0.0,0.0
2026-06-17T04:43:08,ERR,ERR,ERR,ERR,ERR,ERR,ERR,ERR,ERR,ERR,ERR,ERR,ERR,ERR,ERR,ERR,ERR,ERR,ERR,ERR,ERR,ERR,ERR,ERR,ERR,ERR,ERR,ERR,ERR,ERR,ERR,ERR,ERR,ERR,ERR,ERR,ERR,ERR,ERR,ERR,ERR,ERR,ERR,ERR,ERR,ERR,ERR,ERR,ERR,ERR,ERR,ERR,ERR,ERR,ERR,ERR,ERR,ERR,ERR,ERR,ERR,ERR,ERR,ERR,ERR,ERR,ERR,ERR,ERR,ERR,ERR,ERR,ERR,ERR,ERR,ERR,ERR,ERR,ERR,ERR,ERR,ERR,ERR,ERR,ERR,ERR,ERR,ERR,ERR,ERR,ERR,ERR,ERR,ERR,ERR,ERR,ERR,ERR,ERR,ERR,ERR,ERR,ERR,ERR,ERR,ERR,ERR,ERR,ERR,ERR,ERR,ERR,ERR,ERR,ERR,ERR,ERR,ERR,ERR,ERR,ERR,ERR,ERR,ERR,ERR,0.0,-0.0,3.028208139652935e+23,0.0,0.0,1.3936040501711995e+18,7.805,0.0,0,0,4,0,7300,-0.0,0,0.0,0.0,0.0,0.0,0.0,0,0,0,0,0.0,0,0,0,0,0,0,0,0,0,0,0,0,0,0,0,0,0,0,0,0,0,0,0,0,0,0,0,0,0,0,0,0,0,32,30,30,62,65476,0,300,0,0,8,21553,0.0,-107605600.0,0.0,0.0,0.0,0.0,0.0,0.0,0.0,0.0,0.0,0.0,0.0,0.0,0.0,0.0,0.0,0.0,0.0,0.0,0.0,0.0,2.004,-2.004,-0.0,-0.0,0.0,0.0,0.0,0.0,5560.0,-131350.703,6937.0,0.0,-0.0,-107615280.0,2.7184296605801213e+23,0.0,0.0,0.0,0.0,63,0.0,4.066861969379564e+29,0.0,0.0,0.0,0.0,0.0,0.0,0.0,0,0,0,0.0,0.0,0.0,0.0,0.0,0.0,0.0,0.0,0.0,0.0,0.0,0.0,0.0,0.0,0.0,0.0,0,-107875648.0,63,0.0,126,2.7184242562605685e+23,2.842318642297501e+23,ERR,ERR,ERR,ERR,ERR,ERR,ERR,ERR,ERR,ERR,ERR,ERR,ERR,ERR,ERR,ERR,ERR,ERR,ERR,ERR,ERR,ERR,ERR,ERR,ERR,ERR,ERR,ERR,ERR,ERR,ERR,ERR,ERR,ERR,ERR,ERR,ERR,ERR,ERR,ERR,ERR,ERR,ERR,ERR,ERR,ERR,ERR,ERR,ERR,ERR,ERR,ERR,ERR,ERR,ERR,ERR,ERR,ERR,ERR,ERR,ERR,ERR,ERR,ERR,ERR,ERR,ERR,34.0,80.0,35,0.0,0.0,0.0,0.0,0.0,0.0,0.0,0.0,0.0,0.0,0.0,0.0,0.0,0.0,0.0,0.0,64.4,0,116,56,49,65476,0,300,0,0,8,20529,65476,0,0,57672,80.0,0.0,0.0,0.0,0.0,0.0
2026-06-17T04:43:09,ERR,ERR,ERR,ERR,ERR,ERR,ERR,ERR,ERR,ERR,ERR,ERR,ERR,ERR,ERR,ERR,ERR,ERR,ERR,ERR,ERR,ERR,ERR,ERR,ERR,ERR,ERR,ERR,ERR,ERR,ERR,ERR,ERR,ERR,ERR,ERR,ERR,ERR,ERR,ERR,ERR,ERR,ERR,ERR,ERR,ERR,ERR,ERR,ERR,ERR,ERR,ERR,ERR,ERR,ERR,ERR,ERR,ERR,ERR,ERR,ERR,ERR,ERR,ERR,ERR,ERR,ERR,ERR,ERR,ERR,ERR,ERR,ERR,ERR,ERR,ERR,ERR,ERR,ERR,ERR,ERR,ERR,ERR,ERR,ERR,ERR,ERR,ERR,ERR,ERR,ERR,ERR,ERR,ERR,ERR,ERR,ERR,ERR,ERR,ERR,ERR,ERR,ERR,ERR,ERR,ERR,ERR,ERR,ERR,ERR,ERR,ERR,ERR,ERR,ERR,ERR,ERR,ERR,ERR,ERR,ERR,ERR,ERR,ERR,ERR,0.0,-0.0,3.028208139652935e+23,0.0,0.0,1.3936040501711995e+18,7.805,0.0,0,0,4,0,7300,-0.0,0,0.0,0.0,0.0,0.0,0.0,0,0,0,0,0.0,0,0,0,0,0,0,0,0,0,0,0,0,0,0,0,0,0,0,0,0,0,0,0,0,0,0,0,0,0,0,0,0,0,32,30,30,62,65476,0,300,0,0,8,21553,0.0,-107605600.0,0.0,0.0,0.0,0.0,0.0,0.0,0.0,0.0,0.0,0.0,0.0,0.0,0.0,0.0,0.0,0.0,0.0,0.0,0.0,0.0,2.004,-2.004,-0.0,-0.0,0.0,0.0,0.0,0.0,5560.0,-131350.703,6937.0,0.0,-0.0,-107615280.0,2.7184296605801213e+23,0.0,0.0,0.0,0.0,63,0.0,4.066861969379564e+29,0.0,0.0,0.0,0.0,0.0,0.0,0.0,0,0,0,0.0,0.0,0.0,0.0,0.0,0.0,0.0,0.0,0.0,0.0,0.0,0.0,0.0,0.0,0.0,0.0,0,-107875648.0,63,0.0,126,2.7184242562605685e+23,2.842318642297501e+23,ERR,ERR,ERR,ERR,ERR,ERR,ERR,ERR,ERR,ERR,ERR,ERR,ERR,ERR,ERR,ERR,ERR,ERR,ERR,ERR,ERR,ERR,ERR,ERR,ERR,ERR,ERR,ERR,ERR,ERR,ERR,ERR,ERR,ERR,ERR,ERR,ERR,ERR,ERR,ERR,ERR,ERR,ERR,ERR,ERR,ERR,ERR,ERR,ERR,ERR,ERR,ERR,ERR,ERR,ERR,ERR,ERR,ERR,ERR,ERR,ERR,ERR,ERR,ERR,ERR,ERR,ERR,34.0,80.0,35,0.0,0.0,0.0,0.0,0.0,0.0,0.0,0.0,0.0,0.0,0.0,0.0,0.0,0.0,0.0,0.0,64.4,0,116,56,49,65476,0,300,0,0,8,20529,65476,0,0,57672,80.0,0.0,0.0,0.0,0.0,0.0
2026-06-17T04:43:10,ERR,ERR,ERR,ERR,ERR,ERR,ERR,ERR,ERR,ERR,ERR,ERR,ERR,ERR,ERR,ERR,ERR,ERR,ERR,ERR,ERR,ERR,ERR,ERR,ERR,ERR,ERR,ERR,ERR,ERR,ERR,ERR,ERR,ERR,ERR,ERR,ERR,ERR,ERR,ERR,ERR,ERR,ERR,ERR,ERR,ERR,ERR,ERR,ERR,ERR,ERR,ERR,ERR,ERR,ERR,ERR,ERR,ERR,ERR,ERR,ERR,ERR,ERR,ERR,ERR,ERR,ERR,ERR,ERR,ERR,ERR,ERR,ERR,ERR,ERR,ERR,ERR,ERR,ERR,ERR,ERR,ERR,ERR,ERR,ERR,ERR,ERR,ERR,ERR,ERR,ERR,ERR,ERR,ERR,ERR,ERR,ERR,ERR,ERR,ERR,ERR,ERR,ERR,ERR,ERR,ERR,ERR,ERR,ERR,ERR,ERR,ERR,ERR,ERR,ERR,ERR,ERR,ERR,ERR,ERR,ERR,ERR,ERR,ERR,ERR,0.0,-0.0,-0.0,0.0,0.0,1.3936040501711995e+18,7.805,0.0,0,0,4,0,7300,-0.0,0,0.0,0.0,0.0,0.0,0.0,0,0,0,0,0.0,0,0,0,0,0,0,0,0,0,0,0,0,0,0,0,0,0,0,0,0,0,0,0,0,0,0,0,0,0,0,0,0,0,32,30,30,62,65476,0,300,0,0,8,21553,0.0,-107605600.0,0.0,0.0,0.0,0.0,0.0,0.0,0.0,0.0,0.0,0.0,0.0,0.0,0.0,0.0,0.0,0.0,0.0,0.0,0.0,0.0,2.004,-2.004,2.004,-0.0,0.0,0.0,0.0,0.0,5555.0,-0.0,6927.0,0.0,-0.0,-0.0,2.7184296605801213e+23,0.0,0.0,0.0,0.0,63,0.0,0.0,0.0,0.0,0.0,0.0,0.0,0.0,0.0,0,0,0,0.0,0.0,0.0,0.0,0.0,0.0,0.0,0.0,0.0,0.0,0.0,0.0,0.0,0.0,0.0,0.0,0,-107875648.0,63,0.0,126,2.7184242562605685e+23,2.842318642297501e+23,ERR,ERR,ERR,ERR,ERR,ERR,ERR,ERR,ERR,ERR,ERR,ERR,ERR,ERR,ERR,ERR,ERR,ERR,ERR,ERR,ERR,ERR,ERR,ERR,ERR,ERR,ERR,ERR,ERR,ERR,ERR,ERR,ERR,ERR,ERR,ERR,ERR,ERR,ERR,ERR,ERR,ERR,ERR,ERR,ERR,ERR,ERR,ERR,ERR,ERR,ERR,ERR,ERR,ERR,ERR,ERR,ERR,ERR,ERR,ERR,ERR,ERR,ERR,ERR,ERR,ERR,ERR,34.0,80.0,35,0.0,0.0,0.0,0.0,0.0,0.0,0.0,0.0,0.0,0.0,0.0,0.0,0.0,0.0,0.0,0.0,64.4,0,116,56,49,65476,0,300,0,0,8,20529,65476,0,0,57672,80.0,0.0,0.0,0.0,0.0,0.0
2026-06-17T04:43:11,ERR,ERR,ERR,ERR,ERR,ERR,ERR,ERR,ERR,ERR,ERR,ERR,ERR,ERR,ERR,ERR,ERR,ERR,ERR,ERR,ERR,ERR,ERR,ERR,ERR,ERR,ERR,ERR,ERR,ERR,ERR,ERR,ERR,ERR,ERR,ERR,ERR,ERR,ERR,ERR,ERR,ERR,ERR,ERR,ERR,ERR,ERR,ERR,ERR,ERR,ERR,ERR,ERR,ERR,ERR,ERR,ERR,ERR,ERR,ERR,ERR,ERR,ERR,ERR,ERR,ERR,ERR,ERR,ERR,ERR,ERR,ERR,ERR,ERR,ERR,ERR,ERR,ERR,ERR,ERR,ERR,ERR,ERR,ERR,ERR,ERR,ERR,ERR,ERR,ERR,ERR,ERR,ERR,ERR,ERR,ERR,ERR,ERR,ERR,ERR,ERR,ERR,ERR,ERR,ERR,ERR,ERR,ERR,ERR,ERR,ERR,ERR,ERR,ERR,ERR,ERR,ERR,ERR,ERR,ERR,ERR,ERR,ERR,ERR,ERR,0.0,-0.0,-0.0,0.0,0.0,1.3936040501711995e+18,7.805,0.0,0,0,4,0,7300,-0.0,0,0.0,0.0,0.0,0.0,0.0,0,0,0,0,0.0,0,0,0,0,0,0,0,0,0,0,0,0,0,0,0,0,0,0,0,0,0,0,0,0,0,0,0,0,0,0,0,0,0,32,30,30,62,65476,0,300,0,0,8,21553,0.0,-107605600.0,0.0,0.0,0.0,0.0,0.0,0.0,0.0,0.0,0.0,0.0,0.0,0.0,0.0,0.0,0.0,0.0,0.0,0.0,0.0,0.0,2.004,-2.004,2.004,-0.0,0.0,0.0,0.0,0.0,5555.0,-0.0,6927.0,0.0,-0.0,-0.0,2.7184296605801213e+23,0.0,0.0,0.0,0.0,63,0.0,0.0,0.0,0.0,0.0,0.0,0.0,0.0,0.0,0,0,0,0.0,0.0,0.0,0.0,0.0,0.0,0.0,0.0,0.0,0.0,0.0,0.0,0.0,0.0,0.0,0.0,0,-107875648.0,63,0.0,126,2.7184242562605685e+23,2.842318642297501e+23,ERR,ERR,ERR,ERR,ERR,ERR,ERR,ERR,ERR,ERR,ERR,ERR,ERR,ERR,ERR,ERR,ERR,ERR,ERR,ERR,ERR,ERR,ERR,ERR,ERR,ERR,ERR,ERR,ERR,ERR,ERR,ERR,ERR,ERR,ERR,ERR,ERR,ERR,ERR,ERR,ERR,ERR,ERR,ERR,ERR,ERR,ERR,ERR,ERR,ERR,ERR,ERR,ERR,ERR,ERR,ERR,ERR,ERR,ERR,ERR,ERR,ERR,ERR,ERR,ERR,ERR,ERR,34.0,80.0,35,0.0,0.0,0.0,0.0,0.0,0.0,0.0,0.0,0.0,0.0,0.0,0.0,0.0,0.0,0.0,0.0,64.4,0,116,56,49,65476,0,300,0,0,8,20529,65476,0,0,57672,80.0,0.0,0.0,0.0,0.0,0.0
2026-06-17T04:43:12,ERR,ERR,ERR,ERR,ERR,ERR,ERR,ERR,ERR,ERR,ERR,ERR,ERR,ERR,ERR,ERR,ERR,ERR,ERR,ERR,ERR,ERR,ERR,ERR,ERR,ERR,ERR,ERR,ERR,ERR,ERR,ERR,ERR,ERR,ERR,ERR,ERR,ERR,ERR,ERR,ERR,ERR,ERR,ERR,ERR,ERR,ERR,ERR,ERR,ERR,ERR,ERR,ERR,ERR,ERR,ERR,ERR,ERR,ERR,ERR,ERR,ERR,ERR,ERR,ERR,ERR,ERR,ERR,ERR,ERR,ERR,ERR,ERR,ERR,ERR,ERR,ERR,ERR,ERR,ERR,ERR,ERR,ERR,ERR,ERR,ERR,ERR,ERR,ERR,ERR,ERR,ERR,ERR,ERR,ERR,ERR,ERR,ERR,ERR,ERR,ERR,ERR,ERR,ERR,ERR,ERR,ERR,ERR,ERR,ERR,ERR,ERR,ERR,ERR,ERR,ERR,ERR,ERR,ERR,ERR,ERR,ERR,ERR,ERR,ERR,0.0,-0.0,-0.0,0.0,0.0,1.3936040501711995e+18,7.805,0.0,0,0,4,0,7300,-0.0,0,0.0,0.0,0.0,0.0,0.0,0,0,0,0,0.0,0,0,0,0,0,0,0,0,0,0,0,0,0,0,0,0,0,0,0,0,0,0,0,0,0,0,0,0,0,0,0,0,0,32,30,30,62,65476,0,300,0,0,8,21553,0.0,-107605600.0,0.0,0.0,0.0,0.0,0.0,0.0,0.0,0.0,0.0,0.0,0.0,0.0,0.0,0.0,0.0,0.0,0.0,0.0,0.0,0.0,2.004,-2.004,2.004,-0.0,0.0,0.0,0.0,0.0,5555.0,-0.0,6927.0,0.0,-0.0,-0.0,2.7184296605801213e+23,0.0,0.0,0.0,0.0,63,0.0,0.0,0.0,0.0,0.0,0.0,0.0,0.0,0.0,0,0,0,0.0,0.0,0.0,0.0,0.0,0.0,0.0,0.0,0.0,0.0,0.0,0.0,0.0,0.0,0.0,0.0,0,-107875648.0,63,0.0,126,2.7184242562605685e+23,2.842318642297501e+23,ERR,ERR,ERR,ERR,ERR,ERR,ERR,ERR,ERR,ERR,ERR,ERR,ERR,ERR,ERR,ERR,ERR,ERR,ERR,ERR,ERR,ERR,ERR,ERR,ERR,ERR,ERR,ERR,ERR,ERR,ERR,ERR,ERR,ERR,ERR,ERR,ERR,ERR,ERR,ERR,ERR,ERR,ERR,ERR,ERR,ERR,ERR,ERR,ERR,ERR,ERR,ERR,ERR,ERR,ERR,ERR,ERR,ERR,ERR,ERR,ERR,ERR,ERR,ERR,ERR,ERR,ERR,34.0,80.0,35,0.0,0.0,0.0,0.0,0.0,0.0,0.0,0.0,0.0,0.0,0.0,0.0,0.0,0.0,0.0,0.0,64.4,0,116,56,49,65476,0,300,0,0,8,20529,65476,0,0,57672,80.0,0.0,0.0,0.0,0.0,0.0
2026-06-17T04:43:13,ERR,ERR,ERR,ERR,ERR,ERR,ERR,ERR,ERR,ERR,ERR,ERR,ERR,ERR,ERR,ERR,ERR,ERR,ERR,ERR,ERR,ERR,ERR,ERR,ERR,ERR,ERR,ERR,ERR,ERR,ERR,ERR,ERR,ERR,ERR,ERR,ERR,ERR,ERR,ERR,ERR,ERR,ERR,ERR,ERR,ERR,ERR,ERR,ERR,ERR,ERR,ERR,ERR,ERR,ERR,ERR,ERR,ERR,ERR,ERR,ERR,ERR,ERR,ERR,ERR,ERR,ERR,ERR,ERR,ERR,ERR,ERR,ERR,ERR,ERR,ERR,ERR,ERR,ERR,ERR,ERR,ERR,ERR,ERR,ERR,ERR,ERR,ERR,ERR,ERR,ERR,ERR,ERR,ERR,ERR,ERR,ERR,ERR,ERR,ERR,ERR,ERR,ERR,ERR,ERR,ERR,ERR,ERR,ERR,ERR,ERR,ERR,ERR,ERR,ERR,ERR,ERR,ERR,ERR,ERR,ERR,ERR,ERR,ERR,ERR,0.0,-0.0,-0.0,0.0,0.0,1.3936040501711995e+18,7.805,0.0,0,0,4,0,7300,-0.0,0,0.0,0.0,0.0,0.0,0.0,0,0,0,0,0.0,0,0,0,0,0,0,0,0,0,0,0,0,0,0,0,0,0,0,0,0,0,0,0,0,0,0,0,0,0,0,0,0,0,32,30,30,62,65476,0,300,0,0,8,21553,0.0,-107605600.0,0.0,0.0,0.0,0.0,0.0,0.0,0.0,0.0,0.0,0.0,0.0,0.0,0.0,0.0,0.0,0.0,0.0,0.0,0.0,0.0,2.004,-2.004,2.004,-0.0,0.0,0.0,0.0,0.0,5555.0,-0.0,6927.0,0.0,-0.0,-0.0,2.7184296605801213e+23,0.0,0.0,0.0,0.0,63,0.0,0.0,0.0,0.0,0.0,0.0,0.0,0.0,0.0,0,0,0,0.0,0.0,0.0,0.0,0.0,0.0,0.0,0.0,0.0,0.0,0.0,0.0,0.0,0.0,0.0,0.0,0,-107875648.0,63,0.0,126,2.7184242562605685e+23,2.842318642297501e+23,ERR,ERR,ERR,ERR,ERR,ERR,ERR,ERR,ERR,ERR,ERR,ERR,ERR,ERR,ERR,ERR,ERR,ERR,ERR,ERR,ERR,ERR,ERR,ERR,ERR,ERR,ERR,ERR,ERR,ERR,ERR,ERR,ERR,ERR,ERR,ERR,ERR,ERR,ERR,ERR,ERR,ERR,ERR,ERR,ERR,ERR,ERR,ERR,ERR,ERR,ERR,ERR,ERR,ERR,ERR,ERR,ERR,ERR,ERR,ERR,ERR,ERR,ERR,ERR,ERR,ERR,ERR,34.0,80.0,35,0.0,0.0,0.0,0.0,0.0,0.0,0.0,0.0,0.0,0.0,0.0,0.0,0.0,0.0,0.0,0.0,64.8,0,116,56,49,65476,0,300,0,0,8,20529,65476,0,0,57672,80.0,0.0,0.0,0.0,0.0,0.0
2026-06-17T04:43:14,ERR,ERR,ERR,ERR,ERR,ERR,ERR,ERR,ERR,ERR,ERR,ERR,ERR,ERR,ERR,ERR,ERR,ERR,ERR,ERR,ERR,ERR,ERR,ERR,ERR,ERR,ERR,ERR,ERR,ERR,ERR,ERR,ERR,ERR,ERR,ERR,ERR,ERR,ERR,ERR,ERR,ERR,ERR,ERR,ERR,ERR,ERR,ERR,ERR,ERR,ERR,ERR,ERR,ERR,ERR,ERR,ERR,ERR,ERR,ERR,ERR,ERR,ERR,ERR,ERR,ERR,ERR,ERR,ERR,ERR,ERR,ERR,ERR,ERR,ERR,ERR,ERR,ERR,ERR,ERR,ERR,ERR,ERR,ERR,ERR,ERR,ERR,ERR,ERR,ERR,ERR,ERR,ERR,ERR,ERR,ERR,ERR,ERR,ERR,ERR,ERR,ERR,ERR,ERR,ERR,ERR,ERR,ERR,ERR,ERR,ERR,ERR,ERR,ERR,ERR,ERR,ERR,ERR,ERR,ERR,ERR,ERR,ERR,ERR,ERR,0.0,-0.0,-0.0,0.0,0.0,1.3936040501711995e+18,7.805,0.0,0,0,4,0,7300,-0.0,0,0.0,0.0,0.0,0.0,0.0,0,0,0,0,0.0,0,0,0,0,0,0,0,0,0,0,0,0,0,0,0,0,0,0,0,0,0,0,0,0,0,0,0,0,0,0,0,0,0,32,30,30,62,65476,0,300,0,0,8,21553,0.0,-107605600.0,0.0,0.0,0.0,0.0,0.0,0.0,0.0,0.0,0.0,0.0,0.0,0.0,0.0,0.0,0.0,0.0,0.0,0.0,0.0,0.0,2.004,-2.004,2.004,-0.0,0.0,0.0,0.0,0.0,5555.0,-0.0,6927.0,0.0,-0.0,-0.0,2.7184296605801213e+23,0.0,0.0,0.0,0.0,63,0.0,0.0,0.0,0.0,0.0,0.0,0.0,0.0,0.0,0,0,0,0.0,0.0,0.0,0.0,0.0,0.0,0.0,0.0,0.0,0.0,0.0,0.0,0.0,0.0,0.0,0.0,0,-107875648.0,63,0.0,126,2.7184242562605685e+23,2.842318642297501e+23,ERR,ERR,ERR,ERR,ERR,ERR,ERR,ERR,ERR,ERR,ERR,ERR,ERR,ERR,ERR,ERR,ERR,ERR,ERR,ERR,ERR,ERR,ERR,ERR,ERR,ERR,ERR,ERR,ERR,ERR,ERR,ERR,ERR,ERR,ERR,ERR,ERR,ERR,ERR,ERR,ERR,ERR,ERR,ERR,ERR,ERR,ERR,ERR,ERR,ERR,ERR,ERR,ERR,ERR,ERR,ERR,ERR,ERR,ERR,ERR,ERR,ERR,ERR,ERR,ERR,ERR,ERR,34.0,80.0,35,0.0,0.0,0.0,0.0,0.0,0.0,0.0,0.0,0.0,0.0,0.0,0.0,0.0,0.0,0.0,0.0,64.8,0,116,56,49,65476,0,300,0,0,8,20529,65476,0,0,57672,80.0,0.0,0.0,0.0,0.0,0.0
2026-06-17T04:43:15,ERR,ERR,ERR,ERR,ERR,ERR,ERR,ERR,ERR,ERR,ERR,ERR,ERR,ERR,ERR,ERR,ERR,ERR,ERR,ERR,ERR,ERR,ERR,ERR,ERR,ERR,ERR,ERR,ERR,ERR,ERR,ERR,ERR,ERR,ERR,ERR,ERR,ERR,ERR,ERR,ERR,ERR,ERR,ERR,ERR,ERR,ERR,ERR,ERR,ERR,ERR,ERR,ERR,ERR,ERR,ERR,ERR,ERR,ERR,ERR,ERR,ERR,ERR,ERR,ERR,ERR,ERR,ERR,ERR,ERR,ERR,ERR,ERR,ERR,ERR,ERR,ERR,ERR,ERR,ERR,ERR,ERR,ERR,ERR,ERR,ERR,ERR,ERR,ERR,ERR,ERR,ERR,ERR,ERR,ERR,ERR,ERR,ERR,ERR,ERR,ERR,ERR,ERR,ERR,ERR,ERR,ERR,ERR,ERR,ERR,ERR,ERR,ERR,ERR,ERR,ERR,ERR,ERR,ERR,ERR,ERR,ERR,ERR,ERR,ERR,0.0,-0.0,3.028208139652935e+23,0.0,0.0,1.3936040501711995e+18,7.805,0.0,0,0,4,0,7300,-0.0,0,0.0,0.0,0.0,0.0,0.0,0,0,0,0,0.0,0,0,0,0,0,0,0,0,0,0,0,0,0,0,0,0,0,0,0,0,0,0,0,0,0,0,0,0,0,0,0,0,0,32,30,30,62,65476,0,300,0,0,8,21553,0.0,-107605600.0,0.0,0.0,0.0,0.0,0.0,0.0,0.0,0.0,0.0,0.0,0.0,0.0,0.0,0.0,0.0,0.0,0.0,0.0,0.0,0.0,2.004,-2.004,-0.0,-0.0,0.0,0.0,0.0,0.0,5551.0,0.0,6914.0,0.0,-0.0,-107615280.0,2.7184296605801213e+23,0.0,0.0,0.0,0.0,63,-4.066878214320265e+29,-0.0,0.0,0.0,0.0,0.0,0.0,0.0,0.0,0,0,0,0.0,0.0,0.0,0.0,0.0,0.0,0.0,0.0,0.0,0.0,0.0,0.0,0.0,0.0,0.0,0.0,0,-107875648.0,63,0.0,126,2.7184242562605685e+23,2.842318642297501e+23,ERR,ERR,ERR,ERR,ERR,ERR,ERR,ERR,ERR,ERR,ERR,ERR,ERR,ERR,ERR,ERR,ERR,ERR,ERR,ERR,ERR,ERR,ERR,ERR,ERR,ERR,ERR,ERR,ERR,ERR,ERR,ERR,ERR,ERR,ERR,ERR,ERR,ERR,ERR,ERR,ERR,ERR,ERR,ERR,ERR,ERR,ERR,ERR,ERR,ERR,ERR,ERR,ERR,ERR,ERR,ERR,ERR,ERR,ERR,ERR,ERR,ERR,ERR,ERR,ERR,ERR,ERR,34.0,80.0,35,0.0,0.0,0.0,0.0,0.0,0.0,0.0,0.0,0.0,0.0,0.0,0.0,0.0,0.0,0.0,0.0,64.4,0,116,56,49,65476,0,300,0,0,8,20529,65476,0,0,57672,80.0,0.0,0.0,0.0,0.0,0.0
2026-06-17T04:43:16,ERR,ERR,ERR,ERR,ERR,ERR,ERR,ERR,ERR,ERR,ERR,ERR,ERR,ERR,ERR,ERR,ERR,ERR,ERR,ERR,ERR,ERR,ERR,ERR,ERR,ERR,ERR,ERR,ERR,ERR,ERR,ERR,ERR,ERR,ERR,ERR,ERR,ERR,ERR,ERR,ERR,ERR,ERR,ERR,ERR,ERR,ERR,ERR,ERR,ERR,ERR,ERR,ERR,ERR,ERR,ERR,ERR,ERR,ERR,ERR,ERR,ERR,ERR,ERR,ERR,ERR,ERR,ERR,ERR,ERR,ERR,ERR,ERR,ERR,ERR,ERR,ERR,ERR,ERR,ERR,ERR,ERR,ERR,ERR,ERR,ERR,ERR,ERR,ERR,ERR,ERR,ERR,ERR,ERR,ERR,ERR,ERR,ERR,ERR,ERR,ERR,ERR,ERR,ERR,ERR,ERR,ERR,ERR,ERR,ERR,ERR,ERR,ERR,ERR,ERR,ERR,ERR,ERR,ERR,ERR,ERR,ERR,ERR,ERR,ERR,0.0,-0.0,3.028208139652935e+23,0.0,0.0,1.3936040501711995e+18,7.805,0.0,0,0,4,0,7300,-0.0,0,0.0,0.0,0.0,0.0,0.0,0,0,0,0,0.0,0,0,0,0,0,0,0,0,0,0,0,0,0,0,0,0,0,0,0,0,0,0,0,0,0,0,0,0,0,0,0,0,0,32,30,30,62,65476,0,300,0,0,8,21553,0.0,-107605600.0,0.0,0.0,0.0,0.0,0.0,0.0,0.0,0.0,0.0,0.0,0.0,0.0,0.0,0.0,0.0,0.0,0.0,0.0,0.0,0.0,2.004,-2.004,-0.0,-0.0,0.0,0.0,0.0,0.0,5551.0,0.0,6914.0,0.0,-0.0,-107615280.0,2.7184296605801213e+23,0.0,0.0,0.0,0.0,63,-4.066878214320265e+29,-0.0,0.0,0.0,0.0,0.0,0.0,0.0,0.0,0,0,0,0.0,0.0,0.0,0.0,0.0,0.0,0.0,0.0,0.0,0.0,0.0,0.0,0.0,0.0,0.0,0.0,0,-107875648.0,63,0.0,126,2.7184242562605685e+23,2.842318642297501e+23,ERR,ERR,ERR,ERR,ERR,ERR,ERR,ERR,ERR,ERR,ERR,ERR,ERR,ERR,ERR,ERR,ERR,ERR,ERR,ERR,ERR,ERR,ERR,ERR,ERR,ERR,ERR,ERR,ERR,ERR,ERR,ERR,ERR,ERR,ERR,ERR,ERR,ERR,ERR,ERR,ERR,ERR,ERR,ERR,ERR,ERR,ERR,ERR,ERR,ERR,ERR,ERR,ERR,ERR,ERR,ERR,ERR,ERR,ERR,ERR,ERR,ERR,ERR,ERR,ERR,ERR,ERR,34.0,80.0,35,0.0,0.0,0.0,0.0,0.0,0.0,0.0,0.0,0.0,0.0,0.0,0.0,0.0,0.0,0.0,0.0,64.4,0,116,56,49,65476,0,300,0,0,8,20529,65476,0,0,57672,80.0,0.0,0.0,0.0,0.0,0.0
2026-06-17T04:43:17,ERR,ERR,ERR,ERR,ERR,ERR,ERR,ERR,ERR,ERR,ERR,ERR,ERR,ERR,ERR,ERR,ERR,ERR,ERR,ERR,ERR,ERR,ERR,ERR,ERR,ERR,ERR,ERR,ERR,ERR,ERR,ERR,ERR,ERR,ERR,ERR,ERR,ERR,ERR,ERR,ERR,ERR,ERR,ERR,ERR,ERR,ERR,ERR,ERR,ERR,ERR,ERR,ERR,ERR,ERR,ERR,ERR,ERR,ERR,ERR,ERR,ERR,ERR,ERR,ERR,ERR,ERR,ERR,ERR,ERR,ERR,ERR,ERR,ERR,ERR,ERR,ERR,ERR,ERR,ERR,ERR,ERR,ERR,ERR,ERR,ERR,ERR,ERR,ERR,ERR,ERR,ERR,ERR,ERR,ERR,ERR,ERR,ERR,ERR,ERR,ERR,ERR,ERR,ERR,ERR,ERR,ERR,ERR,ERR,ERR,ERR,ERR,ERR,ERR,ERR,ERR,ERR,ERR,ERR,ERR,ERR,ERR,ERR,ERR,ERR,0.0,-0.0,3.028208139652935e+23,0.0,0.0,1.3936040501711995e+18,7.805,0.0,0,0,4,0,7300,-0.0,0,0.0,0.0,0.0,0.0,0.0,0,0,0,0,0.0,0,0,0,0,0,0,0,0,0,0,0,0,0,0,0,0,0,0,0,0,0,0,0,0,0,0,0,0,0,0,0,0,0,32,30,30,62,65476,0,300,0,0,8,21553,0.0,-107605600.0,0.0,0.0,0.0,0.0,0.0,0.0,0.0,0.0,0.0,0.0,0.0,0.0,0.0,0.0,0.0,0.0,0.0,0.0,0.0,0.0,2.004,-2.004,-0.0,-0.0,0.0,0.0,0.0,0.0,5551.0,0.0,6914.0,0.0,-0.0,-107615280.0,2.7184296605801213e+23,0.0,0.0,0.0,0.0,63,-4.066878214320265e+29,-0.0,0.0,0.0,0.0,0.0,0.0,0.0,0.0,0,0,0,0.0,0.0,0.0,0.0,0.0,0.0,0.0,0.0,0.0,0.0,0.0,0.0,0.0,0.0,0.0,0.0,0,-107875648.0,63,0.0,126,2.7184242562605685e+23,2.842318642297501e+23,ERR,ERR,ERR,ERR,ERR,ERR,ERR,ERR,ERR,ERR,ERR,ERR,ERR,ERR,ERR,ERR,ERR,ERR,ERR,ERR,ERR,ERR,ERR,ERR,ERR,ERR,ERR,ERR,ERR,ERR,ERR,ERR,ERR,ERR,ERR,ERR,ERR,ERR,ERR,ERR,ERR,ERR,ERR,ERR,ERR,ERR,ERR,ERR,ERR,ERR,ERR,ERR,ERR,ERR,ERR,ERR,ERR,ERR,ERR,ERR,ERR,ERR,ERR,ERR,ERR,ERR,ERR,34.0,80.0,35,0.0,0.0,0.0,0.0,0.0,0.0,0.0,0.0,0.0,0.0,0.0,0.0,0.0,0.0,0.0,0.0,64.4,0,116,56,49,65476,0,300,0,0,8,20529,65476,0,0,57672,80.0,0.0,0.0,0.0,0.0,0.0
2026-06-17T04:43:18,ERR,ERR,ERR,ERR,ERR,ERR,ERR,ERR,ERR,ERR,ERR,ERR,ERR,ERR,ERR,ERR,ERR,ERR,ERR,ERR,ERR,ERR,ERR,ERR,ERR,ERR,ERR,ERR,ERR,ERR,ERR,ERR,ERR,ERR,ERR,ERR,ERR,ERR,ERR,ERR,ERR,ERR,ERR,ERR,ERR,ERR,ERR,ERR,ERR,ERR,ERR,ERR,ERR,ERR,ERR,ERR,ERR,ERR,ERR,ERR,ERR,ERR,ERR,ERR,ERR,ERR,ERR,ERR,ERR,ERR,ERR,ERR,ERR,ERR,ERR,ERR,ERR,ERR,ERR,ERR,ERR,ERR,ERR,ERR,ERR,ERR,ERR,ERR,ERR,ERR,ERR,ERR,ERR,ERR,ERR,ERR,ERR,ERR,ERR,ERR,ERR,ERR,ERR,ERR,ERR,ERR,ERR,ERR,ERR,ERR,ERR,ERR,ERR,ERR,ERR,ERR,ERR,ERR,ERR,ERR,ERR,ERR,ERR,ERR,ERR,0.0,-0.0,3.028208139652935e+23,0.0,0.0,1.3936040501711995e+18,7.805,0.0,0,0,4,0,7300,-0.0,0,0.0,0.0,0.0,0.0,0.0,0,0,0,0,0.0,0,0,0,0,0,0,0,0,0,0,0,0,0,0,0,0,0,0,0,0,0,0,0,0,0,0,0,0,0,0,0,0,0,32,30,30,62,65476,0,300,0,0,8,21553,0.0,-107605600.0,0.0,0.0,0.0,0.0,0.0,0.0,0.0,0.0,0.0,0.0,0.0,0.0,0.0,0.0,0.0,0.0,0.0,0.0,0.0,0.0,2.004,-2.004,-0.0,-0.0,0.0,0.0,0.0,0.0,5551.0,0.0,6914.0,0.0,-0.0,-107615280.0,2.7184296605801213e+23,0.0,0.0,0.0,0.0,63,-4.066878214320265e+29,-0.0,0.0,0.0,0.0,0.0,0.0,0.0,0.0,0,0,0,0.0,0.0,0.0,0.0,0.0,0.0,0.0,0.0,0.0,0.0,0.0,0.0,0.0,0.0,0.0,0.0,0,-107875648.0,63,0.0,126,2.7184242562605685e+23,2.842318642297501e+23,ERR,ERR,ERR,ERR,ERR,ERR,ERR,ERR,ERR,ERR,ERR,ERR,ERR,ERR,ERR,ERR,ERR,ERR,ERR,ERR,ERR,ERR,ERR,ERR,ERR,ERR,ERR,ERR,ERR,ERR,ERR,ERR,ERR,ERR,ERR,ERR,ERR,ERR,ERR,ERR,ERR,ERR,ERR,ERR,ERR,ERR,ERR,ERR,ERR,ERR,ERR,ERR,ERR,ERR,ERR,ERR,ERR,ERR,ERR,ERR,ERR,ERR,ERR,ERR,ERR,ERR,ERR,34.0,80.0,35,0.0,0.0,0.0,0.0,0.0,0.0,0.0,0.0,0.0,0.0,0.0,0.0,0.0,0.0,0.0,0.0,64.4,0,116,56,49,65476,0,300,0,0,8,20529,65476,0,0,57672,80.0,0.0,0.0,0.0,0.0,0.0
2026-06-17T04:43:19,ERR,ERR,ERR,ERR,ERR,ERR,ERR,ERR,ERR,ERR,ERR,ERR,ERR,ERR,ERR,ERR,ERR,ERR,ERR,ERR,ERR,ERR,ERR,ERR,ERR,ERR,ERR,ERR,ERR,ERR,ERR,ERR,ERR,ERR,ERR,ERR,ERR,ERR,ERR,ERR,ERR,ERR,ERR,ERR,ERR,ERR,ERR,ERR,ERR,ERR,ERR,ERR,ERR,ERR,ERR,ERR,ERR,ERR,ERR,ERR,ERR,ERR,ERR,ERR,ERR,ERR,ERR,ERR,ERR,ERR,ERR,ERR,ERR,ERR,ERR,ERR,ERR,ERR,ERR,ERR,ERR,ERR,ERR,ERR,ERR,ERR,ERR,ERR,ERR,ERR,ERR,ERR,ERR,ERR,ERR,ERR,ERR,ERR,ERR,ERR,ERR,ERR,ERR,ERR,ERR,ERR,ERR,ERR,ERR,ERR,ERR,ERR,ERR,ERR,ERR,ERR,ERR,ERR,ERR,ERR,ERR,ERR,ERR,ERR,ERR,0.0,-0.0,3.028208139652935e+23,0.0,0.0,1.3936040501711995e+18,7.805,0.0,0,0,4,0,7300,-0.0,0,0.0,0.0,0.0,0.0,0.0,0,0,0,0,0.0,0,0,0,0,0,0,0,0,0,0,0,0,0,0,0,0,0,0,0,0,0,0,0,0,0,0,0,0,0,0,0,0,0,32,30,30,62,65476,0,300,0,0,8,21553,0.0,-107605600.0,0.0,0.0,0.0,0.0,0.0,0.0,0.0,0.0,0.0,0.0,0.0,0.0,0.0,0.0,0.0,0.0,0.0,0.0,0.0,0.0,2.004,-2.004,-0.0,-0.0,0.0,0.0,0.0,0.0,5551.0,0.0,6914.0,0.0,-0.0,-107615280.0,2.7184296605801213e+23,0.0,0.0,0.0,0.0,63,-4.066878214320265e+29,-0.0,0.0,0.0,0.0,0.0,0.0,0.0,0.0,0,0,0,0.0,0.0,0.0,0.0,0.0,0.0,0.0,0.0,0.0,0.0,0.0,0.0,0.0,0.0,0.0,0.0,0,-107875648.0,63,0.0,126,2.7184242562605685e+23,2.842318642297501e+23,ERR,ERR,ERR,ERR,ERR,ERR,ERR,ERR,ERR,ERR,ERR,ERR,ERR,ERR,ERR,ERR,ERR,ERR,ERR,ERR,ERR,ERR,ERR,ERR,ERR,ERR,ERR,ERR,ERR,ERR,ERR,ERR,ERR,ERR,ERR,ERR,ERR,ERR,ERR,ERR,ERR,ERR,ERR,ERR,ERR,ERR,ERR,ERR,ERR,ERR,ERR,ERR,ERR,ERR,ERR,ERR,ERR,ERR,ERR,ERR,ERR,ERR,ERR,ERR,ERR,ERR,ERR,34.0,80.0,35,0.0,0.0,0.0,0.0,0.0,0.0,0.0,0.0,0.0,0.0,0.0,0.0,0.0,0.0,0.0,0.0,64.4,0,116,56,49,65476,0,300,0,0,8,20529,65476,0,0,57672,80.0,0.0,0.0,0.0,0.0,0.0
2026-06-17T04:43:20,ERR,ERR,ERR,ERR,ERR,ERR,ERR,ERR,ERR,ERR,ERR,ERR,ERR,ERR,ERR,ERR,ERR,ERR,ERR,ERR,ERR,ERR,ERR,ERR,ERR,ERR,ERR,ERR,ERR,ERR,ERR,ERR,ERR,ERR,ERR,ERR,ERR,ERR,ERR,ERR,ERR,ERR,ERR,ERR,ERR,ERR,ERR,ERR,ERR,ERR,ERR,ERR,ERR,ERR,ERR,ERR,ERR,ERR,ERR,ERR,ERR,ERR,ERR,ERR,ERR,ERR,ERR,ERR,ERR,ERR,ERR,ERR,ERR,ERR,ERR,ERR,ERR,ERR,ERR,ERR,ERR,ERR,ERR,ERR,ERR,ERR,ERR,ERR,ERR,ERR,ERR,ERR,ERR,ERR,ERR,ERR,ERR,ERR,ERR,ERR,ERR,ERR,ERR,ERR,ERR,ERR,ERR,ERR,ERR,ERR,ERR,ERR,ERR,ERR,ERR,ERR,ERR,ERR,ERR,ERR,ERR,ERR,ERR,ERR,ERR,0.0,-0.0,-0.0,0.0,0.0,1.3936040501711995e+18,7.805,0.0,0,0,4,0,7300,-0.0,0,0.0,0.0,0.0,0.0,0.0,0,0,0,0,0.0,0,0,0,0,0,0,0,0,0,0,0,0,0,0,0,0,0,0,0,0,0,0,0,0,0,0,0,0,0,0,0,0,0,32,30,30,62,65476,0,300,0,0,8,21553,0.0,-107605600.0,0.0,0.0,0.0,0.0,0.0,0.0,0.0,0.0,0.0,0.0,0.0,0.0,0.0,0.0,0.0,0.0,0.0,0.0,0.0,0.0,2.004,-2.004,-0.0,-0.0,0.0,0.0,0.0,0.0,5558.0,0.0,6914.0,0.0,-0.0,-107615280.0,2.7184296605801213e+23,0.0,0.0,0.0,0.0,63,0.0,-0.0,0.0,0.0,0.0,0.0,0.0,0.0,0.0,0,0,0,0.0,0.0,0.0,0.0,0.0,0.0,0.0,0.0,0.0,0.0,0.0,0.0,0.0,0.0,0.0,0.0,0,-107875648.0,63,0.0,126,2.7184242562605685e+23,2.842318642297501e+23,ERR,ERR,ERR,ERR,ERR,ERR,ERR,ERR,ERR,ERR,ERR,ERR,ERR,ERR,ERR,ERR,ERR,ERR,ERR,ERR,ERR,ERR,ERR,ERR,ERR,ERR,ERR,ERR,ERR,ERR,ERR,ERR,ERR,ERR,ERR,ERR,ERR,ERR,ERR,ERR,ERR,ERR,ERR,ERR,ERR,ERR,ERR,ERR,ERR,ERR,ERR,ERR,ERR,ERR,ERR,ERR,ERR,ERR,ERR,ERR,ERR,ERR,ERR,ERR,ERR,ERR,ERR,34.0,80.0,35,0.0,0.0,0.0,0.0,0.0,0.0,0.0,0.0,0.0,0.0,0.0,0.0,0.0,0.0,0.0,0.0,64.4,0,116,56,49,65476,0,300,0,0,8,20529,65476,0,0,57672,80.0,0.0,0.0,0.0,0.0,0.0
2026-06-17T04:43:21,ERR,ERR,ERR,ERR,ERR,ERR,ERR,ERR,ERR,ERR,ERR,ERR,ERR,ERR,ERR,ERR,ERR,ERR,ERR,ERR,ERR,ERR,ERR,ERR,ERR,ERR,ERR,ERR,ERR,ERR,ERR,ERR,ERR,ERR,ERR,ERR,ERR,ERR,ERR,ERR,ERR,ERR,ERR,ERR,ERR,ERR,ERR,ERR,ERR,ERR,ERR,ERR,ERR,ERR,ERR,ERR,ERR,ERR,ERR,ERR,ERR,ERR,ERR,ERR,ERR,ERR,ERR,ERR,ERR,ERR,ERR,ERR,ERR,ERR,ERR,ERR,ERR,ERR,ERR,ERR,ERR,ERR,ERR,ERR,ERR,ERR,ERR,ERR,ERR,ERR,ERR,ERR,ERR,ERR,ERR,ERR,ERR,ERR,ERR,ERR,ERR,ERR,ERR,ERR,ERR,ERR,ERR,ERR,ERR,ERR,ERR,ERR,ERR,ERR,ERR,ERR,ERR,ERR,ERR,ERR,ERR,ERR,ERR,ERR,ERR,0.0,-0.0,-0.0,0.0,0.0,1.3936040501711995e+18,7.805,0.0,0,0,4,0,7300,-0.0,0,0.0,0.0,0.0,0.0,0.0,0,0,0,0,0.0,0,0,0,0,0,0,0,0,0,0,0,0,0,0,0,0,0,0,0,0,0,0,0,0,0,0,0,0,0,0,0,0,0,32,30,30,62,65476,0,300,0,0,8,21553,0.0,-107605600.0,0.0,0.0,0.0,0.0,0.0,0.0,0.0,0.0,0.0,0.0,0.0,0.0,0.0,0.0,0.0,0.0,0.0,0.0,0.0,0.0,2.004,-2.004,-0.0,-0.0,0.0,0.0,0.0,0.0,5558.0,0.0,6914.0,0.0,-0.0,-107615280.0,2.7184296605801213e+23,0.0,0.0,0.0,0.0,63,0.0,-0.0,0.0,0.0,0.0,0.0,0.0,0.0,0.0,0,0,0,0.0,0.0,0.0,0.0,0.0,0.0,0.0,0.0,0.0,0.0,0.0,0.0,0.0,0.0,0.0,0.0,0,-107875648.0,63,0.0,126,2.7184242562605685e+23,2.842318642297501e+23,ERR,ERR,ERR,ERR,ERR,ERR,ERR,ERR,ERR,ERR,ERR,ERR,ERR,ERR,ERR,ERR,ERR,ERR,ERR,ERR,ERR,ERR,ERR,ERR,ERR,ERR,ERR,ERR,ERR,ERR,ERR,ERR,ERR,ERR,ERR,ERR,ERR,ERR,ERR,ERR,ERR,ERR,ERR,ERR,ERR,ERR,ERR,ERR,ERR,ERR,ERR,ERR,ERR,ERR,ERR,ERR,ERR,ERR,ERR,ERR,ERR,ERR,ERR,ERR,ERR,ERR,ERR,34.0,80.0,35,0.0,0.0,0.0,0.0,0.0,0.0,0.0,0.0,0.0,0.0,0.0,0.0,0.0,0.0,0.0,0.0,64.8,0,116,56,49,65476,0,300,0,0,8,20529,65476,0,0,57672,80.0,0.0,0.0,0.0,0.0,0.0
2026-06-17T04:43:22,ERR,ERR,ERR,ERR,ERR,ERR,ERR,ERR,ERR,ERR,ERR,ERR,ERR,ERR,ERR,ERR,ERR,ERR,ERR,ERR,ERR,ERR,ERR,ERR,ERR,ERR,ERR,ERR,ERR,ERR,ERR,ERR,ERR,ERR,ERR,ERR,ERR,ERR,ERR,ERR,ERR,ERR,ERR,ERR,ERR,ERR,ERR,ERR,ERR,ERR,ERR,ERR,ERR,ERR,ERR,ERR,ERR,ERR,ERR,ERR,ERR,ERR,ERR,ERR,ERR,ERR,ERR,ERR,ERR,ERR,ERR,ERR,ERR,ERR,ERR,ERR,ERR,ERR,ERR,ERR,ERR,ERR,ERR,ERR,ERR,ERR,ERR,ERR,ERR,ERR,ERR,ERR,ERR,ERR,ERR,ERR,ERR,ERR,ERR,ERR,ERR,ERR,ERR,ERR,ERR,ERR,ERR,ERR,ERR,ERR,ERR,ERR,ERR,ERR,ERR,ERR,ERR,ERR,ERR,ERR,ERR,ERR,ERR,ERR,ERR,0.0,-0.0,-0.0,0.0,0.0,1.3936040501711995e+18,7.805,0.0,0,0,4,0,7300,-0.0,0,0.0,0.0,0.0,0.0,0.0,0,0,0,0,0.0,0,0,0,0,0,0,0,0,0,0,0,0,0,0,0,0,0,0,0,0,0,0,0,0,0,0,0,0,0,0,0,0,0,32,30,30,62,65476,0,300,0,0,8,21553,0.0,-107605600.0,0.0,0.0,0.0,0.0,0.0,0.0,0.0,0.0,0.0,0.0,0.0,0.0,0.0,0.0,0.0,0.0,0.0,0.0,0.0,0.0,2.004,-2.004,-0.0,-0.0,0.0,0.0,0.0,0.0,5558.0,0.0,6914.0,0.0,-0.0,-107615280.0,2.7184296605801213e+23,0.0,0.0,0.0,0.0,63,0.0,-0.0,0.0,0.0,0.0,0.0,0.0,0.0,0.0,0,0,0,0.0,0.0,0.0,0.0,0.0,0.0,0.0,0.0,0.0,0.0,0.0,0.0,0.0,0.0,0.0,0.0,0,-107875648.0,63,0.0,126,2.7184242562605685e+23,2.842318642297501e+23,ERR,ERR,ERR,ERR,ERR,ERR,ERR,ERR,ERR,ERR,ERR,ERR,ERR,ERR,ERR,ERR,ERR,ERR,ERR,ERR,ERR,ERR,ERR,ERR,ERR,ERR,ERR,ERR,ERR,ERR,ERR,ERR,ERR,ERR,ERR,ERR,ERR,ERR,ERR,ERR,ERR,ERR,ERR,ERR,ERR,ERR,ERR,ERR,ERR,ERR,ERR,ERR,ERR,ERR,ERR,ERR,ERR,ERR,ERR,ERR,ERR,ERR,ERR,ERR,ERR,ERR,ERR,34.0,80.0,35,0.0,0.0,0.0,0.0,0.0,0.0,0.0,0.0,0.0,0.0,0.0,0.0,0.0,0.0,0.0,0.0,64.4,0,116,56,49,65476,0,300,0,0,8,20529,65476,0,0,57672,80.0,0.0,0.0,0.0,0.0,0.0
2026-06-17T04:43:23,ERR,ERR,ERR,ERR,ERR,ERR,ERR,ERR,ERR,ERR,ERR,ERR,ERR,ERR,ERR,ERR,ERR,ERR,ERR,ERR,ERR,ERR,ERR,ERR,ERR,ERR,ERR,ERR,ERR,ERR,ERR,ERR,ERR,ERR,ERR,ERR,ERR,ERR,ERR,ERR,ERR,ERR,ERR,ERR,ERR,ERR,ERR,ERR,ERR,ERR,ERR,ERR,ERR,ERR,ERR,ERR,ERR,ERR,ERR,ERR,ERR,ERR,ERR,ERR,ERR,ERR,ERR,ERR,ERR,ERR,ERR,ERR,ERR,ERR,ERR,ERR,ERR,ERR,ERR,ERR,ERR,ERR,ERR,ERR,ERR,ERR,ERR,ERR,ERR,ERR,ERR,ERR,ERR,ERR,ERR,ERR,ERR,ERR,ERR,ERR,ERR,ERR,ERR,ERR,ERR,ERR,ERR,ERR,ERR,ERR,ERR,ERR,ERR,ERR,ERR,ERR,ERR,ERR,ERR,ERR,ERR,ERR,ERR,ERR,ERR,0.0,-0.0,-0.0,0.0,0.0,1.3936040501711995e+18,7.805,0.0,0,0,4,0,7300,-0.0,0,0.0,0.0,0.0,0.0,0.0,0,0,0,0,0.0,0,0,0,0,0,0,0,0,0,0,0,0,0,0,0,0,0,0,0,0,0,0,0,0,0,0,0,0,0,0,0,0,0,32,30,30,62,65476,0,300,0,0,8,21553,0.0,-107605600.0,0.0,0.0,0.0,0.0,0.0,0.0,0.0,0.0,0.0,0.0,0.0,0.0,0.0,0.0,0.0,0.0,0.0,0.0,0.0,0.0,2.004,-2.004,-0.0,-0.0,0.0,0.0,0.0,0.0,5558.0,0.0,6914.0,0.0,-0.0,-107615280.0,2.7184296605801213e+23,0.0,0.0,0.0,0.0,63,0.0,-0.0,0.0,0.0,0.0,0.0,0.0,0.0,0.0,0,0,0,0.0,0.0,0.0,0.0,0.0,0.0,0.0,0.0,0.0,0.0,0.0,0.0,0.0,0.0,0.0,0.0,0,-107875648.0,63,0.0,126,2.7184242562605685e+23,2.842318642297501e+23,ERR,ERR,ERR,ERR,ERR,ERR,ERR,ERR,ERR,ERR,ERR,ERR,ERR,ERR,ERR,ERR,ERR,ERR,ERR,ERR,ERR,ERR,ERR,ERR,ERR,ERR,ERR,ERR,ERR,ERR,ERR,ERR,ERR,ERR,ERR,ERR,ERR,ERR,ERR,ERR,ERR,ERR,ERR,ERR,ERR,ERR,ERR,ERR,ERR,ERR,ERR,ERR,ERR,ERR,ERR,ERR,ERR,ERR,ERR,ERR,ERR,ERR,ERR,ERR,ERR,ERR,ERR,34.0,80.0,35,0.0,0.0,0.0,0.0,0.0,0.0,0.0,0.0,0.0,0.0,0.0,0.0,0.0,0.0,0.0,0.0,64.4,0,116,56,49,65476,0,300,0,0,8,20529,65476,0,0,57672,80.0,0.0,0.0,0.0,0.0,0.0
2026-06-17T04:43:24,ERR,ERR,ERR,ERR,ERR,ERR,ERR,ERR,ERR,ERR,ERR,ERR,ERR,ERR,ERR,ERR,ERR,ERR,ERR,ERR,ERR,ERR,ERR,ERR,ERR,ERR,ERR,ERR,ERR,ERR,ERR,ERR,ERR,ERR,ERR,ERR,ERR,ERR,ERR,ERR,ERR,ERR,ERR,ERR,ERR,ERR,ERR,ERR,ERR,ERR,ERR,ERR,ERR,ERR,ERR,ERR,ERR,ERR,ERR,ERR,ERR,ERR,ERR,ERR,ERR,ERR,ERR,ERR,ERR,ERR,ERR,ERR,ERR,ERR,ERR,ERR,ERR,ERR,ERR,ERR,ERR,ERR,ERR,ERR,ERR,ERR,ERR,ERR,ERR,ERR,ERR,ERR,ERR,ERR,ERR,ERR,ERR,ERR,ERR,ERR,ERR,ERR,ERR,ERR,ERR,ERR,ERR,ERR,ERR,ERR,ERR,ERR,ERR,ERR,ERR,ERR,ERR,ERR,ERR,ERR,ERR,ERR,ERR,ERR,ERR,0.0,-0.0,-0.0,0.0,0.0,1.3936040501711995e+18,7.805,0.0,0,0,4,0,7300,-0.0,0,0.0,0.0,0.0,0.0,0.0,0,0,0,0,0.0,0,0,0,0,0,0,0,0,0,0,0,0,0,0,0,0,0,0,0,0,0,0,0,0,0,0,0,0,0,0,0,0,0,32,30,30,62,65476,0,300,0,0,8,21553,0.0,-107605600.0,0.0,0.0,0.0,0.0,0.0,0.0,0.0,0.0,0.0,0.0,0.0,0.0,0.0,0.0,0.0,0.0,0.0,0.0,0.0,0.0,2.004,-2.004,-0.0,-0.0,0.0,0.0,0.0,0.0,5558.0,0.0,6914.0,0.0,-0.0,-107615280.0,2.7184296605801213e+23,0.0,0.0,0.0,0.0,63,0.0,-0.0,0.0,0.0,0.0,0.0,0.0,0.0,0.0,0,0,0,0.0,0.0,0.0,0.0,0.0,0.0,0.0,0.0,0.0,0.0,0.0,0.0,0.0,0.0,0.0,0.0,0,-107875648.0,63,0.0,126,2.7184242562605685e+23,2.842318642297501e+23,ERR,ERR,ERR,ERR,ERR,ERR,ERR,ERR,ERR,ERR,ERR,ERR,ERR,ERR,ERR,ERR,ERR,ERR,ERR,ERR,ERR,ERR,ERR,ERR,ERR,ERR,ERR,ERR,ERR,ERR,ERR,ERR,ERR,ERR,ERR,ERR,ERR,ERR,ERR,ERR,ERR,ERR,ERR,ERR,ERR,ERR,ERR,ERR,ERR,ERR,ERR,ERR,ERR,ERR,ERR,ERR,ERR,ERR,ERR,ERR,ERR,ERR,ERR,ERR,ERR,ERR,ERR,34.0,80.0,35,0.0,0.0,0.0,0.0,0.0,0.0,0.0,0.0,0.0,0.0,0.0,0.0,0.0,0.0,0.0,0.0,64.8,0,116,56,49,65476,0,300,0,0,8,20529,65476,0,0,57672,80.0,0.0,0.0,0.0,0.0,0.0
2026-06-17T04:43:25,ERR,ERR,ERR,ERR,ERR,ERR,ERR,ERR,ERR,ERR,ERR,ERR,ERR,ERR,ERR,ERR,ERR,ERR,ERR,ERR,ERR,ERR,ERR,ERR,ERR,ERR,ERR,ERR,ERR,ERR,ERR,ERR,ERR,ERR,ERR,ERR,ERR,ERR,ERR,ERR,ERR,ERR,ERR,ERR,ERR,ERR,ERR,ERR,ERR,ERR,ERR,ERR,ERR,ERR,ERR,ERR,ERR,ERR,ERR,ERR,ERR,ERR,ERR,ERR,ERR,ERR,ERR,ERR,ERR,ERR,ERR,ERR,ERR,ERR,ERR,ERR,ERR,ERR,ERR,ERR,ERR,ERR,ERR,ERR,ERR,ERR,ERR,ERR,ERR,ERR,ERR,ERR,ERR,ERR,ERR,ERR,ERR,ERR,ERR,ERR,ERR,ERR,ERR,ERR,ERR,ERR,ERR,ERR,ERR,ERR,ERR,ERR,ERR,ERR,ERR,ERR,ERR,ERR,ERR,ERR,ERR,ERR,ERR,ERR,ERR,0.0,-0.0,-0.0,0.0,0.0,1.3936040501711995e+18,7.805,0.0,0,0,4,0,7300,-0.0,0,0.0,0.0,0.0,0.0,0.0,0,0,0,0,0.0,0,0,0,0,0,0,0,0,0,0,0,0,0,0,0,0,0,0,0,0,0,0,0,0,0,0,0,0,0,0,0,0,0,32,30,30,62,65476,0,300,0,0,8,21553,0.0,-107605600.0,0.0,0.0,0.0,0.0,0.0,0.0,0.0,0.0,0.0,0.0,0.0,0.0,0.0,0.0,0.0,0.0,0.0,0.0,0.0,0.0,2.004,-2.004,-0.0,-0.0,0.0,0.0,0.0,0.0,5558.0,0.0,6914.0,0.0,-0.0,-107615280.0,2.7184296605801213e+23,0.0,0.0,0.0,0.0,63,0.0,-0.0,0.0,0.0,0.0,0.0,0.0,0.0,0.0,0,0,0,0.0,0.0,0.0,0.0,0.0,0.0,0.0,0.0,0.0,0.0,0.0,0.0,0.0,0.0,0.0,0.0,0,-107875648.0,63,0.0,126,2.7184242562605685e+23,2.842318642297501e+23,ERR,ERR,ERR,ERR,ERR,ERR,ERR,ERR,ERR,ERR,ERR,ERR,ERR,ERR,ERR,ERR,ERR,ERR,ERR,ERR,ERR,ERR,ERR,ERR,ERR,ERR,ERR,ERR,ERR,ERR,ERR,ERR,ERR,ERR,ERR,ERR,ERR,ERR,ERR,ERR,ERR,ERR,ERR,ERR,ERR,ERR,ERR,ERR,ERR,ERR,ERR,ERR,ERR,ERR,ERR,ERR,ERR,ERR,ERR,ERR,ERR,ERR,ERR,ERR,ERR,ERR,ERR,34.0,80.0,35,0.0,0.0,0.0,0.0,0.0,0.0,0.0,0.0,0.0,0.0,0.0,0.0,0.0,0.0,0.0,0.0,64.8,0,116,56,49,65476,0,300,0,0,8,20529,65476,0,0,57672,80.0,0.0,0.0,0.0,0.0,0.0
2026-06-17T04:43:26,ERR,ERR,ERR,ERR,ERR,ERR,ERR,ERR,ERR,ERR,ERR,ERR,ERR,ERR,ERR,ERR,ERR,ERR,ERR,ERR,ERR,ERR,ERR,ERR,ERR,ERR,ERR,ERR,ERR,ERR,ERR,ERR,ERR,ERR,ERR,ERR,ERR,ERR,ERR,ERR,ERR,ERR,ERR,ERR,ERR,ERR,ERR,ERR,ERR,ERR,ERR,ERR,ERR,ERR,ERR,ERR,ERR,ERR,ERR,ERR,ERR,ERR,ERR,ERR,ERR,ERR,ERR,ERR,ERR,ERR,ERR,ERR,ERR,ERR,ERR,ERR,ERR,ERR,ERR,ERR,ERR,ERR,ERR,ERR,ERR,ERR,ERR,ERR,ERR,ERR,ERR,ERR,ERR,ERR,ERR,ERR,ERR,ERR,ERR,ERR,ERR,ERR,ERR,ERR,ERR,ERR,ERR,ERR,ERR,ERR,ERR,ERR,ERR,ERR,ERR,ERR,ERR,ERR,ERR,ERR,ERR,ERR,ERR,ERR,ERR,0.0,-0.0,3.028208139652935e+23,0.0,0.0,1.3936040501711995e+18,7.805,0.0,0,0,4,0,7300,-0.0,0,0.0,0.0,0.0,0.0,0.0,0,0,0,0,0.0,0,0,0,0,0,0,0,0,0,0,0,0,0,0,0,0,0,0,0,0,0,0,0,0,0,0,0,0,0,0,0,0,0,32,30,30,62,65476,0,300,0,0,8,21553,0.0,-107605600.0,0.0,0.0,0.0,0.0,0.0,0.0,0.0,0.0,0.0,0.0,0.0,0.0,0.0,0.0,0.0,0.0,0.0,0.0,0.0,0.0,2.004,-2.004,-0.0,-0.0,0.0,0.0,0.0,0.0,5526.0,-2.4229925162183003e+24,6941.0,0.0,-0.0,-107615280.0,2.7184296605801213e+23,0.0,0.0,0.0,0.0,63,0.0,126840709120.0,0.0,0.0,0.0,0.0,0.0,0.0,0.0,0,0,0,0.0,0.0,0.0,0.0,0.0,0.0,0.0,0.0,0.0,0.0,0.0,0.0,0.0,0.0,0.0,0.0,0,-107875648.0,63,0.0,126,2.7184242562605685e+23,2.842318642297501e+23,ERR,ERR,ERR,ERR,ERR,ERR,ERR,ERR,ERR,ERR,ERR,ERR,ERR,ERR,ERR,ERR,ERR,ERR,ERR,ERR,ERR,ERR,ERR,ERR,ERR,ERR,ERR,ERR,ERR,ERR,ERR,ERR,ERR,ERR,ERR,ERR,ERR,ERR,ERR,ERR,ERR,ERR,ERR,ERR,ERR,ERR,ERR,ERR,ERR,ERR,ERR,ERR,ERR,ERR,ERR,ERR,ERR,ERR,ERR,ERR,ERR,ERR,ERR,ERR,ERR,ERR,ERR,34.0,80.0,35,0.0,0.0,0.0,0.0,0.0,0.0,0.0,0.0,0.0,0.0,0.0,0.0,0.0,0.0,0.0,0.0,64.8,0,116,56,49,65476,0,300,0,0,8,20529,65476,0,0,57672,80.0,0.0,0.0,0.0,0.0,0.0
2026-06-17T04:43:27,ERR,ERR,ERR,ERR,ERR,ERR,ERR,ERR,ERR,ERR,ERR,ERR,ERR,ERR,ERR,ERR,ERR,ERR,ERR,ERR,ERR,ERR,ERR,ERR,ERR,ERR,ERR,ERR,ERR,ERR,ERR,ERR,ERR,ERR,ERR,ERR,ERR,ERR,ERR,ERR,ERR,ERR,ERR,ERR,ERR,ERR,ERR,ERR,ERR,ERR,ERR,ERR,ERR,ERR,ERR,ERR,ERR,ERR,ERR,ERR,ERR,ERR,ERR,ERR,ERR,ERR,ERR,ERR,ERR,ERR,ERR,ERR,ERR,ERR,ERR,ERR,ERR,ERR,ERR,ERR,ERR,ERR,ERR,ERR,ERR,ERR,ERR,ERR,ERR,ERR,ERR,ERR,ERR,ERR,ERR,ERR,ERR,ERR,ERR,ERR,ERR,ERR,ERR,ERR,ERR,ERR,ERR,ERR,ERR,ERR,ERR,ERR,ERR,ERR,ERR,ERR,ERR,ERR,ERR,ERR,ERR,ERR,ERR,ERR,ERR,0.0,-0.0,3.028208139652935e+23,0.0,0.0,1.3936040501711995e+18,7.805,0.0,0,0,4,0,7300,-0.0,0,0.0,0.0,0.0,0.0,0.0,0,0,0,0,0.0,0,0,0,0,0,0,0,0,0,0,0,0,0,0,0,0,0,0,0,0,0,0,0,0,0,0,0,0,0,0,0,0,0,32,30,30,62,65476,0,300,0,0,8,21553,0.0,-107605600.0,0.0,0.0,0.0,0.0,0.0,0.0,0.0,0.0,0.0,0.0,0.0,0.0,0.0,0.0,0.0,0.0,0.0,0.0,0.0,0.0,2.004,-2.004,-0.0,-0.0,0.0,0.0,0.0,0.0,5526.0,-2.4229925162183003e+24,6941.0,0.0,-0.0,-107615280.0,2.7184296605801213e+23,0.0,0.0,0.0,0.0,63,0.0,126840709120.0,0.0,0.0,0.0,0.0,0.0,0.0,0.0,0,0,0,0.0,0.0,0.0,0.0,0.0,0.0,0.0,0.0,0.0,0.0,0.0,0.0,0.0,0.0,0.0,0.0,0,-107875648.0,63,0.0,126,2.7184242562605685e+23,2.842318642297501e+23,ERR,ERR,ERR,ERR,ERR,ERR,ERR,ERR,ERR,ERR,ERR,ERR,ERR,ERR,ERR,ERR,ERR,ERR,ERR,ERR,ERR,ERR,ERR,ERR,ERR,ERR,ERR,ERR,ERR,ERR,ERR,ERR,ERR,ERR,ERR,ERR,ERR,ERR,ERR,ERR,ERR,ERR,ERR,ERR,ERR,ERR,ERR,ERR,ERR,ERR,ERR,ERR,ERR,ERR,ERR,ERR,ERR,ERR,ERR,ERR,ERR,ERR,ERR,ERR,ERR,ERR,ERR,34.0,80.0,35,0.0,0.0,0.0,0.0,0.0,0.0,0.0,0.0,0.0,0.0,0.0,0.0,0.0,0.0,0.0,0.0,64.8,0,116,56,49,65476,0,300,0,0,8,20529,65476,0,0,57672,80.0,0.0,0.0,0.0,0.0,0.0
2026-06-17T04:43:28,ERR,ERR,ERR,ERR,ERR,ERR,ERR,ERR,ERR,ERR,ERR,ERR,ERR,ERR,ERR,ERR,ERR,ERR,ERR,ERR,ERR,ERR,ERR,ERR,ERR,ERR,ERR,ERR,ERR,ERR,ERR,ERR,ERR,ERR,ERR,ERR,ERR,ERR,ERR,ERR,ERR,ERR,ERR,ERR,ERR,ERR,ERR,ERR,ERR,ERR,ERR,ERR,ERR,ERR,ERR,ERR,ERR,ERR,ERR,ERR,ERR,ERR,ERR,ERR,ERR,ERR,ERR,ERR,ERR,ERR,ERR,ERR,ERR,ERR,ERR,ERR,ERR,ERR,ERR,ERR,ERR,ERR,ERR,ERR,ERR,ERR,ERR,ERR,ERR,ERR,ERR,ERR,ERR,ERR,ERR,ERR,ERR,ERR,ERR,ERR,ERR,ERR,ERR,ERR,ERR,ERR,ERR,ERR,ERR,ERR,ERR,ERR,ERR,ERR,ERR,ERR,ERR,ERR,ERR,ERR,ERR,ERR,ERR,ERR,ERR,0.0,-0.0,3.028208139652935e+23,0.0,0.0,1.3936040501711995e+18,7.805,0.0,0,0,4,0,7300,-0.0,0,0.0,0.0,0.0,0.0,0.0,0,0,0,0,0.0,0,0,0,0,0,0,0,0,0,0,0,0,0,0,0,0,0,0,0,0,0,0,0,0,0,0,0,0,0,0,0,0,0,32,30,30,62,65476,0,300,0,0,8,21553,0.0,-107605600.0,0.0,0.0,0.0,0.0,0.0,0.0,0.0,0.0,0.0,0.0,0.0,0.0,0.0,0.0,0.0,0.0,0.0,0.0,0.0,0.0,2.004,-2.004,-0.0,-0.0,0.0,0.0,0.0,0.0,5526.0,-2.4229925162183003e+24,6941.0,0.0,-0.0,-107615280.0,2.7184296605801213e+23,0.0,0.0,0.0,0.0,63,0.0,126840709120.0,0.0,0.0,0.0,0.0,0.0,0.0,0.0,0,0,0,0.0,0.0,0.0,0.0,0.0,0.0,0.0,0.0,0.0,0.0,0.0,0.0,0.0,0.0,0.0,0.0,0,-107875648.0,63,0.0,126,2.7184242562605685e+23,2.842318642297501e+23,ERR,ERR,ERR,ERR,ERR,ERR,ERR,ERR,ERR,ERR,ERR,ERR,ERR,ERR,ERR,ERR,ERR,ERR,ERR,ERR,ERR,ERR,ERR,ERR,ERR,ERR,ERR,ERR,ERR,ERR,ERR,ERR,ERR,ERR,ERR,ERR,ERR,ERR,ERR,ERR,ERR,ERR,ERR,ERR,ERR,ERR,ERR,ERR,ERR,ERR,ERR,ERR,ERR,ERR,ERR,ERR,ERR,ERR,ERR,ERR,ERR,ERR,ERR,ERR,ERR,ERR,ERR,34.0,80.0,35,0.0,0.0,0.0,0.0,0.0,0.0,0.0,0.0,0.0,0.0,0.0,0.0,0.0,0.0,0.0,0.0,64.4,0,116,56,49,65476,0,300,0,0,8,20529,65476,0,0,57672,80.0,0.0,0.0,0.0,0.0,0.0
2026-06-17T04:43:29,ERR,ERR,ERR,ERR,ERR,ERR,ERR,ERR,ERR,ERR,ERR,ERR,ERR,ERR,ERR,ERR,ERR,ERR,ERR,ERR,ERR,ERR,ERR,ERR,ERR,ERR,ERR,ERR,ERR,ERR,ERR,ERR,ERR,ERR,ERR,ERR,ERR,ERR,ERR,ERR,ERR,ERR,ERR,ERR,ERR,ERR,ERR,ERR,ERR,ERR,ERR,ERR,ERR,ERR,ERR,ERR,ERR,ERR,ERR,ERR,ERR,ERR,ERR,ERR,ERR,ERR,ERR,ERR,ERR,ERR,ERR,ERR,ERR,ERR,ERR,ERR,ERR,ERR,ERR,ERR,ERR,ERR,ERR,ERR,ERR,ERR,ERR,ERR,ERR,ERR,ERR,ERR,ERR,ERR,ERR,ERR,ERR,ERR,ERR,ERR,ERR,ERR,ERR,ERR,ERR,ERR,ERR,ERR,ERR,ERR,ERR,ERR,ERR,ERR,ERR,ERR,ERR,ERR,ERR,ERR,ERR,ERR,ERR,ERR,ERR,0.0,-0.0,3.028208139652935e+23,0.0,0.0,1.3936040501711995e+18,7.805,0.0,0,0,4,0,7300,-0.0,0,0.0,0.0,0.0,0.0,0.0,0,0,0,0,0.0,0,0,0,0,0,0,0,0,0,0,0,0,0,0,0,0,0,0,0,0,0,0,0,0,0,0,0,0,0,0,0,0,0,32,30,30,62,65476,0,300,0,0,8,21553,0.0,-107605600.0,0.0,0.0,0.0,0.0,0.0,0.0,0.0,0.0,0.0,0.0,0.0,0.0,0.0,0.0,0.0,0.0,0.0,0.0,0.0,0.0,2.004,-2.004,-0.0,-0.0,0.0,0.0,0.0,0.0,5526.0,-2.4229925162183003e+24,6941.0,0.0,-0.0,-107615280.0,2.7184296605801213e+23,0.0,0.0,0.0,0.0,63,0.0,126840709120.0,0.0,0.0,0.0,0.0,0.0,0.0,0.0,0,0,0,0.0,0.0,0.0,0.0,0.0,0.0,0.0,0.0,0.0,0.0,0.0,0.0,0.0,0.0,0.0,0.0,0,-107875648.0,63,0.0,126,2.7184242562605685e+23,2.842318642297501e+23,ERR,ERR,ERR,ERR,ERR,ERR,ERR,ERR,ERR,ERR,ERR,ERR,ERR,ERR,ERR,ERR,ERR,ERR,ERR,ERR,ERR,ERR,ERR,ERR,ERR,ERR,ERR,ERR,ERR,ERR,ERR,ERR,ERR,ERR,ERR,ERR,ERR,ERR,ERR,ERR,ERR,ERR,ERR,ERR,ERR,ERR,ERR,ERR,ERR,ERR,ERR,ERR,ERR,ERR,ERR,ERR,ERR,ERR,ERR,ERR,ERR,ERR,ERR,ERR,ERR,ERR,ERR,34.0,80.0,35,0.0,0.0,0.0,0.0,0.0,0.0,0.0,0.0,0.0,0.0,0.0,0.0,0.0,0.0,0.0,0.0,64.4,0,116,56,49,65476,0,300,0,0,8,20529,65476,0,0,57672,80.0,0.0,0.0,0.0,0.0,0.0
2026-06-17T04:43:30,ERR,ERR,ERR,ERR,ERR,ERR,ERR,ERR,ERR,ERR,ERR,ERR,ERR,ERR,ERR,ERR,ERR,ERR,ERR,ERR,ERR,ERR,ERR,ERR,ERR,ERR,ERR,ERR,ERR,ERR,ERR,ERR,ERR,ERR,ERR,ERR,ERR,ERR,ERR,ERR,ERR,ERR,ERR,ERR,ERR,ERR,ERR,ERR,ERR,ERR,ERR,ERR,ERR,ERR,ERR,ERR,ERR,ERR,ERR,ERR,ERR,ERR,ERR,ERR,ERR,ERR,ERR,ERR,ERR,ERR,ERR,ERR,ERR,ERR,ERR,ERR,ERR,ERR,ERR,ERR,ERR,ERR,ERR,ERR,ERR,ERR,ERR,ERR,ERR,ERR,ERR,ERR,ERR,ERR,ERR,ERR,ERR,ERR,ERR,ERR,ERR,ERR,ERR,ERR,ERR,ERR,ERR,ERR,ERR,ERR,ERR,ERR,ERR,ERR,ERR,ERR,ERR,ERR,ERR,ERR,ERR,ERR,ERR,ERR,ERR,0.0,-0.0,3.028208139652935e+23,0.0,0.0,1.3936040501711995e+18,7.805,0.0,0,0,4,0,7300,-0.0,0,0.0,0.0,0.0,0.0,0.0,0,0,0,0,0.0,0,0,0,0,0,0,0,0,0,0,0,0,0,0,0,0,0,0,0,0,0,0,0,0,0,0,0,0,0,0,0,0,0,32,30,30,62,65476,0,300,0,0,8,21553,0.0,-107605600.0,0.0,0.0,0.0,0.0,0.0,0.0,0.0,0.0,0.0,0.0,0.0,0.0,0.0,0.0,0.0,0.0,0.0,0.0,0.0,0.0,2.004,-2.004,-0.0,-0.0,0.0,0.0,0.0,0.0,5526.0,-2.4229925162183003e+24,6941.0,0.0,-0.0,-107615280.0,2.7184296605801213e+23,0.0,0.0,0.0,0.0,63,0.0,126840709120.0,0.0,0.0,0.0,0.0,0.0,0.0,0.0,0,0,0,0.0,0.0,0.0,0.0,0.0,0.0,0.0,0.0,0.0,0.0,0.0,0.0,0.0,0.0,0.0,0.0,0,-107875648.0,63,0.0,126,2.7184242562605685e+23,2.842318642297501e+23,ERR,ERR,ERR,ERR,ERR,ERR,ERR,ERR,ERR,ERR,ERR,ERR,ERR,ERR,ERR,ERR,ERR,ERR,ERR,ERR,ERR,ERR,ERR,ERR,ERR,ERR,ERR,ERR,ERR,ERR,ERR,ERR,ERR,ERR,ERR,ERR,ERR,ERR,ERR,ERR,ERR,ERR,ERR,ERR,ERR,ERR,ERR,ERR,ERR,ERR,ERR,ERR,ERR,ERR,ERR,ERR,ERR,ERR,ERR,ERR,ERR,ERR,ERR,ERR,ERR,ERR,ERR,34.0,80.0,35,0.0,0.0,0.0,0.0,0.0,0.0,0.0,0.0,0.0,0.0,0.0,0.0,0.0,0.0,0.0,0.0,64.4,0,116,56,49,65476,0,300,0,0,8,20529,65476,0,0,57672,80.0,0.0,0.0,0.0,0.0,0.0
2026-06-17T04:43:31,ERR,ERR,ERR,ERR,ERR,ERR,ERR,ERR,ERR,ERR,ERR,ERR,ERR,ERR,ERR,ERR,ERR,ERR,ERR,ERR,ERR,ERR,ERR,ERR,ERR,ERR,ERR,ERR,ERR,ERR,ERR,ERR,ERR,ERR,ERR,ERR,ERR,ERR,ERR,ERR,ERR,ERR,ERR,ERR,ERR,ERR,ERR,ERR,ERR,ERR,ERR,ERR,ERR,ERR,ERR,ERR,ERR,ERR,ERR,ERR,ERR,ERR,ERR,ERR,ERR,ERR,ERR,ERR,ERR,ERR,ERR,ERR,ERR,ERR,ERR,ERR,ERR,ERR,ERR,ERR,ERR,ERR,ERR,ERR,ERR,ERR,ERR,ERR,ERR,ERR,ERR,ERR,ERR,ERR,ERR,ERR,ERR,ERR,ERR,ERR,ERR,ERR,ERR,ERR,ERR,ERR,ERR,ERR,ERR,ERR,ERR,ERR,ERR,ERR,ERR,ERR,ERR,ERR,ERR,ERR,ERR,ERR,ERR,ERR,ERR,0.0,-0.0,3.028208139652935e+23,0.0,0.0,1.3936040501711995e+18,7.805,0.0,0,0,4,0,7300,-0.0,0,0.0,0.0,0.0,0.0,0.0,0,0,0,0,0.0,0,0,0,0,0,0,0,0,0,0,0,0,0,0,0,0,0,0,0,0,0,0,0,0,0,0,0,0,0,0,0,0,0,32,30,30,62,65476,0,300,0,0,8,21553,0.0,-107605600.0,0.0,0.0,0.0,0.0,0.0,0.0,0.0,0.0,0.0,0.0,0.0,0.0,0.0,0.0,0.0,0.0,0.0,0.0,0.0,0.0,2.004,-2.004,-0.0,-0.0,0.0,0.0,0.0,0.0,5527.0,-3.6971931704991154e+19,6940.0,0.0,-0.0,-0.0,2.7184296605801213e+23,0.0,0.0,0.0,0.0,63,0.0,89220.727,0.0,0.0,0.0,0.0,0.0,0.0,0.0,0,0,0,0.0,0.0,0.0,0.0,0.0,0.0,0.0,0.0,0.0,0.0,0.0,0.0,0.0,0.0,0.0,0.0,0,-107875648.0,63,0.0,126,2.7184242562605685e+23,-0.0,ERR,ERR,ERR,ERR,ERR,ERR,ERR,ERR,ERR,ERR,ERR,ERR,ERR,ERR,ERR,ERR,ERR,ERR,ERR,ERR,ERR,ERR,ERR,ERR,ERR,ERR,ERR,ERR,ERR,ERR,ERR,ERR,ERR,ERR,ERR,ERR,ERR,ERR,ERR,ERR,ERR,ERR,ERR,ERR,ERR,ERR,ERR,ERR,ERR,ERR,ERR,ERR,ERR,ERR,ERR,ERR,ERR,ERR,ERR,ERR,ERR,ERR,ERR,ERR,ERR,ERR,ERR,34.0,80.0,35,0.0,0.0,0.0,0.0,0.0,0.0,0.0,0.0,0.0,0.0,0.0,0.0,0.0,0.0,0.0,0.0,64.4,0,116,56,49,65476,0,300,0,0,8,20529,65476,0,0,57672,80.0,0.0,0.0,0.0,0.0,0.0
2026-06-17T04:43:32,ERR,ERR,ERR,ERR,ERR,ERR,ERR,ERR,ERR,ERR,ERR,ERR,ERR,ERR,ERR,ERR,ERR,ERR,ERR,ERR,ERR,ERR,ERR,ERR,ERR,ERR,ERR,ERR,ERR,ERR,ERR,ERR,ERR,ERR,ERR,ERR,ERR,ERR,ERR,ERR,ERR,ERR,ERR,ERR,ERR,ERR,ERR,ERR,ERR,ERR,ERR,ERR,ERR,ERR,ERR,ERR,ERR,ERR,ERR,ERR,ERR,ERR,ERR,ERR,ERR,ERR,ERR,ERR,ERR,ERR,ERR,ERR,ERR,ERR,ERR,ERR,ERR,ERR,ERR,ERR,ERR,ERR,ERR,ERR,ERR,ERR,ERR,ERR,ERR,ERR,ERR,ERR,ERR,ERR,ERR,ERR,ERR,ERR,ERR,ERR,ERR,ERR,ERR,ERR,ERR,ERR,ERR,ERR,ERR,ERR,ERR,ERR,ERR,ERR,ERR,ERR,ERR,ERR,ERR,ERR,ERR,ERR,ERR,ERR,ERR,0.0,-0.0,3.028208139652935e+23,0.0,0.0,1.3936040501711995e+18,7.805,0.0,0,0,4,0,7300,-0.0,0,0.0,0.0,0.0,0.0,0.0,0,0,0,0,0.0,0,0,0,0,0,0,0,0,0,0,0,0,0,0,0,0,0,0,0,0,0,0,0,0,0,0,0,0,0,0,0,0,0,32,30,30,62,65476,0,300,0,0,8,21553,0.0,-107605600.0,0.0,0.0,0.0,0.0,0.0,0.0,0.0,0.0,0.0,0.0,0.0,0.0,0.0,0.0,0.0,0.0,0.0,0.0,0.0,0.0,2.004,-2.004,-0.0,-0.0,0.0,0.0,0.0,0.0,5527.0,-3.6971931704991154e+19,6940.0,0.0,-0.0,-0.0,2.7184296605801213e+23,0.0,0.0,0.0,0.0,63,0.0,89220.727,0.0,0.0,0.0,0.0,0.0,0.0,0.0,0,0,0,0.0,0.0,0.0,0.0,0.0,0.0,0.0,0.0,0.0,0.0,0.0,0.0,0.0,0.0,0.0,0.0,0,-107875648.0,63,0.0,126,2.7184242562605685e+23,-0.0,ERR,ERR,ERR,ERR,ERR,ERR,ERR,ERR,ERR,ERR,ERR,ERR,ERR,ERR,ERR,ERR,ERR,ERR,ERR,ERR,ERR,ERR,ERR,ERR,ERR,ERR,ERR,ERR,ERR,ERR,ERR,ERR,ERR,ERR,ERR,ERR,ERR,ERR,ERR,ERR,ERR,ERR,ERR,ERR,ERR,ERR,ERR,ERR,ERR,ERR,ERR,ERR,ERR,ERR,ERR,ERR,ERR,ERR,ERR,ERR,ERR,ERR,ERR,ERR,ERR,ERR,ERR,34.0,80.0,35,0.0,0.0,0.0,0.0,0.0,0.0,0.0,0.0,0.0,0.0,0.0,0.0,0.0,0.0,0.0,0.0,64.8,0,116,56,49,65476,0,300,0,0,8,20529,65476,0,0,57672,80.0,0.0,0.0,0.0,0.0,0.0
2026-06-17T04:43:33,ERR,ERR,ERR,ERR,ERR,ERR,ERR,ERR,ERR,ERR,ERR,ERR,ERR,ERR,ERR,ERR,ERR,ERR,ERR,ERR,ERR,ERR,ERR,ERR,ERR,ERR,ERR,ERR,ERR,ERR,ERR,ERR,ERR,ERR,ERR,ERR,ERR,ERR,ERR,ERR,ERR,ERR,ERR,ERR,ERR,ERR,ERR,ERR,ERR,ERR,ERR,ERR,ERR,ERR,ERR,ERR,ERR,ERR,ERR,ERR,ERR,ERR,ERR,ERR,ERR,ERR,ERR,ERR,ERR,ERR,ERR,ERR,ERR,ERR,ERR,ERR,ERR,ERR,ERR,ERR,ERR,ERR,ERR,ERR,ERR,ERR,ERR,ERR,ERR,ERR,ERR,ERR,ERR,ERR,ERR,ERR,ERR,ERR,ERR,ERR,ERR,ERR,ERR,ERR,ERR,ERR,ERR,ERR,ERR,ERR,ERR,ERR,ERR,ERR,ERR,ERR,ERR,ERR,ERR,ERR,ERR,ERR,ERR,ERR,ERR,0.0,-0.0,3.028208139652935e+23,0.0,0.0,1.3936040501711995e+18,7.805,0.0,0,0,4,0,7300,-0.0,0,0.0,0.0,0.0,0.0,0.0,0,0,0,0,0.0,0,0,0,0,0,0,0,0,0,0,0,0,0,0,0,0,0,0,0,0,0,0,0,0,0,0,0,0,0,0,0,0,0,32,30,30,62,65476,0,300,0,0,8,21553,0.0,-107605600.0,0.0,0.0,0.0,0.0,0.0,0.0,0.0,0.0,0.0,0.0,0.0,0.0,0.0,0.0,0.0,0.0,0.0,0.0,0.0,0.0,2.004,-2.004,-0.0,-0.0,0.0,0.0,0.0,0.0,5527.0,-3.6971931704991154e+19,6940.0,0.0,-0.0,-0.0,2.7184296605801213e+23,0.0,0.0,0.0,0.0,63,0.0,89220.727,0.0,0.0,0.0,0.0,0.0,0.0,0.0,0,0,0,0.0,0.0,0.0,0.0,0.0,0.0,0.0,0.0,0.0,0.0,0.0,0.0,0.0,0.0,0.0,0.0,0,-107875648.0,63,0.0,126,2.7184242562605685e+23,-0.0,ERR,ERR,ERR,ERR,ERR,ERR,ERR,ERR,ERR,ERR,ERR,ERR,ERR,ERR,ERR,ERR,ERR,ERR,ERR,ERR,ERR,ERR,ERR,ERR,ERR,ERR,ERR,ERR,ERR,ERR,ERR,ERR,ERR,ERR,ERR,ERR,ERR,ERR,ERR,ERR,ERR,ERR,ERR,ERR,ERR,ERR,ERR,ERR,ERR,ERR,ERR,ERR,ERR,ERR,ERR,ERR,ERR,ERR,ERR,ERR,ERR,ERR,ERR,ERR,ERR,ERR,ERR,34.0,80.0,35,0.0,0.0,0.0,0.0,0.0,0.0,0.0,0.0,0.0,0.0,0.0,0.0,0.0,0.0,0.0,0.0,64.4,0,116,56,49,65476,0,300,0,0,8,20529,65476,0,0,57672,80.0,0.0,0.0,0.0,0.0,0.0
2026-06-17T04:43:34,ERR,ERR,ERR,ERR,ERR,ERR,ERR,ERR,ERR,ERR,ERR,ERR,ERR,ERR,ERR,ERR,ERR,ERR,ERR,ERR,ERR,ERR,ERR,ERR,ERR,ERR,ERR,ERR,ERR,ERR,ERR,ERR,ERR,ERR,ERR,ERR,ERR,ERR,ERR,ERR,ERR,ERR,ERR,ERR,ERR,ERR,ERR,ERR,ERR,ERR,ERR,ERR,ERR,ERR,ERR,ERR,ERR,ERR,ERR,ERR,ERR,ERR,ERR,ERR,ERR,ERR,ERR,ERR,ERR,ERR,ERR,ERR,ERR,ERR,ERR,ERR,ERR,ERR,ERR,ERR,ERR,ERR,ERR,ERR,ERR,ERR,ERR,ERR,ERR,ERR,ERR,ERR,ERR,ERR,ERR,ERR,ERR,ERR,ERR,ERR,ERR,ERR,ERR,ERR,ERR,ERR,ERR,ERR,ERR,ERR,ERR,ERR,ERR,ERR,ERR,ERR,ERR,ERR,ERR,ERR,ERR,ERR,ERR,ERR,ERR,0.0,-0.0,3.028208139652935e+23,0.0,0.0,1.3936040501711995e+18,7.805,0.0,0,0,4,0,7300,-0.0,0,0.0,0.0,0.0,0.0,0.0,0,0,0,0,0.0,0,0,0,0,0,0,0,0,0,0,0,0,0,0,0,0,0,0,0,0,0,0,0,0,0,0,0,0,0,0,0,0,0,32,30,30,62,65476,0,300,0,0,8,21553,0.0,-107605600.0,0.0,0.0,0.0,0.0,0.0,0.0,0.0,0.0,0.0,0.0,0.0,0.0,0.0,0.0,0.0,0.0,0.0,0.0,0.0,0.0,2.004,-2.004,-0.0,-0.0,0.0,0.0,0.0,0.0,5527.0,-3.6971931704991154e+19,6940.0,0.0,-0.0,-0.0,2.7184296605801213e+23,0.0,0.0,0.0,0.0,63,0.0,89220.727,0.0,0.0,0.0,0.0,0.0,0.0,0.0,0,0,0,0.0,0.0,0.0,0.0,0.0,0.0,0.0,0.0,0.0,0.0,0.0,0.0,0.0,0.0,0.0,0.0,0,-107875648.0,63,0.0,126,2.7184242562605685e+23,-0.0,ERR,ERR,ERR,ERR,ERR,ERR,ERR,ERR,ERR,ERR,ERR,ERR,ERR,ERR,ERR,ERR,ERR,ERR,ERR,ERR,ERR,ERR,ERR,ERR,ERR,ERR,ERR,ERR,ERR,ERR,ERR,ERR,ERR,ERR,ERR,ERR,ERR,ERR,ERR,ERR,ERR,ERR,ERR,ERR,ERR,ERR,ERR,ERR,ERR,ERR,ERR,ERR,ERR,ERR,ERR,ERR,ERR,ERR,ERR,ERR,ERR,ERR,ERR,ERR,ERR,ERR,ERR,34.0,80.0,35,0.0,0.0,0.0,0.0,0.0,0.0,0.0,0.0,0.0,0.0,0.0,0.0,0.0,0.0,0.0,0.0,64.4,0,116,56,49,65476,0,300,0,0,8,20529,65476,0,0,57672,80.0,0.0,0.0,0.0,0.0,0.0
2026-06-17T04:43:35,ERR,ERR,ERR,ERR,ERR,ERR,ERR,ERR,ERR,ERR,ERR,ERR,ERR,ERR,ERR,ERR,ERR,ERR,ERR,ERR,ERR,ERR,ERR,ERR,ERR,ERR,ERR,ERR,ERR,ERR,ERR,ERR,ERR,ERR,ERR,ERR,ERR,ERR,ERR,ERR,ERR,ERR,ERR,ERR,ERR,ERR,ERR,ERR,ERR,ERR,ERR,ERR,ERR,ERR,ERR,ERR,ERR,ERR,ERR,ERR,ERR,ERR,ERR,ERR,ERR,ERR,ERR,ERR,ERR,ERR,ERR,ERR,ERR,ERR,ERR,ERR,ERR,ERR,ERR,ERR,ERR,ERR,ERR,ERR,ERR,ERR,ERR,ERR,ERR,ERR,ERR,ERR,ERR,ERR,ERR,ERR,ERR,ERR,ERR,ERR,ERR,ERR,ERR,ERR,ERR,ERR,ERR,ERR,ERR,ERR,ERR,ERR,ERR,ERR,ERR,ERR,ERR,ERR,ERR,ERR,ERR,ERR,ERR,ERR,ERR,0.0,-0.0,3.028208139652935e+23,0.0,0.0,1.3936040501711995e+18,7.805,0.0,0,0,4,0,7300,-0.0,0,0.0,0.0,0.0,0.0,0.0,0,0,0,0,0.0,0,0,0,0,0,0,0,0,0,0,0,0,0,0,0,0,0,0,0,0,0,0,0,0,0,0,0,0,0,0,0,0,0,32,30,30,62,65476,0,300,0,0,8,21553,0.0,-107605600.0,0.0,0.0,0.0,0.0,0.0,0.0,0.0,0.0,0.0,0.0,0.0,0.0,0.0,0.0,0.0,0.0,0.0,0.0,0.0,0.0,2.004,-2.004,-0.0,-0.0,0.0,0.0,0.0,0.0,5527.0,-3.6971931704991154e+19,6940.0,0.0,-0.0,-0.0,2.7184296605801213e+23,0.0,0.0,0.0,0.0,63,0.0,89220.727,0.0,0.0,0.0,0.0,0.0,0.0,0.0,0,0,0,0.0,0.0,0.0,0.0,0.0,0.0,0.0,0.0,0.0,0.0,0.0,0.0,0.0,0.0,0.0,0.0,0,-107875648.0,63,0.0,126,2.7184242562605685e+23,-0.0,ERR,ERR,ERR,ERR,ERR,ERR,ERR,ERR,ERR,ERR,ERR,ERR,ERR,ERR,ERR,ERR,ERR,ERR,ERR,ERR,ERR,ERR,ERR,ERR,ERR,ERR,ERR,ERR,ERR,ERR,ERR,ERR,ERR,ERR,ERR,ERR,ERR,ERR,ERR,ERR,ERR,ERR,ERR,ERR,ERR,ERR,ERR,ERR,ERR,ERR,ERR,ERR,ERR,ERR,ERR,ERR,ERR,ERR,ERR,ERR,ERR,ERR,ERR,ERR,ERR,ERR,ERR,34.0,80.0,35,0.0,0.0,0.0,0.0,0.0,0.0,0.0,0.0,0.0,0.0,0.0,0.0,0.0,0.0,0.0,0.0,64.4,0,116,56,49,65476,0,300,0,0,8,20529,65476,0,0,57672,80.0,0.0,0.0,0.0,0.0,0.0
2026-06-17T04:43:36,ERR,ERR,ERR,ERR,ERR,ERR,ERR,ERR,ERR,ERR,ERR,ERR,ERR,ERR,ERR,ERR,ERR,ERR,ERR,ERR,ERR,ERR,ERR,ERR,ERR,ERR,ERR,ERR,ERR,ERR,ERR,ERR,ERR,ERR,ERR,ERR,ERR,ERR,ERR,ERR,ERR,ERR,ERR,ERR,ERR,ERR,ERR,ERR,ERR,ERR,ERR,ERR,ERR,ERR,ERR,ERR,ERR,ERR,ERR,ERR,ERR,ERR,ERR,ERR,ERR,ERR,ERR,ERR,ERR,ERR,ERR,ERR,ERR,ERR,ERR,ERR,ERR,ERR,ERR,ERR,ERR,ERR,ERR,ERR,ERR,ERR,ERR,ERR,ERR,ERR,ERR,ERR,ERR,ERR,ERR,ERR,ERR,ERR,ERR,ERR,ERR,ERR,ERR,ERR,ERR,ERR,ERR,ERR,ERR,ERR,ERR,ERR,ERR,ERR,ERR,ERR,ERR,ERR,ERR,ERR,ERR,ERR,ERR,ERR,ERR,0.0,-0.0,-0.0,0.0,0.0,1.3936040501711995e+18,7.805,0.0,0,0,4,0,7300,-0.0,0,0.0,0.0,0.0,0.0,0.0,0,0,0,0,0.0,0,0,0,0,0,0,0,0,0,0,0,0,0,0,0,0,0,0,0,0,0,0,0,0,0,0,0,0,0,0,0,0,0,32,30,30,62,65476,0,300,0,0,8,21553,0.0,-107605600.0,0.0,0.0,0.0,0.0,0.0,0.0,0.0,0.0,0.0,0.0,0.0,0.0,0.0,0.0,0.0,0.0,0.0,0.0,0.0,0.0,2.004,-2.004,2.004,-0.0,0.0,0.0,0.0,0.0,5527.0,-2.004,6936.0,0.0,-0.0,-0.0,2.7184296605801213e+23,0.0,0.0,0.0,0.0,63,0.0,0.0,0.0,0.0,0.0,0.0,0.0,0.0,0.0,0,0,0,0.0,0.0,0.0,0.0,0.0,0.0,0.0,0.0,0.0,0.0,0.0,0.0,0.0,0.0,0.0,0.0,0,-107875648.0,63,0.0,126,2.7184242562605685e+23,-0.0,ERR,ERR,ERR,ERR,ERR,ERR,ERR,ERR,ERR,ERR,ERR,ERR,ERR,ERR,ERR,ERR,ERR,ERR,ERR,ERR,ERR,ERR,ERR,ERR,ERR,ERR,ERR,ERR,ERR,ERR,ERR,ERR,ERR,ERR,ERR,ERR,ERR,ERR,ERR,ERR,ERR,ERR,ERR,ERR,ERR,ERR,ERR,ERR,ERR,ERR,ERR,ERR,ERR,ERR,ERR,ERR,ERR,ERR,ERR,ERR,ERR,ERR,ERR,ERR,ERR,ERR,ERR,34.0,80.0,35,0.0,0.0,0.0,0.0,0.0,0.0,0.0,0.0,0.0,0.0,0.0,0.0,0.0,0.0,0.0,0.0,64.4,0,116,56,49,65476,0,300,0,0,8,20529,65476,0,0,57672,80.0,0.0,0.0,0.0,0.0,0.0
2026-06-17T04:43:37,ERR,ERR,ERR,ERR,ERR,ERR,ERR,ERR,ERR,ERR,ERR,ERR,ERR,ERR,ERR,ERR,ERR,ERR,ERR,ERR,ERR,ERR,ERR,ERR,ERR,ERR,ERR,ERR,ERR,ERR,ERR,ERR,ERR,ERR,ERR,ERR,ERR,ERR,ERR,ERR,ERR,ERR,ERR,ERR,ERR,ERR,ERR,ERR,ERR,ERR,ERR,ERR,ERR,ERR,ERR,ERR,ERR,ERR,ERR,ERR,ERR,ERR,ERR,ERR,ERR,ERR,ERR,ERR,ERR,ERR,ERR,ERR,ERR,ERR,ERR,ERR,ERR,ERR,ERR,ERR,ERR,ERR,ERR,ERR,ERR,ERR,ERR,ERR,ERR,ERR,ERR,ERR,ERR,ERR,ERR,ERR,ERR,ERR,ERR,ERR,ERR,ERR,ERR,ERR,ERR,ERR,ERR,ERR,ERR,ERR,ERR,ERR,ERR,ERR,ERR,ERR,ERR,ERR,ERR,ERR,ERR,ERR,ERR,ERR,ERR,0.0,-0.0,-0.0,0.0,0.0,1.3936040501711995e+18,7.805,0.0,0,0,4,0,7300,-0.0,0,0.0,0.0,0.0,0.0,0.0,0,0,0,0,0.0,0,0,0,0,0,0,0,0,0,0,0,0,0,0,0,0,0,0,0,0,0,0,0,0,0,0,0,0,0,0,0,0,0,32,30,30,62,65476,0,300,0,0,8,21553,0.0,-107605600.0,0.0,0.0,0.0,0.0,0.0,0.0,0.0,0.0,0.0,0.0,0.0,0.0,0.0,0.0,0.0,0.0,0.0,0.0,0.0,0.0,2.004,-2.004,2.004,-0.0,0.0,0.0,0.0,0.0,5527.0,-2.004,6936.0,0.0,-0.0,-0.0,2.7184296605801213e+23,0.0,0.0,0.0,0.0,63,0.0,0.0,0.0,0.0,0.0,0.0,0.0,0.0,0.0,0,0,0,0.0,0.0,0.0,0.0,0.0,0.0,0.0,0.0,0.0,0.0,0.0,0.0,0.0,0.0,0.0,0.0,0,-107875648.0,63,0.0,126,2.7184242562605685e+23,-0.0,ERR,ERR,ERR,ERR,ERR,ERR,ERR,ERR,ERR,ERR,ERR,ERR,ERR,ERR,ERR,ERR,ERR,ERR,ERR,ERR,ERR,ERR,ERR,ERR,ERR,ERR,ERR,ERR,ERR,ERR,ERR,ERR,ERR,ERR,ERR,ERR,ERR,ERR,ERR,ERR,ERR,ERR,ERR,ERR,ERR,ERR,ERR,ERR,ERR,ERR,ERR,ERR,ERR,ERR,ERR,ERR,ERR,ERR,ERR,ERR,ERR,ERR,ERR,ERR,ERR,ERR,ERR,34.0,80.0,35,0.0,0.0,0.0,0.0,0.0,0.0,0.0,0.0,0.0,0.0,0.0,0.0,0.0,0.0,0.0,0.0,64.4,0,116,56,49,65476,0,300,0,0,8,20529,65476,0,0,57672,80.0,0.0,0.0,0.0,0.0,0.0
2026-06-17T04:43:38,ERR,ERR,ERR,ERR,ERR,ERR,ERR,ERR,ERR,ERR,ERR,ERR,ERR,ERR,ERR,ERR,ERR,ERR,ERR,ERR,ERR,ERR,ERR,ERR,ERR,ERR,ERR,ERR,ERR,ERR,ERR,ERR,ERR,ERR,ERR,ERR,ERR,ERR,ERR,ERR,ERR,ERR,ERR,ERR,ERR,ERR,ERR,ERR,ERR,ERR,ERR,ERR,ERR,ERR,ERR,ERR,ERR,ERR,ERR,ERR,ERR,ERR,ERR,ERR,ERR,ERR,ERR,ERR,ERR,ERR,ERR,ERR,ERR,ERR,ERR,ERR,ERR,ERR,ERR,ERR,ERR,ERR,ERR,ERR,ERR,ERR,ERR,ERR,ERR,ERR,ERR,ERR,ERR,ERR,ERR,ERR,ERR,ERR,ERR,ERR,ERR,ERR,ERR,ERR,ERR,ERR,ERR,ERR,ERR,ERR,ERR,ERR,ERR,ERR,ERR,ERR,ERR,ERR,ERR,ERR,ERR,ERR,ERR,ERR,ERR,0.0,-0.0,-0.0,0.0,0.0,1.3936040501711995e+18,7.805,0.0,0,0,4,0,7300,-0.0,0,0.0,0.0,0.0,0.0,0.0,0,0,0,0,0.0,0,0,0,0,0,0,0,0,0,0,0,0,0,0,0,0,0,0,0,0,0,0,0,0,0,0,0,0,0,0,0,0,0,32,30,30,62,65476,0,300,0,0,8,21553,0.0,-107605600.0,0.0,0.0,0.0,0.0,0.0,0.0,0.0,0.0,0.0,0.0,0.0,0.0,0.0,0.0,0.0,0.0,0.0,0.0,0.0,0.0,2.004,-2.004,2.004,-0.0,0.0,0.0,0.0,0.0,5527.0,-2.004,6936.0,0.0,-0.0,-0.0,2.7184296605801213e+23,0.0,0.0,0.0,0.0,63,0.0,0.0,0.0,0.0,0.0,0.0,0.0,0.0,0.0,0,0,0,0.0,0.0,0.0,0.0,0.0,0.0,0.0,0.0,0.0,0.0,0.0,0.0,0.0,0.0,0.0,0.0,0,-107875648.0,63,0.0,126,2.7184242562605685e+23,-0.0,ERR,ERR,ERR,ERR,ERR,ERR,ERR,ERR,ERR,ERR,ERR,ERR,ERR,ERR,ERR,ERR,ERR,ERR,ERR,ERR,ERR,ERR,ERR,ERR,ERR,ERR,ERR,ERR,ERR,ERR,ERR,ERR,ERR,ERR,ERR,ERR,ERR,ERR,ERR,ERR,ERR,ERR,ERR,ERR,ERR,ERR,ERR,ERR,ERR,ERR,ERR,ERR,ERR,ERR,ERR,ERR,ERR,ERR,ERR,ERR,ERR,ERR,ERR,ERR,ERR,ERR,ERR,34.0,80.0,35,0.0,0.0,0.0,0.0,0.0,0.0,0.0,0.0,0.0,0.0,0.0,0.0,0.0,0.0,0.0,0.0,64.4,0,116,56,49,65476,0,300,0,0,8,20529,65476,0,0,57672,80.0,0.0,0.0,0.0,0.0,0.0
2026-06-17T04:43:39,ERR,ERR,ERR,ERR,ERR,ERR,ERR,ERR,ERR,ERR,ERR,ERR,ERR,ERR,ERR,ERR,ERR,ERR,ERR,ERR,ERR,ERR,ERR,ERR,ERR,ERR,ERR,ERR,ERR,ERR,ERR,ERR,ERR,ERR,ERR,ERR,ERR,ERR,ERR,ERR,ERR,ERR,ERR,ERR,ERR,ERR,ERR,ERR,ERR,ERR,ERR,ERR,ERR,ERR,ERR,ERR,ERR,ERR,ERR,ERR,ERR,ERR,ERR,ERR,ERR,ERR,ERR,ERR,ERR,ERR,ERR,ERR,ERR,ERR,ERR,ERR,ERR,ERR,ERR,ERR,ERR,ERR,ERR,ERR,ERR,ERR,ERR,ERR,ERR,ERR,ERR,ERR,ERR,ERR,ERR,ERR,ERR,ERR,ERR,ERR,ERR,ERR,ERR,ERR,ERR,ERR,ERR,ERR,ERR,ERR,ERR,ERR,ERR,ERR,ERR,ERR,ERR,ERR,ERR,ERR,ERR,ERR,ERR,ERR,ERR,0.0,-0.0,-0.0,0.0,0.0,1.3936040501711995e+18,7.805,0.0,0,0,4,0,7300,-0.0,0,0.0,0.0,0.0,0.0,0.0,0,0,0,0,0.0,0,0,0,0,0,0,0,0,0,0,0,0,0,0,0,0,0,0,0,0,0,0,0,0,0,0,0,0,0,0,0,0,0,32,30,30,62,65476,0,300,0,0,8,21553,0.0,-107605600.0,0.0,0.0,0.0,0.0,0.0,0.0,0.0,0.0,0.0,0.0,0.0,0.0,0.0,0.0,0.0,0.0,0.0,0.0,0.0,0.0,2.004,-2.004,2.004,-0.0,0.0,0.0,0.0,0.0,5527.0,-2.004,6936.0,0.0,-0.0,-0.0,2.7184296605801213e+23,0.0,0.0,0.0,0.0,63,0.0,0.0,0.0,0.0,0.0,0.0,0.0,0.0,0.0,0,0,0,0.0,0.0,0.0,0.0,0.0,0.0,0.0,0.0,0.0,0.0,0.0,0.0,0.0,0.0,0.0,0.0,0,-107875648.0,63,0.0,126,2.7184242562605685e+23,-0.0,ERR,ERR,ERR,ERR,ERR,ERR,ERR,ERR,ERR,ERR,ERR,ERR,ERR,ERR,ERR,ERR,ERR,ERR,ERR,ERR,ERR,ERR,ERR,ERR,ERR,ERR,ERR,ERR,ERR,ERR,ERR,ERR,ERR,ERR,ERR,ERR,ERR,ERR,ERR,ERR,ERR,ERR,ERR,ERR,ERR,ERR,ERR,ERR,ERR,ERR,ERR,ERR,ERR,ERR,ERR,ERR,ERR,ERR,ERR,ERR,ERR,ERR,ERR,ERR,ERR,ERR,ERR,34.0,80.0,35,0.0,0.0,0.0,0.0,0.0,0.0,0.0,0.0,0.0,0.0,0.0,0.0,0.0,0.0,0.0,0.0,64.4,0,116,56,49,65476,0,300,0,0,8,20529,65476,0,0,57672,80.0,0.0,0.0,0.0,0.0,0.0
2026-06-17T04:43:40,ERR,ERR,ERR,ERR,ERR,ERR,ERR,ERR,ERR,ERR,ERR,ERR,ERR,ERR,ERR,ERR,ERR,ERR,ERR,ERR,ERR,ERR,ERR,ERR,ERR,ERR,ERR,ERR,ERR,ERR,ERR,ERR,ERR,ERR,ERR,ERR,ERR,ERR,ERR,ERR,ERR,ERR,ERR,ERR,ERR,ERR,ERR,ERR,ERR,ERR,ERR,ERR,ERR,ERR,ERR,ERR,ERR,ERR,ERR,ERR,ERR,ERR,ERR,ERR,ERR,ERR,ERR,ERR,ERR,ERR,ERR,ERR,ERR,ERR,ERR,ERR,ERR,ERR,ERR,ERR,ERR,ERR,ERR,ERR,ERR,ERR,ERR,ERR,ERR,ERR,ERR,ERR,ERR,ERR,ERR,ERR,ERR,ERR,ERR,ERR,ERR,ERR,ERR,ERR,ERR,ERR,ERR,ERR,ERR,ERR,ERR,ERR,ERR,ERR,ERR,ERR,ERR,ERR,ERR,ERR,ERR,ERR,ERR,ERR,ERR,0.0,-0.0,-0.0,0.0,0.0,1.3936040501711995e+18,7.805,0.0,0,0,4,0,7300,-0.0,0,0.0,0.0,0.0,0.0,0.0,0,0,0,0,0.0,0,0,0,0,0,0,0,0,0,0,0,0,0,0,0,0,0,0,0,0,0,0,0,0,0,0,0,0,0,0,0,0,0,32,30,30,62,65476,0,300,0,0,8,21553,0.0,-107605600.0,0.0,0.0,0.0,0.0,0.0,0.0,0.0,0.0,0.0,0.0,0.0,0.0,0.0,0.0,0.0,0.0,0.0,0.0,0.0,0.0,2.004,-2.004,2.004,-0.0,0.0,0.0,0.0,0.0,5527.0,-2.004,6936.0,0.0,-0.0,-0.0,2.7184296605801213e+23,0.0,0.0,0.0,0.0,63,0.0,0.0,0.0,0.0,0.0,0.0,0.0,0.0,0.0,0,0,0,0.0,0.0,0.0,0.0,0.0,0.0,0.0,0.0,0.0,0.0,0.0,0.0,0.0,0.0,0.0,0.0,0,-107875648.0,63,0.0,126,2.7184242562605685e+23,-0.0,ERR,ERR,ERR,ERR,ERR,ERR,ERR,ERR,ERR,ERR,ERR,ERR,ERR,ERR,ERR,ERR,ERR,ERR,ERR,ERR,ERR,ERR,ERR,ERR,ERR,ERR,ERR,ERR,ERR,ERR,ERR,ERR,ERR,ERR,ERR,ERR,ERR,ERR,ERR,ERR,ERR,ERR,ERR,ERR,ERR,ERR,ERR,ERR,ERR,ERR,ERR,ERR,ERR,ERR,ERR,ERR,ERR,ERR,ERR,ERR,ERR,ERR,ERR,ERR,ERR,ERR,ERR,34.0,80.0,35,0.0,0.0,0.0,0.0,0.0,0.0,0.0,0.0,0.0,0.0,0.0,0.0,0.0,0.0,0.0,0.0,64.4,0,116,56,49,65476,0,300,0,0,8,20529,65476,0,0,57672,80.0,0.0,0.0,0.0,0.0,0.0
2026-06-17T04:43:41,ERR,ERR,ERR,ERR,ERR,ERR,ERR,ERR,ERR,ERR,ERR,ERR,ERR,ERR,ERR,ERR,ERR,ERR,ERR,ERR,ERR,ERR,ERR,ERR,ERR,ERR,ERR,ERR,ERR,ERR,ERR,ERR,ERR,ERR,ERR,ERR,ERR,ERR,ERR,ERR,ERR,ERR,ERR,ERR,ERR,ERR,ERR,ERR,ERR,ERR,ERR,ERR,ERR,ERR,ERR,ERR,ERR,ERR,ERR,ERR,ERR,ERR,ERR,ERR,ERR,ERR,ERR,ERR,ERR,ERR,ERR,ERR,ERR,ERR,ERR,ERR,ERR,ERR,ERR,ERR,ERR,ERR,ERR,ERR,ERR,ERR,ERR,ERR,ERR,ERR,ERR,ERR,ERR,ERR,ERR,ERR,ERR,ERR,ERR,ERR,ERR,ERR,ERR,ERR,ERR,ERR,ERR,ERR,ERR,ERR,ERR,ERR,ERR,ERR,ERR,ERR,ERR,ERR,ERR,ERR,ERR,ERR,ERR,ERR,ERR,0.0,-0.0,3.028208139652935e+23,0.0,0.0,1.3936040501711995e+18,7.805,0.0,0,0,4,0,7300,-0.0,0,0.0,0.0,0.0,0.0,0.0,0,0,0,0,0.0,0,0,0,0,0,0,0,0,0,0,0,0,0,0,0,0,0,0,0,0,0,0,0,0,0,0,0,0,0,0,0,0,0,32,30,30,62,65476,0,300,0,0,8,21553,0.0,-107605600.0,0.0,0.0,0.0,0.0,0.0,0.0,0.0,0.0,0.0,0.0,0.0,0.0,0.0,0.0,0.0,0.0,0.0,0.0,0.0,0.0,2.004,-2.004,2.004,-0.0,0.0,0.0,0.0,0.0,5527.0,3.6971931704991154e+19,6924.0,0.0,-0.0,-0.0,2.7184296605801213e+23,0.0,0.0,0.0,0.0,63,0.0,-0.0,0.0,0.0,0.0,0.0,0.0,0.0,0.0,0,0,0,0.0,0.0,0.0,0.0,0.0,0.0,0.0,0.0,0.0,0.0,0.0,0.0,0.0,0.0,0.0,0.0,0,-107875648.0,63,0.0,126,2.7184242562605685e+23,2.842318642297501e+23,ERR,ERR,ERR,ERR,ERR,ERR,ERR,ERR,ERR,ERR,ERR,ERR,ERR,ERR,ERR,ERR,ERR,ERR,ERR,ERR,ERR,ERR,ERR,ERR,ERR,ERR,ERR,ERR,ERR,ERR,ERR,ERR,ERR,ERR,ERR,ERR,ERR,ERR,ERR,ERR,ERR,ERR,ERR,ERR,ERR,ERR,ERR,ERR,ERR,ERR,ERR,ERR,ERR,ERR,ERR,ERR,ERR,ERR,ERR,ERR,ERR,ERR,ERR,ERR,ERR,ERR,ERR,34.0,80.0,35,0.0,0.0,0.0,0.0,0.0,0.0,0.0,0.0,0.0,0.0,0.0,0.0,0.0,0.0,0.0,0.0,64.4,0,116,56,49,65476,0,300,0,0,8,20529,65476,0,0,57672,80.0,0.0,0.0,0.0,0.0,0.0
2026-06-17T04:43:42,ERR,ERR,ERR,ERR,ERR,ERR,ERR,ERR,ERR,ERR,ERR,ERR,ERR,ERR,ERR,ERR,ERR,ERR,ERR,ERR,ERR,ERR,ERR,ERR,ERR,ERR,ERR,ERR,ERR,ERR,ERR,ERR,ERR,ERR,ERR,ERR,ERR,ERR,ERR,ERR,ERR,ERR,ERR,ERR,ERR,ERR,ERR,ERR,ERR,ERR,ERR,ERR,ERR,ERR,ERR,ERR,ERR,ERR,ERR,ERR,ERR,ERR,ERR,ERR,ERR,ERR,ERR,ERR,ERR,ERR,ERR,ERR,ERR,ERR,ERR,ERR,ERR,ERR,ERR,ERR,ERR,ERR,ERR,ERR,ERR,ERR,ERR,ERR,ERR,ERR,ERR,ERR,ERR,ERR,ERR,ERR,ERR,ERR,ERR,ERR,ERR,ERR,ERR,ERR,ERR,ERR,ERR,ERR,ERR,ERR,ERR,ERR,ERR,ERR,ERR,ERR,ERR,ERR,ERR,ERR,ERR,ERR,ERR,ERR,ERR,0.0,-0.0,3.028208139652935e+23,0.0,0.0,1.3936040501711995e+18,7.805,0.0,0,0,4,0,7300,-0.0,0,0.0,0.0,0.0,0.0,0.0,0,0,0,0,0.0,0,0,0,0,0,0,0,0,0,0,0,0,0,0,0,0,0,0,0,0,0,0,0,0,0,0,0,0,0,0,0,0,0,32,30,30,62,65476,0,300,0,0,8,21553,0.0,-107605600.0,0.0,0.0,0.0,0.0,0.0,0.0,0.0,0.0,0.0,0.0,0.0,0.0,0.0,0.0,0.0,0.0,0.0,0.0,0.0,0.0,2.004,-2.004,2.004,-0.0,0.0,0.0,0.0,0.0,5527.0,3.6971931704991154e+19,6924.0,0.0,-0.0,-0.0,2.7184296605801213e+23,0.0,0.0,0.0,0.0,63,0.0,-0.0,0.0,0.0,0.0,0.0,0.0,0.0,0.0,0,0,0,0.0,0.0,0.0,0.0,0.0,0.0,0.0,0.0,0.0,0.0,0.0,0.0,0.0,0.0,0.0,0.0,0,-107875648.0,63,0.0,126,2.7184242562605685e+23,2.842318642297501e+23,ERR,ERR,ERR,ERR,ERR,ERR,ERR,ERR,ERR,ERR,ERR,ERR,ERR,ERR,ERR,ERR,ERR,ERR,ERR,ERR,ERR,ERR,ERR,ERR,ERR,ERR,ERR,ERR,ERR,ERR,ERR,ERR,ERR,ERR,ERR,ERR,ERR,ERR,ERR,ERR,ERR,ERR,ERR,ERR,ERR,ERR,ERR,ERR,ERR,ERR,ERR,ERR,ERR,ERR,ERR,ERR,ERR,ERR,ERR,ERR,ERR,ERR,ERR,ERR,ERR,ERR,ERR,34.0,80.0,35,0.0,0.0,0.0,0.0,0.0,0.0,0.0,0.0,0.0,0.0,0.0,0.0,0.0,0.0,0.0,0.0,64.4,0,116,56,49,65476,0,300,0,0,8,20529,65476,0,0,57672,80.0,0.0,0.0,0.0,0.0,0.0
2026-06-17T04:43:43,ERR,ERR,ERR,ERR,ERR,ERR,ERR,ERR,ERR,ERR,ERR,ERR,ERR,ERR,ERR,ERR,ERR,ERR,ERR,ERR,ERR,ERR,ERR,ERR,ERR,ERR,ERR,ERR,ERR,ERR,ERR,ERR,ERR,ERR,ERR,ERR,ERR,ERR,ERR,ERR,ERR,ERR,ERR,ERR,ERR,ERR,ERR,ERR,ERR,ERR,ERR,ERR,ERR,ERR,ERR,ERR,ERR,ERR,ERR,ERR,ERR,ERR,ERR,ERR,ERR,ERR,ERR,ERR,ERR,ERR,ERR,ERR,ERR,ERR,ERR,ERR,ERR,ERR,ERR,ERR,ERR,ERR,ERR,ERR,ERR,ERR,ERR,ERR,ERR,ERR,ERR,ERR,ERR,ERR,ERR,ERR,ERR,ERR,ERR,ERR,ERR,ERR,ERR,ERR,ERR,ERR,ERR,ERR,ERR,ERR,ERR,ERR,ERR,ERR,ERR,ERR,ERR,ERR,ERR,ERR,ERR,ERR,ERR,ERR,ERR,0.0,-0.0,3.028208139652935e+23,0.0,0.0,1.3936040501711995e+18,7.805,0.0,0,0,4,0,7300,-0.0,0,0.0,0.0,0.0,0.0,0.0,0,0,0,0,0.0,0,0,0,0,0,0,0,0,0,0,0,0,0,0,0,0,0,0,0,0,0,0,0,0,0,0,0,0,0,0,0,0,0,32,30,30,62,65476,0,300,0,0,8,21553,0.0,-107605600.0,0.0,0.0,0.0,0.0,0.0,0.0,0.0,0.0,0.0,0.0,0.0,0.0,0.0,0.0,0.0,0.0,0.0,0.0,0.0,0.0,2.004,-2.004,2.004,-0.0,0.0,0.0,0.0,0.0,5527.0,3.6971931704991154e+19,6924.0,0.0,-0.0,-0.0,2.7184296605801213e+23,0.0,0.0,0.0,0.0,63,0.0,-0.0,0.0,0.0,0.0,0.0,0.0,0.0,0.0,0,0,0,0.0,0.0,0.0,0.0,0.0,0.0,0.0,0.0,0.0,0.0,0.0,0.0,0.0,0.0,0.0,0.0,0,-107875648.0,63,0.0,126,2.7184242562605685e+23,2.842318642297501e+23,ERR,ERR,ERR,ERR,ERR,ERR,ERR,ERR,ERR,ERR,ERR,ERR,ERR,ERR,ERR,ERR,ERR,ERR,ERR,ERR,ERR,ERR,ERR,ERR,ERR,ERR,ERR,ERR,ERR,ERR,ERR,ERR,ERR,ERR,ERR,ERR,ERR,ERR,ERR,ERR,ERR,ERR,ERR,ERR,ERR,ERR,ERR,ERR,ERR,ERR,ERR,ERR,ERR,ERR,ERR,ERR,ERR,ERR,ERR,ERR,ERR,ERR,ERR,ERR,ERR,ERR,ERR,34.0,80.0,35,0.0,0.0,0.0,0.0,0.0,0.0,0.0,0.0,0.0,0.0,0.0,0.0,0.0,0.0,0.0,0.0,64.8,0,116,56,49,65476,0,300,0,0,8,20529,65476,0,0,57672,80.0,0.0,0.0,0.0,0.0,0.0
2026-06-17T04:43:44,ERR,ERR,ERR,ERR,ERR,ERR,ERR,ERR,ERR,ERR,ERR,ERR,ERR,ERR,ERR,ERR,ERR,ERR,ERR,ERR,ERR,ERR,ERR,ERR,ERR,ERR,ERR,ERR,ERR,ERR,ERR,ERR,ERR,ERR,ERR,ERR,ERR,ERR,ERR,ERR,ERR,ERR,ERR,ERR,ERR,ERR,ERR,ERR,ERR,ERR,ERR,ERR,ERR,ERR,ERR,ERR,ERR,ERR,ERR,ERR,ERR,ERR,ERR,ERR,ERR,ERR,ERR,ERR,ERR,ERR,ERR,ERR,ERR,ERR,ERR,ERR,ERR,ERR,ERR,ERR,ERR,ERR,ERR,ERR,ERR,ERR,ERR,ERR,ERR,ERR,ERR,ERR,ERR,ERR,ERR,ERR,ERR,ERR,ERR,ERR,ERR,ERR,ERR,ERR,ERR,ERR,ERR,ERR,ERR,ERR,ERR,ERR,ERR,ERR,ERR,ERR,ERR,ERR,ERR,ERR,ERR,ERR,ERR,ERR,ERR,0.0,-0.0,3.028208139652935e+23,0.0,0.0,1.3936040501711995e+18,7.805,0.0,0,0,4,0,7300,-0.0,0,0.0,0.0,0.0,0.0,0.0,0,0,0,0,0.0,0,0,0,0,0,0,0,0,0,0,0,0,0,0,0,0,0,0,0,0,0,0,0,0,0,0,0,0,0,0,0,0,0,32,30,30,62,65476,0,300,0,0,8,21553,0.0,-107605600.0,0.0,0.0,0.0,0.0,0.0,0.0,0.0,0.0,0.0,0.0,0.0,0.0,0.0,0.0,0.0,0.0,0.0,0.0,0.0,0.0,2.004,-2.004,2.004,-0.0,0.0,0.0,0.0,0.0,5527.0,3.6971931704991154e+19,6924.0,0.0,-0.0,-0.0,2.7184296605801213e+23,0.0,0.0,0.0,0.0,63,0.0,-0.0,0.0,0.0,0.0,0.0,0.0,0.0,0.0,0,0,0,0.0,0.0,0.0,0.0,0.0,0.0,0.0,0.0,0.0,0.0,0.0,0.0,0.0,0.0,0.0,0.0,0,-107875648.0,63,0.0,126,2.7184242562605685e+23,2.842318642297501e+23,ERR,ERR,ERR,ERR,ERR,ERR,ERR,ERR,ERR,ERR,ERR,ERR,ERR,ERR,ERR,ERR,ERR,ERR,ERR,ERR,ERR,ERR,ERR,ERR,ERR,ERR,ERR,ERR,ERR,ERR,ERR,ERR,ERR,ERR,ERR,ERR,ERR,ERR,ERR,ERR,ERR,ERR,ERR,ERR,ERR,ERR,ERR,ERR,ERR,ERR,ERR,ERR,ERR,ERR,ERR,ERR,ERR,ERR,ERR,ERR,ERR,ERR,ERR,ERR,ERR,ERR,ERR,34.0,80.0,35,0.0,0.0,0.0,0.0,0.0,0.0,0.0,0.0,0.0,0.0,0.0,0.0,0.0,0.0,0.0,0.0,64.4,0,116,56,49,65476,0,300,0,0,8,20529,65476,0,0,57672,80.0,0.0,0.0,0.0,0.0,0.0
2026-06-17T04:43:45,ERR,ERR,ERR,ERR,ERR,ERR,ERR,ERR,ERR,ERR,ERR,ERR,ERR,ERR,ERR,ERR,ERR,ERR,ERR,ERR,ERR,ERR,ERR,ERR,ERR,ERR,ERR,ERR,ERR,ERR,ERR,ERR,ERR,ERR,ERR,ERR,ERR,ERR,ERR,ERR,ERR,ERR,ERR,ERR,ERR,ERR,ERR,ERR,ERR,ERR,ERR,ERR,ERR,ERR,ERR,ERR,ERR,ERR,ERR,ERR,ERR,ERR,ERR,ERR,ERR,ERR,ERR,ERR,ERR,ERR,ERR,ERR,ERR,ERR,ERR,ERR,ERR,ERR,ERR,ERR,ERR,ERR,ERR,ERR,ERR,ERR,ERR,ERR,ERR,ERR,ERR,ERR,ERR,ERR,ERR,ERR,ERR,ERR,ERR,ERR,ERR,ERR,ERR,ERR,ERR,ERR,ERR,ERR,ERR,ERR,ERR,ERR,ERR,ERR,ERR,ERR,ERR,ERR,ERR,ERR,ERR,ERR,ERR,ERR,ERR,0.0,-0.0,3.028208139652935e+23,0.0,0.0,1.3936040501711995e+18,7.805,0.0,0,0,4,0,7300,-0.0,0,0.0,0.0,0.0,0.0,0.0,0,0,0,0,0.0,0,0,0,0,0,0,0,0,0,0,0,0,0,0,0,0,0,0,0,0,0,0,0,0,0,0,0,0,0,0,0,0,0,32,30,30,62,65476,0,300,0,0,8,21553,0.0,-107605600.0,0.0,0.0,0.0,0.0,0.0,0.0,0.0,0.0,0.0,0.0,0.0,0.0,0.0,0.0,0.0,0.0,0.0,0.0,0.0,0.0,2.004,-2.004,2.004,-0.0,0.0,0.0,0.0,0.0,5527.0,3.6971931704991154e+19,6924.0,0.0,-0.0,-0.0,2.7184296605801213e+23,0.0,0.0,0.0,0.0,63,0.0,-0.0,0.0,0.0,0.0,0.0,0.0,0.0,0.0,0,0,0,0.0,0.0,0.0,0.0,0.0,0.0,0.0,0.0,0.0,0.0,0.0,0.0,0.0,0.0,0.0,0.0,0,-107875648.0,63,0.0,126,2.7184242562605685e+23,2.842318642297501e+23,ERR,ERR,ERR,ERR,ERR,ERR,ERR,ERR,ERR,ERR,ERR,ERR,ERR,ERR,ERR,ERR,ERR,ERR,ERR,ERR,ERR,ERR,ERR,ERR,ERR,ERR,ERR,ERR,ERR,ERR,ERR,ERR,ERR,ERR,ERR,ERR,ERR,ERR,ERR,ERR,ERR,ERR,ERR,ERR,ERR,ERR,ERR,ERR,ERR,ERR,ERR,ERR,ERR,ERR,ERR,ERR,ERR,ERR,ERR,ERR,ERR,ERR,ERR,ERR,ERR,ERR,ERR,34.0,80.0,35,0.0,0.0,0.0,0.0,0.0,0.0,0.0,0.0,0.0,0.0,0.0,0.0,0.0,0.0,0.0,0.0,64.4,0,116,56,49,65476,0,300,0,0,8,20529,65476,0,0,57672,80.0,0.0,0.0,0.0,0.0,0.0
2026-06-17T04:43:46,ERR,ERR,ERR,ERR,ERR,ERR,ERR,ERR,ERR,ERR,ERR,ERR,ERR,ERR,ERR,ERR,ERR,ERR,ERR,ERR,ERR,ERR,ERR,ERR,ERR,ERR,ERR,ERR,ERR,ERR,ERR,ERR,ERR,ERR,ERR,ERR,ERR,ERR,ERR,ERR,ERR,ERR,ERR,ERR,ERR,ERR,ERR,ERR,ERR,ERR,ERR,ERR,ERR,ERR,ERR,ERR,ERR,ERR,ERR,ERR,ERR,ERR,ERR,ERR,ERR,ERR,ERR,ERR,ERR,ERR,ERR,ERR,ERR,ERR,ERR,ERR,ERR,ERR,ERR,ERR,ERR,ERR,ERR,ERR,ERR,ERR,ERR,ERR,ERR,ERR,ERR,ERR,ERR,ERR,ERR,ERR,ERR,ERR,ERR,ERR,ERR,ERR,ERR,ERR,ERR,ERR,ERR,ERR,ERR,ERR,ERR,ERR,ERR,ERR,ERR,ERR,ERR,ERR,ERR,ERR,ERR,ERR,ERR,ERR,ERR,0.0,-0.0,3.028208139652935e+23,0.0,0.0,1.3936040501711995e+18,7.805,0.0,0,0,4,0,7300,-0.0,0,0.0,0.0,0.0,0.0,0.0,0,0,0,0,0.0,0,0,0,0,0,0,0,0,0,0,0,0,0,0,0,0,0,0,0,0,0,0,0,0,0,0,0,0,0,0,0,0,0,32,30,30,62,65476,0,300,0,0,8,21553,0.0,-107605600.0,0.0,0.0,0.0,0.0,0.0,0.0,0.0,0.0,0.0,0.0,0.0,0.0,0.0,0.0,0.0,0.0,0.0,0.0,0.0,0.0,2.004,-2.004,2.004,-0.0,0.0,0.0,0.0,0.0,5527.0,3.6971931704991154e+19,6924.0,0.0,-0.0,-0.0,2.7184296605801213e+23,0.0,0.0,0.0,0.0,63,0.0,-0.0,0.0,0.0,0.0,0.0,0.0,0.0,0.0,0,0,0,0.0,0.0,0.0,0.0,0.0,0.0,0.0,0.0,0.0,0.0,0.0,0.0,0.0,0.0,0.0,0.0,0,-107875648.0,63,0.0,126,2.7184242562605685e+23,2.842318642297501e+23,ERR,ERR,ERR,ERR,ERR,ERR,ERR,ERR,ERR,ERR,ERR,ERR,ERR,ERR,ERR,ERR,ERR,ERR,ERR,ERR,ERR,ERR,ERR,ERR,ERR,ERR,ERR,ERR,ERR,ERR,ERR,ERR,ERR,ERR,ERR,ERR,ERR,ERR,ERR,ERR,ERR,ERR,ERR,ERR,ERR,ERR,ERR,ERR,ERR,ERR,ERR,ERR,ERR,ERR,ERR,ERR,ERR,ERR,ERR,ERR,ERR,ERR,ERR,ERR,ERR,ERR,ERR,34.0,80.0,35,0.0,0.0,0.0,0.0,0.0,0.0,0.0,0.0,0.0,0.0,0.0,0.0,0.0,0.0,0.0,0.0,64.4,0,116,56,49,65476,0,300,0,0,8,20529,65476,0,0,57672,80.0,0.0,0.0,0.0,0.0,0.0
2026-06-17T04:43:47,ERR,ERR,ERR,ERR,ERR,ERR,ERR,ERR,ERR,ERR,ERR,ERR,ERR,ERR,ERR,ERR,ERR,ERR,ERR,ERR,ERR,ERR,ERR,ERR,ERR,ERR,ERR,ERR,ERR,ERR,ERR,ERR,ERR,ERR,ERR,ERR,ERR,ERR,ERR,ERR,ERR,ERR,ERR,ERR,ERR,ERR,ERR,ERR,ERR,ERR,ERR,ERR,ERR,ERR,ERR,ERR,ERR,ERR,ERR,ERR,ERR,ERR,ERR,ERR,ERR,ERR,ERR,ERR,ERR,ERR,ERR,ERR,ERR,ERR,ERR,ERR,ERR,ERR,ERR,ERR,ERR,ERR,ERR,ERR,ERR,ERR,ERR,ERR,ERR,ERR,ERR,ERR,ERR,ERR,ERR,ERR,ERR,ERR,ERR,ERR,ERR,ERR,ERR,ERR,ERR,ERR,ERR,ERR,ERR,ERR,ERR,ERR,ERR,ERR,ERR,ERR,ERR,ERR,ERR,ERR,ERR,ERR,ERR,ERR,ERR,0.0,-0.0,3.028208139652935e+23,0.0,0.0,1.3936040501711995e+18,7.805,0.0,0,0,4,0,7300,-0.0,0,0.0,0.0,0.0,0.0,0.0,0,0,0,0,0.0,0,0,0,0,0,0,0,0,0,0,0,0,0,0,0,0,0,0,0,0,0,0,0,0,0,0,0,0,0,0,0,0,0,32,30,30,62,65476,0,300,0,0,8,21553,0.0,-107605600.0,0.0,0.0,0.0,0.0,0.0,0.0,0.0,0.0,0.0,0.0,0.0,0.0,0.0,0.0,0.0,0.0,0.0,0.0,0.0,0.0,2.004,-2.004,2.004,-0.0,0.0,0.0,0.0,0.0,5527.0,131350.688,6921.0,0.0,-0.0,-0.0,2.7184296605801213e+23,0.0,0.0,0.0,0.0,63,0.0,-0.0,0.0,0.0,0.0,0.0,0.0,0.0,0.0,0,0,0,0.0,0.0,0.0,0.0,0.0,0.0,0.0,0.0,0.0,0.0,0.0,0.0,0.0,0.0,0.0,0.0,0,-107875648.0,63,0.0,126,2.7184242562605685e+23,2.842318642297501e+23,ERR,ERR,ERR,ERR,ERR,ERR,ERR,ERR,ERR,ERR,ERR,ERR,ERR,ERR,ERR,ERR,ERR,ERR,ERR,ERR,ERR,ERR,ERR,ERR,ERR,ERR,ERR,ERR,ERR,ERR,ERR,ERR,ERR,ERR,ERR,ERR,ERR,ERR,ERR,ERR,ERR,ERR,ERR,ERR,ERR,ERR,ERR,ERR,ERR,ERR,ERR,ERR,ERR,ERR,ERR,ERR,ERR,ERR,ERR,ERR,ERR,ERR,ERR,ERR,ERR,ERR,ERR,34.0,80.0,35,0.0,0.0,0.0,0.0,0.0,0.0,0.0,0.0,0.0,0.0,0.0,0.0,0.0,0.0,0.0,0.0,64.4,0,116,56,49,65476,0,300,0,0,8,20529,65476,0,0,57672,80.0,0.0,0.0,0.0,0.0,0.0
2026-06-17T04:43:48,ERR,ERR,ERR,ERR,ERR,ERR,ERR,ERR,ERR,ERR,ERR,ERR,ERR,ERR,ERR,ERR,ERR,ERR,ERR,ERR,ERR,ERR,ERR,ERR,ERR,ERR,ERR,ERR,ERR,ERR,ERR,ERR,ERR,ERR,ERR,ERR,ERR,ERR,ERR,ERR,ERR,ERR,ERR,ERR,ERR,ERR,ERR,ERR,ERR,ERR,ERR,ERR,ERR,ERR,ERR,ERR,ERR,ERR,ERR,ERR,ERR,ERR,ERR,ERR,ERR,ERR,ERR,ERR,ERR,ERR,ERR,ERR,ERR,ERR,ERR,ERR,ERR,ERR,ERR,ERR,ERR,ERR,ERR,ERR,ERR,ERR,ERR,ERR,ERR,ERR,ERR,ERR,ERR,ERR,ERR,ERR,ERR,ERR,ERR,ERR,ERR,ERR,ERR,ERR,ERR,ERR,ERR,ERR,ERR,ERR,ERR,ERR,ERR,ERR,ERR,ERR,ERR,ERR,ERR,ERR,ERR,ERR,ERR,ERR,ERR,0.0,-0.0,3.028208139652935e+23,0.0,0.0,1.3936040501711995e+18,7.805,0.0,0,0,4,0,7300,-0.0,0,0.0,0.0,0.0,0.0,0.0,0,0,0,0,0.0,0,0,0,0,0,0,0,0,0,0,0,0,0,0,0,0,0,0,0,0,0,0,0,0,0,0,0,0,0,0,0,0,0,32,30,30,62,65476,0,300,0,0,8,21553,0.0,-107605600.0,0.0,0.0,0.0,0.0,0.0,0.0,0.0,0.0,0.0,0.0,0.0,0.0,0.0,0.0,0.0,0.0,0.0,0.0,0.0,0.0,2.004,-2.004,2.004,-0.0,0.0,0.0,0.0,0.0,5527.0,131350.688,6921.0,0.0,-0.0,-0.0,2.7184296605801213e+23,0.0,0.0,0.0,0.0,63,0.0,-0.0,0.0,0.0,0.0,0.0,0.0,0.0,0.0,0,0,0,0.0,0.0,0.0,0.0,0.0,0.0,0.0,0.0,0.0,0.0,0.0,0.0,0.0,0.0,0.0,0.0,0,-107875648.0,63,0.0,126,2.7184242562605685e+23,2.842318642297501e+23,ERR,ERR,ERR,ERR,ERR,ERR,ERR,ERR,ERR,ERR,ERR,ERR,ERR,ERR,ERR,ERR,ERR,ERR,ERR,ERR,ERR,ERR,ERR,ERR,ERR,ERR,ERR,ERR,ERR,ERR,ERR,ERR,ERR,ERR,ERR,ERR,ERR,ERR,ERR,ERR,ERR,ERR,ERR,ERR,ERR,ERR,ERR,ERR,ERR,ERR,ERR,ERR,ERR,ERR,ERR,ERR,ERR,ERR,ERR,ERR,ERR,ERR,ERR,ERR,ERR,ERR,ERR,34.0,80.0,35,0.0,0.0,0.0,0.0,0.0,0.0,0.0,0.0,0.0,0.0,0.0,0.0,0.0,0.0,0.0,0.0,64.4,0,116,56,49,65476,0,300,0,0,8,20529,65476,0,0,57672,80.0,0.0,0.0,0.0,0.0,0.0
2026-06-17T04:43:49,ERR,ERR,ERR,ERR,ERR,ERR,ERR,ERR,ERR,ERR,ERR,ERR,ERR,ERR,ERR,ERR,ERR,ERR,ERR,ERR,ERR,ERR,ERR,ERR,ERR,ERR,ERR,ERR,ERR,ERR,ERR,ERR,ERR,ERR,ERR,ERR,ERR,ERR,ERR,ERR,ERR,ERR,ERR,ERR,ERR,ERR,ERR,ERR,ERR,ERR,ERR,ERR,ERR,ERR,ERR,ERR,ERR,ERR,ERR,ERR,ERR,ERR,ERR,ERR,ERR,ERR,ERR,ERR,ERR,ERR,ERR,ERR,ERR,ERR,ERR,ERR,ERR,ERR,ERR,ERR,ERR,ERR,ERR,ERR,ERR,ERR,ERR,ERR,ERR,ERR,ERR,ERR,ERR,ERR,ERR,ERR,ERR,ERR,ERR,ERR,ERR,ERR,ERR,ERR,ERR,ERR,ERR,ERR,ERR,ERR,ERR,ERR,ERR,ERR,ERR,ERR,ERR,ERR,ERR,ERR,ERR,ERR,ERR,ERR,ERR,0.0,-0.0,3.028208139652935e+23,0.0,0.0,1.3936040501711995e+18,7.805,0.0,0,0,4,0,7300,-0.0,0,0.0,0.0,0.0,0.0,0.0,0,0,0,0,0.0,0,0,0,0,0,0,0,0,0,0,0,0,0,0,0,0,0,0,0,0,0,0,0,0,0,0,0,0,0,0,0,0,0,32,30,30,62,65476,0,300,0,0,8,21553,0.0,-107605600.0,0.0,0.0,0.0,0.0,0.0,0.0,0.0,0.0,0.0,0.0,0.0,0.0,0.0,0.0,0.0,0.0,0.0,0.0,0.0,0.0,2.004,-2.004,2.004,-0.0,0.0,0.0,0.0,0.0,5527.0,131350.688,6921.0,0.0,-0.0,-0.0,2.7184296605801213e+23,0.0,0.0,0.0,0.0,63,0.0,-0.0,0.0,0.0,0.0,0.0,0.0,0.0,0.0,0,0,0,0.0,0.0,0.0,0.0,0.0,0.0,0.0,0.0,0.0,0.0,0.0,0.0,0.0,0.0,0.0,0.0,0,-107875648.0,63,0.0,126,2.7184242562605685e+23,2.842318642297501e+23,ERR,ERR,ERR,ERR,ERR,ERR,ERR,ERR,ERR,ERR,ERR,ERR,ERR,ERR,ERR,ERR,ERR,ERR,ERR,ERR,ERR,ERR,ERR,ERR,ERR,ERR,ERR,ERR,ERR,ERR,ERR,ERR,ERR,ERR,ERR,ERR,ERR,ERR,ERR,ERR,ERR,ERR,ERR,ERR,ERR,ERR,ERR,ERR,ERR,ERR,ERR,ERR,ERR,ERR,ERR,ERR,ERR,ERR,ERR,ERR,ERR,ERR,ERR,ERR,ERR,ERR,ERR,34.0,80.0,35,0.0,0.0,0.0,0.0,0.0,0.0,0.0,0.0,0.0,0.0,0.0,0.0,0.0,0.0,0.0,0.0,64.4,0,116,56,49,65476,0,300,0,0,8,20529,65476,0,0,57672,80.0,0.0,0.0,0.0,0.0,0.0
2026-06-17T04:43:50,ERR,ERR,ERR,ERR,ERR,ERR,ERR,ERR,ERR,ERR,ERR,ERR,ERR,ERR,ERR,ERR,ERR,ERR,ERR,ERR,ERR,ERR,ERR,ERR,ERR,ERR,ERR,ERR,ERR,ERR,ERR,ERR,ERR,ERR,ERR,ERR,ERR,ERR,ERR,ERR,ERR,ERR,ERR,ERR,ERR,ERR,ERR,ERR,ERR,ERR,ERR,ERR,ERR,ERR,ERR,ERR,ERR,ERR,ERR,ERR,ERR,ERR,ERR,ERR,ERR,ERR,ERR,ERR,ERR,ERR,ERR,ERR,ERR,ERR,ERR,ERR,ERR,ERR,ERR,ERR,ERR,ERR,ERR,ERR,ERR,ERR,ERR,ERR,ERR,ERR,ERR,ERR,ERR,ERR,ERR,ERR,ERR,ERR,ERR,ERR,ERR,ERR,ERR,ERR,ERR,ERR,ERR,ERR,ERR,ERR,ERR,ERR,ERR,ERR,ERR,ERR,ERR,ERR,ERR,ERR,ERR,ERR,ERR,ERR,ERR,0.0,-0.0,3.028208139652935e+23,0.0,0.0,1.3936040501711995e+18,7.805,0.0,0,0,4,0,7300,-0.0,0,0.0,0.0,0.0,0.0,0.0,0,0,0,0,0.0,0,0,0,0,0,0,0,0,0,0,0,0,0,0,0,0,0,0,0,0,0,0,0,0,0,0,0,0,0,0,0,0,0,32,30,30,62,65476,0,300,0,0,8,21553,0.0,-107605600.0,0.0,0.0,0.0,0.0,0.0,0.0,0.0,0.0,0.0,0.0,0.0,0.0,0.0,0.0,0.0,0.0,0.0,0.0,0.0,0.0,2.004,-2.004,2.004,-0.0,0.0,0.0,0.0,0.0,5527.0,131350.688,6921.0,0.0,-0.0,-0.0,2.7184296605801213e+23,0.0,0.0,0.0,0.0,63,0.0,-0.0,0.0,0.0,0.0,0.0,0.0,0.0,0.0,0,0,0,0.0,0.0,0.0,0.0,0.0,0.0,0.0,0.0,0.0,0.0,0.0,0.0,0.0,0.0,0.0,0.0,0,-107875648.0,63,0.0,126,2.7184242562605685e+23,2.842318642297501e+23,ERR,ERR,ERR,ERR,ERR,ERR,ERR,ERR,ERR,ERR,ERR,ERR,ERR,ERR,ERR,ERR,ERR,ERR,ERR,ERR,ERR,ERR,ERR,ERR,ERR,ERR,ERR,ERR,ERR,ERR,ERR,ERR,ERR,ERR,ERR,ERR,ERR,ERR,ERR,ERR,ERR,ERR,ERR,ERR,ERR,ERR,ERR,ERR,ERR,ERR,ERR,ERR,ERR,ERR,ERR,ERR,ERR,ERR,ERR,ERR,ERR,ERR,ERR,ERR,ERR,ERR,ERR,34.0,80.0,35,0.0,0.0,0.0,0.0,0.0,0.0,0.0,0.0,0.0,0.0,0.0,0.0,0.0,0.0,0.0,0.0,64.4,0,116,56,49,65476,0,300,0,0,8,20529,65476,0,0,57672,80.0,0.0,0.0,0.0,0.0,0.0
2026-06-17T04:43:51,ERR,ERR,ERR,ERR,ERR,ERR,ERR,ERR,ERR,ERR,ERR,ERR,ERR,ERR,ERR,ERR,ERR,ERR,ERR,ERR,ERR,ERR,ERR,ERR,ERR,ERR,ERR,ERR,ERR,ERR,ERR,ERR,ERR,ERR,ERR,ERR,ERR,ERR,ERR,ERR,ERR,ERR,ERR,ERR,ERR,ERR,ERR,ERR,ERR,ERR,ERR,ERR,ERR,ERR,ERR,ERR,ERR,ERR,ERR,ERR,ERR,ERR,ERR,ERR,ERR,ERR,ERR,ERR,ERR,ERR,ERR,ERR,ERR,ERR,ERR,ERR,ERR,ERR,ERR,ERR,ERR,ERR,ERR,ERR,ERR,ERR,ERR,ERR,ERR,ERR,ERR,ERR,ERR,ERR,ERR,ERR,ERR,ERR,ERR,ERR,ERR,ERR,ERR,ERR,ERR,ERR,ERR,ERR,ERR,ERR,ERR,ERR,ERR,ERR,ERR,ERR,ERR,ERR,ERR,ERR,ERR,ERR,ERR,ERR,ERR,0.0,-0.0,3.028208139652935e+23,0.0,0.0,1.3936040501711995e+18,7.805,0.0,0,0,4,0,7300,-0.0,0,0.0,0.0,0.0,0.0,0.0,0,0,0,0,0.0,0,0,0,0,0,0,0,0,0,0,0,0,0,0,0,0,0,0,0,0,0,0,0,0,0,0,0,0,0,0,0,0,0,32,30,30,62,65476,0,300,0,0,8,21553,0.0,-107605600.0,0.0,0.0,0.0,0.0,0.0,0.0,0.0,0.0,0.0,0.0,0.0,0.0,0.0,0.0,0.0,0.0,0.0,0.0,0.0,0.0,2.004,-2.004,2.004,-0.0,0.0,0.0,0.0,0.0,5527.0,131350.688,6921.0,0.0,-0.0,-0.0,2.7184296605801213e+23,0.0,0.0,0.0,0.0,63,0.0,-0.0,0.0,0.0,0.0,0.0,0.0,0.0,0.0,0,0,0,0.0,0.0,0.0,0.0,0.0,0.0,0.0,0.0,0.0,0.0,0.0,0.0,0.0,0.0,0.0,0.0,0,-107875648.0,63,0.0,126,2.7184242562605685e+23,2.842318642297501e+23,ERR,ERR,ERR,ERR,ERR,ERR,ERR,ERR,ERR,ERR,ERR,ERR,ERR,ERR,ERR,ERR,ERR,ERR,ERR,ERR,ERR,ERR,ERR,ERR,ERR,ERR,ERR,ERR,ERR,ERR,ERR,ERR,ERR,ERR,ERR,ERR,ERR,ERR,ERR,ERR,ERR,ERR,ERR,ERR,ERR,ERR,ERR,ERR,ERR,ERR,ERR,ERR,ERR,ERR,ERR,ERR,ERR,ERR,ERR,ERR,ERR,ERR,ERR,ERR,ERR,ERR,ERR,34.0,80.0,35,0.0,0.0,0.0,0.0,0.0,0.0,0.0,0.0,0.0,0.0,0.0,0.0,0.0,0.0,0.0,0.0,64.4,0,116,56,49,65476,0,300,0,0,8,20529,65476,0,0,57672,80.0,0.0,0.0,0.0,0.0,0.0
2026-06-17T04:43:52,ERR,ERR,ERR,ERR,ERR,ERR,ERR,ERR,ERR,ERR,ERR,ERR,ERR,ERR,ERR,ERR,ERR,ERR,ERR,ERR,ERR,ERR,ERR,ERR,ERR,ERR,ERR,ERR,ERR,ERR,ERR,ERR,ERR,ERR,ERR,ERR,ERR,ERR,ERR,ERR,ERR,ERR,ERR,ERR,ERR,ERR,ERR,ERR,ERR,ERR,ERR,ERR,ERR,ERR,ERR,ERR,ERR,ERR,ERR,ERR,ERR,ERR,ERR,ERR,ERR,ERR,ERR,ERR,ERR,ERR,ERR,ERR,ERR,ERR,ERR,ERR,ERR,ERR,ERR,ERR,ERR,ERR,ERR,ERR,ERR,ERR,ERR,ERR,ERR,ERR,ERR,ERR,ERR,ERR,ERR,ERR,ERR,ERR,ERR,ERR,ERR,ERR,ERR,ERR,ERR,ERR,ERR,ERR,ERR,ERR,ERR,ERR,ERR,ERR,ERR,ERR,ERR,ERR,ERR,ERR,ERR,ERR,ERR,ERR,ERR,0.0,-0.0,3.028208139652935e+23,0.0,0.0,1.3936040501711995e+18,7.805,0.0,0,0,4,0,7300,-0.0,0,0.0,0.0,0.0,0.0,0.0,0,0,0,0,0.0,0,0,0,0,0,0,0,0,0,0,0,0,0,0,0,0,0,0,0,0,0,0,0,0,0,0,0,0,0,0,0,0,0,32,30,30,62,65476,0,300,0,0,8,21553,0.0,-107605600.0,0.0,0.0,0.0,0.0,0.0,0.0,0.0,0.0,0.0,0.0,0.0,0.0,0.0,0.0,0.0,0.0,0.0,0.0,0.0,0.0,2.004,-2.004,2.004,-0.0,0.0,0.0,0.0,0.0,5527.0,1.040667361561035e+34,6927.0,0.0,-0.0,-107615280.0,2.7184296605801213e+23,0.0,0.0,0.0,0.0,63,0.0,-71.63,0.0,0.0,0.0,0.0,0.0,0.0,0.0,0,0,0,0.0,0.0,0.0,0.0,0.0,0.0,0.0,0.0,0.0,0.0,0.0,0.0,0.0,0.0,0.0,0.0,0,-107875648.0,63,0.0,126,2.7184242562605685e+23,-0.0,ERR,ERR,ERR,ERR,ERR,ERR,ERR,ERR,ERR,ERR,ERR,ERR,ERR,ERR,ERR,ERR,ERR,ERR,ERR,ERR,ERR,ERR,ERR,ERR,ERR,ERR,ERR,ERR,ERR,ERR,ERR,ERR,ERR,ERR,ERR,ERR,ERR,ERR,ERR,ERR,ERR,ERR,ERR,ERR,ERR,ERR,ERR,ERR,ERR,ERR,ERR,ERR,ERR,ERR,ERR,ERR,ERR,ERR,ERR,ERR,ERR,ERR,ERR,ERR,ERR,ERR,ERR,34.0,80.0,35,0.0,0.0,0.0,0.0,0.0,0.0,0.0,0.0,0.0,0.0,0.0,0.0,0.0,0.0,0.0,0.0,64.8,0,116,56,49,65476,0,300,0,0,8,20529,65476,0,0,57672,80.0,0.0,0.0,0.0,0.0,0.0
2026-06-17T04:43:53,ERR,ERR,ERR,ERR,ERR,ERR,ERR,ERR,ERR,ERR,ERR,ERR,ERR,ERR,ERR,ERR,ERR,ERR,ERR,ERR,ERR,ERR,ERR,ERR,ERR,ERR,ERR,ERR,ERR,ERR,ERR,ERR,ERR,ERR,ERR,ERR,ERR,ERR,ERR,ERR,ERR,ERR,ERR,ERR,ERR,ERR,ERR,ERR,ERR,ERR,ERR,ERR,ERR,ERR,ERR,ERR,ERR,ERR,ERR,ERR,ERR,ERR,ERR,ERR,ERR,ERR,ERR,ERR,ERR,ERR,ERR,ERR,ERR,ERR,ERR,ERR,ERR,ERR,ERR,ERR,ERR,ERR,ERR,ERR,ERR,ERR,ERR,ERR,ERR,ERR,ERR,ERR,ERR,ERR,ERR,ERR,ERR,ERR,ERR,ERR,ERR,ERR,ERR,ERR,ERR,ERR,ERR,ERR,ERR,ERR,ERR,ERR,ERR,ERR,ERR,ERR,ERR,ERR,ERR,ERR,ERR,ERR,ERR,ERR,ERR,0.0,-0.0,3.028208139652935e+23,0.0,0.0,1.3936040501711995e+18,7.805,0.0,0,0,4,0,7300,-0.0,0,0.0,0.0,0.0,0.0,0.0,0,0,0,0,0.0,0,0,0,0,0,0,0,0,0,0,0,0,0,0,0,0,0,0,0,0,0,0,0,0,0,0,0,0,0,0,0,0,0,32,30,30,62,65476,0,300,0,0,8,21553,0.0,-107605600.0,0.0,0.0,0.0,0.0,0.0,0.0,0.0,0.0,0.0,0.0,0.0,0.0,0.0,0.0,0.0,0.0,0.0,0.0,0.0,0.0,2.004,-2.004,2.004,-0.0,0.0,0.0,0.0,0.0,5527.0,1.040667361561035e+34,6927.0,0.0,-0.0,-107615280.0,2.7184296605801213e+23,0.0,0.0,0.0,0.0,63,0.0,-71.63,0.0,0.0,0.0,0.0,0.0,0.0,0.0,0,0,0,0.0,0.0,0.0,0.0,0.0,0.0,0.0,0.0,0.0,0.0,0.0,0.0,0.0,0.0,0.0,0.0,0,-107875648.0,63,0.0,126,2.7184242562605685e+23,-0.0,ERR,ERR,ERR,ERR,ERR,ERR,ERR,ERR,ERR,ERR,ERR,ERR,ERR,ERR,ERR,ERR,ERR,ERR,ERR,ERR,ERR,ERR,ERR,ERR,ERR,ERR,ERR,ERR,ERR,ERR,ERR,ERR,ERR,ERR,ERR,ERR,ERR,ERR,ERR,ERR,ERR,ERR,ERR,ERR,ERR,ERR,ERR,ERR,ERR,ERR,ERR,ERR,ERR,ERR,ERR,ERR,ERR,ERR,ERR,ERR,ERR,ERR,ERR,ERR,ERR,ERR,ERR,34.0,80.0,35,0.0,0.0,0.0,0.0,0.0,0.0,0.0,0.0,0.0,0.0,0.0,0.0,0.0,0.0,0.0,0.0,64.4,0,116,56,49,65476,0,300,0,0,8,20529,65476,0,0,57672,80.0,0.0,0.0,0.0,0.0,0.0
2026-06-17T04:43:54,ERR,ERR,ERR,ERR,ERR,ERR,ERR,ERR,ERR,ERR,ERR,ERR,ERR,ERR,ERR,ERR,ERR,ERR,ERR,ERR,ERR,ERR,ERR,ERR,ERR,ERR,ERR,ERR,ERR,ERR,ERR,ERR,ERR,ERR,ERR,ERR,ERR,ERR,ERR,ERR,ERR,ERR,ERR,ERR,ERR,ERR,ERR,ERR,ERR,ERR,ERR,ERR,ERR,ERR,ERR,ERR,ERR,ERR,ERR,ERR,ERR,ERR,ERR,ERR,ERR,ERR,ERR,ERR,ERR,ERR,ERR,ERR,ERR,ERR,ERR,ERR,ERR,ERR,ERR,ERR,ERR,ERR,ERR,ERR,ERR,ERR,ERR,ERR,ERR,ERR,ERR,ERR,ERR,ERR,ERR,ERR,ERR,ERR,ERR,ERR,ERR,ERR,ERR,ERR,ERR,ERR,ERR,ERR,ERR,ERR,ERR,ERR,ERR,ERR,ERR,ERR,ERR,ERR,ERR,ERR,ERR,ERR,ERR,ERR,ERR,0.0,-0.0,3.028208139652935e+23,0.0,0.0,1.3936040501711995e+18,7.805,0.0,0,0,4,0,7300,-0.0,0,0.0,0.0,0.0,0.0,0.0,0,0,0,0,0.0,0,0,0,0,0,0,0,0,0,0,0,0,0,0,0,0,0,0,0,0,0,0,0,0,0,0,0,0,0,0,0,0,0,32,30,30,62,65476,0,300,0,0,8,21553,0.0,-107605600.0,0.0,0.0,0.0,0.0,0.0,0.0,0.0,0.0,0.0,0.0,0.0,0.0,0.0,0.0,0.0,0.0,0.0,0.0,0.0,0.0,2.004,-2.004,2.004,-0.0,0.0,0.0,0.0,0.0,5527.0,1.040667361561035e+34,6927.0,0.0,-0.0,-107615280.0,2.7184296605801213e+23,0.0,0.0,0.0,0.0,63,0.0,-71.63,0.0,0.0,0.0,0.0,0.0,0.0,0.0,0,0,0,0.0,0.0,0.0,0.0,0.0,0.0,0.0,0.0,0.0,0.0,0.0,0.0,0.0,0.0,0.0,0.0,0,-107875648.0,63,0.0,126,2.7184242562605685e+23,-0.0,ERR,ERR,ERR,ERR,ERR,ERR,ERR,ERR,ERR,ERR,ERR,ERR,ERR,ERR,ERR,ERR,ERR,ERR,ERR,ERR,ERR,ERR,ERR,ERR,ERR,ERR,ERR,ERR,ERR,ERR,ERR,ERR,ERR,ERR,ERR,ERR,ERR,ERR,ERR,ERR,ERR,ERR,ERR,ERR,ERR,ERR,ERR,ERR,ERR,ERR,ERR,ERR,ERR,ERR,ERR,ERR,ERR,ERR,ERR,ERR,ERR,ERR,ERR,ERR,ERR,ERR,ERR,34.0,80.0,35,0.0,0.0,0.0,0.0,0.0,0.0,0.0,0.0,0.0,0.0,0.0,0.0,0.0,0.0,0.0,0.0,64.4,0,116,56,49,65476,0,300,0,0,8,20529,65476,0,0,57672,80.0,0.0,0.0,0.0,0.0,0.0
2026-06-17T04:43:55,ERR,ERR,ERR,ERR,ERR,ERR,ERR,ERR,ERR,ERR,ERR,ERR,ERR,ERR,ERR,ERR,ERR,ERR,ERR,ERR,ERR,ERR,ERR,ERR,ERR,ERR,ERR,ERR,ERR,ERR,ERR,ERR,ERR,ERR,ERR,ERR,ERR,ERR,ERR,ERR,ERR,ERR,ERR,ERR,ERR,ERR,ERR,ERR,ERR,ERR,ERR,ERR,ERR,ERR,ERR,ERR,ERR,ERR,ERR,ERR,ERR,ERR,ERR,ERR,ERR,ERR,ERR,ERR,ERR,ERR,ERR,ERR,ERR,ERR,ERR,ERR,ERR,ERR,ERR,ERR,ERR,ERR,ERR,ERR,ERR,ERR,ERR,ERR,ERR,ERR,ERR,ERR,ERR,ERR,ERR,ERR,ERR,ERR,ERR,ERR,ERR,ERR,ERR,ERR,ERR,ERR,ERR,ERR,ERR,ERR,ERR,ERR,ERR,ERR,ERR,ERR,ERR,ERR,ERR,ERR,ERR,ERR,ERR,ERR,ERR,0.0,-0.0,3.028208139652935e+23,0.0,0.0,1.3936040501711995e+18,7.805,0.0,0,0,4,0,7300,-0.0,0,0.0,0.0,0.0,0.0,0.0,0,0,0,0,0.0,0,0,0,0,0,0,0,0,0,0,0,0,0,0,0,0,0,0,0,0,0,0,0,0,0,0,0,0,0,0,0,0,0,32,30,30,62,65476,0,300,0,0,8,21553,0.0,-107605600.0,0.0,0.0,0.0,0.0,0.0,0.0,0.0,0.0,0.0,0.0,0.0,0.0,0.0,0.0,0.0,0.0,0.0,0.0,0.0,0.0,2.004,-2.004,2.004,-0.0,0.0,0.0,0.0,0.0,5527.0,1.040667361561035e+34,6927.0,0.0,-0.0,-107615280.0,2.7184296605801213e+23,0.0,0.0,0.0,0.0,63,0.0,-71.63,0.0,0.0,0.0,0.0,0.0,0.0,0.0,0,0,0,0.0,0.0,0.0,0.0,0.0,0.0,0.0,0.0,0.0,0.0,0.0,0.0,0.0,0.0,0.0,0.0,0,-107875648.0,63,0.0,126,2.7184242562605685e+23,-0.0,ERR,ERR,ERR,ERR,ERR,ERR,ERR,ERR,ERR,ERR,ERR,ERR,ERR,ERR,ERR,ERR,ERR,ERR,ERR,ERR,ERR,ERR,ERR,ERR,ERR,ERR,ERR,ERR,ERR,ERR,ERR,ERR,ERR,ERR,ERR,ERR,ERR,ERR,ERR,ERR,ERR,ERR,ERR,ERR,ERR,ERR,ERR,ERR,ERR,ERR,ERR,ERR,ERR,ERR,ERR,ERR,ERR,ERR,ERR,ERR,ERR,ERR,ERR,ERR,ERR,ERR,ERR,34.0,80.0,35,0.0,0.0,0.0,0.0,0.0,0.0,0.0,0.0,0.0,0.0,0.0,0.0,0.0,0.0,0.0,0.0,64.4,0,116,56,49,65476,0,300,0,0,8,20529,65476,0,0,57672,80.0,0.0,0.0,0.0,0.0,0.0
2026-06-17T04:43:56,ERR,ERR,ERR,ERR,ERR,ERR,ERR,ERR,ERR,ERR,ERR,ERR,ERR,ERR,ERR,ERR,ERR,ERR,ERR,ERR,ERR,ERR,ERR,ERR,ERR,ERR,ERR,ERR,ERR,ERR,ERR,ERR,ERR,ERR,ERR,ERR,ERR,ERR,ERR,ERR,ERR,ERR,ERR,ERR,ERR,ERR,ERR,ERR,ERR,ERR,ERR,ERR,ERR,ERR,ERR,ERR,ERR,ERR,ERR,ERR,ERR,ERR,ERR,ERR,ERR,ERR,ERR,ERR,ERR,ERR,ERR,ERR,ERR,ERR,ERR,ERR,ERR,ERR,ERR,ERR,ERR,ERR,ERR,ERR,ERR,ERR,ERR,ERR,ERR,ERR,ERR,ERR,ERR,ERR,ERR,ERR,ERR,ERR,ERR,ERR,ERR,ERR,ERR,ERR,ERR,ERR,ERR,ERR,ERR,ERR,ERR,ERR,ERR,ERR,ERR,ERR,ERR,ERR,ERR,ERR,ERR,ERR,ERR,ERR,ERR,0.0,-0.0,3.028208139652935e+23,0.0,0.0,1.3936040501711995e+18,7.805,0.0,0,0,4,0,7300,-0.0,0,0.0,0.0,0.0,0.0,0.0,0,0,0,0,0.0,0,0,0,0,0,0,0,0,0,0,0,0,0,0,0,0,0,0,0,0,0,0,0,0,0,0,0,0,0,0,0,0,0,32,30,30,62,65476,0,300,0,0,8,21553,0.0,-107605600.0,0.0,0.0,0.0,0.0,0.0,0.0,0.0,0.0,0.0,0.0,0.0,0.0,0.0,0.0,0.0,0.0,0.0,0.0,0.0,0.0,2.004,-2.004,2.004,-0.0,0.0,0.0,0.0,0.0,5527.0,1.040667361561035e+34,6927.0,0.0,-0.0,-107615280.0,2.7184296605801213e+23,0.0,0.0,0.0,0.0,63,0.0,-71.63,0.0,0.0,0.0,0.0,0.0,0.0,0.0,0,0,0,0.0,0.0,0.0,0.0,0.0,0.0,0.0,0.0,0.0,0.0,0.0,0.0,0.0,0.0,0.0,0.0,0,-107875648.0,63,0.0,126,2.7184242562605685e+23,-0.0,ERR,ERR,ERR,ERR,ERR,ERR,ERR,ERR,ERR,ERR,ERR,ERR,ERR,ERR,ERR,ERR,ERR,ERR,ERR,ERR,ERR,ERR,ERR,ERR,ERR,ERR,ERR,ERR,ERR,ERR,ERR,ERR,ERR,ERR,ERR,ERR,ERR,ERR,ERR,ERR,ERR,ERR,ERR,ERR,ERR,ERR,ERR,ERR,ERR,ERR,ERR,ERR,ERR,ERR,ERR,ERR,ERR,ERR,ERR,ERR,ERR,ERR,ERR,ERR,ERR,ERR,ERR,34.0,80.0,35,0.0,0.0,0.0,0.0,0.0,0.0,0.0,0.0,0.0,0.0,0.0,0.0,0.0,0.0,0.0,0.0,64.4,0,116,56,49,65476,0,300,0,0,8,20529,65476,0,0,57672,80.0,0.0,0.0,0.0,0.0,0.0
2026-06-17T04:43:57,ERR,ERR,ERR,ERR,ERR,ERR,ERR,ERR,ERR,ERR,ERR,ERR,ERR,ERR,ERR,ERR,ERR,ERR,ERR,ERR,ERR,ERR,ERR,ERR,ERR,ERR,ERR,ERR,ERR,ERR,ERR,ERR,ERR,ERR,ERR,ERR,ERR,ERR,ERR,ERR,ERR,ERR,ERR,ERR,ERR,ERR,ERR,ERR,ERR,ERR,ERR,ERR,ERR,ERR,ERR,ERR,ERR,ERR,ERR,ERR,ERR,ERR,ERR,ERR,ERR,ERR,ERR,ERR,ERR,ERR,ERR,ERR,ERR,ERR,ERR,ERR,ERR,ERR,ERR,ERR,ERR,ERR,ERR,ERR,ERR,ERR,ERR,ERR,ERR,ERR,ERR,ERR,ERR,ERR,ERR,ERR,ERR,ERR,ERR,ERR,ERR,ERR,ERR,ERR,ERR,ERR,ERR,ERR,ERR,ERR,ERR,ERR,ERR,ERR,ERR,ERR,ERR,ERR,ERR,ERR,ERR,ERR,ERR,ERR,ERR,0.0,-0.0,3.028208139652935e+23,0.0,0.0,1.3936040501711995e+18,7.805,0.0,0,0,4,0,7300,-0.0,0,0.0,0.0,0.0,0.0,0.0,0,0,0,0,0.0,0,0,0,0,0,0,0,0,0,0,0,0,0,0,0,0,0,0,0,0,0,0,0,0,0,0,0,0,0,0,0,0,0,32,30,30,62,65476,0,300,0,0,8,21553,0.0,-107605600.0,0.0,0.0,0.0,0.0,0.0,0.0,0.0,0.0,0.0,0.0,0.0,0.0,0.0,0.0,0.0,0.0,0.0,0.0,0.0,0.0,2.004,-2.004,-0.0,-0.0,0.0,0.0,0.0,0.0,5527.0,3.6971931704991154e+19,6924.0,0.0,-0.0,-0.0,2.7184296605801213e+23,0.0,0.0,0.0,0.0,63,0.0,-0.0,0.0,0.0,0.0,0.0,0.0,0.0,0.0,0,0,0,0.0,0.0,0.0,0.0,0.0,0.0,0.0,0.0,0.0,0.0,0.0,0.0,0.0,0.0,0.0,0.0,0,-107875648.0,63,0.0,126,2.7184242562605685e+23,2.842318642297501e+23,ERR,ERR,ERR,ERR,ERR,ERR,ERR,ERR,ERR,ERR,ERR,ERR,ERR,ERR,ERR,ERR,ERR,ERR,ERR,ERR,ERR,ERR,ERR,ERR,ERR,ERR,ERR,ERR,ERR,ERR,ERR,ERR,ERR,ERR,ERR,ERR,ERR,ERR,ERR,ERR,ERR,ERR,ERR,ERR,ERR,ERR,ERR,ERR,ERR,ERR,ERR,ERR,ERR,ERR,ERR,ERR,ERR,ERR,ERR,ERR,ERR,ERR,ERR,ERR,ERR,ERR,ERR,34.0,80.0,35,0.0,0.0,0.0,0.0,0.0,0.0,0.0,0.0,0.0,0.0,0.0,0.0,0.0,0.0,0.0,0.0,64.8,0,116,56,49,65476,0,300,0,0,8,20529,65476,0,0,57672,80.0,0.0,0.0,0.0,0.0,0.0
2026-06-17T04:43:58,ERR,ERR,ERR,ERR,ERR,ERR,ERR,ERR,ERR,ERR,ERR,ERR,ERR,ERR,ERR,ERR,ERR,ERR,ERR,ERR,ERR,ERR,ERR,ERR,ERR,ERR,ERR,ERR,ERR,ERR,ERR,ERR,ERR,ERR,ERR,ERR,ERR,ERR,ERR,ERR,ERR,ERR,ERR,ERR,ERR,ERR,ERR,ERR,ERR,ERR,ERR,ERR,ERR,ERR,ERR,ERR,ERR,ERR,ERR,ERR,ERR,ERR,ERR,ERR,ERR,ERR,ERR,ERR,ERR,ERR,ERR,ERR,ERR,ERR,ERR,ERR,ERR,ERR,ERR,ERR,ERR,ERR,ERR,ERR,ERR,ERR,ERR,ERR,ERR,ERR,ERR,ERR,ERR,ERR,ERR,ERR,ERR,ERR,ERR,ERR,ERR,ERR,ERR,ERR,ERR,ERR,ERR,ERR,ERR,ERR,ERR,ERR,ERR,ERR,ERR,ERR,ERR,ERR,ERR,ERR,ERR,ERR,ERR,ERR,ERR,0.0,-0.0,3.028208139652935e+23,0.0,0.0,1.3936040501711995e+18,7.805,0.0,0,0,4,0,7300,-0.0,0,0.0,0.0,0.0,0.0,0.0,0,0,0,0,0.0,0,0,0,0,0,0,0,0,0,0,0,0,0,0,0,0,0,0,0,0,0,0,0,0,0,0,0,0,0,0,0,0,0,32,30,30,62,65476,0,300,0,0,8,21553,0.0,-107605600.0,0.0,0.0,0.0,0.0,0.0,0.0,0.0,0.0,0.0,0.0,0.0,0.0,0.0,0.0,0.0,0.0,0.0,0.0,0.0,0.0,2.004,-2.004,-0.0,-0.0,0.0,0.0,0.0,0.0,5527.0,3.6971931704991154e+19,6924.0,0.0,-0.0,-0.0,2.7184296605801213e+23,0.0,0.0,0.0,0.0,63,0.0,-0.0,0.0,0.0,0.0,0.0,0.0,0.0,0.0,0,0,0,0.0,0.0,0.0,0.0,0.0,0.0,0.0,0.0,0.0,0.0,0.0,0.0,0.0,0.0,0.0,0.0,0,-107875648.0,63,0.0,126,2.7184242562605685e+23,2.842318642297501e+23,ERR,ERR,ERR,ERR,ERR,ERR,ERR,ERR,ERR,ERR,ERR,ERR,ERR,ERR,ERR,ERR,ERR,ERR,ERR,ERR,ERR,ERR,ERR,ERR,ERR,ERR,ERR,ERR,ERR,ERR,ERR,ERR,ERR,ERR,ERR,ERR,ERR,ERR,ERR,ERR,ERR,ERR,ERR,ERR,ERR,ERR,ERR,ERR,ERR,ERR,ERR,ERR,ERR,ERR,ERR,ERR,ERR,ERR,ERR,ERR,ERR,ERR,ERR,ERR,ERR,ERR,ERR,34.0,80.0,35,0.0,0.0,0.0,0.0,0.0,0.0,0.0,0.0,0.0,0.0,0.0,0.0,0.0,0.0,0.0,0.0,64.8,0,116,56,49,65476,0,300,0,0,8,20529,65476,0,0,57672,80.0,0.0,0.0,0.0,0.0,0.0
2026-06-17T04:43:59,ERR,ERR,ERR,ERR,ERR,ERR,ERR,ERR,ERR,ERR,ERR,ERR,ERR,ERR,ERR,ERR,ERR,ERR,ERR,ERR,ERR,ERR,ERR,ERR,ERR,ERR,ERR,ERR,ERR,ERR,ERR,ERR,ERR,ERR,ERR,ERR,ERR,ERR,ERR,ERR,ERR,ERR,ERR,ERR,ERR,ERR,ERR,ERR,ERR,ERR,ERR,ERR,ERR,ERR,ERR,ERR,ERR,ERR,ERR,ERR,ERR,ERR,ERR,ERR,ERR,ERR,ERR,ERR,ERR,ERR,ERR,ERR,ERR,ERR,ERR,ERR,ERR,ERR,ERR,ERR,ERR,ERR,ERR,ERR,ERR,ERR,ERR,ERR,ERR,ERR,ERR,ERR,ERR,ERR,ERR,ERR,ERR,ERR,ERR,ERR,ERR,ERR,ERR,ERR,ERR,ERR,ERR,ERR,ERR,ERR,ERR,ERR,ERR,ERR,ERR,ERR,ERR,ERR,ERR,ERR,ERR,ERR,ERR,ERR,ERR,0.0,-0.0,3.028208139652935e+23,0.0,0.0,1.3936040501711995e+18,7.805,0.0,0,0,4,0,7300,-0.0,0,0.0,0.0,0.0,0.0,0.0,0,0,0,0,0.0,0,0,0,0,0,0,0,0,0,0,0,0,0,0,0,0,0,0,0,0,0,0,0,0,0,0,0,0,0,0,0,0,0,32,30,30,62,65476,0,300,0,0,8,21553,0.0,-107605600.0,0.0,0.0,0.0,0.0,0.0,0.0,0.0,0.0,0.0,0.0,0.0,0.0,0.0,0.0,0.0,0.0,0.0,0.0,0.0,0.0,2.004,-2.004,-0.0,-0.0,0.0,0.0,0.0,0.0,5527.0,3.6971931704991154e+19,6924.0,0.0,-0.0,-0.0,2.7184296605801213e+23,0.0,0.0,0.0,0.0,63,0.0,-0.0,0.0,0.0,0.0,0.0,0.0,0.0,0.0,0,0,0,0.0,0.0,0.0,0.0,0.0,0.0,0.0,0.0,0.0,0.0,0.0,0.0,0.0,0.0,0.0,0.0,0,-107875648.0,63,0.0,126,2.7184242562605685e+23,2.842318642297501e+23,ERR,ERR,ERR,ERR,ERR,ERR,ERR,ERR,ERR,ERR,ERR,ERR,ERR,ERR,ERR,ERR,ERR,ERR,ERR,ERR,ERR,ERR,ERR,ERR,ERR,ERR,ERR,ERR,ERR,ERR,ERR,ERR,ERR,ERR,ERR,ERR,ERR,ERR,ERR,ERR,ERR,ERR,ERR,ERR,ERR,ERR,ERR,ERR,ERR,ERR,ERR,ERR,ERR,ERR,ERR,ERR,ERR,ERR,ERR,ERR,ERR,ERR,ERR,ERR,ERR,ERR,ERR,34.0,80.0,35,0.0,0.0,0.0,0.0,0.0,0.0,0.0,0.0,0.0,0.0,0.0,0.0,0.0,0.0,0.0,0.0,64.4,0,116,56,49,65476,0,300,0,0,8,20529,65476,0,0,57672,80.0,0.0,0.0,0.0,0.0,0.0
2026-06-17T04:44:00,ERR,ERR,ERR,ERR,ERR,ERR,ERR,ERR,ERR,ERR,ERR,ERR,ERR,ERR,ERR,ERR,ERR,ERR,ERR,ERR,ERR,ERR,ERR,ERR,ERR,ERR,ERR,ERR,ERR,ERR,ERR,ERR,ERR,ERR,ERR,ERR,ERR,ERR,ERR,ERR,ERR,ERR,ERR,ERR,ERR,ERR,ERR,ERR,ERR,ERR,ERR,ERR,ERR,ERR,ERR,ERR,ERR,ERR,ERR,ERR,ERR,ERR,ERR,ERR,ERR,ERR,ERR,ERR,ERR,ERR,ERR,ERR,ERR,ERR,ERR,ERR,ERR,ERR,ERR,ERR,ERR,ERR,ERR,ERR,ERR,ERR,ERR,ERR,ERR,ERR,ERR,ERR,ERR,ERR,ERR,ERR,ERR,ERR,ERR,ERR,ERR,ERR,ERR,ERR,ERR,ERR,ERR,ERR,ERR,ERR,ERR,ERR,ERR,ERR,ERR,ERR,ERR,ERR,ERR,ERR,ERR,ERR,ERR,ERR,ERR,0.0,-0.0,3.028208139652935e+23,0.0,0.0,1.3936040501711995e+18,7.805,0.0,0,0,4,0,7300,-0.0,0,0.0,0.0,0.0,0.0,0.0,0,0,0,0,0.0,0,0,0,0,0,0,0,0,0,0,0,0,0,0,0,0,0,0,0,0,0,0,0,0,0,0,0,0,0,0,0,0,0,32,30,30,62,65476,0,300,0,0,8,21553,0.0,-107605600.0,0.0,0.0,0.0,0.0,0.0,0.0,0.0,0.0,0.0,0.0,0.0,0.0,0.0,0.0,0.0,0.0,0.0,0.0,0.0,0.0,2.004,-2.004,-0.0,-0.0,0.0,0.0,0.0,0.0,5527.0,3.6971931704991154e+19,6924.0,0.0,-0.0,-0.0,2.7184296605801213e+23,0.0,0.0,0.0,0.0,63,0.0,-0.0,0.0,0.0,0.0,0.0,0.0,0.0,0.0,0,0,0,0.0,0.0,0.0,0.0,0.0,0.0,0.0,0.0,0.0,0.0,0.0,0.0,0.0,0.0,0.0,0.0,0,-107875648.0,63,0.0,126,2.7184242562605685e+23,2.842318642297501e+23,ERR,ERR,ERR,ERR,ERR,ERR,ERR,ERR,ERR,ERR,ERR,ERR,ERR,ERR,ERR,ERR,ERR,ERR,ERR,ERR,ERR,ERR,ERR,ERR,ERR,ERR,ERR,ERR,ERR,ERR,ERR,ERR,ERR,ERR,ERR,ERR,ERR,ERR,ERR,ERR,ERR,ERR,ERR,ERR,ERR,ERR,ERR,ERR,ERR,ERR,ERR,ERR,ERR,ERR,ERR,ERR,ERR,ERR,ERR,ERR,ERR,ERR,ERR,ERR,ERR,ERR,ERR,34.0,80.0,35,0.0,0.0,0.0,0.0,0.0,0.0,0.0,0.0,0.0,0.0,0.0,0.0,0.0,0.0,0.0,0.0,64.4,0,116,56,49,65476,0,300,0,0,8,20529,65476,0,0,57672,80.0,0.0,0.0,0.0,0.0,0.0
2026-06-17T04:44:01,ERR,ERR,ERR,ERR,ERR,ERR,ERR,ERR,ERR,ERR,ERR,ERR,ERR,ERR,ERR,ERR,ERR,ERR,ERR,ERR,ERR,ERR,ERR,ERR,ERR,ERR,ERR,ERR,ERR,ERR,ERR,ERR,ERR,ERR,ERR,ERR,ERR,ERR,ERR,ERR,ERR,ERR,ERR,ERR,ERR,ERR,ERR,ERR,ERR,ERR,ERR,ERR,ERR,ERR,ERR,ERR,ERR,ERR,ERR,ERR,ERR,ERR,ERR,ERR,ERR,ERR,ERR,ERR,ERR,ERR,ERR,ERR,ERR,ERR,ERR,ERR,ERR,ERR,ERR,ERR,ERR,ERR,ERR,ERR,ERR,ERR,ERR,ERR,ERR,ERR,ERR,ERR,ERR,ERR,ERR,ERR,ERR,ERR,ERR,ERR,ERR,ERR,ERR,ERR,ERR,ERR,ERR,ERR,ERR,ERR,ERR,ERR,ERR,ERR,ERR,ERR,ERR,ERR,ERR,ERR,ERR,ERR,ERR,ERR,ERR,0.0,-0.0,3.028208139652935e+23,0.0,0.0,1.3936040501711995e+18,7.805,0.0,0,0,4,0,7300,-0.0,0,0.0,0.0,0.0,0.0,0.0,0,0,0,0,0.0,0,0,0,0,0,0,0,0,0,0,0,0,0,0,0,0,0,0,0,0,0,0,0,0,0,0,0,0,0,0,0,0,0,32,30,30,62,65476,0,300,0,0,8,21553,0.0,-107605600.0,0.0,0.0,0.0,0.0,0.0,0.0,0.0,0.0,0.0,0.0,0.0,0.0,0.0,0.0,0.0,0.0,0.0,0.0,0.0,0.0,2.004,-2.004,-0.0,-0.0,0.0,0.0,0.0,0.0,5527.0,3.6971931704991154e+19,6924.0,0.0,-0.0,-0.0,2.7184296605801213e+23,0.0,0.0,0.0,0.0,63,0.0,-0.0,0.0,0.0,0.0,0.0,0.0,0.0,0.0,0,0,0,0.0,0.0,0.0,0.0,0.0,0.0,0.0,0.0,0.0,0.0,0.0,0.0,0.0,0.0,0.0,0.0,0,-107875648.0,63,0.0,126,2.7184242562605685e+23,2.842318642297501e+23,ERR,ERR,ERR,ERR,ERR,ERR,ERR,ERR,ERR,ERR,ERR,ERR,ERR,ERR,ERR,ERR,ERR,ERR,ERR,ERR,ERR,ERR,ERR,ERR,ERR,ERR,ERR,ERR,ERR,ERR,ERR,ERR,ERR,ERR,ERR,ERR,ERR,ERR,ERR,ERR,ERR,ERR,ERR,ERR,ERR,ERR,ERR,ERR,ERR,ERR,ERR,ERR,ERR,ERR,ERR,ERR,ERR,ERR,ERR,ERR,ERR,ERR,ERR,ERR,ERR,ERR,ERR,34.0,80.0,35,0.0,0.0,0.0,0.0,0.0,0.0,0.0,0.0,0.0,0.0,0.0,0.0,0.0,0.0,0.0,0.0,64.8,0,116,56,49,65476,0,300,0,0,8,20529,65476,0,0,57672,80.0,0.0,0.0,0.0,0.0,0.0
2026-06-17T04:44:02,ERR,ERR,ERR,ERR,ERR,ERR,ERR,ERR,ERR,ERR,ERR,ERR,ERR,ERR,ERR,ERR,ERR,ERR,ERR,ERR,ERR,ERR,ERR,ERR,ERR,ERR,ERR,ERR,ERR,ERR,ERR,ERR,ERR,ERR,ERR,ERR,ERR,ERR,ERR,ERR,ERR,ERR,ERR,ERR,ERR,ERR,ERR,ERR,ERR,ERR,ERR,ERR,ERR,ERR,ERR,ERR,ERR,ERR,ERR,ERR,ERR,ERR,ERR,ERR,ERR,ERR,ERR,ERR,ERR,ERR,ERR,ERR,ERR,ERR,ERR,ERR,ERR,ERR,ERR,ERR,ERR,ERR,ERR,ERR,ERR,ERR,ERR,ERR,ERR,ERR,ERR,ERR,ERR,ERR,ERR,ERR,ERR,ERR,ERR,ERR,ERR,ERR,ERR,ERR,ERR,ERR,ERR,ERR,ERR,ERR,ERR,ERR,ERR,ERR,ERR,ERR,ERR,ERR,ERR,ERR,ERR,ERR,ERR,ERR,ERR,0.0,-0.0,3.028208139652935e+23,0.0,0.0,1.3936040501711995e+18,7.805,0.0,0,0,4,0,7300,-0.0,0,0.0,0.0,0.0,0.0,0.0,0,0,0,0,0.0,0,0,0,0,0,0,0,0,0,0,0,0,0,0,0,0,0,0,0,0,0,0,0,0,0,0,0,0,0,0,0,0,0,32,30,30,62,65476,0,300,0,0,8,21553,0.0,-107605600.0,0.0,0.0,0.0,0.0,0.0,0.0,0.0,0.0,0.0,0.0,0.0,0.0,0.0,0.0,0.0,0.0,0.0,0.0,0.0,0.0,2.004,-2.004,-0.0,-0.0,0.0,0.0,0.0,0.0,5527.0,3.6971931704991154e+19,6924.0,0.0,-0.0,-0.0,2.7184296605801213e+23,0.0,0.0,0.0,0.0,63,0.0,-0.0,0.0,0.0,0.0,0.0,0.0,0.0,0.0,0,0,0,0.0,0.0,0.0,0.0,0.0,0.0,0.0,0.0,0.0,0.0,0.0,0.0,0.0,0.0,0.0,0.0,0,-107875648.0,63,0.0,126,2.7184242562605685e+23,2.842318642297501e+23,ERR,ERR,ERR,ERR,ERR,ERR,ERR,ERR,ERR,ERR,ERR,ERR,ERR,ERR,ERR,ERR,ERR,ERR,ERR,ERR,ERR,ERR,ERR,ERR,ERR,ERR,ERR,ERR,ERR,ERR,ERR,ERR,ERR,ERR,ERR,ERR,ERR,ERR,ERR,ERR,ERR,ERR,ERR,ERR,ERR,ERR,ERR,ERR,ERR,ERR,ERR,ERR,ERR,ERR,ERR,ERR,ERR,ERR,ERR,ERR,ERR,ERR,ERR,ERR,ERR,ERR,ERR,34.0,80.0,35,0.0,0.0,0.0,0.0,0.0,0.0,0.0,0.0,0.0,0.0,0.0,0.0,0.0,0.0,0.0,0.0,64.8,0,116,56,49,65476,0,300,0,0,8,20529,65476,0,0,57672,80.0,0.0,0.0,0.0,0.0,0.0
2026-06-17T04:44:03,ERR,ERR,ERR,ERR,ERR,ERR,ERR,ERR,ERR,ERR,ERR,ERR,ERR,ERR,ERR,ERR,ERR,ERR,ERR,ERR,ERR,ERR,ERR,ERR,ERR,ERR,ERR,ERR,ERR,ERR,ERR,ERR,ERR,ERR,ERR,ERR,ERR,ERR,ERR,ERR,ERR,ERR,ERR,ERR,ERR,ERR,ERR,ERR,ERR,ERR,ERR,ERR,ERR,ERR,ERR,ERR,ERR,ERR,ERR,ERR,ERR,ERR,ERR,ERR,ERR,ERR,ERR,ERR,ERR,ERR,ERR,ERR,ERR,ERR,ERR,ERR,ERR,ERR,ERR,ERR,ERR,ERR,ERR,ERR,ERR,ERR,ERR,ERR,ERR,ERR,ERR,ERR,ERR,ERR,ERR,ERR,ERR,ERR,ERR,ERR,ERR,ERR,ERR,ERR,ERR,ERR,ERR,ERR,ERR,ERR,ERR,ERR,ERR,ERR,ERR,ERR,ERR,ERR,ERR,ERR,ERR,ERR,ERR,ERR,ERR,0.0,-0.0,3.028208139652935e+23,0.0,0.0,1.3936040501711995e+18,7.805,0.0,0,0,4,0,7300,-0.0,0,0.0,0.0,0.0,0.0,0.0,0,0,0,0,0.0,0,0,0,0,0,0,0,0,0,0,0,0,0,0,0,0,0,0,0,0,0,0,0,0,0,0,0,0,0,0,0,0,0,32,30,30,62,65476,0,300,0,0,8,21553,0.0,-107605600.0,0.0,0.0,0.0,0.0,0.0,0.0,0.0,0.0,0.0,0.0,0.0,0.0,0.0,0.0,0.0,0.0,0.0,0.0,0.0,0.0,2.004,-2.004,-0.0,-0.0,0.0,0.0,0.0,0.0,5527.0,564146907119616.0,6923.0,0.0,-0.0,-107615280.0,2.7184296605801213e+23,0.0,0.0,0.0,0.0,63,0.0,-0.0,0.0,0.0,0.0,0.0,0.0,0.0,0.0,0,0,0,0.0,0.0,0.0,0.0,0.0,0.0,0.0,0.0,0.0,0.0,0.0,0.0,0.0,0.0,0.0,0.0,0,-107875648.0,63,0.0,126,2.7184242562605685e+23,-0.0,ERR,ERR,ERR,ERR,ERR,ERR,ERR,ERR,ERR,ERR,ERR,ERR,ERR,ERR,ERR,ERR,ERR,ERR,ERR,ERR,ERR,ERR,ERR,ERR,ERR,ERR,ERR,ERR,ERR,ERR,ERR,ERR,ERR,ERR,ERR,ERR,ERR,ERR,ERR,ERR,ERR,ERR,ERR,ERR,ERR,ERR,ERR,ERR,ERR,ERR,ERR,ERR,ERR,ERR,ERR,ERR,ERR,ERR,ERR,ERR,ERR,ERR,ERR,ERR,ERR,ERR,ERR,34.0,80.0,35,0.0,0.0,0.0,0.0,0.0,0.0,0.0,0.0,0.0,0.0,0.0,0.0,0.0,0.0,0.0,0.0,64.8,0,116,56,49,65476,0,300,0,0,8,20529,65476,0,0,57672,80.0,0.0,0.0,0.0,0.0,0.0
2026-06-17T04:44:04,ERR,ERR,ERR,ERR,ERR,ERR,ERR,ERR,ERR,ERR,ERR,ERR,ERR,ERR,ERR,ERR,ERR,ERR,ERR,ERR,ERR,ERR,ERR,ERR,ERR,ERR,ERR,ERR,ERR,ERR,ERR,ERR,ERR,ERR,ERR,ERR,ERR,ERR,ERR,ERR,ERR,ERR,ERR,ERR,ERR,ERR,ERR,ERR,ERR,ERR,ERR,ERR,ERR,ERR,ERR,ERR,ERR,ERR,ERR,ERR,ERR,ERR,ERR,ERR,ERR,ERR,ERR,ERR,ERR,ERR,ERR,ERR,ERR,ERR,ERR,ERR,ERR,ERR,ERR,ERR,ERR,ERR,ERR,ERR,ERR,ERR,ERR,ERR,ERR,ERR,ERR,ERR,ERR,ERR,ERR,ERR,ERR,ERR,ERR,ERR,ERR,ERR,ERR,ERR,ERR,ERR,ERR,ERR,ERR,ERR,ERR,ERR,ERR,ERR,ERR,ERR,ERR,ERR,ERR,ERR,ERR,ERR,ERR,ERR,ERR,0.0,-0.0,3.028208139652935e+23,0.0,0.0,1.3936040501711995e+18,7.805,0.0,0,0,4,0,7300,-0.0,0,0.0,0.0,0.0,0.0,0.0,0,0,0,0,0.0,0,0,0,0,0,0,0,0,0,0,0,0,0,0,0,0,0,0,0,0,0,0,0,0,0,0,0,0,0,0,0,0,0,32,30,30,62,65476,0,300,0,0,8,21553,0.0,-107605600.0,0.0,0.0,0.0,0.0,0.0,0.0,0.0,0.0,0.0,0.0,0.0,0.0,0.0,0.0,0.0,0.0,0.0,0.0,0.0,0.0,2.004,-2.004,-0.0,-0.0,0.0,0.0,0.0,0.0,5527.0,564146907119616.0,6923.0,0.0,-0.0,-107615280.0,2.7184296605801213e+23,0.0,0.0,0.0,0.0,63,0.0,-0.0,0.0,0.0,0.0,0.0,0.0,0.0,0.0,0,0,0,0.0,0.0,0.0,0.0,0.0,0.0,0.0,0.0,0.0,0.0,0.0,0.0,0.0,0.0,0.0,0.0,0,-107875648.0,63,0.0,126,2.7184242562605685e+23,-0.0,ERR,ERR,ERR,ERR,ERR,ERR,ERR,ERR,ERR,ERR,ERR,ERR,ERR,ERR,ERR,ERR,ERR,ERR,ERR,ERR,ERR,ERR,ERR,ERR,ERR,ERR,ERR,ERR,ERR,ERR,ERR,ERR,ERR,ERR,ERR,ERR,ERR,ERR,ERR,ERR,ERR,ERR,ERR,ERR,ERR,ERR,ERR,ERR,ERR,ERR,ERR,ERR,ERR,ERR,ERR,ERR,ERR,ERR,ERR,ERR,ERR,ERR,ERR,ERR,ERR,ERR,ERR,34.0,80.0,35,0.0,0.0,0.0,0.0,0.0,0.0,0.0,0.0,0.0,0.0,0.0,0.0,0.0,0.0,0.0,0.0,64.4,0,116,56,49,65476,0,300,0,0,8,20529,65476,0,0,57672,80.0,0.0,0.0,0.0,0.0,0.0
2026-06-17T04:44:05,ERR,ERR,ERR,ERR,ERR,ERR,ERR,ERR,ERR,ERR,ERR,ERR,ERR,ERR,ERR,ERR,ERR,ERR,ERR,ERR,ERR,ERR,ERR,ERR,ERR,ERR,ERR,ERR,ERR,ERR,ERR,ERR,ERR,ERR,ERR,ERR,ERR,ERR,ERR,ERR,ERR,ERR,ERR,ERR,ERR,ERR,ERR,ERR,ERR,ERR,ERR,ERR,ERR,ERR,ERR,ERR,ERR,ERR,ERR,ERR,ERR,ERR,ERR,ERR,ERR,ERR,ERR,ERR,ERR,ERR,ERR,ERR,ERR,ERR,ERR,ERR,ERR,ERR,ERR,ERR,ERR,ERR,ERR,ERR,ERR,ERR,ERR,ERR,ERR,ERR,ERR,ERR,ERR,ERR,ERR,ERR,ERR,ERR,ERR,ERR,ERR,ERR,ERR,ERR,ERR,ERR,ERR,ERR,ERR,ERR,ERR,ERR,ERR,ERR,ERR,ERR,ERR,ERR,ERR,ERR,ERR,ERR,ERR,ERR,ERR,0.0,-0.0,3.028208139652935e+23,0.0,0.0,1.3936040501711995e+18,7.805,0.0,0,0,4,0,7300,-0.0,0,0.0,0.0,0.0,0.0,0.0,0,0,0,0,0.0,0,0,0,0,0,0,0,0,0,0,0,0,0,0,0,0,0,0,0,0,0,0,0,0,0,0,0,0,0,0,0,0,0,32,30,30,62,65476,0,300,0,0,8,21553,0.0,-107605600.0,0.0,0.0,0.0,0.0,0.0,0.0,0.0,0.0,0.0,0.0,0.0,0.0,0.0,0.0,0.0,0.0,0.0,0.0,0.0,0.0,2.004,-2.004,-0.0,-0.0,0.0,0.0,0.0,0.0,5527.0,564146907119616.0,6923.0,0.0,-0.0,-107615280.0,2.7184296605801213e+23,0.0,0.0,0.0,0.0,63,0.0,-0.0,0.0,0.0,0.0,0.0,0.0,0.0,0.0,0,0,0,0.0,0.0,0.0,0.0,0.0,0.0,0.0,0.0,0.0,0.0,0.0,0.0,0.0,0.0,0.0,0.0,0,-107875648.0,63,0.0,126,2.7184242562605685e+23,-0.0,ERR,ERR,ERR,ERR,ERR,ERR,ERR,ERR,ERR,ERR,ERR,ERR,ERR,ERR,ERR,ERR,ERR,ERR,ERR,ERR,ERR,ERR,ERR,ERR,ERR,ERR,ERR,ERR,ERR,ERR,ERR,ERR,ERR,ERR,ERR,ERR,ERR,ERR,ERR,ERR,ERR,ERR,ERR,ERR,ERR,ERR,ERR,ERR,ERR,ERR,ERR,ERR,ERR,ERR,ERR,ERR,ERR,ERR,ERR,ERR,ERR,ERR,ERR,ERR,ERR,ERR,ERR,34.0,80.0,35,0.0,0.0,0.0,0.0,0.0,0.0,0.0,0.0,0.0,0.0,0.0,0.0,0.0,0.0,0.0,0.0,64.4,0,116,56,49,65476,0,300,0,0,8,20529,65476,0,0,57672,80.0,0.0,0.0,0.0,0.0,0.0
2026-06-17T04:44:06,ERR,ERR,ERR,ERR,ERR,ERR,ERR,ERR,ERR,ERR,ERR,ERR,ERR,ERR,ERR,ERR,ERR,ERR,ERR,ERR,ERR,ERR,ERR,ERR,ERR,ERR,ERR,ERR,ERR,ERR,ERR,ERR,ERR,ERR,ERR,ERR,ERR,ERR,ERR,ERR,ERR,ERR,ERR,ERR,ERR,ERR,ERR,ERR,ERR,ERR,ERR,ERR,ERR,ERR,ERR,ERR,ERR,ERR,ERR,ERR,ERR,ERR,ERR,ERR,ERR,ERR,ERR,ERR,ERR,ERR,ERR,ERR,ERR,ERR,ERR,ERR,ERR,ERR,ERR,ERR,ERR,ERR,ERR,ERR,ERR,ERR,ERR,ERR,ERR,ERR,ERR,ERR,ERR,ERR,ERR,ERR,ERR,ERR,ERR,ERR,ERR,ERR,ERR,ERR,ERR,ERR,ERR,ERR,ERR,ERR,ERR,ERR,ERR,ERR,ERR,ERR,ERR,ERR,ERR,ERR,ERR,ERR,ERR,ERR,ERR,0.0,-0.0,3.028208139652935e+23,0.0,0.0,1.3936040501711995e+18,7.805,0.0,0,0,4,0,7300,-0.0,0,0.0,0.0,0.0,0.0,0.0,0,0,0,0,0.0,0,0,0,0,0,0,0,0,0,0,0,0,0,0,0,0,0,0,0,0,0,0,0,0,0,0,0,0,0,0,0,0,0,32,30,30,62,65476,0,300,0,0,8,21553,0.0,-107605600.0,0.0,0.0,0.0,0.0,0.0,0.0,0.0,0.0,0.0,0.0,0.0,0.0,0.0,0.0,0.0,0.0,0.0,0.0,0.0,0.0,2.004,-2.004,-0.0,-0.0,0.0,0.0,0.0,0.0,5527.0,564146907119616.0,6923.0,0.0,-0.0,-107615280.0,2.7184296605801213e+23,0.0,0.0,0.0,0.0,63,0.0,-0.0,0.0,0.0,0.0,0.0,0.0,0.0,0.0,0,0,0,0.0,0.0,0.0,0.0,0.0,0.0,0.0,0.0,0.0,0.0,0.0,0.0,0.0,0.0,0.0,0.0,0,-107875648.0,63,0.0,126,2.7184242562605685e+23,-0.0,ERR,ERR,ERR,ERR,ERR,ERR,ERR,ERR,ERR,ERR,ERR,ERR,ERR,ERR,ERR,ERR,ERR,ERR,ERR,ERR,ERR,ERR,ERR,ERR,ERR,ERR,ERR,ERR,ERR,ERR,ERR,ERR,ERR,ERR,ERR,ERR,ERR,ERR,ERR,ERR,ERR,ERR,ERR,ERR,ERR,ERR,ERR,ERR,ERR,ERR,ERR,ERR,ERR,ERR,ERR,ERR,ERR,ERR,ERR,ERR,ERR,ERR,ERR,ERR,ERR,ERR,ERR,34.0,80.0,35,0.0,0.0,0.0,0.0,0.0,0.0,0.0,0.0,0.0,0.0,0.0,0.0,0.0,0.0,0.0,0.0,64.4,0,116,56,49,65476,0,300,0,0,8,20529,65476,0,0,57672,80.0,0.0,0.0,0.0,0.0,0.0
2026-06-17T04:44:07,ERR,ERR,ERR,ERR,ERR,ERR,ERR,ERR,ERR,ERR,ERR,ERR,ERR,ERR,ERR,ERR,ERR,ERR,ERR,ERR,ERR,ERR,ERR,ERR,ERR,ERR,ERR,ERR,ERR,ERR,ERR,ERR,ERR,ERR,ERR,ERR,ERR,ERR,ERR,ERR,ERR,ERR,ERR,ERR,ERR,ERR,ERR,ERR,ERR,ERR,ERR,ERR,ERR,ERR,ERR,ERR,ERR,ERR,ERR,ERR,ERR,ERR,ERR,ERR,ERR,ERR,ERR,ERR,ERR,ERR,ERR,ERR,ERR,ERR,ERR,ERR,ERR,ERR,ERR,ERR,ERR,ERR,ERR,ERR,ERR,ERR,ERR,ERR,ERR,ERR,ERR,ERR,ERR,ERR,ERR,ERR,ERR,ERR,ERR,ERR,ERR,ERR,ERR,ERR,ERR,ERR,ERR,ERR,ERR,ERR,ERR,ERR,ERR,ERR,ERR,ERR,ERR,ERR,ERR,ERR,ERR,ERR,ERR,ERR,ERR,0.0,-0.0,3.028208139652935e+23,0.0,0.0,1.3936040501711995e+18,7.805,0.0,0,0,4,0,7300,-0.0,0,0.0,0.0,0.0,0.0,0.0,0,0,0,0,0.0,0,0,0,0,0,0,0,0,0,0,0,0,0,0,0,0,0,0,0,0,0,0,0,0,0,0,0,0,0,0,0,0,0,32,30,30,62,65476,0,300,0,0,8,21553,0.0,-107605600.0,0.0,0.0,0.0,0.0,0.0,0.0,0.0,0.0,0.0,0.0,0.0,0.0,0.0,0.0,0.0,0.0,0.0,0.0,0.0,0.0,2.004,-2.004,-0.0,-0.0,0.0,0.0,0.0,0.0,5527.0,564146907119616.0,6923.0,0.0,-0.0,-107615280.0,2.7184296605801213e+23,0.0,0.0,0.0,0.0,63,0.0,-0.0,0.0,0.0,0.0,0.0,0.0,0.0,0.0,0,0,0,0.0,0.0,0.0,0.0,0.0,0.0,0.0,0.0,0.0,0.0,0.0,0.0,0.0,0.0,0.0,0.0,0,-107875648.0,63,0.0,126,2.7184242562605685e+23,-0.0,ERR,ERR,ERR,ERR,ERR,ERR,ERR,ERR,ERR,ERR,ERR,ERR,ERR,ERR,ERR,ERR,ERR,ERR,ERR,ERR,ERR,ERR,ERR,ERR,ERR,ERR,ERR,ERR,ERR,ERR,ERR,ERR,ERR,ERR,ERR,ERR,ERR,ERR,ERR,ERR,ERR,ERR,ERR,ERR,ERR,ERR,ERR,ERR,ERR,ERR,ERR,ERR,ERR,ERR,ERR,ERR,ERR,ERR,ERR,ERR,ERR,ERR,ERR,ERR,ERR,ERR,ERR,34.0,80.0,35,0.0,0.0,0.0,0.0,0.0,0.0,0.0,0.0,0.0,0.0,0.0,0.0,0.0,0.0,0.0,0.0,64.4,0,116,56,49,65476,0,300,0,0,8,20529,65476,0,0,57672,80.0,0.0,0.0,0.0,0.0,0.0
2026-06-17T04:44:08,ERR,ERR,ERR,ERR,ERR,ERR,ERR,ERR,ERR,ERR,ERR,ERR,ERR,ERR,ERR,ERR,ERR,ERR,ERR,ERR,ERR,ERR,ERR,ERR,ERR,ERR,ERR,ERR,ERR,ERR,ERR,ERR,ERR,ERR,ERR,ERR,ERR,ERR,ERR,ERR,ERR,ERR,ERR,ERR,ERR,ERR,ERR,ERR,ERR,ERR,ERR,ERR,ERR,ERR,ERR,ERR,ERR,ERR,ERR,ERR,ERR,ERR,ERR,ERR,ERR,ERR,ERR,ERR,ERR,ERR,ERR,ERR,ERR,ERR,ERR,ERR,ERR,ERR,ERR,ERR,ERR,ERR,ERR,ERR,ERR,ERR,ERR,ERR,ERR,ERR,ERR,ERR,ERR,ERR,ERR,ERR,ERR,ERR,ERR,ERR,ERR,ERR,ERR,ERR,ERR,ERR,ERR,ERR,ERR,ERR,ERR,ERR,ERR,ERR,ERR,ERR,ERR,ERR,ERR,ERR,ERR,ERR,ERR,ERR,ERR,0.0,-0.0,-0.0,0.0,0.0,1.3936040501711995e+18,7.805,0.0,0,0,4,0,7300,-0.0,0,0.0,0.0,0.0,0.0,0.0,0,0,0,0,0.0,0,0,0,0,0,0,0,0,0,0,0,0,0,0,0,0,0,0,0,0,0,0,0,0,0,0,0,0,0,0,0,0,0,32,30,30,62,65476,0,300,0,0,8,21553,0.0,-107605600.0,0.0,0.0,0.0,0.0,0.0,0.0,0.0,0.0,0.0,0.0,0.0,0.0,0.0,0.0,0.0,0.0,0.0,0.0,0.0,0.0,2.004,-2.004,2.004,-0.0,0.0,0.0,0.0,0.0,5527.0,0.0,6917.0,0.0,-0.0,-0.0,2.7184296605801213e+23,0.0,0.0,0.0,0.0,63,0.0,1.9056893587410125e+17,0.0,0.0,0.0,0.0,0.0,0.0,0.0,0,0,0,0.0,0.0,0.0,0.0,0.0,0.0,0.0,0.0,0.0,0.0,0.0,0.0,0.0,0.0,0.0,0.0,0,-107875648.0,63,0.0,126,2.7184242562605685e+23,2.842318642297501e+23,ERR,ERR,ERR,ERR,ERR,ERR,ERR,ERR,ERR,ERR,ERR,ERR,ERR,ERR,ERR,ERR,ERR,ERR,ERR,ERR,ERR,ERR,ERR,ERR,ERR,ERR,ERR,ERR,ERR,ERR,ERR,ERR,ERR,ERR,ERR,ERR,ERR,ERR,ERR,ERR,ERR,ERR,ERR,ERR,ERR,ERR,ERR,ERR,ERR,ERR,ERR,ERR,ERR,ERR,ERR,ERR,ERR,ERR,ERR,ERR,ERR,ERR,ERR,ERR,ERR,ERR,ERR,34.0,80.0,35,0.0,0.0,0.0,0.0,0.0,0.0,0.0,0.0,0.0,0.0,0.0,0.0,0.0,0.0,0.0,0.0,64.4,0,116,56,49,65476,0,300,0,0,8,20529,65476,0,0,57672,80.0,0.0,0.0,0.0,0.0,0.0
2026-06-17T04:44:09,ERR,ERR,ERR,ERR,ERR,ERR,ERR,ERR,ERR,ERR,ERR,ERR,ERR,ERR,ERR,ERR,ERR,ERR,ERR,ERR,ERR,ERR,ERR,ERR,ERR,ERR,ERR,ERR,ERR,ERR,ERR,ERR,ERR,ERR,ERR,ERR,ERR,ERR,ERR,ERR,ERR,ERR,ERR,ERR,ERR,ERR,ERR,ERR,ERR,ERR,ERR,ERR,ERR,ERR,ERR,ERR,ERR,ERR,ERR,ERR,ERR,ERR,ERR,ERR,ERR,ERR,ERR,ERR,ERR,ERR,ERR,ERR,ERR,ERR,ERR,ERR,ERR,ERR,ERR,ERR,ERR,ERR,ERR,ERR,ERR,ERR,ERR,ERR,ERR,ERR,ERR,ERR,ERR,ERR,ERR,ERR,ERR,ERR,ERR,ERR,ERR,ERR,ERR,ERR,ERR,ERR,ERR,ERR,ERR,ERR,ERR,ERR,ERR,ERR,ERR,ERR,ERR,ERR,ERR,ERR,ERR,ERR,ERR,ERR,ERR,0.0,-0.0,-0.0,0.0,0.0,1.3936040501711995e+18,7.805,0.0,0,0,4,0,7300,-0.0,0,0.0,0.0,0.0,0.0,0.0,0,0,0,0,0.0,0,0,0,0,0,0,0,0,0,0,0,0,0,0,0,0,0,0,0,0,0,0,0,0,0,0,0,0,0,0,0,0,0,32,30,30,62,65476,0,300,0,0,8,21553,0.0,-107605600.0,0.0,0.0,0.0,0.0,0.0,0.0,0.0,0.0,0.0,0.0,0.0,0.0,0.0,0.0,0.0,0.0,0.0,0.0,0.0,0.0,2.004,-2.004,2.004,-0.0,0.0,0.0,0.0,0.0,5527.0,0.0,6917.0,0.0,-0.0,-0.0,2.7184296605801213e+23,0.0,0.0,0.0,0.0,63,0.0,1.9056893587410125e+17,0.0,0.0,0.0,0.0,0.0,0.0,0.0,0,0,0,0.0,0.0,0.0,0.0,0.0,0.0,0.0,0.0,0.0,0.0,0.0,0.0,0.0,0.0,0.0,0.0,0,-107875648.0,63,0.0,126,2.7184242562605685e+23,2.842318642297501e+23,ERR,ERR,ERR,ERR,ERR,ERR,ERR,ERR,ERR,ERR,ERR,ERR,ERR,ERR,ERR,ERR,ERR,ERR,ERR,ERR,ERR,ERR,ERR,ERR,ERR,ERR,ERR,ERR,ERR,ERR,ERR,ERR,ERR,ERR,ERR,ERR,ERR,ERR,ERR,ERR,ERR,ERR,ERR,ERR,ERR,ERR,ERR,ERR,ERR,ERR,ERR,ERR,ERR,ERR,ERR,ERR,ERR,ERR,ERR,ERR,ERR,ERR,ERR,ERR,ERR,ERR,ERR,34.0,80.0,35,0.0,0.0,0.0,0.0,0.0,0.0,0.0,0.0,0.0,0.0,0.0,0.0,0.0,0.0,0.0,0.0,64.4,0,116,56,49,65476,0,300,0,0,8,20529,65476,0,0,57672,80.0,0.0,0.0,0.0,0.0,0.0
2026-06-17T04:44:10,ERR,ERR,ERR,ERR,ERR,ERR,ERR,ERR,ERR,ERR,ERR,ERR,ERR,ERR,ERR,ERR,ERR,ERR,ERR,ERR,ERR,ERR,ERR,ERR,ERR,ERR,ERR,ERR,ERR,ERR,ERR,ERR,ERR,ERR,ERR,ERR,ERR,ERR,ERR,ERR,ERR,ERR,ERR,ERR,ERR,ERR,ERR,ERR,ERR,ERR,ERR,ERR,ERR,ERR,ERR,ERR,ERR,ERR,ERR,ERR,ERR,ERR,ERR,ERR,ERR,ERR,ERR,ERR,ERR,ERR,ERR,ERR,ERR,ERR,ERR,ERR,ERR,ERR,ERR,ERR,ERR,ERR,ERR,ERR,ERR,ERR,ERR,ERR,ERR,ERR,ERR,ERR,ERR,ERR,ERR,ERR,ERR,ERR,ERR,ERR,ERR,ERR,ERR,ERR,ERR,ERR,ERR,ERR,ERR,ERR,ERR,ERR,ERR,ERR,ERR,ERR,ERR,ERR,ERR,ERR,ERR,ERR,ERR,ERR,ERR,0.0,-0.0,-0.0,0.0,0.0,1.3936040501711995e+18,7.805,0.0,0,0,4,0,7300,-0.0,0,0.0,0.0,0.0,0.0,0.0,0,0,0,0,0.0,0,0,0,0,0,0,0,0,0,0,0,0,0,0,0,0,0,0,0,0,0,0,0,0,0,0,0,0,0,0,0,0,0,32,30,30,62,65476,0,300,0,0,8,21553,0.0,-107605600.0,0.0,0.0,0.0,0.0,0.0,0.0,0.0,0.0,0.0,0.0,0.0,0.0,0.0,0.0,0.0,0.0,0.0,0.0,0.0,0.0,2.004,-2.004,2.004,-0.0,0.0,0.0,0.0,0.0,5527.0,0.0,6917.0,0.0,-0.0,-0.0,2.7184296605801213e+23,0.0,0.0,0.0,0.0,63,0.0,1.9056893587410125e+17,0.0,0.0,0.0,0.0,0.0,0.0,0.0,0,0,0,0.0,0.0,0.0,0.0,0.0,0.0,0.0,0.0,0.0,0.0,0.0,0.0,0.0,0.0,0.0,0.0,0,-107875648.0,63,0.0,126,2.7184242562605685e+23,2.842318642297501e+23,ERR,ERR,ERR,ERR,ERR,ERR,ERR,ERR,ERR,ERR,ERR,ERR,ERR,ERR,ERR,ERR,ERR,ERR,ERR,ERR,ERR,ERR,ERR,ERR,ERR,ERR,ERR,ERR,ERR,ERR,ERR,ERR,ERR,ERR,ERR,ERR,ERR,ERR,ERR,ERR,ERR,ERR,ERR,ERR,ERR,ERR,ERR,ERR,ERR,ERR,ERR,ERR,ERR,ERR,ERR,ERR,ERR,ERR,ERR,ERR,ERR,ERR,ERR,ERR,ERR,ERR,ERR,34.0,80.0,35,0.0,0.0,0.0,0.0,0.0,0.0,0.0,0.0,0.0,0.0,0.0,0.0,0.0,0.0,0.0,0.0,64.8,0,116,56,49,65476,0,300,0,0,8,20529,65476,0,0,57672,80.0,0.0,0.0,0.0,0.0,0.0
2026-06-17T04:44:11,ERR,ERR,ERR,ERR,ERR,ERR,ERR,ERR,ERR,ERR,ERR,ERR,ERR,ERR,ERR,ERR,ERR,ERR,ERR,ERR,ERR,ERR,ERR,ERR,ERR,ERR,ERR,ERR,ERR,ERR,ERR,ERR,ERR,ERR,ERR,ERR,ERR,ERR,ERR,ERR,ERR,ERR,ERR,ERR,ERR,ERR,ERR,ERR,ERR,ERR,ERR,ERR,ERR,ERR,ERR,ERR,ERR,ERR,ERR,ERR,ERR,ERR,ERR,ERR,ERR,ERR,ERR,ERR,ERR,ERR,ERR,ERR,ERR,ERR,ERR,ERR,ERR,ERR,ERR,ERR,ERR,ERR,ERR,ERR,ERR,ERR,ERR,ERR,ERR,ERR,ERR,ERR,ERR,ERR,ERR,ERR,ERR,ERR,ERR,ERR,ERR,ERR,ERR,ERR,ERR,ERR,ERR,ERR,ERR,ERR,ERR,ERR,ERR,ERR,ERR,ERR,ERR,ERR,ERR,ERR,ERR,ERR,ERR,ERR,ERR,0.0,-0.0,-0.0,0.0,0.0,1.3936040501711995e+18,7.805,0.0,0,0,4,0,7300,-0.0,0,0.0,0.0,0.0,0.0,0.0,0,0,0,0,0.0,0,0,0,0,0,0,0,0,0,0,0,0,0,0,0,0,0,0,0,0,0,0,0,0,0,0,0,0,0,0,0,0,0,32,30,30,62,65476,0,300,0,0,8,21553,0.0,-107605600.0,0.0,0.0,0.0,0.0,0.0,0.0,0.0,0.0,0.0,0.0,0.0,0.0,0.0,0.0,0.0,0.0,0.0,0.0,0.0,0.0,2.004,-2.004,2.004,-0.0,0.0,0.0,0.0,0.0,5527.0,0.0,6917.0,0.0,-0.0,-0.0,2.7184296605801213e+23,0.0,0.0,0.0,0.0,63,0.0,1.9056893587410125e+17,0.0,0.0,0.0,0.0,0.0,0.0,0.0,0,0,0,0.0,0.0,0.0,0.0,0.0,0.0,0.0,0.0,0.0,0.0,0.0,0.0,0.0,0.0,0.0,0.0,0,-107875648.0,63,0.0,126,2.7184242562605685e+23,2.842318642297501e+23,ERR,ERR,ERR,ERR,ERR,ERR,ERR,ERR,ERR,ERR,ERR,ERR,ERR,ERR,ERR,ERR,ERR,ERR,ERR,ERR,ERR,ERR,ERR,ERR,ERR,ERR,ERR,ERR,ERR,ERR,ERR,ERR,ERR,ERR,ERR,ERR,ERR,ERR,ERR,ERR,ERR,ERR,ERR,ERR,ERR,ERR,ERR,ERR,ERR,ERR,ERR,ERR,ERR,ERR,ERR,ERR,ERR,ERR,ERR,ERR,ERR,ERR,ERR,ERR,ERR,ERR,ERR,34.0,80.0,35,0.0,0.0,0.0,0.0,0.0,0.0,0.0,0.0,0.0,0.0,0.0,0.0,0.0,0.0,0.0,0.0,64.4,0,116,56,49,65476,0,300,0,0,8,20529,65476,0,0,57672,80.0,0.0,0.0,0.0,0.0,0.0
2026-06-17T04:44:12,ERR,ERR,ERR,ERR,ERR,ERR,ERR,ERR,ERR,ERR,ERR,ERR,ERR,ERR,ERR,ERR,ERR,ERR,ERR,ERR,ERR,ERR,ERR,ERR,ERR,ERR,ERR,ERR,ERR,ERR,ERR,ERR,ERR,ERR,ERR,ERR,ERR,ERR,ERR,ERR,ERR,ERR,ERR,ERR,ERR,ERR,ERR,ERR,ERR,ERR,ERR,ERR,ERR,ERR,ERR,ERR,ERR,ERR,ERR,ERR,ERR,ERR,ERR,ERR,ERR,ERR,ERR,ERR,ERR,ERR,ERR,ERR,ERR,ERR,ERR,ERR,ERR,ERR,ERR,ERR,ERR,ERR,ERR,ERR,ERR,ERR,ERR,ERR,ERR,ERR,ERR,ERR,ERR,ERR,ERR,ERR,ERR,ERR,ERR,ERR,ERR,ERR,ERR,ERR,ERR,ERR,ERR,ERR,ERR,ERR,ERR,ERR,ERR,ERR,ERR,ERR,ERR,ERR,ERR,ERR,ERR,ERR,ERR,ERR,ERR,0.0,-0.0,-0.0,0.0,0.0,1.3936040501711995e+18,7.805,0.0,0,0,4,0,7300,-0.0,0,0.0,0.0,0.0,0.0,0.0,0,0,0,0,0.0,0,0,0,0,0,0,0,0,0,0,0,0,0,0,0,0,0,0,0,0,0,0,0,0,0,0,0,0,0,0,0,0,0,32,30,30,62,65476,0,300,0,0,8,21553,0.0,-107605600.0,0.0,0.0,0.0,0.0,0.0,0.0,0.0,0.0,0.0,0.0,0.0,0.0,0.0,0.0,0.0,0.0,0.0,0.0,0.0,0.0,2.004,-2.004,2.004,-0.0,0.0,0.0,0.0,0.0,5527.0,0.0,6917.0,0.0,-0.0,-0.0,2.7184296605801213e+23,0.0,0.0,0.0,0.0,63,0.0,1.9056893587410125e+17,0.0,0.0,0.0,0.0,0.0,0.0,0.0,0,0,0,0.0,0.0,0.0,0.0,0.0,0.0,0.0,0.0,0.0,0.0,0.0,0.0,0.0,0.0,0.0,0.0,0,-107875648.0,63,0.0,126,2.7184242562605685e+23,2.842318642297501e+23,ERR,ERR,ERR,ERR,ERR,ERR,ERR,ERR,ERR,ERR,ERR,ERR,ERR,ERR,ERR,ERR,ERR,ERR,ERR,ERR,ERR,ERR,ERR,ERR,ERR,ERR,ERR,ERR,ERR,ERR,ERR,ERR,ERR,ERR,ERR,ERR,ERR,ERR,ERR,ERR,ERR,ERR,ERR,ERR,ERR,ERR,ERR,ERR,ERR,ERR,ERR,ERR,ERR,ERR,ERR,ERR,ERR,ERR,ERR,ERR,ERR,ERR,ERR,ERR,ERR,ERR,ERR,34.0,80.0,35,0.0,0.0,0.0,0.0,0.0,0.0,0.0,0.0,0.0,0.0,0.0,0.0,0.0,0.0,0.0,0.0,64.4,0,116,56,49,65476,0,300,0,0,8,20529,65476,0,0,57672,80.0,0.0,0.0,0.0,0.0,0.0
2026-06-17T04:44:13,ERR,ERR,ERR,ERR,ERR,ERR,ERR,ERR,ERR,ERR,ERR,ERR,ERR,ERR,ERR,ERR,ERR,ERR,ERR,ERR,ERR,ERR,ERR,ERR,ERR,ERR,ERR,ERR,ERR,ERR,ERR,ERR,ERR,ERR,ERR,ERR,ERR,ERR,ERR,ERR,ERR,ERR,ERR,ERR,ERR,ERR,ERR,ERR,ERR,ERR,ERR,ERR,ERR,ERR,ERR,ERR,ERR,ERR,ERR,ERR,ERR,ERR,ERR,ERR,ERR,ERR,ERR,ERR,ERR,ERR,ERR,ERR,ERR,ERR,ERR,ERR,ERR,ERR,ERR,ERR,ERR,ERR,ERR,ERR,ERR,ERR,ERR,ERR,ERR,ERR,ERR,ERR,ERR,ERR,ERR,ERR,ERR,ERR,ERR,ERR,ERR,ERR,ERR,ERR,ERR,ERR,ERR,ERR,ERR,ERR,ERR,ERR,ERR,ERR,ERR,ERR,ERR,ERR,ERR,ERR,ERR,ERR,ERR,ERR,ERR,0.0,-0.0,-0.0,0.0,0.0,1.3936040501711995e+18,7.805,0.0,0,0,4,0,7300,-0.0,0,0.0,0.0,0.0,0.0,0.0,0,0,0,0,0.0,0,0,0,0,0,0,0,0,0,0,0,0,0,0,0,0,0,0,0,0,0,0,0,0,0,0,0,0,0,0,0,0,0,32,30,30,62,65476,0,300,0,0,8,21553,0.0,-107605600.0,0.0,0.0,0.0,0.0,0.0,0.0,0.0,0.0,0.0,0.0,0.0,0.0,0.0,0.0,0.0,0.0,0.0,0.0,0.0,0.0,2.004,-2.004,2.004,-0.0,0.0,0.0,0.0,0.0,5527.0,0.0,6919.0,0.0,-0.0,-107615280.0,2.7184296605801213e+23,0.0,0.0,0.0,0.0,63,0.0,4.0668612138009265e+29,0.0,0.0,0.0,0.0,0.0,0.0,0.0,0,0,0,0.0,0.0,0.0,0.0,0.0,0.0,0.0,0.0,0.0,0.0,0.0,0.0,0.0,0.0,0.0,0.0,0,-107875648.0,63,0.0,126,2.7184242562605685e+23,2.842318642297501e+23,ERR,ERR,ERR,ERR,ERR,ERR,ERR,ERR,ERR,ERR,ERR,ERR,ERR,ERR,ERR,ERR,ERR,ERR,ERR,ERR,ERR,ERR,ERR,ERR,ERR,ERR,ERR,ERR,ERR,ERR,ERR,ERR,ERR,ERR,ERR,ERR,ERR,ERR,ERR,ERR,ERR,ERR,ERR,ERR,ERR,ERR,ERR,ERR,ERR,ERR,ERR,ERR,ERR,ERR,ERR,ERR,ERR,ERR,ERR,ERR,ERR,ERR,ERR,ERR,ERR,ERR,ERR,34.0,80.0,35,0.0,0.0,0.0,0.0,0.0,0.0,0.0,0.0,0.0,0.0,0.0,0.0,0.0,0.0,0.0,0.0,64.4,0,116,56,49,65476,0,300,0,0,8,20529,65476,0,0,57672,80.0,0.0,0.0,0.0,0.0,0.0
2026-06-17T04:44:14,ERR,ERR,ERR,ERR,ERR,ERR,ERR,ERR,ERR,ERR,ERR,ERR,ERR,ERR,ERR,ERR,ERR,ERR,ERR,ERR,ERR,ERR,ERR,ERR,ERR,ERR,ERR,ERR,ERR,ERR,ERR,ERR,ERR,ERR,ERR,ERR,ERR,ERR,ERR,ERR,ERR,ERR,ERR,ERR,ERR,ERR,ERR,ERR,ERR,ERR,ERR,ERR,ERR,ERR,ERR,ERR,ERR,ERR,ERR,ERR,ERR,ERR,ERR,ERR,ERR,ERR,ERR,ERR,ERR,ERR,ERR,ERR,ERR,ERR,ERR,ERR,ERR,ERR,ERR,ERR,ERR,ERR,ERR,ERR,ERR,ERR,ERR,ERR,ERR,ERR,ERR,ERR,ERR,ERR,ERR,ERR,ERR,ERR,ERR,ERR,ERR,ERR,ERR,ERR,ERR,ERR,ERR,ERR,ERR,ERR,ERR,ERR,ERR,ERR,ERR,ERR,ERR,ERR,ERR,ERR,ERR,ERR,ERR,ERR,ERR,0.0,-0.0,-0.0,0.0,0.0,1.3936040501711995e+18,7.805,0.0,0,0,4,0,7300,-0.0,0,0.0,0.0,0.0,0.0,0.0,0,0,0,0,0.0,0,0,0,0,0,0,0,0,0,0,0,0,0,0,0,0,0,0,0,0,0,0,0,0,0,0,0,0,0,0,0,0,0,32,30,30,62,65476,0,300,0,0,8,21553,0.0,-107605600.0,0.0,0.0,0.0,0.0,0.0,0.0,0.0,0.0,0.0,0.0,0.0,0.0,0.0,0.0,0.0,0.0,0.0,0.0,0.0,0.0,2.004,-2.004,2.004,-0.0,0.0,0.0,0.0,0.0,5527.0,0.0,6919.0,0.0,-0.0,-107615280.0,2.7184296605801213e+23,0.0,0.0,0.0,0.0,63,0.0,4.0668612138009265e+29,0.0,0.0,0.0,0.0,0.0,0.0,0.0,0,0,0,0.0,0.0,0.0,0.0,0.0,0.0,0.0,0.0,0.0,0.0,0.0,0.0,0.0,0.0,0.0,0.0,0,-107875648.0,63,0.0,126,2.7184242562605685e+23,2.842318642297501e+23,ERR,ERR,ERR,ERR,ERR,ERR,ERR,ERR,ERR,ERR,ERR,ERR,ERR,ERR,ERR,ERR,ERR,ERR,ERR,ERR,ERR,ERR,ERR,ERR,ERR,ERR,ERR,ERR,ERR,ERR,ERR,ERR,ERR,ERR,ERR,ERR,ERR,ERR,ERR,ERR,ERR,ERR,ERR,ERR,ERR,ERR,ERR,ERR,ERR,ERR,ERR,ERR,ERR,ERR,ERR,ERR,ERR,ERR,ERR,ERR,ERR,ERR,ERR,ERR,ERR,ERR,ERR,34.0,80.0,35,0.0,0.0,0.0,0.0,0.0,0.0,0.0,0.0,0.0,0.0,0.0,0.0,0.0,0.0,0.0,0.0,64.4,0,116,56,49,65476,0,300,0,0,8,20529,65476,0,0,57672,80.0,0.0,0.0,0.0,0.0,0.0
2026-06-17T04:44:15,ERR,ERR,ERR,ERR,ERR,ERR,ERR,ERR,ERR,ERR,ERR,ERR,ERR,ERR,ERR,ERR,ERR,ERR,ERR,ERR,ERR,ERR,ERR,ERR,ERR,ERR,ERR,ERR,ERR,ERR,ERR,ERR,ERR,ERR,ERR,ERR,ERR,ERR,ERR,ERR,ERR,ERR,ERR,ERR,ERR,ERR,ERR,ERR,ERR,ERR,ERR,ERR,ERR,ERR,ERR,ERR,ERR,ERR,ERR,ERR,ERR,ERR,ERR,ERR,ERR,ERR,ERR,ERR,ERR,ERR,ERR,ERR,ERR,ERR,ERR,ERR,ERR,ERR,ERR,ERR,ERR,ERR,ERR,ERR,ERR,ERR,ERR,ERR,ERR,ERR,ERR,ERR,ERR,ERR,ERR,ERR,ERR,ERR,ERR,ERR,ERR,ERR,ERR,ERR,ERR,ERR,ERR,ERR,ERR,ERR,ERR,ERR,ERR,ERR,ERR,ERR,ERR,ERR,ERR,ERR,ERR,ERR,ERR,ERR,ERR,0.0,-0.0,-0.0,0.0,0.0,1.3936040501711995e+18,7.805,0.0,0,0,4,0,7300,-0.0,0,0.0,0.0,0.0,0.0,0.0,0,0,0,0,0.0,0,0,0,0,0,0,0,0,0,0,0,0,0,0,0,0,0,0,0,0,0,0,0,0,0,0,0,0,0,0,0,0,0,32,30,30,62,65476,0,300,0,0,8,21553,0.0,-107605600.0,0.0,0.0,0.0,0.0,0.0,0.0,0.0,0.0,0.0,0.0,0.0,0.0,0.0,0.0,0.0,0.0,0.0,0.0,0.0,0.0,2.004,-2.004,2.004,-0.0,0.0,0.0,0.0,0.0,5527.0,0.0,6919.0,0.0,-0.0,-107615280.0,2.7184296605801213e+23,0.0,0.0,0.0,0.0,63,0.0,4.0668612138009265e+29,0.0,0.0,0.0,0.0,0.0,0.0,0.0,0,0,0,0.0,0.0,0.0,0.0,0.0,0.0,0.0,0.0,0.0,0.0,0.0,0.0,0.0,0.0,0.0,0.0,0,-107875648.0,63,0.0,126,2.7184242562605685e+23,2.842318642297501e+23,ERR,ERR,ERR,ERR,ERR,ERR,ERR,ERR,ERR,ERR,ERR,ERR,ERR,ERR,ERR,ERR,ERR,ERR,ERR,ERR,ERR,ERR,ERR,ERR,ERR,ERR,ERR,ERR,ERR,ERR,ERR,ERR,ERR,ERR,ERR,ERR,ERR,ERR,ERR,ERR,ERR,ERR,ERR,ERR,ERR,ERR,ERR,ERR,ERR,ERR,ERR,ERR,ERR,ERR,ERR,ERR,ERR,ERR,ERR,ERR,ERR,ERR,ERR,ERR,ERR,ERR,ERR,34.0,80.0,35,0.0,0.0,0.0,0.0,0.0,0.0,0.0,0.0,0.0,0.0,0.0,0.0,0.0,0.0,0.0,0.0,64.4,0,116,56,49,65476,0,300,0,0,8,20529,65476,0,0,57672,80.0,0.0,0.0,0.0,0.0,0.0
2026-06-17T04:44:16,ERR,ERR,ERR,ERR,ERR,ERR,ERR,ERR,ERR,ERR,ERR,ERR,ERR,ERR,ERR,ERR,ERR,ERR,ERR,ERR,ERR,ERR,ERR,ERR,ERR,ERR,ERR,ERR,ERR,ERR,ERR,ERR,ERR,ERR,ERR,ERR,ERR,ERR,ERR,ERR,ERR,ERR,ERR,ERR,ERR,ERR,ERR,ERR,ERR,ERR,ERR,ERR,ERR,ERR,ERR,ERR,ERR,ERR,ERR,ERR,ERR,ERR,ERR,ERR,ERR,ERR,ERR,ERR,ERR,ERR,ERR,ERR,ERR,ERR,ERR,ERR,ERR,ERR,ERR,ERR,ERR,ERR,ERR,ERR,ERR,ERR,ERR,ERR,ERR,ERR,ERR,ERR,ERR,ERR,ERR,ERR,ERR,ERR,ERR,ERR,ERR,ERR,ERR,ERR,ERR,ERR,ERR,ERR,ERR,ERR,ERR,ERR,ERR,ERR,ERR,ERR,ERR,ERR,ERR,ERR,ERR,ERR,ERR,ERR,ERR,0.0,-0.0,-0.0,0.0,0.0,1.3936040501711995e+18,7.805,0.0,0,0,4,0,7300,-0.0,0,0.0,0.0,0.0,0.0,0.0,0,0,0,0,0.0,0,0,0,0,0,0,0,0,0,0,0,0,0,0,0,0,0,0,0,0,0,0,0,0,0,0,0,0,0,0,0,0,0,32,30,30,62,65476,0,300,0,0,8,21553,0.0,-107605600.0,0.0,0.0,0.0,0.0,0.0,0.0,0.0,0.0,0.0,0.0,0.0,0.0,0.0,0.0,0.0,0.0,0.0,0.0,0.0,0.0,2.004,-2.004,2.004,-0.0,0.0,0.0,0.0,0.0,5527.0,0.0,6919.0,0.0,-0.0,-107615280.0,2.7184296605801213e+23,0.0,0.0,0.0,0.0,63,0.0,4.0668612138009265e+29,0.0,0.0,0.0,0.0,0.0,0.0,0.0,0,0,0,0.0,0.0,0.0,0.0,0.0,0.0,0.0,0.0,0.0,0.0,0.0,0.0,0.0,0.0,0.0,0.0,0,-107875648.0,63,0.0,126,2.7184242562605685e+23,2.842318642297501e+23,ERR,ERR,ERR,ERR,ERR,ERR,ERR,ERR,ERR,ERR,ERR,ERR,ERR,ERR,ERR,ERR,ERR,ERR,ERR,ERR,ERR,ERR,ERR,ERR,ERR,ERR,ERR,ERR,ERR,ERR,ERR,ERR,ERR,ERR,ERR,ERR,ERR,ERR,ERR,ERR,ERR,ERR,ERR,ERR,ERR,ERR,ERR,ERR,ERR,ERR,ERR,ERR,ERR,ERR,ERR,ERR,ERR,ERR,ERR,ERR,ERR,ERR,ERR,ERR,ERR,ERR,ERR,34.0,80.0,35,0.0,0.0,0.0,0.0,0.0,0.0,0.0,0.0,0.0,0.0,0.0,0.0,0.0,0.0,0.0,0.0,64.4,0,116,56,49,65476,0,300,0,0,8,20529,65476,0,0,57672,80.0,0.0,0.0,0.0,0.0,0.0
2026-06-17T04:44:17,ERR,ERR,ERR,ERR,ERR,ERR,ERR,ERR,ERR,ERR,ERR,ERR,ERR,ERR,ERR,ERR,ERR,ERR,ERR,ERR,ERR,ERR,ERR,ERR,ERR,ERR,ERR,ERR,ERR,ERR,ERR,ERR,ERR,ERR,ERR,ERR,ERR,ERR,ERR,ERR,ERR,ERR,ERR,ERR,ERR,ERR,ERR,ERR,ERR,ERR,ERR,ERR,ERR,ERR,ERR,ERR,ERR,ERR,ERR,ERR,ERR,ERR,ERR,ERR,ERR,ERR,ERR,ERR,ERR,ERR,ERR,ERR,ERR,ERR,ERR,ERR,ERR,ERR,ERR,ERR,ERR,ERR,ERR,ERR,ERR,ERR,ERR,ERR,ERR,ERR,ERR,ERR,ERR,ERR,ERR,ERR,ERR,ERR,ERR,ERR,ERR,ERR,ERR,ERR,ERR,ERR,ERR,ERR,ERR,ERR,ERR,ERR,ERR,ERR,ERR,ERR,ERR,ERR,ERR,ERR,ERR,ERR,ERR,ERR,ERR,0.0,-0.0,-0.0,0.0,0.0,1.3936040501711995e+18,7.805,0.0,0,0,4,0,7300,-0.0,0,0.0,0.0,0.0,0.0,0.0,0,0,0,0,0.0,0,0,0,0,0,0,0,0,0,0,0,0,0,0,0,0,0,0,0,0,0,0,0,0,0,0,0,0,0,0,0,0,0,32,30,30,62,65476,0,300,0,0,8,21553,0.0,-107605600.0,0.0,0.0,0.0,0.0,0.0,0.0,0.0,0.0,0.0,0.0,0.0,0.0,0.0,0.0,0.0,0.0,0.0,0.0,0.0,0.0,2.004,-2.004,2.004,-0.0,0.0,0.0,0.0,0.0,5527.0,0.0,6919.0,0.0,-0.0,-107615280.0,2.7184296605801213e+23,0.0,0.0,0.0,0.0,63,0.0,4.0668612138009265e+29,0.0,0.0,0.0,0.0,0.0,0.0,0.0,0,0,0,0.0,0.0,0.0,0.0,0.0,0.0,0.0,0.0,0.0,0.0,0.0,0.0,0.0,0.0,0.0,0.0,0,-107875648.0,63,0.0,126,2.7184242562605685e+23,2.842318642297501e+23,ERR,ERR,ERR,ERR,ERR,ERR,ERR,ERR,ERR,ERR,ERR,ERR,ERR,ERR,ERR,ERR,ERR,ERR,ERR,ERR,ERR,ERR,ERR,ERR,ERR,ERR,ERR,ERR,ERR,ERR,ERR,ERR,ERR,ERR,ERR,ERR,ERR,ERR,ERR,ERR,ERR,ERR,ERR,ERR,ERR,ERR,ERR,ERR,ERR,ERR,ERR,ERR,ERR,ERR,ERR,ERR,ERR,ERR,ERR,ERR,ERR,ERR,ERR,ERR,ERR,ERR,ERR,34.0,80.0,35,0.0,0.0,0.0,0.0,0.0,0.0,0.0,0.0,0.0,0.0,0.0,0.0,0.0,0.0,0.0,0.0,64.8,0,116,56,49,65476,0,300,0,0,8,20529,65476,0,0,57672,80.0,0.0,0.0,0.0,0.0,0.0
2026-06-17T04:44:18,ERR,ERR,ERR,ERR,ERR,ERR,ERR,ERR,ERR,ERR,ERR,ERR,ERR,ERR,ERR,ERR,ERR,ERR,ERR,ERR,ERR,ERR,ERR,ERR,ERR,ERR,ERR,ERR,ERR,ERR,ERR,ERR,ERR,ERR,ERR,ERR,ERR,ERR,ERR,ERR,ERR,ERR,ERR,ERR,ERR,ERR,ERR,ERR,ERR,ERR,ERR,ERR,ERR,ERR,ERR,ERR,ERR,ERR,ERR,ERR,ERR,ERR,ERR,ERR,ERR,ERR,ERR,ERR,ERR,ERR,ERR,ERR,ERR,ERR,ERR,ERR,ERR,ERR,ERR,ERR,ERR,ERR,ERR,ERR,ERR,ERR,ERR,ERR,ERR,ERR,ERR,ERR,ERR,ERR,ERR,ERR,ERR,ERR,ERR,ERR,ERR,ERR,ERR,ERR,ERR,ERR,ERR,ERR,ERR,ERR,ERR,ERR,ERR,ERR,ERR,ERR,ERR,ERR,ERR,ERR,ERR,ERR,ERR,ERR,ERR,0.0,-0.0,3.028208139652935e+23,0.0,0.0,1.3936040501711995e+18,7.805,0.0,0,0,4,0,7300,-0.0,0,0.0,0.0,0.0,0.0,0.0,0,0,0,0,0.0,0,0,0,0,0,0,0,0,0,0,0,0,0,0,0,0,0,0,0,0,0,0,0,0,0,0,0,0,0,0,0,0,0,32,30,30,62,65476,0,300,0,0,8,21553,0.0,-107605600.0,0.0,0.0,0.0,0.0,0.0,0.0,0.0,0.0,0.0,0.0,0.0,0.0,0.0,0.0,0.0,0.0,0.0,0.0,0.0,0.0,2.004,-2.004,-0.0,-0.0,0.0,0.0,0.0,0.0,5527.0,0.0,6914.0,0.0,-0.0,-0.0,2.7184296605801213e+23,0.0,0.0,0.0,0.0,63,0.0,0.059,0.0,0.0,0.0,0.0,0.0,0.0,0.0,0,0,0,0.0,0.0,0.0,0.0,0.0,0.0,0.0,0.0,0.0,0.0,0.0,0.0,0.0,0.0,0.0,0.0,0,-107875648.0,63,0.0,126,2.7184242562605685e+23,2.842318642297501e+23,ERR,ERR,ERR,ERR,ERR,ERR,ERR,ERR,ERR,ERR,ERR,ERR,ERR,ERR,ERR,ERR,ERR,ERR,ERR,ERR,ERR,ERR,ERR,ERR,ERR,ERR,ERR,ERR,ERR,ERR,ERR,ERR,ERR,ERR,ERR,ERR,ERR,ERR,ERR,ERR,ERR,ERR,ERR,ERR,ERR,ERR,ERR,ERR,ERR,ERR,ERR,ERR,ERR,ERR,ERR,ERR,ERR,ERR,ERR,ERR,ERR,ERR,ERR,ERR,ERR,ERR,ERR,34.0,80.0,35,0.0,0.0,0.0,0.0,0.0,0.0,0.0,0.0,0.0,0.0,0.0,0.0,0.0,0.0,0.0,0.0,64.8,0,116,56,49,65476,0,300,0,0,8,20529,65476,0,0,57672,80.0,0.0,0.0,0.0,0.0,0.0
2026-06-17T04:44:19,ERR,ERR,ERR,ERR,ERR,ERR,ERR,ERR,ERR,ERR,ERR,ERR,ERR,ERR,ERR,ERR,ERR,ERR,ERR,ERR,ERR,ERR,ERR,ERR,ERR,ERR,ERR,ERR,ERR,ERR,ERR,ERR,ERR,ERR,ERR,ERR,ERR,ERR,ERR,ERR,ERR,ERR,ERR,ERR,ERR,ERR,ERR,ERR,ERR,ERR,ERR,ERR,ERR,ERR,ERR,ERR,ERR,ERR,ERR,ERR,ERR,ERR,ERR,ERR,ERR,ERR,ERR,ERR,ERR,ERR,ERR,ERR,ERR,ERR,ERR,ERR,ERR,ERR,ERR,ERR,ERR,ERR,ERR,ERR,ERR,ERR,ERR,ERR,ERR,ERR,ERR,ERR,ERR,ERR,ERR,ERR,ERR,ERR,ERR,ERR,ERR,ERR,ERR,ERR,ERR,ERR,ERR,ERR,ERR,ERR,ERR,ERR,ERR,ERR,ERR,ERR,ERR,ERR,ERR,ERR,ERR,ERR,ERR,ERR,ERR,0.0,-0.0,3.028208139652935e+23,0.0,0.0,1.3936040501711995e+18,7.805,0.0,0,0,4,0,7300,-0.0,0,0.0,0.0,0.0,0.0,0.0,0,0,0,0,0.0,0,0,0,0,0,0,0,0,0,0,0,0,0,0,0,0,0,0,0,0,0,0,0,0,0,0,0,0,0,0,0,0,0,32,30,30,62,65476,0,300,0,0,8,21553,0.0,-107605600.0,0.0,0.0,0.0,0.0,0.0,0.0,0.0,0.0,0.0,0.0,0.0,0.0,0.0,0.0,0.0,0.0,0.0,0.0,0.0,0.0,2.004,-2.004,-0.0,-0.0,0.0,0.0,0.0,0.0,5527.0,0.0,6914.0,0.0,-0.0,-0.0,2.7184296605801213e+23,0.0,0.0,0.0,0.0,63,0.0,0.059,0.0,0.0,0.0,0.0,0.0,0.0,0.0,0,0,0,0.0,0.0,0.0,0.0,0.0,0.0,0.0,0.0,0.0,0.0,0.0,0.0,0.0,0.0,0.0,0.0,0,-107875648.0,63,0.0,126,2.7184242562605685e+23,2.842318642297501e+23,ERR,ERR,ERR,ERR,ERR,ERR,ERR,ERR,ERR,ERR,ERR,ERR,ERR,ERR,ERR,ERR,ERR,ERR,ERR,ERR,ERR,ERR,ERR,ERR,ERR,ERR,ERR,ERR,ERR,ERR,ERR,ERR,ERR,ERR,ERR,ERR,ERR,ERR,ERR,ERR,ERR,ERR,ERR,ERR,ERR,ERR,ERR,ERR,ERR,ERR,ERR,ERR,ERR,ERR,ERR,ERR,ERR,ERR,ERR,ERR,ERR,ERR,ERR,ERR,ERR,ERR,ERR,34.0,80.0,35,0.0,0.0,0.0,0.0,0.0,0.0,0.0,0.0,0.0,0.0,0.0,0.0,0.0,0.0,0.0,0.0,64.4,0,116,56,49,65476,0,300,0,0,8,20529,65476,0,0,57672,80.0,0.0,0.0,0.0,0.0,0.0
2026-06-17T04:44:20,ERR,ERR,ERR,ERR,ERR,ERR,ERR,ERR,ERR,ERR,ERR,ERR,ERR,ERR,ERR,ERR,ERR,ERR,ERR,ERR,ERR,ERR,ERR,ERR,ERR,ERR,ERR,ERR,ERR,ERR,ERR,ERR,ERR,ERR,ERR,ERR,ERR,ERR,ERR,ERR,ERR,ERR,ERR,ERR,ERR,ERR,ERR,ERR,ERR,ERR,ERR,ERR,ERR,ERR,ERR,ERR,ERR,ERR,ERR,ERR,ERR,ERR,ERR,ERR,ERR,ERR,ERR,ERR,ERR,ERR,ERR,ERR,ERR,ERR,ERR,ERR,ERR,ERR,ERR,ERR,ERR,ERR,ERR,ERR,ERR,ERR,ERR,ERR,ERR,ERR,ERR,ERR,ERR,ERR,ERR,ERR,ERR,ERR,ERR,ERR,ERR,ERR,ERR,ERR,ERR,ERR,ERR,ERR,ERR,ERR,ERR,ERR,ERR,ERR,ERR,ERR,ERR,ERR,ERR,ERR,ERR,ERR,ERR,ERR,ERR,0.0,-0.0,3.028208139652935e+23,0.0,0.0,1.3936040501711995e+18,7.805,0.0,0,0,4,0,7300,-0.0,0,0.0,0.0,0.0,0.0,0.0,0,0,0,0,0.0,0,0,0,0,0,0,0,0,0,0,0,0,0,0,0,0,0,0,0,0,0,0,0,0,0,0,0,0,0,0,0,0,0,32,30,30,62,65476,0,300,0,0,8,21553,0.0,-107605600.0,0.0,0.0,0.0,0.0,0.0,0.0,0.0,0.0,0.0,0.0,0.0,0.0,0.0,0.0,0.0,0.0,0.0,0.0,0.0,0.0,2.004,-2.004,-0.0,-0.0,0.0,0.0,0.0,0.0,5527.0,0.0,6914.0,0.0,-0.0,-0.0,2.7184296605801213e+23,0.0,0.0,0.0,0.0,63,0.0,0.059,0.0,0.0,0.0,0.0,0.0,0.0,0.0,0,0,0,0.0,0.0,0.0,0.0,0.0,0.0,0.0,0.0,0.0,0.0,0.0,0.0,0.0,0.0,0.0,0.0,0,-107875648.0,63,0.0,126,2.7184242562605685e+23,2.842318642297501e+23,ERR,ERR,ERR,ERR,ERR,ERR,ERR,ERR,ERR,ERR,ERR,ERR,ERR,ERR,ERR,ERR,ERR,ERR,ERR,ERR,ERR,ERR,ERR,ERR,ERR,ERR,ERR,ERR,ERR,ERR,ERR,ERR,ERR,ERR,ERR,ERR,ERR,ERR,ERR,ERR,ERR,ERR,ERR,ERR,ERR,ERR,ERR,ERR,ERR,ERR,ERR,ERR,ERR,ERR,ERR,ERR,ERR,ERR,ERR,ERR,ERR,ERR,ERR,ERR,ERR,ERR,ERR,34.0,80.0,35,0.0,0.0,0.0,0.0,0.0,0.0,0.0,0.0,0.0,0.0,0.0,0.0,0.0,0.0,0.0,0.0,64.4,0,116,56,49,65476,0,300,0,0,8,20529,65476,0,0,57672,80.0,0.0,0.0,0.0,0.0,0.0
2026-06-17T04:44:21,ERR,ERR,ERR,ERR,ERR,ERR,ERR,ERR,ERR,ERR,ERR,ERR,ERR,ERR,ERR,ERR,ERR,ERR,ERR,ERR,ERR,ERR,ERR,ERR,ERR,ERR,ERR,ERR,ERR,ERR,ERR,ERR,ERR,ERR,ERR,ERR,ERR,ERR,ERR,ERR,ERR,ERR,ERR,ERR,ERR,ERR,ERR,ERR,ERR,ERR,ERR,ERR,ERR,ERR,ERR,ERR,ERR,ERR,ERR,ERR,ERR,ERR,ERR,ERR,ERR,ERR,ERR,ERR,ERR,ERR,ERR,ERR,ERR,ERR,ERR,ERR,ERR,ERR,ERR,ERR,ERR,ERR,ERR,ERR,ERR,ERR,ERR,ERR,ERR,ERR,ERR,ERR,ERR,ERR,ERR,ERR,ERR,ERR,ERR,ERR,ERR,ERR,ERR,ERR,ERR,ERR,ERR,ERR,ERR,ERR,ERR,ERR,ERR,ERR,ERR,ERR,ERR,ERR,ERR,ERR,ERR,ERR,ERR,ERR,ERR,0.0,-0.0,3.028208139652935e+23,0.0,0.0,1.3936040501711995e+18,7.805,0.0,0,0,4,0,7300,-0.0,0,0.0,0.0,0.0,0.0,0.0,0,0,0,0,0.0,0,0,0,0,0,0,0,0,0,0,0,0,0,0,0,0,0,0,0,0,0,0,0,0,0,0,0,0,0,0,0,0,0,32,30,30,62,65476,0,300,0,0,8,21553,0.0,-107605600.0,0.0,0.0,0.0,0.0,0.0,0.0,0.0,0.0,0.0,0.0,0.0,0.0,0.0,0.0,0.0,0.0,0.0,0.0,0.0,0.0,2.004,-2.004,-0.0,-0.0,0.0,0.0,0.0,0.0,5527.0,0.0,6914.0,0.0,-0.0,-0.0,2.7184296605801213e+23,0.0,0.0,0.0,0.0,63,0.0,0.059,0.0,0.0,0.0,0.0,0.0,0.0,0.0,0,0,0,0.0,0.0,0.0,0.0,0.0,0.0,0.0,0.0,0.0,0.0,0.0,0.0,0.0,0.0,0.0,0.0,0,-107875648.0,63,0.0,126,2.7184242562605685e+23,2.842318642297501e+23,ERR,ERR,ERR,ERR,ERR,ERR,ERR,ERR,ERR,ERR,ERR,ERR,ERR,ERR,ERR,ERR,ERR,ERR,ERR,ERR,ERR,ERR,ERR,ERR,ERR,ERR,ERR,ERR,ERR,ERR,ERR,ERR,ERR,ERR,ERR,ERR,ERR,ERR,ERR,ERR,ERR,ERR,ERR,ERR,ERR,ERR,ERR,ERR,ERR,ERR,ERR,ERR,ERR,ERR,ERR,ERR,ERR,ERR,ERR,ERR,ERR,ERR,ERR,ERR,ERR,ERR,ERR,34.0,80.0,35,0.0,0.0,0.0,0.0,0.0,0.0,0.0,0.0,0.0,0.0,0.0,0.0,0.0,0.0,0.0,0.0,64.4,0,116,56,49,65476,0,300,0,0,8,20529,65476,0,0,57672,80.0,0.0,0.0,0.0,0.0,0.0
2026-06-17T04:44:22,ERR,ERR,ERR,ERR,ERR,ERR,ERR,ERR,ERR,ERR,ERR,ERR,ERR,ERR,ERR,ERR,ERR,ERR,ERR,ERR,ERR,ERR,ERR,ERR,ERR,ERR,ERR,ERR,ERR,ERR,ERR,ERR,ERR,ERR,ERR,ERR,ERR,ERR,ERR,ERR,ERR,ERR,ERR,ERR,ERR,ERR,ERR,ERR,ERR,ERR,ERR,ERR,ERR,ERR,ERR,ERR,ERR,ERR,ERR,ERR,ERR,ERR,ERR,ERR,ERR,ERR,ERR,ERR,ERR,ERR,ERR,ERR,ERR,ERR,ERR,ERR,ERR,ERR,ERR,ERR,ERR,ERR,ERR,ERR,ERR,ERR,ERR,ERR,ERR,ERR,ERR,ERR,ERR,ERR,ERR,ERR,ERR,ERR,ERR,ERR,ERR,ERR,ERR,ERR,ERR,ERR,ERR,ERR,ERR,ERR,ERR,ERR,ERR,ERR,ERR,ERR,ERR,ERR,ERR,ERR,ERR,ERR,ERR,ERR,ERR,0.0,-0.0,3.028208139652935e+23,0.0,0.0,1.3936040501711995e+18,7.805,0.0,0,0,4,0,7300,-0.0,0,0.0,0.0,0.0,0.0,0.0,0,0,0,0,0.0,0,0,0,0,0,0,0,0,0,0,0,0,0,0,0,0,0,0,0,0,0,0,0,0,0,0,0,0,0,0,0,0,0,32,30,30,62,65476,0,300,0,0,8,21553,0.0,-107605600.0,0.0,0.0,0.0,0.0,0.0,0.0,0.0,0.0,0.0,0.0,0.0,0.0,0.0,0.0,0.0,0.0,0.0,0.0,0.0,0.0,2.004,-2.004,-0.0,-0.0,0.0,0.0,0.0,0.0,5527.0,0.0,6914.0,0.0,-0.0,-0.0,2.7184296605801213e+23,0.0,0.0,0.0,0.0,63,0.0,0.059,0.0,0.0,0.0,0.0,0.0,0.0,0.0,0,0,0,0.0,0.0,0.0,0.0,0.0,0.0,0.0,0.0,0.0,0.0,0.0,0.0,0.0,0.0,0.0,0.0,0,-107875648.0,63,0.0,126,2.7184242562605685e+23,2.842318642297501e+23,ERR,ERR,ERR,ERR,ERR,ERR,ERR,ERR,ERR,ERR,ERR,ERR,ERR,ERR,ERR,ERR,ERR,ERR,ERR,ERR,ERR,ERR,ERR,ERR,ERR,ERR,ERR,ERR,ERR,ERR,ERR,ERR,ERR,ERR,ERR,ERR,ERR,ERR,ERR,ERR,ERR,ERR,ERR,ERR,ERR,ERR,ERR,ERR,ERR,ERR,ERR,ERR,ERR,ERR,ERR,ERR,ERR,ERR,ERR,ERR,ERR,ERR,ERR,ERR,ERR,ERR,ERR,34.0,80.0,35,0.0,0.0,0.0,0.0,0.0,0.0,0.0,0.0,0.0,0.0,0.0,0.0,0.0,0.0,0.0,0.0,64.4,0,116,56,49,65476,0,300,0,0,8,20529,65476,0,0,57672,80.0,0.0,0.0,0.0,0.0,0.0
2026-06-17T04:44:23,ERR,ERR,ERR,ERR,ERR,ERR,ERR,ERR,ERR,ERR,ERR,ERR,ERR,ERR,ERR,ERR,ERR,ERR,ERR,ERR,ERR,ERR,ERR,ERR,ERR,ERR,ERR,ERR,ERR,ERR,ERR,ERR,ERR,ERR,ERR,ERR,ERR,ERR,ERR,ERR,ERR,ERR,ERR,ERR,ERR,ERR,ERR,ERR,ERR,ERR,ERR,ERR,ERR,ERR,ERR,ERR,ERR,ERR,ERR,ERR,ERR,ERR,ERR,ERR,ERR,ERR,ERR,ERR,ERR,ERR,ERR,ERR,ERR,ERR,ERR,ERR,ERR,ERR,ERR,ERR,ERR,ERR,ERR,ERR,ERR,ERR,ERR,ERR,ERR,ERR,ERR,ERR,ERR,ERR,ERR,ERR,ERR,ERR,ERR,ERR,ERR,ERR,ERR,ERR,ERR,ERR,ERR,ERR,ERR,ERR,ERR,ERR,ERR,ERR,ERR,ERR,ERR,ERR,ERR,ERR,ERR,ERR,ERR,ERR,ERR,0.0,-0.0,3.028208139652935e+23,0.0,0.0,1.3936040501711995e+18,7.805,0.0,0,0,4,0,7300,-0.0,0,0.0,0.0,0.0,0.0,0.0,0,0,0,0,0.0,0,0,0,0,0,0,0,0,0,0,0,0,0,0,0,0,0,0,0,0,0,0,0,0,0,0,0,0,0,0,0,0,0,32,30,30,62,65476,0,300,0,0,8,21553,0.0,-107605600.0,0.0,0.0,0.0,0.0,0.0,0.0,0.0,0.0,0.0,0.0,0.0,0.0,0.0,0.0,0.0,0.0,0.0,0.0,0.0,0.0,2.004,-2.004,2.004,-0.0,0.0,0.0,0.0,0.0,5495.0,-0.0,6932.0,0.0,-0.0,-107615280.0,2.7184296605801213e+23,0.0,0.0,0.0,0.0,63,0.0,-0.0,0.0,0.0,0.0,0.0,0.0,0.0,0.0,0,0,0,0.0,0.0,0.0,0.0,0.0,0.0,0.0,0.0,0.0,0.0,0.0,0.0,0.0,0.0,0.0,0.0,0,-107875648.0,63,0.0,126,2.7184242562605685e+23,2.842318642297501e+23,ERR,ERR,ERR,ERR,ERR,ERR,ERR,ERR,ERR,ERR,ERR,ERR,ERR,ERR,ERR,ERR,ERR,ERR,ERR,ERR,ERR,ERR,ERR,ERR,ERR,ERR,ERR,ERR,ERR,ERR,ERR,ERR,ERR,ERR,ERR,ERR,ERR,ERR,ERR,ERR,ERR,ERR,ERR,ERR,ERR,ERR,ERR,ERR,ERR,ERR,ERR,ERR,ERR,ERR,ERR,ERR,ERR,ERR,ERR,ERR,ERR,ERR,ERR,ERR,ERR,ERR,ERR,34.0,80.0,35,0.0,0.0,0.0,0.0,0.0,0.0,0.0,0.0,0.0,0.0,0.0,0.0,0.0,0.0,0.0,0.0,64.4,0,116,56,49,65476,0,300,0,0,8,20529,65476,0,0,57672,80.0,0.0,0.0,0.0,0.0,0.0
2026-06-17T04:44:24,ERR,ERR,ERR,ERR,ERR,ERR,ERR,ERR,ERR,ERR,ERR,ERR,ERR,ERR,ERR,ERR,ERR,ERR,ERR,ERR,ERR,ERR,ERR,ERR,ERR,ERR,ERR,ERR,ERR,ERR,ERR,ERR,ERR,ERR,ERR,ERR,ERR,ERR,ERR,ERR,ERR,ERR,ERR,ERR,ERR,ERR,ERR,ERR,ERR,ERR,ERR,ERR,ERR,ERR,ERR,ERR,ERR,ERR,ERR,ERR,ERR,ERR,ERR,ERR,ERR,ERR,ERR,ERR,ERR,ERR,ERR,ERR,ERR,ERR,ERR,ERR,ERR,ERR,ERR,ERR,ERR,ERR,ERR,ERR,ERR,ERR,ERR,ERR,ERR,ERR,ERR,ERR,ERR,ERR,ERR,ERR,ERR,ERR,ERR,ERR,ERR,ERR,ERR,ERR,ERR,ERR,ERR,ERR,ERR,ERR,ERR,ERR,ERR,ERR,ERR,ERR,ERR,ERR,ERR,ERR,ERR,ERR,ERR,ERR,ERR,0.0,-0.0,3.028208139652935e+23,0.0,0.0,1.3936040501711995e+18,7.805,0.0,0,0,4,0,7300,-0.0,0,0.0,0.0,0.0,0.0,0.0,0,0,0,0,0.0,0,0,0,0,0,0,0,0,0,0,0,0,0,0,0,0,0,0,0,0,0,0,0,0,0,0,0,0,0,0,0,0,0,32,30,30,62,65476,0,300,0,0,8,21553,0.0,-107605600.0,0.0,0.0,0.0,0.0,0.0,0.0,0.0,0.0,0.0,0.0,0.0,0.0,0.0,0.0,0.0,0.0,0.0,0.0,0.0,0.0,2.004,-2.004,2.004,-0.0,0.0,0.0,0.0,0.0,5495.0,-0.0,6932.0,0.0,-0.0,-107615280.0,2.7184296605801213e+23,0.0,0.0,0.0,0.0,63,0.0,-0.0,0.0,0.0,0.0,0.0,0.0,0.0,0.0,0,0,0,0.0,0.0,0.0,0.0,0.0,0.0,0.0,0.0,0.0,0.0,0.0,0.0,0.0,0.0,0.0,0.0,0,-107875648.0,63,0.0,126,2.7184242562605685e+23,2.842318642297501e+23,ERR,ERR,ERR,ERR,ERR,ERR,ERR,ERR,ERR,ERR,ERR,ERR,ERR,ERR,ERR,ERR,ERR,ERR,ERR,ERR,ERR,ERR,ERR,ERR,ERR,ERR,ERR,ERR,ERR,ERR,ERR,ERR,ERR,ERR,ERR,ERR,ERR,ERR,ERR,ERR,ERR,ERR,ERR,ERR,ERR,ERR,ERR,ERR,ERR,ERR,ERR,ERR,ERR,ERR,ERR,ERR,ERR,ERR,ERR,ERR,ERR,ERR,ERR,ERR,ERR,ERR,ERR,34.0,80.0,35,0.0,0.0,0.0,0.0,0.0,0.0,0.0,0.0,0.0,0.0,0.0,0.0,0.0,0.0,0.0,0.0,64.4,0,116,56,49,65476,0,300,0,0,8,20529,65476,0,0,57672,80.0,0.0,0.0,0.0,0.0,0.0
2026-06-17T04:44:25,ERR,ERR,ERR,ERR,ERR,ERR,ERR,ERR,ERR,ERR,ERR,ERR,ERR,ERR,ERR,ERR,ERR,ERR,ERR,ERR,ERR,ERR,ERR,ERR,ERR,ERR,ERR,ERR,ERR,ERR,ERR,ERR,ERR,ERR,ERR,ERR,ERR,ERR,ERR,ERR,ERR,ERR,ERR,ERR,ERR,ERR,ERR,ERR,ERR,ERR,ERR,ERR,ERR,ERR,ERR,ERR,ERR,ERR,ERR,ERR,ERR,ERR,ERR,ERR,ERR,ERR,ERR,ERR,ERR,ERR,ERR,ERR,ERR,ERR,ERR,ERR,ERR,ERR,ERR,ERR,ERR,ERR,ERR,ERR,ERR,ERR,ERR,ERR,ERR,ERR,ERR,ERR,ERR,ERR,ERR,ERR,ERR,ERR,ERR,ERR,ERR,ERR,ERR,ERR,ERR,ERR,ERR,ERR,ERR,ERR,ERR,ERR,ERR,ERR,ERR,ERR,ERR,ERR,ERR,ERR,ERR,ERR,ERR,ERR,ERR,0.0,-0.0,3.028208139652935e+23,0.0,0.0,1.3936040501711995e+18,7.805,0.0,0,0,4,0,7300,-0.0,0,0.0,0.0,0.0,0.0,0.0,0,0,0,0,0.0,0,0,0,0,0,0,0,0,0,0,0,0,0,0,0,0,0,0,0,0,0,0,0,0,0,0,0,0,0,0,0,0,0,32,30,30,62,65476,0,300,0,0,8,21553,0.0,-107605600.0,0.0,0.0,0.0,0.0,0.0,0.0,0.0,0.0,0.0,0.0,0.0,0.0,0.0,0.0,0.0,0.0,0.0,0.0,0.0,0.0,2.004,-2.004,2.004,-0.0,0.0,0.0,0.0,0.0,5495.0,-0.0,6932.0,0.0,-0.0,-107615280.0,2.7184296605801213e+23,0.0,0.0,0.0,0.0,63,0.0,-0.0,0.0,0.0,0.0,0.0,0.0,0.0,0.0,0,0,0,0.0,0.0,0.0,0.0,0.0,0.0,0.0,0.0,0.0,0.0,0.0,0.0,0.0,0.0,0.0,0.0,0,-107875648.0,63,0.0,126,2.7184242562605685e+23,2.842318642297501e+23,ERR,ERR,ERR,ERR,ERR,ERR,ERR,ERR,ERR,ERR,ERR,ERR,ERR,ERR,ERR,ERR,ERR,ERR,ERR,ERR,ERR,ERR,ERR,ERR,ERR,ERR,ERR,ERR,ERR,ERR,ERR,ERR,ERR,ERR,ERR,ERR,ERR,ERR,ERR,ERR,ERR,ERR,ERR,ERR,ERR,ERR,ERR,ERR,ERR,ERR,ERR,ERR,ERR,ERR,ERR,ERR,ERR,ERR,ERR,ERR,ERR,ERR,ERR,ERR,ERR,ERR,ERR,34.0,80.0,35,0.0,0.0,0.0,0.0,0.0,0.0,0.0,0.0,0.0,0.0,0.0,0.0,0.0,0.0,0.0,0.0,64.4,0,116,56,49,65476,0,300,0,0,8,20529,65476,0,0,57672,80.0,0.0,0.0,0.0,0.0,0.0
2026-06-17T04:44:26,ERR,ERR,ERR,ERR,ERR,ERR,ERR,ERR,ERR,ERR,ERR,ERR,ERR,ERR,ERR,ERR,ERR,ERR,ERR,ERR,ERR,ERR,ERR,ERR,ERR,ERR,ERR,ERR,ERR,ERR,ERR,ERR,ERR,ERR,ERR,ERR,ERR,ERR,ERR,ERR,ERR,ERR,ERR,ERR,ERR,ERR,ERR,ERR,ERR,ERR,ERR,ERR,ERR,ERR,ERR,ERR,ERR,ERR,ERR,ERR,ERR,ERR,ERR,ERR,ERR,ERR,ERR,ERR,ERR,ERR,ERR,ERR,ERR,ERR,ERR,ERR,ERR,ERR,ERR,ERR,ERR,ERR,ERR,ERR,ERR,ERR,ERR,ERR,ERR,ERR,ERR,ERR,ERR,ERR,ERR,ERR,ERR,ERR,ERR,ERR,ERR,ERR,ERR,ERR,ERR,ERR,ERR,ERR,ERR,ERR,ERR,ERR,ERR,ERR,ERR,ERR,ERR,ERR,ERR,ERR,ERR,ERR,ERR,ERR,ERR,0.0,-0.0,3.028208139652935e+23,0.0,0.0,1.3936040501711995e+18,7.805,0.0,0,0,4,0,7300,-0.0,0,0.0,0.0,0.0,0.0,0.0,0,0,0,0,0.0,0,0,0,0,0,0,0,0,0,0,0,0,0,0,0,0,0,0,0,0,0,0,0,0,0,0,0,0,0,0,0,0,0,32,30,30,62,65476,0,300,0,0,8,21553,0.0,-107605600.0,0.0,0.0,0.0,0.0,0.0,0.0,0.0,0.0,0.0,0.0,0.0,0.0,0.0,0.0,0.0,0.0,0.0,0.0,0.0,0.0,2.004,-2.004,2.004,-0.0,0.0,0.0,0.0,0.0,5495.0,-0.0,6932.0,0.0,-0.0,-107615280.0,2.7184296605801213e+23,0.0,0.0,0.0,0.0,63,0.0,-0.0,0.0,0.0,0.0,0.0,0.0,0.0,0.0,0,0,0,0.0,0.0,0.0,0.0,0.0,0.0,0.0,0.0,0.0,0.0,0.0,0.0,0.0,0.0,0.0,0.0,0,-107875648.0,63,0.0,126,2.7184242562605685e+23,2.842318642297501e+23,ERR,ERR,ERR,ERR,ERR,ERR,ERR,ERR,ERR,ERR,ERR,ERR,ERR,ERR,ERR,ERR,ERR,ERR,ERR,ERR,ERR,ERR,ERR,ERR,ERR,ERR,ERR,ERR,ERR,ERR,ERR,ERR,ERR,ERR,ERR,ERR,ERR,ERR,ERR,ERR,ERR,ERR,ERR,ERR,ERR,ERR,ERR,ERR,ERR,ERR,ERR,ERR,ERR,ERR,ERR,ERR,ERR,ERR,ERR,ERR,ERR,ERR,ERR,ERR,ERR,ERR,ERR,34.0,80.0,35,0.0,0.0,0.0,0.0,0.0,0.0,0.0,0.0,0.0,0.0,0.0,0.0,0.0,0.0,0.0,0.0,64.4,0,116,56,49,65476,0,300,0,0,8,20529,65476,0,0,57672,80.0,0.0,0.0,0.0,0.0,0.0
2026-06-17T04:44:27,ERR,ERR,ERR,ERR,ERR,ERR,ERR,ERR,ERR,ERR,ERR,ERR,ERR,ERR,ERR,ERR,ERR,ERR,ERR,ERR,ERR,ERR,ERR,ERR,ERR,ERR,ERR,ERR,ERR,ERR,ERR,ERR,ERR,ERR,ERR,ERR,ERR,ERR,ERR,ERR,ERR,ERR,ERR,ERR,ERR,ERR,ERR,ERR,ERR,ERR,ERR,ERR,ERR,ERR,ERR,ERR,ERR,ERR,ERR,ERR,ERR,ERR,ERR,ERR,ERR,ERR,ERR,ERR,ERR,ERR,ERR,ERR,ERR,ERR,ERR,ERR,ERR,ERR,ERR,ERR,ERR,ERR,ERR,ERR,ERR,ERR,ERR,ERR,ERR,ERR,ERR,ERR,ERR,ERR,ERR,ERR,ERR,ERR,ERR,ERR,ERR,ERR,ERR,ERR,ERR,ERR,ERR,ERR,ERR,ERR,ERR,ERR,ERR,ERR,ERR,ERR,ERR,ERR,ERR,ERR,ERR,ERR,ERR,ERR,ERR,0.0,-0.0,3.028208139652935e+23,0.0,0.0,1.3936040501711995e+18,7.805,0.0,0,0,4,0,7300,-0.0,0,0.0,0.0,0.0,0.0,0.0,0,0,0,0,0.0,0,0,0,0,0,0,0,0,0,0,0,0,0,0,0,0,0,0,0,0,0,0,0,0,0,0,0,0,0,0,0,0,0,32,30,30,62,65476,0,300,0,0,8,21553,0.0,-107605600.0,0.0,0.0,0.0,0.0,0.0,0.0,0.0,0.0,0.0,0.0,0.0,0.0,0.0,0.0,0.0,0.0,0.0,0.0,0.0,0.0,2.004,-2.004,2.004,-0.0,0.0,0.0,0.0,0.0,5495.0,-0.0,6932.0,0.0,-0.0,-107615280.0,2.7184296605801213e+23,0.0,0.0,0.0,0.0,63,0.0,-0.0,0.0,0.0,0.0,0.0,0.0,0.0,0.0,0,0,0,0.0,0.0,0.0,0.0,0.0,0.0,0.0,0.0,0.0,0.0,0.0,0.0,0.0,0.0,0.0,0.0,0,-107875648.0,63,0.0,126,2.7184242562605685e+23,2.842318642297501e+23,ERR,ERR,ERR,ERR,ERR,ERR,ERR,ERR,ERR,ERR,ERR,ERR,ERR,ERR,ERR,ERR,ERR,ERR,ERR,ERR,ERR,ERR,ERR,ERR,ERR,ERR,ERR,ERR,ERR,ERR,ERR,ERR,ERR,ERR,ERR,ERR,ERR,ERR,ERR,ERR,ERR,ERR,ERR,ERR,ERR,ERR,ERR,ERR,ERR,ERR,ERR,ERR,ERR,ERR,ERR,ERR,ERR,ERR,ERR,ERR,ERR,ERR,ERR,ERR,ERR,ERR,ERR,34.0,80.0,35,0.0,0.0,0.0,0.0,0.0,0.0,0.0,0.0,0.0,0.0,0.0,0.0,0.0,0.0,0.0,0.0,64.4,0,116,56,49,65476,0,300,0,0,8,20529,65476,0,0,57672,80.0,0.0,0.0,0.0,0.0,0.0
2026-06-17T04:44:28,ERR,ERR,ERR,ERR,ERR,ERR,ERR,ERR,ERR,ERR,ERR,ERR,ERR,ERR,ERR,ERR,ERR,ERR,ERR,ERR,ERR,ERR,ERR,ERR,ERR,ERR,ERR,ERR,ERR,ERR,ERR,ERR,ERR,ERR,ERR,ERR,ERR,ERR,ERR,ERR,ERR,ERR,ERR,ERR,ERR,ERR,ERR,ERR,ERR,ERR,ERR,ERR,ERR,ERR,ERR,ERR,ERR,ERR,ERR,ERR,ERR,ERR,ERR,ERR,ERR,ERR,ERR,ERR,ERR,ERR,ERR,ERR,ERR,ERR,ERR,ERR,ERR,ERR,ERR,ERR,ERR,ERR,ERR,ERR,ERR,ERR,ERR,ERR,ERR,ERR,ERR,ERR,ERR,ERR,ERR,ERR,ERR,ERR,ERR,ERR,ERR,ERR,ERR,ERR,ERR,ERR,ERR,ERR,ERR,ERR,ERR,ERR,ERR,ERR,ERR,ERR,ERR,ERR,ERR,ERR,ERR,ERR,ERR,ERR,ERR,0.0,-0.0,3.028208139652935e+23,0.0,0.0,1.3936040501711995e+18,7.805,0.0,0,0,4,0,7300,-0.0,0,0.0,0.0,0.0,0.0,0.0,0,0,0,0,0.0,0,0,0,0,0,0,0,0,0,0,0,0,0,0,0,0,0,0,0,0,0,0,0,0,0,0,0,0,0,0,0,0,0,32,30,30,62,65476,0,300,0,0,8,21553,0.0,-107605600.0,0.0,0.0,0.0,0.0,0.0,0.0,0.0,0.0,0.0,0.0,0.0,0.0,0.0,0.0,0.0,0.0,0.0,0.0,0.0,0.0,2.004,-2.004,2.004,-0.0,0.0,0.0,0.0,0.0,5495.0,-0.0,6932.0,0.0,-0.0,-107615280.0,2.7184296605801213e+23,0.0,0.0,0.0,0.0,63,0.0,-0.0,0.0,0.0,0.0,0.0,0.0,0.0,0.0,0,0,0,0.0,0.0,0.0,0.0,0.0,0.0,0.0,0.0,0.0,0.0,0.0,0.0,0.0,0.0,0.0,0.0,0,-107875648.0,63,0.0,126,2.7184242562605685e+23,2.842318642297501e+23,ERR,ERR,ERR,ERR,ERR,ERR,ERR,ERR,ERR,ERR,ERR,ERR,ERR,ERR,ERR,ERR,ERR,ERR,ERR,ERR,ERR,ERR,ERR,ERR,ERR,ERR,ERR,ERR,ERR,ERR,ERR,ERR,ERR,ERR,ERR,ERR,ERR,ERR,ERR,ERR,ERR,ERR,ERR,ERR,ERR,ERR,ERR,ERR,ERR,ERR,ERR,ERR,ERR,ERR,ERR,ERR,ERR,ERR,ERR,ERR,ERR,ERR,ERR,ERR,ERR,ERR,ERR,34.0,80.0,35,0.0,0.0,0.0,0.0,0.0,0.0,0.0,0.0,0.0,0.0,0.0,0.0,0.0,0.0,0.0,0.0,64.8,0,116,56,49,65476,0,300,0,0,8,20529,65476,0,0,57672,80.0,0.0,0.0,0.0,0.0,0.0
2026-06-17T04:44:30,ERR,ERR,ERR,ERR,ERR,ERR,ERR,ERR,ERR,ERR,ERR,ERR,ERR,ERR,ERR,ERR,ERR,ERR,ERR,ERR,ERR,ERR,ERR,ERR,ERR,ERR,ERR,ERR,ERR,ERR,ERR,ERR,ERR,ERR,ERR,ERR,ERR,ERR,ERR,ERR,ERR,ERR,ERR,ERR,ERR,ERR,ERR,ERR,ERR,ERR,ERR,ERR,ERR,ERR,ERR,ERR,ERR,ERR,ERR,ERR,ERR,ERR,ERR,ERR,ERR,ERR,ERR,ERR,ERR,ERR,ERR,ERR,ERR,ERR,ERR,ERR,ERR,ERR,ERR,ERR,ERR,ERR,ERR,ERR,ERR,ERR,ERR,ERR,ERR,ERR,ERR,ERR,ERR,ERR,ERR,ERR,ERR,ERR,ERR,ERR,ERR,ERR,ERR,ERR,ERR,ERR,ERR,ERR,ERR,ERR,ERR,ERR,ERR,ERR,ERR,ERR,ERR,ERR,ERR,ERR,ERR,ERR,ERR,ERR,ERR,0.0,-0.0,-0.0,0.0,0.0,1.3936040501711995e+18,7.805,0.0,0,0,4,0,7300,-0.0,0,0.0,0.0,0.0,0.0,0.0,0,0,0,0,0.0,0,0,0,0,0,0,0,0,0,0,0,0,0,0,0,0,0,0,0,0,0,0,0,0,0,0,0,0,0,0,0,0,0,32,30,30,62,65476,0,300,0,0,8,21553,0.0,-107605600.0,0.0,0.0,0.0,0.0,0.0,0.0,0.0,0.0,0.0,0.0,0.0,0.0,0.0,0.0,0.0,0.0,0.0,0.0,0.0,0.0,2.004,-2.004,-0.0,-0.0,0.0,0.0,0.0,0.0,5495.0,-0.0,6934.0,0.0,-0.0,-0.0,2.7184296605801213e+23,0.0,0.0,0.0,0.0,63,0.0,-71.63,0.0,0.0,0.0,0.0,0.0,0.0,0.0,0,0,0,0.0,0.0,0.0,0.0,0.0,0.0,0.0,0.0,0.0,0.0,0.0,0.0,0.0,0.0,0.0,0.0,0,-107875648.0,63,0.0,126,2.7184242562605685e+23,2.842318642297501e+23,ERR,ERR,ERR,ERR,ERR,ERR,ERR,ERR,ERR,ERR,ERR,ERR,ERR,ERR,ERR,ERR,ERR,ERR,ERR,ERR,ERR,ERR,ERR,ERR,ERR,ERR,ERR,ERR,ERR,ERR,ERR,ERR,ERR,ERR,ERR,ERR,ERR,ERR,ERR,ERR,ERR,ERR,ERR,ERR,ERR,ERR,ERR,ERR,ERR,ERR,ERR,ERR,ERR,ERR,ERR,ERR,ERR,ERR,ERR,ERR,ERR,ERR,ERR,ERR,ERR,ERR,ERR,34.0,80.0,35,0.0,0.0,0.0,0.0,0.0,0.0,0.0,0.0,0.0,0.0,0.0,0.0,0.0,0.0,0.0,0.0,64.8,0,116,56,49,65476,0,300,0,0,8,20529,65476,0,0,57672,80.0,0.0,0.0,0.0,0.0,0.0
2026-06-17T04:44:31,ERR,ERR,ERR,ERR,ERR,ERR,ERR,ERR,ERR,ERR,ERR,ERR,ERR,ERR,ERR,ERR,ERR,ERR,ERR,ERR,ERR,ERR,ERR,ERR,ERR,ERR,ERR,ERR,ERR,ERR,ERR,ERR,ERR,ERR,ERR,ERR,ERR,ERR,ERR,ERR,ERR,ERR,ERR,ERR,ERR,ERR,ERR,ERR,ERR,ERR,ERR,ERR,ERR,ERR,ERR,ERR,ERR,ERR,ERR,ERR,ERR,ERR,ERR,ERR,ERR,ERR,ERR,ERR,ERR,ERR,ERR,ERR,ERR,ERR,ERR,ERR,ERR,ERR,ERR,ERR,ERR,ERR,ERR,ERR,ERR,ERR,ERR,ERR,ERR,ERR,ERR,ERR,ERR,ERR,ERR,ERR,ERR,ERR,ERR,ERR,ERR,ERR,ERR,ERR,ERR,ERR,ERR,ERR,ERR,ERR,ERR,ERR,ERR,ERR,ERR,ERR,ERR,ERR,ERR,ERR,ERR,ERR,ERR,ERR,ERR,0.0,-0.0,-0.0,0.0,0.0,1.3936040501711995e+18,7.805,0.0,0,0,4,0,7300,-0.0,0,0.0,0.0,0.0,0.0,0.0,0,0,0,0,0.0,0,0,0,0,0,0,0,0,0,0,0,0,0,0,0,0,0,0,0,0,0,0,0,0,0,0,0,0,0,0,0,0,0,32,30,30,62,65476,0,300,0,0,8,21553,0.0,-107605600.0,0.0,0.0,0.0,0.0,0.0,0.0,0.0,0.0,0.0,0.0,0.0,0.0,0.0,0.0,0.0,0.0,0.0,0.0,0.0,0.0,2.004,-2.004,-0.0,-0.0,0.0,0.0,0.0,0.0,5495.0,-0.0,6934.0,0.0,-0.0,-0.0,2.7184296605801213e+23,0.0,0.0,0.0,0.0,63,0.0,-71.63,0.0,0.0,0.0,0.0,0.0,0.0,0.0,0,0,0,0.0,0.0,0.0,0.0,0.0,0.0,0.0,0.0,0.0,0.0,0.0,0.0,0.0,0.0,0.0,0.0,0,-107875648.0,63,0.0,126,2.7184242562605685e+23,2.842318642297501e+23,ERR,ERR,ERR,ERR,ERR,ERR,ERR,ERR,ERR,ERR,ERR,ERR,ERR,ERR,ERR,ERR,ERR,ERR,ERR,ERR,ERR,ERR,ERR,ERR,ERR,ERR,ERR,ERR,ERR,ERR,ERR,ERR,ERR,ERR,ERR,ERR,ERR,ERR,ERR,ERR,ERR,ERR,ERR,ERR,ERR,ERR,ERR,ERR,ERR,ERR,ERR,ERR,ERR,ERR,ERR,ERR,ERR,ERR,ERR,ERR,ERR,ERR,ERR,ERR,ERR,ERR,ERR,34.0,80.0,35,0.0,0.0,0.0,0.0,0.0,0.0,0.0,0.0,0.0,0.0,0.0,0.0,0.0,0.0,0.0,0.0,64.4,0,116,56,49,65476,0,300,0,0,8,20529,65476,0,0,57672,80.0,0.0,0.0,0.0,0.0,0.0
2026-06-17T04:44:32,ERR,ERR,ERR,ERR,ERR,ERR,ERR,ERR,ERR,ERR,ERR,ERR,ERR,ERR,ERR,ERR,ERR,ERR,ERR,ERR,ERR,ERR,ERR,ERR,ERR,ERR,ERR,ERR,ERR,ERR,ERR,ERR,ERR,ERR,ERR,ERR,ERR,ERR,ERR,ERR,ERR,ERR,ERR,ERR,ERR,ERR,ERR,ERR,ERR,ERR,ERR,ERR,ERR,ERR,ERR,ERR,ERR,ERR,ERR,ERR,ERR,ERR,ERR,ERR,ERR,ERR,ERR,ERR,ERR,ERR,ERR,ERR,ERR,ERR,ERR,ERR,ERR,ERR,ERR,ERR,ERR,ERR,ERR,ERR,ERR,ERR,ERR,ERR,ERR,ERR,ERR,ERR,ERR,ERR,ERR,ERR,ERR,ERR,ERR,ERR,ERR,ERR,ERR,ERR,ERR,ERR,ERR,ERR,ERR,ERR,ERR,ERR,ERR,ERR,ERR,ERR,ERR,ERR,ERR,ERR,ERR,ERR,ERR,ERR,ERR,0.0,-0.0,-0.0,0.0,0.0,1.3936040501711995e+18,7.805,0.0,0,0,4,0,7300,-0.0,0,0.0,0.0,0.0,0.0,0.0,0,0,0,0,0.0,0,0,0,0,0,0,0,0,0,0,0,0,0,0,0,0,0,0,0,0,0,0,0,0,0,0,0,0,0,0,0,0,0,32,30,30,62,65476,0,300,0,0,8,21553,0.0,-107605600.0,0.0,0.0,0.0,0.0,0.0,0.0,0.0,0.0,0.0,0.0,0.0,0.0,0.0,0.0,0.0,0.0,0.0,0.0,0.0,0.0,2.004,-2.004,-0.0,-0.0,0.0,0.0,0.0,0.0,5495.0,-0.0,6934.0,0.0,-0.0,-0.0,2.7184296605801213e+23,0.0,0.0,0.0,0.0,63,0.0,-71.63,0.0,0.0,0.0,0.0,0.0,0.0,0.0,0,0,0,0.0,0.0,0.0,0.0,0.0,0.0,0.0,0.0,0.0,0.0,0.0,0.0,0.0,0.0,0.0,0.0,0,-107875648.0,63,0.0,126,2.7184242562605685e+23,2.842318642297501e+23,ERR,ERR,ERR,ERR,ERR,ERR,ERR,ERR,ERR,ERR,ERR,ERR,ERR,ERR,ERR,ERR,ERR,ERR,ERR,ERR,ERR,ERR,ERR,ERR,ERR,ERR,ERR,ERR,ERR,ERR,ERR,ERR,ERR,ERR,ERR,ERR,ERR,ERR,ERR,ERR,ERR,ERR,ERR,ERR,ERR,ERR,ERR,ERR,ERR,ERR,ERR,ERR,ERR,ERR,ERR,ERR,ERR,ERR,ERR,ERR,ERR,ERR,ERR,ERR,ERR,ERR,ERR,34.0,80.0,35,0.0,0.0,0.0,0.0,0.0,0.0,0.0,0.0,0.0,0.0,0.0,0.0,0.0,0.0,0.0,0.0,64.8,0,116,56,49,65476,0,300,0,0,8,20529,65476,0,0,57672,80.0,0.0,0.0,0.0,0.0,0.0
2026-06-17T04:44:33,ERR,ERR,ERR,ERR,ERR,ERR,ERR,ERR,ERR,ERR,ERR,ERR,ERR,ERR,ERR,ERR,ERR,ERR,ERR,ERR,ERR,ERR,ERR,ERR,ERR,ERR,ERR,ERR,ERR,ERR,ERR,ERR,ERR,ERR,ERR,ERR,ERR,ERR,ERR,ERR,ERR,ERR,ERR,ERR,ERR,ERR,ERR,ERR,ERR,ERR,ERR,ERR,ERR,ERR,ERR,ERR,ERR,ERR,ERR,ERR,ERR,ERR,ERR,ERR,ERR,ERR,ERR,ERR,ERR,ERR,ERR,ERR,ERR,ERR,ERR,ERR,ERR,ERR,ERR,ERR,ERR,ERR,ERR,ERR,ERR,ERR,ERR,ERR,ERR,ERR,ERR,ERR,ERR,ERR,ERR,ERR,ERR,ERR,ERR,ERR,ERR,ERR,ERR,ERR,ERR,ERR,ERR,ERR,ERR,ERR,ERR,ERR,ERR,ERR,ERR,ERR,ERR,ERR,ERR,ERR,ERR,ERR,ERR,ERR,ERR,0.0,-0.0,-0.0,0.0,0.0,1.3936040501711995e+18,7.805,0.0,0,0,4,0,7300,-0.0,0,0.0,0.0,0.0,0.0,0.0,0,0,0,0,0.0,0,0,0,0,0,0,0,0,0,0,0,0,0,0,0,0,0,0,0,0,0,0,0,0,0,0,0,0,0,0,0,0,0,32,30,30,62,65476,0,300,0,0,8,21553,0.0,-107605600.0,0.0,0.0,0.0,0.0,0.0,0.0,0.0,0.0,0.0,0.0,0.0,0.0,0.0,0.0,0.0,0.0,0.0,0.0,0.0,0.0,2.004,-2.004,-0.0,-0.0,0.0,0.0,0.0,0.0,5495.0,-0.0,6934.0,0.0,-0.0,-0.0,2.7184296605801213e+23,0.0,0.0,0.0,0.0,63,0.0,-71.63,0.0,0.0,0.0,0.0,0.0,0.0,0.0,0,0,0,0.0,0.0,0.0,0.0,0.0,0.0,0.0,0.0,0.0,0.0,0.0,0.0,0.0,0.0,0.0,0.0,0,-107875648.0,63,0.0,126,2.7184242562605685e+23,2.842318642297501e+23,ERR,ERR,ERR,ERR,ERR,ERR,ERR,ERR,ERR,ERR,ERR,ERR,ERR,ERR,ERR,ERR,ERR,ERR,ERR,ERR,ERR,ERR,ERR,ERR,ERR,ERR,ERR,ERR,ERR,ERR,ERR,ERR,ERR,ERR,ERR,ERR,ERR,ERR,ERR,ERR,ERR,ERR,ERR,ERR,ERR,ERR,ERR,ERR,ERR,ERR,ERR,ERR,ERR,ERR,ERR,ERR,ERR,ERR,ERR,ERR,ERR,ERR,ERR,ERR,ERR,ERR,ERR,34.0,80.0,35,0.0,0.0,0.0,0.0,0.0,0.0,0.0,0.0,0.0,0.0,0.0,0.0,0.0,0.0,0.0,0.0,64.8,0,116,56,49,65476,0,300,0,0,8,20529,65476,0,0,57672,80.0,0.0,0.0,0.0,0.0,0.0
2026-06-17T04:44:34,ERR,ERR,ERR,ERR,ERR,ERR,ERR,ERR,ERR,ERR,ERR,ERR,ERR,ERR,ERR,ERR,ERR,ERR,ERR,ERR,ERR,ERR,ERR,ERR,ERR,ERR,ERR,ERR,ERR,ERR,ERR,ERR,ERR,ERR,ERR,ERR,ERR,ERR,ERR,ERR,ERR,ERR,ERR,ERR,ERR,ERR,ERR,ERR,ERR,ERR,ERR,ERR,ERR,ERR,ERR,ERR,ERR,ERR,ERR,ERR,ERR,ERR,ERR,ERR,ERR,ERR,ERR,ERR,ERR,ERR,ERR,ERR,ERR,ERR,ERR,ERR,ERR,ERR,ERR,ERR,ERR,ERR,ERR,ERR,ERR,ERR,ERR,ERR,ERR,ERR,ERR,ERR,ERR,ERR,ERR,ERR,ERR,ERR,ERR,ERR,ERR,ERR,ERR,ERR,ERR,ERR,ERR,ERR,ERR,ERR,ERR,ERR,ERR,ERR,ERR,ERR,ERR,ERR,ERR,ERR,ERR,ERR,ERR,ERR,ERR,0.0,-0.0,-0.0,0.0,0.0,1.3936040501711995e+18,7.805,0.0,0,0,4,0,7300,-0.0,0,0.0,0.0,0.0,0.0,0.0,0,0,0,0,0.0,0,0,0,0,0,0,0,0,0,0,0,0,0,0,0,0,0,0,0,0,0,0,0,0,0,0,0,0,0,0,0,0,0,32,30,30,62,65476,0,300,0,0,8,21553,0.0,-107605600.0,0.0,0.0,0.0,0.0,0.0,0.0,0.0,0.0,0.0,0.0,0.0,0.0,0.0,0.0,0.0,0.0,0.0,0.0,0.0,0.0,2.004,-2.004,-0.0,-0.0,0.0,0.0,0.0,0.0,5495.0,-0.0,6934.0,0.0,-0.0,-0.0,2.7184296605801213e+23,0.0,0.0,0.0,0.0,63,0.0,-71.63,0.0,0.0,0.0,0.0,0.0,0.0,0.0,0,0,0,0.0,0.0,0.0,0.0,0.0,0.0,0.0,0.0,0.0,0.0,0.0,0.0,0.0,0.0,0.0,0.0,0,-107875648.0,63,0.0,126,2.7184242562605685e+23,2.842318642297501e+23,ERR,ERR,ERR,ERR,ERR,ERR,ERR,ERR,ERR,ERR,ERR,ERR,ERR,ERR,ERR,ERR,ERR,ERR,ERR,ERR,ERR,ERR,ERR,ERR,ERR,ERR,ERR,ERR,ERR,ERR,ERR,ERR,ERR,ERR,ERR,ERR,ERR,ERR,ERR,ERR,ERR,ERR,ERR,ERR,ERR,ERR,ERR,ERR,ERR,ERR,ERR,ERR,ERR,ERR,ERR,ERR,ERR,ERR,ERR,ERR,ERR,ERR,ERR,ERR,ERR,ERR,ERR,34.0,80.0,35,0.0,0.0,0.0,0.0,0.0,0.0,0.0,0.0,0.0,0.0,0.0,0.0,0.0,0.0,0.0,0.0,64.4,0,116,56,49,65476,0,300,0,0,8,20529,65476,0,0,57672,80.0,0.0,0.0,0.0,0.0,0.0
2026-06-17T04:44:35,ERR,ERR,ERR,ERR,ERR,ERR,ERR,ERR,ERR,ERR,ERR,ERR,ERR,ERR,ERR,ERR,ERR,ERR,ERR,ERR,ERR,ERR,ERR,ERR,ERR,ERR,ERR,ERR,ERR,ERR,ERR,ERR,ERR,ERR,ERR,ERR,ERR,ERR,ERR,ERR,ERR,ERR,ERR,ERR,ERR,ERR,ERR,ERR,ERR,ERR,ERR,ERR,ERR,ERR,ERR,ERR,ERR,ERR,ERR,ERR,ERR,ERR,ERR,ERR,ERR,ERR,ERR,ERR,ERR,ERR,ERR,ERR,ERR,ERR,ERR,ERR,ERR,ERR,ERR,ERR,ERR,ERR,ERR,ERR,ERR,ERR,ERR,ERR,ERR,ERR,ERR,ERR,ERR,ERR,ERR,ERR,ERR,ERR,ERR,ERR,ERR,ERR,ERR,ERR,ERR,ERR,ERR,ERR,ERR,ERR,ERR,ERR,ERR,ERR,ERR,ERR,ERR,ERR,ERR,ERR,ERR,ERR,ERR,ERR,ERR,0.0,-0.0,-0.0,0.0,0.0,1.3936040501711995e+18,7.805,0.0,0,0,4,0,7300,-0.0,0,0.0,0.0,0.0,0.0,0.0,0,0,0,0,0.0,0,0,0,0,0,0,0,0,0,0,0,0,0,0,0,0,0,0,0,0,0,0,0,0,0,0,0,0,0,0,0,0,0,32,30,30,62,65476,0,300,0,0,8,21553,0.0,-107605600.0,0.0,0.0,0.0,0.0,0.0,0.0,0.0,0.0,0.0,0.0,0.0,0.0,0.0,0.0,0.0,0.0,0.0,0.0,0.0,0.0,2.004,-2.004,-0.0,-0.0,0.0,0.0,0.0,0.0,5494.0,-0.0,6933.0,0.0,-0.0,-107615280.0,2.7184296605801213e+23,0.0,0.0,0.0,0.0,63,0.0,-0.0,0.0,0.0,0.0,0.0,0.0,0.0,0.0,0,0,0,0.0,0.0,0.0,0.0,0.0,0.0,0.0,0.0,0.0,0.0,0.0,0.0,0.0,0.0,0.0,0.0,0,-107875648.0,63,0.0,126,2.7184242562605685e+23,-0.0,ERR,ERR,ERR,ERR,ERR,ERR,ERR,ERR,ERR,ERR,ERR,ERR,ERR,ERR,ERR,ERR,ERR,ERR,ERR,ERR,ERR,ERR,ERR,ERR,ERR,ERR,ERR,ERR,ERR,ERR,ERR,ERR,ERR,ERR,ERR,ERR,ERR,ERR,ERR,ERR,ERR,ERR,ERR,ERR,ERR,ERR,ERR,ERR,ERR,ERR,ERR,ERR,ERR,ERR,ERR,ERR,ERR,ERR,ERR,ERR,ERR,ERR,ERR,ERR,ERR,ERR,ERR,34.0,80.0,35,0.0,0.0,0.0,0.0,0.0,0.0,0.0,0.0,0.0,0.0,0.0,0.0,0.0,0.0,0.0,0.0,64.4,0,116,56,49,65476,0,300,0,0,8,20529,65476,0,0,57672,80.0,0.0,0.0,0.0,0.0,0.0
2026-06-17T04:44:36,ERR,ERR,ERR,ERR,ERR,ERR,ERR,ERR,ERR,ERR,ERR,ERR,ERR,ERR,ERR,ERR,ERR,ERR,ERR,ERR,ERR,ERR,ERR,ERR,ERR,ERR,ERR,ERR,ERR,ERR,ERR,ERR,ERR,ERR,ERR,ERR,ERR,ERR,ERR,ERR,ERR,ERR,ERR,ERR,ERR,ERR,ERR,ERR,ERR,ERR,ERR,ERR,ERR,ERR,ERR,ERR,ERR,ERR,ERR,ERR,ERR,ERR,ERR,ERR,ERR,ERR,ERR,ERR,ERR,ERR,ERR,ERR,ERR,ERR,ERR,ERR,ERR,ERR,ERR,ERR,ERR,ERR,ERR,ERR,ERR,ERR,ERR,ERR,ERR,ERR,ERR,ERR,ERR,ERR,ERR,ERR,ERR,ERR,ERR,ERR,ERR,ERR,ERR,ERR,ERR,ERR,ERR,ERR,ERR,ERR,ERR,ERR,ERR,ERR,ERR,ERR,ERR,ERR,ERR,ERR,ERR,ERR,ERR,ERR,ERR,0.0,-0.0,-0.0,0.0,0.0,1.3936040501711995e+18,7.805,0.0,0,0,4,0,7300,-0.0,0,0.0,0.0,0.0,0.0,0.0,0,0,0,0,0.0,0,0,0,0,0,0,0,0,0,0,0,0,0,0,0,0,0,0,0,0,0,0,0,0,0,0,0,0,0,0,0,0,0,32,30,30,62,65476,0,300,0,0,8,21553,0.0,-107605600.0,0.0,0.0,0.0,0.0,0.0,0.0,0.0,0.0,0.0,0.0,0.0,0.0,0.0,0.0,0.0,0.0,0.0,0.0,0.0,0.0,2.004,-2.004,-0.0,-0.0,0.0,0.0,0.0,0.0,5494.0,-0.0,6933.0,0.0,-0.0,-107615280.0,2.7184296605801213e+23,0.0,0.0,0.0,0.0,63,0.0,-0.0,0.0,0.0,0.0,0.0,0.0,0.0,0.0,0,0,0,0.0,0.0,0.0,0.0,0.0,0.0,0.0,0.0,0.0,0.0,0.0,0.0,0.0,0.0,0.0,0.0,0,-107875648.0,63,0.0,126,2.7184242562605685e+23,-0.0,ERR,ERR,ERR,ERR,ERR,ERR,ERR,ERR,ERR,ERR,ERR,ERR,ERR,ERR,ERR,ERR,ERR,ERR,ERR,ERR,ERR,ERR,ERR,ERR,ERR,ERR,ERR,ERR,ERR,ERR,ERR,ERR,ERR,ERR,ERR,ERR,ERR,ERR,ERR,ERR,ERR,ERR,ERR,ERR,ERR,ERR,ERR,ERR,ERR,ERR,ERR,ERR,ERR,ERR,ERR,ERR,ERR,ERR,ERR,ERR,ERR,ERR,ERR,ERR,ERR,ERR,ERR,34.0,80.0,35,0.0,0.0,0.0,0.0,0.0,0.0,0.0,0.0,0.0,0.0,0.0,0.0,0.0,0.0,0.0,0.0,64.4,0,116,56,49,65476,0,300,0,0,8,20529,65476,0,0,57672,80.0,0.0,0.0,0.0,0.0,0.0
2026-06-17T04:44:37,ERR,ERR,ERR,ERR,ERR,ERR,ERR,ERR,ERR,ERR,ERR,ERR,ERR,ERR,ERR,ERR,ERR,ERR,ERR,ERR,ERR,ERR,ERR,ERR,ERR,ERR,ERR,ERR,ERR,ERR,ERR,ERR,ERR,ERR,ERR,ERR,ERR,ERR,ERR,ERR,ERR,ERR,ERR,ERR,ERR,ERR,ERR,ERR,ERR,ERR,ERR,ERR,ERR,ERR,ERR,ERR,ERR,ERR,ERR,ERR,ERR,ERR,ERR,ERR,ERR,ERR,ERR,ERR,ERR,ERR,ERR,ERR,ERR,ERR,ERR,ERR,ERR,ERR,ERR,ERR,ERR,ERR,ERR,ERR,ERR,ERR,ERR,ERR,ERR,ERR,ERR,ERR,ERR,ERR,ERR,ERR,ERR,ERR,ERR,ERR,ERR,ERR,ERR,ERR,ERR,ERR,ERR,ERR,ERR,ERR,ERR,ERR,ERR,ERR,ERR,ERR,ERR,ERR,ERR,ERR,ERR,ERR,ERR,ERR,ERR,0.0,-0.0,-0.0,0.0,0.0,1.3936040501711995e+18,7.805,0.0,0,0,4,0,7300,-0.0,0,0.0,0.0,0.0,0.0,0.0,0,0,0,0,0.0,0,0,0,0,0,0,0,0,0,0,0,0,0,0,0,0,0,0,0,0,0,0,0,0,0,0,0,0,0,0,0,0,0,32,30,30,62,65476,0,300,0,0,8,21553,0.0,-107605600.0,0.0,0.0,0.0,0.0,0.0,0.0,0.0,0.0,0.0,0.0,0.0,0.0,0.0,0.0,0.0,0.0,0.0,0.0,0.0,0.0,2.004,-2.004,-0.0,-0.0,0.0,0.0,0.0,0.0,5494.0,-0.0,6933.0,0.0,-0.0,-107615280.0,2.7184296605801213e+23,0.0,0.0,0.0,0.0,63,0.0,-0.0,0.0,0.0,0.0,0.0,0.0,0.0,0.0,0,0,0,0.0,0.0,0.0,0.0,0.0,0.0,0.0,0.0,0.0,0.0,0.0,0.0,0.0,0.0,0.0,0.0,0,-107875648.0,63,0.0,126,2.7184242562605685e+23,-0.0,ERR,ERR,ERR,ERR,ERR,ERR,ERR,ERR,ERR,ERR,ERR,ERR,ERR,ERR,ERR,ERR,ERR,ERR,ERR,ERR,ERR,ERR,ERR,ERR,ERR,ERR,ERR,ERR,ERR,ERR,ERR,ERR,ERR,ERR,ERR,ERR,ERR,ERR,ERR,ERR,ERR,ERR,ERR,ERR,ERR,ERR,ERR,ERR,ERR,ERR,ERR,ERR,ERR,ERR,ERR,ERR,ERR,ERR,ERR,ERR,ERR,ERR,ERR,ERR,ERR,ERR,ERR,34.0,80.0,35,0.0,0.0,0.0,0.0,0.0,0.0,0.0,0.0,0.0,0.0,0.0,0.0,0.0,0.0,0.0,0.0,64.4,0,116,56,49,65476,0,300,0,0,8,20529,65476,0,0,57672,80.0,0.0,0.0,0.0,0.0,0.0
2026-06-17T04:44:38,ERR,ERR,ERR,ERR,ERR,ERR,ERR,ERR,ERR,ERR,ERR,ERR,ERR,ERR,ERR,ERR,ERR,ERR,ERR,ERR,ERR,ERR,ERR,ERR,ERR,ERR,ERR,ERR,ERR,ERR,ERR,ERR,ERR,ERR,ERR,ERR,ERR,ERR,ERR,ERR,ERR,ERR,ERR,ERR,ERR,ERR,ERR,ERR,ERR,ERR,ERR,ERR,ERR,ERR,ERR,ERR,ERR,ERR,ERR,ERR,ERR,ERR,ERR,ERR,ERR,ERR,ERR,ERR,ERR,ERR,ERR,ERR,ERR,ERR,ERR,ERR,ERR,ERR,ERR,ERR,ERR,ERR,ERR,ERR,ERR,ERR,ERR,ERR,ERR,ERR,ERR,ERR,ERR,ERR,ERR,ERR,ERR,ERR,ERR,ERR,ERR,ERR,ERR,ERR,ERR,ERR,ERR,ERR,ERR,ERR,ERR,ERR,ERR,ERR,ERR,ERR,ERR,ERR,ERR,ERR,ERR,ERR,ERR,ERR,ERR,0.0,-0.0,-0.0,0.0,0.0,1.3936040501711995e+18,7.805,0.0,0,0,4,0,7300,-0.0,0,0.0,0.0,0.0,0.0,0.0,0,0,0,0,0.0,0,0,0,0,0,0,0,0,0,0,0,0,0,0,0,0,0,0,0,0,0,0,0,0,0,0,0,0,0,0,0,0,0,32,30,30,62,65476,0,300,0,0,8,21553,0.0,-107605600.0,0.0,0.0,0.0,0.0,0.0,0.0,0.0,0.0,0.0,0.0,0.0,0.0,0.0,0.0,0.0,0.0,0.0,0.0,0.0,0.0,2.004,-2.004,-0.0,-0.0,0.0,0.0,0.0,0.0,5494.0,-0.0,6933.0,0.0,-0.0,-107615280.0,2.7184296605801213e+23,0.0,0.0,0.0,0.0,63,0.0,-0.0,0.0,0.0,0.0,0.0,0.0,0.0,0.0,0,0,0,0.0,0.0,0.0,0.0,0.0,0.0,0.0,0.0,0.0,0.0,0.0,0.0,0.0,0.0,0.0,0.0,0,-107875648.0,63,0.0,126,2.7184242562605685e+23,-0.0,ERR,ERR,ERR,ERR,ERR,ERR,ERR,ERR,ERR,ERR,ERR,ERR,ERR,ERR,ERR,ERR,ERR,ERR,ERR,ERR,ERR,ERR,ERR,ERR,ERR,ERR,ERR,ERR,ERR,ERR,ERR,ERR,ERR,ERR,ERR,ERR,ERR,ERR,ERR,ERR,ERR,ERR,ERR,ERR,ERR,ERR,ERR,ERR,ERR,ERR,ERR,ERR,ERR,ERR,ERR,ERR,ERR,ERR,ERR,ERR,ERR,ERR,ERR,ERR,ERR,ERR,ERR,34.0,80.0,35,0.0,0.0,0.0,0.0,0.0,0.0,0.0,0.0,0.0,0.0,0.0,0.0,0.0,0.0,0.0,0.0,64.8,0,116,56,49,65476,0,300,0,0,8,20529,65476,0,0,57672,80.0,0.0,0.0,0.0,0.0,0.0
2026-06-17T04:44:39,ERR,ERR,ERR,ERR,ERR,ERR,ERR,ERR,ERR,ERR,ERR,ERR,ERR,ERR,ERR,ERR,ERR,ERR,ERR,ERR,ERR,ERR,ERR,ERR,ERR,ERR,ERR,ERR,ERR,ERR,ERR,ERR,ERR,ERR,ERR,ERR,ERR,ERR,ERR,ERR,ERR,ERR,ERR,ERR,ERR,ERR,ERR,ERR,ERR,ERR,ERR,ERR,ERR,ERR,ERR,ERR,ERR,ERR,ERR,ERR,ERR,ERR,ERR,ERR,ERR,ERR,ERR,ERR,ERR,ERR,ERR,ERR,ERR,ERR,ERR,ERR,ERR,ERR,ERR,ERR,ERR,ERR,ERR,ERR,ERR,ERR,ERR,ERR,ERR,ERR,ERR,ERR,ERR,ERR,ERR,ERR,ERR,ERR,ERR,ERR,ERR,ERR,ERR,ERR,ERR,ERR,ERR,ERR,ERR,ERR,ERR,ERR,ERR,ERR,ERR,ERR,ERR,ERR,ERR,ERR,ERR,ERR,ERR,ERR,ERR,0.0,-0.0,-0.0,0.0,0.0,1.3936040501711995e+18,7.805,0.0,0,0,4,0,7300,-0.0,0,0.0,0.0,0.0,0.0,0.0,0,0,0,0,0.0,0,0,0,0,0,0,0,0,0,0,0,0,0,0,0,0,0,0,0,0,0,0,0,0,0,0,0,0,0,0,0,0,0,32,30,30,62,65476,0,300,0,0,8,21553,0.0,-107605600.0,0.0,0.0,0.0,0.0,0.0,0.0,0.0,0.0,0.0,0.0,0.0,0.0,0.0,0.0,0.0,0.0,0.0,0.0,0.0,0.0,2.004,-2.004,-0.0,-0.0,0.0,0.0,0.0,0.0,5494.0,-0.0,6933.0,0.0,-0.0,-107615280.0,2.7184296605801213e+23,0.0,0.0,0.0,0.0,63,0.0,-0.0,0.0,0.0,0.0,0.0,0.0,0.0,0.0,0,0,0,0.0,0.0,0.0,0.0,0.0,0.0,0.0,0.0,0.0,0.0,0.0,0.0,0.0,0.0,0.0,0.0,0,-107875648.0,63,0.0,126,2.7184242562605685e+23,-0.0,ERR,ERR,ERR,ERR,ERR,ERR,ERR,ERR,ERR,ERR,ERR,ERR,ERR,ERR,ERR,ERR,ERR,ERR,ERR,ERR,ERR,ERR,ERR,ERR,ERR,ERR,ERR,ERR,ERR,ERR,ERR,ERR,ERR,ERR,ERR,ERR,ERR,ERR,ERR,ERR,ERR,ERR,ERR,ERR,ERR,ERR,ERR,ERR,ERR,ERR,ERR,ERR,ERR,ERR,ERR,ERR,ERR,ERR,ERR,ERR,ERR,ERR,ERR,ERR,ERR,ERR,ERR,34.0,80.0,35,0.0,0.0,0.0,0.0,0.0,0.0,0.0,0.0,0.0,0.0,0.0,0.0,0.0,0.0,0.0,0.0,64.8,0,116,56,49,65476,0,300,0,0,8,20529,65476,0,0,57672,80.0,0.0,0.0,0.0,0.0,0.0
2026-06-17T04:44:40,ERR,ERR,ERR,ERR,ERR,ERR,ERR,ERR,ERR,ERR,ERR,ERR,ERR,ERR,ERR,ERR,ERR,ERR,ERR,ERR,ERR,ERR,ERR,ERR,ERR,ERR,ERR,ERR,ERR,ERR,ERR,ERR,ERR,ERR,ERR,ERR,ERR,ERR,ERR,ERR,ERR,ERR,ERR,ERR,ERR,ERR,ERR,ERR,ERR,ERR,ERR,ERR,ERR,ERR,ERR,ERR,ERR,ERR,ERR,ERR,ERR,ERR,ERR,ERR,ERR,ERR,ERR,ERR,ERR,ERR,ERR,ERR,ERR,ERR,ERR,ERR,ERR,ERR,ERR,ERR,ERR,ERR,ERR,ERR,ERR,ERR,ERR,ERR,ERR,ERR,ERR,ERR,ERR,ERR,ERR,ERR,ERR,ERR,ERR,ERR,ERR,ERR,ERR,ERR,ERR,ERR,ERR,ERR,ERR,ERR,ERR,ERR,ERR,ERR,ERR,ERR,ERR,ERR,ERR,ERR,ERR,ERR,ERR,ERR,ERR,0.0,-0.0,3.028208139652935e+23,0.0,0.0,1.3936040501711995e+18,7.805,0.0,0,0,4,0,7300,-0.0,0,0.0,0.0,0.0,0.0,0.0,0,0,0,0,0.0,0,0,0,0,0,0,0,0,0,0,0,0,0,0,0,0,0,0,0,0,0,0,0,0,0,0,0,0,0,0,0,0,0,32,30,30,62,65476,0,300,0,0,8,21553,0.0,-107605600.0,0.0,0.0,0.0,0.0,0.0,0.0,0.0,0.0,0.0,0.0,0.0,0.0,0.0,0.0,0.0,0.0,0.0,0.0,0.0,0.0,2.004,-2.004,2.004,-0.0,0.0,0.0,0.0,0.0,5494.0,-2.004,6936.0,0.0,-0.0,-0.0,2.7184296605801213e+23,0.0,0.0,0.0,0.0,63,0.0,-152017599201280.0,0.0,0.0,0.0,0.0,0.0,0.0,0.0,0,0,0,0.0,0.0,0.0,0.0,0.0,0.0,0.0,0.0,0.0,0.0,0.0,0.0,0.0,0.0,0.0,0.0,0,-107875648.0,63,0.0,126,2.7184242562605685e+23,2.842318642297501e+23,ERR,ERR,ERR,ERR,ERR,ERR,ERR,ERR,ERR,ERR,ERR,ERR,ERR,ERR,ERR,ERR,ERR,ERR,ERR,ERR,ERR,ERR,ERR,ERR,ERR,ERR,ERR,ERR,ERR,ERR,ERR,ERR,ERR,ERR,ERR,ERR,ERR,ERR,ERR,ERR,ERR,ERR,ERR,ERR,ERR,ERR,ERR,ERR,ERR,ERR,ERR,ERR,ERR,ERR,ERR,ERR,ERR,ERR,ERR,ERR,ERR,ERR,ERR,ERR,ERR,ERR,ERR,34.0,80.0,35,0.0,0.0,0.0,0.0,0.0,0.0,0.0,0.0,0.0,0.0,0.0,0.0,0.0,0.0,0.0,0.0,64.8,0,116,56,49,65476,0,300,0,0,8,20529,65476,0,0,57672,80.0,0.0,0.0,0.0,0.0,0.0
2026-06-17T04:44:41,ERR,ERR,ERR,ERR,ERR,ERR,ERR,ERR,ERR,ERR,ERR,ERR,ERR,ERR,ERR,ERR,ERR,ERR,ERR,ERR,ERR,ERR,ERR,ERR,ERR,ERR,ERR,ERR,ERR,ERR,ERR,ERR,ERR,ERR,ERR,ERR,ERR,ERR,ERR,ERR,ERR,ERR,ERR,ERR,ERR,ERR,ERR,ERR,ERR,ERR,ERR,ERR,ERR,ERR,ERR,ERR,ERR,ERR,ERR,ERR,ERR,ERR,ERR,ERR,ERR,ERR,ERR,ERR,ERR,ERR,ERR,ERR,ERR,ERR,ERR,ERR,ERR,ERR,ERR,ERR,ERR,ERR,ERR,ERR,ERR,ERR,ERR,ERR,ERR,ERR,ERR,ERR,ERR,ERR,ERR,ERR,ERR,ERR,ERR,ERR,ERR,ERR,ERR,ERR,ERR,ERR,ERR,ERR,ERR,ERR,ERR,ERR,ERR,ERR,ERR,ERR,ERR,ERR,ERR,ERR,ERR,ERR,ERR,ERR,ERR,0.0,-0.0,3.028208139652935e+23,0.0,0.0,1.3936040501711995e+18,7.805,0.0,0,0,4,0,7300,-0.0,0,0.0,0.0,0.0,0.0,0.0,0,0,0,0,0.0,0,0,0,0,0,0,0,0,0,0,0,0,0,0,0,0,0,0,0,0,0,0,0,0,0,0,0,0,0,0,0,0,0,32,30,30,62,65476,0,300,0,0,8,21553,0.0,-107605600.0,0.0,0.0,0.0,0.0,0.0,0.0,0.0,0.0,0.0,0.0,0.0,0.0,0.0,0.0,0.0,0.0,0.0,0.0,0.0,0.0,2.004,-2.004,2.004,-0.0,0.0,0.0,0.0,0.0,5494.0,-2.004,6936.0,0.0,-0.0,-0.0,2.7184296605801213e+23,0.0,0.0,0.0,0.0,63,0.0,-152017599201280.0,0.0,0.0,0.0,0.0,0.0,0.0,0.0,0,0,0,0.0,0.0,0.0,0.0,0.0,0.0,0.0,0.0,0.0,0.0,0.0,0.0,0.0,0.0,0.0,0.0,0,-107875648.0,63,0.0,126,2.7184242562605685e+23,2.842318642297501e+23,ERR,ERR,ERR,ERR,ERR,ERR,ERR,ERR,ERR,ERR,ERR,ERR,ERR,ERR,ERR,ERR,ERR,ERR,ERR,ERR,ERR,ERR,ERR,ERR,ERR,ERR,ERR,ERR,ERR,ERR,ERR,ERR,ERR,ERR,ERR,ERR,ERR,ERR,ERR,ERR,ERR,ERR,ERR,ERR,ERR,ERR,ERR,ERR,ERR,ERR,ERR,ERR,ERR,ERR,ERR,ERR,ERR,ERR,ERR,ERR,ERR,ERR,ERR,ERR,ERR,ERR,ERR,34.0,80.0,35,0.0,0.0,0.0,0.0,0.0,0.0,0.0,0.0,0.0,0.0,0.0,0.0,0.0,0.0,0.0,0.0,64.4,0,116,56,49,65476,0,300,0,0,8,20529,65476,0,0,57672,80.0,0.0,0.0,0.0,0.0,0.0
2026-06-17T04:44:42,ERR,ERR,ERR,ERR,ERR,ERR,ERR,ERR,ERR,ERR,ERR,ERR,ERR,ERR,ERR,ERR,ERR,ERR,ERR,ERR,ERR,ERR,ERR,ERR,ERR,ERR,ERR,ERR,ERR,ERR,ERR,ERR,ERR,ERR,ERR,ERR,ERR,ERR,ERR,ERR,ERR,ERR,ERR,ERR,ERR,ERR,ERR,ERR,ERR,ERR,ERR,ERR,ERR,ERR,ERR,ERR,ERR,ERR,ERR,ERR,ERR,ERR,ERR,ERR,ERR,ERR,ERR,ERR,ERR,ERR,ERR,ERR,ERR,ERR,ERR,ERR,ERR,ERR,ERR,ERR,ERR,ERR,ERR,ERR,ERR,ERR,ERR,ERR,ERR,ERR,ERR,ERR,ERR,ERR,ERR,ERR,ERR,ERR,ERR,ERR,ERR,ERR,ERR,ERR,ERR,ERR,ERR,ERR,ERR,ERR,ERR,ERR,ERR,ERR,ERR,ERR,ERR,ERR,ERR,ERR,ERR,ERR,ERR,ERR,ERR,0.0,-0.0,3.028208139652935e+23,0.0,0.0,1.3936040501711995e+18,7.805,0.0,0,0,4,0,7300,-0.0,0,0.0,0.0,0.0,0.0,0.0,0,0,0,0,0.0,0,0,0,0,0,0,0,0,0,0,0,0,0,0,0,0,0,0,0,0,0,0,0,0,0,0,0,0,0,0,0,0,0,32,30,30,62,65476,0,300,0,0,8,21553,0.0,-107605600.0,0.0,0.0,0.0,0.0,0.0,0.0,0.0,0.0,0.0,0.0,0.0,0.0,0.0,0.0,0.0,0.0,0.0,0.0,0.0,0.0,2.004,-2.004,2.004,-0.0,0.0,0.0,0.0,0.0,5494.0,-2.004,6936.0,0.0,-0.0,-0.0,2.7184296605801213e+23,0.0,0.0,0.0,0.0,63,0.0,-152017599201280.0,0.0,0.0,0.0,0.0,0.0,0.0,0.0,0,0,0,0.0,0.0,0.0,0.0,0.0,0.0,0.0,0.0,0.0,0.0,0.0,0.0,0.0,0.0,0.0,0.0,0,-107875648.0,63,0.0,126,2.7184242562605685e+23,2.842318642297501e+23,ERR,ERR,ERR,ERR,ERR,ERR,ERR,ERR,ERR,ERR,ERR,ERR,ERR,ERR,ERR,ERR,ERR,ERR,ERR,ERR,ERR,ERR,ERR,ERR,ERR,ERR,ERR,ERR,ERR,ERR,ERR,ERR,ERR,ERR,ERR,ERR,ERR,ERR,ERR,ERR,ERR,ERR,ERR,ERR,ERR,ERR,ERR,ERR,ERR,ERR,ERR,ERR,ERR,ERR,ERR,ERR,ERR,ERR,ERR,ERR,ERR,ERR,ERR,ERR,ERR,ERR,ERR,34.0,80.0,35,0.0,0.0,0.0,0.0,0.0,0.0,0.0,0.0,0.0,0.0,0.0,0.0,0.0,0.0,0.0,0.0,64.4,0,116,56,49,65476,0,300,0,0,8,20529,65476,0,0,57672,80.0,0.0,0.0,0.0,0.0,0.0
2026-06-17T04:44:43,ERR,ERR,ERR,ERR,ERR,ERR,ERR,ERR,ERR,ERR,ERR,ERR,ERR,ERR,ERR,ERR,ERR,ERR,ERR,ERR,ERR,ERR,ERR,ERR,ERR,ERR,ERR,ERR,ERR,ERR,ERR,ERR,ERR,ERR,ERR,ERR,ERR,ERR,ERR,ERR,ERR,ERR,ERR,ERR,ERR,ERR,ERR,ERR,ERR,ERR,ERR,ERR,ERR,ERR,ERR,ERR,ERR,ERR,ERR,ERR,ERR,ERR,ERR,ERR,ERR,ERR,ERR,ERR,ERR,ERR,ERR,ERR,ERR,ERR,ERR,ERR,ERR,ERR,ERR,ERR,ERR,ERR,ERR,ERR,ERR,ERR,ERR,ERR,ERR,ERR,ERR,ERR,ERR,ERR,ERR,ERR,ERR,ERR,ERR,ERR,ERR,ERR,ERR,ERR,ERR,ERR,ERR,ERR,ERR,ERR,ERR,ERR,ERR,ERR,ERR,ERR,ERR,ERR,ERR,ERR,ERR,ERR,ERR,ERR,ERR,0.0,-0.0,3.028208139652935e+23,0.0,0.0,1.3936040501711995e+18,7.805,0.0,0,0,4,0,7300,-0.0,0,0.0,0.0,0.0,0.0,0.0,0,0,0,0,0.0,0,0,0,0,0,0,0,0,0,0,0,0,0,0,0,0,0,0,0,0,0,0,0,0,0,0,0,0,0,0,0,0,0,32,30,30,62,65476,0,300,0,0,8,21553,0.0,-107605600.0,0.0,0.0,0.0,0.0,0.0,0.0,0.0,0.0,0.0,0.0,0.0,0.0,0.0,0.0,0.0,0.0,0.0,0.0,0.0,0.0,2.004,-2.004,2.004,-0.0,0.0,0.0,0.0,0.0,5494.0,-2.004,6936.0,0.0,-0.0,-0.0,2.7184296605801213e+23,0.0,0.0,0.0,0.0,63,0.0,-152017599201280.0,0.0,0.0,0.0,0.0,0.0,0.0,0.0,0,0,0,0.0,0.0,0.0,0.0,0.0,0.0,0.0,0.0,0.0,0.0,0.0,0.0,0.0,0.0,0.0,0.0,0,-107875648.0,63,0.0,126,2.7184242562605685e+23,2.842318642297501e+23,ERR,ERR,ERR,ERR,ERR,ERR,ERR,ERR,ERR,ERR,ERR,ERR,ERR,ERR,ERR,ERR,ERR,ERR,ERR,ERR,ERR,ERR,ERR,ERR,ERR,ERR,ERR,ERR,ERR,ERR,ERR,ERR,ERR,ERR,ERR,ERR,ERR,ERR,ERR,ERR,ERR,ERR,ERR,ERR,ERR,ERR,ERR,ERR,ERR,ERR,ERR,ERR,ERR,ERR,ERR,ERR,ERR,ERR,ERR,ERR,ERR,ERR,ERR,ERR,ERR,ERR,ERR,34.0,80.0,35,0.0,0.0,0.0,0.0,0.0,0.0,0.0,0.0,0.0,0.0,0.0,0.0,0.0,0.0,0.0,0.0,64.8,0,116,56,49,65476,0,300,0,0,8,20529,65476,0,0,57672,80.0,0.0,0.0,0.0,0.0,0.0
2026-06-17T04:44:44,ERR,ERR,ERR,ERR,ERR,ERR,ERR,ERR,ERR,ERR,ERR,ERR,ERR,ERR,ERR,ERR,ERR,ERR,ERR,ERR,ERR,ERR,ERR,ERR,ERR,ERR,ERR,ERR,ERR,ERR,ERR,ERR,ERR,ERR,ERR,ERR,ERR,ERR,ERR,ERR,ERR,ERR,ERR,ERR,ERR,ERR,ERR,ERR,ERR,ERR,ERR,ERR,ERR,ERR,ERR,ERR,ERR,ERR,ERR,ERR,ERR,ERR,ERR,ERR,ERR,ERR,ERR,ERR,ERR,ERR,ERR,ERR,ERR,ERR,ERR,ERR,ERR,ERR,ERR,ERR,ERR,ERR,ERR,ERR,ERR,ERR,ERR,ERR,ERR,ERR,ERR,ERR,ERR,ERR,ERR,ERR,ERR,ERR,ERR,ERR,ERR,ERR,ERR,ERR,ERR,ERR,ERR,ERR,ERR,ERR,ERR,ERR,ERR,ERR,ERR,ERR,ERR,ERR,ERR,ERR,ERR,ERR,ERR,ERR,ERR,0.0,-0.0,3.028208139652935e+23,0.0,0.0,1.3936040501711995e+18,7.805,0.0,0,0,4,0,7300,-0.0,0,0.0,0.0,0.0,0.0,0.0,0,0,0,0,0.0,0,0,0,0,0,0,0,0,0,0,0,0,0,0,0,0,0,0,0,0,0,0,0,0,0,0,0,0,0,0,0,0,0,32,30,30,62,65476,0,300,0,0,8,21553,0.0,-107605600.0,0.0,0.0,0.0,0.0,0.0,0.0,0.0,0.0,0.0,0.0,0.0,0.0,0.0,0.0,0.0,0.0,0.0,0.0,0.0,0.0,2.004,-2.004,2.004,-0.0,0.0,0.0,0.0,0.0,5494.0,-2.004,6936.0,0.0,-0.0,-0.0,2.7184296605801213e+23,0.0,0.0,0.0,0.0,63,0.0,-152017599201280.0,0.0,0.0,0.0,0.0,0.0,0.0,0.0,0,0,0,0.0,0.0,0.0,0.0,0.0,0.0,0.0,0.0,0.0,0.0,0.0,0.0,0.0,0.0,0.0,0.0,0,-107875648.0,63,0.0,126,2.7184242562605685e+23,2.842318642297501e+23,ERR,ERR,ERR,ERR,ERR,ERR,ERR,ERR,ERR,ERR,ERR,ERR,ERR,ERR,ERR,ERR,ERR,ERR,ERR,ERR,ERR,ERR,ERR,ERR,ERR,ERR,ERR,ERR,ERR,ERR,ERR,ERR,ERR,ERR,ERR,ERR,ERR,ERR,ERR,ERR,ERR,ERR,ERR,ERR,ERR,ERR,ERR,ERR,ERR,ERR,ERR,ERR,ERR,ERR,ERR,ERR,ERR,ERR,ERR,ERR,ERR,ERR,ERR,ERR,ERR,ERR,ERR,34.0,80.0,35,0.0,0.0,0.0,0.0,0.0,0.0,0.0,0.0,0.0,0.0,0.0,0.0,0.0,0.0,0.0,0.0,64.8,0,116,56,49,65476,0,300,0,0,8,20529,65476,0,0,57672,80.0,0.0,0.0,0.0,0.0,0.0
2026-06-17T04:44:45,ERR,ERR,ERR,ERR,ERR,ERR,ERR,ERR,ERR,ERR,ERR,ERR,ERR,ERR,ERR,ERR,ERR,ERR,ERR,ERR,ERR,ERR,ERR,ERR,ERR,ERR,ERR,ERR,ERR,ERR,ERR,ERR,ERR,ERR,ERR,ERR,ERR,ERR,ERR,ERR,ERR,ERR,ERR,ERR,ERR,ERR,ERR,ERR,ERR,ERR,ERR,ERR,ERR,ERR,ERR,ERR,ERR,ERR,ERR,ERR,ERR,ERR,ERR,ERR,ERR,ERR,ERR,ERR,ERR,ERR,ERR,ERR,ERR,ERR,ERR,ERR,ERR,ERR,ERR,ERR,ERR,ERR,ERR,ERR,ERR,ERR,ERR,ERR,ERR,ERR,ERR,ERR,ERR,ERR,ERR,ERR,ERR,ERR,ERR,ERR,ERR,ERR,ERR,ERR,ERR,ERR,ERR,ERR,ERR,ERR,ERR,ERR,ERR,ERR,ERR,ERR,ERR,ERR,ERR,ERR,ERR,ERR,ERR,ERR,ERR,0.0,-0.0,3.028208139652935e+23,0.0,0.0,1.3936040501711995e+18,7.805,0.0,0,0,4,0,7300,-0.0,0,0.0,0.0,0.0,0.0,0.0,0,0,0,0,0.0,0,0,0,0,0,0,0,0,0,0,0,0,0,0,0,0,0,0,0,0,0,0,0,0,0,0,0,0,0,0,0,0,0,32,30,30,62,65476,0,300,0,0,8,21553,0.0,-107605600.0,0.0,0.0,0.0,0.0,0.0,0.0,0.0,0.0,0.0,0.0,0.0,0.0,0.0,0.0,0.0,0.0,0.0,0.0,0.0,0.0,2.004,-2.004,2.004,-0.0,0.0,0.0,0.0,0.0,5494.0,-2.004,6936.0,0.0,-0.0,-0.0,2.7184296605801213e+23,0.0,0.0,0.0,0.0,63,0.0,-152017599201280.0,0.0,0.0,0.0,0.0,0.0,0.0,0.0,0,0,0,0.0,0.0,0.0,0.0,0.0,0.0,0.0,0.0,0.0,0.0,0.0,0.0,0.0,0.0,0.0,0.0,0,-107875648.0,63,0.0,126,2.7184242562605685e+23,2.842318642297501e+23,ERR,ERR,ERR,ERR,ERR,ERR,ERR,ERR,ERR,ERR,ERR,ERR,ERR,ERR,ERR,ERR,ERR,ERR,ERR,ERR,ERR,ERR,ERR,ERR,ERR,ERR,ERR,ERR,ERR,ERR,ERR,ERR,ERR,ERR,ERR,ERR,ERR,ERR,ERR,ERR,ERR,ERR,ERR,ERR,ERR,ERR,ERR,ERR,ERR,ERR,ERR,ERR,ERR,ERR,ERR,ERR,ERR,ERR,ERR,ERR,ERR,ERR,ERR,ERR,ERR,ERR,ERR,34.0,80.0,35,0.0,0.0,0.0,0.0,0.0,0.0,0.0,0.0,0.0,0.0,0.0,0.0,0.0,0.0,0.0,0.0,64.8,0,116,56,49,65476,0,300,0,0,8,20529,65476,0,0,57672,80.0,0.0,0.0,0.0,0.0,0.0
2026-06-17T04:44:46,ERR,ERR,ERR,ERR,ERR,ERR,ERR,ERR,ERR,ERR,ERR,ERR,ERR,ERR,ERR,ERR,ERR,ERR,ERR,ERR,ERR,ERR,ERR,ERR,ERR,ERR,ERR,ERR,ERR,ERR,ERR,ERR,ERR,ERR,ERR,ERR,ERR,ERR,ERR,ERR,ERR,ERR,ERR,ERR,ERR,ERR,ERR,ERR,ERR,ERR,ERR,ERR,ERR,ERR,ERR,ERR,ERR,ERR,ERR,ERR,ERR,ERR,ERR,ERR,ERR,ERR,ERR,ERR,ERR,ERR,ERR,ERR,ERR,ERR,ERR,ERR,ERR,ERR,ERR,ERR,ERR,ERR,ERR,ERR,ERR,ERR,ERR,ERR,ERR,ERR,ERR,ERR,ERR,ERR,ERR,ERR,ERR,ERR,ERR,ERR,ERR,ERR,ERR,ERR,ERR,ERR,ERR,ERR,ERR,ERR,ERR,ERR,ERR,ERR,ERR,ERR,ERR,ERR,ERR,ERR,ERR,ERR,ERR,ERR,ERR,0.0,-0.0,-0.0,0.0,0.0,1.3936040501711995e+18,7.805,0.0,0,0,4,0,7300,-0.0,0,0.0,0.0,0.0,0.0,0.0,0,0,0,0,0.0,0,0,0,0,0,0,0,0,0,0,0,0,0,0,0,0,0,0,0,0,0,0,0,0,0,0,0,0,0,0,0,0,0,32,30,30,62,65476,0,300,0,0,8,21553,0.0,-107605600.0,0.0,0.0,0.0,0.0,0.0,0.0,0.0,0.0,0.0,0.0,0.0,0.0,0.0,0.0,0.0,0.0,0.0,0.0,0.0,0.0,2.004,-2.004,2.004,-0.0,0.0,0.0,0.0,0.0,5494.0,-0.0,6932.0,0.0,-0.0,-107615280.0,2.7184296605801213e+23,0.0,0.0,0.0,0.0,63,0.0,-0.0,0.0,0.0,0.0,0.0,0.0,0.0,0.0,0,0,0,0.0,0.0,0.0,0.0,0.0,0.0,0.0,0.0,0.0,0.0,0.0,0.0,0.0,0.0,0.0,0.0,0,-107875648.0,63,0.0,126,2.7184242562605685e+23,2.842318642297501e+23,ERR,ERR,ERR,ERR,ERR,ERR,ERR,ERR,ERR,ERR,ERR,ERR,ERR,ERR,ERR,ERR,ERR,ERR,ERR,ERR,ERR,ERR,ERR,ERR,ERR,ERR,ERR,ERR,ERR,ERR,ERR,ERR,ERR,ERR,ERR,ERR,ERR,ERR,ERR,ERR,ERR,ERR,ERR,ERR,ERR,ERR,ERR,ERR,ERR,ERR,ERR,ERR,ERR,ERR,ERR,ERR,ERR,ERR,ERR,ERR,ERR,ERR,ERR,ERR,ERR,ERR,ERR,34.0,80.0,35,0.0,0.0,0.0,0.0,0.0,0.0,0.0,0.0,0.0,0.0,0.0,0.0,0.0,0.0,0.0,0.0,64.8,0,116,56,49,65476,0,300,0,0,8,20529,65476,0,0,57672,80.0,0.0,0.0,0.0,0.0,0.0
2026-06-17T04:44:47,ERR,ERR,ERR,ERR,ERR,ERR,ERR,ERR,ERR,ERR,ERR,ERR,ERR,ERR,ERR,ERR,ERR,ERR,ERR,ERR,ERR,ERR,ERR,ERR,ERR,ERR,ERR,ERR,ERR,ERR,ERR,ERR,ERR,ERR,ERR,ERR,ERR,ERR,ERR,ERR,ERR,ERR,ERR,ERR,ERR,ERR,ERR,ERR,ERR,ERR,ERR,ERR,ERR,ERR,ERR,ERR,ERR,ERR,ERR,ERR,ERR,ERR,ERR,ERR,ERR,ERR,ERR,ERR,ERR,ERR,ERR,ERR,ERR,ERR,ERR,ERR,ERR,ERR,ERR,ERR,ERR,ERR,ERR,ERR,ERR,ERR,ERR,ERR,ERR,ERR,ERR,ERR,ERR,ERR,ERR,ERR,ERR,ERR,ERR,ERR,ERR,ERR,ERR,ERR,ERR,ERR,ERR,ERR,ERR,ERR,ERR,ERR,ERR,ERR,ERR,ERR,ERR,ERR,ERR,ERR,ERR,ERR,ERR,ERR,ERR,0.0,-0.0,-0.0,0.0,0.0,1.3936040501711995e+18,7.805,0.0,0,0,4,0,7300,-0.0,0,0.0,0.0,0.0,0.0,0.0,0,0,0,0,0.0,0,0,0,0,0,0,0,0,0,0,0,0,0,0,0,0,0,0,0,0,0,0,0,0,0,0,0,0,0,0,0,0,0,32,30,30,62,65476,0,300,0,0,8,21553,0.0,-107605600.0,0.0,0.0,0.0,0.0,0.0,0.0,0.0,0.0,0.0,0.0,0.0,0.0,0.0,0.0,0.0,0.0,0.0,0.0,0.0,0.0,2.004,-2.004,2.004,-0.0,0.0,0.0,0.0,0.0,5494.0,-0.0,6932.0,0.0,-0.0,-107615280.0,2.7184296605801213e+23,0.0,0.0,0.0,0.0,63,0.0,-0.0,0.0,0.0,0.0,0.0,0.0,0.0,0.0,0,0,0,0.0,0.0,0.0,0.0,0.0,0.0,0.0,0.0,0.0,0.0,0.0,0.0,0.0,0.0,0.0,0.0,0,-107875648.0,63,0.0,126,2.7184242562605685e+23,2.842318642297501e+23,ERR,ERR,ERR,ERR,ERR,ERR,ERR,ERR,ERR,ERR,ERR,ERR,ERR,ERR,ERR,ERR,ERR,ERR,ERR,ERR,ERR,ERR,ERR,ERR,ERR,ERR,ERR,ERR,ERR,ERR,ERR,ERR,ERR,ERR,ERR,ERR,ERR,ERR,ERR,ERR,ERR,ERR,ERR,ERR,ERR,ERR,ERR,ERR,ERR,ERR,ERR,ERR,ERR,ERR,ERR,ERR,ERR,ERR,ERR,ERR,ERR,ERR,ERR,ERR,ERR,ERR,ERR,34.0,80.0,35,0.0,0.0,0.0,0.0,0.0,0.0,0.0,0.0,0.0,0.0,0.0,0.0,0.0,0.0,0.0,0.0,64.4,0,116,56,49,65476,0,300,0,0,8,20529,65476,0,0,57672,80.0,0.0,0.0,0.0,0.0,0.0
2026-06-17T04:44:48,ERR,ERR,ERR,ERR,ERR,ERR,ERR,ERR,ERR,ERR,ERR,ERR,ERR,ERR,ERR,ERR,ERR,ERR,ERR,ERR,ERR,ERR,ERR,ERR,ERR,ERR,ERR,ERR,ERR,ERR,ERR,ERR,ERR,ERR,ERR,ERR,ERR,ERR,ERR,ERR,ERR,ERR,ERR,ERR,ERR,ERR,ERR,ERR,ERR,ERR,ERR,ERR,ERR,ERR,ERR,ERR,ERR,ERR,ERR,ERR,ERR,ERR,ERR,ERR,ERR,ERR,ERR,ERR,ERR,ERR,ERR,ERR,ERR,ERR,ERR,ERR,ERR,ERR,ERR,ERR,ERR,ERR,ERR,ERR,ERR,ERR,ERR,ERR,ERR,ERR,ERR,ERR,ERR,ERR,ERR,ERR,ERR,ERR,ERR,ERR,ERR,ERR,ERR,ERR,ERR,ERR,ERR,ERR,ERR,ERR,ERR,ERR,ERR,ERR,ERR,ERR,ERR,ERR,ERR,ERR,ERR,ERR,ERR,ERR,ERR,0.0,-0.0,-0.0,0.0,0.0,1.3936040501711995e+18,7.805,0.0,0,0,4,0,7300,-0.0,0,0.0,0.0,0.0,0.0,0.0,0,0,0,0,0.0,0,0,0,0,0,0,0,0,0,0,0,0,0,0,0,0,0,0,0,0,0,0,0,0,0,0,0,0,0,0,0,0,0,32,30,30,62,65476,0,300,0,0,8,21553,0.0,-107605600.0,0.0,0.0,0.0,0.0,0.0,0.0,0.0,0.0,0.0,0.0,0.0,0.0,0.0,0.0,0.0,0.0,0.0,0.0,0.0,0.0,2.004,-2.004,2.004,-0.0,0.0,0.0,0.0,0.0,5494.0,-0.0,6932.0,0.0,-0.0,-107615280.0,2.7184296605801213e+23,0.0,0.0,0.0,0.0,63,0.0,-0.0,0.0,0.0,0.0,0.0,0.0,0.0,0.0,0,0,0,0.0,0.0,0.0,0.0,0.0,0.0,0.0,0.0,0.0,0.0,0.0,0.0,0.0,0.0,0.0,0.0,0,-107875648.0,63,0.0,126,2.7184242562605685e+23,2.842318642297501e+23,ERR,ERR,ERR,ERR,ERR,ERR,ERR,ERR,ERR,ERR,ERR,ERR,ERR,ERR,ERR,ERR,ERR,ERR,ERR,ERR,ERR,ERR,ERR,ERR,ERR,ERR,ERR,ERR,ERR,ERR,ERR,ERR,ERR,ERR,ERR,ERR,ERR,ERR,ERR,ERR,ERR,ERR,ERR,ERR,ERR,ERR,ERR,ERR,ERR,ERR,ERR,ERR,ERR,ERR,ERR,ERR,ERR,ERR,ERR,ERR,ERR,ERR,ERR,ERR,ERR,ERR,ERR,34.0,80.0,35,0.0,0.0,0.0,0.0,0.0,0.0,0.0,0.0,0.0,0.0,0.0,0.0,0.0,0.0,0.0,0.0,64.4,0,116,56,49,65476,0,300,0,0,8,20529,65476,0,0,57672,80.0,0.0,0.0,0.0,0.0,0.0
2026-06-17T04:44:49,ERR,ERR,ERR,ERR,ERR,ERR,ERR,ERR,ERR,ERR,ERR,ERR,ERR,ERR,ERR,ERR,ERR,ERR,ERR,ERR,ERR,ERR,ERR,ERR,ERR,ERR,ERR,ERR,ERR,ERR,ERR,ERR,ERR,ERR,ERR,ERR,ERR,ERR,ERR,ERR,ERR,ERR,ERR,ERR,ERR,ERR,ERR,ERR,ERR,ERR,ERR,ERR,ERR,ERR,ERR,ERR,ERR,ERR,ERR,ERR,ERR,ERR,ERR,ERR,ERR,ERR,ERR,ERR,ERR,ERR,ERR,ERR,ERR,ERR,ERR,ERR,ERR,ERR,ERR,ERR,ERR,ERR,ERR,ERR,ERR,ERR,ERR,ERR,ERR,ERR,ERR,ERR,ERR,ERR,ERR,ERR,ERR,ERR,ERR,ERR,ERR,ERR,ERR,ERR,ERR,ERR,ERR,ERR,ERR,ERR,ERR,ERR,ERR,ERR,ERR,ERR,ERR,ERR,ERR,ERR,ERR,ERR,ERR,ERR,ERR,0.0,-0.0,-0.0,0.0,0.0,1.3936040501711995e+18,7.805,0.0,0,0,4,0,7300,-0.0,0,0.0,0.0,0.0,0.0,0.0,0,0,0,0,0.0,0,0,0,0,0,0,0,0,0,0,0,0,0,0,0,0,0,0,0,0,0,0,0,0,0,0,0,0,0,0,0,0,0,32,30,30,62,65476,0,300,0,0,8,21553,0.0,-107605600.0,0.0,0.0,0.0,0.0,0.0,0.0,0.0,0.0,0.0,0.0,0.0,0.0,0.0,0.0,0.0,0.0,0.0,0.0,0.0,0.0,2.004,-2.004,2.004,-0.0,0.0,0.0,0.0,0.0,5494.0,-0.0,6932.0,0.0,-0.0,-107615280.0,2.7184296605801213e+23,0.0,0.0,0.0,0.0,63,0.0,-0.0,0.0,0.0,0.0,0.0,0.0,0.0,0.0,0,0,0,0.0,0.0,0.0,0.0,0.0,0.0,0.0,0.0,0.0,0.0,0.0,0.0,0.0,0.0,0.0,0.0,0,-107875648.0,63,0.0,126,2.7184242562605685e+23,2.842318642297501e+23,ERR,ERR,ERR,ERR,ERR,ERR,ERR,ERR,ERR,ERR,ERR,ERR,ERR,ERR,ERR,ERR,ERR,ERR,ERR,ERR,ERR,ERR,ERR,ERR,ERR,ERR,ERR,ERR,ERR,ERR,ERR,ERR,ERR,ERR,ERR,ERR,ERR,ERR,ERR,ERR,ERR,ERR,ERR,ERR,ERR,ERR,ERR,ERR,ERR,ERR,ERR,ERR,ERR,ERR,ERR,ERR,ERR,ERR,ERR,ERR,ERR,ERR,ERR,ERR,ERR,ERR,ERR,34.0,80.0,35,0.0,0.0,0.0,0.0,0.0,0.0,0.0,0.0,0.0,0.0,0.0,0.0,0.0,0.0,0.0,0.0,64.4,0,116,56,49,65476,0,300,0,0,8,20529,65476,0,0,57672,80.0,0.0,0.0,0.0,0.0,0.0
2026-06-17T04:44:50,ERR,ERR,ERR,ERR,ERR,ERR,ERR,ERR,ERR,ERR,ERR,ERR,ERR,ERR,ERR,ERR,ERR,ERR,ERR,ERR,ERR,ERR,ERR,ERR,ERR,ERR,ERR,ERR,ERR,ERR,ERR,ERR,ERR,ERR,ERR,ERR,ERR,ERR,ERR,ERR,ERR,ERR,ERR,ERR,ERR,ERR,ERR,ERR,ERR,ERR,ERR,ERR,ERR,ERR,ERR,ERR,ERR,ERR,ERR,ERR,ERR,ERR,ERR,ERR,ERR,ERR,ERR,ERR,ERR,ERR,ERR,ERR,ERR,ERR,ERR,ERR,ERR,ERR,ERR,ERR,ERR,ERR,ERR,ERR,ERR,ERR,ERR,ERR,ERR,ERR,ERR,ERR,ERR,ERR,ERR,ERR,ERR,ERR,ERR,ERR,ERR,ERR,ERR,ERR,ERR,ERR,ERR,ERR,ERR,ERR,ERR,ERR,ERR,ERR,ERR,ERR,ERR,ERR,ERR,ERR,ERR,ERR,ERR,ERR,ERR,0.0,-0.0,-0.0,0.0,0.0,1.3936040501711995e+18,7.805,0.0,0,0,4,0,7300,-0.0,0,0.0,0.0,0.0,0.0,0.0,0,0,0,0,0.0,0,0,0,0,0,0,0,0,0,0,0,0,0,0,0,0,0,0,0,0,0,0,0,0,0,0,0,0,0,0,0,0,0,32,30,30,62,65476,0,300,0,0,8,21553,0.0,-107605600.0,0.0,0.0,0.0,0.0,0.0,0.0,0.0,0.0,0.0,0.0,0.0,0.0,0.0,0.0,0.0,0.0,0.0,0.0,0.0,0.0,2.004,-2.004,2.004,-0.0,0.0,0.0,0.0,0.0,5494.0,-0.0,6932.0,0.0,-0.0,-107615280.0,2.7184296605801213e+23,0.0,0.0,0.0,0.0,63,0.0,-0.0,0.0,0.0,0.0,0.0,0.0,0.0,0.0,0,0,0,0.0,0.0,0.0,0.0,0.0,0.0,0.0,0.0,0.0,0.0,0.0,0.0,0.0,0.0,0.0,0.0,0,-107875648.0,63,0.0,126,2.7184242562605685e+23,2.842318642297501e+23,ERR,ERR,ERR,ERR,ERR,ERR,ERR,ERR,ERR,ERR,ERR,ERR,ERR,ERR,ERR,ERR,ERR,ERR,ERR,ERR,ERR,ERR,ERR,ERR,ERR,ERR,ERR,ERR,ERR,ERR,ERR,ERR,ERR,ERR,ERR,ERR,ERR,ERR,ERR,ERR,ERR,ERR,ERR,ERR,ERR,ERR,ERR,ERR,ERR,ERR,ERR,ERR,ERR,ERR,ERR,ERR,ERR,ERR,ERR,ERR,ERR,ERR,ERR,ERR,ERR,ERR,ERR,34.0,80.0,35,0.0,0.0,0.0,0.0,0.0,0.0,0.0,0.0,0.0,0.0,0.0,0.0,0.0,0.0,0.0,0.0,64.4,0,116,56,49,65476,0,300,0,0,8,20529,65476,0,0,57672,80.0,0.0,0.0,0.0,0.0,0.0
2026-06-17T04:44:51,ERR,ERR,ERR,ERR,ERR,ERR,ERR,ERR,ERR,ERR,ERR,ERR,ERR,ERR,ERR,ERR,ERR,ERR,ERR,ERR,ERR,ERR,ERR,ERR,ERR,ERR,ERR,ERR,ERR,ERR,ERR,ERR,ERR,ERR,ERR,ERR,ERR,ERR,ERR,ERR,ERR,ERR,ERR,ERR,ERR,ERR,ERR,ERR,ERR,ERR,ERR,ERR,ERR,ERR,ERR,ERR,ERR,ERR,ERR,ERR,ERR,ERR,ERR,ERR,ERR,ERR,ERR,ERR,ERR,ERR,ERR,ERR,ERR,ERR,ERR,ERR,ERR,ERR,ERR,ERR,ERR,ERR,ERR,ERR,ERR,ERR,ERR,ERR,ERR,ERR,ERR,ERR,ERR,ERR,ERR,ERR,ERR,ERR,ERR,ERR,ERR,ERR,ERR,ERR,ERR,ERR,ERR,ERR,ERR,ERR,ERR,ERR,ERR,ERR,ERR,ERR,ERR,ERR,ERR,ERR,ERR,ERR,ERR,ERR,ERR,0.0,-0.0,3.028208139652935e+23,0.0,0.0,1.3936040501711995e+18,7.805,0.0,0,0,4,0,7300,-0.0,0,0.0,0.0,0.0,0.0,0.0,0,0,0,0,0.0,0,0,0,0,0,0,0,0,0,0,0,0,0,0,0,0,0,0,0,0,0,0,0,0,0,0,0,0,0,0,0,0,0,32,30,30,62,65476,0,300,0,0,8,21553,0.0,-107605600.0,0.0,0.0,0.0,0.0,0.0,0.0,0.0,0.0,0.0,0.0,0.0,0.0,0.0,0.0,0.0,0.0,0.0,0.0,0.0,0.0,2.004,-2.004,2.004,-0.0,0.0,0.0,0.0,0.0,5488.0,-8608197632.0,6938.0,0.0,-0.0,-0.0,2.7184296605801213e+23,0.0,0.0,0.0,0.0,63,-3.2220267480110635e+26,-3.222009777006516e+26,0.0,0.0,0.0,0.0,0.0,0.0,0.0,0,0,0,0.0,0.0,0.0,0.0,0.0,0.0,0.0,0.0,0.0,0.0,0.0,0.0,0.0,0.0,0.0,0.0,0,-107875648.0,63,0.0,126,2.7184242562605685e+23,2.842318642297501e+23,ERR,ERR,ERR,ERR,ERR,ERR,ERR,ERR,ERR,ERR,ERR,ERR,ERR,ERR,ERR,ERR,ERR,ERR,ERR,ERR,ERR,ERR,ERR,ERR,ERR,ERR,ERR,ERR,ERR,ERR,ERR,ERR,ERR,ERR,ERR,ERR,ERR,ERR,ERR,ERR,ERR,ERR,ERR,ERR,ERR,ERR,ERR,ERR,ERR,ERR,ERR,ERR,ERR,ERR,ERR,ERR,ERR,ERR,ERR,ERR,ERR,ERR,ERR,ERR,ERR,ERR,ERR,34.0,80.0,35,0.0,0.0,0.0,0.0,0.0,0.0,0.0,0.0,0.0,0.0,0.0,0.0,0.0,0.0,0.0,0.0,64.4,0,116,56,49,65476,0,300,0,0,8,20529,65476,0,0,57672,80.0,0.0,0.0,0.0,0.0,0.0
2026-06-17T04:44:52,ERR,ERR,ERR,ERR,ERR,ERR,ERR,ERR,ERR,ERR,ERR,ERR,ERR,ERR,ERR,ERR,ERR,ERR,ERR,ERR,ERR,ERR,ERR,ERR,ERR,ERR,ERR,ERR,ERR,ERR,ERR,ERR,ERR,ERR,ERR,ERR,ERR,ERR,ERR,ERR,ERR,ERR,ERR,ERR,ERR,ERR,ERR,ERR,ERR,ERR,ERR,ERR,ERR,ERR,ERR,ERR,ERR,ERR,ERR,ERR,ERR,ERR,ERR,ERR,ERR,ERR,ERR,ERR,ERR,ERR,ERR,ERR,ERR,ERR,ERR,ERR,ERR,ERR,ERR,ERR,ERR,ERR,ERR,ERR,ERR,ERR,ERR,ERR,ERR,ERR,ERR,ERR,ERR,ERR,ERR,ERR,ERR,ERR,ERR,ERR,ERR,ERR,ERR,ERR,ERR,ERR,ERR,ERR,ERR,ERR,ERR,ERR,ERR,ERR,ERR,ERR,ERR,ERR,ERR,ERR,ERR,ERR,ERR,ERR,ERR,0.0,-0.0,3.028208139652935e+23,0.0,0.0,1.3936040501711995e+18,7.805,0.0,0,0,4,0,7300,-0.0,0,0.0,0.0,0.0,0.0,0.0,0,0,0,0,0.0,0,0,0,0,0,0,0,0,0,0,0,0,0,0,0,0,0,0,0,0,0,0,0,0,0,0,0,0,0,0,0,0,0,32,30,30,62,65476,0,300,0,0,8,21553,0.0,-107605600.0,0.0,0.0,0.0,0.0,0.0,0.0,0.0,0.0,0.0,0.0,0.0,0.0,0.0,0.0,0.0,0.0,0.0,0.0,0.0,0.0,2.004,-2.004,2.004,-0.0,0.0,0.0,0.0,0.0,5488.0,-8608197632.0,6938.0,0.0,-0.0,-0.0,2.7184296605801213e+23,0.0,0.0,0.0,0.0,63,-3.2220267480110635e+26,-3.222009777006516e+26,0.0,0.0,0.0,0.0,0.0,0.0,0.0,0,0,0,0.0,0.0,0.0,0.0,0.0,0.0,0.0,0.0,0.0,0.0,0.0,0.0,0.0,0.0,0.0,0.0,0,-107875648.0,63,0.0,126,2.7184242562605685e+23,2.842318642297501e+23,ERR,ERR,ERR,ERR,ERR,ERR,ERR,ERR,ERR,ERR,ERR,ERR,ERR,ERR,ERR,ERR,ERR,ERR,ERR,ERR,ERR,ERR,ERR,ERR,ERR,ERR,ERR,ERR,ERR,ERR,ERR,ERR,ERR,ERR,ERR,ERR,ERR,ERR,ERR,ERR,ERR,ERR,ERR,ERR,ERR,ERR,ERR,ERR,ERR,ERR,ERR,ERR,ERR,ERR,ERR,ERR,ERR,ERR,ERR,ERR,ERR,ERR,ERR,ERR,ERR,ERR,ERR,34.0,80.0,35,0.0,0.0,0.0,0.0,0.0,0.0,0.0,0.0,0.0,0.0,0.0,0.0,0.0,0.0,0.0,0.0,64.4,0,116,56,49,65476,0,300,0,0,8,20529,65476,0,0,57672,80.0,0.0,0.0,0.0,0.0,0.0
2026-06-17T04:44:53,ERR,ERR,ERR,ERR,ERR,ERR,ERR,ERR,ERR,ERR,ERR,ERR,ERR,ERR,ERR,ERR,ERR,ERR,ERR,ERR,ERR,ERR,ERR,ERR,ERR,ERR,ERR,ERR,ERR,ERR,ERR,ERR,ERR,ERR,ERR,ERR,ERR,ERR,ERR,ERR,ERR,ERR,ERR,ERR,ERR,ERR,ERR,ERR,ERR,ERR,ERR,ERR,ERR,ERR,ERR,ERR,ERR,ERR,ERR,ERR,ERR,ERR,ERR,ERR,ERR,ERR,ERR,ERR,ERR,ERR,ERR,ERR,ERR,ERR,ERR,ERR,ERR,ERR,ERR,ERR,ERR,ERR,ERR,ERR,ERR,ERR,ERR,ERR,ERR,ERR,ERR,ERR,ERR,ERR,ERR,ERR,ERR,ERR,ERR,ERR,ERR,ERR,ERR,ERR,ERR,ERR,ERR,ERR,ERR,ERR,ERR,ERR,ERR,ERR,ERR,ERR,ERR,ERR,ERR,ERR,ERR,ERR,ERR,ERR,ERR,0.0,-0.0,3.028208139652935e+23,0.0,0.0,1.3936040501711995e+18,7.805,0.0,0,0,4,0,7300,-0.0,0,0.0,0.0,0.0,0.0,0.0,0,0,0,0,0.0,0,0,0,0,0,0,0,0,0,0,0,0,0,0,0,0,0,0,0,0,0,0,0,0,0,0,0,0,0,0,0,0,0,32,30,30,62,65476,0,300,0,0,8,21553,0.0,-107605600.0,0.0,0.0,0.0,0.0,0.0,0.0,0.0,0.0,0.0,0.0,0.0,0.0,0.0,0.0,0.0,0.0,0.0,0.0,0.0,0.0,2.004,-2.004,2.004,-0.0,0.0,0.0,0.0,0.0,5488.0,-8608197632.0,6938.0,0.0,-0.0,-0.0,2.7184296605801213e+23,0.0,0.0,0.0,0.0,63,-3.2220267480110635e+26,-3.222009777006516e+26,0.0,0.0,0.0,0.0,0.0,0.0,0.0,0,0,0,0.0,0.0,0.0,0.0,0.0,0.0,0.0,0.0,0.0,0.0,0.0,0.0,0.0,0.0,0.0,0.0,0,-107875648.0,63,0.0,126,2.7184242562605685e+23,2.842318642297501e+23,ERR,ERR,ERR,ERR,ERR,ERR,ERR,ERR,ERR,ERR,ERR,ERR,ERR,ERR,ERR,ERR,ERR,ERR,ERR,ERR,ERR,ERR,ERR,ERR,ERR,ERR,ERR,ERR,ERR,ERR,ERR,ERR,ERR,ERR,ERR,ERR,ERR,ERR,ERR,ERR,ERR,ERR,ERR,ERR,ERR,ERR,ERR,ERR,ERR,ERR,ERR,ERR,ERR,ERR,ERR,ERR,ERR,ERR,ERR,ERR,ERR,ERR,ERR,ERR,ERR,ERR,ERR,34.0,80.0,35,0.0,0.0,0.0,0.0,0.0,0.0,0.0,0.0,0.0,0.0,0.0,0.0,0.0,0.0,0.0,0.0,64.4,0,116,56,49,65476,0,300,0,0,8,20529,65476,0,0,57672,80.0,0.0,0.0,0.0,0.0,0.0
2026-06-17T04:44:54,ERR,ERR,ERR,ERR,ERR,ERR,ERR,ERR,ERR,ERR,ERR,ERR,ERR,ERR,ERR,ERR,ERR,ERR,ERR,ERR,ERR,ERR,ERR,ERR,ERR,ERR,ERR,ERR,ERR,ERR,ERR,ERR,ERR,ERR,ERR,ERR,ERR,ERR,ERR,ERR,ERR,ERR,ERR,ERR,ERR,ERR,ERR,ERR,ERR,ERR,ERR,ERR,ERR,ERR,ERR,ERR,ERR,ERR,ERR,ERR,ERR,ERR,ERR,ERR,ERR,ERR,ERR,ERR,ERR,ERR,ERR,ERR,ERR,ERR,ERR,ERR,ERR,ERR,ERR,ERR,ERR,ERR,ERR,ERR,ERR,ERR,ERR,ERR,ERR,ERR,ERR,ERR,ERR,ERR,ERR,ERR,ERR,ERR,ERR,ERR,ERR,ERR,ERR,ERR,ERR,ERR,ERR,ERR,ERR,ERR,ERR,ERR,ERR,ERR,ERR,ERR,ERR,ERR,ERR,ERR,ERR,ERR,ERR,ERR,ERR,0.0,-0.0,3.028208139652935e+23,0.0,0.0,1.3936040501711995e+18,7.805,0.0,0,0,4,0,7300,-0.0,0,0.0,0.0,0.0,0.0,0.0,0,0,0,0,0.0,0,0,0,0,0,0,0,0,0,0,0,0,0,0,0,0,0,0,0,0,0,0,0,0,0,0,0,0,0,0,0,0,0,32,30,30,62,65476,0,300,0,0,8,21553,0.0,-107605600.0,0.0,0.0,0.0,0.0,0.0,0.0,0.0,0.0,0.0,0.0,0.0,0.0,0.0,0.0,0.0,0.0,0.0,0.0,0.0,0.0,2.004,-2.004,2.004,-0.0,0.0,0.0,0.0,0.0,5488.0,-8608197632.0,6938.0,0.0,-0.0,-0.0,2.7184296605801213e+23,0.0,0.0,0.0,0.0,63,-3.2220267480110635e+26,-3.222009777006516e+26,0.0,0.0,0.0,0.0,0.0,0.0,0.0,0,0,0,0.0,0.0,0.0,0.0,0.0,0.0,0.0,0.0,0.0,0.0,0.0,0.0,0.0,0.0,0.0,0.0,0,-107875648.0,63,0.0,126,2.7184242562605685e+23,2.842318642297501e+23,ERR,ERR,ERR,ERR,ERR,ERR,ERR,ERR,ERR,ERR,ERR,ERR,ERR,ERR,ERR,ERR,ERR,ERR,ERR,ERR,ERR,ERR,ERR,ERR,ERR,ERR,ERR,ERR,ERR,ERR,ERR,ERR,ERR,ERR,ERR,ERR,ERR,ERR,ERR,ERR,ERR,ERR,ERR,ERR,ERR,ERR,ERR,ERR,ERR,ERR,ERR,ERR,ERR,ERR,ERR,ERR,ERR,ERR,ERR,ERR,ERR,ERR,ERR,ERR,ERR,ERR,ERR,34.0,80.0,35,0.0,0.0,0.0,0.0,0.0,0.0,0.0,0.0,0.0,0.0,0.0,0.0,0.0,0.0,0.0,0.0,64.4,0,116,56,49,65476,0,300,0,0,8,20529,65476,0,0,57672,80.0,0.0,0.0,0.0,0.0,0.0
2026-06-17T04:44:55,ERR,ERR,ERR,ERR,ERR,ERR,ERR,ERR,ERR,ERR,ERR,ERR,ERR,ERR,ERR,ERR,ERR,ERR,ERR,ERR,ERR,ERR,ERR,ERR,ERR,ERR,ERR,ERR,ERR,ERR,ERR,ERR,ERR,ERR,ERR,ERR,ERR,ERR,ERR,ERR,ERR,ERR,ERR,ERR,ERR,ERR,ERR,ERR,ERR,ERR,ERR,ERR,ERR,ERR,ERR,ERR,ERR,ERR,ERR,ERR,ERR,ERR,ERR,ERR,ERR,ERR,ERR,ERR,ERR,ERR,ERR,ERR,ERR,ERR,ERR,ERR,ERR,ERR,ERR,ERR,ERR,ERR,ERR,ERR,ERR,ERR,ERR,ERR,ERR,ERR,ERR,ERR,ERR,ERR,ERR,ERR,ERR,ERR,ERR,ERR,ERR,ERR,ERR,ERR,ERR,ERR,ERR,ERR,ERR,ERR,ERR,ERR,ERR,ERR,ERR,ERR,ERR,ERR,ERR,ERR,ERR,ERR,ERR,ERR,ERR,0.0,-0.0,3.028208139652935e+23,0.0,0.0,1.3936040501711995e+18,7.805,0.0,0,0,4,0,7300,-0.0,0,0.0,0.0,0.0,0.0,0.0,0,0,0,0,0.0,0,0,0,0,0,0,0,0,0,0,0,0,0,0,0,0,0,0,0,0,0,0,0,0,0,0,0,0,0,0,0,0,0,32,30,30,62,65476,0,300,0,0,8,21553,0.0,-107605600.0,0.0,0.0,0.0,0.0,0.0,0.0,0.0,0.0,0.0,0.0,0.0,0.0,0.0,0.0,0.0,0.0,0.0,0.0,0.0,0.0,2.004,-2.004,2.004,-0.0,0.0,0.0,0.0,0.0,5488.0,-8608197632.0,6938.0,0.0,-0.0,-0.0,2.7184296605801213e+23,0.0,0.0,0.0,0.0,63,-3.2220267480110635e+26,-3.222009777006516e+26,0.0,0.0,0.0,0.0,0.0,0.0,0.0,0,0,0,0.0,0.0,0.0,0.0,0.0,0.0,0.0,0.0,0.0,0.0,0.0,0.0,0.0,0.0,0.0,0.0,0,-107875648.0,63,0.0,126,2.7184242562605685e+23,2.842318642297501e+23,ERR,ERR,ERR,ERR,ERR,ERR,ERR,ERR,ERR,ERR,ERR,ERR,ERR,ERR,ERR,ERR,ERR,ERR,ERR,ERR,ERR,ERR,ERR,ERR,ERR,ERR,ERR,ERR,ERR,ERR,ERR,ERR,ERR,ERR,ERR,ERR,ERR,ERR,ERR,ERR,ERR,ERR,ERR,ERR,ERR,ERR,ERR,ERR,ERR,ERR,ERR,ERR,ERR,ERR,ERR,ERR,ERR,ERR,ERR,ERR,ERR,ERR,ERR,ERR,ERR,ERR,ERR,34.0,80.0,35,0.0,0.0,0.0,0.0,0.0,0.0,0.0,0.0,0.0,0.0,0.0,0.0,0.0,0.0,0.0,0.0,64.4,0,116,56,49,65476,0,300,0,0,8,20529,65476,0,0,57672,80.0,0.0,0.0,0.0,0.0,0.0
2026-06-17T04:44:56,ERR,ERR,ERR,ERR,ERR,ERR,ERR,ERR,ERR,ERR,ERR,ERR,ERR,ERR,ERR,ERR,ERR,ERR,ERR,ERR,ERR,ERR,ERR,ERR,ERR,ERR,ERR,ERR,ERR,ERR,ERR,ERR,ERR,ERR,ERR,ERR,ERR,ERR,ERR,ERR,ERR,ERR,ERR,ERR,ERR,ERR,ERR,ERR,ERR,ERR,ERR,ERR,ERR,ERR,ERR,ERR,ERR,ERR,ERR,ERR,ERR,ERR,ERR,ERR,ERR,ERR,ERR,ERR,ERR,ERR,ERR,ERR,ERR,ERR,ERR,ERR,ERR,ERR,ERR,ERR,ERR,ERR,ERR,ERR,ERR,ERR,ERR,ERR,ERR,ERR,ERR,ERR,ERR,ERR,ERR,ERR,ERR,ERR,ERR,ERR,ERR,ERR,ERR,ERR,ERR,ERR,ERR,ERR,ERR,ERR,ERR,ERR,ERR,ERR,ERR,ERR,ERR,ERR,ERR,ERR,ERR,ERR,ERR,ERR,ERR,0.0,-0.0,3.028208139652935e+23,0.0,0.0,1.3936040501711995e+18,7.805,0.0,0,0,4,0,7300,-0.0,0,0.0,0.0,0.0,0.0,0.0,0,0,0,0,0.0,0,0,0,0,0,0,0,0,0,0,0,0,0,0,0,0,0,0,0,0,0,0,0,0,0,0,0,0,0,0,0,0,0,32,30,30,62,65476,0,300,0,0,8,21553,0.0,-107605600.0,0.0,0.0,0.0,0.0,0.0,0.0,0.0,0.0,0.0,0.0,0.0,0.0,0.0,0.0,0.0,0.0,0.0,0.0,0.0,0.0,2.004,-2.004,2.004,-0.0,0.0,0.0,0.0,0.0,5524.0,564146907119616.0,6923.0,0.0,-0.0,-0.0,2.7184296605801213e+23,0.0,0.0,0.0,0.0,63,0.0,-0.0,0.0,0.0,0.0,0.0,0.0,0.0,0.0,0,0,0,0.0,0.0,0.0,0.0,0.0,0.0,0.0,0.0,0.0,0.0,0.0,0.0,0.0,0.0,0.0,0.0,0,-107875648.0,63,0.0,126,2.7184242562605685e+23,2.842318642297501e+23,ERR,ERR,ERR,ERR,ERR,ERR,ERR,ERR,ERR,ERR,ERR,ERR,ERR,ERR,ERR,ERR,ERR,ERR,ERR,ERR,ERR,ERR,ERR,ERR,ERR,ERR,ERR,ERR,ERR,ERR,ERR,ERR,ERR,ERR,ERR,ERR,ERR,ERR,ERR,ERR,ERR,ERR,ERR,ERR,ERR,ERR,ERR,ERR,ERR,ERR,ERR,ERR,ERR,ERR,ERR,ERR,ERR,ERR,ERR,ERR,ERR,ERR,ERR,ERR,ERR,ERR,ERR,34.0,80.0,35,0.0,0.0,0.0,0.0,0.0,0.0,0.0,0.0,0.0,0.0,0.0,0.0,0.0,0.0,0.0,0.0,64.4,0,116,56,49,65476,0,300,0,0,8,20529,65476,0,0,57672,80.0,0.0,0.0,0.0,0.0,0.0
2026-06-17T04:44:57,ERR,ERR,ERR,ERR,ERR,ERR,ERR,ERR,ERR,ERR,ERR,ERR,ERR,ERR,ERR,ERR,ERR,ERR,ERR,ERR,ERR,ERR,ERR,ERR,ERR,ERR,ERR,ERR,ERR,ERR,ERR,ERR,ERR,ERR,ERR,ERR,ERR,ERR,ERR,ERR,ERR,ERR,ERR,ERR,ERR,ERR,ERR,ERR,ERR,ERR,ERR,ERR,ERR,ERR,ERR,ERR,ERR,ERR,ERR,ERR,ERR,ERR,ERR,ERR,ERR,ERR,ERR,ERR,ERR,ERR,ERR,ERR,ERR,ERR,ERR,ERR,ERR,ERR,ERR,ERR,ERR,ERR,ERR,ERR,ERR,ERR,ERR,ERR,ERR,ERR,ERR,ERR,ERR,ERR,ERR,ERR,ERR,ERR,ERR,ERR,ERR,ERR,ERR,ERR,ERR,ERR,ERR,ERR,ERR,ERR,ERR,ERR,ERR,ERR,ERR,ERR,ERR,ERR,ERR,ERR,ERR,ERR,ERR,ERR,ERR,0.0,-0.0,3.028208139652935e+23,0.0,0.0,1.3936040501711995e+18,7.805,0.0,0,0,4,0,7300,-0.0,0,0.0,0.0,0.0,0.0,0.0,0,0,0,0,0.0,0,0,0,0,0,0,0,0,0,0,0,0,0,0,0,0,0,0,0,0,0,0,0,0,0,0,0,0,0,0,0,0,0,32,30,30,62,65476,0,300,0,0,8,21553,0.0,-107605600.0,0.0,0.0,0.0,0.0,0.0,0.0,0.0,0.0,0.0,0.0,0.0,0.0,0.0,0.0,0.0,0.0,0.0,0.0,0.0,0.0,2.004,-2.004,2.004,-0.0,0.0,0.0,0.0,0.0,5524.0,564146907119616.0,6923.0,0.0,-0.0,-0.0,2.7184296605801213e+23,0.0,0.0,0.0,0.0,63,0.0,-0.0,0.0,0.0,0.0,0.0,0.0,0.0,0.0,0,0,0,0.0,0.0,0.0,0.0,0.0,0.0,0.0,0.0,0.0,0.0,0.0,0.0,0.0,0.0,0.0,0.0,0,-107875648.0,63,0.0,126,2.7184242562605685e+23,2.842318642297501e+23,ERR,ERR,ERR,ERR,ERR,ERR,ERR,ERR,ERR,ERR,ERR,ERR,ERR,ERR,ERR,ERR,ERR,ERR,ERR,ERR,ERR,ERR,ERR,ERR,ERR,ERR,ERR,ERR,ERR,ERR,ERR,ERR,ERR,ERR,ERR,ERR,ERR,ERR,ERR,ERR,ERR,ERR,ERR,ERR,ERR,ERR,ERR,ERR,ERR,ERR,ERR,ERR,ERR,ERR,ERR,ERR,ERR,ERR,ERR,ERR,ERR,ERR,ERR,ERR,ERR,ERR,ERR,34.0,80.0,35,0.0,0.0,0.0,0.0,0.0,0.0,0.0,0.0,0.0,0.0,0.0,0.0,0.0,0.0,0.0,0.0,64.4,0,116,56,49,65476,0,300,0,0,8,20529,65476,0,0,57672,80.0,0.0,0.0,0.0,0.0,0.0
2026-06-17T04:44:58,ERR,ERR,ERR,ERR,ERR,ERR,ERR,ERR,ERR,ERR,ERR,ERR,ERR,ERR,ERR,ERR,ERR,ERR,ERR,ERR,ERR,ERR,ERR,ERR,ERR,ERR,ERR,ERR,ERR,ERR,ERR,ERR,ERR,ERR,ERR,ERR,ERR,ERR,ERR,ERR,ERR,ERR,ERR,ERR,ERR,ERR,ERR,ERR,ERR,ERR,ERR,ERR,ERR,ERR,ERR,ERR,ERR,ERR,ERR,ERR,ERR,ERR,ERR,ERR,ERR,ERR,ERR,ERR,ERR,ERR,ERR,ERR,ERR,ERR,ERR,ERR,ERR,ERR,ERR,ERR,ERR,ERR,ERR,ERR,ERR,ERR,ERR,ERR,ERR,ERR,ERR,ERR,ERR,ERR,ERR,ERR,ERR,ERR,ERR,ERR,ERR,ERR,ERR,ERR,ERR,ERR,ERR,ERR,ERR,ERR,ERR,ERR,ERR,ERR,ERR,ERR,ERR,ERR,ERR,ERR,ERR,ERR,ERR,ERR,ERR,0.0,-0.0,3.028208139652935e+23,0.0,0.0,1.3936040501711995e+18,7.805,0.0,0,0,4,0,7300,-0.0,0,0.0,0.0,0.0,0.0,0.0,0,0,0,0,0.0,0,0,0,0,0,0,0,0,0,0,0,0,0,0,0,0,0,0,0,0,0,0,0,0,0,0,0,0,0,0,0,0,0,32,30,30,62,65476,0,300,0,0,8,21553,0.0,-107605600.0,0.0,0.0,0.0,0.0,0.0,0.0,0.0,0.0,0.0,0.0,0.0,0.0,0.0,0.0,0.0,0.0,0.0,0.0,0.0,0.0,2.004,-2.004,2.004,-0.0,0.0,0.0,0.0,0.0,5524.0,564146907119616.0,6923.0,0.0,-0.0,-0.0,2.7184296605801213e+23,0.0,0.0,0.0,0.0,63,0.0,-0.0,0.0,0.0,0.0,0.0,0.0,0.0,0.0,0,0,0,0.0,0.0,0.0,0.0,0.0,0.0,0.0,0.0,0.0,0.0,0.0,0.0,0.0,0.0,0.0,0.0,0,-107875648.0,63,0.0,126,2.7184242562605685e+23,2.842318642297501e+23,ERR,ERR,ERR,ERR,ERR,ERR,ERR,ERR,ERR,ERR,ERR,ERR,ERR,ERR,ERR,ERR,ERR,ERR,ERR,ERR,ERR,ERR,ERR,ERR,ERR,ERR,ERR,ERR,ERR,ERR,ERR,ERR,ERR,ERR,ERR,ERR,ERR,ERR,ERR,ERR,ERR,ERR,ERR,ERR,ERR,ERR,ERR,ERR,ERR,ERR,ERR,ERR,ERR,ERR,ERR,ERR,ERR,ERR,ERR,ERR,ERR,ERR,ERR,ERR,ERR,ERR,ERR,34.0,80.0,35,0.0,0.0,0.0,0.0,0.0,0.0,0.0,0.0,0.0,0.0,0.0,0.0,0.0,0.0,0.0,0.0,64.4,0,116,56,49,65476,0,300,0,0,8,20529,65476,0,0,57672,80.0,0.0,0.0,0.0,0.0,0.0
2026-06-17T04:44:59,ERR,ERR,ERR,ERR,ERR,ERR,ERR,ERR,ERR,ERR,ERR,ERR,ERR,ERR,ERR,ERR,ERR,ERR,ERR,ERR,ERR,ERR,ERR,ERR,ERR,ERR,ERR,ERR,ERR,ERR,ERR,ERR,ERR,ERR,ERR,ERR,ERR,ERR,ERR,ERR,ERR,ERR,ERR,ERR,ERR,ERR,ERR,ERR,ERR,ERR,ERR,ERR,ERR,ERR,ERR,ERR,ERR,ERR,ERR,ERR,ERR,ERR,ERR,ERR,ERR,ERR,ERR,ERR,ERR,ERR,ERR,ERR,ERR,ERR,ERR,ERR,ERR,ERR,ERR,ERR,ERR,ERR,ERR,ERR,ERR,ERR,ERR,ERR,ERR,ERR,ERR,ERR,ERR,ERR,ERR,ERR,ERR,ERR,ERR,ERR,ERR,ERR,ERR,ERR,ERR,ERR,ERR,ERR,ERR,ERR,ERR,ERR,ERR,ERR,ERR,ERR,ERR,ERR,ERR,ERR,ERR,ERR,ERR,ERR,ERR,0.0,-0.0,3.028208139652935e+23,0.0,0.0,1.3936040501711995e+18,7.805,0.0,0,0,4,0,7300,-0.0,0,0.0,0.0,0.0,0.0,0.0,0,0,0,0,0.0,0,0,0,0,0,0,0,0,0,0,0,0,0,0,0,0,0,0,0,0,0,0,0,0,0,0,0,0,0,0,0,0,0,32,30,30,62,65476,0,300,0,0,8,21553,0.0,-107605600.0,0.0,0.0,0.0,0.0,0.0,0.0,0.0,0.0,0.0,0.0,0.0,0.0,0.0,0.0,0.0,0.0,0.0,0.0,0.0,0.0,2.004,-2.004,2.004,-0.0,0.0,0.0,0.0,0.0,5524.0,564146907119616.0,6923.0,0.0,-0.0,-0.0,2.7184296605801213e+23,0.0,0.0,0.0,0.0,63,0.0,-0.0,0.0,0.0,0.0,0.0,0.0,0.0,0.0,0,0,0,0.0,0.0,0.0,0.0,0.0,0.0,0.0,0.0,0.0,0.0,0.0,0.0,0.0,0.0,0.0,0.0,0,-107875648.0,63,0.0,126,2.7184242562605685e+23,2.842318642297501e+23,ERR,ERR,ERR,ERR,ERR,ERR,ERR,ERR,ERR,ERR,ERR,ERR,ERR,ERR,ERR,ERR,ERR,ERR,ERR,ERR,ERR,ERR,ERR,ERR,ERR,ERR,ERR,ERR,ERR,ERR,ERR,ERR,ERR,ERR,ERR,ERR,ERR,ERR,ERR,ERR,ERR,ERR,ERR,ERR,ERR,ERR,ERR,ERR,ERR,ERR,ERR,ERR,ERR,ERR,ERR,ERR,ERR,ERR,ERR,ERR,ERR,ERR,ERR,ERR,ERR,ERR,ERR,34.0,80.0,35,0.0,0.0,0.0,0.0,0.0,0.0,0.0,0.0,0.0,0.0,0.0,0.0,0.0,0.0,0.0,0.0,64.4,0,116,56,49,65476,0,300,0,0,8,20529,65476,0,0,57672,80.0,0.0,0.0,0.0,0.0,0.0
2026-06-17T04:45:00,ERR,ERR,ERR,ERR,ERR,ERR,ERR,ERR,ERR,ERR,ERR,ERR,ERR,ERR,ERR,ERR,ERR,ERR,ERR,ERR,ERR,ERR,ERR,ERR,ERR,ERR,ERR,ERR,ERR,ERR,ERR,ERR,ERR,ERR,ERR,ERR,ERR,ERR,ERR,ERR,ERR,ERR,ERR,ERR,ERR,ERR,ERR,ERR,ERR,ERR,ERR,ERR,ERR,ERR,ERR,ERR,ERR,ERR,ERR,ERR,ERR,ERR,ERR,ERR,ERR,ERR,ERR,ERR,ERR,ERR,ERR,ERR,ERR,ERR,ERR,ERR,ERR,ERR,ERR,ERR,ERR,ERR,ERR,ERR,ERR,ERR,ERR,ERR,ERR,ERR,ERR,ERR,ERR,ERR,ERR,ERR,ERR,ERR,ERR,ERR,ERR,ERR,ERR,ERR,ERR,ERR,ERR,ERR,ERR,ERR,ERR,ERR,ERR,ERR,ERR,ERR,ERR,ERR,ERR,ERR,ERR,ERR,ERR,ERR,ERR,0.0,-0.0,3.028208139652935e+23,0.0,0.0,1.3936040501711995e+18,7.805,0.0,0,0,4,0,7300,-0.0,0,0.0,0.0,0.0,0.0,0.0,0,0,0,0,0.0,0,0,0,0,0,0,0,0,0,0,0,0,0,0,0,0,0,0,0,0,0,0,0,0,0,0,0,0,0,0,0,0,0,32,30,30,62,65476,0,300,0,0,8,21553,0.0,-107605600.0,0.0,0.0,0.0,0.0,0.0,0.0,0.0,0.0,0.0,0.0,0.0,0.0,0.0,0.0,0.0,0.0,0.0,0.0,0.0,0.0,2.004,-2.004,2.004,-0.0,0.0,0.0,0.0,0.0,5524.0,564146907119616.0,6923.0,0.0,-0.0,-0.0,2.7184296605801213e+23,0.0,0.0,0.0,0.0,63,0.0,-0.0,0.0,0.0,0.0,0.0,0.0,0.0,0.0,0,0,0,0.0,0.0,0.0,0.0,0.0,0.0,0.0,0.0,0.0,0.0,0.0,0.0,0.0,0.0,0.0,0.0,0,-107875648.0,63,0.0,126,2.7184242562605685e+23,2.842318642297501e+23,ERR,ERR,ERR,ERR,ERR,ERR,ERR,ERR,ERR,ERR,ERR,ERR,ERR,ERR,ERR,ERR,ERR,ERR,ERR,ERR,ERR,ERR,ERR,ERR,ERR,ERR,ERR,ERR,ERR,ERR,ERR,ERR,ERR,ERR,ERR,ERR,ERR,ERR,ERR,ERR,ERR,ERR,ERR,ERR,ERR,ERR,ERR,ERR,ERR,ERR,ERR,ERR,ERR,ERR,ERR,ERR,ERR,ERR,ERR,ERR,ERR,ERR,ERR,ERR,ERR,ERR,ERR,34.0,80.0,35,0.0,0.0,0.0,0.0,0.0,0.0,0.0,0.0,0.0,0.0,0.0,0.0,0.0,0.0,0.0,0.0,64.4,0,116,56,49,65476,0,300,0,0,8,20529,65476,0,0,57672,80.0,0.0,0.0,0.0,0.0,0.0
2026-06-17T04:45:01,ERR,ERR,ERR,ERR,ERR,ERR,ERR,ERR,ERR,ERR,ERR,ERR,ERR,ERR,ERR,ERR,ERR,ERR,ERR,ERR,ERR,ERR,ERR,ERR,ERR,ERR,ERR,ERR,ERR,ERR,ERR,ERR,ERR,ERR,ERR,ERR,ERR,ERR,ERR,ERR,ERR,ERR,ERR,ERR,ERR,ERR,ERR,ERR,ERR,ERR,ERR,ERR,ERR,ERR,ERR,ERR,ERR,ERR,ERR,ERR,ERR,ERR,ERR,ERR,ERR,ERR,ERR,ERR,ERR,ERR,ERR,ERR,ERR,ERR,ERR,ERR,ERR,ERR,ERR,ERR,ERR,ERR,ERR,ERR,ERR,ERR,ERR,ERR,ERR,ERR,ERR,ERR,ERR,ERR,ERR,ERR,ERR,ERR,ERR,ERR,ERR,ERR,ERR,ERR,ERR,ERR,ERR,ERR,ERR,ERR,ERR,ERR,ERR,ERR,ERR,ERR,ERR,ERR,ERR,ERR,ERR,ERR,ERR,ERR,ERR,0.0,-0.0,3.028208139652935e+23,0.0,0.0,1.3936040501711995e+18,7.805,0.0,0,0,4,0,7300,-0.0,0,0.0,0.0,0.0,0.0,0.0,0,0,0,0,0.0,0,0,0,0,0,0,0,0,0,0,0,0,0,0,0,0,0,0,0,0,0,0,0,0,0,0,0,0,0,0,0,0,0,32,30,30,62,65476,0,300,0,0,8,21553,0.0,-107605600.0,0.0,0.0,0.0,0.0,0.0,0.0,0.0,0.0,0.0,0.0,0.0,0.0,0.0,0.0,0.0,0.0,0.0,0.0,0.0,0.0,2.004,-2.004,2.004,-0.0,0.0,0.0,0.0,0.0,5524.0,564146907119616.0,6923.0,0.0,-0.0,-0.0,2.7184296605801213e+23,0.0,0.0,0.0,0.0,63,0.0,-0.0,0.0,0.0,0.0,0.0,0.0,0.0,0.0,0,0,0,0.0,0.0,0.0,0.0,0.0,0.0,0.0,0.0,0.0,0.0,0.0,0.0,0.0,0.0,0.0,0.0,0,-107875648.0,63,0.0,126,2.7184242562605685e+23,2.842318642297501e+23,ERR,ERR,ERR,ERR,ERR,ERR,ERR,ERR,ERR,ERR,ERR,ERR,ERR,ERR,ERR,ERR,ERR,ERR,ERR,ERR,ERR,ERR,ERR,ERR,ERR,ERR,ERR,ERR,ERR,ERR,ERR,ERR,ERR,ERR,ERR,ERR,ERR,ERR,ERR,ERR,ERR,ERR,ERR,ERR,ERR,ERR,ERR,ERR,ERR,ERR,ERR,ERR,ERR,ERR,ERR,ERR,ERR,ERR,ERR,ERR,ERR,ERR,ERR,ERR,ERR,ERR,ERR,34.0,80.0,35,0.0,0.0,0.0,0.0,0.0,0.0,0.0,0.0,0.0,0.0,0.0,0.0,0.0,0.0,0.0,0.0,64.4,0,116,56,49,65476,0,300,0,0,8,20529,65476,0,0,57672,80.0,0.0,0.0,0.0,0.0,0.0
2026-06-17T04:45:02,ERR,ERR,ERR,ERR,ERR,ERR,ERR,ERR,ERR,ERR,ERR,ERR,ERR,ERR,ERR,ERR,ERR,ERR,ERR,ERR,ERR,ERR,ERR,ERR,ERR,ERR,ERR,ERR,ERR,ERR,ERR,ERR,ERR,ERR,ERR,ERR,ERR,ERR,ERR,ERR,ERR,ERR,ERR,ERR,ERR,ERR,ERR,ERR,ERR,ERR,ERR,ERR,ERR,ERR,ERR,ERR,ERR,ERR,ERR,ERR,ERR,ERR,ERR,ERR,ERR,ERR,ERR,ERR,ERR,ERR,ERR,ERR,ERR,ERR,ERR,ERR,ERR,ERR,ERR,ERR,ERR,ERR,ERR,ERR,ERR,ERR,ERR,ERR,ERR,ERR,ERR,ERR,ERR,ERR,ERR,ERR,ERR,ERR,ERR,ERR,ERR,ERR,ERR,ERR,ERR,ERR,ERR,ERR,ERR,ERR,ERR,ERR,ERR,ERR,ERR,ERR,ERR,ERR,ERR,ERR,ERR,ERR,ERR,ERR,ERR,0.0,-0.0,3.028208139652935e+23,0.0,0.0,1.3936040501711995e+18,7.805,0.0,0,0,4,0,7300,-0.0,0,0.0,0.0,0.0,0.0,0.0,0,0,0,0,0.0,0,0,0,0,0,0,0,0,0,0,0,0,0,0,0,0,0,0,0,0,0,0,0,0,0,0,0,0,0,0,0,0,0,32,30,30,62,65476,0,300,0,0,8,21553,0.0,-107605600.0,0.0,0.0,0.0,0.0,0.0,0.0,0.0,0.0,0.0,0.0,0.0,0.0,0.0,0.0,0.0,0.0,0.0,0.0,0.0,0.0,2.004,-2.004,2.004,-0.0,0.0,0.0,0.0,0.0,5558.0,131350.703,6921.0,0.0,-0.0,-0.0,2.7184296605801213e+23,0.0,0.0,0.0,0.0,63,0.0,-107614952.0,0.0,0.0,0.0,0.0,0.0,0.0,0.0,0,0,0,0.0,0.0,0.0,0.0,0.0,0.0,0.0,0.0,0.0,0.0,0.0,0.0,0.0,0.0,0.0,0.0,0,-107875648.0,63,0.0,126,2.7184242562605685e+23,2.842318642297501e+23,ERR,ERR,ERR,ERR,ERR,ERR,ERR,ERR,ERR,ERR,ERR,ERR,ERR,ERR,ERR,ERR,ERR,ERR,ERR,ERR,ERR,ERR,ERR,ERR,ERR,ERR,ERR,ERR,ERR,ERR,ERR,ERR,ERR,ERR,ERR,ERR,ERR,ERR,ERR,ERR,ERR,ERR,ERR,ERR,ERR,ERR,ERR,ERR,ERR,ERR,ERR,ERR,ERR,ERR,ERR,ERR,ERR,ERR,ERR,ERR,ERR,ERR,ERR,ERR,ERR,ERR,ERR,34.0,80.0,35,0.0,0.0,0.0,0.0,0.0,0.0,0.0,0.0,0.0,0.0,0.0,0.0,0.0,0.0,0.0,0.0,64.4,0,116,56,49,65476,0,300,0,0,8,20529,65476,0,0,57672,80.0,0.0,0.0,0.0,0.0,0.0
2026-06-17T04:45:03,ERR,ERR,ERR,ERR,ERR,ERR,ERR,ERR,ERR,ERR,ERR,ERR,ERR,ERR,ERR,ERR,ERR,ERR,ERR,ERR,ERR,ERR,ERR,ERR,ERR,ERR,ERR,ERR,ERR,ERR,ERR,ERR,ERR,ERR,ERR,ERR,ERR,ERR,ERR,ERR,ERR,ERR,ERR,ERR,ERR,ERR,ERR,ERR,ERR,ERR,ERR,ERR,ERR,ERR,ERR,ERR,ERR,ERR,ERR,ERR,ERR,ERR,ERR,ERR,ERR,ERR,ERR,ERR,ERR,ERR,ERR,ERR,ERR,ERR,ERR,ERR,ERR,ERR,ERR,ERR,ERR,ERR,ERR,ERR,ERR,ERR,ERR,ERR,ERR,ERR,ERR,ERR,ERR,ERR,ERR,ERR,ERR,ERR,ERR,ERR,ERR,ERR,ERR,ERR,ERR,ERR,ERR,ERR,ERR,ERR,ERR,ERR,ERR,ERR,ERR,ERR,ERR,ERR,ERR,ERR,ERR,ERR,ERR,ERR,ERR,0.0,-0.0,3.028208139652935e+23,0.0,0.0,1.3936040501711995e+18,7.805,0.0,0,0,4,0,7300,-0.0,0,0.0,0.0,0.0,0.0,0.0,0,0,0,0,0.0,0,0,0,0,0,0,0,0,0,0,0,0,0,0,0,0,0,0,0,0,0,0,0,0,0,0,0,0,0,0,0,0,0,32,30,30,62,65476,0,300,0,0,8,21553,0.0,-107605600.0,0.0,0.0,0.0,0.0,0.0,0.0,0.0,0.0,0.0,0.0,0.0,0.0,0.0,0.0,0.0,0.0,0.0,0.0,0.0,0.0,2.004,-2.004,2.004,-0.0,0.0,0.0,0.0,0.0,5558.0,131350.703,6921.0,0.0,-0.0,-0.0,2.7184296605801213e+23,0.0,0.0,0.0,0.0,63,0.0,-107614952.0,0.0,0.0,0.0,0.0,0.0,0.0,0.0,0,0,0,0.0,0.0,0.0,0.0,0.0,0.0,0.0,0.0,0.0,0.0,0.0,0.0,0.0,0.0,0.0,0.0,0,-107875648.0,63,0.0,126,2.7184242562605685e+23,2.842318642297501e+23,ERR,ERR,ERR,ERR,ERR,ERR,ERR,ERR,ERR,ERR,ERR,ERR,ERR,ERR,ERR,ERR,ERR,ERR,ERR,ERR,ERR,ERR,ERR,ERR,ERR,ERR,ERR,ERR,ERR,ERR,ERR,ERR,ERR,ERR,ERR,ERR,ERR,ERR,ERR,ERR,ERR,ERR,ERR,ERR,ERR,ERR,ERR,ERR,ERR,ERR,ERR,ERR,ERR,ERR,ERR,ERR,ERR,ERR,ERR,ERR,ERR,ERR,ERR,ERR,ERR,ERR,ERR,34.0,80.0,35,0.0,0.0,0.0,0.0,0.0,0.0,0.0,0.0,0.0,0.0,0.0,0.0,0.0,0.0,0.0,0.0,64.4,0,116,56,49,65476,0,300,0,0,8,20529,65476,0,0,57672,80.0,0.0,0.0,0.0,0.0,0.0
2026-06-17T04:45:04,ERR,ERR,ERR,ERR,ERR,ERR,ERR,ERR,ERR,ERR,ERR,ERR,ERR,ERR,ERR,ERR,ERR,ERR,ERR,ERR,ERR,ERR,ERR,ERR,ERR,ERR,ERR,ERR,ERR,ERR,ERR,ERR,ERR,ERR,ERR,ERR,ERR,ERR,ERR,ERR,ERR,ERR,ERR,ERR,ERR,ERR,ERR,ERR,ERR,ERR,ERR,ERR,ERR,ERR,ERR,ERR,ERR,ERR,ERR,ERR,ERR,ERR,ERR,ERR,ERR,ERR,ERR,ERR,ERR,ERR,ERR,ERR,ERR,ERR,ERR,ERR,ERR,ERR,ERR,ERR,ERR,ERR,ERR,ERR,ERR,ERR,ERR,ERR,ERR,ERR,ERR,ERR,ERR,ERR,ERR,ERR,ERR,ERR,ERR,ERR,ERR,ERR,ERR,ERR,ERR,ERR,ERR,ERR,ERR,ERR,ERR,ERR,ERR,ERR,ERR,ERR,ERR,ERR,ERR,ERR,ERR,ERR,ERR,ERR,ERR,0.0,-0.0,3.028208139652935e+23,0.0,0.0,1.3936040501711995e+18,7.805,0.0,0,0,4,0,7300,-0.0,0,0.0,0.0,0.0,0.0,0.0,0,0,0,0,0.0,0,0,0,0,0,0,0,0,0,0,0,0,0,0,0,0,0,0,0,0,0,0,0,0,0,0,0,0,0,0,0,0,0,32,30,30,62,65476,0,300,0,0,8,21553,0.0,-107605600.0,0.0,0.0,0.0,0.0,0.0,0.0,0.0,0.0,0.0,0.0,0.0,0.0,0.0,0.0,0.0,0.0,0.0,0.0,0.0,0.0,2.004,-2.004,2.004,-0.0,0.0,0.0,0.0,0.0,5558.0,131350.703,6921.0,0.0,-0.0,-0.0,2.7184296605801213e+23,0.0,0.0,0.0,0.0,63,0.0,-107614952.0,0.0,0.0,0.0,0.0,0.0,0.0,0.0,0,0,0,0.0,0.0,0.0,0.0,0.0,0.0,0.0,0.0,0.0,0.0,0.0,0.0,0.0,0.0,0.0,0.0,0,-107875648.0,63,0.0,126,2.7184242562605685e+23,2.842318642297501e+23,ERR,ERR,ERR,ERR,ERR,ERR,ERR,ERR,ERR,ERR,ERR,ERR,ERR,ERR,ERR,ERR,ERR,ERR,ERR,ERR,ERR,ERR,ERR,ERR,ERR,ERR,ERR,ERR,ERR,ERR,ERR,ERR,ERR,ERR,ERR,ERR,ERR,ERR,ERR,ERR,ERR,ERR,ERR,ERR,ERR,ERR,ERR,ERR,ERR,ERR,ERR,ERR,ERR,ERR,ERR,ERR,ERR,ERR,ERR,ERR,ERR,ERR,ERR,ERR,ERR,ERR,ERR,34.0,80.0,35,0.0,0.0,0.0,0.0,0.0,0.0,0.0,0.0,0.0,0.0,0.0,0.0,0.0,0.0,0.0,0.0,64.4,0,116,56,49,65476,0,300,0,0,8,20529,65476,0,0,57672,80.0,0.0,0.0,0.0,0.0,0.0
2026-06-17T04:45:05,ERR,ERR,ERR,ERR,ERR,ERR,ERR,ERR,ERR,ERR,ERR,ERR,ERR,ERR,ERR,ERR,ERR,ERR,ERR,ERR,ERR,ERR,ERR,ERR,ERR,ERR,ERR,ERR,ERR,ERR,ERR,ERR,ERR,ERR,ERR,ERR,ERR,ERR,ERR,ERR,ERR,ERR,ERR,ERR,ERR,ERR,ERR,ERR,ERR,ERR,ERR,ERR,ERR,ERR,ERR,ERR,ERR,ERR,ERR,ERR,ERR,ERR,ERR,ERR,ERR,ERR,ERR,ERR,ERR,ERR,ERR,ERR,ERR,ERR,ERR,ERR,ERR,ERR,ERR,ERR,ERR,ERR,ERR,ERR,ERR,ERR,ERR,ERR,ERR,ERR,ERR,ERR,ERR,ERR,ERR,ERR,ERR,ERR,ERR,ERR,ERR,ERR,ERR,ERR,ERR,ERR,ERR,ERR,ERR,ERR,ERR,ERR,ERR,ERR,ERR,ERR,ERR,ERR,ERR,ERR,ERR,ERR,ERR,ERR,ERR,0.0,-0.0,3.028208139652935e+23,0.0,0.0,1.3936040501711995e+18,7.805,0.0,0,0,4,0,7300,-0.0,0,0.0,0.0,0.0,0.0,0.0,0,0,0,0,0.0,0,0,0,0,0,0,0,0,0,0,0,0,0,0,0,0,0,0,0,0,0,0,0,0,0,0,0,0,0,0,0,0,0,32,30,30,62,65476,0,300,0,0,8,21553,0.0,-107605600.0,0.0,0.0,0.0,0.0,0.0,0.0,0.0,0.0,0.0,0.0,0.0,0.0,0.0,0.0,0.0,0.0,0.0,0.0,0.0,0.0,2.004,-2.004,2.004,-0.0,0.0,0.0,0.0,0.0,5558.0,131350.703,6921.0,0.0,-0.0,-0.0,2.7184296605801213e+23,0.0,0.0,0.0,0.0,63,0.0,-107614952.0,0.0,0.0,0.0,0.0,0.0,0.0,0.0,0,0,0,0.0,0.0,0.0,0.0,0.0,0.0,0.0,0.0,0.0,0.0,0.0,0.0,0.0,0.0,0.0,0.0,0,-107875648.0,63,0.0,126,2.7184242562605685e+23,2.842318642297501e+23,ERR,ERR,ERR,ERR,ERR,ERR,ERR,ERR,ERR,ERR,ERR,ERR,ERR,ERR,ERR,ERR,ERR,ERR,ERR,ERR,ERR,ERR,ERR,ERR,ERR,ERR,ERR,ERR,ERR,ERR,ERR,ERR,ERR,ERR,ERR,ERR,ERR,ERR,ERR,ERR,ERR,ERR,ERR,ERR,ERR,ERR,ERR,ERR,ERR,ERR,ERR,ERR,ERR,ERR,ERR,ERR,ERR,ERR,ERR,ERR,ERR,ERR,ERR,ERR,ERR,ERR,ERR,34.0,80.0,35,0.0,0.0,0.0,0.0,0.0,0.0,0.0,0.0,0.0,0.0,0.0,0.0,0.0,0.0,0.0,0.0,64.4,0,116,56,49,65476,0,300,0,0,8,20529,65476,0,0,57672,80.0,0.0,0.0,0.0,0.0,0.0
2026-06-17T04:45:06,ERR,ERR,ERR,ERR,ERR,ERR,ERR,ERR,ERR,ERR,ERR,ERR,ERR,ERR,ERR,ERR,ERR,ERR,ERR,ERR,ERR,ERR,ERR,ERR,ERR,ERR,ERR,ERR,ERR,ERR,ERR,ERR,ERR,ERR,ERR,ERR,ERR,ERR,ERR,ERR,ERR,ERR,ERR,ERR,ERR,ERR,ERR,ERR,ERR,ERR,ERR,ERR,ERR,ERR,ERR,ERR,ERR,ERR,ERR,ERR,ERR,ERR,ERR,ERR,ERR,ERR,ERR,ERR,ERR,ERR,ERR,ERR,ERR,ERR,ERR,ERR,ERR,ERR,ERR,ERR,ERR,ERR,ERR,ERR,ERR,ERR,ERR,ERR,ERR,ERR,ERR,ERR,ERR,ERR,ERR,ERR,ERR,ERR,ERR,ERR,ERR,ERR,ERR,ERR,ERR,ERR,ERR,ERR,ERR,ERR,ERR,ERR,ERR,ERR,ERR,ERR,ERR,ERR,ERR,ERR,ERR,ERR,ERR,ERR,ERR,0.0,-0.0,3.028208139652935e+23,0.0,0.0,1.3936040501711995e+18,7.805,0.0,0,0,4,0,7300,-0.0,0,0.0,0.0,0.0,0.0,0.0,0,0,0,0,0.0,0,0,0,0,0,0,0,0,0,0,0,0,0,0,0,0,0,0,0,0,0,0,0,0,0,0,0,0,0,0,0,0,0,32,30,30,62,65476,0,300,0,0,8,21553,0.0,-107605600.0,0.0,0.0,0.0,0.0,0.0,0.0,0.0,0.0,0.0,0.0,0.0,0.0,0.0,0.0,0.0,0.0,0.0,0.0,0.0,0.0,2.004,-2.004,2.004,-0.0,0.0,0.0,0.0,0.0,5558.0,131350.703,6921.0,0.0,-0.0,-0.0,2.7184296605801213e+23,0.0,0.0,0.0,0.0,63,0.0,-107614952.0,0.0,0.0,0.0,0.0,0.0,0.0,0.0,0,0,0,0.0,0.0,0.0,0.0,0.0,0.0,0.0,0.0,0.0,0.0,0.0,0.0,0.0,0.0,0.0,0.0,0,-107875648.0,63,0.0,126,2.7184242562605685e+23,2.842318642297501e+23,ERR,ERR,ERR,ERR,ERR,ERR,ERR,ERR,ERR,ERR,ERR,ERR,ERR,ERR,ERR,ERR,ERR,ERR,ERR,ERR,ERR,ERR,ERR,ERR,ERR,ERR,ERR,ERR,ERR,ERR,ERR,ERR,ERR,ERR,ERR,ERR,ERR,ERR,ERR,ERR,ERR,ERR,ERR,ERR,ERR,ERR,ERR,ERR,ERR,ERR,ERR,ERR,ERR,ERR,ERR,ERR,ERR,ERR,ERR,ERR,ERR,ERR,ERR,ERR,ERR,ERR,ERR,34.0,80.0,35,0.0,0.0,0.0,0.0,0.0,0.0,0.0,0.0,0.0,0.0,0.0,0.0,0.0,0.0,0.0,0.0,64.4,0,116,56,49,65476,0,300,0,0,8,20529,65476,0,0,57672,80.0,0.0,0.0,0.0,0.0,0.0
2026-06-17T04:45:07,ERR,ERR,ERR,ERR,ERR,ERR,ERR,ERR,ERR,ERR,ERR,ERR,ERR,ERR,ERR,ERR,ERR,ERR,ERR,ERR,ERR,ERR,ERR,ERR,ERR,ERR,ERR,ERR,ERR,ERR,ERR,ERR,ERR,ERR,ERR,ERR,ERR,ERR,ERR,ERR,ERR,ERR,ERR,ERR,ERR,ERR,ERR,ERR,ERR,ERR,ERR,ERR,ERR,ERR,ERR,ERR,ERR,ERR,ERR,ERR,ERR,ERR,ERR,ERR,ERR,ERR,ERR,ERR,ERR,ERR,ERR,ERR,ERR,ERR,ERR,ERR,ERR,ERR,ERR,ERR,ERR,ERR,ERR,ERR,ERR,ERR,ERR,ERR,ERR,ERR,ERR,ERR,ERR,ERR,ERR,ERR,ERR,ERR,ERR,ERR,ERR,ERR,ERR,ERR,ERR,ERR,ERR,ERR,ERR,ERR,ERR,ERR,ERR,ERR,ERR,ERR,ERR,ERR,ERR,ERR,ERR,ERR,ERR,ERR,ERR,0.0,-0.0,-0.0,0.0,0.0,1.3936040501711995e+18,7.805,0.0,0,0,4,0,7300,-0.0,0,0.0,0.0,0.0,0.0,0.0,0,0,0,0,0.0,0,0,0,0,0,0,0,0,0,0,0,0,0,0,0,0,0,0,0,0,0,0,0,0,0,0,0,0,0,0,0,0,0,32,30,30,62,65476,0,300,0,0,8,21553,0.0,-107605600.0,0.0,0.0,0.0,0.0,0.0,0.0,0.0,0.0,0.0,0.0,0.0,0.0,0.0,0.0,0.0,0.0,0.0,0.0,0.0,0.0,-0.0,-2.004,2.004,-0.0,0.0,0.0,0.0,0.0,5558.0,-2.4229928044486764e+24,6912.0,0.0,-0.0,-0.0,2.7184296605801213e+23,0.0,0.0,0.0,0.0,63,0.0,-0.0,0.0,0.0,0.0,0.0,0.0,0.0,0.0,0,0,0,0.0,0.0,0.0,0.0,0.0,0.0,0.0,0.0,0.0,0.0,0.0,0.0,0.0,0.0,0.0,0.0,0,-107875648.0,63,0.0,126,2.7184242562605685e+23,2.842318642297501e+23,ERR,ERR,ERR,ERR,ERR,ERR,ERR,ERR,ERR,ERR,ERR,ERR,ERR,ERR,ERR,ERR,ERR,ERR,ERR,ERR,ERR,ERR,ERR,ERR,ERR,ERR,ERR,ERR,ERR,ERR,ERR,ERR,ERR,ERR,ERR,ERR,ERR,ERR,ERR,ERR,ERR,ERR,ERR,ERR,ERR,ERR,ERR,ERR,ERR,ERR,ERR,ERR,ERR,ERR,ERR,ERR,ERR,ERR,ERR,ERR,ERR,ERR,ERR,ERR,ERR,ERR,ERR,34.0,80.0,35,0.0,0.0,0.0,0.0,0.0,0.0,0.0,0.0,0.0,0.0,0.0,0.0,0.0,0.0,0.0,0.0,64.4,0,116,56,49,65476,0,300,0,0,8,20529,65476,0,0,57672,80.0,0.0,0.0,0.0,0.0,0.0
2026-06-17T04:45:08,ERR,ERR,ERR,ERR,ERR,ERR,ERR,ERR,ERR,ERR,ERR,ERR,ERR,ERR,ERR,ERR,ERR,ERR,ERR,ERR,ERR,ERR,ERR,ERR,ERR,ERR,ERR,ERR,ERR,ERR,ERR,ERR,ERR,ERR,ERR,ERR,ERR,ERR,ERR,ERR,ERR,ERR,ERR,ERR,ERR,ERR,ERR,ERR,ERR,ERR,ERR,ERR,ERR,ERR,ERR,ERR,ERR,ERR,ERR,ERR,ERR,ERR,ERR,ERR,ERR,ERR,ERR,ERR,ERR,ERR,ERR,ERR,ERR,ERR,ERR,ERR,ERR,ERR,ERR,ERR,ERR,ERR,ERR,ERR,ERR,ERR,ERR,ERR,ERR,ERR,ERR,ERR,ERR,ERR,ERR,ERR,ERR,ERR,ERR,ERR,ERR,ERR,ERR,ERR,ERR,ERR,ERR,ERR,ERR,ERR,ERR,ERR,ERR,ERR,ERR,ERR,ERR,ERR,ERR,ERR,ERR,ERR,ERR,ERR,ERR,0.0,-0.0,-0.0,0.0,0.0,1.3936040501711995e+18,7.805,0.0,0,0,4,0,7300,-0.0,0,0.0,0.0,0.0,0.0,0.0,0,0,0,0,0.0,0,0,0,0,0,0,0,0,0,0,0,0,0,0,0,0,0,0,0,0,0,0,0,0,0,0,0,0,0,0,0,0,0,32,30,30,62,65476,0,300,0,0,8,21553,0.0,-107605600.0,0.0,0.0,0.0,0.0,0.0,0.0,0.0,0.0,0.0,0.0,0.0,0.0,0.0,0.0,0.0,0.0,0.0,0.0,0.0,0.0,-0.0,-2.004,2.004,-0.0,0.0,0.0,0.0,0.0,5558.0,-2.4229928044486764e+24,6912.0,0.0,-0.0,-0.0,2.7184296605801213e+23,0.0,0.0,0.0,0.0,63,0.0,-0.0,0.0,0.0,0.0,0.0,0.0,0.0,0.0,0,0,0,0.0,0.0,0.0,0.0,0.0,0.0,0.0,0.0,0.0,0.0,0.0,0.0,0.0,0.0,0.0,0.0,0,-107875648.0,63,0.0,126,2.7184242562605685e+23,2.842318642297501e+23,ERR,ERR,ERR,ERR,ERR,ERR,ERR,ERR,ERR,ERR,ERR,ERR,ERR,ERR,ERR,ERR,ERR,ERR,ERR,ERR,ERR,ERR,ERR,ERR,ERR,ERR,ERR,ERR,ERR,ERR,ERR,ERR,ERR,ERR,ERR,ERR,ERR,ERR,ERR,ERR,ERR,ERR,ERR,ERR,ERR,ERR,ERR,ERR,ERR,ERR,ERR,ERR,ERR,ERR,ERR,ERR,ERR,ERR,ERR,ERR,ERR,ERR,ERR,ERR,ERR,ERR,ERR,34.0,80.0,35,0.0,0.0,0.0,0.0,0.0,0.0,0.0,0.0,0.0,0.0,0.0,0.0,0.0,0.0,0.0,0.0,64.4,0,116,56,49,65476,0,300,0,0,8,20529,65476,0,0,57672,80.0,0.0,0.0,0.0,0.0,0.0
2026-06-17T04:45:09,ERR,ERR,ERR,ERR,ERR,ERR,ERR,ERR,ERR,ERR,ERR,ERR,ERR,ERR,ERR,ERR,ERR,ERR,ERR,ERR,ERR,ERR,ERR,ERR,ERR,ERR,ERR,ERR,ERR,ERR,ERR,ERR,ERR,ERR,ERR,ERR,ERR,ERR,ERR,ERR,ERR,ERR,ERR,ERR,ERR,ERR,ERR,ERR,ERR,ERR,ERR,ERR,ERR,ERR,ERR,ERR,ERR,ERR,ERR,ERR,ERR,ERR,ERR,ERR,ERR,ERR,ERR,ERR,ERR,ERR,ERR,ERR,ERR,ERR,ERR,ERR,ERR,ERR,ERR,ERR,ERR,ERR,ERR,ERR,ERR,ERR,ERR,ERR,ERR,ERR,ERR,ERR,ERR,ERR,ERR,ERR,ERR,ERR,ERR,ERR,ERR,ERR,ERR,ERR,ERR,ERR,ERR,ERR,ERR,ERR,ERR,ERR,ERR,ERR,ERR,ERR,ERR,ERR,ERR,ERR,ERR,ERR,ERR,ERR,ERR,0.0,-0.0,-0.0,0.0,0.0,1.3936040501711995e+18,7.805,0.0,0,0,4,0,7300,-0.0,0,0.0,0.0,0.0,0.0,0.0,0,0,0,0,0.0,0,0,0,0,0,0,0,0,0,0,0,0,0,0,0,0,0,0,0,0,0,0,0,0,0,0,0,0,0,0,0,0,0,32,30,30,62,65476,0,300,0,0,8,21553,0.0,-107605600.0,0.0,0.0,0.0,0.0,0.0,0.0,0.0,0.0,0.0,0.0,0.0,0.0,0.0,0.0,0.0,0.0,0.0,0.0,0.0,0.0,-0.0,-2.004,2.004,-0.0,0.0,0.0,0.0,0.0,5558.0,-2.4229928044486764e+24,6912.0,0.0,-0.0,-0.0,2.7184296605801213e+23,0.0,0.0,0.0,0.0,63,0.0,-0.0,0.0,0.0,0.0,0.0,0.0,0.0,0.0,0,0,0,0.0,0.0,0.0,0.0,0.0,0.0,0.0,0.0,0.0,0.0,0.0,0.0,0.0,0.0,0.0,0.0,0,-107875648.0,63,0.0,126,2.7184242562605685e+23,2.842318642297501e+23,ERR,ERR,ERR,ERR,ERR,ERR,ERR,ERR,ERR,ERR,ERR,ERR,ERR,ERR,ERR,ERR,ERR,ERR,ERR,ERR,ERR,ERR,ERR,ERR,ERR,ERR,ERR,ERR,ERR,ERR,ERR,ERR,ERR,ERR,ERR,ERR,ERR,ERR,ERR,ERR,ERR,ERR,ERR,ERR,ERR,ERR,ERR,ERR,ERR,ERR,ERR,ERR,ERR,ERR,ERR,ERR,ERR,ERR,ERR,ERR,ERR,ERR,ERR,ERR,ERR,ERR,ERR,34.0,80.0,35,0.0,0.0,0.0,0.0,0.0,0.0,0.0,0.0,0.0,0.0,0.0,0.0,0.0,0.0,0.0,0.0,64.8,0,116,56,49,65476,0,300,0,0,8,20529,65476,0,0,57672,80.0,0.0,0.0,0.0,0.0,0.0
2026-06-17T04:45:10,ERR,ERR,ERR,ERR,ERR,ERR,ERR,ERR,ERR,ERR,ERR,ERR,ERR,ERR,ERR,ERR,ERR,ERR,ERR,ERR,ERR,ERR,ERR,ERR,ERR,ERR,ERR,ERR,ERR,ERR,ERR,ERR,ERR,ERR,ERR,ERR,ERR,ERR,ERR,ERR,ERR,ERR,ERR,ERR,ERR,ERR,ERR,ERR,ERR,ERR,ERR,ERR,ERR,ERR,ERR,ERR,ERR,ERR,ERR,ERR,ERR,ERR,ERR,ERR,ERR,ERR,ERR,ERR,ERR,ERR,ERR,ERR,ERR,ERR,ERR,ERR,ERR,ERR,ERR,ERR,ERR,ERR,ERR,ERR,ERR,ERR,ERR,ERR,ERR,ERR,ERR,ERR,ERR,ERR,ERR,ERR,ERR,ERR,ERR,ERR,ERR,ERR,ERR,ERR,ERR,ERR,ERR,ERR,ERR,ERR,ERR,ERR,ERR,ERR,ERR,ERR,ERR,ERR,ERR,ERR,ERR,ERR,ERR,ERR,ERR,0.0,-0.0,-0.0,0.0,0.0,1.3936040501711995e+18,7.805,0.0,0,0,4,0,7300,-0.0,0,0.0,0.0,0.0,0.0,0.0,0,0,0,0,0.0,0,0,0,0,0,0,0,0,0,0,0,0,0,0,0,0,0,0,0,0,0,0,0,0,0,0,0,0,0,0,0,0,0,32,30,30,62,65476,0,300,0,0,8,21553,0.0,-107605600.0,0.0,0.0,0.0,0.0,0.0,0.0,0.0,0.0,0.0,0.0,0.0,0.0,0.0,0.0,0.0,0.0,0.0,0.0,0.0,0.0,-0.0,-2.004,2.004,-0.0,0.0,0.0,0.0,0.0,5558.0,-2.4229928044486764e+24,6912.0,0.0,-0.0,-0.0,2.7184296605801213e+23,0.0,0.0,0.0,0.0,63,0.0,-0.0,0.0,0.0,0.0,0.0,0.0,0.0,0.0,0,0,0,0.0,0.0,0.0,0.0,0.0,0.0,0.0,0.0,0.0,0.0,0.0,0.0,0.0,0.0,0.0,0.0,0,-107875648.0,63,0.0,126,2.7184242562605685e+23,2.842318642297501e+23,ERR,ERR,ERR,ERR,ERR,ERR,ERR,ERR,ERR,ERR,ERR,ERR,ERR,ERR,ERR,ERR,ERR,ERR,ERR,ERR,ERR,ERR,ERR,ERR,ERR,ERR,ERR,ERR,ERR,ERR,ERR,ERR,ERR,ERR,ERR,ERR,ERR,ERR,ERR,ERR,ERR,ERR,ERR,ERR,ERR,ERR,ERR,ERR,ERR,ERR,ERR,ERR,ERR,ERR,ERR,ERR,ERR,ERR,ERR,ERR,ERR,ERR,ERR,ERR,ERR,ERR,ERR,34.0,80.0,35,0.0,0.0,0.0,0.0,0.0,0.0,0.0,0.0,0.0,0.0,0.0,0.0,0.0,0.0,0.0,0.0,64.8,0,116,56,49,65476,0,300,0,0,8,20529,65476,0,0,57672,80.0,0.0,0.0,0.0,0.0,0.0
2026-06-17T04:45:11,ERR,ERR,ERR,ERR,ERR,ERR,ERR,ERR,ERR,ERR,ERR,ERR,ERR,ERR,ERR,ERR,ERR,ERR,ERR,ERR,ERR,ERR,ERR,ERR,ERR,ERR,ERR,ERR,ERR,ERR,ERR,ERR,ERR,ERR,ERR,ERR,ERR,ERR,ERR,ERR,ERR,ERR,ERR,ERR,ERR,ERR,ERR,ERR,ERR,ERR,ERR,ERR,ERR,ERR,ERR,ERR,ERR,ERR,ERR,ERR,ERR,ERR,ERR,ERR,ERR,ERR,ERR,ERR,ERR,ERR,ERR,ERR,ERR,ERR,ERR,ERR,ERR,ERR,ERR,ERR,ERR,ERR,ERR,ERR,ERR,ERR,ERR,ERR,ERR,ERR,ERR,ERR,ERR,ERR,ERR,ERR,ERR,ERR,ERR,ERR,ERR,ERR,ERR,ERR,ERR,ERR,ERR,ERR,ERR,ERR,ERR,ERR,ERR,ERR,ERR,ERR,ERR,ERR,ERR,ERR,ERR,ERR,ERR,ERR,ERR,0.0,-0.0,-0.0,0.0,0.0,1.3936040501711995e+18,7.805,0.0,0,0,4,0,7300,-0.0,0,0.0,0.0,0.0,0.0,0.0,0,0,0,0,0.0,0,0,0,0,0,0,0,0,0,0,0,0,0,0,0,0,0,0,0,0,0,0,0,0,0,0,0,0,0,0,0,0,0,32,30,30,62,65476,0,300,0,0,8,21553,0.0,-107605600.0,0.0,0.0,0.0,0.0,0.0,0.0,0.0,0.0,0.0,0.0,0.0,0.0,0.0,0.0,0.0,0.0,0.0,0.0,0.0,0.0,-0.0,-2.004,2.004,-0.0,0.0,0.0,0.0,0.0,5558.0,-2.4229928044486764e+24,6912.0,0.0,-0.0,-0.0,2.7184296605801213e+23,0.0,0.0,0.0,0.0,63,0.0,-0.0,0.0,0.0,0.0,0.0,0.0,0.0,0.0,0,0,0,0.0,0.0,0.0,0.0,0.0,0.0,0.0,0.0,0.0,0.0,0.0,0.0,0.0,0.0,0.0,0.0,0,-107875648.0,63,0.0,126,2.7184242562605685e+23,2.842318642297501e+23,ERR,ERR,ERR,ERR,ERR,ERR,ERR,ERR,ERR,ERR,ERR,ERR,ERR,ERR,ERR,ERR,ERR,ERR,ERR,ERR,ERR,ERR,ERR,ERR,ERR,ERR,ERR,ERR,ERR,ERR,ERR,ERR,ERR,ERR,ERR,ERR,ERR,ERR,ERR,ERR,ERR,ERR,ERR,ERR,ERR,ERR,ERR,ERR,ERR,ERR,ERR,ERR,ERR,ERR,ERR,ERR,ERR,ERR,ERR,ERR,ERR,ERR,ERR,ERR,ERR,ERR,ERR,34.0,80.0,35,0.0,0.0,0.0,0.0,0.0,0.0,0.0,0.0,0.0,0.0,0.0,0.0,0.0,0.0,0.0,0.0,64.4,0,116,56,49,65476,0,300,0,0,8,20529,65476,0,0,57672,80.0,0.0,0.0,0.0,0.0,0.0
2026-06-17T04:45:12,ERR,ERR,ERR,ERR,ERR,ERR,ERR,ERR,ERR,ERR,ERR,ERR,ERR,ERR,ERR,ERR,ERR,ERR,ERR,ERR,ERR,ERR,ERR,ERR,ERR,ERR,ERR,ERR,ERR,ERR,ERR,ERR,ERR,ERR,ERR,ERR,ERR,ERR,ERR,ERR,ERR,ERR,ERR,ERR,ERR,ERR,ERR,ERR,ERR,ERR,ERR,ERR,ERR,ERR,ERR,ERR,ERR,ERR,ERR,ERR,ERR,ERR,ERR,ERR,ERR,ERR,ERR,ERR,ERR,ERR,ERR,ERR,ERR,ERR,ERR,ERR,ERR,ERR,ERR,ERR,ERR,ERR,ERR,ERR,ERR,ERR,ERR,ERR,ERR,ERR,ERR,ERR,ERR,ERR,ERR,ERR,ERR,ERR,ERR,ERR,ERR,ERR,ERR,ERR,ERR,ERR,ERR,ERR,ERR,ERR,ERR,ERR,ERR,ERR,ERR,ERR,ERR,ERR,ERR,ERR,ERR,ERR,ERR,ERR,ERR,0.0,-0.0,-0.0,0.0,0.0,1.3936040501711995e+18,7.805,0.0,0,0,4,0,7300,-0.0,0,0.0,0.0,0.0,0.0,0.0,0,0,0,0,0.0,0,0,0,0,0,0,0,0,0,0,0,0,0,0,0,0,0,0,0,0,0,0,0,0,0,0,0,0,0,0,0,0,0,32,30,30,62,65476,0,300,0,0,8,21553,0.0,-107605600.0,0.0,0.0,0.0,0.0,0.0,0.0,0.0,0.0,0.0,0.0,0.0,0.0,0.0,0.0,0.0,0.0,0.0,0.0,0.0,0.0,-0.0,-2.004,2.004,-0.0,0.0,0.0,0.0,0.0,5590.0,0.0,6915.0,0.0,-0.0,-107615280.0,2.7184296605801213e+23,0.0,0.0,0.0,0.0,63,0.0,-152017649532928.0,0.0,0.0,0.0,0.0,0.0,0.0,0.0,0,0,0,0.0,0.0,0.0,0.0,0.0,0.0,0.0,0.0,0.0,0.0,0.0,0.0,0.0,0.0,0.0,0.0,0,-107875648.0,63,0.0,126,2.7184242562605685e+23,2.842318642297501e+23,ERR,ERR,ERR,ERR,ERR,ERR,ERR,ERR,ERR,ERR,ERR,ERR,ERR,ERR,ERR,ERR,ERR,ERR,ERR,ERR,ERR,ERR,ERR,ERR,ERR,ERR,ERR,ERR,ERR,ERR,ERR,ERR,ERR,ERR,ERR,ERR,ERR,ERR,ERR,ERR,ERR,ERR,ERR,ERR,ERR,ERR,ERR,ERR,ERR,ERR,ERR,ERR,ERR,ERR,ERR,ERR,ERR,ERR,ERR,ERR,ERR,ERR,ERR,ERR,ERR,ERR,ERR,34.0,80.0,35,0.0,0.0,0.0,0.0,0.0,0.0,0.0,0.0,0.0,0.0,0.0,0.0,0.0,0.0,0.0,0.0,64.4,0,116,56,49,65476,0,300,0,0,8,20529,65476,0,0,57672,80.0,0.0,0.0,0.0,0.0,0.0
2026-06-17T04:45:13,ERR,ERR,ERR,ERR,ERR,ERR,ERR,ERR,ERR,ERR,ERR,ERR,ERR,ERR,ERR,ERR,ERR,ERR,ERR,ERR,ERR,ERR,ERR,ERR,ERR,ERR,ERR,ERR,ERR,ERR,ERR,ERR,ERR,ERR,ERR,ERR,ERR,ERR,ERR,ERR,ERR,ERR,ERR,ERR,ERR,ERR,ERR,ERR,ERR,ERR,ERR,ERR,ERR,ERR,ERR,ERR,ERR,ERR,ERR,ERR,ERR,ERR,ERR,ERR,ERR,ERR,ERR,ERR,ERR,ERR,ERR,ERR,ERR,ERR,ERR,ERR,ERR,ERR,ERR,ERR,ERR,ERR,ERR,ERR,ERR,ERR,ERR,ERR,ERR,ERR,ERR,ERR,ERR,ERR,ERR,ERR,ERR,ERR,ERR,ERR,ERR,ERR,ERR,ERR,ERR,ERR,ERR,ERR,ERR,ERR,ERR,ERR,ERR,ERR,ERR,ERR,ERR,ERR,ERR,ERR,ERR,ERR,ERR,ERR,ERR,0.0,-0.0,-0.0,0.0,0.0,1.3936040501711995e+18,7.805,0.0,0,0,4,0,7300,-0.0,0,0.0,0.0,0.0,0.0,0.0,0,0,0,0,0.0,0,0,0,0,0,0,0,0,0,0,0,0,0,0,0,0,0,0,0,0,0,0,0,0,0,0,0,0,0,0,0,0,0,32,30,30,62,65476,0,300,0,0,8,21553,0.0,-107605600.0,0.0,0.0,0.0,0.0,0.0,0.0,0.0,0.0,0.0,0.0,0.0,0.0,0.0,0.0,0.0,0.0,0.0,0.0,0.0,0.0,-0.0,-2.004,2.004,-0.0,0.0,0.0,0.0,0.0,5590.0,0.0,6915.0,0.0,-0.0,-107615280.0,2.7184296605801213e+23,0.0,0.0,0.0,0.0,63,0.0,-152017649532928.0,0.0,0.0,0.0,0.0,0.0,0.0,0.0,0,0,0,0.0,0.0,0.0,0.0,0.0,0.0,0.0,0.0,0.0,0.0,0.0,0.0,0.0,0.0,0.0,0.0,0,-107875648.0,63,0.0,126,2.7184242562605685e+23,2.842318642297501e+23,ERR,ERR,ERR,ERR,ERR,ERR,ERR,ERR,ERR,ERR,ERR,ERR,ERR,ERR,ERR,ERR,ERR,ERR,ERR,ERR,ERR,ERR,ERR,ERR,ERR,ERR,ERR,ERR,ERR,ERR,ERR,ERR,ERR,ERR,ERR,ERR,ERR,ERR,ERR,ERR,ERR,ERR,ERR,ERR,ERR,ERR,ERR,ERR,ERR,ERR,ERR,ERR,ERR,ERR,ERR,ERR,ERR,ERR,ERR,ERR,ERR,ERR,ERR,ERR,ERR,ERR,ERR,34.0,80.0,35,0.0,0.0,0.0,0.0,0.0,0.0,0.0,0.0,0.0,0.0,0.0,0.0,0.0,0.0,0.0,0.0,64.8,0,116,56,49,65476,0,300,0,0,8,20529,65476,0,0,57672,80.0,0.0,0.0,0.0,0.0,0.0
2026-06-17T04:45:14,ERR,ERR,ERR,ERR,ERR,ERR,ERR,ERR,ERR,ERR,ERR,ERR,ERR,ERR,ERR,ERR,ERR,ERR,ERR,ERR,ERR,ERR,ERR,ERR,ERR,ERR,ERR,ERR,ERR,ERR,ERR,ERR,ERR,ERR,ERR,ERR,ERR,ERR,ERR,ERR,ERR,ERR,ERR,ERR,ERR,ERR,ERR,ERR,ERR,ERR,ERR,ERR,ERR,ERR,ERR,ERR,ERR,ERR,ERR,ERR,ERR,ERR,ERR,ERR,ERR,ERR,ERR,ERR,ERR,ERR,ERR,ERR,ERR,ERR,ERR,ERR,ERR,ERR,ERR,ERR,ERR,ERR,ERR,ERR,ERR,ERR,ERR,ERR,ERR,ERR,ERR,ERR,ERR,ERR,ERR,ERR,ERR,ERR,ERR,ERR,ERR,ERR,ERR,ERR,ERR,ERR,ERR,ERR,ERR,ERR,ERR,ERR,ERR,ERR,ERR,ERR,ERR,ERR,ERR,ERR,ERR,ERR,ERR,ERR,ERR,0.0,-0.0,-0.0,0.0,0.0,1.3936040501711995e+18,7.805,0.0,0,0,4,0,7300,-0.0,0,0.0,0.0,0.0,0.0,0.0,0,0,0,0,0.0,0,0,0,0,0,0,0,0,0,0,0,0,0,0,0,0,0,0,0,0,0,0,0,0,0,0,0,0,0,0,0,0,0,32,30,30,62,65476,0,300,0,0,8,21553,0.0,-107605600.0,0.0,0.0,0.0,0.0,0.0,0.0,0.0,0.0,0.0,0.0,0.0,0.0,0.0,0.0,0.0,0.0,0.0,0.0,0.0,0.0,-0.0,-2.004,2.004,-0.0,0.0,0.0,0.0,0.0,5590.0,0.0,6915.0,0.0,-0.0,-107615280.0,2.7184296605801213e+23,0.0,0.0,0.0,0.0,63,0.0,-152017649532928.0,0.0,0.0,0.0,0.0,0.0,0.0,0.0,0,0,0,0.0,0.0,0.0,0.0,0.0,0.0,0.0,0.0,0.0,0.0,0.0,0.0,0.0,0.0,0.0,0.0,0,-107875648.0,63,0.0,126,2.7184242562605685e+23,2.842318642297501e+23,ERR,ERR,ERR,ERR,ERR,ERR,ERR,ERR,ERR,ERR,ERR,ERR,ERR,ERR,ERR,ERR,ERR,ERR,ERR,ERR,ERR,ERR,ERR,ERR,ERR,ERR,ERR,ERR,ERR,ERR,ERR,ERR,ERR,ERR,ERR,ERR,ERR,ERR,ERR,ERR,ERR,ERR,ERR,ERR,ERR,ERR,ERR,ERR,ERR,ERR,ERR,ERR,ERR,ERR,ERR,ERR,ERR,ERR,ERR,ERR,ERR,ERR,ERR,ERR,ERR,ERR,ERR,34.0,80.0,35,0.0,0.0,0.0,0.0,0.0,0.0,0.0,0.0,0.0,0.0,0.0,0.0,0.0,0.0,0.0,0.0,64.4,0,116,56,49,65476,0,300,0,0,8,20529,65476,0,0,57672,80.0,0.0,0.0,0.0,0.0,0.0
2026-06-17T04:45:15,ERR,ERR,ERR,ERR,ERR,ERR,ERR,ERR,ERR,ERR,ERR,ERR,ERR,ERR,ERR,ERR,ERR,ERR,ERR,ERR,ERR,ERR,ERR,ERR,ERR,ERR,ERR,ERR,ERR,ERR,ERR,ERR,ERR,ERR,ERR,ERR,ERR,ERR,ERR,ERR,ERR,ERR,ERR,ERR,ERR,ERR,ERR,ERR,ERR,ERR,ERR,ERR,ERR,ERR,ERR,ERR,ERR,ERR,ERR,ERR,ERR,ERR,ERR,ERR,ERR,ERR,ERR,ERR,ERR,ERR,ERR,ERR,ERR,ERR,ERR,ERR,ERR,ERR,ERR,ERR,ERR,ERR,ERR,ERR,ERR,ERR,ERR,ERR,ERR,ERR,ERR,ERR,ERR,ERR,ERR,ERR,ERR,ERR,ERR,ERR,ERR,ERR,ERR,ERR,ERR,ERR,ERR,ERR,ERR,ERR,ERR,ERR,ERR,ERR,ERR,ERR,ERR,ERR,ERR,ERR,ERR,ERR,ERR,ERR,ERR,0.0,-0.0,-0.0,0.0,0.0,1.3936040501711995e+18,7.805,0.0,0,0,4,0,7300,-0.0,0,0.0,0.0,0.0,0.0,0.0,0,0,0,0,0.0,0,0,0,0,0,0,0,0,0,0,0,0,0,0,0,0,0,0,0,0,0,0,0,0,0,0,0,0,0,0,0,0,0,32,30,30,62,65476,0,300,0,0,8,21553,0.0,-107605600.0,0.0,0.0,0.0,0.0,0.0,0.0,0.0,0.0,0.0,0.0,0.0,0.0,0.0,0.0,0.0,0.0,0.0,0.0,0.0,0.0,-0.0,-2.004,2.004,-0.0,0.0,0.0,0.0,0.0,5590.0,0.0,6915.0,0.0,-0.0,-107615280.0,2.7184296605801213e+23,0.0,0.0,0.0,0.0,63,0.0,-152017649532928.0,0.0,0.0,0.0,0.0,0.0,0.0,0.0,0,0,0,0.0,0.0,0.0,0.0,0.0,0.0,0.0,0.0,0.0,0.0,0.0,0.0,0.0,0.0,0.0,0.0,0,-107875648.0,63,0.0,126,2.7184242562605685e+23,2.842318642297501e+23,ERR,ERR,ERR,ERR,ERR,ERR,ERR,ERR,ERR,ERR,ERR,ERR,ERR,ERR,ERR,ERR,ERR,ERR,ERR,ERR,ERR,ERR,ERR,ERR,ERR,ERR,ERR,ERR,ERR,ERR,ERR,ERR,ERR,ERR,ERR,ERR,ERR,ERR,ERR,ERR,ERR,ERR,ERR,ERR,ERR,ERR,ERR,ERR,ERR,ERR,ERR,ERR,ERR,ERR,ERR,ERR,ERR,ERR,ERR,ERR,ERR,ERR,ERR,ERR,ERR,ERR,ERR,34.0,80.0,35,0.0,0.0,0.0,0.0,0.0,0.0,0.0,0.0,0.0,0.0,0.0,0.0,0.0,0.0,0.0,0.0,64.4,0,116,56,49,65476,0,300,0,0,8,20529,65476,0,0,57672,80.0,0.0,0.0,0.0,0.0,0.0
2026-06-17T04:45:16,ERR,ERR,ERR,ERR,ERR,ERR,ERR,ERR,ERR,ERR,ERR,ERR,ERR,ERR,ERR,ERR,ERR,ERR,ERR,ERR,ERR,ERR,ERR,ERR,ERR,ERR,ERR,ERR,ERR,ERR,ERR,ERR,ERR,ERR,ERR,ERR,ERR,ERR,ERR,ERR,ERR,ERR,ERR,ERR,ERR,ERR,ERR,ERR,ERR,ERR,ERR,ERR,ERR,ERR,ERR,ERR,ERR,ERR,ERR,ERR,ERR,ERR,ERR,ERR,ERR,ERR,ERR,ERR,ERR,ERR,ERR,ERR,ERR,ERR,ERR,ERR,ERR,ERR,ERR,ERR,ERR,ERR,ERR,ERR,ERR,ERR,ERR,ERR,ERR,ERR,ERR,ERR,ERR,ERR,ERR,ERR,ERR,ERR,ERR,ERR,ERR,ERR,ERR,ERR,ERR,ERR,ERR,ERR,ERR,ERR,ERR,ERR,ERR,ERR,ERR,ERR,ERR,ERR,ERR,ERR,ERR,ERR,ERR,ERR,ERR,0.0,-0.0,-0.0,0.0,0.0,1.3936040501711995e+18,7.805,0.0,0,0,4,0,7300,-0.0,0,0.0,0.0,0.0,0.0,0.0,0,0,0,0,0.0,0,0,0,0,0,0,0,0,0,0,0,0,0,0,0,0,0,0,0,0,0,0,0,0,0,0,0,0,0,0,0,0,0,32,30,30,62,65476,0,300,0,0,8,21553,0.0,-107605600.0,0.0,0.0,0.0,0.0,0.0,0.0,0.0,0.0,0.0,0.0,0.0,0.0,0.0,0.0,0.0,0.0,0.0,0.0,0.0,0.0,-0.0,-2.004,2.004,-0.0,0.0,0.0,0.0,0.0,5590.0,0.0,6915.0,0.0,-0.0,-107615280.0,2.7184296605801213e+23,0.0,0.0,0.0,0.0,63,0.0,-152017649532928.0,0.0,0.0,0.0,0.0,0.0,0.0,0.0,0,0,0,0.0,0.0,0.0,0.0,0.0,0.0,0.0,0.0,0.0,0.0,0.0,0.0,0.0,0.0,0.0,0.0,0,-107875648.0,63,0.0,126,2.7184242562605685e+23,2.842318642297501e+23,ERR,ERR,ERR,ERR,ERR,ERR,ERR,ERR,ERR,ERR,ERR,ERR,ERR,ERR,ERR,ERR,ERR,ERR,ERR,ERR,ERR,ERR,ERR,ERR,ERR,ERR,ERR,ERR,ERR,ERR,ERR,ERR,ERR,ERR,ERR,ERR,ERR,ERR,ERR,ERR,ERR,ERR,ERR,ERR,ERR,ERR,ERR,ERR,ERR,ERR,ERR,ERR,ERR,ERR,ERR,ERR,ERR,ERR,ERR,ERR,ERR,ERR,ERR,ERR,ERR,ERR,ERR,34.0,80.0,35,0.0,0.0,0.0,0.0,0.0,0.0,0.0,0.0,0.0,0.0,0.0,0.0,0.0,0.0,0.0,0.0,64.4,0,116,56,49,65476,0,300,0,0,8,20529,65476,0,0,57672,80.0,0.0,0.0,0.0,0.0,0.0
2026-06-17T04:45:17,ERR,ERR,ERR,ERR,ERR,ERR,ERR,ERR,ERR,ERR,ERR,ERR,ERR,ERR,ERR,ERR,ERR,ERR,ERR,ERR,ERR,ERR,ERR,ERR,ERR,ERR,ERR,ERR,ERR,ERR,ERR,ERR,ERR,ERR,ERR,ERR,ERR,ERR,ERR,ERR,ERR,ERR,ERR,ERR,ERR,ERR,ERR,ERR,ERR,ERR,ERR,ERR,ERR,ERR,ERR,ERR,ERR,ERR,ERR,ERR,ERR,ERR,ERR,ERR,ERR,ERR,ERR,ERR,ERR,ERR,ERR,ERR,ERR,ERR,ERR,ERR,ERR,ERR,ERR,ERR,ERR,ERR,ERR,ERR,ERR,ERR,ERR,ERR,ERR,ERR,ERR,ERR,ERR,ERR,ERR,ERR,ERR,ERR,ERR,ERR,ERR,ERR,ERR,ERR,ERR,ERR,ERR,ERR,ERR,ERR,ERR,ERR,ERR,ERR,ERR,ERR,ERR,ERR,ERR,ERR,ERR,ERR,ERR,ERR,ERR,0.0,-0.0,3.028208139652935e+23,0.0,0.0,1.3936040501711995e+18,7.805,0.0,0,0,4,0,7300,-0.0,0,0.0,0.0,0.0,0.0,0.0,0,0,0,0,0.0,0,0,0,0,0,0,0,0,0,0,0,0,0,0,0,0,0,0,0,0,0,0,0,0,0,0,0,0,0,0,0,0,0,32,30,30,62,65476,0,300,0,0,8,21553,0.0,-107605600.0,0.0,0.0,0.0,0.0,0.0,0.0,0.0,0.0,0.0,0.0,0.0,0.0,0.0,0.0,0.0,0.0,0.0,0.0,0.0,0.0,2.004,-2.004,2.004,-0.0,0.0,0.0,0.0,0.0,5558.0,-0.0,6931.0,0.0,-0.0,-0.0,2.7184296605801213e+23,0.0,0.0,0.0,0.0,63,0.0,0.0,0.0,0.0,0.0,0.0,0.0,0.0,0.0,0,0,0,0.0,0.0,0.0,0.0,0.0,0.0,0.0,0.0,0.0,0.0,0.0,0.0,0.0,0.0,0.0,0.0,0,-107875648.0,63,0.0,126,2.7184242562605685e+23,2.842318642297501e+23,ERR,ERR,ERR,ERR,ERR,ERR,ERR,ERR,ERR,ERR,ERR,ERR,ERR,ERR,ERR,ERR,ERR,ERR,ERR,ERR,ERR,ERR,ERR,ERR,ERR,ERR,ERR,ERR,ERR,ERR,ERR,ERR,ERR,ERR,ERR,ERR,ERR,ERR,ERR,ERR,ERR,ERR,ERR,ERR,ERR,ERR,ERR,ERR,ERR,ERR,ERR,ERR,ERR,ERR,ERR,ERR,ERR,ERR,ERR,ERR,ERR,ERR,ERR,ERR,ERR,ERR,ERR,34.0,80.0,35,0.0,0.0,0.0,0.0,0.0,0.0,0.0,0.0,0.0,0.0,0.0,0.0,0.0,0.0,0.0,0.0,64.4,0,116,56,49,65476,0,300,0,0,8,20529,65476,0,0,57672,80.0,0.0,0.0,0.0,0.0,0.0
2026-06-17T04:45:18,ERR,ERR,ERR,ERR,ERR,ERR,ERR,ERR,ERR,ERR,ERR,ERR,ERR,ERR,ERR,ERR,ERR,ERR,ERR,ERR,ERR,ERR,ERR,ERR,ERR,ERR,ERR,ERR,ERR,ERR,ERR,ERR,ERR,ERR,ERR,ERR,ERR,ERR,ERR,ERR,ERR,ERR,ERR,ERR,ERR,ERR,ERR,ERR,ERR,ERR,ERR,ERR,ERR,ERR,ERR,ERR,ERR,ERR,ERR,ERR,ERR,ERR,ERR,ERR,ERR,ERR,ERR,ERR,ERR,ERR,ERR,ERR,ERR,ERR,ERR,ERR,ERR,ERR,ERR,ERR,ERR,ERR,ERR,ERR,ERR,ERR,ERR,ERR,ERR,ERR,ERR,ERR,ERR,ERR,ERR,ERR,ERR,ERR,ERR,ERR,ERR,ERR,ERR,ERR,ERR,ERR,ERR,ERR,ERR,ERR,ERR,ERR,ERR,ERR,ERR,ERR,ERR,ERR,ERR,ERR,ERR,ERR,ERR,ERR,ERR,0.0,-0.0,3.028208139652935e+23,0.0,0.0,1.3936040501711995e+18,7.805,0.0,0,0,4,0,7300,-0.0,0,0.0,0.0,0.0,0.0,0.0,0,0,0,0,0.0,0,0,0,0,0,0,0,0,0,0,0,0,0,0,0,0,0,0,0,0,0,0,0,0,0,0,0,0,0,0,0,0,0,32,30,30,62,65476,0,300,0,0,8,21553,0.0,-107605600.0,0.0,0.0,0.0,0.0,0.0,0.0,0.0,0.0,0.0,0.0,0.0,0.0,0.0,0.0,0.0,0.0,0.0,0.0,0.0,0.0,2.004,-2.004,2.004,-0.0,0.0,0.0,0.0,0.0,5558.0,-0.0,6931.0,0.0,-0.0,-0.0,2.7184296605801213e+23,0.0,0.0,0.0,0.0,63,0.0,0.0,0.0,0.0,0.0,0.0,0.0,0.0,0.0,0,0,0,0.0,0.0,0.0,0.0,0.0,0.0,0.0,0.0,0.0,0.0,0.0,0.0,0.0,0.0,0.0,0.0,0,-107875648.0,63,0.0,126,2.7184242562605685e+23,2.842318642297501e+23,ERR,ERR,ERR,ERR,ERR,ERR,ERR,ERR,ERR,ERR,ERR,ERR,ERR,ERR,ERR,ERR,ERR,ERR,ERR,ERR,ERR,ERR,ERR,ERR,ERR,ERR,ERR,ERR,ERR,ERR,ERR,ERR,ERR,ERR,ERR,ERR,ERR,ERR,ERR,ERR,ERR,ERR,ERR,ERR,ERR,ERR,ERR,ERR,ERR,ERR,ERR,ERR,ERR,ERR,ERR,ERR,ERR,ERR,ERR,ERR,ERR,ERR,ERR,ERR,ERR,ERR,ERR,34.0,80.0,35,0.0,0.0,0.0,0.0,0.0,0.0,0.0,0.0,0.0,0.0,0.0,0.0,0.0,0.0,0.0,0.0,64.8,0,116,56,49,65476,0,300,0,0,8,20529,65476,0,0,57672,80.0,0.0,0.0,0.0,0.0,0.0
2026-06-17T04:45:19,ERR,ERR,ERR,ERR,ERR,ERR,ERR,ERR,ERR,ERR,ERR,ERR,ERR,ERR,ERR,ERR,ERR,ERR,ERR,ERR,ERR,ERR,ERR,ERR,ERR,ERR,ERR,ERR,ERR,ERR,ERR,ERR,ERR,ERR,ERR,ERR,ERR,ERR,ERR,ERR,ERR,ERR,ERR,ERR,ERR,ERR,ERR,ERR,ERR,ERR,ERR,ERR,ERR,ERR,ERR,ERR,ERR,ERR,ERR,ERR,ERR,ERR,ERR,ERR,ERR,ERR,ERR,ERR,ERR,ERR,ERR,ERR,ERR,ERR,ERR,ERR,ERR,ERR,ERR,ERR,ERR,ERR,ERR,ERR,ERR,ERR,ERR,ERR,ERR,ERR,ERR,ERR,ERR,ERR,ERR,ERR,ERR,ERR,ERR,ERR,ERR,ERR,ERR,ERR,ERR,ERR,ERR,ERR,ERR,ERR,ERR,ERR,ERR,ERR,ERR,ERR,ERR,ERR,ERR,ERR,ERR,ERR,ERR,ERR,ERR,0.0,-0.0,3.028208139652935e+23,0.0,0.0,1.3936040501711995e+18,7.805,0.0,0,0,4,0,7300,-0.0,0,0.0,0.0,0.0,0.0,0.0,0,0,0,0,0.0,0,0,0,0,0,0,0,0,0,0,0,0,0,0,0,0,0,0,0,0,0,0,0,0,0,0,0,0,0,0,0,0,0,32,30,30,62,65476,0,300,0,0,8,21553,0.0,-107605600.0,0.0,0.0,0.0,0.0,0.0,0.0,0.0,0.0,0.0,0.0,0.0,0.0,0.0,0.0,0.0,0.0,0.0,0.0,0.0,0.0,2.004,-2.004,2.004,-0.0,0.0,0.0,0.0,0.0,5558.0,-0.0,6931.0,0.0,-0.0,-0.0,2.7184296605801213e+23,0.0,0.0,0.0,0.0,63,0.0,0.0,0.0,0.0,0.0,0.0,0.0,0.0,0.0,0,0,0,0.0,0.0,0.0,0.0,0.0,0.0,0.0,0.0,0.0,0.0,0.0,0.0,0.0,0.0,0.0,0.0,0,-107875648.0,63,0.0,126,2.7184242562605685e+23,2.842318642297501e+23,ERR,ERR,ERR,ERR,ERR,ERR,ERR,ERR,ERR,ERR,ERR,ERR,ERR,ERR,ERR,ERR,ERR,ERR,ERR,ERR,ERR,ERR,ERR,ERR,ERR,ERR,ERR,ERR,ERR,ERR,ERR,ERR,ERR,ERR,ERR,ERR,ERR,ERR,ERR,ERR,ERR,ERR,ERR,ERR,ERR,ERR,ERR,ERR,ERR,ERR,ERR,ERR,ERR,ERR,ERR,ERR,ERR,ERR,ERR,ERR,ERR,ERR,ERR,ERR,ERR,ERR,ERR,34.0,80.0,35,0.0,0.0,0.0,0.0,0.0,0.0,0.0,0.0,0.0,0.0,0.0,0.0,0.0,0.0,0.0,0.0,64.8,0,116,56,49,65476,0,300,0,0,8,20529,65476,0,0,57672,80.0,0.0,0.0,0.0,0.0,0.0
2026-06-17T04:45:20,ERR,ERR,ERR,ERR,ERR,ERR,ERR,ERR,ERR,ERR,ERR,ERR,ERR,ERR,ERR,ERR,ERR,ERR,ERR,ERR,ERR,ERR,ERR,ERR,ERR,ERR,ERR,ERR,ERR,ERR,ERR,ERR,ERR,ERR,ERR,ERR,ERR,ERR,ERR,ERR,ERR,ERR,ERR,ERR,ERR,ERR,ERR,ERR,ERR,ERR,ERR,ERR,ERR,ERR,ERR,ERR,ERR,ERR,ERR,ERR,ERR,ERR,ERR,ERR,ERR,ERR,ERR,ERR,ERR,ERR,ERR,ERR,ERR,ERR,ERR,ERR,ERR,ERR,ERR,ERR,ERR,ERR,ERR,ERR,ERR,ERR,ERR,ERR,ERR,ERR,ERR,ERR,ERR,ERR,ERR,ERR,ERR,ERR,ERR,ERR,ERR,ERR,ERR,ERR,ERR,ERR,ERR,ERR,ERR,ERR,ERR,ERR,ERR,ERR,ERR,ERR,ERR,ERR,ERR,ERR,ERR,ERR,ERR,ERR,ERR,0.0,-0.0,3.028208139652935e+23,0.0,0.0,1.3936040501711995e+18,7.805,0.0,0,0,4,0,7300,-0.0,0,0.0,0.0,0.0,0.0,0.0,0,0,0,0,0.0,0,0,0,0,0,0,0,0,0,0,0,0,0,0,0,0,0,0,0,0,0,0,0,0,0,0,0,0,0,0,0,0,0,32,30,30,62,65476,0,300,0,0,8,21553,0.0,-107605600.0,0.0,0.0,0.0,0.0,0.0,0.0,0.0,0.0,0.0,0.0,0.0,0.0,0.0,0.0,0.0,0.0,0.0,0.0,0.0,0.0,2.004,-2.004,2.004,-0.0,0.0,0.0,0.0,0.0,5558.0,-0.0,6931.0,0.0,-0.0,-0.0,2.7184296605801213e+23,0.0,0.0,0.0,0.0,63,0.0,0.0,0.0,0.0,0.0,0.0,0.0,0.0,0.0,0,0,0,0.0,0.0,0.0,0.0,0.0,0.0,0.0,0.0,0.0,0.0,0.0,0.0,0.0,0.0,0.0,0.0,0,-107875648.0,63,0.0,126,2.7184242562605685e+23,2.842318642297501e+23,ERR,ERR,ERR,ERR,ERR,ERR,ERR,ERR,ERR,ERR,ERR,ERR,ERR,ERR,ERR,ERR,ERR,ERR,ERR,ERR,ERR,ERR,ERR,ERR,ERR,ERR,ERR,ERR,ERR,ERR,ERR,ERR,ERR,ERR,ERR,ERR,ERR,ERR,ERR,ERR,ERR,ERR,ERR,ERR,ERR,ERR,ERR,ERR,ERR,ERR,ERR,ERR,ERR,ERR,ERR,ERR,ERR,ERR,ERR,ERR,ERR,ERR,ERR,ERR,ERR,ERR,ERR,34.0,80.0,35,0.0,0.0,0.0,0.0,0.0,0.0,0.0,0.0,0.0,0.0,0.0,0.0,0.0,0.0,0.0,0.0,64.4,0,116,56,49,65476,0,300,0,0,8,20529,65476,0,0,57672,80.0,0.0,0.0,0.0,0.0,0.0
2026-06-17T04:45:21,ERR,ERR,ERR,ERR,ERR,ERR,ERR,ERR,ERR,ERR,ERR,ERR,ERR,ERR,ERR,ERR,ERR,ERR,ERR,ERR,ERR,ERR,ERR,ERR,ERR,ERR,ERR,ERR,ERR,ERR,ERR,ERR,ERR,ERR,ERR,ERR,ERR,ERR,ERR,ERR,ERR,ERR,ERR,ERR,ERR,ERR,ERR,ERR,ERR,ERR,ERR,ERR,ERR,ERR,ERR,ERR,ERR,ERR,ERR,ERR,ERR,ERR,ERR,ERR,ERR,ERR,ERR,ERR,ERR,ERR,ERR,ERR,ERR,ERR,ERR,ERR,ERR,ERR,ERR,ERR,ERR,ERR,ERR,ERR,ERR,ERR,ERR,ERR,ERR,ERR,ERR,ERR,ERR,ERR,ERR,ERR,ERR,ERR,ERR,ERR,ERR,ERR,ERR,ERR,ERR,ERR,ERR,ERR,ERR,ERR,ERR,ERR,ERR,ERR,ERR,ERR,ERR,ERR,ERR,ERR,ERR,ERR,ERR,ERR,ERR,0.0,-0.0,3.028208139652935e+23,0.0,0.0,1.3936040501711995e+18,7.805,0.0,0,0,4,0,7300,-0.0,0,0.0,0.0,0.0,0.0,0.0,0,0,0,0,0.0,0,0,0,0,0,0,0,0,0,0,0,0,0,0,0,0,0,0,0,0,0,0,0,0,0,0,0,0,0,0,0,0,0,32,30,30,62,65476,0,300,0,0,8,21553,0.0,-107605600.0,0.0,0.0,0.0,0.0,0.0,0.0,0.0,0.0,0.0,0.0,0.0,0.0,0.0,0.0,0.0,0.0,0.0,0.0,0.0,0.0,2.004,-2.004,2.004,-0.0,0.0,0.0,0.0,0.0,5558.0,-0.0,6931.0,0.0,-0.0,-0.0,2.7184296605801213e+23,0.0,0.0,0.0,0.0,63,0.0,0.0,0.0,0.0,0.0,0.0,0.0,0.0,0.0,0,0,0,0.0,0.0,0.0,0.0,0.0,0.0,0.0,0.0,0.0,0.0,0.0,0.0,0.0,0.0,0.0,0.0,0,-107875648.0,63,0.0,126,2.7184242562605685e+23,2.842318642297501e+23,ERR,ERR,ERR,ERR,ERR,ERR,ERR,ERR,ERR,ERR,ERR,ERR,ERR,ERR,ERR,ERR,ERR,ERR,ERR,ERR,ERR,ERR,ERR,ERR,ERR,ERR,ERR,ERR,ERR,ERR,ERR,ERR,ERR,ERR,ERR,ERR,ERR,ERR,ERR,ERR,ERR,ERR,ERR,ERR,ERR,ERR,ERR,ERR,ERR,ERR,ERR,ERR,ERR,ERR,ERR,ERR,ERR,ERR,ERR,ERR,ERR,ERR,ERR,ERR,ERR,ERR,ERR,34.0,80.0,35,0.0,0.0,0.0,0.0,0.0,0.0,0.0,0.0,0.0,0.0,0.0,0.0,0.0,0.0,0.0,0.0,64.4,0,116,56,49,65476,0,300,0,0,8,20529,65476,0,0,57672,80.0,0.0,0.0,0.0,0.0,0.0
2026-06-17T04:45:22,ERR,ERR,ERR,ERR,ERR,ERR,ERR,ERR,ERR,ERR,ERR,ERR,ERR,ERR,ERR,ERR,ERR,ERR,ERR,ERR,ERR,ERR,ERR,ERR,ERR,ERR,ERR,ERR,ERR,ERR,ERR,ERR,ERR,ERR,ERR,ERR,ERR,ERR,ERR,ERR,ERR,ERR,ERR,ERR,ERR,ERR,ERR,ERR,ERR,ERR,ERR,ERR,ERR,ERR,ERR,ERR,ERR,ERR,ERR,ERR,ERR,ERR,ERR,ERR,ERR,ERR,ERR,ERR,ERR,ERR,ERR,ERR,ERR,ERR,ERR,ERR,ERR,ERR,ERR,ERR,ERR,ERR,ERR,ERR,ERR,ERR,ERR,ERR,ERR,ERR,ERR,ERR,ERR,ERR,ERR,ERR,ERR,ERR,ERR,ERR,ERR,ERR,ERR,ERR,ERR,ERR,ERR,ERR,ERR,ERR,ERR,ERR,ERR,ERR,ERR,ERR,ERR,ERR,ERR,ERR,ERR,ERR,ERR,ERR,ERR,0.0,-0.0,3.028208139652935e+23,0.0,0.0,1.3936040501711995e+18,7.805,0.0,0,0,4,0,7300,-0.0,0,0.0,0.0,0.0,0.0,0.0,0,0,0,0,0.0,0,0,0,0,0,0,0,0,0,0,0,0,0,0,0,0,0,0,0,0,0,0,0,0,0,0,0,0,0,0,0,0,0,32,30,30,62,65476,0,300,0,0,8,21553,0.0,-107605600.0,0.0,0.0,0.0,0.0,0.0,0.0,0.0,0.0,0.0,0.0,0.0,0.0,0.0,0.0,0.0,0.0,0.0,0.0,0.0,0.0,2.004,-2.004,2.004,-0.0,0.0,0.0,0.0,0.0,5558.0,-0.0,6931.0,0.0,-0.0,-0.0,2.7184296605801213e+23,0.0,0.0,0.0,0.0,63,0.0,0.0,0.0,0.0,0.0,0.0,0.0,0.0,0.0,0,0,0,0.0,0.0,0.0,0.0,0.0,0.0,0.0,0.0,0.0,0.0,0.0,0.0,0.0,0.0,0.0,0.0,0,-107875648.0,63,0.0,126,2.7184242562605685e+23,2.842318642297501e+23,ERR,ERR,ERR,ERR,ERR,ERR,ERR,ERR,ERR,ERR,ERR,ERR,ERR,ERR,ERR,ERR,ERR,ERR,ERR,ERR,ERR,ERR,ERR,ERR,ERR,ERR,ERR,ERR,ERR,ERR,ERR,ERR,ERR,ERR,ERR,ERR,ERR,ERR,ERR,ERR,ERR,ERR,ERR,ERR,ERR,ERR,ERR,ERR,ERR,ERR,ERR,ERR,ERR,ERR,ERR,ERR,ERR,ERR,ERR,ERR,ERR,ERR,ERR,ERR,ERR,ERR,ERR,34.0,80.0,35,0.0,0.0,0.0,0.0,0.0,0.0,0.0,0.0,0.0,0.0,0.0,0.0,0.0,0.0,0.0,0.0,64.8,0,116,56,49,65476,0,300,0,0,8,20529,65476,0,0,57672,80.0,0.0,0.0,0.0,0.0,0.0
2026-06-17T04:45:23,ERR,ERR,ERR,ERR,ERR,ERR,ERR,ERR,ERR,ERR,ERR,ERR,ERR,ERR,ERR,ERR,ERR,ERR,ERR,ERR,ERR,ERR,ERR,ERR,ERR,ERR,ERR,ERR,ERR,ERR,ERR,ERR,ERR,ERR,ERR,ERR,ERR,ERR,ERR,ERR,ERR,ERR,ERR,ERR,ERR,ERR,ERR,ERR,ERR,ERR,ERR,ERR,ERR,ERR,ERR,ERR,ERR,ERR,ERR,ERR,ERR,ERR,ERR,ERR,ERR,ERR,ERR,ERR,ERR,ERR,ERR,ERR,ERR,ERR,ERR,ERR,ERR,ERR,ERR,ERR,ERR,ERR,ERR,ERR,ERR,ERR,ERR,ERR,ERR,ERR,ERR,ERR,ERR,ERR,ERR,ERR,ERR,ERR,ERR,ERR,ERR,ERR,ERR,ERR,ERR,ERR,ERR,ERR,ERR,ERR,ERR,ERR,ERR,ERR,ERR,ERR,ERR,ERR,ERR,ERR,ERR,ERR,ERR,ERR,ERR,0.0,-0.0,3.028208139652935e+23,0.0,0.0,1.3936040501711995e+18,7.805,0.0,0,0,4,0,7300,-0.0,0,0.0,0.0,0.0,0.0,0.0,0,0,0,0,0.0,0,0,0,0,0,0,0,0,0,0,0,0,0,0,0,0,0,0,0,0,0,0,0,0,0,0,0,0,0,0,0,0,0,32,30,30,62,65476,0,300,0,0,8,21553,0.0,-107605600.0,0.0,0.0,0.0,0.0,0.0,0.0,0.0,0.0,0.0,0.0,0.0,0.0,0.0,0.0,0.0,0.0,0.0,0.0,0.0,0.0,2.004,-2.004,-0.0,-0.0,0.0,0.0,0.0,0.0,5558.0,0.0,6917.0,0.0,-0.0,-0.0,2.7184296605801213e+23,0.0,0.0,0.0,0.0,63,0.0,-0.0,0.0,0.0,0.0,0.0,0.0,0.0,0.0,0,0,0,0.0,0.0,0.0,0.0,0.0,0.0,0.0,0.0,0.0,0.0,0.0,0.0,0.0,0.0,0.0,0.0,0,-107875648.0,63,0.0,126,2.7184242562605685e+23,-0.0,ERR,ERR,ERR,ERR,ERR,ERR,ERR,ERR,ERR,ERR,ERR,ERR,ERR,ERR,ERR,ERR,ERR,ERR,ERR,ERR,ERR,ERR,ERR,ERR,ERR,ERR,ERR,ERR,ERR,ERR,ERR,ERR,ERR,ERR,ERR,ERR,ERR,ERR,ERR,ERR,ERR,ERR,ERR,ERR,ERR,ERR,ERR,ERR,ERR,ERR,ERR,ERR,ERR,ERR,ERR,ERR,ERR,ERR,ERR,ERR,ERR,ERR,ERR,ERR,ERR,ERR,ERR,34.0,80.0,35,0.0,0.0,0.0,0.0,0.0,0.0,0.0,0.0,0.0,0.0,0.0,0.0,0.0,0.0,0.0,0.0,64.4,0,116,56,49,65476,0,300,0,0,8,20529,65476,0,0,57672,80.0,0.0,0.0,0.0,0.0,0.0
2026-06-17T04:45:24,ERR,ERR,ERR,ERR,ERR,ERR,ERR,ERR,ERR,ERR,ERR,ERR,ERR,ERR,ERR,ERR,ERR,ERR,ERR,ERR,ERR,ERR,ERR,ERR,ERR,ERR,ERR,ERR,ERR,ERR,ERR,ERR,ERR,ERR,ERR,ERR,ERR,ERR,ERR,ERR,ERR,ERR,ERR,ERR,ERR,ERR,ERR,ERR,ERR,ERR,ERR,ERR,ERR,ERR,ERR,ERR,ERR,ERR,ERR,ERR,ERR,ERR,ERR,ERR,ERR,ERR,ERR,ERR,ERR,ERR,ERR,ERR,ERR,ERR,ERR,ERR,ERR,ERR,ERR,ERR,ERR,ERR,ERR,ERR,ERR,ERR,ERR,ERR,ERR,ERR,ERR,ERR,ERR,ERR,ERR,ERR,ERR,ERR,ERR,ERR,ERR,ERR,ERR,ERR,ERR,ERR,ERR,ERR,ERR,ERR,ERR,ERR,ERR,ERR,ERR,ERR,ERR,ERR,ERR,ERR,ERR,ERR,ERR,ERR,ERR,0.0,-0.0,3.028208139652935e+23,0.0,0.0,1.3936040501711995e+18,7.805,0.0,0,0,4,0,7300,-0.0,0,0.0,0.0,0.0,0.0,0.0,0,0,0,0,0.0,0,0,0,0,0,0,0,0,0,0,0,0,0,0,0,0,0,0,0,0,0,0,0,0,0,0,0,0,0,0,0,0,0,32,30,30,62,65476,0,300,0,0,8,21553,0.0,-107605600.0,0.0,0.0,0.0,0.0,0.0,0.0,0.0,0.0,0.0,0.0,0.0,0.0,0.0,0.0,0.0,0.0,0.0,0.0,0.0,0.0,2.004,-2.004,-0.0,-0.0,0.0,0.0,0.0,0.0,5558.0,0.0,6917.0,0.0,-0.0,-0.0,2.7184296605801213e+23,0.0,0.0,0.0,0.0,63,0.0,-0.0,0.0,0.0,0.0,0.0,0.0,0.0,0.0,0,0,0,0.0,0.0,0.0,0.0,0.0,0.0,0.0,0.0,0.0,0.0,0.0,0.0,0.0,0.0,0.0,0.0,0,-107875648.0,63,0.0,126,2.7184242562605685e+23,-0.0,ERR,ERR,ERR,ERR,ERR,ERR,ERR,ERR,ERR,ERR,ERR,ERR,ERR,ERR,ERR,ERR,ERR,ERR,ERR,ERR,ERR,ERR,ERR,ERR,ERR,ERR,ERR,ERR,ERR,ERR,ERR,ERR,ERR,ERR,ERR,ERR,ERR,ERR,ERR,ERR,ERR,ERR,ERR,ERR,ERR,ERR,ERR,ERR,ERR,ERR,ERR,ERR,ERR,ERR,ERR,ERR,ERR,ERR,ERR,ERR,ERR,ERR,ERR,ERR,ERR,ERR,ERR,34.0,80.0,35,0.0,0.0,0.0,0.0,0.0,0.0,0.0,0.0,0.0,0.0,0.0,0.0,0.0,0.0,0.0,0.0,64.4,0,116,56,49,65476,0,300,0,0,8,20529,65476,0,0,57672,80.0,0.0,0.0,0.0,0.0,0.0
2026-06-17T04:45:25,ERR,ERR,ERR,ERR,ERR,ERR,ERR,ERR,ERR,ERR,ERR,ERR,ERR,ERR,ERR,ERR,ERR,ERR,ERR,ERR,ERR,ERR,ERR,ERR,ERR,ERR,ERR,ERR,ERR,ERR,ERR,ERR,ERR,ERR,ERR,ERR,ERR,ERR,ERR,ERR,ERR,ERR,ERR,ERR,ERR,ERR,ERR,ERR,ERR,ERR,ERR,ERR,ERR,ERR,ERR,ERR,ERR,ERR,ERR,ERR,ERR,ERR,ERR,ERR,ERR,ERR,ERR,ERR,ERR,ERR,ERR,ERR,ERR,ERR,ERR,ERR,ERR,ERR,ERR,ERR,ERR,ERR,ERR,ERR,ERR,ERR,ERR,ERR,ERR,ERR,ERR,ERR,ERR,ERR,ERR,ERR,ERR,ERR,ERR,ERR,ERR,ERR,ERR,ERR,ERR,ERR,ERR,ERR,ERR,ERR,ERR,ERR,ERR,ERR,ERR,ERR,ERR,ERR,ERR,ERR,ERR,ERR,ERR,ERR,ERR,0.0,-0.0,3.028208139652935e+23,0.0,0.0,1.3936040501711995e+18,7.805,0.0,0,0,4,0,7300,-0.0,0,0.0,0.0,0.0,0.0,0.0,0,0,0,0,0.0,0,0,0,0,0,0,0,0,0,0,0,0,0,0,0,0,0,0,0,0,0,0,0,0,0,0,0,0,0,0,0,0,0,32,30,30,62,65476,0,300,0,0,8,21553,0.0,-107605600.0,0.0,0.0,0.0,0.0,0.0,0.0,0.0,0.0,0.0,0.0,0.0,0.0,0.0,0.0,0.0,0.0,0.0,0.0,0.0,0.0,2.004,-2.004,-0.0,-0.0,0.0,0.0,0.0,0.0,5558.0,0.0,6917.0,0.0,-0.0,-0.0,2.7184296605801213e+23,0.0,0.0,0.0,0.0,63,0.0,-0.0,0.0,0.0,0.0,0.0,0.0,0.0,0.0,0,0,0,0.0,0.0,0.0,0.0,0.0,0.0,0.0,0.0,0.0,0.0,0.0,0.0,0.0,0.0,0.0,0.0,0,-107875648.0,63,0.0,126,2.7184242562605685e+23,-0.0,ERR,ERR,ERR,ERR,ERR,ERR,ERR,ERR,ERR,ERR,ERR,ERR,ERR,ERR,ERR,ERR,ERR,ERR,ERR,ERR,ERR,ERR,ERR,ERR,ERR,ERR,ERR,ERR,ERR,ERR,ERR,ERR,ERR,ERR,ERR,ERR,ERR,ERR,ERR,ERR,ERR,ERR,ERR,ERR,ERR,ERR,ERR,ERR,ERR,ERR,ERR,ERR,ERR,ERR,ERR,ERR,ERR,ERR,ERR,ERR,ERR,ERR,ERR,ERR,ERR,ERR,ERR,34.0,80.0,35,0.0,0.0,0.0,0.0,0.0,0.0,0.0,0.0,0.0,0.0,0.0,0.0,0.0,0.0,0.0,0.0,64.4,0,116,56,49,65476,0,300,0,0,8,20529,65476,0,0,57672,80.0,0.0,0.0,0.0,0.0,0.0
2026-06-17T04:45:26,ERR,ERR,ERR,ERR,ERR,ERR,ERR,ERR,ERR,ERR,ERR,ERR,ERR,ERR,ERR,ERR,ERR,ERR,ERR,ERR,ERR,ERR,ERR,ERR,ERR,ERR,ERR,ERR,ERR,ERR,ERR,ERR,ERR,ERR,ERR,ERR,ERR,ERR,ERR,ERR,ERR,ERR,ERR,ERR,ERR,ERR,ERR,ERR,ERR,ERR,ERR,ERR,ERR,ERR,ERR,ERR,ERR,ERR,ERR,ERR,ERR,ERR,ERR,ERR,ERR,ERR,ERR,ERR,ERR,ERR,ERR,ERR,ERR,ERR,ERR,ERR,ERR,ERR,ERR,ERR,ERR,ERR,ERR,ERR,ERR,ERR,ERR,ERR,ERR,ERR,ERR,ERR,ERR,ERR,ERR,ERR,ERR,ERR,ERR,ERR,ERR,ERR,ERR,ERR,ERR,ERR,ERR,ERR,ERR,ERR,ERR,ERR,ERR,ERR,ERR,ERR,ERR,ERR,ERR,ERR,ERR,ERR,ERR,ERR,ERR,0.0,-0.0,3.028208139652935e+23,0.0,0.0,1.3936040501711995e+18,7.805,0.0,0,0,4,0,7300,-0.0,0,0.0,0.0,0.0,0.0,0.0,0,0,0,0,0.0,0,0,0,0,0,0,0,0,0,0,0,0,0,0,0,0,0,0,0,0,0,0,0,0,0,0,0,0,0,0,0,0,0,32,30,30,62,65476,0,300,0,0,8,21553,0.0,-107605600.0,0.0,0.0,0.0,0.0,0.0,0.0,0.0,0.0,0.0,0.0,0.0,0.0,0.0,0.0,0.0,0.0,0.0,0.0,0.0,0.0,2.004,-2.004,-0.0,-0.0,0.0,0.0,0.0,0.0,5558.0,0.0,6917.0,0.0,-0.0,-0.0,2.7184296605801213e+23,0.0,0.0,0.0,0.0,63,0.0,-0.0,0.0,0.0,0.0,0.0,0.0,0.0,0.0,0,0,0,0.0,0.0,0.0,0.0,0.0,0.0,0.0,0.0,0.0,0.0,0.0,0.0,0.0,0.0,0.0,0.0,0,-107875648.0,63,0.0,126,2.7184242562605685e+23,-0.0,ERR,ERR,ERR,ERR,ERR,ERR,ERR,ERR,ERR,ERR,ERR,ERR,ERR,ERR,ERR,ERR,ERR,ERR,ERR,ERR,ERR,ERR,ERR,ERR,ERR,ERR,ERR,ERR,ERR,ERR,ERR,ERR,ERR,ERR,ERR,ERR,ERR,ERR,ERR,ERR,ERR,ERR,ERR,ERR,ERR,ERR,ERR,ERR,ERR,ERR,ERR,ERR,ERR,ERR,ERR,ERR,ERR,ERR,ERR,ERR,ERR,ERR,ERR,ERR,ERR,ERR,ERR,34.0,80.0,35,0.0,0.0,0.0,0.0,0.0,0.0,0.0,0.0,0.0,0.0,0.0,0.0,0.0,0.0,0.0,0.0,64.4,0,116,56,49,65476,0,300,0,0,8,20529,65476,0,0,57672,80.0,0.0,0.0,0.0,0.0,0.0
2026-06-17T04:45:27,ERR,ERR,ERR,ERR,ERR,ERR,ERR,ERR,ERR,ERR,ERR,ERR,ERR,ERR,ERR,ERR,ERR,ERR,ERR,ERR,ERR,ERR,ERR,ERR,ERR,ERR,ERR,ERR,ERR,ERR,ERR,ERR,ERR,ERR,ERR,ERR,ERR,ERR,ERR,ERR,ERR,ERR,ERR,ERR,ERR,ERR,ERR,ERR,ERR,ERR,ERR,ERR,ERR,ERR,ERR,ERR,ERR,ERR,ERR,ERR,ERR,ERR,ERR,ERR,ERR,ERR,ERR,ERR,ERR,ERR,ERR,ERR,ERR,ERR,ERR,ERR,ERR,ERR,ERR,ERR,ERR,ERR,ERR,ERR,ERR,ERR,ERR,ERR,ERR,ERR,ERR,ERR,ERR,ERR,ERR,ERR,ERR,ERR,ERR,ERR,ERR,ERR,ERR,ERR,ERR,ERR,ERR,ERR,ERR,ERR,ERR,ERR,ERR,ERR,ERR,ERR,ERR,ERR,ERR,ERR,ERR,ERR,ERR,ERR,ERR,0.0,-0.0,3.028208139652935e+23,0.0,0.0,1.3936040501711995e+18,7.805,0.0,0,0,4,0,7300,-0.0,0,0.0,0.0,0.0,0.0,0.0,0,0,0,0,0.0,0,0,0,0,0,0,0,0,0,0,0,0,0,0,0,0,0,0,0,0,0,0,0,0,0,0,0,0,0,0,0,0,0,32,30,30,62,65476,0,300,0,0,8,21553,0.0,-107605600.0,0.0,0.0,0.0,0.0,0.0,0.0,0.0,0.0,0.0,0.0,0.0,0.0,0.0,0.0,0.0,0.0,0.0,0.0,0.0,0.0,2.004,-2.004,-0.0,-0.0,0.0,0.0,0.0,0.0,5558.0,0.0,6917.0,0.0,-0.0,-0.0,2.7184296605801213e+23,0.0,0.0,0.0,0.0,63,0.0,-0.0,0.0,0.0,0.0,0.0,0.0,0.0,0.0,0,0,0,0.0,0.0,0.0,0.0,0.0,0.0,0.0,0.0,0.0,0.0,0.0,0.0,0.0,0.0,0.0,0.0,0,-107875648.0,63,0.0,126,2.7184242562605685e+23,-0.0,ERR,ERR,ERR,ERR,ERR,ERR,ERR,ERR,ERR,ERR,ERR,ERR,ERR,ERR,ERR,ERR,ERR,ERR,ERR,ERR,ERR,ERR,ERR,ERR,ERR,ERR,ERR,ERR,ERR,ERR,ERR,ERR,ERR,ERR,ERR,ERR,ERR,ERR,ERR,ERR,ERR,ERR,ERR,ERR,ERR,ERR,ERR,ERR,ERR,ERR,ERR,ERR,ERR,ERR,ERR,ERR,ERR,ERR,ERR,ERR,ERR,ERR,ERR,ERR,ERR,ERR,ERR,34.0,80.0,35,0.0,0.0,0.0,0.0,0.0,0.0,0.0,0.0,0.0,0.0,0.0,0.0,0.0,0.0,0.0,0.0,64.4,0,116,56,49,65476,0,300,0,0,8,20529,65476,0,0,57672,80.0,0.0,0.0,0.0,0.0,0.0
2026-06-17T04:45:28,ERR,ERR,ERR,ERR,ERR,ERR,ERR,ERR,ERR,ERR,ERR,ERR,ERR,ERR,ERR,ERR,ERR,ERR,ERR,ERR,ERR,ERR,ERR,ERR,ERR,ERR,ERR,ERR,ERR,ERR,ERR,ERR,ERR,ERR,ERR,ERR,ERR,ERR,ERR,ERR,ERR,ERR,ERR,ERR,ERR,ERR,ERR,ERR,ERR,ERR,ERR,ERR,ERR,ERR,ERR,ERR,ERR,ERR,ERR,ERR,ERR,ERR,ERR,ERR,ERR,ERR,ERR,ERR,ERR,ERR,ERR,ERR,ERR,ERR,ERR,ERR,ERR,ERR,ERR,ERR,ERR,ERR,ERR,ERR,ERR,ERR,ERR,ERR,ERR,ERR,ERR,ERR,ERR,ERR,ERR,ERR,ERR,ERR,ERR,ERR,ERR,ERR,ERR,ERR,ERR,ERR,ERR,ERR,ERR,ERR,ERR,ERR,ERR,ERR,ERR,ERR,ERR,ERR,ERR,ERR,ERR,ERR,ERR,ERR,ERR,0.0,-0.0,3.028208139652935e+23,0.0,0.0,1.3936040501711995e+18,7.805,0.0,0,0,4,0,7300,-0.0,0,0.0,0.0,0.0,0.0,0.0,0,0,0,0,0.0,0,0,0,0,0,0,0,0,0,0,0,0,0,0,0,0,0,0,0,0,0,0,0,0,0,0,0,0,0,0,0,0,0,32,30,30,62,65476,0,300,0,0,8,21553,0.0,-107605600.0,0.0,0.0,0.0,0.0,0.0,0.0,0.0,0.0,0.0,0.0,0.0,0.0,0.0,0.0,0.0,0.0,0.0,0.0,0.0,0.0,2.004,-2.004,2.004,-0.0,0.0,0.0,0.0,0.0,5526.0,-1.5879323754288253e+29,6942.0,0.0,-0.0,-0.0,2.7184296605801213e+23,0.0,0.0,0.0,0.0,63,0.0,0.0,0.0,0.0,0.0,0.0,0.0,0.0,0.0,0,0,0,0.0,0.0,0.0,0.0,0.0,0.0,0.0,0.0,0.0,0.0,0.0,0.0,0.0,0.0,0.0,0.0,0,-107875648.0,63,0.0,126,2.7184242562605685e+23,2.842318642297501e+23,ERR,ERR,ERR,ERR,ERR,ERR,ERR,ERR,ERR,ERR,ERR,ERR,ERR,ERR,ERR,ERR,ERR,ERR,ERR,ERR,ERR,ERR,ERR,ERR,ERR,ERR,ERR,ERR,ERR,ERR,ERR,ERR,ERR,ERR,ERR,ERR,ERR,ERR,ERR,ERR,ERR,ERR,ERR,ERR,ERR,ERR,ERR,ERR,ERR,ERR,ERR,ERR,ERR,ERR,ERR,ERR,ERR,ERR,ERR,ERR,ERR,ERR,ERR,ERR,ERR,ERR,ERR,34.0,80.0,35,0.0,0.0,0.0,0.0,0.0,0.0,0.0,0.0,0.0,0.0,0.0,0.0,0.0,0.0,0.0,0.0,64.4,0,116,56,49,65476,0,300,0,0,8,20529,65476,0,0,57672,80.0,0.0,0.0,0.0,0.0,0.0
2026-06-17T04:45:29,ERR,ERR,ERR,ERR,ERR,ERR,ERR,ERR,ERR,ERR,ERR,ERR,ERR,ERR,ERR,ERR,ERR,ERR,ERR,ERR,ERR,ERR,ERR,ERR,ERR,ERR,ERR,ERR,ERR,ERR,ERR,ERR,ERR,ERR,ERR,ERR,ERR,ERR,ERR,ERR,ERR,ERR,ERR,ERR,ERR,ERR,ERR,ERR,ERR,ERR,ERR,ERR,ERR,ERR,ERR,ERR,ERR,ERR,ERR,ERR,ERR,ERR,ERR,ERR,ERR,ERR,ERR,ERR,ERR,ERR,ERR,ERR,ERR,ERR,ERR,ERR,ERR,ERR,ERR,ERR,ERR,ERR,ERR,ERR,ERR,ERR,ERR,ERR,ERR,ERR,ERR,ERR,ERR,ERR,ERR,ERR,ERR,ERR,ERR,ERR,ERR,ERR,ERR,ERR,ERR,ERR,ERR,ERR,ERR,ERR,ERR,ERR,ERR,ERR,ERR,ERR,ERR,ERR,ERR,ERR,ERR,ERR,ERR,ERR,ERR,0.0,-0.0,3.028208139652935e+23,0.0,0.0,1.3936040501711995e+18,7.805,0.0,0,0,4,0,7300,-0.0,0,0.0,0.0,0.0,0.0,0.0,0,0,0,0,0.0,0,0,0,0,0,0,0,0,0,0,0,0,0,0,0,0,0,0,0,0,0,0,0,0,0,0,0,0,0,0,0,0,0,32,30,30,62,65476,0,300,0,0,8,21553,0.0,-107605600.0,0.0,0.0,0.0,0.0,0.0,0.0,0.0,0.0,0.0,0.0,0.0,0.0,0.0,0.0,0.0,0.0,0.0,0.0,0.0,0.0,2.004,-2.004,2.004,-0.0,0.0,0.0,0.0,0.0,5526.0,-1.5879323754288253e+29,6942.0,0.0,-0.0,-0.0,2.7184296605801213e+23,0.0,0.0,0.0,0.0,63,0.0,0.0,0.0,0.0,0.0,0.0,0.0,0.0,0.0,0,0,0,0.0,0.0,0.0,0.0,0.0,0.0,0.0,0.0,0.0,0.0,0.0,0.0,0.0,0.0,0.0,0.0,0,-107875648.0,63,0.0,126,2.7184242562605685e+23,2.842318642297501e+23,ERR,ERR,ERR,ERR,ERR,ERR,ERR,ERR,ERR,ERR,ERR,ERR,ERR,ERR,ERR,ERR,ERR,ERR,ERR,ERR,ERR,ERR,ERR,ERR,ERR,ERR,ERR,ERR,ERR,ERR,ERR,ERR,ERR,ERR,ERR,ERR,ERR,ERR,ERR,ERR,ERR,ERR,ERR,ERR,ERR,ERR,ERR,ERR,ERR,ERR,ERR,ERR,ERR,ERR,ERR,ERR,ERR,ERR,ERR,ERR,ERR,ERR,ERR,ERR,ERR,ERR,ERR,34.0,80.0,35,0.0,0.0,0.0,0.0,0.0,0.0,0.0,0.0,0.0,0.0,0.0,0.0,0.0,0.0,0.0,0.0,64.8,0,116,56,49,65476,0,300,0,0,8,20529,65476,0,0,57672,80.0,0.0,0.0,0.0,0.0,0.0
2026-06-17T04:45:30,ERR,ERR,ERR,ERR,ERR,ERR,ERR,ERR,ERR,ERR,ERR,ERR,ERR,ERR,ERR,ERR,ERR,ERR,ERR,ERR,ERR,ERR,ERR,ERR,ERR,ERR,ERR,ERR,ERR,ERR,ERR,ERR,ERR,ERR,ERR,ERR,ERR,ERR,ERR,ERR,ERR,ERR,ERR,ERR,ERR,ERR,ERR,ERR,ERR,ERR,ERR,ERR,ERR,ERR,ERR,ERR,ERR,ERR,ERR,ERR,ERR,ERR,ERR,ERR,ERR,ERR,ERR,ERR,ERR,ERR,ERR,ERR,ERR,ERR,ERR,ERR,ERR,ERR,ERR,ERR,ERR,ERR,ERR,ERR,ERR,ERR,ERR,ERR,ERR,ERR,ERR,ERR,ERR,ERR,ERR,ERR,ERR,ERR,ERR,ERR,ERR,ERR,ERR,ERR,ERR,ERR,ERR,ERR,ERR,ERR,ERR,ERR,ERR,ERR,ERR,ERR,ERR,ERR,ERR,ERR,ERR,ERR,ERR,ERR,ERR,0.0,-0.0,3.028208139652935e+23,0.0,0.0,1.3936040501711995e+18,7.805,0.0,0,0,4,0,7300,-0.0,0,0.0,0.0,0.0,0.0,0.0,0,0,0,0,0.0,0,0,0,0,0,0,0,0,0,0,0,0,0,0,0,0,0,0,0,0,0,0,0,0,0,0,0,0,0,0,0,0,0,32,30,30,62,65476,0,300,0,0,8,21553,0.0,-107605600.0,0.0,0.0,0.0,0.0,0.0,0.0,0.0,0.0,0.0,0.0,0.0,0.0,0.0,0.0,0.0,0.0,0.0,0.0,0.0,0.0,2.004,-2.004,2.004,-0.0,0.0,0.0,0.0,0.0,5526.0,-1.5879323754288253e+29,6942.0,0.0,-0.0,-0.0,2.7184296605801213e+23,0.0,0.0,0.0,0.0,63,0.0,0.0,0.0,0.0,0.0,0.0,0.0,0.0,0.0,0,0,0,0.0,0.0,0.0,0.0,0.0,0.0,0.0,0.0,0.0,0.0,0.0,0.0,0.0,0.0,0.0,0.0,0,-107875648.0,63,0.0,126,2.7184242562605685e+23,2.842318642297501e+23,ERR,ERR,ERR,ERR,ERR,ERR,ERR,ERR,ERR,ERR,ERR,ERR,ERR,ERR,ERR,ERR,ERR,ERR,ERR,ERR,ERR,ERR,ERR,ERR,ERR,ERR,ERR,ERR,ERR,ERR,ERR,ERR,ERR,ERR,ERR,ERR,ERR,ERR,ERR,ERR,ERR,ERR,ERR,ERR,ERR,ERR,ERR,ERR,ERR,ERR,ERR,ERR,ERR,ERR,ERR,ERR,ERR,ERR,ERR,ERR,ERR,ERR,ERR,ERR,ERR,ERR,ERR,34.0,80.0,35,0.0,0.0,0.0,0.0,0.0,0.0,0.0,0.0,0.0,0.0,0.0,0.0,0.0,0.0,0.0,0.0,64.8,0,116,56,49,65476,0,300,0,0,8,20529,65476,0,0,57672,80.0,0.0,0.0,0.0,0.0,0.0
2026-06-17T04:45:31,ERR,ERR,ERR,ERR,ERR,ERR,ERR,ERR,ERR,ERR,ERR,ERR,ERR,ERR,ERR,ERR,ERR,ERR,ERR,ERR,ERR,ERR,ERR,ERR,ERR,ERR,ERR,ERR,ERR,ERR,ERR,ERR,ERR,ERR,ERR,ERR,ERR,ERR,ERR,ERR,ERR,ERR,ERR,ERR,ERR,ERR,ERR,ERR,ERR,ERR,ERR,ERR,ERR,ERR,ERR,ERR,ERR,ERR,ERR,ERR,ERR,ERR,ERR,ERR,ERR,ERR,ERR,ERR,ERR,ERR,ERR,ERR,ERR,ERR,ERR,ERR,ERR,ERR,ERR,ERR,ERR,ERR,ERR,ERR,ERR,ERR,ERR,ERR,ERR,ERR,ERR,ERR,ERR,ERR,ERR,ERR,ERR,ERR,ERR,ERR,ERR,ERR,ERR,ERR,ERR,ERR,ERR,ERR,ERR,ERR,ERR,ERR,ERR,ERR,ERR,ERR,ERR,ERR,ERR,ERR,ERR,ERR,ERR,ERR,ERR,0.0,-0.0,3.028208139652935e+23,0.0,0.0,1.3936040501711995e+18,7.805,0.0,0,0,4,0,7300,-0.0,0,0.0,0.0,0.0,0.0,0.0,0,0,0,0,0.0,0,0,0,0,0,0,0,0,0,0,0,0,0,0,0,0,0,0,0,0,0,0,0,0,0,0,0,0,0,0,0,0,0,32,30,30,62,65476,0,300,0,0,8,21553,0.0,-107605600.0,0.0,0.0,0.0,0.0,0.0,0.0,0.0,0.0,0.0,0.0,0.0,0.0,0.0,0.0,0.0,0.0,0.0,0.0,0.0,0.0,2.004,-2.004,2.004,-0.0,0.0,0.0,0.0,0.0,5526.0,-1.5879323754288253e+29,6942.0,0.0,-0.0,-0.0,2.7184296605801213e+23,0.0,0.0,0.0,0.0,63,0.0,0.0,0.0,0.0,0.0,0.0,0.0,0.0,0.0,0,0,0,0.0,0.0,0.0,0.0,0.0,0.0,0.0,0.0,0.0,0.0,0.0,0.0,0.0,0.0,0.0,0.0,0,-107875648.0,63,0.0,126,2.7184242562605685e+23,2.842318642297501e+23,ERR,ERR,ERR,ERR,ERR,ERR,ERR,ERR,ERR,ERR,ERR,ERR,ERR,ERR,ERR,ERR,ERR,ERR,ERR,ERR,ERR,ERR,ERR,ERR,ERR,ERR,ERR,ERR,ERR,ERR,ERR,ERR,ERR,ERR,ERR,ERR,ERR,ERR,ERR,ERR,ERR,ERR,ERR,ERR,ERR,ERR,ERR,ERR,ERR,ERR,ERR,ERR,ERR,ERR,ERR,ERR,ERR,ERR,ERR,ERR,ERR,ERR,ERR,ERR,ERR,ERR,ERR,34.0,80.0,35,0.0,0.0,0.0,0.0,0.0,0.0,0.0,0.0,0.0,0.0,0.0,0.0,0.0,0.0,0.0,0.0,64.4,0,116,56,49,65476,0,300,0,0,8,20529,65476,0,0,57672,80.0,0.0,0.0,0.0,0.0,0.0
2026-06-17T04:45:32,ERR,ERR,ERR,ERR,ERR,ERR,ERR,ERR,ERR,ERR,ERR,ERR,ERR,ERR,ERR,ERR,ERR,ERR,ERR,ERR,ERR,ERR,ERR,ERR,ERR,ERR,ERR,ERR,ERR,ERR,ERR,ERR,ERR,ERR,ERR,ERR,ERR,ERR,ERR,ERR,ERR,ERR,ERR,ERR,ERR,ERR,ERR,ERR,ERR,ERR,ERR,ERR,ERR,ERR,ERR,ERR,ERR,ERR,ERR,ERR,ERR,ERR,ERR,ERR,ERR,ERR,ERR,ERR,ERR,ERR,ERR,ERR,ERR,ERR,ERR,ERR,ERR,ERR,ERR,ERR,ERR,ERR,ERR,ERR,ERR,ERR,ERR,ERR,ERR,ERR,ERR,ERR,ERR,ERR,ERR,ERR,ERR,ERR,ERR,ERR,ERR,ERR,ERR,ERR,ERR,ERR,ERR,ERR,ERR,ERR,ERR,ERR,ERR,ERR,ERR,ERR,ERR,ERR,ERR,ERR,ERR,ERR,ERR,ERR,ERR,0.0,-0.0,3.028208139652935e+23,0.0,0.0,1.3936040501711995e+18,7.805,0.0,0,0,4,0,7300,-0.0,0,0.0,0.0,0.0,0.0,0.0,0,0,0,0,0.0,0,0,0,0,0,0,0,0,0,0,0,0,0,0,0,0,0,0,0,0,0,0,0,0,0,0,0,0,0,0,0,0,0,32,30,30,62,65476,0,300,0,0,8,21553,0.0,-107605600.0,0.0,0.0,0.0,0.0,0.0,0.0,0.0,0.0,0.0,0.0,0.0,0.0,0.0,0.0,0.0,0.0,0.0,0.0,0.0,0.0,2.004,-2.004,2.004,-0.0,0.0,0.0,0.0,0.0,5526.0,-1.5879323754288253e+29,6942.0,0.0,-0.0,-0.0,2.7184296605801213e+23,0.0,0.0,0.0,0.0,63,0.0,0.0,0.0,0.0,0.0,0.0,0.0,0.0,0.0,0,0,0,0.0,0.0,0.0,0.0,0.0,0.0,0.0,0.0,0.0,0.0,0.0,0.0,0.0,0.0,0.0,0.0,0,-107875648.0,63,0.0,126,2.7184242562605685e+23,2.842318642297501e+23,ERR,ERR,ERR,ERR,ERR,ERR,ERR,ERR,ERR,ERR,ERR,ERR,ERR,ERR,ERR,ERR,ERR,ERR,ERR,ERR,ERR,ERR,ERR,ERR,ERR,ERR,ERR,ERR,ERR,ERR,ERR,ERR,ERR,ERR,ERR,ERR,ERR,ERR,ERR,ERR,ERR,ERR,ERR,ERR,ERR,ERR,ERR,ERR,ERR,ERR,ERR,ERR,ERR,ERR,ERR,ERR,ERR,ERR,ERR,ERR,ERR,ERR,ERR,ERR,ERR,ERR,ERR,34.0,80.0,35,0.0,0.0,0.0,0.0,0.0,0.0,0.0,0.0,0.0,0.0,0.0,0.0,0.0,0.0,0.0,0.0,64.4,0,116,56,49,65476,0,300,0,0,8,20529,65476,0,0,57672,80.0,0.0,0.0,0.0,0.0,0.0
2026-06-17T04:45:33,ERR,ERR,ERR,ERR,ERR,ERR,ERR,ERR,ERR,ERR,ERR,ERR,ERR,ERR,ERR,ERR,ERR,ERR,ERR,ERR,ERR,ERR,ERR,ERR,ERR,ERR,ERR,ERR,ERR,ERR,ERR,ERR,ERR,ERR,ERR,ERR,ERR,ERR,ERR,ERR,ERR,ERR,ERR,ERR,ERR,ERR,ERR,ERR,ERR,ERR,ERR,ERR,ERR,ERR,ERR,ERR,ERR,ERR,ERR,ERR,ERR,ERR,ERR,ERR,ERR,ERR,ERR,ERR,ERR,ERR,ERR,ERR,ERR,ERR,ERR,ERR,ERR,ERR,ERR,ERR,ERR,ERR,ERR,ERR,ERR,ERR,ERR,ERR,ERR,ERR,ERR,ERR,ERR,ERR,ERR,ERR,ERR,ERR,ERR,ERR,ERR,ERR,ERR,ERR,ERR,ERR,ERR,ERR,ERR,ERR,ERR,ERR,ERR,ERR,ERR,ERR,ERR,ERR,ERR,ERR,ERR,ERR,ERR,ERR,ERR,0.0,-0.0,3.028208139652935e+23,0.0,0.0,1.3936040501711995e+18,7.805,0.0,0,0,4,0,7300,-0.0,0,0.0,0.0,0.0,0.0,0.0,0,0,0,0,0.0,0,0,0,0,0,0,0,0,0,0,0,0,0,0,0,0,0,0,0,0,0,0,0,0,0,0,0,0,0,0,0,0,0,32,30,30,62,65476,0,300,0,0,8,21553,0.0,-107605600.0,0.0,0.0,0.0,0.0,0.0,0.0,0.0,0.0,0.0,0.0,0.0,0.0,0.0,0.0,0.0,0.0,0.0,0.0,0.0,0.0,-0.0,-2.004,2.004,-0.0,0.0,0.0,0.0,0.0,5526.0,-0.0,6935.0,0.0,-0.0,-0.0,2.7184296605801213e+23,0.0,0.0,0.0,0.0,63,0.0,0.0,0.0,0.0,0.0,0.0,0.0,0.0,0.0,0,0,0,0.0,0.0,0.0,0.0,0.0,0.0,0.0,0.0,0.0,0.0,0.0,0.0,0.0,0.0,0.0,0.0,0,-107875648.0,63,0.0,126,2.7184242562605685e+23,2.842318642297501e+23,ERR,ERR,ERR,ERR,ERR,ERR,ERR,ERR,ERR,ERR,ERR,ERR,ERR,ERR,ERR,ERR,ERR,ERR,ERR,ERR,ERR,ERR,ERR,ERR,ERR,ERR,ERR,ERR,ERR,ERR,ERR,ERR,ERR,ERR,ERR,ERR,ERR,ERR,ERR,ERR,ERR,ERR,ERR,ERR,ERR,ERR,ERR,ERR,ERR,ERR,ERR,ERR,ERR,ERR,ERR,ERR,ERR,ERR,ERR,ERR,ERR,ERR,ERR,ERR,ERR,ERR,ERR,34.0,80.0,35,0.0,0.0,0.0,0.0,0.0,0.0,0.0,0.0,0.0,0.0,0.0,0.0,0.0,0.0,0.0,0.0,64.4,0,116,56,49,65476,0,300,0,0,8,20529,65476,0,0,57672,80.0,0.0,0.0,0.0,0.0,0.0
2026-06-17T04:45:34,ERR,ERR,ERR,ERR,ERR,ERR,ERR,ERR,ERR,ERR,ERR,ERR,ERR,ERR,ERR,ERR,ERR,ERR,ERR,ERR,ERR,ERR,ERR,ERR,ERR,ERR,ERR,ERR,ERR,ERR,ERR,ERR,ERR,ERR,ERR,ERR,ERR,ERR,ERR,ERR,ERR,ERR,ERR,ERR,ERR,ERR,ERR,ERR,ERR,ERR,ERR,ERR,ERR,ERR,ERR,ERR,ERR,ERR,ERR,ERR,ERR,ERR,ERR,ERR,ERR,ERR,ERR,ERR,ERR,ERR,ERR,ERR,ERR,ERR,ERR,ERR,ERR,ERR,ERR,ERR,ERR,ERR,ERR,ERR,ERR,ERR,ERR,ERR,ERR,ERR,ERR,ERR,ERR,ERR,ERR,ERR,ERR,ERR,ERR,ERR,ERR,ERR,ERR,ERR,ERR,ERR,ERR,ERR,ERR,ERR,ERR,ERR,ERR,ERR,ERR,ERR,ERR,ERR,ERR,ERR,ERR,ERR,ERR,ERR,ERR,0.0,-0.0,3.028208139652935e+23,0.0,0.0,1.3936040501711995e+18,7.805,0.0,0,0,4,0,7300,-0.0,0,0.0,0.0,0.0,0.0,0.0,0,0,0,0,0.0,0,0,0,0,0,0,0,0,0,0,0,0,0,0,0,0,0,0,0,0,0,0,0,0,0,0,0,0,0,0,0,0,0,32,30,30,62,65476,0,300,0,0,8,21553,0.0,-107605600.0,0.0,0.0,0.0,0.0,0.0,0.0,0.0,0.0,0.0,0.0,0.0,0.0,0.0,0.0,0.0,0.0,0.0,0.0,0.0,0.0,-0.0,-2.004,2.004,-0.0,0.0,0.0,0.0,0.0,5526.0,-0.0,6935.0,0.0,-0.0,-0.0,2.7184296605801213e+23,0.0,0.0,0.0,0.0,63,0.0,0.0,0.0,0.0,0.0,0.0,0.0,0.0,0.0,0,0,0,0.0,0.0,0.0,0.0,0.0,0.0,0.0,0.0,0.0,0.0,0.0,0.0,0.0,0.0,0.0,0.0,0,-107875648.0,63,0.0,126,2.7184242562605685e+23,2.842318642297501e+23,ERR,ERR,ERR,ERR,ERR,ERR,ERR,ERR,ERR,ERR,ERR,ERR,ERR,ERR,ERR,ERR,ERR,ERR,ERR,ERR,ERR,ERR,ERR,ERR,ERR,ERR,ERR,ERR,ERR,ERR,ERR,ERR,ERR,ERR,ERR,ERR,ERR,ERR,ERR,ERR,ERR,ERR,ERR,ERR,ERR,ERR,ERR,ERR,ERR,ERR,ERR,ERR,ERR,ERR,ERR,ERR,ERR,ERR,ERR,ERR,ERR,ERR,ERR,ERR,ERR,ERR,ERR,34.0,80.0,35,0.0,0.0,0.0,0.0,0.0,0.0,0.0,0.0,0.0,0.0,0.0,0.0,0.0,0.0,0.0,0.0,64.8,0,116,56,49,65476,0,300,0,0,8,20529,65476,0,0,57672,80.0,0.0,0.0,0.0,0.0,0.0
2026-06-17T04:45:35,ERR,ERR,ERR,ERR,ERR,ERR,ERR,ERR,ERR,ERR,ERR,ERR,ERR,ERR,ERR,ERR,ERR,ERR,ERR,ERR,ERR,ERR,ERR,ERR,ERR,ERR,ERR,ERR,ERR,ERR,ERR,ERR,ERR,ERR,ERR,ERR,ERR,ERR,ERR,ERR,ERR,ERR,ERR,ERR,ERR,ERR,ERR,ERR,ERR,ERR,ERR,ERR,ERR,ERR,ERR,ERR,ERR,ERR,ERR,ERR,ERR,ERR,ERR,ERR,ERR,ERR,ERR,ERR,ERR,ERR,ERR,ERR,ERR,ERR,ERR,ERR,ERR,ERR,ERR,ERR,ERR,ERR,ERR,ERR,ERR,ERR,ERR,ERR,ERR,ERR,ERR,ERR,ERR,ERR,ERR,ERR,ERR,ERR,ERR,ERR,ERR,ERR,ERR,ERR,ERR,ERR,ERR,ERR,ERR,ERR,ERR,ERR,ERR,ERR,ERR,ERR,ERR,ERR,ERR,ERR,ERR,ERR,ERR,ERR,ERR,0.0,-0.0,3.028208139652935e+23,0.0,0.0,1.3936040501711995e+18,7.805,0.0,0,0,4,0,7300,-0.0,0,0.0,0.0,0.0,0.0,0.0,0,0,0,0,0.0,0,0,0,0,0,0,0,0,0,0,0,0,0,0,0,0,0,0,0,0,0,0,0,0,0,0,0,0,0,0,0,0,0,32,30,30,62,65476,0,300,0,0,8,21553,0.0,-107605600.0,0.0,0.0,0.0,0.0,0.0,0.0,0.0,0.0,0.0,0.0,0.0,0.0,0.0,0.0,0.0,0.0,0.0,0.0,0.0,0.0,-0.0,-2.004,2.004,-0.0,0.0,0.0,0.0,0.0,5526.0,-0.0,6935.0,0.0,-0.0,-0.0,2.7184296605801213e+23,0.0,0.0,0.0,0.0,63,0.0,0.0,0.0,0.0,0.0,0.0,0.0,0.0,0.0,0,0,0,0.0,0.0,0.0,0.0,0.0,0.0,0.0,0.0,0.0,0.0,0.0,0.0,0.0,0.0,0.0,0.0,0,-107875648.0,63,0.0,126,2.7184242562605685e+23,2.842318642297501e+23,ERR,ERR,ERR,ERR,ERR,ERR,ERR,ERR,ERR,ERR,ERR,ERR,ERR,ERR,ERR,ERR,ERR,ERR,ERR,ERR,ERR,ERR,ERR,ERR,ERR,ERR,ERR,ERR,ERR,ERR,ERR,ERR,ERR,ERR,ERR,ERR,ERR,ERR,ERR,ERR,ERR,ERR,ERR,ERR,ERR,ERR,ERR,ERR,ERR,ERR,ERR,ERR,ERR,ERR,ERR,ERR,ERR,ERR,ERR,ERR,ERR,ERR,ERR,ERR,ERR,ERR,ERR,34.0,80.0,35,0.0,0.0,0.0,0.0,0.0,0.0,0.0,0.0,0.0,0.0,0.0,0.0,0.0,0.0,0.0,0.0,64.8,0,116,56,49,65476,0,300,0,0,8,20529,65476,0,0,57672,80.0,0.0,0.0,0.0,0.0,0.0
2026-06-17T04:45:36,ERR,ERR,ERR,ERR,ERR,ERR,ERR,ERR,ERR,ERR,ERR,ERR,ERR,ERR,ERR,ERR,ERR,ERR,ERR,ERR,ERR,ERR,ERR,ERR,ERR,ERR,ERR,ERR,ERR,ERR,ERR,ERR,ERR,ERR,ERR,ERR,ERR,ERR,ERR,ERR,ERR,ERR,ERR,ERR,ERR,ERR,ERR,ERR,ERR,ERR,ERR,ERR,ERR,ERR,ERR,ERR,ERR,ERR,ERR,ERR,ERR,ERR,ERR,ERR,ERR,ERR,ERR,ERR,ERR,ERR,ERR,ERR,ERR,ERR,ERR,ERR,ERR,ERR,ERR,ERR,ERR,ERR,ERR,ERR,ERR,ERR,ERR,ERR,ERR,ERR,ERR,ERR,ERR,ERR,ERR,ERR,ERR,ERR,ERR,ERR,ERR,ERR,ERR,ERR,ERR,ERR,ERR,ERR,ERR,ERR,ERR,ERR,ERR,ERR,ERR,ERR,ERR,ERR,ERR,ERR,ERR,ERR,ERR,ERR,ERR,0.0,-0.0,3.028208139652935e+23,0.0,0.0,1.3936040501711995e+18,7.805,0.0,0,0,4,0,7300,-0.0,0,0.0,0.0,0.0,0.0,0.0,0,0,0,0,0.0,0,0,0,0,0,0,0,0,0,0,0,0,0,0,0,0,0,0,0,0,0,0,0,0,0,0,0,0,0,0,0,0,0,32,30,30,62,65476,0,300,0,0,8,21553,0.0,-107605600.0,0.0,0.0,0.0,0.0,0.0,0.0,0.0,0.0,0.0,0.0,0.0,0.0,0.0,0.0,0.0,0.0,0.0,0.0,0.0,0.0,-0.0,-2.004,2.004,-0.0,0.0,0.0,0.0,0.0,5526.0,-0.0,6935.0,0.0,-0.0,-0.0,2.7184296605801213e+23,0.0,0.0,0.0,0.0,63,0.0,0.0,0.0,0.0,0.0,0.0,0.0,0.0,0.0,0,0,0,0.0,0.0,0.0,0.0,0.0,0.0,0.0,0.0,0.0,0.0,0.0,0.0,0.0,0.0,0.0,0.0,0,-107875648.0,63,0.0,126,2.7184242562605685e+23,2.842318642297501e+23,ERR,ERR,ERR,ERR,ERR,ERR,ERR,ERR,ERR,ERR,ERR,ERR,ERR,ERR,ERR,ERR,ERR,ERR,ERR,ERR,ERR,ERR,ERR,ERR,ERR,ERR,ERR,ERR,ERR,ERR,ERR,ERR,ERR,ERR,ERR,ERR,ERR,ERR,ERR,ERR,ERR,ERR,ERR,ERR,ERR,ERR,ERR,ERR,ERR,ERR,ERR,ERR,ERR,ERR,ERR,ERR,ERR,ERR,ERR,ERR,ERR,ERR,ERR,ERR,ERR,ERR,ERR,34.0,80.0,35,0.0,0.0,0.0,0.0,0.0,0.0,0.0,0.0,0.0,0.0,0.0,0.0,0.0,0.0,0.0,0.0,64.8,0,116,56,49,65476,0,300,0,0,8,20529,65476,0,0,57672,80.0,0.0,0.0,0.0,0.0,0.0
2026-06-17T04:45:37,ERR,ERR,ERR,ERR,ERR,ERR,ERR,ERR,ERR,ERR,ERR,ERR,ERR,ERR,ERR,ERR,ERR,ERR,ERR,ERR,ERR,ERR,ERR,ERR,ERR,ERR,ERR,ERR,ERR,ERR,ERR,ERR,ERR,ERR,ERR,ERR,ERR,ERR,ERR,ERR,ERR,ERR,ERR,ERR,ERR,ERR,ERR,ERR,ERR,ERR,ERR,ERR,ERR,ERR,ERR,ERR,ERR,ERR,ERR,ERR,ERR,ERR,ERR,ERR,ERR,ERR,ERR,ERR,ERR,ERR,ERR,ERR,ERR,ERR,ERR,ERR,ERR,ERR,ERR,ERR,ERR,ERR,ERR,ERR,ERR,ERR,ERR,ERR,ERR,ERR,ERR,ERR,ERR,ERR,ERR,ERR,ERR,ERR,ERR,ERR,ERR,ERR,ERR,ERR,ERR,ERR,ERR,ERR,ERR,ERR,ERR,ERR,ERR,ERR,ERR,ERR,ERR,ERR,ERR,ERR,ERR,ERR,ERR,ERR,ERR,0.0,-0.0,3.028208139652935e+23,0.0,0.0,1.3936040501711995e+18,7.805,0.0,0,0,4,0,7300,-0.0,0,0.0,0.0,0.0,0.0,0.0,0,0,0,0,0.0,0,0,0,0,0,0,0,0,0,0,0,0,0,0,0,0,0,0,0,0,0,0,0,0,0,0,0,0,0,0,0,0,0,32,30,30,62,65476,0,300,0,0,8,21553,0.0,-107605600.0,0.0,0.0,0.0,0.0,0.0,0.0,0.0,0.0,0.0,0.0,0.0,0.0,0.0,0.0,0.0,0.0,0.0,0.0,0.0,0.0,-0.0,-2.004,2.004,-0.0,0.0,0.0,0.0,0.0,5526.0,-0.0,6935.0,0.0,-0.0,-0.0,2.7184296605801213e+23,0.0,0.0,0.0,0.0,63,0.0,0.0,0.0,0.0,0.0,0.0,0.0,0.0,0.0,0,0,0,0.0,0.0,0.0,0.0,0.0,0.0,0.0,0.0,0.0,0.0,0.0,0.0,0.0,0.0,0.0,0.0,0,-107875648.0,63,0.0,126,2.7184242562605685e+23,2.842318642297501e+23,ERR,ERR,ERR,ERR,ERR,ERR,ERR,ERR,ERR,ERR,ERR,ERR,ERR,ERR,ERR,ERR,ERR,ERR,ERR,ERR,ERR,ERR,ERR,ERR,ERR,ERR,ERR,ERR,ERR,ERR,ERR,ERR,ERR,ERR,ERR,ERR,ERR,ERR,ERR,ERR,ERR,ERR,ERR,ERR,ERR,ERR,ERR,ERR,ERR,ERR,ERR,ERR,ERR,ERR,ERR,ERR,ERR,ERR,ERR,ERR,ERR,ERR,ERR,ERR,ERR,ERR,ERR,34.0,80.0,35,0.0,0.0,0.0,0.0,0.0,0.0,0.0,0.0,0.0,0.0,0.0,0.0,0.0,0.0,0.0,0.0,64.8,0,116,56,49,65476,0,300,0,0,8,20529,65476,0,0,57672,80.0,0.0,0.0,0.0,0.0,0.0
2026-06-17T04:45:38,ERR,ERR,ERR,ERR,ERR,ERR,ERR,ERR,ERR,ERR,ERR,ERR,ERR,ERR,ERR,ERR,ERR,ERR,ERR,ERR,ERR,ERR,ERR,ERR,ERR,ERR,ERR,ERR,ERR,ERR,ERR,ERR,ERR,ERR,ERR,ERR,ERR,ERR,ERR,ERR,ERR,ERR,ERR,ERR,ERR,ERR,ERR,ERR,ERR,ERR,ERR,ERR,ERR,ERR,ERR,ERR,ERR,ERR,ERR,ERR,ERR,ERR,ERR,ERR,ERR,ERR,ERR,ERR,ERR,ERR,ERR,ERR,ERR,ERR,ERR,ERR,ERR,ERR,ERR,ERR,ERR,ERR,ERR,ERR,ERR,ERR,ERR,ERR,ERR,ERR,ERR,ERR,ERR,ERR,ERR,ERR,ERR,ERR,ERR,ERR,ERR,ERR,ERR,ERR,ERR,ERR,ERR,ERR,ERR,ERR,ERR,ERR,ERR,ERR,ERR,ERR,ERR,ERR,ERR,ERR,ERR,ERR,ERR,ERR,ERR,0.0,-0.0,3.028208139652935e+23,0.0,0.0,1.3936040501711995e+18,7.805,0.0,0,0,4,0,7300,-0.0,0,0.0,0.0,0.0,0.0,0.0,0,0,0,0,0.0,0,0,0,0,0,0,0,0,0,0,0,0,0,0,0,0,0,0,0,0,0,0,0,0,0,0,0,0,0,0,0,0,0,32,30,30,62,65476,0,300,0,0,8,21553,0.0,-107605600.0,0.0,0.0,0.0,0.0,0.0,0.0,0.0,0.0,0.0,0.0,0.0,0.0,0.0,0.0,0.0,0.0,0.0,0.0,0.0,0.0,2.004,-2.004,-0.0,-0.0,0.0,0.0,0.0,0.0,5525.0,-8608198656.0,6940.0,0.0,-0.0,-0.0,2.7184296605801213e+23,0.0,0.0,0.0,0.0,63,0.0,89220.727,0.0,0.0,0.0,0.0,0.0,0.0,0.0,0,0,0,0.0,0.0,0.0,0.0,0.0,0.0,0.0,0.0,0.0,0.0,0.0,0.0,0.0,0.0,0.0,0.0,0,-107875648.0,63,0.0,126,2.7184242562605685e+23,2.842318642297501e+23,ERR,ERR,ERR,ERR,ERR,ERR,ERR,ERR,ERR,ERR,ERR,ERR,ERR,ERR,ERR,ERR,ERR,ERR,ERR,ERR,ERR,ERR,ERR,ERR,ERR,ERR,ERR,ERR,ERR,ERR,ERR,ERR,ERR,ERR,ERR,ERR,ERR,ERR,ERR,ERR,ERR,ERR,ERR,ERR,ERR,ERR,ERR,ERR,ERR,ERR,ERR,ERR,ERR,ERR,ERR,ERR,ERR,ERR,ERR,ERR,ERR,ERR,ERR,ERR,ERR,ERR,ERR,34.0,80.0,35,0.0,0.0,0.0,0.0,0.0,0.0,0.0,0.0,0.0,0.0,0.0,0.0,0.0,0.0,0.0,0.0,64.8,0,116,56,49,65476,0,300,0,0,8,20529,65476,0,0,57672,80.0,0.0,0.0,0.0,0.0,0.0
2026-06-17T04:45:39,ERR,ERR,ERR,ERR,ERR,ERR,ERR,ERR,ERR,ERR,ERR,ERR,ERR,ERR,ERR,ERR,ERR,ERR,ERR,ERR,ERR,ERR,ERR,ERR,ERR,ERR,ERR,ERR,ERR,ERR,ERR,ERR,ERR,ERR,ERR,ERR,ERR,ERR,ERR,ERR,ERR,ERR,ERR,ERR,ERR,ERR,ERR,ERR,ERR,ERR,ERR,ERR,ERR,ERR,ERR,ERR,ERR,ERR,ERR,ERR,ERR,ERR,ERR,ERR,ERR,ERR,ERR,ERR,ERR,ERR,ERR,ERR,ERR,ERR,ERR,ERR,ERR,ERR,ERR,ERR,ERR,ERR,ERR,ERR,ERR,ERR,ERR,ERR,ERR,ERR,ERR,ERR,ERR,ERR,ERR,ERR,ERR,ERR,ERR,ERR,ERR,ERR,ERR,ERR,ERR,ERR,ERR,ERR,ERR,ERR,ERR,ERR,ERR,ERR,ERR,ERR,ERR,ERR,ERR,ERR,ERR,ERR,ERR,ERR,ERR,0.0,-0.0,3.028208139652935e+23,0.0,0.0,1.3936040501711995e+18,7.805,0.0,0,0,4,0,7300,-0.0,0,0.0,0.0,0.0,0.0,0.0,0,0,0,0,0.0,0,0,0,0,0,0,0,0,0,0,0,0,0,0,0,0,0,0,0,0,0,0,0,0,0,0,0,0,0,0,0,0,0,32,30,30,62,65476,0,300,0,0,8,21553,0.0,-107605600.0,0.0,0.0,0.0,0.0,0.0,0.0,0.0,0.0,0.0,0.0,0.0,0.0,0.0,0.0,0.0,0.0,0.0,0.0,0.0,0.0,2.004,-2.004,-0.0,-0.0,0.0,0.0,0.0,0.0,5525.0,-8608198656.0,6940.0,0.0,-0.0,-0.0,2.7184296605801213e+23,0.0,0.0,0.0,0.0,63,0.0,89220.727,0.0,0.0,0.0,0.0,0.0,0.0,0.0,0,0,0,0.0,0.0,0.0,0.0,0.0,0.0,0.0,0.0,0.0,0.0,0.0,0.0,0.0,0.0,0.0,0.0,0,-107875648.0,63,0.0,126,2.7184242562605685e+23,2.842318642297501e+23,ERR,ERR,ERR,ERR,ERR,ERR,ERR,ERR,ERR,ERR,ERR,ERR,ERR,ERR,ERR,ERR,ERR,ERR,ERR,ERR,ERR,ERR,ERR,ERR,ERR,ERR,ERR,ERR,ERR,ERR,ERR,ERR,ERR,ERR,ERR,ERR,ERR,ERR,ERR,ERR,ERR,ERR,ERR,ERR,ERR,ERR,ERR,ERR,ERR,ERR,ERR,ERR,ERR,ERR,ERR,ERR,ERR,ERR,ERR,ERR,ERR,ERR,ERR,ERR,ERR,ERR,ERR,34.0,80.0,35,0.0,0.0,0.0,0.0,0.0,0.0,0.0,0.0,0.0,0.0,0.0,0.0,0.0,0.0,0.0,0.0,64.8,0,116,56,49,65476,0,300,0,0,8,20529,65476,0,0,57672,80.0,0.0,0.0,0.0,0.0,0.0
2026-06-17T04:45:40,ERR,ERR,ERR,ERR,ERR,ERR,ERR,ERR,ERR,ERR,ERR,ERR,ERR,ERR,ERR,ERR,ERR,ERR,ERR,ERR,ERR,ERR,ERR,ERR,ERR,ERR,ERR,ERR,ERR,ERR,ERR,ERR,ERR,ERR,ERR,ERR,ERR,ERR,ERR,ERR,ERR,ERR,ERR,ERR,ERR,ERR,ERR,ERR,ERR,ERR,ERR,ERR,ERR,ERR,ERR,ERR,ERR,ERR,ERR,ERR,ERR,ERR,ERR,ERR,ERR,ERR,ERR,ERR,ERR,ERR,ERR,ERR,ERR,ERR,ERR,ERR,ERR,ERR,ERR,ERR,ERR,ERR,ERR,ERR,ERR,ERR,ERR,ERR,ERR,ERR,ERR,ERR,ERR,ERR,ERR,ERR,ERR,ERR,ERR,ERR,ERR,ERR,ERR,ERR,ERR,ERR,ERR,ERR,ERR,ERR,ERR,ERR,ERR,ERR,ERR,ERR,ERR,ERR,ERR,ERR,ERR,ERR,ERR,ERR,ERR,0.0,-0.0,3.028208139652935e+23,0.0,0.0,1.3936040501711995e+18,7.805,0.0,0,0,4,0,7300,-0.0,0,0.0,0.0,0.0,0.0,0.0,0,0,0,0,0.0,0,0,0,0,0,0,0,0,0,0,0,0,0,0,0,0,0,0,0,0,0,0,0,0,0,0,0,0,0,0,0,0,0,32,30,30,62,65476,0,300,0,0,8,21553,0.0,-107605600.0,0.0,0.0,0.0,0.0,0.0,0.0,0.0,0.0,0.0,0.0,0.0,0.0,0.0,0.0,0.0,0.0,0.0,0.0,0.0,0.0,2.004,-2.004,-0.0,-0.0,0.0,0.0,0.0,0.0,5525.0,-8608198656.0,6940.0,0.0,-0.0,-0.0,2.7184296605801213e+23,0.0,0.0,0.0,0.0,63,0.0,89220.727,0.0,0.0,0.0,0.0,0.0,0.0,0.0,0,0,0,0.0,0.0,0.0,0.0,0.0,0.0,0.0,0.0,0.0,0.0,0.0,0.0,0.0,0.0,0.0,0.0,0,-107875648.0,63,0.0,126,2.7184242562605685e+23,2.842318642297501e+23,ERR,ERR,ERR,ERR,ERR,ERR,ERR,ERR,ERR,ERR,ERR,ERR,ERR,ERR,ERR,ERR,ERR,ERR,ERR,ERR,ERR,ERR,ERR,ERR,ERR,ERR,ERR,ERR,ERR,ERR,ERR,ERR,ERR,ERR,ERR,ERR,ERR,ERR,ERR,ERR,ERR,ERR,ERR,ERR,ERR,ERR,ERR,ERR,ERR,ERR,ERR,ERR,ERR,ERR,ERR,ERR,ERR,ERR,ERR,ERR,ERR,ERR,ERR,ERR,ERR,ERR,ERR,34.0,80.0,35,0.0,0.0,0.0,0.0,0.0,0.0,0.0,0.0,0.0,0.0,0.0,0.0,0.0,0.0,0.0,0.0,64.4,0,116,56,49,65476,0,300,0,0,8,20529,65476,0,0,57672,80.0,0.0,0.0,0.0,0.0,0.0
2026-06-17T04:45:41,ERR,ERR,ERR,ERR,ERR,ERR,ERR,ERR,ERR,ERR,ERR,ERR,ERR,ERR,ERR,ERR,ERR,ERR,ERR,ERR,ERR,ERR,ERR,ERR,ERR,ERR,ERR,ERR,ERR,ERR,ERR,ERR,ERR,ERR,ERR,ERR,ERR,ERR,ERR,ERR,ERR,ERR,ERR,ERR,ERR,ERR,ERR,ERR,ERR,ERR,ERR,ERR,ERR,ERR,ERR,ERR,ERR,ERR,ERR,ERR,ERR,ERR,ERR,ERR,ERR,ERR,ERR,ERR,ERR,ERR,ERR,ERR,ERR,ERR,ERR,ERR,ERR,ERR,ERR,ERR,ERR,ERR,ERR,ERR,ERR,ERR,ERR,ERR,ERR,ERR,ERR,ERR,ERR,ERR,ERR,ERR,ERR,ERR,ERR,ERR,ERR,ERR,ERR,ERR,ERR,ERR,ERR,ERR,ERR,ERR,ERR,ERR,ERR,ERR,ERR,ERR,ERR,ERR,ERR,ERR,ERR,ERR,ERR,ERR,ERR,0.0,-0.0,3.028208139652935e+23,0.0,0.0,1.3936040501711995e+18,7.805,0.0,0,0,4,0,7300,-0.0,0,0.0,0.0,0.0,0.0,0.0,0,0,0,0,0.0,0,0,0,0,0,0,0,0,0,0,0,0,0,0,0,0,0,0,0,0,0,0,0,0,0,0,0,0,0,0,0,0,0,32,30,30,62,65476,0,300,0,0,8,21553,0.0,-107605600.0,0.0,0.0,0.0,0.0,0.0,0.0,0.0,0.0,0.0,0.0,0.0,0.0,0.0,0.0,0.0,0.0,0.0,0.0,0.0,0.0,2.004,-2.004,-0.0,-0.0,0.0,0.0,0.0,0.0,5525.0,-8608198656.0,6940.0,0.0,-0.0,-0.0,2.7184296605801213e+23,0.0,0.0,0.0,0.0,63,0.0,89220.727,0.0,0.0,0.0,0.0,0.0,0.0,0.0,0,0,0,0.0,0.0,0.0,0.0,0.0,0.0,0.0,0.0,0.0,0.0,0.0,0.0,0.0,0.0,0.0,0.0,0,-107875648.0,63,0.0,126,2.7184242562605685e+23,2.842318642297501e+23,ERR,ERR,ERR,ERR,ERR,ERR,ERR,ERR,ERR,ERR,ERR,ERR,ERR,ERR,ERR,ERR,ERR,ERR,ERR,ERR,ERR,ERR,ERR,ERR,ERR,ERR,ERR,ERR,ERR,ERR,ERR,ERR,ERR,ERR,ERR,ERR,ERR,ERR,ERR,ERR,ERR,ERR,ERR,ERR,ERR,ERR,ERR,ERR,ERR,ERR,ERR,ERR,ERR,ERR,ERR,ERR,ERR,ERR,ERR,ERR,ERR,ERR,ERR,ERR,ERR,ERR,ERR,34.0,80.0,35,0.0,0.0,0.0,0.0,0.0,0.0,0.0,0.0,0.0,0.0,0.0,0.0,0.0,0.0,0.0,0.0,64.4,0,116,56,49,65476,0,300,0,0,8,20529,65476,0,0,57672,80.0,0.0,0.0,0.0,0.0,0.0
2026-06-17T04:45:42,ERR,ERR,ERR,ERR,ERR,ERR,ERR,ERR,ERR,ERR,ERR,ERR,ERR,ERR,ERR,ERR,ERR,ERR,ERR,ERR,ERR,ERR,ERR,ERR,ERR,ERR,ERR,ERR,ERR,ERR,ERR,ERR,ERR,ERR,ERR,ERR,ERR,ERR,ERR,ERR,ERR,ERR,ERR,ERR,ERR,ERR,ERR,ERR,ERR,ERR,ERR,ERR,ERR,ERR,ERR,ERR,ERR,ERR,ERR,ERR,ERR,ERR,ERR,ERR,ERR,ERR,ERR,ERR,ERR,ERR,ERR,ERR,ERR,ERR,ERR,ERR,ERR,ERR,ERR,ERR,ERR,ERR,ERR,ERR,ERR,ERR,ERR,ERR,ERR,ERR,ERR,ERR,ERR,ERR,ERR,ERR,ERR,ERR,ERR,ERR,ERR,ERR,ERR,ERR,ERR,ERR,ERR,ERR,ERR,ERR,ERR,ERR,ERR,ERR,ERR,ERR,ERR,ERR,ERR,ERR,ERR,ERR,ERR,ERR,ERR,0.0,-0.0,3.028208139652935e+23,0.0,0.0,1.3936040501711995e+18,7.805,0.0,0,0,4,0,7300,-0.0,0,0.0,0.0,0.0,0.0,0.0,0,0,0,0,0.0,0,0,0,0,0,0,0,0,0,0,0,0,0,0,0,0,0,0,0,0,0,0,0,0,0,0,0,0,0,0,0,0,0,32,30,30,62,65476,0,300,0,0,8,21553,0.0,-107605600.0,0.0,0.0,0.0,0.0,0.0,0.0,0.0,0.0,0.0,0.0,0.0,0.0,0.0,0.0,0.0,0.0,0.0,0.0,0.0,0.0,2.004,-2.004,-0.0,-0.0,0.0,0.0,0.0,0.0,5525.0,-8608198656.0,6940.0,0.0,-0.0,-0.0,2.7184296605801213e+23,0.0,0.0,0.0,0.0,63,0.0,89220.727,0.0,0.0,0.0,0.0,0.0,0.0,0.0,0,0,0,0.0,0.0,0.0,0.0,0.0,0.0,0.0,0.0,0.0,0.0,0.0,0.0,0.0,0.0,0.0,0.0,0,-107875648.0,63,0.0,126,2.7184242562605685e+23,2.842318642297501e+23,ERR,ERR,ERR,ERR,ERR,ERR,ERR,ERR,ERR,ERR,ERR,ERR,ERR,ERR,ERR,ERR,ERR,ERR,ERR,ERR,ERR,ERR,ERR,ERR,ERR,ERR,ERR,ERR,ERR,ERR,ERR,ERR,ERR,ERR,ERR,ERR,ERR,ERR,ERR,ERR,ERR,ERR,ERR,ERR,ERR,ERR,ERR,ERR,ERR,ERR,ERR,ERR,ERR,ERR,ERR,ERR,ERR,ERR,ERR,ERR,ERR,ERR,ERR,ERR,ERR,ERR,ERR,34.0,80.0,35,0.0,0.0,0.0,0.0,0.0,0.0,0.0,0.0,0.0,0.0,0.0,0.0,0.0,0.0,0.0,0.0,64.4,0,116,56,49,65476,0,300,0,0,8,20529,65476,0,0,57672,80.0,0.0,0.0,0.0,0.0,0.0
2026-06-17T04:45:43,ERR,ERR,ERR,ERR,ERR,ERR,ERR,ERR,ERR,ERR,ERR,ERR,ERR,ERR,ERR,ERR,ERR,ERR,ERR,ERR,ERR,ERR,ERR,ERR,ERR,ERR,ERR,ERR,ERR,ERR,ERR,ERR,ERR,ERR,ERR,ERR,ERR,ERR,ERR,ERR,ERR,ERR,ERR,ERR,ERR,ERR,ERR,ERR,ERR,ERR,ERR,ERR,ERR,ERR,ERR,ERR,ERR,ERR,ERR,ERR,ERR,ERR,ERR,ERR,ERR,ERR,ERR,ERR,ERR,ERR,ERR,ERR,ERR,ERR,ERR,ERR,ERR,ERR,ERR,ERR,ERR,ERR,ERR,ERR,ERR,ERR,ERR,ERR,ERR,ERR,ERR,ERR,ERR,ERR,ERR,ERR,ERR,ERR,ERR,ERR,ERR,ERR,ERR,ERR,ERR,ERR,ERR,ERR,ERR,ERR,ERR,ERR,ERR,ERR,ERR,ERR,ERR,ERR,ERR,ERR,ERR,ERR,ERR,ERR,ERR,0.0,-0.0,3.028208139652935e+23,0.0,0.0,1.3936040501711995e+18,7.805,0.0,0,0,4,0,7300,-0.0,0,0.0,0.0,0.0,0.0,0.0,0,0,0,0,0.0,0,0,0,0,0,0,0,0,0,0,0,0,0,0,0,0,0,0,0,0,0,0,0,0,0,0,0,0,0,0,0,0,0,32,30,30,62,65476,0,300,0,0,8,21553,0.0,-107605600.0,0.0,0.0,0.0,0.0,0.0,0.0,0.0,0.0,0.0,0.0,0.0,0.0,0.0,0.0,0.0,0.0,0.0,0.0,0.0,0.0,2.004,-2.004,-0.0,-0.0,0.0,0.0,0.0,0.0,5525.0,-8608198656.0,6940.0,0.0,-0.0,-0.0,2.7184296605801213e+23,0.0,0.0,0.0,0.0,63,0.0,89220.727,0.0,0.0,0.0,0.0,0.0,0.0,0.0,0,0,0,0.0,0.0,0.0,0.0,0.0,0.0,0.0,0.0,0.0,0.0,0.0,0.0,0.0,0.0,0.0,0.0,0,-107875648.0,63,0.0,126,2.7184242562605685e+23,2.842318642297501e+23,ERR,ERR,ERR,ERR,ERR,ERR,ERR,ERR,ERR,ERR,ERR,ERR,ERR,ERR,ERR,ERR,ERR,ERR,ERR,ERR,ERR,ERR,ERR,ERR,ERR,ERR,ERR,ERR,ERR,ERR,ERR,ERR,ERR,ERR,ERR,ERR,ERR,ERR,ERR,ERR,ERR,ERR,ERR,ERR,ERR,ERR,ERR,ERR,ERR,ERR,ERR,ERR,ERR,ERR,ERR,ERR,ERR,ERR,ERR,ERR,ERR,ERR,ERR,ERR,ERR,ERR,ERR,34.0,80.0,35,0.0,0.0,0.0,0.0,0.0,0.0,0.0,0.0,0.0,0.0,0.0,0.0,0.0,0.0,0.0,0.0,64.4,0,116,56,49,65476,0,300,0,0,8,20529,65476,0,0,57672,80.0,0.0,0.0,0.0,0.0,0.0
2026-06-17T04:45:44,ERR,ERR,ERR,ERR,ERR,ERR,ERR,ERR,ERR,ERR,ERR,ERR,ERR,ERR,ERR,ERR,ERR,ERR,ERR,ERR,ERR,ERR,ERR,ERR,ERR,ERR,ERR,ERR,ERR,ERR,ERR,ERR,ERR,ERR,ERR,ERR,ERR,ERR,ERR,ERR,ERR,ERR,ERR,ERR,ERR,ERR,ERR,ERR,ERR,ERR,ERR,ERR,ERR,ERR,ERR,ERR,ERR,ERR,ERR,ERR,ERR,ERR,ERR,ERR,ERR,ERR,ERR,ERR,ERR,ERR,ERR,ERR,ERR,ERR,ERR,ERR,ERR,ERR,ERR,ERR,ERR,ERR,ERR,ERR,ERR,ERR,ERR,ERR,ERR,ERR,ERR,ERR,ERR,ERR,ERR,ERR,ERR,ERR,ERR,ERR,ERR,ERR,ERR,ERR,ERR,ERR,ERR,ERR,ERR,ERR,ERR,ERR,ERR,ERR,ERR,ERR,ERR,ERR,ERR,ERR,ERR,ERR,ERR,ERR,ERR,0.0,-0.0,3.028208139652935e+23,0.0,0.0,1.3936040501711995e+18,7.805,0.0,0,0,4,0,7300,-0.0,0,0.0,0.0,0.0,0.0,0.0,0,0,0,0,0.0,0,0,0,0,0,0,0,0,0,0,0,0,0,0,0,0,0,0,0,0,0,0,0,0,0,0,0,0,0,0,0,0,0,32,30,30,62,65476,0,300,0,0,8,21553,0.0,-107605600.0,0.0,0.0,0.0,0.0,0.0,0.0,0.0,0.0,0.0,0.0,0.0,0.0,0.0,0.0,0.0,0.0,0.0,0.0,0.0,0.0,2.004,-2.004,-0.0,-0.0,0.0,0.0,0.0,0.0,5558.0,8608199680.0,6922.0,0.0,-0.0,-0.0,2.7184296605801213e+23,0.0,0.0,0.0,0.0,63,0.0,-152017632755712.0,0.0,0.0,0.0,0.0,0.0,0.0,0.0,0,0,0,0.0,0.0,0.0,0.0,0.0,0.0,0.0,0.0,0.0,0.0,0.0,0.0,0.0,0.0,0.0,0.0,0,-107875648.0,63,0.0,126,2.7184242562605685e+23,2.842318642297501e+23,ERR,ERR,ERR,ERR,ERR,ERR,ERR,ERR,ERR,ERR,ERR,ERR,ERR,ERR,ERR,ERR,ERR,ERR,ERR,ERR,ERR,ERR,ERR,ERR,ERR,ERR,ERR,ERR,ERR,ERR,ERR,ERR,ERR,ERR,ERR,ERR,ERR,ERR,ERR,ERR,ERR,ERR,ERR,ERR,ERR,ERR,ERR,ERR,ERR,ERR,ERR,ERR,ERR,ERR,ERR,ERR,ERR,ERR,ERR,ERR,ERR,ERR,ERR,ERR,ERR,ERR,ERR,34.0,80.0,35,0.0,0.0,0.0,0.0,0.0,0.0,0.0,0.0,0.0,0.0,0.0,0.0,0.0,0.0,0.0,0.0,64.4,0,116,56,49,65476,0,300,0,0,8,20529,65476,0,0,57672,80.0,0.0,0.0,0.0,0.0,0.0
2026-06-17T04:45:45,ERR,ERR,ERR,ERR,ERR,ERR,ERR,ERR,ERR,ERR,ERR,ERR,ERR,ERR,ERR,ERR,ERR,ERR,ERR,ERR,ERR,ERR,ERR,ERR,ERR,ERR,ERR,ERR,ERR,ERR,ERR,ERR,ERR,ERR,ERR,ERR,ERR,ERR,ERR,ERR,ERR,ERR,ERR,ERR,ERR,ERR,ERR,ERR,ERR,ERR,ERR,ERR,ERR,ERR,ERR,ERR,ERR,ERR,ERR,ERR,ERR,ERR,ERR,ERR,ERR,ERR,ERR,ERR,ERR,ERR,ERR,ERR,ERR,ERR,ERR,ERR,ERR,ERR,ERR,ERR,ERR,ERR,ERR,ERR,ERR,ERR,ERR,ERR,ERR,ERR,ERR,ERR,ERR,ERR,ERR,ERR,ERR,ERR,ERR,ERR,ERR,ERR,ERR,ERR,ERR,ERR,ERR,ERR,ERR,ERR,ERR,ERR,ERR,ERR,ERR,ERR,ERR,ERR,ERR,ERR,ERR,ERR,ERR,ERR,ERR,0.0,-0.0,3.028208139652935e+23,0.0,0.0,1.3936040501711995e+18,7.805,0.0,0,0,4,0,7300,-0.0,0,0.0,0.0,0.0,0.0,0.0,0,0,0,0,0.0,0,0,0,0,0,0,0,0,0,0,0,0,0,0,0,0,0,0,0,0,0,0,0,0,0,0,0,0,0,0,0,0,0,32,30,30,62,65476,0,300,0,0,8,21553,0.0,-107605600.0,0.0,0.0,0.0,0.0,0.0,0.0,0.0,0.0,0.0,0.0,0.0,0.0,0.0,0.0,0.0,0.0,0.0,0.0,0.0,0.0,2.004,-2.004,-0.0,-0.0,0.0,0.0,0.0,0.0,5558.0,8608199680.0,6922.0,0.0,-0.0,-0.0,2.7184296605801213e+23,0.0,0.0,0.0,0.0,63,0.0,-152017632755712.0,0.0,0.0,0.0,0.0,0.0,0.0,0.0,0,0,0,0.0,0.0,0.0,0.0,0.0,0.0,0.0,0.0,0.0,0.0,0.0,0.0,0.0,0.0,0.0,0.0,0,-107875648.0,63,0.0,126,2.7184242562605685e+23,2.842318642297501e+23,ERR,ERR,ERR,ERR,ERR,ERR,ERR,ERR,ERR,ERR,ERR,ERR,ERR,ERR,ERR,ERR,ERR,ERR,ERR,ERR,ERR,ERR,ERR,ERR,ERR,ERR,ERR,ERR,ERR,ERR,ERR,ERR,ERR,ERR,ERR,ERR,ERR,ERR,ERR,ERR,ERR,ERR,ERR,ERR,ERR,ERR,ERR,ERR,ERR,ERR,ERR,ERR,ERR,ERR,ERR,ERR,ERR,ERR,ERR,ERR,ERR,ERR,ERR,ERR,ERR,ERR,ERR,34.0,80.0,35,0.0,0.0,0.0,0.0,0.0,0.0,0.0,0.0,0.0,0.0,0.0,0.0,0.0,0.0,0.0,0.0,64.4,0,116,56,49,65476,0,300,0,0,8,20529,65476,0,0,57672,80.0,0.0,0.0,0.0,0.0,0.0
2026-06-17T04:45:46,ERR,ERR,ERR,ERR,ERR,ERR,ERR,ERR,ERR,ERR,ERR,ERR,ERR,ERR,ERR,ERR,ERR,ERR,ERR,ERR,ERR,ERR,ERR,ERR,ERR,ERR,ERR,ERR,ERR,ERR,ERR,ERR,ERR,ERR,ERR,ERR,ERR,ERR,ERR,ERR,ERR,ERR,ERR,ERR,ERR,ERR,ERR,ERR,ERR,ERR,ERR,ERR,ERR,ERR,ERR,ERR,ERR,ERR,ERR,ERR,ERR,ERR,ERR,ERR,ERR,ERR,ERR,ERR,ERR,ERR,ERR,ERR,ERR,ERR,ERR,ERR,ERR,ERR,ERR,ERR,ERR,ERR,ERR,ERR,ERR,ERR,ERR,ERR,ERR,ERR,ERR,ERR,ERR,ERR,ERR,ERR,ERR,ERR,ERR,ERR,ERR,ERR,ERR,ERR,ERR,ERR,ERR,ERR,ERR,ERR,ERR,ERR,ERR,ERR,ERR,ERR,ERR,ERR,ERR,ERR,ERR,ERR,ERR,ERR,ERR,0.0,-0.0,3.028208139652935e+23,0.0,0.0,1.3936040501711995e+18,7.805,0.0,0,0,4,0,7300,-0.0,0,0.0,0.0,0.0,0.0,0.0,0,0,0,0,0.0,0,0,0,0,0,0,0,0,0,0,0,0,0,0,0,0,0,0,0,0,0,0,0,0,0,0,0,0,0,0,0,0,0,32,30,30,62,65476,0,300,0,0,8,21553,0.0,-107605600.0,0.0,0.0,0.0,0.0,0.0,0.0,0.0,0.0,0.0,0.0,0.0,0.0,0.0,0.0,0.0,0.0,0.0,0.0,0.0,0.0,2.004,-2.004,-0.0,-0.0,0.0,0.0,0.0,0.0,5558.0,8608199680.0,6922.0,0.0,-0.0,-0.0,2.7184296605801213e+23,0.0,0.0,0.0,0.0,63,0.0,-152017632755712.0,0.0,0.0,0.0,0.0,0.0,0.0,0.0,0,0,0,0.0,0.0,0.0,0.0,0.0,0.0,0.0,0.0,0.0,0.0,0.0,0.0,0.0,0.0,0.0,0.0,0,-107875648.0,63,0.0,126,2.7184242562605685e+23,2.842318642297501e+23,ERR,ERR,ERR,ERR,ERR,ERR,ERR,ERR,ERR,ERR,ERR,ERR,ERR,ERR,ERR,ERR,ERR,ERR,ERR,ERR,ERR,ERR,ERR,ERR,ERR,ERR,ERR,ERR,ERR,ERR,ERR,ERR,ERR,ERR,ERR,ERR,ERR,ERR,ERR,ERR,ERR,ERR,ERR,ERR,ERR,ERR,ERR,ERR,ERR,ERR,ERR,ERR,ERR,ERR,ERR,ERR,ERR,ERR,ERR,ERR,ERR,ERR,ERR,ERR,ERR,ERR,ERR,34.0,80.0,35,0.0,0.0,0.0,0.0,0.0,0.0,0.0,0.0,0.0,0.0,0.0,0.0,0.0,0.0,0.0,0.0,64.4,0,116,56,49,65476,0,300,0,0,8,20529,65476,0,0,57672,80.0,0.0,0.0,0.0,0.0,0.0
2026-06-17T04:45:47,ERR,ERR,ERR,ERR,ERR,ERR,ERR,ERR,ERR,ERR,ERR,ERR,ERR,ERR,ERR,ERR,ERR,ERR,ERR,ERR,ERR,ERR,ERR,ERR,ERR,ERR,ERR,ERR,ERR,ERR,ERR,ERR,ERR,ERR,ERR,ERR,ERR,ERR,ERR,ERR,ERR,ERR,ERR,ERR,ERR,ERR,ERR,ERR,ERR,ERR,ERR,ERR,ERR,ERR,ERR,ERR,ERR,ERR,ERR,ERR,ERR,ERR,ERR,ERR,ERR,ERR,ERR,ERR,ERR,ERR,ERR,ERR,ERR,ERR,ERR,ERR,ERR,ERR,ERR,ERR,ERR,ERR,ERR,ERR,ERR,ERR,ERR,ERR,ERR,ERR,ERR,ERR,ERR,ERR,ERR,ERR,ERR,ERR,ERR,ERR,ERR,ERR,ERR,ERR,ERR,ERR,ERR,ERR,ERR,ERR,ERR,ERR,ERR,ERR,ERR,ERR,ERR,ERR,ERR,ERR,ERR,ERR,ERR,ERR,ERR,0.0,-0.0,3.028208139652935e+23,0.0,0.0,1.3936040501711995e+18,7.805,0.0,0,0,4,0,7300,-0.0,0,0.0,0.0,0.0,0.0,0.0,0,0,0,0,0.0,0,0,0,0,0,0,0,0,0,0,0,0,0,0,0,0,0,0,0,0,0,0,0,0,0,0,0,0,0,0,0,0,0,32,30,30,62,65476,0,300,0,0,8,21553,0.0,-107605600.0,0.0,0.0,0.0,0.0,0.0,0.0,0.0,0.0,0.0,0.0,0.0,0.0,0.0,0.0,0.0,0.0,0.0,0.0,0.0,0.0,2.004,-2.004,-0.0,-0.0,0.0,0.0,0.0,0.0,5558.0,8608199680.0,6922.0,0.0,-0.0,-0.0,2.7184296605801213e+23,0.0,0.0,0.0,0.0,63,0.0,-152017632755712.0,0.0,0.0,0.0,0.0,0.0,0.0,0.0,0,0,0,0.0,0.0,0.0,0.0,0.0,0.0,0.0,0.0,0.0,0.0,0.0,0.0,0.0,0.0,0.0,0.0,0,-107875648.0,63,0.0,126,2.7184242562605685e+23,2.842318642297501e+23,ERR,ERR,ERR,ERR,ERR,ERR,ERR,ERR,ERR,ERR,ERR,ERR,ERR,ERR,ERR,ERR,ERR,ERR,ERR,ERR,ERR,ERR,ERR,ERR,ERR,ERR,ERR,ERR,ERR,ERR,ERR,ERR,ERR,ERR,ERR,ERR,ERR,ERR,ERR,ERR,ERR,ERR,ERR,ERR,ERR,ERR,ERR,ERR,ERR,ERR,ERR,ERR,ERR,ERR,ERR,ERR,ERR,ERR,ERR,ERR,ERR,ERR,ERR,ERR,ERR,ERR,ERR,34.0,80.0,35,0.0,0.0,0.0,0.0,0.0,0.0,0.0,0.0,0.0,0.0,0.0,0.0,0.0,0.0,0.0,0.0,64.8,0,116,56,49,65476,0,300,0,0,8,20529,65476,0,0,57672,80.0,0.0,0.0,0.0,0.0,0.0
2026-06-17T04:45:48,ERR,ERR,ERR,ERR,ERR,ERR,ERR,ERR,ERR,ERR,ERR,ERR,ERR,ERR,ERR,ERR,ERR,ERR,ERR,ERR,ERR,ERR,ERR,ERR,ERR,ERR,ERR,ERR,ERR,ERR,ERR,ERR,ERR,ERR,ERR,ERR,ERR,ERR,ERR,ERR,ERR,ERR,ERR,ERR,ERR,ERR,ERR,ERR,ERR,ERR,ERR,ERR,ERR,ERR,ERR,ERR,ERR,ERR,ERR,ERR,ERR,ERR,ERR,ERR,ERR,ERR,ERR,ERR,ERR,ERR,ERR,ERR,ERR,ERR,ERR,ERR,ERR,ERR,ERR,ERR,ERR,ERR,ERR,ERR,ERR,ERR,ERR,ERR,ERR,ERR,ERR,ERR,ERR,ERR,ERR,ERR,ERR,ERR,ERR,ERR,ERR,ERR,ERR,ERR,ERR,ERR,ERR,ERR,ERR,ERR,ERR,ERR,ERR,ERR,ERR,ERR,ERR,ERR,ERR,ERR,ERR,ERR,ERR,ERR,ERR,0.0,-0.0,3.028208139652935e+23,0.0,0.0,1.3936040501711995e+18,7.805,0.0,0,0,4,0,7300,-0.0,0,0.0,0.0,0.0,0.0,0.0,0,0,0,0,0.0,0,0,0,0,0,0,0,0,0,0,0,0,0,0,0,0,0,0,0,0,0,0,0,0,0,0,0,0,0,0,0,0,0,32,30,30,62,65476,0,300,0,0,8,21553,0.0,-107605600.0,0.0,0.0,0.0,0.0,0.0,0.0,0.0,0.0,0.0,0.0,0.0,0.0,0.0,0.0,0.0,0.0,0.0,0.0,0.0,0.0,2.004,-2.004,-0.0,-0.0,0.0,0.0,0.0,0.0,5558.0,8608199680.0,6922.0,0.0,-0.0,-0.0,2.7184296605801213e+23,0.0,0.0,0.0,0.0,63,0.0,-152017632755712.0,0.0,0.0,0.0,0.0,0.0,0.0,0.0,0,0,0,0.0,0.0,0.0,0.0,0.0,0.0,0.0,0.0,0.0,0.0,0.0,0.0,0.0,0.0,0.0,0.0,0,-107875648.0,63,0.0,126,2.7184242562605685e+23,2.842318642297501e+23,ERR,ERR,ERR,ERR,ERR,ERR,ERR,ERR,ERR,ERR,ERR,ERR,ERR,ERR,ERR,ERR,ERR,ERR,ERR,ERR,ERR,ERR,ERR,ERR,ERR,ERR,ERR,ERR,ERR,ERR,ERR,ERR,ERR,ERR,ERR,ERR,ERR,ERR,ERR,ERR,ERR,ERR,ERR,ERR,ERR,ERR,ERR,ERR,ERR,ERR,ERR,ERR,ERR,ERR,ERR,ERR,ERR,ERR,ERR,ERR,ERR,ERR,ERR,ERR,ERR,ERR,ERR,34.0,80.0,35,0.0,0.0,0.0,0.0,0.0,0.0,0.0,0.0,0.0,0.0,0.0,0.0,0.0,0.0,0.0,0.0,64.8,0,116,56,49,65476,0,300,0,0,8,20529,65476,0,0,57672,80.0,0.0,0.0,0.0,0.0,0.0
2026-06-17T04:45:49,ERR,ERR,ERR,ERR,ERR,ERR,ERR,ERR,ERR,ERR,ERR,ERR,ERR,ERR,ERR,ERR,ERR,ERR,ERR,ERR,ERR,ERR,ERR,ERR,ERR,ERR,ERR,ERR,ERR,ERR,ERR,ERR,ERR,ERR,ERR,ERR,ERR,ERR,ERR,ERR,ERR,ERR,ERR,ERR,ERR,ERR,ERR,ERR,ERR,ERR,ERR,ERR,ERR,ERR,ERR,ERR,ERR,ERR,ERR,ERR,ERR,ERR,ERR,ERR,ERR,ERR,ERR,ERR,ERR,ERR,ERR,ERR,ERR,ERR,ERR,ERR,ERR,ERR,ERR,ERR,ERR,ERR,ERR,ERR,ERR,ERR,ERR,ERR,ERR,ERR,ERR,ERR,ERR,ERR,ERR,ERR,ERR,ERR,ERR,ERR,ERR,ERR,ERR,ERR,ERR,ERR,ERR,ERR,ERR,ERR,ERR,ERR,ERR,ERR,ERR,ERR,ERR,ERR,ERR,ERR,ERR,ERR,ERR,ERR,ERR,0.0,-0.0,3.028208139652935e+23,0.0,0.0,1.3936040501711995e+18,7.805,0.0,0,0,4,0,7300,-0.0,0,0.0,0.0,0.0,0.0,0.0,0,0,0,0,0.0,0,0,0,0,0,0,0,0,0,0,0,0,0,0,0,0,0,0,0,0,0,0,0,0,0,0,0,0,0,0,0,0,0,32,30,30,62,65476,0,300,0,0,8,21553,0.0,-107605600.0,0.0,0.0,0.0,0.0,0.0,0.0,0.0,0.0,0.0,0.0,0.0,0.0,0.0,0.0,0.0,0.0,0.0,0.0,0.0,0.0,2.004,-2.004,2.004,-0.0,0.0,0.0,0.0,0.0,5558.0,-564146974228480.0,6942.0,0.0,-0.0,-0.0,2.7184296605801213e+23,0.0,0.0,0.0,0.0,63,0.0,-0.0,0.0,0.0,0.0,0.0,0.0,0.0,0.0,0,0,0,0.0,0.0,0.0,0.0,0.0,0.0,0.0,0.0,0.0,0.0,0.0,0.0,0.0,0.0,0.0,0.0,0,-107875648.0,63,0.0,126,2.7184242562605685e+23,2.842318642297501e+23,ERR,ERR,ERR,ERR,ERR,ERR,ERR,ERR,ERR,ERR,ERR,ERR,ERR,ERR,ERR,ERR,ERR,ERR,ERR,ERR,ERR,ERR,ERR,ERR,ERR,ERR,ERR,ERR,ERR,ERR,ERR,ERR,ERR,ERR,ERR,ERR,ERR,ERR,ERR,ERR,ERR,ERR,ERR,ERR,ERR,ERR,ERR,ERR,ERR,ERR,ERR,ERR,ERR,ERR,ERR,ERR,ERR,ERR,ERR,ERR,ERR,ERR,ERR,ERR,ERR,ERR,ERR,34.0,80.0,35,0.0,0.0,0.0,0.0,0.0,0.0,0.0,0.0,0.0,0.0,0.0,0.0,0.0,0.0,0.0,0.0,64.4,0,116,56,49,65476,0,300,0,0,8,20529,65476,0,0,57672,80.0,0.0,0.0,0.0,0.0,0.0
2026-06-17T04:45:50,ERR,ERR,ERR,ERR,ERR,ERR,ERR,ERR,ERR,ERR,ERR,ERR,ERR,ERR,ERR,ERR,ERR,ERR,ERR,ERR,ERR,ERR,ERR,ERR,ERR,ERR,ERR,ERR,ERR,ERR,ERR,ERR,ERR,ERR,ERR,ERR,ERR,ERR,ERR,ERR,ERR,ERR,ERR,ERR,ERR,ERR,ERR,ERR,ERR,ERR,ERR,ERR,ERR,ERR,ERR,ERR,ERR,ERR,ERR,ERR,ERR,ERR,ERR,ERR,ERR,ERR,ERR,ERR,ERR,ERR,ERR,ERR,ERR,ERR,ERR,ERR,ERR,ERR,ERR,ERR,ERR,ERR,ERR,ERR,ERR,ERR,ERR,ERR,ERR,ERR,ERR,ERR,ERR,ERR,ERR,ERR,ERR,ERR,ERR,ERR,ERR,ERR,ERR,ERR,ERR,ERR,ERR,ERR,ERR,ERR,ERR,ERR,ERR,ERR,ERR,ERR,ERR,ERR,ERR,ERR,ERR,ERR,ERR,ERR,ERR,0.0,-0.0,3.028208139652935e+23,0.0,0.0,1.3936040501711995e+18,7.805,0.0,0,0,4,0,7300,-0.0,0,0.0,0.0,0.0,0.0,0.0,0,0,0,0,0.0,0,0,0,0,0,0,0,0,0,0,0,0,0,0,0,0,0,0,0,0,0,0,0,0,0,0,0,0,0,0,0,0,0,32,30,30,62,65476,0,300,0,0,8,21553,0.0,-107605600.0,0.0,0.0,0.0,0.0,0.0,0.0,0.0,0.0,0.0,0.0,0.0,0.0,0.0,0.0,0.0,0.0,0.0,0.0,0.0,0.0,2.004,-2.004,2.004,-0.0,0.0,0.0,0.0,0.0,5558.0,-564146974228480.0,6942.0,0.0,-0.0,-0.0,2.7184296605801213e+23,0.0,0.0,0.0,0.0,63,0.0,-0.0,0.0,0.0,0.0,0.0,0.0,0.0,0.0,0,0,0,0.0,0.0,0.0,0.0,0.0,0.0,0.0,0.0,0.0,0.0,0.0,0.0,0.0,0.0,0.0,0.0,0,-107875648.0,63,0.0,126,2.7184242562605685e+23,2.842318642297501e+23,ERR,ERR,ERR,ERR,ERR,ERR,ERR,ERR,ERR,ERR,ERR,ERR,ERR,ERR,ERR,ERR,ERR,ERR,ERR,ERR,ERR,ERR,ERR,ERR,ERR,ERR,ERR,ERR,ERR,ERR,ERR,ERR,ERR,ERR,ERR,ERR,ERR,ERR,ERR,ERR,ERR,ERR,ERR,ERR,ERR,ERR,ERR,ERR,ERR,ERR,ERR,ERR,ERR,ERR,ERR,ERR,ERR,ERR,ERR,ERR,ERR,ERR,ERR,ERR,ERR,ERR,ERR,34.0,80.0,35,0.0,0.0,0.0,0.0,0.0,0.0,0.0,0.0,0.0,0.0,0.0,0.0,0.0,0.0,0.0,0.0,64.4,0,116,56,49,65476,0,300,0,0,8,20529,65476,0,0,57672,80.0,0.0,0.0,0.0,0.0,0.0
2026-06-17T04:45:51,ERR,ERR,ERR,ERR,ERR,ERR,ERR,ERR,ERR,ERR,ERR,ERR,ERR,ERR,ERR,ERR,ERR,ERR,ERR,ERR,ERR,ERR,ERR,ERR,ERR,ERR,ERR,ERR,ERR,ERR,ERR,ERR,ERR,ERR,ERR,ERR,ERR,ERR,ERR,ERR,ERR,ERR,ERR,ERR,ERR,ERR,ERR,ERR,ERR,ERR,ERR,ERR,ERR,ERR,ERR,ERR,ERR,ERR,ERR,ERR,ERR,ERR,ERR,ERR,ERR,ERR,ERR,ERR,ERR,ERR,ERR,ERR,ERR,ERR,ERR,ERR,ERR,ERR,ERR,ERR,ERR,ERR,ERR,ERR,ERR,ERR,ERR,ERR,ERR,ERR,ERR,ERR,ERR,ERR,ERR,ERR,ERR,ERR,ERR,ERR,ERR,ERR,ERR,ERR,ERR,ERR,ERR,ERR,ERR,ERR,ERR,ERR,ERR,ERR,ERR,ERR,ERR,ERR,ERR,ERR,ERR,ERR,ERR,ERR,ERR,0.0,-0.0,3.028208139652935e+23,0.0,0.0,1.3936040501711995e+18,7.805,0.0,0,0,4,0,7300,-0.0,0,0.0,0.0,0.0,0.0,0.0,0,0,0,0,0.0,0,0,0,0,0,0,0,0,0,0,0,0,0,0,0,0,0,0,0,0,0,0,0,0,0,0,0,0,0,0,0,0,0,32,30,30,62,65476,0,300,0,0,8,21553,0.0,-107605600.0,0.0,0.0,0.0,0.0,0.0,0.0,0.0,0.0,0.0,0.0,0.0,0.0,0.0,0.0,0.0,0.0,0.0,0.0,0.0,0.0,2.004,-2.004,2.004,-0.0,0.0,0.0,0.0,0.0,5558.0,-564146974228480.0,6942.0,0.0,-0.0,-0.0,2.7184296605801213e+23,0.0,0.0,0.0,0.0,63,0.0,-0.0,0.0,0.0,0.0,0.0,0.0,0.0,0.0,0,0,0,0.0,0.0,0.0,0.0,0.0,0.0,0.0,0.0,0.0,0.0,0.0,0.0,0.0,0.0,0.0,0.0,0,-107875648.0,63,0.0,126,2.7184242562605685e+23,2.842318642297501e+23,ERR,ERR,ERR,ERR,ERR,ERR,ERR,ERR,ERR,ERR,ERR,ERR,ERR,ERR,ERR,ERR,ERR,ERR,ERR,ERR,ERR,ERR,ERR,ERR,ERR,ERR,ERR,ERR,ERR,ERR,ERR,ERR,ERR,ERR,ERR,ERR,ERR,ERR,ERR,ERR,ERR,ERR,ERR,ERR,ERR,ERR,ERR,ERR,ERR,ERR,ERR,ERR,ERR,ERR,ERR,ERR,ERR,ERR,ERR,ERR,ERR,ERR,ERR,ERR,ERR,ERR,ERR,34.0,80.0,35,0.0,0.0,0.0,0.0,0.0,0.0,0.0,0.0,0.0,0.0,0.0,0.0,0.0,0.0,0.0,0.0,64.4,0,116,56,49,65476,0,300,0,0,8,20529,65476,0,0,57672,80.0,0.0,0.0,0.0,0.0,0.0
2026-06-17T04:45:52,ERR,ERR,ERR,ERR,ERR,ERR,ERR,ERR,ERR,ERR,ERR,ERR,ERR,ERR,ERR,ERR,ERR,ERR,ERR,ERR,ERR,ERR,ERR,ERR,ERR,ERR,ERR,ERR,ERR,ERR,ERR,ERR,ERR,ERR,ERR,ERR,ERR,ERR,ERR,ERR,ERR,ERR,ERR,ERR,ERR,ERR,ERR,ERR,ERR,ERR,ERR,ERR,ERR,ERR,ERR,ERR,ERR,ERR,ERR,ERR,ERR,ERR,ERR,ERR,ERR,ERR,ERR,ERR,ERR,ERR,ERR,ERR,ERR,ERR,ERR,ERR,ERR,ERR,ERR,ERR,ERR,ERR,ERR,ERR,ERR,ERR,ERR,ERR,ERR,ERR,ERR,ERR,ERR,ERR,ERR,ERR,ERR,ERR,ERR,ERR,ERR,ERR,ERR,ERR,ERR,ERR,ERR,ERR,ERR,ERR,ERR,ERR,ERR,ERR,ERR,ERR,ERR,ERR,ERR,ERR,ERR,ERR,ERR,ERR,ERR,0.0,-0.0,3.028208139652935e+23,0.0,0.0,1.3936040501711995e+18,7.805,0.0,0,0,4,0,7300,-0.0,0,0.0,0.0,0.0,0.0,0.0,0,0,0,0,0.0,0,0,0,0,0,0,0,0,0,0,0,0,0,0,0,0,0,0,0,0,0,0,0,0,0,0,0,0,0,0,0,0,0,32,30,30,62,65476,0,300,0,0,8,21553,0.0,-107605600.0,0.0,0.0,0.0,0.0,0.0,0.0,0.0,0.0,0.0,0.0,0.0,0.0,0.0,0.0,0.0,0.0,0.0,0.0,0.0,0.0,2.004,-2.004,2.004,-0.0,0.0,0.0,0.0,0.0,5558.0,-564146974228480.0,6942.0,0.0,-0.0,-0.0,2.7184296605801213e+23,0.0,0.0,0.0,0.0,63,0.0,-0.0,0.0,0.0,0.0,0.0,0.0,0.0,0.0,0,0,0,0.0,0.0,0.0,0.0,0.0,0.0,0.0,0.0,0.0,0.0,0.0,0.0,0.0,0.0,0.0,0.0,0,-107875648.0,63,0.0,126,2.7184242562605685e+23,2.842318642297501e+23,ERR,ERR,ERR,ERR,ERR,ERR,ERR,ERR,ERR,ERR,ERR,ERR,ERR,ERR,ERR,ERR,ERR,ERR,ERR,ERR,ERR,ERR,ERR,ERR,ERR,ERR,ERR,ERR,ERR,ERR,ERR,ERR,ERR,ERR,ERR,ERR,ERR,ERR,ERR,ERR,ERR,ERR,ERR,ERR,ERR,ERR,ERR,ERR,ERR,ERR,ERR,ERR,ERR,ERR,ERR,ERR,ERR,ERR,ERR,ERR,ERR,ERR,ERR,ERR,ERR,ERR,ERR,34.0,80.0,35,0.0,0.0,0.0,0.0,0.0,0.0,0.0,0.0,0.0,0.0,0.0,0.0,0.0,0.0,0.0,0.0,64.4,0,116,56,49,65476,0,300,0,0,8,20529,65476,0,0,57672,80.0,0.0,0.0,0.0,0.0,0.0
2026-06-17T04:45:53,ERR,ERR,ERR,ERR,ERR,ERR,ERR,ERR,ERR,ERR,ERR,ERR,ERR,ERR,ERR,ERR,ERR,ERR,ERR,ERR,ERR,ERR,ERR,ERR,ERR,ERR,ERR,ERR,ERR,ERR,ERR,ERR,ERR,ERR,ERR,ERR,ERR,ERR,ERR,ERR,ERR,ERR,ERR,ERR,ERR,ERR,ERR,ERR,ERR,ERR,ERR,ERR,ERR,ERR,ERR,ERR,ERR,ERR,ERR,ERR,ERR,ERR,ERR,ERR,ERR,ERR,ERR,ERR,ERR,ERR,ERR,ERR,ERR,ERR,ERR,ERR,ERR,ERR,ERR,ERR,ERR,ERR,ERR,ERR,ERR,ERR,ERR,ERR,ERR,ERR,ERR,ERR,ERR,ERR,ERR,ERR,ERR,ERR,ERR,ERR,ERR,ERR,ERR,ERR,ERR,ERR,ERR,ERR,ERR,ERR,ERR,ERR,ERR,ERR,ERR,ERR,ERR,ERR,ERR,ERR,ERR,ERR,ERR,ERR,ERR,0.0,-0.0,3.028208139652935e+23,0.0,0.0,1.3936040501711995e+18,7.805,0.0,0,0,4,0,7300,-0.0,0,0.0,0.0,0.0,0.0,0.0,0,0,0,0,0.0,0,0,0,0,0,0,0,0,0,0,0,0,0,0,0,0,0,0,0,0,0,0,0,0,0,0,0,0,0,0,0,0,0,32,30,30,62,65476,0,300,0,0,8,21553,0.0,-107605600.0,0.0,0.0,0.0,0.0,0.0,0.0,0.0,0.0,0.0,0.0,0.0,0.0,0.0,0.0,0.0,0.0,0.0,0.0,0.0,0.0,2.004,-2.004,2.004,-0.0,0.0,0.0,0.0,0.0,5558.0,-564146974228480.0,6942.0,0.0,-0.0,-0.0,2.7184296605801213e+23,0.0,0.0,0.0,0.0,63,0.0,-0.0,0.0,0.0,0.0,0.0,0.0,0.0,0.0,0,0,0,0.0,0.0,0.0,0.0,0.0,0.0,0.0,0.0,0.0,0.0,0.0,0.0,0.0,0.0,0.0,0.0,0,-107875648.0,63,0.0,126,2.7184242562605685e+23,2.842318642297501e+23,ERR,ERR,ERR,ERR,ERR,ERR,ERR,ERR,ERR,ERR,ERR,ERR,ERR,ERR,ERR,ERR,ERR,ERR,ERR,ERR,ERR,ERR,ERR,ERR,ERR,ERR,ERR,ERR,ERR,ERR,ERR,ERR,ERR,ERR,ERR,ERR,ERR,ERR,ERR,ERR,ERR,ERR,ERR,ERR,ERR,ERR,ERR,ERR,ERR,ERR,ERR,ERR,ERR,ERR,ERR,ERR,ERR,ERR,ERR,ERR,ERR,ERR,ERR,ERR,ERR,ERR,ERR,34.0,80.0,35,0.0,0.0,0.0,0.0,0.0,0.0,0.0,0.0,0.0,0.0,0.0,0.0,0.0,0.0,0.0,0.0,64.4,0,116,56,49,65476,0,300,0,0,8,20529,65476,0,0,57672,80.0,0.0,0.0,0.0,0.0,0.0
2026-06-17T04:45:54,ERR,ERR,ERR,ERR,ERR,ERR,ERR,ERR,ERR,ERR,ERR,ERR,ERR,ERR,ERR,ERR,ERR,ERR,ERR,ERR,ERR,ERR,ERR,ERR,ERR,ERR,ERR,ERR,ERR,ERR,ERR,ERR,ERR,ERR,ERR,ERR,ERR,ERR,ERR,ERR,ERR,ERR,ERR,ERR,ERR,ERR,ERR,ERR,ERR,ERR,ERR,ERR,ERR,ERR,ERR,ERR,ERR,ERR,ERR,ERR,ERR,ERR,ERR,ERR,ERR,ERR,ERR,ERR,ERR,ERR,ERR,ERR,ERR,ERR,ERR,ERR,ERR,ERR,ERR,ERR,ERR,ERR,ERR,ERR,ERR,ERR,ERR,ERR,ERR,ERR,ERR,ERR,ERR,ERR,ERR,ERR,ERR,ERR,ERR,ERR,ERR,ERR,ERR,ERR,ERR,ERR,ERR,ERR,ERR,ERR,ERR,ERR,ERR,ERR,ERR,ERR,ERR,ERR,ERR,ERR,ERR,ERR,ERR,ERR,ERR,0.0,-0.0,3.028208139652935e+23,0.0,0.0,1.3936040501711995e+18,7.805,0.0,0,0,4,0,7300,-0.0,0,0.0,0.0,0.0,0.0,0.0,0,0,0,0,0.0,0,0,0,0,0,0,0,0,0,0,0,0,0,0,0,0,0,0,0,0,0,0,0,0,0,0,0,0,0,0,0,0,0,32,30,30,62,65476,0,300,0,0,8,21553,0.0,-107605600.0,0.0,0.0,0.0,0.0,0.0,0.0,0.0,0.0,0.0,0.0,0.0,0.0,0.0,0.0,0.0,0.0,0.0,0.0,0.0,0.0,2.004,-2.004,2.004,-0.0,0.0,0.0,0.0,0.0,5590.0,0.0,6919.0,0.0,-0.0,-0.0,0.0,0.0,0.0,0.0,0.0,63,0.0,-3.22201088381116e+26,0.0,0.0,0.0,0.0,0.0,0.0,0.0,0,0,0,0.0,0.0,0.0,0.0,0.0,0.0,0.0,0.0,0.0,0.0,0.0,0.0,0.0,0.0,0.0,0.0,0,-107875648.0,63,0.0,126,2.7184242562605685e+23,2.842318642297501e+23,ERR,ERR,ERR,ERR,ERR,ERR,ERR,ERR,ERR,ERR,ERR,ERR,ERR,ERR,ERR,ERR,ERR,ERR,ERR,ERR,ERR,ERR,ERR,ERR,ERR,ERR,ERR,ERR,ERR,ERR,ERR,ERR,ERR,ERR,ERR,ERR,ERR,ERR,ERR,ERR,ERR,ERR,ERR,ERR,ERR,ERR,ERR,ERR,ERR,ERR,ERR,ERR,ERR,ERR,ERR,ERR,ERR,ERR,ERR,ERR,ERR,ERR,ERR,ERR,ERR,ERR,ERR,34.0,80.0,35,0.0,0.0,0.0,0.0,0.0,0.0,0.0,0.0,0.0,0.0,0.0,0.0,0.0,0.0,0.0,0.0,64.4,0,116,56,49,65476,0,300,0,0,8,20529,65476,0,0,57672,80.0,0.0,0.0,0.0,0.0,0.0
2026-06-17T04:45:55,ERR,ERR,ERR,ERR,ERR,ERR,ERR,ERR,ERR,ERR,ERR,ERR,ERR,ERR,ERR,ERR,ERR,ERR,ERR,ERR,ERR,ERR,ERR,ERR,ERR,ERR,ERR,ERR,ERR,ERR,ERR,ERR,ERR,ERR,ERR,ERR,ERR,ERR,ERR,ERR,ERR,ERR,ERR,ERR,ERR,ERR,ERR,ERR,ERR,ERR,ERR,ERR,ERR,ERR,ERR,ERR,ERR,ERR,ERR,ERR,ERR,ERR,ERR,ERR,ERR,ERR,ERR,ERR,ERR,ERR,ERR,ERR,ERR,ERR,ERR,ERR,ERR,ERR,ERR,ERR,ERR,ERR,ERR,ERR,ERR,ERR,ERR,ERR,ERR,ERR,ERR,ERR,ERR,ERR,ERR,ERR,ERR,ERR,ERR,ERR,ERR,ERR,ERR,ERR,ERR,ERR,ERR,ERR,ERR,ERR,ERR,ERR,ERR,ERR,ERR,ERR,ERR,ERR,ERR,ERR,ERR,ERR,ERR,ERR,ERR,0.0,-0.0,3.028208139652935e+23,0.0,0.0,1.3936040501711995e+18,7.805,0.0,0,0,4,0,7300,-0.0,0,0.0,0.0,0.0,0.0,0.0,0,0,0,0,0.0,0,0,0,0,0,0,0,0,0,0,0,0,0,0,0,0,0,0,0,0,0,0,0,0,0,0,0,0,0,0,0,0,0,32,30,30,62,65476,0,300,0,0,8,21553,0.0,-107605600.0,0.0,0.0,0.0,0.0,0.0,0.0,0.0,0.0,0.0,0.0,0.0,0.0,0.0,0.0,0.0,0.0,0.0,0.0,0.0,0.0,2.004,-2.004,2.004,-0.0,0.0,0.0,0.0,0.0,5590.0,0.0,6919.0,0.0,-0.0,-0.0,0.0,0.0,0.0,0.0,0.0,63,0.0,-3.22201088381116e+26,0.0,0.0,0.0,0.0,0.0,0.0,0.0,0,0,0,0.0,0.0,0.0,0.0,0.0,0.0,0.0,0.0,0.0,0.0,0.0,0.0,0.0,0.0,0.0,0.0,0,-107875648.0,63,0.0,126,2.7184242562605685e+23,2.842318642297501e+23,ERR,ERR,ERR,ERR,ERR,ERR,ERR,ERR,ERR,ERR,ERR,ERR,ERR,ERR,ERR,ERR,ERR,ERR,ERR,ERR,ERR,ERR,ERR,ERR,ERR,ERR,ERR,ERR,ERR,ERR,ERR,ERR,ERR,ERR,ERR,ERR,ERR,ERR,ERR,ERR,ERR,ERR,ERR,ERR,ERR,ERR,ERR,ERR,ERR,ERR,ERR,ERR,ERR,ERR,ERR,ERR,ERR,ERR,ERR,ERR,ERR,ERR,ERR,ERR,ERR,ERR,ERR,34.0,80.0,35,0.0,0.0,0.0,0.0,0.0,0.0,0.0,0.0,0.0,0.0,0.0,0.0,0.0,0.0,0.0,0.0,64.4,0,116,56,49,65476,0,300,0,0,8,20529,65476,0,0,57672,80.0,0.0,0.0,0.0,0.0,0.0
2026-06-17T04:45:56,ERR,ERR,ERR,ERR,ERR,ERR,ERR,ERR,ERR,ERR,ERR,ERR,ERR,ERR,ERR,ERR,ERR,ERR,ERR,ERR,ERR,ERR,ERR,ERR,ERR,ERR,ERR,ERR,ERR,ERR,ERR,ERR,ERR,ERR,ERR,ERR,ERR,ERR,ERR,ERR,ERR,ERR,ERR,ERR,ERR,ERR,ERR,ERR,ERR,ERR,ERR,ERR,ERR,ERR,ERR,ERR,ERR,ERR,ERR,ERR,ERR,ERR,ERR,ERR,ERR,ERR,ERR,ERR,ERR,ERR,ERR,ERR,ERR,ERR,ERR,ERR,ERR,ERR,ERR,ERR,ERR,ERR,ERR,ERR,ERR,ERR,ERR,ERR,ERR,ERR,ERR,ERR,ERR,ERR,ERR,ERR,ERR,ERR,ERR,ERR,ERR,ERR,ERR,ERR,ERR,ERR,ERR,ERR,ERR,ERR,ERR,ERR,ERR,ERR,ERR,ERR,ERR,ERR,ERR,ERR,ERR,ERR,ERR,ERR,ERR,0.0,-0.0,3.028208139652935e+23,0.0,0.0,1.3936040501711995e+18,7.805,0.0,0,0,4,0,7300,-0.0,0,0.0,0.0,0.0,0.0,0.0,0,0,0,0,0.0,0,0,0,0,0,0,0,0,0,0,0,0,0,0,0,0,0,0,0,0,0,0,0,0,0,0,0,0,0,0,0,0,0,32,30,30,62,65476,0,300,0,0,8,21553,0.0,-107605600.0,0.0,0.0,0.0,0.0,0.0,0.0,0.0,0.0,0.0,0.0,0.0,0.0,0.0,0.0,0.0,0.0,0.0,0.0,0.0,0.0,2.004,-2.004,2.004,-0.0,0.0,0.0,0.0,0.0,5590.0,0.0,6919.0,0.0,-0.0,-0.0,0.0,0.0,0.0,0.0,0.0,63,0.0,-3.22201088381116e+26,0.0,0.0,0.0,0.0,0.0,0.0,0.0,0,0,0,0.0,0.0,0.0,0.0,0.0,0.0,0.0,0.0,0.0,0.0,0.0,0.0,0.0,0.0,0.0,0.0,0,-107875648.0,63,0.0,126,2.7184242562605685e+23,2.842318642297501e+23,ERR,ERR,ERR,ERR,ERR,ERR,ERR,ERR,ERR,ERR,ERR,ERR,ERR,ERR,ERR,ERR,ERR,ERR,ERR,ERR,ERR,ERR,ERR,ERR,ERR,ERR,ERR,ERR,ERR,ERR,ERR,ERR,ERR,ERR,ERR,ERR,ERR,ERR,ERR,ERR,ERR,ERR,ERR,ERR,ERR,ERR,ERR,ERR,ERR,ERR,ERR,ERR,ERR,ERR,ERR,ERR,ERR,ERR,ERR,ERR,ERR,ERR,ERR,ERR,ERR,ERR,ERR,34.0,80.0,35,0.0,0.0,0.0,0.0,0.0,0.0,0.0,0.0,0.0,0.0,0.0,0.0,0.0,0.0,0.0,0.0,64.4,0,116,56,49,65476,0,300,0,0,8,20529,65476,0,0,57672,80.0,0.0,0.0,0.0,0.0,0.0
2026-06-17T04:45:57,ERR,ERR,ERR,ERR,ERR,ERR,ERR,ERR,ERR,ERR,ERR,ERR,ERR,ERR,ERR,ERR,ERR,ERR,ERR,ERR,ERR,ERR,ERR,ERR,ERR,ERR,ERR,ERR,ERR,ERR,ERR,ERR,ERR,ERR,ERR,ERR,ERR,ERR,ERR,ERR,ERR,ERR,ERR,ERR,ERR,ERR,ERR,ERR,ERR,ERR,ERR,ERR,ERR,ERR,ERR,ERR,ERR,ERR,ERR,ERR,ERR,ERR,ERR,ERR,ERR,ERR,ERR,ERR,ERR,ERR,ERR,ERR,ERR,ERR,ERR,ERR,ERR,ERR,ERR,ERR,ERR,ERR,ERR,ERR,ERR,ERR,ERR,ERR,ERR,ERR,ERR,ERR,ERR,ERR,ERR,ERR,ERR,ERR,ERR,ERR,ERR,ERR,ERR,ERR,ERR,ERR,ERR,ERR,ERR,ERR,ERR,ERR,ERR,ERR,ERR,ERR,ERR,ERR,ERR,ERR,ERR,ERR,ERR,ERR,ERR,0.0,-0.0,3.028208139652935e+23,0.0,0.0,1.3936040501711995e+18,7.805,0.0,0,0,4,0,7300,-0.0,0,0.0,0.0,0.0,0.0,0.0,0,0,0,0,0.0,0,0,0,0,0,0,0,0,0,0,0,0,0,0,0,0,0,0,0,0,0,0,0,0,0,0,0,0,0,0,0,0,0,32,30,30,62,65476,0,300,0,0,8,21553,0.0,-107605600.0,0.0,0.0,0.0,0.0,0.0,0.0,0.0,0.0,0.0,0.0,0.0,0.0,0.0,0.0,0.0,0.0,0.0,0.0,0.0,0.0,2.004,-2.004,2.004,-0.0,0.0,0.0,0.0,0.0,5590.0,0.0,6919.0,0.0,-0.0,-0.0,0.0,0.0,0.0,0.0,0.0,63,0.0,-3.22201088381116e+26,0.0,0.0,0.0,0.0,0.0,0.0,0.0,0,0,0,0.0,0.0,0.0,0.0,0.0,0.0,0.0,0.0,0.0,0.0,0.0,0.0,0.0,0.0,0.0,0.0,0,-107875648.0,63,0.0,126,2.7184242562605685e+23,2.842318642297501e+23,ERR,ERR,ERR,ERR,ERR,ERR,ERR,ERR,ERR,ERR,ERR,ERR,ERR,ERR,ERR,ERR,ERR,ERR,ERR,ERR,ERR,ERR,ERR,ERR,ERR,ERR,ERR,ERR,ERR,ERR,ERR,ERR,ERR,ERR,ERR,ERR,ERR,ERR,ERR,ERR,ERR,ERR,ERR,ERR,ERR,ERR,ERR,ERR,ERR,ERR,ERR,ERR,ERR,ERR,ERR,ERR,ERR,ERR,ERR,ERR,ERR,ERR,ERR,ERR,ERR,ERR,ERR,34.0,80.0,35,0.0,0.0,0.0,0.0,0.0,0.0,0.0,0.0,0.0,0.0,0.0,0.0,0.0,0.0,0.0,0.0,64.4,0,116,56,49,65476,0,300,0,0,8,20529,65476,0,0,57672,80.0,0.0,0.0,0.0,0.0,0.0
2026-06-17T04:45:58,ERR,ERR,ERR,ERR,ERR,ERR,ERR,ERR,ERR,ERR,ERR,ERR,ERR,ERR,ERR,ERR,ERR,ERR,ERR,ERR,ERR,ERR,ERR,ERR,ERR,ERR,ERR,ERR,ERR,ERR,ERR,ERR,ERR,ERR,ERR,ERR,ERR,ERR,ERR,ERR,ERR,ERR,ERR,ERR,ERR,ERR,ERR,ERR,ERR,ERR,ERR,ERR,ERR,ERR,ERR,ERR,ERR,ERR,ERR,ERR,ERR,ERR,ERR,ERR,ERR,ERR,ERR,ERR,ERR,ERR,ERR,ERR,ERR,ERR,ERR,ERR,ERR,ERR,ERR,ERR,ERR,ERR,ERR,ERR,ERR,ERR,ERR,ERR,ERR,ERR,ERR,ERR,ERR,ERR,ERR,ERR,ERR,ERR,ERR,ERR,ERR,ERR,ERR,ERR,ERR,ERR,ERR,ERR,ERR,ERR,ERR,ERR,ERR,ERR,ERR,ERR,ERR,ERR,ERR,ERR,ERR,ERR,ERR,ERR,ERR,0.0,-0.0,3.028208139652935e+23,0.0,0.0,1.3936040501711995e+18,7.805,0.0,0,0,4,0,7300,-0.0,0,0.0,0.0,0.0,0.0,0.0,0,0,0,0,0.0,0,0,0,0,0,0,0,0,0,0,0,0,0,0,0,0,0,0,0,0,0,0,0,0,0,0,0,0,0,0,0,0,0,32,30,30,62,65476,0,300,0,0,8,21553,0.0,-107605600.0,0.0,0.0,0.0,0.0,0.0,0.0,0.0,0.0,0.0,0.0,0.0,0.0,0.0,0.0,0.0,0.0,0.0,0.0,0.0,0.0,2.004,-2.004,2.004,-0.0,0.0,0.0,0.0,0.0,5590.0,0.0,6919.0,0.0,-0.0,-0.0,0.0,0.0,0.0,0.0,0.0,63,0.0,-3.22201088381116e+26,0.0,0.0,0.0,0.0,0.0,0.0,0.0,0,0,0,0.0,0.0,0.0,0.0,0.0,0.0,0.0,0.0,0.0,0.0,0.0,0.0,0.0,0.0,0.0,0.0,0,-107875648.0,63,0.0,126,2.7184242562605685e+23,2.842318642297501e+23,ERR,ERR,ERR,ERR,ERR,ERR,ERR,ERR,ERR,ERR,ERR,ERR,ERR,ERR,ERR,ERR,ERR,ERR,ERR,ERR,ERR,ERR,ERR,ERR,ERR,ERR,ERR,ERR,ERR,ERR,ERR,ERR,ERR,ERR,ERR,ERR,ERR,ERR,ERR,ERR,ERR,ERR,ERR,ERR,ERR,ERR,ERR,ERR,ERR,ERR,ERR,ERR,ERR,ERR,ERR,ERR,ERR,ERR,ERR,ERR,ERR,ERR,ERR,ERR,ERR,ERR,ERR,34.0,80.0,35,0.0,0.0,0.0,0.0,0.0,0.0,0.0,0.0,0.0,0.0,0.0,0.0,0.0,0.0,0.0,0.0,64.4,0,116,56,49,65476,0,300,0,0,8,20529,65476,0,0,57672,80.0,0.0,0.0,0.0,0.0,0.0
2026-06-17T04:45:59,ERR,ERR,ERR,ERR,ERR,ERR,ERR,ERR,ERR,ERR,ERR,ERR,ERR,ERR,ERR,ERR,ERR,ERR,ERR,ERR,ERR,ERR,ERR,ERR,ERR,ERR,ERR,ERR,ERR,ERR,ERR,ERR,ERR,ERR,ERR,ERR,ERR,ERR,ERR,ERR,ERR,ERR,ERR,ERR,ERR,ERR,ERR,ERR,ERR,ERR,ERR,ERR,ERR,ERR,ERR,ERR,ERR,ERR,ERR,ERR,ERR,ERR,ERR,ERR,ERR,ERR,ERR,ERR,ERR,ERR,ERR,ERR,ERR,ERR,ERR,ERR,ERR,ERR,ERR,ERR,ERR,ERR,ERR,ERR,ERR,ERR,ERR,ERR,ERR,ERR,ERR,ERR,ERR,ERR,ERR,ERR,ERR,ERR,ERR,ERR,ERR,ERR,ERR,ERR,ERR,ERR,ERR,ERR,ERR,ERR,ERR,ERR,ERR,ERR,ERR,ERR,ERR,ERR,ERR,ERR,ERR,ERR,ERR,ERR,ERR,0.0,-0.0,3.028208139652935e+23,0.0,0.0,1.3936040501711995e+18,7.805,0.0,0,0,4,0,7300,-0.0,0,0.0,0.0,0.0,0.0,0.0,0,0,0,0,0.0,0,0,0,0,0,0,0,0,0,0,0,0,0,0,0,0,0,0,0,0,0,0,0,0,0,0,0,0,0,0,0,0,0,32,30,30,62,65476,0,300,0,0,8,21553,0.0,-107605600.0,0.0,0.0,0.0,0.0,0.0,0.0,0.0,0.0,0.0,0.0,0.0,0.0,0.0,0.0,0.0,0.0,0.0,0.0,0.0,0.0,2.004,-2.004,2.004,-0.0,0.0,0.0,0.0,0.0,5590.0,0.0,6919.0,0.0,-0.0,-0.0,0.0,0.0,0.0,0.0,0.0,63,0.0,-3.22201088381116e+26,0.0,0.0,0.0,0.0,0.0,0.0,0.0,0,0,0,0.0,0.0,0.0,0.0,0.0,0.0,0.0,0.0,0.0,0.0,0.0,0.0,0.0,0.0,0.0,0.0,0,-107875648.0,63,0.0,126,2.7184242562605685e+23,2.842318642297501e+23,ERR,ERR,ERR,ERR,ERR,ERR,ERR,ERR,ERR,ERR,ERR,ERR,ERR,ERR,ERR,ERR,ERR,ERR,ERR,ERR,ERR,ERR,ERR,ERR,ERR,ERR,ERR,ERR,ERR,ERR,ERR,ERR,ERR,ERR,ERR,ERR,ERR,ERR,ERR,ERR,ERR,ERR,ERR,ERR,ERR,ERR,ERR,ERR,ERR,ERR,ERR,ERR,ERR,ERR,ERR,ERR,ERR,ERR,ERR,ERR,ERR,ERR,ERR,ERR,ERR,ERR,ERR,34.0,80.0,35,0.0,0.0,0.0,0.0,0.0,0.0,0.0,0.0,0.0,0.0,0.0,0.0,0.0,0.0,0.0,0.0,64.4,0,116,56,49,65476,0,300,0,0,8,20529,65476,0,0,57672,80.0,0.0,0.0,0.0,0.0,0.0
2026-06-17T04:46:00,ERR,ERR,ERR,ERR,ERR,ERR,ERR,ERR,ERR,ERR,ERR,ERR,ERR,ERR,ERR,ERR,ERR,ERR,ERR,ERR,ERR,ERR,ERR,ERR,ERR,ERR,ERR,ERR,ERR,ERR,ERR,ERR,ERR,ERR,ERR,ERR,ERR,ERR,ERR,ERR,ERR,ERR,ERR,ERR,ERR,ERR,ERR,ERR,ERR,ERR,ERR,ERR,ERR,ERR,ERR,ERR,ERR,ERR,ERR,ERR,ERR,ERR,ERR,ERR,ERR,ERR,ERR,ERR,ERR,ERR,ERR,ERR,ERR,ERR,ERR,ERR,ERR,ERR,ERR,ERR,ERR,ERR,ERR,ERR,ERR,ERR,ERR,ERR,ERR,ERR,ERR,ERR,ERR,ERR,ERR,ERR,ERR,ERR,ERR,ERR,ERR,ERR,ERR,ERR,ERR,ERR,ERR,ERR,ERR,ERR,ERR,ERR,ERR,ERR,ERR,ERR,ERR,ERR,ERR,ERR,ERR,ERR,ERR,ERR,ERR,0.0,-0.0,-0.0,0.0,0.0,1.3936040501711995e+18,7.805,0.0,0,0,4,0,7300,-0.0,0,0.0,0.0,0.0,0.0,0.0,0,0,0,0,0.0,0,0,0,0,0,0,0,0,0,0,0,0,0,0,0,0,0,0,0,0,0,0,0,0,0,0,0,0,0,0,0,0,0,32,30,30,62,65476,0,300,0,0,8,21553,0.0,-107605600.0,0.0,0.0,0.0,0.0,0.0,0.0,0.0,0.0,0.0,0.0,0.0,0.0,0.0,0.0,0.0,0.0,0.0,0.0,0.0,0.0,-0.0,-2.004,2.004,-0.0,0.0,0.0,0.0,0.0,5590.0,1.0406676091490428e+34,6927.0,0.0,-0.0,-0.0,2.7184296605801213e+23,0.0,0.0,0.0,0.0,63,0.0,126840725504.0,0.0,0.0,0.0,0.0,0.0,0.0,0.0,0,0,0,0.0,0.0,0.0,0.0,0.0,0.0,0.0,0.0,0.0,0.0,0.0,0.0,0.0,0.0,0.0,0.0,0,-107875648.0,63,0.0,126,2.7184242562605685e+23,2.842318642297501e+23,ERR,ERR,ERR,ERR,ERR,ERR,ERR,ERR,ERR,ERR,ERR,ERR,ERR,ERR,ERR,ERR,ERR,ERR,ERR,ERR,ERR,ERR,ERR,ERR,ERR,ERR,ERR,ERR,ERR,ERR,ERR,ERR,ERR,ERR,ERR,ERR,ERR,ERR,ERR,ERR,ERR,ERR,ERR,ERR,ERR,ERR,ERR,ERR,ERR,ERR,ERR,ERR,ERR,ERR,ERR,ERR,ERR,ERR,ERR,ERR,ERR,ERR,ERR,ERR,ERR,ERR,ERR,34.0,80.0,35,0.0,0.0,0.0,0.0,0.0,0.0,0.0,0.0,0.0,0.0,0.0,0.0,0.0,0.0,0.0,0.0,64.4,0,116,56,49,65476,0,300,0,0,8,20529,65476,0,0,57672,80.0,0.0,0.0,0.0,0.0,0.0
2026-06-17T04:46:01,ERR,ERR,ERR,ERR,ERR,ERR,ERR,ERR,ERR,ERR,ERR,ERR,ERR,ERR,ERR,ERR,ERR,ERR,ERR,ERR,ERR,ERR,ERR,ERR,ERR,ERR,ERR,ERR,ERR,ERR,ERR,ERR,ERR,ERR,ERR,ERR,ERR,ERR,ERR,ERR,ERR,ERR,ERR,ERR,ERR,ERR,ERR,ERR,ERR,ERR,ERR,ERR,ERR,ERR,ERR,ERR,ERR,ERR,ERR,ERR,ERR,ERR,ERR,ERR,ERR,ERR,ERR,ERR,ERR,ERR,ERR,ERR,ERR,ERR,ERR,ERR,ERR,ERR,ERR,ERR,ERR,ERR,ERR,ERR,ERR,ERR,ERR,ERR,ERR,ERR,ERR,ERR,ERR,ERR,ERR,ERR,ERR,ERR,ERR,ERR,ERR,ERR,ERR,ERR,ERR,ERR,ERR,ERR,ERR,ERR,ERR,ERR,ERR,ERR,ERR,ERR,ERR,ERR,ERR,ERR,ERR,ERR,ERR,ERR,ERR,0.0,-0.0,-0.0,0.0,0.0,1.3936040501711995e+18,7.805,0.0,0,0,4,0,7300,-0.0,0,0.0,0.0,0.0,0.0,0.0,0,0,0,0,0.0,0,0,0,0,0,0,0,0,0,0,0,0,0,0,0,0,0,0,0,0,0,0,0,0,0,0,0,0,0,0,0,0,0,32,30,30,62,65476,0,300,0,0,8,21553,0.0,-107605600.0,0.0,0.0,0.0,0.0,0.0,0.0,0.0,0.0,0.0,0.0,0.0,0.0,0.0,0.0,0.0,0.0,0.0,0.0,0.0,0.0,-0.0,-2.004,2.004,-0.0,0.0,0.0,0.0,0.0,5590.0,1.0406676091490428e+34,6927.0,0.0,-0.0,-0.0,2.7184296605801213e+23,0.0,0.0,0.0,0.0,63,0.0,126840725504.0,0.0,0.0,0.0,0.0,0.0,0.0,0.0,0,0,0,0.0,0.0,0.0,0.0,0.0,0.0,0.0,0.0,0.0,0.0,0.0,0.0,0.0,0.0,0.0,0.0,0,-107875648.0,63,0.0,126,2.7184242562605685e+23,2.842318642297501e+23,ERR,ERR,ERR,ERR,ERR,ERR,ERR,ERR,ERR,ERR,ERR,ERR,ERR,ERR,ERR,ERR,ERR,ERR,ERR,ERR,ERR,ERR,ERR,ERR,ERR,ERR,ERR,ERR,ERR,ERR,ERR,ERR,ERR,ERR,ERR,ERR,ERR,ERR,ERR,ERR,ERR,ERR,ERR,ERR,ERR,ERR,ERR,ERR,ERR,ERR,ERR,ERR,ERR,ERR,ERR,ERR,ERR,ERR,ERR,ERR,ERR,ERR,ERR,ERR,ERR,ERR,ERR,34.0,80.0,35,0.0,0.0,0.0,0.0,0.0,0.0,0.0,0.0,0.0,0.0,0.0,0.0,0.0,0.0,0.0,0.0,64.4,0,116,56,49,65476,0,300,0,0,8,20529,65476,0,0,57672,80.0,0.0,0.0,0.0,0.0,0.0
2026-06-17T04:46:02,ERR,ERR,ERR,ERR,ERR,ERR,ERR,ERR,ERR,ERR,ERR,ERR,ERR,ERR,ERR,ERR,ERR,ERR,ERR,ERR,ERR,ERR,ERR,ERR,ERR,ERR,ERR,ERR,ERR,ERR,ERR,ERR,ERR,ERR,ERR,ERR,ERR,ERR,ERR,ERR,ERR,ERR,ERR,ERR,ERR,ERR,ERR,ERR,ERR,ERR,ERR,ERR,ERR,ERR,ERR,ERR,ERR,ERR,ERR,ERR,ERR,ERR,ERR,ERR,ERR,ERR,ERR,ERR,ERR,ERR,ERR,ERR,ERR,ERR,ERR,ERR,ERR,ERR,ERR,ERR,ERR,ERR,ERR,ERR,ERR,ERR,ERR,ERR,ERR,ERR,ERR,ERR,ERR,ERR,ERR,ERR,ERR,ERR,ERR,ERR,ERR,ERR,ERR,ERR,ERR,ERR,ERR,ERR,ERR,ERR,ERR,ERR,ERR,ERR,ERR,ERR,ERR,ERR,ERR,ERR,ERR,ERR,ERR,ERR,ERR,0.0,-0.0,-0.0,0.0,0.0,1.3936040501711995e+18,7.805,0.0,0,0,4,0,7300,-0.0,0,0.0,0.0,0.0,0.0,0.0,0,0,0,0,0.0,0,0,0,0,0,0,0,0,0,0,0,0,0,0,0,0,0,0,0,0,0,0,0,0,0,0,0,0,0,0,0,0,0,32,30,30,62,65476,0,300,0,0,8,21553,0.0,-107605600.0,0.0,0.0,0.0,0.0,0.0,0.0,0.0,0.0,0.0,0.0,0.0,0.0,0.0,0.0,0.0,0.0,0.0,0.0,0.0,0.0,-0.0,-2.004,2.004,-0.0,0.0,0.0,0.0,0.0,5590.0,1.0406676091490428e+34,6927.0,0.0,-0.0,-0.0,2.7184296605801213e+23,0.0,0.0,0.0,0.0,63,0.0,126840725504.0,0.0,0.0,0.0,0.0,0.0,0.0,0.0,0,0,0,0.0,0.0,0.0,0.0,0.0,0.0,0.0,0.0,0.0,0.0,0.0,0.0,0.0,0.0,0.0,0.0,0,-107875648.0,63,0.0,126,2.7184242562605685e+23,2.842318642297501e+23,ERR,ERR,ERR,ERR,ERR,ERR,ERR,ERR,ERR,ERR,ERR,ERR,ERR,ERR,ERR,ERR,ERR,ERR,ERR,ERR,ERR,ERR,ERR,ERR,ERR,ERR,ERR,ERR,ERR,ERR,ERR,ERR,ERR,ERR,ERR,ERR,ERR,ERR,ERR,ERR,ERR,ERR,ERR,ERR,ERR,ERR,ERR,ERR,ERR,ERR,ERR,ERR,ERR,ERR,ERR,ERR,ERR,ERR,ERR,ERR,ERR,ERR,ERR,ERR,ERR,ERR,ERR,34.0,80.0,35,0.0,0.0,0.0,0.0,0.0,0.0,0.0,0.0,0.0,0.0,0.0,0.0,0.0,0.0,0.0,0.0,64.4,0,116,56,49,65476,0,300,0,0,8,20529,65476,0,0,57672,80.0,0.0,0.0,0.0,0.0,0.0
2026-06-17T04:46:03,ERR,ERR,ERR,ERR,ERR,ERR,ERR,ERR,ERR,ERR,ERR,ERR,ERR,ERR,ERR,ERR,ERR,ERR,ERR,ERR,ERR,ERR,ERR,ERR,ERR,ERR,ERR,ERR,ERR,ERR,ERR,ERR,ERR,ERR,ERR,ERR,ERR,ERR,ERR,ERR,ERR,ERR,ERR,ERR,ERR,ERR,ERR,ERR,ERR,ERR,ERR,ERR,ERR,ERR,ERR,ERR,ERR,ERR,ERR,ERR,ERR,ERR,ERR,ERR,ERR,ERR,ERR,ERR,ERR,ERR,ERR,ERR,ERR,ERR,ERR,ERR,ERR,ERR,ERR,ERR,ERR,ERR,ERR,ERR,ERR,ERR,ERR,ERR,ERR,ERR,ERR,ERR,ERR,ERR,ERR,ERR,ERR,ERR,ERR,ERR,ERR,ERR,ERR,ERR,ERR,ERR,ERR,ERR,ERR,ERR,ERR,ERR,ERR,ERR,ERR,ERR,ERR,ERR,ERR,ERR,ERR,ERR,ERR,ERR,ERR,0.0,-0.0,-0.0,0.0,0.0,1.3936040501711995e+18,7.805,0.0,0,0,4,0,7300,-0.0,0,0.0,0.0,0.0,0.0,0.0,0,0,0,0,0.0,0,0,0,0,0,0,0,0,0,0,0,0,0,0,0,0,0,0,0,0,0,0,0,0,0,0,0,0,0,0,0,0,0,32,30,30,62,65476,0,300,0,0,8,21553,0.0,-107605600.0,0.0,0.0,0.0,0.0,0.0,0.0,0.0,0.0,0.0,0.0,0.0,0.0,0.0,0.0,0.0,0.0,0.0,0.0,0.0,0.0,-0.0,-2.004,2.004,-0.0,0.0,0.0,0.0,0.0,5590.0,1.0406676091490428e+34,6927.0,0.0,-0.0,-0.0,2.7184296605801213e+23,0.0,0.0,0.0,0.0,63,0.0,126840725504.0,0.0,0.0,0.0,0.0,0.0,0.0,0.0,0,0,0,0.0,0.0,0.0,0.0,0.0,0.0,0.0,0.0,0.0,0.0,0.0,0.0,0.0,0.0,0.0,0.0,0,-107875648.0,63,0.0,126,2.7184242562605685e+23,2.842318642297501e+23,ERR,ERR,ERR,ERR,ERR,ERR,ERR,ERR,ERR,ERR,ERR,ERR,ERR,ERR,ERR,ERR,ERR,ERR,ERR,ERR,ERR,ERR,ERR,ERR,ERR,ERR,ERR,ERR,ERR,ERR,ERR,ERR,ERR,ERR,ERR,ERR,ERR,ERR,ERR,ERR,ERR,ERR,ERR,ERR,ERR,ERR,ERR,ERR,ERR,ERR,ERR,ERR,ERR,ERR,ERR,ERR,ERR,ERR,ERR,ERR,ERR,ERR,ERR,ERR,ERR,ERR,ERR,34.0,80.0,35,0.0,0.0,0.0,0.0,0.0,0.0,0.0,0.0,0.0,0.0,0.0,0.0,0.0,0.0,0.0,0.0,64.8,0,116,56,49,65476,0,300,0,0,8,20529,65476,0,0,57672,80.0,0.0,0.0,0.0,0.0,0.0
2026-06-17T04:46:04,ERR,ERR,ERR,ERR,ERR,ERR,ERR,ERR,ERR,ERR,ERR,ERR,ERR,ERR,ERR,ERR,ERR,ERR,ERR,ERR,ERR,ERR,ERR,ERR,ERR,ERR,ERR,ERR,ERR,ERR,ERR,ERR,ERR,ERR,ERR,ERR,ERR,ERR,ERR,ERR,ERR,ERR,ERR,ERR,ERR,ERR,ERR,ERR,ERR,ERR,ERR,ERR,ERR,ERR,ERR,ERR,ERR,ERR,ERR,ERR,ERR,ERR,ERR,ERR,ERR,ERR,ERR,ERR,ERR,ERR,ERR,ERR,ERR,ERR,ERR,ERR,ERR,ERR,ERR,ERR,ERR,ERR,ERR,ERR,ERR,ERR,ERR,ERR,ERR,ERR,ERR,ERR,ERR,ERR,ERR,ERR,ERR,ERR,ERR,ERR,ERR,ERR,ERR,ERR,ERR,ERR,ERR,ERR,ERR,ERR,ERR,ERR,ERR,ERR,ERR,ERR,ERR,ERR,ERR,ERR,ERR,ERR,ERR,ERR,ERR,0.0,-0.0,-0.0,0.0,0.0,1.3936040501711995e+18,7.805,0.0,0,0,4,0,7300,-0.0,0,0.0,0.0,0.0,0.0,0.0,0,0,0,0,0.0,0,0,0,0,0,0,0,0,0,0,0,0,0,0,0,0,0,0,0,0,0,0,0,0,0,0,0,0,0,0,0,0,0,32,30,30,62,65476,0,300,0,0,8,21553,0.0,-107605600.0,0.0,0.0,0.0,0.0,0.0,0.0,0.0,0.0,0.0,0.0,0.0,0.0,0.0,0.0,0.0,0.0,0.0,0.0,0.0,0.0,-0.0,-2.004,2.004,-0.0,0.0,0.0,0.0,0.0,5590.0,1.0406676091490428e+34,6927.0,0.0,-0.0,-0.0,2.7184296605801213e+23,0.0,0.0,0.0,0.0,63,0.0,126840725504.0,0.0,0.0,0.0,0.0,0.0,0.0,0.0,0,0,0,0.0,0.0,0.0,0.0,0.0,0.0,0.0,0.0,0.0,0.0,0.0,0.0,0.0,0.0,0.0,0.0,0,-107875648.0,63,0.0,126,2.7184242562605685e+23,2.842318642297501e+23,ERR,ERR,ERR,ERR,ERR,ERR,ERR,ERR,ERR,ERR,ERR,ERR,ERR,ERR,ERR,ERR,ERR,ERR,ERR,ERR,ERR,ERR,ERR,ERR,ERR,ERR,ERR,ERR,ERR,ERR,ERR,ERR,ERR,ERR,ERR,ERR,ERR,ERR,ERR,ERR,ERR,ERR,ERR,ERR,ERR,ERR,ERR,ERR,ERR,ERR,ERR,ERR,ERR,ERR,ERR,ERR,ERR,ERR,ERR,ERR,ERR,ERR,ERR,ERR,ERR,ERR,ERR,34.0,80.0,35,0.0,0.0,0.0,0.0,0.0,0.0,0.0,0.0,0.0,0.0,0.0,0.0,0.0,0.0,0.0,0.0,64.8,0,116,56,49,65476,0,300,0,0,8,20529,65476,0,0,57672,80.0,0.0,0.0,0.0,0.0,0.0
2026-06-17T04:46:05,ERR,ERR,ERR,ERR,ERR,ERR,ERR,ERR,ERR,ERR,ERR,ERR,ERR,ERR,ERR,ERR,ERR,ERR,ERR,ERR,ERR,ERR,ERR,ERR,ERR,ERR,ERR,ERR,ERR,ERR,ERR,ERR,ERR,ERR,ERR,ERR,ERR,ERR,ERR,ERR,ERR,ERR,ERR,ERR,ERR,ERR,ERR,ERR,ERR,ERR,ERR,ERR,ERR,ERR,ERR,ERR,ERR,ERR,ERR,ERR,ERR,ERR,ERR,ERR,ERR,ERR,ERR,ERR,ERR,ERR,ERR,ERR,ERR,ERR,ERR,ERR,ERR,ERR,ERR,ERR,ERR,ERR,ERR,ERR,ERR,ERR,ERR,ERR,ERR,ERR,ERR,ERR,ERR,ERR,ERR,ERR,ERR,ERR,ERR,ERR,ERR,ERR,ERR,ERR,ERR,ERR,ERR,ERR,ERR,ERR,ERR,ERR,ERR,ERR,ERR,ERR,ERR,ERR,ERR,ERR,ERR,ERR,ERR,ERR,ERR,0.0,-0.0,-0.0,0.0,0.0,1.3936040501711995e+18,7.805,0.0,0,0,4,0,7300,-0.0,0,0.0,0.0,0.0,0.0,0.0,0,0,0,0,0.0,0,0,0,0,0,0,0,0,0,0,0,0,0,0,0,0,0,0,0,0,0,0,0,0,0,0,0,0,0,0,0,0,0,32,30,30,62,65476,0,300,0,0,8,21553,0.0,-107605600.0,0.0,0.0,0.0,0.0,0.0,0.0,0.0,0.0,0.0,0.0,0.0,0.0,0.0,0.0,0.0,0.0,0.0,0.0,0.0,0.0,2.004,-2.004,-0.0,-0.0,0.0,0.0,0.0,0.0,5590.0,8608200704.0,6922.0,0.0,-0.0,-0.0,2.7184296605801213e+23,0.0,0.0,0.0,0.0,63,0.0,0.0,0.0,0.0,0.0,0.0,0.0,0.0,0.0,0,0,0,0.0,0.0,0.0,0.0,0.0,0.0,0.0,0.0,0.0,0.0,0.0,0.0,0.0,0.0,0.0,0.0,0,-107875648.0,63,0.0,126,2.7184242562605685e+23,-0.0,ERR,ERR,ERR,ERR,ERR,ERR,ERR,ERR,ERR,ERR,ERR,ERR,ERR,ERR,ERR,ERR,ERR,ERR,ERR,ERR,ERR,ERR,ERR,ERR,ERR,ERR,ERR,ERR,ERR,ERR,ERR,ERR,ERR,ERR,ERR,ERR,ERR,ERR,ERR,ERR,ERR,ERR,ERR,ERR,ERR,ERR,ERR,ERR,ERR,ERR,ERR,ERR,ERR,ERR,ERR,ERR,ERR,ERR,ERR,ERR,ERR,ERR,ERR,ERR,ERR,ERR,ERR,34.0,80.0,35,0.0,0.0,0.0,0.0,0.0,0.0,0.0,0.0,0.0,0.0,0.0,0.0,0.0,0.0,0.0,0.0,64.4,0,116,56,49,65476,0,300,0,0,8,20529,65476,0,0,57672,80.0,0.0,0.0,0.0,0.0,0.0
2026-06-17T04:46:06,ERR,ERR,ERR,ERR,ERR,ERR,ERR,ERR,ERR,ERR,ERR,ERR,ERR,ERR,ERR,ERR,ERR,ERR,ERR,ERR,ERR,ERR,ERR,ERR,ERR,ERR,ERR,ERR,ERR,ERR,ERR,ERR,ERR,ERR,ERR,ERR,ERR,ERR,ERR,ERR,ERR,ERR,ERR,ERR,ERR,ERR,ERR,ERR,ERR,ERR,ERR,ERR,ERR,ERR,ERR,ERR,ERR,ERR,ERR,ERR,ERR,ERR,ERR,ERR,ERR,ERR,ERR,ERR,ERR,ERR,ERR,ERR,ERR,ERR,ERR,ERR,ERR,ERR,ERR,ERR,ERR,ERR,ERR,ERR,ERR,ERR,ERR,ERR,ERR,ERR,ERR,ERR,ERR,ERR,ERR,ERR,ERR,ERR,ERR,ERR,ERR,ERR,ERR,ERR,ERR,ERR,ERR,ERR,ERR,ERR,ERR,ERR,ERR,ERR,ERR,ERR,ERR,ERR,ERR,ERR,ERR,ERR,ERR,ERR,ERR,0.0,-0.0,-0.0,0.0,0.0,1.3936040501711995e+18,7.805,0.0,0,0,4,0,7300,-0.0,0,0.0,0.0,0.0,0.0,0.0,0,0,0,0,0.0,0,0,0,0,0,0,0,0,0,0,0,0,0,0,0,0,0,0,0,0,0,0,0,0,0,0,0,0,0,0,0,0,0,32,30,30,62,65476,0,300,0,0,8,21553,0.0,-107605600.0,0.0,0.0,0.0,0.0,0.0,0.0,0.0,0.0,0.0,0.0,0.0,0.0,0.0,0.0,0.0,0.0,0.0,0.0,0.0,0.0,2.004,-2.004,-0.0,-0.0,0.0,0.0,0.0,0.0,5590.0,8608200704.0,6922.0,0.0,-0.0,-0.0,2.7184296605801213e+23,0.0,0.0,0.0,0.0,63,0.0,0.0,0.0,0.0,0.0,0.0,0.0,0.0,0.0,0,0,0,0.0,0.0,0.0,0.0,0.0,0.0,0.0,0.0,0.0,0.0,0.0,0.0,0.0,0.0,0.0,0.0,0,-107875648.0,63,0.0,126,2.7184242562605685e+23,-0.0,ERR,ERR,ERR,ERR,ERR,ERR,ERR,ERR,ERR,ERR,ERR,ERR,ERR,ERR,ERR,ERR,ERR,ERR,ERR,ERR,ERR,ERR,ERR,ERR,ERR,ERR,ERR,ERR,ERR,ERR,ERR,ERR,ERR,ERR,ERR,ERR,ERR,ERR,ERR,ERR,ERR,ERR,ERR,ERR,ERR,ERR,ERR,ERR,ERR,ERR,ERR,ERR,ERR,ERR,ERR,ERR,ERR,ERR,ERR,ERR,ERR,ERR,ERR,ERR,ERR,ERR,ERR,34.0,80.0,35,0.0,0.0,0.0,0.0,0.0,0.0,0.0,0.0,0.0,0.0,0.0,0.0,0.0,0.0,0.0,0.0,64.4,0,116,56,49,65476,0,300,0,0,8,20529,65476,0,0,57672,80.0,0.0,0.0,0.0,0.0,0.0
2026-06-17T04:46:07,ERR,ERR,ERR,ERR,ERR,ERR,ERR,ERR,ERR,ERR,ERR,ERR,ERR,ERR,ERR,ERR,ERR,ERR,ERR,ERR,ERR,ERR,ERR,ERR,ERR,ERR,ERR,ERR,ERR,ERR,ERR,ERR,ERR,ERR,ERR,ERR,ERR,ERR,ERR,ERR,ERR,ERR,ERR,ERR,ERR,ERR,ERR,ERR,ERR,ERR,ERR,ERR,ERR,ERR,ERR,ERR,ERR,ERR,ERR,ERR,ERR,ERR,ERR,ERR,ERR,ERR,ERR,ERR,ERR,ERR,ERR,ERR,ERR,ERR,ERR,ERR,ERR,ERR,ERR,ERR,ERR,ERR,ERR,ERR,ERR,ERR,ERR,ERR,ERR,ERR,ERR,ERR,ERR,ERR,ERR,ERR,ERR,ERR,ERR,ERR,ERR,ERR,ERR,ERR,ERR,ERR,ERR,ERR,ERR,ERR,ERR,ERR,ERR,ERR,ERR,ERR,ERR,ERR,ERR,ERR,ERR,ERR,ERR,ERR,ERR,0.0,-0.0,-0.0,0.0,0.0,1.3936040501711995e+18,7.805,0.0,0,0,4,0,7300,-0.0,0,0.0,0.0,0.0,0.0,0.0,0,0,0,0,0.0,0,0,0,0,0,0,0,0,0,0,0,0,0,0,0,0,0,0,0,0,0,0,0,0,0,0,0,0,0,0,0,0,0,32,30,30,62,65476,0,300,0,0,8,21553,0.0,-107605600.0,0.0,0.0,0.0,0.0,0.0,0.0,0.0,0.0,0.0,0.0,0.0,0.0,0.0,0.0,0.0,0.0,0.0,0.0,0.0,0.0,2.004,-2.004,-0.0,-0.0,0.0,0.0,0.0,0.0,5590.0,8608200704.0,6922.0,0.0,-0.0,-0.0,2.7184296605801213e+23,0.0,0.0,0.0,0.0,63,0.0,0.0,0.0,0.0,0.0,0.0,0.0,0.0,0.0,0,0,0,0.0,0.0,0.0,0.0,0.0,0.0,0.0,0.0,0.0,0.0,0.0,0.0,0.0,0.0,0.0,0.0,0,-107875648.0,63,0.0,126,2.7184242562605685e+23,-0.0,ERR,ERR,ERR,ERR,ERR,ERR,ERR,ERR,ERR,ERR,ERR,ERR,ERR,ERR,ERR,ERR,ERR,ERR,ERR,ERR,ERR,ERR,ERR,ERR,ERR,ERR,ERR,ERR,ERR,ERR,ERR,ERR,ERR,ERR,ERR,ERR,ERR,ERR,ERR,ERR,ERR,ERR,ERR,ERR,ERR,ERR,ERR,ERR,ERR,ERR,ERR,ERR,ERR,ERR,ERR,ERR,ERR,ERR,ERR,ERR,ERR,ERR,ERR,ERR,ERR,ERR,ERR,34.0,80.0,35,0.0,0.0,0.0,0.0,0.0,0.0,0.0,0.0,0.0,0.0,0.0,0.0,0.0,0.0,0.0,0.0,64.4,0,116,56,49,65476,0,300,0,0,8,20529,65476,0,0,57672,80.0,0.0,0.0,0.0,0.0,0.0
2026-06-17T04:46:08,ERR,ERR,ERR,ERR,ERR,ERR,ERR,ERR,ERR,ERR,ERR,ERR,ERR,ERR,ERR,ERR,ERR,ERR,ERR,ERR,ERR,ERR,ERR,ERR,ERR,ERR,ERR,ERR,ERR,ERR,ERR,ERR,ERR,ERR,ERR,ERR,ERR,ERR,ERR,ERR,ERR,ERR,ERR,ERR,ERR,ERR,ERR,ERR,ERR,ERR,ERR,ERR,ERR,ERR,ERR,ERR,ERR,ERR,ERR,ERR,ERR,ERR,ERR,ERR,ERR,ERR,ERR,ERR,ERR,ERR,ERR,ERR,ERR,ERR,ERR,ERR,ERR,ERR,ERR,ERR,ERR,ERR,ERR,ERR,ERR,ERR,ERR,ERR,ERR,ERR,ERR,ERR,ERR,ERR,ERR,ERR,ERR,ERR,ERR,ERR,ERR,ERR,ERR,ERR,ERR,ERR,ERR,ERR,ERR,ERR,ERR,ERR,ERR,ERR,ERR,ERR,ERR,ERR,ERR,ERR,ERR,ERR,ERR,ERR,ERR,0.0,-0.0,-0.0,0.0,0.0,1.3936040501711995e+18,7.805,0.0,0,0,4,0,7300,-0.0,0,0.0,0.0,0.0,0.0,0.0,0,0,0,0,0.0,0,0,0,0,0,0,0,0,0,0,0,0,0,0,0,0,0,0,0,0,0,0,0,0,0,0,0,0,0,0,0,0,0,32,30,30,62,65476,0,300,0,0,8,21553,0.0,-107605600.0,0.0,0.0,0.0,0.0,0.0,0.0,0.0,0.0,0.0,0.0,0.0,0.0,0.0,0.0,0.0,0.0,0.0,0.0,0.0,0.0,2.004,-2.004,-0.0,-0.0,0.0,0.0,0.0,0.0,5590.0,8608200704.0,6922.0,0.0,-0.0,-0.0,2.7184296605801213e+23,0.0,0.0,0.0,0.0,63,0.0,0.0,0.0,0.0,0.0,0.0,0.0,0.0,0.0,0,0,0,0.0,0.0,0.0,0.0,0.0,0.0,0.0,0.0,0.0,0.0,0.0,0.0,0.0,0.0,0.0,0.0,0,-107875648.0,63,0.0,126,2.7184242562605685e+23,-0.0,ERR,ERR,ERR,ERR,ERR,ERR,ERR,ERR,ERR,ERR,ERR,ERR,ERR,ERR,ERR,ERR,ERR,ERR,ERR,ERR,ERR,ERR,ERR,ERR,ERR,ERR,ERR,ERR,ERR,ERR,ERR,ERR,ERR,ERR,ERR,ERR,ERR,ERR,ERR,ERR,ERR,ERR,ERR,ERR,ERR,ERR,ERR,ERR,ERR,ERR,ERR,ERR,ERR,ERR,ERR,ERR,ERR,ERR,ERR,ERR,ERR,ERR,ERR,ERR,ERR,ERR,ERR,34.0,80.0,35,0.0,0.0,0.0,0.0,0.0,0.0,0.0,0.0,0.0,0.0,0.0,0.0,0.0,0.0,0.0,0.0,64.4,0,116,56,49,65476,0,300,0,0,8,20529,65476,0,0,57672,80.0,0.0,0.0,0.0,0.0,0.0
2026-06-17T04:46:09,ERR,ERR,ERR,ERR,ERR,ERR,ERR,ERR,ERR,ERR,ERR,ERR,ERR,ERR,ERR,ERR,ERR,ERR,ERR,ERR,ERR,ERR,ERR,ERR,ERR,ERR,ERR,ERR,ERR,ERR,ERR,ERR,ERR,ERR,ERR,ERR,ERR,ERR,ERR,ERR,ERR,ERR,ERR,ERR,ERR,ERR,ERR,ERR,ERR,ERR,ERR,ERR,ERR,ERR,ERR,ERR,ERR,ERR,ERR,ERR,ERR,ERR,ERR,ERR,ERR,ERR,ERR,ERR,ERR,ERR,ERR,ERR,ERR,ERR,ERR,ERR,ERR,ERR,ERR,ERR,ERR,ERR,ERR,ERR,ERR,ERR,ERR,ERR,ERR,ERR,ERR,ERR,ERR,ERR,ERR,ERR,ERR,ERR,ERR,ERR,ERR,ERR,ERR,ERR,ERR,ERR,ERR,ERR,ERR,ERR,ERR,ERR,ERR,ERR,ERR,ERR,ERR,ERR,ERR,ERR,ERR,ERR,ERR,ERR,ERR,0.0,-0.0,-0.0,0.0,0.0,1.3936040501711995e+18,7.805,0.0,0,0,4,0,7300,-0.0,0,0.0,0.0,0.0,0.0,0.0,0,0,0,0,0.0,0,0,0,0,0,0,0,0,0,0,0,0,0,0,0,0,0,0,0,0,0,0,0,0,0,0,0,0,0,0,0,0,0,32,30,30,62,65476,0,300,0,0,8,21553,0.0,-107605600.0,0.0,0.0,0.0,0.0,0.0,0.0,0.0,0.0,0.0,0.0,0.0,0.0,0.0,0.0,0.0,0.0,0.0,0.0,0.0,0.0,2.004,-2.004,-0.0,-0.0,0.0,0.0,0.0,0.0,5590.0,8608200704.0,6922.0,0.0,-0.0,-0.0,2.7184296605801213e+23,0.0,0.0,0.0,0.0,63,0.0,0.0,0.0,0.0,0.0,0.0,0.0,0.0,0.0,0,0,0,0.0,0.0,0.0,0.0,0.0,0.0,0.0,0.0,0.0,0.0,0.0,0.0,0.0,0.0,0.0,0.0,0,-107875648.0,63,0.0,126,2.7184242562605685e+23,-0.0,ERR,ERR,ERR,ERR,ERR,ERR,ERR,ERR,ERR,ERR,ERR,ERR,ERR,ERR,ERR,ERR,ERR,ERR,ERR,ERR,ERR,ERR,ERR,ERR,ERR,ERR,ERR,ERR,ERR,ERR,ERR,ERR,ERR,ERR,ERR,ERR,ERR,ERR,ERR,ERR,ERR,ERR,ERR,ERR,ERR,ERR,ERR,ERR,ERR,ERR,ERR,ERR,ERR,ERR,ERR,ERR,ERR,ERR,ERR,ERR,ERR,ERR,ERR,ERR,ERR,ERR,ERR,34.0,80.0,35,0.0,0.0,0.0,0.0,0.0,0.0,0.0,0.0,0.0,0.0,0.0,0.0,0.0,0.0,0.0,0.0,64.4,0,116,56,49,65476,0,300,0,0,8,20529,65476,0,0,57672,80.0,0.0,0.0,0.0,0.0,0.0
2026-06-17T04:46:10,ERR,ERR,ERR,ERR,ERR,ERR,ERR,ERR,ERR,ERR,ERR,ERR,ERR,ERR,ERR,ERR,ERR,ERR,ERR,ERR,ERR,ERR,ERR,ERR,ERR,ERR,ERR,ERR,ERR,ERR,ERR,ERR,ERR,ERR,ERR,ERR,ERR,ERR,ERR,ERR,ERR,ERR,ERR,ERR,ERR,ERR,ERR,ERR,ERR,ERR,ERR,ERR,ERR,ERR,ERR,ERR,ERR,ERR,ERR,ERR,ERR,ERR,ERR,ERR,ERR,ERR,ERR,ERR,ERR,ERR,ERR,ERR,ERR,ERR,ERR,ERR,ERR,ERR,ERR,ERR,ERR,ERR,ERR,ERR,ERR,ERR,ERR,ERR,ERR,ERR,ERR,ERR,ERR,ERR,ERR,ERR,ERR,ERR,ERR,ERR,ERR,ERR,ERR,ERR,ERR,ERR,ERR,ERR,ERR,ERR,ERR,ERR,ERR,ERR,ERR,ERR,ERR,ERR,ERR,ERR,ERR,ERR,ERR,ERR,ERR,0.0,-0.0,3.028208139652935e+23,0.0,0.0,1.3936040501711995e+18,7.805,0.0,0,0,4,0,7300,-0.0,0,0.0,0.0,0.0,0.0,0.0,0,0,0,0,0.0,0,0,0,0,0,0,0,0,0,0,0,0,0,0,0,0,0,0,0,0,0,0,0,0,0,0,0,0,0,0,0,0,0,32,30,30,62,65476,0,300,0,0,8,21553,0.0,-107605600.0,0.0,0.0,0.0,0.0,0.0,0.0,0.0,0.0,0.0,0.0,0.0,0.0,0.0,0.0,0.0,0.0,0.0,0.0,0.0,0.0,2.004,-2.004,2.004,-0.0,0.0,0.0,0.0,0.0,5587.0,0.0,6915.0,0.0,-0.0,-0.0,0.0,0.0,0.0,0.0,0.0,63,0.0,-152017649532928.0,0.0,0.0,0.0,0.0,0.0,0.0,0.0,0,0,0,0.0,0.0,0.0,0.0,0.0,0.0,0.0,0.0,0.0,0.0,0.0,0.0,0.0,0.0,0.0,0.0,0,-107875648.0,63,0.0,126,2.7184242562605685e+23,2.842318642297501e+23,ERR,ERR,ERR,ERR,ERR,ERR,ERR,ERR,ERR,ERR,ERR,ERR,ERR,ERR,ERR,ERR,ERR,ERR,ERR,ERR,ERR,ERR,ERR,ERR,ERR,ERR,ERR,ERR,ERR,ERR,ERR,ERR,ERR,ERR,ERR,ERR,ERR,ERR,ERR,ERR,ERR,ERR,ERR,ERR,ERR,ERR,ERR,ERR,ERR,ERR,ERR,ERR,ERR,ERR,ERR,ERR,ERR,ERR,ERR,ERR,ERR,ERR,ERR,ERR,ERR,ERR,ERR,34.0,80.0,35,0.0,0.0,0.0,0.0,0.0,0.0,0.0,0.0,0.0,0.0,0.0,0.0,0.0,0.0,0.0,0.0,64.4,0,116,56,49,65476,0,300,0,0,8,20529,65476,0,0,57672,80.0,0.0,0.0,0.0,0.0,0.0
2026-06-17T04:46:11,ERR,ERR,ERR,ERR,ERR,ERR,ERR,ERR,ERR,ERR,ERR,ERR,ERR,ERR,ERR,ERR,ERR,ERR,ERR,ERR,ERR,ERR,ERR,ERR,ERR,ERR,ERR,ERR,ERR,ERR,ERR,ERR,ERR,ERR,ERR,ERR,ERR,ERR,ERR,ERR,ERR,ERR,ERR,ERR,ERR,ERR,ERR,ERR,ERR,ERR,ERR,ERR,ERR,ERR,ERR,ERR,ERR,ERR,ERR,ERR,ERR,ERR,ERR,ERR,ERR,ERR,ERR,ERR,ERR,ERR,ERR,ERR,ERR,ERR,ERR,ERR,ERR,ERR,ERR,ERR,ERR,ERR,ERR,ERR,ERR,ERR,ERR,ERR,ERR,ERR,ERR,ERR,ERR,ERR,ERR,ERR,ERR,ERR,ERR,ERR,ERR,ERR,ERR,ERR,ERR,ERR,ERR,ERR,ERR,ERR,ERR,ERR,ERR,ERR,ERR,ERR,ERR,ERR,ERR,ERR,ERR,ERR,ERR,ERR,ERR,0.0,-0.0,3.028208139652935e+23,0.0,0.0,1.3936040501711995e+18,7.805,0.0,0,0,4,0,7300,-0.0,0,0.0,0.0,0.0,0.0,0.0,0,0,0,0,0.0,0,0,0,0,0,0,0,0,0,0,0,0,0,0,0,0,0,0,0,0,0,0,0,0,0,0,0,0,0,0,0,0,0,32,30,30,62,65476,0,300,0,0,8,21553,0.0,-107605600.0,0.0,0.0,0.0,0.0,0.0,0.0,0.0,0.0,0.0,0.0,0.0,0.0,0.0,0.0,0.0,0.0,0.0,0.0,0.0,0.0,2.004,-2.004,2.004,-0.0,0.0,0.0,0.0,0.0,5587.0,0.0,6915.0,0.0,-0.0,-0.0,0.0,0.0,0.0,0.0,0.0,63,0.0,-152017649532928.0,0.0,0.0,0.0,0.0,0.0,0.0,0.0,0,0,0,0.0,0.0,0.0,0.0,0.0,0.0,0.0,0.0,0.0,0.0,0.0,0.0,0.0,0.0,0.0,0.0,0,-107875648.0,63,0.0,126,2.7184242562605685e+23,2.842318642297501e+23,ERR,ERR,ERR,ERR,ERR,ERR,ERR,ERR,ERR,ERR,ERR,ERR,ERR,ERR,ERR,ERR,ERR,ERR,ERR,ERR,ERR,ERR,ERR,ERR,ERR,ERR,ERR,ERR,ERR,ERR,ERR,ERR,ERR,ERR,ERR,ERR,ERR,ERR,ERR,ERR,ERR,ERR,ERR,ERR,ERR,ERR,ERR,ERR,ERR,ERR,ERR,ERR,ERR,ERR,ERR,ERR,ERR,ERR,ERR,ERR,ERR,ERR,ERR,ERR,ERR,ERR,ERR,34.0,80.0,35,0.0,0.0,0.0,0.0,0.0,0.0,0.0,0.0,0.0,0.0,0.0,0.0,0.0,0.0,0.0,0.0,64.4,0,116,56,49,65476,0,300,0,0,8,20529,65476,0,0,57672,80.0,0.0,0.0,0.0,0.0,0.0
2026-06-17T04:46:12,ERR,ERR,ERR,ERR,ERR,ERR,ERR,ERR,ERR,ERR,ERR,ERR,ERR,ERR,ERR,ERR,ERR,ERR,ERR,ERR,ERR,ERR,ERR,ERR,ERR,ERR,ERR,ERR,ERR,ERR,ERR,ERR,ERR,ERR,ERR,ERR,ERR,ERR,ERR,ERR,ERR,ERR,ERR,ERR,ERR,ERR,ERR,ERR,ERR,ERR,ERR,ERR,ERR,ERR,ERR,ERR,ERR,ERR,ERR,ERR,ERR,ERR,ERR,ERR,ERR,ERR,ERR,ERR,ERR,ERR,ERR,ERR,ERR,ERR,ERR,ERR,ERR,ERR,ERR,ERR,ERR,ERR,ERR,ERR,ERR,ERR,ERR,ERR,ERR,ERR,ERR,ERR,ERR,ERR,ERR,ERR,ERR,ERR,ERR,ERR,ERR,ERR,ERR,ERR,ERR,ERR,ERR,ERR,ERR,ERR,ERR,ERR,ERR,ERR,ERR,ERR,ERR,ERR,ERR,ERR,ERR,ERR,ERR,ERR,ERR,0.0,-0.0,3.028208139652935e+23,0.0,0.0,1.3936040501711995e+18,7.805,0.0,0,0,4,0,7300,-0.0,0,0.0,0.0,0.0,0.0,0.0,0,0,0,0,0.0,0,0,0,0,0,0,0,0,0,0,0,0,0,0,0,0,0,0,0,0,0,0,0,0,0,0,0,0,0,0,0,0,0,32,30,30,62,65476,0,300,0,0,8,21553,0.0,-107605600.0,0.0,0.0,0.0,0.0,0.0,0.0,0.0,0.0,0.0,0.0,0.0,0.0,0.0,0.0,0.0,0.0,0.0,0.0,0.0,0.0,2.004,-2.004,2.004,-0.0,0.0,0.0,0.0,0.0,5587.0,0.0,6915.0,0.0,-0.0,-0.0,0.0,0.0,0.0,0.0,0.0,63,0.0,-152017649532928.0,0.0,0.0,0.0,0.0,0.0,0.0,0.0,0,0,0,0.0,0.0,0.0,0.0,0.0,0.0,0.0,0.0,0.0,0.0,0.0,0.0,0.0,0.0,0.0,0.0,0,-107875648.0,63,0.0,126,2.7184242562605685e+23,2.842318642297501e+23,ERR,ERR,ERR,ERR,ERR,ERR,ERR,ERR,ERR,ERR,ERR,ERR,ERR,ERR,ERR,ERR,ERR,ERR,ERR,ERR,ERR,ERR,ERR,ERR,ERR,ERR,ERR,ERR,ERR,ERR,ERR,ERR,ERR,ERR,ERR,ERR,ERR,ERR,ERR,ERR,ERR,ERR,ERR,ERR,ERR,ERR,ERR,ERR,ERR,ERR,ERR,ERR,ERR,ERR,ERR,ERR,ERR,ERR,ERR,ERR,ERR,ERR,ERR,ERR,ERR,ERR,ERR,34.0,80.0,35,0.0,0.0,0.0,0.0,0.0,0.0,0.0,0.0,0.0,0.0,0.0,0.0,0.0,0.0,0.0,0.0,64.4,0,116,56,49,65476,0,300,0,0,8,20529,65476,0,0,57672,80.0,0.0,0.0,0.0,0.0,0.0
2026-06-17T04:46:13,ERR,ERR,ERR,ERR,ERR,ERR,ERR,ERR,ERR,ERR,ERR,ERR,ERR,ERR,ERR,ERR,ERR,ERR,ERR,ERR,ERR,ERR,ERR,ERR,ERR,ERR,ERR,ERR,ERR,ERR,ERR,ERR,ERR,ERR,ERR,ERR,ERR,ERR,ERR,ERR,ERR,ERR,ERR,ERR,ERR,ERR,ERR,ERR,ERR,ERR,ERR,ERR,ERR,ERR,ERR,ERR,ERR,ERR,ERR,ERR,ERR,ERR,ERR,ERR,ERR,ERR,ERR,ERR,ERR,ERR,ERR,ERR,ERR,ERR,ERR,ERR,ERR,ERR,ERR,ERR,ERR,ERR,ERR,ERR,ERR,ERR,ERR,ERR,ERR,ERR,ERR,ERR,ERR,ERR,ERR,ERR,ERR,ERR,ERR,ERR,ERR,ERR,ERR,ERR,ERR,ERR,ERR,ERR,ERR,ERR,ERR,ERR,ERR,ERR,ERR,ERR,ERR,ERR,ERR,ERR,ERR,ERR,ERR,ERR,ERR,0.0,-0.0,3.028208139652935e+23,0.0,0.0,1.3936040501711995e+18,7.805,0.0,0,0,4,0,7300,-0.0,0,0.0,0.0,0.0,0.0,0.0,0,0,0,0,0.0,0,0,0,0,0,0,0,0,0,0,0,0,0,0,0,0,0,0,0,0,0,0,0,0,0,0,0,0,0,0,0,0,0,32,30,30,62,65476,0,300,0,0,8,21553,0.0,-107605600.0,0.0,0.0,0.0,0.0,0.0,0.0,0.0,0.0,0.0,0.0,0.0,0.0,0.0,0.0,0.0,0.0,0.0,0.0,0.0,0.0,2.004,-2.004,2.004,-0.0,0.0,0.0,0.0,0.0,5587.0,0.0,6915.0,0.0,-0.0,-0.0,0.0,0.0,0.0,0.0,0.0,63,0.0,-152017649532928.0,0.0,0.0,0.0,0.0,0.0,0.0,0.0,0,0,0,0.0,0.0,0.0,0.0,0.0,0.0,0.0,0.0,0.0,0.0,0.0,0.0,0.0,0.0,0.0,0.0,0,-107875648.0,63,0.0,126,2.7184242562605685e+23,2.842318642297501e+23,ERR,ERR,ERR,ERR,ERR,ERR,ERR,ERR,ERR,ERR,ERR,ERR,ERR,ERR,ERR,ERR,ERR,ERR,ERR,ERR,ERR,ERR,ERR,ERR,ERR,ERR,ERR,ERR,ERR,ERR,ERR,ERR,ERR,ERR,ERR,ERR,ERR,ERR,ERR,ERR,ERR,ERR,ERR,ERR,ERR,ERR,ERR,ERR,ERR,ERR,ERR,ERR,ERR,ERR,ERR,ERR,ERR,ERR,ERR,ERR,ERR,ERR,ERR,ERR,ERR,ERR,ERR,34.0,80.0,35,0.0,0.0,0.0,0.0,0.0,0.0,0.0,0.0,0.0,0.0,0.0,0.0,0.0,0.0,0.0,0.0,64.4,0,116,56,49,65476,0,300,0,0,8,20529,65476,0,0,57672,80.0,0.0,0.0,0.0,0.0,0.0
2026-06-17T04:46:14,ERR,ERR,ERR,ERR,ERR,ERR,ERR,ERR,ERR,ERR,ERR,ERR,ERR,ERR,ERR,ERR,ERR,ERR,ERR,ERR,ERR,ERR,ERR,ERR,ERR,ERR,ERR,ERR,ERR,ERR,ERR,ERR,ERR,ERR,ERR,ERR,ERR,ERR,ERR,ERR,ERR,ERR,ERR,ERR,ERR,ERR,ERR,ERR,ERR,ERR,ERR,ERR,ERR,ERR,ERR,ERR,ERR,ERR,ERR,ERR,ERR,ERR,ERR,ERR,ERR,ERR,ERR,ERR,ERR,ERR,ERR,ERR,ERR,ERR,ERR,ERR,ERR,ERR,ERR,ERR,ERR,ERR,ERR,ERR,ERR,ERR,ERR,ERR,ERR,ERR,ERR,ERR,ERR,ERR,ERR,ERR,ERR,ERR,ERR,ERR,ERR,ERR,ERR,ERR,ERR,ERR,ERR,ERR,ERR,ERR,ERR,ERR,ERR,ERR,ERR,ERR,ERR,ERR,ERR,ERR,ERR,ERR,ERR,ERR,ERR,0.0,-0.0,3.028208139652935e+23,0.0,0.0,1.3936040501711995e+18,7.805,0.0,0,0,4,0,7300,-0.0,0,0.0,0.0,0.0,0.0,0.0,0,0,0,0,0.0,0,0,0,0,0,0,0,0,0,0,0,0,0,0,0,0,0,0,0,0,0,0,0,0,0,0,0,0,0,0,0,0,0,32,30,30,62,65476,0,300,0,0,8,21553,0.0,-107605600.0,0.0,0.0,0.0,0.0,0.0,0.0,0.0,0.0,0.0,0.0,0.0,0.0,0.0,0.0,0.0,0.0,0.0,0.0,0.0,0.0,2.004,-2.004,2.004,-0.0,0.0,0.0,0.0,0.0,5587.0,0.0,6915.0,0.0,-0.0,-0.0,0.0,0.0,0.0,0.0,0.0,63,0.0,-152017649532928.0,0.0,0.0,0.0,0.0,0.0,0.0,0.0,0,0,0,0.0,0.0,0.0,0.0,0.0,0.0,0.0,0.0,0.0,0.0,0.0,0.0,0.0,0.0,0.0,0.0,0,-107875648.0,63,0.0,126,2.7184242562605685e+23,2.842318642297501e+23,ERR,ERR,ERR,ERR,ERR,ERR,ERR,ERR,ERR,ERR,ERR,ERR,ERR,ERR,ERR,ERR,ERR,ERR,ERR,ERR,ERR,ERR,ERR,ERR,ERR,ERR,ERR,ERR,ERR,ERR,ERR,ERR,ERR,ERR,ERR,ERR,ERR,ERR,ERR,ERR,ERR,ERR,ERR,ERR,ERR,ERR,ERR,ERR,ERR,ERR,ERR,ERR,ERR,ERR,ERR,ERR,ERR,ERR,ERR,ERR,ERR,ERR,ERR,ERR,ERR,ERR,ERR,34.0,80.0,35,0.0,0.0,0.0,0.0,0.0,0.0,0.0,0.0,0.0,0.0,0.0,0.0,0.0,0.0,0.0,0.0,64.4,0,116,56,49,65476,0,300,0,0,8,20529,65476,0,0,57672,80.0,0.0,0.0,0.0,0.0,0.0
2026-06-17T04:46:15,ERR,ERR,ERR,ERR,ERR,ERR,ERR,ERR,ERR,ERR,ERR,ERR,ERR,ERR,ERR,ERR,ERR,ERR,ERR,ERR,ERR,ERR,ERR,ERR,ERR,ERR,ERR,ERR,ERR,ERR,ERR,ERR,ERR,ERR,ERR,ERR,ERR,ERR,ERR,ERR,ERR,ERR,ERR,ERR,ERR,ERR,ERR,ERR,ERR,ERR,ERR,ERR,ERR,ERR,ERR,ERR,ERR,ERR,ERR,ERR,ERR,ERR,ERR,ERR,ERR,ERR,ERR,ERR,ERR,ERR,ERR,ERR,ERR,ERR,ERR,ERR,ERR,ERR,ERR,ERR,ERR,ERR,ERR,ERR,ERR,ERR,ERR,ERR,ERR,ERR,ERR,ERR,ERR,ERR,ERR,ERR,ERR,ERR,ERR,ERR,ERR,ERR,ERR,ERR,ERR,ERR,ERR,ERR,ERR,ERR,ERR,ERR,ERR,ERR,ERR,ERR,ERR,ERR,ERR,ERR,ERR,ERR,ERR,ERR,ERR,0.0,-0.0,3.028208139652935e+23,0.0,0.0,1.3936040501711995e+18,7.805,0.0,0,0,4,0,7300,-0.0,0,0.0,0.0,0.0,0.0,0.0,0,0,0,0,0.0,0,0,0,0,0,0,0,0,0,0,0,0,0,0,0,0,0,0,0,0,0,0,0,0,0,0,0,0,0,0,0,0,0,32,30,30,62,65476,0,300,0,0,8,21553,0.0,-107605600.0,0.0,0.0,0.0,0.0,0.0,0.0,0.0,0.0,0.0,0.0,0.0,0.0,0.0,0.0,0.0,0.0,0.0,0.0,0.0,0.0,-0.0,-2.004,2.004,2.004,0.0,0.0,0.0,0.0,5589.0,0.0,6919.0,0.0,-0.0,-0.0,2.7184296605801213e+23,0.0,0.0,0.0,0.0,63,0.0,-3.22201088381116e+26,0.0,0.0,0.0,0.0,0.0,0.0,0.0,0,0,0,0.0,0.0,0.0,0.0,0.0,0.0,0.0,0.0,0.0,0.0,0.0,0.0,0.0,0.0,0.0,0.0,0,-107875648.0,63,0.0,126,2.7184242562605685e+23,2.842318642297501e+23,ERR,ERR,ERR,ERR,ERR,ERR,ERR,ERR,ERR,ERR,ERR,ERR,ERR,ERR,ERR,ERR,ERR,ERR,ERR,ERR,ERR,ERR,ERR,ERR,ERR,ERR,ERR,ERR,ERR,ERR,ERR,ERR,ERR,ERR,ERR,ERR,ERR,ERR,ERR,ERR,ERR,ERR,ERR,ERR,ERR,ERR,ERR,ERR,ERR,ERR,ERR,ERR,ERR,ERR,ERR,ERR,ERR,ERR,ERR,ERR,ERR,ERR,ERR,ERR,ERR,ERR,ERR,34.0,80.0,35,0.0,0.0,0.0,0.0,0.0,0.0,0.0,0.0,0.0,0.0,0.0,0.0,0.0,0.0,0.0,0.0,64.4,0,116,56,49,65476,0,300,0,0,8,20529,65476,0,0,57672,80.0,0.0,0.0,0.0,0.0,0.0
2026-06-17T04:46:16,ERR,ERR,ERR,ERR,ERR,ERR,ERR,ERR,ERR,ERR,ERR,ERR,ERR,ERR,ERR,ERR,ERR,ERR,ERR,ERR,ERR,ERR,ERR,ERR,ERR,ERR,ERR,ERR,ERR,ERR,ERR,ERR,ERR,ERR,ERR,ERR,ERR,ERR,ERR,ERR,ERR,ERR,ERR,ERR,ERR,ERR,ERR,ERR,ERR,ERR,ERR,ERR,ERR,ERR,ERR,ERR,ERR,ERR,ERR,ERR,ERR,ERR,ERR,ERR,ERR,ERR,ERR,ERR,ERR,ERR,ERR,ERR,ERR,ERR,ERR,ERR,ERR,ERR,ERR,ERR,ERR,ERR,ERR,ERR,ERR,ERR,ERR,ERR,ERR,ERR,ERR,ERR,ERR,ERR,ERR,ERR,ERR,ERR,ERR,ERR,ERR,ERR,ERR,ERR,ERR,ERR,ERR,ERR,ERR,ERR,ERR,ERR,ERR,ERR,ERR,ERR,ERR,ERR,ERR,ERR,ERR,ERR,ERR,ERR,ERR,0.0,-0.0,3.028208139652935e+23,0.0,0.0,1.3936040501711995e+18,7.805,0.0,0,0,4,0,7300,-0.0,0,0.0,0.0,0.0,0.0,0.0,0,0,0,0,0.0,0,0,0,0,0,0,0,0,0,0,0,0,0,0,0,0,0,0,0,0,0,0,0,0,0,0,0,0,0,0,0,0,0,32,30,30,62,65476,0,300,0,0,8,21553,0.0,-107605600.0,0.0,0.0,0.0,0.0,0.0,0.0,0.0,0.0,0.0,0.0,0.0,0.0,0.0,0.0,0.0,0.0,0.0,0.0,0.0,0.0,-0.0,-2.004,2.004,2.004,0.0,0.0,0.0,0.0,5589.0,0.0,6919.0,0.0,-0.0,-0.0,2.7184296605801213e+23,0.0,0.0,0.0,0.0,63,0.0,-3.22201088381116e+26,0.0,0.0,0.0,0.0,0.0,0.0,0.0,0,0,0,0.0,0.0,0.0,0.0,0.0,0.0,0.0,0.0,0.0,0.0,0.0,0.0,0.0,0.0,0.0,0.0,0,-107875648.0,63,0.0,126,2.7184242562605685e+23,2.842318642297501e+23,ERR,ERR,ERR,ERR,ERR,ERR,ERR,ERR,ERR,ERR,ERR,ERR,ERR,ERR,ERR,ERR,ERR,ERR,ERR,ERR,ERR,ERR,ERR,ERR,ERR,ERR,ERR,ERR,ERR,ERR,ERR,ERR,ERR,ERR,ERR,ERR,ERR,ERR,ERR,ERR,ERR,ERR,ERR,ERR,ERR,ERR,ERR,ERR,ERR,ERR,ERR,ERR,ERR,ERR,ERR,ERR,ERR,ERR,ERR,ERR,ERR,ERR,ERR,ERR,ERR,ERR,ERR,34.0,80.0,35,0.0,0.0,0.0,0.0,0.0,0.0,0.0,0.0,0.0,0.0,0.0,0.0,0.0,0.0,0.0,0.0,64.4,0,116,56,49,65476,0,300,0,0,8,20529,65476,0,0,57672,80.0,0.0,0.0,0.0,0.0,0.0
2026-06-17T04:46:17,ERR,ERR,ERR,ERR,ERR,ERR,ERR,ERR,ERR,ERR,ERR,ERR,ERR,ERR,ERR,ERR,ERR,ERR,ERR,ERR,ERR,ERR,ERR,ERR,ERR,ERR,ERR,ERR,ERR,ERR,ERR,ERR,ERR,ERR,ERR,ERR,ERR,ERR,ERR,ERR,ERR,ERR,ERR,ERR,ERR,ERR,ERR,ERR,ERR,ERR,ERR,ERR,ERR,ERR,ERR,ERR,ERR,ERR,ERR,ERR,ERR,ERR,ERR,ERR,ERR,ERR,ERR,ERR,ERR,ERR,ERR,ERR,ERR,ERR,ERR,ERR,ERR,ERR,ERR,ERR,ERR,ERR,ERR,ERR,ERR,ERR,ERR,ERR,ERR,ERR,ERR,ERR,ERR,ERR,ERR,ERR,ERR,ERR,ERR,ERR,ERR,ERR,ERR,ERR,ERR,ERR,ERR,ERR,ERR,ERR,ERR,ERR,ERR,ERR,ERR,ERR,ERR,ERR,ERR,ERR,ERR,ERR,ERR,ERR,ERR,0.0,-0.0,3.028208139652935e+23,0.0,0.0,1.3936040501711995e+18,7.805,0.0,0,0,4,0,7300,-0.0,0,0.0,0.0,0.0,0.0,0.0,0,0,0,0,0.0,0,0,0,0,0,0,0,0,0,0,0,0,0,0,0,0,0,0,0,0,0,0,0,0,0,0,0,0,0,0,0,0,0,32,30,30,62,65476,0,300,0,0,8,21553,0.0,-107605600.0,0.0,0.0,0.0,0.0,0.0,0.0,0.0,0.0,0.0,0.0,0.0,0.0,0.0,0.0,0.0,0.0,0.0,0.0,0.0,0.0,-0.0,-2.004,2.004,2.004,0.0,0.0,0.0,0.0,5589.0,0.0,6919.0,0.0,-0.0,-0.0,2.7184296605801213e+23,0.0,0.0,0.0,0.0,63,0.0,-3.22201088381116e+26,0.0,0.0,0.0,0.0,0.0,0.0,0.0,0,0,0,0.0,0.0,0.0,0.0,0.0,0.0,0.0,0.0,0.0,0.0,0.0,0.0,0.0,0.0,0.0,0.0,0,-107875648.0,63,0.0,126,2.7184242562605685e+23,2.842318642297501e+23,ERR,ERR,ERR,ERR,ERR,ERR,ERR,ERR,ERR,ERR,ERR,ERR,ERR,ERR,ERR,ERR,ERR,ERR,ERR,ERR,ERR,ERR,ERR,ERR,ERR,ERR,ERR,ERR,ERR,ERR,ERR,ERR,ERR,ERR,ERR,ERR,ERR,ERR,ERR,ERR,ERR,ERR,ERR,ERR,ERR,ERR,ERR,ERR,ERR,ERR,ERR,ERR,ERR,ERR,ERR,ERR,ERR,ERR,ERR,ERR,ERR,ERR,ERR,ERR,ERR,ERR,ERR,34.0,80.0,35,0.0,0.0,0.0,0.0,0.0,0.0,0.0,0.0,0.0,0.0,0.0,0.0,0.0,0.0,0.0,0.0,64.4,0,116,56,49,65476,0,300,0,0,8,20529,65476,0,0,57672,80.0,0.0,0.0,0.0,0.0,0.0
2026-06-17T04:46:18,ERR,ERR,ERR,ERR,ERR,ERR,ERR,ERR,ERR,ERR,ERR,ERR,ERR,ERR,ERR,ERR,ERR,ERR,ERR,ERR,ERR,ERR,ERR,ERR,ERR,ERR,ERR,ERR,ERR,ERR,ERR,ERR,ERR,ERR,ERR,ERR,ERR,ERR,ERR,ERR,ERR,ERR,ERR,ERR,ERR,ERR,ERR,ERR,ERR,ERR,ERR,ERR,ERR,ERR,ERR,ERR,ERR,ERR,ERR,ERR,ERR,ERR,ERR,ERR,ERR,ERR,ERR,ERR,ERR,ERR,ERR,ERR,ERR,ERR,ERR,ERR,ERR,ERR,ERR,ERR,ERR,ERR,ERR,ERR,ERR,ERR,ERR,ERR,ERR,ERR,ERR,ERR,ERR,ERR,ERR,ERR,ERR,ERR,ERR,ERR,ERR,ERR,ERR,ERR,ERR,ERR,ERR,ERR,ERR,ERR,ERR,ERR,ERR,ERR,ERR,ERR,ERR,ERR,ERR,ERR,ERR,ERR,ERR,ERR,ERR,0.0,-0.0,3.028208139652935e+23,0.0,0.0,1.3936040501711995e+18,7.805,0.0,0,0,4,0,7300,-0.0,0,0.0,0.0,0.0,0.0,0.0,0,0,0,0,0.0,0,0,0,0,0,0,0,0,0,0,0,0,0,0,0,0,0,0,0,0,0,0,0,0,0,0,0,0,0,0,0,0,0,32,30,30,62,65476,0,300,0,0,8,21553,0.0,-107605600.0,0.0,0.0,0.0,0.0,0.0,0.0,0.0,0.0,0.0,0.0,0.0,0.0,0.0,0.0,0.0,0.0,0.0,0.0,0.0,0.0,-0.0,-2.004,2.004,2.004,0.0,0.0,0.0,0.0,5589.0,0.0,6919.0,0.0,-0.0,-0.0,2.7184296605801213e+23,0.0,0.0,0.0,0.0,63,0.0,-3.22201088381116e+26,0.0,0.0,0.0,0.0,0.0,0.0,0.0,0,0,0,0.0,0.0,0.0,0.0,0.0,0.0,0.0,0.0,0.0,0.0,0.0,0.0,0.0,0.0,0.0,0.0,0,-107875648.0,63,0.0,126,2.7184242562605685e+23,2.842318642297501e+23,ERR,ERR,ERR,ERR,ERR,ERR,ERR,ERR,ERR,ERR,ERR,ERR,ERR,ERR,ERR,ERR,ERR,ERR,ERR,ERR,ERR,ERR,ERR,ERR,ERR,ERR,ERR,ERR,ERR,ERR,ERR,ERR,ERR,ERR,ERR,ERR,ERR,ERR,ERR,ERR,ERR,ERR,ERR,ERR,ERR,ERR,ERR,ERR,ERR,ERR,ERR,ERR,ERR,ERR,ERR,ERR,ERR,ERR,ERR,ERR,ERR,ERR,ERR,ERR,ERR,ERR,ERR,34.0,80.0,35,0.0,0.0,0.0,0.0,0.0,0.0,0.0,0.0,0.0,0.0,0.0,0.0,0.0,0.0,0.0,0.0,64.4,0,116,56,49,65476,0,300,0,0,8,20529,65476,0,0,57672,80.0,0.0,0.0,0.0,0.0,0.0
2026-06-17T04:46:19,ERR,ERR,ERR,ERR,ERR,ERR,ERR,ERR,ERR,ERR,ERR,ERR,ERR,ERR,ERR,ERR,ERR,ERR,ERR,ERR,ERR,ERR,ERR,ERR,ERR,ERR,ERR,ERR,ERR,ERR,ERR,ERR,ERR,ERR,ERR,ERR,ERR,ERR,ERR,ERR,ERR,ERR,ERR,ERR,ERR,ERR,ERR,ERR,ERR,ERR,ERR,ERR,ERR,ERR,ERR,ERR,ERR,ERR,ERR,ERR,ERR,ERR,ERR,ERR,ERR,ERR,ERR,ERR,ERR,ERR,ERR,ERR,ERR,ERR,ERR,ERR,ERR,ERR,ERR,ERR,ERR,ERR,ERR,ERR,ERR,ERR,ERR,ERR,ERR,ERR,ERR,ERR,ERR,ERR,ERR,ERR,ERR,ERR,ERR,ERR,ERR,ERR,ERR,ERR,ERR,ERR,ERR,ERR,ERR,ERR,ERR,ERR,ERR,ERR,ERR,ERR,ERR,ERR,ERR,ERR,ERR,ERR,ERR,ERR,ERR,0.0,-0.0,3.028208139652935e+23,0.0,0.0,1.3936040501711995e+18,7.805,0.0,0,0,4,0,7300,-0.0,0,0.0,0.0,0.0,0.0,0.0,0,0,0,0,0.0,0,0,0,0,0,0,0,0,0,0,0,0,0,0,0,0,0,0,0,0,0,0,0,0,0,0,0,0,0,0,0,0,0,32,30,30,62,65476,0,300,0,0,8,21553,0.0,-107605600.0,0.0,0.0,0.0,0.0,0.0,0.0,0.0,0.0,0.0,0.0,0.0,0.0,0.0,0.0,0.0,0.0,0.0,0.0,0.0,0.0,-0.0,-2.004,2.004,2.004,0.0,0.0,0.0,0.0,5589.0,0.0,6919.0,0.0,-0.0,-0.0,2.7184296605801213e+23,0.0,0.0,0.0,0.0,63,0.0,-3.22201088381116e+26,0.0,0.0,0.0,0.0,0.0,0.0,0.0,0,0,0,0.0,0.0,0.0,0.0,0.0,0.0,0.0,0.0,0.0,0.0,0.0,0.0,0.0,0.0,0.0,0.0,0,-107875648.0,63,0.0,126,2.7184242562605685e+23,2.842318642297501e+23,ERR,ERR,ERR,ERR,ERR,ERR,ERR,ERR,ERR,ERR,ERR,ERR,ERR,ERR,ERR,ERR,ERR,ERR,ERR,ERR,ERR,ERR,ERR,ERR,ERR,ERR,ERR,ERR,ERR,ERR,ERR,ERR,ERR,ERR,ERR,ERR,ERR,ERR,ERR,ERR,ERR,ERR,ERR,ERR,ERR,ERR,ERR,ERR,ERR,ERR,ERR,ERR,ERR,ERR,ERR,ERR,ERR,ERR,ERR,ERR,ERR,ERR,ERR,ERR,ERR,ERR,ERR,34.0,80.0,35,0.0,0.0,0.0,0.0,0.0,0.0,0.0,0.0,0.0,0.0,0.0,0.0,0.0,0.0,0.0,0.0,64.4,0,116,56,49,65476,0,300,0,0,8,20529,65476,0,0,57672,80.0,0.0,0.0,0.0,0.0,0.0
2026-06-17T04:46:20,ERR,ERR,ERR,ERR,ERR,ERR,ERR,ERR,ERR,ERR,ERR,ERR,ERR,ERR,ERR,ERR,ERR,ERR,ERR,ERR,ERR,ERR,ERR,ERR,ERR,ERR,ERR,ERR,ERR,ERR,ERR,ERR,ERR,ERR,ERR,ERR,ERR,ERR,ERR,ERR,ERR,ERR,ERR,ERR,ERR,ERR,ERR,ERR,ERR,ERR,ERR,ERR,ERR,ERR,ERR,ERR,ERR,ERR,ERR,ERR,ERR,ERR,ERR,ERR,ERR,ERR,ERR,ERR,ERR,ERR,ERR,ERR,ERR,ERR,ERR,ERR,ERR,ERR,ERR,ERR,ERR,ERR,ERR,ERR,ERR,ERR,ERR,ERR,ERR,ERR,ERR,ERR,ERR,ERR,ERR,ERR,ERR,ERR,ERR,ERR,ERR,ERR,ERR,ERR,ERR,ERR,ERR,ERR,ERR,ERR,ERR,ERR,ERR,ERR,ERR,ERR,ERR,ERR,ERR,ERR,ERR,ERR,ERR,ERR,ERR,0.0,-0.0,3.028208139652935e+23,0.0,0.0,1.3936040501711995e+18,7.805,0.0,0,0,4,0,7300,-0.0,0,0.0,0.0,0.0,0.0,0.0,0,0,0,0,0.0,0,0,0,0,0,0,0,0,0,0,0,0,0,0,0,0,0,0,0,0,0,0,0,0,0,0,0,0,0,0,0,0,0,32,30,30,62,65476,0,300,0,0,8,21553,0.0,-107605600.0,0.0,0.0,0.0,0.0,0.0,0.0,0.0,0.0,0.0,0.0,0.0,0.0,0.0,0.0,0.0,0.0,0.0,0.0,0.0,0.0,-0.0,-2.004,2.004,2.004,0.0,0.0,0.0,0.0,5589.0,0.0,6919.0,0.0,-0.0,-0.0,2.7184296605801213e+23,0.0,0.0,0.0,0.0,63,0.0,-3.22201088381116e+26,0.0,0.0,0.0,0.0,0.0,0.0,0.0,0,0,0,0.0,0.0,0.0,0.0,0.0,0.0,0.0,0.0,0.0,0.0,0.0,0.0,0.0,0.0,0.0,0.0,0,-107875648.0,63,0.0,126,2.7184242562605685e+23,2.842318642297501e+23,ERR,ERR,ERR,ERR,ERR,ERR,ERR,ERR,ERR,ERR,ERR,ERR,ERR,ERR,ERR,ERR,ERR,ERR,ERR,ERR,ERR,ERR,ERR,ERR,ERR,ERR,ERR,ERR,ERR,ERR,ERR,ERR,ERR,ERR,ERR,ERR,ERR,ERR,ERR,ERR,ERR,ERR,ERR,ERR,ERR,ERR,ERR,ERR,ERR,ERR,ERR,ERR,ERR,ERR,ERR,ERR,ERR,ERR,ERR,ERR,ERR,ERR,ERR,ERR,ERR,ERR,ERR,34.0,80.0,35,0.0,0.0,0.0,0.0,0.0,0.0,0.0,0.0,0.0,0.0,0.0,0.0,0.0,0.0,0.0,0.0,64.4,0,116,56,49,65476,0,300,0,0,8,20529,65476,0,0,57672,80.0,0.0,0.0,0.0,0.0,0.0
2026-06-17T04:46:21,ERR,ERR,ERR,ERR,ERR,ERR,ERR,ERR,ERR,ERR,ERR,ERR,ERR,ERR,ERR,ERR,ERR,ERR,ERR,ERR,ERR,ERR,ERR,ERR,ERR,ERR,ERR,ERR,ERR,ERR,ERR,ERR,ERR,ERR,ERR,ERR,ERR,ERR,ERR,ERR,ERR,ERR,ERR,ERR,ERR,ERR,ERR,ERR,ERR,ERR,ERR,ERR,ERR,ERR,ERR,ERR,ERR,ERR,ERR,ERR,ERR,ERR,ERR,ERR,ERR,ERR,ERR,ERR,ERR,ERR,ERR,ERR,ERR,ERR,ERR,ERR,ERR,ERR,ERR,ERR,ERR,ERR,ERR,ERR,ERR,ERR,ERR,ERR,ERR,ERR,ERR,ERR,ERR,ERR,ERR,ERR,ERR,ERR,ERR,ERR,ERR,ERR,ERR,ERR,ERR,ERR,ERR,ERR,ERR,ERR,ERR,ERR,ERR,ERR,ERR,ERR,ERR,ERR,ERR,ERR,ERR,ERR,ERR,ERR,ERR,0.0,-0.0,-0.0,0.0,0.0,1.3936040501711995e+18,7.805,0.0,0,0,4,0,7300,-0.0,0,0.0,0.0,0.0,0.0,0.0,0,0,0,0,0.0,0,0,0,0,0,0,0,0,0,0,0,0,0,0,0,0,0,0,0,0,0,0,0,0,0,0,0,0,0,0,0,0,0,32,30,30,62,65476,0,300,0,0,8,21553,0.0,-107605600.0,0.0,0.0,0.0,0.0,0.0,0.0,0.0,0.0,0.0,0.0,0.0,0.0,0.0,0.0,0.0,0.0,0.0,0.0,0.0,0.0,-0.0,-2.004,2.004,2.004,0.0,0.0,0.0,0.0,5589.0,-3.697194050108418e+19,6940.0,0.0,-0.0,-0.0,0.0,0.0,0.0,0.0,0.0,63,0.0,-152017666310144.0,0.0,0.0,0.0,0.0,0.0,0.0,0.0,0,0,0,0.0,0.0,0.0,0.0,0.0,0.0,0.0,0.0,0.0,0.0,0.0,0.0,0.0,0.0,0.0,0.0,0,-107875648.0,63,0.0,126,2.7184242562605685e+23,2.842318642297501e+23,ERR,ERR,ERR,ERR,ERR,ERR,ERR,ERR,ERR,ERR,ERR,ERR,ERR,ERR,ERR,ERR,ERR,ERR,ERR,ERR,ERR,ERR,ERR,ERR,ERR,ERR,ERR,ERR,ERR,ERR,ERR,ERR,ERR,ERR,ERR,ERR,ERR,ERR,ERR,ERR,ERR,ERR,ERR,ERR,ERR,ERR,ERR,ERR,ERR,ERR,ERR,ERR,ERR,ERR,ERR,ERR,ERR,ERR,ERR,ERR,ERR,ERR,ERR,ERR,ERR,ERR,ERR,34.0,80.0,35,0.0,0.0,0.0,0.0,0.0,0.0,0.0,0.0,0.0,0.0,0.0,0.0,0.0,0.0,0.0,0.0,64.4,0,116,56,49,65476,0,300,0,0,8,20529,65476,0,0,57672,80.0,0.0,0.0,0.0,0.0,0.0
2026-06-17T04:46:22,ERR,ERR,ERR,ERR,ERR,ERR,ERR,ERR,ERR,ERR,ERR,ERR,ERR,ERR,ERR,ERR,ERR,ERR,ERR,ERR,ERR,ERR,ERR,ERR,ERR,ERR,ERR,ERR,ERR,ERR,ERR,ERR,ERR,ERR,ERR,ERR,ERR,ERR,ERR,ERR,ERR,ERR,ERR,ERR,ERR,ERR,ERR,ERR,ERR,ERR,ERR,ERR,ERR,ERR,ERR,ERR,ERR,ERR,ERR,ERR,ERR,ERR,ERR,ERR,ERR,ERR,ERR,ERR,ERR,ERR,ERR,ERR,ERR,ERR,ERR,ERR,ERR,ERR,ERR,ERR,ERR,ERR,ERR,ERR,ERR,ERR,ERR,ERR,ERR,ERR,ERR,ERR,ERR,ERR,ERR,ERR,ERR,ERR,ERR,ERR,ERR,ERR,ERR,ERR,ERR,ERR,ERR,ERR,ERR,ERR,ERR,ERR,ERR,ERR,ERR,ERR,ERR,ERR,ERR,ERR,ERR,ERR,ERR,ERR,ERR,0.0,-0.0,-0.0,0.0,0.0,1.3936040501711995e+18,7.805,0.0,0,0,4,0,7300,-0.0,0,0.0,0.0,0.0,0.0,0.0,0,0,0,0,0.0,0,0,0,0,0,0,0,0,0,0,0,0,0,0,0,0,0,0,0,0,0,0,0,0,0,0,0,0,0,0,0,0,0,32,30,30,62,65476,0,300,0,0,8,21553,0.0,-107605600.0,0.0,0.0,0.0,0.0,0.0,0.0,0.0,0.0,0.0,0.0,0.0,0.0,0.0,0.0,0.0,0.0,0.0,0.0,0.0,0.0,-0.0,-2.004,2.004,2.004,0.0,0.0,0.0,0.0,5589.0,-3.697194050108418e+19,6940.0,0.0,-0.0,-0.0,0.0,0.0,0.0,0.0,0.0,63,0.0,-152017666310144.0,0.0,0.0,0.0,0.0,0.0,0.0,0.0,0,0,0,0.0,0.0,0.0,0.0,0.0,0.0,0.0,0.0,0.0,0.0,0.0,0.0,0.0,0.0,0.0,0.0,0,-107875648.0,63,0.0,126,2.7184242562605685e+23,2.842318642297501e+23,ERR,ERR,ERR,ERR,ERR,ERR,ERR,ERR,ERR,ERR,ERR,ERR,ERR,ERR,ERR,ERR,ERR,ERR,ERR,ERR,ERR,ERR,ERR,ERR,ERR,ERR,ERR,ERR,ERR,ERR,ERR,ERR,ERR,ERR,ERR,ERR,ERR,ERR,ERR,ERR,ERR,ERR,ERR,ERR,ERR,ERR,ERR,ERR,ERR,ERR,ERR,ERR,ERR,ERR,ERR,ERR,ERR,ERR,ERR,ERR,ERR,ERR,ERR,ERR,ERR,ERR,ERR,34.0,80.0,35,0.0,0.0,0.0,0.0,0.0,0.0,0.0,0.0,0.0,0.0,0.0,0.0,0.0,0.0,0.0,0.0,64.8,0,116,56,49,65476,0,300,0,0,8,20529,65476,0,0,57672,80.0,0.0,0.0,0.0,0.0,0.0
2026-06-17T04:46:23,ERR,ERR,ERR,ERR,ERR,ERR,ERR,ERR,ERR,ERR,ERR,ERR,ERR,ERR,ERR,ERR,ERR,ERR,ERR,ERR,ERR,ERR,ERR,ERR,ERR,ERR,ERR,ERR,ERR,ERR,ERR,ERR,ERR,ERR,ERR,ERR,ERR,ERR,ERR,ERR,ERR,ERR,ERR,ERR,ERR,ERR,ERR,ERR,ERR,ERR,ERR,ERR,ERR,ERR,ERR,ERR,ERR,ERR,ERR,ERR,ERR,ERR,ERR,ERR,ERR,ERR,ERR,ERR,ERR,ERR,ERR,ERR,ERR,ERR,ERR,ERR,ERR,ERR,ERR,ERR,ERR,ERR,ERR,ERR,ERR,ERR,ERR,ERR,ERR,ERR,ERR,ERR,ERR,ERR,ERR,ERR,ERR,ERR,ERR,ERR,ERR,ERR,ERR,ERR,ERR,ERR,ERR,ERR,ERR,ERR,ERR,ERR,ERR,ERR,ERR,ERR,ERR,ERR,ERR,ERR,ERR,ERR,ERR,ERR,ERR,0.0,-0.0,-0.0,0.0,0.0,1.3936040501711995e+18,7.805,0.0,0,0,4,0,7300,-0.0,0,0.0,0.0,0.0,0.0,0.0,0,0,0,0,0.0,0,0,0,0,0,0,0,0,0,0,0,0,0,0,0,0,0,0,0,0,0,0,0,0,0,0,0,0,0,0,0,0,0,32,30,30,62,65476,0,300,0,0,8,21553,0.0,-107605600.0,0.0,0.0,0.0,0.0,0.0,0.0,0.0,0.0,0.0,0.0,0.0,0.0,0.0,0.0,0.0,0.0,0.0,0.0,0.0,0.0,-0.0,-2.004,2.004,2.004,0.0,0.0,0.0,0.0,5589.0,-3.697194050108418e+19,6940.0,0.0,-0.0,-0.0,0.0,0.0,0.0,0.0,0.0,63,0.0,-152017666310144.0,0.0,0.0,0.0,0.0,0.0,0.0,0.0,0,0,0,0.0,0.0,0.0,0.0,0.0,0.0,0.0,0.0,0.0,0.0,0.0,0.0,0.0,0.0,0.0,0.0,0,-107875648.0,63,0.0,126,2.7184242562605685e+23,2.842318642297501e+23,ERR,ERR,ERR,ERR,ERR,ERR,ERR,ERR,ERR,ERR,ERR,ERR,ERR,ERR,ERR,ERR,ERR,ERR,ERR,ERR,ERR,ERR,ERR,ERR,ERR,ERR,ERR,ERR,ERR,ERR,ERR,ERR,ERR,ERR,ERR,ERR,ERR,ERR,ERR,ERR,ERR,ERR,ERR,ERR,ERR,ERR,ERR,ERR,ERR,ERR,ERR,ERR,ERR,ERR,ERR,ERR,ERR,ERR,ERR,ERR,ERR,ERR,ERR,ERR,ERR,ERR,ERR,34.0,80.0,35,0.0,0.0,0.0,0.0,0.0,0.0,0.0,0.0,0.0,0.0,0.0,0.0,0.0,0.0,0.0,0.0,64.4,0,116,56,49,65476,0,300,0,0,8,20529,65476,0,0,57672,80.0,0.0,0.0,0.0,0.0,0.0
2026-06-17T04:46:24,ERR,ERR,ERR,ERR,ERR,ERR,ERR,ERR,ERR,ERR,ERR,ERR,ERR,ERR,ERR,ERR,ERR,ERR,ERR,ERR,ERR,ERR,ERR,ERR,ERR,ERR,ERR,ERR,ERR,ERR,ERR,ERR,ERR,ERR,ERR,ERR,ERR,ERR,ERR,ERR,ERR,ERR,ERR,ERR,ERR,ERR,ERR,ERR,ERR,ERR,ERR,ERR,ERR,ERR,ERR,ERR,ERR,ERR,ERR,ERR,ERR,ERR,ERR,ERR,ERR,ERR,ERR,ERR,ERR,ERR,ERR,ERR,ERR,ERR,ERR,ERR,ERR,ERR,ERR,ERR,ERR,ERR,ERR,ERR,ERR,ERR,ERR,ERR,ERR,ERR,ERR,ERR,ERR,ERR,ERR,ERR,ERR,ERR,ERR,ERR,ERR,ERR,ERR,ERR,ERR,ERR,ERR,ERR,ERR,ERR,ERR,ERR,ERR,ERR,ERR,ERR,ERR,ERR,ERR,ERR,ERR,ERR,ERR,ERR,ERR,0.0,-0.0,-0.0,0.0,0.0,1.3936040501711995e+18,7.805,0.0,0,0,4,0,7300,-0.0,0,0.0,0.0,0.0,0.0,0.0,0,0,0,0,0.0,0,0,0,0,0,0,0,0,0,0,0,0,0,0,0,0,0,0,0,0,0,0,0,0,0,0,0,0,0,0,0,0,0,32,30,30,62,65476,0,300,0,0,8,21553,0.0,-107605600.0,0.0,0.0,0.0,0.0,0.0,0.0,0.0,0.0,0.0,0.0,0.0,0.0,0.0,0.0,0.0,0.0,0.0,0.0,0.0,0.0,-0.0,-2.004,2.004,2.004,0.0,0.0,0.0,0.0,5589.0,-3.697194050108418e+19,6940.0,0.0,-0.0,-0.0,0.0,0.0,0.0,0.0,0.0,63,0.0,-152017666310144.0,0.0,0.0,0.0,0.0,0.0,0.0,0.0,0,0,0,0.0,0.0,0.0,0.0,0.0,0.0,0.0,0.0,0.0,0.0,0.0,0.0,0.0,0.0,0.0,0.0,0,-107875648.0,63,0.0,126,2.7184242562605685e+23,2.842318642297501e+23,ERR,ERR,ERR,ERR,ERR,ERR,ERR,ERR,ERR,ERR,ERR,ERR,ERR,ERR,ERR,ERR,ERR,ERR,ERR,ERR,ERR,ERR,ERR,ERR,ERR,ERR,ERR,ERR,ERR,ERR,ERR,ERR,ERR,ERR,ERR,ERR,ERR,ERR,ERR,ERR,ERR,ERR,ERR,ERR,ERR,ERR,ERR,ERR,ERR,ERR,ERR,ERR,ERR,ERR,ERR,ERR,ERR,ERR,ERR,ERR,ERR,ERR,ERR,ERR,ERR,ERR,ERR,34.0,80.0,35,0.0,0.0,0.0,0.0,0.0,0.0,0.0,0.0,0.0,0.0,0.0,0.0,0.0,0.0,0.0,0.0,64.4,0,116,56,49,65476,0,300,0,0,8,20529,65476,0,0,57672,80.0,0.0,0.0,0.0,0.0,0.0
2026-06-17T04:46:25,ERR,ERR,ERR,ERR,ERR,ERR,ERR,ERR,ERR,ERR,ERR,ERR,ERR,ERR,ERR,ERR,ERR,ERR,ERR,ERR,ERR,ERR,ERR,ERR,ERR,ERR,ERR,ERR,ERR,ERR,ERR,ERR,ERR,ERR,ERR,ERR,ERR,ERR,ERR,ERR,ERR,ERR,ERR,ERR,ERR,ERR,ERR,ERR,ERR,ERR,ERR,ERR,ERR,ERR,ERR,ERR,ERR,ERR,ERR,ERR,ERR,ERR,ERR,ERR,ERR,ERR,ERR,ERR,ERR,ERR,ERR,ERR,ERR,ERR,ERR,ERR,ERR,ERR,ERR,ERR,ERR,ERR,ERR,ERR,ERR,ERR,ERR,ERR,ERR,ERR,ERR,ERR,ERR,ERR,ERR,ERR,ERR,ERR,ERR,ERR,ERR,ERR,ERR,ERR,ERR,ERR,ERR,ERR,ERR,ERR,ERR,ERR,ERR,ERR,ERR,ERR,ERR,ERR,ERR,ERR,ERR,ERR,ERR,ERR,ERR,0.0,-0.0,-0.0,0.0,0.0,1.3936040501711995e+18,7.805,0.0,0,0,4,0,7300,-0.0,0,0.0,0.0,0.0,0.0,0.0,0,0,0,0,0.0,0,0,0,0,0,0,0,0,0,0,0,0,0,0,0,0,0,0,0,0,0,0,0,0,0,0,0,0,0,0,0,0,0,32,30,30,62,65476,0,300,0,0,8,21553,0.0,-107605600.0,0.0,0.0,0.0,0.0,0.0,0.0,0.0,0.0,0.0,0.0,0.0,0.0,0.0,0.0,0.0,0.0,0.0,0.0,0.0,0.0,-0.0,-2.004,2.004,2.004,0.0,0.0,0.0,0.0,5589.0,-3.697194050108418e+19,6940.0,0.0,-0.0,-0.0,0.0,0.0,0.0,0.0,0.0,63,0.0,-152017666310144.0,0.0,0.0,0.0,0.0,0.0,0.0,0.0,0,0,0,0.0,0.0,0.0,0.0,0.0,0.0,0.0,0.0,0.0,0.0,0.0,0.0,0.0,0.0,0.0,0.0,0,-107875648.0,63,0.0,126,2.7184242562605685e+23,2.842318642297501e+23,ERR,ERR,ERR,ERR,ERR,ERR,ERR,ERR,ERR,ERR,ERR,ERR,ERR,ERR,ERR,ERR,ERR,ERR,ERR,ERR,ERR,ERR,ERR,ERR,ERR,ERR,ERR,ERR,ERR,ERR,ERR,ERR,ERR,ERR,ERR,ERR,ERR,ERR,ERR,ERR,ERR,ERR,ERR,ERR,ERR,ERR,ERR,ERR,ERR,ERR,ERR,ERR,ERR,ERR,ERR,ERR,ERR,ERR,ERR,ERR,ERR,ERR,ERR,ERR,ERR,ERR,ERR,34.0,80.0,35,0.0,0.0,0.0,0.0,0.0,0.0,0.0,0.0,0.0,0.0,0.0,0.0,0.0,0.0,0.0,0.0,64.4,0,116,56,49,65476,0,300,0,0,8,20529,65476,0,0,57672,80.0,0.0,0.0,0.0,0.0,0.0
2026-06-17T04:46:26,ERR,ERR,ERR,ERR,ERR,ERR,ERR,ERR,ERR,ERR,ERR,ERR,ERR,ERR,ERR,ERR,ERR,ERR,ERR,ERR,ERR,ERR,ERR,ERR,ERR,ERR,ERR,ERR,ERR,ERR,ERR,ERR,ERR,ERR,ERR,ERR,ERR,ERR,ERR,ERR,ERR,ERR,ERR,ERR,ERR,ERR,ERR,ERR,ERR,ERR,ERR,ERR,ERR,ERR,ERR,ERR,ERR,ERR,ERR,ERR,ERR,ERR,ERR,ERR,ERR,ERR,ERR,ERR,ERR,ERR,ERR,ERR,ERR,ERR,ERR,ERR,ERR,ERR,ERR,ERR,ERR,ERR,ERR,ERR,ERR,ERR,ERR,ERR,ERR,ERR,ERR,ERR,ERR,ERR,ERR,ERR,ERR,ERR,ERR,ERR,ERR,ERR,ERR,ERR,ERR,ERR,ERR,ERR,ERR,ERR,ERR,ERR,ERR,ERR,ERR,ERR,ERR,ERR,ERR,ERR,ERR,ERR,ERR,ERR,ERR,0.0,-0.0,3.028208139652935e+23,0.0,0.0,1.3936040501711995e+18,7.805,0.0,0,0,4,0,7300,-0.0,0,0.0,0.0,0.0,0.0,0.0,0,0,0,0,0.0,0,0,0,0,0,0,0,0,0,0,0,0,0,0,0,0,0,0,0,0,0,0,0,0,0,0,0,0,0,0,0,0,0,32,30,30,62,65476,0,300,0,0,8,21553,0.0,-107605600.0,0.0,0.0,0.0,0.0,0.0,0.0,0.0,0.0,0.0,0.0,0.0,0.0,0.0,0.0,0.0,0.0,0.0,0.0,0.0,0.0,2.004,-2.004,2.004,2.004,0.0,0.0,0.0,0.0,5621.0,2.422993380909429e+24,6925.0,0.0,-0.0,-0.0,0.0,0.0,0.0,0.0,0.0,63,0.0,-0.0,0.0,0.0,0.0,0.0,0.0,0.0,0.0,0,0,0,0.0,0.0,0.0,0.0,0.0,0.0,0.0,0.0,0.0,0.0,0.0,0.0,0.0,0.0,0.0,0.0,0,-107875648.0,63,0.0,126,2.7184242562605685e+23,2.842318642297501e+23,ERR,ERR,ERR,ERR,ERR,ERR,ERR,ERR,ERR,ERR,ERR,ERR,ERR,ERR,ERR,ERR,ERR,ERR,ERR,ERR,ERR,ERR,ERR,ERR,ERR,ERR,ERR,ERR,ERR,ERR,ERR,ERR,ERR,ERR,ERR,ERR,ERR,ERR,ERR,ERR,ERR,ERR,ERR,ERR,ERR,ERR,ERR,ERR,ERR,ERR,ERR,ERR,ERR,ERR,ERR,ERR,ERR,ERR,ERR,ERR,ERR,ERR,ERR,ERR,ERR,ERR,ERR,34.0,80.0,35,0.0,0.0,0.0,0.0,0.0,0.0,0.0,0.0,0.0,0.0,0.0,0.0,0.0,0.0,0.0,0.0,64.4,0,116,56,49,65476,0,300,0,0,8,20529,65476,0,0,57672,80.0,0.0,0.0,0.0,0.0,0.0
2026-06-17T04:46:27,ERR,ERR,ERR,ERR,ERR,ERR,ERR,ERR,ERR,ERR,ERR,ERR,ERR,ERR,ERR,ERR,ERR,ERR,ERR,ERR,ERR,ERR,ERR,ERR,ERR,ERR,ERR,ERR,ERR,ERR,ERR,ERR,ERR,ERR,ERR,ERR,ERR,ERR,ERR,ERR,ERR,ERR,ERR,ERR,ERR,ERR,ERR,ERR,ERR,ERR,ERR,ERR,ERR,ERR,ERR,ERR,ERR,ERR,ERR,ERR,ERR,ERR,ERR,ERR,ERR,ERR,ERR,ERR,ERR,ERR,ERR,ERR,ERR,ERR,ERR,ERR,ERR,ERR,ERR,ERR,ERR,ERR,ERR,ERR,ERR,ERR,ERR,ERR,ERR,ERR,ERR,ERR,ERR,ERR,ERR,ERR,ERR,ERR,ERR,ERR,ERR,ERR,ERR,ERR,ERR,ERR,ERR,ERR,ERR,ERR,ERR,ERR,ERR,ERR,ERR,ERR,ERR,ERR,ERR,ERR,ERR,ERR,ERR,ERR,ERR,0.0,-0.0,3.028208139652935e+23,0.0,0.0,1.3936040501711995e+18,7.805,0.0,0,0,4,0,7300,-0.0,0,0.0,0.0,0.0,0.0,0.0,0,0,0,0,0.0,0,0,0,0,0,0,0,0,0,0,0,0,0,0,0,0,0,0,0,0,0,0,0,0,0,0,0,0,0,0,0,0,0,32,30,30,62,65476,0,300,0,0,8,21553,0.0,-107605600.0,0.0,0.0,0.0,0.0,0.0,0.0,0.0,0.0,0.0,0.0,0.0,0.0,0.0,0.0,0.0,0.0,0.0,0.0,0.0,0.0,2.004,-2.004,2.004,2.004,0.0,0.0,0.0,0.0,5621.0,2.422993380909429e+24,6925.0,0.0,-0.0,-0.0,0.0,0.0,0.0,0.0,0.0,63,0.0,-0.0,0.0,0.0,0.0,0.0,0.0,0.0,0.0,0,0,0,0.0,0.0,0.0,0.0,0.0,0.0,0.0,0.0,0.0,0.0,0.0,0.0,0.0,0.0,0.0,0.0,0,-107875648.0,63,0.0,126,2.7184242562605685e+23,2.842318642297501e+23,ERR,ERR,ERR,ERR,ERR,ERR,ERR,ERR,ERR,ERR,ERR,ERR,ERR,ERR,ERR,ERR,ERR,ERR,ERR,ERR,ERR,ERR,ERR,ERR,ERR,ERR,ERR,ERR,ERR,ERR,ERR,ERR,ERR,ERR,ERR,ERR,ERR,ERR,ERR,ERR,ERR,ERR,ERR,ERR,ERR,ERR,ERR,ERR,ERR,ERR,ERR,ERR,ERR,ERR,ERR,ERR,ERR,ERR,ERR,ERR,ERR,ERR,ERR,ERR,ERR,ERR,ERR,34.0,80.0,35,0.0,0.0,0.0,0.0,0.0,0.0,0.0,0.0,0.0,0.0,0.0,0.0,0.0,0.0,0.0,0.0,64.4,0,116,56,49,65476,0,300,0,0,8,20529,65476,0,0,57672,80.0,0.0,0.0,0.0,0.0,0.0
2026-06-17T04:46:28,ERR,ERR,ERR,ERR,ERR,ERR,ERR,ERR,ERR,ERR,ERR,ERR,ERR,ERR,ERR,ERR,ERR,ERR,ERR,ERR,ERR,ERR,ERR,ERR,ERR,ERR,ERR,ERR,ERR,ERR,ERR,ERR,ERR,ERR,ERR,ERR,ERR,ERR,ERR,ERR,ERR,ERR,ERR,ERR,ERR,ERR,ERR,ERR,ERR,ERR,ERR,ERR,ERR,ERR,ERR,ERR,ERR,ERR,ERR,ERR,ERR,ERR,ERR,ERR,ERR,ERR,ERR,ERR,ERR,ERR,ERR,ERR,ERR,ERR,ERR,ERR,ERR,ERR,ERR,ERR,ERR,ERR,ERR,ERR,ERR,ERR,ERR,ERR,ERR,ERR,ERR,ERR,ERR,ERR,ERR,ERR,ERR,ERR,ERR,ERR,ERR,ERR,ERR,ERR,ERR,ERR,ERR,ERR,ERR,ERR,ERR,ERR,ERR,ERR,ERR,ERR,ERR,ERR,ERR,ERR,ERR,ERR,ERR,ERR,ERR,0.0,-0.0,3.028208139652935e+23,0.0,0.0,1.3936040501711995e+18,7.805,0.0,0,0,4,0,7300,-0.0,0,0.0,0.0,0.0,0.0,0.0,0,0,0,0,0.0,0,0,0,0,0,0,0,0,0,0,0,0,0,0,0,0,0,0,0,0,0,0,0,0,0,0,0,0,0,0,0,0,0,32,30,30,62,65476,0,300,0,0,8,21553,0.0,-107605600.0,0.0,0.0,0.0,0.0,0.0,0.0,0.0,0.0,0.0,0.0,0.0,0.0,0.0,0.0,0.0,0.0,0.0,0.0,0.0,0.0,2.004,-2.004,2.004,2.004,0.0,0.0,0.0,0.0,5621.0,2.422993380909429e+24,6925.0,0.0,-0.0,-0.0,0.0,0.0,0.0,0.0,0.0,63,0.0,-0.0,0.0,0.0,0.0,0.0,0.0,0.0,0.0,0,0,0,0.0,0.0,0.0,0.0,0.0,0.0,0.0,0.0,0.0,0.0,0.0,0.0,0.0,0.0,0.0,0.0,0,-107875648.0,63,0.0,126,2.7184242562605685e+23,2.842318642297501e+23,ERR,ERR,ERR,ERR,ERR,ERR,ERR,ERR,ERR,ERR,ERR,ERR,ERR,ERR,ERR,ERR,ERR,ERR,ERR,ERR,ERR,ERR,ERR,ERR,ERR,ERR,ERR,ERR,ERR,ERR,ERR,ERR,ERR,ERR,ERR,ERR,ERR,ERR,ERR,ERR,ERR,ERR,ERR,ERR,ERR,ERR,ERR,ERR,ERR,ERR,ERR,ERR,ERR,ERR,ERR,ERR,ERR,ERR,ERR,ERR,ERR,ERR,ERR,ERR,ERR,ERR,ERR,34.0,80.0,35,0.0,0.0,0.0,0.0,0.0,0.0,0.0,0.0,0.0,0.0,0.0,0.0,0.0,0.0,0.0,0.0,64.4,0,116,56,49,65476,0,300,0,0,8,20529,65476,0,0,57672,80.0,0.0,0.0,0.0,0.0,0.0
2026-06-17T04:46:29,ERR,ERR,ERR,ERR,ERR,ERR,ERR,ERR,ERR,ERR,ERR,ERR,ERR,ERR,ERR,ERR,ERR,ERR,ERR,ERR,ERR,ERR,ERR,ERR,ERR,ERR,ERR,ERR,ERR,ERR,ERR,ERR,ERR,ERR,ERR,ERR,ERR,ERR,ERR,ERR,ERR,ERR,ERR,ERR,ERR,ERR,ERR,ERR,ERR,ERR,ERR,ERR,ERR,ERR,ERR,ERR,ERR,ERR,ERR,ERR,ERR,ERR,ERR,ERR,ERR,ERR,ERR,ERR,ERR,ERR,ERR,ERR,ERR,ERR,ERR,ERR,ERR,ERR,ERR,ERR,ERR,ERR,ERR,ERR,ERR,ERR,ERR,ERR,ERR,ERR,ERR,ERR,ERR,ERR,ERR,ERR,ERR,ERR,ERR,ERR,ERR,ERR,ERR,ERR,ERR,ERR,ERR,ERR,ERR,ERR,ERR,ERR,ERR,ERR,ERR,ERR,ERR,ERR,ERR,ERR,ERR,ERR,ERR,ERR,ERR,0.0,-0.0,3.028208139652935e+23,0.0,0.0,1.3936040501711995e+18,7.805,0.0,0,0,4,0,7300,-0.0,0,0.0,0.0,0.0,0.0,0.0,0,0,0,0,0.0,0,0,0,0,0,0,0,0,0,0,0,0,0,0,0,0,0,0,0,0,0,0,0,0,0,0,0,0,0,0,0,0,0,32,30,30,62,65476,0,300,0,0,8,21553,0.0,-107605600.0,0.0,0.0,0.0,0.0,0.0,0.0,0.0,0.0,0.0,0.0,0.0,0.0,0.0,0.0,0.0,0.0,0.0,0.0,0.0,0.0,2.004,-2.004,2.004,2.004,0.0,0.0,0.0,0.0,5621.0,2.422993380909429e+24,6925.0,0.0,-0.0,-0.0,0.0,0.0,0.0,0.0,0.0,63,0.0,-0.0,0.0,0.0,0.0,0.0,0.0,0.0,0.0,0,0,0,0.0,0.0,0.0,0.0,0.0,0.0,0.0,0.0,0.0,0.0,0.0,0.0,0.0,0.0,0.0,0.0,0,-107875648.0,63,0.0,126,2.7184242562605685e+23,2.842318642297501e+23,ERR,ERR,ERR,ERR,ERR,ERR,ERR,ERR,ERR,ERR,ERR,ERR,ERR,ERR,ERR,ERR,ERR,ERR,ERR,ERR,ERR,ERR,ERR,ERR,ERR,ERR,ERR,ERR,ERR,ERR,ERR,ERR,ERR,ERR,ERR,ERR,ERR,ERR,ERR,ERR,ERR,ERR,ERR,ERR,ERR,ERR,ERR,ERR,ERR,ERR,ERR,ERR,ERR,ERR,ERR,ERR,ERR,ERR,ERR,ERR,ERR,ERR,ERR,ERR,ERR,ERR,ERR,34.0,80.0,35,0.0,0.0,0.0,0.0,0.0,0.0,0.0,0.0,0.0,0.0,0.0,0.0,0.0,0.0,0.0,0.0,64.4,0,116,56,49,65476,0,300,0,0,8,20529,65476,0,0,57672,80.0,0.0,0.0,0.0,0.0,0.0
2026-06-17T04:46:30,ERR,ERR,ERR,ERR,ERR,ERR,ERR,ERR,ERR,ERR,ERR,ERR,ERR,ERR,ERR,ERR,ERR,ERR,ERR,ERR,ERR,ERR,ERR,ERR,ERR,ERR,ERR,ERR,ERR,ERR,ERR,ERR,ERR,ERR,ERR,ERR,ERR,ERR,ERR,ERR,ERR,ERR,ERR,ERR,ERR,ERR,ERR,ERR,ERR,ERR,ERR,ERR,ERR,ERR,ERR,ERR,ERR,ERR,ERR,ERR,ERR,ERR,ERR,ERR,ERR,ERR,ERR,ERR,ERR,ERR,ERR,ERR,ERR,ERR,ERR,ERR,ERR,ERR,ERR,ERR,ERR,ERR,ERR,ERR,ERR,ERR,ERR,ERR,ERR,ERR,ERR,ERR,ERR,ERR,ERR,ERR,ERR,ERR,ERR,ERR,ERR,ERR,ERR,ERR,ERR,ERR,ERR,ERR,ERR,ERR,ERR,ERR,ERR,ERR,ERR,ERR,ERR,ERR,ERR,ERR,ERR,ERR,ERR,ERR,ERR,0.0,-0.0,3.028208139652935e+23,0.0,0.0,1.3936040501711995e+18,7.805,0.0,0,0,4,0,7300,-0.0,0,0.0,0.0,0.0,0.0,0.0,0,0,0,0,0.0,0,0,0,0,0,0,0,0,0,0,0,0,0,0,0,0,0,0,0,0,0,0,0,0,0,0,0,0,0,0,0,0,0,32,30,30,62,65476,0,300,0,0,8,21553,0.0,-107605600.0,0.0,0.0,0.0,0.0,0.0,0.0,0.0,0.0,0.0,0.0,0.0,0.0,0.0,0.0,0.0,0.0,0.0,0.0,0.0,0.0,2.004,-2.004,2.004,2.004,0.0,0.0,0.0,0.0,5621.0,2.422993380909429e+24,6925.0,0.0,-0.0,-0.0,0.0,0.0,0.0,0.0,0.0,63,0.0,-0.0,0.0,0.0,0.0,0.0,0.0,0.0,0.0,0,0,0,0.0,0.0,0.0,0.0,0.0,0.0,0.0,0.0,0.0,0.0,0.0,0.0,0.0,0.0,0.0,0.0,0,-107875648.0,63,0.0,126,2.7184242562605685e+23,2.842318642297501e+23,ERR,ERR,ERR,ERR,ERR,ERR,ERR,ERR,ERR,ERR,ERR,ERR,ERR,ERR,ERR,ERR,ERR,ERR,ERR,ERR,ERR,ERR,ERR,ERR,ERR,ERR,ERR,ERR,ERR,ERR,ERR,ERR,ERR,ERR,ERR,ERR,ERR,ERR,ERR,ERR,ERR,ERR,ERR,ERR,ERR,ERR,ERR,ERR,ERR,ERR,ERR,ERR,ERR,ERR,ERR,ERR,ERR,ERR,ERR,ERR,ERR,ERR,ERR,ERR,ERR,ERR,ERR,34.0,80.0,35,0.0,0.0,0.0,0.0,0.0,0.0,0.0,0.0,0.0,0.0,0.0,0.0,0.0,0.0,0.0,0.0,64.4,0,116,56,49,65476,0,300,0,0,8,20529,65476,0,0,57672,80.0,0.0,0.0,0.0,0.0,0.0
2026-06-17T04:46:31,ERR,ERR,ERR,ERR,ERR,ERR,ERR,ERR,ERR,ERR,ERR,ERR,ERR,ERR,ERR,ERR,ERR,ERR,ERR,ERR,ERR,ERR,ERR,ERR,ERR,ERR,ERR,ERR,ERR,ERR,ERR,ERR,ERR,ERR,ERR,ERR,ERR,ERR,ERR,ERR,ERR,ERR,ERR,ERR,ERR,ERR,ERR,ERR,ERR,ERR,ERR,ERR,ERR,ERR,ERR,ERR,ERR,ERR,ERR,ERR,ERR,ERR,ERR,ERR,ERR,ERR,ERR,ERR,ERR,ERR,ERR,ERR,ERR,ERR,ERR,ERR,ERR,ERR,ERR,ERR,ERR,ERR,ERR,ERR,ERR,ERR,ERR,ERR,ERR,ERR,ERR,ERR,ERR,ERR,ERR,ERR,ERR,ERR,ERR,ERR,ERR,ERR,ERR,ERR,ERR,ERR,ERR,ERR,ERR,ERR,ERR,ERR,ERR,ERR,ERR,ERR,ERR,ERR,ERR,ERR,ERR,ERR,ERR,ERR,ERR,0.0,-0.0,3.028208139652935e+23,0.0,0.0,1.3936040501711995e+18,7.805,0.0,0,0,4,0,7300,-0.0,0,0.0,0.0,0.0,0.0,0.0,0,0,0,0,0.0,0,0,0,0,0,0,0,0,0,0,0,0,0,0,0,0,0,0,0,0,0,0,0,0,0,0,0,0,0,0,0,0,0,32,30,30,62,65476,0,300,0,0,8,21553,0.0,-107605600.0,0.0,0.0,0.0,0.0,0.0,0.0,0.0,0.0,0.0,0.0,0.0,0.0,0.0,0.0,0.0,0.0,0.0,0.0,0.0,0.0,2.004,-2.004,2.004,-0.0,0.0,0.0,0.0,0.0,5622.0,-2.004,6936.0,0.0,-0.0,-107615280.0,0.0,0.0,0.0,0.0,0.0,63,0.0,-2.308832273466361e+20,0.0,0.0,0.0,0.0,0.0,0.0,0.0,0,0,0,0.0,0.0,0.0,0.0,0.0,0.0,0.0,0.0,0.0,0.0,0.0,0.0,0.0,0.0,0.0,0.0,0,-107875648.0,63,0.0,126,2.7184242562605685e+23,2.842318642297501e+23,ERR,ERR,ERR,ERR,ERR,ERR,ERR,ERR,ERR,ERR,ERR,ERR,ERR,ERR,ERR,ERR,ERR,ERR,ERR,ERR,ERR,ERR,ERR,ERR,ERR,ERR,ERR,ERR,ERR,ERR,ERR,ERR,ERR,ERR,ERR,ERR,ERR,ERR,ERR,ERR,ERR,ERR,ERR,ERR,ERR,ERR,ERR,ERR,ERR,ERR,ERR,ERR,ERR,ERR,ERR,ERR,ERR,ERR,ERR,ERR,ERR,ERR,ERR,ERR,ERR,ERR,ERR,34.0,80.0,35,0.0,0.0,0.0,0.0,0.0,0.0,0.0,0.0,0.0,0.0,0.0,0.0,0.0,0.0,0.0,0.0,64.4,0,116,56,49,65476,0,300,0,0,8,20529,65476,0,0,57672,80.0,0.0,0.0,0.0,0.0,0.0
2026-06-17T04:46:32,ERR,ERR,ERR,ERR,ERR,ERR,ERR,ERR,ERR,ERR,ERR,ERR,ERR,ERR,ERR,ERR,ERR,ERR,ERR,ERR,ERR,ERR,ERR,ERR,ERR,ERR,ERR,ERR,ERR,ERR,ERR,ERR,ERR,ERR,ERR,ERR,ERR,ERR,ERR,ERR,ERR,ERR,ERR,ERR,ERR,ERR,ERR,ERR,ERR,ERR,ERR,ERR,ERR,ERR,ERR,ERR,ERR,ERR,ERR,ERR,ERR,ERR,ERR,ERR,ERR,ERR,ERR,ERR,ERR,ERR,ERR,ERR,ERR,ERR,ERR,ERR,ERR,ERR,ERR,ERR,ERR,ERR,ERR,ERR,ERR,ERR,ERR,ERR,ERR,ERR,ERR,ERR,ERR,ERR,ERR,ERR,ERR,ERR,ERR,ERR,ERR,ERR,ERR,ERR,ERR,ERR,ERR,ERR,ERR,ERR,ERR,ERR,ERR,ERR,ERR,ERR,ERR,ERR,ERR,ERR,ERR,ERR,ERR,ERR,ERR,0.0,-0.0,3.028208139652935e+23,0.0,0.0,1.3936040501711995e+18,7.805,0.0,0,0,4,0,7300,-0.0,0,0.0,0.0,0.0,0.0,0.0,0,0,0,0,0.0,0,0,0,0,0,0,0,0,0,0,0,0,0,0,0,0,0,0,0,0,0,0,0,0,0,0,0,0,0,0,0,0,0,32,30,30,62,65476,0,300,0,0,8,21553,0.0,-107605600.0,0.0,0.0,0.0,0.0,0.0,0.0,0.0,0.0,0.0,0.0,0.0,0.0,0.0,0.0,0.0,0.0,0.0,0.0,0.0,0.0,2.004,-2.004,2.004,-0.0,0.0,0.0,0.0,0.0,5622.0,-2.004,6936.0,0.0,-0.0,-107615280.0,0.0,0.0,0.0,0.0,0.0,63,0.0,-2.308832273466361e+20,0.0,0.0,0.0,0.0,0.0,0.0,0.0,0,0,0,0.0,0.0,0.0,0.0,0.0,0.0,0.0,0.0,0.0,0.0,0.0,0.0,0.0,0.0,0.0,0.0,0,-107875648.0,63,0.0,126,2.7184242562605685e+23,2.842318642297501e+23,ERR,ERR,ERR,ERR,ERR,ERR,ERR,ERR,ERR,ERR,ERR,ERR,ERR,ERR,ERR,ERR,ERR,ERR,ERR,ERR,ERR,ERR,ERR,ERR,ERR,ERR,ERR,ERR,ERR,ERR,ERR,ERR,ERR,ERR,ERR,ERR,ERR,ERR,ERR,ERR,ERR,ERR,ERR,ERR,ERR,ERR,ERR,ERR,ERR,ERR,ERR,ERR,ERR,ERR,ERR,ERR,ERR,ERR,ERR,ERR,ERR,ERR,ERR,ERR,ERR,ERR,ERR,34.0,80.0,35,0.0,0.0,0.0,0.0,0.0,0.0,0.0,0.0,0.0,0.0,0.0,0.0,0.0,0.0,0.0,0.0,64.8,0,116,56,49,65476,0,300,0,0,8,20529,65476,0,0,57672,80.0,0.0,0.0,0.0,0.0,0.0
2026-06-17T04:46:33,ERR,ERR,ERR,ERR,ERR,ERR,ERR,ERR,ERR,ERR,ERR,ERR,ERR,ERR,ERR,ERR,ERR,ERR,ERR,ERR,ERR,ERR,ERR,ERR,ERR,ERR,ERR,ERR,ERR,ERR,ERR,ERR,ERR,ERR,ERR,ERR,ERR,ERR,ERR,ERR,ERR,ERR,ERR,ERR,ERR,ERR,ERR,ERR,ERR,ERR,ERR,ERR,ERR,ERR,ERR,ERR,ERR,ERR,ERR,ERR,ERR,ERR,ERR,ERR,ERR,ERR,ERR,ERR,ERR,ERR,ERR,ERR,ERR,ERR,ERR,ERR,ERR,ERR,ERR,ERR,ERR,ERR,ERR,ERR,ERR,ERR,ERR,ERR,ERR,ERR,ERR,ERR,ERR,ERR,ERR,ERR,ERR,ERR,ERR,ERR,ERR,ERR,ERR,ERR,ERR,ERR,ERR,ERR,ERR,ERR,ERR,ERR,ERR,ERR,ERR,ERR,ERR,ERR,ERR,ERR,ERR,ERR,ERR,ERR,ERR,0.0,-0.0,3.028208139652935e+23,0.0,0.0,1.3936040501711995e+18,7.805,0.0,0,0,4,0,7300,-0.0,0,0.0,0.0,0.0,0.0,0.0,0,0,0,0,0.0,0,0,0,0,0,0,0,0,0,0,0,0,0,0,0,0,0,0,0,0,0,0,0,0,0,0,0,0,0,0,0,0,0,32,30,30,62,65476,0,300,0,0,8,21553,0.0,-107605600.0,0.0,0.0,0.0,0.0,0.0,0.0,0.0,0.0,0.0,0.0,0.0,0.0,0.0,0.0,0.0,0.0,0.0,0.0,0.0,0.0,2.004,-2.004,2.004,-0.0,0.0,0.0,0.0,0.0,5622.0,-2.004,6936.0,0.0,-0.0,-107615280.0,0.0,0.0,0.0,0.0,0.0,63,0.0,-2.308832273466361e+20,0.0,0.0,0.0,0.0,0.0,0.0,0.0,0,0,0,0.0,0.0,0.0,0.0,0.0,0.0,0.0,0.0,0.0,0.0,0.0,0.0,0.0,0.0,0.0,0.0,0,-107875648.0,63,0.0,126,2.7184242562605685e+23,2.842318642297501e+23,ERR,ERR,ERR,ERR,ERR,ERR,ERR,ERR,ERR,ERR,ERR,ERR,ERR,ERR,ERR,ERR,ERR,ERR,ERR,ERR,ERR,ERR,ERR,ERR,ERR,ERR,ERR,ERR,ERR,ERR,ERR,ERR,ERR,ERR,ERR,ERR,ERR,ERR,ERR,ERR,ERR,ERR,ERR,ERR,ERR,ERR,ERR,ERR,ERR,ERR,ERR,ERR,ERR,ERR,ERR,ERR,ERR,ERR,ERR,ERR,ERR,ERR,ERR,ERR,ERR,ERR,ERR,34.0,80.0,35,0.0,0.0,0.0,0.0,0.0,0.0,0.0,0.0,0.0,0.0,0.0,0.0,0.0,0.0,0.0,0.0,64.8,0,116,56,49,65476,0,300,0,0,8,20529,65476,0,0,57672,80.0,0.0,0.0,0.0,0.0,0.0
2026-06-17T04:46:34,ERR,ERR,ERR,ERR,ERR,ERR,ERR,ERR,ERR,ERR,ERR,ERR,ERR,ERR,ERR,ERR,ERR,ERR,ERR,ERR,ERR,ERR,ERR,ERR,ERR,ERR,ERR,ERR,ERR,ERR,ERR,ERR,ERR,ERR,ERR,ERR,ERR,ERR,ERR,ERR,ERR,ERR,ERR,ERR,ERR,ERR,ERR,ERR,ERR,ERR,ERR,ERR,ERR,ERR,ERR,ERR,ERR,ERR,ERR,ERR,ERR,ERR,ERR,ERR,ERR,ERR,ERR,ERR,ERR,ERR,ERR,ERR,ERR,ERR,ERR,ERR,ERR,ERR,ERR,ERR,ERR,ERR,ERR,ERR,ERR,ERR,ERR,ERR,ERR,ERR,ERR,ERR,ERR,ERR,ERR,ERR,ERR,ERR,ERR,ERR,ERR,ERR,ERR,ERR,ERR,ERR,ERR,ERR,ERR,ERR,ERR,ERR,ERR,ERR,ERR,ERR,ERR,ERR,ERR,ERR,ERR,ERR,ERR,ERR,ERR,0.0,-0.0,3.028208139652935e+23,0.0,0.0,1.3936040501711995e+18,7.805,0.0,0,0,4,0,7300,-0.0,0,0.0,0.0,0.0,0.0,0.0,0,0,0,0,0.0,0,0,0,0,0,0,0,0,0,0,0,0,0,0,0,0,0,0,0,0,0,0,0,0,0,0,0,0,0,0,0,0,0,32,30,30,62,65476,0,300,0,0,8,21553,0.0,-107605600.0,0.0,0.0,0.0,0.0,0.0,0.0,0.0,0.0,0.0,0.0,0.0,0.0,0.0,0.0,0.0,0.0,0.0,0.0,0.0,0.0,2.004,-2.004,2.004,-0.0,0.0,0.0,0.0,0.0,5622.0,-2.004,6936.0,0.0,-0.0,-107615280.0,0.0,0.0,0.0,0.0,0.0,63,0.0,-2.308832273466361e+20,0.0,0.0,0.0,0.0,0.0,0.0,0.0,0,0,0,0.0,0.0,0.0,0.0,0.0,0.0,0.0,0.0,0.0,0.0,0.0,0.0,0.0,0.0,0.0,0.0,0,-107875648.0,63,0.0,126,2.7184242562605685e+23,2.842318642297501e+23,ERR,ERR,ERR,ERR,ERR,ERR,ERR,ERR,ERR,ERR,ERR,ERR,ERR,ERR,ERR,ERR,ERR,ERR,ERR,ERR,ERR,ERR,ERR,ERR,ERR,ERR,ERR,ERR,ERR,ERR,ERR,ERR,ERR,ERR,ERR,ERR,ERR,ERR,ERR,ERR,ERR,ERR,ERR,ERR,ERR,ERR,ERR,ERR,ERR,ERR,ERR,ERR,ERR,ERR,ERR,ERR,ERR,ERR,ERR,ERR,ERR,ERR,ERR,ERR,ERR,ERR,ERR,34.0,80.0,35,0.0,0.0,0.0,0.0,0.0,0.0,0.0,0.0,0.0,0.0,0.0,0.0,0.0,0.0,0.0,0.0,64.4,0,116,56,49,65476,0,300,0,0,8,20529,65476,0,0,57672,80.0,0.0,0.0,0.0,0.0,0.0
2026-06-17T04:46:35,ERR,ERR,ERR,ERR,ERR,ERR,ERR,ERR,ERR,ERR,ERR,ERR,ERR,ERR,ERR,ERR,ERR,ERR,ERR,ERR,ERR,ERR,ERR,ERR,ERR,ERR,ERR,ERR,ERR,ERR,ERR,ERR,ERR,ERR,ERR,ERR,ERR,ERR,ERR,ERR,ERR,ERR,ERR,ERR,ERR,ERR,ERR,ERR,ERR,ERR,ERR,ERR,ERR,ERR,ERR,ERR,ERR,ERR,ERR,ERR,ERR,ERR,ERR,ERR,ERR,ERR,ERR,ERR,ERR,ERR,ERR,ERR,ERR,ERR,ERR,ERR,ERR,ERR,ERR,ERR,ERR,ERR,ERR,ERR,ERR,ERR,ERR,ERR,ERR,ERR,ERR,ERR,ERR,ERR,ERR,ERR,ERR,ERR,ERR,ERR,ERR,ERR,ERR,ERR,ERR,ERR,ERR,ERR,ERR,ERR,ERR,ERR,ERR,ERR,ERR,ERR,ERR,ERR,ERR,ERR,ERR,ERR,ERR,ERR,ERR,0.0,-0.0,3.028208139652935e+23,0.0,0.0,1.3936040501711995e+18,7.805,0.0,0,0,4,0,7300,-0.0,0,0.0,0.0,0.0,0.0,0.0,0,0,0,0,0.0,0,0,0,0,0,0,0,0,0,0,0,0,0,0,0,0,0,0,0,0,0,0,0,0,0,0,0,0,0,0,0,0,0,32,30,30,62,65476,0,300,0,0,8,21553,0.0,-107605600.0,0.0,0.0,0.0,0.0,0.0,0.0,0.0,0.0,0.0,0.0,0.0,0.0,0.0,0.0,0.0,0.0,0.0,0.0,0.0,0.0,2.004,-2.004,2.004,-0.0,0.0,0.0,0.0,0.0,5622.0,-2.004,6936.0,0.0,-0.0,-107615280.0,0.0,0.0,0.0,0.0,0.0,63,0.0,-2.308832273466361e+20,0.0,0.0,0.0,0.0,0.0,0.0,0.0,0,0,0,0.0,0.0,0.0,0.0,0.0,0.0,0.0,0.0,0.0,0.0,0.0,0.0,0.0,0.0,0.0,0.0,0,-107875648.0,63,0.0,126,2.7184242562605685e+23,2.842318642297501e+23,ERR,ERR,ERR,ERR,ERR,ERR,ERR,ERR,ERR,ERR,ERR,ERR,ERR,ERR,ERR,ERR,ERR,ERR,ERR,ERR,ERR,ERR,ERR,ERR,ERR,ERR,ERR,ERR,ERR,ERR,ERR,ERR,ERR,ERR,ERR,ERR,ERR,ERR,ERR,ERR,ERR,ERR,ERR,ERR,ERR,ERR,ERR,ERR,ERR,ERR,ERR,ERR,ERR,ERR,ERR,ERR,ERR,ERR,ERR,ERR,ERR,ERR,ERR,ERR,ERR,ERR,ERR,34.0,80.0,35,0.0,0.0,0.0,0.0,0.0,0.0,0.0,0.0,0.0,0.0,0.0,0.0,0.0,0.0,0.0,0.0,64.4,0,116,56,49,65476,0,300,0,0,8,20529,65476,0,0,57672,80.0,0.0,0.0,0.0,0.0,0.0
2026-06-17T04:46:36,ERR,ERR,ERR,ERR,ERR,ERR,ERR,ERR,ERR,ERR,ERR,ERR,ERR,ERR,ERR,ERR,ERR,ERR,ERR,ERR,ERR,ERR,ERR,ERR,ERR,ERR,ERR,ERR,ERR,ERR,ERR,ERR,ERR,ERR,ERR,ERR,ERR,ERR,ERR,ERR,ERR,ERR,ERR,ERR,ERR,ERR,ERR,ERR,ERR,ERR,ERR,ERR,ERR,ERR,ERR,ERR,ERR,ERR,ERR,ERR,ERR,ERR,ERR,ERR,ERR,ERR,ERR,ERR,ERR,ERR,ERR,ERR,ERR,ERR,ERR,ERR,ERR,ERR,ERR,ERR,ERR,ERR,ERR,ERR,ERR,ERR,ERR,ERR,ERR,ERR,ERR,ERR,ERR,ERR,ERR,ERR,ERR,ERR,ERR,ERR,ERR,ERR,ERR,ERR,ERR,ERR,ERR,ERR,ERR,ERR,ERR,ERR,ERR,ERR,ERR,ERR,ERR,ERR,ERR,ERR,ERR,ERR,ERR,ERR,ERR,0.0,-0.0,3.028208139652935e+23,0.0,0.0,1.3936040501711995e+18,7.805,0.0,0,0,4,0,7300,-0.0,0,0.0,0.0,0.0,0.0,0.0,0,0,0,0,0.0,0,0,0,0,0,0,0,0,0,0,0,0,0,0,0,0,0,0,0,0,0,0,0,0,0,0,0,0,0,0,0,0,0,32,30,30,62,65476,0,300,0,0,8,21553,0.0,-107605600.0,0.0,0.0,0.0,0.0,0.0,0.0,0.0,0.0,0.0,0.0,0.0,0.0,0.0,0.0,0.0,0.0,0.0,0.0,0.0,0.0,2.004,-2.004,2.004,2.004,0.0,0.0,0.0,0.0,5622.0,-0.0,6928.0,0.0,-0.0,-0.0,0.0,0.0,0.0,0.0,0.0,63,0.0,-0.0,0.0,0.0,0.0,0.0,0.0,0.0,0.0,0,0,0,0.0,0.0,0.0,0.0,0.0,0.0,0.0,0.0,0.0,0.0,0.0,0.0,0.0,0.0,0.0,0.0,0,-107875648.0,63,0.0,126,2.7184242562605685e+23,2.842318642297501e+23,ERR,ERR,ERR,ERR,ERR,ERR,ERR,ERR,ERR,ERR,ERR,ERR,ERR,ERR,ERR,ERR,ERR,ERR,ERR,ERR,ERR,ERR,ERR,ERR,ERR,ERR,ERR,ERR,ERR,ERR,ERR,ERR,ERR,ERR,ERR,ERR,ERR,ERR,ERR,ERR,ERR,ERR,ERR,ERR,ERR,ERR,ERR,ERR,ERR,ERR,ERR,ERR,ERR,ERR,ERR,ERR,ERR,ERR,ERR,ERR,ERR,ERR,ERR,ERR,ERR,ERR,ERR,34.0,80.0,35,0.0,0.0,0.0,0.0,0.0,0.0,0.0,0.0,0.0,0.0,0.0,0.0,0.0,0.0,0.0,0.0,64.4,0,116,56,49,65476,0,300,0,0,8,20529,65476,0,0,57672,80.0,0.0,0.0,0.0,0.0,0.0
2026-06-17T04:46:37,ERR,ERR,ERR,ERR,ERR,ERR,ERR,ERR,ERR,ERR,ERR,ERR,ERR,ERR,ERR,ERR,ERR,ERR,ERR,ERR,ERR,ERR,ERR,ERR,ERR,ERR,ERR,ERR,ERR,ERR,ERR,ERR,ERR,ERR,ERR,ERR,ERR,ERR,ERR,ERR,ERR,ERR,ERR,ERR,ERR,ERR,ERR,ERR,ERR,ERR,ERR,ERR,ERR,ERR,ERR,ERR,ERR,ERR,ERR,ERR,ERR,ERR,ERR,ERR,ERR,ERR,ERR,ERR,ERR,ERR,ERR,ERR,ERR,ERR,ERR,ERR,ERR,ERR,ERR,ERR,ERR,ERR,ERR,ERR,ERR,ERR,ERR,ERR,ERR,ERR,ERR,ERR,ERR,ERR,ERR,ERR,ERR,ERR,ERR,ERR,ERR,ERR,ERR,ERR,ERR,ERR,ERR,ERR,ERR,ERR,ERR,ERR,ERR,ERR,ERR,ERR,ERR,ERR,ERR,ERR,ERR,ERR,ERR,ERR,ERR,0.0,-0.0,3.028208139652935e+23,0.0,0.0,1.3936040501711995e+18,7.805,0.0,0,0,4,0,7300,-0.0,0,0.0,0.0,0.0,0.0,0.0,0,0,0,0,0.0,0,0,0,0,0,0,0,0,0,0,0,0,0,0,0,0,0,0,0,0,0,0,0,0,0,0,0,0,0,0,0,0,0,32,30,30,62,65476,0,300,0,0,8,21553,0.0,-107605600.0,0.0,0.0,0.0,0.0,0.0,0.0,0.0,0.0,0.0,0.0,0.0,0.0,0.0,0.0,0.0,0.0,0.0,0.0,0.0,0.0,2.004,-2.004,2.004,2.004,0.0,0.0,0.0,0.0,5622.0,-0.0,6928.0,0.0,-0.0,-0.0,0.0,0.0,0.0,0.0,0.0,63,0.0,-0.0,0.0,0.0,0.0,0.0,0.0,0.0,0.0,0,0,0,0.0,0.0,0.0,0.0,0.0,0.0,0.0,0.0,0.0,0.0,0.0,0.0,0.0,0.0,0.0,0.0,0,-107875648.0,63,0.0,126,2.7184242562605685e+23,2.842318642297501e+23,ERR,ERR,ERR,ERR,ERR,ERR,ERR,ERR,ERR,ERR,ERR,ERR,ERR,ERR,ERR,ERR,ERR,ERR,ERR,ERR,ERR,ERR,ERR,ERR,ERR,ERR,ERR,ERR,ERR,ERR,ERR,ERR,ERR,ERR,ERR,ERR,ERR,ERR,ERR,ERR,ERR,ERR,ERR,ERR,ERR,ERR,ERR,ERR,ERR,ERR,ERR,ERR,ERR,ERR,ERR,ERR,ERR,ERR,ERR,ERR,ERR,ERR,ERR,ERR,ERR,ERR,ERR,34.0,80.0,35,0.0,0.0,0.0,0.0,0.0,0.0,0.0,0.0,0.0,0.0,0.0,0.0,0.0,0.0,0.0,0.0,64.4,0,116,56,49,65476,0,300,0,0,8,20529,65476,0,0,57672,80.0,0.0,0.0,0.0,0.0,0.0
2026-06-17T04:46:38,ERR,ERR,ERR,ERR,ERR,ERR,ERR,ERR,ERR,ERR,ERR,ERR,ERR,ERR,ERR,ERR,ERR,ERR,ERR,ERR,ERR,ERR,ERR,ERR,ERR,ERR,ERR,ERR,ERR,ERR,ERR,ERR,ERR,ERR,ERR,ERR,ERR,ERR,ERR,ERR,ERR,ERR,ERR,ERR,ERR,ERR,ERR,ERR,ERR,ERR,ERR,ERR,ERR,ERR,ERR,ERR,ERR,ERR,ERR,ERR,ERR,ERR,ERR,ERR,ERR,ERR,ERR,ERR,ERR,ERR,ERR,ERR,ERR,ERR,ERR,ERR,ERR,ERR,ERR,ERR,ERR,ERR,ERR,ERR,ERR,ERR,ERR,ERR,ERR,ERR,ERR,ERR,ERR,ERR,ERR,ERR,ERR,ERR,ERR,ERR,ERR,ERR,ERR,ERR,ERR,ERR,ERR,ERR,ERR,ERR,ERR,ERR,ERR,ERR,ERR,ERR,ERR,ERR,ERR,ERR,ERR,ERR,ERR,ERR,ERR,0.0,-0.0,3.028208139652935e+23,0.0,0.0,1.3936040501711995e+18,7.805,0.0,0,0,4,0,7300,-0.0,0,0.0,0.0,0.0,0.0,0.0,0,0,0,0,0.0,0,0,0,0,0,0,0,0,0,0,0,0,0,0,0,0,0,0,0,0,0,0,0,0,0,0,0,0,0,0,0,0,0,32,30,30,62,65476,0,300,0,0,8,21553,0.0,-107605600.0,0.0,0.0,0.0,0.0,0.0,0.0,0.0,0.0,0.0,0.0,0.0,0.0,0.0,0.0,0.0,0.0,0.0,0.0,0.0,0.0,2.004,-2.004,2.004,2.004,0.0,0.0,0.0,0.0,5622.0,-0.0,6928.0,0.0,-0.0,-0.0,0.0,0.0,0.0,0.0,0.0,63,0.0,-0.0,0.0,0.0,0.0,0.0,0.0,0.0,0.0,0,0,0,0.0,0.0,0.0,0.0,0.0,0.0,0.0,0.0,0.0,0.0,0.0,0.0,0.0,0.0,0.0,0.0,0,-107875648.0,63,0.0,126,2.7184242562605685e+23,2.842318642297501e+23,ERR,ERR,ERR,ERR,ERR,ERR,ERR,ERR,ERR,ERR,ERR,ERR,ERR,ERR,ERR,ERR,ERR,ERR,ERR,ERR,ERR,ERR,ERR,ERR,ERR,ERR,ERR,ERR,ERR,ERR,ERR,ERR,ERR,ERR,ERR,ERR,ERR,ERR,ERR,ERR,ERR,ERR,ERR,ERR,ERR,ERR,ERR,ERR,ERR,ERR,ERR,ERR,ERR,ERR,ERR,ERR,ERR,ERR,ERR,ERR,ERR,ERR,ERR,ERR,ERR,ERR,ERR,34.0,80.0,35,0.0,0.0,0.0,0.0,0.0,0.0,0.0,0.0,0.0,0.0,0.0,0.0,0.0,0.0,0.0,0.0,64.8,0,116,56,49,65476,0,300,0,0,8,20529,65476,0,0,57672,80.0,0.0,0.0,0.0,0.0,0.0
2026-06-17T04:46:39,ERR,ERR,ERR,ERR,ERR,ERR,ERR,ERR,ERR,ERR,ERR,ERR,ERR,ERR,ERR,ERR,ERR,ERR,ERR,ERR,ERR,ERR,ERR,ERR,ERR,ERR,ERR,ERR,ERR,ERR,ERR,ERR,ERR,ERR,ERR,ERR,ERR,ERR,ERR,ERR,ERR,ERR,ERR,ERR,ERR,ERR,ERR,ERR,ERR,ERR,ERR,ERR,ERR,ERR,ERR,ERR,ERR,ERR,ERR,ERR,ERR,ERR,ERR,ERR,ERR,ERR,ERR,ERR,ERR,ERR,ERR,ERR,ERR,ERR,ERR,ERR,ERR,ERR,ERR,ERR,ERR,ERR,ERR,ERR,ERR,ERR,ERR,ERR,ERR,ERR,ERR,ERR,ERR,ERR,ERR,ERR,ERR,ERR,ERR,ERR,ERR,ERR,ERR,ERR,ERR,ERR,ERR,ERR,ERR,ERR,ERR,ERR,ERR,ERR,ERR,ERR,ERR,ERR,ERR,ERR,ERR,ERR,ERR,ERR,ERR,0.0,-0.0,3.028208139652935e+23,0.0,0.0,1.3936040501711995e+18,7.805,0.0,0,0,4,0,7300,-0.0,0,0.0,0.0,0.0,0.0,0.0,0,0,0,0,0.0,0,0,0,0,0,0,0,0,0,0,0,0,0,0,0,0,0,0,0,0,0,0,0,0,0,0,0,0,0,0,0,0,0,32,30,30,62,65476,0,300,0,0,8,21553,0.0,-107605600.0,0.0,0.0,0.0,0.0,0.0,0.0,0.0,0.0,0.0,0.0,0.0,0.0,0.0,0.0,0.0,0.0,0.0,0.0,0.0,0.0,2.004,-2.004,2.004,2.004,0.0,0.0,0.0,0.0,5622.0,-0.0,6928.0,0.0,-0.0,-0.0,0.0,0.0,0.0,0.0,0.0,63,0.0,-0.0,0.0,0.0,0.0,0.0,0.0,0.0,0.0,0,0,0,0.0,0.0,0.0,0.0,0.0,0.0,0.0,0.0,0.0,0.0,0.0,0.0,0.0,0.0,0.0,0.0,0,-107875648.0,63,0.0,126,2.7184242562605685e+23,2.842318642297501e+23,ERR,ERR,ERR,ERR,ERR,ERR,ERR,ERR,ERR,ERR,ERR,ERR,ERR,ERR,ERR,ERR,ERR,ERR,ERR,ERR,ERR,ERR,ERR,ERR,ERR,ERR,ERR,ERR,ERR,ERR,ERR,ERR,ERR,ERR,ERR,ERR,ERR,ERR,ERR,ERR,ERR,ERR,ERR,ERR,ERR,ERR,ERR,ERR,ERR,ERR,ERR,ERR,ERR,ERR,ERR,ERR,ERR,ERR,ERR,ERR,ERR,ERR,ERR,ERR,ERR,ERR,ERR,34.0,80.0,35,0.0,0.0,0.0,0.0,0.0,0.0,0.0,0.0,0.0,0.0,0.0,0.0,0.0,0.0,0.0,0.0,64.8,0,116,56,49,65476,0,300,0,0,8,20529,65476,0,0,57672,80.0,0.0,0.0,0.0,0.0,0.0
2026-06-17T04:46:40,ERR,ERR,ERR,ERR,ERR,ERR,ERR,ERR,ERR,ERR,ERR,ERR,ERR,ERR,ERR,ERR,ERR,ERR,ERR,ERR,ERR,ERR,ERR,ERR,ERR,ERR,ERR,ERR,ERR,ERR,ERR,ERR,ERR,ERR,ERR,ERR,ERR,ERR,ERR,ERR,ERR,ERR,ERR,ERR,ERR,ERR,ERR,ERR,ERR,ERR,ERR,ERR,ERR,ERR,ERR,ERR,ERR,ERR,ERR,ERR,ERR,ERR,ERR,ERR,ERR,ERR,ERR,ERR,ERR,ERR,ERR,ERR,ERR,ERR,ERR,ERR,ERR,ERR,ERR,ERR,ERR,ERR,ERR,ERR,ERR,ERR,ERR,ERR,ERR,ERR,ERR,ERR,ERR,ERR,ERR,ERR,ERR,ERR,ERR,ERR,ERR,ERR,ERR,ERR,ERR,ERR,ERR,ERR,ERR,ERR,ERR,ERR,ERR,ERR,ERR,ERR,ERR,ERR,ERR,ERR,ERR,ERR,ERR,ERR,ERR,0.0,-0.0,3.028208139652935e+23,0.0,0.0,1.3936040501711995e+18,7.805,0.0,0,0,4,0,7300,-0.0,0,0.0,0.0,0.0,0.0,0.0,0,0,0,0,0.0,0,0,0,0,0,0,0,0,0,0,0,0,0,0,0,0,0,0,0,0,0,0,0,0,0,0,0,0,0,0,0,0,0,32,30,30,62,65476,0,300,0,0,8,21553,0.0,-107605600.0,0.0,0.0,0.0,0.0,0.0,0.0,0.0,0.0,0.0,0.0,0.0,0.0,0.0,0.0,0.0,0.0,0.0,0.0,0.0,0.0,2.004,-2.004,2.004,2.004,0.0,0.0,0.0,0.0,5622.0,-0.0,6928.0,0.0,-0.0,-0.0,0.0,0.0,0.0,0.0,0.0,63,0.0,-0.0,0.0,0.0,0.0,0.0,0.0,0.0,0.0,0,0,0,0.0,0.0,0.0,0.0,0.0,0.0,0.0,0.0,0.0,0.0,0.0,0.0,0.0,0.0,0.0,0.0,0,-107875648.0,63,0.0,126,2.7184242562605685e+23,2.842318642297501e+23,ERR,ERR,ERR,ERR,ERR,ERR,ERR,ERR,ERR,ERR,ERR,ERR,ERR,ERR,ERR,ERR,ERR,ERR,ERR,ERR,ERR,ERR,ERR,ERR,ERR,ERR,ERR,ERR,ERR,ERR,ERR,ERR,ERR,ERR,ERR,ERR,ERR,ERR,ERR,ERR,ERR,ERR,ERR,ERR,ERR,ERR,ERR,ERR,ERR,ERR,ERR,ERR,ERR,ERR,ERR,ERR,ERR,ERR,ERR,ERR,ERR,ERR,ERR,ERR,ERR,ERR,ERR,34.0,80.0,35,0.0,0.0,0.0,0.0,0.0,0.0,0.0,0.0,0.0,0.0,0.0,0.0,0.0,0.0,0.0,0.0,64.8,0,116,56,49,65476,0,300,0,0,8,20529,65476,0,0,57672,80.0,0.0,0.0,0.0,0.0,0.0
2026-06-17T04:46:41,ERR,ERR,ERR,ERR,ERR,ERR,ERR,ERR,ERR,ERR,ERR,ERR,ERR,ERR,ERR,ERR,ERR,ERR,ERR,ERR,ERR,ERR,ERR,ERR,ERR,ERR,ERR,ERR,ERR,ERR,ERR,ERR,ERR,ERR,ERR,ERR,ERR,ERR,ERR,ERR,ERR,ERR,ERR,ERR,ERR,ERR,ERR,ERR,ERR,ERR,ERR,ERR,ERR,ERR,ERR,ERR,ERR,ERR,ERR,ERR,ERR,ERR,ERR,ERR,ERR,ERR,ERR,ERR,ERR,ERR,ERR,ERR,ERR,ERR,ERR,ERR,ERR,ERR,ERR,ERR,ERR,ERR,ERR,ERR,ERR,ERR,ERR,ERR,ERR,ERR,ERR,ERR,ERR,ERR,ERR,ERR,ERR,ERR,ERR,ERR,ERR,ERR,ERR,ERR,ERR,ERR,ERR,ERR,ERR,ERR,ERR,ERR,ERR,ERR,ERR,ERR,ERR,ERR,ERR,ERR,ERR,ERR,ERR,ERR,ERR,0.0,-0.0,3.028208139652935e+23,0.0,0.0,1.3936040501711995e+18,7.805,0.0,0,0,4,0,7300,-0.0,0,0.0,0.0,0.0,0.0,0.0,0,0,0,0,0.0,0,0,0,0,0,0,0,0,0,0,0,0,0,0,0,0,0,0,0,0,0,0,0,0,0,0,0,0,0,0,0,0,0,32,30,30,62,65476,0,300,0,0,8,21553,0.0,-107605600.0,0.0,0.0,0.0,0.0,0.0,0.0,0.0,0.0,0.0,0.0,0.0,0.0,0.0,0.0,0.0,0.0,0.0,0.0,0.0,0.0,2.004,-2.004,2.004,2.004,0.0,0.0,0.0,0.0,5622.0,-0.0,6928.0,0.0,-0.0,-0.0,0.0,0.0,0.0,0.0,0.0,63,0.0,-0.0,0.0,0.0,0.0,0.0,0.0,0.0,0.0,0,0,0,0.0,0.0,0.0,0.0,0.0,0.0,0.0,0.0,0.0,0.0,0.0,0.0,0.0,0.0,0.0,0.0,0,-107875648.0,63,0.0,126,2.7184242562605685e+23,2.842318642297501e+23,ERR,ERR,ERR,ERR,ERR,ERR,ERR,ERR,ERR,ERR,ERR,ERR,ERR,ERR,ERR,ERR,ERR,ERR,ERR,ERR,ERR,ERR,ERR,ERR,ERR,ERR,ERR,ERR,ERR,ERR,ERR,ERR,ERR,ERR,ERR,ERR,ERR,ERR,ERR,ERR,ERR,ERR,ERR,ERR,ERR,ERR,ERR,ERR,ERR,ERR,ERR,ERR,ERR,ERR,ERR,ERR,ERR,ERR,ERR,ERR,ERR,ERR,ERR,ERR,ERR,ERR,ERR,34.0,80.0,35,0.0,0.0,0.0,0.0,0.0,0.0,0.0,0.0,0.0,0.0,0.0,0.0,0.0,0.0,0.0,0.0,64.8,0,116,56,49,65476,0,300,0,0,8,20529,65476,0,0,57672,80.0,0.0,0.0,0.0,0.0,0.0
2026-06-17T04:46:42,ERR,ERR,ERR,ERR,ERR,ERR,ERR,ERR,ERR,ERR,ERR,ERR,ERR,ERR,ERR,ERR,ERR,ERR,ERR,ERR,ERR,ERR,ERR,ERR,ERR,ERR,ERR,ERR,ERR,ERR,ERR,ERR,ERR,ERR,ERR,ERR,ERR,ERR,ERR,ERR,ERR,ERR,ERR,ERR,ERR,ERR,ERR,ERR,ERR,ERR,ERR,ERR,ERR,ERR,ERR,ERR,ERR,ERR,ERR,ERR,ERR,ERR,ERR,ERR,ERR,ERR,ERR,ERR,ERR,ERR,ERR,ERR,ERR,ERR,ERR,ERR,ERR,ERR,ERR,ERR,ERR,ERR,ERR,ERR,ERR,ERR,ERR,ERR,ERR,ERR,ERR,ERR,ERR,ERR,ERR,ERR,ERR,ERR,ERR,ERR,ERR,ERR,ERR,ERR,ERR,ERR,ERR,ERR,ERR,ERR,ERR,ERR,ERR,ERR,ERR,ERR,ERR,ERR,ERR,ERR,ERR,ERR,ERR,ERR,ERR,0.0,-0.0,3.028208139652935e+23,0.0,0.0,1.3936040501711995e+18,7.805,0.0,0,0,4,0,7300,-0.0,0,0.0,0.0,0.0,0.0,0.0,0,0,0,0,0.0,0,0,0,0,0,0,0,0,0,0,0,0,0,0,0,0,0,0,0,0,0,0,0,0,0,0,0,0,0,0,0,0,0,32,30,30,62,65476,0,300,0,0,8,21553,0.0,-107605600.0,0.0,0.0,0.0,0.0,0.0,0.0,0.0,0.0,0.0,0.0,0.0,0.0,0.0,0.0,0.0,0.0,0.0,0.0,0.0,0.0,2.004,-2.004,2.004,2.004,0.0,0.0,0.0,0.0,5622.0,131350.734,6921.0,0.0,-0.0,-0.0,2.7184296605801213e+23,0.0,0.0,0.0,0.0,63,0.0,1.90569004593578e+17,0.0,0.0,0.0,0.0,0.0,0.0,0.0,0,0,0,0.0,0.0,0.0,0.0,0.0,0.0,0.0,0.0,0.0,0.0,0.0,0.0,0.0,0.0,0.0,0.0,0,-107875648.0,63,0.0,126,2.7184242562605685e+23,2.842318642297501e+23,ERR,ERR,ERR,ERR,ERR,ERR,ERR,ERR,ERR,ERR,ERR,ERR,ERR,ERR,ERR,ERR,ERR,ERR,ERR,ERR,ERR,ERR,ERR,ERR,ERR,ERR,ERR,ERR,ERR,ERR,ERR,ERR,ERR,ERR,ERR,ERR,ERR,ERR,ERR,ERR,ERR,ERR,ERR,ERR,ERR,ERR,ERR,ERR,ERR,ERR,ERR,ERR,ERR,ERR,ERR,ERR,ERR,ERR,ERR,ERR,ERR,ERR,ERR,ERR,ERR,ERR,ERR,34.0,80.0,35,0.0,0.0,0.0,0.0,0.0,0.0,0.0,0.0,0.0,0.0,0.0,0.0,0.0,0.0,0.0,0.0,64.4,0,116,56,49,65476,0,300,0,0,8,20529,65476,0,0,57672,80.0,0.0,0.0,0.0,0.0,0.0
2026-06-17T04:46:43,ERR,ERR,ERR,ERR,ERR,ERR,ERR,ERR,ERR,ERR,ERR,ERR,ERR,ERR,ERR,ERR,ERR,ERR,ERR,ERR,ERR,ERR,ERR,ERR,ERR,ERR,ERR,ERR,ERR,ERR,ERR,ERR,ERR,ERR,ERR,ERR,ERR,ERR,ERR,ERR,ERR,ERR,ERR,ERR,ERR,ERR,ERR,ERR,ERR,ERR,ERR,ERR,ERR,ERR,ERR,ERR,ERR,ERR,ERR,ERR,ERR,ERR,ERR,ERR,ERR,ERR,ERR,ERR,ERR,ERR,ERR,ERR,ERR,ERR,ERR,ERR,ERR,ERR,ERR,ERR,ERR,ERR,ERR,ERR,ERR,ERR,ERR,ERR,ERR,ERR,ERR,ERR,ERR,ERR,ERR,ERR,ERR,ERR,ERR,ERR,ERR,ERR,ERR,ERR,ERR,ERR,ERR,ERR,ERR,ERR,ERR,ERR,ERR,ERR,ERR,ERR,ERR,ERR,ERR,ERR,ERR,ERR,ERR,ERR,ERR,0.0,-0.0,3.028208139652935e+23,0.0,0.0,1.3936040501711995e+18,7.805,0.0,0,0,4,0,7300,-0.0,0,0.0,0.0,0.0,0.0,0.0,0,0,0,0,0.0,0,0,0,0,0,0,0,0,0,0,0,0,0,0,0,0,0,0,0,0,0,0,0,0,0,0,0,0,0,0,0,0,0,32,30,30,62,65476,0,300,0,0,8,21553,0.0,-107605600.0,0.0,0.0,0.0,0.0,0.0,0.0,0.0,0.0,0.0,0.0,0.0,0.0,0.0,0.0,0.0,0.0,0.0,0.0,0.0,0.0,2.004,-2.004,2.004,2.004,0.0,0.0,0.0,0.0,5622.0,131350.734,6921.0,0.0,-0.0,-0.0,2.7184296605801213e+23,0.0,0.0,0.0,0.0,63,0.0,1.90569004593578e+17,0.0,0.0,0.0,0.0,0.0,0.0,0.0,0,0,0,0.0,0.0,0.0,0.0,0.0,0.0,0.0,0.0,0.0,0.0,0.0,0.0,0.0,0.0,0.0,0.0,0,-107875648.0,63,0.0,126,2.7184242562605685e+23,2.842318642297501e+23,ERR,ERR,ERR,ERR,ERR,ERR,ERR,ERR,ERR,ERR,ERR,ERR,ERR,ERR,ERR,ERR,ERR,ERR,ERR,ERR,ERR,ERR,ERR,ERR,ERR,ERR,ERR,ERR,ERR,ERR,ERR,ERR,ERR,ERR,ERR,ERR,ERR,ERR,ERR,ERR,ERR,ERR,ERR,ERR,ERR,ERR,ERR,ERR,ERR,ERR,ERR,ERR,ERR,ERR,ERR,ERR,ERR,ERR,ERR,ERR,ERR,ERR,ERR,ERR,ERR,ERR,ERR,34.0,80.0,35,0.0,0.0,0.0,0.0,0.0,0.0,0.0,0.0,0.0,0.0,0.0,0.0,0.0,0.0,0.0,0.0,64.8,0,116,56,49,65476,0,300,0,0,8,20529,65476,0,0,57672,80.0,0.0,0.0,0.0,0.0,0.0
2026-06-17T04:46:44,ERR,ERR,ERR,ERR,ERR,ERR,ERR,ERR,ERR,ERR,ERR,ERR,ERR,ERR,ERR,ERR,ERR,ERR,ERR,ERR,ERR,ERR,ERR,ERR,ERR,ERR,ERR,ERR,ERR,ERR,ERR,ERR,ERR,ERR,ERR,ERR,ERR,ERR,ERR,ERR,ERR,ERR,ERR,ERR,ERR,ERR,ERR,ERR,ERR,ERR,ERR,ERR,ERR,ERR,ERR,ERR,ERR,ERR,ERR,ERR,ERR,ERR,ERR,ERR,ERR,ERR,ERR,ERR,ERR,ERR,ERR,ERR,ERR,ERR,ERR,ERR,ERR,ERR,ERR,ERR,ERR,ERR,ERR,ERR,ERR,ERR,ERR,ERR,ERR,ERR,ERR,ERR,ERR,ERR,ERR,ERR,ERR,ERR,ERR,ERR,ERR,ERR,ERR,ERR,ERR,ERR,ERR,ERR,ERR,ERR,ERR,ERR,ERR,ERR,ERR,ERR,ERR,ERR,ERR,ERR,ERR,ERR,ERR,ERR,ERR,0.0,-0.0,3.028208139652935e+23,0.0,0.0,1.3936040501711995e+18,7.805,0.0,0,0,4,0,7300,-0.0,0,0.0,0.0,0.0,0.0,0.0,0,0,0,0,0.0,0,0,0,0,0,0,0,0,0,0,0,0,0,0,0,0,0,0,0,0,0,0,0,0,0,0,0,0,0,0,0,0,0,32,30,30,62,65476,0,300,0,0,8,21553,0.0,-107605600.0,0.0,0.0,0.0,0.0,0.0,0.0,0.0,0.0,0.0,0.0,0.0,0.0,0.0,0.0,0.0,0.0,0.0,0.0,0.0,0.0,2.004,-2.004,2.004,2.004,0.0,0.0,0.0,0.0,5622.0,131350.734,6921.0,0.0,-0.0,-0.0,2.7184296605801213e+23,0.0,0.0,0.0,0.0,63,0.0,1.90569004593578e+17,0.0,0.0,0.0,0.0,0.0,0.0,0.0,0,0,0,0.0,0.0,0.0,0.0,0.0,0.0,0.0,0.0,0.0,0.0,0.0,0.0,0.0,0.0,0.0,0.0,0,-107875648.0,63,0.0,126,2.7184242562605685e+23,2.842318642297501e+23,ERR,ERR,ERR,ERR,ERR,ERR,ERR,ERR,ERR,ERR,ERR,ERR,ERR,ERR,ERR,ERR,ERR,ERR,ERR,ERR,ERR,ERR,ERR,ERR,ERR,ERR,ERR,ERR,ERR,ERR,ERR,ERR,ERR,ERR,ERR,ERR,ERR,ERR,ERR,ERR,ERR,ERR,ERR,ERR,ERR,ERR,ERR,ERR,ERR,ERR,ERR,ERR,ERR,ERR,ERR,ERR,ERR,ERR,ERR,ERR,ERR,ERR,ERR,ERR,ERR,ERR,ERR,34.0,80.0,35,0.0,0.0,0.0,0.0,0.0,0.0,0.0,0.0,0.0,0.0,0.0,0.0,0.0,0.0,0.0,0.0,64.8,0,116,56,49,65476,0,300,0,0,8,20529,65476,0,0,57672,80.0,0.0,0.0,0.0,0.0,0.0
2026-06-17T04:46:45,ERR,ERR,ERR,ERR,ERR,ERR,ERR,ERR,ERR,ERR,ERR,ERR,ERR,ERR,ERR,ERR,ERR,ERR,ERR,ERR,ERR,ERR,ERR,ERR,ERR,ERR,ERR,ERR,ERR,ERR,ERR,ERR,ERR,ERR,ERR,ERR,ERR,ERR,ERR,ERR,ERR,ERR,ERR,ERR,ERR,ERR,ERR,ERR,ERR,ERR,ERR,ERR,ERR,ERR,ERR,ERR,ERR,ERR,ERR,ERR,ERR,ERR,ERR,ERR,ERR,ERR,ERR,ERR,ERR,ERR,ERR,ERR,ERR,ERR,ERR,ERR,ERR,ERR,ERR,ERR,ERR,ERR,ERR,ERR,ERR,ERR,ERR,ERR,ERR,ERR,ERR,ERR,ERR,ERR,ERR,ERR,ERR,ERR,ERR,ERR,ERR,ERR,ERR,ERR,ERR,ERR,ERR,ERR,ERR,ERR,ERR,ERR,ERR,ERR,ERR,ERR,ERR,ERR,ERR,ERR,ERR,ERR,ERR,ERR,ERR,0.0,-0.0,3.028208139652935e+23,0.0,0.0,1.3936040501711995e+18,7.805,0.0,0,0,4,0,7300,-0.0,0,0.0,0.0,0.0,0.0,0.0,0,0,0,0,0.0,0,0,0,0,0,0,0,0,0,0,0,0,0,0,0,0,0,0,0,0,0,0,0,0,0,0,0,0,0,0,0,0,0,32,30,30,62,65476,0,300,0,0,8,21553,0.0,-107605600.0,0.0,0.0,0.0,0.0,0.0,0.0,0.0,0.0,0.0,0.0,0.0,0.0,0.0,0.0,0.0,0.0,0.0,0.0,0.0,0.0,2.004,-2.004,2.004,2.004,0.0,0.0,0.0,0.0,5622.0,131350.734,6921.0,0.0,-0.0,-0.0,2.7184296605801213e+23,0.0,0.0,0.0,0.0,63,0.0,1.90569004593578e+17,0.0,0.0,0.0,0.0,0.0,0.0,0.0,0,0,0,0.0,0.0,0.0,0.0,0.0,0.0,0.0,0.0,0.0,0.0,0.0,0.0,0.0,0.0,0.0,0.0,0,-107875648.0,63,0.0,126,2.7184242562605685e+23,2.842318642297501e+23,ERR,ERR,ERR,ERR,ERR,ERR,ERR,ERR,ERR,ERR,ERR,ERR,ERR,ERR,ERR,ERR,ERR,ERR,ERR,ERR,ERR,ERR,ERR,ERR,ERR,ERR,ERR,ERR,ERR,ERR,ERR,ERR,ERR,ERR,ERR,ERR,ERR,ERR,ERR,ERR,ERR,ERR,ERR,ERR,ERR,ERR,ERR,ERR,ERR,ERR,ERR,ERR,ERR,ERR,ERR,ERR,ERR,ERR,ERR,ERR,ERR,ERR,ERR,ERR,ERR,ERR,ERR,34.0,80.0,35,0.0,0.0,0.0,0.0,0.0,0.0,0.0,0.0,0.0,0.0,0.0,0.0,0.0,0.0,0.0,0.0,64.4,0,116,56,49,65476,0,300,0,0,8,20529,65476,0,0,57672,80.0,0.0,0.0,0.0,0.0,0.0
2026-06-17T04:46:46,ERR,ERR,ERR,ERR,ERR,ERR,ERR,ERR,ERR,ERR,ERR,ERR,ERR,ERR,ERR,ERR,ERR,ERR,ERR,ERR,ERR,ERR,ERR,ERR,ERR,ERR,ERR,ERR,ERR,ERR,ERR,ERR,ERR,ERR,ERR,ERR,ERR,ERR,ERR,ERR,ERR,ERR,ERR,ERR,ERR,ERR,ERR,ERR,ERR,ERR,ERR,ERR,ERR,ERR,ERR,ERR,ERR,ERR,ERR,ERR,ERR,ERR,ERR,ERR,ERR,ERR,ERR,ERR,ERR,ERR,ERR,ERR,ERR,ERR,ERR,ERR,ERR,ERR,ERR,ERR,ERR,ERR,ERR,ERR,ERR,ERR,ERR,ERR,ERR,ERR,ERR,ERR,ERR,ERR,ERR,ERR,ERR,ERR,ERR,ERR,ERR,ERR,ERR,ERR,ERR,ERR,ERR,ERR,ERR,ERR,ERR,ERR,ERR,ERR,ERR,ERR,ERR,ERR,ERR,ERR,ERR,ERR,ERR,ERR,ERR,0.0,-0.0,3.028208139652935e+23,0.0,0.0,1.3936040501711995e+18,7.805,0.0,0,0,4,0,7300,-0.0,0,0.0,0.0,0.0,0.0,0.0,0,0,0,0,0.0,0,0,0,0,0,0,0,0,0,0,0,0,0,0,0,0,0,0,0,0,0,0,0,0,0,0,0,0,0,0,0,0,0,32,30,30,62,65476,0,300,0,0,8,21553,0.0,-107605600.0,0.0,0.0,0.0,0.0,0.0,0.0,0.0,0.0,0.0,0.0,0.0,0.0,0.0,0.0,0.0,0.0,0.0,0.0,0.0,0.0,2.004,-2.004,2.004,2.004,0.0,0.0,0.0,0.0,5622.0,131350.734,6921.0,0.0,-0.0,-0.0,2.7184296605801213e+23,0.0,0.0,0.0,0.0,63,0.0,1.90569004593578e+17,0.0,0.0,0.0,0.0,0.0,0.0,0.0,0,0,0,0.0,0.0,0.0,0.0,0.0,0.0,0.0,0.0,0.0,0.0,0.0,0.0,0.0,0.0,0.0,0.0,0,-107875648.0,63,0.0,126,2.7184242562605685e+23,2.842318642297501e+23,ERR,ERR,ERR,ERR,ERR,ERR,ERR,ERR,ERR,ERR,ERR,ERR,ERR,ERR,ERR,ERR,ERR,ERR,ERR,ERR,ERR,ERR,ERR,ERR,ERR,ERR,ERR,ERR,ERR,ERR,ERR,ERR,ERR,ERR,ERR,ERR,ERR,ERR,ERR,ERR,ERR,ERR,ERR,ERR,ERR,ERR,ERR,ERR,ERR,ERR,ERR,ERR,ERR,ERR,ERR,ERR,ERR,ERR,ERR,ERR,ERR,ERR,ERR,ERR,ERR,ERR,ERR,34.0,80.0,35,0.0,0.0,0.0,0.0,0.0,0.0,0.0,0.0,0.0,0.0,0.0,0.0,0.0,0.0,0.0,0.0,64.4,0,116,56,49,65476,0,300,0,0,8,20529,65476,0,0,57672,80.0,0.0,0.0,0.0,0.0,0.0
2026-06-17T04:46:47,ERR,ERR,ERR,ERR,ERR,ERR,ERR,ERR,ERR,ERR,ERR,ERR,ERR,ERR,ERR,ERR,ERR,ERR,ERR,ERR,ERR,ERR,ERR,ERR,ERR,ERR,ERR,ERR,ERR,ERR,ERR,ERR,ERR,ERR,ERR,ERR,ERR,ERR,ERR,ERR,ERR,ERR,ERR,ERR,ERR,ERR,ERR,ERR,ERR,ERR,ERR,ERR,ERR,ERR,ERR,ERR,ERR,ERR,ERR,ERR,ERR,ERR,ERR,ERR,ERR,ERR,ERR,ERR,ERR,ERR,ERR,ERR,ERR,ERR,ERR,ERR,ERR,ERR,ERR,ERR,ERR,ERR,ERR,ERR,ERR,ERR,ERR,ERR,ERR,ERR,ERR,ERR,ERR,ERR,ERR,ERR,ERR,ERR,ERR,ERR,ERR,ERR,ERR,ERR,ERR,ERR,ERR,ERR,ERR,ERR,ERR,ERR,ERR,ERR,ERR,ERR,ERR,ERR,ERR,ERR,ERR,ERR,ERR,ERR,ERR,0.0,-0.0,3.028208139652935e+23,0.0,0.0,1.3936040501711995e+18,7.805,0.0,0,0,4,0,7300,-0.0,0,0.0,0.0,0.0,0.0,0.0,0,0,0,0,0.0,0,0,0,0,0,0,0,0,0,0,0,0,0,0,0,0,0,0,0,0,0,0,0,0,0,0,0,0,0,0,0,0,0,32,30,30,62,65476,0,300,0,0,8,21553,0.0,-107605600.0,0.0,0.0,0.0,0.0,0.0,0.0,0.0,0.0,0.0,0.0,0.0,0.0,0.0,0.0,0.0,0.0,0.0,0.0,0.0,0.0,2.004,-2.004,2.004,2.004,0.0,0.0,0.0,0.0,5586.0,-1.587932753218144e+29,6942.0,0.0,-0.0,-0.0,0.0,0.0,0.0,0.0,0.0,63,-4.9504266636054534e+32,-3.2220112527460416e+26,0.0,0.0,0.0,0.0,0.0,0.0,0.0,0,0,0,0.0,0.0,0.0,0.0,0.0,0.0,0.0,0.0,0.0,0.0,0.0,0.0,0.0,0.0,0.0,0.0,0,-107875648.0,63,0.0,126,2.7184242562605685e+23,2.842318642297501e+23,ERR,ERR,ERR,ERR,ERR,ERR,ERR,ERR,ERR,ERR,ERR,ERR,ERR,ERR,ERR,ERR,ERR,ERR,ERR,ERR,ERR,ERR,ERR,ERR,ERR,ERR,ERR,ERR,ERR,ERR,ERR,ERR,ERR,ERR,ERR,ERR,ERR,ERR,ERR,ERR,ERR,ERR,ERR,ERR,ERR,ERR,ERR,ERR,ERR,ERR,ERR,ERR,ERR,ERR,ERR,ERR,ERR,ERR,ERR,ERR,ERR,ERR,ERR,ERR,ERR,ERR,ERR,34.0,80.0,35,0.0,0.0,0.0,0.0,0.0,0.0,0.0,0.0,0.0,0.0,0.0,0.0,0.0,0.0,0.0,0.0,64.8,0,116,56,49,65476,0,300,0,0,8,20529,65476,0,0,57672,80.0,0.0,0.0,0.0,0.0,0.0
2026-06-17T04:46:48,ERR,ERR,ERR,ERR,ERR,ERR,ERR,ERR,ERR,ERR,ERR,ERR,ERR,ERR,ERR,ERR,ERR,ERR,ERR,ERR,ERR,ERR,ERR,ERR,ERR,ERR,ERR,ERR,ERR,ERR,ERR,ERR,ERR,ERR,ERR,ERR,ERR,ERR,ERR,ERR,ERR,ERR,ERR,ERR,ERR,ERR,ERR,ERR,ERR,ERR,ERR,ERR,ERR,ERR,ERR,ERR,ERR,ERR,ERR,ERR,ERR,ERR,ERR,ERR,ERR,ERR,ERR,ERR,ERR,ERR,ERR,ERR,ERR,ERR,ERR,ERR,ERR,ERR,ERR,ERR,ERR,ERR,ERR,ERR,ERR,ERR,ERR,ERR,ERR,ERR,ERR,ERR,ERR,ERR,ERR,ERR,ERR,ERR,ERR,ERR,ERR,ERR,ERR,ERR,ERR,ERR,ERR,ERR,ERR,ERR,ERR,ERR,ERR,ERR,ERR,ERR,ERR,ERR,ERR,ERR,ERR,ERR,ERR,ERR,ERR,0.0,-0.0,3.028208139652935e+23,0.0,0.0,1.3936040501711995e+18,7.805,0.0,0,0,4,0,7300,-0.0,0,0.0,0.0,0.0,0.0,0.0,0,0,0,0,0.0,0,0,0,0,0,0,0,0,0,0,0,0,0,0,0,0,0,0,0,0,0,0,0,0,0,0,0,0,0,0,0,0,0,32,30,30,62,65476,0,300,0,0,8,21553,0.0,-107605600.0,0.0,0.0,0.0,0.0,0.0,0.0,0.0,0.0,0.0,0.0,0.0,0.0,0.0,0.0,0.0,0.0,0.0,0.0,0.0,0.0,2.004,-2.004,2.004,2.004,0.0,0.0,0.0,0.0,5586.0,-1.587932753218144e+29,6942.0,0.0,-0.0,-0.0,0.0,0.0,0.0,0.0,0.0,63,-4.9504266636054534e+32,-3.2220112527460416e+26,0.0,0.0,0.0,0.0,0.0,0.0,0.0,0,0,0,0.0,0.0,0.0,0.0,0.0,0.0,0.0,0.0,0.0,0.0,0.0,0.0,0.0,0.0,0.0,0.0,0,-107875648.0,63,0.0,126,2.7184242562605685e+23,2.842318642297501e+23,ERR,ERR,ERR,ERR,ERR,ERR,ERR,ERR,ERR,ERR,ERR,ERR,ERR,ERR,ERR,ERR,ERR,ERR,ERR,ERR,ERR,ERR,ERR,ERR,ERR,ERR,ERR,ERR,ERR,ERR,ERR,ERR,ERR,ERR,ERR,ERR,ERR,ERR,ERR,ERR,ERR,ERR,ERR,ERR,ERR,ERR,ERR,ERR,ERR,ERR,ERR,ERR,ERR,ERR,ERR,ERR,ERR,ERR,ERR,ERR,ERR,ERR,ERR,ERR,ERR,ERR,ERR,34.0,80.0,35,0.0,0.0,0.0,0.0,0.0,0.0,0.0,0.0,0.0,0.0,0.0,0.0,0.0,0.0,0.0,0.0,64.8,0,116,56,49,65476,0,300,0,0,8,20529,65476,0,0,57672,80.0,0.0,0.0,0.0,0.0,0.0
2026-06-17T04:46:49,ERR,ERR,ERR,ERR,ERR,ERR,ERR,ERR,ERR,ERR,ERR,ERR,ERR,ERR,ERR,ERR,ERR,ERR,ERR,ERR,ERR,ERR,ERR,ERR,ERR,ERR,ERR,ERR,ERR,ERR,ERR,ERR,ERR,ERR,ERR,ERR,ERR,ERR,ERR,ERR,ERR,ERR,ERR,ERR,ERR,ERR,ERR,ERR,ERR,ERR,ERR,ERR,ERR,ERR,ERR,ERR,ERR,ERR,ERR,ERR,ERR,ERR,ERR,ERR,ERR,ERR,ERR,ERR,ERR,ERR,ERR,ERR,ERR,ERR,ERR,ERR,ERR,ERR,ERR,ERR,ERR,ERR,ERR,ERR,ERR,ERR,ERR,ERR,ERR,ERR,ERR,ERR,ERR,ERR,ERR,ERR,ERR,ERR,ERR,ERR,ERR,ERR,ERR,ERR,ERR,ERR,ERR,ERR,ERR,ERR,ERR,ERR,ERR,ERR,ERR,ERR,ERR,ERR,ERR,ERR,ERR,ERR,ERR,ERR,ERR,0.0,-0.0,3.028208139652935e+23,0.0,0.0,1.3936040501711995e+18,7.805,0.0,0,0,4,0,7300,-0.0,0,0.0,0.0,0.0,0.0,0.0,0,0,0,0,0.0,0,0,0,0,0,0,0,0,0,0,0,0,0,0,0,0,0,0,0,0,0,0,0,0,0,0,0,0,0,0,0,0,0,32,30,30,62,65476,0,300,0,0,8,21553,0.0,-107605600.0,0.0,0.0,0.0,0.0,0.0,0.0,0.0,0.0,0.0,0.0,0.0,0.0,0.0,0.0,0.0,0.0,0.0,0.0,0.0,0.0,2.004,-2.004,2.004,2.004,0.0,0.0,0.0,0.0,5586.0,-1.587932753218144e+29,6942.0,0.0,-0.0,-0.0,0.0,0.0,0.0,0.0,0.0,63,-4.9504266636054534e+32,-3.2220112527460416e+26,0.0,0.0,0.0,0.0,0.0,0.0,0.0,0,0,0,0.0,0.0,0.0,0.0,0.0,0.0,0.0,0.0,0.0,0.0,0.0,0.0,0.0,0.0,0.0,0.0,0,-107875648.0,63,0.0,126,2.7184242562605685e+23,2.842318642297501e+23,ERR,ERR,ERR,ERR,ERR,ERR,ERR,ERR,ERR,ERR,ERR,ERR,ERR,ERR,ERR,ERR,ERR,ERR,ERR,ERR,ERR,ERR,ERR,ERR,ERR,ERR,ERR,ERR,ERR,ERR,ERR,ERR,ERR,ERR,ERR,ERR,ERR,ERR,ERR,ERR,ERR,ERR,ERR,ERR,ERR,ERR,ERR,ERR,ERR,ERR,ERR,ERR,ERR,ERR,ERR,ERR,ERR,ERR,ERR,ERR,ERR,ERR,ERR,ERR,ERR,ERR,ERR,34.0,80.0,35,0.0,0.0,0.0,0.0,0.0,0.0,0.0,0.0,0.0,0.0,0.0,0.0,0.0,0.0,0.0,0.0,64.8,0,116,56,49,65476,0,300,0,0,8,20529,65476,0,0,57672,80.0,0.0,0.0,0.0,0.0,0.0
2026-06-17T04:46:50,ERR,ERR,ERR,ERR,ERR,ERR,ERR,ERR,ERR,ERR,ERR,ERR,ERR,ERR,ERR,ERR,ERR,ERR,ERR,ERR,ERR,ERR,ERR,ERR,ERR,ERR,ERR,ERR,ERR,ERR,ERR,ERR,ERR,ERR,ERR,ERR,ERR,ERR,ERR,ERR,ERR,ERR,ERR,ERR,ERR,ERR,ERR,ERR,ERR,ERR,ERR,ERR,ERR,ERR,ERR,ERR,ERR,ERR,ERR,ERR,ERR,ERR,ERR,ERR,ERR,ERR,ERR,ERR,ERR,ERR,ERR,ERR,ERR,ERR,ERR,ERR,ERR,ERR,ERR,ERR,ERR,ERR,ERR,ERR,ERR,ERR,ERR,ERR,ERR,ERR,ERR,ERR,ERR,ERR,ERR,ERR,ERR,ERR,ERR,ERR,ERR,ERR,ERR,ERR,ERR,ERR,ERR,ERR,ERR,ERR,ERR,ERR,ERR,ERR,ERR,ERR,ERR,ERR,ERR,ERR,ERR,ERR,ERR,ERR,ERR,0.0,-0.0,3.028208139652935e+23,0.0,0.0,1.3936040501711995e+18,7.805,0.0,0,0,4,0,7300,-0.0,0,0.0,0.0,0.0,0.0,0.0,0,0,0,0,0.0,0,0,0,0,0,0,0,0,0,0,0,0,0,0,0,0,0,0,0,0,0,0,0,0,0,0,0,0,0,0,0,0,0,32,30,30,62,65476,0,300,0,0,8,21553,0.0,-107605600.0,0.0,0.0,0.0,0.0,0.0,0.0,0.0,0.0,0.0,0.0,0.0,0.0,0.0,0.0,0.0,0.0,0.0,0.0,0.0,0.0,2.004,-2.004,2.004,2.004,0.0,0.0,0.0,0.0,5586.0,-1.587932753218144e+29,6942.0,0.0,-0.0,-0.0,0.0,0.0,0.0,0.0,0.0,63,-4.9504266636054534e+32,-3.2220112527460416e+26,0.0,0.0,0.0,0.0,0.0,0.0,0.0,0,0,0,0.0,0.0,0.0,0.0,0.0,0.0,0.0,0.0,0.0,0.0,0.0,0.0,0.0,0.0,0.0,0.0,0,-107875648.0,63,0.0,126,2.7184242562605685e+23,2.842318642297501e+23,ERR,ERR,ERR,ERR,ERR,ERR,ERR,ERR,ERR,ERR,ERR,ERR,ERR,ERR,ERR,ERR,ERR,ERR,ERR,ERR,ERR,ERR,ERR,ERR,ERR,ERR,ERR,ERR,ERR,ERR,ERR,ERR,ERR,ERR,ERR,ERR,ERR,ERR,ERR,ERR,ERR,ERR,ERR,ERR,ERR,ERR,ERR,ERR,ERR,ERR,ERR,ERR,ERR,ERR,ERR,ERR,ERR,ERR,ERR,ERR,ERR,ERR,ERR,ERR,ERR,ERR,ERR,34.0,80.0,35,0.0,0.0,0.0,0.0,0.0,0.0,0.0,0.0,0.0,0.0,0.0,0.0,0.0,0.0,0.0,0.0,64.8,0,116,56,49,65476,0,300,0,0,8,20529,65476,0,0,57672,80.0,0.0,0.0,0.0,0.0,0.0
2026-06-17T04:46:51,ERR,ERR,ERR,ERR,ERR,ERR,ERR,ERR,ERR,ERR,ERR,ERR,ERR,ERR,ERR,ERR,ERR,ERR,ERR,ERR,ERR,ERR,ERR,ERR,ERR,ERR,ERR,ERR,ERR,ERR,ERR,ERR,ERR,ERR,ERR,ERR,ERR,ERR,ERR,ERR,ERR,ERR,ERR,ERR,ERR,ERR,ERR,ERR,ERR,ERR,ERR,ERR,ERR,ERR,ERR,ERR,ERR,ERR,ERR,ERR,ERR,ERR,ERR,ERR,ERR,ERR,ERR,ERR,ERR,ERR,ERR,ERR,ERR,ERR,ERR,ERR,ERR,ERR,ERR,ERR,ERR,ERR,ERR,ERR,ERR,ERR,ERR,ERR,ERR,ERR,ERR,ERR,ERR,ERR,ERR,ERR,ERR,ERR,ERR,ERR,ERR,ERR,ERR,ERR,ERR,ERR,ERR,ERR,ERR,ERR,ERR,ERR,ERR,ERR,ERR,ERR,ERR,ERR,ERR,ERR,ERR,ERR,ERR,ERR,ERR,0.0,-0.0,3.028208139652935e+23,0.0,0.0,1.3936040501711995e+18,7.805,0.0,0,0,4,0,7300,-0.0,0,0.0,0.0,0.0,0.0,0.0,0,0,0,0,0.0,0,0,0,0,0,0,0,0,0,0,0,0,0,0,0,0,0,0,0,0,0,0,0,0,0,0,0,0,0,0,0,0,0,32,30,30,62,65476,0,300,0,0,8,21553,0.0,-107605600.0,0.0,0.0,0.0,0.0,0.0,0.0,0.0,0.0,0.0,0.0,0.0,0.0,0.0,0.0,0.0,0.0,0.0,0.0,0.0,0.0,2.004,-2.004,2.004,2.004,0.0,0.0,0.0,0.0,5586.0,-1.587932753218144e+29,6942.0,0.0,-0.0,-0.0,0.0,0.0,0.0,0.0,0.0,63,-4.9504266636054534e+32,-3.2220112527460416e+26,0.0,0.0,0.0,0.0,0.0,0.0,0.0,0,0,0,0.0,0.0,0.0,0.0,0.0,0.0,0.0,0.0,0.0,0.0,0.0,0.0,0.0,0.0,0.0,0.0,0,-107875648.0,63,0.0,126,2.7184242562605685e+23,2.842318642297501e+23,ERR,ERR,ERR,ERR,ERR,ERR,ERR,ERR,ERR,ERR,ERR,ERR,ERR,ERR,ERR,ERR,ERR,ERR,ERR,ERR,ERR,ERR,ERR,ERR,ERR,ERR,ERR,ERR,ERR,ERR,ERR,ERR,ERR,ERR,ERR,ERR,ERR,ERR,ERR,ERR,ERR,ERR,ERR,ERR,ERR,ERR,ERR,ERR,ERR,ERR,ERR,ERR,ERR,ERR,ERR,ERR,ERR,ERR,ERR,ERR,ERR,ERR,ERR,ERR,ERR,ERR,ERR,34.0,80.0,35,0.0,0.0,0.0,0.0,0.0,0.0,0.0,0.0,0.0,0.0,0.0,0.0,0.0,0.0,0.0,0.0,64.4,0,116,56,49,65476,0,300,0,0,8,20529,65476,0,0,57672,80.0,0.0,0.0,0.0,0.0,0.0
2026-06-17T04:46:52,ERR,ERR,ERR,ERR,ERR,ERR,ERR,ERR,ERR,ERR,ERR,ERR,ERR,ERR,ERR,ERR,ERR,ERR,ERR,ERR,ERR,ERR,ERR,ERR,ERR,ERR,ERR,ERR,ERR,ERR,ERR,ERR,ERR,ERR,ERR,ERR,ERR,ERR,ERR,ERR,ERR,ERR,ERR,ERR,ERR,ERR,ERR,ERR,ERR,ERR,ERR,ERR,ERR,ERR,ERR,ERR,ERR,ERR,ERR,ERR,ERR,ERR,ERR,ERR,ERR,ERR,ERR,ERR,ERR,ERR,ERR,ERR,ERR,ERR,ERR,ERR,ERR,ERR,ERR,ERR,ERR,ERR,ERR,ERR,ERR,ERR,ERR,ERR,ERR,ERR,ERR,ERR,ERR,ERR,ERR,ERR,ERR,ERR,ERR,ERR,ERR,ERR,ERR,ERR,ERR,ERR,ERR,ERR,ERR,ERR,ERR,ERR,ERR,ERR,ERR,ERR,ERR,ERR,ERR,ERR,ERR,ERR,ERR,ERR,ERR,0.0,-0.0,3.028208139652935e+23,0.0,0.0,1.3936040501711995e+18,7.805,0.0,0,0,4,0,7300,-0.0,0,0.0,0.0,0.0,0.0,0.0,0,0,0,0,0.0,0,0,0,0,0,0,0,0,0,0,0,0,0,0,0,0,0,0,0,0,0,0,0,0,0,0,0,0,0,0,0,0,0,32,30,30,62,65476,0,300,0,0,8,21553,0.0,-107605600.0,0.0,0.0,0.0,0.0,0.0,0.0,0.0,0.0,0.0,0.0,0.0,0.0,0.0,0.0,0.0,0.0,0.0,0.0,0.0,0.0,2.004,-2.004,2.004,2.004,0.0,0.0,0.0,0.0,5588.0,8608200704.0,6922.0,0.0,-0.0,-0.0,0.0,0.0,0.0,0.0,0.0,63,0.0,-0.0,0.0,0.0,0.0,0.0,0.0,0.0,0.0,0,0,0,0.0,0.0,0.0,0.0,0.0,0.0,0.0,0.0,0.0,0.0,0.0,0.0,0.0,0.0,0.0,0.0,0,-107875648.0,63,0.0,126,2.7184242562605685e+23,2.842318642297501e+23,ERR,ERR,ERR,ERR,ERR,ERR,ERR,ERR,ERR,ERR,ERR,ERR,ERR,ERR,ERR,ERR,ERR,ERR,ERR,ERR,ERR,ERR,ERR,ERR,ERR,ERR,ERR,ERR,ERR,ERR,ERR,ERR,ERR,ERR,ERR,ERR,ERR,ERR,ERR,ERR,ERR,ERR,ERR,ERR,ERR,ERR,ERR,ERR,ERR,ERR,ERR,ERR,ERR,ERR,ERR,ERR,ERR,ERR,ERR,ERR,ERR,ERR,ERR,ERR,ERR,ERR,ERR,34.0,80.0,35,0.0,0.0,0.0,0.0,0.0,0.0,0.0,0.0,0.0,0.0,0.0,0.0,0.0,0.0,0.0,0.0,64.4,0,116,56,49,65476,0,300,0,0,8,20529,65476,0,0,57672,80.0,0.0,0.0,0.0,0.0,0.0
2026-06-17T04:46:53,ERR,ERR,ERR,ERR,ERR,ERR,ERR,ERR,ERR,ERR,ERR,ERR,ERR,ERR,ERR,ERR,ERR,ERR,ERR,ERR,ERR,ERR,ERR,ERR,ERR,ERR,ERR,ERR,ERR,ERR,ERR,ERR,ERR,ERR,ERR,ERR,ERR,ERR,ERR,ERR,ERR,ERR,ERR,ERR,ERR,ERR,ERR,ERR,ERR,ERR,ERR,ERR,ERR,ERR,ERR,ERR,ERR,ERR,ERR,ERR,ERR,ERR,ERR,ERR,ERR,ERR,ERR,ERR,ERR,ERR,ERR,ERR,ERR,ERR,ERR,ERR,ERR,ERR,ERR,ERR,ERR,ERR,ERR,ERR,ERR,ERR,ERR,ERR,ERR,ERR,ERR,ERR,ERR,ERR,ERR,ERR,ERR,ERR,ERR,ERR,ERR,ERR,ERR,ERR,ERR,ERR,ERR,ERR,ERR,ERR,ERR,ERR,ERR,ERR,ERR,ERR,ERR,ERR,ERR,ERR,ERR,ERR,ERR,ERR,ERR,0.0,-0.0,3.028208139652935e+23,0.0,0.0,1.3936040501711995e+18,7.805,0.0,0,0,4,0,7300,-0.0,0,0.0,0.0,0.0,0.0,0.0,0,0,0,0,0.0,0,0,0,0,0,0,0,0,0,0,0,0,0,0,0,0,0,0,0,0,0,0,0,0,0,0,0,0,0,0,0,0,0,32,30,30,62,65476,0,300,0,0,8,21553,0.0,-107605600.0,0.0,0.0,0.0,0.0,0.0,0.0,0.0,0.0,0.0,0.0,0.0,0.0,0.0,0.0,0.0,0.0,0.0,0.0,0.0,0.0,2.004,-2.004,2.004,2.004,0.0,0.0,0.0,0.0,5588.0,8608200704.0,6922.0,0.0,-0.0,-0.0,0.0,0.0,0.0,0.0,0.0,63,0.0,-0.0,0.0,0.0,0.0,0.0,0.0,0.0,0.0,0,0,0,0.0,0.0,0.0,0.0,0.0,0.0,0.0,0.0,0.0,0.0,0.0,0.0,0.0,0.0,0.0,0.0,0,-107875648.0,63,0.0,126,2.7184242562605685e+23,2.842318642297501e+23,ERR,ERR,ERR,ERR,ERR,ERR,ERR,ERR,ERR,ERR,ERR,ERR,ERR,ERR,ERR,ERR,ERR,ERR,ERR,ERR,ERR,ERR,ERR,ERR,ERR,ERR,ERR,ERR,ERR,ERR,ERR,ERR,ERR,ERR,ERR,ERR,ERR,ERR,ERR,ERR,ERR,ERR,ERR,ERR,ERR,ERR,ERR,ERR,ERR,ERR,ERR,ERR,ERR,ERR,ERR,ERR,ERR,ERR,ERR,ERR,ERR,ERR,ERR,ERR,ERR,ERR,ERR,34.0,80.0,35,0.0,0.0,0.0,0.0,0.0,0.0,0.0,0.0,0.0,0.0,0.0,0.0,0.0,0.0,0.0,0.0,64.8,0,116,56,49,65476,0,300,0,0,8,20529,65476,0,0,57672,80.0,0.0,0.0,0.0,0.0,0.0
2026-06-17T04:46:54,ERR,ERR,ERR,ERR,ERR,ERR,ERR,ERR,ERR,ERR,ERR,ERR,ERR,ERR,ERR,ERR,ERR,ERR,ERR,ERR,ERR,ERR,ERR,ERR,ERR,ERR,ERR,ERR,ERR,ERR,ERR,ERR,ERR,ERR,ERR,ERR,ERR,ERR,ERR,ERR,ERR,ERR,ERR,ERR,ERR,ERR,ERR,ERR,ERR,ERR,ERR,ERR,ERR,ERR,ERR,ERR,ERR,ERR,ERR,ERR,ERR,ERR,ERR,ERR,ERR,ERR,ERR,ERR,ERR,ERR,ERR,ERR,ERR,ERR,ERR,ERR,ERR,ERR,ERR,ERR,ERR,ERR,ERR,ERR,ERR,ERR,ERR,ERR,ERR,ERR,ERR,ERR,ERR,ERR,ERR,ERR,ERR,ERR,ERR,ERR,ERR,ERR,ERR,ERR,ERR,ERR,ERR,ERR,ERR,ERR,ERR,ERR,ERR,ERR,ERR,ERR,ERR,ERR,ERR,ERR,ERR,ERR,ERR,ERR,ERR,0.0,-0.0,3.028208139652935e+23,0.0,0.0,1.3936040501711995e+18,7.805,0.0,0,0,4,0,7300,-0.0,0,0.0,0.0,0.0,0.0,0.0,0,0,0,0,0.0,0,0,0,0,0,0,0,0,0,0,0,0,0,0,0,0,0,0,0,0,0,0,0,0,0,0,0,0,0,0,0,0,0,32,30,30,62,65476,0,300,0,0,8,21553,0.0,-107605600.0,0.0,0.0,0.0,0.0,0.0,0.0,0.0,0.0,0.0,0.0,0.0,0.0,0.0,0.0,0.0,0.0,0.0,0.0,0.0,0.0,2.004,-2.004,2.004,2.004,0.0,0.0,0.0,0.0,5588.0,8608200704.0,6922.0,0.0,-0.0,-0.0,0.0,0.0,0.0,0.0,0.0,63,0.0,-0.0,0.0,0.0,0.0,0.0,0.0,0.0,0.0,0,0,0,0.0,0.0,0.0,0.0,0.0,0.0,0.0,0.0,0.0,0.0,0.0,0.0,0.0,0.0,0.0,0.0,0,-107875648.0,63,0.0,126,2.7184242562605685e+23,2.842318642297501e+23,ERR,ERR,ERR,ERR,ERR,ERR,ERR,ERR,ERR,ERR,ERR,ERR,ERR,ERR,ERR,ERR,ERR,ERR,ERR,ERR,ERR,ERR,ERR,ERR,ERR,ERR,ERR,ERR,ERR,ERR,ERR,ERR,ERR,ERR,ERR,ERR,ERR,ERR,ERR,ERR,ERR,ERR,ERR,ERR,ERR,ERR,ERR,ERR,ERR,ERR,ERR,ERR,ERR,ERR,ERR,ERR,ERR,ERR,ERR,ERR,ERR,ERR,ERR,ERR,ERR,ERR,ERR,34.0,80.0,35,0.0,0.0,0.0,0.0,0.0,0.0,0.0,0.0,0.0,0.0,0.0,0.0,0.0,0.0,0.0,0.0,64.4,0,116,56,49,65476,0,300,0,0,8,20529,65476,0,0,57672,80.0,0.0,0.0,0.0,0.0,0.0
2026-06-17T04:46:55,ERR,ERR,ERR,ERR,ERR,ERR,ERR,ERR,ERR,ERR,ERR,ERR,ERR,ERR,ERR,ERR,ERR,ERR,ERR,ERR,ERR,ERR,ERR,ERR,ERR,ERR,ERR,ERR,ERR,ERR,ERR,ERR,ERR,ERR,ERR,ERR,ERR,ERR,ERR,ERR,ERR,ERR,ERR,ERR,ERR,ERR,ERR,ERR,ERR,ERR,ERR,ERR,ERR,ERR,ERR,ERR,ERR,ERR,ERR,ERR,ERR,ERR,ERR,ERR,ERR,ERR,ERR,ERR,ERR,ERR,ERR,ERR,ERR,ERR,ERR,ERR,ERR,ERR,ERR,ERR,ERR,ERR,ERR,ERR,ERR,ERR,ERR,ERR,ERR,ERR,ERR,ERR,ERR,ERR,ERR,ERR,ERR,ERR,ERR,ERR,ERR,ERR,ERR,ERR,ERR,ERR,ERR,ERR,ERR,ERR,ERR,ERR,ERR,ERR,ERR,ERR,ERR,ERR,ERR,ERR,ERR,ERR,ERR,ERR,ERR,0.0,-0.0,3.028208139652935e+23,0.0,0.0,1.3936040501711995e+18,7.805,0.0,0,0,4,0,7300,-0.0,0,0.0,0.0,0.0,0.0,0.0,0,0,0,0,0.0,0,0,0,0,0,0,0,0,0,0,0,0,0,0,0,0,0,0,0,0,0,0,0,0,0,0,0,0,0,0,0,0,0,32,30,30,62,65476,0,300,0,0,8,21553,0.0,-107605600.0,0.0,0.0,0.0,0.0,0.0,0.0,0.0,0.0,0.0,0.0,0.0,0.0,0.0,0.0,0.0,0.0,0.0,0.0,0.0,0.0,2.004,-2.004,2.004,2.004,0.0,0.0,0.0,0.0,5588.0,8608200704.0,6922.0,0.0,-0.0,-0.0,0.0,0.0,0.0,0.0,0.0,63,0.0,-0.0,0.0,0.0,0.0,0.0,0.0,0.0,0.0,0,0,0,0.0,0.0,0.0,0.0,0.0,0.0,0.0,0.0,0.0,0.0,0.0,0.0,0.0,0.0,0.0,0.0,0,-107875648.0,63,0.0,126,2.7184242562605685e+23,2.842318642297501e+23,ERR,ERR,ERR,ERR,ERR,ERR,ERR,ERR,ERR,ERR,ERR,ERR,ERR,ERR,ERR,ERR,ERR,ERR,ERR,ERR,ERR,ERR,ERR,ERR,ERR,ERR,ERR,ERR,ERR,ERR,ERR,ERR,ERR,ERR,ERR,ERR,ERR,ERR,ERR,ERR,ERR,ERR,ERR,ERR,ERR,ERR,ERR,ERR,ERR,ERR,ERR,ERR,ERR,ERR,ERR,ERR,ERR,ERR,ERR,ERR,ERR,ERR,ERR,ERR,ERR,ERR,ERR,34.0,80.0,35,0.0,0.0,0.0,0.0,0.0,0.0,0.0,0.0,0.0,0.0,0.0,0.0,0.0,0.0,0.0,0.0,64.4,0,116,56,49,65476,0,300,0,0,8,20529,65476,0,0,57672,80.0,0.0,0.0,0.0,0.0,0.0
2026-06-17T04:46:56,ERR,ERR,ERR,ERR,ERR,ERR,ERR,ERR,ERR,ERR,ERR,ERR,ERR,ERR,ERR,ERR,ERR,ERR,ERR,ERR,ERR,ERR,ERR,ERR,ERR,ERR,ERR,ERR,ERR,ERR,ERR,ERR,ERR,ERR,ERR,ERR,ERR,ERR,ERR,ERR,ERR,ERR,ERR,ERR,ERR,ERR,ERR,ERR,ERR,ERR,ERR,ERR,ERR,ERR,ERR,ERR,ERR,ERR,ERR,ERR,ERR,ERR,ERR,ERR,ERR,ERR,ERR,ERR,ERR,ERR,ERR,ERR,ERR,ERR,ERR,ERR,ERR,ERR,ERR,ERR,ERR,ERR,ERR,ERR,ERR,ERR,ERR,ERR,ERR,ERR,ERR,ERR,ERR,ERR,ERR,ERR,ERR,ERR,ERR,ERR,ERR,ERR,ERR,ERR,ERR,ERR,ERR,ERR,ERR,ERR,ERR,ERR,ERR,ERR,ERR,ERR,ERR,ERR,ERR,ERR,ERR,ERR,ERR,ERR,ERR,0.0,-0.0,3.028208139652935e+23,0.0,0.0,1.3936040501711995e+18,7.805,0.0,0,0,4,0,7300,-0.0,0,0.0,0.0,0.0,0.0,0.0,0,0,0,0,0.0,0,0,0,0,0,0,0,0,0,0,0,0,0,0,0,0,0,0,0,0,0,0,0,0,0,0,0,0,0,0,0,0,0,32,30,30,62,65476,0,300,0,0,8,21553,0.0,-107605600.0,0.0,0.0,0.0,0.0,0.0,0.0,0.0,0.0,0.0,0.0,0.0,0.0,0.0,0.0,0.0,0.0,0.0,0.0,0.0,0.0,2.004,-2.004,2.004,2.004,0.0,0.0,0.0,0.0,5588.0,8608200704.0,6922.0,0.0,-0.0,-0.0,0.0,0.0,0.0,0.0,0.0,63,0.0,-0.0,0.0,0.0,0.0,0.0,0.0,0.0,0.0,0,0,0,0.0,0.0,0.0,0.0,0.0,0.0,0.0,0.0,0.0,0.0,0.0,0.0,0.0,0.0,0.0,0.0,0,-107875648.0,63,0.0,126,2.7184242562605685e+23,2.842318642297501e+23,ERR,ERR,ERR,ERR,ERR,ERR,ERR,ERR,ERR,ERR,ERR,ERR,ERR,ERR,ERR,ERR,ERR,ERR,ERR,ERR,ERR,ERR,ERR,ERR,ERR,ERR,ERR,ERR,ERR,ERR,ERR,ERR,ERR,ERR,ERR,ERR,ERR,ERR,ERR,ERR,ERR,ERR,ERR,ERR,ERR,ERR,ERR,ERR,ERR,ERR,ERR,ERR,ERR,ERR,ERR,ERR,ERR,ERR,ERR,ERR,ERR,ERR,ERR,ERR,ERR,ERR,ERR,34.0,80.0,35,0.0,0.0,0.0,0.0,0.0,0.0,0.0,0.0,0.0,0.0,0.0,0.0,0.0,0.0,0.0,0.0,64.4,0,116,56,49,65476,0,300,0,0,8,20529,65476,0,0,57672,80.0,0.0,0.0,0.0,0.0,0.0
2026-06-17T04:46:57,ERR,ERR,ERR,ERR,ERR,ERR,ERR,ERR,ERR,ERR,ERR,ERR,ERR,ERR,ERR,ERR,ERR,ERR,ERR,ERR,ERR,ERR,ERR,ERR,ERR,ERR,ERR,ERR,ERR,ERR,ERR,ERR,ERR,ERR,ERR,ERR,ERR,ERR,ERR,ERR,ERR,ERR,ERR,ERR,ERR,ERR,ERR,ERR,ERR,ERR,ERR,ERR,ERR,ERR,ERR,ERR,ERR,ERR,ERR,ERR,ERR,ERR,ERR,ERR,ERR,ERR,ERR,ERR,ERR,ERR,ERR,ERR,ERR,ERR,ERR,ERR,ERR,ERR,ERR,ERR,ERR,ERR,ERR,ERR,ERR,ERR,ERR,ERR,ERR,ERR,ERR,ERR,ERR,ERR,ERR,ERR,ERR,ERR,ERR,ERR,ERR,ERR,ERR,ERR,ERR,ERR,ERR,ERR,ERR,ERR,ERR,ERR,ERR,ERR,ERR,ERR,ERR,ERR,ERR,ERR,ERR,ERR,ERR,ERR,ERR,0.0,-0.0,3.028208139652935e+23,0.0,0.0,1.3936040501711995e+18,7.805,0.0,0,0,4,0,7300,-0.0,0,0.0,0.0,0.0,0.0,0.0,0,0,0,0,0.0,0,0,0,0,0,0,0,0,0,0,0,0,0,0,0,0,0,0,0,0,0,0,0,0,0,0,0,0,0,0,0,0,0,32,30,30,62,65476,0,300,0,0,8,21553,0.0,-107605600.0,0.0,0.0,0.0,0.0,0.0,0.0,0.0,0.0,0.0,0.0,0.0,0.0,0.0,0.0,0.0,0.0,0.0,0.0,0.0,0.0,2.004,-2.004,2.004,2.004,0.0,0.0,0.0,0.0,5588.0,8608200704.0,6922.0,0.0,-0.0,-0.0,0.0,0.0,0.0,0.0,0.0,63,0.0,-0.0,0.0,0.0,0.0,0.0,0.0,0.0,0.0,0,0,0,0.0,0.0,0.0,0.0,0.0,0.0,0.0,0.0,0.0,0.0,0.0,0.0,0.0,0.0,0.0,0.0,0,-107875648.0,63,0.0,126,2.7184242562605685e+23,2.842318642297501e+23,ERR,ERR,ERR,ERR,ERR,ERR,ERR,ERR,ERR,ERR,ERR,ERR,ERR,ERR,ERR,ERR,ERR,ERR,ERR,ERR,ERR,ERR,ERR,ERR,ERR,ERR,ERR,ERR,ERR,ERR,ERR,ERR,ERR,ERR,ERR,ERR,ERR,ERR,ERR,ERR,ERR,ERR,ERR,ERR,ERR,ERR,ERR,ERR,ERR,ERR,ERR,ERR,ERR,ERR,ERR,ERR,ERR,ERR,ERR,ERR,ERR,ERR,ERR,ERR,ERR,ERR,ERR,34.0,80.0,35,0.0,0.0,0.0,0.0,0.0,0.0,0.0,0.0,0.0,0.0,0.0,0.0,0.0,0.0,0.0,0.0,64.4,0,116,56,49,65476,0,300,0,0,8,20529,65476,0,0,57672,80.0,0.0,0.0,0.0,0.0,0.0
2026-06-17T04:46:58,ERR,ERR,ERR,ERR,ERR,ERR,ERR,ERR,ERR,ERR,ERR,ERR,ERR,ERR,ERR,ERR,ERR,ERR,ERR,ERR,ERR,ERR,ERR,ERR,ERR,ERR,ERR,ERR,ERR,ERR,ERR,ERR,ERR,ERR,ERR,ERR,ERR,ERR,ERR,ERR,ERR,ERR,ERR,ERR,ERR,ERR,ERR,ERR,ERR,ERR,ERR,ERR,ERR,ERR,ERR,ERR,ERR,ERR,ERR,ERR,ERR,ERR,ERR,ERR,ERR,ERR,ERR,ERR,ERR,ERR,ERR,ERR,ERR,ERR,ERR,ERR,ERR,ERR,ERR,ERR,ERR,ERR,ERR,ERR,ERR,ERR,ERR,ERR,ERR,ERR,ERR,ERR,ERR,ERR,ERR,ERR,ERR,ERR,ERR,ERR,ERR,ERR,ERR,ERR,ERR,ERR,ERR,ERR,ERR,ERR,ERR,ERR,ERR,ERR,ERR,ERR,ERR,ERR,ERR,ERR,ERR,ERR,ERR,ERR,ERR,0.0,-0.0,-0.0,0.0,0.0,1.3936040501711995e+18,7.805,0.0,0,0,4,0,7300,-0.0,0,0.0,0.0,0.0,0.0,0.0,0,0,0,0,0.0,0,0,0,0,0,0,0,0,0,0,0,0,0,0,0,0,0,0,0,0,0,0,0,0,0,0,0,0,0,0,0,0,0,32,30,30,62,65476,0,300,0,0,8,21553,0.0,-107605600.0,0.0,0.0,0.0,0.0,0.0,0.0,0.0,0.0,0.0,0.0,0.0,0.0,0.0,0.0,0.0,0.0,0.0,0.0,0.0,0.0,2.004,-2.004,2.004,2.004,0.0,0.0,0.0,0.0,5557.0,-0.0,6929.0,0.0,-0.0,-0.0,0.0,0.0,0.0,0.0,0.0,63,0.0,0.0,0.0,0.0,0.0,0.0,0.0,0.0,0.0,0,0,0,0.0,0.0,0.0,0.0,0.0,0.0,0.0,0.0,0.0,0.0,0.0,0.0,0.0,0.0,0.0,0.0,0,-107875648.0,63,0.0,126,2.7184242562605685e+23,2.842318642297501e+23,ERR,ERR,ERR,ERR,ERR,ERR,ERR,ERR,ERR,ERR,ERR,ERR,ERR,ERR,ERR,ERR,ERR,ERR,ERR,ERR,ERR,ERR,ERR,ERR,ERR,ERR,ERR,ERR,ERR,ERR,ERR,ERR,ERR,ERR,ERR,ERR,ERR,ERR,ERR,ERR,ERR,ERR,ERR,ERR,ERR,ERR,ERR,ERR,ERR,ERR,ERR,ERR,ERR,ERR,ERR,ERR,ERR,ERR,ERR,ERR,ERR,ERR,ERR,ERR,ERR,ERR,ERR,34.0,80.0,35,0.0,0.0,0.0,0.0,0.0,0.0,0.0,0.0,0.0,0.0,0.0,0.0,0.0,0.0,0.0,0.0,64.4,0,116,56,49,65476,0,300,0,0,8,20529,65476,0,0,57672,80.0,0.0,0.0,0.0,0.0,0.0
2026-06-17T04:46:59,ERR,ERR,ERR,ERR,ERR,ERR,ERR,ERR,ERR,ERR,ERR,ERR,ERR,ERR,ERR,ERR,ERR,ERR,ERR,ERR,ERR,ERR,ERR,ERR,ERR,ERR,ERR,ERR,ERR,ERR,ERR,ERR,ERR,ERR,ERR,ERR,ERR,ERR,ERR,ERR,ERR,ERR,ERR,ERR,ERR,ERR,ERR,ERR,ERR,ERR,ERR,ERR,ERR,ERR,ERR,ERR,ERR,ERR,ERR,ERR,ERR,ERR,ERR,ERR,ERR,ERR,ERR,ERR,ERR,ERR,ERR,ERR,ERR,ERR,ERR,ERR,ERR,ERR,ERR,ERR,ERR,ERR,ERR,ERR,ERR,ERR,ERR,ERR,ERR,ERR,ERR,ERR,ERR,ERR,ERR,ERR,ERR,ERR,ERR,ERR,ERR,ERR,ERR,ERR,ERR,ERR,ERR,ERR,ERR,ERR,ERR,ERR,ERR,ERR,ERR,ERR,ERR,ERR,ERR,ERR,ERR,ERR,ERR,ERR,ERR,0.0,-0.0,-0.0,0.0,0.0,1.3936040501711995e+18,7.805,0.0,0,0,4,0,7300,-0.0,0,0.0,0.0,0.0,0.0,0.0,0,0,0,0,0.0,0,0,0,0,0,0,0,0,0,0,0,0,0,0,0,0,0,0,0,0,0,0,0,0,0,0,0,0,0,0,0,0,0,32,30,30,62,65476,0,300,0,0,8,21553,0.0,-107605600.0,0.0,0.0,0.0,0.0,0.0,0.0,0.0,0.0,0.0,0.0,0.0,0.0,0.0,0.0,0.0,0.0,0.0,0.0,0.0,0.0,2.004,-2.004,2.004,2.004,0.0,0.0,0.0,0.0,5557.0,-0.0,6929.0,0.0,-0.0,-0.0,0.0,0.0,0.0,0.0,0.0,63,0.0,0.0,0.0,0.0,0.0,0.0,0.0,0.0,0.0,0,0,0,0.0,0.0,0.0,0.0,0.0,0.0,0.0,0.0,0.0,0.0,0.0,0.0,0.0,0.0,0.0,0.0,0,-107875648.0,63,0.0,126,2.7184242562605685e+23,2.842318642297501e+23,ERR,ERR,ERR,ERR,ERR,ERR,ERR,ERR,ERR,ERR,ERR,ERR,ERR,ERR,ERR,ERR,ERR,ERR,ERR,ERR,ERR,ERR,ERR,ERR,ERR,ERR,ERR,ERR,ERR,ERR,ERR,ERR,ERR,ERR,ERR,ERR,ERR,ERR,ERR,ERR,ERR,ERR,ERR,ERR,ERR,ERR,ERR,ERR,ERR,ERR,ERR,ERR,ERR,ERR,ERR,ERR,ERR,ERR,ERR,ERR,ERR,ERR,ERR,ERR,ERR,ERR,ERR,34.0,80.0,35,0.0,0.0,0.0,0.0,0.0,0.0,0.0,0.0,0.0,0.0,0.0,0.0,0.0,0.0,0.0,0.0,64.4,0,116,56,49,65476,0,300,0,0,8,20529,65476,0,0,57672,80.0,0.0,0.0,0.0,0.0,0.0
2026-06-17T04:47:00,ERR,ERR,ERR,ERR,ERR,ERR,ERR,ERR,ERR,ERR,ERR,ERR,ERR,ERR,ERR,ERR,ERR,ERR,ERR,ERR,ERR,ERR,ERR,ERR,ERR,ERR,ERR,ERR,ERR,ERR,ERR,ERR,ERR,ERR,ERR,ERR,ERR,ERR,ERR,ERR,ERR,ERR,ERR,ERR,ERR,ERR,ERR,ERR,ERR,ERR,ERR,ERR,ERR,ERR,ERR,ERR,ERR,ERR,ERR,ERR,ERR,ERR,ERR,ERR,ERR,ERR,ERR,ERR,ERR,ERR,ERR,ERR,ERR,ERR,ERR,ERR,ERR,ERR,ERR,ERR,ERR,ERR,ERR,ERR,ERR,ERR,ERR,ERR,ERR,ERR,ERR,ERR,ERR,ERR,ERR,ERR,ERR,ERR,ERR,ERR,ERR,ERR,ERR,ERR,ERR,ERR,ERR,ERR,ERR,ERR,ERR,ERR,ERR,ERR,ERR,ERR,ERR,ERR,ERR,ERR,ERR,ERR,ERR,ERR,ERR,0.0,-0.0,-0.0,0.0,0.0,1.3936040501711995e+18,7.805,0.0,0,0,4,0,7300,-0.0,0,0.0,0.0,0.0,0.0,0.0,0,0,0,0,0.0,0,0,0,0,0,0,0,0,0,0,0,0,0,0,0,0,0,0,0,0,0,0,0,0,0,0,0,0,0,0,0,0,0,32,30,30,62,65476,0,300,0,0,8,21553,0.0,-107605600.0,0.0,0.0,0.0,0.0,0.0,0.0,0.0,0.0,0.0,0.0,0.0,0.0,0.0,0.0,0.0,0.0,0.0,0.0,0.0,0.0,2.004,-2.004,2.004,2.004,0.0,0.0,0.0,0.0,5557.0,-0.0,6929.0,0.0,-0.0,-0.0,0.0,0.0,0.0,0.0,0.0,63,0.0,0.0,0.0,0.0,0.0,0.0,0.0,0.0,0.0,0,0,0,0.0,0.0,0.0,0.0,0.0,0.0,0.0,0.0,0.0,0.0,0.0,0.0,0.0,0.0,0.0,0.0,0,-107875648.0,63,0.0,126,2.7184242562605685e+23,2.842318642297501e+23,ERR,ERR,ERR,ERR,ERR,ERR,ERR,ERR,ERR,ERR,ERR,ERR,ERR,ERR,ERR,ERR,ERR,ERR,ERR,ERR,ERR,ERR,ERR,ERR,ERR,ERR,ERR,ERR,ERR,ERR,ERR,ERR,ERR,ERR,ERR,ERR,ERR,ERR,ERR,ERR,ERR,ERR,ERR,ERR,ERR,ERR,ERR,ERR,ERR,ERR,ERR,ERR,ERR,ERR,ERR,ERR,ERR,ERR,ERR,ERR,ERR,ERR,ERR,ERR,ERR,ERR,ERR,34.0,80.0,35,0.0,0.0,0.0,0.0,0.0,0.0,0.0,0.0,0.0,0.0,0.0,0.0,0.0,0.0,0.0,0.0,64.4,0,116,56,49,65476,0,300,0,0,8,20529,65476,0,0,57672,80.0,0.0,0.0,0.0,0.0,0.0
2026-06-17T04:47:01,ERR,ERR,ERR,ERR,ERR,ERR,ERR,ERR,ERR,ERR,ERR,ERR,ERR,ERR,ERR,ERR,ERR,ERR,ERR,ERR,ERR,ERR,ERR,ERR,ERR,ERR,ERR,ERR,ERR,ERR,ERR,ERR,ERR,ERR,ERR,ERR,ERR,ERR,ERR,ERR,ERR,ERR,ERR,ERR,ERR,ERR,ERR,ERR,ERR,ERR,ERR,ERR,ERR,ERR,ERR,ERR,ERR,ERR,ERR,ERR,ERR,ERR,ERR,ERR,ERR,ERR,ERR,ERR,ERR,ERR,ERR,ERR,ERR,ERR,ERR,ERR,ERR,ERR,ERR,ERR,ERR,ERR,ERR,ERR,ERR,ERR,ERR,ERR,ERR,ERR,ERR,ERR,ERR,ERR,ERR,ERR,ERR,ERR,ERR,ERR,ERR,ERR,ERR,ERR,ERR,ERR,ERR,ERR,ERR,ERR,ERR,ERR,ERR,ERR,ERR,ERR,ERR,ERR,ERR,ERR,ERR,ERR,ERR,ERR,ERR,0.0,-0.0,-0.0,0.0,0.0,1.3936040501711995e+18,7.805,0.0,0,0,4,0,7300,-0.0,0,0.0,0.0,0.0,0.0,0.0,0,0,0,0,0.0,0,0,0,0,0,0,0,0,0,0,0,0,0,0,0,0,0,0,0,0,0,0,0,0,0,0,0,0,0,0,0,0,0,32,30,30,62,65476,0,300,0,0,8,21553,0.0,-107605600.0,0.0,0.0,0.0,0.0,0.0,0.0,0.0,0.0,0.0,0.0,0.0,0.0,0.0,0.0,0.0,0.0,0.0,0.0,0.0,0.0,2.004,-2.004,2.004,2.004,0.0,0.0,0.0,0.0,5557.0,-0.0,6929.0,0.0,-0.0,-0.0,0.0,0.0,0.0,0.0,0.0,63,0.0,0.0,0.0,0.0,0.0,0.0,0.0,0.0,0.0,0,0,0,0.0,0.0,0.0,0.0,0.0,0.0,0.0,0.0,0.0,0.0,0.0,0.0,0.0,0.0,0.0,0.0,0,-107875648.0,63,0.0,126,2.7184242562605685e+23,2.842318642297501e+23,ERR,ERR,ERR,ERR,ERR,ERR,ERR,ERR,ERR,ERR,ERR,ERR,ERR,ERR,ERR,ERR,ERR,ERR,ERR,ERR,ERR,ERR,ERR,ERR,ERR,ERR,ERR,ERR,ERR,ERR,ERR,ERR,ERR,ERR,ERR,ERR,ERR,ERR,ERR,ERR,ERR,ERR,ERR,ERR,ERR,ERR,ERR,ERR,ERR,ERR,ERR,ERR,ERR,ERR,ERR,ERR,ERR,ERR,ERR,ERR,ERR,ERR,ERR,ERR,ERR,ERR,ERR,34.0,80.0,35,0.0,0.0,0.0,0.0,0.0,0.0,0.0,0.0,0.0,0.0,0.0,0.0,0.0,0.0,0.0,0.0,64.4,0,116,56,49,65476,0,300,0,0,8,20529,65476,0,0,57672,80.0,0.0,0.0,0.0,0.0,0.0
2026-06-17T04:47:02,ERR,ERR,ERR,ERR,ERR,ERR,ERR,ERR,ERR,ERR,ERR,ERR,ERR,ERR,ERR,ERR,ERR,ERR,ERR,ERR,ERR,ERR,ERR,ERR,ERR,ERR,ERR,ERR,ERR,ERR,ERR,ERR,ERR,ERR,ERR,ERR,ERR,ERR,ERR,ERR,ERR,ERR,ERR,ERR,ERR,ERR,ERR,ERR,ERR,ERR,ERR,ERR,ERR,ERR,ERR,ERR,ERR,ERR,ERR,ERR,ERR,ERR,ERR,ERR,ERR,ERR,ERR,ERR,ERR,ERR,ERR,ERR,ERR,ERR,ERR,ERR,ERR,ERR,ERR,ERR,ERR,ERR,ERR,ERR,ERR,ERR,ERR,ERR,ERR,ERR,ERR,ERR,ERR,ERR,ERR,ERR,ERR,ERR,ERR,ERR,ERR,ERR,ERR,ERR,ERR,ERR,ERR,ERR,ERR,ERR,ERR,ERR,ERR,ERR,ERR,ERR,ERR,ERR,ERR,ERR,ERR,ERR,ERR,ERR,ERR,0.0,-0.0,-0.0,0.0,0.0,1.3936040501711995e+18,7.805,0.0,0,0,4,0,7300,-0.0,0,0.0,0.0,0.0,0.0,0.0,0,0,0,0,0.0,0,0,0,0,0,0,0,0,0,0,0,0,0,0,0,0,0,0,0,0,0,0,0,0,0,0,0,0,0,0,0,0,0,32,30,30,62,65476,0,300,0,0,8,21553,0.0,-107605600.0,0.0,0.0,0.0,0.0,0.0,0.0,0.0,0.0,0.0,0.0,0.0,0.0,0.0,0.0,0.0,0.0,0.0,0.0,0.0,0.0,2.004,-2.004,2.004,2.004,0.0,0.0,0.0,0.0,5557.0,-0.0,6929.0,0.0,-0.0,-0.0,0.0,0.0,0.0,0.0,0.0,63,0.0,0.0,0.0,0.0,0.0,0.0,0.0,0.0,0.0,0,0,0,0.0,0.0,0.0,0.0,0.0,0.0,0.0,0.0,0.0,0.0,0.0,0.0,0.0,0.0,0.0,0.0,0,-107875648.0,63,0.0,126,2.7184242562605685e+23,2.842318642297501e+23,ERR,ERR,ERR,ERR,ERR,ERR,ERR,ERR,ERR,ERR,ERR,ERR,ERR,ERR,ERR,ERR,ERR,ERR,ERR,ERR,ERR,ERR,ERR,ERR,ERR,ERR,ERR,ERR,ERR,ERR,ERR,ERR,ERR,ERR,ERR,ERR,ERR,ERR,ERR,ERR,ERR,ERR,ERR,ERR,ERR,ERR,ERR,ERR,ERR,ERR,ERR,ERR,ERR,ERR,ERR,ERR,ERR,ERR,ERR,ERR,ERR,ERR,ERR,ERR,ERR,ERR,ERR,34.0,80.0,35,0.0,0.0,0.0,0.0,0.0,0.0,0.0,0.0,0.0,0.0,0.0,0.0,0.0,0.0,0.0,0.0,64.4,0,116,56,49,65476,0,300,0,0,8,20529,65476,0,0,57672,80.0,0.0,0.0,0.0,0.0,0.0
2026-06-17T04:47:03,ERR,ERR,ERR,ERR,ERR,ERR,ERR,ERR,ERR,ERR,ERR,ERR,ERR,ERR,ERR,ERR,ERR,ERR,ERR,ERR,ERR,ERR,ERR,ERR,ERR,ERR,ERR,ERR,ERR,ERR,ERR,ERR,ERR,ERR,ERR,ERR,ERR,ERR,ERR,ERR,ERR,ERR,ERR,ERR,ERR,ERR,ERR,ERR,ERR,ERR,ERR,ERR,ERR,ERR,ERR,ERR,ERR,ERR,ERR,ERR,ERR,ERR,ERR,ERR,ERR,ERR,ERR,ERR,ERR,ERR,ERR,ERR,ERR,ERR,ERR,ERR,ERR,ERR,ERR,ERR,ERR,ERR,ERR,ERR,ERR,ERR,ERR,ERR,ERR,ERR,ERR,ERR,ERR,ERR,ERR,ERR,ERR,ERR,ERR,ERR,ERR,ERR,ERR,ERR,ERR,ERR,ERR,ERR,ERR,ERR,ERR,ERR,ERR,ERR,ERR,ERR,ERR,ERR,ERR,ERR,ERR,ERR,ERR,ERR,ERR,0.0,-0.0,3.028208139652935e+23,0.0,0.0,1.3936040501711995e+18,7.805,0.0,0,0,4,0,7300,-0.0,0,0.0,0.0,0.0,0.0,0.0,0,0,0,0,0.0,0,0,0,0,0,0,0,0,0,0,0,0,0,0,0,0,0,0,0,0,0,0,0,0,0,0,0,0,0,0,0,0,0,32,30,30,62,65476,0,300,0,0,8,21553,0.0,-107605600.0,0.0,0.0,0.0,0.0,0.0,0.0,0.0,0.0,0.0,0.0,0.0,0.0,0.0,0.0,0.0,0.0,0.0,0.0,0.0,0.0,2.004,-2.004,2.004,2.004,0.0,0.0,0.0,0.0,5555.0,-0.0,6931.0,0.0,-0.0,-0.0,0.0,0.0,0.0,0.0,0.0,63,-5.8480814323122084e+35,0.0,0.0,0.0,0.0,0.0,0.0,0.0,0.0,0,0,0,0.0,0.0,0.0,0.0,0.0,0.0,0.0,0.0,0.0,0.0,0.0,0.0,0.0,0.0,0.0,0.0,0,-107875648.0,63,0.0,126,2.7184242562605685e+23,2.842318642297501e+23,ERR,ERR,ERR,ERR,ERR,ERR,ERR,ERR,ERR,ERR,ERR,ERR,ERR,ERR,ERR,ERR,ERR,ERR,ERR,ERR,ERR,ERR,ERR,ERR,ERR,ERR,ERR,ERR,ERR,ERR,ERR,ERR,ERR,ERR,ERR,ERR,ERR,ERR,ERR,ERR,ERR,ERR,ERR,ERR,ERR,ERR,ERR,ERR,ERR,ERR,ERR,ERR,ERR,ERR,ERR,ERR,ERR,ERR,ERR,ERR,ERR,ERR,ERR,ERR,ERR,ERR,ERR,34.0,80.0,35,0.0,0.0,0.0,0.0,0.0,0.0,0.0,0.0,0.0,0.0,0.0,0.0,0.0,0.0,0.0,0.0,64.4,0,116,56,49,65476,0,300,0,0,8,20529,65476,0,0,57672,80.0,0.0,0.0,0.0,0.0,0.0
2026-06-17T04:47:04,ERR,ERR,ERR,ERR,ERR,ERR,ERR,ERR,ERR,ERR,ERR,ERR,ERR,ERR,ERR,ERR,ERR,ERR,ERR,ERR,ERR,ERR,ERR,ERR,ERR,ERR,ERR,ERR,ERR,ERR,ERR,ERR,ERR,ERR,ERR,ERR,ERR,ERR,ERR,ERR,ERR,ERR,ERR,ERR,ERR,ERR,ERR,ERR,ERR,ERR,ERR,ERR,ERR,ERR,ERR,ERR,ERR,ERR,ERR,ERR,ERR,ERR,ERR,ERR,ERR,ERR,ERR,ERR,ERR,ERR,ERR,ERR,ERR,ERR,ERR,ERR,ERR,ERR,ERR,ERR,ERR,ERR,ERR,ERR,ERR,ERR,ERR,ERR,ERR,ERR,ERR,ERR,ERR,ERR,ERR,ERR,ERR,ERR,ERR,ERR,ERR,ERR,ERR,ERR,ERR,ERR,ERR,ERR,ERR,ERR,ERR,ERR,ERR,ERR,ERR,ERR,ERR,ERR,ERR,ERR,ERR,ERR,ERR,ERR,ERR,0.0,-0.0,3.028208139652935e+23,0.0,0.0,1.3936040501711995e+18,7.805,0.0,0,0,4,0,7300,-0.0,0,0.0,0.0,0.0,0.0,0.0,0,0,0,0,0.0,0,0,0,0,0,0,0,0,0,0,0,0,0,0,0,0,0,0,0,0,0,0,0,0,0,0,0,0,0,0,0,0,0,32,30,30,62,65476,0,300,0,0,8,21553,0.0,-107605600.0,0.0,0.0,0.0,0.0,0.0,0.0,0.0,0.0,0.0,0.0,0.0,0.0,0.0,0.0,0.0,0.0,0.0,0.0,0.0,0.0,2.004,-2.004,2.004,2.004,0.0,0.0,0.0,0.0,5555.0,-0.0,6931.0,0.0,-0.0,-0.0,0.0,0.0,0.0,0.0,0.0,63,-5.8480814323122084e+35,0.0,0.0,0.0,0.0,0.0,0.0,0.0,0.0,0,0,0,0.0,0.0,0.0,0.0,0.0,0.0,0.0,0.0,0.0,0.0,0.0,0.0,0.0,0.0,0.0,0.0,0,-107875648.0,63,0.0,126,2.7184242562605685e+23,2.842318642297501e+23,ERR,ERR,ERR,ERR,ERR,ERR,ERR,ERR,ERR,ERR,ERR,ERR,ERR,ERR,ERR,ERR,ERR,ERR,ERR,ERR,ERR,ERR,ERR,ERR,ERR,ERR,ERR,ERR,ERR,ERR,ERR,ERR,ERR,ERR,ERR,ERR,ERR,ERR,ERR,ERR,ERR,ERR,ERR,ERR,ERR,ERR,ERR,ERR,ERR,ERR,ERR,ERR,ERR,ERR,ERR,ERR,ERR,ERR,ERR,ERR,ERR,ERR,ERR,ERR,ERR,ERR,ERR,34.0,80.0,35,0.0,0.0,0.0,0.0,0.0,0.0,0.0,0.0,0.0,0.0,0.0,0.0,0.0,0.0,0.0,0.0,64.4,0,116,56,49,65476,0,300,0,0,8,20529,65476,0,0,57672,80.0,0.0,0.0,0.0,0.0,0.0
2026-06-17T04:47:05,ERR,ERR,ERR,ERR,ERR,ERR,ERR,ERR,ERR,ERR,ERR,ERR,ERR,ERR,ERR,ERR,ERR,ERR,ERR,ERR,ERR,ERR,ERR,ERR,ERR,ERR,ERR,ERR,ERR,ERR,ERR,ERR,ERR,ERR,ERR,ERR,ERR,ERR,ERR,ERR,ERR,ERR,ERR,ERR,ERR,ERR,ERR,ERR,ERR,ERR,ERR,ERR,ERR,ERR,ERR,ERR,ERR,ERR,ERR,ERR,ERR,ERR,ERR,ERR,ERR,ERR,ERR,ERR,ERR,ERR,ERR,ERR,ERR,ERR,ERR,ERR,ERR,ERR,ERR,ERR,ERR,ERR,ERR,ERR,ERR,ERR,ERR,ERR,ERR,ERR,ERR,ERR,ERR,ERR,ERR,ERR,ERR,ERR,ERR,ERR,ERR,ERR,ERR,ERR,ERR,ERR,ERR,ERR,ERR,ERR,ERR,ERR,ERR,ERR,ERR,ERR,ERR,ERR,ERR,ERR,ERR,ERR,ERR,ERR,ERR,0.0,-0.0,3.028208139652935e+23,0.0,0.0,1.3936040501711995e+18,7.805,0.0,0,0,4,0,7300,-0.0,0,0.0,0.0,0.0,0.0,0.0,0,0,0,0,0.0,0,0,0,0,0,0,0,0,0,0,0,0,0,0,0,0,0,0,0,0,0,0,0,0,0,0,0,0,0,0,0,0,0,32,30,30,62,65476,0,300,0,0,8,21553,0.0,-107605600.0,0.0,0.0,0.0,0.0,0.0,0.0,0.0,0.0,0.0,0.0,0.0,0.0,0.0,0.0,0.0,0.0,0.0,0.0,0.0,0.0,2.004,-2.004,2.004,2.004,0.0,0.0,0.0,0.0,5555.0,-0.0,6931.0,0.0,-0.0,-0.0,0.0,0.0,0.0,0.0,0.0,63,-5.8480814323122084e+35,0.0,0.0,0.0,0.0,0.0,0.0,0.0,0.0,0,0,0,0.0,0.0,0.0,0.0,0.0,0.0,0.0,0.0,0.0,0.0,0.0,0.0,0.0,0.0,0.0,0.0,0,-107875648.0,63,0.0,126,2.7184242562605685e+23,2.842318642297501e+23,ERR,ERR,ERR,ERR,ERR,ERR,ERR,ERR,ERR,ERR,ERR,ERR,ERR,ERR,ERR,ERR,ERR,ERR,ERR,ERR,ERR,ERR,ERR,ERR,ERR,ERR,ERR,ERR,ERR,ERR,ERR,ERR,ERR,ERR,ERR,ERR,ERR,ERR,ERR,ERR,ERR,ERR,ERR,ERR,ERR,ERR,ERR,ERR,ERR,ERR,ERR,ERR,ERR,ERR,ERR,ERR,ERR,ERR,ERR,ERR,ERR,ERR,ERR,ERR,ERR,ERR,ERR,34.0,80.0,35,0.0,0.0,0.0,0.0,0.0,0.0,0.0,0.0,0.0,0.0,0.0,0.0,0.0,0.0,0.0,0.0,64.8,0,116,56,49,65476,0,300,0,0,8,20529,65476,0,0,57672,80.0,0.0,0.0,0.0,0.0,0.0
2026-06-17T04:47:06,ERR,ERR,ERR,ERR,ERR,ERR,ERR,ERR,ERR,ERR,ERR,ERR,ERR,ERR,ERR,ERR,ERR,ERR,ERR,ERR,ERR,ERR,ERR,ERR,ERR,ERR,ERR,ERR,ERR,ERR,ERR,ERR,ERR,ERR,ERR,ERR,ERR,ERR,ERR,ERR,ERR,ERR,ERR,ERR,ERR,ERR,ERR,ERR,ERR,ERR,ERR,ERR,ERR,ERR,ERR,ERR,ERR,ERR,ERR,ERR,ERR,ERR,ERR,ERR,ERR,ERR,ERR,ERR,ERR,ERR,ERR,ERR,ERR,ERR,ERR,ERR,ERR,ERR,ERR,ERR,ERR,ERR,ERR,ERR,ERR,ERR,ERR,ERR,ERR,ERR,ERR,ERR,ERR,ERR,ERR,ERR,ERR,ERR,ERR,ERR,ERR,ERR,ERR,ERR,ERR,ERR,ERR,ERR,ERR,ERR,ERR,ERR,ERR,ERR,ERR,ERR,ERR,ERR,ERR,ERR,ERR,ERR,ERR,ERR,ERR,0.0,-0.0,3.028208139652935e+23,0.0,0.0,1.3936040501711995e+18,7.805,0.0,0,0,4,0,7300,-0.0,0,0.0,0.0,0.0,0.0,0.0,0,0,0,0,0.0,0,0,0,0,0,0,0,0,0,0,0,0,0,0,0,0,0,0,0,0,0,0,0,0,0,0,0,0,0,0,0,0,0,32,30,30,62,65476,0,300,0,0,8,21553,0.0,-107605600.0,0.0,0.0,0.0,0.0,0.0,0.0,0.0,0.0,0.0,0.0,0.0,0.0,0.0,0.0,0.0,0.0,0.0,0.0,0.0,0.0,2.004,-2.004,2.004,2.004,0.0,0.0,0.0,0.0,5555.0,-0.0,6931.0,0.0,-0.0,-0.0,0.0,0.0,0.0,0.0,0.0,63,-5.8480814323122084e+35,0.0,0.0,0.0,0.0,0.0,0.0,0.0,0.0,0,0,0,0.0,0.0,0.0,0.0,0.0,0.0,0.0,0.0,0.0,0.0,0.0,0.0,0.0,0.0,0.0,0.0,0,-107875648.0,63,0.0,126,2.7184242562605685e+23,2.842318642297501e+23,ERR,ERR,ERR,ERR,ERR,ERR,ERR,ERR,ERR,ERR,ERR,ERR,ERR,ERR,ERR,ERR,ERR,ERR,ERR,ERR,ERR,ERR,ERR,ERR,ERR,ERR,ERR,ERR,ERR,ERR,ERR,ERR,ERR,ERR,ERR,ERR,ERR,ERR,ERR,ERR,ERR,ERR,ERR,ERR,ERR,ERR,ERR,ERR,ERR,ERR,ERR,ERR,ERR,ERR,ERR,ERR,ERR,ERR,ERR,ERR,ERR,ERR,ERR,ERR,ERR,ERR,ERR,34.0,80.0,35,0.0,0.0,0.0,0.0,0.0,0.0,0.0,0.0,0.0,0.0,0.0,0.0,0.0,0.0,0.0,0.0,64.8,0,116,56,49,65476,0,300,0,0,8,20529,65476,0,0,57672,80.0,0.0,0.0,0.0,0.0,0.0
2026-06-17T04:47:07,ERR,ERR,ERR,ERR,ERR,ERR,ERR,ERR,ERR,ERR,ERR,ERR,ERR,ERR,ERR,ERR,ERR,ERR,ERR,ERR,ERR,ERR,ERR,ERR,ERR,ERR,ERR,ERR,ERR,ERR,ERR,ERR,ERR,ERR,ERR,ERR,ERR,ERR,ERR,ERR,ERR,ERR,ERR,ERR,ERR,ERR,ERR,ERR,ERR,ERR,ERR,ERR,ERR,ERR,ERR,ERR,ERR,ERR,ERR,ERR,ERR,ERR,ERR,ERR,ERR,ERR,ERR,ERR,ERR,ERR,ERR,ERR,ERR,ERR,ERR,ERR,ERR,ERR,ERR,ERR,ERR,ERR,ERR,ERR,ERR,ERR,ERR,ERR,ERR,ERR,ERR,ERR,ERR,ERR,ERR,ERR,ERR,ERR,ERR,ERR,ERR,ERR,ERR,ERR,ERR,ERR,ERR,ERR,ERR,ERR,ERR,ERR,ERR,ERR,ERR,ERR,ERR,ERR,ERR,ERR,ERR,ERR,ERR,ERR,ERR,0.0,-0.0,3.028208139652935e+23,0.0,0.0,1.3936040501711995e+18,7.805,0.0,0,0,4,0,7300,-0.0,0,0.0,0.0,0.0,0.0,0.0,0,0,0,0,0.0,0,0,0,0,0,0,0,0,0,0,0,0,0,0,0,0,0,0,0,0,0,0,0,0,0,0,0,0,0,0,0,0,0,32,30,30,62,65476,0,300,0,0,8,21553,0.0,-107605600.0,0.0,0.0,0.0,0.0,0.0,0.0,0.0,0.0,0.0,0.0,0.0,0.0,0.0,0.0,0.0,0.0,0.0,0.0,0.0,0.0,2.004,-2.004,2.004,2.004,0.0,0.0,0.0,0.0,5555.0,-0.0,6931.0,0.0,-0.0,-0.0,0.0,0.0,0.0,0.0,0.0,63,-5.8480814323122084e+35,0.0,0.0,0.0,0.0,0.0,0.0,0.0,0.0,0,0,0,0.0,0.0,0.0,0.0,0.0,0.0,0.0,0.0,0.0,0.0,0.0,0.0,0.0,0.0,0.0,0.0,0,-107875648.0,63,0.0,126,2.7184242562605685e+23,2.842318642297501e+23,ERR,ERR,ERR,ERR,ERR,ERR,ERR,ERR,ERR,ERR,ERR,ERR,ERR,ERR,ERR,ERR,ERR,ERR,ERR,ERR,ERR,ERR,ERR,ERR,ERR,ERR,ERR,ERR,ERR,ERR,ERR,ERR,ERR,ERR,ERR,ERR,ERR,ERR,ERR,ERR,ERR,ERR,ERR,ERR,ERR,ERR,ERR,ERR,ERR,ERR,ERR,ERR,ERR,ERR,ERR,ERR,ERR,ERR,ERR,ERR,ERR,ERR,ERR,ERR,ERR,ERR,ERR,34.0,80.0,35,0.0,0.0,0.0,0.0,0.0,0.0,0.0,0.0,0.0,0.0,0.0,0.0,0.0,0.0,0.0,0.0,64.4,0,116,56,49,65476,0,300,0,0,8,20529,65476,0,0,57672,80.0,0.0,0.0,0.0,0.0,0.0
2026-06-17T04:47:08,ERR,ERR,ERR,ERR,ERR,ERR,ERR,ERR,ERR,ERR,ERR,ERR,ERR,ERR,ERR,ERR,ERR,ERR,ERR,ERR,ERR,ERR,ERR,ERR,ERR,ERR,ERR,ERR,ERR,ERR,ERR,ERR,ERR,ERR,ERR,ERR,ERR,ERR,ERR,ERR,ERR,ERR,ERR,ERR,ERR,ERR,ERR,ERR,ERR,ERR,ERR,ERR,ERR,ERR,ERR,ERR,ERR,ERR,ERR,ERR,ERR,ERR,ERR,ERR,ERR,ERR,ERR,ERR,ERR,ERR,ERR,ERR,ERR,ERR,ERR,ERR,ERR,ERR,ERR,ERR,ERR,ERR,ERR,ERR,ERR,ERR,ERR,ERR,ERR,ERR,ERR,ERR,ERR,ERR,ERR,ERR,ERR,ERR,ERR,ERR,ERR,ERR,ERR,ERR,ERR,ERR,ERR,ERR,ERR,ERR,ERR,ERR,ERR,ERR,ERR,ERR,ERR,ERR,ERR,ERR,ERR,ERR,ERR,ERR,ERR,0.0,-0.0,-0.0,0.0,0.0,1.3936040501711995e+18,7.805,0.0,0,0,4,0,7300,-0.0,0,0.0,0.0,0.0,0.0,0.0,0,0,0,0,0.0,0,0,0,0,0,0,0,0,0,0,0,0,0,0,0,0,0,0,0,0,0,0,0,0,0,0,0,0,0,0,0,0,0,32,30,30,62,65476,0,300,0,0,8,21553,0.0,-107605600.0,0.0,0.0,0.0,0.0,0.0,0.0,0.0,0.0,0.0,0.0,0.0,0.0,0.0,0.0,0.0,0.0,0.0,0.0,0.0,0.0,2.004,-2.004,2.004,2.004,0.0,0.0,0.0,0.0,5589.0,0.0,6918.0,0.0,-0.0,-0.0,2.7184296605801213e+23,0.0,0.0,0.0,0.0,63,0.0,-4.9504100287861755e+32,0.0,0.0,0.0,0.0,0.0,0.0,0.0,0,0,0,0.0,0.0,0.0,0.0,0.0,0.0,0.0,0.0,0.0,0.0,0.0,0.0,0.0,0.0,0.0,0.0,0,-107875648.0,63,0.0,126,2.7184242562605685e+23,2.842318642297501e+23,ERR,ERR,ERR,ERR,ERR,ERR,ERR,ERR,ERR,ERR,ERR,ERR,ERR,ERR,ERR,ERR,ERR,ERR,ERR,ERR,ERR,ERR,ERR,ERR,ERR,ERR,ERR,ERR,ERR,ERR,ERR,ERR,ERR,ERR,ERR,ERR,ERR,ERR,ERR,ERR,ERR,ERR,ERR,ERR,ERR,ERR,ERR,ERR,ERR,ERR,ERR,ERR,ERR,ERR,ERR,ERR,ERR,ERR,ERR,ERR,ERR,ERR,ERR,ERR,ERR,ERR,ERR,34.0,80.0,35,0.0,0.0,0.0,0.0,0.0,0.0,0.0,0.0,0.0,0.0,0.0,0.0,0.0,0.0,0.0,0.0,64.4,0,116,56,49,65476,0,300,0,0,8,20529,65476,0,0,57672,80.0,0.0,0.0,0.0,0.0,0.0
2026-06-17T04:47:09,ERR,ERR,ERR,ERR,ERR,ERR,ERR,ERR,ERR,ERR,ERR,ERR,ERR,ERR,ERR,ERR,ERR,ERR,ERR,ERR,ERR,ERR,ERR,ERR,ERR,ERR,ERR,ERR,ERR,ERR,ERR,ERR,ERR,ERR,ERR,ERR,ERR,ERR,ERR,ERR,ERR,ERR,ERR,ERR,ERR,ERR,ERR,ERR,ERR,ERR,ERR,ERR,ERR,ERR,ERR,ERR,ERR,ERR,ERR,ERR,ERR,ERR,ERR,ERR,ERR,ERR,ERR,ERR,ERR,ERR,ERR,ERR,ERR,ERR,ERR,ERR,ERR,ERR,ERR,ERR,ERR,ERR,ERR,ERR,ERR,ERR,ERR,ERR,ERR,ERR,ERR,ERR,ERR,ERR,ERR,ERR,ERR,ERR,ERR,ERR,ERR,ERR,ERR,ERR,ERR,ERR,ERR,ERR,ERR,ERR,ERR,ERR,ERR,ERR,ERR,ERR,ERR,ERR,ERR,ERR,ERR,ERR,ERR,ERR,ERR,0.0,-0.0,-0.0,0.0,0.0,1.3936040501711995e+18,7.805,0.0,0,0,4,0,7300,-0.0,0,0.0,0.0,0.0,0.0,0.0,0,0,0,0,0.0,0,0,0,0,0,0,0,0,0,0,0,0,0,0,0,0,0,0,0,0,0,0,0,0,0,0,0,0,0,0,0,0,0,32,30,30,62,65476,0,300,0,0,8,21553,0.0,-107605600.0,0.0,0.0,0.0,0.0,0.0,0.0,0.0,0.0,0.0,0.0,0.0,0.0,0.0,0.0,0.0,0.0,0.0,0.0,0.0,0.0,2.004,-2.004,2.004,2.004,0.0,0.0,0.0,0.0,5589.0,0.0,6918.0,0.0,-0.0,-0.0,2.7184296605801213e+23,0.0,0.0,0.0,0.0,63,0.0,-4.9504100287861755e+32,0.0,0.0,0.0,0.0,0.0,0.0,0.0,0,0,0,0.0,0.0,0.0,0.0,0.0,0.0,0.0,0.0,0.0,0.0,0.0,0.0,0.0,0.0,0.0,0.0,0,-107875648.0,63,0.0,126,2.7184242562605685e+23,2.842318642297501e+23,ERR,ERR,ERR,ERR,ERR,ERR,ERR,ERR,ERR,ERR,ERR,ERR,ERR,ERR,ERR,ERR,ERR,ERR,ERR,ERR,ERR,ERR,ERR,ERR,ERR,ERR,ERR,ERR,ERR,ERR,ERR,ERR,ERR,ERR,ERR,ERR,ERR,ERR,ERR,ERR,ERR,ERR,ERR,ERR,ERR,ERR,ERR,ERR,ERR,ERR,ERR,ERR,ERR,ERR,ERR,ERR,ERR,ERR,ERR,ERR,ERR,ERR,ERR,ERR,ERR,ERR,ERR,34.0,80.0,35,0.0,0.0,0.0,0.0,0.0,0.0,0.0,0.0,0.0,0.0,0.0,0.0,0.0,0.0,0.0,0.0,64.8,0,116,56,49,65476,0,300,0,0,8,20529,65476,0,0,57672,80.0,0.0,0.0,0.0,0.0,0.0
2026-06-17T04:47:10,ERR,ERR,ERR,ERR,ERR,ERR,ERR,ERR,ERR,ERR,ERR,ERR,ERR,ERR,ERR,ERR,ERR,ERR,ERR,ERR,ERR,ERR,ERR,ERR,ERR,ERR,ERR,ERR,ERR,ERR,ERR,ERR,ERR,ERR,ERR,ERR,ERR,ERR,ERR,ERR,ERR,ERR,ERR,ERR,ERR,ERR,ERR,ERR,ERR,ERR,ERR,ERR,ERR,ERR,ERR,ERR,ERR,ERR,ERR,ERR,ERR,ERR,ERR,ERR,ERR,ERR,ERR,ERR,ERR,ERR,ERR,ERR,ERR,ERR,ERR,ERR,ERR,ERR,ERR,ERR,ERR,ERR,ERR,ERR,ERR,ERR,ERR,ERR,ERR,ERR,ERR,ERR,ERR,ERR,ERR,ERR,ERR,ERR,ERR,ERR,ERR,ERR,ERR,ERR,ERR,ERR,ERR,ERR,ERR,ERR,ERR,ERR,ERR,ERR,ERR,ERR,ERR,ERR,ERR,ERR,ERR,ERR,ERR,ERR,ERR,0.0,-0.0,-0.0,0.0,0.0,1.3936040501711995e+18,7.805,0.0,0,0,4,0,7300,-0.0,0,0.0,0.0,0.0,0.0,0.0,0,0,0,0,0.0,0,0,0,0,0,0,0,0,0,0,0,0,0,0,0,0,0,0,0,0,0,0,0,0,0,0,0,0,0,0,0,0,0,32,30,30,62,65476,0,300,0,0,8,21553,0.0,-107605600.0,0.0,0.0,0.0,0.0,0.0,0.0,0.0,0.0,0.0,0.0,0.0,0.0,0.0,0.0,0.0,0.0,0.0,0.0,0.0,0.0,2.004,-2.004,2.004,2.004,0.0,0.0,0.0,0.0,5589.0,0.0,6918.0,0.0,-0.0,-0.0,2.7184296605801213e+23,0.0,0.0,0.0,0.0,63,0.0,-4.9504100287861755e+32,0.0,0.0,0.0,0.0,0.0,0.0,0.0,0,0,0,0.0,0.0,0.0,0.0,0.0,0.0,0.0,0.0,0.0,0.0,0.0,0.0,0.0,0.0,0.0,0.0,0,-107875648.0,63,0.0,126,2.7184242562605685e+23,2.842318642297501e+23,ERR,ERR,ERR,ERR,ERR,ERR,ERR,ERR,ERR,ERR,ERR,ERR,ERR,ERR,ERR,ERR,ERR,ERR,ERR,ERR,ERR,ERR,ERR,ERR,ERR,ERR,ERR,ERR,ERR,ERR,ERR,ERR,ERR,ERR,ERR,ERR,ERR,ERR,ERR,ERR,ERR,ERR,ERR,ERR,ERR,ERR,ERR,ERR,ERR,ERR,ERR,ERR,ERR,ERR,ERR,ERR,ERR,ERR,ERR,ERR,ERR,ERR,ERR,ERR,ERR,ERR,ERR,34.0,80.0,35,0.0,0.0,0.0,0.0,0.0,0.0,0.0,0.0,0.0,0.0,0.0,0.0,0.0,0.0,0.0,0.0,64.8,0,116,56,49,65476,0,300,0,0,8,20529,65476,0,0,57672,80.0,0.0,0.0,0.0,0.0,0.0
2026-06-17T04:47:11,ERR,ERR,ERR,ERR,ERR,ERR,ERR,ERR,ERR,ERR,ERR,ERR,ERR,ERR,ERR,ERR,ERR,ERR,ERR,ERR,ERR,ERR,ERR,ERR,ERR,ERR,ERR,ERR,ERR,ERR,ERR,ERR,ERR,ERR,ERR,ERR,ERR,ERR,ERR,ERR,ERR,ERR,ERR,ERR,ERR,ERR,ERR,ERR,ERR,ERR,ERR,ERR,ERR,ERR,ERR,ERR,ERR,ERR,ERR,ERR,ERR,ERR,ERR,ERR,ERR,ERR,ERR,ERR,ERR,ERR,ERR,ERR,ERR,ERR,ERR,ERR,ERR,ERR,ERR,ERR,ERR,ERR,ERR,ERR,ERR,ERR,ERR,ERR,ERR,ERR,ERR,ERR,ERR,ERR,ERR,ERR,ERR,ERR,ERR,ERR,ERR,ERR,ERR,ERR,ERR,ERR,ERR,ERR,ERR,ERR,ERR,ERR,ERR,ERR,ERR,ERR,ERR,ERR,ERR,ERR,ERR,ERR,ERR,ERR,ERR,0.0,-0.0,-0.0,0.0,0.0,1.3936040501711995e+18,7.805,0.0,0,0,4,0,7300,-0.0,0,0.0,0.0,0.0,0.0,0.0,0,0,0,0,0.0,0,0,0,0,0,0,0,0,0,0,0,0,0,0,0,0,0,0,0,0,0,0,0,0,0,0,0,0,0,0,0,0,0,32,30,30,62,65476,0,300,0,0,8,21553,0.0,-107605600.0,0.0,0.0,0.0,0.0,0.0,0.0,0.0,0.0,0.0,0.0,0.0,0.0,0.0,0.0,0.0,0.0,0.0,0.0,0.0,0.0,2.004,-2.004,2.004,2.004,0.0,0.0,0.0,0.0,5589.0,0.0,6918.0,0.0,-0.0,-0.0,2.7184296605801213e+23,0.0,0.0,0.0,0.0,63,0.0,-4.9504100287861755e+32,0.0,0.0,0.0,0.0,0.0,0.0,0.0,0,0,0,0.0,0.0,0.0,0.0,0.0,0.0,0.0,0.0,0.0,0.0,0.0,0.0,0.0,0.0,0.0,0.0,0,-107875648.0,63,0.0,126,2.7184242562605685e+23,2.842318642297501e+23,ERR,ERR,ERR,ERR,ERR,ERR,ERR,ERR,ERR,ERR,ERR,ERR,ERR,ERR,ERR,ERR,ERR,ERR,ERR,ERR,ERR,ERR,ERR,ERR,ERR,ERR,ERR,ERR,ERR,ERR,ERR,ERR,ERR,ERR,ERR,ERR,ERR,ERR,ERR,ERR,ERR,ERR,ERR,ERR,ERR,ERR,ERR,ERR,ERR,ERR,ERR,ERR,ERR,ERR,ERR,ERR,ERR,ERR,ERR,ERR,ERR,ERR,ERR,ERR,ERR,ERR,ERR,34.0,80.0,35,0.0,0.0,0.0,0.0,0.0,0.0,0.0,0.0,0.0,0.0,0.0,0.0,0.0,0.0,0.0,0.0,64.8,0,116,56,49,65476,0,300,0,0,8,20529,65476,0,0,57672,80.0,0.0,0.0,0.0,0.0,0.0
2026-06-17T04:47:12,ERR,ERR,ERR,ERR,ERR,ERR,ERR,ERR,ERR,ERR,ERR,ERR,ERR,ERR,ERR,ERR,ERR,ERR,ERR,ERR,ERR,ERR,ERR,ERR,ERR,ERR,ERR,ERR,ERR,ERR,ERR,ERR,ERR,ERR,ERR,ERR,ERR,ERR,ERR,ERR,ERR,ERR,ERR,ERR,ERR,ERR,ERR,ERR,ERR,ERR,ERR,ERR,ERR,ERR,ERR,ERR,ERR,ERR,ERR,ERR,ERR,ERR,ERR,ERR,ERR,ERR,ERR,ERR,ERR,ERR,ERR,ERR,ERR,ERR,ERR,ERR,ERR,ERR,ERR,ERR,ERR,ERR,ERR,ERR,ERR,ERR,ERR,ERR,ERR,ERR,ERR,ERR,ERR,ERR,ERR,ERR,ERR,ERR,ERR,ERR,ERR,ERR,ERR,ERR,ERR,ERR,ERR,ERR,ERR,ERR,ERR,ERR,ERR,ERR,ERR,ERR,ERR,ERR,ERR,ERR,ERR,ERR,ERR,ERR,ERR,0.0,-0.0,-0.0,0.0,0.0,1.3936040501711995e+18,7.805,0.0,0,0,4,0,7300,-0.0,0,0.0,0.0,0.0,0.0,0.0,0,0,0,0,0.0,0,0,0,0,0,0,0,0,0,0,0,0,0,0,0,0,0,0,0,0,0,0,0,0,0,0,0,0,0,0,0,0,0,32,30,30,62,65476,0,300,0,0,8,21553,0.0,-107605600.0,0.0,0.0,0.0,0.0,0.0,0.0,0.0,0.0,0.0,0.0,0.0,0.0,0.0,0.0,0.0,0.0,0.0,0.0,0.0,0.0,2.004,-2.004,2.004,2.004,0.0,0.0,0.0,0.0,5589.0,0.0,6918.0,0.0,-0.0,-0.0,2.7184296605801213e+23,0.0,0.0,0.0,0.0,63,0.0,-4.9504100287861755e+32,0.0,0.0,0.0,0.0,0.0,0.0,0.0,0,0,0,0.0,0.0,0.0,0.0,0.0,0.0,0.0,0.0,0.0,0.0,0.0,0.0,0.0,0.0,0.0,0.0,0,-107875648.0,63,0.0,126,2.7184242562605685e+23,2.842318642297501e+23,ERR,ERR,ERR,ERR,ERR,ERR,ERR,ERR,ERR,ERR,ERR,ERR,ERR,ERR,ERR,ERR,ERR,ERR,ERR,ERR,ERR,ERR,ERR,ERR,ERR,ERR,ERR,ERR,ERR,ERR,ERR,ERR,ERR,ERR,ERR,ERR,ERR,ERR,ERR,ERR,ERR,ERR,ERR,ERR,ERR,ERR,ERR,ERR,ERR,ERR,ERR,ERR,ERR,ERR,ERR,ERR,ERR,ERR,ERR,ERR,ERR,ERR,ERR,ERR,ERR,ERR,ERR,34.0,80.0,35,0.0,0.0,0.0,0.0,0.0,0.0,0.0,0.0,0.0,0.0,0.0,0.0,0.0,0.0,0.0,0.0,64.4,0,116,56,49,65476,0,300,0,0,8,20529,65476,0,0,57672,80.0,0.0,0.0,0.0,0.0,0.0
2026-06-17T04:47:13,ERR,ERR,ERR,ERR,ERR,ERR,ERR,ERR,ERR,ERR,ERR,ERR,ERR,ERR,ERR,ERR,ERR,ERR,ERR,ERR,ERR,ERR,ERR,ERR,ERR,ERR,ERR,ERR,ERR,ERR,ERR,ERR,ERR,ERR,ERR,ERR,ERR,ERR,ERR,ERR,ERR,ERR,ERR,ERR,ERR,ERR,ERR,ERR,ERR,ERR,ERR,ERR,ERR,ERR,ERR,ERR,ERR,ERR,ERR,ERR,ERR,ERR,ERR,ERR,ERR,ERR,ERR,ERR,ERR,ERR,ERR,ERR,ERR,ERR,ERR,ERR,ERR,ERR,ERR,ERR,ERR,ERR,ERR,ERR,ERR,ERR,ERR,ERR,ERR,ERR,ERR,ERR,ERR,ERR,ERR,ERR,ERR,ERR,ERR,ERR,ERR,ERR,ERR,ERR,ERR,ERR,ERR,ERR,ERR,ERR,ERR,ERR,ERR,ERR,ERR,ERR,ERR,ERR,ERR,ERR,ERR,ERR,ERR,ERR,ERR,0.0,-0.0,3.028208139652935e+23,0.0,0.0,1.3936040501711995e+18,7.805,0.0,0,0,4,0,7300,-0.0,0,0.0,0.0,0.0,0.0,0.0,0,0,0,0,0.0,0,0,0,0,0,0,0,0,0,0,0,0,0,0,0,0,0,0,0,0,0,0,0,0,0,0,0,0,0,0,0,0,0,32,30,30,62,65476,0,300,0,0,8,21553,0.0,-107605600.0,0.0,0.0,0.0,0.0,0.0,0.0,0.0,0.0,0.0,0.0,0.0,0.0,0.0,0.0,0.0,0.0,0.0,0.0,0.0,0.0,-0.0,-2.004,2.004,2.004,0.0,0.0,0.0,0.0,5589.0,1.0406676091490428e+34,6927.0,0.0,-0.0,-0.0,0.0,0.0,0.0,0.0,0.0,63,0.0,126840725504.0,0.0,0.0,0.0,0.0,0.0,0.0,0.0,0,0,0,0.0,0.0,0.0,0.0,0.0,0.0,0.0,0.0,0.0,0.0,0.0,0.0,0.0,0.0,0.0,0.0,0,-107875648.0,63,0.0,126,2.7184242562605685e+23,2.842318642297501e+23,ERR,ERR,ERR,ERR,ERR,ERR,ERR,ERR,ERR,ERR,ERR,ERR,ERR,ERR,ERR,ERR,ERR,ERR,ERR,ERR,ERR,ERR,ERR,ERR,ERR,ERR,ERR,ERR,ERR,ERR,ERR,ERR,ERR,ERR,ERR,ERR,ERR,ERR,ERR,ERR,ERR,ERR,ERR,ERR,ERR,ERR,ERR,ERR,ERR,ERR,ERR,ERR,ERR,ERR,ERR,ERR,ERR,ERR,ERR,ERR,ERR,ERR,ERR,ERR,ERR,ERR,ERR,34.0,80.0,35,0.0,0.0,0.0,0.0,0.0,0.0,0.0,0.0,0.0,0.0,0.0,0.0,0.0,0.0,0.0,0.0,64.4,0,116,56,49,65476,0,300,0,0,8,20529,65476,0,0,57672,80.0,0.0,0.0,0.0,0.0,0.0
2026-06-17T04:47:14,ERR,ERR,ERR,ERR,ERR,ERR,ERR,ERR,ERR,ERR,ERR,ERR,ERR,ERR,ERR,ERR,ERR,ERR,ERR,ERR,ERR,ERR,ERR,ERR,ERR,ERR,ERR,ERR,ERR,ERR,ERR,ERR,ERR,ERR,ERR,ERR,ERR,ERR,ERR,ERR,ERR,ERR,ERR,ERR,ERR,ERR,ERR,ERR,ERR,ERR,ERR,ERR,ERR,ERR,ERR,ERR,ERR,ERR,ERR,ERR,ERR,ERR,ERR,ERR,ERR,ERR,ERR,ERR,ERR,ERR,ERR,ERR,ERR,ERR,ERR,ERR,ERR,ERR,ERR,ERR,ERR,ERR,ERR,ERR,ERR,ERR,ERR,ERR,ERR,ERR,ERR,ERR,ERR,ERR,ERR,ERR,ERR,ERR,ERR,ERR,ERR,ERR,ERR,ERR,ERR,ERR,ERR,ERR,ERR,ERR,ERR,ERR,ERR,ERR,ERR,ERR,ERR,ERR,ERR,ERR,ERR,ERR,ERR,ERR,ERR,0.0,-0.0,3.028208139652935e+23,0.0,0.0,1.3936040501711995e+18,7.805,0.0,0,0,4,0,7300,-0.0,0,0.0,0.0,0.0,0.0,0.0,0,0,0,0,0.0,0,0,0,0,0,0,0,0,0,0,0,0,0,0,0,0,0,0,0,0,0,0,0,0,0,0,0,0,0,0,0,0,0,32,30,30,62,65476,0,300,0,0,8,21553,0.0,-107605600.0,0.0,0.0,0.0,0.0,0.0,0.0,0.0,0.0,0.0,0.0,0.0,0.0,0.0,0.0,0.0,0.0,0.0,0.0,0.0,0.0,-0.0,-2.004,2.004,2.004,0.0,0.0,0.0,0.0,5589.0,1.0406676091490428e+34,6927.0,0.0,-0.0,-0.0,0.0,0.0,0.0,0.0,0.0,63,0.0,126840725504.0,0.0,0.0,0.0,0.0,0.0,0.0,0.0,0,0,0,0.0,0.0,0.0,0.0,0.0,0.0,0.0,0.0,0.0,0.0,0.0,0.0,0.0,0.0,0.0,0.0,0,-107875648.0,63,0.0,126,2.7184242562605685e+23,2.842318642297501e+23,ERR,ERR,ERR,ERR,ERR,ERR,ERR,ERR,ERR,ERR,ERR,ERR,ERR,ERR,ERR,ERR,ERR,ERR,ERR,ERR,ERR,ERR,ERR,ERR,ERR,ERR,ERR,ERR,ERR,ERR,ERR,ERR,ERR,ERR,ERR,ERR,ERR,ERR,ERR,ERR,ERR,ERR,ERR,ERR,ERR,ERR,ERR,ERR,ERR,ERR,ERR,ERR,ERR,ERR,ERR,ERR,ERR,ERR,ERR,ERR,ERR,ERR,ERR,ERR,ERR,ERR,ERR,34.0,80.0,35,0.0,0.0,0.0,0.0,0.0,0.0,0.0,0.0,0.0,0.0,0.0,0.0,0.0,0.0,0.0,0.0,64.4,0,116,56,49,65476,0,300,0,0,8,20529,65476,0,0,57672,80.0,0.0,0.0,0.0,0.0,0.0
2026-06-17T04:47:15,ERR,ERR,ERR,ERR,ERR,ERR,ERR,ERR,ERR,ERR,ERR,ERR,ERR,ERR,ERR,ERR,ERR,ERR,ERR,ERR,ERR,ERR,ERR,ERR,ERR,ERR,ERR,ERR,ERR,ERR,ERR,ERR,ERR,ERR,ERR,ERR,ERR,ERR,ERR,ERR,ERR,ERR,ERR,ERR,ERR,ERR,ERR,ERR,ERR,ERR,ERR,ERR,ERR,ERR,ERR,ERR,ERR,ERR,ERR,ERR,ERR,ERR,ERR,ERR,ERR,ERR,ERR,ERR,ERR,ERR,ERR,ERR,ERR,ERR,ERR,ERR,ERR,ERR,ERR,ERR,ERR,ERR,ERR,ERR,ERR,ERR,ERR,ERR,ERR,ERR,ERR,ERR,ERR,ERR,ERR,ERR,ERR,ERR,ERR,ERR,ERR,ERR,ERR,ERR,ERR,ERR,ERR,ERR,ERR,ERR,ERR,ERR,ERR,ERR,ERR,ERR,ERR,ERR,ERR,ERR,ERR,ERR,ERR,ERR,ERR,0.0,-0.0,3.028208139652935e+23,0.0,0.0,1.3936040501711995e+18,7.805,0.0,0,0,4,0,7300,-0.0,0,0.0,0.0,0.0,0.0,0.0,0,0,0,0,0.0,0,0,0,0,0,0,0,0,0,0,0,0,0,0,0,0,0,0,0,0,0,0,0,0,0,0,0,0,0,0,0,0,0,32,30,30,62,65476,0,300,0,0,8,21553,0.0,-107605600.0,0.0,0.0,0.0,0.0,0.0,0.0,0.0,0.0,0.0,0.0,0.0,0.0,0.0,0.0,0.0,0.0,0.0,0.0,0.0,0.0,-0.0,-2.004,2.004,2.004,0.0,0.0,0.0,0.0,5589.0,1.0406676091490428e+34,6927.0,0.0,-0.0,-0.0,0.0,0.0,0.0,0.0,0.0,63,0.0,126840725504.0,0.0,0.0,0.0,0.0,0.0,0.0,0.0,0,0,0,0.0,0.0,0.0,0.0,0.0,0.0,0.0,0.0,0.0,0.0,0.0,0.0,0.0,0.0,0.0,0.0,0,-107875648.0,63,0.0,126,2.7184242562605685e+23,2.842318642297501e+23,ERR,ERR,ERR,ERR,ERR,ERR,ERR,ERR,ERR,ERR,ERR,ERR,ERR,ERR,ERR,ERR,ERR,ERR,ERR,ERR,ERR,ERR,ERR,ERR,ERR,ERR,ERR,ERR,ERR,ERR,ERR,ERR,ERR,ERR,ERR,ERR,ERR,ERR,ERR,ERR,ERR,ERR,ERR,ERR,ERR,ERR,ERR,ERR,ERR,ERR,ERR,ERR,ERR,ERR,ERR,ERR,ERR,ERR,ERR,ERR,ERR,ERR,ERR,ERR,ERR,ERR,ERR,34.0,80.0,35,0.0,0.0,0.0,0.0,0.0,0.0,0.0,0.0,0.0,0.0,0.0,0.0,0.0,0.0,0.0,0.0,64.4,0,116,56,49,65476,0,300,0,0,8,20529,65476,0,0,57672,80.0,0.0,0.0,0.0,0.0,0.0
2026-06-17T04:47:16,ERR,ERR,ERR,ERR,ERR,ERR,ERR,ERR,ERR,ERR,ERR,ERR,ERR,ERR,ERR,ERR,ERR,ERR,ERR,ERR,ERR,ERR,ERR,ERR,ERR,ERR,ERR,ERR,ERR,ERR,ERR,ERR,ERR,ERR,ERR,ERR,ERR,ERR,ERR,ERR,ERR,ERR,ERR,ERR,ERR,ERR,ERR,ERR,ERR,ERR,ERR,ERR,ERR,ERR,ERR,ERR,ERR,ERR,ERR,ERR,ERR,ERR,ERR,ERR,ERR,ERR,ERR,ERR,ERR,ERR,ERR,ERR,ERR,ERR,ERR,ERR,ERR,ERR,ERR,ERR,ERR,ERR,ERR,ERR,ERR,ERR,ERR,ERR,ERR,ERR,ERR,ERR,ERR,ERR,ERR,ERR,ERR,ERR,ERR,ERR,ERR,ERR,ERR,ERR,ERR,ERR,ERR,ERR,ERR,ERR,ERR,ERR,ERR,ERR,ERR,ERR,ERR,ERR,ERR,ERR,ERR,ERR,ERR,ERR,ERR,0.0,-0.0,3.028208139652935e+23,0.0,0.0,1.3936040501711995e+18,7.805,0.0,0,0,4,0,7300,-0.0,0,0.0,0.0,0.0,0.0,0.0,0,0,0,0,0.0,0,0,0,0,0,0,0,0,0,0,0,0,0,0,0,0,0,0,0,0,0,0,0,0,0,0,0,0,0,0,0,0,0,32,30,30,62,65476,0,300,0,0,8,21553,0.0,-107605600.0,0.0,0.0,0.0,0.0,0.0,0.0,0.0,0.0,0.0,0.0,0.0,0.0,0.0,0.0,0.0,0.0,0.0,0.0,0.0,0.0,-0.0,-2.004,2.004,2.004,0.0,0.0,0.0,0.0,5589.0,1.0406676091490428e+34,6927.0,0.0,-0.0,-0.0,0.0,0.0,0.0,0.0,0.0,63,0.0,126840725504.0,0.0,0.0,0.0,0.0,0.0,0.0,0.0,0,0,0,0.0,0.0,0.0,0.0,0.0,0.0,0.0,0.0,0.0,0.0,0.0,0.0,0.0,0.0,0.0,0.0,0,-107875648.0,63,0.0,126,2.7184242562605685e+23,2.842318642297501e+23,ERR,ERR,ERR,ERR,ERR,ERR,ERR,ERR,ERR,ERR,ERR,ERR,ERR,ERR,ERR,ERR,ERR,ERR,ERR,ERR,ERR,ERR,ERR,ERR,ERR,ERR,ERR,ERR,ERR,ERR,ERR,ERR,ERR,ERR,ERR,ERR,ERR,ERR,ERR,ERR,ERR,ERR,ERR,ERR,ERR,ERR,ERR,ERR,ERR,ERR,ERR,ERR,ERR,ERR,ERR,ERR,ERR,ERR,ERR,ERR,ERR,ERR,ERR,ERR,ERR,ERR,ERR,34.0,80.0,35,0.0,0.0,0.0,0.0,0.0,0.0,0.0,0.0,0.0,0.0,0.0,0.0,0.0,0.0,0.0,0.0,64.4,0,116,56,49,65476,0,300,0,0,8,20529,65476,0,0,57672,80.0,0.0,0.0,0.0,0.0,0.0
2026-06-17T04:47:17,ERR,ERR,ERR,ERR,ERR,ERR,ERR,ERR,ERR,ERR,ERR,ERR,ERR,ERR,ERR,ERR,ERR,ERR,ERR,ERR,ERR,ERR,ERR,ERR,ERR,ERR,ERR,ERR,ERR,ERR,ERR,ERR,ERR,ERR,ERR,ERR,ERR,ERR,ERR,ERR,ERR,ERR,ERR,ERR,ERR,ERR,ERR,ERR,ERR,ERR,ERR,ERR,ERR,ERR,ERR,ERR,ERR,ERR,ERR,ERR,ERR,ERR,ERR,ERR,ERR,ERR,ERR,ERR,ERR,ERR,ERR,ERR,ERR,ERR,ERR,ERR,ERR,ERR,ERR,ERR,ERR,ERR,ERR,ERR,ERR,ERR,ERR,ERR,ERR,ERR,ERR,ERR,ERR,ERR,ERR,ERR,ERR,ERR,ERR,ERR,ERR,ERR,ERR,ERR,ERR,ERR,ERR,ERR,ERR,ERR,ERR,ERR,ERR,ERR,ERR,ERR,ERR,ERR,ERR,ERR,ERR,ERR,ERR,ERR,ERR,0.0,-0.0,3.028208139652935e+23,0.0,0.0,1.3936040501711995e+18,7.805,0.0,0,0,4,0,7300,-0.0,0,0.0,0.0,0.0,0.0,0.0,0,0,0,0,0.0,0,0,0,0,0,0,0,0,0,0,0,0,0,0,0,0,0,0,0,0,0,0,0,0,0,0,0,0,0,0,0,0,0,32,30,30,62,65476,0,300,0,0,8,21553,0.0,-107605600.0,0.0,0.0,0.0,0.0,0.0,0.0,0.0,0.0,0.0,0.0,0.0,0.0,0.0,0.0,0.0,0.0,0.0,0.0,0.0,0.0,-0.0,-2.004,2.004,2.004,0.0,0.0,0.0,0.0,5589.0,1.0406676091490428e+34,6927.0,0.0,-0.0,-0.0,0.0,0.0,0.0,0.0,0.0,63,0.0,126840725504.0,0.0,0.0,0.0,0.0,0.0,0.0,0.0,0,0,0,0.0,0.0,0.0,0.0,0.0,0.0,0.0,0.0,0.0,0.0,0.0,0.0,0.0,0.0,0.0,0.0,0,-107875648.0,63,0.0,126,2.7184242562605685e+23,2.842318642297501e+23,ERR,ERR,ERR,ERR,ERR,ERR,ERR,ERR,ERR,ERR,ERR,ERR,ERR,ERR,ERR,ERR,ERR,ERR,ERR,ERR,ERR,ERR,ERR,ERR,ERR,ERR,ERR,ERR,ERR,ERR,ERR,ERR,ERR,ERR,ERR,ERR,ERR,ERR,ERR,ERR,ERR,ERR,ERR,ERR,ERR,ERR,ERR,ERR,ERR,ERR,ERR,ERR,ERR,ERR,ERR,ERR,ERR,ERR,ERR,ERR,ERR,ERR,ERR,ERR,ERR,ERR,ERR,34.0,80.0,35,0.0,0.0,0.0,0.0,0.0,0.0,0.0,0.0,0.0,0.0,0.0,0.0,0.0,0.0,0.0,0.0,64.4,0,116,56,49,65476,0,300,0,0,8,20529,65476,0,0,57672,80.0,0.0,0.0,0.0,0.0,0.0
2026-06-17T04:47:18,ERR,ERR,ERR,ERR,ERR,ERR,ERR,ERR,ERR,ERR,ERR,ERR,ERR,ERR,ERR,ERR,ERR,ERR,ERR,ERR,ERR,ERR,ERR,ERR,ERR,ERR,ERR,ERR,ERR,ERR,ERR,ERR,ERR,ERR,ERR,ERR,ERR,ERR,ERR,ERR,ERR,ERR,ERR,ERR,ERR,ERR,ERR,ERR,ERR,ERR,ERR,ERR,ERR,ERR,ERR,ERR,ERR,ERR,ERR,ERR,ERR,ERR,ERR,ERR,ERR,ERR,ERR,ERR,ERR,ERR,ERR,ERR,ERR,ERR,ERR,ERR,ERR,ERR,ERR,ERR,ERR,ERR,ERR,ERR,ERR,ERR,ERR,ERR,ERR,ERR,ERR,ERR,ERR,ERR,ERR,ERR,ERR,ERR,ERR,ERR,ERR,ERR,ERR,ERR,ERR,ERR,ERR,ERR,ERR,ERR,ERR,ERR,ERR,ERR,ERR,ERR,ERR,ERR,ERR,ERR,ERR,ERR,ERR,ERR,ERR,0.0,-0.0,3.028208139652935e+23,0.0,0.0,1.3936040501711995e+18,7.805,0.0,0,0,4,0,7300,-0.0,0,0.0,0.0,0.0,0.0,0.0,0,0,0,0,0.0,0,0,0,0,0,0,0,0,0,0,0,0,0,0,0,0,0,0,0,0,0,0,0,0,0,0,0,0,0,0,0,0,0,32,30,30,62,65476,0,300,0,0,8,21553,0.0,-107605600.0,0.0,0.0,0.0,0.0,0.0,0.0,0.0,0.0,0.0,0.0,0.0,0.0,0.0,0.0,0.0,0.0,0.0,0.0,0.0,0.0,-0.0,-2.004,2.004,2.004,0.0,0.0,0.0,0.0,5589.0,1.0406676091490428e+34,6927.0,0.0,-0.0,-0.0,0.0,0.0,0.0,0.0,0.0,63,0.0,126840725504.0,0.0,0.0,0.0,0.0,0.0,0.0,0.0,0,0,0,0.0,0.0,0.0,0.0,0.0,0.0,0.0,0.0,0.0,0.0,0.0,0.0,0.0,0.0,0.0,0.0,0,-107875648.0,63,0.0,126,2.7184242562605685e+23,2.842318642297501e+23,ERR,ERR,ERR,ERR,ERR,ERR,ERR,ERR,ERR,ERR,ERR,ERR,ERR,ERR,ERR,ERR,ERR,ERR,ERR,ERR,ERR,ERR,ERR,ERR,ERR,ERR,ERR,ERR,ERR,ERR,ERR,ERR,ERR,ERR,ERR,ERR,ERR,ERR,ERR,ERR,ERR,ERR,ERR,ERR,ERR,ERR,ERR,ERR,ERR,ERR,ERR,ERR,ERR,ERR,ERR,ERR,ERR,ERR,ERR,ERR,ERR,ERR,ERR,ERR,ERR,ERR,ERR,34.0,80.0,35,0.0,0.0,0.0,0.0,0.0,0.0,0.0,0.0,0.0,0.0,0.0,0.0,0.0,0.0,0.0,0.0,64.4,0,116,56,49,65476,0,300,0,0,8,20529,65476,0,0,57672,80.0,0.0,0.0,0.0,0.0,0.0
2026-06-17T04:47:19,ERR,ERR,ERR,ERR,ERR,ERR,ERR,ERR,ERR,ERR,ERR,ERR,ERR,ERR,ERR,ERR,ERR,ERR,ERR,ERR,ERR,ERR,ERR,ERR,ERR,ERR,ERR,ERR,ERR,ERR,ERR,ERR,ERR,ERR,ERR,ERR,ERR,ERR,ERR,ERR,ERR,ERR,ERR,ERR,ERR,ERR,ERR,ERR,ERR,ERR,ERR,ERR,ERR,ERR,ERR,ERR,ERR,ERR,ERR,ERR,ERR,ERR,ERR,ERR,ERR,ERR,ERR,ERR,ERR,ERR,ERR,ERR,ERR,ERR,ERR,ERR,ERR,ERR,ERR,ERR,ERR,ERR,ERR,ERR,ERR,ERR,ERR,ERR,ERR,ERR,ERR,ERR,ERR,ERR,ERR,ERR,ERR,ERR,ERR,ERR,ERR,ERR,ERR,ERR,ERR,ERR,ERR,ERR,ERR,ERR,ERR,ERR,ERR,ERR,ERR,ERR,ERR,ERR,ERR,ERR,ERR,ERR,ERR,ERR,ERR,0.0,-0.0,-0.0,0.0,0.0,1.3936040501711995e+18,7.805,0.0,0,0,4,0,7300,-0.0,0,0.0,0.0,0.0,0.0,0.0,0,0,0,0,0.0,0,0,0,0,0,0,0,0,0,0,0,0,0,0,0,0,0,0,0,0,0,0,0,0,0,0,0,0,0,0,0,0,0,32,30,30,62,65476,0,300,0,0,8,21553,0.0,-107605600.0,0.0,0.0,0.0,0.0,0.0,0.0,0.0,0.0,0.0,0.0,0.0,0.0,0.0,0.0,0.0,0.0,0.0,0.0,0.0,0.0,-0.0,-2.004,2.004,2.004,0.0,0.0,0.0,0.0,5587.0,1.587932753218144e+29,6928.0,0.0,-0.0,-0.0,0.0,0.0,0.0,0.0,0.0,63,0.0,1.905689874137088e+17,0.0,0.0,0.0,0.0,0.0,0.0,0.0,0,0,0,0.0,0.0,0.0,0.0,0.0,0.0,0.0,0.0,0.0,0.0,0.0,0.0,0.0,0.0,0.0,0.0,0,-107875648.0,63,0.0,126,2.7184242562605685e+23,2.842318642297501e+23,ERR,ERR,ERR,ERR,ERR,ERR,ERR,ERR,ERR,ERR,ERR,ERR,ERR,ERR,ERR,ERR,ERR,ERR,ERR,ERR,ERR,ERR,ERR,ERR,ERR,ERR,ERR,ERR,ERR,ERR,ERR,ERR,ERR,ERR,ERR,ERR,ERR,ERR,ERR,ERR,ERR,ERR,ERR,ERR,ERR,ERR,ERR,ERR,ERR,ERR,ERR,ERR,ERR,ERR,ERR,ERR,ERR,ERR,ERR,ERR,ERR,ERR,ERR,ERR,ERR,ERR,ERR,34.0,80.0,35,0.0,0.0,0.0,0.0,0.0,0.0,0.0,0.0,0.0,0.0,0.0,0.0,0.0,0.0,0.0,0.0,64.4,0,116,56,49,65476,0,300,0,0,8,20529,65476,0,0,57672,80.0,0.0,0.0,0.0,0.0,0.0
2026-06-17T04:47:20,ERR,ERR,ERR,ERR,ERR,ERR,ERR,ERR,ERR,ERR,ERR,ERR,ERR,ERR,ERR,ERR,ERR,ERR,ERR,ERR,ERR,ERR,ERR,ERR,ERR,ERR,ERR,ERR,ERR,ERR,ERR,ERR,ERR,ERR,ERR,ERR,ERR,ERR,ERR,ERR,ERR,ERR,ERR,ERR,ERR,ERR,ERR,ERR,ERR,ERR,ERR,ERR,ERR,ERR,ERR,ERR,ERR,ERR,ERR,ERR,ERR,ERR,ERR,ERR,ERR,ERR,ERR,ERR,ERR,ERR,ERR,ERR,ERR,ERR,ERR,ERR,ERR,ERR,ERR,ERR,ERR,ERR,ERR,ERR,ERR,ERR,ERR,ERR,ERR,ERR,ERR,ERR,ERR,ERR,ERR,ERR,ERR,ERR,ERR,ERR,ERR,ERR,ERR,ERR,ERR,ERR,ERR,ERR,ERR,ERR,ERR,ERR,ERR,ERR,ERR,ERR,ERR,ERR,ERR,ERR,ERR,ERR,ERR,ERR,ERR,0.0,-0.0,-0.0,0.0,0.0,1.3936040501711995e+18,7.805,0.0,0,0,4,0,7300,-0.0,0,0.0,0.0,0.0,0.0,0.0,0,0,0,0,0.0,0,0,0,0,0,0,0,0,0,0,0,0,0,0,0,0,0,0,0,0,0,0,0,0,0,0,0,0,0,0,0,0,0,32,30,30,62,65476,0,300,0,0,8,21553,0.0,-107605600.0,0.0,0.0,0.0,0.0,0.0,0.0,0.0,0.0,0.0,0.0,0.0,0.0,0.0,0.0,0.0,0.0,0.0,0.0,0.0,0.0,-0.0,-2.004,2.004,2.004,0.0,0.0,0.0,0.0,5587.0,1.587932753218144e+29,6928.0,0.0,-0.0,-0.0,0.0,0.0,0.0,0.0,0.0,63,0.0,1.905689874137088e+17,0.0,0.0,0.0,0.0,0.0,0.0,0.0,0,0,0,0.0,0.0,0.0,0.0,0.0,0.0,0.0,0.0,0.0,0.0,0.0,0.0,0.0,0.0,0.0,0.0,0,-107875648.0,63,0.0,126,2.7184242562605685e+23,2.842318642297501e+23,ERR,ERR,ERR,ERR,ERR,ERR,ERR,ERR,ERR,ERR,ERR,ERR,ERR,ERR,ERR,ERR,ERR,ERR,ERR,ERR,ERR,ERR,ERR,ERR,ERR,ERR,ERR,ERR,ERR,ERR,ERR,ERR,ERR,ERR,ERR,ERR,ERR,ERR,ERR,ERR,ERR,ERR,ERR,ERR,ERR,ERR,ERR,ERR,ERR,ERR,ERR,ERR,ERR,ERR,ERR,ERR,ERR,ERR,ERR,ERR,ERR,ERR,ERR,ERR,ERR,ERR,ERR,34.0,80.0,35,0.0,0.0,0.0,0.0,0.0,0.0,0.0,0.0,0.0,0.0,0.0,0.0,0.0,0.0,0.0,0.0,64.8,0,116,56,49,65476,0,300,0,0,8,20529,65476,0,0,57672,80.0,0.0,0.0,0.0,0.0,0.0
2026-06-17T04:47:21,ERR,ERR,ERR,ERR,ERR,ERR,ERR,ERR,ERR,ERR,ERR,ERR,ERR,ERR,ERR,ERR,ERR,ERR,ERR,ERR,ERR,ERR,ERR,ERR,ERR,ERR,ERR,ERR,ERR,ERR,ERR,ERR,ERR,ERR,ERR,ERR,ERR,ERR,ERR,ERR,ERR,ERR,ERR,ERR,ERR,ERR,ERR,ERR,ERR,ERR,ERR,ERR,ERR,ERR,ERR,ERR,ERR,ERR,ERR,ERR,ERR,ERR,ERR,ERR,ERR,ERR,ERR,ERR,ERR,ERR,ERR,ERR,ERR,ERR,ERR,ERR,ERR,ERR,ERR,ERR,ERR,ERR,ERR,ERR,ERR,ERR,ERR,ERR,ERR,ERR,ERR,ERR,ERR,ERR,ERR,ERR,ERR,ERR,ERR,ERR,ERR,ERR,ERR,ERR,ERR,ERR,ERR,ERR,ERR,ERR,ERR,ERR,ERR,ERR,ERR,ERR,ERR,ERR,ERR,ERR,ERR,ERR,ERR,ERR,ERR,0.0,-0.0,-0.0,0.0,0.0,1.3936040501711995e+18,7.805,0.0,0,0,4,0,7300,-0.0,0,0.0,0.0,0.0,0.0,0.0,0,0,0,0,0.0,0,0,0,0,0,0,0,0,0,0,0,0,0,0,0,0,0,0,0,0,0,0,0,0,0,0,0,0,0,0,0,0,0,32,30,30,62,65476,0,300,0,0,8,21553,0.0,-107605600.0,0.0,0.0,0.0,0.0,0.0,0.0,0.0,0.0,0.0,0.0,0.0,0.0,0.0,0.0,0.0,0.0,0.0,0.0,0.0,0.0,-0.0,-2.004,2.004,2.004,0.0,0.0,0.0,0.0,5587.0,1.587932753218144e+29,6928.0,0.0,-0.0,-0.0,0.0,0.0,0.0,0.0,0.0,63,0.0,1.905689874137088e+17,0.0,0.0,0.0,0.0,0.0,0.0,0.0,0,0,0,0.0,0.0,0.0,0.0,0.0,0.0,0.0,0.0,0.0,0.0,0.0,0.0,0.0,0.0,0.0,0.0,0,-107875648.0,63,0.0,126,2.7184242562605685e+23,2.842318642297501e+23,ERR,ERR,ERR,ERR,ERR,ERR,ERR,ERR,ERR,ERR,ERR,ERR,ERR,ERR,ERR,ERR,ERR,ERR,ERR,ERR,ERR,ERR,ERR,ERR,ERR,ERR,ERR,ERR,ERR,ERR,ERR,ERR,ERR,ERR,ERR,ERR,ERR,ERR,ERR,ERR,ERR,ERR,ERR,ERR,ERR,ERR,ERR,ERR,ERR,ERR,ERR,ERR,ERR,ERR,ERR,ERR,ERR,ERR,ERR,ERR,ERR,ERR,ERR,ERR,ERR,ERR,ERR,34.0,80.0,35,0.0,0.0,0.0,0.0,0.0,0.0,0.0,0.0,0.0,0.0,0.0,0.0,0.0,0.0,0.0,0.0,64.4,0,116,56,49,65476,0,300,0,0,8,20529,65476,0,0,57672,80.0,0.0,0.0,0.0,0.0,0.0
2026-06-17T04:47:22,ERR,ERR,ERR,ERR,ERR,ERR,ERR,ERR,ERR,ERR,ERR,ERR,ERR,ERR,ERR,ERR,ERR,ERR,ERR,ERR,ERR,ERR,ERR,ERR,ERR,ERR,ERR,ERR,ERR,ERR,ERR,ERR,ERR,ERR,ERR,ERR,ERR,ERR,ERR,ERR,ERR,ERR,ERR,ERR,ERR,ERR,ERR,ERR,ERR,ERR,ERR,ERR,ERR,ERR,ERR,ERR,ERR,ERR,ERR,ERR,ERR,ERR,ERR,ERR,ERR,ERR,ERR,ERR,ERR,ERR,ERR,ERR,ERR,ERR,ERR,ERR,ERR,ERR,ERR,ERR,ERR,ERR,ERR,ERR,ERR,ERR,ERR,ERR,ERR,ERR,ERR,ERR,ERR,ERR,ERR,ERR,ERR,ERR,ERR,ERR,ERR,ERR,ERR,ERR,ERR,ERR,ERR,ERR,ERR,ERR,ERR,ERR,ERR,ERR,ERR,ERR,ERR,ERR,ERR,ERR,ERR,ERR,ERR,ERR,ERR,0.0,-0.0,-0.0,0.0,0.0,1.3936040501711995e+18,7.805,0.0,0,0,4,0,7300,-0.0,0,0.0,0.0,0.0,0.0,0.0,0,0,0,0,0.0,0,0,0,0,0,0,0,0,0,0,0,0,0,0,0,0,0,0,0,0,0,0,0,0,0,0,0,0,0,0,0,0,0,32,30,30,62,65476,0,300,0,0,8,21553,0.0,-107605600.0,0.0,0.0,0.0,0.0,0.0,0.0,0.0,0.0,0.0,0.0,0.0,0.0,0.0,0.0,0.0,0.0,0.0,0.0,0.0,0.0,-0.0,-2.004,2.004,2.004,0.0,0.0,0.0,0.0,5587.0,1.587932753218144e+29,6928.0,0.0,-0.0,-0.0,0.0,0.0,0.0,0.0,0.0,63,0.0,1.905689874137088e+17,0.0,0.0,0.0,0.0,0.0,0.0,0.0,0,0,0,0.0,0.0,0.0,0.0,0.0,0.0,0.0,0.0,0.0,0.0,0.0,0.0,0.0,0.0,0.0,0.0,0,-107875648.0,63,0.0,126,2.7184242562605685e+23,2.842318642297501e+23,ERR,ERR,ERR,ERR,ERR,ERR,ERR,ERR,ERR,ERR,ERR,ERR,ERR,ERR,ERR,ERR,ERR,ERR,ERR,ERR,ERR,ERR,ERR,ERR,ERR,ERR,ERR,ERR,ERR,ERR,ERR,ERR,ERR,ERR,ERR,ERR,ERR,ERR,ERR,ERR,ERR,ERR,ERR,ERR,ERR,ERR,ERR,ERR,ERR,ERR,ERR,ERR,ERR,ERR,ERR,ERR,ERR,ERR,ERR,ERR,ERR,ERR,ERR,ERR,ERR,ERR,ERR,34.0,80.0,35,0.0,0.0,0.0,0.0,0.0,0.0,0.0,0.0,0.0,0.0,0.0,0.0,0.0,0.0,0.0,0.0,64.4,0,116,56,49,65476,0,300,0,0,8,20529,65476,0,0,57672,80.0,0.0,0.0,0.0,0.0,0.0
2026-06-17T04:47:23,ERR,ERR,ERR,ERR,ERR,ERR,ERR,ERR,ERR,ERR,ERR,ERR,ERR,ERR,ERR,ERR,ERR,ERR,ERR,ERR,ERR,ERR,ERR,ERR,ERR,ERR,ERR,ERR,ERR,ERR,ERR,ERR,ERR,ERR,ERR,ERR,ERR,ERR,ERR,ERR,ERR,ERR,ERR,ERR,ERR,ERR,ERR,ERR,ERR,ERR,ERR,ERR,ERR,ERR,ERR,ERR,ERR,ERR,ERR,ERR,ERR,ERR,ERR,ERR,ERR,ERR,ERR,ERR,ERR,ERR,ERR,ERR,ERR,ERR,ERR,ERR,ERR,ERR,ERR,ERR,ERR,ERR,ERR,ERR,ERR,ERR,ERR,ERR,ERR,ERR,ERR,ERR,ERR,ERR,ERR,ERR,ERR,ERR,ERR,ERR,ERR,ERR,ERR,ERR,ERR,ERR,ERR,ERR,ERR,ERR,ERR,ERR,ERR,ERR,ERR,ERR,ERR,ERR,ERR,ERR,ERR,ERR,ERR,ERR,ERR,0.0,-0.0,-0.0,0.0,0.0,1.3936040501711995e+18,7.805,0.0,0,0,4,0,7300,-0.0,0,0.0,0.0,0.0,0.0,0.0,0,0,0,0,0.0,0,0,0,0,0,0,0,0,0,0,0,0,0,0,0,0,0,0,0,0,0,0,0,0,0,0,0,0,0,0,0,0,0,32,30,30,62,65476,0,300,0,0,8,21553,0.0,-107605600.0,0.0,0.0,0.0,0.0,0.0,0.0,0.0,0.0,0.0,0.0,0.0,0.0,0.0,0.0,0.0,0.0,0.0,0.0,0.0,0.0,-0.0,-2.004,2.004,2.004,0.0,0.0,0.0,0.0,5587.0,1.587932753218144e+29,6928.0,0.0,-0.0,-0.0,0.0,0.0,0.0,0.0,0.0,63,0.0,1.905689874137088e+17,0.0,0.0,0.0,0.0,0.0,0.0,0.0,0,0,0,0.0,0.0,0.0,0.0,0.0,0.0,0.0,0.0,0.0,0.0,0.0,0.0,0.0,0.0,0.0,0.0,0,-107875648.0,63,0.0,126,2.7184242562605685e+23,2.842318642297501e+23,ERR,ERR,ERR,ERR,ERR,ERR,ERR,ERR,ERR,ERR,ERR,ERR,ERR,ERR,ERR,ERR,ERR,ERR,ERR,ERR,ERR,ERR,ERR,ERR,ERR,ERR,ERR,ERR,ERR,ERR,ERR,ERR,ERR,ERR,ERR,ERR,ERR,ERR,ERR,ERR,ERR,ERR,ERR,ERR,ERR,ERR,ERR,ERR,ERR,ERR,ERR,ERR,ERR,ERR,ERR,ERR,ERR,ERR,ERR,ERR,ERR,ERR,ERR,ERR,ERR,ERR,ERR,34.0,80.0,35,0.0,0.0,0.0,0.0,0.0,0.0,0.0,0.0,0.0,0.0,0.0,0.0,0.0,0.0,0.0,0.0,64.4,0,116,56,49,65476,0,300,0,0,8,20529,65476,0,0,57672,80.0,0.0,0.0,0.0,0.0,0.0
2026-06-17T04:47:24,ERR,ERR,ERR,ERR,ERR,ERR,ERR,ERR,ERR,ERR,ERR,ERR,ERR,ERR,ERR,ERR,ERR,ERR,ERR,ERR,ERR,ERR,ERR,ERR,ERR,ERR,ERR,ERR,ERR,ERR,ERR,ERR,ERR,ERR,ERR,ERR,ERR,ERR,ERR,ERR,ERR,ERR,ERR,ERR,ERR,ERR,ERR,ERR,ERR,ERR,ERR,ERR,ERR,ERR,ERR,ERR,ERR,ERR,ERR,ERR,ERR,ERR,ERR,ERR,ERR,ERR,ERR,ERR,ERR,ERR,ERR,ERR,ERR,ERR,ERR,ERR,ERR,ERR,ERR,ERR,ERR,ERR,ERR,ERR,ERR,ERR,ERR,ERR,ERR,ERR,ERR,ERR,ERR,ERR,ERR,ERR,ERR,ERR,ERR,ERR,ERR,ERR,ERR,ERR,ERR,ERR,ERR,ERR,ERR,ERR,ERR,ERR,ERR,ERR,ERR,ERR,ERR,ERR,ERR,ERR,ERR,ERR,ERR,ERR,ERR,0.0,-0.0,3.028208139652935e+23,0.0,0.0,1.3936040501711995e+18,7.805,0.0,0,0,4,0,7300,-0.0,0,0.0,0.0,0.0,0.0,0.0,0,0,0,0,0.0,0,0,0,0,0,0,0,0,0,0,0,0,0,0,0,0,0,0,0,0,0,0,0,0,0,0,0,0,0,0,0,0,0,32,30,30,62,65476,0,300,0,0,8,21553,0.0,-107605600.0,0.0,0.0,0.0,0.0,0.0,0.0,0.0,0.0,0.0,0.0,0.0,0.0,0.0,0.0,0.0,0.0,0.0,0.0,0.0,0.0,2.004,-2.004,2.004,2.004,0.0,0.0,0.0,0.0,5589.0,2.4229930926790526e+24,6925.0,0.0,-0.0,-0.0,0.0,0.0,0.0,0.0,0.0,63,0.0,0.059,0.0,0.0,0.0,0.0,0.0,0.0,0.0,0,0,0,0.0,0.0,0.0,0.0,0.0,0.0,0.0,0.0,0.0,0.0,0.0,0.0,0.0,0.0,0.0,0.0,0,-107875648.0,63,0.0,126,2.7184242562605685e+23,2.842318642297501e+23,ERR,ERR,ERR,ERR,ERR,ERR,ERR,ERR,ERR,ERR,ERR,ERR,ERR,ERR,ERR,ERR,ERR,ERR,ERR,ERR,ERR,ERR,ERR,ERR,ERR,ERR,ERR,ERR,ERR,ERR,ERR,ERR,ERR,ERR,ERR,ERR,ERR,ERR,ERR,ERR,ERR,ERR,ERR,ERR,ERR,ERR,ERR,ERR,ERR,ERR,ERR,ERR,ERR,ERR,ERR,ERR,ERR,ERR,ERR,ERR,ERR,ERR,ERR,ERR,ERR,ERR,ERR,34.0,80.0,35,0.0,0.0,0.0,0.0,0.0,0.0,0.0,0.0,0.0,0.0,0.0,0.0,0.0,0.0,0.0,0.0,64.4,0,116,56,49,65476,0,300,0,0,8,20529,65476,0,0,57672,80.0,0.0,0.0,0.0,0.0,0.0
2026-06-17T04:47:25,ERR,ERR,ERR,ERR,ERR,ERR,ERR,ERR,ERR,ERR,ERR,ERR,ERR,ERR,ERR,ERR,ERR,ERR,ERR,ERR,ERR,ERR,ERR,ERR,ERR,ERR,ERR,ERR,ERR,ERR,ERR,ERR,ERR,ERR,ERR,ERR,ERR,ERR,ERR,ERR,ERR,ERR,ERR,ERR,ERR,ERR,ERR,ERR,ERR,ERR,ERR,ERR,ERR,ERR,ERR,ERR,ERR,ERR,ERR,ERR,ERR,ERR,ERR,ERR,ERR,ERR,ERR,ERR,ERR,ERR,ERR,ERR,ERR,ERR,ERR,ERR,ERR,ERR,ERR,ERR,ERR,ERR,ERR,ERR,ERR,ERR,ERR,ERR,ERR,ERR,ERR,ERR,ERR,ERR,ERR,ERR,ERR,ERR,ERR,ERR,ERR,ERR,ERR,ERR,ERR,ERR,ERR,ERR,ERR,ERR,ERR,ERR,ERR,ERR,ERR,ERR,ERR,ERR,ERR,ERR,ERR,ERR,ERR,ERR,ERR,0.0,-0.0,3.028208139652935e+23,0.0,0.0,1.3936040501711995e+18,7.805,0.0,0,0,4,0,7300,-0.0,0,0.0,0.0,0.0,0.0,0.0,0,0,0,0,0.0,0,0,0,0,0,0,0,0,0,0,0,0,0,0,0,0,0,0,0,0,0,0,0,0,0,0,0,0,0,0,0,0,0,32,30,30,62,65476,0,300,0,0,8,21553,0.0,-107605600.0,0.0,0.0,0.0,0.0,0.0,0.0,0.0,0.0,0.0,0.0,0.0,0.0,0.0,0.0,0.0,0.0,0.0,0.0,0.0,0.0,2.004,-2.004,2.004,2.004,0.0,0.0,0.0,0.0,5589.0,2.4229930926790526e+24,6925.0,0.0,-0.0,-0.0,0.0,0.0,0.0,0.0,0.0,63,0.0,0.059,0.0,0.0,0.0,0.0,0.0,0.0,0.0,0,0,0,0.0,0.0,0.0,0.0,0.0,0.0,0.0,0.0,0.0,0.0,0.0,0.0,0.0,0.0,0.0,0.0,0,-107875648.0,63,0.0,126,2.7184242562605685e+23,2.842318642297501e+23,ERR,ERR,ERR,ERR,ERR,ERR,ERR,ERR,ERR,ERR,ERR,ERR,ERR,ERR,ERR,ERR,ERR,ERR,ERR,ERR,ERR,ERR,ERR,ERR,ERR,ERR,ERR,ERR,ERR,ERR,ERR,ERR,ERR,ERR,ERR,ERR,ERR,ERR,ERR,ERR,ERR,ERR,ERR,ERR,ERR,ERR,ERR,ERR,ERR,ERR,ERR,ERR,ERR,ERR,ERR,ERR,ERR,ERR,ERR,ERR,ERR,ERR,ERR,ERR,ERR,ERR,ERR,34.0,80.0,35,0.0,0.0,0.0,0.0,0.0,0.0,0.0,0.0,0.0,0.0,0.0,0.0,0.0,0.0,0.0,0.0,64.4,0,116,56,49,65476,0,300,0,0,8,20529,65476,0,0,57672,80.0,0.0,0.0,0.0,0.0,0.0
2026-06-17T04:47:26,ERR,ERR,ERR,ERR,ERR,ERR,ERR,ERR,ERR,ERR,ERR,ERR,ERR,ERR,ERR,ERR,ERR,ERR,ERR,ERR,ERR,ERR,ERR,ERR,ERR,ERR,ERR,ERR,ERR,ERR,ERR,ERR,ERR,ERR,ERR,ERR,ERR,ERR,ERR,ERR,ERR,ERR,ERR,ERR,ERR,ERR,ERR,ERR,ERR,ERR,ERR,ERR,ERR,ERR,ERR,ERR,ERR,ERR,ERR,ERR,ERR,ERR,ERR,ERR,ERR,ERR,ERR,ERR,ERR,ERR,ERR,ERR,ERR,ERR,ERR,ERR,ERR,ERR,ERR,ERR,ERR,ERR,ERR,ERR,ERR,ERR,ERR,ERR,ERR,ERR,ERR,ERR,ERR,ERR,ERR,ERR,ERR,ERR,ERR,ERR,ERR,ERR,ERR,ERR,ERR,ERR,ERR,ERR,ERR,ERR,ERR,ERR,ERR,ERR,ERR,ERR,ERR,ERR,ERR,ERR,ERR,ERR,ERR,ERR,ERR,0.0,-0.0,3.028208139652935e+23,0.0,0.0,1.3936040501711995e+18,7.805,0.0,0,0,4,0,7300,-0.0,0,0.0,0.0,0.0,0.0,0.0,0,0,0,0,0.0,0,0,0,0,0,0,0,0,0,0,0,0,0,0,0,0,0,0,0,0,0,0,0,0,0,0,0,0,0,0,0,0,0,32,30,30,62,65476,0,300,0,0,8,21553,0.0,-107605600.0,0.0,0.0,0.0,0.0,0.0,0.0,0.0,0.0,0.0,0.0,0.0,0.0,0.0,0.0,0.0,0.0,0.0,0.0,0.0,0.0,2.004,-2.004,2.004,2.004,0.0,0.0,0.0,0.0,5589.0,2.4229930926790526e+24,6925.0,0.0,-0.0,-0.0,0.0,0.0,0.0,0.0,0.0,63,0.0,0.059,0.0,0.0,0.0,0.0,0.0,0.0,0.0,0,0,0,0.0,0.0,0.0,0.0,0.0,0.0,0.0,0.0,0.0,0.0,0.0,0.0,0.0,0.0,0.0,0.0,0,-107875648.0,63,0.0,126,2.7184242562605685e+23,2.842318642297501e+23,ERR,ERR,ERR,ERR,ERR,ERR,ERR,ERR,ERR,ERR,ERR,ERR,ERR,ERR,ERR,ERR,ERR,ERR,ERR,ERR,ERR,ERR,ERR,ERR,ERR,ERR,ERR,ERR,ERR,ERR,ERR,ERR,ERR,ERR,ERR,ERR,ERR,ERR,ERR,ERR,ERR,ERR,ERR,ERR,ERR,ERR,ERR,ERR,ERR,ERR,ERR,ERR,ERR,ERR,ERR,ERR,ERR,ERR,ERR,ERR,ERR,ERR,ERR,ERR,ERR,ERR,ERR,34.0,80.0,35,0.0,0.0,0.0,0.0,0.0,0.0,0.0,0.0,0.0,0.0,0.0,0.0,0.0,0.0,0.0,0.0,64.4,0,116,56,49,65476,0,300,0,0,8,20529,65476,0,0,57672,80.0,0.0,0.0,0.0,0.0,0.0
2026-06-17T04:47:27,ERR,ERR,ERR,ERR,ERR,ERR,ERR,ERR,ERR,ERR,ERR,ERR,ERR,ERR,ERR,ERR,ERR,ERR,ERR,ERR,ERR,ERR,ERR,ERR,ERR,ERR,ERR,ERR,ERR,ERR,ERR,ERR,ERR,ERR,ERR,ERR,ERR,ERR,ERR,ERR,ERR,ERR,ERR,ERR,ERR,ERR,ERR,ERR,ERR,ERR,ERR,ERR,ERR,ERR,ERR,ERR,ERR,ERR,ERR,ERR,ERR,ERR,ERR,ERR,ERR,ERR,ERR,ERR,ERR,ERR,ERR,ERR,ERR,ERR,ERR,ERR,ERR,ERR,ERR,ERR,ERR,ERR,ERR,ERR,ERR,ERR,ERR,ERR,ERR,ERR,ERR,ERR,ERR,ERR,ERR,ERR,ERR,ERR,ERR,ERR,ERR,ERR,ERR,ERR,ERR,ERR,ERR,ERR,ERR,ERR,ERR,ERR,ERR,ERR,ERR,ERR,ERR,ERR,ERR,ERR,ERR,ERR,ERR,ERR,ERR,0.0,-0.0,3.028208139652935e+23,0.0,0.0,1.3936040501711995e+18,7.805,0.0,0,0,4,0,7300,-0.0,0,0.0,0.0,0.0,0.0,0.0,0,0,0,0,0.0,0,0,0,0,0,0,0,0,0,0,0,0,0,0,0,0,0,0,0,0,0,0,0,0,0,0,0,0,0,0,0,0,0,32,30,30,62,65476,0,300,0,0,8,21553,0.0,-107605600.0,0.0,0.0,0.0,0.0,0.0,0.0,0.0,0.0,0.0,0.0,0.0,0.0,0.0,0.0,0.0,0.0,0.0,0.0,0.0,0.0,2.004,-2.004,2.004,2.004,0.0,0.0,0.0,0.0,5589.0,2.4229930926790526e+24,6925.0,0.0,-0.0,-0.0,0.0,0.0,0.0,0.0,0.0,63,0.0,0.059,0.0,0.0,0.0,0.0,0.0,0.0,0.0,0,0,0,0.0,0.0,0.0,0.0,0.0,0.0,0.0,0.0,0.0,0.0,0.0,0.0,0.0,0.0,0.0,0.0,0,-107875648.0,63,0.0,126,2.7184242562605685e+23,2.842318642297501e+23,ERR,ERR,ERR,ERR,ERR,ERR,ERR,ERR,ERR,ERR,ERR,ERR,ERR,ERR,ERR,ERR,ERR,ERR,ERR,ERR,ERR,ERR,ERR,ERR,ERR,ERR,ERR,ERR,ERR,ERR,ERR,ERR,ERR,ERR,ERR,ERR,ERR,ERR,ERR,ERR,ERR,ERR,ERR,ERR,ERR,ERR,ERR,ERR,ERR,ERR,ERR,ERR,ERR,ERR,ERR,ERR,ERR,ERR,ERR,ERR,ERR,ERR,ERR,ERR,ERR,ERR,ERR,34.0,80.0,35,0.0,0.0,0.0,0.0,0.0,0.0,0.0,0.0,0.0,0.0,0.0,0.0,0.0,0.0,0.0,0.0,64.4,0,116,56,49,65476,0,300,0,0,8,20529,65476,0,0,57672,80.0,0.0,0.0,0.0,0.0,0.0
2026-06-17T04:47:28,ERR,ERR,ERR,ERR,ERR,ERR,ERR,ERR,ERR,ERR,ERR,ERR,ERR,ERR,ERR,ERR,ERR,ERR,ERR,ERR,ERR,ERR,ERR,ERR,ERR,ERR,ERR,ERR,ERR,ERR,ERR,ERR,ERR,ERR,ERR,ERR,ERR,ERR,ERR,ERR,ERR,ERR,ERR,ERR,ERR,ERR,ERR,ERR,ERR,ERR,ERR,ERR,ERR,ERR,ERR,ERR,ERR,ERR,ERR,ERR,ERR,ERR,ERR,ERR,ERR,ERR,ERR,ERR,ERR,ERR,ERR,ERR,ERR,ERR,ERR,ERR,ERR,ERR,ERR,ERR,ERR,ERR,ERR,ERR,ERR,ERR,ERR,ERR,ERR,ERR,ERR,ERR,ERR,ERR,ERR,ERR,ERR,ERR,ERR,ERR,ERR,ERR,ERR,ERR,ERR,ERR,ERR,ERR,ERR,ERR,ERR,ERR,ERR,ERR,ERR,ERR,ERR,ERR,ERR,ERR,ERR,ERR,ERR,ERR,ERR,0.0,-0.0,3.028208139652935e+23,0.0,0.0,1.3936040501711995e+18,7.805,0.0,0,0,4,0,7300,-0.0,0,0.0,0.0,0.0,0.0,0.0,0,0,0,0,0.0,0,0,0,0,0,0,0,0,0,0,0,0,0,0,0,0,0,0,0,0,0,0,0,0,0,0,0,0,0,0,0,0,0,32,30,30,62,65476,0,300,0,0,8,21553,0.0,-107605600.0,0.0,0.0,0.0,0.0,0.0,0.0,0.0,0.0,0.0,0.0,0.0,0.0,0.0,0.0,0.0,0.0,0.0,0.0,0.0,0.0,2.004,-2.004,2.004,2.004,0.0,0.0,0.0,0.0,5589.0,2.4229930926790526e+24,6925.0,0.0,-0.0,-0.0,0.0,0.0,0.0,0.0,0.0,63,0.0,0.059,0.0,0.0,0.0,0.0,0.0,0.0,0.0,0,0,0,0.0,0.0,0.0,0.0,0.0,0.0,0.0,0.0,0.0,0.0,0.0,0.0,0.0,0.0,0.0,0.0,0,-107875648.0,63,0.0,126,2.7184242562605685e+23,2.842318642297501e+23,ERR,ERR,ERR,ERR,ERR,ERR,ERR,ERR,ERR,ERR,ERR,ERR,ERR,ERR,ERR,ERR,ERR,ERR,ERR,ERR,ERR,ERR,ERR,ERR,ERR,ERR,ERR,ERR,ERR,ERR,ERR,ERR,ERR,ERR,ERR,ERR,ERR,ERR,ERR,ERR,ERR,ERR,ERR,ERR,ERR,ERR,ERR,ERR,ERR,ERR,ERR,ERR,ERR,ERR,ERR,ERR,ERR,ERR,ERR,ERR,ERR,ERR,ERR,ERR,ERR,ERR,ERR,34.0,80.0,35,0.0,0.0,0.0,0.0,0.0,0.0,0.0,0.0,0.0,0.0,0.0,0.0,0.0,0.0,0.0,0.0,64.4,0,116,56,49,65476,0,300,0,0,8,20529,65476,0,0,57672,80.0,0.0,0.0,0.0,0.0,0.0
2026-06-17T04:47:29,ERR,ERR,ERR,ERR,ERR,ERR,ERR,ERR,ERR,ERR,ERR,ERR,ERR,ERR,ERR,ERR,ERR,ERR,ERR,ERR,ERR,ERR,ERR,ERR,ERR,ERR,ERR,ERR,ERR,ERR,ERR,ERR,ERR,ERR,ERR,ERR,ERR,ERR,ERR,ERR,ERR,ERR,ERR,ERR,ERR,ERR,ERR,ERR,ERR,ERR,ERR,ERR,ERR,ERR,ERR,ERR,ERR,ERR,ERR,ERR,ERR,ERR,ERR,ERR,ERR,ERR,ERR,ERR,ERR,ERR,ERR,ERR,ERR,ERR,ERR,ERR,ERR,ERR,ERR,ERR,ERR,ERR,ERR,ERR,ERR,ERR,ERR,ERR,ERR,ERR,ERR,ERR,ERR,ERR,ERR,ERR,ERR,ERR,ERR,ERR,ERR,ERR,ERR,ERR,ERR,ERR,ERR,ERR,ERR,ERR,ERR,ERR,ERR,ERR,ERR,ERR,ERR,ERR,ERR,ERR,ERR,ERR,ERR,ERR,ERR,0.0,-0.0,-0.0,0.0,0.0,1.3936040501711995e+18,7.805,0.0,0,0,4,0,7300,-0.0,0,0.0,0.0,0.0,0.0,0.0,0,0,0,0,0.0,0,0,0,0,0,0,0,0,0,0,0,0,0,0,0,0,0,0,0,0,0,0,0,0,0,0,0,0,0,0,0,0,0,32,30,30,62,65476,0,300,0,0,8,21553,0.0,-107605600.0,0.0,0.0,0.0,0.0,0.0,0.0,0.0,0.0,0.0,0.0,0.0,0.0,0.0,0.0,0.0,0.0,0.0,0.0,0.0,0.0,2.004,-2.004,2.004,2.004,0.0,0.0,0.0,0.0,5589.0,-0.0,6935.0,0.0,-0.0,-107615280.0,0.0,0.0,0.0,0.0,0.0,63,0.0,-0.0,0.0,0.0,0.0,0.0,0.0,0.0,0.0,0,0,0,0.0,0.0,0.0,0.0,0.0,0.0,0.0,0.0,0.0,0.0,0.0,0.0,0.0,0.0,0.0,0.0,0,-107875648.0,63,0.0,126,2.7184242562605685e+23,2.842318642297501e+23,ERR,ERR,ERR,ERR,ERR,ERR,ERR,ERR,ERR,ERR,ERR,ERR,ERR,ERR,ERR,ERR,ERR,ERR,ERR,ERR,ERR,ERR,ERR,ERR,ERR,ERR,ERR,ERR,ERR,ERR,ERR,ERR,ERR,ERR,ERR,ERR,ERR,ERR,ERR,ERR,ERR,ERR,ERR,ERR,ERR,ERR,ERR,ERR,ERR,ERR,ERR,ERR,ERR,ERR,ERR,ERR,ERR,ERR,ERR,ERR,ERR,ERR,ERR,ERR,ERR,ERR,ERR,34.0,80.0,35,0.0,0.0,0.0,0.0,0.0,0.0,0.0,0.0,0.0,0.0,0.0,0.0,0.0,0.0,0.0,0.0,64.8,0,116,56,49,65476,0,300,0,0,8,20529,65476,0,0,57672,80.0,0.0,0.0,0.0,0.0,0.0
2026-06-17T04:47:30,ERR,ERR,ERR,ERR,ERR,ERR,ERR,ERR,ERR,ERR,ERR,ERR,ERR,ERR,ERR,ERR,ERR,ERR,ERR,ERR,ERR,ERR,ERR,ERR,ERR,ERR,ERR,ERR,ERR,ERR,ERR,ERR,ERR,ERR,ERR,ERR,ERR,ERR,ERR,ERR,ERR,ERR,ERR,ERR,ERR,ERR,ERR,ERR,ERR,ERR,ERR,ERR,ERR,ERR,ERR,ERR,ERR,ERR,ERR,ERR,ERR,ERR,ERR,ERR,ERR,ERR,ERR,ERR,ERR,ERR,ERR,ERR,ERR,ERR,ERR,ERR,ERR,ERR,ERR,ERR,ERR,ERR,ERR,ERR,ERR,ERR,ERR,ERR,ERR,ERR,ERR,ERR,ERR,ERR,ERR,ERR,ERR,ERR,ERR,ERR,ERR,ERR,ERR,ERR,ERR,ERR,ERR,ERR,ERR,ERR,ERR,ERR,ERR,ERR,ERR,ERR,ERR,ERR,ERR,ERR,ERR,ERR,ERR,ERR,ERR,0.0,-0.0,-0.0,0.0,0.0,1.3936040501711995e+18,7.805,0.0,0,0,4,0,7300,-0.0,0,0.0,0.0,0.0,0.0,0.0,0,0,0,0,0.0,0,0,0,0,0,0,0,0,0,0,0,0,0,0,0,0,0,0,0,0,0,0,0,0,0,0,0,0,0,0,0,0,0,32,30,30,62,65476,0,300,0,0,8,21553,0.0,-107605600.0,0.0,0.0,0.0,0.0,0.0,0.0,0.0,0.0,0.0,0.0,0.0,0.0,0.0,0.0,0.0,0.0,0.0,0.0,0.0,0.0,2.004,-2.004,2.004,2.004,0.0,0.0,0.0,0.0,5589.0,-0.0,6935.0,0.0,-0.0,-107615280.0,0.0,0.0,0.0,0.0,0.0,63,0.0,-0.0,0.0,0.0,0.0,0.0,0.0,0.0,0.0,0,0,0,0.0,0.0,0.0,0.0,0.0,0.0,0.0,0.0,0.0,0.0,0.0,0.0,0.0,0.0,0.0,0.0,0,-107875648.0,63,0.0,126,2.7184242562605685e+23,2.842318642297501e+23,ERR,ERR,ERR,ERR,ERR,ERR,ERR,ERR,ERR,ERR,ERR,ERR,ERR,ERR,ERR,ERR,ERR,ERR,ERR,ERR,ERR,ERR,ERR,ERR,ERR,ERR,ERR,ERR,ERR,ERR,ERR,ERR,ERR,ERR,ERR,ERR,ERR,ERR,ERR,ERR,ERR,ERR,ERR,ERR,ERR,ERR,ERR,ERR,ERR,ERR,ERR,ERR,ERR,ERR,ERR,ERR,ERR,ERR,ERR,ERR,ERR,ERR,ERR,ERR,ERR,ERR,ERR,34.0,80.0,35,0.0,0.0,0.0,0.0,0.0,0.0,0.0,0.0,0.0,0.0,0.0,0.0,0.0,0.0,0.0,0.0,64.8,0,116,56,49,65476,0,300,0,0,8,20529,65476,0,0,57672,80.0,0.0,0.0,0.0,0.0,0.0
2026-06-17T04:47:31,ERR,ERR,ERR,ERR,ERR,ERR,ERR,ERR,ERR,ERR,ERR,ERR,ERR,ERR,ERR,ERR,ERR,ERR,ERR,ERR,ERR,ERR,ERR,ERR,ERR,ERR,ERR,ERR,ERR,ERR,ERR,ERR,ERR,ERR,ERR,ERR,ERR,ERR,ERR,ERR,ERR,ERR,ERR,ERR,ERR,ERR,ERR,ERR,ERR,ERR,ERR,ERR,ERR,ERR,ERR,ERR,ERR,ERR,ERR,ERR,ERR,ERR,ERR,ERR,ERR,ERR,ERR,ERR,ERR,ERR,ERR,ERR,ERR,ERR,ERR,ERR,ERR,ERR,ERR,ERR,ERR,ERR,ERR,ERR,ERR,ERR,ERR,ERR,ERR,ERR,ERR,ERR,ERR,ERR,ERR,ERR,ERR,ERR,ERR,ERR,ERR,ERR,ERR,ERR,ERR,ERR,ERR,ERR,ERR,ERR,ERR,ERR,ERR,ERR,ERR,ERR,ERR,ERR,ERR,ERR,ERR,ERR,ERR,ERR,ERR,0.0,-0.0,-0.0,0.0,0.0,1.3936040501711995e+18,7.805,0.0,0,0,4,0,7300,-0.0,0,0.0,0.0,0.0,0.0,0.0,0,0,0,0,0.0,0,0,0,0,0,0,0,0,0,0,0,0,0,0,0,0,0,0,0,0,0,0,0,0,0,0,0,0,0,0,0,0,0,32,30,30,62,65476,0,300,0,0,8,21553,0.0,-107605600.0,0.0,0.0,0.0,0.0,0.0,0.0,0.0,0.0,0.0,0.0,0.0,0.0,0.0,0.0,0.0,0.0,0.0,0.0,0.0,0.0,2.004,-2.004,2.004,2.004,0.0,0.0,0.0,0.0,5589.0,-0.0,6935.0,0.0,-0.0,-107615280.0,0.0,0.0,0.0,0.0,0.0,63,0.0,-0.0,0.0,0.0,0.0,0.0,0.0,0.0,0.0,0,0,0,0.0,0.0,0.0,0.0,0.0,0.0,0.0,0.0,0.0,0.0,0.0,0.0,0.0,0.0,0.0,0.0,0,-107875648.0,63,0.0,126,2.7184242562605685e+23,2.842318642297501e+23,ERR,ERR,ERR,ERR,ERR,ERR,ERR,ERR,ERR,ERR,ERR,ERR,ERR,ERR,ERR,ERR,ERR,ERR,ERR,ERR,ERR,ERR,ERR,ERR,ERR,ERR,ERR,ERR,ERR,ERR,ERR,ERR,ERR,ERR,ERR,ERR,ERR,ERR,ERR,ERR,ERR,ERR,ERR,ERR,ERR,ERR,ERR,ERR,ERR,ERR,ERR,ERR,ERR,ERR,ERR,ERR,ERR,ERR,ERR,ERR,ERR,ERR,ERR,ERR,ERR,ERR,ERR,34.0,80.0,35,0.0,0.0,0.0,0.0,0.0,0.0,0.0,0.0,0.0,0.0,0.0,0.0,0.0,0.0,0.0,0.0,64.4,0,116,56,49,65476,0,300,0,0,8,20529,65476,0,0,57672,80.0,0.0,0.0,0.0,0.0,0.0
2026-06-17T04:47:32,ERR,ERR,ERR,ERR,ERR,ERR,ERR,ERR,ERR,ERR,ERR,ERR,ERR,ERR,ERR,ERR,ERR,ERR,ERR,ERR,ERR,ERR,ERR,ERR,ERR,ERR,ERR,ERR,ERR,ERR,ERR,ERR,ERR,ERR,ERR,ERR,ERR,ERR,ERR,ERR,ERR,ERR,ERR,ERR,ERR,ERR,ERR,ERR,ERR,ERR,ERR,ERR,ERR,ERR,ERR,ERR,ERR,ERR,ERR,ERR,ERR,ERR,ERR,ERR,ERR,ERR,ERR,ERR,ERR,ERR,ERR,ERR,ERR,ERR,ERR,ERR,ERR,ERR,ERR,ERR,ERR,ERR,ERR,ERR,ERR,ERR,ERR,ERR,ERR,ERR,ERR,ERR,ERR,ERR,ERR,ERR,ERR,ERR,ERR,ERR,ERR,ERR,ERR,ERR,ERR,ERR,ERR,ERR,ERR,ERR,ERR,ERR,ERR,ERR,ERR,ERR,ERR,ERR,ERR,ERR,ERR,ERR,ERR,ERR,ERR,0.0,-0.0,-0.0,0.0,0.0,1.3936040501711995e+18,7.805,0.0,0,0,4,0,7300,-0.0,0,0.0,0.0,0.0,0.0,0.0,0,0,0,0,0.0,0,0,0,0,0,0,0,0,0,0,0,0,0,0,0,0,0,0,0,0,0,0,0,0,0,0,0,0,0,0,0,0,0,32,30,30,62,65476,0,300,0,0,8,21553,0.0,-107605600.0,0.0,0.0,0.0,0.0,0.0,0.0,0.0,0.0,0.0,0.0,0.0,0.0,0.0,0.0,0.0,0.0,0.0,0.0,0.0,0.0,2.004,-2.004,2.004,2.004,0.0,0.0,0.0,0.0,5589.0,-0.0,6935.0,0.0,-0.0,-107615280.0,0.0,0.0,0.0,0.0,0.0,63,0.0,-0.0,0.0,0.0,0.0,0.0,0.0,0.0,0.0,0,0,0,0.0,0.0,0.0,0.0,0.0,0.0,0.0,0.0,0.0,0.0,0.0,0.0,0.0,0.0,0.0,0.0,0,-107875648.0,63,0.0,126,2.7184242562605685e+23,2.842318642297501e+23,ERR,ERR,ERR,ERR,ERR,ERR,ERR,ERR,ERR,ERR,ERR,ERR,ERR,ERR,ERR,ERR,ERR,ERR,ERR,ERR,ERR,ERR,ERR,ERR,ERR,ERR,ERR,ERR,ERR,ERR,ERR,ERR,ERR,ERR,ERR,ERR,ERR,ERR,ERR,ERR,ERR,ERR,ERR,ERR,ERR,ERR,ERR,ERR,ERR,ERR,ERR,ERR,ERR,ERR,ERR,ERR,ERR,ERR,ERR,ERR,ERR,ERR,ERR,ERR,ERR,ERR,ERR,34.0,80.0,35,0.0,0.0,0.0,0.0,0.0,0.0,0.0,0.0,0.0,0.0,0.0,0.0,0.0,0.0,0.0,0.0,64.4,0,116,56,49,65476,0,300,0,0,8,20529,65476,0,0,57672,80.0,0.0,0.0,0.0,0.0,0.0
2026-06-17T04:47:33,ERR,ERR,ERR,ERR,ERR,ERR,ERR,ERR,ERR,ERR,ERR,ERR,ERR,ERR,ERR,ERR,ERR,ERR,ERR,ERR,ERR,ERR,ERR,ERR,ERR,ERR,ERR,ERR,ERR,ERR,ERR,ERR,ERR,ERR,ERR,ERR,ERR,ERR,ERR,ERR,ERR,ERR,ERR,ERR,ERR,ERR,ERR,ERR,ERR,ERR,ERR,ERR,ERR,ERR,ERR,ERR,ERR,ERR,ERR,ERR,ERR,ERR,ERR,ERR,ERR,ERR,ERR,ERR,ERR,ERR,ERR,ERR,ERR,ERR,ERR,ERR,ERR,ERR,ERR,ERR,ERR,ERR,ERR,ERR,ERR,ERR,ERR,ERR,ERR,ERR,ERR,ERR,ERR,ERR,ERR,ERR,ERR,ERR,ERR,ERR,ERR,ERR,ERR,ERR,ERR,ERR,ERR,ERR,ERR,ERR,ERR,ERR,ERR,ERR,ERR,ERR,ERR,ERR,ERR,ERR,ERR,ERR,ERR,ERR,ERR,0.0,-0.0,-0.0,0.0,0.0,1.3936040501711995e+18,7.805,0.0,0,0,4,0,7300,-0.0,0,0.0,0.0,0.0,0.0,0.0,0,0,0,0,0.0,0,0,0,0,0,0,0,0,0,0,0,0,0,0,0,0,0,0,0,0,0,0,0,0,0,0,0,0,0,0,0,0,0,32,30,30,62,65476,0,300,0,0,8,21553,0.0,-107605600.0,0.0,0.0,0.0,0.0,0.0,0.0,0.0,0.0,0.0,0.0,0.0,0.0,0.0,0.0,0.0,0.0,0.0,0.0,0.0,0.0,2.004,-2.004,2.004,2.004,0.0,0.0,0.0,0.0,5589.0,-0.0,6935.0,0.0,-0.0,-107615280.0,0.0,0.0,0.0,0.0,0.0,63,0.0,-0.0,0.0,0.0,0.0,0.0,0.0,0.0,0.0,0,0,0,0.0,0.0,0.0,0.0,0.0,0.0,0.0,0.0,0.0,0.0,0.0,0.0,0.0,0.0,0.0,0.0,0,-107875648.0,63,0.0,126,2.7184242562605685e+23,2.842318642297501e+23,ERR,ERR,ERR,ERR,ERR,ERR,ERR,ERR,ERR,ERR,ERR,ERR,ERR,ERR,ERR,ERR,ERR,ERR,ERR,ERR,ERR,ERR,ERR,ERR,ERR,ERR,ERR,ERR,ERR,ERR,ERR,ERR,ERR,ERR,ERR,ERR,ERR,ERR,ERR,ERR,ERR,ERR,ERR,ERR,ERR,ERR,ERR,ERR,ERR,ERR,ERR,ERR,ERR,ERR,ERR,ERR,ERR,ERR,ERR,ERR,ERR,ERR,ERR,ERR,ERR,ERR,ERR,34.0,80.0,35,0.0,0.0,0.0,0.0,0.0,0.0,0.0,0.0,0.0,0.0,0.0,0.0,0.0,0.0,0.0,0.0,64.4,0,116,56,49,65476,0,300,0,0,8,20529,65476,0,0,57672,80.0,0.0,0.0,0.0,0.0,0.0
2026-06-17T04:47:34,ERR,ERR,ERR,ERR,ERR,ERR,ERR,ERR,ERR,ERR,ERR,ERR,ERR,ERR,ERR,ERR,ERR,ERR,ERR,ERR,ERR,ERR,ERR,ERR,ERR,ERR,ERR,ERR,ERR,ERR,ERR,ERR,ERR,ERR,ERR,ERR,ERR,ERR,ERR,ERR,ERR,ERR,ERR,ERR,ERR,ERR,ERR,ERR,ERR,ERR,ERR,ERR,ERR,ERR,ERR,ERR,ERR,ERR,ERR,ERR,ERR,ERR,ERR,ERR,ERR,ERR,ERR,ERR,ERR,ERR,ERR,ERR,ERR,ERR,ERR,ERR,ERR,ERR,ERR,ERR,ERR,ERR,ERR,ERR,ERR,ERR,ERR,ERR,ERR,ERR,ERR,ERR,ERR,ERR,ERR,ERR,ERR,ERR,ERR,ERR,ERR,ERR,ERR,ERR,ERR,ERR,ERR,ERR,ERR,ERR,ERR,ERR,ERR,ERR,ERR,ERR,ERR,ERR,ERR,ERR,ERR,ERR,ERR,ERR,ERR,0.0,-0.0,-0.0,0.0,0.0,1.3936040501711995e+18,7.805,0.0,0,0,4,0,7300,-0.0,0,0.0,0.0,0.0,0.0,0.0,0,0,0,0,0.0,0,0,0,0,0,0,0,0,0,0,0,0,0,0,0,0,0,0,0,0,0,0,0,0,0,0,0,0,0,0,0,0,0,32,30,30,62,65476,0,300,0,0,8,21553,0.0,-107605600.0,0.0,0.0,0.0,0.0,0.0,0.0,0.0,0.0,0.0,0.0,0.0,0.0,0.0,0.0,0.0,0.0,0.0,0.0,0.0,0.0,2.004,-2.004,2.004,2.004,0.0,0.0,0.0,0.0,5589.0,-0.0,6935.0,0.0,-0.0,-107615280.0,0.0,0.0,0.0,0.0,0.0,63,0.0,-0.0,0.0,0.0,0.0,0.0,0.0,0.0,0.0,0,0,0,0.0,0.0,0.0,0.0,0.0,0.0,0.0,0.0,0.0,0.0,0.0,0.0,0.0,0.0,0.0,0.0,0,-107875648.0,63,0.0,126,2.7184242562605685e+23,2.842318642297501e+23,ERR,ERR,ERR,ERR,ERR,ERR,ERR,ERR,ERR,ERR,ERR,ERR,ERR,ERR,ERR,ERR,ERR,ERR,ERR,ERR,ERR,ERR,ERR,ERR,ERR,ERR,ERR,ERR,ERR,ERR,ERR,ERR,ERR,ERR,ERR,ERR,ERR,ERR,ERR,ERR,ERR,ERR,ERR,ERR,ERR,ERR,ERR,ERR,ERR,ERR,ERR,ERR,ERR,ERR,ERR,ERR,ERR,ERR,ERR,ERR,ERR,ERR,ERR,ERR,ERR,ERR,ERR,34.0,80.0,35,0.0,0.0,0.0,0.0,0.0,0.0,0.0,0.0,0.0,0.0,0.0,0.0,0.0,0.0,0.0,0.0,64.4,0,116,56,49,65476,0,300,0,0,8,20529,65476,0,0,57672,80.0,0.0,0.0,0.0,0.0,0.0
2026-06-17T04:47:35,ERR,ERR,ERR,ERR,ERR,ERR,ERR,ERR,ERR,ERR,ERR,ERR,ERR,ERR,ERR,ERR,ERR,ERR,ERR,ERR,ERR,ERR,ERR,ERR,ERR,ERR,ERR,ERR,ERR,ERR,ERR,ERR,ERR,ERR,ERR,ERR,ERR,ERR,ERR,ERR,ERR,ERR,ERR,ERR,ERR,ERR,ERR,ERR,ERR,ERR,ERR,ERR,ERR,ERR,ERR,ERR,ERR,ERR,ERR,ERR,ERR,ERR,ERR,ERR,ERR,ERR,ERR,ERR,ERR,ERR,ERR,ERR,ERR,ERR,ERR,ERR,ERR,ERR,ERR,ERR,ERR,ERR,ERR,ERR,ERR,ERR,ERR,ERR,ERR,ERR,ERR,ERR,ERR,ERR,ERR,ERR,ERR,ERR,ERR,ERR,ERR,ERR,ERR,ERR,ERR,ERR,ERR,ERR,ERR,ERR,ERR,ERR,ERR,ERR,ERR,ERR,ERR,ERR,ERR,ERR,ERR,ERR,ERR,ERR,ERR,0.0,-0.0,-0.0,0.0,0.0,1.3936040501711995e+18,7.805,0.0,0,0,4,0,7300,-0.0,0,0.0,0.0,0.0,0.0,0.0,0,0,0,0,0.0,0,0,0,0,0,0,0,0,0,0,0,0,0,0,0,0,0,0,0,0,0,0,0,0,0,0,0,0,0,0,0,0,0,32,30,30,62,65476,0,300,0,0,8,21553,0.0,-107605600.0,0.0,0.0,0.0,0.0,0.0,0.0,0.0,0.0,0.0,0.0,0.0,0.0,0.0,0.0,0.0,0.0,0.0,0.0,0.0,0.0,2.004,-2.004,2.004,2.004,0.0,0.0,0.0,0.0,5589.0,-1.0406676091490428e+34,6943.0,0.0,-0.0,-0.0,0.0,0.0,0.0,0.0,0.0,63,0.0,-4.950410415642438e+32,0.0,0.0,0.0,0.0,0.0,0.0,0.0,0,0,0,0.0,0.0,0.0,0.0,0.0,0.0,0.0,0.0,0.0,0.0,0.0,0.0,0.0,0.0,0.0,0.0,0,-107875648.0,63,0.0,126,2.7184242562605685e+23,2.842318642297501e+23,ERR,ERR,ERR,ERR,ERR,ERR,ERR,ERR,ERR,ERR,ERR,ERR,ERR,ERR,ERR,ERR,ERR,ERR,ERR,ERR,ERR,ERR,ERR,ERR,ERR,ERR,ERR,ERR,ERR,ERR,ERR,ERR,ERR,ERR,ERR,ERR,ERR,ERR,ERR,ERR,ERR,ERR,ERR,ERR,ERR,ERR,ERR,ERR,ERR,ERR,ERR,ERR,ERR,ERR,ERR,ERR,ERR,ERR,ERR,ERR,ERR,ERR,ERR,ERR,ERR,ERR,ERR,34.0,80.0,35,0.0,0.0,0.0,0.0,0.0,0.0,0.0,0.0,0.0,0.0,0.0,0.0,0.0,0.0,0.0,0.0,64.4,0,116,56,49,65476,0,300,0,0,8,20529,65476,0,0,57672,80.0,0.0,0.0,0.0,0.0,0.0
2026-06-17T04:47:36,ERR,ERR,ERR,ERR,ERR,ERR,ERR,ERR,ERR,ERR,ERR,ERR,ERR,ERR,ERR,ERR,ERR,ERR,ERR,ERR,ERR,ERR,ERR,ERR,ERR,ERR,ERR,ERR,ERR,ERR,ERR,ERR,ERR,ERR,ERR,ERR,ERR,ERR,ERR,ERR,ERR,ERR,ERR,ERR,ERR,ERR,ERR,ERR,ERR,ERR,ERR,ERR,ERR,ERR,ERR,ERR,ERR,ERR,ERR,ERR,ERR,ERR,ERR,ERR,ERR,ERR,ERR,ERR,ERR,ERR,ERR,ERR,ERR,ERR,ERR,ERR,ERR,ERR,ERR,ERR,ERR,ERR,ERR,ERR,ERR,ERR,ERR,ERR,ERR,ERR,ERR,ERR,ERR,ERR,ERR,ERR,ERR,ERR,ERR,ERR,ERR,ERR,ERR,ERR,ERR,ERR,ERR,ERR,ERR,ERR,ERR,ERR,ERR,ERR,ERR,ERR,ERR,ERR,ERR,ERR,ERR,ERR,ERR,ERR,ERR,0.0,-0.0,-0.0,0.0,0.0,1.3936040501711995e+18,7.805,0.0,0,0,4,0,7300,-0.0,0,0.0,0.0,0.0,0.0,0.0,0,0,0,0,0.0,0,0,0,0,0,0,0,0,0,0,0,0,0,0,0,0,0,0,0,0,0,0,0,0,0,0,0,0,0,0,0,0,0,32,30,30,62,65476,0,300,0,0,8,21553,0.0,-107605600.0,0.0,0.0,0.0,0.0,0.0,0.0,0.0,0.0,0.0,0.0,0.0,0.0,0.0,0.0,0.0,0.0,0.0,0.0,0.0,0.0,2.004,-2.004,2.004,2.004,0.0,0.0,0.0,0.0,5589.0,-1.0406676091490428e+34,6943.0,0.0,-0.0,-0.0,0.0,0.0,0.0,0.0,0.0,63,0.0,-4.950410415642438e+32,0.0,0.0,0.0,0.0,0.0,0.0,0.0,0,0,0,0.0,0.0,0.0,0.0,0.0,0.0,0.0,0.0,0.0,0.0,0.0,0.0,0.0,0.0,0.0,0.0,0,-107875648.0,63,0.0,126,2.7184242562605685e+23,2.842318642297501e+23,ERR,ERR,ERR,ERR,ERR,ERR,ERR,ERR,ERR,ERR,ERR,ERR,ERR,ERR,ERR,ERR,ERR,ERR,ERR,ERR,ERR,ERR,ERR,ERR,ERR,ERR,ERR,ERR,ERR,ERR,ERR,ERR,ERR,ERR,ERR,ERR,ERR,ERR,ERR,ERR,ERR,ERR,ERR,ERR,ERR,ERR,ERR,ERR,ERR,ERR,ERR,ERR,ERR,ERR,ERR,ERR,ERR,ERR,ERR,ERR,ERR,ERR,ERR,ERR,ERR,ERR,ERR,34.0,80.0,35,0.0,0.0,0.0,0.0,0.0,0.0,0.0,0.0,0.0,0.0,0.0,0.0,0.0,0.0,0.0,0.0,64.4,0,116,56,49,65476,0,300,0,0,8,20529,65476,0,0,57672,80.0,0.0,0.0,0.0,0.0,0.0
2026-06-17T04:47:37,ERR,ERR,ERR,ERR,ERR,ERR,ERR,ERR,ERR,ERR,ERR,ERR,ERR,ERR,ERR,ERR,ERR,ERR,ERR,ERR,ERR,ERR,ERR,ERR,ERR,ERR,ERR,ERR,ERR,ERR,ERR,ERR,ERR,ERR,ERR,ERR,ERR,ERR,ERR,ERR,ERR,ERR,ERR,ERR,ERR,ERR,ERR,ERR,ERR,ERR,ERR,ERR,ERR,ERR,ERR,ERR,ERR,ERR,ERR,ERR,ERR,ERR,ERR,ERR,ERR,ERR,ERR,ERR,ERR,ERR,ERR,ERR,ERR,ERR,ERR,ERR,ERR,ERR,ERR,ERR,ERR,ERR,ERR,ERR,ERR,ERR,ERR,ERR,ERR,ERR,ERR,ERR,ERR,ERR,ERR,ERR,ERR,ERR,ERR,ERR,ERR,ERR,ERR,ERR,ERR,ERR,ERR,ERR,ERR,ERR,ERR,ERR,ERR,ERR,ERR,ERR,ERR,ERR,ERR,ERR,ERR,ERR,ERR,ERR,ERR,0.0,-0.0,-0.0,0.0,0.0,1.3936040501711995e+18,7.805,0.0,0,0,4,0,7300,-0.0,0,0.0,0.0,0.0,0.0,0.0,0,0,0,0,0.0,0,0,0,0,0,0,0,0,0,0,0,0,0,0,0,0,0,0,0,0,0,0,0,0,0,0,0,0,0,0,0,0,0,32,30,30,62,65476,0,300,0,0,8,21553,0.0,-107605600.0,0.0,0.0,0.0,0.0,0.0,0.0,0.0,0.0,0.0,0.0,0.0,0.0,0.0,0.0,0.0,0.0,0.0,0.0,0.0,0.0,2.004,-2.004,2.004,2.004,0.0,0.0,0.0,0.0,5589.0,-1.0406676091490428e+34,6943.0,0.0,-0.0,-0.0,0.0,0.0,0.0,0.0,0.0,63,0.0,-4.950410415642438e+32,0.0,0.0,0.0,0.0,0.0,0.0,0.0,0,0,0,0.0,0.0,0.0,0.0,0.0,0.0,0.0,0.0,0.0,0.0,0.0,0.0,0.0,0.0,0.0,0.0,0,-107875648.0,63,0.0,126,2.7184242562605685e+23,2.842318642297501e+23,ERR,ERR,ERR,ERR,ERR,ERR,ERR,ERR,ERR,ERR,ERR,ERR,ERR,ERR,ERR,ERR,ERR,ERR,ERR,ERR,ERR,ERR,ERR,ERR,ERR,ERR,ERR,ERR,ERR,ERR,ERR,ERR,ERR,ERR,ERR,ERR,ERR,ERR,ERR,ERR,ERR,ERR,ERR,ERR,ERR,ERR,ERR,ERR,ERR,ERR,ERR,ERR,ERR,ERR,ERR,ERR,ERR,ERR,ERR,ERR,ERR,ERR,ERR,ERR,ERR,ERR,ERR,34.0,80.0,35,0.0,0.0,0.0,0.0,0.0,0.0,0.0,0.0,0.0,0.0,0.0,0.0,0.0,0.0,0.0,0.0,64.4,0,116,56,49,65476,0,300,0,0,8,20529,65476,0,0,57672,80.0,0.0,0.0,0.0,0.0,0.0
2026-06-17T04:47:38,ERR,ERR,ERR,ERR,ERR,ERR,ERR,ERR,ERR,ERR,ERR,ERR,ERR,ERR,ERR,ERR,ERR,ERR,ERR,ERR,ERR,ERR,ERR,ERR,ERR,ERR,ERR,ERR,ERR,ERR,ERR,ERR,ERR,ERR,ERR,ERR,ERR,ERR,ERR,ERR,ERR,ERR,ERR,ERR,ERR,ERR,ERR,ERR,ERR,ERR,ERR,ERR,ERR,ERR,ERR,ERR,ERR,ERR,ERR,ERR,ERR,ERR,ERR,ERR,ERR,ERR,ERR,ERR,ERR,ERR,ERR,ERR,ERR,ERR,ERR,ERR,ERR,ERR,ERR,ERR,ERR,ERR,ERR,ERR,ERR,ERR,ERR,ERR,ERR,ERR,ERR,ERR,ERR,ERR,ERR,ERR,ERR,ERR,ERR,ERR,ERR,ERR,ERR,ERR,ERR,ERR,ERR,ERR,ERR,ERR,ERR,ERR,ERR,ERR,ERR,ERR,ERR,ERR,ERR,ERR,ERR,ERR,ERR,ERR,ERR,0.0,-0.0,-0.0,0.0,0.0,1.3936040501711995e+18,7.805,0.0,0,0,4,0,7300,-0.0,0,0.0,0.0,0.0,0.0,0.0,0,0,0,0,0.0,0,0,0,0,0,0,0,0,0,0,0,0,0,0,0,0,0,0,0,0,0,0,0,0,0,0,0,0,0,0,0,0,0,32,30,30,62,65476,0,300,0,0,8,21553,0.0,-107605600.0,0.0,0.0,0.0,0.0,0.0,0.0,0.0,0.0,0.0,0.0,0.0,0.0,0.0,0.0,0.0,0.0,0.0,0.0,0.0,0.0,2.004,-2.004,2.004,2.004,0.0,0.0,0.0,0.0,5589.0,-1.0406676091490428e+34,6943.0,0.0,-0.0,-0.0,0.0,0.0,0.0,0.0,0.0,63,0.0,-4.950410415642438e+32,0.0,0.0,0.0,0.0,0.0,0.0,0.0,0,0,0,0.0,0.0,0.0,0.0,0.0,0.0,0.0,0.0,0.0,0.0,0.0,0.0,0.0,0.0,0.0,0.0,0,-107875648.0,63,0.0,126,2.7184242562605685e+23,2.842318642297501e+23,ERR,ERR,ERR,ERR,ERR,ERR,ERR,ERR,ERR,ERR,ERR,ERR,ERR,ERR,ERR,ERR,ERR,ERR,ERR,ERR,ERR,ERR,ERR,ERR,ERR,ERR,ERR,ERR,ERR,ERR,ERR,ERR,ERR,ERR,ERR,ERR,ERR,ERR,ERR,ERR,ERR,ERR,ERR,ERR,ERR,ERR,ERR,ERR,ERR,ERR,ERR,ERR,ERR,ERR,ERR,ERR,ERR,ERR,ERR,ERR,ERR,ERR,ERR,ERR,ERR,ERR,ERR,34.0,80.0,35,0.0,0.0,0.0,0.0,0.0,0.0,0.0,0.0,0.0,0.0,0.0,0.0,0.0,0.0,0.0,0.0,64.8,0,116,56,49,65476,0,300,0,0,8,20529,65476,0,0,57672,80.0,0.0,0.0,0.0,0.0,0.0
2026-06-17T04:47:39,ERR,ERR,ERR,ERR,ERR,ERR,ERR,ERR,ERR,ERR,ERR,ERR,ERR,ERR,ERR,ERR,ERR,ERR,ERR,ERR,ERR,ERR,ERR,ERR,ERR,ERR,ERR,ERR,ERR,ERR,ERR,ERR,ERR,ERR,ERR,ERR,ERR,ERR,ERR,ERR,ERR,ERR,ERR,ERR,ERR,ERR,ERR,ERR,ERR,ERR,ERR,ERR,ERR,ERR,ERR,ERR,ERR,ERR,ERR,ERR,ERR,ERR,ERR,ERR,ERR,ERR,ERR,ERR,ERR,ERR,ERR,ERR,ERR,ERR,ERR,ERR,ERR,ERR,ERR,ERR,ERR,ERR,ERR,ERR,ERR,ERR,ERR,ERR,ERR,ERR,ERR,ERR,ERR,ERR,ERR,ERR,ERR,ERR,ERR,ERR,ERR,ERR,ERR,ERR,ERR,ERR,ERR,ERR,ERR,ERR,ERR,ERR,ERR,ERR,ERR,ERR,ERR,ERR,ERR,ERR,ERR,ERR,ERR,ERR,ERR,0.0,-0.0,-0.0,0.0,0.0,1.3936040501711995e+18,7.805,0.0,0,0,4,0,7300,-0.0,0,0.0,0.0,0.0,0.0,0.0,0,0,0,0,0.0,0,0,0,0,0,0,0,0,0,0,0,0,0,0,0,0,0,0,0,0,0,0,0,0,0,0,0,0,0,0,0,0,0,32,30,30,62,65476,0,300,0,0,8,21553,0.0,-107605600.0,0.0,0.0,0.0,0.0,0.0,0.0,0.0,0.0,0.0,0.0,0.0,0.0,0.0,0.0,0.0,0.0,0.0,0.0,0.0,0.0,2.004,-2.004,2.004,2.004,0.0,0.0,0.0,0.0,5589.0,-1.0406676091490428e+34,6943.0,0.0,-0.0,-0.0,0.0,0.0,0.0,0.0,0.0,63,0.0,-4.950410415642438e+32,0.0,0.0,0.0,0.0,0.0,0.0,0.0,0,0,0,0.0,0.0,0.0,0.0,0.0,0.0,0.0,0.0,0.0,0.0,0.0,0.0,0.0,0.0,0.0,0.0,0,-107875648.0,63,0.0,126,2.7184242562605685e+23,2.842318642297501e+23,ERR,ERR,ERR,ERR,ERR,ERR,ERR,ERR,ERR,ERR,ERR,ERR,ERR,ERR,ERR,ERR,ERR,ERR,ERR,ERR,ERR,ERR,ERR,ERR,ERR,ERR,ERR,ERR,ERR,ERR,ERR,ERR,ERR,ERR,ERR,ERR,ERR,ERR,ERR,ERR,ERR,ERR,ERR,ERR,ERR,ERR,ERR,ERR,ERR,ERR,ERR,ERR,ERR,ERR,ERR,ERR,ERR,ERR,ERR,ERR,ERR,ERR,ERR,ERR,ERR,ERR,ERR,34.0,80.0,35,0.0,0.0,0.0,0.0,0.0,0.0,0.0,0.0,0.0,0.0,0.0,0.0,0.0,0.0,0.0,0.0,64.8,0,116,56,49,65476,0,300,0,0,8,20529,65476,0,0,57672,80.0,0.0,0.0,0.0,0.0,0.0
2026-06-17T04:47:40,ERR,ERR,ERR,ERR,ERR,ERR,ERR,ERR,ERR,ERR,ERR,ERR,ERR,ERR,ERR,ERR,ERR,ERR,ERR,ERR,ERR,ERR,ERR,ERR,ERR,ERR,ERR,ERR,ERR,ERR,ERR,ERR,ERR,ERR,ERR,ERR,ERR,ERR,ERR,ERR,ERR,ERR,ERR,ERR,ERR,ERR,ERR,ERR,ERR,ERR,ERR,ERR,ERR,ERR,ERR,ERR,ERR,ERR,ERR,ERR,ERR,ERR,ERR,ERR,ERR,ERR,ERR,ERR,ERR,ERR,ERR,ERR,ERR,ERR,ERR,ERR,ERR,ERR,ERR,ERR,ERR,ERR,ERR,ERR,ERR,ERR,ERR,ERR,ERR,ERR,ERR,ERR,ERR,ERR,ERR,ERR,ERR,ERR,ERR,ERR,ERR,ERR,ERR,ERR,ERR,ERR,ERR,ERR,ERR,ERR,ERR,ERR,ERR,ERR,ERR,ERR,ERR,ERR,ERR,ERR,ERR,ERR,ERR,ERR,ERR,0.0,-0.0,-0.0,0.0,0.0,1.3936040501711995e+18,7.805,0.0,0,0,4,0,7300,-0.0,0,0.0,0.0,0.0,0.0,0.0,0,0,0,0,0.0,0,0,0,0,0,0,0,0,0,0,0,0,0,0,0,0,0,0,0,0,0,0,0,0,0,0,0,0,0,0,0,0,0,32,30,30,62,65476,0,300,0,0,8,21553,0.0,-107605600.0,0.0,0.0,0.0,0.0,0.0,0.0,0.0,0.0,0.0,0.0,0.0,0.0,0.0,0.0,0.0,0.0,0.0,0.0,0.0,0.0,2.004,-2.004,2.004,2.004,0.0,0.0,0.0,0.0,5622.0,-0.0,6929.0,0.0,-0.0,-0.0,0.0,0.0,0.0,0.0,0.0,63,0.0,-0.0,0.0,0.0,0.0,0.0,0.0,0.0,0.0,0,0,0,0.0,0.0,0.0,0.0,0.0,0.0,0.0,0.0,0.0,0.0,0.0,0.0,0.0,0.0,0.0,0.0,0,-107875648.0,63,0.0,126,2.7184242562605685e+23,2.842318642297501e+23,ERR,ERR,ERR,ERR,ERR,ERR,ERR,ERR,ERR,ERR,ERR,ERR,ERR,ERR,ERR,ERR,ERR,ERR,ERR,ERR,ERR,ERR,ERR,ERR,ERR,ERR,ERR,ERR,ERR,ERR,ERR,ERR,ERR,ERR,ERR,ERR,ERR,ERR,ERR,ERR,ERR,ERR,ERR,ERR,ERR,ERR,ERR,ERR,ERR,ERR,ERR,ERR,ERR,ERR,ERR,ERR,ERR,ERR,ERR,ERR,ERR,ERR,ERR,ERR,ERR,ERR,ERR,34.0,80.0,35,0.0,0.0,0.0,0.0,0.0,0.0,0.0,0.0,0.0,0.0,0.0,0.0,0.0,0.0,0.0,0.0,64.8,0,116,56,49,65476,0,300,0,0,8,20529,65476,0,0,57672,80.0,0.0,0.0,0.0,0.0,0.0
2026-06-17T04:47:41,ERR,ERR,ERR,ERR,ERR,ERR,ERR,ERR,ERR,ERR,ERR,ERR,ERR,ERR,ERR,ERR,ERR,ERR,ERR,ERR,ERR,ERR,ERR,ERR,ERR,ERR,ERR,ERR,ERR,ERR,ERR,ERR,ERR,ERR,ERR,ERR,ERR,ERR,ERR,ERR,ERR,ERR,ERR,ERR,ERR,ERR,ERR,ERR,ERR,ERR,ERR,ERR,ERR,ERR,ERR,ERR,ERR,ERR,ERR,ERR,ERR,ERR,ERR,ERR,ERR,ERR,ERR,ERR,ERR,ERR,ERR,ERR,ERR,ERR,ERR,ERR,ERR,ERR,ERR,ERR,ERR,ERR,ERR,ERR,ERR,ERR,ERR,ERR,ERR,ERR,ERR,ERR,ERR,ERR,ERR,ERR,ERR,ERR,ERR,ERR,ERR,ERR,ERR,ERR,ERR,ERR,ERR,ERR,ERR,ERR,ERR,ERR,ERR,ERR,ERR,ERR,ERR,ERR,ERR,ERR,ERR,ERR,ERR,ERR,ERR,0.0,-0.0,-0.0,0.0,0.0,1.3936040501711995e+18,7.805,0.0,0,0,4,0,7300,-0.0,0,0.0,0.0,0.0,0.0,0.0,0,0,0,0,0.0,0,0,0,0,0,0,0,0,0,0,0,0,0,0,0,0,0,0,0,0,0,0,0,0,0,0,0,0,0,0,0,0,0,32,30,30,62,65476,0,300,0,0,8,21553,0.0,-107605600.0,0.0,0.0,0.0,0.0,0.0,0.0,0.0,0.0,0.0,0.0,0.0,0.0,0.0,0.0,0.0,0.0,0.0,0.0,0.0,0.0,2.004,-2.004,2.004,2.004,0.0,0.0,0.0,0.0,5622.0,-0.0,6929.0,0.0,-0.0,-0.0,0.0,0.0,0.0,0.0,0.0,63,0.0,-0.0,0.0,0.0,0.0,0.0,0.0,0.0,0.0,0,0,0,0.0,0.0,0.0,0.0,0.0,0.0,0.0,0.0,0.0,0.0,0.0,0.0,0.0,0.0,0.0,0.0,0,-107875648.0,63,0.0,126,2.7184242562605685e+23,2.842318642297501e+23,ERR,ERR,ERR,ERR,ERR,ERR,ERR,ERR,ERR,ERR,ERR,ERR,ERR,ERR,ERR,ERR,ERR,ERR,ERR,ERR,ERR,ERR,ERR,ERR,ERR,ERR,ERR,ERR,ERR,ERR,ERR,ERR,ERR,ERR,ERR,ERR,ERR,ERR,ERR,ERR,ERR,ERR,ERR,ERR,ERR,ERR,ERR,ERR,ERR,ERR,ERR,ERR,ERR,ERR,ERR,ERR,ERR,ERR,ERR,ERR,ERR,ERR,ERR,ERR,ERR,ERR,ERR,34.0,80.0,35,0.0,0.0,0.0,0.0,0.0,0.0,0.0,0.0,0.0,0.0,0.0,0.0,0.0,0.0,0.0,0.0,64.8,0,116,56,49,65476,0,300,0,0,8,20529,65476,0,0,57672,80.0,0.0,0.0,0.0,0.0,0.0
2026-06-17T04:47:42,ERR,ERR,ERR,ERR,ERR,ERR,ERR,ERR,ERR,ERR,ERR,ERR,ERR,ERR,ERR,ERR,ERR,ERR,ERR,ERR,ERR,ERR,ERR,ERR,ERR,ERR,ERR,ERR,ERR,ERR,ERR,ERR,ERR,ERR,ERR,ERR,ERR,ERR,ERR,ERR,ERR,ERR,ERR,ERR,ERR,ERR,ERR,ERR,ERR,ERR,ERR,ERR,ERR,ERR,ERR,ERR,ERR,ERR,ERR,ERR,ERR,ERR,ERR,ERR,ERR,ERR,ERR,ERR,ERR,ERR,ERR,ERR,ERR,ERR,ERR,ERR,ERR,ERR,ERR,ERR,ERR,ERR,ERR,ERR,ERR,ERR,ERR,ERR,ERR,ERR,ERR,ERR,ERR,ERR,ERR,ERR,ERR,ERR,ERR,ERR,ERR,ERR,ERR,ERR,ERR,ERR,ERR,ERR,ERR,ERR,ERR,ERR,ERR,ERR,ERR,ERR,ERR,ERR,ERR,ERR,ERR,ERR,ERR,ERR,ERR,0.0,-0.0,-0.0,0.0,0.0,1.3936040501711995e+18,7.805,0.0,0,0,4,0,7300,-0.0,0,0.0,0.0,0.0,0.0,0.0,0,0,0,0,0.0,0,0,0,0,0,0,0,0,0,0,0,0,0,0,0,0,0,0,0,0,0,0,0,0,0,0,0,0,0,0,0,0,0,32,30,30,62,65476,0,300,0,0,8,21553,0.0,-107605600.0,0.0,0.0,0.0,0.0,0.0,0.0,0.0,0.0,0.0,0.0,0.0,0.0,0.0,0.0,0.0,0.0,0.0,0.0,0.0,0.0,2.004,-2.004,2.004,2.004,0.0,0.0,0.0,0.0,5622.0,-0.0,6929.0,0.0,-0.0,-0.0,0.0,0.0,0.0,0.0,0.0,63,0.0,-0.0,0.0,0.0,0.0,0.0,0.0,0.0,0.0,0,0,0,0.0,0.0,0.0,0.0,0.0,0.0,0.0,0.0,0.0,0.0,0.0,0.0,0.0,0.0,0.0,0.0,0,-107875648.0,63,0.0,126,2.7184242562605685e+23,2.842318642297501e+23,ERR,ERR,ERR,ERR,ERR,ERR,ERR,ERR,ERR,ERR,ERR,ERR,ERR,ERR,ERR,ERR,ERR,ERR,ERR,ERR,ERR,ERR,ERR,ERR,ERR,ERR,ERR,ERR,ERR,ERR,ERR,ERR,ERR,ERR,ERR,ERR,ERR,ERR,ERR,ERR,ERR,ERR,ERR,ERR,ERR,ERR,ERR,ERR,ERR,ERR,ERR,ERR,ERR,ERR,ERR,ERR,ERR,ERR,ERR,ERR,ERR,ERR,ERR,ERR,ERR,ERR,ERR,34.0,80.0,35,0.0,0.0,0.0,0.0,0.0,0.0,0.0,0.0,0.0,0.0,0.0,0.0,0.0,0.0,0.0,0.0,64.8,0,116,56,49,65476,0,300,0,0,8,20529,65476,0,0,57672,80.0,0.0,0.0,0.0,0.0,0.0
2026-06-17T04:47:43,ERR,ERR,ERR,ERR,ERR,ERR,ERR,ERR,ERR,ERR,ERR,ERR,ERR,ERR,ERR,ERR,ERR,ERR,ERR,ERR,ERR,ERR,ERR,ERR,ERR,ERR,ERR,ERR,ERR,ERR,ERR,ERR,ERR,ERR,ERR,ERR,ERR,ERR,ERR,ERR,ERR,ERR,ERR,ERR,ERR,ERR,ERR,ERR,ERR,ERR,ERR,ERR,ERR,ERR,ERR,ERR,ERR,ERR,ERR,ERR,ERR,ERR,ERR,ERR,ERR,ERR,ERR,ERR,ERR,ERR,ERR,ERR,ERR,ERR,ERR,ERR,ERR,ERR,ERR,ERR,ERR,ERR,ERR,ERR,ERR,ERR,ERR,ERR,ERR,ERR,ERR,ERR,ERR,ERR,ERR,ERR,ERR,ERR,ERR,ERR,ERR,ERR,ERR,ERR,ERR,ERR,ERR,ERR,ERR,ERR,ERR,ERR,ERR,ERR,ERR,ERR,ERR,ERR,ERR,ERR,ERR,ERR,ERR,ERR,ERR,0.0,-0.0,-0.0,0.0,0.0,1.3936040501711995e+18,7.805,0.0,0,0,4,0,7300,-0.0,0,0.0,0.0,0.0,0.0,0.0,0,0,0,0,0.0,0,0,0,0,0,0,0,0,0,0,0,0,0,0,0,0,0,0,0,0,0,0,0,0,0,0,0,0,0,0,0,0,0,32,30,30,62,65476,0,300,0,0,8,21553,0.0,-107605600.0,0.0,0.0,0.0,0.0,0.0,0.0,0.0,0.0,0.0,0.0,0.0,0.0,0.0,0.0,0.0,0.0,0.0,0.0,0.0,0.0,2.004,-2.004,2.004,2.004,0.0,0.0,0.0,0.0,5622.0,-0.0,6929.0,0.0,-0.0,-0.0,0.0,0.0,0.0,0.0,0.0,63,0.0,-0.0,0.0,0.0,0.0,0.0,0.0,0.0,0.0,0,0,0,0.0,0.0,0.0,0.0,0.0,0.0,0.0,0.0,0.0,0.0,0.0,0.0,0.0,0.0,0.0,0.0,0,-107875648.0,63,0.0,126,2.7184242562605685e+23,2.842318642297501e+23,ERR,ERR,ERR,ERR,ERR,ERR,ERR,ERR,ERR,ERR,ERR,ERR,ERR,ERR,ERR,ERR,ERR,ERR,ERR,ERR,ERR,ERR,ERR,ERR,ERR,ERR,ERR,ERR,ERR,ERR,ERR,ERR,ERR,ERR,ERR,ERR,ERR,ERR,ERR,ERR,ERR,ERR,ERR,ERR,ERR,ERR,ERR,ERR,ERR,ERR,ERR,ERR,ERR,ERR,ERR,ERR,ERR,ERR,ERR,ERR,ERR,ERR,ERR,ERR,ERR,ERR,ERR,34.0,80.0,35,0.0,0.0,0.0,0.0,0.0,0.0,0.0,0.0,0.0,0.0,0.0,0.0,0.0,0.0,0.0,0.0,64.8,0,116,56,49,65476,0,300,0,0,8,20529,65476,0,0,57672,80.0,0.0,0.0,0.0,0.0,0.0
2026-06-17T04:47:44,ERR,ERR,ERR,ERR,ERR,ERR,ERR,ERR,ERR,ERR,ERR,ERR,ERR,ERR,ERR,ERR,ERR,ERR,ERR,ERR,ERR,ERR,ERR,ERR,ERR,ERR,ERR,ERR,ERR,ERR,ERR,ERR,ERR,ERR,ERR,ERR,ERR,ERR,ERR,ERR,ERR,ERR,ERR,ERR,ERR,ERR,ERR,ERR,ERR,ERR,ERR,ERR,ERR,ERR,ERR,ERR,ERR,ERR,ERR,ERR,ERR,ERR,ERR,ERR,ERR,ERR,ERR,ERR,ERR,ERR,ERR,ERR,ERR,ERR,ERR,ERR,ERR,ERR,ERR,ERR,ERR,ERR,ERR,ERR,ERR,ERR,ERR,ERR,ERR,ERR,ERR,ERR,ERR,ERR,ERR,ERR,ERR,ERR,ERR,ERR,ERR,ERR,ERR,ERR,ERR,ERR,ERR,ERR,ERR,ERR,ERR,ERR,ERR,ERR,ERR,ERR,ERR,ERR,ERR,ERR,ERR,ERR,ERR,ERR,ERR,0.0,-0.0,-0.0,0.0,0.0,1.3936040501711995e+18,7.805,0.0,0,0,4,0,7300,-0.0,0,0.0,0.0,0.0,0.0,0.0,0,0,0,0,0.0,0,0,0,0,0,0,0,0,0,0,0,0,0,0,0,0,0,0,0,0,0,0,0,0,0,0,0,0,0,0,0,0,0,32,30,30,62,65476,0,300,0,0,8,21553,0.0,-107605600.0,0.0,0.0,0.0,0.0,0.0,0.0,0.0,0.0,0.0,0.0,0.0,0.0,0.0,0.0,0.0,0.0,0.0,0.0,0.0,0.0,2.004,-2.004,2.004,2.004,0.0,0.0,0.0,0.0,5622.0,-0.0,6929.0,0.0,-0.0,-0.0,0.0,0.0,0.0,0.0,0.0,63,0.0,-0.0,0.0,0.0,0.0,0.0,0.0,0.0,0.0,0,0,0,0.0,0.0,0.0,0.0,0.0,0.0,0.0,0.0,0.0,0.0,0.0,0.0,0.0,0.0,0.0,0.0,0,-107875648.0,63,0.0,126,2.7184242562605685e+23,2.842318642297501e+23,ERR,ERR,ERR,ERR,ERR,ERR,ERR,ERR,ERR,ERR,ERR,ERR,ERR,ERR,ERR,ERR,ERR,ERR,ERR,ERR,ERR,ERR,ERR,ERR,ERR,ERR,ERR,ERR,ERR,ERR,ERR,ERR,ERR,ERR,ERR,ERR,ERR,ERR,ERR,ERR,ERR,ERR,ERR,ERR,ERR,ERR,ERR,ERR,ERR,ERR,ERR,ERR,ERR,ERR,ERR,ERR,ERR,ERR,ERR,ERR,ERR,ERR,ERR,ERR,ERR,ERR,ERR,34.0,80.0,35,0.0,0.0,0.0,0.0,0.0,0.0,0.0,0.0,0.0,0.0,0.0,0.0,0.0,0.0,0.0,0.0,64.8,0,116,56,49,65476,0,300,0,0,8,20529,65476,0,0,57672,80.0,0.0,0.0,0.0,0.0,0.0
2026-06-17T04:47:45,ERR,ERR,ERR,ERR,ERR,ERR,ERR,ERR,ERR,ERR,ERR,ERR,ERR,ERR,ERR,ERR,ERR,ERR,ERR,ERR,ERR,ERR,ERR,ERR,ERR,ERR,ERR,ERR,ERR,ERR,ERR,ERR,ERR,ERR,ERR,ERR,ERR,ERR,ERR,ERR,ERR,ERR,ERR,ERR,ERR,ERR,ERR,ERR,ERR,ERR,ERR,ERR,ERR,ERR,ERR,ERR,ERR,ERR,ERR,ERR,ERR,ERR,ERR,ERR,ERR,ERR,ERR,ERR,ERR,ERR,ERR,ERR,ERR,ERR,ERR,ERR,ERR,ERR,ERR,ERR,ERR,ERR,ERR,ERR,ERR,ERR,ERR,ERR,ERR,ERR,ERR,ERR,ERR,ERR,ERR,ERR,ERR,ERR,ERR,ERR,ERR,ERR,ERR,ERR,ERR,ERR,ERR,ERR,ERR,ERR,ERR,ERR,ERR,ERR,ERR,ERR,ERR,ERR,ERR,ERR,ERR,ERR,ERR,ERR,ERR,0.0,-0.0,3.028208139652935e+23,0.0,0.0,1.3936040501711995e+18,7.805,0.0,0,0,4,0,7300,-0.0,0,0.0,0.0,0.0,0.0,0.0,0,0,0,0,0.0,0,0,0,0,0,0,0,0,0,0,0,0,0,0,0,0,0,0,0,0,0,0,0,0,0,0,0,0,0,0,0,0,0,32,30,30,62,65476,0,300,0,0,8,21553,0.0,-107605600.0,0.0,0.0,0.0,0.0,0.0,0.0,0.0,0.0,0.0,0.0,0.0,0.0,0.0,0.0,0.0,0.0,0.0,0.0,0.0,0.0,2.004,-2.004,2.004,2.004,0.0,0.0,0.0,0.0,5622.0,-0.0,6932.0,0.0,-0.0,-0.0,0.0,0.0,0.0,0.0,0.0,63,0.0,-107614976.0,0.0,0.0,0.0,0.0,0.0,0.0,0.0,0,0,0,0.0,0.0,0.0,0.0,0.0,0.0,0.0,0.0,0.0,0.0,0.0,0.0,0.0,0.0,0.0,0.0,0,-107875648.0,63,0.0,126,2.7184242562605685e+23,2.842318642297501e+23,ERR,ERR,ERR,ERR,ERR,ERR,ERR,ERR,ERR,ERR,ERR,ERR,ERR,ERR,ERR,ERR,ERR,ERR,ERR,ERR,ERR,ERR,ERR,ERR,ERR,ERR,ERR,ERR,ERR,ERR,ERR,ERR,ERR,ERR,ERR,ERR,ERR,ERR,ERR,ERR,ERR,ERR,ERR,ERR,ERR,ERR,ERR,ERR,ERR,ERR,ERR,ERR,ERR,ERR,ERR,ERR,ERR,ERR,ERR,ERR,ERR,ERR,ERR,ERR,ERR,ERR,ERR,34.0,80.0,35,0.0,0.0,0.0,0.0,0.0,0.0,0.0,0.0,0.0,0.0,0.0,0.0,0.0,0.0,0.0,0.0,64.8,0,116,56,49,65476,0,300,0,0,8,20529,65476,0,0,57672,80.0,0.0,0.0,0.0,0.0,0.0
2026-06-17T04:47:46,ERR,ERR,ERR,ERR,ERR,ERR,ERR,ERR,ERR,ERR,ERR,ERR,ERR,ERR,ERR,ERR,ERR,ERR,ERR,ERR,ERR,ERR,ERR,ERR,ERR,ERR,ERR,ERR,ERR,ERR,ERR,ERR,ERR,ERR,ERR,ERR,ERR,ERR,ERR,ERR,ERR,ERR,ERR,ERR,ERR,ERR,ERR,ERR,ERR,ERR,ERR,ERR,ERR,ERR,ERR,ERR,ERR,ERR,ERR,ERR,ERR,ERR,ERR,ERR,ERR,ERR,ERR,ERR,ERR,ERR,ERR,ERR,ERR,ERR,ERR,ERR,ERR,ERR,ERR,ERR,ERR,ERR,ERR,ERR,ERR,ERR,ERR,ERR,ERR,ERR,ERR,ERR,ERR,ERR,ERR,ERR,ERR,ERR,ERR,ERR,ERR,ERR,ERR,ERR,ERR,ERR,ERR,ERR,ERR,ERR,ERR,ERR,ERR,ERR,ERR,ERR,ERR,ERR,ERR,ERR,ERR,ERR,ERR,ERR,ERR,0.0,-0.0,3.028208139652935e+23,0.0,0.0,1.3936040501711995e+18,7.805,0.0,0,0,4,0,7300,-0.0,0,0.0,0.0,0.0,0.0,0.0,0,0,0,0,0.0,0,0,0,0,0,0,0,0,0,0,0,0,0,0,0,0,0,0,0,0,0,0,0,0,0,0,0,0,0,0,0,0,0,32,30,30,62,65476,0,300,0,0,8,21553,0.0,-107605600.0,0.0,0.0,0.0,0.0,0.0,0.0,0.0,0.0,0.0,0.0,0.0,0.0,0.0,0.0,0.0,0.0,0.0,0.0,0.0,0.0,2.004,-2.004,2.004,2.004,0.0,0.0,0.0,0.0,5622.0,-0.0,6932.0,0.0,-0.0,-0.0,0.0,0.0,0.0,0.0,0.0,63,0.0,-107614976.0,0.0,0.0,0.0,0.0,0.0,0.0,0.0,0,0,0,0.0,0.0,0.0,0.0,0.0,0.0,0.0,0.0,0.0,0.0,0.0,0.0,0.0,0.0,0.0,0.0,0,-107875648.0,63,0.0,126,2.7184242562605685e+23,2.842318642297501e+23,ERR,ERR,ERR,ERR,ERR,ERR,ERR,ERR,ERR,ERR,ERR,ERR,ERR,ERR,ERR,ERR,ERR,ERR,ERR,ERR,ERR,ERR,ERR,ERR,ERR,ERR,ERR,ERR,ERR,ERR,ERR,ERR,ERR,ERR,ERR,ERR,ERR,ERR,ERR,ERR,ERR,ERR,ERR,ERR,ERR,ERR,ERR,ERR,ERR,ERR,ERR,ERR,ERR,ERR,ERR,ERR,ERR,ERR,ERR,ERR,ERR,ERR,ERR,ERR,ERR,ERR,ERR,34.0,80.0,35,0.0,0.0,0.0,0.0,0.0,0.0,0.0,0.0,0.0,0.0,0.0,0.0,0.0,0.0,0.0,0.0,64.8,0,116,56,49,65476,0,300,0,0,8,20529,65476,0,0,57672,80.0,0.0,0.0,0.0,0.0,0.0
2026-06-17T04:47:47,ERR,ERR,ERR,ERR,ERR,ERR,ERR,ERR,ERR,ERR,ERR,ERR,ERR,ERR,ERR,ERR,ERR,ERR,ERR,ERR,ERR,ERR,ERR,ERR,ERR,ERR,ERR,ERR,ERR,ERR,ERR,ERR,ERR,ERR,ERR,ERR,ERR,ERR,ERR,ERR,ERR,ERR,ERR,ERR,ERR,ERR,ERR,ERR,ERR,ERR,ERR,ERR,ERR,ERR,ERR,ERR,ERR,ERR,ERR,ERR,ERR,ERR,ERR,ERR,ERR,ERR,ERR,ERR,ERR,ERR,ERR,ERR,ERR,ERR,ERR,ERR,ERR,ERR,ERR,ERR,ERR,ERR,ERR,ERR,ERR,ERR,ERR,ERR,ERR,ERR,ERR,ERR,ERR,ERR,ERR,ERR,ERR,ERR,ERR,ERR,ERR,ERR,ERR,ERR,ERR,ERR,ERR,ERR,ERR,ERR,ERR,ERR,ERR,ERR,ERR,ERR,ERR,ERR,ERR,ERR,ERR,ERR,ERR,ERR,ERR,0.0,-0.0,3.028208139652935e+23,0.0,0.0,1.3936040501711995e+18,7.805,0.0,0,0,4,0,7300,-0.0,0,0.0,0.0,0.0,0.0,0.0,0,0,0,0,0.0,0,0,0,0,0,0,0,0,0,0,0,0,0,0,0,0,0,0,0,0,0,0,0,0,0,0,0,0,0,0,0,0,0,32,30,30,62,65476,0,300,0,0,8,21553,0.0,-107605600.0,0.0,0.0,0.0,0.0,0.0,0.0,0.0,0.0,0.0,0.0,0.0,0.0,0.0,0.0,0.0,0.0,0.0,0.0,0.0,0.0,2.004,-2.004,2.004,2.004,0.0,0.0,0.0,0.0,5622.0,-0.0,6932.0,0.0,-0.0,-0.0,0.0,0.0,0.0,0.0,0.0,63,0.0,-107614976.0,0.0,0.0,0.0,0.0,0.0,0.0,0.0,0,0,0,0.0,0.0,0.0,0.0,0.0,0.0,0.0,0.0,0.0,0.0,0.0,0.0,0.0,0.0,0.0,0.0,0,-107875648.0,63,0.0,126,2.7184242562605685e+23,2.842318642297501e+23,ERR,ERR,ERR,ERR,ERR,ERR,ERR,ERR,ERR,ERR,ERR,ERR,ERR,ERR,ERR,ERR,ERR,ERR,ERR,ERR,ERR,ERR,ERR,ERR,ERR,ERR,ERR,ERR,ERR,ERR,ERR,ERR,ERR,ERR,ERR,ERR,ERR,ERR,ERR,ERR,ERR,ERR,ERR,ERR,ERR,ERR,ERR,ERR,ERR,ERR,ERR,ERR,ERR,ERR,ERR,ERR,ERR,ERR,ERR,ERR,ERR,ERR,ERR,ERR,ERR,ERR,ERR,34.0,80.0,35,0.0,0.0,0.0,0.0,0.0,0.0,0.0,0.0,0.0,0.0,0.0,0.0,0.0,0.0,0.0,0.0,64.4,0,116,56,49,65476,0,300,0,0,8,20529,65476,0,0,57672,80.0,0.0,0.0,0.0,0.0,0.0
2026-06-17T04:47:48,ERR,ERR,ERR,ERR,ERR,ERR,ERR,ERR,ERR,ERR,ERR,ERR,ERR,ERR,ERR,ERR,ERR,ERR,ERR,ERR,ERR,ERR,ERR,ERR,ERR,ERR,ERR,ERR,ERR,ERR,ERR,ERR,ERR,ERR,ERR,ERR,ERR,ERR,ERR,ERR,ERR,ERR,ERR,ERR,ERR,ERR,ERR,ERR,ERR,ERR,ERR,ERR,ERR,ERR,ERR,ERR,ERR,ERR,ERR,ERR,ERR,ERR,ERR,ERR,ERR,ERR,ERR,ERR,ERR,ERR,ERR,ERR,ERR,ERR,ERR,ERR,ERR,ERR,ERR,ERR,ERR,ERR,ERR,ERR,ERR,ERR,ERR,ERR,ERR,ERR,ERR,ERR,ERR,ERR,ERR,ERR,ERR,ERR,ERR,ERR,ERR,ERR,ERR,ERR,ERR,ERR,ERR,ERR,ERR,ERR,ERR,ERR,ERR,ERR,ERR,ERR,ERR,ERR,ERR,ERR,ERR,ERR,ERR,ERR,ERR,0.0,-0.0,3.028208139652935e+23,0.0,0.0,1.3936040501711995e+18,7.805,0.0,0,0,4,0,7300,-0.0,0,0.0,0.0,0.0,0.0,0.0,0,0,0,0,0.0,0,0,0,0,0,0,0,0,0,0,0,0,0,0,0,0,0,0,0,0,0,0,0,0,0,0,0,0,0,0,0,0,0,32,30,30,62,65476,0,300,0,0,8,21553,0.0,-107605600.0,0.0,0.0,0.0,0.0,0.0,0.0,0.0,0.0,0.0,0.0,0.0,0.0,0.0,0.0,0.0,0.0,0.0,0.0,0.0,0.0,2.004,-2.004,2.004,2.004,0.0,0.0,0.0,0.0,5622.0,-0.0,6932.0,0.0,-0.0,-0.0,0.0,0.0,0.0,0.0,0.0,63,0.0,-107614976.0,0.0,0.0,0.0,0.0,0.0,0.0,0.0,0,0,0,0.0,0.0,0.0,0.0,0.0,0.0,0.0,0.0,0.0,0.0,0.0,0.0,0.0,0.0,0.0,0.0,0,-107875648.0,63,0.0,126,2.7184242562605685e+23,2.842318642297501e+23,ERR,ERR,ERR,ERR,ERR,ERR,ERR,ERR,ERR,ERR,ERR,ERR,ERR,ERR,ERR,ERR,ERR,ERR,ERR,ERR,ERR,ERR,ERR,ERR,ERR,ERR,ERR,ERR,ERR,ERR,ERR,ERR,ERR,ERR,ERR,ERR,ERR,ERR,ERR,ERR,ERR,ERR,ERR,ERR,ERR,ERR,ERR,ERR,ERR,ERR,ERR,ERR,ERR,ERR,ERR,ERR,ERR,ERR,ERR,ERR,ERR,ERR,ERR,ERR,ERR,ERR,ERR,34.0,80.0,35,0.0,0.0,0.0,0.0,0.0,0.0,0.0,0.0,0.0,0.0,0.0,0.0,0.0,0.0,0.0,0.0,64.4,0,116,56,49,65476,0,300,0,0,8,20529,65476,0,0,57672,80.0,0.0,0.0,0.0,0.0,0.0
2026-06-17T04:47:49,ERR,ERR,ERR,ERR,ERR,ERR,ERR,ERR,ERR,ERR,ERR,ERR,ERR,ERR,ERR,ERR,ERR,ERR,ERR,ERR,ERR,ERR,ERR,ERR,ERR,ERR,ERR,ERR,ERR,ERR,ERR,ERR,ERR,ERR,ERR,ERR,ERR,ERR,ERR,ERR,ERR,ERR,ERR,ERR,ERR,ERR,ERR,ERR,ERR,ERR,ERR,ERR,ERR,ERR,ERR,ERR,ERR,ERR,ERR,ERR,ERR,ERR,ERR,ERR,ERR,ERR,ERR,ERR,ERR,ERR,ERR,ERR,ERR,ERR,ERR,ERR,ERR,ERR,ERR,ERR,ERR,ERR,ERR,ERR,ERR,ERR,ERR,ERR,ERR,ERR,ERR,ERR,ERR,ERR,ERR,ERR,ERR,ERR,ERR,ERR,ERR,ERR,ERR,ERR,ERR,ERR,ERR,ERR,ERR,ERR,ERR,ERR,ERR,ERR,ERR,ERR,ERR,ERR,ERR,ERR,ERR,ERR,ERR,ERR,ERR,0.0,-0.0,3.028208139652935e+23,0.0,0.0,1.3936040501711995e+18,7.805,0.0,0,0,4,0,7300,-0.0,0,0.0,0.0,0.0,0.0,0.0,0,0,0,0,0.0,0,0,0,0,0,0,0,0,0,0,0,0,0,0,0,0,0,0,0,0,0,0,0,0,0,0,0,0,0,0,0,0,0,32,30,30,62,65476,0,300,0,0,8,21553,0.0,-107605600.0,0.0,0.0,0.0,0.0,0.0,0.0,0.0,0.0,0.0,0.0,0.0,0.0,0.0,0.0,0.0,0.0,0.0,0.0,0.0,0.0,2.004,-2.004,2.004,2.004,0.0,0.0,0.0,0.0,5622.0,-0.0,6932.0,0.0,-0.0,-0.0,0.0,0.0,0.0,0.0,0.0,63,0.0,-107614976.0,0.0,0.0,0.0,0.0,0.0,0.0,0.0,0,0,0,0.0,0.0,0.0,0.0,0.0,0.0,0.0,0.0,0.0,0.0,0.0,0.0,0.0,0.0,0.0,0.0,0,-107875648.0,63,0.0,126,2.7184242562605685e+23,2.842318642297501e+23,ERR,ERR,ERR,ERR,ERR,ERR,ERR,ERR,ERR,ERR,ERR,ERR,ERR,ERR,ERR,ERR,ERR,ERR,ERR,ERR,ERR,ERR,ERR,ERR,ERR,ERR,ERR,ERR,ERR,ERR,ERR,ERR,ERR,ERR,ERR,ERR,ERR,ERR,ERR,ERR,ERR,ERR,ERR,ERR,ERR,ERR,ERR,ERR,ERR,ERR,ERR,ERR,ERR,ERR,ERR,ERR,ERR,ERR,ERR,ERR,ERR,ERR,ERR,ERR,ERR,ERR,ERR,34.0,80.0,35,0.0,0.0,0.0,0.0,0.0,0.0,0.0,0.0,0.0,0.0,0.0,0.0,0.0,0.0,0.0,0.0,64.8,0,116,56,49,65476,0,300,0,0,8,20529,65476,0,0,57672,80.0,0.0,0.0,0.0,0.0,0.0
2026-06-17T04:47:50,ERR,ERR,ERR,ERR,ERR,ERR,ERR,ERR,ERR,ERR,ERR,ERR,ERR,ERR,ERR,ERR,ERR,ERR,ERR,ERR,ERR,ERR,ERR,ERR,ERR,ERR,ERR,ERR,ERR,ERR,ERR,ERR,ERR,ERR,ERR,ERR,ERR,ERR,ERR,ERR,ERR,ERR,ERR,ERR,ERR,ERR,ERR,ERR,ERR,ERR,ERR,ERR,ERR,ERR,ERR,ERR,ERR,ERR,ERR,ERR,ERR,ERR,ERR,ERR,ERR,ERR,ERR,ERR,ERR,ERR,ERR,ERR,ERR,ERR,ERR,ERR,ERR,ERR,ERR,ERR,ERR,ERR,ERR,ERR,ERR,ERR,ERR,ERR,ERR,ERR,ERR,ERR,ERR,ERR,ERR,ERR,ERR,ERR,ERR,ERR,ERR,ERR,ERR,ERR,ERR,ERR,ERR,ERR,ERR,ERR,ERR,ERR,ERR,ERR,ERR,ERR,ERR,ERR,ERR,ERR,ERR,ERR,ERR,ERR,ERR,-107615304.0,-0.0,0.0,0.0,0.0,1.3936040501711995e+18,7.805,0.0,0,0,4,0,7300,-0.0,0,0.0,0.0,0.0,0.0,0.0,0,0,0,0,0.0,0,0,0,0,0,0,0,0,0,0,0,0,0,0,0,0,0,0,0,0,0,0,0,0,0,0,0,0,0,0,0,0,0,32,30,30,62,65476,0,300,0,0,8,21553,0.0,-107605600.0,0.0,0.0,0.0,0.0,0.0,0.0,0.0,0.0,0.0,0.0,0.0,0.0,0.0,0.0,0.0,0.0,0.0,0.0,0.0,0.0,-0.0,-2.004,2.004,2.004,0.0,0.0,0.0,0.0,5621.0,564147108446208.0,6923.0,0.0,-0.0,-0.0,0.0,0.0,0.0,0.0,0.0,63,0.0,4.066862724958201e+29,0.0,0.0,0.0,0.0,0.0,0.0,0.0,0,0,0,0.0,0.0,0.0,0.0,0.0,0.0,0.0,0.0,0.0,0.0,0.0,0.0,0.0,0.0,0.0,0.0,0,-107875648.0,63,0.0,126,2.7184242562605685e+23,2.842318642297501e+23,ERR,ERR,ERR,ERR,ERR,ERR,ERR,ERR,ERR,ERR,ERR,ERR,ERR,ERR,ERR,ERR,ERR,ERR,ERR,ERR,ERR,ERR,ERR,ERR,ERR,ERR,ERR,ERR,ERR,ERR,ERR,ERR,ERR,ERR,ERR,ERR,ERR,ERR,ERR,ERR,ERR,ERR,ERR,ERR,ERR,ERR,ERR,ERR,ERR,ERR,ERR,ERR,ERR,ERR,ERR,ERR,ERR,ERR,ERR,ERR,ERR,ERR,ERR,ERR,ERR,ERR,ERR,34.0,80.0,35,0.0,0.0,0.0,0.0,0.0,0.0,0.0,0.0,0.0,0.0,0.0,0.0,0.0,0.0,0.0,0.0,64.8,0,116,56,49,65476,0,300,0,0,8,20529,65476,0,0,57672,80.0,0.0,0.0,0.0,0.0,0.0
2026-06-17T04:47:51,ERR,ERR,ERR,ERR,ERR,ERR,ERR,ERR,ERR,ERR,ERR,ERR,ERR,ERR,ERR,ERR,ERR,ERR,ERR,ERR,ERR,ERR,ERR,ERR,ERR,ERR,ERR,ERR,ERR,ERR,ERR,ERR,ERR,ERR,ERR,ERR,ERR,ERR,ERR,ERR,ERR,ERR,ERR,ERR,ERR,ERR,ERR,ERR,ERR,ERR,ERR,ERR,ERR,ERR,ERR,ERR,ERR,ERR,ERR,ERR,ERR,ERR,ERR,ERR,ERR,ERR,ERR,ERR,ERR,ERR,ERR,ERR,ERR,ERR,ERR,ERR,ERR,ERR,ERR,ERR,ERR,ERR,ERR,ERR,ERR,ERR,ERR,ERR,ERR,ERR,ERR,ERR,ERR,ERR,ERR,ERR,ERR,ERR,ERR,ERR,ERR,ERR,ERR,ERR,ERR,ERR,ERR,ERR,ERR,ERR,ERR,ERR,ERR,ERR,ERR,ERR,ERR,ERR,ERR,ERR,ERR,ERR,ERR,ERR,ERR,-107615304.0,-0.0,0.0,0.0,0.0,1.3936040501711995e+18,7.805,0.0,0,0,4,0,7300,-0.0,0,0.0,0.0,0.0,0.0,0.0,0,0,0,0,0.0,0,0,0,0,0,0,0,0,0,0,0,0,0,0,0,0,0,0,0,0,0,0,0,0,0,0,0,0,0,0,0,0,0,32,30,30,62,65476,0,300,0,0,8,21553,0.0,-107605600.0,0.0,0.0,0.0,0.0,0.0,0.0,0.0,0.0,0.0,0.0,0.0,0.0,0.0,0.0,0.0,0.0,0.0,0.0,0.0,0.0,-0.0,-2.004,2.004,2.004,0.0,0.0,0.0,0.0,5621.0,564147108446208.0,6923.0,0.0,-0.0,-0.0,0.0,0.0,0.0,0.0,0.0,63,0.0,4.066862724958201e+29,0.0,0.0,0.0,0.0,0.0,0.0,0.0,0,0,0,0.0,0.0,0.0,0.0,0.0,0.0,0.0,0.0,0.0,0.0,0.0,0.0,0.0,0.0,0.0,0.0,0,-107875648.0,63,0.0,126,2.7184242562605685e+23,2.842318642297501e+23,ERR,ERR,ERR,ERR,ERR,ERR,ERR,ERR,ERR,ERR,ERR,ERR,ERR,ERR,ERR,ERR,ERR,ERR,ERR,ERR,ERR,ERR,ERR,ERR,ERR,ERR,ERR,ERR,ERR,ERR,ERR,ERR,ERR,ERR,ERR,ERR,ERR,ERR,ERR,ERR,ERR,ERR,ERR,ERR,ERR,ERR,ERR,ERR,ERR,ERR,ERR,ERR,ERR,ERR,ERR,ERR,ERR,ERR,ERR,ERR,ERR,ERR,ERR,ERR,ERR,ERR,ERR,34.0,80.0,35,0.0,0.0,0.0,0.0,0.0,0.0,0.0,0.0,0.0,0.0,0.0,0.0,0.0,0.0,0.0,0.0,64.4,0,116,56,49,65476,0,300,0,0,8,20529,65476,0,0,57672,80.0,0.0,0.0,0.0,0.0,0.0
2026-06-17T04:47:52,ERR,ERR,ERR,ERR,ERR,ERR,ERR,ERR,ERR,ERR,ERR,ERR,ERR,ERR,ERR,ERR,ERR,ERR,ERR,ERR,ERR,ERR,ERR,ERR,ERR,ERR,ERR,ERR,ERR,ERR,ERR,ERR,ERR,ERR,ERR,ERR,ERR,ERR,ERR,ERR,ERR,ERR,ERR,ERR,ERR,ERR,ERR,ERR,ERR,ERR,ERR,ERR,ERR,ERR,ERR,ERR,ERR,ERR,ERR,ERR,ERR,ERR,ERR,ERR,ERR,ERR,ERR,ERR,ERR,ERR,ERR,ERR,ERR,ERR,ERR,ERR,ERR,ERR,ERR,ERR,ERR,ERR,ERR,ERR,ERR,ERR,ERR,ERR,ERR,ERR,ERR,ERR,ERR,ERR,ERR,ERR,ERR,ERR,ERR,ERR,ERR,ERR,ERR,ERR,ERR,ERR,ERR,ERR,ERR,ERR,ERR,ERR,ERR,ERR,ERR,ERR,ERR,ERR,ERR,ERR,ERR,ERR,ERR,ERR,ERR,-107615304.0,-0.0,0.0,0.0,0.0,1.3936040501711995e+18,7.805,0.0,0,0,4,0,7300,-0.0,0,0.0,0.0,0.0,0.0,0.0,0,0,0,0,0.0,0,0,0,0,0,0,0,0,0,0,0,0,0,0,0,0,0,0,0,0,0,0,0,0,0,0,0,0,0,0,0,0,0,32,30,30,62,65476,0,300,0,0,8,21553,0.0,-107605600.0,0.0,0.0,0.0,0.0,0.0,0.0,0.0,0.0,0.0,0.0,0.0,0.0,0.0,0.0,0.0,0.0,0.0,0.0,0.0,0.0,-0.0,-2.004,2.004,2.004,0.0,0.0,0.0,0.0,5621.0,564147108446208.0,6923.0,0.0,-0.0,-0.0,0.0,0.0,0.0,0.0,0.0,63,0.0,4.066862724958201e+29,0.0,0.0,0.0,0.0,0.0,0.0,0.0,0,0,0,0.0,0.0,0.0,0.0,0.0,0.0,0.0,0.0,0.0,0.0,0.0,0.0,0.0,0.0,0.0,0.0,0,-107875648.0,63,0.0,126,2.7184242562605685e+23,2.842318642297501e+23,ERR,ERR,ERR,ERR,ERR,ERR,ERR,ERR,ERR,ERR,ERR,ERR,ERR,ERR,ERR,ERR,ERR,ERR,ERR,ERR,ERR,ERR,ERR,ERR,ERR,ERR,ERR,ERR,ERR,ERR,ERR,ERR,ERR,ERR,ERR,ERR,ERR,ERR,ERR,ERR,ERR,ERR,ERR,ERR,ERR,ERR,ERR,ERR,ERR,ERR,ERR,ERR,ERR,ERR,ERR,ERR,ERR,ERR,ERR,ERR,ERR,ERR,ERR,ERR,ERR,ERR,ERR,34.0,80.0,35,0.0,0.0,0.0,0.0,0.0,0.0,0.0,0.0,0.0,0.0,0.0,0.0,0.0,0.0,0.0,0.0,64.4,0,116,56,49,65476,0,300,0,0,8,20529,65476,0,0,57672,80.0,0.0,0.0,0.0,0.0,0.0
2026-06-17T04:47:53,ERR,ERR,ERR,ERR,ERR,ERR,ERR,ERR,ERR,ERR,ERR,ERR,ERR,ERR,ERR,ERR,ERR,ERR,ERR,ERR,ERR,ERR,ERR,ERR,ERR,ERR,ERR,ERR,ERR,ERR,ERR,ERR,ERR,ERR,ERR,ERR,ERR,ERR,ERR,ERR,ERR,ERR,ERR,ERR,ERR,ERR,ERR,ERR,ERR,ERR,ERR,ERR,ERR,ERR,ERR,ERR,ERR,ERR,ERR,ERR,ERR,ERR,ERR,ERR,ERR,ERR,ERR,ERR,ERR,ERR,ERR,ERR,ERR,ERR,ERR,ERR,ERR,ERR,ERR,ERR,ERR,ERR,ERR,ERR,ERR,ERR,ERR,ERR,ERR,ERR,ERR,ERR,ERR,ERR,ERR,ERR,ERR,ERR,ERR,ERR,ERR,ERR,ERR,ERR,ERR,ERR,ERR,ERR,ERR,ERR,ERR,ERR,ERR,ERR,ERR,ERR,ERR,ERR,ERR,ERR,ERR,ERR,ERR,ERR,ERR,-107615304.0,-0.0,0.0,0.0,0.0,1.3936040501711995e+18,7.805,0.0,0,0,4,0,7300,-0.0,0,0.0,0.0,0.0,0.0,0.0,0,0,0,0,0.0,0,0,0,0,0,0,0,0,0,0,0,0,0,0,0,0,0,0,0,0,0,0,0,0,0,0,0,0,0,0,0,0,0,32,30,30,62,65476,0,300,0,0,8,21553,0.0,-107605600.0,0.0,0.0,0.0,0.0,0.0,0.0,0.0,0.0,0.0,0.0,0.0,0.0,0.0,0.0,0.0,0.0,0.0,0.0,0.0,0.0,-0.0,-2.004,2.004,2.004,0.0,0.0,0.0,0.0,5621.0,564147108446208.0,6923.0,0.0,-0.0,-0.0,0.0,0.0,0.0,0.0,0.0,63,0.0,4.066862724958201e+29,0.0,0.0,0.0,0.0,0.0,0.0,0.0,0,0,0,0.0,0.0,0.0,0.0,0.0,0.0,0.0,0.0,0.0,0.0,0.0,0.0,0.0,0.0,0.0,0.0,0,-107875648.0,63,0.0,126,2.7184242562605685e+23,2.842318642297501e+23,ERR,ERR,ERR,ERR,ERR,ERR,ERR,ERR,ERR,ERR,ERR,ERR,ERR,ERR,ERR,ERR,ERR,ERR,ERR,ERR,ERR,ERR,ERR,ERR,ERR,ERR,ERR,ERR,ERR,ERR,ERR,ERR,ERR,ERR,ERR,ERR,ERR,ERR,ERR,ERR,ERR,ERR,ERR,ERR,ERR,ERR,ERR,ERR,ERR,ERR,ERR,ERR,ERR,ERR,ERR,ERR,ERR,ERR,ERR,ERR,ERR,ERR,ERR,ERR,ERR,ERR,ERR,34.0,80.0,35,0.0,0.0,0.0,0.0,0.0,0.0,0.0,0.0,0.0,0.0,0.0,0.0,0.0,0.0,0.0,0.0,64.4,0,116,56,49,65476,0,300,0,0,8,20529,65476,0,0,57672,80.0,0.0,0.0,0.0,0.0,0.0
2026-06-17T04:47:54,ERR,ERR,ERR,ERR,ERR,ERR,ERR,ERR,ERR,ERR,ERR,ERR,ERR,ERR,ERR,ERR,ERR,ERR,ERR,ERR,ERR,ERR,ERR,ERR,ERR,ERR,ERR,ERR,ERR,ERR,ERR,ERR,ERR,ERR,ERR,ERR,ERR,ERR,ERR,ERR,ERR,ERR,ERR,ERR,ERR,ERR,ERR,ERR,ERR,ERR,ERR,ERR,ERR,ERR,ERR,ERR,ERR,ERR,ERR,ERR,ERR,ERR,ERR,ERR,ERR,ERR,ERR,ERR,ERR,ERR,ERR,ERR,ERR,ERR,ERR,ERR,ERR,ERR,ERR,ERR,ERR,ERR,ERR,ERR,ERR,ERR,ERR,ERR,ERR,ERR,ERR,ERR,ERR,ERR,ERR,ERR,ERR,ERR,ERR,ERR,ERR,ERR,ERR,ERR,ERR,ERR,ERR,ERR,ERR,ERR,ERR,ERR,ERR,ERR,ERR,ERR,ERR,ERR,ERR,ERR,ERR,ERR,ERR,ERR,ERR,-107615304.0,-0.0,0.0,0.0,0.0,1.3936040501711995e+18,7.805,0.0,0,0,4,0,7300,-0.0,0,0.0,0.0,0.0,0.0,0.0,0,0,0,0,0.0,0,0,0,0,0,0,0,0,0,0,0,0,0,0,0,0,0,0,0,0,0,0,0,0,0,0,0,0,0,0,0,0,0,32,30,30,62,65476,0,300,0,0,8,21553,0.0,-107605600.0,0.0,0.0,0.0,0.0,0.0,0.0,0.0,0.0,0.0,0.0,0.0,0.0,0.0,0.0,0.0,0.0,0.0,0.0,0.0,0.0,-0.0,-2.004,2.004,2.004,0.0,0.0,0.0,0.0,5621.0,564147108446208.0,6923.0,0.0,-0.0,-0.0,0.0,0.0,0.0,0.0,0.0,63,0.0,4.066862724958201e+29,0.0,0.0,0.0,0.0,0.0,0.0,0.0,0,0,0,0.0,0.0,0.0,0.0,0.0,0.0,0.0,0.0,0.0,0.0,0.0,0.0,0.0,0.0,0.0,0.0,0,-107875648.0,63,0.0,126,2.7184242562605685e+23,2.842318642297501e+23,ERR,ERR,ERR,ERR,ERR,ERR,ERR,ERR,ERR,ERR,ERR,ERR,ERR,ERR,ERR,ERR,ERR,ERR,ERR,ERR,ERR,ERR,ERR,ERR,ERR,ERR,ERR,ERR,ERR,ERR,ERR,ERR,ERR,ERR,ERR,ERR,ERR,ERR,ERR,ERR,ERR,ERR,ERR,ERR,ERR,ERR,ERR,ERR,ERR,ERR,ERR,ERR,ERR,ERR,ERR,ERR,ERR,ERR,ERR,ERR,ERR,ERR,ERR,ERR,ERR,ERR,ERR,34.0,80.0,35,0.0,0.0,0.0,0.0,0.0,0.0,0.0,0.0,0.0,0.0,0.0,0.0,0.0,0.0,0.0,0.0,64.4,0,116,56,49,65476,0,300,0,0,8,20529,65476,0,0,57672,80.0,0.0,0.0,0.0,0.0,0.0
2026-06-17T04:47:55,ERR,ERR,ERR,ERR,ERR,ERR,ERR,ERR,ERR,ERR,ERR,ERR,ERR,ERR,ERR,ERR,ERR,ERR,ERR,ERR,ERR,ERR,ERR,ERR,ERR,ERR,ERR,ERR,ERR,ERR,ERR,ERR,ERR,ERR,ERR,ERR,ERR,ERR,ERR,ERR,ERR,ERR,ERR,ERR,ERR,ERR,ERR,ERR,ERR,ERR,ERR,ERR,ERR,ERR,ERR,ERR,ERR,ERR,ERR,ERR,ERR,ERR,ERR,ERR,ERR,ERR,ERR,ERR,ERR,ERR,ERR,ERR,ERR,ERR,ERR,ERR,ERR,ERR,ERR,ERR,ERR,ERR,ERR,ERR,ERR,ERR,ERR,ERR,ERR,ERR,ERR,ERR,ERR,ERR,ERR,ERR,ERR,ERR,ERR,ERR,ERR,ERR,ERR,ERR,ERR,ERR,ERR,ERR,ERR,ERR,ERR,ERR,ERR,ERR,ERR,ERR,ERR,ERR,ERR,ERR,ERR,ERR,ERR,ERR,ERR,-107615304.0,-0.0,0.0,0.0,0.0,1.3936040501711995e+18,7.805,0.0,0,0,4,0,7300,-0.0,0,0.0,0.0,0.0,0.0,0.0,0,0,0,0,0.0,0,0,0,0,0,0,0,0,0,0,0,0,0,0,0,0,0,0,0,0,0,0,0,0,0,0,0,0,0,0,0,0,0,32,30,30,62,65476,0,300,0,0,8,21553,0.0,-107605600.0,0.0,0.0,0.0,0.0,0.0,0.0,0.0,0.0,0.0,0.0,0.0,0.0,0.0,0.0,0.0,0.0,0.0,0.0,0.0,0.0,-0.0,-2.004,2.004,2.004,0.0,0.0,0.0,0.0,5621.0,564147108446208.0,6923.0,0.0,-0.0,-0.0,0.0,0.0,0.0,0.0,0.0,63,0.0,4.066862724958201e+29,0.0,0.0,0.0,0.0,0.0,0.0,0.0,0,0,0,0.0,0.0,0.0,0.0,0.0,0.0,0.0,0.0,0.0,0.0,0.0,0.0,0.0,0.0,0.0,0.0,0,-107875648.0,63,0.0,126,2.7184242562605685e+23,2.842318642297501e+23,ERR,ERR,ERR,ERR,ERR,ERR,ERR,ERR,ERR,ERR,ERR,ERR,ERR,ERR,ERR,ERR,ERR,ERR,ERR,ERR,ERR,ERR,ERR,ERR,ERR,ERR,ERR,ERR,ERR,ERR,ERR,ERR,ERR,ERR,ERR,ERR,ERR,ERR,ERR,ERR,ERR,ERR,ERR,ERR,ERR,ERR,ERR,ERR,ERR,ERR,ERR,ERR,ERR,ERR,ERR,ERR,ERR,ERR,ERR,ERR,ERR,ERR,ERR,ERR,ERR,ERR,ERR,34.0,80.0,35,0.0,0.0,0.0,0.0,0.0,0.0,0.0,0.0,0.0,0.0,0.0,0.0,0.0,0.0,0.0,0.0,64.4,0,116,56,49,65476,0,300,0,0,8,20529,65476,0,0,57672,80.0,0.0,0.0,0.0,0.0,0.0
2026-06-17T04:47:56,ERR,ERR,ERR,ERR,ERR,ERR,ERR,ERR,ERR,ERR,ERR,ERR,ERR,ERR,ERR,ERR,ERR,ERR,ERR,ERR,ERR,ERR,ERR,ERR,ERR,ERR,ERR,ERR,ERR,ERR,ERR,ERR,ERR,ERR,ERR,ERR,ERR,ERR,ERR,ERR,ERR,ERR,ERR,ERR,ERR,ERR,ERR,ERR,ERR,ERR,ERR,ERR,ERR,ERR,ERR,ERR,ERR,ERR,ERR,ERR,ERR,ERR,ERR,ERR,ERR,ERR,ERR,ERR,ERR,ERR,ERR,ERR,ERR,ERR,ERR,ERR,ERR,ERR,ERR,ERR,ERR,ERR,ERR,ERR,ERR,ERR,ERR,ERR,ERR,ERR,ERR,ERR,ERR,ERR,ERR,ERR,ERR,ERR,ERR,ERR,ERR,ERR,ERR,ERR,ERR,ERR,ERR,ERR,ERR,ERR,ERR,ERR,ERR,ERR,ERR,ERR,ERR,ERR,ERR,ERR,ERR,ERR,ERR,ERR,ERR,0.0,-0.0,3.028208139652935e+23,0.0,0.0,1.3936040501711995e+18,7.805,0.0,0,0,4,0,7300,-0.0,0,0.0,0.0,0.0,0.0,0.0,0,0,0,0,0.0,0,0,0,0,0,0,0,0,0,0,0,0,0,0,0,0,0,0,0,0,0,0,0,0,0,0,0,0,0,0,0,0,0,32,30,30,62,65476,0,300,0,0,8,21553,0.0,-107605600.0,0.0,0.0,0.0,0.0,0.0,0.0,0.0,0.0,0.0,0.0,0.0,0.0,0.0,0.0,0.0,0.0,0.0,0.0,0.0,0.0,2.004,-2.004,2.004,2.004,0.0,0.0,0.0,0.0,5621.0,0.0,6917.0,0.0,-0.0,-0.0,0.0,0.0,0.0,0.0,0.0,63,0.0,0.0,0.0,0.0,0.0,0.0,0.0,0.0,0.0,0,0,0,0.0,0.0,0.0,0.0,0.0,0.0,0.0,0.0,0.0,0.0,0.0,0.0,0.0,0.0,0.0,0.0,0,-107875648.0,63,0.0,126,2.7184242562605685e+23,2.842318642297501e+23,ERR,ERR,ERR,ERR,ERR,ERR,ERR,ERR,ERR,ERR,ERR,ERR,ERR,ERR,ERR,ERR,ERR,ERR,ERR,ERR,ERR,ERR,ERR,ERR,ERR,ERR,ERR,ERR,ERR,ERR,ERR,ERR,ERR,ERR,ERR,ERR,ERR,ERR,ERR,ERR,ERR,ERR,ERR,ERR,ERR,ERR,ERR,ERR,ERR,ERR,ERR,ERR,ERR,ERR,ERR,ERR,ERR,ERR,ERR,ERR,ERR,ERR,ERR,ERR,ERR,ERR,ERR,34.0,80.0,35,0.0,0.0,0.0,0.0,0.0,0.0,0.0,0.0,0.0,0.0,0.0,0.0,0.0,0.0,0.0,0.0,64.4,0,116,56,49,65476,0,300,0,0,8,20529,65476,0,0,57672,80.0,0.0,0.0,0.0,0.0,0.0
2026-06-17T04:47:57,ERR,ERR,ERR,ERR,ERR,ERR,ERR,ERR,ERR,ERR,ERR,ERR,ERR,ERR,ERR,ERR,ERR,ERR,ERR,ERR,ERR,ERR,ERR,ERR,ERR,ERR,ERR,ERR,ERR,ERR,ERR,ERR,ERR,ERR,ERR,ERR,ERR,ERR,ERR,ERR,ERR,ERR,ERR,ERR,ERR,ERR,ERR,ERR,ERR,ERR,ERR,ERR,ERR,ERR,ERR,ERR,ERR,ERR,ERR,ERR,ERR,ERR,ERR,ERR,ERR,ERR,ERR,ERR,ERR,ERR,ERR,ERR,ERR,ERR,ERR,ERR,ERR,ERR,ERR,ERR,ERR,ERR,ERR,ERR,ERR,ERR,ERR,ERR,ERR,ERR,ERR,ERR,ERR,ERR,ERR,ERR,ERR,ERR,ERR,ERR,ERR,ERR,ERR,ERR,ERR,ERR,ERR,ERR,ERR,ERR,ERR,ERR,ERR,ERR,ERR,ERR,ERR,ERR,ERR,ERR,ERR,ERR,ERR,ERR,ERR,0.0,-0.0,3.028208139652935e+23,0.0,0.0,1.3936040501711995e+18,7.805,0.0,0,0,4,0,7300,-0.0,0,0.0,0.0,0.0,0.0,0.0,0,0,0,0,0.0,0,0,0,0,0,0,0,0,0,0,0,0,0,0,0,0,0,0,0,0,0,0,0,0,0,0,0,0,0,0,0,0,0,32,30,30,62,65476,0,300,0,0,8,21553,0.0,-107605600.0,0.0,0.0,0.0,0.0,0.0,0.0,0.0,0.0,0.0,0.0,0.0,0.0,0.0,0.0,0.0,0.0,0.0,0.0,0.0,0.0,2.004,-2.004,2.004,2.004,0.0,0.0,0.0,0.0,5621.0,0.0,6917.0,0.0,-0.0,-0.0,0.0,0.0,0.0,0.0,0.0,63,0.0,0.0,0.0,0.0,0.0,0.0,0.0,0.0,0.0,0,0,0,0.0,0.0,0.0,0.0,0.0,0.0,0.0,0.0,0.0,0.0,0.0,0.0,0.0,0.0,0.0,0.0,0,-107875648.0,63,0.0,126,2.7184242562605685e+23,2.842318642297501e+23,ERR,ERR,ERR,ERR,ERR,ERR,ERR,ERR,ERR,ERR,ERR,ERR,ERR,ERR,ERR,ERR,ERR,ERR,ERR,ERR,ERR,ERR,ERR,ERR,ERR,ERR,ERR,ERR,ERR,ERR,ERR,ERR,ERR,ERR,ERR,ERR,ERR,ERR,ERR,ERR,ERR,ERR,ERR,ERR,ERR,ERR,ERR,ERR,ERR,ERR,ERR,ERR,ERR,ERR,ERR,ERR,ERR,ERR,ERR,ERR,ERR,ERR,ERR,ERR,ERR,ERR,ERR,34.0,80.0,35,0.0,0.0,0.0,0.0,0.0,0.0,0.0,0.0,0.0,0.0,0.0,0.0,0.0,0.0,0.0,0.0,64.4,0,116,56,49,65476,0,300,0,0,8,20529,65476,0,0,57672,80.0,0.0,0.0,0.0,0.0,0.0
2026-06-17T04:47:58,ERR,ERR,ERR,ERR,ERR,ERR,ERR,ERR,ERR,ERR,ERR,ERR,ERR,ERR,ERR,ERR,ERR,ERR,ERR,ERR,ERR,ERR,ERR,ERR,ERR,ERR,ERR,ERR,ERR,ERR,ERR,ERR,ERR,ERR,ERR,ERR,ERR,ERR,ERR,ERR,ERR,ERR,ERR,ERR,ERR,ERR,ERR,ERR,ERR,ERR,ERR,ERR,ERR,ERR,ERR,ERR,ERR,ERR,ERR,ERR,ERR,ERR,ERR,ERR,ERR,ERR,ERR,ERR,ERR,ERR,ERR,ERR,ERR,ERR,ERR,ERR,ERR,ERR,ERR,ERR,ERR,ERR,ERR,ERR,ERR,ERR,ERR,ERR,ERR,ERR,ERR,ERR,ERR,ERR,ERR,ERR,ERR,ERR,ERR,ERR,ERR,ERR,ERR,ERR,ERR,ERR,ERR,ERR,ERR,ERR,ERR,ERR,ERR,ERR,ERR,ERR,ERR,ERR,ERR,ERR,ERR,ERR,ERR,ERR,ERR,0.0,-0.0,3.028208139652935e+23,0.0,0.0,1.3936040501711995e+18,7.805,0.0,0,0,4,0,7300,-0.0,0,0.0,0.0,0.0,0.0,0.0,0,0,0,0,0.0,0,0,0,0,0,0,0,0,0,0,0,0,0,0,0,0,0,0,0,0,0,0,0,0,0,0,0,0,0,0,0,0,0,32,30,30,62,65476,0,300,0,0,8,21553,0.0,-107605600.0,0.0,0.0,0.0,0.0,0.0,0.0,0.0,0.0,0.0,0.0,0.0,0.0,0.0,0.0,0.0,0.0,0.0,0.0,0.0,0.0,2.004,-2.004,2.004,2.004,0.0,0.0,0.0,0.0,5621.0,0.0,6917.0,0.0,-0.0,-0.0,0.0,0.0,0.0,0.0,0.0,63,0.0,0.0,0.0,0.0,0.0,0.0,0.0,0.0,0.0,0,0,0,0.0,0.0,0.0,0.0,0.0,0.0,0.0,0.0,0.0,0.0,0.0,0.0,0.0,0.0,0.0,0.0,0,-107875648.0,63,0.0,126,2.7184242562605685e+23,2.842318642297501e+23,ERR,ERR,ERR,ERR,ERR,ERR,ERR,ERR,ERR,ERR,ERR,ERR,ERR,ERR,ERR,ERR,ERR,ERR,ERR,ERR,ERR,ERR,ERR,ERR,ERR,ERR,ERR,ERR,ERR,ERR,ERR,ERR,ERR,ERR,ERR,ERR,ERR,ERR,ERR,ERR,ERR,ERR,ERR,ERR,ERR,ERR,ERR,ERR,ERR,ERR,ERR,ERR,ERR,ERR,ERR,ERR,ERR,ERR,ERR,ERR,ERR,ERR,ERR,ERR,ERR,ERR,ERR,34.0,80.0,35,0.0,0.0,0.0,0.0,0.0,0.0,0.0,0.0,0.0,0.0,0.0,0.0,0.0,0.0,0.0,0.0,64.4,0,116,56,49,65476,0,300,0,0,8,20529,65476,0,0,57672,80.0,0.0,0.0,0.0,0.0,0.0
2026-06-17T04:47:59,ERR,ERR,ERR,ERR,ERR,ERR,ERR,ERR,ERR,ERR,ERR,ERR,ERR,ERR,ERR,ERR,ERR,ERR,ERR,ERR,ERR,ERR,ERR,ERR,ERR,ERR,ERR,ERR,ERR,ERR,ERR,ERR,ERR,ERR,ERR,ERR,ERR,ERR,ERR,ERR,ERR,ERR,ERR,ERR,ERR,ERR,ERR,ERR,ERR,ERR,ERR,ERR,ERR,ERR,ERR,ERR,ERR,ERR,ERR,ERR,ERR,ERR,ERR,ERR,ERR,ERR,ERR,ERR,ERR,ERR,ERR,ERR,ERR,ERR,ERR,ERR,ERR,ERR,ERR,ERR,ERR,ERR,ERR,ERR,ERR,ERR,ERR,ERR,ERR,ERR,ERR,ERR,ERR,ERR,ERR,ERR,ERR,ERR,ERR,ERR,ERR,ERR,ERR,ERR,ERR,ERR,ERR,ERR,ERR,ERR,ERR,ERR,ERR,ERR,ERR,ERR,ERR,ERR,ERR,ERR,ERR,ERR,ERR,ERR,ERR,0.0,-0.0,3.028208139652935e+23,0.0,0.0,1.3936040501711995e+18,7.805,0.0,0,0,4,0,7300,-0.0,0,0.0,0.0,0.0,0.0,0.0,0,0,0,0,0.0,0,0,0,0,0,0,0,0,0,0,0,0,0,0,0,0,0,0,0,0,0,0,0,0,0,0,0,0,0,0,0,0,0,32,30,30,62,65476,0,300,0,0,8,21553,0.0,-107605600.0,0.0,0.0,0.0,0.0,0.0,0.0,0.0,0.0,0.0,0.0,0.0,0.0,0.0,0.0,0.0,0.0,0.0,0.0,0.0,0.0,2.004,-2.004,2.004,2.004,0.0,0.0,0.0,0.0,5621.0,0.0,6917.0,0.0,-0.0,-0.0,0.0,0.0,0.0,0.0,0.0,63,0.0,0.0,0.0,0.0,0.0,0.0,0.0,0.0,0.0,0,0,0,0.0,0.0,0.0,0.0,0.0,0.0,0.0,0.0,0.0,0.0,0.0,0.0,0.0,0.0,0.0,0.0,0,-107875648.0,63,0.0,126,2.7184242562605685e+23,2.842318642297501e+23,ERR,ERR,ERR,ERR,ERR,ERR,ERR,ERR,ERR,ERR,ERR,ERR,ERR,ERR,ERR,ERR,ERR,ERR,ERR,ERR,ERR,ERR,ERR,ERR,ERR,ERR,ERR,ERR,ERR,ERR,ERR,ERR,ERR,ERR,ERR,ERR,ERR,ERR,ERR,ERR,ERR,ERR,ERR,ERR,ERR,ERR,ERR,ERR,ERR,ERR,ERR,ERR,ERR,ERR,ERR,ERR,ERR,ERR,ERR,ERR,ERR,ERR,ERR,ERR,ERR,ERR,ERR,34.0,80.0,35,0.0,0.0,0.0,0.0,0.0,0.0,0.0,0.0,0.0,0.0,0.0,0.0,0.0,0.0,0.0,0.0,64.4,0,116,56,49,65476,0,300,0,0,8,20529,65476,0,0,57672,80.0,0.0,0.0,0.0,0.0,0.0
2026-06-17T04:48:00,ERR,ERR,ERR,ERR,ERR,ERR,ERR,ERR,ERR,ERR,ERR,ERR,ERR,ERR,ERR,ERR,ERR,ERR,ERR,ERR,ERR,ERR,ERR,ERR,ERR,ERR,ERR,ERR,ERR,ERR,ERR,ERR,ERR,ERR,ERR,ERR,ERR,ERR,ERR,ERR,ERR,ERR,ERR,ERR,ERR,ERR,ERR,ERR,ERR,ERR,ERR,ERR,ERR,ERR,ERR,ERR,ERR,ERR,ERR,ERR,ERR,ERR,ERR,ERR,ERR,ERR,ERR,ERR,ERR,ERR,ERR,ERR,ERR,ERR,ERR,ERR,ERR,ERR,ERR,ERR,ERR,ERR,ERR,ERR,ERR,ERR,ERR,ERR,ERR,ERR,ERR,ERR,ERR,ERR,ERR,ERR,ERR,ERR,ERR,ERR,ERR,ERR,ERR,ERR,ERR,ERR,ERR,ERR,ERR,ERR,ERR,ERR,ERR,ERR,ERR,ERR,ERR,ERR,ERR,ERR,ERR,ERR,ERR,ERR,ERR,0.0,-0.0,3.028208139652935e+23,0.0,0.0,1.3936040501711995e+18,7.805,0.0,0,0,4,0,7300,-0.0,0,0.0,0.0,0.0,0.0,0.0,0,0,0,0,0.0,0,0,0,0,0,0,0,0,0,0,0,0,0,0,0,0,0,0,0,0,0,0,0,0,0,0,0,0,0,0,0,0,0,32,30,30,62,65476,0,300,0,0,8,21553,0.0,-107605600.0,0.0,0.0,0.0,0.0,0.0,0.0,0.0,0.0,0.0,0.0,0.0,0.0,0.0,0.0,0.0,0.0,0.0,0.0,0.0,0.0,2.004,-2.004,2.004,2.004,0.0,0.0,0.0,0.0,5621.0,0.0,6917.0,0.0,-0.0,-0.0,0.0,0.0,0.0,0.0,0.0,63,0.0,0.0,0.0,0.0,0.0,0.0,0.0,0.0,0.0,0,0,0,0.0,0.0,0.0,0.0,0.0,0.0,0.0,0.0,0.0,0.0,0.0,0.0,0.0,0.0,0.0,0.0,0,-107875648.0,63,0.0,126,2.7184242562605685e+23,2.842318642297501e+23,ERR,ERR,ERR,ERR,ERR,ERR,ERR,ERR,ERR,ERR,ERR,ERR,ERR,ERR,ERR,ERR,ERR,ERR,ERR,ERR,ERR,ERR,ERR,ERR,ERR,ERR,ERR,ERR,ERR,ERR,ERR,ERR,ERR,ERR,ERR,ERR,ERR,ERR,ERR,ERR,ERR,ERR,ERR,ERR,ERR,ERR,ERR,ERR,ERR,ERR,ERR,ERR,ERR,ERR,ERR,ERR,ERR,ERR,ERR,ERR,ERR,ERR,ERR,ERR,ERR,ERR,ERR,34.0,80.0,35,0.0,0.0,0.0,0.0,0.0,0.0,0.0,0.0,0.0,0.0,0.0,0.0,0.0,0.0,0.0,0.0,64.4,0,116,56,49,65476,0,300,0,0,8,20529,65476,0,0,57672,80.0,0.0,0.0,0.0,0.0,0.0
2026-06-17T04:48:01,ERR,ERR,ERR,ERR,ERR,ERR,ERR,ERR,ERR,ERR,ERR,ERR,ERR,ERR,ERR,ERR,ERR,ERR,ERR,ERR,ERR,ERR,ERR,ERR,ERR,ERR,ERR,ERR,ERR,ERR,ERR,ERR,ERR,ERR,ERR,ERR,ERR,ERR,ERR,ERR,ERR,ERR,ERR,ERR,ERR,ERR,ERR,ERR,ERR,ERR,ERR,ERR,ERR,ERR,ERR,ERR,ERR,ERR,ERR,ERR,ERR,ERR,ERR,ERR,ERR,ERR,ERR,ERR,ERR,ERR,ERR,ERR,ERR,ERR,ERR,ERR,ERR,ERR,ERR,ERR,ERR,ERR,ERR,ERR,ERR,ERR,ERR,ERR,ERR,ERR,ERR,ERR,ERR,ERR,ERR,ERR,ERR,ERR,ERR,ERR,ERR,ERR,ERR,ERR,ERR,ERR,ERR,ERR,ERR,ERR,ERR,ERR,ERR,ERR,ERR,ERR,ERR,ERR,ERR,ERR,ERR,ERR,ERR,ERR,ERR,0.0,-0.0,3.028208139652935e+23,0.0,0.0,1.3936040501711995e+18,7.805,0.0,0,0,4,0,7300,-0.0,0,0.0,0.0,0.0,0.0,0.0,0,0,0,0,0.0,0,0,0,0,0,0,0,0,0,0,0,0,0,0,0,0,0,0,0,0,0,0,0,0,0,0,0,0,0,0,0,0,0,32,30,30,62,65476,0,300,0,0,8,21553,0.0,-107605600.0,0.0,0.0,0.0,0.0,0.0,0.0,0.0,0.0,0.0,0.0,0.0,0.0,0.0,0.0,0.0,0.0,0.0,0.0,0.0,0.0,2.004,-2.004,2.004,2.004,0.0,0.0,0.0,0.0,5585.0,-3.697194050108418e+19,6940.0,0.0,-0.0,-0.0,0.0,0.0,0.0,0.0,0.0,63,-4.066878214320265e+29,-152017666310144.0,0.0,0.0,0.0,0.0,0.0,0.0,0.0,0,0,0,0.0,0.0,0.0,0.0,0.0,0.0,0.0,0.0,0.0,0.0,0.0,0.0,0.0,0.0,0.0,0.0,0,-107875648.0,63,0.0,126,2.7184242562605685e+23,2.842318642297501e+23,ERR,ERR,ERR,ERR,ERR,ERR,ERR,ERR,ERR,ERR,ERR,ERR,ERR,ERR,ERR,ERR,ERR,ERR,ERR,ERR,ERR,ERR,ERR,ERR,ERR,ERR,ERR,ERR,ERR,ERR,ERR,ERR,ERR,ERR,ERR,ERR,ERR,ERR,ERR,ERR,ERR,ERR,ERR,ERR,ERR,ERR,ERR,ERR,ERR,ERR,ERR,ERR,ERR,ERR,ERR,ERR,ERR,ERR,ERR,ERR,ERR,ERR,ERR,ERR,ERR,ERR,ERR,34.0,80.0,35,0.0,0.0,0.0,0.0,0.0,0.0,0.0,0.0,0.0,0.0,0.0,0.0,0.0,0.0,0.0,0.0,64.4,0,116,56,49,65476,0,300,0,0,8,20529,65476,0,0,57672,80.0,0.0,0.0,0.0,0.0,0.0
2026-06-17T04:48:02,ERR,ERR,ERR,ERR,ERR,ERR,ERR,ERR,ERR,ERR,ERR,ERR,ERR,ERR,ERR,ERR,ERR,ERR,ERR,ERR,ERR,ERR,ERR,ERR,ERR,ERR,ERR,ERR,ERR,ERR,ERR,ERR,ERR,ERR,ERR,ERR,ERR,ERR,ERR,ERR,ERR,ERR,ERR,ERR,ERR,ERR,ERR,ERR,ERR,ERR,ERR,ERR,ERR,ERR,ERR,ERR,ERR,ERR,ERR,ERR,ERR,ERR,ERR,ERR,ERR,ERR,ERR,ERR,ERR,ERR,ERR,ERR,ERR,ERR,ERR,ERR,ERR,ERR,ERR,ERR,ERR,ERR,ERR,ERR,ERR,ERR,ERR,ERR,ERR,ERR,ERR,ERR,ERR,ERR,ERR,ERR,ERR,ERR,ERR,ERR,ERR,ERR,ERR,ERR,ERR,ERR,ERR,ERR,ERR,ERR,ERR,ERR,ERR,ERR,ERR,ERR,ERR,ERR,ERR,ERR,ERR,ERR,ERR,ERR,ERR,0.0,-0.0,3.028208139652935e+23,0.0,0.0,1.3936040501711995e+18,7.805,0.0,0,0,4,0,7300,-0.0,0,0.0,0.0,0.0,0.0,0.0,0,0,0,0,0.0,0,0,0,0,0,0,0,0,0,0,0,0,0,0,0,0,0,0,0,0,0,0,0,0,0,0,0,0,0,0,0,0,0,32,30,30,62,65476,0,300,0,0,8,21553,0.0,-107605600.0,0.0,0.0,0.0,0.0,0.0,0.0,0.0,0.0,0.0,0.0,0.0,0.0,0.0,0.0,0.0,0.0,0.0,0.0,0.0,0.0,2.004,-2.004,2.004,2.004,0.0,0.0,0.0,0.0,5585.0,-3.697194050108418e+19,6940.0,0.0,-0.0,-0.0,0.0,0.0,0.0,0.0,0.0,63,-4.066878214320265e+29,-152017666310144.0,0.0,0.0,0.0,0.0,0.0,0.0,0.0,0,0,0,0.0,0.0,0.0,0.0,0.0,0.0,0.0,0.0,0.0,0.0,0.0,0.0,0.0,0.0,0.0,0.0,0,-107875648.0,63,0.0,126,2.7184242562605685e+23,2.842318642297501e+23,ERR,ERR,ERR,ERR,ERR,ERR,ERR,ERR,ERR,ERR,ERR,ERR,ERR,ERR,ERR,ERR,ERR,ERR,ERR,ERR,ERR,ERR,ERR,ERR,ERR,ERR,ERR,ERR,ERR,ERR,ERR,ERR,ERR,ERR,ERR,ERR,ERR,ERR,ERR,ERR,ERR,ERR,ERR,ERR,ERR,ERR,ERR,ERR,ERR,ERR,ERR,ERR,ERR,ERR,ERR,ERR,ERR,ERR,ERR,ERR,ERR,ERR,ERR,ERR,ERR,ERR,ERR,34.0,80.0,35,0.0,0.0,0.0,0.0,0.0,0.0,0.0,0.0,0.0,0.0,0.0,0.0,0.0,0.0,0.0,0.0,64.4,0,116,56,49,65476,0,300,0,0,8,20529,65476,0,0,57672,80.0,0.0,0.0,0.0,0.0,0.0
2026-06-17T04:48:03,ERR,ERR,ERR,ERR,ERR,ERR,ERR,ERR,ERR,ERR,ERR,ERR,ERR,ERR,ERR,ERR,ERR,ERR,ERR,ERR,ERR,ERR,ERR,ERR,ERR,ERR,ERR,ERR,ERR,ERR,ERR,ERR,ERR,ERR,ERR,ERR,ERR,ERR,ERR,ERR,ERR,ERR,ERR,ERR,ERR,ERR,ERR,ERR,ERR,ERR,ERR,ERR,ERR,ERR,ERR,ERR,ERR,ERR,ERR,ERR,ERR,ERR,ERR,ERR,ERR,ERR,ERR,ERR,ERR,ERR,ERR,ERR,ERR,ERR,ERR,ERR,ERR,ERR,ERR,ERR,ERR,ERR,ERR,ERR,ERR,ERR,ERR,ERR,ERR,ERR,ERR,ERR,ERR,ERR,ERR,ERR,ERR,ERR,ERR,ERR,ERR,ERR,ERR,ERR,ERR,ERR,ERR,ERR,ERR,ERR,ERR,ERR,ERR,ERR,ERR,ERR,ERR,ERR,ERR,ERR,ERR,ERR,ERR,ERR,ERR,0.0,-0.0,3.028208139652935e+23,0.0,0.0,1.3936040501711995e+18,7.805,0.0,0,0,4,0,7300,-0.0,0,0.0,0.0,0.0,0.0,0.0,0,0,0,0,0.0,0,0,0,0,0,0,0,0,0,0,0,0,0,0,0,0,0,0,0,0,0,0,0,0,0,0,0,0,0,0,0,0,0,32,30,30,62,65476,0,300,0,0,8,21553,0.0,-107605600.0,0.0,0.0,0.0,0.0,0.0,0.0,0.0,0.0,0.0,0.0,0.0,0.0,0.0,0.0,0.0,0.0,0.0,0.0,0.0,0.0,2.004,-2.004,2.004,2.004,0.0,0.0,0.0,0.0,5585.0,-3.697194050108418e+19,6940.0,0.0,-0.0,-0.0,0.0,0.0,0.0,0.0,0.0,63,-4.066878214320265e+29,-152017666310144.0,0.0,0.0,0.0,0.0,0.0,0.0,0.0,0,0,0,0.0,0.0,0.0,0.0,0.0,0.0,0.0,0.0,0.0,0.0,0.0,0.0,0.0,0.0,0.0,0.0,0,-107875648.0,63,0.0,126,2.7184242562605685e+23,2.842318642297501e+23,ERR,ERR,ERR,ERR,ERR,ERR,ERR,ERR,ERR,ERR,ERR,ERR,ERR,ERR,ERR,ERR,ERR,ERR,ERR,ERR,ERR,ERR,ERR,ERR,ERR,ERR,ERR,ERR,ERR,ERR,ERR,ERR,ERR,ERR,ERR,ERR,ERR,ERR,ERR,ERR,ERR,ERR,ERR,ERR,ERR,ERR,ERR,ERR,ERR,ERR,ERR,ERR,ERR,ERR,ERR,ERR,ERR,ERR,ERR,ERR,ERR,ERR,ERR,ERR,ERR,ERR,ERR,34.0,80.0,35,0.0,0.0,0.0,0.0,0.0,0.0,0.0,0.0,0.0,0.0,0.0,0.0,0.0,0.0,0.0,0.0,64.8,0,116,56,49,65476,0,300,0,0,8,20529,65476,0,0,57672,80.0,0.0,0.0,0.0,0.0,0.0
2026-06-17T04:48:04,ERR,ERR,ERR,ERR,ERR,ERR,ERR,ERR,ERR,ERR,ERR,ERR,ERR,ERR,ERR,ERR,ERR,ERR,ERR,ERR,ERR,ERR,ERR,ERR,ERR,ERR,ERR,ERR,ERR,ERR,ERR,ERR,ERR,ERR,ERR,ERR,ERR,ERR,ERR,ERR,ERR,ERR,ERR,ERR,ERR,ERR,ERR,ERR,ERR,ERR,ERR,ERR,ERR,ERR,ERR,ERR,ERR,ERR,ERR,ERR,ERR,ERR,ERR,ERR,ERR,ERR,ERR,ERR,ERR,ERR,ERR,ERR,ERR,ERR,ERR,ERR,ERR,ERR,ERR,ERR,ERR,ERR,ERR,ERR,ERR,ERR,ERR,ERR,ERR,ERR,ERR,ERR,ERR,ERR,ERR,ERR,ERR,ERR,ERR,ERR,ERR,ERR,ERR,ERR,ERR,ERR,ERR,ERR,ERR,ERR,ERR,ERR,ERR,ERR,ERR,ERR,ERR,ERR,ERR,ERR,ERR,ERR,ERR,ERR,ERR,0.0,-0.0,3.028208139652935e+23,0.0,0.0,1.3936040501711995e+18,7.805,0.0,0,0,4,0,7300,-0.0,0,0.0,0.0,0.0,0.0,0.0,0,0,0,0,0.0,0,0,0,0,0,0,0,0,0,0,0,0,0,0,0,0,0,0,0,0,0,0,0,0,0,0,0,0,0,0,0,0,0,32,30,30,62,65476,0,300,0,0,8,21553,0.0,-107605600.0,0.0,0.0,0.0,0.0,0.0,0.0,0.0,0.0,0.0,0.0,0.0,0.0,0.0,0.0,0.0,0.0,0.0,0.0,0.0,0.0,2.004,-2.004,2.004,2.004,0.0,0.0,0.0,0.0,5585.0,-3.697194050108418e+19,6940.0,0.0,-0.0,-0.0,0.0,0.0,0.0,0.0,0.0,63,-4.066878214320265e+29,-152017666310144.0,0.0,0.0,0.0,0.0,0.0,0.0,0.0,0,0,0,0.0,0.0,0.0,0.0,0.0,0.0,0.0,0.0,0.0,0.0,0.0,0.0,0.0,0.0,0.0,0.0,0,-107875648.0,63,0.0,126,2.7184242562605685e+23,2.842318642297501e+23,ERR,ERR,ERR,ERR,ERR,ERR,ERR,ERR,ERR,ERR,ERR,ERR,ERR,ERR,ERR,ERR,ERR,ERR,ERR,ERR,ERR,ERR,ERR,ERR,ERR,ERR,ERR,ERR,ERR,ERR,ERR,ERR,ERR,ERR,ERR,ERR,ERR,ERR,ERR,ERR,ERR,ERR,ERR,ERR,ERR,ERR,ERR,ERR,ERR,ERR,ERR,ERR,ERR,ERR,ERR,ERR,ERR,ERR,ERR,ERR,ERR,ERR,ERR,ERR,ERR,ERR,ERR,34.0,80.0,35,0.0,0.0,0.0,0.0,0.0,0.0,0.0,0.0,0.0,0.0,0.0,0.0,0.0,0.0,0.0,0.0,64.8,0,116,56,49,65476,0,300,0,0,8,20529,65476,0,0,57672,80.0,0.0,0.0,0.0,0.0,0.0
2026-06-17T04:48:05,ERR,ERR,ERR,ERR,ERR,ERR,ERR,ERR,ERR,ERR,ERR,ERR,ERR,ERR,ERR,ERR,ERR,ERR,ERR,ERR,ERR,ERR,ERR,ERR,ERR,ERR,ERR,ERR,ERR,ERR,ERR,ERR,ERR,ERR,ERR,ERR,ERR,ERR,ERR,ERR,ERR,ERR,ERR,ERR,ERR,ERR,ERR,ERR,ERR,ERR,ERR,ERR,ERR,ERR,ERR,ERR,ERR,ERR,ERR,ERR,ERR,ERR,ERR,ERR,ERR,ERR,ERR,ERR,ERR,ERR,ERR,ERR,ERR,ERR,ERR,ERR,ERR,ERR,ERR,ERR,ERR,ERR,ERR,ERR,ERR,ERR,ERR,ERR,ERR,ERR,ERR,ERR,ERR,ERR,ERR,ERR,ERR,ERR,ERR,ERR,ERR,ERR,ERR,ERR,ERR,ERR,ERR,ERR,ERR,ERR,ERR,ERR,ERR,ERR,ERR,ERR,ERR,ERR,ERR,ERR,ERR,ERR,ERR,ERR,ERR,0.0,-0.0,3.028208139652935e+23,0.0,0.0,1.3936040501711995e+18,7.805,0.0,0,0,4,0,7300,-0.0,0,0.0,0.0,0.0,0.0,0.0,0,0,0,0,0.0,0,0,0,0,0,0,0,0,0,0,0,0,0,0,0,0,0,0,0,0,0,0,0,0,0,0,0,0,0,0,0,0,0,32,30,30,62,65476,0,300,0,0,8,21553,0.0,-107605600.0,0.0,0.0,0.0,0.0,0.0,0.0,0.0,0.0,0.0,0.0,0.0,0.0,0.0,0.0,0.0,0.0,0.0,0.0,0.0,0.0,2.004,-2.004,2.004,2.004,0.0,0.0,0.0,0.0,5585.0,-3.697194050108418e+19,6940.0,0.0,-0.0,-0.0,0.0,0.0,0.0,0.0,0.0,63,-4.066878214320265e+29,-152017666310144.0,0.0,0.0,0.0,0.0,0.0,0.0,0.0,0,0,0,0.0,0.0,0.0,0.0,0.0,0.0,0.0,0.0,0.0,0.0,0.0,0.0,0.0,0.0,0.0,0.0,0,-107875648.0,63,0.0,126,2.7184242562605685e+23,2.842318642297501e+23,ERR,ERR,ERR,ERR,ERR,ERR,ERR,ERR,ERR,ERR,ERR,ERR,ERR,ERR,ERR,ERR,ERR,ERR,ERR,ERR,ERR,ERR,ERR,ERR,ERR,ERR,ERR,ERR,ERR,ERR,ERR,ERR,ERR,ERR,ERR,ERR,ERR,ERR,ERR,ERR,ERR,ERR,ERR,ERR,ERR,ERR,ERR,ERR,ERR,ERR,ERR,ERR,ERR,ERR,ERR,ERR,ERR,ERR,ERR,ERR,ERR,ERR,ERR,ERR,ERR,ERR,ERR,34.0,80.0,35,0.0,0.0,0.0,0.0,0.0,0.0,0.0,0.0,0.0,0.0,0.0,0.0,0.0,0.0,0.0,0.0,64.4,0,116,56,49,65476,0,300,0,0,8,20529,65476,0,0,57672,80.0,0.0,0.0,0.0,0.0,0.0
2026-06-17T04:48:06,ERR,ERR,ERR,ERR,ERR,ERR,ERR,ERR,ERR,ERR,ERR,ERR,ERR,ERR,ERR,ERR,ERR,ERR,ERR,ERR,ERR,ERR,ERR,ERR,ERR,ERR,ERR,ERR,ERR,ERR,ERR,ERR,ERR,ERR,ERR,ERR,ERR,ERR,ERR,ERR,ERR,ERR,ERR,ERR,ERR,ERR,ERR,ERR,ERR,ERR,ERR,ERR,ERR,ERR,ERR,ERR,ERR,ERR,ERR,ERR,ERR,ERR,ERR,ERR,ERR,ERR,ERR,ERR,ERR,ERR,ERR,ERR,ERR,ERR,ERR,ERR,ERR,ERR,ERR,ERR,ERR,ERR,ERR,ERR,ERR,ERR,ERR,ERR,ERR,ERR,ERR,ERR,ERR,ERR,ERR,ERR,ERR,ERR,ERR,ERR,ERR,ERR,ERR,ERR,ERR,ERR,ERR,ERR,ERR,ERR,ERR,ERR,ERR,ERR,ERR,ERR,ERR,ERR,ERR,ERR,ERR,ERR,ERR,ERR,ERR,0.0,-0.0,3.028208139652935e+23,0.0,0.0,1.3936040501711995e+18,7.805,0.0,0,0,4,0,7300,-0.0,0,0.0,0.0,0.0,0.0,0.0,0,0,0,0,0.0,0,0,0,0,0,0,0,0,0,0,0,0,0,0,0,0,0,0,0,0,0,0,0,0,0,0,0,0,0,0,0,0,0,32,30,30,62,65476,0,300,0,0,8,21553,0.0,-107605600.0,0.0,0.0,0.0,0.0,0.0,0.0,0.0,0.0,0.0,0.0,0.0,0.0,0.0,0.0,0.0,0.0,0.0,0.0,0.0,0.0,2.004,-2.004,2.004,2.004,0.0,0.0,0.0,0.0,5588.0,1.587932753218144e+29,6926.0,0.0,-0.0,-0.0,0.0,0.0,0.0,0.0,0.0,63,0.0,89220.742,0.0,0.0,0.0,0.0,0.0,0.0,0.0,0,0,0,0.0,0.0,0.0,0.0,0.0,0.0,0.0,0.0,0.0,0.0,0.0,0.0,0.0,0.0,0.0,0.0,0,-107875648.0,63,0.0,126,2.7184242562605685e+23,2.842318642297501e+23,ERR,ERR,ERR,ERR,ERR,ERR,ERR,ERR,ERR,ERR,ERR,ERR,ERR,ERR,ERR,ERR,ERR,ERR,ERR,ERR,ERR,ERR,ERR,ERR,ERR,ERR,ERR,ERR,ERR,ERR,ERR,ERR,ERR,ERR,ERR,ERR,ERR,ERR,ERR,ERR,ERR,ERR,ERR,ERR,ERR,ERR,ERR,ERR,ERR,ERR,ERR,ERR,ERR,ERR,ERR,ERR,ERR,ERR,ERR,ERR,ERR,ERR,ERR,ERR,ERR,ERR,ERR,34.0,80.0,35,0.0,0.0,0.0,0.0,0.0,0.0,0.0,0.0,0.0,0.0,0.0,0.0,0.0,0.0,0.0,0.0,64.4,0,116,56,49,65476,0,300,0,0,8,20529,65476,0,0,57672,80.0,0.0,0.0,0.0,0.0,0.0
2026-06-17T04:48:07,ERR,ERR,ERR,ERR,ERR,ERR,ERR,ERR,ERR,ERR,ERR,ERR,ERR,ERR,ERR,ERR,ERR,ERR,ERR,ERR,ERR,ERR,ERR,ERR,ERR,ERR,ERR,ERR,ERR,ERR,ERR,ERR,ERR,ERR,ERR,ERR,ERR,ERR,ERR,ERR,ERR,ERR,ERR,ERR,ERR,ERR,ERR,ERR,ERR,ERR,ERR,ERR,ERR,ERR,ERR,ERR,ERR,ERR,ERR,ERR,ERR,ERR,ERR,ERR,ERR,ERR,ERR,ERR,ERR,ERR,ERR,ERR,ERR,ERR,ERR,ERR,ERR,ERR,ERR,ERR,ERR,ERR,ERR,ERR,ERR,ERR,ERR,ERR,ERR,ERR,ERR,ERR,ERR,ERR,ERR,ERR,ERR,ERR,ERR,ERR,ERR,ERR,ERR,ERR,ERR,ERR,ERR,ERR,ERR,ERR,ERR,ERR,ERR,ERR,ERR,ERR,ERR,ERR,ERR,ERR,ERR,ERR,ERR,ERR,ERR,0.0,-0.0,3.028208139652935e+23,0.0,0.0,1.3936040501711995e+18,7.805,0.0,0,0,4,0,7300,-0.0,0,0.0,0.0,0.0,0.0,0.0,0,0,0,0,0.0,0,0,0,0,0,0,0,0,0,0,0,0,0,0,0,0,0,0,0,0,0,0,0,0,0,0,0,0,0,0,0,0,0,32,30,30,62,65476,0,300,0,0,8,21553,0.0,-107605600.0,0.0,0.0,0.0,0.0,0.0,0.0,0.0,0.0,0.0,0.0,0.0,0.0,0.0,0.0,0.0,0.0,0.0,0.0,0.0,0.0,2.004,-2.004,2.004,2.004,0.0,0.0,0.0,0.0,5588.0,1.587932753218144e+29,6926.0,0.0,-0.0,-0.0,0.0,0.0,0.0,0.0,0.0,63,0.0,89220.742,0.0,0.0,0.0,0.0,0.0,0.0,0.0,0,0,0,0.0,0.0,0.0,0.0,0.0,0.0,0.0,0.0,0.0,0.0,0.0,0.0,0.0,0.0,0.0,0.0,0,-107875648.0,63,0.0,126,2.7184242562605685e+23,2.842318642297501e+23,ERR,ERR,ERR,ERR,ERR,ERR,ERR,ERR,ERR,ERR,ERR,ERR,ERR,ERR,ERR,ERR,ERR,ERR,ERR,ERR,ERR,ERR,ERR,ERR,ERR,ERR,ERR,ERR,ERR,ERR,ERR,ERR,ERR,ERR,ERR,ERR,ERR,ERR,ERR,ERR,ERR,ERR,ERR,ERR,ERR,ERR,ERR,ERR,ERR,ERR,ERR,ERR,ERR,ERR,ERR,ERR,ERR,ERR,ERR,ERR,ERR,ERR,ERR,ERR,ERR,ERR,ERR,34.0,80.0,35,0.0,0.0,0.0,0.0,0.0,0.0,0.0,0.0,0.0,0.0,0.0,0.0,0.0,0.0,0.0,0.0,64.4,0,116,56,49,65476,0,300,0,0,8,20529,65476,0,0,57672,80.0,0.0,0.0,0.0,0.0,0.0
2026-06-17T04:48:08,ERR,ERR,ERR,ERR,ERR,ERR,ERR,ERR,ERR,ERR,ERR,ERR,ERR,ERR,ERR,ERR,ERR,ERR,ERR,ERR,ERR,ERR,ERR,ERR,ERR,ERR,ERR,ERR,ERR,ERR,ERR,ERR,ERR,ERR,ERR,ERR,ERR,ERR,ERR,ERR,ERR,ERR,ERR,ERR,ERR,ERR,ERR,ERR,ERR,ERR,ERR,ERR,ERR,ERR,ERR,ERR,ERR,ERR,ERR,ERR,ERR,ERR,ERR,ERR,ERR,ERR,ERR,ERR,ERR,ERR,ERR,ERR,ERR,ERR,ERR,ERR,ERR,ERR,ERR,ERR,ERR,ERR,ERR,ERR,ERR,ERR,ERR,ERR,ERR,ERR,ERR,ERR,ERR,ERR,ERR,ERR,ERR,ERR,ERR,ERR,ERR,ERR,ERR,ERR,ERR,ERR,ERR,ERR,ERR,ERR,ERR,ERR,ERR,ERR,ERR,ERR,ERR,ERR,ERR,ERR,ERR,ERR,ERR,ERR,ERR,0.0,-0.0,3.028208139652935e+23,0.0,0.0,1.3936040501711995e+18,7.805,0.0,0,0,4,0,7300,-0.0,0,0.0,0.0,0.0,0.0,0.0,0,0,0,0,0.0,0,0,0,0,0,0,0,0,0,0,0,0,0,0,0,0,0,0,0,0,0,0,0,0,0,0,0,0,0,0,0,0,0,32,30,30,62,65476,0,300,0,0,8,21553,0.0,-107605600.0,0.0,0.0,0.0,0.0,0.0,0.0,0.0,0.0,0.0,0.0,0.0,0.0,0.0,0.0,0.0,0.0,0.0,0.0,0.0,0.0,2.004,-2.004,2.004,2.004,0.0,0.0,0.0,0.0,5588.0,1.587932753218144e+29,6926.0,0.0,-0.0,-0.0,0.0,0.0,0.0,0.0,0.0,63,0.0,89220.742,0.0,0.0,0.0,0.0,0.0,0.0,0.0,0,0,0,0.0,0.0,0.0,0.0,0.0,0.0,0.0,0.0,0.0,0.0,0.0,0.0,0.0,0.0,0.0,0.0,0,-107875648.0,63,0.0,126,2.7184242562605685e+23,2.842318642297501e+23,ERR,ERR,ERR,ERR,ERR,ERR,ERR,ERR,ERR,ERR,ERR,ERR,ERR,ERR,ERR,ERR,ERR,ERR,ERR,ERR,ERR,ERR,ERR,ERR,ERR,ERR,ERR,ERR,ERR,ERR,ERR,ERR,ERR,ERR,ERR,ERR,ERR,ERR,ERR,ERR,ERR,ERR,ERR,ERR,ERR,ERR,ERR,ERR,ERR,ERR,ERR,ERR,ERR,ERR,ERR,ERR,ERR,ERR,ERR,ERR,ERR,ERR,ERR,ERR,ERR,ERR,ERR,34.0,80.0,35,0.0,0.0,0.0,0.0,0.0,0.0,0.0,0.0,0.0,0.0,0.0,0.0,0.0,0.0,0.0,0.0,64.4,0,116,56,49,65476,0,300,0,0,8,20529,65476,0,0,57672,80.0,0.0,0.0,0.0,0.0,0.0
2026-06-17T04:48:09,ERR,ERR,ERR,ERR,ERR,ERR,ERR,ERR,ERR,ERR,ERR,ERR,ERR,ERR,ERR,ERR,ERR,ERR,ERR,ERR,ERR,ERR,ERR,ERR,ERR,ERR,ERR,ERR,ERR,ERR,ERR,ERR,ERR,ERR,ERR,ERR,ERR,ERR,ERR,ERR,ERR,ERR,ERR,ERR,ERR,ERR,ERR,ERR,ERR,ERR,ERR,ERR,ERR,ERR,ERR,ERR,ERR,ERR,ERR,ERR,ERR,ERR,ERR,ERR,ERR,ERR,ERR,ERR,ERR,ERR,ERR,ERR,ERR,ERR,ERR,ERR,ERR,ERR,ERR,ERR,ERR,ERR,ERR,ERR,ERR,ERR,ERR,ERR,ERR,ERR,ERR,ERR,ERR,ERR,ERR,ERR,ERR,ERR,ERR,ERR,ERR,ERR,ERR,ERR,ERR,ERR,ERR,ERR,ERR,ERR,ERR,ERR,ERR,ERR,ERR,ERR,ERR,ERR,ERR,ERR,ERR,ERR,ERR,ERR,ERR,0.0,-0.0,3.028208139652935e+23,0.0,0.0,1.3936040501711995e+18,7.805,0.0,0,0,4,0,7300,-0.0,0,0.0,0.0,0.0,0.0,0.0,0,0,0,0,0.0,0,0,0,0,0,0,0,0,0,0,0,0,0,0,0,0,0,0,0,0,0,0,0,0,0,0,0,0,0,0,0,0,0,32,30,30,62,65476,0,300,0,0,8,21553,0.0,-107605600.0,0.0,0.0,0.0,0.0,0.0,0.0,0.0,0.0,0.0,0.0,0.0,0.0,0.0,0.0,0.0,0.0,0.0,0.0,0.0,0.0,2.004,-2.004,2.004,2.004,0.0,0.0,0.0,0.0,5588.0,1.587932753218144e+29,6926.0,0.0,-0.0,-0.0,0.0,0.0,0.0,0.0,0.0,63,0.0,89220.742,0.0,0.0,0.0,0.0,0.0,0.0,0.0,0,0,0,0.0,0.0,0.0,0.0,0.0,0.0,0.0,0.0,0.0,0.0,0.0,0.0,0.0,0.0,0.0,0.0,0,-107875648.0,63,0.0,126,2.7184242562605685e+23,2.842318642297501e+23,ERR,ERR,ERR,ERR,ERR,ERR,ERR,ERR,ERR,ERR,ERR,ERR,ERR,ERR,ERR,ERR,ERR,ERR,ERR,ERR,ERR,ERR,ERR,ERR,ERR,ERR,ERR,ERR,ERR,ERR,ERR,ERR,ERR,ERR,ERR,ERR,ERR,ERR,ERR,ERR,ERR,ERR,ERR,ERR,ERR,ERR,ERR,ERR,ERR,ERR,ERR,ERR,ERR,ERR,ERR,ERR,ERR,ERR,ERR,ERR,ERR,ERR,ERR,ERR,ERR,ERR,ERR,34.0,80.0,35,0.0,0.0,0.0,0.0,0.0,0.0,0.0,0.0,0.0,0.0,0.0,0.0,0.0,0.0,0.0,0.0,64.4,0,116,56,49,65476,0,300,0,0,8,20529,65476,0,0,57672,80.0,0.0,0.0,0.0,0.0,0.0
2026-06-17T04:48:10,ERR,ERR,ERR,ERR,ERR,ERR,ERR,ERR,ERR,ERR,ERR,ERR,ERR,ERR,ERR,ERR,ERR,ERR,ERR,ERR,ERR,ERR,ERR,ERR,ERR,ERR,ERR,ERR,ERR,ERR,ERR,ERR,ERR,ERR,ERR,ERR,ERR,ERR,ERR,ERR,ERR,ERR,ERR,ERR,ERR,ERR,ERR,ERR,ERR,ERR,ERR,ERR,ERR,ERR,ERR,ERR,ERR,ERR,ERR,ERR,ERR,ERR,ERR,ERR,ERR,ERR,ERR,ERR,ERR,ERR,ERR,ERR,ERR,ERR,ERR,ERR,ERR,ERR,ERR,ERR,ERR,ERR,ERR,ERR,ERR,ERR,ERR,ERR,ERR,ERR,ERR,ERR,ERR,ERR,ERR,ERR,ERR,ERR,ERR,ERR,ERR,ERR,ERR,ERR,ERR,ERR,ERR,ERR,ERR,ERR,ERR,ERR,ERR,ERR,ERR,ERR,ERR,ERR,ERR,ERR,ERR,ERR,ERR,ERR,ERR,0.0,-0.0,3.028208139652935e+23,0.0,0.0,1.3936040501711995e+18,7.805,0.0,0,0,4,0,7300,-0.0,0,0.0,0.0,0.0,0.0,0.0,0,0,0,0,0.0,0,0,0,0,0,0,0,0,0,0,0,0,0,0,0,0,0,0,0,0,0,0,0,0,0,0,0,0,0,0,0,0,0,32,30,30,62,65476,0,300,0,0,8,21553,0.0,-107605600.0,0.0,0.0,0.0,0.0,0.0,0.0,0.0,0.0,0.0,0.0,0.0,0.0,0.0,0.0,0.0,0.0,0.0,0.0,0.0,0.0,2.004,-2.004,2.004,2.004,0.0,0.0,0.0,0.0,5588.0,1.587932753218144e+29,6926.0,0.0,-0.0,-0.0,0.0,0.0,0.0,0.0,0.0,63,0.0,89220.742,0.0,0.0,0.0,0.0,0.0,0.0,0.0,0,0,0,0.0,0.0,0.0,0.0,0.0,0.0,0.0,0.0,0.0,0.0,0.0,0.0,0.0,0.0,0.0,0.0,0,-107875648.0,63,0.0,126,2.7184242562605685e+23,2.842318642297501e+23,ERR,ERR,ERR,ERR,ERR,ERR,ERR,ERR,ERR,ERR,ERR,ERR,ERR,ERR,ERR,ERR,ERR,ERR,ERR,ERR,ERR,ERR,ERR,ERR,ERR,ERR,ERR,ERR,ERR,ERR,ERR,ERR,ERR,ERR,ERR,ERR,ERR,ERR,ERR,ERR,ERR,ERR,ERR,ERR,ERR,ERR,ERR,ERR,ERR,ERR,ERR,ERR,ERR,ERR,ERR,ERR,ERR,ERR,ERR,ERR,ERR,ERR,ERR,ERR,ERR,ERR,ERR,34.0,80.0,35,0.0,0.0,0.0,0.0,0.0,0.0,0.0,0.0,0.0,0.0,0.0,0.0,0.0,0.0,0.0,0.0,64.4,0,116,56,49,65476,0,300,0,0,8,20529,65476,0,0,57672,80.0,0.0,0.0,0.0,0.0,0.0
2026-06-17T04:48:11,ERR,ERR,ERR,ERR,ERR,ERR,ERR,ERR,ERR,ERR,ERR,ERR,ERR,ERR,ERR,ERR,ERR,ERR,ERR,ERR,ERR,ERR,ERR,ERR,ERR,ERR,ERR,ERR,ERR,ERR,ERR,ERR,ERR,ERR,ERR,ERR,ERR,ERR,ERR,ERR,ERR,ERR,ERR,ERR,ERR,ERR,ERR,ERR,ERR,ERR,ERR,ERR,ERR,ERR,ERR,ERR,ERR,ERR,ERR,ERR,ERR,ERR,ERR,ERR,ERR,ERR,ERR,ERR,ERR,ERR,ERR,ERR,ERR,ERR,ERR,ERR,ERR,ERR,ERR,ERR,ERR,ERR,ERR,ERR,ERR,ERR,ERR,ERR,ERR,ERR,ERR,ERR,ERR,ERR,ERR,ERR,ERR,ERR,ERR,ERR,ERR,ERR,ERR,ERR,ERR,ERR,ERR,ERR,ERR,ERR,ERR,ERR,ERR,ERR,ERR,ERR,ERR,ERR,ERR,ERR,ERR,ERR,ERR,ERR,ERR,0.0,-0.0,-0.0,0.0,0.0,1.3936040501711995e+18,7.805,0.0,0,0,4,0,7300,-0.0,0,0.0,0.0,0.0,0.0,0.0,0,0,0,0,0.0,0,0,0,0,0,0,0,0,0,0,0,0,0,0,0,0,0,0,0,0,0,0,0,0,0,0,0,0,0,0,0,0,0,32,30,30,62,65476,0,300,0,0,8,21553,0.0,-107605600.0,0.0,0.0,0.0,0.0,0.0,0.0,0.0,0.0,0.0,0.0,0.0,0.0,0.0,0.0,0.0,0.0,0.0,0.0,0.0,0.0,2.004,-2.004,2.004,2.004,0.0,0.0,0.0,0.0,5589.0,0.0,6916.0,0.0,-0.0,-0.0,0.0,0.0,0.0,0.0,0.0,63,0.0,-2.3088319216226402e+20,0.0,0.0,0.0,0.0,0.0,0.0,0.0,0,0,0,0.0,0.0,0.0,0.0,0.0,0.0,0.0,0.0,0.0,0.0,0.0,0.0,0.0,0.0,0.0,0.0,0,-107875648.0,63,0.0,126,2.7184242562605685e+23,2.842318642297501e+23,ERR,ERR,ERR,ERR,ERR,ERR,ERR,ERR,ERR,ERR,ERR,ERR,ERR,ERR,ERR,ERR,ERR,ERR,ERR,ERR,ERR,ERR,ERR,ERR,ERR,ERR,ERR,ERR,ERR,ERR,ERR,ERR,ERR,ERR,ERR,ERR,ERR,ERR,ERR,ERR,ERR,ERR,ERR,ERR,ERR,ERR,ERR,ERR,ERR,ERR,ERR,ERR,ERR,ERR,ERR,ERR,ERR,ERR,ERR,ERR,ERR,ERR,ERR,ERR,ERR,ERR,ERR,34.0,80.0,35,0.0,0.0,0.0,0.0,0.0,0.0,0.0,0.0,0.0,0.0,0.0,0.0,0.0,0.0,0.0,0.0,64.4,0,116,56,49,65476,0,300,0,0,8,20529,65476,0,0,57672,80.0,0.0,0.0,0.0,0.0,0.0
2026-06-17T04:48:12,ERR,ERR,ERR,ERR,ERR,ERR,ERR,ERR,ERR,ERR,ERR,ERR,ERR,ERR,ERR,ERR,ERR,ERR,ERR,ERR,ERR,ERR,ERR,ERR,ERR,ERR,ERR,ERR,ERR,ERR,ERR,ERR,ERR,ERR,ERR,ERR,ERR,ERR,ERR,ERR,ERR,ERR,ERR,ERR,ERR,ERR,ERR,ERR,ERR,ERR,ERR,ERR,ERR,ERR,ERR,ERR,ERR,ERR,ERR,ERR,ERR,ERR,ERR,ERR,ERR,ERR,ERR,ERR,ERR,ERR,ERR,ERR,ERR,ERR,ERR,ERR,ERR,ERR,ERR,ERR,ERR,ERR,ERR,ERR,ERR,ERR,ERR,ERR,ERR,ERR,ERR,ERR,ERR,ERR,ERR,ERR,ERR,ERR,ERR,ERR,ERR,ERR,ERR,ERR,ERR,ERR,ERR,ERR,ERR,ERR,ERR,ERR,ERR,ERR,ERR,ERR,ERR,ERR,ERR,ERR,ERR,ERR,ERR,ERR,ERR,0.0,-0.0,-0.0,0.0,0.0,1.3936040501711995e+18,7.805,0.0,0,0,4,0,7300,-0.0,0,0.0,0.0,0.0,0.0,0.0,0,0,0,0,0.0,0,0,0,0,0,0,0,0,0,0,0,0,0,0,0,0,0,0,0,0,0,0,0,0,0,0,0,0,0,0,0,0,0,32,30,30,62,65476,0,300,0,0,8,21553,0.0,-107605600.0,0.0,0.0,0.0,0.0,0.0,0.0,0.0,0.0,0.0,0.0,0.0,0.0,0.0,0.0,0.0,0.0,0.0,0.0,0.0,0.0,2.004,-2.004,2.004,2.004,0.0,0.0,0.0,0.0,5589.0,0.0,6916.0,0.0,-0.0,-0.0,0.0,0.0,0.0,0.0,0.0,63,0.0,-2.3088319216226402e+20,0.0,0.0,0.0,0.0,0.0,0.0,0.0,0,0,0,0.0,0.0,0.0,0.0,0.0,0.0,0.0,0.0,0.0,0.0,0.0,0.0,0.0,0.0,0.0,0.0,0,-107875648.0,63,0.0,126,2.7184242562605685e+23,2.842318642297501e+23,ERR,ERR,ERR,ERR,ERR,ERR,ERR,ERR,ERR,ERR,ERR,ERR,ERR,ERR,ERR,ERR,ERR,ERR,ERR,ERR,ERR,ERR,ERR,ERR,ERR,ERR,ERR,ERR,ERR,ERR,ERR,ERR,ERR,ERR,ERR,ERR,ERR,ERR,ERR,ERR,ERR,ERR,ERR,ERR,ERR,ERR,ERR,ERR,ERR,ERR,ERR,ERR,ERR,ERR,ERR,ERR,ERR,ERR,ERR,ERR,ERR,ERR,ERR,ERR,ERR,ERR,ERR,34.0,80.0,35,0.0,0.0,0.0,0.0,0.0,0.0,0.0,0.0,0.0,0.0,0.0,0.0,0.0,0.0,0.0,0.0,64.4,0,116,56,49,65476,0,300,0,0,8,20529,65476,0,0,57672,80.0,0.0,0.0,0.0,0.0,0.0
2026-06-17T04:48:13,ERR,ERR,ERR,ERR,ERR,ERR,ERR,ERR,ERR,ERR,ERR,ERR,ERR,ERR,ERR,ERR,ERR,ERR,ERR,ERR,ERR,ERR,ERR,ERR,ERR,ERR,ERR,ERR,ERR,ERR,ERR,ERR,ERR,ERR,ERR,ERR,ERR,ERR,ERR,ERR,ERR,ERR,ERR,ERR,ERR,ERR,ERR,ERR,ERR,ERR,ERR,ERR,ERR,ERR,ERR,ERR,ERR,ERR,ERR,ERR,ERR,ERR,ERR,ERR,ERR,ERR,ERR,ERR,ERR,ERR,ERR,ERR,ERR,ERR,ERR,ERR,ERR,ERR,ERR,ERR,ERR,ERR,ERR,ERR,ERR,ERR,ERR,ERR,ERR,ERR,ERR,ERR,ERR,ERR,ERR,ERR,ERR,ERR,ERR,ERR,ERR,ERR,ERR,ERR,ERR,ERR,ERR,ERR,ERR,ERR,ERR,ERR,ERR,ERR,ERR,ERR,ERR,ERR,ERR,ERR,ERR,ERR,ERR,ERR,ERR,0.0,-0.0,-0.0,0.0,0.0,1.3936040501711995e+18,7.805,0.0,0,0,4,0,7300,-0.0,0,0.0,0.0,0.0,0.0,0.0,0,0,0,0,0.0,0,0,0,0,0,0,0,0,0,0,0,0,0,0,0,0,0,0,0,0,0,0,0,0,0,0,0,0,0,0,0,0,0,32,30,30,62,65476,0,300,0,0,8,21553,0.0,-107605600.0,0.0,0.0,0.0,0.0,0.0,0.0,0.0,0.0,0.0,0.0,0.0,0.0,0.0,0.0,0.0,0.0,0.0,0.0,0.0,0.0,2.004,-2.004,2.004,2.004,0.0,0.0,0.0,0.0,5589.0,0.0,6916.0,0.0,-0.0,-0.0,0.0,0.0,0.0,0.0,0.0,63,0.0,-2.3088319216226402e+20,0.0,0.0,0.0,0.0,0.0,0.0,0.0,0,0,0,0.0,0.0,0.0,0.0,0.0,0.0,0.0,0.0,0.0,0.0,0.0,0.0,0.0,0.0,0.0,0.0,0,-107875648.0,63,0.0,126,2.7184242562605685e+23,2.842318642297501e+23,ERR,ERR,ERR,ERR,ERR,ERR,ERR,ERR,ERR,ERR,ERR,ERR,ERR,ERR,ERR,ERR,ERR,ERR,ERR,ERR,ERR,ERR,ERR,ERR,ERR,ERR,ERR,ERR,ERR,ERR,ERR,ERR,ERR,ERR,ERR,ERR,ERR,ERR,ERR,ERR,ERR,ERR,ERR,ERR,ERR,ERR,ERR,ERR,ERR,ERR,ERR,ERR,ERR,ERR,ERR,ERR,ERR,ERR,ERR,ERR,ERR,ERR,ERR,ERR,ERR,ERR,ERR,34.0,80.0,35,0.0,0.0,0.0,0.0,0.0,0.0,0.0,0.0,0.0,0.0,0.0,0.0,0.0,0.0,0.0,0.0,64.4,0,116,56,49,65476,0,300,0,0,8,20529,65476,0,0,57672,80.0,0.0,0.0,0.0,0.0,0.0
2026-06-17T04:48:14,ERR,ERR,ERR,ERR,ERR,ERR,ERR,ERR,ERR,ERR,ERR,ERR,ERR,ERR,ERR,ERR,ERR,ERR,ERR,ERR,ERR,ERR,ERR,ERR,ERR,ERR,ERR,ERR,ERR,ERR,ERR,ERR,ERR,ERR,ERR,ERR,ERR,ERR,ERR,ERR,ERR,ERR,ERR,ERR,ERR,ERR,ERR,ERR,ERR,ERR,ERR,ERR,ERR,ERR,ERR,ERR,ERR,ERR,ERR,ERR,ERR,ERR,ERR,ERR,ERR,ERR,ERR,ERR,ERR,ERR,ERR,ERR,ERR,ERR,ERR,ERR,ERR,ERR,ERR,ERR,ERR,ERR,ERR,ERR,ERR,ERR,ERR,ERR,ERR,ERR,ERR,ERR,ERR,ERR,ERR,ERR,ERR,ERR,ERR,ERR,ERR,ERR,ERR,ERR,ERR,ERR,ERR,ERR,ERR,ERR,ERR,ERR,ERR,ERR,ERR,ERR,ERR,ERR,ERR,ERR,ERR,ERR,ERR,ERR,ERR,0.0,-0.0,-0.0,0.0,0.0,1.3936040501711995e+18,7.805,0.0,0,0,4,0,7300,-0.0,0,0.0,0.0,0.0,0.0,0.0,0,0,0,0,0.0,0,0,0,0,0,0,0,0,0,0,0,0,0,0,0,0,0,0,0,0,0,0,0,0,0,0,0,0,0,0,0,0,0,32,30,30,62,65476,0,300,0,0,8,21553,0.0,-107605600.0,0.0,0.0,0.0,0.0,0.0,0.0,0.0,0.0,0.0,0.0,0.0,0.0,0.0,0.0,0.0,0.0,0.0,0.0,0.0,0.0,2.004,-2.004,2.004,2.004,0.0,0.0,0.0,0.0,5589.0,0.0,6916.0,0.0,-0.0,-0.0,0.0,0.0,0.0,0.0,0.0,63,0.0,-2.3088319216226402e+20,0.0,0.0,0.0,0.0,0.0,0.0,0.0,0,0,0,0.0,0.0,0.0,0.0,0.0,0.0,0.0,0.0,0.0,0.0,0.0,0.0,0.0,0.0,0.0,0.0,0,-107875648.0,63,0.0,126,2.7184242562605685e+23,2.842318642297501e+23,ERR,ERR,ERR,ERR,ERR,ERR,ERR,ERR,ERR,ERR,ERR,ERR,ERR,ERR,ERR,ERR,ERR,ERR,ERR,ERR,ERR,ERR,ERR,ERR,ERR,ERR,ERR,ERR,ERR,ERR,ERR,ERR,ERR,ERR,ERR,ERR,ERR,ERR,ERR,ERR,ERR,ERR,ERR,ERR,ERR,ERR,ERR,ERR,ERR,ERR,ERR,ERR,ERR,ERR,ERR,ERR,ERR,ERR,ERR,ERR,ERR,ERR,ERR,ERR,ERR,ERR,ERR,34.0,80.0,35,0.0,0.0,0.0,0.0,0.0,0.0,0.0,0.0,0.0,0.0,0.0,0.0,0.0,0.0,0.0,0.0,64.4,0,116,56,49,65476,0,300,0,0,8,20529,65476,0,0,57672,80.0,0.0,0.0,0.0,0.0,0.0
2026-06-17T04:48:15,ERR,ERR,ERR,ERR,ERR,ERR,ERR,ERR,ERR,ERR,ERR,ERR,ERR,ERR,ERR,ERR,ERR,ERR,ERR,ERR,ERR,ERR,ERR,ERR,ERR,ERR,ERR,ERR,ERR,ERR,ERR,ERR,ERR,ERR,ERR,ERR,ERR,ERR,ERR,ERR,ERR,ERR,ERR,ERR,ERR,ERR,ERR,ERR,ERR,ERR,ERR,ERR,ERR,ERR,ERR,ERR,ERR,ERR,ERR,ERR,ERR,ERR,ERR,ERR,ERR,ERR,ERR,ERR,ERR,ERR,ERR,ERR,ERR,ERR,ERR,ERR,ERR,ERR,ERR,ERR,ERR,ERR,ERR,ERR,ERR,ERR,ERR,ERR,ERR,ERR,ERR,ERR,ERR,ERR,ERR,ERR,ERR,ERR,ERR,ERR,ERR,ERR,ERR,ERR,ERR,ERR,ERR,ERR,ERR,ERR,ERR,ERR,ERR,ERR,ERR,ERR,ERR,ERR,ERR,ERR,ERR,ERR,ERR,ERR,ERR,0.0,-0.0,-0.0,0.0,0.0,1.3936040501711995e+18,7.805,0.0,0,0,4,0,7300,-0.0,0,0.0,0.0,0.0,0.0,0.0,0,0,0,0,0.0,0,0,0,0,0,0,0,0,0,0,0,0,0,0,0,0,0,0,0,0,0,0,0,0,0,0,0,0,0,0,0,0,0,32,30,30,62,65476,0,300,0,0,8,21553,0.0,-107605600.0,0.0,0.0,0.0,0.0,0.0,0.0,0.0,0.0,0.0,0.0,0.0,0.0,0.0,0.0,0.0,0.0,0.0,0.0,0.0,0.0,2.004,-2.004,2.004,2.004,0.0,0.0,0.0,0.0,5589.0,0.0,6916.0,0.0,-0.0,-0.0,0.0,0.0,0.0,0.0,0.0,63,0.0,-2.3088319216226402e+20,0.0,0.0,0.0,0.0,0.0,0.0,0.0,0,0,0,0.0,0.0,0.0,0.0,0.0,0.0,0.0,0.0,0.0,0.0,0.0,0.0,0.0,0.0,0.0,0.0,0,-107875648.0,63,0.0,126,2.7184242562605685e+23,2.842318642297501e+23,ERR,ERR,ERR,ERR,ERR,ERR,ERR,ERR,ERR,ERR,ERR,ERR,ERR,ERR,ERR,ERR,ERR,ERR,ERR,ERR,ERR,ERR,ERR,ERR,ERR,ERR,ERR,ERR,ERR,ERR,ERR,ERR,ERR,ERR,ERR,ERR,ERR,ERR,ERR,ERR,ERR,ERR,ERR,ERR,ERR,ERR,ERR,ERR,ERR,ERR,ERR,ERR,ERR,ERR,ERR,ERR,ERR,ERR,ERR,ERR,ERR,ERR,ERR,ERR,ERR,ERR,ERR,34.0,80.0,35,0.0,0.0,0.0,0.0,0.0,0.0,0.0,0.0,0.0,0.0,0.0,0.0,0.0,0.0,0.0,0.0,64.4,0,116,56,49,65476,0,300,0,0,8,20529,65476,0,0,57672,80.0,0.0,0.0,0.0,0.0,0.0
2026-06-17T04:48:16,ERR,ERR,ERR,ERR,ERR,ERR,ERR,ERR,ERR,ERR,ERR,ERR,ERR,ERR,ERR,ERR,ERR,ERR,ERR,ERR,ERR,ERR,ERR,ERR,ERR,ERR,ERR,ERR,ERR,ERR,ERR,ERR,ERR,ERR,ERR,ERR,ERR,ERR,ERR,ERR,ERR,ERR,ERR,ERR,ERR,ERR,ERR,ERR,ERR,ERR,ERR,ERR,ERR,ERR,ERR,ERR,ERR,ERR,ERR,ERR,ERR,ERR,ERR,ERR,ERR,ERR,ERR,ERR,ERR,ERR,ERR,ERR,ERR,ERR,ERR,ERR,ERR,ERR,ERR,ERR,ERR,ERR,ERR,ERR,ERR,ERR,ERR,ERR,ERR,ERR,ERR,ERR,ERR,ERR,ERR,ERR,ERR,ERR,ERR,ERR,ERR,ERR,ERR,ERR,ERR,ERR,ERR,ERR,ERR,ERR,ERR,ERR,ERR,ERR,ERR,ERR,ERR,ERR,ERR,ERR,ERR,ERR,ERR,ERR,ERR,0.0,-0.0,-0.0,0.0,0.0,1.3936040501711995e+18,7.805,0.0,0,0,4,0,7300,-0.0,0,0.0,0.0,0.0,0.0,0.0,0,0,0,0,0.0,0,0,0,0,0,0,0,0,0,0,0,0,0,0,0,0,0,0,0,0,0,0,0,0,0,0,0,0,0,0,0,0,0,32,30,30,62,65476,0,300,0,0,8,21553,0.0,-107605600.0,0.0,0.0,0.0,0.0,0.0,0.0,0.0,0.0,0.0,0.0,0.0,0.0,0.0,0.0,0.0,0.0,0.0,0.0,0.0,0.0,2.004,-2.004,2.004,2.004,0.0,0.0,0.0,0.0,5589.0,0.0,6916.0,0.0,-0.0,-0.0,0.0,0.0,0.0,0.0,0.0,63,0.0,-2.3088319216226402e+20,0.0,0.0,0.0,0.0,0.0,0.0,0.0,0,0,0,0.0,0.0,0.0,0.0,0.0,0.0,0.0,0.0,0.0,0.0,0.0,0.0,0.0,0.0,0.0,0.0,0,-107875648.0,63,0.0,126,2.7184242562605685e+23,2.842318642297501e+23,ERR,ERR,ERR,ERR,ERR,ERR,ERR,ERR,ERR,ERR,ERR,ERR,ERR,ERR,ERR,ERR,ERR,ERR,ERR,ERR,ERR,ERR,ERR,ERR,ERR,ERR,ERR,ERR,ERR,ERR,ERR,ERR,ERR,ERR,ERR,ERR,ERR,ERR,ERR,ERR,ERR,ERR,ERR,ERR,ERR,ERR,ERR,ERR,ERR,ERR,ERR,ERR,ERR,ERR,ERR,ERR,ERR,ERR,ERR,ERR,ERR,ERR,ERR,ERR,ERR,ERR,ERR,34.0,80.0,35,0.0,0.0,0.0,0.0,0.0,0.0,0.0,0.0,0.0,0.0,0.0,0.0,0.0,0.0,0.0,0.0,64.4,0,116,56,49,65476,0,300,0,0,8,20529,65476,0,0,57672,80.0,0.0,0.0,0.0,0.0,0.0
2026-06-17T04:48:17,ERR,ERR,ERR,ERR,ERR,ERR,ERR,ERR,ERR,ERR,ERR,ERR,ERR,ERR,ERR,ERR,ERR,ERR,ERR,ERR,ERR,ERR,ERR,ERR,ERR,ERR,ERR,ERR,ERR,ERR,ERR,ERR,ERR,ERR,ERR,ERR,ERR,ERR,ERR,ERR,ERR,ERR,ERR,ERR,ERR,ERR,ERR,ERR,ERR,ERR,ERR,ERR,ERR,ERR,ERR,ERR,ERR,ERR,ERR,ERR,ERR,ERR,ERR,ERR,ERR,ERR,ERR,ERR,ERR,ERR,ERR,ERR,ERR,ERR,ERR,ERR,ERR,ERR,ERR,ERR,ERR,ERR,ERR,ERR,ERR,ERR,ERR,ERR,ERR,ERR,ERR,ERR,ERR,ERR,ERR,ERR,ERR,ERR,ERR,ERR,ERR,ERR,ERR,ERR,ERR,ERR,ERR,ERR,ERR,ERR,ERR,ERR,ERR,ERR,ERR,ERR,ERR,ERR,ERR,ERR,ERR,ERR,ERR,ERR,ERR,0.0,-0.0,3.028208139652935e+23,0.0,0.0,1.3936040501711995e+18,7.805,0.0,0,0,4,0,7300,-0.0,0,0.0,0.0,0.0,0.0,0.0,0,0,0,0,0.0,0,0,0,0,0,0,0,0,0,0,0,0,0,0,0,0,0,0,0,0,0,0,0,0,0,0,0,0,0,0,0,0,0,32,30,30,62,65476,0,300,0,0,8,21553,0.0,-107605600.0,0.0,0.0,0.0,0.0,0.0,0.0,0.0,0.0,0.0,0.0,0.0,0.0,0.0,0.0,0.0,0.0,0.0,0.0,0.0,0.0,2.004,-2.004,2.004,2.004,0.0,0.0,0.0,0.0,5557.0,-1.5879325643234846e+29,6942.0,0.0,-0.0,-0.0,0.0,0.0,0.0,0.0,0.0,63,0.0,-0.0,0.0,0.0,0.0,0.0,0.0,0.0,0.0,0,0,0,0.0,0.0,0.0,0.0,0.0,0.0,0.0,0.0,0.0,0.0,0.0,0.0,0.0,0.0,0.0,0.0,0,-107875648.0,63,0.0,126,2.7184242562605685e+23,2.842318642297501e+23,ERR,ERR,ERR,ERR,ERR,ERR,ERR,ERR,ERR,ERR,ERR,ERR,ERR,ERR,ERR,ERR,ERR,ERR,ERR,ERR,ERR,ERR,ERR,ERR,ERR,ERR,ERR,ERR,ERR,ERR,ERR,ERR,ERR,ERR,ERR,ERR,ERR,ERR,ERR,ERR,ERR,ERR,ERR,ERR,ERR,ERR,ERR,ERR,ERR,ERR,ERR,ERR,ERR,ERR,ERR,ERR,ERR,ERR,ERR,ERR,ERR,ERR,ERR,ERR,ERR,ERR,ERR,34.0,80.0,35,0.0,0.0,0.0,0.0,0.0,0.0,0.0,0.0,0.0,0.0,0.0,0.0,0.0,0.0,0.0,0.0,64.4,0,116,56,49,65476,0,300,0,0,8,20529,65476,0,0,57672,80.0,0.0,0.0,0.0,0.0,0.0
2026-06-17T04:48:18,ERR,ERR,ERR,ERR,ERR,ERR,ERR,ERR,ERR,ERR,ERR,ERR,ERR,ERR,ERR,ERR,ERR,ERR,ERR,ERR,ERR,ERR,ERR,ERR,ERR,ERR,ERR,ERR,ERR,ERR,ERR,ERR,ERR,ERR,ERR,ERR,ERR,ERR,ERR,ERR,ERR,ERR,ERR,ERR,ERR,ERR,ERR,ERR,ERR,ERR,ERR,ERR,ERR,ERR,ERR,ERR,ERR,ERR,ERR,ERR,ERR,ERR,ERR,ERR,ERR,ERR,ERR,ERR,ERR,ERR,ERR,ERR,ERR,ERR,ERR,ERR,ERR,ERR,ERR,ERR,ERR,ERR,ERR,ERR,ERR,ERR,ERR,ERR,ERR,ERR,ERR,ERR,ERR,ERR,ERR,ERR,ERR,ERR,ERR,ERR,ERR,ERR,ERR,ERR,ERR,ERR,ERR,ERR,ERR,ERR,ERR,ERR,ERR,ERR,ERR,ERR,ERR,ERR,ERR,ERR,ERR,ERR,ERR,ERR,ERR,0.0,-0.0,3.028208139652935e+23,0.0,0.0,1.3936040501711995e+18,7.805,0.0,0,0,4,0,7300,-0.0,0,0.0,0.0,0.0,0.0,0.0,0,0,0,0,0.0,0,0,0,0,0,0,0,0,0,0,0,0,0,0,0,0,0,0,0,0,0,0,0,0,0,0,0,0,0,0,0,0,0,32,30,30,62,65476,0,300,0,0,8,21553,0.0,-107605600.0,0.0,0.0,0.0,0.0,0.0,0.0,0.0,0.0,0.0,0.0,0.0,0.0,0.0,0.0,0.0,0.0,0.0,0.0,0.0,0.0,2.004,-2.004,2.004,2.004,0.0,0.0,0.0,0.0,5557.0,-1.5879325643234846e+29,6942.0,0.0,-0.0,-0.0,0.0,0.0,0.0,0.0,0.0,63,0.0,-0.0,0.0,0.0,0.0,0.0,0.0,0.0,0.0,0,0,0,0.0,0.0,0.0,0.0,0.0,0.0,0.0,0.0,0.0,0.0,0.0,0.0,0.0,0.0,0.0,0.0,0,-107875648.0,63,0.0,126,2.7184242562605685e+23,2.842318642297501e+23,ERR,ERR,ERR,ERR,ERR,ERR,ERR,ERR,ERR,ERR,ERR,ERR,ERR,ERR,ERR,ERR,ERR,ERR,ERR,ERR,ERR,ERR,ERR,ERR,ERR,ERR,ERR,ERR,ERR,ERR,ERR,ERR,ERR,ERR,ERR,ERR,ERR,ERR,ERR,ERR,ERR,ERR,ERR,ERR,ERR,ERR,ERR,ERR,ERR,ERR,ERR,ERR,ERR,ERR,ERR,ERR,ERR,ERR,ERR,ERR,ERR,ERR,ERR,ERR,ERR,ERR,ERR,34.0,80.0,35,0.0,0.0,0.0,0.0,0.0,0.0,0.0,0.0,0.0,0.0,0.0,0.0,0.0,0.0,0.0,0.0,64.4,0,116,56,49,65476,0,300,0,0,8,20529,65476,0,0,57672,80.0,0.0,0.0,0.0,0.0,0.0
2026-06-17T04:48:19,ERR,ERR,ERR,ERR,ERR,ERR,ERR,ERR,ERR,ERR,ERR,ERR,ERR,ERR,ERR,ERR,ERR,ERR,ERR,ERR,ERR,ERR,ERR,ERR,ERR,ERR,ERR,ERR,ERR,ERR,ERR,ERR,ERR,ERR,ERR,ERR,ERR,ERR,ERR,ERR,ERR,ERR,ERR,ERR,ERR,ERR,ERR,ERR,ERR,ERR,ERR,ERR,ERR,ERR,ERR,ERR,ERR,ERR,ERR,ERR,ERR,ERR,ERR,ERR,ERR,ERR,ERR,ERR,ERR,ERR,ERR,ERR,ERR,ERR,ERR,ERR,ERR,ERR,ERR,ERR,ERR,ERR,ERR,ERR,ERR,ERR,ERR,ERR,ERR,ERR,ERR,ERR,ERR,ERR,ERR,ERR,ERR,ERR,ERR,ERR,ERR,ERR,ERR,ERR,ERR,ERR,ERR,ERR,ERR,ERR,ERR,ERR,ERR,ERR,ERR,ERR,ERR,ERR,ERR,ERR,ERR,ERR,ERR,ERR,ERR,0.0,-0.0,3.028208139652935e+23,0.0,0.0,1.3936040501711995e+18,7.805,0.0,0,0,4,0,7300,-0.0,0,0.0,0.0,0.0,0.0,0.0,0,0,0,0,0.0,0,0,0,0,0,0,0,0,0,0,0,0,0,0,0,0,0,0,0,0,0,0,0,0,0,0,0,0,0,0,0,0,0,32,30,30,62,65476,0,300,0,0,8,21553,0.0,-107605600.0,0.0,0.0,0.0,0.0,0.0,0.0,0.0,0.0,0.0,0.0,0.0,0.0,0.0,0.0,0.0,0.0,0.0,0.0,0.0,0.0,2.004,-2.004,2.004,2.004,0.0,0.0,0.0,0.0,5557.0,-1.5879325643234846e+29,6942.0,0.0,-0.0,-0.0,0.0,0.0,0.0,0.0,0.0,63,0.0,-0.0,0.0,0.0,0.0,0.0,0.0,0.0,0.0,0,0,0,0.0,0.0,0.0,0.0,0.0,0.0,0.0,0.0,0.0,0.0,0.0,0.0,0.0,0.0,0.0,0.0,0,-107875648.0,63,0.0,126,2.7184242562605685e+23,2.842318642297501e+23,ERR,ERR,ERR,ERR,ERR,ERR,ERR,ERR,ERR,ERR,ERR,ERR,ERR,ERR,ERR,ERR,ERR,ERR,ERR,ERR,ERR,ERR,ERR,ERR,ERR,ERR,ERR,ERR,ERR,ERR,ERR,ERR,ERR,ERR,ERR,ERR,ERR,ERR,ERR,ERR,ERR,ERR,ERR,ERR,ERR,ERR,ERR,ERR,ERR,ERR,ERR,ERR,ERR,ERR,ERR,ERR,ERR,ERR,ERR,ERR,ERR,ERR,ERR,ERR,ERR,ERR,ERR,34.0,80.0,35,0.0,0.0,0.0,0.0,0.0,0.0,0.0,0.0,0.0,0.0,0.0,0.0,0.0,0.0,0.0,0.0,64.4,0,116,56,49,65476,0,300,0,0,8,20529,65476,0,0,57672,80.0,0.0,0.0,0.0,0.0,0.0
2026-06-17T04:48:20,ERR,ERR,ERR,ERR,ERR,ERR,ERR,ERR,ERR,ERR,ERR,ERR,ERR,ERR,ERR,ERR,ERR,ERR,ERR,ERR,ERR,ERR,ERR,ERR,ERR,ERR,ERR,ERR,ERR,ERR,ERR,ERR,ERR,ERR,ERR,ERR,ERR,ERR,ERR,ERR,ERR,ERR,ERR,ERR,ERR,ERR,ERR,ERR,ERR,ERR,ERR,ERR,ERR,ERR,ERR,ERR,ERR,ERR,ERR,ERR,ERR,ERR,ERR,ERR,ERR,ERR,ERR,ERR,ERR,ERR,ERR,ERR,ERR,ERR,ERR,ERR,ERR,ERR,ERR,ERR,ERR,ERR,ERR,ERR,ERR,ERR,ERR,ERR,ERR,ERR,ERR,ERR,ERR,ERR,ERR,ERR,ERR,ERR,ERR,ERR,ERR,ERR,ERR,ERR,ERR,ERR,ERR,ERR,ERR,ERR,ERR,ERR,ERR,ERR,ERR,ERR,ERR,ERR,ERR,ERR,ERR,ERR,ERR,ERR,ERR,0.0,-0.0,3.028208139652935e+23,0.0,0.0,1.3936040501711995e+18,7.805,0.0,0,0,4,0,7300,-0.0,0,0.0,0.0,0.0,0.0,0.0,0,0,0,0,0.0,0,0,0,0,0,0,0,0,0,0,0,0,0,0,0,0,0,0,0,0,0,0,0,0,0,0,0,0,0,0,0,0,0,32,30,30,62,65476,0,300,0,0,8,21553,0.0,-107605600.0,0.0,0.0,0.0,0.0,0.0,0.0,0.0,0.0,0.0,0.0,0.0,0.0,0.0,0.0,0.0,0.0,0.0,0.0,0.0,0.0,2.004,-2.004,2.004,2.004,0.0,0.0,0.0,0.0,5557.0,-1.5879325643234846e+29,6942.0,0.0,-0.0,-0.0,0.0,0.0,0.0,0.0,0.0,63,0.0,-0.0,0.0,0.0,0.0,0.0,0.0,0.0,0.0,0,0,0,0.0,0.0,0.0,0.0,0.0,0.0,0.0,0.0,0.0,0.0,0.0,0.0,0.0,0.0,0.0,0.0,0,-107875648.0,63,0.0,126,2.7184242562605685e+23,2.842318642297501e+23,ERR,ERR,ERR,ERR,ERR,ERR,ERR,ERR,ERR,ERR,ERR,ERR,ERR,ERR,ERR,ERR,ERR,ERR,ERR,ERR,ERR,ERR,ERR,ERR,ERR,ERR,ERR,ERR,ERR,ERR,ERR,ERR,ERR,ERR,ERR,ERR,ERR,ERR,ERR,ERR,ERR,ERR,ERR,ERR,ERR,ERR,ERR,ERR,ERR,ERR,ERR,ERR,ERR,ERR,ERR,ERR,ERR,ERR,ERR,ERR,ERR,ERR,ERR,ERR,ERR,ERR,ERR,34.0,80.0,35,0.0,0.0,0.0,0.0,0.0,0.0,0.0,0.0,0.0,0.0,0.0,0.0,0.0,0.0,0.0,0.0,64.4,0,116,56,49,65476,0,300,0,0,8,20529,65476,0,0,57672,80.0,0.0,0.0,0.0,0.0,0.0
2026-06-17T04:48:21,ERR,ERR,ERR,ERR,ERR,ERR,ERR,ERR,ERR,ERR,ERR,ERR,ERR,ERR,ERR,ERR,ERR,ERR,ERR,ERR,ERR,ERR,ERR,ERR,ERR,ERR,ERR,ERR,ERR,ERR,ERR,ERR,ERR,ERR,ERR,ERR,ERR,ERR,ERR,ERR,ERR,ERR,ERR,ERR,ERR,ERR,ERR,ERR,ERR,ERR,ERR,ERR,ERR,ERR,ERR,ERR,ERR,ERR,ERR,ERR,ERR,ERR,ERR,ERR,ERR,ERR,ERR,ERR,ERR,ERR,ERR,ERR,ERR,ERR,ERR,ERR,ERR,ERR,ERR,ERR,ERR,ERR,ERR,ERR,ERR,ERR,ERR,ERR,ERR,ERR,ERR,ERR,ERR,ERR,ERR,ERR,ERR,ERR,ERR,ERR,ERR,ERR,ERR,ERR,ERR,ERR,ERR,ERR,ERR,ERR,ERR,ERR,ERR,ERR,ERR,ERR,ERR,ERR,ERR,ERR,ERR,ERR,ERR,ERR,ERR,0.0,-0.0,3.028208139652935e+23,0.0,0.0,1.3936040501711995e+18,7.805,0.0,0,0,4,0,7300,-0.0,0,0.0,0.0,0.0,0.0,0.0,0,0,0,0,0.0,0,0,0,0,0,0,0,0,0,0,0,0,0,0,0,0,0,0,0,0,0,0,0,0,0,0,0,0,0,0,0,0,0,32,30,30,62,65476,0,300,0,0,8,21553,0.0,-107605600.0,0.0,0.0,0.0,0.0,0.0,0.0,0.0,0.0,0.0,0.0,0.0,0.0,0.0,0.0,0.0,0.0,0.0,0.0,0.0,0.0,2.004,-2.004,2.004,2.004,0.0,0.0,0.0,0.0,5557.0,-1.5879325643234846e+29,6942.0,0.0,-0.0,-0.0,0.0,0.0,0.0,0.0,0.0,63,0.0,-0.0,0.0,0.0,0.0,0.0,0.0,0.0,0.0,0,0,0,0.0,0.0,0.0,0.0,0.0,0.0,0.0,0.0,0.0,0.0,0.0,0.0,0.0,0.0,0.0,0.0,0,-107875648.0,63,0.0,126,2.7184242562605685e+23,2.842318642297501e+23,ERR,ERR,ERR,ERR,ERR,ERR,ERR,ERR,ERR,ERR,ERR,ERR,ERR,ERR,ERR,ERR,ERR,ERR,ERR,ERR,ERR,ERR,ERR,ERR,ERR,ERR,ERR,ERR,ERR,ERR,ERR,ERR,ERR,ERR,ERR,ERR,ERR,ERR,ERR,ERR,ERR,ERR,ERR,ERR,ERR,ERR,ERR,ERR,ERR,ERR,ERR,ERR,ERR,ERR,ERR,ERR,ERR,ERR,ERR,ERR,ERR,ERR,ERR,ERR,ERR,ERR,ERR,34.0,80.0,35,0.0,0.0,0.0,0.0,0.0,0.0,0.0,0.0,0.0,0.0,0.0,0.0,0.0,0.0,0.0,0.0,64.4,0,116,56,49,65476,0,300,0,0,8,20529,65476,0,0,57672,80.0,0.0,0.0,0.0,0.0,0.0
2026-06-17T04:48:22,ERR,ERR,ERR,ERR,ERR,ERR,ERR,ERR,ERR,ERR,ERR,ERR,ERR,ERR,ERR,ERR,ERR,ERR,ERR,ERR,ERR,ERR,ERR,ERR,ERR,ERR,ERR,ERR,ERR,ERR,ERR,ERR,ERR,ERR,ERR,ERR,ERR,ERR,ERR,ERR,ERR,ERR,ERR,ERR,ERR,ERR,ERR,ERR,ERR,ERR,ERR,ERR,ERR,ERR,ERR,ERR,ERR,ERR,ERR,ERR,ERR,ERR,ERR,ERR,ERR,ERR,ERR,ERR,ERR,ERR,ERR,ERR,ERR,ERR,ERR,ERR,ERR,ERR,ERR,ERR,ERR,ERR,ERR,ERR,ERR,ERR,ERR,ERR,ERR,ERR,ERR,ERR,ERR,ERR,ERR,ERR,ERR,ERR,ERR,ERR,ERR,ERR,ERR,ERR,ERR,ERR,ERR,ERR,ERR,ERR,ERR,ERR,ERR,ERR,ERR,ERR,ERR,ERR,ERR,ERR,ERR,ERR,ERR,ERR,ERR,0.0,-0.0,3.028208139652935e+23,0.0,0.0,1.3936040501711995e+18,7.805,0.0,0,0,4,0,7300,-0.0,0,0.0,0.0,0.0,0.0,0.0,0,0,0,0,0.0,0,0,0,0,0,0,0,0,0,0,0,0,0,0,0,0,0,0,0,0,0,0,0,0,0,0,0,0,0,0,0,0,0,32,30,30,62,65476,0,300,0,0,8,21553,0.0,-107605600.0,0.0,0.0,0.0,0.0,0.0,0.0,0.0,0.0,0.0,0.0,0.0,0.0,0.0,0.0,0.0,0.0,0.0,0.0,0.0,0.0,2.004,-2.004,2.004,2.004,0.0,0.0,0.0,0.0,5556.0,-0.0,6932.0,0.0,-0.0,-0.0,0.0,0.0,0.0,0.0,0.0,63,0.0,126840717312.0,0.0,0.0,0.0,0.0,0.0,0.0,0.0,0,0,0,0.0,0.0,0.0,0.0,0.0,0.0,0.0,0.0,0.0,0.0,0.0,0.0,0.0,0.0,0.0,0.0,0,-107875648.0,63,0.0,126,2.7184242562605685e+23,2.842318642297501e+23,ERR,ERR,ERR,ERR,ERR,ERR,ERR,ERR,ERR,ERR,ERR,ERR,ERR,ERR,ERR,ERR,ERR,ERR,ERR,ERR,ERR,ERR,ERR,ERR,ERR,ERR,ERR,ERR,ERR,ERR,ERR,ERR,ERR,ERR,ERR,ERR,ERR,ERR,ERR,ERR,ERR,ERR,ERR,ERR,ERR,ERR,ERR,ERR,ERR,ERR,ERR,ERR,ERR,ERR,ERR,ERR,ERR,ERR,ERR,ERR,ERR,ERR,ERR,ERR,ERR,ERR,ERR,34.0,80.0,35,0.0,0.0,0.0,0.0,0.0,0.0,0.0,0.0,0.0,0.0,0.0,0.0,0.0,0.0,0.0,0.0,64.4,0,116,56,49,65476,0,300,0,0,8,20529,65476,0,0,57672,80.0,0.0,0.0,0.0,0.0,0.0
2026-06-17T04:48:23,ERR,ERR,ERR,ERR,ERR,ERR,ERR,ERR,ERR,ERR,ERR,ERR,ERR,ERR,ERR,ERR,ERR,ERR,ERR,ERR,ERR,ERR,ERR,ERR,ERR,ERR,ERR,ERR,ERR,ERR,ERR,ERR,ERR,ERR,ERR,ERR,ERR,ERR,ERR,ERR,ERR,ERR,ERR,ERR,ERR,ERR,ERR,ERR,ERR,ERR,ERR,ERR,ERR,ERR,ERR,ERR,ERR,ERR,ERR,ERR,ERR,ERR,ERR,ERR,ERR,ERR,ERR,ERR,ERR,ERR,ERR,ERR,ERR,ERR,ERR,ERR,ERR,ERR,ERR,ERR,ERR,ERR,ERR,ERR,ERR,ERR,ERR,ERR,ERR,ERR,ERR,ERR,ERR,ERR,ERR,ERR,ERR,ERR,ERR,ERR,ERR,ERR,ERR,ERR,ERR,ERR,ERR,ERR,ERR,ERR,ERR,ERR,ERR,ERR,ERR,ERR,ERR,ERR,ERR,ERR,ERR,ERR,ERR,ERR,ERR,0.0,-0.0,3.028208139652935e+23,0.0,0.0,1.3936040501711995e+18,7.805,0.0,0,0,4,0,7300,-0.0,0,0.0,0.0,0.0,0.0,0.0,0,0,0,0,0.0,0,0,0,0,0,0,0,0,0,0,0,0,0,0,0,0,0,0,0,0,0,0,0,0,0,0,0,0,0,0,0,0,0,32,30,30,62,65476,0,300,0,0,8,21553,0.0,-107605600.0,0.0,0.0,0.0,0.0,0.0,0.0,0.0,0.0,0.0,0.0,0.0,0.0,0.0,0.0,0.0,0.0,0.0,0.0,0.0,0.0,2.004,-2.004,2.004,2.004,0.0,0.0,0.0,0.0,5556.0,-0.0,6932.0,0.0,-0.0,-0.0,0.0,0.0,0.0,0.0,0.0,63,0.0,126840717312.0,0.0,0.0,0.0,0.0,0.0,0.0,0.0,0,0,0,0.0,0.0,0.0,0.0,0.0,0.0,0.0,0.0,0.0,0.0,0.0,0.0,0.0,0.0,0.0,0.0,0,-107875648.0,63,0.0,126,2.7184242562605685e+23,2.842318642297501e+23,ERR,ERR,ERR,ERR,ERR,ERR,ERR,ERR,ERR,ERR,ERR,ERR,ERR,ERR,ERR,ERR,ERR,ERR,ERR,ERR,ERR,ERR,ERR,ERR,ERR,ERR,ERR,ERR,ERR,ERR,ERR,ERR,ERR,ERR,ERR,ERR,ERR,ERR,ERR,ERR,ERR,ERR,ERR,ERR,ERR,ERR,ERR,ERR,ERR,ERR,ERR,ERR,ERR,ERR,ERR,ERR,ERR,ERR,ERR,ERR,ERR,ERR,ERR,ERR,ERR,ERR,ERR,34.0,80.0,35,0.0,0.0,0.0,0.0,0.0,0.0,0.0,0.0,0.0,0.0,0.0,0.0,0.0,0.0,0.0,0.0,64.4,0,116,56,49,65476,0,300,0,0,8,20529,65476,0,0,57672,80.0,0.0,0.0,0.0,0.0,0.0
2026-06-17T04:48:24,ERR,ERR,ERR,ERR,ERR,ERR,ERR,ERR,ERR,ERR,ERR,ERR,ERR,ERR,ERR,ERR,ERR,ERR,ERR,ERR,ERR,ERR,ERR,ERR,ERR,ERR,ERR,ERR,ERR,ERR,ERR,ERR,ERR,ERR,ERR,ERR,ERR,ERR,ERR,ERR,ERR,ERR,ERR,ERR,ERR,ERR,ERR,ERR,ERR,ERR,ERR,ERR,ERR,ERR,ERR,ERR,ERR,ERR,ERR,ERR,ERR,ERR,ERR,ERR,ERR,ERR,ERR,ERR,ERR,ERR,ERR,ERR,ERR,ERR,ERR,ERR,ERR,ERR,ERR,ERR,ERR,ERR,ERR,ERR,ERR,ERR,ERR,ERR,ERR,ERR,ERR,ERR,ERR,ERR,ERR,ERR,ERR,ERR,ERR,ERR,ERR,ERR,ERR,ERR,ERR,ERR,ERR,ERR,ERR,ERR,ERR,ERR,ERR,ERR,ERR,ERR,ERR,ERR,ERR,ERR,ERR,ERR,ERR,ERR,ERR,0.0,-0.0,3.028208139652935e+23,0.0,0.0,1.3936040501711995e+18,7.805,0.0,0,0,4,0,7300,-0.0,0,0.0,0.0,0.0,0.0,0.0,0,0,0,0,0.0,0,0,0,0,0,0,0,0,0,0,0,0,0,0,0,0,0,0,0,0,0,0,0,0,0,0,0,0,0,0,0,0,0,32,30,30,62,65476,0,300,0,0,8,21553,0.0,-107605600.0,0.0,0.0,0.0,0.0,0.0,0.0,0.0,0.0,0.0,0.0,0.0,0.0,0.0,0.0,0.0,0.0,0.0,0.0,0.0,0.0,2.004,-2.004,2.004,2.004,0.0,0.0,0.0,0.0,5556.0,-0.0,6932.0,0.0,-0.0,-0.0,0.0,0.0,0.0,0.0,0.0,63,0.0,126840717312.0,0.0,0.0,0.0,0.0,0.0,0.0,0.0,0,0,0,0.0,0.0,0.0,0.0,0.0,0.0,0.0,0.0,0.0,0.0,0.0,0.0,0.0,0.0,0.0,0.0,0,-107875648.0,63,0.0,126,2.7184242562605685e+23,2.842318642297501e+23,ERR,ERR,ERR,ERR,ERR,ERR,ERR,ERR,ERR,ERR,ERR,ERR,ERR,ERR,ERR,ERR,ERR,ERR,ERR,ERR,ERR,ERR,ERR,ERR,ERR,ERR,ERR,ERR,ERR,ERR,ERR,ERR,ERR,ERR,ERR,ERR,ERR,ERR,ERR,ERR,ERR,ERR,ERR,ERR,ERR,ERR,ERR,ERR,ERR,ERR,ERR,ERR,ERR,ERR,ERR,ERR,ERR,ERR,ERR,ERR,ERR,ERR,ERR,ERR,ERR,ERR,ERR,34.0,80.0,35,0.0,0.0,0.0,0.0,0.0,0.0,0.0,0.0,0.0,0.0,0.0,0.0,0.0,0.0,0.0,0.0,64.4,0,116,56,49,65476,0,300,0,0,8,20529,65476,0,0,57672,80.0,0.0,0.0,0.0,0.0,0.0
2026-06-17T04:48:25,ERR,ERR,ERR,ERR,ERR,ERR,ERR,ERR,ERR,ERR,ERR,ERR,ERR,ERR,ERR,ERR,ERR,ERR,ERR,ERR,ERR,ERR,ERR,ERR,ERR,ERR,ERR,ERR,ERR,ERR,ERR,ERR,ERR,ERR,ERR,ERR,ERR,ERR,ERR,ERR,ERR,ERR,ERR,ERR,ERR,ERR,ERR,ERR,ERR,ERR,ERR,ERR,ERR,ERR,ERR,ERR,ERR,ERR,ERR,ERR,ERR,ERR,ERR,ERR,ERR,ERR,ERR,ERR,ERR,ERR,ERR,ERR,ERR,ERR,ERR,ERR,ERR,ERR,ERR,ERR,ERR,ERR,ERR,ERR,ERR,ERR,ERR,ERR,ERR,ERR,ERR,ERR,ERR,ERR,ERR,ERR,ERR,ERR,ERR,ERR,ERR,ERR,ERR,ERR,ERR,ERR,ERR,ERR,ERR,ERR,ERR,ERR,ERR,ERR,ERR,ERR,ERR,ERR,ERR,ERR,ERR,ERR,ERR,ERR,ERR,0.0,-0.0,3.028208139652935e+23,0.0,0.0,1.3936040501711995e+18,7.805,0.0,0,0,4,0,7300,-0.0,0,0.0,0.0,0.0,0.0,0.0,0,0,0,0,0.0,0,0,0,0,0,0,0,0,0,0,0,0,0,0,0,0,0,0,0,0,0,0,0,0,0,0,0,0,0,0,0,0,0,32,30,30,62,65476,0,300,0,0,8,21553,0.0,-107605600.0,0.0,0.0,0.0,0.0,0.0,0.0,0.0,0.0,0.0,0.0,0.0,0.0,0.0,0.0,0.0,0.0,0.0,0.0,0.0,0.0,2.004,-2.004,2.004,2.004,0.0,0.0,0.0,0.0,5556.0,-0.0,6932.0,0.0,-0.0,-0.0,0.0,0.0,0.0,0.0,0.0,63,0.0,126840717312.0,0.0,0.0,0.0,0.0,0.0,0.0,0.0,0,0,0,0.0,0.0,0.0,0.0,0.0,0.0,0.0,0.0,0.0,0.0,0.0,0.0,0.0,0.0,0.0,0.0,0,-107875648.0,63,0.0,126,2.7184242562605685e+23,2.842318642297501e+23,ERR,ERR,ERR,ERR,ERR,ERR,ERR,ERR,ERR,ERR,ERR,ERR,ERR,ERR,ERR,ERR,ERR,ERR,ERR,ERR,ERR,ERR,ERR,ERR,ERR,ERR,ERR,ERR,ERR,ERR,ERR,ERR,ERR,ERR,ERR,ERR,ERR,ERR,ERR,ERR,ERR,ERR,ERR,ERR,ERR,ERR,ERR,ERR,ERR,ERR,ERR,ERR,ERR,ERR,ERR,ERR,ERR,ERR,ERR,ERR,ERR,ERR,ERR,ERR,ERR,ERR,ERR,34.0,80.0,35,0.0,0.0,0.0,0.0,0.0,0.0,0.0,0.0,0.0,0.0,0.0,0.0,0.0,0.0,0.0,0.0,64.4,0,116,56,49,65476,0,300,0,0,8,20529,65476,0,0,57672,80.0,0.0,0.0,0.0,0.0,0.0
2026-06-17T04:48:26,ERR,ERR,ERR,ERR,ERR,ERR,ERR,ERR,ERR,ERR,ERR,ERR,ERR,ERR,ERR,ERR,ERR,ERR,ERR,ERR,ERR,ERR,ERR,ERR,ERR,ERR,ERR,ERR,ERR,ERR,ERR,ERR,ERR,ERR,ERR,ERR,ERR,ERR,ERR,ERR,ERR,ERR,ERR,ERR,ERR,ERR,ERR,ERR,ERR,ERR,ERR,ERR,ERR,ERR,ERR,ERR,ERR,ERR,ERR,ERR,ERR,ERR,ERR,ERR,ERR,ERR,ERR,ERR,ERR,ERR,ERR,ERR,ERR,ERR,ERR,ERR,ERR,ERR,ERR,ERR,ERR,ERR,ERR,ERR,ERR,ERR,ERR,ERR,ERR,ERR,ERR,ERR,ERR,ERR,ERR,ERR,ERR,ERR,ERR,ERR,ERR,ERR,ERR,ERR,ERR,ERR,ERR,ERR,ERR,ERR,ERR,ERR,ERR,ERR,ERR,ERR,ERR,ERR,ERR,ERR,ERR,ERR,ERR,ERR,ERR,0.0,-0.0,3.028208139652935e+23,0.0,0.0,1.3936040501711995e+18,7.805,0.0,0,0,4,0,7300,-0.0,0,0.0,0.0,0.0,0.0,0.0,0,0,0,0,0.0,0,0,0,0,0,0,0,0,0,0,0,0,0,0,0,0,0,0,0,0,0,0,0,0,0,0,0,0,0,0,0,0,0,32,30,30,62,65476,0,300,0,0,8,21553,0.0,-107605600.0,0.0,0.0,0.0,0.0,0.0,0.0,0.0,0.0,0.0,0.0,0.0,0.0,0.0,0.0,0.0,0.0,0.0,0.0,0.0,0.0,2.004,-2.004,2.004,2.004,0.0,0.0,0.0,0.0,5556.0,-0.0,6932.0,0.0,-0.0,-0.0,0.0,0.0,0.0,0.0,0.0,63,0.0,126840717312.0,0.0,0.0,0.0,0.0,0.0,0.0,0.0,0,0,0,0.0,0.0,0.0,0.0,0.0,0.0,0.0,0.0,0.0,0.0,0.0,0.0,0.0,0.0,0.0,0.0,0,-107875648.0,63,0.0,126,2.7184242562605685e+23,2.842318642297501e+23,ERR,ERR,ERR,ERR,ERR,ERR,ERR,ERR,ERR,ERR,ERR,ERR,ERR,ERR,ERR,ERR,ERR,ERR,ERR,ERR,ERR,ERR,ERR,ERR,ERR,ERR,ERR,ERR,ERR,ERR,ERR,ERR,ERR,ERR,ERR,ERR,ERR,ERR,ERR,ERR,ERR,ERR,ERR,ERR,ERR,ERR,ERR,ERR,ERR,ERR,ERR,ERR,ERR,ERR,ERR,ERR,ERR,ERR,ERR,ERR,ERR,ERR,ERR,ERR,ERR,ERR,ERR,34.0,80.0,35,0.0,0.0,0.0,0.0,0.0,0.0,0.0,0.0,0.0,0.0,0.0,0.0,0.0,0.0,0.0,0.0,64.4,0,116,56,49,65476,0,300,0,0,8,20529,65476,0,0,57672,80.0,0.0,0.0,0.0,0.0,0.0
2026-06-17T04:48:27,ERR,ERR,ERR,ERR,ERR,ERR,ERR,ERR,ERR,ERR,ERR,ERR,ERR,ERR,ERR,ERR,ERR,ERR,ERR,ERR,ERR,ERR,ERR,ERR,ERR,ERR,ERR,ERR,ERR,ERR,ERR,ERR,ERR,ERR,ERR,ERR,ERR,ERR,ERR,ERR,ERR,ERR,ERR,ERR,ERR,ERR,ERR,ERR,ERR,ERR,ERR,ERR,ERR,ERR,ERR,ERR,ERR,ERR,ERR,ERR,ERR,ERR,ERR,ERR,ERR,ERR,ERR,ERR,ERR,ERR,ERR,ERR,ERR,ERR,ERR,ERR,ERR,ERR,ERR,ERR,ERR,ERR,ERR,ERR,ERR,ERR,ERR,ERR,ERR,ERR,ERR,ERR,ERR,ERR,ERR,ERR,ERR,ERR,ERR,ERR,ERR,ERR,ERR,ERR,ERR,ERR,ERR,ERR,ERR,ERR,ERR,ERR,ERR,ERR,ERR,ERR,ERR,ERR,ERR,ERR,ERR,ERR,ERR,ERR,ERR,0.0,-0.0,-0.0,0.0,0.0,1.3936040501711995e+18,7.805,0.0,0,0,4,0,7300,-0.0,0,0.0,0.0,0.0,0.0,0.0,0,0,0,0,0.0,0,0,0,0,0,0,0,0,0,0,0,0,0,0,0,0,0,0,0,0,0,0,0,0,0,0,0,0,0,0,0,0,0,32,30,30,62,65476,0,300,0,0,8,21553,0.0,-107605600.0,0.0,0.0,0.0,0.0,0.0,0.0,0.0,0.0,0.0,0.0,0.0,0.0,0.0,0.0,0.0,0.0,0.0,0.0,0.0,0.0,-0.0,-2.004,2.004,2.004,0.0,0.0,0.0,0.0,5557.0,1.0406674853550389e+34,6928.0,0.0,-0.0,-0.0,0.0,0.0,0.0,0.0,0.0,63,0.0,0.0,0.0,0.0,0.0,0.0,0.0,0.0,0.0,0,0,0,0.0,0.0,0.0,0.0,0.0,0.0,0.0,0.0,0.0,0.0,0.0,0.0,0.0,0.0,0.0,0.0,0,-107875648.0,63,0.0,126,2.7184242562605685e+23,2.842318642297501e+23,ERR,ERR,ERR,ERR,ERR,ERR,ERR,ERR,ERR,ERR,ERR,ERR,ERR,ERR,ERR,ERR,ERR,ERR,ERR,ERR,ERR,ERR,ERR,ERR,ERR,ERR,ERR,ERR,ERR,ERR,ERR,ERR,ERR,ERR,ERR,ERR,ERR,ERR,ERR,ERR,ERR,ERR,ERR,ERR,ERR,ERR,ERR,ERR,ERR,ERR,ERR,ERR,ERR,ERR,ERR,ERR,ERR,ERR,ERR,ERR,ERR,ERR,ERR,ERR,ERR,ERR,ERR,34.0,80.0,35,0.0,0.0,0.0,0.0,0.0,0.0,0.0,0.0,0.0,0.0,0.0,0.0,0.0,0.0,0.0,0.0,64.8,0,116,56,49,65476,0,300,0,0,8,20529,65476,0,0,57672,80.0,0.0,0.0,0.0,0.0,0.0
2026-06-17T04:48:28,ERR,ERR,ERR,ERR,ERR,ERR,ERR,ERR,ERR,ERR,ERR,ERR,ERR,ERR,ERR,ERR,ERR,ERR,ERR,ERR,ERR,ERR,ERR,ERR,ERR,ERR,ERR,ERR,ERR,ERR,ERR,ERR,ERR,ERR,ERR,ERR,ERR,ERR,ERR,ERR,ERR,ERR,ERR,ERR,ERR,ERR,ERR,ERR,ERR,ERR,ERR,ERR,ERR,ERR,ERR,ERR,ERR,ERR,ERR,ERR,ERR,ERR,ERR,ERR,ERR,ERR,ERR,ERR,ERR,ERR,ERR,ERR,ERR,ERR,ERR,ERR,ERR,ERR,ERR,ERR,ERR,ERR,ERR,ERR,ERR,ERR,ERR,ERR,ERR,ERR,ERR,ERR,ERR,ERR,ERR,ERR,ERR,ERR,ERR,ERR,ERR,ERR,ERR,ERR,ERR,ERR,ERR,ERR,ERR,ERR,ERR,ERR,ERR,ERR,ERR,ERR,ERR,ERR,ERR,ERR,ERR,ERR,ERR,ERR,ERR,0.0,-0.0,-0.0,0.0,0.0,1.3936040501711995e+18,7.805,0.0,0,0,4,0,7300,-0.0,0,0.0,0.0,0.0,0.0,0.0,0,0,0,0,0.0,0,0,0,0,0,0,0,0,0,0,0,0,0,0,0,0,0,0,0,0,0,0,0,0,0,0,0,0,0,0,0,0,0,32,30,30,62,65476,0,300,0,0,8,21553,0.0,-107605600.0,0.0,0.0,0.0,0.0,0.0,0.0,0.0,0.0,0.0,0.0,0.0,0.0,0.0,0.0,0.0,0.0,0.0,0.0,0.0,0.0,-0.0,-2.004,2.004,2.004,0.0,0.0,0.0,0.0,5557.0,1.0406674853550389e+34,6928.0,0.0,-0.0,-0.0,0.0,0.0,0.0,0.0,0.0,63,0.0,0.0,0.0,0.0,0.0,0.0,0.0,0.0,0.0,0,0,0,0.0,0.0,0.0,0.0,0.0,0.0,0.0,0.0,0.0,0.0,0.0,0.0,0.0,0.0,0.0,0.0,0,-107875648.0,63,0.0,126,2.7184242562605685e+23,2.842318642297501e+23,ERR,ERR,ERR,ERR,ERR,ERR,ERR,ERR,ERR,ERR,ERR,ERR,ERR,ERR,ERR,ERR,ERR,ERR,ERR,ERR,ERR,ERR,ERR,ERR,ERR,ERR,ERR,ERR,ERR,ERR,ERR,ERR,ERR,ERR,ERR,ERR,ERR,ERR,ERR,ERR,ERR,ERR,ERR,ERR,ERR,ERR,ERR,ERR,ERR,ERR,ERR,ERR,ERR,ERR,ERR,ERR,ERR,ERR,ERR,ERR,ERR,ERR,ERR,ERR,ERR,ERR,ERR,34.0,80.0,35,0.0,0.0,0.0,0.0,0.0,0.0,0.0,0.0,0.0,0.0,0.0,0.0,0.0,0.0,0.0,0.0,64.8,0,116,56,49,65476,0,300,0,0,8,20529,65476,0,0,57672,80.0,0.0,0.0,0.0,0.0,0.0
2026-06-17T04:48:29,ERR,ERR,ERR,ERR,ERR,ERR,ERR,ERR,ERR,ERR,ERR,ERR,ERR,ERR,ERR,ERR,ERR,ERR,ERR,ERR,ERR,ERR,ERR,ERR,ERR,ERR,ERR,ERR,ERR,ERR,ERR,ERR,ERR,ERR,ERR,ERR,ERR,ERR,ERR,ERR,ERR,ERR,ERR,ERR,ERR,ERR,ERR,ERR,ERR,ERR,ERR,ERR,ERR,ERR,ERR,ERR,ERR,ERR,ERR,ERR,ERR,ERR,ERR,ERR,ERR,ERR,ERR,ERR,ERR,ERR,ERR,ERR,ERR,ERR,ERR,ERR,ERR,ERR,ERR,ERR,ERR,ERR,ERR,ERR,ERR,ERR,ERR,ERR,ERR,ERR,ERR,ERR,ERR,ERR,ERR,ERR,ERR,ERR,ERR,ERR,ERR,ERR,ERR,ERR,ERR,ERR,ERR,ERR,ERR,ERR,ERR,ERR,ERR,ERR,ERR,ERR,ERR,ERR,ERR,ERR,ERR,ERR,ERR,ERR,ERR,0.0,-0.0,-0.0,0.0,0.0,1.3936040501711995e+18,7.805,0.0,0,0,4,0,7300,-0.0,0,0.0,0.0,0.0,0.0,0.0,0,0,0,0,0.0,0,0,0,0,0,0,0,0,0,0,0,0,0,0,0,0,0,0,0,0,0,0,0,0,0,0,0,0,0,0,0,0,0,32,30,30,62,65476,0,300,0,0,8,21553,0.0,-107605600.0,0.0,0.0,0.0,0.0,0.0,0.0,0.0,0.0,0.0,0.0,0.0,0.0,0.0,0.0,0.0,0.0,0.0,0.0,0.0,0.0,-0.0,-2.004,2.004,2.004,0.0,0.0,0.0,0.0,5557.0,1.0406674853550389e+34,6928.0,0.0,-0.0,-0.0,0.0,0.0,0.0,0.0,0.0,63,0.0,0.0,0.0,0.0,0.0,0.0,0.0,0.0,0.0,0,0,0,0.0,0.0,0.0,0.0,0.0,0.0,0.0,0.0,0.0,0.0,0.0,0.0,0.0,0.0,0.0,0.0,0,-107875648.0,63,0.0,126,2.7184242562605685e+23,2.842318642297501e+23,ERR,ERR,ERR,ERR,ERR,ERR,ERR,ERR,ERR,ERR,ERR,ERR,ERR,ERR,ERR,ERR,ERR,ERR,ERR,ERR,ERR,ERR,ERR,ERR,ERR,ERR,ERR,ERR,ERR,ERR,ERR,ERR,ERR,ERR,ERR,ERR,ERR,ERR,ERR,ERR,ERR,ERR,ERR,ERR,ERR,ERR,ERR,ERR,ERR,ERR,ERR,ERR,ERR,ERR,ERR,ERR,ERR,ERR,ERR,ERR,ERR,ERR,ERR,ERR,ERR,ERR,ERR,34.0,80.0,35,0.0,0.0,0.0,0.0,0.0,0.0,0.0,0.0,0.0,0.0,0.0,0.0,0.0,0.0,0.0,0.0,64.4,0,116,56,49,65476,0,300,0,0,8,20529,65476,0,0,57672,80.0,0.0,0.0,0.0,0.0,0.0
2026-06-17T04:48:30,ERR,ERR,ERR,ERR,ERR,ERR,ERR,ERR,ERR,ERR,ERR,ERR,ERR,ERR,ERR,ERR,ERR,ERR,ERR,ERR,ERR,ERR,ERR,ERR,ERR,ERR,ERR,ERR,ERR,ERR,ERR,ERR,ERR,ERR,ERR,ERR,ERR,ERR,ERR,ERR,ERR,ERR,ERR,ERR,ERR,ERR,ERR,ERR,ERR,ERR,ERR,ERR,ERR,ERR,ERR,ERR,ERR,ERR,ERR,ERR,ERR,ERR,ERR,ERR,ERR,ERR,ERR,ERR,ERR,ERR,ERR,ERR,ERR,ERR,ERR,ERR,ERR,ERR,ERR,ERR,ERR,ERR,ERR,ERR,ERR,ERR,ERR,ERR,ERR,ERR,ERR,ERR,ERR,ERR,ERR,ERR,ERR,ERR,ERR,ERR,ERR,ERR,ERR,ERR,ERR,ERR,ERR,ERR,ERR,ERR,ERR,ERR,ERR,ERR,ERR,ERR,ERR,ERR,ERR,ERR,ERR,ERR,ERR,ERR,ERR,0.0,-0.0,-0.0,0.0,0.0,1.3936040501711995e+18,7.805,0.0,0,0,4,0,7300,-0.0,0,0.0,0.0,0.0,0.0,0.0,0,0,0,0,0.0,0,0,0,0,0,0,0,0,0,0,0,0,0,0,0,0,0,0,0,0,0,0,0,0,0,0,0,0,0,0,0,0,0,32,30,30,62,65476,0,300,0,0,8,21553,0.0,-107605600.0,0.0,0.0,0.0,0.0,0.0,0.0,0.0,0.0,0.0,0.0,0.0,0.0,0.0,0.0,0.0,0.0,0.0,0.0,0.0,0.0,-0.0,-2.004,2.004,2.004,0.0,0.0,0.0,0.0,5557.0,1.0406674853550389e+34,6928.0,0.0,-0.0,-0.0,0.0,0.0,0.0,0.0,0.0,63,0.0,0.0,0.0,0.0,0.0,0.0,0.0,0.0,0.0,0,0,0,0.0,0.0,0.0,0.0,0.0,0.0,0.0,0.0,0.0,0.0,0.0,0.0,0.0,0.0,0.0,0.0,0,-107875648.0,63,0.0,126,2.7184242562605685e+23,2.842318642297501e+23,ERR,ERR,ERR,ERR,ERR,ERR,ERR,ERR,ERR,ERR,ERR,ERR,ERR,ERR,ERR,ERR,ERR,ERR,ERR,ERR,ERR,ERR,ERR,ERR,ERR,ERR,ERR,ERR,ERR,ERR,ERR,ERR,ERR,ERR,ERR,ERR,ERR,ERR,ERR,ERR,ERR,ERR,ERR,ERR,ERR,ERR,ERR,ERR,ERR,ERR,ERR,ERR,ERR,ERR,ERR,ERR,ERR,ERR,ERR,ERR,ERR,ERR,ERR,ERR,ERR,ERR,ERR,34.0,80.0,35,0.0,0.0,0.0,0.0,0.0,0.0,0.0,0.0,0.0,0.0,0.0,0.0,0.0,0.0,0.0,0.0,64.4,0,116,56,49,65476,0,300,0,0,8,20529,65476,0,0,57672,80.0,0.0,0.0,0.0,0.0,0.0
2026-06-17T04:48:31,ERR,ERR,ERR,ERR,ERR,ERR,ERR,ERR,ERR,ERR,ERR,ERR,ERR,ERR,ERR,ERR,ERR,ERR,ERR,ERR,ERR,ERR,ERR,ERR,ERR,ERR,ERR,ERR,ERR,ERR,ERR,ERR,ERR,ERR,ERR,ERR,ERR,ERR,ERR,ERR,ERR,ERR,ERR,ERR,ERR,ERR,ERR,ERR,ERR,ERR,ERR,ERR,ERR,ERR,ERR,ERR,ERR,ERR,ERR,ERR,ERR,ERR,ERR,ERR,ERR,ERR,ERR,ERR,ERR,ERR,ERR,ERR,ERR,ERR,ERR,ERR,ERR,ERR,ERR,ERR,ERR,ERR,ERR,ERR,ERR,ERR,ERR,ERR,ERR,ERR,ERR,ERR,ERR,ERR,ERR,ERR,ERR,ERR,ERR,ERR,ERR,ERR,ERR,ERR,ERR,ERR,ERR,ERR,ERR,ERR,ERR,ERR,ERR,ERR,ERR,ERR,ERR,ERR,ERR,ERR,ERR,ERR,ERR,ERR,ERR,0.0,-0.0,-0.0,0.0,0.0,1.3936040501711995e+18,7.805,0.0,0,0,4,0,7300,-0.0,0,0.0,0.0,0.0,0.0,0.0,0,0,0,0,0.0,0,0,0,0,0,0,0,0,0,0,0,0,0,0,0,0,0,0,0,0,0,0,0,0,0,0,0,0,0,0,0,0,0,32,30,30,62,65476,0,300,0,0,8,21553,0.0,-107605600.0,0.0,0.0,0.0,0.0,0.0,0.0,0.0,0.0,0.0,0.0,0.0,0.0,0.0,0.0,0.0,0.0,0.0,0.0,0.0,0.0,-0.0,-2.004,2.004,2.004,0.0,0.0,0.0,0.0,5557.0,1.0406674853550389e+34,6928.0,0.0,-0.0,-0.0,0.0,0.0,0.0,0.0,0.0,63,0.0,0.0,0.0,0.0,0.0,0.0,0.0,0.0,0.0,0,0,0,0.0,0.0,0.0,0.0,0.0,0.0,0.0,0.0,0.0,0.0,0.0,0.0,0.0,0.0,0.0,0.0,0,-107875648.0,63,0.0,126,2.7184242562605685e+23,2.842318642297501e+23,ERR,ERR,ERR,ERR,ERR,ERR,ERR,ERR,ERR,ERR,ERR,ERR,ERR,ERR,ERR,ERR,ERR,ERR,ERR,ERR,ERR,ERR,ERR,ERR,ERR,ERR,ERR,ERR,ERR,ERR,ERR,ERR,ERR,ERR,ERR,ERR,ERR,ERR,ERR,ERR,ERR,ERR,ERR,ERR,ERR,ERR,ERR,ERR,ERR,ERR,ERR,ERR,ERR,ERR,ERR,ERR,ERR,ERR,ERR,ERR,ERR,ERR,ERR,ERR,ERR,ERR,ERR,34.0,80.0,35,0.0,0.0,0.0,0.0,0.0,0.0,0.0,0.0,0.0,0.0,0.0,0.0,0.0,0.0,0.0,0.0,64.4,0,116,56,49,65476,0,300,0,0,8,20529,65476,0,0,57672,80.0,0.0,0.0,0.0,0.0,0.0
2026-06-17T04:48:32,ERR,ERR,ERR,ERR,ERR,ERR,ERR,ERR,ERR,ERR,ERR,ERR,ERR,ERR,ERR,ERR,ERR,ERR,ERR,ERR,ERR,ERR,ERR,ERR,ERR,ERR,ERR,ERR,ERR,ERR,ERR,ERR,ERR,ERR,ERR,ERR,ERR,ERR,ERR,ERR,ERR,ERR,ERR,ERR,ERR,ERR,ERR,ERR,ERR,ERR,ERR,ERR,ERR,ERR,ERR,ERR,ERR,ERR,ERR,ERR,ERR,ERR,ERR,ERR,ERR,ERR,ERR,ERR,ERR,ERR,ERR,ERR,ERR,ERR,ERR,ERR,ERR,ERR,ERR,ERR,ERR,ERR,ERR,ERR,ERR,ERR,ERR,ERR,ERR,ERR,ERR,ERR,ERR,ERR,ERR,ERR,ERR,ERR,ERR,ERR,ERR,ERR,ERR,ERR,ERR,ERR,ERR,ERR,ERR,ERR,ERR,ERR,ERR,ERR,ERR,ERR,ERR,ERR,ERR,ERR,ERR,ERR,ERR,ERR,ERR,0.0,-0.0,-0.0,0.0,0.0,1.3936040501711995e+18,7.805,0.0,0,0,4,0,7300,-0.0,0,0.0,0.0,0.0,0.0,0.0,0,0,0,0,0.0,0,0,0,0,0,0,0,0,0,0,0,0,0,0,0,0,0,0,0,0,0,0,0,0,0,0,0,0,0,0,0,0,0,32,30,30,62,65476,0,300,0,0,8,21553,0.0,-107605600.0,0.0,0.0,0.0,0.0,0.0,0.0,0.0,0.0,0.0,0.0,0.0,0.0,0.0,0.0,0.0,0.0,0.0,0.0,0.0,0.0,2.004,-2.004,2.004,2.004,0.0,0.0,0.0,0.0,5557.0,-0.0,6928.0,0.0,-0.0,-0.0,0.0,0.0,0.0,0.0,0.0,63,0.0,0.0,0.0,0.0,0.0,0.0,0.0,0.0,0.0,0,0,0,0.0,0.0,0.0,0.0,0.0,0.0,0.0,0.0,0.0,0.0,0.0,0.0,0.0,0.0,0.0,0.0,0,-107875648.0,63,0.0,126,2.7184242562605685e+23,2.842318642297501e+23,ERR,ERR,ERR,ERR,ERR,ERR,ERR,ERR,ERR,ERR,ERR,ERR,ERR,ERR,ERR,ERR,ERR,ERR,ERR,ERR,ERR,ERR,ERR,ERR,ERR,ERR,ERR,ERR,ERR,ERR,ERR,ERR,ERR,ERR,ERR,ERR,ERR,ERR,ERR,ERR,ERR,ERR,ERR,ERR,ERR,ERR,ERR,ERR,ERR,ERR,ERR,ERR,ERR,ERR,ERR,ERR,ERR,ERR,ERR,ERR,ERR,ERR,ERR,ERR,ERR,ERR,ERR,34.0,80.0,35,0.0,0.0,0.0,0.0,0.0,0.0,0.0,0.0,0.0,0.0,0.0,0.0,0.0,0.0,0.0,0.0,64.8,0,116,56,49,65476,0,300,0,0,8,20529,65476,0,0,57672,80.0,0.0,0.0,0.0,0.0,0.0
2026-06-17T04:48:33,ERR,ERR,ERR,ERR,ERR,ERR,ERR,ERR,ERR,ERR,ERR,ERR,ERR,ERR,ERR,ERR,ERR,ERR,ERR,ERR,ERR,ERR,ERR,ERR,ERR,ERR,ERR,ERR,ERR,ERR,ERR,ERR,ERR,ERR,ERR,ERR,ERR,ERR,ERR,ERR,ERR,ERR,ERR,ERR,ERR,ERR,ERR,ERR,ERR,ERR,ERR,ERR,ERR,ERR,ERR,ERR,ERR,ERR,ERR,ERR,ERR,ERR,ERR,ERR,ERR,ERR,ERR,ERR,ERR,ERR,ERR,ERR,ERR,ERR,ERR,ERR,ERR,ERR,ERR,ERR,ERR,ERR,ERR,ERR,ERR,ERR,ERR,ERR,ERR,ERR,ERR,ERR,ERR,ERR,ERR,ERR,ERR,ERR,ERR,ERR,ERR,ERR,ERR,ERR,ERR,ERR,ERR,ERR,ERR,ERR,ERR,ERR,ERR,ERR,ERR,ERR,ERR,ERR,ERR,ERR,ERR,ERR,ERR,ERR,ERR,0.0,-0.0,-0.0,0.0,0.0,1.3936040501711995e+18,7.805,0.0,0,0,4,0,7300,-0.0,0,0.0,0.0,0.0,0.0,0.0,0,0,0,0,0.0,0,0,0,0,0,0,0,0,0,0,0,0,0,0,0,0,0,0,0,0,0,0,0,0,0,0,0,0,0,0,0,0,0,32,30,30,62,65476,0,300,0,0,8,21553,0.0,-107605600.0,0.0,0.0,0.0,0.0,0.0,0.0,0.0,0.0,0.0,0.0,0.0,0.0,0.0,0.0,0.0,0.0,0.0,0.0,0.0,0.0,2.004,-2.004,2.004,2.004,0.0,0.0,0.0,0.0,5557.0,-0.0,6928.0,0.0,-0.0,-0.0,0.0,0.0,0.0,0.0,0.0,63,0.0,0.0,0.0,0.0,0.0,0.0,0.0,0.0,0.0,0,0,0,0.0,0.0,0.0,0.0,0.0,0.0,0.0,0.0,0.0,0.0,0.0,0.0,0.0,0.0,0.0,0.0,0,-107875648.0,63,0.0,126,2.7184242562605685e+23,2.842318642297501e+23,ERR,ERR,ERR,ERR,ERR,ERR,ERR,ERR,ERR,ERR,ERR,ERR,ERR,ERR,ERR,ERR,ERR,ERR,ERR,ERR,ERR,ERR,ERR,ERR,ERR,ERR,ERR,ERR,ERR,ERR,ERR,ERR,ERR,ERR,ERR,ERR,ERR,ERR,ERR,ERR,ERR,ERR,ERR,ERR,ERR,ERR,ERR,ERR,ERR,ERR,ERR,ERR,ERR,ERR,ERR,ERR,ERR,ERR,ERR,ERR,ERR,ERR,ERR,ERR,ERR,ERR,ERR,34.0,80.0,35,0.0,0.0,0.0,0.0,0.0,0.0,0.0,0.0,0.0,0.0,0.0,0.0,0.0,0.0,0.0,0.0,64.8,0,116,56,49,65476,0,300,0,0,8,20529,65476,0,0,57672,80.0,0.0,0.0,0.0,0.0,0.0
2026-06-17T04:48:34,ERR,ERR,ERR,ERR,ERR,ERR,ERR,ERR,ERR,ERR,ERR,ERR,ERR,ERR,ERR,ERR,ERR,ERR,ERR,ERR,ERR,ERR,ERR,ERR,ERR,ERR,ERR,ERR,ERR,ERR,ERR,ERR,ERR,ERR,ERR,ERR,ERR,ERR,ERR,ERR,ERR,ERR,ERR,ERR,ERR,ERR,ERR,ERR,ERR,ERR,ERR,ERR,ERR,ERR,ERR,ERR,ERR,ERR,ERR,ERR,ERR,ERR,ERR,ERR,ERR,ERR,ERR,ERR,ERR,ERR,ERR,ERR,ERR,ERR,ERR,ERR,ERR,ERR,ERR,ERR,ERR,ERR,ERR,ERR,ERR,ERR,ERR,ERR,ERR,ERR,ERR,ERR,ERR,ERR,ERR,ERR,ERR,ERR,ERR,ERR,ERR,ERR,ERR,ERR,ERR,ERR,ERR,ERR,ERR,ERR,ERR,ERR,ERR,ERR,ERR,ERR,ERR,ERR,ERR,ERR,ERR,ERR,ERR,ERR,ERR,0.0,-0.0,-0.0,0.0,0.0,1.3936040501711995e+18,7.805,0.0,0,0,4,0,7300,-0.0,0,0.0,0.0,0.0,0.0,0.0,0,0,0,0,0.0,0,0,0,0,0,0,0,0,0,0,0,0,0,0,0,0,0,0,0,0,0,0,0,0,0,0,0,0,0,0,0,0,0,32,30,30,62,65476,0,300,0,0,8,21553,0.0,-107605600.0,0.0,0.0,0.0,0.0,0.0,0.0,0.0,0.0,0.0,0.0,0.0,0.0,0.0,0.0,0.0,0.0,0.0,0.0,0.0,0.0,2.004,-2.004,2.004,2.004,0.0,0.0,0.0,0.0,5557.0,-0.0,6928.0,0.0,-0.0,-0.0,0.0,0.0,0.0,0.0,0.0,63,0.0,0.0,0.0,0.0,0.0,0.0,0.0,0.0,0.0,0,0,0,0.0,0.0,0.0,0.0,0.0,0.0,0.0,0.0,0.0,0.0,0.0,0.0,0.0,0.0,0.0,0.0,0,-107875648.0,63,0.0,126,2.7184242562605685e+23,2.842318642297501e+23,ERR,ERR,ERR,ERR,ERR,ERR,ERR,ERR,ERR,ERR,ERR,ERR,ERR,ERR,ERR,ERR,ERR,ERR,ERR,ERR,ERR,ERR,ERR,ERR,ERR,ERR,ERR,ERR,ERR,ERR,ERR,ERR,ERR,ERR,ERR,ERR,ERR,ERR,ERR,ERR,ERR,ERR,ERR,ERR,ERR,ERR,ERR,ERR,ERR,ERR,ERR,ERR,ERR,ERR,ERR,ERR,ERR,ERR,ERR,ERR,ERR,ERR,ERR,ERR,ERR,ERR,ERR,34.0,80.0,35,0.0,0.0,0.0,0.0,0.0,0.0,0.0,0.0,0.0,0.0,0.0,0.0,0.0,0.0,0.0,0.0,64.4,0,116,56,49,65476,0,300,0,0,8,20529,65476,0,0,57672,80.0,0.0,0.0,0.0,0.0,0.0
2026-06-17T04:48:35,ERR,ERR,ERR,ERR,ERR,ERR,ERR,ERR,ERR,ERR,ERR,ERR,ERR,ERR,ERR,ERR,ERR,ERR,ERR,ERR,ERR,ERR,ERR,ERR,ERR,ERR,ERR,ERR,ERR,ERR,ERR,ERR,ERR,ERR,ERR,ERR,ERR,ERR,ERR,ERR,ERR,ERR,ERR,ERR,ERR,ERR,ERR,ERR,ERR,ERR,ERR,ERR,ERR,ERR,ERR,ERR,ERR,ERR,ERR,ERR,ERR,ERR,ERR,ERR,ERR,ERR,ERR,ERR,ERR,ERR,ERR,ERR,ERR,ERR,ERR,ERR,ERR,ERR,ERR,ERR,ERR,ERR,ERR,ERR,ERR,ERR,ERR,ERR,ERR,ERR,ERR,ERR,ERR,ERR,ERR,ERR,ERR,ERR,ERR,ERR,ERR,ERR,ERR,ERR,ERR,ERR,ERR,ERR,ERR,ERR,ERR,ERR,ERR,ERR,ERR,ERR,ERR,ERR,ERR,ERR,ERR,ERR,ERR,ERR,ERR,0.0,-0.0,-0.0,0.0,0.0,1.3936040501711995e+18,7.805,0.0,0,0,4,0,7300,-0.0,0,0.0,0.0,0.0,0.0,0.0,0,0,0,0,0.0,0,0,0,0,0,0,0,0,0,0,0,0,0,0,0,0,0,0,0,0,0,0,0,0,0,0,0,0,0,0,0,0,0,32,30,30,62,65476,0,300,0,0,8,21553,0.0,-107605600.0,0.0,0.0,0.0,0.0,0.0,0.0,0.0,0.0,0.0,0.0,0.0,0.0,0.0,0.0,0.0,0.0,0.0,0.0,0.0,0.0,2.004,-2.004,2.004,2.004,0.0,0.0,0.0,0.0,5557.0,-0.0,6928.0,0.0,-0.0,-0.0,0.0,0.0,0.0,0.0,0.0,63,0.0,0.0,0.0,0.0,0.0,0.0,0.0,0.0,0.0,0,0,0,0.0,0.0,0.0,0.0,0.0,0.0,0.0,0.0,0.0,0.0,0.0,0.0,0.0,0.0,0.0,0.0,0,-107875648.0,63,0.0,126,2.7184242562605685e+23,2.842318642297501e+23,ERR,ERR,ERR,ERR,ERR,ERR,ERR,ERR,ERR,ERR,ERR,ERR,ERR,ERR,ERR,ERR,ERR,ERR,ERR,ERR,ERR,ERR,ERR,ERR,ERR,ERR,ERR,ERR,ERR,ERR,ERR,ERR,ERR,ERR,ERR,ERR,ERR,ERR,ERR,ERR,ERR,ERR,ERR,ERR,ERR,ERR,ERR,ERR,ERR,ERR,ERR,ERR,ERR,ERR,ERR,ERR,ERR,ERR,ERR,ERR,ERR,ERR,ERR,ERR,ERR,ERR,ERR,34.0,80.0,35,0.0,0.0,0.0,0.0,0.0,0.0,0.0,0.0,0.0,0.0,0.0,0.0,0.0,0.0,0.0,0.0,64.4,0,116,56,49,65476,0,300,0,0,8,20529,65476,0,0,57672,80.0,0.0,0.0,0.0,0.0,0.0
2026-06-17T04:48:36,ERR,ERR,ERR,ERR,ERR,ERR,ERR,ERR,ERR,ERR,ERR,ERR,ERR,ERR,ERR,ERR,ERR,ERR,ERR,ERR,ERR,ERR,ERR,ERR,ERR,ERR,ERR,ERR,ERR,ERR,ERR,ERR,ERR,ERR,ERR,ERR,ERR,ERR,ERR,ERR,ERR,ERR,ERR,ERR,ERR,ERR,ERR,ERR,ERR,ERR,ERR,ERR,ERR,ERR,ERR,ERR,ERR,ERR,ERR,ERR,ERR,ERR,ERR,ERR,ERR,ERR,ERR,ERR,ERR,ERR,ERR,ERR,ERR,ERR,ERR,ERR,ERR,ERR,ERR,ERR,ERR,ERR,ERR,ERR,ERR,ERR,ERR,ERR,ERR,ERR,ERR,ERR,ERR,ERR,ERR,ERR,ERR,ERR,ERR,ERR,ERR,ERR,ERR,ERR,ERR,ERR,ERR,ERR,ERR,ERR,ERR,ERR,ERR,ERR,ERR,ERR,ERR,ERR,ERR,ERR,ERR,ERR,ERR,ERR,ERR,0.0,-0.0,-0.0,0.0,0.0,1.3936040501711995e+18,7.805,0.0,0,0,4,0,7300,-0.0,0,0.0,0.0,0.0,0.0,0.0,0,0,0,0,0.0,0,0,0,0,0,0,0,0,0,0,0,0,0,0,0,0,0,0,0,0,0,0,0,0,0,0,0,0,0,0,0,0,0,32,30,30,62,65476,0,300,0,0,8,21553,0.0,-107605600.0,0.0,0.0,0.0,0.0,0.0,0.0,0.0,0.0,0.0,0.0,0.0,0.0,0.0,0.0,0.0,0.0,0.0,0.0,0.0,0.0,2.004,-2.004,2.004,2.004,0.0,0.0,0.0,0.0,5557.0,-0.0,6928.0,0.0,-0.0,-0.0,0.0,0.0,0.0,0.0,0.0,63,0.0,0.0,0.0,0.0,0.0,0.0,0.0,0.0,0.0,0,0,0,0.0,0.0,0.0,0.0,0.0,0.0,0.0,0.0,0.0,0.0,0.0,0.0,0.0,0.0,0.0,0.0,0,-107875648.0,63,0.0,126,2.7184242562605685e+23,2.842318642297501e+23,ERR,ERR,ERR,ERR,ERR,ERR,ERR,ERR,ERR,ERR,ERR,ERR,ERR,ERR,ERR,ERR,ERR,ERR,ERR,ERR,ERR,ERR,ERR,ERR,ERR,ERR,ERR,ERR,ERR,ERR,ERR,ERR,ERR,ERR,ERR,ERR,ERR,ERR,ERR,ERR,ERR,ERR,ERR,ERR,ERR,ERR,ERR,ERR,ERR,ERR,ERR,ERR,ERR,ERR,ERR,ERR,ERR,ERR,ERR,ERR,ERR,ERR,ERR,ERR,ERR,ERR,ERR,34.0,80.0,35,0.0,0.0,0.0,0.0,0.0,0.0,0.0,0.0,0.0,0.0,0.0,0.0,0.0,0.0,0.0,0.0,64.4,0,116,56,49,65476,0,300,0,0,8,20529,65476,0,0,57672,80.0,0.0,0.0,0.0,0.0,0.0
2026-06-17T04:48:37,ERR,ERR,ERR,ERR,ERR,ERR,ERR,ERR,ERR,ERR,ERR,ERR,ERR,ERR,ERR,ERR,ERR,ERR,ERR,ERR,ERR,ERR,ERR,ERR,ERR,ERR,ERR,ERR,ERR,ERR,ERR,ERR,ERR,ERR,ERR,ERR,ERR,ERR,ERR,ERR,ERR,ERR,ERR,ERR,ERR,ERR,ERR,ERR,ERR,ERR,ERR,ERR,ERR,ERR,ERR,ERR,ERR,ERR,ERR,ERR,ERR,ERR,ERR,ERR,ERR,ERR,ERR,ERR,ERR,ERR,ERR,ERR,ERR,ERR,ERR,ERR,ERR,ERR,ERR,ERR,ERR,ERR,ERR,ERR,ERR,ERR,ERR,ERR,ERR,ERR,ERR,ERR,ERR,ERR,ERR,ERR,ERR,ERR,ERR,ERR,ERR,ERR,ERR,ERR,ERR,ERR,ERR,ERR,ERR,ERR,ERR,ERR,ERR,ERR,ERR,ERR,ERR,ERR,ERR,ERR,ERR,ERR,ERR,ERR,ERR,0.0,-0.0,-0.0,0.0,0.0,1.3936040501711995e+18,7.805,0.0,0,0,4,0,7300,-0.0,0,0.0,0.0,0.0,0.0,0.0,0,0,0,0,0.0,0,0,0,0,0,0,0,0,0,0,0,0,0,0,0,0,0,0,0,0,0,0,0,0,0,0,0,0,0,0,0,0,0,32,30,30,62,65476,0,300,0,0,8,21553,0.0,-107605600.0,0.0,0.0,0.0,0.0,0.0,0.0,0.0,0.0,0.0,0.0,0.0,0.0,0.0,0.0,0.0,0.0,0.0,0.0,0.0,0.0,2.004,-2.004,2.004,2.004,0.0,0.0,0.0,0.0,5557.0,-0.0,6928.0,0.0,-0.0,-0.0,0.0,0.0,0.0,0.0,0.0,63,0.0,0.0,0.0,0.0,0.0,0.0,0.0,0.0,0.0,0,0,0,0.0,0.0,0.0,0.0,0.0,0.0,0.0,0.0,0.0,0.0,0.0,0.0,0.0,0.0,0.0,0.0,0,-107875648.0,63,0.0,126,2.7184242562605685e+23,2.842318642297501e+23,ERR,ERR,ERR,ERR,ERR,ERR,ERR,ERR,ERR,ERR,ERR,ERR,ERR,ERR,ERR,ERR,ERR,ERR,ERR,ERR,ERR,ERR,ERR,ERR,ERR,ERR,ERR,ERR,ERR,ERR,ERR,ERR,ERR,ERR,ERR,ERR,ERR,ERR,ERR,ERR,ERR,ERR,ERR,ERR,ERR,ERR,ERR,ERR,ERR,ERR,ERR,ERR,ERR,ERR,ERR,ERR,ERR,ERR,ERR,ERR,ERR,ERR,ERR,ERR,ERR,ERR,ERR,34.0,80.0,35,0.0,0.0,0.0,0.0,0.0,0.0,0.0,0.0,0.0,0.0,0.0,0.0,0.0,0.0,0.0,0.0,64.4,0,116,56,49,65476,0,300,0,0,8,20529,65476,0,0,57672,80.0,0.0,0.0,0.0,0.0,0.0
2026-06-17T04:48:38,ERR,ERR,ERR,ERR,ERR,ERR,ERR,ERR,ERR,ERR,ERR,ERR,ERR,ERR,ERR,ERR,ERR,ERR,ERR,ERR,ERR,ERR,ERR,ERR,ERR,ERR,ERR,ERR,ERR,ERR,ERR,ERR,ERR,ERR,ERR,ERR,ERR,ERR,ERR,ERR,ERR,ERR,ERR,ERR,ERR,ERR,ERR,ERR,ERR,ERR,ERR,ERR,ERR,ERR,ERR,ERR,ERR,ERR,ERR,ERR,ERR,ERR,ERR,ERR,ERR,ERR,ERR,ERR,ERR,ERR,ERR,ERR,ERR,ERR,ERR,ERR,ERR,ERR,ERR,ERR,ERR,ERR,ERR,ERR,ERR,ERR,ERR,ERR,ERR,ERR,ERR,ERR,ERR,ERR,ERR,ERR,ERR,ERR,ERR,ERR,ERR,ERR,ERR,ERR,ERR,ERR,ERR,ERR,ERR,ERR,ERR,ERR,ERR,ERR,ERR,ERR,ERR,ERR,ERR,ERR,ERR,ERR,ERR,ERR,ERR,0.0,-0.0,-0.0,0.0,0.0,1.3936040501711995e+18,7.805,0.0,0,0,4,0,7300,-0.0,0,0.0,0.0,0.0,0.0,0.0,0,0,0,0,0.0,0,0,0,0,0,0,0,0,0,0,0,0,0,0,0,0,0,0,0,0,0,0,0,0,0,0,0,0,0,0,0,0,0,32,30,30,62,65476,0,300,0,0,8,21553,0.0,-107605600.0,0.0,0.0,0.0,0.0,0.0,0.0,0.0,0.0,0.0,0.0,0.0,0.0,0.0,0.0,0.0,0.0,0.0,0.0,0.0,0.0,2.004,-2.004,2.004,2.004,0.0,0.0,0.0,0.0,5555.0,-0.0,6930.0,0.0,-0.0,-0.0,0.0,0.0,0.0,0.0,0.0,63,-5.8480814323122084e+35,0.0,0.0,0.0,0.0,0.0,0.0,0.0,0.0,0,0,0,0.0,0.0,0.0,0.0,0.0,0.0,0.0,0.0,0.0,0.0,0.0,0.0,0.0,0.0,0.0,0.0,0,-107875648.0,63,0.0,126,2.7184242562605685e+23,2.842318642297501e+23,ERR,ERR,ERR,ERR,ERR,ERR,ERR,ERR,ERR,ERR,ERR,ERR,ERR,ERR,ERR,ERR,ERR,ERR,ERR,ERR,ERR,ERR,ERR,ERR,ERR,ERR,ERR,ERR,ERR,ERR,ERR,ERR,ERR,ERR,ERR,ERR,ERR,ERR,ERR,ERR,ERR,ERR,ERR,ERR,ERR,ERR,ERR,ERR,ERR,ERR,ERR,ERR,ERR,ERR,ERR,ERR,ERR,ERR,ERR,ERR,ERR,ERR,ERR,ERR,ERR,ERR,ERR,34.0,80.0,35,0.0,0.0,0.0,0.0,0.0,0.0,0.0,0.0,0.0,0.0,0.0,0.0,0.0,0.0,0.0,0.0,64.4,0,116,56,49,65476,0,300,0,0,8,20529,65476,0,0,57672,80.0,0.0,0.0,0.0,0.0,0.0
2026-06-17T04:48:39,ERR,ERR,ERR,ERR,ERR,ERR,ERR,ERR,ERR,ERR,ERR,ERR,ERR,ERR,ERR,ERR,ERR,ERR,ERR,ERR,ERR,ERR,ERR,ERR,ERR,ERR,ERR,ERR,ERR,ERR,ERR,ERR,ERR,ERR,ERR,ERR,ERR,ERR,ERR,ERR,ERR,ERR,ERR,ERR,ERR,ERR,ERR,ERR,ERR,ERR,ERR,ERR,ERR,ERR,ERR,ERR,ERR,ERR,ERR,ERR,ERR,ERR,ERR,ERR,ERR,ERR,ERR,ERR,ERR,ERR,ERR,ERR,ERR,ERR,ERR,ERR,ERR,ERR,ERR,ERR,ERR,ERR,ERR,ERR,ERR,ERR,ERR,ERR,ERR,ERR,ERR,ERR,ERR,ERR,ERR,ERR,ERR,ERR,ERR,ERR,ERR,ERR,ERR,ERR,ERR,ERR,ERR,ERR,ERR,ERR,ERR,ERR,ERR,ERR,ERR,ERR,ERR,ERR,ERR,ERR,ERR,ERR,ERR,ERR,ERR,0.0,-0.0,-0.0,0.0,0.0,1.3936040501711995e+18,7.805,0.0,0,0,4,0,7300,-0.0,0,0.0,0.0,0.0,0.0,0.0,0,0,0,0,0.0,0,0,0,0,0,0,0,0,0,0,0,0,0,0,0,0,0,0,0,0,0,0,0,0,0,0,0,0,0,0,0,0,0,32,30,30,62,65476,0,300,0,0,8,21553,0.0,-107605600.0,0.0,0.0,0.0,0.0,0.0,0.0,0.0,0.0,0.0,0.0,0.0,0.0,0.0,0.0,0.0,0.0,0.0,0.0,0.0,0.0,2.004,-2.004,2.004,2.004,0.0,0.0,0.0,0.0,5555.0,-0.0,6930.0,0.0,-0.0,-0.0,0.0,0.0,0.0,0.0,0.0,63,-5.8480814323122084e+35,0.0,0.0,0.0,0.0,0.0,0.0,0.0,0.0,0,0,0,0.0,0.0,0.0,0.0,0.0,0.0,0.0,0.0,0.0,0.0,0.0,0.0,0.0,0.0,0.0,0.0,0,-107875648.0,63,0.0,126,2.7184242562605685e+23,2.842318642297501e+23,ERR,ERR,ERR,ERR,ERR,ERR,ERR,ERR,ERR,ERR,ERR,ERR,ERR,ERR,ERR,ERR,ERR,ERR,ERR,ERR,ERR,ERR,ERR,ERR,ERR,ERR,ERR,ERR,ERR,ERR,ERR,ERR,ERR,ERR,ERR,ERR,ERR,ERR,ERR,ERR,ERR,ERR,ERR,ERR,ERR,ERR,ERR,ERR,ERR,ERR,ERR,ERR,ERR,ERR,ERR,ERR,ERR,ERR,ERR,ERR,ERR,ERR,ERR,ERR,ERR,ERR,ERR,34.0,80.0,35,0.0,0.0,0.0,0.0,0.0,0.0,0.0,0.0,0.0,0.0,0.0,0.0,0.0,0.0,0.0,0.0,64.4,0,116,56,49,65476,0,300,0,0,8,20529,65476,0,0,57672,80.0,0.0,0.0,0.0,0.0,0.0
2026-06-17T04:48:40,ERR,ERR,ERR,ERR,ERR,ERR,ERR,ERR,ERR,ERR,ERR,ERR,ERR,ERR,ERR,ERR,ERR,ERR,ERR,ERR,ERR,ERR,ERR,ERR,ERR,ERR,ERR,ERR,ERR,ERR,ERR,ERR,ERR,ERR,ERR,ERR,ERR,ERR,ERR,ERR,ERR,ERR,ERR,ERR,ERR,ERR,ERR,ERR,ERR,ERR,ERR,ERR,ERR,ERR,ERR,ERR,ERR,ERR,ERR,ERR,ERR,ERR,ERR,ERR,ERR,ERR,ERR,ERR,ERR,ERR,ERR,ERR,ERR,ERR,ERR,ERR,ERR,ERR,ERR,ERR,ERR,ERR,ERR,ERR,ERR,ERR,ERR,ERR,ERR,ERR,ERR,ERR,ERR,ERR,ERR,ERR,ERR,ERR,ERR,ERR,ERR,ERR,ERR,ERR,ERR,ERR,ERR,ERR,ERR,ERR,ERR,ERR,ERR,ERR,ERR,ERR,ERR,ERR,ERR,ERR,ERR,ERR,ERR,ERR,ERR,0.0,-0.0,-0.0,0.0,0.0,1.3936040501711995e+18,7.805,0.0,0,0,4,0,7300,-0.0,0,0.0,0.0,0.0,0.0,0.0,0,0,0,0,0.0,0,0,0,0,0,0,0,0,0,0,0,0,0,0,0,0,0,0,0,0,0,0,0,0,0,0,0,0,0,0,0,0,0,32,30,30,62,65476,0,300,0,0,8,21553,0.0,-107605600.0,0.0,0.0,0.0,0.0,0.0,0.0,0.0,0.0,0.0,0.0,0.0,0.0,0.0,0.0,0.0,0.0,0.0,0.0,0.0,0.0,2.004,-2.004,2.004,2.004,0.0,0.0,0.0,0.0,5555.0,-0.0,6930.0,0.0,-0.0,-0.0,0.0,0.0,0.0,0.0,0.0,63,-5.8480814323122084e+35,0.0,0.0,0.0,0.0,0.0,0.0,0.0,0.0,0,0,0,0.0,0.0,0.0,0.0,0.0,0.0,0.0,0.0,0.0,0.0,0.0,0.0,0.0,0.0,0.0,0.0,0,-107875648.0,63,0.0,126,2.7184242562605685e+23,2.842318642297501e+23,ERR,ERR,ERR,ERR,ERR,ERR,ERR,ERR,ERR,ERR,ERR,ERR,ERR,ERR,ERR,ERR,ERR,ERR,ERR,ERR,ERR,ERR,ERR,ERR,ERR,ERR,ERR,ERR,ERR,ERR,ERR,ERR,ERR,ERR,ERR,ERR,ERR,ERR,ERR,ERR,ERR,ERR,ERR,ERR,ERR,ERR,ERR,ERR,ERR,ERR,ERR,ERR,ERR,ERR,ERR,ERR,ERR,ERR,ERR,ERR,ERR,ERR,ERR,ERR,ERR,ERR,ERR,34.0,80.0,35,0.0,0.0,0.0,0.0,0.0,0.0,0.0,0.0,0.0,0.0,0.0,0.0,0.0,0.0,0.0,0.0,64.4,0,116,56,49,65476,0,300,0,0,8,20529,65476,0,0,57672,80.0,0.0,0.0,0.0,0.0,0.0
2026-06-17T04:48:41,ERR,ERR,ERR,ERR,ERR,ERR,ERR,ERR,ERR,ERR,ERR,ERR,ERR,ERR,ERR,ERR,ERR,ERR,ERR,ERR,ERR,ERR,ERR,ERR,ERR,ERR,ERR,ERR,ERR,ERR,ERR,ERR,ERR,ERR,ERR,ERR,ERR,ERR,ERR,ERR,ERR,ERR,ERR,ERR,ERR,ERR,ERR,ERR,ERR,ERR,ERR,ERR,ERR,ERR,ERR,ERR,ERR,ERR,ERR,ERR,ERR,ERR,ERR,ERR,ERR,ERR,ERR,ERR,ERR,ERR,ERR,ERR,ERR,ERR,ERR,ERR,ERR,ERR,ERR,ERR,ERR,ERR,ERR,ERR,ERR,ERR,ERR,ERR,ERR,ERR,ERR,ERR,ERR,ERR,ERR,ERR,ERR,ERR,ERR,ERR,ERR,ERR,ERR,ERR,ERR,ERR,ERR,ERR,ERR,ERR,ERR,ERR,ERR,ERR,ERR,ERR,ERR,ERR,ERR,ERR,ERR,ERR,ERR,ERR,ERR,0.0,-0.0,-0.0,0.0,0.0,1.3936040501711995e+18,7.805,0.0,0,0,4,0,7300,-0.0,0,0.0,0.0,0.0,0.0,0.0,0,0,0,0,0.0,0,0,0,0,0,0,0,0,0,0,0,0,0,0,0,0,0,0,0,0,0,0,0,0,0,0,0,0,0,0,0,0,0,32,30,30,62,65476,0,300,0,0,8,21553,0.0,-107605600.0,0.0,0.0,0.0,0.0,0.0,0.0,0.0,0.0,0.0,0.0,0.0,0.0,0.0,0.0,0.0,0.0,0.0,0.0,0.0,0.0,2.004,-2.004,2.004,2.004,0.0,0.0,0.0,0.0,5555.0,-0.0,6930.0,0.0,-0.0,-0.0,0.0,0.0,0.0,0.0,0.0,63,-5.8480814323122084e+35,0.0,0.0,0.0,0.0,0.0,0.0,0.0,0.0,0,0,0,0.0,0.0,0.0,0.0,0.0,0.0,0.0,0.0,0.0,0.0,0.0,0.0,0.0,0.0,0.0,0.0,0,-107875648.0,63,0.0,126,2.7184242562605685e+23,2.842318642297501e+23,ERR,ERR,ERR,ERR,ERR,ERR,ERR,ERR,ERR,ERR,ERR,ERR,ERR,ERR,ERR,ERR,ERR,ERR,ERR,ERR,ERR,ERR,ERR,ERR,ERR,ERR,ERR,ERR,ERR,ERR,ERR,ERR,ERR,ERR,ERR,ERR,ERR,ERR,ERR,ERR,ERR,ERR,ERR,ERR,ERR,ERR,ERR,ERR,ERR,ERR,ERR,ERR,ERR,ERR,ERR,ERR,ERR,ERR,ERR,ERR,ERR,ERR,ERR,ERR,ERR,ERR,ERR,34.0,80.0,35,0.0,0.0,0.0,0.0,0.0,0.0,0.0,0.0,0.0,0.0,0.0,0.0,0.0,0.0,0.0,0.0,64.4,0,116,56,49,65476,0,300,0,0,8,20529,65476,0,0,57672,80.0,0.0,0.0,0.0,0.0,0.0
2026-06-17T04:48:42,ERR,ERR,ERR,ERR,ERR,ERR,ERR,ERR,ERR,ERR,ERR,ERR,ERR,ERR,ERR,ERR,ERR,ERR,ERR,ERR,ERR,ERR,ERR,ERR,ERR,ERR,ERR,ERR,ERR,ERR,ERR,ERR,ERR,ERR,ERR,ERR,ERR,ERR,ERR,ERR,ERR,ERR,ERR,ERR,ERR,ERR,ERR,ERR,ERR,ERR,ERR,ERR,ERR,ERR,ERR,ERR,ERR,ERR,ERR,ERR,ERR,ERR,ERR,ERR,ERR,ERR,ERR,ERR,ERR,ERR,ERR,ERR,ERR,ERR,ERR,ERR,ERR,ERR,ERR,ERR,ERR,ERR,ERR,ERR,ERR,ERR,ERR,ERR,ERR,ERR,ERR,ERR,ERR,ERR,ERR,ERR,ERR,ERR,ERR,ERR,ERR,ERR,ERR,ERR,ERR,ERR,ERR,ERR,ERR,ERR,ERR,ERR,ERR,ERR,ERR,ERR,ERR,ERR,ERR,ERR,ERR,ERR,ERR,ERR,ERR,0.0,-0.0,-0.0,0.0,0.0,1.3936040501711995e+18,7.805,0.0,0,0,4,0,7300,-0.0,0,0.0,0.0,0.0,0.0,0.0,0,0,0,0,0.0,0,0,0,0,0,0,0,0,0,0,0,0,0,0,0,0,0,0,0,0,0,0,0,0,0,0,0,0,0,0,0,0,0,32,30,30,62,65476,0,300,0,0,8,21553,0.0,-107605600.0,0.0,0.0,0.0,0.0,0.0,0.0,0.0,0.0,0.0,0.0,0.0,0.0,0.0,0.0,0.0,0.0,0.0,0.0,0.0,0.0,2.004,-2.004,2.004,2.004,0.0,0.0,0.0,0.0,5555.0,-0.0,6930.0,0.0,-0.0,-0.0,0.0,0.0,0.0,0.0,0.0,63,-5.8480814323122084e+35,0.0,0.0,0.0,0.0,0.0,0.0,0.0,0.0,0,0,0,0.0,0.0,0.0,0.0,0.0,0.0,0.0,0.0,0.0,0.0,0.0,0.0,0.0,0.0,0.0,0.0,0,-107875648.0,63,0.0,126,2.7184242562605685e+23,2.842318642297501e+23,ERR,ERR,ERR,ERR,ERR,ERR,ERR,ERR,ERR,ERR,ERR,ERR,ERR,ERR,ERR,ERR,ERR,ERR,ERR,ERR,ERR,ERR,ERR,ERR,ERR,ERR,ERR,ERR,ERR,ERR,ERR,ERR,ERR,ERR,ERR,ERR,ERR,ERR,ERR,ERR,ERR,ERR,ERR,ERR,ERR,ERR,ERR,ERR,ERR,ERR,ERR,ERR,ERR,ERR,ERR,ERR,ERR,ERR,ERR,ERR,ERR,ERR,ERR,ERR,ERR,ERR,ERR,34.0,80.0,35,0.0,0.0,0.0,0.0,0.0,0.0,0.0,0.0,0.0,0.0,0.0,0.0,0.0,0.0,0.0,0.0,64.4,0,116,56,49,65476,0,300,0,0,8,20529,65476,0,0,57672,80.0,0.0,0.0,0.0,0.0,0.0
2026-06-17T04:48:43,ERR,ERR,ERR,ERR,ERR,ERR,ERR,ERR,ERR,ERR,ERR,ERR,ERR,ERR,ERR,ERR,ERR,ERR,ERR,ERR,ERR,ERR,ERR,ERR,ERR,ERR,ERR,ERR,ERR,ERR,ERR,ERR,ERR,ERR,ERR,ERR,ERR,ERR,ERR,ERR,ERR,ERR,ERR,ERR,ERR,ERR,ERR,ERR,ERR,ERR,ERR,ERR,ERR,ERR,ERR,ERR,ERR,ERR,ERR,ERR,ERR,ERR,ERR,ERR,ERR,ERR,ERR,ERR,ERR,ERR,ERR,ERR,ERR,ERR,ERR,ERR,ERR,ERR,ERR,ERR,ERR,ERR,ERR,ERR,ERR,ERR,ERR,ERR,ERR,ERR,ERR,ERR,ERR,ERR,ERR,ERR,ERR,ERR,ERR,ERR,ERR,ERR,ERR,ERR,ERR,ERR,ERR,ERR,ERR,ERR,ERR,ERR,ERR,ERR,ERR,ERR,ERR,ERR,ERR,ERR,ERR,ERR,ERR,ERR,ERR,0.0,-0.0,-0.0,0.0,0.0,1.3936040501711995e+18,7.805,0.0,0,0,4,0,7300,-0.0,0,0.0,0.0,0.0,0.0,0.0,0,0,0,0,0.0,0,0,0,0,0,0,0,0,0,0,0,0,0,0,0,0,0,0,0,0,0,0,0,0,0,0,0,0,0,0,0,0,0,32,30,30,62,65476,0,300,0,0,8,21553,0.0,-107605600.0,0.0,0.0,0.0,0.0,0.0,0.0,0.0,0.0,0.0,0.0,0.0,0.0,0.0,0.0,0.0,0.0,0.0,0.0,0.0,0.0,2.004,-2.004,2.004,2.004,0.0,0.0,0.0,0.0,5556.0,-0.0,6931.0,0.0,-0.0,-0.0,0.0,0.0,0.0,0.0,0.0,63,0.0,0.0,0.0,0.0,0.0,0.0,0.0,0.0,0.0,0,0,0,0.0,0.0,0.0,0.0,0.0,0.0,0.0,0.0,0.0,0.0,0.0,0.0,0.0,0.0,0.0,0.0,0,-107875648.0,63,0.0,126,2.7184242562605685e+23,2.842318642297501e+23,ERR,ERR,ERR,ERR,ERR,ERR,ERR,ERR,ERR,ERR,ERR,ERR,ERR,ERR,ERR,ERR,ERR,ERR,ERR,ERR,ERR,ERR,ERR,ERR,ERR,ERR,ERR,ERR,ERR,ERR,ERR,ERR,ERR,ERR,ERR,ERR,ERR,ERR,ERR,ERR,ERR,ERR,ERR,ERR,ERR,ERR,ERR,ERR,ERR,ERR,ERR,ERR,ERR,ERR,ERR,ERR,ERR,ERR,ERR,ERR,ERR,ERR,ERR,ERR,ERR,ERR,ERR,34.0,80.0,35,0.0,0.0,0.0,0.0,0.0,0.0,0.0,0.0,0.0,0.0,0.0,0.0,0.0,0.0,0.0,0.0,64.4,0,116,56,49,65476,0,300,0,0,8,20529,65476,0,0,57672,80.0,0.0,0.0,0.0,0.0,0.0
2026-06-17T04:48:44,ERR,ERR,ERR,ERR,ERR,ERR,ERR,ERR,ERR,ERR,ERR,ERR,ERR,ERR,ERR,ERR,ERR,ERR,ERR,ERR,ERR,ERR,ERR,ERR,ERR,ERR,ERR,ERR,ERR,ERR,ERR,ERR,ERR,ERR,ERR,ERR,ERR,ERR,ERR,ERR,ERR,ERR,ERR,ERR,ERR,ERR,ERR,ERR,ERR,ERR,ERR,ERR,ERR,ERR,ERR,ERR,ERR,ERR,ERR,ERR,ERR,ERR,ERR,ERR,ERR,ERR,ERR,ERR,ERR,ERR,ERR,ERR,ERR,ERR,ERR,ERR,ERR,ERR,ERR,ERR,ERR,ERR,ERR,ERR,ERR,ERR,ERR,ERR,ERR,ERR,ERR,ERR,ERR,ERR,ERR,ERR,ERR,ERR,ERR,ERR,ERR,ERR,ERR,ERR,ERR,ERR,ERR,ERR,ERR,ERR,ERR,ERR,ERR,ERR,ERR,ERR,ERR,ERR,ERR,ERR,ERR,ERR,ERR,ERR,ERR,0.0,-0.0,-0.0,0.0,0.0,1.3936040501711995e+18,7.805,0.0,0,0,4,0,7300,-0.0,0,0.0,0.0,0.0,0.0,0.0,0,0,0,0,0.0,0,0,0,0,0,0,0,0,0,0,0,0,0,0,0,0,0,0,0,0,0,0,0,0,0,0,0,0,0,0,0,0,0,32,30,30,62,65476,0,300,0,0,8,21553,0.0,-107605600.0,0.0,0.0,0.0,0.0,0.0,0.0,0.0,0.0,0.0,0.0,0.0,0.0,0.0,0.0,0.0,0.0,0.0,0.0,0.0,0.0,2.004,-2.004,2.004,2.004,0.0,0.0,0.0,0.0,5556.0,-0.0,6931.0,0.0,-0.0,-0.0,0.0,0.0,0.0,0.0,0.0,63,0.0,0.0,0.0,0.0,0.0,0.0,0.0,0.0,0.0,0,0,0,0.0,0.0,0.0,0.0,0.0,0.0,0.0,0.0,0.0,0.0,0.0,0.0,0.0,0.0,0.0,0.0,0,-107875648.0,63,0.0,126,2.7184242562605685e+23,2.842318642297501e+23,ERR,ERR,ERR,ERR,ERR,ERR,ERR,ERR,ERR,ERR,ERR,ERR,ERR,ERR,ERR,ERR,ERR,ERR,ERR,ERR,ERR,ERR,ERR,ERR,ERR,ERR,ERR,ERR,ERR,ERR,ERR,ERR,ERR,ERR,ERR,ERR,ERR,ERR,ERR,ERR,ERR,ERR,ERR,ERR,ERR,ERR,ERR,ERR,ERR,ERR,ERR,ERR,ERR,ERR,ERR,ERR,ERR,ERR,ERR,ERR,ERR,ERR,ERR,ERR,ERR,ERR,ERR,34.0,80.0,35,0.0,0.0,0.0,0.0,0.0,0.0,0.0,0.0,0.0,0.0,0.0,0.0,0.0,0.0,0.0,0.0,64.4,0,116,56,49,65476,0,300,0,0,8,20529,65476,0,0,57672,80.0,0.0,0.0,0.0,0.0,0.0
2026-06-17T04:48:45,ERR,ERR,ERR,ERR,ERR,ERR,ERR,ERR,ERR,ERR,ERR,ERR,ERR,ERR,ERR,ERR,ERR,ERR,ERR,ERR,ERR,ERR,ERR,ERR,ERR,ERR,ERR,ERR,ERR,ERR,ERR,ERR,ERR,ERR,ERR,ERR,ERR,ERR,ERR,ERR,ERR,ERR,ERR,ERR,ERR,ERR,ERR,ERR,ERR,ERR,ERR,ERR,ERR,ERR,ERR,ERR,ERR,ERR,ERR,ERR,ERR,ERR,ERR,ERR,ERR,ERR,ERR,ERR,ERR,ERR,ERR,ERR,ERR,ERR,ERR,ERR,ERR,ERR,ERR,ERR,ERR,ERR,ERR,ERR,ERR,ERR,ERR,ERR,ERR,ERR,ERR,ERR,ERR,ERR,ERR,ERR,ERR,ERR,ERR,ERR,ERR,ERR,ERR,ERR,ERR,ERR,ERR,ERR,ERR,ERR,ERR,ERR,ERR,ERR,ERR,ERR,ERR,ERR,ERR,ERR,ERR,ERR,ERR,ERR,ERR,0.0,-0.0,-0.0,0.0,0.0,1.3936040501711995e+18,7.805,0.0,0,0,4,0,7300,-0.0,0,0.0,0.0,0.0,0.0,0.0,0,0,0,0,0.0,0,0,0,0,0,0,0,0,0,0,0,0,0,0,0,0,0,0,0,0,0,0,0,0,0,0,0,0,0,0,0,0,0,32,30,30,62,65476,0,300,0,0,8,21553,0.0,-107605600.0,0.0,0.0,0.0,0.0,0.0,0.0,0.0,0.0,0.0,0.0,0.0,0.0,0.0,0.0,0.0,0.0,0.0,0.0,0.0,0.0,2.004,-2.004,2.004,2.004,0.0,0.0,0.0,0.0,5556.0,-0.0,6931.0,0.0,-0.0,-0.0,0.0,0.0,0.0,0.0,0.0,63,0.0,0.0,0.0,0.0,0.0,0.0,0.0,0.0,0.0,0,0,0,0.0,0.0,0.0,0.0,0.0,0.0,0.0,0.0,0.0,0.0,0.0,0.0,0.0,0.0,0.0,0.0,0,-107875648.0,63,0.0,126,2.7184242562605685e+23,2.842318642297501e+23,ERR,ERR,ERR,ERR,ERR,ERR,ERR,ERR,ERR,ERR,ERR,ERR,ERR,ERR,ERR,ERR,ERR,ERR,ERR,ERR,ERR,ERR,ERR,ERR,ERR,ERR,ERR,ERR,ERR,ERR,ERR,ERR,ERR,ERR,ERR,ERR,ERR,ERR,ERR,ERR,ERR,ERR,ERR,ERR,ERR,ERR,ERR,ERR,ERR,ERR,ERR,ERR,ERR,ERR,ERR,ERR,ERR,ERR,ERR,ERR,ERR,ERR,ERR,ERR,ERR,ERR,ERR,34.0,80.0,35,0.0,0.0,0.0,0.0,0.0,0.0,0.0,0.0,0.0,0.0,0.0,0.0,0.0,0.0,0.0,0.0,64.8,0,116,56,49,65476,0,300,0,0,8,20529,65476,0,0,57672,80.0,0.0,0.0,0.0,0.0,0.0
2026-06-17T04:48:46,ERR,ERR,ERR,ERR,ERR,ERR,ERR,ERR,ERR,ERR,ERR,ERR,ERR,ERR,ERR,ERR,ERR,ERR,ERR,ERR,ERR,ERR,ERR,ERR,ERR,ERR,ERR,ERR,ERR,ERR,ERR,ERR,ERR,ERR,ERR,ERR,ERR,ERR,ERR,ERR,ERR,ERR,ERR,ERR,ERR,ERR,ERR,ERR,ERR,ERR,ERR,ERR,ERR,ERR,ERR,ERR,ERR,ERR,ERR,ERR,ERR,ERR,ERR,ERR,ERR,ERR,ERR,ERR,ERR,ERR,ERR,ERR,ERR,ERR,ERR,ERR,ERR,ERR,ERR,ERR,ERR,ERR,ERR,ERR,ERR,ERR,ERR,ERR,ERR,ERR,ERR,ERR,ERR,ERR,ERR,ERR,ERR,ERR,ERR,ERR,ERR,ERR,ERR,ERR,ERR,ERR,ERR,ERR,ERR,ERR,ERR,ERR,ERR,ERR,ERR,ERR,ERR,ERR,ERR,ERR,ERR,ERR,ERR,ERR,ERR,0.0,-0.0,-0.0,0.0,0.0,1.3936040501711995e+18,7.805,0.0,0,0,4,0,7300,-0.0,0,0.0,0.0,0.0,0.0,0.0,0,0,0,0,0.0,0,0,0,0,0,0,0,0,0,0,0,0,0,0,0,0,0,0,0,0,0,0,0,0,0,0,0,0,0,0,0,0,0,32,30,30,62,65476,0,300,0,0,8,21553,0.0,-107605600.0,0.0,0.0,0.0,0.0,0.0,0.0,0.0,0.0,0.0,0.0,0.0,0.0,0.0,0.0,0.0,0.0,0.0,0.0,0.0,0.0,2.004,-2.004,2.004,2.004,0.0,0.0,0.0,0.0,5556.0,-0.0,6931.0,0.0,-0.0,-0.0,0.0,0.0,0.0,0.0,0.0,63,0.0,0.0,0.0,0.0,0.0,0.0,0.0,0.0,0.0,0,0,0,0.0,0.0,0.0,0.0,0.0,0.0,0.0,0.0,0.0,0.0,0.0,0.0,0.0,0.0,0.0,0.0,0,-107875648.0,63,0.0,126,2.7184242562605685e+23,2.842318642297501e+23,ERR,ERR,ERR,ERR,ERR,ERR,ERR,ERR,ERR,ERR,ERR,ERR,ERR,ERR,ERR,ERR,ERR,ERR,ERR,ERR,ERR,ERR,ERR,ERR,ERR,ERR,ERR,ERR,ERR,ERR,ERR,ERR,ERR,ERR,ERR,ERR,ERR,ERR,ERR,ERR,ERR,ERR,ERR,ERR,ERR,ERR,ERR,ERR,ERR,ERR,ERR,ERR,ERR,ERR,ERR,ERR,ERR,ERR,ERR,ERR,ERR,ERR,ERR,ERR,ERR,ERR,ERR,34.0,80.0,35,0.0,0.0,0.0,0.0,0.0,0.0,0.0,0.0,0.0,0.0,0.0,0.0,0.0,0.0,0.0,0.0,64.8,0,116,56,49,65476,0,300,0,0,8,20529,65476,0,0,57672,80.0,0.0,0.0,0.0,0.0,0.0
2026-06-17T04:48:47,ERR,ERR,ERR,ERR,ERR,ERR,ERR,ERR,ERR,ERR,ERR,ERR,ERR,ERR,ERR,ERR,ERR,ERR,ERR,ERR,ERR,ERR,ERR,ERR,ERR,ERR,ERR,ERR,ERR,ERR,ERR,ERR,ERR,ERR,ERR,ERR,ERR,ERR,ERR,ERR,ERR,ERR,ERR,ERR,ERR,ERR,ERR,ERR,ERR,ERR,ERR,ERR,ERR,ERR,ERR,ERR,ERR,ERR,ERR,ERR,ERR,ERR,ERR,ERR,ERR,ERR,ERR,ERR,ERR,ERR,ERR,ERR,ERR,ERR,ERR,ERR,ERR,ERR,ERR,ERR,ERR,ERR,ERR,ERR,ERR,ERR,ERR,ERR,ERR,ERR,ERR,ERR,ERR,ERR,ERR,ERR,ERR,ERR,ERR,ERR,ERR,ERR,ERR,ERR,ERR,ERR,ERR,ERR,ERR,ERR,ERR,ERR,ERR,ERR,ERR,ERR,ERR,ERR,ERR,ERR,ERR,ERR,ERR,ERR,ERR,0.0,-0.0,-0.0,0.0,0.0,1.3936040501711995e+18,7.805,0.0,0,0,4,0,7300,-0.0,0,0.0,0.0,0.0,0.0,0.0,0,0,0,0,0.0,0,0,0,0,0,0,0,0,0,0,0,0,0,0,0,0,0,0,0,0,0,0,0,0,0,0,0,0,0,0,0,0,0,32,30,30,62,65476,0,300,0,0,8,21553,0.0,-107605600.0,0.0,0.0,0.0,0.0,0.0,0.0,0.0,0.0,0.0,0.0,0.0,0.0,0.0,0.0,0.0,0.0,0.0,0.0,0.0,0.0,2.004,-2.004,2.004,2.004,0.0,0.0,0.0,0.0,5556.0,-0.0,6931.0,0.0,-0.0,-0.0,0.0,0.0,0.0,0.0,0.0,63,0.0,0.0,0.0,0.0,0.0,0.0,0.0,0.0,0.0,0,0,0,0.0,0.0,0.0,0.0,0.0,0.0,0.0,0.0,0.0,0.0,0.0,0.0,0.0,0.0,0.0,0.0,0,-107875648.0,63,0.0,126,2.7184242562605685e+23,2.842318642297501e+23,ERR,ERR,ERR,ERR,ERR,ERR,ERR,ERR,ERR,ERR,ERR,ERR,ERR,ERR,ERR,ERR,ERR,ERR,ERR,ERR,ERR,ERR,ERR,ERR,ERR,ERR,ERR,ERR,ERR,ERR,ERR,ERR,ERR,ERR,ERR,ERR,ERR,ERR,ERR,ERR,ERR,ERR,ERR,ERR,ERR,ERR,ERR,ERR,ERR,ERR,ERR,ERR,ERR,ERR,ERR,ERR,ERR,ERR,ERR,ERR,ERR,ERR,ERR,ERR,ERR,ERR,ERR,34.0,80.0,35,0.0,0.0,0.0,0.0,0.0,0.0,0.0,0.0,0.0,0.0,0.0,0.0,0.0,0.0,0.0,0.0,64.8,0,116,56,49,65476,0,300,0,0,8,20529,65476,0,0,57672,80.0,0.0,0.0,0.0,0.0,0.0
2026-06-17T04:48:48,ERR,ERR,ERR,ERR,ERR,ERR,ERR,ERR,ERR,ERR,ERR,ERR,ERR,ERR,ERR,ERR,ERR,ERR,ERR,ERR,ERR,ERR,ERR,ERR,ERR,ERR,ERR,ERR,ERR,ERR,ERR,ERR,ERR,ERR,ERR,ERR,ERR,ERR,ERR,ERR,ERR,ERR,ERR,ERR,ERR,ERR,ERR,ERR,ERR,ERR,ERR,ERR,ERR,ERR,ERR,ERR,ERR,ERR,ERR,ERR,ERR,ERR,ERR,ERR,ERR,ERR,ERR,ERR,ERR,ERR,ERR,ERR,ERR,ERR,ERR,ERR,ERR,ERR,ERR,ERR,ERR,ERR,ERR,ERR,ERR,ERR,ERR,ERR,ERR,ERR,ERR,ERR,ERR,ERR,ERR,ERR,ERR,ERR,ERR,ERR,ERR,ERR,ERR,ERR,ERR,ERR,ERR,ERR,ERR,ERR,ERR,ERR,ERR,ERR,ERR,ERR,ERR,ERR,ERR,ERR,ERR,ERR,ERR,ERR,ERR,0.0,-0.0,3.028208139652935e+23,0.0,0.0,1.3936040501711995e+18,7.805,0.0,0,0,4,0,7300,-0.0,0,0.0,0.0,0.0,0.0,0.0,0,0,0,0,0.0,0,0,0,0,0,0,0,0,0,0,0,0,0,0,0,0,0,0,0,0,0,0,0,0,0,0,0,0,0,0,0,0,0,32,30,30,62,65476,0,300,0,0,8,21553,0.0,-107605600.0,0.0,0.0,0.0,0.0,0.0,0.0,0.0,0.0,0.0,0.0,0.0,0.0,0.0,0.0,0.0,0.0,0.0,0.0,0.0,0.0,2.004,-2.004,2.004,2.004,0.0,0.0,0.0,0.0,5556.0,1.0406674853550389e+34,6927.0,0.0,-0.0,-0.0,0.0,0.0,0.0,0.0,0.0,63,0.0,0.0,0.0,0.0,0.0,0.0,0.0,0.0,0.0,0,0,0,0.0,0.0,0.0,0.0,0.0,0.0,0.0,0.0,0.0,0.0,0.0,0.0,0.0,0.0,0.0,0.0,0,-107875648.0,63,0.0,126,2.7184242562605685e+23,2.842318642297501e+23,ERR,ERR,ERR,ERR,ERR,ERR,ERR,ERR,ERR,ERR,ERR,ERR,ERR,ERR,ERR,ERR,ERR,ERR,ERR,ERR,ERR,ERR,ERR,ERR,ERR,ERR,ERR,ERR,ERR,ERR,ERR,ERR,ERR,ERR,ERR,ERR,ERR,ERR,ERR,ERR,ERR,ERR,ERR,ERR,ERR,ERR,ERR,ERR,ERR,ERR,ERR,ERR,ERR,ERR,ERR,ERR,ERR,ERR,ERR,ERR,ERR,ERR,ERR,ERR,ERR,ERR,ERR,34.0,80.0,35,0.0,0.0,0.0,0.0,0.0,0.0,0.0,0.0,0.0,0.0,0.0,0.0,0.0,0.0,0.0,0.0,64.4,0,116,56,49,65476,0,300,0,0,8,20529,65476,0,0,57672,80.0,0.0,0.0,0.0,0.0,0.0
2026-06-17T04:48:49,ERR,ERR,ERR,ERR,ERR,ERR,ERR,ERR,ERR,ERR,ERR,ERR,ERR,ERR,ERR,ERR,ERR,ERR,ERR,ERR,ERR,ERR,ERR,ERR,ERR,ERR,ERR,ERR,ERR,ERR,ERR,ERR,ERR,ERR,ERR,ERR,ERR,ERR,ERR,ERR,ERR,ERR,ERR,ERR,ERR,ERR,ERR,ERR,ERR,ERR,ERR,ERR,ERR,ERR,ERR,ERR,ERR,ERR,ERR,ERR,ERR,ERR,ERR,ERR,ERR,ERR,ERR,ERR,ERR,ERR,ERR,ERR,ERR,ERR,ERR,ERR,ERR,ERR,ERR,ERR,ERR,ERR,ERR,ERR,ERR,ERR,ERR,ERR,ERR,ERR,ERR,ERR,ERR,ERR,ERR,ERR,ERR,ERR,ERR,ERR,ERR,ERR,ERR,ERR,ERR,ERR,ERR,ERR,ERR,ERR,ERR,ERR,ERR,ERR,ERR,ERR,ERR,ERR,ERR,ERR,ERR,ERR,ERR,ERR,ERR,0.0,-0.0,3.028208139652935e+23,0.0,0.0,1.3936040501711995e+18,7.805,0.0,0,0,4,0,7300,-0.0,0,0.0,0.0,0.0,0.0,0.0,0,0,0,0,0.0,0,0,0,0,0,0,0,0,0,0,0,0,0,0,0,0,0,0,0,0,0,0,0,0,0,0,0,0,0,0,0,0,0,32,30,30,62,65476,0,300,0,0,8,21553,0.0,-107605600.0,0.0,0.0,0.0,0.0,0.0,0.0,0.0,0.0,0.0,0.0,0.0,0.0,0.0,0.0,0.0,0.0,0.0,0.0,0.0,0.0,2.004,-2.004,2.004,2.004,0.0,0.0,0.0,0.0,5556.0,1.0406674853550389e+34,6927.0,0.0,-0.0,-0.0,0.0,0.0,0.0,0.0,0.0,63,0.0,0.0,0.0,0.0,0.0,0.0,0.0,0.0,0.0,0,0,0,0.0,0.0,0.0,0.0,0.0,0.0,0.0,0.0,0.0,0.0,0.0,0.0,0.0,0.0,0.0,0.0,0,-107875648.0,63,0.0,126,2.7184242562605685e+23,2.842318642297501e+23,ERR,ERR,ERR,ERR,ERR,ERR,ERR,ERR,ERR,ERR,ERR,ERR,ERR,ERR,ERR,ERR,ERR,ERR,ERR,ERR,ERR,ERR,ERR,ERR,ERR,ERR,ERR,ERR,ERR,ERR,ERR,ERR,ERR,ERR,ERR,ERR,ERR,ERR,ERR,ERR,ERR,ERR,ERR,ERR,ERR,ERR,ERR,ERR,ERR,ERR,ERR,ERR,ERR,ERR,ERR,ERR,ERR,ERR,ERR,ERR,ERR,ERR,ERR,ERR,ERR,ERR,ERR,34.0,80.0,35,0.0,0.0,0.0,0.0,0.0,0.0,0.0,0.0,0.0,0.0,0.0,0.0,0.0,0.0,0.0,0.0,64.4,0,116,56,49,65476,0,300,0,0,8,20529,65476,0,0,57672,80.0,0.0,0.0,0.0,0.0,0.0
2026-06-17T04:48:50,ERR,ERR,ERR,ERR,ERR,ERR,ERR,ERR,ERR,ERR,ERR,ERR,ERR,ERR,ERR,ERR,ERR,ERR,ERR,ERR,ERR,ERR,ERR,ERR,ERR,ERR,ERR,ERR,ERR,ERR,ERR,ERR,ERR,ERR,ERR,ERR,ERR,ERR,ERR,ERR,ERR,ERR,ERR,ERR,ERR,ERR,ERR,ERR,ERR,ERR,ERR,ERR,ERR,ERR,ERR,ERR,ERR,ERR,ERR,ERR,ERR,ERR,ERR,ERR,ERR,ERR,ERR,ERR,ERR,ERR,ERR,ERR,ERR,ERR,ERR,ERR,ERR,ERR,ERR,ERR,ERR,ERR,ERR,ERR,ERR,ERR,ERR,ERR,ERR,ERR,ERR,ERR,ERR,ERR,ERR,ERR,ERR,ERR,ERR,ERR,ERR,ERR,ERR,ERR,ERR,ERR,ERR,ERR,ERR,ERR,ERR,ERR,ERR,ERR,ERR,ERR,ERR,ERR,ERR,ERR,ERR,ERR,ERR,ERR,ERR,0.0,-0.0,3.028208139652935e+23,0.0,0.0,1.3936040501711995e+18,7.805,0.0,0,0,4,0,7300,-0.0,0,0.0,0.0,0.0,0.0,0.0,0,0,0,0,0.0,0,0,0,0,0,0,0,0,0,0,0,0,0,0,0,0,0,0,0,0,0,0,0,0,0,0,0,0,0,0,0,0,0,32,30,30,62,65476,0,300,0,0,8,21553,0.0,-107605600.0,0.0,0.0,0.0,0.0,0.0,0.0,0.0,0.0,0.0,0.0,0.0,0.0,0.0,0.0,0.0,0.0,0.0,0.0,0.0,0.0,2.004,-2.004,2.004,2.004,0.0,0.0,0.0,0.0,5556.0,1.0406674853550389e+34,6927.0,0.0,-0.0,-0.0,0.0,0.0,0.0,0.0,0.0,63,0.0,0.0,0.0,0.0,0.0,0.0,0.0,0.0,0.0,0,0,0,0.0,0.0,0.0,0.0,0.0,0.0,0.0,0.0,0.0,0.0,0.0,0.0,0.0,0.0,0.0,0.0,0,-107875648.0,63,0.0,126,2.7184242562605685e+23,2.842318642297501e+23,ERR,ERR,ERR,ERR,ERR,ERR,ERR,ERR,ERR,ERR,ERR,ERR,ERR,ERR,ERR,ERR,ERR,ERR,ERR,ERR,ERR,ERR,ERR,ERR,ERR,ERR,ERR,ERR,ERR,ERR,ERR,ERR,ERR,ERR,ERR,ERR,ERR,ERR,ERR,ERR,ERR,ERR,ERR,ERR,ERR,ERR,ERR,ERR,ERR,ERR,ERR,ERR,ERR,ERR,ERR,ERR,ERR,ERR,ERR,ERR,ERR,ERR,ERR,ERR,ERR,ERR,ERR,34.0,80.0,35,0.0,0.0,0.0,0.0,0.0,0.0,0.0,0.0,0.0,0.0,0.0,0.0,0.0,0.0,0.0,0.0,64.4,0,116,56,49,65476,0,300,0,0,8,20529,65476,0,0,57672,80.0,0.0,0.0,0.0,0.0,0.0
2026-06-17T04:48:51,ERR,ERR,ERR,ERR,ERR,ERR,ERR,ERR,ERR,ERR,ERR,ERR,ERR,ERR,ERR,ERR,ERR,ERR,ERR,ERR,ERR,ERR,ERR,ERR,ERR,ERR,ERR,ERR,ERR,ERR,ERR,ERR,ERR,ERR,ERR,ERR,ERR,ERR,ERR,ERR,ERR,ERR,ERR,ERR,ERR,ERR,ERR,ERR,ERR,ERR,ERR,ERR,ERR,ERR,ERR,ERR,ERR,ERR,ERR,ERR,ERR,ERR,ERR,ERR,ERR,ERR,ERR,ERR,ERR,ERR,ERR,ERR,ERR,ERR,ERR,ERR,ERR,ERR,ERR,ERR,ERR,ERR,ERR,ERR,ERR,ERR,ERR,ERR,ERR,ERR,ERR,ERR,ERR,ERR,ERR,ERR,ERR,ERR,ERR,ERR,ERR,ERR,ERR,ERR,ERR,ERR,ERR,ERR,ERR,ERR,ERR,ERR,ERR,ERR,ERR,ERR,ERR,ERR,ERR,ERR,ERR,ERR,ERR,ERR,ERR,0.0,-0.0,3.028208139652935e+23,0.0,0.0,1.3936040501711995e+18,7.805,0.0,0,0,4,0,7300,-0.0,0,0.0,0.0,0.0,0.0,0.0,0,0,0,0,0.0,0,0,0,0,0,0,0,0,0,0,0,0,0,0,0,0,0,0,0,0,0,0,0,0,0,0,0,0,0,0,0,0,0,32,30,30,62,65476,0,300,0,0,8,21553,0.0,-107605600.0,0.0,0.0,0.0,0.0,0.0,0.0,0.0,0.0,0.0,0.0,0.0,0.0,0.0,0.0,0.0,0.0,0.0,0.0,0.0,0.0,2.004,-2.004,2.004,2.004,0.0,0.0,0.0,0.0,5556.0,1.0406674853550389e+34,6927.0,0.0,-0.0,-0.0,0.0,0.0,0.0,0.0,0.0,63,0.0,0.0,0.0,0.0,0.0,0.0,0.0,0.0,0.0,0,0,0,0.0,0.0,0.0,0.0,0.0,0.0,0.0,0.0,0.0,0.0,0.0,0.0,0.0,0.0,0.0,0.0,0,-107875648.0,63,0.0,126,2.7184242562605685e+23,2.842318642297501e+23,ERR,ERR,ERR,ERR,ERR,ERR,ERR,ERR,ERR,ERR,ERR,ERR,ERR,ERR,ERR,ERR,ERR,ERR,ERR,ERR,ERR,ERR,ERR,ERR,ERR,ERR,ERR,ERR,ERR,ERR,ERR,ERR,ERR,ERR,ERR,ERR,ERR,ERR,ERR,ERR,ERR,ERR,ERR,ERR,ERR,ERR,ERR,ERR,ERR,ERR,ERR,ERR,ERR,ERR,ERR,ERR,ERR,ERR,ERR,ERR,ERR,ERR,ERR,ERR,ERR,ERR,ERR,34.0,80.0,35,0.0,0.0,0.0,0.0,0.0,0.0,0.0,0.0,0.0,0.0,0.0,0.0,0.0,0.0,0.0,0.0,64.4,0,116,56,49,65476,0,300,0,0,8,20529,65476,0,0,57672,80.0,0.0,0.0,0.0,0.0,0.0
2026-06-17T04:48:52,ERR,ERR,ERR,ERR,ERR,ERR,ERR,ERR,ERR,ERR,ERR,ERR,ERR,ERR,ERR,ERR,ERR,ERR,ERR,ERR,ERR,ERR,ERR,ERR,ERR,ERR,ERR,ERR,ERR,ERR,ERR,ERR,ERR,ERR,ERR,ERR,ERR,ERR,ERR,ERR,ERR,ERR,ERR,ERR,ERR,ERR,ERR,ERR,ERR,ERR,ERR,ERR,ERR,ERR,ERR,ERR,ERR,ERR,ERR,ERR,ERR,ERR,ERR,ERR,ERR,ERR,ERR,ERR,ERR,ERR,ERR,ERR,ERR,ERR,ERR,ERR,ERR,ERR,ERR,ERR,ERR,ERR,ERR,ERR,ERR,ERR,ERR,ERR,ERR,ERR,ERR,ERR,ERR,ERR,ERR,ERR,ERR,ERR,ERR,ERR,ERR,ERR,ERR,ERR,ERR,ERR,ERR,ERR,ERR,ERR,ERR,ERR,ERR,ERR,ERR,ERR,ERR,ERR,ERR,ERR,ERR,ERR,ERR,ERR,ERR,0.0,-0.0,3.028208139652935e+23,0.0,0.0,1.3936040501711995e+18,7.805,0.0,0,0,4,0,7300,-0.0,0,0.0,0.0,0.0,0.0,0.0,0,0,0,0,0.0,0,0,0,0,0,0,0,0,0,0,0,0,0,0,0,0,0,0,0,0,0,0,0,0,0,0,0,0,0,0,0,0,0,32,30,30,62,65476,0,300,0,0,8,21553,0.0,-107605600.0,0.0,0.0,0.0,0.0,0.0,0.0,0.0,0.0,0.0,0.0,0.0,0.0,0.0,0.0,0.0,0.0,0.0,0.0,0.0,0.0,2.004,-2.004,2.004,2.004,0.0,0.0,0.0,0.0,5556.0,1.0406674853550389e+34,6927.0,0.0,-0.0,-0.0,0.0,0.0,0.0,0.0,0.0,63,0.0,0.0,0.0,0.0,0.0,0.0,0.0,0.0,0.0,0,0,0,0.0,0.0,0.0,0.0,0.0,0.0,0.0,0.0,0.0,0.0,0.0,0.0,0.0,0.0,0.0,0.0,0,-107875648.0,63,0.0,126,2.7184242562605685e+23,2.842318642297501e+23,ERR,ERR,ERR,ERR,ERR,ERR,ERR,ERR,ERR,ERR,ERR,ERR,ERR,ERR,ERR,ERR,ERR,ERR,ERR,ERR,ERR,ERR,ERR,ERR,ERR,ERR,ERR,ERR,ERR,ERR,ERR,ERR,ERR,ERR,ERR,ERR,ERR,ERR,ERR,ERR,ERR,ERR,ERR,ERR,ERR,ERR,ERR,ERR,ERR,ERR,ERR,ERR,ERR,ERR,ERR,ERR,ERR,ERR,ERR,ERR,ERR,ERR,ERR,ERR,ERR,ERR,ERR,34.0,80.0,35,0.0,0.0,0.0,0.0,0.0,0.0,0.0,0.0,0.0,0.0,0.0,0.0,0.0,0.0,0.0,0.0,64.4,0,116,56,49,65476,0,300,0,0,8,20529,65476,0,0,57672,80.0,0.0,0.0,0.0,0.0,0.0
2026-06-17T04:48:53,ERR,ERR,ERR,ERR,ERR,ERR,ERR,ERR,ERR,ERR,ERR,ERR,ERR,ERR,ERR,ERR,ERR,ERR,ERR,ERR,ERR,ERR,ERR,ERR,ERR,ERR,ERR,ERR,ERR,ERR,ERR,ERR,ERR,ERR,ERR,ERR,ERR,ERR,ERR,ERR,ERR,ERR,ERR,ERR,ERR,ERR,ERR,ERR,ERR,ERR,ERR,ERR,ERR,ERR,ERR,ERR,ERR,ERR,ERR,ERR,ERR,ERR,ERR,ERR,ERR,ERR,ERR,ERR,ERR,ERR,ERR,ERR,ERR,ERR,ERR,ERR,ERR,ERR,ERR,ERR,ERR,ERR,ERR,ERR,ERR,ERR,ERR,ERR,ERR,ERR,ERR,ERR,ERR,ERR,ERR,ERR,ERR,ERR,ERR,ERR,ERR,ERR,ERR,ERR,ERR,ERR,ERR,ERR,ERR,ERR,ERR,ERR,ERR,ERR,ERR,ERR,ERR,ERR,ERR,ERR,ERR,ERR,ERR,ERR,ERR,0.0,-0.0,3.028208139652935e+23,0.0,0.0,1.3936040501711995e+18,7.805,0.0,0,0,4,0,7300,-0.0,0,0.0,0.0,0.0,0.0,0.0,0,0,0,0,0.0,0,0,0,0,0,0,0,0,0,0,0,0,0,0,0,0,0,0,0,0,0,0,0,0,0,0,0,0,0,0,0,0,0,32,30,30,62,65476,0,300,0,0,8,21553,0.0,-107605600.0,0.0,0.0,0.0,0.0,0.0,0.0,0.0,0.0,0.0,0.0,0.0,0.0,0.0,0.0,0.0,0.0,0.0,0.0,0.0,0.0,2.004,-2.004,2.004,2.004,0.0,0.0,0.0,0.0,5556.0,8608199680.0,6922.0,0.0,-0.0,-0.0,0.0,0.0,0.0,0.0,0.0,63,0.0,-152017632755712.0,0.0,0.0,0.0,0.0,0.0,0.0,0.0,0,0,0,0.0,0.0,0.0,0.0,0.0,0.0,0.0,0.0,0.0,0.0,0.0,0.0,0.0,0.0,0.0,0.0,0,-107875648.0,63,0.0,126,2.7184242562605685e+23,2.842318642297501e+23,ERR,ERR,ERR,ERR,ERR,ERR,ERR,ERR,ERR,ERR,ERR,ERR,ERR,ERR,ERR,ERR,ERR,ERR,ERR,ERR,ERR,ERR,ERR,ERR,ERR,ERR,ERR,ERR,ERR,ERR,ERR,ERR,ERR,ERR,ERR,ERR,ERR,ERR,ERR,ERR,ERR,ERR,ERR,ERR,ERR,ERR,ERR,ERR,ERR,ERR,ERR,ERR,ERR,ERR,ERR,ERR,ERR,ERR,ERR,ERR,ERR,ERR,ERR,ERR,ERR,ERR,ERR,34.0,80.0,35,0.0,0.0,0.0,0.0,0.0,0.0,0.0,0.0,0.0,0.0,0.0,0.0,0.0,0.0,0.0,0.0,64.4,0,116,56,49,65476,0,300,0,0,8,20529,65476,0,0,57672,80.0,0.0,0.0,0.0,0.0,0.0
2026-06-17T04:48:54,ERR,ERR,ERR,ERR,ERR,ERR,ERR,ERR,ERR,ERR,ERR,ERR,ERR,ERR,ERR,ERR,ERR,ERR,ERR,ERR,ERR,ERR,ERR,ERR,ERR,ERR,ERR,ERR,ERR,ERR,ERR,ERR,ERR,ERR,ERR,ERR,ERR,ERR,ERR,ERR,ERR,ERR,ERR,ERR,ERR,ERR,ERR,ERR,ERR,ERR,ERR,ERR,ERR,ERR,ERR,ERR,ERR,ERR,ERR,ERR,ERR,ERR,ERR,ERR,ERR,ERR,ERR,ERR,ERR,ERR,ERR,ERR,ERR,ERR,ERR,ERR,ERR,ERR,ERR,ERR,ERR,ERR,ERR,ERR,ERR,ERR,ERR,ERR,ERR,ERR,ERR,ERR,ERR,ERR,ERR,ERR,ERR,ERR,ERR,ERR,ERR,ERR,ERR,ERR,ERR,ERR,ERR,ERR,ERR,ERR,ERR,ERR,ERR,ERR,ERR,ERR,ERR,ERR,ERR,ERR,ERR,ERR,ERR,ERR,ERR,0.0,-0.0,3.028208139652935e+23,0.0,0.0,1.3936040501711995e+18,7.805,0.0,0,0,4,0,7300,-0.0,0,0.0,0.0,0.0,0.0,0.0,0,0,0,0,0.0,0,0,0,0,0,0,0,0,0,0,0,0,0,0,0,0,0,0,0,0,0,0,0,0,0,0,0,0,0,0,0,0,0,32,30,30,62,65476,0,300,0,0,8,21553,0.0,-107605600.0,0.0,0.0,0.0,0.0,0.0,0.0,0.0,0.0,0.0,0.0,0.0,0.0,0.0,0.0,0.0,0.0,0.0,0.0,0.0,0.0,2.004,-2.004,2.004,2.004,0.0,0.0,0.0,0.0,5556.0,8608199680.0,6922.0,0.0,-0.0,-0.0,0.0,0.0,0.0,0.0,0.0,63,0.0,-152017632755712.0,0.0,0.0,0.0,0.0,0.0,0.0,0.0,0,0,0,0.0,0.0,0.0,0.0,0.0,0.0,0.0,0.0,0.0,0.0,0.0,0.0,0.0,0.0,0.0,0.0,0,-107875648.0,63,0.0,126,2.7184242562605685e+23,2.842318642297501e+23,ERR,ERR,ERR,ERR,ERR,ERR,ERR,ERR,ERR,ERR,ERR,ERR,ERR,ERR,ERR,ERR,ERR,ERR,ERR,ERR,ERR,ERR,ERR,ERR,ERR,ERR,ERR,ERR,ERR,ERR,ERR,ERR,ERR,ERR,ERR,ERR,ERR,ERR,ERR,ERR,ERR,ERR,ERR,ERR,ERR,ERR,ERR,ERR,ERR,ERR,ERR,ERR,ERR,ERR,ERR,ERR,ERR,ERR,ERR,ERR,ERR,ERR,ERR,ERR,ERR,ERR,ERR,34.0,80.0,35,0.0,0.0,0.0,0.0,0.0,0.0,0.0,0.0,0.0,0.0,0.0,0.0,0.0,0.0,0.0,0.0,64.4,0,116,56,49,65476,0,300,0,0,8,20529,65476,0,0,57672,80.0,0.0,0.0,0.0,0.0,0.0
2026-06-17T04:48:55,ERR,ERR,ERR,ERR,ERR,ERR,ERR,ERR,ERR,ERR,ERR,ERR,ERR,ERR,ERR,ERR,ERR,ERR,ERR,ERR,ERR,ERR,ERR,ERR,ERR,ERR,ERR,ERR,ERR,ERR,ERR,ERR,ERR,ERR,ERR,ERR,ERR,ERR,ERR,ERR,ERR,ERR,ERR,ERR,ERR,ERR,ERR,ERR,ERR,ERR,ERR,ERR,ERR,ERR,ERR,ERR,ERR,ERR,ERR,ERR,ERR,ERR,ERR,ERR,ERR,ERR,ERR,ERR,ERR,ERR,ERR,ERR,ERR,ERR,ERR,ERR,ERR,ERR,ERR,ERR,ERR,ERR,ERR,ERR,ERR,ERR,ERR,ERR,ERR,ERR,ERR,ERR,ERR,ERR,ERR,ERR,ERR,ERR,ERR,ERR,ERR,ERR,ERR,ERR,ERR,ERR,ERR,ERR,ERR,ERR,ERR,ERR,ERR,ERR,ERR,ERR,ERR,ERR,ERR,ERR,ERR,ERR,ERR,ERR,ERR,0.0,-0.0,3.028208139652935e+23,0.0,0.0,1.3936040501711995e+18,7.805,0.0,0,0,4,0,7300,-0.0,0,0.0,0.0,0.0,0.0,0.0,0,0,0,0,0.0,0,0,0,0,0,0,0,0,0,0,0,0,0,0,0,0,0,0,0,0,0,0,0,0,0,0,0,0,0,0,0,0,0,32,30,30,62,65476,0,300,0,0,8,21553,0.0,-107605600.0,0.0,0.0,0.0,0.0,0.0,0.0,0.0,0.0,0.0,0.0,0.0,0.0,0.0,0.0,0.0,0.0,0.0,0.0,0.0,0.0,2.004,-2.004,2.004,2.004,0.0,0.0,0.0,0.0,5556.0,8608199680.0,6922.0,0.0,-0.0,-0.0,0.0,0.0,0.0,0.0,0.0,63,0.0,-152017632755712.0,0.0,0.0,0.0,0.0,0.0,0.0,0.0,0,0,0,0.0,0.0,0.0,0.0,0.0,0.0,0.0,0.0,0.0,0.0,0.0,0.0,0.0,0.0,0.0,0.0,0,-107875648.0,63,0.0,126,2.7184242562605685e+23,2.842318642297501e+23,ERR,ERR,ERR,ERR,ERR,ERR,ERR,ERR,ERR,ERR,ERR,ERR,ERR,ERR,ERR,ERR,ERR,ERR,ERR,ERR,ERR,ERR,ERR,ERR,ERR,ERR,ERR,ERR,ERR,ERR,ERR,ERR,ERR,ERR,ERR,ERR,ERR,ERR,ERR,ERR,ERR,ERR,ERR,ERR,ERR,ERR,ERR,ERR,ERR,ERR,ERR,ERR,ERR,ERR,ERR,ERR,ERR,ERR,ERR,ERR,ERR,ERR,ERR,ERR,ERR,ERR,ERR,34.0,80.0,35,0.0,0.0,0.0,0.0,0.0,0.0,0.0,0.0,0.0,0.0,0.0,0.0,0.0,0.0,0.0,0.0,64.4,0,116,56,49,65476,0,300,0,0,8,20529,65476,0,0,57672,80.0,0.0,0.0,0.0,0.0,0.0
2026-06-17T04:48:56,ERR,ERR,ERR,ERR,ERR,ERR,ERR,ERR,ERR,ERR,ERR,ERR,ERR,ERR,ERR,ERR,ERR,ERR,ERR,ERR,ERR,ERR,ERR,ERR,ERR,ERR,ERR,ERR,ERR,ERR,ERR,ERR,ERR,ERR,ERR,ERR,ERR,ERR,ERR,ERR,ERR,ERR,ERR,ERR,ERR,ERR,ERR,ERR,ERR,ERR,ERR,ERR,ERR,ERR,ERR,ERR,ERR,ERR,ERR,ERR,ERR,ERR,ERR,ERR,ERR,ERR,ERR,ERR,ERR,ERR,ERR,ERR,ERR,ERR,ERR,ERR,ERR,ERR,ERR,ERR,ERR,ERR,ERR,ERR,ERR,ERR,ERR,ERR,ERR,ERR,ERR,ERR,ERR,ERR,ERR,ERR,ERR,ERR,ERR,ERR,ERR,ERR,ERR,ERR,ERR,ERR,ERR,ERR,ERR,ERR,ERR,ERR,ERR,ERR,ERR,ERR,ERR,ERR,ERR,ERR,ERR,ERR,ERR,ERR,ERR,0.0,-0.0,3.028208139652935e+23,0.0,0.0,1.3936040501711995e+18,7.805,0.0,0,0,4,0,7300,-0.0,0,0.0,0.0,0.0,0.0,0.0,0,0,0,0,0.0,0,0,0,0,0,0,0,0,0,0,0,0,0,0,0,0,0,0,0,0,0,0,0,0,0,0,0,0,0,0,0,0,0,32,30,30,62,65476,0,300,0,0,8,21553,0.0,-107605600.0,0.0,0.0,0.0,0.0,0.0,0.0,0.0,0.0,0.0,0.0,0.0,0.0,0.0,0.0,0.0,0.0,0.0,0.0,0.0,0.0,2.004,-2.004,2.004,2.004,0.0,0.0,0.0,0.0,5556.0,8608199680.0,6922.0,0.0,-0.0,-0.0,0.0,0.0,0.0,0.0,0.0,63,0.0,-152017632755712.0,0.0,0.0,0.0,0.0,0.0,0.0,0.0,0,0,0,0.0,0.0,0.0,0.0,0.0,0.0,0.0,0.0,0.0,0.0,0.0,0.0,0.0,0.0,0.0,0.0,0,-107875648.0,63,0.0,126,2.7184242562605685e+23,2.842318642297501e+23,ERR,ERR,ERR,ERR,ERR,ERR,ERR,ERR,ERR,ERR,ERR,ERR,ERR,ERR,ERR,ERR,ERR,ERR,ERR,ERR,ERR,ERR,ERR,ERR,ERR,ERR,ERR,ERR,ERR,ERR,ERR,ERR,ERR,ERR,ERR,ERR,ERR,ERR,ERR,ERR,ERR,ERR,ERR,ERR,ERR,ERR,ERR,ERR,ERR,ERR,ERR,ERR,ERR,ERR,ERR,ERR,ERR,ERR,ERR,ERR,ERR,ERR,ERR,ERR,ERR,ERR,ERR,34.0,80.0,35,0.0,0.0,0.0,0.0,0.0,0.0,0.0,0.0,0.0,0.0,0.0,0.0,0.0,0.0,0.0,0.0,64.4,0,116,56,49,65476,0,300,0,0,8,20529,65476,0,0,57672,80.0,0.0,0.0,0.0,0.0,0.0
2026-06-17T04:48:57,ERR,ERR,ERR,ERR,ERR,ERR,ERR,ERR,ERR,ERR,ERR,ERR,ERR,ERR,ERR,ERR,ERR,ERR,ERR,ERR,ERR,ERR,ERR,ERR,ERR,ERR,ERR,ERR,ERR,ERR,ERR,ERR,ERR,ERR,ERR,ERR,ERR,ERR,ERR,ERR,ERR,ERR,ERR,ERR,ERR,ERR,ERR,ERR,ERR,ERR,ERR,ERR,ERR,ERR,ERR,ERR,ERR,ERR,ERR,ERR,ERR,ERR,ERR,ERR,ERR,ERR,ERR,ERR,ERR,ERR,ERR,ERR,ERR,ERR,ERR,ERR,ERR,ERR,ERR,ERR,ERR,ERR,ERR,ERR,ERR,ERR,ERR,ERR,ERR,ERR,ERR,ERR,ERR,ERR,ERR,ERR,ERR,ERR,ERR,ERR,ERR,ERR,ERR,ERR,ERR,ERR,ERR,ERR,ERR,ERR,ERR,ERR,ERR,ERR,ERR,ERR,ERR,ERR,ERR,ERR,ERR,ERR,ERR,ERR,ERR,0.0,-0.0,3.028208139652935e+23,0.0,0.0,1.3936040501711995e+18,7.805,0.0,0,0,4,0,7300,-0.0,0,0.0,0.0,0.0,0.0,0.0,0,0,0,0,0.0,0,0,0,0,0,0,0,0,0,0,0,0,0,0,0,0,0,0,0,0,0,0,0,0,0,0,0,0,0,0,0,0,0,32,30,30,62,65476,0,300,0,0,8,21553,0.0,-107605600.0,0.0,0.0,0.0,0.0,0.0,0.0,0.0,0.0,0.0,0.0,0.0,0.0,0.0,0.0,0.0,0.0,0.0,0.0,0.0,0.0,2.004,-2.004,2.004,2.004,0.0,0.0,0.0,0.0,5556.0,8608199680.0,6922.0,0.0,-0.0,-0.0,0.0,0.0,0.0,0.0,0.0,63,0.0,-152017632755712.0,0.0,0.0,0.0,0.0,0.0,0.0,0.0,0,0,0,0.0,0.0,0.0,0.0,0.0,0.0,0.0,0.0,0.0,0.0,0.0,0.0,0.0,0.0,0.0,0.0,0,-107875648.0,63,0.0,126,2.7184242562605685e+23,2.842318642297501e+23,ERR,ERR,ERR,ERR,ERR,ERR,ERR,ERR,ERR,ERR,ERR,ERR,ERR,ERR,ERR,ERR,ERR,ERR,ERR,ERR,ERR,ERR,ERR,ERR,ERR,ERR,ERR,ERR,ERR,ERR,ERR,ERR,ERR,ERR,ERR,ERR,ERR,ERR,ERR,ERR,ERR,ERR,ERR,ERR,ERR,ERR,ERR,ERR,ERR,ERR,ERR,ERR,ERR,ERR,ERR,ERR,ERR,ERR,ERR,ERR,ERR,ERR,ERR,ERR,ERR,ERR,ERR,34.0,80.0,35,0.0,0.0,0.0,0.0,0.0,0.0,0.0,0.0,0.0,0.0,0.0,0.0,0.0,0.0,0.0,0.0,64.4,0,116,56,49,65476,0,300,0,0,8,20529,65476,0,0,57672,80.0,0.0,0.0,0.0,0.0,0.0
2026-06-17T04:48:58,ERR,ERR,ERR,ERR,ERR,ERR,ERR,ERR,ERR,ERR,ERR,ERR,ERR,ERR,ERR,ERR,ERR,ERR,ERR,ERR,ERR,ERR,ERR,ERR,ERR,ERR,ERR,ERR,ERR,ERR,ERR,ERR,ERR,ERR,ERR,ERR,ERR,ERR,ERR,ERR,ERR,ERR,ERR,ERR,ERR,ERR,ERR,ERR,ERR,ERR,ERR,ERR,ERR,ERR,ERR,ERR,ERR,ERR,ERR,ERR,ERR,ERR,ERR,ERR,ERR,ERR,ERR,ERR,ERR,ERR,ERR,ERR,ERR,ERR,ERR,ERR,ERR,ERR,ERR,ERR,ERR,ERR,ERR,ERR,ERR,ERR,ERR,ERR,ERR,ERR,ERR,ERR,ERR,ERR,ERR,ERR,ERR,ERR,ERR,ERR,ERR,ERR,ERR,ERR,ERR,ERR,ERR,ERR,ERR,ERR,ERR,ERR,ERR,ERR,ERR,ERR,ERR,ERR,ERR,ERR,ERR,ERR,ERR,ERR,ERR,0.0,-0.0,3.028208139652935e+23,0.0,0.0,1.3936040501711995e+18,7.805,0.0,0,0,4,0,7300,-0.0,0,0.0,0.0,0.0,0.0,0.0,0,0,0,0,0.0,0,0,0,0,0,0,0,0,0,0,0,0,0,0,0,0,0,0,0,0,0,0,0,0,0,0,0,0,0,0,0,0,0,32,30,30,62,65476,0,300,0,0,8,21553,0.0,-107605600.0,0.0,0.0,0.0,0.0,0.0,0.0,0.0,0.0,0.0,0.0,0.0,0.0,0.0,0.0,0.0,0.0,0.0,0.0,0.0,0.0,2.004,-2.004,2.004,2.004,0.0,0.0,0.0,0.0,5556.0,8608199680.0,6922.0,0.0,-0.0,-0.0,0.0,0.0,0.0,0.0,0.0,63,0.0,-152017632755712.0,0.0,0.0,0.0,0.0,0.0,0.0,0.0,0,0,0,0.0,0.0,0.0,0.0,0.0,0.0,0.0,0.0,0.0,0.0,0.0,0.0,0.0,0.0,0.0,0.0,0,-107875648.0,63,0.0,126,2.7184242562605685e+23,2.842318642297501e+23,ERR,ERR,ERR,ERR,ERR,ERR,ERR,ERR,ERR,ERR,ERR,ERR,ERR,ERR,ERR,ERR,ERR,ERR,ERR,ERR,ERR,ERR,ERR,ERR,ERR,ERR,ERR,ERR,ERR,ERR,ERR,ERR,ERR,ERR,ERR,ERR,ERR,ERR,ERR,ERR,ERR,ERR,ERR,ERR,ERR,ERR,ERR,ERR,ERR,ERR,ERR,ERR,ERR,ERR,ERR,ERR,ERR,ERR,ERR,ERR,ERR,ERR,ERR,ERR,ERR,ERR,ERR,34.0,80.0,35,0.0,0.0,0.0,0.0,0.0,0.0,0.0,0.0,0.0,0.0,0.0,0.0,0.0,0.0,0.0,0.0,64.4,0,116,56,49,65476,0,300,0,0,8,20529,65476,0,0,57672,80.0,0.0,0.0,0.0,0.0,0.0
2026-06-17T04:48:59,ERR,ERR,ERR,ERR,ERR,ERR,ERR,ERR,ERR,ERR,ERR,ERR,ERR,ERR,ERR,ERR,ERR,ERR,ERR,ERR,ERR,ERR,ERR,ERR,ERR,ERR,ERR,ERR,ERR,ERR,ERR,ERR,ERR,ERR,ERR,ERR,ERR,ERR,ERR,ERR,ERR,ERR,ERR,ERR,ERR,ERR,ERR,ERR,ERR,ERR,ERR,ERR,ERR,ERR,ERR,ERR,ERR,ERR,ERR,ERR,ERR,ERR,ERR,ERR,ERR,ERR,ERR,ERR,ERR,ERR,ERR,ERR,ERR,ERR,ERR,ERR,ERR,ERR,ERR,ERR,ERR,ERR,ERR,ERR,ERR,ERR,ERR,ERR,ERR,ERR,ERR,ERR,ERR,ERR,ERR,ERR,ERR,ERR,ERR,ERR,ERR,ERR,ERR,ERR,ERR,ERR,ERR,ERR,ERR,ERR,ERR,ERR,ERR,ERR,ERR,ERR,ERR,ERR,ERR,ERR,ERR,ERR,ERR,ERR,ERR,0.0,-0.0,3.028208139652935e+23,0.0,0.0,1.3936040501711995e+18,7.805,0.0,0,0,4,0,7300,-0.0,0,0.0,0.0,0.0,0.0,0.0,0,0,0,0,0.0,0,0,0,0,0,0,0,0,0,0,0,0,0,0,0,0,0,0,0,0,0,0,0,0,0,0,0,0,0,0,0,0,0,32,30,30,62,65476,0,300,0,0,8,21553,0.0,-107605600.0,0.0,0.0,0.0,0.0,0.0,0.0,0.0,0.0,0.0,0.0,0.0,0.0,0.0,0.0,0.0,0.0,0.0,0.0,0.0,0.0,-0.0,-2.004,2.004,2.004,0.0,0.0,0.0,0.0,5556.0,0.0,6919.0,0.0,-0.0,-0.0,0.0,0.0,0.0,0.0,0.0,63,0.0,-0.0,0.0,0.0,0.0,0.0,0.0,0.0,0.0,0,0,0,0.0,0.0,0.0,0.0,0.0,0.0,0.0,0.0,0.0,0.0,0.0,0.0,0.0,0.0,0.0,0.0,0,-107875648.0,63,0.0,126,2.7184242562605685e+23,2.842318642297501e+23,ERR,ERR,ERR,ERR,ERR,ERR,ERR,ERR,ERR,ERR,ERR,ERR,ERR,ERR,ERR,ERR,ERR,ERR,ERR,ERR,ERR,ERR,ERR,ERR,ERR,ERR,ERR,ERR,ERR,ERR,ERR,ERR,ERR,ERR,ERR,ERR,ERR,ERR,ERR,ERR,ERR,ERR,ERR,ERR,ERR,ERR,ERR,ERR,ERR,ERR,ERR,ERR,ERR,ERR,ERR,ERR,ERR,ERR,ERR,ERR,ERR,ERR,ERR,ERR,ERR,ERR,ERR,34.0,80.0,35,0.0,0.0,0.0,0.0,0.0,0.0,0.0,0.0,0.0,0.0,0.0,0.0,0.0,0.0,0.0,0.0,64.4,0,116,56,49,65476,0,300,0,0,8,20529,65476,0,0,57672,80.0,0.0,0.0,0.0,0.0,0.0
2026-06-17T04:49:00,ERR,ERR,ERR,ERR,ERR,ERR,ERR,ERR,ERR,ERR,ERR,ERR,ERR,ERR,ERR,ERR,ERR,ERR,ERR,ERR,ERR,ERR,ERR,ERR,ERR,ERR,ERR,ERR,ERR,ERR,ERR,ERR,ERR,ERR,ERR,ERR,ERR,ERR,ERR,ERR,ERR,ERR,ERR,ERR,ERR,ERR,ERR,ERR,ERR,ERR,ERR,ERR,ERR,ERR,ERR,ERR,ERR,ERR,ERR,ERR,ERR,ERR,ERR,ERR,ERR,ERR,ERR,ERR,ERR,ERR,ERR,ERR,ERR,ERR,ERR,ERR,ERR,ERR,ERR,ERR,ERR,ERR,ERR,ERR,ERR,ERR,ERR,ERR,ERR,ERR,ERR,ERR,ERR,ERR,ERR,ERR,ERR,ERR,ERR,ERR,ERR,ERR,ERR,ERR,ERR,ERR,ERR,ERR,ERR,ERR,ERR,ERR,ERR,ERR,ERR,ERR,ERR,ERR,ERR,ERR,ERR,ERR,ERR,ERR,ERR,0.0,-0.0,3.028208139652935e+23,0.0,0.0,1.3936040501711995e+18,7.805,0.0,0,0,4,0,7300,-0.0,0,0.0,0.0,0.0,0.0,0.0,0,0,0,0,0.0,0,0,0,0,0,0,0,0,0,0,0,0,0,0,0,0,0,0,0,0,0,0,0,0,0,0,0,0,0,0,0,0,0,32,30,30,62,65476,0,300,0,0,8,21553,0.0,-107605600.0,0.0,0.0,0.0,0.0,0.0,0.0,0.0,0.0,0.0,0.0,0.0,0.0,0.0,0.0,0.0,0.0,0.0,0.0,0.0,0.0,-0.0,-2.004,2.004,2.004,0.0,0.0,0.0,0.0,5556.0,0.0,6919.0,0.0,-0.0,-0.0,0.0,0.0,0.0,0.0,0.0,63,0.0,-0.0,0.0,0.0,0.0,0.0,0.0,0.0,0.0,0,0,0,0.0,0.0,0.0,0.0,0.0,0.0,0.0,0.0,0.0,0.0,0.0,0.0,0.0,0.0,0.0,0.0,0,-107875648.0,63,0.0,126,2.7184242562605685e+23,2.842318642297501e+23,ERR,ERR,ERR,ERR,ERR,ERR,ERR,ERR,ERR,ERR,ERR,ERR,ERR,ERR,ERR,ERR,ERR,ERR,ERR,ERR,ERR,ERR,ERR,ERR,ERR,ERR,ERR,ERR,ERR,ERR,ERR,ERR,ERR,ERR,ERR,ERR,ERR,ERR,ERR,ERR,ERR,ERR,ERR,ERR,ERR,ERR,ERR,ERR,ERR,ERR,ERR,ERR,ERR,ERR,ERR,ERR,ERR,ERR,ERR,ERR,ERR,ERR,ERR,ERR,ERR,ERR,ERR,34.0,80.0,35,0.0,0.0,0.0,0.0,0.0,0.0,0.0,0.0,0.0,0.0,0.0,0.0,0.0,0.0,0.0,0.0,64.4,0,116,56,49,65476,0,300,0,0,8,20529,65476,0,0,57672,80.0,0.0,0.0,0.0,0.0,0.0
2026-06-17T04:49:01,ERR,ERR,ERR,ERR,ERR,ERR,ERR,ERR,ERR,ERR,ERR,ERR,ERR,ERR,ERR,ERR,ERR,ERR,ERR,ERR,ERR,ERR,ERR,ERR,ERR,ERR,ERR,ERR,ERR,ERR,ERR,ERR,ERR,ERR,ERR,ERR,ERR,ERR,ERR,ERR,ERR,ERR,ERR,ERR,ERR,ERR,ERR,ERR,ERR,ERR,ERR,ERR,ERR,ERR,ERR,ERR,ERR,ERR,ERR,ERR,ERR,ERR,ERR,ERR,ERR,ERR,ERR,ERR,ERR,ERR,ERR,ERR,ERR,ERR,ERR,ERR,ERR,ERR,ERR,ERR,ERR,ERR,ERR,ERR,ERR,ERR,ERR,ERR,ERR,ERR,ERR,ERR,ERR,ERR,ERR,ERR,ERR,ERR,ERR,ERR,ERR,ERR,ERR,ERR,ERR,ERR,ERR,ERR,ERR,ERR,ERR,ERR,ERR,ERR,ERR,ERR,ERR,ERR,ERR,ERR,ERR,ERR,ERR,ERR,ERR,0.0,-0.0,3.028208139652935e+23,0.0,0.0,1.3936040501711995e+18,7.805,0.0,0,0,4,0,7300,-0.0,0,0.0,0.0,0.0,0.0,0.0,0,0,0,0,0.0,0,0,0,0,0,0,0,0,0,0,0,0,0,0,0,0,0,0,0,0,0,0,0,0,0,0,0,0,0,0,0,0,0,32,30,30,62,65476,0,300,0,0,8,21553,0.0,-107605600.0,0.0,0.0,0.0,0.0,0.0,0.0,0.0,0.0,0.0,0.0,0.0,0.0,0.0,0.0,0.0,0.0,0.0,0.0,0.0,0.0,-0.0,-2.004,2.004,2.004,0.0,0.0,0.0,0.0,5556.0,0.0,6919.0,0.0,-0.0,-0.0,0.0,0.0,0.0,0.0,0.0,63,0.0,-0.0,0.0,0.0,0.0,0.0,0.0,0.0,0.0,0,0,0,0.0,0.0,0.0,0.0,0.0,0.0,0.0,0.0,0.0,0.0,0.0,0.0,0.0,0.0,0.0,0.0,0,-107875648.0,63,0.0,126,2.7184242562605685e+23,2.842318642297501e+23,ERR,ERR,ERR,ERR,ERR,ERR,ERR,ERR,ERR,ERR,ERR,ERR,ERR,ERR,ERR,ERR,ERR,ERR,ERR,ERR,ERR,ERR,ERR,ERR,ERR,ERR,ERR,ERR,ERR,ERR,ERR,ERR,ERR,ERR,ERR,ERR,ERR,ERR,ERR,ERR,ERR,ERR,ERR,ERR,ERR,ERR,ERR,ERR,ERR,ERR,ERR,ERR,ERR,ERR,ERR,ERR,ERR,ERR,ERR,ERR,ERR,ERR,ERR,ERR,ERR,ERR,ERR,34.0,80.0,35,0.0,0.0,0.0,0.0,0.0,0.0,0.0,0.0,0.0,0.0,0.0,0.0,0.0,0.0,0.0,0.0,64.4,0,116,56,49,65476,0,300,0,0,8,20529,65476,0,0,57672,80.0,0.0,0.0,0.0,0.0,0.0
2026-06-17T04:49:02,ERR,ERR,ERR,ERR,ERR,ERR,ERR,ERR,ERR,ERR,ERR,ERR,ERR,ERR,ERR,ERR,ERR,ERR,ERR,ERR,ERR,ERR,ERR,ERR,ERR,ERR,ERR,ERR,ERR,ERR,ERR,ERR,ERR,ERR,ERR,ERR,ERR,ERR,ERR,ERR,ERR,ERR,ERR,ERR,ERR,ERR,ERR,ERR,ERR,ERR,ERR,ERR,ERR,ERR,ERR,ERR,ERR,ERR,ERR,ERR,ERR,ERR,ERR,ERR,ERR,ERR,ERR,ERR,ERR,ERR,ERR,ERR,ERR,ERR,ERR,ERR,ERR,ERR,ERR,ERR,ERR,ERR,ERR,ERR,ERR,ERR,ERR,ERR,ERR,ERR,ERR,ERR,ERR,ERR,ERR,ERR,ERR,ERR,ERR,ERR,ERR,ERR,ERR,ERR,ERR,ERR,ERR,ERR,ERR,ERR,ERR,ERR,ERR,ERR,ERR,ERR,ERR,ERR,ERR,ERR,ERR,ERR,ERR,ERR,ERR,0.0,-0.0,3.028208139652935e+23,0.0,0.0,1.3936040501711995e+18,7.805,0.0,0,0,4,0,7300,-0.0,0,0.0,0.0,0.0,0.0,0.0,0,0,0,0,0.0,0,0,0,0,0,0,0,0,0,0,0,0,0,0,0,0,0,0,0,0,0,0,0,0,0,0,0,0,0,0,0,0,0,32,30,30,62,65476,0,300,0,0,8,21553,0.0,-107605600.0,0.0,0.0,0.0,0.0,0.0,0.0,0.0,0.0,0.0,0.0,0.0,0.0,0.0,0.0,0.0,0.0,0.0,0.0,0.0,0.0,-0.0,-2.004,2.004,2.004,0.0,0.0,0.0,0.0,5556.0,0.0,6919.0,0.0,-0.0,-0.0,0.0,0.0,0.0,0.0,0.0,63,0.0,-0.0,0.0,0.0,0.0,0.0,0.0,0.0,0.0,0,0,0,0.0,0.0,0.0,0.0,0.0,0.0,0.0,0.0,0.0,0.0,0.0,0.0,0.0,0.0,0.0,0.0,0,-107875648.0,63,0.0,126,2.7184242562605685e+23,2.842318642297501e+23,ERR,ERR,ERR,ERR,ERR,ERR,ERR,ERR,ERR,ERR,ERR,ERR,ERR,ERR,ERR,ERR,ERR,ERR,ERR,ERR,ERR,ERR,ERR,ERR,ERR,ERR,ERR,ERR,ERR,ERR,ERR,ERR,ERR,ERR,ERR,ERR,ERR,ERR,ERR,ERR,ERR,ERR,ERR,ERR,ERR,ERR,ERR,ERR,ERR,ERR,ERR,ERR,ERR,ERR,ERR,ERR,ERR,ERR,ERR,ERR,ERR,ERR,ERR,ERR,ERR,ERR,ERR,34.0,80.0,35,0.0,0.0,0.0,0.0,0.0,0.0,0.0,0.0,0.0,0.0,0.0,0.0,0.0,0.0,0.0,0.0,64.4,0,116,56,49,65476,0,300,0,0,8,20529,65476,0,0,57672,80.0,0.0,0.0,0.0,0.0,0.0
2026-06-17T04:49:03,ERR,ERR,ERR,ERR,ERR,ERR,ERR,ERR,ERR,ERR,ERR,ERR,ERR,ERR,ERR,ERR,ERR,ERR,ERR,ERR,ERR,ERR,ERR,ERR,ERR,ERR,ERR,ERR,ERR,ERR,ERR,ERR,ERR,ERR,ERR,ERR,ERR,ERR,ERR,ERR,ERR,ERR,ERR,ERR,ERR,ERR,ERR,ERR,ERR,ERR,ERR,ERR,ERR,ERR,ERR,ERR,ERR,ERR,ERR,ERR,ERR,ERR,ERR,ERR,ERR,ERR,ERR,ERR,ERR,ERR,ERR,ERR,ERR,ERR,ERR,ERR,ERR,ERR,ERR,ERR,ERR,ERR,ERR,ERR,ERR,ERR,ERR,ERR,ERR,ERR,ERR,ERR,ERR,ERR,ERR,ERR,ERR,ERR,ERR,ERR,ERR,ERR,ERR,ERR,ERR,ERR,ERR,ERR,ERR,ERR,ERR,ERR,ERR,ERR,ERR,ERR,ERR,ERR,ERR,ERR,ERR,ERR,ERR,ERR,ERR,0.0,-0.0,3.028208139652935e+23,0.0,0.0,1.3936040501711995e+18,7.805,0.0,0,0,4,0,7300,-0.0,0,0.0,0.0,0.0,0.0,0.0,0,0,0,0,0.0,0,0,0,0,0,0,0,0,0,0,0,0,0,0,0,0,0,0,0,0,0,0,0,0,0,0,0,0,0,0,0,0,0,32,30,30,62,65476,0,300,0,0,8,21553,0.0,-107605600.0,0.0,0.0,0.0,0.0,0.0,0.0,0.0,0.0,0.0,0.0,0.0,0.0,0.0,0.0,0.0,0.0,0.0,0.0,0.0,0.0,-0.0,-2.004,2.004,2.004,0.0,0.0,0.0,0.0,5556.0,0.0,6919.0,0.0,-0.0,-0.0,0.0,0.0,0.0,0.0,0.0,63,0.0,-0.0,0.0,0.0,0.0,0.0,0.0,0.0,0.0,0,0,0,0.0,0.0,0.0,0.0,0.0,0.0,0.0,0.0,0.0,0.0,0.0,0.0,0.0,0.0,0.0,0.0,0,-107875648.0,63,0.0,126,2.7184242562605685e+23,2.842318642297501e+23,ERR,ERR,ERR,ERR,ERR,ERR,ERR,ERR,ERR,ERR,ERR,ERR,ERR,ERR,ERR,ERR,ERR,ERR,ERR,ERR,ERR,ERR,ERR,ERR,ERR,ERR,ERR,ERR,ERR,ERR,ERR,ERR,ERR,ERR,ERR,ERR,ERR,ERR,ERR,ERR,ERR,ERR,ERR,ERR,ERR,ERR,ERR,ERR,ERR,ERR,ERR,ERR,ERR,ERR,ERR,ERR,ERR,ERR,ERR,ERR,ERR,ERR,ERR,ERR,ERR,ERR,ERR,34.0,80.0,35,0.0,0.0,0.0,0.0,0.0,0.0,0.0,0.0,0.0,0.0,0.0,0.0,0.0,0.0,0.0,0.0,64.4,0,116,56,49,65476,0,300,0,0,8,20529,65476,0,0,57672,80.0,0.0,0.0,0.0,0.0,0.0
2026-06-17T04:49:04,ERR,ERR,ERR,ERR,ERR,ERR,ERR,ERR,ERR,ERR,ERR,ERR,ERR,ERR,ERR,ERR,ERR,ERR,ERR,ERR,ERR,ERR,ERR,ERR,ERR,ERR,ERR,ERR,ERR,ERR,ERR,ERR,ERR,ERR,ERR,ERR,ERR,ERR,ERR,ERR,ERR,ERR,ERR,ERR,ERR,ERR,ERR,ERR,ERR,ERR,ERR,ERR,ERR,ERR,ERR,ERR,ERR,ERR,ERR,ERR,ERR,ERR,ERR,ERR,ERR,ERR,ERR,ERR,ERR,ERR,ERR,ERR,ERR,ERR,ERR,ERR,ERR,ERR,ERR,ERR,ERR,ERR,ERR,ERR,ERR,ERR,ERR,ERR,ERR,ERR,ERR,ERR,ERR,ERR,ERR,ERR,ERR,ERR,ERR,ERR,ERR,ERR,ERR,ERR,ERR,ERR,ERR,ERR,ERR,ERR,ERR,ERR,ERR,ERR,ERR,ERR,ERR,ERR,ERR,ERR,ERR,ERR,ERR,ERR,ERR,0.0,-0.0,3.028208139652935e+23,0.0,0.0,1.3936040501711995e+18,7.805,0.0,0,0,4,0,7300,-0.0,0,0.0,0.0,0.0,0.0,0.0,0,0,0,0,0.0,0,0,0,0,0,0,0,0,0,0,0,0,0,0,0,0,0,0,0,0,0,0,0,0,0,0,0,0,0,0,0,0,0,32,30,30,62,65476,0,300,0,0,8,21553,0.0,-107605600.0,0.0,0.0,0.0,0.0,0.0,0.0,0.0,0.0,0.0,0.0,0.0,0.0,0.0,0.0,0.0,0.0,0.0,0.0,0.0,0.0,-0.0,-2.004,2.004,2.004,0.0,0.0,0.0,0.0,5556.0,0.0,6913.0,0.0,-0.0,-0.0,0.0,0.0,0.0,0.0,0.0,63,0.0,5.848064002116455e+35,0.0,0.0,0.0,0.0,0.0,0.0,0.0,0,0,0,0.0,0.0,0.0,0.0,0.0,0.0,0.0,0.0,0.0,0.0,0.0,0.0,0.0,0.0,0.0,0.0,0,-107875648.0,63,0.0,126,2.7184242562605685e+23,2.842318642297501e+23,ERR,ERR,ERR,ERR,ERR,ERR,ERR,ERR,ERR,ERR,ERR,ERR,ERR,ERR,ERR,ERR,ERR,ERR,ERR,ERR,ERR,ERR,ERR,ERR,ERR,ERR,ERR,ERR,ERR,ERR,ERR,ERR,ERR,ERR,ERR,ERR,ERR,ERR,ERR,ERR,ERR,ERR,ERR,ERR,ERR,ERR,ERR,ERR,ERR,ERR,ERR,ERR,ERR,ERR,ERR,ERR,ERR,ERR,ERR,ERR,ERR,ERR,ERR,ERR,ERR,ERR,ERR,34.0,80.0,35,0.0,0.0,0.0,0.0,0.0,0.0,0.0,0.0,0.0,0.0,0.0,0.0,0.0,0.0,0.0,0.0,64.4,0,116,56,49,65476,0,300,0,0,8,20529,65476,0,0,57672,80.0,0.0,0.0,0.0,0.0,0.0
2026-06-17T04:49:05,ERR,ERR,ERR,ERR,ERR,ERR,ERR,ERR,ERR,ERR,ERR,ERR,ERR,ERR,ERR,ERR,ERR,ERR,ERR,ERR,ERR,ERR,ERR,ERR,ERR,ERR,ERR,ERR,ERR,ERR,ERR,ERR,ERR,ERR,ERR,ERR,ERR,ERR,ERR,ERR,ERR,ERR,ERR,ERR,ERR,ERR,ERR,ERR,ERR,ERR,ERR,ERR,ERR,ERR,ERR,ERR,ERR,ERR,ERR,ERR,ERR,ERR,ERR,ERR,ERR,ERR,ERR,ERR,ERR,ERR,ERR,ERR,ERR,ERR,ERR,ERR,ERR,ERR,ERR,ERR,ERR,ERR,ERR,ERR,ERR,ERR,ERR,ERR,ERR,ERR,ERR,ERR,ERR,ERR,ERR,ERR,ERR,ERR,ERR,ERR,ERR,ERR,ERR,ERR,ERR,ERR,ERR,ERR,ERR,ERR,ERR,ERR,ERR,ERR,ERR,ERR,ERR,ERR,ERR,ERR,ERR,ERR,ERR,ERR,ERR,0.0,-0.0,3.028208139652935e+23,0.0,0.0,1.3936040501711995e+18,7.805,0.0,0,0,4,0,7300,-0.0,0,0.0,0.0,0.0,0.0,0.0,0,0,0,0,0.0,0,0,0,0,0,0,0,0,0,0,0,0,0,0,0,0,0,0,0,0,0,0,0,0,0,0,0,0,0,0,0,0,0,32,30,30,62,65476,0,300,0,0,8,21553,0.0,-107605600.0,0.0,0.0,0.0,0.0,0.0,0.0,0.0,0.0,0.0,0.0,0.0,0.0,0.0,0.0,0.0,0.0,0.0,0.0,0.0,0.0,-0.0,-2.004,2.004,2.004,0.0,0.0,0.0,0.0,5556.0,0.0,6913.0,0.0,-0.0,-0.0,0.0,0.0,0.0,0.0,0.0,63,0.0,5.848064002116455e+35,0.0,0.0,0.0,0.0,0.0,0.0,0.0,0,0,0,0.0,0.0,0.0,0.0,0.0,0.0,0.0,0.0,0.0,0.0,0.0,0.0,0.0,0.0,0.0,0.0,0,-107875648.0,63,0.0,126,2.7184242562605685e+23,2.842318642297501e+23,ERR,ERR,ERR,ERR,ERR,ERR,ERR,ERR,ERR,ERR,ERR,ERR,ERR,ERR,ERR,ERR,ERR,ERR,ERR,ERR,ERR,ERR,ERR,ERR,ERR,ERR,ERR,ERR,ERR,ERR,ERR,ERR,ERR,ERR,ERR,ERR,ERR,ERR,ERR,ERR,ERR,ERR,ERR,ERR,ERR,ERR,ERR,ERR,ERR,ERR,ERR,ERR,ERR,ERR,ERR,ERR,ERR,ERR,ERR,ERR,ERR,ERR,ERR,ERR,ERR,ERR,ERR,34.0,80.0,35,0.0,0.0,0.0,0.0,0.0,0.0,0.0,0.0,0.0,0.0,0.0,0.0,0.0,0.0,0.0,0.0,64.8,0,116,56,49,65476,0,300,0,0,8,20529,65476,0,0,57672,80.0,0.0,0.0,0.0,0.0,0.0
2026-06-17T04:49:06,ERR,ERR,ERR,ERR,ERR,ERR,ERR,ERR,ERR,ERR,ERR,ERR,ERR,ERR,ERR,ERR,ERR,ERR,ERR,ERR,ERR,ERR,ERR,ERR,ERR,ERR,ERR,ERR,ERR,ERR,ERR,ERR,ERR,ERR,ERR,ERR,ERR,ERR,ERR,ERR,ERR,ERR,ERR,ERR,ERR,ERR,ERR,ERR,ERR,ERR,ERR,ERR,ERR,ERR,ERR,ERR,ERR,ERR,ERR,ERR,ERR,ERR,ERR,ERR,ERR,ERR,ERR,ERR,ERR,ERR,ERR,ERR,ERR,ERR,ERR,ERR,ERR,ERR,ERR,ERR,ERR,ERR,ERR,ERR,ERR,ERR,ERR,ERR,ERR,ERR,ERR,ERR,ERR,ERR,ERR,ERR,ERR,ERR,ERR,ERR,ERR,ERR,ERR,ERR,ERR,ERR,ERR,ERR,ERR,ERR,ERR,ERR,ERR,ERR,ERR,ERR,ERR,ERR,ERR,ERR,ERR,ERR,ERR,ERR,ERR,0.0,-0.0,3.028208139652935e+23,0.0,0.0,1.3936040501711995e+18,7.805,0.0,0,0,4,0,7300,-0.0,0,0.0,0.0,0.0,0.0,0.0,0,0,0,0,0.0,0,0,0,0,0,0,0,0,0,0,0,0,0,0,0,0,0,0,0,0,0,0,0,0,0,0,0,0,0,0,0,0,0,32,30,30,62,65476,0,300,0,0,8,21553,0.0,-107605600.0,0.0,0.0,0.0,0.0,0.0,0.0,0.0,0.0,0.0,0.0,0.0,0.0,0.0,0.0,0.0,0.0,0.0,0.0,0.0,0.0,-0.0,-2.004,2.004,2.004,0.0,0.0,0.0,0.0,5556.0,0.0,6913.0,0.0,-0.0,-0.0,0.0,0.0,0.0,0.0,0.0,63,0.0,5.848064002116455e+35,0.0,0.0,0.0,0.0,0.0,0.0,0.0,0,0,0,0.0,0.0,0.0,0.0,0.0,0.0,0.0,0.0,0.0,0.0,0.0,0.0,0.0,0.0,0.0,0.0,0,-107875648.0,63,0.0,126,2.7184242562605685e+23,2.842318642297501e+23,ERR,ERR,ERR,ERR,ERR,ERR,ERR,ERR,ERR,ERR,ERR,ERR,ERR,ERR,ERR,ERR,ERR,ERR,ERR,ERR,ERR,ERR,ERR,ERR,ERR,ERR,ERR,ERR,ERR,ERR,ERR,ERR,ERR,ERR,ERR,ERR,ERR,ERR,ERR,ERR,ERR,ERR,ERR,ERR,ERR,ERR,ERR,ERR,ERR,ERR,ERR,ERR,ERR,ERR,ERR,ERR,ERR,ERR,ERR,ERR,ERR,ERR,ERR,ERR,ERR,ERR,ERR,34.0,80.0,35,0.0,0.0,0.0,0.0,0.0,0.0,0.0,0.0,0.0,0.0,0.0,0.0,0.0,0.0,0.0,0.0,64.8,0,116,56,49,65476,0,300,0,0,8,20529,65476,0,0,57672,80.0,0.0,0.0,0.0,0.0,0.0
2026-06-17T04:49:07,ERR,ERR,ERR,ERR,ERR,ERR,ERR,ERR,ERR,ERR,ERR,ERR,ERR,ERR,ERR,ERR,ERR,ERR,ERR,ERR,ERR,ERR,ERR,ERR,ERR,ERR,ERR,ERR,ERR,ERR,ERR,ERR,ERR,ERR,ERR,ERR,ERR,ERR,ERR,ERR,ERR,ERR,ERR,ERR,ERR,ERR,ERR,ERR,ERR,ERR,ERR,ERR,ERR,ERR,ERR,ERR,ERR,ERR,ERR,ERR,ERR,ERR,ERR,ERR,ERR,ERR,ERR,ERR,ERR,ERR,ERR,ERR,ERR,ERR,ERR,ERR,ERR,ERR,ERR,ERR,ERR,ERR,ERR,ERR,ERR,ERR,ERR,ERR,ERR,ERR,ERR,ERR,ERR,ERR,ERR,ERR,ERR,ERR,ERR,ERR,ERR,ERR,ERR,ERR,ERR,ERR,ERR,ERR,ERR,ERR,ERR,ERR,ERR,ERR,ERR,ERR,ERR,ERR,ERR,ERR,ERR,ERR,ERR,ERR,ERR,0.0,-0.0,3.028208139652935e+23,0.0,0.0,1.3936040501711995e+18,7.805,0.0,0,0,4,0,7300,-0.0,0,0.0,0.0,0.0,0.0,0.0,0,0,0,0,0.0,0,0,0,0,0,0,0,0,0,0,0,0,0,0,0,0,0,0,0,0,0,0,0,0,0,0,0,0,0,0,0,0,0,32,30,30,62,65476,0,300,0,0,8,21553,0.0,-107605600.0,0.0,0.0,0.0,0.0,0.0,0.0,0.0,0.0,0.0,0.0,0.0,0.0,0.0,0.0,0.0,0.0,0.0,0.0,0.0,0.0,-0.0,-2.004,2.004,2.004,0.0,0.0,0.0,0.0,5556.0,0.0,6913.0,0.0,-0.0,-0.0,0.0,0.0,0.0,0.0,0.0,63,0.0,5.848064002116455e+35,0.0,0.0,0.0,0.0,0.0,0.0,0.0,0,0,0,0.0,0.0,0.0,0.0,0.0,0.0,0.0,0.0,0.0,0.0,0.0,0.0,0.0,0.0,0.0,0.0,0,-107875648.0,63,0.0,126,2.7184242562605685e+23,2.842318642297501e+23,ERR,ERR,ERR,ERR,ERR,ERR,ERR,ERR,ERR,ERR,ERR,ERR,ERR,ERR,ERR,ERR,ERR,ERR,ERR,ERR,ERR,ERR,ERR,ERR,ERR,ERR,ERR,ERR,ERR,ERR,ERR,ERR,ERR,ERR,ERR,ERR,ERR,ERR,ERR,ERR,ERR,ERR,ERR,ERR,ERR,ERR,ERR,ERR,ERR,ERR,ERR,ERR,ERR,ERR,ERR,ERR,ERR,ERR,ERR,ERR,ERR,ERR,ERR,ERR,ERR,ERR,ERR,34.0,80.0,35,0.0,0.0,0.0,0.0,0.0,0.0,0.0,0.0,0.0,0.0,0.0,0.0,0.0,0.0,0.0,0.0,64.4,0,116,56,49,65476,0,300,0,0,8,20529,65476,0,0,57672,80.0,0.0,0.0,0.0,0.0,0.0
2026-06-17T04:49:08,ERR,ERR,ERR,ERR,ERR,ERR,ERR,ERR,ERR,ERR,ERR,ERR,ERR,ERR,ERR,ERR,ERR,ERR,ERR,ERR,ERR,ERR,ERR,ERR,ERR,ERR,ERR,ERR,ERR,ERR,ERR,ERR,ERR,ERR,ERR,ERR,ERR,ERR,ERR,ERR,ERR,ERR,ERR,ERR,ERR,ERR,ERR,ERR,ERR,ERR,ERR,ERR,ERR,ERR,ERR,ERR,ERR,ERR,ERR,ERR,ERR,ERR,ERR,ERR,ERR,ERR,ERR,ERR,ERR,ERR,ERR,ERR,ERR,ERR,ERR,ERR,ERR,ERR,ERR,ERR,ERR,ERR,ERR,ERR,ERR,ERR,ERR,ERR,ERR,ERR,ERR,ERR,ERR,ERR,ERR,ERR,ERR,ERR,ERR,ERR,ERR,ERR,ERR,ERR,ERR,ERR,ERR,ERR,ERR,ERR,ERR,ERR,ERR,ERR,ERR,ERR,ERR,ERR,ERR,ERR,ERR,ERR,ERR,ERR,ERR,0.0,-0.0,3.028208139652935e+23,0.0,0.0,1.3936040501711995e+18,7.805,0.0,0,0,4,0,7300,-0.0,0,0.0,0.0,0.0,0.0,0.0,0,0,0,0,0.0,0,0,0,0,0,0,0,0,0,0,0,0,0,0,0,0,0,0,0,0,0,0,0,0,0,0,0,0,0,0,0,0,0,32,30,30,62,65476,0,300,0,0,8,21553,0.0,-107605600.0,0.0,0.0,0.0,0.0,0.0,0.0,0.0,0.0,0.0,0.0,0.0,0.0,0.0,0.0,0.0,0.0,0.0,0.0,0.0,0.0,-0.0,-2.004,2.004,2.004,0.0,0.0,0.0,0.0,5556.0,0.0,6913.0,0.0,-0.0,-0.0,0.0,0.0,0.0,0.0,0.0,63,0.0,5.848064002116455e+35,0.0,0.0,0.0,0.0,0.0,0.0,0.0,0,0,0,0.0,0.0,0.0,0.0,0.0,0.0,0.0,0.0,0.0,0.0,0.0,0.0,0.0,0.0,0.0,0.0,0,-107875648.0,63,0.0,126,2.7184242562605685e+23,2.842318642297501e+23,ERR,ERR,ERR,ERR,ERR,ERR,ERR,ERR,ERR,ERR,ERR,ERR,ERR,ERR,ERR,ERR,ERR,ERR,ERR,ERR,ERR,ERR,ERR,ERR,ERR,ERR,ERR,ERR,ERR,ERR,ERR,ERR,ERR,ERR,ERR,ERR,ERR,ERR,ERR,ERR,ERR,ERR,ERR,ERR,ERR,ERR,ERR,ERR,ERR,ERR,ERR,ERR,ERR,ERR,ERR,ERR,ERR,ERR,ERR,ERR,ERR,ERR,ERR,ERR,ERR,ERR,ERR,34.0,80.0,35,0.0,0.0,0.0,0.0,0.0,0.0,0.0,0.0,0.0,0.0,0.0,0.0,0.0,0.0,0.0,0.0,64.4,0,116,56,49,65476,0,300,0,0,8,20529,65476,0,0,57672,80.0,0.0,0.0,0.0,0.0,0.0
2026-06-17T04:49:09,ERR,ERR,ERR,ERR,ERR,ERR,ERR,ERR,ERR,ERR,ERR,ERR,ERR,ERR,ERR,ERR,ERR,ERR,ERR,ERR,ERR,ERR,ERR,ERR,ERR,ERR,ERR,ERR,ERR,ERR,ERR,ERR,ERR,ERR,ERR,ERR,ERR,ERR,ERR,ERR,ERR,ERR,ERR,ERR,ERR,ERR,ERR,ERR,ERR,ERR,ERR,ERR,ERR,ERR,ERR,ERR,ERR,ERR,ERR,ERR,ERR,ERR,ERR,ERR,ERR,ERR,ERR,ERR,ERR,ERR,ERR,ERR,ERR,ERR,ERR,ERR,ERR,ERR,ERR,ERR,ERR,ERR,ERR,ERR,ERR,ERR,ERR,ERR,ERR,ERR,ERR,ERR,ERR,ERR,ERR,ERR,ERR,ERR,ERR,ERR,ERR,ERR,ERR,ERR,ERR,ERR,ERR,ERR,ERR,ERR,ERR,ERR,ERR,ERR,ERR,ERR,ERR,ERR,ERR,ERR,ERR,ERR,ERR,ERR,ERR,0.0,-0.0,-0.0,0.0,0.0,1.3936040501711995e+18,7.805,0.0,0,0,4,0,7300,-0.0,0,0.0,0.0,0.0,0.0,0.0,0,0,0,0,0.0,0,0,0,0,0,0,0,0,0,0,0,0,0,0,0,0,0,0,0,0,0,0,0,0,0,0,0,0,0,0,0,0,0,32,30,30,62,65476,0,300,0,0,8,21553,0.0,-107605600.0,0.0,0.0,0.0,0.0,0.0,0.0,0.0,0.0,0.0,0.0,0.0,0.0,0.0,0.0,0.0,0.0,0.0,0.0,0.0,0.0,-0.0,-2.004,2.004,2.004,0.0,0.0,0.0,0.0,5524.0,-2.4229925162183003e+24,6941.0,0.0,-0.0,-0.0,0.0,0.0,0.0,0.0,0.0,63,0.0,126840709120.0,0.0,0.0,0.0,0.0,0.0,0.0,0.0,0,0,0,0.0,0.0,0.0,0.0,0.0,0.0,0.0,0.0,0.0,0.0,0.0,0.0,0.0,0.0,0.0,0.0,0,-107875648.0,63,0.0,126,2.7184242562605685e+23,2.842318642297501e+23,ERR,ERR,ERR,ERR,ERR,ERR,ERR,ERR,ERR,ERR,ERR,ERR,ERR,ERR,ERR,ERR,ERR,ERR,ERR,ERR,ERR,ERR,ERR,ERR,ERR,ERR,ERR,ERR,ERR,ERR,ERR,ERR,ERR,ERR,ERR,ERR,ERR,ERR,ERR,ERR,ERR,ERR,ERR,ERR,ERR,ERR,ERR,ERR,ERR,ERR,ERR,ERR,ERR,ERR,ERR,ERR,ERR,ERR,ERR,ERR,ERR,ERR,ERR,ERR,ERR,ERR,ERR,34.0,80.0,35,0.0,0.0,0.0,0.0,0.0,0.0,0.0,0.0,0.0,0.0,0.0,0.0,0.0,0.0,0.0,0.0,64.4,0,116,56,49,65476,0,300,0,0,8,20529,65476,0,0,57672,80.0,0.0,0.0,0.0,0.0,0.0
2026-06-17T04:49:10,ERR,ERR,ERR,ERR,ERR,ERR,ERR,ERR,ERR,ERR,ERR,ERR,ERR,ERR,ERR,ERR,ERR,ERR,ERR,ERR,ERR,ERR,ERR,ERR,ERR,ERR,ERR,ERR,ERR,ERR,ERR,ERR,ERR,ERR,ERR,ERR,ERR,ERR,ERR,ERR,ERR,ERR,ERR,ERR,ERR,ERR,ERR,ERR,ERR,ERR,ERR,ERR,ERR,ERR,ERR,ERR,ERR,ERR,ERR,ERR,ERR,ERR,ERR,ERR,ERR,ERR,ERR,ERR,ERR,ERR,ERR,ERR,ERR,ERR,ERR,ERR,ERR,ERR,ERR,ERR,ERR,ERR,ERR,ERR,ERR,ERR,ERR,ERR,ERR,ERR,ERR,ERR,ERR,ERR,ERR,ERR,ERR,ERR,ERR,ERR,ERR,ERR,ERR,ERR,ERR,ERR,ERR,ERR,ERR,ERR,ERR,ERR,ERR,ERR,ERR,ERR,ERR,ERR,ERR,ERR,ERR,ERR,ERR,ERR,ERR,0.0,-0.0,-0.0,0.0,0.0,1.3936040501711995e+18,7.805,0.0,0,0,4,0,7300,-0.0,0,0.0,0.0,0.0,0.0,0.0,0,0,0,0,0.0,0,0,0,0,0,0,0,0,0,0,0,0,0,0,0,0,0,0,0,0,0,0,0,0,0,0,0,0,0,0,0,0,0,32,30,30,62,65476,0,300,0,0,8,21553,0.0,-107605600.0,0.0,0.0,0.0,0.0,0.0,0.0,0.0,0.0,0.0,0.0,0.0,0.0,0.0,0.0,0.0,0.0,0.0,0.0,0.0,0.0,-0.0,-2.004,2.004,2.004,0.0,0.0,0.0,0.0,5524.0,-2.4229925162183003e+24,6941.0,0.0,-0.0,-0.0,0.0,0.0,0.0,0.0,0.0,63,0.0,126840709120.0,0.0,0.0,0.0,0.0,0.0,0.0,0.0,0,0,0,0.0,0.0,0.0,0.0,0.0,0.0,0.0,0.0,0.0,0.0,0.0,0.0,0.0,0.0,0.0,0.0,0,-107875648.0,63,0.0,126,2.7184242562605685e+23,2.842318642297501e+23,ERR,ERR,ERR,ERR,ERR,ERR,ERR,ERR,ERR,ERR,ERR,ERR,ERR,ERR,ERR,ERR,ERR,ERR,ERR,ERR,ERR,ERR,ERR,ERR,ERR,ERR,ERR,ERR,ERR,ERR,ERR,ERR,ERR,ERR,ERR,ERR,ERR,ERR,ERR,ERR,ERR,ERR,ERR,ERR,ERR,ERR,ERR,ERR,ERR,ERR,ERR,ERR,ERR,ERR,ERR,ERR,ERR,ERR,ERR,ERR,ERR,ERR,ERR,ERR,ERR,ERR,ERR,34.0,80.0,35,0.0,0.0,0.0,0.0,0.0,0.0,0.0,0.0,0.0,0.0,0.0,0.0,0.0,0.0,0.0,0.0,64.4,0,116,56,49,65476,0,300,0,0,8,20529,65476,0,0,57672,80.0,0.0,0.0,0.0,0.0,0.0
2026-06-17T04:49:11,ERR,ERR,ERR,ERR,ERR,ERR,ERR,ERR,ERR,ERR,ERR,ERR,ERR,ERR,ERR,ERR,ERR,ERR,ERR,ERR,ERR,ERR,ERR,ERR,ERR,ERR,ERR,ERR,ERR,ERR,ERR,ERR,ERR,ERR,ERR,ERR,ERR,ERR,ERR,ERR,ERR,ERR,ERR,ERR,ERR,ERR,ERR,ERR,ERR,ERR,ERR,ERR,ERR,ERR,ERR,ERR,ERR,ERR,ERR,ERR,ERR,ERR,ERR,ERR,ERR,ERR,ERR,ERR,ERR,ERR,ERR,ERR,ERR,ERR,ERR,ERR,ERR,ERR,ERR,ERR,ERR,ERR,ERR,ERR,ERR,ERR,ERR,ERR,ERR,ERR,ERR,ERR,ERR,ERR,ERR,ERR,ERR,ERR,ERR,ERR,ERR,ERR,ERR,ERR,ERR,ERR,ERR,ERR,ERR,ERR,ERR,ERR,ERR,ERR,ERR,ERR,ERR,ERR,ERR,ERR,ERR,ERR,ERR,ERR,ERR,0.0,-0.0,-0.0,0.0,0.0,1.3936040501711995e+18,7.805,0.0,0,0,4,0,7300,-0.0,0,0.0,0.0,0.0,0.0,0.0,0,0,0,0,0.0,0,0,0,0,0,0,0,0,0,0,0,0,0,0,0,0,0,0,0,0,0,0,0,0,0,0,0,0,0,0,0,0,0,32,30,30,62,65476,0,300,0,0,8,21553,0.0,-107605600.0,0.0,0.0,0.0,0.0,0.0,0.0,0.0,0.0,0.0,0.0,0.0,0.0,0.0,0.0,0.0,0.0,0.0,0.0,0.0,0.0,-0.0,-2.004,2.004,2.004,0.0,0.0,0.0,0.0,5524.0,-2.4229925162183003e+24,6941.0,0.0,-0.0,-0.0,0.0,0.0,0.0,0.0,0.0,63,0.0,126840709120.0,0.0,0.0,0.0,0.0,0.0,0.0,0.0,0,0,0,0.0,0.0,0.0,0.0,0.0,0.0,0.0,0.0,0.0,0.0,0.0,0.0,0.0,0.0,0.0,0.0,0,-107875648.0,63,0.0,126,2.7184242562605685e+23,2.842318642297501e+23,ERR,ERR,ERR,ERR,ERR,ERR,ERR,ERR,ERR,ERR,ERR,ERR,ERR,ERR,ERR,ERR,ERR,ERR,ERR,ERR,ERR,ERR,ERR,ERR,ERR,ERR,ERR,ERR,ERR,ERR,ERR,ERR,ERR,ERR,ERR,ERR,ERR,ERR,ERR,ERR,ERR,ERR,ERR,ERR,ERR,ERR,ERR,ERR,ERR,ERR,ERR,ERR,ERR,ERR,ERR,ERR,ERR,ERR,ERR,ERR,ERR,ERR,ERR,ERR,ERR,ERR,ERR,34.0,80.0,35,0.0,0.0,0.0,0.0,0.0,0.0,0.0,0.0,0.0,0.0,0.0,0.0,0.0,0.0,0.0,0.0,64.4,0,116,56,49,65476,0,300,0,0,8,20529,65476,0,0,57672,80.0,0.0,0.0,0.0,0.0,0.0
2026-06-17T04:49:12,ERR,ERR,ERR,ERR,ERR,ERR,ERR,ERR,ERR,ERR,ERR,ERR,ERR,ERR,ERR,ERR,ERR,ERR,ERR,ERR,ERR,ERR,ERR,ERR,ERR,ERR,ERR,ERR,ERR,ERR,ERR,ERR,ERR,ERR,ERR,ERR,ERR,ERR,ERR,ERR,ERR,ERR,ERR,ERR,ERR,ERR,ERR,ERR,ERR,ERR,ERR,ERR,ERR,ERR,ERR,ERR,ERR,ERR,ERR,ERR,ERR,ERR,ERR,ERR,ERR,ERR,ERR,ERR,ERR,ERR,ERR,ERR,ERR,ERR,ERR,ERR,ERR,ERR,ERR,ERR,ERR,ERR,ERR,ERR,ERR,ERR,ERR,ERR,ERR,ERR,ERR,ERR,ERR,ERR,ERR,ERR,ERR,ERR,ERR,ERR,ERR,ERR,ERR,ERR,ERR,ERR,ERR,ERR,ERR,ERR,ERR,ERR,ERR,ERR,ERR,ERR,ERR,ERR,ERR,ERR,ERR,ERR,ERR,ERR,ERR,0.0,-0.0,-0.0,0.0,0.0,1.3936040501711995e+18,7.805,0.0,0,0,4,0,7300,-0.0,0,0.0,0.0,0.0,0.0,0.0,0,0,0,0,0.0,0,0,0,0,0,0,0,0,0,0,0,0,0,0,0,0,0,0,0,0,0,0,0,0,0,0,0,0,0,0,0,0,0,32,30,30,62,65476,0,300,0,0,8,21553,0.0,-107605600.0,0.0,0.0,0.0,0.0,0.0,0.0,0.0,0.0,0.0,0.0,0.0,0.0,0.0,0.0,0.0,0.0,0.0,0.0,0.0,0.0,-0.0,-2.004,2.004,2.004,0.0,0.0,0.0,0.0,5524.0,-2.4229925162183003e+24,6941.0,0.0,-0.0,-0.0,0.0,0.0,0.0,0.0,0.0,63,0.0,126840709120.0,0.0,0.0,0.0,0.0,0.0,0.0,0.0,0,0,0,0.0,0.0,0.0,0.0,0.0,0.0,0.0,0.0,0.0,0.0,0.0,0.0,0.0,0.0,0.0,0.0,0,-107875648.0,63,0.0,126,2.7184242562605685e+23,2.842318642297501e+23,ERR,ERR,ERR,ERR,ERR,ERR,ERR,ERR,ERR,ERR,ERR,ERR,ERR,ERR,ERR,ERR,ERR,ERR,ERR,ERR,ERR,ERR,ERR,ERR,ERR,ERR,ERR,ERR,ERR,ERR,ERR,ERR,ERR,ERR,ERR,ERR,ERR,ERR,ERR,ERR,ERR,ERR,ERR,ERR,ERR,ERR,ERR,ERR,ERR,ERR,ERR,ERR,ERR,ERR,ERR,ERR,ERR,ERR,ERR,ERR,ERR,ERR,ERR,ERR,ERR,ERR,ERR,34.0,80.0,35,0.0,0.0,0.0,0.0,0.0,0.0,0.0,0.0,0.0,0.0,0.0,0.0,0.0,0.0,0.0,0.0,64.8,0,116,56,49,65476,0,300,0,0,8,20529,65476,0,0,57672,80.0,0.0,0.0,0.0,0.0,0.0
2026-06-17T04:49:13,ERR,ERR,ERR,ERR,ERR,ERR,ERR,ERR,ERR,ERR,ERR,ERR,ERR,ERR,ERR,ERR,ERR,ERR,ERR,ERR,ERR,ERR,ERR,ERR,ERR,ERR,ERR,ERR,ERR,ERR,ERR,ERR,ERR,ERR,ERR,ERR,ERR,ERR,ERR,ERR,ERR,ERR,ERR,ERR,ERR,ERR,ERR,ERR,ERR,ERR,ERR,ERR,ERR,ERR,ERR,ERR,ERR,ERR,ERR,ERR,ERR,ERR,ERR,ERR,ERR,ERR,ERR,ERR,ERR,ERR,ERR,ERR,ERR,ERR,ERR,ERR,ERR,ERR,ERR,ERR,ERR,ERR,ERR,ERR,ERR,ERR,ERR,ERR,ERR,ERR,ERR,ERR,ERR,ERR,ERR,ERR,ERR,ERR,ERR,ERR,ERR,ERR,ERR,ERR,ERR,ERR,ERR,ERR,ERR,ERR,ERR,ERR,ERR,ERR,ERR,ERR,ERR,ERR,ERR,ERR,ERR,ERR,ERR,ERR,ERR,0.0,-0.0,-0.0,0.0,0.0,1.3936040501711995e+18,7.805,0.0,0,0,4,0,7300,-0.0,0,0.0,0.0,0.0,0.0,0.0,0,0,0,0,0.0,0,0,0,0,0,0,0,0,0,0,0,0,0,0,0,0,0,0,0,0,0,0,0,0,0,0,0,0,0,0,0,0,0,32,30,30,62,65476,0,300,0,0,8,21553,0.0,-107605600.0,0.0,0.0,0.0,0.0,0.0,0.0,0.0,0.0,0.0,0.0,0.0,0.0,0.0,0.0,0.0,0.0,0.0,0.0,0.0,0.0,-0.0,-2.004,2.004,2.004,0.0,0.0,0.0,0.0,5524.0,-2.4229925162183003e+24,6941.0,0.0,-0.0,-0.0,0.0,0.0,0.0,0.0,0.0,63,0.0,126840709120.0,0.0,0.0,0.0,0.0,0.0,0.0,0.0,0,0,0,0.0,0.0,0.0,0.0,0.0,0.0,0.0,0.0,0.0,0.0,0.0,0.0,0.0,0.0,0.0,0.0,0,-107875648.0,63,0.0,126,2.7184242562605685e+23,2.842318642297501e+23,ERR,ERR,ERR,ERR,ERR,ERR,ERR,ERR,ERR,ERR,ERR,ERR,ERR,ERR,ERR,ERR,ERR,ERR,ERR,ERR,ERR,ERR,ERR,ERR,ERR,ERR,ERR,ERR,ERR,ERR,ERR,ERR,ERR,ERR,ERR,ERR,ERR,ERR,ERR,ERR,ERR,ERR,ERR,ERR,ERR,ERR,ERR,ERR,ERR,ERR,ERR,ERR,ERR,ERR,ERR,ERR,ERR,ERR,ERR,ERR,ERR,ERR,ERR,ERR,ERR,ERR,ERR,34.0,80.0,35,0.0,0.0,0.0,0.0,0.0,0.0,0.0,0.0,0.0,0.0,0.0,0.0,0.0,0.0,0.0,0.0,64.8,0,116,56,49,65476,0,300,0,0,8,20529,65476,0,0,57672,80.0,0.0,0.0,0.0,0.0,0.0
2026-06-17T04:49:14,ERR,ERR,ERR,ERR,ERR,ERR,ERR,ERR,ERR,ERR,ERR,ERR,ERR,ERR,ERR,ERR,ERR,ERR,ERR,ERR,ERR,ERR,ERR,ERR,ERR,ERR,ERR,ERR,ERR,ERR,ERR,ERR,ERR,ERR,ERR,ERR,ERR,ERR,ERR,ERR,ERR,ERR,ERR,ERR,ERR,ERR,ERR,ERR,ERR,ERR,ERR,ERR,ERR,ERR,ERR,ERR,ERR,ERR,ERR,ERR,ERR,ERR,ERR,ERR,ERR,ERR,ERR,ERR,ERR,ERR,ERR,ERR,ERR,ERR,ERR,ERR,ERR,ERR,ERR,ERR,ERR,ERR,ERR,ERR,ERR,ERR,ERR,ERR,ERR,ERR,ERR,ERR,ERR,ERR,ERR,ERR,ERR,ERR,ERR,ERR,ERR,ERR,ERR,ERR,ERR,ERR,ERR,ERR,ERR,ERR,ERR,ERR,ERR,ERR,ERR,ERR,ERR,ERR,ERR,ERR,ERR,ERR,ERR,ERR,ERR,0.0,-0.0,-0.0,0.0,0.0,1.3936040501711995e+18,7.805,0.0,0,0,4,0,7300,-0.0,0,0.0,0.0,0.0,0.0,0.0,0,0,0,0,0.0,0,0,0,0,0,0,0,0,0,0,0,0,0,0,0,0,0,0,0,0,0,0,0,0,0,0,0,0,0,0,0,0,0,32,30,30,62,65476,0,300,0,0,8,21553,0.0,-107605600.0,0.0,0.0,0.0,0.0,0.0,0.0,0.0,0.0,0.0,0.0,0.0,0.0,0.0,0.0,0.0,0.0,0.0,0.0,0.0,0.0,-0.0,-2.004,2.004,2.004,0.0,0.0,0.0,0.0,5524.0,-2.4229925162183003e+24,6941.0,0.0,-0.0,-0.0,0.0,0.0,0.0,0.0,0.0,63,0.0,126840709120.0,0.0,0.0,0.0,0.0,0.0,0.0,0.0,0,0,0,0.0,0.0,0.0,0.0,0.0,0.0,0.0,0.0,0.0,0.0,0.0,0.0,0.0,0.0,0.0,0.0,0,-107875648.0,63,0.0,126,2.7184242562605685e+23,2.842318642297501e+23,ERR,ERR,ERR,ERR,ERR,ERR,ERR,ERR,ERR,ERR,ERR,ERR,ERR,ERR,ERR,ERR,ERR,ERR,ERR,ERR,ERR,ERR,ERR,ERR,ERR,ERR,ERR,ERR,ERR,ERR,ERR,ERR,ERR,ERR,ERR,ERR,ERR,ERR,ERR,ERR,ERR,ERR,ERR,ERR,ERR,ERR,ERR,ERR,ERR,ERR,ERR,ERR,ERR,ERR,ERR,ERR,ERR,ERR,ERR,ERR,ERR,ERR,ERR,ERR,ERR,ERR,ERR,34.0,80.0,35,0.0,0.0,0.0,0.0,0.0,0.0,0.0,0.0,0.0,0.0,0.0,0.0,0.0,0.0,0.0,0.0,64.4,0,116,56,49,65476,0,300,0,0,8,20529,65476,0,0,57672,80.0,0.0,0.0,0.0,0.0,0.0
2026-06-17T04:49:15,ERR,ERR,ERR,ERR,ERR,ERR,ERR,ERR,ERR,ERR,ERR,ERR,ERR,ERR,ERR,ERR,ERR,ERR,ERR,ERR,ERR,ERR,ERR,ERR,ERR,ERR,ERR,ERR,ERR,ERR,ERR,ERR,ERR,ERR,ERR,ERR,ERR,ERR,ERR,ERR,ERR,ERR,ERR,ERR,ERR,ERR,ERR,ERR,ERR,ERR,ERR,ERR,ERR,ERR,ERR,ERR,ERR,ERR,ERR,ERR,ERR,ERR,ERR,ERR,ERR,ERR,ERR,ERR,ERR,ERR,ERR,ERR,ERR,ERR,ERR,ERR,ERR,ERR,ERR,ERR,ERR,ERR,ERR,ERR,ERR,ERR,ERR,ERR,ERR,ERR,ERR,ERR,ERR,ERR,ERR,ERR,ERR,ERR,ERR,ERR,ERR,ERR,ERR,ERR,ERR,ERR,ERR,ERR,ERR,ERR,ERR,ERR,ERR,ERR,ERR,ERR,ERR,ERR,ERR,ERR,ERR,ERR,ERR,ERR,ERR,0.0,-0.0,3.028208139652935e+23,0.0,0.0,1.3936040501711995e+18,7.805,0.0,0,0,4,0,7300,-0.0,0,0.0,0.0,0.0,0.0,0.0,0,0,0,0,0.0,0,0,0,0,0,0,0,0,0,0,0,0,0,0,0,0,0,0,0,0,0,0,0,0,0,0,0,0,0,0,0,0,0,32,30,30,62,65476,0,300,0,0,8,21553,0.0,-107605600.0,0.0,0.0,0.0,0.0,0.0,0.0,0.0,0.0,0.0,0.0,0.0,0.0,0.0,0.0,0.0,0.0,0.0,0.0,0.0,0.0,2.004,-2.004,2.004,2.004,0.0,0.0,0.0,0.0,5523.0,-0.0,6933.0,0.0,-0.0,-0.0,0.0,0.0,0.0,0.0,0.0,63,-5.8480814323122084e+35,0.0,0.0,0.0,0.0,0.0,0.0,0.0,0.0,0,0,0,0.0,0.0,0.0,0.0,0.0,0.0,0.0,0.0,0.0,0.0,0.0,0.0,0.0,0.0,0.0,0.0,0,-107875648.0,63,0.0,126,2.7184242562605685e+23,2.842318642297501e+23,ERR,ERR,ERR,ERR,ERR,ERR,ERR,ERR,ERR,ERR,ERR,ERR,ERR,ERR,ERR,ERR,ERR,ERR,ERR,ERR,ERR,ERR,ERR,ERR,ERR,ERR,ERR,ERR,ERR,ERR,ERR,ERR,ERR,ERR,ERR,ERR,ERR,ERR,ERR,ERR,ERR,ERR,ERR,ERR,ERR,ERR,ERR,ERR,ERR,ERR,ERR,ERR,ERR,ERR,ERR,ERR,ERR,ERR,ERR,ERR,ERR,ERR,ERR,ERR,ERR,ERR,ERR,34.0,80.0,35,0.0,0.0,0.0,0.0,0.0,0.0,0.0,0.0,0.0,0.0,0.0,0.0,0.0,0.0,0.0,0.0,64.4,0,116,56,49,65476,0,300,0,0,8,20529,65476,0,0,57672,80.0,0.0,0.0,0.0,0.0,0.0
2026-06-17T04:49:16,ERR,ERR,ERR,ERR,ERR,ERR,ERR,ERR,ERR,ERR,ERR,ERR,ERR,ERR,ERR,ERR,ERR,ERR,ERR,ERR,ERR,ERR,ERR,ERR,ERR,ERR,ERR,ERR,ERR,ERR,ERR,ERR,ERR,ERR,ERR,ERR,ERR,ERR,ERR,ERR,ERR,ERR,ERR,ERR,ERR,ERR,ERR,ERR,ERR,ERR,ERR,ERR,ERR,ERR,ERR,ERR,ERR,ERR,ERR,ERR,ERR,ERR,ERR,ERR,ERR,ERR,ERR,ERR,ERR,ERR,ERR,ERR,ERR,ERR,ERR,ERR,ERR,ERR,ERR,ERR,ERR,ERR,ERR,ERR,ERR,ERR,ERR,ERR,ERR,ERR,ERR,ERR,ERR,ERR,ERR,ERR,ERR,ERR,ERR,ERR,ERR,ERR,ERR,ERR,ERR,ERR,ERR,ERR,ERR,ERR,ERR,ERR,ERR,ERR,ERR,ERR,ERR,ERR,ERR,ERR,ERR,ERR,ERR,ERR,ERR,0.0,-0.0,3.028208139652935e+23,0.0,0.0,1.3936040501711995e+18,7.805,0.0,0,0,4,0,7300,-0.0,0,0.0,0.0,0.0,0.0,0.0,0,0,0,0,0.0,0,0,0,0,0,0,0,0,0,0,0,0,0,0,0,0,0,0,0,0,0,0,0,0,0,0,0,0,0,0,0,0,0,32,30,30,62,65476,0,300,0,0,8,21553,0.0,-107605600.0,0.0,0.0,0.0,0.0,0.0,0.0,0.0,0.0,0.0,0.0,0.0,0.0,0.0,0.0,0.0,0.0,0.0,0.0,0.0,0.0,2.004,-2.004,2.004,2.004,0.0,0.0,0.0,0.0,5523.0,-0.0,6933.0,0.0,-0.0,-0.0,0.0,0.0,0.0,0.0,0.0,63,-5.8480814323122084e+35,0.0,0.0,0.0,0.0,0.0,0.0,0.0,0.0,0,0,0,0.0,0.0,0.0,0.0,0.0,0.0,0.0,0.0,0.0,0.0,0.0,0.0,0.0,0.0,0.0,0.0,0,-107875648.0,63,0.0,126,2.7184242562605685e+23,2.842318642297501e+23,ERR,ERR,ERR,ERR,ERR,ERR,ERR,ERR,ERR,ERR,ERR,ERR,ERR,ERR,ERR,ERR,ERR,ERR,ERR,ERR,ERR,ERR,ERR,ERR,ERR,ERR,ERR,ERR,ERR,ERR,ERR,ERR,ERR,ERR,ERR,ERR,ERR,ERR,ERR,ERR,ERR,ERR,ERR,ERR,ERR,ERR,ERR,ERR,ERR,ERR,ERR,ERR,ERR,ERR,ERR,ERR,ERR,ERR,ERR,ERR,ERR,ERR,ERR,ERR,ERR,ERR,ERR,34.0,80.0,35,0.0,0.0,0.0,0.0,0.0,0.0,0.0,0.0,0.0,0.0,0.0,0.0,0.0,0.0,0.0,0.0,64.4,0,116,56,49,65476,0,300,0,0,8,20529,65476,0,0,57672,80.0,0.0,0.0,0.0,0.0,0.0
2026-06-17T04:49:17,ERR,ERR,ERR,ERR,ERR,ERR,ERR,ERR,ERR,ERR,ERR,ERR,ERR,ERR,ERR,ERR,ERR,ERR,ERR,ERR,ERR,ERR,ERR,ERR,ERR,ERR,ERR,ERR,ERR,ERR,ERR,ERR,ERR,ERR,ERR,ERR,ERR,ERR,ERR,ERR,ERR,ERR,ERR,ERR,ERR,ERR,ERR,ERR,ERR,ERR,ERR,ERR,ERR,ERR,ERR,ERR,ERR,ERR,ERR,ERR,ERR,ERR,ERR,ERR,ERR,ERR,ERR,ERR,ERR,ERR,ERR,ERR,ERR,ERR,ERR,ERR,ERR,ERR,ERR,ERR,ERR,ERR,ERR,ERR,ERR,ERR,ERR,ERR,ERR,ERR,ERR,ERR,ERR,ERR,ERR,ERR,ERR,ERR,ERR,ERR,ERR,ERR,ERR,ERR,ERR,ERR,ERR,ERR,ERR,ERR,ERR,ERR,ERR,ERR,ERR,ERR,ERR,ERR,ERR,ERR,ERR,ERR,ERR,ERR,ERR,0.0,-0.0,3.028208139652935e+23,0.0,0.0,1.3936040501711995e+18,7.805,0.0,0,0,4,0,7300,-0.0,0,0.0,0.0,0.0,0.0,0.0,0,0,0,0,0.0,0,0,0,0,0,0,0,0,0,0,0,0,0,0,0,0,0,0,0,0,0,0,0,0,0,0,0,0,0,0,0,0,0,32,30,30,62,65476,0,300,0,0,8,21553,0.0,-107605600.0,0.0,0.0,0.0,0.0,0.0,0.0,0.0,0.0,0.0,0.0,0.0,0.0,0.0,0.0,0.0,0.0,0.0,0.0,0.0,0.0,2.004,-2.004,2.004,2.004,0.0,0.0,0.0,0.0,5523.0,-0.0,6933.0,0.0,-0.0,-0.0,0.0,0.0,0.0,0.0,0.0,63,-5.8480814323122084e+35,0.0,0.0,0.0,0.0,0.0,0.0,0.0,0.0,0,0,0,0.0,0.0,0.0,0.0,0.0,0.0,0.0,0.0,0.0,0.0,0.0,0.0,0.0,0.0,0.0,0.0,0,-107875648.0,63,0.0,126,2.7184242562605685e+23,2.842318642297501e+23,ERR,ERR,ERR,ERR,ERR,ERR,ERR,ERR,ERR,ERR,ERR,ERR,ERR,ERR,ERR,ERR,ERR,ERR,ERR,ERR,ERR,ERR,ERR,ERR,ERR,ERR,ERR,ERR,ERR,ERR,ERR,ERR,ERR,ERR,ERR,ERR,ERR,ERR,ERR,ERR,ERR,ERR,ERR,ERR,ERR,ERR,ERR,ERR,ERR,ERR,ERR,ERR,ERR,ERR,ERR,ERR,ERR,ERR,ERR,ERR,ERR,ERR,ERR,ERR,ERR,ERR,ERR,34.0,80.0,35,0.0,0.0,0.0,0.0,0.0,0.0,0.0,0.0,0.0,0.0,0.0,0.0,0.0,0.0,0.0,0.0,64.4,0,116,56,49,65476,0,300,0,0,8,20529,65476,0,0,57672,80.0,0.0,0.0,0.0,0.0,0.0
2026-06-17T04:49:18,ERR,ERR,ERR,ERR,ERR,ERR,ERR,ERR,ERR,ERR,ERR,ERR,ERR,ERR,ERR,ERR,ERR,ERR,ERR,ERR,ERR,ERR,ERR,ERR,ERR,ERR,ERR,ERR,ERR,ERR,ERR,ERR,ERR,ERR,ERR,ERR,ERR,ERR,ERR,ERR,ERR,ERR,ERR,ERR,ERR,ERR,ERR,ERR,ERR,ERR,ERR,ERR,ERR,ERR,ERR,ERR,ERR,ERR,ERR,ERR,ERR,ERR,ERR,ERR,ERR,ERR,ERR,ERR,ERR,ERR,ERR,ERR,ERR,ERR,ERR,ERR,ERR,ERR,ERR,ERR,ERR,ERR,ERR,ERR,ERR,ERR,ERR,ERR,ERR,ERR,ERR,ERR,ERR,ERR,ERR,ERR,ERR,ERR,ERR,ERR,ERR,ERR,ERR,ERR,ERR,ERR,ERR,ERR,ERR,ERR,ERR,ERR,ERR,ERR,ERR,ERR,ERR,ERR,ERR,ERR,ERR,ERR,ERR,ERR,ERR,0.0,-0.0,3.028208139652935e+23,0.0,0.0,1.3936040501711995e+18,7.805,0.0,0,0,4,0,7300,-0.0,0,0.0,0.0,0.0,0.0,0.0,0,0,0,0,0.0,0,0,0,0,0,0,0,0,0,0,0,0,0,0,0,0,0,0,0,0,0,0,0,0,0,0,0,0,0,0,0,0,0,32,30,30,62,65476,0,300,0,0,8,21553,0.0,-107605600.0,0.0,0.0,0.0,0.0,0.0,0.0,0.0,0.0,0.0,0.0,0.0,0.0,0.0,0.0,0.0,0.0,0.0,0.0,0.0,0.0,2.004,-2.004,2.004,2.004,0.0,0.0,0.0,0.0,5523.0,-0.0,6933.0,0.0,-0.0,-0.0,0.0,0.0,0.0,0.0,0.0,63,-5.8480814323122084e+35,0.0,0.0,0.0,0.0,0.0,0.0,0.0,0.0,0,0,0,0.0,0.0,0.0,0.0,0.0,0.0,0.0,0.0,0.0,0.0,0.0,0.0,0.0,0.0,0.0,0.0,0,-107875648.0,63,0.0,126,2.7184242562605685e+23,2.842318642297501e+23,ERR,ERR,ERR,ERR,ERR,ERR,ERR,ERR,ERR,ERR,ERR,ERR,ERR,ERR,ERR,ERR,ERR,ERR,ERR,ERR,ERR,ERR,ERR,ERR,ERR,ERR,ERR,ERR,ERR,ERR,ERR,ERR,ERR,ERR,ERR,ERR,ERR,ERR,ERR,ERR,ERR,ERR,ERR,ERR,ERR,ERR,ERR,ERR,ERR,ERR,ERR,ERR,ERR,ERR,ERR,ERR,ERR,ERR,ERR,ERR,ERR,ERR,ERR,ERR,ERR,ERR,ERR,34.0,80.0,35,0.0,0.0,0.0,0.0,0.0,0.0,0.0,0.0,0.0,0.0,0.0,0.0,0.0,0.0,0.0,0.0,64.4,0,116,56,49,65476,0,300,0,0,8,20529,65476,0,0,57672,80.0,0.0,0.0,0.0,0.0,0.0
2026-06-17T04:49:19,ERR,ERR,ERR,ERR,ERR,ERR,ERR,ERR,ERR,ERR,ERR,ERR,ERR,ERR,ERR,ERR,ERR,ERR,ERR,ERR,ERR,ERR,ERR,ERR,ERR,ERR,ERR,ERR,ERR,ERR,ERR,ERR,ERR,ERR,ERR,ERR,ERR,ERR,ERR,ERR,ERR,ERR,ERR,ERR,ERR,ERR,ERR,ERR,ERR,ERR,ERR,ERR,ERR,ERR,ERR,ERR,ERR,ERR,ERR,ERR,ERR,ERR,ERR,ERR,ERR,ERR,ERR,ERR,ERR,ERR,ERR,ERR,ERR,ERR,ERR,ERR,ERR,ERR,ERR,ERR,ERR,ERR,ERR,ERR,ERR,ERR,ERR,ERR,ERR,ERR,ERR,ERR,ERR,ERR,ERR,ERR,ERR,ERR,ERR,ERR,ERR,ERR,ERR,ERR,ERR,ERR,ERR,ERR,ERR,ERR,ERR,ERR,ERR,ERR,ERR,ERR,ERR,ERR,ERR,ERR,ERR,ERR,ERR,ERR,ERR,0.0,-0.0,3.028208139652935e+23,0.0,0.0,1.3936040501711995e+18,7.805,0.0,0,0,4,0,7300,-0.0,0,0.0,0.0,0.0,0.0,0.0,0,0,0,0,0.0,0,0,0,0,0,0,0,0,0,0,0,0,0,0,0,0,0,0,0,0,0,0,0,0,0,0,0,0,0,0,0,0,0,32,30,30,62,65476,0,300,0,0,8,21553,0.0,-107605600.0,0.0,0.0,0.0,0.0,0.0,0.0,0.0,0.0,0.0,0.0,0.0,0.0,0.0,0.0,0.0,0.0,0.0,0.0,0.0,0.0,2.004,-2.004,2.004,2.004,0.0,0.0,0.0,0.0,5523.0,-0.0,6933.0,0.0,-0.0,-0.0,0.0,0.0,0.0,0.0,0.0,63,-5.8480814323122084e+35,0.0,0.0,0.0,0.0,0.0,0.0,0.0,0.0,0,0,0,0.0,0.0,0.0,0.0,0.0,0.0,0.0,0.0,0.0,0.0,0.0,0.0,0.0,0.0,0.0,0.0,0,-107875648.0,63,0.0,126,2.7184242562605685e+23,2.842318642297501e+23,ERR,ERR,ERR,ERR,ERR,ERR,ERR,ERR,ERR,ERR,ERR,ERR,ERR,ERR,ERR,ERR,ERR,ERR,ERR,ERR,ERR,ERR,ERR,ERR,ERR,ERR,ERR,ERR,ERR,ERR,ERR,ERR,ERR,ERR,ERR,ERR,ERR,ERR,ERR,ERR,ERR,ERR,ERR,ERR,ERR,ERR,ERR,ERR,ERR,ERR,ERR,ERR,ERR,ERR,ERR,ERR,ERR,ERR,ERR,ERR,ERR,ERR,ERR,ERR,ERR,ERR,ERR,34.0,80.0,35,0.0,0.0,0.0,0.0,0.0,0.0,0.0,0.0,0.0,0.0,0.0,0.0,0.0,0.0,0.0,0.0,64.4,0,116,56,49,65476,0,300,0,0,8,20529,65476,0,0,57672,80.0,0.0,0.0,0.0,0.0,0.0
2026-06-17T04:49:20,ERR,ERR,ERR,ERR,ERR,ERR,ERR,ERR,ERR,ERR,ERR,ERR,ERR,ERR,ERR,ERR,ERR,ERR,ERR,ERR,ERR,ERR,ERR,ERR,ERR,ERR,ERR,ERR,ERR,ERR,ERR,ERR,ERR,ERR,ERR,ERR,ERR,ERR,ERR,ERR,ERR,ERR,ERR,ERR,ERR,ERR,ERR,ERR,ERR,ERR,ERR,ERR,ERR,ERR,ERR,ERR,ERR,ERR,ERR,ERR,ERR,ERR,ERR,ERR,ERR,ERR,ERR,ERR,ERR,ERR,ERR,ERR,ERR,ERR,ERR,ERR,ERR,ERR,ERR,ERR,ERR,ERR,ERR,ERR,ERR,ERR,ERR,ERR,ERR,ERR,ERR,ERR,ERR,ERR,ERR,ERR,ERR,ERR,ERR,ERR,ERR,ERR,ERR,ERR,ERR,ERR,ERR,ERR,ERR,ERR,ERR,ERR,ERR,ERR,ERR,ERR,ERR,ERR,ERR,ERR,ERR,ERR,ERR,ERR,ERR,0.0,-0.0,3.028208139652935e+23,0.0,0.0,1.3936040501711995e+18,7.805,0.0,0,0,4,0,7300,-0.0,0,0.0,0.0,0.0,0.0,0.0,0,0,0,0,0.0,0,0,0,0,0,0,0,0,0,0,0,0,0,0,0,0,0,0,0,0,0,0,0,0,0,0,0,0,0,0,0,0,0,32,30,30,62,65476,0,300,0,0,8,21553,0.0,-107605600.0,0.0,0.0,0.0,0.0,0.0,0.0,0.0,0.0,0.0,0.0,0.0,0.0,0.0,0.0,0.0,0.0,0.0,0.0,0.0,0.0,2.004,-2.004,2.004,2.004,0.0,0.0,0.0,0.0,5524.0,-2.004,6936.0,0.0,-0.0,-0.0,0.0,0.0,0.0,0.0,0.0,63,0.0,0.0,0.0,0.0,0.0,0.0,0.0,0.0,0.0,0,0,0,0.0,0.0,0.0,0.0,0.0,0.0,0.0,0.0,0.0,0.0,0.0,0.0,0.0,0.0,0.0,0.0,0,-107875648.0,63,0.0,126,2.7184242562605685e+23,2.842318642297501e+23,ERR,ERR,ERR,ERR,ERR,ERR,ERR,ERR,ERR,ERR,ERR,ERR,ERR,ERR,ERR,ERR,ERR,ERR,ERR,ERR,ERR,ERR,ERR,ERR,ERR,ERR,ERR,ERR,ERR,ERR,ERR,ERR,ERR,ERR,ERR,ERR,ERR,ERR,ERR,ERR,ERR,ERR,ERR,ERR,ERR,ERR,ERR,ERR,ERR,ERR,ERR,ERR,ERR,ERR,ERR,ERR,ERR,ERR,ERR,ERR,ERR,ERR,ERR,ERR,ERR,ERR,ERR,34.0,80.0,35,0.0,0.0,0.0,0.0,0.0,0.0,0.0,0.0,0.0,0.0,0.0,0.0,0.0,0.0,0.0,0.0,64.4,0,116,56,49,65476,0,300,0,0,8,20529,65476,0,0,57672,80.0,0.0,0.0,0.0,0.0,0.0
2026-06-17T04:49:21,ERR,ERR,ERR,ERR,ERR,ERR,ERR,ERR,ERR,ERR,ERR,ERR,ERR,ERR,ERR,ERR,ERR,ERR,ERR,ERR,ERR,ERR,ERR,ERR,ERR,ERR,ERR,ERR,ERR,ERR,ERR,ERR,ERR,ERR,ERR,ERR,ERR,ERR,ERR,ERR,ERR,ERR,ERR,ERR,ERR,ERR,ERR,ERR,ERR,ERR,ERR,ERR,ERR,ERR,ERR,ERR,ERR,ERR,ERR,ERR,ERR,ERR,ERR,ERR,ERR,ERR,ERR,ERR,ERR,ERR,ERR,ERR,ERR,ERR,ERR,ERR,ERR,ERR,ERR,ERR,ERR,ERR,ERR,ERR,ERR,ERR,ERR,ERR,ERR,ERR,ERR,ERR,ERR,ERR,ERR,ERR,ERR,ERR,ERR,ERR,ERR,ERR,ERR,ERR,ERR,ERR,ERR,ERR,ERR,ERR,ERR,ERR,ERR,ERR,ERR,ERR,ERR,ERR,ERR,ERR,ERR,ERR,ERR,ERR,ERR,0.0,-0.0,3.028208139652935e+23,0.0,0.0,1.3936040501711995e+18,7.805,0.0,0,0,4,0,7300,-0.0,0,0.0,0.0,0.0,0.0,0.0,0,0,0,0,0.0,0,0,0,0,0,0,0,0,0,0,0,0,0,0,0,0,0,0,0,0,0,0,0,0,0,0,0,0,0,0,0,0,0,32,30,30,62,65476,0,300,0,0,8,21553,0.0,-107605600.0,0.0,0.0,0.0,0.0,0.0,0.0,0.0,0.0,0.0,0.0,0.0,0.0,0.0,0.0,0.0,0.0,0.0,0.0,0.0,0.0,2.004,-2.004,2.004,2.004,0.0,0.0,0.0,0.0,5524.0,-2.004,6936.0,0.0,-0.0,-0.0,0.0,0.0,0.0,0.0,0.0,63,0.0,0.0,0.0,0.0,0.0,0.0,0.0,0.0,0.0,0,0,0,0.0,0.0,0.0,0.0,0.0,0.0,0.0,0.0,0.0,0.0,0.0,0.0,0.0,0.0,0.0,0.0,0,-107875648.0,63,0.0,126,2.7184242562605685e+23,2.842318642297501e+23,ERR,ERR,ERR,ERR,ERR,ERR,ERR,ERR,ERR,ERR,ERR,ERR,ERR,ERR,ERR,ERR,ERR,ERR,ERR,ERR,ERR,ERR,ERR,ERR,ERR,ERR,ERR,ERR,ERR,ERR,ERR,ERR,ERR,ERR,ERR,ERR,ERR,ERR,ERR,ERR,ERR,ERR,ERR,ERR,ERR,ERR,ERR,ERR,ERR,ERR,ERR,ERR,ERR,ERR,ERR,ERR,ERR,ERR,ERR,ERR,ERR,ERR,ERR,ERR,ERR,ERR,ERR,34.0,80.0,35,0.0,0.0,0.0,0.0,0.0,0.0,0.0,0.0,0.0,0.0,0.0,0.0,0.0,0.0,0.0,0.0,64.4,0,116,56,49,65476,0,300,0,0,8,20529,65476,0,0,57672,80.0,0.0,0.0,0.0,0.0,0.0
2026-06-17T04:49:22,ERR,ERR,ERR,ERR,ERR,ERR,ERR,ERR,ERR,ERR,ERR,ERR,ERR,ERR,ERR,ERR,ERR,ERR,ERR,ERR,ERR,ERR,ERR,ERR,ERR,ERR,ERR,ERR,ERR,ERR,ERR,ERR,ERR,ERR,ERR,ERR,ERR,ERR,ERR,ERR,ERR,ERR,ERR,ERR,ERR,ERR,ERR,ERR,ERR,ERR,ERR,ERR,ERR,ERR,ERR,ERR,ERR,ERR,ERR,ERR,ERR,ERR,ERR,ERR,ERR,ERR,ERR,ERR,ERR,ERR,ERR,ERR,ERR,ERR,ERR,ERR,ERR,ERR,ERR,ERR,ERR,ERR,ERR,ERR,ERR,ERR,ERR,ERR,ERR,ERR,ERR,ERR,ERR,ERR,ERR,ERR,ERR,ERR,ERR,ERR,ERR,ERR,ERR,ERR,ERR,ERR,ERR,ERR,ERR,ERR,ERR,ERR,ERR,ERR,ERR,ERR,ERR,ERR,ERR,ERR,ERR,ERR,ERR,ERR,ERR,0.0,-0.0,3.028208139652935e+23,0.0,0.0,1.3936040501711995e+18,7.805,0.0,0,0,4,0,7300,-0.0,0,0.0,0.0,0.0,0.0,0.0,0,0,0,0,0.0,0,0,0,0,0,0,0,0,0,0,0,0,0,0,0,0,0,0,0,0,0,0,0,0,0,0,0,0,0,0,0,0,0,32,30,30,62,65476,0,300,0,0,8,21553,0.0,-107605600.0,0.0,0.0,0.0,0.0,0.0,0.0,0.0,0.0,0.0,0.0,0.0,0.0,0.0,0.0,0.0,0.0,0.0,0.0,0.0,0.0,2.004,-2.004,2.004,2.004,0.0,0.0,0.0,0.0,5524.0,-2.004,6936.0,0.0,-0.0,-0.0,0.0,0.0,0.0,0.0,0.0,63,0.0,0.0,0.0,0.0,0.0,0.0,0.0,0.0,0.0,0,0,0,0.0,0.0,0.0,0.0,0.0,0.0,0.0,0.0,0.0,0.0,0.0,0.0,0.0,0.0,0.0,0.0,0,-107875648.0,63,0.0,126,2.7184242562605685e+23,2.842318642297501e+23,ERR,ERR,ERR,ERR,ERR,ERR,ERR,ERR,ERR,ERR,ERR,ERR,ERR,ERR,ERR,ERR,ERR,ERR,ERR,ERR,ERR,ERR,ERR,ERR,ERR,ERR,ERR,ERR,ERR,ERR,ERR,ERR,ERR,ERR,ERR,ERR,ERR,ERR,ERR,ERR,ERR,ERR,ERR,ERR,ERR,ERR,ERR,ERR,ERR,ERR,ERR,ERR,ERR,ERR,ERR,ERR,ERR,ERR,ERR,ERR,ERR,ERR,ERR,ERR,ERR,ERR,ERR,34.0,80.0,35,0.0,0.0,0.0,0.0,0.0,0.0,0.0,0.0,0.0,0.0,0.0,0.0,0.0,0.0,0.0,0.0,64.4,0,116,56,49,65476,0,300,0,0,8,20529,65476,0,0,57672,80.0,0.0,0.0,0.0,0.0,0.0
2026-06-17T04:49:23,ERR,ERR,ERR,ERR,ERR,ERR,ERR,ERR,ERR,ERR,ERR,ERR,ERR,ERR,ERR,ERR,ERR,ERR,ERR,ERR,ERR,ERR,ERR,ERR,ERR,ERR,ERR,ERR,ERR,ERR,ERR,ERR,ERR,ERR,ERR,ERR,ERR,ERR,ERR,ERR,ERR,ERR,ERR,ERR,ERR,ERR,ERR,ERR,ERR,ERR,ERR,ERR,ERR,ERR,ERR,ERR,ERR,ERR,ERR,ERR,ERR,ERR,ERR,ERR,ERR,ERR,ERR,ERR,ERR,ERR,ERR,ERR,ERR,ERR,ERR,ERR,ERR,ERR,ERR,ERR,ERR,ERR,ERR,ERR,ERR,ERR,ERR,ERR,ERR,ERR,ERR,ERR,ERR,ERR,ERR,ERR,ERR,ERR,ERR,ERR,ERR,ERR,ERR,ERR,ERR,ERR,ERR,ERR,ERR,ERR,ERR,ERR,ERR,ERR,ERR,ERR,ERR,ERR,ERR,ERR,ERR,ERR,ERR,ERR,ERR,0.0,-0.0,3.028208139652935e+23,0.0,0.0,1.3936040501711995e+18,7.805,0.0,0,0,4,0,7300,-0.0,0,0.0,0.0,0.0,0.0,0.0,0,0,0,0,0.0,0,0,0,0,0,0,0,0,0,0,0,0,0,0,0,0,0,0,0,0,0,0,0,0,0,0,0,0,0,0,0,0,0,32,30,30,62,65476,0,300,0,0,8,21553,0.0,-107605600.0,0.0,0.0,0.0,0.0,0.0,0.0,0.0,0.0,0.0,0.0,0.0,0.0,0.0,0.0,0.0,0.0,0.0,0.0,0.0,0.0,2.004,-2.004,2.004,2.004,0.0,0.0,0.0,0.0,5524.0,-2.004,6936.0,0.0,-0.0,-0.0,0.0,0.0,0.0,0.0,0.0,63,0.0,0.0,0.0,0.0,0.0,0.0,0.0,0.0,0.0,0,0,0,0.0,0.0,0.0,0.0,0.0,0.0,0.0,0.0,0.0,0.0,0.0,0.0,0.0,0.0,0.0,0.0,0,-107875648.0,63,0.0,126,2.7184242562605685e+23,2.842318642297501e+23,ERR,ERR,ERR,ERR,ERR,ERR,ERR,ERR,ERR,ERR,ERR,ERR,ERR,ERR,ERR,ERR,ERR,ERR,ERR,ERR,ERR,ERR,ERR,ERR,ERR,ERR,ERR,ERR,ERR,ERR,ERR,ERR,ERR,ERR,ERR,ERR,ERR,ERR,ERR,ERR,ERR,ERR,ERR,ERR,ERR,ERR,ERR,ERR,ERR,ERR,ERR,ERR,ERR,ERR,ERR,ERR,ERR,ERR,ERR,ERR,ERR,ERR,ERR,ERR,ERR,ERR,ERR,34.0,80.0,35,0.0,0.0,0.0,0.0,0.0,0.0,0.0,0.0,0.0,0.0,0.0,0.0,0.0,0.0,0.0,0.0,64.8,0,116,56,49,65476,0,300,0,0,8,20529,65476,0,0,57672,80.0,0.0,0.0,0.0,0.0,0.0
2026-06-17T04:49:24,ERR,ERR,ERR,ERR,ERR,ERR,ERR,ERR,ERR,ERR,ERR,ERR,ERR,ERR,ERR,ERR,ERR,ERR,ERR,ERR,ERR,ERR,ERR,ERR,ERR,ERR,ERR,ERR,ERR,ERR,ERR,ERR,ERR,ERR,ERR,ERR,ERR,ERR,ERR,ERR,ERR,ERR,ERR,ERR,ERR,ERR,ERR,ERR,ERR,ERR,ERR,ERR,ERR,ERR,ERR,ERR,ERR,ERR,ERR,ERR,ERR,ERR,ERR,ERR,ERR,ERR,ERR,ERR,ERR,ERR,ERR,ERR,ERR,ERR,ERR,ERR,ERR,ERR,ERR,ERR,ERR,ERR,ERR,ERR,ERR,ERR,ERR,ERR,ERR,ERR,ERR,ERR,ERR,ERR,ERR,ERR,ERR,ERR,ERR,ERR,ERR,ERR,ERR,ERR,ERR,ERR,ERR,ERR,ERR,ERR,ERR,ERR,ERR,ERR,ERR,ERR,ERR,ERR,ERR,ERR,ERR,ERR,ERR,ERR,ERR,0.0,-0.0,3.028208139652935e+23,0.0,0.0,1.3936040501711995e+18,7.805,0.0,0,0,4,0,7300,-0.0,0,0.0,0.0,0.0,0.0,0.0,0,0,0,0,0.0,0,0,0,0,0,0,0,0,0,0,0,0,0,0,0,0,0,0,0,0,0,0,0,0,0,0,0,0,0,0,0,0,0,32,30,30,62,65476,0,300,0,0,8,21553,0.0,-107605600.0,0.0,0.0,0.0,0.0,0.0,0.0,0.0,0.0,0.0,0.0,0.0,0.0,0.0,0.0,0.0,0.0,0.0,0.0,0.0,0.0,2.004,-2.004,2.004,2.004,0.0,0.0,0.0,0.0,5524.0,-2.004,6936.0,0.0,-0.0,-0.0,0.0,0.0,0.0,0.0,0.0,63,0.0,0.0,0.0,0.0,0.0,0.0,0.0,0.0,0.0,0,0,0,0.0,0.0,0.0,0.0,0.0,0.0,0.0,0.0,0.0,0.0,0.0,0.0,0.0,0.0,0.0,0.0,0,-107875648.0,63,0.0,126,2.7184242562605685e+23,2.842318642297501e+23,ERR,ERR,ERR,ERR,ERR,ERR,ERR,ERR,ERR,ERR,ERR,ERR,ERR,ERR,ERR,ERR,ERR,ERR,ERR,ERR,ERR,ERR,ERR,ERR,ERR,ERR,ERR,ERR,ERR,ERR,ERR,ERR,ERR,ERR,ERR,ERR,ERR,ERR,ERR,ERR,ERR,ERR,ERR,ERR,ERR,ERR,ERR,ERR,ERR,ERR,ERR,ERR,ERR,ERR,ERR,ERR,ERR,ERR,ERR,ERR,ERR,ERR,ERR,ERR,ERR,ERR,ERR,34.0,80.0,35,0.0,0.0,0.0,0.0,0.0,0.0,0.0,0.0,0.0,0.0,0.0,0.0,0.0,0.0,0.0,0.0,64.8,0,116,56,49,65476,0,300,0,0,8,20529,65476,0,0,57672,80.0,0.0,0.0,0.0,0.0,0.0
2026-06-17T04:49:25,ERR,ERR,ERR,ERR,ERR,ERR,ERR,ERR,ERR,ERR,ERR,ERR,ERR,ERR,ERR,ERR,ERR,ERR,ERR,ERR,ERR,ERR,ERR,ERR,ERR,ERR,ERR,ERR,ERR,ERR,ERR,ERR,ERR,ERR,ERR,ERR,ERR,ERR,ERR,ERR,ERR,ERR,ERR,ERR,ERR,ERR,ERR,ERR,ERR,ERR,ERR,ERR,ERR,ERR,ERR,ERR,ERR,ERR,ERR,ERR,ERR,ERR,ERR,ERR,ERR,ERR,ERR,ERR,ERR,ERR,ERR,ERR,ERR,ERR,ERR,ERR,ERR,ERR,ERR,ERR,ERR,ERR,ERR,ERR,ERR,ERR,ERR,ERR,ERR,ERR,ERR,ERR,ERR,ERR,ERR,ERR,ERR,ERR,ERR,ERR,ERR,ERR,ERR,ERR,ERR,ERR,ERR,ERR,ERR,ERR,ERR,ERR,ERR,ERR,ERR,ERR,ERR,ERR,ERR,ERR,ERR,ERR,ERR,ERR,ERR,0.0,-0.0,3.028208139652935e+23,0.0,0.0,1.3936040501711995e+18,7.805,0.0,0,0,4,0,7300,-0.0,0,0.0,0.0,0.0,0.0,0.0,0,0,0,0,0.0,0,0,0,0,0,0,0,0,0,0,0,0,0,0,0,0,0,0,0,0,0,0,0,0,0,0,0,0,0,0,0,0,0,32,30,30,62,65476,0,300,0,0,8,21553,0.0,-107605600.0,0.0,0.0,0.0,0.0,0.0,0.0,0.0,0.0,0.0,0.0,0.0,0.0,0.0,0.0,0.0,0.0,0.0,0.0,0.0,0.0,2.004,-2.004,2.004,2.004,0.0,0.0,0.0,0.0,5523.0,1.040667361561035e+34,6927.0,0.0,-0.0,-0.0,0.0,0.0,0.0,0.0,0.0,63,-5.8480814323122084e+35,-71.63,0.0,0.0,0.0,0.0,0.0,0.0,0.0,0,0,0,0.0,0.0,0.0,0.0,0.0,0.0,0.0,0.0,0.0,0.0,0.0,0.0,0.0,0.0,0.0,0.0,0,-107875648.0,63,0.0,126,2.7184242562605685e+23,2.842318642297501e+23,ERR,ERR,ERR,ERR,ERR,ERR,ERR,ERR,ERR,ERR,ERR,ERR,ERR,ERR,ERR,ERR,ERR,ERR,ERR,ERR,ERR,ERR,ERR,ERR,ERR,ERR,ERR,ERR,ERR,ERR,ERR,ERR,ERR,ERR,ERR,ERR,ERR,ERR,ERR,ERR,ERR,ERR,ERR,ERR,ERR,ERR,ERR,ERR,ERR,ERR,ERR,ERR,ERR,ERR,ERR,ERR,ERR,ERR,ERR,ERR,ERR,ERR,ERR,ERR,ERR,ERR,ERR,34.0,80.0,35,0.0,0.0,0.0,0.0,0.0,0.0,0.0,0.0,0.0,0.0,0.0,0.0,0.0,0.0,0.0,0.0,64.4,0,116,56,49,65476,0,300,0,0,8,20529,65476,0,0,57672,80.0,0.0,0.0,0.0,0.0,0.0
2026-06-17T04:49:26,ERR,ERR,ERR,ERR,ERR,ERR,ERR,ERR,ERR,ERR,ERR,ERR,ERR,ERR,ERR,ERR,ERR,ERR,ERR,ERR,ERR,ERR,ERR,ERR,ERR,ERR,ERR,ERR,ERR,ERR,ERR,ERR,ERR,ERR,ERR,ERR,ERR,ERR,ERR,ERR,ERR,ERR,ERR,ERR,ERR,ERR,ERR,ERR,ERR,ERR,ERR,ERR,ERR,ERR,ERR,ERR,ERR,ERR,ERR,ERR,ERR,ERR,ERR,ERR,ERR,ERR,ERR,ERR,ERR,ERR,ERR,ERR,ERR,ERR,ERR,ERR,ERR,ERR,ERR,ERR,ERR,ERR,ERR,ERR,ERR,ERR,ERR,ERR,ERR,ERR,ERR,ERR,ERR,ERR,ERR,ERR,ERR,ERR,ERR,ERR,ERR,ERR,ERR,ERR,ERR,ERR,ERR,ERR,ERR,ERR,ERR,ERR,ERR,ERR,ERR,ERR,ERR,ERR,ERR,ERR,ERR,ERR,ERR,ERR,ERR,0.0,-0.0,3.028208139652935e+23,0.0,0.0,1.3936040501711995e+18,7.805,0.0,0,0,4,0,7300,-0.0,0,0.0,0.0,0.0,0.0,0.0,0,0,0,0,0.0,0,0,0,0,0,0,0,0,0,0,0,0,0,0,0,0,0,0,0,0,0,0,0,0,0,0,0,0,0,0,0,0,0,32,30,30,62,65476,0,300,0,0,8,21553,0.0,-107605600.0,0.0,0.0,0.0,0.0,0.0,0.0,0.0,0.0,0.0,0.0,0.0,0.0,0.0,0.0,0.0,0.0,0.0,0.0,0.0,0.0,2.004,-2.004,2.004,2.004,0.0,0.0,0.0,0.0,5523.0,1.040667361561035e+34,6927.0,0.0,-0.0,-0.0,0.0,0.0,0.0,0.0,0.0,63,-5.8480814323122084e+35,-71.63,0.0,0.0,0.0,0.0,0.0,0.0,0.0,0,0,0,0.0,0.0,0.0,0.0,0.0,0.0,0.0,0.0,0.0,0.0,0.0,0.0,0.0,0.0,0.0,0.0,0,-107875648.0,63,0.0,126,2.7184242562605685e+23,2.842318642297501e+23,ERR,ERR,ERR,ERR,ERR,ERR,ERR,ERR,ERR,ERR,ERR,ERR,ERR,ERR,ERR,ERR,ERR,ERR,ERR,ERR,ERR,ERR,ERR,ERR,ERR,ERR,ERR,ERR,ERR,ERR,ERR,ERR,ERR,ERR,ERR,ERR,ERR,ERR,ERR,ERR,ERR,ERR,ERR,ERR,ERR,ERR,ERR,ERR,ERR,ERR,ERR,ERR,ERR,ERR,ERR,ERR,ERR,ERR,ERR,ERR,ERR,ERR,ERR,ERR,ERR,ERR,ERR,34.0,80.0,35,0.0,0.0,0.0,0.0,0.0,0.0,0.0,0.0,0.0,0.0,0.0,0.0,0.0,0.0,0.0,0.0,64.4,0,116,56,49,65476,0,300,0,0,8,20529,65476,0,0,57672,80.0,0.0,0.0,0.0,0.0,0.0
2026-06-17T04:49:27,ERR,ERR,ERR,ERR,ERR,ERR,ERR,ERR,ERR,ERR,ERR,ERR,ERR,ERR,ERR,ERR,ERR,ERR,ERR,ERR,ERR,ERR,ERR,ERR,ERR,ERR,ERR,ERR,ERR,ERR,ERR,ERR,ERR,ERR,ERR,ERR,ERR,ERR,ERR,ERR,ERR,ERR,ERR,ERR,ERR,ERR,ERR,ERR,ERR,ERR,ERR,ERR,ERR,ERR,ERR,ERR,ERR,ERR,ERR,ERR,ERR,ERR,ERR,ERR,ERR,ERR,ERR,ERR,ERR,ERR,ERR,ERR,ERR,ERR,ERR,ERR,ERR,ERR,ERR,ERR,ERR,ERR,ERR,ERR,ERR,ERR,ERR,ERR,ERR,ERR,ERR,ERR,ERR,ERR,ERR,ERR,ERR,ERR,ERR,ERR,ERR,ERR,ERR,ERR,ERR,ERR,ERR,ERR,ERR,ERR,ERR,ERR,ERR,ERR,ERR,ERR,ERR,ERR,ERR,ERR,ERR,ERR,ERR,ERR,ERR,0.0,-0.0,3.028208139652935e+23,0.0,0.0,1.3936040501711995e+18,7.805,0.0,0,0,4,0,7300,-0.0,0,0.0,0.0,0.0,0.0,0.0,0,0,0,0,0.0,0,0,0,0,0,0,0,0,0,0,0,0,0,0,0,0,0,0,0,0,0,0,0,0,0,0,0,0,0,0,0,0,0,32,30,30,62,65476,0,300,0,0,8,21553,0.0,-107605600.0,0.0,0.0,0.0,0.0,0.0,0.0,0.0,0.0,0.0,0.0,0.0,0.0,0.0,0.0,0.0,0.0,0.0,0.0,0.0,0.0,2.004,-2.004,2.004,2.004,0.0,0.0,0.0,0.0,5523.0,1.040667361561035e+34,6927.0,0.0,-0.0,-0.0,0.0,0.0,0.0,0.0,0.0,63,-5.8480814323122084e+35,-71.63,0.0,0.0,0.0,0.0,0.0,0.0,0.0,0,0,0,0.0,0.0,0.0,0.0,0.0,0.0,0.0,0.0,0.0,0.0,0.0,0.0,0.0,0.0,0.0,0.0,0,-107875648.0,63,0.0,126,2.7184242562605685e+23,2.842318642297501e+23,ERR,ERR,ERR,ERR,ERR,ERR,ERR,ERR,ERR,ERR,ERR,ERR,ERR,ERR,ERR,ERR,ERR,ERR,ERR,ERR,ERR,ERR,ERR,ERR,ERR,ERR,ERR,ERR,ERR,ERR,ERR,ERR,ERR,ERR,ERR,ERR,ERR,ERR,ERR,ERR,ERR,ERR,ERR,ERR,ERR,ERR,ERR,ERR,ERR,ERR,ERR,ERR,ERR,ERR,ERR,ERR,ERR,ERR,ERR,ERR,ERR,ERR,ERR,ERR,ERR,ERR,ERR,34.0,80.0,35,0.0,0.0,0.0,0.0,0.0,0.0,0.0,0.0,0.0,0.0,0.0,0.0,0.0,0.0,0.0,0.0,64.4,0,116,56,49,65476,0,300,0,0,8,20529,65476,0,0,57672,80.0,0.0,0.0,0.0,0.0,0.0
2026-06-17T04:49:28,ERR,ERR,ERR,ERR,ERR,ERR,ERR,ERR,ERR,ERR,ERR,ERR,ERR,ERR,ERR,ERR,ERR,ERR,ERR,ERR,ERR,ERR,ERR,ERR,ERR,ERR,ERR,ERR,ERR,ERR,ERR,ERR,ERR,ERR,ERR,ERR,ERR,ERR,ERR,ERR,ERR,ERR,ERR,ERR,ERR,ERR,ERR,ERR,ERR,ERR,ERR,ERR,ERR,ERR,ERR,ERR,ERR,ERR,ERR,ERR,ERR,ERR,ERR,ERR,ERR,ERR,ERR,ERR,ERR,ERR,ERR,ERR,ERR,ERR,ERR,ERR,ERR,ERR,ERR,ERR,ERR,ERR,ERR,ERR,ERR,ERR,ERR,ERR,ERR,ERR,ERR,ERR,ERR,ERR,ERR,ERR,ERR,ERR,ERR,ERR,ERR,ERR,ERR,ERR,ERR,ERR,ERR,ERR,ERR,ERR,ERR,ERR,ERR,ERR,ERR,ERR,ERR,ERR,ERR,ERR,ERR,ERR,ERR,ERR,ERR,0.0,-0.0,3.028208139652935e+23,0.0,0.0,1.3936040501711995e+18,7.805,0.0,0,0,4,0,7300,-0.0,0,0.0,0.0,0.0,0.0,0.0,0,0,0,0,0.0,0,0,0,0,0,0,0,0,0,0,0,0,0,0,0,0,0,0,0,0,0,0,0,0,0,0,0,0,0,0,0,0,0,32,30,30,62,65476,0,300,0,0,8,21553,0.0,-107605600.0,0.0,0.0,0.0,0.0,0.0,0.0,0.0,0.0,0.0,0.0,0.0,0.0,0.0,0.0,0.0,0.0,0.0,0.0,0.0,0.0,2.004,-2.004,2.004,2.004,0.0,0.0,0.0,0.0,5523.0,1.040667361561035e+34,6927.0,0.0,-0.0,-0.0,0.0,0.0,0.0,0.0,0.0,63,-5.8480814323122084e+35,-71.63,0.0,0.0,0.0,0.0,0.0,0.0,0.0,0,0,0,0.0,0.0,0.0,0.0,0.0,0.0,0.0,0.0,0.0,0.0,0.0,0.0,0.0,0.0,0.0,0.0,0,-107875648.0,63,0.0,126,2.7184242562605685e+23,2.842318642297501e+23,ERR,ERR,ERR,ERR,ERR,ERR,ERR,ERR,ERR,ERR,ERR,ERR,ERR,ERR,ERR,ERR,ERR,ERR,ERR,ERR,ERR,ERR,ERR,ERR,ERR,ERR,ERR,ERR,ERR,ERR,ERR,ERR,ERR,ERR,ERR,ERR,ERR,ERR,ERR,ERR,ERR,ERR,ERR,ERR,ERR,ERR,ERR,ERR,ERR,ERR,ERR,ERR,ERR,ERR,ERR,ERR,ERR,ERR,ERR,ERR,ERR,ERR,ERR,ERR,ERR,ERR,ERR,34.0,80.0,35,0.0,0.0,0.0,0.0,0.0,0.0,0.0,0.0,0.0,0.0,0.0,0.0,0.0,0.0,0.0,0.0,64.4,0,116,56,49,65476,0,300,0,0,8,20529,65476,0,0,57672,80.0,0.0,0.0,0.0,0.0,0.0
2026-06-17T04:49:29,ERR,ERR,ERR,ERR,ERR,ERR,ERR,ERR,ERR,ERR,ERR,ERR,ERR,ERR,ERR,ERR,ERR,ERR,ERR,ERR,ERR,ERR,ERR,ERR,ERR,ERR,ERR,ERR,ERR,ERR,ERR,ERR,ERR,ERR,ERR,ERR,ERR,ERR,ERR,ERR,ERR,ERR,ERR,ERR,ERR,ERR,ERR,ERR,ERR,ERR,ERR,ERR,ERR,ERR,ERR,ERR,ERR,ERR,ERR,ERR,ERR,ERR,ERR,ERR,ERR,ERR,ERR,ERR,ERR,ERR,ERR,ERR,ERR,ERR,ERR,ERR,ERR,ERR,ERR,ERR,ERR,ERR,ERR,ERR,ERR,ERR,ERR,ERR,ERR,ERR,ERR,ERR,ERR,ERR,ERR,ERR,ERR,ERR,ERR,ERR,ERR,ERR,ERR,ERR,ERR,ERR,ERR,ERR,ERR,ERR,ERR,ERR,ERR,ERR,ERR,ERR,ERR,ERR,ERR,ERR,ERR,ERR,ERR,ERR,ERR,0.0,-0.0,3.028208139652935e+23,0.0,0.0,1.3936040501711995e+18,7.805,0.0,0,0,4,0,7300,-0.0,0,0.0,0.0,0.0,0.0,0.0,0,0,0,0,0.0,0,0,0,0,0,0,0,0,0,0,0,0,0,0,0,0,0,0,0,0,0,0,0,0,0,0,0,0,0,0,0,0,0,32,30,30,62,65476,0,300,0,0,8,21553,0.0,-107605600.0,0.0,0.0,0.0,0.0,0.0,0.0,0.0,0.0,0.0,0.0,0.0,0.0,0.0,0.0,0.0,0.0,0.0,0.0,0.0,0.0,2.004,-2.004,2.004,2.004,0.0,0.0,0.0,0.0,5523.0,1.040667361561035e+34,6927.0,0.0,-0.0,-0.0,0.0,0.0,0.0,0.0,0.0,63,-5.8480814323122084e+35,-71.63,0.0,0.0,0.0,0.0,0.0,0.0,0.0,0,0,0,0.0,0.0,0.0,0.0,0.0,0.0,0.0,0.0,0.0,0.0,0.0,0.0,0.0,0.0,0.0,0.0,0,-107875648.0,63,0.0,126,2.7184242562605685e+23,2.842318642297501e+23,ERR,ERR,ERR,ERR,ERR,ERR,ERR,ERR,ERR,ERR,ERR,ERR,ERR,ERR,ERR,ERR,ERR,ERR,ERR,ERR,ERR,ERR,ERR,ERR,ERR,ERR,ERR,ERR,ERR,ERR,ERR,ERR,ERR,ERR,ERR,ERR,ERR,ERR,ERR,ERR,ERR,ERR,ERR,ERR,ERR,ERR,ERR,ERR,ERR,ERR,ERR,ERR,ERR,ERR,ERR,ERR,ERR,ERR,ERR,ERR,ERR,ERR,ERR,ERR,ERR,ERR,ERR,34.0,80.0,35,0.0,0.0,0.0,0.0,0.0,0.0,0.0,0.0,0.0,0.0,0.0,0.0,0.0,0.0,0.0,0.0,64.4,0,116,56,49,65476,0,300,0,0,8,20529,65476,0,0,57672,80.0,0.0,0.0,0.0,0.0,0.0
2026-06-17T04:49:30,ERR,ERR,ERR,ERR,ERR,ERR,ERR,ERR,ERR,ERR,ERR,ERR,ERR,ERR,ERR,ERR,ERR,ERR,ERR,ERR,ERR,ERR,ERR,ERR,ERR,ERR,ERR,ERR,ERR,ERR,ERR,ERR,ERR,ERR,ERR,ERR,ERR,ERR,ERR,ERR,ERR,ERR,ERR,ERR,ERR,ERR,ERR,ERR,ERR,ERR,ERR,ERR,ERR,ERR,ERR,ERR,ERR,ERR,ERR,ERR,ERR,ERR,ERR,ERR,ERR,ERR,ERR,ERR,ERR,ERR,ERR,ERR,ERR,ERR,ERR,ERR,ERR,ERR,ERR,ERR,ERR,ERR,ERR,ERR,ERR,ERR,ERR,ERR,ERR,ERR,ERR,ERR,ERR,ERR,ERR,ERR,ERR,ERR,ERR,ERR,ERR,ERR,ERR,ERR,ERR,ERR,ERR,ERR,ERR,ERR,ERR,ERR,ERR,ERR,ERR,ERR,ERR,ERR,ERR,ERR,ERR,ERR,ERR,ERR,ERR,0.0,-0.0,-0.0,0.0,0.0,1.3936040501711995e+18,7.805,0.0,0,0,4,0,7300,-0.0,0,0.0,0.0,0.0,0.0,0.0,0,0,0,0,0.0,0,0,0,0,0,0,0,0,0,0,0,0,0,0,0,0,0,0,0,0,0,0,0,0,0,0,0,0,0,0,0,0,0,32,30,30,62,65476,0,300,0,0,8,21553,0.0,-107605600.0,0.0,0.0,0.0,0.0,0.0,0.0,0.0,0.0,0.0,0.0,0.0,0.0,0.0,0.0,0.0,0.0,0.0,0.0,0.0,0.0,2.004,-2.004,2.004,2.004,0.0,0.0,0.0,0.0,5521.0,8608198656.0,6922.0,0.0,-0.0,-0.0,0.0,0.0,0.0,0.0,0.0,63,-4.066878214320265e+29,-0.0,0.0,0.0,0.0,0.0,0.0,0.0,0.0,0,0,0,0.0,0.0,0.0,0.0,0.0,0.0,0.0,0.0,0.0,0.0,0.0,0.0,0.0,0.0,0.0,0.0,0,-107875648.0,63,0.0,126,2.7184242562605685e+23,2.842318642297501e+23,ERR,ERR,ERR,ERR,ERR,ERR,ERR,ERR,ERR,ERR,ERR,ERR,ERR,ERR,ERR,ERR,ERR,ERR,ERR,ERR,ERR,ERR,ERR,ERR,ERR,ERR,ERR,ERR,ERR,ERR,ERR,ERR,ERR,ERR,ERR,ERR,ERR,ERR,ERR,ERR,ERR,ERR,ERR,ERR,ERR,ERR,ERR,ERR,ERR,ERR,ERR,ERR,ERR,ERR,ERR,ERR,ERR,ERR,ERR,ERR,ERR,ERR,ERR,ERR,ERR,ERR,ERR,34.0,80.0,35,0.0,0.0,0.0,0.0,0.0,0.0,0.0,0.0,0.0,0.0,0.0,0.0,0.0,0.0,0.0,0.0,64.4,0,116,56,49,65476,0,300,0,0,8,20529,65476,0,0,57672,80.0,0.0,0.0,0.0,0.0,0.0
2026-06-17T04:49:31,ERR,ERR,ERR,ERR,ERR,ERR,ERR,ERR,ERR,ERR,ERR,ERR,ERR,ERR,ERR,ERR,ERR,ERR,ERR,ERR,ERR,ERR,ERR,ERR,ERR,ERR,ERR,ERR,ERR,ERR,ERR,ERR,ERR,ERR,ERR,ERR,ERR,ERR,ERR,ERR,ERR,ERR,ERR,ERR,ERR,ERR,ERR,ERR,ERR,ERR,ERR,ERR,ERR,ERR,ERR,ERR,ERR,ERR,ERR,ERR,ERR,ERR,ERR,ERR,ERR,ERR,ERR,ERR,ERR,ERR,ERR,ERR,ERR,ERR,ERR,ERR,ERR,ERR,ERR,ERR,ERR,ERR,ERR,ERR,ERR,ERR,ERR,ERR,ERR,ERR,ERR,ERR,ERR,ERR,ERR,ERR,ERR,ERR,ERR,ERR,ERR,ERR,ERR,ERR,ERR,ERR,ERR,ERR,ERR,ERR,ERR,ERR,ERR,ERR,ERR,ERR,ERR,ERR,ERR,ERR,ERR,ERR,ERR,ERR,ERR,0.0,-0.0,-0.0,0.0,0.0,1.3936040501711995e+18,7.805,0.0,0,0,4,0,7300,-0.0,0,0.0,0.0,0.0,0.0,0.0,0,0,0,0,0.0,0,0,0,0,0,0,0,0,0,0,0,0,0,0,0,0,0,0,0,0,0,0,0,0,0,0,0,0,0,0,0,0,0,32,30,30,62,65476,0,300,0,0,8,21553,0.0,-107605600.0,0.0,0.0,0.0,0.0,0.0,0.0,0.0,0.0,0.0,0.0,0.0,0.0,0.0,0.0,0.0,0.0,0.0,0.0,0.0,0.0,2.004,-2.004,2.004,2.004,0.0,0.0,0.0,0.0,5521.0,8608198656.0,6922.0,0.0,-0.0,-0.0,0.0,0.0,0.0,0.0,0.0,63,-4.066878214320265e+29,-0.0,0.0,0.0,0.0,0.0,0.0,0.0,0.0,0,0,0,0.0,0.0,0.0,0.0,0.0,0.0,0.0,0.0,0.0,0.0,0.0,0.0,0.0,0.0,0.0,0.0,0,-107875648.0,63,0.0,126,2.7184242562605685e+23,2.842318642297501e+23,ERR,ERR,ERR,ERR,ERR,ERR,ERR,ERR,ERR,ERR,ERR,ERR,ERR,ERR,ERR,ERR,ERR,ERR,ERR,ERR,ERR,ERR,ERR,ERR,ERR,ERR,ERR,ERR,ERR,ERR,ERR,ERR,ERR,ERR,ERR,ERR,ERR,ERR,ERR,ERR,ERR,ERR,ERR,ERR,ERR,ERR,ERR,ERR,ERR,ERR,ERR,ERR,ERR,ERR,ERR,ERR,ERR,ERR,ERR,ERR,ERR,ERR,ERR,ERR,ERR,ERR,ERR,34.0,80.0,35,0.0,0.0,0.0,0.0,0.0,0.0,0.0,0.0,0.0,0.0,0.0,0.0,0.0,0.0,0.0,0.0,64.4,0,116,56,49,65476,0,300,0,0,8,20529,65476,0,0,57672,80.0,0.0,0.0,0.0,0.0,0.0
2026-06-17T04:49:32,ERR,ERR,ERR,ERR,ERR,ERR,ERR,ERR,ERR,ERR,ERR,ERR,ERR,ERR,ERR,ERR,ERR,ERR,ERR,ERR,ERR,ERR,ERR,ERR,ERR,ERR,ERR,ERR,ERR,ERR,ERR,ERR,ERR,ERR,ERR,ERR,ERR,ERR,ERR,ERR,ERR,ERR,ERR,ERR,ERR,ERR,ERR,ERR,ERR,ERR,ERR,ERR,ERR,ERR,ERR,ERR,ERR,ERR,ERR,ERR,ERR,ERR,ERR,ERR,ERR,ERR,ERR,ERR,ERR,ERR,ERR,ERR,ERR,ERR,ERR,ERR,ERR,ERR,ERR,ERR,ERR,ERR,ERR,ERR,ERR,ERR,ERR,ERR,ERR,ERR,ERR,ERR,ERR,ERR,ERR,ERR,ERR,ERR,ERR,ERR,ERR,ERR,ERR,ERR,ERR,ERR,ERR,ERR,ERR,ERR,ERR,ERR,ERR,ERR,ERR,ERR,ERR,ERR,ERR,ERR,ERR,ERR,ERR,ERR,ERR,0.0,-0.0,-0.0,0.0,0.0,1.3936040501711995e+18,7.805,0.0,0,0,4,0,7300,-0.0,0,0.0,0.0,0.0,0.0,0.0,0,0,0,0,0.0,0,0,0,0,0,0,0,0,0,0,0,0,0,0,0,0,0,0,0,0,0,0,0,0,0,0,0,0,0,0,0,0,0,32,30,30,62,65476,0,300,0,0,8,21553,0.0,-107605600.0,0.0,0.0,0.0,0.0,0.0,0.0,0.0,0.0,0.0,0.0,0.0,0.0,0.0,0.0,0.0,0.0,0.0,0.0,0.0,0.0,2.004,-2.004,2.004,2.004,0.0,0.0,0.0,0.0,5521.0,8608198656.0,6922.0,0.0,-0.0,-0.0,0.0,0.0,0.0,0.0,0.0,63,-4.066878214320265e+29,-0.0,0.0,0.0,0.0,0.0,0.0,0.0,0.0,0,0,0,0.0,0.0,0.0,0.0,0.0,0.0,0.0,0.0,0.0,0.0,0.0,0.0,0.0,0.0,0.0,0.0,0,-107875648.0,63,0.0,126,2.7184242562605685e+23,2.842318642297501e+23,ERR,ERR,ERR,ERR,ERR,ERR,ERR,ERR,ERR,ERR,ERR,ERR,ERR,ERR,ERR,ERR,ERR,ERR,ERR,ERR,ERR,ERR,ERR,ERR,ERR,ERR,ERR,ERR,ERR,ERR,ERR,ERR,ERR,ERR,ERR,ERR,ERR,ERR,ERR,ERR,ERR,ERR,ERR,ERR,ERR,ERR,ERR,ERR,ERR,ERR,ERR,ERR,ERR,ERR,ERR,ERR,ERR,ERR,ERR,ERR,ERR,ERR,ERR,ERR,ERR,ERR,ERR,34.0,80.0,35,0.0,0.0,0.0,0.0,0.0,0.0,0.0,0.0,0.0,0.0,0.0,0.0,0.0,0.0,0.0,0.0,64.8,0,116,56,49,65476,0,300,0,0,8,20529,65476,0,0,57672,80.0,0.0,0.0,0.0,0.0,0.0
2026-06-17T04:49:33,ERR,ERR,ERR,ERR,ERR,ERR,ERR,ERR,ERR,ERR,ERR,ERR,ERR,ERR,ERR,ERR,ERR,ERR,ERR,ERR,ERR,ERR,ERR,ERR,ERR,ERR,ERR,ERR,ERR,ERR,ERR,ERR,ERR,ERR,ERR,ERR,ERR,ERR,ERR,ERR,ERR,ERR,ERR,ERR,ERR,ERR,ERR,ERR,ERR,ERR,ERR,ERR,ERR,ERR,ERR,ERR,ERR,ERR,ERR,ERR,ERR,ERR,ERR,ERR,ERR,ERR,ERR,ERR,ERR,ERR,ERR,ERR,ERR,ERR,ERR,ERR,ERR,ERR,ERR,ERR,ERR,ERR,ERR,ERR,ERR,ERR,ERR,ERR,ERR,ERR,ERR,ERR,ERR,ERR,ERR,ERR,ERR,ERR,ERR,ERR,ERR,ERR,ERR,ERR,ERR,ERR,ERR,ERR,ERR,ERR,ERR,ERR,ERR,ERR,ERR,ERR,ERR,ERR,ERR,ERR,ERR,ERR,ERR,ERR,ERR,0.0,-0.0,-0.0,0.0,0.0,1.3936040501711995e+18,7.805,0.0,0,0,4,0,7300,-0.0,0,0.0,0.0,0.0,0.0,0.0,0,0,0,0,0.0,0,0,0,0,0,0,0,0,0,0,0,0,0,0,0,0,0,0,0,0,0,0,0,0,0,0,0,0,0,0,0,0,0,32,30,30,62,65476,0,300,0,0,8,21553,0.0,-107605600.0,0.0,0.0,0.0,0.0,0.0,0.0,0.0,0.0,0.0,0.0,0.0,0.0,0.0,0.0,0.0,0.0,0.0,0.0,0.0,0.0,2.004,-2.004,2.004,2.004,0.0,0.0,0.0,0.0,5521.0,8608198656.0,6922.0,0.0,-0.0,-0.0,0.0,0.0,0.0,0.0,0.0,63,-4.066878214320265e+29,-0.0,0.0,0.0,0.0,0.0,0.0,0.0,0.0,0,0,0,0.0,0.0,0.0,0.0,0.0,0.0,0.0,0.0,0.0,0.0,0.0,0.0,0.0,0.0,0.0,0.0,0,-107875648.0,63,0.0,126,2.7184242562605685e+23,2.842318642297501e+23,ERR,ERR,ERR,ERR,ERR,ERR,ERR,ERR,ERR,ERR,ERR,ERR,ERR,ERR,ERR,ERR,ERR,ERR,ERR,ERR,ERR,ERR,ERR,ERR,ERR,ERR,ERR,ERR,ERR,ERR,ERR,ERR,ERR,ERR,ERR,ERR,ERR,ERR,ERR,ERR,ERR,ERR,ERR,ERR,ERR,ERR,ERR,ERR,ERR,ERR,ERR,ERR,ERR,ERR,ERR,ERR,ERR,ERR,ERR,ERR,ERR,ERR,ERR,ERR,ERR,ERR,ERR,34.0,80.0,35,0.0,0.0,0.0,0.0,0.0,0.0,0.0,0.0,0.0,0.0,0.0,0.0,0.0,0.0,0.0,0.0,64.8,0,116,56,49,65476,0,300,0,0,8,20529,65476,0,0,57672,80.0,0.0,0.0,0.0,0.0,0.0
2026-06-17T04:49:34,ERR,ERR,ERR,ERR,ERR,ERR,ERR,ERR,ERR,ERR,ERR,ERR,ERR,ERR,ERR,ERR,ERR,ERR,ERR,ERR,ERR,ERR,ERR,ERR,ERR,ERR,ERR,ERR,ERR,ERR,ERR,ERR,ERR,ERR,ERR,ERR,ERR,ERR,ERR,ERR,ERR,ERR,ERR,ERR,ERR,ERR,ERR,ERR,ERR,ERR,ERR,ERR,ERR,ERR,ERR,ERR,ERR,ERR,ERR,ERR,ERR,ERR,ERR,ERR,ERR,ERR,ERR,ERR,ERR,ERR,ERR,ERR,ERR,ERR,ERR,ERR,ERR,ERR,ERR,ERR,ERR,ERR,ERR,ERR,ERR,ERR,ERR,ERR,ERR,ERR,ERR,ERR,ERR,ERR,ERR,ERR,ERR,ERR,ERR,ERR,ERR,ERR,ERR,ERR,ERR,ERR,ERR,ERR,ERR,ERR,ERR,ERR,ERR,ERR,ERR,ERR,ERR,ERR,ERR,ERR,ERR,ERR,ERR,ERR,ERR,0.0,-0.0,-0.0,0.0,0.0,1.3936040501711995e+18,7.805,0.0,0,0,4,0,7300,-0.0,0,0.0,0.0,0.0,0.0,0.0,0,0,0,0,0.0,0,0,0,0,0,0,0,0,0,0,0,0,0,0,0,0,0,0,0,0,0,0,0,0,0,0,0,0,0,0,0,0,0,32,30,30,62,65476,0,300,0,0,8,21553,0.0,-107605600.0,0.0,0.0,0.0,0.0,0.0,0.0,0.0,0.0,0.0,0.0,0.0,0.0,0.0,0.0,0.0,0.0,0.0,0.0,0.0,0.0,2.004,-2.004,2.004,2.004,0.0,0.0,0.0,0.0,5521.0,8608198656.0,6922.0,0.0,-0.0,-0.0,0.0,0.0,0.0,0.0,0.0,63,-4.066878214320265e+29,-0.0,0.0,0.0,0.0,0.0,0.0,0.0,0.0,0,0,0,0.0,0.0,0.0,0.0,0.0,0.0,0.0,0.0,0.0,0.0,0.0,0.0,0.0,0.0,0.0,0.0,0,-107875648.0,63,0.0,126,2.7184242562605685e+23,2.842318642297501e+23,ERR,ERR,ERR,ERR,ERR,ERR,ERR,ERR,ERR,ERR,ERR,ERR,ERR,ERR,ERR,ERR,ERR,ERR,ERR,ERR,ERR,ERR,ERR,ERR,ERR,ERR,ERR,ERR,ERR,ERR,ERR,ERR,ERR,ERR,ERR,ERR,ERR,ERR,ERR,ERR,ERR,ERR,ERR,ERR,ERR,ERR,ERR,ERR,ERR,ERR,ERR,ERR,ERR,ERR,ERR,ERR,ERR,ERR,ERR,ERR,ERR,ERR,ERR,ERR,ERR,ERR,ERR,34.0,80.0,35,0.0,0.0,0.0,0.0,0.0,0.0,0.0,0.0,0.0,0.0,0.0,0.0,0.0,0.0,0.0,0.0,64.8,0,116,56,49,65476,0,300,0,0,8,20529,65476,0,0,57672,80.0,0.0,0.0,0.0,0.0,0.0
2026-06-17T04:49:35,ERR,ERR,ERR,ERR,ERR,ERR,ERR,ERR,ERR,ERR,ERR,ERR,ERR,ERR,ERR,ERR,ERR,ERR,ERR,ERR,ERR,ERR,ERR,ERR,ERR,ERR,ERR,ERR,ERR,ERR,ERR,ERR,ERR,ERR,ERR,ERR,ERR,ERR,ERR,ERR,ERR,ERR,ERR,ERR,ERR,ERR,ERR,ERR,ERR,ERR,ERR,ERR,ERR,ERR,ERR,ERR,ERR,ERR,ERR,ERR,ERR,ERR,ERR,ERR,ERR,ERR,ERR,ERR,ERR,ERR,ERR,ERR,ERR,ERR,ERR,ERR,ERR,ERR,ERR,ERR,ERR,ERR,ERR,ERR,ERR,ERR,ERR,ERR,ERR,ERR,ERR,ERR,ERR,ERR,ERR,ERR,ERR,ERR,ERR,ERR,ERR,ERR,ERR,ERR,ERR,ERR,ERR,ERR,ERR,ERR,ERR,ERR,ERR,ERR,ERR,ERR,ERR,ERR,ERR,ERR,ERR,ERR,ERR,ERR,ERR,0.0,-0.0,-0.0,0.0,0.0,1.3936040501711995e+18,7.805,0.0,0,0,4,0,7300,-0.0,0,0.0,0.0,0.0,0.0,0.0,0,0,0,0,0.0,0,0,0,0,0,0,0,0,0,0,0,0,0,0,0,0,0,0,0,0,0,0,0,0,0,0,0,0,0,0,0,0,0,32,30,30,62,65476,0,300,0,0,8,21553,0.0,-107605600.0,0.0,0.0,0.0,0.0,0.0,0.0,0.0,0.0,0.0,0.0,0.0,0.0,0.0,0.0,0.0,0.0,0.0,0.0,0.0,0.0,2.004,-2.004,2.004,2.004,0.0,0.0,0.0,0.0,5521.0,8608198656.0,6922.0,0.0,-0.0,-0.0,0.0,0.0,0.0,0.0,0.0,63,-4.066878214320265e+29,-0.0,0.0,0.0,0.0,0.0,0.0,0.0,0.0,0,0,0,0.0,0.0,0.0,0.0,0.0,0.0,0.0,0.0,0.0,0.0,0.0,0.0,0.0,0.0,0.0,0.0,0,-107875648.0,63,0.0,126,2.7184242562605685e+23,2.842318642297501e+23,ERR,ERR,ERR,ERR,ERR,ERR,ERR,ERR,ERR,ERR,ERR,ERR,ERR,ERR,ERR,ERR,ERR,ERR,ERR,ERR,ERR,ERR,ERR,ERR,ERR,ERR,ERR,ERR,ERR,ERR,ERR,ERR,ERR,ERR,ERR,ERR,ERR,ERR,ERR,ERR,ERR,ERR,ERR,ERR,ERR,ERR,ERR,ERR,ERR,ERR,ERR,ERR,ERR,ERR,ERR,ERR,ERR,ERR,ERR,ERR,ERR,ERR,ERR,ERR,ERR,ERR,ERR,34.0,80.0,35,0.0,0.0,0.0,0.0,0.0,0.0,0.0,0.0,0.0,0.0,0.0,0.0,0.0,0.0,0.0,0.0,64.8,0,116,56,49,65476,0,300,0,0,8,20529,65476,0,0,57672,80.0,0.0,0.0,0.0,0.0,0.0
2026-06-17T04:49:36,ERR,ERR,ERR,ERR,ERR,ERR,ERR,ERR,ERR,ERR,ERR,ERR,ERR,ERR,ERR,ERR,ERR,ERR,ERR,ERR,ERR,ERR,ERR,ERR,ERR,ERR,ERR,ERR,ERR,ERR,ERR,ERR,ERR,ERR,ERR,ERR,ERR,ERR,ERR,ERR,ERR,ERR,ERR,ERR,ERR,ERR,ERR,ERR,ERR,ERR,ERR,ERR,ERR,ERR,ERR,ERR,ERR,ERR,ERR,ERR,ERR,ERR,ERR,ERR,ERR,ERR,ERR,ERR,ERR,ERR,ERR,ERR,ERR,ERR,ERR,ERR,ERR,ERR,ERR,ERR,ERR,ERR,ERR,ERR,ERR,ERR,ERR,ERR,ERR,ERR,ERR,ERR,ERR,ERR,ERR,ERR,ERR,ERR,ERR,ERR,ERR,ERR,ERR,ERR,ERR,ERR,ERR,ERR,ERR,ERR,ERR,ERR,ERR,ERR,ERR,ERR,ERR,ERR,ERR,ERR,ERR,ERR,ERR,ERR,ERR,0.0,-0.0,-0.0,0.0,0.0,1.3936040501711995e+18,7.805,0.0,0,0,4,0,7300,-0.0,0,0.0,0.0,0.0,0.0,0.0,0,0,0,0,0.0,0,0,0,0,0,0,0,0,0,0,0,0,0,0,0,0,0,0,0,0,0,0,0,0,0,0,0,0,0,0,0,0,0,32,30,30,62,65476,0,300,0,0,8,21553,0.0,-107605600.0,0.0,0.0,0.0,0.0,0.0,0.0,0.0,0.0,0.0,0.0,0.0,0.0,0.0,0.0,0.0,0.0,0.0,0.0,0.0,0.0,2.004,-2.004,2.004,2.004,0.0,0.0,0.0,0.0,5522.0,2.004,6920.0,0.0,-0.0,-0.0,0.0,0.0,0.0,0.0,0.0,63,-4.9504266636054534e+32,5.848063605975643e+35,0.0,0.0,0.0,0.0,0.0,0.0,0.0,0,0,0,0.0,0.0,0.0,0.0,0.0,0.0,0.0,0.0,0.0,0.0,0.0,0.0,0.0,0.0,0.0,0.0,0,-107875648.0,63,0.0,126,2.7184242562605685e+23,2.842318642297501e+23,ERR,ERR,ERR,ERR,ERR,ERR,ERR,ERR,ERR,ERR,ERR,ERR,ERR,ERR,ERR,ERR,ERR,ERR,ERR,ERR,ERR,ERR,ERR,ERR,ERR,ERR,ERR,ERR,ERR,ERR,ERR,ERR,ERR,ERR,ERR,ERR,ERR,ERR,ERR,ERR,ERR,ERR,ERR,ERR,ERR,ERR,ERR,ERR,ERR,ERR,ERR,ERR,ERR,ERR,ERR,ERR,ERR,ERR,ERR,ERR,ERR,ERR,ERR,ERR,ERR,ERR,ERR,34.0,80.0,35,0.0,0.0,0.0,0.0,0.0,0.0,0.0,0.0,0.0,0.0,0.0,0.0,0.0,0.0,0.0,0.0,64.8,0,116,56,49,65476,0,300,0,0,8,20529,65476,0,0,57672,80.0,0.0,0.0,0.0,0.0,0.0
2026-06-17T04:49:37,ERR,ERR,ERR,ERR,ERR,ERR,ERR,ERR,ERR,ERR,ERR,ERR,ERR,ERR,ERR,ERR,ERR,ERR,ERR,ERR,ERR,ERR,ERR,ERR,ERR,ERR,ERR,ERR,ERR,ERR,ERR,ERR,ERR,ERR,ERR,ERR,ERR,ERR,ERR,ERR,ERR,ERR,ERR,ERR,ERR,ERR,ERR,ERR,ERR,ERR,ERR,ERR,ERR,ERR,ERR,ERR,ERR,ERR,ERR,ERR,ERR,ERR,ERR,ERR,ERR,ERR,ERR,ERR,ERR,ERR,ERR,ERR,ERR,ERR,ERR,ERR,ERR,ERR,ERR,ERR,ERR,ERR,ERR,ERR,ERR,ERR,ERR,ERR,ERR,ERR,ERR,ERR,ERR,ERR,ERR,ERR,ERR,ERR,ERR,ERR,ERR,ERR,ERR,ERR,ERR,ERR,ERR,ERR,ERR,ERR,ERR,ERR,ERR,ERR,ERR,ERR,ERR,ERR,ERR,ERR,ERR,ERR,ERR,ERR,ERR,0.0,-0.0,-0.0,0.0,0.0,1.3936040501711995e+18,7.805,0.0,0,0,4,0,7300,-0.0,0,0.0,0.0,0.0,0.0,0.0,0,0,0,0,0.0,0,0,0,0,0,0,0,0,0,0,0,0,0,0,0,0,0,0,0,0,0,0,0,0,0,0,0,0,0,0,0,0,0,32,30,30,62,65476,0,300,0,0,8,21553,0.0,-107605600.0,0.0,0.0,0.0,0.0,0.0,0.0,0.0,0.0,0.0,0.0,0.0,0.0,0.0,0.0,0.0,0.0,0.0,0.0,0.0,0.0,2.004,-2.004,2.004,2.004,0.0,0.0,0.0,0.0,5522.0,2.004,6920.0,0.0,-0.0,-0.0,0.0,0.0,0.0,0.0,0.0,63,-4.9504266636054534e+32,5.848063605975643e+35,0.0,0.0,0.0,0.0,0.0,0.0,0.0,0,0,0,0.0,0.0,0.0,0.0,0.0,0.0,0.0,0.0,0.0,0.0,0.0,0.0,0.0,0.0,0.0,0.0,0,-107875648.0,63,0.0,126,2.7184242562605685e+23,2.842318642297501e+23,ERR,ERR,ERR,ERR,ERR,ERR,ERR,ERR,ERR,ERR,ERR,ERR,ERR,ERR,ERR,ERR,ERR,ERR,ERR,ERR,ERR,ERR,ERR,ERR,ERR,ERR,ERR,ERR,ERR,ERR,ERR,ERR,ERR,ERR,ERR,ERR,ERR,ERR,ERR,ERR,ERR,ERR,ERR,ERR,ERR,ERR,ERR,ERR,ERR,ERR,ERR,ERR,ERR,ERR,ERR,ERR,ERR,ERR,ERR,ERR,ERR,ERR,ERR,ERR,ERR,ERR,ERR,34.0,80.0,35,0.0,0.0,0.0,0.0,0.0,0.0,0.0,0.0,0.0,0.0,0.0,0.0,0.0,0.0,0.0,0.0,64.8,0,116,56,49,65476,0,300,0,0,8,20529,65476,0,0,57672,80.0,0.0,0.0,0.0,0.0,0.0
2026-06-17T04:49:38,ERR,ERR,ERR,ERR,ERR,ERR,ERR,ERR,ERR,ERR,ERR,ERR,ERR,ERR,ERR,ERR,ERR,ERR,ERR,ERR,ERR,ERR,ERR,ERR,ERR,ERR,ERR,ERR,ERR,ERR,ERR,ERR,ERR,ERR,ERR,ERR,ERR,ERR,ERR,ERR,ERR,ERR,ERR,ERR,ERR,ERR,ERR,ERR,ERR,ERR,ERR,ERR,ERR,ERR,ERR,ERR,ERR,ERR,ERR,ERR,ERR,ERR,ERR,ERR,ERR,ERR,ERR,ERR,ERR,ERR,ERR,ERR,ERR,ERR,ERR,ERR,ERR,ERR,ERR,ERR,ERR,ERR,ERR,ERR,ERR,ERR,ERR,ERR,ERR,ERR,ERR,ERR,ERR,ERR,ERR,ERR,ERR,ERR,ERR,ERR,ERR,ERR,ERR,ERR,ERR,ERR,ERR,ERR,ERR,ERR,ERR,ERR,ERR,ERR,ERR,ERR,ERR,ERR,ERR,ERR,ERR,ERR,ERR,ERR,ERR,0.0,-0.0,-0.0,0.0,0.0,1.3936040501711995e+18,7.805,0.0,0,0,4,0,7300,-0.0,0,0.0,0.0,0.0,0.0,0.0,0,0,0,0,0.0,0,0,0,0,0,0,0,0,0,0,0,0,0,0,0,0,0,0,0,0,0,0,0,0,0,0,0,0,0,0,0,0,0,32,30,30,62,65476,0,300,0,0,8,21553,0.0,-107605600.0,0.0,0.0,0.0,0.0,0.0,0.0,0.0,0.0,0.0,0.0,0.0,0.0,0.0,0.0,0.0,0.0,0.0,0.0,0.0,0.0,2.004,-2.004,2.004,2.004,0.0,0.0,0.0,0.0,5522.0,2.004,6920.0,0.0,-0.0,-0.0,0.0,0.0,0.0,0.0,0.0,63,-4.9504266636054534e+32,5.848063605975643e+35,0.0,0.0,0.0,0.0,0.0,0.0,0.0,0,0,0,0.0,0.0,0.0,0.0,0.0,0.0,0.0,0.0,0.0,0.0,0.0,0.0,0.0,0.0,0.0,0.0,0,-107875648.0,63,0.0,126,2.7184242562605685e+23,2.842318642297501e+23,ERR,ERR,ERR,ERR,ERR,ERR,ERR,ERR,ERR,ERR,ERR,ERR,ERR,ERR,ERR,ERR,ERR,ERR,ERR,ERR,ERR,ERR,ERR,ERR,ERR,ERR,ERR,ERR,ERR,ERR,ERR,ERR,ERR,ERR,ERR,ERR,ERR,ERR,ERR,ERR,ERR,ERR,ERR,ERR,ERR,ERR,ERR,ERR,ERR,ERR,ERR,ERR,ERR,ERR,ERR,ERR,ERR,ERR,ERR,ERR,ERR,ERR,ERR,ERR,ERR,ERR,ERR,34.0,80.0,35,0.0,0.0,0.0,0.0,0.0,0.0,0.0,0.0,0.0,0.0,0.0,0.0,0.0,0.0,0.0,0.0,64.4,0,116,56,49,65476,0,300,0,0,8,20529,65476,0,0,57672,80.0,0.0,0.0,0.0,0.0,0.0
2026-06-17T04:49:39,ERR,ERR,ERR,ERR,ERR,ERR,ERR,ERR,ERR,ERR,ERR,ERR,ERR,ERR,ERR,ERR,ERR,ERR,ERR,ERR,ERR,ERR,ERR,ERR,ERR,ERR,ERR,ERR,ERR,ERR,ERR,ERR,ERR,ERR,ERR,ERR,ERR,ERR,ERR,ERR,ERR,ERR,ERR,ERR,ERR,ERR,ERR,ERR,ERR,ERR,ERR,ERR,ERR,ERR,ERR,ERR,ERR,ERR,ERR,ERR,ERR,ERR,ERR,ERR,ERR,ERR,ERR,ERR,ERR,ERR,ERR,ERR,ERR,ERR,ERR,ERR,ERR,ERR,ERR,ERR,ERR,ERR,ERR,ERR,ERR,ERR,ERR,ERR,ERR,ERR,ERR,ERR,ERR,ERR,ERR,ERR,ERR,ERR,ERR,ERR,ERR,ERR,ERR,ERR,ERR,ERR,ERR,ERR,ERR,ERR,ERR,ERR,ERR,ERR,ERR,ERR,ERR,ERR,ERR,ERR,ERR,ERR,ERR,ERR,ERR,0.0,-0.0,-0.0,0.0,0.0,1.3936040501711995e+18,7.805,0.0,0,0,4,0,7300,-0.0,0,0.0,0.0,0.0,0.0,0.0,0,0,0,0,0.0,0,0,0,0,0,0,0,0,0,0,0,0,0,0,0,0,0,0,0,0,0,0,0,0,0,0,0,0,0,0,0,0,0,32,30,30,62,65476,0,300,0,0,8,21553,0.0,-107605600.0,0.0,0.0,0.0,0.0,0.0,0.0,0.0,0.0,0.0,0.0,0.0,0.0,0.0,0.0,0.0,0.0,0.0,0.0,0.0,0.0,2.004,-2.004,2.004,2.004,0.0,0.0,0.0,0.0,5522.0,2.004,6920.0,0.0,-0.0,-0.0,0.0,0.0,0.0,0.0,0.0,63,-4.9504266636054534e+32,5.848063605975643e+35,0.0,0.0,0.0,0.0,0.0,0.0,0.0,0,0,0,0.0,0.0,0.0,0.0,0.0,0.0,0.0,0.0,0.0,0.0,0.0,0.0,0.0,0.0,0.0,0.0,0,-107875648.0,63,0.0,126,2.7184242562605685e+23,2.842318642297501e+23,ERR,ERR,ERR,ERR,ERR,ERR,ERR,ERR,ERR,ERR,ERR,ERR,ERR,ERR,ERR,ERR,ERR,ERR,ERR,ERR,ERR,ERR,ERR,ERR,ERR,ERR,ERR,ERR,ERR,ERR,ERR,ERR,ERR,ERR,ERR,ERR,ERR,ERR,ERR,ERR,ERR,ERR,ERR,ERR,ERR,ERR,ERR,ERR,ERR,ERR,ERR,ERR,ERR,ERR,ERR,ERR,ERR,ERR,ERR,ERR,ERR,ERR,ERR,ERR,ERR,ERR,ERR,34.0,80.0,35,0.0,0.0,0.0,0.0,0.0,0.0,0.0,0.0,0.0,0.0,0.0,0.0,0.0,0.0,0.0,0.0,64.8,0,116,56,49,65476,0,300,0,0,8,20529,65476,0,0,57672,80.0,0.0,0.0,0.0,0.0,0.0
2026-06-17T04:49:40,ERR,ERR,ERR,ERR,ERR,ERR,ERR,ERR,ERR,ERR,ERR,ERR,ERR,ERR,ERR,ERR,ERR,ERR,ERR,ERR,ERR,ERR,ERR,ERR,ERR,ERR,ERR,ERR,ERR,ERR,ERR,ERR,ERR,ERR,ERR,ERR,ERR,ERR,ERR,ERR,ERR,ERR,ERR,ERR,ERR,ERR,ERR,ERR,ERR,ERR,ERR,ERR,ERR,ERR,ERR,ERR,ERR,ERR,ERR,ERR,ERR,ERR,ERR,ERR,ERR,ERR,ERR,ERR,ERR,ERR,ERR,ERR,ERR,ERR,ERR,ERR,ERR,ERR,ERR,ERR,ERR,ERR,ERR,ERR,ERR,ERR,ERR,ERR,ERR,ERR,ERR,ERR,ERR,ERR,ERR,ERR,ERR,ERR,ERR,ERR,ERR,ERR,ERR,ERR,ERR,ERR,ERR,ERR,ERR,ERR,ERR,ERR,ERR,ERR,ERR,ERR,ERR,ERR,ERR,ERR,ERR,ERR,ERR,ERR,ERR,0.0,-0.0,-0.0,0.0,0.0,1.3936040501711995e+18,7.805,0.0,0,0,4,0,7300,-0.0,0,0.0,0.0,0.0,0.0,0.0,0,0,0,0,0.0,0,0,0,0,0,0,0,0,0,0,0,0,0,0,0,0,0,0,0,0,0,0,0,0,0,0,0,0,0,0,0,0,0,32,30,30,62,65476,0,300,0,0,8,21553,0.0,-107605600.0,0.0,0.0,0.0,0.0,0.0,0.0,0.0,0.0,0.0,0.0,0.0,0.0,0.0,0.0,0.0,0.0,0.0,0.0,0.0,0.0,2.004,-2.004,2.004,2.004,0.0,0.0,0.0,0.0,5522.0,2.004,6920.0,0.0,-0.0,-0.0,0.0,0.0,0.0,0.0,0.0,63,-4.9504266636054534e+32,5.848063605975643e+35,0.0,0.0,0.0,0.0,0.0,0.0,0.0,0,0,0,0.0,0.0,0.0,0.0,0.0,0.0,0.0,0.0,0.0,0.0,0.0,0.0,0.0,0.0,0.0,0.0,0,-107875648.0,63,0.0,126,2.7184242562605685e+23,2.842318642297501e+23,ERR,ERR,ERR,ERR,ERR,ERR,ERR,ERR,ERR,ERR,ERR,ERR,ERR,ERR,ERR,ERR,ERR,ERR,ERR,ERR,ERR,ERR,ERR,ERR,ERR,ERR,ERR,ERR,ERR,ERR,ERR,ERR,ERR,ERR,ERR,ERR,ERR,ERR,ERR,ERR,ERR,ERR,ERR,ERR,ERR,ERR,ERR,ERR,ERR,ERR,ERR,ERR,ERR,ERR,ERR,ERR,ERR,ERR,ERR,ERR,ERR,ERR,ERR,ERR,ERR,ERR,ERR,34.0,80.0,35,0.0,0.0,0.0,0.0,0.0,0.0,0.0,0.0,0.0,0.0,0.0,0.0,0.0,0.0,0.0,0.0,64.8,0,116,56,49,65476,0,300,0,0,8,20529,65476,0,0,57672,80.0,0.0,0.0,0.0,0.0,0.0
2026-06-17T04:49:41,ERR,ERR,ERR,ERR,ERR,ERR,ERR,ERR,ERR,ERR,ERR,ERR,ERR,ERR,ERR,ERR,ERR,ERR,ERR,ERR,ERR,ERR,ERR,ERR,ERR,ERR,ERR,ERR,ERR,ERR,ERR,ERR,ERR,ERR,ERR,ERR,ERR,ERR,ERR,ERR,ERR,ERR,ERR,ERR,ERR,ERR,ERR,ERR,ERR,ERR,ERR,ERR,ERR,ERR,ERR,ERR,ERR,ERR,ERR,ERR,ERR,ERR,ERR,ERR,ERR,ERR,ERR,ERR,ERR,ERR,ERR,ERR,ERR,ERR,ERR,ERR,ERR,ERR,ERR,ERR,ERR,ERR,ERR,ERR,ERR,ERR,ERR,ERR,ERR,ERR,ERR,ERR,ERR,ERR,ERR,ERR,ERR,ERR,ERR,ERR,ERR,ERR,ERR,ERR,ERR,ERR,ERR,ERR,ERR,ERR,ERR,ERR,ERR,ERR,ERR,ERR,ERR,ERR,ERR,ERR,ERR,ERR,ERR,ERR,ERR,0.0,-0.0,3.028208139652935e+23,0.0,0.0,1.3936040501711995e+18,7.805,0.0,0,0,4,0,7300,-0.0,0,0.0,0.0,0.0,0.0,0.0,0,0,0,0,0.0,0,0,0,0,0,0,0,0,0,0,0,0,0,0,0,0,0,0,0,0,0,0,0,0,0,0,0,0,0,0,0,0,0,32,30,30,62,65476,0,300,0,0,8,21553,0.0,-107605600.0,0.0,0.0,0.0,0.0,0.0,0.0,0.0,0.0,0.0,0.0,0.0,0.0,0.0,0.0,0.0,0.0,0.0,0.0,0.0,0.0,2.004,-2.004,2.004,2.004,0.0,0.0,0.0,0.0,5523.0,0.0,6916.0,0.0,-0.0,-0.0,0.0,0.0,0.0,0.0,0.0,63,-5.8480814323122084e+35,126840700928.0,0.0,0.0,0.0,0.0,0.0,0.0,0.0,0,0,0,0.0,0.0,0.0,0.0,0.0,0.0,0.0,0.0,0.0,0.0,0.0,0.0,0.0,0.0,0.0,0.0,0,-107875648.0,63,0.0,126,2.7184242562605685e+23,2.842318642297501e+23,ERR,ERR,ERR,ERR,ERR,ERR,ERR,ERR,ERR,ERR,ERR,ERR,ERR,ERR,ERR,ERR,ERR,ERR,ERR,ERR,ERR,ERR,ERR,ERR,ERR,ERR,ERR,ERR,ERR,ERR,ERR,ERR,ERR,ERR,ERR,ERR,ERR,ERR,ERR,ERR,ERR,ERR,ERR,ERR,ERR,ERR,ERR,ERR,ERR,ERR,ERR,ERR,ERR,ERR,ERR,ERR,ERR,ERR,ERR,ERR,ERR,ERR,ERR,ERR,ERR,ERR,ERR,34.0,80.0,35,0.0,0.0,0.0,0.0,0.0,0.0,0.0,0.0,0.0,0.0,0.0,0.0,0.0,0.0,0.0,0.0,64.4,0,116,56,49,65476,0,300,0,0,8,20529,65476,0,0,57672,80.0,0.0,0.0,0.0,0.0,0.0
2026-06-17T04:49:42,ERR,ERR,ERR,ERR,ERR,ERR,ERR,ERR,ERR,ERR,ERR,ERR,ERR,ERR,ERR,ERR,ERR,ERR,ERR,ERR,ERR,ERR,ERR,ERR,ERR,ERR,ERR,ERR,ERR,ERR,ERR,ERR,ERR,ERR,ERR,ERR,ERR,ERR,ERR,ERR,ERR,ERR,ERR,ERR,ERR,ERR,ERR,ERR,ERR,ERR,ERR,ERR,ERR,ERR,ERR,ERR,ERR,ERR,ERR,ERR,ERR,ERR,ERR,ERR,ERR,ERR,ERR,ERR,ERR,ERR,ERR,ERR,ERR,ERR,ERR,ERR,ERR,ERR,ERR,ERR,ERR,ERR,ERR,ERR,ERR,ERR,ERR,ERR,ERR,ERR,ERR,ERR,ERR,ERR,ERR,ERR,ERR,ERR,ERR,ERR,ERR,ERR,ERR,ERR,ERR,ERR,ERR,ERR,ERR,ERR,ERR,ERR,ERR,ERR,ERR,ERR,ERR,ERR,ERR,ERR,ERR,ERR,ERR,ERR,ERR,0.0,-0.0,3.028208139652935e+23,0.0,0.0,1.3936040501711995e+18,7.805,0.0,0,0,4,0,7300,-0.0,0,0.0,0.0,0.0,0.0,0.0,0,0,0,0,0.0,0,0,0,0,0,0,0,0,0,0,0,0,0,0,0,0,0,0,0,0,0,0,0,0,0,0,0,0,0,0,0,0,0,32,30,30,62,65476,0,300,0,0,8,21553,0.0,-107605600.0,0.0,0.0,0.0,0.0,0.0,0.0,0.0,0.0,0.0,0.0,0.0,0.0,0.0,0.0,0.0,0.0,0.0,0.0,0.0,0.0,2.004,-2.004,2.004,2.004,0.0,0.0,0.0,0.0,5523.0,0.0,6916.0,0.0,-0.0,-0.0,0.0,0.0,0.0,0.0,0.0,63,-5.8480814323122084e+35,126840700928.0,0.0,0.0,0.0,0.0,0.0,0.0,0.0,0,0,0,0.0,0.0,0.0,0.0,0.0,0.0,0.0,0.0,0.0,0.0,0.0,0.0,0.0,0.0,0.0,0.0,0,-107875648.0,63,0.0,126,2.7184242562605685e+23,2.842318642297501e+23,ERR,ERR,ERR,ERR,ERR,ERR,ERR,ERR,ERR,ERR,ERR,ERR,ERR,ERR,ERR,ERR,ERR,ERR,ERR,ERR,ERR,ERR,ERR,ERR,ERR,ERR,ERR,ERR,ERR,ERR,ERR,ERR,ERR,ERR,ERR,ERR,ERR,ERR,ERR,ERR,ERR,ERR,ERR,ERR,ERR,ERR,ERR,ERR,ERR,ERR,ERR,ERR,ERR,ERR,ERR,ERR,ERR,ERR,ERR,ERR,ERR,ERR,ERR,ERR,ERR,ERR,ERR,34.0,80.0,35,0.0,0.0,0.0,0.0,0.0,0.0,0.0,0.0,0.0,0.0,0.0,0.0,0.0,0.0,0.0,0.0,64.4,0,116,56,49,65476,0,300,0,0,8,20529,65476,0,0,57672,80.0,0.0,0.0,0.0,0.0,0.0
2026-06-17T04:49:43,ERR,ERR,ERR,ERR,ERR,ERR,ERR,ERR,ERR,ERR,ERR,ERR,ERR,ERR,ERR,ERR,ERR,ERR,ERR,ERR,ERR,ERR,ERR,ERR,ERR,ERR,ERR,ERR,ERR,ERR,ERR,ERR,ERR,ERR,ERR,ERR,ERR,ERR,ERR,ERR,ERR,ERR,ERR,ERR,ERR,ERR,ERR,ERR,ERR,ERR,ERR,ERR,ERR,ERR,ERR,ERR,ERR,ERR,ERR,ERR,ERR,ERR,ERR,ERR,ERR,ERR,ERR,ERR,ERR,ERR,ERR,ERR,ERR,ERR,ERR,ERR,ERR,ERR,ERR,ERR,ERR,ERR,ERR,ERR,ERR,ERR,ERR,ERR,ERR,ERR,ERR,ERR,ERR,ERR,ERR,ERR,ERR,ERR,ERR,ERR,ERR,ERR,ERR,ERR,ERR,ERR,ERR,ERR,ERR,ERR,ERR,ERR,ERR,ERR,ERR,ERR,ERR,ERR,ERR,ERR,ERR,ERR,ERR,ERR,ERR,0.0,-0.0,3.028208139652935e+23,0.0,0.0,1.3936040501711995e+18,7.805,0.0,0,0,4,0,7300,-0.0,0,0.0,0.0,0.0,0.0,0.0,0,0,0,0,0.0,0,0,0,0,0,0,0,0,0,0,0,0,0,0,0,0,0,0,0,0,0,0,0,0,0,0,0,0,0,0,0,0,0,32,30,30,62,65476,0,300,0,0,8,21553,0.0,-107605600.0,0.0,0.0,0.0,0.0,0.0,0.0,0.0,0.0,0.0,0.0,0.0,0.0,0.0,0.0,0.0,0.0,0.0,0.0,0.0,0.0,2.004,-2.004,2.004,2.004,0.0,0.0,0.0,0.0,5523.0,0.0,6916.0,0.0,-0.0,-0.0,0.0,0.0,0.0,0.0,0.0,63,-5.8480814323122084e+35,126840700928.0,0.0,0.0,0.0,0.0,0.0,0.0,0.0,0,0,0,0.0,0.0,0.0,0.0,0.0,0.0,0.0,0.0,0.0,0.0,0.0,0.0,0.0,0.0,0.0,0.0,0,-107875648.0,63,0.0,126,2.7184242562605685e+23,2.842318642297501e+23,ERR,ERR,ERR,ERR,ERR,ERR,ERR,ERR,ERR,ERR,ERR,ERR,ERR,ERR,ERR,ERR,ERR,ERR,ERR,ERR,ERR,ERR,ERR,ERR,ERR,ERR,ERR,ERR,ERR,ERR,ERR,ERR,ERR,ERR,ERR,ERR,ERR,ERR,ERR,ERR,ERR,ERR,ERR,ERR,ERR,ERR,ERR,ERR,ERR,ERR,ERR,ERR,ERR,ERR,ERR,ERR,ERR,ERR,ERR,ERR,ERR,ERR,ERR,ERR,ERR,ERR,ERR,34.0,80.0,35,0.0,0.0,0.0,0.0,0.0,0.0,0.0,0.0,0.0,0.0,0.0,0.0,0.0,0.0,0.0,0.0,64.8,0,116,56,49,65476,0,300,0,0,8,20529,65476,0,0,57672,80.0,0.0,0.0,0.0,0.0,0.0
2026-06-17T04:49:44,ERR,ERR,ERR,ERR,ERR,ERR,ERR,ERR,ERR,ERR,ERR,ERR,ERR,ERR,ERR,ERR,ERR,ERR,ERR,ERR,ERR,ERR,ERR,ERR,ERR,ERR,ERR,ERR,ERR,ERR,ERR,ERR,ERR,ERR,ERR,ERR,ERR,ERR,ERR,ERR,ERR,ERR,ERR,ERR,ERR,ERR,ERR,ERR,ERR,ERR,ERR,ERR,ERR,ERR,ERR,ERR,ERR,ERR,ERR,ERR,ERR,ERR,ERR,ERR,ERR,ERR,ERR,ERR,ERR,ERR,ERR,ERR,ERR,ERR,ERR,ERR,ERR,ERR,ERR,ERR,ERR,ERR,ERR,ERR,ERR,ERR,ERR,ERR,ERR,ERR,ERR,ERR,ERR,ERR,ERR,ERR,ERR,ERR,ERR,ERR,ERR,ERR,ERR,ERR,ERR,ERR,ERR,ERR,ERR,ERR,ERR,ERR,ERR,ERR,ERR,ERR,ERR,ERR,ERR,ERR,ERR,ERR,ERR,ERR,ERR,0.0,-0.0,3.028208139652935e+23,0.0,0.0,1.3936040501711995e+18,7.805,0.0,0,0,4,0,7300,-0.0,0,0.0,0.0,0.0,0.0,0.0,0,0,0,0,0.0,0,0,0,0,0,0,0,0,0,0,0,0,0,0,0,0,0,0,0,0,0,0,0,0,0,0,0,0,0,0,0,0,0,32,30,30,62,65476,0,300,0,0,8,21553,0.0,-107605600.0,0.0,0.0,0.0,0.0,0.0,0.0,0.0,0.0,0.0,0.0,0.0,0.0,0.0,0.0,0.0,0.0,0.0,0.0,0.0,0.0,2.004,-2.004,2.004,2.004,0.0,0.0,0.0,0.0,5523.0,0.0,6916.0,0.0,-0.0,-0.0,0.0,0.0,0.0,0.0,0.0,63,-5.8480814323122084e+35,126840700928.0,0.0,0.0,0.0,0.0,0.0,0.0,0.0,0,0,0,0.0,0.0,0.0,0.0,0.0,0.0,0.0,0.0,0.0,0.0,0.0,0.0,0.0,0.0,0.0,0.0,0,-107875648.0,63,0.0,126,2.7184242562605685e+23,2.842318642297501e+23,ERR,ERR,ERR,ERR,ERR,ERR,ERR,ERR,ERR,ERR,ERR,ERR,ERR,ERR,ERR,ERR,ERR,ERR,ERR,ERR,ERR,ERR,ERR,ERR,ERR,ERR,ERR,ERR,ERR,ERR,ERR,ERR,ERR,ERR,ERR,ERR,ERR,ERR,ERR,ERR,ERR,ERR,ERR,ERR,ERR,ERR,ERR,ERR,ERR,ERR,ERR,ERR,ERR,ERR,ERR,ERR,ERR,ERR,ERR,ERR,ERR,ERR,ERR,ERR,ERR,ERR,ERR,34.0,80.0,35,0.0,0.0,0.0,0.0,0.0,0.0,0.0,0.0,0.0,0.0,0.0,0.0,0.0,0.0,0.0,0.0,64.8,0,116,56,49,65476,0,300,0,0,8,20529,65476,0,0,57672,80.0,0.0,0.0,0.0,0.0,0.0
2026-06-17T04:49:45,ERR,ERR,ERR,ERR,ERR,ERR,ERR,ERR,ERR,ERR,ERR,ERR,ERR,ERR,ERR,ERR,ERR,ERR,ERR,ERR,ERR,ERR,ERR,ERR,ERR,ERR,ERR,ERR,ERR,ERR,ERR,ERR,ERR,ERR,ERR,ERR,ERR,ERR,ERR,ERR,ERR,ERR,ERR,ERR,ERR,ERR,ERR,ERR,ERR,ERR,ERR,ERR,ERR,ERR,ERR,ERR,ERR,ERR,ERR,ERR,ERR,ERR,ERR,ERR,ERR,ERR,ERR,ERR,ERR,ERR,ERR,ERR,ERR,ERR,ERR,ERR,ERR,ERR,ERR,ERR,ERR,ERR,ERR,ERR,ERR,ERR,ERR,ERR,ERR,ERR,ERR,ERR,ERR,ERR,ERR,ERR,ERR,ERR,ERR,ERR,ERR,ERR,ERR,ERR,ERR,ERR,ERR,ERR,ERR,ERR,ERR,ERR,ERR,ERR,ERR,ERR,ERR,ERR,ERR,ERR,ERR,ERR,ERR,ERR,ERR,0.0,-0.0,3.028208139652935e+23,0.0,0.0,1.3936040501711995e+18,7.805,0.0,0,0,4,0,7300,-0.0,0,0.0,0.0,0.0,0.0,0.0,0,0,0,0,0.0,0,0,0,0,0,0,0,0,0,0,0,0,0,0,0,0,0,0,0,0,0,0,0,0,0,0,0,0,0,0,0,0,0,32,30,30,62,65476,0,300,0,0,8,21553,0.0,-107605600.0,0.0,0.0,0.0,0.0,0.0,0.0,0.0,0.0,0.0,0.0,0.0,0.0,0.0,0.0,0.0,0.0,0.0,0.0,0.0,0.0,2.004,-2.004,2.004,2.004,0.0,0.0,0.0,0.0,5523.0,0.0,6916.0,0.0,-0.0,-0.0,0.0,0.0,0.0,0.0,0.0,63,-5.8480814323122084e+35,126840700928.0,0.0,0.0,0.0,0.0,0.0,0.0,0.0,0,0,0,0.0,0.0,0.0,0.0,0.0,0.0,0.0,0.0,0.0,0.0,0.0,0.0,0.0,0.0,0.0,0.0,0,-107875648.0,63,0.0,126,2.7184242562605685e+23,2.842318642297501e+23,ERR,ERR,ERR,ERR,ERR,ERR,ERR,ERR,ERR,ERR,ERR,ERR,ERR,ERR,ERR,ERR,ERR,ERR,ERR,ERR,ERR,ERR,ERR,ERR,ERR,ERR,ERR,ERR,ERR,ERR,ERR,ERR,ERR,ERR,ERR,ERR,ERR,ERR,ERR,ERR,ERR,ERR,ERR,ERR,ERR,ERR,ERR,ERR,ERR,ERR,ERR,ERR,ERR,ERR,ERR,ERR,ERR,ERR,ERR,ERR,ERR,ERR,ERR,ERR,ERR,ERR,ERR,34.0,80.0,35,0.0,0.0,0.0,0.0,0.0,0.0,0.0,0.0,0.0,0.0,0.0,0.0,0.0,0.0,0.0,0.0,64.4,0,116,56,49,65476,0,300,0,0,8,20529,65476,0,0,57672,80.0,0.0,0.0,0.0,0.0,0.0
2026-06-17T04:49:46,ERR,ERR,ERR,ERR,ERR,ERR,ERR,ERR,ERR,ERR,ERR,ERR,ERR,ERR,ERR,ERR,ERR,ERR,ERR,ERR,ERR,ERR,ERR,ERR,ERR,ERR,ERR,ERR,ERR,ERR,ERR,ERR,ERR,ERR,ERR,ERR,ERR,ERR,ERR,ERR,ERR,ERR,ERR,ERR,ERR,ERR,ERR,ERR,ERR,ERR,ERR,ERR,ERR,ERR,ERR,ERR,ERR,ERR,ERR,ERR,ERR,ERR,ERR,ERR,ERR,ERR,ERR,ERR,ERR,ERR,ERR,ERR,ERR,ERR,ERR,ERR,ERR,ERR,ERR,ERR,ERR,ERR,ERR,ERR,ERR,ERR,ERR,ERR,ERR,ERR,ERR,ERR,ERR,ERR,ERR,ERR,ERR,ERR,ERR,ERR,ERR,ERR,ERR,ERR,ERR,ERR,ERR,ERR,ERR,ERR,ERR,ERR,ERR,ERR,ERR,ERR,ERR,ERR,ERR,ERR,ERR,ERR,ERR,ERR,ERR,0.0,-0.0,3.028208139652935e+23,0.0,0.0,1.3936040501711995e+18,7.805,0.0,0,0,4,0,7300,-0.0,0,0.0,0.0,0.0,0.0,0.0,0,0,0,0,0.0,0,0,0,0,0,0,0,0,0,0,0,0,0,0,0,0,0,0,0,0,0,0,0,0,0,0,0,0,0,0,0,0,0,32,30,30,62,65476,0,300,0,0,8,21553,0.0,-107605600.0,0.0,0.0,0.0,0.0,0.0,0.0,0.0,0.0,0.0,0.0,0.0,0.0,0.0,0.0,0.0,0.0,0.0,0.0,0.0,0.0,2.004,-2.004,2.004,2.004,0.0,0.0,0.0,0.0,5523.0,0.0,6914.0,0.0,-0.0,-0.0,0.0,0.0,0.0,0.0,0.0,63,-5.8480814323122084e+35,0.059,0.0,0.0,0.0,0.0,0.0,0.0,0.0,0,0,0,0.0,0.0,0.0,0.0,0.0,0.0,0.0,0.0,0.0,0.0,0.0,0.0,0.0,0.0,0.0,0.0,0,-107875648.0,63,0.0,126,2.7184242562605685e+23,2.842318642297501e+23,ERR,ERR,ERR,ERR,ERR,ERR,ERR,ERR,ERR,ERR,ERR,ERR,ERR,ERR,ERR,ERR,ERR,ERR,ERR,ERR,ERR,ERR,ERR,ERR,ERR,ERR,ERR,ERR,ERR,ERR,ERR,ERR,ERR,ERR,ERR,ERR,ERR,ERR,ERR,ERR,ERR,ERR,ERR,ERR,ERR,ERR,ERR,ERR,ERR,ERR,ERR,ERR,ERR,ERR,ERR,ERR,ERR,ERR,ERR,ERR,ERR,ERR,ERR,ERR,ERR,ERR,ERR,34.0,80.0,35,0.0,0.0,0.0,0.0,0.0,0.0,0.0,0.0,0.0,0.0,0.0,0.0,0.0,0.0,0.0,0.0,64.4,0,116,56,49,65476,0,300,0,0,8,20529,65476,0,0,57672,80.0,0.0,0.0,0.0,0.0,0.0
2026-06-17T04:49:47,ERR,ERR,ERR,ERR,ERR,ERR,ERR,ERR,ERR,ERR,ERR,ERR,ERR,ERR,ERR,ERR,ERR,ERR,ERR,ERR,ERR,ERR,ERR,ERR,ERR,ERR,ERR,ERR,ERR,ERR,ERR,ERR,ERR,ERR,ERR,ERR,ERR,ERR,ERR,ERR,ERR,ERR,ERR,ERR,ERR,ERR,ERR,ERR,ERR,ERR,ERR,ERR,ERR,ERR,ERR,ERR,ERR,ERR,ERR,ERR,ERR,ERR,ERR,ERR,ERR,ERR,ERR,ERR,ERR,ERR,ERR,ERR,ERR,ERR,ERR,ERR,ERR,ERR,ERR,ERR,ERR,ERR,ERR,ERR,ERR,ERR,ERR,ERR,ERR,ERR,ERR,ERR,ERR,ERR,ERR,ERR,ERR,ERR,ERR,ERR,ERR,ERR,ERR,ERR,ERR,ERR,ERR,ERR,ERR,ERR,ERR,ERR,ERR,ERR,ERR,ERR,ERR,ERR,ERR,ERR,ERR,ERR,ERR,ERR,ERR,0.0,-0.0,3.028208139652935e+23,0.0,0.0,1.3936040501711995e+18,7.805,0.0,0,0,4,0,7300,-0.0,0,0.0,0.0,0.0,0.0,0.0,0,0,0,0,0.0,0,0,0,0,0,0,0,0,0,0,0,0,0,0,0,0,0,0,0,0,0,0,0,0,0,0,0,0,0,0,0,0,0,32,30,30,62,65476,0,300,0,0,8,21553,0.0,-107605600.0,0.0,0.0,0.0,0.0,0.0,0.0,0.0,0.0,0.0,0.0,0.0,0.0,0.0,0.0,0.0,0.0,0.0,0.0,0.0,0.0,2.004,-2.004,2.004,2.004,0.0,0.0,0.0,0.0,5523.0,0.0,6914.0,0.0,-0.0,-0.0,0.0,0.0,0.0,0.0,0.0,63,-5.8480814323122084e+35,0.059,0.0,0.0,0.0,0.0,0.0,0.0,0.0,0,0,0,0.0,0.0,0.0,0.0,0.0,0.0,0.0,0.0,0.0,0.0,0.0,0.0,0.0,0.0,0.0,0.0,0,-107875648.0,63,0.0,126,2.7184242562605685e+23,2.842318642297501e+23,ERR,ERR,ERR,ERR,ERR,ERR,ERR,ERR,ERR,ERR,ERR,ERR,ERR,ERR,ERR,ERR,ERR,ERR,ERR,ERR,ERR,ERR,ERR,ERR,ERR,ERR,ERR,ERR,ERR,ERR,ERR,ERR,ERR,ERR,ERR,ERR,ERR,ERR,ERR,ERR,ERR,ERR,ERR,ERR,ERR,ERR,ERR,ERR,ERR,ERR,ERR,ERR,ERR,ERR,ERR,ERR,ERR,ERR,ERR,ERR,ERR,ERR,ERR,ERR,ERR,ERR,ERR,34.0,80.0,35,0.0,0.0,0.0,0.0,0.0,0.0,0.0,0.0,0.0,0.0,0.0,0.0,0.0,0.0,0.0,0.0,64.4,0,116,56,49,65476,0,300,0,0,8,20529,65476,0,0,57672,80.0,0.0,0.0,0.0,0.0,0.0
2026-06-17T04:49:48,ERR,ERR,ERR,ERR,ERR,ERR,ERR,ERR,ERR,ERR,ERR,ERR,ERR,ERR,ERR,ERR,ERR,ERR,ERR,ERR,ERR,ERR,ERR,ERR,ERR,ERR,ERR,ERR,ERR,ERR,ERR,ERR,ERR,ERR,ERR,ERR,ERR,ERR,ERR,ERR,ERR,ERR,ERR,ERR,ERR,ERR,ERR,ERR,ERR,ERR,ERR,ERR,ERR,ERR,ERR,ERR,ERR,ERR,ERR,ERR,ERR,ERR,ERR,ERR,ERR,ERR,ERR,ERR,ERR,ERR,ERR,ERR,ERR,ERR,ERR,ERR,ERR,ERR,ERR,ERR,ERR,ERR,ERR,ERR,ERR,ERR,ERR,ERR,ERR,ERR,ERR,ERR,ERR,ERR,ERR,ERR,ERR,ERR,ERR,ERR,ERR,ERR,ERR,ERR,ERR,ERR,ERR,ERR,ERR,ERR,ERR,ERR,ERR,ERR,ERR,ERR,ERR,ERR,ERR,ERR,ERR,ERR,ERR,ERR,ERR,0.0,-0.0,3.028208139652935e+23,0.0,0.0,1.3936040501711995e+18,7.805,0.0,0,0,4,0,7300,-0.0,0,0.0,0.0,0.0,0.0,0.0,0,0,0,0,0.0,0,0,0,0,0,0,0,0,0,0,0,0,0,0,0,0,0,0,0,0,0,0,0,0,0,0,0,0,0,0,0,0,0,32,30,30,62,65476,0,300,0,0,8,21553,0.0,-107605600.0,0.0,0.0,0.0,0.0,0.0,0.0,0.0,0.0,0.0,0.0,0.0,0.0,0.0,0.0,0.0,0.0,0.0,0.0,0.0,0.0,2.004,-2.004,2.004,2.004,0.0,0.0,0.0,0.0,5523.0,0.0,6914.0,0.0,-0.0,-0.0,0.0,0.0,0.0,0.0,0.0,63,-5.8480814323122084e+35,0.059,0.0,0.0,0.0,0.0,0.0,0.0,0.0,0,0,0,0.0,0.0,0.0,0.0,0.0,0.0,0.0,0.0,0.0,0.0,0.0,0.0,0.0,0.0,0.0,0.0,0,-107875648.0,63,0.0,126,2.7184242562605685e+23,2.842318642297501e+23,ERR,ERR,ERR,ERR,ERR,ERR,ERR,ERR,ERR,ERR,ERR,ERR,ERR,ERR,ERR,ERR,ERR,ERR,ERR,ERR,ERR,ERR,ERR,ERR,ERR,ERR,ERR,ERR,ERR,ERR,ERR,ERR,ERR,ERR,ERR,ERR,ERR,ERR,ERR,ERR,ERR,ERR,ERR,ERR,ERR,ERR,ERR,ERR,ERR,ERR,ERR,ERR,ERR,ERR,ERR,ERR,ERR,ERR,ERR,ERR,ERR,ERR,ERR,ERR,ERR,ERR,ERR,34.0,80.0,35,0.0,0.0,0.0,0.0,0.0,0.0,0.0,0.0,0.0,0.0,0.0,0.0,0.0,0.0,0.0,0.0,64.4,0,116,56,49,65476,0,300,0,0,8,20529,65476,0,0,57672,80.0,0.0,0.0,0.0,0.0,0.0
2026-06-17T04:49:49,ERR,ERR,ERR,ERR,ERR,ERR,ERR,ERR,ERR,ERR,ERR,ERR,ERR,ERR,ERR,ERR,ERR,ERR,ERR,ERR,ERR,ERR,ERR,ERR,ERR,ERR,ERR,ERR,ERR,ERR,ERR,ERR,ERR,ERR,ERR,ERR,ERR,ERR,ERR,ERR,ERR,ERR,ERR,ERR,ERR,ERR,ERR,ERR,ERR,ERR,ERR,ERR,ERR,ERR,ERR,ERR,ERR,ERR,ERR,ERR,ERR,ERR,ERR,ERR,ERR,ERR,ERR,ERR,ERR,ERR,ERR,ERR,ERR,ERR,ERR,ERR,ERR,ERR,ERR,ERR,ERR,ERR,ERR,ERR,ERR,ERR,ERR,ERR,ERR,ERR,ERR,ERR,ERR,ERR,ERR,ERR,ERR,ERR,ERR,ERR,ERR,ERR,ERR,ERR,ERR,ERR,ERR,ERR,ERR,ERR,ERR,ERR,ERR,ERR,ERR,ERR,ERR,ERR,ERR,ERR,ERR,ERR,ERR,ERR,ERR,0.0,-0.0,3.028208139652935e+23,0.0,0.0,1.3936040501711995e+18,7.805,0.0,0,0,4,0,7300,-0.0,0,0.0,0.0,0.0,0.0,0.0,0,0,0,0,0.0,0,0,0,0,0,0,0,0,0,0,0,0,0,0,0,0,0,0,0,0,0,0,0,0,0,0,0,0,0,0,0,0,0,32,30,30,62,65476,0,300,0,0,8,21553,0.0,-107605600.0,0.0,0.0,0.0,0.0,0.0,0.0,0.0,0.0,0.0,0.0,0.0,0.0,0.0,0.0,0.0,0.0,0.0,0.0,0.0,0.0,2.004,-2.004,2.004,2.004,0.0,0.0,0.0,0.0,5523.0,0.0,6914.0,0.0,-0.0,-0.0,0.0,0.0,0.0,0.0,0.0,63,-5.8480814323122084e+35,0.059,0.0,0.0,0.0,0.0,0.0,0.0,0.0,0,0,0,0.0,0.0,0.0,0.0,0.0,0.0,0.0,0.0,0.0,0.0,0.0,0.0,0.0,0.0,0.0,0.0,0,-107875648.0,63,0.0,126,2.7184242562605685e+23,2.842318642297501e+23,ERR,ERR,ERR,ERR,ERR,ERR,ERR,ERR,ERR,ERR,ERR,ERR,ERR,ERR,ERR,ERR,ERR,ERR,ERR,ERR,ERR,ERR,ERR,ERR,ERR,ERR,ERR,ERR,ERR,ERR,ERR,ERR,ERR,ERR,ERR,ERR,ERR,ERR,ERR,ERR,ERR,ERR,ERR,ERR,ERR,ERR,ERR,ERR,ERR,ERR,ERR,ERR,ERR,ERR,ERR,ERR,ERR,ERR,ERR,ERR,ERR,ERR,ERR,ERR,ERR,ERR,ERR,34.0,80.0,35,0.0,0.0,0.0,0.0,0.0,0.0,0.0,0.0,0.0,0.0,0.0,0.0,0.0,0.0,0.0,0.0,64.4,0,116,56,49,65476,0,300,0,0,8,20529,65476,0,0,57672,80.0,0.0,0.0,0.0,0.0,0.0
2026-06-17T04:49:50,ERR,ERR,ERR,ERR,ERR,ERR,ERR,ERR,ERR,ERR,ERR,ERR,ERR,ERR,ERR,ERR,ERR,ERR,ERR,ERR,ERR,ERR,ERR,ERR,ERR,ERR,ERR,ERR,ERR,ERR,ERR,ERR,ERR,ERR,ERR,ERR,ERR,ERR,ERR,ERR,ERR,ERR,ERR,ERR,ERR,ERR,ERR,ERR,ERR,ERR,ERR,ERR,ERR,ERR,ERR,ERR,ERR,ERR,ERR,ERR,ERR,ERR,ERR,ERR,ERR,ERR,ERR,ERR,ERR,ERR,ERR,ERR,ERR,ERR,ERR,ERR,ERR,ERR,ERR,ERR,ERR,ERR,ERR,ERR,ERR,ERR,ERR,ERR,ERR,ERR,ERR,ERR,ERR,ERR,ERR,ERR,ERR,ERR,ERR,ERR,ERR,ERR,ERR,ERR,ERR,ERR,ERR,ERR,ERR,ERR,ERR,ERR,ERR,ERR,ERR,ERR,ERR,ERR,ERR,ERR,ERR,ERR,ERR,ERR,ERR,0.0,-0.0,3.028208139652935e+23,0.0,0.0,1.3936040501711995e+18,7.805,0.0,0,0,4,0,7300,-0.0,0,0.0,0.0,0.0,0.0,0.0,0,0,0,0,0.0,0,0,0,0,0,0,0,0,0,0,0,0,0,0,0,0,0,0,0,0,0,0,0,0,0,0,0,0,0,0,0,0,0,32,30,30,62,65476,0,300,0,0,8,21553,0.0,-107605600.0,0.0,0.0,0.0,0.0,0.0,0.0,0.0,0.0,0.0,0.0,0.0,0.0,0.0,0.0,0.0,0.0,0.0,0.0,0.0,0.0,2.004,-2.004,2.004,2.004,0.0,0.0,0.0,0.0,5523.0,0.0,6914.0,0.0,-0.0,-0.0,0.0,0.0,0.0,0.0,0.0,63,-5.8480814323122084e+35,0.059,0.0,0.0,0.0,0.0,0.0,0.0,0.0,0,0,0,0.0,0.0,0.0,0.0,0.0,0.0,0.0,0.0,0.0,0.0,0.0,0.0,0.0,0.0,0.0,0.0,0,-107875648.0,63,0.0,126,2.7184242562605685e+23,2.842318642297501e+23,ERR,ERR,ERR,ERR,ERR,ERR,ERR,ERR,ERR,ERR,ERR,ERR,ERR,ERR,ERR,ERR,ERR,ERR,ERR,ERR,ERR,ERR,ERR,ERR,ERR,ERR,ERR,ERR,ERR,ERR,ERR,ERR,ERR,ERR,ERR,ERR,ERR,ERR,ERR,ERR,ERR,ERR,ERR,ERR,ERR,ERR,ERR,ERR,ERR,ERR,ERR,ERR,ERR,ERR,ERR,ERR,ERR,ERR,ERR,ERR,ERR,ERR,ERR,ERR,ERR,ERR,ERR,34.0,80.0,35,0.0,0.0,0.0,0.0,0.0,0.0,0.0,0.0,0.0,0.0,0.0,0.0,0.0,0.0,0.0,0.0,64.4,0,116,56,49,65476,0,300,0,0,8,20529,65476,0,0,57672,80.0,0.0,0.0,0.0,0.0,0.0
2026-06-17T04:49:51,ERR,ERR,ERR,ERR,ERR,ERR,ERR,ERR,ERR,ERR,ERR,ERR,ERR,ERR,ERR,ERR,ERR,ERR,ERR,ERR,ERR,ERR,ERR,ERR,ERR,ERR,ERR,ERR,ERR,ERR,ERR,ERR,ERR,ERR,ERR,ERR,ERR,ERR,ERR,ERR,ERR,ERR,ERR,ERR,ERR,ERR,ERR,ERR,ERR,ERR,ERR,ERR,ERR,ERR,ERR,ERR,ERR,ERR,ERR,ERR,ERR,ERR,ERR,ERR,ERR,ERR,ERR,ERR,ERR,ERR,ERR,ERR,ERR,ERR,ERR,ERR,ERR,ERR,ERR,ERR,ERR,ERR,ERR,ERR,ERR,ERR,ERR,ERR,ERR,ERR,ERR,ERR,ERR,ERR,ERR,ERR,ERR,ERR,ERR,ERR,ERR,ERR,ERR,ERR,ERR,ERR,ERR,ERR,ERR,ERR,ERR,ERR,ERR,ERR,ERR,ERR,ERR,ERR,ERR,ERR,ERR,ERR,ERR,ERR,ERR,0.0,-0.0,3.028208139652935e+23,0.0,0.0,1.3936040501711995e+18,7.805,0.0,0,0,4,0,7300,-0.0,0,0.0,0.0,0.0,0.0,0.0,0,0,0,0,0.0,0,0,0,0,0,0,0,0,0,0,0,0,0,0,0,0,0,0,0,0,0,0,0,0,0,0,0,0,0,0,0,0,0,32,30,30,62,65476,0,300,0,0,8,21553,0.0,-107605600.0,0.0,0.0,0.0,0.0,0.0,0.0,0.0,0.0,0.0,0.0,0.0,0.0,0.0,0.0,0.0,0.0,0.0,0.0,0.0,0.0,2.004,-2.004,2.004,2.004,0.0,0.0,0.0,0.0,5520.0,0.0,6912.0,0.0,-0.0,-0.0,0.0,0.0,0.0,0.0,0.0,63,-3.2220267480110635e+26,0.0,0.0,0.0,0.0,0.0,0.0,0.0,0.0,0,0,0,0.0,0.0,0.0,0.0,0.0,0.0,0.0,0.0,0.0,0.0,0.0,0.0,0.0,0.0,0.0,0.0,0,-107875648.0,63,0.0,126,2.7184242562605685e+23,2.842318642297501e+23,ERR,ERR,ERR,ERR,ERR,ERR,ERR,ERR,ERR,ERR,ERR,ERR,ERR,ERR,ERR,ERR,ERR,ERR,ERR,ERR,ERR,ERR,ERR,ERR,ERR,ERR,ERR,ERR,ERR,ERR,ERR,ERR,ERR,ERR,ERR,ERR,ERR,ERR,ERR,ERR,ERR,ERR,ERR,ERR,ERR,ERR,ERR,ERR,ERR,ERR,ERR,ERR,ERR,ERR,ERR,ERR,ERR,ERR,ERR,ERR,ERR,ERR,ERR,ERR,ERR,ERR,ERR,34.0,80.0,35,0.0,0.0,0.0,0.0,0.0,0.0,0.0,0.0,0.0,0.0,0.0,0.0,0.0,0.0,0.0,0.0,64.4,0,116,56,49,65476,0,300,0,0,8,20529,65476,0,0,57672,80.0,0.0,0.0,0.0,0.0,0.0
2026-06-17T04:49:52,ERR,ERR,ERR,ERR,ERR,ERR,ERR,ERR,ERR,ERR,ERR,ERR,ERR,ERR,ERR,ERR,ERR,ERR,ERR,ERR,ERR,ERR,ERR,ERR,ERR,ERR,ERR,ERR,ERR,ERR,ERR,ERR,ERR,ERR,ERR,ERR,ERR,ERR,ERR,ERR,ERR,ERR,ERR,ERR,ERR,ERR,ERR,ERR,ERR,ERR,ERR,ERR,ERR,ERR,ERR,ERR,ERR,ERR,ERR,ERR,ERR,ERR,ERR,ERR,ERR,ERR,ERR,ERR,ERR,ERR,ERR,ERR,ERR,ERR,ERR,ERR,ERR,ERR,ERR,ERR,ERR,ERR,ERR,ERR,ERR,ERR,ERR,ERR,ERR,ERR,ERR,ERR,ERR,ERR,ERR,ERR,ERR,ERR,ERR,ERR,ERR,ERR,ERR,ERR,ERR,ERR,ERR,ERR,ERR,ERR,ERR,ERR,ERR,ERR,ERR,ERR,ERR,ERR,ERR,ERR,ERR,ERR,ERR,ERR,ERR,0.0,-0.0,3.028208139652935e+23,0.0,0.0,1.3936040501711995e+18,7.805,0.0,0,0,4,0,7300,-0.0,0,0.0,0.0,0.0,0.0,0.0,0,0,0,0,0.0,0,0,0,0,0,0,0,0,0,0,0,0,0,0,0,0,0,0,0,0,0,0,0,0,0,0,0,0,0,0,0,0,0,32,30,30,62,65476,0,300,0,0,8,21553,0.0,-107605600.0,0.0,0.0,0.0,0.0,0.0,0.0,0.0,0.0,0.0,0.0,0.0,0.0,0.0,0.0,0.0,0.0,0.0,0.0,0.0,0.0,2.004,-2.004,2.004,2.004,0.0,0.0,0.0,0.0,5520.0,0.0,6912.0,0.0,-0.0,-0.0,0.0,0.0,0.0,0.0,0.0,63,-3.2220267480110635e+26,0.0,0.0,0.0,0.0,0.0,0.0,0.0,0.0,0,0,0,0.0,0.0,0.0,0.0,0.0,0.0,0.0,0.0,0.0,0.0,0.0,0.0,0.0,0.0,0.0,0.0,0,-107875648.0,63,0.0,126,2.7184242562605685e+23,2.842318642297501e+23,ERR,ERR,ERR,ERR,ERR,ERR,ERR,ERR,ERR,ERR,ERR,ERR,ERR,ERR,ERR,ERR,ERR,ERR,ERR,ERR,ERR,ERR,ERR,ERR,ERR,ERR,ERR,ERR,ERR,ERR,ERR,ERR,ERR,ERR,ERR,ERR,ERR,ERR,ERR,ERR,ERR,ERR,ERR,ERR,ERR,ERR,ERR,ERR,ERR,ERR,ERR,ERR,ERR,ERR,ERR,ERR,ERR,ERR,ERR,ERR,ERR,ERR,ERR,ERR,ERR,ERR,ERR,34.0,80.0,35,0.0,0.0,0.0,0.0,0.0,0.0,0.0,0.0,0.0,0.0,0.0,0.0,0.0,0.0,0.0,0.0,64.4,0,116,56,49,65476,0,300,0,0,8,20529,65476,0,0,57672,80.0,0.0,0.0,0.0,0.0,0.0
2026-06-17T04:49:53,ERR,ERR,ERR,ERR,ERR,ERR,ERR,ERR,ERR,ERR,ERR,ERR,ERR,ERR,ERR,ERR,ERR,ERR,ERR,ERR,ERR,ERR,ERR,ERR,ERR,ERR,ERR,ERR,ERR,ERR,ERR,ERR,ERR,ERR,ERR,ERR,ERR,ERR,ERR,ERR,ERR,ERR,ERR,ERR,ERR,ERR,ERR,ERR,ERR,ERR,ERR,ERR,ERR,ERR,ERR,ERR,ERR,ERR,ERR,ERR,ERR,ERR,ERR,ERR,ERR,ERR,ERR,ERR,ERR,ERR,ERR,ERR,ERR,ERR,ERR,ERR,ERR,ERR,ERR,ERR,ERR,ERR,ERR,ERR,ERR,ERR,ERR,ERR,ERR,ERR,ERR,ERR,ERR,ERR,ERR,ERR,ERR,ERR,ERR,ERR,ERR,ERR,ERR,ERR,ERR,ERR,ERR,ERR,ERR,ERR,ERR,ERR,ERR,ERR,ERR,ERR,ERR,ERR,ERR,ERR,ERR,ERR,ERR,ERR,ERR,0.0,-0.0,3.028208139652935e+23,0.0,0.0,1.3936040501711995e+18,7.805,0.0,0,0,4,0,7300,-0.0,0,0.0,0.0,0.0,0.0,0.0,0,0,0,0,0.0,0,0,0,0,0,0,0,0,0,0,0,0,0,0,0,0,0,0,0,0,0,0,0,0,0,0,0,0,0,0,0,0,0,32,30,30,62,65476,0,300,0,0,8,21553,0.0,-107605600.0,0.0,0.0,0.0,0.0,0.0,0.0,0.0,0.0,0.0,0.0,0.0,0.0,0.0,0.0,0.0,0.0,0.0,0.0,0.0,0.0,2.004,-2.004,2.004,2.004,0.0,0.0,0.0,0.0,5520.0,0.0,6912.0,0.0,-0.0,-0.0,0.0,0.0,0.0,0.0,0.0,63,-3.2220267480110635e+26,0.0,0.0,0.0,0.0,0.0,0.0,0.0,0.0,0,0,0,0.0,0.0,0.0,0.0,0.0,0.0,0.0,0.0,0.0,0.0,0.0,0.0,0.0,0.0,0.0,0.0,0,-107875648.0,63,0.0,126,2.7184242562605685e+23,2.842318642297501e+23,ERR,ERR,ERR,ERR,ERR,ERR,ERR,ERR,ERR,ERR,ERR,ERR,ERR,ERR,ERR,ERR,ERR,ERR,ERR,ERR,ERR,ERR,ERR,ERR,ERR,ERR,ERR,ERR,ERR,ERR,ERR,ERR,ERR,ERR,ERR,ERR,ERR,ERR,ERR,ERR,ERR,ERR,ERR,ERR,ERR,ERR,ERR,ERR,ERR,ERR,ERR,ERR,ERR,ERR,ERR,ERR,ERR,ERR,ERR,ERR,ERR,ERR,ERR,ERR,ERR,ERR,ERR,34.0,80.0,35,0.0,0.0,0.0,0.0,0.0,0.0,0.0,0.0,0.0,0.0,0.0,0.0,0.0,0.0,0.0,0.0,64.4,0,116,56,49,65476,0,300,0,0,8,20529,65476,0,0,57672,80.0,0.0,0.0,0.0,0.0,0.0
2026-06-17T04:49:54,ERR,ERR,ERR,ERR,ERR,ERR,ERR,ERR,ERR,ERR,ERR,ERR,ERR,ERR,ERR,ERR,ERR,ERR,ERR,ERR,ERR,ERR,ERR,ERR,ERR,ERR,ERR,ERR,ERR,ERR,ERR,ERR,ERR,ERR,ERR,ERR,ERR,ERR,ERR,ERR,ERR,ERR,ERR,ERR,ERR,ERR,ERR,ERR,ERR,ERR,ERR,ERR,ERR,ERR,ERR,ERR,ERR,ERR,ERR,ERR,ERR,ERR,ERR,ERR,ERR,ERR,ERR,ERR,ERR,ERR,ERR,ERR,ERR,ERR,ERR,ERR,ERR,ERR,ERR,ERR,ERR,ERR,ERR,ERR,ERR,ERR,ERR,ERR,ERR,ERR,ERR,ERR,ERR,ERR,ERR,ERR,ERR,ERR,ERR,ERR,ERR,ERR,ERR,ERR,ERR,ERR,ERR,ERR,ERR,ERR,ERR,ERR,ERR,ERR,ERR,ERR,ERR,ERR,ERR,ERR,ERR,ERR,ERR,ERR,ERR,0.0,-0.0,3.028208139652935e+23,0.0,0.0,1.3936040501711995e+18,7.805,0.0,0,0,4,0,7300,-0.0,0,0.0,0.0,0.0,0.0,0.0,0,0,0,0,0.0,0,0,0,0,0,0,0,0,0,0,0,0,0,0,0,0,0,0,0,0,0,0,0,0,0,0,0,0,0,0,0,0,0,32,30,30,62,65476,0,300,0,0,8,21553,0.0,-107605600.0,0.0,0.0,0.0,0.0,0.0,0.0,0.0,0.0,0.0,0.0,0.0,0.0,0.0,0.0,0.0,0.0,0.0,0.0,0.0,0.0,2.004,-2.004,2.004,2.004,0.0,0.0,0.0,0.0,5520.0,0.0,6912.0,0.0,-0.0,-0.0,0.0,0.0,0.0,0.0,0.0,63,-3.2220267480110635e+26,0.0,0.0,0.0,0.0,0.0,0.0,0.0,0.0,0,0,0,0.0,0.0,0.0,0.0,0.0,0.0,0.0,0.0,0.0,0.0,0.0,0.0,0.0,0.0,0.0,0.0,0,-107875648.0,63,0.0,126,2.7184242562605685e+23,2.842318642297501e+23,ERR,ERR,ERR,ERR,ERR,ERR,ERR,ERR,ERR,ERR,ERR,ERR,ERR,ERR,ERR,ERR,ERR,ERR,ERR,ERR,ERR,ERR,ERR,ERR,ERR,ERR,ERR,ERR,ERR,ERR,ERR,ERR,ERR,ERR,ERR,ERR,ERR,ERR,ERR,ERR,ERR,ERR,ERR,ERR,ERR,ERR,ERR,ERR,ERR,ERR,ERR,ERR,ERR,ERR,ERR,ERR,ERR,ERR,ERR,ERR,ERR,ERR,ERR,ERR,ERR,ERR,ERR,34.0,80.0,35,0.0,0.0,0.0,0.0,0.0,0.0,0.0,0.0,0.0,0.0,0.0,0.0,0.0,0.0,0.0,0.0,64.4,0,116,56,49,65476,0,300,0,0,8,20529,65476,0,0,57672,80.0,0.0,0.0,0.0,0.0,0.0
2026-06-17T04:49:55,ERR,ERR,ERR,ERR,ERR,ERR,ERR,ERR,ERR,ERR,ERR,ERR,ERR,ERR,ERR,ERR,ERR,ERR,ERR,ERR,ERR,ERR,ERR,ERR,ERR,ERR,ERR,ERR,ERR,ERR,ERR,ERR,ERR,ERR,ERR,ERR,ERR,ERR,ERR,ERR,ERR,ERR,ERR,ERR,ERR,ERR,ERR,ERR,ERR,ERR,ERR,ERR,ERR,ERR,ERR,ERR,ERR,ERR,ERR,ERR,ERR,ERR,ERR,ERR,ERR,ERR,ERR,ERR,ERR,ERR,ERR,ERR,ERR,ERR,ERR,ERR,ERR,ERR,ERR,ERR,ERR,ERR,ERR,ERR,ERR,ERR,ERR,ERR,ERR,ERR,ERR,ERR,ERR,ERR,ERR,ERR,ERR,ERR,ERR,ERR,ERR,ERR,ERR,ERR,ERR,ERR,ERR,ERR,ERR,ERR,ERR,ERR,ERR,ERR,ERR,ERR,ERR,ERR,ERR,ERR,ERR,ERR,ERR,ERR,ERR,0.0,-0.0,3.028208139652935e+23,0.0,0.0,1.3936040501711995e+18,7.805,0.0,0,0,4,0,7300,-0.0,0,0.0,0.0,0.0,0.0,0.0,0,0,0,0,0.0,0,0,0,0,0,0,0,0,0,0,0,0,0,0,0,0,0,0,0,0,0,0,0,0,0,0,0,0,0,0,0,0,0,32,30,30,62,65476,0,300,0,0,8,21553,0.0,-107605600.0,0.0,0.0,0.0,0.0,0.0,0.0,0.0,0.0,0.0,0.0,0.0,0.0,0.0,0.0,0.0,0.0,0.0,0.0,0.0,0.0,2.004,-2.004,2.004,2.004,0.0,0.0,0.0,0.0,5520.0,0.0,6912.0,0.0,-0.0,-0.0,0.0,0.0,0.0,0.0,0.0,63,-3.2220267480110635e+26,0.0,0.0,0.0,0.0,0.0,0.0,0.0,0.0,0,0,0,0.0,0.0,0.0,0.0,0.0,0.0,0.0,0.0,0.0,0.0,0.0,0.0,0.0,0.0,0.0,0.0,0,-107875648.0,63,0.0,126,2.7184242562605685e+23,2.842318642297501e+23,ERR,ERR,ERR,ERR,ERR,ERR,ERR,ERR,ERR,ERR,ERR,ERR,ERR,ERR,ERR,ERR,ERR,ERR,ERR,ERR,ERR,ERR,ERR,ERR,ERR,ERR,ERR,ERR,ERR,ERR,ERR,ERR,ERR,ERR,ERR,ERR,ERR,ERR,ERR,ERR,ERR,ERR,ERR,ERR,ERR,ERR,ERR,ERR,ERR,ERR,ERR,ERR,ERR,ERR,ERR,ERR,ERR,ERR,ERR,ERR,ERR,ERR,ERR,ERR,ERR,ERR,ERR,34.0,80.0,35,0.0,0.0,0.0,0.0,0.0,0.0,0.0,0.0,0.0,0.0,0.0,0.0,0.0,0.0,0.0,0.0,64.4,0,116,56,49,65476,0,300,0,0,8,20529,65476,0,0,57672,80.0,0.0,0.0,0.0,0.0,0.0
2026-06-17T04:49:56,ERR,ERR,ERR,ERR,ERR,ERR,ERR,ERR,ERR,ERR,ERR,ERR,ERR,ERR,ERR,ERR,ERR,ERR,ERR,ERR,ERR,ERR,ERR,ERR,ERR,ERR,ERR,ERR,ERR,ERR,ERR,ERR,ERR,ERR,ERR,ERR,ERR,ERR,ERR,ERR,ERR,ERR,ERR,ERR,ERR,ERR,ERR,ERR,ERR,ERR,ERR,ERR,ERR,ERR,ERR,ERR,ERR,ERR,ERR,ERR,ERR,ERR,ERR,ERR,ERR,ERR,ERR,ERR,ERR,ERR,ERR,ERR,ERR,ERR,ERR,ERR,ERR,ERR,ERR,ERR,ERR,ERR,ERR,ERR,ERR,ERR,ERR,ERR,ERR,ERR,ERR,ERR,ERR,ERR,ERR,ERR,ERR,ERR,ERR,ERR,ERR,ERR,ERR,ERR,ERR,ERR,ERR,ERR,ERR,ERR,ERR,ERR,ERR,ERR,ERR,ERR,ERR,ERR,ERR,ERR,ERR,ERR,ERR,ERR,ERR,0.0,-0.0,3.028208139652935e+23,0.0,0.0,1.3936040501711995e+18,7.805,0.0,0,0,4,0,7300,-0.0,0,0.0,0.0,0.0,0.0,0.0,0,0,0,0,0.0,0,0,0,0,0,0,0,0,0,0,0,0,0,0,0,0,0,0,0,0,0,0,0,0,0,0,0,0,0,0,0,0,0,32,30,30,62,65476,0,300,0,0,8,21553,0.0,-107605600.0,0.0,0.0,0.0,0.0,0.0,0.0,0.0,0.0,0.0,0.0,0.0,0.0,0.0,0.0,0.0,0.0,0.0,0.0,0.0,0.0,2.004,-2.004,2.004,2.004,0.0,0.0,0.0,0.0,5520.0,0.0,6912.0,0.0,-0.0,-0.0,0.0,0.0,0.0,0.0,0.0,63,-3.2220267480110635e+26,0.0,0.0,0.0,0.0,0.0,0.0,0.0,0.0,0,0,0,0.0,0.0,0.0,0.0,0.0,0.0,0.0,0.0,0.0,0.0,0.0,0.0,0.0,0.0,0.0,0.0,0,-107875648.0,63,0.0,126,2.7184242562605685e+23,2.842318642297501e+23,ERR,ERR,ERR,ERR,ERR,ERR,ERR,ERR,ERR,ERR,ERR,ERR,ERR,ERR,ERR,ERR,ERR,ERR,ERR,ERR,ERR,ERR,ERR,ERR,ERR,ERR,ERR,ERR,ERR,ERR,ERR,ERR,ERR,ERR,ERR,ERR,ERR,ERR,ERR,ERR,ERR,ERR,ERR,ERR,ERR,ERR,ERR,ERR,ERR,ERR,ERR,ERR,ERR,ERR,ERR,ERR,ERR,ERR,ERR,ERR,ERR,ERR,ERR,ERR,ERR,ERR,ERR,34.0,80.0,35,0.0,0.0,0.0,0.0,0.0,0.0,0.0,0.0,0.0,0.0,0.0,0.0,0.0,0.0,0.0,0.0,64.8,0,116,56,49,65476,0,300,0,0,8,20529,65476,0,0,57672,80.0,0.0,0.0,0.0,0.0,0.0
2026-06-17T04:49:57,ERR,ERR,ERR,ERR,ERR,ERR,ERR,ERR,ERR,ERR,ERR,ERR,ERR,ERR,ERR,ERR,ERR,ERR,ERR,ERR,ERR,ERR,ERR,ERR,ERR,ERR,ERR,ERR,ERR,ERR,ERR,ERR,ERR,ERR,ERR,ERR,ERR,ERR,ERR,ERR,ERR,ERR,ERR,ERR,ERR,ERR,ERR,ERR,ERR,ERR,ERR,ERR,ERR,ERR,ERR,ERR,ERR,ERR,ERR,ERR,ERR,ERR,ERR,ERR,ERR,ERR,ERR,ERR,ERR,ERR,ERR,ERR,ERR,ERR,ERR,ERR,ERR,ERR,ERR,ERR,ERR,ERR,ERR,ERR,ERR,ERR,ERR,ERR,ERR,ERR,ERR,ERR,ERR,ERR,ERR,ERR,ERR,ERR,ERR,ERR,ERR,ERR,ERR,ERR,ERR,ERR,ERR,ERR,ERR,ERR,ERR,ERR,ERR,ERR,ERR,ERR,ERR,ERR,ERR,ERR,ERR,ERR,ERR,ERR,ERR,0.0,-0.0,-0.0,0.0,0.0,1.3936040501711995e+18,7.805,0.0,0,0,4,0,7300,-0.0,0,0.0,0.0,0.0,0.0,0.0,0,0,0,0,0.0,0,0,0,0,0,0,0,0,0,0,0,0,0,0,0,0,0,0,0,0,0,0,0,0,0,0,0,0,0,0,0,0,0,32,30,30,62,65476,0,300,0,0,8,21553,0.0,-107605600.0,0.0,0.0,0.0,0.0,0.0,0.0,0.0,0.0,0.0,0.0,0.0,0.0,0.0,0.0,0.0,0.0,0.0,0.0,0.0,0.0,-0.0,-2.004,2.004,2.004,0.0,0.0,0.0,0.0,5526.0,131350.688,6921.0,0.0,-0.0,-0.0,0.0,0.0,0.0,0.0,0.0,63,0.0,-0.0,0.0,0.0,0.0,0.0,0.0,0.0,0.0,0,0,0,0.0,0.0,0.0,0.0,0.0,0.0,0.0,0.0,0.0,0.0,0.0,0.0,0.0,0.0,0.0,0.0,0,-107875648.0,63,0.0,126,2.7184242562605685e+23,2.842318642297501e+23,ERR,ERR,ERR,ERR,ERR,ERR,ERR,ERR,ERR,ERR,ERR,ERR,ERR,ERR,ERR,ERR,ERR,ERR,ERR,ERR,ERR,ERR,ERR,ERR,ERR,ERR,ERR,ERR,ERR,ERR,ERR,ERR,ERR,ERR,ERR,ERR,ERR,ERR,ERR,ERR,ERR,ERR,ERR,ERR,ERR,ERR,ERR,ERR,ERR,ERR,ERR,ERR,ERR,ERR,ERR,ERR,ERR,ERR,ERR,ERR,ERR,ERR,ERR,ERR,ERR,ERR,ERR,34.0,80.0,35,0.0,0.0,0.0,0.0,0.0,0.0,0.0,0.0,0.0,0.0,0.0,0.0,0.0,0.0,0.0,0.0,64.8,0,116,56,49,65476,0,300,0,0,8,20529,65476,0,0,57672,80.0,0.0,0.0,0.0,0.0,0.0
2026-06-17T04:49:58,ERR,ERR,ERR,ERR,ERR,ERR,ERR,ERR,ERR,ERR,ERR,ERR,ERR,ERR,ERR,ERR,ERR,ERR,ERR,ERR,ERR,ERR,ERR,ERR,ERR,ERR,ERR,ERR,ERR,ERR,ERR,ERR,ERR,ERR,ERR,ERR,ERR,ERR,ERR,ERR,ERR,ERR,ERR,ERR,ERR,ERR,ERR,ERR,ERR,ERR,ERR,ERR,ERR,ERR,ERR,ERR,ERR,ERR,ERR,ERR,ERR,ERR,ERR,ERR,ERR,ERR,ERR,ERR,ERR,ERR,ERR,ERR,ERR,ERR,ERR,ERR,ERR,ERR,ERR,ERR,ERR,ERR,ERR,ERR,ERR,ERR,ERR,ERR,ERR,ERR,ERR,ERR,ERR,ERR,ERR,ERR,ERR,ERR,ERR,ERR,ERR,ERR,ERR,ERR,ERR,ERR,ERR,ERR,ERR,ERR,ERR,ERR,ERR,ERR,ERR,ERR,ERR,ERR,ERR,ERR,ERR,ERR,ERR,ERR,ERR,0.0,-0.0,-0.0,0.0,0.0,1.3936040501711995e+18,7.805,0.0,0,0,4,0,7300,-0.0,0,0.0,0.0,0.0,0.0,0.0,0,0,0,0,0.0,0,0,0,0,0,0,0,0,0,0,0,0,0,0,0,0,0,0,0,0,0,0,0,0,0,0,0,0,0,0,0,0,0,32,30,30,62,65476,0,300,0,0,8,21553,0.0,-107605600.0,0.0,0.0,0.0,0.0,0.0,0.0,0.0,0.0,0.0,0.0,0.0,0.0,0.0,0.0,0.0,0.0,0.0,0.0,0.0,0.0,-0.0,-2.004,2.004,2.004,0.0,0.0,0.0,0.0,5526.0,131350.688,6921.0,0.0,-0.0,-0.0,0.0,0.0,0.0,0.0,0.0,63,0.0,-0.0,0.0,0.0,0.0,0.0,0.0,0.0,0.0,0,0,0,0.0,0.0,0.0,0.0,0.0,0.0,0.0,0.0,0.0,0.0,0.0,0.0,0.0,0.0,0.0,0.0,0,-107875648.0,63,0.0,126,2.7184242562605685e+23,2.842318642297501e+23,ERR,ERR,ERR,ERR,ERR,ERR,ERR,ERR,ERR,ERR,ERR,ERR,ERR,ERR,ERR,ERR,ERR,ERR,ERR,ERR,ERR,ERR,ERR,ERR,ERR,ERR,ERR,ERR,ERR,ERR,ERR,ERR,ERR,ERR,ERR,ERR,ERR,ERR,ERR,ERR,ERR,ERR,ERR,ERR,ERR,ERR,ERR,ERR,ERR,ERR,ERR,ERR,ERR,ERR,ERR,ERR,ERR,ERR,ERR,ERR,ERR,ERR,ERR,ERR,ERR,ERR,ERR,34.0,80.0,35,0.0,0.0,0.0,0.0,0.0,0.0,0.0,0.0,0.0,0.0,0.0,0.0,0.0,0.0,0.0,0.0,64.8,0,116,56,49,65476,0,300,0,0,8,20529,65476,0,0,57672,80.0,0.0,0.0,0.0,0.0,0.0
2026-06-17T04:49:59,ERR,ERR,ERR,ERR,ERR,ERR,ERR,ERR,ERR,ERR,ERR,ERR,ERR,ERR,ERR,ERR,ERR,ERR,ERR,ERR,ERR,ERR,ERR,ERR,ERR,ERR,ERR,ERR,ERR,ERR,ERR,ERR,ERR,ERR,ERR,ERR,ERR,ERR,ERR,ERR,ERR,ERR,ERR,ERR,ERR,ERR,ERR,ERR,ERR,ERR,ERR,ERR,ERR,ERR,ERR,ERR,ERR,ERR,ERR,ERR,ERR,ERR,ERR,ERR,ERR,ERR,ERR,ERR,ERR,ERR,ERR,ERR,ERR,ERR,ERR,ERR,ERR,ERR,ERR,ERR,ERR,ERR,ERR,ERR,ERR,ERR,ERR,ERR,ERR,ERR,ERR,ERR,ERR,ERR,ERR,ERR,ERR,ERR,ERR,ERR,ERR,ERR,ERR,ERR,ERR,ERR,ERR,ERR,ERR,ERR,ERR,ERR,ERR,ERR,ERR,ERR,ERR,ERR,ERR,ERR,ERR,ERR,ERR,ERR,ERR,0.0,-0.0,-0.0,0.0,0.0,1.3936040501711995e+18,7.805,0.0,0,0,4,0,7300,-0.0,0,0.0,0.0,0.0,0.0,0.0,0,0,0,0,0.0,0,0,0,0,0,0,0,0,0,0,0,0,0,0,0,0,0,0,0,0,0,0,0,0,0,0,0,0,0,0,0,0,0,32,30,30,62,65476,0,300,0,0,8,21553,0.0,-107605600.0,0.0,0.0,0.0,0.0,0.0,0.0,0.0,0.0,0.0,0.0,0.0,0.0,0.0,0.0,0.0,0.0,0.0,0.0,0.0,0.0,-0.0,-2.004,2.004,2.004,0.0,0.0,0.0,0.0,5526.0,131350.688,6921.0,0.0,-0.0,-0.0,0.0,0.0,0.0,0.0,0.0,63,0.0,-0.0,0.0,0.0,0.0,0.0,0.0,0.0,0.0,0,0,0,0.0,0.0,0.0,0.0,0.0,0.0,0.0,0.0,0.0,0.0,0.0,0.0,0.0,0.0,0.0,0.0,0,-107875648.0,63,0.0,126,2.7184242562605685e+23,2.842318642297501e+23,ERR,ERR,ERR,ERR,ERR,ERR,ERR,ERR,ERR,ERR,ERR,ERR,ERR,ERR,ERR,ERR,ERR,ERR,ERR,ERR,ERR,ERR,ERR,ERR,ERR,ERR,ERR,ERR,ERR,ERR,ERR,ERR,ERR,ERR,ERR,ERR,ERR,ERR,ERR,ERR,ERR,ERR,ERR,ERR,ERR,ERR,ERR,ERR,ERR,ERR,ERR,ERR,ERR,ERR,ERR,ERR,ERR,ERR,ERR,ERR,ERR,ERR,ERR,ERR,ERR,ERR,ERR,34.0,80.0,35,0.0,0.0,0.0,0.0,0.0,0.0,0.0,0.0,0.0,0.0,0.0,0.0,0.0,0.0,0.0,0.0,64.4,0,116,56,49,65476,0,300,0,0,8,20529,65476,0,0,57672,80.0,0.0,0.0,0.0,0.0,0.0
2026-06-17T04:50:00,ERR,ERR,ERR,ERR,ERR,ERR,ERR,ERR,ERR,ERR,ERR,ERR,ERR,ERR,ERR,ERR,ERR,ERR,ERR,ERR,ERR,ERR,ERR,ERR,ERR,ERR,ERR,ERR,ERR,ERR,ERR,ERR,ERR,ERR,ERR,ERR,ERR,ERR,ERR,ERR,ERR,ERR,ERR,ERR,ERR,ERR,ERR,ERR,ERR,ERR,ERR,ERR,ERR,ERR,ERR,ERR,ERR,ERR,ERR,ERR,ERR,ERR,ERR,ERR,ERR,ERR,ERR,ERR,ERR,ERR,ERR,ERR,ERR,ERR,ERR,ERR,ERR,ERR,ERR,ERR,ERR,ERR,ERR,ERR,ERR,ERR,ERR,ERR,ERR,ERR,ERR,ERR,ERR,ERR,ERR,ERR,ERR,ERR,ERR,ERR,ERR,ERR,ERR,ERR,ERR,ERR,ERR,ERR,ERR,ERR,ERR,ERR,ERR,ERR,ERR,ERR,ERR,ERR,ERR,ERR,ERR,ERR,ERR,ERR,ERR,0.0,-0.0,-0.0,0.0,0.0,1.3936040501711995e+18,7.805,0.0,0,0,4,0,7300,-0.0,0,0.0,0.0,0.0,0.0,0.0,0,0,0,0,0.0,0,0,0,0,0,0,0,0,0,0,0,0,0,0,0,0,0,0,0,0,0,0,0,0,0,0,0,0,0,0,0,0,0,32,30,30,62,65476,0,300,0,0,8,21553,0.0,-107605600.0,0.0,0.0,0.0,0.0,0.0,0.0,0.0,0.0,0.0,0.0,0.0,0.0,0.0,0.0,0.0,0.0,0.0,0.0,0.0,0.0,-0.0,-2.004,2.004,2.004,0.0,0.0,0.0,0.0,5526.0,131350.688,6921.0,0.0,-0.0,-0.0,0.0,0.0,0.0,0.0,0.0,63,0.0,-0.0,0.0,0.0,0.0,0.0,0.0,0.0,0.0,0,0,0,0.0,0.0,0.0,0.0,0.0,0.0,0.0,0.0,0.0,0.0,0.0,0.0,0.0,0.0,0.0,0.0,0,-107875648.0,63,0.0,126,2.7184242562605685e+23,2.842318642297501e+23,ERR,ERR,ERR,ERR,ERR,ERR,ERR,ERR,ERR,ERR,ERR,ERR,ERR,ERR,ERR,ERR,ERR,ERR,ERR,ERR,ERR,ERR,ERR,ERR,ERR,ERR,ERR,ERR,ERR,ERR,ERR,ERR,ERR,ERR,ERR,ERR,ERR,ERR,ERR,ERR,ERR,ERR,ERR,ERR,ERR,ERR,ERR,ERR,ERR,ERR,ERR,ERR,ERR,ERR,ERR,ERR,ERR,ERR,ERR,ERR,ERR,ERR,ERR,ERR,ERR,ERR,ERR,34.0,80.0,35,0.0,0.0,0.0,0.0,0.0,0.0,0.0,0.0,0.0,0.0,0.0,0.0,0.0,0.0,0.0,0.0,64.4,0,116,56,49,65476,0,300,0,0,8,20529,65476,0,0,57672,80.0,0.0,0.0,0.0,0.0,0.0
2026-06-17T04:50:01,ERR,ERR,ERR,ERR,ERR,ERR,ERR,ERR,ERR,ERR,ERR,ERR,ERR,ERR,ERR,ERR,ERR,ERR,ERR,ERR,ERR,ERR,ERR,ERR,ERR,ERR,ERR,ERR,ERR,ERR,ERR,ERR,ERR,ERR,ERR,ERR,ERR,ERR,ERR,ERR,ERR,ERR,ERR,ERR,ERR,ERR,ERR,ERR,ERR,ERR,ERR,ERR,ERR,ERR,ERR,ERR,ERR,ERR,ERR,ERR,ERR,ERR,ERR,ERR,ERR,ERR,ERR,ERR,ERR,ERR,ERR,ERR,ERR,ERR,ERR,ERR,ERR,ERR,ERR,ERR,ERR,ERR,ERR,ERR,ERR,ERR,ERR,ERR,ERR,ERR,ERR,ERR,ERR,ERR,ERR,ERR,ERR,ERR,ERR,ERR,ERR,ERR,ERR,ERR,ERR,ERR,ERR,ERR,ERR,ERR,ERR,ERR,ERR,ERR,ERR,ERR,ERR,ERR,ERR,ERR,ERR,ERR,ERR,ERR,ERR,0.0,-0.0,-0.0,0.0,0.0,1.3936040501711995e+18,7.805,0.0,0,0,4,0,7300,-0.0,0,0.0,0.0,0.0,0.0,0.0,0,0,0,0,0.0,0,0,0,0,0,0,0,0,0,0,0,0,0,0,0,0,0,0,0,0,0,0,0,0,0,0,0,0,0,0,0,0,0,32,30,30,62,65476,0,300,0,0,8,21553,0.0,-107605600.0,0.0,0.0,0.0,0.0,0.0,0.0,0.0,0.0,0.0,0.0,0.0,0.0,0.0,0.0,0.0,0.0,0.0,0.0,0.0,0.0,-0.0,-2.004,2.004,2.004,0.0,0.0,0.0,0.0,5526.0,131350.688,6921.0,0.0,-0.0,-0.0,0.0,0.0,0.0,0.0,0.0,63,0.0,-0.0,0.0,0.0,0.0,0.0,0.0,0.0,0.0,0,0,0,0.0,0.0,0.0,0.0,0.0,0.0,0.0,0.0,0.0,0.0,0.0,0.0,0.0,0.0,0.0,0.0,0,-107875648.0,63,0.0,126,2.7184242562605685e+23,2.842318642297501e+23,ERR,ERR,ERR,ERR,ERR,ERR,ERR,ERR,ERR,ERR,ERR,ERR,ERR,ERR,ERR,ERR,ERR,ERR,ERR,ERR,ERR,ERR,ERR,ERR,ERR,ERR,ERR,ERR,ERR,ERR,ERR,ERR,ERR,ERR,ERR,ERR,ERR,ERR,ERR,ERR,ERR,ERR,ERR,ERR,ERR,ERR,ERR,ERR,ERR,ERR,ERR,ERR,ERR,ERR,ERR,ERR,ERR,ERR,ERR,ERR,ERR,ERR,ERR,ERR,ERR,ERR,ERR,34.0,80.0,35,0.0,0.0,0.0,0.0,0.0,0.0,0.0,0.0,0.0,0.0,0.0,0.0,0.0,0.0,0.0,0.0,64.8,0,116,56,49,65476,0,300,0,0,8,20529,65476,0,0,57672,80.0,0.0,0.0,0.0,0.0,0.0
2026-06-17T04:50:02,ERR,ERR,ERR,ERR,ERR,ERR,ERR,ERR,ERR,ERR,ERR,ERR,ERR,ERR,ERR,ERR,ERR,ERR,ERR,ERR,ERR,ERR,ERR,ERR,ERR,ERR,ERR,ERR,ERR,ERR,ERR,ERR,ERR,ERR,ERR,ERR,ERR,ERR,ERR,ERR,ERR,ERR,ERR,ERR,ERR,ERR,ERR,ERR,ERR,ERR,ERR,ERR,ERR,ERR,ERR,ERR,ERR,ERR,ERR,ERR,ERR,ERR,ERR,ERR,ERR,ERR,ERR,ERR,ERR,ERR,ERR,ERR,ERR,ERR,ERR,ERR,ERR,ERR,ERR,ERR,ERR,ERR,ERR,ERR,ERR,ERR,ERR,ERR,ERR,ERR,ERR,ERR,ERR,ERR,ERR,ERR,ERR,ERR,ERR,ERR,ERR,ERR,ERR,ERR,ERR,ERR,ERR,ERR,ERR,ERR,ERR,ERR,ERR,ERR,ERR,ERR,ERR,ERR,ERR,ERR,ERR,ERR,ERR,ERR,ERR,0.0,-0.0,3.028208139652935e+23,0.0,0.0,1.3936040501711995e+18,7.805,0.0,0,0,4,0,7300,-0.0,0,0.0,0.0,0.0,0.0,0.0,0,0,0,0,0.0,0,0,0,0,0,0,0,0,0,0,0,0,0,0,0,0,0,0,0,0,0,0,0,0,0,0,0,0,0,0,0,0,0,32,30,30,62,65476,0,300,0,0,8,21553,0.0,-107605600.0,0.0,0.0,0.0,0.0,0.0,0.0,0.0,0.0,0.0,0.0,0.0,0.0,0.0,0.0,0.0,0.0,0.0,0.0,0.0,0.0,2.004,-2.004,2.004,2.004,0.0,0.0,0.0,0.0,5524.0,2.4229925162183003e+24,6922.0,0.0,-0.0,-0.0,0.0,0.0,0.0,0.0,0.0,63,-5.8480814323122084e+35,-0.0,0.0,0.0,0.0,0.0,0.0,0.0,0.0,0,0,0,0.0,0.0,0.0,0.0,0.0,0.0,0.0,0.0,0.0,0.0,0.0,0.0,0.0,0.0,0.0,0.0,0,-107875648.0,63,0.0,126,2.7184242562605685e+23,2.842318642297501e+23,ERR,ERR,ERR,ERR,ERR,ERR,ERR,ERR,ERR,ERR,ERR,ERR,ERR,ERR,ERR,ERR,ERR,ERR,ERR,ERR,ERR,ERR,ERR,ERR,ERR,ERR,ERR,ERR,ERR,ERR,ERR,ERR,ERR,ERR,ERR,ERR,ERR,ERR,ERR,ERR,ERR,ERR,ERR,ERR,ERR,ERR,ERR,ERR,ERR,ERR,ERR,ERR,ERR,ERR,ERR,ERR,ERR,ERR,ERR,ERR,ERR,ERR,ERR,ERR,ERR,ERR,ERR,34.0,80.0,35,0.0,0.0,0.0,0.0,0.0,0.0,0.0,0.0,0.0,0.0,0.0,0.0,0.0,0.0,0.0,0.0,64.8,0,116,56,49,65476,0,300,0,0,8,20529,65476,0,0,57672,80.0,0.0,0.0,0.0,0.0,0.0
2026-06-17T04:50:03,ERR,ERR,ERR,ERR,ERR,ERR,ERR,ERR,ERR,ERR,ERR,ERR,ERR,ERR,ERR,ERR,ERR,ERR,ERR,ERR,ERR,ERR,ERR,ERR,ERR,ERR,ERR,ERR,ERR,ERR,ERR,ERR,ERR,ERR,ERR,ERR,ERR,ERR,ERR,ERR,ERR,ERR,ERR,ERR,ERR,ERR,ERR,ERR,ERR,ERR,ERR,ERR,ERR,ERR,ERR,ERR,ERR,ERR,ERR,ERR,ERR,ERR,ERR,ERR,ERR,ERR,ERR,ERR,ERR,ERR,ERR,ERR,ERR,ERR,ERR,ERR,ERR,ERR,ERR,ERR,ERR,ERR,ERR,ERR,ERR,ERR,ERR,ERR,ERR,ERR,ERR,ERR,ERR,ERR,ERR,ERR,ERR,ERR,ERR,ERR,ERR,ERR,ERR,ERR,ERR,ERR,ERR,ERR,ERR,ERR,ERR,ERR,ERR,ERR,ERR,ERR,ERR,ERR,ERR,ERR,ERR,ERR,ERR,ERR,ERR,0.0,-0.0,3.028208139652935e+23,0.0,0.0,1.3936040501711995e+18,7.805,0.0,0,0,4,0,7300,-0.0,0,0.0,0.0,0.0,0.0,0.0,0,0,0,0,0.0,0,0,0,0,0,0,0,0,0,0,0,0,0,0,0,0,0,0,0,0,0,0,0,0,0,0,0,0,0,0,0,0,0,32,30,30,62,65476,0,300,0,0,8,21553,0.0,-107605600.0,0.0,0.0,0.0,0.0,0.0,0.0,0.0,0.0,0.0,0.0,0.0,0.0,0.0,0.0,0.0,0.0,0.0,0.0,0.0,0.0,2.004,-2.004,2.004,2.004,0.0,0.0,0.0,0.0,5524.0,2.4229925162183003e+24,6922.0,0.0,-0.0,-0.0,0.0,0.0,0.0,0.0,0.0,63,-5.8480814323122084e+35,-0.0,0.0,0.0,0.0,0.0,0.0,0.0,0.0,0,0,0,0.0,0.0,0.0,0.0,0.0,0.0,0.0,0.0,0.0,0.0,0.0,0.0,0.0,0.0,0.0,0.0,0,-107875648.0,63,0.0,126,2.7184242562605685e+23,2.842318642297501e+23,ERR,ERR,ERR,ERR,ERR,ERR,ERR,ERR,ERR,ERR,ERR,ERR,ERR,ERR,ERR,ERR,ERR,ERR,ERR,ERR,ERR,ERR,ERR,ERR,ERR,ERR,ERR,ERR,ERR,ERR,ERR,ERR,ERR,ERR,ERR,ERR,ERR,ERR,ERR,ERR,ERR,ERR,ERR,ERR,ERR,ERR,ERR,ERR,ERR,ERR,ERR,ERR,ERR,ERR,ERR,ERR,ERR,ERR,ERR,ERR,ERR,ERR,ERR,ERR,ERR,ERR,ERR,34.0,80.0,35,0.0,0.0,0.0,0.0,0.0,0.0,0.0,0.0,0.0,0.0,0.0,0.0,0.0,0.0,0.0,0.0,64.4,0,116,56,49,65476,0,300,0,0,8,20529,65476,0,0,57672,80.0,0.0,0.0,0.0,0.0,0.0
2026-06-17T04:50:04,ERR,ERR,ERR,ERR,ERR,ERR,ERR,ERR,ERR,ERR,ERR,ERR,ERR,ERR,ERR,ERR,ERR,ERR,ERR,ERR,ERR,ERR,ERR,ERR,ERR,ERR,ERR,ERR,ERR,ERR,ERR,ERR,ERR,ERR,ERR,ERR,ERR,ERR,ERR,ERR,ERR,ERR,ERR,ERR,ERR,ERR,ERR,ERR,ERR,ERR,ERR,ERR,ERR,ERR,ERR,ERR,ERR,ERR,ERR,ERR,ERR,ERR,ERR,ERR,ERR,ERR,ERR,ERR,ERR,ERR,ERR,ERR,ERR,ERR,ERR,ERR,ERR,ERR,ERR,ERR,ERR,ERR,ERR,ERR,ERR,ERR,ERR,ERR,ERR,ERR,ERR,ERR,ERR,ERR,ERR,ERR,ERR,ERR,ERR,ERR,ERR,ERR,ERR,ERR,ERR,ERR,ERR,ERR,ERR,ERR,ERR,ERR,ERR,ERR,ERR,ERR,ERR,ERR,ERR,ERR,ERR,ERR,ERR,ERR,ERR,0.0,-0.0,3.028208139652935e+23,0.0,0.0,1.3936040501711995e+18,7.805,0.0,0,0,4,0,7300,-0.0,0,0.0,0.0,0.0,0.0,0.0,0,0,0,0,0.0,0,0,0,0,0,0,0,0,0,0,0,0,0,0,0,0,0,0,0,0,0,0,0,0,0,0,0,0,0,0,0,0,0,32,30,30,62,65476,0,300,0,0,8,21553,0.0,-107605600.0,0.0,0.0,0.0,0.0,0.0,0.0,0.0,0.0,0.0,0.0,0.0,0.0,0.0,0.0,0.0,0.0,0.0,0.0,0.0,0.0,2.004,-2.004,2.004,2.004,0.0,0.0,0.0,0.0,5524.0,2.4229925162183003e+24,6922.0,0.0,-0.0,-0.0,0.0,0.0,0.0,0.0,0.0,63,-5.8480814323122084e+35,-0.0,0.0,0.0,0.0,0.0,0.0,0.0,0.0,0,0,0,0.0,0.0,0.0,0.0,0.0,0.0,0.0,0.0,0.0,0.0,0.0,0.0,0.0,0.0,0.0,0.0,0,-107875648.0,63,0.0,126,2.7184242562605685e+23,2.842318642297501e+23,ERR,ERR,ERR,ERR,ERR,ERR,ERR,ERR,ERR,ERR,ERR,ERR,ERR,ERR,ERR,ERR,ERR,ERR,ERR,ERR,ERR,ERR,ERR,ERR,ERR,ERR,ERR,ERR,ERR,ERR,ERR,ERR,ERR,ERR,ERR,ERR,ERR,ERR,ERR,ERR,ERR,ERR,ERR,ERR,ERR,ERR,ERR,ERR,ERR,ERR,ERR,ERR,ERR,ERR,ERR,ERR,ERR,ERR,ERR,ERR,ERR,ERR,ERR,ERR,ERR,ERR,ERR,34.0,80.0,35,0.0,0.0,0.0,0.0,0.0,0.0,0.0,0.0,0.0,0.0,0.0,0.0,0.0,0.0,0.0,0.0,64.4,0,116,56,49,65476,0,300,0,0,8,20529,65476,0,0,57672,80.0,0.0,0.0,0.0,0.0,0.0
2026-06-17T04:50:05,ERR,ERR,ERR,ERR,ERR,ERR,ERR,ERR,ERR,ERR,ERR,ERR,ERR,ERR,ERR,ERR,ERR,ERR,ERR,ERR,ERR,ERR,ERR,ERR,ERR,ERR,ERR,ERR,ERR,ERR,ERR,ERR,ERR,ERR,ERR,ERR,ERR,ERR,ERR,ERR,ERR,ERR,ERR,ERR,ERR,ERR,ERR,ERR,ERR,ERR,ERR,ERR,ERR,ERR,ERR,ERR,ERR,ERR,ERR,ERR,ERR,ERR,ERR,ERR,ERR,ERR,ERR,ERR,ERR,ERR,ERR,ERR,ERR,ERR,ERR,ERR,ERR,ERR,ERR,ERR,ERR,ERR,ERR,ERR,ERR,ERR,ERR,ERR,ERR,ERR,ERR,ERR,ERR,ERR,ERR,ERR,ERR,ERR,ERR,ERR,ERR,ERR,ERR,ERR,ERR,ERR,ERR,ERR,ERR,ERR,ERR,ERR,ERR,ERR,ERR,ERR,ERR,ERR,ERR,ERR,ERR,ERR,ERR,ERR,ERR,0.0,-0.0,3.028208139652935e+23,0.0,0.0,1.3936040501711995e+18,7.805,0.0,0,0,4,0,7300,-0.0,0,0.0,0.0,0.0,0.0,0.0,0,0,0,0,0.0,0,0,0,0,0,0,0,0,0,0,0,0,0,0,0,0,0,0,0,0,0,0,0,0,0,0,0,0,0,0,0,0,0,32,30,30,62,65476,0,300,0,0,8,21553,0.0,-107605600.0,0.0,0.0,0.0,0.0,0.0,0.0,0.0,0.0,0.0,0.0,0.0,0.0,0.0,0.0,0.0,0.0,0.0,0.0,0.0,0.0,2.004,-2.004,2.004,2.004,0.0,0.0,0.0,0.0,5524.0,2.4229925162183003e+24,6922.0,0.0,-0.0,-0.0,0.0,0.0,0.0,0.0,0.0,63,-5.8480814323122084e+35,-0.0,0.0,0.0,0.0,0.0,0.0,0.0,0.0,0,0,0,0.0,0.0,0.0,0.0,0.0,0.0,0.0,0.0,0.0,0.0,0.0,0.0,0.0,0.0,0.0,0.0,0,-107875648.0,63,0.0,126,2.7184242562605685e+23,2.842318642297501e+23,ERR,ERR,ERR,ERR,ERR,ERR,ERR,ERR,ERR,ERR,ERR,ERR,ERR,ERR,ERR,ERR,ERR,ERR,ERR,ERR,ERR,ERR,ERR,ERR,ERR,ERR,ERR,ERR,ERR,ERR,ERR,ERR,ERR,ERR,ERR,ERR,ERR,ERR,ERR,ERR,ERR,ERR,ERR,ERR,ERR,ERR,ERR,ERR,ERR,ERR,ERR,ERR,ERR,ERR,ERR,ERR,ERR,ERR,ERR,ERR,ERR,ERR,ERR,ERR,ERR,ERR,ERR,34.0,80.0,35,0.0,0.0,0.0,0.0,0.0,0.0,0.0,0.0,0.0,0.0,0.0,0.0,0.0,0.0,0.0,0.0,64.4,0,116,56,49,65476,0,300,0,0,8,20529,65476,0,0,57672,80.0,0.0,0.0,0.0,0.0,0.0
2026-06-17T04:50:06,ERR,ERR,ERR,ERR,ERR,ERR,ERR,ERR,ERR,ERR,ERR,ERR,ERR,ERR,ERR,ERR,ERR,ERR,ERR,ERR,ERR,ERR,ERR,ERR,ERR,ERR,ERR,ERR,ERR,ERR,ERR,ERR,ERR,ERR,ERR,ERR,ERR,ERR,ERR,ERR,ERR,ERR,ERR,ERR,ERR,ERR,ERR,ERR,ERR,ERR,ERR,ERR,ERR,ERR,ERR,ERR,ERR,ERR,ERR,ERR,ERR,ERR,ERR,ERR,ERR,ERR,ERR,ERR,ERR,ERR,ERR,ERR,ERR,ERR,ERR,ERR,ERR,ERR,ERR,ERR,ERR,ERR,ERR,ERR,ERR,ERR,ERR,ERR,ERR,ERR,ERR,ERR,ERR,ERR,ERR,ERR,ERR,ERR,ERR,ERR,ERR,ERR,ERR,ERR,ERR,ERR,ERR,ERR,ERR,ERR,ERR,ERR,ERR,ERR,ERR,ERR,ERR,ERR,ERR,ERR,ERR,ERR,ERR,ERR,ERR,0.0,-0.0,3.028208139652935e+23,0.0,0.0,1.3936040501711995e+18,7.805,0.0,0,0,4,0,7300,-0.0,0,0.0,0.0,0.0,0.0,0.0,0,0,0,0,0.0,0,0,0,0,0,0,0,0,0,0,0,0,0,0,0,0,0,0,0,0,0,0,0,0,0,0,0,0,0,0,0,0,0,32,30,30,62,65476,0,300,0,0,8,21553,0.0,-107605600.0,0.0,0.0,0.0,0.0,0.0,0.0,0.0,0.0,0.0,0.0,0.0,0.0,0.0,0.0,0.0,0.0,0.0,0.0,0.0,0.0,2.004,-2.004,2.004,2.004,0.0,0.0,0.0,0.0,5524.0,2.4229925162183003e+24,6922.0,0.0,-0.0,-0.0,0.0,0.0,0.0,0.0,0.0,63,-5.8480814323122084e+35,-0.0,0.0,0.0,0.0,0.0,0.0,0.0,0.0,0,0,0,0.0,0.0,0.0,0.0,0.0,0.0,0.0,0.0,0.0,0.0,0.0,0.0,0.0,0.0,0.0,0.0,0,-107875648.0,63,0.0,126,2.7184242562605685e+23,2.842318642297501e+23,ERR,ERR,ERR,ERR,ERR,ERR,ERR,ERR,ERR,ERR,ERR,ERR,ERR,ERR,ERR,ERR,ERR,ERR,ERR,ERR,ERR,ERR,ERR,ERR,ERR,ERR,ERR,ERR,ERR,ERR,ERR,ERR,ERR,ERR,ERR,ERR,ERR,ERR,ERR,ERR,ERR,ERR,ERR,ERR,ERR,ERR,ERR,ERR,ERR,ERR,ERR,ERR,ERR,ERR,ERR,ERR,ERR,ERR,ERR,ERR,ERR,ERR,ERR,ERR,ERR,ERR,ERR,34.0,80.0,35,0.0,0.0,0.0,0.0,0.0,0.0,0.0,0.0,0.0,0.0,0.0,0.0,0.0,0.0,0.0,0.0,64.4,0,116,56,49,65476,0,300,0,0,8,20529,65476,0,0,57672,80.0,0.0,0.0,0.0,0.0,0.0
2026-06-17T04:50:07,ERR,ERR,ERR,ERR,ERR,ERR,ERR,ERR,ERR,ERR,ERR,ERR,ERR,ERR,ERR,ERR,ERR,ERR,ERR,ERR,ERR,ERR,ERR,ERR,ERR,ERR,ERR,ERR,ERR,ERR,ERR,ERR,ERR,ERR,ERR,ERR,ERR,ERR,ERR,ERR,ERR,ERR,ERR,ERR,ERR,ERR,ERR,ERR,ERR,ERR,ERR,ERR,ERR,ERR,ERR,ERR,ERR,ERR,ERR,ERR,ERR,ERR,ERR,ERR,ERR,ERR,ERR,ERR,ERR,ERR,ERR,ERR,ERR,ERR,ERR,ERR,ERR,ERR,ERR,ERR,ERR,ERR,ERR,ERR,ERR,ERR,ERR,ERR,ERR,ERR,ERR,ERR,ERR,ERR,ERR,ERR,ERR,ERR,ERR,ERR,ERR,ERR,ERR,ERR,ERR,ERR,ERR,ERR,ERR,ERR,ERR,ERR,ERR,ERR,ERR,ERR,ERR,ERR,ERR,ERR,ERR,ERR,ERR,ERR,ERR,0.0,-0.0,-0.0,0.0,0.0,1.3936040501711995e+18,7.805,0.0,0,0,4,0,7300,-0.0,0,0.0,0.0,0.0,0.0,0.0,0,0,0,0,0.0,0,0,0,0,0,0,0,0,0,0,0,0,0,0,0,0,0,0,0,0,0,0,0,0,0,0,0,0,0,0,0,0,0,32,30,30,62,65476,0,300,0,0,8,21553,0.0,-107605600.0,0.0,0.0,0.0,0.0,0.0,0.0,0.0,0.0,0.0,0.0,0.0,0.0,0.0,0.0,0.0,0.0,0.0,0.0,0.0,0.0,2.004,-2.004,2.004,2.004,0.0,0.0,0.0,0.0,5490.0,-1.040667237767031e+34,6942.0,0.0,-0.0,-0.0,0.0,0.0,0.0,0.0,0.0,63,-4.9504266636054534e+32,0.0,0.0,0.0,0.0,0.0,0.0,0.0,0.0,0,0,0,0.0,0.0,0.0,0.0,0.0,0.0,0.0,0.0,0.0,0.0,0.0,0.0,0.0,0.0,0.0,0.0,0,-107875648.0,63,0.0,126,2.7184242562605685e+23,2.842318642297501e+23,ERR,ERR,ERR,ERR,ERR,ERR,ERR,ERR,ERR,ERR,ERR,ERR,ERR,ERR,ERR,ERR,ERR,ERR,ERR,ERR,ERR,ERR,ERR,ERR,ERR,ERR,ERR,ERR,ERR,ERR,ERR,ERR,ERR,ERR,ERR,ERR,ERR,ERR,ERR,ERR,ERR,ERR,ERR,ERR,ERR,ERR,ERR,ERR,ERR,ERR,ERR,ERR,ERR,ERR,ERR,ERR,ERR,ERR,ERR,ERR,ERR,ERR,ERR,ERR,ERR,ERR,ERR,34.0,80.0,35,0.0,0.0,0.0,0.0,0.0,0.0,0.0,0.0,0.0,0.0,0.0,0.0,0.0,0.0,0.0,0.0,64.4,0,116,56,49,65476,0,300,0,0,8,20529,65476,0,0,57672,80.0,0.0,0.0,0.0,0.0,0.0
2026-06-17T04:50:08,ERR,ERR,ERR,ERR,ERR,ERR,ERR,ERR,ERR,ERR,ERR,ERR,ERR,ERR,ERR,ERR,ERR,ERR,ERR,ERR,ERR,ERR,ERR,ERR,ERR,ERR,ERR,ERR,ERR,ERR,ERR,ERR,ERR,ERR,ERR,ERR,ERR,ERR,ERR,ERR,ERR,ERR,ERR,ERR,ERR,ERR,ERR,ERR,ERR,ERR,ERR,ERR,ERR,ERR,ERR,ERR,ERR,ERR,ERR,ERR,ERR,ERR,ERR,ERR,ERR,ERR,ERR,ERR,ERR,ERR,ERR,ERR,ERR,ERR,ERR,ERR,ERR,ERR,ERR,ERR,ERR,ERR,ERR,ERR,ERR,ERR,ERR,ERR,ERR,ERR,ERR,ERR,ERR,ERR,ERR,ERR,ERR,ERR,ERR,ERR,ERR,ERR,ERR,ERR,ERR,ERR,ERR,ERR,ERR,ERR,ERR,ERR,ERR,ERR,ERR,ERR,ERR,ERR,ERR,ERR,ERR,ERR,ERR,ERR,ERR,0.0,-0.0,-0.0,0.0,0.0,1.3936040501711995e+18,7.805,0.0,0,0,4,0,7300,-0.0,0,0.0,0.0,0.0,0.0,0.0,0,0,0,0,0.0,0,0,0,0,0,0,0,0,0,0,0,0,0,0,0,0,0,0,0,0,0,0,0,0,0,0,0,0,0,0,0,0,0,32,30,30,62,65476,0,300,0,0,8,21553,0.0,-107605600.0,0.0,0.0,0.0,0.0,0.0,0.0,0.0,0.0,0.0,0.0,0.0,0.0,0.0,0.0,0.0,0.0,0.0,0.0,0.0,0.0,2.004,-2.004,2.004,2.004,0.0,0.0,0.0,0.0,5490.0,-1.040667237767031e+34,6942.0,0.0,-0.0,-0.0,0.0,0.0,0.0,0.0,0.0,63,-4.9504266636054534e+32,0.0,0.0,0.0,0.0,0.0,0.0,0.0,0.0,0,0,0,0.0,0.0,0.0,0.0,0.0,0.0,0.0,0.0,0.0,0.0,0.0,0.0,0.0,0.0,0.0,0.0,0,-107875648.0,63,0.0,126,2.7184242562605685e+23,2.842318642297501e+23,ERR,ERR,ERR,ERR,ERR,ERR,ERR,ERR,ERR,ERR,ERR,ERR,ERR,ERR,ERR,ERR,ERR,ERR,ERR,ERR,ERR,ERR,ERR,ERR,ERR,ERR,ERR,ERR,ERR,ERR,ERR,ERR,ERR,ERR,ERR,ERR,ERR,ERR,ERR,ERR,ERR,ERR,ERR,ERR,ERR,ERR,ERR,ERR,ERR,ERR,ERR,ERR,ERR,ERR,ERR,ERR,ERR,ERR,ERR,ERR,ERR,ERR,ERR,ERR,ERR,ERR,ERR,34.0,80.0,35,0.0,0.0,0.0,0.0,0.0,0.0,0.0,0.0,0.0,0.0,0.0,0.0,0.0,0.0,0.0,0.0,64.4,0,116,56,49,65476,0,300,0,0,8,20529,65476,0,0,57672,80.0,0.0,0.0,0.0,0.0,0.0
2026-06-17T04:50:09,ERR,ERR,ERR,ERR,ERR,ERR,ERR,ERR,ERR,ERR,ERR,ERR,ERR,ERR,ERR,ERR,ERR,ERR,ERR,ERR,ERR,ERR,ERR,ERR,ERR,ERR,ERR,ERR,ERR,ERR,ERR,ERR,ERR,ERR,ERR,ERR,ERR,ERR,ERR,ERR,ERR,ERR,ERR,ERR,ERR,ERR,ERR,ERR,ERR,ERR,ERR,ERR,ERR,ERR,ERR,ERR,ERR,ERR,ERR,ERR,ERR,ERR,ERR,ERR,ERR,ERR,ERR,ERR,ERR,ERR,ERR,ERR,ERR,ERR,ERR,ERR,ERR,ERR,ERR,ERR,ERR,ERR,ERR,ERR,ERR,ERR,ERR,ERR,ERR,ERR,ERR,ERR,ERR,ERR,ERR,ERR,ERR,ERR,ERR,ERR,ERR,ERR,ERR,ERR,ERR,ERR,ERR,ERR,ERR,ERR,ERR,ERR,ERR,ERR,ERR,ERR,ERR,ERR,ERR,ERR,ERR,ERR,ERR,ERR,ERR,0.0,-0.0,-0.0,0.0,0.0,1.3936040501711995e+18,7.805,0.0,0,0,4,0,7300,-0.0,0,0.0,0.0,0.0,0.0,0.0,0,0,0,0,0.0,0,0,0,0,0,0,0,0,0,0,0,0,0,0,0,0,0,0,0,0,0,0,0,0,0,0,0,0,0,0,0,0,0,32,30,30,62,65476,0,300,0,0,8,21553,0.0,-107605600.0,0.0,0.0,0.0,0.0,0.0,0.0,0.0,0.0,0.0,0.0,0.0,0.0,0.0,0.0,0.0,0.0,0.0,0.0,0.0,0.0,2.004,-2.004,2.004,2.004,0.0,0.0,0.0,0.0,5490.0,-1.040667237767031e+34,6942.0,0.0,-0.0,-0.0,0.0,0.0,0.0,0.0,0.0,63,-4.9504266636054534e+32,0.0,0.0,0.0,0.0,0.0,0.0,0.0,0.0,0,0,0,0.0,0.0,0.0,0.0,0.0,0.0,0.0,0.0,0.0,0.0,0.0,0.0,0.0,0.0,0.0,0.0,0,-107875648.0,63,0.0,126,2.7184242562605685e+23,2.842318642297501e+23,ERR,ERR,ERR,ERR,ERR,ERR,ERR,ERR,ERR,ERR,ERR,ERR,ERR,ERR,ERR,ERR,ERR,ERR,ERR,ERR,ERR,ERR,ERR,ERR,ERR,ERR,ERR,ERR,ERR,ERR,ERR,ERR,ERR,ERR,ERR,ERR,ERR,ERR,ERR,ERR,ERR,ERR,ERR,ERR,ERR,ERR,ERR,ERR,ERR,ERR,ERR,ERR,ERR,ERR,ERR,ERR,ERR,ERR,ERR,ERR,ERR,ERR,ERR,ERR,ERR,ERR,ERR,34.0,80.0,35,0.0,0.0,0.0,0.0,0.0,0.0,0.0,0.0,0.0,0.0,0.0,0.0,0.0,0.0,0.0,0.0,64.4,0,116,56,49,65476,0,300,0,0,8,20529,65476,0,0,57672,80.0,0.0,0.0,0.0,0.0,0.0
2026-06-17T04:50:10,ERR,ERR,ERR,ERR,ERR,ERR,ERR,ERR,ERR,ERR,ERR,ERR,ERR,ERR,ERR,ERR,ERR,ERR,ERR,ERR,ERR,ERR,ERR,ERR,ERR,ERR,ERR,ERR,ERR,ERR,ERR,ERR,ERR,ERR,ERR,ERR,ERR,ERR,ERR,ERR,ERR,ERR,ERR,ERR,ERR,ERR,ERR,ERR,ERR,ERR,ERR,ERR,ERR,ERR,ERR,ERR,ERR,ERR,ERR,ERR,ERR,ERR,ERR,ERR,ERR,ERR,ERR,ERR,ERR,ERR,ERR,ERR,ERR,ERR,ERR,ERR,ERR,ERR,ERR,ERR,ERR,ERR,ERR,ERR,ERR,ERR,ERR,ERR,ERR,ERR,ERR,ERR,ERR,ERR,ERR,ERR,ERR,ERR,ERR,ERR,ERR,ERR,ERR,ERR,ERR,ERR,ERR,ERR,ERR,ERR,ERR,ERR,ERR,ERR,ERR,ERR,ERR,ERR,ERR,ERR,ERR,ERR,ERR,ERR,ERR,0.0,-0.0,-0.0,0.0,0.0,1.3936040501711995e+18,7.805,0.0,0,0,4,0,7300,-0.0,0,0.0,0.0,0.0,0.0,0.0,0,0,0,0,0.0,0,0,0,0,0,0,0,0,0,0,0,0,0,0,0,0,0,0,0,0,0,0,0,0,0,0,0,0,0,0,0,0,0,32,30,30,62,65476,0,300,0,0,8,21553,0.0,-107605600.0,0.0,0.0,0.0,0.0,0.0,0.0,0.0,0.0,0.0,0.0,0.0,0.0,0.0,0.0,0.0,0.0,0.0,0.0,0.0,0.0,2.004,-2.004,2.004,2.004,0.0,0.0,0.0,0.0,5490.0,-1.040667237767031e+34,6942.0,0.0,-0.0,-0.0,0.0,0.0,0.0,0.0,0.0,63,-4.9504266636054534e+32,0.0,0.0,0.0,0.0,0.0,0.0,0.0,0.0,0,0,0,0.0,0.0,0.0,0.0,0.0,0.0,0.0,0.0,0.0,0.0,0.0,0.0,0.0,0.0,0.0,0.0,0,-107875648.0,63,0.0,126,2.7184242562605685e+23,2.842318642297501e+23,ERR,ERR,ERR,ERR,ERR,ERR,ERR,ERR,ERR,ERR,ERR,ERR,ERR,ERR,ERR,ERR,ERR,ERR,ERR,ERR,ERR,ERR,ERR,ERR,ERR,ERR,ERR,ERR,ERR,ERR,ERR,ERR,ERR,ERR,ERR,ERR,ERR,ERR,ERR,ERR,ERR,ERR,ERR,ERR,ERR,ERR,ERR,ERR,ERR,ERR,ERR,ERR,ERR,ERR,ERR,ERR,ERR,ERR,ERR,ERR,ERR,ERR,ERR,ERR,ERR,ERR,ERR,34.0,80.0,35,0.0,0.0,0.0,0.0,0.0,0.0,0.0,0.0,0.0,0.0,0.0,0.0,0.0,0.0,0.0,0.0,64.4,0,116,56,49,65476,0,300,0,0,8,20529,65476,0,0,57672,80.0,0.0,0.0,0.0,0.0,0.0
2026-06-17T04:50:11,ERR,ERR,ERR,ERR,ERR,ERR,ERR,ERR,ERR,ERR,ERR,ERR,ERR,ERR,ERR,ERR,ERR,ERR,ERR,ERR,ERR,ERR,ERR,ERR,ERR,ERR,ERR,ERR,ERR,ERR,ERR,ERR,ERR,ERR,ERR,ERR,ERR,ERR,ERR,ERR,ERR,ERR,ERR,ERR,ERR,ERR,ERR,ERR,ERR,ERR,ERR,ERR,ERR,ERR,ERR,ERR,ERR,ERR,ERR,ERR,ERR,ERR,ERR,ERR,ERR,ERR,ERR,ERR,ERR,ERR,ERR,ERR,ERR,ERR,ERR,ERR,ERR,ERR,ERR,ERR,ERR,ERR,ERR,ERR,ERR,ERR,ERR,ERR,ERR,ERR,ERR,ERR,ERR,ERR,ERR,ERR,ERR,ERR,ERR,ERR,ERR,ERR,ERR,ERR,ERR,ERR,ERR,ERR,ERR,ERR,ERR,ERR,ERR,ERR,ERR,ERR,ERR,ERR,ERR,ERR,ERR,ERR,ERR,ERR,ERR,0.0,-0.0,-0.0,0.0,0.0,1.3936040501711995e+18,7.805,0.0,0,0,4,0,7300,-0.0,0,0.0,0.0,0.0,0.0,0.0,0,0,0,0,0.0,0,0,0,0,0,0,0,0,0,0,0,0,0,0,0,0,0,0,0,0,0,0,0,0,0,0,0,0,0,0,0,0,0,32,30,30,62,65476,0,300,0,0,8,21553,0.0,-107605600.0,0.0,0.0,0.0,0.0,0.0,0.0,0.0,0.0,0.0,0.0,0.0,0.0,0.0,0.0,0.0,0.0,0.0,0.0,0.0,0.0,2.004,-2.004,2.004,2.004,0.0,0.0,0.0,0.0,5490.0,-1.040667237767031e+34,6942.0,0.0,-0.0,-0.0,0.0,0.0,0.0,0.0,0.0,63,-4.9504266636054534e+32,0.0,0.0,0.0,0.0,0.0,0.0,0.0,0.0,0,0,0,0.0,0.0,0.0,0.0,0.0,0.0,0.0,0.0,0.0,0.0,0.0,0.0,0.0,0.0,0.0,0.0,0,-107875648.0,63,0.0,126,2.7184242562605685e+23,2.842318642297501e+23,ERR,ERR,ERR,ERR,ERR,ERR,ERR,ERR,ERR,ERR,ERR,ERR,ERR,ERR,ERR,ERR,ERR,ERR,ERR,ERR,ERR,ERR,ERR,ERR,ERR,ERR,ERR,ERR,ERR,ERR,ERR,ERR,ERR,ERR,ERR,ERR,ERR,ERR,ERR,ERR,ERR,ERR,ERR,ERR,ERR,ERR,ERR,ERR,ERR,ERR,ERR,ERR,ERR,ERR,ERR,ERR,ERR,ERR,ERR,ERR,ERR,ERR,ERR,ERR,ERR,ERR,ERR,34.0,80.0,35,0.0,0.0,0.0,0.0,0.0,0.0,0.0,0.0,0.0,0.0,0.0,0.0,0.0,0.0,0.0,0.0,64.4,0,116,56,49,65476,0,300,0,0,8,20529,65476,0,0,57672,80.0,0.0,0.0,0.0,0.0,0.0
2026-06-17T04:50:12,ERR,ERR,ERR,ERR,ERR,ERR,ERR,ERR,ERR,ERR,ERR,ERR,ERR,ERR,ERR,ERR,ERR,ERR,ERR,ERR,ERR,ERR,ERR,ERR,ERR,ERR,ERR,ERR,ERR,ERR,ERR,ERR,ERR,ERR,ERR,ERR,ERR,ERR,ERR,ERR,ERR,ERR,ERR,ERR,ERR,ERR,ERR,ERR,ERR,ERR,ERR,ERR,ERR,ERR,ERR,ERR,ERR,ERR,ERR,ERR,ERR,ERR,ERR,ERR,ERR,ERR,ERR,ERR,ERR,ERR,ERR,ERR,ERR,ERR,ERR,ERR,ERR,ERR,ERR,ERR,ERR,ERR,ERR,ERR,ERR,ERR,ERR,ERR,ERR,ERR,ERR,ERR,ERR,ERR,ERR,ERR,ERR,ERR,ERR,ERR,ERR,ERR,ERR,ERR,ERR,ERR,ERR,ERR,ERR,ERR,ERR,ERR,ERR,ERR,ERR,ERR,ERR,ERR,ERR,ERR,ERR,ERR,ERR,ERR,ERR,0.0,-0.0,-0.0,0.0,0.0,1.3936040501711995e+18,7.805,0.0,0,0,4,0,7300,-0.0,0,0.0,0.0,0.0,0.0,0.0,0,0,0,0,0.0,0,0,0,0,0,0,0,0,0,0,0,0,0,0,0,0,0,0,0,0,0,0,0,0,0,0,0,0,0,0,0,0,0,32,30,30,62,65476,0,300,0,0,8,21553,0.0,-107605600.0,0.0,0.0,0.0,0.0,0.0,0.0,0.0,0.0,0.0,0.0,0.0,0.0,0.0,0.0,0.0,0.0,0.0,0.0,0.0,0.0,2.004,-2.004,2.004,2.004,0.0,0.0,0.0,0.0,5490.0,-1.040667237767031e+34,6942.0,0.0,-0.0,-0.0,0.0,0.0,0.0,0.0,0.0,63,-4.9504266636054534e+32,0.0,0.0,0.0,0.0,0.0,0.0,0.0,0.0,0,0,0,0.0,0.0,0.0,0.0,0.0,0.0,0.0,0.0,0.0,0.0,0.0,0.0,0.0,0.0,0.0,0.0,0,-107875648.0,63,0.0,126,2.7184242562605685e+23,2.842318642297501e+23,ERR,ERR,ERR,ERR,ERR,ERR,ERR,ERR,ERR,ERR,ERR,ERR,ERR,ERR,ERR,ERR,ERR,ERR,ERR,ERR,ERR,ERR,ERR,ERR,ERR,ERR,ERR,ERR,ERR,ERR,ERR,ERR,ERR,ERR,ERR,ERR,ERR,ERR,ERR,ERR,ERR,ERR,ERR,ERR,ERR,ERR,ERR,ERR,ERR,ERR,ERR,ERR,ERR,ERR,ERR,ERR,ERR,ERR,ERR,ERR,ERR,ERR,ERR,ERR,ERR,ERR,ERR,34.0,80.0,35,0.0,0.0,0.0,0.0,0.0,0.0,0.0,0.0,0.0,0.0,0.0,0.0,0.0,0.0,0.0,0.0,64.4,0,116,56,49,65476,0,300,0,0,8,20529,65476,0,0,57672,80.0,0.0,0.0,0.0,0.0,0.0
2026-06-17T04:50:13,ERR,ERR,ERR,ERR,ERR,ERR,ERR,ERR,ERR,ERR,ERR,ERR,ERR,ERR,ERR,ERR,ERR,ERR,ERR,ERR,ERR,ERR,ERR,ERR,ERR,ERR,ERR,ERR,ERR,ERR,ERR,ERR,ERR,ERR,ERR,ERR,ERR,ERR,ERR,ERR,ERR,ERR,ERR,ERR,ERR,ERR,ERR,ERR,ERR,ERR,ERR,ERR,ERR,ERR,ERR,ERR,ERR,ERR,ERR,ERR,ERR,ERR,ERR,ERR,ERR,ERR,ERR,ERR,ERR,ERR,ERR,ERR,ERR,ERR,ERR,ERR,ERR,ERR,ERR,ERR,ERR,ERR,ERR,ERR,ERR,ERR,ERR,ERR,ERR,ERR,ERR,ERR,ERR,ERR,ERR,ERR,ERR,ERR,ERR,ERR,ERR,ERR,ERR,ERR,ERR,ERR,ERR,ERR,ERR,ERR,ERR,ERR,ERR,ERR,ERR,ERR,ERR,ERR,ERR,ERR,ERR,ERR,ERR,ERR,ERR,0.0,-0.0,-0.0,0.0,0.0,1.3936040501711995e+18,7.805,0.0,0,0,4,0,7300,-0.0,0,0.0,0.0,0.0,0.0,0.0,0,0,0,0,0.0,0,0,0,0,0,0,0,0,0,0,0,0,0,0,0,0,0,0,0,0,0,0,0,0,0,0,0,0,0,0,0,0,0,32,30,30,62,65476,0,300,0,0,8,21553,0.0,-107605600.0,0.0,0.0,0.0,0.0,0.0,0.0,0.0,0.0,0.0,0.0,0.0,0.0,0.0,0.0,0.0,0.0,0.0,0.0,0.0,0.0,-0.0,-2.004,2.004,2.004,0.0,0.0,0.0,0.0,5490.0,1.040667237767031e+34,6927.0,0.0,-0.0,-0.0,0.0,0.0,0.0,0.0,0.0,63,-4.9504266636054534e+32,5.84806320983483e+35,0.0,0.0,0.0,0.0,0.0,0.0,0.0,0,0,0,0.0,0.0,0.0,0.0,0.0,0.0,0.0,0.0,0.0,0.0,0.0,0.0,0.0,0.0,0.0,0.0,0,-107875648.0,63,0.0,126,2.7184242562605685e+23,2.842318642297501e+23,ERR,ERR,ERR,ERR,ERR,ERR,ERR,ERR,ERR,ERR,ERR,ERR,ERR,ERR,ERR,ERR,ERR,ERR,ERR,ERR,ERR,ERR,ERR,ERR,ERR,ERR,ERR,ERR,ERR,ERR,ERR,ERR,ERR,ERR,ERR,ERR,ERR,ERR,ERR,ERR,ERR,ERR,ERR,ERR,ERR,ERR,ERR,ERR,ERR,ERR,ERR,ERR,ERR,ERR,ERR,ERR,ERR,ERR,ERR,ERR,ERR,ERR,ERR,ERR,ERR,ERR,ERR,34.0,80.0,35,0.0,0.0,0.0,0.0,0.0,0.0,0.0,0.0,0.0,0.0,0.0,0.0,0.0,0.0,0.0,0.0,64.4,0,116,56,49,65476,0,300,0,0,8,20529,65476,0,0,57672,80.0,0.0,0.0,0.0,0.0,0.0
2026-06-17T04:50:14,ERR,ERR,ERR,ERR,ERR,ERR,ERR,ERR,ERR,ERR,ERR,ERR,ERR,ERR,ERR,ERR,ERR,ERR,ERR,ERR,ERR,ERR,ERR,ERR,ERR,ERR,ERR,ERR,ERR,ERR,ERR,ERR,ERR,ERR,ERR,ERR,ERR,ERR,ERR,ERR,ERR,ERR,ERR,ERR,ERR,ERR,ERR,ERR,ERR,ERR,ERR,ERR,ERR,ERR,ERR,ERR,ERR,ERR,ERR,ERR,ERR,ERR,ERR,ERR,ERR,ERR,ERR,ERR,ERR,ERR,ERR,ERR,ERR,ERR,ERR,ERR,ERR,ERR,ERR,ERR,ERR,ERR,ERR,ERR,ERR,ERR,ERR,ERR,ERR,ERR,ERR,ERR,ERR,ERR,ERR,ERR,ERR,ERR,ERR,ERR,ERR,ERR,ERR,ERR,ERR,ERR,ERR,ERR,ERR,ERR,ERR,ERR,ERR,ERR,ERR,ERR,ERR,ERR,ERR,ERR,ERR,ERR,ERR,ERR,ERR,0.0,-0.0,-0.0,0.0,0.0,1.3936040501711995e+18,7.805,0.0,0,0,4,0,7300,-0.0,0,0.0,0.0,0.0,0.0,0.0,0,0,0,0,0.0,0,0,0,0,0,0,0,0,0,0,0,0,0,0,0,0,0,0,0,0,0,0,0,0,0,0,0,0,0,0,0,0,0,32,30,30,62,65476,0,300,0,0,8,21553,0.0,-107605600.0,0.0,0.0,0.0,0.0,0.0,0.0,0.0,0.0,0.0,0.0,0.0,0.0,0.0,0.0,0.0,0.0,0.0,0.0,0.0,0.0,-0.0,-2.004,2.004,2.004,0.0,0.0,0.0,0.0,5490.0,1.040667237767031e+34,6927.0,0.0,-0.0,-0.0,0.0,0.0,0.0,0.0,0.0,63,-4.9504266636054534e+32,5.84806320983483e+35,0.0,0.0,0.0,0.0,0.0,0.0,0.0,0,0,0,0.0,0.0,0.0,0.0,0.0,0.0,0.0,0.0,0.0,0.0,0.0,0.0,0.0,0.0,0.0,0.0,0,-107875648.0,63,0.0,126,2.7184242562605685e+23,2.842318642297501e+23,ERR,ERR,ERR,ERR,ERR,ERR,ERR,ERR,ERR,ERR,ERR,ERR,ERR,ERR,ERR,ERR,ERR,ERR,ERR,ERR,ERR,ERR,ERR,ERR,ERR,ERR,ERR,ERR,ERR,ERR,ERR,ERR,ERR,ERR,ERR,ERR,ERR,ERR,ERR,ERR,ERR,ERR,ERR,ERR,ERR,ERR,ERR,ERR,ERR,ERR,ERR,ERR,ERR,ERR,ERR,ERR,ERR,ERR,ERR,ERR,ERR,ERR,ERR,ERR,ERR,ERR,ERR,34.0,80.0,35,0.0,0.0,0.0,0.0,0.0,0.0,0.0,0.0,0.0,0.0,0.0,0.0,0.0,0.0,0.0,0.0,64.8,0,116,56,49,65476,0,300,0,0,8,20529,65476,0,0,57672,80.0,0.0,0.0,0.0,0.0,0.0
2026-06-17T04:50:15,ERR,ERR,ERR,ERR,ERR,ERR,ERR,ERR,ERR,ERR,ERR,ERR,ERR,ERR,ERR,ERR,ERR,ERR,ERR,ERR,ERR,ERR,ERR,ERR,ERR,ERR,ERR,ERR,ERR,ERR,ERR,ERR,ERR,ERR,ERR,ERR,ERR,ERR,ERR,ERR,ERR,ERR,ERR,ERR,ERR,ERR,ERR,ERR,ERR,ERR,ERR,ERR,ERR,ERR,ERR,ERR,ERR,ERR,ERR,ERR,ERR,ERR,ERR,ERR,ERR,ERR,ERR,ERR,ERR,ERR,ERR,ERR,ERR,ERR,ERR,ERR,ERR,ERR,ERR,ERR,ERR,ERR,ERR,ERR,ERR,ERR,ERR,ERR,ERR,ERR,ERR,ERR,ERR,ERR,ERR,ERR,ERR,ERR,ERR,ERR,ERR,ERR,ERR,ERR,ERR,ERR,ERR,ERR,ERR,ERR,ERR,ERR,ERR,ERR,ERR,ERR,ERR,ERR,ERR,ERR,ERR,ERR,ERR,ERR,ERR,0.0,-0.0,-0.0,0.0,0.0,1.3936040501711995e+18,7.805,0.0,0,0,4,0,7300,-0.0,0,0.0,0.0,0.0,0.0,0.0,0,0,0,0,0.0,0,0,0,0,0,0,0,0,0,0,0,0,0,0,0,0,0,0,0,0,0,0,0,0,0,0,0,0,0,0,0,0,0,32,30,30,62,65476,0,300,0,0,8,21553,0.0,-107605600.0,0.0,0.0,0.0,0.0,0.0,0.0,0.0,0.0,0.0,0.0,0.0,0.0,0.0,0.0,0.0,0.0,0.0,0.0,0.0,0.0,-0.0,-2.004,2.004,2.004,0.0,0.0,0.0,0.0,5490.0,1.040667237767031e+34,6927.0,0.0,-0.0,-0.0,0.0,0.0,0.0,0.0,0.0,63,-4.9504266636054534e+32,5.84806320983483e+35,0.0,0.0,0.0,0.0,0.0,0.0,0.0,0,0,0,0.0,0.0,0.0,0.0,0.0,0.0,0.0,0.0,0.0,0.0,0.0,0.0,0.0,0.0,0.0,0.0,0,-107875648.0,63,0.0,126,2.7184242562605685e+23,2.842318642297501e+23,ERR,ERR,ERR,ERR,ERR,ERR,ERR,ERR,ERR,ERR,ERR,ERR,ERR,ERR,ERR,ERR,ERR,ERR,ERR,ERR,ERR,ERR,ERR,ERR,ERR,ERR,ERR,ERR,ERR,ERR,ERR,ERR,ERR,ERR,ERR,ERR,ERR,ERR,ERR,ERR,ERR,ERR,ERR,ERR,ERR,ERR,ERR,ERR,ERR,ERR,ERR,ERR,ERR,ERR,ERR,ERR,ERR,ERR,ERR,ERR,ERR,ERR,ERR,ERR,ERR,ERR,ERR,34.0,80.0,35,0.0,0.0,0.0,0.0,0.0,0.0,0.0,0.0,0.0,0.0,0.0,0.0,0.0,0.0,0.0,0.0,64.8,0,116,56,49,65476,0,300,0,0,8,20529,65476,0,0,57672,80.0,0.0,0.0,0.0,0.0,0.0
2026-06-17T04:50:16,ERR,ERR,ERR,ERR,ERR,ERR,ERR,ERR,ERR,ERR,ERR,ERR,ERR,ERR,ERR,ERR,ERR,ERR,ERR,ERR,ERR,ERR,ERR,ERR,ERR,ERR,ERR,ERR,ERR,ERR,ERR,ERR,ERR,ERR,ERR,ERR,ERR,ERR,ERR,ERR,ERR,ERR,ERR,ERR,ERR,ERR,ERR,ERR,ERR,ERR,ERR,ERR,ERR,ERR,ERR,ERR,ERR,ERR,ERR,ERR,ERR,ERR,ERR,ERR,ERR,ERR,ERR,ERR,ERR,ERR,ERR,ERR,ERR,ERR,ERR,ERR,ERR,ERR,ERR,ERR,ERR,ERR,ERR,ERR,ERR,ERR,ERR,ERR,ERR,ERR,ERR,ERR,ERR,ERR,ERR,ERR,ERR,ERR,ERR,ERR,ERR,ERR,ERR,ERR,ERR,ERR,ERR,ERR,ERR,ERR,ERR,ERR,ERR,ERR,ERR,ERR,ERR,ERR,ERR,ERR,ERR,ERR,ERR,ERR,ERR,0.0,-0.0,-0.0,0.0,0.0,1.3936040501711995e+18,7.805,0.0,0,0,4,0,7300,-0.0,0,0.0,0.0,0.0,0.0,0.0,0,0,0,0,0.0,0,0,0,0,0,0,0,0,0,0,0,0,0,0,0,0,0,0,0,0,0,0,0,0,0,0,0,0,0,0,0,0,0,32,30,30,62,65476,0,300,0,0,8,21553,0.0,-107605600.0,0.0,0.0,0.0,0.0,0.0,0.0,0.0,0.0,0.0,0.0,0.0,0.0,0.0,0.0,0.0,0.0,0.0,0.0,0.0,0.0,-0.0,-2.004,2.004,2.004,0.0,0.0,0.0,0.0,5490.0,1.040667237767031e+34,6927.0,0.0,-0.0,-0.0,0.0,0.0,0.0,0.0,0.0,63,-4.9504266636054534e+32,5.84806320983483e+35,0.0,0.0,0.0,0.0,0.0,0.0,0.0,0,0,0,0.0,0.0,0.0,0.0,0.0,0.0,0.0,0.0,0.0,0.0,0.0,0.0,0.0,0.0,0.0,0.0,0,-107875648.0,63,0.0,126,2.7184242562605685e+23,2.842318642297501e+23,ERR,ERR,ERR,ERR,ERR,ERR,ERR,ERR,ERR,ERR,ERR,ERR,ERR,ERR,ERR,ERR,ERR,ERR,ERR,ERR,ERR,ERR,ERR,ERR,ERR,ERR,ERR,ERR,ERR,ERR,ERR,ERR,ERR,ERR,ERR,ERR,ERR,ERR,ERR,ERR,ERR,ERR,ERR,ERR,ERR,ERR,ERR,ERR,ERR,ERR,ERR,ERR,ERR,ERR,ERR,ERR,ERR,ERR,ERR,ERR,ERR,ERR,ERR,ERR,ERR,ERR,ERR,34.0,80.0,35,0.0,0.0,0.0,0.0,0.0,0.0,0.0,0.0,0.0,0.0,0.0,0.0,0.0,0.0,0.0,0.0,64.4,0,116,56,49,65476,0,300,0,0,8,20529,65476,0,0,57672,80.0,0.0,0.0,0.0,0.0,0.0
2026-06-17T04:50:17,ERR,ERR,ERR,ERR,ERR,ERR,ERR,ERR,ERR,ERR,ERR,ERR,ERR,ERR,ERR,ERR,ERR,ERR,ERR,ERR,ERR,ERR,ERR,ERR,ERR,ERR,ERR,ERR,ERR,ERR,ERR,ERR,ERR,ERR,ERR,ERR,ERR,ERR,ERR,ERR,ERR,ERR,ERR,ERR,ERR,ERR,ERR,ERR,ERR,ERR,ERR,ERR,ERR,ERR,ERR,ERR,ERR,ERR,ERR,ERR,ERR,ERR,ERR,ERR,ERR,ERR,ERR,ERR,ERR,ERR,ERR,ERR,ERR,ERR,ERR,ERR,ERR,ERR,ERR,ERR,ERR,ERR,ERR,ERR,ERR,ERR,ERR,ERR,ERR,ERR,ERR,ERR,ERR,ERR,ERR,ERR,ERR,ERR,ERR,ERR,ERR,ERR,ERR,ERR,ERR,ERR,ERR,ERR,ERR,ERR,ERR,ERR,ERR,ERR,ERR,ERR,ERR,ERR,ERR,ERR,ERR,ERR,ERR,ERR,ERR,0.0,-0.0,-0.0,0.0,0.0,1.3936040501711995e+18,7.805,0.0,0,0,4,0,7300,-0.0,0,0.0,0.0,0.0,0.0,0.0,0,0,0,0,0.0,0,0,0,0,0,0,0,0,0,0,0,0,0,0,0,0,0,0,0,0,0,0,0,0,0,0,0,0,0,0,0,0,0,32,30,30,62,65476,0,300,0,0,8,21553,0.0,-107605600.0,0.0,0.0,0.0,0.0,0.0,0.0,0.0,0.0,0.0,0.0,0.0,0.0,0.0,0.0,0.0,0.0,0.0,0.0,0.0,0.0,-0.0,-2.004,2.004,2.004,0.0,0.0,0.0,0.0,5490.0,1.040667237767031e+34,6927.0,0.0,-0.0,-0.0,0.0,0.0,0.0,0.0,0.0,63,-4.9504266636054534e+32,5.84806320983483e+35,0.0,0.0,0.0,0.0,0.0,0.0,0.0,0,0,0,0.0,0.0,0.0,0.0,0.0,0.0,0.0,0.0,0.0,0.0,0.0,0.0,0.0,0.0,0.0,0.0,0,-107875648.0,63,0.0,126,2.7184242562605685e+23,2.842318642297501e+23,ERR,ERR,ERR,ERR,ERR,ERR,ERR,ERR,ERR,ERR,ERR,ERR,ERR,ERR,ERR,ERR,ERR,ERR,ERR,ERR,ERR,ERR,ERR,ERR,ERR,ERR,ERR,ERR,ERR,ERR,ERR,ERR,ERR,ERR,ERR,ERR,ERR,ERR,ERR,ERR,ERR,ERR,ERR,ERR,ERR,ERR,ERR,ERR,ERR,ERR,ERR,ERR,ERR,ERR,ERR,ERR,ERR,ERR,ERR,ERR,ERR,ERR,ERR,ERR,ERR,ERR,ERR,34.0,80.0,35,0.0,0.0,0.0,0.0,0.0,0.0,0.0,0.0,0.0,0.0,0.0,0.0,0.0,0.0,0.0,0.0,64.4,0,116,56,49,65476,0,300,0,0,8,20529,65476,0,0,57672,80.0,0.0,0.0,0.0,0.0,0.0
2026-06-17T04:50:18,ERR,ERR,ERR,ERR,ERR,ERR,ERR,ERR,ERR,ERR,ERR,ERR,ERR,ERR,ERR,ERR,ERR,ERR,ERR,ERR,ERR,ERR,ERR,ERR,ERR,ERR,ERR,ERR,ERR,ERR,ERR,ERR,ERR,ERR,ERR,ERR,ERR,ERR,ERR,ERR,ERR,ERR,ERR,ERR,ERR,ERR,ERR,ERR,ERR,ERR,ERR,ERR,ERR,ERR,ERR,ERR,ERR,ERR,ERR,ERR,ERR,ERR,ERR,ERR,ERR,ERR,ERR,ERR,ERR,ERR,ERR,ERR,ERR,ERR,ERR,ERR,ERR,ERR,ERR,ERR,ERR,ERR,ERR,ERR,ERR,ERR,ERR,ERR,ERR,ERR,ERR,ERR,ERR,ERR,ERR,ERR,ERR,ERR,ERR,ERR,ERR,ERR,ERR,ERR,ERR,ERR,ERR,ERR,ERR,ERR,ERR,ERR,ERR,ERR,ERR,ERR,ERR,ERR,ERR,ERR,ERR,ERR,ERR,ERR,ERR,0.0,-0.0,3.028208139652935e+23,0.0,0.0,1.3936040501711995e+18,7.805,0.0,0,0,4,0,7300,-0.0,0,0.0,0.0,0.0,0.0,0.0,0,0,0,0,0.0,0,0,0,0,0,0,0,0,0,0,0,0,0,0,0,0,0,0,0,0,0,0,0,0,0,0,0,0,0,0,0,0,0,32,30,30,62,65476,0,300,0,0,8,21553,0.0,-107605600.0,0.0,0.0,0.0,0.0,0.0,0.0,0.0,0.0,0.0,0.0,0.0,0.0,0.0,0.0,0.0,0.0,0.0,0.0,0.0,0.0,-0.0,-2.004,2.004,2.004,0.0,0.0,0.0,0.0,5489.0,0.0,6919.0,0.0,-0.0,-0.0,0.0,0.0,0.0,0.0,0.0,63,-4.066878214320265e+29,0.0,0.0,0.0,0.0,0.0,0.0,0.0,0.0,0,0,0,0.0,0.0,0.0,0.0,0.0,0.0,0.0,0.0,0.0,0.0,0.0,0.0,0.0,0.0,0.0,0.0,0,-107875648.0,63,0.0,126,2.7184242562605685e+23,2.842318642297501e+23,ERR,ERR,ERR,ERR,ERR,ERR,ERR,ERR,ERR,ERR,ERR,ERR,ERR,ERR,ERR,ERR,ERR,ERR,ERR,ERR,ERR,ERR,ERR,ERR,ERR,ERR,ERR,ERR,ERR,ERR,ERR,ERR,ERR,ERR,ERR,ERR,ERR,ERR,ERR,ERR,ERR,ERR,ERR,ERR,ERR,ERR,ERR,ERR,ERR,ERR,ERR,ERR,ERR,ERR,ERR,ERR,ERR,ERR,ERR,ERR,ERR,ERR,ERR,ERR,ERR,ERR,ERR,34.0,80.0,35,0.0,0.0,0.0,0.0,0.0,0.0,0.0,0.0,0.0,0.0,0.0,0.0,0.0,0.0,0.0,0.0,64.4,0,116,56,49,65476,0,300,0,0,8,20529,65476,0,0,57672,80.0,0.0,0.0,0.0,0.0,0.0
2026-06-17T04:50:19,ERR,ERR,ERR,ERR,ERR,ERR,ERR,ERR,ERR,ERR,ERR,ERR,ERR,ERR,ERR,ERR,ERR,ERR,ERR,ERR,ERR,ERR,ERR,ERR,ERR,ERR,ERR,ERR,ERR,ERR,ERR,ERR,ERR,ERR,ERR,ERR,ERR,ERR,ERR,ERR,ERR,ERR,ERR,ERR,ERR,ERR,ERR,ERR,ERR,ERR,ERR,ERR,ERR,ERR,ERR,ERR,ERR,ERR,ERR,ERR,ERR,ERR,ERR,ERR,ERR,ERR,ERR,ERR,ERR,ERR,ERR,ERR,ERR,ERR,ERR,ERR,ERR,ERR,ERR,ERR,ERR,ERR,ERR,ERR,ERR,ERR,ERR,ERR,ERR,ERR,ERR,ERR,ERR,ERR,ERR,ERR,ERR,ERR,ERR,ERR,ERR,ERR,ERR,ERR,ERR,ERR,ERR,ERR,ERR,ERR,ERR,ERR,ERR,ERR,ERR,ERR,ERR,ERR,ERR,ERR,ERR,ERR,ERR,ERR,ERR,0.0,-0.0,3.028208139652935e+23,0.0,0.0,1.3936040501711995e+18,7.805,0.0,0,0,4,0,7300,-0.0,0,0.0,0.0,0.0,0.0,0.0,0,0,0,0,0.0,0,0,0,0,0,0,0,0,0,0,0,0,0,0,0,0,0,0,0,0,0,0,0,0,0,0,0,0,0,0,0,0,0,32,30,30,62,65476,0,300,0,0,8,21553,0.0,-107605600.0,0.0,0.0,0.0,0.0,0.0,0.0,0.0,0.0,0.0,0.0,0.0,0.0,0.0,0.0,0.0,0.0,0.0,0.0,0.0,0.0,-0.0,-2.004,2.004,2.004,0.0,0.0,0.0,0.0,5489.0,0.0,6919.0,0.0,-0.0,-0.0,0.0,0.0,0.0,0.0,0.0,63,-4.066878214320265e+29,0.0,0.0,0.0,0.0,0.0,0.0,0.0,0.0,0,0,0,0.0,0.0,0.0,0.0,0.0,0.0,0.0,0.0,0.0,0.0,0.0,0.0,0.0,0.0,0.0,0.0,0,-107875648.0,63,0.0,126,2.7184242562605685e+23,2.842318642297501e+23,ERR,ERR,ERR,ERR,ERR,ERR,ERR,ERR,ERR,ERR,ERR,ERR,ERR,ERR,ERR,ERR,ERR,ERR,ERR,ERR,ERR,ERR,ERR,ERR,ERR,ERR,ERR,ERR,ERR,ERR,ERR,ERR,ERR,ERR,ERR,ERR,ERR,ERR,ERR,ERR,ERR,ERR,ERR,ERR,ERR,ERR,ERR,ERR,ERR,ERR,ERR,ERR,ERR,ERR,ERR,ERR,ERR,ERR,ERR,ERR,ERR,ERR,ERR,ERR,ERR,ERR,ERR,34.0,80.0,35,0.0,0.0,0.0,0.0,0.0,0.0,0.0,0.0,0.0,0.0,0.0,0.0,0.0,0.0,0.0,0.0,64.4,0,116,56,49,65476,0,300,0,0,8,20529,65476,0,0,57672,80.0,0.0,0.0,0.0,0.0,0.0
2026-06-17T04:50:20,ERR,ERR,ERR,ERR,ERR,ERR,ERR,ERR,ERR,ERR,ERR,ERR,ERR,ERR,ERR,ERR,ERR,ERR,ERR,ERR,ERR,ERR,ERR,ERR,ERR,ERR,ERR,ERR,ERR,ERR,ERR,ERR,ERR,ERR,ERR,ERR,ERR,ERR,ERR,ERR,ERR,ERR,ERR,ERR,ERR,ERR,ERR,ERR,ERR,ERR,ERR,ERR,ERR,ERR,ERR,ERR,ERR,ERR,ERR,ERR,ERR,ERR,ERR,ERR,ERR,ERR,ERR,ERR,ERR,ERR,ERR,ERR,ERR,ERR,ERR,ERR,ERR,ERR,ERR,ERR,ERR,ERR,ERR,ERR,ERR,ERR,ERR,ERR,ERR,ERR,ERR,ERR,ERR,ERR,ERR,ERR,ERR,ERR,ERR,ERR,ERR,ERR,ERR,ERR,ERR,ERR,ERR,ERR,ERR,ERR,ERR,ERR,ERR,ERR,ERR,ERR,ERR,ERR,ERR,ERR,ERR,ERR,ERR,ERR,ERR,0.0,-0.0,3.028208139652935e+23,0.0,0.0,1.3936040501711995e+18,7.805,0.0,0,0,4,0,7300,-0.0,0,0.0,0.0,0.0,0.0,0.0,0,0,0,0,0.0,0,0,0,0,0,0,0,0,0,0,0,0,0,0,0,0,0,0,0,0,0,0,0,0,0,0,0,0,0,0,0,0,0,32,30,30,62,65476,0,300,0,0,8,21553,0.0,-107605600.0,0.0,0.0,0.0,0.0,0.0,0.0,0.0,0.0,0.0,0.0,0.0,0.0,0.0,0.0,0.0,0.0,0.0,0.0,0.0,0.0,-0.0,-2.004,2.004,2.004,0.0,0.0,0.0,0.0,5489.0,0.0,6919.0,0.0,-0.0,-0.0,0.0,0.0,0.0,0.0,0.0,63,-4.066878214320265e+29,0.0,0.0,0.0,0.0,0.0,0.0,0.0,0.0,0,0,0,0.0,0.0,0.0,0.0,0.0,0.0,0.0,0.0,0.0,0.0,0.0,0.0,0.0,0.0,0.0,0.0,0,-107875648.0,63,0.0,126,2.7184242562605685e+23,2.842318642297501e+23,ERR,ERR,ERR,ERR,ERR,ERR,ERR,ERR,ERR,ERR,ERR,ERR,ERR,ERR,ERR,ERR,ERR,ERR,ERR,ERR,ERR,ERR,ERR,ERR,ERR,ERR,ERR,ERR,ERR,ERR,ERR,ERR,ERR,ERR,ERR,ERR,ERR,ERR,ERR,ERR,ERR,ERR,ERR,ERR,ERR,ERR,ERR,ERR,ERR,ERR,ERR,ERR,ERR,ERR,ERR,ERR,ERR,ERR,ERR,ERR,ERR,ERR,ERR,ERR,ERR,ERR,ERR,34.0,80.0,35,0.0,0.0,0.0,0.0,0.0,0.0,0.0,0.0,0.0,0.0,0.0,0.0,0.0,0.0,0.0,0.0,64.4,0,116,56,49,65476,0,300,0,0,8,20529,65476,0,0,57672,80.0,0.0,0.0,0.0,0.0,0.0
2026-06-17T04:50:21,ERR,ERR,ERR,ERR,ERR,ERR,ERR,ERR,ERR,ERR,ERR,ERR,ERR,ERR,ERR,ERR,ERR,ERR,ERR,ERR,ERR,ERR,ERR,ERR,ERR,ERR,ERR,ERR,ERR,ERR,ERR,ERR,ERR,ERR,ERR,ERR,ERR,ERR,ERR,ERR,ERR,ERR,ERR,ERR,ERR,ERR,ERR,ERR,ERR,ERR,ERR,ERR,ERR,ERR,ERR,ERR,ERR,ERR,ERR,ERR,ERR,ERR,ERR,ERR,ERR,ERR,ERR,ERR,ERR,ERR,ERR,ERR,ERR,ERR,ERR,ERR,ERR,ERR,ERR,ERR,ERR,ERR,ERR,ERR,ERR,ERR,ERR,ERR,ERR,ERR,ERR,ERR,ERR,ERR,ERR,ERR,ERR,ERR,ERR,ERR,ERR,ERR,ERR,ERR,ERR,ERR,ERR,ERR,ERR,ERR,ERR,ERR,ERR,ERR,ERR,ERR,ERR,ERR,ERR,ERR,ERR,ERR,ERR,ERR,ERR,0.0,-0.0,3.028208139652935e+23,0.0,0.0,1.3936040501711995e+18,7.805,0.0,0,0,4,0,7300,-0.0,0,0.0,0.0,0.0,0.0,0.0,0,0,0,0,0.0,0,0,0,0,0,0,0,0,0,0,0,0,0,0,0,0,0,0,0,0,0,0,0,0,0,0,0,0,0,0,0,0,0,32,30,30,62,65476,0,300,0,0,8,21553,0.0,-107605600.0,0.0,0.0,0.0,0.0,0.0,0.0,0.0,0.0,0.0,0.0,0.0,0.0,0.0,0.0,0.0,0.0,0.0,0.0,0.0,0.0,-0.0,-2.004,2.004,2.004,0.0,0.0,0.0,0.0,5489.0,0.0,6919.0,0.0,-0.0,-0.0,0.0,0.0,0.0,0.0,0.0,63,-4.066878214320265e+29,0.0,0.0,0.0,0.0,0.0,0.0,0.0,0.0,0,0,0,0.0,0.0,0.0,0.0,0.0,0.0,0.0,0.0,0.0,0.0,0.0,0.0,0.0,0.0,0.0,0.0,0,-107875648.0,63,0.0,126,2.7184242562605685e+23,2.842318642297501e+23,ERR,ERR,ERR,ERR,ERR,ERR,ERR,ERR,ERR,ERR,ERR,ERR,ERR,ERR,ERR,ERR,ERR,ERR,ERR,ERR,ERR,ERR,ERR,ERR,ERR,ERR,ERR,ERR,ERR,ERR,ERR,ERR,ERR,ERR,ERR,ERR,ERR,ERR,ERR,ERR,ERR,ERR,ERR,ERR,ERR,ERR,ERR,ERR,ERR,ERR,ERR,ERR,ERR,ERR,ERR,ERR,ERR,ERR,ERR,ERR,ERR,ERR,ERR,ERR,ERR,ERR,ERR,34.0,80.0,35,0.0,0.0,0.0,0.0,0.0,0.0,0.0,0.0,0.0,0.0,0.0,0.0,0.0,0.0,0.0,0.0,64.4,0,116,56,49,65476,0,300,0,0,8,20529,65476,0,0,57672,80.0,0.0,0.0,0.0,0.0,0.0
2026-06-17T04:50:22,ERR,ERR,ERR,ERR,ERR,ERR,ERR,ERR,ERR,ERR,ERR,ERR,ERR,ERR,ERR,ERR,ERR,ERR,ERR,ERR,ERR,ERR,ERR,ERR,ERR,ERR,ERR,ERR,ERR,ERR,ERR,ERR,ERR,ERR,ERR,ERR,ERR,ERR,ERR,ERR,ERR,ERR,ERR,ERR,ERR,ERR,ERR,ERR,ERR,ERR,ERR,ERR,ERR,ERR,ERR,ERR,ERR,ERR,ERR,ERR,ERR,ERR,ERR,ERR,ERR,ERR,ERR,ERR,ERR,ERR,ERR,ERR,ERR,ERR,ERR,ERR,ERR,ERR,ERR,ERR,ERR,ERR,ERR,ERR,ERR,ERR,ERR,ERR,ERR,ERR,ERR,ERR,ERR,ERR,ERR,ERR,ERR,ERR,ERR,ERR,ERR,ERR,ERR,ERR,ERR,ERR,ERR,ERR,ERR,ERR,ERR,ERR,ERR,ERR,ERR,ERR,ERR,ERR,ERR,ERR,ERR,ERR,ERR,ERR,ERR,0.0,-0.0,3.028208139652935e+23,0.0,0.0,1.3936040501711995e+18,7.805,0.0,0,0,4,0,7300,-0.0,0,0.0,0.0,0.0,0.0,0.0,0,0,0,0,0.0,0,0,0,0,0,0,0,0,0,0,0,0,0,0,0,0,0,0,0,0,0,0,0,0,0,0,0,0,0,0,0,0,0,32,30,30,62,65476,0,300,0,0,8,21553,0.0,-107605600.0,0.0,0.0,0.0,0.0,0.0,0.0,0.0,0.0,0.0,0.0,0.0,0.0,0.0,0.0,0.0,0.0,0.0,0.0,0.0,0.0,-0.0,-2.004,2.004,2.004,0.0,0.0,0.0,0.0,5489.0,0.0,6919.0,0.0,-0.0,-0.0,0.0,0.0,0.0,0.0,0.0,63,-4.066878214320265e+29,0.0,0.0,0.0,0.0,0.0,0.0,0.0,0.0,0,0,0,0.0,0.0,0.0,0.0,0.0,0.0,0.0,0.0,0.0,0.0,0.0,0.0,0.0,0.0,0.0,0.0,0,-107875648.0,63,0.0,126,2.7184242562605685e+23,2.842318642297501e+23,ERR,ERR,ERR,ERR,ERR,ERR,ERR,ERR,ERR,ERR,ERR,ERR,ERR,ERR,ERR,ERR,ERR,ERR,ERR,ERR,ERR,ERR,ERR,ERR,ERR,ERR,ERR,ERR,ERR,ERR,ERR,ERR,ERR,ERR,ERR,ERR,ERR,ERR,ERR,ERR,ERR,ERR,ERR,ERR,ERR,ERR,ERR,ERR,ERR,ERR,ERR,ERR,ERR,ERR,ERR,ERR,ERR,ERR,ERR,ERR,ERR,ERR,ERR,ERR,ERR,ERR,ERR,34.0,80.0,35,0.0,0.0,0.0,0.0,0.0,0.0,0.0,0.0,0.0,0.0,0.0,0.0,0.0,0.0,0.0,0.0,64.4,0,116,56,49,65476,0,300,0,0,8,20529,65476,0,0,57672,80.0,0.0,0.0,0.0,0.0,0.0
2026-06-17T04:50:23,ERR,ERR,ERR,ERR,ERR,ERR,ERR,ERR,ERR,ERR,ERR,ERR,ERR,ERR,ERR,ERR,ERR,ERR,ERR,ERR,ERR,ERR,ERR,ERR,ERR,ERR,ERR,ERR,ERR,ERR,ERR,ERR,ERR,ERR,ERR,ERR,ERR,ERR,ERR,ERR,ERR,ERR,ERR,ERR,ERR,ERR,ERR,ERR,ERR,ERR,ERR,ERR,ERR,ERR,ERR,ERR,ERR,ERR,ERR,ERR,ERR,ERR,ERR,ERR,ERR,ERR,ERR,ERR,ERR,ERR,ERR,ERR,ERR,ERR,ERR,ERR,ERR,ERR,ERR,ERR,ERR,ERR,ERR,ERR,ERR,ERR,ERR,ERR,ERR,ERR,ERR,ERR,ERR,ERR,ERR,ERR,ERR,ERR,ERR,ERR,ERR,ERR,ERR,ERR,ERR,ERR,ERR,ERR,ERR,ERR,ERR,ERR,ERR,ERR,ERR,ERR,ERR,ERR,ERR,ERR,ERR,ERR,ERR,ERR,ERR,0.0,-0.0,3.028208139652935e+23,0.0,0.0,1.3936040501711995e+18,7.805,0.0,0,0,4,0,7300,-0.0,0,0.0,0.0,0.0,0.0,0.0,0,0,0,0,0.0,0,0,0,0,0,0,0,0,0,0,0,0,0,0,0,0,0,0,0,0,0,0,0,0,0,0,0,0,0,0,0,0,0,32,30,30,62,65476,0,300,0,0,8,21553,0.0,-107605600.0,0.0,0.0,0.0,0.0,0.0,0.0,0.0,0.0,0.0,0.0,0.0,0.0,0.0,0.0,0.0,0.0,0.0,0.0,0.0,0.0,2.004,-2.004,2.004,2.004,0.0,0.0,0.0,0.0,5491.0,0.0,6915.0,0.0,-0.0,-0.0,0.0,0.0,0.0,0.0,0.0,63,-4.9504266636054534e+32,0.0,0.0,0.0,0.0,0.0,0.0,0.0,0.0,0,0,0,0.0,0.0,0.0,0.0,0.0,0.0,0.0,0.0,0.0,0.0,0.0,0.0,0.0,0.0,0.0,0.0,0,-107875648.0,63,0.0,126,2.7184242562605685e+23,2.842318642297501e+23,ERR,ERR,ERR,ERR,ERR,ERR,ERR,ERR,ERR,ERR,ERR,ERR,ERR,ERR,ERR,ERR,ERR,ERR,ERR,ERR,ERR,ERR,ERR,ERR,ERR,ERR,ERR,ERR,ERR,ERR,ERR,ERR,ERR,ERR,ERR,ERR,ERR,ERR,ERR,ERR,ERR,ERR,ERR,ERR,ERR,ERR,ERR,ERR,ERR,ERR,ERR,ERR,ERR,ERR,ERR,ERR,ERR,ERR,ERR,ERR,ERR,ERR,ERR,ERR,ERR,ERR,ERR,34.0,80.0,35,0.0,0.0,0.0,0.0,0.0,0.0,0.0,0.0,0.0,0.0,0.0,0.0,0.0,0.0,0.0,0.0,64.4,0,116,56,49,65476,0,300,0,0,8,20529,65476,0,0,57672,80.0,0.0,0.0,0.0,0.0,0.0
2026-06-17T04:50:24,ERR,ERR,ERR,ERR,ERR,ERR,ERR,ERR,ERR,ERR,ERR,ERR,ERR,ERR,ERR,ERR,ERR,ERR,ERR,ERR,ERR,ERR,ERR,ERR,ERR,ERR,ERR,ERR,ERR,ERR,ERR,ERR,ERR,ERR,ERR,ERR,ERR,ERR,ERR,ERR,ERR,ERR,ERR,ERR,ERR,ERR,ERR,ERR,ERR,ERR,ERR,ERR,ERR,ERR,ERR,ERR,ERR,ERR,ERR,ERR,ERR,ERR,ERR,ERR,ERR,ERR,ERR,ERR,ERR,ERR,ERR,ERR,ERR,ERR,ERR,ERR,ERR,ERR,ERR,ERR,ERR,ERR,ERR,ERR,ERR,ERR,ERR,ERR,ERR,ERR,ERR,ERR,ERR,ERR,ERR,ERR,ERR,ERR,ERR,ERR,ERR,ERR,ERR,ERR,ERR,ERR,ERR,ERR,ERR,ERR,ERR,ERR,ERR,ERR,ERR,ERR,ERR,ERR,ERR,ERR,ERR,ERR,ERR,ERR,ERR,0.0,-0.0,3.028208139652935e+23,0.0,0.0,1.3936040501711995e+18,7.805,0.0,0,0,4,0,7300,-0.0,0,0.0,0.0,0.0,0.0,0.0,0,0,0,0,0.0,0,0,0,0,0,0,0,0,0,0,0,0,0,0,0,0,0,0,0,0,0,0,0,0,0,0,0,0,0,0,0,0,0,32,30,30,62,65476,0,300,0,0,8,21553,0.0,-107605600.0,0.0,0.0,0.0,0.0,0.0,0.0,0.0,0.0,0.0,0.0,0.0,0.0,0.0,0.0,0.0,0.0,0.0,0.0,0.0,0.0,2.004,-2.004,2.004,2.004,0.0,0.0,0.0,0.0,5491.0,0.0,6915.0,0.0,-0.0,-0.0,0.0,0.0,0.0,0.0,0.0,63,-4.9504266636054534e+32,0.0,0.0,0.0,0.0,0.0,0.0,0.0,0.0,0,0,0,0.0,0.0,0.0,0.0,0.0,0.0,0.0,0.0,0.0,0.0,0.0,0.0,0.0,0.0,0.0,0.0,0,-107875648.0,63,0.0,126,2.7184242562605685e+23,2.842318642297501e+23,ERR,ERR,ERR,ERR,ERR,ERR,ERR,ERR,ERR,ERR,ERR,ERR,ERR,ERR,ERR,ERR,ERR,ERR,ERR,ERR,ERR,ERR,ERR,ERR,ERR,ERR,ERR,ERR,ERR,ERR,ERR,ERR,ERR,ERR,ERR,ERR,ERR,ERR,ERR,ERR,ERR,ERR,ERR,ERR,ERR,ERR,ERR,ERR,ERR,ERR,ERR,ERR,ERR,ERR,ERR,ERR,ERR,ERR,ERR,ERR,ERR,ERR,ERR,ERR,ERR,ERR,ERR,34.0,80.0,35,0.0,0.0,0.0,0.0,0.0,0.0,0.0,0.0,0.0,0.0,0.0,0.0,0.0,0.0,0.0,0.0,64.4,0,116,56,49,65476,0,300,0,0,8,20529,65476,0,0,57672,80.0,0.0,0.0,0.0,0.0,0.0
2026-06-17T04:50:25,ERR,ERR,ERR,ERR,ERR,ERR,ERR,ERR,ERR,ERR,ERR,ERR,ERR,ERR,ERR,ERR,ERR,ERR,ERR,ERR,ERR,ERR,ERR,ERR,ERR,ERR,ERR,ERR,ERR,ERR,ERR,ERR,ERR,ERR,ERR,ERR,ERR,ERR,ERR,ERR,ERR,ERR,ERR,ERR,ERR,ERR,ERR,ERR,ERR,ERR,ERR,ERR,ERR,ERR,ERR,ERR,ERR,ERR,ERR,ERR,ERR,ERR,ERR,ERR,ERR,ERR,ERR,ERR,ERR,ERR,ERR,ERR,ERR,ERR,ERR,ERR,ERR,ERR,ERR,ERR,ERR,ERR,ERR,ERR,ERR,ERR,ERR,ERR,ERR,ERR,ERR,ERR,ERR,ERR,ERR,ERR,ERR,ERR,ERR,ERR,ERR,ERR,ERR,ERR,ERR,ERR,ERR,ERR,ERR,ERR,ERR,ERR,ERR,ERR,ERR,ERR,ERR,ERR,ERR,ERR,ERR,ERR,ERR,ERR,ERR,0.0,-0.0,3.028208139652935e+23,0.0,0.0,1.3936040501711995e+18,7.805,0.0,0,0,4,0,7300,-0.0,0,0.0,0.0,0.0,0.0,0.0,0,0,0,0,0.0,0,0,0,0,0,0,0,0,0,0,0,0,0,0,0,0,0,0,0,0,0,0,0,0,0,0,0,0,0,0,0,0,0,32,30,30,62,65476,0,300,0,0,8,21553,0.0,-107605600.0,0.0,0.0,0.0,0.0,0.0,0.0,0.0,0.0,0.0,0.0,0.0,0.0,0.0,0.0,0.0,0.0,0.0,0.0,0.0,0.0,2.004,-2.004,2.004,2.004,0.0,0.0,0.0,0.0,5491.0,0.0,6915.0,0.0,-0.0,-0.0,0.0,0.0,0.0,0.0,0.0,63,-4.9504266636054534e+32,0.0,0.0,0.0,0.0,0.0,0.0,0.0,0.0,0,0,0,0.0,0.0,0.0,0.0,0.0,0.0,0.0,0.0,0.0,0.0,0.0,0.0,0.0,0.0,0.0,0.0,0,-107875648.0,63,0.0,126,2.7184242562605685e+23,2.842318642297501e+23,ERR,ERR,ERR,ERR,ERR,ERR,ERR,ERR,ERR,ERR,ERR,ERR,ERR,ERR,ERR,ERR,ERR,ERR,ERR,ERR,ERR,ERR,ERR,ERR,ERR,ERR,ERR,ERR,ERR,ERR,ERR,ERR,ERR,ERR,ERR,ERR,ERR,ERR,ERR,ERR,ERR,ERR,ERR,ERR,ERR,ERR,ERR,ERR,ERR,ERR,ERR,ERR,ERR,ERR,ERR,ERR,ERR,ERR,ERR,ERR,ERR,ERR,ERR,ERR,ERR,ERR,ERR,34.0,80.0,35,0.0,0.0,0.0,0.0,0.0,0.0,0.0,0.0,0.0,0.0,0.0,0.0,0.0,0.0,0.0,0.0,64.4,0,116,56,49,65476,0,300,0,0,8,20529,65476,0,0,57672,80.0,0.0,0.0,0.0,0.0,0.0
2026-06-17T04:50:26,ERR,ERR,ERR,ERR,ERR,ERR,ERR,ERR,ERR,ERR,ERR,ERR,ERR,ERR,ERR,ERR,ERR,ERR,ERR,ERR,ERR,ERR,ERR,ERR,ERR,ERR,ERR,ERR,ERR,ERR,ERR,ERR,ERR,ERR,ERR,ERR,ERR,ERR,ERR,ERR,ERR,ERR,ERR,ERR,ERR,ERR,ERR,ERR,ERR,ERR,ERR,ERR,ERR,ERR,ERR,ERR,ERR,ERR,ERR,ERR,ERR,ERR,ERR,ERR,ERR,ERR,ERR,ERR,ERR,ERR,ERR,ERR,ERR,ERR,ERR,ERR,ERR,ERR,ERR,ERR,ERR,ERR,ERR,ERR,ERR,ERR,ERR,ERR,ERR,ERR,ERR,ERR,ERR,ERR,ERR,ERR,ERR,ERR,ERR,ERR,ERR,ERR,ERR,ERR,ERR,ERR,ERR,ERR,ERR,ERR,ERR,ERR,ERR,ERR,ERR,ERR,ERR,ERR,ERR,ERR,ERR,ERR,ERR,ERR,ERR,0.0,-0.0,3.028208139652935e+23,0.0,0.0,1.3936040501711995e+18,7.805,0.0,0,0,4,0,7300,-0.0,0,0.0,0.0,0.0,0.0,0.0,0,0,0,0,0.0,0,0,0,0,0,0,0,0,0,0,0,0,0,0,0,0,0,0,0,0,0,0,0,0,0,0,0,0,0,0,0,0,0,32,30,30,62,65476,0,300,0,0,8,21553,0.0,-107605600.0,0.0,0.0,0.0,0.0,0.0,0.0,0.0,0.0,0.0,0.0,0.0,0.0,0.0,0.0,0.0,0.0,0.0,0.0,0.0,0.0,2.004,-2.004,2.004,2.004,0.0,0.0,0.0,0.0,5491.0,0.0,6915.0,0.0,-0.0,-0.0,0.0,0.0,0.0,0.0,0.0,63,-4.9504266636054534e+32,0.0,0.0,0.0,0.0,0.0,0.0,0.0,0.0,0,0,0,0.0,0.0,0.0,0.0,0.0,0.0,0.0,0.0,0.0,0.0,0.0,0.0,0.0,0.0,0.0,0.0,0,-107875648.0,63,0.0,126,2.7184242562605685e+23,2.842318642297501e+23,ERR,ERR,ERR,ERR,ERR,ERR,ERR,ERR,ERR,ERR,ERR,ERR,ERR,ERR,ERR,ERR,ERR,ERR,ERR,ERR,ERR,ERR,ERR,ERR,ERR,ERR,ERR,ERR,ERR,ERR,ERR,ERR,ERR,ERR,ERR,ERR,ERR,ERR,ERR,ERR,ERR,ERR,ERR,ERR,ERR,ERR,ERR,ERR,ERR,ERR,ERR,ERR,ERR,ERR,ERR,ERR,ERR,ERR,ERR,ERR,ERR,ERR,ERR,ERR,ERR,ERR,ERR,34.0,80.0,35,0.0,0.0,0.0,0.0,0.0,0.0,0.0,0.0,0.0,0.0,0.0,0.0,0.0,0.0,0.0,0.0,64.4,0,116,56,49,65476,0,300,0,0,8,20529,65476,0,0,57672,80.0,0.0,0.0,0.0,0.0,0.0
2026-06-17T04:50:27,ERR,ERR,ERR,ERR,ERR,ERR,ERR,ERR,ERR,ERR,ERR,ERR,ERR,ERR,ERR,ERR,ERR,ERR,ERR,ERR,ERR,ERR,ERR,ERR,ERR,ERR,ERR,ERR,ERR,ERR,ERR,ERR,ERR,ERR,ERR,ERR,ERR,ERR,ERR,ERR,ERR,ERR,ERR,ERR,ERR,ERR,ERR,ERR,ERR,ERR,ERR,ERR,ERR,ERR,ERR,ERR,ERR,ERR,ERR,ERR,ERR,ERR,ERR,ERR,ERR,ERR,ERR,ERR,ERR,ERR,ERR,ERR,ERR,ERR,ERR,ERR,ERR,ERR,ERR,ERR,ERR,ERR,ERR,ERR,ERR,ERR,ERR,ERR,ERR,ERR,ERR,ERR,ERR,ERR,ERR,ERR,ERR,ERR,ERR,ERR,ERR,ERR,ERR,ERR,ERR,ERR,ERR,ERR,ERR,ERR,ERR,ERR,ERR,ERR,ERR,ERR,ERR,ERR,ERR,ERR,ERR,ERR,ERR,ERR,ERR,0.0,-0.0,3.028208139652935e+23,0.0,0.0,1.3936040501711995e+18,7.805,0.0,0,0,4,0,7300,-0.0,0,0.0,0.0,0.0,0.0,0.0,0,0,0,0,0.0,0,0,0,0,0,0,0,0,0,0,0,0,0,0,0,0,0,0,0,0,0,0,0,0,0,0,0,0,0,0,0,0,0,32,30,30,62,65476,0,300,0,0,8,21553,0.0,-107605600.0,0.0,0.0,0.0,0.0,0.0,0.0,0.0,0.0,0.0,0.0,0.0,0.0,0.0,0.0,0.0,0.0,0.0,0.0,0.0,0.0,2.004,-2.004,2.004,2.004,0.0,0.0,0.0,0.0,5491.0,0.0,6915.0,0.0,-0.0,-0.0,0.0,0.0,0.0,0.0,0.0,63,-4.9504266636054534e+32,0.0,0.0,0.0,0.0,0.0,0.0,0.0,0.0,0,0,0,0.0,0.0,0.0,0.0,0.0,0.0,0.0,0.0,0.0,0.0,0.0,0.0,0.0,0.0,0.0,0.0,0,-107875648.0,63,0.0,126,2.7184242562605685e+23,2.842318642297501e+23,ERR,ERR,ERR,ERR,ERR,ERR,ERR,ERR,ERR,ERR,ERR,ERR,ERR,ERR,ERR,ERR,ERR,ERR,ERR,ERR,ERR,ERR,ERR,ERR,ERR,ERR,ERR,ERR,ERR,ERR,ERR,ERR,ERR,ERR,ERR,ERR,ERR,ERR,ERR,ERR,ERR,ERR,ERR,ERR,ERR,ERR,ERR,ERR,ERR,ERR,ERR,ERR,ERR,ERR,ERR,ERR,ERR,ERR,ERR,ERR,ERR,ERR,ERR,ERR,ERR,ERR,ERR,34.0,80.0,35,0.0,0.0,0.0,0.0,0.0,0.0,0.0,0.0,0.0,0.0,0.0,0.0,0.0,0.0,0.0,0.0,64.4,0,116,56,49,65476,0,300,0,0,8,20529,65476,0,0,57672,80.0,0.0,0.0,0.0,0.0,0.0
2026-06-17T04:50:28,ERR,ERR,ERR,ERR,ERR,ERR,ERR,ERR,ERR,ERR,ERR,ERR,ERR,ERR,ERR,ERR,ERR,ERR,ERR,ERR,ERR,ERR,ERR,ERR,ERR,ERR,ERR,ERR,ERR,ERR,ERR,ERR,ERR,ERR,ERR,ERR,ERR,ERR,ERR,ERR,ERR,ERR,ERR,ERR,ERR,ERR,ERR,ERR,ERR,ERR,ERR,ERR,ERR,ERR,ERR,ERR,ERR,ERR,ERR,ERR,ERR,ERR,ERR,ERR,ERR,ERR,ERR,ERR,ERR,ERR,ERR,ERR,ERR,ERR,ERR,ERR,ERR,ERR,ERR,ERR,ERR,ERR,ERR,ERR,ERR,ERR,ERR,ERR,ERR,ERR,ERR,ERR,ERR,ERR,ERR,ERR,ERR,ERR,ERR,ERR,ERR,ERR,ERR,ERR,ERR,ERR,ERR,ERR,ERR,ERR,ERR,ERR,ERR,ERR,ERR,ERR,ERR,ERR,ERR,ERR,ERR,ERR,ERR,ERR,ERR,0.0,-0.0,3.028208139652935e+23,0.0,0.0,1.3936040501711995e+18,7.805,0.0,0,0,4,0,7300,-0.0,0,0.0,0.0,0.0,0.0,0.0,0,0,0,0,0.0,0,0,0,0,0,0,0,0,0,0,0,0,0,0,0,0,0,0,0,0,0,0,0,0,0,0,0,0,0,0,0,0,0,32,30,30,62,65476,0,300,0,0,8,21553,0.0,-107605600.0,0.0,0.0,0.0,0.0,0.0,0.0,0.0,0.0,0.0,0.0,0.0,0.0,0.0,0.0,0.0,0.0,0.0,0.0,0.0,0.0,2.004,-2.004,2.004,2.004,0.0,0.0,0.0,0.0,5490.0,-0.0,6932.0,0.0,-0.0,-0.0,0.0,0.0,0.0,0.0,0.0,63,-4.9504266636054534e+32,-0.0,0.0,0.0,0.0,0.0,0.0,0.0,0.0,0,0,0,0.0,0.0,0.0,0.0,0.0,0.0,0.0,0.0,0.0,0.0,0.0,0.0,0.0,0.0,0.0,0.0,0,-107875648.0,63,0.0,126,2.7184242562605685e+23,2.842318642297501e+23,ERR,ERR,ERR,ERR,ERR,ERR,ERR,ERR,ERR,ERR,ERR,ERR,ERR,ERR,ERR,ERR,ERR,ERR,ERR,ERR,ERR,ERR,ERR,ERR,ERR,ERR,ERR,ERR,ERR,ERR,ERR,ERR,ERR,ERR,ERR,ERR,ERR,ERR,ERR,ERR,ERR,ERR,ERR,ERR,ERR,ERR,ERR,ERR,ERR,ERR,ERR,ERR,ERR,ERR,ERR,ERR,ERR,ERR,ERR,ERR,ERR,ERR,ERR,ERR,ERR,ERR,ERR,34.0,80.0,35,0.0,0.0,0.0,0.0,0.0,0.0,0.0,0.0,0.0,0.0,0.0,0.0,0.0,0.0,0.0,0.0,64.4,0,116,56,49,65476,0,300,0,0,8,20529,65476,0,0,57672,80.0,0.0,0.0,0.0,0.0,0.0
2026-06-17T04:50:29,ERR,ERR,ERR,ERR,ERR,ERR,ERR,ERR,ERR,ERR,ERR,ERR,ERR,ERR,ERR,ERR,ERR,ERR,ERR,ERR,ERR,ERR,ERR,ERR,ERR,ERR,ERR,ERR,ERR,ERR,ERR,ERR,ERR,ERR,ERR,ERR,ERR,ERR,ERR,ERR,ERR,ERR,ERR,ERR,ERR,ERR,ERR,ERR,ERR,ERR,ERR,ERR,ERR,ERR,ERR,ERR,ERR,ERR,ERR,ERR,ERR,ERR,ERR,ERR,ERR,ERR,ERR,ERR,ERR,ERR,ERR,ERR,ERR,ERR,ERR,ERR,ERR,ERR,ERR,ERR,ERR,ERR,ERR,ERR,ERR,ERR,ERR,ERR,ERR,ERR,ERR,ERR,ERR,ERR,ERR,ERR,ERR,ERR,ERR,ERR,ERR,ERR,ERR,ERR,ERR,ERR,ERR,ERR,ERR,ERR,ERR,ERR,ERR,ERR,ERR,ERR,ERR,ERR,ERR,ERR,ERR,ERR,ERR,ERR,ERR,0.0,-0.0,3.028208139652935e+23,0.0,0.0,1.3936040501711995e+18,7.805,0.0,0,0,4,0,7300,-0.0,0,0.0,0.0,0.0,0.0,0.0,0,0,0,0,0.0,0,0,0,0,0,0,0,0,0,0,0,0,0,0,0,0,0,0,0,0,0,0,0,0,0,0,0,0,0,0,0,0,0,32,30,30,62,65476,0,300,0,0,8,21553,0.0,-107605600.0,0.0,0.0,0.0,0.0,0.0,0.0,0.0,0.0,0.0,0.0,0.0,0.0,0.0,0.0,0.0,0.0,0.0,0.0,0.0,0.0,2.004,-2.004,2.004,2.004,0.0,0.0,0.0,0.0,5490.0,-0.0,6932.0,0.0,-0.0,-0.0,0.0,0.0,0.0,0.0,0.0,63,-4.9504266636054534e+32,-0.0,0.0,0.0,0.0,0.0,0.0,0.0,0.0,0,0,0,0.0,0.0,0.0,0.0,0.0,0.0,0.0,0.0,0.0,0.0,0.0,0.0,0.0,0.0,0.0,0.0,0,-107875648.0,63,0.0,126,2.7184242562605685e+23,2.842318642297501e+23,ERR,ERR,ERR,ERR,ERR,ERR,ERR,ERR,ERR,ERR,ERR,ERR,ERR,ERR,ERR,ERR,ERR,ERR,ERR,ERR,ERR,ERR,ERR,ERR,ERR,ERR,ERR,ERR,ERR,ERR,ERR,ERR,ERR,ERR,ERR,ERR,ERR,ERR,ERR,ERR,ERR,ERR,ERR,ERR,ERR,ERR,ERR,ERR,ERR,ERR,ERR,ERR,ERR,ERR,ERR,ERR,ERR,ERR,ERR,ERR,ERR,ERR,ERR,ERR,ERR,ERR,ERR,34.0,80.0,35,0.0,0.0,0.0,0.0,0.0,0.0,0.0,0.0,0.0,0.0,0.0,0.0,0.0,0.0,0.0,0.0,64.4,0,116,56,49,65476,0,300,0,0,8,20529,65476,0,0,57672,80.0,0.0,0.0,0.0,0.0,0.0
2026-06-17T04:50:30,ERR,ERR,ERR,ERR,ERR,ERR,ERR,ERR,ERR,ERR,ERR,ERR,ERR,ERR,ERR,ERR,ERR,ERR,ERR,ERR,ERR,ERR,ERR,ERR,ERR,ERR,ERR,ERR,ERR,ERR,ERR,ERR,ERR,ERR,ERR,ERR,ERR,ERR,ERR,ERR,ERR,ERR,ERR,ERR,ERR,ERR,ERR,ERR,ERR,ERR,ERR,ERR,ERR,ERR,ERR,ERR,ERR,ERR,ERR,ERR,ERR,ERR,ERR,ERR,ERR,ERR,ERR,ERR,ERR,ERR,ERR,ERR,ERR,ERR,ERR,ERR,ERR,ERR,ERR,ERR,ERR,ERR,ERR,ERR,ERR,ERR,ERR,ERR,ERR,ERR,ERR,ERR,ERR,ERR,ERR,ERR,ERR,ERR,ERR,ERR,ERR,ERR,ERR,ERR,ERR,ERR,ERR,ERR,ERR,ERR,ERR,ERR,ERR,ERR,ERR,ERR,ERR,ERR,ERR,ERR,ERR,ERR,ERR,ERR,ERR,0.0,-0.0,3.028208139652935e+23,0.0,0.0,1.3936040501711995e+18,7.805,0.0,0,0,4,0,7300,-0.0,0,0.0,0.0,0.0,0.0,0.0,0,0,0,0,0.0,0,0,0,0,0,0,0,0,0,0,0,0,0,0,0,0,0,0,0,0,0,0,0,0,0,0,0,0,0,0,0,0,0,32,30,30,62,65476,0,300,0,0,8,21553,0.0,-107605600.0,0.0,0.0,0.0,0.0,0.0,0.0,0.0,0.0,0.0,0.0,0.0,0.0,0.0,0.0,0.0,0.0,0.0,0.0,0.0,0.0,2.004,-2.004,2.004,2.004,0.0,0.0,0.0,0.0,5490.0,-0.0,6932.0,0.0,-0.0,-0.0,0.0,0.0,0.0,0.0,0.0,63,-4.9504266636054534e+32,-0.0,0.0,0.0,0.0,0.0,0.0,0.0,0.0,0,0,0,0.0,0.0,0.0,0.0,0.0,0.0,0.0,0.0,0.0,0.0,0.0,0.0,0.0,0.0,0.0,0.0,0,-107875648.0,63,0.0,126,2.7184242562605685e+23,2.842318642297501e+23,ERR,ERR,ERR,ERR,ERR,ERR,ERR,ERR,ERR,ERR,ERR,ERR,ERR,ERR,ERR,ERR,ERR,ERR,ERR,ERR,ERR,ERR,ERR,ERR,ERR,ERR,ERR,ERR,ERR,ERR,ERR,ERR,ERR,ERR,ERR,ERR,ERR,ERR,ERR,ERR,ERR,ERR,ERR,ERR,ERR,ERR,ERR,ERR,ERR,ERR,ERR,ERR,ERR,ERR,ERR,ERR,ERR,ERR,ERR,ERR,ERR,ERR,ERR,ERR,ERR,ERR,ERR,34.0,80.0,35,0.0,0.0,0.0,0.0,0.0,0.0,0.0,0.0,0.0,0.0,0.0,0.0,0.0,0.0,0.0,0.0,64.8,0,116,56,49,65476,0,300,0,0,8,20529,65476,0,0,57672,80.0,0.0,0.0,0.0,0.0,0.0
2026-06-17T04:50:31,ERR,ERR,ERR,ERR,ERR,ERR,ERR,ERR,ERR,ERR,ERR,ERR,ERR,ERR,ERR,ERR,ERR,ERR,ERR,ERR,ERR,ERR,ERR,ERR,ERR,ERR,ERR,ERR,ERR,ERR,ERR,ERR,ERR,ERR,ERR,ERR,ERR,ERR,ERR,ERR,ERR,ERR,ERR,ERR,ERR,ERR,ERR,ERR,ERR,ERR,ERR,ERR,ERR,ERR,ERR,ERR,ERR,ERR,ERR,ERR,ERR,ERR,ERR,ERR,ERR,ERR,ERR,ERR,ERR,ERR,ERR,ERR,ERR,ERR,ERR,ERR,ERR,ERR,ERR,ERR,ERR,ERR,ERR,ERR,ERR,ERR,ERR,ERR,ERR,ERR,ERR,ERR,ERR,ERR,ERR,ERR,ERR,ERR,ERR,ERR,ERR,ERR,ERR,ERR,ERR,ERR,ERR,ERR,ERR,ERR,ERR,ERR,ERR,ERR,ERR,ERR,ERR,ERR,ERR,ERR,ERR,ERR,ERR,ERR,ERR,0.0,-0.0,3.028208139652935e+23,0.0,0.0,1.3936040501711995e+18,7.805,0.0,0,0,4,0,7300,-0.0,0,0.0,0.0,0.0,0.0,0.0,0,0,0,0,0.0,0,0,0,0,0,0,0,0,0,0,0,0,0,0,0,0,0,0,0,0,0,0,0,0,0,0,0,0,0,0,0,0,0,32,30,30,62,65476,0,300,0,0,8,21553,0.0,-107605600.0,0.0,0.0,0.0,0.0,0.0,0.0,0.0,0.0,0.0,0.0,0.0,0.0,0.0,0.0,0.0,0.0,0.0,0.0,0.0,0.0,2.004,-2.004,2.004,2.004,0.0,0.0,0.0,0.0,5490.0,-0.0,6932.0,0.0,-0.0,-0.0,0.0,0.0,0.0,0.0,0.0,63,-4.9504266636054534e+32,-0.0,0.0,0.0,0.0,0.0,0.0,0.0,0.0,0,0,0,0.0,0.0,0.0,0.0,0.0,0.0,0.0,0.0,0.0,0.0,0.0,0.0,0.0,0.0,0.0,0.0,0,-107875648.0,63,0.0,126,2.7184242562605685e+23,2.842318642297501e+23,ERR,ERR,ERR,ERR,ERR,ERR,ERR,ERR,ERR,ERR,ERR,ERR,ERR,ERR,ERR,ERR,ERR,ERR,ERR,ERR,ERR,ERR,ERR,ERR,ERR,ERR,ERR,ERR,ERR,ERR,ERR,ERR,ERR,ERR,ERR,ERR,ERR,ERR,ERR,ERR,ERR,ERR,ERR,ERR,ERR,ERR,ERR,ERR,ERR,ERR,ERR,ERR,ERR,ERR,ERR,ERR,ERR,ERR,ERR,ERR,ERR,ERR,ERR,ERR,ERR,ERR,ERR,34.0,80.0,35,0.0,0.0,0.0,0.0,0.0,0.0,0.0,0.0,0.0,0.0,0.0,0.0,0.0,0.0,0.0,0.0,64.8,0,116,56,49,65476,0,300,0,0,8,20529,65476,0,0,57672,80.0,0.0,0.0,0.0,0.0,0.0
2026-06-17T04:50:32,ERR,ERR,ERR,ERR,ERR,ERR,ERR,ERR,ERR,ERR,ERR,ERR,ERR,ERR,ERR,ERR,ERR,ERR,ERR,ERR,ERR,ERR,ERR,ERR,ERR,ERR,ERR,ERR,ERR,ERR,ERR,ERR,ERR,ERR,ERR,ERR,ERR,ERR,ERR,ERR,ERR,ERR,ERR,ERR,ERR,ERR,ERR,ERR,ERR,ERR,ERR,ERR,ERR,ERR,ERR,ERR,ERR,ERR,ERR,ERR,ERR,ERR,ERR,ERR,ERR,ERR,ERR,ERR,ERR,ERR,ERR,ERR,ERR,ERR,ERR,ERR,ERR,ERR,ERR,ERR,ERR,ERR,ERR,ERR,ERR,ERR,ERR,ERR,ERR,ERR,ERR,ERR,ERR,ERR,ERR,ERR,ERR,ERR,ERR,ERR,ERR,ERR,ERR,ERR,ERR,ERR,ERR,ERR,ERR,ERR,ERR,ERR,ERR,ERR,ERR,ERR,ERR,ERR,ERR,ERR,ERR,ERR,ERR,ERR,ERR,0.0,-0.0,3.028208139652935e+23,0.0,0.0,1.3936040501711995e+18,7.805,0.0,0,0,4,0,7300,-0.0,0,0.0,0.0,0.0,0.0,0.0,0,0,0,0,0.0,0,0,0,0,0,0,0,0,0,0,0,0,0,0,0,0,0,0,0,0,0,0,0,0,0,0,0,0,0,0,0,0,0,32,30,30,62,65476,0,300,0,0,8,21553,0.0,-107605600.0,0.0,0.0,0.0,0.0,0.0,0.0,0.0,0.0,0.0,0.0,0.0,0.0,0.0,0.0,0.0,0.0,0.0,0.0,0.0,0.0,2.004,-2.004,2.004,2.004,0.0,0.0,0.0,0.0,5490.0,-0.0,6932.0,0.0,-0.0,-0.0,0.0,0.0,0.0,0.0,0.0,63,-4.9504266636054534e+32,-0.0,0.0,0.0,0.0,0.0,0.0,0.0,0.0,0,0,0,0.0,0.0,0.0,0.0,0.0,0.0,0.0,0.0,0.0,0.0,0.0,0.0,0.0,0.0,0.0,0.0,0,-107875648.0,63,0.0,126,2.7184242562605685e+23,2.842318642297501e+23,ERR,ERR,ERR,ERR,ERR,ERR,ERR,ERR,ERR,ERR,ERR,ERR,ERR,ERR,ERR,ERR,ERR,ERR,ERR,ERR,ERR,ERR,ERR,ERR,ERR,ERR,ERR,ERR,ERR,ERR,ERR,ERR,ERR,ERR,ERR,ERR,ERR,ERR,ERR,ERR,ERR,ERR,ERR,ERR,ERR,ERR,ERR,ERR,ERR,ERR,ERR,ERR,ERR,ERR,ERR,ERR,ERR,ERR,ERR,ERR,ERR,ERR,ERR,ERR,ERR,ERR,ERR,34.0,80.0,35,0.0,0.0,0.0,0.0,0.0,0.0,0.0,0.0,0.0,0.0,0.0,0.0,0.0,0.0,0.0,0.0,64.8,0,116,56,49,65476,0,300,0,0,8,20529,65476,0,0,57672,80.0,0.0,0.0,0.0,0.0,0.0
2026-06-17T04:50:33,ERR,ERR,ERR,ERR,ERR,ERR,ERR,ERR,ERR,ERR,ERR,ERR,ERR,ERR,ERR,ERR,ERR,ERR,ERR,ERR,ERR,ERR,ERR,ERR,ERR,ERR,ERR,ERR,ERR,ERR,ERR,ERR,ERR,ERR,ERR,ERR,ERR,ERR,ERR,ERR,ERR,ERR,ERR,ERR,ERR,ERR,ERR,ERR,ERR,ERR,ERR,ERR,ERR,ERR,ERR,ERR,ERR,ERR,ERR,ERR,ERR,ERR,ERR,ERR,ERR,ERR,ERR,ERR,ERR,ERR,ERR,ERR,ERR,ERR,ERR,ERR,ERR,ERR,ERR,ERR,ERR,ERR,ERR,ERR,ERR,ERR,ERR,ERR,ERR,ERR,ERR,ERR,ERR,ERR,ERR,ERR,ERR,ERR,ERR,ERR,ERR,ERR,ERR,ERR,ERR,ERR,ERR,ERR,ERR,ERR,ERR,ERR,ERR,ERR,ERR,ERR,ERR,ERR,ERR,ERR,ERR,ERR,ERR,ERR,ERR,0.0,-0.0,-0.0,0.0,0.0,1.3936040501711995e+18,7.805,0.0,0,0,4,0,7300,-0.0,0,0.0,0.0,0.0,0.0,0.0,0,0,0,0,0.0,0,0,0,0,0,0,0,0,0,0,0,0,0,0,0,0,0,0,0,0,0,0,0,0,0,0,0,0,0,0,0,0,0,32,30,30,62,65476,0,300,0,0,8,21553,0.0,-107605600.0,0.0,0.0,0.0,0.0,0.0,0.0,0.0,0.0,0.0,0.0,0.0,0.0,0.0,0.0,0.0,0.0,0.0,0.0,0.0,0.0,-0.0,-2.004,2.004,2.004,0.0,0.0,0.0,0.0,5521.0,1.040667361561035e+34,6927.0,0.0,-0.0,-0.0,0.0,0.0,0.0,0.0,0.0,63,-4.066878214320265e+29,-71.63,0.0,0.0,0.0,0.0,0.0,0.0,0.0,0,0,0,0.0,0.0,0.0,0.0,0.0,0.0,0.0,0.0,0.0,0.0,0.0,0.0,0.0,0.0,0.0,0.0,0,-107875648.0,63,0.0,126,2.7184242562605685e+23,2.842318642297501e+23,ERR,ERR,ERR,ERR,ERR,ERR,ERR,ERR,ERR,ERR,ERR,ERR,ERR,ERR,ERR,ERR,ERR,ERR,ERR,ERR,ERR,ERR,ERR,ERR,ERR,ERR,ERR,ERR,ERR,ERR,ERR,ERR,ERR,ERR,ERR,ERR,ERR,ERR,ERR,ERR,ERR,ERR,ERR,ERR,ERR,ERR,ERR,ERR,ERR,ERR,ERR,ERR,ERR,ERR,ERR,ERR,ERR,ERR,ERR,ERR,ERR,ERR,ERR,ERR,ERR,ERR,ERR,34.0,80.0,35,0.0,0.0,0.0,0.0,0.0,0.0,0.0,0.0,0.0,0.0,0.0,0.0,0.0,0.0,0.0,0.0,64.8,0,116,56,49,65476,0,300,0,0,8,20529,65476,0,0,57672,80.0,0.0,0.0,0.0,0.0,0.0
2026-06-17T04:50:34,ERR,ERR,ERR,ERR,ERR,ERR,ERR,ERR,ERR,ERR,ERR,ERR,ERR,ERR,ERR,ERR,ERR,ERR,ERR,ERR,ERR,ERR,ERR,ERR,ERR,ERR,ERR,ERR,ERR,ERR,ERR,ERR,ERR,ERR,ERR,ERR,ERR,ERR,ERR,ERR,ERR,ERR,ERR,ERR,ERR,ERR,ERR,ERR,ERR,ERR,ERR,ERR,ERR,ERR,ERR,ERR,ERR,ERR,ERR,ERR,ERR,ERR,ERR,ERR,ERR,ERR,ERR,ERR,ERR,ERR,ERR,ERR,ERR,ERR,ERR,ERR,ERR,ERR,ERR,ERR,ERR,ERR,ERR,ERR,ERR,ERR,ERR,ERR,ERR,ERR,ERR,ERR,ERR,ERR,ERR,ERR,ERR,ERR,ERR,ERR,ERR,ERR,ERR,ERR,ERR,ERR,ERR,ERR,ERR,ERR,ERR,ERR,ERR,ERR,ERR,ERR,ERR,ERR,ERR,ERR,ERR,ERR,ERR,ERR,ERR,0.0,-0.0,-0.0,0.0,0.0,1.3936040501711995e+18,7.805,0.0,0,0,4,0,7300,-0.0,0,0.0,0.0,0.0,0.0,0.0,0,0,0,0,0.0,0,0,0,0,0,0,0,0,0,0,0,0,0,0,0,0,0,0,0,0,0,0,0,0,0,0,0,0,0,0,0,0,0,32,30,30,62,65476,0,300,0,0,8,21553,0.0,-107605600.0,0.0,0.0,0.0,0.0,0.0,0.0,0.0,0.0,0.0,0.0,0.0,0.0,0.0,0.0,0.0,0.0,0.0,0.0,0.0,0.0,-0.0,-2.004,2.004,2.004,0.0,0.0,0.0,0.0,5521.0,1.040667361561035e+34,6927.0,0.0,-0.0,-0.0,0.0,0.0,0.0,0.0,0.0,63,-4.066878214320265e+29,-71.63,0.0,0.0,0.0,0.0,0.0,0.0,0.0,0,0,0,0.0,0.0,0.0,0.0,0.0,0.0,0.0,0.0,0.0,0.0,0.0,0.0,0.0,0.0,0.0,0.0,0,-107875648.0,63,0.0,126,2.7184242562605685e+23,2.842318642297501e+23,ERR,ERR,ERR,ERR,ERR,ERR,ERR,ERR,ERR,ERR,ERR,ERR,ERR,ERR,ERR,ERR,ERR,ERR,ERR,ERR,ERR,ERR,ERR,ERR,ERR,ERR,ERR,ERR,ERR,ERR,ERR,ERR,ERR,ERR,ERR,ERR,ERR,ERR,ERR,ERR,ERR,ERR,ERR,ERR,ERR,ERR,ERR,ERR,ERR,ERR,ERR,ERR,ERR,ERR,ERR,ERR,ERR,ERR,ERR,ERR,ERR,ERR,ERR,ERR,ERR,ERR,ERR,34.0,80.0,35,0.0,0.0,0.0,0.0,0.0,0.0,0.0,0.0,0.0,0.0,0.0,0.0,0.0,0.0,0.0,0.0,64.4,0,116,56,49,65476,0,300,0,0,8,20529,65476,0,0,57672,80.0,0.0,0.0,0.0,0.0,0.0
2026-06-17T04:50:35,ERR,ERR,ERR,ERR,ERR,ERR,ERR,ERR,ERR,ERR,ERR,ERR,ERR,ERR,ERR,ERR,ERR,ERR,ERR,ERR,ERR,ERR,ERR,ERR,ERR,ERR,ERR,ERR,ERR,ERR,ERR,ERR,ERR,ERR,ERR,ERR,ERR,ERR,ERR,ERR,ERR,ERR,ERR,ERR,ERR,ERR,ERR,ERR,ERR,ERR,ERR,ERR,ERR,ERR,ERR,ERR,ERR,ERR,ERR,ERR,ERR,ERR,ERR,ERR,ERR,ERR,ERR,ERR,ERR,ERR,ERR,ERR,ERR,ERR,ERR,ERR,ERR,ERR,ERR,ERR,ERR,ERR,ERR,ERR,ERR,ERR,ERR,ERR,ERR,ERR,ERR,ERR,ERR,ERR,ERR,ERR,ERR,ERR,ERR,ERR,ERR,ERR,ERR,ERR,ERR,ERR,ERR,ERR,ERR,ERR,ERR,ERR,ERR,ERR,ERR,ERR,ERR,ERR,ERR,ERR,ERR,ERR,ERR,ERR,ERR,0.0,-0.0,-0.0,0.0,0.0,1.3936040501711995e+18,7.805,0.0,0,0,4,0,7300,-0.0,0,0.0,0.0,0.0,0.0,0.0,0,0,0,0,0.0,0,0,0,0,0,0,0,0,0,0,0,0,0,0,0,0,0,0,0,0,0,0,0,0,0,0,0,0,0,0,0,0,0,32,30,30,62,65476,0,300,0,0,8,21553,0.0,-107605600.0,0.0,0.0,0.0,0.0,0.0,0.0,0.0,0.0,0.0,0.0,0.0,0.0,0.0,0.0,0.0,0.0,0.0,0.0,0.0,0.0,-0.0,-2.004,2.004,2.004,0.0,0.0,0.0,0.0,5521.0,1.040667361561035e+34,6927.0,0.0,-0.0,-0.0,0.0,0.0,0.0,0.0,0.0,63,-4.066878214320265e+29,-71.63,0.0,0.0,0.0,0.0,0.0,0.0,0.0,0,0,0,0.0,0.0,0.0,0.0,0.0,0.0,0.0,0.0,0.0,0.0,0.0,0.0,0.0,0.0,0.0,0.0,0,-107875648.0,63,0.0,126,2.7184242562605685e+23,2.842318642297501e+23,ERR,ERR,ERR,ERR,ERR,ERR,ERR,ERR,ERR,ERR,ERR,ERR,ERR,ERR,ERR,ERR,ERR,ERR,ERR,ERR,ERR,ERR,ERR,ERR,ERR,ERR,ERR,ERR,ERR,ERR,ERR,ERR,ERR,ERR,ERR,ERR,ERR,ERR,ERR,ERR,ERR,ERR,ERR,ERR,ERR,ERR,ERR,ERR,ERR,ERR,ERR,ERR,ERR,ERR,ERR,ERR,ERR,ERR,ERR,ERR,ERR,ERR,ERR,ERR,ERR,ERR,ERR,34.0,80.0,35,0.0,0.0,0.0,0.0,0.0,0.0,0.0,0.0,0.0,0.0,0.0,0.0,0.0,0.0,0.0,0.0,64.4,0,116,56,49,65476,0,300,0,0,8,20529,65476,0,0,57672,80.0,0.0,0.0,0.0,0.0,0.0
2026-06-17T04:50:36,ERR,ERR,ERR,ERR,ERR,ERR,ERR,ERR,ERR,ERR,ERR,ERR,ERR,ERR,ERR,ERR,ERR,ERR,ERR,ERR,ERR,ERR,ERR,ERR,ERR,ERR,ERR,ERR,ERR,ERR,ERR,ERR,ERR,ERR,ERR,ERR,ERR,ERR,ERR,ERR,ERR,ERR,ERR,ERR,ERR,ERR,ERR,ERR,ERR,ERR,ERR,ERR,ERR,ERR,ERR,ERR,ERR,ERR,ERR,ERR,ERR,ERR,ERR,ERR,ERR,ERR,ERR,ERR,ERR,ERR,ERR,ERR,ERR,ERR,ERR,ERR,ERR,ERR,ERR,ERR,ERR,ERR,ERR,ERR,ERR,ERR,ERR,ERR,ERR,ERR,ERR,ERR,ERR,ERR,ERR,ERR,ERR,ERR,ERR,ERR,ERR,ERR,ERR,ERR,ERR,ERR,ERR,ERR,ERR,ERR,ERR,ERR,ERR,ERR,ERR,ERR,ERR,ERR,ERR,ERR,ERR,ERR,ERR,ERR,ERR,0.0,-0.0,-0.0,0.0,0.0,1.3936040501711995e+18,7.805,0.0,0,0,4,0,7300,-0.0,0,0.0,0.0,0.0,0.0,0.0,0,0,0,0,0.0,0,0,0,0,0,0,0,0,0,0,0,0,0,0,0,0,0,0,0,0,0,0,0,0,0,0,0,0,0,0,0,0,0,32,30,30,62,65476,0,300,0,0,8,21553,0.0,-107605600.0,0.0,0.0,0.0,0.0,0.0,0.0,0.0,0.0,0.0,0.0,0.0,0.0,0.0,0.0,0.0,0.0,0.0,0.0,0.0,0.0,-0.0,-2.004,2.004,2.004,0.0,0.0,0.0,0.0,5521.0,1.040667361561035e+34,6927.0,0.0,-0.0,-0.0,0.0,0.0,0.0,0.0,0.0,63,-4.066878214320265e+29,-71.63,0.0,0.0,0.0,0.0,0.0,0.0,0.0,0,0,0,0.0,0.0,0.0,0.0,0.0,0.0,0.0,0.0,0.0,0.0,0.0,0.0,0.0,0.0,0.0,0.0,0,-107875648.0,63,0.0,126,2.7184242562605685e+23,2.842318642297501e+23,ERR,ERR,ERR,ERR,ERR,ERR,ERR,ERR,ERR,ERR,ERR,ERR,ERR,ERR,ERR,ERR,ERR,ERR,ERR,ERR,ERR,ERR,ERR,ERR,ERR,ERR,ERR,ERR,ERR,ERR,ERR,ERR,ERR,ERR,ERR,ERR,ERR,ERR,ERR,ERR,ERR,ERR,ERR,ERR,ERR,ERR,ERR,ERR,ERR,ERR,ERR,ERR,ERR,ERR,ERR,ERR,ERR,ERR,ERR,ERR,ERR,ERR,ERR,ERR,ERR,ERR,ERR,34.0,80.0,35,0.0,0.0,0.0,0.0,0.0,0.0,0.0,0.0,0.0,0.0,0.0,0.0,0.0,0.0,0.0,0.0,64.4,0,116,56,49,65476,0,300,0,0,8,20529,65476,0,0,57672,80.0,0.0,0.0,0.0,0.0,0.0
2026-06-17T04:50:37,ERR,ERR,ERR,ERR,ERR,ERR,ERR,ERR,ERR,ERR,ERR,ERR,ERR,ERR,ERR,ERR,ERR,ERR,ERR,ERR,ERR,ERR,ERR,ERR,ERR,ERR,ERR,ERR,ERR,ERR,ERR,ERR,ERR,ERR,ERR,ERR,ERR,ERR,ERR,ERR,ERR,ERR,ERR,ERR,ERR,ERR,ERR,ERR,ERR,ERR,ERR,ERR,ERR,ERR,ERR,ERR,ERR,ERR,ERR,ERR,ERR,ERR,ERR,ERR,ERR,ERR,ERR,ERR,ERR,ERR,ERR,ERR,ERR,ERR,ERR,ERR,ERR,ERR,ERR,ERR,ERR,ERR,ERR,ERR,ERR,ERR,ERR,ERR,ERR,ERR,ERR,ERR,ERR,ERR,ERR,ERR,ERR,ERR,ERR,ERR,ERR,ERR,ERR,ERR,ERR,ERR,ERR,ERR,ERR,ERR,ERR,ERR,ERR,ERR,ERR,ERR,ERR,ERR,ERR,ERR,ERR,ERR,ERR,ERR,ERR,0.0,-0.0,-0.0,0.0,0.0,1.3936040501711995e+18,7.805,0.0,0,0,4,0,7300,-0.0,0,0.0,0.0,0.0,0.0,0.0,0,0,0,0,0.0,0,0,0,0,0,0,0,0,0,0,0,0,0,0,0,0,0,0,0,0,0,0,0,0,0,0,0,0,0,0,0,0,0,32,30,30,62,65476,0,300,0,0,8,21553,0.0,-107605600.0,0.0,0.0,0.0,0.0,0.0,0.0,0.0,0.0,0.0,0.0,0.0,0.0,0.0,0.0,0.0,0.0,0.0,0.0,0.0,0.0,-0.0,-2.004,2.004,2.004,0.0,0.0,0.0,0.0,5521.0,1.040667361561035e+34,6927.0,0.0,-0.0,-0.0,0.0,0.0,0.0,0.0,0.0,63,-4.066878214320265e+29,-71.63,0.0,0.0,0.0,0.0,0.0,0.0,0.0,0,0,0,0.0,0.0,0.0,0.0,0.0,0.0,0.0,0.0,0.0,0.0,0.0,0.0,0.0,0.0,0.0,0.0,0,-107875648.0,63,0.0,126,2.7184242562605685e+23,2.842318642297501e+23,ERR,ERR,ERR,ERR,ERR,ERR,ERR,ERR,ERR,ERR,ERR,ERR,ERR,ERR,ERR,ERR,ERR,ERR,ERR,ERR,ERR,ERR,ERR,ERR,ERR,ERR,ERR,ERR,ERR,ERR,ERR,ERR,ERR,ERR,ERR,ERR,ERR,ERR,ERR,ERR,ERR,ERR,ERR,ERR,ERR,ERR,ERR,ERR,ERR,ERR,ERR,ERR,ERR,ERR,ERR,ERR,ERR,ERR,ERR,ERR,ERR,ERR,ERR,ERR,ERR,ERR,ERR,34.0,80.0,35,0.0,0.0,0.0,0.0,0.0,0.0,0.0,0.0,0.0,0.0,0.0,0.0,0.0,0.0,0.0,0.0,64.4,0,116,56,49,65476,0,300,0,0,8,20529,65476,0,0,57672,80.0,0.0,0.0,0.0,0.0,0.0
2026-06-17T04:50:38,ERR,ERR,ERR,ERR,ERR,ERR,ERR,ERR,ERR,ERR,ERR,ERR,ERR,ERR,ERR,ERR,ERR,ERR,ERR,ERR,ERR,ERR,ERR,ERR,ERR,ERR,ERR,ERR,ERR,ERR,ERR,ERR,ERR,ERR,ERR,ERR,ERR,ERR,ERR,ERR,ERR,ERR,ERR,ERR,ERR,ERR,ERR,ERR,ERR,ERR,ERR,ERR,ERR,ERR,ERR,ERR,ERR,ERR,ERR,ERR,ERR,ERR,ERR,ERR,ERR,ERR,ERR,ERR,ERR,ERR,ERR,ERR,ERR,ERR,ERR,ERR,ERR,ERR,ERR,ERR,ERR,ERR,ERR,ERR,ERR,ERR,ERR,ERR,ERR,ERR,ERR,ERR,ERR,ERR,ERR,ERR,ERR,ERR,ERR,ERR,ERR,ERR,ERR,ERR,ERR,ERR,ERR,ERR,ERR,ERR,ERR,ERR,ERR,ERR,ERR,ERR,ERR,ERR,ERR,ERR,ERR,ERR,ERR,ERR,ERR,0.0,-0.0,-0.0,0.0,0.0,1.3936040501711995e+18,7.805,0.0,0,0,4,0,7300,-0.0,0,0.0,0.0,0.0,0.0,0.0,0,0,0,0,0.0,0,0,0,0,0,0,0,0,0,0,0,0,0,0,0,0,0,0,0,0,0,0,0,0,0,0,0,0,0,0,0,0,0,32,30,30,62,65476,0,300,0,0,8,21553,0.0,-107605600.0,0.0,0.0,0.0,0.0,0.0,0.0,0.0,0.0,0.0,0.0,0.0,0.0,0.0,0.0,0.0,0.0,0.0,0.0,0.0,0.0,-0.0,-2.004,2.004,2.004,0.0,0.0,0.0,0.0,5521.0,1.040667361561035e+34,6927.0,0.0,-0.0,-0.0,0.0,0.0,0.0,0.0,0.0,63,-4.066878214320265e+29,-71.63,0.0,0.0,0.0,0.0,0.0,0.0,0.0,0,0,0,0.0,0.0,0.0,0.0,0.0,0.0,0.0,0.0,0.0,0.0,0.0,0.0,0.0,0.0,0.0,0.0,0,-107875648.0,63,0.0,126,2.7184242562605685e+23,2.842318642297501e+23,ERR,ERR,ERR,ERR,ERR,ERR,ERR,ERR,ERR,ERR,ERR,ERR,ERR,ERR,ERR,ERR,ERR,ERR,ERR,ERR,ERR,ERR,ERR,ERR,ERR,ERR,ERR,ERR,ERR,ERR,ERR,ERR,ERR,ERR,ERR,ERR,ERR,ERR,ERR,ERR,ERR,ERR,ERR,ERR,ERR,ERR,ERR,ERR,ERR,ERR,ERR,ERR,ERR,ERR,ERR,ERR,ERR,ERR,ERR,ERR,ERR,ERR,ERR,ERR,ERR,ERR,ERR,34.0,80.0,35,0.0,0.0,0.0,0.0,0.0,0.0,0.0,0.0,0.0,0.0,0.0,0.0,0.0,0.0,0.0,0.0,64.4,0,116,56,49,65476,0,300,0,0,8,20529,65476,0,0,57672,80.0,0.0,0.0,0.0,0.0,0.0
2026-06-17T04:50:39,ERR,ERR,ERR,ERR,ERR,ERR,ERR,ERR,ERR,ERR,ERR,ERR,ERR,ERR,ERR,ERR,ERR,ERR,ERR,ERR,ERR,ERR,ERR,ERR,ERR,ERR,ERR,ERR,ERR,ERR,ERR,ERR,ERR,ERR,ERR,ERR,ERR,ERR,ERR,ERR,ERR,ERR,ERR,ERR,ERR,ERR,ERR,ERR,ERR,ERR,ERR,ERR,ERR,ERR,ERR,ERR,ERR,ERR,ERR,ERR,ERR,ERR,ERR,ERR,ERR,ERR,ERR,ERR,ERR,ERR,ERR,ERR,ERR,ERR,ERR,ERR,ERR,ERR,ERR,ERR,ERR,ERR,ERR,ERR,ERR,ERR,ERR,ERR,ERR,ERR,ERR,ERR,ERR,ERR,ERR,ERR,ERR,ERR,ERR,ERR,ERR,ERR,ERR,ERR,ERR,ERR,ERR,ERR,ERR,ERR,ERR,ERR,ERR,ERR,ERR,ERR,ERR,ERR,ERR,ERR,ERR,ERR,ERR,ERR,ERR,0.0,-0.0,3.028208139652935e+23,0.0,0.0,1.3936040501711995e+18,7.805,0.0,0,0,4,0,7300,-0.0,0,0.0,0.0,0.0,0.0,0.0,0,0,0,0,0.0,0,0,0,0,0,0,0,0,0,0,0,0,0,0,0,0,0,0,0,0,0,0,0,0,0,0,0,0,0,0,0,0,0,32,30,30,62,65476,0,300,0,0,8,21553,0.0,-107605600.0,0.0,0.0,0.0,0.0,0.0,0.0,0.0,0.0,0.0,0.0,0.0,0.0,0.0,0.0,0.0,0.0,0.0,0.0,0.0,0.0,2.004,-2.004,2.004,2.004,0.0,0.0,0.0,0.0,5521.0,-1.5879323754288253e+29,6942.0,0.0,-0.0,-0.0,0.0,0.0,0.0,0.0,0.0,63,-4.066878214320265e+29,1.9056895305397043e+17,0.0,0.0,0.0,0.0,0.0,0.0,0.0,0,0,0,0.0,0.0,0.0,0.0,0.0,0.0,0.0,0.0,0.0,0.0,0.0,0.0,0.0,0.0,0.0,0.0,0,-107875648.0,63,0.0,126,2.7184242562605685e+23,2.842318642297501e+23,ERR,ERR,ERR,ERR,ERR,ERR,ERR,ERR,ERR,ERR,ERR,ERR,ERR,ERR,ERR,ERR,ERR,ERR,ERR,ERR,ERR,ERR,ERR,ERR,ERR,ERR,ERR,ERR,ERR,ERR,ERR,ERR,ERR,ERR,ERR,ERR,ERR,ERR,ERR,ERR,ERR,ERR,ERR,ERR,ERR,ERR,ERR,ERR,ERR,ERR,ERR,ERR,ERR,ERR,ERR,ERR,ERR,ERR,ERR,ERR,ERR,ERR,ERR,ERR,ERR,ERR,ERR,34.0,80.0,35,0.0,0.0,0.0,0.0,0.0,0.0,0.0,0.0,0.0,0.0,0.0,0.0,0.0,0.0,0.0,0.0,64.4,0,116,56,49,65476,0,300,0,0,8,20529,65476,0,0,57672,80.0,0.0,0.0,0.0,0.0,0.0
2026-06-17T04:50:40,ERR,ERR,ERR,ERR,ERR,ERR,ERR,ERR,ERR,ERR,ERR,ERR,ERR,ERR,ERR,ERR,ERR,ERR,ERR,ERR,ERR,ERR,ERR,ERR,ERR,ERR,ERR,ERR,ERR,ERR,ERR,ERR,ERR,ERR,ERR,ERR,ERR,ERR,ERR,ERR,ERR,ERR,ERR,ERR,ERR,ERR,ERR,ERR,ERR,ERR,ERR,ERR,ERR,ERR,ERR,ERR,ERR,ERR,ERR,ERR,ERR,ERR,ERR,ERR,ERR,ERR,ERR,ERR,ERR,ERR,ERR,ERR,ERR,ERR,ERR,ERR,ERR,ERR,ERR,ERR,ERR,ERR,ERR,ERR,ERR,ERR,ERR,ERR,ERR,ERR,ERR,ERR,ERR,ERR,ERR,ERR,ERR,ERR,ERR,ERR,ERR,ERR,ERR,ERR,ERR,ERR,ERR,ERR,ERR,ERR,ERR,ERR,ERR,ERR,ERR,ERR,ERR,ERR,ERR,ERR,ERR,ERR,ERR,ERR,ERR,0.0,-0.0,3.028208139652935e+23,0.0,0.0,1.3936040501711995e+18,7.805,0.0,0,0,4,0,7300,-0.0,0,0.0,0.0,0.0,0.0,0.0,0,0,0,0,0.0,0,0,0,0,0,0,0,0,0,0,0,0,0,0,0,0,0,0,0,0,0,0,0,0,0,0,0,0,0,0,0,0,0,32,30,30,62,65476,0,300,0,0,8,21553,0.0,-107605600.0,0.0,0.0,0.0,0.0,0.0,0.0,0.0,0.0,0.0,0.0,0.0,0.0,0.0,0.0,0.0,0.0,0.0,0.0,0.0,0.0,2.004,-2.004,2.004,2.004,0.0,0.0,0.0,0.0,5521.0,-1.5879323754288253e+29,6942.0,0.0,-0.0,-0.0,0.0,0.0,0.0,0.0,0.0,63,-4.066878214320265e+29,1.9056895305397043e+17,0.0,0.0,0.0,0.0,0.0,0.0,0.0,0,0,0,0.0,0.0,0.0,0.0,0.0,0.0,0.0,0.0,0.0,0.0,0.0,0.0,0.0,0.0,0.0,0.0,0,-107875648.0,63,0.0,126,2.7184242562605685e+23,2.842318642297501e+23,ERR,ERR,ERR,ERR,ERR,ERR,ERR,ERR,ERR,ERR,ERR,ERR,ERR,ERR,ERR,ERR,ERR,ERR,ERR,ERR,ERR,ERR,ERR,ERR,ERR,ERR,ERR,ERR,ERR,ERR,ERR,ERR,ERR,ERR,ERR,ERR,ERR,ERR,ERR,ERR,ERR,ERR,ERR,ERR,ERR,ERR,ERR,ERR,ERR,ERR,ERR,ERR,ERR,ERR,ERR,ERR,ERR,ERR,ERR,ERR,ERR,ERR,ERR,ERR,ERR,ERR,ERR,34.0,80.0,35,0.0,0.0,0.0,0.0,0.0,0.0,0.0,0.0,0.0,0.0,0.0,0.0,0.0,0.0,0.0,0.0,64.4,0,116,56,49,65476,0,300,0,0,8,20529,65476,0,0,57672,80.0,0.0,0.0,0.0,0.0,0.0
2026-06-17T04:50:41,ERR,ERR,ERR,ERR,ERR,ERR,ERR,ERR,ERR,ERR,ERR,ERR,ERR,ERR,ERR,ERR,ERR,ERR,ERR,ERR,ERR,ERR,ERR,ERR,ERR,ERR,ERR,ERR,ERR,ERR,ERR,ERR,ERR,ERR,ERR,ERR,ERR,ERR,ERR,ERR,ERR,ERR,ERR,ERR,ERR,ERR,ERR,ERR,ERR,ERR,ERR,ERR,ERR,ERR,ERR,ERR,ERR,ERR,ERR,ERR,ERR,ERR,ERR,ERR,ERR,ERR,ERR,ERR,ERR,ERR,ERR,ERR,ERR,ERR,ERR,ERR,ERR,ERR,ERR,ERR,ERR,ERR,ERR,ERR,ERR,ERR,ERR,ERR,ERR,ERR,ERR,ERR,ERR,ERR,ERR,ERR,ERR,ERR,ERR,ERR,ERR,ERR,ERR,ERR,ERR,ERR,ERR,ERR,ERR,ERR,ERR,ERR,ERR,ERR,ERR,ERR,ERR,ERR,ERR,ERR,ERR,ERR,ERR,ERR,ERR,0.0,-0.0,3.028208139652935e+23,0.0,0.0,1.3936040501711995e+18,7.805,0.0,0,0,4,0,7300,-0.0,0,0.0,0.0,0.0,0.0,0.0,0,0,0,0,0.0,0,0,0,0,0,0,0,0,0,0,0,0,0,0,0,0,0,0,0,0,0,0,0,0,0,0,0,0,0,0,0,0,0,32,30,30,62,65476,0,300,0,0,8,21553,0.0,-107605600.0,0.0,0.0,0.0,0.0,0.0,0.0,0.0,0.0,0.0,0.0,0.0,0.0,0.0,0.0,0.0,0.0,0.0,0.0,0.0,0.0,2.004,-2.004,2.004,2.004,0.0,0.0,0.0,0.0,5521.0,-1.5879323754288253e+29,6942.0,0.0,-0.0,-0.0,0.0,0.0,0.0,0.0,0.0,63,-4.066878214320265e+29,1.9056895305397043e+17,0.0,0.0,0.0,0.0,0.0,0.0,0.0,0,0,0,0.0,0.0,0.0,0.0,0.0,0.0,0.0,0.0,0.0,0.0,0.0,0.0,0.0,0.0,0.0,0.0,0,-107875648.0,63,0.0,126,2.7184242562605685e+23,2.842318642297501e+23,ERR,ERR,ERR,ERR,ERR,ERR,ERR,ERR,ERR,ERR,ERR,ERR,ERR,ERR,ERR,ERR,ERR,ERR,ERR,ERR,ERR,ERR,ERR,ERR,ERR,ERR,ERR,ERR,ERR,ERR,ERR,ERR,ERR,ERR,ERR,ERR,ERR,ERR,ERR,ERR,ERR,ERR,ERR,ERR,ERR,ERR,ERR,ERR,ERR,ERR,ERR,ERR,ERR,ERR,ERR,ERR,ERR,ERR,ERR,ERR,ERR,ERR,ERR,ERR,ERR,ERR,ERR,34.0,80.0,35,0.0,0.0,0.0,0.0,0.0,0.0,0.0,0.0,0.0,0.0,0.0,0.0,0.0,0.0,0.0,0.0,64.4,0,116,56,49,65476,0,300,0,0,8,20529,65476,0,0,57672,80.0,0.0,0.0,0.0,0.0,0.0
2026-06-17T04:50:42,ERR,ERR,ERR,ERR,ERR,ERR,ERR,ERR,ERR,ERR,ERR,ERR,ERR,ERR,ERR,ERR,ERR,ERR,ERR,ERR,ERR,ERR,ERR,ERR,ERR,ERR,ERR,ERR,ERR,ERR,ERR,ERR,ERR,ERR,ERR,ERR,ERR,ERR,ERR,ERR,ERR,ERR,ERR,ERR,ERR,ERR,ERR,ERR,ERR,ERR,ERR,ERR,ERR,ERR,ERR,ERR,ERR,ERR,ERR,ERR,ERR,ERR,ERR,ERR,ERR,ERR,ERR,ERR,ERR,ERR,ERR,ERR,ERR,ERR,ERR,ERR,ERR,ERR,ERR,ERR,ERR,ERR,ERR,ERR,ERR,ERR,ERR,ERR,ERR,ERR,ERR,ERR,ERR,ERR,ERR,ERR,ERR,ERR,ERR,ERR,ERR,ERR,ERR,ERR,ERR,ERR,ERR,ERR,ERR,ERR,ERR,ERR,ERR,ERR,ERR,ERR,ERR,ERR,ERR,ERR,ERR,ERR,ERR,ERR,ERR,0.0,-0.0,3.028208139652935e+23,0.0,0.0,1.3936040501711995e+18,7.805,0.0,0,0,4,0,7300,-0.0,0,0.0,0.0,0.0,0.0,0.0,0,0,0,0,0.0,0,0,0,0,0,0,0,0,0,0,0,0,0,0,0,0,0,0,0,0,0,0,0,0,0,0,0,0,0,0,0,0,0,32,30,30,62,65476,0,300,0,0,8,21553,0.0,-107605600.0,0.0,0.0,0.0,0.0,0.0,0.0,0.0,0.0,0.0,0.0,0.0,0.0,0.0,0.0,0.0,0.0,0.0,0.0,0.0,0.0,2.004,-2.004,2.004,2.004,0.0,0.0,0.0,0.0,5521.0,-1.5879323754288253e+29,6942.0,0.0,-0.0,-0.0,0.0,0.0,0.0,0.0,0.0,63,-4.066878214320265e+29,1.9056895305397043e+17,0.0,0.0,0.0,0.0,0.0,0.0,0.0,0,0,0,0.0,0.0,0.0,0.0,0.0,0.0,0.0,0.0,0.0,0.0,0.0,0.0,0.0,0.0,0.0,0.0,0,-107875648.0,63,0.0,126,2.7184242562605685e+23,2.842318642297501e+23,ERR,ERR,ERR,ERR,ERR,ERR,ERR,ERR,ERR,ERR,ERR,ERR,ERR,ERR,ERR,ERR,ERR,ERR,ERR,ERR,ERR,ERR,ERR,ERR,ERR,ERR,ERR,ERR,ERR,ERR,ERR,ERR,ERR,ERR,ERR,ERR,ERR,ERR,ERR,ERR,ERR,ERR,ERR,ERR,ERR,ERR,ERR,ERR,ERR,ERR,ERR,ERR,ERR,ERR,ERR,ERR,ERR,ERR,ERR,ERR,ERR,ERR,ERR,ERR,ERR,ERR,ERR,34.0,80.0,35,0.0,0.0,0.0,0.0,0.0,0.0,0.0,0.0,0.0,0.0,0.0,0.0,0.0,0.0,0.0,0.0,64.4,0,116,56,49,65476,0,300,0,0,8,20529,65476,0,0,57672,80.0,0.0,0.0,0.0,0.0,0.0
2026-06-17T04:50:43,ERR,ERR,ERR,ERR,ERR,ERR,ERR,ERR,ERR,ERR,ERR,ERR,ERR,ERR,ERR,ERR,ERR,ERR,ERR,ERR,ERR,ERR,ERR,ERR,ERR,ERR,ERR,ERR,ERR,ERR,ERR,ERR,ERR,ERR,ERR,ERR,ERR,ERR,ERR,ERR,ERR,ERR,ERR,ERR,ERR,ERR,ERR,ERR,ERR,ERR,ERR,ERR,ERR,ERR,ERR,ERR,ERR,ERR,ERR,ERR,ERR,ERR,ERR,ERR,ERR,ERR,ERR,ERR,ERR,ERR,ERR,ERR,ERR,ERR,ERR,ERR,ERR,ERR,ERR,ERR,ERR,ERR,ERR,ERR,ERR,ERR,ERR,ERR,ERR,ERR,ERR,ERR,ERR,ERR,ERR,ERR,ERR,ERR,ERR,ERR,ERR,ERR,ERR,ERR,ERR,ERR,ERR,ERR,ERR,ERR,ERR,ERR,ERR,ERR,ERR,ERR,ERR,ERR,ERR,ERR,ERR,ERR,ERR,ERR,ERR,0.0,-0.0,3.028208139652935e+23,0.0,0.0,1.3936040501711995e+18,7.805,0.0,0,0,4,0,7300,-0.0,0,0.0,0.0,0.0,0.0,0.0,0,0,0,0,0.0,0,0,0,0,0,0,0,0,0,0,0,0,0,0,0,0,0,0,0,0,0,0,0,0,0,0,0,0,0,0,0,0,0,32,30,30,62,65476,0,300,0,0,8,21553,0.0,-107605600.0,0.0,0.0,0.0,0.0,0.0,0.0,0.0,0.0,0.0,0.0,0.0,0.0,0.0,0.0,0.0,0.0,0.0,0.0,0.0,0.0,2.004,-2.004,2.004,2.004,0.0,0.0,0.0,0.0,5521.0,-1.5879323754288253e+29,6942.0,0.0,-0.0,-0.0,0.0,0.0,0.0,0.0,0.0,63,-4.066878214320265e+29,1.9056895305397043e+17,0.0,0.0,0.0,0.0,0.0,0.0,0.0,0,0,0,0.0,0.0,0.0,0.0,0.0,0.0,0.0,0.0,0.0,0.0,0.0,0.0,0.0,0.0,0.0,0.0,0,-107875648.0,63,0.0,126,2.7184242562605685e+23,2.842318642297501e+23,ERR,ERR,ERR,ERR,ERR,ERR,ERR,ERR,ERR,ERR,ERR,ERR,ERR,ERR,ERR,ERR,ERR,ERR,ERR,ERR,ERR,ERR,ERR,ERR,ERR,ERR,ERR,ERR,ERR,ERR,ERR,ERR,ERR,ERR,ERR,ERR,ERR,ERR,ERR,ERR,ERR,ERR,ERR,ERR,ERR,ERR,ERR,ERR,ERR,ERR,ERR,ERR,ERR,ERR,ERR,ERR,ERR,ERR,ERR,ERR,ERR,ERR,ERR,ERR,ERR,ERR,ERR,34.0,80.0,35,0.0,0.0,0.0,0.0,0.0,0.0,0.0,0.0,0.0,0.0,0.0,0.0,0.0,0.0,0.0,0.0,64.4,0,116,56,49,65476,0,300,0,0,8,20529,65476,0,0,57672,80.0,0.0,0.0,0.0,0.0,0.0
2026-06-17T04:50:44,ERR,ERR,ERR,ERR,ERR,ERR,ERR,ERR,ERR,ERR,ERR,ERR,ERR,ERR,ERR,ERR,ERR,ERR,ERR,ERR,ERR,ERR,ERR,ERR,ERR,ERR,ERR,ERR,ERR,ERR,ERR,ERR,ERR,ERR,ERR,ERR,ERR,ERR,ERR,ERR,ERR,ERR,ERR,ERR,ERR,ERR,ERR,ERR,ERR,ERR,ERR,ERR,ERR,ERR,ERR,ERR,ERR,ERR,ERR,ERR,ERR,ERR,ERR,ERR,ERR,ERR,ERR,ERR,ERR,ERR,ERR,ERR,ERR,ERR,ERR,ERR,ERR,ERR,ERR,ERR,ERR,ERR,ERR,ERR,ERR,ERR,ERR,ERR,ERR,ERR,ERR,ERR,ERR,ERR,ERR,ERR,ERR,ERR,ERR,ERR,ERR,ERR,ERR,ERR,ERR,ERR,ERR,ERR,ERR,ERR,ERR,ERR,ERR,ERR,ERR,ERR,ERR,ERR,ERR,ERR,ERR,ERR,ERR,ERR,ERR,0.0,-0.0,3.028208139652935e+23,0.0,0.0,1.3936040501711995e+18,7.805,0.0,0,0,4,0,7300,-0.0,0,0.0,0.0,0.0,0.0,0.0,0,0,0,0,0.0,0,0,0,0,0,0,0,0,0,0,0,0,0,0,0,0,0,0,0,0,0,0,0,0,0,0,0,0,0,0,0,0,0,32,30,30,62,65476,0,300,0,0,8,21553,0.0,-107605600.0,0.0,0.0,0.0,0.0,0.0,0.0,0.0,0.0,0.0,0.0,0.0,0.0,0.0,0.0,0.0,0.0,0.0,0.0,0.0,0.0,2.004,-2.004,2.004,2.004,0.0,0.0,0.0,0.0,5521.0,-0.0,6931.0,0.0,-0.0,-0.0,0.0,0.0,0.0,0.0,0.0,63,-4.066878214320265e+29,-3.222010145941397e+26,0.0,0.0,0.0,0.0,0.0,0.0,0.0,0,0,0,0.0,0.0,0.0,0.0,0.0,0.0,0.0,0.0,0.0,0.0,0.0,0.0,0.0,0.0,0.0,0.0,0,-107875648.0,63,0.0,126,2.7184242562605685e+23,2.842318642297501e+23,ERR,ERR,ERR,ERR,ERR,ERR,ERR,ERR,ERR,ERR,ERR,ERR,ERR,ERR,ERR,ERR,ERR,ERR,ERR,ERR,ERR,ERR,ERR,ERR,ERR,ERR,ERR,ERR,ERR,ERR,ERR,ERR,ERR,ERR,ERR,ERR,ERR,ERR,ERR,ERR,ERR,ERR,ERR,ERR,ERR,ERR,ERR,ERR,ERR,ERR,ERR,ERR,ERR,ERR,ERR,ERR,ERR,ERR,ERR,ERR,ERR,ERR,ERR,ERR,ERR,ERR,ERR,34.0,80.0,35,0.0,0.0,0.0,0.0,0.0,0.0,0.0,0.0,0.0,0.0,0.0,0.0,0.0,0.0,0.0,0.0,64.4,0,116,56,49,65476,0,300,0,0,8,20529,65476,0,0,57672,80.0,0.0,0.0,0.0,0.0,0.0
2026-06-17T04:50:45,ERR,ERR,ERR,ERR,ERR,ERR,ERR,ERR,ERR,ERR,ERR,ERR,ERR,ERR,ERR,ERR,ERR,ERR,ERR,ERR,ERR,ERR,ERR,ERR,ERR,ERR,ERR,ERR,ERR,ERR,ERR,ERR,ERR,ERR,ERR,ERR,ERR,ERR,ERR,ERR,ERR,ERR,ERR,ERR,ERR,ERR,ERR,ERR,ERR,ERR,ERR,ERR,ERR,ERR,ERR,ERR,ERR,ERR,ERR,ERR,ERR,ERR,ERR,ERR,ERR,ERR,ERR,ERR,ERR,ERR,ERR,ERR,ERR,ERR,ERR,ERR,ERR,ERR,ERR,ERR,ERR,ERR,ERR,ERR,ERR,ERR,ERR,ERR,ERR,ERR,ERR,ERR,ERR,ERR,ERR,ERR,ERR,ERR,ERR,ERR,ERR,ERR,ERR,ERR,ERR,ERR,ERR,ERR,ERR,ERR,ERR,ERR,ERR,ERR,ERR,ERR,ERR,ERR,ERR,ERR,ERR,ERR,ERR,ERR,ERR,0.0,-0.0,3.028208139652935e+23,0.0,0.0,1.3936040501711995e+18,7.805,0.0,0,0,4,0,7300,-0.0,0,0.0,0.0,0.0,0.0,0.0,0,0,0,0,0.0,0,0,0,0,0,0,0,0,0,0,0,0,0,0,0,0,0,0,0,0,0,0,0,0,0,0,0,0,0,0,0,0,0,32,30,30,62,65476,0,300,0,0,8,21553,0.0,-107605600.0,0.0,0.0,0.0,0.0,0.0,0.0,0.0,0.0,0.0,0.0,0.0,0.0,0.0,0.0,0.0,0.0,0.0,0.0,0.0,0.0,2.004,-2.004,2.004,2.004,0.0,0.0,0.0,0.0,5521.0,-0.0,6931.0,0.0,-0.0,-0.0,0.0,0.0,0.0,0.0,0.0,63,-4.066878214320265e+29,-3.222010145941397e+26,0.0,0.0,0.0,0.0,0.0,0.0,0.0,0,0,0,0.0,0.0,0.0,0.0,0.0,0.0,0.0,0.0,0.0,0.0,0.0,0.0,0.0,0.0,0.0,0.0,0,-107875648.0,63,0.0,126,2.7184242562605685e+23,2.842318642297501e+23,ERR,ERR,ERR,ERR,ERR,ERR,ERR,ERR,ERR,ERR,ERR,ERR,ERR,ERR,ERR,ERR,ERR,ERR,ERR,ERR,ERR,ERR,ERR,ERR,ERR,ERR,ERR,ERR,ERR,ERR,ERR,ERR,ERR,ERR,ERR,ERR,ERR,ERR,ERR,ERR,ERR,ERR,ERR,ERR,ERR,ERR,ERR,ERR,ERR,ERR,ERR,ERR,ERR,ERR,ERR,ERR,ERR,ERR,ERR,ERR,ERR,ERR,ERR,ERR,ERR,ERR,ERR,34.0,80.0,35,0.0,0.0,0.0,0.0,0.0,0.0,0.0,0.0,0.0,0.0,0.0,0.0,0.0,0.0,0.0,0.0,64.4,0,116,56,49,65476,0,300,0,0,8,20529,65476,0,0,57672,80.0,0.0,0.0,0.0,0.0,0.0
2026-06-17T04:50:46,ERR,ERR,ERR,ERR,ERR,ERR,ERR,ERR,ERR,ERR,ERR,ERR,ERR,ERR,ERR,ERR,ERR,ERR,ERR,ERR,ERR,ERR,ERR,ERR,ERR,ERR,ERR,ERR,ERR,ERR,ERR,ERR,ERR,ERR,ERR,ERR,ERR,ERR,ERR,ERR,ERR,ERR,ERR,ERR,ERR,ERR,ERR,ERR,ERR,ERR,ERR,ERR,ERR,ERR,ERR,ERR,ERR,ERR,ERR,ERR,ERR,ERR,ERR,ERR,ERR,ERR,ERR,ERR,ERR,ERR,ERR,ERR,ERR,ERR,ERR,ERR,ERR,ERR,ERR,ERR,ERR,ERR,ERR,ERR,ERR,ERR,ERR,ERR,ERR,ERR,ERR,ERR,ERR,ERR,ERR,ERR,ERR,ERR,ERR,ERR,ERR,ERR,ERR,ERR,ERR,ERR,ERR,ERR,ERR,ERR,ERR,ERR,ERR,ERR,ERR,ERR,ERR,ERR,ERR,ERR,ERR,ERR,ERR,ERR,ERR,0.0,-0.0,3.028208139652935e+23,0.0,0.0,1.3936040501711995e+18,7.805,0.0,0,0,4,0,7300,-0.0,0,0.0,0.0,0.0,0.0,0.0,0,0,0,0,0.0,0,0,0,0,0,0,0,0,0,0,0,0,0,0,0,0,0,0,0,0,0,0,0,0,0,0,0,0,0,0,0,0,0,32,30,30,62,65476,0,300,0,0,8,21553,0.0,-107605600.0,0.0,0.0,0.0,0.0,0.0,0.0,0.0,0.0,0.0,0.0,0.0,0.0,0.0,0.0,0.0,0.0,0.0,0.0,0.0,0.0,2.004,-2.004,2.004,2.004,0.0,0.0,0.0,0.0,5521.0,-0.0,6931.0,0.0,-0.0,-0.0,0.0,0.0,0.0,0.0,0.0,63,-4.066878214320265e+29,-3.222010145941397e+26,0.0,0.0,0.0,0.0,0.0,0.0,0.0,0,0,0,0.0,0.0,0.0,0.0,0.0,0.0,0.0,0.0,0.0,0.0,0.0,0.0,0.0,0.0,0.0,0.0,0,-107875648.0,63,0.0,126,2.7184242562605685e+23,2.842318642297501e+23,ERR,ERR,ERR,ERR,ERR,ERR,ERR,ERR,ERR,ERR,ERR,ERR,ERR,ERR,ERR,ERR,ERR,ERR,ERR,ERR,ERR,ERR,ERR,ERR,ERR,ERR,ERR,ERR,ERR,ERR,ERR,ERR,ERR,ERR,ERR,ERR,ERR,ERR,ERR,ERR,ERR,ERR,ERR,ERR,ERR,ERR,ERR,ERR,ERR,ERR,ERR,ERR,ERR,ERR,ERR,ERR,ERR,ERR,ERR,ERR,ERR,ERR,ERR,ERR,ERR,ERR,ERR,34.0,80.0,35,0.0,0.0,0.0,0.0,0.0,0.0,0.0,0.0,0.0,0.0,0.0,0.0,0.0,0.0,0.0,0.0,64.8,0,116,56,49,65476,0,300,0,0,8,20529,65476,0,0,57672,80.0,0.0,0.0,0.0,0.0,0.0
2026-06-17T04:50:47,ERR,ERR,ERR,ERR,ERR,ERR,ERR,ERR,ERR,ERR,ERR,ERR,ERR,ERR,ERR,ERR,ERR,ERR,ERR,ERR,ERR,ERR,ERR,ERR,ERR,ERR,ERR,ERR,ERR,ERR,ERR,ERR,ERR,ERR,ERR,ERR,ERR,ERR,ERR,ERR,ERR,ERR,ERR,ERR,ERR,ERR,ERR,ERR,ERR,ERR,ERR,ERR,ERR,ERR,ERR,ERR,ERR,ERR,ERR,ERR,ERR,ERR,ERR,ERR,ERR,ERR,ERR,ERR,ERR,ERR,ERR,ERR,ERR,ERR,ERR,ERR,ERR,ERR,ERR,ERR,ERR,ERR,ERR,ERR,ERR,ERR,ERR,ERR,ERR,ERR,ERR,ERR,ERR,ERR,ERR,ERR,ERR,ERR,ERR,ERR,ERR,ERR,ERR,ERR,ERR,ERR,ERR,ERR,ERR,ERR,ERR,ERR,ERR,ERR,ERR,ERR,ERR,ERR,ERR,ERR,ERR,ERR,ERR,ERR,ERR,0.0,-0.0,3.028208139652935e+23,0.0,0.0,1.3936040501711995e+18,7.805,0.0,0,0,4,0,7300,-0.0,0,0.0,0.0,0.0,0.0,0.0,0,0,0,0,0.0,0,0,0,0,0,0,0,0,0,0,0,0,0,0,0,0,0,0,0,0,0,0,0,0,0,0,0,0,0,0,0,0,0,32,30,30,62,65476,0,300,0,0,8,21553,0.0,-107605600.0,0.0,0.0,0.0,0.0,0.0,0.0,0.0,0.0,0.0,0.0,0.0,0.0,0.0,0.0,0.0,0.0,0.0,0.0,0.0,0.0,2.004,-2.004,2.004,2.004,0.0,0.0,0.0,0.0,5521.0,-0.0,6931.0,0.0,-0.0,-0.0,0.0,0.0,0.0,0.0,0.0,63,-4.066878214320265e+29,-3.222010145941397e+26,0.0,0.0,0.0,0.0,0.0,0.0,0.0,0,0,0,0.0,0.0,0.0,0.0,0.0,0.0,0.0,0.0,0.0,0.0,0.0,0.0,0.0,0.0,0.0,0.0,0,-107875648.0,63,0.0,126,2.7184242562605685e+23,2.842318642297501e+23,ERR,ERR,ERR,ERR,ERR,ERR,ERR,ERR,ERR,ERR,ERR,ERR,ERR,ERR,ERR,ERR,ERR,ERR,ERR,ERR,ERR,ERR,ERR,ERR,ERR,ERR,ERR,ERR,ERR,ERR,ERR,ERR,ERR,ERR,ERR,ERR,ERR,ERR,ERR,ERR,ERR,ERR,ERR,ERR,ERR,ERR,ERR,ERR,ERR,ERR,ERR,ERR,ERR,ERR,ERR,ERR,ERR,ERR,ERR,ERR,ERR,ERR,ERR,ERR,ERR,ERR,ERR,34.0,80.0,35,0.0,0.0,0.0,0.0,0.0,0.0,0.0,0.0,0.0,0.0,0.0,0.0,0.0,0.0,0.0,0.0,64.8,0,116,56,49,65476,0,300,0,0,8,20529,65476,0,0,57672,80.0,0.0,0.0,0.0,0.0,0.0
2026-06-17T04:50:48,ERR,ERR,ERR,ERR,ERR,ERR,ERR,ERR,ERR,ERR,ERR,ERR,ERR,ERR,ERR,ERR,ERR,ERR,ERR,ERR,ERR,ERR,ERR,ERR,ERR,ERR,ERR,ERR,ERR,ERR,ERR,ERR,ERR,ERR,ERR,ERR,ERR,ERR,ERR,ERR,ERR,ERR,ERR,ERR,ERR,ERR,ERR,ERR,ERR,ERR,ERR,ERR,ERR,ERR,ERR,ERR,ERR,ERR,ERR,ERR,ERR,ERR,ERR,ERR,ERR,ERR,ERR,ERR,ERR,ERR,ERR,ERR,ERR,ERR,ERR,ERR,ERR,ERR,ERR,ERR,ERR,ERR,ERR,ERR,ERR,ERR,ERR,ERR,ERR,ERR,ERR,ERR,ERR,ERR,ERR,ERR,ERR,ERR,ERR,ERR,ERR,ERR,ERR,ERR,ERR,ERR,ERR,ERR,ERR,ERR,ERR,ERR,ERR,ERR,ERR,ERR,ERR,ERR,ERR,ERR,ERR,ERR,ERR,ERR,ERR,0.0,-0.0,3.028208139652935e+23,0.0,0.0,1.3936040501711995e+18,7.805,0.0,0,0,4,0,7300,-0.0,0,0.0,0.0,0.0,0.0,0.0,0,0,0,0,0.0,0,0,0,0,0,0,0,0,0,0,0,0,0,0,0,0,0,0,0,0,0,0,0,0,0,0,0,0,0,0,0,0,0,32,30,30,62,65476,0,300,0,0,8,21553,0.0,-107605600.0,0.0,0.0,0.0,0.0,0.0,0.0,0.0,0.0,0.0,0.0,0.0,0.0,0.0,0.0,0.0,0.0,0.0,0.0,0.0,0.0,2.004,-2.004,2.004,2.004,0.0,0.0,0.0,0.0,5521.0,-0.0,6931.0,0.0,-0.0,-0.0,0.0,0.0,0.0,0.0,0.0,63,-4.066878214320265e+29,-3.222010145941397e+26,0.0,0.0,0.0,0.0,0.0,0.0,0.0,0,0,0,0.0,0.0,0.0,0.0,0.0,0.0,0.0,0.0,0.0,0.0,0.0,0.0,0.0,0.0,0.0,0.0,0,-107875648.0,63,0.0,126,2.7184242562605685e+23,2.842318642297501e+23,ERR,ERR,ERR,ERR,ERR,ERR,ERR,ERR,ERR,ERR,ERR,ERR,ERR,ERR,ERR,ERR,ERR,ERR,ERR,ERR,ERR,ERR,ERR,ERR,ERR,ERR,ERR,ERR,ERR,ERR,ERR,ERR,ERR,ERR,ERR,ERR,ERR,ERR,ERR,ERR,ERR,ERR,ERR,ERR,ERR,ERR,ERR,ERR,ERR,ERR,ERR,ERR,ERR,ERR,ERR,ERR,ERR,ERR,ERR,ERR,ERR,ERR,ERR,ERR,ERR,ERR,ERR,34.0,80.0,35,0.0,0.0,0.0,0.0,0.0,0.0,0.0,0.0,0.0,0.0,0.0,0.0,0.0,0.0,0.0,0.0,64.4,0,116,56,49,65476,0,300,0,0,8,20529,65476,0,0,57672,80.0,0.0,0.0,0.0,0.0,0.0
2026-06-17T04:50:49,ERR,ERR,ERR,ERR,ERR,ERR,ERR,ERR,ERR,ERR,ERR,ERR,ERR,ERR,ERR,ERR,ERR,ERR,ERR,ERR,ERR,ERR,ERR,ERR,ERR,ERR,ERR,ERR,ERR,ERR,ERR,ERR,ERR,ERR,ERR,ERR,ERR,ERR,ERR,ERR,ERR,ERR,ERR,ERR,ERR,ERR,ERR,ERR,ERR,ERR,ERR,ERR,ERR,ERR,ERR,ERR,ERR,ERR,ERR,ERR,ERR,ERR,ERR,ERR,ERR,ERR,ERR,ERR,ERR,ERR,ERR,ERR,ERR,ERR,ERR,ERR,ERR,ERR,ERR,ERR,ERR,ERR,ERR,ERR,ERR,ERR,ERR,ERR,ERR,ERR,ERR,ERR,ERR,ERR,ERR,ERR,ERR,ERR,ERR,ERR,ERR,ERR,ERR,ERR,ERR,ERR,ERR,ERR,ERR,ERR,ERR,ERR,ERR,ERR,ERR,ERR,ERR,ERR,ERR,ERR,ERR,ERR,ERR,ERR,ERR,0.0,-0.0,-0.0,0.0,0.0,1.3936040501711995e+18,7.805,0.0,0,0,4,0,7300,-0.0,0,0.0,0.0,0.0,0.0,0.0,0,0,0,0,0.0,0,0,0,0,0,0,0,0,0,0,0,0,0,0,0,0,0,0,0,0,0,0,0,0,0,0,0,0,0,0,0,0,0,32,30,30,62,65476,0,300,0,0,8,21553,0.0,-107605600.0,0.0,0.0,0.0,0.0,0.0,0.0,0.0,0.0,0.0,0.0,0.0,0.0,0.0,0.0,0.0,0.0,0.0,0.0,0.0,0.0,2.004,-2.004,2.004,2.004,0.0,0.0,0.0,0.0,5522.0,0.0,6914.0,0.0,-0.0,-0.0,0.0,0.0,0.0,0.0,0.0,63,-4.9504266636054534e+32,0.059,0.0,0.0,0.0,0.0,0.0,0.0,0.0,0,0,0,0.0,0.0,0.0,0.0,0.0,0.0,0.0,0.0,0.0,0.0,0.0,0.0,0.0,0.0,0.0,0.0,0,-107875648.0,63,0.0,126,2.7184242562605685e+23,2.842318642297501e+23,ERR,ERR,ERR,ERR,ERR,ERR,ERR,ERR,ERR,ERR,ERR,ERR,ERR,ERR,ERR,ERR,ERR,ERR,ERR,ERR,ERR,ERR,ERR,ERR,ERR,ERR,ERR,ERR,ERR,ERR,ERR,ERR,ERR,ERR,ERR,ERR,ERR,ERR,ERR,ERR,ERR,ERR,ERR,ERR,ERR,ERR,ERR,ERR,ERR,ERR,ERR,ERR,ERR,ERR,ERR,ERR,ERR,ERR,ERR,ERR,ERR,ERR,ERR,ERR,ERR,ERR,ERR,34.0,80.0,35,0.0,0.0,0.0,0.0,0.0,0.0,0.0,0.0,0.0,0.0,0.0,0.0,0.0,0.0,0.0,0.0,64.4,0,116,56,49,65476,0,300,0,0,8,20529,65476,0,0,57672,80.0,0.0,0.0,0.0,0.0,0.0
2026-06-17T04:50:50,ERR,ERR,ERR,ERR,ERR,ERR,ERR,ERR,ERR,ERR,ERR,ERR,ERR,ERR,ERR,ERR,ERR,ERR,ERR,ERR,ERR,ERR,ERR,ERR,ERR,ERR,ERR,ERR,ERR,ERR,ERR,ERR,ERR,ERR,ERR,ERR,ERR,ERR,ERR,ERR,ERR,ERR,ERR,ERR,ERR,ERR,ERR,ERR,ERR,ERR,ERR,ERR,ERR,ERR,ERR,ERR,ERR,ERR,ERR,ERR,ERR,ERR,ERR,ERR,ERR,ERR,ERR,ERR,ERR,ERR,ERR,ERR,ERR,ERR,ERR,ERR,ERR,ERR,ERR,ERR,ERR,ERR,ERR,ERR,ERR,ERR,ERR,ERR,ERR,ERR,ERR,ERR,ERR,ERR,ERR,ERR,ERR,ERR,ERR,ERR,ERR,ERR,ERR,ERR,ERR,ERR,ERR,ERR,ERR,ERR,ERR,ERR,ERR,ERR,ERR,ERR,ERR,ERR,ERR,ERR,ERR,ERR,ERR,ERR,ERR,0.0,-0.0,-0.0,0.0,0.0,1.3936040501711995e+18,7.805,0.0,0,0,4,0,7300,-0.0,0,0.0,0.0,0.0,0.0,0.0,0,0,0,0,0.0,0,0,0,0,0,0,0,0,0,0,0,0,0,0,0,0,0,0,0,0,0,0,0,0,0,0,0,0,0,0,0,0,0,32,30,30,62,65476,0,300,0,0,8,21553,0.0,-107605600.0,0.0,0.0,0.0,0.0,0.0,0.0,0.0,0.0,0.0,0.0,0.0,0.0,0.0,0.0,0.0,0.0,0.0,0.0,0.0,0.0,2.004,-2.004,2.004,2.004,0.0,0.0,0.0,0.0,5522.0,0.0,6914.0,0.0,-0.0,-0.0,0.0,0.0,0.0,0.0,0.0,63,-4.9504266636054534e+32,0.059,0.0,0.0,0.0,0.0,0.0,0.0,0.0,0,0,0,0.0,0.0,0.0,0.0,0.0,0.0,0.0,0.0,0.0,0.0,0.0,0.0,0.0,0.0,0.0,0.0,0,-107875648.0,63,0.0,126,2.7184242562605685e+23,2.842318642297501e+23,ERR,ERR,ERR,ERR,ERR,ERR,ERR,ERR,ERR,ERR,ERR,ERR,ERR,ERR,ERR,ERR,ERR,ERR,ERR,ERR,ERR,ERR,ERR,ERR,ERR,ERR,ERR,ERR,ERR,ERR,ERR,ERR,ERR,ERR,ERR,ERR,ERR,ERR,ERR,ERR,ERR,ERR,ERR,ERR,ERR,ERR,ERR,ERR,ERR,ERR,ERR,ERR,ERR,ERR,ERR,ERR,ERR,ERR,ERR,ERR,ERR,ERR,ERR,ERR,ERR,ERR,ERR,34.0,80.0,35,0.0,0.0,0.0,0.0,0.0,0.0,0.0,0.0,0.0,0.0,0.0,0.0,0.0,0.0,0.0,0.0,64.4,0,116,56,49,65476,0,300,0,0,8,20529,65476,0,0,57672,80.0,0.0,0.0,0.0,0.0,0.0
2026-06-17T04:50:51,ERR,ERR,ERR,ERR,ERR,ERR,ERR,ERR,ERR,ERR,ERR,ERR,ERR,ERR,ERR,ERR,ERR,ERR,ERR,ERR,ERR,ERR,ERR,ERR,ERR,ERR,ERR,ERR,ERR,ERR,ERR,ERR,ERR,ERR,ERR,ERR,ERR,ERR,ERR,ERR,ERR,ERR,ERR,ERR,ERR,ERR,ERR,ERR,ERR,ERR,ERR,ERR,ERR,ERR,ERR,ERR,ERR,ERR,ERR,ERR,ERR,ERR,ERR,ERR,ERR,ERR,ERR,ERR,ERR,ERR,ERR,ERR,ERR,ERR,ERR,ERR,ERR,ERR,ERR,ERR,ERR,ERR,ERR,ERR,ERR,ERR,ERR,ERR,ERR,ERR,ERR,ERR,ERR,ERR,ERR,ERR,ERR,ERR,ERR,ERR,ERR,ERR,ERR,ERR,ERR,ERR,ERR,ERR,ERR,ERR,ERR,ERR,ERR,ERR,ERR,ERR,ERR,ERR,ERR,ERR,ERR,ERR,ERR,ERR,ERR,0.0,-0.0,-0.0,0.0,0.0,1.3936040501711995e+18,7.805,0.0,0,0,4,0,7300,-0.0,0,0.0,0.0,0.0,0.0,0.0,0,0,0,0,0.0,0,0,0,0,0,0,0,0,0,0,0,0,0,0,0,0,0,0,0,0,0,0,0,0,0,0,0,0,0,0,0,0,0,32,30,30,62,65476,0,300,0,0,8,21553,0.0,-107605600.0,0.0,0.0,0.0,0.0,0.0,0.0,0.0,0.0,0.0,0.0,0.0,0.0,0.0,0.0,0.0,0.0,0.0,0.0,0.0,0.0,2.004,-2.004,2.004,2.004,0.0,0.0,0.0,0.0,5522.0,0.0,6914.0,0.0,-0.0,-0.0,0.0,0.0,0.0,0.0,0.0,63,-4.9504266636054534e+32,0.059,0.0,0.0,0.0,0.0,0.0,0.0,0.0,0,0,0,0.0,0.0,0.0,0.0,0.0,0.0,0.0,0.0,0.0,0.0,0.0,0.0,0.0,0.0,0.0,0.0,0,-107875648.0,63,0.0,126,2.7184242562605685e+23,2.842318642297501e+23,ERR,ERR,ERR,ERR,ERR,ERR,ERR,ERR,ERR,ERR,ERR,ERR,ERR,ERR,ERR,ERR,ERR,ERR,ERR,ERR,ERR,ERR,ERR,ERR,ERR,ERR,ERR,ERR,ERR,ERR,ERR,ERR,ERR,ERR,ERR,ERR,ERR,ERR,ERR,ERR,ERR,ERR,ERR,ERR,ERR,ERR,ERR,ERR,ERR,ERR,ERR,ERR,ERR,ERR,ERR,ERR,ERR,ERR,ERR,ERR,ERR,ERR,ERR,ERR,ERR,ERR,ERR,34.0,80.0,35,0.0,0.0,0.0,0.0,0.0,0.0,0.0,0.0,0.0,0.0,0.0,0.0,0.0,0.0,0.0,0.0,64.4,0,116,56,49,65476,0,300,0,0,8,20529,65476,0,0,57672,80.0,0.0,0.0,0.0,0.0,0.0
2026-06-17T04:50:52,ERR,ERR,ERR,ERR,ERR,ERR,ERR,ERR,ERR,ERR,ERR,ERR,ERR,ERR,ERR,ERR,ERR,ERR,ERR,ERR,ERR,ERR,ERR,ERR,ERR,ERR,ERR,ERR,ERR,ERR,ERR,ERR,ERR,ERR,ERR,ERR,ERR,ERR,ERR,ERR,ERR,ERR,ERR,ERR,ERR,ERR,ERR,ERR,ERR,ERR,ERR,ERR,ERR,ERR,ERR,ERR,ERR,ERR,ERR,ERR,ERR,ERR,ERR,ERR,ERR,ERR,ERR,ERR,ERR,ERR,ERR,ERR,ERR,ERR,ERR,ERR,ERR,ERR,ERR,ERR,ERR,ERR,ERR,ERR,ERR,ERR,ERR,ERR,ERR,ERR,ERR,ERR,ERR,ERR,ERR,ERR,ERR,ERR,ERR,ERR,ERR,ERR,ERR,ERR,ERR,ERR,ERR,ERR,ERR,ERR,ERR,ERR,ERR,ERR,ERR,ERR,ERR,ERR,ERR,ERR,ERR,ERR,ERR,ERR,ERR,0.0,-0.0,-0.0,0.0,0.0,1.3936040501711995e+18,7.805,0.0,0,0,4,0,7300,-0.0,0,0.0,0.0,0.0,0.0,0.0,0,0,0,0,0.0,0,0,0,0,0,0,0,0,0,0,0,0,0,0,0,0,0,0,0,0,0,0,0,0,0,0,0,0,0,0,0,0,0,32,30,30,62,65476,0,300,0,0,8,21553,0.0,-107605600.0,0.0,0.0,0.0,0.0,0.0,0.0,0.0,0.0,0.0,0.0,0.0,0.0,0.0,0.0,0.0,0.0,0.0,0.0,0.0,0.0,2.004,-2.004,2.004,2.004,0.0,0.0,0.0,0.0,5522.0,0.0,6914.0,0.0,-0.0,-0.0,0.0,0.0,0.0,0.0,0.0,63,-4.9504266636054534e+32,0.059,0.0,0.0,0.0,0.0,0.0,0.0,0.0,0,0,0,0.0,0.0,0.0,0.0,0.0,0.0,0.0,0.0,0.0,0.0,0.0,0.0,0.0,0.0,0.0,0.0,0,-107875648.0,63,0.0,126,2.7184242562605685e+23,2.842318642297501e+23,ERR,ERR,ERR,ERR,ERR,ERR,ERR,ERR,ERR,ERR,ERR,ERR,ERR,ERR,ERR,ERR,ERR,ERR,ERR,ERR,ERR,ERR,ERR,ERR,ERR,ERR,ERR,ERR,ERR,ERR,ERR,ERR,ERR,ERR,ERR,ERR,ERR,ERR,ERR,ERR,ERR,ERR,ERR,ERR,ERR,ERR,ERR,ERR,ERR,ERR,ERR,ERR,ERR,ERR,ERR,ERR,ERR,ERR,ERR,ERR,ERR,ERR,ERR,ERR,ERR,ERR,ERR,34.0,80.0,35,0.0,0.0,0.0,0.0,0.0,0.0,0.0,0.0,0.0,0.0,0.0,0.0,0.0,0.0,0.0,0.0,64.4,0,116,56,49,65476,0,300,0,0,8,20529,65476,0,0,57672,80.0,0.0,0.0,0.0,0.0,0.0
2026-06-17T04:50:53,ERR,ERR,ERR,ERR,ERR,ERR,ERR,ERR,ERR,ERR,ERR,ERR,ERR,ERR,ERR,ERR,ERR,ERR,ERR,ERR,ERR,ERR,ERR,ERR,ERR,ERR,ERR,ERR,ERR,ERR,ERR,ERR,ERR,ERR,ERR,ERR,ERR,ERR,ERR,ERR,ERR,ERR,ERR,ERR,ERR,ERR,ERR,ERR,ERR,ERR,ERR,ERR,ERR,ERR,ERR,ERR,ERR,ERR,ERR,ERR,ERR,ERR,ERR,ERR,ERR,ERR,ERR,ERR,ERR,ERR,ERR,ERR,ERR,ERR,ERR,ERR,ERR,ERR,ERR,ERR,ERR,ERR,ERR,ERR,ERR,ERR,ERR,ERR,ERR,ERR,ERR,ERR,ERR,ERR,ERR,ERR,ERR,ERR,ERR,ERR,ERR,ERR,ERR,ERR,ERR,ERR,ERR,ERR,ERR,ERR,ERR,ERR,ERR,ERR,ERR,ERR,ERR,ERR,ERR,ERR,ERR,ERR,ERR,ERR,ERR,0.0,-0.0,-0.0,0.0,0.0,1.3936040501711995e+18,7.805,0.0,0,0,4,0,7300,-0.0,0,0.0,0.0,0.0,0.0,0.0,0,0,0,0,0.0,0,0,0,0,0,0,0,0,0,0,0,0,0,0,0,0,0,0,0,0,0,0,0,0,0,0,0,0,0,0,0,0,0,32,30,30,62,65476,0,300,0,0,8,21553,0.0,-107605600.0,0.0,0.0,0.0,0.0,0.0,0.0,0.0,0.0,0.0,0.0,0.0,0.0,0.0,0.0,0.0,0.0,0.0,0.0,0.0,0.0,2.004,-2.004,2.004,2.004,0.0,0.0,0.0,0.0,5522.0,0.0,6914.0,0.0,-0.0,-0.0,0.0,0.0,0.0,0.0,0.0,63,-4.9504266636054534e+32,0.059,0.0,0.0,0.0,0.0,0.0,0.0,0.0,0,0,0,0.0,0.0,0.0,0.0,0.0,0.0,0.0,0.0,0.0,0.0,0.0,0.0,0.0,0.0,0.0,0.0,0,-107875648.0,63,0.0,126,2.7184242562605685e+23,2.842318642297501e+23,ERR,ERR,ERR,ERR,ERR,ERR,ERR,ERR,ERR,ERR,ERR,ERR,ERR,ERR,ERR,ERR,ERR,ERR,ERR,ERR,ERR,ERR,ERR,ERR,ERR,ERR,ERR,ERR,ERR,ERR,ERR,ERR,ERR,ERR,ERR,ERR,ERR,ERR,ERR,ERR,ERR,ERR,ERR,ERR,ERR,ERR,ERR,ERR,ERR,ERR,ERR,ERR,ERR,ERR,ERR,ERR,ERR,ERR,ERR,ERR,ERR,ERR,ERR,ERR,ERR,ERR,ERR,34.0,80.0,35,0.0,0.0,0.0,0.0,0.0,0.0,0.0,0.0,0.0,0.0,0.0,0.0,0.0,0.0,0.0,0.0,64.4,0,116,56,49,65476,0,300,0,0,8,20529,65476,0,0,57672,80.0,0.0,0.0,0.0,0.0,0.0
2026-06-17T04:50:54,ERR,ERR,ERR,ERR,ERR,ERR,ERR,ERR,ERR,ERR,ERR,ERR,ERR,ERR,ERR,ERR,ERR,ERR,ERR,ERR,ERR,ERR,ERR,ERR,ERR,ERR,ERR,ERR,ERR,ERR,ERR,ERR,ERR,ERR,ERR,ERR,ERR,ERR,ERR,ERR,ERR,ERR,ERR,ERR,ERR,ERR,ERR,ERR,ERR,ERR,ERR,ERR,ERR,ERR,ERR,ERR,ERR,ERR,ERR,ERR,ERR,ERR,ERR,ERR,ERR,ERR,ERR,ERR,ERR,ERR,ERR,ERR,ERR,ERR,ERR,ERR,ERR,ERR,ERR,ERR,ERR,ERR,ERR,ERR,ERR,ERR,ERR,ERR,ERR,ERR,ERR,ERR,ERR,ERR,ERR,ERR,ERR,ERR,ERR,ERR,ERR,ERR,ERR,ERR,ERR,ERR,ERR,ERR,ERR,ERR,ERR,ERR,ERR,ERR,ERR,ERR,ERR,ERR,ERR,ERR,ERR,ERR,ERR,ERR,ERR,0.0,-0.0,3.028208139652935e+23,0.0,0.0,1.3936040501711995e+18,7.805,0.0,0,0,4,0,7300,-0.0,0,0.0,0.0,0.0,0.0,0.0,0,0,0,0,0.0,0,0,0,0,0,0,0,0,0,0,0,0,0,0,0,0,0,0,0,0,0,0,0,0,0,0,0,0,0,0,0,0,0,32,30,30,62,65476,0,300,0,0,8,21553,0.0,-107605600.0,0.0,0.0,0.0,0.0,0.0,0.0,0.0,0.0,0.0,0.0,0.0,0.0,0.0,0.0,0.0,0.0,0.0,0.0,0.0,0.0,-0.0,-2.004,2.004,2.004,0.0,0.0,0.0,0.0,5490.0,-564146840010752.0,6939.0,0.0,-0.0,-0.0,0.0,0.0,0.0,0.0,0.0,63,-4.9504266636054534e+32,-4.950408868217389e+32,0.0,0.0,0.0,0.0,0.0,0.0,0.0,0,0,0,0.0,0.0,0.0,0.0,0.0,0.0,0.0,0.0,0.0,0.0,0.0,0.0,0.0,0.0,0.0,0.0,0,-107875648.0,63,0.0,126,2.7184242562605685e+23,2.842318642297501e+23,ERR,ERR,ERR,ERR,ERR,ERR,ERR,ERR,ERR,ERR,ERR,ERR,ERR,ERR,ERR,ERR,ERR,ERR,ERR,ERR,ERR,ERR,ERR,ERR,ERR,ERR,ERR,ERR,ERR,ERR,ERR,ERR,ERR,ERR,ERR,ERR,ERR,ERR,ERR,ERR,ERR,ERR,ERR,ERR,ERR,ERR,ERR,ERR,ERR,ERR,ERR,ERR,ERR,ERR,ERR,ERR,ERR,ERR,ERR,ERR,ERR,ERR,ERR,ERR,ERR,ERR,ERR,34.0,80.0,35,0.0,0.0,0.0,0.0,0.0,0.0,0.0,0.0,0.0,0.0,0.0,0.0,0.0,0.0,0.0,0.0,64.4,0,116,56,49,65476,0,300,0,0,8,20529,65476,0,0,57672,80.0,0.0,0.0,0.0,0.0,0.0
2026-06-17T04:50:55,ERR,ERR,ERR,ERR,ERR,ERR,ERR,ERR,ERR,ERR,ERR,ERR,ERR,ERR,ERR,ERR,ERR,ERR,ERR,ERR,ERR,ERR,ERR,ERR,ERR,ERR,ERR,ERR,ERR,ERR,ERR,ERR,ERR,ERR,ERR,ERR,ERR,ERR,ERR,ERR,ERR,ERR,ERR,ERR,ERR,ERR,ERR,ERR,ERR,ERR,ERR,ERR,ERR,ERR,ERR,ERR,ERR,ERR,ERR,ERR,ERR,ERR,ERR,ERR,ERR,ERR,ERR,ERR,ERR,ERR,ERR,ERR,ERR,ERR,ERR,ERR,ERR,ERR,ERR,ERR,ERR,ERR,ERR,ERR,ERR,ERR,ERR,ERR,ERR,ERR,ERR,ERR,ERR,ERR,ERR,ERR,ERR,ERR,ERR,ERR,ERR,ERR,ERR,ERR,ERR,ERR,ERR,ERR,ERR,ERR,ERR,ERR,ERR,ERR,ERR,ERR,ERR,ERR,ERR,ERR,ERR,ERR,ERR,ERR,ERR,0.0,-0.0,3.028208139652935e+23,0.0,0.0,1.3936040501711995e+18,7.805,0.0,0,0,4,0,7300,-0.0,0,0.0,0.0,0.0,0.0,0.0,0,0,0,0,0.0,0,0,0,0,0,0,0,0,0,0,0,0,0,0,0,0,0,0,0,0,0,0,0,0,0,0,0,0,0,0,0,0,0,32,30,30,62,65476,0,300,0,0,8,21553,0.0,-107605600.0,0.0,0.0,0.0,0.0,0.0,0.0,0.0,0.0,0.0,0.0,0.0,0.0,0.0,0.0,0.0,0.0,0.0,0.0,0.0,0.0,-0.0,-2.004,2.004,2.004,0.0,0.0,0.0,0.0,5490.0,-564146840010752.0,6939.0,0.0,-0.0,-0.0,0.0,0.0,0.0,0.0,0.0,63,-4.9504266636054534e+32,-4.950408868217389e+32,0.0,0.0,0.0,0.0,0.0,0.0,0.0,0,0,0,0.0,0.0,0.0,0.0,0.0,0.0,0.0,0.0,0.0,0.0,0.0,0.0,0.0,0.0,0.0,0.0,0,-107875648.0,63,0.0,126,2.7184242562605685e+23,2.842318642297501e+23,ERR,ERR,ERR,ERR,ERR,ERR,ERR,ERR,ERR,ERR,ERR,ERR,ERR,ERR,ERR,ERR,ERR,ERR,ERR,ERR,ERR,ERR,ERR,ERR,ERR,ERR,ERR,ERR,ERR,ERR,ERR,ERR,ERR,ERR,ERR,ERR,ERR,ERR,ERR,ERR,ERR,ERR,ERR,ERR,ERR,ERR,ERR,ERR,ERR,ERR,ERR,ERR,ERR,ERR,ERR,ERR,ERR,ERR,ERR,ERR,ERR,ERR,ERR,ERR,ERR,ERR,ERR,34.0,80.0,35,0.0,0.0,0.0,0.0,0.0,0.0,0.0,0.0,0.0,0.0,0.0,0.0,0.0,0.0,0.0,0.0,64.4,0,116,56,49,65476,0,300,0,0,8,20529,65476,0,0,57672,80.0,0.0,0.0,0.0,0.0,0.0
2026-06-17T04:50:56,ERR,ERR,ERR,ERR,ERR,ERR,ERR,ERR,ERR,ERR,ERR,ERR,ERR,ERR,ERR,ERR,ERR,ERR,ERR,ERR,ERR,ERR,ERR,ERR,ERR,ERR,ERR,ERR,ERR,ERR,ERR,ERR,ERR,ERR,ERR,ERR,ERR,ERR,ERR,ERR,ERR,ERR,ERR,ERR,ERR,ERR,ERR,ERR,ERR,ERR,ERR,ERR,ERR,ERR,ERR,ERR,ERR,ERR,ERR,ERR,ERR,ERR,ERR,ERR,ERR,ERR,ERR,ERR,ERR,ERR,ERR,ERR,ERR,ERR,ERR,ERR,ERR,ERR,ERR,ERR,ERR,ERR,ERR,ERR,ERR,ERR,ERR,ERR,ERR,ERR,ERR,ERR,ERR,ERR,ERR,ERR,ERR,ERR,ERR,ERR,ERR,ERR,ERR,ERR,ERR,ERR,ERR,ERR,ERR,ERR,ERR,ERR,ERR,ERR,ERR,ERR,ERR,ERR,ERR,ERR,ERR,ERR,ERR,ERR,ERR,0.0,-0.0,3.028208139652935e+23,0.0,0.0,1.3936040501711995e+18,7.805,0.0,0,0,4,0,7300,-0.0,0,0.0,0.0,0.0,0.0,0.0,0,0,0,0,0.0,0,0,0,0,0,0,0,0,0,0,0,0,0,0,0,0,0,0,0,0,0,0,0,0,0,0,0,0,0,0,0,0,0,32,30,30,62,65476,0,300,0,0,8,21553,0.0,-107605600.0,0.0,0.0,0.0,0.0,0.0,0.0,0.0,0.0,0.0,0.0,0.0,0.0,0.0,0.0,0.0,0.0,0.0,0.0,0.0,0.0,-0.0,-2.004,2.004,2.004,0.0,0.0,0.0,0.0,5490.0,-564146840010752.0,6939.0,0.0,-0.0,-0.0,0.0,0.0,0.0,0.0,0.0,63,-4.9504266636054534e+32,-4.950408868217389e+32,0.0,0.0,0.0,0.0,0.0,0.0,0.0,0,0,0,0.0,0.0,0.0,0.0,0.0,0.0,0.0,0.0,0.0,0.0,0.0,0.0,0.0,0.0,0.0,0.0,0,-107875648.0,63,0.0,126,2.7184242562605685e+23,2.842318642297501e+23,ERR,ERR,ERR,ERR,ERR,ERR,ERR,ERR,ERR,ERR,ERR,ERR,ERR,ERR,ERR,ERR,ERR,ERR,ERR,ERR,ERR,ERR,ERR,ERR,ERR,ERR,ERR,ERR,ERR,ERR,ERR,ERR,ERR,ERR,ERR,ERR,ERR,ERR,ERR,ERR,ERR,ERR,ERR,ERR,ERR,ERR,ERR,ERR,ERR,ERR,ERR,ERR,ERR,ERR,ERR,ERR,ERR,ERR,ERR,ERR,ERR,ERR,ERR,ERR,ERR,ERR,ERR,34.0,80.0,35,0.0,0.0,0.0,0.0,0.0,0.0,0.0,0.0,0.0,0.0,0.0,0.0,0.0,0.0,0.0,0.0,64.4,0,116,56,49,65476,0,300,0,0,8,20529,65476,0,0,57672,80.0,0.0,0.0,0.0,0.0,0.0
2026-06-17T04:50:57,ERR,ERR,ERR,ERR,ERR,ERR,ERR,ERR,ERR,ERR,ERR,ERR,ERR,ERR,ERR,ERR,ERR,ERR,ERR,ERR,ERR,ERR,ERR,ERR,ERR,ERR,ERR,ERR,ERR,ERR,ERR,ERR,ERR,ERR,ERR,ERR,ERR,ERR,ERR,ERR,ERR,ERR,ERR,ERR,ERR,ERR,ERR,ERR,ERR,ERR,ERR,ERR,ERR,ERR,ERR,ERR,ERR,ERR,ERR,ERR,ERR,ERR,ERR,ERR,ERR,ERR,ERR,ERR,ERR,ERR,ERR,ERR,ERR,ERR,ERR,ERR,ERR,ERR,ERR,ERR,ERR,ERR,ERR,ERR,ERR,ERR,ERR,ERR,ERR,ERR,ERR,ERR,ERR,ERR,ERR,ERR,ERR,ERR,ERR,ERR,ERR,ERR,ERR,ERR,ERR,ERR,ERR,ERR,ERR,ERR,ERR,ERR,ERR,ERR,ERR,ERR,ERR,ERR,ERR,ERR,ERR,ERR,ERR,ERR,ERR,0.0,-0.0,3.028208139652935e+23,0.0,0.0,1.3936040501711995e+18,7.805,0.0,0,0,4,0,7300,-0.0,0,0.0,0.0,0.0,0.0,0.0,0,0,0,0,0.0,0,0,0,0,0,0,0,0,0,0,0,0,0,0,0,0,0,0,0,0,0,0,0,0,0,0,0,0,0,0,0,0,0,32,30,30,62,65476,0,300,0,0,8,21553,0.0,-107605600.0,0.0,0.0,0.0,0.0,0.0,0.0,0.0,0.0,0.0,0.0,0.0,0.0,0.0,0.0,0.0,0.0,0.0,0.0,0.0,0.0,-0.0,-2.004,2.004,2.004,0.0,0.0,0.0,0.0,5490.0,-564146840010752.0,6939.0,0.0,-0.0,-0.0,0.0,0.0,0.0,0.0,0.0,63,-4.9504266636054534e+32,-4.950408868217389e+32,0.0,0.0,0.0,0.0,0.0,0.0,0.0,0,0,0,0.0,0.0,0.0,0.0,0.0,0.0,0.0,0.0,0.0,0.0,0.0,0.0,0.0,0.0,0.0,0.0,0,-107875648.0,63,0.0,126,2.7184242562605685e+23,2.842318642297501e+23,ERR,ERR,ERR,ERR,ERR,ERR,ERR,ERR,ERR,ERR,ERR,ERR,ERR,ERR,ERR,ERR,ERR,ERR,ERR,ERR,ERR,ERR,ERR,ERR,ERR,ERR,ERR,ERR,ERR,ERR,ERR,ERR,ERR,ERR,ERR,ERR,ERR,ERR,ERR,ERR,ERR,ERR,ERR,ERR,ERR,ERR,ERR,ERR,ERR,ERR,ERR,ERR,ERR,ERR,ERR,ERR,ERR,ERR,ERR,ERR,ERR,ERR,ERR,ERR,ERR,ERR,ERR,34.0,80.0,35,0.0,0.0,0.0,0.0,0.0,0.0,0.0,0.0,0.0,0.0,0.0,0.0,0.0,0.0,0.0,0.0,64.4,0,116,56,49,65476,0,300,0,0,8,20529,65476,0,0,57672,80.0,0.0,0.0,0.0,0.0,0.0
2026-06-17T04:50:58,ERR,ERR,ERR,ERR,ERR,ERR,ERR,ERR,ERR,ERR,ERR,ERR,ERR,ERR,ERR,ERR,ERR,ERR,ERR,ERR,ERR,ERR,ERR,ERR,ERR,ERR,ERR,ERR,ERR,ERR,ERR,ERR,ERR,ERR,ERR,ERR,ERR,ERR,ERR,ERR,ERR,ERR,ERR,ERR,ERR,ERR,ERR,ERR,ERR,ERR,ERR,ERR,ERR,ERR,ERR,ERR,ERR,ERR,ERR,ERR,ERR,ERR,ERR,ERR,ERR,ERR,ERR,ERR,ERR,ERR,ERR,ERR,ERR,ERR,ERR,ERR,ERR,ERR,ERR,ERR,ERR,ERR,ERR,ERR,ERR,ERR,ERR,ERR,ERR,ERR,ERR,ERR,ERR,ERR,ERR,ERR,ERR,ERR,ERR,ERR,ERR,ERR,ERR,ERR,ERR,ERR,ERR,ERR,ERR,ERR,ERR,ERR,ERR,ERR,ERR,ERR,ERR,ERR,ERR,ERR,ERR,ERR,ERR,ERR,ERR,0.0,-0.0,3.028208139652935e+23,0.0,0.0,1.3936040501711995e+18,7.805,0.0,0,0,4,0,7300,-0.0,0,0.0,0.0,0.0,0.0,0.0,0,0,0,0,0.0,0,0,0,0,0,0,0,0,0,0,0,0,0,0,0,0,0,0,0,0,0,0,0,0,0,0,0,0,0,0,0,0,0,32,30,30,62,65476,0,300,0,0,8,21553,0.0,-107605600.0,0.0,0.0,0.0,0.0,0.0,0.0,0.0,0.0,0.0,0.0,0.0,0.0,0.0,0.0,0.0,0.0,0.0,0.0,0.0,0.0,-0.0,-2.004,2.004,2.004,0.0,0.0,0.0,0.0,5490.0,-564146840010752.0,6939.0,0.0,-0.0,-0.0,0.0,0.0,0.0,0.0,0.0,63,-4.9504266636054534e+32,-4.950408868217389e+32,0.0,0.0,0.0,0.0,0.0,0.0,0.0,0,0,0,0.0,0.0,0.0,0.0,0.0,0.0,0.0,0.0,0.0,0.0,0.0,0.0,0.0,0.0,0.0,0.0,0,-107875648.0,63,0.0,126,2.7184242562605685e+23,2.842318642297501e+23,ERR,ERR,ERR,ERR,ERR,ERR,ERR,ERR,ERR,ERR,ERR,ERR,ERR,ERR,ERR,ERR,ERR,ERR,ERR,ERR,ERR,ERR,ERR,ERR,ERR,ERR,ERR,ERR,ERR,ERR,ERR,ERR,ERR,ERR,ERR,ERR,ERR,ERR,ERR,ERR,ERR,ERR,ERR,ERR,ERR,ERR,ERR,ERR,ERR,ERR,ERR,ERR,ERR,ERR,ERR,ERR,ERR,ERR,ERR,ERR,ERR,ERR,ERR,ERR,ERR,ERR,ERR,34.0,80.0,35,0.0,0.0,0.0,0.0,0.0,0.0,0.0,0.0,0.0,0.0,0.0,0.0,0.0,0.0,0.0,0.0,64.4,0,116,56,49,65476,0,300,0,0,8,20529,65476,0,0,57672,80.0,0.0,0.0,0.0,0.0,0.0
2026-06-17T04:50:59,ERR,ERR,ERR,ERR,ERR,ERR,ERR,ERR,ERR,ERR,ERR,ERR,ERR,ERR,ERR,ERR,ERR,ERR,ERR,ERR,ERR,ERR,ERR,ERR,ERR,ERR,ERR,ERR,ERR,ERR,ERR,ERR,ERR,ERR,ERR,ERR,ERR,ERR,ERR,ERR,ERR,ERR,ERR,ERR,ERR,ERR,ERR,ERR,ERR,ERR,ERR,ERR,ERR,ERR,ERR,ERR,ERR,ERR,ERR,ERR,ERR,ERR,ERR,ERR,ERR,ERR,ERR,ERR,ERR,ERR,ERR,ERR,ERR,ERR,ERR,ERR,ERR,ERR,ERR,ERR,ERR,ERR,ERR,ERR,ERR,ERR,ERR,ERR,ERR,ERR,ERR,ERR,ERR,ERR,ERR,ERR,ERR,ERR,ERR,ERR,ERR,ERR,ERR,ERR,ERR,ERR,ERR,ERR,ERR,ERR,ERR,ERR,ERR,ERR,ERR,ERR,ERR,ERR,ERR,ERR,ERR,ERR,ERR,ERR,ERR,0.0,-0.0,3.028208139652935e+23,0.0,0.0,1.3936040501711995e+18,7.805,0.0,0,0,4,0,7300,-0.0,0,0.0,0.0,0.0,0.0,0.0,0,0,0,0,0.0,0,0,0,0,0,0,0,0,0,0,0,0,0,0,0,0,0,0,0,0,0,0,0,0,0,0,0,0,0,0,0,0,0,32,30,30,62,65476,0,300,0,0,8,21553,0.0,-107605600.0,0.0,0.0,0.0,0.0,0.0,0.0,0.0,0.0,0.0,0.0,0.0,0.0,0.0,0.0,0.0,0.0,0.0,0.0,0.0,0.0,-0.0,-2.004,2.004,2.004,0.0,0.0,0.0,0.0,5490.0,-564146840010752.0,6939.0,0.0,-0.0,-0.0,0.0,0.0,0.0,0.0,0.0,63,-4.9504266636054534e+32,-4.950408868217389e+32,0.0,0.0,0.0,0.0,0.0,0.0,0.0,0,0,0,0.0,0.0,0.0,0.0,0.0,0.0,0.0,0.0,0.0,0.0,0.0,0.0,0.0,0.0,0.0,0.0,0,-107875648.0,63,0.0,126,2.7184242562605685e+23,2.842318642297501e+23,ERR,ERR,ERR,ERR,ERR,ERR,ERR,ERR,ERR,ERR,ERR,ERR,ERR,ERR,ERR,ERR,ERR,ERR,ERR,ERR,ERR,ERR,ERR,ERR,ERR,ERR,ERR,ERR,ERR,ERR,ERR,ERR,ERR,ERR,ERR,ERR,ERR,ERR,ERR,ERR,ERR,ERR,ERR,ERR,ERR,ERR,ERR,ERR,ERR,ERR,ERR,ERR,ERR,ERR,ERR,ERR,ERR,ERR,ERR,ERR,ERR,ERR,ERR,ERR,ERR,ERR,ERR,34.0,80.0,35,0.0,0.0,0.0,0.0,0.0,0.0,0.0,0.0,0.0,0.0,0.0,0.0,0.0,0.0,0.0,0.0,64.4,0,116,56,49,65476,0,300,0,0,8,20529,65476,0,0,57672,80.0,0.0,0.0,0.0,0.0,0.0
2026-06-17T04:51:00,ERR,ERR,ERR,ERR,ERR,ERR,ERR,ERR,ERR,ERR,ERR,ERR,ERR,ERR,ERR,ERR,ERR,ERR,ERR,ERR,ERR,ERR,ERR,ERR,ERR,ERR,ERR,ERR,ERR,ERR,ERR,ERR,ERR,ERR,ERR,ERR,ERR,ERR,ERR,ERR,ERR,ERR,ERR,ERR,ERR,ERR,ERR,ERR,ERR,ERR,ERR,ERR,ERR,ERR,ERR,ERR,ERR,ERR,ERR,ERR,ERR,ERR,ERR,ERR,ERR,ERR,ERR,ERR,ERR,ERR,ERR,ERR,ERR,ERR,ERR,ERR,ERR,ERR,ERR,ERR,ERR,ERR,ERR,ERR,ERR,ERR,ERR,ERR,ERR,ERR,ERR,ERR,ERR,ERR,ERR,ERR,ERR,ERR,ERR,ERR,ERR,ERR,ERR,ERR,ERR,ERR,ERR,ERR,ERR,ERR,ERR,ERR,ERR,ERR,ERR,ERR,ERR,ERR,ERR,ERR,ERR,ERR,ERR,ERR,ERR,0.0,-0.0,3.028208139652935e+23,0.0,0.0,1.3936040501711995e+18,7.805,0.0,0,0,4,0,7300,-0.0,0,0.0,0.0,0.0,0.0,0.0,0,0,0,0,0.0,0,0,0,0,0,0,0,0,0,0,0,0,0,0,0,0,0,0,0,0,0,0,0,0,0,0,0,0,0,0,0,0,0,32,30,30,62,65476,0,300,0,0,8,21553,0.0,-107605600.0,0.0,0.0,0.0,0.0,0.0,0.0,0.0,0.0,0.0,0.0,0.0,0.0,0.0,0.0,0.0,0.0,0.0,0.0,0.0,0.0,-0.0,-2.004,2.004,2.004,0.0,0.0,0.0,0.0,5522.0,0.0,6913.0,0.0,-0.0,-0.0,0.0,0.0,0.0,0.0,0.0,63,-4.9504266636054534e+32,0.0,0.0,0.0,0.0,0.0,0.0,0.0,0.0,0,0,0,0.0,0.0,0.0,0.0,0.0,0.0,0.0,0.0,0.0,0.0,0.0,0.0,0.0,0.0,0.0,0.0,0,-107875648.0,63,0.0,126,2.7184242562605685e+23,2.842318642297501e+23,ERR,ERR,ERR,ERR,ERR,ERR,ERR,ERR,ERR,ERR,ERR,ERR,ERR,ERR,ERR,ERR,ERR,ERR,ERR,ERR,ERR,ERR,ERR,ERR,ERR,ERR,ERR,ERR,ERR,ERR,ERR,ERR,ERR,ERR,ERR,ERR,ERR,ERR,ERR,ERR,ERR,ERR,ERR,ERR,ERR,ERR,ERR,ERR,ERR,ERR,ERR,ERR,ERR,ERR,ERR,ERR,ERR,ERR,ERR,ERR,ERR,ERR,ERR,ERR,ERR,ERR,ERR,34.0,80.0,35,0.0,0.0,0.0,0.0,0.0,0.0,0.0,0.0,0.0,0.0,0.0,0.0,0.0,0.0,0.0,0.0,64.4,0,116,56,49,65476,0,300,0,0,8,20529,65476,0,0,57672,80.0,0.0,0.0,0.0,0.0,0.0
2026-06-17T04:51:01,ERR,ERR,ERR,ERR,ERR,ERR,ERR,ERR,ERR,ERR,ERR,ERR,ERR,ERR,ERR,ERR,ERR,ERR,ERR,ERR,ERR,ERR,ERR,ERR,ERR,ERR,ERR,ERR,ERR,ERR,ERR,ERR,ERR,ERR,ERR,ERR,ERR,ERR,ERR,ERR,ERR,ERR,ERR,ERR,ERR,ERR,ERR,ERR,ERR,ERR,ERR,ERR,ERR,ERR,ERR,ERR,ERR,ERR,ERR,ERR,ERR,ERR,ERR,ERR,ERR,ERR,ERR,ERR,ERR,ERR,ERR,ERR,ERR,ERR,ERR,ERR,ERR,ERR,ERR,ERR,ERR,ERR,ERR,ERR,ERR,ERR,ERR,ERR,ERR,ERR,ERR,ERR,ERR,ERR,ERR,ERR,ERR,ERR,ERR,ERR,ERR,ERR,ERR,ERR,ERR,ERR,ERR,ERR,ERR,ERR,ERR,ERR,ERR,ERR,ERR,ERR,ERR,ERR,ERR,ERR,ERR,ERR,ERR,ERR,ERR,0.0,-0.0,3.028208139652935e+23,0.0,0.0,1.3936040501711995e+18,7.805,0.0,0,0,4,0,7300,-0.0,0,0.0,0.0,0.0,0.0,0.0,0,0,0,0,0.0,0,0,0,0,0,0,0,0,0,0,0,0,0,0,0,0,0,0,0,0,0,0,0,0,0,0,0,0,0,0,0,0,0,32,30,30,62,65476,0,300,0,0,8,21553,0.0,-107605600.0,0.0,0.0,0.0,0.0,0.0,0.0,0.0,0.0,0.0,0.0,0.0,0.0,0.0,0.0,0.0,0.0,0.0,0.0,0.0,0.0,-0.0,-2.004,2.004,2.004,0.0,0.0,0.0,0.0,5522.0,0.0,6913.0,0.0,-0.0,-0.0,0.0,0.0,0.0,0.0,0.0,63,-4.9504266636054534e+32,0.0,0.0,0.0,0.0,0.0,0.0,0.0,0.0,0,0,0,0.0,0.0,0.0,0.0,0.0,0.0,0.0,0.0,0.0,0.0,0.0,0.0,0.0,0.0,0.0,0.0,0,-107875648.0,63,0.0,126,2.7184242562605685e+23,2.842318642297501e+23,ERR,ERR,ERR,ERR,ERR,ERR,ERR,ERR,ERR,ERR,ERR,ERR,ERR,ERR,ERR,ERR,ERR,ERR,ERR,ERR,ERR,ERR,ERR,ERR,ERR,ERR,ERR,ERR,ERR,ERR,ERR,ERR,ERR,ERR,ERR,ERR,ERR,ERR,ERR,ERR,ERR,ERR,ERR,ERR,ERR,ERR,ERR,ERR,ERR,ERR,ERR,ERR,ERR,ERR,ERR,ERR,ERR,ERR,ERR,ERR,ERR,ERR,ERR,ERR,ERR,ERR,ERR,34.0,80.0,35,0.0,0.0,0.0,0.0,0.0,0.0,0.0,0.0,0.0,0.0,0.0,0.0,0.0,0.0,0.0,0.0,64.4,0,116,56,49,65476,0,300,0,0,8,20529,65476,0,0,57672,80.0,0.0,0.0,0.0,0.0,0.0
2026-06-17T04:51:02,ERR,ERR,ERR,ERR,ERR,ERR,ERR,ERR,ERR,ERR,ERR,ERR,ERR,ERR,ERR,ERR,ERR,ERR,ERR,ERR,ERR,ERR,ERR,ERR,ERR,ERR,ERR,ERR,ERR,ERR,ERR,ERR,ERR,ERR,ERR,ERR,ERR,ERR,ERR,ERR,ERR,ERR,ERR,ERR,ERR,ERR,ERR,ERR,ERR,ERR,ERR,ERR,ERR,ERR,ERR,ERR,ERR,ERR,ERR,ERR,ERR,ERR,ERR,ERR,ERR,ERR,ERR,ERR,ERR,ERR,ERR,ERR,ERR,ERR,ERR,ERR,ERR,ERR,ERR,ERR,ERR,ERR,ERR,ERR,ERR,ERR,ERR,ERR,ERR,ERR,ERR,ERR,ERR,ERR,ERR,ERR,ERR,ERR,ERR,ERR,ERR,ERR,ERR,ERR,ERR,ERR,ERR,ERR,ERR,ERR,ERR,ERR,ERR,ERR,ERR,ERR,ERR,ERR,ERR,ERR,ERR,ERR,ERR,ERR,ERR,0.0,-0.0,3.028208139652935e+23,0.0,0.0,1.3936040501711995e+18,7.805,0.0,0,0,4,0,7300,-0.0,0,0.0,0.0,0.0,0.0,0.0,0,0,0,0,0.0,0,0,0,0,0,0,0,0,0,0,0,0,0,0,0,0,0,0,0,0,0,0,0,0,0,0,0,0,0,0,0,0,0,32,30,30,62,65476,0,300,0,0,8,21553,0.0,-107605600.0,0.0,0.0,0.0,0.0,0.0,0.0,0.0,0.0,0.0,0.0,0.0,0.0,0.0,0.0,0.0,0.0,0.0,0.0,0.0,0.0,-0.0,-2.004,2.004,2.004,0.0,0.0,0.0,0.0,5522.0,0.0,6913.0,0.0,-0.0,-0.0,0.0,0.0,0.0,0.0,0.0,63,-4.9504266636054534e+32,0.0,0.0,0.0,0.0,0.0,0.0,0.0,0.0,0,0,0,0.0,0.0,0.0,0.0,0.0,0.0,0.0,0.0,0.0,0.0,0.0,0.0,0.0,0.0,0.0,0.0,0,-107875648.0,63,0.0,126,2.7184242562605685e+23,2.842318642297501e+23,ERR,ERR,ERR,ERR,ERR,ERR,ERR,ERR,ERR,ERR,ERR,ERR,ERR,ERR,ERR,ERR,ERR,ERR,ERR,ERR,ERR,ERR,ERR,ERR,ERR,ERR,ERR,ERR,ERR,ERR,ERR,ERR,ERR,ERR,ERR,ERR,ERR,ERR,ERR,ERR,ERR,ERR,ERR,ERR,ERR,ERR,ERR,ERR,ERR,ERR,ERR,ERR,ERR,ERR,ERR,ERR,ERR,ERR,ERR,ERR,ERR,ERR,ERR,ERR,ERR,ERR,ERR,34.0,80.0,35,0.0,0.0,0.0,0.0,0.0,0.0,0.0,0.0,0.0,0.0,0.0,0.0,0.0,0.0,0.0,0.0,64.4,0,116,56,49,65476,0,300,0,0,8,20529,65476,0,0,57672,80.0,0.0,0.0,0.0,0.0,0.0
2026-06-17T04:51:03,ERR,ERR,ERR,ERR,ERR,ERR,ERR,ERR,ERR,ERR,ERR,ERR,ERR,ERR,ERR,ERR,ERR,ERR,ERR,ERR,ERR,ERR,ERR,ERR,ERR,ERR,ERR,ERR,ERR,ERR,ERR,ERR,ERR,ERR,ERR,ERR,ERR,ERR,ERR,ERR,ERR,ERR,ERR,ERR,ERR,ERR,ERR,ERR,ERR,ERR,ERR,ERR,ERR,ERR,ERR,ERR,ERR,ERR,ERR,ERR,ERR,ERR,ERR,ERR,ERR,ERR,ERR,ERR,ERR,ERR,ERR,ERR,ERR,ERR,ERR,ERR,ERR,ERR,ERR,ERR,ERR,ERR,ERR,ERR,ERR,ERR,ERR,ERR,ERR,ERR,ERR,ERR,ERR,ERR,ERR,ERR,ERR,ERR,ERR,ERR,ERR,ERR,ERR,ERR,ERR,ERR,ERR,ERR,ERR,ERR,ERR,ERR,ERR,ERR,ERR,ERR,ERR,ERR,ERR,ERR,ERR,ERR,ERR,ERR,ERR,0.0,-0.0,3.028208139652935e+23,0.0,0.0,1.3936040501711995e+18,7.805,0.0,0,0,4,0,7300,-0.0,0,0.0,0.0,0.0,0.0,0.0,0,0,0,0,0.0,0,0,0,0,0,0,0,0,0,0,0,0,0,0,0,0,0,0,0,0,0,0,0,0,0,0,0,0,0,0,0,0,0,32,30,30,62,65476,0,300,0,0,8,21553,0.0,-107605600.0,0.0,0.0,0.0,0.0,0.0,0.0,0.0,0.0,0.0,0.0,0.0,0.0,0.0,0.0,0.0,0.0,0.0,0.0,0.0,0.0,-0.0,-2.004,2.004,2.004,0.0,0.0,0.0,0.0,5522.0,0.0,6913.0,0.0,-0.0,-0.0,0.0,0.0,0.0,0.0,0.0,63,-4.9504266636054534e+32,0.0,0.0,0.0,0.0,0.0,0.0,0.0,0.0,0,0,0,0.0,0.0,0.0,0.0,0.0,0.0,0.0,0.0,0.0,0.0,0.0,0.0,0.0,0.0,0.0,0.0,0,-107875648.0,63,0.0,126,2.7184242562605685e+23,2.842318642297501e+23,ERR,ERR,ERR,ERR,ERR,ERR,ERR,ERR,ERR,ERR,ERR,ERR,ERR,ERR,ERR,ERR,ERR,ERR,ERR,ERR,ERR,ERR,ERR,ERR,ERR,ERR,ERR,ERR,ERR,ERR,ERR,ERR,ERR,ERR,ERR,ERR,ERR,ERR,ERR,ERR,ERR,ERR,ERR,ERR,ERR,ERR,ERR,ERR,ERR,ERR,ERR,ERR,ERR,ERR,ERR,ERR,ERR,ERR,ERR,ERR,ERR,ERR,ERR,ERR,ERR,ERR,ERR,34.0,80.0,35,0.0,0.0,0.0,0.0,0.0,0.0,0.0,0.0,0.0,0.0,0.0,0.0,0.0,0.0,0.0,0.0,64.4,0,116,56,49,65476,0,300,0,0,8,20529,65476,0,0,57672,80.0,0.0,0.0,0.0,0.0,0.0
2026-06-17T04:51:04,ERR,ERR,ERR,ERR,ERR,ERR,ERR,ERR,ERR,ERR,ERR,ERR,ERR,ERR,ERR,ERR,ERR,ERR,ERR,ERR,ERR,ERR,ERR,ERR,ERR,ERR,ERR,ERR,ERR,ERR,ERR,ERR,ERR,ERR,ERR,ERR,ERR,ERR,ERR,ERR,ERR,ERR,ERR,ERR,ERR,ERR,ERR,ERR,ERR,ERR,ERR,ERR,ERR,ERR,ERR,ERR,ERR,ERR,ERR,ERR,ERR,ERR,ERR,ERR,ERR,ERR,ERR,ERR,ERR,ERR,ERR,ERR,ERR,ERR,ERR,ERR,ERR,ERR,ERR,ERR,ERR,ERR,ERR,ERR,ERR,ERR,ERR,ERR,ERR,ERR,ERR,ERR,ERR,ERR,ERR,ERR,ERR,ERR,ERR,ERR,ERR,ERR,ERR,ERR,ERR,ERR,ERR,ERR,ERR,ERR,ERR,ERR,ERR,ERR,ERR,ERR,ERR,ERR,ERR,ERR,ERR,ERR,ERR,ERR,ERR,0.0,-0.0,3.028208139652935e+23,0.0,0.0,1.3936040501711995e+18,7.805,0.0,0,0,4,0,7300,-0.0,0,0.0,0.0,0.0,0.0,0.0,0,0,0,0,0.0,0,0,0,0,0,0,0,0,0,0,0,0,0,0,0,0,0,0,0,0,0,0,0,0,0,0,0,0,0,0,0,0,0,32,30,30,62,65476,0,300,0,0,8,21553,0.0,-107605600.0,0.0,0.0,0.0,0.0,0.0,0.0,0.0,0.0,0.0,0.0,0.0,0.0,0.0,0.0,0.0,0.0,0.0,0.0,0.0,0.0,-0.0,-2.004,2.004,2.004,0.0,0.0,0.0,0.0,5522.0,0.0,6913.0,0.0,-0.0,-0.0,0.0,0.0,0.0,0.0,0.0,63,-4.9504266636054534e+32,0.0,0.0,0.0,0.0,0.0,0.0,0.0,0.0,0,0,0,0.0,0.0,0.0,0.0,0.0,0.0,0.0,0.0,0.0,0.0,0.0,0.0,0.0,0.0,0.0,0.0,0,-107875648.0,63,0.0,126,2.7184242562605685e+23,2.842318642297501e+23,ERR,ERR,ERR,ERR,ERR,ERR,ERR,ERR,ERR,ERR,ERR,ERR,ERR,ERR,ERR,ERR,ERR,ERR,ERR,ERR,ERR,ERR,ERR,ERR,ERR,ERR,ERR,ERR,ERR,ERR,ERR,ERR,ERR,ERR,ERR,ERR,ERR,ERR,ERR,ERR,ERR,ERR,ERR,ERR,ERR,ERR,ERR,ERR,ERR,ERR,ERR,ERR,ERR,ERR,ERR,ERR,ERR,ERR,ERR,ERR,ERR,ERR,ERR,ERR,ERR,ERR,ERR,34.0,80.0,35,0.0,0.0,0.0,0.0,0.0,0.0,0.0,0.0,0.0,0.0,0.0,0.0,0.0,0.0,0.0,0.0,64.4,0,116,56,49,65476,0,300,0,0,8,20529,65476,0,0,57672,80.0,0.0,0.0,0.0,0.0,0.0
2026-06-17T04:51:05,ERR,ERR,ERR,ERR,ERR,ERR,ERR,ERR,ERR,ERR,ERR,ERR,ERR,ERR,ERR,ERR,ERR,ERR,ERR,ERR,ERR,ERR,ERR,ERR,ERR,ERR,ERR,ERR,ERR,ERR,ERR,ERR,ERR,ERR,ERR,ERR,ERR,ERR,ERR,ERR,ERR,ERR,ERR,ERR,ERR,ERR,ERR,ERR,ERR,ERR,ERR,ERR,ERR,ERR,ERR,ERR,ERR,ERR,ERR,ERR,ERR,ERR,ERR,ERR,ERR,ERR,ERR,ERR,ERR,ERR,ERR,ERR,ERR,ERR,ERR,ERR,ERR,ERR,ERR,ERR,ERR,ERR,ERR,ERR,ERR,ERR,ERR,ERR,ERR,ERR,ERR,ERR,ERR,ERR,ERR,ERR,ERR,ERR,ERR,ERR,ERR,ERR,ERR,ERR,ERR,ERR,ERR,ERR,ERR,ERR,ERR,ERR,ERR,ERR,ERR,ERR,ERR,ERR,ERR,ERR,ERR,ERR,ERR,ERR,ERR,0.0,-0.0,-0.0,0.0,0.0,1.3936040501711995e+18,7.805,0.0,0,0,4,0,7300,-0.0,0,0.0,0.0,0.0,0.0,0.0,0,0,0,0,0.0,0,0,0,0,0,0,0,0,0,0,0,0,0,0,0,0,0,0,0,0,0,0,0,0,0,0,0,0,0,0,0,0,0,32,30,30,62,65476,0,300,0,0,8,21553,0.0,-107605600.0,0.0,0.0,0.0,0.0,0.0,0.0,0.0,0.0,0.0,0.0,0.0,0.0,0.0,0.0,0.0,0.0,0.0,0.0,0.0,0.0,2.004,-2.004,2.004,2.004,0.0,0.0,0.0,0.0,5522.0,2.4229925162183003e+24,6925.0,0.0,-0.0,-0.0,0.0,0.0,0.0,0.0,0.0,63,-4.9504266636054534e+32,-0.0,0.0,0.0,0.0,0.0,0.0,0.0,0.0,0,0,0,0.0,0.0,0.0,0.0,0.0,0.0,0.0,0.0,0.0,0.0,0.0,0.0,0.0,0.0,0.0,0.0,0,-107875648.0,63,0.0,126,2.7184242562605685e+23,2.842318642297501e+23,ERR,ERR,ERR,ERR,ERR,ERR,ERR,ERR,ERR,ERR,ERR,ERR,ERR,ERR,ERR,ERR,ERR,ERR,ERR,ERR,ERR,ERR,ERR,ERR,ERR,ERR,ERR,ERR,ERR,ERR,ERR,ERR,ERR,ERR,ERR,ERR,ERR,ERR,ERR,ERR,ERR,ERR,ERR,ERR,ERR,ERR,ERR,ERR,ERR,ERR,ERR,ERR,ERR,ERR,ERR,ERR,ERR,ERR,ERR,ERR,ERR,ERR,ERR,ERR,ERR,ERR,ERR,34.0,80.0,35,0.0,0.0,0.0,0.0,0.0,0.0,0.0,0.0,0.0,0.0,0.0,0.0,0.0,0.0,0.0,0.0,64.4,0,116,56,49,65476,0,300,0,0,8,20529,65476,0,0,57672,80.0,0.0,0.0,0.0,0.0,0.0
2026-06-17T04:51:06,ERR,ERR,ERR,ERR,ERR,ERR,ERR,ERR,ERR,ERR,ERR,ERR,ERR,ERR,ERR,ERR,ERR,ERR,ERR,ERR,ERR,ERR,ERR,ERR,ERR,ERR,ERR,ERR,ERR,ERR,ERR,ERR,ERR,ERR,ERR,ERR,ERR,ERR,ERR,ERR,ERR,ERR,ERR,ERR,ERR,ERR,ERR,ERR,ERR,ERR,ERR,ERR,ERR,ERR,ERR,ERR,ERR,ERR,ERR,ERR,ERR,ERR,ERR,ERR,ERR,ERR,ERR,ERR,ERR,ERR,ERR,ERR,ERR,ERR,ERR,ERR,ERR,ERR,ERR,ERR,ERR,ERR,ERR,ERR,ERR,ERR,ERR,ERR,ERR,ERR,ERR,ERR,ERR,ERR,ERR,ERR,ERR,ERR,ERR,ERR,ERR,ERR,ERR,ERR,ERR,ERR,ERR,ERR,ERR,ERR,ERR,ERR,ERR,ERR,ERR,ERR,ERR,ERR,ERR,ERR,ERR,ERR,ERR,ERR,ERR,0.0,-0.0,-0.0,0.0,0.0,1.3936040501711995e+18,7.805,0.0,0,0,4,0,7300,-0.0,0,0.0,0.0,0.0,0.0,0.0,0,0,0,0,0.0,0,0,0,0,0,0,0,0,0,0,0,0,0,0,0,0,0,0,0,0,0,0,0,0,0,0,0,0,0,0,0,0,0,32,30,30,62,65476,0,300,0,0,8,21553,0.0,-107605600.0,0.0,0.0,0.0,0.0,0.0,0.0,0.0,0.0,0.0,0.0,0.0,0.0,0.0,0.0,0.0,0.0,0.0,0.0,0.0,0.0,2.004,-2.004,2.004,2.004,0.0,0.0,0.0,0.0,5522.0,2.4229925162183003e+24,6925.0,0.0,-0.0,-0.0,0.0,0.0,0.0,0.0,0.0,63,-4.9504266636054534e+32,-0.0,0.0,0.0,0.0,0.0,0.0,0.0,0.0,0,0,0,0.0,0.0,0.0,0.0,0.0,0.0,0.0,0.0,0.0,0.0,0.0,0.0,0.0,0.0,0.0,0.0,0,-107875648.0,63,0.0,126,2.7184242562605685e+23,2.842318642297501e+23,ERR,ERR,ERR,ERR,ERR,ERR,ERR,ERR,ERR,ERR,ERR,ERR,ERR,ERR,ERR,ERR,ERR,ERR,ERR,ERR,ERR,ERR,ERR,ERR,ERR,ERR,ERR,ERR,ERR,ERR,ERR,ERR,ERR,ERR,ERR,ERR,ERR,ERR,ERR,ERR,ERR,ERR,ERR,ERR,ERR,ERR,ERR,ERR,ERR,ERR,ERR,ERR,ERR,ERR,ERR,ERR,ERR,ERR,ERR,ERR,ERR,ERR,ERR,ERR,ERR,ERR,ERR,34.0,80.0,35,0.0,0.0,0.0,0.0,0.0,0.0,0.0,0.0,0.0,0.0,0.0,0.0,0.0,0.0,0.0,0.0,64.4,0,116,56,49,65476,0,300,0,0,8,20529,65476,0,0,57672,80.0,0.0,0.0,0.0,0.0,0.0
2026-06-17T04:51:07,ERR,ERR,ERR,ERR,ERR,ERR,ERR,ERR,ERR,ERR,ERR,ERR,ERR,ERR,ERR,ERR,ERR,ERR,ERR,ERR,ERR,ERR,ERR,ERR,ERR,ERR,ERR,ERR,ERR,ERR,ERR,ERR,ERR,ERR,ERR,ERR,ERR,ERR,ERR,ERR,ERR,ERR,ERR,ERR,ERR,ERR,ERR,ERR,ERR,ERR,ERR,ERR,ERR,ERR,ERR,ERR,ERR,ERR,ERR,ERR,ERR,ERR,ERR,ERR,ERR,ERR,ERR,ERR,ERR,ERR,ERR,ERR,ERR,ERR,ERR,ERR,ERR,ERR,ERR,ERR,ERR,ERR,ERR,ERR,ERR,ERR,ERR,ERR,ERR,ERR,ERR,ERR,ERR,ERR,ERR,ERR,ERR,ERR,ERR,ERR,ERR,ERR,ERR,ERR,ERR,ERR,ERR,ERR,ERR,ERR,ERR,ERR,ERR,ERR,ERR,ERR,ERR,ERR,ERR,ERR,ERR,ERR,ERR,ERR,ERR,0.0,-0.0,-0.0,0.0,0.0,1.3936040501711995e+18,7.805,0.0,0,0,4,0,7300,-0.0,0,0.0,0.0,0.0,0.0,0.0,0,0,0,0,0.0,0,0,0,0,0,0,0,0,0,0,0,0,0,0,0,0,0,0,0,0,0,0,0,0,0,0,0,0,0,0,0,0,0,32,30,30,62,65476,0,300,0,0,8,21553,0.0,-107605600.0,0.0,0.0,0.0,0.0,0.0,0.0,0.0,0.0,0.0,0.0,0.0,0.0,0.0,0.0,0.0,0.0,0.0,0.0,0.0,0.0,2.004,-2.004,2.004,2.004,0.0,0.0,0.0,0.0,5522.0,2.4229925162183003e+24,6925.0,0.0,-0.0,-0.0,0.0,0.0,0.0,0.0,0.0,63,-4.9504266636054534e+32,-0.0,0.0,0.0,0.0,0.0,0.0,0.0,0.0,0,0,0,0.0,0.0,0.0,0.0,0.0,0.0,0.0,0.0,0.0,0.0,0.0,0.0,0.0,0.0,0.0,0.0,0,-107875648.0,63,0.0,126,2.7184242562605685e+23,2.842318642297501e+23,ERR,ERR,ERR,ERR,ERR,ERR,ERR,ERR,ERR,ERR,ERR,ERR,ERR,ERR,ERR,ERR,ERR,ERR,ERR,ERR,ERR,ERR,ERR,ERR,ERR,ERR,ERR,ERR,ERR,ERR,ERR,ERR,ERR,ERR,ERR,ERR,ERR,ERR,ERR,ERR,ERR,ERR,ERR,ERR,ERR,ERR,ERR,ERR,ERR,ERR,ERR,ERR,ERR,ERR,ERR,ERR,ERR,ERR,ERR,ERR,ERR,ERR,ERR,ERR,ERR,ERR,ERR,34.0,80.0,35,0.0,0.0,0.0,0.0,0.0,0.0,0.0,0.0,0.0,0.0,0.0,0.0,0.0,0.0,0.0,0.0,64.4,0,116,56,49,65476,0,300,0,0,8,20529,65476,0,0,57672,80.0,0.0,0.0,0.0,0.0,0.0
2026-06-17T04:51:08,ERR,ERR,ERR,ERR,ERR,ERR,ERR,ERR,ERR,ERR,ERR,ERR,ERR,ERR,ERR,ERR,ERR,ERR,ERR,ERR,ERR,ERR,ERR,ERR,ERR,ERR,ERR,ERR,ERR,ERR,ERR,ERR,ERR,ERR,ERR,ERR,ERR,ERR,ERR,ERR,ERR,ERR,ERR,ERR,ERR,ERR,ERR,ERR,ERR,ERR,ERR,ERR,ERR,ERR,ERR,ERR,ERR,ERR,ERR,ERR,ERR,ERR,ERR,ERR,ERR,ERR,ERR,ERR,ERR,ERR,ERR,ERR,ERR,ERR,ERR,ERR,ERR,ERR,ERR,ERR,ERR,ERR,ERR,ERR,ERR,ERR,ERR,ERR,ERR,ERR,ERR,ERR,ERR,ERR,ERR,ERR,ERR,ERR,ERR,ERR,ERR,ERR,ERR,ERR,ERR,ERR,ERR,ERR,ERR,ERR,ERR,ERR,ERR,ERR,ERR,ERR,ERR,ERR,ERR,ERR,ERR,ERR,ERR,ERR,ERR,0.0,-0.0,-0.0,0.0,0.0,1.3936040501711995e+18,7.805,0.0,0,0,4,0,7300,-0.0,0,0.0,0.0,0.0,0.0,0.0,0,0,0,0,0.0,0,0,0,0,0,0,0,0,0,0,0,0,0,0,0,0,0,0,0,0,0,0,0,0,0,0,0,0,0,0,0,0,0,32,30,30,62,65476,0,300,0,0,8,21553,0.0,-107605600.0,0.0,0.0,0.0,0.0,0.0,0.0,0.0,0.0,0.0,0.0,0.0,0.0,0.0,0.0,0.0,0.0,0.0,0.0,0.0,0.0,2.004,-2.004,2.004,2.004,0.0,0.0,0.0,0.0,5522.0,2.4229925162183003e+24,6925.0,0.0,-0.0,-0.0,0.0,0.0,0.0,0.0,0.0,63,-4.9504266636054534e+32,-0.0,0.0,0.0,0.0,0.0,0.0,0.0,0.0,0,0,0,0.0,0.0,0.0,0.0,0.0,0.0,0.0,0.0,0.0,0.0,0.0,0.0,0.0,0.0,0.0,0.0,0,-107875648.0,63,0.0,126,2.7184242562605685e+23,2.842318642297501e+23,ERR,ERR,ERR,ERR,ERR,ERR,ERR,ERR,ERR,ERR,ERR,ERR,ERR,ERR,ERR,ERR,ERR,ERR,ERR,ERR,ERR,ERR,ERR,ERR,ERR,ERR,ERR,ERR,ERR,ERR,ERR,ERR,ERR,ERR,ERR,ERR,ERR,ERR,ERR,ERR,ERR,ERR,ERR,ERR,ERR,ERR,ERR,ERR,ERR,ERR,ERR,ERR,ERR,ERR,ERR,ERR,ERR,ERR,ERR,ERR,ERR,ERR,ERR,ERR,ERR,ERR,ERR,34.0,80.0,35,0.0,0.0,0.0,0.0,0.0,0.0,0.0,0.0,0.0,0.0,0.0,0.0,0.0,0.0,0.0,0.0,64.4,0,116,56,49,65476,0,300,0,0,8,20529,65476,0,0,57672,80.0,0.0,0.0,0.0,0.0,0.0
2026-06-17T04:51:09,ERR,ERR,ERR,ERR,ERR,ERR,ERR,ERR,ERR,ERR,ERR,ERR,ERR,ERR,ERR,ERR,ERR,ERR,ERR,ERR,ERR,ERR,ERR,ERR,ERR,ERR,ERR,ERR,ERR,ERR,ERR,ERR,ERR,ERR,ERR,ERR,ERR,ERR,ERR,ERR,ERR,ERR,ERR,ERR,ERR,ERR,ERR,ERR,ERR,ERR,ERR,ERR,ERR,ERR,ERR,ERR,ERR,ERR,ERR,ERR,ERR,ERR,ERR,ERR,ERR,ERR,ERR,ERR,ERR,ERR,ERR,ERR,ERR,ERR,ERR,ERR,ERR,ERR,ERR,ERR,ERR,ERR,ERR,ERR,ERR,ERR,ERR,ERR,ERR,ERR,ERR,ERR,ERR,ERR,ERR,ERR,ERR,ERR,ERR,ERR,ERR,ERR,ERR,ERR,ERR,ERR,ERR,ERR,ERR,ERR,ERR,ERR,ERR,ERR,ERR,ERR,ERR,ERR,ERR,ERR,ERR,ERR,ERR,ERR,ERR,0.0,-0.0,-0.0,0.0,0.0,1.3936040501711995e+18,7.805,0.0,0,0,4,0,7300,-0.0,0,0.0,0.0,0.0,0.0,0.0,0,0,0,0,0.0,0,0,0,0,0,0,0,0,0,0,0,0,0,0,0,0,0,0,0,0,0,0,0,0,0,0,0,0,0,0,0,0,0,32,30,30,62,65476,0,300,0,0,8,21553,0.0,-107605600.0,0.0,0.0,0.0,0.0,0.0,0.0,0.0,0.0,0.0,0.0,0.0,0.0,0.0,0.0,0.0,0.0,0.0,0.0,0.0,0.0,2.004,-2.004,2.004,2.004,0.0,0.0,0.0,0.0,5522.0,2.4229925162183003e+24,6925.0,0.0,-0.0,-0.0,0.0,0.0,0.0,0.0,0.0,63,-4.9504266636054534e+32,-0.0,0.0,0.0,0.0,0.0,0.0,0.0,0.0,0,0,0,0.0,0.0,0.0,0.0,0.0,0.0,0.0,0.0,0.0,0.0,0.0,0.0,0.0,0.0,0.0,0.0,0,-107875648.0,63,0.0,126,2.7184242562605685e+23,2.842318642297501e+23,ERR,ERR,ERR,ERR,ERR,ERR,ERR,ERR,ERR,ERR,ERR,ERR,ERR,ERR,ERR,ERR,ERR,ERR,ERR,ERR,ERR,ERR,ERR,ERR,ERR,ERR,ERR,ERR,ERR,ERR,ERR,ERR,ERR,ERR,ERR,ERR,ERR,ERR,ERR,ERR,ERR,ERR,ERR,ERR,ERR,ERR,ERR,ERR,ERR,ERR,ERR,ERR,ERR,ERR,ERR,ERR,ERR,ERR,ERR,ERR,ERR,ERR,ERR,ERR,ERR,ERR,ERR,34.0,80.0,35,0.0,0.0,0.0,0.0,0.0,0.0,0.0,0.0,0.0,0.0,0.0,0.0,0.0,0.0,0.0,0.0,64.4,0,116,56,49,65476,0,300,0,0,8,20529,65476,0,0,57672,80.0,0.0,0.0,0.0,0.0,0.0
2026-06-17T04:51:10,ERR,ERR,ERR,ERR,ERR,ERR,ERR,ERR,ERR,ERR,ERR,ERR,ERR,ERR,ERR,ERR,ERR,ERR,ERR,ERR,ERR,ERR,ERR,ERR,ERR,ERR,ERR,ERR,ERR,ERR,ERR,ERR,ERR,ERR,ERR,ERR,ERR,ERR,ERR,ERR,ERR,ERR,ERR,ERR,ERR,ERR,ERR,ERR,ERR,ERR,ERR,ERR,ERR,ERR,ERR,ERR,ERR,ERR,ERR,ERR,ERR,ERR,ERR,ERR,ERR,ERR,ERR,ERR,ERR,ERR,ERR,ERR,ERR,ERR,ERR,ERR,ERR,ERR,ERR,ERR,ERR,ERR,ERR,ERR,ERR,ERR,ERR,ERR,ERR,ERR,ERR,ERR,ERR,ERR,ERR,ERR,ERR,ERR,ERR,ERR,ERR,ERR,ERR,ERR,ERR,ERR,ERR,ERR,ERR,ERR,ERR,ERR,ERR,ERR,ERR,ERR,ERR,ERR,ERR,ERR,ERR,ERR,ERR,ERR,ERR,0.0,-0.0,3.028208139652935e+23,0.0,0.0,1.3936040501711995e+18,7.805,0.0,0,0,4,0,7300,-0.0,0,0.0,0.0,0.0,0.0,0.0,0,0,0,0,0.0,0,0,0,0,0,0,0,0,0,0,0,0,0,0,0,0,0,0,0,0,0,0,0,0,0,0,0,0,0,0,0,0,0,32,30,30,62,65476,0,300,0,0,8,21553,0.0,-107605600.0,0.0,0.0,0.0,0.0,0.0,0.0,0.0,0.0,0.0,0.0,0.0,0.0,0.0,0.0,0.0,0.0,0.0,0.0,0.0,0.0,2.004,-2.004,2.004,2.004,0.0,0.0,0.0,0.0,5522.0,-0.0,6933.0,0.0,-0.0,-0.0,0.0,0.0,0.0,0.0,0.0,63,-4.9504266636054534e+32,0.0,0.0,0.0,0.0,0.0,0.0,0.0,0.0,0,0,0,0.0,0.0,0.0,0.0,0.0,0.0,0.0,0.0,0.0,0.0,0.0,0.0,0.0,0.0,0.0,0.0,0,-107875648.0,63,0.0,126,2.7184242562605685e+23,2.842318642297501e+23,ERR,ERR,ERR,ERR,ERR,ERR,ERR,ERR,ERR,ERR,ERR,ERR,ERR,ERR,ERR,ERR,ERR,ERR,ERR,ERR,ERR,ERR,ERR,ERR,ERR,ERR,ERR,ERR,ERR,ERR,ERR,ERR,ERR,ERR,ERR,ERR,ERR,ERR,ERR,ERR,ERR,ERR,ERR,ERR,ERR,ERR,ERR,ERR,ERR,ERR,ERR,ERR,ERR,ERR,ERR,ERR,ERR,ERR,ERR,ERR,ERR,ERR,ERR,ERR,ERR,ERR,ERR,34.0,80.0,35,0.0,0.0,0.0,0.0,0.0,0.0,0.0,0.0,0.0,0.0,0.0,0.0,0.0,0.0,0.0,0.0,64.8,0,116,56,49,65476,0,300,0,0,8,20529,65476,0,0,57672,80.0,0.0,0.0,0.0,0.0,0.0
2026-06-17T04:51:11,ERR,ERR,ERR,ERR,ERR,ERR,ERR,ERR,ERR,ERR,ERR,ERR,ERR,ERR,ERR,ERR,ERR,ERR,ERR,ERR,ERR,ERR,ERR,ERR,ERR,ERR,ERR,ERR,ERR,ERR,ERR,ERR,ERR,ERR,ERR,ERR,ERR,ERR,ERR,ERR,ERR,ERR,ERR,ERR,ERR,ERR,ERR,ERR,ERR,ERR,ERR,ERR,ERR,ERR,ERR,ERR,ERR,ERR,ERR,ERR,ERR,ERR,ERR,ERR,ERR,ERR,ERR,ERR,ERR,ERR,ERR,ERR,ERR,ERR,ERR,ERR,ERR,ERR,ERR,ERR,ERR,ERR,ERR,ERR,ERR,ERR,ERR,ERR,ERR,ERR,ERR,ERR,ERR,ERR,ERR,ERR,ERR,ERR,ERR,ERR,ERR,ERR,ERR,ERR,ERR,ERR,ERR,ERR,ERR,ERR,ERR,ERR,ERR,ERR,ERR,ERR,ERR,ERR,ERR,ERR,ERR,ERR,ERR,ERR,ERR,0.0,-0.0,3.028208139652935e+23,0.0,0.0,1.3936040501711995e+18,7.805,0.0,0,0,4,0,7300,-0.0,0,0.0,0.0,0.0,0.0,0.0,0,0,0,0,0.0,0,0,0,0,0,0,0,0,0,0,0,0,0,0,0,0,0,0,0,0,0,0,0,0,0,0,0,0,0,0,0,0,0,32,30,30,62,65476,0,300,0,0,8,21553,0.0,-107605600.0,0.0,0.0,0.0,0.0,0.0,0.0,0.0,0.0,0.0,0.0,0.0,0.0,0.0,0.0,0.0,0.0,0.0,0.0,0.0,0.0,2.004,-2.004,2.004,2.004,0.0,0.0,0.0,0.0,5522.0,-0.0,6933.0,0.0,-0.0,-0.0,0.0,0.0,0.0,0.0,0.0,63,-4.9504266636054534e+32,0.0,0.0,0.0,0.0,0.0,0.0,0.0,0.0,0,0,0,0.0,0.0,0.0,0.0,0.0,0.0,0.0,0.0,0.0,0.0,0.0,0.0,0.0,0.0,0.0,0.0,0,-107875648.0,63,0.0,126,2.7184242562605685e+23,2.842318642297501e+23,ERR,ERR,ERR,ERR,ERR,ERR,ERR,ERR,ERR,ERR,ERR,ERR,ERR,ERR,ERR,ERR,ERR,ERR,ERR,ERR,ERR,ERR,ERR,ERR,ERR,ERR,ERR,ERR,ERR,ERR,ERR,ERR,ERR,ERR,ERR,ERR,ERR,ERR,ERR,ERR,ERR,ERR,ERR,ERR,ERR,ERR,ERR,ERR,ERR,ERR,ERR,ERR,ERR,ERR,ERR,ERR,ERR,ERR,ERR,ERR,ERR,ERR,ERR,ERR,ERR,ERR,ERR,34.0,80.0,35,0.0,0.0,0.0,0.0,0.0,0.0,0.0,0.0,0.0,0.0,0.0,0.0,0.0,0.0,0.0,0.0,64.4,0,116,56,49,65476,0,300,0,0,8,20529,65476,0,0,57672,80.0,0.0,0.0,0.0,0.0,0.0
2026-06-17T04:51:12,ERR,ERR,ERR,ERR,ERR,ERR,ERR,ERR,ERR,ERR,ERR,ERR,ERR,ERR,ERR,ERR,ERR,ERR,ERR,ERR,ERR,ERR,ERR,ERR,ERR,ERR,ERR,ERR,ERR,ERR,ERR,ERR,ERR,ERR,ERR,ERR,ERR,ERR,ERR,ERR,ERR,ERR,ERR,ERR,ERR,ERR,ERR,ERR,ERR,ERR,ERR,ERR,ERR,ERR,ERR,ERR,ERR,ERR,ERR,ERR,ERR,ERR,ERR,ERR,ERR,ERR,ERR,ERR,ERR,ERR,ERR,ERR,ERR,ERR,ERR,ERR,ERR,ERR,ERR,ERR,ERR,ERR,ERR,ERR,ERR,ERR,ERR,ERR,ERR,ERR,ERR,ERR,ERR,ERR,ERR,ERR,ERR,ERR,ERR,ERR,ERR,ERR,ERR,ERR,ERR,ERR,ERR,ERR,ERR,ERR,ERR,ERR,ERR,ERR,ERR,ERR,ERR,ERR,ERR,ERR,ERR,ERR,ERR,ERR,ERR,0.0,-0.0,3.028208139652935e+23,0.0,0.0,1.3936040501711995e+18,7.805,0.0,0,0,4,0,7300,-0.0,0,0.0,0.0,0.0,0.0,0.0,0,0,0,0,0.0,0,0,0,0,0,0,0,0,0,0,0,0,0,0,0,0,0,0,0,0,0,0,0,0,0,0,0,0,0,0,0,0,0,32,30,30,62,65476,0,300,0,0,8,21553,0.0,-107605600.0,0.0,0.0,0.0,0.0,0.0,0.0,0.0,0.0,0.0,0.0,0.0,0.0,0.0,0.0,0.0,0.0,0.0,0.0,0.0,0.0,2.004,-2.004,2.004,2.004,0.0,0.0,0.0,0.0,5522.0,-0.0,6933.0,0.0,-0.0,-0.0,0.0,0.0,0.0,0.0,0.0,63,-4.9504266636054534e+32,0.0,0.0,0.0,0.0,0.0,0.0,0.0,0.0,0,0,0,0.0,0.0,0.0,0.0,0.0,0.0,0.0,0.0,0.0,0.0,0.0,0.0,0.0,0.0,0.0,0.0,0,-107875648.0,63,0.0,126,2.7184242562605685e+23,2.842318642297501e+23,ERR,ERR,ERR,ERR,ERR,ERR,ERR,ERR,ERR,ERR,ERR,ERR,ERR,ERR,ERR,ERR,ERR,ERR,ERR,ERR,ERR,ERR,ERR,ERR,ERR,ERR,ERR,ERR,ERR,ERR,ERR,ERR,ERR,ERR,ERR,ERR,ERR,ERR,ERR,ERR,ERR,ERR,ERR,ERR,ERR,ERR,ERR,ERR,ERR,ERR,ERR,ERR,ERR,ERR,ERR,ERR,ERR,ERR,ERR,ERR,ERR,ERR,ERR,ERR,ERR,ERR,ERR,34.0,80.0,35,0.0,0.0,0.0,0.0,0.0,0.0,0.0,0.0,0.0,0.0,0.0,0.0,0.0,0.0,0.0,0.0,64.4,0,116,56,49,65476,0,300,0,0,8,20529,65476,0,0,57672,80.0,0.0,0.0,0.0,0.0,0.0
2026-06-17T04:51:13,ERR,ERR,ERR,ERR,ERR,ERR,ERR,ERR,ERR,ERR,ERR,ERR,ERR,ERR,ERR,ERR,ERR,ERR,ERR,ERR,ERR,ERR,ERR,ERR,ERR,ERR,ERR,ERR,ERR,ERR,ERR,ERR,ERR,ERR,ERR,ERR,ERR,ERR,ERR,ERR,ERR,ERR,ERR,ERR,ERR,ERR,ERR,ERR,ERR,ERR,ERR,ERR,ERR,ERR,ERR,ERR,ERR,ERR,ERR,ERR,ERR,ERR,ERR,ERR,ERR,ERR,ERR,ERR,ERR,ERR,ERR,ERR,ERR,ERR,ERR,ERR,ERR,ERR,ERR,ERR,ERR,ERR,ERR,ERR,ERR,ERR,ERR,ERR,ERR,ERR,ERR,ERR,ERR,ERR,ERR,ERR,ERR,ERR,ERR,ERR,ERR,ERR,ERR,ERR,ERR,ERR,ERR,ERR,ERR,ERR,ERR,ERR,ERR,ERR,ERR,ERR,ERR,ERR,ERR,ERR,ERR,ERR,ERR,ERR,ERR,0.0,-0.0,3.028208139652935e+23,0.0,0.0,1.3936040501711995e+18,7.805,0.0,0,0,4,0,7300,-0.0,0,0.0,0.0,0.0,0.0,0.0,0,0,0,0,0.0,0,0,0,0,0,0,0,0,0,0,0,0,0,0,0,0,0,0,0,0,0,0,0,0,0,0,0,0,0,0,0,0,0,32,30,30,62,65476,0,300,0,0,8,21553,0.0,-107605600.0,0.0,0.0,0.0,0.0,0.0,0.0,0.0,0.0,0.0,0.0,0.0,0.0,0.0,0.0,0.0,0.0,0.0,0.0,0.0,0.0,2.004,-2.004,2.004,2.004,0.0,0.0,0.0,0.0,5522.0,-0.0,6933.0,0.0,-0.0,-0.0,0.0,0.0,0.0,0.0,0.0,63,-4.9504266636054534e+32,0.0,0.0,0.0,0.0,0.0,0.0,0.0,0.0,0,0,0,0.0,0.0,0.0,0.0,0.0,0.0,0.0,0.0,0.0,0.0,0.0,0.0,0.0,0.0,0.0,0.0,0,-107875648.0,63,0.0,126,2.7184242562605685e+23,2.842318642297501e+23,ERR,ERR,ERR,ERR,ERR,ERR,ERR,ERR,ERR,ERR,ERR,ERR,ERR,ERR,ERR,ERR,ERR,ERR,ERR,ERR,ERR,ERR,ERR,ERR,ERR,ERR,ERR,ERR,ERR,ERR,ERR,ERR,ERR,ERR,ERR,ERR,ERR,ERR,ERR,ERR,ERR,ERR,ERR,ERR,ERR,ERR,ERR,ERR,ERR,ERR,ERR,ERR,ERR,ERR,ERR,ERR,ERR,ERR,ERR,ERR,ERR,ERR,ERR,ERR,ERR,ERR,ERR,34.0,80.0,35,0.0,0.0,0.0,0.0,0.0,0.0,0.0,0.0,0.0,0.0,0.0,0.0,0.0,0.0,0.0,0.0,64.4,0,116,56,49,65476,0,300,0,0,8,20529,65476,0,0,57672,80.0,0.0,0.0,0.0,0.0,0.0
2026-06-17T04:51:14,ERR,ERR,ERR,ERR,ERR,ERR,ERR,ERR,ERR,ERR,ERR,ERR,ERR,ERR,ERR,ERR,ERR,ERR,ERR,ERR,ERR,ERR,ERR,ERR,ERR,ERR,ERR,ERR,ERR,ERR,ERR,ERR,ERR,ERR,ERR,ERR,ERR,ERR,ERR,ERR,ERR,ERR,ERR,ERR,ERR,ERR,ERR,ERR,ERR,ERR,ERR,ERR,ERR,ERR,ERR,ERR,ERR,ERR,ERR,ERR,ERR,ERR,ERR,ERR,ERR,ERR,ERR,ERR,ERR,ERR,ERR,ERR,ERR,ERR,ERR,ERR,ERR,ERR,ERR,ERR,ERR,ERR,ERR,ERR,ERR,ERR,ERR,ERR,ERR,ERR,ERR,ERR,ERR,ERR,ERR,ERR,ERR,ERR,ERR,ERR,ERR,ERR,ERR,ERR,ERR,ERR,ERR,ERR,ERR,ERR,ERR,ERR,ERR,ERR,ERR,ERR,ERR,ERR,ERR,ERR,ERR,ERR,ERR,ERR,ERR,0.0,-0.0,3.028208139652935e+23,0.0,0.0,1.3936040501711995e+18,7.805,0.0,0,0,4,0,7300,-0.0,0,0.0,0.0,0.0,0.0,0.0,0,0,0,0,0.0,0,0,0,0,0,0,0,0,0,0,0,0,0,0,0,0,0,0,0,0,0,0,0,0,0,0,0,0,0,0,0,0,0,32,30,30,62,65476,0,300,0,0,8,21553,0.0,-107605600.0,0.0,0.0,0.0,0.0,0.0,0.0,0.0,0.0,0.0,0.0,0.0,0.0,0.0,0.0,0.0,0.0,0.0,0.0,0.0,0.0,2.004,-2.004,2.004,2.004,0.0,0.0,0.0,0.0,5522.0,-0.0,6933.0,0.0,-0.0,-0.0,0.0,0.0,0.0,0.0,0.0,63,-4.9504266636054534e+32,0.0,0.0,0.0,0.0,0.0,0.0,0.0,0.0,0,0,0,0.0,0.0,0.0,0.0,0.0,0.0,0.0,0.0,0.0,0.0,0.0,0.0,0.0,0.0,0.0,0.0,0,-107875648.0,63,0.0,126,2.7184242562605685e+23,2.842318642297501e+23,ERR,ERR,ERR,ERR,ERR,ERR,ERR,ERR,ERR,ERR,ERR,ERR,ERR,ERR,ERR,ERR,ERR,ERR,ERR,ERR,ERR,ERR,ERR,ERR,ERR,ERR,ERR,ERR,ERR,ERR,ERR,ERR,ERR,ERR,ERR,ERR,ERR,ERR,ERR,ERR,ERR,ERR,ERR,ERR,ERR,ERR,ERR,ERR,ERR,ERR,ERR,ERR,ERR,ERR,ERR,ERR,ERR,ERR,ERR,ERR,ERR,ERR,ERR,ERR,ERR,ERR,ERR,34.0,80.0,35,0.0,0.0,0.0,0.0,0.0,0.0,0.0,0.0,0.0,0.0,0.0,0.0,0.0,0.0,0.0,0.0,64.4,0,116,56,49,65476,0,300,0,0,8,20529,65476,0,0,57672,80.0,0.0,0.0,0.0,0.0,0.0
2026-06-17T04:51:15,ERR,ERR,ERR,ERR,ERR,ERR,ERR,ERR,ERR,ERR,ERR,ERR,ERR,ERR,ERR,ERR,ERR,ERR,ERR,ERR,ERR,ERR,ERR,ERR,ERR,ERR,ERR,ERR,ERR,ERR,ERR,ERR,ERR,ERR,ERR,ERR,ERR,ERR,ERR,ERR,ERR,ERR,ERR,ERR,ERR,ERR,ERR,ERR,ERR,ERR,ERR,ERR,ERR,ERR,ERR,ERR,ERR,ERR,ERR,ERR,ERR,ERR,ERR,ERR,ERR,ERR,ERR,ERR,ERR,ERR,ERR,ERR,ERR,ERR,ERR,ERR,ERR,ERR,ERR,ERR,ERR,ERR,ERR,ERR,ERR,ERR,ERR,ERR,ERR,ERR,ERR,ERR,ERR,ERR,ERR,ERR,ERR,ERR,ERR,ERR,ERR,ERR,ERR,ERR,ERR,ERR,ERR,ERR,ERR,ERR,ERR,ERR,ERR,ERR,ERR,ERR,ERR,ERR,ERR,ERR,ERR,ERR,ERR,ERR,ERR,0.0,-0.0,-0.0,0.0,0.0,1.3936040501711995e+18,7.805,0.0,0,0,4,0,7300,-0.0,0,0.0,0.0,0.0,0.0,0.0,0,0,0,0,0.0,0,0,0,0,0,0,0,0,0,0,0,0,0,0,0,0,0,0,0,0,0,0,0,0,0,0,0,0,0,0,0,0,0,32,30,30,62,65476,0,300,0,0,8,21553,0.0,-107605600.0,0.0,0.0,0.0,0.0,0.0,0.0,0.0,0.0,0.0,0.0,0.0,0.0,0.0,0.0,0.0,0.0,0.0,0.0,0.0,0.0,2.004,-2.004,2.004,2.004,0.0,0.0,0.0,0.0,5522.0,-131350.688,6937.0,0.0,-0.0,-0.0,0.0,0.0,0.0,0.0,0.0,63,-4.9504266636054534e+32,0.0,0.0,0.0,0.0,0.0,0.0,0.0,0.0,0,0,0,0.0,0.0,0.0,0.0,0.0,0.0,0.0,0.0,0.0,0.0,0.0,0.0,0.0,0.0,0.0,0.0,0,-107875648.0,63,0.0,126,2.7184242562605685e+23,2.842318642297501e+23,ERR,ERR,ERR,ERR,ERR,ERR,ERR,ERR,ERR,ERR,ERR,ERR,ERR,ERR,ERR,ERR,ERR,ERR,ERR,ERR,ERR,ERR,ERR,ERR,ERR,ERR,ERR,ERR,ERR,ERR,ERR,ERR,ERR,ERR,ERR,ERR,ERR,ERR,ERR,ERR,ERR,ERR,ERR,ERR,ERR,ERR,ERR,ERR,ERR,ERR,ERR,ERR,ERR,ERR,ERR,ERR,ERR,ERR,ERR,ERR,ERR,ERR,ERR,ERR,ERR,ERR,ERR,34.0,80.0,35,0.0,0.0,0.0,0.0,0.0,0.0,0.0,0.0,0.0,0.0,0.0,0.0,0.0,0.0,0.0,0.0,64.4,0,116,56,49,65476,0,300,0,0,8,20529,65476,0,0,57672,80.0,0.0,0.0,0.0,0.0,0.0
2026-06-17T04:51:16,ERR,ERR,ERR,ERR,ERR,ERR,ERR,ERR,ERR,ERR,ERR,ERR,ERR,ERR,ERR,ERR,ERR,ERR,ERR,ERR,ERR,ERR,ERR,ERR,ERR,ERR,ERR,ERR,ERR,ERR,ERR,ERR,ERR,ERR,ERR,ERR,ERR,ERR,ERR,ERR,ERR,ERR,ERR,ERR,ERR,ERR,ERR,ERR,ERR,ERR,ERR,ERR,ERR,ERR,ERR,ERR,ERR,ERR,ERR,ERR,ERR,ERR,ERR,ERR,ERR,ERR,ERR,ERR,ERR,ERR,ERR,ERR,ERR,ERR,ERR,ERR,ERR,ERR,ERR,ERR,ERR,ERR,ERR,ERR,ERR,ERR,ERR,ERR,ERR,ERR,ERR,ERR,ERR,ERR,ERR,ERR,ERR,ERR,ERR,ERR,ERR,ERR,ERR,ERR,ERR,ERR,ERR,ERR,ERR,ERR,ERR,ERR,ERR,ERR,ERR,ERR,ERR,ERR,ERR,ERR,ERR,ERR,ERR,ERR,ERR,0.0,-0.0,-0.0,0.0,0.0,1.3936040501711995e+18,7.805,0.0,0,0,4,0,7300,-0.0,0,0.0,0.0,0.0,0.0,0.0,0,0,0,0,0.0,0,0,0,0,0,0,0,0,0,0,0,0,0,0,0,0,0,0,0,0,0,0,0,0,0,0,0,0,0,0,0,0,0,32,30,30,62,65476,0,300,0,0,8,21553,0.0,-107605600.0,0.0,0.0,0.0,0.0,0.0,0.0,0.0,0.0,0.0,0.0,0.0,0.0,0.0,0.0,0.0,0.0,0.0,0.0,0.0,0.0,2.004,-2.004,2.004,2.004,0.0,0.0,0.0,0.0,5522.0,-131350.688,6937.0,0.0,-0.0,-0.0,0.0,0.0,0.0,0.0,0.0,63,-4.9504266636054534e+32,0.0,0.0,0.0,0.0,0.0,0.0,0.0,0.0,0,0,0,0.0,0.0,0.0,0.0,0.0,0.0,0.0,0.0,0.0,0.0,0.0,0.0,0.0,0.0,0.0,0.0,0,-107875648.0,63,0.0,126,2.7184242562605685e+23,2.842318642297501e+23,ERR,ERR,ERR,ERR,ERR,ERR,ERR,ERR,ERR,ERR,ERR,ERR,ERR,ERR,ERR,ERR,ERR,ERR,ERR,ERR,ERR,ERR,ERR,ERR,ERR,ERR,ERR,ERR,ERR,ERR,ERR,ERR,ERR,ERR,ERR,ERR,ERR,ERR,ERR,ERR,ERR,ERR,ERR,ERR,ERR,ERR,ERR,ERR,ERR,ERR,ERR,ERR,ERR,ERR,ERR,ERR,ERR,ERR,ERR,ERR,ERR,ERR,ERR,ERR,ERR,ERR,ERR,34.0,80.0,35,0.0,0.0,0.0,0.0,0.0,0.0,0.0,0.0,0.0,0.0,0.0,0.0,0.0,0.0,0.0,0.0,64.4,0,116,56,49,65476,0,300,0,0,8,20529,65476,0,0,57672,80.0,0.0,0.0,0.0,0.0,0.0
2026-06-17T04:51:17,ERR,ERR,ERR,ERR,ERR,ERR,ERR,ERR,ERR,ERR,ERR,ERR,ERR,ERR,ERR,ERR,ERR,ERR,ERR,ERR,ERR,ERR,ERR,ERR,ERR,ERR,ERR,ERR,ERR,ERR,ERR,ERR,ERR,ERR,ERR,ERR,ERR,ERR,ERR,ERR,ERR,ERR,ERR,ERR,ERR,ERR,ERR,ERR,ERR,ERR,ERR,ERR,ERR,ERR,ERR,ERR,ERR,ERR,ERR,ERR,ERR,ERR,ERR,ERR,ERR,ERR,ERR,ERR,ERR,ERR,ERR,ERR,ERR,ERR,ERR,ERR,ERR,ERR,ERR,ERR,ERR,ERR,ERR,ERR,ERR,ERR,ERR,ERR,ERR,ERR,ERR,ERR,ERR,ERR,ERR,ERR,ERR,ERR,ERR,ERR,ERR,ERR,ERR,ERR,ERR,ERR,ERR,ERR,ERR,ERR,ERR,ERR,ERR,ERR,ERR,ERR,ERR,ERR,ERR,ERR,ERR,ERR,ERR,ERR,ERR,0.0,-0.0,-0.0,0.0,0.0,1.3936040501711995e+18,7.805,0.0,0,0,4,0,7300,-0.0,0,0.0,0.0,0.0,0.0,0.0,0,0,0,0,0.0,0,0,0,0,0,0,0,0,0,0,0,0,0,0,0,0,0,0,0,0,0,0,0,0,0,0,0,0,0,0,0,0,0,32,30,30,62,65476,0,300,0,0,8,21553,0.0,-107605600.0,0.0,0.0,0.0,0.0,0.0,0.0,0.0,0.0,0.0,0.0,0.0,0.0,0.0,0.0,0.0,0.0,0.0,0.0,0.0,0.0,2.004,-2.004,2.004,2.004,0.0,0.0,0.0,0.0,5522.0,-131350.688,6937.0,0.0,-0.0,-0.0,0.0,0.0,0.0,0.0,0.0,63,-4.9504266636054534e+32,0.0,0.0,0.0,0.0,0.0,0.0,0.0,0.0,0,0,0,0.0,0.0,0.0,0.0,0.0,0.0,0.0,0.0,0.0,0.0,0.0,0.0,0.0,0.0,0.0,0.0,0,-107875648.0,63,0.0,126,2.7184242562605685e+23,2.842318642297501e+23,ERR,ERR,ERR,ERR,ERR,ERR,ERR,ERR,ERR,ERR,ERR,ERR,ERR,ERR,ERR,ERR,ERR,ERR,ERR,ERR,ERR,ERR,ERR,ERR,ERR,ERR,ERR,ERR,ERR,ERR,ERR,ERR,ERR,ERR,ERR,ERR,ERR,ERR,ERR,ERR,ERR,ERR,ERR,ERR,ERR,ERR,ERR,ERR,ERR,ERR,ERR,ERR,ERR,ERR,ERR,ERR,ERR,ERR,ERR,ERR,ERR,ERR,ERR,ERR,ERR,ERR,ERR,34.0,80.0,35,0.0,0.0,0.0,0.0,0.0,0.0,0.0,0.0,0.0,0.0,0.0,0.0,0.0,0.0,0.0,0.0,64.4,0,116,56,49,65476,0,300,0,0,8,20529,65476,0,0,57672,80.0,0.0,0.0,0.0,0.0,0.0
2026-06-17T04:51:18,ERR,ERR,ERR,ERR,ERR,ERR,ERR,ERR,ERR,ERR,ERR,ERR,ERR,ERR,ERR,ERR,ERR,ERR,ERR,ERR,ERR,ERR,ERR,ERR,ERR,ERR,ERR,ERR,ERR,ERR,ERR,ERR,ERR,ERR,ERR,ERR,ERR,ERR,ERR,ERR,ERR,ERR,ERR,ERR,ERR,ERR,ERR,ERR,ERR,ERR,ERR,ERR,ERR,ERR,ERR,ERR,ERR,ERR,ERR,ERR,ERR,ERR,ERR,ERR,ERR,ERR,ERR,ERR,ERR,ERR,ERR,ERR,ERR,ERR,ERR,ERR,ERR,ERR,ERR,ERR,ERR,ERR,ERR,ERR,ERR,ERR,ERR,ERR,ERR,ERR,ERR,ERR,ERR,ERR,ERR,ERR,ERR,ERR,ERR,ERR,ERR,ERR,ERR,ERR,ERR,ERR,ERR,ERR,ERR,ERR,ERR,ERR,ERR,ERR,ERR,ERR,ERR,ERR,ERR,ERR,ERR,ERR,ERR,ERR,ERR,0.0,-0.0,-0.0,0.0,0.0,1.3936040501711995e+18,7.805,0.0,0,0,4,0,7300,-0.0,0,0.0,0.0,0.0,0.0,0.0,0,0,0,0,0.0,0,0,0,0,0,0,0,0,0,0,0,0,0,0,0,0,0,0,0,0,0,0,0,0,0,0,0,0,0,0,0,0,0,32,30,30,62,65476,0,300,0,0,8,21553,0.0,-107605600.0,0.0,0.0,0.0,0.0,0.0,0.0,0.0,0.0,0.0,0.0,0.0,0.0,0.0,0.0,0.0,0.0,0.0,0.0,0.0,0.0,2.004,-2.004,2.004,2.004,0.0,0.0,0.0,0.0,5522.0,-131350.688,6937.0,0.0,-0.0,-0.0,0.0,0.0,0.0,0.0,0.0,63,-4.9504266636054534e+32,0.0,0.0,0.0,0.0,0.0,0.0,0.0,0.0,0,0,0,0.0,0.0,0.0,0.0,0.0,0.0,0.0,0.0,0.0,0.0,0.0,0.0,0.0,0.0,0.0,0.0,0,-107875648.0,63,0.0,126,2.7184242562605685e+23,2.842318642297501e+23,ERR,ERR,ERR,ERR,ERR,ERR,ERR,ERR,ERR,ERR,ERR,ERR,ERR,ERR,ERR,ERR,ERR,ERR,ERR,ERR,ERR,ERR,ERR,ERR,ERR,ERR,ERR,ERR,ERR,ERR,ERR,ERR,ERR,ERR,ERR,ERR,ERR,ERR,ERR,ERR,ERR,ERR,ERR,ERR,ERR,ERR,ERR,ERR,ERR,ERR,ERR,ERR,ERR,ERR,ERR,ERR,ERR,ERR,ERR,ERR,ERR,ERR,ERR,ERR,ERR,ERR,ERR,34.0,80.0,35,0.0,0.0,0.0,0.0,0.0,0.0,0.0,0.0,0.0,0.0,0.0,0.0,0.0,0.0,0.0,0.0,64.8,0,116,56,49,65476,0,300,0,0,8,20529,65476,0,0,57672,80.0,0.0,0.0,0.0,0.0,0.0
2026-06-17T04:51:19,ERR,ERR,ERR,ERR,ERR,ERR,ERR,ERR,ERR,ERR,ERR,ERR,ERR,ERR,ERR,ERR,ERR,ERR,ERR,ERR,ERR,ERR,ERR,ERR,ERR,ERR,ERR,ERR,ERR,ERR,ERR,ERR,ERR,ERR,ERR,ERR,ERR,ERR,ERR,ERR,ERR,ERR,ERR,ERR,ERR,ERR,ERR,ERR,ERR,ERR,ERR,ERR,ERR,ERR,ERR,ERR,ERR,ERR,ERR,ERR,ERR,ERR,ERR,ERR,ERR,ERR,ERR,ERR,ERR,ERR,ERR,ERR,ERR,ERR,ERR,ERR,ERR,ERR,ERR,ERR,ERR,ERR,ERR,ERR,ERR,ERR,ERR,ERR,ERR,ERR,ERR,ERR,ERR,ERR,ERR,ERR,ERR,ERR,ERR,ERR,ERR,ERR,ERR,ERR,ERR,ERR,ERR,ERR,ERR,ERR,ERR,ERR,ERR,ERR,ERR,ERR,ERR,ERR,ERR,ERR,ERR,ERR,ERR,ERR,ERR,0.0,-0.0,-0.0,0.0,0.0,1.3936040501711995e+18,7.805,0.0,0,0,4,0,7300,-0.0,0,0.0,0.0,0.0,0.0,0.0,0,0,0,0,0.0,0,0,0,0,0,0,0,0,0,0,0,0,0,0,0,0,0,0,0,0,0,0,0,0,0,0,0,0,0,0,0,0,0,32,30,30,62,65476,0,300,0,0,8,21553,0.0,-107605600.0,0.0,0.0,0.0,0.0,0.0,0.0,0.0,0.0,0.0,0.0,0.0,0.0,0.0,0.0,0.0,0.0,0.0,0.0,0.0,0.0,2.004,-2.004,2.004,2.004,0.0,0.0,0.0,0.0,5522.0,-131350.688,6937.0,0.0,-0.0,-0.0,0.0,0.0,0.0,0.0,0.0,63,-4.9504266636054534e+32,0.0,0.0,0.0,0.0,0.0,0.0,0.0,0.0,0,0,0,0.0,0.0,0.0,0.0,0.0,0.0,0.0,0.0,0.0,0.0,0.0,0.0,0.0,0.0,0.0,0.0,0,-107875648.0,63,0.0,126,2.7184242562605685e+23,2.842318642297501e+23,ERR,ERR,ERR,ERR,ERR,ERR,ERR,ERR,ERR,ERR,ERR,ERR,ERR,ERR,ERR,ERR,ERR,ERR,ERR,ERR,ERR,ERR,ERR,ERR,ERR,ERR,ERR,ERR,ERR,ERR,ERR,ERR,ERR,ERR,ERR,ERR,ERR,ERR,ERR,ERR,ERR,ERR,ERR,ERR,ERR,ERR,ERR,ERR,ERR,ERR,ERR,ERR,ERR,ERR,ERR,ERR,ERR,ERR,ERR,ERR,ERR,ERR,ERR,ERR,ERR,ERR,ERR,34.0,80.0,35,0.0,0.0,0.0,0.0,0.0,0.0,0.0,0.0,0.0,0.0,0.0,0.0,0.0,0.0,0.0,0.0,64.8,0,116,56,49,65476,0,300,0,0,8,20529,65476,0,0,57672,80.0,0.0,0.0,0.0,0.0,0.0
2026-06-17T04:51:20,ERR,ERR,ERR,ERR,ERR,ERR,ERR,ERR,ERR,ERR,ERR,ERR,ERR,ERR,ERR,ERR,ERR,ERR,ERR,ERR,ERR,ERR,ERR,ERR,ERR,ERR,ERR,ERR,ERR,ERR,ERR,ERR,ERR,ERR,ERR,ERR,ERR,ERR,ERR,ERR,ERR,ERR,ERR,ERR,ERR,ERR,ERR,ERR,ERR,ERR,ERR,ERR,ERR,ERR,ERR,ERR,ERR,ERR,ERR,ERR,ERR,ERR,ERR,ERR,ERR,ERR,ERR,ERR,ERR,ERR,ERR,ERR,ERR,ERR,ERR,ERR,ERR,ERR,ERR,ERR,ERR,ERR,ERR,ERR,ERR,ERR,ERR,ERR,ERR,ERR,ERR,ERR,ERR,ERR,ERR,ERR,ERR,ERR,ERR,ERR,ERR,ERR,ERR,ERR,ERR,ERR,ERR,ERR,ERR,ERR,ERR,ERR,ERR,ERR,ERR,ERR,ERR,ERR,ERR,ERR,ERR,ERR,ERR,ERR,ERR,0.0,-0.0,-0.0,0.0,0.0,1.3936040501711995e+18,7.805,0.0,0,0,4,0,7300,-0.0,0,0.0,0.0,0.0,0.0,0.0,0,0,0,0,0.0,0,0,0,0,0,0,0,0,0,0,0,0,0,0,0,0,0,0,0,0,0,0,0,0,0,0,0,0,0,0,0,0,0,32,30,30,62,65476,0,300,0,0,8,21553,0.0,-107605600.0,0.0,0.0,0.0,0.0,0.0,0.0,0.0,0.0,0.0,0.0,0.0,0.0,0.0,0.0,0.0,0.0,0.0,0.0,0.0,0.0,2.004,-2.004,2.004,2.004,0.0,0.0,0.0,0.0,5522.0,-131350.688,6937.0,0.0,-0.0,-0.0,0.0,0.0,0.0,0.0,0.0,63,-4.9504266636054534e+32,0.0,0.0,0.0,0.0,0.0,0.0,0.0,0.0,0,0,0,0.0,0.0,0.0,0.0,0.0,0.0,0.0,0.0,0.0,0.0,0.0,0.0,0.0,0.0,0.0,0.0,0,-107875648.0,63,0.0,126,2.7184242562605685e+23,2.842318642297501e+23,ERR,ERR,ERR,ERR,ERR,ERR,ERR,ERR,ERR,ERR,ERR,ERR,ERR,ERR,ERR,ERR,ERR,ERR,ERR,ERR,ERR,ERR,ERR,ERR,ERR,ERR,ERR,ERR,ERR,ERR,ERR,ERR,ERR,ERR,ERR,ERR,ERR,ERR,ERR,ERR,ERR,ERR,ERR,ERR,ERR,ERR,ERR,ERR,ERR,ERR,ERR,ERR,ERR,ERR,ERR,ERR,ERR,ERR,ERR,ERR,ERR,ERR,ERR,ERR,ERR,ERR,ERR,34.0,80.0,35,0.0,0.0,0.0,0.0,0.0,0.0,0.0,0.0,0.0,0.0,0.0,0.0,0.0,0.0,0.0,0.0,64.4,0,116,56,49,65476,0,300,0,0,8,20529,65476,0,0,57672,80.0,0.0,0.0,0.0,0.0,0.0
2026-06-17T04:51:21,ERR,ERR,ERR,ERR,ERR,ERR,ERR,ERR,ERR,ERR,ERR,ERR,ERR,ERR,ERR,ERR,ERR,ERR,ERR,ERR,ERR,ERR,ERR,ERR,ERR,ERR,ERR,ERR,ERR,ERR,ERR,ERR,ERR,ERR,ERR,ERR,ERR,ERR,ERR,ERR,ERR,ERR,ERR,ERR,ERR,ERR,ERR,ERR,ERR,ERR,ERR,ERR,ERR,ERR,ERR,ERR,ERR,ERR,ERR,ERR,ERR,ERR,ERR,ERR,ERR,ERR,ERR,ERR,ERR,ERR,ERR,ERR,ERR,ERR,ERR,ERR,ERR,ERR,ERR,ERR,ERR,ERR,ERR,ERR,ERR,ERR,ERR,ERR,ERR,ERR,ERR,ERR,ERR,ERR,ERR,ERR,ERR,ERR,ERR,ERR,ERR,ERR,ERR,ERR,ERR,ERR,ERR,ERR,ERR,ERR,ERR,ERR,ERR,ERR,ERR,ERR,ERR,ERR,ERR,ERR,ERR,ERR,ERR,ERR,ERR,0.0,-0.0,3.028208139652935e+23,0.0,0.0,1.3936040501711995e+18,7.805,0.0,0,0,4,0,7300,-0.0,0,0.0,0.0,0.0,0.0,0.0,0,0,0,0,0.0,0,0,0,0,0,0,0,0,0,0,0,0,0,0,0,0,0,0,0,0,0,0,0,0,0,0,0,0,0,0,0,0,0,32,30,30,62,65476,0,300,0,0,8,21553,0.0,-107605600.0,0.0,0.0,0.0,0.0,0.0,0.0,0.0,0.0,0.0,0.0,0.0,0.0,0.0,0.0,0.0,0.0,0.0,0.0,0.0,0.0,2.004,-2.004,2.004,2.004,0.0,0.0,0.0,0.0,5522.0,-131350.688,6937.0,0.0,-0.0,-0.0,0.0,0.0,0.0,0.0,0.0,63,-4.9504266636054534e+32,0.0,0.0,0.0,0.0,0.0,0.0,0.0,0.0,0,0,0,0.0,0.0,0.0,0.0,0.0,0.0,0.0,0.0,0.0,0.0,0.0,0.0,0.0,0.0,0.0,0.0,0,-107875648.0,63,0.0,126,2.7184242562605685e+23,2.842318642297501e+23,ERR,ERR,ERR,ERR,ERR,ERR,ERR,ERR,ERR,ERR,ERR,ERR,ERR,ERR,ERR,ERR,ERR,ERR,ERR,ERR,ERR,ERR,ERR,ERR,ERR,ERR,ERR,ERR,ERR,ERR,ERR,ERR,ERR,ERR,ERR,ERR,ERR,ERR,ERR,ERR,ERR,ERR,ERR,ERR,ERR,ERR,ERR,ERR,ERR,ERR,ERR,ERR,ERR,ERR,ERR,ERR,ERR,ERR,ERR,ERR,ERR,ERR,ERR,ERR,ERR,ERR,ERR,34.0,80.0,35,0.0,0.0,0.0,0.0,0.0,0.0,0.0,0.0,0.0,0.0,0.0,0.0,0.0,0.0,0.0,0.0,64.4,0,116,56,49,65476,0,300,0,0,8,20529,65476,0,0,57672,80.0,0.0,0.0,0.0,0.0,0.0
2026-06-17T04:51:22,ERR,ERR,ERR,ERR,ERR,ERR,ERR,ERR,ERR,ERR,ERR,ERR,ERR,ERR,ERR,ERR,ERR,ERR,ERR,ERR,ERR,ERR,ERR,ERR,ERR,ERR,ERR,ERR,ERR,ERR,ERR,ERR,ERR,ERR,ERR,ERR,ERR,ERR,ERR,ERR,ERR,ERR,ERR,ERR,ERR,ERR,ERR,ERR,ERR,ERR,ERR,ERR,ERR,ERR,ERR,ERR,ERR,ERR,ERR,ERR,ERR,ERR,ERR,ERR,ERR,ERR,ERR,ERR,ERR,ERR,ERR,ERR,ERR,ERR,ERR,ERR,ERR,ERR,ERR,ERR,ERR,ERR,ERR,ERR,ERR,ERR,ERR,ERR,ERR,ERR,ERR,ERR,ERR,ERR,ERR,ERR,ERR,ERR,ERR,ERR,ERR,ERR,ERR,ERR,ERR,ERR,ERR,ERR,ERR,ERR,ERR,ERR,ERR,ERR,ERR,ERR,ERR,ERR,ERR,ERR,ERR,ERR,ERR,ERR,ERR,0.0,-0.0,3.028208139652935e+23,0.0,0.0,1.3936040501711995e+18,7.805,0.0,0,0,4,0,7300,-0.0,0,0.0,0.0,0.0,0.0,0.0,0,0,0,0,0.0,0,0,0,0,0,0,0,0,0,0,0,0,0,0,0,0,0,0,0,0,0,0,0,0,0,0,0,0,0,0,0,0,0,32,30,30,62,65476,0,300,0,0,8,21553,0.0,-107605600.0,0.0,0.0,0.0,0.0,0.0,0.0,0.0,0.0,0.0,0.0,0.0,0.0,0.0,0.0,0.0,0.0,0.0,0.0,0.0,0.0,2.004,-2.004,2.004,2.004,0.0,0.0,0.0,0.0,5522.0,-131350.688,6937.0,0.0,-0.0,-0.0,0.0,0.0,0.0,0.0,0.0,63,-4.9504266636054534e+32,0.0,0.0,0.0,0.0,0.0,0.0,0.0,0.0,0,0,0,0.0,0.0,0.0,0.0,0.0,0.0,0.0,0.0,0.0,0.0,0.0,0.0,0.0,0.0,0.0,0.0,0,-107875648.0,63,0.0,126,2.7184242562605685e+23,2.842318642297501e+23,ERR,ERR,ERR,ERR,ERR,ERR,ERR,ERR,ERR,ERR,ERR,ERR,ERR,ERR,ERR,ERR,ERR,ERR,ERR,ERR,ERR,ERR,ERR,ERR,ERR,ERR,ERR,ERR,ERR,ERR,ERR,ERR,ERR,ERR,ERR,ERR,ERR,ERR,ERR,ERR,ERR,ERR,ERR,ERR,ERR,ERR,ERR,ERR,ERR,ERR,ERR,ERR,ERR,ERR,ERR,ERR,ERR,ERR,ERR,ERR,ERR,ERR,ERR,ERR,ERR,ERR,ERR,34.0,80.0,35,0.0,0.0,0.0,0.0,0.0,0.0,0.0,0.0,0.0,0.0,0.0,0.0,0.0,0.0,0.0,0.0,64.8,0,116,56,49,65476,0,300,0,0,8,20529,65476,0,0,57672,80.0,0.0,0.0,0.0,0.0,0.0
2026-06-17T04:51:23,ERR,ERR,ERR,ERR,ERR,ERR,ERR,ERR,ERR,ERR,ERR,ERR,ERR,ERR,ERR,ERR,ERR,ERR,ERR,ERR,ERR,ERR,ERR,ERR,ERR,ERR,ERR,ERR,ERR,ERR,ERR,ERR,ERR,ERR,ERR,ERR,ERR,ERR,ERR,ERR,ERR,ERR,ERR,ERR,ERR,ERR,ERR,ERR,ERR,ERR,ERR,ERR,ERR,ERR,ERR,ERR,ERR,ERR,ERR,ERR,ERR,ERR,ERR,ERR,ERR,ERR,ERR,ERR,ERR,ERR,ERR,ERR,ERR,ERR,ERR,ERR,ERR,ERR,ERR,ERR,ERR,ERR,ERR,ERR,ERR,ERR,ERR,ERR,ERR,ERR,ERR,ERR,ERR,ERR,ERR,ERR,ERR,ERR,ERR,ERR,ERR,ERR,ERR,ERR,ERR,ERR,ERR,ERR,ERR,ERR,ERR,ERR,ERR,ERR,ERR,ERR,ERR,ERR,ERR,ERR,ERR,ERR,ERR,ERR,ERR,0.0,-0.0,3.028208139652935e+23,0.0,0.0,1.3936040501711995e+18,7.805,0.0,0,0,4,0,7300,-0.0,0,0.0,0.0,0.0,0.0,0.0,0,0,0,0,0.0,0,0,0,0,0,0,0,0,0,0,0,0,0,0,0,0,0,0,0,0,0,0,0,0,0,0,0,0,0,0,0,0,0,32,30,30,62,65476,0,300,0,0,8,21553,0.0,-107605600.0,0.0,0.0,0.0,0.0,0.0,0.0,0.0,0.0,0.0,0.0,0.0,0.0,0.0,0.0,0.0,0.0,0.0,0.0,0.0,0.0,2.004,-2.004,2.004,2.004,0.0,0.0,0.0,0.0,5522.0,-131350.688,6937.0,0.0,-0.0,-0.0,0.0,0.0,0.0,0.0,0.0,63,-4.9504266636054534e+32,0.0,0.0,0.0,0.0,0.0,0.0,0.0,0.0,0,0,0,0.0,0.0,0.0,0.0,0.0,0.0,0.0,0.0,0.0,0.0,0.0,0.0,0.0,0.0,0.0,0.0,0,-107875648.0,63,0.0,126,2.7184242562605685e+23,2.842318642297501e+23,ERR,ERR,ERR,ERR,ERR,ERR,ERR,ERR,ERR,ERR,ERR,ERR,ERR,ERR,ERR,ERR,ERR,ERR,ERR,ERR,ERR,ERR,ERR,ERR,ERR,ERR,ERR,ERR,ERR,ERR,ERR,ERR,ERR,ERR,ERR,ERR,ERR,ERR,ERR,ERR,ERR,ERR,ERR,ERR,ERR,ERR,ERR,ERR,ERR,ERR,ERR,ERR,ERR,ERR,ERR,ERR,ERR,ERR,ERR,ERR,ERR,ERR,ERR,ERR,ERR,ERR,ERR,34.0,80.0,35,0.0,0.0,0.0,0.0,0.0,0.0,0.0,0.0,0.0,0.0,0.0,0.0,0.0,0.0,0.0,0.0,64.8,0,116,56,49,65476,0,300,0,0,8,20529,65476,0,0,57672,80.0,0.0,0.0,0.0,0.0,0.0
2026-06-17T04:51:24,ERR,ERR,ERR,ERR,ERR,ERR,ERR,ERR,ERR,ERR,ERR,ERR,ERR,ERR,ERR,ERR,ERR,ERR,ERR,ERR,ERR,ERR,ERR,ERR,ERR,ERR,ERR,ERR,ERR,ERR,ERR,ERR,ERR,ERR,ERR,ERR,ERR,ERR,ERR,ERR,ERR,ERR,ERR,ERR,ERR,ERR,ERR,ERR,ERR,ERR,ERR,ERR,ERR,ERR,ERR,ERR,ERR,ERR,ERR,ERR,ERR,ERR,ERR,ERR,ERR,ERR,ERR,ERR,ERR,ERR,ERR,ERR,ERR,ERR,ERR,ERR,ERR,ERR,ERR,ERR,ERR,ERR,ERR,ERR,ERR,ERR,ERR,ERR,ERR,ERR,ERR,ERR,ERR,ERR,ERR,ERR,ERR,ERR,ERR,ERR,ERR,ERR,ERR,ERR,ERR,ERR,ERR,ERR,ERR,ERR,ERR,ERR,ERR,ERR,ERR,ERR,ERR,ERR,ERR,ERR,ERR,ERR,ERR,ERR,ERR,0.0,-0.0,3.028208139652935e+23,0.0,0.0,1.3936040501711995e+18,7.805,0.0,0,0,4,0,7300,-0.0,0,0.0,0.0,0.0,0.0,0.0,0,0,0,0,0.0,0,0,0,0,0,0,0,0,0,0,0,0,0,0,0,0,0,0,0,0,0,0,0,0,0,0,0,0,0,0,0,0,0,32,30,30,62,65476,0,300,0,0,8,21553,0.0,-107605600.0,0.0,0.0,0.0,0.0,0.0,0.0,0.0,0.0,0.0,0.0,0.0,0.0,0.0,0.0,0.0,0.0,0.0,0.0,0.0,0.0,2.004,-2.004,2.004,2.004,0.0,0.0,0.0,0.0,5522.0,-131350.688,6937.0,0.0,-0.0,-0.0,0.0,0.0,0.0,0.0,0.0,63,-4.9504266636054534e+32,0.0,0.0,0.0,0.0,0.0,0.0,0.0,0.0,0,0,0,0.0,0.0,0.0,0.0,0.0,0.0,0.0,0.0,0.0,0.0,0.0,0.0,0.0,0.0,0.0,0.0,0,-107875648.0,63,0.0,126,2.7184242562605685e+23,2.842318642297501e+23,ERR,ERR,ERR,ERR,ERR,ERR,ERR,ERR,ERR,ERR,ERR,ERR,ERR,ERR,ERR,ERR,ERR,ERR,ERR,ERR,ERR,ERR,ERR,ERR,ERR,ERR,ERR,ERR,ERR,ERR,ERR,ERR,ERR,ERR,ERR,ERR,ERR,ERR,ERR,ERR,ERR,ERR,ERR,ERR,ERR,ERR,ERR,ERR,ERR,ERR,ERR,ERR,ERR,ERR,ERR,ERR,ERR,ERR,ERR,ERR,ERR,ERR,ERR,ERR,ERR,ERR,ERR,34.0,80.0,35,0.0,0.0,0.0,0.0,0.0,0.0,0.0,0.0,0.0,0.0,0.0,0.0,0.0,0.0,0.0,0.0,64.8,0,116,56,49,65476,0,300,0,0,8,20529,65476,0,0,57672,80.0,0.0,0.0,0.0,0.0,0.0
2026-06-17T04:51:25,ERR,ERR,ERR,ERR,ERR,ERR,ERR,ERR,ERR,ERR,ERR,ERR,ERR,ERR,ERR,ERR,ERR,ERR,ERR,ERR,ERR,ERR,ERR,ERR,ERR,ERR,ERR,ERR,ERR,ERR,ERR,ERR,ERR,ERR,ERR,ERR,ERR,ERR,ERR,ERR,ERR,ERR,ERR,ERR,ERR,ERR,ERR,ERR,ERR,ERR,ERR,ERR,ERR,ERR,ERR,ERR,ERR,ERR,ERR,ERR,ERR,ERR,ERR,ERR,ERR,ERR,ERR,ERR,ERR,ERR,ERR,ERR,ERR,ERR,ERR,ERR,ERR,ERR,ERR,ERR,ERR,ERR,ERR,ERR,ERR,ERR,ERR,ERR,ERR,ERR,ERR,ERR,ERR,ERR,ERR,ERR,ERR,ERR,ERR,ERR,ERR,ERR,ERR,ERR,ERR,ERR,ERR,ERR,ERR,ERR,ERR,ERR,ERR,ERR,ERR,ERR,ERR,ERR,ERR,ERR,ERR,ERR,ERR,ERR,ERR,0.0,-0.0,3.028208139652935e+23,0.0,0.0,1.3936040501711995e+18,7.805,0.0,0,0,4,0,7300,-0.0,0,0.0,0.0,0.0,0.0,0.0,0,0,0,0,0.0,0,0,0,0,0,0,0,0,0,0,0,0,0,0,0,0,0,0,0,0,0,0,0,0,0,0,0,0,0,0,0,0,0,32,30,30,62,65476,0,300,0,0,8,21553,0.0,-107605600.0,0.0,0.0,0.0,0.0,0.0,0.0,0.0,0.0,0.0,0.0,0.0,0.0,0.0,0.0,0.0,0.0,0.0,0.0,0.0,0.0,2.004,-2.004,2.004,2.004,0.0,0.0,0.0,0.0,5522.0,-131350.688,6937.0,0.0,-0.0,-0.0,0.0,0.0,0.0,0.0,0.0,63,-4.9504266636054534e+32,0.0,0.0,0.0,0.0,0.0,0.0,0.0,0.0,0,0,0,0.0,0.0,0.0,0.0,0.0,0.0,0.0,0.0,0.0,0.0,0.0,0.0,0.0,0.0,0.0,0.0,0,-107875648.0,63,0.0,126,2.7184242562605685e+23,2.842318642297501e+23,ERR,ERR,ERR,ERR,ERR,ERR,ERR,ERR,ERR,ERR,ERR,ERR,ERR,ERR,ERR,ERR,ERR,ERR,ERR,ERR,ERR,ERR,ERR,ERR,ERR,ERR,ERR,ERR,ERR,ERR,ERR,ERR,ERR,ERR,ERR,ERR,ERR,ERR,ERR,ERR,ERR,ERR,ERR,ERR,ERR,ERR,ERR,ERR,ERR,ERR,ERR,ERR,ERR,ERR,ERR,ERR,ERR,ERR,ERR,ERR,ERR,ERR,ERR,ERR,ERR,ERR,ERR,34.0,80.0,35,0.0,0.0,0.0,0.0,0.0,0.0,0.0,0.0,0.0,0.0,0.0,0.0,0.0,0.0,0.0,0.0,64.8,0,116,56,49,65476,0,300,0,0,8,20529,65476,0,0,57672,80.0,0.0,0.0,0.0,0.0,0.0
2026-06-17T04:51:26,ERR,ERR,ERR,ERR,ERR,ERR,ERR,ERR,ERR,ERR,ERR,ERR,ERR,ERR,ERR,ERR,ERR,ERR,ERR,ERR,ERR,ERR,ERR,ERR,ERR,ERR,ERR,ERR,ERR,ERR,ERR,ERR,ERR,ERR,ERR,ERR,ERR,ERR,ERR,ERR,ERR,ERR,ERR,ERR,ERR,ERR,ERR,ERR,ERR,ERR,ERR,ERR,ERR,ERR,ERR,ERR,ERR,ERR,ERR,ERR,ERR,ERR,ERR,ERR,ERR,ERR,ERR,ERR,ERR,ERR,ERR,ERR,ERR,ERR,ERR,ERR,ERR,ERR,ERR,ERR,ERR,ERR,ERR,ERR,ERR,ERR,ERR,ERR,ERR,ERR,ERR,ERR,ERR,ERR,ERR,ERR,ERR,ERR,ERR,ERR,ERR,ERR,ERR,ERR,ERR,ERR,ERR,ERR,ERR,ERR,ERR,ERR,ERR,ERR,ERR,ERR,ERR,ERR,ERR,ERR,ERR,ERR,ERR,ERR,ERR,0.0,-0.0,-0.0,0.0,0.0,1.3936040501711995e+18,7.805,0.0,0,0,4,0,7300,-0.0,0,0.0,0.0,0.0,0.0,0.0,0,0,0,0,0.0,0,0,0,0,0,0,0,0,0,0,0,0,0,0,0,0,0,0,0,0,0,0,0,0,0,0,0,0,0,0,0,0,0,32,30,30,62,65476,0,300,0,0,8,21553,0.0,-107605600.0,0.0,0.0,0.0,0.0,0.0,0.0,0.0,0.0,0.0,0.0,0.0,0.0,0.0,0.0,0.0,0.0,0.0,0.0,0.0,0.0,-0.0,-2.004,2.004,2.004,0.0,0.0,0.0,0.0,5523.0,-3.6971931704991154e+19,6938.0,0.0,-0.0,-0.0,0.0,0.0,0.0,0.0,0.0,63,-4.9504266636054534e+32,0.0,0.0,0.0,0.0,0.0,0.0,0.0,0.0,0,0,0,0.0,0.0,0.0,0.0,0.0,0.0,0.0,0.0,0.0,0.0,0.0,0.0,0.0,0.0,0.0,0.0,0,-107875648.0,63,0.0,126,2.7184242562605685e+23,2.842318642297501e+23,ERR,ERR,ERR,ERR,ERR,ERR,ERR,ERR,ERR,ERR,ERR,ERR,ERR,ERR,ERR,ERR,ERR,ERR,ERR,ERR,ERR,ERR,ERR,ERR,ERR,ERR,ERR,ERR,ERR,ERR,ERR,ERR,ERR,ERR,ERR,ERR,ERR,ERR,ERR,ERR,ERR,ERR,ERR,ERR,ERR,ERR,ERR,ERR,ERR,ERR,ERR,ERR,ERR,ERR,ERR,ERR,ERR,ERR,ERR,ERR,ERR,ERR,ERR,ERR,ERR,ERR,ERR,34.0,80.0,35,0.0,0.0,0.0,0.0,0.0,0.0,0.0,0.0,0.0,0.0,0.0,0.0,0.0,0.0,0.0,0.0,64.8,0,116,56,49,65476,0,300,0,0,8,20529,65476,0,0,57672,80.0,0.0,0.0,0.0,0.0,0.0
2026-06-17T04:51:27,ERR,ERR,ERR,ERR,ERR,ERR,ERR,ERR,ERR,ERR,ERR,ERR,ERR,ERR,ERR,ERR,ERR,ERR,ERR,ERR,ERR,ERR,ERR,ERR,ERR,ERR,ERR,ERR,ERR,ERR,ERR,ERR,ERR,ERR,ERR,ERR,ERR,ERR,ERR,ERR,ERR,ERR,ERR,ERR,ERR,ERR,ERR,ERR,ERR,ERR,ERR,ERR,ERR,ERR,ERR,ERR,ERR,ERR,ERR,ERR,ERR,ERR,ERR,ERR,ERR,ERR,ERR,ERR,ERR,ERR,ERR,ERR,ERR,ERR,ERR,ERR,ERR,ERR,ERR,ERR,ERR,ERR,ERR,ERR,ERR,ERR,ERR,ERR,ERR,ERR,ERR,ERR,ERR,ERR,ERR,ERR,ERR,ERR,ERR,ERR,ERR,ERR,ERR,ERR,ERR,ERR,ERR,ERR,ERR,ERR,ERR,ERR,ERR,ERR,ERR,ERR,ERR,ERR,ERR,ERR,ERR,ERR,ERR,ERR,ERR,0.0,-0.0,-0.0,0.0,0.0,1.3936040501711995e+18,7.805,0.0,0,0,4,0,7300,-0.0,0,0.0,0.0,0.0,0.0,0.0,0,0,0,0,0.0,0,0,0,0,0,0,0,0,0,0,0,0,0,0,0,0,0,0,0,0,0,0,0,0,0,0,0,0,0,0,0,0,0,32,30,30,62,65476,0,300,0,0,8,21553,0.0,-107605600.0,0.0,0.0,0.0,0.0,0.0,0.0,0.0,0.0,0.0,0.0,0.0,0.0,0.0,0.0,0.0,0.0,0.0,0.0,0.0,0.0,-0.0,-2.004,2.004,2.004,0.0,0.0,0.0,0.0,5523.0,-3.6971931704991154e+19,6938.0,0.0,-0.0,-0.0,0.0,0.0,0.0,0.0,0.0,63,-4.9504266636054534e+32,0.0,0.0,0.0,0.0,0.0,0.0,0.0,0.0,0,0,0,0.0,0.0,0.0,0.0,0.0,0.0,0.0,0.0,0.0,0.0,0.0,0.0,0.0,0.0,0.0,0.0,0,-107875648.0,63,0.0,126,2.7184242562605685e+23,2.842318642297501e+23,ERR,ERR,ERR,ERR,ERR,ERR,ERR,ERR,ERR,ERR,ERR,ERR,ERR,ERR,ERR,ERR,ERR,ERR,ERR,ERR,ERR,ERR,ERR,ERR,ERR,ERR,ERR,ERR,ERR,ERR,ERR,ERR,ERR,ERR,ERR,ERR,ERR,ERR,ERR,ERR,ERR,ERR,ERR,ERR,ERR,ERR,ERR,ERR,ERR,ERR,ERR,ERR,ERR,ERR,ERR,ERR,ERR,ERR,ERR,ERR,ERR,ERR,ERR,ERR,ERR,ERR,ERR,34.0,80.0,35,0.0,0.0,0.0,0.0,0.0,0.0,0.0,0.0,0.0,0.0,0.0,0.0,0.0,0.0,0.0,0.0,64.4,0,116,56,49,65476,0,300,0,0,8,20529,65476,0,0,57672,80.0,0.0,0.0,0.0,0.0,0.0
2026-06-17T04:51:28,ERR,ERR,ERR,ERR,ERR,ERR,ERR,ERR,ERR,ERR,ERR,ERR,ERR,ERR,ERR,ERR,ERR,ERR,ERR,ERR,ERR,ERR,ERR,ERR,ERR,ERR,ERR,ERR,ERR,ERR,ERR,ERR,ERR,ERR,ERR,ERR,ERR,ERR,ERR,ERR,ERR,ERR,ERR,ERR,ERR,ERR,ERR,ERR,ERR,ERR,ERR,ERR,ERR,ERR,ERR,ERR,ERR,ERR,ERR,ERR,ERR,ERR,ERR,ERR,ERR,ERR,ERR,ERR,ERR,ERR,ERR,ERR,ERR,ERR,ERR,ERR,ERR,ERR,ERR,ERR,ERR,ERR,ERR,ERR,ERR,ERR,ERR,ERR,ERR,ERR,ERR,ERR,ERR,ERR,ERR,ERR,ERR,ERR,ERR,ERR,ERR,ERR,ERR,ERR,ERR,ERR,ERR,ERR,ERR,ERR,ERR,ERR,ERR,ERR,ERR,ERR,ERR,ERR,ERR,ERR,ERR,ERR,ERR,ERR,ERR,0.0,-0.0,-0.0,0.0,0.0,1.3936040501711995e+18,7.805,0.0,0,0,4,0,7300,-0.0,0,0.0,0.0,0.0,0.0,0.0,0,0,0,0,0.0,0,0,0,0,0,0,0,0,0,0,0,0,0,0,0,0,0,0,0,0,0,0,0,0,0,0,0,0,0,0,0,0,0,32,30,30,62,65476,0,300,0,0,8,21553,0.0,-107605600.0,0.0,0.0,0.0,0.0,0.0,0.0,0.0,0.0,0.0,0.0,0.0,0.0,0.0,0.0,0.0,0.0,0.0,0.0,0.0,0.0,-0.0,-2.004,2.004,2.004,0.0,0.0,0.0,0.0,5523.0,-3.6971931704991154e+19,6938.0,0.0,-0.0,-0.0,0.0,0.0,0.0,0.0,0.0,63,-4.9504266636054534e+32,0.0,0.0,0.0,0.0,0.0,0.0,0.0,0.0,0,0,0,0.0,0.0,0.0,0.0,0.0,0.0,0.0,0.0,0.0,0.0,0.0,0.0,0.0,0.0,0.0,0.0,0,-107875648.0,63,0.0,126,2.7184242562605685e+23,2.842318642297501e+23,ERR,ERR,ERR,ERR,ERR,ERR,ERR,ERR,ERR,ERR,ERR,ERR,ERR,ERR,ERR,ERR,ERR,ERR,ERR,ERR,ERR,ERR,ERR,ERR,ERR,ERR,ERR,ERR,ERR,ERR,ERR,ERR,ERR,ERR,ERR,ERR,ERR,ERR,ERR,ERR,ERR,ERR,ERR,ERR,ERR,ERR,ERR,ERR,ERR,ERR,ERR,ERR,ERR,ERR,ERR,ERR,ERR,ERR,ERR,ERR,ERR,ERR,ERR,ERR,ERR,ERR,ERR,34.0,80.0,35,0.0,0.0,0.0,0.0,0.0,0.0,0.0,0.0,0.0,0.0,0.0,0.0,0.0,0.0,0.0,0.0,64.4,0,116,56,49,65476,0,300,0,0,8,20529,65476,0,0,57672,80.0,0.0,0.0,0.0,0.0,0.0
2026-06-17T04:51:29,ERR,ERR,ERR,ERR,ERR,ERR,ERR,ERR,ERR,ERR,ERR,ERR,ERR,ERR,ERR,ERR,ERR,ERR,ERR,ERR,ERR,ERR,ERR,ERR,ERR,ERR,ERR,ERR,ERR,ERR,ERR,ERR,ERR,ERR,ERR,ERR,ERR,ERR,ERR,ERR,ERR,ERR,ERR,ERR,ERR,ERR,ERR,ERR,ERR,ERR,ERR,ERR,ERR,ERR,ERR,ERR,ERR,ERR,ERR,ERR,ERR,ERR,ERR,ERR,ERR,ERR,ERR,ERR,ERR,ERR,ERR,ERR,ERR,ERR,ERR,ERR,ERR,ERR,ERR,ERR,ERR,ERR,ERR,ERR,ERR,ERR,ERR,ERR,ERR,ERR,ERR,ERR,ERR,ERR,ERR,ERR,ERR,ERR,ERR,ERR,ERR,ERR,ERR,ERR,ERR,ERR,ERR,ERR,ERR,ERR,ERR,ERR,ERR,ERR,ERR,ERR,ERR,ERR,ERR,ERR,ERR,ERR,ERR,ERR,ERR,0.0,-0.0,-0.0,0.0,0.0,1.3936040501711995e+18,7.805,0.0,0,0,4,0,7300,-0.0,0,0.0,0.0,0.0,0.0,0.0,0,0,0,0,0.0,0,0,0,0,0,0,0,0,0,0,0,0,0,0,0,0,0,0,0,0,0,0,0,0,0,0,0,0,0,0,0,0,0,32,30,30,62,65476,0,300,0,0,8,21553,0.0,-107605600.0,0.0,0.0,0.0,0.0,0.0,0.0,0.0,0.0,0.0,0.0,0.0,0.0,0.0,0.0,0.0,0.0,0.0,0.0,0.0,0.0,-0.0,-2.004,2.004,2.004,0.0,0.0,0.0,0.0,5523.0,-3.6971931704991154e+19,6938.0,0.0,-0.0,-0.0,0.0,0.0,0.0,0.0,0.0,63,-4.9504266636054534e+32,0.0,0.0,0.0,0.0,0.0,0.0,0.0,0.0,0,0,0,0.0,0.0,0.0,0.0,0.0,0.0,0.0,0.0,0.0,0.0,0.0,0.0,0.0,0.0,0.0,0.0,0,-107875648.0,63,0.0,126,2.7184242562605685e+23,2.842318642297501e+23,ERR,ERR,ERR,ERR,ERR,ERR,ERR,ERR,ERR,ERR,ERR,ERR,ERR,ERR,ERR,ERR,ERR,ERR,ERR,ERR,ERR,ERR,ERR,ERR,ERR,ERR,ERR,ERR,ERR,ERR,ERR,ERR,ERR,ERR,ERR,ERR,ERR,ERR,ERR,ERR,ERR,ERR,ERR,ERR,ERR,ERR,ERR,ERR,ERR,ERR,ERR,ERR,ERR,ERR,ERR,ERR,ERR,ERR,ERR,ERR,ERR,ERR,ERR,ERR,ERR,ERR,ERR,34.0,80.0,35,0.0,0.0,0.0,0.0,0.0,0.0,0.0,0.0,0.0,0.0,0.0,0.0,0.0,0.0,0.0,0.0,64.4,0,116,56,49,65476,0,300,0,0,8,20529,65476,0,0,57672,80.0,0.0,0.0,0.0,0.0,0.0
2026-06-17T04:51:30,ERR,ERR,ERR,ERR,ERR,ERR,ERR,ERR,ERR,ERR,ERR,ERR,ERR,ERR,ERR,ERR,ERR,ERR,ERR,ERR,ERR,ERR,ERR,ERR,ERR,ERR,ERR,ERR,ERR,ERR,ERR,ERR,ERR,ERR,ERR,ERR,ERR,ERR,ERR,ERR,ERR,ERR,ERR,ERR,ERR,ERR,ERR,ERR,ERR,ERR,ERR,ERR,ERR,ERR,ERR,ERR,ERR,ERR,ERR,ERR,ERR,ERR,ERR,ERR,ERR,ERR,ERR,ERR,ERR,ERR,ERR,ERR,ERR,ERR,ERR,ERR,ERR,ERR,ERR,ERR,ERR,ERR,ERR,ERR,ERR,ERR,ERR,ERR,ERR,ERR,ERR,ERR,ERR,ERR,ERR,ERR,ERR,ERR,ERR,ERR,ERR,ERR,ERR,ERR,ERR,ERR,ERR,ERR,ERR,ERR,ERR,ERR,ERR,ERR,ERR,ERR,ERR,ERR,ERR,ERR,ERR,ERR,ERR,ERR,ERR,0.0,-0.0,-0.0,0.0,0.0,1.3936040501711995e+18,7.805,0.0,0,0,4,0,7300,-0.0,0,0.0,0.0,0.0,0.0,0.0,0,0,0,0,0.0,0,0,0,0,0,0,0,0,0,0,0,0,0,0,0,0,0,0,0,0,0,0,0,0,0,0,0,0,0,0,0,0,0,32,30,30,62,65476,0,300,0,0,8,21553,0.0,-107605600.0,0.0,0.0,0.0,0.0,0.0,0.0,0.0,0.0,0.0,0.0,0.0,0.0,0.0,0.0,0.0,0.0,0.0,0.0,0.0,0.0,-0.0,-2.004,2.004,2.004,0.0,0.0,0.0,0.0,5523.0,-3.6971931704991154e+19,6938.0,0.0,-0.0,-0.0,0.0,0.0,0.0,0.0,0.0,63,-4.9504266636054534e+32,0.0,0.0,0.0,0.0,0.0,0.0,0.0,0.0,0,0,0,0.0,0.0,0.0,0.0,0.0,0.0,0.0,0.0,0.0,0.0,0.0,0.0,0.0,0.0,0.0,0.0,0,-107875648.0,63,0.0,126,2.7184242562605685e+23,2.842318642297501e+23,ERR,ERR,ERR,ERR,ERR,ERR,ERR,ERR,ERR,ERR,ERR,ERR,ERR,ERR,ERR,ERR,ERR,ERR,ERR,ERR,ERR,ERR,ERR,ERR,ERR,ERR,ERR,ERR,ERR,ERR,ERR,ERR,ERR,ERR,ERR,ERR,ERR,ERR,ERR,ERR,ERR,ERR,ERR,ERR,ERR,ERR,ERR,ERR,ERR,ERR,ERR,ERR,ERR,ERR,ERR,ERR,ERR,ERR,ERR,ERR,ERR,ERR,ERR,ERR,ERR,ERR,ERR,34.0,80.0,35,0.0,0.0,0.0,0.0,0.0,0.0,0.0,0.0,0.0,0.0,0.0,0.0,0.0,0.0,0.0,0.0,64.4,0,116,56,49,65476,0,300,0,0,8,20529,65476,0,0,57672,80.0,0.0,0.0,0.0,0.0,0.0
2026-06-17T04:51:31,ERR,ERR,ERR,ERR,ERR,ERR,ERR,ERR,ERR,ERR,ERR,ERR,ERR,ERR,ERR,ERR,ERR,ERR,ERR,ERR,ERR,ERR,ERR,ERR,ERR,ERR,ERR,ERR,ERR,ERR,ERR,ERR,ERR,ERR,ERR,ERR,ERR,ERR,ERR,ERR,ERR,ERR,ERR,ERR,ERR,ERR,ERR,ERR,ERR,ERR,ERR,ERR,ERR,ERR,ERR,ERR,ERR,ERR,ERR,ERR,ERR,ERR,ERR,ERR,ERR,ERR,ERR,ERR,ERR,ERR,ERR,ERR,ERR,ERR,ERR,ERR,ERR,ERR,ERR,ERR,ERR,ERR,ERR,ERR,ERR,ERR,ERR,ERR,ERR,ERR,ERR,ERR,ERR,ERR,ERR,ERR,ERR,ERR,ERR,ERR,ERR,ERR,ERR,ERR,ERR,ERR,ERR,ERR,ERR,ERR,ERR,ERR,ERR,ERR,ERR,ERR,ERR,ERR,ERR,ERR,ERR,ERR,ERR,ERR,ERR,0.0,-0.0,3.028208139652935e+23,0.0,0.0,1.3936040501711995e+18,7.805,0.0,0,0,4,0,7300,-0.0,0,0.0,0.0,0.0,0.0,0.0,0,0,0,0,0.0,0,0,0,0,0,0,0,0,0,0,0,0,0,0,0,0,0,0,0,0,0,0,0,0,0,0,0,0,0,0,0,0,0,32,30,30,62,65476,0,300,0,0,8,21553,0.0,-107605600.0,0.0,0.0,0.0,0.0,0.0,0.0,0.0,0.0,0.0,0.0,0.0,0.0,0.0,0.0,0.0,0.0,0.0,0.0,0.0,0.0,-0.0,-2.004,2.004,2.004,0.0,0.0,0.0,0.0,5520.0,-3.6971931704991154e+19,6940.0,0.0,-0.0,-0.0,0.0,0.0,0.0,0.0,0.0,63,-3.2220267480110635e+26,89220.727,0.0,0.0,0.0,0.0,0.0,0.0,0.0,0,0,0,0.0,0.0,0.0,0.0,0.0,0.0,0.0,0.0,0.0,0.0,0.0,0.0,0.0,0.0,0.0,0.0,0,-107875648.0,63,0.0,126,2.7184242562605685e+23,2.842318642297501e+23,ERR,ERR,ERR,ERR,ERR,ERR,ERR,ERR,ERR,ERR,ERR,ERR,ERR,ERR,ERR,ERR,ERR,ERR,ERR,ERR,ERR,ERR,ERR,ERR,ERR,ERR,ERR,ERR,ERR,ERR,ERR,ERR,ERR,ERR,ERR,ERR,ERR,ERR,ERR,ERR,ERR,ERR,ERR,ERR,ERR,ERR,ERR,ERR,ERR,ERR,ERR,ERR,ERR,ERR,ERR,ERR,ERR,ERR,ERR,ERR,ERR,ERR,ERR,ERR,ERR,ERR,ERR,34.0,80.0,35,0.0,0.0,0.0,0.0,0.0,0.0,0.0,0.0,0.0,0.0,0.0,0.0,0.0,0.0,0.0,0.0,64.4,0,116,56,49,65476,0,300,0,0,8,20529,65476,0,0,57672,80.0,0.0,0.0,0.0,0.0,0.0
2026-06-17T04:51:32,ERR,ERR,ERR,ERR,ERR,ERR,ERR,ERR,ERR,ERR,ERR,ERR,ERR,ERR,ERR,ERR,ERR,ERR,ERR,ERR,ERR,ERR,ERR,ERR,ERR,ERR,ERR,ERR,ERR,ERR,ERR,ERR,ERR,ERR,ERR,ERR,ERR,ERR,ERR,ERR,ERR,ERR,ERR,ERR,ERR,ERR,ERR,ERR,ERR,ERR,ERR,ERR,ERR,ERR,ERR,ERR,ERR,ERR,ERR,ERR,ERR,ERR,ERR,ERR,ERR,ERR,ERR,ERR,ERR,ERR,ERR,ERR,ERR,ERR,ERR,ERR,ERR,ERR,ERR,ERR,ERR,ERR,ERR,ERR,ERR,ERR,ERR,ERR,ERR,ERR,ERR,ERR,ERR,ERR,ERR,ERR,ERR,ERR,ERR,ERR,ERR,ERR,ERR,ERR,ERR,ERR,ERR,ERR,ERR,ERR,ERR,ERR,ERR,ERR,ERR,ERR,ERR,ERR,ERR,ERR,ERR,ERR,ERR,ERR,ERR,0.0,-0.0,3.028208139652935e+23,0.0,0.0,1.3936040501711995e+18,7.805,0.0,0,0,4,0,7300,-0.0,0,0.0,0.0,0.0,0.0,0.0,0,0,0,0,0.0,0,0,0,0,0,0,0,0,0,0,0,0,0,0,0,0,0,0,0,0,0,0,0,0,0,0,0,0,0,0,0,0,0,32,30,30,62,65476,0,300,0,0,8,21553,0.0,-107605600.0,0.0,0.0,0.0,0.0,0.0,0.0,0.0,0.0,0.0,0.0,0.0,0.0,0.0,0.0,0.0,0.0,0.0,0.0,0.0,0.0,-0.0,-2.004,2.004,2.004,0.0,0.0,0.0,0.0,5520.0,-3.6971931704991154e+19,6940.0,0.0,-0.0,-0.0,0.0,0.0,0.0,0.0,0.0,63,-3.2220267480110635e+26,89220.727,0.0,0.0,0.0,0.0,0.0,0.0,0.0,0,0,0,0.0,0.0,0.0,0.0,0.0,0.0,0.0,0.0,0.0,0.0,0.0,0.0,0.0,0.0,0.0,0.0,0,-107875648.0,63,0.0,126,2.7184242562605685e+23,2.842318642297501e+23,ERR,ERR,ERR,ERR,ERR,ERR,ERR,ERR,ERR,ERR,ERR,ERR,ERR,ERR,ERR,ERR,ERR,ERR,ERR,ERR,ERR,ERR,ERR,ERR,ERR,ERR,ERR,ERR,ERR,ERR,ERR,ERR,ERR,ERR,ERR,ERR,ERR,ERR,ERR,ERR,ERR,ERR,ERR,ERR,ERR,ERR,ERR,ERR,ERR,ERR,ERR,ERR,ERR,ERR,ERR,ERR,ERR,ERR,ERR,ERR,ERR,ERR,ERR,ERR,ERR,ERR,ERR,34.0,80.0,35,0.0,0.0,0.0,0.0,0.0,0.0,0.0,0.0,0.0,0.0,0.0,0.0,0.0,0.0,0.0,0.0,64.4,0,116,56,49,65476,0,300,0,0,8,20529,65476,0,0,57672,80.0,0.0,0.0,0.0,0.0,0.0
2026-06-17T04:51:33,ERR,ERR,ERR,ERR,ERR,ERR,ERR,ERR,ERR,ERR,ERR,ERR,ERR,ERR,ERR,ERR,ERR,ERR,ERR,ERR,ERR,ERR,ERR,ERR,ERR,ERR,ERR,ERR,ERR,ERR,ERR,ERR,ERR,ERR,ERR,ERR,ERR,ERR,ERR,ERR,ERR,ERR,ERR,ERR,ERR,ERR,ERR,ERR,ERR,ERR,ERR,ERR,ERR,ERR,ERR,ERR,ERR,ERR,ERR,ERR,ERR,ERR,ERR,ERR,ERR,ERR,ERR,ERR,ERR,ERR,ERR,ERR,ERR,ERR,ERR,ERR,ERR,ERR,ERR,ERR,ERR,ERR,ERR,ERR,ERR,ERR,ERR,ERR,ERR,ERR,ERR,ERR,ERR,ERR,ERR,ERR,ERR,ERR,ERR,ERR,ERR,ERR,ERR,ERR,ERR,ERR,ERR,ERR,ERR,ERR,ERR,ERR,ERR,ERR,ERR,ERR,ERR,ERR,ERR,ERR,ERR,ERR,ERR,ERR,ERR,0.0,-0.0,3.028208139652935e+23,0.0,0.0,1.3936040501711995e+18,7.805,0.0,0,0,4,0,7300,-0.0,0,0.0,0.0,0.0,0.0,0.0,0,0,0,0,0.0,0,0,0,0,0,0,0,0,0,0,0,0,0,0,0,0,0,0,0,0,0,0,0,0,0,0,0,0,0,0,0,0,0,32,30,30,62,65476,0,300,0,0,8,21553,0.0,-107605600.0,0.0,0.0,0.0,0.0,0.0,0.0,0.0,0.0,0.0,0.0,0.0,0.0,0.0,0.0,0.0,0.0,0.0,0.0,0.0,0.0,-0.0,-2.004,2.004,2.004,0.0,0.0,0.0,0.0,5520.0,-3.6971931704991154e+19,6940.0,0.0,-0.0,-0.0,0.0,0.0,0.0,0.0,0.0,63,-3.2220267480110635e+26,89220.727,0.0,0.0,0.0,0.0,0.0,0.0,0.0,0,0,0,0.0,0.0,0.0,0.0,0.0,0.0,0.0,0.0,0.0,0.0,0.0,0.0,0.0,0.0,0.0,0.0,0,-107875648.0,63,0.0,126,2.7184242562605685e+23,2.842318642297501e+23,ERR,ERR,ERR,ERR,ERR,ERR,ERR,ERR,ERR,ERR,ERR,ERR,ERR,ERR,ERR,ERR,ERR,ERR,ERR,ERR,ERR,ERR,ERR,ERR,ERR,ERR,ERR,ERR,ERR,ERR,ERR,ERR,ERR,ERR,ERR,ERR,ERR,ERR,ERR,ERR,ERR,ERR,ERR,ERR,ERR,ERR,ERR,ERR,ERR,ERR,ERR,ERR,ERR,ERR,ERR,ERR,ERR,ERR,ERR,ERR,ERR,ERR,ERR,ERR,ERR,ERR,ERR,34.0,80.0,35,0.0,0.0,0.0,0.0,0.0,0.0,0.0,0.0,0.0,0.0,0.0,0.0,0.0,0.0,0.0,0.0,64.4,0,116,56,49,65476,0,300,0,0,8,20529,65476,0,0,57672,80.0,0.0,0.0,0.0,0.0,0.0
2026-06-17T04:51:34,ERR,ERR,ERR,ERR,ERR,ERR,ERR,ERR,ERR,ERR,ERR,ERR,ERR,ERR,ERR,ERR,ERR,ERR,ERR,ERR,ERR,ERR,ERR,ERR,ERR,ERR,ERR,ERR,ERR,ERR,ERR,ERR,ERR,ERR,ERR,ERR,ERR,ERR,ERR,ERR,ERR,ERR,ERR,ERR,ERR,ERR,ERR,ERR,ERR,ERR,ERR,ERR,ERR,ERR,ERR,ERR,ERR,ERR,ERR,ERR,ERR,ERR,ERR,ERR,ERR,ERR,ERR,ERR,ERR,ERR,ERR,ERR,ERR,ERR,ERR,ERR,ERR,ERR,ERR,ERR,ERR,ERR,ERR,ERR,ERR,ERR,ERR,ERR,ERR,ERR,ERR,ERR,ERR,ERR,ERR,ERR,ERR,ERR,ERR,ERR,ERR,ERR,ERR,ERR,ERR,ERR,ERR,ERR,ERR,ERR,ERR,ERR,ERR,ERR,ERR,ERR,ERR,ERR,ERR,ERR,ERR,ERR,ERR,ERR,ERR,0.0,-0.0,3.028208139652935e+23,0.0,0.0,1.3936040501711995e+18,7.805,0.0,0,0,4,0,7300,-0.0,0,0.0,0.0,0.0,0.0,0.0,0,0,0,0,0.0,0,0,0,0,0,0,0,0,0,0,0,0,0,0,0,0,0,0,0,0,0,0,0,0,0,0,0,0,0,0,0,0,0,32,30,30,62,65476,0,300,0,0,8,21553,0.0,-107605600.0,0.0,0.0,0.0,0.0,0.0,0.0,0.0,0.0,0.0,0.0,0.0,0.0,0.0,0.0,0.0,0.0,0.0,0.0,0.0,0.0,-0.0,-2.004,2.004,2.004,0.0,0.0,0.0,0.0,5520.0,-3.6971931704991154e+19,6940.0,0.0,-0.0,-0.0,0.0,0.0,0.0,0.0,0.0,63,-3.2220267480110635e+26,89220.727,0.0,0.0,0.0,0.0,0.0,0.0,0.0,0,0,0,0.0,0.0,0.0,0.0,0.0,0.0,0.0,0.0,0.0,0.0,0.0,0.0,0.0,0.0,0.0,0.0,0,-107875648.0,63,0.0,126,2.7184242562605685e+23,2.842318642297501e+23,ERR,ERR,ERR,ERR,ERR,ERR,ERR,ERR,ERR,ERR,ERR,ERR,ERR,ERR,ERR,ERR,ERR,ERR,ERR,ERR,ERR,ERR,ERR,ERR,ERR,ERR,ERR,ERR,ERR,ERR,ERR,ERR,ERR,ERR,ERR,ERR,ERR,ERR,ERR,ERR,ERR,ERR,ERR,ERR,ERR,ERR,ERR,ERR,ERR,ERR,ERR,ERR,ERR,ERR,ERR,ERR,ERR,ERR,ERR,ERR,ERR,ERR,ERR,ERR,ERR,ERR,ERR,34.0,80.0,35,0.0,0.0,0.0,0.0,0.0,0.0,0.0,0.0,0.0,0.0,0.0,0.0,0.0,0.0,0.0,0.0,64.4,0,116,56,49,65476,0,300,0,0,8,20529,65476,0,0,57672,80.0,0.0,0.0,0.0,0.0,0.0
2026-06-17T04:51:35,ERR,ERR,ERR,ERR,ERR,ERR,ERR,ERR,ERR,ERR,ERR,ERR,ERR,ERR,ERR,ERR,ERR,ERR,ERR,ERR,ERR,ERR,ERR,ERR,ERR,ERR,ERR,ERR,ERR,ERR,ERR,ERR,ERR,ERR,ERR,ERR,ERR,ERR,ERR,ERR,ERR,ERR,ERR,ERR,ERR,ERR,ERR,ERR,ERR,ERR,ERR,ERR,ERR,ERR,ERR,ERR,ERR,ERR,ERR,ERR,ERR,ERR,ERR,ERR,ERR,ERR,ERR,ERR,ERR,ERR,ERR,ERR,ERR,ERR,ERR,ERR,ERR,ERR,ERR,ERR,ERR,ERR,ERR,ERR,ERR,ERR,ERR,ERR,ERR,ERR,ERR,ERR,ERR,ERR,ERR,ERR,ERR,ERR,ERR,ERR,ERR,ERR,ERR,ERR,ERR,ERR,ERR,ERR,ERR,ERR,ERR,ERR,ERR,ERR,ERR,ERR,ERR,ERR,ERR,ERR,ERR,ERR,ERR,ERR,ERR,0.0,-0.0,3.028208139652935e+23,0.0,0.0,1.3936040501711995e+18,7.805,0.0,0,0,4,0,7300,-0.0,0,0.0,0.0,0.0,0.0,0.0,0,0,0,0,0.0,0,0,0,0,0,0,0,0,0,0,0,0,0,0,0,0,0,0,0,0,0,0,0,0,0,0,0,0,0,0,0,0,0,32,30,30,62,65476,0,300,0,0,8,21553,0.0,-107605600.0,0.0,0.0,0.0,0.0,0.0,0.0,0.0,0.0,0.0,0.0,0.0,0.0,0.0,0.0,0.0,0.0,0.0,0.0,0.0,0.0,-0.0,-2.004,2.004,2.004,0.0,0.0,0.0,0.0,5520.0,-3.6971931704991154e+19,6940.0,0.0,-0.0,-0.0,0.0,0.0,0.0,0.0,0.0,63,-3.2220267480110635e+26,89220.727,0.0,0.0,0.0,0.0,0.0,0.0,0.0,0,0,0,0.0,0.0,0.0,0.0,0.0,0.0,0.0,0.0,0.0,0.0,0.0,0.0,0.0,0.0,0.0,0.0,0,-107875648.0,63,0.0,126,2.7184242562605685e+23,2.842318642297501e+23,ERR,ERR,ERR,ERR,ERR,ERR,ERR,ERR,ERR,ERR,ERR,ERR,ERR,ERR,ERR,ERR,ERR,ERR,ERR,ERR,ERR,ERR,ERR,ERR,ERR,ERR,ERR,ERR,ERR,ERR,ERR,ERR,ERR,ERR,ERR,ERR,ERR,ERR,ERR,ERR,ERR,ERR,ERR,ERR,ERR,ERR,ERR,ERR,ERR,ERR,ERR,ERR,ERR,ERR,ERR,ERR,ERR,ERR,ERR,ERR,ERR,ERR,ERR,ERR,ERR,ERR,ERR,34.0,80.0,35,0.0,0.0,0.0,0.0,0.0,0.0,0.0,0.0,0.0,0.0,0.0,0.0,0.0,0.0,0.0,0.0,64.4,0,116,56,49,65476,0,300,0,0,8,20529,65476,0,0,57672,80.0,0.0,0.0,0.0,0.0,0.0
2026-06-17T04:51:36,ERR,ERR,ERR,ERR,ERR,ERR,ERR,ERR,ERR,ERR,ERR,ERR,ERR,ERR,ERR,ERR,ERR,ERR,ERR,ERR,ERR,ERR,ERR,ERR,ERR,ERR,ERR,ERR,ERR,ERR,ERR,ERR,ERR,ERR,ERR,ERR,ERR,ERR,ERR,ERR,ERR,ERR,ERR,ERR,ERR,ERR,ERR,ERR,ERR,ERR,ERR,ERR,ERR,ERR,ERR,ERR,ERR,ERR,ERR,ERR,ERR,ERR,ERR,ERR,ERR,ERR,ERR,ERR,ERR,ERR,ERR,ERR,ERR,ERR,ERR,ERR,ERR,ERR,ERR,ERR,ERR,ERR,ERR,ERR,ERR,ERR,ERR,ERR,ERR,ERR,ERR,ERR,ERR,ERR,ERR,ERR,ERR,ERR,ERR,ERR,ERR,ERR,ERR,ERR,ERR,ERR,ERR,ERR,ERR,ERR,ERR,ERR,ERR,ERR,ERR,ERR,ERR,ERR,ERR,ERR,ERR,ERR,ERR,ERR,ERR,0.0,-0.0,-0.0,0.0,0.0,1.3936040501711995e+18,7.805,0.0,0,0,4,0,7300,-0.0,0,0.0,0.0,0.0,0.0,0.0,0,0,0,0,0.0,0,0,0,0,0,0,0,0,0,0,0,0,0,0,0,0,0,0,0,0,0,0,0,0,0,0,0,0,0,0,0,0,0,32,30,30,62,65476,0,300,0,0,8,21553,0.0,-107605600.0,0.0,0.0,0.0,0.0,0.0,0.0,0.0,0.0,0.0,0.0,0.0,0.0,0.0,0.0,0.0,0.0,0.0,0.0,0.0,0.0,-0.0,-2.004,2.004,2.004,0.0,0.0,0.0,0.0,5521.0,-2.004,6936.0,0.0,-0.0,-0.0,0.0,0.0,0.0,0.0,0.0,63,-4.066878214320265e+29,0.0,0.0,0.0,0.0,0.0,0.0,0.0,0.0,0,0,0,0.0,0.0,0.0,0.0,0.0,0.0,0.0,0.0,0.0,0.0,0.0,0.0,0.0,0.0,0.0,0.0,0,-107875648.0,63,0.0,126,2.7184242562605685e+23,2.842318642297501e+23,ERR,ERR,ERR,ERR,ERR,ERR,ERR,ERR,ERR,ERR,ERR,ERR,ERR,ERR,ERR,ERR,ERR,ERR,ERR,ERR,ERR,ERR,ERR,ERR,ERR,ERR,ERR,ERR,ERR,ERR,ERR,ERR,ERR,ERR,ERR,ERR,ERR,ERR,ERR,ERR,ERR,ERR,ERR,ERR,ERR,ERR,ERR,ERR,ERR,ERR,ERR,ERR,ERR,ERR,ERR,ERR,ERR,ERR,ERR,ERR,ERR,ERR,ERR,ERR,ERR,ERR,ERR,34.0,80.0,35,0.0,0.0,0.0,0.0,0.0,0.0,0.0,0.0,0.0,0.0,0.0,0.0,0.0,0.0,0.0,0.0,64.8,0,116,56,49,65476,0,300,0,0,8,20529,65476,0,0,57672,80.0,0.0,0.0,0.0,0.0,0.0
2026-06-17T04:51:37,ERR,ERR,ERR,ERR,ERR,ERR,ERR,ERR,ERR,ERR,ERR,ERR,ERR,ERR,ERR,ERR,ERR,ERR,ERR,ERR,ERR,ERR,ERR,ERR,ERR,ERR,ERR,ERR,ERR,ERR,ERR,ERR,ERR,ERR,ERR,ERR,ERR,ERR,ERR,ERR,ERR,ERR,ERR,ERR,ERR,ERR,ERR,ERR,ERR,ERR,ERR,ERR,ERR,ERR,ERR,ERR,ERR,ERR,ERR,ERR,ERR,ERR,ERR,ERR,ERR,ERR,ERR,ERR,ERR,ERR,ERR,ERR,ERR,ERR,ERR,ERR,ERR,ERR,ERR,ERR,ERR,ERR,ERR,ERR,ERR,ERR,ERR,ERR,ERR,ERR,ERR,ERR,ERR,ERR,ERR,ERR,ERR,ERR,ERR,ERR,ERR,ERR,ERR,ERR,ERR,ERR,ERR,ERR,ERR,ERR,ERR,ERR,ERR,ERR,ERR,ERR,ERR,ERR,ERR,ERR,ERR,ERR,ERR,ERR,ERR,0.0,-0.0,-0.0,0.0,0.0,1.3936040501711995e+18,7.805,0.0,0,0,4,0,7300,-0.0,0,0.0,0.0,0.0,0.0,0.0,0,0,0,0,0.0,0,0,0,0,0,0,0,0,0,0,0,0,0,0,0,0,0,0,0,0,0,0,0,0,0,0,0,0,0,0,0,0,0,32,30,30,62,65476,0,300,0,0,8,21553,0.0,-107605600.0,0.0,0.0,0.0,0.0,0.0,0.0,0.0,0.0,0.0,0.0,0.0,0.0,0.0,0.0,0.0,0.0,0.0,0.0,0.0,0.0,-0.0,-2.004,2.004,2.004,0.0,0.0,0.0,0.0,5521.0,-2.004,6936.0,0.0,-0.0,-0.0,0.0,0.0,0.0,0.0,0.0,63,-4.066878214320265e+29,0.0,0.0,0.0,0.0,0.0,0.0,0.0,0.0,0,0,0,0.0,0.0,0.0,0.0,0.0,0.0,0.0,0.0,0.0,0.0,0.0,0.0,0.0,0.0,0.0,0.0,0,-107875648.0,63,0.0,126,2.7184242562605685e+23,2.842318642297501e+23,ERR,ERR,ERR,ERR,ERR,ERR,ERR,ERR,ERR,ERR,ERR,ERR,ERR,ERR,ERR,ERR,ERR,ERR,ERR,ERR,ERR,ERR,ERR,ERR,ERR,ERR,ERR,ERR,ERR,ERR,ERR,ERR,ERR,ERR,ERR,ERR,ERR,ERR,ERR,ERR,ERR,ERR,ERR,ERR,ERR,ERR,ERR,ERR,ERR,ERR,ERR,ERR,ERR,ERR,ERR,ERR,ERR,ERR,ERR,ERR,ERR,ERR,ERR,ERR,ERR,ERR,ERR,34.0,80.0,35,0.0,0.0,0.0,0.0,0.0,0.0,0.0,0.0,0.0,0.0,0.0,0.0,0.0,0.0,0.0,0.0,64.8,0,116,56,49,65476,0,300,0,0,8,20529,65476,0,0,57672,80.0,0.0,0.0,0.0,0.0,0.0
2026-06-17T04:51:38,ERR,ERR,ERR,ERR,ERR,ERR,ERR,ERR,ERR,ERR,ERR,ERR,ERR,ERR,ERR,ERR,ERR,ERR,ERR,ERR,ERR,ERR,ERR,ERR,ERR,ERR,ERR,ERR,ERR,ERR,ERR,ERR,ERR,ERR,ERR,ERR,ERR,ERR,ERR,ERR,ERR,ERR,ERR,ERR,ERR,ERR,ERR,ERR,ERR,ERR,ERR,ERR,ERR,ERR,ERR,ERR,ERR,ERR,ERR,ERR,ERR,ERR,ERR,ERR,ERR,ERR,ERR,ERR,ERR,ERR,ERR,ERR,ERR,ERR,ERR,ERR,ERR,ERR,ERR,ERR,ERR,ERR,ERR,ERR,ERR,ERR,ERR,ERR,ERR,ERR,ERR,ERR,ERR,ERR,ERR,ERR,ERR,ERR,ERR,ERR,ERR,ERR,ERR,ERR,ERR,ERR,ERR,ERR,ERR,ERR,ERR,ERR,ERR,ERR,ERR,ERR,ERR,ERR,ERR,ERR,ERR,ERR,ERR,ERR,ERR,0.0,-0.0,-0.0,0.0,0.0,1.3936040501711995e+18,7.805,0.0,0,0,4,0,7300,-0.0,0,0.0,0.0,0.0,0.0,0.0,0,0,0,0,0.0,0,0,0,0,0,0,0,0,0,0,0,0,0,0,0,0,0,0,0,0,0,0,0,0,0,0,0,0,0,0,0,0,0,32,30,30,62,65476,0,300,0,0,8,21553,0.0,-107605600.0,0.0,0.0,0.0,0.0,0.0,0.0,0.0,0.0,0.0,0.0,0.0,0.0,0.0,0.0,0.0,0.0,0.0,0.0,0.0,0.0,-0.0,-2.004,2.004,2.004,0.0,0.0,0.0,0.0,5521.0,-2.004,6936.0,0.0,-0.0,-0.0,0.0,0.0,0.0,0.0,0.0,63,-4.066878214320265e+29,0.0,0.0,0.0,0.0,0.0,0.0,0.0,0.0,0,0,0,0.0,0.0,0.0,0.0,0.0,0.0,0.0,0.0,0.0,0.0,0.0,0.0,0.0,0.0,0.0,0.0,0,-107875648.0,63,0.0,126,2.7184242562605685e+23,2.842318642297501e+23,ERR,ERR,ERR,ERR,ERR,ERR,ERR,ERR,ERR,ERR,ERR,ERR,ERR,ERR,ERR,ERR,ERR,ERR,ERR,ERR,ERR,ERR,ERR,ERR,ERR,ERR,ERR,ERR,ERR,ERR,ERR,ERR,ERR,ERR,ERR,ERR,ERR,ERR,ERR,ERR,ERR,ERR,ERR,ERR,ERR,ERR,ERR,ERR,ERR,ERR,ERR,ERR,ERR,ERR,ERR,ERR,ERR,ERR,ERR,ERR,ERR,ERR,ERR,ERR,ERR,ERR,ERR,34.0,80.0,35,0.0,0.0,0.0,0.0,0.0,0.0,0.0,0.0,0.0,0.0,0.0,0.0,0.0,0.0,0.0,0.0,64.8,0,116,56,49,65476,0,300,0,0,8,20529,65476,0,0,57672,80.0,0.0,0.0,0.0,0.0,0.0
2026-06-17T04:51:39,ERR,ERR,ERR,ERR,ERR,ERR,ERR,ERR,ERR,ERR,ERR,ERR,ERR,ERR,ERR,ERR,ERR,ERR,ERR,ERR,ERR,ERR,ERR,ERR,ERR,ERR,ERR,ERR,ERR,ERR,ERR,ERR,ERR,ERR,ERR,ERR,ERR,ERR,ERR,ERR,ERR,ERR,ERR,ERR,ERR,ERR,ERR,ERR,ERR,ERR,ERR,ERR,ERR,ERR,ERR,ERR,ERR,ERR,ERR,ERR,ERR,ERR,ERR,ERR,ERR,ERR,ERR,ERR,ERR,ERR,ERR,ERR,ERR,ERR,ERR,ERR,ERR,ERR,ERR,ERR,ERR,ERR,ERR,ERR,ERR,ERR,ERR,ERR,ERR,ERR,ERR,ERR,ERR,ERR,ERR,ERR,ERR,ERR,ERR,ERR,ERR,ERR,ERR,ERR,ERR,ERR,ERR,ERR,ERR,ERR,ERR,ERR,ERR,ERR,ERR,ERR,ERR,ERR,ERR,ERR,ERR,ERR,ERR,ERR,ERR,0.0,-0.0,-0.0,0.0,0.0,1.3936040501711995e+18,7.805,0.0,0,0,4,0,7300,-0.0,0,0.0,0.0,0.0,0.0,0.0,0,0,0,0,0.0,0,0,0,0,0,0,0,0,0,0,0,0,0,0,0,0,0,0,0,0,0,0,0,0,0,0,0,0,0,0,0,0,0,32,30,30,62,65476,0,300,0,0,8,21553,0.0,-107605600.0,0.0,0.0,0.0,0.0,0.0,0.0,0.0,0.0,0.0,0.0,0.0,0.0,0.0,0.0,0.0,0.0,0.0,0.0,0.0,0.0,-0.0,-2.004,2.004,2.004,0.0,0.0,0.0,0.0,5521.0,-2.004,6936.0,0.0,-0.0,-0.0,0.0,0.0,0.0,0.0,0.0,63,-4.066878214320265e+29,0.0,0.0,0.0,0.0,0.0,0.0,0.0,0.0,0,0,0,0.0,0.0,0.0,0.0,0.0,0.0,0.0,0.0,0.0,0.0,0.0,0.0,0.0,0.0,0.0,0.0,0,-107875648.0,63,0.0,126,2.7184242562605685e+23,2.842318642297501e+23,ERR,ERR,ERR,ERR,ERR,ERR,ERR,ERR,ERR,ERR,ERR,ERR,ERR,ERR,ERR,ERR,ERR,ERR,ERR,ERR,ERR,ERR,ERR,ERR,ERR,ERR,ERR,ERR,ERR,ERR,ERR,ERR,ERR,ERR,ERR,ERR,ERR,ERR,ERR,ERR,ERR,ERR,ERR,ERR,ERR,ERR,ERR,ERR,ERR,ERR,ERR,ERR,ERR,ERR,ERR,ERR,ERR,ERR,ERR,ERR,ERR,ERR,ERR,ERR,ERR,ERR,ERR,34.0,80.0,35,0.0,0.0,0.0,0.0,0.0,0.0,0.0,0.0,0.0,0.0,0.0,0.0,0.0,0.0,0.0,0.0,64.8,0,116,56,49,65476,0,300,0,0,8,20529,65476,0,0,57672,80.0,0.0,0.0,0.0,0.0,0.0
2026-06-17T04:51:40,ERR,ERR,ERR,ERR,ERR,ERR,ERR,ERR,ERR,ERR,ERR,ERR,ERR,ERR,ERR,ERR,ERR,ERR,ERR,ERR,ERR,ERR,ERR,ERR,ERR,ERR,ERR,ERR,ERR,ERR,ERR,ERR,ERR,ERR,ERR,ERR,ERR,ERR,ERR,ERR,ERR,ERR,ERR,ERR,ERR,ERR,ERR,ERR,ERR,ERR,ERR,ERR,ERR,ERR,ERR,ERR,ERR,ERR,ERR,ERR,ERR,ERR,ERR,ERR,ERR,ERR,ERR,ERR,ERR,ERR,ERR,ERR,ERR,ERR,ERR,ERR,ERR,ERR,ERR,ERR,ERR,ERR,ERR,ERR,ERR,ERR,ERR,ERR,ERR,ERR,ERR,ERR,ERR,ERR,ERR,ERR,ERR,ERR,ERR,ERR,ERR,ERR,ERR,ERR,ERR,ERR,ERR,ERR,ERR,ERR,ERR,ERR,ERR,ERR,ERR,ERR,ERR,ERR,ERR,ERR,ERR,ERR,ERR,ERR,ERR,0.0,-0.0,-0.0,0.0,0.0,1.3936040501711995e+18,7.805,0.0,0,0,4,0,7300,-0.0,0,0.0,0.0,0.0,0.0,0.0,0,0,0,0,0.0,0,0,0,0,0,0,0,0,0,0,0,0,0,0,0,0,0,0,0,0,0,0,0,0,0,0,0,0,0,0,0,0,0,32,30,30,62,65476,0,300,0,0,8,21553,0.0,-107605600.0,0.0,0.0,0.0,0.0,0.0,0.0,0.0,0.0,0.0,0.0,0.0,0.0,0.0,0.0,0.0,0.0,0.0,0.0,0.0,0.0,-0.0,-2.004,2.004,2.004,0.0,0.0,0.0,0.0,5521.0,-2.004,6936.0,0.0,-0.0,-0.0,0.0,0.0,0.0,0.0,0.0,63,-4.066878214320265e+29,0.0,0.0,0.0,0.0,0.0,0.0,0.0,0.0,0,0,0,0.0,0.0,0.0,0.0,0.0,0.0,0.0,0.0,0.0,0.0,0.0,0.0,0.0,0.0,0.0,0.0,0,-107875648.0,63,0.0,126,2.7184242562605685e+23,2.842318642297501e+23,ERR,ERR,ERR,ERR,ERR,ERR,ERR,ERR,ERR,ERR,ERR,ERR,ERR,ERR,ERR,ERR,ERR,ERR,ERR,ERR,ERR,ERR,ERR,ERR,ERR,ERR,ERR,ERR,ERR,ERR,ERR,ERR,ERR,ERR,ERR,ERR,ERR,ERR,ERR,ERR,ERR,ERR,ERR,ERR,ERR,ERR,ERR,ERR,ERR,ERR,ERR,ERR,ERR,ERR,ERR,ERR,ERR,ERR,ERR,ERR,ERR,ERR,ERR,ERR,ERR,ERR,ERR,34.0,80.0,35,0.0,0.0,0.0,0.0,0.0,0.0,0.0,0.0,0.0,0.0,0.0,0.0,0.0,0.0,0.0,0.0,64.8,0,116,56,49,65476,0,300,0,0,8,20529,65476,0,0,57672,80.0,0.0,0.0,0.0,0.0,0.0
2026-06-17T04:51:41,ERR,ERR,ERR,ERR,ERR,ERR,ERR,ERR,ERR,ERR,ERR,ERR,ERR,ERR,ERR,ERR,ERR,ERR,ERR,ERR,ERR,ERR,ERR,ERR,ERR,ERR,ERR,ERR,ERR,ERR,ERR,ERR,ERR,ERR,ERR,ERR,ERR,ERR,ERR,ERR,ERR,ERR,ERR,ERR,ERR,ERR,ERR,ERR,ERR,ERR,ERR,ERR,ERR,ERR,ERR,ERR,ERR,ERR,ERR,ERR,ERR,ERR,ERR,ERR,ERR,ERR,ERR,ERR,ERR,ERR,ERR,ERR,ERR,ERR,ERR,ERR,ERR,ERR,ERR,ERR,ERR,ERR,ERR,ERR,ERR,ERR,ERR,ERR,ERR,ERR,ERR,ERR,ERR,ERR,ERR,ERR,ERR,ERR,ERR,ERR,ERR,ERR,ERR,ERR,ERR,ERR,ERR,ERR,ERR,ERR,ERR,ERR,ERR,ERR,ERR,ERR,ERR,ERR,ERR,ERR,ERR,ERR,ERR,ERR,ERR,0.0,-0.0,3.028208139652935e+23,0.0,0.0,1.3936040501711995e+18,7.805,0.0,0,0,4,0,7300,-0.0,0,0.0,0.0,0.0,0.0,0.0,0,0,0,0,0.0,0,0,0,0,0,0,0,0,0,0,0,0,0,0,0,0,0,0,0,0,0,0,0,0,0,0,0,0,0,0,0,0,0,32,30,30,62,65476,0,300,0,0,8,21553,0.0,-107605600.0,0.0,0.0,0.0,0.0,0.0,0.0,0.0,0.0,0.0,0.0,0.0,0.0,0.0,0.0,0.0,0.0,0.0,0.0,0.0,0.0,2.004,-2.004,2.004,2.004,0.0,0.0,0.0,0.0,5522.0,-0.0,6935.0,0.0,-0.0,-0.0,0.0,0.0,0.0,0.0,0.0,63,-4.066878214320265e+29,0.0,0.0,0.0,0.0,0.0,0.0,0.0,0.0,0,0,0,0.0,0.0,0.0,0.0,0.0,0.0,0.0,0.0,0.0,0.0,0.0,0.0,0.0,0.0,0.0,0.0,0,-107875648.0,63,0.0,126,2.7184242562605685e+23,2.842318642297501e+23,ERR,ERR,ERR,ERR,ERR,ERR,ERR,ERR,ERR,ERR,ERR,ERR,ERR,ERR,ERR,ERR,ERR,ERR,ERR,ERR,ERR,ERR,ERR,ERR,ERR,ERR,ERR,ERR,ERR,ERR,ERR,ERR,ERR,ERR,ERR,ERR,ERR,ERR,ERR,ERR,ERR,ERR,ERR,ERR,ERR,ERR,ERR,ERR,ERR,ERR,ERR,ERR,ERR,ERR,ERR,ERR,ERR,ERR,ERR,ERR,ERR,ERR,ERR,ERR,ERR,ERR,ERR,34.0,80.0,35,0.0,0.0,0.0,0.0,0.0,0.0,0.0,0.0,0.0,0.0,0.0,0.0,0.0,0.0,0.0,0.0,64.8,0,116,56,49,65476,0,300,0,0,8,20529,65476,0,0,57672,80.0,0.0,0.0,0.0,0.0,0.0
2026-06-17T04:51:42,ERR,ERR,ERR,ERR,ERR,ERR,ERR,ERR,ERR,ERR,ERR,ERR,ERR,ERR,ERR,ERR,ERR,ERR,ERR,ERR,ERR,ERR,ERR,ERR,ERR,ERR,ERR,ERR,ERR,ERR,ERR,ERR,ERR,ERR,ERR,ERR,ERR,ERR,ERR,ERR,ERR,ERR,ERR,ERR,ERR,ERR,ERR,ERR,ERR,ERR,ERR,ERR,ERR,ERR,ERR,ERR,ERR,ERR,ERR,ERR,ERR,ERR,ERR,ERR,ERR,ERR,ERR,ERR,ERR,ERR,ERR,ERR,ERR,ERR,ERR,ERR,ERR,ERR,ERR,ERR,ERR,ERR,ERR,ERR,ERR,ERR,ERR,ERR,ERR,ERR,ERR,ERR,ERR,ERR,ERR,ERR,ERR,ERR,ERR,ERR,ERR,ERR,ERR,ERR,ERR,ERR,ERR,ERR,ERR,ERR,ERR,ERR,ERR,ERR,ERR,ERR,ERR,ERR,ERR,ERR,ERR,ERR,ERR,ERR,ERR,0.0,-0.0,3.028208139652935e+23,0.0,0.0,1.3936040501711995e+18,7.805,0.0,0,0,4,0,7300,-0.0,0,0.0,0.0,0.0,0.0,0.0,0,0,0,0,0.0,0,0,0,0,0,0,0,0,0,0,0,0,0,0,0,0,0,0,0,0,0,0,0,0,0,0,0,0,0,0,0,0,0,32,30,30,62,65476,0,300,0,0,8,21553,0.0,-107605600.0,0.0,0.0,0.0,0.0,0.0,0.0,0.0,0.0,0.0,0.0,0.0,0.0,0.0,0.0,0.0,0.0,0.0,0.0,0.0,0.0,2.004,-2.004,2.004,2.004,0.0,0.0,0.0,0.0,5522.0,-0.0,6935.0,0.0,-0.0,-0.0,0.0,0.0,0.0,0.0,0.0,63,-4.066878214320265e+29,0.0,0.0,0.0,0.0,0.0,0.0,0.0,0.0,0,0,0,0.0,0.0,0.0,0.0,0.0,0.0,0.0,0.0,0.0,0.0,0.0,0.0,0.0,0.0,0.0,0.0,0,-107875648.0,63,0.0,126,2.7184242562605685e+23,2.842318642297501e+23,ERR,ERR,ERR,ERR,ERR,ERR,ERR,ERR,ERR,ERR,ERR,ERR,ERR,ERR,ERR,ERR,ERR,ERR,ERR,ERR,ERR,ERR,ERR,ERR,ERR,ERR,ERR,ERR,ERR,ERR,ERR,ERR,ERR,ERR,ERR,ERR,ERR,ERR,ERR,ERR,ERR,ERR,ERR,ERR,ERR,ERR,ERR,ERR,ERR,ERR,ERR,ERR,ERR,ERR,ERR,ERR,ERR,ERR,ERR,ERR,ERR,ERR,ERR,ERR,ERR,ERR,ERR,34.0,80.0,35,0.0,0.0,0.0,0.0,0.0,0.0,0.0,0.0,0.0,0.0,0.0,0.0,0.0,0.0,0.0,0.0,64.4,0,116,56,49,65476,0,300,0,0,8,20529,65476,0,0,57672,80.0,0.0,0.0,0.0,0.0,0.0
2026-06-17T04:51:43,ERR,ERR,ERR,ERR,ERR,ERR,ERR,ERR,ERR,ERR,ERR,ERR,ERR,ERR,ERR,ERR,ERR,ERR,ERR,ERR,ERR,ERR,ERR,ERR,ERR,ERR,ERR,ERR,ERR,ERR,ERR,ERR,ERR,ERR,ERR,ERR,ERR,ERR,ERR,ERR,ERR,ERR,ERR,ERR,ERR,ERR,ERR,ERR,ERR,ERR,ERR,ERR,ERR,ERR,ERR,ERR,ERR,ERR,ERR,ERR,ERR,ERR,ERR,ERR,ERR,ERR,ERR,ERR,ERR,ERR,ERR,ERR,ERR,ERR,ERR,ERR,ERR,ERR,ERR,ERR,ERR,ERR,ERR,ERR,ERR,ERR,ERR,ERR,ERR,ERR,ERR,ERR,ERR,ERR,ERR,ERR,ERR,ERR,ERR,ERR,ERR,ERR,ERR,ERR,ERR,ERR,ERR,ERR,ERR,ERR,ERR,ERR,ERR,ERR,ERR,ERR,ERR,ERR,ERR,ERR,ERR,ERR,ERR,ERR,ERR,0.0,-0.0,3.028208139652935e+23,0.0,0.0,1.3936040501711995e+18,7.805,0.0,0,0,4,0,7300,-0.0,0,0.0,0.0,0.0,0.0,0.0,0,0,0,0,0.0,0,0,0,0,0,0,0,0,0,0,0,0,0,0,0,0,0,0,0,0,0,0,0,0,0,0,0,0,0,0,0,0,0,32,30,30,62,65476,0,300,0,0,8,21553,0.0,-107605600.0,0.0,0.0,0.0,0.0,0.0,0.0,0.0,0.0,0.0,0.0,0.0,0.0,0.0,0.0,0.0,0.0,0.0,0.0,0.0,0.0,2.004,-2.004,2.004,2.004,0.0,0.0,0.0,0.0,5522.0,-0.0,6935.0,0.0,-0.0,-0.0,0.0,0.0,0.0,0.0,0.0,63,-4.066878214320265e+29,0.0,0.0,0.0,0.0,0.0,0.0,0.0,0.0,0,0,0,0.0,0.0,0.0,0.0,0.0,0.0,0.0,0.0,0.0,0.0,0.0,0.0,0.0,0.0,0.0,0.0,0,-107875648.0,63,0.0,126,2.7184242562605685e+23,2.842318642297501e+23,ERR,ERR,ERR,ERR,ERR,ERR,ERR,ERR,ERR,ERR,ERR,ERR,ERR,ERR,ERR,ERR,ERR,ERR,ERR,ERR,ERR,ERR,ERR,ERR,ERR,ERR,ERR,ERR,ERR,ERR,ERR,ERR,ERR,ERR,ERR,ERR,ERR,ERR,ERR,ERR,ERR,ERR,ERR,ERR,ERR,ERR,ERR,ERR,ERR,ERR,ERR,ERR,ERR,ERR,ERR,ERR,ERR,ERR,ERR,ERR,ERR,ERR,ERR,ERR,ERR,ERR,ERR,34.0,80.0,35,0.0,0.0,0.0,0.0,0.0,0.0,0.0,0.0,0.0,0.0,0.0,0.0,0.0,0.0,0.0,0.0,64.4,0,116,56,49,65476,0,300,0,0,8,20529,65476,0,0,57672,80.0,0.0,0.0,0.0,0.0,0.0
2026-06-17T04:51:44,ERR,ERR,ERR,ERR,ERR,ERR,ERR,ERR,ERR,ERR,ERR,ERR,ERR,ERR,ERR,ERR,ERR,ERR,ERR,ERR,ERR,ERR,ERR,ERR,ERR,ERR,ERR,ERR,ERR,ERR,ERR,ERR,ERR,ERR,ERR,ERR,ERR,ERR,ERR,ERR,ERR,ERR,ERR,ERR,ERR,ERR,ERR,ERR,ERR,ERR,ERR,ERR,ERR,ERR,ERR,ERR,ERR,ERR,ERR,ERR,ERR,ERR,ERR,ERR,ERR,ERR,ERR,ERR,ERR,ERR,ERR,ERR,ERR,ERR,ERR,ERR,ERR,ERR,ERR,ERR,ERR,ERR,ERR,ERR,ERR,ERR,ERR,ERR,ERR,ERR,ERR,ERR,ERR,ERR,ERR,ERR,ERR,ERR,ERR,ERR,ERR,ERR,ERR,ERR,ERR,ERR,ERR,ERR,ERR,ERR,ERR,ERR,ERR,ERR,ERR,ERR,ERR,ERR,ERR,ERR,ERR,ERR,ERR,ERR,ERR,0.0,-0.0,3.028208139652935e+23,0.0,0.0,1.3936040501711995e+18,7.805,0.0,0,0,4,0,7300,-0.0,0,0.0,0.0,0.0,0.0,0.0,0,0,0,0,0.0,0,0,0,0,0,0,0,0,0,0,0,0,0,0,0,0,0,0,0,0,0,0,0,0,0,0,0,0,0,0,0,0,0,32,30,30,62,65476,0,300,0,0,8,21553,0.0,-107605600.0,0.0,0.0,0.0,0.0,0.0,0.0,0.0,0.0,0.0,0.0,0.0,0.0,0.0,0.0,0.0,0.0,0.0,0.0,0.0,0.0,2.004,-2.004,2.004,2.004,0.0,0.0,0.0,0.0,5522.0,-0.0,6935.0,0.0,-0.0,-0.0,0.0,0.0,0.0,0.0,0.0,63,-4.066878214320265e+29,0.0,0.0,0.0,0.0,0.0,0.0,0.0,0.0,0,0,0,0.0,0.0,0.0,0.0,0.0,0.0,0.0,0.0,0.0,0.0,0.0,0.0,0.0,0.0,0.0,0.0,0,-107875648.0,63,0.0,126,2.7184242562605685e+23,2.842318642297501e+23,ERR,ERR,ERR,ERR,ERR,ERR,ERR,ERR,ERR,ERR,ERR,ERR,ERR,ERR,ERR,ERR,ERR,ERR,ERR,ERR,ERR,ERR,ERR,ERR,ERR,ERR,ERR,ERR,ERR,ERR,ERR,ERR,ERR,ERR,ERR,ERR,ERR,ERR,ERR,ERR,ERR,ERR,ERR,ERR,ERR,ERR,ERR,ERR,ERR,ERR,ERR,ERR,ERR,ERR,ERR,ERR,ERR,ERR,ERR,ERR,ERR,ERR,ERR,ERR,ERR,ERR,ERR,34.0,80.0,35,0.0,0.0,0.0,0.0,0.0,0.0,0.0,0.0,0.0,0.0,0.0,0.0,0.0,0.0,0.0,0.0,64.4,0,116,56,49,65476,0,300,0,0,8,20529,65476,0,0,57672,80.0,0.0,0.0,0.0,0.0,0.0
2026-06-17T04:51:45,ERR,ERR,ERR,ERR,ERR,ERR,ERR,ERR,ERR,ERR,ERR,ERR,ERR,ERR,ERR,ERR,ERR,ERR,ERR,ERR,ERR,ERR,ERR,ERR,ERR,ERR,ERR,ERR,ERR,ERR,ERR,ERR,ERR,ERR,ERR,ERR,ERR,ERR,ERR,ERR,ERR,ERR,ERR,ERR,ERR,ERR,ERR,ERR,ERR,ERR,ERR,ERR,ERR,ERR,ERR,ERR,ERR,ERR,ERR,ERR,ERR,ERR,ERR,ERR,ERR,ERR,ERR,ERR,ERR,ERR,ERR,ERR,ERR,ERR,ERR,ERR,ERR,ERR,ERR,ERR,ERR,ERR,ERR,ERR,ERR,ERR,ERR,ERR,ERR,ERR,ERR,ERR,ERR,ERR,ERR,ERR,ERR,ERR,ERR,ERR,ERR,ERR,ERR,ERR,ERR,ERR,ERR,ERR,ERR,ERR,ERR,ERR,ERR,ERR,ERR,ERR,ERR,ERR,ERR,ERR,ERR,ERR,ERR,ERR,ERR,0.0,-0.0,3.028208139652935e+23,0.0,0.0,1.3936040501711995e+18,7.805,0.0,0,0,4,0,7300,-0.0,0,0.0,0.0,0.0,0.0,0.0,0,0,0,0,0.0,0,0,0,0,0,0,0,0,0,0,0,0,0,0,0,0,0,0,0,0,0,0,0,0,0,0,0,0,0,0,0,0,0,32,30,30,62,65476,0,300,0,0,8,21553,0.0,-107605600.0,0.0,0.0,0.0,0.0,0.0,0.0,0.0,0.0,0.0,0.0,0.0,0.0,0.0,0.0,0.0,0.0,0.0,0.0,0.0,0.0,2.004,-2.004,2.004,2.004,0.0,0.0,0.0,0.0,5522.0,-0.0,6935.0,0.0,-0.0,-0.0,0.0,0.0,0.0,0.0,0.0,63,-4.066878214320265e+29,0.0,0.0,0.0,0.0,0.0,0.0,0.0,0.0,0,0,0,0.0,0.0,0.0,0.0,0.0,0.0,0.0,0.0,0.0,0.0,0.0,0.0,0.0,0.0,0.0,0.0,0,-107875648.0,63,0.0,126,2.7184242562605685e+23,2.842318642297501e+23,ERR,ERR,ERR,ERR,ERR,ERR,ERR,ERR,ERR,ERR,ERR,ERR,ERR,ERR,ERR,ERR,ERR,ERR,ERR,ERR,ERR,ERR,ERR,ERR,ERR,ERR,ERR,ERR,ERR,ERR,ERR,ERR,ERR,ERR,ERR,ERR,ERR,ERR,ERR,ERR,ERR,ERR,ERR,ERR,ERR,ERR,ERR,ERR,ERR,ERR,ERR,ERR,ERR,ERR,ERR,ERR,ERR,ERR,ERR,ERR,ERR,ERR,ERR,ERR,ERR,ERR,ERR,34.0,80.0,35,0.0,0.0,0.0,0.0,0.0,0.0,0.0,0.0,0.0,0.0,0.0,0.0,0.0,0.0,0.0,0.0,64.4,0,116,56,49,65476,0,300,0,0,8,20529,65476,0,0,57672,80.0,0.0,0.0,0.0,0.0,0.0
2026-06-17T04:51:46,ERR,ERR,ERR,ERR,ERR,ERR,ERR,ERR,ERR,ERR,ERR,ERR,ERR,ERR,ERR,ERR,ERR,ERR,ERR,ERR,ERR,ERR,ERR,ERR,ERR,ERR,ERR,ERR,ERR,ERR,ERR,ERR,ERR,ERR,ERR,ERR,ERR,ERR,ERR,ERR,ERR,ERR,ERR,ERR,ERR,ERR,ERR,ERR,ERR,ERR,ERR,ERR,ERR,ERR,ERR,ERR,ERR,ERR,ERR,ERR,ERR,ERR,ERR,ERR,ERR,ERR,ERR,ERR,ERR,ERR,ERR,ERR,ERR,ERR,ERR,ERR,ERR,ERR,ERR,ERR,ERR,ERR,ERR,ERR,ERR,ERR,ERR,ERR,ERR,ERR,ERR,ERR,ERR,ERR,ERR,ERR,ERR,ERR,ERR,ERR,ERR,ERR,ERR,ERR,ERR,ERR,ERR,ERR,ERR,ERR,ERR,ERR,ERR,ERR,ERR,ERR,ERR,ERR,ERR,ERR,ERR,ERR,ERR,ERR,ERR,0.0,-0.0,3.028208139652935e+23,0.0,0.0,1.3936040501711995e+18,7.805,0.0,0,0,4,0,7300,-0.0,0,0.0,0.0,0.0,0.0,0.0,0,0,0,0,0.0,0,0,0,0,0,0,0,0,0,0,0,0,0,0,0,0,0,0,0,0,0,0,0,0,0,0,0,0,0,0,0,0,0,32,30,30,62,65476,0,300,0,0,8,21553,0.0,-107605600.0,0.0,0.0,0.0,0.0,0.0,0.0,0.0,0.0,0.0,0.0,0.0,0.0,0.0,0.0,0.0,0.0,0.0,0.0,0.0,0.0,2.004,-2.004,2.004,2.004,0.0,0.0,0.0,0.0,5522.0,-0.0,6935.0,0.0,-0.0,-0.0,0.0,0.0,0.0,0.0,0.0,63,-4.066878214320265e+29,0.0,0.0,0.0,0.0,0.0,0.0,0.0,0.0,0,0,0,0.0,0.0,0.0,0.0,0.0,0.0,0.0,0.0,0.0,0.0,0.0,0.0,0.0,0.0,0.0,0.0,0,-107875648.0,63,0.0,126,2.7184242562605685e+23,2.842318642297501e+23,ERR,ERR,ERR,ERR,ERR,ERR,ERR,ERR,ERR,ERR,ERR,ERR,ERR,ERR,ERR,ERR,ERR,ERR,ERR,ERR,ERR,ERR,ERR,ERR,ERR,ERR,ERR,ERR,ERR,ERR,ERR,ERR,ERR,ERR,ERR,ERR,ERR,ERR,ERR,ERR,ERR,ERR,ERR,ERR,ERR,ERR,ERR,ERR,ERR,ERR,ERR,ERR,ERR,ERR,ERR,ERR,ERR,ERR,ERR,ERR,ERR,ERR,ERR,ERR,ERR,ERR,ERR,34.0,80.0,35,0.0,0.0,0.0,0.0,0.0,0.0,0.0,0.0,0.0,0.0,0.0,0.0,0.0,0.0,0.0,0.0,64.4,0,116,56,49,65476,0,300,0,0,8,20529,65476,0,0,57672,80.0,0.0,0.0,0.0,0.0,0.0
2026-06-17T04:51:47,ERR,ERR,ERR,ERR,ERR,ERR,ERR,ERR,ERR,ERR,ERR,ERR,ERR,ERR,ERR,ERR,ERR,ERR,ERR,ERR,ERR,ERR,ERR,ERR,ERR,ERR,ERR,ERR,ERR,ERR,ERR,ERR,ERR,ERR,ERR,ERR,ERR,ERR,ERR,ERR,ERR,ERR,ERR,ERR,ERR,ERR,ERR,ERR,ERR,ERR,ERR,ERR,ERR,ERR,ERR,ERR,ERR,ERR,ERR,ERR,ERR,ERR,ERR,ERR,ERR,ERR,ERR,ERR,ERR,ERR,ERR,ERR,ERR,ERR,ERR,ERR,ERR,ERR,ERR,ERR,ERR,ERR,ERR,ERR,ERR,ERR,ERR,ERR,ERR,ERR,ERR,ERR,ERR,ERR,ERR,ERR,ERR,ERR,ERR,ERR,ERR,ERR,ERR,ERR,ERR,ERR,ERR,ERR,ERR,ERR,ERR,ERR,ERR,ERR,ERR,ERR,ERR,ERR,ERR,ERR,ERR,ERR,ERR,ERR,ERR,0.0,-0.0,3.028208139652935e+23,0.0,0.0,1.3936040501711995e+18,7.805,0.0,0,0,4,0,7300,-0.0,0,0.0,0.0,0.0,0.0,0.0,0,0,0,0,0.0,0,0,0,0,0,0,0,0,0,0,0,0,0,0,0,0,0,0,0,0,0,0,0,0,0,0,0,0,0,0,0,0,0,32,30,30,62,65476,0,300,0,0,8,21553,0.0,-107605600.0,0.0,0.0,0.0,0.0,0.0,0.0,0.0,0.0,0.0,0.0,0.0,0.0,0.0,0.0,0.0,0.0,0.0,0.0,0.0,0.0,-0.0,-2.004,2.004,2.004,0.0,0.0,0.0,0.0,5522.0,-0.0,6934.0,0.0,-0.0,-0.0,0.0,0.0,0.0,0.0,0.0,63,-4.9504266636054534e+32,0.0,0.0,0.0,0.0,0.0,0.0,0.0,0.0,0,0,0,0.0,0.0,0.0,0.0,0.0,0.0,0.0,0.0,0.0,0.0,0.0,0.0,0.0,0.0,0.0,0.0,0,-107875648.0,63,0.0,126,2.7184242562605685e+23,2.842318642297501e+23,ERR,ERR,ERR,ERR,ERR,ERR,ERR,ERR,ERR,ERR,ERR,ERR,ERR,ERR,ERR,ERR,ERR,ERR,ERR,ERR,ERR,ERR,ERR,ERR,ERR,ERR,ERR,ERR,ERR,ERR,ERR,ERR,ERR,ERR,ERR,ERR,ERR,ERR,ERR,ERR,ERR,ERR,ERR,ERR,ERR,ERR,ERR,ERR,ERR,ERR,ERR,ERR,ERR,ERR,ERR,ERR,ERR,ERR,ERR,ERR,ERR,ERR,ERR,ERR,ERR,ERR,ERR,34.0,80.0,35,0.0,0.0,0.0,0.0,0.0,0.0,0.0,0.0,0.0,0.0,0.0,0.0,0.0,0.0,0.0,0.0,64.4,0,116,56,49,65476,0,300,0,0,8,20529,65476,0,0,57672,80.0,0.0,0.0,0.0,0.0,0.0
2026-06-17T04:51:48,ERR,ERR,ERR,ERR,ERR,ERR,ERR,ERR,ERR,ERR,ERR,ERR,ERR,ERR,ERR,ERR,ERR,ERR,ERR,ERR,ERR,ERR,ERR,ERR,ERR,ERR,ERR,ERR,ERR,ERR,ERR,ERR,ERR,ERR,ERR,ERR,ERR,ERR,ERR,ERR,ERR,ERR,ERR,ERR,ERR,ERR,ERR,ERR,ERR,ERR,ERR,ERR,ERR,ERR,ERR,ERR,ERR,ERR,ERR,ERR,ERR,ERR,ERR,ERR,ERR,ERR,ERR,ERR,ERR,ERR,ERR,ERR,ERR,ERR,ERR,ERR,ERR,ERR,ERR,ERR,ERR,ERR,ERR,ERR,ERR,ERR,ERR,ERR,ERR,ERR,ERR,ERR,ERR,ERR,ERR,ERR,ERR,ERR,ERR,ERR,ERR,ERR,ERR,ERR,ERR,ERR,ERR,ERR,ERR,ERR,ERR,ERR,ERR,ERR,ERR,ERR,ERR,ERR,ERR,ERR,ERR,ERR,ERR,ERR,ERR,0.0,-0.0,3.028208139652935e+23,0.0,0.0,1.3936040501711995e+18,7.805,0.0,0,0,4,0,7300,-0.0,0,0.0,0.0,0.0,0.0,0.0,0,0,0,0,0.0,0,0,0,0,0,0,0,0,0,0,0,0,0,0,0,0,0,0,0,0,0,0,0,0,0,0,0,0,0,0,0,0,0,32,30,30,62,65476,0,300,0,0,8,21553,0.0,-107605600.0,0.0,0.0,0.0,0.0,0.0,0.0,0.0,0.0,0.0,0.0,0.0,0.0,0.0,0.0,0.0,0.0,0.0,0.0,0.0,0.0,-0.0,-2.004,2.004,2.004,0.0,0.0,0.0,0.0,5522.0,-0.0,6934.0,0.0,-0.0,-0.0,0.0,0.0,0.0,0.0,0.0,63,-4.9504266636054534e+32,0.0,0.0,0.0,0.0,0.0,0.0,0.0,0.0,0,0,0,0.0,0.0,0.0,0.0,0.0,0.0,0.0,0.0,0.0,0.0,0.0,0.0,0.0,0.0,0.0,0.0,0,-107875648.0,63,0.0,126,2.7184242562605685e+23,2.842318642297501e+23,ERR,ERR,ERR,ERR,ERR,ERR,ERR,ERR,ERR,ERR,ERR,ERR,ERR,ERR,ERR,ERR,ERR,ERR,ERR,ERR,ERR,ERR,ERR,ERR,ERR,ERR,ERR,ERR,ERR,ERR,ERR,ERR,ERR,ERR,ERR,ERR,ERR,ERR,ERR,ERR,ERR,ERR,ERR,ERR,ERR,ERR,ERR,ERR,ERR,ERR,ERR,ERR,ERR,ERR,ERR,ERR,ERR,ERR,ERR,ERR,ERR,ERR,ERR,ERR,ERR,ERR,ERR,34.0,80.0,35,0.0,0.0,0.0,0.0,0.0,0.0,0.0,0.0,0.0,0.0,0.0,0.0,0.0,0.0,0.0,0.0,64.4,0,116,56,49,65476,0,300,0,0,8,20529,65476,0,0,57672,80.0,0.0,0.0,0.0,0.0,0.0
2026-06-17T04:51:49,ERR,ERR,ERR,ERR,ERR,ERR,ERR,ERR,ERR,ERR,ERR,ERR,ERR,ERR,ERR,ERR,ERR,ERR,ERR,ERR,ERR,ERR,ERR,ERR,ERR,ERR,ERR,ERR,ERR,ERR,ERR,ERR,ERR,ERR,ERR,ERR,ERR,ERR,ERR,ERR,ERR,ERR,ERR,ERR,ERR,ERR,ERR,ERR,ERR,ERR,ERR,ERR,ERR,ERR,ERR,ERR,ERR,ERR,ERR,ERR,ERR,ERR,ERR,ERR,ERR,ERR,ERR,ERR,ERR,ERR,ERR,ERR,ERR,ERR,ERR,ERR,ERR,ERR,ERR,ERR,ERR,ERR,ERR,ERR,ERR,ERR,ERR,ERR,ERR,ERR,ERR,ERR,ERR,ERR,ERR,ERR,ERR,ERR,ERR,ERR,ERR,ERR,ERR,ERR,ERR,ERR,ERR,ERR,ERR,ERR,ERR,ERR,ERR,ERR,ERR,ERR,ERR,ERR,ERR,ERR,ERR,ERR,ERR,ERR,ERR,0.0,-0.0,3.028208139652935e+23,0.0,0.0,1.3936040501711995e+18,7.805,0.0,0,0,4,0,7300,-0.0,0,0.0,0.0,0.0,0.0,0.0,0,0,0,0,0.0,0,0,0,0,0,0,0,0,0,0,0,0,0,0,0,0,0,0,0,0,0,0,0,0,0,0,0,0,0,0,0,0,0,32,30,30,62,65476,0,300,0,0,8,21553,0.0,-107605600.0,0.0,0.0,0.0,0.0,0.0,0.0,0.0,0.0,0.0,0.0,0.0,0.0,0.0,0.0,0.0,0.0,0.0,0.0,0.0,0.0,-0.0,-2.004,2.004,2.004,0.0,0.0,0.0,0.0,5522.0,-0.0,6934.0,0.0,-0.0,-0.0,0.0,0.0,0.0,0.0,0.0,63,-4.9504266636054534e+32,0.0,0.0,0.0,0.0,0.0,0.0,0.0,0.0,0,0,0,0.0,0.0,0.0,0.0,0.0,0.0,0.0,0.0,0.0,0.0,0.0,0.0,0.0,0.0,0.0,0.0,0,-107875648.0,63,0.0,126,2.7184242562605685e+23,2.842318642297501e+23,ERR,ERR,ERR,ERR,ERR,ERR,ERR,ERR,ERR,ERR,ERR,ERR,ERR,ERR,ERR,ERR,ERR,ERR,ERR,ERR,ERR,ERR,ERR,ERR,ERR,ERR,ERR,ERR,ERR,ERR,ERR,ERR,ERR,ERR,ERR,ERR,ERR,ERR,ERR,ERR,ERR,ERR,ERR,ERR,ERR,ERR,ERR,ERR,ERR,ERR,ERR,ERR,ERR,ERR,ERR,ERR,ERR,ERR,ERR,ERR,ERR,ERR,ERR,ERR,ERR,ERR,ERR,34.0,80.0,35,0.0,0.0,0.0,0.0,0.0,0.0,0.0,0.0,0.0,0.0,0.0,0.0,0.0,0.0,0.0,0.0,64.4,0,116,56,49,65476,0,300,0,0,8,20529,65476,0,0,57672,80.0,0.0,0.0,0.0,0.0,0.0
2026-06-17T04:51:50,ERR,ERR,ERR,ERR,ERR,ERR,ERR,ERR,ERR,ERR,ERR,ERR,ERR,ERR,ERR,ERR,ERR,ERR,ERR,ERR,ERR,ERR,ERR,ERR,ERR,ERR,ERR,ERR,ERR,ERR,ERR,ERR,ERR,ERR,ERR,ERR,ERR,ERR,ERR,ERR,ERR,ERR,ERR,ERR,ERR,ERR,ERR,ERR,ERR,ERR,ERR,ERR,ERR,ERR,ERR,ERR,ERR,ERR,ERR,ERR,ERR,ERR,ERR,ERR,ERR,ERR,ERR,ERR,ERR,ERR,ERR,ERR,ERR,ERR,ERR,ERR,ERR,ERR,ERR,ERR,ERR,ERR,ERR,ERR,ERR,ERR,ERR,ERR,ERR,ERR,ERR,ERR,ERR,ERR,ERR,ERR,ERR,ERR,ERR,ERR,ERR,ERR,ERR,ERR,ERR,ERR,ERR,ERR,ERR,ERR,ERR,ERR,ERR,ERR,ERR,ERR,ERR,ERR,ERR,ERR,ERR,ERR,ERR,ERR,ERR,0.0,-0.0,3.028208139652935e+23,0.0,0.0,1.3936040501711995e+18,7.805,0.0,0,0,4,0,7300,-0.0,0,0.0,0.0,0.0,0.0,0.0,0,0,0,0,0.0,0,0,0,0,0,0,0,0,0,0,0,0,0,0,0,0,0,0,0,0,0,0,0,0,0,0,0,0,0,0,0,0,0,32,30,30,62,65476,0,300,0,0,8,21553,0.0,-107605600.0,0.0,0.0,0.0,0.0,0.0,0.0,0.0,0.0,0.0,0.0,0.0,0.0,0.0,0.0,0.0,0.0,0.0,0.0,0.0,0.0,-0.0,-2.004,2.004,2.004,0.0,0.0,0.0,0.0,5522.0,-0.0,6934.0,0.0,-0.0,-0.0,0.0,0.0,0.0,0.0,0.0,63,-4.9504266636054534e+32,0.0,0.0,0.0,0.0,0.0,0.0,0.0,0.0,0,0,0,0.0,0.0,0.0,0.0,0.0,0.0,0.0,0.0,0.0,0.0,0.0,0.0,0.0,0.0,0.0,0.0,0,-107875648.0,63,0.0,126,2.7184242562605685e+23,2.842318642297501e+23,ERR,ERR,ERR,ERR,ERR,ERR,ERR,ERR,ERR,ERR,ERR,ERR,ERR,ERR,ERR,ERR,ERR,ERR,ERR,ERR,ERR,ERR,ERR,ERR,ERR,ERR,ERR,ERR,ERR,ERR,ERR,ERR,ERR,ERR,ERR,ERR,ERR,ERR,ERR,ERR,ERR,ERR,ERR,ERR,ERR,ERR,ERR,ERR,ERR,ERR,ERR,ERR,ERR,ERR,ERR,ERR,ERR,ERR,ERR,ERR,ERR,ERR,ERR,ERR,ERR,ERR,ERR,34.0,80.0,35,0.0,0.0,0.0,0.0,0.0,0.0,0.0,0.0,0.0,0.0,0.0,0.0,0.0,0.0,0.0,0.0,64.4,0,116,56,49,65476,0,300,0,0,8,20529,65476,0,0,57672,80.0,0.0,0.0,0.0,0.0,0.0
2026-06-17T04:51:51,ERR,ERR,ERR,ERR,ERR,ERR,ERR,ERR,ERR,ERR,ERR,ERR,ERR,ERR,ERR,ERR,ERR,ERR,ERR,ERR,ERR,ERR,ERR,ERR,ERR,ERR,ERR,ERR,ERR,ERR,ERR,ERR,ERR,ERR,ERR,ERR,ERR,ERR,ERR,ERR,ERR,ERR,ERR,ERR,ERR,ERR,ERR,ERR,ERR,ERR,ERR,ERR,ERR,ERR,ERR,ERR,ERR,ERR,ERR,ERR,ERR,ERR,ERR,ERR,ERR,ERR,ERR,ERR,ERR,ERR,ERR,ERR,ERR,ERR,ERR,ERR,ERR,ERR,ERR,ERR,ERR,ERR,ERR,ERR,ERR,ERR,ERR,ERR,ERR,ERR,ERR,ERR,ERR,ERR,ERR,ERR,ERR,ERR,ERR,ERR,ERR,ERR,ERR,ERR,ERR,ERR,ERR,ERR,ERR,ERR,ERR,ERR,ERR,ERR,ERR,ERR,ERR,ERR,ERR,ERR,ERR,ERR,ERR,ERR,ERR,0.0,-0.0,3.028208139652935e+23,0.0,0.0,1.3936040501711995e+18,7.805,0.0,0,0,4,0,7300,-0.0,0,0.0,0.0,0.0,0.0,0.0,0,0,0,0,0.0,0,0,0,0,0,0,0,0,0,0,0,0,0,0,0,0,0,0,0,0,0,0,0,0,0,0,0,0,0,0,0,0,0,32,30,30,62,65476,0,300,0,0,8,21553,0.0,-107605600.0,0.0,0.0,0.0,0.0,0.0,0.0,0.0,0.0,0.0,0.0,0.0,0.0,0.0,0.0,0.0,0.0,0.0,0.0,0.0,0.0,-0.0,-2.004,2.004,2.004,0.0,0.0,0.0,0.0,5522.0,-0.0,6934.0,0.0,-0.0,-0.0,0.0,0.0,0.0,0.0,0.0,63,-4.9504266636054534e+32,0.0,0.0,0.0,0.0,0.0,0.0,0.0,0.0,0,0,0,0.0,0.0,0.0,0.0,0.0,0.0,0.0,0.0,0.0,0.0,0.0,0.0,0.0,0.0,0.0,0.0,0,-107875648.0,63,0.0,126,2.7184242562605685e+23,2.842318642297501e+23,ERR,ERR,ERR,ERR,ERR,ERR,ERR,ERR,ERR,ERR,ERR,ERR,ERR,ERR,ERR,ERR,ERR,ERR,ERR,ERR,ERR,ERR,ERR,ERR,ERR,ERR,ERR,ERR,ERR,ERR,ERR,ERR,ERR,ERR,ERR,ERR,ERR,ERR,ERR,ERR,ERR,ERR,ERR,ERR,ERR,ERR,ERR,ERR,ERR,ERR,ERR,ERR,ERR,ERR,ERR,ERR,ERR,ERR,ERR,ERR,ERR,ERR,ERR,ERR,ERR,ERR,ERR,34.0,80.0,35,0.0,0.0,0.0,0.0,0.0,0.0,0.0,0.0,0.0,0.0,0.0,0.0,0.0,0.0,0.0,0.0,64.4,0,116,56,49,65476,0,300,0,0,8,20529,65476,0,0,57672,80.0,0.0,0.0,0.0,0.0,0.0
2026-06-17T04:51:52,ERR,ERR,ERR,ERR,ERR,ERR,ERR,ERR,ERR,ERR,ERR,ERR,ERR,ERR,ERR,ERR,ERR,ERR,ERR,ERR,ERR,ERR,ERR,ERR,ERR,ERR,ERR,ERR,ERR,ERR,ERR,ERR,ERR,ERR,ERR,ERR,ERR,ERR,ERR,ERR,ERR,ERR,ERR,ERR,ERR,ERR,ERR,ERR,ERR,ERR,ERR,ERR,ERR,ERR,ERR,ERR,ERR,ERR,ERR,ERR,ERR,ERR,ERR,ERR,ERR,ERR,ERR,ERR,ERR,ERR,ERR,ERR,ERR,ERR,ERR,ERR,ERR,ERR,ERR,ERR,ERR,ERR,ERR,ERR,ERR,ERR,ERR,ERR,ERR,ERR,ERR,ERR,ERR,ERR,ERR,ERR,ERR,ERR,ERR,ERR,ERR,ERR,ERR,ERR,ERR,ERR,ERR,ERR,ERR,ERR,ERR,ERR,ERR,ERR,ERR,ERR,ERR,ERR,ERR,ERR,ERR,ERR,ERR,ERR,ERR,0.0,-0.0,3.028208139652935e+23,0.0,0.0,1.3936040501711995e+18,7.805,0.0,0,0,4,0,7300,-0.0,0,0.0,0.0,0.0,0.0,0.0,0,0,0,0,0.0,0,0,0,0,0,0,0,0,0,0,0,0,0,0,0,0,0,0,0,0,0,0,0,0,0,0,0,0,0,0,0,0,0,32,30,30,62,65476,0,300,0,0,8,21553,0.0,-107605600.0,0.0,0.0,0.0,0.0,0.0,0.0,0.0,0.0,0.0,0.0,0.0,0.0,0.0,0.0,0.0,0.0,0.0,0.0,0.0,0.0,2.004,-2.004,2.004,2.004,0.0,0.0,0.0,0.0,5522.0,8608198656.0,6922.0,0.0,-0.0,-0.0,0.0,0.0,0.0,0.0,0.0,63,-4.9504266636054534e+32,-0.0,0.0,0.0,0.0,0.0,0.0,0.0,0.0,0,0,0,0.0,0.0,0.0,0.0,0.0,0.0,0.0,0.0,0.0,0.0,0.0,0.0,0.0,0.0,0.0,0.0,0,-107875648.0,63,0.0,126,2.7184242562605685e+23,2.842318642297501e+23,ERR,ERR,ERR,ERR,ERR,ERR,ERR,ERR,ERR,ERR,ERR,ERR,ERR,ERR,ERR,ERR,ERR,ERR,ERR,ERR,ERR,ERR,ERR,ERR,ERR,ERR,ERR,ERR,ERR,ERR,ERR,ERR,ERR,ERR,ERR,ERR,ERR,ERR,ERR,ERR,ERR,ERR,ERR,ERR,ERR,ERR,ERR,ERR,ERR,ERR,ERR,ERR,ERR,ERR,ERR,ERR,ERR,ERR,ERR,ERR,ERR,ERR,ERR,ERR,ERR,ERR,ERR,34.0,80.0,35,0.0,0.0,0.0,0.0,0.0,0.0,0.0,0.0,0.0,0.0,0.0,0.0,0.0,0.0,0.0,0.0,64.4,0,116,56,49,65476,0,300,0,0,8,20529,65476,0,0,57672,80.0,0.0,0.0,0.0,0.0,0.0
2026-06-17T04:51:53,ERR,ERR,ERR,ERR,ERR,ERR,ERR,ERR,ERR,ERR,ERR,ERR,ERR,ERR,ERR,ERR,ERR,ERR,ERR,ERR,ERR,ERR,ERR,ERR,ERR,ERR,ERR,ERR,ERR,ERR,ERR,ERR,ERR,ERR,ERR,ERR,ERR,ERR,ERR,ERR,ERR,ERR,ERR,ERR,ERR,ERR,ERR,ERR,ERR,ERR,ERR,ERR,ERR,ERR,ERR,ERR,ERR,ERR,ERR,ERR,ERR,ERR,ERR,ERR,ERR,ERR,ERR,ERR,ERR,ERR,ERR,ERR,ERR,ERR,ERR,ERR,ERR,ERR,ERR,ERR,ERR,ERR,ERR,ERR,ERR,ERR,ERR,ERR,ERR,ERR,ERR,ERR,ERR,ERR,ERR,ERR,ERR,ERR,ERR,ERR,ERR,ERR,ERR,ERR,ERR,ERR,ERR,ERR,ERR,ERR,ERR,ERR,ERR,ERR,ERR,ERR,ERR,ERR,ERR,ERR,ERR,ERR,ERR,ERR,ERR,0.0,-0.0,3.028208139652935e+23,0.0,0.0,1.3936040501711995e+18,7.805,0.0,0,0,4,0,7300,-0.0,0,0.0,0.0,0.0,0.0,0.0,0,0,0,0,0.0,0,0,0,0,0,0,0,0,0,0,0,0,0,0,0,0,0,0,0,0,0,0,0,0,0,0,0,0,0,0,0,0,0,32,30,30,62,65476,0,300,0,0,8,21553,0.0,-107605600.0,0.0,0.0,0.0,0.0,0.0,0.0,0.0,0.0,0.0,0.0,0.0,0.0,0.0,0.0,0.0,0.0,0.0,0.0,0.0,0.0,2.004,-2.004,2.004,2.004,0.0,0.0,0.0,0.0,5522.0,8608198656.0,6922.0,0.0,-0.0,-0.0,0.0,0.0,0.0,0.0,0.0,63,-4.9504266636054534e+32,-0.0,0.0,0.0,0.0,0.0,0.0,0.0,0.0,0,0,0,0.0,0.0,0.0,0.0,0.0,0.0,0.0,0.0,0.0,0.0,0.0,0.0,0.0,0.0,0.0,0.0,0,-107875648.0,63,0.0,126,2.7184242562605685e+23,2.842318642297501e+23,ERR,ERR,ERR,ERR,ERR,ERR,ERR,ERR,ERR,ERR,ERR,ERR,ERR,ERR,ERR,ERR,ERR,ERR,ERR,ERR,ERR,ERR,ERR,ERR,ERR,ERR,ERR,ERR,ERR,ERR,ERR,ERR,ERR,ERR,ERR,ERR,ERR,ERR,ERR,ERR,ERR,ERR,ERR,ERR,ERR,ERR,ERR,ERR,ERR,ERR,ERR,ERR,ERR,ERR,ERR,ERR,ERR,ERR,ERR,ERR,ERR,ERR,ERR,ERR,ERR,ERR,ERR,34.0,80.0,35,0.0,0.0,0.0,0.0,0.0,0.0,0.0,0.0,0.0,0.0,0.0,0.0,0.0,0.0,0.0,0.0,64.8,0,116,56,49,65476,0,300,0,0,8,20529,65476,0,0,57672,80.0,0.0,0.0,0.0,0.0,0.0
2026-06-17T04:51:54,ERR,ERR,ERR,ERR,ERR,ERR,ERR,ERR,ERR,ERR,ERR,ERR,ERR,ERR,ERR,ERR,ERR,ERR,ERR,ERR,ERR,ERR,ERR,ERR,ERR,ERR,ERR,ERR,ERR,ERR,ERR,ERR,ERR,ERR,ERR,ERR,ERR,ERR,ERR,ERR,ERR,ERR,ERR,ERR,ERR,ERR,ERR,ERR,ERR,ERR,ERR,ERR,ERR,ERR,ERR,ERR,ERR,ERR,ERR,ERR,ERR,ERR,ERR,ERR,ERR,ERR,ERR,ERR,ERR,ERR,ERR,ERR,ERR,ERR,ERR,ERR,ERR,ERR,ERR,ERR,ERR,ERR,ERR,ERR,ERR,ERR,ERR,ERR,ERR,ERR,ERR,ERR,ERR,ERR,ERR,ERR,ERR,ERR,ERR,ERR,ERR,ERR,ERR,ERR,ERR,ERR,ERR,ERR,ERR,ERR,ERR,ERR,ERR,ERR,ERR,ERR,ERR,ERR,ERR,ERR,ERR,ERR,ERR,ERR,ERR,0.0,-0.0,3.028208139652935e+23,0.0,0.0,1.3936040501711995e+18,7.805,0.0,0,0,4,0,7300,-0.0,0,0.0,0.0,0.0,0.0,0.0,0,0,0,0,0.0,0,0,0,0,0,0,0,0,0,0,0,0,0,0,0,0,0,0,0,0,0,0,0,0,0,0,0,0,0,0,0,0,0,32,30,30,62,65476,0,300,0,0,8,21553,0.0,-107605600.0,0.0,0.0,0.0,0.0,0.0,0.0,0.0,0.0,0.0,0.0,0.0,0.0,0.0,0.0,0.0,0.0,0.0,0.0,0.0,0.0,2.004,-2.004,2.004,2.004,0.0,0.0,0.0,0.0,5522.0,8608198656.0,6922.0,0.0,-0.0,-0.0,0.0,0.0,0.0,0.0,0.0,63,-4.9504266636054534e+32,-0.0,0.0,0.0,0.0,0.0,0.0,0.0,0.0,0,0,0,0.0,0.0,0.0,0.0,0.0,0.0,0.0,0.0,0.0,0.0,0.0,0.0,0.0,0.0,0.0,0.0,0,-107875648.0,63,0.0,126,2.7184242562605685e+23,2.842318642297501e+23,ERR,ERR,ERR,ERR,ERR,ERR,ERR,ERR,ERR,ERR,ERR,ERR,ERR,ERR,ERR,ERR,ERR,ERR,ERR,ERR,ERR,ERR,ERR,ERR,ERR,ERR,ERR,ERR,ERR,ERR,ERR,ERR,ERR,ERR,ERR,ERR,ERR,ERR,ERR,ERR,ERR,ERR,ERR,ERR,ERR,ERR,ERR,ERR,ERR,ERR,ERR,ERR,ERR,ERR,ERR,ERR,ERR,ERR,ERR,ERR,ERR,ERR,ERR,ERR,ERR,ERR,ERR,34.0,80.0,35,0.0,0.0,0.0,0.0,0.0,0.0,0.0,0.0,0.0,0.0,0.0,0.0,0.0,0.0,0.0,0.0,64.8,0,116,56,49,65476,0,300,0,0,8,20529,65476,0,0,57672,80.0,0.0,0.0,0.0,0.0,0.0
2026-06-17T04:51:55,ERR,ERR,ERR,ERR,ERR,ERR,ERR,ERR,ERR,ERR,ERR,ERR,ERR,ERR,ERR,ERR,ERR,ERR,ERR,ERR,ERR,ERR,ERR,ERR,ERR,ERR,ERR,ERR,ERR,ERR,ERR,ERR,ERR,ERR,ERR,ERR,ERR,ERR,ERR,ERR,ERR,ERR,ERR,ERR,ERR,ERR,ERR,ERR,ERR,ERR,ERR,ERR,ERR,ERR,ERR,ERR,ERR,ERR,ERR,ERR,ERR,ERR,ERR,ERR,ERR,ERR,ERR,ERR,ERR,ERR,ERR,ERR,ERR,ERR,ERR,ERR,ERR,ERR,ERR,ERR,ERR,ERR,ERR,ERR,ERR,ERR,ERR,ERR,ERR,ERR,ERR,ERR,ERR,ERR,ERR,ERR,ERR,ERR,ERR,ERR,ERR,ERR,ERR,ERR,ERR,ERR,ERR,ERR,ERR,ERR,ERR,ERR,ERR,ERR,ERR,ERR,ERR,ERR,ERR,ERR,ERR,ERR,ERR,ERR,ERR,0.0,-0.0,3.028208139652935e+23,0.0,0.0,1.3936040501711995e+18,7.805,0.0,0,0,4,0,7300,-0.0,0,0.0,0.0,0.0,0.0,0.0,0,0,0,0,0.0,0,0,0,0,0,0,0,0,0,0,0,0,0,0,0,0,0,0,0,0,0,0,0,0,0,0,0,0,0,0,0,0,0,32,30,30,62,65476,0,300,0,0,8,21553,0.0,-107605600.0,0.0,0.0,0.0,0.0,0.0,0.0,0.0,0.0,0.0,0.0,0.0,0.0,0.0,0.0,0.0,0.0,0.0,0.0,0.0,0.0,2.004,-2.004,2.004,2.004,0.0,0.0,0.0,0.0,5522.0,8608198656.0,6922.0,0.0,-0.0,-0.0,0.0,0.0,0.0,0.0,0.0,63,-4.9504266636054534e+32,-0.0,0.0,0.0,0.0,0.0,0.0,0.0,0.0,0,0,0,0.0,0.0,0.0,0.0,0.0,0.0,0.0,0.0,0.0,0.0,0.0,0.0,0.0,0.0,0.0,0.0,0,-107875648.0,63,0.0,126,2.7184242562605685e+23,2.842318642297501e+23,ERR,ERR,ERR,ERR,ERR,ERR,ERR,ERR,ERR,ERR,ERR,ERR,ERR,ERR,ERR,ERR,ERR,ERR,ERR,ERR,ERR,ERR,ERR,ERR,ERR,ERR,ERR,ERR,ERR,ERR,ERR,ERR,ERR,ERR,ERR,ERR,ERR,ERR,ERR,ERR,ERR,ERR,ERR,ERR,ERR,ERR,ERR,ERR,ERR,ERR,ERR,ERR,ERR,ERR,ERR,ERR,ERR,ERR,ERR,ERR,ERR,ERR,ERR,ERR,ERR,ERR,ERR,34.0,80.0,35,0.0,0.0,0.0,0.0,0.0,0.0,0.0,0.0,0.0,0.0,0.0,0.0,0.0,0.0,0.0,0.0,64.4,0,116,56,49,65476,0,300,0,0,8,20529,65476,0,0,57672,80.0,0.0,0.0,0.0,0.0,0.0
2026-06-17T04:51:56,ERR,ERR,ERR,ERR,ERR,ERR,ERR,ERR,ERR,ERR,ERR,ERR,ERR,ERR,ERR,ERR,ERR,ERR,ERR,ERR,ERR,ERR,ERR,ERR,ERR,ERR,ERR,ERR,ERR,ERR,ERR,ERR,ERR,ERR,ERR,ERR,ERR,ERR,ERR,ERR,ERR,ERR,ERR,ERR,ERR,ERR,ERR,ERR,ERR,ERR,ERR,ERR,ERR,ERR,ERR,ERR,ERR,ERR,ERR,ERR,ERR,ERR,ERR,ERR,ERR,ERR,ERR,ERR,ERR,ERR,ERR,ERR,ERR,ERR,ERR,ERR,ERR,ERR,ERR,ERR,ERR,ERR,ERR,ERR,ERR,ERR,ERR,ERR,ERR,ERR,ERR,ERR,ERR,ERR,ERR,ERR,ERR,ERR,ERR,ERR,ERR,ERR,ERR,ERR,ERR,ERR,ERR,ERR,ERR,ERR,ERR,ERR,ERR,ERR,ERR,ERR,ERR,ERR,ERR,ERR,ERR,ERR,ERR,ERR,ERR,0.0,-0.0,3.028208139652935e+23,0.0,0.0,1.3936040501711995e+18,7.805,0.0,0,0,4,0,7300,-0.0,0,0.0,0.0,0.0,0.0,0.0,0,0,0,0,0.0,0,0,0,0,0,0,0,0,0,0,0,0,0,0,0,0,0,0,0,0,0,0,0,0,0,0,0,0,0,0,0,0,0,32,30,30,62,65476,0,300,0,0,8,21553,0.0,-107605600.0,0.0,0.0,0.0,0.0,0.0,0.0,0.0,0.0,0.0,0.0,0.0,0.0,0.0,0.0,0.0,0.0,0.0,0.0,0.0,0.0,2.004,-2.004,2.004,2.004,0.0,0.0,0.0,0.0,5522.0,8608198656.0,6922.0,0.0,-0.0,-0.0,0.0,0.0,0.0,0.0,0.0,63,-4.9504266636054534e+32,-0.0,0.0,0.0,0.0,0.0,0.0,0.0,0.0,0,0,0,0.0,0.0,0.0,0.0,0.0,0.0,0.0,0.0,0.0,0.0,0.0,0.0,0.0,0.0,0.0,0.0,0,-107875648.0,63,0.0,126,2.7184242562605685e+23,2.842318642297501e+23,ERR,ERR,ERR,ERR,ERR,ERR,ERR,ERR,ERR,ERR,ERR,ERR,ERR,ERR,ERR,ERR,ERR,ERR,ERR,ERR,ERR,ERR,ERR,ERR,ERR,ERR,ERR,ERR,ERR,ERR,ERR,ERR,ERR,ERR,ERR,ERR,ERR,ERR,ERR,ERR,ERR,ERR,ERR,ERR,ERR,ERR,ERR,ERR,ERR,ERR,ERR,ERR,ERR,ERR,ERR,ERR,ERR,ERR,ERR,ERR,ERR,ERR,ERR,ERR,ERR,ERR,ERR,34.0,80.0,35,0.0,0.0,0.0,0.0,0.0,0.0,0.0,0.0,0.0,0.0,0.0,0.0,0.0,0.0,0.0,0.0,64.4,0,116,56,49,65476,0,300,0,0,8,20529,65476,0,0,57672,80.0,0.0,0.0,0.0,0.0,0.0
2026-06-17T04:51:57,ERR,ERR,ERR,ERR,ERR,ERR,ERR,ERR,ERR,ERR,ERR,ERR,ERR,ERR,ERR,ERR,ERR,ERR,ERR,ERR,ERR,ERR,ERR,ERR,ERR,ERR,ERR,ERR,ERR,ERR,ERR,ERR,ERR,ERR,ERR,ERR,ERR,ERR,ERR,ERR,ERR,ERR,ERR,ERR,ERR,ERR,ERR,ERR,ERR,ERR,ERR,ERR,ERR,ERR,ERR,ERR,ERR,ERR,ERR,ERR,ERR,ERR,ERR,ERR,ERR,ERR,ERR,ERR,ERR,ERR,ERR,ERR,ERR,ERR,ERR,ERR,ERR,ERR,ERR,ERR,ERR,ERR,ERR,ERR,ERR,ERR,ERR,ERR,ERR,ERR,ERR,ERR,ERR,ERR,ERR,ERR,ERR,ERR,ERR,ERR,ERR,ERR,ERR,ERR,ERR,ERR,ERR,ERR,ERR,ERR,ERR,ERR,ERR,ERR,ERR,ERR,ERR,ERR,ERR,ERR,ERR,ERR,ERR,ERR,ERR,0.0,-0.0,-0.0,0.0,0.0,1.3936040501711995e+18,7.805,0.0,0,0,4,0,7300,-0.0,0,0.0,0.0,0.0,0.0,0.0,0,0,0,0,0.0,0,0,0,0,0,0,0,0,0,0,0,0,0,0,0,0,0,0,0,0,0,0,0,0,0,0,0,0,0,0,0,0,0,32,30,30,62,65476,0,300,0,0,8,21553,0.0,-107605600.0,0.0,0.0,0.0,0.0,0.0,0.0,0.0,0.0,0.0,0.0,0.0,0.0,0.0,0.0,0.0,0.0,0.0,0.0,0.0,0.0,2.004,-2.004,2.004,2.004,0.0,0.0,0.0,0.0,5522.0,0.0,6917.0,0.0,-0.0,-0.0,0.0,0.0,0.0,0.0,0.0,63,-4.9504266636054534e+32,1.9056893587410125e+17,0.0,0.0,0.0,0.0,0.0,0.0,0.0,0,0,0,0.0,0.0,0.0,0.0,0.0,0.0,0.0,0.0,0.0,0.0,0.0,0.0,0.0,0.0,0.0,0.0,0,-107875648.0,63,0.0,126,2.7184242562605685e+23,2.842318642297501e+23,ERR,ERR,ERR,ERR,ERR,ERR,ERR,ERR,ERR,ERR,ERR,ERR,ERR,ERR,ERR,ERR,ERR,ERR,ERR,ERR,ERR,ERR,ERR,ERR,ERR,ERR,ERR,ERR,ERR,ERR,ERR,ERR,ERR,ERR,ERR,ERR,ERR,ERR,ERR,ERR,ERR,ERR,ERR,ERR,ERR,ERR,ERR,ERR,ERR,ERR,ERR,ERR,ERR,ERR,ERR,ERR,ERR,ERR,ERR,ERR,ERR,ERR,ERR,ERR,ERR,ERR,ERR,34.0,80.0,35,0.0,0.0,0.0,0.0,0.0,0.0,0.0,0.0,0.0,0.0,0.0,0.0,0.0,0.0,0.0,0.0,64.4,0,116,56,49,65476,0,300,0,0,8,20529,65476,0,0,57672,80.0,0.0,0.0,0.0,0.0,0.0
2026-06-17T04:51:58,ERR,ERR,ERR,ERR,ERR,ERR,ERR,ERR,ERR,ERR,ERR,ERR,ERR,ERR,ERR,ERR,ERR,ERR,ERR,ERR,ERR,ERR,ERR,ERR,ERR,ERR,ERR,ERR,ERR,ERR,ERR,ERR,ERR,ERR,ERR,ERR,ERR,ERR,ERR,ERR,ERR,ERR,ERR,ERR,ERR,ERR,ERR,ERR,ERR,ERR,ERR,ERR,ERR,ERR,ERR,ERR,ERR,ERR,ERR,ERR,ERR,ERR,ERR,ERR,ERR,ERR,ERR,ERR,ERR,ERR,ERR,ERR,ERR,ERR,ERR,ERR,ERR,ERR,ERR,ERR,ERR,ERR,ERR,ERR,ERR,ERR,ERR,ERR,ERR,ERR,ERR,ERR,ERR,ERR,ERR,ERR,ERR,ERR,ERR,ERR,ERR,ERR,ERR,ERR,ERR,ERR,ERR,ERR,ERR,ERR,ERR,ERR,ERR,ERR,ERR,ERR,ERR,ERR,ERR,ERR,ERR,ERR,ERR,ERR,ERR,0.0,-0.0,-0.0,0.0,0.0,1.3936040501711995e+18,7.805,0.0,0,0,4,0,7300,-0.0,0,0.0,0.0,0.0,0.0,0.0,0,0,0,0,0.0,0,0,0,0,0,0,0,0,0,0,0,0,0,0,0,0,0,0,0,0,0,0,0,0,0,0,0,0,0,0,0,0,0,32,30,30,62,65476,0,300,0,0,8,21553,0.0,-107605600.0,0.0,0.0,0.0,0.0,0.0,0.0,0.0,0.0,0.0,0.0,0.0,0.0,0.0,0.0,0.0,0.0,0.0,0.0,0.0,0.0,2.004,-2.004,2.004,2.004,0.0,0.0,0.0,0.0,5522.0,0.0,6917.0,0.0,-0.0,-0.0,0.0,0.0,0.0,0.0,0.0,63,-4.9504266636054534e+32,1.9056893587410125e+17,0.0,0.0,0.0,0.0,0.0,0.0,0.0,0,0,0,0.0,0.0,0.0,0.0,0.0,0.0,0.0,0.0,0.0,0.0,0.0,0.0,0.0,0.0,0.0,0.0,0,-107875648.0,63,0.0,126,2.7184242562605685e+23,2.842318642297501e+23,ERR,ERR,ERR,ERR,ERR,ERR,ERR,ERR,ERR,ERR,ERR,ERR,ERR,ERR,ERR,ERR,ERR,ERR,ERR,ERR,ERR,ERR,ERR,ERR,ERR,ERR,ERR,ERR,ERR,ERR,ERR,ERR,ERR,ERR,ERR,ERR,ERR,ERR,ERR,ERR,ERR,ERR,ERR,ERR,ERR,ERR,ERR,ERR,ERR,ERR,ERR,ERR,ERR,ERR,ERR,ERR,ERR,ERR,ERR,ERR,ERR,ERR,ERR,ERR,ERR,ERR,ERR,34.0,80.0,35,0.0,0.0,0.0,0.0,0.0,0.0,0.0,0.0,0.0,0.0,0.0,0.0,0.0,0.0,0.0,0.0,64.4,0,116,56,49,65476,0,300,0,0,8,20529,65476,0,0,57672,80.0,0.0,0.0,0.0,0.0,0.0
2026-06-17T04:51:59,ERR,ERR,ERR,ERR,ERR,ERR,ERR,ERR,ERR,ERR,ERR,ERR,ERR,ERR,ERR,ERR,ERR,ERR,ERR,ERR,ERR,ERR,ERR,ERR,ERR,ERR,ERR,ERR,ERR,ERR,ERR,ERR,ERR,ERR,ERR,ERR,ERR,ERR,ERR,ERR,ERR,ERR,ERR,ERR,ERR,ERR,ERR,ERR,ERR,ERR,ERR,ERR,ERR,ERR,ERR,ERR,ERR,ERR,ERR,ERR,ERR,ERR,ERR,ERR,ERR,ERR,ERR,ERR,ERR,ERR,ERR,ERR,ERR,ERR,ERR,ERR,ERR,ERR,ERR,ERR,ERR,ERR,ERR,ERR,ERR,ERR,ERR,ERR,ERR,ERR,ERR,ERR,ERR,ERR,ERR,ERR,ERR,ERR,ERR,ERR,ERR,ERR,ERR,ERR,ERR,ERR,ERR,ERR,ERR,ERR,ERR,ERR,ERR,ERR,ERR,ERR,ERR,ERR,ERR,ERR,ERR,ERR,ERR,ERR,ERR,0.0,-0.0,-0.0,0.0,0.0,1.3936040501711995e+18,7.805,0.0,0,0,4,0,7300,-0.0,0,0.0,0.0,0.0,0.0,0.0,0,0,0,0,0.0,0,0,0,0,0,0,0,0,0,0,0,0,0,0,0,0,0,0,0,0,0,0,0,0,0,0,0,0,0,0,0,0,0,32,30,30,62,65476,0,300,0,0,8,21553,0.0,-107605600.0,0.0,0.0,0.0,0.0,0.0,0.0,0.0,0.0,0.0,0.0,0.0,0.0,0.0,0.0,0.0,0.0,0.0,0.0,0.0,0.0,2.004,-2.004,2.004,2.004,0.0,0.0,0.0,0.0,5522.0,0.0,6917.0,0.0,-0.0,-0.0,0.0,0.0,0.0,0.0,0.0,63,-4.9504266636054534e+32,1.9056893587410125e+17,0.0,0.0,0.0,0.0,0.0,0.0,0.0,0,0,0,0.0,0.0,0.0,0.0,0.0,0.0,0.0,0.0,0.0,0.0,0.0,0.0,0.0,0.0,0.0,0.0,0,-107875648.0,63,0.0,126,2.7184242562605685e+23,2.842318642297501e+23,ERR,ERR,ERR,ERR,ERR,ERR,ERR,ERR,ERR,ERR,ERR,ERR,ERR,ERR,ERR,ERR,ERR,ERR,ERR,ERR,ERR,ERR,ERR,ERR,ERR,ERR,ERR,ERR,ERR,ERR,ERR,ERR,ERR,ERR,ERR,ERR,ERR,ERR,ERR,ERR,ERR,ERR,ERR,ERR,ERR,ERR,ERR,ERR,ERR,ERR,ERR,ERR,ERR,ERR,ERR,ERR,ERR,ERR,ERR,ERR,ERR,ERR,ERR,ERR,ERR,ERR,ERR,34.0,80.0,35,0.0,0.0,0.0,0.0,0.0,0.0,0.0,0.0,0.0,0.0,0.0,0.0,0.0,0.0,0.0,0.0,64.4,0,116,56,49,65476,0,300,0,0,8,20529,65476,0,0,57672,80.0,0.0,0.0,0.0,0.0,0.0
2026-06-17T04:52:00,ERR,ERR,ERR,ERR,ERR,ERR,ERR,ERR,ERR,ERR,ERR,ERR,ERR,ERR,ERR,ERR,ERR,ERR,ERR,ERR,ERR,ERR,ERR,ERR,ERR,ERR,ERR,ERR,ERR,ERR,ERR,ERR,ERR,ERR,ERR,ERR,ERR,ERR,ERR,ERR,ERR,ERR,ERR,ERR,ERR,ERR,ERR,ERR,ERR,ERR,ERR,ERR,ERR,ERR,ERR,ERR,ERR,ERR,ERR,ERR,ERR,ERR,ERR,ERR,ERR,ERR,ERR,ERR,ERR,ERR,ERR,ERR,ERR,ERR,ERR,ERR,ERR,ERR,ERR,ERR,ERR,ERR,ERR,ERR,ERR,ERR,ERR,ERR,ERR,ERR,ERR,ERR,ERR,ERR,ERR,ERR,ERR,ERR,ERR,ERR,ERR,ERR,ERR,ERR,ERR,ERR,ERR,ERR,ERR,ERR,ERR,ERR,ERR,ERR,ERR,ERR,ERR,ERR,ERR,ERR,ERR,ERR,ERR,ERR,ERR,0.0,-0.0,-0.0,0.0,0.0,1.3936040501711995e+18,7.805,0.0,0,0,4,0,7300,-0.0,0,0.0,0.0,0.0,0.0,0.0,0,0,0,0,0.0,0,0,0,0,0,0,0,0,0,0,0,0,0,0,0,0,0,0,0,0,0,0,0,0,0,0,0,0,0,0,0,0,0,32,30,30,62,65476,0,300,0,0,8,21553,0.0,-107605600.0,0.0,0.0,0.0,0.0,0.0,0.0,0.0,0.0,0.0,0.0,0.0,0.0,0.0,0.0,0.0,0.0,0.0,0.0,0.0,0.0,2.004,-2.004,2.004,2.004,0.0,0.0,0.0,0.0,5522.0,0.0,6917.0,0.0,-0.0,-0.0,0.0,0.0,0.0,0.0,0.0,63,-4.9504266636054534e+32,1.9056893587410125e+17,0.0,0.0,0.0,0.0,0.0,0.0,0.0,0,0,0,0.0,0.0,0.0,0.0,0.0,0.0,0.0,0.0,0.0,0.0,0.0,0.0,0.0,0.0,0.0,0.0,0,-107875648.0,63,0.0,126,2.7184242562605685e+23,2.842318642297501e+23,ERR,ERR,ERR,ERR,ERR,ERR,ERR,ERR,ERR,ERR,ERR,ERR,ERR,ERR,ERR,ERR,ERR,ERR,ERR,ERR,ERR,ERR,ERR,ERR,ERR,ERR,ERR,ERR,ERR,ERR,ERR,ERR,ERR,ERR,ERR,ERR,ERR,ERR,ERR,ERR,ERR,ERR,ERR,ERR,ERR,ERR,ERR,ERR,ERR,ERR,ERR,ERR,ERR,ERR,ERR,ERR,ERR,ERR,ERR,ERR,ERR,ERR,ERR,ERR,ERR,ERR,ERR,34.0,80.0,35,0.0,0.0,0.0,0.0,0.0,0.0,0.0,0.0,0.0,0.0,0.0,0.0,0.0,0.0,0.0,0.0,64.8,0,116,56,49,65476,0,300,0,0,8,20529,65476,0,0,57672,80.0,0.0,0.0,0.0,0.0,0.0
2026-06-17T04:52:01,ERR,ERR,ERR,ERR,ERR,ERR,ERR,ERR,ERR,ERR,ERR,ERR,ERR,ERR,ERR,ERR,ERR,ERR,ERR,ERR,ERR,ERR,ERR,ERR,ERR,ERR,ERR,ERR,ERR,ERR,ERR,ERR,ERR,ERR,ERR,ERR,ERR,ERR,ERR,ERR,ERR,ERR,ERR,ERR,ERR,ERR,ERR,ERR,ERR,ERR,ERR,ERR,ERR,ERR,ERR,ERR,ERR,ERR,ERR,ERR,ERR,ERR,ERR,ERR,ERR,ERR,ERR,ERR,ERR,ERR,ERR,ERR,ERR,ERR,ERR,ERR,ERR,ERR,ERR,ERR,ERR,ERR,ERR,ERR,ERR,ERR,ERR,ERR,ERR,ERR,ERR,ERR,ERR,ERR,ERR,ERR,ERR,ERR,ERR,ERR,ERR,ERR,ERR,ERR,ERR,ERR,ERR,ERR,ERR,ERR,ERR,ERR,ERR,ERR,ERR,ERR,ERR,ERR,ERR,ERR,ERR,ERR,ERR,ERR,ERR,0.0,-0.0,-0.0,0.0,0.0,1.3936040501711995e+18,7.805,0.0,0,0,4,0,7300,-0.0,0,0.0,0.0,0.0,0.0,0.0,0,0,0,0,0.0,0,0,0,0,0,0,0,0,0,0,0,0,0,0,0,0,0,0,0,0,0,0,0,0,0,0,0,0,0,0,0,0,0,32,30,30,62,65476,0,300,0,0,8,21553,0.0,-107605600.0,0.0,0.0,0.0,0.0,0.0,0.0,0.0,0.0,0.0,0.0,0.0,0.0,0.0,0.0,0.0,0.0,0.0,0.0,0.0,0.0,2.004,-2.004,2.004,2.004,0.0,0.0,0.0,0.0,5522.0,0.0,6917.0,0.0,-0.0,-0.0,0.0,0.0,0.0,0.0,0.0,63,-4.9504266636054534e+32,1.9056893587410125e+17,0.0,0.0,0.0,0.0,0.0,0.0,0.0,0,0,0,0.0,0.0,0.0,0.0,0.0,0.0,0.0,0.0,0.0,0.0,0.0,0.0,0.0,0.0,0.0,0.0,0,-107875648.0,63,0.0,126,2.7184242562605685e+23,2.842318642297501e+23,ERR,ERR,ERR,ERR,ERR,ERR,ERR,ERR,ERR,ERR,ERR,ERR,ERR,ERR,ERR,ERR,ERR,ERR,ERR,ERR,ERR,ERR,ERR,ERR,ERR,ERR,ERR,ERR,ERR,ERR,ERR,ERR,ERR,ERR,ERR,ERR,ERR,ERR,ERR,ERR,ERR,ERR,ERR,ERR,ERR,ERR,ERR,ERR,ERR,ERR,ERR,ERR,ERR,ERR,ERR,ERR,ERR,ERR,ERR,ERR,ERR,ERR,ERR,ERR,ERR,ERR,ERR,34.0,80.0,35,0.0,0.0,0.0,0.0,0.0,0.0,0.0,0.0,0.0,0.0,0.0,0.0,0.0,0.0,0.0,0.0,64.8,0,116,56,49,65476,0,300,0,0,8,20529,65476,0,0,57672,80.0,0.0,0.0,0.0,0.0,0.0
2026-06-17T04:52:02,ERR,ERR,ERR,ERR,ERR,ERR,ERR,ERR,ERR,ERR,ERR,ERR,ERR,ERR,ERR,ERR,ERR,ERR,ERR,ERR,ERR,ERR,ERR,ERR,ERR,ERR,ERR,ERR,ERR,ERR,ERR,ERR,ERR,ERR,ERR,ERR,ERR,ERR,ERR,ERR,ERR,ERR,ERR,ERR,ERR,ERR,ERR,ERR,ERR,ERR,ERR,ERR,ERR,ERR,ERR,ERR,ERR,ERR,ERR,ERR,ERR,ERR,ERR,ERR,ERR,ERR,ERR,ERR,ERR,ERR,ERR,ERR,ERR,ERR,ERR,ERR,ERR,ERR,ERR,ERR,ERR,ERR,ERR,ERR,ERR,ERR,ERR,ERR,ERR,ERR,ERR,ERR,ERR,ERR,ERR,ERR,ERR,ERR,ERR,ERR,ERR,ERR,ERR,ERR,ERR,ERR,ERR,ERR,ERR,ERR,ERR,ERR,ERR,ERR,ERR,ERR,ERR,ERR,ERR,ERR,ERR,ERR,ERR,ERR,ERR,0.0,-0.0,-0.0,0.0,0.0,1.3936040501711995e+18,7.805,0.0,0,0,4,0,7300,-0.0,0,0.0,0.0,0.0,0.0,0.0,0,0,0,0,0.0,0,0,0,0,0,0,0,0,0,0,0,0,0,0,0,0,0,0,0,0,0,0,0,0,0,0,0,0,0,0,0,0,0,32,30,30,62,65476,0,300,0,0,8,21553,0.0,-107605600.0,0.0,0.0,0.0,0.0,0.0,0.0,0.0,0.0,0.0,0.0,0.0,0.0,0.0,0.0,0.0,0.0,0.0,0.0,0.0,0.0,2.004,-2.004,2.004,2.004,0.0,0.0,0.0,0.0,5522.0,0.0,6917.0,0.0,-0.0,-0.0,0.0,0.0,0.0,0.0,0.0,63,-4.9504266636054534e+32,1.9056893587410125e+17,0.0,0.0,0.0,0.0,0.0,0.0,0.0,0,0,0,0.0,0.0,0.0,0.0,0.0,0.0,0.0,0.0,0.0,0.0,0.0,0.0,0.0,0.0,0.0,0.0,0,-107875648.0,63,0.0,126,2.7184242562605685e+23,2.842318642297501e+23,ERR,ERR,ERR,ERR,ERR,ERR,ERR,ERR,ERR,ERR,ERR,ERR,ERR,ERR,ERR,ERR,ERR,ERR,ERR,ERR,ERR,ERR,ERR,ERR,ERR,ERR,ERR,ERR,ERR,ERR,ERR,ERR,ERR,ERR,ERR,ERR,ERR,ERR,ERR,ERR,ERR,ERR,ERR,ERR,ERR,ERR,ERR,ERR,ERR,ERR,ERR,ERR,ERR,ERR,ERR,ERR,ERR,ERR,ERR,ERR,ERR,ERR,ERR,ERR,ERR,ERR,ERR,34.0,80.0,35,0.0,0.0,0.0,0.0,0.0,0.0,0.0,0.0,0.0,0.0,0.0,0.0,0.0,0.0,0.0,0.0,64.4,0,116,56,49,65476,0,300,0,0,8,20529,65476,0,0,57672,80.0,0.0,0.0,0.0,0.0,0.0
2026-06-17T04:52:03,ERR,ERR,ERR,ERR,ERR,ERR,ERR,ERR,ERR,ERR,ERR,ERR,ERR,ERR,ERR,ERR,ERR,ERR,ERR,ERR,ERR,ERR,ERR,ERR,ERR,ERR,ERR,ERR,ERR,ERR,ERR,ERR,ERR,ERR,ERR,ERR,ERR,ERR,ERR,ERR,ERR,ERR,ERR,ERR,ERR,ERR,ERR,ERR,ERR,ERR,ERR,ERR,ERR,ERR,ERR,ERR,ERR,ERR,ERR,ERR,ERR,ERR,ERR,ERR,ERR,ERR,ERR,ERR,ERR,ERR,ERR,ERR,ERR,ERR,ERR,ERR,ERR,ERR,ERR,ERR,ERR,ERR,ERR,ERR,ERR,ERR,ERR,ERR,ERR,ERR,ERR,ERR,ERR,ERR,ERR,ERR,ERR,ERR,ERR,ERR,ERR,ERR,ERR,ERR,ERR,ERR,ERR,ERR,ERR,ERR,ERR,ERR,ERR,ERR,ERR,ERR,ERR,ERR,ERR,ERR,ERR,ERR,ERR,ERR,ERR,0.0,-0.0,3.028208139652935e+23,0.0,0.0,1.3936040501711995e+18,7.805,0.0,0,0,4,0,7300,-0.0,0,0.0,0.0,0.0,0.0,0.0,0,0,0,0,0.0,0,0,0,0,0,0,0,0,0,0,0,0,0,0,0,0,0,0,0,0,0,0,0,0,0,0,0,0,0,0,0,0,0,32,30,30,62,65476,0,300,0,0,8,21553,0.0,-107605600.0,0.0,0.0,0.0,0.0,0.0,0.0,0.0,0.0,0.0,0.0,0.0,0.0,0.0,0.0,0.0,0.0,0.0,0.0,0.0,0.0,-0.0,-2.004,2.004,2.004,0.0,0.0,0.0,0.0,5521.0,0.0,6925.0,0.0,-0.0,-0.0,0.0,0.0,0.0,0.0,0.0,63,-4.9504266636054534e+32,-0.0,0.0,0.0,0.0,0.0,0.0,0.0,0.0,0,0,0,0.0,0.0,0.0,0.0,0.0,0.0,0.0,0.0,0.0,0.0,0.0,0.0,0.0,0.0,0.0,0.0,0,-107875648.0,63,0.0,126,2.7184242562605685e+23,2.842318642297501e+23,ERR,ERR,ERR,ERR,ERR,ERR,ERR,ERR,ERR,ERR,ERR,ERR,ERR,ERR,ERR,ERR,ERR,ERR,ERR,ERR,ERR,ERR,ERR,ERR,ERR,ERR,ERR,ERR,ERR,ERR,ERR,ERR,ERR,ERR,ERR,ERR,ERR,ERR,ERR,ERR,ERR,ERR,ERR,ERR,ERR,ERR,ERR,ERR,ERR,ERR,ERR,ERR,ERR,ERR,ERR,ERR,ERR,ERR,ERR,ERR,ERR,ERR,ERR,ERR,ERR,ERR,ERR,34.0,80.0,35,0.0,0.0,0.0,0.0,0.0,0.0,0.0,0.0,0.0,0.0,0.0,0.0,0.0,0.0,0.0,0.0,64.4,0,116,56,49,65476,0,300,0,0,8,20529,65476,0,0,57672,80.0,0.0,0.0,0.0,0.0,0.0
2026-06-17T04:52:04,ERR,ERR,ERR,ERR,ERR,ERR,ERR,ERR,ERR,ERR,ERR,ERR,ERR,ERR,ERR,ERR,ERR,ERR,ERR,ERR,ERR,ERR,ERR,ERR,ERR,ERR,ERR,ERR,ERR,ERR,ERR,ERR,ERR,ERR,ERR,ERR,ERR,ERR,ERR,ERR,ERR,ERR,ERR,ERR,ERR,ERR,ERR,ERR,ERR,ERR,ERR,ERR,ERR,ERR,ERR,ERR,ERR,ERR,ERR,ERR,ERR,ERR,ERR,ERR,ERR,ERR,ERR,ERR,ERR,ERR,ERR,ERR,ERR,ERR,ERR,ERR,ERR,ERR,ERR,ERR,ERR,ERR,ERR,ERR,ERR,ERR,ERR,ERR,ERR,ERR,ERR,ERR,ERR,ERR,ERR,ERR,ERR,ERR,ERR,ERR,ERR,ERR,ERR,ERR,ERR,ERR,ERR,ERR,ERR,ERR,ERR,ERR,ERR,ERR,ERR,ERR,ERR,ERR,ERR,ERR,ERR,ERR,ERR,ERR,ERR,0.0,-0.0,3.028208139652935e+23,0.0,0.0,1.3936040501711995e+18,7.805,0.0,0,0,4,0,7300,-0.0,0,0.0,0.0,0.0,0.0,0.0,0,0,0,0,0.0,0,0,0,0,0,0,0,0,0,0,0,0,0,0,0,0,0,0,0,0,0,0,0,0,0,0,0,0,0,0,0,0,0,32,30,30,62,65476,0,300,0,0,8,21553,0.0,-107605600.0,0.0,0.0,0.0,0.0,0.0,0.0,0.0,0.0,0.0,0.0,0.0,0.0,0.0,0.0,0.0,0.0,0.0,0.0,0.0,0.0,-0.0,-2.004,2.004,2.004,0.0,0.0,0.0,0.0,5521.0,0.0,6925.0,0.0,-0.0,-0.0,0.0,0.0,0.0,0.0,0.0,63,-4.9504266636054534e+32,-0.0,0.0,0.0,0.0,0.0,0.0,0.0,0.0,0,0,0,0.0,0.0,0.0,0.0,0.0,0.0,0.0,0.0,0.0,0.0,0.0,0.0,0.0,0.0,0.0,0.0,0,-107875648.0,63,0.0,126,2.7184242562605685e+23,2.842318642297501e+23,ERR,ERR,ERR,ERR,ERR,ERR,ERR,ERR,ERR,ERR,ERR,ERR,ERR,ERR,ERR,ERR,ERR,ERR,ERR,ERR,ERR,ERR,ERR,ERR,ERR,ERR,ERR,ERR,ERR,ERR,ERR,ERR,ERR,ERR,ERR,ERR,ERR,ERR,ERR,ERR,ERR,ERR,ERR,ERR,ERR,ERR,ERR,ERR,ERR,ERR,ERR,ERR,ERR,ERR,ERR,ERR,ERR,ERR,ERR,ERR,ERR,ERR,ERR,ERR,ERR,ERR,ERR,34.0,80.0,35,0.0,0.0,0.0,0.0,0.0,0.0,0.0,0.0,0.0,0.0,0.0,0.0,0.0,0.0,0.0,0.0,64.4,0,116,56,49,65476,0,300,0,0,8,20529,65476,0,0,57672,80.0,0.0,0.0,0.0,0.0,0.0
2026-06-17T04:52:05,ERR,ERR,ERR,ERR,ERR,ERR,ERR,ERR,ERR,ERR,ERR,ERR,ERR,ERR,ERR,ERR,ERR,ERR,ERR,ERR,ERR,ERR,ERR,ERR,ERR,ERR,ERR,ERR,ERR,ERR,ERR,ERR,ERR,ERR,ERR,ERR,ERR,ERR,ERR,ERR,ERR,ERR,ERR,ERR,ERR,ERR,ERR,ERR,ERR,ERR,ERR,ERR,ERR,ERR,ERR,ERR,ERR,ERR,ERR,ERR,ERR,ERR,ERR,ERR,ERR,ERR,ERR,ERR,ERR,ERR,ERR,ERR,ERR,ERR,ERR,ERR,ERR,ERR,ERR,ERR,ERR,ERR,ERR,ERR,ERR,ERR,ERR,ERR,ERR,ERR,ERR,ERR,ERR,ERR,ERR,ERR,ERR,ERR,ERR,ERR,ERR,ERR,ERR,ERR,ERR,ERR,ERR,ERR,ERR,ERR,ERR,ERR,ERR,ERR,ERR,ERR,ERR,ERR,ERR,ERR,ERR,ERR,ERR,ERR,ERR,0.0,-0.0,3.028208139652935e+23,0.0,0.0,1.3936040501711995e+18,7.805,0.0,0,0,4,0,7300,-0.0,0,0.0,0.0,0.0,0.0,0.0,0,0,0,0,0.0,0,0,0,0,0,0,0,0,0,0,0,0,0,0,0,0,0,0,0,0,0,0,0,0,0,0,0,0,0,0,0,0,0,32,30,30,62,65476,0,300,0,0,8,21553,0.0,-107605600.0,0.0,0.0,0.0,0.0,0.0,0.0,0.0,0.0,0.0,0.0,0.0,0.0,0.0,0.0,0.0,0.0,0.0,0.0,0.0,0.0,-0.0,-2.004,2.004,2.004,0.0,0.0,0.0,0.0,5521.0,0.0,6925.0,0.0,-0.0,-0.0,0.0,0.0,0.0,0.0,0.0,63,-4.9504266636054534e+32,-0.0,0.0,0.0,0.0,0.0,0.0,0.0,0.0,0,0,0,0.0,0.0,0.0,0.0,0.0,0.0,0.0,0.0,0.0,0.0,0.0,0.0,0.0,0.0,0.0,0.0,0,-107875648.0,63,0.0,126,2.7184242562605685e+23,2.842318642297501e+23,ERR,ERR,ERR,ERR,ERR,ERR,ERR,ERR,ERR,ERR,ERR,ERR,ERR,ERR,ERR,ERR,ERR,ERR,ERR,ERR,ERR,ERR,ERR,ERR,ERR,ERR,ERR,ERR,ERR,ERR,ERR,ERR,ERR,ERR,ERR,ERR,ERR,ERR,ERR,ERR,ERR,ERR,ERR,ERR,ERR,ERR,ERR,ERR,ERR,ERR,ERR,ERR,ERR,ERR,ERR,ERR,ERR,ERR,ERR,ERR,ERR,ERR,ERR,ERR,ERR,ERR,ERR,34.0,80.0,35,0.0,0.0,0.0,0.0,0.0,0.0,0.0,0.0,0.0,0.0,0.0,0.0,0.0,0.0,0.0,0.0,64.4,0,116,56,49,65476,0,300,0,0,8,20529,65476,0,0,57672,80.0,0.0,0.0,0.0,0.0,0.0
2026-06-17T04:52:06,ERR,ERR,ERR,ERR,ERR,ERR,ERR,ERR,ERR,ERR,ERR,ERR,ERR,ERR,ERR,ERR,ERR,ERR,ERR,ERR,ERR,ERR,ERR,ERR,ERR,ERR,ERR,ERR,ERR,ERR,ERR,ERR,ERR,ERR,ERR,ERR,ERR,ERR,ERR,ERR,ERR,ERR,ERR,ERR,ERR,ERR,ERR,ERR,ERR,ERR,ERR,ERR,ERR,ERR,ERR,ERR,ERR,ERR,ERR,ERR,ERR,ERR,ERR,ERR,ERR,ERR,ERR,ERR,ERR,ERR,ERR,ERR,ERR,ERR,ERR,ERR,ERR,ERR,ERR,ERR,ERR,ERR,ERR,ERR,ERR,ERR,ERR,ERR,ERR,ERR,ERR,ERR,ERR,ERR,ERR,ERR,ERR,ERR,ERR,ERR,ERR,ERR,ERR,ERR,ERR,ERR,ERR,ERR,ERR,ERR,ERR,ERR,ERR,ERR,ERR,ERR,ERR,ERR,ERR,ERR,ERR,ERR,ERR,ERR,ERR,0.0,-0.0,3.028208139652935e+23,0.0,0.0,1.3936040501711995e+18,7.805,0.0,0,0,4,0,7300,-0.0,0,0.0,0.0,0.0,0.0,0.0,0,0,0,0,0.0,0,0,0,0,0,0,0,0,0,0,0,0,0,0,0,0,0,0,0,0,0,0,0,0,0,0,0,0,0,0,0,0,0,32,30,30,62,65476,0,300,0,0,8,21553,0.0,-107605600.0,0.0,0.0,0.0,0.0,0.0,0.0,0.0,0.0,0.0,0.0,0.0,0.0,0.0,0.0,0.0,0.0,0.0,0.0,0.0,0.0,-0.0,-2.004,2.004,2.004,0.0,0.0,0.0,0.0,5521.0,0.0,6925.0,0.0,-0.0,-0.0,0.0,0.0,0.0,0.0,0.0,63,-4.9504266636054534e+32,-0.0,0.0,0.0,0.0,0.0,0.0,0.0,0.0,0,0,0,0.0,0.0,0.0,0.0,0.0,0.0,0.0,0.0,0.0,0.0,0.0,0.0,0.0,0.0,0.0,0.0,0,-107875648.0,63,0.0,126,2.7184242562605685e+23,2.842318642297501e+23,ERR,ERR,ERR,ERR,ERR,ERR,ERR,ERR,ERR,ERR,ERR,ERR,ERR,ERR,ERR,ERR,ERR,ERR,ERR,ERR,ERR,ERR,ERR,ERR,ERR,ERR,ERR,ERR,ERR,ERR,ERR,ERR,ERR,ERR,ERR,ERR,ERR,ERR,ERR,ERR,ERR,ERR,ERR,ERR,ERR,ERR,ERR,ERR,ERR,ERR,ERR,ERR,ERR,ERR,ERR,ERR,ERR,ERR,ERR,ERR,ERR,ERR,ERR,ERR,ERR,ERR,ERR,34.0,80.0,35,0.0,0.0,0.0,0.0,0.0,0.0,0.0,0.0,0.0,0.0,0.0,0.0,0.0,0.0,0.0,0.0,64.4,0,116,56,49,65476,0,300,0,0,8,20529,65476,0,0,57672,80.0,0.0,0.0,0.0,0.0,0.0
2026-06-17T04:52:07,ERR,ERR,ERR,ERR,ERR,ERR,ERR,ERR,ERR,ERR,ERR,ERR,ERR,ERR,ERR,ERR,ERR,ERR,ERR,ERR,ERR,ERR,ERR,ERR,ERR,ERR,ERR,ERR,ERR,ERR,ERR,ERR,ERR,ERR,ERR,ERR,ERR,ERR,ERR,ERR,ERR,ERR,ERR,ERR,ERR,ERR,ERR,ERR,ERR,ERR,ERR,ERR,ERR,ERR,ERR,ERR,ERR,ERR,ERR,ERR,ERR,ERR,ERR,ERR,ERR,ERR,ERR,ERR,ERR,ERR,ERR,ERR,ERR,ERR,ERR,ERR,ERR,ERR,ERR,ERR,ERR,ERR,ERR,ERR,ERR,ERR,ERR,ERR,ERR,ERR,ERR,ERR,ERR,ERR,ERR,ERR,ERR,ERR,ERR,ERR,ERR,ERR,ERR,ERR,ERR,ERR,ERR,ERR,ERR,ERR,ERR,ERR,ERR,ERR,ERR,ERR,ERR,ERR,ERR,ERR,ERR,ERR,ERR,ERR,ERR,0.0,-0.0,3.028208139652935e+23,0.0,0.0,1.3936040501711995e+18,7.805,0.0,0,0,4,0,7300,-0.0,0,0.0,0.0,0.0,0.0,0.0,0,0,0,0,0.0,0,0,0,0,0,0,0,0,0,0,0,0,0,0,0,0,0,0,0,0,0,0,0,0,0,0,0,0,0,0,0,0,0,32,30,30,62,65476,0,300,0,0,8,21553,0.0,-107605600.0,0.0,0.0,0.0,0.0,0.0,0.0,0.0,0.0,0.0,0.0,0.0,0.0,0.0,0.0,0.0,0.0,0.0,0.0,0.0,0.0,-0.0,-2.004,2.004,2.004,0.0,0.0,0.0,0.0,5521.0,0.0,6925.0,0.0,-0.0,-0.0,0.0,0.0,0.0,0.0,0.0,63,-4.9504266636054534e+32,-0.0,0.0,0.0,0.0,0.0,0.0,0.0,0.0,0,0,0,0.0,0.0,0.0,0.0,0.0,0.0,0.0,0.0,0.0,0.0,0.0,0.0,0.0,0.0,0.0,0.0,0,-107875648.0,63,0.0,126,2.7184242562605685e+23,2.842318642297501e+23,ERR,ERR,ERR,ERR,ERR,ERR,ERR,ERR,ERR,ERR,ERR,ERR,ERR,ERR,ERR,ERR,ERR,ERR,ERR,ERR,ERR,ERR,ERR,ERR,ERR,ERR,ERR,ERR,ERR,ERR,ERR,ERR,ERR,ERR,ERR,ERR,ERR,ERR,ERR,ERR,ERR,ERR,ERR,ERR,ERR,ERR,ERR,ERR,ERR,ERR,ERR,ERR,ERR,ERR,ERR,ERR,ERR,ERR,ERR,ERR,ERR,ERR,ERR,ERR,ERR,ERR,ERR,34.0,80.0,35,0.0,0.0,0.0,0.0,0.0,0.0,0.0,0.0,0.0,0.0,0.0,0.0,0.0,0.0,0.0,0.0,64.4,0,116,56,49,65476,0,300,0,0,8,20529,65476,0,0,57672,80.0,0.0,0.0,0.0,0.0,0.0
2026-06-17T04:52:08,ERR,ERR,ERR,ERR,ERR,ERR,ERR,ERR,ERR,ERR,ERR,ERR,ERR,ERR,ERR,ERR,ERR,ERR,ERR,ERR,ERR,ERR,ERR,ERR,ERR,ERR,ERR,ERR,ERR,ERR,ERR,ERR,ERR,ERR,ERR,ERR,ERR,ERR,ERR,ERR,ERR,ERR,ERR,ERR,ERR,ERR,ERR,ERR,ERR,ERR,ERR,ERR,ERR,ERR,ERR,ERR,ERR,ERR,ERR,ERR,ERR,ERR,ERR,ERR,ERR,ERR,ERR,ERR,ERR,ERR,ERR,ERR,ERR,ERR,ERR,ERR,ERR,ERR,ERR,ERR,ERR,ERR,ERR,ERR,ERR,ERR,ERR,ERR,ERR,ERR,ERR,ERR,ERR,ERR,ERR,ERR,ERR,ERR,ERR,ERR,ERR,ERR,ERR,ERR,ERR,ERR,ERR,ERR,ERR,ERR,ERR,ERR,ERR,ERR,ERR,ERR,ERR,ERR,ERR,ERR,ERR,ERR,ERR,ERR,ERR,0.0,-0.0,3.028208139652935e+23,0.0,0.0,1.3936040501711995e+18,7.805,0.0,0,0,4,0,7300,-0.0,0,0.0,0.0,0.0,0.0,0.0,0,0,0,0,0.0,0,0,0,0,0,0,0,0,0,0,0,0,0,0,0,0,0,0,0,0,0,0,0,0,0,0,0,0,0,0,0,0,0,32,30,30,62,65476,0,300,0,0,8,21553,0.0,-107605600.0,0.0,0.0,0.0,0.0,0.0,0.0,0.0,0.0,0.0,0.0,0.0,0.0,0.0,0.0,0.0,0.0,0.0,0.0,0.0,0.0,2.004,-2.004,2.004,2.004,0.0,0.0,0.0,0.0,5522.0,-3.6971931704991154e+19,6940.0,0.0,-0.0,-0.0,0.0,0.0,0.0,0.0,0.0,63,-4.9504266636054534e+32,89220.727,0.0,0.0,0.0,0.0,0.0,0.0,0.0,0,0,0,0.0,0.0,0.0,0.0,0.0,0.0,0.0,0.0,0.0,0.0,0.0,0.0,0.0,0.0,0.0,0.0,0,-107875648.0,63,0.0,126,2.7184242562605685e+23,2.842318642297501e+23,ERR,ERR,ERR,ERR,ERR,ERR,ERR,ERR,ERR,ERR,ERR,ERR,ERR,ERR,ERR,ERR,ERR,ERR,ERR,ERR,ERR,ERR,ERR,ERR,ERR,ERR,ERR,ERR,ERR,ERR,ERR,ERR,ERR,ERR,ERR,ERR,ERR,ERR,ERR,ERR,ERR,ERR,ERR,ERR,ERR,ERR,ERR,ERR,ERR,ERR,ERR,ERR,ERR,ERR,ERR,ERR,ERR,ERR,ERR,ERR,ERR,ERR,ERR,ERR,ERR,ERR,ERR,34.0,80.0,35,0.0,0.0,0.0,0.0,0.0,0.0,0.0,0.0,0.0,0.0,0.0,0.0,0.0,0.0,0.0,0.0,64.4,0,116,56,49,65476,0,300,0,0,8,20529,65476,0,0,57672,80.0,0.0,0.0,0.0,0.0,0.0
2026-06-17T04:52:09,ERR,ERR,ERR,ERR,ERR,ERR,ERR,ERR,ERR,ERR,ERR,ERR,ERR,ERR,ERR,ERR,ERR,ERR,ERR,ERR,ERR,ERR,ERR,ERR,ERR,ERR,ERR,ERR,ERR,ERR,ERR,ERR,ERR,ERR,ERR,ERR,ERR,ERR,ERR,ERR,ERR,ERR,ERR,ERR,ERR,ERR,ERR,ERR,ERR,ERR,ERR,ERR,ERR,ERR,ERR,ERR,ERR,ERR,ERR,ERR,ERR,ERR,ERR,ERR,ERR,ERR,ERR,ERR,ERR,ERR,ERR,ERR,ERR,ERR,ERR,ERR,ERR,ERR,ERR,ERR,ERR,ERR,ERR,ERR,ERR,ERR,ERR,ERR,ERR,ERR,ERR,ERR,ERR,ERR,ERR,ERR,ERR,ERR,ERR,ERR,ERR,ERR,ERR,ERR,ERR,ERR,ERR,ERR,ERR,ERR,ERR,ERR,ERR,ERR,ERR,ERR,ERR,ERR,ERR,ERR,ERR,ERR,ERR,ERR,ERR,0.0,-0.0,3.028208139652935e+23,0.0,0.0,1.3936040501711995e+18,7.805,0.0,0,0,4,0,7300,-0.0,0,0.0,0.0,0.0,0.0,0.0,0,0,0,0,0.0,0,0,0,0,0,0,0,0,0,0,0,0,0,0,0,0,0,0,0,0,0,0,0,0,0,0,0,0,0,0,0,0,0,32,30,30,62,65476,0,300,0,0,8,21553,0.0,-107605600.0,0.0,0.0,0.0,0.0,0.0,0.0,0.0,0.0,0.0,0.0,0.0,0.0,0.0,0.0,0.0,0.0,0.0,0.0,0.0,0.0,2.004,-2.004,2.004,2.004,0.0,0.0,0.0,0.0,5522.0,-3.6971931704991154e+19,6940.0,0.0,-0.0,-0.0,0.0,0.0,0.0,0.0,0.0,63,-4.9504266636054534e+32,89220.727,0.0,0.0,0.0,0.0,0.0,0.0,0.0,0,0,0,0.0,0.0,0.0,0.0,0.0,0.0,0.0,0.0,0.0,0.0,0.0,0.0,0.0,0.0,0.0,0.0,0,-107875648.0,63,0.0,126,2.7184242562605685e+23,2.842318642297501e+23,ERR,ERR,ERR,ERR,ERR,ERR,ERR,ERR,ERR,ERR,ERR,ERR,ERR,ERR,ERR,ERR,ERR,ERR,ERR,ERR,ERR,ERR,ERR,ERR,ERR,ERR,ERR,ERR,ERR,ERR,ERR,ERR,ERR,ERR,ERR,ERR,ERR,ERR,ERR,ERR,ERR,ERR,ERR,ERR,ERR,ERR,ERR,ERR,ERR,ERR,ERR,ERR,ERR,ERR,ERR,ERR,ERR,ERR,ERR,ERR,ERR,ERR,ERR,ERR,ERR,ERR,ERR,34.0,80.0,35,0.0,0.0,0.0,0.0,0.0,0.0,0.0,0.0,0.0,0.0,0.0,0.0,0.0,0.0,0.0,0.0,64.4,0,116,56,49,65476,0,300,0,0,8,20529,65476,0,0,57672,80.0,0.0,0.0,0.0,0.0,0.0
2026-06-17T04:52:10,ERR,ERR,ERR,ERR,ERR,ERR,ERR,ERR,ERR,ERR,ERR,ERR,ERR,ERR,ERR,ERR,ERR,ERR,ERR,ERR,ERR,ERR,ERR,ERR,ERR,ERR,ERR,ERR,ERR,ERR,ERR,ERR,ERR,ERR,ERR,ERR,ERR,ERR,ERR,ERR,ERR,ERR,ERR,ERR,ERR,ERR,ERR,ERR,ERR,ERR,ERR,ERR,ERR,ERR,ERR,ERR,ERR,ERR,ERR,ERR,ERR,ERR,ERR,ERR,ERR,ERR,ERR,ERR,ERR,ERR,ERR,ERR,ERR,ERR,ERR,ERR,ERR,ERR,ERR,ERR,ERR,ERR,ERR,ERR,ERR,ERR,ERR,ERR,ERR,ERR,ERR,ERR,ERR,ERR,ERR,ERR,ERR,ERR,ERR,ERR,ERR,ERR,ERR,ERR,ERR,ERR,ERR,ERR,ERR,ERR,ERR,ERR,ERR,ERR,ERR,ERR,ERR,ERR,ERR,ERR,ERR,ERR,ERR,ERR,ERR,0.0,-0.0,3.028208139652935e+23,0.0,0.0,1.3936040501711995e+18,7.805,0.0,0,0,4,0,7300,-0.0,0,0.0,0.0,0.0,0.0,0.0,0,0,0,0,0.0,0,0,0,0,0,0,0,0,0,0,0,0,0,0,0,0,0,0,0,0,0,0,0,0,0,0,0,0,0,0,0,0,0,32,30,30,62,65476,0,300,0,0,8,21553,0.0,-107605600.0,0.0,0.0,0.0,0.0,0.0,0.0,0.0,0.0,0.0,0.0,0.0,0.0,0.0,0.0,0.0,0.0,0.0,0.0,0.0,0.0,2.004,-2.004,2.004,2.004,0.0,0.0,0.0,0.0,5522.0,-3.6971931704991154e+19,6940.0,0.0,-0.0,-0.0,0.0,0.0,0.0,0.0,0.0,63,-4.9504266636054534e+32,89220.727,0.0,0.0,0.0,0.0,0.0,0.0,0.0,0,0,0,0.0,0.0,0.0,0.0,0.0,0.0,0.0,0.0,0.0,0.0,0.0,0.0,0.0,0.0,0.0,0.0,0,-107875648.0,63,0.0,126,2.7184242562605685e+23,2.842318642297501e+23,ERR,ERR,ERR,ERR,ERR,ERR,ERR,ERR,ERR,ERR,ERR,ERR,ERR,ERR,ERR,ERR,ERR,ERR,ERR,ERR,ERR,ERR,ERR,ERR,ERR,ERR,ERR,ERR,ERR,ERR,ERR,ERR,ERR,ERR,ERR,ERR,ERR,ERR,ERR,ERR,ERR,ERR,ERR,ERR,ERR,ERR,ERR,ERR,ERR,ERR,ERR,ERR,ERR,ERR,ERR,ERR,ERR,ERR,ERR,ERR,ERR,ERR,ERR,ERR,ERR,ERR,ERR,34.0,80.0,35,0.0,0.0,0.0,0.0,0.0,0.0,0.0,0.0,0.0,0.0,0.0,0.0,0.0,0.0,0.0,0.0,64.4,0,116,56,49,65476,0,300,0,0,8,20529,65476,0,0,57672,80.0,0.0,0.0,0.0,0.0,0.0
2026-06-17T04:52:11,ERR,ERR,ERR,ERR,ERR,ERR,ERR,ERR,ERR,ERR,ERR,ERR,ERR,ERR,ERR,ERR,ERR,ERR,ERR,ERR,ERR,ERR,ERR,ERR,ERR,ERR,ERR,ERR,ERR,ERR,ERR,ERR,ERR,ERR,ERR,ERR,ERR,ERR,ERR,ERR,ERR,ERR,ERR,ERR,ERR,ERR,ERR,ERR,ERR,ERR,ERR,ERR,ERR,ERR,ERR,ERR,ERR,ERR,ERR,ERR,ERR,ERR,ERR,ERR,ERR,ERR,ERR,ERR,ERR,ERR,ERR,ERR,ERR,ERR,ERR,ERR,ERR,ERR,ERR,ERR,ERR,ERR,ERR,ERR,ERR,ERR,ERR,ERR,ERR,ERR,ERR,ERR,ERR,ERR,ERR,ERR,ERR,ERR,ERR,ERR,ERR,ERR,ERR,ERR,ERR,ERR,ERR,ERR,ERR,ERR,ERR,ERR,ERR,ERR,ERR,ERR,ERR,ERR,ERR,ERR,ERR,ERR,ERR,ERR,ERR,0.0,-0.0,3.028208139652935e+23,0.0,0.0,1.3936040501711995e+18,7.805,0.0,0,0,4,0,7300,-0.0,0,0.0,0.0,0.0,0.0,0.0,0,0,0,0,0.0,0,0,0,0,0,0,0,0,0,0,0,0,0,0,0,0,0,0,0,0,0,0,0,0,0,0,0,0,0,0,0,0,0,32,30,30,62,65476,0,300,0,0,8,21553,0.0,-107605600.0,0.0,0.0,0.0,0.0,0.0,0.0,0.0,0.0,0.0,0.0,0.0,0.0,0.0,0.0,0.0,0.0,0.0,0.0,0.0,0.0,2.004,-2.004,2.004,2.004,0.0,0.0,0.0,0.0,5522.0,-3.6971931704991154e+19,6940.0,0.0,-0.0,-0.0,0.0,0.0,0.0,0.0,0.0,63,-4.9504266636054534e+32,89220.727,0.0,0.0,0.0,0.0,0.0,0.0,0.0,0,0,0,0.0,0.0,0.0,0.0,0.0,0.0,0.0,0.0,0.0,0.0,0.0,0.0,0.0,0.0,0.0,0.0,0,-107875648.0,63,0.0,126,2.7184242562605685e+23,2.842318642297501e+23,ERR,ERR,ERR,ERR,ERR,ERR,ERR,ERR,ERR,ERR,ERR,ERR,ERR,ERR,ERR,ERR,ERR,ERR,ERR,ERR,ERR,ERR,ERR,ERR,ERR,ERR,ERR,ERR,ERR,ERR,ERR,ERR,ERR,ERR,ERR,ERR,ERR,ERR,ERR,ERR,ERR,ERR,ERR,ERR,ERR,ERR,ERR,ERR,ERR,ERR,ERR,ERR,ERR,ERR,ERR,ERR,ERR,ERR,ERR,ERR,ERR,ERR,ERR,ERR,ERR,ERR,ERR,34.0,80.0,35,0.0,0.0,0.0,0.0,0.0,0.0,0.0,0.0,0.0,0.0,0.0,0.0,0.0,0.0,0.0,0.0,64.4,0,116,56,49,65476,0,300,0,0,8,20529,65476,0,0,57672,80.0,0.0,0.0,0.0,0.0,0.0
2026-06-17T04:52:12,ERR,ERR,ERR,ERR,ERR,ERR,ERR,ERR,ERR,ERR,ERR,ERR,ERR,ERR,ERR,ERR,ERR,ERR,ERR,ERR,ERR,ERR,ERR,ERR,ERR,ERR,ERR,ERR,ERR,ERR,ERR,ERR,ERR,ERR,ERR,ERR,ERR,ERR,ERR,ERR,ERR,ERR,ERR,ERR,ERR,ERR,ERR,ERR,ERR,ERR,ERR,ERR,ERR,ERR,ERR,ERR,ERR,ERR,ERR,ERR,ERR,ERR,ERR,ERR,ERR,ERR,ERR,ERR,ERR,ERR,ERR,ERR,ERR,ERR,ERR,ERR,ERR,ERR,ERR,ERR,ERR,ERR,ERR,ERR,ERR,ERR,ERR,ERR,ERR,ERR,ERR,ERR,ERR,ERR,ERR,ERR,ERR,ERR,ERR,ERR,ERR,ERR,ERR,ERR,ERR,ERR,ERR,ERR,ERR,ERR,ERR,ERR,ERR,ERR,ERR,ERR,ERR,ERR,ERR,ERR,ERR,ERR,ERR,ERR,ERR,0.0,-0.0,3.028208139652935e+23,0.0,0.0,1.3936040501711995e+18,7.805,0.0,0,0,4,0,7300,-0.0,0,0.0,0.0,0.0,0.0,0.0,0,0,0,0,0.0,0,0,0,0,0,0,0,0,0,0,0,0,0,0,0,0,0,0,0,0,0,0,0,0,0,0,0,0,0,0,0,0,0,32,30,30,62,65476,0,300,0,0,8,21553,0.0,-107605600.0,0.0,0.0,0.0,0.0,0.0,0.0,0.0,0.0,0.0,0.0,0.0,0.0,0.0,0.0,0.0,0.0,0.0,0.0,0.0,0.0,2.004,-2.004,2.004,2.004,0.0,0.0,0.0,0.0,5522.0,-3.6971931704991154e+19,6940.0,0.0,-0.0,-0.0,0.0,0.0,0.0,0.0,0.0,63,-4.9504266636054534e+32,89220.727,0.0,0.0,0.0,0.0,0.0,0.0,0.0,0,0,0,0.0,0.0,0.0,0.0,0.0,0.0,0.0,0.0,0.0,0.0,0.0,0.0,0.0,0.0,0.0,0.0,0,-107875648.0,63,0.0,126,2.7184242562605685e+23,2.842318642297501e+23,ERR,ERR,ERR,ERR,ERR,ERR,ERR,ERR,ERR,ERR,ERR,ERR,ERR,ERR,ERR,ERR,ERR,ERR,ERR,ERR,ERR,ERR,ERR,ERR,ERR,ERR,ERR,ERR,ERR,ERR,ERR,ERR,ERR,ERR,ERR,ERR,ERR,ERR,ERR,ERR,ERR,ERR,ERR,ERR,ERR,ERR,ERR,ERR,ERR,ERR,ERR,ERR,ERR,ERR,ERR,ERR,ERR,ERR,ERR,ERR,ERR,ERR,ERR,ERR,ERR,ERR,ERR,34.0,80.0,35,0.0,0.0,0.0,0.0,0.0,0.0,0.0,0.0,0.0,0.0,0.0,0.0,0.0,0.0,0.0,0.0,64.4,0,116,56,49,65476,0,300,0,0,8,20529,65476,0,0,57672,80.0,0.0,0.0,0.0,0.0,0.0
2026-06-17T04:52:13,ERR,ERR,ERR,ERR,ERR,ERR,ERR,ERR,ERR,ERR,ERR,ERR,ERR,ERR,ERR,ERR,ERR,ERR,ERR,ERR,ERR,ERR,ERR,ERR,ERR,ERR,ERR,ERR,ERR,ERR,ERR,ERR,ERR,ERR,ERR,ERR,ERR,ERR,ERR,ERR,ERR,ERR,ERR,ERR,ERR,ERR,ERR,ERR,ERR,ERR,ERR,ERR,ERR,ERR,ERR,ERR,ERR,ERR,ERR,ERR,ERR,ERR,ERR,ERR,ERR,ERR,ERR,ERR,ERR,ERR,ERR,ERR,ERR,ERR,ERR,ERR,ERR,ERR,ERR,ERR,ERR,ERR,ERR,ERR,ERR,ERR,ERR,ERR,ERR,ERR,ERR,ERR,ERR,ERR,ERR,ERR,ERR,ERR,ERR,ERR,ERR,ERR,ERR,ERR,ERR,ERR,ERR,ERR,ERR,ERR,ERR,ERR,ERR,ERR,ERR,ERR,ERR,ERR,ERR,ERR,ERR,ERR,ERR,ERR,ERR,0.0,-0.0,3.028208139652935e+23,0.0,0.0,1.3936040501711995e+18,7.805,0.0,0,0,4,0,7300,-0.0,0,0.0,0.0,0.0,0.0,0.0,0,0,0,0,0.0,0,0,0,0,0,0,0,0,0,0,0,0,0,0,0,0,0,0,0,0,0,0,0,0,0,0,0,0,0,0,0,0,0,32,30,30,62,65476,0,300,0,0,8,21553,0.0,-107605600.0,0.0,0.0,0.0,0.0,0.0,0.0,0.0,0.0,0.0,0.0,0.0,0.0,0.0,0.0,0.0,0.0,0.0,0.0,0.0,0.0,-0.0,-2.004,2.004,2.004,0.0,0.0,0.0,0.0,5552.0,8608199680.0,6922.0,0.0,-0.0,-0.0,0.0,0.0,0.0,0.0,0.0,63,-3.2220267480110635e+26,-152017632755712.0,0.0,0.0,0.0,0.0,0.0,0.0,0.0,0,0,0,0.0,0.0,0.0,0.0,0.0,0.0,0.0,0.0,0.0,0.0,0.0,0.0,0.0,0.0,0.0,0.0,0,-107875648.0,63,0.0,126,2.7184242562605685e+23,2.842318642297501e+23,ERR,ERR,ERR,ERR,ERR,ERR,ERR,ERR,ERR,ERR,ERR,ERR,ERR,ERR,ERR,ERR,ERR,ERR,ERR,ERR,ERR,ERR,ERR,ERR,ERR,ERR,ERR,ERR,ERR,ERR,ERR,ERR,ERR,ERR,ERR,ERR,ERR,ERR,ERR,ERR,ERR,ERR,ERR,ERR,ERR,ERR,ERR,ERR,ERR,ERR,ERR,ERR,ERR,ERR,ERR,ERR,ERR,ERR,ERR,ERR,ERR,ERR,ERR,ERR,ERR,ERR,ERR,34.0,80.0,35,0.0,0.0,0.0,0.0,0.0,0.0,0.0,0.0,0.0,0.0,0.0,0.0,0.0,0.0,0.0,0.0,64.4,0,116,56,49,65476,0,300,0,0,8,20529,65476,0,0,57672,80.0,0.0,0.0,0.0,0.0,0.0
2026-06-17T04:52:14,ERR,ERR,ERR,ERR,ERR,ERR,ERR,ERR,ERR,ERR,ERR,ERR,ERR,ERR,ERR,ERR,ERR,ERR,ERR,ERR,ERR,ERR,ERR,ERR,ERR,ERR,ERR,ERR,ERR,ERR,ERR,ERR,ERR,ERR,ERR,ERR,ERR,ERR,ERR,ERR,ERR,ERR,ERR,ERR,ERR,ERR,ERR,ERR,ERR,ERR,ERR,ERR,ERR,ERR,ERR,ERR,ERR,ERR,ERR,ERR,ERR,ERR,ERR,ERR,ERR,ERR,ERR,ERR,ERR,ERR,ERR,ERR,ERR,ERR,ERR,ERR,ERR,ERR,ERR,ERR,ERR,ERR,ERR,ERR,ERR,ERR,ERR,ERR,ERR,ERR,ERR,ERR,ERR,ERR,ERR,ERR,ERR,ERR,ERR,ERR,ERR,ERR,ERR,ERR,ERR,ERR,ERR,ERR,ERR,ERR,ERR,ERR,ERR,ERR,ERR,ERR,ERR,ERR,ERR,ERR,ERR,ERR,ERR,ERR,ERR,0.0,-0.0,3.028208139652935e+23,0.0,0.0,1.3936040501711995e+18,7.805,0.0,0,0,4,0,7300,-0.0,0,0.0,0.0,0.0,0.0,0.0,0,0,0,0,0.0,0,0,0,0,0,0,0,0,0,0,0,0,0,0,0,0,0,0,0,0,0,0,0,0,0,0,0,0,0,0,0,0,0,32,30,30,62,65476,0,300,0,0,8,21553,0.0,-107605600.0,0.0,0.0,0.0,0.0,0.0,0.0,0.0,0.0,0.0,0.0,0.0,0.0,0.0,0.0,0.0,0.0,0.0,0.0,0.0,0.0,-0.0,-2.004,2.004,2.004,0.0,0.0,0.0,0.0,5552.0,8608199680.0,6922.0,0.0,-0.0,-0.0,0.0,0.0,0.0,0.0,0.0,63,-3.2220267480110635e+26,-152017632755712.0,0.0,0.0,0.0,0.0,0.0,0.0,0.0,0,0,0,0.0,0.0,0.0,0.0,0.0,0.0,0.0,0.0,0.0,0.0,0.0,0.0,0.0,0.0,0.0,0.0,0,-107875648.0,63,0.0,126,2.7184242562605685e+23,2.842318642297501e+23,ERR,ERR,ERR,ERR,ERR,ERR,ERR,ERR,ERR,ERR,ERR,ERR,ERR,ERR,ERR,ERR,ERR,ERR,ERR,ERR,ERR,ERR,ERR,ERR,ERR,ERR,ERR,ERR,ERR,ERR,ERR,ERR,ERR,ERR,ERR,ERR,ERR,ERR,ERR,ERR,ERR,ERR,ERR,ERR,ERR,ERR,ERR,ERR,ERR,ERR,ERR,ERR,ERR,ERR,ERR,ERR,ERR,ERR,ERR,ERR,ERR,ERR,ERR,ERR,ERR,ERR,ERR,34.0,80.0,35,0.0,0.0,0.0,0.0,0.0,0.0,0.0,0.0,0.0,0.0,0.0,0.0,0.0,0.0,0.0,0.0,64.8,0,116,56,49,65476,0,300,0,0,8,20529,65476,0,0,57672,80.0,0.0,0.0,0.0,0.0,0.0
2026-06-17T04:52:15,ERR,ERR,ERR,ERR,ERR,ERR,ERR,ERR,ERR,ERR,ERR,ERR,ERR,ERR,ERR,ERR,ERR,ERR,ERR,ERR,ERR,ERR,ERR,ERR,ERR,ERR,ERR,ERR,ERR,ERR,ERR,ERR,ERR,ERR,ERR,ERR,ERR,ERR,ERR,ERR,ERR,ERR,ERR,ERR,ERR,ERR,ERR,ERR,ERR,ERR,ERR,ERR,ERR,ERR,ERR,ERR,ERR,ERR,ERR,ERR,ERR,ERR,ERR,ERR,ERR,ERR,ERR,ERR,ERR,ERR,ERR,ERR,ERR,ERR,ERR,ERR,ERR,ERR,ERR,ERR,ERR,ERR,ERR,ERR,ERR,ERR,ERR,ERR,ERR,ERR,ERR,ERR,ERR,ERR,ERR,ERR,ERR,ERR,ERR,ERR,ERR,ERR,ERR,ERR,ERR,ERR,ERR,ERR,ERR,ERR,ERR,ERR,ERR,ERR,ERR,ERR,ERR,ERR,ERR,ERR,ERR,ERR,ERR,ERR,ERR,0.0,-0.0,3.028208139652935e+23,0.0,0.0,1.3936040501711995e+18,7.805,0.0,0,0,4,0,7300,-0.0,0,0.0,0.0,0.0,0.0,0.0,0,0,0,0,0.0,0,0,0,0,0,0,0,0,0,0,0,0,0,0,0,0,0,0,0,0,0,0,0,0,0,0,0,0,0,0,0,0,0,32,30,30,62,65476,0,300,0,0,8,21553,0.0,-107605600.0,0.0,0.0,0.0,0.0,0.0,0.0,0.0,0.0,0.0,0.0,0.0,0.0,0.0,0.0,0.0,0.0,0.0,0.0,0.0,0.0,-0.0,-2.004,2.004,2.004,0.0,0.0,0.0,0.0,5552.0,8608199680.0,6922.0,0.0,-0.0,-0.0,0.0,0.0,0.0,0.0,0.0,63,-3.2220267480110635e+26,-152017632755712.0,0.0,0.0,0.0,0.0,0.0,0.0,0.0,0,0,0,0.0,0.0,0.0,0.0,0.0,0.0,0.0,0.0,0.0,0.0,0.0,0.0,0.0,0.0,0.0,0.0,0,-107875648.0,63,0.0,126,2.7184242562605685e+23,2.842318642297501e+23,ERR,ERR,ERR,ERR,ERR,ERR,ERR,ERR,ERR,ERR,ERR,ERR,ERR,ERR,ERR,ERR,ERR,ERR,ERR,ERR,ERR,ERR,ERR,ERR,ERR,ERR,ERR,ERR,ERR,ERR,ERR,ERR,ERR,ERR,ERR,ERR,ERR,ERR,ERR,ERR,ERR,ERR,ERR,ERR,ERR,ERR,ERR,ERR,ERR,ERR,ERR,ERR,ERR,ERR,ERR,ERR,ERR,ERR,ERR,ERR,ERR,ERR,ERR,ERR,ERR,ERR,ERR,34.0,80.0,35,0.0,0.0,0.0,0.0,0.0,0.0,0.0,0.0,0.0,0.0,0.0,0.0,0.0,0.0,0.0,0.0,64.8,0,116,56,49,65476,0,300,0,0,8,20529,65476,0,0,57672,80.0,0.0,0.0,0.0,0.0,0.0
2026-06-17T04:52:16,ERR,ERR,ERR,ERR,ERR,ERR,ERR,ERR,ERR,ERR,ERR,ERR,ERR,ERR,ERR,ERR,ERR,ERR,ERR,ERR,ERR,ERR,ERR,ERR,ERR,ERR,ERR,ERR,ERR,ERR,ERR,ERR,ERR,ERR,ERR,ERR,ERR,ERR,ERR,ERR,ERR,ERR,ERR,ERR,ERR,ERR,ERR,ERR,ERR,ERR,ERR,ERR,ERR,ERR,ERR,ERR,ERR,ERR,ERR,ERR,ERR,ERR,ERR,ERR,ERR,ERR,ERR,ERR,ERR,ERR,ERR,ERR,ERR,ERR,ERR,ERR,ERR,ERR,ERR,ERR,ERR,ERR,ERR,ERR,ERR,ERR,ERR,ERR,ERR,ERR,ERR,ERR,ERR,ERR,ERR,ERR,ERR,ERR,ERR,ERR,ERR,ERR,ERR,ERR,ERR,ERR,ERR,ERR,ERR,ERR,ERR,ERR,ERR,ERR,ERR,ERR,ERR,ERR,ERR,ERR,ERR,ERR,ERR,ERR,ERR,0.0,-0.0,3.028208139652935e+23,0.0,0.0,1.3936040501711995e+18,7.805,0.0,0,0,4,0,7300,-0.0,0,0.0,0.0,0.0,0.0,0.0,0,0,0,0,0.0,0,0,0,0,0,0,0,0,0,0,0,0,0,0,0,0,0,0,0,0,0,0,0,0,0,0,0,0,0,0,0,0,0,32,30,30,62,65476,0,300,0,0,8,21553,0.0,-107605600.0,0.0,0.0,0.0,0.0,0.0,0.0,0.0,0.0,0.0,0.0,0.0,0.0,0.0,0.0,0.0,0.0,0.0,0.0,0.0,0.0,-0.0,-2.004,2.004,2.004,0.0,0.0,0.0,0.0,5552.0,8608199680.0,6922.0,0.0,-0.0,-0.0,0.0,0.0,0.0,0.0,0.0,63,-3.2220267480110635e+26,-152017632755712.0,0.0,0.0,0.0,0.0,0.0,0.0,0.0,0,0,0,0.0,0.0,0.0,0.0,0.0,0.0,0.0,0.0,0.0,0.0,0.0,0.0,0.0,0.0,0.0,0.0,0,-107875648.0,63,0.0,126,2.7184242562605685e+23,2.842318642297501e+23,ERR,ERR,ERR,ERR,ERR,ERR,ERR,ERR,ERR,ERR,ERR,ERR,ERR,ERR,ERR,ERR,ERR,ERR,ERR,ERR,ERR,ERR,ERR,ERR,ERR,ERR,ERR,ERR,ERR,ERR,ERR,ERR,ERR,ERR,ERR,ERR,ERR,ERR,ERR,ERR,ERR,ERR,ERR,ERR,ERR,ERR,ERR,ERR,ERR,ERR,ERR,ERR,ERR,ERR,ERR,ERR,ERR,ERR,ERR,ERR,ERR,ERR,ERR,ERR,ERR,ERR,ERR,34.0,80.0,35,0.0,0.0,0.0,0.0,0.0,0.0,0.0,0.0,0.0,0.0,0.0,0.0,0.0,0.0,0.0,0.0,64.4,0,116,56,49,65476,0,300,0,0,8,20529,65476,0,0,57672,80.0,0.0,0.0,0.0,0.0,0.0
2026-06-17T04:52:17,ERR,ERR,ERR,ERR,ERR,ERR,ERR,ERR,ERR,ERR,ERR,ERR,ERR,ERR,ERR,ERR,ERR,ERR,ERR,ERR,ERR,ERR,ERR,ERR,ERR,ERR,ERR,ERR,ERR,ERR,ERR,ERR,ERR,ERR,ERR,ERR,ERR,ERR,ERR,ERR,ERR,ERR,ERR,ERR,ERR,ERR,ERR,ERR,ERR,ERR,ERR,ERR,ERR,ERR,ERR,ERR,ERR,ERR,ERR,ERR,ERR,ERR,ERR,ERR,ERR,ERR,ERR,ERR,ERR,ERR,ERR,ERR,ERR,ERR,ERR,ERR,ERR,ERR,ERR,ERR,ERR,ERR,ERR,ERR,ERR,ERR,ERR,ERR,ERR,ERR,ERR,ERR,ERR,ERR,ERR,ERR,ERR,ERR,ERR,ERR,ERR,ERR,ERR,ERR,ERR,ERR,ERR,ERR,ERR,ERR,ERR,ERR,ERR,ERR,ERR,ERR,ERR,ERR,ERR,ERR,ERR,ERR,ERR,ERR,ERR,0.0,-0.0,3.028208139652935e+23,0.0,0.0,1.3936040501711995e+18,7.805,0.0,0,0,4,0,7300,-0.0,0,0.0,0.0,0.0,0.0,0.0,0,0,0,0,0.0,0,0,0,0,0,0,0,0,0,0,0,0,0,0,0,0,0,0,0,0,0,0,0,0,0,0,0,0,0,0,0,0,0,32,30,30,62,65476,0,300,0,0,8,21553,0.0,-107605600.0,0.0,0.0,0.0,0.0,0.0,0.0,0.0,0.0,0.0,0.0,0.0,0.0,0.0,0.0,0.0,0.0,0.0,0.0,0.0,0.0,-0.0,-2.004,2.004,2.004,0.0,0.0,0.0,0.0,5552.0,8608199680.0,6922.0,0.0,-0.0,-0.0,0.0,0.0,0.0,0.0,0.0,63,-3.2220267480110635e+26,-152017632755712.0,0.0,0.0,0.0,0.0,0.0,0.0,0.0,0,0,0,0.0,0.0,0.0,0.0,0.0,0.0,0.0,0.0,0.0,0.0,0.0,0.0,0.0,0.0,0.0,0.0,0,-107875648.0,63,0.0,126,2.7184242562605685e+23,2.842318642297501e+23,ERR,ERR,ERR,ERR,ERR,ERR,ERR,ERR,ERR,ERR,ERR,ERR,ERR,ERR,ERR,ERR,ERR,ERR,ERR,ERR,ERR,ERR,ERR,ERR,ERR,ERR,ERR,ERR,ERR,ERR,ERR,ERR,ERR,ERR,ERR,ERR,ERR,ERR,ERR,ERR,ERR,ERR,ERR,ERR,ERR,ERR,ERR,ERR,ERR,ERR,ERR,ERR,ERR,ERR,ERR,ERR,ERR,ERR,ERR,ERR,ERR,ERR,ERR,ERR,ERR,ERR,ERR,34.0,80.0,35,0.0,0.0,0.0,0.0,0.0,0.0,0.0,0.0,0.0,0.0,0.0,0.0,0.0,0.0,0.0,0.0,64.4,0,116,56,49,65476,0,300,0,0,8,20529,65476,0,0,57672,80.0,0.0,0.0,0.0,0.0,0.0
2026-06-17T04:52:18,ERR,ERR,ERR,ERR,ERR,ERR,ERR,ERR,ERR,ERR,ERR,ERR,ERR,ERR,ERR,ERR,ERR,ERR,ERR,ERR,ERR,ERR,ERR,ERR,ERR,ERR,ERR,ERR,ERR,ERR,ERR,ERR,ERR,ERR,ERR,ERR,ERR,ERR,ERR,ERR,ERR,ERR,ERR,ERR,ERR,ERR,ERR,ERR,ERR,ERR,ERR,ERR,ERR,ERR,ERR,ERR,ERR,ERR,ERR,ERR,ERR,ERR,ERR,ERR,ERR,ERR,ERR,ERR,ERR,ERR,ERR,ERR,ERR,ERR,ERR,ERR,ERR,ERR,ERR,ERR,ERR,ERR,ERR,ERR,ERR,ERR,ERR,ERR,ERR,ERR,ERR,ERR,ERR,ERR,ERR,ERR,ERR,ERR,ERR,ERR,ERR,ERR,ERR,ERR,ERR,ERR,ERR,ERR,ERR,ERR,ERR,ERR,ERR,ERR,ERR,ERR,ERR,ERR,ERR,ERR,ERR,ERR,ERR,ERR,ERR,0.0,-0.0,3.028208139652935e+23,0.0,0.0,1.3936040501711995e+18,7.805,0.0,0,0,4,0,7300,-0.0,0,0.0,0.0,0.0,0.0,0.0,0,0,0,0,0.0,0,0,0,0,0,0,0,0,0,0,0,0,0,0,0,0,0,0,0,0,0,0,0,0,0,0,0,0,0,0,0,0,0,32,30,30,62,65476,0,300,0,0,8,21553,0.0,-107605600.0,0.0,0.0,0.0,0.0,0.0,0.0,0.0,0.0,0.0,0.0,0.0,0.0,0.0,0.0,0.0,0.0,0.0,0.0,0.0,0.0,-0.0,-2.004,2.004,2.004,0.0,0.0,0.0,0.0,5554.0,-8608199680.0,6938.0,0.0,-0.0,-0.0,0.0,0.0,0.0,0.0,0.0,63,-4.9504266636054534e+32,5.848064398257268e+35,0.0,0.0,0.0,0.0,0.0,0.0,0.0,0,0,0,0.0,0.0,0.0,0.0,0.0,0.0,0.0,0.0,0.0,0.0,0.0,0.0,0.0,0.0,0.0,0.0,0,-107875648.0,63,0.0,126,2.7184242562605685e+23,2.842318642297501e+23,ERR,ERR,ERR,ERR,ERR,ERR,ERR,ERR,ERR,ERR,ERR,ERR,ERR,ERR,ERR,ERR,ERR,ERR,ERR,ERR,ERR,ERR,ERR,ERR,ERR,ERR,ERR,ERR,ERR,ERR,ERR,ERR,ERR,ERR,ERR,ERR,ERR,ERR,ERR,ERR,ERR,ERR,ERR,ERR,ERR,ERR,ERR,ERR,ERR,ERR,ERR,ERR,ERR,ERR,ERR,ERR,ERR,ERR,ERR,ERR,ERR,ERR,ERR,ERR,ERR,ERR,ERR,34.0,80.0,35,0.0,0.0,0.0,0.0,0.0,0.0,0.0,0.0,0.0,0.0,0.0,0.0,0.0,0.0,0.0,0.0,64.4,0,116,56,49,65476,0,300,0,0,8,20529,65476,0,0,57672,80.0,0.0,0.0,0.0,0.0,0.0
2026-06-17T04:52:19,ERR,ERR,ERR,ERR,ERR,ERR,ERR,ERR,ERR,ERR,ERR,ERR,ERR,ERR,ERR,ERR,ERR,ERR,ERR,ERR,ERR,ERR,ERR,ERR,ERR,ERR,ERR,ERR,ERR,ERR,ERR,ERR,ERR,ERR,ERR,ERR,ERR,ERR,ERR,ERR,ERR,ERR,ERR,ERR,ERR,ERR,ERR,ERR,ERR,ERR,ERR,ERR,ERR,ERR,ERR,ERR,ERR,ERR,ERR,ERR,ERR,ERR,ERR,ERR,ERR,ERR,ERR,ERR,ERR,ERR,ERR,ERR,ERR,ERR,ERR,ERR,ERR,ERR,ERR,ERR,ERR,ERR,ERR,ERR,ERR,ERR,ERR,ERR,ERR,ERR,ERR,ERR,ERR,ERR,ERR,ERR,ERR,ERR,ERR,ERR,ERR,ERR,ERR,ERR,ERR,ERR,ERR,ERR,ERR,ERR,ERR,ERR,ERR,ERR,ERR,ERR,ERR,ERR,ERR,ERR,ERR,ERR,ERR,ERR,ERR,0.0,-0.0,3.028208139652935e+23,0.0,0.0,1.3936040501711995e+18,7.805,0.0,0,0,4,0,7300,-0.0,0,0.0,0.0,0.0,0.0,0.0,0,0,0,0,0.0,0,0,0,0,0,0,0,0,0,0,0,0,0,0,0,0,0,0,0,0,0,0,0,0,0,0,0,0,0,0,0,0,0,32,30,30,62,65476,0,300,0,0,8,21553,0.0,-107605600.0,0.0,0.0,0.0,0.0,0.0,0.0,0.0,0.0,0.0,0.0,0.0,0.0,0.0,0.0,0.0,0.0,0.0,0.0,0.0,0.0,-0.0,-2.004,2.004,2.004,0.0,0.0,0.0,0.0,5554.0,-8608199680.0,6938.0,0.0,-0.0,-0.0,0.0,0.0,0.0,0.0,0.0,63,-4.9504266636054534e+32,5.848064398257268e+35,0.0,0.0,0.0,0.0,0.0,0.0,0.0,0,0,0,0.0,0.0,0.0,0.0,0.0,0.0,0.0,0.0,0.0,0.0,0.0,0.0,0.0,0.0,0.0,0.0,0,-107875648.0,63,0.0,126,2.7184242562605685e+23,2.842318642297501e+23,ERR,ERR,ERR,ERR,ERR,ERR,ERR,ERR,ERR,ERR,ERR,ERR,ERR,ERR,ERR,ERR,ERR,ERR,ERR,ERR,ERR,ERR,ERR,ERR,ERR,ERR,ERR,ERR,ERR,ERR,ERR,ERR,ERR,ERR,ERR,ERR,ERR,ERR,ERR,ERR,ERR,ERR,ERR,ERR,ERR,ERR,ERR,ERR,ERR,ERR,ERR,ERR,ERR,ERR,ERR,ERR,ERR,ERR,ERR,ERR,ERR,ERR,ERR,ERR,ERR,ERR,ERR,34.0,80.0,35,0.0,0.0,0.0,0.0,0.0,0.0,0.0,0.0,0.0,0.0,0.0,0.0,0.0,0.0,0.0,0.0,64.4,0,116,56,49,65476,0,300,0,0,8,20529,65476,0,0,57672,80.0,0.0,0.0,0.0,0.0,0.0
2026-06-17T04:52:20,ERR,ERR,ERR,ERR,ERR,ERR,ERR,ERR,ERR,ERR,ERR,ERR,ERR,ERR,ERR,ERR,ERR,ERR,ERR,ERR,ERR,ERR,ERR,ERR,ERR,ERR,ERR,ERR,ERR,ERR,ERR,ERR,ERR,ERR,ERR,ERR,ERR,ERR,ERR,ERR,ERR,ERR,ERR,ERR,ERR,ERR,ERR,ERR,ERR,ERR,ERR,ERR,ERR,ERR,ERR,ERR,ERR,ERR,ERR,ERR,ERR,ERR,ERR,ERR,ERR,ERR,ERR,ERR,ERR,ERR,ERR,ERR,ERR,ERR,ERR,ERR,ERR,ERR,ERR,ERR,ERR,ERR,ERR,ERR,ERR,ERR,ERR,ERR,ERR,ERR,ERR,ERR,ERR,ERR,ERR,ERR,ERR,ERR,ERR,ERR,ERR,ERR,ERR,ERR,ERR,ERR,ERR,ERR,ERR,ERR,ERR,ERR,ERR,ERR,ERR,ERR,ERR,ERR,ERR,ERR,ERR,ERR,ERR,ERR,ERR,0.0,-0.0,3.028208139652935e+23,0.0,0.0,1.3936040501711995e+18,7.805,0.0,0,0,4,0,7300,-0.0,0,0.0,0.0,0.0,0.0,0.0,0,0,0,0,0.0,0,0,0,0,0,0,0,0,0,0,0,0,0,0,0,0,0,0,0,0,0,0,0,0,0,0,0,0,0,0,0,0,0,32,30,30,62,65476,0,300,0,0,8,21553,0.0,-107605600.0,0.0,0.0,0.0,0.0,0.0,0.0,0.0,0.0,0.0,0.0,0.0,0.0,0.0,0.0,0.0,0.0,0.0,0.0,0.0,0.0,-0.0,-2.004,2.004,2.004,0.0,0.0,0.0,0.0,5554.0,-8608199680.0,6938.0,0.0,-0.0,-0.0,0.0,0.0,0.0,0.0,0.0,63,-4.9504266636054534e+32,5.848064398257268e+35,0.0,0.0,0.0,0.0,0.0,0.0,0.0,0,0,0,0.0,0.0,0.0,0.0,0.0,0.0,0.0,0.0,0.0,0.0,0.0,0.0,0.0,0.0,0.0,0.0,0,-107875648.0,63,0.0,126,2.7184242562605685e+23,2.842318642297501e+23,ERR,ERR,ERR,ERR,ERR,ERR,ERR,ERR,ERR,ERR,ERR,ERR,ERR,ERR,ERR,ERR,ERR,ERR,ERR,ERR,ERR,ERR,ERR,ERR,ERR,ERR,ERR,ERR,ERR,ERR,ERR,ERR,ERR,ERR,ERR,ERR,ERR,ERR,ERR,ERR,ERR,ERR,ERR,ERR,ERR,ERR,ERR,ERR,ERR,ERR,ERR,ERR,ERR,ERR,ERR,ERR,ERR,ERR,ERR,ERR,ERR,ERR,ERR,ERR,ERR,ERR,ERR,34.0,80.0,35,0.0,0.0,0.0,0.0,0.0,0.0,0.0,0.0,0.0,0.0,0.0,0.0,0.0,0.0,0.0,0.0,64.4,0,116,56,49,65476,0,300,0,0,8,20529,65476,0,0,57672,80.0,0.0,0.0,0.0,0.0,0.0
2026-06-17T04:52:21,ERR,ERR,ERR,ERR,ERR,ERR,ERR,ERR,ERR,ERR,ERR,ERR,ERR,ERR,ERR,ERR,ERR,ERR,ERR,ERR,ERR,ERR,ERR,ERR,ERR,ERR,ERR,ERR,ERR,ERR,ERR,ERR,ERR,ERR,ERR,ERR,ERR,ERR,ERR,ERR,ERR,ERR,ERR,ERR,ERR,ERR,ERR,ERR,ERR,ERR,ERR,ERR,ERR,ERR,ERR,ERR,ERR,ERR,ERR,ERR,ERR,ERR,ERR,ERR,ERR,ERR,ERR,ERR,ERR,ERR,ERR,ERR,ERR,ERR,ERR,ERR,ERR,ERR,ERR,ERR,ERR,ERR,ERR,ERR,ERR,ERR,ERR,ERR,ERR,ERR,ERR,ERR,ERR,ERR,ERR,ERR,ERR,ERR,ERR,ERR,ERR,ERR,ERR,ERR,ERR,ERR,ERR,ERR,ERR,ERR,ERR,ERR,ERR,ERR,ERR,ERR,ERR,ERR,ERR,ERR,ERR,ERR,ERR,ERR,ERR,0.0,-0.0,3.028208139652935e+23,0.0,0.0,1.3936040501711995e+18,7.805,0.0,0,0,4,0,7300,-0.0,0,0.0,0.0,0.0,0.0,0.0,0,0,0,0,0.0,0,0,0,0,0,0,0,0,0,0,0,0,0,0,0,0,0,0,0,0,0,0,0,0,0,0,0,0,0,0,0,0,0,32,30,30,62,65476,0,300,0,0,8,21553,0.0,-107605600.0,0.0,0.0,0.0,0.0,0.0,0.0,0.0,0.0,0.0,0.0,0.0,0.0,0.0,0.0,0.0,0.0,0.0,0.0,0.0,0.0,-0.0,-2.004,2.004,2.004,0.0,0.0,0.0,0.0,5554.0,-8608199680.0,6938.0,0.0,-0.0,-0.0,0.0,0.0,0.0,0.0,0.0,63,-4.9504266636054534e+32,5.848064398257268e+35,0.0,0.0,0.0,0.0,0.0,0.0,0.0,0,0,0,0.0,0.0,0.0,0.0,0.0,0.0,0.0,0.0,0.0,0.0,0.0,0.0,0.0,0.0,0.0,0.0,0,-107875648.0,63,0.0,126,2.7184242562605685e+23,2.842318642297501e+23,ERR,ERR,ERR,ERR,ERR,ERR,ERR,ERR,ERR,ERR,ERR,ERR,ERR,ERR,ERR,ERR,ERR,ERR,ERR,ERR,ERR,ERR,ERR,ERR,ERR,ERR,ERR,ERR,ERR,ERR,ERR,ERR,ERR,ERR,ERR,ERR,ERR,ERR,ERR,ERR,ERR,ERR,ERR,ERR,ERR,ERR,ERR,ERR,ERR,ERR,ERR,ERR,ERR,ERR,ERR,ERR,ERR,ERR,ERR,ERR,ERR,ERR,ERR,ERR,ERR,ERR,ERR,34.0,80.0,35,0.0,0.0,0.0,0.0,0.0,0.0,0.0,0.0,0.0,0.0,0.0,0.0,0.0,0.0,0.0,0.0,64.4,0,116,56,49,65476,0,300,0,0,8,20529,65476,0,0,57672,80.0,0.0,0.0,0.0,0.0,0.0
2026-06-17T04:52:22,ERR,ERR,ERR,ERR,ERR,ERR,ERR,ERR,ERR,ERR,ERR,ERR,ERR,ERR,ERR,ERR,ERR,ERR,ERR,ERR,ERR,ERR,ERR,ERR,ERR,ERR,ERR,ERR,ERR,ERR,ERR,ERR,ERR,ERR,ERR,ERR,ERR,ERR,ERR,ERR,ERR,ERR,ERR,ERR,ERR,ERR,ERR,ERR,ERR,ERR,ERR,ERR,ERR,ERR,ERR,ERR,ERR,ERR,ERR,ERR,ERR,ERR,ERR,ERR,ERR,ERR,ERR,ERR,ERR,ERR,ERR,ERR,ERR,ERR,ERR,ERR,ERR,ERR,ERR,ERR,ERR,ERR,ERR,ERR,ERR,ERR,ERR,ERR,ERR,ERR,ERR,ERR,ERR,ERR,ERR,ERR,ERR,ERR,ERR,ERR,ERR,ERR,ERR,ERR,ERR,ERR,ERR,ERR,ERR,ERR,ERR,ERR,ERR,ERR,ERR,ERR,ERR,ERR,ERR,ERR,ERR,ERR,ERR,ERR,ERR,0.0,-0.0,3.028208139652935e+23,0.0,0.0,1.3936040501711995e+18,7.805,0.0,0,0,4,0,7300,-0.0,0,0.0,0.0,0.0,0.0,0.0,0,0,0,0,0.0,0,0,0,0,0,0,0,0,0,0,0,0,0,0,0,0,0,0,0,0,0,0,0,0,0,0,0,0,0,0,0,0,0,32,30,30,62,65476,0,300,0,0,8,21553,0.0,-107605600.0,0.0,0.0,0.0,0.0,0.0,0.0,0.0,0.0,0.0,0.0,0.0,0.0,0.0,0.0,0.0,0.0,0.0,0.0,0.0,0.0,-0.0,-2.004,2.004,2.004,0.0,0.0,0.0,0.0,5554.0,-8608199680.0,6938.0,0.0,-0.0,-0.0,0.0,0.0,0.0,0.0,0.0,63,-4.9504266636054534e+32,5.848064398257268e+35,0.0,0.0,0.0,0.0,0.0,0.0,0.0,0,0,0,0.0,0.0,0.0,0.0,0.0,0.0,0.0,0.0,0.0,0.0,0.0,0.0,0.0,0.0,0.0,0.0,0,-107875648.0,63,0.0,126,2.7184242562605685e+23,2.842318642297501e+23,ERR,ERR,ERR,ERR,ERR,ERR,ERR,ERR,ERR,ERR,ERR,ERR,ERR,ERR,ERR,ERR,ERR,ERR,ERR,ERR,ERR,ERR,ERR,ERR,ERR,ERR,ERR,ERR,ERR,ERR,ERR,ERR,ERR,ERR,ERR,ERR,ERR,ERR,ERR,ERR,ERR,ERR,ERR,ERR,ERR,ERR,ERR,ERR,ERR,ERR,ERR,ERR,ERR,ERR,ERR,ERR,ERR,ERR,ERR,ERR,ERR,ERR,ERR,ERR,ERR,ERR,ERR,34.0,80.0,35,0.0,0.0,0.0,0.0,0.0,0.0,0.0,0.0,0.0,0.0,0.0,0.0,0.0,0.0,0.0,0.0,64.4,0,116,56,49,65476,0,300,0,0,8,20529,65476,0,0,57672,80.0,0.0,0.0,0.0,0.0,0.0
2026-06-17T04:52:23,ERR,ERR,ERR,ERR,ERR,ERR,ERR,ERR,ERR,ERR,ERR,ERR,ERR,ERR,ERR,ERR,ERR,ERR,ERR,ERR,ERR,ERR,ERR,ERR,ERR,ERR,ERR,ERR,ERR,ERR,ERR,ERR,ERR,ERR,ERR,ERR,ERR,ERR,ERR,ERR,ERR,ERR,ERR,ERR,ERR,ERR,ERR,ERR,ERR,ERR,ERR,ERR,ERR,ERR,ERR,ERR,ERR,ERR,ERR,ERR,ERR,ERR,ERR,ERR,ERR,ERR,ERR,ERR,ERR,ERR,ERR,ERR,ERR,ERR,ERR,ERR,ERR,ERR,ERR,ERR,ERR,ERR,ERR,ERR,ERR,ERR,ERR,ERR,ERR,ERR,ERR,ERR,ERR,ERR,ERR,ERR,ERR,ERR,ERR,ERR,ERR,ERR,ERR,ERR,ERR,ERR,ERR,ERR,ERR,ERR,ERR,ERR,ERR,ERR,ERR,ERR,ERR,ERR,ERR,ERR,ERR,ERR,ERR,ERR,ERR,0.0,-0.0,-0.0,0.0,0.0,1.3936040501711995e+18,7.805,0.0,0,0,4,0,7300,-0.0,0,0.0,0.0,0.0,0.0,0.0,0,0,0,0,0.0,0,0,0,0,0,0,0,0,0,0,0,0,0,0,0,0,0,0,0,0,0,0,0,0,0,0,0,0,0,0,0,0,0,32,30,30,62,65476,0,300,0,0,8,21553,0.0,-107605600.0,0.0,0.0,0.0,0.0,0.0,0.0,0.0,0.0,0.0,0.0,0.0,0.0,0.0,0.0,0.0,0.0,0.0,0.0,0.0,0.0,2.004,-2.004,2.004,2.004,0.0,0.0,0.0,0.0,5586.0,0.0,6916.0,0.0,-0.0,-0.0,0.0,0.0,0.0,0.0,0.0,63,-4.9504266636054534e+32,-2.3088319216226402e+20,0.0,0.0,0.0,0.0,0.0,0.0,0.0,0,0,0,0.0,0.0,0.0,0.0,0.0,0.0,0.0,0.0,0.0,0.0,0.0,0.0,0.0,0.0,0.0,0.0,0,-107875648.0,63,0.0,126,2.7184242562605685e+23,2.842318642297501e+23,ERR,ERR,ERR,ERR,ERR,ERR,ERR,ERR,ERR,ERR,ERR,ERR,ERR,ERR,ERR,ERR,ERR,ERR,ERR,ERR,ERR,ERR,ERR,ERR,ERR,ERR,ERR,ERR,ERR,ERR,ERR,ERR,ERR,ERR,ERR,ERR,ERR,ERR,ERR,ERR,ERR,ERR,ERR,ERR,ERR,ERR,ERR,ERR,ERR,ERR,ERR,ERR,ERR,ERR,ERR,ERR,ERR,ERR,ERR,ERR,ERR,ERR,ERR,ERR,ERR,ERR,ERR,34.0,80.0,35,0.0,0.0,0.0,0.0,0.0,0.0,0.0,0.0,0.0,0.0,0.0,0.0,0.0,0.0,0.0,0.0,64.4,0,116,56,49,65476,0,300,0,0,8,20529,65476,0,0,57672,80.0,0.0,0.0,0.0,0.0,0.0
2026-06-17T04:52:24,ERR,ERR,ERR,ERR,ERR,ERR,ERR,ERR,ERR,ERR,ERR,ERR,ERR,ERR,ERR,ERR,ERR,ERR,ERR,ERR,ERR,ERR,ERR,ERR,ERR,ERR,ERR,ERR,ERR,ERR,ERR,ERR,ERR,ERR,ERR,ERR,ERR,ERR,ERR,ERR,ERR,ERR,ERR,ERR,ERR,ERR,ERR,ERR,ERR,ERR,ERR,ERR,ERR,ERR,ERR,ERR,ERR,ERR,ERR,ERR,ERR,ERR,ERR,ERR,ERR,ERR,ERR,ERR,ERR,ERR,ERR,ERR,ERR,ERR,ERR,ERR,ERR,ERR,ERR,ERR,ERR,ERR,ERR,ERR,ERR,ERR,ERR,ERR,ERR,ERR,ERR,ERR,ERR,ERR,ERR,ERR,ERR,ERR,ERR,ERR,ERR,ERR,ERR,ERR,ERR,ERR,ERR,ERR,ERR,ERR,ERR,ERR,ERR,ERR,ERR,ERR,ERR,ERR,ERR,ERR,ERR,ERR,ERR,ERR,ERR,0.0,-0.0,-0.0,0.0,0.0,1.3936040501711995e+18,7.805,0.0,0,0,4,0,7300,-0.0,0,0.0,0.0,0.0,0.0,0.0,0,0,0,0,0.0,0,0,0,0,0,0,0,0,0,0,0,0,0,0,0,0,0,0,0,0,0,0,0,0,0,0,0,0,0,0,0,0,0,32,30,30,62,65476,0,300,0,0,8,21553,0.0,-107605600.0,0.0,0.0,0.0,0.0,0.0,0.0,0.0,0.0,0.0,0.0,0.0,0.0,0.0,0.0,0.0,0.0,0.0,0.0,0.0,0.0,2.004,-2.004,2.004,2.004,0.0,0.0,0.0,0.0,5586.0,0.0,6916.0,0.0,-0.0,-0.0,0.0,0.0,0.0,0.0,0.0,63,-4.9504266636054534e+32,-2.3088319216226402e+20,0.0,0.0,0.0,0.0,0.0,0.0,0.0,0,0,0,0.0,0.0,0.0,0.0,0.0,0.0,0.0,0.0,0.0,0.0,0.0,0.0,0.0,0.0,0.0,0.0,0,-107875648.0,63,0.0,126,2.7184242562605685e+23,2.842318642297501e+23,ERR,ERR,ERR,ERR,ERR,ERR,ERR,ERR,ERR,ERR,ERR,ERR,ERR,ERR,ERR,ERR,ERR,ERR,ERR,ERR,ERR,ERR,ERR,ERR,ERR,ERR,ERR,ERR,ERR,ERR,ERR,ERR,ERR,ERR,ERR,ERR,ERR,ERR,ERR,ERR,ERR,ERR,ERR,ERR,ERR,ERR,ERR,ERR,ERR,ERR,ERR,ERR,ERR,ERR,ERR,ERR,ERR,ERR,ERR,ERR,ERR,ERR,ERR,ERR,ERR,ERR,ERR,34.0,80.0,35,0.0,0.0,0.0,0.0,0.0,0.0,0.0,0.0,0.0,0.0,0.0,0.0,0.0,0.0,0.0,0.0,64.4,0,116,56,49,65476,0,300,0,0,8,20529,65476,0,0,57672,80.0,0.0,0.0,0.0,0.0,0.0
2026-06-17T04:52:25,ERR,ERR,ERR,ERR,ERR,ERR,ERR,ERR,ERR,ERR,ERR,ERR,ERR,ERR,ERR,ERR,ERR,ERR,ERR,ERR,ERR,ERR,ERR,ERR,ERR,ERR,ERR,ERR,ERR,ERR,ERR,ERR,ERR,ERR,ERR,ERR,ERR,ERR,ERR,ERR,ERR,ERR,ERR,ERR,ERR,ERR,ERR,ERR,ERR,ERR,ERR,ERR,ERR,ERR,ERR,ERR,ERR,ERR,ERR,ERR,ERR,ERR,ERR,ERR,ERR,ERR,ERR,ERR,ERR,ERR,ERR,ERR,ERR,ERR,ERR,ERR,ERR,ERR,ERR,ERR,ERR,ERR,ERR,ERR,ERR,ERR,ERR,ERR,ERR,ERR,ERR,ERR,ERR,ERR,ERR,ERR,ERR,ERR,ERR,ERR,ERR,ERR,ERR,ERR,ERR,ERR,ERR,ERR,ERR,ERR,ERR,ERR,ERR,ERR,ERR,ERR,ERR,ERR,ERR,ERR,ERR,ERR,ERR,ERR,ERR,0.0,-0.0,-0.0,0.0,0.0,1.3936040501711995e+18,7.805,0.0,0,0,4,0,7300,-0.0,0,0.0,0.0,0.0,0.0,0.0,0,0,0,0,0.0,0,0,0,0,0,0,0,0,0,0,0,0,0,0,0,0,0,0,0,0,0,0,0,0,0,0,0,0,0,0,0,0,0,32,30,30,62,65476,0,300,0,0,8,21553,0.0,-107605600.0,0.0,0.0,0.0,0.0,0.0,0.0,0.0,0.0,0.0,0.0,0.0,0.0,0.0,0.0,0.0,0.0,0.0,0.0,0.0,0.0,2.004,-2.004,2.004,2.004,0.0,0.0,0.0,0.0,5586.0,0.0,6916.0,0.0,-0.0,-0.0,0.0,0.0,0.0,0.0,0.0,63,-4.9504266636054534e+32,-2.3088319216226402e+20,0.0,0.0,0.0,0.0,0.0,0.0,0.0,0,0,0,0.0,0.0,0.0,0.0,0.0,0.0,0.0,0.0,0.0,0.0,0.0,0.0,0.0,0.0,0.0,0.0,0,-107875648.0,63,0.0,126,2.7184242562605685e+23,2.842318642297501e+23,ERR,ERR,ERR,ERR,ERR,ERR,ERR,ERR,ERR,ERR,ERR,ERR,ERR,ERR,ERR,ERR,ERR,ERR,ERR,ERR,ERR,ERR,ERR,ERR,ERR,ERR,ERR,ERR,ERR,ERR,ERR,ERR,ERR,ERR,ERR,ERR,ERR,ERR,ERR,ERR,ERR,ERR,ERR,ERR,ERR,ERR,ERR,ERR,ERR,ERR,ERR,ERR,ERR,ERR,ERR,ERR,ERR,ERR,ERR,ERR,ERR,ERR,ERR,ERR,ERR,ERR,ERR,34.0,80.0,35,0.0,0.0,0.0,0.0,0.0,0.0,0.0,0.0,0.0,0.0,0.0,0.0,0.0,0.0,0.0,0.0,64.4,0,116,56,49,65476,0,300,0,0,8,20529,65476,0,0,57672,80.0,0.0,0.0,0.0,0.0,0.0
2026-06-17T04:52:26,ERR,ERR,ERR,ERR,ERR,ERR,ERR,ERR,ERR,ERR,ERR,ERR,ERR,ERR,ERR,ERR,ERR,ERR,ERR,ERR,ERR,ERR,ERR,ERR,ERR,ERR,ERR,ERR,ERR,ERR,ERR,ERR,ERR,ERR,ERR,ERR,ERR,ERR,ERR,ERR,ERR,ERR,ERR,ERR,ERR,ERR,ERR,ERR,ERR,ERR,ERR,ERR,ERR,ERR,ERR,ERR,ERR,ERR,ERR,ERR,ERR,ERR,ERR,ERR,ERR,ERR,ERR,ERR,ERR,ERR,ERR,ERR,ERR,ERR,ERR,ERR,ERR,ERR,ERR,ERR,ERR,ERR,ERR,ERR,ERR,ERR,ERR,ERR,ERR,ERR,ERR,ERR,ERR,ERR,ERR,ERR,ERR,ERR,ERR,ERR,ERR,ERR,ERR,ERR,ERR,ERR,ERR,ERR,ERR,ERR,ERR,ERR,ERR,ERR,ERR,ERR,ERR,ERR,ERR,ERR,ERR,ERR,ERR,ERR,ERR,0.0,-0.0,-0.0,0.0,0.0,1.3936040501711995e+18,7.805,0.0,0,0,4,0,7300,-0.0,0,0.0,0.0,0.0,0.0,0.0,0,0,0,0,0.0,0,0,0,0,0,0,0,0,0,0,0,0,0,0,0,0,0,0,0,0,0,0,0,0,0,0,0,0,0,0,0,0,0,32,30,30,62,65476,0,300,0,0,8,21553,0.0,-107605600.0,0.0,0.0,0.0,0.0,0.0,0.0,0.0,0.0,0.0,0.0,0.0,0.0,0.0,0.0,0.0,0.0,0.0,0.0,0.0,0.0,2.004,-2.004,2.004,2.004,0.0,0.0,0.0,0.0,5586.0,0.0,6916.0,0.0,-0.0,-0.0,0.0,0.0,0.0,0.0,0.0,63,-4.9504266636054534e+32,-2.3088319216226402e+20,0.0,0.0,0.0,0.0,0.0,0.0,0.0,0,0,0,0.0,0.0,0.0,0.0,0.0,0.0,0.0,0.0,0.0,0.0,0.0,0.0,0.0,0.0,0.0,0.0,0,-107875648.0,63,0.0,126,2.7184242562605685e+23,2.842318642297501e+23,ERR,ERR,ERR,ERR,ERR,ERR,ERR,ERR,ERR,ERR,ERR,ERR,ERR,ERR,ERR,ERR,ERR,ERR,ERR,ERR,ERR,ERR,ERR,ERR,ERR,ERR,ERR,ERR,ERR,ERR,ERR,ERR,ERR,ERR,ERR,ERR,ERR,ERR,ERR,ERR,ERR,ERR,ERR,ERR,ERR,ERR,ERR,ERR,ERR,ERR,ERR,ERR,ERR,ERR,ERR,ERR,ERR,ERR,ERR,ERR,ERR,ERR,ERR,ERR,ERR,ERR,ERR,34.0,80.0,35,0.0,0.0,0.0,0.0,0.0,0.0,0.0,0.0,0.0,0.0,0.0,0.0,0.0,0.0,0.0,0.0,64.4,0,116,56,49,65476,0,300,0,0,8,20529,65476,0,0,57672,80.0,0.0,0.0,0.0,0.0,0.0
2026-06-17T04:52:27,ERR,ERR,ERR,ERR,ERR,ERR,ERR,ERR,ERR,ERR,ERR,ERR,ERR,ERR,ERR,ERR,ERR,ERR,ERR,ERR,ERR,ERR,ERR,ERR,ERR,ERR,ERR,ERR,ERR,ERR,ERR,ERR,ERR,ERR,ERR,ERR,ERR,ERR,ERR,ERR,ERR,ERR,ERR,ERR,ERR,ERR,ERR,ERR,ERR,ERR,ERR,ERR,ERR,ERR,ERR,ERR,ERR,ERR,ERR,ERR,ERR,ERR,ERR,ERR,ERR,ERR,ERR,ERR,ERR,ERR,ERR,ERR,ERR,ERR,ERR,ERR,ERR,ERR,ERR,ERR,ERR,ERR,ERR,ERR,ERR,ERR,ERR,ERR,ERR,ERR,ERR,ERR,ERR,ERR,ERR,ERR,ERR,ERR,ERR,ERR,ERR,ERR,ERR,ERR,ERR,ERR,ERR,ERR,ERR,ERR,ERR,ERR,ERR,ERR,ERR,ERR,ERR,ERR,ERR,ERR,ERR,ERR,ERR,ERR,ERR,0.0,-0.0,-0.0,0.0,0.0,1.3936040501711995e+18,7.805,0.0,0,0,4,0,7300,-0.0,0,0.0,0.0,0.0,0.0,0.0,0,0,0,0,0.0,0,0,0,0,0,0,0,0,0,0,0,0,0,0,0,0,0,0,0,0,0,0,0,0,0,0,0,0,0,0,0,0,0,32,30,30,62,65476,0,300,0,0,8,21553,0.0,-107605600.0,0.0,0.0,0.0,0.0,0.0,0.0,0.0,0.0,0.0,0.0,0.0,0.0,0.0,0.0,0.0,0.0,0.0,0.0,0.0,0.0,2.004,-2.004,2.004,2.004,0.0,0.0,0.0,0.0,5586.0,0.0,6916.0,0.0,-0.0,-0.0,0.0,0.0,0.0,0.0,0.0,63,-4.9504266636054534e+32,-2.3088319216226402e+20,0.0,0.0,0.0,0.0,0.0,0.0,0.0,0,0,0,0.0,0.0,0.0,0.0,0.0,0.0,0.0,0.0,0.0,0.0,0.0,0.0,0.0,0.0,0.0,0.0,0,-107875648.0,63,0.0,126,2.7184242562605685e+23,2.842318642297501e+23,ERR,ERR,ERR,ERR,ERR,ERR,ERR,ERR,ERR,ERR,ERR,ERR,ERR,ERR,ERR,ERR,ERR,ERR,ERR,ERR,ERR,ERR,ERR,ERR,ERR,ERR,ERR,ERR,ERR,ERR,ERR,ERR,ERR,ERR,ERR,ERR,ERR,ERR,ERR,ERR,ERR,ERR,ERR,ERR,ERR,ERR,ERR,ERR,ERR,ERR,ERR,ERR,ERR,ERR,ERR,ERR,ERR,ERR,ERR,ERR,ERR,ERR,ERR,ERR,ERR,ERR,ERR,34.0,80.0,35,0.0,0.0,0.0,0.0,0.0,0.0,0.0,0.0,0.0,0.0,0.0,0.0,0.0,0.0,0.0,0.0,64.4,0,116,56,49,65476,0,300,0,0,8,20529,65476,0,0,57672,80.0,0.0,0.0,0.0,0.0,0.0
2026-06-17T04:52:28,ERR,ERR,ERR,ERR,ERR,ERR,ERR,ERR,ERR,ERR,ERR,ERR,ERR,ERR,ERR,ERR,ERR,ERR,ERR,ERR,ERR,ERR,ERR,ERR,ERR,ERR,ERR,ERR,ERR,ERR,ERR,ERR,ERR,ERR,ERR,ERR,ERR,ERR,ERR,ERR,ERR,ERR,ERR,ERR,ERR,ERR,ERR,ERR,ERR,ERR,ERR,ERR,ERR,ERR,ERR,ERR,ERR,ERR,ERR,ERR,ERR,ERR,ERR,ERR,ERR,ERR,ERR,ERR,ERR,ERR,ERR,ERR,ERR,ERR,ERR,ERR,ERR,ERR,ERR,ERR,ERR,ERR,ERR,ERR,ERR,ERR,ERR,ERR,ERR,ERR,ERR,ERR,ERR,ERR,ERR,ERR,ERR,ERR,ERR,ERR,ERR,ERR,ERR,ERR,ERR,ERR,ERR,ERR,ERR,ERR,ERR,ERR,ERR,ERR,ERR,ERR,ERR,ERR,ERR,ERR,ERR,ERR,ERR,ERR,ERR,0.0,-0.0,-0.0,0.0,0.0,1.3936040501711995e+18,7.805,0.0,0,0,4,0,7300,-0.0,0,0.0,0.0,0.0,0.0,0.0,0,0,0,0,0.0,0,0,0,0,0,0,0,0,0,0,0,0,0,0,0,0,0,0,0,0,0,0,0,0,0,0,0,0,0,0,0,0,0,32,30,30,62,65476,0,300,0,0,8,21553,0.0,-107605600.0,0.0,0.0,0.0,0.0,0.0,0.0,0.0,0.0,0.0,0.0,0.0,0.0,0.0,0.0,0.0,0.0,0.0,0.0,0.0,0.0,2.004,-2.004,2.004,2.004,0.0,0.0,0.0,0.0,5586.0,0.0,6916.0,0.0,-0.0,-0.0,0.0,0.0,0.0,0.0,0.0,63,-4.9504266636054534e+32,-2.3088319216226402e+20,0.0,0.0,0.0,0.0,0.0,0.0,0.0,0,0,0,0.0,0.0,0.0,0.0,0.0,0.0,0.0,0.0,0.0,0.0,0.0,0.0,0.0,0.0,0.0,0.0,0,-107875648.0,63,0.0,126,2.7184242562605685e+23,2.842318642297501e+23,ERR,ERR,ERR,ERR,ERR,ERR,ERR,ERR,ERR,ERR,ERR,ERR,ERR,ERR,ERR,ERR,ERR,ERR,ERR,ERR,ERR,ERR,ERR,ERR,ERR,ERR,ERR,ERR,ERR,ERR,ERR,ERR,ERR,ERR,ERR,ERR,ERR,ERR,ERR,ERR,ERR,ERR,ERR,ERR,ERR,ERR,ERR,ERR,ERR,ERR,ERR,ERR,ERR,ERR,ERR,ERR,ERR,ERR,ERR,ERR,ERR,ERR,ERR,ERR,ERR,ERR,ERR,34.0,80.0,35,0.0,0.0,0.0,0.0,0.0,0.0,0.0,0.0,0.0,0.0,0.0,0.0,0.0,0.0,0.0,0.0,64.4,0,116,56,49,65476,0,300,0,0,8,20529,65476,0,0,57672,80.0,0.0,0.0,0.0,0.0,0.0
2026-06-17T04:52:29,ERR,ERR,ERR,ERR,ERR,ERR,ERR,ERR,ERR,ERR,ERR,ERR,ERR,ERR,ERR,ERR,ERR,ERR,ERR,ERR,ERR,ERR,ERR,ERR,ERR,ERR,ERR,ERR,ERR,ERR,ERR,ERR,ERR,ERR,ERR,ERR,ERR,ERR,ERR,ERR,ERR,ERR,ERR,ERR,ERR,ERR,ERR,ERR,ERR,ERR,ERR,ERR,ERR,ERR,ERR,ERR,ERR,ERR,ERR,ERR,ERR,ERR,ERR,ERR,ERR,ERR,ERR,ERR,ERR,ERR,ERR,ERR,ERR,ERR,ERR,ERR,ERR,ERR,ERR,ERR,ERR,ERR,ERR,ERR,ERR,ERR,ERR,ERR,ERR,ERR,ERR,ERR,ERR,ERR,ERR,ERR,ERR,ERR,ERR,ERR,ERR,ERR,ERR,ERR,ERR,ERR,ERR,ERR,ERR,ERR,ERR,ERR,ERR,ERR,ERR,ERR,ERR,ERR,ERR,ERR,ERR,ERR,ERR,ERR,ERR,0.0,-0.0,3.028208139652935e+23,0.0,0.0,1.3936040501711995e+18,7.805,0.0,0,0,4,0,7300,-0.0,0,0.0,0.0,0.0,0.0,0.0,0,0,0,0,0.0,0,0,0,0,0,0,0,0,0,0,0,0,0,0,0,0,0,0,0,0,0,0,0,0,0,0,0,0,0,0,0,0,0,32,30,30,62,65476,0,300,0,0,8,21553,0.0,-107605600.0,0.0,0.0,0.0,0.0,0.0,0.0,0.0,0.0,0.0,0.0,0.0,0.0,0.0,0.0,0.0,0.0,0.0,0.0,0.0,0.0,-0.0,-2.004,2.004,2.004,0.0,0.0,0.0,0.0,5586.0,0.0,6920.0,0.0,-0.0,-0.0,0.0,0.0,0.0,0.0,0.0,63,-4.9504266636054534e+32,0.0,0.0,0.0,0.0,0.0,0.0,0.0,0.0,0,0,0,0.0,0.0,0.0,0.0,0.0,0.0,0.0,0.0,0.0,0.0,0.0,0.0,0.0,0.0,0.0,0.0,0,-107875648.0,63,0.0,126,2.7184242562605685e+23,2.842318642297501e+23,ERR,ERR,ERR,ERR,ERR,ERR,ERR,ERR,ERR,ERR,ERR,ERR,ERR,ERR,ERR,ERR,ERR,ERR,ERR,ERR,ERR,ERR,ERR,ERR,ERR,ERR,ERR,ERR,ERR,ERR,ERR,ERR,ERR,ERR,ERR,ERR,ERR,ERR,ERR,ERR,ERR,ERR,ERR,ERR,ERR,ERR,ERR,ERR,ERR,ERR,ERR,ERR,ERR,ERR,ERR,ERR,ERR,ERR,ERR,ERR,ERR,ERR,ERR,ERR,ERR,ERR,ERR,34.0,80.0,35,0.0,0.0,0.0,0.0,0.0,0.0,0.0,0.0,0.0,0.0,0.0,0.0,0.0,0.0,0.0,0.0,64.4,0,116,56,49,65476,0,300,0,0,8,20529,65476,0,0,57672,80.0,0.0,0.0,0.0,0.0,0.0
2026-06-17T04:52:30,ERR,ERR,ERR,ERR,ERR,ERR,ERR,ERR,ERR,ERR,ERR,ERR,ERR,ERR,ERR,ERR,ERR,ERR,ERR,ERR,ERR,ERR,ERR,ERR,ERR,ERR,ERR,ERR,ERR,ERR,ERR,ERR,ERR,ERR,ERR,ERR,ERR,ERR,ERR,ERR,ERR,ERR,ERR,ERR,ERR,ERR,ERR,ERR,ERR,ERR,ERR,ERR,ERR,ERR,ERR,ERR,ERR,ERR,ERR,ERR,ERR,ERR,ERR,ERR,ERR,ERR,ERR,ERR,ERR,ERR,ERR,ERR,ERR,ERR,ERR,ERR,ERR,ERR,ERR,ERR,ERR,ERR,ERR,ERR,ERR,ERR,ERR,ERR,ERR,ERR,ERR,ERR,ERR,ERR,ERR,ERR,ERR,ERR,ERR,ERR,ERR,ERR,ERR,ERR,ERR,ERR,ERR,ERR,ERR,ERR,ERR,ERR,ERR,ERR,ERR,ERR,ERR,ERR,ERR,ERR,ERR,ERR,ERR,ERR,ERR,0.0,-0.0,3.028208139652935e+23,0.0,0.0,1.3936040501711995e+18,7.805,0.0,0,0,4,0,7300,-0.0,0,0.0,0.0,0.0,0.0,0.0,0,0,0,0,0.0,0,0,0,0,0,0,0,0,0,0,0,0,0,0,0,0,0,0,0,0,0,0,0,0,0,0,0,0,0,0,0,0,0,32,30,30,62,65476,0,300,0,0,8,21553,0.0,-107605600.0,0.0,0.0,0.0,0.0,0.0,0.0,0.0,0.0,0.0,0.0,0.0,0.0,0.0,0.0,0.0,0.0,0.0,0.0,0.0,0.0,-0.0,-2.004,2.004,2.004,0.0,0.0,0.0,0.0,5586.0,0.0,6920.0,0.0,-0.0,-0.0,0.0,0.0,0.0,0.0,0.0,63,-4.9504266636054534e+32,0.0,0.0,0.0,0.0,0.0,0.0,0.0,0.0,0,0,0,0.0,0.0,0.0,0.0,0.0,0.0,0.0,0.0,0.0,0.0,0.0,0.0,0.0,0.0,0.0,0.0,0,-107875648.0,63,0.0,126,2.7184242562605685e+23,2.842318642297501e+23,ERR,ERR,ERR,ERR,ERR,ERR,ERR,ERR,ERR,ERR,ERR,ERR,ERR,ERR,ERR,ERR,ERR,ERR,ERR,ERR,ERR,ERR,ERR,ERR,ERR,ERR,ERR,ERR,ERR,ERR,ERR,ERR,ERR,ERR,ERR,ERR,ERR,ERR,ERR,ERR,ERR,ERR,ERR,ERR,ERR,ERR,ERR,ERR,ERR,ERR,ERR,ERR,ERR,ERR,ERR,ERR,ERR,ERR,ERR,ERR,ERR,ERR,ERR,ERR,ERR,ERR,ERR,34.0,80.0,35,0.0,0.0,0.0,0.0,0.0,0.0,0.0,0.0,0.0,0.0,0.0,0.0,0.0,0.0,0.0,0.0,64.4,0,116,56,49,65476,0,300,0,0,8,20529,65476,0,0,57672,80.0,0.0,0.0,0.0,0.0,0.0
2026-06-17T04:52:31,ERR,ERR,ERR,ERR,ERR,ERR,ERR,ERR,ERR,ERR,ERR,ERR,ERR,ERR,ERR,ERR,ERR,ERR,ERR,ERR,ERR,ERR,ERR,ERR,ERR,ERR,ERR,ERR,ERR,ERR,ERR,ERR,ERR,ERR,ERR,ERR,ERR,ERR,ERR,ERR,ERR,ERR,ERR,ERR,ERR,ERR,ERR,ERR,ERR,ERR,ERR,ERR,ERR,ERR,ERR,ERR,ERR,ERR,ERR,ERR,ERR,ERR,ERR,ERR,ERR,ERR,ERR,ERR,ERR,ERR,ERR,ERR,ERR,ERR,ERR,ERR,ERR,ERR,ERR,ERR,ERR,ERR,ERR,ERR,ERR,ERR,ERR,ERR,ERR,ERR,ERR,ERR,ERR,ERR,ERR,ERR,ERR,ERR,ERR,ERR,ERR,ERR,ERR,ERR,ERR,ERR,ERR,ERR,ERR,ERR,ERR,ERR,ERR,ERR,ERR,ERR,ERR,ERR,ERR,ERR,ERR,ERR,ERR,ERR,ERR,0.0,-0.0,3.028208139652935e+23,0.0,0.0,1.3936040501711995e+18,7.805,0.0,0,0,4,0,7300,-0.0,0,0.0,0.0,0.0,0.0,0.0,0,0,0,0,0.0,0,0,0,0,0,0,0,0,0,0,0,0,0,0,0,0,0,0,0,0,0,0,0,0,0,0,0,0,0,0,0,0,0,32,30,30,62,65476,0,300,0,0,8,21553,0.0,-107605600.0,0.0,0.0,0.0,0.0,0.0,0.0,0.0,0.0,0.0,0.0,0.0,0.0,0.0,0.0,0.0,0.0,0.0,0.0,0.0,0.0,-0.0,-2.004,2.004,2.004,0.0,0.0,0.0,0.0,5586.0,0.0,6920.0,0.0,-0.0,-0.0,0.0,0.0,0.0,0.0,0.0,63,-4.9504266636054534e+32,0.0,0.0,0.0,0.0,0.0,0.0,0.0,0.0,0,0,0,0.0,0.0,0.0,0.0,0.0,0.0,0.0,0.0,0.0,0.0,0.0,0.0,0.0,0.0,0.0,0.0,0,-107875648.0,63,0.0,126,2.7184242562605685e+23,2.842318642297501e+23,ERR,ERR,ERR,ERR,ERR,ERR,ERR,ERR,ERR,ERR,ERR,ERR,ERR,ERR,ERR,ERR,ERR,ERR,ERR,ERR,ERR,ERR,ERR,ERR,ERR,ERR,ERR,ERR,ERR,ERR,ERR,ERR,ERR,ERR,ERR,ERR,ERR,ERR,ERR,ERR,ERR,ERR,ERR,ERR,ERR,ERR,ERR,ERR,ERR,ERR,ERR,ERR,ERR,ERR,ERR,ERR,ERR,ERR,ERR,ERR,ERR,ERR,ERR,ERR,ERR,ERR,ERR,34.0,80.0,35,0.0,0.0,0.0,0.0,0.0,0.0,0.0,0.0,0.0,0.0,0.0,0.0,0.0,0.0,0.0,0.0,64.4,0,116,56,49,65476,0,300,0,0,8,20529,65476,0,0,57672,80.0,0.0,0.0,0.0,0.0,0.0
2026-06-17T04:52:32,ERR,ERR,ERR,ERR,ERR,ERR,ERR,ERR,ERR,ERR,ERR,ERR,ERR,ERR,ERR,ERR,ERR,ERR,ERR,ERR,ERR,ERR,ERR,ERR,ERR,ERR,ERR,ERR,ERR,ERR,ERR,ERR,ERR,ERR,ERR,ERR,ERR,ERR,ERR,ERR,ERR,ERR,ERR,ERR,ERR,ERR,ERR,ERR,ERR,ERR,ERR,ERR,ERR,ERR,ERR,ERR,ERR,ERR,ERR,ERR,ERR,ERR,ERR,ERR,ERR,ERR,ERR,ERR,ERR,ERR,ERR,ERR,ERR,ERR,ERR,ERR,ERR,ERR,ERR,ERR,ERR,ERR,ERR,ERR,ERR,ERR,ERR,ERR,ERR,ERR,ERR,ERR,ERR,ERR,ERR,ERR,ERR,ERR,ERR,ERR,ERR,ERR,ERR,ERR,ERR,ERR,ERR,ERR,ERR,ERR,ERR,ERR,ERR,ERR,ERR,ERR,ERR,ERR,ERR,ERR,ERR,ERR,ERR,ERR,ERR,0.0,-0.0,3.028208139652935e+23,0.0,0.0,1.3936040501711995e+18,7.805,0.0,0,0,4,0,7300,-0.0,0,0.0,0.0,0.0,0.0,0.0,0,0,0,0,0.0,0,0,0,0,0,0,0,0,0,0,0,0,0,0,0,0,0,0,0,0,0,0,0,0,0,0,0,0,0,0,0,0,0,32,30,30,62,65476,0,300,0,0,8,21553,0.0,-107605600.0,0.0,0.0,0.0,0.0,0.0,0.0,0.0,0.0,0.0,0.0,0.0,0.0,0.0,0.0,0.0,0.0,0.0,0.0,0.0,0.0,-0.0,-2.004,2.004,2.004,0.0,0.0,0.0,0.0,5586.0,0.0,6920.0,0.0,-0.0,-0.0,0.0,0.0,0.0,0.0,0.0,63,-4.9504266636054534e+32,0.0,0.0,0.0,0.0,0.0,0.0,0.0,0.0,0,0,0,0.0,0.0,0.0,0.0,0.0,0.0,0.0,0.0,0.0,0.0,0.0,0.0,0.0,0.0,0.0,0.0,0,-107875648.0,63,0.0,126,2.7184242562605685e+23,2.842318642297501e+23,ERR,ERR,ERR,ERR,ERR,ERR,ERR,ERR,ERR,ERR,ERR,ERR,ERR,ERR,ERR,ERR,ERR,ERR,ERR,ERR,ERR,ERR,ERR,ERR,ERR,ERR,ERR,ERR,ERR,ERR,ERR,ERR,ERR,ERR,ERR,ERR,ERR,ERR,ERR,ERR,ERR,ERR,ERR,ERR,ERR,ERR,ERR,ERR,ERR,ERR,ERR,ERR,ERR,ERR,ERR,ERR,ERR,ERR,ERR,ERR,ERR,ERR,ERR,ERR,ERR,ERR,ERR,34.0,80.0,35,0.0,0.0,0.0,0.0,0.0,0.0,0.0,0.0,0.0,0.0,0.0,0.0,0.0,0.0,0.0,0.0,64.4,0,116,56,49,65476,0,300,0,0,8,20529,65476,0,0,57672,80.0,0.0,0.0,0.0,0.0,0.0
2026-06-17T04:52:33,ERR,ERR,ERR,ERR,ERR,ERR,ERR,ERR,ERR,ERR,ERR,ERR,ERR,ERR,ERR,ERR,ERR,ERR,ERR,ERR,ERR,ERR,ERR,ERR,ERR,ERR,ERR,ERR,ERR,ERR,ERR,ERR,ERR,ERR,ERR,ERR,ERR,ERR,ERR,ERR,ERR,ERR,ERR,ERR,ERR,ERR,ERR,ERR,ERR,ERR,ERR,ERR,ERR,ERR,ERR,ERR,ERR,ERR,ERR,ERR,ERR,ERR,ERR,ERR,ERR,ERR,ERR,ERR,ERR,ERR,ERR,ERR,ERR,ERR,ERR,ERR,ERR,ERR,ERR,ERR,ERR,ERR,ERR,ERR,ERR,ERR,ERR,ERR,ERR,ERR,ERR,ERR,ERR,ERR,ERR,ERR,ERR,ERR,ERR,ERR,ERR,ERR,ERR,ERR,ERR,ERR,ERR,ERR,ERR,ERR,ERR,ERR,ERR,ERR,ERR,ERR,ERR,ERR,ERR,ERR,ERR,ERR,ERR,ERR,ERR,0.0,-0.0,3.028208139652935e+23,0.0,0.0,1.3936040501711995e+18,7.805,0.0,0,0,4,0,7300,-0.0,0,0.0,0.0,0.0,0.0,0.0,0,0,0,0,0.0,0,0,0,0,0,0,0,0,0,0,0,0,0,0,0,0,0,0,0,0,0,0,0,0,0,0,0,0,0,0,0,0,0,32,30,30,62,65476,0,300,0,0,8,21553,0.0,-107605600.0,0.0,0.0,0.0,0.0,0.0,0.0,0.0,0.0,0.0,0.0,0.0,0.0,0.0,0.0,0.0,0.0,0.0,0.0,0.0,0.0,-0.0,-2.004,2.004,2.004,0.0,0.0,0.0,0.0,5586.0,0.0,6920.0,0.0,-0.0,-0.0,0.0,0.0,0.0,0.0,0.0,63,-4.9504266636054534e+32,0.0,0.0,0.0,0.0,0.0,0.0,0.0,0.0,0,0,0,0.0,0.0,0.0,0.0,0.0,0.0,0.0,0.0,0.0,0.0,0.0,0.0,0.0,0.0,0.0,0.0,0,-107875648.0,63,0.0,126,2.7184242562605685e+23,2.842318642297501e+23,ERR,ERR,ERR,ERR,ERR,ERR,ERR,ERR,ERR,ERR,ERR,ERR,ERR,ERR,ERR,ERR,ERR,ERR,ERR,ERR,ERR,ERR,ERR,ERR,ERR,ERR,ERR,ERR,ERR,ERR,ERR,ERR,ERR,ERR,ERR,ERR,ERR,ERR,ERR,ERR,ERR,ERR,ERR,ERR,ERR,ERR,ERR,ERR,ERR,ERR,ERR,ERR,ERR,ERR,ERR,ERR,ERR,ERR,ERR,ERR,ERR,ERR,ERR,ERR,ERR,ERR,ERR,34.0,80.0,35,0.0,0.0,0.0,0.0,0.0,0.0,0.0,0.0,0.0,0.0,0.0,0.0,0.0,0.0,0.0,0.0,64.4,0,116,56,49,65476,0,300,0,0,8,20529,65476,0,0,57672,80.0,0.0,0.0,0.0,0.0,0.0
2026-06-17T04:52:34,ERR,ERR,ERR,ERR,ERR,ERR,ERR,ERR,ERR,ERR,ERR,ERR,ERR,ERR,ERR,ERR,ERR,ERR,ERR,ERR,ERR,ERR,ERR,ERR,ERR,ERR,ERR,ERR,ERR,ERR,ERR,ERR,ERR,ERR,ERR,ERR,ERR,ERR,ERR,ERR,ERR,ERR,ERR,ERR,ERR,ERR,ERR,ERR,ERR,ERR,ERR,ERR,ERR,ERR,ERR,ERR,ERR,ERR,ERR,ERR,ERR,ERR,ERR,ERR,ERR,ERR,ERR,ERR,ERR,ERR,ERR,ERR,ERR,ERR,ERR,ERR,ERR,ERR,ERR,ERR,ERR,ERR,ERR,ERR,ERR,ERR,ERR,ERR,ERR,ERR,ERR,ERR,ERR,ERR,ERR,ERR,ERR,ERR,ERR,ERR,ERR,ERR,ERR,ERR,ERR,ERR,ERR,ERR,ERR,ERR,ERR,ERR,ERR,ERR,ERR,ERR,ERR,ERR,ERR,ERR,ERR,ERR,ERR,ERR,ERR,0.0,-0.0,-0.0,0.0,0.0,1.3936040501711995e+18,7.805,0.0,0,0,4,0,7300,-0.0,0,0.0,0.0,0.0,0.0,0.0,0,0,0,0,0.0,0,0,0,0,0,0,0,0,0,0,0,0,0,0,0,0,0,0,0,0,0,0,0,0,0,0,0,0,0,0,0,0,0,32,30,30,62,65476,0,300,0,0,8,21553,0.0,-107605600.0,0.0,0.0,0.0,0.0,0.0,0.0,0.0,0.0,0.0,0.0,0.0,0.0,0.0,0.0,0.0,0.0,0.0,0.0,0.0,0.0,-0.0,-2.004,2.004,2.004,0.0,0.0,0.0,0.0,5586.0,131350.719,6921.0,0.0,-0.0,-0.0,0.0,0.0,0.0,0.0,0.0,63,-4.9504266636054534e+32,0.0,0.0,0.0,0.0,0.0,0.0,0.0,0.0,0,0,0,0.0,0.0,0.0,0.0,0.0,0.0,0.0,0.0,0.0,0.0,0.0,0.0,0.0,0.0,0.0,0.0,0,-107875648.0,63,0.0,126,2.7184242562605685e+23,2.842318642297501e+23,ERR,ERR,ERR,ERR,ERR,ERR,ERR,ERR,ERR,ERR,ERR,ERR,ERR,ERR,ERR,ERR,ERR,ERR,ERR,ERR,ERR,ERR,ERR,ERR,ERR,ERR,ERR,ERR,ERR,ERR,ERR,ERR,ERR,ERR,ERR,ERR,ERR,ERR,ERR,ERR,ERR,ERR,ERR,ERR,ERR,ERR,ERR,ERR,ERR,ERR,ERR,ERR,ERR,ERR,ERR,ERR,ERR,ERR,ERR,ERR,ERR,ERR,ERR,ERR,ERR,ERR,ERR,34.0,80.0,35,0.0,0.0,0.0,0.0,0.0,0.0,0.0,0.0,0.0,0.0,0.0,0.0,0.0,0.0,0.0,0.0,64.4,0,116,56,49,65476,0,300,0,0,8,20529,65476,0,0,57672,80.0,0.0,0.0,0.0,0.0,0.0
2026-06-17T04:52:35,ERR,ERR,ERR,ERR,ERR,ERR,ERR,ERR,ERR,ERR,ERR,ERR,ERR,ERR,ERR,ERR,ERR,ERR,ERR,ERR,ERR,ERR,ERR,ERR,ERR,ERR,ERR,ERR,ERR,ERR,ERR,ERR,ERR,ERR,ERR,ERR,ERR,ERR,ERR,ERR,ERR,ERR,ERR,ERR,ERR,ERR,ERR,ERR,ERR,ERR,ERR,ERR,ERR,ERR,ERR,ERR,ERR,ERR,ERR,ERR,ERR,ERR,ERR,ERR,ERR,ERR,ERR,ERR,ERR,ERR,ERR,ERR,ERR,ERR,ERR,ERR,ERR,ERR,ERR,ERR,ERR,ERR,ERR,ERR,ERR,ERR,ERR,ERR,ERR,ERR,ERR,ERR,ERR,ERR,ERR,ERR,ERR,ERR,ERR,ERR,ERR,ERR,ERR,ERR,ERR,ERR,ERR,ERR,ERR,ERR,ERR,ERR,ERR,ERR,ERR,ERR,ERR,ERR,ERR,ERR,ERR,ERR,ERR,ERR,ERR,0.0,-0.0,-0.0,0.0,0.0,1.3936040501711995e+18,7.805,0.0,0,0,4,0,7300,-0.0,0,0.0,0.0,0.0,0.0,0.0,0,0,0,0,0.0,0,0,0,0,0,0,0,0,0,0,0,0,0,0,0,0,0,0,0,0,0,0,0,0,0,0,0,0,0,0,0,0,0,32,30,30,62,65476,0,300,0,0,8,21553,0.0,-107605600.0,0.0,0.0,0.0,0.0,0.0,0.0,0.0,0.0,0.0,0.0,0.0,0.0,0.0,0.0,0.0,0.0,0.0,0.0,0.0,0.0,-0.0,-2.004,2.004,2.004,0.0,0.0,0.0,0.0,5586.0,131350.719,6921.0,0.0,-0.0,-0.0,0.0,0.0,0.0,0.0,0.0,63,-4.9504266636054534e+32,0.0,0.0,0.0,0.0,0.0,0.0,0.0,0.0,0,0,0,0.0,0.0,0.0,0.0,0.0,0.0,0.0,0.0,0.0,0.0,0.0,0.0,0.0,0.0,0.0,0.0,0,-107875648.0,63,0.0,126,2.7184242562605685e+23,2.842318642297501e+23,ERR,ERR,ERR,ERR,ERR,ERR,ERR,ERR,ERR,ERR,ERR,ERR,ERR,ERR,ERR,ERR,ERR,ERR,ERR,ERR,ERR,ERR,ERR,ERR,ERR,ERR,ERR,ERR,ERR,ERR,ERR,ERR,ERR,ERR,ERR,ERR,ERR,ERR,ERR,ERR,ERR,ERR,ERR,ERR,ERR,ERR,ERR,ERR,ERR,ERR,ERR,ERR,ERR,ERR,ERR,ERR,ERR,ERR,ERR,ERR,ERR,ERR,ERR,ERR,ERR,ERR,ERR,34.0,80.0,35,0.0,0.0,0.0,0.0,0.0,0.0,0.0,0.0,0.0,0.0,0.0,0.0,0.0,0.0,0.0,0.0,64.4,0,116,56,49,65476,0,300,0,0,8,20529,65476,0,0,57672,80.0,0.0,0.0,0.0,0.0,0.0
2026-06-17T04:52:36,ERR,ERR,ERR,ERR,ERR,ERR,ERR,ERR,ERR,ERR,ERR,ERR,ERR,ERR,ERR,ERR,ERR,ERR,ERR,ERR,ERR,ERR,ERR,ERR,ERR,ERR,ERR,ERR,ERR,ERR,ERR,ERR,ERR,ERR,ERR,ERR,ERR,ERR,ERR,ERR,ERR,ERR,ERR,ERR,ERR,ERR,ERR,ERR,ERR,ERR,ERR,ERR,ERR,ERR,ERR,ERR,ERR,ERR,ERR,ERR,ERR,ERR,ERR,ERR,ERR,ERR,ERR,ERR,ERR,ERR,ERR,ERR,ERR,ERR,ERR,ERR,ERR,ERR,ERR,ERR,ERR,ERR,ERR,ERR,ERR,ERR,ERR,ERR,ERR,ERR,ERR,ERR,ERR,ERR,ERR,ERR,ERR,ERR,ERR,ERR,ERR,ERR,ERR,ERR,ERR,ERR,ERR,ERR,ERR,ERR,ERR,ERR,ERR,ERR,ERR,ERR,ERR,ERR,ERR,ERR,ERR,ERR,ERR,ERR,ERR,0.0,-0.0,-0.0,0.0,0.0,1.3936040501711995e+18,7.805,0.0,0,0,4,0,7300,-0.0,0,0.0,0.0,0.0,0.0,0.0,0,0,0,0,0.0,0,0,0,0,0,0,0,0,0,0,0,0,0,0,0,0,0,0,0,0,0,0,0,0,0,0,0,0,0,0,0,0,0,32,30,30,62,65476,0,300,0,0,8,21553,0.0,-107605600.0,0.0,0.0,0.0,0.0,0.0,0.0,0.0,0.0,0.0,0.0,0.0,0.0,0.0,0.0,0.0,0.0,0.0,0.0,0.0,0.0,-0.0,-2.004,2.004,2.004,0.0,0.0,0.0,0.0,5586.0,131350.719,6921.0,0.0,-0.0,-0.0,0.0,0.0,0.0,0.0,0.0,63,-4.9504266636054534e+32,0.0,0.0,0.0,0.0,0.0,0.0,0.0,0.0,0,0,0,0.0,0.0,0.0,0.0,0.0,0.0,0.0,0.0,0.0,0.0,0.0,0.0,0.0,0.0,0.0,0.0,0,-107875648.0,63,0.0,126,2.7184242562605685e+23,2.842318642297501e+23,ERR,ERR,ERR,ERR,ERR,ERR,ERR,ERR,ERR,ERR,ERR,ERR,ERR,ERR,ERR,ERR,ERR,ERR,ERR,ERR,ERR,ERR,ERR,ERR,ERR,ERR,ERR,ERR,ERR,ERR,ERR,ERR,ERR,ERR,ERR,ERR,ERR,ERR,ERR,ERR,ERR,ERR,ERR,ERR,ERR,ERR,ERR,ERR,ERR,ERR,ERR,ERR,ERR,ERR,ERR,ERR,ERR,ERR,ERR,ERR,ERR,ERR,ERR,ERR,ERR,ERR,ERR,34.0,80.0,35,0.0,0.0,0.0,0.0,0.0,0.0,0.0,0.0,0.0,0.0,0.0,0.0,0.0,0.0,0.0,0.0,64.4,0,116,56,49,65476,0,300,0,0,8,20529,65476,0,0,57672,80.0,0.0,0.0,0.0,0.0,0.0
2026-06-17T04:52:37,ERR,ERR,ERR,ERR,ERR,ERR,ERR,ERR,ERR,ERR,ERR,ERR,ERR,ERR,ERR,ERR,ERR,ERR,ERR,ERR,ERR,ERR,ERR,ERR,ERR,ERR,ERR,ERR,ERR,ERR,ERR,ERR,ERR,ERR,ERR,ERR,ERR,ERR,ERR,ERR,ERR,ERR,ERR,ERR,ERR,ERR,ERR,ERR,ERR,ERR,ERR,ERR,ERR,ERR,ERR,ERR,ERR,ERR,ERR,ERR,ERR,ERR,ERR,ERR,ERR,ERR,ERR,ERR,ERR,ERR,ERR,ERR,ERR,ERR,ERR,ERR,ERR,ERR,ERR,ERR,ERR,ERR,ERR,ERR,ERR,ERR,ERR,ERR,ERR,ERR,ERR,ERR,ERR,ERR,ERR,ERR,ERR,ERR,ERR,ERR,ERR,ERR,ERR,ERR,ERR,ERR,ERR,ERR,ERR,ERR,ERR,ERR,ERR,ERR,ERR,ERR,ERR,ERR,ERR,ERR,ERR,ERR,ERR,ERR,ERR,0.0,-0.0,-0.0,0.0,0.0,1.3936040501711995e+18,7.805,0.0,0,0,4,0,7300,-0.0,0,0.0,0.0,0.0,0.0,0.0,0,0,0,0,0.0,0,0,0,0,0,0,0,0,0,0,0,0,0,0,0,0,0,0,0,0,0,0,0,0,0,0,0,0,0,0,0,0,0,32,30,30,62,65476,0,300,0,0,8,21553,0.0,-107605600.0,0.0,0.0,0.0,0.0,0.0,0.0,0.0,0.0,0.0,0.0,0.0,0.0,0.0,0.0,0.0,0.0,0.0,0.0,0.0,0.0,-0.0,-2.004,2.004,2.004,0.0,0.0,0.0,0.0,5586.0,131350.719,6921.0,0.0,-0.0,-0.0,0.0,0.0,0.0,0.0,0.0,63,-4.9504266636054534e+32,0.0,0.0,0.0,0.0,0.0,0.0,0.0,0.0,0,0,0,0.0,0.0,0.0,0.0,0.0,0.0,0.0,0.0,0.0,0.0,0.0,0.0,0.0,0.0,0.0,0.0,0,-107875648.0,63,0.0,126,2.7184242562605685e+23,2.842318642297501e+23,ERR,ERR,ERR,ERR,ERR,ERR,ERR,ERR,ERR,ERR,ERR,ERR,ERR,ERR,ERR,ERR,ERR,ERR,ERR,ERR,ERR,ERR,ERR,ERR,ERR,ERR,ERR,ERR,ERR,ERR,ERR,ERR,ERR,ERR,ERR,ERR,ERR,ERR,ERR,ERR,ERR,ERR,ERR,ERR,ERR,ERR,ERR,ERR,ERR,ERR,ERR,ERR,ERR,ERR,ERR,ERR,ERR,ERR,ERR,ERR,ERR,ERR,ERR,ERR,ERR,ERR,ERR,34.0,80.0,35,0.0,0.0,0.0,0.0,0.0,0.0,0.0,0.0,0.0,0.0,0.0,0.0,0.0,0.0,0.0,0.0,64.4,0,116,56,49,65476,0,300,0,0,8,20529,65476,0,0,57672,80.0,0.0,0.0,0.0,0.0,0.0
2026-06-17T04:52:38,ERR,ERR,ERR,ERR,ERR,ERR,ERR,ERR,ERR,ERR,ERR,ERR,ERR,ERR,ERR,ERR,ERR,ERR,ERR,ERR,ERR,ERR,ERR,ERR,ERR,ERR,ERR,ERR,ERR,ERR,ERR,ERR,ERR,ERR,ERR,ERR,ERR,ERR,ERR,ERR,ERR,ERR,ERR,ERR,ERR,ERR,ERR,ERR,ERR,ERR,ERR,ERR,ERR,ERR,ERR,ERR,ERR,ERR,ERR,ERR,ERR,ERR,ERR,ERR,ERR,ERR,ERR,ERR,ERR,ERR,ERR,ERR,ERR,ERR,ERR,ERR,ERR,ERR,ERR,ERR,ERR,ERR,ERR,ERR,ERR,ERR,ERR,ERR,ERR,ERR,ERR,ERR,ERR,ERR,ERR,ERR,ERR,ERR,ERR,ERR,ERR,ERR,ERR,ERR,ERR,ERR,ERR,ERR,ERR,ERR,ERR,ERR,ERR,ERR,ERR,ERR,ERR,ERR,ERR,ERR,ERR,ERR,ERR,ERR,ERR,0.0,-0.0,-0.0,0.0,0.0,1.3936040501711995e+18,7.805,0.0,0,0,4,0,7300,-0.0,0,0.0,0.0,0.0,0.0,0.0,0,0,0,0,0.0,0,0,0,0,0,0,0,0,0,0,0,0,0,0,0,0,0,0,0,0,0,0,0,0,0,0,0,0,0,0,0,0,0,32,30,30,62,65476,0,300,0,0,8,21553,0.0,-107605600.0,0.0,0.0,0.0,0.0,0.0,0.0,0.0,0.0,0.0,0.0,0.0,0.0,0.0,0.0,0.0,0.0,0.0,0.0,0.0,0.0,-0.0,-2.004,2.004,2.004,0.0,0.0,0.0,0.0,5586.0,131350.719,6921.0,0.0,-0.0,-0.0,0.0,0.0,0.0,0.0,0.0,63,-4.9504266636054534e+32,0.0,0.0,0.0,0.0,0.0,0.0,0.0,0.0,0,0,0,0.0,0.0,0.0,0.0,0.0,0.0,0.0,0.0,0.0,0.0,0.0,0.0,0.0,0.0,0.0,0.0,0,-107875648.0,63,0.0,126,2.7184242562605685e+23,2.842318642297501e+23,ERR,ERR,ERR,ERR,ERR,ERR,ERR,ERR,ERR,ERR,ERR,ERR,ERR,ERR,ERR,ERR,ERR,ERR,ERR,ERR,ERR,ERR,ERR,ERR,ERR,ERR,ERR,ERR,ERR,ERR,ERR,ERR,ERR,ERR,ERR,ERR,ERR,ERR,ERR,ERR,ERR,ERR,ERR,ERR,ERR,ERR,ERR,ERR,ERR,ERR,ERR,ERR,ERR,ERR,ERR,ERR,ERR,ERR,ERR,ERR,ERR,ERR,ERR,ERR,ERR,ERR,ERR,34.0,80.0,35,0.0,0.0,0.0,0.0,0.0,0.0,0.0,0.0,0.0,0.0,0.0,0.0,0.0,0.0,0.0,0.0,64.4,0,116,56,49,65476,0,300,0,0,8,20529,65476,0,0,57672,80.0,0.0,0.0,0.0,0.0,0.0
2026-06-17T04:52:39,ERR,ERR,ERR,ERR,ERR,ERR,ERR,ERR,ERR,ERR,ERR,ERR,ERR,ERR,ERR,ERR,ERR,ERR,ERR,ERR,ERR,ERR,ERR,ERR,ERR,ERR,ERR,ERR,ERR,ERR,ERR,ERR,ERR,ERR,ERR,ERR,ERR,ERR,ERR,ERR,ERR,ERR,ERR,ERR,ERR,ERR,ERR,ERR,ERR,ERR,ERR,ERR,ERR,ERR,ERR,ERR,ERR,ERR,ERR,ERR,ERR,ERR,ERR,ERR,ERR,ERR,ERR,ERR,ERR,ERR,ERR,ERR,ERR,ERR,ERR,ERR,ERR,ERR,ERR,ERR,ERR,ERR,ERR,ERR,ERR,ERR,ERR,ERR,ERR,ERR,ERR,ERR,ERR,ERR,ERR,ERR,ERR,ERR,ERR,ERR,ERR,ERR,ERR,ERR,ERR,ERR,ERR,ERR,ERR,ERR,ERR,ERR,ERR,ERR,ERR,ERR,ERR,ERR,ERR,ERR,ERR,ERR,ERR,ERR,ERR,0.0,-0.0,3.028208139652935e+23,0.0,0.0,1.3936040501711995e+18,7.805,0.0,0,0,4,0,7300,-0.0,0,0.0,0.0,0.0,0.0,0.0,0,0,0,0,0.0,0,0,0,0,0,0,0,0,0,0,0,0,0,0,0,0,0,0,0,0,0,0,0,0,0,0,0,0,0,0,0,0,0,32,30,30,62,65476,0,300,0,0,8,21553,0.0,-107605600.0,0.0,0.0,0.0,0.0,0.0,0.0,0.0,0.0,0.0,0.0,0.0,0.0,0.0,0.0,0.0,0.0,0.0,0.0,0.0,0.0,-0.0,-2.004,2.004,2.004,0.0,0.0,0.0,0.0,5586.0,564147041337344.0,6923.0,0.0,-0.0,-0.0,0.0,0.0,0.0,0.0,0.0,63,-4.9504266636054534e+32,0.0,0.0,0.0,0.0,0.0,0.0,0.0,0.0,0,0,0,0.0,0.0,0.0,0.0,0.0,0.0,0.0,0.0,0.0,0.0,0.0,0.0,0.0,0.0,0.0,0.0,0,-107875648.0,63,0.0,126,2.7184242562605685e+23,2.842318642297501e+23,ERR,ERR,ERR,ERR,ERR,ERR,ERR,ERR,ERR,ERR,ERR,ERR,ERR,ERR,ERR,ERR,ERR,ERR,ERR,ERR,ERR,ERR,ERR,ERR,ERR,ERR,ERR,ERR,ERR,ERR,ERR,ERR,ERR,ERR,ERR,ERR,ERR,ERR,ERR,ERR,ERR,ERR,ERR,ERR,ERR,ERR,ERR,ERR,ERR,ERR,ERR,ERR,ERR,ERR,ERR,ERR,ERR,ERR,ERR,ERR,ERR,ERR,ERR,ERR,ERR,ERR,ERR,34.0,80.0,35,0.0,0.0,0.0,0.0,0.0,0.0,0.0,0.0,0.0,0.0,0.0,0.0,0.0,0.0,0.0,0.0,64.4,0,116,56,49,65476,0,300,0,0,8,20529,65476,0,0,57672,80.0,0.0,0.0,0.0,0.0,0.0
2026-06-17T04:52:40,ERR,ERR,ERR,ERR,ERR,ERR,ERR,ERR,ERR,ERR,ERR,ERR,ERR,ERR,ERR,ERR,ERR,ERR,ERR,ERR,ERR,ERR,ERR,ERR,ERR,ERR,ERR,ERR,ERR,ERR,ERR,ERR,ERR,ERR,ERR,ERR,ERR,ERR,ERR,ERR,ERR,ERR,ERR,ERR,ERR,ERR,ERR,ERR,ERR,ERR,ERR,ERR,ERR,ERR,ERR,ERR,ERR,ERR,ERR,ERR,ERR,ERR,ERR,ERR,ERR,ERR,ERR,ERR,ERR,ERR,ERR,ERR,ERR,ERR,ERR,ERR,ERR,ERR,ERR,ERR,ERR,ERR,ERR,ERR,ERR,ERR,ERR,ERR,ERR,ERR,ERR,ERR,ERR,ERR,ERR,ERR,ERR,ERR,ERR,ERR,ERR,ERR,ERR,ERR,ERR,ERR,ERR,ERR,ERR,ERR,ERR,ERR,ERR,ERR,ERR,ERR,ERR,ERR,ERR,ERR,ERR,ERR,ERR,ERR,ERR,0.0,-0.0,3.028208139652935e+23,0.0,0.0,1.3936040501711995e+18,7.805,0.0,0,0,4,0,7300,-0.0,0,0.0,0.0,0.0,0.0,0.0,0,0,0,0,0.0,0,0,0,0,0,0,0,0,0,0,0,0,0,0,0,0,0,0,0,0,0,0,0,0,0,0,0,0,0,0,0,0,0,32,30,30,62,65476,0,300,0,0,8,21553,0.0,-107605600.0,0.0,0.0,0.0,0.0,0.0,0.0,0.0,0.0,0.0,0.0,0.0,0.0,0.0,0.0,0.0,0.0,0.0,0.0,0.0,0.0,-0.0,-2.004,2.004,2.004,0.0,0.0,0.0,0.0,5586.0,564147041337344.0,6923.0,0.0,-0.0,-0.0,0.0,0.0,0.0,0.0,0.0,63,-4.9504266636054534e+32,0.0,0.0,0.0,0.0,0.0,0.0,0.0,0.0,0,0,0,0.0,0.0,0.0,0.0,0.0,0.0,0.0,0.0,0.0,0.0,0.0,0.0,0.0,0.0,0.0,0.0,0,-107875648.0,63,0.0,126,2.7184242562605685e+23,2.842318642297501e+23,ERR,ERR,ERR,ERR,ERR,ERR,ERR,ERR,ERR,ERR,ERR,ERR,ERR,ERR,ERR,ERR,ERR,ERR,ERR,ERR,ERR,ERR,ERR,ERR,ERR,ERR,ERR,ERR,ERR,ERR,ERR,ERR,ERR,ERR,ERR,ERR,ERR,ERR,ERR,ERR,ERR,ERR,ERR,ERR,ERR,ERR,ERR,ERR,ERR,ERR,ERR,ERR,ERR,ERR,ERR,ERR,ERR,ERR,ERR,ERR,ERR,ERR,ERR,ERR,ERR,ERR,ERR,34.0,80.0,35,0.0,0.0,0.0,0.0,0.0,0.0,0.0,0.0,0.0,0.0,0.0,0.0,0.0,0.0,0.0,0.0,64.4,0,116,56,49,65476,0,300,0,0,8,20529,65476,0,0,57672,80.0,0.0,0.0,0.0,0.0,0.0
2026-06-17T04:52:41,ERR,ERR,ERR,ERR,ERR,ERR,ERR,ERR,ERR,ERR,ERR,ERR,ERR,ERR,ERR,ERR,ERR,ERR,ERR,ERR,ERR,ERR,ERR,ERR,ERR,ERR,ERR,ERR,ERR,ERR,ERR,ERR,ERR,ERR,ERR,ERR,ERR,ERR,ERR,ERR,ERR,ERR,ERR,ERR,ERR,ERR,ERR,ERR,ERR,ERR,ERR,ERR,ERR,ERR,ERR,ERR,ERR,ERR,ERR,ERR,ERR,ERR,ERR,ERR,ERR,ERR,ERR,ERR,ERR,ERR,ERR,ERR,ERR,ERR,ERR,ERR,ERR,ERR,ERR,ERR,ERR,ERR,ERR,ERR,ERR,ERR,ERR,ERR,ERR,ERR,ERR,ERR,ERR,ERR,ERR,ERR,ERR,ERR,ERR,ERR,ERR,ERR,ERR,ERR,ERR,ERR,ERR,ERR,ERR,ERR,ERR,ERR,ERR,ERR,ERR,ERR,ERR,ERR,ERR,ERR,ERR,ERR,ERR,ERR,ERR,0.0,-0.0,3.028208139652935e+23,0.0,0.0,1.3936040501711995e+18,7.805,0.0,0,0,4,0,7300,-0.0,0,0.0,0.0,0.0,0.0,0.0,0,0,0,0,0.0,0,0,0,0,0,0,0,0,0,0,0,0,0,0,0,0,0,0,0,0,0,0,0,0,0,0,0,0,0,0,0,0,0,32,30,30,62,65476,0,300,0,0,8,21553,0.0,-107605600.0,0.0,0.0,0.0,0.0,0.0,0.0,0.0,0.0,0.0,0.0,0.0,0.0,0.0,0.0,0.0,0.0,0.0,0.0,0.0,0.0,-0.0,-2.004,2.004,2.004,0.0,0.0,0.0,0.0,5586.0,564147041337344.0,6923.0,0.0,-0.0,-0.0,0.0,0.0,0.0,0.0,0.0,63,-4.9504266636054534e+32,0.0,0.0,0.0,0.0,0.0,0.0,0.0,0.0,0,0,0,0.0,0.0,0.0,0.0,0.0,0.0,0.0,0.0,0.0,0.0,0.0,0.0,0.0,0.0,0.0,0.0,0,-107875648.0,63,0.0,126,2.7184242562605685e+23,2.842318642297501e+23,ERR,ERR,ERR,ERR,ERR,ERR,ERR,ERR,ERR,ERR,ERR,ERR,ERR,ERR,ERR,ERR,ERR,ERR,ERR,ERR,ERR,ERR,ERR,ERR,ERR,ERR,ERR,ERR,ERR,ERR,ERR,ERR,ERR,ERR,ERR,ERR,ERR,ERR,ERR,ERR,ERR,ERR,ERR,ERR,ERR,ERR,ERR,ERR,ERR,ERR,ERR,ERR,ERR,ERR,ERR,ERR,ERR,ERR,ERR,ERR,ERR,ERR,ERR,ERR,ERR,ERR,ERR,34.0,80.0,35,0.0,0.0,0.0,0.0,0.0,0.0,0.0,0.0,0.0,0.0,0.0,0.0,0.0,0.0,0.0,0.0,64.4,0,116,56,49,65476,0,300,0,0,8,20529,65476,0,0,57672,80.0,0.0,0.0,0.0,0.0,0.0
2026-06-17T04:52:42,ERR,ERR,ERR,ERR,ERR,ERR,ERR,ERR,ERR,ERR,ERR,ERR,ERR,ERR,ERR,ERR,ERR,ERR,ERR,ERR,ERR,ERR,ERR,ERR,ERR,ERR,ERR,ERR,ERR,ERR,ERR,ERR,ERR,ERR,ERR,ERR,ERR,ERR,ERR,ERR,ERR,ERR,ERR,ERR,ERR,ERR,ERR,ERR,ERR,ERR,ERR,ERR,ERR,ERR,ERR,ERR,ERR,ERR,ERR,ERR,ERR,ERR,ERR,ERR,ERR,ERR,ERR,ERR,ERR,ERR,ERR,ERR,ERR,ERR,ERR,ERR,ERR,ERR,ERR,ERR,ERR,ERR,ERR,ERR,ERR,ERR,ERR,ERR,ERR,ERR,ERR,ERR,ERR,ERR,ERR,ERR,ERR,ERR,ERR,ERR,ERR,ERR,ERR,ERR,ERR,ERR,ERR,ERR,ERR,ERR,ERR,ERR,ERR,ERR,ERR,ERR,ERR,ERR,ERR,ERR,ERR,ERR,ERR,ERR,ERR,0.0,-0.0,3.028208139652935e+23,0.0,0.0,1.3936040501711995e+18,7.805,0.0,0,0,4,0,7300,-0.0,0,0.0,0.0,0.0,0.0,0.0,0,0,0,0,0.0,0,0,0,0,0,0,0,0,0,0,0,0,0,0,0,0,0,0,0,0,0,0,0,0,0,0,0,0,0,0,0,0,0,32,30,30,62,65476,0,300,0,0,8,21553,0.0,-107605600.0,0.0,0.0,0.0,0.0,0.0,0.0,0.0,0.0,0.0,0.0,0.0,0.0,0.0,0.0,0.0,0.0,0.0,0.0,0.0,0.0,-0.0,-2.004,2.004,2.004,0.0,0.0,0.0,0.0,5586.0,564147041337344.0,6923.0,0.0,-0.0,-0.0,0.0,0.0,0.0,0.0,0.0,63,-4.9504266636054534e+32,0.0,0.0,0.0,0.0,0.0,0.0,0.0,0.0,0,0,0,0.0,0.0,0.0,0.0,0.0,0.0,0.0,0.0,0.0,0.0,0.0,0.0,0.0,0.0,0.0,0.0,0,-107875648.0,63,0.0,126,2.7184242562605685e+23,2.842318642297501e+23,ERR,ERR,ERR,ERR,ERR,ERR,ERR,ERR,ERR,ERR,ERR,ERR,ERR,ERR,ERR,ERR,ERR,ERR,ERR,ERR,ERR,ERR,ERR,ERR,ERR,ERR,ERR,ERR,ERR,ERR,ERR,ERR,ERR,ERR,ERR,ERR,ERR,ERR,ERR,ERR,ERR,ERR,ERR,ERR,ERR,ERR,ERR,ERR,ERR,ERR,ERR,ERR,ERR,ERR,ERR,ERR,ERR,ERR,ERR,ERR,ERR,ERR,ERR,ERR,ERR,ERR,ERR,34.0,80.0,35,0.0,0.0,0.0,0.0,0.0,0.0,0.0,0.0,0.0,0.0,0.0,0.0,0.0,0.0,0.0,0.0,64.4,0,116,56,49,65476,0,300,0,0,8,20529,65476,0,0,57672,80.0,0.0,0.0,0.0,0.0,0.0
2026-06-17T04:52:43,ERR,ERR,ERR,ERR,ERR,ERR,ERR,ERR,ERR,ERR,ERR,ERR,ERR,ERR,ERR,ERR,ERR,ERR,ERR,ERR,ERR,ERR,ERR,ERR,ERR,ERR,ERR,ERR,ERR,ERR,ERR,ERR,ERR,ERR,ERR,ERR,ERR,ERR,ERR,ERR,ERR,ERR,ERR,ERR,ERR,ERR,ERR,ERR,ERR,ERR,ERR,ERR,ERR,ERR,ERR,ERR,ERR,ERR,ERR,ERR,ERR,ERR,ERR,ERR,ERR,ERR,ERR,ERR,ERR,ERR,ERR,ERR,ERR,ERR,ERR,ERR,ERR,ERR,ERR,ERR,ERR,ERR,ERR,ERR,ERR,ERR,ERR,ERR,ERR,ERR,ERR,ERR,ERR,ERR,ERR,ERR,ERR,ERR,ERR,ERR,ERR,ERR,ERR,ERR,ERR,ERR,ERR,ERR,ERR,ERR,ERR,ERR,ERR,ERR,ERR,ERR,ERR,ERR,ERR,ERR,ERR,ERR,ERR,ERR,ERR,0.0,-0.0,3.028208139652935e+23,0.0,0.0,1.3936040501711995e+18,7.805,0.0,0,0,4,0,7300,-0.0,0,0.0,0.0,0.0,0.0,0.0,0,0,0,0,0.0,0,0,0,0,0,0,0,0,0,0,0,0,0,0,0,0,0,0,0,0,0,0,0,0,0,0,0,0,0,0,0,0,0,32,30,30,62,65476,0,300,0,0,8,21553,0.0,-107605600.0,0.0,0.0,0.0,0.0,0.0,0.0,0.0,0.0,0.0,0.0,0.0,0.0,0.0,0.0,0.0,0.0,0.0,0.0,0.0,0.0,-0.0,-2.004,2.004,2.004,0.0,0.0,0.0,0.0,5586.0,564147041337344.0,6923.0,0.0,-0.0,-0.0,0.0,0.0,0.0,0.0,0.0,63,-4.9504266636054534e+32,0.0,0.0,0.0,0.0,0.0,0.0,0.0,0.0,0,0,0,0.0,0.0,0.0,0.0,0.0,0.0,0.0,0.0,0.0,0.0,0.0,0.0,0.0,0.0,0.0,0.0,0,-107875648.0,63,0.0,126,2.7184242562605685e+23,2.842318642297501e+23,ERR,ERR,ERR,ERR,ERR,ERR,ERR,ERR,ERR,ERR,ERR,ERR,ERR,ERR,ERR,ERR,ERR,ERR,ERR,ERR,ERR,ERR,ERR,ERR,ERR,ERR,ERR,ERR,ERR,ERR,ERR,ERR,ERR,ERR,ERR,ERR,ERR,ERR,ERR,ERR,ERR,ERR,ERR,ERR,ERR,ERR,ERR,ERR,ERR,ERR,ERR,ERR,ERR,ERR,ERR,ERR,ERR,ERR,ERR,ERR,ERR,ERR,ERR,ERR,ERR,ERR,ERR,34.0,80.0,35,0.0,0.0,0.0,0.0,0.0,0.0,0.0,0.0,0.0,0.0,0.0,0.0,0.0,0.0,0.0,0.0,64.4,0,116,56,49,65476,0,300,0,0,8,20529,65476,0,0,57672,80.0,0.0,0.0,0.0,0.0,0.0
2026-06-17T04:52:44,ERR,ERR,ERR,ERR,ERR,ERR,ERR,ERR,ERR,ERR,ERR,ERR,ERR,ERR,ERR,ERR,ERR,ERR,ERR,ERR,ERR,ERR,ERR,ERR,ERR,ERR,ERR,ERR,ERR,ERR,ERR,ERR,ERR,ERR,ERR,ERR,ERR,ERR,ERR,ERR,ERR,ERR,ERR,ERR,ERR,ERR,ERR,ERR,ERR,ERR,ERR,ERR,ERR,ERR,ERR,ERR,ERR,ERR,ERR,ERR,ERR,ERR,ERR,ERR,ERR,ERR,ERR,ERR,ERR,ERR,ERR,ERR,ERR,ERR,ERR,ERR,ERR,ERR,ERR,ERR,ERR,ERR,ERR,ERR,ERR,ERR,ERR,ERR,ERR,ERR,ERR,ERR,ERR,ERR,ERR,ERR,ERR,ERR,ERR,ERR,ERR,ERR,ERR,ERR,ERR,ERR,ERR,ERR,ERR,ERR,ERR,ERR,ERR,ERR,ERR,ERR,ERR,ERR,ERR,ERR,ERR,ERR,ERR,ERR,ERR,0.0,-0.0,-0.0,0.0,0.0,1.3936040501711995e+18,7.805,0.0,0,0,4,0,7300,-0.0,0,0.0,0.0,0.0,0.0,0.0,0,0,0,0,0.0,0,0,0,0,0,0,0,0,0,0,0,0,0,0,0,0,0,0,0,0,0,0,0,0,0,0,0,0,0,0,0,0,0,32,30,30,62,65476,0,300,0,0,8,21553,0.0,-107605600.0,0.0,0.0,0.0,0.0,0.0,0.0,0.0,0.0,0.0,0.0,0.0,0.0,0.0,0.0,0.0,0.0,0.0,0.0,0.0,0.0,-0.0,-2.004,2.004,2.004,0.0,0.0,0.0,0.0,5586.0,564147041337344.0,6923.0,0.0,-0.0,-0.0,0.0,0.0,0.0,0.0,0.0,63,-4.9504266636054534e+32,0.0,0.0,0.0,0.0,0.0,0.0,0.0,0.0,0,0,0,0.0,0.0,0.0,0.0,0.0,0.0,0.0,0.0,0.0,0.0,0.0,0.0,0.0,0.0,0.0,0.0,0,-107875648.0,63,0.0,126,2.7184242562605685e+23,2.842318642297501e+23,ERR,ERR,ERR,ERR,ERR,ERR,ERR,ERR,ERR,ERR,ERR,ERR,ERR,ERR,ERR,ERR,ERR,ERR,ERR,ERR,ERR,ERR,ERR,ERR,ERR,ERR,ERR,ERR,ERR,ERR,ERR,ERR,ERR,ERR,ERR,ERR,ERR,ERR,ERR,ERR,ERR,ERR,ERR,ERR,ERR,ERR,ERR,ERR,ERR,ERR,ERR,ERR,ERR,ERR,ERR,ERR,ERR,ERR,ERR,ERR,ERR,ERR,ERR,ERR,ERR,ERR,ERR,34.0,80.0,35,0.0,0.0,0.0,0.0,0.0,0.0,0.0,0.0,0.0,0.0,0.0,0.0,0.0,0.0,0.0,0.0,64.4,0,116,56,49,65476,0,300,0,0,8,20529,65476,0,0,57672,80.0,0.0,0.0,0.0,0.0,0.0
2026-06-17T04:52:45,ERR,ERR,ERR,ERR,ERR,ERR,ERR,ERR,ERR,ERR,ERR,ERR,ERR,ERR,ERR,ERR,ERR,ERR,ERR,ERR,ERR,ERR,ERR,ERR,ERR,ERR,ERR,ERR,ERR,ERR,ERR,ERR,ERR,ERR,ERR,ERR,ERR,ERR,ERR,ERR,ERR,ERR,ERR,ERR,ERR,ERR,ERR,ERR,ERR,ERR,ERR,ERR,ERR,ERR,ERR,ERR,ERR,ERR,ERR,ERR,ERR,ERR,ERR,ERR,ERR,ERR,ERR,ERR,ERR,ERR,ERR,ERR,ERR,ERR,ERR,ERR,ERR,ERR,ERR,ERR,ERR,ERR,ERR,ERR,ERR,ERR,ERR,ERR,ERR,ERR,ERR,ERR,ERR,ERR,ERR,ERR,ERR,ERR,ERR,ERR,ERR,ERR,ERR,ERR,ERR,ERR,ERR,ERR,ERR,ERR,ERR,ERR,ERR,ERR,ERR,ERR,ERR,ERR,ERR,ERR,ERR,ERR,ERR,ERR,ERR,0.0,-0.0,-0.0,0.0,0.0,1.3936040501711995e+18,7.805,0.0,0,0,4,0,7300,-0.0,0,0.0,0.0,0.0,0.0,0.0,0,0,0,0,0.0,0,0,0,0,0,0,0,0,0,0,0,0,0,0,0,0,0,0,0,0,0,0,0,0,0,0,0,0,0,0,0,0,0,32,30,30,62,65476,0,300,0,0,8,21553,0.0,-107605600.0,0.0,0.0,0.0,0.0,0.0,0.0,0.0,0.0,0.0,0.0,0.0,0.0,0.0,0.0,0.0,0.0,0.0,0.0,0.0,0.0,-0.0,-2.004,2.004,2.004,0.0,0.0,0.0,0.0,5586.0,564147041337344.0,6923.0,0.0,-0.0,-0.0,0.0,0.0,0.0,0.0,0.0,63,-4.9504266636054534e+32,0.0,0.0,0.0,0.0,0.0,0.0,0.0,0.0,0,0,0,0.0,0.0,0.0,0.0,0.0,0.0,0.0,0.0,0.0,0.0,0.0,0.0,0.0,0.0,0.0,0.0,0,-107875648.0,63,0.0,126,2.7184242562605685e+23,2.842318642297501e+23,ERR,ERR,ERR,ERR,ERR,ERR,ERR,ERR,ERR,ERR,ERR,ERR,ERR,ERR,ERR,ERR,ERR,ERR,ERR,ERR,ERR,ERR,ERR,ERR,ERR,ERR,ERR,ERR,ERR,ERR,ERR,ERR,ERR,ERR,ERR,ERR,ERR,ERR,ERR,ERR,ERR,ERR,ERR,ERR,ERR,ERR,ERR,ERR,ERR,ERR,ERR,ERR,ERR,ERR,ERR,ERR,ERR,ERR,ERR,ERR,ERR,ERR,ERR,ERR,ERR,ERR,ERR,34.0,80.0,35,0.0,0.0,0.0,0.0,0.0,0.0,0.0,0.0,0.0,0.0,0.0,0.0,0.0,0.0,0.0,0.0,64.4,0,116,56,49,65476,0,300,0,0,8,20529,65476,0,0,57672,80.0,0.0,0.0,0.0,0.0,0.0
2026-06-17T04:52:46,ERR,ERR,ERR,ERR,ERR,ERR,ERR,ERR,ERR,ERR,ERR,ERR,ERR,ERR,ERR,ERR,ERR,ERR,ERR,ERR,ERR,ERR,ERR,ERR,ERR,ERR,ERR,ERR,ERR,ERR,ERR,ERR,ERR,ERR,ERR,ERR,ERR,ERR,ERR,ERR,ERR,ERR,ERR,ERR,ERR,ERR,ERR,ERR,ERR,ERR,ERR,ERR,ERR,ERR,ERR,ERR,ERR,ERR,ERR,ERR,ERR,ERR,ERR,ERR,ERR,ERR,ERR,ERR,ERR,ERR,ERR,ERR,ERR,ERR,ERR,ERR,ERR,ERR,ERR,ERR,ERR,ERR,ERR,ERR,ERR,ERR,ERR,ERR,ERR,ERR,ERR,ERR,ERR,ERR,ERR,ERR,ERR,ERR,ERR,ERR,ERR,ERR,ERR,ERR,ERR,ERR,ERR,ERR,ERR,ERR,ERR,ERR,ERR,ERR,ERR,ERR,ERR,ERR,ERR,ERR,ERR,ERR,ERR,ERR,ERR,0.0,-0.0,-0.0,0.0,0.0,1.3936040501711995e+18,7.805,0.0,0,0,4,0,7300,-0.0,0,0.0,0.0,0.0,0.0,0.0,0,0,0,0,0.0,0,0,0,0,0,0,0,0,0,0,0,0,0,0,0,0,0,0,0,0,0,0,0,0,0,0,0,0,0,0,0,0,0,32,30,30,62,65476,0,300,0,0,8,21553,0.0,-107605600.0,0.0,0.0,0.0,0.0,0.0,0.0,0.0,0.0,0.0,0.0,0.0,0.0,0.0,0.0,0.0,0.0,0.0,0.0,0.0,0.0,-0.0,-2.004,2.004,2.004,0.0,0.0,0.0,0.0,5586.0,564147041337344.0,6923.0,0.0,-0.0,-0.0,0.0,0.0,0.0,0.0,0.0,63,-4.9504266636054534e+32,0.0,0.0,0.0,0.0,0.0,0.0,0.0,0.0,0,0,0,0.0,0.0,0.0,0.0,0.0,0.0,0.0,0.0,0.0,0.0,0.0,0.0,0.0,0.0,0.0,0.0,0,-107875648.0,63,0.0,126,2.7184242562605685e+23,2.842318642297501e+23,ERR,ERR,ERR,ERR,ERR,ERR,ERR,ERR,ERR,ERR,ERR,ERR,ERR,ERR,ERR,ERR,ERR,ERR,ERR,ERR,ERR,ERR,ERR,ERR,ERR,ERR,ERR,ERR,ERR,ERR,ERR,ERR,ERR,ERR,ERR,ERR,ERR,ERR,ERR,ERR,ERR,ERR,ERR,ERR,ERR,ERR,ERR,ERR,ERR,ERR,ERR,ERR,ERR,ERR,ERR,ERR,ERR,ERR,ERR,ERR,ERR,ERR,ERR,ERR,ERR,ERR,ERR,34.0,80.0,35,0.0,0.0,0.0,0.0,0.0,0.0,0.0,0.0,0.0,0.0,0.0,0.0,0.0,0.0,0.0,0.0,64.4,0,116,56,49,65476,0,300,0,0,8,20529,65476,0,0,57672,80.0,0.0,0.0,0.0,0.0,0.0
2026-06-17T04:52:47,ERR,ERR,ERR,ERR,ERR,ERR,ERR,ERR,ERR,ERR,ERR,ERR,ERR,ERR,ERR,ERR,ERR,ERR,ERR,ERR,ERR,ERR,ERR,ERR,ERR,ERR,ERR,ERR,ERR,ERR,ERR,ERR,ERR,ERR,ERR,ERR,ERR,ERR,ERR,ERR,ERR,ERR,ERR,ERR,ERR,ERR,ERR,ERR,ERR,ERR,ERR,ERR,ERR,ERR,ERR,ERR,ERR,ERR,ERR,ERR,ERR,ERR,ERR,ERR,ERR,ERR,ERR,ERR,ERR,ERR,ERR,ERR,ERR,ERR,ERR,ERR,ERR,ERR,ERR,ERR,ERR,ERR,ERR,ERR,ERR,ERR,ERR,ERR,ERR,ERR,ERR,ERR,ERR,ERR,ERR,ERR,ERR,ERR,ERR,ERR,ERR,ERR,ERR,ERR,ERR,ERR,ERR,ERR,ERR,ERR,ERR,ERR,ERR,ERR,ERR,ERR,ERR,ERR,ERR,ERR,ERR,ERR,ERR,ERR,ERR,0.0,-0.0,-0.0,0.0,0.0,1.3936040501711995e+18,7.805,0.0,0,0,4,0,7300,-0.0,0,0.0,0.0,0.0,0.0,0.0,0,0,0,0,0.0,0,0,0,0,0,0,0,0,0,0,0,0,0,0,0,0,0,0,0,0,0,0,0,0,0,0,0,0,0,0,0,0,0,32,30,30,62,65476,0,300,0,0,8,21553,0.0,-107605600.0,0.0,0.0,0.0,0.0,0.0,0.0,0.0,0.0,0.0,0.0,0.0,0.0,0.0,0.0,0.0,0.0,0.0,0.0,0.0,0.0,-0.0,-2.004,2.004,2.004,0.0,0.0,0.0,0.0,5586.0,564147041337344.0,6923.0,0.0,-0.0,-0.0,0.0,0.0,0.0,0.0,0.0,63,-4.9504266636054534e+32,0.0,0.0,0.0,0.0,0.0,0.0,0.0,0.0,0,0,0,0.0,0.0,0.0,0.0,0.0,0.0,0.0,0.0,0.0,0.0,0.0,0.0,0.0,0.0,0.0,0.0,0,-107875648.0,63,0.0,126,2.7184242562605685e+23,2.842318642297501e+23,ERR,ERR,ERR,ERR,ERR,ERR,ERR,ERR,ERR,ERR,ERR,ERR,ERR,ERR,ERR,ERR,ERR,ERR,ERR,ERR,ERR,ERR,ERR,ERR,ERR,ERR,ERR,ERR,ERR,ERR,ERR,ERR,ERR,ERR,ERR,ERR,ERR,ERR,ERR,ERR,ERR,ERR,ERR,ERR,ERR,ERR,ERR,ERR,ERR,ERR,ERR,ERR,ERR,ERR,ERR,ERR,ERR,ERR,ERR,ERR,ERR,ERR,ERR,ERR,ERR,ERR,ERR,34.0,80.0,35,0.0,0.0,0.0,0.0,0.0,0.0,0.0,0.0,0.0,0.0,0.0,0.0,0.0,0.0,0.0,0.0,64.4,0,116,56,49,65476,0,300,0,0,8,20529,65476,0,0,57672,80.0,0.0,0.0,0.0,0.0,0.0
2026-06-17T04:52:48,ERR,ERR,ERR,ERR,ERR,ERR,ERR,ERR,ERR,ERR,ERR,ERR,ERR,ERR,ERR,ERR,ERR,ERR,ERR,ERR,ERR,ERR,ERR,ERR,ERR,ERR,ERR,ERR,ERR,ERR,ERR,ERR,ERR,ERR,ERR,ERR,ERR,ERR,ERR,ERR,ERR,ERR,ERR,ERR,ERR,ERR,ERR,ERR,ERR,ERR,ERR,ERR,ERR,ERR,ERR,ERR,ERR,ERR,ERR,ERR,ERR,ERR,ERR,ERR,ERR,ERR,ERR,ERR,ERR,ERR,ERR,ERR,ERR,ERR,ERR,ERR,ERR,ERR,ERR,ERR,ERR,ERR,ERR,ERR,ERR,ERR,ERR,ERR,ERR,ERR,ERR,ERR,ERR,ERR,ERR,ERR,ERR,ERR,ERR,ERR,ERR,ERR,ERR,ERR,ERR,ERR,ERR,ERR,ERR,ERR,ERR,ERR,ERR,ERR,ERR,ERR,ERR,ERR,ERR,ERR,ERR,ERR,ERR,ERR,ERR,0.0,-0.0,-0.0,0.0,0.0,1.3936040501711995e+18,7.805,0.0,0,0,4,0,7300,-0.0,0,0.0,0.0,0.0,0.0,0.0,0,0,0,0,0.0,0,0,0,0,0,0,0,0,0,0,0,0,0,0,0,0,0,0,0,0,0,0,0,0,0,0,0,0,0,0,0,0,0,32,30,30,62,65476,0,300,0,0,8,21553,0.0,-107605600.0,0.0,0.0,0.0,0.0,0.0,0.0,0.0,0.0,0.0,0.0,0.0,0.0,0.0,0.0,0.0,0.0,0.0,0.0,0.0,0.0,-0.0,-2.004,2.004,2.004,0.0,0.0,0.0,0.0,5586.0,564147041337344.0,6923.0,0.0,-0.0,-0.0,0.0,0.0,0.0,0.0,0.0,63,-4.9504266636054534e+32,0.0,0.0,0.0,0.0,0.0,0.0,0.0,0.0,0,0,0,0.0,0.0,0.0,0.0,0.0,0.0,0.0,0.0,0.0,0.0,0.0,0.0,0.0,0.0,0.0,0.0,0,-107875648.0,63,0.0,126,2.7184242562605685e+23,2.842318642297501e+23,ERR,ERR,ERR,ERR,ERR,ERR,ERR,ERR,ERR,ERR,ERR,ERR,ERR,ERR,ERR,ERR,ERR,ERR,ERR,ERR,ERR,ERR,ERR,ERR,ERR,ERR,ERR,ERR,ERR,ERR,ERR,ERR,ERR,ERR,ERR,ERR,ERR,ERR,ERR,ERR,ERR,ERR,ERR,ERR,ERR,ERR,ERR,ERR,ERR,ERR,ERR,ERR,ERR,ERR,ERR,ERR,ERR,ERR,ERR,ERR,ERR,ERR,ERR,ERR,ERR,ERR,ERR,34.0,80.0,35,0.0,0.0,0.0,0.0,0.0,0.0,0.0,0.0,0.0,0.0,0.0,0.0,0.0,0.0,0.0,0.0,64.4,0,116,56,49,65476,0,300,0,0,8,20529,65476,0,0,57672,80.0,0.0,0.0,0.0,0.0,0.0
2026-06-17T04:52:49,ERR,ERR,ERR,ERR,ERR,ERR,ERR,ERR,ERR,ERR,ERR,ERR,ERR,ERR,ERR,ERR,ERR,ERR,ERR,ERR,ERR,ERR,ERR,ERR,ERR,ERR,ERR,ERR,ERR,ERR,ERR,ERR,ERR,ERR,ERR,ERR,ERR,ERR,ERR,ERR,ERR,ERR,ERR,ERR,ERR,ERR,ERR,ERR,ERR,ERR,ERR,ERR,ERR,ERR,ERR,ERR,ERR,ERR,ERR,ERR,ERR,ERR,ERR,ERR,ERR,ERR,ERR,ERR,ERR,ERR,ERR,ERR,ERR,ERR,ERR,ERR,ERR,ERR,ERR,ERR,ERR,ERR,ERR,ERR,ERR,ERR,ERR,ERR,ERR,ERR,ERR,ERR,ERR,ERR,ERR,ERR,ERR,ERR,ERR,ERR,ERR,ERR,ERR,ERR,ERR,ERR,ERR,ERR,ERR,ERR,ERR,ERR,ERR,ERR,ERR,ERR,ERR,ERR,ERR,ERR,ERR,ERR,ERR,ERR,ERR,0.0,-0.0,3.028208139652935e+23,0.0,0.0,1.3936040501711995e+18,7.805,0.0,0,0,4,0,7300,-0.0,0,0.0,0.0,0.0,0.0,0.0,0,0,0,0,0.0,0,0,0,0,0,0,0,0,0,0,0,0,0,0,0,0,0,0,0,0,0,0,0,0,0,0,0,0,0,0,0,0,0,32,30,30,62,65476,0,300,0,0,8,21553,0.0,-107605600.0,0.0,0.0,0.0,0.0,0.0,0.0,0.0,0.0,0.0,0.0,0.0,0.0,0.0,0.0,0.0,0.0,0.0,0.0,0.0,0.0,-0.0,-2.004,2.004,2.004,0.0,0.0,0.0,0.0,5586.0,-0.0,6928.0,0.0,-0.0,-0.0,0.0,0.0,0.0,0.0,0.0,63,-1.9056970896821453e+17,1.905689874137088e+17,0.0,0.0,0.0,0.0,0.0,0.0,0.0,0,0,0,0.0,0.0,0.0,0.0,0.0,0.0,0.0,0.0,0.0,0.0,0.0,0.0,0.0,0.0,0.0,0.0,0,-107875648.0,63,0.0,126,2.7184242562605685e+23,2.842318642297501e+23,ERR,ERR,ERR,ERR,ERR,ERR,ERR,ERR,ERR,ERR,ERR,ERR,ERR,ERR,ERR,ERR,ERR,ERR,ERR,ERR,ERR,ERR,ERR,ERR,ERR,ERR,ERR,ERR,ERR,ERR,ERR,ERR,ERR,ERR,ERR,ERR,ERR,ERR,ERR,ERR,ERR,ERR,ERR,ERR,ERR,ERR,ERR,ERR,ERR,ERR,ERR,ERR,ERR,ERR,ERR,ERR,ERR,ERR,ERR,ERR,ERR,ERR,ERR,ERR,ERR,ERR,ERR,34.0,80.0,35,0.0,0.0,0.0,0.0,0.0,0.0,0.0,0.0,0.0,0.0,0.0,0.0,0.0,0.0,0.0,0.0,64.4,0,116,56,49,65476,0,300,0,0,8,20529,65476,0,0,57672,80.0,0.0,0.0,0.0,0.0,0.0
2026-06-17T04:52:50,ERR,ERR,ERR,ERR,ERR,ERR,ERR,ERR,ERR,ERR,ERR,ERR,ERR,ERR,ERR,ERR,ERR,ERR,ERR,ERR,ERR,ERR,ERR,ERR,ERR,ERR,ERR,ERR,ERR,ERR,ERR,ERR,ERR,ERR,ERR,ERR,ERR,ERR,ERR,ERR,ERR,ERR,ERR,ERR,ERR,ERR,ERR,ERR,ERR,ERR,ERR,ERR,ERR,ERR,ERR,ERR,ERR,ERR,ERR,ERR,ERR,ERR,ERR,ERR,ERR,ERR,ERR,ERR,ERR,ERR,ERR,ERR,ERR,ERR,ERR,ERR,ERR,ERR,ERR,ERR,ERR,ERR,ERR,ERR,ERR,ERR,ERR,ERR,ERR,ERR,ERR,ERR,ERR,ERR,ERR,ERR,ERR,ERR,ERR,ERR,ERR,ERR,ERR,ERR,ERR,ERR,ERR,ERR,ERR,ERR,ERR,ERR,ERR,ERR,ERR,ERR,ERR,ERR,ERR,ERR,ERR,ERR,ERR,ERR,ERR,0.0,-0.0,3.028208139652935e+23,0.0,0.0,1.3936040501711995e+18,7.805,0.0,0,0,4,0,7300,-0.0,0,0.0,0.0,0.0,0.0,0.0,0,0,0,0,0.0,0,0,0,0,0,0,0,0,0,0,0,0,0,0,0,0,0,0,0,0,0,0,0,0,0,0,0,0,0,0,0,0,0,32,30,30,62,65476,0,300,0,0,8,21553,0.0,-107605600.0,0.0,0.0,0.0,0.0,0.0,0.0,0.0,0.0,0.0,0.0,0.0,0.0,0.0,0.0,0.0,0.0,0.0,0.0,0.0,0.0,-0.0,-2.004,2.004,2.004,0.0,0.0,0.0,0.0,5586.0,-0.0,6928.0,0.0,-0.0,-0.0,0.0,0.0,0.0,0.0,0.0,63,-1.9056970896821453e+17,1.905689874137088e+17,0.0,0.0,0.0,0.0,0.0,0.0,0.0,0,0,0,0.0,0.0,0.0,0.0,0.0,0.0,0.0,0.0,0.0,0.0,0.0,0.0,0.0,0.0,0.0,0.0,0,-107875648.0,63,0.0,126,2.7184242562605685e+23,2.842318642297501e+23,ERR,ERR,ERR,ERR,ERR,ERR,ERR,ERR,ERR,ERR,ERR,ERR,ERR,ERR,ERR,ERR,ERR,ERR,ERR,ERR,ERR,ERR,ERR,ERR,ERR,ERR,ERR,ERR,ERR,ERR,ERR,ERR,ERR,ERR,ERR,ERR,ERR,ERR,ERR,ERR,ERR,ERR,ERR,ERR,ERR,ERR,ERR,ERR,ERR,ERR,ERR,ERR,ERR,ERR,ERR,ERR,ERR,ERR,ERR,ERR,ERR,ERR,ERR,ERR,ERR,ERR,ERR,34.0,80.0,35,0.0,0.0,0.0,0.0,0.0,0.0,0.0,0.0,0.0,0.0,0.0,0.0,0.0,0.0,0.0,0.0,64.4,0,116,56,49,65476,0,300,0,0,8,20529,65476,0,0,57672,80.0,0.0,0.0,0.0,0.0,0.0
2026-06-17T04:52:51,ERR,ERR,ERR,ERR,ERR,ERR,ERR,ERR,ERR,ERR,ERR,ERR,ERR,ERR,ERR,ERR,ERR,ERR,ERR,ERR,ERR,ERR,ERR,ERR,ERR,ERR,ERR,ERR,ERR,ERR,ERR,ERR,ERR,ERR,ERR,ERR,ERR,ERR,ERR,ERR,ERR,ERR,ERR,ERR,ERR,ERR,ERR,ERR,ERR,ERR,ERR,ERR,ERR,ERR,ERR,ERR,ERR,ERR,ERR,ERR,ERR,ERR,ERR,ERR,ERR,ERR,ERR,ERR,ERR,ERR,ERR,ERR,ERR,ERR,ERR,ERR,ERR,ERR,ERR,ERR,ERR,ERR,ERR,ERR,ERR,ERR,ERR,ERR,ERR,ERR,ERR,ERR,ERR,ERR,ERR,ERR,ERR,ERR,ERR,ERR,ERR,ERR,ERR,ERR,ERR,ERR,ERR,ERR,ERR,ERR,ERR,ERR,ERR,ERR,ERR,ERR,ERR,ERR,ERR,ERR,ERR,ERR,ERR,ERR,ERR,0.0,-0.0,3.028208139652935e+23,0.0,0.0,1.3936040501711995e+18,7.805,0.0,0,0,4,0,7300,-0.0,0,0.0,0.0,0.0,0.0,0.0,0,0,0,0,0.0,0,0,0,0,0,0,0,0,0,0,0,0,0,0,0,0,0,0,0,0,0,0,0,0,0,0,0,0,0,0,0,0,0,32,30,30,62,65476,0,300,0,0,8,21553,0.0,-107605600.0,0.0,0.0,0.0,0.0,0.0,0.0,0.0,0.0,0.0,0.0,0.0,0.0,0.0,0.0,0.0,0.0,0.0,0.0,0.0,0.0,-0.0,-2.004,2.004,2.004,0.0,0.0,0.0,0.0,5586.0,-0.0,6928.0,0.0,-0.0,-0.0,0.0,0.0,0.0,0.0,0.0,63,-1.9056970896821453e+17,1.905689874137088e+17,0.0,0.0,0.0,0.0,0.0,0.0,0.0,0,0,0,0.0,0.0,0.0,0.0,0.0,0.0,0.0,0.0,0.0,0.0,0.0,0.0,0.0,0.0,0.0,0.0,0,-107875648.0,63,0.0,126,2.7184242562605685e+23,2.842318642297501e+23,ERR,ERR,ERR,ERR,ERR,ERR,ERR,ERR,ERR,ERR,ERR,ERR,ERR,ERR,ERR,ERR,ERR,ERR,ERR,ERR,ERR,ERR,ERR,ERR,ERR,ERR,ERR,ERR,ERR,ERR,ERR,ERR,ERR,ERR,ERR,ERR,ERR,ERR,ERR,ERR,ERR,ERR,ERR,ERR,ERR,ERR,ERR,ERR,ERR,ERR,ERR,ERR,ERR,ERR,ERR,ERR,ERR,ERR,ERR,ERR,ERR,ERR,ERR,ERR,ERR,ERR,ERR,34.0,80.0,35,0.0,0.0,0.0,0.0,0.0,0.0,0.0,0.0,0.0,0.0,0.0,0.0,0.0,0.0,0.0,0.0,64.4,0,116,56,49,65476,0,300,0,0,8,20529,65476,0,0,57672,80.0,0.0,0.0,0.0,0.0,0.0
2026-06-17T04:52:52,ERR,ERR,ERR,ERR,ERR,ERR,ERR,ERR,ERR,ERR,ERR,ERR,ERR,ERR,ERR,ERR,ERR,ERR,ERR,ERR,ERR,ERR,ERR,ERR,ERR,ERR,ERR,ERR,ERR,ERR,ERR,ERR,ERR,ERR,ERR,ERR,ERR,ERR,ERR,ERR,ERR,ERR,ERR,ERR,ERR,ERR,ERR,ERR,ERR,ERR,ERR,ERR,ERR,ERR,ERR,ERR,ERR,ERR,ERR,ERR,ERR,ERR,ERR,ERR,ERR,ERR,ERR,ERR,ERR,ERR,ERR,ERR,ERR,ERR,ERR,ERR,ERR,ERR,ERR,ERR,ERR,ERR,ERR,ERR,ERR,ERR,ERR,ERR,ERR,ERR,ERR,ERR,ERR,ERR,ERR,ERR,ERR,ERR,ERR,ERR,ERR,ERR,ERR,ERR,ERR,ERR,ERR,ERR,ERR,ERR,ERR,ERR,ERR,ERR,ERR,ERR,ERR,ERR,ERR,ERR,ERR,ERR,ERR,ERR,ERR,0.0,-0.0,3.028208139652935e+23,0.0,0.0,1.3936040501711995e+18,7.805,0.0,0,0,4,0,7300,-0.0,0,0.0,0.0,0.0,0.0,0.0,0,0,0,0,0.0,0,0,0,0,0,0,0,0,0,0,0,0,0,0,0,0,0,0,0,0,0,0,0,0,0,0,0,0,0,0,0,0,0,32,30,30,62,65476,0,300,0,0,8,21553,0.0,-107605600.0,0.0,0.0,0.0,0.0,0.0,0.0,0.0,0.0,0.0,0.0,0.0,0.0,0.0,0.0,0.0,0.0,0.0,0.0,0.0,0.0,-0.0,-2.004,2.004,2.004,0.0,0.0,0.0,0.0,5586.0,-0.0,6928.0,0.0,-0.0,-0.0,0.0,0.0,0.0,0.0,0.0,63,-1.9056970896821453e+17,1.905689874137088e+17,0.0,0.0,0.0,0.0,0.0,0.0,0.0,0,0,0,0.0,0.0,0.0,0.0,0.0,0.0,0.0,0.0,0.0,0.0,0.0,0.0,0.0,0.0,0.0,0.0,0,-107875648.0,63,0.0,126,2.7184242562605685e+23,2.842318642297501e+23,ERR,ERR,ERR,ERR,ERR,ERR,ERR,ERR,ERR,ERR,ERR,ERR,ERR,ERR,ERR,ERR,ERR,ERR,ERR,ERR,ERR,ERR,ERR,ERR,ERR,ERR,ERR,ERR,ERR,ERR,ERR,ERR,ERR,ERR,ERR,ERR,ERR,ERR,ERR,ERR,ERR,ERR,ERR,ERR,ERR,ERR,ERR,ERR,ERR,ERR,ERR,ERR,ERR,ERR,ERR,ERR,ERR,ERR,ERR,ERR,ERR,ERR,ERR,ERR,ERR,ERR,ERR,34.0,80.0,35,0.0,0.0,0.0,0.0,0.0,0.0,0.0,0.0,0.0,0.0,0.0,0.0,0.0,0.0,0.0,0.0,64.4,0,116,56,49,65476,0,300,0,0,8,20529,65476,0,0,57672,80.0,0.0,0.0,0.0,0.0,0.0
2026-06-17T04:52:53,ERR,ERR,ERR,ERR,ERR,ERR,ERR,ERR,ERR,ERR,ERR,ERR,ERR,ERR,ERR,ERR,ERR,ERR,ERR,ERR,ERR,ERR,ERR,ERR,ERR,ERR,ERR,ERR,ERR,ERR,ERR,ERR,ERR,ERR,ERR,ERR,ERR,ERR,ERR,ERR,ERR,ERR,ERR,ERR,ERR,ERR,ERR,ERR,ERR,ERR,ERR,ERR,ERR,ERR,ERR,ERR,ERR,ERR,ERR,ERR,ERR,ERR,ERR,ERR,ERR,ERR,ERR,ERR,ERR,ERR,ERR,ERR,ERR,ERR,ERR,ERR,ERR,ERR,ERR,ERR,ERR,ERR,ERR,ERR,ERR,ERR,ERR,ERR,ERR,ERR,ERR,ERR,ERR,ERR,ERR,ERR,ERR,ERR,ERR,ERR,ERR,ERR,ERR,ERR,ERR,ERR,ERR,ERR,ERR,ERR,ERR,ERR,ERR,ERR,ERR,ERR,ERR,ERR,ERR,ERR,ERR,ERR,ERR,ERR,ERR,0.0,-0.0,3.028208139652935e+23,0.0,0.0,1.3936040501711995e+18,7.805,0.0,0,0,4,0,7300,-0.0,0,0.0,0.0,0.0,0.0,0.0,0,0,0,0,0.0,0,0,0,0,0,0,0,0,0,0,0,0,0,0,0,0,0,0,0,0,0,0,0,0,0,0,0,0,0,0,0,0,0,32,30,30,62,65476,0,300,0,0,8,21553,0.0,-107605600.0,0.0,0.0,0.0,0.0,0.0,0.0,0.0,0.0,0.0,0.0,0.0,0.0,0.0,0.0,0.0,0.0,0.0,0.0,0.0,0.0,-0.0,-2.004,2.004,2.004,0.0,0.0,0.0,0.0,5586.0,-0.0,6928.0,0.0,-0.0,-0.0,0.0,0.0,0.0,0.0,0.0,63,-1.9056970896821453e+17,1.905689874137088e+17,0.0,0.0,0.0,0.0,0.0,0.0,0.0,0,0,0,0.0,0.0,0.0,0.0,0.0,0.0,0.0,0.0,0.0,0.0,0.0,0.0,0.0,0.0,0.0,0.0,0,-107875648.0,63,0.0,126,2.7184242562605685e+23,2.842318642297501e+23,ERR,ERR,ERR,ERR,ERR,ERR,ERR,ERR,ERR,ERR,ERR,ERR,ERR,ERR,ERR,ERR,ERR,ERR,ERR,ERR,ERR,ERR,ERR,ERR,ERR,ERR,ERR,ERR,ERR,ERR,ERR,ERR,ERR,ERR,ERR,ERR,ERR,ERR,ERR,ERR,ERR,ERR,ERR,ERR,ERR,ERR,ERR,ERR,ERR,ERR,ERR,ERR,ERR,ERR,ERR,ERR,ERR,ERR,ERR,ERR,ERR,ERR,ERR,ERR,ERR,ERR,ERR,34.0,80.0,35,0.0,0.0,0.0,0.0,0.0,0.0,0.0,0.0,0.0,0.0,0.0,0.0,0.0,0.0,0.0,0.0,64.4,0,116,56,49,65476,0,300,0,0,8,20529,65476,0,0,57672,80.0,0.0,0.0,0.0,0.0,0.0
2026-06-17T04:52:54,ERR,ERR,ERR,ERR,ERR,ERR,ERR,ERR,ERR,ERR,ERR,ERR,ERR,ERR,ERR,ERR,ERR,ERR,ERR,ERR,ERR,ERR,ERR,ERR,ERR,ERR,ERR,ERR,ERR,ERR,ERR,ERR,ERR,ERR,ERR,ERR,ERR,ERR,ERR,ERR,ERR,ERR,ERR,ERR,ERR,ERR,ERR,ERR,ERR,ERR,ERR,ERR,ERR,ERR,ERR,ERR,ERR,ERR,ERR,ERR,ERR,ERR,ERR,ERR,ERR,ERR,ERR,ERR,ERR,ERR,ERR,ERR,ERR,ERR,ERR,ERR,ERR,ERR,ERR,ERR,ERR,ERR,ERR,ERR,ERR,ERR,ERR,ERR,ERR,ERR,ERR,ERR,ERR,ERR,ERR,ERR,ERR,ERR,ERR,ERR,ERR,ERR,ERR,ERR,ERR,ERR,ERR,ERR,ERR,ERR,ERR,ERR,ERR,ERR,ERR,ERR,ERR,ERR,ERR,ERR,ERR,ERR,ERR,ERR,ERR,0.0,-0.0,3.028208139652935e+23,0.0,0.0,1.3936040501711995e+18,7.805,0.0,0,0,4,0,7300,-0.0,0,0.0,0.0,0.0,0.0,0.0,0,0,0,0,0.0,0,0,0,0,0,0,0,0,0,0,0,0,0,0,0,0,0,0,0,0,0,0,0,0,0,0,0,0,0,0,0,0,0,32,30,30,62,65476,0,300,0,0,8,21553,0.0,-107605600.0,0.0,0.0,0.0,0.0,0.0,0.0,0.0,0.0,0.0,0.0,0.0,0.0,0.0,0.0,0.0,0.0,0.0,0.0,0.0,0.0,-0.0,-2.004,2.004,2.004,0.0,0.0,0.0,0.0,5586.0,-0.0,6928.0,0.0,-0.0,-0.0,0.0,0.0,0.0,0.0,0.0,63,-1.9056970896821453e+17,1.905689874137088e+17,0.0,0.0,0.0,0.0,0.0,0.0,0.0,0,0,0,0.0,0.0,0.0,0.0,0.0,0.0,0.0,0.0,0.0,0.0,0.0,0.0,0.0,0.0,0.0,0.0,0,-107875648.0,63,0.0,126,2.7184242562605685e+23,2.842318642297501e+23,ERR,ERR,ERR,ERR,ERR,ERR,ERR,ERR,ERR,ERR,ERR,ERR,ERR,ERR,ERR,ERR,ERR,ERR,ERR,ERR,ERR,ERR,ERR,ERR,ERR,ERR,ERR,ERR,ERR,ERR,ERR,ERR,ERR,ERR,ERR,ERR,ERR,ERR,ERR,ERR,ERR,ERR,ERR,ERR,ERR,ERR,ERR,ERR,ERR,ERR,ERR,ERR,ERR,ERR,ERR,ERR,ERR,ERR,ERR,ERR,ERR,ERR,ERR,ERR,ERR,ERR,ERR,34.0,80.0,35,0.0,0.0,0.0,0.0,0.0,0.0,0.0,0.0,0.0,0.0,0.0,0.0,0.0,0.0,0.0,0.0,64.4,0,116,56,49,65476,0,300,0,0,8,20529,65476,0,0,57672,80.0,0.0,0.0,0.0,0.0,0.0
2026-06-17T04:52:55,ERR,ERR,ERR,ERR,ERR,ERR,ERR,ERR,ERR,ERR,ERR,ERR,ERR,ERR,ERR,ERR,ERR,ERR,ERR,ERR,ERR,ERR,ERR,ERR,ERR,ERR,ERR,ERR,ERR,ERR,ERR,ERR,ERR,ERR,ERR,ERR,ERR,ERR,ERR,ERR,ERR,ERR,ERR,ERR,ERR,ERR,ERR,ERR,ERR,ERR,ERR,ERR,ERR,ERR,ERR,ERR,ERR,ERR,ERR,ERR,ERR,ERR,ERR,ERR,ERR,ERR,ERR,ERR,ERR,ERR,ERR,ERR,ERR,ERR,ERR,ERR,ERR,ERR,ERR,ERR,ERR,ERR,ERR,ERR,ERR,ERR,ERR,ERR,ERR,ERR,ERR,ERR,ERR,ERR,ERR,ERR,ERR,ERR,ERR,ERR,ERR,ERR,ERR,ERR,ERR,ERR,ERR,ERR,ERR,ERR,ERR,ERR,ERR,ERR,ERR,ERR,ERR,ERR,ERR,ERR,ERR,ERR,ERR,ERR,ERR,0.0,-0.0,3.028208139652935e+23,0.0,0.0,1.3936040501711995e+18,7.805,0.0,0,0,4,0,7300,-0.0,0,0.0,0.0,0.0,0.0,0.0,0,0,0,0,0.0,0,0,0,0,0,0,0,0,0,0,0,0,0,0,0,0,0,0,0,0,0,0,0,0,0,0,0,0,0,0,0,0,0,32,30,30,62,65476,0,300,0,0,8,21553,0.0,-107605600.0,0.0,0.0,0.0,0.0,0.0,0.0,0.0,0.0,0.0,0.0,0.0,0.0,0.0,0.0,0.0,0.0,0.0,0.0,0.0,0.0,2.004,-2.004,2.004,2.004,0.0,0.0,0.0,0.0,5585.0,-0.0,6931.0,0.0,-0.0,-0.0,0.0,0.0,0.0,0.0,0.0,63,-4.066878214320265e+29,5.8480647943980804e+35,0.0,0.0,0.0,0.0,0.0,0.0,0.0,0,0,0,0.0,0.0,0.0,0.0,0.0,0.0,0.0,0.0,0.0,0.0,0.0,0.0,0.0,0.0,0.0,0.0,0,-107875648.0,63,0.0,126,2.7184242562605685e+23,2.842318642297501e+23,ERR,ERR,ERR,ERR,ERR,ERR,ERR,ERR,ERR,ERR,ERR,ERR,ERR,ERR,ERR,ERR,ERR,ERR,ERR,ERR,ERR,ERR,ERR,ERR,ERR,ERR,ERR,ERR,ERR,ERR,ERR,ERR,ERR,ERR,ERR,ERR,ERR,ERR,ERR,ERR,ERR,ERR,ERR,ERR,ERR,ERR,ERR,ERR,ERR,ERR,ERR,ERR,ERR,ERR,ERR,ERR,ERR,ERR,ERR,ERR,ERR,ERR,ERR,ERR,ERR,ERR,ERR,34.0,80.0,35,0.0,0.0,0.0,0.0,0.0,0.0,0.0,0.0,0.0,0.0,0.0,0.0,0.0,0.0,0.0,0.0,64.4,0,116,56,49,65476,0,300,0,0,8,20529,65476,0,0,57672,80.0,0.0,0.0,0.0,0.0,0.0
2026-06-17T04:52:56,ERR,ERR,ERR,ERR,ERR,ERR,ERR,ERR,ERR,ERR,ERR,ERR,ERR,ERR,ERR,ERR,ERR,ERR,ERR,ERR,ERR,ERR,ERR,ERR,ERR,ERR,ERR,ERR,ERR,ERR,ERR,ERR,ERR,ERR,ERR,ERR,ERR,ERR,ERR,ERR,ERR,ERR,ERR,ERR,ERR,ERR,ERR,ERR,ERR,ERR,ERR,ERR,ERR,ERR,ERR,ERR,ERR,ERR,ERR,ERR,ERR,ERR,ERR,ERR,ERR,ERR,ERR,ERR,ERR,ERR,ERR,ERR,ERR,ERR,ERR,ERR,ERR,ERR,ERR,ERR,ERR,ERR,ERR,ERR,ERR,ERR,ERR,ERR,ERR,ERR,ERR,ERR,ERR,ERR,ERR,ERR,ERR,ERR,ERR,ERR,ERR,ERR,ERR,ERR,ERR,ERR,ERR,ERR,ERR,ERR,ERR,ERR,ERR,ERR,ERR,ERR,ERR,ERR,ERR,ERR,ERR,ERR,ERR,ERR,ERR,0.0,-0.0,3.028208139652935e+23,0.0,0.0,1.3936040501711995e+18,7.805,0.0,0,0,4,0,7300,-0.0,0,0.0,0.0,0.0,0.0,0.0,0,0,0,0,0.0,0,0,0,0,0,0,0,0,0,0,0,0,0,0,0,0,0,0,0,0,0,0,0,0,0,0,0,0,0,0,0,0,0,32,30,30,62,65476,0,300,0,0,8,21553,0.0,-107605600.0,0.0,0.0,0.0,0.0,0.0,0.0,0.0,0.0,0.0,0.0,0.0,0.0,0.0,0.0,0.0,0.0,0.0,0.0,0.0,0.0,2.004,-2.004,2.004,2.004,0.0,0.0,0.0,0.0,5585.0,-0.0,6931.0,0.0,-0.0,-0.0,0.0,0.0,0.0,0.0,0.0,63,-4.066878214320265e+29,5.8480647943980804e+35,0.0,0.0,0.0,0.0,0.0,0.0,0.0,0,0,0,0.0,0.0,0.0,0.0,0.0,0.0,0.0,0.0,0.0,0.0,0.0,0.0,0.0,0.0,0.0,0.0,0,-107875648.0,63,0.0,126,2.7184242562605685e+23,2.842318642297501e+23,ERR,ERR,ERR,ERR,ERR,ERR,ERR,ERR,ERR,ERR,ERR,ERR,ERR,ERR,ERR,ERR,ERR,ERR,ERR,ERR,ERR,ERR,ERR,ERR,ERR,ERR,ERR,ERR,ERR,ERR,ERR,ERR,ERR,ERR,ERR,ERR,ERR,ERR,ERR,ERR,ERR,ERR,ERR,ERR,ERR,ERR,ERR,ERR,ERR,ERR,ERR,ERR,ERR,ERR,ERR,ERR,ERR,ERR,ERR,ERR,ERR,ERR,ERR,ERR,ERR,ERR,ERR,34.0,80.0,35,0.0,0.0,0.0,0.0,0.0,0.0,0.0,0.0,0.0,0.0,0.0,0.0,0.0,0.0,0.0,0.0,64.8,0,116,56,49,65476,0,300,0,0,8,20529,65476,0,0,57672,80.0,0.0,0.0,0.0,0.0,0.0
2026-06-17T04:52:57,ERR,ERR,ERR,ERR,ERR,ERR,ERR,ERR,ERR,ERR,ERR,ERR,ERR,ERR,ERR,ERR,ERR,ERR,ERR,ERR,ERR,ERR,ERR,ERR,ERR,ERR,ERR,ERR,ERR,ERR,ERR,ERR,ERR,ERR,ERR,ERR,ERR,ERR,ERR,ERR,ERR,ERR,ERR,ERR,ERR,ERR,ERR,ERR,ERR,ERR,ERR,ERR,ERR,ERR,ERR,ERR,ERR,ERR,ERR,ERR,ERR,ERR,ERR,ERR,ERR,ERR,ERR,ERR,ERR,ERR,ERR,ERR,ERR,ERR,ERR,ERR,ERR,ERR,ERR,ERR,ERR,ERR,ERR,ERR,ERR,ERR,ERR,ERR,ERR,ERR,ERR,ERR,ERR,ERR,ERR,ERR,ERR,ERR,ERR,ERR,ERR,ERR,ERR,ERR,ERR,ERR,ERR,ERR,ERR,ERR,ERR,ERR,ERR,ERR,ERR,ERR,ERR,ERR,ERR,ERR,ERR,ERR,ERR,ERR,ERR,0.0,-0.0,3.028208139652935e+23,0.0,0.0,1.3936040501711995e+18,7.805,0.0,0,0,4,0,7300,-0.0,0,0.0,0.0,0.0,0.0,0.0,0,0,0,0,0.0,0,0,0,0,0,0,0,0,0,0,0,0,0,0,0,0,0,0,0,0,0,0,0,0,0,0,0,0,0,0,0,0,0,32,30,30,62,65476,0,300,0,0,8,21553,0.0,-107605600.0,0.0,0.0,0.0,0.0,0.0,0.0,0.0,0.0,0.0,0.0,0.0,0.0,0.0,0.0,0.0,0.0,0.0,0.0,0.0,0.0,2.004,-2.004,2.004,2.004,0.0,0.0,0.0,0.0,5585.0,-0.0,6931.0,0.0,-0.0,-0.0,0.0,0.0,0.0,0.0,0.0,63,-4.066878214320265e+29,5.8480647943980804e+35,0.0,0.0,0.0,0.0,0.0,0.0,0.0,0,0,0,0.0,0.0,0.0,0.0,0.0,0.0,0.0,0.0,0.0,0.0,0.0,0.0,0.0,0.0,0.0,0.0,0,-107875648.0,63,0.0,126,2.7184242562605685e+23,2.842318642297501e+23,ERR,ERR,ERR,ERR,ERR,ERR,ERR,ERR,ERR,ERR,ERR,ERR,ERR,ERR,ERR,ERR,ERR,ERR,ERR,ERR,ERR,ERR,ERR,ERR,ERR,ERR,ERR,ERR,ERR,ERR,ERR,ERR,ERR,ERR,ERR,ERR,ERR,ERR,ERR,ERR,ERR,ERR,ERR,ERR,ERR,ERR,ERR,ERR,ERR,ERR,ERR,ERR,ERR,ERR,ERR,ERR,ERR,ERR,ERR,ERR,ERR,ERR,ERR,ERR,ERR,ERR,ERR,34.0,80.0,35,0.0,0.0,0.0,0.0,0.0,0.0,0.0,0.0,0.0,0.0,0.0,0.0,0.0,0.0,0.0,0.0,64.8,0,116,56,49,65476,0,300,0,0,8,20529,65476,0,0,57672,80.0,0.0,0.0,0.0,0.0,0.0
2026-06-17T04:52:58,ERR,ERR,ERR,ERR,ERR,ERR,ERR,ERR,ERR,ERR,ERR,ERR,ERR,ERR,ERR,ERR,ERR,ERR,ERR,ERR,ERR,ERR,ERR,ERR,ERR,ERR,ERR,ERR,ERR,ERR,ERR,ERR,ERR,ERR,ERR,ERR,ERR,ERR,ERR,ERR,ERR,ERR,ERR,ERR,ERR,ERR,ERR,ERR,ERR,ERR,ERR,ERR,ERR,ERR,ERR,ERR,ERR,ERR,ERR,ERR,ERR,ERR,ERR,ERR,ERR,ERR,ERR,ERR,ERR,ERR,ERR,ERR,ERR,ERR,ERR,ERR,ERR,ERR,ERR,ERR,ERR,ERR,ERR,ERR,ERR,ERR,ERR,ERR,ERR,ERR,ERR,ERR,ERR,ERR,ERR,ERR,ERR,ERR,ERR,ERR,ERR,ERR,ERR,ERR,ERR,ERR,ERR,ERR,ERR,ERR,ERR,ERR,ERR,ERR,ERR,ERR,ERR,ERR,ERR,ERR,ERR,ERR,ERR,ERR,ERR,0.0,-0.0,3.028208139652935e+23,0.0,0.0,1.3936040501711995e+18,7.805,0.0,0,0,4,0,7300,-0.0,0,0.0,0.0,0.0,0.0,0.0,0,0,0,0,0.0,0,0,0,0,0,0,0,0,0,0,0,0,0,0,0,0,0,0,0,0,0,0,0,0,0,0,0,0,0,0,0,0,0,32,30,30,62,65476,0,300,0,0,8,21553,0.0,-107605600.0,0.0,0.0,0.0,0.0,0.0,0.0,0.0,0.0,0.0,0.0,0.0,0.0,0.0,0.0,0.0,0.0,0.0,0.0,0.0,0.0,2.004,-2.004,2.004,2.004,0.0,0.0,0.0,0.0,5585.0,-0.0,6931.0,0.0,-0.0,-0.0,0.0,0.0,0.0,0.0,0.0,63,-4.066878214320265e+29,5.8480647943980804e+35,0.0,0.0,0.0,0.0,0.0,0.0,0.0,0,0,0,0.0,0.0,0.0,0.0,0.0,0.0,0.0,0.0,0.0,0.0,0.0,0.0,0.0,0.0,0.0,0.0,0,-107875648.0,63,0.0,126,2.7184242562605685e+23,2.842318642297501e+23,ERR,ERR,ERR,ERR,ERR,ERR,ERR,ERR,ERR,ERR,ERR,ERR,ERR,ERR,ERR,ERR,ERR,ERR,ERR,ERR,ERR,ERR,ERR,ERR,ERR,ERR,ERR,ERR,ERR,ERR,ERR,ERR,ERR,ERR,ERR,ERR,ERR,ERR,ERR,ERR,ERR,ERR,ERR,ERR,ERR,ERR,ERR,ERR,ERR,ERR,ERR,ERR,ERR,ERR,ERR,ERR,ERR,ERR,ERR,ERR,ERR,ERR,ERR,ERR,ERR,ERR,ERR,34.0,80.0,35,0.0,0.0,0.0,0.0,0.0,0.0,0.0,0.0,0.0,0.0,0.0,0.0,0.0,0.0,0.0,0.0,64.8,0,116,56,49,65476,0,300,0,0,8,20529,65476,0,0,57672,80.0,0.0,0.0,0.0,0.0,0.0
2026-06-17T04:52:59,ERR,ERR,ERR,ERR,ERR,ERR,ERR,ERR,ERR,ERR,ERR,ERR,ERR,ERR,ERR,ERR,ERR,ERR,ERR,ERR,ERR,ERR,ERR,ERR,ERR,ERR,ERR,ERR,ERR,ERR,ERR,ERR,ERR,ERR,ERR,ERR,ERR,ERR,ERR,ERR,ERR,ERR,ERR,ERR,ERR,ERR,ERR,ERR,ERR,ERR,ERR,ERR,ERR,ERR,ERR,ERR,ERR,ERR,ERR,ERR,ERR,ERR,ERR,ERR,ERR,ERR,ERR,ERR,ERR,ERR,ERR,ERR,ERR,ERR,ERR,ERR,ERR,ERR,ERR,ERR,ERR,ERR,ERR,ERR,ERR,ERR,ERR,ERR,ERR,ERR,ERR,ERR,ERR,ERR,ERR,ERR,ERR,ERR,ERR,ERR,ERR,ERR,ERR,ERR,ERR,ERR,ERR,ERR,ERR,ERR,ERR,ERR,ERR,ERR,ERR,ERR,ERR,ERR,ERR,ERR,ERR,ERR,ERR,ERR,ERR,0.0,-0.0,3.028208139652935e+23,0.0,0.0,1.3936040501711995e+18,7.805,0.0,0,0,4,0,7300,-0.0,0,0.0,0.0,0.0,0.0,0.0,0,0,0,0,0.0,0,0,0,0,0,0,0,0,0,0,0,0,0,0,0,0,0,0,0,0,0,0,0,0,0,0,0,0,0,0,0,0,0,32,30,30,62,65476,0,300,0,0,8,21553,0.0,-107605600.0,0.0,0.0,0.0,0.0,0.0,0.0,0.0,0.0,0.0,0.0,0.0,0.0,0.0,0.0,0.0,0.0,0.0,0.0,0.0,0.0,2.004,-2.004,2.004,2.004,0.0,0.0,0.0,0.0,5585.0,-0.0,6931.0,0.0,-0.0,-0.0,0.0,0.0,0.0,0.0,0.0,63,-4.066878214320265e+29,5.8480647943980804e+35,0.0,0.0,0.0,0.0,0.0,0.0,0.0,0,0,0,0.0,0.0,0.0,0.0,0.0,0.0,0.0,0.0,0.0,0.0,0.0,0.0,0.0,0.0,0.0,0.0,0,-107875648.0,63,0.0,126,2.7184242562605685e+23,2.842318642297501e+23,ERR,ERR,ERR,ERR,ERR,ERR,ERR,ERR,ERR,ERR,ERR,ERR,ERR,ERR,ERR,ERR,ERR,ERR,ERR,ERR,ERR,ERR,ERR,ERR,ERR,ERR,ERR,ERR,ERR,ERR,ERR,ERR,ERR,ERR,ERR,ERR,ERR,ERR,ERR,ERR,ERR,ERR,ERR,ERR,ERR,ERR,ERR,ERR,ERR,ERR,ERR,ERR,ERR,ERR,ERR,ERR,ERR,ERR,ERR,ERR,ERR,ERR,ERR,ERR,ERR,ERR,ERR,34.0,80.0,35,0.0,0.0,0.0,0.0,0.0,0.0,0.0,0.0,0.0,0.0,0.0,0.0,0.0,0.0,0.0,0.0,64.4,0,116,56,49,65476,0,300,0,0,8,20529,65476,0,0,57672,80.0,0.0,0.0,0.0,0.0,0.0
2026-06-17T04:53:00,ERR,ERR,ERR,ERR,ERR,ERR,ERR,ERR,ERR,ERR,ERR,ERR,ERR,ERR,ERR,ERR,ERR,ERR,ERR,ERR,ERR,ERR,ERR,ERR,ERR,ERR,ERR,ERR,ERR,ERR,ERR,ERR,ERR,ERR,ERR,ERR,ERR,ERR,ERR,ERR,ERR,ERR,ERR,ERR,ERR,ERR,ERR,ERR,ERR,ERR,ERR,ERR,ERR,ERR,ERR,ERR,ERR,ERR,ERR,ERR,ERR,ERR,ERR,ERR,ERR,ERR,ERR,ERR,ERR,ERR,ERR,ERR,ERR,ERR,ERR,ERR,ERR,ERR,ERR,ERR,ERR,ERR,ERR,ERR,ERR,ERR,ERR,ERR,ERR,ERR,ERR,ERR,ERR,ERR,ERR,ERR,ERR,ERR,ERR,ERR,ERR,ERR,ERR,ERR,ERR,ERR,ERR,ERR,ERR,ERR,ERR,ERR,ERR,ERR,ERR,ERR,ERR,ERR,ERR,ERR,ERR,ERR,ERR,ERR,ERR,0.0,-0.0,-0.0,0.0,0.0,1.3936040501711995e+18,7.805,0.0,0,0,4,0,7300,-0.0,0,0.0,0.0,0.0,0.0,0.0,0,0,0,0,0.0,0,0,0,0,0,0,0,0,0,0,0,0,0,0,0,0,0,0,0,0,0,0,0,0,0,0,0,0,0,0,0,0,0,32,30,30,62,65476,0,300,0,0,8,21553,0.0,-107605600.0,0.0,0.0,0.0,0.0,0.0,0.0,0.0,0.0,0.0,0.0,0.0,0.0,0.0,0.0,0.0,0.0,0.0,0.0,0.0,0.0,-0.0,-2.004,2.004,2.004,0.0,0.0,0.0,0.0,5586.0,-3.697194050108418e+19,6940.0,0.0,-0.0,-0.0,0.0,0.0,0.0,0.0,0.0,63,-4.9504266636054534e+32,-152017666310144.0,0.0,0.0,0.0,0.0,0.0,0.0,0.0,0,0,0,0.0,0.0,0.0,0.0,0.0,0.0,0.0,0.0,0.0,0.0,0.0,0.0,0.0,0.0,0.0,0.0,0,-107875648.0,63,0.0,126,2.7184242562605685e+23,2.842318642297501e+23,ERR,ERR,ERR,ERR,ERR,ERR,ERR,ERR,ERR,ERR,ERR,ERR,ERR,ERR,ERR,ERR,ERR,ERR,ERR,ERR,ERR,ERR,ERR,ERR,ERR,ERR,ERR,ERR,ERR,ERR,ERR,ERR,ERR,ERR,ERR,ERR,ERR,ERR,ERR,ERR,ERR,ERR,ERR,ERR,ERR,ERR,ERR,ERR,ERR,ERR,ERR,ERR,ERR,ERR,ERR,ERR,ERR,ERR,ERR,ERR,ERR,ERR,ERR,ERR,ERR,ERR,ERR,34.0,80.0,35,0.0,0.0,0.0,0.0,0.0,0.0,0.0,0.0,0.0,0.0,0.0,0.0,0.0,0.0,0.0,0.0,64.4,0,116,56,49,65476,0,300,0,0,8,20529,65476,0,0,57672,80.0,0.0,0.0,0.0,0.0,0.0
2026-06-17T04:53:01,ERR,ERR,ERR,ERR,ERR,ERR,ERR,ERR,ERR,ERR,ERR,ERR,ERR,ERR,ERR,ERR,ERR,ERR,ERR,ERR,ERR,ERR,ERR,ERR,ERR,ERR,ERR,ERR,ERR,ERR,ERR,ERR,ERR,ERR,ERR,ERR,ERR,ERR,ERR,ERR,ERR,ERR,ERR,ERR,ERR,ERR,ERR,ERR,ERR,ERR,ERR,ERR,ERR,ERR,ERR,ERR,ERR,ERR,ERR,ERR,ERR,ERR,ERR,ERR,ERR,ERR,ERR,ERR,ERR,ERR,ERR,ERR,ERR,ERR,ERR,ERR,ERR,ERR,ERR,ERR,ERR,ERR,ERR,ERR,ERR,ERR,ERR,ERR,ERR,ERR,ERR,ERR,ERR,ERR,ERR,ERR,ERR,ERR,ERR,ERR,ERR,ERR,ERR,ERR,ERR,ERR,ERR,ERR,ERR,ERR,ERR,ERR,ERR,ERR,ERR,ERR,ERR,ERR,ERR,ERR,ERR,ERR,ERR,ERR,ERR,0.0,-0.0,-0.0,0.0,0.0,1.3936040501711995e+18,7.805,0.0,0,0,4,0,7300,-0.0,0,0.0,0.0,0.0,0.0,0.0,0,0,0,0,0.0,0,0,0,0,0,0,0,0,0,0,0,0,0,0,0,0,0,0,0,0,0,0,0,0,0,0,0,0,0,0,0,0,0,32,30,30,62,65476,0,300,0,0,8,21553,0.0,-107605600.0,0.0,0.0,0.0,0.0,0.0,0.0,0.0,0.0,0.0,0.0,0.0,0.0,0.0,0.0,0.0,0.0,0.0,0.0,0.0,0.0,-0.0,-2.004,2.004,2.004,0.0,0.0,0.0,0.0,5586.0,-3.697194050108418e+19,6940.0,0.0,-0.0,-0.0,0.0,0.0,0.0,0.0,0.0,63,-4.9504266636054534e+32,-152017666310144.0,0.0,0.0,0.0,0.0,0.0,0.0,0.0,0,0,0,0.0,0.0,0.0,0.0,0.0,0.0,0.0,0.0,0.0,0.0,0.0,0.0,0.0,0.0,0.0,0.0,0,-107875648.0,63,0.0,126,2.7184242562605685e+23,2.842318642297501e+23,ERR,ERR,ERR,ERR,ERR,ERR,ERR,ERR,ERR,ERR,ERR,ERR,ERR,ERR,ERR,ERR,ERR,ERR,ERR,ERR,ERR,ERR,ERR,ERR,ERR,ERR,ERR,ERR,ERR,ERR,ERR,ERR,ERR,ERR,ERR,ERR,ERR,ERR,ERR,ERR,ERR,ERR,ERR,ERR,ERR,ERR,ERR,ERR,ERR,ERR,ERR,ERR,ERR,ERR,ERR,ERR,ERR,ERR,ERR,ERR,ERR,ERR,ERR,ERR,ERR,ERR,ERR,34.0,80.0,35,0.0,0.0,0.0,0.0,0.0,0.0,0.0,0.0,0.0,0.0,0.0,0.0,0.0,0.0,0.0,0.0,64.8,0,116,56,49,65476,0,300,0,0,8,20529,65476,0,0,57672,80.0,0.0,0.0,0.0,0.0,0.0
2026-06-17T04:53:02,ERR,ERR,ERR,ERR,ERR,ERR,ERR,ERR,ERR,ERR,ERR,ERR,ERR,ERR,ERR,ERR,ERR,ERR,ERR,ERR,ERR,ERR,ERR,ERR,ERR,ERR,ERR,ERR,ERR,ERR,ERR,ERR,ERR,ERR,ERR,ERR,ERR,ERR,ERR,ERR,ERR,ERR,ERR,ERR,ERR,ERR,ERR,ERR,ERR,ERR,ERR,ERR,ERR,ERR,ERR,ERR,ERR,ERR,ERR,ERR,ERR,ERR,ERR,ERR,ERR,ERR,ERR,ERR,ERR,ERR,ERR,ERR,ERR,ERR,ERR,ERR,ERR,ERR,ERR,ERR,ERR,ERR,ERR,ERR,ERR,ERR,ERR,ERR,ERR,ERR,ERR,ERR,ERR,ERR,ERR,ERR,ERR,ERR,ERR,ERR,ERR,ERR,ERR,ERR,ERR,ERR,ERR,ERR,ERR,ERR,ERR,ERR,ERR,ERR,ERR,ERR,ERR,ERR,ERR,ERR,ERR,ERR,ERR,ERR,ERR,0.0,-0.0,-0.0,0.0,0.0,1.3936040501711995e+18,7.805,0.0,0,0,4,0,7300,-0.0,0,0.0,0.0,0.0,0.0,0.0,0,0,0,0,0.0,0,0,0,0,0,0,0,0,0,0,0,0,0,0,0,0,0,0,0,0,0,0,0,0,0,0,0,0,0,0,0,0,0,32,30,30,62,65476,0,300,0,0,8,21553,0.0,-107605600.0,0.0,0.0,0.0,0.0,0.0,0.0,0.0,0.0,0.0,0.0,0.0,0.0,0.0,0.0,0.0,0.0,0.0,0.0,0.0,0.0,-0.0,-2.004,2.004,2.004,0.0,0.0,0.0,0.0,5586.0,-3.697194050108418e+19,6940.0,0.0,-0.0,-0.0,0.0,0.0,0.0,0.0,0.0,63,-4.9504266636054534e+32,-152017666310144.0,0.0,0.0,0.0,0.0,0.0,0.0,0.0,0,0,0,0.0,0.0,0.0,0.0,0.0,0.0,0.0,0.0,0.0,0.0,0.0,0.0,0.0,0.0,0.0,0.0,0,-107875648.0,63,0.0,126,2.7184242562605685e+23,2.842318642297501e+23,ERR,ERR,ERR,ERR,ERR,ERR,ERR,ERR,ERR,ERR,ERR,ERR,ERR,ERR,ERR,ERR,ERR,ERR,ERR,ERR,ERR,ERR,ERR,ERR,ERR,ERR,ERR,ERR,ERR,ERR,ERR,ERR,ERR,ERR,ERR,ERR,ERR,ERR,ERR,ERR,ERR,ERR,ERR,ERR,ERR,ERR,ERR,ERR,ERR,ERR,ERR,ERR,ERR,ERR,ERR,ERR,ERR,ERR,ERR,ERR,ERR,ERR,ERR,ERR,ERR,ERR,ERR,34.0,80.0,35,0.0,0.0,0.0,0.0,0.0,0.0,0.0,0.0,0.0,0.0,0.0,0.0,0.0,0.0,0.0,0.0,64.8,0,116,56,49,65476,0,300,0,0,8,20529,65476,0,0,57672,80.0,0.0,0.0,0.0,0.0,0.0
2026-06-17T04:53:03,ERR,ERR,ERR,ERR,ERR,ERR,ERR,ERR,ERR,ERR,ERR,ERR,ERR,ERR,ERR,ERR,ERR,ERR,ERR,ERR,ERR,ERR,ERR,ERR,ERR,ERR,ERR,ERR,ERR,ERR,ERR,ERR,ERR,ERR,ERR,ERR,ERR,ERR,ERR,ERR,ERR,ERR,ERR,ERR,ERR,ERR,ERR,ERR,ERR,ERR,ERR,ERR,ERR,ERR,ERR,ERR,ERR,ERR,ERR,ERR,ERR,ERR,ERR,ERR,ERR,ERR,ERR,ERR,ERR,ERR,ERR,ERR,ERR,ERR,ERR,ERR,ERR,ERR,ERR,ERR,ERR,ERR,ERR,ERR,ERR,ERR,ERR,ERR,ERR,ERR,ERR,ERR,ERR,ERR,ERR,ERR,ERR,ERR,ERR,ERR,ERR,ERR,ERR,ERR,ERR,ERR,ERR,ERR,ERR,ERR,ERR,ERR,ERR,ERR,ERR,ERR,ERR,ERR,ERR,ERR,ERR,ERR,ERR,ERR,ERR,0.0,-0.0,-0.0,0.0,0.0,1.3936040501711995e+18,7.805,0.0,0,0,4,0,7300,-0.0,0,0.0,0.0,0.0,0.0,0.0,0,0,0,0,0.0,0,0,0,0,0,0,0,0,0,0,0,0,0,0,0,0,0,0,0,0,0,0,0,0,0,0,0,0,0,0,0,0,0,32,30,30,62,65476,0,300,0,0,8,21553,0.0,-107605600.0,0.0,0.0,0.0,0.0,0.0,0.0,0.0,0.0,0.0,0.0,0.0,0.0,0.0,0.0,0.0,0.0,0.0,0.0,0.0,0.0,-0.0,-2.004,2.004,2.004,0.0,0.0,0.0,0.0,5586.0,-3.697194050108418e+19,6940.0,0.0,-0.0,-0.0,0.0,0.0,0.0,0.0,0.0,63,-4.9504266636054534e+32,-152017666310144.0,0.0,0.0,0.0,0.0,0.0,0.0,0.0,0,0,0,0.0,0.0,0.0,0.0,0.0,0.0,0.0,0.0,0.0,0.0,0.0,0.0,0.0,0.0,0.0,0.0,0,-107875648.0,63,0.0,126,2.7184242562605685e+23,2.842318642297501e+23,ERR,ERR,ERR,ERR,ERR,ERR,ERR,ERR,ERR,ERR,ERR,ERR,ERR,ERR,ERR,ERR,ERR,ERR,ERR,ERR,ERR,ERR,ERR,ERR,ERR,ERR,ERR,ERR,ERR,ERR,ERR,ERR,ERR,ERR,ERR,ERR,ERR,ERR,ERR,ERR,ERR,ERR,ERR,ERR,ERR,ERR,ERR,ERR,ERR,ERR,ERR,ERR,ERR,ERR,ERR,ERR,ERR,ERR,ERR,ERR,ERR,ERR,ERR,ERR,ERR,ERR,ERR,34.0,80.0,35,0.0,0.0,0.0,0.0,0.0,0.0,0.0,0.0,0.0,0.0,0.0,0.0,0.0,0.0,0.0,0.0,64.8,0,116,56,49,65476,0,300,0,0,8,20529,65476,0,0,57672,80.0,0.0,0.0,0.0,0.0,0.0
2026-06-17T04:53:04,ERR,ERR,ERR,ERR,ERR,ERR,ERR,ERR,ERR,ERR,ERR,ERR,ERR,ERR,ERR,ERR,ERR,ERR,ERR,ERR,ERR,ERR,ERR,ERR,ERR,ERR,ERR,ERR,ERR,ERR,ERR,ERR,ERR,ERR,ERR,ERR,ERR,ERR,ERR,ERR,ERR,ERR,ERR,ERR,ERR,ERR,ERR,ERR,ERR,ERR,ERR,ERR,ERR,ERR,ERR,ERR,ERR,ERR,ERR,ERR,ERR,ERR,ERR,ERR,ERR,ERR,ERR,ERR,ERR,ERR,ERR,ERR,ERR,ERR,ERR,ERR,ERR,ERR,ERR,ERR,ERR,ERR,ERR,ERR,ERR,ERR,ERR,ERR,ERR,ERR,ERR,ERR,ERR,ERR,ERR,ERR,ERR,ERR,ERR,ERR,ERR,ERR,ERR,ERR,ERR,ERR,ERR,ERR,ERR,ERR,ERR,ERR,ERR,ERR,ERR,ERR,ERR,ERR,ERR,ERR,ERR,ERR,ERR,ERR,ERR,0.0,-0.0,-0.0,0.0,0.0,1.3936040501711995e+18,7.805,0.0,0,0,4,0,7300,-0.0,0,0.0,0.0,0.0,0.0,0.0,0,0,0,0,0.0,0,0,0,0,0,0,0,0,0,0,0,0,0,0,0,0,0,0,0,0,0,0,0,0,0,0,0,0,0,0,0,0,0,32,30,30,62,65476,0,300,0,0,8,21553,0.0,-107605600.0,0.0,0.0,0.0,0.0,0.0,0.0,0.0,0.0,0.0,0.0,0.0,0.0,0.0,0.0,0.0,0.0,0.0,0.0,0.0,0.0,-0.0,-2.004,2.004,2.004,0.0,0.0,0.0,0.0,5586.0,-3.697194050108418e+19,6940.0,0.0,-0.0,-0.0,0.0,0.0,0.0,0.0,0.0,63,-4.9504266636054534e+32,-152017666310144.0,0.0,0.0,0.0,0.0,0.0,0.0,0.0,0,0,0,0.0,0.0,0.0,0.0,0.0,0.0,0.0,0.0,0.0,0.0,0.0,0.0,0.0,0.0,0.0,0.0,0,-107875648.0,63,0.0,126,2.7184242562605685e+23,2.842318642297501e+23,ERR,ERR,ERR,ERR,ERR,ERR,ERR,ERR,ERR,ERR,ERR,ERR,ERR,ERR,ERR,ERR,ERR,ERR,ERR,ERR,ERR,ERR,ERR,ERR,ERR,ERR,ERR,ERR,ERR,ERR,ERR,ERR,ERR,ERR,ERR,ERR,ERR,ERR,ERR,ERR,ERR,ERR,ERR,ERR,ERR,ERR,ERR,ERR,ERR,ERR,ERR,ERR,ERR,ERR,ERR,ERR,ERR,ERR,ERR,ERR,ERR,ERR,ERR,ERR,ERR,ERR,ERR,34.0,80.0,35,0.0,0.0,0.0,0.0,0.0,0.0,0.0,0.0,0.0,0.0,0.0,0.0,0.0,0.0,0.0,0.0,64.8,0,116,56,49,65476,0,300,0,0,8,20529,65476,0,0,57672,80.0,0.0,0.0,0.0,0.0,0.0
2026-06-17T04:53:05,ERR,ERR,ERR,ERR,ERR,ERR,ERR,ERR,ERR,ERR,ERR,ERR,ERR,ERR,ERR,ERR,ERR,ERR,ERR,ERR,ERR,ERR,ERR,ERR,ERR,ERR,ERR,ERR,ERR,ERR,ERR,ERR,ERR,ERR,ERR,ERR,ERR,ERR,ERR,ERR,ERR,ERR,ERR,ERR,ERR,ERR,ERR,ERR,ERR,ERR,ERR,ERR,ERR,ERR,ERR,ERR,ERR,ERR,ERR,ERR,ERR,ERR,ERR,ERR,ERR,ERR,ERR,ERR,ERR,ERR,ERR,ERR,ERR,ERR,ERR,ERR,ERR,ERR,ERR,ERR,ERR,ERR,ERR,ERR,ERR,ERR,ERR,ERR,ERR,ERR,ERR,ERR,ERR,ERR,ERR,ERR,ERR,ERR,ERR,ERR,ERR,ERR,ERR,ERR,ERR,ERR,ERR,ERR,ERR,ERR,ERR,ERR,ERR,ERR,ERR,ERR,ERR,ERR,ERR,ERR,ERR,ERR,ERR,ERR,ERR,0.0,-0.0,3.028208139652935e+23,0.0,0.0,1.3936040501711995e+18,7.805,0.0,0,0,4,0,7300,-0.0,0,0.0,0.0,0.0,0.0,0.0,0,0,0,0,0.0,0,0,0,0,0,0,0,0,0,0,0,0,0,0,0,0,0,0,0,0,0,0,0,0,0,0,0,0,0,0,0,0,0,32,30,30,62,65476,0,300,0,0,8,21553,0.0,-107605600.0,0.0,0.0,0.0,0.0,0.0,0.0,0.0,0.0,0.0,0.0,0.0,0.0,0.0,0.0,0.0,0.0,0.0,0.0,0.0,0.0,2.004,-2.004,2.004,2.004,0.0,0.0,0.0,0.0,5618.0,0.0,6918.0,0.0,-0.0,-0.0,0.0,0.0,0.0,0.0,0.0,63,-4.9504266636054534e+32,0.059,0.0,0.0,0.0,0.0,0.0,0.0,0.0,0,0,0,0.0,0.0,0.0,0.0,0.0,0.0,0.0,0.0,0.0,0.0,0.0,0.0,0.0,0.0,0.0,0.0,0,-107875648.0,63,0.0,126,2.7184242562605685e+23,2.842318642297501e+23,ERR,ERR,ERR,ERR,ERR,ERR,ERR,ERR,ERR,ERR,ERR,ERR,ERR,ERR,ERR,ERR,ERR,ERR,ERR,ERR,ERR,ERR,ERR,ERR,ERR,ERR,ERR,ERR,ERR,ERR,ERR,ERR,ERR,ERR,ERR,ERR,ERR,ERR,ERR,ERR,ERR,ERR,ERR,ERR,ERR,ERR,ERR,ERR,ERR,ERR,ERR,ERR,ERR,ERR,ERR,ERR,ERR,ERR,ERR,ERR,ERR,ERR,ERR,ERR,ERR,ERR,ERR,34.0,80.0,35,0.0,0.0,0.0,0.0,0.0,0.0,0.0,0.0,0.0,0.0,0.0,0.0,0.0,0.0,0.0,0.0,64.4,0,116,56,49,65476,0,300,0,0,8,20529,65476,0,0,57672,80.0,0.0,0.0,0.0,0.0,0.0
2026-06-17T04:53:06,ERR,ERR,ERR,ERR,ERR,ERR,ERR,ERR,ERR,ERR,ERR,ERR,ERR,ERR,ERR,ERR,ERR,ERR,ERR,ERR,ERR,ERR,ERR,ERR,ERR,ERR,ERR,ERR,ERR,ERR,ERR,ERR,ERR,ERR,ERR,ERR,ERR,ERR,ERR,ERR,ERR,ERR,ERR,ERR,ERR,ERR,ERR,ERR,ERR,ERR,ERR,ERR,ERR,ERR,ERR,ERR,ERR,ERR,ERR,ERR,ERR,ERR,ERR,ERR,ERR,ERR,ERR,ERR,ERR,ERR,ERR,ERR,ERR,ERR,ERR,ERR,ERR,ERR,ERR,ERR,ERR,ERR,ERR,ERR,ERR,ERR,ERR,ERR,ERR,ERR,ERR,ERR,ERR,ERR,ERR,ERR,ERR,ERR,ERR,ERR,ERR,ERR,ERR,ERR,ERR,ERR,ERR,ERR,ERR,ERR,ERR,ERR,ERR,ERR,ERR,ERR,ERR,ERR,ERR,ERR,ERR,ERR,ERR,ERR,ERR,0.0,-0.0,3.028208139652935e+23,0.0,0.0,1.3936040501711995e+18,7.805,0.0,0,0,4,0,7300,-0.0,0,0.0,0.0,0.0,0.0,0.0,0,0,0,0,0.0,0,0,0,0,0,0,0,0,0,0,0,0,0,0,0,0,0,0,0,0,0,0,0,0,0,0,0,0,0,0,0,0,0,32,30,30,62,65476,0,300,0,0,8,21553,0.0,-107605600.0,0.0,0.0,0.0,0.0,0.0,0.0,0.0,0.0,0.0,0.0,0.0,0.0,0.0,0.0,0.0,0.0,0.0,0.0,0.0,0.0,2.004,-2.004,2.004,2.004,0.0,0.0,0.0,0.0,5618.0,0.0,6918.0,0.0,-0.0,-0.0,0.0,0.0,0.0,0.0,0.0,63,-4.9504266636054534e+32,0.059,0.0,0.0,0.0,0.0,0.0,0.0,0.0,0,0,0,0.0,0.0,0.0,0.0,0.0,0.0,0.0,0.0,0.0,0.0,0.0,0.0,0.0,0.0,0.0,0.0,0,-107875648.0,63,0.0,126,2.7184242562605685e+23,2.842318642297501e+23,ERR,ERR,ERR,ERR,ERR,ERR,ERR,ERR,ERR,ERR,ERR,ERR,ERR,ERR,ERR,ERR,ERR,ERR,ERR,ERR,ERR,ERR,ERR,ERR,ERR,ERR,ERR,ERR,ERR,ERR,ERR,ERR,ERR,ERR,ERR,ERR,ERR,ERR,ERR,ERR,ERR,ERR,ERR,ERR,ERR,ERR,ERR,ERR,ERR,ERR,ERR,ERR,ERR,ERR,ERR,ERR,ERR,ERR,ERR,ERR,ERR,ERR,ERR,ERR,ERR,ERR,ERR,34.0,80.0,35,0.0,0.0,0.0,0.0,0.0,0.0,0.0,0.0,0.0,0.0,0.0,0.0,0.0,0.0,0.0,0.0,64.4,0,116,56,49,65476,0,300,0,0,8,20529,65476,0,0,57672,80.0,0.0,0.0,0.0,0.0,0.0
2026-06-17T04:53:07,ERR,ERR,ERR,ERR,ERR,ERR,ERR,ERR,ERR,ERR,ERR,ERR,ERR,ERR,ERR,ERR,ERR,ERR,ERR,ERR,ERR,ERR,ERR,ERR,ERR,ERR,ERR,ERR,ERR,ERR,ERR,ERR,ERR,ERR,ERR,ERR,ERR,ERR,ERR,ERR,ERR,ERR,ERR,ERR,ERR,ERR,ERR,ERR,ERR,ERR,ERR,ERR,ERR,ERR,ERR,ERR,ERR,ERR,ERR,ERR,ERR,ERR,ERR,ERR,ERR,ERR,ERR,ERR,ERR,ERR,ERR,ERR,ERR,ERR,ERR,ERR,ERR,ERR,ERR,ERR,ERR,ERR,ERR,ERR,ERR,ERR,ERR,ERR,ERR,ERR,ERR,ERR,ERR,ERR,ERR,ERR,ERR,ERR,ERR,ERR,ERR,ERR,ERR,ERR,ERR,ERR,ERR,ERR,ERR,ERR,ERR,ERR,ERR,ERR,ERR,ERR,ERR,ERR,ERR,ERR,ERR,ERR,ERR,ERR,ERR,0.0,-0.0,3.028208139652935e+23,0.0,0.0,1.3936040501711995e+18,7.805,0.0,0,0,4,0,7300,-0.0,0,0.0,0.0,0.0,0.0,0.0,0,0,0,0,0.0,0,0,0,0,0,0,0,0,0,0,0,0,0,0,0,0,0,0,0,0,0,0,0,0,0,0,0,0,0,0,0,0,0,32,30,30,62,65476,0,300,0,0,8,21553,0.0,-107605600.0,0.0,0.0,0.0,0.0,0.0,0.0,0.0,0.0,0.0,0.0,0.0,0.0,0.0,0.0,0.0,0.0,0.0,0.0,0.0,0.0,2.004,-2.004,2.004,2.004,0.0,0.0,0.0,0.0,5618.0,0.0,6918.0,0.0,-0.0,-0.0,0.0,0.0,0.0,0.0,0.0,63,-4.9504266636054534e+32,0.059,0.0,0.0,0.0,0.0,0.0,0.0,0.0,0,0,0,0.0,0.0,0.0,0.0,0.0,0.0,0.0,0.0,0.0,0.0,0.0,0.0,0.0,0.0,0.0,0.0,0,-107875648.0,63,0.0,126,2.7184242562605685e+23,2.842318642297501e+23,ERR,ERR,ERR,ERR,ERR,ERR,ERR,ERR,ERR,ERR,ERR,ERR,ERR,ERR,ERR,ERR,ERR,ERR,ERR,ERR,ERR,ERR,ERR,ERR,ERR,ERR,ERR,ERR,ERR,ERR,ERR,ERR,ERR,ERR,ERR,ERR,ERR,ERR,ERR,ERR,ERR,ERR,ERR,ERR,ERR,ERR,ERR,ERR,ERR,ERR,ERR,ERR,ERR,ERR,ERR,ERR,ERR,ERR,ERR,ERR,ERR,ERR,ERR,ERR,ERR,ERR,ERR,34.0,80.0,35,0.0,0.0,0.0,0.0,0.0,0.0,0.0,0.0,0.0,0.0,0.0,0.0,0.0,0.0,0.0,0.0,64.4,0,116,56,49,65476,0,300,0,0,8,20529,65476,0,0,57672,80.0,0.0,0.0,0.0,0.0,0.0
2026-06-17T04:53:08,ERR,ERR,ERR,ERR,ERR,ERR,ERR,ERR,ERR,ERR,ERR,ERR,ERR,ERR,ERR,ERR,ERR,ERR,ERR,ERR,ERR,ERR,ERR,ERR,ERR,ERR,ERR,ERR,ERR,ERR,ERR,ERR,ERR,ERR,ERR,ERR,ERR,ERR,ERR,ERR,ERR,ERR,ERR,ERR,ERR,ERR,ERR,ERR,ERR,ERR,ERR,ERR,ERR,ERR,ERR,ERR,ERR,ERR,ERR,ERR,ERR,ERR,ERR,ERR,ERR,ERR,ERR,ERR,ERR,ERR,ERR,ERR,ERR,ERR,ERR,ERR,ERR,ERR,ERR,ERR,ERR,ERR,ERR,ERR,ERR,ERR,ERR,ERR,ERR,ERR,ERR,ERR,ERR,ERR,ERR,ERR,ERR,ERR,ERR,ERR,ERR,ERR,ERR,ERR,ERR,ERR,ERR,ERR,ERR,ERR,ERR,ERR,ERR,ERR,ERR,ERR,ERR,ERR,ERR,ERR,ERR,ERR,ERR,ERR,ERR,0.0,-0.0,3.028208139652935e+23,0.0,0.0,1.3936040501711995e+18,7.805,0.0,0,0,4,0,7300,-0.0,0,0.0,0.0,0.0,0.0,0.0,0,0,0,0,0.0,0,0,0,0,0,0,0,0,0,0,0,0,0,0,0,0,0,0,0,0,0,0,0,0,0,0,0,0,0,0,0,0,0,32,30,30,62,65476,0,300,0,0,8,21553,0.0,-107605600.0,0.0,0.0,0.0,0.0,0.0,0.0,0.0,0.0,0.0,0.0,0.0,0.0,0.0,0.0,0.0,0.0,0.0,0.0,0.0,0.0,2.004,-2.004,2.004,2.004,0.0,0.0,0.0,0.0,5618.0,0.0,6918.0,0.0,-0.0,-0.0,0.0,0.0,0.0,0.0,0.0,63,-4.9504266636054534e+32,0.059,0.0,0.0,0.0,0.0,0.0,0.0,0.0,0,0,0,0.0,0.0,0.0,0.0,0.0,0.0,0.0,0.0,0.0,0.0,0.0,0.0,0.0,0.0,0.0,0.0,0,-107875648.0,63,0.0,126,2.7184242562605685e+23,2.842318642297501e+23,ERR,ERR,ERR,ERR,ERR,ERR,ERR,ERR,ERR,ERR,ERR,ERR,ERR,ERR,ERR,ERR,ERR,ERR,ERR,ERR,ERR,ERR,ERR,ERR,ERR,ERR,ERR,ERR,ERR,ERR,ERR,ERR,ERR,ERR,ERR,ERR,ERR,ERR,ERR,ERR,ERR,ERR,ERR,ERR,ERR,ERR,ERR,ERR,ERR,ERR,ERR,ERR,ERR,ERR,ERR,ERR,ERR,ERR,ERR,ERR,ERR,ERR,ERR,ERR,ERR,ERR,ERR,34.0,80.0,35,0.0,0.0,0.0,0.0,0.0,0.0,0.0,0.0,0.0,0.0,0.0,0.0,0.0,0.0,0.0,0.0,64.8,0,116,56,49,65476,0,300,0,0,8,20529,65476,0,0,57672,80.0,0.0,0.0,0.0,0.0,0.0
2026-06-17T04:53:09,ERR,ERR,ERR,ERR,ERR,ERR,ERR,ERR,ERR,ERR,ERR,ERR,ERR,ERR,ERR,ERR,ERR,ERR,ERR,ERR,ERR,ERR,ERR,ERR,ERR,ERR,ERR,ERR,ERR,ERR,ERR,ERR,ERR,ERR,ERR,ERR,ERR,ERR,ERR,ERR,ERR,ERR,ERR,ERR,ERR,ERR,ERR,ERR,ERR,ERR,ERR,ERR,ERR,ERR,ERR,ERR,ERR,ERR,ERR,ERR,ERR,ERR,ERR,ERR,ERR,ERR,ERR,ERR,ERR,ERR,ERR,ERR,ERR,ERR,ERR,ERR,ERR,ERR,ERR,ERR,ERR,ERR,ERR,ERR,ERR,ERR,ERR,ERR,ERR,ERR,ERR,ERR,ERR,ERR,ERR,ERR,ERR,ERR,ERR,ERR,ERR,ERR,ERR,ERR,ERR,ERR,ERR,ERR,ERR,ERR,ERR,ERR,ERR,ERR,ERR,ERR,ERR,ERR,ERR,ERR,ERR,ERR,ERR,ERR,ERR,0.0,-0.0,3.028208139652935e+23,0.0,0.0,1.3936040501711995e+18,7.805,0.0,0,0,4,0,7300,-0.0,0,0.0,0.0,0.0,0.0,0.0,0,0,0,0,0.0,0,0,0,0,0,0,0,0,0,0,0,0,0,0,0,0,0,0,0,0,0,0,0,0,0,0,0,0,0,0,0,0,0,32,30,30,62,65476,0,300,0,0,8,21553,0.0,-107605600.0,0.0,0.0,0.0,0.0,0.0,0.0,0.0,0.0,0.0,0.0,0.0,0.0,0.0,0.0,0.0,0.0,0.0,0.0,0.0,0.0,2.004,-2.004,2.004,2.004,0.0,0.0,0.0,0.0,5618.0,0.0,6918.0,0.0,-0.0,-0.0,0.0,0.0,0.0,0.0,0.0,63,-4.9504266636054534e+32,0.059,0.0,0.0,0.0,0.0,0.0,0.0,0.0,0,0,0,0.0,0.0,0.0,0.0,0.0,0.0,0.0,0.0,0.0,0.0,0.0,0.0,0.0,0.0,0.0,0.0,0,-107875648.0,63,0.0,126,2.7184242562605685e+23,2.842318642297501e+23,ERR,ERR,ERR,ERR,ERR,ERR,ERR,ERR,ERR,ERR,ERR,ERR,ERR,ERR,ERR,ERR,ERR,ERR,ERR,ERR,ERR,ERR,ERR,ERR,ERR,ERR,ERR,ERR,ERR,ERR,ERR,ERR,ERR,ERR,ERR,ERR,ERR,ERR,ERR,ERR,ERR,ERR,ERR,ERR,ERR,ERR,ERR,ERR,ERR,ERR,ERR,ERR,ERR,ERR,ERR,ERR,ERR,ERR,ERR,ERR,ERR,ERR,ERR,ERR,ERR,ERR,ERR,34.0,80.0,35,0.0,0.0,0.0,0.0,0.0,0.0,0.0,0.0,0.0,0.0,0.0,0.0,0.0,0.0,0.0,0.0,64.8,0,116,56,49,65476,0,300,0,0,8,20529,65476,0,0,57672,80.0,0.0,0.0,0.0,0.0,0.0
2026-06-17T04:53:10,ERR,ERR,ERR,ERR,ERR,ERR,ERR,ERR,ERR,ERR,ERR,ERR,ERR,ERR,ERR,ERR,ERR,ERR,ERR,ERR,ERR,ERR,ERR,ERR,ERR,ERR,ERR,ERR,ERR,ERR,ERR,ERR,ERR,ERR,ERR,ERR,ERR,ERR,ERR,ERR,ERR,ERR,ERR,ERR,ERR,ERR,ERR,ERR,ERR,ERR,ERR,ERR,ERR,ERR,ERR,ERR,ERR,ERR,ERR,ERR,ERR,ERR,ERR,ERR,ERR,ERR,ERR,ERR,ERR,ERR,ERR,ERR,ERR,ERR,ERR,ERR,ERR,ERR,ERR,ERR,ERR,ERR,ERR,ERR,ERR,ERR,ERR,ERR,ERR,ERR,ERR,ERR,ERR,ERR,ERR,ERR,ERR,ERR,ERR,ERR,ERR,ERR,ERR,ERR,ERR,ERR,ERR,ERR,ERR,ERR,ERR,ERR,ERR,ERR,ERR,ERR,ERR,ERR,ERR,ERR,ERR,ERR,ERR,ERR,ERR,0.0,-0.0,3.028208139652935e+23,0.0,0.0,1.3936040501711995e+18,7.805,0.0,0,0,4,0,7300,-0.0,0,0.0,0.0,0.0,0.0,0.0,0,0,0,0,0.0,0,0,0,0,0,0,0,0,0,0,0,0,0,0,0,0,0,0,0,0,0,0,0,0,0,0,0,0,0,0,0,0,0,32,30,30,62,65476,0,300,0,0,8,21553,0.0,-107605600.0,0.0,0.0,0.0,0.0,0.0,0.0,0.0,0.0,0.0,0.0,0.0,0.0,0.0,0.0,0.0,0.0,0.0,0.0,0.0,0.0,2.004,-2.004,2.004,2.004,0.0,0.0,0.0,0.0,5619.0,8608201728.0,6922.0,0.0,-0.0,-0.0,0.0,0.0,0.0,0.0,0.0,63,-5.8480814323122084e+35,2.7184217342447772e+23,0.0,0.0,0.0,0.0,0.0,0.0,0.0,0,0,0,0.0,0.0,0.0,0.0,0.0,0.0,0.0,0.0,0.0,0.0,0.0,0.0,0.0,0.0,0.0,0.0,0,-107875648.0,63,0.0,126,2.7184242562605685e+23,2.842318642297501e+23,ERR,ERR,ERR,ERR,ERR,ERR,ERR,ERR,ERR,ERR,ERR,ERR,ERR,ERR,ERR,ERR,ERR,ERR,ERR,ERR,ERR,ERR,ERR,ERR,ERR,ERR,ERR,ERR,ERR,ERR,ERR,ERR,ERR,ERR,ERR,ERR,ERR,ERR,ERR,ERR,ERR,ERR,ERR,ERR,ERR,ERR,ERR,ERR,ERR,ERR,ERR,ERR,ERR,ERR,ERR,ERR,ERR,ERR,ERR,ERR,ERR,ERR,ERR,ERR,ERR,ERR,ERR,34.0,80.0,35,0.0,0.0,0.0,0.0,0.0,0.0,0.0,0.0,0.0,0.0,0.0,0.0,0.0,0.0,0.0,0.0,64.4,0,116,56,49,65476,0,300,0,0,8,20529,65476,0,0,57672,80.0,0.0,0.0,0.0,0.0,0.0
2026-06-17T04:53:11,ERR,ERR,ERR,ERR,ERR,ERR,ERR,ERR,ERR,ERR,ERR,ERR,ERR,ERR,ERR,ERR,ERR,ERR,ERR,ERR,ERR,ERR,ERR,ERR,ERR,ERR,ERR,ERR,ERR,ERR,ERR,ERR,ERR,ERR,ERR,ERR,ERR,ERR,ERR,ERR,ERR,ERR,ERR,ERR,ERR,ERR,ERR,ERR,ERR,ERR,ERR,ERR,ERR,ERR,ERR,ERR,ERR,ERR,ERR,ERR,ERR,ERR,ERR,ERR,ERR,ERR,ERR,ERR,ERR,ERR,ERR,ERR,ERR,ERR,ERR,ERR,ERR,ERR,ERR,ERR,ERR,ERR,ERR,ERR,ERR,ERR,ERR,ERR,ERR,ERR,ERR,ERR,ERR,ERR,ERR,ERR,ERR,ERR,ERR,ERR,ERR,ERR,ERR,ERR,ERR,ERR,ERR,ERR,ERR,ERR,ERR,ERR,ERR,ERR,ERR,ERR,ERR,ERR,ERR,ERR,ERR,ERR,ERR,ERR,ERR,0.0,-0.0,3.028208139652935e+23,0.0,0.0,1.3936040501711995e+18,7.805,0.0,0,0,4,0,7300,-0.0,0,0.0,0.0,0.0,0.0,0.0,0,0,0,0,0.0,0,0,0,0,0,0,0,0,0,0,0,0,0,0,0,0,0,0,0,0,0,0,0,0,0,0,0,0,0,0,0,0,0,32,30,30,62,65476,0,300,0,0,8,21553,0.0,-107605600.0,0.0,0.0,0.0,0.0,0.0,0.0,0.0,0.0,0.0,0.0,0.0,0.0,0.0,0.0,0.0,0.0,0.0,0.0,0.0,0.0,2.004,-2.004,2.004,2.004,0.0,0.0,0.0,0.0,5619.0,8608201728.0,6922.0,0.0,-0.0,-0.0,0.0,0.0,0.0,0.0,0.0,63,-5.8480814323122084e+35,2.7184217342447772e+23,0.0,0.0,0.0,0.0,0.0,0.0,0.0,0,0,0,0.0,0.0,0.0,0.0,0.0,0.0,0.0,0.0,0.0,0.0,0.0,0.0,0.0,0.0,0.0,0.0,0,-107875648.0,63,0.0,126,2.7184242562605685e+23,2.842318642297501e+23,ERR,ERR,ERR,ERR,ERR,ERR,ERR,ERR,ERR,ERR,ERR,ERR,ERR,ERR,ERR,ERR,ERR,ERR,ERR,ERR,ERR,ERR,ERR,ERR,ERR,ERR,ERR,ERR,ERR,ERR,ERR,ERR,ERR,ERR,ERR,ERR,ERR,ERR,ERR,ERR,ERR,ERR,ERR,ERR,ERR,ERR,ERR,ERR,ERR,ERR,ERR,ERR,ERR,ERR,ERR,ERR,ERR,ERR,ERR,ERR,ERR,ERR,ERR,ERR,ERR,ERR,ERR,34.0,80.0,35,0.0,0.0,0.0,0.0,0.0,0.0,0.0,0.0,0.0,0.0,0.0,0.0,0.0,0.0,0.0,0.0,64.4,0,116,56,49,65476,0,300,0,0,8,20529,65476,0,0,57672,80.0,0.0,0.0,0.0,0.0,0.0
2026-06-17T04:53:12,ERR,ERR,ERR,ERR,ERR,ERR,ERR,ERR,ERR,ERR,ERR,ERR,ERR,ERR,ERR,ERR,ERR,ERR,ERR,ERR,ERR,ERR,ERR,ERR,ERR,ERR,ERR,ERR,ERR,ERR,ERR,ERR,ERR,ERR,ERR,ERR,ERR,ERR,ERR,ERR,ERR,ERR,ERR,ERR,ERR,ERR,ERR,ERR,ERR,ERR,ERR,ERR,ERR,ERR,ERR,ERR,ERR,ERR,ERR,ERR,ERR,ERR,ERR,ERR,ERR,ERR,ERR,ERR,ERR,ERR,ERR,ERR,ERR,ERR,ERR,ERR,ERR,ERR,ERR,ERR,ERR,ERR,ERR,ERR,ERR,ERR,ERR,ERR,ERR,ERR,ERR,ERR,ERR,ERR,ERR,ERR,ERR,ERR,ERR,ERR,ERR,ERR,ERR,ERR,ERR,ERR,ERR,ERR,ERR,ERR,ERR,ERR,ERR,ERR,ERR,ERR,ERR,ERR,ERR,ERR,ERR,ERR,ERR,ERR,ERR,0.0,-0.0,3.028208139652935e+23,0.0,0.0,1.3936040501711995e+18,7.805,0.0,0,0,4,0,7300,-0.0,0,0.0,0.0,0.0,0.0,0.0,0,0,0,0,0.0,0,0,0,0,0,0,0,0,0,0,0,0,0,0,0,0,0,0,0,0,0,0,0,0,0,0,0,0,0,0,0,0,0,32,30,30,62,65476,0,300,0,0,8,21553,0.0,-107605600.0,0.0,0.0,0.0,0.0,0.0,0.0,0.0,0.0,0.0,0.0,0.0,0.0,0.0,0.0,0.0,0.0,0.0,0.0,0.0,0.0,2.004,-2.004,2.004,2.004,0.0,0.0,0.0,0.0,5619.0,8608201728.0,6922.0,0.0,-0.0,-0.0,0.0,0.0,0.0,0.0,0.0,63,-5.8480814323122084e+35,2.7184217342447772e+23,0.0,0.0,0.0,0.0,0.0,0.0,0.0,0,0,0,0.0,0.0,0.0,0.0,0.0,0.0,0.0,0.0,0.0,0.0,0.0,0.0,0.0,0.0,0.0,0.0,0,-107875648.0,63,0.0,126,2.7184242562605685e+23,2.842318642297501e+23,ERR,ERR,ERR,ERR,ERR,ERR,ERR,ERR,ERR,ERR,ERR,ERR,ERR,ERR,ERR,ERR,ERR,ERR,ERR,ERR,ERR,ERR,ERR,ERR,ERR,ERR,ERR,ERR,ERR,ERR,ERR,ERR,ERR,ERR,ERR,ERR,ERR,ERR,ERR,ERR,ERR,ERR,ERR,ERR,ERR,ERR,ERR,ERR,ERR,ERR,ERR,ERR,ERR,ERR,ERR,ERR,ERR,ERR,ERR,ERR,ERR,ERR,ERR,ERR,ERR,ERR,ERR,34.0,80.0,35,0.0,0.0,0.0,0.0,0.0,0.0,0.0,0.0,0.0,0.0,0.0,0.0,0.0,0.0,0.0,0.0,64.4,0,116,56,49,65476,0,300,0,0,8,20529,65476,0,0,57672,80.0,0.0,0.0,0.0,0.0,0.0
2026-06-17T04:53:13,ERR,ERR,ERR,ERR,ERR,ERR,ERR,ERR,ERR,ERR,ERR,ERR,ERR,ERR,ERR,ERR,ERR,ERR,ERR,ERR,ERR,ERR,ERR,ERR,ERR,ERR,ERR,ERR,ERR,ERR,ERR,ERR,ERR,ERR,ERR,ERR,ERR,ERR,ERR,ERR,ERR,ERR,ERR,ERR,ERR,ERR,ERR,ERR,ERR,ERR,ERR,ERR,ERR,ERR,ERR,ERR,ERR,ERR,ERR,ERR,ERR,ERR,ERR,ERR,ERR,ERR,ERR,ERR,ERR,ERR,ERR,ERR,ERR,ERR,ERR,ERR,ERR,ERR,ERR,ERR,ERR,ERR,ERR,ERR,ERR,ERR,ERR,ERR,ERR,ERR,ERR,ERR,ERR,ERR,ERR,ERR,ERR,ERR,ERR,ERR,ERR,ERR,ERR,ERR,ERR,ERR,ERR,ERR,ERR,ERR,ERR,ERR,ERR,ERR,ERR,ERR,ERR,ERR,ERR,ERR,ERR,ERR,ERR,ERR,ERR,0.0,-0.0,3.028208139652935e+23,0.0,0.0,1.3936040501711995e+18,7.805,0.0,0,0,4,0,7300,-0.0,0,0.0,0.0,0.0,0.0,0.0,0,0,0,0,0.0,0,0,0,0,0,0,0,0,0,0,0,0,0,0,0,0,0,0,0,0,0,0,0,0,0,0,0,0,0,0,0,0,0,32,30,30,62,65476,0,300,0,0,8,21553,0.0,-107605600.0,0.0,0.0,0.0,0.0,0.0,0.0,0.0,0.0,0.0,0.0,0.0,0.0,0.0,0.0,0.0,0.0,0.0,0.0,0.0,0.0,2.004,-2.004,2.004,2.004,0.0,0.0,0.0,0.0,5619.0,8608201728.0,6922.0,0.0,-0.0,-0.0,0.0,0.0,0.0,0.0,0.0,63,-5.8480814323122084e+35,2.7184217342447772e+23,0.0,0.0,0.0,0.0,0.0,0.0,0.0,0,0,0,0.0,0.0,0.0,0.0,0.0,0.0,0.0,0.0,0.0,0.0,0.0,0.0,0.0,0.0,0.0,0.0,0,-107875648.0,63,0.0,126,2.7184242562605685e+23,2.842318642297501e+23,ERR,ERR,ERR,ERR,ERR,ERR,ERR,ERR,ERR,ERR,ERR,ERR,ERR,ERR,ERR,ERR,ERR,ERR,ERR,ERR,ERR,ERR,ERR,ERR,ERR,ERR,ERR,ERR,ERR,ERR,ERR,ERR,ERR,ERR,ERR,ERR,ERR,ERR,ERR,ERR,ERR,ERR,ERR,ERR,ERR,ERR,ERR,ERR,ERR,ERR,ERR,ERR,ERR,ERR,ERR,ERR,ERR,ERR,ERR,ERR,ERR,ERR,ERR,ERR,ERR,ERR,ERR,34.0,80.0,35,0.0,0.0,0.0,0.0,0.0,0.0,0.0,0.0,0.0,0.0,0.0,0.0,0.0,0.0,0.0,0.0,64.4,0,116,56,49,65476,0,300,0,0,8,20529,65476,0,0,57672,80.0,0.0,0.0,0.0,0.0,0.0
2026-06-17T04:53:14,ERR,ERR,ERR,ERR,ERR,ERR,ERR,ERR,ERR,ERR,ERR,ERR,ERR,ERR,ERR,ERR,ERR,ERR,ERR,ERR,ERR,ERR,ERR,ERR,ERR,ERR,ERR,ERR,ERR,ERR,ERR,ERR,ERR,ERR,ERR,ERR,ERR,ERR,ERR,ERR,ERR,ERR,ERR,ERR,ERR,ERR,ERR,ERR,ERR,ERR,ERR,ERR,ERR,ERR,ERR,ERR,ERR,ERR,ERR,ERR,ERR,ERR,ERR,ERR,ERR,ERR,ERR,ERR,ERR,ERR,ERR,ERR,ERR,ERR,ERR,ERR,ERR,ERR,ERR,ERR,ERR,ERR,ERR,ERR,ERR,ERR,ERR,ERR,ERR,ERR,ERR,ERR,ERR,ERR,ERR,ERR,ERR,ERR,ERR,ERR,ERR,ERR,ERR,ERR,ERR,ERR,ERR,ERR,ERR,ERR,ERR,ERR,ERR,ERR,ERR,ERR,ERR,ERR,ERR,ERR,ERR,ERR,ERR,ERR,ERR,0.0,-0.0,3.028208139652935e+23,0.0,0.0,1.3936040501711995e+18,7.805,0.0,0,0,4,0,7300,-0.0,0,0.0,0.0,0.0,0.0,0.0,0,0,0,0,0.0,0,0,0,0,0,0,0,0,0,0,0,0,0,0,0,0,0,0,0,0,0,0,0,0,0,0,0,0,0,0,0,0,0,32,30,30,62,65476,0,300,0,0,8,21553,0.0,-107605600.0,0.0,0.0,0.0,0.0,0.0,0.0,0.0,0.0,0.0,0.0,0.0,0.0,0.0,0.0,0.0,0.0,0.0,0.0,0.0,0.0,2.004,-2.004,2.004,2.004,0.0,0.0,0.0,0.0,5619.0,8608201728.0,6922.0,0.0,-0.0,-0.0,0.0,0.0,0.0,0.0,0.0,63,-5.8480814323122084e+35,2.7184217342447772e+23,0.0,0.0,0.0,0.0,0.0,0.0,0.0,0,0,0,0.0,0.0,0.0,0.0,0.0,0.0,0.0,0.0,0.0,0.0,0.0,0.0,0.0,0.0,0.0,0.0,0,-107875648.0,63,0.0,126,2.7184242562605685e+23,2.842318642297501e+23,ERR,ERR,ERR,ERR,ERR,ERR,ERR,ERR,ERR,ERR,ERR,ERR,ERR,ERR,ERR,ERR,ERR,ERR,ERR,ERR,ERR,ERR,ERR,ERR,ERR,ERR,ERR,ERR,ERR,ERR,ERR,ERR,ERR,ERR,ERR,ERR,ERR,ERR,ERR,ERR,ERR,ERR,ERR,ERR,ERR,ERR,ERR,ERR,ERR,ERR,ERR,ERR,ERR,ERR,ERR,ERR,ERR,ERR,ERR,ERR,ERR,ERR,ERR,ERR,ERR,ERR,ERR,34.0,80.0,35,0.0,0.0,0.0,0.0,0.0,0.0,0.0,0.0,0.0,0.0,0.0,0.0,0.0,0.0,0.0,0.0,64.4,0,116,56,49,65476,0,300,0,0,8,20529,65476,0,0,57672,80.0,0.0,0.0,0.0,0.0,0.0
2026-06-17T04:53:15,ERR,ERR,ERR,ERR,ERR,ERR,ERR,ERR,ERR,ERR,ERR,ERR,ERR,ERR,ERR,ERR,ERR,ERR,ERR,ERR,ERR,ERR,ERR,ERR,ERR,ERR,ERR,ERR,ERR,ERR,ERR,ERR,ERR,ERR,ERR,ERR,ERR,ERR,ERR,ERR,ERR,ERR,ERR,ERR,ERR,ERR,ERR,ERR,ERR,ERR,ERR,ERR,ERR,ERR,ERR,ERR,ERR,ERR,ERR,ERR,ERR,ERR,ERR,ERR,ERR,ERR,ERR,ERR,ERR,ERR,ERR,ERR,ERR,ERR,ERR,ERR,ERR,ERR,ERR,ERR,ERR,ERR,ERR,ERR,ERR,ERR,ERR,ERR,ERR,ERR,ERR,ERR,ERR,ERR,ERR,ERR,ERR,ERR,ERR,ERR,ERR,ERR,ERR,ERR,ERR,ERR,ERR,ERR,ERR,ERR,ERR,ERR,ERR,ERR,ERR,ERR,ERR,ERR,ERR,ERR,ERR,ERR,ERR,ERR,ERR,0.0,-0.0,-0.0,0.0,0.0,1.3936040501711995e+18,7.805,0.0,0,0,4,0,7300,-0.0,0,0.0,0.0,0.0,0.0,0.0,0,0,0,0,0.0,0,0,0,0,0,0,0,0,0,0,0,0,0,0,0,0,0,0,0,0,0,0,0,0,0,0,0,0,0,0,0,0,0,32,30,30,62,65476,0,300,0,0,8,21553,0.0,-107605600.0,0.0,0.0,0.0,0.0,0.0,0.0,0.0,0.0,0.0,0.0,0.0,0.0,0.0,0.0,0.0,0.0,0.0,0.0,0.0,0.0,2.004,-2.004,2.004,2.004,0.0,0.0,0.0,0.0,5586.0,-1.587932753218144e+29,6942.0,0.0,-0.0,-0.0,0.0,0.0,0.0,0.0,0.0,63,-4.9504266636054534e+32,-3.2220112527460416e+26,0.0,0.0,0.0,0.0,0.0,0.0,0.0,0,0,0,0.0,0.0,0.0,0.0,0.0,0.0,0.0,0.0,0.0,0.0,0.0,0.0,0.0,0.0,0.0,0.0,0,-107875648.0,63,0.0,126,2.7184242562605685e+23,2.842318642297501e+23,ERR,ERR,ERR,ERR,ERR,ERR,ERR,ERR,ERR,ERR,ERR,ERR,ERR,ERR,ERR,ERR,ERR,ERR,ERR,ERR,ERR,ERR,ERR,ERR,ERR,ERR,ERR,ERR,ERR,ERR,ERR,ERR,ERR,ERR,ERR,ERR,ERR,ERR,ERR,ERR,ERR,ERR,ERR,ERR,ERR,ERR,ERR,ERR,ERR,ERR,ERR,ERR,ERR,ERR,ERR,ERR,ERR,ERR,ERR,ERR,ERR,ERR,ERR,ERR,ERR,ERR,ERR,34.0,80.0,35,0.0,0.0,0.0,0.0,0.0,0.0,0.0,0.0,0.0,0.0,0.0,0.0,0.0,0.0,0.0,0.0,64.4,0,116,56,49,65476,0,300,0,0,8,20529,65476,0,0,57672,80.0,0.0,0.0,0.0,0.0,0.0
2026-06-17T04:53:16,ERR,ERR,ERR,ERR,ERR,ERR,ERR,ERR,ERR,ERR,ERR,ERR,ERR,ERR,ERR,ERR,ERR,ERR,ERR,ERR,ERR,ERR,ERR,ERR,ERR,ERR,ERR,ERR,ERR,ERR,ERR,ERR,ERR,ERR,ERR,ERR,ERR,ERR,ERR,ERR,ERR,ERR,ERR,ERR,ERR,ERR,ERR,ERR,ERR,ERR,ERR,ERR,ERR,ERR,ERR,ERR,ERR,ERR,ERR,ERR,ERR,ERR,ERR,ERR,ERR,ERR,ERR,ERR,ERR,ERR,ERR,ERR,ERR,ERR,ERR,ERR,ERR,ERR,ERR,ERR,ERR,ERR,ERR,ERR,ERR,ERR,ERR,ERR,ERR,ERR,ERR,ERR,ERR,ERR,ERR,ERR,ERR,ERR,ERR,ERR,ERR,ERR,ERR,ERR,ERR,ERR,ERR,ERR,ERR,ERR,ERR,ERR,ERR,ERR,ERR,ERR,ERR,ERR,ERR,ERR,ERR,ERR,ERR,ERR,ERR,0.0,-0.0,-0.0,0.0,0.0,1.3936040501711995e+18,7.805,0.0,0,0,4,0,7300,-0.0,0,0.0,0.0,0.0,0.0,0.0,0,0,0,0,0.0,0,0,0,0,0,0,0,0,0,0,0,0,0,0,0,0,0,0,0,0,0,0,0,0,0,0,0,0,0,0,0,0,0,32,30,30,62,65476,0,300,0,0,8,21553,0.0,-107605600.0,0.0,0.0,0.0,0.0,0.0,0.0,0.0,0.0,0.0,0.0,0.0,0.0,0.0,0.0,0.0,0.0,0.0,0.0,0.0,0.0,2.004,-2.004,2.004,2.004,0.0,0.0,0.0,0.0,5586.0,-1.587932753218144e+29,6942.0,0.0,-0.0,-0.0,0.0,0.0,0.0,0.0,0.0,63,-4.9504266636054534e+32,-3.2220112527460416e+26,0.0,0.0,0.0,0.0,0.0,0.0,0.0,0,0,0,0.0,0.0,0.0,0.0,0.0,0.0,0.0,0.0,0.0,0.0,0.0,0.0,0.0,0.0,0.0,0.0,0,-107875648.0,63,0.0,126,2.7184242562605685e+23,2.842318642297501e+23,ERR,ERR,ERR,ERR,ERR,ERR,ERR,ERR,ERR,ERR,ERR,ERR,ERR,ERR,ERR,ERR,ERR,ERR,ERR,ERR,ERR,ERR,ERR,ERR,ERR,ERR,ERR,ERR,ERR,ERR,ERR,ERR,ERR,ERR,ERR,ERR,ERR,ERR,ERR,ERR,ERR,ERR,ERR,ERR,ERR,ERR,ERR,ERR,ERR,ERR,ERR,ERR,ERR,ERR,ERR,ERR,ERR,ERR,ERR,ERR,ERR,ERR,ERR,ERR,ERR,ERR,ERR,34.0,80.0,35,0.0,0.0,0.0,0.0,0.0,0.0,0.0,0.0,0.0,0.0,0.0,0.0,0.0,0.0,0.0,0.0,64.8,0,116,56,49,65476,0,300,0,0,8,20529,65476,0,0,57672,80.0,0.0,0.0,0.0,0.0,0.0
2026-06-17T04:53:17,ERR,ERR,ERR,ERR,ERR,ERR,ERR,ERR,ERR,ERR,ERR,ERR,ERR,ERR,ERR,ERR,ERR,ERR,ERR,ERR,ERR,ERR,ERR,ERR,ERR,ERR,ERR,ERR,ERR,ERR,ERR,ERR,ERR,ERR,ERR,ERR,ERR,ERR,ERR,ERR,ERR,ERR,ERR,ERR,ERR,ERR,ERR,ERR,ERR,ERR,ERR,ERR,ERR,ERR,ERR,ERR,ERR,ERR,ERR,ERR,ERR,ERR,ERR,ERR,ERR,ERR,ERR,ERR,ERR,ERR,ERR,ERR,ERR,ERR,ERR,ERR,ERR,ERR,ERR,ERR,ERR,ERR,ERR,ERR,ERR,ERR,ERR,ERR,ERR,ERR,ERR,ERR,ERR,ERR,ERR,ERR,ERR,ERR,ERR,ERR,ERR,ERR,ERR,ERR,ERR,ERR,ERR,ERR,ERR,ERR,ERR,ERR,ERR,ERR,ERR,ERR,ERR,ERR,ERR,ERR,ERR,ERR,ERR,ERR,ERR,0.0,-0.0,-0.0,0.0,0.0,1.3936040501711995e+18,7.805,0.0,0,0,4,0,7300,-0.0,0,0.0,0.0,0.0,0.0,0.0,0,0,0,0,0.0,0,0,0,0,0,0,0,0,0,0,0,0,0,0,0,0,0,0,0,0,0,0,0,0,0,0,0,0,0,0,0,0,0,32,30,30,62,65476,0,300,0,0,8,21553,0.0,-107605600.0,0.0,0.0,0.0,0.0,0.0,0.0,0.0,0.0,0.0,0.0,0.0,0.0,0.0,0.0,0.0,0.0,0.0,0.0,0.0,0.0,2.004,-2.004,2.004,2.004,0.0,0.0,0.0,0.0,5586.0,-1.587932753218144e+29,6942.0,0.0,-0.0,-0.0,0.0,0.0,0.0,0.0,0.0,63,-4.9504266636054534e+32,-3.2220112527460416e+26,0.0,0.0,0.0,0.0,0.0,0.0,0.0,0,0,0,0.0,0.0,0.0,0.0,0.0,0.0,0.0,0.0,0.0,0.0,0.0,0.0,0.0,0.0,0.0,0.0,0,-107875648.0,63,0.0,126,2.7184242562605685e+23,2.842318642297501e+23,ERR,ERR,ERR,ERR,ERR,ERR,ERR,ERR,ERR,ERR,ERR,ERR,ERR,ERR,ERR,ERR,ERR,ERR,ERR,ERR,ERR,ERR,ERR,ERR,ERR,ERR,ERR,ERR,ERR,ERR,ERR,ERR,ERR,ERR,ERR,ERR,ERR,ERR,ERR,ERR,ERR,ERR,ERR,ERR,ERR,ERR,ERR,ERR,ERR,ERR,ERR,ERR,ERR,ERR,ERR,ERR,ERR,ERR,ERR,ERR,ERR,ERR,ERR,ERR,ERR,ERR,ERR,34.0,80.0,35,0.0,0.0,0.0,0.0,0.0,0.0,0.0,0.0,0.0,0.0,0.0,0.0,0.0,0.0,0.0,0.0,64.4,0,116,56,49,65476,0,300,0,0,8,20529,65476,0,0,57672,80.0,0.0,0.0,0.0,0.0,0.0
2026-06-17T04:53:18,ERR,ERR,ERR,ERR,ERR,ERR,ERR,ERR,ERR,ERR,ERR,ERR,ERR,ERR,ERR,ERR,ERR,ERR,ERR,ERR,ERR,ERR,ERR,ERR,ERR,ERR,ERR,ERR,ERR,ERR,ERR,ERR,ERR,ERR,ERR,ERR,ERR,ERR,ERR,ERR,ERR,ERR,ERR,ERR,ERR,ERR,ERR,ERR,ERR,ERR,ERR,ERR,ERR,ERR,ERR,ERR,ERR,ERR,ERR,ERR,ERR,ERR,ERR,ERR,ERR,ERR,ERR,ERR,ERR,ERR,ERR,ERR,ERR,ERR,ERR,ERR,ERR,ERR,ERR,ERR,ERR,ERR,ERR,ERR,ERR,ERR,ERR,ERR,ERR,ERR,ERR,ERR,ERR,ERR,ERR,ERR,ERR,ERR,ERR,ERR,ERR,ERR,ERR,ERR,ERR,ERR,ERR,ERR,ERR,ERR,ERR,ERR,ERR,ERR,ERR,ERR,ERR,ERR,ERR,ERR,ERR,ERR,ERR,ERR,ERR,0.0,-0.0,-0.0,0.0,0.0,1.3936040501711995e+18,7.805,0.0,0,0,4,0,7300,-0.0,0,0.0,0.0,0.0,0.0,0.0,0,0,0,0,0.0,0,0,0,0,0,0,0,0,0,0,0,0,0,0,0,0,0,0,0,0,0,0,0,0,0,0,0,0,0,0,0,0,0,32,30,30,62,65476,0,300,0,0,8,21553,0.0,-107605600.0,0.0,0.0,0.0,0.0,0.0,0.0,0.0,0.0,0.0,0.0,0.0,0.0,0.0,0.0,0.0,0.0,0.0,0.0,0.0,0.0,2.004,-2.004,2.004,2.004,0.0,0.0,0.0,0.0,5586.0,-1.587932753218144e+29,6942.0,0.0,-0.0,-0.0,0.0,0.0,0.0,0.0,0.0,63,-4.9504266636054534e+32,-3.2220112527460416e+26,0.0,0.0,0.0,0.0,0.0,0.0,0.0,0,0,0,0.0,0.0,0.0,0.0,0.0,0.0,0.0,0.0,0.0,0.0,0.0,0.0,0.0,0.0,0.0,0.0,0,-107875648.0,63,0.0,126,2.7184242562605685e+23,2.842318642297501e+23,ERR,ERR,ERR,ERR,ERR,ERR,ERR,ERR,ERR,ERR,ERR,ERR,ERR,ERR,ERR,ERR,ERR,ERR,ERR,ERR,ERR,ERR,ERR,ERR,ERR,ERR,ERR,ERR,ERR,ERR,ERR,ERR,ERR,ERR,ERR,ERR,ERR,ERR,ERR,ERR,ERR,ERR,ERR,ERR,ERR,ERR,ERR,ERR,ERR,ERR,ERR,ERR,ERR,ERR,ERR,ERR,ERR,ERR,ERR,ERR,ERR,ERR,ERR,ERR,ERR,ERR,ERR,34.0,80.0,35,0.0,0.0,0.0,0.0,0.0,0.0,0.0,0.0,0.0,0.0,0.0,0.0,0.0,0.0,0.0,0.0,64.4,0,116,56,49,65476,0,300,0,0,8,20529,65476,0,0,57672,80.0,0.0,0.0,0.0,0.0,0.0
2026-06-17T04:53:19,ERR,ERR,ERR,ERR,ERR,ERR,ERR,ERR,ERR,ERR,ERR,ERR,ERR,ERR,ERR,ERR,ERR,ERR,ERR,ERR,ERR,ERR,ERR,ERR,ERR,ERR,ERR,ERR,ERR,ERR,ERR,ERR,ERR,ERR,ERR,ERR,ERR,ERR,ERR,ERR,ERR,ERR,ERR,ERR,ERR,ERR,ERR,ERR,ERR,ERR,ERR,ERR,ERR,ERR,ERR,ERR,ERR,ERR,ERR,ERR,ERR,ERR,ERR,ERR,ERR,ERR,ERR,ERR,ERR,ERR,ERR,ERR,ERR,ERR,ERR,ERR,ERR,ERR,ERR,ERR,ERR,ERR,ERR,ERR,ERR,ERR,ERR,ERR,ERR,ERR,ERR,ERR,ERR,ERR,ERR,ERR,ERR,ERR,ERR,ERR,ERR,ERR,ERR,ERR,ERR,ERR,ERR,ERR,ERR,ERR,ERR,ERR,ERR,ERR,ERR,ERR,ERR,ERR,ERR,ERR,ERR,ERR,ERR,ERR,ERR,0.0,-0.0,-0.0,0.0,0.0,1.3936040501711995e+18,7.805,0.0,0,0,4,0,7300,-0.0,0,0.0,0.0,0.0,0.0,0.0,0,0,0,0,0.0,0,0,0,0,0,0,0,0,0,0,0,0,0,0,0,0,0,0,0,0,0,0,0,0,0,0,0,0,0,0,0,0,0,32,30,30,62,65476,0,300,0,0,8,21553,0.0,-107605600.0,0.0,0.0,0.0,0.0,0.0,0.0,0.0,0.0,0.0,0.0,0.0,0.0,0.0,0.0,0.0,0.0,0.0,0.0,0.0,0.0,2.004,-2.004,2.004,2.004,0.0,0.0,0.0,0.0,5586.0,-1.587932753218144e+29,6942.0,0.0,-0.0,-0.0,0.0,0.0,0.0,0.0,0.0,63,-4.9504266636054534e+32,-3.2220112527460416e+26,0.0,0.0,0.0,0.0,0.0,0.0,0.0,0,0,0,0.0,0.0,0.0,0.0,0.0,0.0,0.0,0.0,0.0,0.0,0.0,0.0,0.0,0.0,0.0,0.0,0,-107875648.0,63,0.0,126,2.7184242562605685e+23,2.842318642297501e+23,ERR,ERR,ERR,ERR,ERR,ERR,ERR,ERR,ERR,ERR,ERR,ERR,ERR,ERR,ERR,ERR,ERR,ERR,ERR,ERR,ERR,ERR,ERR,ERR,ERR,ERR,ERR,ERR,ERR,ERR,ERR,ERR,ERR,ERR,ERR,ERR,ERR,ERR,ERR,ERR,ERR,ERR,ERR,ERR,ERR,ERR,ERR,ERR,ERR,ERR,ERR,ERR,ERR,ERR,ERR,ERR,ERR,ERR,ERR,ERR,ERR,ERR,ERR,ERR,ERR,ERR,ERR,34.0,80.0,35,0.0,0.0,0.0,0.0,0.0,0.0,0.0,0.0,0.0,0.0,0.0,0.0,0.0,0.0,0.0,0.0,64.4,0,116,56,49,65476,0,300,0,0,8,20529,65476,0,0,57672,80.0,0.0,0.0,0.0,0.0,0.0
2026-06-17T04:53:20,ERR,ERR,ERR,ERR,ERR,ERR,ERR,ERR,ERR,ERR,ERR,ERR,ERR,ERR,ERR,ERR,ERR,ERR,ERR,ERR,ERR,ERR,ERR,ERR,ERR,ERR,ERR,ERR,ERR,ERR,ERR,ERR,ERR,ERR,ERR,ERR,ERR,ERR,ERR,ERR,ERR,ERR,ERR,ERR,ERR,ERR,ERR,ERR,ERR,ERR,ERR,ERR,ERR,ERR,ERR,ERR,ERR,ERR,ERR,ERR,ERR,ERR,ERR,ERR,ERR,ERR,ERR,ERR,ERR,ERR,ERR,ERR,ERR,ERR,ERR,ERR,ERR,ERR,ERR,ERR,ERR,ERR,ERR,ERR,ERR,ERR,ERR,ERR,ERR,ERR,ERR,ERR,ERR,ERR,ERR,ERR,ERR,ERR,ERR,ERR,ERR,ERR,ERR,ERR,ERR,ERR,ERR,ERR,ERR,ERR,ERR,ERR,ERR,ERR,ERR,ERR,ERR,ERR,ERR,ERR,ERR,ERR,ERR,ERR,ERR,0.0,-0.0,-0.0,0.0,0.0,1.3936040501711995e+18,7.805,0.0,0,0,4,0,7300,-0.0,0,0.0,0.0,0.0,0.0,0.0,0,0,0,0,0.0,0,0,0,0,0,0,0,0,0,0,0,0,0,0,0,0,0,0,0,0,0,0,0,0,0,0,0,0,0,0,0,0,0,32,30,30,62,65476,0,300,0,0,8,21553,0.0,-107605600.0,0.0,0.0,0.0,0.0,0.0,0.0,0.0,0.0,0.0,0.0,0.0,0.0,0.0,0.0,0.0,0.0,0.0,0.0,0.0,0.0,2.004,-2.004,2.004,2.004,0.0,0.0,0.0,0.0,5586.0,-1.587932753218144e+29,6942.0,0.0,-0.0,-0.0,0.0,0.0,0.0,0.0,0.0,63,-4.9504266636054534e+32,-3.2220112527460416e+26,0.0,0.0,0.0,0.0,0.0,0.0,0.0,0,0,0,0.0,0.0,0.0,0.0,0.0,0.0,0.0,0.0,0.0,0.0,0.0,0.0,0.0,0.0,0.0,0.0,0,-107875648.0,63,0.0,126,2.7184242562605685e+23,2.842318642297501e+23,ERR,ERR,ERR,ERR,ERR,ERR,ERR,ERR,ERR,ERR,ERR,ERR,ERR,ERR,ERR,ERR,ERR,ERR,ERR,ERR,ERR,ERR,ERR,ERR,ERR,ERR,ERR,ERR,ERR,ERR,ERR,ERR,ERR,ERR,ERR,ERR,ERR,ERR,ERR,ERR,ERR,ERR,ERR,ERR,ERR,ERR,ERR,ERR,ERR,ERR,ERR,ERR,ERR,ERR,ERR,ERR,ERR,ERR,ERR,ERR,ERR,ERR,ERR,ERR,ERR,ERR,ERR,34.0,80.0,35,0.0,0.0,0.0,0.0,0.0,0.0,0.0,0.0,0.0,0.0,0.0,0.0,0.0,0.0,0.0,0.0,64.4,0,116,56,49,65476,0,300,0,0,8,20529,65476,0,0,57672,80.0,0.0,0.0,0.0,0.0,0.0
2026-06-17T04:53:21,ERR,ERR,ERR,ERR,ERR,ERR,ERR,ERR,ERR,ERR,ERR,ERR,ERR,ERR,ERR,ERR,ERR,ERR,ERR,ERR,ERR,ERR,ERR,ERR,ERR,ERR,ERR,ERR,ERR,ERR,ERR,ERR,ERR,ERR,ERR,ERR,ERR,ERR,ERR,ERR,ERR,ERR,ERR,ERR,ERR,ERR,ERR,ERR,ERR,ERR,ERR,ERR,ERR,ERR,ERR,ERR,ERR,ERR,ERR,ERR,ERR,ERR,ERR,ERR,ERR,ERR,ERR,ERR,ERR,ERR,ERR,ERR,ERR,ERR,ERR,ERR,ERR,ERR,ERR,ERR,ERR,ERR,ERR,ERR,ERR,ERR,ERR,ERR,ERR,ERR,ERR,ERR,ERR,ERR,ERR,ERR,ERR,ERR,ERR,ERR,ERR,ERR,ERR,ERR,ERR,ERR,ERR,ERR,ERR,ERR,ERR,ERR,ERR,ERR,ERR,ERR,ERR,ERR,ERR,ERR,ERR,ERR,ERR,ERR,ERR,0.0,-0.0,-0.0,0.0,0.0,1.3936040501711995e+18,7.805,0.0,0,0,4,0,7300,-0.0,0,0.0,0.0,0.0,0.0,0.0,0,0,0,0,0.0,0,0,0,0,0,0,0,0,0,0,0,0,0,0,0,0,0,0,0,0,0,0,0,0,0,0,0,0,0,0,0,0,0,32,30,30,62,65476,0,300,0,0,8,21553,0.0,-107605600.0,0.0,0.0,0.0,0.0,0.0,0.0,0.0,0.0,0.0,0.0,0.0,0.0,0.0,0.0,0.0,0.0,0.0,0.0,0.0,0.0,-0.0,-2.004,2.004,2.004,0.0,0.0,0.0,0.0,5587.0,-0.0,6935.0,0.0,-0.0,-0.0,0.0,0.0,0.0,0.0,0.0,63,-4.9504266636054534e+32,-0.0,0.0,0.0,0.0,0.0,0.0,0.0,0.0,0,0,0,0.0,0.0,0.0,0.0,0.0,0.0,0.0,0.0,0.0,0.0,0.0,0.0,0.0,0.0,0.0,0.0,0,-107875648.0,63,0.0,126,2.7184242562605685e+23,2.842318642297501e+23,ERR,ERR,ERR,ERR,ERR,ERR,ERR,ERR,ERR,ERR,ERR,ERR,ERR,ERR,ERR,ERR,ERR,ERR,ERR,ERR,ERR,ERR,ERR,ERR,ERR,ERR,ERR,ERR,ERR,ERR,ERR,ERR,ERR,ERR,ERR,ERR,ERR,ERR,ERR,ERR,ERR,ERR,ERR,ERR,ERR,ERR,ERR,ERR,ERR,ERR,ERR,ERR,ERR,ERR,ERR,ERR,ERR,ERR,ERR,ERR,ERR,ERR,ERR,ERR,ERR,ERR,ERR,34.0,80.0,35,0.0,0.0,0.0,0.0,0.0,0.0,0.0,0.0,0.0,0.0,0.0,0.0,0.0,0.0,0.0,0.0,64.8,0,116,56,49,65476,0,300,0,0,8,20529,65476,0,0,57672,80.0,0.0,0.0,0.0,0.0,0.0
2026-06-17T04:53:22,ERR,ERR,ERR,ERR,ERR,ERR,ERR,ERR,ERR,ERR,ERR,ERR,ERR,ERR,ERR,ERR,ERR,ERR,ERR,ERR,ERR,ERR,ERR,ERR,ERR,ERR,ERR,ERR,ERR,ERR,ERR,ERR,ERR,ERR,ERR,ERR,ERR,ERR,ERR,ERR,ERR,ERR,ERR,ERR,ERR,ERR,ERR,ERR,ERR,ERR,ERR,ERR,ERR,ERR,ERR,ERR,ERR,ERR,ERR,ERR,ERR,ERR,ERR,ERR,ERR,ERR,ERR,ERR,ERR,ERR,ERR,ERR,ERR,ERR,ERR,ERR,ERR,ERR,ERR,ERR,ERR,ERR,ERR,ERR,ERR,ERR,ERR,ERR,ERR,ERR,ERR,ERR,ERR,ERR,ERR,ERR,ERR,ERR,ERR,ERR,ERR,ERR,ERR,ERR,ERR,ERR,ERR,ERR,ERR,ERR,ERR,ERR,ERR,ERR,ERR,ERR,ERR,ERR,ERR,ERR,ERR,ERR,ERR,ERR,ERR,0.0,-0.0,-0.0,0.0,0.0,1.3936040501711995e+18,7.805,0.0,0,0,4,0,7300,-0.0,0,0.0,0.0,0.0,0.0,0.0,0,0,0,0,0.0,0,0,0,0,0,0,0,0,0,0,0,0,0,0,0,0,0,0,0,0,0,0,0,0,0,0,0,0,0,0,0,0,0,32,30,30,62,65476,0,300,0,0,8,21553,0.0,-107605600.0,0.0,0.0,0.0,0.0,0.0,0.0,0.0,0.0,0.0,0.0,0.0,0.0,0.0,0.0,0.0,0.0,0.0,0.0,0.0,0.0,-0.0,-2.004,2.004,2.004,0.0,0.0,0.0,0.0,5587.0,-0.0,6935.0,0.0,-0.0,-0.0,0.0,0.0,0.0,0.0,0.0,63,-4.9504266636054534e+32,-0.0,0.0,0.0,0.0,0.0,0.0,0.0,0.0,0,0,0,0.0,0.0,0.0,0.0,0.0,0.0,0.0,0.0,0.0,0.0,0.0,0.0,0.0,0.0,0.0,0.0,0,-107875648.0,63,0.0,126,2.7184242562605685e+23,2.842318642297501e+23,ERR,ERR,ERR,ERR,ERR,ERR,ERR,ERR,ERR,ERR,ERR,ERR,ERR,ERR,ERR,ERR,ERR,ERR,ERR,ERR,ERR,ERR,ERR,ERR,ERR,ERR,ERR,ERR,ERR,ERR,ERR,ERR,ERR,ERR,ERR,ERR,ERR,ERR,ERR,ERR,ERR,ERR,ERR,ERR,ERR,ERR,ERR,ERR,ERR,ERR,ERR,ERR,ERR,ERR,ERR,ERR,ERR,ERR,ERR,ERR,ERR,ERR,ERR,ERR,ERR,ERR,ERR,34.0,80.0,35,0.0,0.0,0.0,0.0,0.0,0.0,0.0,0.0,0.0,0.0,0.0,0.0,0.0,0.0,0.0,0.0,64.8,0,116,56,49,65476,0,300,0,0,8,20529,65476,0,0,57672,80.0,0.0,0.0,0.0,0.0,0.0
2026-06-17T04:53:23,ERR,ERR,ERR,ERR,ERR,ERR,ERR,ERR,ERR,ERR,ERR,ERR,ERR,ERR,ERR,ERR,ERR,ERR,ERR,ERR,ERR,ERR,ERR,ERR,ERR,ERR,ERR,ERR,ERR,ERR,ERR,ERR,ERR,ERR,ERR,ERR,ERR,ERR,ERR,ERR,ERR,ERR,ERR,ERR,ERR,ERR,ERR,ERR,ERR,ERR,ERR,ERR,ERR,ERR,ERR,ERR,ERR,ERR,ERR,ERR,ERR,ERR,ERR,ERR,ERR,ERR,ERR,ERR,ERR,ERR,ERR,ERR,ERR,ERR,ERR,ERR,ERR,ERR,ERR,ERR,ERR,ERR,ERR,ERR,ERR,ERR,ERR,ERR,ERR,ERR,ERR,ERR,ERR,ERR,ERR,ERR,ERR,ERR,ERR,ERR,ERR,ERR,ERR,ERR,ERR,ERR,ERR,ERR,ERR,ERR,ERR,ERR,ERR,ERR,ERR,ERR,ERR,ERR,ERR,ERR,ERR,ERR,ERR,ERR,ERR,0.0,-0.0,-0.0,0.0,0.0,1.3936040501711995e+18,7.805,0.0,0,0,4,0,7300,-0.0,0,0.0,0.0,0.0,0.0,0.0,0,0,0,0,0.0,0,0,0,0,0,0,0,0,0,0,0,0,0,0,0,0,0,0,0,0,0,0,0,0,0,0,0,0,0,0,0,0,0,32,30,30,62,65476,0,300,0,0,8,21553,0.0,-107605600.0,0.0,0.0,0.0,0.0,0.0,0.0,0.0,0.0,0.0,0.0,0.0,0.0,0.0,0.0,0.0,0.0,0.0,0.0,0.0,0.0,-0.0,-2.004,2.004,2.004,0.0,0.0,0.0,0.0,5587.0,-0.0,6935.0,0.0,-0.0,-0.0,0.0,0.0,0.0,0.0,0.0,63,-4.9504266636054534e+32,-0.0,0.0,0.0,0.0,0.0,0.0,0.0,0.0,0,0,0,0.0,0.0,0.0,0.0,0.0,0.0,0.0,0.0,0.0,0.0,0.0,0.0,0.0,0.0,0.0,0.0,0,-107875648.0,63,0.0,126,2.7184242562605685e+23,2.842318642297501e+23,ERR,ERR,ERR,ERR,ERR,ERR,ERR,ERR,ERR,ERR,ERR,ERR,ERR,ERR,ERR,ERR,ERR,ERR,ERR,ERR,ERR,ERR,ERR,ERR,ERR,ERR,ERR,ERR,ERR,ERR,ERR,ERR,ERR,ERR,ERR,ERR,ERR,ERR,ERR,ERR,ERR,ERR,ERR,ERR,ERR,ERR,ERR,ERR,ERR,ERR,ERR,ERR,ERR,ERR,ERR,ERR,ERR,ERR,ERR,ERR,ERR,ERR,ERR,ERR,ERR,ERR,ERR,34.0,80.0,35,0.0,0.0,0.0,0.0,0.0,0.0,0.0,0.0,0.0,0.0,0.0,0.0,0.0,0.0,0.0,0.0,64.4,0,116,56,49,65476,0,300,0,0,8,20529,65476,0,0,57672,80.0,0.0,0.0,0.0,0.0,0.0
2026-06-17T04:53:24,ERR,ERR,ERR,ERR,ERR,ERR,ERR,ERR,ERR,ERR,ERR,ERR,ERR,ERR,ERR,ERR,ERR,ERR,ERR,ERR,ERR,ERR,ERR,ERR,ERR,ERR,ERR,ERR,ERR,ERR,ERR,ERR,ERR,ERR,ERR,ERR,ERR,ERR,ERR,ERR,ERR,ERR,ERR,ERR,ERR,ERR,ERR,ERR,ERR,ERR,ERR,ERR,ERR,ERR,ERR,ERR,ERR,ERR,ERR,ERR,ERR,ERR,ERR,ERR,ERR,ERR,ERR,ERR,ERR,ERR,ERR,ERR,ERR,ERR,ERR,ERR,ERR,ERR,ERR,ERR,ERR,ERR,ERR,ERR,ERR,ERR,ERR,ERR,ERR,ERR,ERR,ERR,ERR,ERR,ERR,ERR,ERR,ERR,ERR,ERR,ERR,ERR,ERR,ERR,ERR,ERR,ERR,ERR,ERR,ERR,ERR,ERR,ERR,ERR,ERR,ERR,ERR,ERR,ERR,ERR,ERR,ERR,ERR,ERR,ERR,0.0,-0.0,-0.0,0.0,0.0,1.3936040501711995e+18,7.805,0.0,0,0,4,0,7300,-0.0,0,0.0,0.0,0.0,0.0,0.0,0,0,0,0,0.0,0,0,0,0,0,0,0,0,0,0,0,0,0,0,0,0,0,0,0,0,0,0,0,0,0,0,0,0,0,0,0,0,0,32,30,30,62,65476,0,300,0,0,8,21553,0.0,-107605600.0,0.0,0.0,0.0,0.0,0.0,0.0,0.0,0.0,0.0,0.0,0.0,0.0,0.0,0.0,0.0,0.0,0.0,0.0,0.0,0.0,-0.0,-2.004,2.004,2.004,0.0,0.0,0.0,0.0,5587.0,-0.0,6935.0,0.0,-0.0,-0.0,0.0,0.0,0.0,0.0,0.0,63,-4.9504266636054534e+32,-0.0,0.0,0.0,0.0,0.0,0.0,0.0,0.0,0,0,0,0.0,0.0,0.0,0.0,0.0,0.0,0.0,0.0,0.0,0.0,0.0,0.0,0.0,0.0,0.0,0.0,0,-107875648.0,63,0.0,126,2.7184242562605685e+23,2.842318642297501e+23,ERR,ERR,ERR,ERR,ERR,ERR,ERR,ERR,ERR,ERR,ERR,ERR,ERR,ERR,ERR,ERR,ERR,ERR,ERR,ERR,ERR,ERR,ERR,ERR,ERR,ERR,ERR,ERR,ERR,ERR,ERR,ERR,ERR,ERR,ERR,ERR,ERR,ERR,ERR,ERR,ERR,ERR,ERR,ERR,ERR,ERR,ERR,ERR,ERR,ERR,ERR,ERR,ERR,ERR,ERR,ERR,ERR,ERR,ERR,ERR,ERR,ERR,ERR,ERR,ERR,ERR,ERR,34.0,80.0,35,0.0,0.0,0.0,0.0,0.0,0.0,0.0,0.0,0.0,0.0,0.0,0.0,0.0,0.0,0.0,0.0,64.8,0,116,56,49,65476,0,300,0,0,8,20529,65476,0,0,57672,80.0,0.0,0.0,0.0,0.0,0.0
2026-06-17T04:53:25,ERR,ERR,ERR,ERR,ERR,ERR,ERR,ERR,ERR,ERR,ERR,ERR,ERR,ERR,ERR,ERR,ERR,ERR,ERR,ERR,ERR,ERR,ERR,ERR,ERR,ERR,ERR,ERR,ERR,ERR,ERR,ERR,ERR,ERR,ERR,ERR,ERR,ERR,ERR,ERR,ERR,ERR,ERR,ERR,ERR,ERR,ERR,ERR,ERR,ERR,ERR,ERR,ERR,ERR,ERR,ERR,ERR,ERR,ERR,ERR,ERR,ERR,ERR,ERR,ERR,ERR,ERR,ERR,ERR,ERR,ERR,ERR,ERR,ERR,ERR,ERR,ERR,ERR,ERR,ERR,ERR,ERR,ERR,ERR,ERR,ERR,ERR,ERR,ERR,ERR,ERR,ERR,ERR,ERR,ERR,ERR,ERR,ERR,ERR,ERR,ERR,ERR,ERR,ERR,ERR,ERR,ERR,ERR,ERR,ERR,ERR,ERR,ERR,ERR,ERR,ERR,ERR,ERR,ERR,ERR,ERR,ERR,ERR,ERR,ERR,0.0,-0.0,-0.0,0.0,0.0,1.3936040501711995e+18,7.805,0.0,0,0,4,0,7300,-0.0,0,0.0,0.0,0.0,0.0,0.0,0,0,0,0,0.0,0,0,0,0,0,0,0,0,0,0,0,0,0,0,0,0,0,0,0,0,0,0,0,0,0,0,0,0,0,0,0,0,0,32,30,30,62,65476,0,300,0,0,8,21553,0.0,-107605600.0,0.0,0.0,0.0,0.0,0.0,0.0,0.0,0.0,0.0,0.0,0.0,0.0,0.0,0.0,0.0,0.0,0.0,0.0,0.0,0.0,-0.0,-2.004,2.004,2.004,0.0,0.0,0.0,0.0,5587.0,-0.0,6935.0,0.0,-0.0,-0.0,0.0,0.0,0.0,0.0,0.0,63,-4.9504266636054534e+32,-0.0,0.0,0.0,0.0,0.0,0.0,0.0,0.0,0,0,0,0.0,0.0,0.0,0.0,0.0,0.0,0.0,0.0,0.0,0.0,0.0,0.0,0.0,0.0,0.0,0.0,0,-107875648.0,63,0.0,126,2.7184242562605685e+23,2.842318642297501e+23,ERR,ERR,ERR,ERR,ERR,ERR,ERR,ERR,ERR,ERR,ERR,ERR,ERR,ERR,ERR,ERR,ERR,ERR,ERR,ERR,ERR,ERR,ERR,ERR,ERR,ERR,ERR,ERR,ERR,ERR,ERR,ERR,ERR,ERR,ERR,ERR,ERR,ERR,ERR,ERR,ERR,ERR,ERR,ERR,ERR,ERR,ERR,ERR,ERR,ERR,ERR,ERR,ERR,ERR,ERR,ERR,ERR,ERR,ERR,ERR,ERR,ERR,ERR,ERR,ERR,ERR,ERR,34.0,80.0,35,0.0,0.0,0.0,0.0,0.0,0.0,0.0,0.0,0.0,0.0,0.0,0.0,0.0,0.0,0.0,0.0,64.8,0,116,56,49,65476,0,300,0,0,8,20529,65476,0,0,57672,80.0,0.0,0.0,0.0,0.0,0.0
2026-06-17T04:53:26,ERR,ERR,ERR,ERR,ERR,ERR,ERR,ERR,ERR,ERR,ERR,ERR,ERR,ERR,ERR,ERR,ERR,ERR,ERR,ERR,ERR,ERR,ERR,ERR,ERR,ERR,ERR,ERR,ERR,ERR,ERR,ERR,ERR,ERR,ERR,ERR,ERR,ERR,ERR,ERR,ERR,ERR,ERR,ERR,ERR,ERR,ERR,ERR,ERR,ERR,ERR,ERR,ERR,ERR,ERR,ERR,ERR,ERR,ERR,ERR,ERR,ERR,ERR,ERR,ERR,ERR,ERR,ERR,ERR,ERR,ERR,ERR,ERR,ERR,ERR,ERR,ERR,ERR,ERR,ERR,ERR,ERR,ERR,ERR,ERR,ERR,ERR,ERR,ERR,ERR,ERR,ERR,ERR,ERR,ERR,ERR,ERR,ERR,ERR,ERR,ERR,ERR,ERR,ERR,ERR,ERR,ERR,ERR,ERR,ERR,ERR,ERR,ERR,ERR,ERR,ERR,ERR,ERR,ERR,ERR,ERR,ERR,ERR,ERR,ERR,0.0,-0.0,3.028208139652935e+23,0.0,0.0,1.3936040501711995e+18,7.805,0.0,0,0,4,0,7300,-0.0,0,0.0,0.0,0.0,0.0,0.0,0,0,0,0,0.0,0,0,0,0,0,0,0,0,0,0,0,0,0,0,0,0,0,0,0,0,0,0,0,0,0,0,0,0,0,0,0,0,0,32,30,30,62,65476,0,300,0,0,8,21553,0.0,-107605600.0,0.0,0.0,0.0,0.0,0.0,0.0,0.0,0.0,0.0,0.0,0.0,0.0,0.0,0.0,0.0,0.0,0.0,0.0,0.0,0.0,2.004,-2.004,2.004,2.004,0.0,0.0,0.0,0.0,5582.0,1.587932753218144e+29,6926.0,0.0,-0.0,-0.0,0.0,0.0,0.0,0.0,0.0,63,-2.3088394862626393e+20,89220.742,0.0,0.0,0.0,0.0,0.0,0.0,0.0,0,0,0,0.0,0.0,0.0,0.0,0.0,0.0,0.0,0.0,0.0,0.0,0.0,0.0,0.0,0.0,0.0,0.0,0,-107875648.0,63,0.0,126,2.7184242562605685e+23,2.842318642297501e+23,ERR,ERR,ERR,ERR,ERR,ERR,ERR,ERR,ERR,ERR,ERR,ERR,ERR,ERR,ERR,ERR,ERR,ERR,ERR,ERR,ERR,ERR,ERR,ERR,ERR,ERR,ERR,ERR,ERR,ERR,ERR,ERR,ERR,ERR,ERR,ERR,ERR,ERR,ERR,ERR,ERR,ERR,ERR,ERR,ERR,ERR,ERR,ERR,ERR,ERR,ERR,ERR,ERR,ERR,ERR,ERR,ERR,ERR,ERR,ERR,ERR,ERR,ERR,ERR,ERR,ERR,ERR,34.0,80.0,35,0.0,0.0,0.0,0.0,0.0,0.0,0.0,0.0,0.0,0.0,0.0,0.0,0.0,0.0,0.0,0.0,64.4,0,116,56,49,65476,0,300,0,0,8,20529,65476,0,0,57672,80.0,0.0,0.0,0.0,0.0,0.0
2026-06-17T04:53:27,ERR,ERR,ERR,ERR,ERR,ERR,ERR,ERR,ERR,ERR,ERR,ERR,ERR,ERR,ERR,ERR,ERR,ERR,ERR,ERR,ERR,ERR,ERR,ERR,ERR,ERR,ERR,ERR,ERR,ERR,ERR,ERR,ERR,ERR,ERR,ERR,ERR,ERR,ERR,ERR,ERR,ERR,ERR,ERR,ERR,ERR,ERR,ERR,ERR,ERR,ERR,ERR,ERR,ERR,ERR,ERR,ERR,ERR,ERR,ERR,ERR,ERR,ERR,ERR,ERR,ERR,ERR,ERR,ERR,ERR,ERR,ERR,ERR,ERR,ERR,ERR,ERR,ERR,ERR,ERR,ERR,ERR,ERR,ERR,ERR,ERR,ERR,ERR,ERR,ERR,ERR,ERR,ERR,ERR,ERR,ERR,ERR,ERR,ERR,ERR,ERR,ERR,ERR,ERR,ERR,ERR,ERR,ERR,ERR,ERR,ERR,ERR,ERR,ERR,ERR,ERR,ERR,ERR,ERR,ERR,ERR,ERR,ERR,ERR,ERR,0.0,-0.0,3.028208139652935e+23,0.0,0.0,1.3936040501711995e+18,7.805,0.0,0,0,4,0,7300,-0.0,0,0.0,0.0,0.0,0.0,0.0,0,0,0,0,0.0,0,0,0,0,0,0,0,0,0,0,0,0,0,0,0,0,0,0,0,0,0,0,0,0,0,0,0,0,0,0,0,0,0,32,30,30,62,65476,0,300,0,0,8,21553,0.0,-107605600.0,0.0,0.0,0.0,0.0,0.0,0.0,0.0,0.0,0.0,0.0,0.0,0.0,0.0,0.0,0.0,0.0,0.0,0.0,0.0,0.0,2.004,-2.004,2.004,2.004,0.0,0.0,0.0,0.0,5582.0,1.587932753218144e+29,6926.0,0.0,-0.0,-0.0,0.0,0.0,0.0,0.0,0.0,63,-2.3088394862626393e+20,89220.742,0.0,0.0,0.0,0.0,0.0,0.0,0.0,0,0,0,0.0,0.0,0.0,0.0,0.0,0.0,0.0,0.0,0.0,0.0,0.0,0.0,0.0,0.0,0.0,0.0,0,-107875648.0,63,0.0,126,2.7184242562605685e+23,2.842318642297501e+23,ERR,ERR,ERR,ERR,ERR,ERR,ERR,ERR,ERR,ERR,ERR,ERR,ERR,ERR,ERR,ERR,ERR,ERR,ERR,ERR,ERR,ERR,ERR,ERR,ERR,ERR,ERR,ERR,ERR,ERR,ERR,ERR,ERR,ERR,ERR,ERR,ERR,ERR,ERR,ERR,ERR,ERR,ERR,ERR,ERR,ERR,ERR,ERR,ERR,ERR,ERR,ERR,ERR,ERR,ERR,ERR,ERR,ERR,ERR,ERR,ERR,ERR,ERR,ERR,ERR,ERR,ERR,34.0,80.0,35,0.0,0.0,0.0,0.0,0.0,0.0,0.0,0.0,0.0,0.0,0.0,0.0,0.0,0.0,0.0,0.0,64.4,0,116,56,49,65476,0,300,0,0,8,20529,65476,0,0,57672,80.0,0.0,0.0,0.0,0.0,0.0
2026-06-17T04:53:28,ERR,ERR,ERR,ERR,ERR,ERR,ERR,ERR,ERR,ERR,ERR,ERR,ERR,ERR,ERR,ERR,ERR,ERR,ERR,ERR,ERR,ERR,ERR,ERR,ERR,ERR,ERR,ERR,ERR,ERR,ERR,ERR,ERR,ERR,ERR,ERR,ERR,ERR,ERR,ERR,ERR,ERR,ERR,ERR,ERR,ERR,ERR,ERR,ERR,ERR,ERR,ERR,ERR,ERR,ERR,ERR,ERR,ERR,ERR,ERR,ERR,ERR,ERR,ERR,ERR,ERR,ERR,ERR,ERR,ERR,ERR,ERR,ERR,ERR,ERR,ERR,ERR,ERR,ERR,ERR,ERR,ERR,ERR,ERR,ERR,ERR,ERR,ERR,ERR,ERR,ERR,ERR,ERR,ERR,ERR,ERR,ERR,ERR,ERR,ERR,ERR,ERR,ERR,ERR,ERR,ERR,ERR,ERR,ERR,ERR,ERR,ERR,ERR,ERR,ERR,ERR,ERR,ERR,ERR,ERR,ERR,ERR,ERR,ERR,ERR,0.0,-0.0,3.028208139652935e+23,0.0,0.0,1.3936040501711995e+18,7.805,0.0,0,0,4,0,7300,-0.0,0,0.0,0.0,0.0,0.0,0.0,0,0,0,0,0.0,0,0,0,0,0,0,0,0,0,0,0,0,0,0,0,0,0,0,0,0,0,0,0,0,0,0,0,0,0,0,0,0,0,32,30,30,62,65476,0,300,0,0,8,21553,0.0,-107605600.0,0.0,0.0,0.0,0.0,0.0,0.0,0.0,0.0,0.0,0.0,0.0,0.0,0.0,0.0,0.0,0.0,0.0,0.0,0.0,0.0,2.004,-2.004,2.004,2.004,0.0,0.0,0.0,0.0,5582.0,1.587932753218144e+29,6926.0,0.0,-0.0,-0.0,0.0,0.0,0.0,0.0,0.0,63,-2.3088394862626393e+20,89220.742,0.0,0.0,0.0,0.0,0.0,0.0,0.0,0,0,0,0.0,0.0,0.0,0.0,0.0,0.0,0.0,0.0,0.0,0.0,0.0,0.0,0.0,0.0,0.0,0.0,0,-107875648.0,63,0.0,126,2.7184242562605685e+23,2.842318642297501e+23,ERR,ERR,ERR,ERR,ERR,ERR,ERR,ERR,ERR,ERR,ERR,ERR,ERR,ERR,ERR,ERR,ERR,ERR,ERR,ERR,ERR,ERR,ERR,ERR,ERR,ERR,ERR,ERR,ERR,ERR,ERR,ERR,ERR,ERR,ERR,ERR,ERR,ERR,ERR,ERR,ERR,ERR,ERR,ERR,ERR,ERR,ERR,ERR,ERR,ERR,ERR,ERR,ERR,ERR,ERR,ERR,ERR,ERR,ERR,ERR,ERR,ERR,ERR,ERR,ERR,ERR,ERR,34.0,80.0,35,0.0,0.0,0.0,0.0,0.0,0.0,0.0,0.0,0.0,0.0,0.0,0.0,0.0,0.0,0.0,0.0,64.4,0,116,56,49,65476,0,300,0,0,8,20529,65476,0,0,57672,80.0,0.0,0.0,0.0,0.0,0.0
2026-06-17T04:53:29,ERR,ERR,ERR,ERR,ERR,ERR,ERR,ERR,ERR,ERR,ERR,ERR,ERR,ERR,ERR,ERR,ERR,ERR,ERR,ERR,ERR,ERR,ERR,ERR,ERR,ERR,ERR,ERR,ERR,ERR,ERR,ERR,ERR,ERR,ERR,ERR,ERR,ERR,ERR,ERR,ERR,ERR,ERR,ERR,ERR,ERR,ERR,ERR,ERR,ERR,ERR,ERR,ERR,ERR,ERR,ERR,ERR,ERR,ERR,ERR,ERR,ERR,ERR,ERR,ERR,ERR,ERR,ERR,ERR,ERR,ERR,ERR,ERR,ERR,ERR,ERR,ERR,ERR,ERR,ERR,ERR,ERR,ERR,ERR,ERR,ERR,ERR,ERR,ERR,ERR,ERR,ERR,ERR,ERR,ERR,ERR,ERR,ERR,ERR,ERR,ERR,ERR,ERR,ERR,ERR,ERR,ERR,ERR,ERR,ERR,ERR,ERR,ERR,ERR,ERR,ERR,ERR,ERR,ERR,ERR,ERR,ERR,ERR,ERR,ERR,0.0,-0.0,3.028208139652935e+23,0.0,0.0,1.3936040501711995e+18,7.805,0.0,0,0,4,0,7300,-0.0,0,0.0,0.0,0.0,0.0,0.0,0,0,0,0,0.0,0,0,0,0,0,0,0,0,0,0,0,0,0,0,0,0,0,0,0,0,0,0,0,0,0,0,0,0,0,0,0,0,0,32,30,30,62,65476,0,300,0,0,8,21553,0.0,-107605600.0,0.0,0.0,0.0,0.0,0.0,0.0,0.0,0.0,0.0,0.0,0.0,0.0,0.0,0.0,0.0,0.0,0.0,0.0,0.0,0.0,2.004,-2.004,2.004,2.004,0.0,0.0,0.0,0.0,5582.0,1.587932753218144e+29,6926.0,0.0,-0.0,-0.0,0.0,0.0,0.0,0.0,0.0,63,-2.3088394862626393e+20,89220.742,0.0,0.0,0.0,0.0,0.0,0.0,0.0,0,0,0,0.0,0.0,0.0,0.0,0.0,0.0,0.0,0.0,0.0,0.0,0.0,0.0,0.0,0.0,0.0,0.0,0,-107875648.0,63,0.0,126,2.7184242562605685e+23,2.842318642297501e+23,ERR,ERR,ERR,ERR,ERR,ERR,ERR,ERR,ERR,ERR,ERR,ERR,ERR,ERR,ERR,ERR,ERR,ERR,ERR,ERR,ERR,ERR,ERR,ERR,ERR,ERR,ERR,ERR,ERR,ERR,ERR,ERR,ERR,ERR,ERR,ERR,ERR,ERR,ERR,ERR,ERR,ERR,ERR,ERR,ERR,ERR,ERR,ERR,ERR,ERR,ERR,ERR,ERR,ERR,ERR,ERR,ERR,ERR,ERR,ERR,ERR,ERR,ERR,ERR,ERR,ERR,ERR,34.0,80.0,35,0.0,0.0,0.0,0.0,0.0,0.0,0.0,0.0,0.0,0.0,0.0,0.0,0.0,0.0,0.0,0.0,64.4,0,116,56,49,65476,0,300,0,0,8,20529,65476,0,0,57672,80.0,0.0,0.0,0.0,0.0,0.0
2026-06-17T04:53:30,ERR,ERR,ERR,ERR,ERR,ERR,ERR,ERR,ERR,ERR,ERR,ERR,ERR,ERR,ERR,ERR,ERR,ERR,ERR,ERR,ERR,ERR,ERR,ERR,ERR,ERR,ERR,ERR,ERR,ERR,ERR,ERR,ERR,ERR,ERR,ERR,ERR,ERR,ERR,ERR,ERR,ERR,ERR,ERR,ERR,ERR,ERR,ERR,ERR,ERR,ERR,ERR,ERR,ERR,ERR,ERR,ERR,ERR,ERR,ERR,ERR,ERR,ERR,ERR,ERR,ERR,ERR,ERR,ERR,ERR,ERR,ERR,ERR,ERR,ERR,ERR,ERR,ERR,ERR,ERR,ERR,ERR,ERR,ERR,ERR,ERR,ERR,ERR,ERR,ERR,ERR,ERR,ERR,ERR,ERR,ERR,ERR,ERR,ERR,ERR,ERR,ERR,ERR,ERR,ERR,ERR,ERR,ERR,ERR,ERR,ERR,ERR,ERR,ERR,ERR,ERR,ERR,ERR,ERR,ERR,ERR,ERR,ERR,ERR,ERR,0.0,-0.0,3.028208139652935e+23,0.0,0.0,1.3936040501711995e+18,7.805,0.0,0,0,4,0,7300,-0.0,0,0.0,0.0,0.0,0.0,0.0,0,0,0,0,0.0,0,0,0,0,0,0,0,0,0,0,0,0,0,0,0,0,0,0,0,0,0,0,0,0,0,0,0,0,0,0,0,0,0,32,30,30,62,65476,0,300,0,0,8,21553,0.0,-107605600.0,0.0,0.0,0.0,0.0,0.0,0.0,0.0,0.0,0.0,0.0,0.0,0.0,0.0,0.0,0.0,0.0,0.0,0.0,0.0,0.0,2.004,-2.004,2.004,2.004,0.0,0.0,0.0,0.0,5582.0,1.587932753218144e+29,6926.0,0.0,-0.0,-0.0,0.0,0.0,0.0,0.0,0.0,63,-2.3088394862626393e+20,89220.742,0.0,0.0,0.0,0.0,0.0,0.0,0.0,0,0,0,0.0,0.0,0.0,0.0,0.0,0.0,0.0,0.0,0.0,0.0,0.0,0.0,0.0,0.0,0.0,0.0,0,-107875648.0,63,0.0,126,2.7184242562605685e+23,2.842318642297501e+23,ERR,ERR,ERR,ERR,ERR,ERR,ERR,ERR,ERR,ERR,ERR,ERR,ERR,ERR,ERR,ERR,ERR,ERR,ERR,ERR,ERR,ERR,ERR,ERR,ERR,ERR,ERR,ERR,ERR,ERR,ERR,ERR,ERR,ERR,ERR,ERR,ERR,ERR,ERR,ERR,ERR,ERR,ERR,ERR,ERR,ERR,ERR,ERR,ERR,ERR,ERR,ERR,ERR,ERR,ERR,ERR,ERR,ERR,ERR,ERR,ERR,ERR,ERR,ERR,ERR,ERR,ERR,34.0,80.0,35,0.0,0.0,0.0,0.0,0.0,0.0,0.0,0.0,0.0,0.0,0.0,0.0,0.0,0.0,0.0,0.0,64.4,0,116,56,49,65476,0,300,0,0,8,20529,65476,0,0,57672,80.0,0.0,0.0,0.0,0.0,0.0
2026-06-17T04:53:31,ERR,ERR,ERR,ERR,ERR,ERR,ERR,ERR,ERR,ERR,ERR,ERR,ERR,ERR,ERR,ERR,ERR,ERR,ERR,ERR,ERR,ERR,ERR,ERR,ERR,ERR,ERR,ERR,ERR,ERR,ERR,ERR,ERR,ERR,ERR,ERR,ERR,ERR,ERR,ERR,ERR,ERR,ERR,ERR,ERR,ERR,ERR,ERR,ERR,ERR,ERR,ERR,ERR,ERR,ERR,ERR,ERR,ERR,ERR,ERR,ERR,ERR,ERR,ERR,ERR,ERR,ERR,ERR,ERR,ERR,ERR,ERR,ERR,ERR,ERR,ERR,ERR,ERR,ERR,ERR,ERR,ERR,ERR,ERR,ERR,ERR,ERR,ERR,ERR,ERR,ERR,ERR,ERR,ERR,ERR,ERR,ERR,ERR,ERR,ERR,ERR,ERR,ERR,ERR,ERR,ERR,ERR,ERR,ERR,ERR,ERR,ERR,ERR,ERR,ERR,ERR,ERR,ERR,ERR,ERR,ERR,ERR,ERR,ERR,ERR,0.0,-0.0,3.028208139652935e+23,0.0,0.0,1.3936040501711995e+18,7.805,0.0,0,0,4,0,7300,-0.0,0,0.0,0.0,0.0,0.0,0.0,0,0,0,0,0.0,0,0,0,0,0,0,0,0,0,0,0,0,0,0,0,0,0,0,0,0,0,0,0,0,0,0,0,0,0,0,0,0,0,32,30,30,62,65476,0,300,0,0,8,21553,0.0,-107605600.0,0.0,0.0,0.0,0.0,0.0,0.0,0.0,0.0,0.0,0.0,0.0,0.0,0.0,0.0,0.0,0.0,0.0,0.0,0.0,0.0,2.004,-2.004,2.004,2.004,0.0,0.0,0.0,0.0,5586.0,-0.0,6930.0,0.0,-0.0,-0.0,0.0,0.0,0.0,0.0,0.0,63,-4.9504266636054534e+32,4.0668623471688824e+29,0.0,0.0,0.0,0.0,0.0,0.0,0.0,0,0,0,0.0,0.0,0.0,0.0,0.0,0.0,0.0,0.0,0.0,0.0,0.0,0.0,0.0,0.0,0.0,0.0,0,-107875648.0,63,0.0,126,2.7184242562605685e+23,2.842318642297501e+23,ERR,ERR,ERR,ERR,ERR,ERR,ERR,ERR,ERR,ERR,ERR,ERR,ERR,ERR,ERR,ERR,ERR,ERR,ERR,ERR,ERR,ERR,ERR,ERR,ERR,ERR,ERR,ERR,ERR,ERR,ERR,ERR,ERR,ERR,ERR,ERR,ERR,ERR,ERR,ERR,ERR,ERR,ERR,ERR,ERR,ERR,ERR,ERR,ERR,ERR,ERR,ERR,ERR,ERR,ERR,ERR,ERR,ERR,ERR,ERR,ERR,ERR,ERR,ERR,ERR,ERR,ERR,34.0,80.0,35,0.0,0.0,0.0,0.0,0.0,0.0,0.0,0.0,0.0,0.0,0.0,0.0,0.0,0.0,0.0,0.0,64.4,0,116,56,49,65476,0,300,0,0,8,20529,65476,0,0,57672,80.0,0.0,0.0,0.0,0.0,0.0
2026-06-17T04:53:32,ERR,ERR,ERR,ERR,ERR,ERR,ERR,ERR,ERR,ERR,ERR,ERR,ERR,ERR,ERR,ERR,ERR,ERR,ERR,ERR,ERR,ERR,ERR,ERR,ERR,ERR,ERR,ERR,ERR,ERR,ERR,ERR,ERR,ERR,ERR,ERR,ERR,ERR,ERR,ERR,ERR,ERR,ERR,ERR,ERR,ERR,ERR,ERR,ERR,ERR,ERR,ERR,ERR,ERR,ERR,ERR,ERR,ERR,ERR,ERR,ERR,ERR,ERR,ERR,ERR,ERR,ERR,ERR,ERR,ERR,ERR,ERR,ERR,ERR,ERR,ERR,ERR,ERR,ERR,ERR,ERR,ERR,ERR,ERR,ERR,ERR,ERR,ERR,ERR,ERR,ERR,ERR,ERR,ERR,ERR,ERR,ERR,ERR,ERR,ERR,ERR,ERR,ERR,ERR,ERR,ERR,ERR,ERR,ERR,ERR,ERR,ERR,ERR,ERR,ERR,ERR,ERR,ERR,ERR,ERR,ERR,ERR,ERR,ERR,ERR,0.0,-0.0,3.028208139652935e+23,0.0,0.0,1.3936040501711995e+18,7.805,0.0,0,0,4,0,7300,-0.0,0,0.0,0.0,0.0,0.0,0.0,0,0,0,0,0.0,0,0,0,0,0,0,0,0,0,0,0,0,0,0,0,0,0,0,0,0,0,0,0,0,0,0,0,0,0,0,0,0,0,32,30,30,62,65476,0,300,0,0,8,21553,0.0,-107605600.0,0.0,0.0,0.0,0.0,0.0,0.0,0.0,0.0,0.0,0.0,0.0,0.0,0.0,0.0,0.0,0.0,0.0,0.0,0.0,0.0,2.004,-2.004,2.004,2.004,0.0,0.0,0.0,0.0,5586.0,-0.0,6930.0,0.0,-0.0,-0.0,0.0,0.0,0.0,0.0,0.0,63,-4.9504266636054534e+32,4.0668623471688824e+29,0.0,0.0,0.0,0.0,0.0,0.0,0.0,0,0,0,0.0,0.0,0.0,0.0,0.0,0.0,0.0,0.0,0.0,0.0,0.0,0.0,0.0,0.0,0.0,0.0,0,-107875648.0,63,0.0,126,2.7184242562605685e+23,2.842318642297501e+23,ERR,ERR,ERR,ERR,ERR,ERR,ERR,ERR,ERR,ERR,ERR,ERR,ERR,ERR,ERR,ERR,ERR,ERR,ERR,ERR,ERR,ERR,ERR,ERR,ERR,ERR,ERR,ERR,ERR,ERR,ERR,ERR,ERR,ERR,ERR,ERR,ERR,ERR,ERR,ERR,ERR,ERR,ERR,ERR,ERR,ERR,ERR,ERR,ERR,ERR,ERR,ERR,ERR,ERR,ERR,ERR,ERR,ERR,ERR,ERR,ERR,ERR,ERR,ERR,ERR,ERR,ERR,34.0,80.0,35,0.0,0.0,0.0,0.0,0.0,0.0,0.0,0.0,0.0,0.0,0.0,0.0,0.0,0.0,0.0,0.0,64.4,0,116,56,49,65476,0,300,0,0,8,20529,65476,0,0,57672,80.0,0.0,0.0,0.0,0.0,0.0
2026-06-17T04:53:33,ERR,ERR,ERR,ERR,ERR,ERR,ERR,ERR,ERR,ERR,ERR,ERR,ERR,ERR,ERR,ERR,ERR,ERR,ERR,ERR,ERR,ERR,ERR,ERR,ERR,ERR,ERR,ERR,ERR,ERR,ERR,ERR,ERR,ERR,ERR,ERR,ERR,ERR,ERR,ERR,ERR,ERR,ERR,ERR,ERR,ERR,ERR,ERR,ERR,ERR,ERR,ERR,ERR,ERR,ERR,ERR,ERR,ERR,ERR,ERR,ERR,ERR,ERR,ERR,ERR,ERR,ERR,ERR,ERR,ERR,ERR,ERR,ERR,ERR,ERR,ERR,ERR,ERR,ERR,ERR,ERR,ERR,ERR,ERR,ERR,ERR,ERR,ERR,ERR,ERR,ERR,ERR,ERR,ERR,ERR,ERR,ERR,ERR,ERR,ERR,ERR,ERR,ERR,ERR,ERR,ERR,ERR,ERR,ERR,ERR,ERR,ERR,ERR,ERR,ERR,ERR,ERR,ERR,ERR,ERR,ERR,ERR,ERR,ERR,ERR,0.0,-0.0,3.028208139652935e+23,0.0,0.0,1.3936040501711995e+18,7.805,0.0,0,0,4,0,7300,-0.0,0,0.0,0.0,0.0,0.0,0.0,0,0,0,0,0.0,0,0,0,0,0,0,0,0,0,0,0,0,0,0,0,0,0,0,0,0,0,0,0,0,0,0,0,0,0,0,0,0,0,32,30,30,62,65476,0,300,0,0,8,21553,0.0,-107605600.0,0.0,0.0,0.0,0.0,0.0,0.0,0.0,0.0,0.0,0.0,0.0,0.0,0.0,0.0,0.0,0.0,0.0,0.0,0.0,0.0,2.004,-2.004,2.004,2.004,0.0,0.0,0.0,0.0,5586.0,-0.0,6930.0,0.0,-0.0,-0.0,0.0,0.0,0.0,0.0,0.0,63,-4.9504266636054534e+32,4.0668623471688824e+29,0.0,0.0,0.0,0.0,0.0,0.0,0.0,0,0,0,0.0,0.0,0.0,0.0,0.0,0.0,0.0,0.0,0.0,0.0,0.0,0.0,0.0,0.0,0.0,0.0,0,-107875648.0,63,0.0,126,2.7184242562605685e+23,2.842318642297501e+23,ERR,ERR,ERR,ERR,ERR,ERR,ERR,ERR,ERR,ERR,ERR,ERR,ERR,ERR,ERR,ERR,ERR,ERR,ERR,ERR,ERR,ERR,ERR,ERR,ERR,ERR,ERR,ERR,ERR,ERR,ERR,ERR,ERR,ERR,ERR,ERR,ERR,ERR,ERR,ERR,ERR,ERR,ERR,ERR,ERR,ERR,ERR,ERR,ERR,ERR,ERR,ERR,ERR,ERR,ERR,ERR,ERR,ERR,ERR,ERR,ERR,ERR,ERR,ERR,ERR,ERR,ERR,34.0,80.0,35,0.0,0.0,0.0,0.0,0.0,0.0,0.0,0.0,0.0,0.0,0.0,0.0,0.0,0.0,0.0,0.0,64.8,0,116,56,49,65476,0,300,0,0,8,20529,65476,0,0,57672,80.0,0.0,0.0,0.0,0.0,0.0
2026-06-17T04:53:34,ERR,ERR,ERR,ERR,ERR,ERR,ERR,ERR,ERR,ERR,ERR,ERR,ERR,ERR,ERR,ERR,ERR,ERR,ERR,ERR,ERR,ERR,ERR,ERR,ERR,ERR,ERR,ERR,ERR,ERR,ERR,ERR,ERR,ERR,ERR,ERR,ERR,ERR,ERR,ERR,ERR,ERR,ERR,ERR,ERR,ERR,ERR,ERR,ERR,ERR,ERR,ERR,ERR,ERR,ERR,ERR,ERR,ERR,ERR,ERR,ERR,ERR,ERR,ERR,ERR,ERR,ERR,ERR,ERR,ERR,ERR,ERR,ERR,ERR,ERR,ERR,ERR,ERR,ERR,ERR,ERR,ERR,ERR,ERR,ERR,ERR,ERR,ERR,ERR,ERR,ERR,ERR,ERR,ERR,ERR,ERR,ERR,ERR,ERR,ERR,ERR,ERR,ERR,ERR,ERR,ERR,ERR,ERR,ERR,ERR,ERR,ERR,ERR,ERR,ERR,ERR,ERR,ERR,ERR,ERR,ERR,ERR,ERR,ERR,ERR,0.0,-0.0,3.028208139652935e+23,0.0,0.0,1.3936040501711995e+18,7.805,0.0,0,0,4,0,7300,-0.0,0,0.0,0.0,0.0,0.0,0.0,0,0,0,0,0.0,0,0,0,0,0,0,0,0,0,0,0,0,0,0,0,0,0,0,0,0,0,0,0,0,0,0,0,0,0,0,0,0,0,32,30,30,62,65476,0,300,0,0,8,21553,0.0,-107605600.0,0.0,0.0,0.0,0.0,0.0,0.0,0.0,0.0,0.0,0.0,0.0,0.0,0.0,0.0,0.0,0.0,0.0,0.0,0.0,0.0,2.004,-2.004,2.004,2.004,0.0,0.0,0.0,0.0,5586.0,-0.0,6930.0,0.0,-0.0,-0.0,0.0,0.0,0.0,0.0,0.0,63,-4.9504266636054534e+32,4.0668623471688824e+29,0.0,0.0,0.0,0.0,0.0,0.0,0.0,0,0,0,0.0,0.0,0.0,0.0,0.0,0.0,0.0,0.0,0.0,0.0,0.0,0.0,0.0,0.0,0.0,0.0,0,-107875648.0,63,0.0,126,2.7184242562605685e+23,2.842318642297501e+23,ERR,ERR,ERR,ERR,ERR,ERR,ERR,ERR,ERR,ERR,ERR,ERR,ERR,ERR,ERR,ERR,ERR,ERR,ERR,ERR,ERR,ERR,ERR,ERR,ERR,ERR,ERR,ERR,ERR,ERR,ERR,ERR,ERR,ERR,ERR,ERR,ERR,ERR,ERR,ERR,ERR,ERR,ERR,ERR,ERR,ERR,ERR,ERR,ERR,ERR,ERR,ERR,ERR,ERR,ERR,ERR,ERR,ERR,ERR,ERR,ERR,ERR,ERR,ERR,ERR,ERR,ERR,34.0,80.0,35,0.0,0.0,0.0,0.0,0.0,0.0,0.0,0.0,0.0,0.0,0.0,0.0,0.0,0.0,0.0,0.0,64.8,0,116,56,49,65476,0,300,0,0,8,20529,65476,0,0,57672,80.0,0.0,0.0,0.0,0.0,0.0
2026-06-17T04:53:35,ERR,ERR,ERR,ERR,ERR,ERR,ERR,ERR,ERR,ERR,ERR,ERR,ERR,ERR,ERR,ERR,ERR,ERR,ERR,ERR,ERR,ERR,ERR,ERR,ERR,ERR,ERR,ERR,ERR,ERR,ERR,ERR,ERR,ERR,ERR,ERR,ERR,ERR,ERR,ERR,ERR,ERR,ERR,ERR,ERR,ERR,ERR,ERR,ERR,ERR,ERR,ERR,ERR,ERR,ERR,ERR,ERR,ERR,ERR,ERR,ERR,ERR,ERR,ERR,ERR,ERR,ERR,ERR,ERR,ERR,ERR,ERR,ERR,ERR,ERR,ERR,ERR,ERR,ERR,ERR,ERR,ERR,ERR,ERR,ERR,ERR,ERR,ERR,ERR,ERR,ERR,ERR,ERR,ERR,ERR,ERR,ERR,ERR,ERR,ERR,ERR,ERR,ERR,ERR,ERR,ERR,ERR,ERR,ERR,ERR,ERR,ERR,ERR,ERR,ERR,ERR,ERR,ERR,ERR,ERR,ERR,ERR,ERR,ERR,ERR,0.0,-0.0,3.028208139652935e+23,0.0,0.0,1.3936040501711995e+18,7.805,0.0,0,0,4,0,7300,-0.0,0,0.0,0.0,0.0,0.0,0.0,0,0,0,0,0.0,0,0,0,0,0,0,0,0,0,0,0,0,0,0,0,0,0,0,0,0,0,0,0,0,0,0,0,0,0,0,0,0,0,32,30,30,62,65476,0,300,0,0,8,21553,0.0,-107605600.0,0.0,0.0,0.0,0.0,0.0,0.0,0.0,0.0,0.0,0.0,0.0,0.0,0.0,0.0,0.0,0.0,0.0,0.0,0.0,0.0,2.004,-2.004,2.004,2.004,0.0,0.0,0.0,0.0,5586.0,-0.0,6930.0,0.0,-0.0,-0.0,0.0,0.0,0.0,0.0,0.0,63,-4.9504266636054534e+32,4.0668623471688824e+29,0.0,0.0,0.0,0.0,0.0,0.0,0.0,0,0,0,0.0,0.0,0.0,0.0,0.0,0.0,0.0,0.0,0.0,0.0,0.0,0.0,0.0,0.0,0.0,0.0,0,-107875648.0,63,0.0,126,2.7184242562605685e+23,2.842318642297501e+23,ERR,ERR,ERR,ERR,ERR,ERR,ERR,ERR,ERR,ERR,ERR,ERR,ERR,ERR,ERR,ERR,ERR,ERR,ERR,ERR,ERR,ERR,ERR,ERR,ERR,ERR,ERR,ERR,ERR,ERR,ERR,ERR,ERR,ERR,ERR,ERR,ERR,ERR,ERR,ERR,ERR,ERR,ERR,ERR,ERR,ERR,ERR,ERR,ERR,ERR,ERR,ERR,ERR,ERR,ERR,ERR,ERR,ERR,ERR,ERR,ERR,ERR,ERR,ERR,ERR,ERR,ERR,34.0,80.0,35,0.0,0.0,0.0,0.0,0.0,0.0,0.0,0.0,0.0,0.0,0.0,0.0,0.0,0.0,0.0,0.0,64.8,0,116,56,49,65476,0,300,0,0,8,20529,65476,0,0,57672,80.0,0.0,0.0,0.0,0.0,0.0
2026-06-17T04:53:36,ERR,ERR,ERR,ERR,ERR,ERR,ERR,ERR,ERR,ERR,ERR,ERR,ERR,ERR,ERR,ERR,ERR,ERR,ERR,ERR,ERR,ERR,ERR,ERR,ERR,ERR,ERR,ERR,ERR,ERR,ERR,ERR,ERR,ERR,ERR,ERR,ERR,ERR,ERR,ERR,ERR,ERR,ERR,ERR,ERR,ERR,ERR,ERR,ERR,ERR,ERR,ERR,ERR,ERR,ERR,ERR,ERR,ERR,ERR,ERR,ERR,ERR,ERR,ERR,ERR,ERR,ERR,ERR,ERR,ERR,ERR,ERR,ERR,ERR,ERR,ERR,ERR,ERR,ERR,ERR,ERR,ERR,ERR,ERR,ERR,ERR,ERR,ERR,ERR,ERR,ERR,ERR,ERR,ERR,ERR,ERR,ERR,ERR,ERR,ERR,ERR,ERR,ERR,ERR,ERR,ERR,ERR,ERR,ERR,ERR,ERR,ERR,ERR,ERR,ERR,ERR,ERR,ERR,ERR,ERR,ERR,ERR,ERR,ERR,ERR,0.0,-0.0,3.028208139652935e+23,0.0,0.0,1.3936040501711995e+18,7.805,0.0,0,0,4,0,7300,-0.0,0,0.0,0.0,0.0,0.0,0.0,0,0,0,0,0.0,0,0,0,0,0,0,0,0,0,0,0,0,0,0,0,0,0,0,0,0,0,0,0,0,0,0,0,0,0,0,0,0,0,32,30,30,62,65476,0,300,0,0,8,21553,0.0,-107605600.0,0.0,0.0,0.0,0.0,0.0,0.0,0.0,0.0,0.0,0.0,0.0,0.0,0.0,0.0,0.0,0.0,0.0,0.0,0.0,0.0,2.004,-2.004,2.004,2.004,0.0,0.0,0.0,0.0,5586.0,-3.697194050108418e+19,6940.0,0.0,-0.0,-0.0,0.0,0.0,0.0,0.0,0.0,63,-4.9504266636054534e+32,-152017666310144.0,0.0,0.0,0.0,0.0,0.0,0.0,0.0,0,0,0,0.0,0.0,0.0,0.0,0.0,0.0,0.0,0.0,0.0,0.0,0.0,0.0,0.0,0.0,0.0,0.0,0,-107875648.0,63,0.0,126,2.7184242562605685e+23,2.842318642297501e+23,ERR,ERR,ERR,ERR,ERR,ERR,ERR,ERR,ERR,ERR,ERR,ERR,ERR,ERR,ERR,ERR,ERR,ERR,ERR,ERR,ERR,ERR,ERR,ERR,ERR,ERR,ERR,ERR,ERR,ERR,ERR,ERR,ERR,ERR,ERR,ERR,ERR,ERR,ERR,ERR,ERR,ERR,ERR,ERR,ERR,ERR,ERR,ERR,ERR,ERR,ERR,ERR,ERR,ERR,ERR,ERR,ERR,ERR,ERR,ERR,ERR,ERR,ERR,ERR,ERR,ERR,ERR,34.0,80.0,35,0.0,0.0,0.0,0.0,0.0,0.0,0.0,0.0,0.0,0.0,0.0,0.0,0.0,0.0,0.0,0.0,64.8,0,116,56,49,65476,0,300,0,0,8,20529,65476,0,0,57672,80.0,0.0,0.0,0.0,0.0,0.0
2026-06-17T04:53:37,ERR,ERR,ERR,ERR,ERR,ERR,ERR,ERR,ERR,ERR,ERR,ERR,ERR,ERR,ERR,ERR,ERR,ERR,ERR,ERR,ERR,ERR,ERR,ERR,ERR,ERR,ERR,ERR,ERR,ERR,ERR,ERR,ERR,ERR,ERR,ERR,ERR,ERR,ERR,ERR,ERR,ERR,ERR,ERR,ERR,ERR,ERR,ERR,ERR,ERR,ERR,ERR,ERR,ERR,ERR,ERR,ERR,ERR,ERR,ERR,ERR,ERR,ERR,ERR,ERR,ERR,ERR,ERR,ERR,ERR,ERR,ERR,ERR,ERR,ERR,ERR,ERR,ERR,ERR,ERR,ERR,ERR,ERR,ERR,ERR,ERR,ERR,ERR,ERR,ERR,ERR,ERR,ERR,ERR,ERR,ERR,ERR,ERR,ERR,ERR,ERR,ERR,ERR,ERR,ERR,ERR,ERR,ERR,ERR,ERR,ERR,ERR,ERR,ERR,ERR,ERR,ERR,ERR,ERR,ERR,ERR,ERR,ERR,ERR,ERR,0.0,-0.0,3.028208139652935e+23,0.0,0.0,1.3936040501711995e+18,7.805,0.0,0,0,4,0,7300,-0.0,0,0.0,0.0,0.0,0.0,0.0,0,0,0,0,0.0,0,0,0,0,0,0,0,0,0,0,0,0,0,0,0,0,0,0,0,0,0,0,0,0,0,0,0,0,0,0,0,0,0,32,30,30,62,65476,0,300,0,0,8,21553,0.0,-107605600.0,0.0,0.0,0.0,0.0,0.0,0.0,0.0,0.0,0.0,0.0,0.0,0.0,0.0,0.0,0.0,0.0,0.0,0.0,0.0,0.0,2.004,-2.004,2.004,2.004,0.0,0.0,0.0,0.0,5586.0,-3.697194050108418e+19,6940.0,0.0,-0.0,-0.0,0.0,0.0,0.0,0.0,0.0,63,-4.9504266636054534e+32,-152017666310144.0,0.0,0.0,0.0,0.0,0.0,0.0,0.0,0,0,0,0.0,0.0,0.0,0.0,0.0,0.0,0.0,0.0,0.0,0.0,0.0,0.0,0.0,0.0,0.0,0.0,0,-107875648.0,63,0.0,126,2.7184242562605685e+23,2.842318642297501e+23,ERR,ERR,ERR,ERR,ERR,ERR,ERR,ERR,ERR,ERR,ERR,ERR,ERR,ERR,ERR,ERR,ERR,ERR,ERR,ERR,ERR,ERR,ERR,ERR,ERR,ERR,ERR,ERR,ERR,ERR,ERR,ERR,ERR,ERR,ERR,ERR,ERR,ERR,ERR,ERR,ERR,ERR,ERR,ERR,ERR,ERR,ERR,ERR,ERR,ERR,ERR,ERR,ERR,ERR,ERR,ERR,ERR,ERR,ERR,ERR,ERR,ERR,ERR,ERR,ERR,ERR,ERR,34.0,80.0,35,0.0,0.0,0.0,0.0,0.0,0.0,0.0,0.0,0.0,0.0,0.0,0.0,0.0,0.0,0.0,0.0,64.4,0,116,56,49,65476,0,300,0,0,8,20529,65476,0,0,57672,80.0,0.0,0.0,0.0,0.0,0.0
2026-06-17T04:53:38,ERR,ERR,ERR,ERR,ERR,ERR,ERR,ERR,ERR,ERR,ERR,ERR,ERR,ERR,ERR,ERR,ERR,ERR,ERR,ERR,ERR,ERR,ERR,ERR,ERR,ERR,ERR,ERR,ERR,ERR,ERR,ERR,ERR,ERR,ERR,ERR,ERR,ERR,ERR,ERR,ERR,ERR,ERR,ERR,ERR,ERR,ERR,ERR,ERR,ERR,ERR,ERR,ERR,ERR,ERR,ERR,ERR,ERR,ERR,ERR,ERR,ERR,ERR,ERR,ERR,ERR,ERR,ERR,ERR,ERR,ERR,ERR,ERR,ERR,ERR,ERR,ERR,ERR,ERR,ERR,ERR,ERR,ERR,ERR,ERR,ERR,ERR,ERR,ERR,ERR,ERR,ERR,ERR,ERR,ERR,ERR,ERR,ERR,ERR,ERR,ERR,ERR,ERR,ERR,ERR,ERR,ERR,ERR,ERR,ERR,ERR,ERR,ERR,ERR,ERR,ERR,ERR,ERR,ERR,ERR,ERR,ERR,ERR,ERR,ERR,0.0,-0.0,3.028208139652935e+23,0.0,0.0,1.3936040501711995e+18,7.805,0.0,0,0,4,0,7300,-0.0,0,0.0,0.0,0.0,0.0,0.0,0,0,0,0,0.0,0,0,0,0,0,0,0,0,0,0,0,0,0,0,0,0,0,0,0,0,0,0,0,0,0,0,0,0,0,0,0,0,0,32,30,30,62,65476,0,300,0,0,8,21553,0.0,-107605600.0,0.0,0.0,0.0,0.0,0.0,0.0,0.0,0.0,0.0,0.0,0.0,0.0,0.0,0.0,0.0,0.0,0.0,0.0,0.0,0.0,2.004,-2.004,2.004,2.004,0.0,0.0,0.0,0.0,5586.0,-3.697194050108418e+19,6940.0,0.0,-0.0,-0.0,0.0,0.0,0.0,0.0,0.0,63,-4.9504266636054534e+32,-152017666310144.0,0.0,0.0,0.0,0.0,0.0,0.0,0.0,0,0,0,0.0,0.0,0.0,0.0,0.0,0.0,0.0,0.0,0.0,0.0,0.0,0.0,0.0,0.0,0.0,0.0,0,-107875648.0,63,0.0,126,2.7184242562605685e+23,2.842318642297501e+23,ERR,ERR,ERR,ERR,ERR,ERR,ERR,ERR,ERR,ERR,ERR,ERR,ERR,ERR,ERR,ERR,ERR,ERR,ERR,ERR,ERR,ERR,ERR,ERR,ERR,ERR,ERR,ERR,ERR,ERR,ERR,ERR,ERR,ERR,ERR,ERR,ERR,ERR,ERR,ERR,ERR,ERR,ERR,ERR,ERR,ERR,ERR,ERR,ERR,ERR,ERR,ERR,ERR,ERR,ERR,ERR,ERR,ERR,ERR,ERR,ERR,ERR,ERR,ERR,ERR,ERR,ERR,34.0,80.0,35,0.0,0.0,0.0,0.0,0.0,0.0,0.0,0.0,0.0,0.0,0.0,0.0,0.0,0.0,0.0,0.0,64.4,0,116,56,49,65476,0,300,0,0,8,20529,65476,0,0,57672,80.0,0.0,0.0,0.0,0.0,0.0
2026-06-17T04:53:39,ERR,ERR,ERR,ERR,ERR,ERR,ERR,ERR,ERR,ERR,ERR,ERR,ERR,ERR,ERR,ERR,ERR,ERR,ERR,ERR,ERR,ERR,ERR,ERR,ERR,ERR,ERR,ERR,ERR,ERR,ERR,ERR,ERR,ERR,ERR,ERR,ERR,ERR,ERR,ERR,ERR,ERR,ERR,ERR,ERR,ERR,ERR,ERR,ERR,ERR,ERR,ERR,ERR,ERR,ERR,ERR,ERR,ERR,ERR,ERR,ERR,ERR,ERR,ERR,ERR,ERR,ERR,ERR,ERR,ERR,ERR,ERR,ERR,ERR,ERR,ERR,ERR,ERR,ERR,ERR,ERR,ERR,ERR,ERR,ERR,ERR,ERR,ERR,ERR,ERR,ERR,ERR,ERR,ERR,ERR,ERR,ERR,ERR,ERR,ERR,ERR,ERR,ERR,ERR,ERR,ERR,ERR,ERR,ERR,ERR,ERR,ERR,ERR,ERR,ERR,ERR,ERR,ERR,ERR,ERR,ERR,ERR,ERR,ERR,ERR,0.0,-0.0,3.028208139652935e+23,0.0,0.0,1.3936040501711995e+18,7.805,0.0,0,0,4,0,7300,-0.0,0,0.0,0.0,0.0,0.0,0.0,0,0,0,0,0.0,0,0,0,0,0,0,0,0,0,0,0,0,0,0,0,0,0,0,0,0,0,0,0,0,0,0,0,0,0,0,0,0,0,32,30,30,62,65476,0,300,0,0,8,21553,0.0,-107605600.0,0.0,0.0,0.0,0.0,0.0,0.0,0.0,0.0,0.0,0.0,0.0,0.0,0.0,0.0,0.0,0.0,0.0,0.0,0.0,0.0,2.004,-2.004,2.004,2.004,0.0,0.0,0.0,0.0,5586.0,-3.697194050108418e+19,6940.0,0.0,-0.0,-0.0,0.0,0.0,0.0,0.0,0.0,63,-4.9504266636054534e+32,-152017666310144.0,0.0,0.0,0.0,0.0,0.0,0.0,0.0,0,0,0,0.0,0.0,0.0,0.0,0.0,0.0,0.0,0.0,0.0,0.0,0.0,0.0,0.0,0.0,0.0,0.0,0,-107875648.0,63,0.0,126,2.7184242562605685e+23,2.842318642297501e+23,ERR,ERR,ERR,ERR,ERR,ERR,ERR,ERR,ERR,ERR,ERR,ERR,ERR,ERR,ERR,ERR,ERR,ERR,ERR,ERR,ERR,ERR,ERR,ERR,ERR,ERR,ERR,ERR,ERR,ERR,ERR,ERR,ERR,ERR,ERR,ERR,ERR,ERR,ERR,ERR,ERR,ERR,ERR,ERR,ERR,ERR,ERR,ERR,ERR,ERR,ERR,ERR,ERR,ERR,ERR,ERR,ERR,ERR,ERR,ERR,ERR,ERR,ERR,ERR,ERR,ERR,ERR,34.0,80.0,35,0.0,0.0,0.0,0.0,0.0,0.0,0.0,0.0,0.0,0.0,0.0,0.0,0.0,0.0,0.0,0.0,64.4,0,116,56,49,65476,0,300,0,0,8,20529,65476,0,0,57672,80.0,0.0,0.0,0.0,0.0,0.0
2026-06-17T04:53:40,ERR,ERR,ERR,ERR,ERR,ERR,ERR,ERR,ERR,ERR,ERR,ERR,ERR,ERR,ERR,ERR,ERR,ERR,ERR,ERR,ERR,ERR,ERR,ERR,ERR,ERR,ERR,ERR,ERR,ERR,ERR,ERR,ERR,ERR,ERR,ERR,ERR,ERR,ERR,ERR,ERR,ERR,ERR,ERR,ERR,ERR,ERR,ERR,ERR,ERR,ERR,ERR,ERR,ERR,ERR,ERR,ERR,ERR,ERR,ERR,ERR,ERR,ERR,ERR,ERR,ERR,ERR,ERR,ERR,ERR,ERR,ERR,ERR,ERR,ERR,ERR,ERR,ERR,ERR,ERR,ERR,ERR,ERR,ERR,ERR,ERR,ERR,ERR,ERR,ERR,ERR,ERR,ERR,ERR,ERR,ERR,ERR,ERR,ERR,ERR,ERR,ERR,ERR,ERR,ERR,ERR,ERR,ERR,ERR,ERR,ERR,ERR,ERR,ERR,ERR,ERR,ERR,ERR,ERR,ERR,ERR,ERR,ERR,ERR,ERR,0.0,-0.0,3.028208139652935e+23,0.0,0.0,1.3936040501711995e+18,7.805,0.0,0,0,4,0,7300,-0.0,0,0.0,0.0,0.0,0.0,0.0,0,0,0,0,0.0,0,0,0,0,0,0,0,0,0,0,0,0,0,0,0,0,0,0,0,0,0,0,0,0,0,0,0,0,0,0,0,0,0,32,30,30,62,65476,0,300,0,0,8,21553,0.0,-107605600.0,0.0,0.0,0.0,0.0,0.0,0.0,0.0,0.0,0.0,0.0,0.0,0.0,0.0,0.0,0.0,0.0,0.0,0.0,0.0,0.0,2.004,-2.004,2.004,2.004,0.0,0.0,0.0,0.0,5586.0,-3.697194050108418e+19,6940.0,0.0,-0.0,-0.0,0.0,0.0,0.0,0.0,0.0,63,-4.9504266636054534e+32,-152017666310144.0,0.0,0.0,0.0,0.0,0.0,0.0,0.0,0,0,0,0.0,0.0,0.0,0.0,0.0,0.0,0.0,0.0,0.0,0.0,0.0,0.0,0.0,0.0,0.0,0.0,0,-107875648.0,63,0.0,126,2.7184242562605685e+23,2.842318642297501e+23,ERR,ERR,ERR,ERR,ERR,ERR,ERR,ERR,ERR,ERR,ERR,ERR,ERR,ERR,ERR,ERR,ERR,ERR,ERR,ERR,ERR,ERR,ERR,ERR,ERR,ERR,ERR,ERR,ERR,ERR,ERR,ERR,ERR,ERR,ERR,ERR,ERR,ERR,ERR,ERR,ERR,ERR,ERR,ERR,ERR,ERR,ERR,ERR,ERR,ERR,ERR,ERR,ERR,ERR,ERR,ERR,ERR,ERR,ERR,ERR,ERR,ERR,ERR,ERR,ERR,ERR,ERR,34.0,80.0,35,0.0,0.0,0.0,0.0,0.0,0.0,0.0,0.0,0.0,0.0,0.0,0.0,0.0,0.0,0.0,0.0,64.4,0,116,56,49,65476,0,300,0,0,8,20529,65476,0,0,57672,80.0,0.0,0.0,0.0,0.0,0.0
2026-06-17T04:53:41,ERR,ERR,ERR,ERR,ERR,ERR,ERR,ERR,ERR,ERR,ERR,ERR,ERR,ERR,ERR,ERR,ERR,ERR,ERR,ERR,ERR,ERR,ERR,ERR,ERR,ERR,ERR,ERR,ERR,ERR,ERR,ERR,ERR,ERR,ERR,ERR,ERR,ERR,ERR,ERR,ERR,ERR,ERR,ERR,ERR,ERR,ERR,ERR,ERR,ERR,ERR,ERR,ERR,ERR,ERR,ERR,ERR,ERR,ERR,ERR,ERR,ERR,ERR,ERR,ERR,ERR,ERR,ERR,ERR,ERR,ERR,ERR,ERR,ERR,ERR,ERR,ERR,ERR,ERR,ERR,ERR,ERR,ERR,ERR,ERR,ERR,ERR,ERR,ERR,ERR,ERR,ERR,ERR,ERR,ERR,ERR,ERR,ERR,ERR,ERR,ERR,ERR,ERR,ERR,ERR,ERR,ERR,ERR,ERR,ERR,ERR,ERR,ERR,ERR,ERR,ERR,ERR,ERR,ERR,ERR,ERR,ERR,ERR,ERR,ERR,0.0,-0.0,3.028208139652935e+23,0.0,0.0,1.3936040501711995e+18,7.805,0.0,0,0,4,0,7300,-0.0,0,0.0,0.0,0.0,0.0,0.0,0,0,0,0,0.0,0,0,0,0,0,0,0,0,0,0,0,0,0,0,0,0,0,0,0,0,0,0,0,0,0,0,0,0,0,0,0,0,0,32,30,30,62,65476,0,300,0,0,8,21553,0.0,-107605600.0,0.0,0.0,0.0,0.0,0.0,0.0,0.0,0.0,0.0,0.0,0.0,0.0,0.0,0.0,0.0,0.0,0.0,0.0,0.0,0.0,-0.0,-2.004,2.004,2.004,0.0,0.0,0.0,0.0,5582.0,564147041337344.0,6923.0,0.0,-0.0,-0.0,0.0,0.0,0.0,0.0,0.0,63,-2.3088394862626393e+20,0.0,0.0,0.0,0.0,0.0,0.0,0.0,0.0,0,0,0,0.0,0.0,0.0,0.0,0.0,0.0,0.0,0.0,0.0,0.0,0.0,0.0,0.0,0.0,0.0,0.0,0,-107875648.0,63,0.0,126,2.7184242562605685e+23,2.842318642297501e+23,ERR,ERR,ERR,ERR,ERR,ERR,ERR,ERR,ERR,ERR,ERR,ERR,ERR,ERR,ERR,ERR,ERR,ERR,ERR,ERR,ERR,ERR,ERR,ERR,ERR,ERR,ERR,ERR,ERR,ERR,ERR,ERR,ERR,ERR,ERR,ERR,ERR,ERR,ERR,ERR,ERR,ERR,ERR,ERR,ERR,ERR,ERR,ERR,ERR,ERR,ERR,ERR,ERR,ERR,ERR,ERR,ERR,ERR,ERR,ERR,ERR,ERR,ERR,ERR,ERR,ERR,ERR,34.0,80.0,35,0.0,0.0,0.0,0.0,0.0,0.0,0.0,0.0,0.0,0.0,0.0,0.0,0.0,0.0,0.0,0.0,64.4,0,116,56,49,65476,0,300,0,0,8,20529,65476,0,0,57672,80.0,0.0,0.0,0.0,0.0,0.0
2026-06-17T04:53:42,ERR,ERR,ERR,ERR,ERR,ERR,ERR,ERR,ERR,ERR,ERR,ERR,ERR,ERR,ERR,ERR,ERR,ERR,ERR,ERR,ERR,ERR,ERR,ERR,ERR,ERR,ERR,ERR,ERR,ERR,ERR,ERR,ERR,ERR,ERR,ERR,ERR,ERR,ERR,ERR,ERR,ERR,ERR,ERR,ERR,ERR,ERR,ERR,ERR,ERR,ERR,ERR,ERR,ERR,ERR,ERR,ERR,ERR,ERR,ERR,ERR,ERR,ERR,ERR,ERR,ERR,ERR,ERR,ERR,ERR,ERR,ERR,ERR,ERR,ERR,ERR,ERR,ERR,ERR,ERR,ERR,ERR,ERR,ERR,ERR,ERR,ERR,ERR,ERR,ERR,ERR,ERR,ERR,ERR,ERR,ERR,ERR,ERR,ERR,ERR,ERR,ERR,ERR,ERR,ERR,ERR,ERR,ERR,ERR,ERR,ERR,ERR,ERR,ERR,ERR,ERR,ERR,ERR,ERR,ERR,ERR,ERR,ERR,ERR,ERR,0.0,-0.0,3.028208139652935e+23,0.0,0.0,1.3936040501711995e+18,7.805,0.0,0,0,4,0,7300,-0.0,0,0.0,0.0,0.0,0.0,0.0,0,0,0,0,0.0,0,0,0,0,0,0,0,0,0,0,0,0,0,0,0,0,0,0,0,0,0,0,0,0,0,0,0,0,0,0,0,0,0,32,30,30,62,65476,0,300,0,0,8,21553,0.0,-107605600.0,0.0,0.0,0.0,0.0,0.0,0.0,0.0,0.0,0.0,0.0,0.0,0.0,0.0,0.0,0.0,0.0,0.0,0.0,0.0,0.0,-0.0,-2.004,2.004,2.004,0.0,0.0,0.0,0.0,5582.0,564147041337344.0,6923.0,0.0,-0.0,-0.0,0.0,0.0,0.0,0.0,0.0,63,-2.3088394862626393e+20,0.0,0.0,0.0,0.0,0.0,0.0,0.0,0.0,0,0,0,0.0,0.0,0.0,0.0,0.0,0.0,0.0,0.0,0.0,0.0,0.0,0.0,0.0,0.0,0.0,0.0,0,-107875648.0,63,0.0,126,2.7184242562605685e+23,2.842318642297501e+23,ERR,ERR,ERR,ERR,ERR,ERR,ERR,ERR,ERR,ERR,ERR,ERR,ERR,ERR,ERR,ERR,ERR,ERR,ERR,ERR,ERR,ERR,ERR,ERR,ERR,ERR,ERR,ERR,ERR,ERR,ERR,ERR,ERR,ERR,ERR,ERR,ERR,ERR,ERR,ERR,ERR,ERR,ERR,ERR,ERR,ERR,ERR,ERR,ERR,ERR,ERR,ERR,ERR,ERR,ERR,ERR,ERR,ERR,ERR,ERR,ERR,ERR,ERR,ERR,ERR,ERR,ERR,34.0,80.0,35,0.0,0.0,0.0,0.0,0.0,0.0,0.0,0.0,0.0,0.0,0.0,0.0,0.0,0.0,0.0,0.0,64.4,0,116,56,49,65476,0,300,0,0,8,20529,65476,0,0,57672,80.0,0.0,0.0,0.0,0.0,0.0
2026-06-17T04:53:43,ERR,ERR,ERR,ERR,ERR,ERR,ERR,ERR,ERR,ERR,ERR,ERR,ERR,ERR,ERR,ERR,ERR,ERR,ERR,ERR,ERR,ERR,ERR,ERR,ERR,ERR,ERR,ERR,ERR,ERR,ERR,ERR,ERR,ERR,ERR,ERR,ERR,ERR,ERR,ERR,ERR,ERR,ERR,ERR,ERR,ERR,ERR,ERR,ERR,ERR,ERR,ERR,ERR,ERR,ERR,ERR,ERR,ERR,ERR,ERR,ERR,ERR,ERR,ERR,ERR,ERR,ERR,ERR,ERR,ERR,ERR,ERR,ERR,ERR,ERR,ERR,ERR,ERR,ERR,ERR,ERR,ERR,ERR,ERR,ERR,ERR,ERR,ERR,ERR,ERR,ERR,ERR,ERR,ERR,ERR,ERR,ERR,ERR,ERR,ERR,ERR,ERR,ERR,ERR,ERR,ERR,ERR,ERR,ERR,ERR,ERR,ERR,ERR,ERR,ERR,ERR,ERR,ERR,ERR,ERR,ERR,ERR,ERR,ERR,ERR,0.0,-0.0,3.028208139652935e+23,0.0,0.0,1.3936040501711995e+18,7.805,0.0,0,0,4,0,7300,-0.0,0,0.0,0.0,0.0,0.0,0.0,0,0,0,0,0.0,0,0,0,0,0,0,0,0,0,0,0,0,0,0,0,0,0,0,0,0,0,0,0,0,0,0,0,0,0,0,0,0,0,32,30,30,62,65476,0,300,0,0,8,21553,0.0,-107605600.0,0.0,0.0,0.0,0.0,0.0,0.0,0.0,0.0,0.0,0.0,0.0,0.0,0.0,0.0,0.0,0.0,0.0,0.0,0.0,0.0,-0.0,-2.004,2.004,2.004,0.0,0.0,0.0,0.0,5582.0,564147041337344.0,6923.0,0.0,-0.0,-0.0,0.0,0.0,0.0,0.0,0.0,63,-2.3088394862626393e+20,0.0,0.0,0.0,0.0,0.0,0.0,0.0,0.0,0,0,0,0.0,0.0,0.0,0.0,0.0,0.0,0.0,0.0,0.0,0.0,0.0,0.0,0.0,0.0,0.0,0.0,0,-107875648.0,63,0.0,126,2.7184242562605685e+23,2.842318642297501e+23,ERR,ERR,ERR,ERR,ERR,ERR,ERR,ERR,ERR,ERR,ERR,ERR,ERR,ERR,ERR,ERR,ERR,ERR,ERR,ERR,ERR,ERR,ERR,ERR,ERR,ERR,ERR,ERR,ERR,ERR,ERR,ERR,ERR,ERR,ERR,ERR,ERR,ERR,ERR,ERR,ERR,ERR,ERR,ERR,ERR,ERR,ERR,ERR,ERR,ERR,ERR,ERR,ERR,ERR,ERR,ERR,ERR,ERR,ERR,ERR,ERR,ERR,ERR,ERR,ERR,ERR,ERR,34.0,80.0,35,0.0,0.0,0.0,0.0,0.0,0.0,0.0,0.0,0.0,0.0,0.0,0.0,0.0,0.0,0.0,0.0,64.4,0,116,56,49,65476,0,300,0,0,8,20529,65476,0,0,57672,80.0,0.0,0.0,0.0,0.0,0.0
2026-06-17T04:53:44,ERR,ERR,ERR,ERR,ERR,ERR,ERR,ERR,ERR,ERR,ERR,ERR,ERR,ERR,ERR,ERR,ERR,ERR,ERR,ERR,ERR,ERR,ERR,ERR,ERR,ERR,ERR,ERR,ERR,ERR,ERR,ERR,ERR,ERR,ERR,ERR,ERR,ERR,ERR,ERR,ERR,ERR,ERR,ERR,ERR,ERR,ERR,ERR,ERR,ERR,ERR,ERR,ERR,ERR,ERR,ERR,ERR,ERR,ERR,ERR,ERR,ERR,ERR,ERR,ERR,ERR,ERR,ERR,ERR,ERR,ERR,ERR,ERR,ERR,ERR,ERR,ERR,ERR,ERR,ERR,ERR,ERR,ERR,ERR,ERR,ERR,ERR,ERR,ERR,ERR,ERR,ERR,ERR,ERR,ERR,ERR,ERR,ERR,ERR,ERR,ERR,ERR,ERR,ERR,ERR,ERR,ERR,ERR,ERR,ERR,ERR,ERR,ERR,ERR,ERR,ERR,ERR,ERR,ERR,ERR,ERR,ERR,ERR,ERR,ERR,0.0,-0.0,3.028208139652935e+23,0.0,0.0,1.3936040501711995e+18,7.805,0.0,0,0,4,0,7300,-0.0,0,0.0,0.0,0.0,0.0,0.0,0,0,0,0,0.0,0,0,0,0,0,0,0,0,0,0,0,0,0,0,0,0,0,0,0,0,0,0,0,0,0,0,0,0,0,0,0,0,0,32,30,30,62,65476,0,300,0,0,8,21553,0.0,-107605600.0,0.0,0.0,0.0,0.0,0.0,0.0,0.0,0.0,0.0,0.0,0.0,0.0,0.0,0.0,0.0,0.0,0.0,0.0,0.0,0.0,-0.0,-2.004,2.004,2.004,0.0,0.0,0.0,0.0,5582.0,564147041337344.0,6923.0,0.0,-0.0,-0.0,0.0,0.0,0.0,0.0,0.0,63,-2.3088394862626393e+20,0.0,0.0,0.0,0.0,0.0,0.0,0.0,0.0,0,0,0,0.0,0.0,0.0,0.0,0.0,0.0,0.0,0.0,0.0,0.0,0.0,0.0,0.0,0.0,0.0,0.0,0,-107875648.0,63,0.0,126,2.7184242562605685e+23,2.842318642297501e+23,ERR,ERR,ERR,ERR,ERR,ERR,ERR,ERR,ERR,ERR,ERR,ERR,ERR,ERR,ERR,ERR,ERR,ERR,ERR,ERR,ERR,ERR,ERR,ERR,ERR,ERR,ERR,ERR,ERR,ERR,ERR,ERR,ERR,ERR,ERR,ERR,ERR,ERR,ERR,ERR,ERR,ERR,ERR,ERR,ERR,ERR,ERR,ERR,ERR,ERR,ERR,ERR,ERR,ERR,ERR,ERR,ERR,ERR,ERR,ERR,ERR,ERR,ERR,ERR,ERR,ERR,ERR,34.0,80.0,35,0.0,0.0,0.0,0.0,0.0,0.0,0.0,0.0,0.0,0.0,0.0,0.0,0.0,0.0,0.0,0.0,64.4,0,116,56,49,65476,0,300,0,0,8,20529,65476,0,0,57672,80.0,0.0,0.0,0.0,0.0,0.0
2026-06-17T04:53:45,ERR,ERR,ERR,ERR,ERR,ERR,ERR,ERR,ERR,ERR,ERR,ERR,ERR,ERR,ERR,ERR,ERR,ERR,ERR,ERR,ERR,ERR,ERR,ERR,ERR,ERR,ERR,ERR,ERR,ERR,ERR,ERR,ERR,ERR,ERR,ERR,ERR,ERR,ERR,ERR,ERR,ERR,ERR,ERR,ERR,ERR,ERR,ERR,ERR,ERR,ERR,ERR,ERR,ERR,ERR,ERR,ERR,ERR,ERR,ERR,ERR,ERR,ERR,ERR,ERR,ERR,ERR,ERR,ERR,ERR,ERR,ERR,ERR,ERR,ERR,ERR,ERR,ERR,ERR,ERR,ERR,ERR,ERR,ERR,ERR,ERR,ERR,ERR,ERR,ERR,ERR,ERR,ERR,ERR,ERR,ERR,ERR,ERR,ERR,ERR,ERR,ERR,ERR,ERR,ERR,ERR,ERR,ERR,ERR,ERR,ERR,ERR,ERR,ERR,ERR,ERR,ERR,ERR,ERR,ERR,ERR,ERR,ERR,ERR,ERR,0.0,-0.0,3.028208139652935e+23,0.0,0.0,1.3936040501711995e+18,7.805,0.0,0,0,4,0,7300,-0.0,0,0.0,0.0,0.0,0.0,0.0,0,0,0,0,0.0,0,0,0,0,0,0,0,0,0,0,0,0,0,0,0,0,0,0,0,0,0,0,0,0,0,0,0,0,0,0,0,0,0,32,30,30,62,65476,0,300,0,0,8,21553,0.0,-107605600.0,0.0,0.0,0.0,0.0,0.0,0.0,0.0,0.0,0.0,0.0,0.0,0.0,0.0,0.0,0.0,0.0,0.0,0.0,0.0,0.0,-0.0,-2.004,2.004,2.004,0.0,0.0,0.0,0.0,5582.0,564147041337344.0,6923.0,0.0,-0.0,-0.0,0.0,0.0,0.0,0.0,0.0,63,-2.3088394862626393e+20,0.0,0.0,0.0,0.0,0.0,0.0,0.0,0.0,0,0,0,0.0,0.0,0.0,0.0,0.0,0.0,0.0,0.0,0.0,0.0,0.0,0.0,0.0,0.0,0.0,0.0,0,-107875648.0,63,0.0,126,2.7184242562605685e+23,2.842318642297501e+23,ERR,ERR,ERR,ERR,ERR,ERR,ERR,ERR,ERR,ERR,ERR,ERR,ERR,ERR,ERR,ERR,ERR,ERR,ERR,ERR,ERR,ERR,ERR,ERR,ERR,ERR,ERR,ERR,ERR,ERR,ERR,ERR,ERR,ERR,ERR,ERR,ERR,ERR,ERR,ERR,ERR,ERR,ERR,ERR,ERR,ERR,ERR,ERR,ERR,ERR,ERR,ERR,ERR,ERR,ERR,ERR,ERR,ERR,ERR,ERR,ERR,ERR,ERR,ERR,ERR,ERR,ERR,34.0,80.0,35,0.0,0.0,0.0,0.0,0.0,0.0,0.0,0.0,0.0,0.0,0.0,0.0,0.0,0.0,0.0,0.0,64.4,0,116,56,49,65476,0,300,0,0,8,20529,65476,0,0,57672,80.0,0.0,0.0,0.0,0.0,0.0
2026-06-17T04:53:46,ERR,ERR,ERR,ERR,ERR,ERR,ERR,ERR,ERR,ERR,ERR,ERR,ERR,ERR,ERR,ERR,ERR,ERR,ERR,ERR,ERR,ERR,ERR,ERR,ERR,ERR,ERR,ERR,ERR,ERR,ERR,ERR,ERR,ERR,ERR,ERR,ERR,ERR,ERR,ERR,ERR,ERR,ERR,ERR,ERR,ERR,ERR,ERR,ERR,ERR,ERR,ERR,ERR,ERR,ERR,ERR,ERR,ERR,ERR,ERR,ERR,ERR,ERR,ERR,ERR,ERR,ERR,ERR,ERR,ERR,ERR,ERR,ERR,ERR,ERR,ERR,ERR,ERR,ERR,ERR,ERR,ERR,ERR,ERR,ERR,ERR,ERR,ERR,ERR,ERR,ERR,ERR,ERR,ERR,ERR,ERR,ERR,ERR,ERR,ERR,ERR,ERR,ERR,ERR,ERR,ERR,ERR,ERR,ERR,ERR,ERR,ERR,ERR,ERR,ERR,ERR,ERR,ERR,ERR,ERR,ERR,ERR,ERR,ERR,ERR,0.0,-0.0,3.028208139652935e+23,0.0,0.0,1.3936040501711995e+18,7.805,0.0,0,0,4,0,7300,-0.0,0,0.0,0.0,0.0,0.0,0.0,0,0,0,0,0.0,0,0,0,0,0,0,0,0,0,0,0,0,0,0,0,0,0,0,0,0,0,0,0,0,0,0,0,0,0,0,0,0,0,32,30,30,62,65476,0,300,0,0,8,21553,0.0,-107605600.0,0.0,0.0,0.0,0.0,0.0,0.0,0.0,0.0,0.0,0.0,0.0,0.0,0.0,0.0,0.0,0.0,0.0,0.0,0.0,0.0,-0.0,-2.004,2.004,2.004,0.0,0.0,0.0,0.0,5582.0,564147041337344.0,6923.0,0.0,-0.0,-0.0,0.0,0.0,0.0,0.0,0.0,63,-2.3088394862626393e+20,0.0,0.0,0.0,0.0,0.0,0.0,0.0,0.0,0,0,0,0.0,0.0,0.0,0.0,0.0,0.0,0.0,0.0,0.0,0.0,0.0,0.0,0.0,0.0,0.0,0.0,0,-107875648.0,63,0.0,126,2.7184242562605685e+23,2.842318642297501e+23,ERR,ERR,ERR,ERR,ERR,ERR,ERR,ERR,ERR,ERR,ERR,ERR,ERR,ERR,ERR,ERR,ERR,ERR,ERR,ERR,ERR,ERR,ERR,ERR,ERR,ERR,ERR,ERR,ERR,ERR,ERR,ERR,ERR,ERR,ERR,ERR,ERR,ERR,ERR,ERR,ERR,ERR,ERR,ERR,ERR,ERR,ERR,ERR,ERR,ERR,ERR,ERR,ERR,ERR,ERR,ERR,ERR,ERR,ERR,ERR,ERR,ERR,ERR,ERR,ERR,ERR,ERR,34.0,80.0,35,0.0,0.0,0.0,0.0,0.0,0.0,0.0,0.0,0.0,0.0,0.0,0.0,0.0,0.0,0.0,0.0,64.4,0,116,56,49,65476,0,300,0,0,8,20529,65476,0,0,57672,80.0,0.0,0.0,0.0,0.0,0.0
2026-06-17T04:53:47,ERR,ERR,ERR,ERR,ERR,ERR,ERR,ERR,ERR,ERR,ERR,ERR,ERR,ERR,ERR,ERR,ERR,ERR,ERR,ERR,ERR,ERR,ERR,ERR,ERR,ERR,ERR,ERR,ERR,ERR,ERR,ERR,ERR,ERR,ERR,ERR,ERR,ERR,ERR,ERR,ERR,ERR,ERR,ERR,ERR,ERR,ERR,ERR,ERR,ERR,ERR,ERR,ERR,ERR,ERR,ERR,ERR,ERR,ERR,ERR,ERR,ERR,ERR,ERR,ERR,ERR,ERR,ERR,ERR,ERR,ERR,ERR,ERR,ERR,ERR,ERR,ERR,ERR,ERR,ERR,ERR,ERR,ERR,ERR,ERR,ERR,ERR,ERR,ERR,ERR,ERR,ERR,ERR,ERR,ERR,ERR,ERR,ERR,ERR,ERR,ERR,ERR,ERR,ERR,ERR,ERR,ERR,ERR,ERR,ERR,ERR,ERR,ERR,ERR,ERR,ERR,ERR,ERR,ERR,ERR,ERR,ERR,ERR,ERR,ERR,0.0,-0.0,3.028208139652935e+23,0.0,0.0,1.3936040501711995e+18,7.805,0.0,0,0,4,0,7300,-0.0,0,0.0,0.0,0.0,0.0,0.0,0,0,0,0,0.0,0,0,0,0,0,0,0,0,0,0,0,0,0,0,0,0,0,0,0,0,0,0,0,0,0,0,0,0,0,0,0,0,0,32,30,30,62,65476,0,300,0,0,8,21553,0.0,-107605600.0,0.0,0.0,0.0,0.0,0.0,0.0,0.0,0.0,0.0,0.0,0.0,0.0,0.0,0.0,0.0,0.0,0.0,0.0,0.0,0.0,-0.0,-2.004,2.004,2.004,0.0,0.0,0.0,0.0,5553.0,-564146974228480.0,6939.0,0.0,-0.0,-0.0,0.0,0.0,0.0,0.0,0.0,63,-4.066878214320265e+29,-0.0,0.0,0.0,0.0,0.0,0.0,0.0,0.0,0,0,0,0.0,0.0,0.0,0.0,0.0,0.0,0.0,0.0,0.0,0.0,0.0,0.0,0.0,0.0,0.0,0.0,0,-107875648.0,63,0.0,126,2.7184242562605685e+23,2.842318642297501e+23,ERR,ERR,ERR,ERR,ERR,ERR,ERR,ERR,ERR,ERR,ERR,ERR,ERR,ERR,ERR,ERR,ERR,ERR,ERR,ERR,ERR,ERR,ERR,ERR,ERR,ERR,ERR,ERR,ERR,ERR,ERR,ERR,ERR,ERR,ERR,ERR,ERR,ERR,ERR,ERR,ERR,ERR,ERR,ERR,ERR,ERR,ERR,ERR,ERR,ERR,ERR,ERR,ERR,ERR,ERR,ERR,ERR,ERR,ERR,ERR,ERR,ERR,ERR,ERR,ERR,ERR,ERR,34.0,80.0,35,0.0,0.0,0.0,0.0,0.0,0.0,0.0,0.0,0.0,0.0,0.0,0.0,0.0,0.0,0.0,0.0,64.4,0,116,56,49,65476,0,300,0,0,8,20529,65476,0,0,57672,80.0,0.0,0.0,0.0,0.0,0.0
2026-06-17T04:53:48,ERR,ERR,ERR,ERR,ERR,ERR,ERR,ERR,ERR,ERR,ERR,ERR,ERR,ERR,ERR,ERR,ERR,ERR,ERR,ERR,ERR,ERR,ERR,ERR,ERR,ERR,ERR,ERR,ERR,ERR,ERR,ERR,ERR,ERR,ERR,ERR,ERR,ERR,ERR,ERR,ERR,ERR,ERR,ERR,ERR,ERR,ERR,ERR,ERR,ERR,ERR,ERR,ERR,ERR,ERR,ERR,ERR,ERR,ERR,ERR,ERR,ERR,ERR,ERR,ERR,ERR,ERR,ERR,ERR,ERR,ERR,ERR,ERR,ERR,ERR,ERR,ERR,ERR,ERR,ERR,ERR,ERR,ERR,ERR,ERR,ERR,ERR,ERR,ERR,ERR,ERR,ERR,ERR,ERR,ERR,ERR,ERR,ERR,ERR,ERR,ERR,ERR,ERR,ERR,ERR,ERR,ERR,ERR,ERR,ERR,ERR,ERR,ERR,ERR,ERR,ERR,ERR,ERR,ERR,ERR,ERR,ERR,ERR,ERR,ERR,0.0,-0.0,3.028208139652935e+23,0.0,0.0,1.3936040501711995e+18,7.805,0.0,0,0,4,0,7300,-0.0,0,0.0,0.0,0.0,0.0,0.0,0,0,0,0,0.0,0,0,0,0,0,0,0,0,0,0,0,0,0,0,0,0,0,0,0,0,0,0,0,0,0,0,0,0,0,0,0,0,0,32,30,30,62,65476,0,300,0,0,8,21553,0.0,-107605600.0,0.0,0.0,0.0,0.0,0.0,0.0,0.0,0.0,0.0,0.0,0.0,0.0,0.0,0.0,0.0,0.0,0.0,0.0,0.0,0.0,-0.0,-2.004,2.004,2.004,0.0,0.0,0.0,0.0,5553.0,-564146974228480.0,6939.0,0.0,-0.0,-0.0,0.0,0.0,0.0,0.0,0.0,63,-4.066878214320265e+29,-0.0,0.0,0.0,0.0,0.0,0.0,0.0,0.0,0,0,0,0.0,0.0,0.0,0.0,0.0,0.0,0.0,0.0,0.0,0.0,0.0,0.0,0.0,0.0,0.0,0.0,0,-107875648.0,63,0.0,126,2.7184242562605685e+23,2.842318642297501e+23,ERR,ERR,ERR,ERR,ERR,ERR,ERR,ERR,ERR,ERR,ERR,ERR,ERR,ERR,ERR,ERR,ERR,ERR,ERR,ERR,ERR,ERR,ERR,ERR,ERR,ERR,ERR,ERR,ERR,ERR,ERR,ERR,ERR,ERR,ERR,ERR,ERR,ERR,ERR,ERR,ERR,ERR,ERR,ERR,ERR,ERR,ERR,ERR,ERR,ERR,ERR,ERR,ERR,ERR,ERR,ERR,ERR,ERR,ERR,ERR,ERR,ERR,ERR,ERR,ERR,ERR,ERR,34.0,80.0,35,0.0,0.0,0.0,0.0,0.0,0.0,0.0,0.0,0.0,0.0,0.0,0.0,0.0,0.0,0.0,0.0,64.4,0,116,56,49,65476,0,300,0,0,8,20529,65476,0,0,57672,80.0,0.0,0.0,0.0,0.0,0.0
2026-06-17T04:53:49,ERR,ERR,ERR,ERR,ERR,ERR,ERR,ERR,ERR,ERR,ERR,ERR,ERR,ERR,ERR,ERR,ERR,ERR,ERR,ERR,ERR,ERR,ERR,ERR,ERR,ERR,ERR,ERR,ERR,ERR,ERR,ERR,ERR,ERR,ERR,ERR,ERR,ERR,ERR,ERR,ERR,ERR,ERR,ERR,ERR,ERR,ERR,ERR,ERR,ERR,ERR,ERR,ERR,ERR,ERR,ERR,ERR,ERR,ERR,ERR,ERR,ERR,ERR,ERR,ERR,ERR,ERR,ERR,ERR,ERR,ERR,ERR,ERR,ERR,ERR,ERR,ERR,ERR,ERR,ERR,ERR,ERR,ERR,ERR,ERR,ERR,ERR,ERR,ERR,ERR,ERR,ERR,ERR,ERR,ERR,ERR,ERR,ERR,ERR,ERR,ERR,ERR,ERR,ERR,ERR,ERR,ERR,ERR,ERR,ERR,ERR,ERR,ERR,ERR,ERR,ERR,ERR,ERR,ERR,ERR,ERR,ERR,ERR,ERR,ERR,0.0,-0.0,3.028208139652935e+23,0.0,0.0,1.3936040501711995e+18,7.805,0.0,0,0,4,0,7300,-0.0,0,0.0,0.0,0.0,0.0,0.0,0,0,0,0,0.0,0,0,0,0,0,0,0,0,0,0,0,0,0,0,0,0,0,0,0,0,0,0,0,0,0,0,0,0,0,0,0,0,0,32,30,30,62,65476,0,300,0,0,8,21553,0.0,-107605600.0,0.0,0.0,0.0,0.0,0.0,0.0,0.0,0.0,0.0,0.0,0.0,0.0,0.0,0.0,0.0,0.0,0.0,0.0,0.0,0.0,-0.0,-2.004,2.004,2.004,0.0,0.0,0.0,0.0,5553.0,-564146974228480.0,6939.0,0.0,-0.0,-0.0,0.0,0.0,0.0,0.0,0.0,63,-4.066878214320265e+29,-0.0,0.0,0.0,0.0,0.0,0.0,0.0,0.0,0,0,0,0.0,0.0,0.0,0.0,0.0,0.0,0.0,0.0,0.0,0.0,0.0,0.0,0.0,0.0,0.0,0.0,0,-107875648.0,63,0.0,126,2.7184242562605685e+23,2.842318642297501e+23,ERR,ERR,ERR,ERR,ERR,ERR,ERR,ERR,ERR,ERR,ERR,ERR,ERR,ERR,ERR,ERR,ERR,ERR,ERR,ERR,ERR,ERR,ERR,ERR,ERR,ERR,ERR,ERR,ERR,ERR,ERR,ERR,ERR,ERR,ERR,ERR,ERR,ERR,ERR,ERR,ERR,ERR,ERR,ERR,ERR,ERR,ERR,ERR,ERR,ERR,ERR,ERR,ERR,ERR,ERR,ERR,ERR,ERR,ERR,ERR,ERR,ERR,ERR,ERR,ERR,ERR,ERR,34.0,80.0,35,0.0,0.0,0.0,0.0,0.0,0.0,0.0,0.0,0.0,0.0,0.0,0.0,0.0,0.0,0.0,0.0,64.4,0,116,56,49,65476,0,300,0,0,8,20529,65476,0,0,57672,80.0,0.0,0.0,0.0,0.0,0.0
2026-06-17T04:53:50,ERR,ERR,ERR,ERR,ERR,ERR,ERR,ERR,ERR,ERR,ERR,ERR,ERR,ERR,ERR,ERR,ERR,ERR,ERR,ERR,ERR,ERR,ERR,ERR,ERR,ERR,ERR,ERR,ERR,ERR,ERR,ERR,ERR,ERR,ERR,ERR,ERR,ERR,ERR,ERR,ERR,ERR,ERR,ERR,ERR,ERR,ERR,ERR,ERR,ERR,ERR,ERR,ERR,ERR,ERR,ERR,ERR,ERR,ERR,ERR,ERR,ERR,ERR,ERR,ERR,ERR,ERR,ERR,ERR,ERR,ERR,ERR,ERR,ERR,ERR,ERR,ERR,ERR,ERR,ERR,ERR,ERR,ERR,ERR,ERR,ERR,ERR,ERR,ERR,ERR,ERR,ERR,ERR,ERR,ERR,ERR,ERR,ERR,ERR,ERR,ERR,ERR,ERR,ERR,ERR,ERR,ERR,ERR,ERR,ERR,ERR,ERR,ERR,ERR,ERR,ERR,ERR,ERR,ERR,ERR,ERR,ERR,ERR,ERR,ERR,0.0,-0.0,3.028208139652935e+23,0.0,0.0,1.3936040501711995e+18,7.805,0.0,0,0,4,0,7300,-0.0,0,0.0,0.0,0.0,0.0,0.0,0,0,0,0,0.0,0,0,0,0,0,0,0,0,0,0,0,0,0,0,0,0,0,0,0,0,0,0,0,0,0,0,0,0,0,0,0,0,0,32,30,30,62,65476,0,300,0,0,8,21553,0.0,-107605600.0,0.0,0.0,0.0,0.0,0.0,0.0,0.0,0.0,0.0,0.0,0.0,0.0,0.0,0.0,0.0,0.0,0.0,0.0,0.0,0.0,-0.0,-2.004,2.004,2.004,0.0,0.0,0.0,0.0,5553.0,-564146974228480.0,6939.0,0.0,-0.0,-0.0,0.0,0.0,0.0,0.0,0.0,63,-4.066878214320265e+29,-0.0,0.0,0.0,0.0,0.0,0.0,0.0,0.0,0,0,0,0.0,0.0,0.0,0.0,0.0,0.0,0.0,0.0,0.0,0.0,0.0,0.0,0.0,0.0,0.0,0.0,0,-107875648.0,63,0.0,126,2.7184242562605685e+23,2.842318642297501e+23,ERR,ERR,ERR,ERR,ERR,ERR,ERR,ERR,ERR,ERR,ERR,ERR,ERR,ERR,ERR,ERR,ERR,ERR,ERR,ERR,ERR,ERR,ERR,ERR,ERR,ERR,ERR,ERR,ERR,ERR,ERR,ERR,ERR,ERR,ERR,ERR,ERR,ERR,ERR,ERR,ERR,ERR,ERR,ERR,ERR,ERR,ERR,ERR,ERR,ERR,ERR,ERR,ERR,ERR,ERR,ERR,ERR,ERR,ERR,ERR,ERR,ERR,ERR,ERR,ERR,ERR,ERR,34.0,80.0,35,0.0,0.0,0.0,0.0,0.0,0.0,0.0,0.0,0.0,0.0,0.0,0.0,0.0,0.0,0.0,0.0,64.8,0,116,56,49,65476,0,300,0,0,8,20529,65476,0,0,57672,80.0,0.0,0.0,0.0,0.0,0.0
2026-06-17T04:53:51,ERR,ERR,ERR,ERR,ERR,ERR,ERR,ERR,ERR,ERR,ERR,ERR,ERR,ERR,ERR,ERR,ERR,ERR,ERR,ERR,ERR,ERR,ERR,ERR,ERR,ERR,ERR,ERR,ERR,ERR,ERR,ERR,ERR,ERR,ERR,ERR,ERR,ERR,ERR,ERR,ERR,ERR,ERR,ERR,ERR,ERR,ERR,ERR,ERR,ERR,ERR,ERR,ERR,ERR,ERR,ERR,ERR,ERR,ERR,ERR,ERR,ERR,ERR,ERR,ERR,ERR,ERR,ERR,ERR,ERR,ERR,ERR,ERR,ERR,ERR,ERR,ERR,ERR,ERR,ERR,ERR,ERR,ERR,ERR,ERR,ERR,ERR,ERR,ERR,ERR,ERR,ERR,ERR,ERR,ERR,ERR,ERR,ERR,ERR,ERR,ERR,ERR,ERR,ERR,ERR,ERR,ERR,ERR,ERR,ERR,ERR,ERR,ERR,ERR,ERR,ERR,ERR,ERR,ERR,ERR,ERR,ERR,ERR,ERR,ERR,0.0,-0.0,3.028208139652935e+23,0.0,0.0,1.3936040501711995e+18,7.805,0.0,0,0,4,0,7300,-0.0,0,0.0,0.0,0.0,0.0,0.0,0,0,0,0,0.0,0,0,0,0,0,0,0,0,0,0,0,0,0,0,0,0,0,0,0,0,0,0,0,0,0,0,0,0,0,0,0,0,0,32,30,30,62,65476,0,300,0,0,8,21553,0.0,-107605600.0,0.0,0.0,0.0,0.0,0.0,0.0,0.0,0.0,0.0,0.0,0.0,0.0,0.0,0.0,0.0,0.0,0.0,0.0,0.0,0.0,-0.0,-2.004,2.004,2.004,0.0,0.0,0.0,0.0,5553.0,-564146974228480.0,6939.0,0.0,-0.0,-0.0,0.0,0.0,0.0,0.0,0.0,63,-4.066878214320265e+29,-0.0,0.0,0.0,0.0,0.0,0.0,0.0,0.0,0,0,0,0.0,0.0,0.0,0.0,0.0,0.0,0.0,0.0,0.0,0.0,0.0,0.0,0.0,0.0,0.0,0.0,0,-107875648.0,63,0.0,126,2.7184242562605685e+23,2.842318642297501e+23,ERR,ERR,ERR,ERR,ERR,ERR,ERR,ERR,ERR,ERR,ERR,ERR,ERR,ERR,ERR,ERR,ERR,ERR,ERR,ERR,ERR,ERR,ERR,ERR,ERR,ERR,ERR,ERR,ERR,ERR,ERR,ERR,ERR,ERR,ERR,ERR,ERR,ERR,ERR,ERR,ERR,ERR,ERR,ERR,ERR,ERR,ERR,ERR,ERR,ERR,ERR,ERR,ERR,ERR,ERR,ERR,ERR,ERR,ERR,ERR,ERR,ERR,ERR,ERR,ERR,ERR,ERR,34.0,80.0,35,0.0,0.0,0.0,0.0,0.0,0.0,0.0,0.0,0.0,0.0,0.0,0.0,0.0,0.0,0.0,0.0,64.4,0,116,56,49,65476,0,300,0,0,8,20529,65476,0,0,57672,80.0,0.0,0.0,0.0,0.0,0.0
2026-06-17T04:53:52,ERR,ERR,ERR,ERR,ERR,ERR,ERR,ERR,ERR,ERR,ERR,ERR,ERR,ERR,ERR,ERR,ERR,ERR,ERR,ERR,ERR,ERR,ERR,ERR,ERR,ERR,ERR,ERR,ERR,ERR,ERR,ERR,ERR,ERR,ERR,ERR,ERR,ERR,ERR,ERR,ERR,ERR,ERR,ERR,ERR,ERR,ERR,ERR,ERR,ERR,ERR,ERR,ERR,ERR,ERR,ERR,ERR,ERR,ERR,ERR,ERR,ERR,ERR,ERR,ERR,ERR,ERR,ERR,ERR,ERR,ERR,ERR,ERR,ERR,ERR,ERR,ERR,ERR,ERR,ERR,ERR,ERR,ERR,ERR,ERR,ERR,ERR,ERR,ERR,ERR,ERR,ERR,ERR,ERR,ERR,ERR,ERR,ERR,ERR,ERR,ERR,ERR,ERR,ERR,ERR,ERR,ERR,ERR,ERR,ERR,ERR,ERR,ERR,ERR,ERR,ERR,ERR,ERR,ERR,ERR,ERR,ERR,ERR,ERR,ERR,0.0,-0.0,-0.0,0.0,0.0,1.3936040501711995e+18,7.805,0.0,0,0,4,0,7300,-0.0,0,0.0,0.0,0.0,0.0,0.0,0,0,0,0,0.0,0,0,0,0,0,0,0,0,0,0,0,0,0,0,0,0,0,0,0,0,0,0,0,0,0,0,0,0,0,0,0,0,0,32,30,30,62,65476,0,300,0,0,8,21553,0.0,-107605600.0,0.0,0.0,0.0,0.0,0.0,0.0,0.0,0.0,0.0,0.0,0.0,0.0,0.0,0.0,0.0,0.0,0.0,0.0,0.0,0.0,2.004,-2.004,2.004,2.004,0.0,0.0,0.0,0.0,5553.0,-0.0,6930.0,0.0,-0.0,-0.0,0.0,0.0,0.0,0.0,0.0,63,-4.066878214320265e+29,0.0,0.0,0.0,0.0,0.0,0.0,0.0,0.0,0,0,0,0.0,0.0,0.0,0.0,0.0,0.0,0.0,0.0,0.0,0.0,0.0,0.0,0.0,0.0,0.0,0.0,0,-107875648.0,63,0.0,126,2.7184242562605685e+23,2.842318642297501e+23,ERR,ERR,ERR,ERR,ERR,ERR,ERR,ERR,ERR,ERR,ERR,ERR,ERR,ERR,ERR,ERR,ERR,ERR,ERR,ERR,ERR,ERR,ERR,ERR,ERR,ERR,ERR,ERR,ERR,ERR,ERR,ERR,ERR,ERR,ERR,ERR,ERR,ERR,ERR,ERR,ERR,ERR,ERR,ERR,ERR,ERR,ERR,ERR,ERR,ERR,ERR,ERR,ERR,ERR,ERR,ERR,ERR,ERR,ERR,ERR,ERR,ERR,ERR,ERR,ERR,ERR,ERR,34.0,80.0,35,0.0,0.0,0.0,0.0,0.0,0.0,0.0,0.0,0.0,0.0,0.0,0.0,0.0,0.0,0.0,0.0,64.4,0,116,56,49,65476,0,300,0,0,8,20529,65476,0,0,57672,80.0,0.0,0.0,0.0,0.0,0.0
2026-06-17T04:53:53,ERR,ERR,ERR,ERR,ERR,ERR,ERR,ERR,ERR,ERR,ERR,ERR,ERR,ERR,ERR,ERR,ERR,ERR,ERR,ERR,ERR,ERR,ERR,ERR,ERR,ERR,ERR,ERR,ERR,ERR,ERR,ERR,ERR,ERR,ERR,ERR,ERR,ERR,ERR,ERR,ERR,ERR,ERR,ERR,ERR,ERR,ERR,ERR,ERR,ERR,ERR,ERR,ERR,ERR,ERR,ERR,ERR,ERR,ERR,ERR,ERR,ERR,ERR,ERR,ERR,ERR,ERR,ERR,ERR,ERR,ERR,ERR,ERR,ERR,ERR,ERR,ERR,ERR,ERR,ERR,ERR,ERR,ERR,ERR,ERR,ERR,ERR,ERR,ERR,ERR,ERR,ERR,ERR,ERR,ERR,ERR,ERR,ERR,ERR,ERR,ERR,ERR,ERR,ERR,ERR,ERR,ERR,ERR,ERR,ERR,ERR,ERR,ERR,ERR,ERR,ERR,ERR,ERR,ERR,ERR,ERR,ERR,ERR,ERR,ERR,0.0,-0.0,-0.0,0.0,0.0,1.3936040501711995e+18,7.805,0.0,0,0,4,0,7300,-0.0,0,0.0,0.0,0.0,0.0,0.0,0,0,0,0,0.0,0,0,0,0,0,0,0,0,0,0,0,0,0,0,0,0,0,0,0,0,0,0,0,0,0,0,0,0,0,0,0,0,0,32,30,30,62,65476,0,300,0,0,8,21553,0.0,-107605600.0,0.0,0.0,0.0,0.0,0.0,0.0,0.0,0.0,0.0,0.0,0.0,0.0,0.0,0.0,0.0,0.0,0.0,0.0,0.0,0.0,2.004,-2.004,2.004,2.004,0.0,0.0,0.0,0.0,5553.0,-0.0,6930.0,0.0,-0.0,-0.0,0.0,0.0,0.0,0.0,0.0,63,-4.066878214320265e+29,0.0,0.0,0.0,0.0,0.0,0.0,0.0,0.0,0,0,0,0.0,0.0,0.0,0.0,0.0,0.0,0.0,0.0,0.0,0.0,0.0,0.0,0.0,0.0,0.0,0.0,0,-107875648.0,63,0.0,126,2.7184242562605685e+23,2.842318642297501e+23,ERR,ERR,ERR,ERR,ERR,ERR,ERR,ERR,ERR,ERR,ERR,ERR,ERR,ERR,ERR,ERR,ERR,ERR,ERR,ERR,ERR,ERR,ERR,ERR,ERR,ERR,ERR,ERR,ERR,ERR,ERR,ERR,ERR,ERR,ERR,ERR,ERR,ERR,ERR,ERR,ERR,ERR,ERR,ERR,ERR,ERR,ERR,ERR,ERR,ERR,ERR,ERR,ERR,ERR,ERR,ERR,ERR,ERR,ERR,ERR,ERR,ERR,ERR,ERR,ERR,ERR,ERR,34.0,80.0,35,0.0,0.0,0.0,0.0,0.0,0.0,0.0,0.0,0.0,0.0,0.0,0.0,0.0,0.0,0.0,0.0,64.4,0,116,56,49,65476,0,300,0,0,8,20529,65476,0,0,57672,80.0,0.0,0.0,0.0,0.0,0.0
2026-06-17T04:53:54,ERR,ERR,ERR,ERR,ERR,ERR,ERR,ERR,ERR,ERR,ERR,ERR,ERR,ERR,ERR,ERR,ERR,ERR,ERR,ERR,ERR,ERR,ERR,ERR,ERR,ERR,ERR,ERR,ERR,ERR,ERR,ERR,ERR,ERR,ERR,ERR,ERR,ERR,ERR,ERR,ERR,ERR,ERR,ERR,ERR,ERR,ERR,ERR,ERR,ERR,ERR,ERR,ERR,ERR,ERR,ERR,ERR,ERR,ERR,ERR,ERR,ERR,ERR,ERR,ERR,ERR,ERR,ERR,ERR,ERR,ERR,ERR,ERR,ERR,ERR,ERR,ERR,ERR,ERR,ERR,ERR,ERR,ERR,ERR,ERR,ERR,ERR,ERR,ERR,ERR,ERR,ERR,ERR,ERR,ERR,ERR,ERR,ERR,ERR,ERR,ERR,ERR,ERR,ERR,ERR,ERR,ERR,ERR,ERR,ERR,ERR,ERR,ERR,ERR,ERR,ERR,ERR,ERR,ERR,ERR,ERR,ERR,ERR,ERR,ERR,0.0,-0.0,-0.0,0.0,0.0,1.3936040501711995e+18,7.805,0.0,0,0,4,0,7300,-0.0,0,0.0,0.0,0.0,0.0,0.0,0,0,0,0,0.0,0,0,0,0,0,0,0,0,0,0,0,0,0,0,0,0,0,0,0,0,0,0,0,0,0,0,0,0,0,0,0,0,0,32,30,30,62,65476,0,300,0,0,8,21553,0.0,-107605600.0,0.0,0.0,0.0,0.0,0.0,0.0,0.0,0.0,0.0,0.0,0.0,0.0,0.0,0.0,0.0,0.0,0.0,0.0,0.0,0.0,2.004,-2.004,2.004,2.004,0.0,0.0,0.0,0.0,5553.0,-0.0,6930.0,0.0,-0.0,-0.0,0.0,0.0,0.0,0.0,0.0,63,-4.066878214320265e+29,0.0,0.0,0.0,0.0,0.0,0.0,0.0,0.0,0,0,0,0.0,0.0,0.0,0.0,0.0,0.0,0.0,0.0,0.0,0.0,0.0,0.0,0.0,0.0,0.0,0.0,0,-107875648.0,63,0.0,126,2.7184242562605685e+23,2.842318642297501e+23,ERR,ERR,ERR,ERR,ERR,ERR,ERR,ERR,ERR,ERR,ERR,ERR,ERR,ERR,ERR,ERR,ERR,ERR,ERR,ERR,ERR,ERR,ERR,ERR,ERR,ERR,ERR,ERR,ERR,ERR,ERR,ERR,ERR,ERR,ERR,ERR,ERR,ERR,ERR,ERR,ERR,ERR,ERR,ERR,ERR,ERR,ERR,ERR,ERR,ERR,ERR,ERR,ERR,ERR,ERR,ERR,ERR,ERR,ERR,ERR,ERR,ERR,ERR,ERR,ERR,ERR,ERR,34.0,80.0,35,0.0,0.0,0.0,0.0,0.0,0.0,0.0,0.0,0.0,0.0,0.0,0.0,0.0,0.0,0.0,0.0,64.4,0,116,56,49,65476,0,300,0,0,8,20529,65476,0,0,57672,80.0,0.0,0.0,0.0,0.0,0.0
2026-06-17T04:53:55,ERR,ERR,ERR,ERR,ERR,ERR,ERR,ERR,ERR,ERR,ERR,ERR,ERR,ERR,ERR,ERR,ERR,ERR,ERR,ERR,ERR,ERR,ERR,ERR,ERR,ERR,ERR,ERR,ERR,ERR,ERR,ERR,ERR,ERR,ERR,ERR,ERR,ERR,ERR,ERR,ERR,ERR,ERR,ERR,ERR,ERR,ERR,ERR,ERR,ERR,ERR,ERR,ERR,ERR,ERR,ERR,ERR,ERR,ERR,ERR,ERR,ERR,ERR,ERR,ERR,ERR,ERR,ERR,ERR,ERR,ERR,ERR,ERR,ERR,ERR,ERR,ERR,ERR,ERR,ERR,ERR,ERR,ERR,ERR,ERR,ERR,ERR,ERR,ERR,ERR,ERR,ERR,ERR,ERR,ERR,ERR,ERR,ERR,ERR,ERR,ERR,ERR,ERR,ERR,ERR,ERR,ERR,ERR,ERR,ERR,ERR,ERR,ERR,ERR,ERR,ERR,ERR,ERR,ERR,ERR,ERR,ERR,ERR,ERR,ERR,0.0,-0.0,-0.0,0.0,0.0,1.3936040501711995e+18,7.805,0.0,0,0,4,0,7300,-0.0,0,0.0,0.0,0.0,0.0,0.0,0,0,0,0,0.0,0,0,0,0,0,0,0,0,0,0,0,0,0,0,0,0,0,0,0,0,0,0,0,0,0,0,0,0,0,0,0,0,0,32,30,30,62,65476,0,300,0,0,8,21553,0.0,-107605600.0,0.0,0.0,0.0,0.0,0.0,0.0,0.0,0.0,0.0,0.0,0.0,0.0,0.0,0.0,0.0,0.0,0.0,0.0,0.0,0.0,2.004,-2.004,2.004,2.004,0.0,0.0,0.0,0.0,5553.0,-0.0,6930.0,0.0,-0.0,-0.0,0.0,0.0,0.0,0.0,0.0,63,-4.066878214320265e+29,0.0,0.0,0.0,0.0,0.0,0.0,0.0,0.0,0,0,0,0.0,0.0,0.0,0.0,0.0,0.0,0.0,0.0,0.0,0.0,0.0,0.0,0.0,0.0,0.0,0.0,0,-107875648.0,63,0.0,126,2.7184242562605685e+23,2.842318642297501e+23,ERR,ERR,ERR,ERR,ERR,ERR,ERR,ERR,ERR,ERR,ERR,ERR,ERR,ERR,ERR,ERR,ERR,ERR,ERR,ERR,ERR,ERR,ERR,ERR,ERR,ERR,ERR,ERR,ERR,ERR,ERR,ERR,ERR,ERR,ERR,ERR,ERR,ERR,ERR,ERR,ERR,ERR,ERR,ERR,ERR,ERR,ERR,ERR,ERR,ERR,ERR,ERR,ERR,ERR,ERR,ERR,ERR,ERR,ERR,ERR,ERR,ERR,ERR,ERR,ERR,ERR,ERR,34.0,80.0,35,0.0,0.0,0.0,0.0,0.0,0.0,0.0,0.0,0.0,0.0,0.0,0.0,0.0,0.0,0.0,0.0,64.4,0,116,56,49,65476,0,300,0,0,8,20529,65476,0,0,57672,80.0,0.0,0.0,0.0,0.0,0.0
2026-06-17T04:53:56,ERR,ERR,ERR,ERR,ERR,ERR,ERR,ERR,ERR,ERR,ERR,ERR,ERR,ERR,ERR,ERR,ERR,ERR,ERR,ERR,ERR,ERR,ERR,ERR,ERR,ERR,ERR,ERR,ERR,ERR,ERR,ERR,ERR,ERR,ERR,ERR,ERR,ERR,ERR,ERR,ERR,ERR,ERR,ERR,ERR,ERR,ERR,ERR,ERR,ERR,ERR,ERR,ERR,ERR,ERR,ERR,ERR,ERR,ERR,ERR,ERR,ERR,ERR,ERR,ERR,ERR,ERR,ERR,ERR,ERR,ERR,ERR,ERR,ERR,ERR,ERR,ERR,ERR,ERR,ERR,ERR,ERR,ERR,ERR,ERR,ERR,ERR,ERR,ERR,ERR,ERR,ERR,ERR,ERR,ERR,ERR,ERR,ERR,ERR,ERR,ERR,ERR,ERR,ERR,ERR,ERR,ERR,ERR,ERR,ERR,ERR,ERR,ERR,ERR,ERR,ERR,ERR,ERR,ERR,ERR,ERR,ERR,ERR,ERR,ERR,0.0,-0.0,-0.0,0.0,0.0,1.3936040501711995e+18,7.805,0.0,0,0,4,0,7300,-0.0,0,0.0,0.0,0.0,0.0,0.0,0,0,0,0,0.0,0,0,0,0,0,0,0,0,0,0,0,0,0,0,0,0,0,0,0,0,0,0,0,0,0,0,0,0,0,0,0,0,0,32,30,30,62,65476,0,300,0,0,8,21553,0.0,-107605600.0,0.0,0.0,0.0,0.0,0.0,0.0,0.0,0.0,0.0,0.0,0.0,0.0,0.0,0.0,0.0,0.0,0.0,0.0,0.0,0.0,2.004,-2.004,2.004,2.004,0.0,0.0,0.0,0.0,5553.0,-0.0,6930.0,0.0,-0.0,-0.0,0.0,0.0,0.0,0.0,0.0,63,-4.066878214320265e+29,0.0,0.0,0.0,0.0,0.0,0.0,0.0,0.0,0,0,0,0.0,0.0,0.0,0.0,0.0,0.0,0.0,0.0,0.0,0.0,0.0,0.0,0.0,0.0,0.0,0.0,0,-107875648.0,63,0.0,126,2.7184242562605685e+23,2.842318642297501e+23,ERR,ERR,ERR,ERR,ERR,ERR,ERR,ERR,ERR,ERR,ERR,ERR,ERR,ERR,ERR,ERR,ERR,ERR,ERR,ERR,ERR,ERR,ERR,ERR,ERR,ERR,ERR,ERR,ERR,ERR,ERR,ERR,ERR,ERR,ERR,ERR,ERR,ERR,ERR,ERR,ERR,ERR,ERR,ERR,ERR,ERR,ERR,ERR,ERR,ERR,ERR,ERR,ERR,ERR,ERR,ERR,ERR,ERR,ERR,ERR,ERR,ERR,ERR,ERR,ERR,ERR,ERR,34.0,80.0,35,0.0,0.0,0.0,0.0,0.0,0.0,0.0,0.0,0.0,0.0,0.0,0.0,0.0,0.0,0.0,0.0,64.4,0,116,56,49,65476,0,300,0,0,8,20529,65476,0,0,57672,80.0,0.0,0.0,0.0,0.0,0.0
2026-06-17T04:53:57,ERR,ERR,ERR,ERR,ERR,ERR,ERR,ERR,ERR,ERR,ERR,ERR,ERR,ERR,ERR,ERR,ERR,ERR,ERR,ERR,ERR,ERR,ERR,ERR,ERR,ERR,ERR,ERR,ERR,ERR,ERR,ERR,ERR,ERR,ERR,ERR,ERR,ERR,ERR,ERR,ERR,ERR,ERR,ERR,ERR,ERR,ERR,ERR,ERR,ERR,ERR,ERR,ERR,ERR,ERR,ERR,ERR,ERR,ERR,ERR,ERR,ERR,ERR,ERR,ERR,ERR,ERR,ERR,ERR,ERR,ERR,ERR,ERR,ERR,ERR,ERR,ERR,ERR,ERR,ERR,ERR,ERR,ERR,ERR,ERR,ERR,ERR,ERR,ERR,ERR,ERR,ERR,ERR,ERR,ERR,ERR,ERR,ERR,ERR,ERR,ERR,ERR,ERR,ERR,ERR,ERR,ERR,ERR,ERR,ERR,ERR,ERR,ERR,ERR,ERR,ERR,ERR,ERR,ERR,ERR,ERR,ERR,ERR,ERR,ERR,0.0,-0.0,-0.0,0.0,0.0,1.3936040501711995e+18,7.805,0.0,0,0,4,0,7300,-0.0,0,0.0,0.0,0.0,0.0,0.0,0,0,0,0,0.0,0,0,0,0,0,0,0,0,0,0,0,0,0,0,0,0,0,0,0,0,0,0,0,0,0,0,0,0,0,0,0,0,0,32,30,30,62,65476,0,300,0,0,8,21553,0.0,-107605600.0,0.0,0.0,0.0,0.0,0.0,0.0,0.0,0.0,0.0,0.0,0.0,0.0,0.0,0.0,0.0,0.0,0.0,0.0,0.0,0.0,-0.0,-2.004,2.004,2.004,0.0,0.0,0.0,0.0,5553.0,1.0406674853550389e+34,6927.0,0.0,-0.0,-0.0,0.0,0.0,0.0,0.0,0.0,63,-4.066878214320265e+29,0.0,0.0,0.0,0.0,0.0,0.0,0.0,0.0,0,0,0,0.0,0.0,0.0,0.0,0.0,0.0,0.0,0.0,0.0,0.0,0.0,0.0,0.0,0.0,0.0,0.0,0,-107875648.0,63,0.0,126,2.7184242562605685e+23,2.842318642297501e+23,ERR,ERR,ERR,ERR,ERR,ERR,ERR,ERR,ERR,ERR,ERR,ERR,ERR,ERR,ERR,ERR,ERR,ERR,ERR,ERR,ERR,ERR,ERR,ERR,ERR,ERR,ERR,ERR,ERR,ERR,ERR,ERR,ERR,ERR,ERR,ERR,ERR,ERR,ERR,ERR,ERR,ERR,ERR,ERR,ERR,ERR,ERR,ERR,ERR,ERR,ERR,ERR,ERR,ERR,ERR,ERR,ERR,ERR,ERR,ERR,ERR,ERR,ERR,ERR,ERR,ERR,ERR,34.0,80.0,35,0.0,0.0,0.0,0.0,0.0,0.0,0.0,0.0,0.0,0.0,0.0,0.0,0.0,0.0,0.0,0.0,64.8,0,116,56,49,65476,0,300,0,0,8,20529,65476,0,0,57672,80.0,0.0,0.0,0.0,0.0,0.0
2026-06-17T04:53:58,ERR,ERR,ERR,ERR,ERR,ERR,ERR,ERR,ERR,ERR,ERR,ERR,ERR,ERR,ERR,ERR,ERR,ERR,ERR,ERR,ERR,ERR,ERR,ERR,ERR,ERR,ERR,ERR,ERR,ERR,ERR,ERR,ERR,ERR,ERR,ERR,ERR,ERR,ERR,ERR,ERR,ERR,ERR,ERR,ERR,ERR,ERR,ERR,ERR,ERR,ERR,ERR,ERR,ERR,ERR,ERR,ERR,ERR,ERR,ERR,ERR,ERR,ERR,ERR,ERR,ERR,ERR,ERR,ERR,ERR,ERR,ERR,ERR,ERR,ERR,ERR,ERR,ERR,ERR,ERR,ERR,ERR,ERR,ERR,ERR,ERR,ERR,ERR,ERR,ERR,ERR,ERR,ERR,ERR,ERR,ERR,ERR,ERR,ERR,ERR,ERR,ERR,ERR,ERR,ERR,ERR,ERR,ERR,ERR,ERR,ERR,ERR,ERR,ERR,ERR,ERR,ERR,ERR,ERR,ERR,ERR,ERR,ERR,ERR,ERR,0.0,-0.0,-0.0,0.0,0.0,1.3936040501711995e+18,7.805,0.0,0,0,4,0,7300,-0.0,0,0.0,0.0,0.0,0.0,0.0,0,0,0,0,0.0,0,0,0,0,0,0,0,0,0,0,0,0,0,0,0,0,0,0,0,0,0,0,0,0,0,0,0,0,0,0,0,0,0,32,30,30,62,65476,0,300,0,0,8,21553,0.0,-107605600.0,0.0,0.0,0.0,0.0,0.0,0.0,0.0,0.0,0.0,0.0,0.0,0.0,0.0,0.0,0.0,0.0,0.0,0.0,0.0,0.0,-0.0,-2.004,2.004,2.004,0.0,0.0,0.0,0.0,5553.0,1.0406674853550389e+34,6927.0,0.0,-0.0,-0.0,0.0,0.0,0.0,0.0,0.0,63,-4.066878214320265e+29,0.0,0.0,0.0,0.0,0.0,0.0,0.0,0.0,0,0,0,0.0,0.0,0.0,0.0,0.0,0.0,0.0,0.0,0.0,0.0,0.0,0.0,0.0,0.0,0.0,0.0,0,-107875648.0,63,0.0,126,2.7184242562605685e+23,2.842318642297501e+23,ERR,ERR,ERR,ERR,ERR,ERR,ERR,ERR,ERR,ERR,ERR,ERR,ERR,ERR,ERR,ERR,ERR,ERR,ERR,ERR,ERR,ERR,ERR,ERR,ERR,ERR,ERR,ERR,ERR,ERR,ERR,ERR,ERR,ERR,ERR,ERR,ERR,ERR,ERR,ERR,ERR,ERR,ERR,ERR,ERR,ERR,ERR,ERR,ERR,ERR,ERR,ERR,ERR,ERR,ERR,ERR,ERR,ERR,ERR,ERR,ERR,ERR,ERR,ERR,ERR,ERR,ERR,34.0,80.0,35,0.0,0.0,0.0,0.0,0.0,0.0,0.0,0.0,0.0,0.0,0.0,0.0,0.0,0.0,0.0,0.0,64.8,0,116,56,49,65476,0,300,0,0,8,20529,65476,0,0,57672,80.0,0.0,0.0,0.0,0.0,0.0
2026-06-17T04:53:59,ERR,ERR,ERR,ERR,ERR,ERR,ERR,ERR,ERR,ERR,ERR,ERR,ERR,ERR,ERR,ERR,ERR,ERR,ERR,ERR,ERR,ERR,ERR,ERR,ERR,ERR,ERR,ERR,ERR,ERR,ERR,ERR,ERR,ERR,ERR,ERR,ERR,ERR,ERR,ERR,ERR,ERR,ERR,ERR,ERR,ERR,ERR,ERR,ERR,ERR,ERR,ERR,ERR,ERR,ERR,ERR,ERR,ERR,ERR,ERR,ERR,ERR,ERR,ERR,ERR,ERR,ERR,ERR,ERR,ERR,ERR,ERR,ERR,ERR,ERR,ERR,ERR,ERR,ERR,ERR,ERR,ERR,ERR,ERR,ERR,ERR,ERR,ERR,ERR,ERR,ERR,ERR,ERR,ERR,ERR,ERR,ERR,ERR,ERR,ERR,ERR,ERR,ERR,ERR,ERR,ERR,ERR,ERR,ERR,ERR,ERR,ERR,ERR,ERR,ERR,ERR,ERR,ERR,ERR,ERR,ERR,ERR,ERR,ERR,ERR,0.0,-0.0,-0.0,0.0,0.0,1.3936040501711995e+18,7.805,0.0,0,0,4,0,7300,-0.0,0,0.0,0.0,0.0,0.0,0.0,0,0,0,0,0.0,0,0,0,0,0,0,0,0,0,0,0,0,0,0,0,0,0,0,0,0,0,0,0,0,0,0,0,0,0,0,0,0,0,32,30,30,62,65476,0,300,0,0,8,21553,0.0,-107605600.0,0.0,0.0,0.0,0.0,0.0,0.0,0.0,0.0,0.0,0.0,0.0,0.0,0.0,0.0,0.0,0.0,0.0,0.0,0.0,0.0,-0.0,-2.004,2.004,2.004,0.0,0.0,0.0,0.0,5553.0,1.0406674853550389e+34,6927.0,0.0,-0.0,-0.0,0.0,0.0,0.0,0.0,0.0,63,-4.066878214320265e+29,0.0,0.0,0.0,0.0,0.0,0.0,0.0,0.0,0,0,0,0.0,0.0,0.0,0.0,0.0,0.0,0.0,0.0,0.0,0.0,0.0,0.0,0.0,0.0,0.0,0.0,0,-107875648.0,63,0.0,126,2.7184242562605685e+23,2.842318642297501e+23,ERR,ERR,ERR,ERR,ERR,ERR,ERR,ERR,ERR,ERR,ERR,ERR,ERR,ERR,ERR,ERR,ERR,ERR,ERR,ERR,ERR,ERR,ERR,ERR,ERR,ERR,ERR,ERR,ERR,ERR,ERR,ERR,ERR,ERR,ERR,ERR,ERR,ERR,ERR,ERR,ERR,ERR,ERR,ERR,ERR,ERR,ERR,ERR,ERR,ERR,ERR,ERR,ERR,ERR,ERR,ERR,ERR,ERR,ERR,ERR,ERR,ERR,ERR,ERR,ERR,ERR,ERR,34.0,80.0,35,0.0,0.0,0.0,0.0,0.0,0.0,0.0,0.0,0.0,0.0,0.0,0.0,0.0,0.0,0.0,0.0,64.4,0,116,56,49,65476,0,300,0,0,8,20529,65476,0,0,57672,80.0,0.0,0.0,0.0,0.0,0.0
2026-06-17T04:54:00,ERR,ERR,ERR,ERR,ERR,ERR,ERR,ERR,ERR,ERR,ERR,ERR,ERR,ERR,ERR,ERR,ERR,ERR,ERR,ERR,ERR,ERR,ERR,ERR,ERR,ERR,ERR,ERR,ERR,ERR,ERR,ERR,ERR,ERR,ERR,ERR,ERR,ERR,ERR,ERR,ERR,ERR,ERR,ERR,ERR,ERR,ERR,ERR,ERR,ERR,ERR,ERR,ERR,ERR,ERR,ERR,ERR,ERR,ERR,ERR,ERR,ERR,ERR,ERR,ERR,ERR,ERR,ERR,ERR,ERR,ERR,ERR,ERR,ERR,ERR,ERR,ERR,ERR,ERR,ERR,ERR,ERR,ERR,ERR,ERR,ERR,ERR,ERR,ERR,ERR,ERR,ERR,ERR,ERR,ERR,ERR,ERR,ERR,ERR,ERR,ERR,ERR,ERR,ERR,ERR,ERR,ERR,ERR,ERR,ERR,ERR,ERR,ERR,ERR,ERR,ERR,ERR,ERR,ERR,ERR,ERR,ERR,ERR,ERR,ERR,0.0,-0.0,-0.0,0.0,0.0,1.3936040501711995e+18,7.805,0.0,0,0,4,0,7300,-0.0,0,0.0,0.0,0.0,0.0,0.0,0,0,0,0,0.0,0,0,0,0,0,0,0,0,0,0,0,0,0,0,0,0,0,0,0,0,0,0,0,0,0,0,0,0,0,0,0,0,0,32,30,30,62,65476,0,300,0,0,8,21553,0.0,-107605600.0,0.0,0.0,0.0,0.0,0.0,0.0,0.0,0.0,0.0,0.0,0.0,0.0,0.0,0.0,0.0,0.0,0.0,0.0,0.0,0.0,-0.0,-2.004,2.004,2.004,0.0,0.0,0.0,0.0,5553.0,1.0406674853550389e+34,6927.0,0.0,-0.0,-0.0,0.0,0.0,0.0,0.0,0.0,63,-4.066878214320265e+29,0.0,0.0,0.0,0.0,0.0,0.0,0.0,0.0,0,0,0,0.0,0.0,0.0,0.0,0.0,0.0,0.0,0.0,0.0,0.0,0.0,0.0,0.0,0.0,0.0,0.0,0,-107875648.0,63,0.0,126,2.7184242562605685e+23,2.842318642297501e+23,ERR,ERR,ERR,ERR,ERR,ERR,ERR,ERR,ERR,ERR,ERR,ERR,ERR,ERR,ERR,ERR,ERR,ERR,ERR,ERR,ERR,ERR,ERR,ERR,ERR,ERR,ERR,ERR,ERR,ERR,ERR,ERR,ERR,ERR,ERR,ERR,ERR,ERR,ERR,ERR,ERR,ERR,ERR,ERR,ERR,ERR,ERR,ERR,ERR,ERR,ERR,ERR,ERR,ERR,ERR,ERR,ERR,ERR,ERR,ERR,ERR,ERR,ERR,ERR,ERR,ERR,ERR,34.0,80.0,35,0.0,0.0,0.0,0.0,0.0,0.0,0.0,0.0,0.0,0.0,0.0,0.0,0.0,0.0,0.0,0.0,64.4,0,116,56,49,65476,0,300,0,0,8,20529,65476,0,0,57672,80.0,0.0,0.0,0.0,0.0,0.0
2026-06-17T04:54:01,ERR,ERR,ERR,ERR,ERR,ERR,ERR,ERR,ERR,ERR,ERR,ERR,ERR,ERR,ERR,ERR,ERR,ERR,ERR,ERR,ERR,ERR,ERR,ERR,ERR,ERR,ERR,ERR,ERR,ERR,ERR,ERR,ERR,ERR,ERR,ERR,ERR,ERR,ERR,ERR,ERR,ERR,ERR,ERR,ERR,ERR,ERR,ERR,ERR,ERR,ERR,ERR,ERR,ERR,ERR,ERR,ERR,ERR,ERR,ERR,ERR,ERR,ERR,ERR,ERR,ERR,ERR,ERR,ERR,ERR,ERR,ERR,ERR,ERR,ERR,ERR,ERR,ERR,ERR,ERR,ERR,ERR,ERR,ERR,ERR,ERR,ERR,ERR,ERR,ERR,ERR,ERR,ERR,ERR,ERR,ERR,ERR,ERR,ERR,ERR,ERR,ERR,ERR,ERR,ERR,ERR,ERR,ERR,ERR,ERR,ERR,ERR,ERR,ERR,ERR,ERR,ERR,ERR,ERR,ERR,ERR,ERR,ERR,ERR,ERR,0.0,-0.0,-0.0,0.0,0.0,1.3936040501711995e+18,7.805,0.0,0,0,4,0,7300,-0.0,0,0.0,0.0,0.0,0.0,0.0,0,0,0,0,0.0,0,0,0,0,0,0,0,0,0,0,0,0,0,0,0,0,0,0,0,0,0,0,0,0,0,0,0,0,0,0,0,0,0,32,30,30,62,65476,0,300,0,0,8,21553,0.0,-107605600.0,0.0,0.0,0.0,0.0,0.0,0.0,0.0,0.0,0.0,0.0,0.0,0.0,0.0,0.0,0.0,0.0,0.0,0.0,0.0,0.0,-0.0,-2.004,2.004,2.004,0.0,0.0,0.0,0.0,5553.0,1.0406674853550389e+34,6927.0,0.0,-0.0,-0.0,0.0,0.0,0.0,0.0,0.0,63,-4.066878214320265e+29,0.0,0.0,0.0,0.0,0.0,0.0,0.0,0.0,0,0,0,0.0,0.0,0.0,0.0,0.0,0.0,0.0,0.0,0.0,0.0,0.0,0.0,0.0,0.0,0.0,0.0,0,-107875648.0,63,0.0,126,2.7184242562605685e+23,2.842318642297501e+23,ERR,ERR,ERR,ERR,ERR,ERR,ERR,ERR,ERR,ERR,ERR,ERR,ERR,ERR,ERR,ERR,ERR,ERR,ERR,ERR,ERR,ERR,ERR,ERR,ERR,ERR,ERR,ERR,ERR,ERR,ERR,ERR,ERR,ERR,ERR,ERR,ERR,ERR,ERR,ERR,ERR,ERR,ERR,ERR,ERR,ERR,ERR,ERR,ERR,ERR,ERR,ERR,ERR,ERR,ERR,ERR,ERR,ERR,ERR,ERR,ERR,ERR,ERR,ERR,ERR,ERR,ERR,34.0,80.0,35,0.0,0.0,0.0,0.0,0.0,0.0,0.0,0.0,0.0,0.0,0.0,0.0,0.0,0.0,0.0,0.0,64.4,0,116,56,49,65476,0,300,0,0,8,20529,65476,0,0,57672,80.0,0.0,0.0,0.0,0.0,0.0
2026-06-17T04:54:02,ERR,ERR,ERR,ERR,ERR,ERR,ERR,ERR,ERR,ERR,ERR,ERR,ERR,ERR,ERR,ERR,ERR,ERR,ERR,ERR,ERR,ERR,ERR,ERR,ERR,ERR,ERR,ERR,ERR,ERR,ERR,ERR,ERR,ERR,ERR,ERR,ERR,ERR,ERR,ERR,ERR,ERR,ERR,ERR,ERR,ERR,ERR,ERR,ERR,ERR,ERR,ERR,ERR,ERR,ERR,ERR,ERR,ERR,ERR,ERR,ERR,ERR,ERR,ERR,ERR,ERR,ERR,ERR,ERR,ERR,ERR,ERR,ERR,ERR,ERR,ERR,ERR,ERR,ERR,ERR,ERR,ERR,ERR,ERR,ERR,ERR,ERR,ERR,ERR,ERR,ERR,ERR,ERR,ERR,ERR,ERR,ERR,ERR,ERR,ERR,ERR,ERR,ERR,ERR,ERR,ERR,ERR,ERR,ERR,ERR,ERR,ERR,ERR,ERR,ERR,ERR,ERR,ERR,ERR,ERR,ERR,ERR,ERR,ERR,ERR,0.0,-0.0,3.028208139652935e+23,0.0,0.0,1.3936040501711995e+18,7.805,0.0,0,0,4,0,7300,-0.0,0,0.0,0.0,0.0,0.0,0.0,0,0,0,0,0.0,0,0,0,0,0,0,0,0,0,0,0,0,0,0,0,0,0,0,0,0,0,0,0,0,0,0,0,0,0,0,0,0,0,32,30,30,62,65476,0,300,0,0,8,21553,0.0,-107605600.0,0.0,0.0,0.0,0.0,0.0,0.0,0.0,0.0,0.0,0.0,0.0,0.0,0.0,0.0,0.0,0.0,0.0,0.0,0.0,0.0,2.004,-2.004,2.004,2.004,0.0,0.0,0.0,0.0,5554.0,0.0,6918.0,0.0,-0.0,-0.0,0.0,0.0,0.0,0.0,0.0,63,-4.9504266636054534e+32,-0.0,0.0,0.0,0.0,0.0,0.0,0.0,0.0,0,0,0,0.0,0.0,0.0,0.0,0.0,0.0,0.0,0.0,0.0,0.0,0.0,0.0,0.0,0.0,0.0,0.0,0,-107875648.0,63,0.0,126,2.7184242562605685e+23,2.842318642297501e+23,ERR,ERR,ERR,ERR,ERR,ERR,ERR,ERR,ERR,ERR,ERR,ERR,ERR,ERR,ERR,ERR,ERR,ERR,ERR,ERR,ERR,ERR,ERR,ERR,ERR,ERR,ERR,ERR,ERR,ERR,ERR,ERR,ERR,ERR,ERR,ERR,ERR,ERR,ERR,ERR,ERR,ERR,ERR,ERR,ERR,ERR,ERR,ERR,ERR,ERR,ERR,ERR,ERR,ERR,ERR,ERR,ERR,ERR,ERR,ERR,ERR,ERR,ERR,ERR,ERR,ERR,ERR,34.0,80.0,35,0.0,0.0,0.0,0.0,0.0,0.0,0.0,0.0,0.0,0.0,0.0,0.0,0.0,0.0,0.0,0.0,64.4,0,116,56,49,65476,0,300,0,0,8,20529,65476,0,0,57672,80.0,0.0,0.0,0.0,0.0,0.0
2026-06-17T04:54:03,ERR,ERR,ERR,ERR,ERR,ERR,ERR,ERR,ERR,ERR,ERR,ERR,ERR,ERR,ERR,ERR,ERR,ERR,ERR,ERR,ERR,ERR,ERR,ERR,ERR,ERR,ERR,ERR,ERR,ERR,ERR,ERR,ERR,ERR,ERR,ERR,ERR,ERR,ERR,ERR,ERR,ERR,ERR,ERR,ERR,ERR,ERR,ERR,ERR,ERR,ERR,ERR,ERR,ERR,ERR,ERR,ERR,ERR,ERR,ERR,ERR,ERR,ERR,ERR,ERR,ERR,ERR,ERR,ERR,ERR,ERR,ERR,ERR,ERR,ERR,ERR,ERR,ERR,ERR,ERR,ERR,ERR,ERR,ERR,ERR,ERR,ERR,ERR,ERR,ERR,ERR,ERR,ERR,ERR,ERR,ERR,ERR,ERR,ERR,ERR,ERR,ERR,ERR,ERR,ERR,ERR,ERR,ERR,ERR,ERR,ERR,ERR,ERR,ERR,ERR,ERR,ERR,ERR,ERR,ERR,ERR,ERR,ERR,ERR,ERR,0.0,-0.0,3.028208139652935e+23,0.0,0.0,1.3936040501711995e+18,7.805,0.0,0,0,4,0,7300,-0.0,0,0.0,0.0,0.0,0.0,0.0,0,0,0,0,0.0,0,0,0,0,0,0,0,0,0,0,0,0,0,0,0,0,0,0,0,0,0,0,0,0,0,0,0,0,0,0,0,0,0,32,30,30,62,65476,0,300,0,0,8,21553,0.0,-107605600.0,0.0,0.0,0.0,0.0,0.0,0.0,0.0,0.0,0.0,0.0,0.0,0.0,0.0,0.0,0.0,0.0,0.0,0.0,0.0,0.0,2.004,-2.004,2.004,2.004,0.0,0.0,0.0,0.0,5554.0,0.0,6918.0,0.0,-0.0,-0.0,0.0,0.0,0.0,0.0,0.0,63,-4.9504266636054534e+32,-0.0,0.0,0.0,0.0,0.0,0.0,0.0,0.0,0,0,0,0.0,0.0,0.0,0.0,0.0,0.0,0.0,0.0,0.0,0.0,0.0,0.0,0.0,0.0,0.0,0.0,0,-107875648.0,63,0.0,126,2.7184242562605685e+23,2.842318642297501e+23,ERR,ERR,ERR,ERR,ERR,ERR,ERR,ERR,ERR,ERR,ERR,ERR,ERR,ERR,ERR,ERR,ERR,ERR,ERR,ERR,ERR,ERR,ERR,ERR,ERR,ERR,ERR,ERR,ERR,ERR,ERR,ERR,ERR,ERR,ERR,ERR,ERR,ERR,ERR,ERR,ERR,ERR,ERR,ERR,ERR,ERR,ERR,ERR,ERR,ERR,ERR,ERR,ERR,ERR,ERR,ERR,ERR,ERR,ERR,ERR,ERR,ERR,ERR,ERR,ERR,ERR,ERR,34.0,80.0,35,0.0,0.0,0.0,0.0,0.0,0.0,0.0,0.0,0.0,0.0,0.0,0.0,0.0,0.0,0.0,0.0,64.4,0,116,56,49,65476,0,300,0,0,8,20529,65476,0,0,57672,80.0,0.0,0.0,0.0,0.0,0.0
2026-06-17T04:54:04,ERR,ERR,ERR,ERR,ERR,ERR,ERR,ERR,ERR,ERR,ERR,ERR,ERR,ERR,ERR,ERR,ERR,ERR,ERR,ERR,ERR,ERR,ERR,ERR,ERR,ERR,ERR,ERR,ERR,ERR,ERR,ERR,ERR,ERR,ERR,ERR,ERR,ERR,ERR,ERR,ERR,ERR,ERR,ERR,ERR,ERR,ERR,ERR,ERR,ERR,ERR,ERR,ERR,ERR,ERR,ERR,ERR,ERR,ERR,ERR,ERR,ERR,ERR,ERR,ERR,ERR,ERR,ERR,ERR,ERR,ERR,ERR,ERR,ERR,ERR,ERR,ERR,ERR,ERR,ERR,ERR,ERR,ERR,ERR,ERR,ERR,ERR,ERR,ERR,ERR,ERR,ERR,ERR,ERR,ERR,ERR,ERR,ERR,ERR,ERR,ERR,ERR,ERR,ERR,ERR,ERR,ERR,ERR,ERR,ERR,ERR,ERR,ERR,ERR,ERR,ERR,ERR,ERR,ERR,ERR,ERR,ERR,ERR,ERR,ERR,0.0,-0.0,3.028208139652935e+23,0.0,0.0,1.3936040501711995e+18,7.805,0.0,0,0,4,0,7300,-0.0,0,0.0,0.0,0.0,0.0,0.0,0,0,0,0,0.0,0,0,0,0,0,0,0,0,0,0,0,0,0,0,0,0,0,0,0,0,0,0,0,0,0,0,0,0,0,0,0,0,0,32,30,30,62,65476,0,300,0,0,8,21553,0.0,-107605600.0,0.0,0.0,0.0,0.0,0.0,0.0,0.0,0.0,0.0,0.0,0.0,0.0,0.0,0.0,0.0,0.0,0.0,0.0,0.0,0.0,2.004,-2.004,2.004,2.004,0.0,0.0,0.0,0.0,5554.0,0.0,6918.0,0.0,-0.0,-0.0,0.0,0.0,0.0,0.0,0.0,63,-4.9504266636054534e+32,-0.0,0.0,0.0,0.0,0.0,0.0,0.0,0.0,0,0,0,0.0,0.0,0.0,0.0,0.0,0.0,0.0,0.0,0.0,0.0,0.0,0.0,0.0,0.0,0.0,0.0,0,-107875648.0,63,0.0,126,2.7184242562605685e+23,2.842318642297501e+23,ERR,ERR,ERR,ERR,ERR,ERR,ERR,ERR,ERR,ERR,ERR,ERR,ERR,ERR,ERR,ERR,ERR,ERR,ERR,ERR,ERR,ERR,ERR,ERR,ERR,ERR,ERR,ERR,ERR,ERR,ERR,ERR,ERR,ERR,ERR,ERR,ERR,ERR,ERR,ERR,ERR,ERR,ERR,ERR,ERR,ERR,ERR,ERR,ERR,ERR,ERR,ERR,ERR,ERR,ERR,ERR,ERR,ERR,ERR,ERR,ERR,ERR,ERR,ERR,ERR,ERR,ERR,34.0,80.0,35,0.0,0.0,0.0,0.0,0.0,0.0,0.0,0.0,0.0,0.0,0.0,0.0,0.0,0.0,0.0,0.0,64.4,0,116,56,49,65476,0,300,0,0,8,20529,65476,0,0,57672,80.0,0.0,0.0,0.0,0.0,0.0
2026-06-17T04:54:05,ERR,ERR,ERR,ERR,ERR,ERR,ERR,ERR,ERR,ERR,ERR,ERR,ERR,ERR,ERR,ERR,ERR,ERR,ERR,ERR,ERR,ERR,ERR,ERR,ERR,ERR,ERR,ERR,ERR,ERR,ERR,ERR,ERR,ERR,ERR,ERR,ERR,ERR,ERR,ERR,ERR,ERR,ERR,ERR,ERR,ERR,ERR,ERR,ERR,ERR,ERR,ERR,ERR,ERR,ERR,ERR,ERR,ERR,ERR,ERR,ERR,ERR,ERR,ERR,ERR,ERR,ERR,ERR,ERR,ERR,ERR,ERR,ERR,ERR,ERR,ERR,ERR,ERR,ERR,ERR,ERR,ERR,ERR,ERR,ERR,ERR,ERR,ERR,ERR,ERR,ERR,ERR,ERR,ERR,ERR,ERR,ERR,ERR,ERR,ERR,ERR,ERR,ERR,ERR,ERR,ERR,ERR,ERR,ERR,ERR,ERR,ERR,ERR,ERR,ERR,ERR,ERR,ERR,ERR,ERR,ERR,ERR,ERR,ERR,ERR,0.0,-0.0,3.028208139652935e+23,0.0,0.0,1.3936040501711995e+18,7.805,0.0,0,0,4,0,7300,-0.0,0,0.0,0.0,0.0,0.0,0.0,0,0,0,0,0.0,0,0,0,0,0,0,0,0,0,0,0,0,0,0,0,0,0,0,0,0,0,0,0,0,0,0,0,0,0,0,0,0,0,32,30,30,62,65476,0,300,0,0,8,21553,0.0,-107605600.0,0.0,0.0,0.0,0.0,0.0,0.0,0.0,0.0,0.0,0.0,0.0,0.0,0.0,0.0,0.0,0.0,0.0,0.0,0.0,0.0,2.004,-2.004,2.004,2.004,0.0,0.0,0.0,0.0,5554.0,0.0,6918.0,0.0,-0.0,-0.0,0.0,0.0,0.0,0.0,0.0,63,-4.9504266636054534e+32,-0.0,0.0,0.0,0.0,0.0,0.0,0.0,0.0,0,0,0,0.0,0.0,0.0,0.0,0.0,0.0,0.0,0.0,0.0,0.0,0.0,0.0,0.0,0.0,0.0,0.0,0,-107875648.0,63,0.0,126,2.7184242562605685e+23,2.842318642297501e+23,ERR,ERR,ERR,ERR,ERR,ERR,ERR,ERR,ERR,ERR,ERR,ERR,ERR,ERR,ERR,ERR,ERR,ERR,ERR,ERR,ERR,ERR,ERR,ERR,ERR,ERR,ERR,ERR,ERR,ERR,ERR,ERR,ERR,ERR,ERR,ERR,ERR,ERR,ERR,ERR,ERR,ERR,ERR,ERR,ERR,ERR,ERR,ERR,ERR,ERR,ERR,ERR,ERR,ERR,ERR,ERR,ERR,ERR,ERR,ERR,ERR,ERR,ERR,ERR,ERR,ERR,ERR,34.0,80.0,35,0.0,0.0,0.0,0.0,0.0,0.0,0.0,0.0,0.0,0.0,0.0,0.0,0.0,0.0,0.0,0.0,64.4,0,116,56,49,65476,0,300,0,0,8,20529,65476,0,0,57672,80.0,0.0,0.0,0.0,0.0,0.0
2026-06-17T04:54:06,ERR,ERR,ERR,ERR,ERR,ERR,ERR,ERR,ERR,ERR,ERR,ERR,ERR,ERR,ERR,ERR,ERR,ERR,ERR,ERR,ERR,ERR,ERR,ERR,ERR,ERR,ERR,ERR,ERR,ERR,ERR,ERR,ERR,ERR,ERR,ERR,ERR,ERR,ERR,ERR,ERR,ERR,ERR,ERR,ERR,ERR,ERR,ERR,ERR,ERR,ERR,ERR,ERR,ERR,ERR,ERR,ERR,ERR,ERR,ERR,ERR,ERR,ERR,ERR,ERR,ERR,ERR,ERR,ERR,ERR,ERR,ERR,ERR,ERR,ERR,ERR,ERR,ERR,ERR,ERR,ERR,ERR,ERR,ERR,ERR,ERR,ERR,ERR,ERR,ERR,ERR,ERR,ERR,ERR,ERR,ERR,ERR,ERR,ERR,ERR,ERR,ERR,ERR,ERR,ERR,ERR,ERR,ERR,ERR,ERR,ERR,ERR,ERR,ERR,ERR,ERR,ERR,ERR,ERR,ERR,ERR,ERR,ERR,ERR,ERR,0.0,-0.0,3.028208139652935e+23,0.0,0.0,1.3936040501711995e+18,7.805,0.0,0,0,4,0,7300,-0.0,0,0.0,0.0,0.0,0.0,0.0,0,0,0,0,0.0,0,0,0,0,0,0,0,0,0,0,0,0,0,0,0,0,0,0,0,0,0,0,0,0,0,0,0,0,0,0,0,0,0,32,30,30,62,65476,0,300,0,0,8,21553,0.0,-107605600.0,0.0,0.0,0.0,0.0,0.0,0.0,0.0,0.0,0.0,0.0,0.0,0.0,0.0,0.0,0.0,0.0,0.0,0.0,0.0,0.0,2.004,-2.004,2.004,2.004,0.0,0.0,0.0,0.0,5554.0,0.0,6918.0,0.0,-0.0,-0.0,0.0,0.0,0.0,0.0,0.0,63,-4.9504266636054534e+32,-0.0,0.0,0.0,0.0,0.0,0.0,0.0,0.0,0,0,0,0.0,0.0,0.0,0.0,0.0,0.0,0.0,0.0,0.0,0.0,0.0,0.0,0.0,0.0,0.0,0.0,0,-107875648.0,63,0.0,126,2.7184242562605685e+23,2.842318642297501e+23,ERR,ERR,ERR,ERR,ERR,ERR,ERR,ERR,ERR,ERR,ERR,ERR,ERR,ERR,ERR,ERR,ERR,ERR,ERR,ERR,ERR,ERR,ERR,ERR,ERR,ERR,ERR,ERR,ERR,ERR,ERR,ERR,ERR,ERR,ERR,ERR,ERR,ERR,ERR,ERR,ERR,ERR,ERR,ERR,ERR,ERR,ERR,ERR,ERR,ERR,ERR,ERR,ERR,ERR,ERR,ERR,ERR,ERR,ERR,ERR,ERR,ERR,ERR,ERR,ERR,ERR,ERR,34.0,80.0,35,0.0,0.0,0.0,0.0,0.0,0.0,0.0,0.0,0.0,0.0,0.0,0.0,0.0,0.0,0.0,0.0,64.4,0,116,56,49,65476,0,300,0,0,8,20529,65476,0,0,57672,80.0,0.0,0.0,0.0,0.0,0.0
2026-06-17T04:54:07,ERR,ERR,ERR,ERR,ERR,ERR,ERR,ERR,ERR,ERR,ERR,ERR,ERR,ERR,ERR,ERR,ERR,ERR,ERR,ERR,ERR,ERR,ERR,ERR,ERR,ERR,ERR,ERR,ERR,ERR,ERR,ERR,ERR,ERR,ERR,ERR,ERR,ERR,ERR,ERR,ERR,ERR,ERR,ERR,ERR,ERR,ERR,ERR,ERR,ERR,ERR,ERR,ERR,ERR,ERR,ERR,ERR,ERR,ERR,ERR,ERR,ERR,ERR,ERR,ERR,ERR,ERR,ERR,ERR,ERR,ERR,ERR,ERR,ERR,ERR,ERR,ERR,ERR,ERR,ERR,ERR,ERR,ERR,ERR,ERR,ERR,ERR,ERR,ERR,ERR,ERR,ERR,ERR,ERR,ERR,ERR,ERR,ERR,ERR,ERR,ERR,ERR,ERR,ERR,ERR,ERR,ERR,ERR,ERR,ERR,ERR,ERR,ERR,ERR,ERR,ERR,ERR,ERR,ERR,ERR,ERR,ERR,ERR,ERR,ERR,0.0,-0.0,3.028208139652935e+23,0.0,0.0,1.3936040501711995e+18,7.805,0.0,0,0,4,0,7300,-0.0,0,0.0,0.0,0.0,0.0,0.0,0,0,0,0,0.0,0,0,0,0,0,0,0,0,0,0,0,0,0,0,0,0,0,0,0,0,0,0,0,0,0,0,0,0,0,0,0,0,0,32,30,30,62,65476,0,300,0,0,8,21553,0.0,-107605600.0,0.0,0.0,0.0,0.0,0.0,0.0,0.0,0.0,0.0,0.0,0.0,0.0,0.0,0.0,0.0,0.0,0.0,0.0,0.0,0.0,2.004,-2.004,2.004,2.004,0.0,0.0,0.0,0.0,5554.0,0.0,6918.0,0.0,-0.0,-0.0,0.0,0.0,0.0,0.0,0.0,63,-4.9504266636054534e+32,-0.0,0.0,0.0,0.0,0.0,0.0,0.0,0.0,0,0,0,0.0,0.0,0.0,0.0,0.0,0.0,0.0,0.0,0.0,0.0,0.0,0.0,0.0,0.0,0.0,0.0,0,-107875648.0,63,0.0,126,2.7184242562605685e+23,2.842318642297501e+23,ERR,ERR,ERR,ERR,ERR,ERR,ERR,ERR,ERR,ERR,ERR,ERR,ERR,ERR,ERR,ERR,ERR,ERR,ERR,ERR,ERR,ERR,ERR,ERR,ERR,ERR,ERR,ERR,ERR,ERR,ERR,ERR,ERR,ERR,ERR,ERR,ERR,ERR,ERR,ERR,ERR,ERR,ERR,ERR,ERR,ERR,ERR,ERR,ERR,ERR,ERR,ERR,ERR,ERR,ERR,ERR,ERR,ERR,ERR,ERR,ERR,ERR,ERR,ERR,ERR,ERR,ERR,34.0,80.0,35,0.0,0.0,0.0,0.0,0.0,0.0,0.0,0.0,0.0,0.0,0.0,0.0,0.0,0.0,0.0,0.0,64.4,0,116,56,49,65476,0,300,0,0,8,20529,65476,0,0,57672,80.0,0.0,0.0,0.0,0.0,0.0
2026-06-17T04:54:08,ERR,ERR,ERR,ERR,ERR,ERR,ERR,ERR,ERR,ERR,ERR,ERR,ERR,ERR,ERR,ERR,ERR,ERR,ERR,ERR,ERR,ERR,ERR,ERR,ERR,ERR,ERR,ERR,ERR,ERR,ERR,ERR,ERR,ERR,ERR,ERR,ERR,ERR,ERR,ERR,ERR,ERR,ERR,ERR,ERR,ERR,ERR,ERR,ERR,ERR,ERR,ERR,ERR,ERR,ERR,ERR,ERR,ERR,ERR,ERR,ERR,ERR,ERR,ERR,ERR,ERR,ERR,ERR,ERR,ERR,ERR,ERR,ERR,ERR,ERR,ERR,ERR,ERR,ERR,ERR,ERR,ERR,ERR,ERR,ERR,ERR,ERR,ERR,ERR,ERR,ERR,ERR,ERR,ERR,ERR,ERR,ERR,ERR,ERR,ERR,ERR,ERR,ERR,ERR,ERR,ERR,ERR,ERR,ERR,ERR,ERR,ERR,ERR,ERR,ERR,ERR,ERR,ERR,ERR,ERR,ERR,ERR,ERR,ERR,ERR,0.0,-0.0,3.028208139652935e+23,0.0,0.0,1.3936040501711995e+18,7.805,0.0,0,0,4,0,7300,-0.0,0,0.0,0.0,0.0,0.0,0.0,0,0,0,0,0.0,0,0,0,0,0,0,0,0,0,0,0,0,0,0,0,0,0,0,0,0,0,0,0,0,0,0,0,0,0,0,0,0,0,32,30,30,62,65476,0,300,0,0,8,21553,0.0,-107605600.0,0.0,0.0,0.0,0.0,0.0,0.0,0.0,0.0,0.0,0.0,0.0,0.0,0.0,0.0,0.0,0.0,0.0,0.0,0.0,0.0,2.004,-2.004,2.004,2.004,0.0,0.0,0.0,0.0,5521.0,-1.040667361561035e+34,6943.0,0.0,-0.0,-0.0,0.0,0.0,0.0,0.0,0.0,63,-4.066878214320265e+29,1.9056895305397043e+17,0.0,0.0,0.0,0.0,0.0,0.0,0.0,0,0,0,0.0,0.0,0.0,0.0,0.0,0.0,0.0,0.0,0.0,0.0,0.0,0.0,0.0,0.0,0.0,0.0,0,-107875648.0,63,0.0,126,2.7184242562605685e+23,2.842318642297501e+23,ERR,ERR,ERR,ERR,ERR,ERR,ERR,ERR,ERR,ERR,ERR,ERR,ERR,ERR,ERR,ERR,ERR,ERR,ERR,ERR,ERR,ERR,ERR,ERR,ERR,ERR,ERR,ERR,ERR,ERR,ERR,ERR,ERR,ERR,ERR,ERR,ERR,ERR,ERR,ERR,ERR,ERR,ERR,ERR,ERR,ERR,ERR,ERR,ERR,ERR,ERR,ERR,ERR,ERR,ERR,ERR,ERR,ERR,ERR,ERR,ERR,ERR,ERR,ERR,ERR,ERR,ERR,34.0,80.0,35,0.0,0.0,0.0,0.0,0.0,0.0,0.0,0.0,0.0,0.0,0.0,0.0,0.0,0.0,0.0,0.0,64.4,0,116,56,49,65476,0,300,0,0,8,20529,65476,0,0,57672,80.0,0.0,0.0,0.0,0.0,0.0
2026-06-17T04:54:09,ERR,ERR,ERR,ERR,ERR,ERR,ERR,ERR,ERR,ERR,ERR,ERR,ERR,ERR,ERR,ERR,ERR,ERR,ERR,ERR,ERR,ERR,ERR,ERR,ERR,ERR,ERR,ERR,ERR,ERR,ERR,ERR,ERR,ERR,ERR,ERR,ERR,ERR,ERR,ERR,ERR,ERR,ERR,ERR,ERR,ERR,ERR,ERR,ERR,ERR,ERR,ERR,ERR,ERR,ERR,ERR,ERR,ERR,ERR,ERR,ERR,ERR,ERR,ERR,ERR,ERR,ERR,ERR,ERR,ERR,ERR,ERR,ERR,ERR,ERR,ERR,ERR,ERR,ERR,ERR,ERR,ERR,ERR,ERR,ERR,ERR,ERR,ERR,ERR,ERR,ERR,ERR,ERR,ERR,ERR,ERR,ERR,ERR,ERR,ERR,ERR,ERR,ERR,ERR,ERR,ERR,ERR,ERR,ERR,ERR,ERR,ERR,ERR,ERR,ERR,ERR,ERR,ERR,ERR,ERR,ERR,ERR,ERR,ERR,ERR,0.0,-0.0,3.028208139652935e+23,0.0,0.0,1.3936040501711995e+18,7.805,0.0,0,0,4,0,7300,-0.0,0,0.0,0.0,0.0,0.0,0.0,0,0,0,0,0.0,0,0,0,0,0,0,0,0,0,0,0,0,0,0,0,0,0,0,0,0,0,0,0,0,0,0,0,0,0,0,0,0,0,32,30,30,62,65476,0,300,0,0,8,21553,0.0,-107605600.0,0.0,0.0,0.0,0.0,0.0,0.0,0.0,0.0,0.0,0.0,0.0,0.0,0.0,0.0,0.0,0.0,0.0,0.0,0.0,0.0,2.004,-2.004,2.004,2.004,0.0,0.0,0.0,0.0,5521.0,-1.040667361561035e+34,6943.0,0.0,-0.0,-0.0,0.0,0.0,0.0,0.0,0.0,63,-4.066878214320265e+29,1.9056895305397043e+17,0.0,0.0,0.0,0.0,0.0,0.0,0.0,0,0,0,0.0,0.0,0.0,0.0,0.0,0.0,0.0,0.0,0.0,0.0,0.0,0.0,0.0,0.0,0.0,0.0,0,-107875648.0,63,0.0,126,2.7184242562605685e+23,2.842318642297501e+23,ERR,ERR,ERR,ERR,ERR,ERR,ERR,ERR,ERR,ERR,ERR,ERR,ERR,ERR,ERR,ERR,ERR,ERR,ERR,ERR,ERR,ERR,ERR,ERR,ERR,ERR,ERR,ERR,ERR,ERR,ERR,ERR,ERR,ERR,ERR,ERR,ERR,ERR,ERR,ERR,ERR,ERR,ERR,ERR,ERR,ERR,ERR,ERR,ERR,ERR,ERR,ERR,ERR,ERR,ERR,ERR,ERR,ERR,ERR,ERR,ERR,ERR,ERR,ERR,ERR,ERR,ERR,34.0,80.0,35,0.0,0.0,0.0,0.0,0.0,0.0,0.0,0.0,0.0,0.0,0.0,0.0,0.0,0.0,0.0,0.0,64.4,0,116,56,49,65476,0,300,0,0,8,20529,65476,0,0,57672,80.0,0.0,0.0,0.0,0.0,0.0
2026-06-17T04:54:10,ERR,ERR,ERR,ERR,ERR,ERR,ERR,ERR,ERR,ERR,ERR,ERR,ERR,ERR,ERR,ERR,ERR,ERR,ERR,ERR,ERR,ERR,ERR,ERR,ERR,ERR,ERR,ERR,ERR,ERR,ERR,ERR,ERR,ERR,ERR,ERR,ERR,ERR,ERR,ERR,ERR,ERR,ERR,ERR,ERR,ERR,ERR,ERR,ERR,ERR,ERR,ERR,ERR,ERR,ERR,ERR,ERR,ERR,ERR,ERR,ERR,ERR,ERR,ERR,ERR,ERR,ERR,ERR,ERR,ERR,ERR,ERR,ERR,ERR,ERR,ERR,ERR,ERR,ERR,ERR,ERR,ERR,ERR,ERR,ERR,ERR,ERR,ERR,ERR,ERR,ERR,ERR,ERR,ERR,ERR,ERR,ERR,ERR,ERR,ERR,ERR,ERR,ERR,ERR,ERR,ERR,ERR,ERR,ERR,ERR,ERR,ERR,ERR,ERR,ERR,ERR,ERR,ERR,ERR,ERR,ERR,ERR,ERR,ERR,ERR,0.0,-0.0,3.028208139652935e+23,0.0,0.0,1.3936040501711995e+18,7.805,0.0,0,0,4,0,7300,-0.0,0,0.0,0.0,0.0,0.0,0.0,0,0,0,0,0.0,0,0,0,0,0,0,0,0,0,0,0,0,0,0,0,0,0,0,0,0,0,0,0,0,0,0,0,0,0,0,0,0,0,32,30,30,62,65476,0,300,0,0,8,21553,0.0,-107605600.0,0.0,0.0,0.0,0.0,0.0,0.0,0.0,0.0,0.0,0.0,0.0,0.0,0.0,0.0,0.0,0.0,0.0,0.0,0.0,0.0,2.004,-2.004,2.004,2.004,0.0,0.0,0.0,0.0,5521.0,-1.040667361561035e+34,6943.0,0.0,-0.0,-0.0,0.0,0.0,0.0,0.0,0.0,63,-4.066878214320265e+29,1.9056895305397043e+17,0.0,0.0,0.0,0.0,0.0,0.0,0.0,0,0,0,0.0,0.0,0.0,0.0,0.0,0.0,0.0,0.0,0.0,0.0,0.0,0.0,0.0,0.0,0.0,0.0,0,-107875648.0,63,0.0,126,2.7184242562605685e+23,2.842318642297501e+23,ERR,ERR,ERR,ERR,ERR,ERR,ERR,ERR,ERR,ERR,ERR,ERR,ERR,ERR,ERR,ERR,ERR,ERR,ERR,ERR,ERR,ERR,ERR,ERR,ERR,ERR,ERR,ERR,ERR,ERR,ERR,ERR,ERR,ERR,ERR,ERR,ERR,ERR,ERR,ERR,ERR,ERR,ERR,ERR,ERR,ERR,ERR,ERR,ERR,ERR,ERR,ERR,ERR,ERR,ERR,ERR,ERR,ERR,ERR,ERR,ERR,ERR,ERR,ERR,ERR,ERR,ERR,34.0,80.0,35,0.0,0.0,0.0,0.0,0.0,0.0,0.0,0.0,0.0,0.0,0.0,0.0,0.0,0.0,0.0,0.0,64.4,0,116,56,49,65476,0,300,0,0,8,20529,65476,0,0,57672,80.0,0.0,0.0,0.0,0.0,0.0
2026-06-17T04:54:11,ERR,ERR,ERR,ERR,ERR,ERR,ERR,ERR,ERR,ERR,ERR,ERR,ERR,ERR,ERR,ERR,ERR,ERR,ERR,ERR,ERR,ERR,ERR,ERR,ERR,ERR,ERR,ERR,ERR,ERR,ERR,ERR,ERR,ERR,ERR,ERR,ERR,ERR,ERR,ERR,ERR,ERR,ERR,ERR,ERR,ERR,ERR,ERR,ERR,ERR,ERR,ERR,ERR,ERR,ERR,ERR,ERR,ERR,ERR,ERR,ERR,ERR,ERR,ERR,ERR,ERR,ERR,ERR,ERR,ERR,ERR,ERR,ERR,ERR,ERR,ERR,ERR,ERR,ERR,ERR,ERR,ERR,ERR,ERR,ERR,ERR,ERR,ERR,ERR,ERR,ERR,ERR,ERR,ERR,ERR,ERR,ERR,ERR,ERR,ERR,ERR,ERR,ERR,ERR,ERR,ERR,ERR,ERR,ERR,ERR,ERR,ERR,ERR,ERR,ERR,ERR,ERR,ERR,ERR,ERR,ERR,ERR,ERR,ERR,ERR,0.0,-0.0,3.028208139652935e+23,0.0,0.0,1.3936040501711995e+18,7.805,0.0,0,0,4,0,7300,-0.0,0,0.0,0.0,0.0,0.0,0.0,0,0,0,0,0.0,0,0,0,0,0,0,0,0,0,0,0,0,0,0,0,0,0,0,0,0,0,0,0,0,0,0,0,0,0,0,0,0,0,32,30,30,62,65476,0,300,0,0,8,21553,0.0,-107605600.0,0.0,0.0,0.0,0.0,0.0,0.0,0.0,0.0,0.0,0.0,0.0,0.0,0.0,0.0,0.0,0.0,0.0,0.0,0.0,0.0,2.004,-2.004,2.004,2.004,0.0,0.0,0.0,0.0,5521.0,-1.040667361561035e+34,6943.0,0.0,-0.0,-0.0,0.0,0.0,0.0,0.0,0.0,63,-4.066878214320265e+29,1.9056895305397043e+17,0.0,0.0,0.0,0.0,0.0,0.0,0.0,0,0,0,0.0,0.0,0.0,0.0,0.0,0.0,0.0,0.0,0.0,0.0,0.0,0.0,0.0,0.0,0.0,0.0,0,-107875648.0,63,0.0,126,2.7184242562605685e+23,2.842318642297501e+23,ERR,ERR,ERR,ERR,ERR,ERR,ERR,ERR,ERR,ERR,ERR,ERR,ERR,ERR,ERR,ERR,ERR,ERR,ERR,ERR,ERR,ERR,ERR,ERR,ERR,ERR,ERR,ERR,ERR,ERR,ERR,ERR,ERR,ERR,ERR,ERR,ERR,ERR,ERR,ERR,ERR,ERR,ERR,ERR,ERR,ERR,ERR,ERR,ERR,ERR,ERR,ERR,ERR,ERR,ERR,ERR,ERR,ERR,ERR,ERR,ERR,ERR,ERR,ERR,ERR,ERR,ERR,34.0,80.0,35,0.0,0.0,0.0,0.0,0.0,0.0,0.0,0.0,0.0,0.0,0.0,0.0,0.0,0.0,0.0,0.0,64.4,0,116,56,49,65476,0,300,0,0,8,20529,65476,0,0,57672,80.0,0.0,0.0,0.0,0.0,0.0
2026-06-17T04:54:12,ERR,ERR,ERR,ERR,ERR,ERR,ERR,ERR,ERR,ERR,ERR,ERR,ERR,ERR,ERR,ERR,ERR,ERR,ERR,ERR,ERR,ERR,ERR,ERR,ERR,ERR,ERR,ERR,ERR,ERR,ERR,ERR,ERR,ERR,ERR,ERR,ERR,ERR,ERR,ERR,ERR,ERR,ERR,ERR,ERR,ERR,ERR,ERR,ERR,ERR,ERR,ERR,ERR,ERR,ERR,ERR,ERR,ERR,ERR,ERR,ERR,ERR,ERR,ERR,ERR,ERR,ERR,ERR,ERR,ERR,ERR,ERR,ERR,ERR,ERR,ERR,ERR,ERR,ERR,ERR,ERR,ERR,ERR,ERR,ERR,ERR,ERR,ERR,ERR,ERR,ERR,ERR,ERR,ERR,ERR,ERR,ERR,ERR,ERR,ERR,ERR,ERR,ERR,ERR,ERR,ERR,ERR,ERR,ERR,ERR,ERR,ERR,ERR,ERR,ERR,ERR,ERR,ERR,ERR,ERR,ERR,ERR,ERR,ERR,ERR,0.0,-0.0,3.028208139652935e+23,0.0,0.0,1.3936040501711995e+18,7.805,0.0,0,0,4,0,7300,-0.0,0,0.0,0.0,0.0,0.0,0.0,0,0,0,0,0.0,0,0,0,0,0,0,0,0,0,0,0,0,0,0,0,0,0,0,0,0,0,0,0,0,0,0,0,0,0,0,0,0,0,32,30,30,62,65476,0,300,0,0,8,21553,0.0,-107605600.0,0.0,0.0,0.0,0.0,0.0,0.0,0.0,0.0,0.0,0.0,0.0,0.0,0.0,0.0,0.0,0.0,0.0,0.0,0.0,0.0,2.004,-2.004,2.004,2.004,0.0,0.0,0.0,0.0,5521.0,-1.040667361561035e+34,6943.0,0.0,-0.0,-0.0,0.0,0.0,0.0,0.0,0.0,63,-4.066878214320265e+29,1.9056895305397043e+17,0.0,0.0,0.0,0.0,0.0,0.0,0.0,0,0,0,0.0,0.0,0.0,0.0,0.0,0.0,0.0,0.0,0.0,0.0,0.0,0.0,0.0,0.0,0.0,0.0,0,-107875648.0,63,0.0,126,2.7184242562605685e+23,2.842318642297501e+23,ERR,ERR,ERR,ERR,ERR,ERR,ERR,ERR,ERR,ERR,ERR,ERR,ERR,ERR,ERR,ERR,ERR,ERR,ERR,ERR,ERR,ERR,ERR,ERR,ERR,ERR,ERR,ERR,ERR,ERR,ERR,ERR,ERR,ERR,ERR,ERR,ERR,ERR,ERR,ERR,ERR,ERR,ERR,ERR,ERR,ERR,ERR,ERR,ERR,ERR,ERR,ERR,ERR,ERR,ERR,ERR,ERR,ERR,ERR,ERR,ERR,ERR,ERR,ERR,ERR,ERR,ERR,34.0,80.0,35,0.0,0.0,0.0,0.0,0.0,0.0,0.0,0.0,0.0,0.0,0.0,0.0,0.0,0.0,0.0,0.0,64.4,0,116,56,49,65476,0,300,0,0,8,20529,65476,0,0,57672,80.0,0.0,0.0,0.0,0.0,0.0
2026-06-17T04:54:13,ERR,ERR,ERR,ERR,ERR,ERR,ERR,ERR,ERR,ERR,ERR,ERR,ERR,ERR,ERR,ERR,ERR,ERR,ERR,ERR,ERR,ERR,ERR,ERR,ERR,ERR,ERR,ERR,ERR,ERR,ERR,ERR,ERR,ERR,ERR,ERR,ERR,ERR,ERR,ERR,ERR,ERR,ERR,ERR,ERR,ERR,ERR,ERR,ERR,ERR,ERR,ERR,ERR,ERR,ERR,ERR,ERR,ERR,ERR,ERR,ERR,ERR,ERR,ERR,ERR,ERR,ERR,ERR,ERR,ERR,ERR,ERR,ERR,ERR,ERR,ERR,ERR,ERR,ERR,ERR,ERR,ERR,ERR,ERR,ERR,ERR,ERR,ERR,ERR,ERR,ERR,ERR,ERR,ERR,ERR,ERR,ERR,ERR,ERR,ERR,ERR,ERR,ERR,ERR,ERR,ERR,ERR,ERR,ERR,ERR,ERR,ERR,ERR,ERR,ERR,ERR,ERR,ERR,ERR,ERR,ERR,ERR,ERR,ERR,ERR,0.0,-0.0,-0.0,0.0,0.0,1.3936040501711995e+18,7.805,0.0,0,0,4,0,7300,-0.0,0,0.0,0.0,0.0,0.0,0.0,0,0,0,0,0.0,0,0,0,0,0,0,0,0,0,0,0,0,0,0,0,0,0,0,0,0,0,0,0,0,0,0,0,0,0,0,0,0,0,32,30,30,62,65476,0,300,0,0,8,21553,0.0,-107605600.0,0.0,0.0,0.0,0.0,0.0,0.0,0.0,0.0,0.0,0.0,0.0,0.0,0.0,0.0,0.0,0.0,0.0,0.0,0.0,0.0,-0.0,-2.004,2.004,2.004,0.0,0.0,0.0,0.0,5521.0,-0.0,6929.0,0.0,-0.0,-0.0,0.0,0.0,0.0,0.0,0.0,63,-4.066878214320265e+29,-152017615978496.0,0.0,0.0,0.0,0.0,0.0,0.0,0.0,0,0,0,0.0,0.0,0.0,0.0,0.0,0.0,0.0,0.0,0.0,0.0,0.0,0.0,0.0,0.0,0.0,0.0,0,-107875648.0,63,0.0,126,2.7184242562605685e+23,2.842318642297501e+23,ERR,ERR,ERR,ERR,ERR,ERR,ERR,ERR,ERR,ERR,ERR,ERR,ERR,ERR,ERR,ERR,ERR,ERR,ERR,ERR,ERR,ERR,ERR,ERR,ERR,ERR,ERR,ERR,ERR,ERR,ERR,ERR,ERR,ERR,ERR,ERR,ERR,ERR,ERR,ERR,ERR,ERR,ERR,ERR,ERR,ERR,ERR,ERR,ERR,ERR,ERR,ERR,ERR,ERR,ERR,ERR,ERR,ERR,ERR,ERR,ERR,ERR,ERR,ERR,ERR,ERR,ERR,34.0,80.0,35,0.0,0.0,0.0,0.0,0.0,0.0,0.0,0.0,0.0,0.0,0.0,0.0,0.0,0.0,0.0,0.0,64.4,0,116,56,49,65476,0,300,0,0,8,20529,65476,0,0,57672,80.0,0.0,0.0,0.0,0.0,0.0
2026-06-17T04:54:14,ERR,ERR,ERR,ERR,ERR,ERR,ERR,ERR,ERR,ERR,ERR,ERR,ERR,ERR,ERR,ERR,ERR,ERR,ERR,ERR,ERR,ERR,ERR,ERR,ERR,ERR,ERR,ERR,ERR,ERR,ERR,ERR,ERR,ERR,ERR,ERR,ERR,ERR,ERR,ERR,ERR,ERR,ERR,ERR,ERR,ERR,ERR,ERR,ERR,ERR,ERR,ERR,ERR,ERR,ERR,ERR,ERR,ERR,ERR,ERR,ERR,ERR,ERR,ERR,ERR,ERR,ERR,ERR,ERR,ERR,ERR,ERR,ERR,ERR,ERR,ERR,ERR,ERR,ERR,ERR,ERR,ERR,ERR,ERR,ERR,ERR,ERR,ERR,ERR,ERR,ERR,ERR,ERR,ERR,ERR,ERR,ERR,ERR,ERR,ERR,ERR,ERR,ERR,ERR,ERR,ERR,ERR,ERR,ERR,ERR,ERR,ERR,ERR,ERR,ERR,ERR,ERR,ERR,ERR,ERR,ERR,ERR,ERR,ERR,ERR,0.0,-0.0,-0.0,0.0,0.0,1.3936040501711995e+18,7.805,0.0,0,0,4,0,7300,-0.0,0,0.0,0.0,0.0,0.0,0.0,0,0,0,0,0.0,0,0,0,0,0,0,0,0,0,0,0,0,0,0,0,0,0,0,0,0,0,0,0,0,0,0,0,0,0,0,0,0,0,32,30,30,62,65476,0,300,0,0,8,21553,0.0,-107605600.0,0.0,0.0,0.0,0.0,0.0,0.0,0.0,0.0,0.0,0.0,0.0,0.0,0.0,0.0,0.0,0.0,0.0,0.0,0.0,0.0,-0.0,-2.004,2.004,2.004,0.0,0.0,0.0,0.0,5521.0,-0.0,6929.0,0.0,-0.0,-0.0,0.0,0.0,0.0,0.0,0.0,63,-4.066878214320265e+29,-152017615978496.0,0.0,0.0,0.0,0.0,0.0,0.0,0.0,0,0,0,0.0,0.0,0.0,0.0,0.0,0.0,0.0,0.0,0.0,0.0,0.0,0.0,0.0,0.0,0.0,0.0,0,-107875648.0,63,0.0,126,2.7184242562605685e+23,2.842318642297501e+23,ERR,ERR,ERR,ERR,ERR,ERR,ERR,ERR,ERR,ERR,ERR,ERR,ERR,ERR,ERR,ERR,ERR,ERR,ERR,ERR,ERR,ERR,ERR,ERR,ERR,ERR,ERR,ERR,ERR,ERR,ERR,ERR,ERR,ERR,ERR,ERR,ERR,ERR,ERR,ERR,ERR,ERR,ERR,ERR,ERR,ERR,ERR,ERR,ERR,ERR,ERR,ERR,ERR,ERR,ERR,ERR,ERR,ERR,ERR,ERR,ERR,ERR,ERR,ERR,ERR,ERR,ERR,34.0,80.0,35,0.0,0.0,0.0,0.0,0.0,0.0,0.0,0.0,0.0,0.0,0.0,0.0,0.0,0.0,0.0,0.0,64.4,0,116,56,49,65476,0,300,0,0,8,20529,65476,0,0,57672,80.0,0.0,0.0,0.0,0.0,0.0
2026-06-17T04:54:15,ERR,ERR,ERR,ERR,ERR,ERR,ERR,ERR,ERR,ERR,ERR,ERR,ERR,ERR,ERR,ERR,ERR,ERR,ERR,ERR,ERR,ERR,ERR,ERR,ERR,ERR,ERR,ERR,ERR,ERR,ERR,ERR,ERR,ERR,ERR,ERR,ERR,ERR,ERR,ERR,ERR,ERR,ERR,ERR,ERR,ERR,ERR,ERR,ERR,ERR,ERR,ERR,ERR,ERR,ERR,ERR,ERR,ERR,ERR,ERR,ERR,ERR,ERR,ERR,ERR,ERR,ERR,ERR,ERR,ERR,ERR,ERR,ERR,ERR,ERR,ERR,ERR,ERR,ERR,ERR,ERR,ERR,ERR,ERR,ERR,ERR,ERR,ERR,ERR,ERR,ERR,ERR,ERR,ERR,ERR,ERR,ERR,ERR,ERR,ERR,ERR,ERR,ERR,ERR,ERR,ERR,ERR,ERR,ERR,ERR,ERR,ERR,ERR,ERR,ERR,ERR,ERR,ERR,ERR,ERR,ERR,ERR,ERR,ERR,ERR,0.0,-0.0,-0.0,0.0,0.0,1.3936040501711995e+18,7.805,0.0,0,0,4,0,7300,-0.0,0,0.0,0.0,0.0,0.0,0.0,0,0,0,0,0.0,0,0,0,0,0,0,0,0,0,0,0,0,0,0,0,0,0,0,0,0,0,0,0,0,0,0,0,0,0,0,0,0,0,32,30,30,62,65476,0,300,0,0,8,21553,0.0,-107605600.0,0.0,0.0,0.0,0.0,0.0,0.0,0.0,0.0,0.0,0.0,0.0,0.0,0.0,0.0,0.0,0.0,0.0,0.0,0.0,0.0,-0.0,-2.004,2.004,2.004,0.0,0.0,0.0,0.0,5521.0,-0.0,6929.0,0.0,-0.0,-0.0,0.0,0.0,0.0,0.0,0.0,63,-4.066878214320265e+29,-152017615978496.0,0.0,0.0,0.0,0.0,0.0,0.0,0.0,0,0,0,0.0,0.0,0.0,0.0,0.0,0.0,0.0,0.0,0.0,0.0,0.0,0.0,0.0,0.0,0.0,0.0,0,-107875648.0,63,0.0,126,2.7184242562605685e+23,2.842318642297501e+23,ERR,ERR,ERR,ERR,ERR,ERR,ERR,ERR,ERR,ERR,ERR,ERR,ERR,ERR,ERR,ERR,ERR,ERR,ERR,ERR,ERR,ERR,ERR,ERR,ERR,ERR,ERR,ERR,ERR,ERR,ERR,ERR,ERR,ERR,ERR,ERR,ERR,ERR,ERR,ERR,ERR,ERR,ERR,ERR,ERR,ERR,ERR,ERR,ERR,ERR,ERR,ERR,ERR,ERR,ERR,ERR,ERR,ERR,ERR,ERR,ERR,ERR,ERR,ERR,ERR,ERR,ERR,34.0,80.0,35,0.0,0.0,0.0,0.0,0.0,0.0,0.0,0.0,0.0,0.0,0.0,0.0,0.0,0.0,0.0,0.0,64.4,0,116,56,49,65476,0,300,0,0,8,20529,65476,0,0,57672,80.0,0.0,0.0,0.0,0.0,0.0
2026-06-17T04:54:16,ERR,ERR,ERR,ERR,ERR,ERR,ERR,ERR,ERR,ERR,ERR,ERR,ERR,ERR,ERR,ERR,ERR,ERR,ERR,ERR,ERR,ERR,ERR,ERR,ERR,ERR,ERR,ERR,ERR,ERR,ERR,ERR,ERR,ERR,ERR,ERR,ERR,ERR,ERR,ERR,ERR,ERR,ERR,ERR,ERR,ERR,ERR,ERR,ERR,ERR,ERR,ERR,ERR,ERR,ERR,ERR,ERR,ERR,ERR,ERR,ERR,ERR,ERR,ERR,ERR,ERR,ERR,ERR,ERR,ERR,ERR,ERR,ERR,ERR,ERR,ERR,ERR,ERR,ERR,ERR,ERR,ERR,ERR,ERR,ERR,ERR,ERR,ERR,ERR,ERR,ERR,ERR,ERR,ERR,ERR,ERR,ERR,ERR,ERR,ERR,ERR,ERR,ERR,ERR,ERR,ERR,ERR,ERR,ERR,ERR,ERR,ERR,ERR,ERR,ERR,ERR,ERR,ERR,ERR,ERR,ERR,ERR,ERR,ERR,ERR,0.0,-0.0,-0.0,0.0,0.0,1.3936040501711995e+18,7.805,0.0,0,0,4,0,7300,-0.0,0,0.0,0.0,0.0,0.0,0.0,0,0,0,0,0.0,0,0,0,0,0,0,0,0,0,0,0,0,0,0,0,0,0,0,0,0,0,0,0,0,0,0,0,0,0,0,0,0,0,32,30,30,62,65476,0,300,0,0,8,21553,0.0,-107605600.0,0.0,0.0,0.0,0.0,0.0,0.0,0.0,0.0,0.0,0.0,0.0,0.0,0.0,0.0,0.0,0.0,0.0,0.0,0.0,0.0,-0.0,-2.004,2.004,2.004,0.0,0.0,0.0,0.0,5521.0,-0.0,6929.0,0.0,-0.0,-0.0,0.0,0.0,0.0,0.0,0.0,63,-4.066878214320265e+29,-152017615978496.0,0.0,0.0,0.0,0.0,0.0,0.0,0.0,0,0,0,0.0,0.0,0.0,0.0,0.0,0.0,0.0,0.0,0.0,0.0,0.0,0.0,0.0,0.0,0.0,0.0,0,-107875648.0,63,0.0,126,2.7184242562605685e+23,2.842318642297501e+23,ERR,ERR,ERR,ERR,ERR,ERR,ERR,ERR,ERR,ERR,ERR,ERR,ERR,ERR,ERR,ERR,ERR,ERR,ERR,ERR,ERR,ERR,ERR,ERR,ERR,ERR,ERR,ERR,ERR,ERR,ERR,ERR,ERR,ERR,ERR,ERR,ERR,ERR,ERR,ERR,ERR,ERR,ERR,ERR,ERR,ERR,ERR,ERR,ERR,ERR,ERR,ERR,ERR,ERR,ERR,ERR,ERR,ERR,ERR,ERR,ERR,ERR,ERR,ERR,ERR,ERR,ERR,34.0,80.0,35,0.0,0.0,0.0,0.0,0.0,0.0,0.0,0.0,0.0,0.0,0.0,0.0,0.0,0.0,0.0,0.0,64.4,0,116,56,49,65476,0,300,0,0,8,20529,65476,0,0,57672,80.0,0.0,0.0,0.0,0.0,0.0
2026-06-17T04:54:17,ERR,ERR,ERR,ERR,ERR,ERR,ERR,ERR,ERR,ERR,ERR,ERR,ERR,ERR,ERR,ERR,ERR,ERR,ERR,ERR,ERR,ERR,ERR,ERR,ERR,ERR,ERR,ERR,ERR,ERR,ERR,ERR,ERR,ERR,ERR,ERR,ERR,ERR,ERR,ERR,ERR,ERR,ERR,ERR,ERR,ERR,ERR,ERR,ERR,ERR,ERR,ERR,ERR,ERR,ERR,ERR,ERR,ERR,ERR,ERR,ERR,ERR,ERR,ERR,ERR,ERR,ERR,ERR,ERR,ERR,ERR,ERR,ERR,ERR,ERR,ERR,ERR,ERR,ERR,ERR,ERR,ERR,ERR,ERR,ERR,ERR,ERR,ERR,ERR,ERR,ERR,ERR,ERR,ERR,ERR,ERR,ERR,ERR,ERR,ERR,ERR,ERR,ERR,ERR,ERR,ERR,ERR,ERR,ERR,ERR,ERR,ERR,ERR,ERR,ERR,ERR,ERR,ERR,ERR,ERR,ERR,ERR,ERR,ERR,ERR,0.0,-0.0,-0.0,0.0,0.0,1.3936040501711995e+18,7.805,0.0,0,0,4,0,7300,-0.0,0,0.0,0.0,0.0,0.0,0.0,0,0,0,0,0.0,0,0,0,0,0,0,0,0,0,0,0,0,0,0,0,0,0,0,0,0,0,0,0,0,0,0,0,0,0,0,0,0,0,32,30,30,62,65476,0,300,0,0,8,21553,0.0,-107605600.0,0.0,0.0,0.0,0.0,0.0,0.0,0.0,0.0,0.0,0.0,0.0,0.0,0.0,0.0,0.0,0.0,0.0,0.0,0.0,0.0,-0.0,-2.004,2.004,2.004,0.0,0.0,0.0,0.0,5521.0,-0.0,6929.0,0.0,-0.0,-0.0,0.0,0.0,0.0,0.0,0.0,63,-4.066878214320265e+29,-152017615978496.0,0.0,0.0,0.0,0.0,0.0,0.0,0.0,0,0,0,0.0,0.0,0.0,0.0,0.0,0.0,0.0,0.0,0.0,0.0,0.0,0.0,0.0,0.0,0.0,0.0,0,-107875648.0,63,0.0,126,2.7184242562605685e+23,2.842318642297501e+23,ERR,ERR,ERR,ERR,ERR,ERR,ERR,ERR,ERR,ERR,ERR,ERR,ERR,ERR,ERR,ERR,ERR,ERR,ERR,ERR,ERR,ERR,ERR,ERR,ERR,ERR,ERR,ERR,ERR,ERR,ERR,ERR,ERR,ERR,ERR,ERR,ERR,ERR,ERR,ERR,ERR,ERR,ERR,ERR,ERR,ERR,ERR,ERR,ERR,ERR,ERR,ERR,ERR,ERR,ERR,ERR,ERR,ERR,ERR,ERR,ERR,ERR,ERR,ERR,ERR,ERR,ERR,34.0,80.0,35,0.0,0.0,0.0,0.0,0.0,0.0,0.0,0.0,0.0,0.0,0.0,0.0,0.0,0.0,0.0,0.0,64.8,0,116,56,49,65476,0,300,0,0,8,20529,65476,0,0,57672,80.0,0.0,0.0,0.0,0.0,0.0
2026-06-17T04:54:18,ERR,ERR,ERR,ERR,ERR,ERR,ERR,ERR,ERR,ERR,ERR,ERR,ERR,ERR,ERR,ERR,ERR,ERR,ERR,ERR,ERR,ERR,ERR,ERR,ERR,ERR,ERR,ERR,ERR,ERR,ERR,ERR,ERR,ERR,ERR,ERR,ERR,ERR,ERR,ERR,ERR,ERR,ERR,ERR,ERR,ERR,ERR,ERR,ERR,ERR,ERR,ERR,ERR,ERR,ERR,ERR,ERR,ERR,ERR,ERR,ERR,ERR,ERR,ERR,ERR,ERR,ERR,ERR,ERR,ERR,ERR,ERR,ERR,ERR,ERR,ERR,ERR,ERR,ERR,ERR,ERR,ERR,ERR,ERR,ERR,ERR,ERR,ERR,ERR,ERR,ERR,ERR,ERR,ERR,ERR,ERR,ERR,ERR,ERR,ERR,ERR,ERR,ERR,ERR,ERR,ERR,ERR,ERR,ERR,ERR,ERR,ERR,ERR,ERR,ERR,ERR,ERR,ERR,ERR,ERR,ERR,ERR,ERR,ERR,ERR,0.0,-0.0,-0.0,0.0,0.0,1.3936040501711995e+18,7.805,0.0,0,0,4,0,7300,-0.0,0,0.0,0.0,0.0,0.0,0.0,0,0,0,0,0.0,0,0,0,0,0,0,0,0,0,0,0,0,0,0,0,0,0,0,0,0,0,0,0,0,0,0,0,0,0,0,0,0,0,32,30,30,62,65476,0,300,0,0,8,21553,0.0,-107605600.0,0.0,0.0,0.0,0.0,0.0,0.0,0.0,0.0,0.0,0.0,0.0,0.0,0.0,0.0,0.0,0.0,0.0,0.0,0.0,0.0,2.004,-2.004,2.004,2.004,0.0,0.0,0.0,0.0,5520.0,131350.688,6921.0,0.0,-0.0,-0.0,0.0,0.0,0.0,0.0,0.0,63,-3.2220267480110635e+26,-0.0,0.0,0.0,0.0,0.0,0.0,0.0,0.0,0,0,0,0.0,0.0,0.0,0.0,0.0,0.0,0.0,0.0,0.0,0.0,0.0,0.0,0.0,0.0,0.0,0.0,0,-107875648.0,63,0.0,126,2.7184242562605685e+23,2.842318642297501e+23,ERR,ERR,ERR,ERR,ERR,ERR,ERR,ERR,ERR,ERR,ERR,ERR,ERR,ERR,ERR,ERR,ERR,ERR,ERR,ERR,ERR,ERR,ERR,ERR,ERR,ERR,ERR,ERR,ERR,ERR,ERR,ERR,ERR,ERR,ERR,ERR,ERR,ERR,ERR,ERR,ERR,ERR,ERR,ERR,ERR,ERR,ERR,ERR,ERR,ERR,ERR,ERR,ERR,ERR,ERR,ERR,ERR,ERR,ERR,ERR,ERR,ERR,ERR,ERR,ERR,ERR,ERR,34.0,80.0,35,0.0,0.0,0.0,0.0,0.0,0.0,0.0,0.0,0.0,0.0,0.0,0.0,0.0,0.0,0.0,0.0,64.8,0,116,56,49,65476,0,300,0,0,8,20529,65476,0,0,57672,80.0,0.0,0.0,0.0,0.0,0.0
2026-06-17T04:54:19,ERR,ERR,ERR,ERR,ERR,ERR,ERR,ERR,ERR,ERR,ERR,ERR,ERR,ERR,ERR,ERR,ERR,ERR,ERR,ERR,ERR,ERR,ERR,ERR,ERR,ERR,ERR,ERR,ERR,ERR,ERR,ERR,ERR,ERR,ERR,ERR,ERR,ERR,ERR,ERR,ERR,ERR,ERR,ERR,ERR,ERR,ERR,ERR,ERR,ERR,ERR,ERR,ERR,ERR,ERR,ERR,ERR,ERR,ERR,ERR,ERR,ERR,ERR,ERR,ERR,ERR,ERR,ERR,ERR,ERR,ERR,ERR,ERR,ERR,ERR,ERR,ERR,ERR,ERR,ERR,ERR,ERR,ERR,ERR,ERR,ERR,ERR,ERR,ERR,ERR,ERR,ERR,ERR,ERR,ERR,ERR,ERR,ERR,ERR,ERR,ERR,ERR,ERR,ERR,ERR,ERR,ERR,ERR,ERR,ERR,ERR,ERR,ERR,ERR,ERR,ERR,ERR,ERR,ERR,ERR,ERR,ERR,ERR,ERR,ERR,0.0,-0.0,-0.0,0.0,0.0,1.3936040501711995e+18,7.805,0.0,0,0,4,0,7300,-0.0,0,0.0,0.0,0.0,0.0,0.0,0,0,0,0,0.0,0,0,0,0,0,0,0,0,0,0,0,0,0,0,0,0,0,0,0,0,0,0,0,0,0,0,0,0,0,0,0,0,0,32,30,30,62,65476,0,300,0,0,8,21553,0.0,-107605600.0,0.0,0.0,0.0,0.0,0.0,0.0,0.0,0.0,0.0,0.0,0.0,0.0,0.0,0.0,0.0,0.0,0.0,0.0,0.0,0.0,2.004,-2.004,2.004,2.004,0.0,0.0,0.0,0.0,5520.0,131350.688,6921.0,0.0,-0.0,-0.0,0.0,0.0,0.0,0.0,0.0,63,-3.2220267480110635e+26,-0.0,0.0,0.0,0.0,0.0,0.0,0.0,0.0,0,0,0,0.0,0.0,0.0,0.0,0.0,0.0,0.0,0.0,0.0,0.0,0.0,0.0,0.0,0.0,0.0,0.0,0,-107875648.0,63,0.0,126,2.7184242562605685e+23,2.842318642297501e+23,ERR,ERR,ERR,ERR,ERR,ERR,ERR,ERR,ERR,ERR,ERR,ERR,ERR,ERR,ERR,ERR,ERR,ERR,ERR,ERR,ERR,ERR,ERR,ERR,ERR,ERR,ERR,ERR,ERR,ERR,ERR,ERR,ERR,ERR,ERR,ERR,ERR,ERR,ERR,ERR,ERR,ERR,ERR,ERR,ERR,ERR,ERR,ERR,ERR,ERR,ERR,ERR,ERR,ERR,ERR,ERR,ERR,ERR,ERR,ERR,ERR,ERR,ERR,ERR,ERR,ERR,ERR,34.0,80.0,35,0.0,0.0,0.0,0.0,0.0,0.0,0.0,0.0,0.0,0.0,0.0,0.0,0.0,0.0,0.0,0.0,64.8,0,116,56,49,65476,0,300,0,0,8,20529,65476,0,0,57672,80.0,0.0,0.0,0.0,0.0,0.0
2026-06-17T04:54:20,ERR,ERR,ERR,ERR,ERR,ERR,ERR,ERR,ERR,ERR,ERR,ERR,ERR,ERR,ERR,ERR,ERR,ERR,ERR,ERR,ERR,ERR,ERR,ERR,ERR,ERR,ERR,ERR,ERR,ERR,ERR,ERR,ERR,ERR,ERR,ERR,ERR,ERR,ERR,ERR,ERR,ERR,ERR,ERR,ERR,ERR,ERR,ERR,ERR,ERR,ERR,ERR,ERR,ERR,ERR,ERR,ERR,ERR,ERR,ERR,ERR,ERR,ERR,ERR,ERR,ERR,ERR,ERR,ERR,ERR,ERR,ERR,ERR,ERR,ERR,ERR,ERR,ERR,ERR,ERR,ERR,ERR,ERR,ERR,ERR,ERR,ERR,ERR,ERR,ERR,ERR,ERR,ERR,ERR,ERR,ERR,ERR,ERR,ERR,ERR,ERR,ERR,ERR,ERR,ERR,ERR,ERR,ERR,ERR,ERR,ERR,ERR,ERR,ERR,ERR,ERR,ERR,ERR,ERR,ERR,ERR,ERR,ERR,ERR,ERR,0.0,-0.0,-0.0,0.0,0.0,1.3936040501711995e+18,7.805,0.0,0,0,4,0,7300,-0.0,0,0.0,0.0,0.0,0.0,0.0,0,0,0,0,0.0,0,0,0,0,0,0,0,0,0,0,0,0,0,0,0,0,0,0,0,0,0,0,0,0,0,0,0,0,0,0,0,0,0,32,30,30,62,65476,0,300,0,0,8,21553,0.0,-107605600.0,0.0,0.0,0.0,0.0,0.0,0.0,0.0,0.0,0.0,0.0,0.0,0.0,0.0,0.0,0.0,0.0,0.0,0.0,0.0,0.0,2.004,-2.004,2.004,2.004,0.0,0.0,0.0,0.0,5520.0,131350.688,6921.0,0.0,-0.0,-0.0,0.0,0.0,0.0,0.0,0.0,63,-3.2220267480110635e+26,-0.0,0.0,0.0,0.0,0.0,0.0,0.0,0.0,0,0,0,0.0,0.0,0.0,0.0,0.0,0.0,0.0,0.0,0.0,0.0,0.0,0.0,0.0,0.0,0.0,0.0,0,-107875648.0,63,0.0,126,2.7184242562605685e+23,2.842318642297501e+23,ERR,ERR,ERR,ERR,ERR,ERR,ERR,ERR,ERR,ERR,ERR,ERR,ERR,ERR,ERR,ERR,ERR,ERR,ERR,ERR,ERR,ERR,ERR,ERR,ERR,ERR,ERR,ERR,ERR,ERR,ERR,ERR,ERR,ERR,ERR,ERR,ERR,ERR,ERR,ERR,ERR,ERR,ERR,ERR,ERR,ERR,ERR,ERR,ERR,ERR,ERR,ERR,ERR,ERR,ERR,ERR,ERR,ERR,ERR,ERR,ERR,ERR,ERR,ERR,ERR,ERR,ERR,34.0,80.0,35,0.0,0.0,0.0,0.0,0.0,0.0,0.0,0.0,0.0,0.0,0.0,0.0,0.0,0.0,0.0,0.0,64.4,0,116,56,49,65476,0,300,0,0,8,20529,65476,0,0,57672,80.0,0.0,0.0,0.0,0.0,0.0
2026-06-17T04:54:21,ERR,ERR,ERR,ERR,ERR,ERR,ERR,ERR,ERR,ERR,ERR,ERR,ERR,ERR,ERR,ERR,ERR,ERR,ERR,ERR,ERR,ERR,ERR,ERR,ERR,ERR,ERR,ERR,ERR,ERR,ERR,ERR,ERR,ERR,ERR,ERR,ERR,ERR,ERR,ERR,ERR,ERR,ERR,ERR,ERR,ERR,ERR,ERR,ERR,ERR,ERR,ERR,ERR,ERR,ERR,ERR,ERR,ERR,ERR,ERR,ERR,ERR,ERR,ERR,ERR,ERR,ERR,ERR,ERR,ERR,ERR,ERR,ERR,ERR,ERR,ERR,ERR,ERR,ERR,ERR,ERR,ERR,ERR,ERR,ERR,ERR,ERR,ERR,ERR,ERR,ERR,ERR,ERR,ERR,ERR,ERR,ERR,ERR,ERR,ERR,ERR,ERR,ERR,ERR,ERR,ERR,ERR,ERR,ERR,ERR,ERR,ERR,ERR,ERR,ERR,ERR,ERR,ERR,ERR,ERR,ERR,ERR,ERR,ERR,ERR,0.0,-0.0,-0.0,0.0,0.0,1.3936040501711995e+18,7.805,0.0,0,0,4,0,7300,-0.0,0,0.0,0.0,0.0,0.0,0.0,0,0,0,0,0.0,0,0,0,0,0,0,0,0,0,0,0,0,0,0,0,0,0,0,0,0,0,0,0,0,0,0,0,0,0,0,0,0,0,32,30,30,62,65476,0,300,0,0,8,21553,0.0,-107605600.0,0.0,0.0,0.0,0.0,0.0,0.0,0.0,0.0,0.0,0.0,0.0,0.0,0.0,0.0,0.0,0.0,0.0,0.0,0.0,0.0,2.004,-2.004,2.004,2.004,0.0,0.0,0.0,0.0,5520.0,131350.688,6921.0,0.0,-0.0,-0.0,0.0,0.0,0.0,0.0,0.0,63,-3.2220267480110635e+26,-0.0,0.0,0.0,0.0,0.0,0.0,0.0,0.0,0,0,0,0.0,0.0,0.0,0.0,0.0,0.0,0.0,0.0,0.0,0.0,0.0,0.0,0.0,0.0,0.0,0.0,0,-107875648.0,63,0.0,126,2.7184242562605685e+23,2.842318642297501e+23,ERR,ERR,ERR,ERR,ERR,ERR,ERR,ERR,ERR,ERR,ERR,ERR,ERR,ERR,ERR,ERR,ERR,ERR,ERR,ERR,ERR,ERR,ERR,ERR,ERR,ERR,ERR,ERR,ERR,ERR,ERR,ERR,ERR,ERR,ERR,ERR,ERR,ERR,ERR,ERR,ERR,ERR,ERR,ERR,ERR,ERR,ERR,ERR,ERR,ERR,ERR,ERR,ERR,ERR,ERR,ERR,ERR,ERR,ERR,ERR,ERR,ERR,ERR,ERR,ERR,ERR,ERR,34.0,80.0,35,0.0,0.0,0.0,0.0,0.0,0.0,0.0,0.0,0.0,0.0,0.0,0.0,0.0,0.0,0.0,0.0,64.4,0,116,56,49,65476,0,300,0,0,8,20529,65476,0,0,57672,80.0,0.0,0.0,0.0,0.0,0.0
2026-06-17T04:54:22,ERR,ERR,ERR,ERR,ERR,ERR,ERR,ERR,ERR,ERR,ERR,ERR,ERR,ERR,ERR,ERR,ERR,ERR,ERR,ERR,ERR,ERR,ERR,ERR,ERR,ERR,ERR,ERR,ERR,ERR,ERR,ERR,ERR,ERR,ERR,ERR,ERR,ERR,ERR,ERR,ERR,ERR,ERR,ERR,ERR,ERR,ERR,ERR,ERR,ERR,ERR,ERR,ERR,ERR,ERR,ERR,ERR,ERR,ERR,ERR,ERR,ERR,ERR,ERR,ERR,ERR,ERR,ERR,ERR,ERR,ERR,ERR,ERR,ERR,ERR,ERR,ERR,ERR,ERR,ERR,ERR,ERR,ERR,ERR,ERR,ERR,ERR,ERR,ERR,ERR,ERR,ERR,ERR,ERR,ERR,ERR,ERR,ERR,ERR,ERR,ERR,ERR,ERR,ERR,ERR,ERR,ERR,ERR,ERR,ERR,ERR,ERR,ERR,ERR,ERR,ERR,ERR,ERR,ERR,ERR,ERR,ERR,ERR,ERR,ERR,0.0,-0.0,-0.0,0.0,0.0,1.3936040501711995e+18,7.805,0.0,0,0,4,0,7300,-0.0,0,0.0,0.0,0.0,0.0,0.0,0,0,0,0,0.0,0,0,0,0,0,0,0,0,0,0,0,0,0,0,0,0,0,0,0,0,0,0,0,0,0,0,0,0,0,0,0,0,0,32,30,30,62,65476,0,300,0,0,8,21553,0.0,-107605600.0,0.0,0.0,0.0,0.0,0.0,0.0,0.0,0.0,0.0,0.0,0.0,0.0,0.0,0.0,0.0,0.0,0.0,0.0,0.0,0.0,2.004,-2.004,2.004,2.004,0.0,0.0,0.0,0.0,5520.0,131350.688,6921.0,0.0,-0.0,-0.0,0.0,0.0,0.0,0.0,0.0,63,-3.2220267480110635e+26,-0.0,0.0,0.0,0.0,0.0,0.0,0.0,0.0,0,0,0,0.0,0.0,0.0,0.0,0.0,0.0,0.0,0.0,0.0,0.0,0.0,0.0,0.0,0.0,0.0,0.0,0,-107875648.0,63,0.0,126,2.7184242562605685e+23,2.842318642297501e+23,ERR,ERR,ERR,ERR,ERR,ERR,ERR,ERR,ERR,ERR,ERR,ERR,ERR,ERR,ERR,ERR,ERR,ERR,ERR,ERR,ERR,ERR,ERR,ERR,ERR,ERR,ERR,ERR,ERR,ERR,ERR,ERR,ERR,ERR,ERR,ERR,ERR,ERR,ERR,ERR,ERR,ERR,ERR,ERR,ERR,ERR,ERR,ERR,ERR,ERR,ERR,ERR,ERR,ERR,ERR,ERR,ERR,ERR,ERR,ERR,ERR,ERR,ERR,ERR,ERR,ERR,ERR,34.0,80.0,35,0.0,0.0,0.0,0.0,0.0,0.0,0.0,0.0,0.0,0.0,0.0,0.0,0.0,0.0,0.0,0.0,64.4,0,116,56,49,65476,0,300,0,0,8,20529,65476,0,0,57672,80.0,0.0,0.0,0.0,0.0,0.0
2026-06-17T04:54:23,ERR,ERR,ERR,ERR,ERR,ERR,ERR,ERR,ERR,ERR,ERR,ERR,ERR,ERR,ERR,ERR,ERR,ERR,ERR,ERR,ERR,ERR,ERR,ERR,ERR,ERR,ERR,ERR,ERR,ERR,ERR,ERR,ERR,ERR,ERR,ERR,ERR,ERR,ERR,ERR,ERR,ERR,ERR,ERR,ERR,ERR,ERR,ERR,ERR,ERR,ERR,ERR,ERR,ERR,ERR,ERR,ERR,ERR,ERR,ERR,ERR,ERR,ERR,ERR,ERR,ERR,ERR,ERR,ERR,ERR,ERR,ERR,ERR,ERR,ERR,ERR,ERR,ERR,ERR,ERR,ERR,ERR,ERR,ERR,ERR,ERR,ERR,ERR,ERR,ERR,ERR,ERR,ERR,ERR,ERR,ERR,ERR,ERR,ERR,ERR,ERR,ERR,ERR,ERR,ERR,ERR,ERR,ERR,ERR,ERR,ERR,ERR,ERR,ERR,ERR,ERR,ERR,ERR,ERR,ERR,ERR,ERR,ERR,ERR,ERR,0.0,-0.0,-0.0,0.0,0.0,1.3936040501711995e+18,7.805,0.0,0,0,4,0,7300,-0.0,0,0.0,0.0,0.0,0.0,0.0,0,0,0,0,0.0,0,0,0,0,0,0,0,0,0,0,0,0,0,0,0,0,0,0,0,0,0,0,0,0,0,0,0,0,0,0,0,0,0,32,30,30,62,65476,0,300,0,0,8,21553,0.0,-107605600.0,0.0,0.0,0.0,0.0,0.0,0.0,0.0,0.0,0.0,0.0,0.0,0.0,0.0,0.0,0.0,0.0,0.0,0.0,0.0,0.0,2.004,-2.004,2.004,2.004,0.0,0.0,0.0,0.0,5520.0,564146907119616.0,6923.0,0.0,-0.0,-0.0,0.0,0.0,0.0,0.0,0.0,63,-3.2220267480110635e+26,-0.0,0.0,0.0,0.0,0.0,0.0,0.0,0.0,0,0,0,0.0,0.0,0.0,0.0,0.0,0.0,0.0,0.0,0.0,0.0,0.0,0.0,0.0,0.0,0.0,0.0,0,-107875648.0,63,0.0,126,2.7184242562605685e+23,2.842318642297501e+23,ERR,ERR,ERR,ERR,ERR,ERR,ERR,ERR,ERR,ERR,ERR,ERR,ERR,ERR,ERR,ERR,ERR,ERR,ERR,ERR,ERR,ERR,ERR,ERR,ERR,ERR,ERR,ERR,ERR,ERR,ERR,ERR,ERR,ERR,ERR,ERR,ERR,ERR,ERR,ERR,ERR,ERR,ERR,ERR,ERR,ERR,ERR,ERR,ERR,ERR,ERR,ERR,ERR,ERR,ERR,ERR,ERR,ERR,ERR,ERR,ERR,ERR,ERR,ERR,ERR,ERR,ERR,34.0,80.0,35,0.0,0.0,0.0,0.0,0.0,0.0,0.0,0.0,0.0,0.0,0.0,0.0,0.0,0.0,0.0,0.0,64.4,0,116,56,49,65476,0,300,0,0,8,20529,65476,0,0,57672,80.0,0.0,0.0,0.0,0.0,0.0
2026-06-17T04:54:24,ERR,ERR,ERR,ERR,ERR,ERR,ERR,ERR,ERR,ERR,ERR,ERR,ERR,ERR,ERR,ERR,ERR,ERR,ERR,ERR,ERR,ERR,ERR,ERR,ERR,ERR,ERR,ERR,ERR,ERR,ERR,ERR,ERR,ERR,ERR,ERR,ERR,ERR,ERR,ERR,ERR,ERR,ERR,ERR,ERR,ERR,ERR,ERR,ERR,ERR,ERR,ERR,ERR,ERR,ERR,ERR,ERR,ERR,ERR,ERR,ERR,ERR,ERR,ERR,ERR,ERR,ERR,ERR,ERR,ERR,ERR,ERR,ERR,ERR,ERR,ERR,ERR,ERR,ERR,ERR,ERR,ERR,ERR,ERR,ERR,ERR,ERR,ERR,ERR,ERR,ERR,ERR,ERR,ERR,ERR,ERR,ERR,ERR,ERR,ERR,ERR,ERR,ERR,ERR,ERR,ERR,ERR,ERR,ERR,ERR,ERR,ERR,ERR,ERR,ERR,ERR,ERR,ERR,ERR,ERR,ERR,ERR,ERR,ERR,ERR,0.0,-0.0,-0.0,0.0,0.0,1.3936040501711995e+18,7.805,0.0,0,0,4,0,7300,-0.0,0,0.0,0.0,0.0,0.0,0.0,0,0,0,0,0.0,0,0,0,0,0,0,0,0,0,0,0,0,0,0,0,0,0,0,0,0,0,0,0,0,0,0,0,0,0,0,0,0,0,32,30,30,62,65476,0,300,0,0,8,21553,0.0,-107605600.0,0.0,0.0,0.0,0.0,0.0,0.0,0.0,0.0,0.0,0.0,0.0,0.0,0.0,0.0,0.0,0.0,0.0,0.0,0.0,0.0,2.004,-2.004,2.004,2.004,0.0,0.0,0.0,0.0,5520.0,564146907119616.0,6923.0,0.0,-0.0,-0.0,0.0,0.0,0.0,0.0,0.0,63,-3.2220267480110635e+26,-0.0,0.0,0.0,0.0,0.0,0.0,0.0,0.0,0,0,0,0.0,0.0,0.0,0.0,0.0,0.0,0.0,0.0,0.0,0.0,0.0,0.0,0.0,0.0,0.0,0.0,0,-107875648.0,63,0.0,126,2.7184242562605685e+23,2.842318642297501e+23,ERR,ERR,ERR,ERR,ERR,ERR,ERR,ERR,ERR,ERR,ERR,ERR,ERR,ERR,ERR,ERR,ERR,ERR,ERR,ERR,ERR,ERR,ERR,ERR,ERR,ERR,ERR,ERR,ERR,ERR,ERR,ERR,ERR,ERR,ERR,ERR,ERR,ERR,ERR,ERR,ERR,ERR,ERR,ERR,ERR,ERR,ERR,ERR,ERR,ERR,ERR,ERR,ERR,ERR,ERR,ERR,ERR,ERR,ERR,ERR,ERR,ERR,ERR,ERR,ERR,ERR,ERR,34.0,80.0,35,0.0,0.0,0.0,0.0,0.0,0.0,0.0,0.0,0.0,0.0,0.0,0.0,0.0,0.0,0.0,0.0,64.4,0,116,56,49,65476,0,300,0,0,8,20529,65476,0,0,57672,80.0,0.0,0.0,0.0,0.0,0.0
2026-06-17T04:54:25,ERR,ERR,ERR,ERR,ERR,ERR,ERR,ERR,ERR,ERR,ERR,ERR,ERR,ERR,ERR,ERR,ERR,ERR,ERR,ERR,ERR,ERR,ERR,ERR,ERR,ERR,ERR,ERR,ERR,ERR,ERR,ERR,ERR,ERR,ERR,ERR,ERR,ERR,ERR,ERR,ERR,ERR,ERR,ERR,ERR,ERR,ERR,ERR,ERR,ERR,ERR,ERR,ERR,ERR,ERR,ERR,ERR,ERR,ERR,ERR,ERR,ERR,ERR,ERR,ERR,ERR,ERR,ERR,ERR,ERR,ERR,ERR,ERR,ERR,ERR,ERR,ERR,ERR,ERR,ERR,ERR,ERR,ERR,ERR,ERR,ERR,ERR,ERR,ERR,ERR,ERR,ERR,ERR,ERR,ERR,ERR,ERR,ERR,ERR,ERR,ERR,ERR,ERR,ERR,ERR,ERR,ERR,ERR,ERR,ERR,ERR,ERR,ERR,ERR,ERR,ERR,ERR,ERR,ERR,ERR,ERR,ERR,ERR,ERR,ERR,0.0,-0.0,-0.0,0.0,0.0,1.3936040501711995e+18,7.805,0.0,0,0,4,0,7300,-0.0,0,0.0,0.0,0.0,0.0,0.0,0,0,0,0,0.0,0,0,0,0,0,0,0,0,0,0,0,0,0,0,0,0,0,0,0,0,0,0,0,0,0,0,0,0,0,0,0,0,0,32,30,30,62,65476,0,300,0,0,8,21553,0.0,-107605600.0,0.0,0.0,0.0,0.0,0.0,0.0,0.0,0.0,0.0,0.0,0.0,0.0,0.0,0.0,0.0,0.0,0.0,0.0,0.0,0.0,2.004,-2.004,2.004,2.004,0.0,0.0,0.0,0.0,5520.0,564146907119616.0,6923.0,0.0,-0.0,-0.0,0.0,0.0,0.0,0.0,0.0,63,-3.2220267480110635e+26,-0.0,0.0,0.0,0.0,0.0,0.0,0.0,0.0,0,0,0,0.0,0.0,0.0,0.0,0.0,0.0,0.0,0.0,0.0,0.0,0.0,0.0,0.0,0.0,0.0,0.0,0,-107875648.0,63,0.0,126,2.7184242562605685e+23,2.842318642297501e+23,ERR,ERR,ERR,ERR,ERR,ERR,ERR,ERR,ERR,ERR,ERR,ERR,ERR,ERR,ERR,ERR,ERR,ERR,ERR,ERR,ERR,ERR,ERR,ERR,ERR,ERR,ERR,ERR,ERR,ERR,ERR,ERR,ERR,ERR,ERR,ERR,ERR,ERR,ERR,ERR,ERR,ERR,ERR,ERR,ERR,ERR,ERR,ERR,ERR,ERR,ERR,ERR,ERR,ERR,ERR,ERR,ERR,ERR,ERR,ERR,ERR,ERR,ERR,ERR,ERR,ERR,ERR,34.0,80.0,35,0.0,0.0,0.0,0.0,0.0,0.0,0.0,0.0,0.0,0.0,0.0,0.0,0.0,0.0,0.0,0.0,64.4,0,116,56,49,65476,0,300,0,0,8,20529,65476,0,0,57672,80.0,0.0,0.0,0.0,0.0,0.0
2026-06-17T04:54:26,ERR,ERR,ERR,ERR,ERR,ERR,ERR,ERR,ERR,ERR,ERR,ERR,ERR,ERR,ERR,ERR,ERR,ERR,ERR,ERR,ERR,ERR,ERR,ERR,ERR,ERR,ERR,ERR,ERR,ERR,ERR,ERR,ERR,ERR,ERR,ERR,ERR,ERR,ERR,ERR,ERR,ERR,ERR,ERR,ERR,ERR,ERR,ERR,ERR,ERR,ERR,ERR,ERR,ERR,ERR,ERR,ERR,ERR,ERR,ERR,ERR,ERR,ERR,ERR,ERR,ERR,ERR,ERR,ERR,ERR,ERR,ERR,ERR,ERR,ERR,ERR,ERR,ERR,ERR,ERR,ERR,ERR,ERR,ERR,ERR,ERR,ERR,ERR,ERR,ERR,ERR,ERR,ERR,ERR,ERR,ERR,ERR,ERR,ERR,ERR,ERR,ERR,ERR,ERR,ERR,ERR,ERR,ERR,ERR,ERR,ERR,ERR,ERR,ERR,ERR,ERR,ERR,ERR,ERR,ERR,ERR,ERR,ERR,ERR,ERR,0.0,-0.0,-0.0,0.0,0.0,1.3936040501711995e+18,7.805,0.0,0,0,4,0,7300,-0.0,0,0.0,0.0,0.0,0.0,0.0,0,0,0,0,0.0,0,0,0,0,0,0,0,0,0,0,0,0,0,0,0,0,0,0,0,0,0,0,0,0,0,0,0,0,0,0,0,0,0,32,30,30,62,65476,0,300,0,0,8,21553,0.0,-107605600.0,0.0,0.0,0.0,0.0,0.0,0.0,0.0,0.0,0.0,0.0,0.0,0.0,0.0,0.0,0.0,0.0,0.0,0.0,0.0,0.0,2.004,-2.004,2.004,2.004,0.0,0.0,0.0,0.0,5520.0,564146907119616.0,6923.0,0.0,-0.0,-0.0,0.0,0.0,0.0,0.0,0.0,63,-3.2220267480110635e+26,-0.0,0.0,0.0,0.0,0.0,0.0,0.0,0.0,0,0,0,0.0,0.0,0.0,0.0,0.0,0.0,0.0,0.0,0.0,0.0,0.0,0.0,0.0,0.0,0.0,0.0,0,-107875648.0,63,0.0,126,2.7184242562605685e+23,2.842318642297501e+23,ERR,ERR,ERR,ERR,ERR,ERR,ERR,ERR,ERR,ERR,ERR,ERR,ERR,ERR,ERR,ERR,ERR,ERR,ERR,ERR,ERR,ERR,ERR,ERR,ERR,ERR,ERR,ERR,ERR,ERR,ERR,ERR,ERR,ERR,ERR,ERR,ERR,ERR,ERR,ERR,ERR,ERR,ERR,ERR,ERR,ERR,ERR,ERR,ERR,ERR,ERR,ERR,ERR,ERR,ERR,ERR,ERR,ERR,ERR,ERR,ERR,ERR,ERR,ERR,ERR,ERR,ERR,34.0,80.0,35,0.0,0.0,0.0,0.0,0.0,0.0,0.0,0.0,0.0,0.0,0.0,0.0,0.0,0.0,0.0,0.0,64.4,0,116,56,49,65476,0,300,0,0,8,20529,65476,0,0,57672,80.0,0.0,0.0,0.0,0.0,0.0
2026-06-17T04:54:27,ERR,ERR,ERR,ERR,ERR,ERR,ERR,ERR,ERR,ERR,ERR,ERR,ERR,ERR,ERR,ERR,ERR,ERR,ERR,ERR,ERR,ERR,ERR,ERR,ERR,ERR,ERR,ERR,ERR,ERR,ERR,ERR,ERR,ERR,ERR,ERR,ERR,ERR,ERR,ERR,ERR,ERR,ERR,ERR,ERR,ERR,ERR,ERR,ERR,ERR,ERR,ERR,ERR,ERR,ERR,ERR,ERR,ERR,ERR,ERR,ERR,ERR,ERR,ERR,ERR,ERR,ERR,ERR,ERR,ERR,ERR,ERR,ERR,ERR,ERR,ERR,ERR,ERR,ERR,ERR,ERR,ERR,ERR,ERR,ERR,ERR,ERR,ERR,ERR,ERR,ERR,ERR,ERR,ERR,ERR,ERR,ERR,ERR,ERR,ERR,ERR,ERR,ERR,ERR,ERR,ERR,ERR,ERR,ERR,ERR,ERR,ERR,ERR,ERR,ERR,ERR,ERR,ERR,ERR,ERR,ERR,ERR,ERR,ERR,ERR,0.0,-0.0,-0.0,0.0,0.0,1.3936040501711995e+18,7.805,0.0,0,0,4,0,7300,-0.0,0,0.0,0.0,0.0,0.0,0.0,0,0,0,0,0.0,0,0,0,0,0,0,0,0,0,0,0,0,0,0,0,0,0,0,0,0,0,0,0,0,0,0,0,0,0,0,0,0,0,32,30,30,62,65476,0,300,0,0,8,21553,0.0,-107605600.0,0.0,0.0,0.0,0.0,0.0,0.0,0.0,0.0,0.0,0.0,0.0,0.0,0.0,0.0,0.0,0.0,0.0,0.0,0.0,0.0,2.004,-2.004,2.004,2.004,0.0,0.0,0.0,0.0,5520.0,564146907119616.0,6923.0,0.0,-0.0,-0.0,0.0,0.0,0.0,0.0,0.0,63,-3.2220267480110635e+26,-0.0,0.0,0.0,0.0,0.0,0.0,0.0,0.0,0,0,0,0.0,0.0,0.0,0.0,0.0,0.0,0.0,0.0,0.0,0.0,0.0,0.0,0.0,0.0,0.0,0.0,0,-107875648.0,63,0.0,126,2.7184242562605685e+23,2.842318642297501e+23,ERR,ERR,ERR,ERR,ERR,ERR,ERR,ERR,ERR,ERR,ERR,ERR,ERR,ERR,ERR,ERR,ERR,ERR,ERR,ERR,ERR,ERR,ERR,ERR,ERR,ERR,ERR,ERR,ERR,ERR,ERR,ERR,ERR,ERR,ERR,ERR,ERR,ERR,ERR,ERR,ERR,ERR,ERR,ERR,ERR,ERR,ERR,ERR,ERR,ERR,ERR,ERR,ERR,ERR,ERR,ERR,ERR,ERR,ERR,ERR,ERR,ERR,ERR,ERR,ERR,ERR,ERR,34.0,80.0,35,0.0,0.0,0.0,0.0,0.0,0.0,0.0,0.0,0.0,0.0,0.0,0.0,0.0,0.0,0.0,0.0,64.4,0,116,56,49,65476,0,300,0,0,8,20529,65476,0,0,57672,80.0,0.0,0.0,0.0,0.0,0.0
2026-06-17T04:54:28,ERR,ERR,ERR,ERR,ERR,ERR,ERR,ERR,ERR,ERR,ERR,ERR,ERR,ERR,ERR,ERR,ERR,ERR,ERR,ERR,ERR,ERR,ERR,ERR,ERR,ERR,ERR,ERR,ERR,ERR,ERR,ERR,ERR,ERR,ERR,ERR,ERR,ERR,ERR,ERR,ERR,ERR,ERR,ERR,ERR,ERR,ERR,ERR,ERR,ERR,ERR,ERR,ERR,ERR,ERR,ERR,ERR,ERR,ERR,ERR,ERR,ERR,ERR,ERR,ERR,ERR,ERR,ERR,ERR,ERR,ERR,ERR,ERR,ERR,ERR,ERR,ERR,ERR,ERR,ERR,ERR,ERR,ERR,ERR,ERR,ERR,ERR,ERR,ERR,ERR,ERR,ERR,ERR,ERR,ERR,ERR,ERR,ERR,ERR,ERR,ERR,ERR,ERR,ERR,ERR,ERR,ERR,ERR,ERR,ERR,ERR,ERR,ERR,ERR,ERR,ERR,ERR,ERR,ERR,ERR,ERR,ERR,ERR,ERR,ERR,0.0,-0.0,-0.0,0.0,0.0,1.3936040501711995e+18,7.805,0.0,0,0,4,0,7300,-0.0,0,0.0,0.0,0.0,0.0,0.0,0,0,0,0,0.0,0,0,0,0,0,0,0,0,0,0,0,0,0,0,0,0,0,0,0,0,0,0,0,0,0,0,0,0,0,0,0,0,0,32,30,30,62,65476,0,300,0,0,8,21553,0.0,-107605600.0,0.0,0.0,0.0,0.0,0.0,0.0,0.0,0.0,0.0,0.0,0.0,0.0,0.0,0.0,0.0,0.0,0.0,0.0,0.0,0.0,2.004,-2.004,2.004,2.004,0.0,0.0,0.0,0.0,5520.0,3.6971931704991154e+19,6924.0,0.0,-0.0,-0.0,0.0,0.0,0.0,0.0,0.0,63,-3.2220267480110635e+26,-0.0,0.0,0.0,0.0,0.0,0.0,0.0,0.0,0,0,0,0.0,0.0,0.0,0.0,0.0,0.0,0.0,0.0,0.0,0.0,0.0,0.0,0.0,0.0,0.0,0.0,0,-107875648.0,63,0.0,126,2.7184242562605685e+23,2.842318642297501e+23,ERR,ERR,ERR,ERR,ERR,ERR,ERR,ERR,ERR,ERR,ERR,ERR,ERR,ERR,ERR,ERR,ERR,ERR,ERR,ERR,ERR,ERR,ERR,ERR,ERR,ERR,ERR,ERR,ERR,ERR,ERR,ERR,ERR,ERR,ERR,ERR,ERR,ERR,ERR,ERR,ERR,ERR,ERR,ERR,ERR,ERR,ERR,ERR,ERR,ERR,ERR,ERR,ERR,ERR,ERR,ERR,ERR,ERR,ERR,ERR,ERR,ERR,ERR,ERR,ERR,ERR,ERR,34.0,80.0,35,0.0,0.0,0.0,0.0,0.0,0.0,0.0,0.0,0.0,0.0,0.0,0.0,0.0,0.0,0.0,0.0,64.4,0,116,56,49,65476,0,300,0,0,8,20529,65476,0,0,57672,80.0,0.0,0.0,0.0,0.0,0.0
2026-06-17T04:54:29,ERR,ERR,ERR,ERR,ERR,ERR,ERR,ERR,ERR,ERR,ERR,ERR,ERR,ERR,ERR,ERR,ERR,ERR,ERR,ERR,ERR,ERR,ERR,ERR,ERR,ERR,ERR,ERR,ERR,ERR,ERR,ERR,ERR,ERR,ERR,ERR,ERR,ERR,ERR,ERR,ERR,ERR,ERR,ERR,ERR,ERR,ERR,ERR,ERR,ERR,ERR,ERR,ERR,ERR,ERR,ERR,ERR,ERR,ERR,ERR,ERR,ERR,ERR,ERR,ERR,ERR,ERR,ERR,ERR,ERR,ERR,ERR,ERR,ERR,ERR,ERR,ERR,ERR,ERR,ERR,ERR,ERR,ERR,ERR,ERR,ERR,ERR,ERR,ERR,ERR,ERR,ERR,ERR,ERR,ERR,ERR,ERR,ERR,ERR,ERR,ERR,ERR,ERR,ERR,ERR,ERR,ERR,ERR,ERR,ERR,ERR,ERR,ERR,ERR,ERR,ERR,ERR,ERR,ERR,ERR,ERR,ERR,ERR,ERR,ERR,0.0,-0.0,-0.0,0.0,0.0,1.3936040501711995e+18,7.805,0.0,0,0,4,0,7300,-0.0,0,0.0,0.0,0.0,0.0,0.0,0,0,0,0,0.0,0,0,0,0,0,0,0,0,0,0,0,0,0,0,0,0,0,0,0,0,0,0,0,0,0,0,0,0,0,0,0,0,0,32,30,30,62,65476,0,300,0,0,8,21553,0.0,-107605600.0,0.0,0.0,0.0,0.0,0.0,0.0,0.0,0.0,0.0,0.0,0.0,0.0,0.0,0.0,0.0,0.0,0.0,0.0,0.0,0.0,2.004,-2.004,2.004,2.004,0.0,0.0,0.0,0.0,5520.0,3.6971931704991154e+19,6924.0,0.0,-0.0,-0.0,0.0,0.0,0.0,0.0,0.0,63,-3.2220267480110635e+26,-0.0,0.0,0.0,0.0,0.0,0.0,0.0,0.0,0,0,0,0.0,0.0,0.0,0.0,0.0,0.0,0.0,0.0,0.0,0.0,0.0,0.0,0.0,0.0,0.0,0.0,0,-107875648.0,63,0.0,126,2.7184242562605685e+23,2.842318642297501e+23,ERR,ERR,ERR,ERR,ERR,ERR,ERR,ERR,ERR,ERR,ERR,ERR,ERR,ERR,ERR,ERR,ERR,ERR,ERR,ERR,ERR,ERR,ERR,ERR,ERR,ERR,ERR,ERR,ERR,ERR,ERR,ERR,ERR,ERR,ERR,ERR,ERR,ERR,ERR,ERR,ERR,ERR,ERR,ERR,ERR,ERR,ERR,ERR,ERR,ERR,ERR,ERR,ERR,ERR,ERR,ERR,ERR,ERR,ERR,ERR,ERR,ERR,ERR,ERR,ERR,ERR,ERR,34.0,80.0,35,0.0,0.0,0.0,0.0,0.0,0.0,0.0,0.0,0.0,0.0,0.0,0.0,0.0,0.0,0.0,0.0,64.4,0,116,56,49,65476,0,300,0,0,8,20529,65476,0,0,57672,80.0,0.0,0.0,0.0,0.0,0.0
2026-06-17T04:54:30,ERR,ERR,ERR,ERR,ERR,ERR,ERR,ERR,ERR,ERR,ERR,ERR,ERR,ERR,ERR,ERR,ERR,ERR,ERR,ERR,ERR,ERR,ERR,ERR,ERR,ERR,ERR,ERR,ERR,ERR,ERR,ERR,ERR,ERR,ERR,ERR,ERR,ERR,ERR,ERR,ERR,ERR,ERR,ERR,ERR,ERR,ERR,ERR,ERR,ERR,ERR,ERR,ERR,ERR,ERR,ERR,ERR,ERR,ERR,ERR,ERR,ERR,ERR,ERR,ERR,ERR,ERR,ERR,ERR,ERR,ERR,ERR,ERR,ERR,ERR,ERR,ERR,ERR,ERR,ERR,ERR,ERR,ERR,ERR,ERR,ERR,ERR,ERR,ERR,ERR,ERR,ERR,ERR,ERR,ERR,ERR,ERR,ERR,ERR,ERR,ERR,ERR,ERR,ERR,ERR,ERR,ERR,ERR,ERR,ERR,ERR,ERR,ERR,ERR,ERR,ERR,ERR,ERR,ERR,ERR,ERR,ERR,ERR,ERR,ERR,0.0,-0.0,-0.0,0.0,0.0,1.3936040501711995e+18,7.805,0.0,0,0,4,0,7300,-0.0,0,0.0,0.0,0.0,0.0,0.0,0,0,0,0,0.0,0,0,0,0,0,0,0,0,0,0,0,0,0,0,0,0,0,0,0,0,0,0,0,0,0,0,0,0,0,0,0,0,0,32,30,30,62,65476,0,300,0,0,8,21553,0.0,-107605600.0,0.0,0.0,0.0,0.0,0.0,0.0,0.0,0.0,0.0,0.0,0.0,0.0,0.0,0.0,0.0,0.0,0.0,0.0,0.0,0.0,2.004,-2.004,2.004,2.004,0.0,0.0,0.0,0.0,5520.0,3.6971931704991154e+19,6924.0,0.0,-0.0,-0.0,0.0,0.0,0.0,0.0,0.0,63,-3.2220267480110635e+26,-0.0,0.0,0.0,0.0,0.0,0.0,0.0,0.0,0,0,0,0.0,0.0,0.0,0.0,0.0,0.0,0.0,0.0,0.0,0.0,0.0,0.0,0.0,0.0,0.0,0.0,0,-107875648.0,63,0.0,126,2.7184242562605685e+23,2.842318642297501e+23,ERR,ERR,ERR,ERR,ERR,ERR,ERR,ERR,ERR,ERR,ERR,ERR,ERR,ERR,ERR,ERR,ERR,ERR,ERR,ERR,ERR,ERR,ERR,ERR,ERR,ERR,ERR,ERR,ERR,ERR,ERR,ERR,ERR,ERR,ERR,ERR,ERR,ERR,ERR,ERR,ERR,ERR,ERR,ERR,ERR,ERR,ERR,ERR,ERR,ERR,ERR,ERR,ERR,ERR,ERR,ERR,ERR,ERR,ERR,ERR,ERR,ERR,ERR,ERR,ERR,ERR,ERR,34.0,80.0,35,0.0,0.0,0.0,0.0,0.0,0.0,0.0,0.0,0.0,0.0,0.0,0.0,0.0,0.0,0.0,0.0,64.4,0,116,56,49,65476,0,300,0,0,8,20529,65476,0,0,57672,80.0,0.0,0.0,0.0,0.0,0.0
2026-06-17T04:54:31,ERR,ERR,ERR,ERR,ERR,ERR,ERR,ERR,ERR,ERR,ERR,ERR,ERR,ERR,ERR,ERR,ERR,ERR,ERR,ERR,ERR,ERR,ERR,ERR,ERR,ERR,ERR,ERR,ERR,ERR,ERR,ERR,ERR,ERR,ERR,ERR,ERR,ERR,ERR,ERR,ERR,ERR,ERR,ERR,ERR,ERR,ERR,ERR,ERR,ERR,ERR,ERR,ERR,ERR,ERR,ERR,ERR,ERR,ERR,ERR,ERR,ERR,ERR,ERR,ERR,ERR,ERR,ERR,ERR,ERR,ERR,ERR,ERR,ERR,ERR,ERR,ERR,ERR,ERR,ERR,ERR,ERR,ERR,ERR,ERR,ERR,ERR,ERR,ERR,ERR,ERR,ERR,ERR,ERR,ERR,ERR,ERR,ERR,ERR,ERR,ERR,ERR,ERR,ERR,ERR,ERR,ERR,ERR,ERR,ERR,ERR,ERR,ERR,ERR,ERR,ERR,ERR,ERR,ERR,ERR,ERR,ERR,ERR,ERR,ERR,0.0,-0.0,-0.0,0.0,0.0,1.3936040501711995e+18,7.805,0.0,0,0,4,0,7300,-0.0,0,0.0,0.0,0.0,0.0,0.0,0,0,0,0,0.0,0,0,0,0,0,0,0,0,0,0,0,0,0,0,0,0,0,0,0,0,0,0,0,0,0,0,0,0,0,0,0,0,0,32,30,30,62,65476,0,300,0,0,8,21553,0.0,-107605600.0,0.0,0.0,0.0,0.0,0.0,0.0,0.0,0.0,0.0,0.0,0.0,0.0,0.0,0.0,0.0,0.0,0.0,0.0,0.0,0.0,2.004,-2.004,2.004,2.004,0.0,0.0,0.0,0.0,5520.0,3.6971931704991154e+19,6924.0,0.0,-0.0,-0.0,0.0,0.0,0.0,0.0,0.0,63,-3.2220267480110635e+26,-0.0,0.0,0.0,0.0,0.0,0.0,0.0,0.0,0,0,0,0.0,0.0,0.0,0.0,0.0,0.0,0.0,0.0,0.0,0.0,0.0,0.0,0.0,0.0,0.0,0.0,0,-107875648.0,63,0.0,126,2.7184242562605685e+23,2.842318642297501e+23,ERR,ERR,ERR,ERR,ERR,ERR,ERR,ERR,ERR,ERR,ERR,ERR,ERR,ERR,ERR,ERR,ERR,ERR,ERR,ERR,ERR,ERR,ERR,ERR,ERR,ERR,ERR,ERR,ERR,ERR,ERR,ERR,ERR,ERR,ERR,ERR,ERR,ERR,ERR,ERR,ERR,ERR,ERR,ERR,ERR,ERR,ERR,ERR,ERR,ERR,ERR,ERR,ERR,ERR,ERR,ERR,ERR,ERR,ERR,ERR,ERR,ERR,ERR,ERR,ERR,ERR,ERR,34.0,80.0,35,0.0,0.0,0.0,0.0,0.0,0.0,0.0,0.0,0.0,0.0,0.0,0.0,0.0,0.0,0.0,0.0,64.4,0,116,56,49,65476,0,300,0,0,8,20529,65476,0,0,57672,80.0,0.0,0.0,0.0,0.0,0.0
2026-06-17T04:54:32,ERR,ERR,ERR,ERR,ERR,ERR,ERR,ERR,ERR,ERR,ERR,ERR,ERR,ERR,ERR,ERR,ERR,ERR,ERR,ERR,ERR,ERR,ERR,ERR,ERR,ERR,ERR,ERR,ERR,ERR,ERR,ERR,ERR,ERR,ERR,ERR,ERR,ERR,ERR,ERR,ERR,ERR,ERR,ERR,ERR,ERR,ERR,ERR,ERR,ERR,ERR,ERR,ERR,ERR,ERR,ERR,ERR,ERR,ERR,ERR,ERR,ERR,ERR,ERR,ERR,ERR,ERR,ERR,ERR,ERR,ERR,ERR,ERR,ERR,ERR,ERR,ERR,ERR,ERR,ERR,ERR,ERR,ERR,ERR,ERR,ERR,ERR,ERR,ERR,ERR,ERR,ERR,ERR,ERR,ERR,ERR,ERR,ERR,ERR,ERR,ERR,ERR,ERR,ERR,ERR,ERR,ERR,ERR,ERR,ERR,ERR,ERR,ERR,ERR,ERR,ERR,ERR,ERR,ERR,ERR,ERR,ERR,ERR,ERR,ERR,0.0,-0.0,-0.0,0.0,0.0,1.3936040501711995e+18,7.805,0.0,0,0,4,0,7300,-0.0,0,0.0,0.0,0.0,0.0,0.0,0,0,0,0,0.0,0,0,0,0,0,0,0,0,0,0,0,0,0,0,0,0,0,0,0,0,0,0,0,0,0,0,0,0,0,0,0,0,0,32,30,30,62,65476,0,300,0,0,8,21553,0.0,-107605600.0,0.0,0.0,0.0,0.0,0.0,0.0,0.0,0.0,0.0,0.0,0.0,0.0,0.0,0.0,0.0,0.0,0.0,0.0,0.0,0.0,2.004,-2.004,2.004,2.004,0.0,0.0,0.0,0.0,5520.0,3.6971931704991154e+19,6924.0,0.0,-0.0,-0.0,0.0,0.0,0.0,0.0,0.0,63,-3.2220267480110635e+26,-0.0,0.0,0.0,0.0,0.0,0.0,0.0,0.0,0,0,0,0.0,0.0,0.0,0.0,0.0,0.0,0.0,0.0,0.0,0.0,0.0,0.0,0.0,0.0,0.0,0.0,0,-107875648.0,63,0.0,126,2.7184242562605685e+23,2.842318642297501e+23,ERR,ERR,ERR,ERR,ERR,ERR,ERR,ERR,ERR,ERR,ERR,ERR,ERR,ERR,ERR,ERR,ERR,ERR,ERR,ERR,ERR,ERR,ERR,ERR,ERR,ERR,ERR,ERR,ERR,ERR,ERR,ERR,ERR,ERR,ERR,ERR,ERR,ERR,ERR,ERR,ERR,ERR,ERR,ERR,ERR,ERR,ERR,ERR,ERR,ERR,ERR,ERR,ERR,ERR,ERR,ERR,ERR,ERR,ERR,ERR,ERR,ERR,ERR,ERR,ERR,ERR,ERR,34.0,80.0,35,0.0,0.0,0.0,0.0,0.0,0.0,0.0,0.0,0.0,0.0,0.0,0.0,0.0,0.0,0.0,0.0,64.4,0,116,56,49,65476,0,300,0,0,8,20529,65476,0,0,57672,80.0,0.0,0.0,0.0,0.0,0.0
2026-06-17T04:54:33,ERR,ERR,ERR,ERR,ERR,ERR,ERR,ERR,ERR,ERR,ERR,ERR,ERR,ERR,ERR,ERR,ERR,ERR,ERR,ERR,ERR,ERR,ERR,ERR,ERR,ERR,ERR,ERR,ERR,ERR,ERR,ERR,ERR,ERR,ERR,ERR,ERR,ERR,ERR,ERR,ERR,ERR,ERR,ERR,ERR,ERR,ERR,ERR,ERR,ERR,ERR,ERR,ERR,ERR,ERR,ERR,ERR,ERR,ERR,ERR,ERR,ERR,ERR,ERR,ERR,ERR,ERR,ERR,ERR,ERR,ERR,ERR,ERR,ERR,ERR,ERR,ERR,ERR,ERR,ERR,ERR,ERR,ERR,ERR,ERR,ERR,ERR,ERR,ERR,ERR,ERR,ERR,ERR,ERR,ERR,ERR,ERR,ERR,ERR,ERR,ERR,ERR,ERR,ERR,ERR,ERR,ERR,ERR,ERR,ERR,ERR,ERR,ERR,ERR,ERR,ERR,ERR,ERR,ERR,ERR,ERR,ERR,ERR,ERR,ERR,0.0,-0.0,-0.0,0.0,0.0,1.3936040501711995e+18,7.805,0.0,0,0,4,0,7300,-0.0,0,0.0,0.0,0.0,0.0,0.0,0,0,0,0,0.0,0,0,0,0,0,0,0,0,0,0,0,0,0,0,0,0,0,0,0,0,0,0,0,0,0,0,0,0,0,0,0,0,0,32,30,30,62,65476,0,300,0,0,8,21553,0.0,-107605600.0,0.0,0.0,0.0,0.0,0.0,0.0,0.0,0.0,0.0,0.0,0.0,0.0,0.0,0.0,0.0,0.0,0.0,0.0,0.0,0.0,2.004,-2.004,2.004,2.004,0.0,0.0,0.0,0.0,5520.0,3.6971931704991154e+19,6924.0,0.0,-0.0,-0.0,0.0,0.0,0.0,0.0,0.0,63,-3.2220267480110635e+26,-0.0,0.0,0.0,0.0,0.0,0.0,0.0,0.0,0,0,0,0.0,0.0,0.0,0.0,0.0,0.0,0.0,0.0,0.0,0.0,0.0,0.0,0.0,0.0,0.0,0.0,0,-107875648.0,63,0.0,126,2.7184242562605685e+23,2.842318642297501e+23,ERR,ERR,ERR,ERR,ERR,ERR,ERR,ERR,ERR,ERR,ERR,ERR,ERR,ERR,ERR,ERR,ERR,ERR,ERR,ERR,ERR,ERR,ERR,ERR,ERR,ERR,ERR,ERR,ERR,ERR,ERR,ERR,ERR,ERR,ERR,ERR,ERR,ERR,ERR,ERR,ERR,ERR,ERR,ERR,ERR,ERR,ERR,ERR,ERR,ERR,ERR,ERR,ERR,ERR,ERR,ERR,ERR,ERR,ERR,ERR,ERR,ERR,ERR,ERR,ERR,ERR,ERR,34.0,80.0,35,0.0,0.0,0.0,0.0,0.0,0.0,0.0,0.0,0.0,0.0,0.0,0.0,0.0,0.0,0.0,0.0,64.4,0,116,56,49,65476,0,300,0,0,8,20529,65476,0,0,57672,80.0,0.0,0.0,0.0,0.0,0.0
2026-06-17T04:54:34,ERR,ERR,ERR,ERR,ERR,ERR,ERR,ERR,ERR,ERR,ERR,ERR,ERR,ERR,ERR,ERR,ERR,ERR,ERR,ERR,ERR,ERR,ERR,ERR,ERR,ERR,ERR,ERR,ERR,ERR,ERR,ERR,ERR,ERR,ERR,ERR,ERR,ERR,ERR,ERR,ERR,ERR,ERR,ERR,ERR,ERR,ERR,ERR,ERR,ERR,ERR,ERR,ERR,ERR,ERR,ERR,ERR,ERR,ERR,ERR,ERR,ERR,ERR,ERR,ERR,ERR,ERR,ERR,ERR,ERR,ERR,ERR,ERR,ERR,ERR,ERR,ERR,ERR,ERR,ERR,ERR,ERR,ERR,ERR,ERR,ERR,ERR,ERR,ERR,ERR,ERR,ERR,ERR,ERR,ERR,ERR,ERR,ERR,ERR,ERR,ERR,ERR,ERR,ERR,ERR,ERR,ERR,ERR,ERR,ERR,ERR,ERR,ERR,ERR,ERR,ERR,ERR,ERR,ERR,ERR,ERR,ERR,ERR,ERR,ERR,0.0,-0.0,3.028208139652935e+23,0.0,0.0,1.3936040501711995e+18,7.805,0.0,0,0,4,0,7300,-0.0,0,0.0,0.0,0.0,0.0,0.0,0,0,0,0,0.0,0,0,0,0,0,0,0,0,0,0,0,0,0,0,0,0,0,0,0,0,0,0,0,0,0,0,0,0,0,0,0,0,0,32,30,30,62,65476,0,300,0,0,8,21553,0.0,-107605600.0,0.0,0.0,0.0,0.0,0.0,0.0,0.0,0.0,0.0,0.0,0.0,0.0,0.0,0.0,0.0,0.0,0.0,0.0,0.0,0.0,-0.0,-2.004,2.004,2.004,0.0,0.0,0.0,0.0,5521.0,2.4229925162183003e+24,6925.0,0.0,-0.0,-0.0,0.0,0.0,0.0,0.0,0.0,63,-4.066878214320265e+29,-0.0,0.0,0.0,0.0,0.0,0.0,0.0,0.0,0,0,0,0.0,0.0,0.0,0.0,0.0,0.0,0.0,0.0,0.0,0.0,0.0,0.0,0.0,0.0,0.0,0.0,0,-107875648.0,63,0.0,126,2.7184242562605685e+23,2.842318642297501e+23,ERR,ERR,ERR,ERR,ERR,ERR,ERR,ERR,ERR,ERR,ERR,ERR,ERR,ERR,ERR,ERR,ERR,ERR,ERR,ERR,ERR,ERR,ERR,ERR,ERR,ERR,ERR,ERR,ERR,ERR,ERR,ERR,ERR,ERR,ERR,ERR,ERR,ERR,ERR,ERR,ERR,ERR,ERR,ERR,ERR,ERR,ERR,ERR,ERR,ERR,ERR,ERR,ERR,ERR,ERR,ERR,ERR,ERR,ERR,ERR,ERR,ERR,ERR,ERR,ERR,ERR,ERR,34.0,80.0,35,0.0,0.0,0.0,0.0,0.0,0.0,0.0,0.0,0.0,0.0,0.0,0.0,0.0,0.0,0.0,0.0,64.4,0,116,56,49,65476,0,300,0,0,8,20529,65476,0,0,57672,80.0,0.0,0.0,0.0,0.0,0.0
2026-06-17T04:54:35,ERR,ERR,ERR,ERR,ERR,ERR,ERR,ERR,ERR,ERR,ERR,ERR,ERR,ERR,ERR,ERR,ERR,ERR,ERR,ERR,ERR,ERR,ERR,ERR,ERR,ERR,ERR,ERR,ERR,ERR,ERR,ERR,ERR,ERR,ERR,ERR,ERR,ERR,ERR,ERR,ERR,ERR,ERR,ERR,ERR,ERR,ERR,ERR,ERR,ERR,ERR,ERR,ERR,ERR,ERR,ERR,ERR,ERR,ERR,ERR,ERR,ERR,ERR,ERR,ERR,ERR,ERR,ERR,ERR,ERR,ERR,ERR,ERR,ERR,ERR,ERR,ERR,ERR,ERR,ERR,ERR,ERR,ERR,ERR,ERR,ERR,ERR,ERR,ERR,ERR,ERR,ERR,ERR,ERR,ERR,ERR,ERR,ERR,ERR,ERR,ERR,ERR,ERR,ERR,ERR,ERR,ERR,ERR,ERR,ERR,ERR,ERR,ERR,ERR,ERR,ERR,ERR,ERR,ERR,ERR,ERR,ERR,ERR,ERR,ERR,0.0,-0.0,3.028208139652935e+23,0.0,0.0,1.3936040501711995e+18,7.805,0.0,0,0,4,0,7300,-0.0,0,0.0,0.0,0.0,0.0,0.0,0,0,0,0,0.0,0,0,0,0,0,0,0,0,0,0,0,0,0,0,0,0,0,0,0,0,0,0,0,0,0,0,0,0,0,0,0,0,0,32,30,30,62,65476,0,300,0,0,8,21553,0.0,-107605600.0,0.0,0.0,0.0,0.0,0.0,0.0,0.0,0.0,0.0,0.0,0.0,0.0,0.0,0.0,0.0,0.0,0.0,0.0,0.0,0.0,-0.0,-2.004,2.004,2.004,0.0,0.0,0.0,0.0,5521.0,2.4229925162183003e+24,6925.0,0.0,-0.0,-0.0,0.0,0.0,0.0,0.0,0.0,63,-4.066878214320265e+29,-0.0,0.0,0.0,0.0,0.0,0.0,0.0,0.0,0,0,0,0.0,0.0,0.0,0.0,0.0,0.0,0.0,0.0,0.0,0.0,0.0,0.0,0.0,0.0,0.0,0.0,0,-107875648.0,63,0.0,126,2.7184242562605685e+23,2.842318642297501e+23,ERR,ERR,ERR,ERR,ERR,ERR,ERR,ERR,ERR,ERR,ERR,ERR,ERR,ERR,ERR,ERR,ERR,ERR,ERR,ERR,ERR,ERR,ERR,ERR,ERR,ERR,ERR,ERR,ERR,ERR,ERR,ERR,ERR,ERR,ERR,ERR,ERR,ERR,ERR,ERR,ERR,ERR,ERR,ERR,ERR,ERR,ERR,ERR,ERR,ERR,ERR,ERR,ERR,ERR,ERR,ERR,ERR,ERR,ERR,ERR,ERR,ERR,ERR,ERR,ERR,ERR,ERR,34.0,80.0,35,0.0,0.0,0.0,0.0,0.0,0.0,0.0,0.0,0.0,0.0,0.0,0.0,0.0,0.0,0.0,0.0,64.4,0,116,56,49,65476,0,300,0,0,8,20529,65476,0,0,57672,80.0,0.0,0.0,0.0,0.0,0.0
2026-06-17T04:54:36,ERR,ERR,ERR,ERR,ERR,ERR,ERR,ERR,ERR,ERR,ERR,ERR,ERR,ERR,ERR,ERR,ERR,ERR,ERR,ERR,ERR,ERR,ERR,ERR,ERR,ERR,ERR,ERR,ERR,ERR,ERR,ERR,ERR,ERR,ERR,ERR,ERR,ERR,ERR,ERR,ERR,ERR,ERR,ERR,ERR,ERR,ERR,ERR,ERR,ERR,ERR,ERR,ERR,ERR,ERR,ERR,ERR,ERR,ERR,ERR,ERR,ERR,ERR,ERR,ERR,ERR,ERR,ERR,ERR,ERR,ERR,ERR,ERR,ERR,ERR,ERR,ERR,ERR,ERR,ERR,ERR,ERR,ERR,ERR,ERR,ERR,ERR,ERR,ERR,ERR,ERR,ERR,ERR,ERR,ERR,ERR,ERR,ERR,ERR,ERR,ERR,ERR,ERR,ERR,ERR,ERR,ERR,ERR,ERR,ERR,ERR,ERR,ERR,ERR,ERR,ERR,ERR,ERR,ERR,ERR,ERR,ERR,ERR,ERR,ERR,0.0,-0.0,3.028208139652935e+23,0.0,0.0,1.3936040501711995e+18,7.805,0.0,0,0,4,0,7300,-0.0,0,0.0,0.0,0.0,0.0,0.0,0,0,0,0,0.0,0,0,0,0,0,0,0,0,0,0,0,0,0,0,0,0,0,0,0,0,0,0,0,0,0,0,0,0,0,0,0,0,0,32,30,30,62,65476,0,300,0,0,8,21553,0.0,-107605600.0,0.0,0.0,0.0,0.0,0.0,0.0,0.0,0.0,0.0,0.0,0.0,0.0,0.0,0.0,0.0,0.0,0.0,0.0,0.0,0.0,-0.0,-2.004,2.004,2.004,0.0,0.0,0.0,0.0,5521.0,2.4229925162183003e+24,6925.0,0.0,-0.0,-0.0,0.0,0.0,0.0,0.0,0.0,63,-4.066878214320265e+29,-0.0,0.0,0.0,0.0,0.0,0.0,0.0,0.0,0,0,0,0.0,0.0,0.0,0.0,0.0,0.0,0.0,0.0,0.0,0.0,0.0,0.0,0.0,0.0,0.0,0.0,0,-107875648.0,63,0.0,126,2.7184242562605685e+23,2.842318642297501e+23,ERR,ERR,ERR,ERR,ERR,ERR,ERR,ERR,ERR,ERR,ERR,ERR,ERR,ERR,ERR,ERR,ERR,ERR,ERR,ERR,ERR,ERR,ERR,ERR,ERR,ERR,ERR,ERR,ERR,ERR,ERR,ERR,ERR,ERR,ERR,ERR,ERR,ERR,ERR,ERR,ERR,ERR,ERR,ERR,ERR,ERR,ERR,ERR,ERR,ERR,ERR,ERR,ERR,ERR,ERR,ERR,ERR,ERR,ERR,ERR,ERR,ERR,ERR,ERR,ERR,ERR,ERR,34.0,80.0,35,0.0,0.0,0.0,0.0,0.0,0.0,0.0,0.0,0.0,0.0,0.0,0.0,0.0,0.0,0.0,0.0,64.4,0,116,56,49,65476,0,300,0,0,8,20529,65476,0,0,57672,80.0,0.0,0.0,0.0,0.0,0.0
2026-06-17T04:54:37,ERR,ERR,ERR,ERR,ERR,ERR,ERR,ERR,ERR,ERR,ERR,ERR,ERR,ERR,ERR,ERR,ERR,ERR,ERR,ERR,ERR,ERR,ERR,ERR,ERR,ERR,ERR,ERR,ERR,ERR,ERR,ERR,ERR,ERR,ERR,ERR,ERR,ERR,ERR,ERR,ERR,ERR,ERR,ERR,ERR,ERR,ERR,ERR,ERR,ERR,ERR,ERR,ERR,ERR,ERR,ERR,ERR,ERR,ERR,ERR,ERR,ERR,ERR,ERR,ERR,ERR,ERR,ERR,ERR,ERR,ERR,ERR,ERR,ERR,ERR,ERR,ERR,ERR,ERR,ERR,ERR,ERR,ERR,ERR,ERR,ERR,ERR,ERR,ERR,ERR,ERR,ERR,ERR,ERR,ERR,ERR,ERR,ERR,ERR,ERR,ERR,ERR,ERR,ERR,ERR,ERR,ERR,ERR,ERR,ERR,ERR,ERR,ERR,ERR,ERR,ERR,ERR,ERR,ERR,ERR,ERR,ERR,ERR,ERR,ERR,0.0,-0.0,3.028208139652935e+23,0.0,0.0,1.3936040501711995e+18,7.805,0.0,0,0,4,0,7300,-0.0,0,0.0,0.0,0.0,0.0,0.0,0,0,0,0,0.0,0,0,0,0,0,0,0,0,0,0,0,0,0,0,0,0,0,0,0,0,0,0,0,0,0,0,0,0,0,0,0,0,0,32,30,30,62,65476,0,300,0,0,8,21553,0.0,-107605600.0,0.0,0.0,0.0,0.0,0.0,0.0,0.0,0.0,0.0,0.0,0.0,0.0,0.0,0.0,0.0,0.0,0.0,0.0,0.0,0.0,-0.0,-2.004,2.004,2.004,0.0,0.0,0.0,0.0,5521.0,2.4229925162183003e+24,6925.0,0.0,-0.0,-0.0,0.0,0.0,0.0,0.0,0.0,63,-4.066878214320265e+29,-0.0,0.0,0.0,0.0,0.0,0.0,0.0,0.0,0,0,0,0.0,0.0,0.0,0.0,0.0,0.0,0.0,0.0,0.0,0.0,0.0,0.0,0.0,0.0,0.0,0.0,0,-107875648.0,63,0.0,126,2.7184242562605685e+23,2.842318642297501e+23,ERR,ERR,ERR,ERR,ERR,ERR,ERR,ERR,ERR,ERR,ERR,ERR,ERR,ERR,ERR,ERR,ERR,ERR,ERR,ERR,ERR,ERR,ERR,ERR,ERR,ERR,ERR,ERR,ERR,ERR,ERR,ERR,ERR,ERR,ERR,ERR,ERR,ERR,ERR,ERR,ERR,ERR,ERR,ERR,ERR,ERR,ERR,ERR,ERR,ERR,ERR,ERR,ERR,ERR,ERR,ERR,ERR,ERR,ERR,ERR,ERR,ERR,ERR,ERR,ERR,ERR,ERR,34.0,80.0,35,0.0,0.0,0.0,0.0,0.0,0.0,0.0,0.0,0.0,0.0,0.0,0.0,0.0,0.0,0.0,0.0,64.8,0,116,56,49,65476,0,300,0,0,8,20529,65476,0,0,57672,80.0,0.0,0.0,0.0,0.0,0.0
2026-06-17T04:54:38,ERR,ERR,ERR,ERR,ERR,ERR,ERR,ERR,ERR,ERR,ERR,ERR,ERR,ERR,ERR,ERR,ERR,ERR,ERR,ERR,ERR,ERR,ERR,ERR,ERR,ERR,ERR,ERR,ERR,ERR,ERR,ERR,ERR,ERR,ERR,ERR,ERR,ERR,ERR,ERR,ERR,ERR,ERR,ERR,ERR,ERR,ERR,ERR,ERR,ERR,ERR,ERR,ERR,ERR,ERR,ERR,ERR,ERR,ERR,ERR,ERR,ERR,ERR,ERR,ERR,ERR,ERR,ERR,ERR,ERR,ERR,ERR,ERR,ERR,ERR,ERR,ERR,ERR,ERR,ERR,ERR,ERR,ERR,ERR,ERR,ERR,ERR,ERR,ERR,ERR,ERR,ERR,ERR,ERR,ERR,ERR,ERR,ERR,ERR,ERR,ERR,ERR,ERR,ERR,ERR,ERR,ERR,ERR,ERR,ERR,ERR,ERR,ERR,ERR,ERR,ERR,ERR,ERR,ERR,ERR,ERR,ERR,ERR,ERR,ERR,0.0,-0.0,3.028208139652935e+23,0.0,0.0,1.3936040501711995e+18,7.805,0.0,0,0,4,0,7300,-0.0,0,0.0,0.0,0.0,0.0,0.0,0,0,0,0,0.0,0,0,0,0,0,0,0,0,0,0,0,0,0,0,0,0,0,0,0,0,0,0,0,0,0,0,0,0,0,0,0,0,0,32,30,30,62,65476,0,300,0,0,8,21553,0.0,-107605600.0,0.0,0.0,0.0,0.0,0.0,0.0,0.0,0.0,0.0,0.0,0.0,0.0,0.0,0.0,0.0,0.0,0.0,0.0,0.0,0.0,-0.0,-2.004,2.004,2.004,0.0,0.0,0.0,0.0,5521.0,2.4229925162183003e+24,6925.0,0.0,-0.0,-0.0,0.0,0.0,0.0,0.0,0.0,63,-4.066878214320265e+29,-0.0,0.0,0.0,0.0,0.0,0.0,0.0,0.0,0,0,0,0.0,0.0,0.0,0.0,0.0,0.0,0.0,0.0,0.0,0.0,0.0,0.0,0.0,0.0,0.0,0.0,0,-107875648.0,63,0.0,126,2.7184242562605685e+23,2.842318642297501e+23,ERR,ERR,ERR,ERR,ERR,ERR,ERR,ERR,ERR,ERR,ERR,ERR,ERR,ERR,ERR,ERR,ERR,ERR,ERR,ERR,ERR,ERR,ERR,ERR,ERR,ERR,ERR,ERR,ERR,ERR,ERR,ERR,ERR,ERR,ERR,ERR,ERR,ERR,ERR,ERR,ERR,ERR,ERR,ERR,ERR,ERR,ERR,ERR,ERR,ERR,ERR,ERR,ERR,ERR,ERR,ERR,ERR,ERR,ERR,ERR,ERR,ERR,ERR,ERR,ERR,ERR,ERR,34.0,80.0,35,0.0,0.0,0.0,0.0,0.0,0.0,0.0,0.0,0.0,0.0,0.0,0.0,0.0,0.0,0.0,0.0,64.8,0,116,56,49,65476,0,300,0,0,8,20529,65476,0,0,57672,80.0,0.0,0.0,0.0,0.0,0.0
2026-06-17T04:54:39,ERR,ERR,ERR,ERR,ERR,ERR,ERR,ERR,ERR,ERR,ERR,ERR,ERR,ERR,ERR,ERR,ERR,ERR,ERR,ERR,ERR,ERR,ERR,ERR,ERR,ERR,ERR,ERR,ERR,ERR,ERR,ERR,ERR,ERR,ERR,ERR,ERR,ERR,ERR,ERR,ERR,ERR,ERR,ERR,ERR,ERR,ERR,ERR,ERR,ERR,ERR,ERR,ERR,ERR,ERR,ERR,ERR,ERR,ERR,ERR,ERR,ERR,ERR,ERR,ERR,ERR,ERR,ERR,ERR,ERR,ERR,ERR,ERR,ERR,ERR,ERR,ERR,ERR,ERR,ERR,ERR,ERR,ERR,ERR,ERR,ERR,ERR,ERR,ERR,ERR,ERR,ERR,ERR,ERR,ERR,ERR,ERR,ERR,ERR,ERR,ERR,ERR,ERR,ERR,ERR,ERR,ERR,ERR,ERR,ERR,ERR,ERR,ERR,ERR,ERR,ERR,ERR,ERR,ERR,ERR,ERR,ERR,ERR,ERR,ERR,0.0,-0.0,3.028208139652935e+23,0.0,0.0,1.3936040501711995e+18,7.805,0.0,0,0,4,0,7300,-0.0,0,0.0,0.0,0.0,0.0,0.0,0,0,0,0,0.0,0,0,0,0,0,0,0,0,0,0,0,0,0,0,0,0,0,0,0,0,0,0,0,0,0,0,0,0,0,0,0,0,0,32,30,30,62,65476,0,300,0,0,8,21553,0.0,-107605600.0,0.0,0.0,0.0,0.0,0.0,0.0,0.0,0.0,0.0,0.0,0.0,0.0,0.0,0.0,0.0,0.0,0.0,0.0,0.0,0.0,2.004,-2.004,2.004,2.004,0.0,0.0,0.0,0.0,5521.0,3.6971931704991154e+19,6924.0,0.0,-0.0,-0.0,0.0,0.0,0.0,0.0,0.0,63,-4.066878214320265e+29,-0.0,0.0,0.0,0.0,0.0,0.0,0.0,0.0,0,0,0,0.0,0.0,0.0,0.0,0.0,0.0,0.0,0.0,0.0,0.0,0.0,0.0,0.0,0.0,0.0,0.0,0,-107875648.0,63,0.0,126,2.7184242562605685e+23,2.842318642297501e+23,ERR,ERR,ERR,ERR,ERR,ERR,ERR,ERR,ERR,ERR,ERR,ERR,ERR,ERR,ERR,ERR,ERR,ERR,ERR,ERR,ERR,ERR,ERR,ERR,ERR,ERR,ERR,ERR,ERR,ERR,ERR,ERR,ERR,ERR,ERR,ERR,ERR,ERR,ERR,ERR,ERR,ERR,ERR,ERR,ERR,ERR,ERR,ERR,ERR,ERR,ERR,ERR,ERR,ERR,ERR,ERR,ERR,ERR,ERR,ERR,ERR,ERR,ERR,ERR,ERR,ERR,ERR,34.0,80.0,35,0.0,0.0,0.0,0.0,0.0,0.0,0.0,0.0,0.0,0.0,0.0,0.0,0.0,0.0,0.0,0.0,64.8,0,116,56,49,65476,0,300,0,0,8,20529,65476,0,0,57672,80.0,0.0,0.0,0.0,0.0,0.0
2026-06-17T04:54:40,ERR,ERR,ERR,ERR,ERR,ERR,ERR,ERR,ERR,ERR,ERR,ERR,ERR,ERR,ERR,ERR,ERR,ERR,ERR,ERR,ERR,ERR,ERR,ERR,ERR,ERR,ERR,ERR,ERR,ERR,ERR,ERR,ERR,ERR,ERR,ERR,ERR,ERR,ERR,ERR,ERR,ERR,ERR,ERR,ERR,ERR,ERR,ERR,ERR,ERR,ERR,ERR,ERR,ERR,ERR,ERR,ERR,ERR,ERR,ERR,ERR,ERR,ERR,ERR,ERR,ERR,ERR,ERR,ERR,ERR,ERR,ERR,ERR,ERR,ERR,ERR,ERR,ERR,ERR,ERR,ERR,ERR,ERR,ERR,ERR,ERR,ERR,ERR,ERR,ERR,ERR,ERR,ERR,ERR,ERR,ERR,ERR,ERR,ERR,ERR,ERR,ERR,ERR,ERR,ERR,ERR,ERR,ERR,ERR,ERR,ERR,ERR,ERR,ERR,ERR,ERR,ERR,ERR,ERR,ERR,ERR,ERR,ERR,ERR,ERR,0.0,-0.0,3.028208139652935e+23,0.0,0.0,1.3936040501711995e+18,7.805,0.0,0,0,4,0,7300,-0.0,0,0.0,0.0,0.0,0.0,0.0,0,0,0,0,0.0,0,0,0,0,0,0,0,0,0,0,0,0,0,0,0,0,0,0,0,0,0,0,0,0,0,0,0,0,0,0,0,0,0,32,30,30,62,65476,0,300,0,0,8,21553,0.0,-107605600.0,0.0,0.0,0.0,0.0,0.0,0.0,0.0,0.0,0.0,0.0,0.0,0.0,0.0,0.0,0.0,0.0,0.0,0.0,0.0,0.0,2.004,-2.004,2.004,2.004,0.0,0.0,0.0,0.0,5521.0,3.6971931704991154e+19,6924.0,0.0,-0.0,-0.0,0.0,0.0,0.0,0.0,0.0,63,-4.066878214320265e+29,-0.0,0.0,0.0,0.0,0.0,0.0,0.0,0.0,0,0,0,0.0,0.0,0.0,0.0,0.0,0.0,0.0,0.0,0.0,0.0,0.0,0.0,0.0,0.0,0.0,0.0,0,-107875648.0,63,0.0,126,2.7184242562605685e+23,2.842318642297501e+23,ERR,ERR,ERR,ERR,ERR,ERR,ERR,ERR,ERR,ERR,ERR,ERR,ERR,ERR,ERR,ERR,ERR,ERR,ERR,ERR,ERR,ERR,ERR,ERR,ERR,ERR,ERR,ERR,ERR,ERR,ERR,ERR,ERR,ERR,ERR,ERR,ERR,ERR,ERR,ERR,ERR,ERR,ERR,ERR,ERR,ERR,ERR,ERR,ERR,ERR,ERR,ERR,ERR,ERR,ERR,ERR,ERR,ERR,ERR,ERR,ERR,ERR,ERR,ERR,ERR,ERR,ERR,34.0,80.0,35,0.0,0.0,0.0,0.0,0.0,0.0,0.0,0.0,0.0,0.0,0.0,0.0,0.0,0.0,0.0,0.0,64.8,0,116,56,49,65476,0,300,0,0,8,20529,65476,0,0,57672,80.0,0.0,0.0,0.0,0.0,0.0
2026-06-17T04:54:41,ERR,ERR,ERR,ERR,ERR,ERR,ERR,ERR,ERR,ERR,ERR,ERR,ERR,ERR,ERR,ERR,ERR,ERR,ERR,ERR,ERR,ERR,ERR,ERR,ERR,ERR,ERR,ERR,ERR,ERR,ERR,ERR,ERR,ERR,ERR,ERR,ERR,ERR,ERR,ERR,ERR,ERR,ERR,ERR,ERR,ERR,ERR,ERR,ERR,ERR,ERR,ERR,ERR,ERR,ERR,ERR,ERR,ERR,ERR,ERR,ERR,ERR,ERR,ERR,ERR,ERR,ERR,ERR,ERR,ERR,ERR,ERR,ERR,ERR,ERR,ERR,ERR,ERR,ERR,ERR,ERR,ERR,ERR,ERR,ERR,ERR,ERR,ERR,ERR,ERR,ERR,ERR,ERR,ERR,ERR,ERR,ERR,ERR,ERR,ERR,ERR,ERR,ERR,ERR,ERR,ERR,ERR,ERR,ERR,ERR,ERR,ERR,ERR,ERR,ERR,ERR,ERR,ERR,ERR,ERR,ERR,ERR,ERR,ERR,ERR,0.0,-0.0,3.028208139652935e+23,0.0,0.0,1.3936040501711995e+18,7.805,0.0,0,0,4,0,7300,-0.0,0,0.0,0.0,0.0,0.0,0.0,0,0,0,0,0.0,0,0,0,0,0,0,0,0,0,0,0,0,0,0,0,0,0,0,0,0,0,0,0,0,0,0,0,0,0,0,0,0,0,32,30,30,62,65476,0,300,0,0,8,21553,0.0,-107605600.0,0.0,0.0,0.0,0.0,0.0,0.0,0.0,0.0,0.0,0.0,0.0,0.0,0.0,0.0,0.0,0.0,0.0,0.0,0.0,0.0,2.004,-2.004,2.004,2.004,0.0,0.0,0.0,0.0,5521.0,3.6971931704991154e+19,6924.0,0.0,-0.0,-0.0,0.0,0.0,0.0,0.0,0.0,63,-4.066878214320265e+29,-0.0,0.0,0.0,0.0,0.0,0.0,0.0,0.0,0,0,0,0.0,0.0,0.0,0.0,0.0,0.0,0.0,0.0,0.0,0.0,0.0,0.0,0.0,0.0,0.0,0.0,0,-107875648.0,63,0.0,126,2.7184242562605685e+23,2.842318642297501e+23,ERR,ERR,ERR,ERR,ERR,ERR,ERR,ERR,ERR,ERR,ERR,ERR,ERR,ERR,ERR,ERR,ERR,ERR,ERR,ERR,ERR,ERR,ERR,ERR,ERR,ERR,ERR,ERR,ERR,ERR,ERR,ERR,ERR,ERR,ERR,ERR,ERR,ERR,ERR,ERR,ERR,ERR,ERR,ERR,ERR,ERR,ERR,ERR,ERR,ERR,ERR,ERR,ERR,ERR,ERR,ERR,ERR,ERR,ERR,ERR,ERR,ERR,ERR,ERR,ERR,ERR,ERR,34.0,80.0,35,0.0,0.0,0.0,0.0,0.0,0.0,0.0,0.0,0.0,0.0,0.0,0.0,0.0,0.0,0.0,0.0,64.8,0,116,56,49,65476,0,300,0,0,8,20529,65476,0,0,57672,80.0,0.0,0.0,0.0,0.0,0.0
2026-06-17T04:54:42,ERR,ERR,ERR,ERR,ERR,ERR,ERR,ERR,ERR,ERR,ERR,ERR,ERR,ERR,ERR,ERR,ERR,ERR,ERR,ERR,ERR,ERR,ERR,ERR,ERR,ERR,ERR,ERR,ERR,ERR,ERR,ERR,ERR,ERR,ERR,ERR,ERR,ERR,ERR,ERR,ERR,ERR,ERR,ERR,ERR,ERR,ERR,ERR,ERR,ERR,ERR,ERR,ERR,ERR,ERR,ERR,ERR,ERR,ERR,ERR,ERR,ERR,ERR,ERR,ERR,ERR,ERR,ERR,ERR,ERR,ERR,ERR,ERR,ERR,ERR,ERR,ERR,ERR,ERR,ERR,ERR,ERR,ERR,ERR,ERR,ERR,ERR,ERR,ERR,ERR,ERR,ERR,ERR,ERR,ERR,ERR,ERR,ERR,ERR,ERR,ERR,ERR,ERR,ERR,ERR,ERR,ERR,ERR,ERR,ERR,ERR,ERR,ERR,ERR,ERR,ERR,ERR,ERR,ERR,ERR,ERR,ERR,ERR,ERR,ERR,0.0,-0.0,3.028208139652935e+23,0.0,0.0,1.3936040501711995e+18,7.805,0.0,0,0,4,0,7300,-0.0,0,0.0,0.0,0.0,0.0,0.0,0,0,0,0,0.0,0,0,0,0,0,0,0,0,0,0,0,0,0,0,0,0,0,0,0,0,0,0,0,0,0,0,0,0,0,0,0,0,0,32,30,30,62,65476,0,300,0,0,8,21553,0.0,-107605600.0,0.0,0.0,0.0,0.0,0.0,0.0,0.0,0.0,0.0,0.0,0.0,0.0,0.0,0.0,0.0,0.0,0.0,0.0,0.0,0.0,2.004,-2.004,2.004,2.004,0.0,0.0,0.0,0.0,5521.0,3.6971931704991154e+19,6924.0,0.0,-0.0,-0.0,0.0,0.0,0.0,0.0,0.0,63,-4.066878214320265e+29,-0.0,0.0,0.0,0.0,0.0,0.0,0.0,0.0,0,0,0,0.0,0.0,0.0,0.0,0.0,0.0,0.0,0.0,0.0,0.0,0.0,0.0,0.0,0.0,0.0,0.0,0,-107875648.0,63,0.0,126,2.7184242562605685e+23,2.842318642297501e+23,ERR,ERR,ERR,ERR,ERR,ERR,ERR,ERR,ERR,ERR,ERR,ERR,ERR,ERR,ERR,ERR,ERR,ERR,ERR,ERR,ERR,ERR,ERR,ERR,ERR,ERR,ERR,ERR,ERR,ERR,ERR,ERR,ERR,ERR,ERR,ERR,ERR,ERR,ERR,ERR,ERR,ERR,ERR,ERR,ERR,ERR,ERR,ERR,ERR,ERR,ERR,ERR,ERR,ERR,ERR,ERR,ERR,ERR,ERR,ERR,ERR,ERR,ERR,ERR,ERR,ERR,ERR,34.0,80.0,35,0.0,0.0,0.0,0.0,0.0,0.0,0.0,0.0,0.0,0.0,0.0,0.0,0.0,0.0,0.0,0.0,64.4,0,116,56,49,65476,0,300,0,0,8,20529,65476,0,0,57672,80.0,0.0,0.0,0.0,0.0,0.0
2026-06-17T04:54:43,ERR,ERR,ERR,ERR,ERR,ERR,ERR,ERR,ERR,ERR,ERR,ERR,ERR,ERR,ERR,ERR,ERR,ERR,ERR,ERR,ERR,ERR,ERR,ERR,ERR,ERR,ERR,ERR,ERR,ERR,ERR,ERR,ERR,ERR,ERR,ERR,ERR,ERR,ERR,ERR,ERR,ERR,ERR,ERR,ERR,ERR,ERR,ERR,ERR,ERR,ERR,ERR,ERR,ERR,ERR,ERR,ERR,ERR,ERR,ERR,ERR,ERR,ERR,ERR,ERR,ERR,ERR,ERR,ERR,ERR,ERR,ERR,ERR,ERR,ERR,ERR,ERR,ERR,ERR,ERR,ERR,ERR,ERR,ERR,ERR,ERR,ERR,ERR,ERR,ERR,ERR,ERR,ERR,ERR,ERR,ERR,ERR,ERR,ERR,ERR,ERR,ERR,ERR,ERR,ERR,ERR,ERR,ERR,ERR,ERR,ERR,ERR,ERR,ERR,ERR,ERR,ERR,ERR,ERR,ERR,ERR,ERR,ERR,ERR,ERR,0.0,-0.0,3.028208139652935e+23,0.0,0.0,1.3936040501711995e+18,7.805,0.0,0,0,4,0,7300,-0.0,0,0.0,0.0,0.0,0.0,0.0,0,0,0,0,0.0,0,0,0,0,0,0,0,0,0,0,0,0,0,0,0,0,0,0,0,0,0,0,0,0,0,0,0,0,0,0,0,0,0,32,30,30,62,65476,0,300,0,0,8,21553,0.0,-107605600.0,0.0,0.0,0.0,0.0,0.0,0.0,0.0,0.0,0.0,0.0,0.0,0.0,0.0,0.0,0.0,0.0,0.0,0.0,0.0,0.0,2.004,-2.004,2.004,2.004,0.0,0.0,0.0,0.0,5521.0,3.6971931704991154e+19,6924.0,0.0,-0.0,-0.0,0.0,0.0,0.0,0.0,0.0,63,-4.066878214320265e+29,-0.0,0.0,0.0,0.0,0.0,0.0,0.0,0.0,0,0,0,0.0,0.0,0.0,0.0,0.0,0.0,0.0,0.0,0.0,0.0,0.0,0.0,0.0,0.0,0.0,0.0,0,-107875648.0,63,0.0,126,2.7184242562605685e+23,2.842318642297501e+23,ERR,ERR,ERR,ERR,ERR,ERR,ERR,ERR,ERR,ERR,ERR,ERR,ERR,ERR,ERR,ERR,ERR,ERR,ERR,ERR,ERR,ERR,ERR,ERR,ERR,ERR,ERR,ERR,ERR,ERR,ERR,ERR,ERR,ERR,ERR,ERR,ERR,ERR,ERR,ERR,ERR,ERR,ERR,ERR,ERR,ERR,ERR,ERR,ERR,ERR,ERR,ERR,ERR,ERR,ERR,ERR,ERR,ERR,ERR,ERR,ERR,ERR,ERR,ERR,ERR,ERR,ERR,34.0,80.0,35,0.0,0.0,0.0,0.0,0.0,0.0,0.0,0.0,0.0,0.0,0.0,0.0,0.0,0.0,0.0,0.0,64.4,0,116,56,49,65476,0,300,0,0,8,20529,65476,0,0,57672,80.0,0.0,0.0,0.0,0.0,0.0
2026-06-17T04:54:44,ERR,ERR,ERR,ERR,ERR,ERR,ERR,ERR,ERR,ERR,ERR,ERR,ERR,ERR,ERR,ERR,ERR,ERR,ERR,ERR,ERR,ERR,ERR,ERR,ERR,ERR,ERR,ERR,ERR,ERR,ERR,ERR,ERR,ERR,ERR,ERR,ERR,ERR,ERR,ERR,ERR,ERR,ERR,ERR,ERR,ERR,ERR,ERR,ERR,ERR,ERR,ERR,ERR,ERR,ERR,ERR,ERR,ERR,ERR,ERR,ERR,ERR,ERR,ERR,ERR,ERR,ERR,ERR,ERR,ERR,ERR,ERR,ERR,ERR,ERR,ERR,ERR,ERR,ERR,ERR,ERR,ERR,ERR,ERR,ERR,ERR,ERR,ERR,ERR,ERR,ERR,ERR,ERR,ERR,ERR,ERR,ERR,ERR,ERR,ERR,ERR,ERR,ERR,ERR,ERR,ERR,ERR,ERR,ERR,ERR,ERR,ERR,ERR,ERR,ERR,ERR,ERR,ERR,ERR,ERR,ERR,ERR,ERR,ERR,ERR,0.0,-0.0,-0.0,0.0,0.0,1.3936040501711995e+18,7.805,0.0,0,0,4,0,7300,-0.0,0,0.0,0.0,0.0,0.0,0.0,0,0,0,0,0.0,0,0,0,0,0,0,0,0,0,0,0,0,0,0,0,0,0,0,0,0,0,0,0,0,0,0,0,0,0,0,0,0,0,32,30,30,62,65476,0,300,0,0,8,21553,0.0,-107605600.0,0.0,0.0,0.0,0.0,0.0,0.0,0.0,0.0,0.0,0.0,0.0,0.0,0.0,0.0,0.0,0.0,0.0,0.0,0.0,0.0,-0.0,-2.004,2.004,2.004,0.0,0.0,0.0,0.0,5520.0,2.004,6920.0,0.0,-0.0,-0.0,0.0,0.0,0.0,0.0,0.0,63,-3.2220267480110635e+26,5.848063605975643e+35,0.0,0.0,0.0,0.0,0.0,0.0,0.0,0,0,0,0.0,0.0,0.0,0.0,0.0,0.0,0.0,0.0,0.0,0.0,0.0,0.0,0.0,0.0,0.0,0.0,0,-107875648.0,63,0.0,126,2.7184242562605685e+23,2.842318642297501e+23,ERR,ERR,ERR,ERR,ERR,ERR,ERR,ERR,ERR,ERR,ERR,ERR,ERR,ERR,ERR,ERR,ERR,ERR,ERR,ERR,ERR,ERR,ERR,ERR,ERR,ERR,ERR,ERR,ERR,ERR,ERR,ERR,ERR,ERR,ERR,ERR,ERR,ERR,ERR,ERR,ERR,ERR,ERR,ERR,ERR,ERR,ERR,ERR,ERR,ERR,ERR,ERR,ERR,ERR,ERR,ERR,ERR,ERR,ERR,ERR,ERR,ERR,ERR,ERR,ERR,ERR,ERR,34.0,80.0,35,0.0,0.0,0.0,0.0,0.0,0.0,0.0,0.0,0.0,0.0,0.0,0.0,0.0,0.0,0.0,0.0,64.4,0,116,56,49,65476,0,300,0,0,8,20529,65476,0,0,57672,80.0,0.0,0.0,0.0,0.0,0.0
2026-06-17T04:54:45,ERR,ERR,ERR,ERR,ERR,ERR,ERR,ERR,ERR,ERR,ERR,ERR,ERR,ERR,ERR,ERR,ERR,ERR,ERR,ERR,ERR,ERR,ERR,ERR,ERR,ERR,ERR,ERR,ERR,ERR,ERR,ERR,ERR,ERR,ERR,ERR,ERR,ERR,ERR,ERR,ERR,ERR,ERR,ERR,ERR,ERR,ERR,ERR,ERR,ERR,ERR,ERR,ERR,ERR,ERR,ERR,ERR,ERR,ERR,ERR,ERR,ERR,ERR,ERR,ERR,ERR,ERR,ERR,ERR,ERR,ERR,ERR,ERR,ERR,ERR,ERR,ERR,ERR,ERR,ERR,ERR,ERR,ERR,ERR,ERR,ERR,ERR,ERR,ERR,ERR,ERR,ERR,ERR,ERR,ERR,ERR,ERR,ERR,ERR,ERR,ERR,ERR,ERR,ERR,ERR,ERR,ERR,ERR,ERR,ERR,ERR,ERR,ERR,ERR,ERR,ERR,ERR,ERR,ERR,ERR,ERR,ERR,ERR,ERR,ERR,0.0,-0.0,-0.0,0.0,0.0,1.3936040501711995e+18,7.805,0.0,0,0,4,0,7300,-0.0,0,0.0,0.0,0.0,0.0,0.0,0,0,0,0,0.0,0,0,0,0,0,0,0,0,0,0,0,0,0,0,0,0,0,0,0,0,0,0,0,0,0,0,0,0,0,0,0,0,0,32,30,30,62,65476,0,300,0,0,8,21553,0.0,-107605600.0,0.0,0.0,0.0,0.0,0.0,0.0,0.0,0.0,0.0,0.0,0.0,0.0,0.0,0.0,0.0,0.0,0.0,0.0,0.0,0.0,-0.0,-2.004,2.004,2.004,0.0,0.0,0.0,0.0,5520.0,2.004,6920.0,0.0,-0.0,-0.0,0.0,0.0,0.0,0.0,0.0,63,-3.2220267480110635e+26,5.848063605975643e+35,0.0,0.0,0.0,0.0,0.0,0.0,0.0,0,0,0,0.0,0.0,0.0,0.0,0.0,0.0,0.0,0.0,0.0,0.0,0.0,0.0,0.0,0.0,0.0,0.0,0,-107875648.0,63,0.0,126,2.7184242562605685e+23,2.842318642297501e+23,ERR,ERR,ERR,ERR,ERR,ERR,ERR,ERR,ERR,ERR,ERR,ERR,ERR,ERR,ERR,ERR,ERR,ERR,ERR,ERR,ERR,ERR,ERR,ERR,ERR,ERR,ERR,ERR,ERR,ERR,ERR,ERR,ERR,ERR,ERR,ERR,ERR,ERR,ERR,ERR,ERR,ERR,ERR,ERR,ERR,ERR,ERR,ERR,ERR,ERR,ERR,ERR,ERR,ERR,ERR,ERR,ERR,ERR,ERR,ERR,ERR,ERR,ERR,ERR,ERR,ERR,ERR,34.0,80.0,35,0.0,0.0,0.0,0.0,0.0,0.0,0.0,0.0,0.0,0.0,0.0,0.0,0.0,0.0,0.0,0.0,64.4,0,116,56,49,65476,0,300,0,0,8,20529,65476,0,0,57672,80.0,0.0,0.0,0.0,0.0,0.0
2026-06-17T04:54:46,ERR,ERR,ERR,ERR,ERR,ERR,ERR,ERR,ERR,ERR,ERR,ERR,ERR,ERR,ERR,ERR,ERR,ERR,ERR,ERR,ERR,ERR,ERR,ERR,ERR,ERR,ERR,ERR,ERR,ERR,ERR,ERR,ERR,ERR,ERR,ERR,ERR,ERR,ERR,ERR,ERR,ERR,ERR,ERR,ERR,ERR,ERR,ERR,ERR,ERR,ERR,ERR,ERR,ERR,ERR,ERR,ERR,ERR,ERR,ERR,ERR,ERR,ERR,ERR,ERR,ERR,ERR,ERR,ERR,ERR,ERR,ERR,ERR,ERR,ERR,ERR,ERR,ERR,ERR,ERR,ERR,ERR,ERR,ERR,ERR,ERR,ERR,ERR,ERR,ERR,ERR,ERR,ERR,ERR,ERR,ERR,ERR,ERR,ERR,ERR,ERR,ERR,ERR,ERR,ERR,ERR,ERR,ERR,ERR,ERR,ERR,ERR,ERR,ERR,ERR,ERR,ERR,ERR,ERR,ERR,ERR,ERR,ERR,ERR,ERR,0.0,-0.0,-0.0,0.0,0.0,1.3936040501711995e+18,7.805,0.0,0,0,4,0,7300,-0.0,0,0.0,0.0,0.0,0.0,0.0,0,0,0,0,0.0,0,0,0,0,0,0,0,0,0,0,0,0,0,0,0,0,0,0,0,0,0,0,0,0,0,0,0,0,0,0,0,0,0,32,30,30,62,65476,0,300,0,0,8,21553,0.0,-107605600.0,0.0,0.0,0.0,0.0,0.0,0.0,0.0,0.0,0.0,0.0,0.0,0.0,0.0,0.0,0.0,0.0,0.0,0.0,0.0,0.0,-0.0,-2.004,2.004,2.004,0.0,0.0,0.0,0.0,5520.0,2.004,6920.0,0.0,-0.0,-0.0,0.0,0.0,0.0,0.0,0.0,63,-3.2220267480110635e+26,5.848063605975643e+35,0.0,0.0,0.0,0.0,0.0,0.0,0.0,0,0,0,0.0,0.0,0.0,0.0,0.0,0.0,0.0,0.0,0.0,0.0,0.0,0.0,0.0,0.0,0.0,0.0,0,-107875648.0,63,0.0,126,2.7184242562605685e+23,2.842318642297501e+23,ERR,ERR,ERR,ERR,ERR,ERR,ERR,ERR,ERR,ERR,ERR,ERR,ERR,ERR,ERR,ERR,ERR,ERR,ERR,ERR,ERR,ERR,ERR,ERR,ERR,ERR,ERR,ERR,ERR,ERR,ERR,ERR,ERR,ERR,ERR,ERR,ERR,ERR,ERR,ERR,ERR,ERR,ERR,ERR,ERR,ERR,ERR,ERR,ERR,ERR,ERR,ERR,ERR,ERR,ERR,ERR,ERR,ERR,ERR,ERR,ERR,ERR,ERR,ERR,ERR,ERR,ERR,34.0,80.0,35,0.0,0.0,0.0,0.0,0.0,0.0,0.0,0.0,0.0,0.0,0.0,0.0,0.0,0.0,0.0,0.0,64.4,0,116,56,49,65476,0,300,0,0,8,20529,65476,0,0,57672,80.0,0.0,0.0,0.0,0.0,0.0
2026-06-17T04:54:47,ERR,ERR,ERR,ERR,ERR,ERR,ERR,ERR,ERR,ERR,ERR,ERR,ERR,ERR,ERR,ERR,ERR,ERR,ERR,ERR,ERR,ERR,ERR,ERR,ERR,ERR,ERR,ERR,ERR,ERR,ERR,ERR,ERR,ERR,ERR,ERR,ERR,ERR,ERR,ERR,ERR,ERR,ERR,ERR,ERR,ERR,ERR,ERR,ERR,ERR,ERR,ERR,ERR,ERR,ERR,ERR,ERR,ERR,ERR,ERR,ERR,ERR,ERR,ERR,ERR,ERR,ERR,ERR,ERR,ERR,ERR,ERR,ERR,ERR,ERR,ERR,ERR,ERR,ERR,ERR,ERR,ERR,ERR,ERR,ERR,ERR,ERR,ERR,ERR,ERR,ERR,ERR,ERR,ERR,ERR,ERR,ERR,ERR,ERR,ERR,ERR,ERR,ERR,ERR,ERR,ERR,ERR,ERR,ERR,ERR,ERR,ERR,ERR,ERR,ERR,ERR,ERR,ERR,ERR,ERR,ERR,ERR,ERR,ERR,ERR,0.0,-0.0,-0.0,0.0,0.0,1.3936040501711995e+18,7.805,0.0,0,0,4,0,7300,-0.0,0,0.0,0.0,0.0,0.0,0.0,0,0,0,0,0.0,0,0,0,0,0,0,0,0,0,0,0,0,0,0,0,0,0,0,0,0,0,0,0,0,0,0,0,0,0,0,0,0,0,32,30,30,62,65476,0,300,0,0,8,21553,0.0,-107605600.0,0.0,0.0,0.0,0.0,0.0,0.0,0.0,0.0,0.0,0.0,0.0,0.0,0.0,0.0,0.0,0.0,0.0,0.0,0.0,0.0,-0.0,-2.004,2.004,2.004,0.0,0.0,0.0,0.0,5520.0,2.004,6920.0,0.0,-0.0,-0.0,0.0,0.0,0.0,0.0,0.0,63,-3.2220267480110635e+26,5.848063605975643e+35,0.0,0.0,0.0,0.0,0.0,0.0,0.0,0,0,0,0.0,0.0,0.0,0.0,0.0,0.0,0.0,0.0,0.0,0.0,0.0,0.0,0.0,0.0,0.0,0.0,0,-107875648.0,63,0.0,126,2.7184242562605685e+23,2.842318642297501e+23,ERR,ERR,ERR,ERR,ERR,ERR,ERR,ERR,ERR,ERR,ERR,ERR,ERR,ERR,ERR,ERR,ERR,ERR,ERR,ERR,ERR,ERR,ERR,ERR,ERR,ERR,ERR,ERR,ERR,ERR,ERR,ERR,ERR,ERR,ERR,ERR,ERR,ERR,ERR,ERR,ERR,ERR,ERR,ERR,ERR,ERR,ERR,ERR,ERR,ERR,ERR,ERR,ERR,ERR,ERR,ERR,ERR,ERR,ERR,ERR,ERR,ERR,ERR,ERR,ERR,ERR,ERR,34.0,80.0,35,0.0,0.0,0.0,0.0,0.0,0.0,0.0,0.0,0.0,0.0,0.0,0.0,0.0,0.0,0.0,0.0,64.4,0,116,56,49,65476,0,300,0,0,8,20529,65476,0,0,57672,80.0,0.0,0.0,0.0,0.0,0.0
2026-06-17T04:54:48,ERR,ERR,ERR,ERR,ERR,ERR,ERR,ERR,ERR,ERR,ERR,ERR,ERR,ERR,ERR,ERR,ERR,ERR,ERR,ERR,ERR,ERR,ERR,ERR,ERR,ERR,ERR,ERR,ERR,ERR,ERR,ERR,ERR,ERR,ERR,ERR,ERR,ERR,ERR,ERR,ERR,ERR,ERR,ERR,ERR,ERR,ERR,ERR,ERR,ERR,ERR,ERR,ERR,ERR,ERR,ERR,ERR,ERR,ERR,ERR,ERR,ERR,ERR,ERR,ERR,ERR,ERR,ERR,ERR,ERR,ERR,ERR,ERR,ERR,ERR,ERR,ERR,ERR,ERR,ERR,ERR,ERR,ERR,ERR,ERR,ERR,ERR,ERR,ERR,ERR,ERR,ERR,ERR,ERR,ERR,ERR,ERR,ERR,ERR,ERR,ERR,ERR,ERR,ERR,ERR,ERR,ERR,ERR,ERR,ERR,ERR,ERR,ERR,ERR,ERR,ERR,ERR,ERR,ERR,ERR,ERR,ERR,ERR,ERR,ERR,0.0,-0.0,-0.0,0.0,0.0,1.3936040501711995e+18,7.805,0.0,0,0,4,0,7300,-0.0,0,0.0,0.0,0.0,0.0,0.0,0,0,0,0,0.0,0,0,0,0,0,0,0,0,0,0,0,0,0,0,0,0,0,0,0,0,0,0,0,0,0,0,0,0,0,0,0,0,0,32,30,30,62,65476,0,300,0,0,8,21553,0.0,-107605600.0,0.0,0.0,0.0,0.0,0.0,0.0,0.0,0.0,0.0,0.0,0.0,0.0,0.0,0.0,0.0,0.0,0.0,0.0,0.0,0.0,-0.0,-2.004,2.004,2.004,0.0,0.0,0.0,0.0,5520.0,2.004,6920.0,0.0,-0.0,-0.0,0.0,0.0,0.0,0.0,0.0,63,-3.2220267480110635e+26,5.848063605975643e+35,0.0,0.0,0.0,0.0,0.0,0.0,0.0,0,0,0,0.0,0.0,0.0,0.0,0.0,0.0,0.0,0.0,0.0,0.0,0.0,0.0,0.0,0.0,0.0,0.0,0,-107875648.0,63,0.0,126,2.7184242562605685e+23,2.842318642297501e+23,ERR,ERR,ERR,ERR,ERR,ERR,ERR,ERR,ERR,ERR,ERR,ERR,ERR,ERR,ERR,ERR,ERR,ERR,ERR,ERR,ERR,ERR,ERR,ERR,ERR,ERR,ERR,ERR,ERR,ERR,ERR,ERR,ERR,ERR,ERR,ERR,ERR,ERR,ERR,ERR,ERR,ERR,ERR,ERR,ERR,ERR,ERR,ERR,ERR,ERR,ERR,ERR,ERR,ERR,ERR,ERR,ERR,ERR,ERR,ERR,ERR,ERR,ERR,ERR,ERR,ERR,ERR,34.0,80.0,35,0.0,0.0,0.0,0.0,0.0,0.0,0.0,0.0,0.0,0.0,0.0,0.0,0.0,0.0,0.0,0.0,64.4,0,116,56,49,65476,0,300,0,0,8,20529,65476,0,0,57672,80.0,0.0,0.0,0.0,0.0,0.0
2026-06-17T04:54:49,ERR,ERR,ERR,ERR,ERR,ERR,ERR,ERR,ERR,ERR,ERR,ERR,ERR,ERR,ERR,ERR,ERR,ERR,ERR,ERR,ERR,ERR,ERR,ERR,ERR,ERR,ERR,ERR,ERR,ERR,ERR,ERR,ERR,ERR,ERR,ERR,ERR,ERR,ERR,ERR,ERR,ERR,ERR,ERR,ERR,ERR,ERR,ERR,ERR,ERR,ERR,ERR,ERR,ERR,ERR,ERR,ERR,ERR,ERR,ERR,ERR,ERR,ERR,ERR,ERR,ERR,ERR,ERR,ERR,ERR,ERR,ERR,ERR,ERR,ERR,ERR,ERR,ERR,ERR,ERR,ERR,ERR,ERR,ERR,ERR,ERR,ERR,ERR,ERR,ERR,ERR,ERR,ERR,ERR,ERR,ERR,ERR,ERR,ERR,ERR,ERR,ERR,ERR,ERR,ERR,ERR,ERR,ERR,ERR,ERR,ERR,ERR,ERR,ERR,ERR,ERR,ERR,ERR,ERR,ERR,ERR,ERR,ERR,ERR,ERR,0.0,-0.0,-0.0,0.0,0.0,1.3936040501711995e+18,7.805,0.0,0,0,4,0,7300,-0.0,0,0.0,0.0,0.0,0.0,0.0,0,0,0,0,0.0,0,0,0,0,0,0,0,0,0,0,0,0,0,0,0,0,0,0,0,0,0,0,0,0,0,0,0,0,0,0,0,0,0,32,30,30,62,65476,0,300,0,0,8,21553,0.0,-107605600.0,0.0,0.0,0.0,0.0,0.0,0.0,0.0,0.0,0.0,0.0,0.0,0.0,0.0,0.0,0.0,0.0,0.0,0.0,0.0,0.0,2.004,-2.004,2.004,2.004,0.0,0.0,0.0,0.0,5520.0,131350.688,6924.0,0.0,-0.0,-0.0,0.0,0.0,0.0,0.0,0.0,63,-3.2220267480110635e+26,-0.0,0.0,0.0,0.0,0.0,0.0,0.0,0.0,0,0,0,0.0,0.0,0.0,0.0,0.0,0.0,0.0,0.0,0.0,0.0,0.0,0.0,0.0,0.0,0.0,0.0,0,-107875648.0,63,0.0,126,2.7184242562605685e+23,2.842318642297501e+23,ERR,ERR,ERR,ERR,ERR,ERR,ERR,ERR,ERR,ERR,ERR,ERR,ERR,ERR,ERR,ERR,ERR,ERR,ERR,ERR,ERR,ERR,ERR,ERR,ERR,ERR,ERR,ERR,ERR,ERR,ERR,ERR,ERR,ERR,ERR,ERR,ERR,ERR,ERR,ERR,ERR,ERR,ERR,ERR,ERR,ERR,ERR,ERR,ERR,ERR,ERR,ERR,ERR,ERR,ERR,ERR,ERR,ERR,ERR,ERR,ERR,ERR,ERR,ERR,ERR,ERR,ERR,34.0,80.0,35,0.0,0.0,0.0,0.0,0.0,0.0,0.0,0.0,0.0,0.0,0.0,0.0,0.0,0.0,0.0,0.0,64.4,0,116,56,49,65476,0,300,0,0,8,20529,65476,0,0,57672,80.0,0.0,0.0,0.0,0.0,0.0
2026-06-17T04:54:50,ERR,ERR,ERR,ERR,ERR,ERR,ERR,ERR,ERR,ERR,ERR,ERR,ERR,ERR,ERR,ERR,ERR,ERR,ERR,ERR,ERR,ERR,ERR,ERR,ERR,ERR,ERR,ERR,ERR,ERR,ERR,ERR,ERR,ERR,ERR,ERR,ERR,ERR,ERR,ERR,ERR,ERR,ERR,ERR,ERR,ERR,ERR,ERR,ERR,ERR,ERR,ERR,ERR,ERR,ERR,ERR,ERR,ERR,ERR,ERR,ERR,ERR,ERR,ERR,ERR,ERR,ERR,ERR,ERR,ERR,ERR,ERR,ERR,ERR,ERR,ERR,ERR,ERR,ERR,ERR,ERR,ERR,ERR,ERR,ERR,ERR,ERR,ERR,ERR,ERR,ERR,ERR,ERR,ERR,ERR,ERR,ERR,ERR,ERR,ERR,ERR,ERR,ERR,ERR,ERR,ERR,ERR,ERR,ERR,ERR,ERR,ERR,ERR,ERR,ERR,ERR,ERR,ERR,ERR,ERR,ERR,ERR,ERR,ERR,ERR,0.0,-0.0,-0.0,0.0,0.0,1.3936040501711995e+18,7.805,0.0,0,0,4,0,7300,-0.0,0,0.0,0.0,0.0,0.0,0.0,0,0,0,0,0.0,0,0,0,0,0,0,0,0,0,0,0,0,0,0,0,0,0,0,0,0,0,0,0,0,0,0,0,0,0,0,0,0,0,32,30,30,62,65476,0,300,0,0,8,21553,0.0,-107605600.0,0.0,0.0,0.0,0.0,0.0,0.0,0.0,0.0,0.0,0.0,0.0,0.0,0.0,0.0,0.0,0.0,0.0,0.0,0.0,0.0,2.004,-2.004,2.004,2.004,0.0,0.0,0.0,0.0,5520.0,131350.688,6924.0,0.0,-0.0,-0.0,0.0,0.0,0.0,0.0,0.0,63,-3.2220267480110635e+26,-0.0,0.0,0.0,0.0,0.0,0.0,0.0,0.0,0,0,0,0.0,0.0,0.0,0.0,0.0,0.0,0.0,0.0,0.0,0.0,0.0,0.0,0.0,0.0,0.0,0.0,0,-107875648.0,63,0.0,126,2.7184242562605685e+23,2.842318642297501e+23,ERR,ERR,ERR,ERR,ERR,ERR,ERR,ERR,ERR,ERR,ERR,ERR,ERR,ERR,ERR,ERR,ERR,ERR,ERR,ERR,ERR,ERR,ERR,ERR,ERR,ERR,ERR,ERR,ERR,ERR,ERR,ERR,ERR,ERR,ERR,ERR,ERR,ERR,ERR,ERR,ERR,ERR,ERR,ERR,ERR,ERR,ERR,ERR,ERR,ERR,ERR,ERR,ERR,ERR,ERR,ERR,ERR,ERR,ERR,ERR,ERR,ERR,ERR,ERR,ERR,ERR,ERR,34.0,80.0,35,0.0,0.0,0.0,0.0,0.0,0.0,0.0,0.0,0.0,0.0,0.0,0.0,0.0,0.0,0.0,0.0,64.4,0,116,56,49,65476,0,300,0,0,8,20529,65476,0,0,57672,80.0,0.0,0.0,0.0,0.0,0.0
2026-06-17T04:54:51,ERR,ERR,ERR,ERR,ERR,ERR,ERR,ERR,ERR,ERR,ERR,ERR,ERR,ERR,ERR,ERR,ERR,ERR,ERR,ERR,ERR,ERR,ERR,ERR,ERR,ERR,ERR,ERR,ERR,ERR,ERR,ERR,ERR,ERR,ERR,ERR,ERR,ERR,ERR,ERR,ERR,ERR,ERR,ERR,ERR,ERR,ERR,ERR,ERR,ERR,ERR,ERR,ERR,ERR,ERR,ERR,ERR,ERR,ERR,ERR,ERR,ERR,ERR,ERR,ERR,ERR,ERR,ERR,ERR,ERR,ERR,ERR,ERR,ERR,ERR,ERR,ERR,ERR,ERR,ERR,ERR,ERR,ERR,ERR,ERR,ERR,ERR,ERR,ERR,ERR,ERR,ERR,ERR,ERR,ERR,ERR,ERR,ERR,ERR,ERR,ERR,ERR,ERR,ERR,ERR,ERR,ERR,ERR,ERR,ERR,ERR,ERR,ERR,ERR,ERR,ERR,ERR,ERR,ERR,ERR,ERR,ERR,ERR,ERR,ERR,0.0,-0.0,-0.0,0.0,0.0,1.3936040501711995e+18,7.805,0.0,0,0,4,0,7300,-0.0,0,0.0,0.0,0.0,0.0,0.0,0,0,0,0,0.0,0,0,0,0,0,0,0,0,0,0,0,0,0,0,0,0,0,0,0,0,0,0,0,0,0,0,0,0,0,0,0,0,0,32,30,30,62,65476,0,300,0,0,8,21553,0.0,-107605600.0,0.0,0.0,0.0,0.0,0.0,0.0,0.0,0.0,0.0,0.0,0.0,0.0,0.0,0.0,0.0,0.0,0.0,0.0,0.0,0.0,2.004,-2.004,2.004,2.004,0.0,0.0,0.0,0.0,5520.0,131350.688,6924.0,0.0,-0.0,-0.0,0.0,0.0,0.0,0.0,0.0,63,-3.2220267480110635e+26,-0.0,0.0,0.0,0.0,0.0,0.0,0.0,0.0,0,0,0,0.0,0.0,0.0,0.0,0.0,0.0,0.0,0.0,0.0,0.0,0.0,0.0,0.0,0.0,0.0,0.0,0,-107875648.0,63,0.0,126,2.7184242562605685e+23,2.842318642297501e+23,ERR,ERR,ERR,ERR,ERR,ERR,ERR,ERR,ERR,ERR,ERR,ERR,ERR,ERR,ERR,ERR,ERR,ERR,ERR,ERR,ERR,ERR,ERR,ERR,ERR,ERR,ERR,ERR,ERR,ERR,ERR,ERR,ERR,ERR,ERR,ERR,ERR,ERR,ERR,ERR,ERR,ERR,ERR,ERR,ERR,ERR,ERR,ERR,ERR,ERR,ERR,ERR,ERR,ERR,ERR,ERR,ERR,ERR,ERR,ERR,ERR,ERR,ERR,ERR,ERR,ERR,ERR,34.0,80.0,35,0.0,0.0,0.0,0.0,0.0,0.0,0.0,0.0,0.0,0.0,0.0,0.0,0.0,0.0,0.0,0.0,64.4,0,116,56,49,65476,0,300,0,0,8,20529,65476,0,0,57672,80.0,0.0,0.0,0.0,0.0,0.0
2026-06-17T04:54:52,ERR,ERR,ERR,ERR,ERR,ERR,ERR,ERR,ERR,ERR,ERR,ERR,ERR,ERR,ERR,ERR,ERR,ERR,ERR,ERR,ERR,ERR,ERR,ERR,ERR,ERR,ERR,ERR,ERR,ERR,ERR,ERR,ERR,ERR,ERR,ERR,ERR,ERR,ERR,ERR,ERR,ERR,ERR,ERR,ERR,ERR,ERR,ERR,ERR,ERR,ERR,ERR,ERR,ERR,ERR,ERR,ERR,ERR,ERR,ERR,ERR,ERR,ERR,ERR,ERR,ERR,ERR,ERR,ERR,ERR,ERR,ERR,ERR,ERR,ERR,ERR,ERR,ERR,ERR,ERR,ERR,ERR,ERR,ERR,ERR,ERR,ERR,ERR,ERR,ERR,ERR,ERR,ERR,ERR,ERR,ERR,ERR,ERR,ERR,ERR,ERR,ERR,ERR,ERR,ERR,ERR,ERR,ERR,ERR,ERR,ERR,ERR,ERR,ERR,ERR,ERR,ERR,ERR,ERR,ERR,ERR,ERR,ERR,ERR,ERR,0.0,-0.0,-0.0,0.0,0.0,1.3936040501711995e+18,7.805,0.0,0,0,4,0,7300,-0.0,0,0.0,0.0,0.0,0.0,0.0,0,0,0,0,0.0,0,0,0,0,0,0,0,0,0,0,0,0,0,0,0,0,0,0,0,0,0,0,0,0,0,0,0,0,0,0,0,0,0,32,30,30,62,65476,0,300,0,0,8,21553,0.0,-107605600.0,0.0,0.0,0.0,0.0,0.0,0.0,0.0,0.0,0.0,0.0,0.0,0.0,0.0,0.0,0.0,0.0,0.0,0.0,0.0,0.0,2.004,-2.004,2.004,2.004,0.0,0.0,0.0,0.0,5520.0,131350.688,6924.0,0.0,-0.0,-0.0,0.0,0.0,0.0,0.0,0.0,63,-3.2220267480110635e+26,-0.0,0.0,0.0,0.0,0.0,0.0,0.0,0.0,0,0,0,0.0,0.0,0.0,0.0,0.0,0.0,0.0,0.0,0.0,0.0,0.0,0.0,0.0,0.0,0.0,0.0,0,-107875648.0,63,0.0,126,2.7184242562605685e+23,2.842318642297501e+23,ERR,ERR,ERR,ERR,ERR,ERR,ERR,ERR,ERR,ERR,ERR,ERR,ERR,ERR,ERR,ERR,ERR,ERR,ERR,ERR,ERR,ERR,ERR,ERR,ERR,ERR,ERR,ERR,ERR,ERR,ERR,ERR,ERR,ERR,ERR,ERR,ERR,ERR,ERR,ERR,ERR,ERR,ERR,ERR,ERR,ERR,ERR,ERR,ERR,ERR,ERR,ERR,ERR,ERR,ERR,ERR,ERR,ERR,ERR,ERR,ERR,ERR,ERR,ERR,ERR,ERR,ERR,34.0,80.0,35,0.0,0.0,0.0,0.0,0.0,0.0,0.0,0.0,0.0,0.0,0.0,0.0,0.0,0.0,0.0,0.0,64.4,0,116,56,49,65476,0,300,0,0,8,20529,65476,0,0,57672,80.0,0.0,0.0,0.0,0.0,0.0
2026-06-17T04:54:53,ERR,ERR,ERR,ERR,ERR,ERR,ERR,ERR,ERR,ERR,ERR,ERR,ERR,ERR,ERR,ERR,ERR,ERR,ERR,ERR,ERR,ERR,ERR,ERR,ERR,ERR,ERR,ERR,ERR,ERR,ERR,ERR,ERR,ERR,ERR,ERR,ERR,ERR,ERR,ERR,ERR,ERR,ERR,ERR,ERR,ERR,ERR,ERR,ERR,ERR,ERR,ERR,ERR,ERR,ERR,ERR,ERR,ERR,ERR,ERR,ERR,ERR,ERR,ERR,ERR,ERR,ERR,ERR,ERR,ERR,ERR,ERR,ERR,ERR,ERR,ERR,ERR,ERR,ERR,ERR,ERR,ERR,ERR,ERR,ERR,ERR,ERR,ERR,ERR,ERR,ERR,ERR,ERR,ERR,ERR,ERR,ERR,ERR,ERR,ERR,ERR,ERR,ERR,ERR,ERR,ERR,ERR,ERR,ERR,ERR,ERR,ERR,ERR,ERR,ERR,ERR,ERR,ERR,ERR,ERR,ERR,ERR,ERR,ERR,ERR,0.0,-0.0,-0.0,0.0,0.0,1.3936040501711995e+18,7.805,0.0,0,0,4,0,7300,-0.0,0,0.0,0.0,0.0,0.0,0.0,0,0,0,0,0.0,0,0,0,0,0,0,0,0,0,0,0,0,0,0,0,0,0,0,0,0,0,0,0,0,0,0,0,0,0,0,0,0,0,32,30,30,62,65476,0,300,0,0,8,21553,0.0,-107605600.0,0.0,0.0,0.0,0.0,0.0,0.0,0.0,0.0,0.0,0.0,0.0,0.0,0.0,0.0,0.0,0.0,0.0,0.0,0.0,0.0,2.004,-2.004,2.004,2.004,0.0,0.0,0.0,0.0,5520.0,131350.688,6924.0,0.0,-0.0,-0.0,0.0,0.0,0.0,0.0,0.0,63,-3.2220267480110635e+26,-0.0,0.0,0.0,0.0,0.0,0.0,0.0,0.0,0,0,0,0.0,0.0,0.0,0.0,0.0,0.0,0.0,0.0,0.0,0.0,0.0,0.0,0.0,0.0,0.0,0.0,0,-107875648.0,63,0.0,126,2.7184242562605685e+23,2.842318642297501e+23,ERR,ERR,ERR,ERR,ERR,ERR,ERR,ERR,ERR,ERR,ERR,ERR,ERR,ERR,ERR,ERR,ERR,ERR,ERR,ERR,ERR,ERR,ERR,ERR,ERR,ERR,ERR,ERR,ERR,ERR,ERR,ERR,ERR,ERR,ERR,ERR,ERR,ERR,ERR,ERR,ERR,ERR,ERR,ERR,ERR,ERR,ERR,ERR,ERR,ERR,ERR,ERR,ERR,ERR,ERR,ERR,ERR,ERR,ERR,ERR,ERR,ERR,ERR,ERR,ERR,ERR,ERR,34.0,80.0,35,0.0,0.0,0.0,0.0,0.0,0.0,0.0,0.0,0.0,0.0,0.0,0.0,0.0,0.0,0.0,0.0,64.4,0,116,56,49,65476,0,300,0,0,8,20529,65476,0,0,57672,80.0,0.0,0.0,0.0,0.0,0.0
2026-06-17T04:54:54,ERR,ERR,ERR,ERR,ERR,ERR,ERR,ERR,ERR,ERR,ERR,ERR,ERR,ERR,ERR,ERR,ERR,ERR,ERR,ERR,ERR,ERR,ERR,ERR,ERR,ERR,ERR,ERR,ERR,ERR,ERR,ERR,ERR,ERR,ERR,ERR,ERR,ERR,ERR,ERR,ERR,ERR,ERR,ERR,ERR,ERR,ERR,ERR,ERR,ERR,ERR,ERR,ERR,ERR,ERR,ERR,ERR,ERR,ERR,ERR,ERR,ERR,ERR,ERR,ERR,ERR,ERR,ERR,ERR,ERR,ERR,ERR,ERR,ERR,ERR,ERR,ERR,ERR,ERR,ERR,ERR,ERR,ERR,ERR,ERR,ERR,ERR,ERR,ERR,ERR,ERR,ERR,ERR,ERR,ERR,ERR,ERR,ERR,ERR,ERR,ERR,ERR,ERR,ERR,ERR,ERR,ERR,ERR,ERR,ERR,ERR,ERR,ERR,ERR,ERR,ERR,ERR,ERR,ERR,ERR,ERR,ERR,ERR,ERR,ERR,0.0,-0.0,-0.0,0.0,0.0,1.3936040501711995e+18,7.805,0.0,0,0,4,0,7300,-0.0,0,0.0,0.0,0.0,0.0,0.0,0,0,0,0,0.0,0,0,0,0,0,0,0,0,0,0,0,0,0,0,0,0,0,0,0,0,0,0,0,0,0,0,0,0,0,0,0,0,0,32,30,30,62,65476,0,300,0,0,8,21553,0.0,-107605600.0,0.0,0.0,0.0,0.0,0.0,0.0,0.0,0.0,0.0,0.0,0.0,0.0,0.0,0.0,0.0,0.0,0.0,0.0,0.0,0.0,2.004,-2.004,2.004,2.004,0.0,0.0,0.0,0.0,5520.0,131350.688,6924.0,0.0,-0.0,-0.0,0.0,0.0,0.0,0.0,0.0,63,-3.2220267480110635e+26,-0.0,0.0,0.0,0.0,0.0,0.0,0.0,0.0,0,0,0,0.0,0.0,0.0,0.0,0.0,0.0,0.0,0.0,0.0,0.0,0.0,0.0,0.0,0.0,0.0,0.0,0,-107875648.0,63,0.0,126,2.7184242562605685e+23,2.842318642297501e+23,ERR,ERR,ERR,ERR,ERR,ERR,ERR,ERR,ERR,ERR,ERR,ERR,ERR,ERR,ERR,ERR,ERR,ERR,ERR,ERR,ERR,ERR,ERR,ERR,ERR,ERR,ERR,ERR,ERR,ERR,ERR,ERR,ERR,ERR,ERR,ERR,ERR,ERR,ERR,ERR,ERR,ERR,ERR,ERR,ERR,ERR,ERR,ERR,ERR,ERR,ERR,ERR,ERR,ERR,ERR,ERR,ERR,ERR,ERR,ERR,ERR,ERR,ERR,ERR,ERR,ERR,ERR,34.0,80.0,35,0.0,0.0,0.0,0.0,0.0,0.0,0.0,0.0,0.0,0.0,0.0,0.0,0.0,0.0,0.0,0.0,64.4,0,116,56,49,65476,0,300,0,0,8,20529,65476,0,0,57672,80.0,0.0,0.0,0.0,0.0,0.0
2026-06-17T04:54:55,ERR,ERR,ERR,ERR,ERR,ERR,ERR,ERR,ERR,ERR,ERR,ERR,ERR,ERR,ERR,ERR,ERR,ERR,ERR,ERR,ERR,ERR,ERR,ERR,ERR,ERR,ERR,ERR,ERR,ERR,ERR,ERR,ERR,ERR,ERR,ERR,ERR,ERR,ERR,ERR,ERR,ERR,ERR,ERR,ERR,ERR,ERR,ERR,ERR,ERR,ERR,ERR,ERR,ERR,ERR,ERR,ERR,ERR,ERR,ERR,ERR,ERR,ERR,ERR,ERR,ERR,ERR,ERR,ERR,ERR,ERR,ERR,ERR,ERR,ERR,ERR,ERR,ERR,ERR,ERR,ERR,ERR,ERR,ERR,ERR,ERR,ERR,ERR,ERR,ERR,ERR,ERR,ERR,ERR,ERR,ERR,ERR,ERR,ERR,ERR,ERR,ERR,ERR,ERR,ERR,ERR,ERR,ERR,ERR,ERR,ERR,ERR,ERR,ERR,ERR,ERR,ERR,ERR,ERR,ERR,ERR,ERR,ERR,ERR,ERR,0.0,-0.0,-0.0,0.0,0.0,1.3936040501711995e+18,7.805,0.0,0,0,4,0,7300,-0.0,0,0.0,0.0,0.0,0.0,0.0,0,0,0,0,0.0,0,0,0,0,0,0,0,0,0,0,0,0,0,0,0,0,0,0,0,0,0,0,0,0,0,0,0,0,0,0,0,0,0,32,30,30,62,65476,0,300,0,0,8,21553,0.0,-107605600.0,0.0,0.0,0.0,0.0,0.0,0.0,0.0,0.0,0.0,0.0,0.0,0.0,0.0,0.0,0.0,0.0,0.0,0.0,0.0,0.0,-0.0,-2.004,2.004,2.004,0.0,0.0,0.0,0.0,5521.0,-0.0,6934.0,0.0,-0.0,-0.0,0.0,0.0,0.0,0.0,0.0,63,-4.066878214320265e+29,0.0,0.0,0.0,0.0,0.0,0.0,0.0,0.0,0,0,0,0.0,0.0,0.0,0.0,0.0,0.0,0.0,0.0,0.0,0.0,0.0,0.0,0.0,0.0,0.0,0.0,0,-107875648.0,63,0.0,126,2.7184242562605685e+23,2.842318642297501e+23,ERR,ERR,ERR,ERR,ERR,ERR,ERR,ERR,ERR,ERR,ERR,ERR,ERR,ERR,ERR,ERR,ERR,ERR,ERR,ERR,ERR,ERR,ERR,ERR,ERR,ERR,ERR,ERR,ERR,ERR,ERR,ERR,ERR,ERR,ERR,ERR,ERR,ERR,ERR,ERR,ERR,ERR,ERR,ERR,ERR,ERR,ERR,ERR,ERR,ERR,ERR,ERR,ERR,ERR,ERR,ERR,ERR,ERR,ERR,ERR,ERR,ERR,ERR,ERR,ERR,ERR,ERR,34.0,80.0,35,0.0,0.0,0.0,0.0,0.0,0.0,0.0,0.0,0.0,0.0,0.0,0.0,0.0,0.0,0.0,0.0,64.4,0,116,56,49,65476,0,300,0,0,8,20529,65476,0,0,57672,80.0,0.0,0.0,0.0,0.0,0.0
2026-06-17T04:54:56,ERR,ERR,ERR,ERR,ERR,ERR,ERR,ERR,ERR,ERR,ERR,ERR,ERR,ERR,ERR,ERR,ERR,ERR,ERR,ERR,ERR,ERR,ERR,ERR,ERR,ERR,ERR,ERR,ERR,ERR,ERR,ERR,ERR,ERR,ERR,ERR,ERR,ERR,ERR,ERR,ERR,ERR,ERR,ERR,ERR,ERR,ERR,ERR,ERR,ERR,ERR,ERR,ERR,ERR,ERR,ERR,ERR,ERR,ERR,ERR,ERR,ERR,ERR,ERR,ERR,ERR,ERR,ERR,ERR,ERR,ERR,ERR,ERR,ERR,ERR,ERR,ERR,ERR,ERR,ERR,ERR,ERR,ERR,ERR,ERR,ERR,ERR,ERR,ERR,ERR,ERR,ERR,ERR,ERR,ERR,ERR,ERR,ERR,ERR,ERR,ERR,ERR,ERR,ERR,ERR,ERR,ERR,ERR,ERR,ERR,ERR,ERR,ERR,ERR,ERR,ERR,ERR,ERR,ERR,ERR,ERR,ERR,ERR,ERR,ERR,0.0,-0.0,-0.0,0.0,0.0,1.3936040501711995e+18,7.805,0.0,0,0,4,0,7300,-0.0,0,0.0,0.0,0.0,0.0,0.0,0,0,0,0,0.0,0,0,0,0,0,0,0,0,0,0,0,0,0,0,0,0,0,0,0,0,0,0,0,0,0,0,0,0,0,0,0,0,0,32,30,30,62,65476,0,300,0,0,8,21553,0.0,-107605600.0,0.0,0.0,0.0,0.0,0.0,0.0,0.0,0.0,0.0,0.0,0.0,0.0,0.0,0.0,0.0,0.0,0.0,0.0,0.0,0.0,-0.0,-2.004,2.004,2.004,0.0,0.0,0.0,0.0,5521.0,-0.0,6934.0,0.0,-0.0,-0.0,0.0,0.0,0.0,0.0,0.0,63,-4.066878214320265e+29,0.0,0.0,0.0,0.0,0.0,0.0,0.0,0.0,0,0,0,0.0,0.0,0.0,0.0,0.0,0.0,0.0,0.0,0.0,0.0,0.0,0.0,0.0,0.0,0.0,0.0,0,-107875648.0,63,0.0,126,2.7184242562605685e+23,2.842318642297501e+23,ERR,ERR,ERR,ERR,ERR,ERR,ERR,ERR,ERR,ERR,ERR,ERR,ERR,ERR,ERR,ERR,ERR,ERR,ERR,ERR,ERR,ERR,ERR,ERR,ERR,ERR,ERR,ERR,ERR,ERR,ERR,ERR,ERR,ERR,ERR,ERR,ERR,ERR,ERR,ERR,ERR,ERR,ERR,ERR,ERR,ERR,ERR,ERR,ERR,ERR,ERR,ERR,ERR,ERR,ERR,ERR,ERR,ERR,ERR,ERR,ERR,ERR,ERR,ERR,ERR,ERR,ERR,34.0,80.0,35,0.0,0.0,0.0,0.0,0.0,0.0,0.0,0.0,0.0,0.0,0.0,0.0,0.0,0.0,0.0,0.0,64.4,0,116,56,49,65476,0,300,0,0,8,20529,65476,0,0,57672,80.0,0.0,0.0,0.0,0.0,0.0
2026-06-17T04:54:57,ERR,ERR,ERR,ERR,ERR,ERR,ERR,ERR,ERR,ERR,ERR,ERR,ERR,ERR,ERR,ERR,ERR,ERR,ERR,ERR,ERR,ERR,ERR,ERR,ERR,ERR,ERR,ERR,ERR,ERR,ERR,ERR,ERR,ERR,ERR,ERR,ERR,ERR,ERR,ERR,ERR,ERR,ERR,ERR,ERR,ERR,ERR,ERR,ERR,ERR,ERR,ERR,ERR,ERR,ERR,ERR,ERR,ERR,ERR,ERR,ERR,ERR,ERR,ERR,ERR,ERR,ERR,ERR,ERR,ERR,ERR,ERR,ERR,ERR,ERR,ERR,ERR,ERR,ERR,ERR,ERR,ERR,ERR,ERR,ERR,ERR,ERR,ERR,ERR,ERR,ERR,ERR,ERR,ERR,ERR,ERR,ERR,ERR,ERR,ERR,ERR,ERR,ERR,ERR,ERR,ERR,ERR,ERR,ERR,ERR,ERR,ERR,ERR,ERR,ERR,ERR,ERR,ERR,ERR,ERR,ERR,ERR,ERR,ERR,ERR,0.0,-0.0,-0.0,0.0,0.0,1.3936040501711995e+18,7.805,0.0,0,0,4,0,7300,-0.0,0,0.0,0.0,0.0,0.0,0.0,0,0,0,0,0.0,0,0,0,0,0,0,0,0,0,0,0,0,0,0,0,0,0,0,0,0,0,0,0,0,0,0,0,0,0,0,0,0,0,32,30,30,62,65476,0,300,0,0,8,21553,0.0,-107605600.0,0.0,0.0,0.0,0.0,0.0,0.0,0.0,0.0,0.0,0.0,0.0,0.0,0.0,0.0,0.0,0.0,0.0,0.0,0.0,0.0,-0.0,-2.004,2.004,2.004,0.0,0.0,0.0,0.0,5521.0,-0.0,6934.0,0.0,-0.0,-0.0,0.0,0.0,0.0,0.0,0.0,63,-4.066878214320265e+29,0.0,0.0,0.0,0.0,0.0,0.0,0.0,0.0,0,0,0,0.0,0.0,0.0,0.0,0.0,0.0,0.0,0.0,0.0,0.0,0.0,0.0,0.0,0.0,0.0,0.0,0,-107875648.0,63,0.0,126,2.7184242562605685e+23,2.842318642297501e+23,ERR,ERR,ERR,ERR,ERR,ERR,ERR,ERR,ERR,ERR,ERR,ERR,ERR,ERR,ERR,ERR,ERR,ERR,ERR,ERR,ERR,ERR,ERR,ERR,ERR,ERR,ERR,ERR,ERR,ERR,ERR,ERR,ERR,ERR,ERR,ERR,ERR,ERR,ERR,ERR,ERR,ERR,ERR,ERR,ERR,ERR,ERR,ERR,ERR,ERR,ERR,ERR,ERR,ERR,ERR,ERR,ERR,ERR,ERR,ERR,ERR,ERR,ERR,ERR,ERR,ERR,ERR,34.0,80.0,35,0.0,0.0,0.0,0.0,0.0,0.0,0.0,0.0,0.0,0.0,0.0,0.0,0.0,0.0,0.0,0.0,64.4,0,116,56,49,65476,0,300,0,0,8,20529,65476,0,0,57672,80.0,0.0,0.0,0.0,0.0,0.0
2026-06-17T04:54:58,ERR,ERR,ERR,ERR,ERR,ERR,ERR,ERR,ERR,ERR,ERR,ERR,ERR,ERR,ERR,ERR,ERR,ERR,ERR,ERR,ERR,ERR,ERR,ERR,ERR,ERR,ERR,ERR,ERR,ERR,ERR,ERR,ERR,ERR,ERR,ERR,ERR,ERR,ERR,ERR,ERR,ERR,ERR,ERR,ERR,ERR,ERR,ERR,ERR,ERR,ERR,ERR,ERR,ERR,ERR,ERR,ERR,ERR,ERR,ERR,ERR,ERR,ERR,ERR,ERR,ERR,ERR,ERR,ERR,ERR,ERR,ERR,ERR,ERR,ERR,ERR,ERR,ERR,ERR,ERR,ERR,ERR,ERR,ERR,ERR,ERR,ERR,ERR,ERR,ERR,ERR,ERR,ERR,ERR,ERR,ERR,ERR,ERR,ERR,ERR,ERR,ERR,ERR,ERR,ERR,ERR,ERR,ERR,ERR,ERR,ERR,ERR,ERR,ERR,ERR,ERR,ERR,ERR,ERR,ERR,ERR,ERR,ERR,ERR,ERR,0.0,-0.0,-0.0,0.0,0.0,1.3936040501711995e+18,7.805,0.0,0,0,4,0,7300,-0.0,0,0.0,0.0,0.0,0.0,0.0,0,0,0,0,0.0,0,0,0,0,0,0,0,0,0,0,0,0,0,0,0,0,0,0,0,0,0,0,0,0,0,0,0,0,0,0,0,0,0,32,30,30,62,65476,0,300,0,0,8,21553,0.0,-107605600.0,0.0,0.0,0.0,0.0,0.0,0.0,0.0,0.0,0.0,0.0,0.0,0.0,0.0,0.0,0.0,0.0,0.0,0.0,0.0,0.0,-0.0,-2.004,2.004,2.004,0.0,0.0,0.0,0.0,5521.0,-0.0,6934.0,0.0,-0.0,-0.0,0.0,0.0,0.0,0.0,0.0,63,-4.066878214320265e+29,0.0,0.0,0.0,0.0,0.0,0.0,0.0,0.0,0,0,0,0.0,0.0,0.0,0.0,0.0,0.0,0.0,0.0,0.0,0.0,0.0,0.0,0.0,0.0,0.0,0.0,0,-107875648.0,63,0.0,126,2.7184242562605685e+23,2.842318642297501e+23,ERR,ERR,ERR,ERR,ERR,ERR,ERR,ERR,ERR,ERR,ERR,ERR,ERR,ERR,ERR,ERR,ERR,ERR,ERR,ERR,ERR,ERR,ERR,ERR,ERR,ERR,ERR,ERR,ERR,ERR,ERR,ERR,ERR,ERR,ERR,ERR,ERR,ERR,ERR,ERR,ERR,ERR,ERR,ERR,ERR,ERR,ERR,ERR,ERR,ERR,ERR,ERR,ERR,ERR,ERR,ERR,ERR,ERR,ERR,ERR,ERR,ERR,ERR,ERR,ERR,ERR,ERR,34.0,80.0,35,0.0,0.0,0.0,0.0,0.0,0.0,0.0,0.0,0.0,0.0,0.0,0.0,0.0,0.0,0.0,0.0,64.4,0,116,56,49,65476,0,300,0,0,8,20529,65476,0,0,57672,80.0,0.0,0.0,0.0,0.0,0.0
2026-06-17T04:54:59,ERR,ERR,ERR,ERR,ERR,ERR,ERR,ERR,ERR,ERR,ERR,ERR,ERR,ERR,ERR,ERR,ERR,ERR,ERR,ERR,ERR,ERR,ERR,ERR,ERR,ERR,ERR,ERR,ERR,ERR,ERR,ERR,ERR,ERR,ERR,ERR,ERR,ERR,ERR,ERR,ERR,ERR,ERR,ERR,ERR,ERR,ERR,ERR,ERR,ERR,ERR,ERR,ERR,ERR,ERR,ERR,ERR,ERR,ERR,ERR,ERR,ERR,ERR,ERR,ERR,ERR,ERR,ERR,ERR,ERR,ERR,ERR,ERR,ERR,ERR,ERR,ERR,ERR,ERR,ERR,ERR,ERR,ERR,ERR,ERR,ERR,ERR,ERR,ERR,ERR,ERR,ERR,ERR,ERR,ERR,ERR,ERR,ERR,ERR,ERR,ERR,ERR,ERR,ERR,ERR,ERR,ERR,ERR,ERR,ERR,ERR,ERR,ERR,ERR,ERR,ERR,ERR,ERR,ERR,ERR,ERR,ERR,ERR,ERR,ERR,0.0,-0.0,-0.0,0.0,0.0,1.3936040501711995e+18,7.805,0.0,0,0,4,0,7300,-0.0,0,0.0,0.0,0.0,0.0,0.0,0,0,0,0,0.0,0,0,0,0,0,0,0,0,0,0,0,0,0,0,0,0,0,0,0,0,0,0,0,0,0,0,0,0,0,0,0,0,0,32,30,30,62,65476,0,300,0,0,8,21553,0.0,-107605600.0,0.0,0.0,0.0,0.0,0.0,0.0,0.0,0.0,0.0,0.0,0.0,0.0,0.0,0.0,0.0,0.0,0.0,0.0,0.0,0.0,-0.0,-2.004,2.004,2.004,0.0,0.0,0.0,0.0,5521.0,-0.0,6934.0,0.0,-0.0,-0.0,0.0,0.0,0.0,0.0,0.0,63,-4.066878214320265e+29,0.0,0.0,0.0,0.0,0.0,0.0,0.0,0.0,0,0,0,0.0,0.0,0.0,0.0,0.0,0.0,0.0,0.0,0.0,0.0,0.0,0.0,0.0,0.0,0.0,0.0,0,-107875648.0,63,0.0,126,2.7184242562605685e+23,2.842318642297501e+23,ERR,ERR,ERR,ERR,ERR,ERR,ERR,ERR,ERR,ERR,ERR,ERR,ERR,ERR,ERR,ERR,ERR,ERR,ERR,ERR,ERR,ERR,ERR,ERR,ERR,ERR,ERR,ERR,ERR,ERR,ERR,ERR,ERR,ERR,ERR,ERR,ERR,ERR,ERR,ERR,ERR,ERR,ERR,ERR,ERR,ERR,ERR,ERR,ERR,ERR,ERR,ERR,ERR,ERR,ERR,ERR,ERR,ERR,ERR,ERR,ERR,ERR,ERR,ERR,ERR,ERR,ERR,34.0,80.0,35,0.0,0.0,0.0,0.0,0.0,0.0,0.0,0.0,0.0,0.0,0.0,0.0,0.0,0.0,0.0,0.0,64.4,0,116,56,49,65476,0,300,0,0,8,20529,65476,0,0,57672,80.0,0.0,0.0,0.0,0.0,0.0
2026-06-17T04:55:00,ERR,ERR,ERR,ERR,ERR,ERR,ERR,ERR,ERR,ERR,ERR,ERR,ERR,ERR,ERR,ERR,ERR,ERR,ERR,ERR,ERR,ERR,ERR,ERR,ERR,ERR,ERR,ERR,ERR,ERR,ERR,ERR,ERR,ERR,ERR,ERR,ERR,ERR,ERR,ERR,ERR,ERR,ERR,ERR,ERR,ERR,ERR,ERR,ERR,ERR,ERR,ERR,ERR,ERR,ERR,ERR,ERR,ERR,ERR,ERR,ERR,ERR,ERR,ERR,ERR,ERR,ERR,ERR,ERR,ERR,ERR,ERR,ERR,ERR,ERR,ERR,ERR,ERR,ERR,ERR,ERR,ERR,ERR,ERR,ERR,ERR,ERR,ERR,ERR,ERR,ERR,ERR,ERR,ERR,ERR,ERR,ERR,ERR,ERR,ERR,ERR,ERR,ERR,ERR,ERR,ERR,ERR,ERR,ERR,ERR,ERR,ERR,ERR,ERR,ERR,ERR,ERR,ERR,ERR,ERR,ERR,ERR,ERR,ERR,ERR,0.0,-0.0,3.028208139652935e+23,0.0,0.0,1.3936040501711995e+18,7.805,0.0,0,0,4,0,7300,-0.0,0,0.0,0.0,0.0,0.0,0.0,0,0,0,0,0.0,0,0,0,0,0,0,0,0,0,0,0,0,0,0,0,0,0,0,0,0,0,0,0,0,0,0,0,0,0,0,0,0,0,32,30,30,62,65476,0,300,0,0,8,21553,0.0,-107605600.0,0.0,0.0,0.0,0.0,0.0,0.0,0.0,0.0,0.0,0.0,0.0,0.0,0.0,0.0,0.0,0.0,0.0,0.0,0.0,0.0,-0.0,-2.004,2.004,2.004,0.0,0.0,0.0,0.0,5521.0,-564146907119616.0,6939.0,0.0,-0.0,-0.0,0.0,0.0,0.0,0.0,0.0,63,-4.066878214320265e+29,1.9056895305397043e+17,0.0,0.0,0.0,0.0,0.0,0.0,0.0,0,0,0,0.0,0.0,0.0,0.0,0.0,0.0,0.0,0.0,0.0,0.0,0.0,0.0,0.0,0.0,0.0,0.0,0,-107875648.0,63,0.0,126,2.7184242562605685e+23,2.842318642297501e+23,ERR,ERR,ERR,ERR,ERR,ERR,ERR,ERR,ERR,ERR,ERR,ERR,ERR,ERR,ERR,ERR,ERR,ERR,ERR,ERR,ERR,ERR,ERR,ERR,ERR,ERR,ERR,ERR,ERR,ERR,ERR,ERR,ERR,ERR,ERR,ERR,ERR,ERR,ERR,ERR,ERR,ERR,ERR,ERR,ERR,ERR,ERR,ERR,ERR,ERR,ERR,ERR,ERR,ERR,ERR,ERR,ERR,ERR,ERR,ERR,ERR,ERR,ERR,ERR,ERR,ERR,ERR,34.0,80.0,35,0.0,0.0,0.0,0.0,0.0,0.0,0.0,0.0,0.0,0.0,0.0,0.0,0.0,0.0,0.0,0.0,64.4,0,116,56,49,65476,0,300,0,0,8,20529,65476,0,0,57672,80.0,0.0,0.0,0.0,0.0,0.0
2026-06-17T04:55:01,ERR,ERR,ERR,ERR,ERR,ERR,ERR,ERR,ERR,ERR,ERR,ERR,ERR,ERR,ERR,ERR,ERR,ERR,ERR,ERR,ERR,ERR,ERR,ERR,ERR,ERR,ERR,ERR,ERR,ERR,ERR,ERR,ERR,ERR,ERR,ERR,ERR,ERR,ERR,ERR,ERR,ERR,ERR,ERR,ERR,ERR,ERR,ERR,ERR,ERR,ERR,ERR,ERR,ERR,ERR,ERR,ERR,ERR,ERR,ERR,ERR,ERR,ERR,ERR,ERR,ERR,ERR,ERR,ERR,ERR,ERR,ERR,ERR,ERR,ERR,ERR,ERR,ERR,ERR,ERR,ERR,ERR,ERR,ERR,ERR,ERR,ERR,ERR,ERR,ERR,ERR,ERR,ERR,ERR,ERR,ERR,ERR,ERR,ERR,ERR,ERR,ERR,ERR,ERR,ERR,ERR,ERR,ERR,ERR,ERR,ERR,ERR,ERR,ERR,ERR,ERR,ERR,ERR,ERR,ERR,ERR,ERR,ERR,ERR,ERR,0.0,-0.0,3.028208139652935e+23,0.0,0.0,1.3936040501711995e+18,7.805,0.0,0,0,4,0,7300,-0.0,0,0.0,0.0,0.0,0.0,0.0,0,0,0,0,0.0,0,0,0,0,0,0,0,0,0,0,0,0,0,0,0,0,0,0,0,0,0,0,0,0,0,0,0,0,0,0,0,0,0,32,30,30,62,65476,0,300,0,0,8,21553,0.0,-107605600.0,0.0,0.0,0.0,0.0,0.0,0.0,0.0,0.0,0.0,0.0,0.0,0.0,0.0,0.0,0.0,0.0,0.0,0.0,0.0,0.0,-0.0,-2.004,2.004,2.004,0.0,0.0,0.0,0.0,5521.0,-564146907119616.0,6939.0,0.0,-0.0,-0.0,0.0,0.0,0.0,0.0,0.0,63,-4.066878214320265e+29,1.9056895305397043e+17,0.0,0.0,0.0,0.0,0.0,0.0,0.0,0,0,0,0.0,0.0,0.0,0.0,0.0,0.0,0.0,0.0,0.0,0.0,0.0,0.0,0.0,0.0,0.0,0.0,0,-107875648.0,63,0.0,126,2.7184242562605685e+23,2.842318642297501e+23,ERR,ERR,ERR,ERR,ERR,ERR,ERR,ERR,ERR,ERR,ERR,ERR,ERR,ERR,ERR,ERR,ERR,ERR,ERR,ERR,ERR,ERR,ERR,ERR,ERR,ERR,ERR,ERR,ERR,ERR,ERR,ERR,ERR,ERR,ERR,ERR,ERR,ERR,ERR,ERR,ERR,ERR,ERR,ERR,ERR,ERR,ERR,ERR,ERR,ERR,ERR,ERR,ERR,ERR,ERR,ERR,ERR,ERR,ERR,ERR,ERR,ERR,ERR,ERR,ERR,ERR,ERR,34.0,80.0,35,0.0,0.0,0.0,0.0,0.0,0.0,0.0,0.0,0.0,0.0,0.0,0.0,0.0,0.0,0.0,0.0,64.4,0,116,56,49,65476,0,300,0,0,8,20529,65476,0,0,57672,80.0,0.0,0.0,0.0,0.0,0.0
2026-06-17T04:55:02,ERR,ERR,ERR,ERR,ERR,ERR,ERR,ERR,ERR,ERR,ERR,ERR,ERR,ERR,ERR,ERR,ERR,ERR,ERR,ERR,ERR,ERR,ERR,ERR,ERR,ERR,ERR,ERR,ERR,ERR,ERR,ERR,ERR,ERR,ERR,ERR,ERR,ERR,ERR,ERR,ERR,ERR,ERR,ERR,ERR,ERR,ERR,ERR,ERR,ERR,ERR,ERR,ERR,ERR,ERR,ERR,ERR,ERR,ERR,ERR,ERR,ERR,ERR,ERR,ERR,ERR,ERR,ERR,ERR,ERR,ERR,ERR,ERR,ERR,ERR,ERR,ERR,ERR,ERR,ERR,ERR,ERR,ERR,ERR,ERR,ERR,ERR,ERR,ERR,ERR,ERR,ERR,ERR,ERR,ERR,ERR,ERR,ERR,ERR,ERR,ERR,ERR,ERR,ERR,ERR,ERR,ERR,ERR,ERR,ERR,ERR,ERR,ERR,ERR,ERR,ERR,ERR,ERR,ERR,ERR,ERR,ERR,ERR,ERR,ERR,0.0,-0.0,3.028208139652935e+23,0.0,0.0,1.3936040501711995e+18,7.805,0.0,0,0,4,0,7300,-0.0,0,0.0,0.0,0.0,0.0,0.0,0,0,0,0,0.0,0,0,0,0,0,0,0,0,0,0,0,0,0,0,0,0,0,0,0,0,0,0,0,0,0,0,0,0,0,0,0,0,0,32,30,30,62,65476,0,300,0,0,8,21553,0.0,-107605600.0,0.0,0.0,0.0,0.0,0.0,0.0,0.0,0.0,0.0,0.0,0.0,0.0,0.0,0.0,0.0,0.0,0.0,0.0,0.0,0.0,-0.0,-2.004,2.004,2.004,0.0,0.0,0.0,0.0,5521.0,-564146907119616.0,6939.0,0.0,-0.0,-0.0,0.0,0.0,0.0,0.0,0.0,63,-4.066878214320265e+29,1.9056895305397043e+17,0.0,0.0,0.0,0.0,0.0,0.0,0.0,0,0,0,0.0,0.0,0.0,0.0,0.0,0.0,0.0,0.0,0.0,0.0,0.0,0.0,0.0,0.0,0.0,0.0,0,-107875648.0,63,0.0,126,2.7184242562605685e+23,2.842318642297501e+23,ERR,ERR,ERR,ERR,ERR,ERR,ERR,ERR,ERR,ERR,ERR,ERR,ERR,ERR,ERR,ERR,ERR,ERR,ERR,ERR,ERR,ERR,ERR,ERR,ERR,ERR,ERR,ERR,ERR,ERR,ERR,ERR,ERR,ERR,ERR,ERR,ERR,ERR,ERR,ERR,ERR,ERR,ERR,ERR,ERR,ERR,ERR,ERR,ERR,ERR,ERR,ERR,ERR,ERR,ERR,ERR,ERR,ERR,ERR,ERR,ERR,ERR,ERR,ERR,ERR,ERR,ERR,34.0,80.0,35,0.0,0.0,0.0,0.0,0.0,0.0,0.0,0.0,0.0,0.0,0.0,0.0,0.0,0.0,0.0,0.0,64.4,0,116,56,49,65476,0,300,0,0,8,20529,65476,0,0,57672,80.0,0.0,0.0,0.0,0.0,0.0
2026-06-17T04:55:03,ERR,ERR,ERR,ERR,ERR,ERR,ERR,ERR,ERR,ERR,ERR,ERR,ERR,ERR,ERR,ERR,ERR,ERR,ERR,ERR,ERR,ERR,ERR,ERR,ERR,ERR,ERR,ERR,ERR,ERR,ERR,ERR,ERR,ERR,ERR,ERR,ERR,ERR,ERR,ERR,ERR,ERR,ERR,ERR,ERR,ERR,ERR,ERR,ERR,ERR,ERR,ERR,ERR,ERR,ERR,ERR,ERR,ERR,ERR,ERR,ERR,ERR,ERR,ERR,ERR,ERR,ERR,ERR,ERR,ERR,ERR,ERR,ERR,ERR,ERR,ERR,ERR,ERR,ERR,ERR,ERR,ERR,ERR,ERR,ERR,ERR,ERR,ERR,ERR,ERR,ERR,ERR,ERR,ERR,ERR,ERR,ERR,ERR,ERR,ERR,ERR,ERR,ERR,ERR,ERR,ERR,ERR,ERR,ERR,ERR,ERR,ERR,ERR,ERR,ERR,ERR,ERR,ERR,ERR,ERR,ERR,ERR,ERR,ERR,ERR,0.0,-0.0,3.028208139652935e+23,0.0,0.0,1.3936040501711995e+18,7.805,0.0,0,0,4,0,7300,-0.0,0,0.0,0.0,0.0,0.0,0.0,0,0,0,0,0.0,0,0,0,0,0,0,0,0,0,0,0,0,0,0,0,0,0,0,0,0,0,0,0,0,0,0,0,0,0,0,0,0,0,32,30,30,62,65476,0,300,0,0,8,21553,0.0,-107605600.0,0.0,0.0,0.0,0.0,0.0,0.0,0.0,0.0,0.0,0.0,0.0,0.0,0.0,0.0,0.0,0.0,0.0,0.0,0.0,0.0,-0.0,-2.004,2.004,2.004,0.0,0.0,0.0,0.0,5521.0,-564146907119616.0,6939.0,0.0,-0.0,-0.0,0.0,0.0,0.0,0.0,0.0,63,-4.066878214320265e+29,1.9056895305397043e+17,0.0,0.0,0.0,0.0,0.0,0.0,0.0,0,0,0,0.0,0.0,0.0,0.0,0.0,0.0,0.0,0.0,0.0,0.0,0.0,0.0,0.0,0.0,0.0,0.0,0,-107875648.0,63,0.0,126,2.7184242562605685e+23,2.842318642297501e+23,ERR,ERR,ERR,ERR,ERR,ERR,ERR,ERR,ERR,ERR,ERR,ERR,ERR,ERR,ERR,ERR,ERR,ERR,ERR,ERR,ERR,ERR,ERR,ERR,ERR,ERR,ERR,ERR,ERR,ERR,ERR,ERR,ERR,ERR,ERR,ERR,ERR,ERR,ERR,ERR,ERR,ERR,ERR,ERR,ERR,ERR,ERR,ERR,ERR,ERR,ERR,ERR,ERR,ERR,ERR,ERR,ERR,ERR,ERR,ERR,ERR,ERR,ERR,ERR,ERR,ERR,ERR,34.0,80.0,35,0.0,0.0,0.0,0.0,0.0,0.0,0.0,0.0,0.0,0.0,0.0,0.0,0.0,0.0,0.0,0.0,64.4,0,116,56,49,65476,0,300,0,0,8,20529,65476,0,0,57672,80.0,0.0,0.0,0.0,0.0,0.0
2026-06-17T04:55:04,ERR,ERR,ERR,ERR,ERR,ERR,ERR,ERR,ERR,ERR,ERR,ERR,ERR,ERR,ERR,ERR,ERR,ERR,ERR,ERR,ERR,ERR,ERR,ERR,ERR,ERR,ERR,ERR,ERR,ERR,ERR,ERR,ERR,ERR,ERR,ERR,ERR,ERR,ERR,ERR,ERR,ERR,ERR,ERR,ERR,ERR,ERR,ERR,ERR,ERR,ERR,ERR,ERR,ERR,ERR,ERR,ERR,ERR,ERR,ERR,ERR,ERR,ERR,ERR,ERR,ERR,ERR,ERR,ERR,ERR,ERR,ERR,ERR,ERR,ERR,ERR,ERR,ERR,ERR,ERR,ERR,ERR,ERR,ERR,ERR,ERR,ERR,ERR,ERR,ERR,ERR,ERR,ERR,ERR,ERR,ERR,ERR,ERR,ERR,ERR,ERR,ERR,ERR,ERR,ERR,ERR,ERR,ERR,ERR,ERR,ERR,ERR,ERR,ERR,ERR,ERR,ERR,ERR,ERR,ERR,ERR,ERR,ERR,ERR,ERR,0.0,-0.0,3.028208139652935e+23,0.0,0.0,1.3936040501711995e+18,7.805,0.0,0,0,4,0,7300,-0.0,0,0.0,0.0,0.0,0.0,0.0,0,0,0,0,0.0,0,0,0,0,0,0,0,0,0,0,0,0,0,0,0,0,0,0,0,0,0,0,0,0,0,0,0,0,0,0,0,0,0,32,30,30,62,65476,0,300,0,0,8,21553,0.0,-107605600.0,0.0,0.0,0.0,0.0,0.0,0.0,0.0,0.0,0.0,0.0,0.0,0.0,0.0,0.0,0.0,0.0,0.0,0.0,0.0,0.0,-0.0,-2.004,2.004,2.004,0.0,0.0,0.0,0.0,5521.0,-564146907119616.0,6939.0,0.0,-0.0,-0.0,0.0,0.0,0.0,0.0,0.0,63,-4.066878214320265e+29,1.9056895305397043e+17,0.0,0.0,0.0,0.0,0.0,0.0,0.0,0,0,0,0.0,0.0,0.0,0.0,0.0,0.0,0.0,0.0,0.0,0.0,0.0,0.0,0.0,0.0,0.0,0.0,0,-107875648.0,63,0.0,126,2.7184242562605685e+23,2.842318642297501e+23,ERR,ERR,ERR,ERR,ERR,ERR,ERR,ERR,ERR,ERR,ERR,ERR,ERR,ERR,ERR,ERR,ERR,ERR,ERR,ERR,ERR,ERR,ERR,ERR,ERR,ERR,ERR,ERR,ERR,ERR,ERR,ERR,ERR,ERR,ERR,ERR,ERR,ERR,ERR,ERR,ERR,ERR,ERR,ERR,ERR,ERR,ERR,ERR,ERR,ERR,ERR,ERR,ERR,ERR,ERR,ERR,ERR,ERR,ERR,ERR,ERR,ERR,ERR,ERR,ERR,ERR,ERR,34.0,80.0,35,0.0,0.0,0.0,0.0,0.0,0.0,0.0,0.0,0.0,0.0,0.0,0.0,0.0,0.0,0.0,0.0,64.8,0,116,56,49,65476,0,300,0,0,8,20529,65476,0,0,57672,80.0,0.0,0.0,0.0,0.0,0.0
2026-06-17T04:55:05,ERR,ERR,ERR,ERR,ERR,ERR,ERR,ERR,ERR,ERR,ERR,ERR,ERR,ERR,ERR,ERR,ERR,ERR,ERR,ERR,ERR,ERR,ERR,ERR,ERR,ERR,ERR,ERR,ERR,ERR,ERR,ERR,ERR,ERR,ERR,ERR,ERR,ERR,ERR,ERR,ERR,ERR,ERR,ERR,ERR,ERR,ERR,ERR,ERR,ERR,ERR,ERR,ERR,ERR,ERR,ERR,ERR,ERR,ERR,ERR,ERR,ERR,ERR,ERR,ERR,ERR,ERR,ERR,ERR,ERR,ERR,ERR,ERR,ERR,ERR,ERR,ERR,ERR,ERR,ERR,ERR,ERR,ERR,ERR,ERR,ERR,ERR,ERR,ERR,ERR,ERR,ERR,ERR,ERR,ERR,ERR,ERR,ERR,ERR,ERR,ERR,ERR,ERR,ERR,ERR,ERR,ERR,ERR,ERR,ERR,ERR,ERR,ERR,ERR,ERR,ERR,ERR,ERR,ERR,ERR,ERR,ERR,ERR,ERR,ERR,0.0,-0.0,3.028208139652935e+23,0.0,0.0,1.3936040501711995e+18,7.805,0.0,0,0,4,0,7300,-0.0,0,0.0,0.0,0.0,0.0,0.0,0,0,0,0,0.0,0,0,0,0,0,0,0,0,0,0,0,0,0,0,0,0,0,0,0,0,0,0,0,0,0,0,0,0,0,0,0,0,0,32,30,30,62,65476,0,300,0,0,8,21553,0.0,-107605600.0,0.0,0.0,0.0,0.0,0.0,0.0,0.0,0.0,0.0,0.0,0.0,0.0,0.0,0.0,0.0,0.0,0.0,0.0,0.0,0.0,-0.0,-2.004,2.004,2.004,0.0,0.0,0.0,0.0,5552.0,0.0,6924.0,0.0,-0.0,-0.0,0.0,0.0,0.0,0.0,0.0,63,-3.2220267480110635e+26,-3.2220105148762786e+26,0.0,0.0,0.0,0.0,0.0,0.0,0.0,0,0,0,0.0,0.0,0.0,0.0,0.0,0.0,0.0,0.0,0.0,0.0,0.0,0.0,0.0,0.0,0.0,0.0,0,-107875648.0,63,0.0,126,2.7184242562605685e+23,2.842318642297501e+23,ERR,ERR,ERR,ERR,ERR,ERR,ERR,ERR,ERR,ERR,ERR,ERR,ERR,ERR,ERR,ERR,ERR,ERR,ERR,ERR,ERR,ERR,ERR,ERR,ERR,ERR,ERR,ERR,ERR,ERR,ERR,ERR,ERR,ERR,ERR,ERR,ERR,ERR,ERR,ERR,ERR,ERR,ERR,ERR,ERR,ERR,ERR,ERR,ERR,ERR,ERR,ERR,ERR,ERR,ERR,ERR,ERR,ERR,ERR,ERR,ERR,ERR,ERR,ERR,ERR,ERR,ERR,34.0,80.0,35,0.0,0.0,0.0,0.0,0.0,0.0,0.0,0.0,0.0,0.0,0.0,0.0,0.0,0.0,0.0,0.0,64.8,0,116,56,49,65476,0,300,0,0,8,20529,65476,0,0,57672,80.0,0.0,0.0,0.0,0.0,0.0
2026-06-17T04:55:06,ERR,ERR,ERR,ERR,ERR,ERR,ERR,ERR,ERR,ERR,ERR,ERR,ERR,ERR,ERR,ERR,ERR,ERR,ERR,ERR,ERR,ERR,ERR,ERR,ERR,ERR,ERR,ERR,ERR,ERR,ERR,ERR,ERR,ERR,ERR,ERR,ERR,ERR,ERR,ERR,ERR,ERR,ERR,ERR,ERR,ERR,ERR,ERR,ERR,ERR,ERR,ERR,ERR,ERR,ERR,ERR,ERR,ERR,ERR,ERR,ERR,ERR,ERR,ERR,ERR,ERR,ERR,ERR,ERR,ERR,ERR,ERR,ERR,ERR,ERR,ERR,ERR,ERR,ERR,ERR,ERR,ERR,ERR,ERR,ERR,ERR,ERR,ERR,ERR,ERR,ERR,ERR,ERR,ERR,ERR,ERR,ERR,ERR,ERR,ERR,ERR,ERR,ERR,ERR,ERR,ERR,ERR,ERR,ERR,ERR,ERR,ERR,ERR,ERR,ERR,ERR,ERR,ERR,ERR,ERR,ERR,ERR,ERR,ERR,ERR,0.0,-0.0,3.028208139652935e+23,0.0,0.0,1.3936040501711995e+18,7.805,0.0,0,0,4,0,7300,-0.0,0,0.0,0.0,0.0,0.0,0.0,0,0,0,0,0.0,0,0,0,0,0,0,0,0,0,0,0,0,0,0,0,0,0,0,0,0,0,0,0,0,0,0,0,0,0,0,0,0,0,32,30,30,62,65476,0,300,0,0,8,21553,0.0,-107605600.0,0.0,0.0,0.0,0.0,0.0,0.0,0.0,0.0,0.0,0.0,0.0,0.0,0.0,0.0,0.0,0.0,0.0,0.0,0.0,0.0,-0.0,-2.004,2.004,2.004,0.0,0.0,0.0,0.0,5552.0,0.0,6924.0,0.0,-0.0,-0.0,0.0,0.0,0.0,0.0,0.0,63,-3.2220267480110635e+26,-3.2220105148762786e+26,0.0,0.0,0.0,0.0,0.0,0.0,0.0,0,0,0,0.0,0.0,0.0,0.0,0.0,0.0,0.0,0.0,0.0,0.0,0.0,0.0,0.0,0.0,0.0,0.0,0,-107875648.0,63,0.0,126,2.7184242562605685e+23,2.842318642297501e+23,ERR,ERR,ERR,ERR,ERR,ERR,ERR,ERR,ERR,ERR,ERR,ERR,ERR,ERR,ERR,ERR,ERR,ERR,ERR,ERR,ERR,ERR,ERR,ERR,ERR,ERR,ERR,ERR,ERR,ERR,ERR,ERR,ERR,ERR,ERR,ERR,ERR,ERR,ERR,ERR,ERR,ERR,ERR,ERR,ERR,ERR,ERR,ERR,ERR,ERR,ERR,ERR,ERR,ERR,ERR,ERR,ERR,ERR,ERR,ERR,ERR,ERR,ERR,ERR,ERR,ERR,ERR,34.0,80.0,35,0.0,0.0,0.0,0.0,0.0,0.0,0.0,0.0,0.0,0.0,0.0,0.0,0.0,0.0,0.0,0.0,64.4,0,116,56,49,65476,0,300,0,0,8,20529,65476,0,0,57672,80.0,0.0,0.0,0.0,0.0,0.0
2026-06-17T04:55:07,ERR,ERR,ERR,ERR,ERR,ERR,ERR,ERR,ERR,ERR,ERR,ERR,ERR,ERR,ERR,ERR,ERR,ERR,ERR,ERR,ERR,ERR,ERR,ERR,ERR,ERR,ERR,ERR,ERR,ERR,ERR,ERR,ERR,ERR,ERR,ERR,ERR,ERR,ERR,ERR,ERR,ERR,ERR,ERR,ERR,ERR,ERR,ERR,ERR,ERR,ERR,ERR,ERR,ERR,ERR,ERR,ERR,ERR,ERR,ERR,ERR,ERR,ERR,ERR,ERR,ERR,ERR,ERR,ERR,ERR,ERR,ERR,ERR,ERR,ERR,ERR,ERR,ERR,ERR,ERR,ERR,ERR,ERR,ERR,ERR,ERR,ERR,ERR,ERR,ERR,ERR,ERR,ERR,ERR,ERR,ERR,ERR,ERR,ERR,ERR,ERR,ERR,ERR,ERR,ERR,ERR,ERR,ERR,ERR,ERR,ERR,ERR,ERR,ERR,ERR,ERR,ERR,ERR,ERR,ERR,ERR,ERR,ERR,ERR,ERR,0.0,-0.0,3.028208139652935e+23,0.0,0.0,1.3936040501711995e+18,7.805,0.0,0,0,4,0,7300,-0.0,0,0.0,0.0,0.0,0.0,0.0,0,0,0,0,0.0,0,0,0,0,0,0,0,0,0,0,0,0,0,0,0,0,0,0,0,0,0,0,0,0,0,0,0,0,0,0,0,0,0,32,30,30,62,65476,0,300,0,0,8,21553,0.0,-107605600.0,0.0,0.0,0.0,0.0,0.0,0.0,0.0,0.0,0.0,0.0,0.0,0.0,0.0,0.0,0.0,0.0,0.0,0.0,0.0,0.0,-0.0,-2.004,2.004,2.004,0.0,0.0,0.0,0.0,5552.0,0.0,6924.0,0.0,-0.0,-0.0,0.0,0.0,0.0,0.0,0.0,63,-3.2220267480110635e+26,-3.2220105148762786e+26,0.0,0.0,0.0,0.0,0.0,0.0,0.0,0,0,0,0.0,0.0,0.0,0.0,0.0,0.0,0.0,0.0,0.0,0.0,0.0,0.0,0.0,0.0,0.0,0.0,0,-107875648.0,63,0.0,126,2.7184242562605685e+23,2.842318642297501e+23,ERR,ERR,ERR,ERR,ERR,ERR,ERR,ERR,ERR,ERR,ERR,ERR,ERR,ERR,ERR,ERR,ERR,ERR,ERR,ERR,ERR,ERR,ERR,ERR,ERR,ERR,ERR,ERR,ERR,ERR,ERR,ERR,ERR,ERR,ERR,ERR,ERR,ERR,ERR,ERR,ERR,ERR,ERR,ERR,ERR,ERR,ERR,ERR,ERR,ERR,ERR,ERR,ERR,ERR,ERR,ERR,ERR,ERR,ERR,ERR,ERR,ERR,ERR,ERR,ERR,ERR,ERR,34.0,80.0,35,0.0,0.0,0.0,0.0,0.0,0.0,0.0,0.0,0.0,0.0,0.0,0.0,0.0,0.0,0.0,0.0,64.4,0,116,56,49,65476,0,300,0,0,8,20529,65476,0,0,57672,80.0,0.0,0.0,0.0,0.0,0.0
2026-06-17T04:55:08,ERR,ERR,ERR,ERR,ERR,ERR,ERR,ERR,ERR,ERR,ERR,ERR,ERR,ERR,ERR,ERR,ERR,ERR,ERR,ERR,ERR,ERR,ERR,ERR,ERR,ERR,ERR,ERR,ERR,ERR,ERR,ERR,ERR,ERR,ERR,ERR,ERR,ERR,ERR,ERR,ERR,ERR,ERR,ERR,ERR,ERR,ERR,ERR,ERR,ERR,ERR,ERR,ERR,ERR,ERR,ERR,ERR,ERR,ERR,ERR,ERR,ERR,ERR,ERR,ERR,ERR,ERR,ERR,ERR,ERR,ERR,ERR,ERR,ERR,ERR,ERR,ERR,ERR,ERR,ERR,ERR,ERR,ERR,ERR,ERR,ERR,ERR,ERR,ERR,ERR,ERR,ERR,ERR,ERR,ERR,ERR,ERR,ERR,ERR,ERR,ERR,ERR,ERR,ERR,ERR,ERR,ERR,ERR,ERR,ERR,ERR,ERR,ERR,ERR,ERR,ERR,ERR,ERR,ERR,ERR,ERR,ERR,ERR,ERR,ERR,0.0,-0.0,3.028208139652935e+23,0.0,0.0,1.3936040501711995e+18,7.805,0.0,0,0,4,0,7300,-0.0,0,0.0,0.0,0.0,0.0,0.0,0,0,0,0,0.0,0,0,0,0,0,0,0,0,0,0,0,0,0,0,0,0,0,0,0,0,0,0,0,0,0,0,0,0,0,0,0,0,0,32,30,30,62,65476,0,300,0,0,8,21553,0.0,-107605600.0,0.0,0.0,0.0,0.0,0.0,0.0,0.0,0.0,0.0,0.0,0.0,0.0,0.0,0.0,0.0,0.0,0.0,0.0,0.0,0.0,-0.0,-2.004,2.004,2.004,0.0,0.0,0.0,0.0,5552.0,0.0,6924.0,0.0,-0.0,-0.0,0.0,0.0,0.0,0.0,0.0,63,-3.2220267480110635e+26,-3.2220105148762786e+26,0.0,0.0,0.0,0.0,0.0,0.0,0.0,0,0,0,0.0,0.0,0.0,0.0,0.0,0.0,0.0,0.0,0.0,0.0,0.0,0.0,0.0,0.0,0.0,0.0,0,-107875648.0,63,0.0,126,2.7184242562605685e+23,2.842318642297501e+23,ERR,ERR,ERR,ERR,ERR,ERR,ERR,ERR,ERR,ERR,ERR,ERR,ERR,ERR,ERR,ERR,ERR,ERR,ERR,ERR,ERR,ERR,ERR,ERR,ERR,ERR,ERR,ERR,ERR,ERR,ERR,ERR,ERR,ERR,ERR,ERR,ERR,ERR,ERR,ERR,ERR,ERR,ERR,ERR,ERR,ERR,ERR,ERR,ERR,ERR,ERR,ERR,ERR,ERR,ERR,ERR,ERR,ERR,ERR,ERR,ERR,ERR,ERR,ERR,ERR,ERR,ERR,34.0,80.0,35,0.0,0.0,0.0,0.0,0.0,0.0,0.0,0.0,0.0,0.0,0.0,0.0,0.0,0.0,0.0,0.0,64.4,0,116,56,49,65476,0,300,0,0,8,20529,65476,0,0,57672,80.0,0.0,0.0,0.0,0.0,0.0
2026-06-17T04:55:09,ERR,ERR,ERR,ERR,ERR,ERR,ERR,ERR,ERR,ERR,ERR,ERR,ERR,ERR,ERR,ERR,ERR,ERR,ERR,ERR,ERR,ERR,ERR,ERR,ERR,ERR,ERR,ERR,ERR,ERR,ERR,ERR,ERR,ERR,ERR,ERR,ERR,ERR,ERR,ERR,ERR,ERR,ERR,ERR,ERR,ERR,ERR,ERR,ERR,ERR,ERR,ERR,ERR,ERR,ERR,ERR,ERR,ERR,ERR,ERR,ERR,ERR,ERR,ERR,ERR,ERR,ERR,ERR,ERR,ERR,ERR,ERR,ERR,ERR,ERR,ERR,ERR,ERR,ERR,ERR,ERR,ERR,ERR,ERR,ERR,ERR,ERR,ERR,ERR,ERR,ERR,ERR,ERR,ERR,ERR,ERR,ERR,ERR,ERR,ERR,ERR,ERR,ERR,ERR,ERR,ERR,ERR,ERR,ERR,ERR,ERR,ERR,ERR,ERR,ERR,ERR,ERR,ERR,ERR,ERR,ERR,ERR,ERR,ERR,ERR,0.0,-0.0,3.028208139652935e+23,0.0,0.0,1.3936040501711995e+18,7.805,0.0,0,0,4,0,7300,-0.0,0,0.0,0.0,0.0,0.0,0.0,0,0,0,0,0.0,0,0,0,0,0,0,0,0,0,0,0,0,0,0,0,0,0,0,0,0,0,0,0,0,0,0,0,0,0,0,0,0,0,32,30,30,62,65476,0,300,0,0,8,21553,0.0,-107605600.0,0.0,0.0,0.0,0.0,0.0,0.0,0.0,0.0,0.0,0.0,0.0,0.0,0.0,0.0,0.0,0.0,0.0,0.0,0.0,0.0,-0.0,-2.004,2.004,2.004,0.0,0.0,0.0,0.0,5552.0,0.0,6924.0,0.0,-0.0,-0.0,0.0,0.0,0.0,0.0,0.0,63,-3.2220267480110635e+26,-3.2220105148762786e+26,0.0,0.0,0.0,0.0,0.0,0.0,0.0,0,0,0,0.0,0.0,0.0,0.0,0.0,0.0,0.0,0.0,0.0,0.0,0.0,0.0,0.0,0.0,0.0,0.0,0,-107875648.0,63,0.0,126,2.7184242562605685e+23,2.842318642297501e+23,ERR,ERR,ERR,ERR,ERR,ERR,ERR,ERR,ERR,ERR,ERR,ERR,ERR,ERR,ERR,ERR,ERR,ERR,ERR,ERR,ERR,ERR,ERR,ERR,ERR,ERR,ERR,ERR,ERR,ERR,ERR,ERR,ERR,ERR,ERR,ERR,ERR,ERR,ERR,ERR,ERR,ERR,ERR,ERR,ERR,ERR,ERR,ERR,ERR,ERR,ERR,ERR,ERR,ERR,ERR,ERR,ERR,ERR,ERR,ERR,ERR,ERR,ERR,ERR,ERR,ERR,ERR,34.0,80.0,35,0.0,0.0,0.0,0.0,0.0,0.0,0.0,0.0,0.0,0.0,0.0,0.0,0.0,0.0,0.0,0.0,64.4,0,116,56,49,65476,0,300,0,0,8,20529,65476,0,0,57672,80.0,0.0,0.0,0.0,0.0,0.0
2026-06-17T04:55:10,ERR,ERR,ERR,ERR,ERR,ERR,ERR,ERR,ERR,ERR,ERR,ERR,ERR,ERR,ERR,ERR,ERR,ERR,ERR,ERR,ERR,ERR,ERR,ERR,ERR,ERR,ERR,ERR,ERR,ERR,ERR,ERR,ERR,ERR,ERR,ERR,ERR,ERR,ERR,ERR,ERR,ERR,ERR,ERR,ERR,ERR,ERR,ERR,ERR,ERR,ERR,ERR,ERR,ERR,ERR,ERR,ERR,ERR,ERR,ERR,ERR,ERR,ERR,ERR,ERR,ERR,ERR,ERR,ERR,ERR,ERR,ERR,ERR,ERR,ERR,ERR,ERR,ERR,ERR,ERR,ERR,ERR,ERR,ERR,ERR,ERR,ERR,ERR,ERR,ERR,ERR,ERR,ERR,ERR,ERR,ERR,ERR,ERR,ERR,ERR,ERR,ERR,ERR,ERR,ERR,ERR,ERR,ERR,ERR,ERR,ERR,ERR,ERR,ERR,ERR,ERR,ERR,ERR,ERR,ERR,ERR,ERR,ERR,ERR,ERR,0.0,-0.0,3.028208139652935e+23,0.0,0.0,1.3936040501711995e+18,7.805,0.0,0,0,4,0,7300,-0.0,0,0.0,0.0,0.0,0.0,0.0,0,0,0,0,0.0,0,0,0,0,0,0,0,0,0,0,0,0,0,0,0,0,0,0,0,0,0,0,0,0,0,0,0,0,0,0,0,0,0,32,30,30,62,65476,0,300,0,0,8,21553,0.0,-107605600.0,0.0,0.0,0.0,0.0,0.0,0.0,0.0,0.0,0.0,0.0,0.0,0.0,0.0,0.0,0.0,0.0,0.0,0.0,0.0,0.0,-0.0,-2.004,2.004,2.004,0.0,0.0,0.0,0.0,5552.0,-0.0,6932.0,0.0,-0.0,-0.0,0.0,0.0,0.0,0.0,0.0,63,-3.2220267480110635e+26,1.905689702338396e+17,0.0,0.0,0.0,0.0,0.0,0.0,0.0,0,0,0,0.0,0.0,0.0,0.0,0.0,0.0,0.0,0.0,0.0,0.0,0.0,0.0,0.0,0.0,0.0,0.0,0,-107875648.0,63,0.0,126,2.7184242562605685e+23,2.842318642297501e+23,ERR,ERR,ERR,ERR,ERR,ERR,ERR,ERR,ERR,ERR,ERR,ERR,ERR,ERR,ERR,ERR,ERR,ERR,ERR,ERR,ERR,ERR,ERR,ERR,ERR,ERR,ERR,ERR,ERR,ERR,ERR,ERR,ERR,ERR,ERR,ERR,ERR,ERR,ERR,ERR,ERR,ERR,ERR,ERR,ERR,ERR,ERR,ERR,ERR,ERR,ERR,ERR,ERR,ERR,ERR,ERR,ERR,ERR,ERR,ERR,ERR,ERR,ERR,ERR,ERR,ERR,ERR,34.0,80.0,35,0.0,0.0,0.0,0.0,0.0,0.0,0.0,0.0,0.0,0.0,0.0,0.0,0.0,0.0,0.0,0.0,64.4,0,116,56,49,65476,0,300,0,0,8,20529,65476,0,0,57672,80.0,0.0,0.0,0.0,0.0,0.0
2026-06-17T04:55:11,ERR,ERR,ERR,ERR,ERR,ERR,ERR,ERR,ERR,ERR,ERR,ERR,ERR,ERR,ERR,ERR,ERR,ERR,ERR,ERR,ERR,ERR,ERR,ERR,ERR,ERR,ERR,ERR,ERR,ERR,ERR,ERR,ERR,ERR,ERR,ERR,ERR,ERR,ERR,ERR,ERR,ERR,ERR,ERR,ERR,ERR,ERR,ERR,ERR,ERR,ERR,ERR,ERR,ERR,ERR,ERR,ERR,ERR,ERR,ERR,ERR,ERR,ERR,ERR,ERR,ERR,ERR,ERR,ERR,ERR,ERR,ERR,ERR,ERR,ERR,ERR,ERR,ERR,ERR,ERR,ERR,ERR,ERR,ERR,ERR,ERR,ERR,ERR,ERR,ERR,ERR,ERR,ERR,ERR,ERR,ERR,ERR,ERR,ERR,ERR,ERR,ERR,ERR,ERR,ERR,ERR,ERR,ERR,ERR,ERR,ERR,ERR,ERR,ERR,ERR,ERR,ERR,ERR,ERR,ERR,ERR,ERR,ERR,ERR,ERR,0.0,-0.0,3.028208139652935e+23,0.0,0.0,1.3936040501711995e+18,7.805,0.0,0,0,4,0,7300,-0.0,0,0.0,0.0,0.0,0.0,0.0,0,0,0,0,0.0,0,0,0,0,0,0,0,0,0,0,0,0,0,0,0,0,0,0,0,0,0,0,0,0,0,0,0,0,0,0,0,0,0,32,30,30,62,65476,0,300,0,0,8,21553,0.0,-107605600.0,0.0,0.0,0.0,0.0,0.0,0.0,0.0,0.0,0.0,0.0,0.0,0.0,0.0,0.0,0.0,0.0,0.0,0.0,0.0,0.0,-0.0,-2.004,2.004,2.004,0.0,0.0,0.0,0.0,5552.0,-0.0,6932.0,0.0,-0.0,-0.0,0.0,0.0,0.0,0.0,0.0,63,-3.2220267480110635e+26,1.905689702338396e+17,0.0,0.0,0.0,0.0,0.0,0.0,0.0,0,0,0,0.0,0.0,0.0,0.0,0.0,0.0,0.0,0.0,0.0,0.0,0.0,0.0,0.0,0.0,0.0,0.0,0,-107875648.0,63,0.0,126,2.7184242562605685e+23,2.842318642297501e+23,ERR,ERR,ERR,ERR,ERR,ERR,ERR,ERR,ERR,ERR,ERR,ERR,ERR,ERR,ERR,ERR,ERR,ERR,ERR,ERR,ERR,ERR,ERR,ERR,ERR,ERR,ERR,ERR,ERR,ERR,ERR,ERR,ERR,ERR,ERR,ERR,ERR,ERR,ERR,ERR,ERR,ERR,ERR,ERR,ERR,ERR,ERR,ERR,ERR,ERR,ERR,ERR,ERR,ERR,ERR,ERR,ERR,ERR,ERR,ERR,ERR,ERR,ERR,ERR,ERR,ERR,ERR,34.0,80.0,35,0.0,0.0,0.0,0.0,0.0,0.0,0.0,0.0,0.0,0.0,0.0,0.0,0.0,0.0,0.0,0.0,64.4,0,116,56,49,65476,0,300,0,0,8,20529,65476,0,0,57672,80.0,0.0,0.0,0.0,0.0,0.0
2026-06-17T04:55:12,ERR,ERR,ERR,ERR,ERR,ERR,ERR,ERR,ERR,ERR,ERR,ERR,ERR,ERR,ERR,ERR,ERR,ERR,ERR,ERR,ERR,ERR,ERR,ERR,ERR,ERR,ERR,ERR,ERR,ERR,ERR,ERR,ERR,ERR,ERR,ERR,ERR,ERR,ERR,ERR,ERR,ERR,ERR,ERR,ERR,ERR,ERR,ERR,ERR,ERR,ERR,ERR,ERR,ERR,ERR,ERR,ERR,ERR,ERR,ERR,ERR,ERR,ERR,ERR,ERR,ERR,ERR,ERR,ERR,ERR,ERR,ERR,ERR,ERR,ERR,ERR,ERR,ERR,ERR,ERR,ERR,ERR,ERR,ERR,ERR,ERR,ERR,ERR,ERR,ERR,ERR,ERR,ERR,ERR,ERR,ERR,ERR,ERR,ERR,ERR,ERR,ERR,ERR,ERR,ERR,ERR,ERR,ERR,ERR,ERR,ERR,ERR,ERR,ERR,ERR,ERR,ERR,ERR,ERR,ERR,ERR,ERR,ERR,ERR,ERR,0.0,-0.0,3.028208139652935e+23,0.0,0.0,1.3936040501711995e+18,7.805,0.0,0,0,4,0,7300,-0.0,0,0.0,0.0,0.0,0.0,0.0,0,0,0,0,0.0,0,0,0,0,0,0,0,0,0,0,0,0,0,0,0,0,0,0,0,0,0,0,0,0,0,0,0,0,0,0,0,0,0,32,30,30,62,65476,0,300,0,0,8,21553,0.0,-107605600.0,0.0,0.0,0.0,0.0,0.0,0.0,0.0,0.0,0.0,0.0,0.0,0.0,0.0,0.0,0.0,0.0,0.0,0.0,0.0,0.0,-0.0,-2.004,2.004,2.004,0.0,0.0,0.0,0.0,5552.0,-0.0,6932.0,0.0,-0.0,-0.0,0.0,0.0,0.0,0.0,0.0,63,-3.2220267480110635e+26,1.905689702338396e+17,0.0,0.0,0.0,0.0,0.0,0.0,0.0,0,0,0,0.0,0.0,0.0,0.0,0.0,0.0,0.0,0.0,0.0,0.0,0.0,0.0,0.0,0.0,0.0,0.0,0,-107875648.0,63,0.0,126,2.7184242562605685e+23,2.842318642297501e+23,ERR,ERR,ERR,ERR,ERR,ERR,ERR,ERR,ERR,ERR,ERR,ERR,ERR,ERR,ERR,ERR,ERR,ERR,ERR,ERR,ERR,ERR,ERR,ERR,ERR,ERR,ERR,ERR,ERR,ERR,ERR,ERR,ERR,ERR,ERR,ERR,ERR,ERR,ERR,ERR,ERR,ERR,ERR,ERR,ERR,ERR,ERR,ERR,ERR,ERR,ERR,ERR,ERR,ERR,ERR,ERR,ERR,ERR,ERR,ERR,ERR,ERR,ERR,ERR,ERR,ERR,ERR,34.0,80.0,35,0.0,0.0,0.0,0.0,0.0,0.0,0.0,0.0,0.0,0.0,0.0,0.0,0.0,0.0,0.0,0.0,64.4,0,116,56,49,65476,0,300,0,0,8,20529,65476,0,0,57672,80.0,0.0,0.0,0.0,0.0,0.0
2026-06-17T04:55:13,ERR,ERR,ERR,ERR,ERR,ERR,ERR,ERR,ERR,ERR,ERR,ERR,ERR,ERR,ERR,ERR,ERR,ERR,ERR,ERR,ERR,ERR,ERR,ERR,ERR,ERR,ERR,ERR,ERR,ERR,ERR,ERR,ERR,ERR,ERR,ERR,ERR,ERR,ERR,ERR,ERR,ERR,ERR,ERR,ERR,ERR,ERR,ERR,ERR,ERR,ERR,ERR,ERR,ERR,ERR,ERR,ERR,ERR,ERR,ERR,ERR,ERR,ERR,ERR,ERR,ERR,ERR,ERR,ERR,ERR,ERR,ERR,ERR,ERR,ERR,ERR,ERR,ERR,ERR,ERR,ERR,ERR,ERR,ERR,ERR,ERR,ERR,ERR,ERR,ERR,ERR,ERR,ERR,ERR,ERR,ERR,ERR,ERR,ERR,ERR,ERR,ERR,ERR,ERR,ERR,ERR,ERR,ERR,ERR,ERR,ERR,ERR,ERR,ERR,ERR,ERR,ERR,ERR,ERR,ERR,ERR,ERR,ERR,ERR,ERR,0.0,-0.0,3.028208139652935e+23,0.0,0.0,1.3936040501711995e+18,7.805,0.0,0,0,4,0,7300,-0.0,0,0.0,0.0,0.0,0.0,0.0,0,0,0,0,0.0,0,0,0,0,0,0,0,0,0,0,0,0,0,0,0,0,0,0,0,0,0,0,0,0,0,0,0,0,0,0,0,0,0,32,30,30,62,65476,0,300,0,0,8,21553,0.0,-107605600.0,0.0,0.0,0.0,0.0,0.0,0.0,0.0,0.0,0.0,0.0,0.0,0.0,0.0,0.0,0.0,0.0,0.0,0.0,0.0,0.0,-0.0,-2.004,2.004,2.004,0.0,0.0,0.0,0.0,5552.0,-0.0,6932.0,0.0,-0.0,-0.0,0.0,0.0,0.0,0.0,0.0,63,-3.2220267480110635e+26,1.905689702338396e+17,0.0,0.0,0.0,0.0,0.0,0.0,0.0,0,0,0,0.0,0.0,0.0,0.0,0.0,0.0,0.0,0.0,0.0,0.0,0.0,0.0,0.0,0.0,0.0,0.0,0,-107875648.0,63,0.0,126,2.7184242562605685e+23,2.842318642297501e+23,ERR,ERR,ERR,ERR,ERR,ERR,ERR,ERR,ERR,ERR,ERR,ERR,ERR,ERR,ERR,ERR,ERR,ERR,ERR,ERR,ERR,ERR,ERR,ERR,ERR,ERR,ERR,ERR,ERR,ERR,ERR,ERR,ERR,ERR,ERR,ERR,ERR,ERR,ERR,ERR,ERR,ERR,ERR,ERR,ERR,ERR,ERR,ERR,ERR,ERR,ERR,ERR,ERR,ERR,ERR,ERR,ERR,ERR,ERR,ERR,ERR,ERR,ERR,ERR,ERR,ERR,ERR,34.0,80.0,35,0.0,0.0,0.0,0.0,0.0,0.0,0.0,0.0,0.0,0.0,0.0,0.0,0.0,0.0,0.0,0.0,64.4,0,116,56,49,65476,0,300,0,0,8,20529,65476,0,0,57672,80.0,0.0,0.0,0.0,0.0,0.0
2026-06-17T04:55:14,ERR,ERR,ERR,ERR,ERR,ERR,ERR,ERR,ERR,ERR,ERR,ERR,ERR,ERR,ERR,ERR,ERR,ERR,ERR,ERR,ERR,ERR,ERR,ERR,ERR,ERR,ERR,ERR,ERR,ERR,ERR,ERR,ERR,ERR,ERR,ERR,ERR,ERR,ERR,ERR,ERR,ERR,ERR,ERR,ERR,ERR,ERR,ERR,ERR,ERR,ERR,ERR,ERR,ERR,ERR,ERR,ERR,ERR,ERR,ERR,ERR,ERR,ERR,ERR,ERR,ERR,ERR,ERR,ERR,ERR,ERR,ERR,ERR,ERR,ERR,ERR,ERR,ERR,ERR,ERR,ERR,ERR,ERR,ERR,ERR,ERR,ERR,ERR,ERR,ERR,ERR,ERR,ERR,ERR,ERR,ERR,ERR,ERR,ERR,ERR,ERR,ERR,ERR,ERR,ERR,ERR,ERR,ERR,ERR,ERR,ERR,ERR,ERR,ERR,ERR,ERR,ERR,ERR,ERR,ERR,ERR,ERR,ERR,ERR,ERR,0.0,-0.0,3.028208139652935e+23,0.0,0.0,1.3936040501711995e+18,7.805,0.0,0,0,4,0,7300,-0.0,0,0.0,0.0,0.0,0.0,0.0,0,0,0,0,0.0,0,0,0,0,0,0,0,0,0,0,0,0,0,0,0,0,0,0,0,0,0,0,0,0,0,0,0,0,0,0,0,0,0,32,30,30,62,65476,0,300,0,0,8,21553,0.0,-107605600.0,0.0,0.0,0.0,0.0,0.0,0.0,0.0,0.0,0.0,0.0,0.0,0.0,0.0,0.0,0.0,0.0,0.0,0.0,0.0,0.0,-0.0,-2.004,2.004,2.004,0.0,0.0,0.0,0.0,5552.0,-0.0,6932.0,0.0,-0.0,-0.0,0.0,0.0,0.0,0.0,0.0,63,-3.2220267480110635e+26,1.905689702338396e+17,0.0,0.0,0.0,0.0,0.0,0.0,0.0,0,0,0,0.0,0.0,0.0,0.0,0.0,0.0,0.0,0.0,0.0,0.0,0.0,0.0,0.0,0.0,0.0,0.0,0,-107875648.0,63,0.0,126,2.7184242562605685e+23,2.842318642297501e+23,ERR,ERR,ERR,ERR,ERR,ERR,ERR,ERR,ERR,ERR,ERR,ERR,ERR,ERR,ERR,ERR,ERR,ERR,ERR,ERR,ERR,ERR,ERR,ERR,ERR,ERR,ERR,ERR,ERR,ERR,ERR,ERR,ERR,ERR,ERR,ERR,ERR,ERR,ERR,ERR,ERR,ERR,ERR,ERR,ERR,ERR,ERR,ERR,ERR,ERR,ERR,ERR,ERR,ERR,ERR,ERR,ERR,ERR,ERR,ERR,ERR,ERR,ERR,ERR,ERR,ERR,ERR,34.0,80.0,35,0.0,0.0,0.0,0.0,0.0,0.0,0.0,0.0,0.0,0.0,0.0,0.0,0.0,0.0,0.0,0.0,64.4,0,116,56,49,65476,0,300,0,0,8,20529,65476,0,0,57672,80.0,0.0,0.0,0.0,0.0,0.0
2026-06-17T04:55:15,ERR,ERR,ERR,ERR,ERR,ERR,ERR,ERR,ERR,ERR,ERR,ERR,ERR,ERR,ERR,ERR,ERR,ERR,ERR,ERR,ERR,ERR,ERR,ERR,ERR,ERR,ERR,ERR,ERR,ERR,ERR,ERR,ERR,ERR,ERR,ERR,ERR,ERR,ERR,ERR,ERR,ERR,ERR,ERR,ERR,ERR,ERR,ERR,ERR,ERR,ERR,ERR,ERR,ERR,ERR,ERR,ERR,ERR,ERR,ERR,ERR,ERR,ERR,ERR,ERR,ERR,ERR,ERR,ERR,ERR,ERR,ERR,ERR,ERR,ERR,ERR,ERR,ERR,ERR,ERR,ERR,ERR,ERR,ERR,ERR,ERR,ERR,ERR,ERR,ERR,ERR,ERR,ERR,ERR,ERR,ERR,ERR,ERR,ERR,ERR,ERR,ERR,ERR,ERR,ERR,ERR,ERR,ERR,ERR,ERR,ERR,ERR,ERR,ERR,ERR,ERR,ERR,ERR,ERR,ERR,ERR,ERR,ERR,ERR,ERR,0.0,-0.0,3.028208139652935e+23,0.0,0.0,1.3936040501711995e+18,7.805,0.0,0,0,4,0,7300,-0.0,0,0.0,0.0,0.0,0.0,0.0,0,0,0,0,0.0,0,0,0,0,0,0,0,0,0,0,0,0,0,0,0,0,0,0,0,0,0,0,0,0,0,0,0,0,0,0,0,0,0,32,30,30,62,65476,0,300,0,0,8,21553,0.0,-107605600.0,0.0,0.0,0.0,0.0,0.0,0.0,0.0,0.0,0.0,0.0,0.0,0.0,0.0,0.0,0.0,0.0,0.0,0.0,0.0,0.0,-0.0,-2.004,2.004,2.004,0.0,0.0,0.0,0.0,5552.0,-0.0,6932.0,0.0,-0.0,-0.0,0.0,0.0,0.0,0.0,0.0,63,-3.2220267480110635e+26,1.905689702338396e+17,0.0,0.0,0.0,0.0,0.0,0.0,0.0,0,0,0,0.0,0.0,0.0,0.0,0.0,0.0,0.0,0.0,0.0,0.0,0.0,0.0,0.0,0.0,0.0,0.0,0,-107875648.0,63,0.0,126,2.7184242562605685e+23,2.842318642297501e+23,ERR,ERR,ERR,ERR,ERR,ERR,ERR,ERR,ERR,ERR,ERR,ERR,ERR,ERR,ERR,ERR,ERR,ERR,ERR,ERR,ERR,ERR,ERR,ERR,ERR,ERR,ERR,ERR,ERR,ERR,ERR,ERR,ERR,ERR,ERR,ERR,ERR,ERR,ERR,ERR,ERR,ERR,ERR,ERR,ERR,ERR,ERR,ERR,ERR,ERR,ERR,ERR,ERR,ERR,ERR,ERR,ERR,ERR,ERR,ERR,ERR,ERR,ERR,ERR,ERR,ERR,ERR,34.0,80.0,35,0.0,0.0,0.0,0.0,0.0,0.0,0.0,0.0,0.0,0.0,0.0,0.0,0.0,0.0,0.0,0.0,64.4,0,116,56,49,65476,0,300,0,0,8,20529,65476,0,0,57672,80.0,0.0,0.0,0.0,0.0,0.0
2026-06-17T04:55:16,ERR,ERR,ERR,ERR,ERR,ERR,ERR,ERR,ERR,ERR,ERR,ERR,ERR,ERR,ERR,ERR,ERR,ERR,ERR,ERR,ERR,ERR,ERR,ERR,ERR,ERR,ERR,ERR,ERR,ERR,ERR,ERR,ERR,ERR,ERR,ERR,ERR,ERR,ERR,ERR,ERR,ERR,ERR,ERR,ERR,ERR,ERR,ERR,ERR,ERR,ERR,ERR,ERR,ERR,ERR,ERR,ERR,ERR,ERR,ERR,ERR,ERR,ERR,ERR,ERR,ERR,ERR,ERR,ERR,ERR,ERR,ERR,ERR,ERR,ERR,ERR,ERR,ERR,ERR,ERR,ERR,ERR,ERR,ERR,ERR,ERR,ERR,ERR,ERR,ERR,ERR,ERR,ERR,ERR,ERR,ERR,ERR,ERR,ERR,ERR,ERR,ERR,ERR,ERR,ERR,ERR,ERR,ERR,ERR,ERR,ERR,ERR,ERR,ERR,ERR,ERR,ERR,ERR,ERR,ERR,ERR,ERR,ERR,ERR,ERR,0.0,-0.0,3.028208139652935e+23,0.0,0.0,1.3936040501711995e+18,7.805,0.0,0,0,4,0,7300,-0.0,0,0.0,0.0,0.0,0.0,0.0,0,0,0,0,0.0,0,0,0,0,0,0,0,0,0,0,0,0,0,0,0,0,0,0,0,0,0,0,0,0,0,0,0,0,0,0,0,0,0,32,30,30,62,65476,0,300,0,0,8,21553,0.0,-107605600.0,0.0,0.0,0.0,0.0,0.0,0.0,0.0,0.0,0.0,0.0,0.0,0.0,0.0,0.0,0.0,0.0,0.0,0.0,0.0,0.0,2.004,-2.004,2.004,2.004,0.0,0.0,0.0,0.0,5585.0,0.0,6915.0,0.0,-0.0,-0.0,0.0,0.0,0.0,0.0,0.0,63,-4.066878214320265e+29,-152017649532928.0,0.0,0.0,0.0,0.0,0.0,0.0,0.0,0,0,0,0.0,0.0,0.0,0.0,0.0,0.0,0.0,0.0,0.0,0.0,0.0,0.0,0.0,0.0,0.0,0.0,0,-107875648.0,63,0.0,126,2.7184242562605685e+23,2.842318642297501e+23,ERR,ERR,ERR,ERR,ERR,ERR,ERR,ERR,ERR,ERR,ERR,ERR,ERR,ERR,ERR,ERR,ERR,ERR,ERR,ERR,ERR,ERR,ERR,ERR,ERR,ERR,ERR,ERR,ERR,ERR,ERR,ERR,ERR,ERR,ERR,ERR,ERR,ERR,ERR,ERR,ERR,ERR,ERR,ERR,ERR,ERR,ERR,ERR,ERR,ERR,ERR,ERR,ERR,ERR,ERR,ERR,ERR,ERR,ERR,ERR,ERR,ERR,ERR,ERR,ERR,ERR,ERR,34.0,80.0,35,0.0,0.0,0.0,0.0,0.0,0.0,0.0,0.0,0.0,0.0,0.0,0.0,0.0,0.0,0.0,0.0,64.4,0,116,56,49,65476,0,300,0,0,8,20529,65476,0,0,57672,80.0,0.0,0.0,0.0,0.0,0.0
2026-06-17T04:55:17,ERR,ERR,ERR,ERR,ERR,ERR,ERR,ERR,ERR,ERR,ERR,ERR,ERR,ERR,ERR,ERR,ERR,ERR,ERR,ERR,ERR,ERR,ERR,ERR,ERR,ERR,ERR,ERR,ERR,ERR,ERR,ERR,ERR,ERR,ERR,ERR,ERR,ERR,ERR,ERR,ERR,ERR,ERR,ERR,ERR,ERR,ERR,ERR,ERR,ERR,ERR,ERR,ERR,ERR,ERR,ERR,ERR,ERR,ERR,ERR,ERR,ERR,ERR,ERR,ERR,ERR,ERR,ERR,ERR,ERR,ERR,ERR,ERR,ERR,ERR,ERR,ERR,ERR,ERR,ERR,ERR,ERR,ERR,ERR,ERR,ERR,ERR,ERR,ERR,ERR,ERR,ERR,ERR,ERR,ERR,ERR,ERR,ERR,ERR,ERR,ERR,ERR,ERR,ERR,ERR,ERR,ERR,ERR,ERR,ERR,ERR,ERR,ERR,ERR,ERR,ERR,ERR,ERR,ERR,ERR,ERR,ERR,ERR,ERR,ERR,0.0,-0.0,3.028208139652935e+23,0.0,0.0,1.3936040501711995e+18,7.805,0.0,0,0,4,0,7300,-0.0,0,0.0,0.0,0.0,0.0,0.0,0,0,0,0,0.0,0,0,0,0,0,0,0,0,0,0,0,0,0,0,0,0,0,0,0,0,0,0,0,0,0,0,0,0,0,0,0,0,0,32,30,30,62,65476,0,300,0,0,8,21553,0.0,-107605600.0,0.0,0.0,0.0,0.0,0.0,0.0,0.0,0.0,0.0,0.0,0.0,0.0,0.0,0.0,0.0,0.0,0.0,0.0,0.0,0.0,2.004,-2.004,2.004,2.004,0.0,0.0,0.0,0.0,5585.0,0.0,6915.0,0.0,-0.0,-0.0,0.0,0.0,0.0,0.0,0.0,63,-4.066878214320265e+29,-152017649532928.0,0.0,0.0,0.0,0.0,0.0,0.0,0.0,0,0,0,0.0,0.0,0.0,0.0,0.0,0.0,0.0,0.0,0.0,0.0,0.0,0.0,0.0,0.0,0.0,0.0,0,-107875648.0,63,0.0,126,2.7184242562605685e+23,2.842318642297501e+23,ERR,ERR,ERR,ERR,ERR,ERR,ERR,ERR,ERR,ERR,ERR,ERR,ERR,ERR,ERR,ERR,ERR,ERR,ERR,ERR,ERR,ERR,ERR,ERR,ERR,ERR,ERR,ERR,ERR,ERR,ERR,ERR,ERR,ERR,ERR,ERR,ERR,ERR,ERR,ERR,ERR,ERR,ERR,ERR,ERR,ERR,ERR,ERR,ERR,ERR,ERR,ERR,ERR,ERR,ERR,ERR,ERR,ERR,ERR,ERR,ERR,ERR,ERR,ERR,ERR,ERR,ERR,34.0,80.0,35,0.0,0.0,0.0,0.0,0.0,0.0,0.0,0.0,0.0,0.0,0.0,0.0,0.0,0.0,0.0,0.0,64.4,0,116,56,49,65476,0,300,0,0,8,20529,65476,0,0,57672,80.0,0.0,0.0,0.0,0.0,0.0
2026-06-17T04:55:18,ERR,ERR,ERR,ERR,ERR,ERR,ERR,ERR,ERR,ERR,ERR,ERR,ERR,ERR,ERR,ERR,ERR,ERR,ERR,ERR,ERR,ERR,ERR,ERR,ERR,ERR,ERR,ERR,ERR,ERR,ERR,ERR,ERR,ERR,ERR,ERR,ERR,ERR,ERR,ERR,ERR,ERR,ERR,ERR,ERR,ERR,ERR,ERR,ERR,ERR,ERR,ERR,ERR,ERR,ERR,ERR,ERR,ERR,ERR,ERR,ERR,ERR,ERR,ERR,ERR,ERR,ERR,ERR,ERR,ERR,ERR,ERR,ERR,ERR,ERR,ERR,ERR,ERR,ERR,ERR,ERR,ERR,ERR,ERR,ERR,ERR,ERR,ERR,ERR,ERR,ERR,ERR,ERR,ERR,ERR,ERR,ERR,ERR,ERR,ERR,ERR,ERR,ERR,ERR,ERR,ERR,ERR,ERR,ERR,ERR,ERR,ERR,ERR,ERR,ERR,ERR,ERR,ERR,ERR,ERR,ERR,ERR,ERR,ERR,ERR,0.0,-0.0,3.028208139652935e+23,0.0,0.0,1.3936040501711995e+18,7.805,0.0,0,0,4,0,7300,-0.0,0,0.0,0.0,0.0,0.0,0.0,0,0,0,0,0.0,0,0,0,0,0,0,0,0,0,0,0,0,0,0,0,0,0,0,0,0,0,0,0,0,0,0,0,0,0,0,0,0,0,32,30,30,62,65476,0,300,0,0,8,21553,0.0,-107605600.0,0.0,0.0,0.0,0.0,0.0,0.0,0.0,0.0,0.0,0.0,0.0,0.0,0.0,0.0,0.0,0.0,0.0,0.0,0.0,0.0,2.004,-2.004,2.004,2.004,0.0,0.0,0.0,0.0,5585.0,0.0,6915.0,0.0,-0.0,-0.0,0.0,0.0,0.0,0.0,0.0,63,-4.066878214320265e+29,-152017649532928.0,0.0,0.0,0.0,0.0,0.0,0.0,0.0,0,0,0,0.0,0.0,0.0,0.0,0.0,0.0,0.0,0.0,0.0,0.0,0.0,0.0,0.0,0.0,0.0,0.0,0,-107875648.0,63,0.0,126,2.7184242562605685e+23,2.842318642297501e+23,ERR,ERR,ERR,ERR,ERR,ERR,ERR,ERR,ERR,ERR,ERR,ERR,ERR,ERR,ERR,ERR,ERR,ERR,ERR,ERR,ERR,ERR,ERR,ERR,ERR,ERR,ERR,ERR,ERR,ERR,ERR,ERR,ERR,ERR,ERR,ERR,ERR,ERR,ERR,ERR,ERR,ERR,ERR,ERR,ERR,ERR,ERR,ERR,ERR,ERR,ERR,ERR,ERR,ERR,ERR,ERR,ERR,ERR,ERR,ERR,ERR,ERR,ERR,ERR,ERR,ERR,ERR,34.0,80.0,35,0.0,0.0,0.0,0.0,0.0,0.0,0.0,0.0,0.0,0.0,0.0,0.0,0.0,0.0,0.0,0.0,64.4,0,116,56,49,65476,0,300,0,0,8,20529,65476,0,0,57672,80.0,0.0,0.0,0.0,0.0,0.0
2026-06-17T04:55:19,ERR,ERR,ERR,ERR,ERR,ERR,ERR,ERR,ERR,ERR,ERR,ERR,ERR,ERR,ERR,ERR,ERR,ERR,ERR,ERR,ERR,ERR,ERR,ERR,ERR,ERR,ERR,ERR,ERR,ERR,ERR,ERR,ERR,ERR,ERR,ERR,ERR,ERR,ERR,ERR,ERR,ERR,ERR,ERR,ERR,ERR,ERR,ERR,ERR,ERR,ERR,ERR,ERR,ERR,ERR,ERR,ERR,ERR,ERR,ERR,ERR,ERR,ERR,ERR,ERR,ERR,ERR,ERR,ERR,ERR,ERR,ERR,ERR,ERR,ERR,ERR,ERR,ERR,ERR,ERR,ERR,ERR,ERR,ERR,ERR,ERR,ERR,ERR,ERR,ERR,ERR,ERR,ERR,ERR,ERR,ERR,ERR,ERR,ERR,ERR,ERR,ERR,ERR,ERR,ERR,ERR,ERR,ERR,ERR,ERR,ERR,ERR,ERR,ERR,ERR,ERR,ERR,ERR,ERR,ERR,ERR,ERR,ERR,ERR,ERR,0.0,-0.0,3.028208139652935e+23,0.0,0.0,1.3936040501711995e+18,7.805,0.0,0,0,4,0,7300,-0.0,0,0.0,0.0,0.0,0.0,0.0,0,0,0,0,0.0,0,0,0,0,0,0,0,0,0,0,0,0,0,0,0,0,0,0,0,0,0,0,0,0,0,0,0,0,0,0,0,0,0,32,30,30,62,65476,0,300,0,0,8,21553,0.0,-107605600.0,0.0,0.0,0.0,0.0,0.0,0.0,0.0,0.0,0.0,0.0,0.0,0.0,0.0,0.0,0.0,0.0,0.0,0.0,0.0,0.0,2.004,-2.004,2.004,2.004,0.0,0.0,0.0,0.0,5585.0,0.0,6915.0,0.0,-0.0,-0.0,0.0,0.0,0.0,0.0,0.0,63,-4.066878214320265e+29,-152017649532928.0,0.0,0.0,0.0,0.0,0.0,0.0,0.0,0,0,0,0.0,0.0,0.0,0.0,0.0,0.0,0.0,0.0,0.0,0.0,0.0,0.0,0.0,0.0,0.0,0.0,0,-107875648.0,63,0.0,126,2.7184242562605685e+23,2.842318642297501e+23,ERR,ERR,ERR,ERR,ERR,ERR,ERR,ERR,ERR,ERR,ERR,ERR,ERR,ERR,ERR,ERR,ERR,ERR,ERR,ERR,ERR,ERR,ERR,ERR,ERR,ERR,ERR,ERR,ERR,ERR,ERR,ERR,ERR,ERR,ERR,ERR,ERR,ERR,ERR,ERR,ERR,ERR,ERR,ERR,ERR,ERR,ERR,ERR,ERR,ERR,ERR,ERR,ERR,ERR,ERR,ERR,ERR,ERR,ERR,ERR,ERR,ERR,ERR,ERR,ERR,ERR,ERR,34.0,80.0,35,0.0,0.0,0.0,0.0,0.0,0.0,0.0,0.0,0.0,0.0,0.0,0.0,0.0,0.0,0.0,0.0,64.4,0,116,56,49,65476,0,300,0,0,8,20529,65476,0,0,57672,80.0,0.0,0.0,0.0,0.0,0.0
2026-06-17T04:55:20,ERR,ERR,ERR,ERR,ERR,ERR,ERR,ERR,ERR,ERR,ERR,ERR,ERR,ERR,ERR,ERR,ERR,ERR,ERR,ERR,ERR,ERR,ERR,ERR,ERR,ERR,ERR,ERR,ERR,ERR,ERR,ERR,ERR,ERR,ERR,ERR,ERR,ERR,ERR,ERR,ERR,ERR,ERR,ERR,ERR,ERR,ERR,ERR,ERR,ERR,ERR,ERR,ERR,ERR,ERR,ERR,ERR,ERR,ERR,ERR,ERR,ERR,ERR,ERR,ERR,ERR,ERR,ERR,ERR,ERR,ERR,ERR,ERR,ERR,ERR,ERR,ERR,ERR,ERR,ERR,ERR,ERR,ERR,ERR,ERR,ERR,ERR,ERR,ERR,ERR,ERR,ERR,ERR,ERR,ERR,ERR,ERR,ERR,ERR,ERR,ERR,ERR,ERR,ERR,ERR,ERR,ERR,ERR,ERR,ERR,ERR,ERR,ERR,ERR,ERR,ERR,ERR,ERR,ERR,ERR,ERR,ERR,ERR,ERR,ERR,0.0,-0.0,3.028208139652935e+23,0.0,0.0,1.3936040501711995e+18,7.805,0.0,0,0,4,0,7300,-0.0,0,0.0,0.0,0.0,0.0,0.0,0,0,0,0,0.0,0,0,0,0,0,0,0,0,0,0,0,0,0,0,0,0,0,0,0,0,0,0,0,0,0,0,0,0,0,0,0,0,0,32,30,30,62,65476,0,300,0,0,8,21553,0.0,-107605600.0,0.0,0.0,0.0,0.0,0.0,0.0,0.0,0.0,0.0,0.0,0.0,0.0,0.0,0.0,0.0,0.0,0.0,0.0,0.0,0.0,2.004,-2.004,2.004,2.004,0.0,0.0,0.0,0.0,5585.0,0.0,6915.0,0.0,-0.0,-0.0,0.0,0.0,0.0,0.0,0.0,63,-4.066878214320265e+29,-152017649532928.0,0.0,0.0,0.0,0.0,0.0,0.0,0.0,0,0,0,0.0,0.0,0.0,0.0,0.0,0.0,0.0,0.0,0.0,0.0,0.0,0.0,0.0,0.0,0.0,0.0,0,-107875648.0,63,0.0,126,2.7184242562605685e+23,2.842318642297501e+23,ERR,ERR,ERR,ERR,ERR,ERR,ERR,ERR,ERR,ERR,ERR,ERR,ERR,ERR,ERR,ERR,ERR,ERR,ERR,ERR,ERR,ERR,ERR,ERR,ERR,ERR,ERR,ERR,ERR,ERR,ERR,ERR,ERR,ERR,ERR,ERR,ERR,ERR,ERR,ERR,ERR,ERR,ERR,ERR,ERR,ERR,ERR,ERR,ERR,ERR,ERR,ERR,ERR,ERR,ERR,ERR,ERR,ERR,ERR,ERR,ERR,ERR,ERR,ERR,ERR,ERR,ERR,34.0,80.0,35,0.0,0.0,0.0,0.0,0.0,0.0,0.0,0.0,0.0,0.0,0.0,0.0,0.0,0.0,0.0,0.0,64.4,0,116,56,49,65476,0,300,0,0,8,20529,65476,0,0,57672,80.0,0.0,0.0,0.0,0.0,0.0
2026-06-17T04:55:21,ERR,ERR,ERR,ERR,ERR,ERR,ERR,ERR,ERR,ERR,ERR,ERR,ERR,ERR,ERR,ERR,ERR,ERR,ERR,ERR,ERR,ERR,ERR,ERR,ERR,ERR,ERR,ERR,ERR,ERR,ERR,ERR,ERR,ERR,ERR,ERR,ERR,ERR,ERR,ERR,ERR,ERR,ERR,ERR,ERR,ERR,ERR,ERR,ERR,ERR,ERR,ERR,ERR,ERR,ERR,ERR,ERR,ERR,ERR,ERR,ERR,ERR,ERR,ERR,ERR,ERR,ERR,ERR,ERR,ERR,ERR,ERR,ERR,ERR,ERR,ERR,ERR,ERR,ERR,ERR,ERR,ERR,ERR,ERR,ERR,ERR,ERR,ERR,ERR,ERR,ERR,ERR,ERR,ERR,ERR,ERR,ERR,ERR,ERR,ERR,ERR,ERR,ERR,ERR,ERR,ERR,ERR,ERR,ERR,ERR,ERR,ERR,ERR,ERR,ERR,ERR,ERR,ERR,ERR,ERR,ERR,ERR,ERR,ERR,ERR,0.0,-0.0,3.028208139652935e+23,0.0,0.0,1.3936040501711995e+18,7.805,0.0,0,0,4,0,7300,-0.0,0,0.0,0.0,0.0,0.0,0.0,0,0,0,0,0.0,0,0,0,0,0,0,0,0,0,0,0,0,0,0,0,0,0,0,0,0,0,0,0,0,0,0,0,0,0,0,0,0,0,32,30,30,62,65476,0,300,0,0,8,21553,0.0,-107605600.0,0.0,0.0,0.0,0.0,0.0,0.0,0.0,0.0,0.0,0.0,0.0,0.0,0.0,0.0,0.0,0.0,0.0,0.0,0.0,0.0,2.004,-2.004,2.004,2.004,0.0,0.0,0.0,0.0,5585.0,0.0,6919.0,0.0,-0.0,-0.0,0.0,0.0,0.0,0.0,0.0,63,-3.2220267480110635e+26,0.0,0.0,0.0,0.0,0.0,0.0,0.0,0.0,0,0,0,0.0,0.0,0.0,0.0,0.0,0.0,0.0,0.0,0.0,0.0,0.0,0.0,0.0,0.0,0.0,0.0,0,-107875648.0,63,0.0,126,2.7184242562605685e+23,2.842318642297501e+23,ERR,ERR,ERR,ERR,ERR,ERR,ERR,ERR,ERR,ERR,ERR,ERR,ERR,ERR,ERR,ERR,ERR,ERR,ERR,ERR,ERR,ERR,ERR,ERR,ERR,ERR,ERR,ERR,ERR,ERR,ERR,ERR,ERR,ERR,ERR,ERR,ERR,ERR,ERR,ERR,ERR,ERR,ERR,ERR,ERR,ERR,ERR,ERR,ERR,ERR,ERR,ERR,ERR,ERR,ERR,ERR,ERR,ERR,ERR,ERR,ERR,ERR,ERR,ERR,ERR,ERR,ERR,34.0,80.0,35,0.0,0.0,0.0,0.0,0.0,0.0,0.0,0.0,0.0,0.0,0.0,0.0,0.0,0.0,0.0,0.0,64.4,0,116,56,49,65476,0,300,0,0,8,20529,65476,0,0,57672,80.0,0.0,0.0,0.0,0.0,0.0
2026-06-17T04:55:22,ERR,ERR,ERR,ERR,ERR,ERR,ERR,ERR,ERR,ERR,ERR,ERR,ERR,ERR,ERR,ERR,ERR,ERR,ERR,ERR,ERR,ERR,ERR,ERR,ERR,ERR,ERR,ERR,ERR,ERR,ERR,ERR,ERR,ERR,ERR,ERR,ERR,ERR,ERR,ERR,ERR,ERR,ERR,ERR,ERR,ERR,ERR,ERR,ERR,ERR,ERR,ERR,ERR,ERR,ERR,ERR,ERR,ERR,ERR,ERR,ERR,ERR,ERR,ERR,ERR,ERR,ERR,ERR,ERR,ERR,ERR,ERR,ERR,ERR,ERR,ERR,ERR,ERR,ERR,ERR,ERR,ERR,ERR,ERR,ERR,ERR,ERR,ERR,ERR,ERR,ERR,ERR,ERR,ERR,ERR,ERR,ERR,ERR,ERR,ERR,ERR,ERR,ERR,ERR,ERR,ERR,ERR,ERR,ERR,ERR,ERR,ERR,ERR,ERR,ERR,ERR,ERR,ERR,ERR,ERR,ERR,ERR,ERR,ERR,ERR,0.0,-0.0,3.028208139652935e+23,0.0,0.0,1.3936040501711995e+18,7.805,0.0,0,0,4,0,7300,-0.0,0,0.0,0.0,0.0,0.0,0.0,0,0,0,0,0.0,0,0,0,0,0,0,0,0,0,0,0,0,0,0,0,0,0,0,0,0,0,0,0,0,0,0,0,0,0,0,0,0,0,32,30,30,62,65476,0,300,0,0,8,21553,0.0,-107605600.0,0.0,0.0,0.0,0.0,0.0,0.0,0.0,0.0,0.0,0.0,0.0,0.0,0.0,0.0,0.0,0.0,0.0,0.0,0.0,0.0,2.004,-2.004,2.004,2.004,0.0,0.0,0.0,0.0,5585.0,0.0,6919.0,0.0,-0.0,-0.0,0.0,0.0,0.0,0.0,0.0,63,-3.2220267480110635e+26,0.0,0.0,0.0,0.0,0.0,0.0,0.0,0.0,0,0,0,0.0,0.0,0.0,0.0,0.0,0.0,0.0,0.0,0.0,0.0,0.0,0.0,0.0,0.0,0.0,0.0,0,-107875648.0,63,0.0,126,2.7184242562605685e+23,2.842318642297501e+23,ERR,ERR,ERR,ERR,ERR,ERR,ERR,ERR,ERR,ERR,ERR,ERR,ERR,ERR,ERR,ERR,ERR,ERR,ERR,ERR,ERR,ERR,ERR,ERR,ERR,ERR,ERR,ERR,ERR,ERR,ERR,ERR,ERR,ERR,ERR,ERR,ERR,ERR,ERR,ERR,ERR,ERR,ERR,ERR,ERR,ERR,ERR,ERR,ERR,ERR,ERR,ERR,ERR,ERR,ERR,ERR,ERR,ERR,ERR,ERR,ERR,ERR,ERR,ERR,ERR,ERR,ERR,34.0,80.0,35,0.0,0.0,0.0,0.0,0.0,0.0,0.0,0.0,0.0,0.0,0.0,0.0,0.0,0.0,0.0,0.0,64.8,0,116,56,49,65476,0,300,0,0,8,20529,65476,0,0,57672,80.0,0.0,0.0,0.0,0.0,0.0
2026-06-17T04:55:23,ERR,ERR,ERR,ERR,ERR,ERR,ERR,ERR,ERR,ERR,ERR,ERR,ERR,ERR,ERR,ERR,ERR,ERR,ERR,ERR,ERR,ERR,ERR,ERR,ERR,ERR,ERR,ERR,ERR,ERR,ERR,ERR,ERR,ERR,ERR,ERR,ERR,ERR,ERR,ERR,ERR,ERR,ERR,ERR,ERR,ERR,ERR,ERR,ERR,ERR,ERR,ERR,ERR,ERR,ERR,ERR,ERR,ERR,ERR,ERR,ERR,ERR,ERR,ERR,ERR,ERR,ERR,ERR,ERR,ERR,ERR,ERR,ERR,ERR,ERR,ERR,ERR,ERR,ERR,ERR,ERR,ERR,ERR,ERR,ERR,ERR,ERR,ERR,ERR,ERR,ERR,ERR,ERR,ERR,ERR,ERR,ERR,ERR,ERR,ERR,ERR,ERR,ERR,ERR,ERR,ERR,ERR,ERR,ERR,ERR,ERR,ERR,ERR,ERR,ERR,ERR,ERR,ERR,ERR,ERR,ERR,ERR,ERR,ERR,ERR,0.0,-0.0,3.028208139652935e+23,0.0,0.0,1.3936040501711995e+18,7.805,0.0,0,0,4,0,7300,-0.0,0,0.0,0.0,0.0,0.0,0.0,0,0,0,0,0.0,0,0,0,0,0,0,0,0,0,0,0,0,0,0,0,0,0,0,0,0,0,0,0,0,0,0,0,0,0,0,0,0,0,32,30,30,62,65476,0,300,0,0,8,21553,0.0,-107605600.0,0.0,0.0,0.0,0.0,0.0,0.0,0.0,0.0,0.0,0.0,0.0,0.0,0.0,0.0,0.0,0.0,0.0,0.0,0.0,0.0,2.004,-2.004,2.004,2.004,0.0,0.0,0.0,0.0,5585.0,0.0,6919.0,0.0,-0.0,-0.0,0.0,0.0,0.0,0.0,0.0,63,-3.2220267480110635e+26,0.0,0.0,0.0,0.0,0.0,0.0,0.0,0.0,0,0,0,0.0,0.0,0.0,0.0,0.0,0.0,0.0,0.0,0.0,0.0,0.0,0.0,0.0,0.0,0.0,0.0,0,-107875648.0,63,0.0,126,2.7184242562605685e+23,2.842318642297501e+23,ERR,ERR,ERR,ERR,ERR,ERR,ERR,ERR,ERR,ERR,ERR,ERR,ERR,ERR,ERR,ERR,ERR,ERR,ERR,ERR,ERR,ERR,ERR,ERR,ERR,ERR,ERR,ERR,ERR,ERR,ERR,ERR,ERR,ERR,ERR,ERR,ERR,ERR,ERR,ERR,ERR,ERR,ERR,ERR,ERR,ERR,ERR,ERR,ERR,ERR,ERR,ERR,ERR,ERR,ERR,ERR,ERR,ERR,ERR,ERR,ERR,ERR,ERR,ERR,ERR,ERR,ERR,34.0,80.0,35,0.0,0.0,0.0,0.0,0.0,0.0,0.0,0.0,0.0,0.0,0.0,0.0,0.0,0.0,0.0,0.0,64.8,0,116,56,49,65476,0,300,0,0,8,20529,65476,0,0,57672,80.0,0.0,0.0,0.0,0.0,0.0
2026-06-17T04:55:24,ERR,ERR,ERR,ERR,ERR,ERR,ERR,ERR,ERR,ERR,ERR,ERR,ERR,ERR,ERR,ERR,ERR,ERR,ERR,ERR,ERR,ERR,ERR,ERR,ERR,ERR,ERR,ERR,ERR,ERR,ERR,ERR,ERR,ERR,ERR,ERR,ERR,ERR,ERR,ERR,ERR,ERR,ERR,ERR,ERR,ERR,ERR,ERR,ERR,ERR,ERR,ERR,ERR,ERR,ERR,ERR,ERR,ERR,ERR,ERR,ERR,ERR,ERR,ERR,ERR,ERR,ERR,ERR,ERR,ERR,ERR,ERR,ERR,ERR,ERR,ERR,ERR,ERR,ERR,ERR,ERR,ERR,ERR,ERR,ERR,ERR,ERR,ERR,ERR,ERR,ERR,ERR,ERR,ERR,ERR,ERR,ERR,ERR,ERR,ERR,ERR,ERR,ERR,ERR,ERR,ERR,ERR,ERR,ERR,ERR,ERR,ERR,ERR,ERR,ERR,ERR,ERR,ERR,ERR,ERR,ERR,ERR,ERR,ERR,ERR,0.0,-0.0,3.028208139652935e+23,0.0,0.0,1.3936040501711995e+18,7.805,0.0,0,0,4,0,7300,-0.0,0,0.0,0.0,0.0,0.0,0.0,0,0,0,0,0.0,0,0,0,0,0,0,0,0,0,0,0,0,0,0,0,0,0,0,0,0,0,0,0,0,0,0,0,0,0,0,0,0,0,32,30,30,62,65476,0,300,0,0,8,21553,0.0,-107605600.0,0.0,0.0,0.0,0.0,0.0,0.0,0.0,0.0,0.0,0.0,0.0,0.0,0.0,0.0,0.0,0.0,0.0,0.0,0.0,0.0,2.004,-2.004,2.004,2.004,0.0,0.0,0.0,0.0,5585.0,0.0,6919.0,0.0,-0.0,-0.0,0.0,0.0,0.0,0.0,0.0,63,-3.2220267480110635e+26,0.0,0.0,0.0,0.0,0.0,0.0,0.0,0.0,0,0,0,0.0,0.0,0.0,0.0,0.0,0.0,0.0,0.0,0.0,0.0,0.0,0.0,0.0,0.0,0.0,0.0,0,-107875648.0,63,0.0,126,2.7184242562605685e+23,2.842318642297501e+23,ERR,ERR,ERR,ERR,ERR,ERR,ERR,ERR,ERR,ERR,ERR,ERR,ERR,ERR,ERR,ERR,ERR,ERR,ERR,ERR,ERR,ERR,ERR,ERR,ERR,ERR,ERR,ERR,ERR,ERR,ERR,ERR,ERR,ERR,ERR,ERR,ERR,ERR,ERR,ERR,ERR,ERR,ERR,ERR,ERR,ERR,ERR,ERR,ERR,ERR,ERR,ERR,ERR,ERR,ERR,ERR,ERR,ERR,ERR,ERR,ERR,ERR,ERR,ERR,ERR,ERR,ERR,34.0,80.0,35,0.0,0.0,0.0,0.0,0.0,0.0,0.0,0.0,0.0,0.0,0.0,0.0,0.0,0.0,0.0,0.0,64.4,0,116,56,49,65476,0,300,0,0,8,20529,65476,0,0,57672,80.0,0.0,0.0,0.0,0.0,0.0
2026-06-17T04:55:25,ERR,ERR,ERR,ERR,ERR,ERR,ERR,ERR,ERR,ERR,ERR,ERR,ERR,ERR,ERR,ERR,ERR,ERR,ERR,ERR,ERR,ERR,ERR,ERR,ERR,ERR,ERR,ERR,ERR,ERR,ERR,ERR,ERR,ERR,ERR,ERR,ERR,ERR,ERR,ERR,ERR,ERR,ERR,ERR,ERR,ERR,ERR,ERR,ERR,ERR,ERR,ERR,ERR,ERR,ERR,ERR,ERR,ERR,ERR,ERR,ERR,ERR,ERR,ERR,ERR,ERR,ERR,ERR,ERR,ERR,ERR,ERR,ERR,ERR,ERR,ERR,ERR,ERR,ERR,ERR,ERR,ERR,ERR,ERR,ERR,ERR,ERR,ERR,ERR,ERR,ERR,ERR,ERR,ERR,ERR,ERR,ERR,ERR,ERR,ERR,ERR,ERR,ERR,ERR,ERR,ERR,ERR,ERR,ERR,ERR,ERR,ERR,ERR,ERR,ERR,ERR,ERR,ERR,ERR,ERR,ERR,ERR,ERR,ERR,ERR,0.0,-0.0,3.028208139652935e+23,0.0,0.0,1.3936040501711995e+18,7.805,0.0,0,0,4,0,7300,-0.0,0,0.0,0.0,0.0,0.0,0.0,0,0,0,0,0.0,0,0,0,0,0,0,0,0,0,0,0,0,0,0,0,0,0,0,0,0,0,0,0,0,0,0,0,0,0,0,0,0,0,32,30,30,62,65476,0,300,0,0,8,21553,0.0,-107605600.0,0.0,0.0,0.0,0.0,0.0,0.0,0.0,0.0,0.0,0.0,0.0,0.0,0.0,0.0,0.0,0.0,0.0,0.0,0.0,0.0,2.004,-2.004,2.004,2.004,0.0,0.0,0.0,0.0,5585.0,0.0,6919.0,0.0,-0.0,-0.0,0.0,0.0,0.0,0.0,0.0,63,-3.2220267480110635e+26,0.0,0.0,0.0,0.0,0.0,0.0,0.0,0.0,0,0,0,0.0,0.0,0.0,0.0,0.0,0.0,0.0,0.0,0.0,0.0,0.0,0.0,0.0,0.0,0.0,0.0,0,-107875648.0,63,0.0,126,2.7184242562605685e+23,2.842318642297501e+23,ERR,ERR,ERR,ERR,ERR,ERR,ERR,ERR,ERR,ERR,ERR,ERR,ERR,ERR,ERR,ERR,ERR,ERR,ERR,ERR,ERR,ERR,ERR,ERR,ERR,ERR,ERR,ERR,ERR,ERR,ERR,ERR,ERR,ERR,ERR,ERR,ERR,ERR,ERR,ERR,ERR,ERR,ERR,ERR,ERR,ERR,ERR,ERR,ERR,ERR,ERR,ERR,ERR,ERR,ERR,ERR,ERR,ERR,ERR,ERR,ERR,ERR,ERR,ERR,ERR,ERR,ERR,34.0,80.0,35,0.0,0.0,0.0,0.0,0.0,0.0,0.0,0.0,0.0,0.0,0.0,0.0,0.0,0.0,0.0,0.0,64.4,0,116,56,49,65476,0,300,0,0,8,20529,65476,0,0,57672,80.0,0.0,0.0,0.0,0.0,0.0
2026-06-17T04:55:26,ERR,ERR,ERR,ERR,ERR,ERR,ERR,ERR,ERR,ERR,ERR,ERR,ERR,ERR,ERR,ERR,ERR,ERR,ERR,ERR,ERR,ERR,ERR,ERR,ERR,ERR,ERR,ERR,ERR,ERR,ERR,ERR,ERR,ERR,ERR,ERR,ERR,ERR,ERR,ERR,ERR,ERR,ERR,ERR,ERR,ERR,ERR,ERR,ERR,ERR,ERR,ERR,ERR,ERR,ERR,ERR,ERR,ERR,ERR,ERR,ERR,ERR,ERR,ERR,ERR,ERR,ERR,ERR,ERR,ERR,ERR,ERR,ERR,ERR,ERR,ERR,ERR,ERR,ERR,ERR,ERR,ERR,ERR,ERR,ERR,ERR,ERR,ERR,ERR,ERR,ERR,ERR,ERR,ERR,ERR,ERR,ERR,ERR,ERR,ERR,ERR,ERR,ERR,ERR,ERR,ERR,ERR,ERR,ERR,ERR,ERR,ERR,ERR,ERR,ERR,ERR,ERR,ERR,ERR,ERR,ERR,ERR,ERR,ERR,ERR,0.0,-0.0,3.028208139652935e+23,0.0,0.0,1.3936040501711995e+18,7.805,0.0,0,0,4,0,7300,-0.0,0,0.0,0.0,0.0,0.0,0.0,0,0,0,0,0.0,0,0,0,0,0,0,0,0,0,0,0,0,0,0,0,0,0,0,0,0,0,0,0,0,0,0,0,0,0,0,0,0,0,32,30,30,62,65476,0,300,0,0,8,21553,0.0,-107605600.0,0.0,0.0,0.0,0.0,0.0,0.0,0.0,0.0,0.0,0.0,0.0,0.0,0.0,0.0,0.0,0.0,0.0,0.0,0.0,0.0,2.004,-2.004,2.004,2.004,0.0,0.0,0.0,0.0,5584.0,0.0,6919.0,0.0,-0.0,-0.0,0.0,0.0,0.0,0.0,0.0,63,-3.2220267480110635e+26,0.0,0.0,0.0,0.0,0.0,0.0,0.0,0.0,0,0,0,0.0,0.0,0.0,0.0,0.0,0.0,0.0,0.0,0.0,0.0,0.0,0.0,0.0,0.0,0.0,0.0,0,-107875648.0,63,0.0,126,2.7184242562605685e+23,2.842318642297501e+23,ERR,ERR,ERR,ERR,ERR,ERR,ERR,ERR,ERR,ERR,ERR,ERR,ERR,ERR,ERR,ERR,ERR,ERR,ERR,ERR,ERR,ERR,ERR,ERR,ERR,ERR,ERR,ERR,ERR,ERR,ERR,ERR,ERR,ERR,ERR,ERR,ERR,ERR,ERR,ERR,ERR,ERR,ERR,ERR,ERR,ERR,ERR,ERR,ERR,ERR,ERR,ERR,ERR,ERR,ERR,ERR,ERR,ERR,ERR,ERR,ERR,ERR,ERR,ERR,ERR,ERR,ERR,34.0,80.0,35,0.0,0.0,0.0,0.0,0.0,0.0,0.0,0.0,0.0,0.0,0.0,0.0,0.0,0.0,0.0,0.0,64.4,0,116,56,49,65476,0,300,0,0,8,20529,65476,0,0,57672,80.0,0.0,0.0,0.0,0.0,0.0
2026-06-17T04:55:27,ERR,ERR,ERR,ERR,ERR,ERR,ERR,ERR,ERR,ERR,ERR,ERR,ERR,ERR,ERR,ERR,ERR,ERR,ERR,ERR,ERR,ERR,ERR,ERR,ERR,ERR,ERR,ERR,ERR,ERR,ERR,ERR,ERR,ERR,ERR,ERR,ERR,ERR,ERR,ERR,ERR,ERR,ERR,ERR,ERR,ERR,ERR,ERR,ERR,ERR,ERR,ERR,ERR,ERR,ERR,ERR,ERR,ERR,ERR,ERR,ERR,ERR,ERR,ERR,ERR,ERR,ERR,ERR,ERR,ERR,ERR,ERR,ERR,ERR,ERR,ERR,ERR,ERR,ERR,ERR,ERR,ERR,ERR,ERR,ERR,ERR,ERR,ERR,ERR,ERR,ERR,ERR,ERR,ERR,ERR,ERR,ERR,ERR,ERR,ERR,ERR,ERR,ERR,ERR,ERR,ERR,ERR,ERR,ERR,ERR,ERR,ERR,ERR,ERR,ERR,ERR,ERR,ERR,ERR,ERR,ERR,ERR,ERR,ERR,ERR,0.0,-0.0,3.028208139652935e+23,0.0,0.0,1.3936040501711995e+18,7.805,0.0,0,0,4,0,7300,-0.0,0,0.0,0.0,0.0,0.0,0.0,0,0,0,0,0.0,0,0,0,0,0,0,0,0,0,0,0,0,0,0,0,0,0,0,0,0,0,0,0,0,0,0,0,0,0,0,0,0,0,32,30,30,62,65476,0,300,0,0,8,21553,0.0,-107605600.0,0.0,0.0,0.0,0.0,0.0,0.0,0.0,0.0,0.0,0.0,0.0,0.0,0.0,0.0,0.0,0.0,0.0,0.0,0.0,0.0,2.004,-2.004,2.004,2.004,0.0,0.0,0.0,0.0,5584.0,0.0,6919.0,0.0,-0.0,-0.0,0.0,0.0,0.0,0.0,0.0,63,-3.2220267480110635e+26,0.0,0.0,0.0,0.0,0.0,0.0,0.0,0.0,0,0,0,0.0,0.0,0.0,0.0,0.0,0.0,0.0,0.0,0.0,0.0,0.0,0.0,0.0,0.0,0.0,0.0,0,-107875648.0,63,0.0,126,2.7184242562605685e+23,2.842318642297501e+23,ERR,ERR,ERR,ERR,ERR,ERR,ERR,ERR,ERR,ERR,ERR,ERR,ERR,ERR,ERR,ERR,ERR,ERR,ERR,ERR,ERR,ERR,ERR,ERR,ERR,ERR,ERR,ERR,ERR,ERR,ERR,ERR,ERR,ERR,ERR,ERR,ERR,ERR,ERR,ERR,ERR,ERR,ERR,ERR,ERR,ERR,ERR,ERR,ERR,ERR,ERR,ERR,ERR,ERR,ERR,ERR,ERR,ERR,ERR,ERR,ERR,ERR,ERR,ERR,ERR,ERR,ERR,34.0,80.0,35,0.0,0.0,0.0,0.0,0.0,0.0,0.0,0.0,0.0,0.0,0.0,0.0,0.0,0.0,0.0,0.0,64.4,0,116,56,49,65476,0,300,0,0,8,20529,65476,0,0,57672,80.0,0.0,0.0,0.0,0.0,0.0
2026-06-17T04:55:28,ERR,ERR,ERR,ERR,ERR,ERR,ERR,ERR,ERR,ERR,ERR,ERR,ERR,ERR,ERR,ERR,ERR,ERR,ERR,ERR,ERR,ERR,ERR,ERR,ERR,ERR,ERR,ERR,ERR,ERR,ERR,ERR,ERR,ERR,ERR,ERR,ERR,ERR,ERR,ERR,ERR,ERR,ERR,ERR,ERR,ERR,ERR,ERR,ERR,ERR,ERR,ERR,ERR,ERR,ERR,ERR,ERR,ERR,ERR,ERR,ERR,ERR,ERR,ERR,ERR,ERR,ERR,ERR,ERR,ERR,ERR,ERR,ERR,ERR,ERR,ERR,ERR,ERR,ERR,ERR,ERR,ERR,ERR,ERR,ERR,ERR,ERR,ERR,ERR,ERR,ERR,ERR,ERR,ERR,ERR,ERR,ERR,ERR,ERR,ERR,ERR,ERR,ERR,ERR,ERR,ERR,ERR,ERR,ERR,ERR,ERR,ERR,ERR,ERR,ERR,ERR,ERR,ERR,ERR,ERR,ERR,ERR,ERR,ERR,ERR,0.0,-0.0,3.028208139652935e+23,0.0,0.0,1.3936040501711995e+18,7.805,0.0,0,0,4,0,7300,-0.0,0,0.0,0.0,0.0,0.0,0.0,0,0,0,0,0.0,0,0,0,0,0,0,0,0,0,0,0,0,0,0,0,0,0,0,0,0,0,0,0,0,0,0,0,0,0,0,0,0,0,32,30,30,62,65476,0,300,0,0,8,21553,0.0,-107605600.0,0.0,0.0,0.0,0.0,0.0,0.0,0.0,0.0,0.0,0.0,0.0,0.0,0.0,0.0,0.0,0.0,0.0,0.0,0.0,0.0,2.004,-2.004,2.004,2.004,0.0,0.0,0.0,0.0,5584.0,0.0,6919.0,0.0,-0.0,-0.0,0.0,0.0,0.0,0.0,0.0,63,-3.2220267480110635e+26,0.0,0.0,0.0,0.0,0.0,0.0,0.0,0.0,0,0,0,0.0,0.0,0.0,0.0,0.0,0.0,0.0,0.0,0.0,0.0,0.0,0.0,0.0,0.0,0.0,0.0,0,-107875648.0,63,0.0,126,2.7184242562605685e+23,2.842318642297501e+23,ERR,ERR,ERR,ERR,ERR,ERR,ERR,ERR,ERR,ERR,ERR,ERR,ERR,ERR,ERR,ERR,ERR,ERR,ERR,ERR,ERR,ERR,ERR,ERR,ERR,ERR,ERR,ERR,ERR,ERR,ERR,ERR,ERR,ERR,ERR,ERR,ERR,ERR,ERR,ERR,ERR,ERR,ERR,ERR,ERR,ERR,ERR,ERR,ERR,ERR,ERR,ERR,ERR,ERR,ERR,ERR,ERR,ERR,ERR,ERR,ERR,ERR,ERR,ERR,ERR,ERR,ERR,34.0,80.0,35,0.0,0.0,0.0,0.0,0.0,0.0,0.0,0.0,0.0,0.0,0.0,0.0,0.0,0.0,0.0,0.0,64.4,0,116,56,49,65476,0,300,0,0,8,20529,65476,0,0,57672,80.0,0.0,0.0,0.0,0.0,0.0
2026-06-17T04:55:29,ERR,ERR,ERR,ERR,ERR,ERR,ERR,ERR,ERR,ERR,ERR,ERR,ERR,ERR,ERR,ERR,ERR,ERR,ERR,ERR,ERR,ERR,ERR,ERR,ERR,ERR,ERR,ERR,ERR,ERR,ERR,ERR,ERR,ERR,ERR,ERR,ERR,ERR,ERR,ERR,ERR,ERR,ERR,ERR,ERR,ERR,ERR,ERR,ERR,ERR,ERR,ERR,ERR,ERR,ERR,ERR,ERR,ERR,ERR,ERR,ERR,ERR,ERR,ERR,ERR,ERR,ERR,ERR,ERR,ERR,ERR,ERR,ERR,ERR,ERR,ERR,ERR,ERR,ERR,ERR,ERR,ERR,ERR,ERR,ERR,ERR,ERR,ERR,ERR,ERR,ERR,ERR,ERR,ERR,ERR,ERR,ERR,ERR,ERR,ERR,ERR,ERR,ERR,ERR,ERR,ERR,ERR,ERR,ERR,ERR,ERR,ERR,ERR,ERR,ERR,ERR,ERR,ERR,ERR,ERR,ERR,ERR,ERR,ERR,ERR,0.0,-0.0,3.028208139652935e+23,0.0,0.0,1.3936040501711995e+18,7.805,0.0,0,0,4,0,7300,-0.0,0,0.0,0.0,0.0,0.0,0.0,0,0,0,0,0.0,0,0,0,0,0,0,0,0,0,0,0,0,0,0,0,0,0,0,0,0,0,0,0,0,0,0,0,0,0,0,0,0,0,32,30,30,62,65476,0,300,0,0,8,21553,0.0,-107605600.0,0.0,0.0,0.0,0.0,0.0,0.0,0.0,0.0,0.0,0.0,0.0,0.0,0.0,0.0,0.0,0.0,0.0,0.0,0.0,0.0,2.004,-2.004,2.004,2.004,0.0,0.0,0.0,0.0,5584.0,0.0,6919.0,0.0,-0.0,-0.0,0.0,0.0,0.0,0.0,0.0,63,-3.2220267480110635e+26,0.0,0.0,0.0,0.0,0.0,0.0,0.0,0.0,0,0,0,0.0,0.0,0.0,0.0,0.0,0.0,0.0,0.0,0.0,0.0,0.0,0.0,0.0,0.0,0.0,0.0,0,-107875648.0,63,0.0,126,2.7184242562605685e+23,2.842318642297501e+23,ERR,ERR,ERR,ERR,ERR,ERR,ERR,ERR,ERR,ERR,ERR,ERR,ERR,ERR,ERR,ERR,ERR,ERR,ERR,ERR,ERR,ERR,ERR,ERR,ERR,ERR,ERR,ERR,ERR,ERR,ERR,ERR,ERR,ERR,ERR,ERR,ERR,ERR,ERR,ERR,ERR,ERR,ERR,ERR,ERR,ERR,ERR,ERR,ERR,ERR,ERR,ERR,ERR,ERR,ERR,ERR,ERR,ERR,ERR,ERR,ERR,ERR,ERR,ERR,ERR,ERR,ERR,34.0,80.0,35,0.0,0.0,0.0,0.0,0.0,0.0,0.0,0.0,0.0,0.0,0.0,0.0,0.0,0.0,0.0,0.0,64.8,0,116,56,49,65476,0,300,0,0,8,20529,65476,0,0,57672,80.0,0.0,0.0,0.0,0.0,0.0
2026-06-17T04:55:30,ERR,ERR,ERR,ERR,ERR,ERR,ERR,ERR,ERR,ERR,ERR,ERR,ERR,ERR,ERR,ERR,ERR,ERR,ERR,ERR,ERR,ERR,ERR,ERR,ERR,ERR,ERR,ERR,ERR,ERR,ERR,ERR,ERR,ERR,ERR,ERR,ERR,ERR,ERR,ERR,ERR,ERR,ERR,ERR,ERR,ERR,ERR,ERR,ERR,ERR,ERR,ERR,ERR,ERR,ERR,ERR,ERR,ERR,ERR,ERR,ERR,ERR,ERR,ERR,ERR,ERR,ERR,ERR,ERR,ERR,ERR,ERR,ERR,ERR,ERR,ERR,ERR,ERR,ERR,ERR,ERR,ERR,ERR,ERR,ERR,ERR,ERR,ERR,ERR,ERR,ERR,ERR,ERR,ERR,ERR,ERR,ERR,ERR,ERR,ERR,ERR,ERR,ERR,ERR,ERR,ERR,ERR,ERR,ERR,ERR,ERR,ERR,ERR,ERR,ERR,ERR,ERR,ERR,ERR,ERR,ERR,ERR,ERR,ERR,ERR,0.0,-0.0,3.028208139652935e+23,0.0,0.0,1.3936040501711995e+18,7.805,0.0,0,0,4,0,7300,-0.0,0,0.0,0.0,0.0,0.0,0.0,0,0,0,0,0.0,0,0,0,0,0,0,0,0,0,0,0,0,0,0,0,0,0,0,0,0,0,0,0,0,0,0,0,0,0,0,0,0,0,32,30,30,62,65476,0,300,0,0,8,21553,0.0,-107605600.0,0.0,0.0,0.0,0.0,0.0,0.0,0.0,0.0,0.0,0.0,0.0,0.0,0.0,0.0,0.0,0.0,0.0,0.0,0.0,0.0,2.004,-2.004,2.004,2.004,0.0,0.0,0.0,0.0,5584.0,0.0,6919.0,0.0,-0.0,-0.0,0.0,0.0,0.0,0.0,0.0,63,-3.2220267480110635e+26,0.0,0.0,0.0,0.0,0.0,0.0,0.0,0.0,0,0,0,0.0,0.0,0.0,0.0,0.0,0.0,0.0,0.0,0.0,0.0,0.0,0.0,0.0,0.0,0.0,0.0,0,-107875648.0,63,0.0,126,2.7184242562605685e+23,2.842318642297501e+23,ERR,ERR,ERR,ERR,ERR,ERR,ERR,ERR,ERR,ERR,ERR,ERR,ERR,ERR,ERR,ERR,ERR,ERR,ERR,ERR,ERR,ERR,ERR,ERR,ERR,ERR,ERR,ERR,ERR,ERR,ERR,ERR,ERR,ERR,ERR,ERR,ERR,ERR,ERR,ERR,ERR,ERR,ERR,ERR,ERR,ERR,ERR,ERR,ERR,ERR,ERR,ERR,ERR,ERR,ERR,ERR,ERR,ERR,ERR,ERR,ERR,ERR,ERR,ERR,ERR,ERR,ERR,34.0,80.0,35,0.0,0.0,0.0,0.0,0.0,0.0,0.0,0.0,0.0,0.0,0.0,0.0,0.0,0.0,0.0,0.0,64.8,0,116,56,49,65476,0,300,0,0,8,20529,65476,0,0,57672,80.0,0.0,0.0,0.0,0.0,0.0
2026-06-17T04:55:31,ERR,ERR,ERR,ERR,ERR,ERR,ERR,ERR,ERR,ERR,ERR,ERR,ERR,ERR,ERR,ERR,ERR,ERR,ERR,ERR,ERR,ERR,ERR,ERR,ERR,ERR,ERR,ERR,ERR,ERR,ERR,ERR,ERR,ERR,ERR,ERR,ERR,ERR,ERR,ERR,ERR,ERR,ERR,ERR,ERR,ERR,ERR,ERR,ERR,ERR,ERR,ERR,ERR,ERR,ERR,ERR,ERR,ERR,ERR,ERR,ERR,ERR,ERR,ERR,ERR,ERR,ERR,ERR,ERR,ERR,ERR,ERR,ERR,ERR,ERR,ERR,ERR,ERR,ERR,ERR,ERR,ERR,ERR,ERR,ERR,ERR,ERR,ERR,ERR,ERR,ERR,ERR,ERR,ERR,ERR,ERR,ERR,ERR,ERR,ERR,ERR,ERR,ERR,ERR,ERR,ERR,ERR,ERR,ERR,ERR,ERR,ERR,ERR,ERR,ERR,ERR,ERR,ERR,ERR,ERR,ERR,ERR,ERR,ERR,ERR,0.0,-0.0,3.028208139652935e+23,0.0,0.0,1.3936040501711995e+18,7.805,0.0,0,0,4,0,7300,-0.0,0,0.0,0.0,0.0,0.0,0.0,0,0,0,0,0.0,0,0,0,0,0,0,0,0,0,0,0,0,0,0,0,0,0,0,0,0,0,0,0,0,0,0,0,0,0,0,0,0,0,32,30,30,62,65476,0,300,0,0,8,21553,0.0,-107605600.0,0.0,0.0,0.0,0.0,0.0,0.0,0.0,0.0,0.0,0.0,0.0,0.0,0.0,0.0,0.0,0.0,0.0,0.0,0.0,0.0,2.004,-2.004,2.004,2.004,0.0,0.0,0.0,0.0,5584.0,0.0,6919.0,0.0,-0.0,-0.0,0.0,0.0,0.0,0.0,0.0,63,-3.2220267480110635e+26,0.0,0.0,0.0,0.0,0.0,0.0,0.0,0.0,0,0,0,0.0,0.0,0.0,0.0,0.0,0.0,0.0,0.0,0.0,0.0,0.0,0.0,0.0,0.0,0.0,0.0,0,-107875648.0,63,0.0,126,2.7184242562605685e+23,2.842318642297501e+23,ERR,ERR,ERR,ERR,ERR,ERR,ERR,ERR,ERR,ERR,ERR,ERR,ERR,ERR,ERR,ERR,ERR,ERR,ERR,ERR,ERR,ERR,ERR,ERR,ERR,ERR,ERR,ERR,ERR,ERR,ERR,ERR,ERR,ERR,ERR,ERR,ERR,ERR,ERR,ERR,ERR,ERR,ERR,ERR,ERR,ERR,ERR,ERR,ERR,ERR,ERR,ERR,ERR,ERR,ERR,ERR,ERR,ERR,ERR,ERR,ERR,ERR,ERR,ERR,ERR,ERR,ERR,34.0,80.0,35,0.0,0.0,0.0,0.0,0.0,0.0,0.0,0.0,0.0,0.0,0.0,0.0,0.0,0.0,0.0,0.0,64.4,0,116,56,49,65476,0,300,0,0,8,20529,65476,0,0,57672,80.0,0.0,0.0,0.0,0.0,0.0
2026-06-17T04:55:32,ERR,ERR,ERR,ERR,ERR,ERR,ERR,ERR,ERR,ERR,ERR,ERR,ERR,ERR,ERR,ERR,ERR,ERR,ERR,ERR,ERR,ERR,ERR,ERR,ERR,ERR,ERR,ERR,ERR,ERR,ERR,ERR,ERR,ERR,ERR,ERR,ERR,ERR,ERR,ERR,ERR,ERR,ERR,ERR,ERR,ERR,ERR,ERR,ERR,ERR,ERR,ERR,ERR,ERR,ERR,ERR,ERR,ERR,ERR,ERR,ERR,ERR,ERR,ERR,ERR,ERR,ERR,ERR,ERR,ERR,ERR,ERR,ERR,ERR,ERR,ERR,ERR,ERR,ERR,ERR,ERR,ERR,ERR,ERR,ERR,ERR,ERR,ERR,ERR,ERR,ERR,ERR,ERR,ERR,ERR,ERR,ERR,ERR,ERR,ERR,ERR,ERR,ERR,ERR,ERR,ERR,ERR,ERR,ERR,ERR,ERR,ERR,ERR,ERR,ERR,ERR,ERR,ERR,ERR,ERR,ERR,ERR,ERR,ERR,ERR,0.0,-0.0,-0.0,0.0,0.0,1.3936040501711995e+18,7.805,0.0,0,0,4,0,7300,-0.0,0,0.0,0.0,0.0,0.0,0.0,0,0,0,0,0.0,0,0,0,0,0,0,0,0,0,0,0,0,0,0,0,0,0,0,0,0,0,0,0,0,0,0,0,0,0,0,0,0,0,32,30,30,62,65476,0,300,0,0,8,21553,0.0,-107605600.0,0.0,0.0,0.0,0.0,0.0,0.0,0.0,0.0,0.0,0.0,0.0,0.0,0.0,0.0,0.0,0.0,0.0,0.0,0.0,0.0,2.004,-2.004,2.004,0.0,0.0,0.0,0.0,0.0,5584.0,-0.0,6937.0,0.0,-0.0,-0.0,0.0,0.0,0.0,0.0,0.0,63,-3.2220267480110635e+26,-0.0,0.0,0.0,0.0,0.0,0.0,0.0,0.0,0,0,0,0.0,0.0,0.0,0.0,0.0,0.0,0.0,0.0,0.0,0.0,0.0,0.0,0.0,0.0,0.0,0.0,0,-107875648.0,63,0.0,126,2.7184242562605685e+23,2.842318642297501e+23,ERR,ERR,ERR,ERR,ERR,ERR,ERR,ERR,ERR,ERR,ERR,ERR,ERR,ERR,ERR,ERR,ERR,ERR,ERR,ERR,ERR,ERR,ERR,ERR,ERR,ERR,ERR,ERR,ERR,ERR,ERR,ERR,ERR,ERR,ERR,ERR,ERR,ERR,ERR,ERR,ERR,ERR,ERR,ERR,ERR,ERR,ERR,ERR,ERR,ERR,ERR,ERR,ERR,ERR,ERR,ERR,ERR,ERR,ERR,ERR,ERR,ERR,ERR,ERR,ERR,ERR,ERR,34.0,80.0,35,0.0,0.0,0.0,0.0,0.0,0.0,0.0,0.0,0.0,0.0,0.0,0.0,0.0,0.0,0.0,0.0,64.4,0,116,56,49,65476,0,300,0,0,8,20529,65476,0,0,57672,80.0,0.0,0.0,0.0,0.0,0.0
2026-06-17T04:55:33,ERR,ERR,ERR,ERR,ERR,ERR,ERR,ERR,ERR,ERR,ERR,ERR,ERR,ERR,ERR,ERR,ERR,ERR,ERR,ERR,ERR,ERR,ERR,ERR,ERR,ERR,ERR,ERR,ERR,ERR,ERR,ERR,ERR,ERR,ERR,ERR,ERR,ERR,ERR,ERR,ERR,ERR,ERR,ERR,ERR,ERR,ERR,ERR,ERR,ERR,ERR,ERR,ERR,ERR,ERR,ERR,ERR,ERR,ERR,ERR,ERR,ERR,ERR,ERR,ERR,ERR,ERR,ERR,ERR,ERR,ERR,ERR,ERR,ERR,ERR,ERR,ERR,ERR,ERR,ERR,ERR,ERR,ERR,ERR,ERR,ERR,ERR,ERR,ERR,ERR,ERR,ERR,ERR,ERR,ERR,ERR,ERR,ERR,ERR,ERR,ERR,ERR,ERR,ERR,ERR,ERR,ERR,ERR,ERR,ERR,ERR,ERR,ERR,ERR,ERR,ERR,ERR,ERR,ERR,ERR,ERR,ERR,ERR,ERR,ERR,0.0,-0.0,-0.0,0.0,0.0,1.3936040501711995e+18,7.805,0.0,0,0,4,0,7300,-0.0,0,0.0,0.0,0.0,0.0,0.0,0,0,0,0,0.0,0,0,0,0,0,0,0,0,0,0,0,0,0,0,0,0,0,0,0,0,0,0,0,0,0,0,0,0,0,0,0,0,0,32,30,30,62,65476,0,300,0,0,8,21553,0.0,-107605600.0,0.0,0.0,0.0,0.0,0.0,0.0,0.0,0.0,0.0,0.0,0.0,0.0,0.0,0.0,0.0,0.0,0.0,0.0,0.0,0.0,2.004,-2.004,2.004,0.0,0.0,0.0,0.0,0.0,5584.0,-0.0,6937.0,0.0,-0.0,-0.0,0.0,0.0,0.0,0.0,0.0,63,-3.2220267480110635e+26,-0.0,0.0,0.0,0.0,0.0,0.0,0.0,0.0,0,0,0,0.0,0.0,0.0,0.0,0.0,0.0,0.0,0.0,0.0,0.0,0.0,0.0,0.0,0.0,0.0,0.0,0,-107875648.0,63,0.0,126,2.7184242562605685e+23,2.842318642297501e+23,ERR,ERR,ERR,ERR,ERR,ERR,ERR,ERR,ERR,ERR,ERR,ERR,ERR,ERR,ERR,ERR,ERR,ERR,ERR,ERR,ERR,ERR,ERR,ERR,ERR,ERR,ERR,ERR,ERR,ERR,ERR,ERR,ERR,ERR,ERR,ERR,ERR,ERR,ERR,ERR,ERR,ERR,ERR,ERR,ERR,ERR,ERR,ERR,ERR,ERR,ERR,ERR,ERR,ERR,ERR,ERR,ERR,ERR,ERR,ERR,ERR,ERR,ERR,ERR,ERR,ERR,ERR,34.0,80.0,35,0.0,0.0,0.0,0.0,0.0,0.0,0.0,0.0,0.0,0.0,0.0,0.0,0.0,0.0,0.0,0.0,64.4,0,116,56,49,65476,0,300,0,0,8,20529,65476,0,0,57672,80.0,0.0,0.0,0.0,0.0,0.0
2026-06-17T04:55:34,ERR,ERR,ERR,ERR,ERR,ERR,ERR,ERR,ERR,ERR,ERR,ERR,ERR,ERR,ERR,ERR,ERR,ERR,ERR,ERR,ERR,ERR,ERR,ERR,ERR,ERR,ERR,ERR,ERR,ERR,ERR,ERR,ERR,ERR,ERR,ERR,ERR,ERR,ERR,ERR,ERR,ERR,ERR,ERR,ERR,ERR,ERR,ERR,ERR,ERR,ERR,ERR,ERR,ERR,ERR,ERR,ERR,ERR,ERR,ERR,ERR,ERR,ERR,ERR,ERR,ERR,ERR,ERR,ERR,ERR,ERR,ERR,ERR,ERR,ERR,ERR,ERR,ERR,ERR,ERR,ERR,ERR,ERR,ERR,ERR,ERR,ERR,ERR,ERR,ERR,ERR,ERR,ERR,ERR,ERR,ERR,ERR,ERR,ERR,ERR,ERR,ERR,ERR,ERR,ERR,ERR,ERR,ERR,ERR,ERR,ERR,ERR,ERR,ERR,ERR,ERR,ERR,ERR,ERR,ERR,ERR,ERR,ERR,ERR,ERR,0.0,-0.0,-0.0,0.0,0.0,1.3936040501711995e+18,7.805,0.0,0,0,4,0,7300,-0.0,0,0.0,0.0,0.0,0.0,0.0,0,0,0,0,0.0,0,0,0,0,0,0,0,0,0,0,0,0,0,0,0,0,0,0,0,0,0,0,0,0,0,0,0,0,0,0,0,0,0,32,30,30,62,65476,0,300,0,0,8,21553,0.0,-107605600.0,0.0,0.0,0.0,0.0,0.0,0.0,0.0,0.0,0.0,0.0,0.0,0.0,0.0,0.0,0.0,0.0,0.0,0.0,0.0,0.0,2.004,-2.004,2.004,0.0,0.0,0.0,0.0,0.0,5584.0,-0.0,6937.0,0.0,-0.0,-0.0,0.0,0.0,0.0,0.0,0.0,63,-3.2220267480110635e+26,-0.0,0.0,0.0,0.0,0.0,0.0,0.0,0.0,0,0,0,0.0,0.0,0.0,0.0,0.0,0.0,0.0,0.0,0.0,0.0,0.0,0.0,0.0,0.0,0.0,0.0,0,-107875648.0,63,0.0,126,2.7184242562605685e+23,2.842318642297501e+23,ERR,ERR,ERR,ERR,ERR,ERR,ERR,ERR,ERR,ERR,ERR,ERR,ERR,ERR,ERR,ERR,ERR,ERR,ERR,ERR,ERR,ERR,ERR,ERR,ERR,ERR,ERR,ERR,ERR,ERR,ERR,ERR,ERR,ERR,ERR,ERR,ERR,ERR,ERR,ERR,ERR,ERR,ERR,ERR,ERR,ERR,ERR,ERR,ERR,ERR,ERR,ERR,ERR,ERR,ERR,ERR,ERR,ERR,ERR,ERR,ERR,ERR,ERR,ERR,ERR,ERR,ERR,34.0,80.0,35,0.0,0.0,0.0,0.0,0.0,0.0,0.0,0.0,0.0,0.0,0.0,0.0,0.0,0.0,0.0,0.0,64.4,0,116,56,49,65476,0,300,0,0,8,20529,65476,0,0,57672,80.0,0.0,0.0,0.0,0.0,0.0
2026-06-17T04:55:35,ERR,ERR,ERR,ERR,ERR,ERR,ERR,ERR,ERR,ERR,ERR,ERR,ERR,ERR,ERR,ERR,ERR,ERR,ERR,ERR,ERR,ERR,ERR,ERR,ERR,ERR,ERR,ERR,ERR,ERR,ERR,ERR,ERR,ERR,ERR,ERR,ERR,ERR,ERR,ERR,ERR,ERR,ERR,ERR,ERR,ERR,ERR,ERR,ERR,ERR,ERR,ERR,ERR,ERR,ERR,ERR,ERR,ERR,ERR,ERR,ERR,ERR,ERR,ERR,ERR,ERR,ERR,ERR,ERR,ERR,ERR,ERR,ERR,ERR,ERR,ERR,ERR,ERR,ERR,ERR,ERR,ERR,ERR,ERR,ERR,ERR,ERR,ERR,ERR,ERR,ERR,ERR,ERR,ERR,ERR,ERR,ERR,ERR,ERR,ERR,ERR,ERR,ERR,ERR,ERR,ERR,ERR,ERR,ERR,ERR,ERR,ERR,ERR,ERR,ERR,ERR,ERR,ERR,ERR,ERR,ERR,ERR,ERR,ERR,ERR,0.0,-0.0,-0.0,0.0,0.0,1.3936040501711995e+18,7.805,0.0,0,0,4,0,7300,-0.0,0,0.0,0.0,0.0,0.0,0.0,0,0,0,0,0.0,0,0,0,0,0,0,0,0,0,0,0,0,0,0,0,0,0,0,0,0,0,0,0,0,0,0,0,0,0,0,0,0,0,32,30,30,62,65476,0,300,0,0,8,21553,0.0,-107605600.0,0.0,0.0,0.0,0.0,0.0,0.0,0.0,0.0,0.0,0.0,0.0,0.0,0.0,0.0,0.0,0.0,0.0,0.0,0.0,0.0,2.004,-2.004,2.004,0.0,0.0,0.0,0.0,0.0,5584.0,-0.0,6937.0,0.0,-0.0,-0.0,0.0,0.0,0.0,0.0,0.0,63,-3.2220267480110635e+26,-0.0,0.0,0.0,0.0,0.0,0.0,0.0,0.0,0,0,0,0.0,0.0,0.0,0.0,0.0,0.0,0.0,0.0,0.0,0.0,0.0,0.0,0.0,0.0,0.0,0.0,0,-107875648.0,63,0.0,126,2.7184242562605685e+23,2.842318642297501e+23,ERR,ERR,ERR,ERR,ERR,ERR,ERR,ERR,ERR,ERR,ERR,ERR,ERR,ERR,ERR,ERR,ERR,ERR,ERR,ERR,ERR,ERR,ERR,ERR,ERR,ERR,ERR,ERR,ERR,ERR,ERR,ERR,ERR,ERR,ERR,ERR,ERR,ERR,ERR,ERR,ERR,ERR,ERR,ERR,ERR,ERR,ERR,ERR,ERR,ERR,ERR,ERR,ERR,ERR,ERR,ERR,ERR,ERR,ERR,ERR,ERR,ERR,ERR,ERR,ERR,ERR,ERR,34.0,80.0,35,0.0,0.0,0.0,0.0,0.0,0.0,0.0,0.0,0.0,0.0,0.0,0.0,0.0,0.0,0.0,0.0,64.8,0,116,56,49,65476,0,300,0,0,8,20529,65476,0,0,57672,80.0,0.0,0.0,0.0,0.0,0.0
2026-06-17T04:55:36,ERR,ERR,ERR,ERR,ERR,ERR,ERR,ERR,ERR,ERR,ERR,ERR,ERR,ERR,ERR,ERR,ERR,ERR,ERR,ERR,ERR,ERR,ERR,ERR,ERR,ERR,ERR,ERR,ERR,ERR,ERR,ERR,ERR,ERR,ERR,ERR,ERR,ERR,ERR,ERR,ERR,ERR,ERR,ERR,ERR,ERR,ERR,ERR,ERR,ERR,ERR,ERR,ERR,ERR,ERR,ERR,ERR,ERR,ERR,ERR,ERR,ERR,ERR,ERR,ERR,ERR,ERR,ERR,ERR,ERR,ERR,ERR,ERR,ERR,ERR,ERR,ERR,ERR,ERR,ERR,ERR,ERR,ERR,ERR,ERR,ERR,ERR,ERR,ERR,ERR,ERR,ERR,ERR,ERR,ERR,ERR,ERR,ERR,ERR,ERR,ERR,ERR,ERR,ERR,ERR,ERR,ERR,ERR,ERR,ERR,ERR,ERR,ERR,ERR,ERR,ERR,ERR,ERR,ERR,ERR,ERR,ERR,ERR,ERR,ERR,0.0,-0.0,-0.0,0.0,0.0,1.3936040501711995e+18,7.805,0.0,0,0,4,0,7300,-0.0,0,0.0,0.0,0.0,0.0,0.0,0,0,0,0,0.0,0,0,0,0,0,0,0,0,0,0,0,0,0,0,0,0,0,0,0,0,0,0,0,0,0,0,0,0,0,0,0,0,0,32,30,30,62,65476,0,300,0,0,8,21553,0.0,-107605600.0,0.0,0.0,0.0,0.0,0.0,0.0,0.0,0.0,0.0,0.0,0.0,0.0,0.0,0.0,0.0,0.0,0.0,0.0,0.0,0.0,2.004,-2.004,2.004,0.0,0.0,0.0,0.0,0.0,5584.0,-0.0,6937.0,0.0,-0.0,-0.0,0.0,0.0,0.0,0.0,0.0,63,-3.2220267480110635e+26,-0.0,0.0,0.0,0.0,0.0,0.0,0.0,0.0,0,0,0,0.0,0.0,0.0,0.0,0.0,0.0,0.0,0.0,0.0,0.0,0.0,0.0,0.0,0.0,0.0,0.0,0,-107875648.0,63,0.0,126,2.7184242562605685e+23,2.842318642297501e+23,ERR,ERR,ERR,ERR,ERR,ERR,ERR,ERR,ERR,ERR,ERR,ERR,ERR,ERR,ERR,ERR,ERR,ERR,ERR,ERR,ERR,ERR,ERR,ERR,ERR,ERR,ERR,ERR,ERR,ERR,ERR,ERR,ERR,ERR,ERR,ERR,ERR,ERR,ERR,ERR,ERR,ERR,ERR,ERR,ERR,ERR,ERR,ERR,ERR,ERR,ERR,ERR,ERR,ERR,ERR,ERR,ERR,ERR,ERR,ERR,ERR,ERR,ERR,ERR,ERR,ERR,ERR,34.0,80.0,35,0.0,0.0,0.0,0.0,0.0,0.0,0.0,0.0,0.0,0.0,0.0,0.0,0.0,0.0,0.0,0.0,64.8,0,116,56,49,65476,0,300,0,0,8,20529,65476,0,0,57672,80.0,0.0,0.0,0.0,0.0,0.0
2026-06-17T04:55:37,ERR,ERR,ERR,ERR,ERR,ERR,ERR,ERR,ERR,ERR,ERR,ERR,ERR,ERR,ERR,ERR,ERR,ERR,ERR,ERR,ERR,ERR,ERR,ERR,ERR,ERR,ERR,ERR,ERR,ERR,ERR,ERR,ERR,ERR,ERR,ERR,ERR,ERR,ERR,ERR,ERR,ERR,ERR,ERR,ERR,ERR,ERR,ERR,ERR,ERR,ERR,ERR,ERR,ERR,ERR,ERR,ERR,ERR,ERR,ERR,ERR,ERR,ERR,ERR,ERR,ERR,ERR,ERR,ERR,ERR,ERR,ERR,ERR,ERR,ERR,ERR,ERR,ERR,ERR,ERR,ERR,ERR,ERR,ERR,ERR,ERR,ERR,ERR,ERR,ERR,ERR,ERR,ERR,ERR,ERR,ERR,ERR,ERR,ERR,ERR,ERR,ERR,ERR,ERR,ERR,ERR,ERR,ERR,ERR,ERR,ERR,ERR,ERR,ERR,ERR,ERR,ERR,ERR,ERR,ERR,ERR,ERR,ERR,ERR,ERR,0.0,-0.0,3.028208139652935e+23,0.0,0.0,1.3936040501711995e+18,7.805,0.0,0,0,4,0,7300,-0.0,0,0.0,0.0,0.0,0.0,0.0,0,0,0,0,0.0,0,0,0,0,0,0,0,0,0,0,0,0,0,0,0,0,0,0,0,0,0,0,0,0,0,0,0,0,0,0,0,0,0,32,30,30,62,65476,0,300,0,0,8,21553,0.0,-107605600.0,0.0,0.0,0.0,0.0,0.0,0.0,0.0,0.0,0.0,0.0,0.0,0.0,0.0,0.0,0.0,0.0,0.0,0.0,0.0,0.0,2.004,-2.004,2.004,2.004,0.0,0.0,0.0,0.0,5616.0,-0.0,6933.0,0.0,-0.0,-0.0,0.0,0.0,0.0,0.0,0.0,63,-3.2220267480110635e+26,-152017683087360.0,0.0,0.0,0.0,0.0,0.0,0.0,0.0,0,0,0,0.0,0.0,0.0,0.0,0.0,0.0,0.0,0.0,0.0,0.0,0.0,0.0,0.0,0.0,0.0,0.0,0,-107875648.0,63,0.0,126,2.7184242562605685e+23,2.842318642297501e+23,ERR,ERR,ERR,ERR,ERR,ERR,ERR,ERR,ERR,ERR,ERR,ERR,ERR,ERR,ERR,ERR,ERR,ERR,ERR,ERR,ERR,ERR,ERR,ERR,ERR,ERR,ERR,ERR,ERR,ERR,ERR,ERR,ERR,ERR,ERR,ERR,ERR,ERR,ERR,ERR,ERR,ERR,ERR,ERR,ERR,ERR,ERR,ERR,ERR,ERR,ERR,ERR,ERR,ERR,ERR,ERR,ERR,ERR,ERR,ERR,ERR,ERR,ERR,ERR,ERR,ERR,ERR,34.0,80.0,35,0.0,0.0,0.0,0.0,0.0,0.0,0.0,0.0,0.0,0.0,0.0,0.0,0.0,0.0,0.0,0.0,64.8,0,116,56,49,65476,0,300,0,0,8,20529,65476,0,0,57672,80.0,0.0,0.0,0.0,0.0,0.0
2026-06-17T04:55:38,ERR,ERR,ERR,ERR,ERR,ERR,ERR,ERR,ERR,ERR,ERR,ERR,ERR,ERR,ERR,ERR,ERR,ERR,ERR,ERR,ERR,ERR,ERR,ERR,ERR,ERR,ERR,ERR,ERR,ERR,ERR,ERR,ERR,ERR,ERR,ERR,ERR,ERR,ERR,ERR,ERR,ERR,ERR,ERR,ERR,ERR,ERR,ERR,ERR,ERR,ERR,ERR,ERR,ERR,ERR,ERR,ERR,ERR,ERR,ERR,ERR,ERR,ERR,ERR,ERR,ERR,ERR,ERR,ERR,ERR,ERR,ERR,ERR,ERR,ERR,ERR,ERR,ERR,ERR,ERR,ERR,ERR,ERR,ERR,ERR,ERR,ERR,ERR,ERR,ERR,ERR,ERR,ERR,ERR,ERR,ERR,ERR,ERR,ERR,ERR,ERR,ERR,ERR,ERR,ERR,ERR,ERR,ERR,ERR,ERR,ERR,ERR,ERR,ERR,ERR,ERR,ERR,ERR,ERR,ERR,ERR,ERR,ERR,ERR,ERR,0.0,-0.0,3.028208139652935e+23,0.0,0.0,1.3936040501711995e+18,7.805,0.0,0,0,4,0,7300,-0.0,0,0.0,0.0,0.0,0.0,0.0,0,0,0,0,0.0,0,0,0,0,0,0,0,0,0,0,0,0,0,0,0,0,0,0,0,0,0,0,0,0,0,0,0,0,0,0,0,0,0,32,30,30,62,65476,0,300,0,0,8,21553,0.0,-107605600.0,0.0,0.0,0.0,0.0,0.0,0.0,0.0,0.0,0.0,0.0,0.0,0.0,0.0,0.0,0.0,0.0,0.0,0.0,0.0,0.0,2.004,-2.004,2.004,2.004,0.0,0.0,0.0,0.0,5616.0,-0.0,6933.0,0.0,-0.0,-0.0,0.0,0.0,0.0,0.0,0.0,63,-3.2220267480110635e+26,-152017683087360.0,0.0,0.0,0.0,0.0,0.0,0.0,0.0,0,0,0,0.0,0.0,0.0,0.0,0.0,0.0,0.0,0.0,0.0,0.0,0.0,0.0,0.0,0.0,0.0,0.0,0,-107875648.0,63,0.0,126,2.7184242562605685e+23,2.842318642297501e+23,ERR,ERR,ERR,ERR,ERR,ERR,ERR,ERR,ERR,ERR,ERR,ERR,ERR,ERR,ERR,ERR,ERR,ERR,ERR,ERR,ERR,ERR,ERR,ERR,ERR,ERR,ERR,ERR,ERR,ERR,ERR,ERR,ERR,ERR,ERR,ERR,ERR,ERR,ERR,ERR,ERR,ERR,ERR,ERR,ERR,ERR,ERR,ERR,ERR,ERR,ERR,ERR,ERR,ERR,ERR,ERR,ERR,ERR,ERR,ERR,ERR,ERR,ERR,ERR,ERR,ERR,ERR,34.0,80.0,35,0.0,0.0,0.0,0.0,0.0,0.0,0.0,0.0,0.0,0.0,0.0,0.0,0.0,0.0,0.0,0.0,64.4,0,116,56,49,65476,0,300,0,0,8,20529,65476,0,0,57672,80.0,0.0,0.0,0.0,0.0,0.0
2026-06-17T04:55:39,ERR,ERR,ERR,ERR,ERR,ERR,ERR,ERR,ERR,ERR,ERR,ERR,ERR,ERR,ERR,ERR,ERR,ERR,ERR,ERR,ERR,ERR,ERR,ERR,ERR,ERR,ERR,ERR,ERR,ERR,ERR,ERR,ERR,ERR,ERR,ERR,ERR,ERR,ERR,ERR,ERR,ERR,ERR,ERR,ERR,ERR,ERR,ERR,ERR,ERR,ERR,ERR,ERR,ERR,ERR,ERR,ERR,ERR,ERR,ERR,ERR,ERR,ERR,ERR,ERR,ERR,ERR,ERR,ERR,ERR,ERR,ERR,ERR,ERR,ERR,ERR,ERR,ERR,ERR,ERR,ERR,ERR,ERR,ERR,ERR,ERR,ERR,ERR,ERR,ERR,ERR,ERR,ERR,ERR,ERR,ERR,ERR,ERR,ERR,ERR,ERR,ERR,ERR,ERR,ERR,ERR,ERR,ERR,ERR,ERR,ERR,ERR,ERR,ERR,ERR,ERR,ERR,ERR,ERR,ERR,ERR,ERR,ERR,ERR,ERR,0.0,-0.0,3.028208139652935e+23,0.0,0.0,1.3936040501711995e+18,7.805,0.0,0,0,4,0,7300,-0.0,0,0.0,0.0,0.0,0.0,0.0,0,0,0,0,0.0,0,0,0,0,0,0,0,0,0,0,0,0,0,0,0,0,0,0,0,0,0,0,0,0,0,0,0,0,0,0,0,0,0,32,30,30,62,65476,0,300,0,0,8,21553,0.0,-107605600.0,0.0,0.0,0.0,0.0,0.0,0.0,0.0,0.0,0.0,0.0,0.0,0.0,0.0,0.0,0.0,0.0,0.0,0.0,0.0,0.0,2.004,-2.004,2.004,2.004,0.0,0.0,0.0,0.0,5616.0,-0.0,6933.0,0.0,-0.0,-0.0,0.0,0.0,0.0,0.0,0.0,63,-3.2220267480110635e+26,-152017683087360.0,0.0,0.0,0.0,0.0,0.0,0.0,0.0,0,0,0,0.0,0.0,0.0,0.0,0.0,0.0,0.0,0.0,0.0,0.0,0.0,0.0,0.0,0.0,0.0,0.0,0,-107875648.0,63,0.0,126,2.7184242562605685e+23,2.842318642297501e+23,ERR,ERR,ERR,ERR,ERR,ERR,ERR,ERR,ERR,ERR,ERR,ERR,ERR,ERR,ERR,ERR,ERR,ERR,ERR,ERR,ERR,ERR,ERR,ERR,ERR,ERR,ERR,ERR,ERR,ERR,ERR,ERR,ERR,ERR,ERR,ERR,ERR,ERR,ERR,ERR,ERR,ERR,ERR,ERR,ERR,ERR,ERR,ERR,ERR,ERR,ERR,ERR,ERR,ERR,ERR,ERR,ERR,ERR,ERR,ERR,ERR,ERR,ERR,ERR,ERR,ERR,ERR,34.0,80.0,35,0.0,0.0,0.0,0.0,0.0,0.0,0.0,0.0,0.0,0.0,0.0,0.0,0.0,0.0,0.0,0.0,64.4,0,116,56,49,65476,0,300,0,0,8,20529,65476,0,0,57672,80.0,0.0,0.0,0.0,0.0,0.0
2026-06-17T04:55:40,ERR,ERR,ERR,ERR,ERR,ERR,ERR,ERR,ERR,ERR,ERR,ERR,ERR,ERR,ERR,ERR,ERR,ERR,ERR,ERR,ERR,ERR,ERR,ERR,ERR,ERR,ERR,ERR,ERR,ERR,ERR,ERR,ERR,ERR,ERR,ERR,ERR,ERR,ERR,ERR,ERR,ERR,ERR,ERR,ERR,ERR,ERR,ERR,ERR,ERR,ERR,ERR,ERR,ERR,ERR,ERR,ERR,ERR,ERR,ERR,ERR,ERR,ERR,ERR,ERR,ERR,ERR,ERR,ERR,ERR,ERR,ERR,ERR,ERR,ERR,ERR,ERR,ERR,ERR,ERR,ERR,ERR,ERR,ERR,ERR,ERR,ERR,ERR,ERR,ERR,ERR,ERR,ERR,ERR,ERR,ERR,ERR,ERR,ERR,ERR,ERR,ERR,ERR,ERR,ERR,ERR,ERR,ERR,ERR,ERR,ERR,ERR,ERR,ERR,ERR,ERR,ERR,ERR,ERR,ERR,ERR,ERR,ERR,ERR,ERR,0.0,-0.0,3.028208139652935e+23,0.0,0.0,1.3936040501711995e+18,7.805,0.0,0,0,4,0,7300,-0.0,0,0.0,0.0,0.0,0.0,0.0,0,0,0,0,0.0,0,0,0,0,0,0,0,0,0,0,0,0,0,0,0,0,0,0,0,0,0,0,0,0,0,0,0,0,0,0,0,0,0,32,30,30,62,65476,0,300,0,0,8,21553,0.0,-107605600.0,0.0,0.0,0.0,0.0,0.0,0.0,0.0,0.0,0.0,0.0,0.0,0.0,0.0,0.0,0.0,0.0,0.0,0.0,0.0,0.0,2.004,-2.004,2.004,2.004,0.0,0.0,0.0,0.0,5616.0,-0.0,6933.0,0.0,-0.0,-0.0,0.0,0.0,0.0,0.0,0.0,63,-3.2220267480110635e+26,-152017683087360.0,0.0,0.0,0.0,0.0,0.0,0.0,0.0,0,0,0,0.0,0.0,0.0,0.0,0.0,0.0,0.0,0.0,0.0,0.0,0.0,0.0,0.0,0.0,0.0,0.0,0,-107875648.0,63,0.0,126,2.7184242562605685e+23,2.842318642297501e+23,ERR,ERR,ERR,ERR,ERR,ERR,ERR,ERR,ERR,ERR,ERR,ERR,ERR,ERR,ERR,ERR,ERR,ERR,ERR,ERR,ERR,ERR,ERR,ERR,ERR,ERR,ERR,ERR,ERR,ERR,ERR,ERR,ERR,ERR,ERR,ERR,ERR,ERR,ERR,ERR,ERR,ERR,ERR,ERR,ERR,ERR,ERR,ERR,ERR,ERR,ERR,ERR,ERR,ERR,ERR,ERR,ERR,ERR,ERR,ERR,ERR,ERR,ERR,ERR,ERR,ERR,ERR,34.0,80.0,35,0.0,0.0,0.0,0.0,0.0,0.0,0.0,0.0,0.0,0.0,0.0,0.0,0.0,0.0,0.0,0.0,64.4,0,116,56,49,65476,0,300,0,0,8,20529,65476,0,0,57672,80.0,0.0,0.0,0.0,0.0,0.0
2026-06-17T04:55:41,ERR,ERR,ERR,ERR,ERR,ERR,ERR,ERR,ERR,ERR,ERR,ERR,ERR,ERR,ERR,ERR,ERR,ERR,ERR,ERR,ERR,ERR,ERR,ERR,ERR,ERR,ERR,ERR,ERR,ERR,ERR,ERR,ERR,ERR,ERR,ERR,ERR,ERR,ERR,ERR,ERR,ERR,ERR,ERR,ERR,ERR,ERR,ERR,ERR,ERR,ERR,ERR,ERR,ERR,ERR,ERR,ERR,ERR,ERR,ERR,ERR,ERR,ERR,ERR,ERR,ERR,ERR,ERR,ERR,ERR,ERR,ERR,ERR,ERR,ERR,ERR,ERR,ERR,ERR,ERR,ERR,ERR,ERR,ERR,ERR,ERR,ERR,ERR,ERR,ERR,ERR,ERR,ERR,ERR,ERR,ERR,ERR,ERR,ERR,ERR,ERR,ERR,ERR,ERR,ERR,ERR,ERR,ERR,ERR,ERR,ERR,ERR,ERR,ERR,ERR,ERR,ERR,ERR,ERR,ERR,ERR,ERR,ERR,ERR,ERR,0.0,-0.0,3.028208139652935e+23,0.0,0.0,1.3936040501711995e+18,7.805,0.0,0,0,4,0,7300,-0.0,0,0.0,0.0,0.0,0.0,0.0,0,0,0,0,0.0,0,0,0,0,0,0,0,0,0,0,0,0,0,0,0,0,0,0,0,0,0,0,0,0,0,0,0,0,0,0,0,0,0,32,30,30,62,65476,0,300,0,0,8,21553,0.0,-107605600.0,0.0,0.0,0.0,0.0,0.0,0.0,0.0,0.0,0.0,0.0,0.0,0.0,0.0,0.0,0.0,0.0,0.0,0.0,0.0,0.0,2.004,-2.004,2.004,2.004,0.0,0.0,0.0,0.0,5616.0,-0.0,6933.0,0.0,-0.0,-0.0,0.0,0.0,0.0,0.0,0.0,63,-3.2220267480110635e+26,-152017683087360.0,0.0,0.0,0.0,0.0,0.0,0.0,0.0,0,0,0,0.0,0.0,0.0,0.0,0.0,0.0,0.0,0.0,0.0,0.0,0.0,0.0,0.0,0.0,0.0,0.0,0,-107875648.0,63,0.0,126,2.7184242562605685e+23,2.842318642297501e+23,ERR,ERR,ERR,ERR,ERR,ERR,ERR,ERR,ERR,ERR,ERR,ERR,ERR,ERR,ERR,ERR,ERR,ERR,ERR,ERR,ERR,ERR,ERR,ERR,ERR,ERR,ERR,ERR,ERR,ERR,ERR,ERR,ERR,ERR,ERR,ERR,ERR,ERR,ERR,ERR,ERR,ERR,ERR,ERR,ERR,ERR,ERR,ERR,ERR,ERR,ERR,ERR,ERR,ERR,ERR,ERR,ERR,ERR,ERR,ERR,ERR,ERR,ERR,ERR,ERR,ERR,ERR,34.0,80.0,35,0.0,0.0,0.0,0.0,0.0,0.0,0.0,0.0,0.0,0.0,0.0,0.0,0.0,0.0,0.0,0.0,64.4,0,116,56,49,65476,0,300,0,0,8,20529,65476,0,0,57672,80.0,0.0,0.0,0.0,0.0,0.0
2026-06-17T04:55:42,ERR,ERR,ERR,ERR,ERR,ERR,ERR,ERR,ERR,ERR,ERR,ERR,ERR,ERR,ERR,ERR,ERR,ERR,ERR,ERR,ERR,ERR,ERR,ERR,ERR,ERR,ERR,ERR,ERR,ERR,ERR,ERR,ERR,ERR,ERR,ERR,ERR,ERR,ERR,ERR,ERR,ERR,ERR,ERR,ERR,ERR,ERR,ERR,ERR,ERR,ERR,ERR,ERR,ERR,ERR,ERR,ERR,ERR,ERR,ERR,ERR,ERR,ERR,ERR,ERR,ERR,ERR,ERR,ERR,ERR,ERR,ERR,ERR,ERR,ERR,ERR,ERR,ERR,ERR,ERR,ERR,ERR,ERR,ERR,ERR,ERR,ERR,ERR,ERR,ERR,ERR,ERR,ERR,ERR,ERR,ERR,ERR,ERR,ERR,ERR,ERR,ERR,ERR,ERR,ERR,ERR,ERR,ERR,ERR,ERR,ERR,ERR,ERR,ERR,ERR,ERR,ERR,ERR,ERR,ERR,ERR,ERR,ERR,ERR,ERR,0.0,-0.0,-0.0,0.0,0.0,1.3936040501711995e+18,7.805,0.0,0,0,4,0,7300,-0.0,0,0.0,0.0,0.0,0.0,0.0,0,0,0,0,0.0,0,0,0,0,0,0,0,0,0,0,0,0,0,0,0,0,0,0,0,0,0,0,0,0,0,0,0,0,0,0,0,0,0,32,30,30,62,65476,0,300,0,0,8,21553,0.0,-107605600.0,0.0,0.0,0.0,0.0,0.0,0.0,0.0,0.0,0.0,0.0,0.0,0.0,0.0,0.0,0.0,0.0,0.0,0.0,0.0,0.0,2.004,-2.004,2.004,2.004,0.0,0.0,0.0,0.0,5648.0,2.422993669139805e+24,6925.0,0.0,-0.0,-0.0,0.0,0.0,0.0,0.0,0.0,63,-3.2220267480110635e+26,-107614984.0,0.0,0.0,0.0,0.0,0.0,0.0,0.0,0,0,0,0.0,0.0,0.0,0.0,0.0,0.0,0.0,0.0,0.0,0.0,0.0,0.0,0.0,0.0,0.0,0.0,0,-107875648.0,63,0.0,126,2.7184242562605685e+23,2.842318642297501e+23,ERR,ERR,ERR,ERR,ERR,ERR,ERR,ERR,ERR,ERR,ERR,ERR,ERR,ERR,ERR,ERR,ERR,ERR,ERR,ERR,ERR,ERR,ERR,ERR,ERR,ERR,ERR,ERR,ERR,ERR,ERR,ERR,ERR,ERR,ERR,ERR,ERR,ERR,ERR,ERR,ERR,ERR,ERR,ERR,ERR,ERR,ERR,ERR,ERR,ERR,ERR,ERR,ERR,ERR,ERR,ERR,ERR,ERR,ERR,ERR,ERR,ERR,ERR,ERR,ERR,ERR,ERR,34.0,80.0,35,0.0,0.0,0.0,0.0,0.0,0.0,0.0,0.0,0.0,0.0,0.0,0.0,0.0,0.0,0.0,0.0,64.4,0,116,56,49,65476,0,300,0,0,8,20529,65476,0,0,57672,80.0,0.0,0.0,0.0,0.0,0.0
2026-06-17T04:55:43,ERR,ERR,ERR,ERR,ERR,ERR,ERR,ERR,ERR,ERR,ERR,ERR,ERR,ERR,ERR,ERR,ERR,ERR,ERR,ERR,ERR,ERR,ERR,ERR,ERR,ERR,ERR,ERR,ERR,ERR,ERR,ERR,ERR,ERR,ERR,ERR,ERR,ERR,ERR,ERR,ERR,ERR,ERR,ERR,ERR,ERR,ERR,ERR,ERR,ERR,ERR,ERR,ERR,ERR,ERR,ERR,ERR,ERR,ERR,ERR,ERR,ERR,ERR,ERR,ERR,ERR,ERR,ERR,ERR,ERR,ERR,ERR,ERR,ERR,ERR,ERR,ERR,ERR,ERR,ERR,ERR,ERR,ERR,ERR,ERR,ERR,ERR,ERR,ERR,ERR,ERR,ERR,ERR,ERR,ERR,ERR,ERR,ERR,ERR,ERR,ERR,ERR,ERR,ERR,ERR,ERR,ERR,ERR,ERR,ERR,ERR,ERR,ERR,ERR,ERR,ERR,ERR,ERR,ERR,ERR,ERR,ERR,ERR,ERR,ERR,0.0,-0.0,-0.0,0.0,0.0,1.3936040501711995e+18,7.805,0.0,0,0,4,0,7300,-0.0,0,0.0,0.0,0.0,0.0,0.0,0,0,0,0,0.0,0,0,0,0,0,0,0,0,0,0,0,0,0,0,0,0,0,0,0,0,0,0,0,0,0,0,0,0,0,0,0,0,0,32,30,30,62,65476,0,300,0,0,8,21553,0.0,-107605600.0,0.0,0.0,0.0,0.0,0.0,0.0,0.0,0.0,0.0,0.0,0.0,0.0,0.0,0.0,0.0,0.0,0.0,0.0,0.0,0.0,2.004,-2.004,2.004,2.004,0.0,0.0,0.0,0.0,5648.0,2.422993669139805e+24,6925.0,0.0,-0.0,-0.0,0.0,0.0,0.0,0.0,0.0,63,-3.2220267480110635e+26,-107614984.0,0.0,0.0,0.0,0.0,0.0,0.0,0.0,0,0,0,0.0,0.0,0.0,0.0,0.0,0.0,0.0,0.0,0.0,0.0,0.0,0.0,0.0,0.0,0.0,0.0,0,-107875648.0,63,0.0,126,2.7184242562605685e+23,2.842318642297501e+23,ERR,ERR,ERR,ERR,ERR,ERR,ERR,ERR,ERR,ERR,ERR,ERR,ERR,ERR,ERR,ERR,ERR,ERR,ERR,ERR,ERR,ERR,ERR,ERR,ERR,ERR,ERR,ERR,ERR,ERR,ERR,ERR,ERR,ERR,ERR,ERR,ERR,ERR,ERR,ERR,ERR,ERR,ERR,ERR,ERR,ERR,ERR,ERR,ERR,ERR,ERR,ERR,ERR,ERR,ERR,ERR,ERR,ERR,ERR,ERR,ERR,ERR,ERR,ERR,ERR,ERR,ERR,34.0,80.0,35,0.0,0.0,0.0,0.0,0.0,0.0,0.0,0.0,0.0,0.0,0.0,0.0,0.0,0.0,0.0,0.0,64.4,0,116,56,49,65476,0,300,0,0,8,20529,65476,0,0,57672,80.0,0.0,0.0,0.0,0.0,0.0
2026-06-17T04:55:44,ERR,ERR,ERR,ERR,ERR,ERR,ERR,ERR,ERR,ERR,ERR,ERR,ERR,ERR,ERR,ERR,ERR,ERR,ERR,ERR,ERR,ERR,ERR,ERR,ERR,ERR,ERR,ERR,ERR,ERR,ERR,ERR,ERR,ERR,ERR,ERR,ERR,ERR,ERR,ERR,ERR,ERR,ERR,ERR,ERR,ERR,ERR,ERR,ERR,ERR,ERR,ERR,ERR,ERR,ERR,ERR,ERR,ERR,ERR,ERR,ERR,ERR,ERR,ERR,ERR,ERR,ERR,ERR,ERR,ERR,ERR,ERR,ERR,ERR,ERR,ERR,ERR,ERR,ERR,ERR,ERR,ERR,ERR,ERR,ERR,ERR,ERR,ERR,ERR,ERR,ERR,ERR,ERR,ERR,ERR,ERR,ERR,ERR,ERR,ERR,ERR,ERR,ERR,ERR,ERR,ERR,ERR,ERR,ERR,ERR,ERR,ERR,ERR,ERR,ERR,ERR,ERR,ERR,ERR,ERR,ERR,ERR,ERR,ERR,ERR,0.0,-0.0,-0.0,0.0,0.0,1.3936040501711995e+18,7.805,0.0,0,0,4,0,7300,-0.0,0,0.0,0.0,0.0,0.0,0.0,0,0,0,0,0.0,0,0,0,0,0,0,0,0,0,0,0,0,0,0,0,0,0,0,0,0,0,0,0,0,0,0,0,0,0,0,0,0,0,32,30,30,62,65476,0,300,0,0,8,21553,0.0,-107605600.0,0.0,0.0,0.0,0.0,0.0,0.0,0.0,0.0,0.0,0.0,0.0,0.0,0.0,0.0,0.0,0.0,0.0,0.0,0.0,0.0,2.004,-2.004,2.004,2.004,0.0,0.0,0.0,0.0,5648.0,2.422993669139805e+24,6925.0,0.0,-0.0,-0.0,0.0,0.0,0.0,0.0,0.0,63,-3.2220267480110635e+26,-107614984.0,0.0,0.0,0.0,0.0,0.0,0.0,0.0,0,0,0,0.0,0.0,0.0,0.0,0.0,0.0,0.0,0.0,0.0,0.0,0.0,0.0,0.0,0.0,0.0,0.0,0,-107875648.0,63,0.0,126,2.7184242562605685e+23,2.842318642297501e+23,ERR,ERR,ERR,ERR,ERR,ERR,ERR,ERR,ERR,ERR,ERR,ERR,ERR,ERR,ERR,ERR,ERR,ERR,ERR,ERR,ERR,ERR,ERR,ERR,ERR,ERR,ERR,ERR,ERR,ERR,ERR,ERR,ERR,ERR,ERR,ERR,ERR,ERR,ERR,ERR,ERR,ERR,ERR,ERR,ERR,ERR,ERR,ERR,ERR,ERR,ERR,ERR,ERR,ERR,ERR,ERR,ERR,ERR,ERR,ERR,ERR,ERR,ERR,ERR,ERR,ERR,ERR,34.0,80.0,35,0.0,0.0,0.0,0.0,0.0,0.0,0.0,0.0,0.0,0.0,0.0,0.0,0.0,0.0,0.0,0.0,64.4,0,116,56,49,65476,0,300,0,0,8,20529,65476,0,0,57672,80.0,0.0,0.0,0.0,0.0,0.0
2026-06-17T04:55:45,ERR,ERR,ERR,ERR,ERR,ERR,ERR,ERR,ERR,ERR,ERR,ERR,ERR,ERR,ERR,ERR,ERR,ERR,ERR,ERR,ERR,ERR,ERR,ERR,ERR,ERR,ERR,ERR,ERR,ERR,ERR,ERR,ERR,ERR,ERR,ERR,ERR,ERR,ERR,ERR,ERR,ERR,ERR,ERR,ERR,ERR,ERR,ERR,ERR,ERR,ERR,ERR,ERR,ERR,ERR,ERR,ERR,ERR,ERR,ERR,ERR,ERR,ERR,ERR,ERR,ERR,ERR,ERR,ERR,ERR,ERR,ERR,ERR,ERR,ERR,ERR,ERR,ERR,ERR,ERR,ERR,ERR,ERR,ERR,ERR,ERR,ERR,ERR,ERR,ERR,ERR,ERR,ERR,ERR,ERR,ERR,ERR,ERR,ERR,ERR,ERR,ERR,ERR,ERR,ERR,ERR,ERR,ERR,ERR,ERR,ERR,ERR,ERR,ERR,ERR,ERR,ERR,ERR,ERR,ERR,ERR,ERR,ERR,ERR,ERR,0.0,-0.0,-0.0,0.0,0.0,1.3936040501711995e+18,7.805,0.0,0,0,4,0,7300,-0.0,0,0.0,0.0,0.0,0.0,0.0,0,0,0,0,0.0,0,0,0,0,0,0,0,0,0,0,0,0,0,0,0,0,0,0,0,0,0,0,0,0,0,0,0,0,0,0,0,0,0,32,30,30,62,65476,0,300,0,0,8,21553,0.0,-107605600.0,0.0,0.0,0.0,0.0,0.0,0.0,0.0,0.0,0.0,0.0,0.0,0.0,0.0,0.0,0.0,0.0,0.0,0.0,0.0,0.0,2.004,-2.004,2.004,2.004,0.0,0.0,0.0,0.0,5648.0,2.422993669139805e+24,6925.0,0.0,-0.0,-0.0,0.0,0.0,0.0,0.0,0.0,63,-3.2220267480110635e+26,-107614984.0,0.0,0.0,0.0,0.0,0.0,0.0,0.0,0,0,0,0.0,0.0,0.0,0.0,0.0,0.0,0.0,0.0,0.0,0.0,0.0,0.0,0.0,0.0,0.0,0.0,0,-107875648.0,63,0.0,126,2.7184242562605685e+23,2.842318642297501e+23,ERR,ERR,ERR,ERR,ERR,ERR,ERR,ERR,ERR,ERR,ERR,ERR,ERR,ERR,ERR,ERR,ERR,ERR,ERR,ERR,ERR,ERR,ERR,ERR,ERR,ERR,ERR,ERR,ERR,ERR,ERR,ERR,ERR,ERR,ERR,ERR,ERR,ERR,ERR,ERR,ERR,ERR,ERR,ERR,ERR,ERR,ERR,ERR,ERR,ERR,ERR,ERR,ERR,ERR,ERR,ERR,ERR,ERR,ERR,ERR,ERR,ERR,ERR,ERR,ERR,ERR,ERR,34.0,80.0,35,0.0,0.0,0.0,0.0,0.0,0.0,0.0,0.0,0.0,0.0,0.0,0.0,0.0,0.0,0.0,0.0,64.4,0,116,56,49,65476,0,300,0,0,8,20529,65476,0,0,57672,80.0,0.0,0.0,0.0,0.0,0.0
2026-06-17T04:55:46,ERR,ERR,ERR,ERR,ERR,ERR,ERR,ERR,ERR,ERR,ERR,ERR,ERR,ERR,ERR,ERR,ERR,ERR,ERR,ERR,ERR,ERR,ERR,ERR,ERR,ERR,ERR,ERR,ERR,ERR,ERR,ERR,ERR,ERR,ERR,ERR,ERR,ERR,ERR,ERR,ERR,ERR,ERR,ERR,ERR,ERR,ERR,ERR,ERR,ERR,ERR,ERR,ERR,ERR,ERR,ERR,ERR,ERR,ERR,ERR,ERR,ERR,ERR,ERR,ERR,ERR,ERR,ERR,ERR,ERR,ERR,ERR,ERR,ERR,ERR,ERR,ERR,ERR,ERR,ERR,ERR,ERR,ERR,ERR,ERR,ERR,ERR,ERR,ERR,ERR,ERR,ERR,ERR,ERR,ERR,ERR,ERR,ERR,ERR,ERR,ERR,ERR,ERR,ERR,ERR,ERR,ERR,ERR,ERR,ERR,ERR,ERR,ERR,ERR,ERR,ERR,ERR,ERR,ERR,ERR,ERR,ERR,ERR,ERR,ERR,0.0,-0.0,-0.0,0.0,0.0,1.3936040501711995e+18,7.805,0.0,0,0,4,0,7300,-0.0,0,0.0,0.0,0.0,0.0,0.0,0,0,0,0,0.0,0,0,0,0,0,0,0,0,0,0,0,0,0,0,0,0,0,0,0,0,0,0,0,0,0,0,0,0,0,0,0,0,0,32,30,30,62,65476,0,300,0,0,8,21553,0.0,-107605600.0,0.0,0.0,0.0,0.0,0.0,0.0,0.0,0.0,0.0,0.0,0.0,0.0,0.0,0.0,0.0,0.0,0.0,0.0,0.0,0.0,2.004,-2.004,2.004,2.004,0.0,0.0,0.0,0.0,5648.0,2.422993669139805e+24,6925.0,0.0,-0.0,-0.0,0.0,0.0,0.0,0.0,0.0,63,-3.2220267480110635e+26,-107614984.0,0.0,0.0,0.0,0.0,0.0,0.0,0.0,0,0,0,0.0,0.0,0.0,0.0,0.0,0.0,0.0,0.0,0.0,0.0,0.0,0.0,0.0,0.0,0.0,0.0,0,-107875648.0,63,0.0,126,2.7184242562605685e+23,2.842318642297501e+23,ERR,ERR,ERR,ERR,ERR,ERR,ERR,ERR,ERR,ERR,ERR,ERR,ERR,ERR,ERR,ERR,ERR,ERR,ERR,ERR,ERR,ERR,ERR,ERR,ERR,ERR,ERR,ERR,ERR,ERR,ERR,ERR,ERR,ERR,ERR,ERR,ERR,ERR,ERR,ERR,ERR,ERR,ERR,ERR,ERR,ERR,ERR,ERR,ERR,ERR,ERR,ERR,ERR,ERR,ERR,ERR,ERR,ERR,ERR,ERR,ERR,ERR,ERR,ERR,ERR,ERR,ERR,34.0,80.0,35,0.0,0.0,0.0,0.0,0.0,0.0,0.0,0.0,0.0,0.0,0.0,0.0,0.0,0.0,0.0,0.0,64.8,0,116,56,49,65476,0,300,0,0,8,20529,65476,0,0,57672,80.0,0.0,0.0,0.0,0.0,0.0
2026-06-17T04:55:47,ERR,ERR,ERR,ERR,ERR,ERR,ERR,ERR,ERR,ERR,ERR,ERR,ERR,ERR,ERR,ERR,ERR,ERR,ERR,ERR,ERR,ERR,ERR,ERR,ERR,ERR,ERR,ERR,ERR,ERR,ERR,ERR,ERR,ERR,ERR,ERR,ERR,ERR,ERR,ERR,ERR,ERR,ERR,ERR,ERR,ERR,ERR,ERR,ERR,ERR,ERR,ERR,ERR,ERR,ERR,ERR,ERR,ERR,ERR,ERR,ERR,ERR,ERR,ERR,ERR,ERR,ERR,ERR,ERR,ERR,ERR,ERR,ERR,ERR,ERR,ERR,ERR,ERR,ERR,ERR,ERR,ERR,ERR,ERR,ERR,ERR,ERR,ERR,ERR,ERR,ERR,ERR,ERR,ERR,ERR,ERR,ERR,ERR,ERR,ERR,ERR,ERR,ERR,ERR,ERR,ERR,ERR,ERR,ERR,ERR,ERR,ERR,ERR,ERR,ERR,ERR,ERR,ERR,ERR,ERR,ERR,ERR,ERR,ERR,ERR,0.0,-0.0,3.028208139652935e+23,0.0,0.0,1.3936040501711995e+18,7.805,0.0,0,0,4,0,7300,-0.0,0,0.0,0.0,0.0,0.0,0.0,0,0,0,0,0.0,0,0,0,0,0,0,0,0,0,0,0,0,0,0,0,0,0,0,0,0,0,0,0,0,0,0,0,0,0,0,0,0,0,32,30,30,62,65476,0,300,0,0,8,21553,0.0,-107605600.0,0.0,0.0,0.0,0.0,0.0,0.0,0.0,0.0,0.0,0.0,0.0,0.0,-2.596148429267414e+33,0.0,0.0,0.0,0.0,0.0,0.0,0.0,2.004,-2.004,2.004,0.0,0.0,0.0,0.0,0.0,5680.0,0.0,6913.0,0.0,-0.0,-0.0,0.0,0.0,0.0,0.0,0.0,63,-3.2220267480110635e+26,-0.0,0.0,0.0,0.0,0.0,0.0,0.0,0.0,0,0,0,0.0,0.0,0.0,0.0,0.0,0.0,0.0,0.0,0.0,0.0,0.0,0.0,0.0,0.0,0.0,0.0,0,-107875648.0,63,0.0,126,2.7184242562605685e+23,2.842318642297501e+23,ERR,ERR,ERR,ERR,ERR,ERR,ERR,ERR,ERR,ERR,ERR,ERR,ERR,ERR,ERR,ERR,ERR,ERR,ERR,ERR,ERR,ERR,ERR,ERR,ERR,ERR,ERR,ERR,ERR,ERR,ERR,ERR,ERR,ERR,ERR,ERR,ERR,ERR,ERR,ERR,ERR,ERR,ERR,ERR,ERR,ERR,ERR,ERR,ERR,ERR,ERR,ERR,ERR,ERR,ERR,ERR,ERR,ERR,ERR,ERR,ERR,ERR,ERR,ERR,ERR,ERR,ERR,34.0,80.0,35,0.0,0.0,0.0,0.0,0.0,0.0,0.0,0.0,0.0,0.0,0.0,0.0,0.0,0.0,0.0,0.0,64.4,0,116,56,49,65476,0,300,0,0,8,20529,65476,0,0,57672,80.0,0.0,0.0,0.0,0.0,0.0
2026-06-17T04:55:48,ERR,ERR,ERR,ERR,ERR,ERR,ERR,ERR,ERR,ERR,ERR,ERR,ERR,ERR,ERR,ERR,ERR,ERR,ERR,ERR,ERR,ERR,ERR,ERR,ERR,ERR,ERR,ERR,ERR,ERR,ERR,ERR,ERR,ERR,ERR,ERR,ERR,ERR,ERR,ERR,ERR,ERR,ERR,ERR,ERR,ERR,ERR,ERR,ERR,ERR,ERR,ERR,ERR,ERR,ERR,ERR,ERR,ERR,ERR,ERR,ERR,ERR,ERR,ERR,ERR,ERR,ERR,ERR,ERR,ERR,ERR,ERR,ERR,ERR,ERR,ERR,ERR,ERR,ERR,ERR,ERR,ERR,ERR,ERR,ERR,ERR,ERR,ERR,ERR,ERR,ERR,ERR,ERR,ERR,ERR,ERR,ERR,ERR,ERR,ERR,ERR,ERR,ERR,ERR,ERR,ERR,ERR,ERR,ERR,ERR,ERR,ERR,ERR,ERR,ERR,ERR,ERR,ERR,ERR,ERR,ERR,ERR,ERR,ERR,ERR,0.0,-0.0,3.028208139652935e+23,0.0,0.0,1.3936040501711995e+18,7.805,0.0,0,0,4,0,7300,-0.0,0,0.0,0.0,0.0,0.0,0.0,0,0,0,0,0.0,0,0,0,0,0,0,0,0,0,0,0,0,0,0,0,0,0,0,0,0,0,0,0,0,0,0,0,0,0,0,0,0,0,32,30,30,62,65476,0,300,0,0,8,21553,0.0,-107605600.0,0.0,0.0,0.0,0.0,0.0,0.0,0.0,0.0,0.0,0.0,0.0,0.0,-2.596148429267414e+33,0.0,0.0,0.0,0.0,0.0,0.0,0.0,2.004,-2.004,2.004,0.0,0.0,0.0,0.0,0.0,5680.0,0.0,6913.0,0.0,-0.0,-0.0,0.0,0.0,0.0,0.0,0.0,63,-3.2220267480110635e+26,-0.0,0.0,0.0,0.0,0.0,0.0,0.0,0.0,0,0,0,0.0,0.0,0.0,0.0,0.0,0.0,0.0,0.0,0.0,0.0,0.0,0.0,0.0,0.0,0.0,0.0,0,-107875648.0,63,0.0,126,2.7184242562605685e+23,2.842318642297501e+23,ERR,ERR,ERR,ERR,ERR,ERR,ERR,ERR,ERR,ERR,ERR,ERR,ERR,ERR,ERR,ERR,ERR,ERR,ERR,ERR,ERR,ERR,ERR,ERR,ERR,ERR,ERR,ERR,ERR,ERR,ERR,ERR,ERR,ERR,ERR,ERR,ERR,ERR,ERR,ERR,ERR,ERR,ERR,ERR,ERR,ERR,ERR,ERR,ERR,ERR,ERR,ERR,ERR,ERR,ERR,ERR,ERR,ERR,ERR,ERR,ERR,ERR,ERR,ERR,ERR,ERR,ERR,34.0,80.0,35,0.0,0.0,0.0,0.0,0.0,0.0,0.0,0.0,0.0,0.0,0.0,0.0,0.0,0.0,0.0,0.0,64.4,0,116,56,49,65476,0,300,0,0,8,20529,65476,0,0,57672,80.0,0.0,0.0,0.0,0.0,0.0
2026-06-17T04:55:49,ERR,ERR,ERR,ERR,ERR,ERR,ERR,ERR,ERR,ERR,ERR,ERR,ERR,ERR,ERR,ERR,ERR,ERR,ERR,ERR,ERR,ERR,ERR,ERR,ERR,ERR,ERR,ERR,ERR,ERR,ERR,ERR,ERR,ERR,ERR,ERR,ERR,ERR,ERR,ERR,ERR,ERR,ERR,ERR,ERR,ERR,ERR,ERR,ERR,ERR,ERR,ERR,ERR,ERR,ERR,ERR,ERR,ERR,ERR,ERR,ERR,ERR,ERR,ERR,ERR,ERR,ERR,ERR,ERR,ERR,ERR,ERR,ERR,ERR,ERR,ERR,ERR,ERR,ERR,ERR,ERR,ERR,ERR,ERR,ERR,ERR,ERR,ERR,ERR,ERR,ERR,ERR,ERR,ERR,ERR,ERR,ERR,ERR,ERR,ERR,ERR,ERR,ERR,ERR,ERR,ERR,ERR,ERR,ERR,ERR,ERR,ERR,ERR,ERR,ERR,ERR,ERR,ERR,ERR,ERR,ERR,ERR,ERR,ERR,ERR,0.0,-0.0,3.028208139652935e+23,0.0,0.0,1.3936040501711995e+18,7.805,0.0,0,0,4,0,7300,-0.0,0,0.0,0.0,0.0,0.0,0.0,0,0,0,0,0.0,0,0,0,0,0,0,0,0,0,0,0,0,0,0,0,0,0,0,0,0,0,0,0,0,0,0,0,0,0,0,0,0,0,32,30,30,62,65476,0,300,0,0,8,21553,0.0,-107605600.0,0.0,0.0,0.0,0.0,0.0,0.0,0.0,0.0,0.0,0.0,0.0,0.0,-2.596148429267414e+33,0.0,0.0,0.0,0.0,0.0,0.0,0.0,2.004,-2.004,2.004,0.0,0.0,0.0,0.0,0.0,5680.0,0.0,6913.0,0.0,-0.0,-0.0,0.0,0.0,0.0,0.0,0.0,63,-3.2220267480110635e+26,-0.0,0.0,0.0,0.0,0.0,0.0,0.0,0.0,0,0,0,0.0,0.0,0.0,0.0,0.0,0.0,0.0,0.0,0.0,0.0,0.0,0.0,0.0,0.0,0.0,0.0,0,-107875648.0,63,0.0,126,2.7184242562605685e+23,2.842318642297501e+23,ERR,ERR,ERR,ERR,ERR,ERR,ERR,ERR,ERR,ERR,ERR,ERR,ERR,ERR,ERR,ERR,ERR,ERR,ERR,ERR,ERR,ERR,ERR,ERR,ERR,ERR,ERR,ERR,ERR,ERR,ERR,ERR,ERR,ERR,ERR,ERR,ERR,ERR,ERR,ERR,ERR,ERR,ERR,ERR,ERR,ERR,ERR,ERR,ERR,ERR,ERR,ERR,ERR,ERR,ERR,ERR,ERR,ERR,ERR,ERR,ERR,ERR,ERR,ERR,ERR,ERR,ERR,34.0,80.0,35,0.0,0.0,0.0,0.0,0.0,0.0,0.0,0.0,0.0,0.0,0.0,0.0,0.0,0.0,0.0,0.0,64.4,0,116,56,49,65476,0,300,0,0,8,20529,65476,0,0,57672,80.0,0.0,0.0,0.0,0.0,0.0
2026-06-17T04:55:50,ERR,ERR,ERR,ERR,ERR,ERR,ERR,ERR,ERR,ERR,ERR,ERR,ERR,ERR,ERR,ERR,ERR,ERR,ERR,ERR,ERR,ERR,ERR,ERR,ERR,ERR,ERR,ERR,ERR,ERR,ERR,ERR,ERR,ERR,ERR,ERR,ERR,ERR,ERR,ERR,ERR,ERR,ERR,ERR,ERR,ERR,ERR,ERR,ERR,ERR,ERR,ERR,ERR,ERR,ERR,ERR,ERR,ERR,ERR,ERR,ERR,ERR,ERR,ERR,ERR,ERR,ERR,ERR,ERR,ERR,ERR,ERR,ERR,ERR,ERR,ERR,ERR,ERR,ERR,ERR,ERR,ERR,ERR,ERR,ERR,ERR,ERR,ERR,ERR,ERR,ERR,ERR,ERR,ERR,ERR,ERR,ERR,ERR,ERR,ERR,ERR,ERR,ERR,ERR,ERR,ERR,ERR,ERR,ERR,ERR,ERR,ERR,ERR,ERR,ERR,ERR,ERR,ERR,ERR,ERR,ERR,ERR,ERR,ERR,ERR,0.0,-0.0,3.028208139652935e+23,0.0,0.0,1.3936040501711995e+18,7.805,0.0,0,0,4,0,7300,-0.0,0,0.0,0.0,0.0,0.0,0.0,0,0,0,0,0.0,0,0,0,0,0,0,0,0,0,0,0,0,0,0,0,0,0,0,0,0,0,0,0,0,0,0,0,0,0,0,0,0,0,32,30,30,62,65476,0,300,0,0,8,21553,0.0,-107605600.0,0.0,0.0,0.0,0.0,0.0,0.0,0.0,0.0,0.0,0.0,0.0,0.0,-2.596148429267414e+33,0.0,0.0,0.0,0.0,0.0,0.0,0.0,2.004,-2.004,2.004,0.0,0.0,0.0,0.0,0.0,5680.0,0.0,6913.0,0.0,-0.0,-0.0,0.0,0.0,0.0,0.0,0.0,63,-3.2220267480110635e+26,-0.0,0.0,0.0,0.0,0.0,0.0,0.0,0.0,0,0,0,0.0,0.0,0.0,0.0,0.0,0.0,0.0,0.0,0.0,0.0,0.0,0.0,0.0,0.0,0.0,0.0,0,-107875648.0,63,0.0,126,2.7184242562605685e+23,2.842318642297501e+23,ERR,ERR,ERR,ERR,ERR,ERR,ERR,ERR,ERR,ERR,ERR,ERR,ERR,ERR,ERR,ERR,ERR,ERR,ERR,ERR,ERR,ERR,ERR,ERR,ERR,ERR,ERR,ERR,ERR,ERR,ERR,ERR,ERR,ERR,ERR,ERR,ERR,ERR,ERR,ERR,ERR,ERR,ERR,ERR,ERR,ERR,ERR,ERR,ERR,ERR,ERR,ERR,ERR,ERR,ERR,ERR,ERR,ERR,ERR,ERR,ERR,ERR,ERR,ERR,ERR,ERR,ERR,34.0,80.0,35,0.0,0.0,0.0,0.0,0.0,0.0,0.0,0.0,0.0,0.0,0.0,0.0,0.0,0.0,0.0,0.0,64.4,0,116,56,49,65476,0,300,0,0,8,20529,65476,0,0,57672,80.0,0.0,0.0,0.0,0.0,0.0
2026-06-17T04:55:51,ERR,ERR,ERR,ERR,ERR,ERR,ERR,ERR,ERR,ERR,ERR,ERR,ERR,ERR,ERR,ERR,ERR,ERR,ERR,ERR,ERR,ERR,ERR,ERR,ERR,ERR,ERR,ERR,ERR,ERR,ERR,ERR,ERR,ERR,ERR,ERR,ERR,ERR,ERR,ERR,ERR,ERR,ERR,ERR,ERR,ERR,ERR,ERR,ERR,ERR,ERR,ERR,ERR,ERR,ERR,ERR,ERR,ERR,ERR,ERR,ERR,ERR,ERR,ERR,ERR,ERR,ERR,ERR,ERR,ERR,ERR,ERR,ERR,ERR,ERR,ERR,ERR,ERR,ERR,ERR,ERR,ERR,ERR,ERR,ERR,ERR,ERR,ERR,ERR,ERR,ERR,ERR,ERR,ERR,ERR,ERR,ERR,ERR,ERR,ERR,ERR,ERR,ERR,ERR,ERR,ERR,ERR,ERR,ERR,ERR,ERR,ERR,ERR,ERR,ERR,ERR,ERR,ERR,ERR,ERR,ERR,ERR,ERR,ERR,ERR,0.0,-0.0,3.028208139652935e+23,0.0,0.0,1.3936040501711995e+18,7.805,0.0,0,0,4,0,7300,-0.0,0,0.0,0.0,0.0,0.0,0.0,0,0,0,0,0.0,0,0,0,0,0,0,0,0,0,0,0,0,0,0,0,0,0,0,0,0,0,0,0,0,0,0,0,0,0,0,0,0,0,32,30,30,62,65476,0,300,0,0,8,21553,0.0,-107605600.0,0.0,0.0,0.0,0.0,0.0,0.0,0.0,0.0,0.0,0.0,0.0,0.0,-2.596148429267414e+33,0.0,0.0,0.0,0.0,0.0,0.0,0.0,2.004,-2.004,2.004,0.0,0.0,0.0,0.0,0.0,5680.0,0.0,6913.0,0.0,-0.0,-0.0,0.0,0.0,0.0,0.0,0.0,63,-3.2220267480110635e+26,-0.0,0.0,0.0,0.0,0.0,0.0,0.0,0.0,0,0,0,0.0,0.0,0.0,0.0,0.0,0.0,0.0,0.0,0.0,0.0,0.0,0.0,0.0,0.0,0.0,0.0,0,-107875648.0,63,0.0,126,2.7184242562605685e+23,2.842318642297501e+23,ERR,ERR,ERR,ERR,ERR,ERR,ERR,ERR,ERR,ERR,ERR,ERR,ERR,ERR,ERR,ERR,ERR,ERR,ERR,ERR,ERR,ERR,ERR,ERR,ERR,ERR,ERR,ERR,ERR,ERR,ERR,ERR,ERR,ERR,ERR,ERR,ERR,ERR,ERR,ERR,ERR,ERR,ERR,ERR,ERR,ERR,ERR,ERR,ERR,ERR,ERR,ERR,ERR,ERR,ERR,ERR,ERR,ERR,ERR,ERR,ERR,ERR,ERR,ERR,ERR,ERR,ERR,34.0,80.0,35,0.0,0.0,0.0,0.0,0.0,0.0,0.0,0.0,0.0,0.0,0.0,0.0,0.0,0.0,0.0,0.0,64.4,0,116,56,49,65476,0,300,0,0,8,20529,65476,0,0,57672,80.0,0.0,0.0,0.0,0.0,0.0
2026-06-17T04:55:52,ERR,ERR,ERR,ERR,ERR,ERR,ERR,ERR,ERR,ERR,ERR,ERR,ERR,ERR,ERR,ERR,ERR,ERR,ERR,ERR,ERR,ERR,ERR,ERR,ERR,ERR,ERR,ERR,ERR,ERR,ERR,ERR,ERR,ERR,ERR,ERR,ERR,ERR,ERR,ERR,ERR,ERR,ERR,ERR,ERR,ERR,ERR,ERR,ERR,ERR,ERR,ERR,ERR,ERR,ERR,ERR,ERR,ERR,ERR,ERR,ERR,ERR,ERR,ERR,ERR,ERR,ERR,ERR,ERR,ERR,ERR,ERR,ERR,ERR,ERR,ERR,ERR,ERR,ERR,ERR,ERR,ERR,ERR,ERR,ERR,ERR,ERR,ERR,ERR,ERR,ERR,ERR,ERR,ERR,ERR,ERR,ERR,ERR,ERR,ERR,ERR,ERR,ERR,ERR,ERR,ERR,ERR,ERR,ERR,ERR,ERR,ERR,ERR,ERR,ERR,ERR,ERR,ERR,ERR,ERR,ERR,ERR,ERR,ERR,ERR,0.0,-0.0,3.028208139652935e+23,0.0,0.0,1.3936040501711995e+18,7.805,0.0,0,0,4,0,7300,-0.0,0,0.0,0.0,0.0,0.0,0.0,0,0,0,0,0.0,0,0,0,0,0,0,0,0,0,0,0,0,0,0,0,0,0,0,0,0,0,0,0,0,0,0,0,0,0,0,0,0,0,32,30,30,62,65476,0,300,0,0,8,21553,0.0,-107605600.0,0.0,0.0,0.0,0.0,0.0,0.0,0.0,0.0,0.0,0.0,0.0,0.0,-2.596148429267414e+33,0.0,0.0,0.0,0.0,0.0,0.0,0.0,2.004,-2.004,2.004,0.0,0.0,0.0,0.0,0.0,5680.0,0.0,6913.0,0.0,-0.0,-0.0,0.0,0.0,0.0,0.0,0.0,63,-3.2220267480110635e+26,-0.0,0.0,0.0,0.0,0.0,0.0,0.0,0.0,0,0,0,0.0,0.0,0.0,0.0,0.0,0.0,0.0,0.0,0.0,0.0,0.0,0.0,0.0,0.0,0.0,0.0,0,-107875648.0,63,0.0,126,2.7184242562605685e+23,2.842318642297501e+23,ERR,ERR,ERR,ERR,ERR,ERR,ERR,ERR,ERR,ERR,ERR,ERR,ERR,ERR,ERR,ERR,ERR,ERR,ERR,ERR,ERR,ERR,ERR,ERR,ERR,ERR,ERR,ERR,ERR,ERR,ERR,ERR,ERR,ERR,ERR,ERR,ERR,ERR,ERR,ERR,ERR,ERR,ERR,ERR,ERR,ERR,ERR,ERR,ERR,ERR,ERR,ERR,ERR,ERR,ERR,ERR,ERR,ERR,ERR,ERR,ERR,ERR,ERR,ERR,ERR,ERR,ERR,34.0,80.0,35,0.0,0.0,0.0,0.0,0.0,0.0,0.0,0.0,0.0,0.0,0.0,0.0,0.0,0.0,0.0,0.0,64.4,0,116,56,49,65476,0,300,0,0,8,20529,65476,0,0,57672,80.0,0.0,0.0,0.0,0.0,0.0
2026-06-17T04:55:53,ERR,ERR,ERR,ERR,ERR,ERR,ERR,ERR,ERR,ERR,ERR,ERR,ERR,ERR,ERR,ERR,ERR,ERR,ERR,ERR,ERR,ERR,ERR,ERR,ERR,ERR,ERR,ERR,ERR,ERR,ERR,ERR,ERR,ERR,ERR,ERR,ERR,ERR,ERR,ERR,ERR,ERR,ERR,ERR,ERR,ERR,ERR,ERR,ERR,ERR,ERR,ERR,ERR,ERR,ERR,ERR,ERR,ERR,ERR,ERR,ERR,ERR,ERR,ERR,ERR,ERR,ERR,ERR,ERR,ERR,ERR,ERR,ERR,ERR,ERR,ERR,ERR,ERR,ERR,ERR,ERR,ERR,ERR,ERR,ERR,ERR,ERR,ERR,ERR,ERR,ERR,ERR,ERR,ERR,ERR,ERR,ERR,ERR,ERR,ERR,ERR,ERR,ERR,ERR,ERR,ERR,ERR,ERR,ERR,ERR,ERR,ERR,ERR,ERR,ERR,ERR,ERR,ERR,ERR,ERR,ERR,ERR,ERR,ERR,ERR,0.0,-0.0,3.028208139652935e+23,0.0,0.0,1.3936040501711995e+18,7.805,0.0,0,0,4,0,7300,-0.0,0,0.0,0.0,0.0,0.0,0.0,0,0,0,0,0.0,0,0,0,0,0,0,0,0,0,0,0,0,0,0,0,0,0,0,0,0,0,0,0,0,0,0,0,0,0,0,0,0,0,32,30,30,62,65476,0,300,0,0,8,21553,0.0,-107605600.0,0.0,0.0,0.0,0.0,0.0,0.0,0.0,0.0,0.0,0.0,0.0,0.0,0.0,0.0,0.0,0.0,0.0,0.0,0.0,0.0,2.004,-2.004,2.004,2.004,0.0,0.0,0.0,0.0,5683.0,8608203776.0,6927.0,0.0,-0.0,-0.0,0.0,0.0,0.0,0.0,0.0,63,-4.9504266636054534e+32,0.0,0.0,0.0,0.0,0.0,0.0,0.0,0.0,0,0,0,0.0,0.0,0.0,0.0,0.0,0.0,0.0,0.0,0.0,0.0,0.0,0.0,0.0,0.0,0.0,0.0,0,-107875648.0,63,0.0,126,2.7184242562605685e+23,2.842318642297501e+23,ERR,ERR,ERR,ERR,ERR,ERR,ERR,ERR,ERR,ERR,ERR,ERR,ERR,ERR,ERR,ERR,ERR,ERR,ERR,ERR,ERR,ERR,ERR,ERR,ERR,ERR,ERR,ERR,ERR,ERR,ERR,ERR,ERR,ERR,ERR,ERR,ERR,ERR,ERR,ERR,ERR,ERR,ERR,ERR,ERR,ERR,ERR,ERR,ERR,ERR,ERR,ERR,ERR,ERR,ERR,ERR,ERR,ERR,ERR,ERR,ERR,ERR,ERR,ERR,ERR,ERR,ERR,34.0,80.0,35,0.0,0.0,0.0,0.0,0.0,0.0,0.0,0.0,0.0,0.0,0.0,0.0,0.0,0.0,0.0,0.0,64.4,0,116,56,49,65476,0,300,0,0,8,20529,65476,0,0,57672,80.0,0.0,0.0,0.0,0.0,0.0
2026-06-17T04:55:54,ERR,ERR,ERR,ERR,ERR,ERR,ERR,ERR,ERR,ERR,ERR,ERR,ERR,ERR,ERR,ERR,ERR,ERR,ERR,ERR,ERR,ERR,ERR,ERR,ERR,ERR,ERR,ERR,ERR,ERR,ERR,ERR,ERR,ERR,ERR,ERR,ERR,ERR,ERR,ERR,ERR,ERR,ERR,ERR,ERR,ERR,ERR,ERR,ERR,ERR,ERR,ERR,ERR,ERR,ERR,ERR,ERR,ERR,ERR,ERR,ERR,ERR,ERR,ERR,ERR,ERR,ERR,ERR,ERR,ERR,ERR,ERR,ERR,ERR,ERR,ERR,ERR,ERR,ERR,ERR,ERR,ERR,ERR,ERR,ERR,ERR,ERR,ERR,ERR,ERR,ERR,ERR,ERR,ERR,ERR,ERR,ERR,ERR,ERR,ERR,ERR,ERR,ERR,ERR,ERR,ERR,ERR,ERR,ERR,ERR,ERR,ERR,ERR,ERR,ERR,ERR,ERR,ERR,ERR,ERR,ERR,ERR,ERR,ERR,ERR,0.0,-0.0,3.028208139652935e+23,0.0,0.0,1.3936040501711995e+18,7.805,0.0,0,0,4,0,7300,-0.0,0,0.0,0.0,0.0,0.0,0.0,0,0,0,0,0.0,0,0,0,0,0,0,0,0,0,0,0,0,0,0,0,0,0,0,0,0,0,0,0,0,0,0,0,0,0,0,0,0,0,32,30,30,62,65476,0,300,0,0,8,21553,0.0,-107605600.0,0.0,0.0,0.0,0.0,0.0,0.0,0.0,0.0,0.0,0.0,0.0,0.0,0.0,0.0,0.0,0.0,0.0,0.0,0.0,0.0,2.004,-2.004,2.004,2.004,0.0,0.0,0.0,0.0,5683.0,8608203776.0,6927.0,0.0,-0.0,-0.0,0.0,0.0,0.0,0.0,0.0,63,-4.9504266636054534e+32,0.0,0.0,0.0,0.0,0.0,0.0,0.0,0.0,0,0,0,0.0,0.0,0.0,0.0,0.0,0.0,0.0,0.0,0.0,0.0,0.0,0.0,0.0,0.0,0.0,0.0,0,-107875648.0,63,0.0,126,2.7184242562605685e+23,2.842318642297501e+23,ERR,ERR,ERR,ERR,ERR,ERR,ERR,ERR,ERR,ERR,ERR,ERR,ERR,ERR,ERR,ERR,ERR,ERR,ERR,ERR,ERR,ERR,ERR,ERR,ERR,ERR,ERR,ERR,ERR,ERR,ERR,ERR,ERR,ERR,ERR,ERR,ERR,ERR,ERR,ERR,ERR,ERR,ERR,ERR,ERR,ERR,ERR,ERR,ERR,ERR,ERR,ERR,ERR,ERR,ERR,ERR,ERR,ERR,ERR,ERR,ERR,ERR,ERR,ERR,ERR,ERR,ERR,34.0,80.0,35,0.0,0.0,0.0,0.0,0.0,0.0,0.0,0.0,0.0,0.0,0.0,0.0,0.0,0.0,0.0,0.0,64.4,0,116,56,49,65476,0,300,0,0,8,20529,65476,0,0,57672,80.0,0.0,0.0,0.0,0.0,0.0
2026-06-17T04:55:55,ERR,ERR,ERR,ERR,ERR,ERR,ERR,ERR,ERR,ERR,ERR,ERR,ERR,ERR,ERR,ERR,ERR,ERR,ERR,ERR,ERR,ERR,ERR,ERR,ERR,ERR,ERR,ERR,ERR,ERR,ERR,ERR,ERR,ERR,ERR,ERR,ERR,ERR,ERR,ERR,ERR,ERR,ERR,ERR,ERR,ERR,ERR,ERR,ERR,ERR,ERR,ERR,ERR,ERR,ERR,ERR,ERR,ERR,ERR,ERR,ERR,ERR,ERR,ERR,ERR,ERR,ERR,ERR,ERR,ERR,ERR,ERR,ERR,ERR,ERR,ERR,ERR,ERR,ERR,ERR,ERR,ERR,ERR,ERR,ERR,ERR,ERR,ERR,ERR,ERR,ERR,ERR,ERR,ERR,ERR,ERR,ERR,ERR,ERR,ERR,ERR,ERR,ERR,ERR,ERR,ERR,ERR,ERR,ERR,ERR,ERR,ERR,ERR,ERR,ERR,ERR,ERR,ERR,ERR,ERR,ERR,ERR,ERR,ERR,ERR,0.0,-0.0,3.028208139652935e+23,0.0,0.0,1.3936040501711995e+18,7.805,0.0,0,0,4,0,7300,-0.0,0,0.0,0.0,0.0,0.0,0.0,0,0,0,0,0.0,0,0,0,0,0,0,0,0,0,0,0,0,0,0,0,0,0,0,0,0,0,0,0,0,0,0,0,0,0,0,0,0,0,32,30,30,62,65476,0,300,0,0,8,21553,0.0,-107605600.0,0.0,0.0,0.0,0.0,0.0,0.0,0.0,0.0,0.0,0.0,0.0,0.0,0.0,0.0,0.0,0.0,0.0,0.0,0.0,0.0,2.004,-2.004,2.004,2.004,0.0,0.0,0.0,0.0,5683.0,8608203776.0,6927.0,0.0,-0.0,-0.0,0.0,0.0,0.0,0.0,0.0,63,-4.9504266636054534e+32,0.0,0.0,0.0,0.0,0.0,0.0,0.0,0.0,0,0,0,0.0,0.0,0.0,0.0,0.0,0.0,0.0,0.0,0.0,0.0,0.0,0.0,0.0,0.0,0.0,0.0,0,-107875648.0,63,0.0,126,2.7184242562605685e+23,2.842318642297501e+23,ERR,ERR,ERR,ERR,ERR,ERR,ERR,ERR,ERR,ERR,ERR,ERR,ERR,ERR,ERR,ERR,ERR,ERR,ERR,ERR,ERR,ERR,ERR,ERR,ERR,ERR,ERR,ERR,ERR,ERR,ERR,ERR,ERR,ERR,ERR,ERR,ERR,ERR,ERR,ERR,ERR,ERR,ERR,ERR,ERR,ERR,ERR,ERR,ERR,ERR,ERR,ERR,ERR,ERR,ERR,ERR,ERR,ERR,ERR,ERR,ERR,ERR,ERR,ERR,ERR,ERR,ERR,34.0,80.0,35,0.0,0.0,0.0,0.0,0.0,0.0,0.0,0.0,0.0,0.0,0.0,0.0,0.0,0.0,0.0,0.0,64.4,0,116,56,49,65476,0,300,0,0,8,20529,65476,0,0,57672,80.0,0.0,0.0,0.0,0.0,0.0
2026-06-17T04:55:56,ERR,ERR,ERR,ERR,ERR,ERR,ERR,ERR,ERR,ERR,ERR,ERR,ERR,ERR,ERR,ERR,ERR,ERR,ERR,ERR,ERR,ERR,ERR,ERR,ERR,ERR,ERR,ERR,ERR,ERR,ERR,ERR,ERR,ERR,ERR,ERR,ERR,ERR,ERR,ERR,ERR,ERR,ERR,ERR,ERR,ERR,ERR,ERR,ERR,ERR,ERR,ERR,ERR,ERR,ERR,ERR,ERR,ERR,ERR,ERR,ERR,ERR,ERR,ERR,ERR,ERR,ERR,ERR,ERR,ERR,ERR,ERR,ERR,ERR,ERR,ERR,ERR,ERR,ERR,ERR,ERR,ERR,ERR,ERR,ERR,ERR,ERR,ERR,ERR,ERR,ERR,ERR,ERR,ERR,ERR,ERR,ERR,ERR,ERR,ERR,ERR,ERR,ERR,ERR,ERR,ERR,ERR,ERR,ERR,ERR,ERR,ERR,ERR,ERR,ERR,ERR,ERR,ERR,ERR,ERR,ERR,ERR,ERR,ERR,ERR,0.0,-0.0,3.028208139652935e+23,0.0,0.0,1.3936040501711995e+18,7.805,0.0,0,0,4,0,7300,-0.0,0,0.0,0.0,0.0,0.0,0.0,0,0,0,0,0.0,0,0,0,0,0,0,0,0,0,0,0,0,0,0,0,0,0,0,0,0,0,0,0,0,0,0,0,0,0,0,0,0,0,32,30,30,62,65476,0,300,0,0,8,21553,0.0,-107605600.0,0.0,0.0,0.0,0.0,0.0,0.0,0.0,0.0,0.0,0.0,0.0,0.0,0.0,0.0,0.0,0.0,0.0,0.0,0.0,0.0,2.004,-2.004,2.004,2.004,0.0,0.0,0.0,0.0,5683.0,8608203776.0,6927.0,0.0,-0.0,-0.0,0.0,0.0,0.0,0.0,0.0,63,-4.9504266636054534e+32,0.0,0.0,0.0,0.0,0.0,0.0,0.0,0.0,0,0,0,0.0,0.0,0.0,0.0,0.0,0.0,0.0,0.0,0.0,0.0,0.0,0.0,0.0,0.0,0.0,0.0,0,-107875648.0,63,0.0,126,2.7184242562605685e+23,2.842318642297501e+23,ERR,ERR,ERR,ERR,ERR,ERR,ERR,ERR,ERR,ERR,ERR,ERR,ERR,ERR,ERR,ERR,ERR,ERR,ERR,ERR,ERR,ERR,ERR,ERR,ERR,ERR,ERR,ERR,ERR,ERR,ERR,ERR,ERR,ERR,ERR,ERR,ERR,ERR,ERR,ERR,ERR,ERR,ERR,ERR,ERR,ERR,ERR,ERR,ERR,ERR,ERR,ERR,ERR,ERR,ERR,ERR,ERR,ERR,ERR,ERR,ERR,ERR,ERR,ERR,ERR,ERR,ERR,34.0,80.0,35,0.0,0.0,0.0,0.0,0.0,0.0,0.0,0.0,0.0,0.0,0.0,0.0,0.0,0.0,0.0,0.0,64.4,0,116,56,49,65476,0,300,0,0,8,20529,65476,0,0,57672,80.0,0.0,0.0,0.0,0.0,0.0
2026-06-17T04:55:57,ERR,ERR,ERR,ERR,ERR,ERR,ERR,ERR,ERR,ERR,ERR,ERR,ERR,ERR,ERR,ERR,ERR,ERR,ERR,ERR,ERR,ERR,ERR,ERR,ERR,ERR,ERR,ERR,ERR,ERR,ERR,ERR,ERR,ERR,ERR,ERR,ERR,ERR,ERR,ERR,ERR,ERR,ERR,ERR,ERR,ERR,ERR,ERR,ERR,ERR,ERR,ERR,ERR,ERR,ERR,ERR,ERR,ERR,ERR,ERR,ERR,ERR,ERR,ERR,ERR,ERR,ERR,ERR,ERR,ERR,ERR,ERR,ERR,ERR,ERR,ERR,ERR,ERR,ERR,ERR,ERR,ERR,ERR,ERR,ERR,ERR,ERR,ERR,ERR,ERR,ERR,ERR,ERR,ERR,ERR,ERR,ERR,ERR,ERR,ERR,ERR,ERR,ERR,ERR,ERR,ERR,ERR,ERR,ERR,ERR,ERR,ERR,ERR,ERR,ERR,ERR,ERR,ERR,ERR,ERR,ERR,ERR,ERR,ERR,ERR,0.0,-0.0,3.028208139652935e+23,0.0,0.0,1.3936040501711995e+18,7.805,0.0,0,0,4,0,7300,-0.0,0,0.0,0.0,0.0,0.0,0.0,0,0,0,0,0.0,0,0,0,0,0,0,0,0,0,0,0,0,0,0,0,0,0,0,0,0,0,0,0,0,0,0,0,0,0,0,0,0,0,32,30,30,62,65476,0,300,0,0,8,21553,0.0,-107605600.0,0.0,0.0,0.0,0.0,0.0,0.0,0.0,0.0,0.0,0.0,0.0,0.0,0.0,0.0,0.0,0.0,0.0,0.0,0.0,0.0,2.004,-2.004,2.004,2.004,0.0,0.0,0.0,0.0,5683.0,8608203776.0,6927.0,0.0,-0.0,-0.0,0.0,0.0,0.0,0.0,0.0,63,-4.9504266636054534e+32,0.0,0.0,0.0,0.0,0.0,0.0,0.0,0.0,0,0,0,0.0,0.0,0.0,0.0,0.0,0.0,0.0,0.0,0.0,0.0,0.0,0.0,0.0,0.0,0.0,0.0,0,-107875648.0,63,0.0,126,2.7184242562605685e+23,2.842318642297501e+23,ERR,ERR,ERR,ERR,ERR,ERR,ERR,ERR,ERR,ERR,ERR,ERR,ERR,ERR,ERR,ERR,ERR,ERR,ERR,ERR,ERR,ERR,ERR,ERR,ERR,ERR,ERR,ERR,ERR,ERR,ERR,ERR,ERR,ERR,ERR,ERR,ERR,ERR,ERR,ERR,ERR,ERR,ERR,ERR,ERR,ERR,ERR,ERR,ERR,ERR,ERR,ERR,ERR,ERR,ERR,ERR,ERR,ERR,ERR,ERR,ERR,ERR,ERR,ERR,ERR,ERR,ERR,34.0,80.0,35,0.0,0.0,0.0,0.0,0.0,0.0,0.0,0.0,0.0,0.0,0.0,0.0,0.0,0.0,0.0,0.0,64.4,0,116,56,49,65476,0,300,0,0,8,20529,65476,0,0,57672,80.0,0.0,0.0,0.0,0.0,0.0
2026-06-17T04:55:58,ERR,ERR,ERR,ERR,ERR,ERR,ERR,ERR,ERR,ERR,ERR,ERR,ERR,ERR,ERR,ERR,ERR,ERR,ERR,ERR,ERR,ERR,ERR,ERR,ERR,ERR,ERR,ERR,ERR,ERR,ERR,ERR,ERR,ERR,ERR,ERR,ERR,ERR,ERR,ERR,ERR,ERR,ERR,ERR,ERR,ERR,ERR,ERR,ERR,ERR,ERR,ERR,ERR,ERR,ERR,ERR,ERR,ERR,ERR,ERR,ERR,ERR,ERR,ERR,ERR,ERR,ERR,ERR,ERR,ERR,ERR,ERR,ERR,ERR,ERR,ERR,ERR,ERR,ERR,ERR,ERR,ERR,ERR,ERR,ERR,ERR,ERR,ERR,ERR,ERR,ERR,ERR,ERR,ERR,ERR,ERR,ERR,ERR,ERR,ERR,ERR,ERR,ERR,ERR,ERR,ERR,ERR,ERR,ERR,ERR,ERR,ERR,ERR,ERR,ERR,ERR,ERR,ERR,ERR,ERR,ERR,ERR,ERR,ERR,ERR,0.0,-0.0,-0.0,0.0,0.0,1.3936040501711995e+18,7.805,0.0,0,0,4,0,7300,-0.0,0,0.0,0.0,0.0,0.0,0.0,0,0,0,0,0.0,0,0,0,0,0,0,0,0,0,0,0,0,0,0,0,0,0,0,0,0,0,0,0,0,0,0,0,0,0,0,0,0,0,32,30,30,62,65476,0,300,0,0,8,21553,0.0,-107605600.0,0.0,0.0,0.0,0.0,0.0,0.0,0.0,0.0,0.0,0.0,0.0,0.0,0.0,0.0,0.0,0.0,0.0,0.0,0.0,0.0,2.004,-2.004,2.004,0.0,0.0,0.0,0.0,0.0,5681.0,-0.0,6929.0,0.0,-0.0,-0.0,0.0,0.0,0.0,0.0,0.0,63,-4.066878214320265e+29,0.059,0.0,0.0,0.0,0.0,0.0,0.0,0.0,0,0,0,0.0,0.0,0.0,0.0,0.0,0.0,0.0,0.0,0.0,0.0,0.0,0.0,0.0,0.0,0.0,0.0,0,-107875648.0,63,0.0,126,2.7184242562605685e+23,2.842318642297501e+23,ERR,ERR,ERR,ERR,ERR,ERR,ERR,ERR,ERR,ERR,ERR,ERR,ERR,ERR,ERR,ERR,ERR,ERR,ERR,ERR,ERR,ERR,ERR,ERR,ERR,ERR,ERR,ERR,ERR,ERR,ERR,ERR,ERR,ERR,ERR,ERR,ERR,ERR,ERR,ERR,ERR,ERR,ERR,ERR,ERR,ERR,ERR,ERR,ERR,ERR,ERR,ERR,ERR,ERR,ERR,ERR,ERR,ERR,ERR,ERR,ERR,ERR,ERR,ERR,ERR,ERR,ERR,34.0,80.0,35,0.0,0.0,0.0,0.0,0.0,0.0,0.0,0.0,0.0,0.0,0.0,0.0,0.0,0.0,0.0,0.0,64.4,0,116,56,49,65476,0,300,0,0,8,20529,65476,0,0,57672,80.0,0.0,0.0,0.0,0.0,0.0
2026-06-17T04:55:59,ERR,ERR,ERR,ERR,ERR,ERR,ERR,ERR,ERR,ERR,ERR,ERR,ERR,ERR,ERR,ERR,ERR,ERR,ERR,ERR,ERR,ERR,ERR,ERR,ERR,ERR,ERR,ERR,ERR,ERR,ERR,ERR,ERR,ERR,ERR,ERR,ERR,ERR,ERR,ERR,ERR,ERR,ERR,ERR,ERR,ERR,ERR,ERR,ERR,ERR,ERR,ERR,ERR,ERR,ERR,ERR,ERR,ERR,ERR,ERR,ERR,ERR,ERR,ERR,ERR,ERR,ERR,ERR,ERR,ERR,ERR,ERR,ERR,ERR,ERR,ERR,ERR,ERR,ERR,ERR,ERR,ERR,ERR,ERR,ERR,ERR,ERR,ERR,ERR,ERR,ERR,ERR,ERR,ERR,ERR,ERR,ERR,ERR,ERR,ERR,ERR,ERR,ERR,ERR,ERR,ERR,ERR,ERR,ERR,ERR,ERR,ERR,ERR,ERR,ERR,ERR,ERR,ERR,ERR,ERR,ERR,ERR,ERR,ERR,ERR,0.0,-0.0,-0.0,0.0,0.0,1.3936040501711995e+18,7.805,0.0,0,0,4,0,7300,-0.0,0,0.0,0.0,0.0,0.0,0.0,0,0,0,0,0.0,0,0,0,0,0,0,0,0,0,0,0,0,0,0,0,0,0,0,0,0,0,0,0,0,0,0,0,0,0,0,0,0,0,32,30,30,62,65476,0,300,0,0,8,21553,0.0,-107605600.0,0.0,0.0,0.0,0.0,0.0,0.0,0.0,0.0,0.0,0.0,0.0,0.0,0.0,0.0,0.0,0.0,0.0,0.0,0.0,0.0,2.004,-2.004,2.004,0.0,0.0,0.0,0.0,0.0,5681.0,-0.0,6929.0,0.0,-0.0,-0.0,0.0,0.0,0.0,0.0,0.0,63,-4.066878214320265e+29,0.059,0.0,0.0,0.0,0.0,0.0,0.0,0.0,0,0,0,0.0,0.0,0.0,0.0,0.0,0.0,0.0,0.0,0.0,0.0,0.0,0.0,0.0,0.0,0.0,0.0,0,-107875648.0,63,0.0,126,2.7184242562605685e+23,2.842318642297501e+23,ERR,ERR,ERR,ERR,ERR,ERR,ERR,ERR,ERR,ERR,ERR,ERR,ERR,ERR,ERR,ERR,ERR,ERR,ERR,ERR,ERR,ERR,ERR,ERR,ERR,ERR,ERR,ERR,ERR,ERR,ERR,ERR,ERR,ERR,ERR,ERR,ERR,ERR,ERR,ERR,ERR,ERR,ERR,ERR,ERR,ERR,ERR,ERR,ERR,ERR,ERR,ERR,ERR,ERR,ERR,ERR,ERR,ERR,ERR,ERR,ERR,ERR,ERR,ERR,ERR,ERR,ERR,34.0,80.0,35,0.0,0.0,0.0,0.0,0.0,0.0,0.0,0.0,0.0,0.0,0.0,0.0,0.0,0.0,0.0,0.0,64.4,0,116,56,49,65476,0,300,0,0,8,20529,65476,0,0,57672,80.0,0.0,0.0,0.0,0.0,0.0
2026-06-17T04:56:00,ERR,ERR,ERR,ERR,ERR,ERR,ERR,ERR,ERR,ERR,ERR,ERR,ERR,ERR,ERR,ERR,ERR,ERR,ERR,ERR,ERR,ERR,ERR,ERR,ERR,ERR,ERR,ERR,ERR,ERR,ERR,ERR,ERR,ERR,ERR,ERR,ERR,ERR,ERR,ERR,ERR,ERR,ERR,ERR,ERR,ERR,ERR,ERR,ERR,ERR,ERR,ERR,ERR,ERR,ERR,ERR,ERR,ERR,ERR,ERR,ERR,ERR,ERR,ERR,ERR,ERR,ERR,ERR,ERR,ERR,ERR,ERR,ERR,ERR,ERR,ERR,ERR,ERR,ERR,ERR,ERR,ERR,ERR,ERR,ERR,ERR,ERR,ERR,ERR,ERR,ERR,ERR,ERR,ERR,ERR,ERR,ERR,ERR,ERR,ERR,ERR,ERR,ERR,ERR,ERR,ERR,ERR,ERR,ERR,ERR,ERR,ERR,ERR,ERR,ERR,ERR,ERR,ERR,ERR,ERR,ERR,ERR,ERR,ERR,ERR,0.0,-0.0,-0.0,0.0,0.0,1.3936040501711995e+18,7.805,0.0,0,0,4,0,7300,-0.0,0,0.0,0.0,0.0,0.0,0.0,0,0,0,0,0.0,0,0,0,0,0,0,0,0,0,0,0,0,0,0,0,0,0,0,0,0,0,0,0,0,0,0,0,0,0,0,0,0,0,32,30,30,62,65476,0,300,0,0,8,21553,0.0,-107605600.0,0.0,0.0,0.0,0.0,0.0,0.0,0.0,0.0,0.0,0.0,0.0,0.0,0.0,0.0,0.0,0.0,0.0,0.0,0.0,0.0,2.004,-2.004,2.004,0.0,0.0,0.0,0.0,0.0,5681.0,-0.0,6929.0,0.0,-0.0,-0.0,0.0,0.0,0.0,0.0,0.0,63,-4.066878214320265e+29,0.059,0.0,0.0,0.0,0.0,0.0,0.0,0.0,0,0,0,0.0,0.0,0.0,0.0,0.0,0.0,0.0,0.0,0.0,0.0,0.0,0.0,0.0,0.0,0.0,0.0,0,-107875648.0,63,0.0,126,2.7184242562605685e+23,2.842318642297501e+23,ERR,ERR,ERR,ERR,ERR,ERR,ERR,ERR,ERR,ERR,ERR,ERR,ERR,ERR,ERR,ERR,ERR,ERR,ERR,ERR,ERR,ERR,ERR,ERR,ERR,ERR,ERR,ERR,ERR,ERR,ERR,ERR,ERR,ERR,ERR,ERR,ERR,ERR,ERR,ERR,ERR,ERR,ERR,ERR,ERR,ERR,ERR,ERR,ERR,ERR,ERR,ERR,ERR,ERR,ERR,ERR,ERR,ERR,ERR,ERR,ERR,ERR,ERR,ERR,ERR,ERR,ERR,34.0,80.0,35,0.0,0.0,0.0,0.0,0.0,0.0,0.0,0.0,0.0,0.0,0.0,0.0,0.0,0.0,0.0,0.0,64.8,0,116,56,49,65476,0,300,0,0,8,20529,65476,0,0,57672,80.0,0.0,0.0,0.0,0.0,0.0
2026-06-17T04:56:01,ERR,ERR,ERR,ERR,ERR,ERR,ERR,ERR,ERR,ERR,ERR,ERR,ERR,ERR,ERR,ERR,ERR,ERR,ERR,ERR,ERR,ERR,ERR,ERR,ERR,ERR,ERR,ERR,ERR,ERR,ERR,ERR,ERR,ERR,ERR,ERR,ERR,ERR,ERR,ERR,ERR,ERR,ERR,ERR,ERR,ERR,ERR,ERR,ERR,ERR,ERR,ERR,ERR,ERR,ERR,ERR,ERR,ERR,ERR,ERR,ERR,ERR,ERR,ERR,ERR,ERR,ERR,ERR,ERR,ERR,ERR,ERR,ERR,ERR,ERR,ERR,ERR,ERR,ERR,ERR,ERR,ERR,ERR,ERR,ERR,ERR,ERR,ERR,ERR,ERR,ERR,ERR,ERR,ERR,ERR,ERR,ERR,ERR,ERR,ERR,ERR,ERR,ERR,ERR,ERR,ERR,ERR,ERR,ERR,ERR,ERR,ERR,ERR,ERR,ERR,ERR,ERR,ERR,ERR,ERR,ERR,ERR,ERR,ERR,ERR,0.0,-0.0,-0.0,0.0,0.0,1.3936040501711995e+18,7.805,0.0,0,0,4,0,7300,-0.0,0,0.0,0.0,0.0,0.0,0.0,0,0,0,0,0.0,0,0,0,0,0,0,0,0,0,0,0,0,0,0,0,0,0,0,0,0,0,0,0,0,0,0,0,0,0,0,0,0,0,32,30,30,62,65476,0,300,0,0,8,21553,0.0,-107605600.0,0.0,0.0,0.0,0.0,0.0,0.0,0.0,0.0,0.0,0.0,0.0,0.0,0.0,0.0,0.0,0.0,0.0,0.0,0.0,0.0,2.004,-2.004,2.004,0.0,0.0,0.0,0.0,0.0,5681.0,-0.0,6929.0,0.0,-0.0,-0.0,0.0,0.0,0.0,0.0,0.0,63,-4.066878214320265e+29,0.059,0.0,0.0,0.0,0.0,0.0,0.0,0.0,0,0,0,0.0,0.0,0.0,0.0,0.0,0.0,0.0,0.0,0.0,0.0,0.0,0.0,0.0,0.0,0.0,0.0,0,-107875648.0,63,0.0,126,2.7184242562605685e+23,2.842318642297501e+23,ERR,ERR,ERR,ERR,ERR,ERR,ERR,ERR,ERR,ERR,ERR,ERR,ERR,ERR,ERR,ERR,ERR,ERR,ERR,ERR,ERR,ERR,ERR,ERR,ERR,ERR,ERR,ERR,ERR,ERR,ERR,ERR,ERR,ERR,ERR,ERR,ERR,ERR,ERR,ERR,ERR,ERR,ERR,ERR,ERR,ERR,ERR,ERR,ERR,ERR,ERR,ERR,ERR,ERR,ERR,ERR,ERR,ERR,ERR,ERR,ERR,ERR,ERR,ERR,ERR,ERR,ERR,34.0,80.0,35,0.0,0.0,0.0,0.0,0.0,0.0,0.0,0.0,0.0,0.0,0.0,0.0,0.0,0.0,0.0,0.0,64.8,0,116,56,49,65476,0,300,0,0,8,20529,65476,0,0,57672,80.0,0.0,0.0,0.0,0.0,0.0
2026-06-17T04:56:02,ERR,ERR,ERR,ERR,ERR,ERR,ERR,ERR,ERR,ERR,ERR,ERR,ERR,ERR,ERR,ERR,ERR,ERR,ERR,ERR,ERR,ERR,ERR,ERR,ERR,ERR,ERR,ERR,ERR,ERR,ERR,ERR,ERR,ERR,ERR,ERR,ERR,ERR,ERR,ERR,ERR,ERR,ERR,ERR,ERR,ERR,ERR,ERR,ERR,ERR,ERR,ERR,ERR,ERR,ERR,ERR,ERR,ERR,ERR,ERR,ERR,ERR,ERR,ERR,ERR,ERR,ERR,ERR,ERR,ERR,ERR,ERR,ERR,ERR,ERR,ERR,ERR,ERR,ERR,ERR,ERR,ERR,ERR,ERR,ERR,ERR,ERR,ERR,ERR,ERR,ERR,ERR,ERR,ERR,ERR,ERR,ERR,ERR,ERR,ERR,ERR,ERR,ERR,ERR,ERR,ERR,ERR,ERR,ERR,ERR,ERR,ERR,ERR,ERR,ERR,ERR,ERR,ERR,ERR,ERR,ERR,ERR,ERR,ERR,ERR,0.0,-0.0,-0.0,0.0,0.0,1.3936040501711995e+18,7.805,0.0,0,0,4,0,7300,-0.0,0,0.0,0.0,0.0,0.0,0.0,0,0,0,0,0.0,0,0,0,0,0,0,0,0,0,0,0,0,0,0,0,0,0,0,0,0,0,0,0,0,0,0,0,0,0,0,0,0,0,32,30,30,62,65476,0,300,0,0,8,21553,0.0,-107605600.0,0.0,0.0,0.0,0.0,0.0,0.0,0.0,0.0,0.0,0.0,0.0,0.0,0.0,0.0,0.0,0.0,0.0,0.0,0.0,0.0,2.004,-2.004,2.004,0.0,0.0,0.0,0.0,0.0,5681.0,-0.0,6929.0,0.0,-0.0,-0.0,0.0,0.0,0.0,0.0,0.0,63,-4.066878214320265e+29,0.059,0.0,0.0,0.0,0.0,0.0,0.0,0.0,0,0,0,0.0,0.0,0.0,0.0,0.0,0.0,0.0,0.0,0.0,0.0,0.0,0.0,0.0,0.0,0.0,0.0,0,-107875648.0,63,0.0,126,2.7184242562605685e+23,2.842318642297501e+23,ERR,ERR,ERR,ERR,ERR,ERR,ERR,ERR,ERR,ERR,ERR,ERR,ERR,ERR,ERR,ERR,ERR,ERR,ERR,ERR,ERR,ERR,ERR,ERR,ERR,ERR,ERR,ERR,ERR,ERR,ERR,ERR,ERR,ERR,ERR,ERR,ERR,ERR,ERR,ERR,ERR,ERR,ERR,ERR,ERR,ERR,ERR,ERR,ERR,ERR,ERR,ERR,ERR,ERR,ERR,ERR,ERR,ERR,ERR,ERR,ERR,ERR,ERR,ERR,ERR,ERR,ERR,34.0,80.0,35,0.0,0.0,0.0,0.0,0.0,0.0,0.0,0.0,0.0,0.0,0.0,0.0,0.0,0.0,0.0,0.0,64.8,0,116,56,49,65476,0,300,0,0,8,20529,65476,0,0,57672,80.0,0.0,0.0,0.0,0.0,0.0
2026-06-17T04:56:03,ERR,ERR,ERR,ERR,ERR,ERR,ERR,ERR,ERR,ERR,ERR,ERR,ERR,ERR,ERR,ERR,ERR,ERR,ERR,ERR,ERR,ERR,ERR,ERR,ERR,ERR,ERR,ERR,ERR,ERR,ERR,ERR,ERR,ERR,ERR,ERR,ERR,ERR,ERR,ERR,ERR,ERR,ERR,ERR,ERR,ERR,ERR,ERR,ERR,ERR,ERR,ERR,ERR,ERR,ERR,ERR,ERR,ERR,ERR,ERR,ERR,ERR,ERR,ERR,ERR,ERR,ERR,ERR,ERR,ERR,ERR,ERR,ERR,ERR,ERR,ERR,ERR,ERR,ERR,ERR,ERR,ERR,ERR,ERR,ERR,ERR,ERR,ERR,ERR,ERR,ERR,ERR,ERR,ERR,ERR,ERR,ERR,ERR,ERR,ERR,ERR,ERR,ERR,ERR,ERR,ERR,ERR,ERR,ERR,ERR,ERR,ERR,ERR,ERR,ERR,ERR,ERR,ERR,ERR,ERR,ERR,ERR,ERR,ERR,ERR,0.0,-0.0,3.028208139652935e+23,0.0,0.0,1.3936040501711995e+18,7.805,0.0,0,0,4,0,7300,-0.0,0,0.0,0.0,0.0,0.0,0.0,0,0,0,0,0.0,0,0,0,0,0,0,0,0,0,0,0,0,0,0,0,0,0,0,0,0,0,0,0,0,0,0,0,0,0,0,0,0,0,32,30,30,62,65476,0,300,0,0,8,21553,0.0,-107605600.0,0.0,0.0,0.0,0.0,0.0,0.0,0.0,0.0,0.0,0.0,0.0,0.0,0.0,0.0,0.0,0.0,0.0,0.0,0.0,0.0,-0.0,-2.004,2.004,2.004,0.0,0.0,0.0,0.0,5681.0,-0.0,6931.0,0.0,-0.0,-0.0,0.0,0.0,0.0,0.0,0.0,63,-4.066878214320265e+29,126840758272.0,0.0,0.0,0.0,0.0,0.0,0.0,0.0,0,0,0,0.0,0.0,0.0,0.0,0.0,0.0,0.0,0.0,0.0,0.0,0.0,0.0,0.0,0.0,0.0,0.0,0,-107875648.0,63,0.0,126,2.7184242562605685e+23,2.842318642297501e+23,ERR,ERR,ERR,ERR,ERR,ERR,ERR,ERR,ERR,ERR,ERR,ERR,ERR,ERR,ERR,ERR,ERR,ERR,ERR,ERR,ERR,ERR,ERR,ERR,ERR,ERR,ERR,ERR,ERR,ERR,ERR,ERR,ERR,ERR,ERR,ERR,ERR,ERR,ERR,ERR,ERR,ERR,ERR,ERR,ERR,ERR,ERR,ERR,ERR,ERR,ERR,ERR,ERR,ERR,ERR,ERR,ERR,ERR,ERR,ERR,ERR,ERR,ERR,ERR,ERR,ERR,ERR,34.0,80.0,35,0.0,0.0,0.0,0.0,0.0,0.0,0.0,0.0,0.0,0.0,0.0,0.0,0.0,0.0,0.0,0.0,64.4,0,116,56,49,65476,0,300,0,0,8,20529,65476,0,0,57672,80.0,0.0,0.0,0.0,0.0,0.0
2026-06-17T04:56:04,ERR,ERR,ERR,ERR,ERR,ERR,ERR,ERR,ERR,ERR,ERR,ERR,ERR,ERR,ERR,ERR,ERR,ERR,ERR,ERR,ERR,ERR,ERR,ERR,ERR,ERR,ERR,ERR,ERR,ERR,ERR,ERR,ERR,ERR,ERR,ERR,ERR,ERR,ERR,ERR,ERR,ERR,ERR,ERR,ERR,ERR,ERR,ERR,ERR,ERR,ERR,ERR,ERR,ERR,ERR,ERR,ERR,ERR,ERR,ERR,ERR,ERR,ERR,ERR,ERR,ERR,ERR,ERR,ERR,ERR,ERR,ERR,ERR,ERR,ERR,ERR,ERR,ERR,ERR,ERR,ERR,ERR,ERR,ERR,ERR,ERR,ERR,ERR,ERR,ERR,ERR,ERR,ERR,ERR,ERR,ERR,ERR,ERR,ERR,ERR,ERR,ERR,ERR,ERR,ERR,ERR,ERR,ERR,ERR,ERR,ERR,ERR,ERR,ERR,ERR,ERR,ERR,ERR,ERR,ERR,ERR,ERR,ERR,ERR,ERR,0.0,-0.0,3.028208139652935e+23,0.0,0.0,1.3936040501711995e+18,7.805,0.0,0,0,4,0,7300,-0.0,0,0.0,0.0,0.0,0.0,0.0,0,0,0,0,0.0,0,0,0,0,0,0,0,0,0,0,0,0,0,0,0,0,0,0,0,0,0,0,0,0,0,0,0,0,0,0,0,0,0,32,30,30,62,65476,0,300,0,0,8,21553,0.0,-107605600.0,0.0,0.0,0.0,0.0,0.0,0.0,0.0,0.0,0.0,0.0,0.0,0.0,0.0,0.0,0.0,0.0,0.0,0.0,0.0,0.0,-0.0,-2.004,2.004,2.004,0.0,0.0,0.0,0.0,5681.0,-0.0,6931.0,0.0,-0.0,-0.0,0.0,0.0,0.0,0.0,0.0,63,-4.066878214320265e+29,126840758272.0,0.0,0.0,0.0,0.0,0.0,0.0,0.0,0,0,0,0.0,0.0,0.0,0.0,0.0,0.0,0.0,0.0,0.0,0.0,0.0,0.0,0.0,0.0,0.0,0.0,0,-107875648.0,63,0.0,126,2.7184242562605685e+23,2.842318642297501e+23,ERR,ERR,ERR,ERR,ERR,ERR,ERR,ERR,ERR,ERR,ERR,ERR,ERR,ERR,ERR,ERR,ERR,ERR,ERR,ERR,ERR,ERR,ERR,ERR,ERR,ERR,ERR,ERR,ERR,ERR,ERR,ERR,ERR,ERR,ERR,ERR,ERR,ERR,ERR,ERR,ERR,ERR,ERR,ERR,ERR,ERR,ERR,ERR,ERR,ERR,ERR,ERR,ERR,ERR,ERR,ERR,ERR,ERR,ERR,ERR,ERR,ERR,ERR,ERR,ERR,ERR,ERR,34.0,80.0,35,0.0,0.0,0.0,0.0,0.0,0.0,0.0,0.0,0.0,0.0,0.0,0.0,0.0,0.0,0.0,0.0,64.4,0,116,56,49,65476,0,300,0,0,8,20529,65476,0,0,57672,80.0,0.0,0.0,0.0,0.0,0.0
2026-06-17T04:56:05,ERR,ERR,ERR,ERR,ERR,ERR,ERR,ERR,ERR,ERR,ERR,ERR,ERR,ERR,ERR,ERR,ERR,ERR,ERR,ERR,ERR,ERR,ERR,ERR,ERR,ERR,ERR,ERR,ERR,ERR,ERR,ERR,ERR,ERR,ERR,ERR,ERR,ERR,ERR,ERR,ERR,ERR,ERR,ERR,ERR,ERR,ERR,ERR,ERR,ERR,ERR,ERR,ERR,ERR,ERR,ERR,ERR,ERR,ERR,ERR,ERR,ERR,ERR,ERR,ERR,ERR,ERR,ERR,ERR,ERR,ERR,ERR,ERR,ERR,ERR,ERR,ERR,ERR,ERR,ERR,ERR,ERR,ERR,ERR,ERR,ERR,ERR,ERR,ERR,ERR,ERR,ERR,ERR,ERR,ERR,ERR,ERR,ERR,ERR,ERR,ERR,ERR,ERR,ERR,ERR,ERR,ERR,ERR,ERR,ERR,ERR,ERR,ERR,ERR,ERR,ERR,ERR,ERR,ERR,ERR,ERR,ERR,ERR,ERR,ERR,0.0,-0.0,3.028208139652935e+23,0.0,0.0,1.3936040501711995e+18,7.805,0.0,0,0,4,0,7300,-0.0,0,0.0,0.0,0.0,0.0,0.0,0,0,0,0,0.0,0,0,0,0,0,0,0,0,0,0,0,0,0,0,0,0,0,0,0,0,0,0,0,0,0,0,0,0,0,0,0,0,0,32,30,30,62,65476,0,300,0,0,8,21553,0.0,-107605600.0,0.0,0.0,0.0,0.0,0.0,0.0,0.0,0.0,0.0,0.0,0.0,0.0,0.0,0.0,0.0,0.0,0.0,0.0,0.0,0.0,-0.0,-2.004,2.004,2.004,0.0,0.0,0.0,0.0,5681.0,-0.0,6931.0,0.0,-0.0,-0.0,0.0,0.0,0.0,0.0,0.0,63,-4.066878214320265e+29,126840758272.0,0.0,0.0,0.0,0.0,0.0,0.0,0.0,0,0,0,0.0,0.0,0.0,0.0,0.0,0.0,0.0,0.0,0.0,0.0,0.0,0.0,0.0,0.0,0.0,0.0,0,-107875648.0,63,0.0,126,2.7184242562605685e+23,2.842318642297501e+23,ERR,ERR,ERR,ERR,ERR,ERR,ERR,ERR,ERR,ERR,ERR,ERR,ERR,ERR,ERR,ERR,ERR,ERR,ERR,ERR,ERR,ERR,ERR,ERR,ERR,ERR,ERR,ERR,ERR,ERR,ERR,ERR,ERR,ERR,ERR,ERR,ERR,ERR,ERR,ERR,ERR,ERR,ERR,ERR,ERR,ERR,ERR,ERR,ERR,ERR,ERR,ERR,ERR,ERR,ERR,ERR,ERR,ERR,ERR,ERR,ERR,ERR,ERR,ERR,ERR,ERR,ERR,34.0,80.0,35,0.0,0.0,0.0,0.0,0.0,0.0,0.0,0.0,0.0,0.0,0.0,0.0,0.0,0.0,0.0,0.0,64.4,0,116,56,49,65476,0,300,0,0,8,20529,65476,0,0,57672,80.0,0.0,0.0,0.0,0.0,0.0
2026-06-17T04:56:06,ERR,ERR,ERR,ERR,ERR,ERR,ERR,ERR,ERR,ERR,ERR,ERR,ERR,ERR,ERR,ERR,ERR,ERR,ERR,ERR,ERR,ERR,ERR,ERR,ERR,ERR,ERR,ERR,ERR,ERR,ERR,ERR,ERR,ERR,ERR,ERR,ERR,ERR,ERR,ERR,ERR,ERR,ERR,ERR,ERR,ERR,ERR,ERR,ERR,ERR,ERR,ERR,ERR,ERR,ERR,ERR,ERR,ERR,ERR,ERR,ERR,ERR,ERR,ERR,ERR,ERR,ERR,ERR,ERR,ERR,ERR,ERR,ERR,ERR,ERR,ERR,ERR,ERR,ERR,ERR,ERR,ERR,ERR,ERR,ERR,ERR,ERR,ERR,ERR,ERR,ERR,ERR,ERR,ERR,ERR,ERR,ERR,ERR,ERR,ERR,ERR,ERR,ERR,ERR,ERR,ERR,ERR,ERR,ERR,ERR,ERR,ERR,ERR,ERR,ERR,ERR,ERR,ERR,ERR,ERR,ERR,ERR,ERR,ERR,ERR,0.0,-0.0,3.028208139652935e+23,0.0,0.0,1.3936040501711995e+18,7.805,0.0,0,0,4,0,7300,-0.0,0,0.0,0.0,0.0,0.0,0.0,0,0,0,0,0.0,0,0,0,0,0,0,0,0,0,0,0,0,0,0,0,0,0,0,0,0,0,0,0,0,0,0,0,0,0,0,0,0,0,32,30,30,62,65476,0,300,0,0,8,21553,0.0,-107605600.0,0.0,0.0,0.0,0.0,0.0,0.0,0.0,0.0,0.0,0.0,0.0,0.0,0.0,0.0,0.0,0.0,0.0,0.0,0.0,0.0,-0.0,-2.004,2.004,2.004,0.0,0.0,0.0,0.0,5681.0,-0.0,6931.0,0.0,-0.0,-0.0,0.0,0.0,0.0,0.0,0.0,63,-4.066878214320265e+29,126840758272.0,0.0,0.0,0.0,0.0,0.0,0.0,0.0,0,0,0,0.0,0.0,0.0,0.0,0.0,0.0,0.0,0.0,0.0,0.0,0.0,0.0,0.0,0.0,0.0,0.0,0,-107875648.0,63,0.0,126,2.7184242562605685e+23,2.842318642297501e+23,ERR,ERR,ERR,ERR,ERR,ERR,ERR,ERR,ERR,ERR,ERR,ERR,ERR,ERR,ERR,ERR,ERR,ERR,ERR,ERR,ERR,ERR,ERR,ERR,ERR,ERR,ERR,ERR,ERR,ERR,ERR,ERR,ERR,ERR,ERR,ERR,ERR,ERR,ERR,ERR,ERR,ERR,ERR,ERR,ERR,ERR,ERR,ERR,ERR,ERR,ERR,ERR,ERR,ERR,ERR,ERR,ERR,ERR,ERR,ERR,ERR,ERR,ERR,ERR,ERR,ERR,ERR,34.0,80.0,35,0.0,0.0,0.0,0.0,0.0,0.0,0.0,0.0,0.0,0.0,0.0,0.0,0.0,0.0,0.0,0.0,64.4,0,116,56,49,65476,0,300,0,0,8,20529,65476,0,0,57672,80.0,0.0,0.0,0.0,0.0,0.0
2026-06-17T04:56:07,ERR,ERR,ERR,ERR,ERR,ERR,ERR,ERR,ERR,ERR,ERR,ERR,ERR,ERR,ERR,ERR,ERR,ERR,ERR,ERR,ERR,ERR,ERR,ERR,ERR,ERR,ERR,ERR,ERR,ERR,ERR,ERR,ERR,ERR,ERR,ERR,ERR,ERR,ERR,ERR,ERR,ERR,ERR,ERR,ERR,ERR,ERR,ERR,ERR,ERR,ERR,ERR,ERR,ERR,ERR,ERR,ERR,ERR,ERR,ERR,ERR,ERR,ERR,ERR,ERR,ERR,ERR,ERR,ERR,ERR,ERR,ERR,ERR,ERR,ERR,ERR,ERR,ERR,ERR,ERR,ERR,ERR,ERR,ERR,ERR,ERR,ERR,ERR,ERR,ERR,ERR,ERR,ERR,ERR,ERR,ERR,ERR,ERR,ERR,ERR,ERR,ERR,ERR,ERR,ERR,ERR,ERR,ERR,ERR,ERR,ERR,ERR,ERR,ERR,ERR,ERR,ERR,ERR,ERR,ERR,ERR,ERR,ERR,ERR,ERR,0.0,-0.0,3.028208139652935e+23,0.0,0.0,1.3936040501711995e+18,7.805,0.0,0,0,4,0,7300,-0.0,0,0.0,0.0,0.0,0.0,0.0,0,0,0,0,0.0,0,0,0,0,0,0,0,0,0,0,0,0,0,0,0,0,0,0,0,0,0,0,0,0,0,0,0,0,0,0,0,0,0,32,30,30,62,65476,0,300,0,0,8,21553,0.0,-107605600.0,0.0,0.0,0.0,0.0,0.0,0.0,0.0,0.0,0.0,0.0,0.0,0.0,0.0,0.0,0.0,0.0,0.0,0.0,0.0,0.0,-0.0,-2.004,2.004,2.004,0.0,0.0,0.0,0.0,5681.0,-0.0,6931.0,0.0,-0.0,-0.0,0.0,0.0,0.0,0.0,0.0,63,-4.066878214320265e+29,126840758272.0,0.0,0.0,0.0,0.0,0.0,0.0,0.0,0,0,0,0.0,0.0,0.0,0.0,0.0,0.0,0.0,0.0,0.0,0.0,0.0,0.0,0.0,0.0,0.0,0.0,0,-107875648.0,63,0.0,126,2.7184242562605685e+23,2.842318642297501e+23,ERR,ERR,ERR,ERR,ERR,ERR,ERR,ERR,ERR,ERR,ERR,ERR,ERR,ERR,ERR,ERR,ERR,ERR,ERR,ERR,ERR,ERR,ERR,ERR,ERR,ERR,ERR,ERR,ERR,ERR,ERR,ERR,ERR,ERR,ERR,ERR,ERR,ERR,ERR,ERR,ERR,ERR,ERR,ERR,ERR,ERR,ERR,ERR,ERR,ERR,ERR,ERR,ERR,ERR,ERR,ERR,ERR,ERR,ERR,ERR,ERR,ERR,ERR,ERR,ERR,ERR,ERR,34.0,80.0,35,0.0,0.0,0.0,0.0,0.0,0.0,0.0,0.0,0.0,0.0,0.0,0.0,0.0,0.0,0.0,0.0,64.8,0,116,56,49,65476,0,300,0,0,8,20529,65476,0,0,57672,80.0,0.0,0.0,0.0,0.0,0.0
2026-06-17T04:56:08,ERR,ERR,ERR,ERR,ERR,ERR,ERR,ERR,ERR,ERR,ERR,ERR,ERR,ERR,ERR,ERR,ERR,ERR,ERR,ERR,ERR,ERR,ERR,ERR,ERR,ERR,ERR,ERR,ERR,ERR,ERR,ERR,ERR,ERR,ERR,ERR,ERR,ERR,ERR,ERR,ERR,ERR,ERR,ERR,ERR,ERR,ERR,ERR,ERR,ERR,ERR,ERR,ERR,ERR,ERR,ERR,ERR,ERR,ERR,ERR,ERR,ERR,ERR,ERR,ERR,ERR,ERR,ERR,ERR,ERR,ERR,ERR,ERR,ERR,ERR,ERR,ERR,ERR,ERR,ERR,ERR,ERR,ERR,ERR,ERR,ERR,ERR,ERR,ERR,ERR,ERR,ERR,ERR,ERR,ERR,ERR,ERR,ERR,ERR,ERR,ERR,ERR,ERR,ERR,ERR,ERR,ERR,ERR,ERR,ERR,ERR,ERR,ERR,ERR,ERR,ERR,ERR,ERR,ERR,ERR,ERR,ERR,ERR,ERR,ERR,0.0,-0.0,3.028208139652935e+23,0.0,0.0,1.3936040501711995e+18,7.805,0.0,0,0,4,0,7300,-0.0,0,0.0,0.0,0.0,0.0,0.0,0,0,0,0,0.0,0,0,0,0,0,0,0,0,0,0,0,0,0,0,0,0,0,0,0,0,0,0,0,0,0,0,0,0,0,0,0,0,0,32,30,30,62,65476,0,300,0,0,8,21553,0.0,-107605600.0,0.0,0.0,0.0,0.0,0.0,0.0,0.0,0.0,0.0,0.0,0.0,0.0,0.0,0.0,0.0,0.0,0.0,0.0,0.0,0.0,-0.0,-2.004,2.004,0.0,0.0,0.0,0.0,0.0,5676.0,0.0,6916.0,0.0,-0.0,-0.0,0.0,0.0,0.0,0.0,0.0,63,-152018370953216.0,-0.0,0.0,0.0,0.0,0.0,0.0,0.0,0.0,0,0,0,0.0,0.0,0.0,0.0,0.0,0.0,0.0,0.0,0.0,0.0,0.0,0.0,0.0,0.0,0.0,0.0,0,-107875648.0,63,0.0,126,2.7184242562605685e+23,2.842318642297501e+23,ERR,ERR,ERR,ERR,ERR,ERR,ERR,ERR,ERR,ERR,ERR,ERR,ERR,ERR,ERR,ERR,ERR,ERR,ERR,ERR,ERR,ERR,ERR,ERR,ERR,ERR,ERR,ERR,ERR,ERR,ERR,ERR,ERR,ERR,ERR,ERR,ERR,ERR,ERR,ERR,ERR,ERR,ERR,ERR,ERR,ERR,ERR,ERR,ERR,ERR,ERR,ERR,ERR,ERR,ERR,ERR,ERR,ERR,ERR,ERR,ERR,ERR,ERR,ERR,ERR,ERR,ERR,34.0,80.0,35,0.0,0.0,0.0,0.0,0.0,0.0,0.0,0.0,0.0,0.0,0.0,0.0,0.0,0.0,0.0,0.0,64.8,0,116,56,49,65476,0,300,0,0,8,20529,65476,0,0,57672,80.0,0.0,0.0,0.0,0.0,0.0
2026-06-17T04:56:09,ERR,ERR,ERR,ERR,ERR,ERR,ERR,ERR,ERR,ERR,ERR,ERR,ERR,ERR,ERR,ERR,ERR,ERR,ERR,ERR,ERR,ERR,ERR,ERR,ERR,ERR,ERR,ERR,ERR,ERR,ERR,ERR,ERR,ERR,ERR,ERR,ERR,ERR,ERR,ERR,ERR,ERR,ERR,ERR,ERR,ERR,ERR,ERR,ERR,ERR,ERR,ERR,ERR,ERR,ERR,ERR,ERR,ERR,ERR,ERR,ERR,ERR,ERR,ERR,ERR,ERR,ERR,ERR,ERR,ERR,ERR,ERR,ERR,ERR,ERR,ERR,ERR,ERR,ERR,ERR,ERR,ERR,ERR,ERR,ERR,ERR,ERR,ERR,ERR,ERR,ERR,ERR,ERR,ERR,ERR,ERR,ERR,ERR,ERR,ERR,ERR,ERR,ERR,ERR,ERR,ERR,ERR,ERR,ERR,ERR,ERR,ERR,ERR,ERR,ERR,ERR,ERR,ERR,ERR,ERR,ERR,ERR,ERR,ERR,ERR,0.0,-0.0,3.028208139652935e+23,0.0,0.0,1.3936040501711995e+18,7.805,0.0,0,0,4,0,7300,-0.0,0,0.0,0.0,0.0,0.0,0.0,0,0,0,0,0.0,0,0,0,0,0,0,0,0,0,0,0,0,0,0,0,0,0,0,0,0,0,0,0,0,0,0,0,0,0,0,0,0,0,32,30,30,62,65476,0,300,0,0,8,21553,0.0,-107605600.0,0.0,0.0,0.0,0.0,0.0,0.0,0.0,0.0,0.0,0.0,0.0,0.0,0.0,0.0,0.0,0.0,0.0,0.0,0.0,0.0,-0.0,-2.004,2.004,0.0,0.0,0.0,0.0,0.0,5676.0,0.0,6916.0,0.0,-0.0,-0.0,0.0,0.0,0.0,0.0,0.0,63,-152018370953216.0,-0.0,0.0,0.0,0.0,0.0,0.0,0.0,0.0,0,0,0,0.0,0.0,0.0,0.0,0.0,0.0,0.0,0.0,0.0,0.0,0.0,0.0,0.0,0.0,0.0,0.0,0,-107875648.0,63,0.0,126,2.7184242562605685e+23,2.842318642297501e+23,ERR,ERR,ERR,ERR,ERR,ERR,ERR,ERR,ERR,ERR,ERR,ERR,ERR,ERR,ERR,ERR,ERR,ERR,ERR,ERR,ERR,ERR,ERR,ERR,ERR,ERR,ERR,ERR,ERR,ERR,ERR,ERR,ERR,ERR,ERR,ERR,ERR,ERR,ERR,ERR,ERR,ERR,ERR,ERR,ERR,ERR,ERR,ERR,ERR,ERR,ERR,ERR,ERR,ERR,ERR,ERR,ERR,ERR,ERR,ERR,ERR,ERR,ERR,ERR,ERR,ERR,ERR,34.0,80.0,35,0.0,0.0,0.0,0.0,0.0,0.0,0.0,0.0,0.0,0.0,0.0,0.0,0.0,0.0,0.0,0.0,64.4,0,116,56,49,65476,0,300,0,0,8,20529,65476,0,0,57672,80.0,0.0,0.0,0.0,0.0,0.0
2026-06-17T04:56:10,ERR,ERR,ERR,ERR,ERR,ERR,ERR,ERR,ERR,ERR,ERR,ERR,ERR,ERR,ERR,ERR,ERR,ERR,ERR,ERR,ERR,ERR,ERR,ERR,ERR,ERR,ERR,ERR,ERR,ERR,ERR,ERR,ERR,ERR,ERR,ERR,ERR,ERR,ERR,ERR,ERR,ERR,ERR,ERR,ERR,ERR,ERR,ERR,ERR,ERR,ERR,ERR,ERR,ERR,ERR,ERR,ERR,ERR,ERR,ERR,ERR,ERR,ERR,ERR,ERR,ERR,ERR,ERR,ERR,ERR,ERR,ERR,ERR,ERR,ERR,ERR,ERR,ERR,ERR,ERR,ERR,ERR,ERR,ERR,ERR,ERR,ERR,ERR,ERR,ERR,ERR,ERR,ERR,ERR,ERR,ERR,ERR,ERR,ERR,ERR,ERR,ERR,ERR,ERR,ERR,ERR,ERR,ERR,ERR,ERR,ERR,ERR,ERR,ERR,ERR,ERR,ERR,ERR,ERR,ERR,ERR,ERR,ERR,ERR,ERR,0.0,-0.0,3.028208139652935e+23,0.0,0.0,1.3936040501711995e+18,7.805,0.0,0,0,4,0,7300,-0.0,0,0.0,0.0,0.0,0.0,0.0,0,0,0,0,0.0,0,0,0,0,0,0,0,0,0,0,0,0,0,0,0,0,0,0,0,0,0,0,0,0,0,0,0,0,0,0,0,0,0,32,30,30,62,65476,0,300,0,0,8,21553,0.0,-107605600.0,0.0,0.0,0.0,0.0,0.0,0.0,0.0,0.0,0.0,0.0,0.0,0.0,0.0,0.0,0.0,0.0,0.0,0.0,0.0,0.0,-0.0,-2.004,2.004,0.0,0.0,0.0,0.0,0.0,5676.0,0.0,6916.0,0.0,-0.0,-0.0,0.0,0.0,0.0,0.0,0.0,63,-152018370953216.0,-0.0,0.0,0.0,0.0,0.0,0.0,0.0,0.0,0,0,0,0.0,0.0,0.0,0.0,0.0,0.0,0.0,0.0,0.0,0.0,0.0,0.0,0.0,0.0,0.0,0.0,0,-107875648.0,63,0.0,126,2.7184242562605685e+23,2.842318642297501e+23,ERR,ERR,ERR,ERR,ERR,ERR,ERR,ERR,ERR,ERR,ERR,ERR,ERR,ERR,ERR,ERR,ERR,ERR,ERR,ERR,ERR,ERR,ERR,ERR,ERR,ERR,ERR,ERR,ERR,ERR,ERR,ERR,ERR,ERR,ERR,ERR,ERR,ERR,ERR,ERR,ERR,ERR,ERR,ERR,ERR,ERR,ERR,ERR,ERR,ERR,ERR,ERR,ERR,ERR,ERR,ERR,ERR,ERR,ERR,ERR,ERR,ERR,ERR,ERR,ERR,ERR,ERR,34.0,80.0,35,0.0,0.0,0.0,0.0,0.0,0.0,0.0,0.0,0.0,0.0,0.0,0.0,0.0,0.0,0.0,0.0,64.4,0,116,56,49,65476,0,300,0,0,8,20529,65476,0,0,57672,80.0,0.0,0.0,0.0,0.0,0.0
2026-06-17T04:56:11,ERR,ERR,ERR,ERR,ERR,ERR,ERR,ERR,ERR,ERR,ERR,ERR,ERR,ERR,ERR,ERR,ERR,ERR,ERR,ERR,ERR,ERR,ERR,ERR,ERR,ERR,ERR,ERR,ERR,ERR,ERR,ERR,ERR,ERR,ERR,ERR,ERR,ERR,ERR,ERR,ERR,ERR,ERR,ERR,ERR,ERR,ERR,ERR,ERR,ERR,ERR,ERR,ERR,ERR,ERR,ERR,ERR,ERR,ERR,ERR,ERR,ERR,ERR,ERR,ERR,ERR,ERR,ERR,ERR,ERR,ERR,ERR,ERR,ERR,ERR,ERR,ERR,ERR,ERR,ERR,ERR,ERR,ERR,ERR,ERR,ERR,ERR,ERR,ERR,ERR,ERR,ERR,ERR,ERR,ERR,ERR,ERR,ERR,ERR,ERR,ERR,ERR,ERR,ERR,ERR,ERR,ERR,ERR,ERR,ERR,ERR,ERR,ERR,ERR,ERR,ERR,ERR,ERR,ERR,ERR,ERR,ERR,ERR,ERR,ERR,0.0,-0.0,3.028208139652935e+23,0.0,0.0,1.3936040501711995e+18,7.805,0.0,0,0,4,0,7300,-0.0,0,0.0,0.0,0.0,0.0,0.0,0,0,0,0,0.0,0,0,0,0,0,0,0,0,0,0,0,0,0,0,0,0,0,0,0,0,0,0,0,0,0,0,0,0,0,0,0,0,0,32,30,30,62,65476,0,300,0,0,8,21553,0.0,-107605600.0,0.0,0.0,0.0,0.0,0.0,0.0,0.0,0.0,0.0,0.0,0.0,0.0,0.0,0.0,0.0,0.0,0.0,0.0,0.0,0.0,-0.0,-2.004,2.004,0.0,0.0,0.0,0.0,0.0,5676.0,0.0,6916.0,0.0,-0.0,-0.0,0.0,0.0,0.0,0.0,0.0,63,-152018370953216.0,-0.0,0.0,0.0,0.0,0.0,0.0,0.0,0.0,0,0,0,0.0,0.0,0.0,0.0,0.0,0.0,0.0,0.0,0.0,0.0,0.0,0.0,0.0,0.0,0.0,0.0,0,-107875648.0,63,0.0,126,2.7184242562605685e+23,2.842318642297501e+23,ERR,ERR,ERR,ERR,ERR,ERR,ERR,ERR,ERR,ERR,ERR,ERR,ERR,ERR,ERR,ERR,ERR,ERR,ERR,ERR,ERR,ERR,ERR,ERR,ERR,ERR,ERR,ERR,ERR,ERR,ERR,ERR,ERR,ERR,ERR,ERR,ERR,ERR,ERR,ERR,ERR,ERR,ERR,ERR,ERR,ERR,ERR,ERR,ERR,ERR,ERR,ERR,ERR,ERR,ERR,ERR,ERR,ERR,ERR,ERR,ERR,ERR,ERR,ERR,ERR,ERR,ERR,34.0,80.0,35,0.0,0.0,0.0,0.0,0.0,0.0,0.0,0.0,0.0,0.0,0.0,0.0,0.0,0.0,0.0,0.0,64.4,0,116,56,49,65476,0,300,0,0,8,20529,65476,0,0,57672,80.0,0.0,0.0,0.0,0.0,0.0
2026-06-17T04:56:12,ERR,ERR,ERR,ERR,ERR,ERR,ERR,ERR,ERR,ERR,ERR,ERR,ERR,ERR,ERR,ERR,ERR,ERR,ERR,ERR,ERR,ERR,ERR,ERR,ERR,ERR,ERR,ERR,ERR,ERR,ERR,ERR,ERR,ERR,ERR,ERR,ERR,ERR,ERR,ERR,ERR,ERR,ERR,ERR,ERR,ERR,ERR,ERR,ERR,ERR,ERR,ERR,ERR,ERR,ERR,ERR,ERR,ERR,ERR,ERR,ERR,ERR,ERR,ERR,ERR,ERR,ERR,ERR,ERR,ERR,ERR,ERR,ERR,ERR,ERR,ERR,ERR,ERR,ERR,ERR,ERR,ERR,ERR,ERR,ERR,ERR,ERR,ERR,ERR,ERR,ERR,ERR,ERR,ERR,ERR,ERR,ERR,ERR,ERR,ERR,ERR,ERR,ERR,ERR,ERR,ERR,ERR,ERR,ERR,ERR,ERR,ERR,ERR,ERR,ERR,ERR,ERR,ERR,ERR,ERR,ERR,ERR,ERR,ERR,ERR,0.0,-0.0,3.028208139652935e+23,0.0,0.0,1.3936040501711995e+18,7.805,0.0,0,0,4,0,7300,-0.0,0,0.0,0.0,0.0,0.0,0.0,0,0,0,0,0.0,0,0,0,0,0,0,0,0,0,0,0,0,0,0,0,0,0,0,0,0,0,0,0,0,0,0,0,0,0,0,0,0,0,32,30,30,62,65476,0,300,0,0,8,21553,0.0,-107605600.0,0.0,0.0,0.0,0.0,0.0,0.0,0.0,0.0,0.0,0.0,0.0,0.0,0.0,0.0,0.0,0.0,0.0,0.0,0.0,0.0,-0.0,-2.004,2.004,0.0,0.0,0.0,0.0,0.0,5676.0,0.0,6916.0,0.0,-0.0,-0.0,0.0,0.0,0.0,0.0,0.0,63,-152018370953216.0,-0.0,0.0,0.0,0.0,0.0,0.0,0.0,0.0,0,0,0,0.0,0.0,0.0,0.0,0.0,0.0,0.0,0.0,0.0,0.0,0.0,0.0,0.0,0.0,0.0,0.0,0,-107875648.0,63,0.0,126,2.7184242562605685e+23,2.842318642297501e+23,ERR,ERR,ERR,ERR,ERR,ERR,ERR,ERR,ERR,ERR,ERR,ERR,ERR,ERR,ERR,ERR,ERR,ERR,ERR,ERR,ERR,ERR,ERR,ERR,ERR,ERR,ERR,ERR,ERR,ERR,ERR,ERR,ERR,ERR,ERR,ERR,ERR,ERR,ERR,ERR,ERR,ERR,ERR,ERR,ERR,ERR,ERR,ERR,ERR,ERR,ERR,ERR,ERR,ERR,ERR,ERR,ERR,ERR,ERR,ERR,ERR,ERR,ERR,ERR,ERR,ERR,ERR,34.0,80.0,35,0.0,0.0,0.0,0.0,0.0,0.0,0.0,0.0,0.0,0.0,0.0,0.0,0.0,0.0,0.0,0.0,64.4,0,116,56,49,65476,0,300,0,0,8,20529,65476,0,0,57672,80.0,0.0,0.0,0.0,0.0,0.0
2026-06-17T04:56:13,ERR,ERR,ERR,ERR,ERR,ERR,ERR,ERR,ERR,ERR,ERR,ERR,ERR,ERR,ERR,ERR,ERR,ERR,ERR,ERR,ERR,ERR,ERR,ERR,ERR,ERR,ERR,ERR,ERR,ERR,ERR,ERR,ERR,ERR,ERR,ERR,ERR,ERR,ERR,ERR,ERR,ERR,ERR,ERR,ERR,ERR,ERR,ERR,ERR,ERR,ERR,ERR,ERR,ERR,ERR,ERR,ERR,ERR,ERR,ERR,ERR,ERR,ERR,ERR,ERR,ERR,ERR,ERR,ERR,ERR,ERR,ERR,ERR,ERR,ERR,ERR,ERR,ERR,ERR,ERR,ERR,ERR,ERR,ERR,ERR,ERR,ERR,ERR,ERR,ERR,ERR,ERR,ERR,ERR,ERR,ERR,ERR,ERR,ERR,ERR,ERR,ERR,ERR,ERR,ERR,ERR,ERR,ERR,ERR,ERR,ERR,ERR,ERR,ERR,ERR,ERR,ERR,ERR,ERR,ERR,ERR,ERR,ERR,ERR,ERR,0.0,-0.0,3.028208139652935e+23,0.0,0.0,1.3936040501711995e+18,7.805,0.0,0,0,4,0,7300,-0.0,0,0.0,0.0,0.0,0.0,0.0,0,0,0,0,0.0,0,0,0,0,0,0,0,0,0,0,0,0,0,0,0,0,0,0,0,0,0,0,0,0,0,0,0,0,0,0,0,0,0,32,30,30,62,65476,0,300,0,0,8,21553,0.0,-107605600.0,0.0,0.0,0.0,0.0,0.0,0.0,0.0,0.0,0.0,0.0,0.0,0.0,0.0,0.0,0.0,0.0,0.0,0.0,0.0,0.0,-0.0,-2.004,2.004,0.0,0.0,0.0,0.0,0.0,5676.0,0.0,6916.0,0.0,-0.0,-0.0,0.0,0.0,0.0,0.0,0.0,63,-152018370953216.0,-0.0,0.0,0.0,0.0,0.0,0.0,0.0,0.0,0,0,0,0.0,0.0,0.0,0.0,0.0,0.0,0.0,0.0,0.0,0.0,0.0,0.0,0.0,0.0,0.0,0.0,0,-107875648.0,63,0.0,126,2.7184242562605685e+23,2.842318642297501e+23,ERR,ERR,ERR,ERR,ERR,ERR,ERR,ERR,ERR,ERR,ERR,ERR,ERR,ERR,ERR,ERR,ERR,ERR,ERR,ERR,ERR,ERR,ERR,ERR,ERR,ERR,ERR,ERR,ERR,ERR,ERR,ERR,ERR,ERR,ERR,ERR,ERR,ERR,ERR,ERR,ERR,ERR,ERR,ERR,ERR,ERR,ERR,ERR,ERR,ERR,ERR,ERR,ERR,ERR,ERR,ERR,ERR,ERR,ERR,ERR,ERR,ERR,ERR,ERR,ERR,ERR,ERR,34.0,80.0,35,0.0,0.0,0.0,0.0,0.0,0.0,0.0,0.0,0.0,0.0,0.0,0.0,0.0,0.0,0.0,0.0,64.8,0,116,56,49,65476,0,300,0,0,8,20529,65476,0,0,57672,80.0,0.0,0.0,0.0,0.0,0.0
2026-06-17T04:56:14,ERR,ERR,ERR,ERR,ERR,ERR,ERR,ERR,ERR,ERR,ERR,ERR,ERR,ERR,ERR,ERR,ERR,ERR,ERR,ERR,ERR,ERR,ERR,ERR,ERR,ERR,ERR,ERR,ERR,ERR,ERR,ERR,ERR,ERR,ERR,ERR,ERR,ERR,ERR,ERR,ERR,ERR,ERR,ERR,ERR,ERR,ERR,ERR,ERR,ERR,ERR,ERR,ERR,ERR,ERR,ERR,ERR,ERR,ERR,ERR,ERR,ERR,ERR,ERR,ERR,ERR,ERR,ERR,ERR,ERR,ERR,ERR,ERR,ERR,ERR,ERR,ERR,ERR,ERR,ERR,ERR,ERR,ERR,ERR,ERR,ERR,ERR,ERR,ERR,ERR,ERR,ERR,ERR,ERR,ERR,ERR,ERR,ERR,ERR,ERR,ERR,ERR,ERR,ERR,ERR,ERR,ERR,ERR,ERR,ERR,ERR,ERR,ERR,ERR,ERR,ERR,ERR,ERR,ERR,ERR,ERR,ERR,ERR,ERR,ERR,0.0,-0.0,3.028208139652935e+23,0.0,0.0,1.3936040501711995e+18,7.805,0.0,0,0,4,0,7300,-0.0,0,0.0,0.0,0.0,0.0,0.0,0,0,0,0,0.0,0,0,0,0,0,0,0,0,0,0,0,0,0,0,0,0,0,0,0,0,0,0,0,0,0,0,0,0,0,0,0,0,0,32,30,30,62,65476,0,300,0,0,8,21553,0.0,-107605600.0,0.0,0.0,0.0,0.0,0.0,0.0,0.0,0.0,0.0,0.0,0.0,0.0,0.0,0.0,0.0,0.0,0.0,0.0,0.0,0.0,-0.0,-2.004,2.004,2.004,0.0,0.0,0.0,0.0,5647.0,0.0,6916.0,0.0,-0.0,-0.0,0.0,0.0,0.0,0.0,0.0,63,-2.718429120148166e+23,4.0668631027475196e+29,0.0,0.0,0.0,0.0,0.0,0.0,0.0,0,0,0,0.0,0.0,0.0,0.0,0.0,0.0,0.0,0.0,0.0,0.0,0.0,0.0,0.0,0.0,0.0,0.0,0,-107875648.0,63,0.0,126,2.7184242562605685e+23,2.842318642297501e+23,ERR,ERR,ERR,ERR,ERR,ERR,ERR,ERR,ERR,ERR,ERR,ERR,ERR,ERR,ERR,ERR,ERR,ERR,ERR,ERR,ERR,ERR,ERR,ERR,ERR,ERR,ERR,ERR,ERR,ERR,ERR,ERR,ERR,ERR,ERR,ERR,ERR,ERR,ERR,ERR,ERR,ERR,ERR,ERR,ERR,ERR,ERR,ERR,ERR,ERR,ERR,ERR,ERR,ERR,ERR,ERR,ERR,ERR,ERR,ERR,ERR,ERR,ERR,ERR,ERR,ERR,ERR,34.0,80.0,35,0.0,0.0,0.0,0.0,0.0,0.0,0.0,0.0,0.0,0.0,0.0,0.0,0.0,0.0,0.0,0.0,64.4,0,116,56,49,65476,0,300,0,0,8,20529,65476,0,0,57672,80.0,0.0,0.0,0.0,0.0,0.0
2026-06-17T04:56:15,ERR,ERR,ERR,ERR,ERR,ERR,ERR,ERR,ERR,ERR,ERR,ERR,ERR,ERR,ERR,ERR,ERR,ERR,ERR,ERR,ERR,ERR,ERR,ERR,ERR,ERR,ERR,ERR,ERR,ERR,ERR,ERR,ERR,ERR,ERR,ERR,ERR,ERR,ERR,ERR,ERR,ERR,ERR,ERR,ERR,ERR,ERR,ERR,ERR,ERR,ERR,ERR,ERR,ERR,ERR,ERR,ERR,ERR,ERR,ERR,ERR,ERR,ERR,ERR,ERR,ERR,ERR,ERR,ERR,ERR,ERR,ERR,ERR,ERR,ERR,ERR,ERR,ERR,ERR,ERR,ERR,ERR,ERR,ERR,ERR,ERR,ERR,ERR,ERR,ERR,ERR,ERR,ERR,ERR,ERR,ERR,ERR,ERR,ERR,ERR,ERR,ERR,ERR,ERR,ERR,ERR,ERR,ERR,ERR,ERR,ERR,ERR,ERR,ERR,ERR,ERR,ERR,ERR,ERR,ERR,ERR,ERR,ERR,ERR,ERR,0.0,-0.0,3.028208139652935e+23,0.0,0.0,1.3936040501711995e+18,7.805,0.0,0,0,4,0,7300,-0.0,0,0.0,0.0,0.0,0.0,0.0,0,0,0,0,0.0,0,0,0,0,0,0,0,0,0,0,0,0,0,0,0,0,0,0,0,0,0,0,0,0,0,0,0,0,0,0,0,0,0,32,30,30,62,65476,0,300,0,0,8,21553,0.0,-107605600.0,0.0,0.0,0.0,0.0,0.0,0.0,0.0,0.0,0.0,0.0,0.0,0.0,0.0,0.0,0.0,0.0,0.0,0.0,0.0,0.0,-0.0,-2.004,2.004,2.004,0.0,0.0,0.0,0.0,5647.0,0.0,6916.0,0.0,-0.0,-0.0,0.0,0.0,0.0,0.0,0.0,63,-2.718429120148166e+23,4.0668631027475196e+29,0.0,0.0,0.0,0.0,0.0,0.0,0.0,0,0,0,0.0,0.0,0.0,0.0,0.0,0.0,0.0,0.0,0.0,0.0,0.0,0.0,0.0,0.0,0.0,0.0,0,-107875648.0,63,0.0,126,2.7184242562605685e+23,2.842318642297501e+23,ERR,ERR,ERR,ERR,ERR,ERR,ERR,ERR,ERR,ERR,ERR,ERR,ERR,ERR,ERR,ERR,ERR,ERR,ERR,ERR,ERR,ERR,ERR,ERR,ERR,ERR,ERR,ERR,ERR,ERR,ERR,ERR,ERR,ERR,ERR,ERR,ERR,ERR,ERR,ERR,ERR,ERR,ERR,ERR,ERR,ERR,ERR,ERR,ERR,ERR,ERR,ERR,ERR,ERR,ERR,ERR,ERR,ERR,ERR,ERR,ERR,ERR,ERR,ERR,ERR,ERR,ERR,34.0,80.0,35,0.0,0.0,0.0,0.0,0.0,0.0,0.0,0.0,0.0,0.0,0.0,0.0,0.0,0.0,0.0,0.0,64.4,0,116,56,49,65476,0,300,0,0,8,20529,65476,0,0,57672,80.0,0.0,0.0,0.0,0.0,0.0
2026-06-17T04:56:16,ERR,ERR,ERR,ERR,ERR,ERR,ERR,ERR,ERR,ERR,ERR,ERR,ERR,ERR,ERR,ERR,ERR,ERR,ERR,ERR,ERR,ERR,ERR,ERR,ERR,ERR,ERR,ERR,ERR,ERR,ERR,ERR,ERR,ERR,ERR,ERR,ERR,ERR,ERR,ERR,ERR,ERR,ERR,ERR,ERR,ERR,ERR,ERR,ERR,ERR,ERR,ERR,ERR,ERR,ERR,ERR,ERR,ERR,ERR,ERR,ERR,ERR,ERR,ERR,ERR,ERR,ERR,ERR,ERR,ERR,ERR,ERR,ERR,ERR,ERR,ERR,ERR,ERR,ERR,ERR,ERR,ERR,ERR,ERR,ERR,ERR,ERR,ERR,ERR,ERR,ERR,ERR,ERR,ERR,ERR,ERR,ERR,ERR,ERR,ERR,ERR,ERR,ERR,ERR,ERR,ERR,ERR,ERR,ERR,ERR,ERR,ERR,ERR,ERR,ERR,ERR,ERR,ERR,ERR,ERR,ERR,ERR,ERR,ERR,ERR,0.0,-0.0,3.028208139652935e+23,0.0,0.0,1.3936040501711995e+18,7.805,0.0,0,0,4,0,7300,-0.0,0,0.0,0.0,0.0,0.0,0.0,0,0,0,0,0.0,0,0,0,0,0,0,0,0,0,0,0,0,0,0,0,0,0,0,0,0,0,0,0,0,0,0,0,0,0,0,0,0,0,32,30,30,62,65476,0,300,0,0,8,21553,0.0,-107605600.0,0.0,0.0,0.0,0.0,0.0,0.0,0.0,0.0,0.0,0.0,0.0,0.0,0.0,0.0,0.0,0.0,0.0,0.0,0.0,0.0,-0.0,-2.004,2.004,2.004,0.0,0.0,0.0,0.0,5647.0,0.0,6916.0,0.0,-0.0,-0.0,0.0,0.0,0.0,0.0,0.0,63,-2.718429120148166e+23,4.0668631027475196e+29,0.0,0.0,0.0,0.0,0.0,0.0,0.0,0,0,0,0.0,0.0,0.0,0.0,0.0,0.0,0.0,0.0,0.0,0.0,0.0,0.0,0.0,0.0,0.0,0.0,0,-107875648.0,63,0.0,126,2.7184242562605685e+23,2.842318642297501e+23,ERR,ERR,ERR,ERR,ERR,ERR,ERR,ERR,ERR,ERR,ERR,ERR,ERR,ERR,ERR,ERR,ERR,ERR,ERR,ERR,ERR,ERR,ERR,ERR,ERR,ERR,ERR,ERR,ERR,ERR,ERR,ERR,ERR,ERR,ERR,ERR,ERR,ERR,ERR,ERR,ERR,ERR,ERR,ERR,ERR,ERR,ERR,ERR,ERR,ERR,ERR,ERR,ERR,ERR,ERR,ERR,ERR,ERR,ERR,ERR,ERR,ERR,ERR,ERR,ERR,ERR,ERR,34.0,80.0,35,0.0,0.0,0.0,0.0,0.0,0.0,0.0,0.0,0.0,0.0,0.0,0.0,0.0,0.0,0.0,0.0,64.8,0,116,56,49,65476,0,300,0,0,8,20529,65476,0,0,57672,80.0,0.0,0.0,0.0,0.0,0.0
2026-06-17T04:56:17,ERR,ERR,ERR,ERR,ERR,ERR,ERR,ERR,ERR,ERR,ERR,ERR,ERR,ERR,ERR,ERR,ERR,ERR,ERR,ERR,ERR,ERR,ERR,ERR,ERR,ERR,ERR,ERR,ERR,ERR,ERR,ERR,ERR,ERR,ERR,ERR,ERR,ERR,ERR,ERR,ERR,ERR,ERR,ERR,ERR,ERR,ERR,ERR,ERR,ERR,ERR,ERR,ERR,ERR,ERR,ERR,ERR,ERR,ERR,ERR,ERR,ERR,ERR,ERR,ERR,ERR,ERR,ERR,ERR,ERR,ERR,ERR,ERR,ERR,ERR,ERR,ERR,ERR,ERR,ERR,ERR,ERR,ERR,ERR,ERR,ERR,ERR,ERR,ERR,ERR,ERR,ERR,ERR,ERR,ERR,ERR,ERR,ERR,ERR,ERR,ERR,ERR,ERR,ERR,ERR,ERR,ERR,ERR,ERR,ERR,ERR,ERR,ERR,ERR,ERR,ERR,ERR,ERR,ERR,ERR,ERR,ERR,ERR,ERR,ERR,0.0,-0.0,3.028208139652935e+23,0.0,0.0,1.3936040501711995e+18,7.805,0.0,0,0,4,0,7300,-0.0,0,0.0,0.0,0.0,0.0,0.0,0,0,0,0,0.0,0,0,0,0,0,0,0,0,0,0,0,0,0,0,0,0,0,0,0,0,0,0,0,0,0,0,0,0,0,0,0,0,0,32,30,30,62,65476,0,300,0,0,8,21553,0.0,-107605600.0,0.0,0.0,0.0,0.0,0.0,0.0,0.0,0.0,0.0,0.0,0.0,0.0,0.0,0.0,0.0,0.0,0.0,0.0,0.0,0.0,-0.0,-2.004,2.004,2.004,0.0,0.0,0.0,0.0,5647.0,0.0,6916.0,0.0,-0.0,-0.0,0.0,0.0,0.0,0.0,0.0,63,-2.718429120148166e+23,4.0668631027475196e+29,0.0,0.0,0.0,0.0,0.0,0.0,0.0,0,0,0,0.0,0.0,0.0,0.0,0.0,0.0,0.0,0.0,0.0,0.0,0.0,0.0,0.0,0.0,0.0,0.0,0,-107875648.0,63,0.0,126,2.7184242562605685e+23,2.842318642297501e+23,ERR,ERR,ERR,ERR,ERR,ERR,ERR,ERR,ERR,ERR,ERR,ERR,ERR,ERR,ERR,ERR,ERR,ERR,ERR,ERR,ERR,ERR,ERR,ERR,ERR,ERR,ERR,ERR,ERR,ERR,ERR,ERR,ERR,ERR,ERR,ERR,ERR,ERR,ERR,ERR,ERR,ERR,ERR,ERR,ERR,ERR,ERR,ERR,ERR,ERR,ERR,ERR,ERR,ERR,ERR,ERR,ERR,ERR,ERR,ERR,ERR,ERR,ERR,ERR,ERR,ERR,ERR,34.0,80.0,35,0.0,0.0,0.0,0.0,0.0,0.0,0.0,0.0,0.0,0.0,0.0,0.0,0.0,0.0,0.0,0.0,64.8,0,116,56,49,65476,0,300,0,0,8,20529,65476,0,0,57672,80.0,0.0,0.0,0.0,0.0,0.0
2026-06-17T04:56:18,ERR,ERR,ERR,ERR,ERR,ERR,ERR,ERR,ERR,ERR,ERR,ERR,ERR,ERR,ERR,ERR,ERR,ERR,ERR,ERR,ERR,ERR,ERR,ERR,ERR,ERR,ERR,ERR,ERR,ERR,ERR,ERR,ERR,ERR,ERR,ERR,ERR,ERR,ERR,ERR,ERR,ERR,ERR,ERR,ERR,ERR,ERR,ERR,ERR,ERR,ERR,ERR,ERR,ERR,ERR,ERR,ERR,ERR,ERR,ERR,ERR,ERR,ERR,ERR,ERR,ERR,ERR,ERR,ERR,ERR,ERR,ERR,ERR,ERR,ERR,ERR,ERR,ERR,ERR,ERR,ERR,ERR,ERR,ERR,ERR,ERR,ERR,ERR,ERR,ERR,ERR,ERR,ERR,ERR,ERR,ERR,ERR,ERR,ERR,ERR,ERR,ERR,ERR,ERR,ERR,ERR,ERR,ERR,ERR,ERR,ERR,ERR,ERR,ERR,ERR,ERR,ERR,ERR,ERR,ERR,ERR,ERR,ERR,ERR,ERR,0.0,-0.0,3.028208139652935e+23,0.0,0.0,1.3936040501711995e+18,7.805,0.0,0,0,4,0,7300,-0.0,0,0.0,0.0,0.0,0.0,0.0,0,0,0,0,0.0,0,0,0,0,0,0,0,0,0,0,0,0,0,0,0,0,0,0,0,0,0,0,0,0,0,0,0,0,0,0,0,0,0,32,30,30,62,65476,0,300,0,0,8,21553,0.0,-107605600.0,0.0,0.0,0.0,0.0,0.0,0.0,0.0,0.0,0.0,0.0,0.0,0.0,0.0,0.0,0.0,0.0,0.0,0.0,0.0,0.0,-0.0,-2.004,2.004,2.004,0.0,0.0,0.0,0.0,5647.0,0.0,6916.0,0.0,-0.0,-0.0,0.0,0.0,0.0,0.0,0.0,63,-2.718429120148166e+23,4.0668631027475196e+29,0.0,0.0,0.0,0.0,0.0,0.0,0.0,0,0,0,0.0,0.0,0.0,0.0,0.0,0.0,0.0,0.0,0.0,0.0,0.0,0.0,0.0,0.0,0.0,0.0,0,-107875648.0,63,0.0,126,2.7184242562605685e+23,2.842318642297501e+23,ERR,ERR,ERR,ERR,ERR,ERR,ERR,ERR,ERR,ERR,ERR,ERR,ERR,ERR,ERR,ERR,ERR,ERR,ERR,ERR,ERR,ERR,ERR,ERR,ERR,ERR,ERR,ERR,ERR,ERR,ERR,ERR,ERR,ERR,ERR,ERR,ERR,ERR,ERR,ERR,ERR,ERR,ERR,ERR,ERR,ERR,ERR,ERR,ERR,ERR,ERR,ERR,ERR,ERR,ERR,ERR,ERR,ERR,ERR,ERR,ERR,ERR,ERR,ERR,ERR,ERR,ERR,34.0,80.0,35,0.0,0.0,0.0,0.0,0.0,0.0,0.0,0.0,0.0,0.0,0.0,0.0,0.0,0.0,0.0,0.0,64.4,0,116,56,49,65476,0,300,0,0,8,20529,65476,0,0,57672,80.0,0.0,0.0,0.0,0.0,0.0
2026-06-17T04:56:19,ERR,ERR,ERR,ERR,ERR,ERR,ERR,ERR,ERR,ERR,ERR,ERR,ERR,ERR,ERR,ERR,ERR,ERR,ERR,ERR,ERR,ERR,ERR,ERR,ERR,ERR,ERR,ERR,ERR,ERR,ERR,ERR,ERR,ERR,ERR,ERR,ERR,ERR,ERR,ERR,ERR,ERR,ERR,ERR,ERR,ERR,ERR,ERR,ERR,ERR,ERR,ERR,ERR,ERR,ERR,ERR,ERR,ERR,ERR,ERR,ERR,ERR,ERR,ERR,ERR,ERR,ERR,ERR,ERR,ERR,ERR,ERR,ERR,ERR,ERR,ERR,ERR,ERR,ERR,ERR,ERR,ERR,ERR,ERR,ERR,ERR,ERR,ERR,ERR,ERR,ERR,ERR,ERR,ERR,ERR,ERR,ERR,ERR,ERR,ERR,ERR,ERR,ERR,ERR,ERR,ERR,ERR,ERR,ERR,ERR,ERR,ERR,ERR,ERR,ERR,ERR,ERR,ERR,ERR,ERR,ERR,ERR,ERR,ERR,ERR,0.0,-0.0,-0.0,0.0,0.0,1.3936040501711995e+18,7.805,0.0,0,0,4,0,7300,-0.0,0,0.0,0.0,0.0,0.0,0.0,0,0,0,0,0.0,0,0,0,0,0,0,0,0,0,0,0,0,0,0,0,0,0,0,0,0,0,0,0,0,0,0,0,0,0,0,0,0,0,32,30,30,62,65476,0,300,0,0,8,21553,0.0,-107605600.0,0.0,0.0,0.0,0.0,0.0,0.0,0.0,0.0,0.0,0.0,0.0,0.0,0.0,0.0,0.0,0.0,0.0,0.0,0.0,0.0,2.004,-2.004,2.004,2.004,0.0,0.0,0.0,0.0,5614.0,0.0,6912.0,0.0,-0.0,-0.0,0.0,0.0,0.0,0.0,0.0,63,-2.3088394862626393e+20,0.0,0.0,0.0,0.0,0.0,0.0,0.0,0.0,0,0,0,0.0,0.0,0.0,0.0,0.0,0.0,0.0,0.0,0.0,0.0,0.0,0.0,0.0,0.0,0.0,0.0,0,-107875648.0,63,0.0,126,2.7184242562605685e+23,2.842318642297501e+23,ERR,ERR,ERR,ERR,ERR,ERR,ERR,ERR,ERR,ERR,ERR,ERR,ERR,ERR,ERR,ERR,ERR,ERR,ERR,ERR,ERR,ERR,ERR,ERR,ERR,ERR,ERR,ERR,ERR,ERR,ERR,ERR,ERR,ERR,ERR,ERR,ERR,ERR,ERR,ERR,ERR,ERR,ERR,ERR,ERR,ERR,ERR,ERR,ERR,ERR,ERR,ERR,ERR,ERR,ERR,ERR,ERR,ERR,ERR,ERR,ERR,ERR,ERR,ERR,ERR,ERR,ERR,34.0,80.0,35,0.0,0.0,0.0,0.0,0.0,0.0,0.0,0.0,0.0,0.0,0.0,0.0,0.0,0.0,0.0,0.0,64.4,0,116,56,49,65476,0,300,0,0,8,20529,65476,0,0,57672,80.0,0.0,0.0,0.0,0.0,0.0
2026-06-17T04:56:20,ERR,ERR,ERR,ERR,ERR,ERR,ERR,ERR,ERR,ERR,ERR,ERR,ERR,ERR,ERR,ERR,ERR,ERR,ERR,ERR,ERR,ERR,ERR,ERR,ERR,ERR,ERR,ERR,ERR,ERR,ERR,ERR,ERR,ERR,ERR,ERR,ERR,ERR,ERR,ERR,ERR,ERR,ERR,ERR,ERR,ERR,ERR,ERR,ERR,ERR,ERR,ERR,ERR,ERR,ERR,ERR,ERR,ERR,ERR,ERR,ERR,ERR,ERR,ERR,ERR,ERR,ERR,ERR,ERR,ERR,ERR,ERR,ERR,ERR,ERR,ERR,ERR,ERR,ERR,ERR,ERR,ERR,ERR,ERR,ERR,ERR,ERR,ERR,ERR,ERR,ERR,ERR,ERR,ERR,ERR,ERR,ERR,ERR,ERR,ERR,ERR,ERR,ERR,ERR,ERR,ERR,ERR,ERR,ERR,ERR,ERR,ERR,ERR,ERR,ERR,ERR,ERR,ERR,ERR,ERR,ERR,ERR,ERR,ERR,ERR,0.0,-0.0,-0.0,0.0,0.0,1.3936040501711995e+18,7.805,0.0,0,0,4,0,7300,-0.0,0,0.0,0.0,0.0,0.0,0.0,0,0,0,0,0.0,0,0,0,0,0,0,0,0,0,0,0,0,0,0,0,0,0,0,0,0,0,0,0,0,0,0,0,0,0,0,0,0,0,32,30,30,62,65476,0,300,0,0,8,21553,0.0,-107605600.0,0.0,0.0,0.0,0.0,0.0,0.0,0.0,0.0,0.0,0.0,0.0,0.0,0.0,0.0,0.0,0.0,0.0,0.0,0.0,0.0,2.004,-2.004,2.004,2.004,0.0,0.0,0.0,0.0,5614.0,0.0,6912.0,0.0,-0.0,-0.0,0.0,0.0,0.0,0.0,0.0,63,-2.3088394862626393e+20,0.0,0.0,0.0,0.0,0.0,0.0,0.0,0.0,0,0,0,0.0,0.0,0.0,0.0,0.0,0.0,0.0,0.0,0.0,0.0,0.0,0.0,0.0,0.0,0.0,0.0,0,-107875648.0,63,0.0,126,2.7184242562605685e+23,2.842318642297501e+23,ERR,ERR,ERR,ERR,ERR,ERR,ERR,ERR,ERR,ERR,ERR,ERR,ERR,ERR,ERR,ERR,ERR,ERR,ERR,ERR,ERR,ERR,ERR,ERR,ERR,ERR,ERR,ERR,ERR,ERR,ERR,ERR,ERR,ERR,ERR,ERR,ERR,ERR,ERR,ERR,ERR,ERR,ERR,ERR,ERR,ERR,ERR,ERR,ERR,ERR,ERR,ERR,ERR,ERR,ERR,ERR,ERR,ERR,ERR,ERR,ERR,ERR,ERR,ERR,ERR,ERR,ERR,34.0,80.0,35,0.0,0.0,0.0,0.0,0.0,0.0,0.0,0.0,0.0,0.0,0.0,0.0,0.0,0.0,0.0,0.0,64.4,0,116,56,49,65476,0,300,0,0,8,20529,65476,0,0,57672,80.0,0.0,0.0,0.0,0.0,0.0
2026-06-17T04:56:21,ERR,ERR,ERR,ERR,ERR,ERR,ERR,ERR,ERR,ERR,ERR,ERR,ERR,ERR,ERR,ERR,ERR,ERR,ERR,ERR,ERR,ERR,ERR,ERR,ERR,ERR,ERR,ERR,ERR,ERR,ERR,ERR,ERR,ERR,ERR,ERR,ERR,ERR,ERR,ERR,ERR,ERR,ERR,ERR,ERR,ERR,ERR,ERR,ERR,ERR,ERR,ERR,ERR,ERR,ERR,ERR,ERR,ERR,ERR,ERR,ERR,ERR,ERR,ERR,ERR,ERR,ERR,ERR,ERR,ERR,ERR,ERR,ERR,ERR,ERR,ERR,ERR,ERR,ERR,ERR,ERR,ERR,ERR,ERR,ERR,ERR,ERR,ERR,ERR,ERR,ERR,ERR,ERR,ERR,ERR,ERR,ERR,ERR,ERR,ERR,ERR,ERR,ERR,ERR,ERR,ERR,ERR,ERR,ERR,ERR,ERR,ERR,ERR,ERR,ERR,ERR,ERR,ERR,ERR,ERR,ERR,ERR,ERR,ERR,ERR,0.0,-0.0,-0.0,0.0,0.0,1.3936040501711995e+18,7.805,0.0,0,0,4,0,7300,-0.0,0,0.0,0.0,0.0,0.0,0.0,0,0,0,0,0.0,0,0,0,0,0,0,0,0,0,0,0,0,0,0,0,0,0,0,0,0,0,0,0,0,0,0,0,0,0,0,0,0,0,32,30,30,62,65476,0,300,0,0,8,21553,0.0,-107605600.0,0.0,0.0,0.0,0.0,0.0,0.0,0.0,0.0,0.0,0.0,0.0,0.0,0.0,0.0,0.0,0.0,0.0,0.0,0.0,0.0,2.004,-2.004,2.004,2.004,0.0,0.0,0.0,0.0,5614.0,0.0,6912.0,0.0,-0.0,-0.0,0.0,0.0,0.0,0.0,0.0,63,-2.3088394862626393e+20,0.0,0.0,0.0,0.0,0.0,0.0,0.0,0.0,0,0,0,0.0,0.0,0.0,0.0,0.0,0.0,0.0,0.0,0.0,0.0,0.0,0.0,0.0,0.0,0.0,0.0,0,-107875648.0,63,0.0,126,2.7184242562605685e+23,2.842318642297501e+23,ERR,ERR,ERR,ERR,ERR,ERR,ERR,ERR,ERR,ERR,ERR,ERR,ERR,ERR,ERR,ERR,ERR,ERR,ERR,ERR,ERR,ERR,ERR,ERR,ERR,ERR,ERR,ERR,ERR,ERR,ERR,ERR,ERR,ERR,ERR,ERR,ERR,ERR,ERR,ERR,ERR,ERR,ERR,ERR,ERR,ERR,ERR,ERR,ERR,ERR,ERR,ERR,ERR,ERR,ERR,ERR,ERR,ERR,ERR,ERR,ERR,ERR,ERR,ERR,ERR,ERR,ERR,34.0,80.0,35,0.0,0.0,0.0,0.0,0.0,0.0,0.0,0.0,0.0,0.0,0.0,0.0,0.0,0.0,0.0,0.0,64.4,0,116,56,49,65476,0,300,0,0,8,20529,65476,0,0,57672,80.0,0.0,0.0,0.0,0.0,0.0
2026-06-17T04:56:22,ERR,ERR,ERR,ERR,ERR,ERR,ERR,ERR,ERR,ERR,ERR,ERR,ERR,ERR,ERR,ERR,ERR,ERR,ERR,ERR,ERR,ERR,ERR,ERR,ERR,ERR,ERR,ERR,ERR,ERR,ERR,ERR,ERR,ERR,ERR,ERR,ERR,ERR,ERR,ERR,ERR,ERR,ERR,ERR,ERR,ERR,ERR,ERR,ERR,ERR,ERR,ERR,ERR,ERR,ERR,ERR,ERR,ERR,ERR,ERR,ERR,ERR,ERR,ERR,ERR,ERR,ERR,ERR,ERR,ERR,ERR,ERR,ERR,ERR,ERR,ERR,ERR,ERR,ERR,ERR,ERR,ERR,ERR,ERR,ERR,ERR,ERR,ERR,ERR,ERR,ERR,ERR,ERR,ERR,ERR,ERR,ERR,ERR,ERR,ERR,ERR,ERR,ERR,ERR,ERR,ERR,ERR,ERR,ERR,ERR,ERR,ERR,ERR,ERR,ERR,ERR,ERR,ERR,ERR,ERR,ERR,ERR,ERR,ERR,ERR,0.0,-0.0,-0.0,0.0,0.0,1.3936040501711995e+18,7.805,0.0,0,0,4,0,7300,-0.0,0,0.0,0.0,0.0,0.0,0.0,0,0,0,0,0.0,0,0,0,0,0,0,0,0,0,0,0,0,0,0,0,0,0,0,0,0,0,0,0,0,0,0,0,0,0,0,0,0,0,32,30,30,62,65476,0,300,0,0,8,21553,0.0,-107605600.0,0.0,0.0,0.0,0.0,0.0,0.0,0.0,0.0,0.0,0.0,0.0,0.0,0.0,0.0,0.0,0.0,0.0,0.0,0.0,0.0,2.004,-2.004,2.004,2.004,0.0,0.0,0.0,0.0,5614.0,0.0,6912.0,0.0,-0.0,-0.0,0.0,0.0,0.0,0.0,0.0,63,-2.3088394862626393e+20,0.0,0.0,0.0,0.0,0.0,0.0,0.0,0.0,0,0,0,0.0,0.0,0.0,0.0,0.0,0.0,0.0,0.0,0.0,0.0,0.0,0.0,0.0,0.0,0.0,0.0,0,-107875648.0,63,0.0,126,2.7184242562605685e+23,2.842318642297501e+23,ERR,ERR,ERR,ERR,ERR,ERR,ERR,ERR,ERR,ERR,ERR,ERR,ERR,ERR,ERR,ERR,ERR,ERR,ERR,ERR,ERR,ERR,ERR,ERR,ERR,ERR,ERR,ERR,ERR,ERR,ERR,ERR,ERR,ERR,ERR,ERR,ERR,ERR,ERR,ERR,ERR,ERR,ERR,ERR,ERR,ERR,ERR,ERR,ERR,ERR,ERR,ERR,ERR,ERR,ERR,ERR,ERR,ERR,ERR,ERR,ERR,ERR,ERR,ERR,ERR,ERR,ERR,34.0,80.0,35,0.0,0.0,0.0,0.0,0.0,0.0,0.0,0.0,0.0,0.0,0.0,0.0,0.0,0.0,0.0,0.0,64.4,0,116,56,49,65476,0,300,0,0,8,20529,65476,0,0,57672,80.0,0.0,0.0,0.0,0.0,0.0
2026-06-17T04:56:23,ERR,ERR,ERR,ERR,ERR,ERR,ERR,ERR,ERR,ERR,ERR,ERR,ERR,ERR,ERR,ERR,ERR,ERR,ERR,ERR,ERR,ERR,ERR,ERR,ERR,ERR,ERR,ERR,ERR,ERR,ERR,ERR,ERR,ERR,ERR,ERR,ERR,ERR,ERR,ERR,ERR,ERR,ERR,ERR,ERR,ERR,ERR,ERR,ERR,ERR,ERR,ERR,ERR,ERR,ERR,ERR,ERR,ERR,ERR,ERR,ERR,ERR,ERR,ERR,ERR,ERR,ERR,ERR,ERR,ERR,ERR,ERR,ERR,ERR,ERR,ERR,ERR,ERR,ERR,ERR,ERR,ERR,ERR,ERR,ERR,ERR,ERR,ERR,ERR,ERR,ERR,ERR,ERR,ERR,ERR,ERR,ERR,ERR,ERR,ERR,ERR,ERR,ERR,ERR,ERR,ERR,ERR,ERR,ERR,ERR,ERR,ERR,ERR,ERR,ERR,ERR,ERR,ERR,ERR,ERR,ERR,ERR,ERR,ERR,ERR,0.0,-0.0,-0.0,0.0,0.0,1.3936040501711995e+18,7.805,0.0,0,0,4,0,7300,-0.0,0,0.0,0.0,0.0,0.0,0.0,0,0,0,0,0.0,0,0,0,0,0,0,0,0,0,0,0,0,0,0,0,0,0,0,0,0,0,0,0,0,0,0,0,0,0,0,0,0,0,32,30,30,62,65476,0,300,0,0,8,21553,0.0,-107605600.0,0.0,0.0,0.0,0.0,0.0,0.0,0.0,0.0,0.0,0.0,0.0,0.0,0.0,0.0,0.0,0.0,0.0,0.0,0.0,0.0,2.004,-2.004,2.004,2.004,0.0,0.0,0.0,0.0,5614.0,0.0,6912.0,0.0,-0.0,-0.0,0.0,0.0,0.0,0.0,0.0,63,-2.3088394862626393e+20,0.0,0.0,0.0,0.0,0.0,0.0,0.0,0.0,0,0,0,0.0,0.0,0.0,0.0,0.0,0.0,0.0,0.0,0.0,0.0,0.0,0.0,0.0,0.0,0.0,0.0,0,-107875648.0,63,0.0,126,2.7184242562605685e+23,2.842318642297501e+23,ERR,ERR,ERR,ERR,ERR,ERR,ERR,ERR,ERR,ERR,ERR,ERR,ERR,ERR,ERR,ERR,ERR,ERR,ERR,ERR,ERR,ERR,ERR,ERR,ERR,ERR,ERR,ERR,ERR,ERR,ERR,ERR,ERR,ERR,ERR,ERR,ERR,ERR,ERR,ERR,ERR,ERR,ERR,ERR,ERR,ERR,ERR,ERR,ERR,ERR,ERR,ERR,ERR,ERR,ERR,ERR,ERR,ERR,ERR,ERR,ERR,ERR,ERR,ERR,ERR,ERR,ERR,34.0,80.0,35,0.0,0.0,0.0,0.0,0.0,0.0,0.0,0.0,0.0,0.0,0.0,0.0,0.0,0.0,0.0,0.0,64.4,0,116,56,49,65476,0,300,0,0,8,20529,65476,0,0,57672,80.0,0.0,0.0,0.0,0.0,0.0
2026-06-17T04:56:24,ERR,ERR,ERR,ERR,ERR,ERR,ERR,ERR,ERR,ERR,ERR,ERR,ERR,ERR,ERR,ERR,ERR,ERR,ERR,ERR,ERR,ERR,ERR,ERR,ERR,ERR,ERR,ERR,ERR,ERR,ERR,ERR,ERR,ERR,ERR,ERR,ERR,ERR,ERR,ERR,ERR,ERR,ERR,ERR,ERR,ERR,ERR,ERR,ERR,ERR,ERR,ERR,ERR,ERR,ERR,ERR,ERR,ERR,ERR,ERR,ERR,ERR,ERR,ERR,ERR,ERR,ERR,ERR,ERR,ERR,ERR,ERR,ERR,ERR,ERR,ERR,ERR,ERR,ERR,ERR,ERR,ERR,ERR,ERR,ERR,ERR,ERR,ERR,ERR,ERR,ERR,ERR,ERR,ERR,ERR,ERR,ERR,ERR,ERR,ERR,ERR,ERR,ERR,ERR,ERR,ERR,ERR,ERR,ERR,ERR,ERR,ERR,ERR,ERR,ERR,ERR,ERR,ERR,ERR,ERR,ERR,ERR,ERR,ERR,ERR,0.0,-0.0,-0.0,0.0,0.0,1.3936040501711995e+18,7.805,0.0,0,0,4,0,7300,-0.0,0,0.0,0.0,0.0,0.0,0.0,0,0,0,0,0.0,0,0,0,0,0,0,0,0,0,0,0,0,0,0,0,0,0,0,0,0,0,0,0,0,0,0,0,0,0,0,0,0,0,32,30,30,62,65476,0,300,0,0,8,21553,0.0,-107605600.0,0.0,0.0,0.0,0.0,0.0,0.0,0.0,0.0,0.0,0.0,0.0,0.0,0.0,0.0,0.0,0.0,0.0,0.0,0.0,0.0,2.004,-2.004,2.004,0.0,0.0,0.0,0.0,0.0,5582.0,-0.0,6926.0,0.0,-0.0,-0.0,0.0,0.0,0.0,0.0,0.0,63,-2.718429120148166e+23,89220.742,0.0,0.0,0.0,0.0,0.0,0.0,0.0,0,0,0,0.0,0.0,0.0,0.0,0.0,0.0,0.0,0.0,0.0,0.0,0.0,0.0,0.0,0.0,0.0,0.0,0,-107875648.0,63,0.0,126,2.7184242562605685e+23,2.842318642297501e+23,ERR,ERR,ERR,ERR,ERR,ERR,ERR,ERR,ERR,ERR,ERR,ERR,ERR,ERR,ERR,ERR,ERR,ERR,ERR,ERR,ERR,ERR,ERR,ERR,ERR,ERR,ERR,ERR,ERR,ERR,ERR,ERR,ERR,ERR,ERR,ERR,ERR,ERR,ERR,ERR,ERR,ERR,ERR,ERR,ERR,ERR,ERR,ERR,ERR,ERR,ERR,ERR,ERR,ERR,ERR,ERR,ERR,ERR,ERR,ERR,ERR,ERR,ERR,ERR,ERR,ERR,ERR,34.0,80.0,35,0.0,0.0,0.0,0.0,0.0,0.0,0.0,0.0,0.0,0.0,0.0,0.0,0.0,0.0,0.0,0.0,64.4,0,116,56,49,65476,0,300,0,0,8,20529,65476,0,0,57672,80.0,0.0,0.0,0.0,0.0,0.0
2026-06-17T04:56:25,ERR,ERR,ERR,ERR,ERR,ERR,ERR,ERR,ERR,ERR,ERR,ERR,ERR,ERR,ERR,ERR,ERR,ERR,ERR,ERR,ERR,ERR,ERR,ERR,ERR,ERR,ERR,ERR,ERR,ERR,ERR,ERR,ERR,ERR,ERR,ERR,ERR,ERR,ERR,ERR,ERR,ERR,ERR,ERR,ERR,ERR,ERR,ERR,ERR,ERR,ERR,ERR,ERR,ERR,ERR,ERR,ERR,ERR,ERR,ERR,ERR,ERR,ERR,ERR,ERR,ERR,ERR,ERR,ERR,ERR,ERR,ERR,ERR,ERR,ERR,ERR,ERR,ERR,ERR,ERR,ERR,ERR,ERR,ERR,ERR,ERR,ERR,ERR,ERR,ERR,ERR,ERR,ERR,ERR,ERR,ERR,ERR,ERR,ERR,ERR,ERR,ERR,ERR,ERR,ERR,ERR,ERR,ERR,ERR,ERR,ERR,ERR,ERR,ERR,ERR,ERR,ERR,ERR,ERR,ERR,ERR,ERR,ERR,ERR,ERR,0.0,-0.0,-0.0,0.0,0.0,1.3936040501711995e+18,7.805,0.0,0,0,4,0,7300,-0.0,0,0.0,0.0,0.0,0.0,0.0,0,0,0,0,0.0,0,0,0,0,0,0,0,0,0,0,0,0,0,0,0,0,0,0,0,0,0,0,0,0,0,0,0,0,0,0,0,0,0,32,30,30,62,65476,0,300,0,0,8,21553,0.0,-107605600.0,0.0,0.0,0.0,0.0,0.0,0.0,0.0,0.0,0.0,0.0,0.0,0.0,0.0,0.0,0.0,0.0,0.0,0.0,0.0,0.0,2.004,-2.004,2.004,0.0,0.0,0.0,0.0,0.0,5582.0,-0.0,6926.0,0.0,-0.0,-0.0,0.0,0.0,0.0,0.0,0.0,63,-2.718429120148166e+23,89220.742,0.0,0.0,0.0,0.0,0.0,0.0,0.0,0,0,0,0.0,0.0,0.0,0.0,0.0,0.0,0.0,0.0,0.0,0.0,0.0,0.0,0.0,0.0,0.0,0.0,0,-107875648.0,63,0.0,126,2.7184242562605685e+23,2.842318642297501e+23,ERR,ERR,ERR,ERR,ERR,ERR,ERR,ERR,ERR,ERR,ERR,ERR,ERR,ERR,ERR,ERR,ERR,ERR,ERR,ERR,ERR,ERR,ERR,ERR,ERR,ERR,ERR,ERR,ERR,ERR,ERR,ERR,ERR,ERR,ERR,ERR,ERR,ERR,ERR,ERR,ERR,ERR,ERR,ERR,ERR,ERR,ERR,ERR,ERR,ERR,ERR,ERR,ERR,ERR,ERR,ERR,ERR,ERR,ERR,ERR,ERR,ERR,ERR,ERR,ERR,ERR,ERR,34.0,80.0,35,0.0,0.0,0.0,0.0,0.0,0.0,0.0,0.0,0.0,0.0,0.0,0.0,0.0,0.0,0.0,0.0,64.4,0,116,56,49,65476,0,300,0,0,8,20529,65476,0,0,57672,80.0,0.0,0.0,0.0,0.0,0.0
2026-06-17T04:56:26,ERR,ERR,ERR,ERR,ERR,ERR,ERR,ERR,ERR,ERR,ERR,ERR,ERR,ERR,ERR,ERR,ERR,ERR,ERR,ERR,ERR,ERR,ERR,ERR,ERR,ERR,ERR,ERR,ERR,ERR,ERR,ERR,ERR,ERR,ERR,ERR,ERR,ERR,ERR,ERR,ERR,ERR,ERR,ERR,ERR,ERR,ERR,ERR,ERR,ERR,ERR,ERR,ERR,ERR,ERR,ERR,ERR,ERR,ERR,ERR,ERR,ERR,ERR,ERR,ERR,ERR,ERR,ERR,ERR,ERR,ERR,ERR,ERR,ERR,ERR,ERR,ERR,ERR,ERR,ERR,ERR,ERR,ERR,ERR,ERR,ERR,ERR,ERR,ERR,ERR,ERR,ERR,ERR,ERR,ERR,ERR,ERR,ERR,ERR,ERR,ERR,ERR,ERR,ERR,ERR,ERR,ERR,ERR,ERR,ERR,ERR,ERR,ERR,ERR,ERR,ERR,ERR,ERR,ERR,ERR,ERR,ERR,ERR,ERR,ERR,0.0,-0.0,-0.0,0.0,0.0,1.3936040501711995e+18,7.805,0.0,0,0,4,0,7300,-0.0,0,0.0,0.0,0.0,0.0,0.0,0,0,0,0,0.0,0,0,0,0,0,0,0,0,0,0,0,0,0,0,0,0,0,0,0,0,0,0,0,0,0,0,0,0,0,0,0,0,0,32,30,30,62,65476,0,300,0,0,8,21553,0.0,-107605600.0,0.0,0.0,0.0,0.0,0.0,0.0,0.0,0.0,0.0,0.0,0.0,0.0,0.0,0.0,0.0,0.0,0.0,0.0,0.0,0.0,2.004,-2.004,2.004,0.0,0.0,0.0,0.0,0.0,5582.0,-0.0,6926.0,0.0,-0.0,-0.0,0.0,0.0,0.0,0.0,0.0,63,-2.718429120148166e+23,89220.742,0.0,0.0,0.0,0.0,0.0,0.0,0.0,0,0,0,0.0,0.0,0.0,0.0,0.0,0.0,0.0,0.0,0.0,0.0,0.0,0.0,0.0,0.0,0.0,0.0,0,-107875648.0,63,0.0,126,2.7184242562605685e+23,2.842318642297501e+23,ERR,ERR,ERR,ERR,ERR,ERR,ERR,ERR,ERR,ERR,ERR,ERR,ERR,ERR,ERR,ERR,ERR,ERR,ERR,ERR,ERR,ERR,ERR,ERR,ERR,ERR,ERR,ERR,ERR,ERR,ERR,ERR,ERR,ERR,ERR,ERR,ERR,ERR,ERR,ERR,ERR,ERR,ERR,ERR,ERR,ERR,ERR,ERR,ERR,ERR,ERR,ERR,ERR,ERR,ERR,ERR,ERR,ERR,ERR,ERR,ERR,ERR,ERR,ERR,ERR,ERR,ERR,34.0,80.0,35,0.0,0.0,0.0,0.0,0.0,0.0,0.0,0.0,0.0,0.0,0.0,0.0,0.0,0.0,0.0,0.0,64.4,0,116,56,49,65476,0,300,0,0,8,20529,65476,0,0,57672,80.0,0.0,0.0,0.0,0.0,0.0
2026-06-17T04:56:27,ERR,ERR,ERR,ERR,ERR,ERR,ERR,ERR,ERR,ERR,ERR,ERR,ERR,ERR,ERR,ERR,ERR,ERR,ERR,ERR,ERR,ERR,ERR,ERR,ERR,ERR,ERR,ERR,ERR,ERR,ERR,ERR,ERR,ERR,ERR,ERR,ERR,ERR,ERR,ERR,ERR,ERR,ERR,ERR,ERR,ERR,ERR,ERR,ERR,ERR,ERR,ERR,ERR,ERR,ERR,ERR,ERR,ERR,ERR,ERR,ERR,ERR,ERR,ERR,ERR,ERR,ERR,ERR,ERR,ERR,ERR,ERR,ERR,ERR,ERR,ERR,ERR,ERR,ERR,ERR,ERR,ERR,ERR,ERR,ERR,ERR,ERR,ERR,ERR,ERR,ERR,ERR,ERR,ERR,ERR,ERR,ERR,ERR,ERR,ERR,ERR,ERR,ERR,ERR,ERR,ERR,ERR,ERR,ERR,ERR,ERR,ERR,ERR,ERR,ERR,ERR,ERR,ERR,ERR,ERR,ERR,ERR,ERR,ERR,ERR,0.0,-0.0,-0.0,0.0,0.0,1.3936040501711995e+18,7.805,0.0,0,0,4,0,7300,-0.0,0,0.0,0.0,0.0,0.0,0.0,0,0,0,0,0.0,0,0,0,0,0,0,0,0,0,0,0,0,0,0,0,0,0,0,0,0,0,0,0,0,0,0,0,0,0,0,0,0,0,32,30,30,62,65476,0,300,0,0,8,21553,0.0,-107605600.0,0.0,0.0,0.0,0.0,0.0,0.0,0.0,0.0,0.0,0.0,0.0,0.0,0.0,0.0,0.0,0.0,0.0,0.0,0.0,0.0,2.004,-2.004,2.004,0.0,0.0,0.0,0.0,0.0,5582.0,-0.0,6926.0,0.0,-0.0,-0.0,0.0,0.0,0.0,0.0,0.0,63,-2.718429120148166e+23,89220.742,0.0,0.0,0.0,0.0,0.0,0.0,0.0,0,0,0,0.0,0.0,0.0,0.0,0.0,0.0,0.0,0.0,0.0,0.0,0.0,0.0,0.0,0.0,0.0,0.0,0,-107875648.0,63,0.0,126,2.7184242562605685e+23,2.842318642297501e+23,ERR,ERR,ERR,ERR,ERR,ERR,ERR,ERR,ERR,ERR,ERR,ERR,ERR,ERR,ERR,ERR,ERR,ERR,ERR,ERR,ERR,ERR,ERR,ERR,ERR,ERR,ERR,ERR,ERR,ERR,ERR,ERR,ERR,ERR,ERR,ERR,ERR,ERR,ERR,ERR,ERR,ERR,ERR,ERR,ERR,ERR,ERR,ERR,ERR,ERR,ERR,ERR,ERR,ERR,ERR,ERR,ERR,ERR,ERR,ERR,ERR,ERR,ERR,ERR,ERR,ERR,ERR,34.0,80.0,35,0.0,0.0,0.0,0.0,0.0,0.0,0.0,0.0,0.0,0.0,0.0,0.0,0.0,0.0,0.0,0.0,64.4,0,116,56,49,65476,0,300,0,0,8,20529,65476,0,0,57672,80.0,0.0,0.0,0.0,0.0,0.0
2026-06-17T04:56:28,ERR,ERR,ERR,ERR,ERR,ERR,ERR,ERR,ERR,ERR,ERR,ERR,ERR,ERR,ERR,ERR,ERR,ERR,ERR,ERR,ERR,ERR,ERR,ERR,ERR,ERR,ERR,ERR,ERR,ERR,ERR,ERR,ERR,ERR,ERR,ERR,ERR,ERR,ERR,ERR,ERR,ERR,ERR,ERR,ERR,ERR,ERR,ERR,ERR,ERR,ERR,ERR,ERR,ERR,ERR,ERR,ERR,ERR,ERR,ERR,ERR,ERR,ERR,ERR,ERR,ERR,ERR,ERR,ERR,ERR,ERR,ERR,ERR,ERR,ERR,ERR,ERR,ERR,ERR,ERR,ERR,ERR,ERR,ERR,ERR,ERR,ERR,ERR,ERR,ERR,ERR,ERR,ERR,ERR,ERR,ERR,ERR,ERR,ERR,ERR,ERR,ERR,ERR,ERR,ERR,ERR,ERR,ERR,ERR,ERR,ERR,ERR,ERR,ERR,ERR,ERR,ERR,ERR,ERR,ERR,ERR,ERR,ERR,ERR,ERR,0.0,-0.0,-0.0,0.0,0.0,1.3936040501711995e+18,7.805,0.0,0,0,4,0,7300,-0.0,0,0.0,0.0,0.0,0.0,0.0,0,0,0,0,0.0,0,0,0,0,0,0,0,0,0,0,0,0,0,0,0,0,0,0,0,0,0,0,0,0,0,0,0,0,0,0,0,0,0,32,30,30,62,65476,0,300,0,0,8,21553,0.0,-107605600.0,0.0,0.0,0.0,0.0,0.0,0.0,0.0,0.0,0.0,0.0,0.0,0.0,0.0,0.0,0.0,0.0,0.0,0.0,0.0,0.0,2.004,-2.004,2.004,0.0,0.0,0.0,0.0,0.0,5582.0,-0.0,6926.0,0.0,-0.0,-0.0,0.0,0.0,0.0,0.0,0.0,63,-2.718429120148166e+23,89220.742,0.0,0.0,0.0,0.0,0.0,0.0,0.0,0,0,0,0.0,0.0,0.0,0.0,0.0,0.0,0.0,0.0,0.0,0.0,0.0,0.0,0.0,0.0,0.0,0.0,0,-107875648.0,63,0.0,126,2.7184242562605685e+23,2.842318642297501e+23,ERR,ERR,ERR,ERR,ERR,ERR,ERR,ERR,ERR,ERR,ERR,ERR,ERR,ERR,ERR,ERR,ERR,ERR,ERR,ERR,ERR,ERR,ERR,ERR,ERR,ERR,ERR,ERR,ERR,ERR,ERR,ERR,ERR,ERR,ERR,ERR,ERR,ERR,ERR,ERR,ERR,ERR,ERR,ERR,ERR,ERR,ERR,ERR,ERR,ERR,ERR,ERR,ERR,ERR,ERR,ERR,ERR,ERR,ERR,ERR,ERR,ERR,ERR,ERR,ERR,ERR,ERR,34.0,80.0,35,0.0,0.0,0.0,0.0,0.0,0.0,0.0,0.0,0.0,0.0,0.0,0.0,0.0,0.0,0.0,0.0,64.4,0,116,56,49,65476,0,300,0,0,8,20529,65476,0,0,57672,80.0,0.0,0.0,0.0,0.0,0.0
2026-06-17T04:56:29,ERR,ERR,ERR,ERR,ERR,ERR,ERR,ERR,ERR,ERR,ERR,ERR,ERR,ERR,ERR,ERR,ERR,ERR,ERR,ERR,ERR,ERR,ERR,ERR,ERR,ERR,ERR,ERR,ERR,ERR,ERR,ERR,ERR,ERR,ERR,ERR,ERR,ERR,ERR,ERR,ERR,ERR,ERR,ERR,ERR,ERR,ERR,ERR,ERR,ERR,ERR,ERR,ERR,ERR,ERR,ERR,ERR,ERR,ERR,ERR,ERR,ERR,ERR,ERR,ERR,ERR,ERR,ERR,ERR,ERR,ERR,ERR,ERR,ERR,ERR,ERR,ERR,ERR,ERR,ERR,ERR,ERR,ERR,ERR,ERR,ERR,ERR,ERR,ERR,ERR,ERR,ERR,ERR,ERR,ERR,ERR,ERR,ERR,ERR,ERR,ERR,ERR,ERR,ERR,ERR,ERR,ERR,ERR,ERR,ERR,ERR,ERR,ERR,ERR,ERR,ERR,ERR,ERR,ERR,ERR,ERR,ERR,ERR,ERR,ERR,0.0,-0.0,3.028208139652935e+23,0.0,0.0,1.3936040501711995e+18,7.805,0.0,0,0,4,0,7300,-0.0,0,0.0,0.0,0.0,0.0,0.0,0,0,0,0,0.0,0,0,0,0,0,0,0,0,0,0,0,0,0,0,0,0,0,0,0,0,0,0,0,0,0,0,0,0,0,0,0,0,0,32,30,30,62,65476,0,300,0,0,8,21553,0.0,-107605600.0,0.0,0.0,0.0,0.0,0.0,0.0,0.0,0.0,0.0,0.0,0.0,0.0,0.0,0.0,0.0,0.0,0.0,0.0,0.0,0.0,2.004,-2.004,2.004,0.0,0.0,0.0,0.0,0.0,5583.0,0.0,6916.0,0.0,-0.0,-0.0,0.0,0.0,0.0,0.0,0.0,63,-2.718429120148166e+23,-0.0,0.0,0.0,0.0,0.0,0.0,0.0,0.0,0,0,0,0.0,0.0,0.0,0.0,0.0,0.0,0.0,0.0,0.0,0.0,0.0,0.0,0.0,0.0,0.0,0.0,0,-107875648.0,63,0.0,126,2.7184242562605685e+23,2.842318642297501e+23,ERR,ERR,ERR,ERR,ERR,ERR,ERR,ERR,ERR,ERR,ERR,ERR,ERR,ERR,ERR,ERR,ERR,ERR,ERR,ERR,ERR,ERR,ERR,ERR,ERR,ERR,ERR,ERR,ERR,ERR,ERR,ERR,ERR,ERR,ERR,ERR,ERR,ERR,ERR,ERR,ERR,ERR,ERR,ERR,ERR,ERR,ERR,ERR,ERR,ERR,ERR,ERR,ERR,ERR,ERR,ERR,ERR,ERR,ERR,ERR,ERR,ERR,ERR,ERR,ERR,ERR,ERR,34.0,80.0,35,0.0,0.0,0.0,0.0,0.0,0.0,0.0,0.0,0.0,0.0,0.0,0.0,0.0,0.0,0.0,0.0,64.4,0,116,56,49,65476,0,300,0,0,8,20529,65476,0,0,57672,80.0,0.0,0.0,0.0,0.0,0.0
2026-06-17T04:56:30,ERR,ERR,ERR,ERR,ERR,ERR,ERR,ERR,ERR,ERR,ERR,ERR,ERR,ERR,ERR,ERR,ERR,ERR,ERR,ERR,ERR,ERR,ERR,ERR,ERR,ERR,ERR,ERR,ERR,ERR,ERR,ERR,ERR,ERR,ERR,ERR,ERR,ERR,ERR,ERR,ERR,ERR,ERR,ERR,ERR,ERR,ERR,ERR,ERR,ERR,ERR,ERR,ERR,ERR,ERR,ERR,ERR,ERR,ERR,ERR,ERR,ERR,ERR,ERR,ERR,ERR,ERR,ERR,ERR,ERR,ERR,ERR,ERR,ERR,ERR,ERR,ERR,ERR,ERR,ERR,ERR,ERR,ERR,ERR,ERR,ERR,ERR,ERR,ERR,ERR,ERR,ERR,ERR,ERR,ERR,ERR,ERR,ERR,ERR,ERR,ERR,ERR,ERR,ERR,ERR,ERR,ERR,ERR,ERR,ERR,ERR,ERR,ERR,ERR,ERR,ERR,ERR,ERR,ERR,ERR,ERR,ERR,ERR,ERR,ERR,0.0,-0.0,3.028208139652935e+23,0.0,0.0,1.3936040501711995e+18,7.805,0.0,0,0,4,0,7300,-0.0,0,0.0,0.0,0.0,0.0,0.0,0,0,0,0,0.0,0,0,0,0,0,0,0,0,0,0,0,0,0,0,0,0,0,0,0,0,0,0,0,0,0,0,0,0,0,0,0,0,0,32,30,30,62,65476,0,300,0,0,8,21553,0.0,-107605600.0,0.0,0.0,0.0,0.0,0.0,0.0,0.0,0.0,0.0,0.0,0.0,0.0,0.0,0.0,0.0,0.0,0.0,0.0,0.0,0.0,2.004,-2.004,2.004,0.0,0.0,0.0,0.0,0.0,5583.0,0.0,6916.0,0.0,-0.0,-0.0,0.0,0.0,0.0,0.0,0.0,63,-2.718429120148166e+23,-0.0,0.0,0.0,0.0,0.0,0.0,0.0,0.0,0,0,0,0.0,0.0,0.0,0.0,0.0,0.0,0.0,0.0,0.0,0.0,0.0,0.0,0.0,0.0,0.0,0.0,0,-107875648.0,63,0.0,126,2.7184242562605685e+23,2.842318642297501e+23,ERR,ERR,ERR,ERR,ERR,ERR,ERR,ERR,ERR,ERR,ERR,ERR,ERR,ERR,ERR,ERR,ERR,ERR,ERR,ERR,ERR,ERR,ERR,ERR,ERR,ERR,ERR,ERR,ERR,ERR,ERR,ERR,ERR,ERR,ERR,ERR,ERR,ERR,ERR,ERR,ERR,ERR,ERR,ERR,ERR,ERR,ERR,ERR,ERR,ERR,ERR,ERR,ERR,ERR,ERR,ERR,ERR,ERR,ERR,ERR,ERR,ERR,ERR,ERR,ERR,ERR,ERR,34.0,80.0,35,0.0,0.0,0.0,0.0,0.0,0.0,0.0,0.0,0.0,0.0,0.0,0.0,0.0,0.0,0.0,0.0,64.4,0,116,56,49,65476,0,300,0,0,8,20529,65476,0,0,57672,80.0,0.0,0.0,0.0,0.0,0.0
2026-06-17T04:56:31,ERR,ERR,ERR,ERR,ERR,ERR,ERR,ERR,ERR,ERR,ERR,ERR,ERR,ERR,ERR,ERR,ERR,ERR,ERR,ERR,ERR,ERR,ERR,ERR,ERR,ERR,ERR,ERR,ERR,ERR,ERR,ERR,ERR,ERR,ERR,ERR,ERR,ERR,ERR,ERR,ERR,ERR,ERR,ERR,ERR,ERR,ERR,ERR,ERR,ERR,ERR,ERR,ERR,ERR,ERR,ERR,ERR,ERR,ERR,ERR,ERR,ERR,ERR,ERR,ERR,ERR,ERR,ERR,ERR,ERR,ERR,ERR,ERR,ERR,ERR,ERR,ERR,ERR,ERR,ERR,ERR,ERR,ERR,ERR,ERR,ERR,ERR,ERR,ERR,ERR,ERR,ERR,ERR,ERR,ERR,ERR,ERR,ERR,ERR,ERR,ERR,ERR,ERR,ERR,ERR,ERR,ERR,ERR,ERR,ERR,ERR,ERR,ERR,ERR,ERR,ERR,ERR,ERR,ERR,ERR,ERR,ERR,ERR,ERR,ERR,0.0,-0.0,3.028208139652935e+23,0.0,0.0,1.3936040501711995e+18,7.805,0.0,0,0,4,0,7300,-0.0,0,0.0,0.0,0.0,0.0,0.0,0,0,0,0,0.0,0,0,0,0,0,0,0,0,0,0,0,0,0,0,0,0,0,0,0,0,0,0,0,0,0,0,0,0,0,0,0,0,0,32,30,30,62,65476,0,300,0,0,8,21553,0.0,-107605600.0,0.0,0.0,0.0,0.0,0.0,0.0,0.0,0.0,0.0,0.0,0.0,0.0,0.0,0.0,0.0,0.0,0.0,0.0,0.0,0.0,2.004,-2.004,2.004,0.0,0.0,0.0,0.0,0.0,5583.0,0.0,6916.0,0.0,-0.0,-0.0,0.0,0.0,0.0,0.0,0.0,63,-2.718429120148166e+23,-0.0,0.0,0.0,0.0,0.0,0.0,0.0,0.0,0,0,0,0.0,0.0,0.0,0.0,0.0,0.0,0.0,0.0,0.0,0.0,0.0,0.0,0.0,0.0,0.0,0.0,0,-107875648.0,63,0.0,126,2.7184242562605685e+23,2.842318642297501e+23,ERR,ERR,ERR,ERR,ERR,ERR,ERR,ERR,ERR,ERR,ERR,ERR,ERR,ERR,ERR,ERR,ERR,ERR,ERR,ERR,ERR,ERR,ERR,ERR,ERR,ERR,ERR,ERR,ERR,ERR,ERR,ERR,ERR,ERR,ERR,ERR,ERR,ERR,ERR,ERR,ERR,ERR,ERR,ERR,ERR,ERR,ERR,ERR,ERR,ERR,ERR,ERR,ERR,ERR,ERR,ERR,ERR,ERR,ERR,ERR,ERR,ERR,ERR,ERR,ERR,ERR,ERR,34.0,80.0,35,0.0,0.0,0.0,0.0,0.0,0.0,0.0,0.0,0.0,0.0,0.0,0.0,0.0,0.0,0.0,0.0,64.4,0,116,56,49,65476,0,300,0,0,8,20529,65476,0,0,57672,80.0,0.0,0.0,0.0,0.0,0.0
2026-06-17T04:56:32,ERR,ERR,ERR,ERR,ERR,ERR,ERR,ERR,ERR,ERR,ERR,ERR,ERR,ERR,ERR,ERR,ERR,ERR,ERR,ERR,ERR,ERR,ERR,ERR,ERR,ERR,ERR,ERR,ERR,ERR,ERR,ERR,ERR,ERR,ERR,ERR,ERR,ERR,ERR,ERR,ERR,ERR,ERR,ERR,ERR,ERR,ERR,ERR,ERR,ERR,ERR,ERR,ERR,ERR,ERR,ERR,ERR,ERR,ERR,ERR,ERR,ERR,ERR,ERR,ERR,ERR,ERR,ERR,ERR,ERR,ERR,ERR,ERR,ERR,ERR,ERR,ERR,ERR,ERR,ERR,ERR,ERR,ERR,ERR,ERR,ERR,ERR,ERR,ERR,ERR,ERR,ERR,ERR,ERR,ERR,ERR,ERR,ERR,ERR,ERR,ERR,ERR,ERR,ERR,ERR,ERR,ERR,ERR,ERR,ERR,ERR,ERR,ERR,ERR,ERR,ERR,ERR,ERR,ERR,ERR,ERR,ERR,ERR,ERR,ERR,0.0,-0.0,3.028208139652935e+23,0.0,0.0,1.3936040501711995e+18,7.805,0.0,0,0,4,0,7300,-0.0,0,0.0,0.0,0.0,0.0,0.0,0,0,0,0,0.0,0,0,0,0,0,0,0,0,0,0,0,0,0,0,0,0,0,0,0,0,0,0,0,0,0,0,0,0,0,0,0,0,0,32,30,30,62,65476,0,300,0,0,8,21553,0.0,-107605600.0,0.0,0.0,0.0,0.0,0.0,0.0,0.0,0.0,0.0,0.0,0.0,0.0,0.0,0.0,0.0,0.0,0.0,0.0,0.0,0.0,2.004,-2.004,2.004,0.0,0.0,0.0,0.0,0.0,5583.0,0.0,6916.0,0.0,-0.0,-0.0,0.0,0.0,0.0,0.0,0.0,63,-2.718429120148166e+23,-0.0,0.0,0.0,0.0,0.0,0.0,0.0,0.0,0,0,0,0.0,0.0,0.0,0.0,0.0,0.0,0.0,0.0,0.0,0.0,0.0,0.0,0.0,0.0,0.0,0.0,0,-107875648.0,63,0.0,126,2.7184242562605685e+23,2.842318642297501e+23,ERR,ERR,ERR,ERR,ERR,ERR,ERR,ERR,ERR,ERR,ERR,ERR,ERR,ERR,ERR,ERR,ERR,ERR,ERR,ERR,ERR,ERR,ERR,ERR,ERR,ERR,ERR,ERR,ERR,ERR,ERR,ERR,ERR,ERR,ERR,ERR,ERR,ERR,ERR,ERR,ERR,ERR,ERR,ERR,ERR,ERR,ERR,ERR,ERR,ERR,ERR,ERR,ERR,ERR,ERR,ERR,ERR,ERR,ERR,ERR,ERR,ERR,ERR,ERR,ERR,ERR,ERR,34.0,80.0,35,0.0,0.0,0.0,0.0,0.0,0.0,0.0,0.0,0.0,0.0,0.0,0.0,0.0,0.0,0.0,0.0,64.4,0,116,56,49,65476,0,300,0,0,8,20529,65476,0,0,57672,80.0,0.0,0.0,0.0,0.0,0.0
2026-06-17T04:56:33,ERR,ERR,ERR,ERR,ERR,ERR,ERR,ERR,ERR,ERR,ERR,ERR,ERR,ERR,ERR,ERR,ERR,ERR,ERR,ERR,ERR,ERR,ERR,ERR,ERR,ERR,ERR,ERR,ERR,ERR,ERR,ERR,ERR,ERR,ERR,ERR,ERR,ERR,ERR,ERR,ERR,ERR,ERR,ERR,ERR,ERR,ERR,ERR,ERR,ERR,ERR,ERR,ERR,ERR,ERR,ERR,ERR,ERR,ERR,ERR,ERR,ERR,ERR,ERR,ERR,ERR,ERR,ERR,ERR,ERR,ERR,ERR,ERR,ERR,ERR,ERR,ERR,ERR,ERR,ERR,ERR,ERR,ERR,ERR,ERR,ERR,ERR,ERR,ERR,ERR,ERR,ERR,ERR,ERR,ERR,ERR,ERR,ERR,ERR,ERR,ERR,ERR,ERR,ERR,ERR,ERR,ERR,ERR,ERR,ERR,ERR,ERR,ERR,ERR,ERR,ERR,ERR,ERR,ERR,ERR,ERR,ERR,ERR,ERR,ERR,0.0,-0.0,3.028208139652935e+23,0.0,0.0,1.3936040501711995e+18,7.805,0.0,0,0,4,0,7300,-0.0,0,0.0,0.0,0.0,0.0,0.0,0,0,0,0,0.0,0,0,0,0,0,0,0,0,0,0,0,0,0,0,0,0,0,0,0,0,0,0,0,0,0,0,0,0,0,0,0,0,0,32,30,30,62,65476,0,300,0,0,8,21553,0.0,-107605600.0,0.0,0.0,0.0,0.0,0.0,0.0,0.0,0.0,0.0,0.0,0.0,0.0,0.0,0.0,0.0,0.0,0.0,0.0,0.0,0.0,2.004,-2.004,2.004,0.0,0.0,0.0,0.0,0.0,5583.0,0.0,6916.0,0.0,-0.0,-0.0,0.0,0.0,0.0,0.0,0.0,63,-2.718429120148166e+23,-0.0,0.0,0.0,0.0,0.0,0.0,0.0,0.0,0,0,0,0.0,0.0,0.0,0.0,0.0,0.0,0.0,0.0,0.0,0.0,0.0,0.0,0.0,0.0,0.0,0.0,0,-107875648.0,63,0.0,126,2.7184242562605685e+23,2.842318642297501e+23,ERR,ERR,ERR,ERR,ERR,ERR,ERR,ERR,ERR,ERR,ERR,ERR,ERR,ERR,ERR,ERR,ERR,ERR,ERR,ERR,ERR,ERR,ERR,ERR,ERR,ERR,ERR,ERR,ERR,ERR,ERR,ERR,ERR,ERR,ERR,ERR,ERR,ERR,ERR,ERR,ERR,ERR,ERR,ERR,ERR,ERR,ERR,ERR,ERR,ERR,ERR,ERR,ERR,ERR,ERR,ERR,ERR,ERR,ERR,ERR,ERR,ERR,ERR,ERR,ERR,ERR,ERR,34.0,80.0,35,0.0,0.0,0.0,0.0,0.0,0.0,0.0,0.0,0.0,0.0,0.0,0.0,0.0,0.0,0.0,0.0,64.4,0,116,56,49,65476,0,300,0,0,8,20529,65476,0,0,57672,80.0,0.0,0.0,0.0,0.0,0.0
2026-06-17T04:56:34,ERR,ERR,ERR,ERR,ERR,ERR,ERR,ERR,ERR,ERR,ERR,ERR,ERR,ERR,ERR,ERR,ERR,ERR,ERR,ERR,ERR,ERR,ERR,ERR,ERR,ERR,ERR,ERR,ERR,ERR,ERR,ERR,ERR,ERR,ERR,ERR,ERR,ERR,ERR,ERR,ERR,ERR,ERR,ERR,ERR,ERR,ERR,ERR,ERR,ERR,ERR,ERR,ERR,ERR,ERR,ERR,ERR,ERR,ERR,ERR,ERR,ERR,ERR,ERR,ERR,ERR,ERR,ERR,ERR,ERR,ERR,ERR,ERR,ERR,ERR,ERR,ERR,ERR,ERR,ERR,ERR,ERR,ERR,ERR,ERR,ERR,ERR,ERR,ERR,ERR,ERR,ERR,ERR,ERR,ERR,ERR,ERR,ERR,ERR,ERR,ERR,ERR,ERR,ERR,ERR,ERR,ERR,ERR,ERR,ERR,ERR,ERR,ERR,ERR,ERR,ERR,ERR,ERR,ERR,ERR,ERR,ERR,ERR,ERR,ERR,0.0,-0.0,3.028208139652935e+23,0.0,0.0,1.3936040501711995e+18,7.805,0.0,0,0,4,0,7300,-0.0,0,0.0,0.0,0.0,0.0,0.0,0,0,0,0,0.0,0,0,0,0,0,0,0,0,0,0,0,0,0,0,0,0,0,0,0,0,0,0,0,0,0,0,0,0,0,0,0,0,0,32,30,30,62,65476,0,300,0,0,8,21553,0.0,-107605600.0,0.0,0.0,0.0,0.0,0.0,0.0,0.0,0.0,0.0,0.0,0.0,0.0,0.0,0.0,0.0,0.0,0.0,0.0,0.0,0.0,2.004,-2.004,2.004,2.004,0.0,0.0,0.0,0.0,5550.0,-2.4229928044486764e+24,6941.0,0.0,-0.0,-0.0,0.0,0.0,0.0,0.0,0.0,63,-2.3088394862626393e+20,-0.0,0.0,0.0,0.0,0.0,0.0,0.0,0.0,0,0,0,0.0,0.0,0.0,0.0,0.0,0.0,0.0,0.0,0.0,0.0,0.0,0.0,0.0,0.0,0.0,0.0,0,-107875648.0,63,0.0,126,2.7184242562605685e+23,2.842318642297501e+23,ERR,ERR,ERR,ERR,ERR,ERR,ERR,ERR,ERR,ERR,ERR,ERR,ERR,ERR,ERR,ERR,ERR,ERR,ERR,ERR,ERR,ERR,ERR,ERR,ERR,ERR,ERR,ERR,ERR,ERR,ERR,ERR,ERR,ERR,ERR,ERR,ERR,ERR,ERR,ERR,ERR,ERR,ERR,ERR,ERR,ERR,ERR,ERR,ERR,ERR,ERR,ERR,ERR,ERR,ERR,ERR,ERR,ERR,ERR,ERR,ERR,ERR,ERR,ERR,ERR,ERR,ERR,34.0,80.0,35,0.0,0.0,0.0,0.0,0.0,0.0,0.0,0.0,0.0,0.0,0.0,0.0,0.0,0.0,0.0,0.0,64.4,0,116,56,49,65476,0,300,0,0,8,20529,65476,0,0,57672,80.0,0.0,0.0,0.0,0.0,0.0
2026-06-17T04:56:35,ERR,ERR,ERR,ERR,ERR,ERR,ERR,ERR,ERR,ERR,ERR,ERR,ERR,ERR,ERR,ERR,ERR,ERR,ERR,ERR,ERR,ERR,ERR,ERR,ERR,ERR,ERR,ERR,ERR,ERR,ERR,ERR,ERR,ERR,ERR,ERR,ERR,ERR,ERR,ERR,ERR,ERR,ERR,ERR,ERR,ERR,ERR,ERR,ERR,ERR,ERR,ERR,ERR,ERR,ERR,ERR,ERR,ERR,ERR,ERR,ERR,ERR,ERR,ERR,ERR,ERR,ERR,ERR,ERR,ERR,ERR,ERR,ERR,ERR,ERR,ERR,ERR,ERR,ERR,ERR,ERR,ERR,ERR,ERR,ERR,ERR,ERR,ERR,ERR,ERR,ERR,ERR,ERR,ERR,ERR,ERR,ERR,ERR,ERR,ERR,ERR,ERR,ERR,ERR,ERR,ERR,ERR,ERR,ERR,ERR,ERR,ERR,ERR,ERR,ERR,ERR,ERR,ERR,ERR,ERR,ERR,ERR,ERR,ERR,ERR,0.0,-0.0,3.028208139652935e+23,0.0,0.0,1.3936040501711995e+18,7.805,0.0,0,0,4,0,7300,-0.0,0,0.0,0.0,0.0,0.0,0.0,0,0,0,0,0.0,0,0,0,0,0,0,0,0,0,0,0,0,0,0,0,0,0,0,0,0,0,0,0,0,0,0,0,0,0,0,0,0,0,32,30,30,62,65476,0,300,0,0,8,21553,0.0,-107605600.0,0.0,0.0,0.0,0.0,0.0,0.0,0.0,0.0,0.0,0.0,0.0,0.0,0.0,0.0,0.0,0.0,0.0,0.0,0.0,0.0,2.004,-2.004,2.004,2.004,0.0,0.0,0.0,0.0,5550.0,-2.4229928044486764e+24,6941.0,0.0,-0.0,-0.0,0.0,0.0,0.0,0.0,0.0,63,-2.3088394862626393e+20,-0.0,0.0,0.0,0.0,0.0,0.0,0.0,0.0,0,0,0,0.0,0.0,0.0,0.0,0.0,0.0,0.0,0.0,0.0,0.0,0.0,0.0,0.0,0.0,0.0,0.0,0,-107875648.0,63,0.0,126,2.7184242562605685e+23,2.842318642297501e+23,ERR,ERR,ERR,ERR,ERR,ERR,ERR,ERR,ERR,ERR,ERR,ERR,ERR,ERR,ERR,ERR,ERR,ERR,ERR,ERR,ERR,ERR,ERR,ERR,ERR,ERR,ERR,ERR,ERR,ERR,ERR,ERR,ERR,ERR,ERR,ERR,ERR,ERR,ERR,ERR,ERR,ERR,ERR,ERR,ERR,ERR,ERR,ERR,ERR,ERR,ERR,ERR,ERR,ERR,ERR,ERR,ERR,ERR,ERR,ERR,ERR,ERR,ERR,ERR,ERR,ERR,ERR,34.0,80.0,35,0.0,0.0,0.0,0.0,0.0,0.0,0.0,0.0,0.0,0.0,0.0,0.0,0.0,0.0,0.0,0.0,64.4,0,116,56,49,65476,0,300,0,0,8,20529,65476,0,0,57672,80.0,0.0,0.0,0.0,0.0,0.0
2026-06-17T04:56:36,ERR,ERR,ERR,ERR,ERR,ERR,ERR,ERR,ERR,ERR,ERR,ERR,ERR,ERR,ERR,ERR,ERR,ERR,ERR,ERR,ERR,ERR,ERR,ERR,ERR,ERR,ERR,ERR,ERR,ERR,ERR,ERR,ERR,ERR,ERR,ERR,ERR,ERR,ERR,ERR,ERR,ERR,ERR,ERR,ERR,ERR,ERR,ERR,ERR,ERR,ERR,ERR,ERR,ERR,ERR,ERR,ERR,ERR,ERR,ERR,ERR,ERR,ERR,ERR,ERR,ERR,ERR,ERR,ERR,ERR,ERR,ERR,ERR,ERR,ERR,ERR,ERR,ERR,ERR,ERR,ERR,ERR,ERR,ERR,ERR,ERR,ERR,ERR,ERR,ERR,ERR,ERR,ERR,ERR,ERR,ERR,ERR,ERR,ERR,ERR,ERR,ERR,ERR,ERR,ERR,ERR,ERR,ERR,ERR,ERR,ERR,ERR,ERR,ERR,ERR,ERR,ERR,ERR,ERR,ERR,ERR,ERR,ERR,ERR,ERR,0.0,-0.0,3.028208139652935e+23,0.0,0.0,1.3936040501711995e+18,7.805,0.0,0,0,4,0,7300,-0.0,0,0.0,0.0,0.0,0.0,0.0,0,0,0,0,0.0,0,0,0,0,0,0,0,0,0,0,0,0,0,0,0,0,0,0,0,0,0,0,0,0,0,0,0,0,0,0,0,0,0,32,30,30,62,65476,0,300,0,0,8,21553,0.0,-107605600.0,0.0,0.0,0.0,0.0,0.0,0.0,0.0,0.0,0.0,0.0,0.0,0.0,0.0,0.0,0.0,0.0,0.0,0.0,0.0,0.0,2.004,-2.004,2.004,2.004,0.0,0.0,0.0,0.0,5550.0,-2.4229928044486764e+24,6941.0,0.0,-0.0,-0.0,0.0,0.0,0.0,0.0,0.0,63,-2.3088394862626393e+20,-0.0,0.0,0.0,0.0,0.0,0.0,0.0,0.0,0,0,0,0.0,0.0,0.0,0.0,0.0,0.0,0.0,0.0,0.0,0.0,0.0,0.0,0.0,0.0,0.0,0.0,0,-107875648.0,63,0.0,126,2.7184242562605685e+23,2.842318642297501e+23,ERR,ERR,ERR,ERR,ERR,ERR,ERR,ERR,ERR,ERR,ERR,ERR,ERR,ERR,ERR,ERR,ERR,ERR,ERR,ERR,ERR,ERR,ERR,ERR,ERR,ERR,ERR,ERR,ERR,ERR,ERR,ERR,ERR,ERR,ERR,ERR,ERR,ERR,ERR,ERR,ERR,ERR,ERR,ERR,ERR,ERR,ERR,ERR,ERR,ERR,ERR,ERR,ERR,ERR,ERR,ERR,ERR,ERR,ERR,ERR,ERR,ERR,ERR,ERR,ERR,ERR,ERR,34.0,80.0,35,0.0,0.0,0.0,0.0,0.0,0.0,0.0,0.0,0.0,0.0,0.0,0.0,0.0,0.0,0.0,0.0,64.4,0,116,56,49,65476,0,300,0,0,8,20529,65476,0,0,57672,80.0,0.0,0.0,0.0,0.0,0.0
2026-06-17T04:56:37,ERR,ERR,ERR,ERR,ERR,ERR,ERR,ERR,ERR,ERR,ERR,ERR,ERR,ERR,ERR,ERR,ERR,ERR,ERR,ERR,ERR,ERR,ERR,ERR,ERR,ERR,ERR,ERR,ERR,ERR,ERR,ERR,ERR,ERR,ERR,ERR,ERR,ERR,ERR,ERR,ERR,ERR,ERR,ERR,ERR,ERR,ERR,ERR,ERR,ERR,ERR,ERR,ERR,ERR,ERR,ERR,ERR,ERR,ERR,ERR,ERR,ERR,ERR,ERR,ERR,ERR,ERR,ERR,ERR,ERR,ERR,ERR,ERR,ERR,ERR,ERR,ERR,ERR,ERR,ERR,ERR,ERR,ERR,ERR,ERR,ERR,ERR,ERR,ERR,ERR,ERR,ERR,ERR,ERR,ERR,ERR,ERR,ERR,ERR,ERR,ERR,ERR,ERR,ERR,ERR,ERR,ERR,ERR,ERR,ERR,ERR,ERR,ERR,ERR,ERR,ERR,ERR,ERR,ERR,ERR,ERR,ERR,ERR,ERR,ERR,0.0,-0.0,3.028208139652935e+23,0.0,0.0,1.3936040501711995e+18,7.805,0.0,0,0,4,0,7300,-0.0,0,0.0,0.0,0.0,0.0,0.0,0,0,0,0,0.0,0,0,0,0,0,0,0,0,0,0,0,0,0,0,0,0,0,0,0,0,0,0,0,0,0,0,0,0,0,0,0,0,0,32,30,30,62,65476,0,300,0,0,8,21553,0.0,-107605600.0,0.0,0.0,0.0,0.0,0.0,0.0,0.0,0.0,0.0,0.0,0.0,0.0,0.0,0.0,0.0,0.0,0.0,0.0,0.0,0.0,2.004,-2.004,2.004,2.004,0.0,0.0,0.0,0.0,5550.0,-2.4229928044486764e+24,6941.0,0.0,-0.0,-0.0,0.0,0.0,0.0,0.0,0.0,63,-2.3088394862626393e+20,-0.0,0.0,0.0,0.0,0.0,0.0,0.0,0.0,0,0,0,0.0,0.0,0.0,0.0,0.0,0.0,0.0,0.0,0.0,0.0,0.0,0.0,0.0,0.0,0.0,0.0,0,-107875648.0,63,0.0,126,2.7184242562605685e+23,2.842318642297501e+23,ERR,ERR,ERR,ERR,ERR,ERR,ERR,ERR,ERR,ERR,ERR,ERR,ERR,ERR,ERR,ERR,ERR,ERR,ERR,ERR,ERR,ERR,ERR,ERR,ERR,ERR,ERR,ERR,ERR,ERR,ERR,ERR,ERR,ERR,ERR,ERR,ERR,ERR,ERR,ERR,ERR,ERR,ERR,ERR,ERR,ERR,ERR,ERR,ERR,ERR,ERR,ERR,ERR,ERR,ERR,ERR,ERR,ERR,ERR,ERR,ERR,ERR,ERR,ERR,ERR,ERR,ERR,34.0,80.0,35,0.0,0.0,0.0,0.0,0.0,0.0,0.0,0.0,0.0,0.0,0.0,0.0,0.0,0.0,0.0,0.0,64.4,0,116,56,49,65476,0,300,0,0,8,20529,65476,0,0,57672,80.0,0.0,0.0,0.0,0.0,0.0
2026-06-17T04:56:38,ERR,ERR,ERR,ERR,ERR,ERR,ERR,ERR,ERR,ERR,ERR,ERR,ERR,ERR,ERR,ERR,ERR,ERR,ERR,ERR,ERR,ERR,ERR,ERR,ERR,ERR,ERR,ERR,ERR,ERR,ERR,ERR,ERR,ERR,ERR,ERR,ERR,ERR,ERR,ERR,ERR,ERR,ERR,ERR,ERR,ERR,ERR,ERR,ERR,ERR,ERR,ERR,ERR,ERR,ERR,ERR,ERR,ERR,ERR,ERR,ERR,ERR,ERR,ERR,ERR,ERR,ERR,ERR,ERR,ERR,ERR,ERR,ERR,ERR,ERR,ERR,ERR,ERR,ERR,ERR,ERR,ERR,ERR,ERR,ERR,ERR,ERR,ERR,ERR,ERR,ERR,ERR,ERR,ERR,ERR,ERR,ERR,ERR,ERR,ERR,ERR,ERR,ERR,ERR,ERR,ERR,ERR,ERR,ERR,ERR,ERR,ERR,ERR,ERR,ERR,ERR,ERR,ERR,ERR,ERR,ERR,ERR,ERR,ERR,ERR,0.0,-0.0,3.028208139652935e+23,0.0,0.0,1.3936040501711995e+18,7.805,0.0,0,0,4,0,7300,-0.0,0,0.0,0.0,0.0,0.0,0.0,0,0,0,0,0.0,0,0,0,0,0,0,0,0,0,0,0,0,0,0,0,0,0,0,0,0,0,0,0,0,0,0,0,0,0,0,0,0,0,32,30,30,62,65476,0,300,0,0,8,21553,0.0,-107605600.0,0.0,0.0,0.0,0.0,0.0,0.0,0.0,0.0,0.0,0.0,0.0,0.0,0.0,0.0,0.0,0.0,0.0,0.0,0.0,0.0,2.004,-2.004,2.004,2.004,0.0,0.0,0.0,0.0,5550.0,-2.4229928044486764e+24,6941.0,0.0,-0.0,-0.0,0.0,0.0,0.0,0.0,0.0,63,-2.3088394862626393e+20,-0.0,0.0,0.0,0.0,0.0,0.0,0.0,0.0,0,0,0,0.0,0.0,0.0,0.0,0.0,0.0,0.0,0.0,0.0,0.0,0.0,0.0,0.0,0.0,0.0,0.0,0,-107875648.0,63,0.0,126,2.7184242562605685e+23,2.842318642297501e+23,ERR,ERR,ERR,ERR,ERR,ERR,ERR,ERR,ERR,ERR,ERR,ERR,ERR,ERR,ERR,ERR,ERR,ERR,ERR,ERR,ERR,ERR,ERR,ERR,ERR,ERR,ERR,ERR,ERR,ERR,ERR,ERR,ERR,ERR,ERR,ERR,ERR,ERR,ERR,ERR,ERR,ERR,ERR,ERR,ERR,ERR,ERR,ERR,ERR,ERR,ERR,ERR,ERR,ERR,ERR,ERR,ERR,ERR,ERR,ERR,ERR,ERR,ERR,ERR,ERR,ERR,ERR,34.0,80.0,35,0.0,0.0,0.0,0.0,0.0,0.0,0.0,0.0,0.0,0.0,0.0,0.0,0.0,0.0,0.0,0.0,64.4,0,116,56,49,65476,0,300,0,0,8,20529,65476,0,0,57672,80.0,0.0,0.0,0.0,0.0,0.0
2026-06-17T04:56:39,ERR,ERR,ERR,ERR,ERR,ERR,ERR,ERR,ERR,ERR,ERR,ERR,ERR,ERR,ERR,ERR,ERR,ERR,ERR,ERR,ERR,ERR,ERR,ERR,ERR,ERR,ERR,ERR,ERR,ERR,ERR,ERR,ERR,ERR,ERR,ERR,ERR,ERR,ERR,ERR,ERR,ERR,ERR,ERR,ERR,ERR,ERR,ERR,ERR,ERR,ERR,ERR,ERR,ERR,ERR,ERR,ERR,ERR,ERR,ERR,ERR,ERR,ERR,ERR,ERR,ERR,ERR,ERR,ERR,ERR,ERR,ERR,ERR,ERR,ERR,ERR,ERR,ERR,ERR,ERR,ERR,ERR,ERR,ERR,ERR,ERR,ERR,ERR,ERR,ERR,ERR,ERR,ERR,ERR,ERR,ERR,ERR,ERR,ERR,ERR,ERR,ERR,ERR,ERR,ERR,ERR,ERR,ERR,ERR,ERR,ERR,ERR,ERR,ERR,ERR,ERR,ERR,ERR,ERR,ERR,ERR,ERR,ERR,ERR,ERR,0.0,-0.0,3.028208139652935e+23,0.0,0.0,1.3936040501711995e+18,7.805,0.0,0,0,4,0,7300,-0.0,0,0.0,0.0,0.0,0.0,0.0,0,0,0,0,0.0,0,0,0,0,0,0,0,0,0,0,0,0,0,0,0,0,0,0,0,0,0,0,0,0,0,0,0,0,0,0,0,0,0,32,30,30,62,65476,0,300,0,0,8,21553,0.0,-107605600.0,0.0,0.0,0.0,0.0,0.0,0.0,0.0,0.0,0.0,0.0,0.0,0.0,0.0,0.0,0.0,0.0,0.0,0.0,0.0,0.0,2.004,-2.004,2.004,2.004,0.0,0.0,0.0,0.0,5550.0,-2.4229928044486764e+24,6941.0,0.0,-0.0,-0.0,0.0,0.0,0.0,0.0,0.0,63,-2.3088394862626393e+20,-0.0,0.0,0.0,0.0,0.0,0.0,0.0,0.0,0,0,0,0.0,0.0,0.0,0.0,0.0,0.0,0.0,0.0,0.0,0.0,0.0,0.0,0.0,0.0,0.0,0.0,0,-107875648.0,63,0.0,126,2.7184242562605685e+23,2.842318642297501e+23,ERR,ERR,ERR,ERR,ERR,ERR,ERR,ERR,ERR,ERR,ERR,ERR,ERR,ERR,ERR,ERR,ERR,ERR,ERR,ERR,ERR,ERR,ERR,ERR,ERR,ERR,ERR,ERR,ERR,ERR,ERR,ERR,ERR,ERR,ERR,ERR,ERR,ERR,ERR,ERR,ERR,ERR,ERR,ERR,ERR,ERR,ERR,ERR,ERR,ERR,ERR,ERR,ERR,ERR,ERR,ERR,ERR,ERR,ERR,ERR,ERR,ERR,ERR,ERR,ERR,ERR,ERR,34.0,80.0,35,0.0,0.0,0.0,0.0,0.0,0.0,0.0,0.0,0.0,0.0,0.0,0.0,0.0,0.0,0.0,0.0,64.4,0,116,56,49,65476,0,300,0,0,8,20529,65476,0,0,57672,80.0,0.0,0.0,0.0,0.0,0.0
2026-06-17T04:56:40,ERR,ERR,ERR,ERR,ERR,ERR,ERR,ERR,ERR,ERR,ERR,ERR,ERR,ERR,ERR,ERR,ERR,ERR,ERR,ERR,ERR,ERR,ERR,ERR,ERR,ERR,ERR,ERR,ERR,ERR,ERR,ERR,ERR,ERR,ERR,ERR,ERR,ERR,ERR,ERR,ERR,ERR,ERR,ERR,ERR,ERR,ERR,ERR,ERR,ERR,ERR,ERR,ERR,ERR,ERR,ERR,ERR,ERR,ERR,ERR,ERR,ERR,ERR,ERR,ERR,ERR,ERR,ERR,ERR,ERR,ERR,ERR,ERR,ERR,ERR,ERR,ERR,ERR,ERR,ERR,ERR,ERR,ERR,ERR,ERR,ERR,ERR,ERR,ERR,ERR,ERR,ERR,ERR,ERR,ERR,ERR,ERR,ERR,ERR,ERR,ERR,ERR,ERR,ERR,ERR,ERR,ERR,ERR,ERR,ERR,ERR,ERR,ERR,ERR,ERR,ERR,ERR,ERR,ERR,ERR,ERR,ERR,ERR,ERR,ERR,0.0,-0.0,-0.0,0.0,0.0,1.3936040501711995e+18,7.805,0.0,0,0,4,0,7300,-0.0,0,0.0,0.0,0.0,0.0,0.0,0,0,0,0,0.0,0,0,0,0,0,0,0,0,0,0,0,0,0,0,0,0,0,0,0,0,0,0,0,0,0,0,0,0,0,0,0,0,0,32,30,30,62,65476,0,300,0,0,8,21553,0.0,-107605600.0,0.0,0.0,0.0,0.0,0.0,0.0,0.0,0.0,0.0,0.0,0.0,0.0,0.0,0.0,0.0,0.0,0.0,0.0,0.0,0.0,-0.0,-2.004,2.004,0.0,0.0,0.0,0.0,0.0,5550.0,-1.0406674853550389e+34,6943.0,0.0,-0.0,-0.0,0.0,0.0,0.0,0.0,0.0,63,-2.3088394862626393e+20,-0.0,0.0,0.0,0.0,0.0,0.0,0.0,0.0,0,0,0,0.0,0.0,0.0,0.0,0.0,0.0,0.0,0.0,0.0,0.0,0.0,0.0,0.0,0.0,0.0,0.0,0,-107875648.0,63,0.0,126,2.7184242562605685e+23,2.842318642297501e+23,ERR,ERR,ERR,ERR,ERR,ERR,ERR,ERR,ERR,ERR,ERR,ERR,ERR,ERR,ERR,ERR,ERR,ERR,ERR,ERR,ERR,ERR,ERR,ERR,ERR,ERR,ERR,ERR,ERR,ERR,ERR,ERR,ERR,ERR,ERR,ERR,ERR,ERR,ERR,ERR,ERR,ERR,ERR,ERR,ERR,ERR,ERR,ERR,ERR,ERR,ERR,ERR,ERR,ERR,ERR,ERR,ERR,ERR,ERR,ERR,ERR,ERR,ERR,ERR,ERR,ERR,ERR,34.0,80.0,35,0.0,0.0,0.0,0.0,0.0,0.0,0.0,0.0,0.0,0.0,0.0,0.0,0.0,0.0,0.0,0.0,64.4,0,116,56,49,65476,0,300,0,0,8,20529,65476,0,0,57672,80.0,0.0,0.0,0.0,0.0,0.0
2026-06-17T04:56:41,ERR,ERR,ERR,ERR,ERR,ERR,ERR,ERR,ERR,ERR,ERR,ERR,ERR,ERR,ERR,ERR,ERR,ERR,ERR,ERR,ERR,ERR,ERR,ERR,ERR,ERR,ERR,ERR,ERR,ERR,ERR,ERR,ERR,ERR,ERR,ERR,ERR,ERR,ERR,ERR,ERR,ERR,ERR,ERR,ERR,ERR,ERR,ERR,ERR,ERR,ERR,ERR,ERR,ERR,ERR,ERR,ERR,ERR,ERR,ERR,ERR,ERR,ERR,ERR,ERR,ERR,ERR,ERR,ERR,ERR,ERR,ERR,ERR,ERR,ERR,ERR,ERR,ERR,ERR,ERR,ERR,ERR,ERR,ERR,ERR,ERR,ERR,ERR,ERR,ERR,ERR,ERR,ERR,ERR,ERR,ERR,ERR,ERR,ERR,ERR,ERR,ERR,ERR,ERR,ERR,ERR,ERR,ERR,ERR,ERR,ERR,ERR,ERR,ERR,ERR,ERR,ERR,ERR,ERR,ERR,ERR,ERR,ERR,ERR,ERR,0.0,-0.0,-0.0,0.0,0.0,1.3936040501711995e+18,7.805,0.0,0,0,4,0,7300,-0.0,0,0.0,0.0,0.0,0.0,0.0,0,0,0,0,0.0,0,0,0,0,0,0,0,0,0,0,0,0,0,0,0,0,0,0,0,0,0,0,0,0,0,0,0,0,0,0,0,0,0,32,30,30,62,65476,0,300,0,0,8,21553,0.0,-107605600.0,0.0,0.0,0.0,0.0,0.0,0.0,0.0,0.0,0.0,0.0,0.0,0.0,0.0,0.0,0.0,0.0,0.0,0.0,0.0,0.0,-0.0,-2.004,2.004,0.0,0.0,0.0,0.0,0.0,5550.0,-1.0406674853550389e+34,6943.0,0.0,-0.0,-0.0,0.0,0.0,0.0,0.0,0.0,63,-2.3088394862626393e+20,-0.0,0.0,0.0,0.0,0.0,0.0,0.0,0.0,0,0,0,0.0,0.0,0.0,0.0,0.0,0.0,0.0,0.0,0.0,0.0,0.0,0.0,0.0,0.0,0.0,0.0,0,-107875648.0,63,0.0,126,2.7184242562605685e+23,2.842318642297501e+23,ERR,ERR,ERR,ERR,ERR,ERR,ERR,ERR,ERR,ERR,ERR,ERR,ERR,ERR,ERR,ERR,ERR,ERR,ERR,ERR,ERR,ERR,ERR,ERR,ERR,ERR,ERR,ERR,ERR,ERR,ERR,ERR,ERR,ERR,ERR,ERR,ERR,ERR,ERR,ERR,ERR,ERR,ERR,ERR,ERR,ERR,ERR,ERR,ERR,ERR,ERR,ERR,ERR,ERR,ERR,ERR,ERR,ERR,ERR,ERR,ERR,ERR,ERR,ERR,ERR,ERR,ERR,34.0,80.0,35,0.0,0.0,0.0,0.0,0.0,0.0,0.0,0.0,0.0,0.0,0.0,0.0,0.0,0.0,0.0,0.0,64.4,0,116,56,49,65476,0,300,0,0,8,20529,65476,0,0,57672,80.0,0.0,0.0,0.0,0.0,0.0
2026-06-17T04:56:42,ERR,ERR,ERR,ERR,ERR,ERR,ERR,ERR,ERR,ERR,ERR,ERR,ERR,ERR,ERR,ERR,ERR,ERR,ERR,ERR,ERR,ERR,ERR,ERR,ERR,ERR,ERR,ERR,ERR,ERR,ERR,ERR,ERR,ERR,ERR,ERR,ERR,ERR,ERR,ERR,ERR,ERR,ERR,ERR,ERR,ERR,ERR,ERR,ERR,ERR,ERR,ERR,ERR,ERR,ERR,ERR,ERR,ERR,ERR,ERR,ERR,ERR,ERR,ERR,ERR,ERR,ERR,ERR,ERR,ERR,ERR,ERR,ERR,ERR,ERR,ERR,ERR,ERR,ERR,ERR,ERR,ERR,ERR,ERR,ERR,ERR,ERR,ERR,ERR,ERR,ERR,ERR,ERR,ERR,ERR,ERR,ERR,ERR,ERR,ERR,ERR,ERR,ERR,ERR,ERR,ERR,ERR,ERR,ERR,ERR,ERR,ERR,ERR,ERR,ERR,ERR,ERR,ERR,ERR,ERR,ERR,ERR,ERR,ERR,ERR,0.0,-0.0,-0.0,0.0,0.0,1.3936040501711995e+18,7.805,0.0,0,0,4,0,7300,-0.0,0,0.0,0.0,0.0,0.0,0.0,0,0,0,0,0.0,0,0,0,0,0,0,0,0,0,0,0,0,0,0,0,0,0,0,0,0,0,0,0,0,0,0,0,0,0,0,0,0,0,32,30,30,62,65476,0,300,0,0,8,21553,0.0,-107605600.0,0.0,0.0,0.0,0.0,0.0,0.0,0.0,0.0,0.0,0.0,0.0,0.0,0.0,0.0,0.0,0.0,0.0,0.0,0.0,0.0,-0.0,-2.004,2.004,0.0,0.0,0.0,0.0,0.0,5550.0,-1.0406674853550389e+34,6943.0,0.0,-0.0,-0.0,0.0,0.0,0.0,0.0,0.0,63,-2.3088394862626393e+20,-0.0,0.0,0.0,0.0,0.0,0.0,0.0,0.0,0,0,0,0.0,0.0,0.0,0.0,0.0,0.0,0.0,0.0,0.0,0.0,0.0,0.0,0.0,0.0,0.0,0.0,0,-107875648.0,63,0.0,126,2.7184242562605685e+23,2.842318642297501e+23,ERR,ERR,ERR,ERR,ERR,ERR,ERR,ERR,ERR,ERR,ERR,ERR,ERR,ERR,ERR,ERR,ERR,ERR,ERR,ERR,ERR,ERR,ERR,ERR,ERR,ERR,ERR,ERR,ERR,ERR,ERR,ERR,ERR,ERR,ERR,ERR,ERR,ERR,ERR,ERR,ERR,ERR,ERR,ERR,ERR,ERR,ERR,ERR,ERR,ERR,ERR,ERR,ERR,ERR,ERR,ERR,ERR,ERR,ERR,ERR,ERR,ERR,ERR,ERR,ERR,ERR,ERR,34.0,80.0,35,0.0,0.0,0.0,0.0,0.0,0.0,0.0,0.0,0.0,0.0,0.0,0.0,0.0,0.0,0.0,0.0,64.4,0,116,56,49,65476,0,300,0,0,8,20529,65476,0,0,57672,80.0,0.0,0.0,0.0,0.0,0.0
2026-06-17T04:56:43,ERR,ERR,ERR,ERR,ERR,ERR,ERR,ERR,ERR,ERR,ERR,ERR,ERR,ERR,ERR,ERR,ERR,ERR,ERR,ERR,ERR,ERR,ERR,ERR,ERR,ERR,ERR,ERR,ERR,ERR,ERR,ERR,ERR,ERR,ERR,ERR,ERR,ERR,ERR,ERR,ERR,ERR,ERR,ERR,ERR,ERR,ERR,ERR,ERR,ERR,ERR,ERR,ERR,ERR,ERR,ERR,ERR,ERR,ERR,ERR,ERR,ERR,ERR,ERR,ERR,ERR,ERR,ERR,ERR,ERR,ERR,ERR,ERR,ERR,ERR,ERR,ERR,ERR,ERR,ERR,ERR,ERR,ERR,ERR,ERR,ERR,ERR,ERR,ERR,ERR,ERR,ERR,ERR,ERR,ERR,ERR,ERR,ERR,ERR,ERR,ERR,ERR,ERR,ERR,ERR,ERR,ERR,ERR,ERR,ERR,ERR,ERR,ERR,ERR,ERR,ERR,ERR,ERR,ERR,ERR,ERR,ERR,ERR,ERR,ERR,0.0,-0.0,-0.0,0.0,0.0,1.3936040501711995e+18,7.805,0.0,0,0,4,0,7300,-0.0,0,0.0,0.0,0.0,0.0,0.0,0,0,0,0,0.0,0,0,0,0,0,0,0,0,0,0,0,0,0,0,0,0,0,0,0,0,0,0,0,0,0,0,0,0,0,0,0,0,0,32,30,30,62,65476,0,300,0,0,8,21553,0.0,-107605600.0,0.0,0.0,0.0,0.0,0.0,0.0,0.0,0.0,0.0,0.0,0.0,0.0,0.0,0.0,0.0,0.0,0.0,0.0,0.0,0.0,-0.0,-2.004,2.004,0.0,0.0,0.0,0.0,0.0,5550.0,-1.0406674853550389e+34,6943.0,0.0,-0.0,-0.0,0.0,0.0,0.0,0.0,0.0,63,-2.3088394862626393e+20,-0.0,0.0,0.0,0.0,0.0,0.0,0.0,0.0,0,0,0,0.0,0.0,0.0,0.0,0.0,0.0,0.0,0.0,0.0,0.0,0.0,0.0,0.0,0.0,0.0,0.0,0,-107875648.0,63,0.0,126,2.7184242562605685e+23,2.842318642297501e+23,ERR,ERR,ERR,ERR,ERR,ERR,ERR,ERR,ERR,ERR,ERR,ERR,ERR,ERR,ERR,ERR,ERR,ERR,ERR,ERR,ERR,ERR,ERR,ERR,ERR,ERR,ERR,ERR,ERR,ERR,ERR,ERR,ERR,ERR,ERR,ERR,ERR,ERR,ERR,ERR,ERR,ERR,ERR,ERR,ERR,ERR,ERR,ERR,ERR,ERR,ERR,ERR,ERR,ERR,ERR,ERR,ERR,ERR,ERR,ERR,ERR,ERR,ERR,ERR,ERR,ERR,ERR,34.0,80.0,35,0.0,0.0,0.0,0.0,0.0,0.0,0.0,0.0,0.0,0.0,0.0,0.0,0.0,0.0,0.0,0.0,64.4,0,116,56,49,65476,0,300,0,0,8,20529,65476,0,0,57672,80.0,0.0,0.0,0.0,0.0,0.0
2026-06-17T04:56:44,ERR,ERR,ERR,ERR,ERR,ERR,ERR,ERR,ERR,ERR,ERR,ERR,ERR,ERR,ERR,ERR,ERR,ERR,ERR,ERR,ERR,ERR,ERR,ERR,ERR,ERR,ERR,ERR,ERR,ERR,ERR,ERR,ERR,ERR,ERR,ERR,ERR,ERR,ERR,ERR,ERR,ERR,ERR,ERR,ERR,ERR,ERR,ERR,ERR,ERR,ERR,ERR,ERR,ERR,ERR,ERR,ERR,ERR,ERR,ERR,ERR,ERR,ERR,ERR,ERR,ERR,ERR,ERR,ERR,ERR,ERR,ERR,ERR,ERR,ERR,ERR,ERR,ERR,ERR,ERR,ERR,ERR,ERR,ERR,ERR,ERR,ERR,ERR,ERR,ERR,ERR,ERR,ERR,ERR,ERR,ERR,ERR,ERR,ERR,ERR,ERR,ERR,ERR,ERR,ERR,ERR,ERR,ERR,ERR,ERR,ERR,ERR,ERR,ERR,ERR,ERR,ERR,ERR,ERR,ERR,ERR,ERR,ERR,ERR,ERR,0.0,-0.0,-0.0,0.0,0.0,1.3936040501711995e+18,7.805,0.0,0,0,4,0,7300,-0.0,0,0.0,0.0,0.0,0.0,0.0,0,0,0,0,0.0,0,0,0,0,0,0,0,0,0,0,0,0,0,0,0,0,0,0,0,0,0,0,0,0,0,0,0,0,0,0,0,0,0,32,30,30,62,65476,0,300,0,0,8,21553,0.0,-107605600.0,0.0,0.0,0.0,0.0,0.0,0.0,0.0,0.0,0.0,0.0,0.0,0.0,0.0,0.0,0.0,0.0,0.0,0.0,0.0,0.0,-0.0,-2.004,2.004,0.0,0.0,0.0,0.0,0.0,5550.0,-1.0406674853550389e+34,6943.0,0.0,-0.0,-0.0,0.0,0.0,0.0,0.0,0.0,63,-2.3088394862626393e+20,-0.0,0.0,0.0,0.0,0.0,0.0,0.0,0.0,0,0,0,0.0,0.0,0.0,0.0,0.0,0.0,0.0,0.0,0.0,0.0,0.0,0.0,0.0,0.0,0.0,0.0,0,-107875648.0,63,0.0,126,2.7184242562605685e+23,2.842318642297501e+23,ERR,ERR,ERR,ERR,ERR,ERR,ERR,ERR,ERR,ERR,ERR,ERR,ERR,ERR,ERR,ERR,ERR,ERR,ERR,ERR,ERR,ERR,ERR,ERR,ERR,ERR,ERR,ERR,ERR,ERR,ERR,ERR,ERR,ERR,ERR,ERR,ERR,ERR,ERR,ERR,ERR,ERR,ERR,ERR,ERR,ERR,ERR,ERR,ERR,ERR,ERR,ERR,ERR,ERR,ERR,ERR,ERR,ERR,ERR,ERR,ERR,ERR,ERR,ERR,ERR,ERR,ERR,34.0,80.0,35,0.0,0.0,0.0,0.0,0.0,0.0,0.0,0.0,0.0,0.0,0.0,0.0,0.0,0.0,0.0,0.0,64.4,0,116,56,49,65476,0,300,0,0,8,20529,65476,0,0,57672,80.0,0.0,0.0,0.0,0.0,0.0
2026-06-17T04:56:45,ERR,ERR,ERR,ERR,ERR,ERR,ERR,ERR,ERR,ERR,ERR,ERR,ERR,ERR,ERR,ERR,ERR,ERR,ERR,ERR,ERR,ERR,ERR,ERR,ERR,ERR,ERR,ERR,ERR,ERR,ERR,ERR,ERR,ERR,ERR,ERR,ERR,ERR,ERR,ERR,ERR,ERR,ERR,ERR,ERR,ERR,ERR,ERR,ERR,ERR,ERR,ERR,ERR,ERR,ERR,ERR,ERR,ERR,ERR,ERR,ERR,ERR,ERR,ERR,ERR,ERR,ERR,ERR,ERR,ERR,ERR,ERR,ERR,ERR,ERR,ERR,ERR,ERR,ERR,ERR,ERR,ERR,ERR,ERR,ERR,ERR,ERR,ERR,ERR,ERR,ERR,ERR,ERR,ERR,ERR,ERR,ERR,ERR,ERR,ERR,ERR,ERR,ERR,ERR,ERR,ERR,ERR,ERR,ERR,ERR,ERR,ERR,ERR,ERR,ERR,ERR,ERR,ERR,ERR,ERR,ERR,ERR,ERR,ERR,ERR,0.0,-0.0,-0.0,0.0,0.0,1.3936040501711995e+18,7.805,0.0,0,0,4,0,7300,-0.0,0,0.0,0.0,0.0,0.0,0.0,0,0,0,0,0.0,0,0,0,0,0,0,0,0,0,0,0,0,0,0,0,0,0,0,0,0,0,0,0,0,0,0,0,0,0,0,0,0,0,32,30,30,62,65476,0,300,0,0,8,21553,0.0,-107605600.0,0.0,0.0,0.0,0.0,0.0,0.0,0.0,0.0,0.0,0.0,0.0,0.0,0.0,0.0,0.0,0.0,0.0,0.0,0.0,0.0,2.004,-2.004,2.004,0.0,0.0,0.0,0.0,0.0,5550.0,-1.0406674853550389e+34,6943.0,0.0,-0.0,-0.0,0.0,0.0,0.0,0.0,0.0,63,-2.3088394862626393e+20,-0.0,0.0,0.0,0.0,0.0,0.0,0.0,0.0,0,0,0,0.0,0.0,0.0,0.0,0.0,0.0,0.0,0.0,0.0,0.0,0.0,0.0,0.0,0.0,0.0,0.0,0,-107875648.0,63,0.0,126,2.7184242562605685e+23,2.842318642297501e+23,ERR,ERR,ERR,ERR,ERR,ERR,ERR,ERR,ERR,ERR,ERR,ERR,ERR,ERR,ERR,ERR,ERR,ERR,ERR,ERR,ERR,ERR,ERR,ERR,ERR,ERR,ERR,ERR,ERR,ERR,ERR,ERR,ERR,ERR,ERR,ERR,ERR,ERR,ERR,ERR,ERR,ERR,ERR,ERR,ERR,ERR,ERR,ERR,ERR,ERR,ERR,ERR,ERR,ERR,ERR,ERR,ERR,ERR,ERR,ERR,ERR,ERR,ERR,ERR,ERR,ERR,ERR,34.0,80.0,35,0.0,0.0,0.0,0.0,0.0,0.0,0.0,0.0,0.0,0.0,0.0,0.0,0.0,0.0,0.0,0.0,64.4,0,116,56,49,65476,0,300,0,0,8,20529,65476,0,0,57672,80.0,0.0,0.0,0.0,0.0,0.0
2026-06-17T04:56:46,ERR,ERR,ERR,ERR,ERR,ERR,ERR,ERR,ERR,ERR,ERR,ERR,ERR,ERR,ERR,ERR,ERR,ERR,ERR,ERR,ERR,ERR,ERR,ERR,ERR,ERR,ERR,ERR,ERR,ERR,ERR,ERR,ERR,ERR,ERR,ERR,ERR,ERR,ERR,ERR,ERR,ERR,ERR,ERR,ERR,ERR,ERR,ERR,ERR,ERR,ERR,ERR,ERR,ERR,ERR,ERR,ERR,ERR,ERR,ERR,ERR,ERR,ERR,ERR,ERR,ERR,ERR,ERR,ERR,ERR,ERR,ERR,ERR,ERR,ERR,ERR,ERR,ERR,ERR,ERR,ERR,ERR,ERR,ERR,ERR,ERR,ERR,ERR,ERR,ERR,ERR,ERR,ERR,ERR,ERR,ERR,ERR,ERR,ERR,ERR,ERR,ERR,ERR,ERR,ERR,ERR,ERR,ERR,ERR,ERR,ERR,ERR,ERR,ERR,ERR,ERR,ERR,ERR,ERR,ERR,ERR,ERR,ERR,ERR,ERR,0.0,-0.0,-0.0,0.0,0.0,1.3936040501711995e+18,7.805,0.0,0,0,4,0,7300,-0.0,0,0.0,0.0,0.0,0.0,0.0,0,0,0,0,0.0,0,0,0,0,0,0,0,0,0,0,0,0,0,0,0,0,0,0,0,0,0,0,0,0,0,0,0,0,0,0,0,0,0,32,30,30,62,65476,0,300,0,0,8,21553,0.0,-107605600.0,0.0,0.0,0.0,0.0,0.0,0.0,0.0,0.0,0.0,0.0,0.0,0.0,0.0,0.0,0.0,0.0,0.0,0.0,0.0,0.0,2.004,-2.004,2.004,0.0,0.0,0.0,0.0,0.0,5550.0,-1.0406674853550389e+34,6943.0,0.0,-0.0,-0.0,0.0,0.0,0.0,0.0,0.0,63,-2.3088394862626393e+20,-0.0,0.0,0.0,0.0,0.0,0.0,0.0,0.0,0,0,0,0.0,0.0,0.0,0.0,0.0,0.0,0.0,0.0,0.0,0.0,0.0,0.0,0.0,0.0,0.0,0.0,0,-107875648.0,63,0.0,126,2.7184242562605685e+23,2.842318642297501e+23,ERR,ERR,ERR,ERR,ERR,ERR,ERR,ERR,ERR,ERR,ERR,ERR,ERR,ERR,ERR,ERR,ERR,ERR,ERR,ERR,ERR,ERR,ERR,ERR,ERR,ERR,ERR,ERR,ERR,ERR,ERR,ERR,ERR,ERR,ERR,ERR,ERR,ERR,ERR,ERR,ERR,ERR,ERR,ERR,ERR,ERR,ERR,ERR,ERR,ERR,ERR,ERR,ERR,ERR,ERR,ERR,ERR,ERR,ERR,ERR,ERR,ERR,ERR,ERR,ERR,ERR,ERR,34.0,80.0,35,0.0,0.0,0.0,0.0,0.0,0.0,0.0,0.0,0.0,0.0,0.0,0.0,0.0,0.0,0.0,0.0,64.4,0,116,56,49,65476,0,300,0,0,8,20529,65476,0,0,57672,80.0,0.0,0.0,0.0,0.0,0.0
2026-06-17T04:56:47,ERR,ERR,ERR,ERR,ERR,ERR,ERR,ERR,ERR,ERR,ERR,ERR,ERR,ERR,ERR,ERR,ERR,ERR,ERR,ERR,ERR,ERR,ERR,ERR,ERR,ERR,ERR,ERR,ERR,ERR,ERR,ERR,ERR,ERR,ERR,ERR,ERR,ERR,ERR,ERR,ERR,ERR,ERR,ERR,ERR,ERR,ERR,ERR,ERR,ERR,ERR,ERR,ERR,ERR,ERR,ERR,ERR,ERR,ERR,ERR,ERR,ERR,ERR,ERR,ERR,ERR,ERR,ERR,ERR,ERR,ERR,ERR,ERR,ERR,ERR,ERR,ERR,ERR,ERR,ERR,ERR,ERR,ERR,ERR,ERR,ERR,ERR,ERR,ERR,ERR,ERR,ERR,ERR,ERR,ERR,ERR,ERR,ERR,ERR,ERR,ERR,ERR,ERR,ERR,ERR,ERR,ERR,ERR,ERR,ERR,ERR,ERR,ERR,ERR,ERR,ERR,ERR,ERR,ERR,ERR,ERR,ERR,ERR,ERR,ERR,0.0,-0.0,-0.0,0.0,0.0,1.3936040501711995e+18,7.805,0.0,0,0,4,0,7300,-0.0,0,0.0,0.0,0.0,0.0,0.0,0,0,0,0,0.0,0,0,0,0,0,0,0,0,0,0,0,0,0,0,0,0,0,0,0,0,0,0,0,0,0,0,0,0,0,0,0,0,0,32,30,30,62,65476,0,300,0,0,8,21553,0.0,-107605600.0,0.0,0.0,0.0,0.0,0.0,0.0,0.0,0.0,0.0,0.0,0.0,0.0,0.0,0.0,0.0,0.0,0.0,0.0,0.0,0.0,2.004,-2.004,2.004,0.0,0.0,0.0,0.0,0.0,5550.0,-1.0406674853550389e+34,6943.0,0.0,-0.0,-0.0,0.0,0.0,0.0,0.0,0.0,63,-2.3088394862626393e+20,-0.0,0.0,0.0,0.0,0.0,0.0,0.0,0.0,0,0,0,0.0,0.0,0.0,0.0,0.0,0.0,0.0,0.0,0.0,0.0,0.0,0.0,0.0,0.0,0.0,0.0,0,-107875648.0,63,0.0,126,2.7184242562605685e+23,2.842318642297501e+23,ERR,ERR,ERR,ERR,ERR,ERR,ERR,ERR,ERR,ERR,ERR,ERR,ERR,ERR,ERR,ERR,ERR,ERR,ERR,ERR,ERR,ERR,ERR,ERR,ERR,ERR,ERR,ERR,ERR,ERR,ERR,ERR,ERR,ERR,ERR,ERR,ERR,ERR,ERR,ERR,ERR,ERR,ERR,ERR,ERR,ERR,ERR,ERR,ERR,ERR,ERR,ERR,ERR,ERR,ERR,ERR,ERR,ERR,ERR,ERR,ERR,ERR,ERR,ERR,ERR,ERR,ERR,34.0,80.0,35,0.0,0.0,0.0,0.0,0.0,0.0,0.0,0.0,0.0,0.0,0.0,0.0,0.0,0.0,0.0,0.0,64.8,0,116,56,49,65476,0,300,0,0,8,20529,65476,0,0,57672,80.0,0.0,0.0,0.0,0.0,0.0
2026-06-17T04:56:48,ERR,ERR,ERR,ERR,ERR,ERR,ERR,ERR,ERR,ERR,ERR,ERR,ERR,ERR,ERR,ERR,ERR,ERR,ERR,ERR,ERR,ERR,ERR,ERR,ERR,ERR,ERR,ERR,ERR,ERR,ERR,ERR,ERR,ERR,ERR,ERR,ERR,ERR,ERR,ERR,ERR,ERR,ERR,ERR,ERR,ERR,ERR,ERR,ERR,ERR,ERR,ERR,ERR,ERR,ERR,ERR,ERR,ERR,ERR,ERR,ERR,ERR,ERR,ERR,ERR,ERR,ERR,ERR,ERR,ERR,ERR,ERR,ERR,ERR,ERR,ERR,ERR,ERR,ERR,ERR,ERR,ERR,ERR,ERR,ERR,ERR,ERR,ERR,ERR,ERR,ERR,ERR,ERR,ERR,ERR,ERR,ERR,ERR,ERR,ERR,ERR,ERR,ERR,ERR,ERR,ERR,ERR,ERR,ERR,ERR,ERR,ERR,ERR,ERR,ERR,ERR,ERR,ERR,ERR,ERR,ERR,ERR,ERR,ERR,ERR,0.0,-0.0,-0.0,0.0,0.0,1.3936040501711995e+18,7.805,0.0,0,0,4,0,7300,-0.0,0,0.0,0.0,0.0,0.0,0.0,0,0,0,0,0.0,0,0,0,0,0,0,0,0,0,0,0,0,0,0,0,0,0,0,0,0,0,0,0,0,0,0,0,0,0,0,0,0,0,32,30,30,62,65476,0,300,0,0,8,21553,0.0,-107605600.0,0.0,0.0,0.0,0.0,0.0,0.0,0.0,0.0,0.0,0.0,0.0,0.0,0.0,0.0,0.0,0.0,0.0,0.0,0.0,0.0,2.004,-2.004,2.004,0.0,0.0,0.0,0.0,0.0,5550.0,-1.0406674853550389e+34,6943.0,0.0,-0.0,-0.0,0.0,0.0,0.0,0.0,0.0,63,-2.3088394862626393e+20,-0.0,0.0,0.0,0.0,0.0,0.0,0.0,0.0,0,0,0,0.0,0.0,0.0,0.0,0.0,0.0,0.0,0.0,0.0,0.0,0.0,0.0,0.0,0.0,0.0,0.0,0,-107875648.0,63,0.0,126,2.7184242562605685e+23,2.842318642297501e+23,ERR,ERR,ERR,ERR,ERR,ERR,ERR,ERR,ERR,ERR,ERR,ERR,ERR,ERR,ERR,ERR,ERR,ERR,ERR,ERR,ERR,ERR,ERR,ERR,ERR,ERR,ERR,ERR,ERR,ERR,ERR,ERR,ERR,ERR,ERR,ERR,ERR,ERR,ERR,ERR,ERR,ERR,ERR,ERR,ERR,ERR,ERR,ERR,ERR,ERR,ERR,ERR,ERR,ERR,ERR,ERR,ERR,ERR,ERR,ERR,ERR,ERR,ERR,ERR,ERR,ERR,ERR,34.0,80.0,35,0.0,0.0,0.0,0.0,0.0,0.0,0.0,0.0,0.0,0.0,0.0,0.0,0.0,0.0,0.0,0.0,64.8,0,116,56,49,65476,0,300,0,0,8,20529,65476,0,0,57672,80.0,0.0,0.0,0.0,0.0,0.0
2026-06-17T04:56:49,ERR,ERR,ERR,ERR,ERR,ERR,ERR,ERR,ERR,ERR,ERR,ERR,ERR,ERR,ERR,ERR,ERR,ERR,ERR,ERR,ERR,ERR,ERR,ERR,ERR,ERR,ERR,ERR,ERR,ERR,ERR,ERR,ERR,ERR,ERR,ERR,ERR,ERR,ERR,ERR,ERR,ERR,ERR,ERR,ERR,ERR,ERR,ERR,ERR,ERR,ERR,ERR,ERR,ERR,ERR,ERR,ERR,ERR,ERR,ERR,ERR,ERR,ERR,ERR,ERR,ERR,ERR,ERR,ERR,ERR,ERR,ERR,ERR,ERR,ERR,ERR,ERR,ERR,ERR,ERR,ERR,ERR,ERR,ERR,ERR,ERR,ERR,ERR,ERR,ERR,ERR,ERR,ERR,ERR,ERR,ERR,ERR,ERR,ERR,ERR,ERR,ERR,ERR,ERR,ERR,ERR,ERR,ERR,ERR,ERR,ERR,ERR,ERR,ERR,ERR,ERR,ERR,ERR,ERR,ERR,ERR,ERR,ERR,ERR,ERR,0.0,-0.0,-0.0,0.0,0.0,1.3936040501711995e+18,7.805,0.0,0,0,4,0,7300,-0.0,0,0.0,0.0,0.0,0.0,0.0,0,0,0,0,0.0,0,0,0,0,0,0,0,0,0,0,0,0,0,0,0,0,0,0,0,0,0,0,0,0,0,0,0,0,0,0,0,0,0,32,30,30,62,65476,0,300,0,0,8,21553,0.0,-107605600.0,0.0,0.0,0.0,0.0,0.0,0.0,0.0,0.0,0.0,0.0,0.0,0.0,0.0,0.0,0.0,0.0,0.0,0.0,0.0,0.0,2.004,-2.004,2.004,0.0,0.0,0.0,0.0,0.0,5550.0,-1.0406674853550389e+34,6943.0,0.0,-0.0,-0.0,0.0,0.0,0.0,0.0,0.0,63,-2.3088394862626393e+20,-0.0,0.0,0.0,0.0,0.0,0.0,0.0,0.0,0,0,0,0.0,0.0,0.0,0.0,0.0,0.0,0.0,0.0,0.0,0.0,0.0,0.0,0.0,0.0,0.0,0.0,0,-107875648.0,63,0.0,126,2.7184242562605685e+23,2.842318642297501e+23,ERR,ERR,ERR,ERR,ERR,ERR,ERR,ERR,ERR,ERR,ERR,ERR,ERR,ERR,ERR,ERR,ERR,ERR,ERR,ERR,ERR,ERR,ERR,ERR,ERR,ERR,ERR,ERR,ERR,ERR,ERR,ERR,ERR,ERR,ERR,ERR,ERR,ERR,ERR,ERR,ERR,ERR,ERR,ERR,ERR,ERR,ERR,ERR,ERR,ERR,ERR,ERR,ERR,ERR,ERR,ERR,ERR,ERR,ERR,ERR,ERR,ERR,ERR,ERR,ERR,ERR,ERR,34.0,80.0,35,0.0,0.0,0.0,0.0,0.0,0.0,0.0,0.0,0.0,0.0,0.0,0.0,0.0,0.0,0.0,0.0,64.8,0,116,56,49,65476,0,300,0,0,8,20529,65476,0,0,57672,80.0,0.0,0.0,0.0,0.0,0.0
2026-06-17T04:56:50,ERR,ERR,ERR,ERR,ERR,ERR,ERR,ERR,ERR,ERR,ERR,ERR,ERR,ERR,ERR,ERR,ERR,ERR,ERR,ERR,ERR,ERR,ERR,ERR,ERR,ERR,ERR,ERR,ERR,ERR,ERR,ERR,ERR,ERR,ERR,ERR,ERR,ERR,ERR,ERR,ERR,ERR,ERR,ERR,ERR,ERR,ERR,ERR,ERR,ERR,ERR,ERR,ERR,ERR,ERR,ERR,ERR,ERR,ERR,ERR,ERR,ERR,ERR,ERR,ERR,ERR,ERR,ERR,ERR,ERR,ERR,ERR,ERR,ERR,ERR,ERR,ERR,ERR,ERR,ERR,ERR,ERR,ERR,ERR,ERR,ERR,ERR,ERR,ERR,ERR,ERR,ERR,ERR,ERR,ERR,ERR,ERR,ERR,ERR,ERR,ERR,ERR,ERR,ERR,ERR,ERR,ERR,ERR,ERR,ERR,ERR,ERR,ERR,ERR,ERR,ERR,ERR,ERR,ERR,ERR,ERR,ERR,ERR,ERR,ERR,0.0,-0.0,3.028208139652935e+23,0.0,0.0,1.3936040501711995e+18,7.805,0.0,0,0,4,0,7300,-0.0,0,0.0,0.0,0.0,0.0,0.0,0,0,0,0,0.0,0,0,0,0,0,0,0,0,0,0,0,0,0,0,0,0,0,0,0,0,0,0,0,0,0,0,0,0,0,0,0,0,0,32,30,30,62,65476,0,300,0,0,8,21553,0.0,-107605600.0,0.0,0.0,0.0,0.0,0.0,0.0,0.0,0.0,0.0,0.0,0.0,0.0,0.0,0.0,0.0,0.0,0.0,0.0,0.0,0.0,-0.0,-2.004,2.004,0.0,0.0,0.0,0.0,0.0,5549.0,-1.5879325643234846e+29,6942.0,0.0,-0.0,-0.0,0.0,0.0,0.0,0.0,0.0,63,-1.9056970896821453e+17,-0.0,0.0,0.0,0.0,0.0,0.0,0.0,0.0,0,0,0,0.0,0.0,0.0,0.0,0.0,0.0,0.0,0.0,0.0,0.0,0.0,0.0,0.0,0.0,0.0,0.0,0,-107875648.0,63,0.0,126,2.7184242562605685e+23,2.842318642297501e+23,ERR,ERR,ERR,ERR,ERR,ERR,ERR,ERR,ERR,ERR,ERR,ERR,ERR,ERR,ERR,ERR,ERR,ERR,ERR,ERR,ERR,ERR,ERR,ERR,ERR,ERR,ERR,ERR,ERR,ERR,ERR,ERR,ERR,ERR,ERR,ERR,ERR,ERR,ERR,ERR,ERR,ERR,ERR,ERR,ERR,ERR,ERR,ERR,ERR,ERR,ERR,ERR,ERR,ERR,ERR,ERR,ERR,ERR,ERR,ERR,ERR,ERR,ERR,ERR,ERR,ERR,ERR,34.0,80.0,35,0.0,0.0,0.0,0.0,0.0,0.0,0.0,0.0,0.0,0.0,0.0,0.0,0.0,0.0,0.0,0.0,64.8,0,116,56,49,65476,0,300,0,0,8,20529,65476,0,0,57672,80.0,0.0,0.0,0.0,0.0,0.0
2026-06-17T04:56:51,ERR,ERR,ERR,ERR,ERR,ERR,ERR,ERR,ERR,ERR,ERR,ERR,ERR,ERR,ERR,ERR,ERR,ERR,ERR,ERR,ERR,ERR,ERR,ERR,ERR,ERR,ERR,ERR,ERR,ERR,ERR,ERR,ERR,ERR,ERR,ERR,ERR,ERR,ERR,ERR,ERR,ERR,ERR,ERR,ERR,ERR,ERR,ERR,ERR,ERR,ERR,ERR,ERR,ERR,ERR,ERR,ERR,ERR,ERR,ERR,ERR,ERR,ERR,ERR,ERR,ERR,ERR,ERR,ERR,ERR,ERR,ERR,ERR,ERR,ERR,ERR,ERR,ERR,ERR,ERR,ERR,ERR,ERR,ERR,ERR,ERR,ERR,ERR,ERR,ERR,ERR,ERR,ERR,ERR,ERR,ERR,ERR,ERR,ERR,ERR,ERR,ERR,ERR,ERR,ERR,ERR,ERR,ERR,ERR,ERR,ERR,ERR,ERR,ERR,ERR,ERR,ERR,ERR,ERR,ERR,ERR,ERR,ERR,ERR,ERR,0.0,-0.0,3.028208139652935e+23,0.0,0.0,1.3936040501711995e+18,7.805,0.0,0,0,4,0,7300,-0.0,0,0.0,0.0,0.0,0.0,0.0,0,0,0,0,0.0,0,0,0,0,0,0,0,0,0,0,0,0,0,0,0,0,0,0,0,0,0,0,0,0,0,0,0,0,0,0,0,0,0,32,30,30,62,65476,0,300,0,0,8,21553,0.0,-107605600.0,0.0,0.0,0.0,0.0,0.0,0.0,0.0,0.0,0.0,0.0,0.0,0.0,0.0,0.0,0.0,0.0,0.0,0.0,0.0,0.0,-0.0,-2.004,2.004,0.0,0.0,0.0,0.0,0.0,5549.0,-1.5879325643234846e+29,6942.0,0.0,-0.0,-0.0,0.0,0.0,0.0,0.0,0.0,63,-1.9056970896821453e+17,-0.0,0.0,0.0,0.0,0.0,0.0,0.0,0.0,0,0,0,0.0,0.0,0.0,0.0,0.0,0.0,0.0,0.0,0.0,0.0,0.0,0.0,0.0,0.0,0.0,0.0,0,-107875648.0,63,0.0,126,2.7184242562605685e+23,2.842318642297501e+23,ERR,ERR,ERR,ERR,ERR,ERR,ERR,ERR,ERR,ERR,ERR,ERR,ERR,ERR,ERR,ERR,ERR,ERR,ERR,ERR,ERR,ERR,ERR,ERR,ERR,ERR,ERR,ERR,ERR,ERR,ERR,ERR,ERR,ERR,ERR,ERR,ERR,ERR,ERR,ERR,ERR,ERR,ERR,ERR,ERR,ERR,ERR,ERR,ERR,ERR,ERR,ERR,ERR,ERR,ERR,ERR,ERR,ERR,ERR,ERR,ERR,ERR,ERR,ERR,ERR,ERR,ERR,34.0,80.0,35,0.0,0.0,0.0,0.0,0.0,0.0,0.0,0.0,0.0,0.0,0.0,0.0,0.0,0.0,0.0,0.0,64.4,0,116,56,49,65476,0,300,0,0,8,20529,65476,0,0,57672,80.0,0.0,0.0,0.0,0.0,0.0
2026-06-17T04:56:52,ERR,ERR,ERR,ERR,ERR,ERR,ERR,ERR,ERR,ERR,ERR,ERR,ERR,ERR,ERR,ERR,ERR,ERR,ERR,ERR,ERR,ERR,ERR,ERR,ERR,ERR,ERR,ERR,ERR,ERR,ERR,ERR,ERR,ERR,ERR,ERR,ERR,ERR,ERR,ERR,ERR,ERR,ERR,ERR,ERR,ERR,ERR,ERR,ERR,ERR,ERR,ERR,ERR,ERR,ERR,ERR,ERR,ERR,ERR,ERR,ERR,ERR,ERR,ERR,ERR,ERR,ERR,ERR,ERR,ERR,ERR,ERR,ERR,ERR,ERR,ERR,ERR,ERR,ERR,ERR,ERR,ERR,ERR,ERR,ERR,ERR,ERR,ERR,ERR,ERR,ERR,ERR,ERR,ERR,ERR,ERR,ERR,ERR,ERR,ERR,ERR,ERR,ERR,ERR,ERR,ERR,ERR,ERR,ERR,ERR,ERR,ERR,ERR,ERR,ERR,ERR,ERR,ERR,ERR,ERR,ERR,ERR,ERR,ERR,ERR,0.0,-0.0,3.028208139652935e+23,0.0,0.0,1.3936040501711995e+18,7.805,0.0,0,0,4,0,7300,-0.0,0,0.0,0.0,0.0,0.0,0.0,0,0,0,0,0.0,0,0,0,0,0,0,0,0,0,0,0,0,0,0,0,0,0,0,0,0,0,0,0,0,0,0,0,0,0,0,0,0,0,32,30,30,62,65476,0,300,0,0,8,21553,0.0,-107605600.0,0.0,0.0,0.0,0.0,0.0,0.0,0.0,0.0,0.0,0.0,0.0,0.0,0.0,0.0,0.0,0.0,0.0,0.0,0.0,0.0,-0.0,-2.004,2.004,0.0,0.0,0.0,0.0,0.0,5549.0,-1.5879325643234846e+29,6942.0,0.0,-0.0,-0.0,0.0,0.0,0.0,0.0,0.0,63,-1.9056970896821453e+17,-0.0,0.0,0.0,0.0,0.0,0.0,0.0,0.0,0,0,0,0.0,0.0,0.0,0.0,0.0,0.0,0.0,0.0,0.0,0.0,0.0,0.0,0.0,0.0,0.0,0.0,0,-107875648.0,63,0.0,126,2.7184242562605685e+23,2.842318642297501e+23,ERR,ERR,ERR,ERR,ERR,ERR,ERR,ERR,ERR,ERR,ERR,ERR,ERR,ERR,ERR,ERR,ERR,ERR,ERR,ERR,ERR,ERR,ERR,ERR,ERR,ERR,ERR,ERR,ERR,ERR,ERR,ERR,ERR,ERR,ERR,ERR,ERR,ERR,ERR,ERR,ERR,ERR,ERR,ERR,ERR,ERR,ERR,ERR,ERR,ERR,ERR,ERR,ERR,ERR,ERR,ERR,ERR,ERR,ERR,ERR,ERR,ERR,ERR,ERR,ERR,ERR,ERR,34.0,80.0,35,0.0,0.0,0.0,0.0,0.0,0.0,0.0,0.0,0.0,0.0,0.0,0.0,0.0,0.0,0.0,0.0,64.8,0,116,56,49,65476,0,300,0,0,8,20529,65476,0,0,57672,80.0,0.0,0.0,0.0,0.0,0.0
2026-06-17T04:56:53,ERR,ERR,ERR,ERR,ERR,ERR,ERR,ERR,ERR,ERR,ERR,ERR,ERR,ERR,ERR,ERR,ERR,ERR,ERR,ERR,ERR,ERR,ERR,ERR,ERR,ERR,ERR,ERR,ERR,ERR,ERR,ERR,ERR,ERR,ERR,ERR,ERR,ERR,ERR,ERR,ERR,ERR,ERR,ERR,ERR,ERR,ERR,ERR,ERR,ERR,ERR,ERR,ERR,ERR,ERR,ERR,ERR,ERR,ERR,ERR,ERR,ERR,ERR,ERR,ERR,ERR,ERR,ERR,ERR,ERR,ERR,ERR,ERR,ERR,ERR,ERR,ERR,ERR,ERR,ERR,ERR,ERR,ERR,ERR,ERR,ERR,ERR,ERR,ERR,ERR,ERR,ERR,ERR,ERR,ERR,ERR,ERR,ERR,ERR,ERR,ERR,ERR,ERR,ERR,ERR,ERR,ERR,ERR,ERR,ERR,ERR,ERR,ERR,ERR,ERR,ERR,ERR,ERR,ERR,ERR,ERR,ERR,ERR,ERR,ERR,0.0,-0.0,3.028208139652935e+23,0.0,0.0,1.3936040501711995e+18,7.805,0.0,0,0,4,0,7300,-0.0,0,0.0,0.0,0.0,0.0,0.0,0,0,0,0,0.0,0,0,0,0,0,0,0,0,0,0,0,0,0,0,0,0,0,0,0,0,0,0,0,0,0,0,0,0,0,0,0,0,0,32,30,30,62,65476,0,300,0,0,8,21553,0.0,-107605600.0,0.0,0.0,0.0,0.0,0.0,0.0,0.0,0.0,0.0,0.0,0.0,0.0,0.0,0.0,0.0,0.0,0.0,0.0,0.0,0.0,-0.0,-2.004,2.004,0.0,0.0,0.0,0.0,0.0,5549.0,-1.5879325643234846e+29,6942.0,0.0,-0.0,-0.0,0.0,0.0,0.0,0.0,0.0,63,-1.9056970896821453e+17,-0.0,0.0,0.0,0.0,0.0,0.0,0.0,0.0,0,0,0,0.0,0.0,0.0,0.0,0.0,0.0,0.0,0.0,0.0,0.0,0.0,0.0,0.0,0.0,0.0,0.0,0,-107875648.0,63,0.0,126,2.7184242562605685e+23,2.842318642297501e+23,ERR,ERR,ERR,ERR,ERR,ERR,ERR,ERR,ERR,ERR,ERR,ERR,ERR,ERR,ERR,ERR,ERR,ERR,ERR,ERR,ERR,ERR,ERR,ERR,ERR,ERR,ERR,ERR,ERR,ERR,ERR,ERR,ERR,ERR,ERR,ERR,ERR,ERR,ERR,ERR,ERR,ERR,ERR,ERR,ERR,ERR,ERR,ERR,ERR,ERR,ERR,ERR,ERR,ERR,ERR,ERR,ERR,ERR,ERR,ERR,ERR,ERR,ERR,ERR,ERR,ERR,ERR,34.0,80.0,35,0.0,0.0,0.0,0.0,0.0,0.0,0.0,0.0,0.0,0.0,0.0,0.0,0.0,0.0,0.0,0.0,64.8,0,116,56,49,65476,0,300,0,0,8,20529,65476,0,0,57672,80.0,0.0,0.0,0.0,0.0,0.0
2026-06-17T04:56:54,ERR,ERR,ERR,ERR,ERR,ERR,ERR,ERR,ERR,ERR,ERR,ERR,ERR,ERR,ERR,ERR,ERR,ERR,ERR,ERR,ERR,ERR,ERR,ERR,ERR,ERR,ERR,ERR,ERR,ERR,ERR,ERR,ERR,ERR,ERR,ERR,ERR,ERR,ERR,ERR,ERR,ERR,ERR,ERR,ERR,ERR,ERR,ERR,ERR,ERR,ERR,ERR,ERR,ERR,ERR,ERR,ERR,ERR,ERR,ERR,ERR,ERR,ERR,ERR,ERR,ERR,ERR,ERR,ERR,ERR,ERR,ERR,ERR,ERR,ERR,ERR,ERR,ERR,ERR,ERR,ERR,ERR,ERR,ERR,ERR,ERR,ERR,ERR,ERR,ERR,ERR,ERR,ERR,ERR,ERR,ERR,ERR,ERR,ERR,ERR,ERR,ERR,ERR,ERR,ERR,ERR,ERR,ERR,ERR,ERR,ERR,ERR,ERR,ERR,ERR,ERR,ERR,ERR,ERR,ERR,ERR,ERR,ERR,ERR,ERR,0.0,-0.0,3.028208139652935e+23,0.0,0.0,1.3936040501711995e+18,7.805,0.0,0,0,4,0,7300,-0.0,0,0.0,0.0,0.0,0.0,0.0,0,0,0,0,0.0,0,0,0,0,0,0,0,0,0,0,0,0,0,0,0,0,0,0,0,0,0,0,0,0,0,0,0,0,0,0,0,0,0,32,30,30,62,65476,0,300,0,0,8,21553,0.0,-107605600.0,0.0,0.0,0.0,0.0,0.0,0.0,0.0,0.0,0.0,0.0,0.0,0.0,0.0,0.0,0.0,0.0,0.0,0.0,0.0,0.0,-0.0,-2.004,2.004,0.0,0.0,0.0,0.0,0.0,5549.0,-1.5879325643234846e+29,6942.0,0.0,-0.0,-0.0,0.0,0.0,0.0,0.0,0.0,63,-1.9056970896821453e+17,-0.0,0.0,0.0,0.0,0.0,0.0,0.0,0.0,0,0,0,0.0,0.0,0.0,0.0,0.0,0.0,0.0,0.0,0.0,0.0,0.0,0.0,0.0,0.0,0.0,0.0,0,-107875648.0,63,0.0,126,2.7184242562605685e+23,2.842318642297501e+23,ERR,ERR,ERR,ERR,ERR,ERR,ERR,ERR,ERR,ERR,ERR,ERR,ERR,ERR,ERR,ERR,ERR,ERR,ERR,ERR,ERR,ERR,ERR,ERR,ERR,ERR,ERR,ERR,ERR,ERR,ERR,ERR,ERR,ERR,ERR,ERR,ERR,ERR,ERR,ERR,ERR,ERR,ERR,ERR,ERR,ERR,ERR,ERR,ERR,ERR,ERR,ERR,ERR,ERR,ERR,ERR,ERR,ERR,ERR,ERR,ERR,ERR,ERR,ERR,ERR,ERR,ERR,34.0,80.0,35,0.0,0.0,0.0,0.0,0.0,0.0,0.0,0.0,0.0,0.0,0.0,0.0,0.0,0.0,0.0,0.0,64.8,0,116,56,49,65476,0,300,0,0,8,20529,65476,0,0,57672,80.0,0.0,0.0,0.0,0.0,0.0
2026-06-17T04:56:55,ERR,ERR,ERR,ERR,ERR,ERR,ERR,ERR,ERR,ERR,ERR,ERR,ERR,ERR,ERR,ERR,ERR,ERR,ERR,ERR,ERR,ERR,ERR,ERR,ERR,ERR,ERR,ERR,ERR,ERR,ERR,ERR,ERR,ERR,ERR,ERR,ERR,ERR,ERR,ERR,ERR,ERR,ERR,ERR,ERR,ERR,ERR,ERR,ERR,ERR,ERR,ERR,ERR,ERR,ERR,ERR,ERR,ERR,ERR,ERR,ERR,ERR,ERR,ERR,ERR,ERR,ERR,ERR,ERR,ERR,ERR,ERR,ERR,ERR,ERR,ERR,ERR,ERR,ERR,ERR,ERR,ERR,ERR,ERR,ERR,ERR,ERR,ERR,ERR,ERR,ERR,ERR,ERR,ERR,ERR,ERR,ERR,ERR,ERR,ERR,ERR,ERR,ERR,ERR,ERR,ERR,ERR,ERR,ERR,ERR,ERR,ERR,ERR,ERR,ERR,ERR,ERR,ERR,ERR,ERR,ERR,ERR,ERR,ERR,ERR,0.0,-0.0,3.028208139652935e+23,0.0,0.0,1.3936040501711995e+18,7.805,0.0,0,0,4,0,7300,-0.0,0,0.0,0.0,0.0,0.0,0.0,0,0,0,0,0.0,0,0,0,0,0,0,0,0,0,0,0,0,0,0,0,0,0,0,0,0,0,0,0,0,0,0,0,0,0,0,0,0,0,32,30,30,62,65476,0,300,0,0,8,21553,0.0,-107605600.0,0.0,0.0,0.0,0.0,0.0,0.0,0.0,0.0,0.0,0.0,0.0,0.0,0.0,0.0,0.0,0.0,0.0,0.0,0.0,0.0,-0.0,-2.004,2.004,0.0,0.0,0.0,0.0,0.0,5549.0,-1.5879325643234846e+29,6942.0,0.0,-0.0,-0.0,0.0,0.0,0.0,0.0,0.0,63,-1.9056970896821453e+17,-0.0,0.0,0.0,0.0,0.0,0.0,0.0,0.0,0,0,0,0.0,0.0,0.0,0.0,0.0,0.0,0.0,0.0,0.0,0.0,0.0,0.0,0.0,0.0,0.0,0.0,0,-107875648.0,63,0.0,126,2.7184242562605685e+23,2.842318642297501e+23,ERR,ERR,ERR,ERR,ERR,ERR,ERR,ERR,ERR,ERR,ERR,ERR,ERR,ERR,ERR,ERR,ERR,ERR,ERR,ERR,ERR,ERR,ERR,ERR,ERR,ERR,ERR,ERR,ERR,ERR,ERR,ERR,ERR,ERR,ERR,ERR,ERR,ERR,ERR,ERR,ERR,ERR,ERR,ERR,ERR,ERR,ERR,ERR,ERR,ERR,ERR,ERR,ERR,ERR,ERR,ERR,ERR,ERR,ERR,ERR,ERR,ERR,ERR,ERR,ERR,ERR,ERR,34.0,80.0,35,0.0,0.0,0.0,0.0,0.0,0.0,0.0,0.0,0.0,0.0,0.0,0.0,0.0,0.0,0.0,0.0,64.8,0,116,56,49,65476,0,300,0,0,8,20529,65476,0,0,57672,80.0,0.0,0.0,0.0,0.0,0.0
2026-06-17T04:56:56,ERR,ERR,ERR,ERR,ERR,ERR,ERR,ERR,ERR,ERR,ERR,ERR,ERR,ERR,ERR,ERR,ERR,ERR,ERR,ERR,ERR,ERR,ERR,ERR,ERR,ERR,ERR,ERR,ERR,ERR,ERR,ERR,ERR,ERR,ERR,ERR,ERR,ERR,ERR,ERR,ERR,ERR,ERR,ERR,ERR,ERR,ERR,ERR,ERR,ERR,ERR,ERR,ERR,ERR,ERR,ERR,ERR,ERR,ERR,ERR,ERR,ERR,ERR,ERR,ERR,ERR,ERR,ERR,ERR,ERR,ERR,ERR,ERR,ERR,ERR,ERR,ERR,ERR,ERR,ERR,ERR,ERR,ERR,ERR,ERR,ERR,ERR,ERR,ERR,ERR,ERR,ERR,ERR,ERR,ERR,ERR,ERR,ERR,ERR,ERR,ERR,ERR,ERR,ERR,ERR,ERR,ERR,ERR,ERR,ERR,ERR,ERR,ERR,ERR,ERR,ERR,ERR,ERR,ERR,ERR,ERR,ERR,ERR,ERR,ERR,0.0,-0.0,-0.0,0.0,0.0,1.3936040501711995e+18,7.805,0.0,0,0,4,0,7300,-0.0,0,0.0,0.0,0.0,0.0,0.0,0,0,0,0,0.0,0,0,0,0,0,0,0,0,0,0,0,0,0,0,0,0,0,0,0,0,0,0,0,0,0,0,0,0,0,0,0,0,0,32,30,30,62,65476,0,300,0,0,8,21553,0.0,-107605600.0,0.0,0.0,0.0,0.0,0.0,0.0,0.0,0.0,0.0,0.0,0.0,0.0,0.0,0.0,0.0,0.0,0.0,0.0,0.0,0.0,-0.0,-2.004,2.004,2.004,0.0,0.0,0.0,0.0,5549.0,-8608199680.0,6934.0,0.0,-0.0,-0.0,0.0,0.0,0.0,0.0,0.0,63,-1.9056970896821453e+17,126840717312.0,0.0,0.0,0.0,0.0,0.0,0.0,0.0,0,0,0,0.0,0.0,0.0,0.0,0.0,0.0,0.0,0.0,0.0,0.0,0.0,0.0,0.0,0.0,0.0,0.0,0,-107875648.0,63,0.0,126,2.7184242562605685e+23,2.842318642297501e+23,ERR,ERR,ERR,ERR,ERR,ERR,ERR,ERR,ERR,ERR,ERR,ERR,ERR,ERR,ERR,ERR,ERR,ERR,ERR,ERR,ERR,ERR,ERR,ERR,ERR,ERR,ERR,ERR,ERR,ERR,ERR,ERR,ERR,ERR,ERR,ERR,ERR,ERR,ERR,ERR,ERR,ERR,ERR,ERR,ERR,ERR,ERR,ERR,ERR,ERR,ERR,ERR,ERR,ERR,ERR,ERR,ERR,ERR,ERR,ERR,ERR,ERR,ERR,ERR,ERR,ERR,ERR,34.0,80.0,35,0.0,0.0,0.0,0.0,0.0,0.0,0.0,0.0,0.0,0.0,0.0,0.0,0.0,0.0,0.0,0.0,64.4,0,116,56,49,65476,0,300,0,0,8,20529,65476,0,0,57672,80.0,0.0,0.0,0.0,0.0,0.0
2026-06-17T04:56:57,ERR,ERR,ERR,ERR,ERR,ERR,ERR,ERR,ERR,ERR,ERR,ERR,ERR,ERR,ERR,ERR,ERR,ERR,ERR,ERR,ERR,ERR,ERR,ERR,ERR,ERR,ERR,ERR,ERR,ERR,ERR,ERR,ERR,ERR,ERR,ERR,ERR,ERR,ERR,ERR,ERR,ERR,ERR,ERR,ERR,ERR,ERR,ERR,ERR,ERR,ERR,ERR,ERR,ERR,ERR,ERR,ERR,ERR,ERR,ERR,ERR,ERR,ERR,ERR,ERR,ERR,ERR,ERR,ERR,ERR,ERR,ERR,ERR,ERR,ERR,ERR,ERR,ERR,ERR,ERR,ERR,ERR,ERR,ERR,ERR,ERR,ERR,ERR,ERR,ERR,ERR,ERR,ERR,ERR,ERR,ERR,ERR,ERR,ERR,ERR,ERR,ERR,ERR,ERR,ERR,ERR,ERR,ERR,ERR,ERR,ERR,ERR,ERR,ERR,ERR,ERR,ERR,ERR,ERR,ERR,ERR,ERR,ERR,ERR,ERR,0.0,-0.0,-0.0,0.0,0.0,1.3936040501711995e+18,7.805,0.0,0,0,4,0,7300,-0.0,0,0.0,0.0,0.0,0.0,0.0,0,0,0,0,0.0,0,0,0,0,0,0,0,0,0,0,0,0,0,0,0,0,0,0,0,0,0,0,0,0,0,0,0,0,0,0,0,0,0,32,30,30,62,65476,0,300,0,0,8,21553,0.0,-107605600.0,0.0,0.0,0.0,0.0,0.0,0.0,0.0,0.0,0.0,0.0,0.0,0.0,0.0,0.0,0.0,0.0,0.0,0.0,0.0,0.0,-0.0,-2.004,2.004,2.004,0.0,0.0,0.0,0.0,5549.0,-8608199680.0,6934.0,0.0,-0.0,-0.0,0.0,0.0,0.0,0.0,0.0,63,-1.9056970896821453e+17,126840717312.0,0.0,0.0,0.0,0.0,0.0,0.0,0.0,0,0,0,0.0,0.0,0.0,0.0,0.0,0.0,0.0,0.0,0.0,0.0,0.0,0.0,0.0,0.0,0.0,0.0,0,-107875648.0,63,0.0,126,2.7184242562605685e+23,2.842318642297501e+23,ERR,ERR,ERR,ERR,ERR,ERR,ERR,ERR,ERR,ERR,ERR,ERR,ERR,ERR,ERR,ERR,ERR,ERR,ERR,ERR,ERR,ERR,ERR,ERR,ERR,ERR,ERR,ERR,ERR,ERR,ERR,ERR,ERR,ERR,ERR,ERR,ERR,ERR,ERR,ERR,ERR,ERR,ERR,ERR,ERR,ERR,ERR,ERR,ERR,ERR,ERR,ERR,ERR,ERR,ERR,ERR,ERR,ERR,ERR,ERR,ERR,ERR,ERR,ERR,ERR,ERR,ERR,34.0,80.0,35,0.0,0.0,0.0,0.0,0.0,0.0,0.0,0.0,0.0,0.0,0.0,0.0,0.0,0.0,0.0,0.0,64.4,0,116,56,49,65476,0,300,0,0,8,20529,65476,0,0,57672,80.0,0.0,0.0,0.0,0.0,0.0
2026-06-17T04:56:58,ERR,ERR,ERR,ERR,ERR,ERR,ERR,ERR,ERR,ERR,ERR,ERR,ERR,ERR,ERR,ERR,ERR,ERR,ERR,ERR,ERR,ERR,ERR,ERR,ERR,ERR,ERR,ERR,ERR,ERR,ERR,ERR,ERR,ERR,ERR,ERR,ERR,ERR,ERR,ERR,ERR,ERR,ERR,ERR,ERR,ERR,ERR,ERR,ERR,ERR,ERR,ERR,ERR,ERR,ERR,ERR,ERR,ERR,ERR,ERR,ERR,ERR,ERR,ERR,ERR,ERR,ERR,ERR,ERR,ERR,ERR,ERR,ERR,ERR,ERR,ERR,ERR,ERR,ERR,ERR,ERR,ERR,ERR,ERR,ERR,ERR,ERR,ERR,ERR,ERR,ERR,ERR,ERR,ERR,ERR,ERR,ERR,ERR,ERR,ERR,ERR,ERR,ERR,ERR,ERR,ERR,ERR,ERR,ERR,ERR,ERR,ERR,ERR,ERR,ERR,ERR,ERR,ERR,ERR,ERR,ERR,ERR,ERR,ERR,ERR,0.0,-0.0,-0.0,0.0,0.0,1.3936040501711995e+18,7.805,0.0,0,0,4,0,7300,-0.0,0,0.0,0.0,0.0,0.0,0.0,0,0,0,0,0.0,0,0,0,0,0,0,0,0,0,0,0,0,0,0,0,0,0,0,0,0,0,0,0,0,0,0,0,0,0,0,0,0,0,32,30,30,62,65476,0,300,0,0,8,21553,0.0,-107605600.0,0.0,0.0,0.0,0.0,0.0,0.0,0.0,0.0,0.0,0.0,0.0,0.0,0.0,0.0,0.0,0.0,0.0,0.0,0.0,0.0,-0.0,-2.004,2.004,2.004,0.0,0.0,0.0,0.0,5549.0,-8608199680.0,6934.0,0.0,-0.0,-0.0,0.0,0.0,0.0,0.0,0.0,63,-1.9056970896821453e+17,126840717312.0,0.0,0.0,0.0,0.0,0.0,0.0,0.0,0,0,0,0.0,0.0,0.0,0.0,0.0,0.0,0.0,0.0,0.0,0.0,0.0,0.0,0.0,0.0,0.0,0.0,0,-107875648.0,63,0.0,126,2.7184242562605685e+23,2.842318642297501e+23,ERR,ERR,ERR,ERR,ERR,ERR,ERR,ERR,ERR,ERR,ERR,ERR,ERR,ERR,ERR,ERR,ERR,ERR,ERR,ERR,ERR,ERR,ERR,ERR,ERR,ERR,ERR,ERR,ERR,ERR,ERR,ERR,ERR,ERR,ERR,ERR,ERR,ERR,ERR,ERR,ERR,ERR,ERR,ERR,ERR,ERR,ERR,ERR,ERR,ERR,ERR,ERR,ERR,ERR,ERR,ERR,ERR,ERR,ERR,ERR,ERR,ERR,ERR,ERR,ERR,ERR,ERR,34.0,80.0,35,0.0,0.0,0.0,0.0,0.0,0.0,0.0,0.0,0.0,0.0,0.0,0.0,0.0,0.0,0.0,0.0,64.4,0,116,56,49,65476,0,300,0,0,8,20529,65476,0,0,57672,80.0,0.0,0.0,0.0,0.0,0.0
2026-06-17T04:56:59,ERR,ERR,ERR,ERR,ERR,ERR,ERR,ERR,ERR,ERR,ERR,ERR,ERR,ERR,ERR,ERR,ERR,ERR,ERR,ERR,ERR,ERR,ERR,ERR,ERR,ERR,ERR,ERR,ERR,ERR,ERR,ERR,ERR,ERR,ERR,ERR,ERR,ERR,ERR,ERR,ERR,ERR,ERR,ERR,ERR,ERR,ERR,ERR,ERR,ERR,ERR,ERR,ERR,ERR,ERR,ERR,ERR,ERR,ERR,ERR,ERR,ERR,ERR,ERR,ERR,ERR,ERR,ERR,ERR,ERR,ERR,ERR,ERR,ERR,ERR,ERR,ERR,ERR,ERR,ERR,ERR,ERR,ERR,ERR,ERR,ERR,ERR,ERR,ERR,ERR,ERR,ERR,ERR,ERR,ERR,ERR,ERR,ERR,ERR,ERR,ERR,ERR,ERR,ERR,ERR,ERR,ERR,ERR,ERR,ERR,ERR,ERR,ERR,ERR,ERR,ERR,ERR,ERR,ERR,ERR,ERR,ERR,ERR,ERR,ERR,0.0,-0.0,-0.0,0.0,0.0,1.3936040501711995e+18,7.805,0.0,0,0,4,0,7300,-0.0,0,0.0,0.0,0.0,0.0,0.0,0,0,0,0,0.0,0,0,0,0,0,0,0,0,0,0,0,0,0,0,0,0,0,0,0,0,0,0,0,0,0,0,0,0,0,0,0,0,0,32,30,30,62,65476,0,300,0,0,8,21553,0.0,-107605600.0,0.0,0.0,0.0,0.0,0.0,0.0,0.0,0.0,0.0,0.0,0.0,0.0,0.0,0.0,0.0,0.0,0.0,0.0,0.0,0.0,-0.0,-2.004,2.004,2.004,0.0,0.0,0.0,0.0,5549.0,-8608199680.0,6934.0,0.0,-0.0,-0.0,0.0,0.0,0.0,0.0,0.0,63,-1.9056970896821453e+17,126840717312.0,0.0,0.0,0.0,0.0,0.0,0.0,0.0,0,0,0,0.0,0.0,0.0,0.0,0.0,0.0,0.0,0.0,0.0,0.0,0.0,0.0,0.0,0.0,0.0,0.0,0,-107875648.0,63,0.0,126,2.7184242562605685e+23,2.842318642297501e+23,ERR,ERR,ERR,ERR,ERR,ERR,ERR,ERR,ERR,ERR,ERR,ERR,ERR,ERR,ERR,ERR,ERR,ERR,ERR,ERR,ERR,ERR,ERR,ERR,ERR,ERR,ERR,ERR,ERR,ERR,ERR,ERR,ERR,ERR,ERR,ERR,ERR,ERR,ERR,ERR,ERR,ERR,ERR,ERR,ERR,ERR,ERR,ERR,ERR,ERR,ERR,ERR,ERR,ERR,ERR,ERR,ERR,ERR,ERR,ERR,ERR,ERR,ERR,ERR,ERR,ERR,ERR,34.0,80.0,35,0.0,0.0,0.0,0.0,0.0,0.0,0.0,0.0,0.0,0.0,0.0,0.0,0.0,0.0,0.0,0.0,64.4,0,116,56,49,65476,0,300,0,0,8,20529,65476,0,0,57672,80.0,0.0,0.0,0.0,0.0,0.0
2026-06-17T04:57:00,ERR,ERR,ERR,ERR,ERR,ERR,ERR,ERR,ERR,ERR,ERR,ERR,ERR,ERR,ERR,ERR,ERR,ERR,ERR,ERR,ERR,ERR,ERR,ERR,ERR,ERR,ERR,ERR,ERR,ERR,ERR,ERR,ERR,ERR,ERR,ERR,ERR,ERR,ERR,ERR,ERR,ERR,ERR,ERR,ERR,ERR,ERR,ERR,ERR,ERR,ERR,ERR,ERR,ERR,ERR,ERR,ERR,ERR,ERR,ERR,ERR,ERR,ERR,ERR,ERR,ERR,ERR,ERR,ERR,ERR,ERR,ERR,ERR,ERR,ERR,ERR,ERR,ERR,ERR,ERR,ERR,ERR,ERR,ERR,ERR,ERR,ERR,ERR,ERR,ERR,ERR,ERR,ERR,ERR,ERR,ERR,ERR,ERR,ERR,ERR,ERR,ERR,ERR,ERR,ERR,ERR,ERR,ERR,ERR,ERR,ERR,ERR,ERR,ERR,ERR,ERR,ERR,ERR,ERR,ERR,ERR,ERR,ERR,ERR,ERR,0.0,-0.0,-0.0,0.0,0.0,1.3936040501711995e+18,7.805,0.0,0,0,4,0,7300,-0.0,0,0.0,0.0,0.0,0.0,0.0,0,0,0,0,0.0,0,0,0,0,0,0,0,0,0,0,0,0,0,0,0,0,0,0,0,0,0,0,0,0,0,0,0,0,0,0,0,0,0,32,30,30,62,65476,0,300,0,0,8,21553,0.0,-107605600.0,0.0,0.0,0.0,0.0,0.0,0.0,0.0,0.0,0.0,0.0,0.0,0.0,0.0,0.0,0.0,0.0,0.0,0.0,0.0,0.0,-0.0,-2.004,2.004,2.004,0.0,0.0,0.0,0.0,5549.0,-8608199680.0,6934.0,0.0,-0.0,-0.0,0.0,0.0,0.0,0.0,0.0,63,-1.9056970896821453e+17,126840717312.0,0.0,0.0,0.0,0.0,0.0,0.0,0.0,0,0,0,0.0,0.0,0.0,0.0,0.0,0.0,0.0,0.0,0.0,0.0,0.0,0.0,0.0,0.0,0.0,0.0,0,-107875648.0,63,0.0,126,2.7184242562605685e+23,2.842318642297501e+23,ERR,ERR,ERR,ERR,ERR,ERR,ERR,ERR,ERR,ERR,ERR,ERR,ERR,ERR,ERR,ERR,ERR,ERR,ERR,ERR,ERR,ERR,ERR,ERR,ERR,ERR,ERR,ERR,ERR,ERR,ERR,ERR,ERR,ERR,ERR,ERR,ERR,ERR,ERR,ERR,ERR,ERR,ERR,ERR,ERR,ERR,ERR,ERR,ERR,ERR,ERR,ERR,ERR,ERR,ERR,ERR,ERR,ERR,ERR,ERR,ERR,ERR,ERR,ERR,ERR,ERR,ERR,34.0,80.0,35,0.0,0.0,0.0,0.0,0.0,0.0,0.0,0.0,0.0,0.0,0.0,0.0,0.0,0.0,0.0,0.0,64.4,0,116,56,49,65476,0,300,0,0,8,20529,65476,0,0,57672,80.0,0.0,0.0,0.0,0.0,0.0
2026-06-17T04:57:01,ERR,ERR,ERR,ERR,ERR,ERR,ERR,ERR,ERR,ERR,ERR,ERR,ERR,ERR,ERR,ERR,ERR,ERR,ERR,ERR,ERR,ERR,ERR,ERR,ERR,ERR,ERR,ERR,ERR,ERR,ERR,ERR,ERR,ERR,ERR,ERR,ERR,ERR,ERR,ERR,ERR,ERR,ERR,ERR,ERR,ERR,ERR,ERR,ERR,ERR,ERR,ERR,ERR,ERR,ERR,ERR,ERR,ERR,ERR,ERR,ERR,ERR,ERR,ERR,ERR,ERR,ERR,ERR,ERR,ERR,ERR,ERR,ERR,ERR,ERR,ERR,ERR,ERR,ERR,ERR,ERR,ERR,ERR,ERR,ERR,ERR,ERR,ERR,ERR,ERR,ERR,ERR,ERR,ERR,ERR,ERR,ERR,ERR,ERR,ERR,ERR,ERR,ERR,ERR,ERR,ERR,ERR,ERR,ERR,ERR,ERR,ERR,ERR,ERR,ERR,ERR,ERR,ERR,ERR,ERR,ERR,ERR,ERR,ERR,ERR,0.0,-0.0,-0.0,0.0,0.0,1.3936040501711995e+18,7.805,0.0,0,0,4,0,7300,-0.0,0,0.0,0.0,0.0,0.0,0.0,0,0,0,0,0.0,0,0,0,0,0,0,0,0,0,0,0,0,0,0,0,0,0,0,0,0,0,0,0,0,0,0,0,0,0,0,0,0,0,32,30,30,62,65476,0,300,0,0,8,21553,0.0,-107605600.0,0.0,0.0,0.0,0.0,0.0,0.0,0.0,0.0,0.0,0.0,0.0,0.0,0.0,0.0,0.0,0.0,0.0,0.0,0.0,0.0,-0.0,-2.004,2.004,0.0,0.0,0.0,0.0,0.0,5549.0,8608199680.0,6922.0,0.0,-0.0,-0.0,0.0,0.0,0.0,0.0,0.0,63,-1.9056970896821453e+17,-0.0,0.0,0.0,0.0,0.0,0.0,0.0,0.0,0,0,0,0.0,0.0,0.0,0.0,0.0,0.0,0.0,0.0,0.0,0.0,0.0,0.0,0.0,0.0,0.0,0.0,0,-107875648.0,63,0.0,126,2.7184242562605685e+23,2.842318642297501e+23,ERR,ERR,ERR,ERR,ERR,ERR,ERR,ERR,ERR,ERR,ERR,ERR,ERR,ERR,ERR,ERR,ERR,ERR,ERR,ERR,ERR,ERR,ERR,ERR,ERR,ERR,ERR,ERR,ERR,ERR,ERR,ERR,ERR,ERR,ERR,ERR,ERR,ERR,ERR,ERR,ERR,ERR,ERR,ERR,ERR,ERR,ERR,ERR,ERR,ERR,ERR,ERR,ERR,ERR,ERR,ERR,ERR,ERR,ERR,ERR,ERR,ERR,ERR,ERR,ERR,ERR,ERR,34.0,80.0,35,0.0,0.0,0.0,0.0,0.0,0.0,0.0,0.0,0.0,0.0,0.0,0.0,0.0,0.0,0.0,0.0,64.8,0,116,56,49,65476,0,300,0,0,8,20529,65476,0,0,57672,80.0,0.0,0.0,0.0,0.0,0.0
2026-06-17T04:57:02,ERR,ERR,ERR,ERR,ERR,ERR,ERR,ERR,ERR,ERR,ERR,ERR,ERR,ERR,ERR,ERR,ERR,ERR,ERR,ERR,ERR,ERR,ERR,ERR,ERR,ERR,ERR,ERR,ERR,ERR,ERR,ERR,ERR,ERR,ERR,ERR,ERR,ERR,ERR,ERR,ERR,ERR,ERR,ERR,ERR,ERR,ERR,ERR,ERR,ERR,ERR,ERR,ERR,ERR,ERR,ERR,ERR,ERR,ERR,ERR,ERR,ERR,ERR,ERR,ERR,ERR,ERR,ERR,ERR,ERR,ERR,ERR,ERR,ERR,ERR,ERR,ERR,ERR,ERR,ERR,ERR,ERR,ERR,ERR,ERR,ERR,ERR,ERR,ERR,ERR,ERR,ERR,ERR,ERR,ERR,ERR,ERR,ERR,ERR,ERR,ERR,ERR,ERR,ERR,ERR,ERR,ERR,ERR,ERR,ERR,ERR,ERR,ERR,ERR,ERR,ERR,ERR,ERR,ERR,ERR,ERR,ERR,ERR,ERR,ERR,0.0,-0.0,-0.0,0.0,0.0,1.3936040501711995e+18,7.805,0.0,0,0,4,0,7300,-0.0,0,0.0,0.0,0.0,0.0,0.0,0,0,0,0,0.0,0,0,0,0,0,0,0,0,0,0,0,0,0,0,0,0,0,0,0,0,0,0,0,0,0,0,0,0,0,0,0,0,0,32,30,30,62,65476,0,300,0,0,8,21553,0.0,-107605600.0,0.0,0.0,0.0,0.0,0.0,0.0,0.0,0.0,0.0,0.0,0.0,0.0,0.0,0.0,0.0,0.0,0.0,0.0,0.0,0.0,-0.0,-2.004,2.004,0.0,0.0,0.0,0.0,0.0,5549.0,8608199680.0,6922.0,0.0,-0.0,-0.0,0.0,0.0,0.0,0.0,0.0,63,-1.9056970896821453e+17,-0.0,0.0,0.0,0.0,0.0,0.0,0.0,0.0,0,0,0,0.0,0.0,0.0,0.0,0.0,0.0,0.0,0.0,0.0,0.0,0.0,0.0,0.0,0.0,0.0,0.0,0,-107875648.0,63,0.0,126,2.7184242562605685e+23,2.842318642297501e+23,ERR,ERR,ERR,ERR,ERR,ERR,ERR,ERR,ERR,ERR,ERR,ERR,ERR,ERR,ERR,ERR,ERR,ERR,ERR,ERR,ERR,ERR,ERR,ERR,ERR,ERR,ERR,ERR,ERR,ERR,ERR,ERR,ERR,ERR,ERR,ERR,ERR,ERR,ERR,ERR,ERR,ERR,ERR,ERR,ERR,ERR,ERR,ERR,ERR,ERR,ERR,ERR,ERR,ERR,ERR,ERR,ERR,ERR,ERR,ERR,ERR,ERR,ERR,ERR,ERR,ERR,ERR,34.0,80.0,35,0.0,0.0,0.0,0.0,0.0,0.0,0.0,0.0,0.0,0.0,0.0,0.0,0.0,0.0,0.0,0.0,64.8,0,116,56,49,65476,0,300,0,0,8,20529,65476,0,0,57672,80.0,0.0,0.0,0.0,0.0,0.0
2026-06-17T04:57:03,ERR,ERR,ERR,ERR,ERR,ERR,ERR,ERR,ERR,ERR,ERR,ERR,ERR,ERR,ERR,ERR,ERR,ERR,ERR,ERR,ERR,ERR,ERR,ERR,ERR,ERR,ERR,ERR,ERR,ERR,ERR,ERR,ERR,ERR,ERR,ERR,ERR,ERR,ERR,ERR,ERR,ERR,ERR,ERR,ERR,ERR,ERR,ERR,ERR,ERR,ERR,ERR,ERR,ERR,ERR,ERR,ERR,ERR,ERR,ERR,ERR,ERR,ERR,ERR,ERR,ERR,ERR,ERR,ERR,ERR,ERR,ERR,ERR,ERR,ERR,ERR,ERR,ERR,ERR,ERR,ERR,ERR,ERR,ERR,ERR,ERR,ERR,ERR,ERR,ERR,ERR,ERR,ERR,ERR,ERR,ERR,ERR,ERR,ERR,ERR,ERR,ERR,ERR,ERR,ERR,ERR,ERR,ERR,ERR,ERR,ERR,ERR,ERR,ERR,ERR,ERR,ERR,ERR,ERR,ERR,ERR,ERR,ERR,ERR,ERR,0.0,-0.0,-0.0,0.0,0.0,1.3936040501711995e+18,7.805,0.0,0,0,4,0,7300,-0.0,0,0.0,0.0,0.0,0.0,0.0,0,0,0,0,0.0,0,0,0,0,0,0,0,0,0,0,0,0,0,0,0,0,0,0,0,0,0,0,0,0,0,0,0,0,0,0,0,0,0,32,30,30,62,65476,0,300,0,0,8,21553,0.0,-107605600.0,0.0,0.0,0.0,0.0,0.0,0.0,0.0,0.0,0.0,0.0,0.0,0.0,0.0,0.0,0.0,0.0,0.0,0.0,0.0,0.0,-0.0,-2.004,2.004,0.0,0.0,0.0,0.0,0.0,5549.0,8608199680.0,6922.0,0.0,-0.0,-0.0,0.0,0.0,0.0,0.0,0.0,63,-1.9056970896821453e+17,-0.0,0.0,0.0,0.0,0.0,0.0,0.0,0.0,0,0,0,0.0,0.0,0.0,0.0,0.0,0.0,0.0,0.0,0.0,0.0,0.0,0.0,0.0,0.0,0.0,0.0,0,-107875648.0,63,0.0,126,2.7184242562605685e+23,2.842318642297501e+23,ERR,ERR,ERR,ERR,ERR,ERR,ERR,ERR,ERR,ERR,ERR,ERR,ERR,ERR,ERR,ERR,ERR,ERR,ERR,ERR,ERR,ERR,ERR,ERR,ERR,ERR,ERR,ERR,ERR,ERR,ERR,ERR,ERR,ERR,ERR,ERR,ERR,ERR,ERR,ERR,ERR,ERR,ERR,ERR,ERR,ERR,ERR,ERR,ERR,ERR,ERR,ERR,ERR,ERR,ERR,ERR,ERR,ERR,ERR,ERR,ERR,ERR,ERR,ERR,ERR,ERR,ERR,34.0,80.0,35,0.0,0.0,0.0,0.0,0.0,0.0,0.0,0.0,0.0,0.0,0.0,0.0,0.0,0.0,0.0,0.0,64.4,0,116,56,49,65476,0,300,0,0,8,20529,65476,0,0,57672,80.0,0.0,0.0,0.0,0.0,0.0
2026-06-17T04:57:04,ERR,ERR,ERR,ERR,ERR,ERR,ERR,ERR,ERR,ERR,ERR,ERR,ERR,ERR,ERR,ERR,ERR,ERR,ERR,ERR,ERR,ERR,ERR,ERR,ERR,ERR,ERR,ERR,ERR,ERR,ERR,ERR,ERR,ERR,ERR,ERR,ERR,ERR,ERR,ERR,ERR,ERR,ERR,ERR,ERR,ERR,ERR,ERR,ERR,ERR,ERR,ERR,ERR,ERR,ERR,ERR,ERR,ERR,ERR,ERR,ERR,ERR,ERR,ERR,ERR,ERR,ERR,ERR,ERR,ERR,ERR,ERR,ERR,ERR,ERR,ERR,ERR,ERR,ERR,ERR,ERR,ERR,ERR,ERR,ERR,ERR,ERR,ERR,ERR,ERR,ERR,ERR,ERR,ERR,ERR,ERR,ERR,ERR,ERR,ERR,ERR,ERR,ERR,ERR,ERR,ERR,ERR,ERR,ERR,ERR,ERR,ERR,ERR,ERR,ERR,ERR,ERR,ERR,ERR,ERR,ERR,ERR,ERR,ERR,ERR,0.0,-0.0,-0.0,0.0,0.0,1.3936040501711995e+18,7.805,0.0,0,0,4,0,7300,-0.0,0,0.0,0.0,0.0,0.0,0.0,0,0,0,0,0.0,0,0,0,0,0,0,0,0,0,0,0,0,0,0,0,0,0,0,0,0,0,0,0,0,0,0,0,0,0,0,0,0,0,32,30,30,62,65476,0,300,0,0,8,21553,0.0,-107605600.0,0.0,0.0,0.0,0.0,0.0,0.0,0.0,0.0,0.0,0.0,0.0,0.0,0.0,0.0,0.0,0.0,0.0,0.0,0.0,0.0,-0.0,-2.004,2.004,0.0,0.0,0.0,0.0,0.0,5549.0,8608199680.0,6922.0,0.0,-0.0,-0.0,0.0,0.0,0.0,0.0,0.0,63,-1.9056970896821453e+17,-0.0,0.0,0.0,0.0,0.0,0.0,0.0,0.0,0,0,0,0.0,0.0,0.0,0.0,0.0,0.0,0.0,0.0,0.0,0.0,0.0,0.0,0.0,0.0,0.0,0.0,0,-107875648.0,63,0.0,126,2.7184242562605685e+23,2.842318642297501e+23,ERR,ERR,ERR,ERR,ERR,ERR,ERR,ERR,ERR,ERR,ERR,ERR,ERR,ERR,ERR,ERR,ERR,ERR,ERR,ERR,ERR,ERR,ERR,ERR,ERR,ERR,ERR,ERR,ERR,ERR,ERR,ERR,ERR,ERR,ERR,ERR,ERR,ERR,ERR,ERR,ERR,ERR,ERR,ERR,ERR,ERR,ERR,ERR,ERR,ERR,ERR,ERR,ERR,ERR,ERR,ERR,ERR,ERR,ERR,ERR,ERR,ERR,ERR,ERR,ERR,ERR,ERR,34.0,80.0,35,0.0,0.0,0.0,0.0,0.0,0.0,0.0,0.0,0.0,0.0,0.0,0.0,0.0,0.0,0.0,0.0,64.4,0,116,56,49,65476,0,300,0,0,8,20529,65476,0,0,57672,80.0,0.0,0.0,0.0,0.0,0.0
2026-06-17T04:57:05,ERR,ERR,ERR,ERR,ERR,ERR,ERR,ERR,ERR,ERR,ERR,ERR,ERR,ERR,ERR,ERR,ERR,ERR,ERR,ERR,ERR,ERR,ERR,ERR,ERR,ERR,ERR,ERR,ERR,ERR,ERR,ERR,ERR,ERR,ERR,ERR,ERR,ERR,ERR,ERR,ERR,ERR,ERR,ERR,ERR,ERR,ERR,ERR,ERR,ERR,ERR,ERR,ERR,ERR,ERR,ERR,ERR,ERR,ERR,ERR,ERR,ERR,ERR,ERR,ERR,ERR,ERR,ERR,ERR,ERR,ERR,ERR,ERR,ERR,ERR,ERR,ERR,ERR,ERR,ERR,ERR,ERR,ERR,ERR,ERR,ERR,ERR,ERR,ERR,ERR,ERR,ERR,ERR,ERR,ERR,ERR,ERR,ERR,ERR,ERR,ERR,ERR,ERR,ERR,ERR,ERR,ERR,ERR,ERR,ERR,ERR,ERR,ERR,ERR,ERR,ERR,ERR,ERR,ERR,ERR,ERR,ERR,ERR,ERR,ERR,0.0,-0.0,-0.0,0.0,0.0,1.3936040501711995e+18,7.805,0.0,0,0,4,0,7300,-0.0,0,0.0,0.0,0.0,0.0,0.0,0,0,0,0,0.0,0,0,0,0,0,0,0,0,0,0,0,0,0,0,0,0,0,0,0,0,0,0,0,0,0,0,0,0,0,0,0,0,0,32,30,30,62,65476,0,300,0,0,8,21553,0.0,-107605600.0,0.0,0.0,0.0,0.0,0.0,0.0,0.0,0.0,0.0,0.0,0.0,0.0,0.0,0.0,0.0,0.0,0.0,0.0,0.0,0.0,-0.0,-2.004,2.004,0.0,0.0,0.0,0.0,0.0,5549.0,8608199680.0,6922.0,0.0,-0.0,-0.0,0.0,0.0,0.0,0.0,0.0,63,-1.9056970896821453e+17,-0.0,0.0,0.0,0.0,0.0,0.0,0.0,0.0,0,0,0,0.0,0.0,0.0,0.0,0.0,0.0,0.0,0.0,0.0,0.0,0.0,0.0,0.0,0.0,0.0,0.0,0,-107875648.0,63,0.0,126,2.7184242562605685e+23,2.842318642297501e+23,ERR,ERR,ERR,ERR,ERR,ERR,ERR,ERR,ERR,ERR,ERR,ERR,ERR,ERR,ERR,ERR,ERR,ERR,ERR,ERR,ERR,ERR,ERR,ERR,ERR,ERR,ERR,ERR,ERR,ERR,ERR,ERR,ERR,ERR,ERR,ERR,ERR,ERR,ERR,ERR,ERR,ERR,ERR,ERR,ERR,ERR,ERR,ERR,ERR,ERR,ERR,ERR,ERR,ERR,ERR,ERR,ERR,ERR,ERR,ERR,ERR,ERR,ERR,ERR,ERR,ERR,ERR,34.0,80.0,35,0.0,0.0,0.0,0.0,0.0,0.0,0.0,0.0,0.0,0.0,0.0,0.0,0.0,0.0,0.0,0.0,64.8,0,116,56,49,65476,0,300,0,0,8,20529,65476,0,0,57672,80.0,0.0,0.0,0.0,0.0,0.0
2026-06-17T04:57:06,ERR,ERR,ERR,ERR,ERR,ERR,ERR,ERR,ERR,ERR,ERR,ERR,ERR,ERR,ERR,ERR,ERR,ERR,ERR,ERR,ERR,ERR,ERR,ERR,ERR,ERR,ERR,ERR,ERR,ERR,ERR,ERR,ERR,ERR,ERR,ERR,ERR,ERR,ERR,ERR,ERR,ERR,ERR,ERR,ERR,ERR,ERR,ERR,ERR,ERR,ERR,ERR,ERR,ERR,ERR,ERR,ERR,ERR,ERR,ERR,ERR,ERR,ERR,ERR,ERR,ERR,ERR,ERR,ERR,ERR,ERR,ERR,ERR,ERR,ERR,ERR,ERR,ERR,ERR,ERR,ERR,ERR,ERR,ERR,ERR,ERR,ERR,ERR,ERR,ERR,ERR,ERR,ERR,ERR,ERR,ERR,ERR,ERR,ERR,ERR,ERR,ERR,ERR,ERR,ERR,ERR,ERR,ERR,ERR,ERR,ERR,ERR,ERR,ERR,ERR,ERR,ERR,ERR,ERR,ERR,ERR,ERR,ERR,ERR,ERR,0.0,-0.0,-0.0,0.0,0.0,1.3936040501711995e+18,7.805,0.0,0,0,4,0,7300,-0.0,0,0.0,0.0,0.0,0.0,0.0,0,0,0,0,0.0,0,0,0,0,0,0,0,0,0,0,0,0,0,0,0,0,0,0,0,0,0,0,0,0,0,0,0,0,0,0,0,0,0,32,30,30,62,65476,0,300,0,0,8,21553,0.0,-107605600.0,0.0,0.0,0.0,0.0,0.0,0.0,0.0,0.0,0.0,0.0,0.0,0.0,0.0,0.0,0.0,0.0,0.0,0.0,0.0,0.0,-0.0,-2.004,2.004,0.0,0.0,0.0,0.0,0.0,5517.0,-0.0,6928.0,0.0,-0.0,-0.0,0.0,0.0,0.0,0.0,0.0,63,-1.9056970896821453e+17,-107614944.0,0.0,0.0,0.0,0.0,0.0,0.0,0.0,0,0,0,0.0,0.0,0.0,0.0,0.0,0.0,0.0,0.0,0.0,0.0,0.0,0.0,0.0,0.0,0.0,0.0,0,-107875648.0,63,0.0,126,2.7184242562605685e+23,2.842318642297501e+23,ERR,ERR,ERR,ERR,ERR,ERR,ERR,ERR,ERR,ERR,ERR,ERR,ERR,ERR,ERR,ERR,ERR,ERR,ERR,ERR,ERR,ERR,ERR,ERR,ERR,ERR,ERR,ERR,ERR,ERR,ERR,ERR,ERR,ERR,ERR,ERR,ERR,ERR,ERR,ERR,ERR,ERR,ERR,ERR,ERR,ERR,ERR,ERR,ERR,ERR,ERR,ERR,ERR,ERR,ERR,ERR,ERR,ERR,ERR,ERR,ERR,ERR,ERR,ERR,ERR,ERR,ERR,34.0,80.0,35,0.0,0.0,0.0,0.0,0.0,0.0,0.0,0.0,0.0,0.0,0.0,0.0,0.0,0.0,0.0,0.0,64.8,0,116,56,49,65476,0,300,0,0,8,20529,65476,0,0,57672,80.0,0.0,0.0,0.0,0.0,0.0
2026-06-17T04:57:07,ERR,ERR,ERR,ERR,ERR,ERR,ERR,ERR,ERR,ERR,ERR,ERR,ERR,ERR,ERR,ERR,ERR,ERR,ERR,ERR,ERR,ERR,ERR,ERR,ERR,ERR,ERR,ERR,ERR,ERR,ERR,ERR,ERR,ERR,ERR,ERR,ERR,ERR,ERR,ERR,ERR,ERR,ERR,ERR,ERR,ERR,ERR,ERR,ERR,ERR,ERR,ERR,ERR,ERR,ERR,ERR,ERR,ERR,ERR,ERR,ERR,ERR,ERR,ERR,ERR,ERR,ERR,ERR,ERR,ERR,ERR,ERR,ERR,ERR,ERR,ERR,ERR,ERR,ERR,ERR,ERR,ERR,ERR,ERR,ERR,ERR,ERR,ERR,ERR,ERR,ERR,ERR,ERR,ERR,ERR,ERR,ERR,ERR,ERR,ERR,ERR,ERR,ERR,ERR,ERR,ERR,ERR,ERR,ERR,ERR,ERR,ERR,ERR,ERR,ERR,ERR,ERR,ERR,ERR,ERR,ERR,ERR,ERR,ERR,ERR,0.0,-0.0,-0.0,0.0,0.0,1.3936040501711995e+18,7.805,0.0,0,0,4,0,7300,-0.0,0,0.0,0.0,0.0,0.0,0.0,0,0,0,0,0.0,0,0,0,0,0,0,0,0,0,0,0,0,0,0,0,0,0,0,0,0,0,0,0,0,0,0,0,0,0,0,0,0,0,32,30,30,62,65476,0,300,0,0,8,21553,0.0,-107605600.0,0.0,0.0,0.0,0.0,0.0,0.0,0.0,0.0,0.0,0.0,0.0,0.0,0.0,0.0,0.0,0.0,0.0,0.0,0.0,0.0,-0.0,-2.004,2.004,0.0,0.0,0.0,0.0,0.0,5517.0,-0.0,6928.0,0.0,-0.0,-0.0,0.0,0.0,0.0,0.0,0.0,63,-1.9056970896821453e+17,-107614944.0,0.0,0.0,0.0,0.0,0.0,0.0,0.0,0,0,0,0.0,0.0,0.0,0.0,0.0,0.0,0.0,0.0,0.0,0.0,0.0,0.0,0.0,0.0,0.0,0.0,0,-107875648.0,63,0.0,126,2.7184242562605685e+23,2.842318642297501e+23,ERR,ERR,ERR,ERR,ERR,ERR,ERR,ERR,ERR,ERR,ERR,ERR,ERR,ERR,ERR,ERR,ERR,ERR,ERR,ERR,ERR,ERR,ERR,ERR,ERR,ERR,ERR,ERR,ERR,ERR,ERR,ERR,ERR,ERR,ERR,ERR,ERR,ERR,ERR,ERR,ERR,ERR,ERR,ERR,ERR,ERR,ERR,ERR,ERR,ERR,ERR,ERR,ERR,ERR,ERR,ERR,ERR,ERR,ERR,ERR,ERR,ERR,ERR,ERR,ERR,ERR,ERR,34.0,80.0,35,0.0,0.0,0.0,0.0,0.0,0.0,0.0,0.0,0.0,0.0,0.0,0.0,0.0,0.0,0.0,0.0,64.4,0,116,56,49,65476,0,300,0,0,8,20529,65476,0,0,57672,80.0,0.0,0.0,0.0,0.0,0.0
2026-06-17T04:57:08,ERR,ERR,ERR,ERR,ERR,ERR,ERR,ERR,ERR,ERR,ERR,ERR,ERR,ERR,ERR,ERR,ERR,ERR,ERR,ERR,ERR,ERR,ERR,ERR,ERR,ERR,ERR,ERR,ERR,ERR,ERR,ERR,ERR,ERR,ERR,ERR,ERR,ERR,ERR,ERR,ERR,ERR,ERR,ERR,ERR,ERR,ERR,ERR,ERR,ERR,ERR,ERR,ERR,ERR,ERR,ERR,ERR,ERR,ERR,ERR,ERR,ERR,ERR,ERR,ERR,ERR,ERR,ERR,ERR,ERR,ERR,ERR,ERR,ERR,ERR,ERR,ERR,ERR,ERR,ERR,ERR,ERR,ERR,ERR,ERR,ERR,ERR,ERR,ERR,ERR,ERR,ERR,ERR,ERR,ERR,ERR,ERR,ERR,ERR,ERR,ERR,ERR,ERR,ERR,ERR,ERR,ERR,ERR,ERR,ERR,ERR,ERR,ERR,ERR,ERR,ERR,ERR,ERR,ERR,ERR,ERR,ERR,ERR,ERR,ERR,0.0,-0.0,-0.0,0.0,0.0,1.3936040501711995e+18,7.805,0.0,0,0,4,0,7300,-0.0,0,0.0,0.0,0.0,0.0,0.0,0,0,0,0,0.0,0,0,0,0,0,0,0,0,0,0,0,0,0,0,0,0,0,0,0,0,0,0,0,0,0,0,0,0,0,0,0,0,0,32,30,30,62,65476,0,300,0,0,8,21553,0.0,-107605600.0,0.0,0.0,0.0,0.0,0.0,0.0,0.0,0.0,0.0,0.0,0.0,0.0,0.0,0.0,0.0,0.0,0.0,0.0,0.0,0.0,-0.0,-2.004,2.004,0.0,0.0,0.0,0.0,0.0,5517.0,-0.0,6928.0,0.0,-0.0,-0.0,0.0,0.0,0.0,0.0,0.0,63,-1.9056970896821453e+17,-107614944.0,0.0,0.0,0.0,0.0,0.0,0.0,0.0,0,0,0,0.0,0.0,0.0,0.0,0.0,0.0,0.0,0.0,0.0,0.0,0.0,0.0,0.0,0.0,0.0,0.0,0,-107875648.0,63,0.0,126,2.7184242562605685e+23,2.842318642297501e+23,ERR,ERR,ERR,ERR,ERR,ERR,ERR,ERR,ERR,ERR,ERR,ERR,ERR,ERR,ERR,ERR,ERR,ERR,ERR,ERR,ERR,ERR,ERR,ERR,ERR,ERR,ERR,ERR,ERR,ERR,ERR,ERR,ERR,ERR,ERR,ERR,ERR,ERR,ERR,ERR,ERR,ERR,ERR,ERR,ERR,ERR,ERR,ERR,ERR,ERR,ERR,ERR,ERR,ERR,ERR,ERR,ERR,ERR,ERR,ERR,ERR,ERR,ERR,ERR,ERR,ERR,ERR,34.0,80.0,35,0.0,0.0,0.0,0.0,0.0,0.0,0.0,0.0,0.0,0.0,0.0,0.0,0.0,0.0,0.0,0.0,64.4,0,116,56,49,65476,0,300,0,0,8,20529,65476,0,0,57672,80.0,0.0,0.0,0.0,0.0,0.0
2026-06-17T04:57:09,ERR,ERR,ERR,ERR,ERR,ERR,ERR,ERR,ERR,ERR,ERR,ERR,ERR,ERR,ERR,ERR,ERR,ERR,ERR,ERR,ERR,ERR,ERR,ERR,ERR,ERR,ERR,ERR,ERR,ERR,ERR,ERR,ERR,ERR,ERR,ERR,ERR,ERR,ERR,ERR,ERR,ERR,ERR,ERR,ERR,ERR,ERR,ERR,ERR,ERR,ERR,ERR,ERR,ERR,ERR,ERR,ERR,ERR,ERR,ERR,ERR,ERR,ERR,ERR,ERR,ERR,ERR,ERR,ERR,ERR,ERR,ERR,ERR,ERR,ERR,ERR,ERR,ERR,ERR,ERR,ERR,ERR,ERR,ERR,ERR,ERR,ERR,ERR,ERR,ERR,ERR,ERR,ERR,ERR,ERR,ERR,ERR,ERR,ERR,ERR,ERR,ERR,ERR,ERR,ERR,ERR,ERR,ERR,ERR,ERR,ERR,ERR,ERR,ERR,ERR,ERR,ERR,ERR,ERR,ERR,ERR,ERR,ERR,ERR,ERR,0.0,-0.0,-0.0,0.0,0.0,1.3936040501711995e+18,7.805,0.0,0,0,4,0,7300,-0.0,0,0.0,0.0,0.0,0.0,0.0,0,0,0,0,0.0,0,0,0,0,0,0,0,0,0,0,0,0,0,0,0,0,0,0,0,0,0,0,0,0,0,0,0,0,0,0,0,0,0,32,30,30,62,65476,0,300,0,0,8,21553,0.0,-107605600.0,0.0,0.0,0.0,0.0,0.0,0.0,0.0,0.0,0.0,0.0,0.0,0.0,0.0,0.0,0.0,0.0,0.0,0.0,0.0,0.0,-0.0,-2.004,2.004,0.0,0.0,0.0,0.0,0.0,5517.0,-0.0,6928.0,0.0,-0.0,-0.0,0.0,0.0,0.0,0.0,0.0,63,-1.9056970896821453e+17,-107614944.0,0.0,0.0,0.0,0.0,0.0,0.0,0.0,0,0,0,0.0,0.0,0.0,0.0,0.0,0.0,0.0,0.0,0.0,0.0,0.0,0.0,0.0,0.0,0.0,0.0,0,-107875648.0,63,0.0,126,2.7184242562605685e+23,2.842318642297501e+23,ERR,ERR,ERR,ERR,ERR,ERR,ERR,ERR,ERR,ERR,ERR,ERR,ERR,ERR,ERR,ERR,ERR,ERR,ERR,ERR,ERR,ERR,ERR,ERR,ERR,ERR,ERR,ERR,ERR,ERR,ERR,ERR,ERR,ERR,ERR,ERR,ERR,ERR,ERR,ERR,ERR,ERR,ERR,ERR,ERR,ERR,ERR,ERR,ERR,ERR,ERR,ERR,ERR,ERR,ERR,ERR,ERR,ERR,ERR,ERR,ERR,ERR,ERR,ERR,ERR,ERR,ERR,34.0,80.0,35,0.0,0.0,0.0,0.0,0.0,0.0,0.0,0.0,0.0,0.0,0.0,0.0,0.0,0.0,0.0,0.0,64.8,0,116,56,49,65476,0,300,0,0,8,20529,65476,0,0,57672,80.0,0.0,0.0,0.0,0.0,0.0
2026-06-17T04:57:10,ERR,ERR,ERR,ERR,ERR,ERR,ERR,ERR,ERR,ERR,ERR,ERR,ERR,ERR,ERR,ERR,ERR,ERR,ERR,ERR,ERR,ERR,ERR,ERR,ERR,ERR,ERR,ERR,ERR,ERR,ERR,ERR,ERR,ERR,ERR,ERR,ERR,ERR,ERR,ERR,ERR,ERR,ERR,ERR,ERR,ERR,ERR,ERR,ERR,ERR,ERR,ERR,ERR,ERR,ERR,ERR,ERR,ERR,ERR,ERR,ERR,ERR,ERR,ERR,ERR,ERR,ERR,ERR,ERR,ERR,ERR,ERR,ERR,ERR,ERR,ERR,ERR,ERR,ERR,ERR,ERR,ERR,ERR,ERR,ERR,ERR,ERR,ERR,ERR,ERR,ERR,ERR,ERR,ERR,ERR,ERR,ERR,ERR,ERR,ERR,ERR,ERR,ERR,ERR,ERR,ERR,ERR,ERR,ERR,ERR,ERR,ERR,ERR,ERR,ERR,ERR,ERR,ERR,ERR,ERR,ERR,ERR,ERR,ERR,ERR,0.0,-0.0,-0.0,0.0,0.0,1.3936040501711995e+18,7.805,0.0,0,0,4,0,7300,-0.0,0,0.0,0.0,0.0,0.0,0.0,0,0,0,0,0.0,0,0,0,0,0,0,0,0,0,0,0,0,0,0,0,0,0,0,0,0,0,0,0,0,0,0,0,0,0,0,0,0,0,32,30,30,62,65476,0,300,0,0,8,21553,0.0,-107605600.0,0.0,0.0,0.0,0.0,0.0,0.0,0.0,0.0,0.0,0.0,0.0,0.0,0.0,0.0,0.0,0.0,0.0,0.0,0.0,0.0,-0.0,-2.004,2.004,0.0,0.0,0.0,0.0,0.0,5517.0,-0.0,6928.0,0.0,-0.0,-0.0,0.0,0.0,0.0,0.0,0.0,63,-1.9056970896821453e+17,-107614944.0,0.0,0.0,0.0,0.0,0.0,0.0,0.0,0,0,0,0.0,0.0,0.0,0.0,0.0,0.0,0.0,0.0,0.0,0.0,0.0,0.0,0.0,0.0,0.0,0.0,0,-107875648.0,63,0.0,126,2.7184242562605685e+23,2.842318642297501e+23,ERR,ERR,ERR,ERR,ERR,ERR,ERR,ERR,ERR,ERR,ERR,ERR,ERR,ERR,ERR,ERR,ERR,ERR,ERR,ERR,ERR,ERR,ERR,ERR,ERR,ERR,ERR,ERR,ERR,ERR,ERR,ERR,ERR,ERR,ERR,ERR,ERR,ERR,ERR,ERR,ERR,ERR,ERR,ERR,ERR,ERR,ERR,ERR,ERR,ERR,ERR,ERR,ERR,ERR,ERR,ERR,ERR,ERR,ERR,ERR,ERR,ERR,ERR,ERR,ERR,ERR,ERR,34.0,80.0,35,0.0,0.0,0.0,0.0,0.0,0.0,0.0,0.0,0.0,0.0,0.0,0.0,0.0,0.0,0.0,0.0,64.4,0,116,56,49,65476,0,300,0,0,8,20529,65476,0,0,57672,80.0,0.0,0.0,0.0,0.0,0.0
2026-06-17T04:57:11,ERR,ERR,ERR,ERR,ERR,ERR,ERR,ERR,ERR,ERR,ERR,ERR,ERR,ERR,ERR,ERR,ERR,ERR,ERR,ERR,ERR,ERR,ERR,ERR,ERR,ERR,ERR,ERR,ERR,ERR,ERR,ERR,ERR,ERR,ERR,ERR,ERR,ERR,ERR,ERR,ERR,ERR,ERR,ERR,ERR,ERR,ERR,ERR,ERR,ERR,ERR,ERR,ERR,ERR,ERR,ERR,ERR,ERR,ERR,ERR,ERR,ERR,ERR,ERR,ERR,ERR,ERR,ERR,ERR,ERR,ERR,ERR,ERR,ERR,ERR,ERR,ERR,ERR,ERR,ERR,ERR,ERR,ERR,ERR,ERR,ERR,ERR,ERR,ERR,ERR,ERR,ERR,ERR,ERR,ERR,ERR,ERR,ERR,ERR,ERR,ERR,ERR,ERR,ERR,ERR,ERR,ERR,ERR,ERR,ERR,ERR,ERR,ERR,ERR,ERR,ERR,ERR,ERR,ERR,ERR,ERR,ERR,ERR,ERR,ERR,0.0,-0.0,-0.0,0.0,0.0,1.3936040501711995e+18,7.805,0.0,0,0,4,0,7300,-0.0,0,0.0,0.0,0.0,0.0,0.0,0,0,0,0,0.0,0,0,0,0,0,0,0,0,0,0,0,0,0,0,0,0,0,0,0,0,0,0,0,0,0,0,0,0,0,0,0,0,0,32,30,30,62,65476,0,300,0,0,8,21553,0.0,-107605600.0,0.0,0.0,0.0,0.0,0.0,0.0,0.0,0.0,0.0,0.0,0.0,0.0,0.0,0.0,0.0,0.0,0.0,0.0,0.0,0.0,-0.0,-2.004,2.004,0.0,0.0,0.0,0.0,0.0,5517.0,2.4229925162183003e+24,6925.0,0.0,-0.0,-0.0,0.0,0.0,0.0,0.0,0.0,63,-1.9056970896821453e+17,-0.0,0.0,0.0,0.0,0.0,0.0,0.0,0.0,0,0,0,0.0,0.0,0.0,0.0,0.0,0.0,0.0,0.0,0.0,0.0,0.0,0.0,0.0,0.0,0.0,0.0,0,-107875648.0,63,0.0,126,2.7184242562605685e+23,2.842318642297501e+23,ERR,ERR,ERR,ERR,ERR,ERR,ERR,ERR,ERR,ERR,ERR,ERR,ERR,ERR,ERR,ERR,ERR,ERR,ERR,ERR,ERR,ERR,ERR,ERR,ERR,ERR,ERR,ERR,ERR,ERR,ERR,ERR,ERR,ERR,ERR,ERR,ERR,ERR,ERR,ERR,ERR,ERR,ERR,ERR,ERR,ERR,ERR,ERR,ERR,ERR,ERR,ERR,ERR,ERR,ERR,ERR,ERR,ERR,ERR,ERR,ERR,ERR,ERR,ERR,ERR,ERR,ERR,34.0,80.0,35,0.0,0.0,0.0,0.0,0.0,0.0,0.0,0.0,0.0,0.0,0.0,0.0,0.0,0.0,0.0,0.0,64.4,0,116,56,49,65476,0,300,0,0,8,20529,65476,0,0,57672,80.0,0.0,0.0,0.0,0.0,0.0
2026-06-17T04:57:12,ERR,ERR,ERR,ERR,ERR,ERR,ERR,ERR,ERR,ERR,ERR,ERR,ERR,ERR,ERR,ERR,ERR,ERR,ERR,ERR,ERR,ERR,ERR,ERR,ERR,ERR,ERR,ERR,ERR,ERR,ERR,ERR,ERR,ERR,ERR,ERR,ERR,ERR,ERR,ERR,ERR,ERR,ERR,ERR,ERR,ERR,ERR,ERR,ERR,ERR,ERR,ERR,ERR,ERR,ERR,ERR,ERR,ERR,ERR,ERR,ERR,ERR,ERR,ERR,ERR,ERR,ERR,ERR,ERR,ERR,ERR,ERR,ERR,ERR,ERR,ERR,ERR,ERR,ERR,ERR,ERR,ERR,ERR,ERR,ERR,ERR,ERR,ERR,ERR,ERR,ERR,ERR,ERR,ERR,ERR,ERR,ERR,ERR,ERR,ERR,ERR,ERR,ERR,ERR,ERR,ERR,ERR,ERR,ERR,ERR,ERR,ERR,ERR,ERR,ERR,ERR,ERR,ERR,ERR,ERR,ERR,ERR,ERR,ERR,ERR,0.0,-0.0,-0.0,0.0,0.0,1.3936040501711995e+18,7.805,0.0,0,0,4,0,7300,-0.0,0,0.0,0.0,0.0,0.0,0.0,0,0,0,0,0.0,0,0,0,0,0,0,0,0,0,0,0,0,0,0,0,0,0,0,0,0,0,0,0,0,0,0,0,0,0,0,0,0,0,32,30,30,62,65476,0,300,0,0,8,21553,0.0,-107605600.0,0.0,0.0,0.0,0.0,0.0,0.0,0.0,0.0,0.0,0.0,0.0,0.0,0.0,0.0,0.0,0.0,0.0,0.0,0.0,0.0,-0.0,-2.004,2.004,0.0,0.0,0.0,0.0,0.0,5517.0,2.4229925162183003e+24,6925.0,0.0,-0.0,-0.0,0.0,0.0,0.0,0.0,0.0,63,-1.9056970896821453e+17,-0.0,0.0,0.0,0.0,0.0,0.0,0.0,0.0,0,0,0,0.0,0.0,0.0,0.0,0.0,0.0,0.0,0.0,0.0,0.0,0.0,0.0,0.0,0.0,0.0,0.0,0,-107875648.0,63,0.0,126,2.7184242562605685e+23,2.842318642297501e+23,ERR,ERR,ERR,ERR,ERR,ERR,ERR,ERR,ERR,ERR,ERR,ERR,ERR,ERR,ERR,ERR,ERR,ERR,ERR,ERR,ERR,ERR,ERR,ERR,ERR,ERR,ERR,ERR,ERR,ERR,ERR,ERR,ERR,ERR,ERR,ERR,ERR,ERR,ERR,ERR,ERR,ERR,ERR,ERR,ERR,ERR,ERR,ERR,ERR,ERR,ERR,ERR,ERR,ERR,ERR,ERR,ERR,ERR,ERR,ERR,ERR,ERR,ERR,ERR,ERR,ERR,ERR,34.0,80.0,35,0.0,0.0,0.0,0.0,0.0,0.0,0.0,0.0,0.0,0.0,0.0,0.0,0.0,0.0,0.0,0.0,64.4,0,116,56,49,65476,0,300,0,0,8,20529,65476,0,0,57672,80.0,0.0,0.0,0.0,0.0,0.0
2026-06-17T04:57:13,ERR,ERR,ERR,ERR,ERR,ERR,ERR,ERR,ERR,ERR,ERR,ERR,ERR,ERR,ERR,ERR,ERR,ERR,ERR,ERR,ERR,ERR,ERR,ERR,ERR,ERR,ERR,ERR,ERR,ERR,ERR,ERR,ERR,ERR,ERR,ERR,ERR,ERR,ERR,ERR,ERR,ERR,ERR,ERR,ERR,ERR,ERR,ERR,ERR,ERR,ERR,ERR,ERR,ERR,ERR,ERR,ERR,ERR,ERR,ERR,ERR,ERR,ERR,ERR,ERR,ERR,ERR,ERR,ERR,ERR,ERR,ERR,ERR,ERR,ERR,ERR,ERR,ERR,ERR,ERR,ERR,ERR,ERR,ERR,ERR,ERR,ERR,ERR,ERR,ERR,ERR,ERR,ERR,ERR,ERR,ERR,ERR,ERR,ERR,ERR,ERR,ERR,ERR,ERR,ERR,ERR,ERR,ERR,ERR,ERR,ERR,ERR,ERR,ERR,ERR,ERR,ERR,ERR,ERR,ERR,ERR,ERR,ERR,ERR,ERR,0.0,-0.0,-0.0,0.0,0.0,1.3936040501711995e+18,7.805,0.0,0,0,4,0,7300,-0.0,0,0.0,0.0,0.0,0.0,0.0,0,0,0,0,0.0,0,0,0,0,0,0,0,0,0,0,0,0,0,0,0,0,0,0,0,0,0,0,0,0,0,0,0,0,0,0,0,0,0,32,30,30,62,65476,0,300,0,0,8,21553,0.0,-107605600.0,0.0,0.0,0.0,0.0,0.0,0.0,0.0,0.0,0.0,0.0,0.0,0.0,0.0,0.0,0.0,0.0,0.0,0.0,0.0,0.0,-0.0,-2.004,2.004,0.0,0.0,0.0,0.0,0.0,5517.0,2.4229925162183003e+24,6925.0,0.0,-0.0,-0.0,0.0,0.0,0.0,0.0,0.0,63,-1.9056970896821453e+17,-0.0,0.0,0.0,0.0,0.0,0.0,0.0,0.0,0,0,0,0.0,0.0,0.0,0.0,0.0,0.0,0.0,0.0,0.0,0.0,0.0,0.0,0.0,0.0,0.0,0.0,0,-107875648.0,63,0.0,126,2.7184242562605685e+23,2.842318642297501e+23,ERR,ERR,ERR,ERR,ERR,ERR,ERR,ERR,ERR,ERR,ERR,ERR,ERR,ERR,ERR,ERR,ERR,ERR,ERR,ERR,ERR,ERR,ERR,ERR,ERR,ERR,ERR,ERR,ERR,ERR,ERR,ERR,ERR,ERR,ERR,ERR,ERR,ERR,ERR,ERR,ERR,ERR,ERR,ERR,ERR,ERR,ERR,ERR,ERR,ERR,ERR,ERR,ERR,ERR,ERR,ERR,ERR,ERR,ERR,ERR,ERR,ERR,ERR,ERR,ERR,ERR,ERR,34.0,80.0,35,0.0,0.0,0.0,0.0,0.0,0.0,0.0,0.0,0.0,0.0,0.0,0.0,0.0,0.0,0.0,0.0,64.4,0,116,56,49,65476,0,300,0,0,8,20529,65476,0,0,57672,80.0,0.0,0.0,0.0,0.0,0.0
2026-06-17T04:57:14,ERR,ERR,ERR,ERR,ERR,ERR,ERR,ERR,ERR,ERR,ERR,ERR,ERR,ERR,ERR,ERR,ERR,ERR,ERR,ERR,ERR,ERR,ERR,ERR,ERR,ERR,ERR,ERR,ERR,ERR,ERR,ERR,ERR,ERR,ERR,ERR,ERR,ERR,ERR,ERR,ERR,ERR,ERR,ERR,ERR,ERR,ERR,ERR,ERR,ERR,ERR,ERR,ERR,ERR,ERR,ERR,ERR,ERR,ERR,ERR,ERR,ERR,ERR,ERR,ERR,ERR,ERR,ERR,ERR,ERR,ERR,ERR,ERR,ERR,ERR,ERR,ERR,ERR,ERR,ERR,ERR,ERR,ERR,ERR,ERR,ERR,ERR,ERR,ERR,ERR,ERR,ERR,ERR,ERR,ERR,ERR,ERR,ERR,ERR,ERR,ERR,ERR,ERR,ERR,ERR,ERR,ERR,ERR,ERR,ERR,ERR,ERR,ERR,ERR,ERR,ERR,ERR,ERR,ERR,ERR,ERR,ERR,ERR,ERR,ERR,0.0,-0.0,-0.0,0.0,0.0,1.3936040501711995e+18,7.805,0.0,0,0,4,0,7300,-0.0,0,0.0,0.0,0.0,0.0,0.0,0,0,0,0,0.0,0,0,0,0,0,0,0,0,0,0,0,0,0,0,0,0,0,0,0,0,0,0,0,0,0,0,0,0,0,0,0,0,0,32,30,30,62,65476,0,300,0,0,8,21553,0.0,-107605600.0,0.0,0.0,0.0,0.0,0.0,0.0,0.0,0.0,0.0,0.0,0.0,0.0,0.0,0.0,0.0,0.0,0.0,0.0,0.0,0.0,-0.0,-2.004,2.004,0.0,0.0,0.0,0.0,0.0,5517.0,2.4229925162183003e+24,6925.0,0.0,-0.0,-0.0,0.0,0.0,0.0,0.0,0.0,63,-1.9056970896821453e+17,-0.0,0.0,0.0,0.0,0.0,0.0,0.0,0.0,0,0,0,0.0,0.0,0.0,0.0,0.0,0.0,0.0,0.0,0.0,0.0,0.0,0.0,0.0,0.0,0.0,0.0,0,-107875648.0,63,0.0,126,2.7184242562605685e+23,2.842318642297501e+23,ERR,ERR,ERR,ERR,ERR,ERR,ERR,ERR,ERR,ERR,ERR,ERR,ERR,ERR,ERR,ERR,ERR,ERR,ERR,ERR,ERR,ERR,ERR,ERR,ERR,ERR,ERR,ERR,ERR,ERR,ERR,ERR,ERR,ERR,ERR,ERR,ERR,ERR,ERR,ERR,ERR,ERR,ERR,ERR,ERR,ERR,ERR,ERR,ERR,ERR,ERR,ERR,ERR,ERR,ERR,ERR,ERR,ERR,ERR,ERR,ERR,ERR,ERR,ERR,ERR,ERR,ERR,34.0,80.0,35,0.0,0.0,0.0,0.0,0.0,0.0,0.0,0.0,0.0,0.0,0.0,0.0,0.0,0.0,0.0,0.0,64.4,0,116,56,49,65476,0,300,0,0,8,20529,65476,0,0,57672,80.0,0.0,0.0,0.0,0.0,0.0
2026-06-17T04:57:15,ERR,ERR,ERR,ERR,ERR,ERR,ERR,ERR,ERR,ERR,ERR,ERR,ERR,ERR,ERR,ERR,ERR,ERR,ERR,ERR,ERR,ERR,ERR,ERR,ERR,ERR,ERR,ERR,ERR,ERR,ERR,ERR,ERR,ERR,ERR,ERR,ERR,ERR,ERR,ERR,ERR,ERR,ERR,ERR,ERR,ERR,ERR,ERR,ERR,ERR,ERR,ERR,ERR,ERR,ERR,ERR,ERR,ERR,ERR,ERR,ERR,ERR,ERR,ERR,ERR,ERR,ERR,ERR,ERR,ERR,ERR,ERR,ERR,ERR,ERR,ERR,ERR,ERR,ERR,ERR,ERR,ERR,ERR,ERR,ERR,ERR,ERR,ERR,ERR,ERR,ERR,ERR,ERR,ERR,ERR,ERR,ERR,ERR,ERR,ERR,ERR,ERR,ERR,ERR,ERR,ERR,ERR,ERR,ERR,ERR,ERR,ERR,ERR,ERR,ERR,ERR,ERR,ERR,ERR,ERR,ERR,ERR,ERR,ERR,ERR,0.0,-0.0,-0.0,0.0,0.0,1.3936040501711995e+18,7.805,0.0,0,0,4,0,7300,-0.0,0,0.0,0.0,0.0,0.0,0.0,0,0,0,0,0.0,0,0,0,0,0,0,0,0,0,0,0,0,0,0,0,0,0,0,0,0,0,0,0,0,0,0,0,0,0,0,0,0,0,32,30,30,62,65476,0,300,0,0,8,21553,0.0,-107605600.0,0.0,0.0,0.0,0.0,0.0,0.0,0.0,0.0,0.0,0.0,0.0,0.0,0.0,0.0,0.0,0.0,0.0,0.0,0.0,0.0,-0.0,-2.004,2.004,0.0,0.0,0.0,0.0,0.0,5517.0,2.4229925162183003e+24,6925.0,0.0,-0.0,-0.0,0.0,0.0,0.0,0.0,0.0,63,-1.9056970896821453e+17,-0.0,0.0,0.0,0.0,0.0,0.0,0.0,0.0,0,0,0,0.0,0.0,0.0,0.0,0.0,0.0,0.0,0.0,0.0,0.0,0.0,0.0,0.0,0.0,0.0,0.0,0,-107875648.0,63,0.0,126,2.7184242562605685e+23,2.842318642297501e+23,ERR,ERR,ERR,ERR,ERR,ERR,ERR,ERR,ERR,ERR,ERR,ERR,ERR,ERR,ERR,ERR,ERR,ERR,ERR,ERR,ERR,ERR,ERR,ERR,ERR,ERR,ERR,ERR,ERR,ERR,ERR,ERR,ERR,ERR,ERR,ERR,ERR,ERR,ERR,ERR,ERR,ERR,ERR,ERR,ERR,ERR,ERR,ERR,ERR,ERR,ERR,ERR,ERR,ERR,ERR,ERR,ERR,ERR,ERR,ERR,ERR,ERR,ERR,ERR,ERR,ERR,ERR,34.0,80.0,35,0.0,0.0,0.0,0.0,0.0,0.0,0.0,0.0,0.0,0.0,0.0,0.0,0.0,0.0,0.0,0.0,64.4,0,116,56,49,65476,0,300,0,0,8,20529,65476,0,0,57672,80.0,0.0,0.0,0.0,0.0,0.0
2026-06-17T04:57:16,ERR,ERR,ERR,ERR,ERR,ERR,ERR,ERR,ERR,ERR,ERR,ERR,ERR,ERR,ERR,ERR,ERR,ERR,ERR,ERR,ERR,ERR,ERR,ERR,ERR,ERR,ERR,ERR,ERR,ERR,ERR,ERR,ERR,ERR,ERR,ERR,ERR,ERR,ERR,ERR,ERR,ERR,ERR,ERR,ERR,ERR,ERR,ERR,ERR,ERR,ERR,ERR,ERR,ERR,ERR,ERR,ERR,ERR,ERR,ERR,ERR,ERR,ERR,ERR,ERR,ERR,ERR,ERR,ERR,ERR,ERR,ERR,ERR,ERR,ERR,ERR,ERR,ERR,ERR,ERR,ERR,ERR,ERR,ERR,ERR,ERR,ERR,ERR,ERR,ERR,ERR,ERR,ERR,ERR,ERR,ERR,ERR,ERR,ERR,ERR,ERR,ERR,ERR,ERR,ERR,ERR,ERR,ERR,ERR,ERR,ERR,ERR,ERR,ERR,ERR,ERR,ERR,ERR,ERR,ERR,ERR,ERR,ERR,ERR,ERR,0.0,-0.0,-0.0,0.0,0.0,1.3936040501711995e+18,7.805,0.0,0,0,4,0,7300,-0.0,0,0.0,0.0,0.0,0.0,0.0,0,0,0,0,0.0,0,0,0,0,0,0,0,0,0,0,0,0,0,0,0,0,0,0,0,0,0,0,0,0,0,0,0,0,0,0,0,0,0,32,30,30,62,65476,0,300,0,0,8,21553,0.0,-107605600.0,0.0,0.0,0.0,0.0,0.0,0.0,0.0,0.0,0.0,0.0,0.0,0.0,0.0,0.0,0.0,0.0,0.0,0.0,0.0,0.0,-0.0,-2.004,2.004,0.0,0.0,0.0,0.0,0.0,5517.0,2.4229925162183003e+24,6925.0,0.0,-0.0,-0.0,0.0,0.0,0.0,0.0,0.0,63,-1.9056970896821453e+17,-0.0,0.0,0.0,0.0,0.0,0.0,0.0,0.0,0,0,0,0.0,0.0,0.0,0.0,0.0,0.0,0.0,0.0,0.0,0.0,0.0,0.0,0.0,0.0,0.0,0.0,0,-107875648.0,63,0.0,126,2.7184242562605685e+23,2.842318642297501e+23,ERR,ERR,ERR,ERR,ERR,ERR,ERR,ERR,ERR,ERR,ERR,ERR,ERR,ERR,ERR,ERR,ERR,ERR,ERR,ERR,ERR,ERR,ERR,ERR,ERR,ERR,ERR,ERR,ERR,ERR,ERR,ERR,ERR,ERR,ERR,ERR,ERR,ERR,ERR,ERR,ERR,ERR,ERR,ERR,ERR,ERR,ERR,ERR,ERR,ERR,ERR,ERR,ERR,ERR,ERR,ERR,ERR,ERR,ERR,ERR,ERR,ERR,ERR,ERR,ERR,ERR,ERR,34.0,80.0,35,0.0,0.0,0.0,0.0,0.0,0.0,0.0,0.0,0.0,0.0,0.0,0.0,0.0,0.0,0.0,0.0,64.4,0,116,56,49,65476,0,300,0,0,8,20529,65476,0,0,57672,80.0,0.0,0.0,0.0,0.0,0.0
2026-06-17T04:57:17,ERR,ERR,ERR,ERR,ERR,ERR,ERR,ERR,ERR,ERR,ERR,ERR,ERR,ERR,ERR,ERR,ERR,ERR,ERR,ERR,ERR,ERR,ERR,ERR,ERR,ERR,ERR,ERR,ERR,ERR,ERR,ERR,ERR,ERR,ERR,ERR,ERR,ERR,ERR,ERR,ERR,ERR,ERR,ERR,ERR,ERR,ERR,ERR,ERR,ERR,ERR,ERR,ERR,ERR,ERR,ERR,ERR,ERR,ERR,ERR,ERR,ERR,ERR,ERR,ERR,ERR,ERR,ERR,ERR,ERR,ERR,ERR,ERR,ERR,ERR,ERR,ERR,ERR,ERR,ERR,ERR,ERR,ERR,ERR,ERR,ERR,ERR,ERR,ERR,ERR,ERR,ERR,ERR,ERR,ERR,ERR,ERR,ERR,ERR,ERR,ERR,ERR,ERR,ERR,ERR,ERR,ERR,ERR,ERR,ERR,ERR,ERR,ERR,ERR,ERR,ERR,ERR,ERR,ERR,ERR,ERR,ERR,ERR,ERR,ERR,0.0,-0.0,-0.0,0.0,0.0,1.3936040501711995e+18,7.805,0.0,0,0,4,0,7300,-0.0,0,0.0,0.0,0.0,0.0,0.0,0,0,0,0,0.0,0,0,0,0,0,0,0,0,0,0,0,0,0,0,0,0,0,0,0,0,0,0,0,0,0,0,0,0,0,0,0,0,0,32,30,30,62,65476,0,300,0,0,8,21553,0.0,-107605600.0,0.0,0.0,0.0,0.0,0.0,0.0,0.0,0.0,0.0,0.0,0.0,0.0,0.0,0.0,0.0,0.0,0.0,0.0,0.0,0.0,-0.0,-2.004,2.004,2.004,0.0,0.0,0.0,0.0,5517.0,1.040667361561035e+34,6927.0,0.0,-0.0,-0.0,0.0,0.0,0.0,0.0,0.0,63,-1.9056970896821453e+17,-71.63,0.0,0.0,0.0,0.0,0.0,0.0,0.0,0,0,0,0.0,0.0,0.0,0.0,0.0,0.0,0.0,0.0,0.0,0.0,0.0,0.0,0.0,0.0,0.0,0.0,0,-107875648.0,63,0.0,126,2.7184242562605685e+23,2.842318642297501e+23,ERR,ERR,ERR,ERR,ERR,ERR,ERR,ERR,ERR,ERR,ERR,ERR,ERR,ERR,ERR,ERR,ERR,ERR,ERR,ERR,ERR,ERR,ERR,ERR,ERR,ERR,ERR,ERR,ERR,ERR,ERR,ERR,ERR,ERR,ERR,ERR,ERR,ERR,ERR,ERR,ERR,ERR,ERR,ERR,ERR,ERR,ERR,ERR,ERR,ERR,ERR,ERR,ERR,ERR,ERR,ERR,ERR,ERR,ERR,ERR,ERR,ERR,ERR,ERR,ERR,ERR,ERR,34.0,80.0,35,0.0,0.0,0.0,0.0,0.0,0.0,0.0,0.0,0.0,0.0,0.0,0.0,0.0,0.0,0.0,0.0,64.4,0,116,56,49,65476,0,300,0,0,8,20529,65476,0,0,57672,80.0,0.0,0.0,0.0,0.0,0.0
2026-06-17T04:57:18,ERR,ERR,ERR,ERR,ERR,ERR,ERR,ERR,ERR,ERR,ERR,ERR,ERR,ERR,ERR,ERR,ERR,ERR,ERR,ERR,ERR,ERR,ERR,ERR,ERR,ERR,ERR,ERR,ERR,ERR,ERR,ERR,ERR,ERR,ERR,ERR,ERR,ERR,ERR,ERR,ERR,ERR,ERR,ERR,ERR,ERR,ERR,ERR,ERR,ERR,ERR,ERR,ERR,ERR,ERR,ERR,ERR,ERR,ERR,ERR,ERR,ERR,ERR,ERR,ERR,ERR,ERR,ERR,ERR,ERR,ERR,ERR,ERR,ERR,ERR,ERR,ERR,ERR,ERR,ERR,ERR,ERR,ERR,ERR,ERR,ERR,ERR,ERR,ERR,ERR,ERR,ERR,ERR,ERR,ERR,ERR,ERR,ERR,ERR,ERR,ERR,ERR,ERR,ERR,ERR,ERR,ERR,ERR,ERR,ERR,ERR,ERR,ERR,ERR,ERR,ERR,ERR,ERR,ERR,ERR,ERR,ERR,ERR,ERR,ERR,0.0,-0.0,-0.0,0.0,0.0,1.3936040501711995e+18,7.805,0.0,0,0,4,0,7300,-0.0,0,0.0,0.0,0.0,0.0,0.0,0,0,0,0,0.0,0,0,0,0,0,0,0,0,0,0,0,0,0,0,0,0,0,0,0,0,0,0,0,0,0,0,0,0,0,0,0,0,0,32,30,30,62,65476,0,300,0,0,8,21553,0.0,-107605600.0,0.0,0.0,0.0,0.0,0.0,0.0,0.0,0.0,0.0,0.0,0.0,0.0,0.0,0.0,0.0,0.0,0.0,0.0,0.0,0.0,-0.0,-2.004,2.004,2.004,0.0,0.0,0.0,0.0,5517.0,1.040667361561035e+34,6927.0,0.0,-0.0,-0.0,0.0,0.0,0.0,0.0,0.0,63,-1.9056970896821453e+17,-71.63,0.0,0.0,0.0,0.0,0.0,0.0,0.0,0,0,0,0.0,0.0,0.0,0.0,0.0,0.0,0.0,0.0,0.0,0.0,0.0,0.0,0.0,0.0,0.0,0.0,0,-107875648.0,63,0.0,126,2.7184242562605685e+23,2.842318642297501e+23,ERR,ERR,ERR,ERR,ERR,ERR,ERR,ERR,ERR,ERR,ERR,ERR,ERR,ERR,ERR,ERR,ERR,ERR,ERR,ERR,ERR,ERR,ERR,ERR,ERR,ERR,ERR,ERR,ERR,ERR,ERR,ERR,ERR,ERR,ERR,ERR,ERR,ERR,ERR,ERR,ERR,ERR,ERR,ERR,ERR,ERR,ERR,ERR,ERR,ERR,ERR,ERR,ERR,ERR,ERR,ERR,ERR,ERR,ERR,ERR,ERR,ERR,ERR,ERR,ERR,ERR,ERR,34.0,80.0,35,0.0,0.0,0.0,0.0,0.0,0.0,0.0,0.0,0.0,0.0,0.0,0.0,0.0,0.0,0.0,0.0,64.4,0,116,56,49,65476,0,300,0,0,8,20529,65476,0,0,57672,80.0,0.0,0.0,0.0,0.0,0.0
2026-06-17T04:57:19,ERR,ERR,ERR,ERR,ERR,ERR,ERR,ERR,ERR,ERR,ERR,ERR,ERR,ERR,ERR,ERR,ERR,ERR,ERR,ERR,ERR,ERR,ERR,ERR,ERR,ERR,ERR,ERR,ERR,ERR,ERR,ERR,ERR,ERR,ERR,ERR,ERR,ERR,ERR,ERR,ERR,ERR,ERR,ERR,ERR,ERR,ERR,ERR,ERR,ERR,ERR,ERR,ERR,ERR,ERR,ERR,ERR,ERR,ERR,ERR,ERR,ERR,ERR,ERR,ERR,ERR,ERR,ERR,ERR,ERR,ERR,ERR,ERR,ERR,ERR,ERR,ERR,ERR,ERR,ERR,ERR,ERR,ERR,ERR,ERR,ERR,ERR,ERR,ERR,ERR,ERR,ERR,ERR,ERR,ERR,ERR,ERR,ERR,ERR,ERR,ERR,ERR,ERR,ERR,ERR,ERR,ERR,ERR,ERR,ERR,ERR,ERR,ERR,ERR,ERR,ERR,ERR,ERR,ERR,ERR,ERR,ERR,ERR,ERR,ERR,0.0,-0.0,-0.0,0.0,0.0,1.3936040501711995e+18,7.805,0.0,0,0,4,0,7300,-0.0,0,0.0,0.0,0.0,0.0,0.0,0,0,0,0,0.0,0,0,0,0,0,0,0,0,0,0,0,0,0,0,0,0,0,0,0,0,0,0,0,0,0,0,0,0,0,0,0,0,0,32,30,30,62,65476,0,300,0,0,8,21553,0.0,-107605600.0,0.0,0.0,0.0,0.0,0.0,0.0,0.0,0.0,0.0,0.0,0.0,0.0,0.0,0.0,0.0,0.0,0.0,0.0,0.0,0.0,-0.0,-2.004,2.004,2.004,0.0,0.0,0.0,0.0,5517.0,1.040667361561035e+34,6927.0,0.0,-0.0,-0.0,0.0,0.0,0.0,0.0,0.0,63,-1.9056970896821453e+17,-71.63,0.0,0.0,0.0,0.0,0.0,0.0,0.0,0,0,0,0.0,0.0,0.0,0.0,0.0,0.0,0.0,0.0,0.0,0.0,0.0,0.0,0.0,0.0,0.0,0.0,0,-107875648.0,63,0.0,126,2.7184242562605685e+23,2.842318642297501e+23,ERR,ERR,ERR,ERR,ERR,ERR,ERR,ERR,ERR,ERR,ERR,ERR,ERR,ERR,ERR,ERR,ERR,ERR,ERR,ERR,ERR,ERR,ERR,ERR,ERR,ERR,ERR,ERR,ERR,ERR,ERR,ERR,ERR,ERR,ERR,ERR,ERR,ERR,ERR,ERR,ERR,ERR,ERR,ERR,ERR,ERR,ERR,ERR,ERR,ERR,ERR,ERR,ERR,ERR,ERR,ERR,ERR,ERR,ERR,ERR,ERR,ERR,ERR,ERR,ERR,ERR,ERR,34.0,80.0,35,0.0,0.0,0.0,0.0,0.0,0.0,0.0,0.0,0.0,0.0,0.0,0.0,0.0,0.0,0.0,0.0,64.4,0,116,56,49,65476,0,300,0,0,8,20529,65476,0,0,57672,80.0,0.0,0.0,0.0,0.0,0.0
2026-06-17T04:57:20,ERR,ERR,ERR,ERR,ERR,ERR,ERR,ERR,ERR,ERR,ERR,ERR,ERR,ERR,ERR,ERR,ERR,ERR,ERR,ERR,ERR,ERR,ERR,ERR,ERR,ERR,ERR,ERR,ERR,ERR,ERR,ERR,ERR,ERR,ERR,ERR,ERR,ERR,ERR,ERR,ERR,ERR,ERR,ERR,ERR,ERR,ERR,ERR,ERR,ERR,ERR,ERR,ERR,ERR,ERR,ERR,ERR,ERR,ERR,ERR,ERR,ERR,ERR,ERR,ERR,ERR,ERR,ERR,ERR,ERR,ERR,ERR,ERR,ERR,ERR,ERR,ERR,ERR,ERR,ERR,ERR,ERR,ERR,ERR,ERR,ERR,ERR,ERR,ERR,ERR,ERR,ERR,ERR,ERR,ERR,ERR,ERR,ERR,ERR,ERR,ERR,ERR,ERR,ERR,ERR,ERR,ERR,ERR,ERR,ERR,ERR,ERR,ERR,ERR,ERR,ERR,ERR,ERR,ERR,ERR,ERR,ERR,ERR,ERR,ERR,0.0,-0.0,-0.0,0.0,0.0,1.3936040501711995e+18,7.805,0.0,0,0,4,0,7300,-0.0,0,0.0,0.0,0.0,0.0,0.0,0,0,0,0,0.0,0,0,0,0,0,0,0,0,0,0,0,0,0,0,0,0,0,0,0,0,0,0,0,0,0,0,0,0,0,0,0,0,0,32,30,30,62,65476,0,300,0,0,8,21553,0.0,-107605600.0,0.0,0.0,0.0,0.0,0.0,0.0,0.0,0.0,0.0,0.0,0.0,0.0,0.0,0.0,0.0,0.0,0.0,0.0,0.0,0.0,-0.0,-2.004,2.004,2.004,0.0,0.0,0.0,0.0,5517.0,1.040667361561035e+34,6927.0,0.0,-0.0,-0.0,0.0,0.0,0.0,0.0,0.0,63,-1.9056970896821453e+17,-71.63,0.0,0.0,0.0,0.0,0.0,0.0,0.0,0,0,0,0.0,0.0,0.0,0.0,0.0,0.0,0.0,0.0,0.0,0.0,0.0,0.0,0.0,0.0,0.0,0.0,0,-107875648.0,63,0.0,126,2.7184242562605685e+23,2.842318642297501e+23,ERR,ERR,ERR,ERR,ERR,ERR,ERR,ERR,ERR,ERR,ERR,ERR,ERR,ERR,ERR,ERR,ERR,ERR,ERR,ERR,ERR,ERR,ERR,ERR,ERR,ERR,ERR,ERR,ERR,ERR,ERR,ERR,ERR,ERR,ERR,ERR,ERR,ERR,ERR,ERR,ERR,ERR,ERR,ERR,ERR,ERR,ERR,ERR,ERR,ERR,ERR,ERR,ERR,ERR,ERR,ERR,ERR,ERR,ERR,ERR,ERR,ERR,ERR,ERR,ERR,ERR,ERR,34.0,80.0,35,0.0,0.0,0.0,0.0,0.0,0.0,0.0,0.0,0.0,0.0,0.0,0.0,0.0,0.0,0.0,0.0,64.4,0,116,56,49,65476,0,300,0,0,8,20529,65476,0,0,57672,80.0,0.0,0.0,0.0,0.0,0.0
2026-06-17T04:57:21,ERR,ERR,ERR,ERR,ERR,ERR,ERR,ERR,ERR,ERR,ERR,ERR,ERR,ERR,ERR,ERR,ERR,ERR,ERR,ERR,ERR,ERR,ERR,ERR,ERR,ERR,ERR,ERR,ERR,ERR,ERR,ERR,ERR,ERR,ERR,ERR,ERR,ERR,ERR,ERR,ERR,ERR,ERR,ERR,ERR,ERR,ERR,ERR,ERR,ERR,ERR,ERR,ERR,ERR,ERR,ERR,ERR,ERR,ERR,ERR,ERR,ERR,ERR,ERR,ERR,ERR,ERR,ERR,ERR,ERR,ERR,ERR,ERR,ERR,ERR,ERR,ERR,ERR,ERR,ERR,ERR,ERR,ERR,ERR,ERR,ERR,ERR,ERR,ERR,ERR,ERR,ERR,ERR,ERR,ERR,ERR,ERR,ERR,ERR,ERR,ERR,ERR,ERR,ERR,ERR,ERR,ERR,ERR,ERR,ERR,ERR,ERR,ERR,ERR,ERR,ERR,ERR,ERR,ERR,ERR,ERR,ERR,ERR,ERR,ERR,0.0,-0.0,-0.0,0.0,0.0,1.3936040501711995e+18,7.805,0.0,0,0,4,0,7300,-0.0,0,0.0,0.0,0.0,0.0,0.0,0,0,0,0,0.0,0,0,0,0,0,0,0,0,0,0,0,0,0,0,0,0,0,0,0,0,0,0,0,0,0,0,0,0,0,0,0,0,0,32,30,30,62,65476,0,300,0,0,8,21553,0.0,-107605600.0,0.0,0.0,0.0,0.0,0.0,0.0,0.0,0.0,0.0,0.0,0.0,0.0,0.0,0.0,0.0,0.0,0.0,0.0,0.0,0.0,-0.0,-2.004,2.004,2.004,0.0,0.0,0.0,0.0,5517.0,1.040667361561035e+34,6927.0,0.0,-0.0,-0.0,0.0,0.0,0.0,0.0,0.0,63,-1.9056970896821453e+17,-71.63,0.0,0.0,0.0,0.0,0.0,0.0,0.0,0,0,0,0.0,0.0,0.0,0.0,0.0,0.0,0.0,0.0,0.0,0.0,0.0,0.0,0.0,0.0,0.0,0.0,0,-107875648.0,63,0.0,126,2.7184242562605685e+23,2.842318642297501e+23,ERR,ERR,ERR,ERR,ERR,ERR,ERR,ERR,ERR,ERR,ERR,ERR,ERR,ERR,ERR,ERR,ERR,ERR,ERR,ERR,ERR,ERR,ERR,ERR,ERR,ERR,ERR,ERR,ERR,ERR,ERR,ERR,ERR,ERR,ERR,ERR,ERR,ERR,ERR,ERR,ERR,ERR,ERR,ERR,ERR,ERR,ERR,ERR,ERR,ERR,ERR,ERR,ERR,ERR,ERR,ERR,ERR,ERR,ERR,ERR,ERR,ERR,ERR,ERR,ERR,ERR,ERR,34.0,80.0,35,0.0,0.0,0.0,0.0,0.0,0.0,0.0,0.0,0.0,0.0,0.0,0.0,0.0,0.0,0.0,0.0,64.4,0,116,56,49,65476,0,300,0,0,8,20529,65476,0,0,57672,80.0,0.0,0.0,0.0,0.0,0.0
2026-06-17T04:57:22,ERR,ERR,ERR,ERR,ERR,ERR,ERR,ERR,ERR,ERR,ERR,ERR,ERR,ERR,ERR,ERR,ERR,ERR,ERR,ERR,ERR,ERR,ERR,ERR,ERR,ERR,ERR,ERR,ERR,ERR,ERR,ERR,ERR,ERR,ERR,ERR,ERR,ERR,ERR,ERR,ERR,ERR,ERR,ERR,ERR,ERR,ERR,ERR,ERR,ERR,ERR,ERR,ERR,ERR,ERR,ERR,ERR,ERR,ERR,ERR,ERR,ERR,ERR,ERR,ERR,ERR,ERR,ERR,ERR,ERR,ERR,ERR,ERR,ERR,ERR,ERR,ERR,ERR,ERR,ERR,ERR,ERR,ERR,ERR,ERR,ERR,ERR,ERR,ERR,ERR,ERR,ERR,ERR,ERR,ERR,ERR,ERR,ERR,ERR,ERR,ERR,ERR,ERR,ERR,ERR,ERR,ERR,ERR,ERR,ERR,ERR,ERR,ERR,ERR,ERR,ERR,ERR,ERR,ERR,ERR,ERR,ERR,ERR,ERR,ERR,0.0,-0.0,3.028208139652935e+23,0.0,0.0,1.3936040501711995e+18,7.805,0.0,0,0,4,0,7300,-0.0,0,0.0,0.0,0.0,0.0,0.0,0,0,0,0,0.0,0,0,0,0,0,0,0,0,0,0,0,0,0,0,0,0,0,0,0,0,0,0,0,0,0,0,0,0,0,0,0,0,0,32,30,30,62,65476,0,300,0,0,8,21553,0.0,-107605600.0,0.0,0.0,0.0,0.0,0.0,0.0,0.0,0.0,0.0,0.0,0.0,0.0,0.0,0.0,0.0,0.0,0.0,0.0,0.0,0.0,2.004,-0.0,2.004,0.0,0.0,0.0,0.0,0.0,5516.0,-0.0,6931.0,0.0,-0.0,-0.0,0.0,0.0,0.0,0.0,0.0,63,-152018370953216.0,-3.222010145941397e+26,0.0,0.0,0.0,0.0,0.0,0.0,0.0,0,0,0,0.0,0.0,0.0,0.0,0.0,0.0,0.0,0.0,0.0,0.0,0.0,0.0,0.0,0.0,0.0,0.0,0,-107875648.0,63,0.0,126,2.7184242562605685e+23,2.842318642297501e+23,ERR,ERR,ERR,ERR,ERR,ERR,ERR,ERR,ERR,ERR,ERR,ERR,ERR,ERR,ERR,ERR,ERR,ERR,ERR,ERR,ERR,ERR,ERR,ERR,ERR,ERR,ERR,ERR,ERR,ERR,ERR,ERR,ERR,ERR,ERR,ERR,ERR,ERR,ERR,ERR,ERR,ERR,ERR,ERR,ERR,ERR,ERR,ERR,ERR,ERR,ERR,ERR,ERR,ERR,ERR,ERR,ERR,ERR,ERR,ERR,ERR,ERR,ERR,ERR,ERR,ERR,ERR,34.0,80.0,35,0.0,0.0,0.0,0.0,0.0,0.0,0.0,0.0,0.0,0.0,0.0,0.0,0.0,0.0,0.0,0.0,64.4,0,116,56,49,65476,0,300,0,0,8,20529,65476,0,0,57672,80.0,0.0,0.0,0.0,0.0,0.0
2026-06-17T04:57:23,ERR,ERR,ERR,ERR,ERR,ERR,ERR,ERR,ERR,ERR,ERR,ERR,ERR,ERR,ERR,ERR,ERR,ERR,ERR,ERR,ERR,ERR,ERR,ERR,ERR,ERR,ERR,ERR,ERR,ERR,ERR,ERR,ERR,ERR,ERR,ERR,ERR,ERR,ERR,ERR,ERR,ERR,ERR,ERR,ERR,ERR,ERR,ERR,ERR,ERR,ERR,ERR,ERR,ERR,ERR,ERR,ERR,ERR,ERR,ERR,ERR,ERR,ERR,ERR,ERR,ERR,ERR,ERR,ERR,ERR,ERR,ERR,ERR,ERR,ERR,ERR,ERR,ERR,ERR,ERR,ERR,ERR,ERR,ERR,ERR,ERR,ERR,ERR,ERR,ERR,ERR,ERR,ERR,ERR,ERR,ERR,ERR,ERR,ERR,ERR,ERR,ERR,ERR,ERR,ERR,ERR,ERR,ERR,ERR,ERR,ERR,ERR,ERR,ERR,ERR,ERR,ERR,ERR,ERR,ERR,ERR,ERR,ERR,ERR,ERR,0.0,-0.0,3.028208139652935e+23,0.0,0.0,1.3936040501711995e+18,7.805,0.0,0,0,4,0,7300,-0.0,0,0.0,0.0,0.0,0.0,0.0,0,0,0,0,0.0,0,0,0,0,0,0,0,0,0,0,0,0,0,0,0,0,0,0,0,0,0,0,0,0,0,0,0,0,0,0,0,0,0,32,30,30,62,65476,0,300,0,0,8,21553,0.0,-107605600.0,0.0,0.0,0.0,0.0,0.0,0.0,0.0,0.0,0.0,0.0,0.0,0.0,0.0,0.0,0.0,0.0,0.0,0.0,0.0,0.0,2.004,-0.0,2.004,0.0,0.0,0.0,0.0,0.0,5516.0,-0.0,6931.0,0.0,-0.0,-0.0,0.0,0.0,0.0,0.0,0.0,63,-152018370953216.0,-3.222010145941397e+26,0.0,0.0,0.0,0.0,0.0,0.0,0.0,0,0,0,0.0,0.0,0.0,0.0,0.0,0.0,0.0,0.0,0.0,0.0,0.0,0.0,0.0,0.0,0.0,0.0,0,-107875648.0,63,0.0,126,2.7184242562605685e+23,2.842318642297501e+23,ERR,ERR,ERR,ERR,ERR,ERR,ERR,ERR,ERR,ERR,ERR,ERR,ERR,ERR,ERR,ERR,ERR,ERR,ERR,ERR,ERR,ERR,ERR,ERR,ERR,ERR,ERR,ERR,ERR,ERR,ERR,ERR,ERR,ERR,ERR,ERR,ERR,ERR,ERR,ERR,ERR,ERR,ERR,ERR,ERR,ERR,ERR,ERR,ERR,ERR,ERR,ERR,ERR,ERR,ERR,ERR,ERR,ERR,ERR,ERR,ERR,ERR,ERR,ERR,ERR,ERR,ERR,34.0,80.0,35,0.0,0.0,0.0,0.0,0.0,0.0,0.0,0.0,0.0,0.0,0.0,0.0,0.0,0.0,0.0,0.0,64.8,0,116,56,49,65476,0,300,0,0,8,20529,65476,0,0,57672,80.0,0.0,0.0,0.0,0.0,0.0
2026-06-17T04:57:24,ERR,ERR,ERR,ERR,ERR,ERR,ERR,ERR,ERR,ERR,ERR,ERR,ERR,ERR,ERR,ERR,ERR,ERR,ERR,ERR,ERR,ERR,ERR,ERR,ERR,ERR,ERR,ERR,ERR,ERR,ERR,ERR,ERR,ERR,ERR,ERR,ERR,ERR,ERR,ERR,ERR,ERR,ERR,ERR,ERR,ERR,ERR,ERR,ERR,ERR,ERR,ERR,ERR,ERR,ERR,ERR,ERR,ERR,ERR,ERR,ERR,ERR,ERR,ERR,ERR,ERR,ERR,ERR,ERR,ERR,ERR,ERR,ERR,ERR,ERR,ERR,ERR,ERR,ERR,ERR,ERR,ERR,ERR,ERR,ERR,ERR,ERR,ERR,ERR,ERR,ERR,ERR,ERR,ERR,ERR,ERR,ERR,ERR,ERR,ERR,ERR,ERR,ERR,ERR,ERR,ERR,ERR,ERR,ERR,ERR,ERR,ERR,ERR,ERR,ERR,ERR,ERR,ERR,ERR,ERR,ERR,ERR,ERR,ERR,ERR,0.0,-0.0,3.028208139652935e+23,0.0,0.0,1.3936040501711995e+18,7.805,0.0,0,0,4,0,7300,-0.0,0,0.0,0.0,0.0,0.0,0.0,0,0,0,0,0.0,0,0,0,0,0,0,0,0,0,0,0,0,0,0,0,0,0,0,0,0,0,0,0,0,0,0,0,0,0,0,0,0,0,32,30,30,62,65476,0,300,0,0,8,21553,0.0,-107605600.0,0.0,0.0,0.0,0.0,0.0,0.0,0.0,0.0,0.0,0.0,0.0,0.0,0.0,0.0,0.0,0.0,0.0,0.0,0.0,0.0,2.004,-0.0,2.004,0.0,0.0,0.0,0.0,0.0,5516.0,-0.0,6931.0,0.0,-0.0,-0.0,0.0,0.0,0.0,0.0,0.0,63,-152018370953216.0,-3.222010145941397e+26,0.0,0.0,0.0,0.0,0.0,0.0,0.0,0,0,0,0.0,0.0,0.0,0.0,0.0,0.0,0.0,0.0,0.0,0.0,0.0,0.0,0.0,0.0,0.0,0.0,0,-107875648.0,63,0.0,126,2.7184242562605685e+23,2.842318642297501e+23,ERR,ERR,ERR,ERR,ERR,ERR,ERR,ERR,ERR,ERR,ERR,ERR,ERR,ERR,ERR,ERR,ERR,ERR,ERR,ERR,ERR,ERR,ERR,ERR,ERR,ERR,ERR,ERR,ERR,ERR,ERR,ERR,ERR,ERR,ERR,ERR,ERR,ERR,ERR,ERR,ERR,ERR,ERR,ERR,ERR,ERR,ERR,ERR,ERR,ERR,ERR,ERR,ERR,ERR,ERR,ERR,ERR,ERR,ERR,ERR,ERR,ERR,ERR,ERR,ERR,ERR,ERR,34.0,80.0,35,0.0,0.0,0.0,0.0,0.0,0.0,0.0,0.0,0.0,0.0,0.0,0.0,0.0,0.0,0.0,0.0,64.8,0,116,56,49,65476,0,300,0,0,8,20529,65476,0,0,57672,80.0,0.0,0.0,0.0,0.0,0.0
2026-06-17T04:57:25,ERR,ERR,ERR,ERR,ERR,ERR,ERR,ERR,ERR,ERR,ERR,ERR,ERR,ERR,ERR,ERR,ERR,ERR,ERR,ERR,ERR,ERR,ERR,ERR,ERR,ERR,ERR,ERR,ERR,ERR,ERR,ERR,ERR,ERR,ERR,ERR,ERR,ERR,ERR,ERR,ERR,ERR,ERR,ERR,ERR,ERR,ERR,ERR,ERR,ERR,ERR,ERR,ERR,ERR,ERR,ERR,ERR,ERR,ERR,ERR,ERR,ERR,ERR,ERR,ERR,ERR,ERR,ERR,ERR,ERR,ERR,ERR,ERR,ERR,ERR,ERR,ERR,ERR,ERR,ERR,ERR,ERR,ERR,ERR,ERR,ERR,ERR,ERR,ERR,ERR,ERR,ERR,ERR,ERR,ERR,ERR,ERR,ERR,ERR,ERR,ERR,ERR,ERR,ERR,ERR,ERR,ERR,ERR,ERR,ERR,ERR,ERR,ERR,ERR,ERR,ERR,ERR,ERR,ERR,ERR,ERR,ERR,ERR,ERR,ERR,0.0,-0.0,3.028208139652935e+23,0.0,0.0,1.3936040501711995e+18,7.805,0.0,0,0,4,0,7300,-0.0,0,0.0,0.0,0.0,0.0,0.0,0,0,0,0,0.0,0,0,0,0,0,0,0,0,0,0,0,0,0,0,0,0,0,0,0,0,0,0,0,0,0,0,0,0,0,0,0,0,0,32,30,30,62,65476,0,300,0,0,8,21553,0.0,-107605600.0,0.0,0.0,0.0,0.0,0.0,0.0,0.0,0.0,0.0,0.0,0.0,0.0,0.0,0.0,0.0,0.0,0.0,0.0,0.0,0.0,2.004,-0.0,2.004,0.0,0.0,0.0,0.0,0.0,5516.0,-0.0,6931.0,0.0,-0.0,-0.0,0.0,0.0,0.0,0.0,0.0,63,-152018370953216.0,-3.222010145941397e+26,0.0,0.0,0.0,0.0,0.0,0.0,0.0,0,0,0,0.0,0.0,0.0,0.0,0.0,0.0,0.0,0.0,0.0,0.0,0.0,0.0,0.0,0.0,0.0,0.0,0,-107875648.0,63,0.0,126,2.7184242562605685e+23,2.842318642297501e+23,ERR,ERR,ERR,ERR,ERR,ERR,ERR,ERR,ERR,ERR,ERR,ERR,ERR,ERR,ERR,ERR,ERR,ERR,ERR,ERR,ERR,ERR,ERR,ERR,ERR,ERR,ERR,ERR,ERR,ERR,ERR,ERR,ERR,ERR,ERR,ERR,ERR,ERR,ERR,ERR,ERR,ERR,ERR,ERR,ERR,ERR,ERR,ERR,ERR,ERR,ERR,ERR,ERR,ERR,ERR,ERR,ERR,ERR,ERR,ERR,ERR,ERR,ERR,ERR,ERR,ERR,ERR,34.0,80.0,35,0.0,0.0,0.0,0.0,0.0,0.0,0.0,0.0,0.0,0.0,0.0,0.0,0.0,0.0,0.0,0.0,64.8,0,116,56,49,65476,0,300,0,0,8,20529,65476,0,0,57672,80.0,0.0,0.0,0.0,0.0,0.0
2026-06-17T04:57:26,ERR,ERR,ERR,ERR,ERR,ERR,ERR,ERR,ERR,ERR,ERR,ERR,ERR,ERR,ERR,ERR,ERR,ERR,ERR,ERR,ERR,ERR,ERR,ERR,ERR,ERR,ERR,ERR,ERR,ERR,ERR,ERR,ERR,ERR,ERR,ERR,ERR,ERR,ERR,ERR,ERR,ERR,ERR,ERR,ERR,ERR,ERR,ERR,ERR,ERR,ERR,ERR,ERR,ERR,ERR,ERR,ERR,ERR,ERR,ERR,ERR,ERR,ERR,ERR,ERR,ERR,ERR,ERR,ERR,ERR,ERR,ERR,ERR,ERR,ERR,ERR,ERR,ERR,ERR,ERR,ERR,ERR,ERR,ERR,ERR,ERR,ERR,ERR,ERR,ERR,ERR,ERR,ERR,ERR,ERR,ERR,ERR,ERR,ERR,ERR,ERR,ERR,ERR,ERR,ERR,ERR,ERR,ERR,ERR,ERR,ERR,ERR,ERR,ERR,ERR,ERR,ERR,ERR,ERR,ERR,ERR,ERR,ERR,ERR,ERR,0.0,-0.0,3.028208139652935e+23,0.0,0.0,1.3936040501711995e+18,7.805,0.0,0,0,4,0,7300,-0.0,0,0.0,0.0,0.0,0.0,0.0,0,0,0,0,0.0,0,0,0,0,0,0,0,0,0,0,0,0,0,0,0,0,0,0,0,0,0,0,0,0,0,0,0,0,0,0,0,0,0,32,30,30,62,65476,0,300,0,0,8,21553,0.0,-107605600.0,0.0,0.0,0.0,0.0,0.0,0.0,0.0,0.0,0.0,0.0,0.0,0.0,0.0,0.0,0.0,0.0,0.0,0.0,0.0,0.0,2.004,-0.0,2.004,0.0,0.0,0.0,0.0,0.0,5516.0,-0.0,6931.0,0.0,-0.0,-0.0,0.0,0.0,0.0,0.0,0.0,63,-152018370953216.0,-3.222010145941397e+26,0.0,0.0,0.0,0.0,0.0,0.0,0.0,0,0,0,0.0,0.0,0.0,0.0,0.0,0.0,0.0,0.0,0.0,0.0,0.0,0.0,0.0,0.0,0.0,0.0,0,-107875648.0,63,0.0,126,2.7184242562605685e+23,2.842318642297501e+23,ERR,ERR,ERR,ERR,ERR,ERR,ERR,ERR,ERR,ERR,ERR,ERR,ERR,ERR,ERR,ERR,ERR,ERR,ERR,ERR,ERR,ERR,ERR,ERR,ERR,ERR,ERR,ERR,ERR,ERR,ERR,ERR,ERR,ERR,ERR,ERR,ERR,ERR,ERR,ERR,ERR,ERR,ERR,ERR,ERR,ERR,ERR,ERR,ERR,ERR,ERR,ERR,ERR,ERR,ERR,ERR,ERR,ERR,ERR,ERR,ERR,ERR,ERR,ERR,ERR,ERR,ERR,34.0,80.0,35,0.0,0.0,0.0,0.0,0.0,0.0,0.0,0.0,0.0,0.0,0.0,0.0,0.0,0.0,0.0,0.0,64.8,0,116,56,49,65476,0,300,0,0,8,20529,65476,0,0,57672,80.0,0.0,0.0,0.0,0.0,0.0
2026-06-17T04:57:27,ERR,ERR,ERR,ERR,ERR,ERR,ERR,ERR,ERR,ERR,ERR,ERR,ERR,ERR,ERR,ERR,ERR,ERR,ERR,ERR,ERR,ERR,ERR,ERR,ERR,ERR,ERR,ERR,ERR,ERR,ERR,ERR,ERR,ERR,ERR,ERR,ERR,ERR,ERR,ERR,ERR,ERR,ERR,ERR,ERR,ERR,ERR,ERR,ERR,ERR,ERR,ERR,ERR,ERR,ERR,ERR,ERR,ERR,ERR,ERR,ERR,ERR,ERR,ERR,ERR,ERR,ERR,ERR,ERR,ERR,ERR,ERR,ERR,ERR,ERR,ERR,ERR,ERR,ERR,ERR,ERR,ERR,ERR,ERR,ERR,ERR,ERR,ERR,ERR,ERR,ERR,ERR,ERR,ERR,ERR,ERR,ERR,ERR,ERR,ERR,ERR,ERR,ERR,ERR,ERR,ERR,ERR,ERR,ERR,ERR,ERR,ERR,ERR,ERR,ERR,ERR,ERR,ERR,ERR,ERR,ERR,ERR,ERR,ERR,ERR,0.0,-0.0,3.028208139652935e+23,0.0,0.0,1.3936040501711995e+18,7.805,0.0,0,0,4,0,7300,-0.0,0,0.0,0.0,0.0,0.0,0.0,0,0,0,0,0.0,0,0,0,0,0,0,0,0,0,0,0,0,0,0,0,0,0,0,0,0,0,0,0,0,0,0,0,0,0,0,0,0,0,32,30,30,62,65476,0,300,0,0,8,21553,0.0,-107605600.0,0.0,0.0,0.0,0.0,0.0,0.0,0.0,0.0,0.0,0.0,0.0,0.0,0.0,0.0,0.0,0.0,0.0,0.0,0.0,0.0,2.004,-2.004,2.004,0.0,0.0,0.0,0.0,0.0,5516.0,-0.0,6932.0,0.0,-0.0,-0.0,0.0,0.0,0.0,0.0,0.0,63,-152018370953216.0,-4.950409255073651e+32,0.0,0.0,0.0,0.0,0.0,0.0,0.0,0,0,0,0.0,0.0,0.0,0.0,0.0,0.0,0.0,0.0,0.0,0.0,0.0,0.0,0.0,0.0,0.0,0.0,0,-107875648.0,63,0.0,126,2.7184242562605685e+23,2.842318642297501e+23,ERR,ERR,ERR,ERR,ERR,ERR,ERR,ERR,ERR,ERR,ERR,ERR,ERR,ERR,ERR,ERR,ERR,ERR,ERR,ERR,ERR,ERR,ERR,ERR,ERR,ERR,ERR,ERR,ERR,ERR,ERR,ERR,ERR,ERR,ERR,ERR,ERR,ERR,ERR,ERR,ERR,ERR,ERR,ERR,ERR,ERR,ERR,ERR,ERR,ERR,ERR,ERR,ERR,ERR,ERR,ERR,ERR,ERR,ERR,ERR,ERR,ERR,ERR,ERR,ERR,ERR,ERR,34.0,80.0,35,0.0,0.0,0.0,0.0,0.0,0.0,0.0,0.0,0.0,0.0,0.0,0.0,0.0,0.0,0.0,0.0,64.8,0,116,56,49,65476,0,300,0,0,8,20529,65476,0,0,57672,80.0,0.0,0.0,0.0,0.0,0.0
2026-06-17T04:57:28,ERR,ERR,ERR,ERR,ERR,ERR,ERR,ERR,ERR,ERR,ERR,ERR,ERR,ERR,ERR,ERR,ERR,ERR,ERR,ERR,ERR,ERR,ERR,ERR,ERR,ERR,ERR,ERR,ERR,ERR,ERR,ERR,ERR,ERR,ERR,ERR,ERR,ERR,ERR,ERR,ERR,ERR,ERR,ERR,ERR,ERR,ERR,ERR,ERR,ERR,ERR,ERR,ERR,ERR,ERR,ERR,ERR,ERR,ERR,ERR,ERR,ERR,ERR,ERR,ERR,ERR,ERR,ERR,ERR,ERR,ERR,ERR,ERR,ERR,ERR,ERR,ERR,ERR,ERR,ERR,ERR,ERR,ERR,ERR,ERR,ERR,ERR,ERR,ERR,ERR,ERR,ERR,ERR,ERR,ERR,ERR,ERR,ERR,ERR,ERR,ERR,ERR,ERR,ERR,ERR,ERR,ERR,ERR,ERR,ERR,ERR,ERR,ERR,ERR,ERR,ERR,ERR,ERR,ERR,ERR,ERR,ERR,ERR,ERR,ERR,0.0,-0.0,3.028208139652935e+23,0.0,0.0,1.3936040501711995e+18,7.805,0.0,0,0,4,0,7300,-0.0,0,0.0,0.0,0.0,0.0,0.0,0,0,0,0,0.0,0,0,0,0,0,0,0,0,0,0,0,0,0,0,0,0,0,0,0,0,0,0,0,0,0,0,0,0,0,0,0,0,0,32,30,30,62,65476,0,300,0,0,8,21553,0.0,-107605600.0,0.0,0.0,0.0,0.0,0.0,0.0,0.0,0.0,0.0,0.0,0.0,0.0,0.0,0.0,0.0,0.0,0.0,0.0,0.0,0.0,2.004,-2.004,2.004,0.0,0.0,0.0,0.0,0.0,5516.0,-0.0,6932.0,0.0,-0.0,-0.0,0.0,0.0,0.0,0.0,0.0,63,-152018370953216.0,-4.950409255073651e+32,0.0,0.0,0.0,0.0,0.0,0.0,0.0,0,0,0,0.0,0.0,0.0,0.0,0.0,0.0,0.0,0.0,0.0,0.0,0.0,0.0,0.0,0.0,0.0,0.0,0,-107875648.0,63,0.0,126,2.7184242562605685e+23,2.842318642297501e+23,ERR,ERR,ERR,ERR,ERR,ERR,ERR,ERR,ERR,ERR,ERR,ERR,ERR,ERR,ERR,ERR,ERR,ERR,ERR,ERR,ERR,ERR,ERR,ERR,ERR,ERR,ERR,ERR,ERR,ERR,ERR,ERR,ERR,ERR,ERR,ERR,ERR,ERR,ERR,ERR,ERR,ERR,ERR,ERR,ERR,ERR,ERR,ERR,ERR,ERR,ERR,ERR,ERR,ERR,ERR,ERR,ERR,ERR,ERR,ERR,ERR,ERR,ERR,ERR,ERR,ERR,ERR,34.0,80.0,35,0.0,0.0,0.0,0.0,0.0,0.0,0.0,0.0,0.0,0.0,0.0,0.0,0.0,0.0,0.0,0.0,64.8,0,116,56,49,65476,0,300,0,0,8,20529,65476,0,0,57672,80.0,0.0,0.0,0.0,0.0,0.0
2026-06-17T04:57:29,ERR,ERR,ERR,ERR,ERR,ERR,ERR,ERR,ERR,ERR,ERR,ERR,ERR,ERR,ERR,ERR,ERR,ERR,ERR,ERR,ERR,ERR,ERR,ERR,ERR,ERR,ERR,ERR,ERR,ERR,ERR,ERR,ERR,ERR,ERR,ERR,ERR,ERR,ERR,ERR,ERR,ERR,ERR,ERR,ERR,ERR,ERR,ERR,ERR,ERR,ERR,ERR,ERR,ERR,ERR,ERR,ERR,ERR,ERR,ERR,ERR,ERR,ERR,ERR,ERR,ERR,ERR,ERR,ERR,ERR,ERR,ERR,ERR,ERR,ERR,ERR,ERR,ERR,ERR,ERR,ERR,ERR,ERR,ERR,ERR,ERR,ERR,ERR,ERR,ERR,ERR,ERR,ERR,ERR,ERR,ERR,ERR,ERR,ERR,ERR,ERR,ERR,ERR,ERR,ERR,ERR,ERR,ERR,ERR,ERR,ERR,ERR,ERR,ERR,ERR,ERR,ERR,ERR,ERR,ERR,ERR,ERR,ERR,ERR,ERR,0.0,-0.0,3.028208139652935e+23,0.0,0.0,1.3936040501711995e+18,7.805,0.0,0,0,4,0,7300,-0.0,0,0.0,0.0,0.0,0.0,0.0,0,0,0,0,0.0,0,0,0,0,0,0,0,0,0,0,0,0,0,0,0,0,0,0,0,0,0,0,0,0,0,0,0,0,0,0,0,0,0,32,30,30,62,65476,0,300,0,0,8,21553,0.0,-107605600.0,0.0,0.0,0.0,0.0,0.0,0.0,0.0,0.0,0.0,0.0,0.0,0.0,0.0,0.0,0.0,0.0,0.0,0.0,0.0,0.0,2.004,-2.004,2.004,0.0,0.0,0.0,0.0,0.0,5516.0,-0.0,6932.0,0.0,-0.0,-0.0,0.0,0.0,0.0,0.0,0.0,63,-152018370953216.0,-4.950409255073651e+32,0.0,0.0,0.0,0.0,0.0,0.0,0.0,0,0,0,0.0,0.0,0.0,0.0,0.0,0.0,0.0,0.0,0.0,0.0,0.0,0.0,0.0,0.0,0.0,0.0,0,-107875648.0,63,0.0,126,2.7184242562605685e+23,2.842318642297501e+23,ERR,ERR,ERR,ERR,ERR,ERR,ERR,ERR,ERR,ERR,ERR,ERR,ERR,ERR,ERR,ERR,ERR,ERR,ERR,ERR,ERR,ERR,ERR,ERR,ERR,ERR,ERR,ERR,ERR,ERR,ERR,ERR,ERR,ERR,ERR,ERR,ERR,ERR,ERR,ERR,ERR,ERR,ERR,ERR,ERR,ERR,ERR,ERR,ERR,ERR,ERR,ERR,ERR,ERR,ERR,ERR,ERR,ERR,ERR,ERR,ERR,ERR,ERR,ERR,ERR,ERR,ERR,34.0,80.0,35,0.0,0.0,0.0,0.0,0.0,0.0,0.0,0.0,0.0,0.0,0.0,0.0,0.0,0.0,0.0,0.0,64.4,0,116,56,49,65476,0,300,0,0,8,20529,65476,0,0,57672,80.0,0.0,0.0,0.0,0.0,0.0
2026-06-17T04:57:30,ERR,ERR,ERR,ERR,ERR,ERR,ERR,ERR,ERR,ERR,ERR,ERR,ERR,ERR,ERR,ERR,ERR,ERR,ERR,ERR,ERR,ERR,ERR,ERR,ERR,ERR,ERR,ERR,ERR,ERR,ERR,ERR,ERR,ERR,ERR,ERR,ERR,ERR,ERR,ERR,ERR,ERR,ERR,ERR,ERR,ERR,ERR,ERR,ERR,ERR,ERR,ERR,ERR,ERR,ERR,ERR,ERR,ERR,ERR,ERR,ERR,ERR,ERR,ERR,ERR,ERR,ERR,ERR,ERR,ERR,ERR,ERR,ERR,ERR,ERR,ERR,ERR,ERR,ERR,ERR,ERR,ERR,ERR,ERR,ERR,ERR,ERR,ERR,ERR,ERR,ERR,ERR,ERR,ERR,ERR,ERR,ERR,ERR,ERR,ERR,ERR,ERR,ERR,ERR,ERR,ERR,ERR,ERR,ERR,ERR,ERR,ERR,ERR,ERR,ERR,ERR,ERR,ERR,ERR,ERR,ERR,ERR,ERR,ERR,ERR,0.0,-0.0,3.028208139652935e+23,0.0,0.0,1.3936040501711995e+18,7.805,0.0,0,0,4,0,7300,-0.0,0,0.0,0.0,0.0,0.0,0.0,0,0,0,0,0.0,0,0,0,0,0,0,0,0,0,0,0,0,0,0,0,0,0,0,0,0,0,0,0,0,0,0,0,0,0,0,0,0,0,32,30,30,62,65476,0,300,0,0,8,21553,0.0,-107605600.0,0.0,0.0,0.0,0.0,0.0,0.0,0.0,0.0,0.0,0.0,0.0,0.0,0.0,0.0,0.0,0.0,0.0,0.0,0.0,0.0,2.004,-2.004,2.004,0.0,0.0,0.0,0.0,0.0,5516.0,-0.0,6932.0,0.0,-0.0,-0.0,0.0,0.0,0.0,0.0,0.0,63,-152018370953216.0,-4.950409255073651e+32,0.0,0.0,0.0,0.0,0.0,0.0,0.0,0,0,0,0.0,0.0,0.0,0.0,0.0,0.0,0.0,0.0,0.0,0.0,0.0,0.0,0.0,0.0,0.0,0.0,0,-107875648.0,63,0.0,126,2.7184242562605685e+23,2.842318642297501e+23,ERR,ERR,ERR,ERR,ERR,ERR,ERR,ERR,ERR,ERR,ERR,ERR,ERR,ERR,ERR,ERR,ERR,ERR,ERR,ERR,ERR,ERR,ERR,ERR,ERR,ERR,ERR,ERR,ERR,ERR,ERR,ERR,ERR,ERR,ERR,ERR,ERR,ERR,ERR,ERR,ERR,ERR,ERR,ERR,ERR,ERR,ERR,ERR,ERR,ERR,ERR,ERR,ERR,ERR,ERR,ERR,ERR,ERR,ERR,ERR,ERR,ERR,ERR,ERR,ERR,ERR,ERR,34.0,80.0,35,0.0,0.0,0.0,0.0,0.0,0.0,0.0,0.0,0.0,0.0,0.0,0.0,0.0,0.0,0.0,0.0,64.4,0,116,56,49,65476,0,300,0,0,8,20529,65476,0,0,57672,80.0,0.0,0.0,0.0,0.0,0.0
2026-06-17T04:57:31,ERR,ERR,ERR,ERR,ERR,ERR,ERR,ERR,ERR,ERR,ERR,ERR,ERR,ERR,ERR,ERR,ERR,ERR,ERR,ERR,ERR,ERR,ERR,ERR,ERR,ERR,ERR,ERR,ERR,ERR,ERR,ERR,ERR,ERR,ERR,ERR,ERR,ERR,ERR,ERR,ERR,ERR,ERR,ERR,ERR,ERR,ERR,ERR,ERR,ERR,ERR,ERR,ERR,ERR,ERR,ERR,ERR,ERR,ERR,ERR,ERR,ERR,ERR,ERR,ERR,ERR,ERR,ERR,ERR,ERR,ERR,ERR,ERR,ERR,ERR,ERR,ERR,ERR,ERR,ERR,ERR,ERR,ERR,ERR,ERR,ERR,ERR,ERR,ERR,ERR,ERR,ERR,ERR,ERR,ERR,ERR,ERR,ERR,ERR,ERR,ERR,ERR,ERR,ERR,ERR,ERR,ERR,ERR,ERR,ERR,ERR,ERR,ERR,ERR,ERR,ERR,ERR,ERR,ERR,ERR,ERR,ERR,ERR,ERR,ERR,0.0,-0.0,3.028208139652935e+23,0.0,0.0,1.3936040501711995e+18,7.805,0.0,0,0,4,0,7300,-0.0,0,0.0,0.0,0.0,0.0,0.0,0,0,0,0,0.0,0,0,0,0,0,0,0,0,0,0,0,0,0,0,0,0,0,0,0,0,0,0,0,0,0,0,0,0,0,0,0,0,0,32,30,30,62,65476,0,300,0,0,8,21553,0.0,-107605600.0,0.0,0.0,0.0,0.0,0.0,0.0,0.0,0.0,0.0,0.0,0.0,0.0,0.0,0.0,0.0,0.0,0.0,0.0,0.0,0.0,2.004,-2.004,2.004,0.0,0.0,0.0,0.0,0.0,5516.0,-0.0,6932.0,0.0,-0.0,-0.0,0.0,0.0,0.0,0.0,0.0,63,-152018370953216.0,-4.950409255073651e+32,0.0,0.0,0.0,0.0,0.0,0.0,0.0,0,0,0,0.0,0.0,0.0,0.0,0.0,0.0,0.0,0.0,0.0,0.0,0.0,0.0,0.0,0.0,0.0,0.0,0,-107875648.0,63,0.0,126,2.7184242562605685e+23,2.842318642297501e+23,ERR,ERR,ERR,ERR,ERR,ERR,ERR,ERR,ERR,ERR,ERR,ERR,ERR,ERR,ERR,ERR,ERR,ERR,ERR,ERR,ERR,ERR,ERR,ERR,ERR,ERR,ERR,ERR,ERR,ERR,ERR,ERR,ERR,ERR,ERR,ERR,ERR,ERR,ERR,ERR,ERR,ERR,ERR,ERR,ERR,ERR,ERR,ERR,ERR,ERR,ERR,ERR,ERR,ERR,ERR,ERR,ERR,ERR,ERR,ERR,ERR,ERR,ERR,ERR,ERR,ERR,ERR,34.0,80.0,35,0.0,0.0,0.0,0.0,0.0,0.0,0.0,0.0,0.0,0.0,0.0,0.0,0.0,0.0,0.0,0.0,64.4,0,116,56,49,65476,0,300,0,0,8,20529,65476,0,0,57672,80.0,0.0,0.0,0.0,0.0,0.0
2026-06-17T04:57:32,ERR,ERR,ERR,ERR,ERR,ERR,ERR,ERR,ERR,ERR,ERR,ERR,ERR,ERR,ERR,ERR,ERR,ERR,ERR,ERR,ERR,ERR,ERR,ERR,ERR,ERR,ERR,ERR,ERR,ERR,ERR,ERR,ERR,ERR,ERR,ERR,ERR,ERR,ERR,ERR,ERR,ERR,ERR,ERR,ERR,ERR,ERR,ERR,ERR,ERR,ERR,ERR,ERR,ERR,ERR,ERR,ERR,ERR,ERR,ERR,ERR,ERR,ERR,ERR,ERR,ERR,ERR,ERR,ERR,ERR,ERR,ERR,ERR,ERR,ERR,ERR,ERR,ERR,ERR,ERR,ERR,ERR,ERR,ERR,ERR,ERR,ERR,ERR,ERR,ERR,ERR,ERR,ERR,ERR,ERR,ERR,ERR,ERR,ERR,ERR,ERR,ERR,ERR,ERR,ERR,ERR,ERR,ERR,ERR,ERR,ERR,ERR,ERR,ERR,ERR,ERR,ERR,ERR,ERR,ERR,ERR,ERR,ERR,ERR,ERR,0.0,-0.0,3.028208139652935e+23,0.0,0.0,1.3936040501711995e+18,7.805,0.0,0,0,4,0,7300,-0.0,0,0.0,0.0,0.0,0.0,0.0,0,0,0,0,0.0,0,0,0,0,0,0,0,0,0,0,0,0,0,0,0,0,0,0,0,0,0,0,0,0,0,0,0,0,0,0,0,0,0,32,30,30,62,65476,0,300,0,0,8,21553,0.0,-107605600.0,0.0,0.0,0.0,0.0,0.0,0.0,0.0,0.0,0.0,0.0,0.0,0.0,0.0,0.0,0.0,0.0,0.0,0.0,0.0,0.0,2.004,-2.004,2.004,0.0,0.0,0.0,0.0,0.0,5516.0,-0.0,6932.0,0.0,-0.0,-0.0,0.0,0.0,0.0,0.0,0.0,63,-152018370953216.0,-4.950409255073651e+32,0.0,0.0,0.0,0.0,0.0,0.0,0.0,0,0,0,0.0,0.0,0.0,0.0,0.0,0.0,0.0,0.0,0.0,0.0,0.0,0.0,0.0,0.0,0.0,0.0,0,-107875648.0,63,0.0,126,2.7184242562605685e+23,2.842318642297501e+23,ERR,ERR,ERR,ERR,ERR,ERR,ERR,ERR,ERR,ERR,ERR,ERR,ERR,ERR,ERR,ERR,ERR,ERR,ERR,ERR,ERR,ERR,ERR,ERR,ERR,ERR,ERR,ERR,ERR,ERR,ERR,ERR,ERR,ERR,ERR,ERR,ERR,ERR,ERR,ERR,ERR,ERR,ERR,ERR,ERR,ERR,ERR,ERR,ERR,ERR,ERR,ERR,ERR,ERR,ERR,ERR,ERR,ERR,ERR,ERR,ERR,ERR,ERR,ERR,ERR,ERR,ERR,34.0,80.0,35,0.0,0.0,0.0,0.0,0.0,0.0,0.0,0.0,0.0,0.0,0.0,0.0,0.0,0.0,0.0,0.0,64.8,0,116,56,49,65476,0,300,0,0,8,20529,65476,0,0,57672,80.0,0.0,0.0,0.0,0.0,0.0
2026-06-17T04:57:33,ERR,ERR,ERR,ERR,ERR,ERR,ERR,ERR,ERR,ERR,ERR,ERR,ERR,ERR,ERR,ERR,ERR,ERR,ERR,ERR,ERR,ERR,ERR,ERR,ERR,ERR,ERR,ERR,ERR,ERR,ERR,ERR,ERR,ERR,ERR,ERR,ERR,ERR,ERR,ERR,ERR,ERR,ERR,ERR,ERR,ERR,ERR,ERR,ERR,ERR,ERR,ERR,ERR,ERR,ERR,ERR,ERR,ERR,ERR,ERR,ERR,ERR,ERR,ERR,ERR,ERR,ERR,ERR,ERR,ERR,ERR,ERR,ERR,ERR,ERR,ERR,ERR,ERR,ERR,ERR,ERR,ERR,ERR,ERR,ERR,ERR,ERR,ERR,ERR,ERR,ERR,ERR,ERR,ERR,ERR,ERR,ERR,ERR,ERR,ERR,ERR,ERR,ERR,ERR,ERR,ERR,ERR,ERR,ERR,ERR,ERR,ERR,ERR,ERR,ERR,ERR,ERR,ERR,ERR,ERR,ERR,ERR,ERR,ERR,ERR,0.0,-0.0,-0.0,0.0,0.0,1.3936040501711995e+18,7.805,0.0,0,0,4,0,7300,-0.0,0,0.0,0.0,0.0,0.0,0.0,0,0,0,0,0.0,0,0,0,0,0,0,0,0,0,0,0,0,0,0,0,0,0,0,0,0,0,0,0,0,0,0,0,0,0,0,0,0,0,32,30,30,62,65476,0,300,0,0,8,21553,0.0,-107605600.0,0.0,0.0,0.0,0.0,0.0,0.0,0.0,0.0,0.0,0.0,0.0,0.0,0.0,0.0,0.0,0.0,0.0,0.0,0.0,0.0,-0.0,-2.004,2.004,0.0,0.0,0.0,0.0,0.0,5516.0,-564146907119616.0,6939.0,0.0,2.7184296605801213e+23,-0.0,0.0,0.0,0.0,0.0,0.0,63,-152018370953216.0,0.059,0.0,0.0,0.0,0.0,0.0,0.0,0.0,0,0,0,0.0,0.0,0.0,0.0,0.0,0.0,0.0,0.0,0.0,0.0,0.0,0.0,0.0,0.0,0.0,0.0,0,-107875648.0,63,0.0,126,2.7184242562605685e+23,2.842318642297501e+23,ERR,ERR,ERR,ERR,ERR,ERR,ERR,ERR,ERR,ERR,ERR,ERR,ERR,ERR,ERR,ERR,ERR,ERR,ERR,ERR,ERR,ERR,ERR,ERR,ERR,ERR,ERR,ERR,ERR,ERR,ERR,ERR,ERR,ERR,ERR,ERR,ERR,ERR,ERR,ERR,ERR,ERR,ERR,ERR,ERR,ERR,ERR,ERR,ERR,ERR,ERR,ERR,ERR,ERR,ERR,ERR,ERR,ERR,ERR,ERR,ERR,ERR,ERR,ERR,ERR,ERR,ERR,34.0,80.0,35,0.0,0.0,0.0,0.0,0.0,0.0,0.0,0.0,0.0,0.0,0.0,0.0,0.0,0.0,0.0,0.0,64.8,0,116,56,49,65476,0,300,0,0,8,20529,65476,0,0,57672,80.0,0.0,0.0,0.0,0.0,0.0
2026-06-17T04:57:34,ERR,ERR,ERR,ERR,ERR,ERR,ERR,ERR,ERR,ERR,ERR,ERR,ERR,ERR,ERR,ERR,ERR,ERR,ERR,ERR,ERR,ERR,ERR,ERR,ERR,ERR,ERR,ERR,ERR,ERR,ERR,ERR,ERR,ERR,ERR,ERR,ERR,ERR,ERR,ERR,ERR,ERR,ERR,ERR,ERR,ERR,ERR,ERR,ERR,ERR,ERR,ERR,ERR,ERR,ERR,ERR,ERR,ERR,ERR,ERR,ERR,ERR,ERR,ERR,ERR,ERR,ERR,ERR,ERR,ERR,ERR,ERR,ERR,ERR,ERR,ERR,ERR,ERR,ERR,ERR,ERR,ERR,ERR,ERR,ERR,ERR,ERR,ERR,ERR,ERR,ERR,ERR,ERR,ERR,ERR,ERR,ERR,ERR,ERR,ERR,ERR,ERR,ERR,ERR,ERR,ERR,ERR,ERR,ERR,ERR,ERR,ERR,ERR,ERR,ERR,ERR,ERR,ERR,ERR,ERR,ERR,ERR,ERR,ERR,ERR,0.0,-0.0,-0.0,0.0,0.0,1.3936040501711995e+18,7.805,0.0,0,0,4,0,7300,-0.0,0,0.0,0.0,0.0,0.0,0.0,0,0,0,0,0.0,0,0,0,0,0,0,0,0,0,0,0,0,0,0,0,0,0,0,0,0,0,0,0,0,0,0,0,0,0,0,0,0,0,32,30,30,62,65476,0,300,0,0,8,21553,0.0,-107605600.0,0.0,0.0,0.0,0.0,0.0,0.0,0.0,0.0,0.0,0.0,0.0,0.0,0.0,0.0,0.0,0.0,0.0,0.0,0.0,0.0,-0.0,-2.004,2.004,0.0,0.0,0.0,0.0,0.0,5516.0,-564146907119616.0,6939.0,0.0,2.7184296605801213e+23,-0.0,0.0,0.0,0.0,0.0,0.0,63,-152018370953216.0,0.059,0.0,0.0,0.0,0.0,0.0,0.0,0.0,0,0,0,0.0,0.0,0.0,0.0,0.0,0.0,0.0,0.0,0.0,0.0,0.0,0.0,0.0,0.0,0.0,0.0,0,-107875648.0,63,0.0,126,2.7184242562605685e+23,2.842318642297501e+23,ERR,ERR,ERR,ERR,ERR,ERR,ERR,ERR,ERR,ERR,ERR,ERR,ERR,ERR,ERR,ERR,ERR,ERR,ERR,ERR,ERR,ERR,ERR,ERR,ERR,ERR,ERR,ERR,ERR,ERR,ERR,ERR,ERR,ERR,ERR,ERR,ERR,ERR,ERR,ERR,ERR,ERR,ERR,ERR,ERR,ERR,ERR,ERR,ERR,ERR,ERR,ERR,ERR,ERR,ERR,ERR,ERR,ERR,ERR,ERR,ERR,ERR,ERR,ERR,ERR,ERR,ERR,34.0,80.0,35,0.0,0.0,0.0,0.0,0.0,0.0,0.0,0.0,0.0,0.0,0.0,0.0,0.0,0.0,0.0,0.0,64.4,0,116,56,49,65476,0,300,0,0,8,20529,65476,0,0,57672,80.0,0.0,0.0,0.0,0.0,0.0
2026-06-17T04:57:35,ERR,ERR,ERR,ERR,ERR,ERR,ERR,ERR,ERR,ERR,ERR,ERR,ERR,ERR,ERR,ERR,ERR,ERR,ERR,ERR,ERR,ERR,ERR,ERR,ERR,ERR,ERR,ERR,ERR,ERR,ERR,ERR,ERR,ERR,ERR,ERR,ERR,ERR,ERR,ERR,ERR,ERR,ERR,ERR,ERR,ERR,ERR,ERR,ERR,ERR,ERR,ERR,ERR,ERR,ERR,ERR,ERR,ERR,ERR,ERR,ERR,ERR,ERR,ERR,ERR,ERR,ERR,ERR,ERR,ERR,ERR,ERR,ERR,ERR,ERR,ERR,ERR,ERR,ERR,ERR,ERR,ERR,ERR,ERR,ERR,ERR,ERR,ERR,ERR,ERR,ERR,ERR,ERR,ERR,ERR,ERR,ERR,ERR,ERR,ERR,ERR,ERR,ERR,ERR,ERR,ERR,ERR,ERR,ERR,ERR,ERR,ERR,ERR,ERR,ERR,ERR,ERR,ERR,ERR,ERR,ERR,ERR,ERR,ERR,ERR,0.0,-0.0,-0.0,0.0,0.0,1.3936040501711995e+18,7.805,0.0,0,0,4,0,7300,-0.0,0,0.0,0.0,0.0,0.0,0.0,0,0,0,0,0.0,0,0,0,0,0,0,0,0,0,0,0,0,0,0,0,0,0,0,0,0,0,0,0,0,0,0,0,0,0,0,0,0,0,32,30,30,62,65476,0,300,0,0,8,21553,0.0,-107605600.0,0.0,0.0,0.0,0.0,0.0,0.0,0.0,0.0,0.0,0.0,0.0,0.0,0.0,0.0,0.0,0.0,0.0,0.0,0.0,0.0,-0.0,-2.004,2.004,0.0,0.0,0.0,0.0,0.0,5516.0,-564146907119616.0,6939.0,0.0,2.7184296605801213e+23,-0.0,0.0,0.0,0.0,0.0,0.0,63,-152018370953216.0,0.059,0.0,0.0,0.0,0.0,0.0,0.0,0.0,0,0,0,0.0,0.0,0.0,0.0,0.0,0.0,0.0,0.0,0.0,0.0,0.0,0.0,0.0,0.0,0.0,0.0,0,-107875648.0,63,0.0,126,2.7184242562605685e+23,2.842318642297501e+23,ERR,ERR,ERR,ERR,ERR,ERR,ERR,ERR,ERR,ERR,ERR,ERR,ERR,ERR,ERR,ERR,ERR,ERR,ERR,ERR,ERR,ERR,ERR,ERR,ERR,ERR,ERR,ERR,ERR,ERR,ERR,ERR,ERR,ERR,ERR,ERR,ERR,ERR,ERR,ERR,ERR,ERR,ERR,ERR,ERR,ERR,ERR,ERR,ERR,ERR,ERR,ERR,ERR,ERR,ERR,ERR,ERR,ERR,ERR,ERR,ERR,ERR,ERR,ERR,ERR,ERR,ERR,34.0,80.0,35,0.0,0.0,0.0,0.0,0.0,0.0,0.0,0.0,0.0,0.0,0.0,0.0,0.0,0.0,0.0,0.0,64.4,0,116,56,49,65476,0,300,0,0,8,20529,65476,0,0,57672,80.0,0.0,0.0,0.0,0.0,0.0
2026-06-17T04:57:36,ERR,ERR,ERR,ERR,ERR,ERR,ERR,ERR,ERR,ERR,ERR,ERR,ERR,ERR,ERR,ERR,ERR,ERR,ERR,ERR,ERR,ERR,ERR,ERR,ERR,ERR,ERR,ERR,ERR,ERR,ERR,ERR,ERR,ERR,ERR,ERR,ERR,ERR,ERR,ERR,ERR,ERR,ERR,ERR,ERR,ERR,ERR,ERR,ERR,ERR,ERR,ERR,ERR,ERR,ERR,ERR,ERR,ERR,ERR,ERR,ERR,ERR,ERR,ERR,ERR,ERR,ERR,ERR,ERR,ERR,ERR,ERR,ERR,ERR,ERR,ERR,ERR,ERR,ERR,ERR,ERR,ERR,ERR,ERR,ERR,ERR,ERR,ERR,ERR,ERR,ERR,ERR,ERR,ERR,ERR,ERR,ERR,ERR,ERR,ERR,ERR,ERR,ERR,ERR,ERR,ERR,ERR,ERR,ERR,ERR,ERR,ERR,ERR,ERR,ERR,ERR,ERR,ERR,ERR,ERR,ERR,ERR,ERR,ERR,ERR,0.0,-0.0,-0.0,0.0,0.0,1.3936040501711995e+18,7.805,0.0,0,0,4,0,7300,-0.0,0,0.0,0.0,0.0,0.0,0.0,0,0,0,0,0.0,0,0,0,0,0,0,0,0,0,0,0,0,0,0,0,0,0,0,0,0,0,0,0,0,0,0,0,0,0,0,0,0,0,32,30,30,62,65476,0,300,0,0,8,21553,0.0,-107605600.0,0.0,0.0,0.0,0.0,0.0,0.0,0.0,0.0,0.0,0.0,0.0,0.0,0.0,0.0,0.0,0.0,0.0,0.0,0.0,0.0,-0.0,-2.004,2.004,0.0,0.0,0.0,0.0,0.0,5516.0,-564146907119616.0,6939.0,0.0,2.7184296605801213e+23,-0.0,0.0,0.0,0.0,0.0,0.0,63,-152018370953216.0,0.059,0.0,0.0,0.0,0.0,0.0,0.0,0.0,0,0,0,0.0,0.0,0.0,0.0,0.0,0.0,0.0,0.0,0.0,0.0,0.0,0.0,0.0,0.0,0.0,0.0,0,-107875648.0,63,0.0,126,2.7184242562605685e+23,2.842318642297501e+23,ERR,ERR,ERR,ERR,ERR,ERR,ERR,ERR,ERR,ERR,ERR,ERR,ERR,ERR,ERR,ERR,ERR,ERR,ERR,ERR,ERR,ERR,ERR,ERR,ERR,ERR,ERR,ERR,ERR,ERR,ERR,ERR,ERR,ERR,ERR,ERR,ERR,ERR,ERR,ERR,ERR,ERR,ERR,ERR,ERR,ERR,ERR,ERR,ERR,ERR,ERR,ERR,ERR,ERR,ERR,ERR,ERR,ERR,ERR,ERR,ERR,ERR,ERR,ERR,ERR,ERR,ERR,34.0,80.0,35,0.0,0.0,0.0,0.0,0.0,0.0,0.0,0.0,0.0,0.0,0.0,0.0,0.0,0.0,0.0,0.0,64.8,0,116,56,49,65476,0,300,0,0,8,20529,65476,0,0,57672,80.0,0.0,0.0,0.0,0.0,0.0
2026-06-17T04:57:37,ERR,ERR,ERR,ERR,ERR,ERR,ERR,ERR,ERR,ERR,ERR,ERR,ERR,ERR,ERR,ERR,ERR,ERR,ERR,ERR,ERR,ERR,ERR,ERR,ERR,ERR,ERR,ERR,ERR,ERR,ERR,ERR,ERR,ERR,ERR,ERR,ERR,ERR,ERR,ERR,ERR,ERR,ERR,ERR,ERR,ERR,ERR,ERR,ERR,ERR,ERR,ERR,ERR,ERR,ERR,ERR,ERR,ERR,ERR,ERR,ERR,ERR,ERR,ERR,ERR,ERR,ERR,ERR,ERR,ERR,ERR,ERR,ERR,ERR,ERR,ERR,ERR,ERR,ERR,ERR,ERR,ERR,ERR,ERR,ERR,ERR,ERR,ERR,ERR,ERR,ERR,ERR,ERR,ERR,ERR,ERR,ERR,ERR,ERR,ERR,ERR,ERR,ERR,ERR,ERR,ERR,ERR,ERR,ERR,ERR,ERR,ERR,ERR,ERR,ERR,ERR,ERR,ERR,ERR,ERR,ERR,ERR,ERR,ERR,ERR,0.0,-0.0,-0.0,0.0,0.0,1.3936040501711995e+18,7.805,0.0,0,0,4,0,7300,-0.0,0,0.0,0.0,0.0,0.0,0.0,0,0,0,0,0.0,0,0,0,0,0,0,0,0,0,0,0,0,0,0,0,0,0,0,0,0,0,0,0,0,0,0,0,0,0,0,0,0,0,32,30,30,62,65476,0,300,0,0,8,21553,0.0,-107605600.0,0.0,0.0,0.0,0.0,0.0,0.0,0.0,0.0,0.0,0.0,0.0,0.0,0.0,0.0,0.0,0.0,0.0,0.0,0.0,0.0,-0.0,-2.004,2.004,0.0,0.0,0.0,0.0,0.0,5516.0,-564146907119616.0,6939.0,0.0,2.7184296605801213e+23,-0.0,0.0,0.0,0.0,0.0,0.0,63,-152018370953216.0,0.059,0.0,0.0,0.0,0.0,0.0,0.0,0.0,0,0,0,0.0,0.0,0.0,0.0,0.0,0.0,0.0,0.0,0.0,0.0,0.0,0.0,0.0,0.0,0.0,0.0,0,-107875648.0,63,0.0,126,2.7184242562605685e+23,2.842318642297501e+23,ERR,ERR,ERR,ERR,ERR,ERR,ERR,ERR,ERR,ERR,ERR,ERR,ERR,ERR,ERR,ERR,ERR,ERR,ERR,ERR,ERR,ERR,ERR,ERR,ERR,ERR,ERR,ERR,ERR,ERR,ERR,ERR,ERR,ERR,ERR,ERR,ERR,ERR,ERR,ERR,ERR,ERR,ERR,ERR,ERR,ERR,ERR,ERR,ERR,ERR,ERR,ERR,ERR,ERR,ERR,ERR,ERR,ERR,ERR,ERR,ERR,ERR,ERR,ERR,ERR,ERR,ERR,34.0,80.0,35,0.0,0.0,0.0,0.0,0.0,0.0,0.0,0.0,0.0,0.0,0.0,0.0,0.0,0.0,0.0,0.0,64.8,0,116,56,49,65476,0,300,0,0,8,20529,65476,0,0,57672,80.0,0.0,0.0,0.0,0.0,0.0
2026-06-17T04:57:38,ERR,ERR,ERR,ERR,ERR,ERR,ERR,ERR,ERR,ERR,ERR,ERR,ERR,ERR,ERR,ERR,ERR,ERR,ERR,ERR,ERR,ERR,ERR,ERR,ERR,ERR,ERR,ERR,ERR,ERR,ERR,ERR,ERR,ERR,ERR,ERR,ERR,ERR,ERR,ERR,ERR,ERR,ERR,ERR,ERR,ERR,ERR,ERR,ERR,ERR,ERR,ERR,ERR,ERR,ERR,ERR,ERR,ERR,ERR,ERR,ERR,ERR,ERR,ERR,ERR,ERR,ERR,ERR,ERR,ERR,ERR,ERR,ERR,ERR,ERR,ERR,ERR,ERR,ERR,ERR,ERR,ERR,ERR,ERR,ERR,ERR,ERR,ERR,ERR,ERR,ERR,ERR,ERR,ERR,ERR,ERR,ERR,ERR,ERR,ERR,ERR,ERR,ERR,ERR,ERR,ERR,ERR,ERR,ERR,ERR,ERR,ERR,ERR,ERR,ERR,ERR,ERR,ERR,ERR,ERR,ERR,ERR,ERR,ERR,ERR,0.0,-0.0,3.028208139652935e+23,0.0,0.0,1.3936040501711995e+18,7.805,0.0,0,0,4,0,7300,-0.0,0,0.0,0.0,0.0,0.0,0.0,0,0,0,0,0.0,0,0,0,0,0,0,0,0,0,0,0,0,0,0,0,0,0,0,0,0,0,0,0,0,0,0,0,0,0,0,0,0,0,32,30,30,62,65476,0,300,0,0,8,21553,0.0,-107605600.0,0.0,0.0,0.0,0.0,0.0,0.0,0.0,0.0,0.0,0.0,0.0,0.0,0.0,0.0,0.0,0.0,0.0,0.0,0.0,0.0,2.004,-2.004,2.004,0.0,0.0,0.0,0.0,0.0,5516.0,-2.4229925162183003e+24,6941.0,0.0,-0.0,-0.0,0.0,0.0,0.0,0.0,0.0,63,-152018370953216.0,126840709120.0,0.0,0.0,0.0,0.0,0.0,0.0,0.0,0,0,0,0.0,0.0,0.0,0.0,0.0,0.0,0.0,0.0,0.0,0.0,0.0,0.0,0.0,0.0,0.0,0.0,0,-107875648.0,63,0.0,126,2.7184242562605685e+23,2.842318642297501e+23,ERR,ERR,ERR,ERR,ERR,ERR,ERR,ERR,ERR,ERR,ERR,ERR,ERR,ERR,ERR,ERR,ERR,ERR,ERR,ERR,ERR,ERR,ERR,ERR,ERR,ERR,ERR,ERR,ERR,ERR,ERR,ERR,ERR,ERR,ERR,ERR,ERR,ERR,ERR,ERR,ERR,ERR,ERR,ERR,ERR,ERR,ERR,ERR,ERR,ERR,ERR,ERR,ERR,ERR,ERR,ERR,ERR,ERR,ERR,ERR,ERR,ERR,ERR,ERR,ERR,ERR,ERR,34.0,80.0,35,0.0,0.0,0.0,0.0,0.0,0.0,0.0,0.0,0.0,0.0,0.0,0.0,0.0,0.0,0.0,0.0,64.4,0,116,56,49,65476,0,300,0,0,8,20529,65476,0,0,57672,80.0,0.0,0.0,0.0,0.0,0.0
2026-06-17T04:57:39,ERR,ERR,ERR,ERR,ERR,ERR,ERR,ERR,ERR,ERR,ERR,ERR,ERR,ERR,ERR,ERR,ERR,ERR,ERR,ERR,ERR,ERR,ERR,ERR,ERR,ERR,ERR,ERR,ERR,ERR,ERR,ERR,ERR,ERR,ERR,ERR,ERR,ERR,ERR,ERR,ERR,ERR,ERR,ERR,ERR,ERR,ERR,ERR,ERR,ERR,ERR,ERR,ERR,ERR,ERR,ERR,ERR,ERR,ERR,ERR,ERR,ERR,ERR,ERR,ERR,ERR,ERR,ERR,ERR,ERR,ERR,ERR,ERR,ERR,ERR,ERR,ERR,ERR,ERR,ERR,ERR,ERR,ERR,ERR,ERR,ERR,ERR,ERR,ERR,ERR,ERR,ERR,ERR,ERR,ERR,ERR,ERR,ERR,ERR,ERR,ERR,ERR,ERR,ERR,ERR,ERR,ERR,ERR,ERR,ERR,ERR,ERR,ERR,ERR,ERR,ERR,ERR,ERR,ERR,ERR,ERR,ERR,ERR,ERR,ERR,0.0,-0.0,3.028208139652935e+23,0.0,0.0,1.3936040501711995e+18,7.805,0.0,0,0,4,0,7300,-0.0,0,0.0,0.0,0.0,0.0,0.0,0,0,0,0,0.0,0,0,0,0,0,0,0,0,0,0,0,0,0,0,0,0,0,0,0,0,0,0,0,0,0,0,0,0,0,0,0,0,0,32,30,30,62,65476,0,300,0,0,8,21553,0.0,-107605600.0,0.0,0.0,0.0,0.0,0.0,0.0,0.0,0.0,0.0,0.0,0.0,0.0,0.0,0.0,0.0,0.0,0.0,0.0,0.0,0.0,2.004,-2.004,2.004,0.0,0.0,0.0,0.0,0.0,5516.0,-2.4229925162183003e+24,6941.0,0.0,-0.0,-0.0,0.0,0.0,0.0,0.0,0.0,63,-152018370953216.0,126840709120.0,0.0,0.0,0.0,0.0,0.0,0.0,0.0,0,0,0,0.0,0.0,0.0,0.0,0.0,0.0,0.0,0.0,0.0,0.0,0.0,0.0,0.0,0.0,0.0,0.0,0,-107875648.0,63,0.0,126,2.7184242562605685e+23,2.842318642297501e+23,ERR,ERR,ERR,ERR,ERR,ERR,ERR,ERR,ERR,ERR,ERR,ERR,ERR,ERR,ERR,ERR,ERR,ERR,ERR,ERR,ERR,ERR,ERR,ERR,ERR,ERR,ERR,ERR,ERR,ERR,ERR,ERR,ERR,ERR,ERR,ERR,ERR,ERR,ERR,ERR,ERR,ERR,ERR,ERR,ERR,ERR,ERR,ERR,ERR,ERR,ERR,ERR,ERR,ERR,ERR,ERR,ERR,ERR,ERR,ERR,ERR,ERR,ERR,ERR,ERR,ERR,ERR,34.0,80.0,35,0.0,0.0,0.0,0.0,0.0,0.0,0.0,0.0,0.0,0.0,0.0,0.0,0.0,0.0,0.0,0.0,64.4,0,116,56,49,65476,0,300,0,0,8,20529,65476,0,0,57672,80.0,0.0,0.0,0.0,0.0,0.0
2026-06-17T04:57:40,ERR,ERR,ERR,ERR,ERR,ERR,ERR,ERR,ERR,ERR,ERR,ERR,ERR,ERR,ERR,ERR,ERR,ERR,ERR,ERR,ERR,ERR,ERR,ERR,ERR,ERR,ERR,ERR,ERR,ERR,ERR,ERR,ERR,ERR,ERR,ERR,ERR,ERR,ERR,ERR,ERR,ERR,ERR,ERR,ERR,ERR,ERR,ERR,ERR,ERR,ERR,ERR,ERR,ERR,ERR,ERR,ERR,ERR,ERR,ERR,ERR,ERR,ERR,ERR,ERR,ERR,ERR,ERR,ERR,ERR,ERR,ERR,ERR,ERR,ERR,ERR,ERR,ERR,ERR,ERR,ERR,ERR,ERR,ERR,ERR,ERR,ERR,ERR,ERR,ERR,ERR,ERR,ERR,ERR,ERR,ERR,ERR,ERR,ERR,ERR,ERR,ERR,ERR,ERR,ERR,ERR,ERR,ERR,ERR,ERR,ERR,ERR,ERR,ERR,ERR,ERR,ERR,ERR,ERR,ERR,ERR,ERR,ERR,ERR,ERR,0.0,-0.0,3.028208139652935e+23,0.0,0.0,1.3936040501711995e+18,7.805,0.0,0,0,4,0,7300,-0.0,0,0.0,0.0,0.0,0.0,0.0,0,0,0,0,0.0,0,0,0,0,0,0,0,0,0,0,0,0,0,0,0,0,0,0,0,0,0,0,0,0,0,0,0,0,0,0,0,0,0,32,30,30,62,65476,0,300,0,0,8,21553,0.0,-107605600.0,0.0,0.0,0.0,0.0,0.0,0.0,0.0,0.0,0.0,0.0,0.0,0.0,0.0,0.0,0.0,0.0,0.0,0.0,0.0,0.0,2.004,-2.004,2.004,0.0,0.0,0.0,0.0,0.0,5516.0,-2.4229925162183003e+24,6941.0,0.0,-0.0,-0.0,0.0,0.0,0.0,0.0,0.0,63,-152018370953216.0,126840709120.0,0.0,0.0,0.0,0.0,0.0,0.0,0.0,0,0,0,0.0,0.0,0.0,0.0,0.0,0.0,0.0,0.0,0.0,0.0,0.0,0.0,0.0,0.0,0.0,0.0,0,-107875648.0,63,0.0,126,2.7184242562605685e+23,2.842318642297501e+23,ERR,ERR,ERR,ERR,ERR,ERR,ERR,ERR,ERR,ERR,ERR,ERR,ERR,ERR,ERR,ERR,ERR,ERR,ERR,ERR,ERR,ERR,ERR,ERR,ERR,ERR,ERR,ERR,ERR,ERR,ERR,ERR,ERR,ERR,ERR,ERR,ERR,ERR,ERR,ERR,ERR,ERR,ERR,ERR,ERR,ERR,ERR,ERR,ERR,ERR,ERR,ERR,ERR,ERR,ERR,ERR,ERR,ERR,ERR,ERR,ERR,ERR,ERR,ERR,ERR,ERR,ERR,34.0,80.0,35,0.0,0.0,0.0,0.0,0.0,0.0,0.0,0.0,0.0,0.0,0.0,0.0,0.0,0.0,0.0,0.0,64.4,0,116,56,49,65476,0,300,0,0,8,20529,65476,0,0,57672,80.0,0.0,0.0,0.0,0.0,0.0
2026-06-17T04:57:41,ERR,ERR,ERR,ERR,ERR,ERR,ERR,ERR,ERR,ERR,ERR,ERR,ERR,ERR,ERR,ERR,ERR,ERR,ERR,ERR,ERR,ERR,ERR,ERR,ERR,ERR,ERR,ERR,ERR,ERR,ERR,ERR,ERR,ERR,ERR,ERR,ERR,ERR,ERR,ERR,ERR,ERR,ERR,ERR,ERR,ERR,ERR,ERR,ERR,ERR,ERR,ERR,ERR,ERR,ERR,ERR,ERR,ERR,ERR,ERR,ERR,ERR,ERR,ERR,ERR,ERR,ERR,ERR,ERR,ERR,ERR,ERR,ERR,ERR,ERR,ERR,ERR,ERR,ERR,ERR,ERR,ERR,ERR,ERR,ERR,ERR,ERR,ERR,ERR,ERR,ERR,ERR,ERR,ERR,ERR,ERR,ERR,ERR,ERR,ERR,ERR,ERR,ERR,ERR,ERR,ERR,ERR,ERR,ERR,ERR,ERR,ERR,ERR,ERR,ERR,ERR,ERR,ERR,ERR,ERR,ERR,ERR,ERR,ERR,ERR,0.0,-0.0,3.028208139652935e+23,0.0,0.0,1.3936040501711995e+18,7.805,0.0,0,0,4,0,7300,-0.0,0,0.0,0.0,0.0,0.0,0.0,0,0,0,0,0.0,0,0,0,0,0,0,0,0,0,0,0,0,0,0,0,0,0,0,0,0,0,0,0,0,0,0,0,0,0,0,0,0,0,32,30,30,62,65476,0,300,0,0,8,21553,0.0,-107605600.0,0.0,0.0,0.0,0.0,0.0,0.0,0.0,0.0,0.0,0.0,0.0,0.0,0.0,0.0,0.0,0.0,0.0,0.0,0.0,0.0,2.004,-2.004,2.004,0.0,0.0,0.0,0.0,0.0,5516.0,-2.4229925162183003e+24,6941.0,0.0,-0.0,-0.0,0.0,0.0,0.0,0.0,0.0,63,-152018370953216.0,126840709120.0,0.0,0.0,0.0,0.0,0.0,0.0,0.0,0,0,0,0.0,0.0,0.0,0.0,0.0,0.0,0.0,0.0,0.0,0.0,0.0,0.0,0.0,0.0,0.0,0.0,0,-107875648.0,63,0.0,126,2.7184242562605685e+23,2.842318642297501e+23,ERR,ERR,ERR,ERR,ERR,ERR,ERR,ERR,ERR,ERR,ERR,ERR,ERR,ERR,ERR,ERR,ERR,ERR,ERR,ERR,ERR,ERR,ERR,ERR,ERR,ERR,ERR,ERR,ERR,ERR,ERR,ERR,ERR,ERR,ERR,ERR,ERR,ERR,ERR,ERR,ERR,ERR,ERR,ERR,ERR,ERR,ERR,ERR,ERR,ERR,ERR,ERR,ERR,ERR,ERR,ERR,ERR,ERR,ERR,ERR,ERR,ERR,ERR,ERR,ERR,ERR,ERR,34.0,80.0,35,0.0,0.0,0.0,0.0,0.0,0.0,0.0,0.0,0.0,0.0,0.0,0.0,0.0,0.0,0.0,0.0,64.4,0,116,56,49,65476,0,300,0,0,8,20529,65476,0,0,57672,80.0,0.0,0.0,0.0,0.0,0.0
2026-06-17T04:57:42,ERR,ERR,ERR,ERR,ERR,ERR,ERR,ERR,ERR,ERR,ERR,ERR,ERR,ERR,ERR,ERR,ERR,ERR,ERR,ERR,ERR,ERR,ERR,ERR,ERR,ERR,ERR,ERR,ERR,ERR,ERR,ERR,ERR,ERR,ERR,ERR,ERR,ERR,ERR,ERR,ERR,ERR,ERR,ERR,ERR,ERR,ERR,ERR,ERR,ERR,ERR,ERR,ERR,ERR,ERR,ERR,ERR,ERR,ERR,ERR,ERR,ERR,ERR,ERR,ERR,ERR,ERR,ERR,ERR,ERR,ERR,ERR,ERR,ERR,ERR,ERR,ERR,ERR,ERR,ERR,ERR,ERR,ERR,ERR,ERR,ERR,ERR,ERR,ERR,ERR,ERR,ERR,ERR,ERR,ERR,ERR,ERR,ERR,ERR,ERR,ERR,ERR,ERR,ERR,ERR,ERR,ERR,ERR,ERR,ERR,ERR,ERR,ERR,ERR,ERR,ERR,ERR,ERR,ERR,ERR,ERR,ERR,ERR,ERR,ERR,0.0,-0.0,3.028208139652935e+23,0.0,0.0,1.3936040501711995e+18,7.805,0.0,0,0,4,0,7300,-0.0,0,0.0,0.0,0.0,0.0,0.0,0,0,0,0,0.0,0,0,0,0,0,0,0,0,0,0,0,0,0,0,0,0,0,0,0,0,0,0,0,0,0,0,0,0,0,0,0,0,0,32,30,30,62,65476,0,300,0,0,8,21553,0.0,-107605600.0,0.0,0.0,0.0,0.0,0.0,0.0,0.0,0.0,0.0,0.0,0.0,0.0,0.0,0.0,0.0,0.0,0.0,0.0,0.0,0.0,2.004,-2.004,2.004,0.0,0.0,0.0,0.0,0.0,5516.0,-2.4229925162183003e+24,6941.0,0.0,-0.0,-0.0,0.0,0.0,0.0,0.0,0.0,63,-152018370953216.0,126840709120.0,0.0,0.0,0.0,0.0,0.0,0.0,0.0,0,0,0,0.0,0.0,0.0,0.0,0.0,0.0,0.0,0.0,0.0,0.0,0.0,0.0,0.0,0.0,0.0,0.0,0,-107875648.0,63,0.0,126,2.7184242562605685e+23,2.842318642297501e+23,ERR,ERR,ERR,ERR,ERR,ERR,ERR,ERR,ERR,ERR,ERR,ERR,ERR,ERR,ERR,ERR,ERR,ERR,ERR,ERR,ERR,ERR,ERR,ERR,ERR,ERR,ERR,ERR,ERR,ERR,ERR,ERR,ERR,ERR,ERR,ERR,ERR,ERR,ERR,ERR,ERR,ERR,ERR,ERR,ERR,ERR,ERR,ERR,ERR,ERR,ERR,ERR,ERR,ERR,ERR,ERR,ERR,ERR,ERR,ERR,ERR,ERR,ERR,ERR,ERR,ERR,ERR,34.0,80.0,35,0.0,0.0,0.0,0.0,0.0,0.0,0.0,0.0,0.0,0.0,0.0,0.0,0.0,0.0,0.0,0.0,64.4,0,116,56,49,65476,0,300,0,0,8,20529,65476,0,0,57672,80.0,0.0,0.0,0.0,0.0,0.0
2026-06-17T04:57:43,ERR,ERR,ERR,ERR,ERR,ERR,ERR,ERR,ERR,ERR,ERR,ERR,ERR,ERR,ERR,ERR,ERR,ERR,ERR,ERR,ERR,ERR,ERR,ERR,ERR,ERR,ERR,ERR,ERR,ERR,ERR,ERR,ERR,ERR,ERR,ERR,ERR,ERR,ERR,ERR,ERR,ERR,ERR,ERR,ERR,ERR,ERR,ERR,ERR,ERR,ERR,ERR,ERR,ERR,ERR,ERR,ERR,ERR,ERR,ERR,ERR,ERR,ERR,ERR,ERR,ERR,ERR,ERR,ERR,ERR,ERR,ERR,ERR,ERR,ERR,ERR,ERR,ERR,ERR,ERR,ERR,ERR,ERR,ERR,ERR,ERR,ERR,ERR,ERR,ERR,ERR,ERR,ERR,ERR,ERR,ERR,ERR,ERR,ERR,ERR,ERR,ERR,ERR,ERR,ERR,ERR,ERR,ERR,ERR,ERR,ERR,ERR,ERR,ERR,ERR,ERR,ERR,ERR,ERR,ERR,ERR,ERR,ERR,ERR,ERR,0.0,-0.0,3.028208139652935e+23,0.0,0.0,1.3936040501711995e+18,7.805,0.0,0,0,4,0,7300,-0.0,0,0.0,0.0,0.0,0.0,0.0,0,0,0,0,0.0,0,0,0,0,0,0,0,0,0,0,0,0,0,0,0,0,0,0,0,0,0,0,0,0,0,0,0,0,0,0,0,0,0,32,30,30,62,65476,0,300,0,0,8,21553,0.0,-107605600.0,0.0,0.0,0.0,0.0,0.0,0.0,0.0,0.0,0.0,0.0,0.0,0.0,0.0,0.0,0.0,0.0,0.0,0.0,0.0,0.0,2.004,-0.0,2.004,0.0,0.0,0.0,0.0,0.0,5548.0,0.0,6912.0,0.0,2.7184296605801213e+23,-0.0,0.0,0.0,0.0,0.0,0.0,63,-152018370953216.0,4.066861591590245e+29,0.0,0.0,0.0,0.0,0.0,0.0,0.0,0,0,0,0.0,0.0,0.0,0.0,0.0,0.0,0.0,0.0,0.0,0.0,0.0,0.0,0.0,0.0,0.0,0.0,0,-107875648.0,63,0.0,126,2.7184242562605685e+23,2.842318642297501e+23,ERR,ERR,ERR,ERR,ERR,ERR,ERR,ERR,ERR,ERR,ERR,ERR,ERR,ERR,ERR,ERR,ERR,ERR,ERR,ERR,ERR,ERR,ERR,ERR,ERR,ERR,ERR,ERR,ERR,ERR,ERR,ERR,ERR,ERR,ERR,ERR,ERR,ERR,ERR,ERR,ERR,ERR,ERR,ERR,ERR,ERR,ERR,ERR,ERR,ERR,ERR,ERR,ERR,ERR,ERR,ERR,ERR,ERR,ERR,ERR,ERR,ERR,ERR,ERR,ERR,ERR,ERR,34.0,80.0,35,0.0,0.0,0.0,0.0,0.0,0.0,0.0,0.0,0.0,0.0,0.0,0.0,0.0,0.0,0.0,0.0,64.4,0,116,56,49,65476,0,300,0,0,8,20529,65476,0,0,57672,80.0,0.0,0.0,0.0,0.0,0.0
2026-06-17T04:57:44,ERR,ERR,ERR,ERR,ERR,ERR,ERR,ERR,ERR,ERR,ERR,ERR,ERR,ERR,ERR,ERR,ERR,ERR,ERR,ERR,ERR,ERR,ERR,ERR,ERR,ERR,ERR,ERR,ERR,ERR,ERR,ERR,ERR,ERR,ERR,ERR,ERR,ERR,ERR,ERR,ERR,ERR,ERR,ERR,ERR,ERR,ERR,ERR,ERR,ERR,ERR,ERR,ERR,ERR,ERR,ERR,ERR,ERR,ERR,ERR,ERR,ERR,ERR,ERR,ERR,ERR,ERR,ERR,ERR,ERR,ERR,ERR,ERR,ERR,ERR,ERR,ERR,ERR,ERR,ERR,ERR,ERR,ERR,ERR,ERR,ERR,ERR,ERR,ERR,ERR,ERR,ERR,ERR,ERR,ERR,ERR,ERR,ERR,ERR,ERR,ERR,ERR,ERR,ERR,ERR,ERR,ERR,ERR,ERR,ERR,ERR,ERR,ERR,ERR,ERR,ERR,ERR,ERR,ERR,ERR,ERR,ERR,ERR,ERR,ERR,0.0,-0.0,3.028208139652935e+23,0.0,0.0,1.3936040501711995e+18,7.805,0.0,0,0,4,0,7300,-0.0,0,0.0,0.0,0.0,0.0,0.0,0,0,0,0,0.0,0,0,0,0,0,0,0,0,0,0,0,0,0,0,0,0,0,0,0,0,0,0,0,0,0,0,0,0,0,0,0,0,0,32,30,30,62,65476,0,300,0,0,8,21553,0.0,-107605600.0,0.0,0.0,0.0,0.0,0.0,0.0,0.0,0.0,0.0,0.0,0.0,0.0,0.0,0.0,0.0,0.0,0.0,0.0,0.0,0.0,2.004,-0.0,2.004,0.0,0.0,0.0,0.0,0.0,5548.0,0.0,6912.0,0.0,2.7184296605801213e+23,-0.0,0.0,0.0,0.0,0.0,0.0,63,-152018370953216.0,4.066861591590245e+29,0.0,0.0,0.0,0.0,0.0,0.0,0.0,0,0,0,0.0,0.0,0.0,0.0,0.0,0.0,0.0,0.0,0.0,0.0,0.0,0.0,0.0,0.0,0.0,0.0,0,-107875648.0,63,0.0,126,2.7184242562605685e+23,2.842318642297501e+23,ERR,ERR,ERR,ERR,ERR,ERR,ERR,ERR,ERR,ERR,ERR,ERR,ERR,ERR,ERR,ERR,ERR,ERR,ERR,ERR,ERR,ERR,ERR,ERR,ERR,ERR,ERR,ERR,ERR,ERR,ERR,ERR,ERR,ERR,ERR,ERR,ERR,ERR,ERR,ERR,ERR,ERR,ERR,ERR,ERR,ERR,ERR,ERR,ERR,ERR,ERR,ERR,ERR,ERR,ERR,ERR,ERR,ERR,ERR,ERR,ERR,ERR,ERR,ERR,ERR,ERR,ERR,34.0,80.0,35,0.0,0.0,0.0,0.0,0.0,0.0,0.0,0.0,0.0,0.0,0.0,0.0,0.0,0.0,0.0,0.0,64.4,0,116,56,49,65476,0,300,0,0,8,20529,65476,0,0,57672,80.0,0.0,0.0,0.0,0.0,0.0
2026-06-17T04:57:45,ERR,ERR,ERR,ERR,ERR,ERR,ERR,ERR,ERR,ERR,ERR,ERR,ERR,ERR,ERR,ERR,ERR,ERR,ERR,ERR,ERR,ERR,ERR,ERR,ERR,ERR,ERR,ERR,ERR,ERR,ERR,ERR,ERR,ERR,ERR,ERR,ERR,ERR,ERR,ERR,ERR,ERR,ERR,ERR,ERR,ERR,ERR,ERR,ERR,ERR,ERR,ERR,ERR,ERR,ERR,ERR,ERR,ERR,ERR,ERR,ERR,ERR,ERR,ERR,ERR,ERR,ERR,ERR,ERR,ERR,ERR,ERR,ERR,ERR,ERR,ERR,ERR,ERR,ERR,ERR,ERR,ERR,ERR,ERR,ERR,ERR,ERR,ERR,ERR,ERR,ERR,ERR,ERR,ERR,ERR,ERR,ERR,ERR,ERR,ERR,ERR,ERR,ERR,ERR,ERR,ERR,ERR,ERR,ERR,ERR,ERR,ERR,ERR,ERR,ERR,ERR,ERR,ERR,ERR,ERR,ERR,ERR,ERR,ERR,ERR,0.0,-0.0,3.028208139652935e+23,0.0,0.0,1.3936040501711995e+18,7.805,0.0,0,0,4,0,7300,-0.0,0,0.0,0.0,0.0,0.0,0.0,0,0,0,0,0.0,0,0,0,0,0,0,0,0,0,0,0,0,0,0,0,0,0,0,0,0,0,0,0,0,0,0,0,0,0,0,0,0,0,32,30,30,62,65476,0,300,0,0,8,21553,0.0,-107605600.0,0.0,0.0,0.0,0.0,0.0,0.0,0.0,0.0,0.0,0.0,0.0,0.0,0.0,0.0,0.0,0.0,0.0,0.0,0.0,0.0,2.004,-0.0,2.004,0.0,0.0,0.0,0.0,0.0,5548.0,0.0,6912.0,0.0,2.7184296605801213e+23,-0.0,0.0,0.0,0.0,0.0,0.0,63,-152018370953216.0,4.066861591590245e+29,0.0,0.0,0.0,0.0,0.0,0.0,0.0,0,0,0,0.0,0.0,0.0,0.0,0.0,0.0,0.0,0.0,0.0,0.0,0.0,0.0,0.0,0.0,0.0,0.0,0,-107875648.0,63,0.0,126,2.7184242562605685e+23,2.842318642297501e+23,ERR,ERR,ERR,ERR,ERR,ERR,ERR,ERR,ERR,ERR,ERR,ERR,ERR,ERR,ERR,ERR,ERR,ERR,ERR,ERR,ERR,ERR,ERR,ERR,ERR,ERR,ERR,ERR,ERR,ERR,ERR,ERR,ERR,ERR,ERR,ERR,ERR,ERR,ERR,ERR,ERR,ERR,ERR,ERR,ERR,ERR,ERR,ERR,ERR,ERR,ERR,ERR,ERR,ERR,ERR,ERR,ERR,ERR,ERR,ERR,ERR,ERR,ERR,ERR,ERR,ERR,ERR,34.0,80.0,35,0.0,0.0,0.0,0.0,0.0,0.0,0.0,0.0,0.0,0.0,0.0,0.0,0.0,0.0,0.0,0.0,64.4,0,116,56,49,65476,0,300,0,0,8,20529,65476,0,0,57672,80.0,0.0,0.0,0.0,0.0,0.0
2026-06-17T04:57:46,ERR,ERR,ERR,ERR,ERR,ERR,ERR,ERR,ERR,ERR,ERR,ERR,ERR,ERR,ERR,ERR,ERR,ERR,ERR,ERR,ERR,ERR,ERR,ERR,ERR,ERR,ERR,ERR,ERR,ERR,ERR,ERR,ERR,ERR,ERR,ERR,ERR,ERR,ERR,ERR,ERR,ERR,ERR,ERR,ERR,ERR,ERR,ERR,ERR,ERR,ERR,ERR,ERR,ERR,ERR,ERR,ERR,ERR,ERR,ERR,ERR,ERR,ERR,ERR,ERR,ERR,ERR,ERR,ERR,ERR,ERR,ERR,ERR,ERR,ERR,ERR,ERR,ERR,ERR,ERR,ERR,ERR,ERR,ERR,ERR,ERR,ERR,ERR,ERR,ERR,ERR,ERR,ERR,ERR,ERR,ERR,ERR,ERR,ERR,ERR,ERR,ERR,ERR,ERR,ERR,ERR,ERR,ERR,ERR,ERR,ERR,ERR,ERR,ERR,ERR,ERR,ERR,ERR,ERR,ERR,ERR,ERR,ERR,ERR,ERR,0.0,-0.0,3.028208139652935e+23,0.0,0.0,1.3936040501711995e+18,7.805,0.0,0,0,4,0,7300,-0.0,0,0.0,0.0,0.0,0.0,0.0,0,0,0,0,0.0,0,0,0,0,0,0,0,0,0,0,0,0,0,0,0,0,0,0,0,0,0,0,0,0,0,0,0,0,0,0,0,0,0,32,30,30,62,65476,0,300,0,0,8,21553,0.0,-107605600.0,0.0,0.0,0.0,0.0,0.0,0.0,0.0,0.0,0.0,0.0,0.0,0.0,0.0,0.0,0.0,0.0,0.0,0.0,0.0,0.0,2.004,-0.0,2.004,0.0,0.0,0.0,0.0,0.0,5548.0,0.0,6912.0,0.0,2.7184296605801213e+23,-0.0,0.0,0.0,0.0,0.0,0.0,63,-152018370953216.0,4.066861591590245e+29,0.0,0.0,0.0,0.0,0.0,0.0,0.0,0,0,0,0.0,0.0,0.0,0.0,0.0,0.0,0.0,0.0,0.0,0.0,0.0,0.0,0.0,0.0,0.0,0.0,0,-107875648.0,63,0.0,126,2.7184242562605685e+23,2.842318642297501e+23,ERR,ERR,ERR,ERR,ERR,ERR,ERR,ERR,ERR,ERR,ERR,ERR,ERR,ERR,ERR,ERR,ERR,ERR,ERR,ERR,ERR,ERR,ERR,ERR,ERR,ERR,ERR,ERR,ERR,ERR,ERR,ERR,ERR,ERR,ERR,ERR,ERR,ERR,ERR,ERR,ERR,ERR,ERR,ERR,ERR,ERR,ERR,ERR,ERR,ERR,ERR,ERR,ERR,ERR,ERR,ERR,ERR,ERR,ERR,ERR,ERR,ERR,ERR,ERR,ERR,ERR,ERR,34.0,80.0,35,0.0,0.0,0.0,0.0,0.0,0.0,0.0,0.0,0.0,0.0,0.0,0.0,0.0,0.0,0.0,0.0,64.4,0,116,56,49,65476,0,300,0,0,8,20529,65476,0,0,57672,80.0,0.0,0.0,0.0,0.0,0.0
2026-06-17T04:57:47,ERR,ERR,ERR,ERR,ERR,ERR,ERR,ERR,ERR,ERR,ERR,ERR,ERR,ERR,ERR,ERR,ERR,ERR,ERR,ERR,ERR,ERR,ERR,ERR,ERR,ERR,ERR,ERR,ERR,ERR,ERR,ERR,ERR,ERR,ERR,ERR,ERR,ERR,ERR,ERR,ERR,ERR,ERR,ERR,ERR,ERR,ERR,ERR,ERR,ERR,ERR,ERR,ERR,ERR,ERR,ERR,ERR,ERR,ERR,ERR,ERR,ERR,ERR,ERR,ERR,ERR,ERR,ERR,ERR,ERR,ERR,ERR,ERR,ERR,ERR,ERR,ERR,ERR,ERR,ERR,ERR,ERR,ERR,ERR,ERR,ERR,ERR,ERR,ERR,ERR,ERR,ERR,ERR,ERR,ERR,ERR,ERR,ERR,ERR,ERR,ERR,ERR,ERR,ERR,ERR,ERR,ERR,ERR,ERR,ERR,ERR,ERR,ERR,ERR,ERR,ERR,ERR,ERR,ERR,ERR,ERR,ERR,ERR,ERR,ERR,0.0,-0.0,3.028208139652935e+23,0.0,0.0,1.3936040501711995e+18,7.805,0.0,0,0,4,0,7300,-0.0,0,0.0,0.0,0.0,0.0,0.0,0,0,0,0,0.0,0,0,0,0,0,0,0,0,0,0,0,0,0,0,0,0,0,0,0,0,0,0,0,0,0,0,0,0,0,0,0,0,0,32,30,30,62,65476,0,300,0,0,8,21553,0.0,-107605600.0,0.0,0.0,0.0,0.0,0.0,0.0,0.0,0.0,0.0,0.0,0.0,0.0,0.0,0.0,0.0,0.0,0.0,0.0,0.0,0.0,2.004,-0.0,2.004,0.0,0.0,0.0,0.0,0.0,5548.0,0.0,6912.0,0.0,2.7184296605801213e+23,-0.0,0.0,0.0,0.0,0.0,0.0,63,-152018370953216.0,4.066861591590245e+29,0.0,0.0,0.0,0.0,0.0,0.0,0.0,0,0,0,0.0,0.0,0.0,0.0,0.0,0.0,0.0,0.0,0.0,0.0,0.0,0.0,0.0,0.0,0.0,0.0,0,-107875648.0,63,0.0,126,2.7184242562605685e+23,2.842318642297501e+23,ERR,ERR,ERR,ERR,ERR,ERR,ERR,ERR,ERR,ERR,ERR,ERR,ERR,ERR,ERR,ERR,ERR,ERR,ERR,ERR,ERR,ERR,ERR,ERR,ERR,ERR,ERR,ERR,ERR,ERR,ERR,ERR,ERR,ERR,ERR,ERR,ERR,ERR,ERR,ERR,ERR,ERR,ERR,ERR,ERR,ERR,ERR,ERR,ERR,ERR,ERR,ERR,ERR,ERR,ERR,ERR,ERR,ERR,ERR,ERR,ERR,ERR,ERR,ERR,ERR,ERR,ERR,34.0,80.0,35,0.0,0.0,0.0,0.0,0.0,0.0,0.0,0.0,0.0,0.0,0.0,0.0,0.0,0.0,0.0,0.0,64.4,0,116,56,49,65476,0,300,0,0,8,20529,65476,0,0,57672,80.0,0.0,0.0,0.0,0.0,0.0
2026-06-17T04:57:48,ERR,ERR,ERR,ERR,ERR,ERR,ERR,ERR,ERR,ERR,ERR,ERR,ERR,ERR,ERR,ERR,ERR,ERR,ERR,ERR,ERR,ERR,ERR,ERR,ERR,ERR,ERR,ERR,ERR,ERR,ERR,ERR,ERR,ERR,ERR,ERR,ERR,ERR,ERR,ERR,ERR,ERR,ERR,ERR,ERR,ERR,ERR,ERR,ERR,ERR,ERR,ERR,ERR,ERR,ERR,ERR,ERR,ERR,ERR,ERR,ERR,ERR,ERR,ERR,ERR,ERR,ERR,ERR,ERR,ERR,ERR,ERR,ERR,ERR,ERR,ERR,ERR,ERR,ERR,ERR,ERR,ERR,ERR,ERR,ERR,ERR,ERR,ERR,ERR,ERR,ERR,ERR,ERR,ERR,ERR,ERR,ERR,ERR,ERR,ERR,ERR,ERR,ERR,ERR,ERR,ERR,ERR,ERR,ERR,ERR,ERR,ERR,ERR,ERR,ERR,ERR,ERR,ERR,ERR,ERR,ERR,ERR,ERR,ERR,ERR,0.0,-0.0,3.028208139652935e+23,0.0,0.0,1.3936040501711995e+18,7.805,0.0,0,0,4,0,7300,-0.0,0,0.0,0.0,0.0,0.0,0.0,0,0,0,0,0.0,0,0,0,0,0,0,0,0,0,0,0,0,0,0,0,0,0,0,0,0,0,0,0,0,0,0,0,0,0,0,0,0,0,32,30,30,62,65476,0,300,0,0,8,21553,0.0,-107605600.0,0.0,0.0,0.0,0.0,0.0,0.0,0.0,0.0,0.0,0.0,0.0,0.0,0.0,0.0,0.0,0.0,0.0,0.0,0.0,0.0,2.004,-0.0,2.004,0.0,0.0,0.0,0.0,0.0,5548.0,0.0,6912.0,0.0,2.7184296605801213e+23,-0.0,0.0,0.0,0.0,0.0,0.0,63,-152018370953216.0,4.066861591590245e+29,0.0,0.0,0.0,0.0,0.0,0.0,0.0,0,0,0,0.0,0.0,0.0,0.0,0.0,0.0,0.0,0.0,0.0,0.0,0.0,0.0,0.0,0.0,0.0,0.0,0,-107875648.0,63,0.0,126,2.7184242562605685e+23,2.842318642297501e+23,ERR,ERR,ERR,ERR,ERR,ERR,ERR,ERR,ERR,ERR,ERR,ERR,ERR,ERR,ERR,ERR,ERR,ERR,ERR,ERR,ERR,ERR,ERR,ERR,ERR,ERR,ERR,ERR,ERR,ERR,ERR,ERR,ERR,ERR,ERR,ERR,ERR,ERR,ERR,ERR,ERR,ERR,ERR,ERR,ERR,ERR,ERR,ERR,ERR,ERR,ERR,ERR,ERR,ERR,ERR,ERR,ERR,ERR,ERR,ERR,ERR,ERR,ERR,ERR,ERR,ERR,ERR,34.0,80.0,35,0.0,0.0,0.0,0.0,0.0,0.0,0.0,0.0,0.0,0.0,0.0,0.0,0.0,0.0,0.0,0.0,64.4,0,116,56,49,65476,0,300,0,0,8,20529,65476,0,0,57672,80.0,0.0,0.0,0.0,0.0,0.0
2026-06-17T04:57:49,ERR,ERR,ERR,ERR,ERR,ERR,ERR,ERR,ERR,ERR,ERR,ERR,ERR,ERR,ERR,ERR,ERR,ERR,ERR,ERR,ERR,ERR,ERR,ERR,ERR,ERR,ERR,ERR,ERR,ERR,ERR,ERR,ERR,ERR,ERR,ERR,ERR,ERR,ERR,ERR,ERR,ERR,ERR,ERR,ERR,ERR,ERR,ERR,ERR,ERR,ERR,ERR,ERR,ERR,ERR,ERR,ERR,ERR,ERR,ERR,ERR,ERR,ERR,ERR,ERR,ERR,ERR,ERR,ERR,ERR,ERR,ERR,ERR,ERR,ERR,ERR,ERR,ERR,ERR,ERR,ERR,ERR,ERR,ERR,ERR,ERR,ERR,ERR,ERR,ERR,ERR,ERR,ERR,ERR,ERR,ERR,ERR,ERR,ERR,ERR,ERR,ERR,ERR,ERR,ERR,ERR,ERR,ERR,ERR,ERR,ERR,ERR,ERR,ERR,ERR,ERR,ERR,ERR,ERR,ERR,ERR,ERR,ERR,ERR,ERR,0.0,-0.0,-0.0,0.0,0.0,1.3936040501711995e+18,7.805,0.0,0,0,4,0,7300,-0.0,0,0.0,0.0,0.0,0.0,0.0,0,0,0,0,0.0,0,0,0,0,0,0,0,0,0,0,0,0,0,0,0,0,0,0,0,0,0,0,0,0,0,0,0,0,0,0,0,0,0,32,30,30,62,65476,0,300,0,0,8,21553,0.0,-107605600.0,0.0,0.0,0.0,0.0,0.0,0.0,0.0,0.0,0.0,0.0,0.0,0.0,0.0,0.0,0.0,0.0,0.0,0.0,0.0,0.0,2.004,-0.0,2.004,0.0,0.0,0.0,0.0,0.0,5516.0,-564146907119616.0,6939.0,0.0,2.7184296605801213e+23,-0.0,0.0,0.0,0.0,0.0,0.0,63,-152018370953216.0,0.059,0.0,0.0,0.0,0.0,0.0,0.0,0.0,0,0,0,0.0,0.0,0.0,0.0,0.0,0.0,0.0,0.0,0.0,0.0,0.0,0.0,0.0,0.0,0.0,0.0,0,-107875648.0,63,0.0,126,2.7184242562605685e+23,2.842318642297501e+23,ERR,ERR,ERR,ERR,ERR,ERR,ERR,ERR,ERR,ERR,ERR,ERR,ERR,ERR,ERR,ERR,ERR,ERR,ERR,ERR,ERR,ERR,ERR,ERR,ERR,ERR,ERR,ERR,ERR,ERR,ERR,ERR,ERR,ERR,ERR,ERR,ERR,ERR,ERR,ERR,ERR,ERR,ERR,ERR,ERR,ERR,ERR,ERR,ERR,ERR,ERR,ERR,ERR,ERR,ERR,ERR,ERR,ERR,ERR,ERR,ERR,ERR,ERR,ERR,ERR,ERR,ERR,34.0,80.0,35,0.0,0.0,0.0,0.0,0.0,0.0,0.0,0.0,0.0,0.0,0.0,0.0,0.0,0.0,0.0,0.0,64.4,0,116,56,49,65476,0,300,0,0,8,20529,65476,0,0,57672,80.0,0.0,0.0,0.0,0.0,0.0
2026-06-17T04:57:50,ERR,ERR,ERR,ERR,ERR,ERR,ERR,ERR,ERR,ERR,ERR,ERR,ERR,ERR,ERR,ERR,ERR,ERR,ERR,ERR,ERR,ERR,ERR,ERR,ERR,ERR,ERR,ERR,ERR,ERR,ERR,ERR,ERR,ERR,ERR,ERR,ERR,ERR,ERR,ERR,ERR,ERR,ERR,ERR,ERR,ERR,ERR,ERR,ERR,ERR,ERR,ERR,ERR,ERR,ERR,ERR,ERR,ERR,ERR,ERR,ERR,ERR,ERR,ERR,ERR,ERR,ERR,ERR,ERR,ERR,ERR,ERR,ERR,ERR,ERR,ERR,ERR,ERR,ERR,ERR,ERR,ERR,ERR,ERR,ERR,ERR,ERR,ERR,ERR,ERR,ERR,ERR,ERR,ERR,ERR,ERR,ERR,ERR,ERR,ERR,ERR,ERR,ERR,ERR,ERR,ERR,ERR,ERR,ERR,ERR,ERR,ERR,ERR,ERR,ERR,ERR,ERR,ERR,ERR,ERR,ERR,ERR,ERR,ERR,ERR,0.0,-0.0,-0.0,0.0,0.0,1.3936040501711995e+18,7.805,0.0,0,0,4,0,7300,-0.0,0,0.0,0.0,0.0,0.0,0.0,0,0,0,0,0.0,0,0,0,0,0,0,0,0,0,0,0,0,0,0,0,0,0,0,0,0,0,0,0,0,0,0,0,0,0,0,0,0,0,32,30,30,62,65476,0,300,0,0,8,21553,0.0,-107605600.0,0.0,0.0,0.0,0.0,0.0,0.0,0.0,0.0,0.0,0.0,0.0,0.0,0.0,0.0,0.0,0.0,0.0,0.0,0.0,0.0,2.004,-0.0,2.004,0.0,0.0,0.0,0.0,0.0,5516.0,-564146907119616.0,6939.0,0.0,2.7184296605801213e+23,-0.0,0.0,0.0,0.0,0.0,0.0,63,-152018370953216.0,0.059,0.0,0.0,0.0,0.0,0.0,0.0,0.0,0,0,0,0.0,0.0,0.0,0.0,0.0,0.0,0.0,0.0,0.0,0.0,0.0,0.0,0.0,0.0,0.0,0.0,0,-107875648.0,63,0.0,126,2.7184242562605685e+23,2.842318642297501e+23,ERR,ERR,ERR,ERR,ERR,ERR,ERR,ERR,ERR,ERR,ERR,ERR,ERR,ERR,ERR,ERR,ERR,ERR,ERR,ERR,ERR,ERR,ERR,ERR,ERR,ERR,ERR,ERR,ERR,ERR,ERR,ERR,ERR,ERR,ERR,ERR,ERR,ERR,ERR,ERR,ERR,ERR,ERR,ERR,ERR,ERR,ERR,ERR,ERR,ERR,ERR,ERR,ERR,ERR,ERR,ERR,ERR,ERR,ERR,ERR,ERR,ERR,ERR,ERR,ERR,ERR,ERR,34.0,80.0,35,0.0,0.0,0.0,0.0,0.0,0.0,0.0,0.0,0.0,0.0,0.0,0.0,0.0,0.0,0.0,0.0,64.4,0,116,56,49,65476,0,300,0,0,8,20529,65476,0,0,57672,80.0,0.0,0.0,0.0,0.0,0.0
2026-06-17T04:57:51,ERR,ERR,ERR,ERR,ERR,ERR,ERR,ERR,ERR,ERR,ERR,ERR,ERR,ERR,ERR,ERR,ERR,ERR,ERR,ERR,ERR,ERR,ERR,ERR,ERR,ERR,ERR,ERR,ERR,ERR,ERR,ERR,ERR,ERR,ERR,ERR,ERR,ERR,ERR,ERR,ERR,ERR,ERR,ERR,ERR,ERR,ERR,ERR,ERR,ERR,ERR,ERR,ERR,ERR,ERR,ERR,ERR,ERR,ERR,ERR,ERR,ERR,ERR,ERR,ERR,ERR,ERR,ERR,ERR,ERR,ERR,ERR,ERR,ERR,ERR,ERR,ERR,ERR,ERR,ERR,ERR,ERR,ERR,ERR,ERR,ERR,ERR,ERR,ERR,ERR,ERR,ERR,ERR,ERR,ERR,ERR,ERR,ERR,ERR,ERR,ERR,ERR,ERR,ERR,ERR,ERR,ERR,ERR,ERR,ERR,ERR,ERR,ERR,ERR,ERR,ERR,ERR,ERR,ERR,ERR,ERR,ERR,ERR,ERR,ERR,0.0,-0.0,-0.0,0.0,0.0,1.3936040501711995e+18,7.805,0.0,0,0,4,0,7300,-0.0,0,0.0,0.0,0.0,0.0,0.0,0,0,0,0,0.0,0,0,0,0,0,0,0,0,0,0,0,0,0,0,0,0,0,0,0,0,0,0,0,0,0,0,0,0,0,0,0,0,0,32,30,30,62,65476,0,300,0,0,8,21553,0.0,-107605600.0,0.0,0.0,0.0,0.0,0.0,0.0,0.0,0.0,0.0,0.0,0.0,0.0,0.0,0.0,0.0,0.0,0.0,0.0,0.0,0.0,2.004,-0.0,2.004,0.0,0.0,0.0,0.0,0.0,5516.0,-564146907119616.0,6939.0,0.0,2.7184296605801213e+23,-0.0,0.0,0.0,0.0,0.0,0.0,63,-152018370953216.0,0.059,0.0,0.0,0.0,0.0,0.0,0.0,0.0,0,0,0,0.0,0.0,0.0,0.0,0.0,0.0,0.0,0.0,0.0,0.0,0.0,0.0,0.0,0.0,0.0,0.0,0,-107875648.0,63,0.0,126,2.7184242562605685e+23,2.842318642297501e+23,ERR,ERR,ERR,ERR,ERR,ERR,ERR,ERR,ERR,ERR,ERR,ERR,ERR,ERR,ERR,ERR,ERR,ERR,ERR,ERR,ERR,ERR,ERR,ERR,ERR,ERR,ERR,ERR,ERR,ERR,ERR,ERR,ERR,ERR,ERR,ERR,ERR,ERR,ERR,ERR,ERR,ERR,ERR,ERR,ERR,ERR,ERR,ERR,ERR,ERR,ERR,ERR,ERR,ERR,ERR,ERR,ERR,ERR,ERR,ERR,ERR,ERR,ERR,ERR,ERR,ERR,ERR,34.0,80.0,35,0.0,0.0,0.0,0.0,0.0,0.0,0.0,0.0,0.0,0.0,0.0,0.0,0.0,0.0,0.0,0.0,64.8,0,116,56,49,65476,0,300,0,0,8,20529,65476,0,0,57672,80.0,0.0,0.0,0.0,0.0,0.0
2026-06-17T04:57:52,ERR,ERR,ERR,ERR,ERR,ERR,ERR,ERR,ERR,ERR,ERR,ERR,ERR,ERR,ERR,ERR,ERR,ERR,ERR,ERR,ERR,ERR,ERR,ERR,ERR,ERR,ERR,ERR,ERR,ERR,ERR,ERR,ERR,ERR,ERR,ERR,ERR,ERR,ERR,ERR,ERR,ERR,ERR,ERR,ERR,ERR,ERR,ERR,ERR,ERR,ERR,ERR,ERR,ERR,ERR,ERR,ERR,ERR,ERR,ERR,ERR,ERR,ERR,ERR,ERR,ERR,ERR,ERR,ERR,ERR,ERR,ERR,ERR,ERR,ERR,ERR,ERR,ERR,ERR,ERR,ERR,ERR,ERR,ERR,ERR,ERR,ERR,ERR,ERR,ERR,ERR,ERR,ERR,ERR,ERR,ERR,ERR,ERR,ERR,ERR,ERR,ERR,ERR,ERR,ERR,ERR,ERR,ERR,ERR,ERR,ERR,ERR,ERR,ERR,ERR,ERR,ERR,ERR,ERR,ERR,ERR,ERR,ERR,ERR,ERR,0.0,-0.0,-0.0,0.0,0.0,1.3936040501711995e+18,7.805,0.0,0,0,4,0,7300,-0.0,0,0.0,0.0,0.0,0.0,0.0,0,0,0,0,0.0,0,0,0,0,0,0,0,0,0,0,0,0,0,0,0,0,0,0,0,0,0,0,0,0,0,0,0,0,0,0,0,0,0,32,30,30,62,65476,0,300,0,0,8,21553,0.0,-107605600.0,0.0,0.0,0.0,0.0,0.0,0.0,0.0,0.0,0.0,0.0,0.0,0.0,0.0,0.0,0.0,0.0,0.0,0.0,0.0,0.0,2.004,-0.0,2.004,0.0,0.0,0.0,0.0,0.0,5516.0,-564146907119616.0,6939.0,0.0,2.7184296605801213e+23,-0.0,0.0,0.0,0.0,0.0,0.0,63,-152018370953216.0,0.059,0.0,0.0,0.0,0.0,0.0,0.0,0.0,0,0,0,0.0,0.0,0.0,0.0,0.0,0.0,0.0,0.0,0.0,0.0,0.0,0.0,0.0,0.0,0.0,0.0,0,-107875648.0,63,0.0,126,2.7184242562605685e+23,2.842318642297501e+23,ERR,ERR,ERR,ERR,ERR,ERR,ERR,ERR,ERR,ERR,ERR,ERR,ERR,ERR,ERR,ERR,ERR,ERR,ERR,ERR,ERR,ERR,ERR,ERR,ERR,ERR,ERR,ERR,ERR,ERR,ERR,ERR,ERR,ERR,ERR,ERR,ERR,ERR,ERR,ERR,ERR,ERR,ERR,ERR,ERR,ERR,ERR,ERR,ERR,ERR,ERR,ERR,ERR,ERR,ERR,ERR,ERR,ERR,ERR,ERR,ERR,ERR,ERR,ERR,ERR,ERR,ERR,34.0,80.0,35,0.0,0.0,0.0,0.0,0.0,0.0,0.0,0.0,0.0,0.0,0.0,0.0,0.0,0.0,0.0,0.0,64.8,0,116,56,49,65476,0,300,0,0,8,20529,65476,0,0,57672,80.0,0.0,0.0,0.0,0.0,0.0
2026-06-17T04:57:53,ERR,ERR,ERR,ERR,ERR,ERR,ERR,ERR,ERR,ERR,ERR,ERR,ERR,ERR,ERR,ERR,ERR,ERR,ERR,ERR,ERR,ERR,ERR,ERR,ERR,ERR,ERR,ERR,ERR,ERR,ERR,ERR,ERR,ERR,ERR,ERR,ERR,ERR,ERR,ERR,ERR,ERR,ERR,ERR,ERR,ERR,ERR,ERR,ERR,ERR,ERR,ERR,ERR,ERR,ERR,ERR,ERR,ERR,ERR,ERR,ERR,ERR,ERR,ERR,ERR,ERR,ERR,ERR,ERR,ERR,ERR,ERR,ERR,ERR,ERR,ERR,ERR,ERR,ERR,ERR,ERR,ERR,ERR,ERR,ERR,ERR,ERR,ERR,ERR,ERR,ERR,ERR,ERR,ERR,ERR,ERR,ERR,ERR,ERR,ERR,ERR,ERR,ERR,ERR,ERR,ERR,ERR,ERR,ERR,ERR,ERR,ERR,ERR,ERR,ERR,ERR,ERR,ERR,ERR,ERR,ERR,ERR,ERR,ERR,ERR,0.0,-0.0,-0.0,0.0,0.0,1.3936040501711995e+18,7.805,0.0,0,0,4,0,7300,-0.0,0,0.0,0.0,0.0,0.0,0.0,0,0,0,0,0.0,0,0,0,0,0,0,0,0,0,0,0,0,0,0,0,0,0,0,0,0,0,0,0,0,0,0,0,0,0,0,0,0,0,32,30,30,62,65476,0,300,0,0,8,21553,0.0,-107605600.0,0.0,0.0,0.0,0.0,0.0,0.0,0.0,0.0,0.0,0.0,0.0,0.0,0.0,0.0,0.0,0.0,0.0,0.0,0.0,0.0,2.004,-0.0,2.004,0.0,0.0,0.0,0.0,0.0,5516.0,-564146907119616.0,6939.0,0.0,2.7184296605801213e+23,-0.0,0.0,0.0,0.0,0.0,0.0,63,-152018370953216.0,0.059,0.0,0.0,0.0,0.0,0.0,0.0,0.0,0,0,0,0.0,0.0,0.0,0.0,0.0,0.0,0.0,0.0,0.0,0.0,0.0,0.0,0.0,0.0,0.0,0.0,0,-107875648.0,63,0.0,126,2.7184242562605685e+23,2.842318642297501e+23,ERR,ERR,ERR,ERR,ERR,ERR,ERR,ERR,ERR,ERR,ERR,ERR,ERR,ERR,ERR,ERR,ERR,ERR,ERR,ERR,ERR,ERR,ERR,ERR,ERR,ERR,ERR,ERR,ERR,ERR,ERR,ERR,ERR,ERR,ERR,ERR,ERR,ERR,ERR,ERR,ERR,ERR,ERR,ERR,ERR,ERR,ERR,ERR,ERR,ERR,ERR,ERR,ERR,ERR,ERR,ERR,ERR,ERR,ERR,ERR,ERR,ERR,ERR,ERR,ERR,ERR,ERR,34.0,80.0,35,0.0,0.0,0.0,0.0,0.0,0.0,0.0,0.0,0.0,0.0,0.0,0.0,0.0,0.0,0.0,0.0,64.4,0,116,56,49,65476,0,300,0,0,8,20529,65476,0,0,57672,80.0,0.0,0.0,0.0,0.0,0.0
2026-06-17T04:57:54,ERR,ERR,ERR,ERR,ERR,ERR,ERR,ERR,ERR,ERR,ERR,ERR,ERR,ERR,ERR,ERR,ERR,ERR,ERR,ERR,ERR,ERR,ERR,ERR,ERR,ERR,ERR,ERR,ERR,ERR,ERR,ERR,ERR,ERR,ERR,ERR,ERR,ERR,ERR,ERR,ERR,ERR,ERR,ERR,ERR,ERR,ERR,ERR,ERR,ERR,ERR,ERR,ERR,ERR,ERR,ERR,ERR,ERR,ERR,ERR,ERR,ERR,ERR,ERR,ERR,ERR,ERR,ERR,ERR,ERR,ERR,ERR,ERR,ERR,ERR,ERR,ERR,ERR,ERR,ERR,ERR,ERR,ERR,ERR,ERR,ERR,ERR,ERR,ERR,ERR,ERR,ERR,ERR,ERR,ERR,ERR,ERR,ERR,ERR,ERR,ERR,ERR,ERR,ERR,ERR,ERR,ERR,ERR,ERR,ERR,ERR,ERR,ERR,ERR,ERR,ERR,ERR,ERR,ERR,ERR,ERR,ERR,ERR,ERR,ERR,0.0,2.7184296605801213e+23,-100793952.0,0.0,0.0,1.3936040501711995e+18,7.805,0.0,0,0,4,0,7300,-0.0,0,0.0,0.0,0.0,0.0,0.0,0,0,0,0,0.0,0,0,0,0,0,0,0,0,0,0,0,0,0,0,0,0,0,0,0,0,0,0,0,0,0,0,0,0,0,0,0,0,0,32,30,30,62,65476,0,300,0,0,8,21553,0.0,-107605600.0,0.0,0.0,0.0,0.0,0.0,0.0,0.0,0.0,0.0,0.0,0.0,0.0,0.0,0.0,0.0,0.0,0.0,0.0,0.0,0.0,-0.0,-2.004,2.004,0.0,0.0,0.0,0.0,0.0,5516.0,-0.0,6932.0,0.0,-0.0,-0.0,0.0,0.0,0.0,0.0,0.0,63,-152018370953216.0,-4.950409255073651e+32,0.0,0.0,0.0,0.0,0.0,0.0,0.0,0,0,0,0.0,0.0,0.0,0.0,0.0,0.0,0.0,0.0,0.0,0.0,0.0,0.0,0.0,0.0,0.0,0.0,0,-107875648.0,63,0.0,126,2.7184242562605685e+23,2.842318642297501e+23,ERR,ERR,ERR,ERR,ERR,ERR,ERR,ERR,ERR,ERR,ERR,ERR,ERR,ERR,ERR,ERR,ERR,ERR,ERR,ERR,ERR,ERR,ERR,ERR,ERR,ERR,ERR,ERR,ERR,ERR,ERR,ERR,ERR,ERR,ERR,ERR,ERR,ERR,ERR,ERR,ERR,ERR,ERR,ERR,ERR,ERR,ERR,ERR,ERR,ERR,ERR,ERR,ERR,ERR,ERR,ERR,ERR,ERR,ERR,ERR,ERR,ERR,ERR,ERR,ERR,ERR,ERR,34.0,80.0,35,0.0,0.0,0.0,0.0,0.0,0.0,0.0,0.0,0.0,0.0,0.0,0.0,0.0,0.0,0.0,0.0,64.4,0,116,56,49,65476,0,300,0,0,8,20529,65476,0,0,57672,80.0,0.0,0.0,0.0,0.0,0.0
2026-06-17T04:57:55,ERR,ERR,ERR,ERR,ERR,ERR,ERR,ERR,ERR,ERR,ERR,ERR,ERR,ERR,ERR,ERR,ERR,ERR,ERR,ERR,ERR,ERR,ERR,ERR,ERR,ERR,ERR,ERR,ERR,ERR,ERR,ERR,ERR,ERR,ERR,ERR,ERR,ERR,ERR,ERR,ERR,ERR,ERR,ERR,ERR,ERR,ERR,ERR,ERR,ERR,ERR,ERR,ERR,ERR,ERR,ERR,ERR,ERR,ERR,ERR,ERR,ERR,ERR,ERR,ERR,ERR,ERR,ERR,ERR,ERR,ERR,ERR,ERR,ERR,ERR,ERR,ERR,ERR,ERR,ERR,ERR,ERR,ERR,ERR,ERR,ERR,ERR,ERR,ERR,ERR,ERR,ERR,ERR,ERR,ERR,ERR,ERR,ERR,ERR,ERR,ERR,ERR,ERR,ERR,ERR,ERR,ERR,ERR,ERR,ERR,ERR,ERR,ERR,ERR,ERR,ERR,ERR,ERR,ERR,ERR,ERR,ERR,ERR,ERR,ERR,0.0,2.7184296605801213e+23,-100793952.0,0.0,0.0,1.3936040501711995e+18,7.805,0.0,0,0,4,0,7300,-0.0,0,0.0,0.0,0.0,0.0,0.0,0,0,0,0,0.0,0,0,0,0,0,0,0,0,0,0,0,0,0,0,0,0,0,0,0,0,0,0,0,0,0,0,0,0,0,0,0,0,0,32,30,30,62,65476,0,300,0,0,8,21553,0.0,-107605600.0,0.0,0.0,0.0,0.0,0.0,0.0,0.0,0.0,0.0,0.0,0.0,0.0,0.0,0.0,0.0,0.0,0.0,0.0,0.0,0.0,-0.0,-2.004,2.004,0.0,0.0,0.0,0.0,0.0,5516.0,-0.0,6932.0,0.0,-0.0,-0.0,0.0,0.0,0.0,0.0,0.0,63,-152018370953216.0,-4.950409255073651e+32,0.0,0.0,0.0,0.0,0.0,0.0,0.0,0,0,0,0.0,0.0,0.0,0.0,0.0,0.0,0.0,0.0,0.0,0.0,0.0,0.0,0.0,0.0,0.0,0.0,0,-107875648.0,63,0.0,126,2.7184242562605685e+23,2.842318642297501e+23,ERR,ERR,ERR,ERR,ERR,ERR,ERR,ERR,ERR,ERR,ERR,ERR,ERR,ERR,ERR,ERR,ERR,ERR,ERR,ERR,ERR,ERR,ERR,ERR,ERR,ERR,ERR,ERR,ERR,ERR,ERR,ERR,ERR,ERR,ERR,ERR,ERR,ERR,ERR,ERR,ERR,ERR,ERR,ERR,ERR,ERR,ERR,ERR,ERR,ERR,ERR,ERR,ERR,ERR,ERR,ERR,ERR,ERR,ERR,ERR,ERR,ERR,ERR,ERR,ERR,ERR,ERR,34.0,80.0,35,0.0,0.0,0.0,0.0,0.0,0.0,0.0,0.0,0.0,0.0,0.0,0.0,0.0,0.0,0.0,0.0,64.4,0,116,56,49,65476,0,300,0,0,8,20529,65476,0,0,57672,80.0,0.0,0.0,0.0,0.0,0.0
2026-06-17T04:57:56,ERR,ERR,ERR,ERR,ERR,ERR,ERR,ERR,ERR,ERR,ERR,ERR,ERR,ERR,ERR,ERR,ERR,ERR,ERR,ERR,ERR,ERR,ERR,ERR,ERR,ERR,ERR,ERR,ERR,ERR,ERR,ERR,ERR,ERR,ERR,ERR,ERR,ERR,ERR,ERR,ERR,ERR,ERR,ERR,ERR,ERR,ERR,ERR,ERR,ERR,ERR,ERR,ERR,ERR,ERR,ERR,ERR,ERR,ERR,ERR,ERR,ERR,ERR,ERR,ERR,ERR,ERR,ERR,ERR,ERR,ERR,ERR,ERR,ERR,ERR,ERR,ERR,ERR,ERR,ERR,ERR,ERR,ERR,ERR,ERR,ERR,ERR,ERR,ERR,ERR,ERR,ERR,ERR,ERR,ERR,ERR,ERR,ERR,ERR,ERR,ERR,ERR,ERR,ERR,ERR,ERR,ERR,ERR,ERR,ERR,ERR,ERR,ERR,ERR,ERR,ERR,ERR,ERR,ERR,ERR,ERR,ERR,ERR,ERR,ERR,0.0,2.7184296605801213e+23,-100793952.0,0.0,0.0,1.3936040501711995e+18,7.805,0.0,0,0,4,0,7300,-0.0,0,0.0,0.0,0.0,0.0,0.0,0,0,0,0,0.0,0,0,0,0,0,0,0,0,0,0,0,0,0,0,0,0,0,0,0,0,0,0,0,0,0,0,0,0,0,0,0,0,0,32,30,30,62,65476,0,300,0,0,8,21553,0.0,-107605600.0,0.0,0.0,0.0,0.0,0.0,0.0,0.0,0.0,0.0,0.0,0.0,0.0,0.0,0.0,0.0,0.0,0.0,0.0,0.0,0.0,-0.0,-2.004,2.004,0.0,0.0,0.0,0.0,0.0,5516.0,-0.0,6932.0,0.0,-0.0,-0.0,0.0,0.0,0.0,0.0,0.0,63,-152018370953216.0,-4.950409255073651e+32,0.0,0.0,0.0,0.0,0.0,0.0,0.0,0,0,0,0.0,0.0,0.0,0.0,0.0,0.0,0.0,0.0,0.0,0.0,0.0,0.0,0.0,0.0,0.0,0.0,0,-107875648.0,63,0.0,126,2.7184242562605685e+23,2.842318642297501e+23,ERR,ERR,ERR,ERR,ERR,ERR,ERR,ERR,ERR,ERR,ERR,ERR,ERR,ERR,ERR,ERR,ERR,ERR,ERR,ERR,ERR,ERR,ERR,ERR,ERR,ERR,ERR,ERR,ERR,ERR,ERR,ERR,ERR,ERR,ERR,ERR,ERR,ERR,ERR,ERR,ERR,ERR,ERR,ERR,ERR,ERR,ERR,ERR,ERR,ERR,ERR,ERR,ERR,ERR,ERR,ERR,ERR,ERR,ERR,ERR,ERR,ERR,ERR,ERR,ERR,ERR,ERR,34.0,80.0,35,0.0,0.0,0.0,0.0,0.0,0.0,0.0,0.0,0.0,0.0,0.0,0.0,0.0,0.0,0.0,0.0,64.4,0,116,56,49,65476,0,300,0,0,8,20529,65476,0,0,57672,80.0,0.0,0.0,0.0,0.0,0.0
2026-06-17T04:57:57,ERR,ERR,ERR,ERR,ERR,ERR,ERR,ERR,ERR,ERR,ERR,ERR,ERR,ERR,ERR,ERR,ERR,ERR,ERR,ERR,ERR,ERR,ERR,ERR,ERR,ERR,ERR,ERR,ERR,ERR,ERR,ERR,ERR,ERR,ERR,ERR,ERR,ERR,ERR,ERR,ERR,ERR,ERR,ERR,ERR,ERR,ERR,ERR,ERR,ERR,ERR,ERR,ERR,ERR,ERR,ERR,ERR,ERR,ERR,ERR,ERR,ERR,ERR,ERR,ERR,ERR,ERR,ERR,ERR,ERR,ERR,ERR,ERR,ERR,ERR,ERR,ERR,ERR,ERR,ERR,ERR,ERR,ERR,ERR,ERR,ERR,ERR,ERR,ERR,ERR,ERR,ERR,ERR,ERR,ERR,ERR,ERR,ERR,ERR,ERR,ERR,ERR,ERR,ERR,ERR,ERR,ERR,ERR,ERR,ERR,ERR,ERR,ERR,ERR,ERR,ERR,ERR,ERR,ERR,ERR,ERR,ERR,ERR,ERR,ERR,0.0,2.7184296605801213e+23,-100793952.0,0.0,0.0,1.3936040501711995e+18,7.805,0.0,0,0,4,0,7300,-0.0,0,0.0,0.0,0.0,0.0,0.0,0,0,0,0,0.0,0,0,0,0,0,0,0,0,0,0,0,0,0,0,0,0,0,0,0,0,0,0,0,0,0,0,0,0,0,0,0,0,0,32,30,30,62,65476,0,300,0,0,8,21553,0.0,-107605600.0,0.0,0.0,0.0,0.0,0.0,0.0,0.0,0.0,0.0,0.0,0.0,0.0,0.0,0.0,0.0,0.0,0.0,0.0,0.0,0.0,-0.0,-2.004,2.004,0.0,0.0,0.0,0.0,0.0,5516.0,-0.0,6932.0,0.0,-0.0,-0.0,0.0,0.0,0.0,0.0,0.0,63,-152018370953216.0,-4.950409255073651e+32,0.0,0.0,0.0,0.0,0.0,0.0,0.0,0,0,0,0.0,0.0,0.0,0.0,0.0,0.0,0.0,0.0,0.0,0.0,0.0,0.0,0.0,0.0,0.0,0.0,0,-107875648.0,63,0.0,126,2.7184242562605685e+23,2.842318642297501e+23,ERR,ERR,ERR,ERR,ERR,ERR,ERR,ERR,ERR,ERR,ERR,ERR,ERR,ERR,ERR,ERR,ERR,ERR,ERR,ERR,ERR,ERR,ERR,ERR,ERR,ERR,ERR,ERR,ERR,ERR,ERR,ERR,ERR,ERR,ERR,ERR,ERR,ERR,ERR,ERR,ERR,ERR,ERR,ERR,ERR,ERR,ERR,ERR,ERR,ERR,ERR,ERR,ERR,ERR,ERR,ERR,ERR,ERR,ERR,ERR,ERR,ERR,ERR,ERR,ERR,ERR,ERR,34.0,80.0,35,0.0,0.0,0.0,0.0,0.0,0.0,0.0,0.0,0.0,0.0,0.0,0.0,0.0,0.0,0.0,0.0,64.4,0,116,56,49,65476,0,300,0,0,8,20529,65476,0,0,57672,80.0,0.0,0.0,0.0,0.0,0.0
2026-06-17T04:57:58,ERR,ERR,ERR,ERR,ERR,ERR,ERR,ERR,ERR,ERR,ERR,ERR,ERR,ERR,ERR,ERR,ERR,ERR,ERR,ERR,ERR,ERR,ERR,ERR,ERR,ERR,ERR,ERR,ERR,ERR,ERR,ERR,ERR,ERR,ERR,ERR,ERR,ERR,ERR,ERR,ERR,ERR,ERR,ERR,ERR,ERR,ERR,ERR,ERR,ERR,ERR,ERR,ERR,ERR,ERR,ERR,ERR,ERR,ERR,ERR,ERR,ERR,ERR,ERR,ERR,ERR,ERR,ERR,ERR,ERR,ERR,ERR,ERR,ERR,ERR,ERR,ERR,ERR,ERR,ERR,ERR,ERR,ERR,ERR,ERR,ERR,ERR,ERR,ERR,ERR,ERR,ERR,ERR,ERR,ERR,ERR,ERR,ERR,ERR,ERR,ERR,ERR,ERR,ERR,ERR,ERR,ERR,ERR,ERR,ERR,ERR,ERR,ERR,ERR,ERR,ERR,ERR,ERR,ERR,ERR,ERR,ERR,ERR,ERR,ERR,0.0,2.7184296605801213e+23,-100793952.0,0.0,0.0,1.3936040501711995e+18,7.805,0.0,0,0,4,0,7300,-0.0,0,0.0,0.0,0.0,0.0,0.0,0,0,0,0,0.0,0,0,0,0,0,0,0,0,0,0,0,0,0,0,0,0,0,0,0,0,0,0,0,0,0,0,0,0,0,0,0,0,0,32,30,30,62,65476,0,300,0,0,8,21553,0.0,-107605600.0,0.0,0.0,0.0,0.0,0.0,0.0,0.0,0.0,0.0,0.0,0.0,0.0,0.0,0.0,0.0,0.0,0.0,0.0,0.0,0.0,-0.0,-2.004,2.004,0.0,0.0,0.0,0.0,0.0,5516.0,-0.0,6932.0,0.0,-0.0,-0.0,0.0,0.0,0.0,0.0,0.0,63,-152018370953216.0,-4.950409255073651e+32,0.0,0.0,0.0,0.0,0.0,0.0,0.0,0,0,0,0.0,0.0,0.0,0.0,0.0,0.0,0.0,0.0,0.0,0.0,0.0,0.0,0.0,0.0,0.0,0.0,0,-107875648.0,63,0.0,126,2.7184242562605685e+23,2.842318642297501e+23,ERR,ERR,ERR,ERR,ERR,ERR,ERR,ERR,ERR,ERR,ERR,ERR,ERR,ERR,ERR,ERR,ERR,ERR,ERR,ERR,ERR,ERR,ERR,ERR,ERR,ERR,ERR,ERR,ERR,ERR,ERR,ERR,ERR,ERR,ERR,ERR,ERR,ERR,ERR,ERR,ERR,ERR,ERR,ERR,ERR,ERR,ERR,ERR,ERR,ERR,ERR,ERR,ERR,ERR,ERR,ERR,ERR,ERR,ERR,ERR,ERR,ERR,ERR,ERR,ERR,ERR,ERR,34.0,80.0,35,0.0,0.0,0.0,0.0,0.0,0.0,0.0,0.0,0.0,0.0,0.0,0.0,0.0,0.0,0.0,0.0,64.4,0,116,56,49,65476,0,300,0,0,8,20529,65476,0,0,57672,80.0,0.0,0.0,0.0,0.0,0.0
2026-06-17T04:57:59,ERR,ERR,ERR,ERR,ERR,ERR,ERR,ERR,ERR,ERR,ERR,ERR,ERR,ERR,ERR,ERR,ERR,ERR,ERR,ERR,ERR,ERR,ERR,ERR,ERR,ERR,ERR,ERR,ERR,ERR,ERR,ERR,ERR,ERR,ERR,ERR,ERR,ERR,ERR,ERR,ERR,ERR,ERR,ERR,ERR,ERR,ERR,ERR,ERR,ERR,ERR,ERR,ERR,ERR,ERR,ERR,ERR,ERR,ERR,ERR,ERR,ERR,ERR,ERR,ERR,ERR,ERR,ERR,ERR,ERR,ERR,ERR,ERR,ERR,ERR,ERR,ERR,ERR,ERR,ERR,ERR,ERR,ERR,ERR,ERR,ERR,ERR,ERR,ERR,ERR,ERR,ERR,ERR,ERR,ERR,ERR,ERR,ERR,ERR,ERR,ERR,ERR,ERR,ERR,ERR,ERR,ERR,ERR,ERR,ERR,ERR,ERR,ERR,ERR,ERR,ERR,ERR,ERR,ERR,ERR,ERR,ERR,ERR,ERR,ERR,0.0,-0.0,3.028208139652935e+23,0.0,0.0,1.3936040501711995e+18,7.805,0.0,0,0,4,0,7300,-0.0,0,0.0,0.0,0.0,0.0,0.0,0,0,0,0,0.0,0,0,0,0,0,0,0,0,0,0,0,0,0,0,0,0,0,0,0,0,0,0,0,0,0,0,0,0,0,0,0,0,0,32,30,30,62,65476,0,300,0,0,8,21553,0.0,-107605600.0,0.0,0.0,0.0,0.0,0.0,0.0,0.0,0.0,0.0,0.0,0.0,0.0,0.0,0.0,0.0,0.0,0.0,0.0,0.0,0.0,-0.0,-2.004,2.004,0.0,0.0,0.0,0.0,0.0,5516.0,-8608198656.0,6938.0,0.0,-0.0,-0.0,0.0,0.0,0.0,0.0,0.0,63,-152018370953216.0,0.0,0.0,0.0,0.0,0.0,0.0,0.0,0.0,0,0,0,0.0,0.0,0.0,0.0,0.0,0.0,0.0,0.0,0.0,0.0,0.0,0.0,0.0,0.0,0.0,0.0,0,-107875648.0,63,0.0,126,2.7184242562605685e+23,2.842318642297501e+23,ERR,ERR,ERR,ERR,ERR,ERR,ERR,ERR,ERR,ERR,ERR,ERR,ERR,ERR,ERR,ERR,ERR,ERR,ERR,ERR,ERR,ERR,ERR,ERR,ERR,ERR,ERR,ERR,ERR,ERR,ERR,ERR,ERR,ERR,ERR,ERR,ERR,ERR,ERR,ERR,ERR,ERR,ERR,ERR,ERR,ERR,ERR,ERR,ERR,ERR,ERR,ERR,ERR,ERR,ERR,ERR,ERR,ERR,ERR,ERR,ERR,ERR,ERR,ERR,ERR,ERR,ERR,34.0,80.0,35,0.0,0.0,0.0,0.0,0.0,0.0,0.0,0.0,0.0,0.0,0.0,0.0,0.0,0.0,0.0,0.0,64.4,0,116,56,49,65476,0,300,0,0,8,20529,65476,0,0,57672,80.0,0.0,0.0,0.0,0.0,0.0
2026-06-17T04:58:00,ERR,ERR,ERR,ERR,ERR,ERR,ERR,ERR,ERR,ERR,ERR,ERR,ERR,ERR,ERR,ERR,ERR,ERR,ERR,ERR,ERR,ERR,ERR,ERR,ERR,ERR,ERR,ERR,ERR,ERR,ERR,ERR,ERR,ERR,ERR,ERR,ERR,ERR,ERR,ERR,ERR,ERR,ERR,ERR,ERR,ERR,ERR,ERR,ERR,ERR,ERR,ERR,ERR,ERR,ERR,ERR,ERR,ERR,ERR,ERR,ERR,ERR,ERR,ERR,ERR,ERR,ERR,ERR,ERR,ERR,ERR,ERR,ERR,ERR,ERR,ERR,ERR,ERR,ERR,ERR,ERR,ERR,ERR,ERR,ERR,ERR,ERR,ERR,ERR,ERR,ERR,ERR,ERR,ERR,ERR,ERR,ERR,ERR,ERR,ERR,ERR,ERR,ERR,ERR,ERR,ERR,ERR,ERR,ERR,ERR,ERR,ERR,ERR,ERR,ERR,ERR,ERR,ERR,ERR,ERR,ERR,ERR,ERR,ERR,ERR,0.0,-0.0,3.028208139652935e+23,0.0,0.0,1.3936040501711995e+18,7.805,0.0,0,0,4,0,7300,-0.0,0,0.0,0.0,0.0,0.0,0.0,0,0,0,0,0.0,0,0,0,0,0,0,0,0,0,0,0,0,0,0,0,0,0,0,0,0,0,0,0,0,0,0,0,0,0,0,0,0,0,32,30,30,62,65476,0,300,0,0,8,21553,0.0,-107605600.0,0.0,0.0,0.0,0.0,0.0,0.0,0.0,0.0,0.0,0.0,0.0,0.0,0.0,0.0,0.0,0.0,0.0,0.0,0.0,0.0,-0.0,-2.004,2.004,0.0,0.0,0.0,0.0,0.0,5516.0,-8608198656.0,6938.0,0.0,-0.0,-0.0,0.0,0.0,0.0,0.0,0.0,63,-152018370953216.0,0.0,0.0,0.0,0.0,0.0,0.0,0.0,0.0,0,0,0,0.0,0.0,0.0,0.0,0.0,0.0,0.0,0.0,0.0,0.0,0.0,0.0,0.0,0.0,0.0,0.0,0,-107875648.0,63,0.0,126,2.7184242562605685e+23,2.842318642297501e+23,ERR,ERR,ERR,ERR,ERR,ERR,ERR,ERR,ERR,ERR,ERR,ERR,ERR,ERR,ERR,ERR,ERR,ERR,ERR,ERR,ERR,ERR,ERR,ERR,ERR,ERR,ERR,ERR,ERR,ERR,ERR,ERR,ERR,ERR,ERR,ERR,ERR,ERR,ERR,ERR,ERR,ERR,ERR,ERR,ERR,ERR,ERR,ERR,ERR,ERR,ERR,ERR,ERR,ERR,ERR,ERR,ERR,ERR,ERR,ERR,ERR,ERR,ERR,ERR,ERR,ERR,ERR,34.0,80.0,35,0.0,0.0,0.0,0.0,0.0,0.0,0.0,0.0,0.0,0.0,0.0,0.0,0.0,0.0,0.0,0.0,64.4,0,116,56,49,65476,0,300,0,0,8,20529,65476,0,0,57672,80.0,0.0,0.0,0.0,0.0,0.0
2026-06-17T04:58:01,ERR,ERR,ERR,ERR,ERR,ERR,ERR,ERR,ERR,ERR,ERR,ERR,ERR,ERR,ERR,ERR,ERR,ERR,ERR,ERR,ERR,ERR,ERR,ERR,ERR,ERR,ERR,ERR,ERR,ERR,ERR,ERR,ERR,ERR,ERR,ERR,ERR,ERR,ERR,ERR,ERR,ERR,ERR,ERR,ERR,ERR,ERR,ERR,ERR,ERR,ERR,ERR,ERR,ERR,ERR,ERR,ERR,ERR,ERR,ERR,ERR,ERR,ERR,ERR,ERR,ERR,ERR,ERR,ERR,ERR,ERR,ERR,ERR,ERR,ERR,ERR,ERR,ERR,ERR,ERR,ERR,ERR,ERR,ERR,ERR,ERR,ERR,ERR,ERR,ERR,ERR,ERR,ERR,ERR,ERR,ERR,ERR,ERR,ERR,ERR,ERR,ERR,ERR,ERR,ERR,ERR,ERR,ERR,ERR,ERR,ERR,ERR,ERR,ERR,ERR,ERR,ERR,ERR,ERR,ERR,ERR,ERR,ERR,ERR,ERR,0.0,-0.0,3.028208139652935e+23,0.0,0.0,1.3936040501711995e+18,7.805,0.0,0,0,4,0,7300,-0.0,0,0.0,0.0,0.0,0.0,0.0,0,0,0,0,0.0,0,0,0,0,0,0,0,0,0,0,0,0,0,0,0,0,0,0,0,0,0,0,0,0,0,0,0,0,0,0,0,0,0,32,30,30,62,65476,0,300,0,0,8,21553,0.0,-107605600.0,0.0,0.0,0.0,0.0,0.0,0.0,0.0,0.0,0.0,0.0,0.0,0.0,0.0,0.0,0.0,0.0,0.0,0.0,0.0,0.0,-0.0,-2.004,2.004,0.0,0.0,0.0,0.0,0.0,5516.0,-8608198656.0,6938.0,0.0,-0.0,-0.0,0.0,0.0,0.0,0.0,0.0,63,-152018370953216.0,0.0,0.0,0.0,0.0,0.0,0.0,0.0,0.0,0,0,0,0.0,0.0,0.0,0.0,0.0,0.0,0.0,0.0,0.0,0.0,0.0,0.0,0.0,0.0,0.0,0.0,0,-107875648.0,63,0.0,126,2.7184242562605685e+23,2.842318642297501e+23,ERR,ERR,ERR,ERR,ERR,ERR,ERR,ERR,ERR,ERR,ERR,ERR,ERR,ERR,ERR,ERR,ERR,ERR,ERR,ERR,ERR,ERR,ERR,ERR,ERR,ERR,ERR,ERR,ERR,ERR,ERR,ERR,ERR,ERR,ERR,ERR,ERR,ERR,ERR,ERR,ERR,ERR,ERR,ERR,ERR,ERR,ERR,ERR,ERR,ERR,ERR,ERR,ERR,ERR,ERR,ERR,ERR,ERR,ERR,ERR,ERR,ERR,ERR,ERR,ERR,ERR,ERR,34.0,80.0,35,0.0,0.0,0.0,0.0,0.0,0.0,0.0,0.0,0.0,0.0,0.0,0.0,0.0,0.0,0.0,0.0,64.4,0,116,56,49,65476,0,300,0,0,8,20529,65476,0,0,57672,80.0,0.0,0.0,0.0,0.0,0.0
2026-06-17T04:58:02,ERR,ERR,ERR,ERR,ERR,ERR,ERR,ERR,ERR,ERR,ERR,ERR,ERR,ERR,ERR,ERR,ERR,ERR,ERR,ERR,ERR,ERR,ERR,ERR,ERR,ERR,ERR,ERR,ERR,ERR,ERR,ERR,ERR,ERR,ERR,ERR,ERR,ERR,ERR,ERR,ERR,ERR,ERR,ERR,ERR,ERR,ERR,ERR,ERR,ERR,ERR,ERR,ERR,ERR,ERR,ERR,ERR,ERR,ERR,ERR,ERR,ERR,ERR,ERR,ERR,ERR,ERR,ERR,ERR,ERR,ERR,ERR,ERR,ERR,ERR,ERR,ERR,ERR,ERR,ERR,ERR,ERR,ERR,ERR,ERR,ERR,ERR,ERR,ERR,ERR,ERR,ERR,ERR,ERR,ERR,ERR,ERR,ERR,ERR,ERR,ERR,ERR,ERR,ERR,ERR,ERR,ERR,ERR,ERR,ERR,ERR,ERR,ERR,ERR,ERR,ERR,ERR,ERR,ERR,ERR,ERR,ERR,ERR,ERR,ERR,0.0,-0.0,3.028208139652935e+23,0.0,0.0,1.3936040501711995e+18,7.805,0.0,0,0,4,0,7300,-0.0,0,0.0,0.0,0.0,0.0,0.0,0,0,0,0,0.0,0,0,0,0,0,0,0,0,0,0,0,0,0,0,0,0,0,0,0,0,0,0,0,0,0,0,0,0,0,0,0,0,0,32,30,30,62,65476,0,300,0,0,8,21553,0.0,-107605600.0,0.0,0.0,0.0,0.0,0.0,0.0,0.0,0.0,0.0,0.0,0.0,0.0,0.0,0.0,0.0,0.0,0.0,0.0,0.0,0.0,-0.0,-2.004,2.004,0.0,0.0,0.0,0.0,0.0,5516.0,-8608198656.0,6938.0,0.0,-0.0,-0.0,0.0,0.0,0.0,0.0,0.0,63,-152018370953216.0,0.0,0.0,0.0,0.0,0.0,0.0,0.0,0.0,0,0,0,0.0,0.0,0.0,0.0,0.0,0.0,0.0,0.0,0.0,0.0,0.0,0.0,0.0,0.0,0.0,0.0,0,-107875648.0,63,0.0,126,2.7184242562605685e+23,2.842318642297501e+23,ERR,ERR,ERR,ERR,ERR,ERR,ERR,ERR,ERR,ERR,ERR,ERR,ERR,ERR,ERR,ERR,ERR,ERR,ERR,ERR,ERR,ERR,ERR,ERR,ERR,ERR,ERR,ERR,ERR,ERR,ERR,ERR,ERR,ERR,ERR,ERR,ERR,ERR,ERR,ERR,ERR,ERR,ERR,ERR,ERR,ERR,ERR,ERR,ERR,ERR,ERR,ERR,ERR,ERR,ERR,ERR,ERR,ERR,ERR,ERR,ERR,ERR,ERR,ERR,ERR,ERR,ERR,34.0,80.0,35,0.0,0.0,0.0,0.0,0.0,0.0,0.0,0.0,0.0,0.0,0.0,0.0,0.0,0.0,0.0,0.0,64.4,0,116,56,49,65476,0,300,0,0,8,20529,65476,0,0,57672,80.0,0.0,0.0,0.0,0.0,0.0
2026-06-17T04:58:03,ERR,ERR,ERR,ERR,ERR,ERR,ERR,ERR,ERR,ERR,ERR,ERR,ERR,ERR,ERR,ERR,ERR,ERR,ERR,ERR,ERR,ERR,ERR,ERR,ERR,ERR,ERR,ERR,ERR,ERR,ERR,ERR,ERR,ERR,ERR,ERR,ERR,ERR,ERR,ERR,ERR,ERR,ERR,ERR,ERR,ERR,ERR,ERR,ERR,ERR,ERR,ERR,ERR,ERR,ERR,ERR,ERR,ERR,ERR,ERR,ERR,ERR,ERR,ERR,ERR,ERR,ERR,ERR,ERR,ERR,ERR,ERR,ERR,ERR,ERR,ERR,ERR,ERR,ERR,ERR,ERR,ERR,ERR,ERR,ERR,ERR,ERR,ERR,ERR,ERR,ERR,ERR,ERR,ERR,ERR,ERR,ERR,ERR,ERR,ERR,ERR,ERR,ERR,ERR,ERR,ERR,ERR,ERR,ERR,ERR,ERR,ERR,ERR,ERR,ERR,ERR,ERR,ERR,ERR,ERR,ERR,ERR,ERR,ERR,ERR,0.0,-0.0,3.028208139652935e+23,0.0,0.0,1.3936040501711995e+18,7.805,0.0,0,0,4,0,7300,-0.0,0,0.0,0.0,0.0,0.0,0.0,0,0,0,0,0.0,0,0,0,0,0,0,0,0,0,0,0,0,0,0,0,0,0,0,0,0,0,0,0,0,0,0,0,0,0,0,0,0,0,32,30,30,62,65476,0,300,0,0,8,21553,0.0,-107605600.0,0.0,0.0,0.0,0.0,0.0,0.0,0.0,0.0,0.0,0.0,0.0,0.0,0.0,0.0,0.0,0.0,0.0,0.0,0.0,0.0,-0.0,-2.004,2.004,0.0,0.0,0.0,0.0,0.0,5516.0,-8608198656.0,6938.0,0.0,-0.0,-0.0,0.0,0.0,0.0,0.0,0.0,63,-152018370953216.0,0.0,0.0,0.0,0.0,0.0,0.0,0.0,0.0,0,0,0,0.0,0.0,0.0,0.0,0.0,0.0,0.0,0.0,0.0,0.0,0.0,0.0,0.0,0.0,0.0,0.0,0,-107875648.0,63,0.0,126,2.7184242562605685e+23,2.842318642297501e+23,ERR,ERR,ERR,ERR,ERR,ERR,ERR,ERR,ERR,ERR,ERR,ERR,ERR,ERR,ERR,ERR,ERR,ERR,ERR,ERR,ERR,ERR,ERR,ERR,ERR,ERR,ERR,ERR,ERR,ERR,ERR,ERR,ERR,ERR,ERR,ERR,ERR,ERR,ERR,ERR,ERR,ERR,ERR,ERR,ERR,ERR,ERR,ERR,ERR,ERR,ERR,ERR,ERR,ERR,ERR,ERR,ERR,ERR,ERR,ERR,ERR,ERR,ERR,ERR,ERR,ERR,ERR,34.0,80.0,35,0.0,0.0,0.0,0.0,0.0,0.0,0.0,0.0,0.0,0.0,0.0,0.0,0.0,0.0,0.0,0.0,64.4,0,116,56,49,65476,0,300,0,0,8,20529,65476,0,0,57672,80.0,0.0,0.0,0.0,0.0,0.0
2026-06-17T04:58:04,ERR,ERR,ERR,ERR,ERR,ERR,ERR,ERR,ERR,ERR,ERR,ERR,ERR,ERR,ERR,ERR,ERR,ERR,ERR,ERR,ERR,ERR,ERR,ERR,ERR,ERR,ERR,ERR,ERR,ERR,ERR,ERR,ERR,ERR,ERR,ERR,ERR,ERR,ERR,ERR,ERR,ERR,ERR,ERR,ERR,ERR,ERR,ERR,ERR,ERR,ERR,ERR,ERR,ERR,ERR,ERR,ERR,ERR,ERR,ERR,ERR,ERR,ERR,ERR,ERR,ERR,ERR,ERR,ERR,ERR,ERR,ERR,ERR,ERR,ERR,ERR,ERR,ERR,ERR,ERR,ERR,ERR,ERR,ERR,ERR,ERR,ERR,ERR,ERR,ERR,ERR,ERR,ERR,ERR,ERR,ERR,ERR,ERR,ERR,ERR,ERR,ERR,ERR,ERR,ERR,ERR,ERR,ERR,ERR,ERR,ERR,ERR,ERR,ERR,ERR,ERR,ERR,ERR,ERR,ERR,ERR,ERR,ERR,ERR,ERR,0.0,-0.0,3.028208139652935e+23,0.0,0.0,1.3936040501711995e+18,7.805,0.0,0,0,4,0,7300,-0.0,0,0.0,0.0,0.0,0.0,0.0,0,0,0,0,0.0,0,0,0,0,0,0,0,0,0,0,0,0,0,0,0,0,0,0,0,0,0,0,0,0,0,0,0,0,0,0,0,0,0,32,30,30,62,65476,0,300,0,0,8,21553,0.0,-107605600.0,0.0,0.0,0.0,0.0,0.0,0.0,0.0,0.0,0.0,0.0,0.0,0.0,0.0,0.0,0.0,0.0,0.0,0.0,0.0,0.0,2.004,-0.0,2.004,0.0,0.0,0.0,0.0,0.0,5515.0,-1.5879323754288253e+29,6942.0,0.0,-0.0,-0.0,0.0,0.0,0.0,0.0,0.0,63,-126841069568.0,1.9056895305397043e+17,0.0,0.0,0.0,0.0,0.0,0.0,0.0,0,0,0,0.0,0.0,0.0,0.0,0.0,0.0,0.0,0.0,0.0,0.0,0.0,0.0,0.0,0.0,0.0,0.0,0,-107875648.0,63,0.0,126,2.7184242562605685e+23,2.842318642297501e+23,ERR,ERR,ERR,ERR,ERR,ERR,ERR,ERR,ERR,ERR,ERR,ERR,ERR,ERR,ERR,ERR,ERR,ERR,ERR,ERR,ERR,ERR,ERR,ERR,ERR,ERR,ERR,ERR,ERR,ERR,ERR,ERR,ERR,ERR,ERR,ERR,ERR,ERR,ERR,ERR,ERR,ERR,ERR,ERR,ERR,ERR,ERR,ERR,ERR,ERR,ERR,ERR,ERR,ERR,ERR,ERR,ERR,ERR,ERR,ERR,ERR,ERR,ERR,ERR,ERR,ERR,ERR,34.0,80.0,35,0.0,0.0,0.0,0.0,0.0,0.0,0.0,0.0,0.0,0.0,0.0,0.0,0.0,0.0,0.0,0.0,64.4,0,116,56,49,65476,0,300,0,0,8,20529,65476,0,0,57672,80.0,0.0,0.0,0.0,0.0,0.0
2026-06-17T04:58:05,ERR,ERR,ERR,ERR,ERR,ERR,ERR,ERR,ERR,ERR,ERR,ERR,ERR,ERR,ERR,ERR,ERR,ERR,ERR,ERR,ERR,ERR,ERR,ERR,ERR,ERR,ERR,ERR,ERR,ERR,ERR,ERR,ERR,ERR,ERR,ERR,ERR,ERR,ERR,ERR,ERR,ERR,ERR,ERR,ERR,ERR,ERR,ERR,ERR,ERR,ERR,ERR,ERR,ERR,ERR,ERR,ERR,ERR,ERR,ERR,ERR,ERR,ERR,ERR,ERR,ERR,ERR,ERR,ERR,ERR,ERR,ERR,ERR,ERR,ERR,ERR,ERR,ERR,ERR,ERR,ERR,ERR,ERR,ERR,ERR,ERR,ERR,ERR,ERR,ERR,ERR,ERR,ERR,ERR,ERR,ERR,ERR,ERR,ERR,ERR,ERR,ERR,ERR,ERR,ERR,ERR,ERR,ERR,ERR,ERR,ERR,ERR,ERR,ERR,ERR,ERR,ERR,ERR,ERR,ERR,ERR,ERR,ERR,ERR,ERR,0.0,-0.0,3.028208139652935e+23,0.0,0.0,1.3936040501711995e+18,7.805,0.0,0,0,4,0,7300,-0.0,0,0.0,0.0,0.0,0.0,0.0,0,0,0,0,0.0,0,0,0,0,0,0,0,0,0,0,0,0,0,0,0,0,0,0,0,0,0,0,0,0,0,0,0,0,0,0,0,0,0,32,30,30,62,65476,0,300,0,0,8,21553,0.0,-107605600.0,0.0,0.0,0.0,0.0,0.0,0.0,0.0,0.0,0.0,0.0,0.0,0.0,0.0,0.0,0.0,0.0,0.0,0.0,0.0,0.0,2.004,-0.0,2.004,0.0,0.0,0.0,0.0,0.0,5515.0,-1.5879323754288253e+29,6942.0,0.0,-0.0,-0.0,0.0,0.0,0.0,0.0,0.0,63,-126841069568.0,1.9056895305397043e+17,0.0,0.0,0.0,0.0,0.0,0.0,0.0,0,0,0,0.0,0.0,0.0,0.0,0.0,0.0,0.0,0.0,0.0,0.0,0.0,0.0,0.0,0.0,0.0,0.0,0,-107875648.0,63,0.0,126,2.7184242562605685e+23,2.842318642297501e+23,ERR,ERR,ERR,ERR,ERR,ERR,ERR,ERR,ERR,ERR,ERR,ERR,ERR,ERR,ERR,ERR,ERR,ERR,ERR,ERR,ERR,ERR,ERR,ERR,ERR,ERR,ERR,ERR,ERR,ERR,ERR,ERR,ERR,ERR,ERR,ERR,ERR,ERR,ERR,ERR,ERR,ERR,ERR,ERR,ERR,ERR,ERR,ERR,ERR,ERR,ERR,ERR,ERR,ERR,ERR,ERR,ERR,ERR,ERR,ERR,ERR,ERR,ERR,ERR,ERR,ERR,ERR,34.0,80.0,35,0.0,0.0,0.0,0.0,0.0,0.0,0.0,0.0,0.0,0.0,0.0,0.0,0.0,0.0,0.0,0.0,64.4,0,116,56,49,65476,0,300,0,0,8,20529,65476,0,0,57672,80.0,0.0,0.0,0.0,0.0,0.0
2026-06-17T04:58:06,ERR,ERR,ERR,ERR,ERR,ERR,ERR,ERR,ERR,ERR,ERR,ERR,ERR,ERR,ERR,ERR,ERR,ERR,ERR,ERR,ERR,ERR,ERR,ERR,ERR,ERR,ERR,ERR,ERR,ERR,ERR,ERR,ERR,ERR,ERR,ERR,ERR,ERR,ERR,ERR,ERR,ERR,ERR,ERR,ERR,ERR,ERR,ERR,ERR,ERR,ERR,ERR,ERR,ERR,ERR,ERR,ERR,ERR,ERR,ERR,ERR,ERR,ERR,ERR,ERR,ERR,ERR,ERR,ERR,ERR,ERR,ERR,ERR,ERR,ERR,ERR,ERR,ERR,ERR,ERR,ERR,ERR,ERR,ERR,ERR,ERR,ERR,ERR,ERR,ERR,ERR,ERR,ERR,ERR,ERR,ERR,ERR,ERR,ERR,ERR,ERR,ERR,ERR,ERR,ERR,ERR,ERR,ERR,ERR,ERR,ERR,ERR,ERR,ERR,ERR,ERR,ERR,ERR,ERR,ERR,ERR,ERR,ERR,ERR,ERR,0.0,-0.0,3.028208139652935e+23,0.0,0.0,1.3936040501711995e+18,7.805,0.0,0,0,4,0,7300,-0.0,0,0.0,0.0,0.0,0.0,0.0,0,0,0,0,0.0,0,0,0,0,0,0,0,0,0,0,0,0,0,0,0,0,0,0,0,0,0,0,0,0,0,0,0,0,0,0,0,0,0,32,30,30,62,65476,0,300,0,0,8,21553,0.0,-107605600.0,0.0,0.0,0.0,0.0,0.0,0.0,0.0,0.0,0.0,0.0,0.0,0.0,0.0,0.0,0.0,0.0,0.0,0.0,0.0,0.0,2.004,-0.0,2.004,0.0,0.0,0.0,0.0,0.0,5515.0,-1.5879323754288253e+29,6942.0,0.0,-0.0,-0.0,0.0,0.0,0.0,0.0,0.0,63,-126841069568.0,1.9056895305397043e+17,0.0,0.0,0.0,0.0,0.0,0.0,0.0,0,0,0,0.0,0.0,0.0,0.0,0.0,0.0,0.0,0.0,0.0,0.0,0.0,0.0,0.0,0.0,0.0,0.0,0,-107875648.0,63,0.0,126,2.7184242562605685e+23,2.842318642297501e+23,ERR,ERR,ERR,ERR,ERR,ERR,ERR,ERR,ERR,ERR,ERR,ERR,ERR,ERR,ERR,ERR,ERR,ERR,ERR,ERR,ERR,ERR,ERR,ERR,ERR,ERR,ERR,ERR,ERR,ERR,ERR,ERR,ERR,ERR,ERR,ERR,ERR,ERR,ERR,ERR,ERR,ERR,ERR,ERR,ERR,ERR,ERR,ERR,ERR,ERR,ERR,ERR,ERR,ERR,ERR,ERR,ERR,ERR,ERR,ERR,ERR,ERR,ERR,ERR,ERR,ERR,ERR,34.0,80.0,35,0.0,0.0,0.0,0.0,0.0,0.0,0.0,0.0,0.0,0.0,0.0,0.0,0.0,0.0,0.0,0.0,64.4,0,116,56,49,65476,0,300,0,0,8,20529,65476,0,0,57672,80.0,0.0,0.0,0.0,0.0,0.0
2026-06-17T04:58:07,ERR,ERR,ERR,ERR,ERR,ERR,ERR,ERR,ERR,ERR,ERR,ERR,ERR,ERR,ERR,ERR,ERR,ERR,ERR,ERR,ERR,ERR,ERR,ERR,ERR,ERR,ERR,ERR,ERR,ERR,ERR,ERR,ERR,ERR,ERR,ERR,ERR,ERR,ERR,ERR,ERR,ERR,ERR,ERR,ERR,ERR,ERR,ERR,ERR,ERR,ERR,ERR,ERR,ERR,ERR,ERR,ERR,ERR,ERR,ERR,ERR,ERR,ERR,ERR,ERR,ERR,ERR,ERR,ERR,ERR,ERR,ERR,ERR,ERR,ERR,ERR,ERR,ERR,ERR,ERR,ERR,ERR,ERR,ERR,ERR,ERR,ERR,ERR,ERR,ERR,ERR,ERR,ERR,ERR,ERR,ERR,ERR,ERR,ERR,ERR,ERR,ERR,ERR,ERR,ERR,ERR,ERR,ERR,ERR,ERR,ERR,ERR,ERR,ERR,ERR,ERR,ERR,ERR,ERR,ERR,ERR,ERR,ERR,ERR,ERR,0.0,-0.0,3.028208139652935e+23,0.0,0.0,1.3936040501711995e+18,7.805,0.0,0,0,4,0,7300,-0.0,0,0.0,0.0,0.0,0.0,0.0,0,0,0,0,0.0,0,0,0,0,0,0,0,0,0,0,0,0,0,0,0,0,0,0,0,0,0,0,0,0,0,0,0,0,0,0,0,0,0,32,30,30,62,65476,0,300,0,0,8,21553,0.0,-107605600.0,0.0,0.0,0.0,0.0,0.0,0.0,0.0,0.0,0.0,0.0,0.0,0.0,0.0,0.0,0.0,0.0,0.0,0.0,0.0,0.0,2.004,-0.0,2.004,0.0,0.0,0.0,0.0,0.0,5515.0,-1.5879323754288253e+29,6942.0,0.0,-0.0,-0.0,0.0,0.0,0.0,0.0,0.0,63,-126841069568.0,1.9056895305397043e+17,0.0,0.0,0.0,0.0,0.0,0.0,0.0,0,0,0,0.0,0.0,0.0,0.0,0.0,0.0,0.0,0.0,0.0,0.0,0.0,0.0,0.0,0.0,0.0,0.0,0,-107875648.0,63,0.0,126,2.7184242562605685e+23,2.842318642297501e+23,ERR,ERR,ERR,ERR,ERR,ERR,ERR,ERR,ERR,ERR,ERR,ERR,ERR,ERR,ERR,ERR,ERR,ERR,ERR,ERR,ERR,ERR,ERR,ERR,ERR,ERR,ERR,ERR,ERR,ERR,ERR,ERR,ERR,ERR,ERR,ERR,ERR,ERR,ERR,ERR,ERR,ERR,ERR,ERR,ERR,ERR,ERR,ERR,ERR,ERR,ERR,ERR,ERR,ERR,ERR,ERR,ERR,ERR,ERR,ERR,ERR,ERR,ERR,ERR,ERR,ERR,ERR,34.0,80.0,35,0.0,0.0,0.0,0.0,0.0,0.0,0.0,0.0,0.0,0.0,0.0,0.0,0.0,0.0,0.0,0.0,64.4,0,116,56,49,65476,0,300,0,0,8,20529,65476,0,0,57672,80.0,0.0,0.0,0.0,0.0,0.0
2026-06-17T04:58:08,ERR,ERR,ERR,ERR,ERR,ERR,ERR,ERR,ERR,ERR,ERR,ERR,ERR,ERR,ERR,ERR,ERR,ERR,ERR,ERR,ERR,ERR,ERR,ERR,ERR,ERR,ERR,ERR,ERR,ERR,ERR,ERR,ERR,ERR,ERR,ERR,ERR,ERR,ERR,ERR,ERR,ERR,ERR,ERR,ERR,ERR,ERR,ERR,ERR,ERR,ERR,ERR,ERR,ERR,ERR,ERR,ERR,ERR,ERR,ERR,ERR,ERR,ERR,ERR,ERR,ERR,ERR,ERR,ERR,ERR,ERR,ERR,ERR,ERR,ERR,ERR,ERR,ERR,ERR,ERR,ERR,ERR,ERR,ERR,ERR,ERR,ERR,ERR,ERR,ERR,ERR,ERR,ERR,ERR,ERR,ERR,ERR,ERR,ERR,ERR,ERR,ERR,ERR,ERR,ERR,ERR,ERR,ERR,ERR,ERR,ERR,ERR,ERR,ERR,ERR,ERR,ERR,ERR,ERR,ERR,ERR,ERR,ERR,ERR,ERR,0.0,-0.0,3.028208139652935e+23,0.0,0.0,1.3936040501711995e+18,7.805,0.0,0,0,4,0,7300,-0.0,0,0.0,0.0,0.0,0.0,0.0,0,0,0,0,0.0,0,0,0,0,0,0,0,0,0,0,0,0,0,0,0,0,0,0,0,0,0,0,0,0,0,0,0,0,0,0,0,0,0,32,30,30,62,65476,0,300,0,0,8,21553,0.0,-107605600.0,0.0,0.0,0.0,0.0,0.0,0.0,0.0,0.0,0.0,0.0,0.0,0.0,0.0,0.0,0.0,0.0,0.0,0.0,0.0,0.0,2.004,-0.0,2.004,0.0,0.0,0.0,0.0,0.0,5515.0,-1.5879323754288253e+29,6942.0,0.0,-0.0,-0.0,0.0,0.0,0.0,0.0,0.0,63,-126841069568.0,1.9056895305397043e+17,0.0,0.0,0.0,0.0,0.0,0.0,0.0,0,0,0,0.0,0.0,0.0,0.0,0.0,0.0,0.0,0.0,0.0,0.0,0.0,0.0,0.0,0.0,0.0,0.0,0,-107875648.0,63,0.0,126,2.7184242562605685e+23,2.842318642297501e+23,ERR,ERR,ERR,ERR,ERR,ERR,ERR,ERR,ERR,ERR,ERR,ERR,ERR,ERR,ERR,ERR,ERR,ERR,ERR,ERR,ERR,ERR,ERR,ERR,ERR,ERR,ERR,ERR,ERR,ERR,ERR,ERR,ERR,ERR,ERR,ERR,ERR,ERR,ERR,ERR,ERR,ERR,ERR,ERR,ERR,ERR,ERR,ERR,ERR,ERR,ERR,ERR,ERR,ERR,ERR,ERR,ERR,ERR,ERR,ERR,ERR,ERR,ERR,ERR,ERR,ERR,ERR,34.0,80.0,35,0.0,0.0,0.0,0.0,0.0,0.0,0.0,0.0,0.0,0.0,0.0,0.0,0.0,0.0,0.0,0.0,64.4,0,116,56,49,65476,0,300,0,0,8,20529,65476,0,0,57672,80.0,0.0,0.0,0.0,0.0,0.0
2026-06-17T04:58:09,ERR,ERR,ERR,ERR,ERR,ERR,ERR,ERR,ERR,ERR,ERR,ERR,ERR,ERR,ERR,ERR,ERR,ERR,ERR,ERR,ERR,ERR,ERR,ERR,ERR,ERR,ERR,ERR,ERR,ERR,ERR,ERR,ERR,ERR,ERR,ERR,ERR,ERR,ERR,ERR,ERR,ERR,ERR,ERR,ERR,ERR,ERR,ERR,ERR,ERR,ERR,ERR,ERR,ERR,ERR,ERR,ERR,ERR,ERR,ERR,ERR,ERR,ERR,ERR,ERR,ERR,ERR,ERR,ERR,ERR,ERR,ERR,ERR,ERR,ERR,ERR,ERR,ERR,ERR,ERR,ERR,ERR,ERR,ERR,ERR,ERR,ERR,ERR,ERR,ERR,ERR,ERR,ERR,ERR,ERR,ERR,ERR,ERR,ERR,ERR,ERR,ERR,ERR,ERR,ERR,ERR,ERR,ERR,ERR,ERR,ERR,ERR,ERR,ERR,ERR,ERR,ERR,ERR,ERR,ERR,ERR,ERR,ERR,ERR,ERR,0.0,-0.0,3.028208139652935e+23,0.0,0.0,1.3936040501711995e+18,7.805,0.0,0,0,4,0,7300,-0.0,0,0.0,0.0,0.0,0.0,0.0,0,0,0,0,0.0,0,0,0,0,0,0,0,0,0,0,0,0,0,0,0,0,0,0,0,0,0,0,0,0,0,0,0,0,0,0,0,0,0,32,30,30,62,65476,0,300,0,0,8,21553,0.0,-107605600.0,0.0,0.0,0.0,0.0,0.0,0.0,0.0,0.0,0.0,0.0,0.0,0.0,0.0,0.0,0.0,0.0,0.0,0.0,0.0,0.0,2.004,-0.0,2.004,0.0,0.0,0.0,0.0,0.0,5515.0,-1.5879323754288253e+29,6942.0,0.0,-0.0,-0.0,0.0,0.0,0.0,0.0,0.0,63,-126841069568.0,1.9056895305397043e+17,0.0,0.0,0.0,0.0,0.0,0.0,0.0,0,0,0,0.0,0.0,0.0,0.0,0.0,0.0,0.0,0.0,0.0,0.0,0.0,0.0,0.0,0.0,0.0,0.0,0,-107875648.0,63,0.0,126,2.7184242562605685e+23,2.842318642297501e+23,ERR,ERR,ERR,ERR,ERR,ERR,ERR,ERR,ERR,ERR,ERR,ERR,ERR,ERR,ERR,ERR,ERR,ERR,ERR,ERR,ERR,ERR,ERR,ERR,ERR,ERR,ERR,ERR,ERR,ERR,ERR,ERR,ERR,ERR,ERR,ERR,ERR,ERR,ERR,ERR,ERR,ERR,ERR,ERR,ERR,ERR,ERR,ERR,ERR,ERR,ERR,ERR,ERR,ERR,ERR,ERR,ERR,ERR,ERR,ERR,ERR,ERR,ERR,ERR,ERR,ERR,ERR,34.0,80.0,35,0.0,0.0,0.0,0.0,0.0,0.0,0.0,0.0,0.0,0.0,0.0,0.0,0.0,0.0,0.0,0.0,64.4,0,116,56,49,65476,0,300,0,0,8,20529,65476,0,0,57672,80.0,0.0,0.0,0.0,0.0,0.0
2026-06-17T04:58:10,ERR,ERR,ERR,ERR,ERR,ERR,ERR,ERR,ERR,ERR,ERR,ERR,ERR,ERR,ERR,ERR,ERR,ERR,ERR,ERR,ERR,ERR,ERR,ERR,ERR,ERR,ERR,ERR,ERR,ERR,ERR,ERR,ERR,ERR,ERR,ERR,ERR,ERR,ERR,ERR,ERR,ERR,ERR,ERR,ERR,ERR,ERR,ERR,ERR,ERR,ERR,ERR,ERR,ERR,ERR,ERR,ERR,ERR,ERR,ERR,ERR,ERR,ERR,ERR,ERR,ERR,ERR,ERR,ERR,ERR,ERR,ERR,ERR,ERR,ERR,ERR,ERR,ERR,ERR,ERR,ERR,ERR,ERR,ERR,ERR,ERR,ERR,ERR,ERR,ERR,ERR,ERR,ERR,ERR,ERR,ERR,ERR,ERR,ERR,ERR,ERR,ERR,ERR,ERR,ERR,ERR,ERR,ERR,ERR,ERR,ERR,ERR,ERR,ERR,ERR,ERR,ERR,ERR,ERR,ERR,ERR,ERR,ERR,ERR,ERR,0.0,2.7184296605801213e+23,-100793952.0,0.0,0.0,1.3936040501711995e+18,7.805,0.0,0,0,4,0,7300,-0.0,0,0.0,0.0,0.0,0.0,0.0,0,0,0,0,0.0,0,0,0,0,0,0,0,0,0,0,0,0,0,0,0,0,0,0,0,0,0,0,0,0,0,0,0,0,0,0,0,0,0,32,30,30,62,65476,0,300,0,0,8,21553,0.0,-107605600.0,0.0,0.0,0.0,0.0,0.0,0.0,0.0,0.0,0.0,0.0,0.0,0.0,0.0,0.0,0.0,0.0,0.0,0.0,0.0,0.0,-0.0,-2.004,2.004,0.0,0.0,0.0,0.0,0.0,5548.0,-0.0,6931.0,0.0,-0.0,-0.0,0.0,0.0,0.0,0.0,0.0,63,-152018370953216.0,0.0,0.0,0.0,0.0,0.0,0.0,0.0,0.0,0,0,0,0.0,0.0,0.0,0.0,0.0,0.0,0.0,0.0,0.0,0.0,0.0,0.0,0.0,0.0,0.0,0.0,0,-107875648.0,63,0.0,126,2.7184242562605685e+23,2.842318642297501e+23,ERR,ERR,ERR,ERR,ERR,ERR,ERR,ERR,ERR,ERR,ERR,ERR,ERR,ERR,ERR,ERR,ERR,ERR,ERR,ERR,ERR,ERR,ERR,ERR,ERR,ERR,ERR,ERR,ERR,ERR,ERR,ERR,ERR,ERR,ERR,ERR,ERR,ERR,ERR,ERR,ERR,ERR,ERR,ERR,ERR,ERR,ERR,ERR,ERR,ERR,ERR,ERR,ERR,ERR,ERR,ERR,ERR,ERR,ERR,ERR,ERR,ERR,ERR,ERR,ERR,ERR,ERR,34.0,80.0,35,0.0,0.0,0.0,0.0,0.0,0.0,0.0,0.0,0.0,0.0,0.0,0.0,0.0,0.0,0.0,0.0,64.4,0,116,56,49,65476,0,300,0,0,8,20529,65476,0,0,57672,80.0,0.0,0.0,0.0,0.0,0.0
2026-06-17T04:58:11,ERR,ERR,ERR,ERR,ERR,ERR,ERR,ERR,ERR,ERR,ERR,ERR,ERR,ERR,ERR,ERR,ERR,ERR,ERR,ERR,ERR,ERR,ERR,ERR,ERR,ERR,ERR,ERR,ERR,ERR,ERR,ERR,ERR,ERR,ERR,ERR,ERR,ERR,ERR,ERR,ERR,ERR,ERR,ERR,ERR,ERR,ERR,ERR,ERR,ERR,ERR,ERR,ERR,ERR,ERR,ERR,ERR,ERR,ERR,ERR,ERR,ERR,ERR,ERR,ERR,ERR,ERR,ERR,ERR,ERR,ERR,ERR,ERR,ERR,ERR,ERR,ERR,ERR,ERR,ERR,ERR,ERR,ERR,ERR,ERR,ERR,ERR,ERR,ERR,ERR,ERR,ERR,ERR,ERR,ERR,ERR,ERR,ERR,ERR,ERR,ERR,ERR,ERR,ERR,ERR,ERR,ERR,ERR,ERR,ERR,ERR,ERR,ERR,ERR,ERR,ERR,ERR,ERR,ERR,ERR,ERR,ERR,ERR,ERR,ERR,0.0,2.7184296605801213e+23,-100793952.0,0.0,0.0,1.3936040501711995e+18,7.805,0.0,0,0,4,0,7300,-0.0,0,0.0,0.0,0.0,0.0,0.0,0,0,0,0,0.0,0,0,0,0,0,0,0,0,0,0,0,0,0,0,0,0,0,0,0,0,0,0,0,0,0,0,0,0,0,0,0,0,0,32,30,30,62,65476,0,300,0,0,8,21553,0.0,-107605600.0,0.0,0.0,0.0,0.0,0.0,0.0,0.0,0.0,0.0,0.0,0.0,0.0,0.0,0.0,0.0,0.0,0.0,0.0,0.0,0.0,-0.0,-2.004,2.004,0.0,0.0,0.0,0.0,0.0,5548.0,-0.0,6931.0,0.0,-0.0,-0.0,0.0,0.0,0.0,0.0,0.0,63,-152018370953216.0,0.0,0.0,0.0,0.0,0.0,0.0,0.0,0.0,0,0,0,0.0,0.0,0.0,0.0,0.0,0.0,0.0,0.0,0.0,0.0,0.0,0.0,0.0,0.0,0.0,0.0,0,-107875648.0,63,0.0,126,2.7184242562605685e+23,2.842318642297501e+23,ERR,ERR,ERR,ERR,ERR,ERR,ERR,ERR,ERR,ERR,ERR,ERR,ERR,ERR,ERR,ERR,ERR,ERR,ERR,ERR,ERR,ERR,ERR,ERR,ERR,ERR,ERR,ERR,ERR,ERR,ERR,ERR,ERR,ERR,ERR,ERR,ERR,ERR,ERR,ERR,ERR,ERR,ERR,ERR,ERR,ERR,ERR,ERR,ERR,ERR,ERR,ERR,ERR,ERR,ERR,ERR,ERR,ERR,ERR,ERR,ERR,ERR,ERR,ERR,ERR,ERR,ERR,34.0,80.0,35,0.0,0.0,0.0,0.0,0.0,0.0,0.0,0.0,0.0,0.0,0.0,0.0,0.0,0.0,0.0,0.0,64.8,0,116,56,49,65476,0,300,0,0,8,20529,65476,0,0,57672,80.0,0.0,0.0,0.0,0.0,0.0
2026-06-17T04:58:12,ERR,ERR,ERR,ERR,ERR,ERR,ERR,ERR,ERR,ERR,ERR,ERR,ERR,ERR,ERR,ERR,ERR,ERR,ERR,ERR,ERR,ERR,ERR,ERR,ERR,ERR,ERR,ERR,ERR,ERR,ERR,ERR,ERR,ERR,ERR,ERR,ERR,ERR,ERR,ERR,ERR,ERR,ERR,ERR,ERR,ERR,ERR,ERR,ERR,ERR,ERR,ERR,ERR,ERR,ERR,ERR,ERR,ERR,ERR,ERR,ERR,ERR,ERR,ERR,ERR,ERR,ERR,ERR,ERR,ERR,ERR,ERR,ERR,ERR,ERR,ERR,ERR,ERR,ERR,ERR,ERR,ERR,ERR,ERR,ERR,ERR,ERR,ERR,ERR,ERR,ERR,ERR,ERR,ERR,ERR,ERR,ERR,ERR,ERR,ERR,ERR,ERR,ERR,ERR,ERR,ERR,ERR,ERR,ERR,ERR,ERR,ERR,ERR,ERR,ERR,ERR,ERR,ERR,ERR,ERR,ERR,ERR,ERR,ERR,ERR,0.0,2.7184296605801213e+23,-100793952.0,0.0,0.0,1.3936040501711995e+18,7.805,0.0,0,0,4,0,7300,-0.0,0,0.0,0.0,0.0,0.0,0.0,0,0,0,0,0.0,0,0,0,0,0,0,0,0,0,0,0,0,0,0,0,0,0,0,0,0,0,0,0,0,0,0,0,0,0,0,0,0,0,32,30,30,62,65476,0,300,0,0,8,21553,0.0,-107605600.0,0.0,0.0,0.0,0.0,0.0,0.0,0.0,0.0,0.0,0.0,0.0,0.0,0.0,0.0,0.0,0.0,0.0,0.0,0.0,0.0,-0.0,-2.004,2.004,0.0,0.0,0.0,0.0,0.0,5548.0,-0.0,6931.0,0.0,-0.0,-0.0,0.0,0.0,0.0,0.0,0.0,63,-152018370953216.0,0.0,0.0,0.0,0.0,0.0,0.0,0.0,0.0,0,0,0,0.0,0.0,0.0,0.0,0.0,0.0,0.0,0.0,0.0,0.0,0.0,0.0,0.0,0.0,0.0,0.0,0,-107875648.0,63,0.0,126,2.7184242562605685e+23,2.842318642297501e+23,ERR,ERR,ERR,ERR,ERR,ERR,ERR,ERR,ERR,ERR,ERR,ERR,ERR,ERR,ERR,ERR,ERR,ERR,ERR,ERR,ERR,ERR,ERR,ERR,ERR,ERR,ERR,ERR,ERR,ERR,ERR,ERR,ERR,ERR,ERR,ERR,ERR,ERR,ERR,ERR,ERR,ERR,ERR,ERR,ERR,ERR,ERR,ERR,ERR,ERR,ERR,ERR,ERR,ERR,ERR,ERR,ERR,ERR,ERR,ERR,ERR,ERR,ERR,ERR,ERR,ERR,ERR,34.0,80.0,35,0.0,0.0,0.0,0.0,0.0,0.0,0.0,0.0,0.0,0.0,0.0,0.0,0.0,0.0,0.0,0.0,64.4,0,116,56,49,65476,0,300,0,0,8,20529,65476,0,0,57672,80.0,0.0,0.0,0.0,0.0,0.0
2026-06-17T04:58:13,ERR,ERR,ERR,ERR,ERR,ERR,ERR,ERR,ERR,ERR,ERR,ERR,ERR,ERR,ERR,ERR,ERR,ERR,ERR,ERR,ERR,ERR,ERR,ERR,ERR,ERR,ERR,ERR,ERR,ERR,ERR,ERR,ERR,ERR,ERR,ERR,ERR,ERR,ERR,ERR,ERR,ERR,ERR,ERR,ERR,ERR,ERR,ERR,ERR,ERR,ERR,ERR,ERR,ERR,ERR,ERR,ERR,ERR,ERR,ERR,ERR,ERR,ERR,ERR,ERR,ERR,ERR,ERR,ERR,ERR,ERR,ERR,ERR,ERR,ERR,ERR,ERR,ERR,ERR,ERR,ERR,ERR,ERR,ERR,ERR,ERR,ERR,ERR,ERR,ERR,ERR,ERR,ERR,ERR,ERR,ERR,ERR,ERR,ERR,ERR,ERR,ERR,ERR,ERR,ERR,ERR,ERR,ERR,ERR,ERR,ERR,ERR,ERR,ERR,ERR,ERR,ERR,ERR,ERR,ERR,ERR,ERR,ERR,ERR,ERR,0.0,2.7184296605801213e+23,-100793952.0,0.0,0.0,1.3936040501711995e+18,7.805,0.0,0,0,4,0,7300,-0.0,0,0.0,0.0,0.0,0.0,0.0,0,0,0,0,0.0,0,0,0,0,0,0,0,0,0,0,0,0,0,0,0,0,0,0,0,0,0,0,0,0,0,0,0,0,0,0,0,0,0,32,30,30,62,65476,0,300,0,0,8,21553,0.0,-107605600.0,0.0,0.0,0.0,0.0,0.0,0.0,0.0,0.0,0.0,0.0,0.0,0.0,0.0,0.0,0.0,0.0,0.0,0.0,0.0,0.0,-0.0,-2.004,2.004,0.0,0.0,0.0,0.0,0.0,5548.0,-0.0,6931.0,0.0,-0.0,-0.0,0.0,0.0,0.0,0.0,0.0,63,-152018370953216.0,0.0,0.0,0.0,0.0,0.0,0.0,0.0,0.0,0,0,0,0.0,0.0,0.0,0.0,0.0,0.0,0.0,0.0,0.0,0.0,0.0,0.0,0.0,0.0,0.0,0.0,0,-107875648.0,63,0.0,126,2.7184242562605685e+23,2.842318642297501e+23,ERR,ERR,ERR,ERR,ERR,ERR,ERR,ERR,ERR,ERR,ERR,ERR,ERR,ERR,ERR,ERR,ERR,ERR,ERR,ERR,ERR,ERR,ERR,ERR,ERR,ERR,ERR,ERR,ERR,ERR,ERR,ERR,ERR,ERR,ERR,ERR,ERR,ERR,ERR,ERR,ERR,ERR,ERR,ERR,ERR,ERR,ERR,ERR,ERR,ERR,ERR,ERR,ERR,ERR,ERR,ERR,ERR,ERR,ERR,ERR,ERR,ERR,ERR,ERR,ERR,ERR,ERR,34.0,80.0,35,0.0,0.0,0.0,0.0,0.0,0.0,0.0,0.0,0.0,0.0,0.0,0.0,0.0,0.0,0.0,0.0,64.4,0,116,56,49,65476,0,300,0,0,8,20529,65476,0,0,57672,80.0,0.0,0.0,0.0,0.0,0.0
2026-06-17T04:58:14,ERR,ERR,ERR,ERR,ERR,ERR,ERR,ERR,ERR,ERR,ERR,ERR,ERR,ERR,ERR,ERR,ERR,ERR,ERR,ERR,ERR,ERR,ERR,ERR,ERR,ERR,ERR,ERR,ERR,ERR,ERR,ERR,ERR,ERR,ERR,ERR,ERR,ERR,ERR,ERR,ERR,ERR,ERR,ERR,ERR,ERR,ERR,ERR,ERR,ERR,ERR,ERR,ERR,ERR,ERR,ERR,ERR,ERR,ERR,ERR,ERR,ERR,ERR,ERR,ERR,ERR,ERR,ERR,ERR,ERR,ERR,ERR,ERR,ERR,ERR,ERR,ERR,ERR,ERR,ERR,ERR,ERR,ERR,ERR,ERR,ERR,ERR,ERR,ERR,ERR,ERR,ERR,ERR,ERR,ERR,ERR,ERR,ERR,ERR,ERR,ERR,ERR,ERR,ERR,ERR,ERR,ERR,ERR,ERR,ERR,ERR,ERR,ERR,ERR,ERR,ERR,ERR,ERR,ERR,ERR,ERR,ERR,ERR,ERR,ERR,0.0,2.7184296605801213e+23,-100793952.0,0.0,0.0,1.3936040501711995e+18,7.805,0.0,0,0,4,0,7300,-0.0,0,0.0,0.0,0.0,0.0,0.0,0,0,0,0,0.0,0,0,0,0,0,0,0,0,0,0,0,0,0,0,0,0,0,0,0,0,0,0,0,0,0,0,0,0,0,0,0,0,0,32,30,30,62,65476,0,300,0,0,8,21553,0.0,-107605600.0,0.0,0.0,0.0,0.0,0.0,0.0,0.0,0.0,0.0,0.0,0.0,0.0,0.0,0.0,0.0,0.0,0.0,0.0,0.0,0.0,-0.0,-2.004,2.004,0.0,0.0,0.0,0.0,0.0,5548.0,-0.0,6931.0,0.0,-0.0,-0.0,0.0,0.0,0.0,0.0,0.0,63,-152018370953216.0,0.0,0.0,0.0,0.0,0.0,0.0,0.0,0.0,0,0,0,0.0,0.0,0.0,0.0,0.0,0.0,0.0,0.0,0.0,0.0,0.0,0.0,0.0,0.0,0.0,0.0,0,-107875648.0,63,0.0,126,2.7184242562605685e+23,2.842318642297501e+23,ERR,ERR,ERR,ERR,ERR,ERR,ERR,ERR,ERR,ERR,ERR,ERR,ERR,ERR,ERR,ERR,ERR,ERR,ERR,ERR,ERR,ERR,ERR,ERR,ERR,ERR,ERR,ERR,ERR,ERR,ERR,ERR,ERR,ERR,ERR,ERR,ERR,ERR,ERR,ERR,ERR,ERR,ERR,ERR,ERR,ERR,ERR,ERR,ERR,ERR,ERR,ERR,ERR,ERR,ERR,ERR,ERR,ERR,ERR,ERR,ERR,ERR,ERR,ERR,ERR,ERR,ERR,34.0,80.0,35,0.0,0.0,0.0,0.0,0.0,0.0,0.0,0.0,0.0,0.0,0.0,0.0,0.0,0.0,0.0,0.0,64.4,0,116,56,49,65476,0,300,0,0,8,20529,65476,0,0,57672,80.0,0.0,0.0,0.0,0.0,0.0
2026-06-17T04:58:15,ERR,ERR,ERR,ERR,ERR,ERR,ERR,ERR,ERR,ERR,ERR,ERR,ERR,ERR,ERR,ERR,ERR,ERR,ERR,ERR,ERR,ERR,ERR,ERR,ERR,ERR,ERR,ERR,ERR,ERR,ERR,ERR,ERR,ERR,ERR,ERR,ERR,ERR,ERR,ERR,ERR,ERR,ERR,ERR,ERR,ERR,ERR,ERR,ERR,ERR,ERR,ERR,ERR,ERR,ERR,ERR,ERR,ERR,ERR,ERR,ERR,ERR,ERR,ERR,ERR,ERR,ERR,ERR,ERR,ERR,ERR,ERR,ERR,ERR,ERR,ERR,ERR,ERR,ERR,ERR,ERR,ERR,ERR,ERR,ERR,ERR,ERR,ERR,ERR,ERR,ERR,ERR,ERR,ERR,ERR,ERR,ERR,ERR,ERR,ERR,ERR,ERR,ERR,ERR,ERR,ERR,ERR,ERR,ERR,ERR,ERR,ERR,ERR,ERR,ERR,ERR,ERR,ERR,ERR,ERR,ERR,ERR,ERR,ERR,ERR,0.0,-0.0,-0.0,0.0,0.0,1.3936040501711995e+18,7.805,0.0,0,0,4,0,7300,-0.0,0,0.0,0.0,0.0,0.0,0.0,0,0,0,0,0.0,0,0,0,0,0,0,0,0,0,0,0,0,0,0,0,0,0,0,0,0,0,0,0,0,0,0,0,0,0,0,0,0,0,32,30,30,62,65476,0,300,0,0,8,21553,0.0,-107605600.0,0.0,0.0,0.0,0.0,0.0,0.0,0.0,0.0,0.0,0.0,0.0,0.0,0.0,0.0,0.0,0.0,0.0,0.0,0.0,0.0,-0.0,-2.004,2.004,0.0,0.0,0.0,0.0,0.0,5580.0,0.0,6914.0,0.0,-0.0,-0.0,0.0,0.0,0.0,0.0,0.0,63,-152018370953216.0,126840725504.0,0.0,0.0,0.0,0.0,0.0,0.0,0.0,0,0,0,0.0,0.0,0.0,0.0,0.0,0.0,0.0,0.0,0.0,0.0,0.0,0.0,0.0,0.0,0.0,0.0,0,-107875648.0,63,0.0,126,2.7184242562605685e+23,2.842318642297501e+23,ERR,ERR,ERR,ERR,ERR,ERR,ERR,ERR,ERR,ERR,ERR,ERR,ERR,ERR,ERR,ERR,ERR,ERR,ERR,ERR,ERR,ERR,ERR,ERR,ERR,ERR,ERR,ERR,ERR,ERR,ERR,ERR,ERR,ERR,ERR,ERR,ERR,ERR,ERR,ERR,ERR,ERR,ERR,ERR,ERR,ERR,ERR,ERR,ERR,ERR,ERR,ERR,ERR,ERR,ERR,ERR,ERR,ERR,ERR,ERR,ERR,ERR,ERR,ERR,ERR,ERR,ERR,34.0,80.0,35,0.0,0.0,0.0,0.0,0.0,0.0,0.0,0.0,0.0,0.0,0.0,0.0,0.0,0.0,0.0,0.0,64.4,0,116,56,49,65476,0,300,0,0,8,20529,65476,0,0,57672,80.0,0.0,0.0,0.0,0.0,0.0
2026-06-17T04:58:16,ERR,ERR,ERR,ERR,ERR,ERR,ERR,ERR,ERR,ERR,ERR,ERR,ERR,ERR,ERR,ERR,ERR,ERR,ERR,ERR,ERR,ERR,ERR,ERR,ERR,ERR,ERR,ERR,ERR,ERR,ERR,ERR,ERR,ERR,ERR,ERR,ERR,ERR,ERR,ERR,ERR,ERR,ERR,ERR,ERR,ERR,ERR,ERR,ERR,ERR,ERR,ERR,ERR,ERR,ERR,ERR,ERR,ERR,ERR,ERR,ERR,ERR,ERR,ERR,ERR,ERR,ERR,ERR,ERR,ERR,ERR,ERR,ERR,ERR,ERR,ERR,ERR,ERR,ERR,ERR,ERR,ERR,ERR,ERR,ERR,ERR,ERR,ERR,ERR,ERR,ERR,ERR,ERR,ERR,ERR,ERR,ERR,ERR,ERR,ERR,ERR,ERR,ERR,ERR,ERR,ERR,ERR,ERR,ERR,ERR,ERR,ERR,ERR,ERR,ERR,ERR,ERR,ERR,ERR,ERR,ERR,ERR,ERR,ERR,ERR,0.0,-0.0,-0.0,0.0,0.0,1.3936040501711995e+18,7.805,0.0,0,0,4,0,7300,-0.0,0,0.0,0.0,0.0,0.0,0.0,0,0,0,0,0.0,0,0,0,0,0,0,0,0,0,0,0,0,0,0,0,0,0,0,0,0,0,0,0,0,0,0,0,0,0,0,0,0,0,32,30,30,62,65476,0,300,0,0,8,21553,0.0,-107605600.0,0.0,0.0,0.0,0.0,0.0,0.0,0.0,0.0,0.0,0.0,0.0,0.0,0.0,0.0,0.0,0.0,0.0,0.0,0.0,0.0,-0.0,-2.004,2.004,0.0,0.0,0.0,0.0,0.0,5580.0,0.0,6914.0,0.0,-0.0,-0.0,0.0,0.0,0.0,0.0,0.0,63,-152018370953216.0,126840725504.0,0.0,0.0,0.0,0.0,0.0,0.0,0.0,0,0,0,0.0,0.0,0.0,0.0,0.0,0.0,0.0,0.0,0.0,0.0,0.0,0.0,0.0,0.0,0.0,0.0,0,-107875648.0,63,0.0,126,2.7184242562605685e+23,2.842318642297501e+23,ERR,ERR,ERR,ERR,ERR,ERR,ERR,ERR,ERR,ERR,ERR,ERR,ERR,ERR,ERR,ERR,ERR,ERR,ERR,ERR,ERR,ERR,ERR,ERR,ERR,ERR,ERR,ERR,ERR,ERR,ERR,ERR,ERR,ERR,ERR,ERR,ERR,ERR,ERR,ERR,ERR,ERR,ERR,ERR,ERR,ERR,ERR,ERR,ERR,ERR,ERR,ERR,ERR,ERR,ERR,ERR,ERR,ERR,ERR,ERR,ERR,ERR,ERR,ERR,ERR,ERR,ERR,34.0,80.0,35,0.0,0.0,0.0,0.0,0.0,0.0,0.0,0.0,0.0,0.0,0.0,0.0,0.0,0.0,0.0,0.0,64.4,0,116,56,49,65476,0,300,0,0,8,20529,65476,0,0,57672,80.0,0.0,0.0,0.0,0.0,0.0
2026-06-17T04:58:17,ERR,ERR,ERR,ERR,ERR,ERR,ERR,ERR,ERR,ERR,ERR,ERR,ERR,ERR,ERR,ERR,ERR,ERR,ERR,ERR,ERR,ERR,ERR,ERR,ERR,ERR,ERR,ERR,ERR,ERR,ERR,ERR,ERR,ERR,ERR,ERR,ERR,ERR,ERR,ERR,ERR,ERR,ERR,ERR,ERR,ERR,ERR,ERR,ERR,ERR,ERR,ERR,ERR,ERR,ERR,ERR,ERR,ERR,ERR,ERR,ERR,ERR,ERR,ERR,ERR,ERR,ERR,ERR,ERR,ERR,ERR,ERR,ERR,ERR,ERR,ERR,ERR,ERR,ERR,ERR,ERR,ERR,ERR,ERR,ERR,ERR,ERR,ERR,ERR,ERR,ERR,ERR,ERR,ERR,ERR,ERR,ERR,ERR,ERR,ERR,ERR,ERR,ERR,ERR,ERR,ERR,ERR,ERR,ERR,ERR,ERR,ERR,ERR,ERR,ERR,ERR,ERR,ERR,ERR,ERR,ERR,ERR,ERR,ERR,ERR,0.0,-0.0,-0.0,0.0,0.0,1.3936040501711995e+18,7.805,0.0,0,0,4,0,7300,-0.0,0,0.0,0.0,0.0,0.0,0.0,0,0,0,0,0.0,0,0,0,0,0,0,0,0,0,0,0,0,0,0,0,0,0,0,0,0,0,0,0,0,0,0,0,0,0,0,0,0,0,32,30,30,62,65476,0,300,0,0,8,21553,0.0,-107605600.0,0.0,0.0,0.0,0.0,0.0,0.0,0.0,0.0,0.0,0.0,0.0,0.0,0.0,0.0,0.0,0.0,0.0,0.0,0.0,0.0,-0.0,-2.004,2.004,0.0,0.0,0.0,0.0,0.0,5580.0,0.0,6914.0,0.0,-0.0,-0.0,0.0,0.0,0.0,0.0,0.0,63,-152018370953216.0,126840725504.0,0.0,0.0,0.0,0.0,0.0,0.0,0.0,0,0,0,0.0,0.0,0.0,0.0,0.0,0.0,0.0,0.0,0.0,0.0,0.0,0.0,0.0,0.0,0.0,0.0,0,-107875648.0,63,0.0,126,2.7184242562605685e+23,2.842318642297501e+23,ERR,ERR,ERR,ERR,ERR,ERR,ERR,ERR,ERR,ERR,ERR,ERR,ERR,ERR,ERR,ERR,ERR,ERR,ERR,ERR,ERR,ERR,ERR,ERR,ERR,ERR,ERR,ERR,ERR,ERR,ERR,ERR,ERR,ERR,ERR,ERR,ERR,ERR,ERR,ERR,ERR,ERR,ERR,ERR,ERR,ERR,ERR,ERR,ERR,ERR,ERR,ERR,ERR,ERR,ERR,ERR,ERR,ERR,ERR,ERR,ERR,ERR,ERR,ERR,ERR,ERR,ERR,34.0,80.0,35,0.0,0.0,0.0,0.0,0.0,0.0,0.0,0.0,0.0,0.0,0.0,0.0,0.0,0.0,0.0,0.0,64.4,0,116,56,49,65476,0,300,0,0,8,20529,65476,0,0,57672,80.0,0.0,0.0,0.0,0.0,0.0
2026-06-17T04:58:18,ERR,ERR,ERR,ERR,ERR,ERR,ERR,ERR,ERR,ERR,ERR,ERR,ERR,ERR,ERR,ERR,ERR,ERR,ERR,ERR,ERR,ERR,ERR,ERR,ERR,ERR,ERR,ERR,ERR,ERR,ERR,ERR,ERR,ERR,ERR,ERR,ERR,ERR,ERR,ERR,ERR,ERR,ERR,ERR,ERR,ERR,ERR,ERR,ERR,ERR,ERR,ERR,ERR,ERR,ERR,ERR,ERR,ERR,ERR,ERR,ERR,ERR,ERR,ERR,ERR,ERR,ERR,ERR,ERR,ERR,ERR,ERR,ERR,ERR,ERR,ERR,ERR,ERR,ERR,ERR,ERR,ERR,ERR,ERR,ERR,ERR,ERR,ERR,ERR,ERR,ERR,ERR,ERR,ERR,ERR,ERR,ERR,ERR,ERR,ERR,ERR,ERR,ERR,ERR,ERR,ERR,ERR,ERR,ERR,ERR,ERR,ERR,ERR,ERR,ERR,ERR,ERR,ERR,ERR,ERR,ERR,ERR,ERR,ERR,ERR,0.0,-0.0,-0.0,0.0,0.0,1.3936040501711995e+18,7.805,0.0,0,0,4,0,7300,-0.0,0,0.0,0.0,0.0,0.0,0.0,0,0,0,0,0.0,0,0,0,0,0,0,0,0,0,0,0,0,0,0,0,0,0,0,0,0,0,0,0,0,0,0,0,0,0,0,0,0,0,32,30,30,62,65476,0,300,0,0,8,21553,0.0,-107605600.0,0.0,0.0,0.0,0.0,0.0,0.0,0.0,0.0,0.0,0.0,0.0,0.0,0.0,0.0,0.0,0.0,0.0,0.0,0.0,0.0,-0.0,-2.004,2.004,0.0,0.0,0.0,0.0,0.0,5580.0,0.0,6914.0,0.0,-0.0,-0.0,0.0,0.0,0.0,0.0,0.0,63,-152018370953216.0,126840725504.0,0.0,0.0,0.0,0.0,0.0,0.0,0.0,0,0,0,0.0,0.0,0.0,0.0,0.0,0.0,0.0,0.0,0.0,0.0,0.0,0.0,0.0,0.0,0.0,0.0,0,-107875648.0,63,0.0,126,2.7184242562605685e+23,2.842318642297501e+23,ERR,ERR,ERR,ERR,ERR,ERR,ERR,ERR,ERR,ERR,ERR,ERR,ERR,ERR,ERR,ERR,ERR,ERR,ERR,ERR,ERR,ERR,ERR,ERR,ERR,ERR,ERR,ERR,ERR,ERR,ERR,ERR,ERR,ERR,ERR,ERR,ERR,ERR,ERR,ERR,ERR,ERR,ERR,ERR,ERR,ERR,ERR,ERR,ERR,ERR,ERR,ERR,ERR,ERR,ERR,ERR,ERR,ERR,ERR,ERR,ERR,ERR,ERR,ERR,ERR,ERR,ERR,34.0,80.0,35,0.0,0.0,0.0,0.0,0.0,0.0,0.0,0.0,0.0,0.0,0.0,0.0,0.0,0.0,0.0,0.0,64.4,0,116,56,49,65476,0,300,0,0,8,20529,65476,0,0,57672,80.0,0.0,0.0,0.0,0.0,0.0
2026-06-17T04:58:19,ERR,ERR,ERR,ERR,ERR,ERR,ERR,ERR,ERR,ERR,ERR,ERR,ERR,ERR,ERR,ERR,ERR,ERR,ERR,ERR,ERR,ERR,ERR,ERR,ERR,ERR,ERR,ERR,ERR,ERR,ERR,ERR,ERR,ERR,ERR,ERR,ERR,ERR,ERR,ERR,ERR,ERR,ERR,ERR,ERR,ERR,ERR,ERR,ERR,ERR,ERR,ERR,ERR,ERR,ERR,ERR,ERR,ERR,ERR,ERR,ERR,ERR,ERR,ERR,ERR,ERR,ERR,ERR,ERR,ERR,ERR,ERR,ERR,ERR,ERR,ERR,ERR,ERR,ERR,ERR,ERR,ERR,ERR,ERR,ERR,ERR,ERR,ERR,ERR,ERR,ERR,ERR,ERR,ERR,ERR,ERR,ERR,ERR,ERR,ERR,ERR,ERR,ERR,ERR,ERR,ERR,ERR,ERR,ERR,ERR,ERR,ERR,ERR,ERR,ERR,ERR,ERR,ERR,ERR,ERR,ERR,ERR,ERR,ERR,ERR,0.0,-0.0,-0.0,0.0,0.0,1.3936040501711995e+18,7.805,0.0,0,0,4,0,7300,-0.0,0,0.0,0.0,0.0,0.0,0.0,0,0,0,0,0.0,0,0,0,0,0,0,0,0,0,0,0,0,0,0,0,0,0,0,0,0,0,0,0,0,0,0,0,0,0,0,0,0,0,32,30,30,62,65476,0,300,0,0,8,21553,0.0,-107605600.0,0.0,0.0,0.0,0.0,0.0,0.0,0.0,0.0,0.0,0.0,0.0,0.0,0.0,0.0,0.0,0.0,0.0,0.0,0.0,0.0,-0.0,-2.004,2.004,0.0,0.0,0.0,0.0,0.0,5580.0,0.0,6914.0,0.0,-0.0,-0.0,0.0,0.0,0.0,0.0,0.0,63,-152018370953216.0,126840725504.0,0.0,0.0,0.0,0.0,0.0,0.0,0.0,0,0,0,0.0,0.0,0.0,0.0,0.0,0.0,0.0,0.0,0.0,0.0,0.0,0.0,0.0,0.0,0.0,0.0,0,-107875648.0,63,0.0,126,2.7184242562605685e+23,2.842318642297501e+23,ERR,ERR,ERR,ERR,ERR,ERR,ERR,ERR,ERR,ERR,ERR,ERR,ERR,ERR,ERR,ERR,ERR,ERR,ERR,ERR,ERR,ERR,ERR,ERR,ERR,ERR,ERR,ERR,ERR,ERR,ERR,ERR,ERR,ERR,ERR,ERR,ERR,ERR,ERR,ERR,ERR,ERR,ERR,ERR,ERR,ERR,ERR,ERR,ERR,ERR,ERR,ERR,ERR,ERR,ERR,ERR,ERR,ERR,ERR,ERR,ERR,ERR,ERR,ERR,ERR,ERR,ERR,34.0,80.0,35,0.0,0.0,0.0,0.0,0.0,0.0,0.0,0.0,0.0,0.0,0.0,0.0,0.0,0.0,0.0,0.0,64.4,0,116,56,49,65476,0,300,0,0,8,20529,65476,0,0,57672,80.0,0.0,0.0,0.0,0.0,0.0
2026-06-17T04:58:20,ERR,ERR,ERR,ERR,ERR,ERR,ERR,ERR,ERR,ERR,ERR,ERR,ERR,ERR,ERR,ERR,ERR,ERR,ERR,ERR,ERR,ERR,ERR,ERR,ERR,ERR,ERR,ERR,ERR,ERR,ERR,ERR,ERR,ERR,ERR,ERR,ERR,ERR,ERR,ERR,ERR,ERR,ERR,ERR,ERR,ERR,ERR,ERR,ERR,ERR,ERR,ERR,ERR,ERR,ERR,ERR,ERR,ERR,ERR,ERR,ERR,ERR,ERR,ERR,ERR,ERR,ERR,ERR,ERR,ERR,ERR,ERR,ERR,ERR,ERR,ERR,ERR,ERR,ERR,ERR,ERR,ERR,ERR,ERR,ERR,ERR,ERR,ERR,ERR,ERR,ERR,ERR,ERR,ERR,ERR,ERR,ERR,ERR,ERR,ERR,ERR,ERR,ERR,ERR,ERR,ERR,ERR,ERR,ERR,ERR,ERR,ERR,ERR,ERR,ERR,ERR,ERR,ERR,ERR,ERR,ERR,ERR,ERR,ERR,ERR,0.0,-0.0,-0.0,0.0,0.0,1.3936040501711995e+18,7.805,0.0,0,0,4,0,7300,-0.0,0,0.0,0.0,0.0,0.0,0.0,0,0,0,0,0.0,0,0,0,0,0,0,0,0,0,0,0,0,0,0,0,0,0,0,0,0,0,0,0,0,0,0,0,0,0,0,0,0,0,32,30,30,62,65476,0,300,0,0,8,21553,0.0,-107605600.0,0.0,0.0,0.0,0.0,0.0,0.0,0.0,0.0,0.0,0.0,0.0,0.0,0.0,0.0,0.0,0.0,0.0,0.0,0.0,0.0,-0.0,-2.004,2.004,0.0,0.0,0.0,0.0,0.0,5579.0,-8608200704.0,6938.0,0.0,-0.0,-0.0,0.0,0.0,0.0,0.0,0.0,63,-126841069568.0,-71.63,0.0,0.0,0.0,0.0,0.0,0.0,0.0,0,0,0,0.0,0.0,0.0,0.0,0.0,0.0,0.0,0.0,0.0,0.0,0.0,0.0,0.0,0.0,0.0,0.0,0,-107875648.0,63,0.0,126,2.7184242562605685e+23,2.842318642297501e+23,ERR,ERR,ERR,ERR,ERR,ERR,ERR,ERR,ERR,ERR,ERR,ERR,ERR,ERR,ERR,ERR,ERR,ERR,ERR,ERR,ERR,ERR,ERR,ERR,ERR,ERR,ERR,ERR,ERR,ERR,ERR,ERR,ERR,ERR,ERR,ERR,ERR,ERR,ERR,ERR,ERR,ERR,ERR,ERR,ERR,ERR,ERR,ERR,ERR,ERR,ERR,ERR,ERR,ERR,ERR,ERR,ERR,ERR,ERR,ERR,ERR,ERR,ERR,ERR,ERR,ERR,ERR,34.0,80.0,35,0.0,0.0,0.0,0.0,0.0,0.0,0.0,0.0,0.0,0.0,0.0,0.0,0.0,0.0,0.0,0.0,64.4,0,116,56,49,65476,0,300,0,0,8,20529,65476,0,0,57672,80.0,0.0,0.0,0.0,0.0,0.0
2026-06-17T04:58:21,ERR,ERR,ERR,ERR,ERR,ERR,ERR,ERR,ERR,ERR,ERR,ERR,ERR,ERR,ERR,ERR,ERR,ERR,ERR,ERR,ERR,ERR,ERR,ERR,ERR,ERR,ERR,ERR,ERR,ERR,ERR,ERR,ERR,ERR,ERR,ERR,ERR,ERR,ERR,ERR,ERR,ERR,ERR,ERR,ERR,ERR,ERR,ERR,ERR,ERR,ERR,ERR,ERR,ERR,ERR,ERR,ERR,ERR,ERR,ERR,ERR,ERR,ERR,ERR,ERR,ERR,ERR,ERR,ERR,ERR,ERR,ERR,ERR,ERR,ERR,ERR,ERR,ERR,ERR,ERR,ERR,ERR,ERR,ERR,ERR,ERR,ERR,ERR,ERR,ERR,ERR,ERR,ERR,ERR,ERR,ERR,ERR,ERR,ERR,ERR,ERR,ERR,ERR,ERR,ERR,ERR,ERR,ERR,ERR,ERR,ERR,ERR,ERR,ERR,ERR,ERR,ERR,ERR,ERR,ERR,ERR,ERR,ERR,ERR,ERR,0.0,-0.0,-0.0,0.0,0.0,1.3936040501711995e+18,7.805,0.0,0,0,4,0,7300,-0.0,0,0.0,0.0,0.0,0.0,0.0,0,0,0,0,0.0,0,0,0,0,0,0,0,0,0,0,0,0,0,0,0,0,0,0,0,0,0,0,0,0,0,0,0,0,0,0,0,0,0,32,30,30,62,65476,0,300,0,0,8,21553,0.0,-107605600.0,0.0,0.0,0.0,0.0,0.0,0.0,0.0,0.0,0.0,0.0,0.0,0.0,0.0,0.0,0.0,0.0,0.0,0.0,0.0,0.0,-0.0,-2.004,2.004,0.0,0.0,0.0,0.0,0.0,5579.0,-8608200704.0,6938.0,0.0,-0.0,-0.0,0.0,0.0,0.0,0.0,0.0,63,-126841069568.0,-71.63,0.0,0.0,0.0,0.0,0.0,0.0,0.0,0,0,0,0.0,0.0,0.0,0.0,0.0,0.0,0.0,0.0,0.0,0.0,0.0,0.0,0.0,0.0,0.0,0.0,0,-107875648.0,63,0.0,126,2.7184242562605685e+23,2.842318642297501e+23,ERR,ERR,ERR,ERR,ERR,ERR,ERR,ERR,ERR,ERR,ERR,ERR,ERR,ERR,ERR,ERR,ERR,ERR,ERR,ERR,ERR,ERR,ERR,ERR,ERR,ERR,ERR,ERR,ERR,ERR,ERR,ERR,ERR,ERR,ERR,ERR,ERR,ERR,ERR,ERR,ERR,ERR,ERR,ERR,ERR,ERR,ERR,ERR,ERR,ERR,ERR,ERR,ERR,ERR,ERR,ERR,ERR,ERR,ERR,ERR,ERR,ERR,ERR,ERR,ERR,ERR,ERR,34.0,80.0,35,0.0,0.0,0.0,0.0,0.0,0.0,0.0,0.0,0.0,0.0,0.0,0.0,0.0,0.0,0.0,0.0,64.8,0,116,56,49,65476,0,300,0,0,8,20529,65476,0,0,57672,80.0,0.0,0.0,0.0,0.0,0.0
2026-06-17T04:58:22,ERR,ERR,ERR,ERR,ERR,ERR,ERR,ERR,ERR,ERR,ERR,ERR,ERR,ERR,ERR,ERR,ERR,ERR,ERR,ERR,ERR,ERR,ERR,ERR,ERR,ERR,ERR,ERR,ERR,ERR,ERR,ERR,ERR,ERR,ERR,ERR,ERR,ERR,ERR,ERR,ERR,ERR,ERR,ERR,ERR,ERR,ERR,ERR,ERR,ERR,ERR,ERR,ERR,ERR,ERR,ERR,ERR,ERR,ERR,ERR,ERR,ERR,ERR,ERR,ERR,ERR,ERR,ERR,ERR,ERR,ERR,ERR,ERR,ERR,ERR,ERR,ERR,ERR,ERR,ERR,ERR,ERR,ERR,ERR,ERR,ERR,ERR,ERR,ERR,ERR,ERR,ERR,ERR,ERR,ERR,ERR,ERR,ERR,ERR,ERR,ERR,ERR,ERR,ERR,ERR,ERR,ERR,ERR,ERR,ERR,ERR,ERR,ERR,ERR,ERR,ERR,ERR,ERR,ERR,ERR,ERR,ERR,ERR,ERR,ERR,0.0,-0.0,-0.0,0.0,0.0,1.3936040501711995e+18,7.805,0.0,0,0,4,0,7300,-0.0,0,0.0,0.0,0.0,0.0,0.0,0,0,0,0,0.0,0,0,0,0,0,0,0,0,0,0,0,0,0,0,0,0,0,0,0,0,0,0,0,0,0,0,0,0,0,0,0,0,0,32,30,30,62,65476,0,300,0,0,8,21553,0.0,-107605600.0,0.0,0.0,0.0,0.0,0.0,0.0,0.0,0.0,0.0,0.0,0.0,0.0,0.0,0.0,0.0,0.0,0.0,0.0,0.0,0.0,-0.0,-2.004,2.004,0.0,0.0,0.0,0.0,0.0,5579.0,-8608200704.0,6938.0,0.0,-0.0,-0.0,0.0,0.0,0.0,0.0,0.0,63,-126841069568.0,-71.63,0.0,0.0,0.0,0.0,0.0,0.0,0.0,0,0,0,0.0,0.0,0.0,0.0,0.0,0.0,0.0,0.0,0.0,0.0,0.0,0.0,0.0,0.0,0.0,0.0,0,-107875648.0,63,0.0,126,2.7184242562605685e+23,2.842318642297501e+23,ERR,ERR,ERR,ERR,ERR,ERR,ERR,ERR,ERR,ERR,ERR,ERR,ERR,ERR,ERR,ERR,ERR,ERR,ERR,ERR,ERR,ERR,ERR,ERR,ERR,ERR,ERR,ERR,ERR,ERR,ERR,ERR,ERR,ERR,ERR,ERR,ERR,ERR,ERR,ERR,ERR,ERR,ERR,ERR,ERR,ERR,ERR,ERR,ERR,ERR,ERR,ERR,ERR,ERR,ERR,ERR,ERR,ERR,ERR,ERR,ERR,ERR,ERR,ERR,ERR,ERR,ERR,34.0,80.0,35,0.0,0.0,0.0,0.0,0.0,0.0,0.0,0.0,0.0,0.0,0.0,0.0,0.0,0.0,0.0,0.0,64.8,0,116,56,49,65476,0,300,0,0,8,20529,65476,0,0,57672,80.0,0.0,0.0,0.0,0.0,0.0
2026-06-17T04:58:23,ERR,ERR,ERR,ERR,ERR,ERR,ERR,ERR,ERR,ERR,ERR,ERR,ERR,ERR,ERR,ERR,ERR,ERR,ERR,ERR,ERR,ERR,ERR,ERR,ERR,ERR,ERR,ERR,ERR,ERR,ERR,ERR,ERR,ERR,ERR,ERR,ERR,ERR,ERR,ERR,ERR,ERR,ERR,ERR,ERR,ERR,ERR,ERR,ERR,ERR,ERR,ERR,ERR,ERR,ERR,ERR,ERR,ERR,ERR,ERR,ERR,ERR,ERR,ERR,ERR,ERR,ERR,ERR,ERR,ERR,ERR,ERR,ERR,ERR,ERR,ERR,ERR,ERR,ERR,ERR,ERR,ERR,ERR,ERR,ERR,ERR,ERR,ERR,ERR,ERR,ERR,ERR,ERR,ERR,ERR,ERR,ERR,ERR,ERR,ERR,ERR,ERR,ERR,ERR,ERR,ERR,ERR,ERR,ERR,ERR,ERR,ERR,ERR,ERR,ERR,ERR,ERR,ERR,ERR,ERR,ERR,ERR,ERR,ERR,ERR,0.0,-0.0,-0.0,0.0,0.0,1.3936040501711995e+18,7.805,0.0,0,0,4,0,7300,-0.0,0,0.0,0.0,0.0,0.0,0.0,0,0,0,0,0.0,0,0,0,0,0,0,0,0,0,0,0,0,0,0,0,0,0,0,0,0,0,0,0,0,0,0,0,0,0,0,0,0,0,32,30,30,62,65476,0,300,0,0,8,21553,0.0,-107605600.0,0.0,0.0,0.0,0.0,0.0,0.0,0.0,0.0,0.0,0.0,0.0,0.0,0.0,0.0,0.0,0.0,0.0,0.0,0.0,0.0,-0.0,-2.004,2.004,0.0,0.0,0.0,0.0,0.0,5579.0,-8608200704.0,6938.0,0.0,-0.0,-0.0,0.0,0.0,0.0,0.0,0.0,63,-126841069568.0,-71.63,0.0,0.0,0.0,0.0,0.0,0.0,0.0,0,0,0,0.0,0.0,0.0,0.0,0.0,0.0,0.0,0.0,0.0,0.0,0.0,0.0,0.0,0.0,0.0,0.0,0,-107875648.0,63,0.0,126,2.7184242562605685e+23,2.842318642297501e+23,ERR,ERR,ERR,ERR,ERR,ERR,ERR,ERR,ERR,ERR,ERR,ERR,ERR,ERR,ERR,ERR,ERR,ERR,ERR,ERR,ERR,ERR,ERR,ERR,ERR,ERR,ERR,ERR,ERR,ERR,ERR,ERR,ERR,ERR,ERR,ERR,ERR,ERR,ERR,ERR,ERR,ERR,ERR,ERR,ERR,ERR,ERR,ERR,ERR,ERR,ERR,ERR,ERR,ERR,ERR,ERR,ERR,ERR,ERR,ERR,ERR,ERR,ERR,ERR,ERR,ERR,ERR,34.0,80.0,35,0.0,0.0,0.0,0.0,0.0,0.0,0.0,0.0,0.0,0.0,0.0,0.0,0.0,0.0,0.0,0.0,64.4,0,116,56,49,65476,0,300,0,0,8,20529,65476,0,0,57672,80.0,0.0,0.0,0.0,0.0,0.0
2026-06-17T04:58:24,ERR,ERR,ERR,ERR,ERR,ERR,ERR,ERR,ERR,ERR,ERR,ERR,ERR,ERR,ERR,ERR,ERR,ERR,ERR,ERR,ERR,ERR,ERR,ERR,ERR,ERR,ERR,ERR,ERR,ERR,ERR,ERR,ERR,ERR,ERR,ERR,ERR,ERR,ERR,ERR,ERR,ERR,ERR,ERR,ERR,ERR,ERR,ERR,ERR,ERR,ERR,ERR,ERR,ERR,ERR,ERR,ERR,ERR,ERR,ERR,ERR,ERR,ERR,ERR,ERR,ERR,ERR,ERR,ERR,ERR,ERR,ERR,ERR,ERR,ERR,ERR,ERR,ERR,ERR,ERR,ERR,ERR,ERR,ERR,ERR,ERR,ERR,ERR,ERR,ERR,ERR,ERR,ERR,ERR,ERR,ERR,ERR,ERR,ERR,ERR,ERR,ERR,ERR,ERR,ERR,ERR,ERR,ERR,ERR,ERR,ERR,ERR,ERR,ERR,ERR,ERR,ERR,ERR,ERR,ERR,ERR,ERR,ERR,ERR,ERR,0.0,-0.0,-0.0,0.0,0.0,1.3936040501711995e+18,7.805,0.0,0,0,4,0,7300,-0.0,0,0.0,0.0,0.0,0.0,0.0,0,0,0,0,0.0,0,0,0,0,0,0,0,0,0,0,0,0,0,0,0,0,0,0,0,0,0,0,0,0,0,0,0,0,0,0,0,0,0,32,30,30,62,65476,0,300,0,0,8,21553,0.0,-107605600.0,0.0,0.0,0.0,0.0,0.0,0.0,0.0,0.0,0.0,0.0,0.0,0.0,0.0,0.0,0.0,0.0,0.0,0.0,0.0,0.0,-0.0,-2.004,2.004,0.0,0.0,0.0,0.0,0.0,5579.0,-8608200704.0,6938.0,0.0,-0.0,-0.0,0.0,0.0,0.0,0.0,0.0,63,-126841069568.0,-71.63,0.0,0.0,0.0,0.0,0.0,0.0,0.0,0,0,0,0.0,0.0,0.0,0.0,0.0,0.0,0.0,0.0,0.0,0.0,0.0,0.0,0.0,0.0,0.0,0.0,0,-107875648.0,63,0.0,126,2.7184242562605685e+23,2.842318642297501e+23,ERR,ERR,ERR,ERR,ERR,ERR,ERR,ERR,ERR,ERR,ERR,ERR,ERR,ERR,ERR,ERR,ERR,ERR,ERR,ERR,ERR,ERR,ERR,ERR,ERR,ERR,ERR,ERR,ERR,ERR,ERR,ERR,ERR,ERR,ERR,ERR,ERR,ERR,ERR,ERR,ERR,ERR,ERR,ERR,ERR,ERR,ERR,ERR,ERR,ERR,ERR,ERR,ERR,ERR,ERR,ERR,ERR,ERR,ERR,ERR,ERR,ERR,ERR,ERR,ERR,ERR,ERR,34.0,80.0,35,0.0,0.0,0.0,0.0,0.0,0.0,0.0,0.0,0.0,0.0,0.0,0.0,0.0,0.0,0.0,0.0,64.4,0,116,56,49,65476,0,300,0,0,8,20529,65476,0,0,57672,80.0,0.0,0.0,0.0,0.0,0.0
2026-06-17T04:58:25,ERR,ERR,ERR,ERR,ERR,ERR,ERR,ERR,ERR,ERR,ERR,ERR,ERR,ERR,ERR,ERR,ERR,ERR,ERR,ERR,ERR,ERR,ERR,ERR,ERR,ERR,ERR,ERR,ERR,ERR,ERR,ERR,ERR,ERR,ERR,ERR,ERR,ERR,ERR,ERR,ERR,ERR,ERR,ERR,ERR,ERR,ERR,ERR,ERR,ERR,ERR,ERR,ERR,ERR,ERR,ERR,ERR,ERR,ERR,ERR,ERR,ERR,ERR,ERR,ERR,ERR,ERR,ERR,ERR,ERR,ERR,ERR,ERR,ERR,ERR,ERR,ERR,ERR,ERR,ERR,ERR,ERR,ERR,ERR,ERR,ERR,ERR,ERR,ERR,ERR,ERR,ERR,ERR,ERR,ERR,ERR,ERR,ERR,ERR,ERR,ERR,ERR,ERR,ERR,ERR,ERR,ERR,ERR,ERR,ERR,ERR,ERR,ERR,ERR,ERR,ERR,ERR,ERR,ERR,ERR,ERR,ERR,ERR,ERR,ERR,0.0,-0.0,-0.0,0.0,0.0,1.3936040501711995e+18,7.805,0.0,0,0,4,0,7300,-0.0,0,0.0,0.0,0.0,0.0,0.0,0,0,0,0,0.0,0,0,0,0,0,0,0,0,0,0,0,0,0,0,0,0,0,0,0,0,0,0,0,0,0,0,0,0,0,0,0,0,0,32,30,30,62,65476,0,300,0,0,8,21553,0.0,-107605600.0,0.0,0.0,0.0,0.0,0.0,0.0,0.0,0.0,0.0,0.0,0.0,0.0,0.0,0.0,0.0,0.0,0.0,0.0,0.0,0.0,-0.0,-0.0,2.004,0.0,0.0,0.0,0.0,0.0,5612.0,3.697194489913069e+19,6924.0,0.0,-0.0,-0.0,0.0,0.0,0.0,0.0,0.0,63,-126841069568.0,-0.0,0.0,0.0,0.0,0.0,0.0,0.0,0.0,0,0,0,0.0,0.0,0.0,0.0,0.0,0.0,0.0,0.0,0.0,0.0,0.0,0.0,0.0,0.0,0.0,0.0,0,-107875648.0,63,0.0,126,2.7184242562605685e+23,2.842318642297501e+23,ERR,ERR,ERR,ERR,ERR,ERR,ERR,ERR,ERR,ERR,ERR,ERR,ERR,ERR,ERR,ERR,ERR,ERR,ERR,ERR,ERR,ERR,ERR,ERR,ERR,ERR,ERR,ERR,ERR,ERR,ERR,ERR,ERR,ERR,ERR,ERR,ERR,ERR,ERR,ERR,ERR,ERR,ERR,ERR,ERR,ERR,ERR,ERR,ERR,ERR,ERR,ERR,ERR,ERR,ERR,ERR,ERR,ERR,ERR,ERR,ERR,ERR,ERR,ERR,ERR,ERR,ERR,34.0,80.0,35,0.0,0.0,0.0,0.0,0.0,0.0,0.0,0.0,0.0,0.0,0.0,0.0,0.0,0.0,0.0,0.0,64.4,0,116,56,49,65476,0,300,0,0,8,20529,65476,0,0,57672,80.0,0.0,0.0,0.0,0.0,0.0
2026-06-17T04:58:26,ERR,ERR,ERR,ERR,ERR,ERR,ERR,ERR,ERR,ERR,ERR,ERR,ERR,ERR,ERR,ERR,ERR,ERR,ERR,ERR,ERR,ERR,ERR,ERR,ERR,ERR,ERR,ERR,ERR,ERR,ERR,ERR,ERR,ERR,ERR,ERR,ERR,ERR,ERR,ERR,ERR,ERR,ERR,ERR,ERR,ERR,ERR,ERR,ERR,ERR,ERR,ERR,ERR,ERR,ERR,ERR,ERR,ERR,ERR,ERR,ERR,ERR,ERR,ERR,ERR,ERR,ERR,ERR,ERR,ERR,ERR,ERR,ERR,ERR,ERR,ERR,ERR,ERR,ERR,ERR,ERR,ERR,ERR,ERR,ERR,ERR,ERR,ERR,ERR,ERR,ERR,ERR,ERR,ERR,ERR,ERR,ERR,ERR,ERR,ERR,ERR,ERR,ERR,ERR,ERR,ERR,ERR,ERR,ERR,ERR,ERR,ERR,ERR,ERR,ERR,ERR,ERR,ERR,ERR,ERR,ERR,ERR,ERR,ERR,ERR,0.0,-0.0,-0.0,0.0,0.0,1.3936040501711995e+18,7.805,0.0,0,0,4,0,7300,-0.0,0,0.0,0.0,0.0,0.0,0.0,0,0,0,0,0.0,0,0,0,0,0,0,0,0,0,0,0,0,0,0,0,0,0,0,0,0,0,0,0,0,0,0,0,0,0,0,0,0,0,32,30,30,62,65476,0,300,0,0,8,21553,0.0,-107605600.0,0.0,0.0,0.0,0.0,0.0,0.0,0.0,0.0,0.0,0.0,0.0,0.0,0.0,0.0,0.0,0.0,0.0,0.0,0.0,0.0,-0.0,-0.0,2.004,0.0,0.0,0.0,0.0,0.0,5612.0,3.697194489913069e+19,6924.0,0.0,-0.0,-0.0,0.0,0.0,0.0,0.0,0.0,63,-126841069568.0,-0.0,0.0,0.0,0.0,0.0,0.0,0.0,0.0,0,0,0,0.0,0.0,0.0,0.0,0.0,0.0,0.0,0.0,0.0,0.0,0.0,0.0,0.0,0.0,0.0,0.0,0,-107875648.0,63,0.0,126,2.7184242562605685e+23,2.842318642297501e+23,ERR,ERR,ERR,ERR,ERR,ERR,ERR,ERR,ERR,ERR,ERR,ERR,ERR,ERR,ERR,ERR,ERR,ERR,ERR,ERR,ERR,ERR,ERR,ERR,ERR,ERR,ERR,ERR,ERR,ERR,ERR,ERR,ERR,ERR,ERR,ERR,ERR,ERR,ERR,ERR,ERR,ERR,ERR,ERR,ERR,ERR,ERR,ERR,ERR,ERR,ERR,ERR,ERR,ERR,ERR,ERR,ERR,ERR,ERR,ERR,ERR,ERR,ERR,ERR,ERR,ERR,ERR,34.0,80.0,35,0.0,0.0,0.0,0.0,0.0,0.0,0.0,0.0,0.0,0.0,0.0,0.0,0.0,0.0,0.0,0.0,64.4,0,116,56,49,65476,0,300,0,0,8,20529,65476,0,0,57672,80.0,0.0,0.0,0.0,0.0,0.0
2026-06-17T04:58:27,ERR,ERR,ERR,ERR,ERR,ERR,ERR,ERR,ERR,ERR,ERR,ERR,ERR,ERR,ERR,ERR,ERR,ERR,ERR,ERR,ERR,ERR,ERR,ERR,ERR,ERR,ERR,ERR,ERR,ERR,ERR,ERR,ERR,ERR,ERR,ERR,ERR,ERR,ERR,ERR,ERR,ERR,ERR,ERR,ERR,ERR,ERR,ERR,ERR,ERR,ERR,ERR,ERR,ERR,ERR,ERR,ERR,ERR,ERR,ERR,ERR,ERR,ERR,ERR,ERR,ERR,ERR,ERR,ERR,ERR,ERR,ERR,ERR,ERR,ERR,ERR,ERR,ERR,ERR,ERR,ERR,ERR,ERR,ERR,ERR,ERR,ERR,ERR,ERR,ERR,ERR,ERR,ERR,ERR,ERR,ERR,ERR,ERR,ERR,ERR,ERR,ERR,ERR,ERR,ERR,ERR,ERR,ERR,ERR,ERR,ERR,ERR,ERR,ERR,ERR,ERR,ERR,ERR,ERR,ERR,ERR,ERR,ERR,ERR,ERR,0.0,-0.0,-0.0,0.0,0.0,1.3936040501711995e+18,7.805,0.0,0,0,4,0,7300,-0.0,0,0.0,0.0,0.0,0.0,0.0,0,0,0,0,0.0,0,0,0,0,0,0,0,0,0,0,0,0,0,0,0,0,0,0,0,0,0,0,0,0,0,0,0,0,0,0,0,0,0,32,30,30,62,65476,0,300,0,0,8,21553,0.0,-107605600.0,0.0,0.0,0.0,0.0,0.0,0.0,0.0,0.0,0.0,0.0,0.0,0.0,0.0,0.0,0.0,0.0,0.0,0.0,0.0,0.0,-0.0,-0.0,2.004,0.0,0.0,0.0,0.0,0.0,5612.0,3.697194489913069e+19,6924.0,0.0,-0.0,-0.0,0.0,0.0,0.0,0.0,0.0,63,-126841069568.0,-0.0,0.0,0.0,0.0,0.0,0.0,0.0,0.0,0,0,0,0.0,0.0,0.0,0.0,0.0,0.0,0.0,0.0,0.0,0.0,0.0,0.0,0.0,0.0,0.0,0.0,0,-107875648.0,63,0.0,126,2.7184242562605685e+23,2.842318642297501e+23,ERR,ERR,ERR,ERR,ERR,ERR,ERR,ERR,ERR,ERR,ERR,ERR,ERR,ERR,ERR,ERR,ERR,ERR,ERR,ERR,ERR,ERR,ERR,ERR,ERR,ERR,ERR,ERR,ERR,ERR,ERR,ERR,ERR,ERR,ERR,ERR,ERR,ERR,ERR,ERR,ERR,ERR,ERR,ERR,ERR,ERR,ERR,ERR,ERR,ERR,ERR,ERR,ERR,ERR,ERR,ERR,ERR,ERR,ERR,ERR,ERR,ERR,ERR,ERR,ERR,ERR,ERR,34.0,80.0,35,0.0,0.0,0.0,0.0,0.0,0.0,0.0,0.0,0.0,0.0,0.0,0.0,0.0,0.0,0.0,0.0,64.4,0,116,56,49,65476,0,300,0,0,8,20529,65476,0,0,57672,80.0,0.0,0.0,0.0,0.0,0.0
2026-06-17T04:58:28,ERR,ERR,ERR,ERR,ERR,ERR,ERR,ERR,ERR,ERR,ERR,ERR,ERR,ERR,ERR,ERR,ERR,ERR,ERR,ERR,ERR,ERR,ERR,ERR,ERR,ERR,ERR,ERR,ERR,ERR,ERR,ERR,ERR,ERR,ERR,ERR,ERR,ERR,ERR,ERR,ERR,ERR,ERR,ERR,ERR,ERR,ERR,ERR,ERR,ERR,ERR,ERR,ERR,ERR,ERR,ERR,ERR,ERR,ERR,ERR,ERR,ERR,ERR,ERR,ERR,ERR,ERR,ERR,ERR,ERR,ERR,ERR,ERR,ERR,ERR,ERR,ERR,ERR,ERR,ERR,ERR,ERR,ERR,ERR,ERR,ERR,ERR,ERR,ERR,ERR,ERR,ERR,ERR,ERR,ERR,ERR,ERR,ERR,ERR,ERR,ERR,ERR,ERR,ERR,ERR,ERR,ERR,ERR,ERR,ERR,ERR,ERR,ERR,ERR,ERR,ERR,ERR,ERR,ERR,ERR,ERR,ERR,ERR,ERR,ERR,0.0,-0.0,-0.0,0.0,0.0,1.3936040501711995e+18,7.805,0.0,0,0,4,0,7300,-0.0,0,0.0,0.0,0.0,0.0,0.0,0,0,0,0,0.0,0,0,0,0,0,0,0,0,0,0,0,0,0,0,0,0,0,0,0,0,0,0,0,0,0,0,0,0,0,0,0,0,0,32,30,30,62,65476,0,300,0,0,8,21553,0.0,-107605600.0,0.0,0.0,0.0,0.0,0.0,0.0,0.0,0.0,0.0,0.0,0.0,0.0,0.0,0.0,0.0,0.0,0.0,0.0,0.0,0.0,-0.0,-0.0,2.004,0.0,0.0,0.0,0.0,0.0,5612.0,3.697194489913069e+19,6924.0,0.0,-0.0,-0.0,0.0,0.0,0.0,0.0,0.0,63,-126841069568.0,-0.0,0.0,0.0,0.0,0.0,0.0,0.0,0.0,0,0,0,0.0,0.0,0.0,0.0,0.0,0.0,0.0,0.0,0.0,0.0,0.0,0.0,0.0,0.0,0.0,0.0,0,-107875648.0,63,0.0,126,2.7184242562605685e+23,2.842318642297501e+23,ERR,ERR,ERR,ERR,ERR,ERR,ERR,ERR,ERR,ERR,ERR,ERR,ERR,ERR,ERR,ERR,ERR,ERR,ERR,ERR,ERR,ERR,ERR,ERR,ERR,ERR,ERR,ERR,ERR,ERR,ERR,ERR,ERR,ERR,ERR,ERR,ERR,ERR,ERR,ERR,ERR,ERR,ERR,ERR,ERR,ERR,ERR,ERR,ERR,ERR,ERR,ERR,ERR,ERR,ERR,ERR,ERR,ERR,ERR,ERR,ERR,ERR,ERR,ERR,ERR,ERR,ERR,34.0,80.0,35,0.0,0.0,0.0,0.0,0.0,0.0,0.0,0.0,0.0,0.0,0.0,0.0,0.0,0.0,0.0,0.0,64.4,0,116,56,49,65476,0,300,0,0,8,20529,65476,0,0,57672,80.0,0.0,0.0,0.0,0.0,0.0
2026-06-17T04:58:29,ERR,ERR,ERR,ERR,ERR,ERR,ERR,ERR,ERR,ERR,ERR,ERR,ERR,ERR,ERR,ERR,ERR,ERR,ERR,ERR,ERR,ERR,ERR,ERR,ERR,ERR,ERR,ERR,ERR,ERR,ERR,ERR,ERR,ERR,ERR,ERR,ERR,ERR,ERR,ERR,ERR,ERR,ERR,ERR,ERR,ERR,ERR,ERR,ERR,ERR,ERR,ERR,ERR,ERR,ERR,ERR,ERR,ERR,ERR,ERR,ERR,ERR,ERR,ERR,ERR,ERR,ERR,ERR,ERR,ERR,ERR,ERR,ERR,ERR,ERR,ERR,ERR,ERR,ERR,ERR,ERR,ERR,ERR,ERR,ERR,ERR,ERR,ERR,ERR,ERR,ERR,ERR,ERR,ERR,ERR,ERR,ERR,ERR,ERR,ERR,ERR,ERR,ERR,ERR,ERR,ERR,ERR,ERR,ERR,ERR,ERR,ERR,ERR,ERR,ERR,ERR,ERR,ERR,ERR,ERR,ERR,ERR,ERR,ERR,ERR,0.0,-0.0,-0.0,0.0,0.0,1.3936040501711995e+18,7.805,0.0,0,0,4,0,7300,-0.0,0,0.0,0.0,0.0,0.0,0.0,0,0,0,0,0.0,0,0,0,0,0,0,0,0,0,0,0,0,0,0,0,0,0,0,0,0,0,0,0,0,0,0,0,0,0,0,0,0,0,32,30,30,62,65476,0,300,0,0,8,21553,0.0,-107605600.0,0.0,0.0,0.0,0.0,0.0,0.0,0.0,0.0,0.0,0.0,0.0,0.0,0.0,0.0,0.0,0.0,0.0,0.0,0.0,0.0,-0.0,-0.0,2.004,0.0,0.0,0.0,0.0,0.0,5612.0,3.697194489913069e+19,6924.0,0.0,-0.0,-0.0,0.0,0.0,0.0,0.0,0.0,63,-126841069568.0,-0.0,0.0,0.0,0.0,0.0,0.0,0.0,0.0,0,0,0,0.0,0.0,0.0,0.0,0.0,0.0,0.0,0.0,0.0,0.0,0.0,0.0,0.0,0.0,0.0,0.0,0,-107875648.0,63,0.0,126,2.7184242562605685e+23,2.842318642297501e+23,ERR,ERR,ERR,ERR,ERR,ERR,ERR,ERR,ERR,ERR,ERR,ERR,ERR,ERR,ERR,ERR,ERR,ERR,ERR,ERR,ERR,ERR,ERR,ERR,ERR,ERR,ERR,ERR,ERR,ERR,ERR,ERR,ERR,ERR,ERR,ERR,ERR,ERR,ERR,ERR,ERR,ERR,ERR,ERR,ERR,ERR,ERR,ERR,ERR,ERR,ERR,ERR,ERR,ERR,ERR,ERR,ERR,ERR,ERR,ERR,ERR,ERR,ERR,ERR,ERR,ERR,ERR,34.0,80.0,35,0.0,0.0,0.0,0.0,0.0,0.0,0.0,0.0,0.0,0.0,0.0,0.0,0.0,0.0,0.0,0.0,64.4,0,116,56,49,65476,0,300,0,0,8,20529,65476,0,0,57672,80.0,0.0,0.0,0.0,0.0,0.0
2026-06-17T04:58:30,ERR,ERR,ERR,ERR,ERR,ERR,ERR,ERR,ERR,ERR,ERR,ERR,ERR,ERR,ERR,ERR,ERR,ERR,ERR,ERR,ERR,ERR,ERR,ERR,ERR,ERR,ERR,ERR,ERR,ERR,ERR,ERR,ERR,ERR,ERR,ERR,ERR,ERR,ERR,ERR,ERR,ERR,ERR,ERR,ERR,ERR,ERR,ERR,ERR,ERR,ERR,ERR,ERR,ERR,ERR,ERR,ERR,ERR,ERR,ERR,ERR,ERR,ERR,ERR,ERR,ERR,ERR,ERR,ERR,ERR,ERR,ERR,ERR,ERR,ERR,ERR,ERR,ERR,ERR,ERR,ERR,ERR,ERR,ERR,ERR,ERR,ERR,ERR,ERR,ERR,ERR,ERR,ERR,ERR,ERR,ERR,ERR,ERR,ERR,ERR,ERR,ERR,ERR,ERR,ERR,ERR,ERR,ERR,ERR,ERR,ERR,ERR,ERR,ERR,ERR,ERR,ERR,ERR,ERR,ERR,ERR,ERR,ERR,ERR,ERR,0.0,-0.0,3.028208139652935e+23,0.0,0.0,1.3936040501711995e+18,7.805,0.0,0,0,4,0,7300,-0.0,0,0.0,0.0,0.0,0.0,0.0,0,0,0,0,0.0,0,0,0,0,0,0,0,0,0,0,0,0,0,0,0,0,0,0,0,0,0,0,0,0,0,0,0,0,0,0,0,0,0,32,30,30,62,65476,0,300,0,0,8,21553,0.0,-107605600.0,0.0,0.0,0.0,0.0,0.0,0.0,0.0,0.0,0.0,0.0,0.0,0.0,0.0,0.0,0.0,0.0,0.0,0.0,0.0,0.0,-0.0,-0.0,2.004,0.0,0.0,0.0,0.0,0.0,5611.0,-131350.734,6937.0,0.0,-0.0,-0.0,0.0,0.0,0.0,0.0,0.0,63,-126841069568.0,0.0,0.0,0.0,0.0,0.0,0.0,0.0,0.0,0,0,0,0.0,0.0,0.0,0.0,0.0,0.0,0.0,0.0,0.0,0.0,0.0,0.0,0.0,0.0,0.0,0.0,0,-107875648.0,63,0.0,126,2.7184242562605685e+23,2.842318642297501e+23,ERR,ERR,ERR,ERR,ERR,ERR,ERR,ERR,ERR,ERR,ERR,ERR,ERR,ERR,ERR,ERR,ERR,ERR,ERR,ERR,ERR,ERR,ERR,ERR,ERR,ERR,ERR,ERR,ERR,ERR,ERR,ERR,ERR,ERR,ERR,ERR,ERR,ERR,ERR,ERR,ERR,ERR,ERR,ERR,ERR,ERR,ERR,ERR,ERR,ERR,ERR,ERR,ERR,ERR,ERR,ERR,ERR,ERR,ERR,ERR,ERR,ERR,ERR,ERR,ERR,ERR,ERR,34.0,80.0,35,0.0,0.0,0.0,0.0,0.0,0.0,0.0,0.0,0.0,0.0,0.0,0.0,0.0,0.0,0.0,0.0,64.4,0,116,56,49,65476,0,300,0,0,8,20529,65476,0,0,57672,80.0,0.0,0.0,0.0,0.0,0.0
2026-06-17T04:58:31,ERR,ERR,ERR,ERR,ERR,ERR,ERR,ERR,ERR,ERR,ERR,ERR,ERR,ERR,ERR,ERR,ERR,ERR,ERR,ERR,ERR,ERR,ERR,ERR,ERR,ERR,ERR,ERR,ERR,ERR,ERR,ERR,ERR,ERR,ERR,ERR,ERR,ERR,ERR,ERR,ERR,ERR,ERR,ERR,ERR,ERR,ERR,ERR,ERR,ERR,ERR,ERR,ERR,ERR,ERR,ERR,ERR,ERR,ERR,ERR,ERR,ERR,ERR,ERR,ERR,ERR,ERR,ERR,ERR,ERR,ERR,ERR,ERR,ERR,ERR,ERR,ERR,ERR,ERR,ERR,ERR,ERR,ERR,ERR,ERR,ERR,ERR,ERR,ERR,ERR,ERR,ERR,ERR,ERR,ERR,ERR,ERR,ERR,ERR,ERR,ERR,ERR,ERR,ERR,ERR,ERR,ERR,ERR,ERR,ERR,ERR,ERR,ERR,ERR,ERR,ERR,ERR,ERR,ERR,ERR,ERR,ERR,ERR,ERR,ERR,0.0,-0.0,3.028208139652935e+23,0.0,0.0,1.3936040501711995e+18,7.805,0.0,0,0,4,0,7300,-0.0,0,0.0,0.0,0.0,0.0,0.0,0,0,0,0,0.0,0,0,0,0,0,0,0,0,0,0,0,0,0,0,0,0,0,0,0,0,0,0,0,0,0,0,0,0,0,0,0,0,0,32,30,30,62,65476,0,300,0,0,8,21553,0.0,-107605600.0,0.0,0.0,0.0,0.0,0.0,0.0,0.0,0.0,0.0,0.0,0.0,0.0,0.0,0.0,0.0,0.0,0.0,0.0,0.0,0.0,-0.0,-0.0,2.004,0.0,0.0,0.0,0.0,0.0,5611.0,-131350.734,6937.0,0.0,-0.0,-0.0,0.0,0.0,0.0,0.0,0.0,63,-126841069568.0,0.0,0.0,0.0,0.0,0.0,0.0,0.0,0.0,0,0,0,0.0,0.0,0.0,0.0,0.0,0.0,0.0,0.0,0.0,0.0,0.0,0.0,0.0,0.0,0.0,0.0,0,-107875648.0,63,0.0,126,2.7184242562605685e+23,2.842318642297501e+23,ERR,ERR,ERR,ERR,ERR,ERR,ERR,ERR,ERR,ERR,ERR,ERR,ERR,ERR,ERR,ERR,ERR,ERR,ERR,ERR,ERR,ERR,ERR,ERR,ERR,ERR,ERR,ERR,ERR,ERR,ERR,ERR,ERR,ERR,ERR,ERR,ERR,ERR,ERR,ERR,ERR,ERR,ERR,ERR,ERR,ERR,ERR,ERR,ERR,ERR,ERR,ERR,ERR,ERR,ERR,ERR,ERR,ERR,ERR,ERR,ERR,ERR,ERR,ERR,ERR,ERR,ERR,34.0,80.0,35,0.0,0.0,0.0,0.0,0.0,0.0,0.0,0.0,0.0,0.0,0.0,0.0,0.0,0.0,0.0,0.0,64.4,0,116,56,49,65476,0,300,0,0,8,20529,65476,0,0,57672,80.0,0.0,0.0,0.0,0.0,0.0
2026-06-17T04:58:32,ERR,ERR,ERR,ERR,ERR,ERR,ERR,ERR,ERR,ERR,ERR,ERR,ERR,ERR,ERR,ERR,ERR,ERR,ERR,ERR,ERR,ERR,ERR,ERR,ERR,ERR,ERR,ERR,ERR,ERR,ERR,ERR,ERR,ERR,ERR,ERR,ERR,ERR,ERR,ERR,ERR,ERR,ERR,ERR,ERR,ERR,ERR,ERR,ERR,ERR,ERR,ERR,ERR,ERR,ERR,ERR,ERR,ERR,ERR,ERR,ERR,ERR,ERR,ERR,ERR,ERR,ERR,ERR,ERR,ERR,ERR,ERR,ERR,ERR,ERR,ERR,ERR,ERR,ERR,ERR,ERR,ERR,ERR,ERR,ERR,ERR,ERR,ERR,ERR,ERR,ERR,ERR,ERR,ERR,ERR,ERR,ERR,ERR,ERR,ERR,ERR,ERR,ERR,ERR,ERR,ERR,ERR,ERR,ERR,ERR,ERR,ERR,ERR,ERR,ERR,ERR,ERR,ERR,ERR,ERR,ERR,ERR,ERR,ERR,ERR,0.0,-0.0,3.028208139652935e+23,0.0,0.0,1.3936040501711995e+18,7.805,0.0,0,0,4,0,7300,-0.0,0,0.0,0.0,0.0,0.0,0.0,0,0,0,0,0.0,0,0,0,0,0,0,0,0,0,0,0,0,0,0,0,0,0,0,0,0,0,0,0,0,0,0,0,0,0,0,0,0,0,32,30,30,62,65476,0,300,0,0,8,21553,0.0,-107605600.0,0.0,0.0,0.0,0.0,0.0,0.0,0.0,0.0,0.0,0.0,0.0,0.0,0.0,0.0,0.0,0.0,0.0,0.0,0.0,0.0,-0.0,-0.0,2.004,0.0,0.0,0.0,0.0,0.0,5611.0,-131350.734,6937.0,0.0,-0.0,-0.0,0.0,0.0,0.0,0.0,0.0,63,-126841069568.0,0.0,0.0,0.0,0.0,0.0,0.0,0.0,0.0,0,0,0,0.0,0.0,0.0,0.0,0.0,0.0,0.0,0.0,0.0,0.0,0.0,0.0,0.0,0.0,0.0,0.0,0,-107875648.0,63,0.0,126,2.7184242562605685e+23,2.842318642297501e+23,ERR,ERR,ERR,ERR,ERR,ERR,ERR,ERR,ERR,ERR,ERR,ERR,ERR,ERR,ERR,ERR,ERR,ERR,ERR,ERR,ERR,ERR,ERR,ERR,ERR,ERR,ERR,ERR,ERR,ERR,ERR,ERR,ERR,ERR,ERR,ERR,ERR,ERR,ERR,ERR,ERR,ERR,ERR,ERR,ERR,ERR,ERR,ERR,ERR,ERR,ERR,ERR,ERR,ERR,ERR,ERR,ERR,ERR,ERR,ERR,ERR,ERR,ERR,ERR,ERR,ERR,ERR,34.0,80.0,35,0.0,0.0,0.0,0.0,0.0,0.0,0.0,0.0,0.0,0.0,0.0,0.0,0.0,0.0,0.0,0.0,64.4,0,116,56,49,65476,0,300,0,0,8,20529,65476,0,0,57672,80.0,0.0,0.0,0.0,0.0,0.0
2026-06-17T04:58:33,ERR,ERR,ERR,ERR,ERR,ERR,ERR,ERR,ERR,ERR,ERR,ERR,ERR,ERR,ERR,ERR,ERR,ERR,ERR,ERR,ERR,ERR,ERR,ERR,ERR,ERR,ERR,ERR,ERR,ERR,ERR,ERR,ERR,ERR,ERR,ERR,ERR,ERR,ERR,ERR,ERR,ERR,ERR,ERR,ERR,ERR,ERR,ERR,ERR,ERR,ERR,ERR,ERR,ERR,ERR,ERR,ERR,ERR,ERR,ERR,ERR,ERR,ERR,ERR,ERR,ERR,ERR,ERR,ERR,ERR,ERR,ERR,ERR,ERR,ERR,ERR,ERR,ERR,ERR,ERR,ERR,ERR,ERR,ERR,ERR,ERR,ERR,ERR,ERR,ERR,ERR,ERR,ERR,ERR,ERR,ERR,ERR,ERR,ERR,ERR,ERR,ERR,ERR,ERR,ERR,ERR,ERR,ERR,ERR,ERR,ERR,ERR,ERR,ERR,ERR,ERR,ERR,ERR,ERR,ERR,ERR,ERR,ERR,ERR,ERR,0.0,-0.0,3.028208139652935e+23,0.0,0.0,1.3936040501711995e+18,7.805,0.0,0,0,4,0,7300,-0.0,0,0.0,0.0,0.0,0.0,0.0,0,0,0,0,0.0,0,0,0,0,0,0,0,0,0,0,0,0,0,0,0,0,0,0,0,0,0,0,0,0,0,0,0,0,0,0,0,0,0,32,30,30,62,65476,0,300,0,0,8,21553,0.0,-107605600.0,0.0,0.0,0.0,0.0,0.0,0.0,0.0,0.0,0.0,0.0,0.0,0.0,0.0,0.0,0.0,0.0,0.0,0.0,0.0,0.0,-0.0,-0.0,2.004,0.0,0.0,0.0,0.0,0.0,5611.0,-131350.734,6937.0,0.0,-0.0,-0.0,0.0,0.0,0.0,0.0,0.0,63,-126841069568.0,0.0,0.0,0.0,0.0,0.0,0.0,0.0,0.0,0,0,0,0.0,0.0,0.0,0.0,0.0,0.0,0.0,0.0,0.0,0.0,0.0,0.0,0.0,0.0,0.0,0.0,0,-107875648.0,63,0.0,126,2.7184242562605685e+23,2.842318642297501e+23,ERR,ERR,ERR,ERR,ERR,ERR,ERR,ERR,ERR,ERR,ERR,ERR,ERR,ERR,ERR,ERR,ERR,ERR,ERR,ERR,ERR,ERR,ERR,ERR,ERR,ERR,ERR,ERR,ERR,ERR,ERR,ERR,ERR,ERR,ERR,ERR,ERR,ERR,ERR,ERR,ERR,ERR,ERR,ERR,ERR,ERR,ERR,ERR,ERR,ERR,ERR,ERR,ERR,ERR,ERR,ERR,ERR,ERR,ERR,ERR,ERR,ERR,ERR,ERR,ERR,ERR,ERR,34.0,80.0,35,0.0,0.0,0.0,0.0,0.0,0.0,0.0,0.0,0.0,0.0,0.0,0.0,0.0,0.0,0.0,0.0,64.4,0,116,56,49,65476,0,300,0,0,8,20529,65476,0,0,57672,80.0,0.0,0.0,0.0,0.0,0.0
2026-06-17T04:58:34,ERR,ERR,ERR,ERR,ERR,ERR,ERR,ERR,ERR,ERR,ERR,ERR,ERR,ERR,ERR,ERR,ERR,ERR,ERR,ERR,ERR,ERR,ERR,ERR,ERR,ERR,ERR,ERR,ERR,ERR,ERR,ERR,ERR,ERR,ERR,ERR,ERR,ERR,ERR,ERR,ERR,ERR,ERR,ERR,ERR,ERR,ERR,ERR,ERR,ERR,ERR,ERR,ERR,ERR,ERR,ERR,ERR,ERR,ERR,ERR,ERR,ERR,ERR,ERR,ERR,ERR,ERR,ERR,ERR,ERR,ERR,ERR,ERR,ERR,ERR,ERR,ERR,ERR,ERR,ERR,ERR,ERR,ERR,ERR,ERR,ERR,ERR,ERR,ERR,ERR,ERR,ERR,ERR,ERR,ERR,ERR,ERR,ERR,ERR,ERR,ERR,ERR,ERR,ERR,ERR,ERR,ERR,ERR,ERR,ERR,ERR,ERR,ERR,ERR,ERR,ERR,ERR,ERR,ERR,ERR,ERR,ERR,ERR,ERR,ERR,0.0,-0.0,3.028208139652935e+23,0.0,0.0,1.3936040501711995e+18,7.805,0.0,0,0,4,0,7300,-0.0,0,0.0,0.0,0.0,0.0,0.0,0,0,0,0,0.0,0,0,0,0,0,0,0,0,0,0,0,0,0,0,0,0,0,0,0,0,0,0,0,0,0,0,0,0,0,0,0,0,0,32,30,30,62,65476,0,300,0,0,8,21553,0.0,-107605600.0,0.0,0.0,0.0,0.0,0.0,0.0,0.0,0.0,0.0,0.0,0.0,0.0,0.0,0.0,0.0,0.0,0.0,0.0,0.0,0.0,-0.0,-0.0,2.004,0.0,0.0,0.0,0.0,0.0,5611.0,-131350.734,6937.0,0.0,-0.0,-0.0,0.0,0.0,0.0,0.0,0.0,63,-126841069568.0,0.0,0.0,0.0,0.0,0.0,0.0,0.0,0.0,0,0,0,0.0,0.0,0.0,0.0,0.0,0.0,0.0,0.0,0.0,0.0,0.0,0.0,0.0,0.0,0.0,0.0,0,-107875648.0,63,0.0,126,2.7184242562605685e+23,2.842318642297501e+23,ERR,ERR,ERR,ERR,ERR,ERR,ERR,ERR,ERR,ERR,ERR,ERR,ERR,ERR,ERR,ERR,ERR,ERR,ERR,ERR,ERR,ERR,ERR,ERR,ERR,ERR,ERR,ERR,ERR,ERR,ERR,ERR,ERR,ERR,ERR,ERR,ERR,ERR,ERR,ERR,ERR,ERR,ERR,ERR,ERR,ERR,ERR,ERR,ERR,ERR,ERR,ERR,ERR,ERR,ERR,ERR,ERR,ERR,ERR,ERR,ERR,ERR,ERR,ERR,ERR,ERR,ERR,34.0,80.0,35,0.0,0.0,0.0,0.0,0.0,0.0,0.0,0.0,0.0,0.0,0.0,0.0,0.0,0.0,0.0,0.0,64.4,0,116,56,49,65476,0,300,0,0,8,20529,65476,0,0,57672,80.0,0.0,0.0,0.0,0.0,0.0
2026-06-17T04:58:35,ERR,ERR,ERR,ERR,ERR,ERR,ERR,ERR,ERR,ERR,ERR,ERR,ERR,ERR,ERR,ERR,ERR,ERR,ERR,ERR,ERR,ERR,ERR,ERR,ERR,ERR,ERR,ERR,ERR,ERR,ERR,ERR,ERR,ERR,ERR,ERR,ERR,ERR,ERR,ERR,ERR,ERR,ERR,ERR,ERR,ERR,ERR,ERR,ERR,ERR,ERR,ERR,ERR,ERR,ERR,ERR,ERR,ERR,ERR,ERR,ERR,ERR,ERR,ERR,ERR,ERR,ERR,ERR,ERR,ERR,ERR,ERR,ERR,ERR,ERR,ERR,ERR,ERR,ERR,ERR,ERR,ERR,ERR,ERR,ERR,ERR,ERR,ERR,ERR,ERR,ERR,ERR,ERR,ERR,ERR,ERR,ERR,ERR,ERR,ERR,ERR,ERR,ERR,ERR,ERR,ERR,ERR,ERR,ERR,ERR,ERR,ERR,ERR,ERR,ERR,ERR,ERR,ERR,ERR,ERR,ERR,ERR,ERR,ERR,ERR,0.0,-0.0,3.028208139652935e+23,0.0,0.0,1.3936040501711995e+18,7.805,0.0,0,0,4,0,7300,-0.0,0,0.0,0.0,0.0,0.0,0.0,0,0,0,0,0.0,0,0,0,0,0,0,0,0,0,0,0,0,0,0,0,0,0,0,0,0,0,0,0,0,0,0,0,0,0,0,0,0,0,32,30,30,62,65476,0,300,0,0,8,21553,0.0,-107605600.0,0.0,0.0,0.0,0.0,0.0,0.0,0.0,0.0,0.0,0.0,0.0,0.0,0.0,0.0,0.0,0.0,0.0,0.0,0.0,0.0,-0.0,-0.0,2.004,0.0,0.0,0.0,0.0,0.0,5611.0,-131350.734,6937.0,0.0,-0.0,-0.0,0.0,0.0,0.0,0.0,0.0,63,-126841069568.0,0.0,0.0,0.0,0.0,0.0,0.0,0.0,0.0,0,0,0,0.0,0.0,0.0,0.0,0.0,0.0,0.0,0.0,0.0,0.0,0.0,0.0,0.0,0.0,0.0,0.0,0,-107875648.0,63,0.0,126,2.7184242562605685e+23,2.842318642297501e+23,ERR,ERR,ERR,ERR,ERR,ERR,ERR,ERR,ERR,ERR,ERR,ERR,ERR,ERR,ERR,ERR,ERR,ERR,ERR,ERR,ERR,ERR,ERR,ERR,ERR,ERR,ERR,ERR,ERR,ERR,ERR,ERR,ERR,ERR,ERR,ERR,ERR,ERR,ERR,ERR,ERR,ERR,ERR,ERR,ERR,ERR,ERR,ERR,ERR,ERR,ERR,ERR,ERR,ERR,ERR,ERR,ERR,ERR,ERR,ERR,ERR,ERR,ERR,ERR,ERR,ERR,ERR,34.0,80.0,35,0.0,0.0,0.0,0.0,0.0,0.0,0.0,0.0,0.0,0.0,0.0,0.0,0.0,0.0,0.0,0.0,64.4,0,116,56,49,65476,0,300,0,0,8,20529,65476,0,0,57672,80.0,0.0,0.0,0.0,0.0,0.0
2026-06-17T04:58:36,ERR,ERR,ERR,ERR,ERR,ERR,ERR,ERR,ERR,ERR,ERR,ERR,ERR,ERR,ERR,ERR,ERR,ERR,ERR,ERR,ERR,ERR,ERR,ERR,ERR,ERR,ERR,ERR,ERR,ERR,ERR,ERR,ERR,ERR,ERR,ERR,ERR,ERR,ERR,ERR,ERR,ERR,ERR,ERR,ERR,ERR,ERR,ERR,ERR,ERR,ERR,ERR,ERR,ERR,ERR,ERR,ERR,ERR,ERR,ERR,ERR,ERR,ERR,ERR,ERR,ERR,ERR,ERR,ERR,ERR,ERR,ERR,ERR,ERR,ERR,ERR,ERR,ERR,ERR,ERR,ERR,ERR,ERR,ERR,ERR,ERR,ERR,ERR,ERR,ERR,ERR,ERR,ERR,ERR,ERR,ERR,ERR,ERR,ERR,ERR,ERR,ERR,ERR,ERR,ERR,ERR,ERR,ERR,ERR,ERR,ERR,ERR,ERR,ERR,ERR,ERR,ERR,ERR,ERR,ERR,ERR,ERR,ERR,ERR,ERR,0.0,-0.0,-0.0,0.0,0.0,1.3936040501711995e+18,7.805,0.0,0,0,4,0,7300,-0.0,0,0.0,0.0,0.0,0.0,0.0,0,0,0,0,0.0,0,0,0,0,0,0,0,0,0,0,0,0,0,0,0,0,0,0,0,0,0,0,0,0,0,0,0,0,0,0,0,0,0,32,30,30,62,65476,0,300,0,0,8,21553,0.0,-107605600.0,0.0,0.0,0.0,0.0,0.0,0.0,0.0,0.0,0.0,0.0,0.0,0.0,0.0,0.0,0.0,0.0,0.0,0.0,0.0,0.0,-0.0,-0.0,2.004,0.0,0.0,0.0,0.0,0.0,5612.0,-0.0,6929.0,0.0,2.7184296605801213e+23,-0.0,0.0,0.0,0.0,0.0,0.0,63,-152018370953216.0,-0.0,0.0,0.0,0.0,0.0,0.0,0.0,0.0,0,0,0,0.0,0.0,0.0,0.0,0.0,0.0,0.0,0.0,0.0,0.0,0.0,0.0,0.0,0.0,0.0,0.0,0,-107875648.0,63,0.0,126,2.7184242562605685e+23,2.842318642297501e+23,ERR,ERR,ERR,ERR,ERR,ERR,ERR,ERR,ERR,ERR,ERR,ERR,ERR,ERR,ERR,ERR,ERR,ERR,ERR,ERR,ERR,ERR,ERR,ERR,ERR,ERR,ERR,ERR,ERR,ERR,ERR,ERR,ERR,ERR,ERR,ERR,ERR,ERR,ERR,ERR,ERR,ERR,ERR,ERR,ERR,ERR,ERR,ERR,ERR,ERR,ERR,ERR,ERR,ERR,ERR,ERR,ERR,ERR,ERR,ERR,ERR,ERR,ERR,ERR,ERR,ERR,ERR,34.0,80.0,35,0.0,0.0,0.0,0.0,0.0,0.0,0.0,0.0,0.0,0.0,0.0,0.0,0.0,0.0,0.0,0.0,64.8,0,116,56,49,65476,0,300,0,0,8,20529,65476,0,0,57672,80.0,0.0,0.0,0.0,0.0,0.0
2026-06-17T04:58:37,ERR,ERR,ERR,ERR,ERR,ERR,ERR,ERR,ERR,ERR,ERR,ERR,ERR,ERR,ERR,ERR,ERR,ERR,ERR,ERR,ERR,ERR,ERR,ERR,ERR,ERR,ERR,ERR,ERR,ERR,ERR,ERR,ERR,ERR,ERR,ERR,ERR,ERR,ERR,ERR,ERR,ERR,ERR,ERR,ERR,ERR,ERR,ERR,ERR,ERR,ERR,ERR,ERR,ERR,ERR,ERR,ERR,ERR,ERR,ERR,ERR,ERR,ERR,ERR,ERR,ERR,ERR,ERR,ERR,ERR,ERR,ERR,ERR,ERR,ERR,ERR,ERR,ERR,ERR,ERR,ERR,ERR,ERR,ERR,ERR,ERR,ERR,ERR,ERR,ERR,ERR,ERR,ERR,ERR,ERR,ERR,ERR,ERR,ERR,ERR,ERR,ERR,ERR,ERR,ERR,ERR,ERR,ERR,ERR,ERR,ERR,ERR,ERR,ERR,ERR,ERR,ERR,ERR,ERR,ERR,ERR,ERR,ERR,ERR,ERR,0.0,-0.0,-0.0,0.0,0.0,1.3936040501711995e+18,7.805,0.0,0,0,4,0,7300,-0.0,0,0.0,0.0,0.0,0.0,0.0,0,0,0,0,0.0,0,0,0,0,0,0,0,0,0,0,0,0,0,0,0,0,0,0,0,0,0,0,0,0,0,0,0,0,0,0,0,0,0,32,30,30,62,65476,0,300,0,0,8,21553,0.0,-107605600.0,0.0,0.0,0.0,0.0,0.0,0.0,0.0,0.0,0.0,0.0,0.0,0.0,0.0,0.0,0.0,0.0,0.0,0.0,0.0,0.0,-0.0,-0.0,2.004,0.0,0.0,0.0,0.0,0.0,5612.0,-0.0,6929.0,0.0,2.7184296605801213e+23,-0.0,0.0,0.0,0.0,0.0,0.0,63,-152018370953216.0,-0.0,0.0,0.0,0.0,0.0,0.0,0.0,0.0,0,0,0,0.0,0.0,0.0,0.0,0.0,0.0,0.0,0.0,0.0,0.0,0.0,0.0,0.0,0.0,0.0,0.0,0,-107875648.0,63,0.0,126,2.7184242562605685e+23,2.842318642297501e+23,ERR,ERR,ERR,ERR,ERR,ERR,ERR,ERR,ERR,ERR,ERR,ERR,ERR,ERR,ERR,ERR,ERR,ERR,ERR,ERR,ERR,ERR,ERR,ERR,ERR,ERR,ERR,ERR,ERR,ERR,ERR,ERR,ERR,ERR,ERR,ERR,ERR,ERR,ERR,ERR,ERR,ERR,ERR,ERR,ERR,ERR,ERR,ERR,ERR,ERR,ERR,ERR,ERR,ERR,ERR,ERR,ERR,ERR,ERR,ERR,ERR,ERR,ERR,ERR,ERR,ERR,ERR,34.0,80.0,35,0.0,0.0,0.0,0.0,0.0,0.0,0.0,0.0,0.0,0.0,0.0,0.0,0.0,0.0,0.0,0.0,64.8,0,116,56,49,65476,0,300,0,0,8,20529,65476,0,0,57672,80.0,0.0,0.0,0.0,0.0,0.0
2026-06-17T04:58:38,ERR,ERR,ERR,ERR,ERR,ERR,ERR,ERR,ERR,ERR,ERR,ERR,ERR,ERR,ERR,ERR,ERR,ERR,ERR,ERR,ERR,ERR,ERR,ERR,ERR,ERR,ERR,ERR,ERR,ERR,ERR,ERR,ERR,ERR,ERR,ERR,ERR,ERR,ERR,ERR,ERR,ERR,ERR,ERR,ERR,ERR,ERR,ERR,ERR,ERR,ERR,ERR,ERR,ERR,ERR,ERR,ERR,ERR,ERR,ERR,ERR,ERR,ERR,ERR,ERR,ERR,ERR,ERR,ERR,ERR,ERR,ERR,ERR,ERR,ERR,ERR,ERR,ERR,ERR,ERR,ERR,ERR,ERR,ERR,ERR,ERR,ERR,ERR,ERR,ERR,ERR,ERR,ERR,ERR,ERR,ERR,ERR,ERR,ERR,ERR,ERR,ERR,ERR,ERR,ERR,ERR,ERR,ERR,ERR,ERR,ERR,ERR,ERR,ERR,ERR,ERR,ERR,ERR,ERR,ERR,ERR,ERR,ERR,ERR,ERR,0.0,-0.0,-0.0,0.0,0.0,1.3936040501711995e+18,7.805,0.0,0,0,4,0,7300,-0.0,0,0.0,0.0,0.0,0.0,0.0,0,0,0,0,0.0,0,0,0,0,0,0,0,0,0,0,0,0,0,0,0,0,0,0,0,0,0,0,0,0,0,0,0,0,0,0,0,0,0,32,30,30,62,65476,0,300,0,0,8,21553,0.0,-107605600.0,0.0,0.0,0.0,0.0,0.0,0.0,0.0,0.0,0.0,0.0,0.0,0.0,0.0,0.0,0.0,0.0,0.0,0.0,0.0,0.0,-0.0,-0.0,2.004,0.0,0.0,0.0,0.0,0.0,5612.0,-0.0,6929.0,0.0,2.7184296605801213e+23,-0.0,0.0,0.0,0.0,0.0,0.0,63,-152018370953216.0,-0.0,0.0,0.0,0.0,0.0,0.0,0.0,0.0,0,0,0,0.0,0.0,0.0,0.0,0.0,0.0,0.0,0.0,0.0,0.0,0.0,0.0,0.0,0.0,0.0,0.0,0,-107875648.0,63,0.0,126,2.7184242562605685e+23,2.842318642297501e+23,ERR,ERR,ERR,ERR,ERR,ERR,ERR,ERR,ERR,ERR,ERR,ERR,ERR,ERR,ERR,ERR,ERR,ERR,ERR,ERR,ERR,ERR,ERR,ERR,ERR,ERR,ERR,ERR,ERR,ERR,ERR,ERR,ERR,ERR,ERR,ERR,ERR,ERR,ERR,ERR,ERR,ERR,ERR,ERR,ERR,ERR,ERR,ERR,ERR,ERR,ERR,ERR,ERR,ERR,ERR,ERR,ERR,ERR,ERR,ERR,ERR,ERR,ERR,ERR,ERR,ERR,ERR,34.0,80.0,35,0.0,0.0,0.0,0.0,0.0,0.0,0.0,0.0,0.0,0.0,0.0,0.0,0.0,0.0,0.0,0.0,64.4,0,116,56,49,65476,0,300,0,0,8,20529,65476,0,0,57672,80.0,0.0,0.0,0.0,0.0,0.0
2026-06-17T04:58:39,ERR,ERR,ERR,ERR,ERR,ERR,ERR,ERR,ERR,ERR,ERR,ERR,ERR,ERR,ERR,ERR,ERR,ERR,ERR,ERR,ERR,ERR,ERR,ERR,ERR,ERR,ERR,ERR,ERR,ERR,ERR,ERR,ERR,ERR,ERR,ERR,ERR,ERR,ERR,ERR,ERR,ERR,ERR,ERR,ERR,ERR,ERR,ERR,ERR,ERR,ERR,ERR,ERR,ERR,ERR,ERR,ERR,ERR,ERR,ERR,ERR,ERR,ERR,ERR,ERR,ERR,ERR,ERR,ERR,ERR,ERR,ERR,ERR,ERR,ERR,ERR,ERR,ERR,ERR,ERR,ERR,ERR,ERR,ERR,ERR,ERR,ERR,ERR,ERR,ERR,ERR,ERR,ERR,ERR,ERR,ERR,ERR,ERR,ERR,ERR,ERR,ERR,ERR,ERR,ERR,ERR,ERR,ERR,ERR,ERR,ERR,ERR,ERR,ERR,ERR,ERR,ERR,ERR,ERR,ERR,ERR,ERR,ERR,ERR,ERR,0.0,-0.0,-0.0,0.0,0.0,1.3936040501711995e+18,7.805,0.0,0,0,4,0,7300,-0.0,0,0.0,0.0,0.0,0.0,0.0,0,0,0,0,0.0,0,0,0,0,0,0,0,0,0,0,0,0,0,0,0,0,0,0,0,0,0,0,0,0,0,0,0,0,0,0,0,0,0,32,30,30,62,65476,0,300,0,0,8,21553,0.0,-107605600.0,0.0,0.0,0.0,0.0,0.0,0.0,0.0,0.0,0.0,0.0,0.0,0.0,0.0,0.0,0.0,0.0,0.0,0.0,0.0,0.0,-0.0,-0.0,2.004,0.0,0.0,0.0,0.0,0.0,5612.0,-0.0,6929.0,0.0,2.7184296605801213e+23,-0.0,0.0,0.0,0.0,0.0,0.0,63,-152018370953216.0,-0.0,0.0,0.0,0.0,0.0,0.0,0.0,0.0,0,0,0,0.0,0.0,0.0,0.0,0.0,0.0,0.0,0.0,0.0,0.0,0.0,0.0,0.0,0.0,0.0,0.0,0,-107875648.0,63,0.0,126,2.7184242562605685e+23,2.842318642297501e+23,ERR,ERR,ERR,ERR,ERR,ERR,ERR,ERR,ERR,ERR,ERR,ERR,ERR,ERR,ERR,ERR,ERR,ERR,ERR,ERR,ERR,ERR,ERR,ERR,ERR,ERR,ERR,ERR,ERR,ERR,ERR,ERR,ERR,ERR,ERR,ERR,ERR,ERR,ERR,ERR,ERR,ERR,ERR,ERR,ERR,ERR,ERR,ERR,ERR,ERR,ERR,ERR,ERR,ERR,ERR,ERR,ERR,ERR,ERR,ERR,ERR,ERR,ERR,ERR,ERR,ERR,ERR,34.0,80.0,35,0.0,0.0,0.0,0.0,0.0,0.0,0.0,0.0,0.0,0.0,0.0,0.0,0.0,0.0,0.0,0.0,64.4,0,116,56,49,65476,0,300,0,0,8,20529,65476,0,0,57672,80.0,0.0,0.0,0.0,0.0,0.0
2026-06-17T04:58:40,ERR,ERR,ERR,ERR,ERR,ERR,ERR,ERR,ERR,ERR,ERR,ERR,ERR,ERR,ERR,ERR,ERR,ERR,ERR,ERR,ERR,ERR,ERR,ERR,ERR,ERR,ERR,ERR,ERR,ERR,ERR,ERR,ERR,ERR,ERR,ERR,ERR,ERR,ERR,ERR,ERR,ERR,ERR,ERR,ERR,ERR,ERR,ERR,ERR,ERR,ERR,ERR,ERR,ERR,ERR,ERR,ERR,ERR,ERR,ERR,ERR,ERR,ERR,ERR,ERR,ERR,ERR,ERR,ERR,ERR,ERR,ERR,ERR,ERR,ERR,ERR,ERR,ERR,ERR,ERR,ERR,ERR,ERR,ERR,ERR,ERR,ERR,ERR,ERR,ERR,ERR,ERR,ERR,ERR,ERR,ERR,ERR,ERR,ERR,ERR,ERR,ERR,ERR,ERR,ERR,ERR,ERR,ERR,ERR,ERR,ERR,ERR,ERR,ERR,ERR,ERR,ERR,ERR,ERR,ERR,ERR,ERR,ERR,ERR,ERR,0.0,-0.0,-0.0,0.0,0.0,1.3936040501711995e+18,7.805,0.0,0,0,4,0,7300,-0.0,0,0.0,0.0,0.0,0.0,0.0,0,0,0,0,0.0,0,0,0,0,0,0,0,0,0,0,0,0,0,0,0,0,0,0,0,0,0,0,0,0,0,0,0,0,0,0,0,0,0,32,30,30,62,65476,0,300,0,0,8,21553,0.0,-107605600.0,0.0,0.0,0.0,0.0,0.0,0.0,0.0,0.0,0.0,0.0,0.0,0.0,0.0,0.0,0.0,0.0,0.0,0.0,0.0,0.0,-0.0,-0.0,2.004,0.0,0.0,0.0,0.0,0.0,5612.0,-0.0,6929.0,0.0,2.7184296605801213e+23,-0.0,0.0,0.0,0.0,0.0,0.0,63,-152018370953216.0,-0.0,0.0,0.0,0.0,0.0,0.0,0.0,0.0,0,0,0,0.0,0.0,0.0,0.0,0.0,0.0,0.0,0.0,0.0,0.0,0.0,0.0,0.0,0.0,0.0,0.0,0,-107875648.0,63,0.0,126,2.7184242562605685e+23,2.842318642297501e+23,ERR,ERR,ERR,ERR,ERR,ERR,ERR,ERR,ERR,ERR,ERR,ERR,ERR,ERR,ERR,ERR,ERR,ERR,ERR,ERR,ERR,ERR,ERR,ERR,ERR,ERR,ERR,ERR,ERR,ERR,ERR,ERR,ERR,ERR,ERR,ERR,ERR,ERR,ERR,ERR,ERR,ERR,ERR,ERR,ERR,ERR,ERR,ERR,ERR,ERR,ERR,ERR,ERR,ERR,ERR,ERR,ERR,ERR,ERR,ERR,ERR,ERR,ERR,ERR,ERR,ERR,ERR,34.0,80.0,35,0.0,0.0,0.0,0.0,0.0,0.0,0.0,0.0,0.0,0.0,0.0,0.0,0.0,0.0,0.0,0.0,64.4,0,116,56,49,65476,0,300,0,0,8,20529,65476,0,0,57672,80.0,0.0,0.0,0.0,0.0,0.0
2026-06-17T04:58:41,ERR,ERR,ERR,ERR,ERR,ERR,ERR,ERR,ERR,ERR,ERR,ERR,ERR,ERR,ERR,ERR,ERR,ERR,ERR,ERR,ERR,ERR,ERR,ERR,ERR,ERR,ERR,ERR,ERR,ERR,ERR,ERR,ERR,ERR,ERR,ERR,ERR,ERR,ERR,ERR,ERR,ERR,ERR,ERR,ERR,ERR,ERR,ERR,ERR,ERR,ERR,ERR,ERR,ERR,ERR,ERR,ERR,ERR,ERR,ERR,ERR,ERR,ERR,ERR,ERR,ERR,ERR,ERR,ERR,ERR,ERR,ERR,ERR,ERR,ERR,ERR,ERR,ERR,ERR,ERR,ERR,ERR,ERR,ERR,ERR,ERR,ERR,ERR,ERR,ERR,ERR,ERR,ERR,ERR,ERR,ERR,ERR,ERR,ERR,ERR,ERR,ERR,ERR,ERR,ERR,ERR,ERR,ERR,ERR,ERR,ERR,ERR,ERR,ERR,ERR,ERR,ERR,ERR,ERR,ERR,ERR,ERR,ERR,ERR,ERR,0.0,-0.0,-0.0,0.0,0.0,1.3936040501711995e+18,7.805,0.0,0,0,4,0,7300,-0.0,0,0.0,0.0,0.0,0.0,0.0,0,0,0,0,0.0,0,0,0,0,0,0,0,0,0,0,0,0,0,0,0,0,0,0,0,0,0,0,0,0,0,0,0,0,0,0,0,0,0,32,30,30,62,65476,0,300,0,0,8,21553,0.0,-107605600.0,0.0,0.0,0.0,0.0,0.0,0.0,0.0,0.0,0.0,0.0,0.0,0.0,0.0,0.0,0.0,0.0,0.0,0.0,0.0,0.0,-0.0,-0.0,2.004,0.0,0.0,0.0,0.0,0.0,5611.0,0.0,6914.0,0.0,2.7184296605801213e+23,-0.0,0.0,0.0,0.0,0.0,0.0,63,-126841069568.0,0.0,0.0,0.0,0.0,0.0,0.0,0.0,0.0,0,0,0,0.0,0.0,0.0,0.0,0.0,0.0,0.0,0.0,0.0,0.0,0.0,0.0,0.0,0.0,0.0,0.0,0,-107875648.0,63,0.0,126,2.7184242562605685e+23,2.842318642297501e+23,ERR,ERR,ERR,ERR,ERR,ERR,ERR,ERR,ERR,ERR,ERR,ERR,ERR,ERR,ERR,ERR,ERR,ERR,ERR,ERR,ERR,ERR,ERR,ERR,ERR,ERR,ERR,ERR,ERR,ERR,ERR,ERR,ERR,ERR,ERR,ERR,ERR,ERR,ERR,ERR,ERR,ERR,ERR,ERR,ERR,ERR,ERR,ERR,ERR,ERR,ERR,ERR,ERR,ERR,ERR,ERR,ERR,ERR,ERR,ERR,ERR,ERR,ERR,ERR,ERR,ERR,ERR,34.0,80.0,35,0.0,0.0,0.0,0.0,0.0,0.0,0.0,0.0,0.0,0.0,0.0,0.0,0.0,0.0,0.0,0.0,64.4,0,116,56,49,65476,0,300,0,0,8,20529,65476,0,0,57672,80.0,0.0,0.0,0.0,0.0,0.0
2026-06-17T04:58:42,ERR,ERR,ERR,ERR,ERR,ERR,ERR,ERR,ERR,ERR,ERR,ERR,ERR,ERR,ERR,ERR,ERR,ERR,ERR,ERR,ERR,ERR,ERR,ERR,ERR,ERR,ERR,ERR,ERR,ERR,ERR,ERR,ERR,ERR,ERR,ERR,ERR,ERR,ERR,ERR,ERR,ERR,ERR,ERR,ERR,ERR,ERR,ERR,ERR,ERR,ERR,ERR,ERR,ERR,ERR,ERR,ERR,ERR,ERR,ERR,ERR,ERR,ERR,ERR,ERR,ERR,ERR,ERR,ERR,ERR,ERR,ERR,ERR,ERR,ERR,ERR,ERR,ERR,ERR,ERR,ERR,ERR,ERR,ERR,ERR,ERR,ERR,ERR,ERR,ERR,ERR,ERR,ERR,ERR,ERR,ERR,ERR,ERR,ERR,ERR,ERR,ERR,ERR,ERR,ERR,ERR,ERR,ERR,ERR,ERR,ERR,ERR,ERR,ERR,ERR,ERR,ERR,ERR,ERR,ERR,ERR,ERR,ERR,ERR,ERR,0.0,-0.0,-0.0,0.0,0.0,1.3936040501711995e+18,7.805,0.0,0,0,4,0,7300,-0.0,0,0.0,0.0,0.0,0.0,0.0,0,0,0,0,0.0,0,0,0,0,0,0,0,0,0,0,0,0,0,0,0,0,0,0,0,0,0,0,0,0,0,0,0,0,0,0,0,0,0,32,30,30,62,65476,0,300,0,0,8,21553,0.0,-107605600.0,0.0,0.0,0.0,0.0,0.0,0.0,0.0,0.0,0.0,0.0,0.0,0.0,0.0,0.0,0.0,0.0,0.0,0.0,0.0,0.0,-0.0,-0.0,2.004,0.0,0.0,0.0,0.0,0.0,5611.0,0.0,6914.0,0.0,2.7184296605801213e+23,-0.0,0.0,0.0,0.0,0.0,0.0,63,-126841069568.0,0.0,0.0,0.0,0.0,0.0,0.0,0.0,0.0,0,0,0,0.0,0.0,0.0,0.0,0.0,0.0,0.0,0.0,0.0,0.0,0.0,0.0,0.0,0.0,0.0,0.0,0,-107875648.0,63,0.0,126,2.7184242562605685e+23,2.842318642297501e+23,ERR,ERR,ERR,ERR,ERR,ERR,ERR,ERR,ERR,ERR,ERR,ERR,ERR,ERR,ERR,ERR,ERR,ERR,ERR,ERR,ERR,ERR,ERR,ERR,ERR,ERR,ERR,ERR,ERR,ERR,ERR,ERR,ERR,ERR,ERR,ERR,ERR,ERR,ERR,ERR,ERR,ERR,ERR,ERR,ERR,ERR,ERR,ERR,ERR,ERR,ERR,ERR,ERR,ERR,ERR,ERR,ERR,ERR,ERR,ERR,ERR,ERR,ERR,ERR,ERR,ERR,ERR,34.0,80.0,35,0.0,0.0,0.0,0.0,0.0,0.0,0.0,0.0,0.0,0.0,0.0,0.0,0.0,0.0,0.0,0.0,64.4,0,116,56,49,65476,0,300,0,0,8,20529,65476,0,0,57672,80.0,0.0,0.0,0.0,0.0,0.0
2026-06-17T04:58:43,ERR,ERR,ERR,ERR,ERR,ERR,ERR,ERR,ERR,ERR,ERR,ERR,ERR,ERR,ERR,ERR,ERR,ERR,ERR,ERR,ERR,ERR,ERR,ERR,ERR,ERR,ERR,ERR,ERR,ERR,ERR,ERR,ERR,ERR,ERR,ERR,ERR,ERR,ERR,ERR,ERR,ERR,ERR,ERR,ERR,ERR,ERR,ERR,ERR,ERR,ERR,ERR,ERR,ERR,ERR,ERR,ERR,ERR,ERR,ERR,ERR,ERR,ERR,ERR,ERR,ERR,ERR,ERR,ERR,ERR,ERR,ERR,ERR,ERR,ERR,ERR,ERR,ERR,ERR,ERR,ERR,ERR,ERR,ERR,ERR,ERR,ERR,ERR,ERR,ERR,ERR,ERR,ERR,ERR,ERR,ERR,ERR,ERR,ERR,ERR,ERR,ERR,ERR,ERR,ERR,ERR,ERR,ERR,ERR,ERR,ERR,ERR,ERR,ERR,ERR,ERR,ERR,ERR,ERR,ERR,ERR,ERR,ERR,ERR,ERR,0.0,-0.0,-0.0,0.0,0.0,1.3936040501711995e+18,7.805,0.0,0,0,4,0,7300,-0.0,0,0.0,0.0,0.0,0.0,0.0,0,0,0,0,0.0,0,0,0,0,0,0,0,0,0,0,0,0,0,0,0,0,0,0,0,0,0,0,0,0,0,0,0,0,0,0,0,0,0,32,30,30,62,65476,0,300,0,0,8,21553,0.0,-107605600.0,0.0,0.0,0.0,0.0,0.0,0.0,0.0,0.0,0.0,0.0,0.0,0.0,0.0,0.0,0.0,0.0,0.0,0.0,0.0,0.0,-0.0,-0.0,2.004,0.0,0.0,0.0,0.0,0.0,5611.0,0.0,6914.0,0.0,2.7184296605801213e+23,-0.0,0.0,0.0,0.0,0.0,0.0,63,-126841069568.0,0.0,0.0,0.0,0.0,0.0,0.0,0.0,0.0,0,0,0,0.0,0.0,0.0,0.0,0.0,0.0,0.0,0.0,0.0,0.0,0.0,0.0,0.0,0.0,0.0,0.0,0,-107875648.0,63,0.0,126,2.7184242562605685e+23,2.842318642297501e+23,ERR,ERR,ERR,ERR,ERR,ERR,ERR,ERR,ERR,ERR,ERR,ERR,ERR,ERR,ERR,ERR,ERR,ERR,ERR,ERR,ERR,ERR,ERR,ERR,ERR,ERR,ERR,ERR,ERR,ERR,ERR,ERR,ERR,ERR,ERR,ERR,ERR,ERR,ERR,ERR,ERR,ERR,ERR,ERR,ERR,ERR,ERR,ERR,ERR,ERR,ERR,ERR,ERR,ERR,ERR,ERR,ERR,ERR,ERR,ERR,ERR,ERR,ERR,ERR,ERR,ERR,ERR,34.0,80.0,35,0.0,0.0,0.0,0.0,0.0,0.0,0.0,0.0,0.0,0.0,0.0,0.0,0.0,0.0,0.0,0.0,64.8,0,116,56,49,65476,0,300,0,0,8,20529,65476,0,0,57672,80.0,0.0,0.0,0.0,0.0,0.0
2026-06-17T04:58:44,ERR,ERR,ERR,ERR,ERR,ERR,ERR,ERR,ERR,ERR,ERR,ERR,ERR,ERR,ERR,ERR,ERR,ERR,ERR,ERR,ERR,ERR,ERR,ERR,ERR,ERR,ERR,ERR,ERR,ERR,ERR,ERR,ERR,ERR,ERR,ERR,ERR,ERR,ERR,ERR,ERR,ERR,ERR,ERR,ERR,ERR,ERR,ERR,ERR,ERR,ERR,ERR,ERR,ERR,ERR,ERR,ERR,ERR,ERR,ERR,ERR,ERR,ERR,ERR,ERR,ERR,ERR,ERR,ERR,ERR,ERR,ERR,ERR,ERR,ERR,ERR,ERR,ERR,ERR,ERR,ERR,ERR,ERR,ERR,ERR,ERR,ERR,ERR,ERR,ERR,ERR,ERR,ERR,ERR,ERR,ERR,ERR,ERR,ERR,ERR,ERR,ERR,ERR,ERR,ERR,ERR,ERR,ERR,ERR,ERR,ERR,ERR,ERR,ERR,ERR,ERR,ERR,ERR,ERR,ERR,ERR,ERR,ERR,ERR,ERR,0.0,-0.0,-0.0,0.0,0.0,1.3936040501711995e+18,7.805,0.0,0,0,4,0,7300,-0.0,0,0.0,0.0,0.0,0.0,0.0,0,0,0,0,0.0,0,0,0,0,0,0,0,0,0,0,0,0,0,0,0,0,0,0,0,0,0,0,0,0,0,0,0,0,0,0,0,0,0,32,30,30,62,65476,0,300,0,0,8,21553,0.0,-107605600.0,0.0,0.0,0.0,0.0,0.0,0.0,0.0,0.0,0.0,0.0,0.0,0.0,0.0,0.0,0.0,0.0,0.0,0.0,0.0,0.0,-0.0,-0.0,2.004,0.0,0.0,0.0,0.0,0.0,5611.0,0.0,6914.0,0.0,2.7184296605801213e+23,-0.0,0.0,0.0,0.0,0.0,0.0,63,-126841069568.0,0.0,0.0,0.0,0.0,0.0,0.0,0.0,0.0,0,0,0,0.0,0.0,0.0,0.0,0.0,0.0,0.0,0.0,0.0,0.0,0.0,0.0,0.0,0.0,0.0,0.0,0,-107875648.0,63,0.0,126,2.7184242562605685e+23,2.842318642297501e+23,ERR,ERR,ERR,ERR,ERR,ERR,ERR,ERR,ERR,ERR,ERR,ERR,ERR,ERR,ERR,ERR,ERR,ERR,ERR,ERR,ERR,ERR,ERR,ERR,ERR,ERR,ERR,ERR,ERR,ERR,ERR,ERR,ERR,ERR,ERR,ERR,ERR,ERR,ERR,ERR,ERR,ERR,ERR,ERR,ERR,ERR,ERR,ERR,ERR,ERR,ERR,ERR,ERR,ERR,ERR,ERR,ERR,ERR,ERR,ERR,ERR,ERR,ERR,ERR,ERR,ERR,ERR,34.0,80.0,35,0.0,0.0,0.0,0.0,0.0,0.0,0.0,0.0,0.0,0.0,0.0,0.0,0.0,0.0,0.0,0.0,64.8,0,116,56,49,65476,0,300,0,0,8,20529,65476,0,0,57672,80.0,0.0,0.0,0.0,0.0,0.0
2026-06-17T04:58:45,ERR,ERR,ERR,ERR,ERR,ERR,ERR,ERR,ERR,ERR,ERR,ERR,ERR,ERR,ERR,ERR,ERR,ERR,ERR,ERR,ERR,ERR,ERR,ERR,ERR,ERR,ERR,ERR,ERR,ERR,ERR,ERR,ERR,ERR,ERR,ERR,ERR,ERR,ERR,ERR,ERR,ERR,ERR,ERR,ERR,ERR,ERR,ERR,ERR,ERR,ERR,ERR,ERR,ERR,ERR,ERR,ERR,ERR,ERR,ERR,ERR,ERR,ERR,ERR,ERR,ERR,ERR,ERR,ERR,ERR,ERR,ERR,ERR,ERR,ERR,ERR,ERR,ERR,ERR,ERR,ERR,ERR,ERR,ERR,ERR,ERR,ERR,ERR,ERR,ERR,ERR,ERR,ERR,ERR,ERR,ERR,ERR,ERR,ERR,ERR,ERR,ERR,ERR,ERR,ERR,ERR,ERR,ERR,ERR,ERR,ERR,ERR,ERR,ERR,ERR,ERR,ERR,ERR,ERR,ERR,ERR,ERR,ERR,ERR,ERR,0.0,-0.0,-0.0,0.0,0.0,1.3936040501711995e+18,7.805,0.0,0,0,4,0,7300,-0.0,0,0.0,0.0,0.0,0.0,0.0,0,0,0,0,0.0,0,0,0,0,0,0,0,0,0,0,0,0,0,0,0,0,0,0,0,0,0,0,0,0,0,0,0,0,0,0,0,0,0,32,30,30,62,65476,0,300,0,0,8,21553,0.0,-107605600.0,0.0,0.0,0.0,0.0,0.0,0.0,0.0,0.0,0.0,0.0,0.0,0.0,0.0,0.0,0.0,0.0,0.0,0.0,0.0,0.0,-0.0,-0.0,2.004,0.0,0.0,0.0,0.0,0.0,5611.0,0.0,6914.0,0.0,2.7184296605801213e+23,-0.0,0.0,0.0,0.0,0.0,0.0,63,-126841069568.0,0.0,0.0,0.0,0.0,0.0,0.0,0.0,0.0,0,0,0,0.0,0.0,0.0,0.0,0.0,0.0,0.0,0.0,0.0,0.0,0.0,0.0,0.0,0.0,0.0,0.0,0,-107875648.0,63,0.0,126,2.7184242562605685e+23,2.842318642297501e+23,ERR,ERR,ERR,ERR,ERR,ERR,ERR,ERR,ERR,ERR,ERR,ERR,ERR,ERR,ERR,ERR,ERR,ERR,ERR,ERR,ERR,ERR,ERR,ERR,ERR,ERR,ERR,ERR,ERR,ERR,ERR,ERR,ERR,ERR,ERR,ERR,ERR,ERR,ERR,ERR,ERR,ERR,ERR,ERR,ERR,ERR,ERR,ERR,ERR,ERR,ERR,ERR,ERR,ERR,ERR,ERR,ERR,ERR,ERR,ERR,ERR,ERR,ERR,ERR,ERR,ERR,ERR,34.0,80.0,35,0.0,0.0,0.0,0.0,0.0,0.0,0.0,0.0,0.0,0.0,0.0,0.0,0.0,0.0,0.0,0.0,64.4,0,116,56,49,65476,0,300,0,0,8,20529,65476,0,0,57672,80.0,0.0,0.0,0.0,0.0,0.0
2026-06-17T04:58:46,ERR,ERR,ERR,ERR,ERR,ERR,ERR,ERR,ERR,ERR,ERR,ERR,ERR,ERR,ERR,ERR,ERR,ERR,ERR,ERR,ERR,ERR,ERR,ERR,ERR,ERR,ERR,ERR,ERR,ERR,ERR,ERR,ERR,ERR,ERR,ERR,ERR,ERR,ERR,ERR,ERR,ERR,ERR,ERR,ERR,ERR,ERR,ERR,ERR,ERR,ERR,ERR,ERR,ERR,ERR,ERR,ERR,ERR,ERR,ERR,ERR,ERR,ERR,ERR,ERR,ERR,ERR,ERR,ERR,ERR,ERR,ERR,ERR,ERR,ERR,ERR,ERR,ERR,ERR,ERR,ERR,ERR,ERR,ERR,ERR,ERR,ERR,ERR,ERR,ERR,ERR,ERR,ERR,ERR,ERR,ERR,ERR,ERR,ERR,ERR,ERR,ERR,ERR,ERR,ERR,ERR,ERR,ERR,ERR,ERR,ERR,ERR,ERR,ERR,ERR,ERR,ERR,ERR,ERR,ERR,ERR,ERR,ERR,ERR,ERR,0.0,2.7184296605801213e+23,-100793952.0,0.0,0.0,1.3936040501711995e+18,7.805,0.0,0,0,4,0,7300,-0.0,0,0.0,0.0,0.0,0.0,0.0,0,0,0,0,0.0,0,0,0,0,0,0,0,0,0,0,0,0,0,0,0,0,0,0,0,0,0,0,0,0,0,0,0,0,0,0,0,0,0,32,30,30,62,65476,0,300,0,0,8,21553,0.0,-107605600.0,0.0,0.0,0.0,0.0,0.0,0.0,0.0,0.0,0.0,0.0,0.0,0.0,0.0,0.0,0.0,0.0,0.0,0.0,0.0,0.0,-0.0,-2.004,2.004,0.0,0.0,0.0,0.0,0.0,5547.0,1.0406674853550389e+34,6927.0,0.0,-0.0,-0.0,0.0,0.0,0.0,0.0,0.0,63,-126841069568.0,0.0,0.0,0.0,0.0,0.0,0.0,0.0,0.0,0,0,0,0.0,0.0,0.0,0.0,0.0,0.0,0.0,0.0,0.0,0.0,0.0,0.0,0.0,0.0,0.0,0.0,0,-107875648.0,63,0.0,126,2.7184242562605685e+23,2.842318642297501e+23,ERR,ERR,ERR,ERR,ERR,ERR,ERR,ERR,ERR,ERR,ERR,ERR,ERR,ERR,ERR,ERR,ERR,ERR,ERR,ERR,ERR,ERR,ERR,ERR,ERR,ERR,ERR,ERR,ERR,ERR,ERR,ERR,ERR,ERR,ERR,ERR,ERR,ERR,ERR,ERR,ERR,ERR,ERR,ERR,ERR,ERR,ERR,ERR,ERR,ERR,ERR,ERR,ERR,ERR,ERR,ERR,ERR,ERR,ERR,ERR,ERR,ERR,ERR,ERR,ERR,ERR,ERR,34.0,80.0,35,0.0,0.0,0.0,0.0,0.0,0.0,0.0,0.0,0.0,0.0,0.0,0.0,0.0,0.0,0.0,0.0,64.4,0,116,56,49,65476,0,300,0,0,8,20529,65476,0,0,57672,80.0,0.0,0.0,0.0,0.0,0.0
2026-06-17T04:58:47,ERR,ERR,ERR,ERR,ERR,ERR,ERR,ERR,ERR,ERR,ERR,ERR,ERR,ERR,ERR,ERR,ERR,ERR,ERR,ERR,ERR,ERR,ERR,ERR,ERR,ERR,ERR,ERR,ERR,ERR,ERR,ERR,ERR,ERR,ERR,ERR,ERR,ERR,ERR,ERR,ERR,ERR,ERR,ERR,ERR,ERR,ERR,ERR,ERR,ERR,ERR,ERR,ERR,ERR,ERR,ERR,ERR,ERR,ERR,ERR,ERR,ERR,ERR,ERR,ERR,ERR,ERR,ERR,ERR,ERR,ERR,ERR,ERR,ERR,ERR,ERR,ERR,ERR,ERR,ERR,ERR,ERR,ERR,ERR,ERR,ERR,ERR,ERR,ERR,ERR,ERR,ERR,ERR,ERR,ERR,ERR,ERR,ERR,ERR,ERR,ERR,ERR,ERR,ERR,ERR,ERR,ERR,ERR,ERR,ERR,ERR,ERR,ERR,ERR,ERR,ERR,ERR,ERR,ERR,ERR,ERR,ERR,ERR,ERR,ERR,0.0,2.7184296605801213e+23,-100793952.0,0.0,0.0,1.3936040501711995e+18,7.805,0.0,0,0,4,0,7300,-0.0,0,0.0,0.0,0.0,0.0,0.0,0,0,0,0,0.0,0,0,0,0,0,0,0,0,0,0,0,0,0,0,0,0,0,0,0,0,0,0,0,0,0,0,0,0,0,0,0,0,0,32,30,30,62,65476,0,300,0,0,8,21553,0.0,-107605600.0,0.0,0.0,0.0,0.0,0.0,0.0,0.0,0.0,0.0,0.0,0.0,0.0,0.0,0.0,0.0,0.0,0.0,0.0,0.0,0.0,-0.0,-2.004,2.004,0.0,0.0,0.0,0.0,0.0,5547.0,1.0406674853550389e+34,6927.0,0.0,-0.0,-0.0,0.0,0.0,0.0,0.0,0.0,63,-126841069568.0,0.0,0.0,0.0,0.0,0.0,0.0,0.0,0.0,0,0,0,0.0,0.0,0.0,0.0,0.0,0.0,0.0,0.0,0.0,0.0,0.0,0.0,0.0,0.0,0.0,0.0,0,-107875648.0,63,0.0,126,2.7184242562605685e+23,2.842318642297501e+23,ERR,ERR,ERR,ERR,ERR,ERR,ERR,ERR,ERR,ERR,ERR,ERR,ERR,ERR,ERR,ERR,ERR,ERR,ERR,ERR,ERR,ERR,ERR,ERR,ERR,ERR,ERR,ERR,ERR,ERR,ERR,ERR,ERR,ERR,ERR,ERR,ERR,ERR,ERR,ERR,ERR,ERR,ERR,ERR,ERR,ERR,ERR,ERR,ERR,ERR,ERR,ERR,ERR,ERR,ERR,ERR,ERR,ERR,ERR,ERR,ERR,ERR,ERR,ERR,ERR,ERR,ERR,34.0,80.0,35,0.0,0.0,0.0,0.0,0.0,0.0,0.0,0.0,0.0,0.0,0.0,0.0,0.0,0.0,0.0,0.0,64.4,0,116,56,49,65476,0,300,0,0,8,20529,65476,0,0,57672,80.0,0.0,0.0,0.0,0.0,0.0
2026-06-17T04:58:48,ERR,ERR,ERR,ERR,ERR,ERR,ERR,ERR,ERR,ERR,ERR,ERR,ERR,ERR,ERR,ERR,ERR,ERR,ERR,ERR,ERR,ERR,ERR,ERR,ERR,ERR,ERR,ERR,ERR,ERR,ERR,ERR,ERR,ERR,ERR,ERR,ERR,ERR,ERR,ERR,ERR,ERR,ERR,ERR,ERR,ERR,ERR,ERR,ERR,ERR,ERR,ERR,ERR,ERR,ERR,ERR,ERR,ERR,ERR,ERR,ERR,ERR,ERR,ERR,ERR,ERR,ERR,ERR,ERR,ERR,ERR,ERR,ERR,ERR,ERR,ERR,ERR,ERR,ERR,ERR,ERR,ERR,ERR,ERR,ERR,ERR,ERR,ERR,ERR,ERR,ERR,ERR,ERR,ERR,ERR,ERR,ERR,ERR,ERR,ERR,ERR,ERR,ERR,ERR,ERR,ERR,ERR,ERR,ERR,ERR,ERR,ERR,ERR,ERR,ERR,ERR,ERR,ERR,ERR,ERR,ERR,ERR,ERR,ERR,ERR,0.0,2.7184296605801213e+23,-100793952.0,0.0,0.0,1.3936040501711995e+18,7.805,0.0,0,0,4,0,7300,-0.0,0,0.0,0.0,0.0,0.0,0.0,0,0,0,0,0.0,0,0,0,0,0,0,0,0,0,0,0,0,0,0,0,0,0,0,0,0,0,0,0,0,0,0,0,0,0,0,0,0,0,32,30,30,62,65476,0,300,0,0,8,21553,0.0,-107605600.0,0.0,0.0,0.0,0.0,0.0,0.0,0.0,0.0,0.0,0.0,0.0,0.0,0.0,0.0,0.0,0.0,0.0,0.0,0.0,0.0,-0.0,-2.004,2.004,0.0,0.0,0.0,0.0,0.0,5547.0,1.0406674853550389e+34,6927.0,0.0,-0.0,-0.0,0.0,0.0,0.0,0.0,0.0,63,-126841069568.0,0.0,0.0,0.0,0.0,0.0,0.0,0.0,0.0,0,0,0,0.0,0.0,0.0,0.0,0.0,0.0,0.0,0.0,0.0,0.0,0.0,0.0,0.0,0.0,0.0,0.0,0,-107875648.0,63,0.0,126,2.7184242562605685e+23,2.842318642297501e+23,ERR,ERR,ERR,ERR,ERR,ERR,ERR,ERR,ERR,ERR,ERR,ERR,ERR,ERR,ERR,ERR,ERR,ERR,ERR,ERR,ERR,ERR,ERR,ERR,ERR,ERR,ERR,ERR,ERR,ERR,ERR,ERR,ERR,ERR,ERR,ERR,ERR,ERR,ERR,ERR,ERR,ERR,ERR,ERR,ERR,ERR,ERR,ERR,ERR,ERR,ERR,ERR,ERR,ERR,ERR,ERR,ERR,ERR,ERR,ERR,ERR,ERR,ERR,ERR,ERR,ERR,ERR,34.0,80.0,35,0.0,0.0,0.0,0.0,0.0,0.0,0.0,0.0,0.0,0.0,0.0,0.0,0.0,0.0,0.0,0.0,64.4,0,116,56,49,65476,0,300,0,0,8,20529,65476,0,0,57672,80.0,0.0,0.0,0.0,0.0,0.0
2026-06-17T04:58:49,ERR,ERR,ERR,ERR,ERR,ERR,ERR,ERR,ERR,ERR,ERR,ERR,ERR,ERR,ERR,ERR,ERR,ERR,ERR,ERR,ERR,ERR,ERR,ERR,ERR,ERR,ERR,ERR,ERR,ERR,ERR,ERR,ERR,ERR,ERR,ERR,ERR,ERR,ERR,ERR,ERR,ERR,ERR,ERR,ERR,ERR,ERR,ERR,ERR,ERR,ERR,ERR,ERR,ERR,ERR,ERR,ERR,ERR,ERR,ERR,ERR,ERR,ERR,ERR,ERR,ERR,ERR,ERR,ERR,ERR,ERR,ERR,ERR,ERR,ERR,ERR,ERR,ERR,ERR,ERR,ERR,ERR,ERR,ERR,ERR,ERR,ERR,ERR,ERR,ERR,ERR,ERR,ERR,ERR,ERR,ERR,ERR,ERR,ERR,ERR,ERR,ERR,ERR,ERR,ERR,ERR,ERR,ERR,ERR,ERR,ERR,ERR,ERR,ERR,ERR,ERR,ERR,ERR,ERR,ERR,ERR,ERR,ERR,ERR,ERR,0.0,2.7184296605801213e+23,-100793952.0,0.0,0.0,1.3936040501711995e+18,7.805,0.0,0,0,4,0,7300,-0.0,0,0.0,0.0,0.0,0.0,0.0,0,0,0,0,0.0,0,0,0,0,0,0,0,0,0,0,0,0,0,0,0,0,0,0,0,0,0,0,0,0,0,0,0,0,0,0,0,0,0,32,30,30,62,65476,0,300,0,0,8,21553,0.0,-107605600.0,0.0,0.0,0.0,0.0,0.0,0.0,0.0,0.0,0.0,0.0,0.0,0.0,0.0,0.0,0.0,0.0,0.0,0.0,0.0,0.0,-0.0,-2.004,2.004,0.0,0.0,0.0,0.0,0.0,5547.0,1.0406674853550389e+34,6927.0,0.0,-0.0,-0.0,0.0,0.0,0.0,0.0,0.0,63,-126841069568.0,0.0,0.0,0.0,0.0,0.0,0.0,0.0,0.0,0,0,0,0.0,0.0,0.0,0.0,0.0,0.0,0.0,0.0,0.0,0.0,0.0,0.0,0.0,0.0,0.0,0.0,0,-107875648.0,63,0.0,126,2.7184242562605685e+23,2.842318642297501e+23,ERR,ERR,ERR,ERR,ERR,ERR,ERR,ERR,ERR,ERR,ERR,ERR,ERR,ERR,ERR,ERR,ERR,ERR,ERR,ERR,ERR,ERR,ERR,ERR,ERR,ERR,ERR,ERR,ERR,ERR,ERR,ERR,ERR,ERR,ERR,ERR,ERR,ERR,ERR,ERR,ERR,ERR,ERR,ERR,ERR,ERR,ERR,ERR,ERR,ERR,ERR,ERR,ERR,ERR,ERR,ERR,ERR,ERR,ERR,ERR,ERR,ERR,ERR,ERR,ERR,ERR,ERR,34.0,80.0,35,0.0,0.0,0.0,0.0,0.0,0.0,0.0,0.0,0.0,0.0,0.0,0.0,0.0,0.0,0.0,0.0,64.4,0,116,56,49,65476,0,300,0,0,8,20529,65476,0,0,57672,80.0,0.0,0.0,0.0,0.0,0.0
2026-06-17T04:58:50,ERR,ERR,ERR,ERR,ERR,ERR,ERR,ERR,ERR,ERR,ERR,ERR,ERR,ERR,ERR,ERR,ERR,ERR,ERR,ERR,ERR,ERR,ERR,ERR,ERR,ERR,ERR,ERR,ERR,ERR,ERR,ERR,ERR,ERR,ERR,ERR,ERR,ERR,ERR,ERR,ERR,ERR,ERR,ERR,ERR,ERR,ERR,ERR,ERR,ERR,ERR,ERR,ERR,ERR,ERR,ERR,ERR,ERR,ERR,ERR,ERR,ERR,ERR,ERR,ERR,ERR,ERR,ERR,ERR,ERR,ERR,ERR,ERR,ERR,ERR,ERR,ERR,ERR,ERR,ERR,ERR,ERR,ERR,ERR,ERR,ERR,ERR,ERR,ERR,ERR,ERR,ERR,ERR,ERR,ERR,ERR,ERR,ERR,ERR,ERR,ERR,ERR,ERR,ERR,ERR,ERR,ERR,ERR,ERR,ERR,ERR,ERR,ERR,ERR,ERR,ERR,ERR,ERR,ERR,ERR,ERR,ERR,ERR,ERR,ERR,0.0,2.7184296605801213e+23,-100793952.0,0.0,0.0,1.3936040501711995e+18,7.805,0.0,0,0,4,0,7300,-0.0,0,0.0,0.0,0.0,0.0,0.0,0,0,0,0,0.0,0,0,0,0,0,0,0,0,0,0,0,0,0,0,0,0,0,0,0,0,0,0,0,0,0,0,0,0,0,0,0,0,0,32,30,30,62,65476,0,300,0,0,8,21553,0.0,-107605600.0,0.0,0.0,0.0,0.0,0.0,0.0,0.0,0.0,0.0,0.0,0.0,0.0,0.0,0.0,0.0,0.0,0.0,0.0,0.0,0.0,-0.0,-2.004,2.004,0.0,0.0,0.0,0.0,0.0,5547.0,1.0406674853550389e+34,6927.0,0.0,-0.0,-0.0,0.0,0.0,0.0,0.0,0.0,63,-126841069568.0,0.0,0.0,0.0,0.0,0.0,0.0,0.0,0.0,0,0,0,0.0,0.0,0.0,0.0,0.0,0.0,0.0,0.0,0.0,0.0,0.0,0.0,0.0,0.0,0.0,0.0,0,-107875648.0,63,0.0,126,2.7184242562605685e+23,2.842318642297501e+23,ERR,ERR,ERR,ERR,ERR,ERR,ERR,ERR,ERR,ERR,ERR,ERR,ERR,ERR,ERR,ERR,ERR,ERR,ERR,ERR,ERR,ERR,ERR,ERR,ERR,ERR,ERR,ERR,ERR,ERR,ERR,ERR,ERR,ERR,ERR,ERR,ERR,ERR,ERR,ERR,ERR,ERR,ERR,ERR,ERR,ERR,ERR,ERR,ERR,ERR,ERR,ERR,ERR,ERR,ERR,ERR,ERR,ERR,ERR,ERR,ERR,ERR,ERR,ERR,ERR,ERR,ERR,34.0,80.0,35,0.0,0.0,0.0,0.0,0.0,0.0,0.0,0.0,0.0,0.0,0.0,0.0,0.0,0.0,0.0,0.0,64.8,0,116,56,49,65476,0,300,0,0,8,20529,65476,0,0,57672,80.0,0.0,0.0,0.0,0.0,0.0
2026-06-17T04:58:51,ERR,ERR,ERR,ERR,ERR,ERR,ERR,ERR,ERR,ERR,ERR,ERR,ERR,ERR,ERR,ERR,ERR,ERR,ERR,ERR,ERR,ERR,ERR,ERR,ERR,ERR,ERR,ERR,ERR,ERR,ERR,ERR,ERR,ERR,ERR,ERR,ERR,ERR,ERR,ERR,ERR,ERR,ERR,ERR,ERR,ERR,ERR,ERR,ERR,ERR,ERR,ERR,ERR,ERR,ERR,ERR,ERR,ERR,ERR,ERR,ERR,ERR,ERR,ERR,ERR,ERR,ERR,ERR,ERR,ERR,ERR,ERR,ERR,ERR,ERR,ERR,ERR,ERR,ERR,ERR,ERR,ERR,ERR,ERR,ERR,ERR,ERR,ERR,ERR,ERR,ERR,ERR,ERR,ERR,ERR,ERR,ERR,ERR,ERR,ERR,ERR,ERR,ERR,ERR,ERR,ERR,ERR,ERR,ERR,ERR,ERR,ERR,ERR,ERR,ERR,ERR,ERR,ERR,ERR,ERR,ERR,ERR,ERR,ERR,ERR,0.0,2.7184296605801213e+23,-100793952.0,0.0,0.0,1.3936040501711995e+18,7.805,0.0,0,0,4,0,7300,-0.0,0,0.0,0.0,0.0,0.0,0.0,0,0,0,0,0.0,0,0,0,0,0,0,0,0,0,0,0,0,0,0,0,0,0,0,0,0,0,0,0,0,0,0,0,0,0,0,0,0,0,32,30,30,62,65476,0,300,0,0,8,21553,0.0,-107605600.0,0.0,0.0,0.0,0.0,0.0,0.0,0.0,0.0,0.0,0.0,0.0,0.0,0.0,0.0,0.0,0.0,0.0,0.0,0.0,0.0,-0.0,-2.004,2.004,0.0,0.0,0.0,0.0,0.0,5547.0,1.0406674853550389e+34,6927.0,0.0,-0.0,-0.0,0.0,0.0,0.0,0.0,0.0,63,-126841069568.0,0.0,0.0,0.0,0.0,0.0,0.0,0.0,0.0,0,0,0,0.0,0.0,0.0,0.0,0.0,0.0,0.0,0.0,0.0,0.0,0.0,0.0,0.0,0.0,0.0,0.0,0,-107875648.0,63,0.0,126,2.7184242562605685e+23,2.842318642297501e+23,ERR,ERR,ERR,ERR,ERR,ERR,ERR,ERR,ERR,ERR,ERR,ERR,ERR,ERR,ERR,ERR,ERR,ERR,ERR,ERR,ERR,ERR,ERR,ERR,ERR,ERR,ERR,ERR,ERR,ERR,ERR,ERR,ERR,ERR,ERR,ERR,ERR,ERR,ERR,ERR,ERR,ERR,ERR,ERR,ERR,ERR,ERR,ERR,ERR,ERR,ERR,ERR,ERR,ERR,ERR,ERR,ERR,ERR,ERR,ERR,ERR,ERR,ERR,ERR,ERR,ERR,ERR,34.0,80.0,35,0.0,0.0,0.0,0.0,0.0,0.0,0.0,0.0,0.0,0.0,0.0,0.0,0.0,0.0,0.0,0.0,64.8,0,116,56,49,65476,0,300,0,0,8,20529,65476,0,0,57672,80.0,0.0,0.0,0.0,0.0,0.0
2026-06-17T04:58:52,ERR,ERR,ERR,ERR,ERR,ERR,ERR,ERR,ERR,ERR,ERR,ERR,ERR,ERR,ERR,ERR,ERR,ERR,ERR,ERR,ERR,ERR,ERR,ERR,ERR,ERR,ERR,ERR,ERR,ERR,ERR,ERR,ERR,ERR,ERR,ERR,ERR,ERR,ERR,ERR,ERR,ERR,ERR,ERR,ERR,ERR,ERR,ERR,ERR,ERR,ERR,ERR,ERR,ERR,ERR,ERR,ERR,ERR,ERR,ERR,ERR,ERR,ERR,ERR,ERR,ERR,ERR,ERR,ERR,ERR,ERR,ERR,ERR,ERR,ERR,ERR,ERR,ERR,ERR,ERR,ERR,ERR,ERR,ERR,ERR,ERR,ERR,ERR,ERR,ERR,ERR,ERR,ERR,ERR,ERR,ERR,ERR,ERR,ERR,ERR,ERR,ERR,ERR,ERR,ERR,ERR,ERR,ERR,ERR,ERR,ERR,ERR,ERR,ERR,ERR,ERR,ERR,ERR,ERR,ERR,ERR,ERR,ERR,ERR,ERR,0.0,2.7184296605801213e+23,-0.0,0.0,0.0,1.3936040501711995e+18,7.805,0.0,0,0,4,0,7300,-0.0,0,0.0,0.0,0.0,0.0,0.0,0,0,0,0,0.0,0,0,0,0,0,0,0,0,0,0,0,0,0,0,0,0,0,0,0,0,0,0,0,0,0,0,0,0,0,0,0,0,0,32,30,30,62,65476,0,300,0,0,8,21553,0.0,-107605600.0,0.0,0.0,0.0,0.0,0.0,0.0,0.0,0.0,0.0,0.0,0.0,0.0,0.0,0.0,0.0,0.0,0.0,0.0,0.0,0.0,2.004,-0.0,2.004,0.0,0.0,0.0,0.0,0.0,5515.0,-0.0,6932.0,0.0,2.7184296605801213e+23,-0.0,0.0,0.0,0.0,0.0,0.0,63,-126841069568.0,-4.950409255073651e+32,0.0,0.0,0.0,0.0,0.0,0.0,0.0,0,0,0,0.0,0.0,0.0,0.0,0.0,0.0,0.0,0.0,0.0,0.0,0.0,0.0,0.0,0.0,0.0,0.0,0,-107875648.0,63,0.0,126,2.7184242562605685e+23,2.842318642297501e+23,ERR,ERR,ERR,ERR,ERR,ERR,ERR,ERR,ERR,ERR,ERR,ERR,ERR,ERR,ERR,ERR,ERR,ERR,ERR,ERR,ERR,ERR,ERR,ERR,ERR,ERR,ERR,ERR,ERR,ERR,ERR,ERR,ERR,ERR,ERR,ERR,ERR,ERR,ERR,ERR,ERR,ERR,ERR,ERR,ERR,ERR,ERR,ERR,ERR,ERR,ERR,ERR,ERR,ERR,ERR,ERR,ERR,ERR,ERR,ERR,ERR,ERR,ERR,ERR,ERR,ERR,ERR,34.0,80.0,35,0.0,0.0,0.0,0.0,0.0,0.0,0.0,0.0,0.0,0.0,0.0,0.0,0.0,0.0,0.0,0.0,64.4,0,116,56,49,65476,0,300,0,0,8,20529,65476,0,0,57672,80.0,0.0,0.0,0.0,0.0,0.0
2026-06-17T04:58:53,ERR,ERR,ERR,ERR,ERR,ERR,ERR,ERR,ERR,ERR,ERR,ERR,ERR,ERR,ERR,ERR,ERR,ERR,ERR,ERR,ERR,ERR,ERR,ERR,ERR,ERR,ERR,ERR,ERR,ERR,ERR,ERR,ERR,ERR,ERR,ERR,ERR,ERR,ERR,ERR,ERR,ERR,ERR,ERR,ERR,ERR,ERR,ERR,ERR,ERR,ERR,ERR,ERR,ERR,ERR,ERR,ERR,ERR,ERR,ERR,ERR,ERR,ERR,ERR,ERR,ERR,ERR,ERR,ERR,ERR,ERR,ERR,ERR,ERR,ERR,ERR,ERR,ERR,ERR,ERR,ERR,ERR,ERR,ERR,ERR,ERR,ERR,ERR,ERR,ERR,ERR,ERR,ERR,ERR,ERR,ERR,ERR,ERR,ERR,ERR,ERR,ERR,ERR,ERR,ERR,ERR,ERR,ERR,ERR,ERR,ERR,ERR,ERR,ERR,ERR,ERR,ERR,ERR,ERR,ERR,ERR,ERR,ERR,ERR,ERR,0.0,2.7184296605801213e+23,-0.0,0.0,0.0,1.3936040501711995e+18,7.805,0.0,0,0,4,0,7300,-0.0,0,0.0,0.0,0.0,0.0,0.0,0,0,0,0,0.0,0,0,0,0,0,0,0,0,0,0,0,0,0,0,0,0,0,0,0,0,0,0,0,0,0,0,0,0,0,0,0,0,0,32,30,30,62,65476,0,300,0,0,8,21553,0.0,-107605600.0,0.0,0.0,0.0,0.0,0.0,0.0,0.0,0.0,0.0,0.0,0.0,0.0,0.0,0.0,0.0,0.0,0.0,0.0,0.0,0.0,2.004,-0.0,2.004,0.0,0.0,0.0,0.0,0.0,5515.0,-0.0,6932.0,0.0,2.7184296605801213e+23,-0.0,0.0,0.0,0.0,0.0,0.0,63,-126841069568.0,-4.950409255073651e+32,0.0,0.0,0.0,0.0,0.0,0.0,0.0,0,0,0,0.0,0.0,0.0,0.0,0.0,0.0,0.0,0.0,0.0,0.0,0.0,0.0,0.0,0.0,0.0,0.0,0,-107875648.0,63,0.0,126,2.7184242562605685e+23,2.842318642297501e+23,ERR,ERR,ERR,ERR,ERR,ERR,ERR,ERR,ERR,ERR,ERR,ERR,ERR,ERR,ERR,ERR,ERR,ERR,ERR,ERR,ERR,ERR,ERR,ERR,ERR,ERR,ERR,ERR,ERR,ERR,ERR,ERR,ERR,ERR,ERR,ERR,ERR,ERR,ERR,ERR,ERR,ERR,ERR,ERR,ERR,ERR,ERR,ERR,ERR,ERR,ERR,ERR,ERR,ERR,ERR,ERR,ERR,ERR,ERR,ERR,ERR,ERR,ERR,ERR,ERR,ERR,ERR,34.0,80.0,35,0.0,0.0,0.0,0.0,0.0,0.0,0.0,0.0,0.0,0.0,0.0,0.0,0.0,0.0,0.0,0.0,64.4,0,116,56,49,65476,0,300,0,0,8,20529,65476,0,0,57672,80.0,0.0,0.0,0.0,0.0,0.0
2026-06-17T04:58:54,ERR,ERR,ERR,ERR,ERR,ERR,ERR,ERR,ERR,ERR,ERR,ERR,ERR,ERR,ERR,ERR,ERR,ERR,ERR,ERR,ERR,ERR,ERR,ERR,ERR,ERR,ERR,ERR,ERR,ERR,ERR,ERR,ERR,ERR,ERR,ERR,ERR,ERR,ERR,ERR,ERR,ERR,ERR,ERR,ERR,ERR,ERR,ERR,ERR,ERR,ERR,ERR,ERR,ERR,ERR,ERR,ERR,ERR,ERR,ERR,ERR,ERR,ERR,ERR,ERR,ERR,ERR,ERR,ERR,ERR,ERR,ERR,ERR,ERR,ERR,ERR,ERR,ERR,ERR,ERR,ERR,ERR,ERR,ERR,ERR,ERR,ERR,ERR,ERR,ERR,ERR,ERR,ERR,ERR,ERR,ERR,ERR,ERR,ERR,ERR,ERR,ERR,ERR,ERR,ERR,ERR,ERR,ERR,ERR,ERR,ERR,ERR,ERR,ERR,ERR,ERR,ERR,ERR,ERR,ERR,ERR,ERR,ERR,ERR,ERR,0.0,2.7184296605801213e+23,-0.0,0.0,0.0,1.3936040501711995e+18,7.805,0.0,0,0,4,0,7300,-0.0,0,0.0,0.0,0.0,0.0,0.0,0,0,0,0,0.0,0,0,0,0,0,0,0,0,0,0,0,0,0,0,0,0,0,0,0,0,0,0,0,0,0,0,0,0,0,0,0,0,0,32,30,30,62,65476,0,300,0,0,8,21553,0.0,-107605600.0,0.0,0.0,0.0,0.0,0.0,0.0,0.0,0.0,0.0,0.0,0.0,0.0,0.0,0.0,0.0,0.0,0.0,0.0,0.0,0.0,2.004,-0.0,2.004,0.0,0.0,0.0,0.0,0.0,5515.0,-0.0,6932.0,0.0,2.7184296605801213e+23,-0.0,0.0,0.0,0.0,0.0,0.0,63,-126841069568.0,-4.950409255073651e+32,0.0,0.0,0.0,0.0,0.0,0.0,0.0,0,0,0,0.0,0.0,0.0,0.0,0.0,0.0,0.0,0.0,0.0,0.0,0.0,0.0,0.0,0.0,0.0,0.0,0,-107875648.0,63,0.0,126,2.7184242562605685e+23,2.842318642297501e+23,ERR,ERR,ERR,ERR,ERR,ERR,ERR,ERR,ERR,ERR,ERR,ERR,ERR,ERR,ERR,ERR,ERR,ERR,ERR,ERR,ERR,ERR,ERR,ERR,ERR,ERR,ERR,ERR,ERR,ERR,ERR,ERR,ERR,ERR,ERR,ERR,ERR,ERR,ERR,ERR,ERR,ERR,ERR,ERR,ERR,ERR,ERR,ERR,ERR,ERR,ERR,ERR,ERR,ERR,ERR,ERR,ERR,ERR,ERR,ERR,ERR,ERR,ERR,ERR,ERR,ERR,ERR,34.0,80.0,35,0.0,0.0,0.0,0.0,0.0,0.0,0.0,0.0,0.0,0.0,0.0,0.0,0.0,0.0,0.0,0.0,64.4,0,116,56,49,65476,0,300,0,0,8,20529,65476,0,0,57672,80.0,0.0,0.0,0.0,0.0,0.0
2026-06-17T04:58:55,ERR,ERR,ERR,ERR,ERR,ERR,ERR,ERR,ERR,ERR,ERR,ERR,ERR,ERR,ERR,ERR,ERR,ERR,ERR,ERR,ERR,ERR,ERR,ERR,ERR,ERR,ERR,ERR,ERR,ERR,ERR,ERR,ERR,ERR,ERR,ERR,ERR,ERR,ERR,ERR,ERR,ERR,ERR,ERR,ERR,ERR,ERR,ERR,ERR,ERR,ERR,ERR,ERR,ERR,ERR,ERR,ERR,ERR,ERR,ERR,ERR,ERR,ERR,ERR,ERR,ERR,ERR,ERR,ERR,ERR,ERR,ERR,ERR,ERR,ERR,ERR,ERR,ERR,ERR,ERR,ERR,ERR,ERR,ERR,ERR,ERR,ERR,ERR,ERR,ERR,ERR,ERR,ERR,ERR,ERR,ERR,ERR,ERR,ERR,ERR,ERR,ERR,ERR,ERR,ERR,ERR,ERR,ERR,ERR,ERR,ERR,ERR,ERR,ERR,ERR,ERR,ERR,ERR,ERR,ERR,ERR,ERR,ERR,ERR,ERR,0.0,2.7184296605801213e+23,-0.0,0.0,0.0,1.3936040501711995e+18,7.805,0.0,0,0,4,0,7300,-0.0,0,0.0,0.0,0.0,0.0,0.0,0,0,0,0,0.0,0,0,0,0,0,0,0,0,0,0,0,0,0,0,0,0,0,0,0,0,0,0,0,0,0,0,0,0,0,0,0,0,0,32,30,30,62,65476,0,300,0,0,8,21553,0.0,-107605600.0,0.0,0.0,0.0,0.0,0.0,0.0,0.0,0.0,0.0,0.0,0.0,0.0,0.0,0.0,0.0,0.0,0.0,0.0,0.0,0.0,2.004,-0.0,2.004,0.0,0.0,0.0,0.0,0.0,5515.0,-0.0,6932.0,0.0,2.7184296605801213e+23,-0.0,0.0,0.0,0.0,0.0,0.0,63,-126841069568.0,-4.950409255073651e+32,0.0,0.0,0.0,0.0,0.0,0.0,0.0,0,0,0,0.0,0.0,0.0,0.0,0.0,0.0,0.0,0.0,0.0,0.0,0.0,0.0,0.0,0.0,0.0,0.0,0,-107875648.0,63,0.0,126,2.7184242562605685e+23,2.842318642297501e+23,ERR,ERR,ERR,ERR,ERR,ERR,ERR,ERR,ERR,ERR,ERR,ERR,ERR,ERR,ERR,ERR,ERR,ERR,ERR,ERR,ERR,ERR,ERR,ERR,ERR,ERR,ERR,ERR,ERR,ERR,ERR,ERR,ERR,ERR,ERR,ERR,ERR,ERR,ERR,ERR,ERR,ERR,ERR,ERR,ERR,ERR,ERR,ERR,ERR,ERR,ERR,ERR,ERR,ERR,ERR,ERR,ERR,ERR,ERR,ERR,ERR,ERR,ERR,ERR,ERR,ERR,ERR,34.0,80.0,35,0.0,0.0,0.0,0.0,0.0,0.0,0.0,0.0,0.0,0.0,0.0,0.0,0.0,0.0,0.0,0.0,64.4,0,116,56,49,65476,0,300,0,0,8,20529,65476,0,0,57672,80.0,0.0,0.0,0.0,0.0,0.0
2026-06-17T04:58:56,ERR,ERR,ERR,ERR,ERR,ERR,ERR,ERR,ERR,ERR,ERR,ERR,ERR,ERR,ERR,ERR,ERR,ERR,ERR,ERR,ERR,ERR,ERR,ERR,ERR,ERR,ERR,ERR,ERR,ERR,ERR,ERR,ERR,ERR,ERR,ERR,ERR,ERR,ERR,ERR,ERR,ERR,ERR,ERR,ERR,ERR,ERR,ERR,ERR,ERR,ERR,ERR,ERR,ERR,ERR,ERR,ERR,ERR,ERR,ERR,ERR,ERR,ERR,ERR,ERR,ERR,ERR,ERR,ERR,ERR,ERR,ERR,ERR,ERR,ERR,ERR,ERR,ERR,ERR,ERR,ERR,ERR,ERR,ERR,ERR,ERR,ERR,ERR,ERR,ERR,ERR,ERR,ERR,ERR,ERR,ERR,ERR,ERR,ERR,ERR,ERR,ERR,ERR,ERR,ERR,ERR,ERR,ERR,ERR,ERR,ERR,ERR,ERR,ERR,ERR,ERR,ERR,ERR,ERR,ERR,ERR,ERR,ERR,ERR,ERR,0.0,2.7184296605801213e+23,-0.0,0.0,0.0,1.3936040501711995e+18,7.805,0.0,0,0,4,0,7300,-0.0,0,0.0,0.0,0.0,0.0,0.0,0,0,0,0,0.0,0,0,0,0,0,0,0,0,0,0,0,0,0,0,0,0,0,0,0,0,0,0,0,0,0,0,0,0,0,0,0,0,0,32,30,30,62,65476,0,300,0,0,8,21553,0.0,-107605600.0,0.0,0.0,0.0,0.0,0.0,0.0,0.0,0.0,0.0,0.0,0.0,0.0,0.0,0.0,0.0,0.0,0.0,0.0,0.0,0.0,2.004,-0.0,2.004,0.0,0.0,0.0,0.0,0.0,5515.0,-0.0,6932.0,0.0,2.7184296605801213e+23,-0.0,0.0,0.0,0.0,0.0,0.0,63,-126841069568.0,-4.950409255073651e+32,0.0,0.0,0.0,0.0,0.0,0.0,0.0,0,0,0,0.0,0.0,0.0,0.0,0.0,0.0,0.0,0.0,0.0,0.0,0.0,0.0,0.0,0.0,0.0,0.0,0,-107875648.0,63,0.0,126,2.7184242562605685e+23,2.842318642297501e+23,ERR,ERR,ERR,ERR,ERR,ERR,ERR,ERR,ERR,ERR,ERR,ERR,ERR,ERR,ERR,ERR,ERR,ERR,ERR,ERR,ERR,ERR,ERR,ERR,ERR,ERR,ERR,ERR,ERR,ERR,ERR,ERR,ERR,ERR,ERR,ERR,ERR,ERR,ERR,ERR,ERR,ERR,ERR,ERR,ERR,ERR,ERR,ERR,ERR,ERR,ERR,ERR,ERR,ERR,ERR,ERR,ERR,ERR,ERR,ERR,ERR,ERR,ERR,ERR,ERR,ERR,ERR,34.0,80.0,35,0.0,0.0,0.0,0.0,0.0,0.0,0.0,0.0,0.0,0.0,0.0,0.0,0.0,0.0,0.0,0.0,64.4,0,116,56,49,65476,0,300,0,0,8,20529,65476,0,0,57672,80.0,0.0,0.0,0.0,0.0,0.0
2026-06-17T04:58:57,ERR,ERR,ERR,ERR,ERR,ERR,ERR,ERR,ERR,ERR,ERR,ERR,ERR,ERR,ERR,ERR,ERR,ERR,ERR,ERR,ERR,ERR,ERR,ERR,ERR,ERR,ERR,ERR,ERR,ERR,ERR,ERR,ERR,ERR,ERR,ERR,ERR,ERR,ERR,ERR,ERR,ERR,ERR,ERR,ERR,ERR,ERR,ERR,ERR,ERR,ERR,ERR,ERR,ERR,ERR,ERR,ERR,ERR,ERR,ERR,ERR,ERR,ERR,ERR,ERR,ERR,ERR,ERR,ERR,ERR,ERR,ERR,ERR,ERR,ERR,ERR,ERR,ERR,ERR,ERR,ERR,ERR,ERR,ERR,ERR,ERR,ERR,ERR,ERR,ERR,ERR,ERR,ERR,ERR,ERR,ERR,ERR,ERR,ERR,ERR,ERR,ERR,ERR,ERR,ERR,ERR,ERR,ERR,ERR,ERR,ERR,ERR,ERR,ERR,ERR,ERR,ERR,ERR,ERR,ERR,ERR,ERR,ERR,ERR,ERR,0.0,2.7184296605801213e+23,-0.0,0.0,0.0,1.3936040501711995e+18,7.805,0.0,0,0,4,0,7300,-0.0,0,0.0,0.0,0.0,0.0,0.0,0,0,0,0,0.0,0,0,0,0,0,0,0,0,0,0,0,0,0,0,0,0,0,0,0,0,0,0,0,0,0,0,0,0,0,0,0,0,0,32,30,30,62,65476,0,300,0,0,8,21553,0.0,-107605600.0,0.0,0.0,0.0,0.0,0.0,0.0,0.0,0.0,0.0,0.0,0.0,0.0,0.0,0.0,0.0,0.0,0.0,0.0,0.0,0.0,2.004,-0.0,2.004,0.0,0.0,0.0,0.0,0.0,5511.0,0.0,6919.0,0.0,2.7184296605801213e+23,-0.0,0.0,0.0,0.0,0.0,0.0,63,-71.63,4.0668612138009265e+29,0.0,0.0,0.0,0.0,0.0,0.0,0.0,0,0,0,0.0,0.0,0.0,0.0,0.0,0.0,0.0,0.0,0.0,0.0,0.0,0.0,0.0,0.0,0.0,0.0,0,-107875648.0,63,0.0,126,2.7184242562605685e+23,2.842318642297501e+23,ERR,ERR,ERR,ERR,ERR,ERR,ERR,ERR,ERR,ERR,ERR,ERR,ERR,ERR,ERR,ERR,ERR,ERR,ERR,ERR,ERR,ERR,ERR,ERR,ERR,ERR,ERR,ERR,ERR,ERR,ERR,ERR,ERR,ERR,ERR,ERR,ERR,ERR,ERR,ERR,ERR,ERR,ERR,ERR,ERR,ERR,ERR,ERR,ERR,ERR,ERR,ERR,ERR,ERR,ERR,ERR,ERR,ERR,ERR,ERR,ERR,ERR,ERR,ERR,ERR,ERR,ERR,34.0,80.0,35,0.0,0.0,0.0,0.0,0.0,0.0,0.0,0.0,0.0,0.0,0.0,0.0,0.0,0.0,0.0,0.0,64.4,0,116,56,49,65476,0,300,0,0,8,20529,65476,0,0,57672,80.0,0.0,0.0,0.0,0.0,0.0
2026-06-17T04:58:58,ERR,ERR,ERR,ERR,ERR,ERR,ERR,ERR,ERR,ERR,ERR,ERR,ERR,ERR,ERR,ERR,ERR,ERR,ERR,ERR,ERR,ERR,ERR,ERR,ERR,ERR,ERR,ERR,ERR,ERR,ERR,ERR,ERR,ERR,ERR,ERR,ERR,ERR,ERR,ERR,ERR,ERR,ERR,ERR,ERR,ERR,ERR,ERR,ERR,ERR,ERR,ERR,ERR,ERR,ERR,ERR,ERR,ERR,ERR,ERR,ERR,ERR,ERR,ERR,ERR,ERR,ERR,ERR,ERR,ERR,ERR,ERR,ERR,ERR,ERR,ERR,ERR,ERR,ERR,ERR,ERR,ERR,ERR,ERR,ERR,ERR,ERR,ERR,ERR,ERR,ERR,ERR,ERR,ERR,ERR,ERR,ERR,ERR,ERR,ERR,ERR,ERR,ERR,ERR,ERR,ERR,ERR,ERR,ERR,ERR,ERR,ERR,ERR,ERR,ERR,ERR,ERR,ERR,ERR,ERR,ERR,ERR,ERR,ERR,ERR,0.0,2.7184296605801213e+23,-0.0,0.0,0.0,1.3936040501711995e+18,7.805,0.0,0,0,4,0,7300,-0.0,0,0.0,0.0,0.0,0.0,0.0,0,0,0,0,0.0,0,0,0,0,0,0,0,0,0,0,0,0,0,0,0,0,0,0,0,0,0,0,0,0,0,0,0,0,0,0,0,0,0,32,30,30,62,65476,0,300,0,0,8,21553,0.0,-107605600.0,0.0,0.0,0.0,0.0,0.0,0.0,0.0,0.0,0.0,0.0,0.0,0.0,0.0,0.0,0.0,0.0,0.0,0.0,0.0,0.0,2.004,-0.0,2.004,0.0,0.0,0.0,0.0,0.0,5511.0,0.0,6919.0,0.0,2.7184296605801213e+23,-0.0,0.0,0.0,0.0,0.0,0.0,63,-71.63,4.0668612138009265e+29,0.0,0.0,0.0,0.0,0.0,0.0,0.0,0,0,0,0.0,0.0,0.0,0.0,0.0,0.0,0.0,0.0,0.0,0.0,0.0,0.0,0.0,0.0,0.0,0.0,0,-107875648.0,63,0.0,126,2.7184242562605685e+23,2.842318642297501e+23,ERR,ERR,ERR,ERR,ERR,ERR,ERR,ERR,ERR,ERR,ERR,ERR,ERR,ERR,ERR,ERR,ERR,ERR,ERR,ERR,ERR,ERR,ERR,ERR,ERR,ERR,ERR,ERR,ERR,ERR,ERR,ERR,ERR,ERR,ERR,ERR,ERR,ERR,ERR,ERR,ERR,ERR,ERR,ERR,ERR,ERR,ERR,ERR,ERR,ERR,ERR,ERR,ERR,ERR,ERR,ERR,ERR,ERR,ERR,ERR,ERR,ERR,ERR,ERR,ERR,ERR,ERR,34.0,80.0,35,0.0,0.0,0.0,0.0,0.0,0.0,0.0,0.0,0.0,0.0,0.0,0.0,0.0,0.0,0.0,0.0,64.4,0,116,56,49,65476,0,300,0,0,8,20529,65476,0,0,57672,80.0,0.0,0.0,0.0,0.0,0.0
2026-06-17T04:58:59,ERR,ERR,ERR,ERR,ERR,ERR,ERR,ERR,ERR,ERR,ERR,ERR,ERR,ERR,ERR,ERR,ERR,ERR,ERR,ERR,ERR,ERR,ERR,ERR,ERR,ERR,ERR,ERR,ERR,ERR,ERR,ERR,ERR,ERR,ERR,ERR,ERR,ERR,ERR,ERR,ERR,ERR,ERR,ERR,ERR,ERR,ERR,ERR,ERR,ERR,ERR,ERR,ERR,ERR,ERR,ERR,ERR,ERR,ERR,ERR,ERR,ERR,ERR,ERR,ERR,ERR,ERR,ERR,ERR,ERR,ERR,ERR,ERR,ERR,ERR,ERR,ERR,ERR,ERR,ERR,ERR,ERR,ERR,ERR,ERR,ERR,ERR,ERR,ERR,ERR,ERR,ERR,ERR,ERR,ERR,ERR,ERR,ERR,ERR,ERR,ERR,ERR,ERR,ERR,ERR,ERR,ERR,ERR,ERR,ERR,ERR,ERR,ERR,ERR,ERR,ERR,ERR,ERR,ERR,ERR,ERR,ERR,ERR,ERR,ERR,0.0,2.7184296605801213e+23,-0.0,0.0,0.0,1.3936040501711995e+18,7.805,0.0,0,0,4,0,7300,-0.0,0,0.0,0.0,0.0,0.0,0.0,0,0,0,0,0.0,0,0,0,0,0,0,0,0,0,0,0,0,0,0,0,0,0,0,0,0,0,0,0,0,0,0,0,0,0,0,0,0,0,32,30,30,62,65476,0,300,0,0,8,21553,0.0,-107605600.0,0.0,0.0,0.0,0.0,0.0,0.0,0.0,0.0,0.0,0.0,0.0,0.0,0.0,0.0,0.0,0.0,0.0,0.0,0.0,0.0,2.004,-0.0,2.004,0.0,0.0,0.0,0.0,0.0,5511.0,0.0,6919.0,0.0,2.7184296605801213e+23,-0.0,0.0,0.0,0.0,0.0,0.0,63,-71.63,4.0668612138009265e+29,0.0,0.0,0.0,0.0,0.0,0.0,0.0,0,0,0,0.0,0.0,0.0,0.0,0.0,0.0,0.0,0.0,0.0,0.0,0.0,0.0,0.0,0.0,0.0,0.0,0,-107875648.0,63,0.0,126,2.7184242562605685e+23,2.842318642297501e+23,ERR,ERR,ERR,ERR,ERR,ERR,ERR,ERR,ERR,ERR,ERR,ERR,ERR,ERR,ERR,ERR,ERR,ERR,ERR,ERR,ERR,ERR,ERR,ERR,ERR,ERR,ERR,ERR,ERR,ERR,ERR,ERR,ERR,ERR,ERR,ERR,ERR,ERR,ERR,ERR,ERR,ERR,ERR,ERR,ERR,ERR,ERR,ERR,ERR,ERR,ERR,ERR,ERR,ERR,ERR,ERR,ERR,ERR,ERR,ERR,ERR,ERR,ERR,ERR,ERR,ERR,ERR,34.0,80.0,35,0.0,0.0,0.0,0.0,0.0,0.0,0.0,0.0,0.0,0.0,0.0,0.0,0.0,0.0,0.0,0.0,64.8,0,116,56,49,65476,0,300,0,0,8,20529,65476,0,0,57672,80.0,0.0,0.0,0.0,0.0,0.0
2026-06-17T04:59:00,ERR,ERR,ERR,ERR,ERR,ERR,ERR,ERR,ERR,ERR,ERR,ERR,ERR,ERR,ERR,ERR,ERR,ERR,ERR,ERR,ERR,ERR,ERR,ERR,ERR,ERR,ERR,ERR,ERR,ERR,ERR,ERR,ERR,ERR,ERR,ERR,ERR,ERR,ERR,ERR,ERR,ERR,ERR,ERR,ERR,ERR,ERR,ERR,ERR,ERR,ERR,ERR,ERR,ERR,ERR,ERR,ERR,ERR,ERR,ERR,ERR,ERR,ERR,ERR,ERR,ERR,ERR,ERR,ERR,ERR,ERR,ERR,ERR,ERR,ERR,ERR,ERR,ERR,ERR,ERR,ERR,ERR,ERR,ERR,ERR,ERR,ERR,ERR,ERR,ERR,ERR,ERR,ERR,ERR,ERR,ERR,ERR,ERR,ERR,ERR,ERR,ERR,ERR,ERR,ERR,ERR,ERR,ERR,ERR,ERR,ERR,ERR,ERR,ERR,ERR,ERR,ERR,ERR,ERR,ERR,ERR,ERR,ERR,ERR,ERR,0.0,2.7184296605801213e+23,-0.0,0.0,0.0,1.3936040501711995e+18,7.805,0.0,0,0,4,0,7300,-0.0,0,0.0,0.0,0.0,0.0,0.0,0,0,0,0,0.0,0,0,0,0,0,0,0,0,0,0,0,0,0,0,0,0,0,0,0,0,0,0,0,0,0,0,0,0,0,0,0,0,0,32,30,30,62,65476,0,300,0,0,8,21553,0.0,-107605600.0,0.0,0.0,0.0,0.0,0.0,0.0,0.0,0.0,0.0,0.0,0.0,0.0,0.0,0.0,0.0,0.0,0.0,0.0,0.0,0.0,2.004,-0.0,2.004,0.0,0.0,0.0,0.0,0.0,5511.0,0.0,6919.0,0.0,2.7184296605801213e+23,-0.0,0.0,0.0,0.0,0.0,0.0,63,-71.63,4.0668612138009265e+29,0.0,0.0,0.0,0.0,0.0,0.0,0.0,0,0,0,0.0,0.0,0.0,0.0,0.0,0.0,0.0,0.0,0.0,0.0,0.0,0.0,0.0,0.0,0.0,0.0,0,-107875648.0,63,0.0,126,2.7184242562605685e+23,2.842318642297501e+23,ERR,ERR,ERR,ERR,ERR,ERR,ERR,ERR,ERR,ERR,ERR,ERR,ERR,ERR,ERR,ERR,ERR,ERR,ERR,ERR,ERR,ERR,ERR,ERR,ERR,ERR,ERR,ERR,ERR,ERR,ERR,ERR,ERR,ERR,ERR,ERR,ERR,ERR,ERR,ERR,ERR,ERR,ERR,ERR,ERR,ERR,ERR,ERR,ERR,ERR,ERR,ERR,ERR,ERR,ERR,ERR,ERR,ERR,ERR,ERR,ERR,ERR,ERR,ERR,ERR,ERR,ERR,34.0,80.0,35,0.0,0.0,0.0,0.0,0.0,0.0,0.0,0.0,0.0,0.0,0.0,0.0,0.0,0.0,0.0,0.0,64.8,0,116,56,49,65476,0,300,0,0,8,20529,65476,0,0,57672,80.0,0.0,0.0,0.0,0.0,0.0
2026-06-17T04:59:01,ERR,ERR,ERR,ERR,ERR,ERR,ERR,ERR,ERR,ERR,ERR,ERR,ERR,ERR,ERR,ERR,ERR,ERR,ERR,ERR,ERR,ERR,ERR,ERR,ERR,ERR,ERR,ERR,ERR,ERR,ERR,ERR,ERR,ERR,ERR,ERR,ERR,ERR,ERR,ERR,ERR,ERR,ERR,ERR,ERR,ERR,ERR,ERR,ERR,ERR,ERR,ERR,ERR,ERR,ERR,ERR,ERR,ERR,ERR,ERR,ERR,ERR,ERR,ERR,ERR,ERR,ERR,ERR,ERR,ERR,ERR,ERR,ERR,ERR,ERR,ERR,ERR,ERR,ERR,ERR,ERR,ERR,ERR,ERR,ERR,ERR,ERR,ERR,ERR,ERR,ERR,ERR,ERR,ERR,ERR,ERR,ERR,ERR,ERR,ERR,ERR,ERR,ERR,ERR,ERR,ERR,ERR,ERR,ERR,ERR,ERR,ERR,ERR,ERR,ERR,ERR,ERR,ERR,ERR,ERR,ERR,ERR,ERR,ERR,ERR,0.0,2.7184296605801213e+23,-0.0,0.0,0.0,1.3936040501711995e+18,7.805,0.0,0,0,4,0,7300,-0.0,0,0.0,0.0,0.0,0.0,0.0,0,0,0,0,0.0,0,0,0,0,0,0,0,0,0,0,0,0,0,0,0,0,0,0,0,0,0,0,0,0,0,0,0,0,0,0,0,0,0,32,30,30,62,65476,0,300,0,0,8,21553,0.0,-107605600.0,0.0,0.0,0.0,0.0,0.0,0.0,0.0,0.0,0.0,0.0,0.0,0.0,0.0,0.0,0.0,0.0,0.0,0.0,0.0,0.0,2.004,-0.0,2.004,0.0,0.0,0.0,0.0,0.0,5511.0,0.0,6919.0,0.0,2.7184296605801213e+23,-0.0,0.0,0.0,0.0,0.0,0.0,63,-71.63,4.0668612138009265e+29,0.0,0.0,0.0,0.0,0.0,0.0,0.0,0,0,0,0.0,0.0,0.0,0.0,0.0,0.0,0.0,0.0,0.0,0.0,0.0,0.0,0.0,0.0,0.0,0.0,0,-107875648.0,63,0.0,126,2.7184242562605685e+23,2.842318642297501e+23,ERR,ERR,ERR,ERR,ERR,ERR,ERR,ERR,ERR,ERR,ERR,ERR,ERR,ERR,ERR,ERR,ERR,ERR,ERR,ERR,ERR,ERR,ERR,ERR,ERR,ERR,ERR,ERR,ERR,ERR,ERR,ERR,ERR,ERR,ERR,ERR,ERR,ERR,ERR,ERR,ERR,ERR,ERR,ERR,ERR,ERR,ERR,ERR,ERR,ERR,ERR,ERR,ERR,ERR,ERR,ERR,ERR,ERR,ERR,ERR,ERR,ERR,ERR,ERR,ERR,ERR,ERR,34.0,80.0,35,0.0,0.0,0.0,0.0,0.0,0.0,0.0,0.0,0.0,0.0,0.0,0.0,0.0,0.0,0.0,0.0,64.4,0,116,56,49,65476,0,300,0,0,8,20529,65476,0,0,57672,80.0,0.0,0.0,0.0,0.0,0.0
2026-06-17T04:59:02,ERR,ERR,ERR,ERR,ERR,ERR,ERR,ERR,ERR,ERR,ERR,ERR,ERR,ERR,ERR,ERR,ERR,ERR,ERR,ERR,ERR,ERR,ERR,ERR,ERR,ERR,ERR,ERR,ERR,ERR,ERR,ERR,ERR,ERR,ERR,ERR,ERR,ERR,ERR,ERR,ERR,ERR,ERR,ERR,ERR,ERR,ERR,ERR,ERR,ERR,ERR,ERR,ERR,ERR,ERR,ERR,ERR,ERR,ERR,ERR,ERR,ERR,ERR,ERR,ERR,ERR,ERR,ERR,ERR,ERR,ERR,ERR,ERR,ERR,ERR,ERR,ERR,ERR,ERR,ERR,ERR,ERR,ERR,ERR,ERR,ERR,ERR,ERR,ERR,ERR,ERR,ERR,ERR,ERR,ERR,ERR,ERR,ERR,ERR,ERR,ERR,ERR,ERR,ERR,ERR,ERR,ERR,ERR,ERR,ERR,ERR,ERR,ERR,ERR,ERR,ERR,ERR,ERR,ERR,ERR,ERR,ERR,ERR,ERR,ERR,0.0,2.7184296605801213e+23,-100793952.0,0.0,0.0,1.3936040501711995e+18,7.805,0.0,0,0,4,0,7300,-0.0,0,0.0,0.0,0.0,0.0,0.0,0,0,0,0,0.0,0,0,0,0,0,0,0,0,0,0,0,0,0,0,0,0,0,0,0,0,0,0,0,0,0,0,0,0,0,0,0,0,0,32,30,30,62,65476,0,300,0,0,8,21553,0.0,-107605600.0,0.0,0.0,0.0,0.0,0.0,0.0,0.0,0.0,0.0,0.0,0.0,0.0,0.0,0.0,0.0,0.0,0.0,0.0,0.0,0.0,2.004,-0.0,0.0,0.0,0.0,0.0,0.0,0.0,5482.0,-1.040667237767031e+34,6943.0,0.0,2.7184296605801213e+23,-0.0,0.0,0.0,0.0,0.0,0.0,63,-107615304.0,0.0,0.0,0.0,0.0,0.0,0.0,0.0,0.0,0,0,0,0.0,0.0,0.0,0.0,0.0,0.0,0.0,0.0,0.0,0.0,0.0,0.0,0.0,0.0,0.0,0.0,0,-107875648.0,63,0.0,126,2.7184242562605685e+23,2.842318642297501e+23,ERR,ERR,ERR,ERR,ERR,ERR,ERR,ERR,ERR,ERR,ERR,ERR,ERR,ERR,ERR,ERR,ERR,ERR,ERR,ERR,ERR,ERR,ERR,ERR,ERR,ERR,ERR,ERR,ERR,ERR,ERR,ERR,ERR,ERR,ERR,ERR,ERR,ERR,ERR,ERR,ERR,ERR,ERR,ERR,ERR,ERR,ERR,ERR,ERR,ERR,ERR,ERR,ERR,ERR,ERR,ERR,ERR,ERR,ERR,ERR,ERR,ERR,ERR,ERR,ERR,ERR,ERR,34.0,80.0,35,0.0,0.0,0.0,0.0,0.0,0.0,0.0,0.0,0.0,0.0,0.0,0.0,0.0,0.0,0.0,0.0,64.4,0,116,56,49,65476,0,300,0,0,8,20529,65476,0,0,57672,80.0,0.0,0.0,0.0,0.0,0.0
2026-06-17T04:59:03,ERR,ERR,ERR,ERR,ERR,ERR,ERR,ERR,ERR,ERR,ERR,ERR,ERR,ERR,ERR,ERR,ERR,ERR,ERR,ERR,ERR,ERR,ERR,ERR,ERR,ERR,ERR,ERR,ERR,ERR,ERR,ERR,ERR,ERR,ERR,ERR,ERR,ERR,ERR,ERR,ERR,ERR,ERR,ERR,ERR,ERR,ERR,ERR,ERR,ERR,ERR,ERR,ERR,ERR,ERR,ERR,ERR,ERR,ERR,ERR,ERR,ERR,ERR,ERR,ERR,ERR,ERR,ERR,ERR,ERR,ERR,ERR,ERR,ERR,ERR,ERR,ERR,ERR,ERR,ERR,ERR,ERR,ERR,ERR,ERR,ERR,ERR,ERR,ERR,ERR,ERR,ERR,ERR,ERR,ERR,ERR,ERR,ERR,ERR,ERR,ERR,ERR,ERR,ERR,ERR,ERR,ERR,ERR,ERR,ERR,ERR,ERR,ERR,ERR,ERR,ERR,ERR,ERR,ERR,ERR,ERR,ERR,ERR,ERR,ERR,0.0,2.7184296605801213e+23,-100793952.0,0.0,0.0,1.3936040501711995e+18,7.805,0.0,0,0,4,0,7300,-0.0,0,0.0,0.0,0.0,0.0,0.0,0,0,0,0,0.0,0,0,0,0,0,0,0,0,0,0,0,0,0,0,0,0,0,0,0,0,0,0,0,0,0,0,0,0,0,0,0,0,0,32,30,30,62,65476,0,300,0,0,8,21553,0.0,-107605600.0,0.0,0.0,0.0,0.0,0.0,0.0,0.0,0.0,0.0,0.0,0.0,0.0,0.0,0.0,0.0,0.0,0.0,0.0,0.0,0.0,2.004,-0.0,0.0,0.0,0.0,0.0,0.0,0.0,5482.0,-1.040667237767031e+34,6943.0,0.0,2.7184296605801213e+23,-0.0,0.0,0.0,0.0,0.0,0.0,63,-107615304.0,0.0,0.0,0.0,0.0,0.0,0.0,0.0,0.0,0,0,0,0.0,0.0,0.0,0.0,0.0,0.0,0.0,0.0,0.0,0.0,0.0,0.0,0.0,0.0,0.0,0.0,0,-107875648.0,63,0.0,126,2.7184242562605685e+23,2.842318642297501e+23,ERR,ERR,ERR,ERR,ERR,ERR,ERR,ERR,ERR,ERR,ERR,ERR,ERR,ERR,ERR,ERR,ERR,ERR,ERR,ERR,ERR,ERR,ERR,ERR,ERR,ERR,ERR,ERR,ERR,ERR,ERR,ERR,ERR,ERR,ERR,ERR,ERR,ERR,ERR,ERR,ERR,ERR,ERR,ERR,ERR,ERR,ERR,ERR,ERR,ERR,ERR,ERR,ERR,ERR,ERR,ERR,ERR,ERR,ERR,ERR,ERR,ERR,ERR,ERR,ERR,ERR,ERR,34.0,80.0,35,0.0,0.0,0.0,0.0,0.0,0.0,0.0,0.0,0.0,0.0,0.0,0.0,0.0,0.0,0.0,0.0,64.8,0,116,56,49,65476,0,300,0,0,8,20529,65476,0,0,57672,80.0,0.0,0.0,0.0,0.0,0.0
2026-06-17T04:59:04,ERR,ERR,ERR,ERR,ERR,ERR,ERR,ERR,ERR,ERR,ERR,ERR,ERR,ERR,ERR,ERR,ERR,ERR,ERR,ERR,ERR,ERR,ERR,ERR,ERR,ERR,ERR,ERR,ERR,ERR,ERR,ERR,ERR,ERR,ERR,ERR,ERR,ERR,ERR,ERR,ERR,ERR,ERR,ERR,ERR,ERR,ERR,ERR,ERR,ERR,ERR,ERR,ERR,ERR,ERR,ERR,ERR,ERR,ERR,ERR,ERR,ERR,ERR,ERR,ERR,ERR,ERR,ERR,ERR,ERR,ERR,ERR,ERR,ERR,ERR,ERR,ERR,ERR,ERR,ERR,ERR,ERR,ERR,ERR,ERR,ERR,ERR,ERR,ERR,ERR,ERR,ERR,ERR,ERR,ERR,ERR,ERR,ERR,ERR,ERR,ERR,ERR,ERR,ERR,ERR,ERR,ERR,ERR,ERR,ERR,ERR,ERR,ERR,ERR,ERR,ERR,ERR,ERR,ERR,ERR,ERR,ERR,ERR,ERR,ERR,0.0,2.7184296605801213e+23,-100793952.0,0.0,0.0,1.3936040501711995e+18,7.805,0.0,0,0,4,0,7300,-0.0,0,0.0,0.0,0.0,0.0,0.0,0,0,0,0,0.0,0,0,0,0,0,0,0,0,0,0,0,0,0,0,0,0,0,0,0,0,0,0,0,0,0,0,0,0,0,0,0,0,0,32,30,30,62,65476,0,300,0,0,8,21553,0.0,-107605600.0,0.0,0.0,0.0,0.0,0.0,0.0,0.0,0.0,0.0,0.0,0.0,0.0,0.0,0.0,0.0,0.0,0.0,0.0,0.0,0.0,2.004,-0.0,0.0,0.0,0.0,0.0,0.0,0.0,5482.0,-1.040667237767031e+34,6943.0,0.0,2.7184296605801213e+23,-0.0,0.0,0.0,0.0,0.0,0.0,63,-107615304.0,0.0,0.0,0.0,0.0,0.0,0.0,0.0,0.0,0,0,0,0.0,0.0,0.0,0.0,0.0,0.0,0.0,0.0,0.0,0.0,0.0,0.0,0.0,0.0,0.0,0.0,0,-107875648.0,63,0.0,126,2.7184242562605685e+23,2.842318642297501e+23,ERR,ERR,ERR,ERR,ERR,ERR,ERR,ERR,ERR,ERR,ERR,ERR,ERR,ERR,ERR,ERR,ERR,ERR,ERR,ERR,ERR,ERR,ERR,ERR,ERR,ERR,ERR,ERR,ERR,ERR,ERR,ERR,ERR,ERR,ERR,ERR,ERR,ERR,ERR,ERR,ERR,ERR,ERR,ERR,ERR,ERR,ERR,ERR,ERR,ERR,ERR,ERR,ERR,ERR,ERR,ERR,ERR,ERR,ERR,ERR,ERR,ERR,ERR,ERR,ERR,ERR,ERR,34.0,80.0,35,0.0,0.0,0.0,0.0,0.0,0.0,0.0,0.0,0.0,0.0,0.0,0.0,0.0,0.0,0.0,0.0,64.8,0,116,56,49,65476,0,300,0,0,8,20529,65476,0,0,57672,80.0,0.0,0.0,0.0,0.0,0.0
2026-06-17T04:59:05,ERR,ERR,ERR,ERR,ERR,ERR,ERR,ERR,ERR,ERR,ERR,ERR,ERR,ERR,ERR,ERR,ERR,ERR,ERR,ERR,ERR,ERR,ERR,ERR,ERR,ERR,ERR,ERR,ERR,ERR,ERR,ERR,ERR,ERR,ERR,ERR,ERR,ERR,ERR,ERR,ERR,ERR,ERR,ERR,ERR,ERR,ERR,ERR,ERR,ERR,ERR,ERR,ERR,ERR,ERR,ERR,ERR,ERR,ERR,ERR,ERR,ERR,ERR,ERR,ERR,ERR,ERR,ERR,ERR,ERR,ERR,ERR,ERR,ERR,ERR,ERR,ERR,ERR,ERR,ERR,ERR,ERR,ERR,ERR,ERR,ERR,ERR,ERR,ERR,ERR,ERR,ERR,ERR,ERR,ERR,ERR,ERR,ERR,ERR,ERR,ERR,ERR,ERR,ERR,ERR,ERR,ERR,ERR,ERR,ERR,ERR,ERR,ERR,ERR,ERR,ERR,ERR,ERR,ERR,ERR,ERR,ERR,ERR,ERR,ERR,0.0,2.7184296605801213e+23,-100793952.0,0.0,0.0,1.3936040501711995e+18,7.805,0.0,0,0,4,0,7300,-0.0,0,0.0,0.0,0.0,0.0,0.0,0,0,0,0,0.0,0,0,0,0,0,0,0,0,0,0,0,0,0,0,0,0,0,0,0,0,0,0,0,0,0,0,0,0,0,0,0,0,0,32,30,30,62,65476,0,300,0,0,8,21553,0.0,-107605600.0,0.0,0.0,0.0,0.0,0.0,0.0,0.0,0.0,0.0,0.0,0.0,0.0,0.0,0.0,0.0,0.0,0.0,0.0,0.0,0.0,2.004,-0.0,0.0,0.0,0.0,0.0,0.0,0.0,5482.0,-1.040667237767031e+34,6943.0,0.0,2.7184296605801213e+23,-0.0,0.0,0.0,0.0,0.0,0.0,63,-107615304.0,0.0,0.0,0.0,0.0,0.0,0.0,0.0,0.0,0,0,0,0.0,0.0,0.0,0.0,0.0,0.0,0.0,0.0,0.0,0.0,0.0,0.0,0.0,0.0,0.0,0.0,0,-107875648.0,63,0.0,126,2.7184242562605685e+23,2.842318642297501e+23,ERR,ERR,ERR,ERR,ERR,ERR,ERR,ERR,ERR,ERR,ERR,ERR,ERR,ERR,ERR,ERR,ERR,ERR,ERR,ERR,ERR,ERR,ERR,ERR,ERR,ERR,ERR,ERR,ERR,ERR,ERR,ERR,ERR,ERR,ERR,ERR,ERR,ERR,ERR,ERR,ERR,ERR,ERR,ERR,ERR,ERR,ERR,ERR,ERR,ERR,ERR,ERR,ERR,ERR,ERR,ERR,ERR,ERR,ERR,ERR,ERR,ERR,ERR,ERR,ERR,ERR,ERR,34.0,80.0,35,0.0,0.0,0.0,0.0,0.0,0.0,0.0,0.0,0.0,0.0,0.0,0.0,0.0,0.0,0.0,0.0,64.4,0,116,56,49,65476,0,300,0,0,8,20529,65476,0,0,57672,80.0,0.0,0.0,0.0,0.0,0.0
2026-06-17T04:59:06,ERR,ERR,ERR,ERR,ERR,ERR,ERR,ERR,ERR,ERR,ERR,ERR,ERR,ERR,ERR,ERR,ERR,ERR,ERR,ERR,ERR,ERR,ERR,ERR,ERR,ERR,ERR,ERR,ERR,ERR,ERR,ERR,ERR,ERR,ERR,ERR,ERR,ERR,ERR,ERR,ERR,ERR,ERR,ERR,ERR,ERR,ERR,ERR,ERR,ERR,ERR,ERR,ERR,ERR,ERR,ERR,ERR,ERR,ERR,ERR,ERR,ERR,ERR,ERR,ERR,ERR,ERR,ERR,ERR,ERR,ERR,ERR,ERR,ERR,ERR,ERR,ERR,ERR,ERR,ERR,ERR,ERR,ERR,ERR,ERR,ERR,ERR,ERR,ERR,ERR,ERR,ERR,ERR,ERR,ERR,ERR,ERR,ERR,ERR,ERR,ERR,ERR,ERR,ERR,ERR,ERR,ERR,ERR,ERR,ERR,ERR,ERR,ERR,ERR,ERR,ERR,ERR,ERR,ERR,ERR,ERR,ERR,ERR,ERR,ERR,0.0,2.7184296605801213e+23,-100793952.0,0.0,0.0,1.3936040501711995e+18,7.805,0.0,0,0,4,0,7300,-0.0,0,0.0,0.0,0.0,0.0,0.0,0,0,0,0,0.0,0,0,0,0,0,0,0,0,0,0,0,0,0,0,0,0,0,0,0,0,0,0,0,0,0,0,0,0,0,0,0,0,0,32,30,30,62,65476,0,300,0,0,8,21553,0.0,-107605600.0,0.0,0.0,0.0,0.0,0.0,0.0,0.0,0.0,0.0,0.0,0.0,0.0,0.0,0.0,0.0,0.0,0.0,0.0,0.0,0.0,2.004,-0.0,0.0,0.0,0.0,0.0,0.0,0.0,5482.0,-1.040667237767031e+34,6943.0,0.0,2.7184296605801213e+23,-0.0,0.0,0.0,0.0,0.0,0.0,63,-107615304.0,0.0,0.0,0.0,0.0,0.0,0.0,0.0,0.0,0,0,0,0.0,0.0,0.0,0.0,0.0,0.0,0.0,0.0,0.0,0.0,0.0,0.0,0.0,0.0,0.0,0.0,0,-107875648.0,63,0.0,126,2.7184242562605685e+23,2.842318642297501e+23,ERR,ERR,ERR,ERR,ERR,ERR,ERR,ERR,ERR,ERR,ERR,ERR,ERR,ERR,ERR,ERR,ERR,ERR,ERR,ERR,ERR,ERR,ERR,ERR,ERR,ERR,ERR,ERR,ERR,ERR,ERR,ERR,ERR,ERR,ERR,ERR,ERR,ERR,ERR,ERR,ERR,ERR,ERR,ERR,ERR,ERR,ERR,ERR,ERR,ERR,ERR,ERR,ERR,ERR,ERR,ERR,ERR,ERR,ERR,ERR,ERR,ERR,ERR,ERR,ERR,ERR,ERR,34.0,80.0,35,0.0,0.0,0.0,0.0,0.0,0.0,0.0,0.0,0.0,0.0,0.0,0.0,0.0,0.0,0.0,0.0,64.4,0,116,56,49,65476,0,300,0,0,8,20529,65476,0,0,57672,80.0,0.0,0.0,0.0,0.0,0.0
2026-06-17T04:59:07,ERR,ERR,ERR,ERR,ERR,ERR,ERR,ERR,ERR,ERR,ERR,ERR,ERR,ERR,ERR,ERR,ERR,ERR,ERR,ERR,ERR,ERR,ERR,ERR,ERR,ERR,ERR,ERR,ERR,ERR,ERR,ERR,ERR,ERR,ERR,ERR,ERR,ERR,ERR,ERR,ERR,ERR,ERR,ERR,ERR,ERR,ERR,ERR,ERR,ERR,ERR,ERR,ERR,ERR,ERR,ERR,ERR,ERR,ERR,ERR,ERR,ERR,ERR,ERR,ERR,ERR,ERR,ERR,ERR,ERR,ERR,ERR,ERR,ERR,ERR,ERR,ERR,ERR,ERR,ERR,ERR,ERR,ERR,ERR,ERR,ERR,ERR,ERR,ERR,ERR,ERR,ERR,ERR,ERR,ERR,ERR,ERR,ERR,ERR,ERR,ERR,ERR,ERR,ERR,ERR,ERR,ERR,ERR,ERR,ERR,ERR,ERR,ERR,ERR,ERR,ERR,ERR,ERR,ERR,ERR,ERR,ERR,ERR,ERR,ERR,0.0,2.7184296605801213e+23,-100793952.0,0.0,0.0,1.3936040501711995e+18,7.805,0.0,0,0,4,0,7300,-0.0,0,0.0,0.0,0.0,0.0,0.0,0,0,0,0,0.0,0,0,0,0,0,0,0,0,0,0,0,0,0,0,0,0,0,0,0,0,0,0,0,0,0,0,0,0,0,0,0,0,0,32,30,30,62,65476,0,300,0,0,8,21553,0.0,-107605600.0,0.0,0.0,0.0,0.0,0.0,0.0,0.0,0.0,0.0,0.0,0.0,0.0,0.0,0.0,0.0,0.0,0.0,0.0,0.0,0.0,2.004,-0.0,2.004,0.0,0.0,0.0,0.0,0.0,5514.0,8608198656.0,6925.0,0.0,2.7184296605801213e+23,-0.0,0.0,0.0,0.0,0.0,0.0,63,-107615304.0,-0.0,0.0,0.0,0.0,0.0,0.0,0.0,0.0,0,0,0,0.0,0.0,0.0,0.0,0.0,0.0,0.0,0.0,0.0,0.0,0.0,0.0,0.0,0.0,0.0,0.0,0,-107875648.0,63,0.0,126,2.7184242562605685e+23,2.842318642297501e+23,ERR,ERR,ERR,ERR,ERR,ERR,ERR,ERR,ERR,ERR,ERR,ERR,ERR,ERR,ERR,ERR,ERR,ERR,ERR,ERR,ERR,ERR,ERR,ERR,ERR,ERR,ERR,ERR,ERR,ERR,ERR,ERR,ERR,ERR,ERR,ERR,ERR,ERR,ERR,ERR,ERR,ERR,ERR,ERR,ERR,ERR,ERR,ERR,ERR,ERR,ERR,ERR,ERR,ERR,ERR,ERR,ERR,ERR,ERR,ERR,ERR,ERR,ERR,ERR,ERR,ERR,ERR,34.0,80.0,35,0.0,0.0,0.0,0.0,0.0,0.0,0.0,0.0,0.0,0.0,0.0,0.0,0.0,0.0,0.0,0.0,64.4,0,116,56,49,65476,0,300,0,0,8,20529,65476,0,0,57672,80.0,0.0,0.0,0.0,0.0,0.0
2026-06-17T04:59:08,ERR,ERR,ERR,ERR,ERR,ERR,ERR,ERR,ERR,ERR,ERR,ERR,ERR,ERR,ERR,ERR,ERR,ERR,ERR,ERR,ERR,ERR,ERR,ERR,ERR,ERR,ERR,ERR,ERR,ERR,ERR,ERR,ERR,ERR,ERR,ERR,ERR,ERR,ERR,ERR,ERR,ERR,ERR,ERR,ERR,ERR,ERR,ERR,ERR,ERR,ERR,ERR,ERR,ERR,ERR,ERR,ERR,ERR,ERR,ERR,ERR,ERR,ERR,ERR,ERR,ERR,ERR,ERR,ERR,ERR,ERR,ERR,ERR,ERR,ERR,ERR,ERR,ERR,ERR,ERR,ERR,ERR,ERR,ERR,ERR,ERR,ERR,ERR,ERR,ERR,ERR,ERR,ERR,ERR,ERR,ERR,ERR,ERR,ERR,ERR,ERR,ERR,ERR,ERR,ERR,ERR,ERR,ERR,ERR,ERR,ERR,ERR,ERR,ERR,ERR,ERR,ERR,ERR,ERR,ERR,ERR,ERR,ERR,ERR,ERR,0.0,2.7184296605801213e+23,-100793952.0,0.0,0.0,1.3936040501711995e+18,7.805,0.0,0,0,4,0,7300,-0.0,0,0.0,0.0,0.0,0.0,0.0,0,0,0,0,0.0,0,0,0,0,0,0,0,0,0,0,0,0,0,0,0,0,0,0,0,0,0,0,0,0,0,0,0,0,0,0,0,0,0,32,30,30,62,65476,0,300,0,0,8,21553,0.0,-107605600.0,0.0,0.0,0.0,0.0,0.0,0.0,0.0,0.0,0.0,0.0,0.0,0.0,0.0,0.0,0.0,0.0,0.0,0.0,0.0,0.0,2.004,-0.0,2.004,0.0,0.0,0.0,0.0,0.0,5514.0,8608198656.0,6925.0,0.0,2.7184296605801213e+23,-0.0,0.0,0.0,0.0,0.0,0.0,63,-107615304.0,-0.0,0.0,0.0,0.0,0.0,0.0,0.0,0.0,0,0,0,0.0,0.0,0.0,0.0,0.0,0.0,0.0,0.0,0.0,0.0,0.0,0.0,0.0,0.0,0.0,0.0,0,-107875648.0,63,0.0,126,2.7184242562605685e+23,2.842318642297501e+23,ERR,ERR,ERR,ERR,ERR,ERR,ERR,ERR,ERR,ERR,ERR,ERR,ERR,ERR,ERR,ERR,ERR,ERR,ERR,ERR,ERR,ERR,ERR,ERR,ERR,ERR,ERR,ERR,ERR,ERR,ERR,ERR,ERR,ERR,ERR,ERR,ERR,ERR,ERR,ERR,ERR,ERR,ERR,ERR,ERR,ERR,ERR,ERR,ERR,ERR,ERR,ERR,ERR,ERR,ERR,ERR,ERR,ERR,ERR,ERR,ERR,ERR,ERR,ERR,ERR,ERR,ERR,34.0,80.0,35,0.0,0.0,0.0,0.0,0.0,0.0,0.0,0.0,0.0,0.0,0.0,0.0,0.0,0.0,0.0,0.0,64.4,0,116,56,49,65476,0,300,0,0,8,20529,65476,0,0,57672,80.0,0.0,0.0,0.0,0.0,0.0
2026-06-17T04:59:09,ERR,ERR,ERR,ERR,ERR,ERR,ERR,ERR,ERR,ERR,ERR,ERR,ERR,ERR,ERR,ERR,ERR,ERR,ERR,ERR,ERR,ERR,ERR,ERR,ERR,ERR,ERR,ERR,ERR,ERR,ERR,ERR,ERR,ERR,ERR,ERR,ERR,ERR,ERR,ERR,ERR,ERR,ERR,ERR,ERR,ERR,ERR,ERR,ERR,ERR,ERR,ERR,ERR,ERR,ERR,ERR,ERR,ERR,ERR,ERR,ERR,ERR,ERR,ERR,ERR,ERR,ERR,ERR,ERR,ERR,ERR,ERR,ERR,ERR,ERR,ERR,ERR,ERR,ERR,ERR,ERR,ERR,ERR,ERR,ERR,ERR,ERR,ERR,ERR,ERR,ERR,ERR,ERR,ERR,ERR,ERR,ERR,ERR,ERR,ERR,ERR,ERR,ERR,ERR,ERR,ERR,ERR,ERR,ERR,ERR,ERR,ERR,ERR,ERR,ERR,ERR,ERR,ERR,ERR,ERR,ERR,ERR,ERR,ERR,ERR,0.0,2.7184296605801213e+23,-100793952.0,0.0,0.0,1.3936040501711995e+18,7.805,0.0,0,0,4,0,7300,-0.0,0,0.0,0.0,0.0,0.0,0.0,0,0,0,0,0.0,0,0,0,0,0,0,0,0,0,0,0,0,0,0,0,0,0,0,0,0,0,0,0,0,0,0,0,0,0,0,0,0,0,32,30,30,62,65476,0,300,0,0,8,21553,0.0,-107605600.0,0.0,0.0,0.0,0.0,0.0,0.0,0.0,0.0,0.0,0.0,0.0,0.0,0.0,0.0,0.0,0.0,0.0,0.0,0.0,0.0,2.004,-0.0,2.004,0.0,0.0,0.0,0.0,0.0,5514.0,8608198656.0,6925.0,0.0,2.7184296605801213e+23,-0.0,0.0,0.0,0.0,0.0,0.0,63,-107615304.0,-0.0,0.0,0.0,0.0,0.0,0.0,0.0,0.0,0,0,0,0.0,0.0,0.0,0.0,0.0,0.0,0.0,0.0,0.0,0.0,0.0,0.0,0.0,0.0,0.0,0.0,0,-107875648.0,63,0.0,126,2.7184242562605685e+23,2.842318642297501e+23,ERR,ERR,ERR,ERR,ERR,ERR,ERR,ERR,ERR,ERR,ERR,ERR,ERR,ERR,ERR,ERR,ERR,ERR,ERR,ERR,ERR,ERR,ERR,ERR,ERR,ERR,ERR,ERR,ERR,ERR,ERR,ERR,ERR,ERR,ERR,ERR,ERR,ERR,ERR,ERR,ERR,ERR,ERR,ERR,ERR,ERR,ERR,ERR,ERR,ERR,ERR,ERR,ERR,ERR,ERR,ERR,ERR,ERR,ERR,ERR,ERR,ERR,ERR,ERR,ERR,ERR,ERR,34.0,80.0,35,0.0,0.0,0.0,0.0,0.0,0.0,0.0,0.0,0.0,0.0,0.0,0.0,0.0,0.0,0.0,0.0,64.4,0,116,56,49,65476,0,300,0,0,8,20529,65476,0,0,57672,80.0,0.0,0.0,0.0,0.0,0.0
2026-06-17T04:59:10,ERR,ERR,ERR,ERR,ERR,ERR,ERR,ERR,ERR,ERR,ERR,ERR,ERR,ERR,ERR,ERR,ERR,ERR,ERR,ERR,ERR,ERR,ERR,ERR,ERR,ERR,ERR,ERR,ERR,ERR,ERR,ERR,ERR,ERR,ERR,ERR,ERR,ERR,ERR,ERR,ERR,ERR,ERR,ERR,ERR,ERR,ERR,ERR,ERR,ERR,ERR,ERR,ERR,ERR,ERR,ERR,ERR,ERR,ERR,ERR,ERR,ERR,ERR,ERR,ERR,ERR,ERR,ERR,ERR,ERR,ERR,ERR,ERR,ERR,ERR,ERR,ERR,ERR,ERR,ERR,ERR,ERR,ERR,ERR,ERR,ERR,ERR,ERR,ERR,ERR,ERR,ERR,ERR,ERR,ERR,ERR,ERR,ERR,ERR,ERR,ERR,ERR,ERR,ERR,ERR,ERR,ERR,ERR,ERR,ERR,ERR,ERR,ERR,ERR,ERR,ERR,ERR,ERR,ERR,ERR,ERR,ERR,ERR,ERR,ERR,0.0,2.7184296605801213e+23,-100793952.0,0.0,0.0,1.3936040501711995e+18,7.805,0.0,0,0,4,0,7300,-0.0,0,0.0,0.0,0.0,0.0,0.0,0,0,0,0,0.0,0,0,0,0,0,0,0,0,0,0,0,0,0,0,0,0,0,0,0,0,0,0,0,0,0,0,0,0,0,0,0,0,0,32,30,30,62,65476,0,300,0,0,8,21553,0.0,-107605600.0,0.0,0.0,0.0,0.0,0.0,0.0,0.0,0.0,0.0,0.0,0.0,0.0,0.0,0.0,0.0,0.0,0.0,0.0,0.0,0.0,2.004,-0.0,2.004,0.0,0.0,0.0,0.0,0.0,5514.0,8608198656.0,6925.0,0.0,2.7184296605801213e+23,-0.0,0.0,0.0,0.0,0.0,0.0,63,-107615304.0,-0.0,0.0,0.0,0.0,0.0,0.0,0.0,0.0,0,0,0,0.0,0.0,0.0,0.0,0.0,0.0,0.0,0.0,0.0,0.0,0.0,0.0,0.0,0.0,0.0,0.0,0,-107875648.0,63,0.0,126,2.7184242562605685e+23,2.842318642297501e+23,ERR,ERR,ERR,ERR,ERR,ERR,ERR,ERR,ERR,ERR,ERR,ERR,ERR,ERR,ERR,ERR,ERR,ERR,ERR,ERR,ERR,ERR,ERR,ERR,ERR,ERR,ERR,ERR,ERR,ERR,ERR,ERR,ERR,ERR,ERR,ERR,ERR,ERR,ERR,ERR,ERR,ERR,ERR,ERR,ERR,ERR,ERR,ERR,ERR,ERR,ERR,ERR,ERR,ERR,ERR,ERR,ERR,ERR,ERR,ERR,ERR,ERR,ERR,ERR,ERR,ERR,ERR,34.0,80.0,35,0.0,0.0,0.0,0.0,0.0,0.0,0.0,0.0,0.0,0.0,0.0,0.0,0.0,0.0,0.0,0.0,64.8,0,116,56,49,65476,0,300,0,0,8,20529,65476,0,0,57672,80.0,0.0,0.0,0.0,0.0,0.0
2026-06-17T04:59:11,ERR,ERR,ERR,ERR,ERR,ERR,ERR,ERR,ERR,ERR,ERR,ERR,ERR,ERR,ERR,ERR,ERR,ERR,ERR,ERR,ERR,ERR,ERR,ERR,ERR,ERR,ERR,ERR,ERR,ERR,ERR,ERR,ERR,ERR,ERR,ERR,ERR,ERR,ERR,ERR,ERR,ERR,ERR,ERR,ERR,ERR,ERR,ERR,ERR,ERR,ERR,ERR,ERR,ERR,ERR,ERR,ERR,ERR,ERR,ERR,ERR,ERR,ERR,ERR,ERR,ERR,ERR,ERR,ERR,ERR,ERR,ERR,ERR,ERR,ERR,ERR,ERR,ERR,ERR,ERR,ERR,ERR,ERR,ERR,ERR,ERR,ERR,ERR,ERR,ERR,ERR,ERR,ERR,ERR,ERR,ERR,ERR,ERR,ERR,ERR,ERR,ERR,ERR,ERR,ERR,ERR,ERR,ERR,ERR,ERR,ERR,ERR,ERR,ERR,ERR,ERR,ERR,ERR,ERR,ERR,ERR,ERR,ERR,ERR,ERR,0.0,2.7184296605801213e+23,-100793952.0,0.0,0.0,1.3936040501711995e+18,7.805,0.0,0,0,4,0,7300,-0.0,0,0.0,0.0,0.0,0.0,0.0,0,0,0,0,0.0,0,0,0,0,0,0,0,0,0,0,0,0,0,0,0,0,0,0,0,0,0,0,0,0,0,0,0,0,0,0,0,0,0,32,30,30,62,65476,0,300,0,0,8,21553,0.0,-107605600.0,0.0,0.0,0.0,0.0,0.0,0.0,0.0,0.0,0.0,0.0,0.0,0.0,0.0,0.0,0.0,0.0,0.0,0.0,0.0,0.0,2.004,-0.0,2.004,0.0,0.0,0.0,0.0,0.0,5514.0,8608198656.0,6925.0,0.0,2.7184296605801213e+23,-0.0,0.0,0.0,0.0,0.0,0.0,63,-107615304.0,-0.0,0.0,0.0,0.0,0.0,0.0,0.0,0.0,0,0,0,0.0,0.0,0.0,0.0,0.0,0.0,0.0,0.0,0.0,0.0,0.0,0.0,0.0,0.0,0.0,0.0,0,-107875648.0,63,0.0,126,2.7184242562605685e+23,2.842318642297501e+23,ERR,ERR,ERR,ERR,ERR,ERR,ERR,ERR,ERR,ERR,ERR,ERR,ERR,ERR,ERR,ERR,ERR,ERR,ERR,ERR,ERR,ERR,ERR,ERR,ERR,ERR,ERR,ERR,ERR,ERR,ERR,ERR,ERR,ERR,ERR,ERR,ERR,ERR,ERR,ERR,ERR,ERR,ERR,ERR,ERR,ERR,ERR,ERR,ERR,ERR,ERR,ERR,ERR,ERR,ERR,ERR,ERR,ERR,ERR,ERR,ERR,ERR,ERR,ERR,ERR,ERR,ERR,34.0,80.0,35,0.0,0.0,0.0,0.0,0.0,0.0,0.0,0.0,0.0,0.0,0.0,0.0,0.0,0.0,0.0,0.0,64.8,0,116,56,49,65476,0,300,0,0,8,20529,65476,0,0,57672,80.0,0.0,0.0,0.0,0.0,0.0
2026-06-17T04:59:12,ERR,ERR,ERR,ERR,ERR,ERR,ERR,ERR,ERR,ERR,ERR,ERR,ERR,ERR,ERR,ERR,ERR,ERR,ERR,ERR,ERR,ERR,ERR,ERR,ERR,ERR,ERR,ERR,ERR,ERR,ERR,ERR,ERR,ERR,ERR,ERR,ERR,ERR,ERR,ERR,ERR,ERR,ERR,ERR,ERR,ERR,ERR,ERR,ERR,ERR,ERR,ERR,ERR,ERR,ERR,ERR,ERR,ERR,ERR,ERR,ERR,ERR,ERR,ERR,ERR,ERR,ERR,ERR,ERR,ERR,ERR,ERR,ERR,ERR,ERR,ERR,ERR,ERR,ERR,ERR,ERR,ERR,ERR,ERR,ERR,ERR,ERR,ERR,ERR,ERR,ERR,ERR,ERR,ERR,ERR,ERR,ERR,ERR,ERR,ERR,ERR,ERR,ERR,ERR,ERR,ERR,ERR,ERR,ERR,ERR,ERR,ERR,ERR,ERR,ERR,ERR,ERR,ERR,ERR,ERR,ERR,ERR,ERR,ERR,ERR,0.0,2.7184296605801213e+23,-100793952.0,0.0,0.0,1.3936040501711995e+18,7.805,0.0,0,0,4,0,7300,-0.0,0,0.0,0.0,0.0,0.0,0.0,0,0,0,0,0.0,0,0,0,0,0,0,0,0,0,0,0,0,0,0,0,0,0,0,0,0,0,0,0,0,0,0,0,0,0,0,0,0,0,32,30,30,62,65476,0,300,0,0,8,21553,0.0,-107605600.0,0.0,0.0,0.0,0.0,0.0,0.0,0.0,0.0,0.0,0.0,0.0,0.0,0.0,0.0,0.0,0.0,0.0,0.0,0.0,0.0,2.004,-0.0,2.004,0.0,0.0,0.0,0.0,0.0,5514.0,8608198656.0,6925.0,0.0,2.7184296605801213e+23,-0.0,0.0,0.0,0.0,0.0,0.0,63,-107615304.0,-0.0,0.0,0.0,0.0,0.0,0.0,0.0,0.0,0,0,0,0.0,0.0,0.0,0.0,0.0,0.0,0.0,0.0,0.0,0.0,0.0,0.0,0.0,0.0,0.0,0.0,0,-107875648.0,63,0.0,126,2.7184242562605685e+23,2.842318642297501e+23,ERR,ERR,ERR,ERR,ERR,ERR,ERR,ERR,ERR,ERR,ERR,ERR,ERR,ERR,ERR,ERR,ERR,ERR,ERR,ERR,ERR,ERR,ERR,ERR,ERR,ERR,ERR,ERR,ERR,ERR,ERR,ERR,ERR,ERR,ERR,ERR,ERR,ERR,ERR,ERR,ERR,ERR,ERR,ERR,ERR,ERR,ERR,ERR,ERR,ERR,ERR,ERR,ERR,ERR,ERR,ERR,ERR,ERR,ERR,ERR,ERR,ERR,ERR,ERR,ERR,ERR,ERR,34.0,80.0,35,0.0,0.0,0.0,0.0,0.0,0.0,0.0,0.0,0.0,0.0,0.0,0.0,0.0,0.0,0.0,0.0,64.4,0,116,56,49,65476,0,300,0,0,8,20529,65476,0,0,57672,80.0,0.0,0.0,0.0,0.0,0.0
2026-06-17T04:59:13,ERR,ERR,ERR,ERR,ERR,ERR,ERR,ERR,ERR,ERR,ERR,ERR,ERR,ERR,ERR,ERR,ERR,ERR,ERR,ERR,ERR,ERR,ERR,ERR,ERR,ERR,ERR,ERR,ERR,ERR,ERR,ERR,ERR,ERR,ERR,ERR,ERR,ERR,ERR,ERR,ERR,ERR,ERR,ERR,ERR,ERR,ERR,ERR,ERR,ERR,ERR,ERR,ERR,ERR,ERR,ERR,ERR,ERR,ERR,ERR,ERR,ERR,ERR,ERR,ERR,ERR,ERR,ERR,ERR,ERR,ERR,ERR,ERR,ERR,ERR,ERR,ERR,ERR,ERR,ERR,ERR,ERR,ERR,ERR,ERR,ERR,ERR,ERR,ERR,ERR,ERR,ERR,ERR,ERR,ERR,ERR,ERR,ERR,ERR,ERR,ERR,ERR,ERR,ERR,ERR,ERR,ERR,ERR,ERR,ERR,ERR,ERR,ERR,ERR,ERR,ERR,ERR,ERR,ERR,ERR,ERR,ERR,ERR,ERR,ERR,0.0,2.7184296605801213e+23,-100793952.0,0.0,0.0,1.3936040501711995e+18,7.805,0.0,0,0,4,0,7300,-0.0,0,0.0,0.0,0.0,0.0,0.0,0,0,0,0,0.0,0,0,0,0,0,0,0,0,0,0,0,0,0,0,0,0,0,0,0,0,0,0,0,0,0,0,0,0,0,0,0,0,0,32,30,30,62,65476,0,300,0,0,8,21553,0.0,-107605600.0,0.0,0.0,0.0,0.0,0.0,0.0,0.0,0.0,0.0,0.0,0.0,0.0,0.0,0.0,0.0,0.0,0.0,0.0,0.0,0.0,-0.0,-2.004,2.004,0.0,0.0,0.0,0.0,0.0,5514.0,-2.4229925162183003e+24,6941.0,0.0,2.7184296605801213e+23,-0.0,0.0,0.0,0.0,0.0,0.0,63,-107615304.0,126840709120.0,0.0,0.0,0.0,0.0,0.0,0.0,0.0,0,0,0,0.0,0.0,0.0,0.0,0.0,0.0,0.0,0.0,0.0,0.0,0.0,0.0,0.0,0.0,0.0,0.0,0,-107875648.0,63,0.0,126,2.7184242562605685e+23,2.842318642297501e+23,ERR,ERR,ERR,ERR,ERR,ERR,ERR,ERR,ERR,ERR,ERR,ERR,ERR,ERR,ERR,ERR,ERR,ERR,ERR,ERR,ERR,ERR,ERR,ERR,ERR,ERR,ERR,ERR,ERR,ERR,ERR,ERR,ERR,ERR,ERR,ERR,ERR,ERR,ERR,ERR,ERR,ERR,ERR,ERR,ERR,ERR,ERR,ERR,ERR,ERR,ERR,ERR,ERR,ERR,ERR,ERR,ERR,ERR,ERR,ERR,ERR,ERR,ERR,ERR,ERR,ERR,ERR,34.0,80.0,35,0.0,0.0,0.0,0.0,0.0,0.0,0.0,0.0,0.0,0.0,0.0,0.0,0.0,0.0,0.0,0.0,64.4,0,116,56,49,65476,0,300,0,0,8,20529,65476,0,0,57672,80.0,0.0,0.0,0.0,0.0,0.0
2026-06-17T04:59:14,ERR,ERR,ERR,ERR,ERR,ERR,ERR,ERR,ERR,ERR,ERR,ERR,ERR,ERR,ERR,ERR,ERR,ERR,ERR,ERR,ERR,ERR,ERR,ERR,ERR,ERR,ERR,ERR,ERR,ERR,ERR,ERR,ERR,ERR,ERR,ERR,ERR,ERR,ERR,ERR,ERR,ERR,ERR,ERR,ERR,ERR,ERR,ERR,ERR,ERR,ERR,ERR,ERR,ERR,ERR,ERR,ERR,ERR,ERR,ERR,ERR,ERR,ERR,ERR,ERR,ERR,ERR,ERR,ERR,ERR,ERR,ERR,ERR,ERR,ERR,ERR,ERR,ERR,ERR,ERR,ERR,ERR,ERR,ERR,ERR,ERR,ERR,ERR,ERR,ERR,ERR,ERR,ERR,ERR,ERR,ERR,ERR,ERR,ERR,ERR,ERR,ERR,ERR,ERR,ERR,ERR,ERR,ERR,ERR,ERR,ERR,ERR,ERR,ERR,ERR,ERR,ERR,ERR,ERR,ERR,ERR,ERR,ERR,ERR,ERR,0.0,2.7184296605801213e+23,-100793952.0,0.0,0.0,1.3936040501711995e+18,7.805,0.0,0,0,4,0,7300,-0.0,0,0.0,0.0,0.0,0.0,0.0,0,0,0,0,0.0,0,0,0,0,0,0,0,0,0,0,0,0,0,0,0,0,0,0,0,0,0,0,0,0,0,0,0,0,0,0,0,0,0,32,30,30,62,65476,0,300,0,0,8,21553,0.0,-107605600.0,0.0,0.0,0.0,0.0,0.0,0.0,0.0,0.0,0.0,0.0,0.0,0.0,0.0,0.0,0.0,0.0,0.0,0.0,0.0,0.0,-0.0,-2.004,2.004,0.0,0.0,0.0,0.0,0.0,5514.0,-2.4229925162183003e+24,6941.0,0.0,2.7184296605801213e+23,-0.0,0.0,0.0,0.0,0.0,0.0,63,-107615304.0,126840709120.0,0.0,0.0,0.0,0.0,0.0,0.0,0.0,0,0,0,0.0,0.0,0.0,0.0,0.0,0.0,0.0,0.0,0.0,0.0,0.0,0.0,0.0,0.0,0.0,0.0,0,-107875648.0,63,0.0,126,2.7184242562605685e+23,2.842318642297501e+23,ERR,ERR,ERR,ERR,ERR,ERR,ERR,ERR,ERR,ERR,ERR,ERR,ERR,ERR,ERR,ERR,ERR,ERR,ERR,ERR,ERR,ERR,ERR,ERR,ERR,ERR,ERR,ERR,ERR,ERR,ERR,ERR,ERR,ERR,ERR,ERR,ERR,ERR,ERR,ERR,ERR,ERR,ERR,ERR,ERR,ERR,ERR,ERR,ERR,ERR,ERR,ERR,ERR,ERR,ERR,ERR,ERR,ERR,ERR,ERR,ERR,ERR,ERR,ERR,ERR,ERR,ERR,34.0,80.0,35,0.0,0.0,0.0,0.0,0.0,0.0,0.0,0.0,0.0,0.0,0.0,0.0,0.0,0.0,0.0,0.0,64.8,0,116,56,49,65476,0,300,0,0,8,20529,65476,0,0,57672,80.0,0.0,0.0,0.0,0.0,0.0
2026-06-17T04:59:15,ERR,ERR,ERR,ERR,ERR,ERR,ERR,ERR,ERR,ERR,ERR,ERR,ERR,ERR,ERR,ERR,ERR,ERR,ERR,ERR,ERR,ERR,ERR,ERR,ERR,ERR,ERR,ERR,ERR,ERR,ERR,ERR,ERR,ERR,ERR,ERR,ERR,ERR,ERR,ERR,ERR,ERR,ERR,ERR,ERR,ERR,ERR,ERR,ERR,ERR,ERR,ERR,ERR,ERR,ERR,ERR,ERR,ERR,ERR,ERR,ERR,ERR,ERR,ERR,ERR,ERR,ERR,ERR,ERR,ERR,ERR,ERR,ERR,ERR,ERR,ERR,ERR,ERR,ERR,ERR,ERR,ERR,ERR,ERR,ERR,ERR,ERR,ERR,ERR,ERR,ERR,ERR,ERR,ERR,ERR,ERR,ERR,ERR,ERR,ERR,ERR,ERR,ERR,ERR,ERR,ERR,ERR,ERR,ERR,ERR,ERR,ERR,ERR,ERR,ERR,ERR,ERR,ERR,ERR,ERR,ERR,ERR,ERR,ERR,ERR,0.0,2.7184296605801213e+23,-100793952.0,0.0,0.0,1.3936040501711995e+18,7.805,0.0,0,0,4,0,7300,-0.0,0,0.0,0.0,0.0,0.0,0.0,0,0,0,0,0.0,0,0,0,0,0,0,0,0,0,0,0,0,0,0,0,0,0,0,0,0,0,0,0,0,0,0,0,0,0,0,0,0,0,32,30,30,62,65476,0,300,0,0,8,21553,0.0,-107605600.0,0.0,0.0,0.0,0.0,0.0,0.0,0.0,0.0,0.0,0.0,0.0,0.0,0.0,0.0,0.0,0.0,0.0,0.0,0.0,0.0,-0.0,-2.004,2.004,0.0,0.0,0.0,0.0,0.0,5514.0,-2.4229925162183003e+24,6941.0,0.0,2.7184296605801213e+23,-0.0,0.0,0.0,0.0,0.0,0.0,63,-107615304.0,126840709120.0,0.0,0.0,0.0,0.0,0.0,0.0,0.0,0,0,0,0.0,0.0,0.0,0.0,0.0,0.0,0.0,0.0,0.0,0.0,0.0,0.0,0.0,0.0,0.0,0.0,0,-107875648.0,63,0.0,126,2.7184242562605685e+23,2.842318642297501e+23,ERR,ERR,ERR,ERR,ERR,ERR,ERR,ERR,ERR,ERR,ERR,ERR,ERR,ERR,ERR,ERR,ERR,ERR,ERR,ERR,ERR,ERR,ERR,ERR,ERR,ERR,ERR,ERR,ERR,ERR,ERR,ERR,ERR,ERR,ERR,ERR,ERR,ERR,ERR,ERR,ERR,ERR,ERR,ERR,ERR,ERR,ERR,ERR,ERR,ERR,ERR,ERR,ERR,ERR,ERR,ERR,ERR,ERR,ERR,ERR,ERR,ERR,ERR,ERR,ERR,ERR,ERR,34.0,80.0,35,0.0,0.0,0.0,0.0,0.0,0.0,0.0,0.0,0.0,0.0,0.0,0.0,0.0,0.0,0.0,0.0,64.8,0,116,56,49,65476,0,300,0,0,8,20529,65476,0,0,57672,80.0,0.0,0.0,0.0,0.0,0.0
2026-06-17T04:59:16,ERR,ERR,ERR,ERR,ERR,ERR,ERR,ERR,ERR,ERR,ERR,ERR,ERR,ERR,ERR,ERR,ERR,ERR,ERR,ERR,ERR,ERR,ERR,ERR,ERR,ERR,ERR,ERR,ERR,ERR,ERR,ERR,ERR,ERR,ERR,ERR,ERR,ERR,ERR,ERR,ERR,ERR,ERR,ERR,ERR,ERR,ERR,ERR,ERR,ERR,ERR,ERR,ERR,ERR,ERR,ERR,ERR,ERR,ERR,ERR,ERR,ERR,ERR,ERR,ERR,ERR,ERR,ERR,ERR,ERR,ERR,ERR,ERR,ERR,ERR,ERR,ERR,ERR,ERR,ERR,ERR,ERR,ERR,ERR,ERR,ERR,ERR,ERR,ERR,ERR,ERR,ERR,ERR,ERR,ERR,ERR,ERR,ERR,ERR,ERR,ERR,ERR,ERR,ERR,ERR,ERR,ERR,ERR,ERR,ERR,ERR,ERR,ERR,ERR,ERR,ERR,ERR,ERR,ERR,ERR,ERR,ERR,ERR,ERR,ERR,0.0,2.7184296605801213e+23,-100793952.0,0.0,0.0,1.3936040501711995e+18,7.805,0.0,0,0,4,0,7300,-0.0,0,0.0,0.0,0.0,0.0,0.0,0,0,0,0,0.0,0,0,0,0,0,0,0,0,0,0,0,0,0,0,0,0,0,0,0,0,0,0,0,0,0,0,0,0,0,0,0,0,0,32,30,30,62,65476,0,300,0,0,8,21553,0.0,-107605600.0,0.0,0.0,0.0,0.0,0.0,0.0,0.0,0.0,0.0,0.0,0.0,0.0,0.0,0.0,0.0,0.0,0.0,0.0,0.0,0.0,-0.0,-2.004,2.004,0.0,0.0,0.0,0.0,0.0,5514.0,-2.4229925162183003e+24,6941.0,0.0,2.7184296605801213e+23,-0.0,0.0,0.0,0.0,0.0,0.0,63,-107615304.0,126840709120.0,0.0,0.0,0.0,0.0,0.0,0.0,0.0,0,0,0,0.0,0.0,0.0,0.0,0.0,0.0,0.0,0.0,0.0,0.0,0.0,0.0,0.0,0.0,0.0,0.0,0,-107875648.0,63,0.0,126,2.7184242562605685e+23,2.842318642297501e+23,ERR,ERR,ERR,ERR,ERR,ERR,ERR,ERR,ERR,ERR,ERR,ERR,ERR,ERR,ERR,ERR,ERR,ERR,ERR,ERR,ERR,ERR,ERR,ERR,ERR,ERR,ERR,ERR,ERR,ERR,ERR,ERR,ERR,ERR,ERR,ERR,ERR,ERR,ERR,ERR,ERR,ERR,ERR,ERR,ERR,ERR,ERR,ERR,ERR,ERR,ERR,ERR,ERR,ERR,ERR,ERR,ERR,ERR,ERR,ERR,ERR,ERR,ERR,ERR,ERR,ERR,ERR,34.0,80.0,35,0.0,0.0,0.0,0.0,0.0,0.0,0.0,0.0,0.0,0.0,0.0,0.0,0.0,0.0,0.0,0.0,64.8,0,116,56,49,65476,0,300,0,0,8,20529,65476,0,0,57672,80.0,0.0,0.0,0.0,0.0,0.0
2026-06-17T04:59:17,ERR,ERR,ERR,ERR,ERR,ERR,ERR,ERR,ERR,ERR,ERR,ERR,ERR,ERR,ERR,ERR,ERR,ERR,ERR,ERR,ERR,ERR,ERR,ERR,ERR,ERR,ERR,ERR,ERR,ERR,ERR,ERR,ERR,ERR,ERR,ERR,ERR,ERR,ERR,ERR,ERR,ERR,ERR,ERR,ERR,ERR,ERR,ERR,ERR,ERR,ERR,ERR,ERR,ERR,ERR,ERR,ERR,ERR,ERR,ERR,ERR,ERR,ERR,ERR,ERR,ERR,ERR,ERR,ERR,ERR,ERR,ERR,ERR,ERR,ERR,ERR,ERR,ERR,ERR,ERR,ERR,ERR,ERR,ERR,ERR,ERR,ERR,ERR,ERR,ERR,ERR,ERR,ERR,ERR,ERR,ERR,ERR,ERR,ERR,ERR,ERR,ERR,ERR,ERR,ERR,ERR,ERR,ERR,ERR,ERR,ERR,ERR,ERR,ERR,ERR,ERR,ERR,ERR,ERR,ERR,ERR,ERR,ERR,ERR,ERR,0.0,2.7184296605801213e+23,-100793952.0,0.0,0.0,1.3936040501711995e+18,7.805,0.0,0,0,4,0,7300,-0.0,0,0.0,0.0,0.0,0.0,0.0,0,0,0,0,0.0,0,0,0,0,0,0,0,0,0,0,0,0,0,0,0,0,0,0,0,0,0,0,0,0,0,0,0,0,0,0,0,0,0,32,30,30,62,65476,0,300,0,0,8,21553,0.0,-107605600.0,0.0,0.0,0.0,0.0,0.0,0.0,0.0,0.0,0.0,0.0,0.0,0.0,0.0,0.0,0.0,0.0,0.0,0.0,0.0,0.0,-0.0,-2.004,2.004,0.0,0.0,0.0,0.0,0.0,5514.0,-2.4229925162183003e+24,6941.0,0.0,2.7184296605801213e+23,-0.0,0.0,0.0,0.0,0.0,0.0,63,-107615304.0,126840709120.0,0.0,0.0,0.0,0.0,0.0,0.0,0.0,0,0,0,0.0,0.0,0.0,0.0,0.0,0.0,0.0,0.0,0.0,0.0,0.0,0.0,0.0,0.0,0.0,0.0,0,-107875648.0,63,0.0,126,2.7184242562605685e+23,2.842318642297501e+23,ERR,ERR,ERR,ERR,ERR,ERR,ERR,ERR,ERR,ERR,ERR,ERR,ERR,ERR,ERR,ERR,ERR,ERR,ERR,ERR,ERR,ERR,ERR,ERR,ERR,ERR,ERR,ERR,ERR,ERR,ERR,ERR,ERR,ERR,ERR,ERR,ERR,ERR,ERR,ERR,ERR,ERR,ERR,ERR,ERR,ERR,ERR,ERR,ERR,ERR,ERR,ERR,ERR,ERR,ERR,ERR,ERR,ERR,ERR,ERR,ERR,ERR,ERR,ERR,ERR,ERR,ERR,34.0,80.0,35,0.0,0.0,0.0,0.0,0.0,0.0,0.0,0.0,0.0,0.0,0.0,0.0,0.0,0.0,0.0,0.0,64.4,0,116,56,49,65476,0,300,0,0,8,20529,65476,0,0,57672,80.0,0.0,0.0,0.0,0.0,0.0
2026-06-17T04:59:18,ERR,ERR,ERR,ERR,ERR,ERR,ERR,ERR,ERR,ERR,ERR,ERR,ERR,ERR,ERR,ERR,ERR,ERR,ERR,ERR,ERR,ERR,ERR,ERR,ERR,ERR,ERR,ERR,ERR,ERR,ERR,ERR,ERR,ERR,ERR,ERR,ERR,ERR,ERR,ERR,ERR,ERR,ERR,ERR,ERR,ERR,ERR,ERR,ERR,ERR,ERR,ERR,ERR,ERR,ERR,ERR,ERR,ERR,ERR,ERR,ERR,ERR,ERR,ERR,ERR,ERR,ERR,ERR,ERR,ERR,ERR,ERR,ERR,ERR,ERR,ERR,ERR,ERR,ERR,ERR,ERR,ERR,ERR,ERR,ERR,ERR,ERR,ERR,ERR,ERR,ERR,ERR,ERR,ERR,ERR,ERR,ERR,ERR,ERR,ERR,ERR,ERR,ERR,ERR,ERR,ERR,ERR,ERR,ERR,ERR,ERR,ERR,ERR,ERR,ERR,ERR,ERR,ERR,ERR,ERR,ERR,ERR,ERR,ERR,ERR,0.0,-0.0,-0.0,0.0,0.0,1.3936040501711995e+18,7.805,0.0,0,0,4,0,7300,-0.0,0,0.0,0.0,0.0,0.0,0.0,0,0,0,0,0.0,0,0,0,0,0,0,0,0,0,0,0,0,0,0,0,0,0,0,0,0,0,0,0,0,0,0,0,0,0,0,0,0,0,32,30,30,62,65476,0,300,0,0,8,21553,0.0,-107605600.0,0.0,0.0,0.0,0.0,0.0,0.0,0.0,0.0,0.0,0.0,0.0,0.0,0.0,0.0,0.0,0.0,0.0,0.0,0.0,0.0,2.004,-0.0,2.004,0.0,0.0,0.0,0.0,0.0,5544.0,0.0,6917.0,0.0,-0.0,2.7184285797162108e+23,0.0,0.0,0.0,0.0,0.0,63,-71.63,-0.0,0.0,0.0,0.0,0.0,0.0,0.0,0.0,0,0,0,0.0,0.0,0.0,0.0,0.0,0.0,0.0,0.0,0.0,0.0,0.0,0.0,0.0,0.0,0.0,0.0,0,-107875648.0,63,0.0,126,2.7184242562605685e+23,2.842318642297501e+23,ERR,ERR,ERR,ERR,ERR,ERR,ERR,ERR,ERR,ERR,ERR,ERR,ERR,ERR,ERR,ERR,ERR,ERR,ERR,ERR,ERR,ERR,ERR,ERR,ERR,ERR,ERR,ERR,ERR,ERR,ERR,ERR,ERR,ERR,ERR,ERR,ERR,ERR,ERR,ERR,ERR,ERR,ERR,ERR,ERR,ERR,ERR,ERR,ERR,ERR,ERR,ERR,ERR,ERR,ERR,ERR,ERR,ERR,ERR,ERR,ERR,ERR,ERR,ERR,ERR,ERR,ERR,34.0,80.0,35,0.0,0.0,0.0,0.0,0.0,0.0,0.0,0.0,0.0,0.0,0.0,0.0,0.0,0.0,0.0,0.0,64.4,0,116,56,49,65476,0,300,0,0,8,20529,65476,0,0,57672,80.0,0.0,0.0,0.0,0.0,0.0
2026-06-17T04:59:19,ERR,ERR,ERR,ERR,ERR,ERR,ERR,ERR,ERR,ERR,ERR,ERR,ERR,ERR,ERR,ERR,ERR,ERR,ERR,ERR,ERR,ERR,ERR,ERR,ERR,ERR,ERR,ERR,ERR,ERR,ERR,ERR,ERR,ERR,ERR,ERR,ERR,ERR,ERR,ERR,ERR,ERR,ERR,ERR,ERR,ERR,ERR,ERR,ERR,ERR,ERR,ERR,ERR,ERR,ERR,ERR,ERR,ERR,ERR,ERR,ERR,ERR,ERR,ERR,ERR,ERR,ERR,ERR,ERR,ERR,ERR,ERR,ERR,ERR,ERR,ERR,ERR,ERR,ERR,ERR,ERR,ERR,ERR,ERR,ERR,ERR,ERR,ERR,ERR,ERR,ERR,ERR,ERR,ERR,ERR,ERR,ERR,ERR,ERR,ERR,ERR,ERR,ERR,ERR,ERR,ERR,ERR,ERR,ERR,ERR,ERR,ERR,ERR,ERR,ERR,ERR,ERR,ERR,ERR,ERR,ERR,ERR,ERR,ERR,ERR,0.0,-0.0,-0.0,0.0,0.0,1.3936040501711995e+18,7.805,0.0,0,0,4,0,7300,-0.0,0,0.0,0.0,0.0,0.0,0.0,0,0,0,0,0.0,0,0,0,0,0,0,0,0,0,0,0,0,0,0,0,0,0,0,0,0,0,0,0,0,0,0,0,0,0,0,0,0,0,32,30,30,62,65476,0,300,0,0,8,21553,0.0,-107605600.0,0.0,0.0,0.0,0.0,0.0,0.0,0.0,0.0,0.0,0.0,0.0,0.0,0.0,0.0,0.0,0.0,0.0,0.0,0.0,0.0,2.004,-0.0,2.004,0.0,0.0,0.0,0.0,0.0,5544.0,0.0,6917.0,0.0,-0.0,2.7184285797162108e+23,0.0,0.0,0.0,0.0,0.0,63,-71.63,-0.0,0.0,0.0,0.0,0.0,0.0,0.0,0.0,0,0,0,0.0,0.0,0.0,0.0,0.0,0.0,0.0,0.0,0.0,0.0,0.0,0.0,0.0,0.0,0.0,0.0,0,-107875648.0,63,0.0,126,2.7184242562605685e+23,2.842318642297501e+23,ERR,ERR,ERR,ERR,ERR,ERR,ERR,ERR,ERR,ERR,ERR,ERR,ERR,ERR,ERR,ERR,ERR,ERR,ERR,ERR,ERR,ERR,ERR,ERR,ERR,ERR,ERR,ERR,ERR,ERR,ERR,ERR,ERR,ERR,ERR,ERR,ERR,ERR,ERR,ERR,ERR,ERR,ERR,ERR,ERR,ERR,ERR,ERR,ERR,ERR,ERR,ERR,ERR,ERR,ERR,ERR,ERR,ERR,ERR,ERR,ERR,ERR,ERR,ERR,ERR,ERR,ERR,34.0,80.0,35,0.0,0.0,0.0,0.0,0.0,0.0,0.0,0.0,0.0,0.0,0.0,0.0,0.0,0.0,0.0,0.0,64.4,0,116,56,49,65476,0,300,0,0,8,20529,65476,0,0,57672,80.0,0.0,0.0,0.0,0.0,0.0
2026-06-17T04:59:20,ERR,ERR,ERR,ERR,ERR,ERR,ERR,ERR,ERR,ERR,ERR,ERR,ERR,ERR,ERR,ERR,ERR,ERR,ERR,ERR,ERR,ERR,ERR,ERR,ERR,ERR,ERR,ERR,ERR,ERR,ERR,ERR,ERR,ERR,ERR,ERR,ERR,ERR,ERR,ERR,ERR,ERR,ERR,ERR,ERR,ERR,ERR,ERR,ERR,ERR,ERR,ERR,ERR,ERR,ERR,ERR,ERR,ERR,ERR,ERR,ERR,ERR,ERR,ERR,ERR,ERR,ERR,ERR,ERR,ERR,ERR,ERR,ERR,ERR,ERR,ERR,ERR,ERR,ERR,ERR,ERR,ERR,ERR,ERR,ERR,ERR,ERR,ERR,ERR,ERR,ERR,ERR,ERR,ERR,ERR,ERR,ERR,ERR,ERR,ERR,ERR,ERR,ERR,ERR,ERR,ERR,ERR,ERR,ERR,ERR,ERR,ERR,ERR,ERR,ERR,ERR,ERR,ERR,ERR,ERR,ERR,ERR,ERR,ERR,ERR,0.0,-0.0,-0.0,0.0,0.0,1.3936040501711995e+18,7.805,0.0,0,0,4,0,7300,-0.0,0,0.0,0.0,0.0,0.0,0.0,0,0,0,0,0.0,0,0,0,0,0,0,0,0,0,0,0,0,0,0,0,0,0,0,0,0,0,0,0,0,0,0,0,0,0,0,0,0,0,32,30,30,62,65476,0,300,0,0,8,21553,0.0,-107605600.0,0.0,0.0,0.0,0.0,0.0,0.0,0.0,0.0,0.0,0.0,0.0,0.0,0.0,0.0,0.0,0.0,0.0,0.0,0.0,0.0,2.004,-0.0,2.004,0.0,0.0,0.0,0.0,0.0,5544.0,0.0,6917.0,0.0,-0.0,2.7184285797162108e+23,0.0,0.0,0.0,0.0,0.0,63,-71.63,-0.0,0.0,0.0,0.0,0.0,0.0,0.0,0.0,0,0,0,0.0,0.0,0.0,0.0,0.0,0.0,0.0,0.0,0.0,0.0,0.0,0.0,0.0,0.0,0.0,0.0,0,-107875648.0,63,0.0,126,2.7184242562605685e+23,2.842318642297501e+23,ERR,ERR,ERR,ERR,ERR,ERR,ERR,ERR,ERR,ERR,ERR,ERR,ERR,ERR,ERR,ERR,ERR,ERR,ERR,ERR,ERR,ERR,ERR,ERR,ERR,ERR,ERR,ERR,ERR,ERR,ERR,ERR,ERR,ERR,ERR,ERR,ERR,ERR,ERR,ERR,ERR,ERR,ERR,ERR,ERR,ERR,ERR,ERR,ERR,ERR,ERR,ERR,ERR,ERR,ERR,ERR,ERR,ERR,ERR,ERR,ERR,ERR,ERR,ERR,ERR,ERR,ERR,34.0,80.0,35,0.0,0.0,0.0,0.0,0.0,0.0,0.0,0.0,0.0,0.0,0.0,0.0,0.0,0.0,0.0,0.0,64.4,0,116,56,49,65476,0,300,0,0,8,20529,65476,0,0,57672,80.0,0.0,0.0,0.0,0.0,0.0
2026-06-17T04:59:21,ERR,ERR,ERR,ERR,ERR,ERR,ERR,ERR,ERR,ERR,ERR,ERR,ERR,ERR,ERR,ERR,ERR,ERR,ERR,ERR,ERR,ERR,ERR,ERR,ERR,ERR,ERR,ERR,ERR,ERR,ERR,ERR,ERR,ERR,ERR,ERR,ERR,ERR,ERR,ERR,ERR,ERR,ERR,ERR,ERR,ERR,ERR,ERR,ERR,ERR,ERR,ERR,ERR,ERR,ERR,ERR,ERR,ERR,ERR,ERR,ERR,ERR,ERR,ERR,ERR,ERR,ERR,ERR,ERR,ERR,ERR,ERR,ERR,ERR,ERR,ERR,ERR,ERR,ERR,ERR,ERR,ERR,ERR,ERR,ERR,ERR,ERR,ERR,ERR,ERR,ERR,ERR,ERR,ERR,ERR,ERR,ERR,ERR,ERR,ERR,ERR,ERR,ERR,ERR,ERR,ERR,ERR,ERR,ERR,ERR,ERR,ERR,ERR,ERR,ERR,ERR,ERR,ERR,ERR,ERR,ERR,ERR,ERR,ERR,ERR,0.0,-0.0,-0.0,0.0,0.0,1.3936040501711995e+18,7.805,0.0,0,0,4,0,7300,-0.0,0,0.0,0.0,0.0,0.0,0.0,0,0,0,0,0.0,0,0,0,0,0,0,0,0,0,0,0,0,0,0,0,0,0,0,0,0,0,0,0,0,0,0,0,0,0,0,0,0,0,32,30,30,62,65476,0,300,0,0,8,21553,0.0,-107605600.0,0.0,0.0,0.0,0.0,0.0,0.0,0.0,0.0,0.0,0.0,0.0,0.0,0.0,0.0,0.0,0.0,0.0,0.0,0.0,0.0,2.004,-0.0,2.004,0.0,0.0,0.0,0.0,0.0,5544.0,0.0,6917.0,0.0,-0.0,2.7184285797162108e+23,0.0,0.0,0.0,0.0,0.0,63,-71.63,-0.0,0.0,0.0,0.0,0.0,0.0,0.0,0.0,0,0,0,0.0,0.0,0.0,0.0,0.0,0.0,0.0,0.0,0.0,0.0,0.0,0.0,0.0,0.0,0.0,0.0,0,-107875648.0,63,0.0,126,2.7184242562605685e+23,2.842318642297501e+23,ERR,ERR,ERR,ERR,ERR,ERR,ERR,ERR,ERR,ERR,ERR,ERR,ERR,ERR,ERR,ERR,ERR,ERR,ERR,ERR,ERR,ERR,ERR,ERR,ERR,ERR,ERR,ERR,ERR,ERR,ERR,ERR,ERR,ERR,ERR,ERR,ERR,ERR,ERR,ERR,ERR,ERR,ERR,ERR,ERR,ERR,ERR,ERR,ERR,ERR,ERR,ERR,ERR,ERR,ERR,ERR,ERR,ERR,ERR,ERR,ERR,ERR,ERR,ERR,ERR,ERR,ERR,34.0,80.0,35,0.0,0.0,0.0,0.0,0.0,0.0,0.0,0.0,0.0,0.0,0.0,0.0,0.0,0.0,0.0,0.0,64.4,0,116,56,49,65476,0,300,0,0,8,20529,65476,0,0,57672,80.0,0.0,0.0,0.0,0.0,0.0
2026-06-17T04:59:22,ERR,ERR,ERR,ERR,ERR,ERR,ERR,ERR,ERR,ERR,ERR,ERR,ERR,ERR,ERR,ERR,ERR,ERR,ERR,ERR,ERR,ERR,ERR,ERR,ERR,ERR,ERR,ERR,ERR,ERR,ERR,ERR,ERR,ERR,ERR,ERR,ERR,ERR,ERR,ERR,ERR,ERR,ERR,ERR,ERR,ERR,ERR,ERR,ERR,ERR,ERR,ERR,ERR,ERR,ERR,ERR,ERR,ERR,ERR,ERR,ERR,ERR,ERR,ERR,ERR,ERR,ERR,ERR,ERR,ERR,ERR,ERR,ERR,ERR,ERR,ERR,ERR,ERR,ERR,ERR,ERR,ERR,ERR,ERR,ERR,ERR,ERR,ERR,ERR,ERR,ERR,ERR,ERR,ERR,ERR,ERR,ERR,ERR,ERR,ERR,ERR,ERR,ERR,ERR,ERR,ERR,ERR,ERR,ERR,ERR,ERR,ERR,ERR,ERR,ERR,ERR,ERR,ERR,ERR,ERR,ERR,ERR,ERR,ERR,ERR,0.0,-0.0,-0.0,0.0,0.0,1.3936040501711995e+18,7.805,0.0,0,0,4,0,7300,-0.0,0,0.0,0.0,0.0,0.0,0.0,0,0,0,0,0.0,0,0,0,0,0,0,0,0,0,0,0,0,0,0,0,0,0,0,0,0,0,0,0,0,0,0,0,0,0,0,0,0,0,32,30,30,62,65476,0,300,0,0,8,21553,0.0,-107605600.0,0.0,0.0,0.0,0.0,0.0,0.0,0.0,0.0,0.0,0.0,0.0,0.0,0.0,0.0,0.0,0.0,0.0,0.0,0.0,0.0,2.004,-0.0,2.004,0.0,0.0,0.0,0.0,0.0,5544.0,0.0,6917.0,0.0,-0.0,2.7184285797162108e+23,0.0,0.0,0.0,0.0,0.0,63,-71.63,-0.0,0.0,0.0,0.0,0.0,0.0,0.0,0.0,0,0,0,0.0,0.0,0.0,0.0,0.0,0.0,0.0,0.0,0.0,0.0,0.0,0.0,0.0,0.0,0.0,0.0,0,-107875648.0,63,0.0,126,2.7184242562605685e+23,2.842318642297501e+23,ERR,ERR,ERR,ERR,ERR,ERR,ERR,ERR,ERR,ERR,ERR,ERR,ERR,ERR,ERR,ERR,ERR,ERR,ERR,ERR,ERR,ERR,ERR,ERR,ERR,ERR,ERR,ERR,ERR,ERR,ERR,ERR,ERR,ERR,ERR,ERR,ERR,ERR,ERR,ERR,ERR,ERR,ERR,ERR,ERR,ERR,ERR,ERR,ERR,ERR,ERR,ERR,ERR,ERR,ERR,ERR,ERR,ERR,ERR,ERR,ERR,ERR,ERR,ERR,ERR,ERR,ERR,34.0,80.0,35,0.0,0.0,0.0,0.0,0.0,0.0,0.0,0.0,0.0,0.0,0.0,0.0,0.0,0.0,0.0,0.0,64.4,0,116,56,49,65476,0,300,0,0,8,20529,65476,0,0,57672,80.0,0.0,0.0,0.0,0.0,0.0
2026-06-17T04:59:23,ERR,ERR,ERR,ERR,ERR,ERR,ERR,ERR,ERR,ERR,ERR,ERR,ERR,ERR,ERR,ERR,ERR,ERR,ERR,ERR,ERR,ERR,ERR,ERR,ERR,ERR,ERR,ERR,ERR,ERR,ERR,ERR,ERR,ERR,ERR,ERR,ERR,ERR,ERR,ERR,ERR,ERR,ERR,ERR,ERR,ERR,ERR,ERR,ERR,ERR,ERR,ERR,ERR,ERR,ERR,ERR,ERR,ERR,ERR,ERR,ERR,ERR,ERR,ERR,ERR,ERR,ERR,ERR,ERR,ERR,ERR,ERR,ERR,ERR,ERR,ERR,ERR,ERR,ERR,ERR,ERR,ERR,ERR,ERR,ERR,ERR,ERR,ERR,ERR,ERR,ERR,ERR,ERR,ERR,ERR,ERR,ERR,ERR,ERR,ERR,ERR,ERR,ERR,ERR,ERR,ERR,ERR,ERR,ERR,ERR,ERR,ERR,ERR,ERR,ERR,ERR,ERR,ERR,ERR,ERR,ERR,ERR,ERR,ERR,ERR,0.0,2.7184296605801213e+23,-100793952.0,0.0,0.0,1.3936040501711995e+18,7.805,0.0,0,0,4,0,7300,-0.0,0,0.0,0.0,0.0,0.0,0.0,0,0,0,0,0.0,0,0,0,0,0,0,0,0,0,0,0,0,0,0,0,0,0,0,0,0,0,0,0,0,0,0,0,0,0,0,0,0,0,32,30,30,62,65476,0,300,0,0,8,21553,0.0,-107605600.0,0.0,0.0,0.0,0.0,0.0,0.0,0.0,0.0,0.0,0.0,0.0,0.0,0.0,0.0,0.0,0.0,0.0,0.0,0.0,0.0,-0.0,-0.0,2.004,0.0,0.0,0.0,0.0,0.0,5545.0,0.0,6913.0,0.0,2.7184296605801213e+23,-0.0,0.0,0.0,0.0,0.0,0.0,63,-89221.07,5.848064002116455e+35,0.0,0.0,0.0,0.0,0.0,0.0,0.0,0,0,0,0.0,0.0,0.0,0.0,0.0,0.0,0.0,0.0,0.0,0.0,0.0,0.0,0.0,0.0,0.0,0.0,0,-107875648.0,63,0.0,126,2.7184242562605685e+23,2.842318642297501e+23,ERR,ERR,ERR,ERR,ERR,ERR,ERR,ERR,ERR,ERR,ERR,ERR,ERR,ERR,ERR,ERR,ERR,ERR,ERR,ERR,ERR,ERR,ERR,ERR,ERR,ERR,ERR,ERR,ERR,ERR,ERR,ERR,ERR,ERR,ERR,ERR,ERR,ERR,ERR,ERR,ERR,ERR,ERR,ERR,ERR,ERR,ERR,ERR,ERR,ERR,ERR,ERR,ERR,ERR,ERR,ERR,ERR,ERR,ERR,ERR,ERR,ERR,ERR,ERR,ERR,ERR,ERR,34.0,80.0,35,0.0,0.0,0.0,0.0,0.0,0.0,0.0,0.0,0.0,0.0,0.0,0.0,0.0,0.0,0.0,0.0,64.4,0,116,56,49,65476,0,300,0,0,8,20529,65476,0,0,57672,80.0,0.0,0.0,0.0,0.0,0.0
2026-06-17T04:59:24,ERR,ERR,ERR,ERR,ERR,ERR,ERR,ERR,ERR,ERR,ERR,ERR,ERR,ERR,ERR,ERR,ERR,ERR,ERR,ERR,ERR,ERR,ERR,ERR,ERR,ERR,ERR,ERR,ERR,ERR,ERR,ERR,ERR,ERR,ERR,ERR,ERR,ERR,ERR,ERR,ERR,ERR,ERR,ERR,ERR,ERR,ERR,ERR,ERR,ERR,ERR,ERR,ERR,ERR,ERR,ERR,ERR,ERR,ERR,ERR,ERR,ERR,ERR,ERR,ERR,ERR,ERR,ERR,ERR,ERR,ERR,ERR,ERR,ERR,ERR,ERR,ERR,ERR,ERR,ERR,ERR,ERR,ERR,ERR,ERR,ERR,ERR,ERR,ERR,ERR,ERR,ERR,ERR,ERR,ERR,ERR,ERR,ERR,ERR,ERR,ERR,ERR,ERR,ERR,ERR,ERR,ERR,ERR,ERR,ERR,ERR,ERR,ERR,ERR,ERR,ERR,ERR,ERR,ERR,ERR,ERR,ERR,ERR,ERR,ERR,0.0,2.7184296605801213e+23,-100793952.0,0.0,0.0,1.3936040501711995e+18,7.805,0.0,0,0,4,0,7300,-0.0,0,0.0,0.0,0.0,0.0,0.0,0,0,0,0,0.0,0,0,0,0,0,0,0,0,0,0,0,0,0,0,0,0,0,0,0,0,0,0,0,0,0,0,0,0,0,0,0,0,0,32,30,30,62,65476,0,300,0,0,8,21553,0.0,-107605600.0,0.0,0.0,0.0,0.0,0.0,0.0,0.0,0.0,0.0,0.0,0.0,0.0,0.0,0.0,0.0,0.0,0.0,0.0,0.0,0.0,-0.0,-0.0,2.004,0.0,0.0,0.0,0.0,0.0,5545.0,0.0,6913.0,0.0,2.7184296605801213e+23,-0.0,0.0,0.0,0.0,0.0,0.0,63,-89221.07,5.848064002116455e+35,0.0,0.0,0.0,0.0,0.0,0.0,0.0,0,0,0,0.0,0.0,0.0,0.0,0.0,0.0,0.0,0.0,0.0,0.0,0.0,0.0,0.0,0.0,0.0,0.0,0,-107875648.0,63,0.0,126,2.7184242562605685e+23,2.842318642297501e+23,ERR,ERR,ERR,ERR,ERR,ERR,ERR,ERR,ERR,ERR,ERR,ERR,ERR,ERR,ERR,ERR,ERR,ERR,ERR,ERR,ERR,ERR,ERR,ERR,ERR,ERR,ERR,ERR,ERR,ERR,ERR,ERR,ERR,ERR,ERR,ERR,ERR,ERR,ERR,ERR,ERR,ERR,ERR,ERR,ERR,ERR,ERR,ERR,ERR,ERR,ERR,ERR,ERR,ERR,ERR,ERR,ERR,ERR,ERR,ERR,ERR,ERR,ERR,ERR,ERR,ERR,ERR,34.0,80.0,35,0.0,0.0,0.0,0.0,0.0,0.0,0.0,0.0,0.0,0.0,0.0,0.0,0.0,0.0,0.0,0.0,64.4,0,116,56,49,65476,0,300,0,0,8,20529,65476,0,0,57672,80.0,0.0,0.0,0.0,0.0,0.0
2026-06-17T04:59:25,ERR,ERR,ERR,ERR,ERR,ERR,ERR,ERR,ERR,ERR,ERR,ERR,ERR,ERR,ERR,ERR,ERR,ERR,ERR,ERR,ERR,ERR,ERR,ERR,ERR,ERR,ERR,ERR,ERR,ERR,ERR,ERR,ERR,ERR,ERR,ERR,ERR,ERR,ERR,ERR,ERR,ERR,ERR,ERR,ERR,ERR,ERR,ERR,ERR,ERR,ERR,ERR,ERR,ERR,ERR,ERR,ERR,ERR,ERR,ERR,ERR,ERR,ERR,ERR,ERR,ERR,ERR,ERR,ERR,ERR,ERR,ERR,ERR,ERR,ERR,ERR,ERR,ERR,ERR,ERR,ERR,ERR,ERR,ERR,ERR,ERR,ERR,ERR,ERR,ERR,ERR,ERR,ERR,ERR,ERR,ERR,ERR,ERR,ERR,ERR,ERR,ERR,ERR,ERR,ERR,ERR,ERR,ERR,ERR,ERR,ERR,ERR,ERR,ERR,ERR,ERR,ERR,ERR,ERR,ERR,ERR,ERR,ERR,ERR,ERR,0.0,2.7184296605801213e+23,-100793952.0,0.0,0.0,1.3936040501711995e+18,7.805,0.0,0,0,4,0,7300,-0.0,0,0.0,0.0,0.0,0.0,0.0,0,0,0,0,0.0,0,0,0,0,0,0,0,0,0,0,0,0,0,0,0,0,0,0,0,0,0,0,0,0,0,0,0,0,0,0,0,0,0,32,30,30,62,65476,0,300,0,0,8,21553,0.0,-107605600.0,0.0,0.0,0.0,0.0,0.0,0.0,0.0,0.0,0.0,0.0,0.0,0.0,0.0,0.0,0.0,0.0,0.0,0.0,0.0,0.0,-0.0,-0.0,2.004,0.0,0.0,0.0,0.0,0.0,5545.0,0.0,6913.0,0.0,2.7184296605801213e+23,-0.0,0.0,0.0,0.0,0.0,0.0,63,-89221.07,5.848064002116455e+35,0.0,0.0,0.0,0.0,0.0,0.0,0.0,0,0,0,0.0,0.0,0.0,0.0,0.0,0.0,0.0,0.0,0.0,0.0,0.0,0.0,0.0,0.0,0.0,0.0,0,-107875648.0,63,0.0,126,2.7184242562605685e+23,2.842318642297501e+23,ERR,ERR,ERR,ERR,ERR,ERR,ERR,ERR,ERR,ERR,ERR,ERR,ERR,ERR,ERR,ERR,ERR,ERR,ERR,ERR,ERR,ERR,ERR,ERR,ERR,ERR,ERR,ERR,ERR,ERR,ERR,ERR,ERR,ERR,ERR,ERR,ERR,ERR,ERR,ERR,ERR,ERR,ERR,ERR,ERR,ERR,ERR,ERR,ERR,ERR,ERR,ERR,ERR,ERR,ERR,ERR,ERR,ERR,ERR,ERR,ERR,ERR,ERR,ERR,ERR,ERR,ERR,34.0,80.0,35,0.0,0.0,0.0,0.0,0.0,0.0,0.0,0.0,0.0,0.0,0.0,0.0,0.0,0.0,0.0,0.0,64.4,0,116,56,49,65476,0,300,0,0,8,20529,65476,0,0,57672,80.0,0.0,0.0,0.0,0.0,0.0
2026-06-17T04:59:26,ERR,ERR,ERR,ERR,ERR,ERR,ERR,ERR,ERR,ERR,ERR,ERR,ERR,ERR,ERR,ERR,ERR,ERR,ERR,ERR,ERR,ERR,ERR,ERR,ERR,ERR,ERR,ERR,ERR,ERR,ERR,ERR,ERR,ERR,ERR,ERR,ERR,ERR,ERR,ERR,ERR,ERR,ERR,ERR,ERR,ERR,ERR,ERR,ERR,ERR,ERR,ERR,ERR,ERR,ERR,ERR,ERR,ERR,ERR,ERR,ERR,ERR,ERR,ERR,ERR,ERR,ERR,ERR,ERR,ERR,ERR,ERR,ERR,ERR,ERR,ERR,ERR,ERR,ERR,ERR,ERR,ERR,ERR,ERR,ERR,ERR,ERR,ERR,ERR,ERR,ERR,ERR,ERR,ERR,ERR,ERR,ERR,ERR,ERR,ERR,ERR,ERR,ERR,ERR,ERR,ERR,ERR,ERR,ERR,ERR,ERR,ERR,ERR,ERR,ERR,ERR,ERR,ERR,ERR,ERR,ERR,ERR,ERR,ERR,ERR,0.0,2.7184296605801213e+23,-100793952.0,0.0,0.0,1.3936040501711995e+18,7.805,0.0,0,0,4,0,7300,-0.0,0,0.0,0.0,0.0,0.0,0.0,0,0,0,0,0.0,0,0,0,0,0,0,0,0,0,0,0,0,0,0,0,0,0,0,0,0,0,0,0,0,0,0,0,0,0,0,0,0,0,32,30,30,62,65476,0,300,0,0,8,21553,0.0,-107605600.0,0.0,0.0,0.0,0.0,0.0,0.0,0.0,0.0,0.0,0.0,0.0,0.0,0.0,0.0,0.0,0.0,0.0,0.0,0.0,0.0,-0.0,-0.0,2.004,0.0,0.0,0.0,0.0,0.0,5545.0,0.0,6913.0,0.0,2.7184296605801213e+23,-0.0,0.0,0.0,0.0,0.0,0.0,63,-89221.07,5.848064002116455e+35,0.0,0.0,0.0,0.0,0.0,0.0,0.0,0,0,0,0.0,0.0,0.0,0.0,0.0,0.0,0.0,0.0,0.0,0.0,0.0,0.0,0.0,0.0,0.0,0.0,0,-107875648.0,63,0.0,126,2.7184242562605685e+23,2.842318642297501e+23,ERR,ERR,ERR,ERR,ERR,ERR,ERR,ERR,ERR,ERR,ERR,ERR,ERR,ERR,ERR,ERR,ERR,ERR,ERR,ERR,ERR,ERR,ERR,ERR,ERR,ERR,ERR,ERR,ERR,ERR,ERR,ERR,ERR,ERR,ERR,ERR,ERR,ERR,ERR,ERR,ERR,ERR,ERR,ERR,ERR,ERR,ERR,ERR,ERR,ERR,ERR,ERR,ERR,ERR,ERR,ERR,ERR,ERR,ERR,ERR,ERR,ERR,ERR,ERR,ERR,ERR,ERR,34.0,80.0,35,0.0,0.0,0.0,0.0,0.0,0.0,0.0,0.0,0.0,0.0,0.0,0.0,0.0,0.0,0.0,0.0,64.4,0,116,56,49,65476,0,300,0,0,8,20529,65476,0,0,57672,80.0,0.0,0.0,0.0,0.0,0.0
2026-06-17T04:59:27,ERR,ERR,ERR,ERR,ERR,ERR,ERR,ERR,ERR,ERR,ERR,ERR,ERR,ERR,ERR,ERR,ERR,ERR,ERR,ERR,ERR,ERR,ERR,ERR,ERR,ERR,ERR,ERR,ERR,ERR,ERR,ERR,ERR,ERR,ERR,ERR,ERR,ERR,ERR,ERR,ERR,ERR,ERR,ERR,ERR,ERR,ERR,ERR,ERR,ERR,ERR,ERR,ERR,ERR,ERR,ERR,ERR,ERR,ERR,ERR,ERR,ERR,ERR,ERR,ERR,ERR,ERR,ERR,ERR,ERR,ERR,ERR,ERR,ERR,ERR,ERR,ERR,ERR,ERR,ERR,ERR,ERR,ERR,ERR,ERR,ERR,ERR,ERR,ERR,ERR,ERR,ERR,ERR,ERR,ERR,ERR,ERR,ERR,ERR,ERR,ERR,ERR,ERR,ERR,ERR,ERR,ERR,ERR,ERR,ERR,ERR,ERR,ERR,ERR,ERR,ERR,ERR,ERR,ERR,ERR,ERR,ERR,ERR,ERR,ERR,0.0,2.7184296605801213e+23,-100793952.0,0.0,0.0,1.3936040501711995e+18,7.805,0.0,0,0,4,0,7300,-0.0,0,0.0,0.0,0.0,0.0,0.0,0,0,0,0,0.0,0,0,0,0,0,0,0,0,0,0,0,0,0,0,0,0,0,0,0,0,0,0,0,0,0,0,0,0,0,0,0,0,0,32,30,30,62,65476,0,300,0,0,8,21553,0.0,-107605600.0,0.0,0.0,0.0,0.0,0.0,0.0,0.0,0.0,0.0,0.0,0.0,0.0,0.0,0.0,0.0,0.0,0.0,0.0,0.0,0.0,-0.0,-0.0,2.004,0.0,0.0,0.0,0.0,0.0,5545.0,0.0,6913.0,0.0,2.7184296605801213e+23,-0.0,0.0,0.0,0.0,0.0,0.0,63,-89221.07,5.848064002116455e+35,0.0,0.0,0.0,0.0,0.0,0.0,0.0,0,0,0,0.0,0.0,0.0,0.0,0.0,0.0,0.0,0.0,0.0,0.0,0.0,0.0,0.0,0.0,0.0,0.0,0,-107875648.0,63,0.0,126,2.7184242562605685e+23,2.842318642297501e+23,ERR,ERR,ERR,ERR,ERR,ERR,ERR,ERR,ERR,ERR,ERR,ERR,ERR,ERR,ERR,ERR,ERR,ERR,ERR,ERR,ERR,ERR,ERR,ERR,ERR,ERR,ERR,ERR,ERR,ERR,ERR,ERR,ERR,ERR,ERR,ERR,ERR,ERR,ERR,ERR,ERR,ERR,ERR,ERR,ERR,ERR,ERR,ERR,ERR,ERR,ERR,ERR,ERR,ERR,ERR,ERR,ERR,ERR,ERR,ERR,ERR,ERR,ERR,ERR,ERR,ERR,ERR,34.0,80.0,35,0.0,0.0,0.0,0.0,0.0,0.0,0.0,0.0,0.0,0.0,0.0,0.0,0.0,0.0,0.0,0.0,64.4,0,116,56,49,65476,0,300,0,0,8,20529,65476,0,0,57672,80.0,0.0,0.0,0.0,0.0,0.0
2026-06-17T04:59:28,ERR,ERR,ERR,ERR,ERR,ERR,ERR,ERR,ERR,ERR,ERR,ERR,ERR,ERR,ERR,ERR,ERR,ERR,ERR,ERR,ERR,ERR,ERR,ERR,ERR,ERR,ERR,ERR,ERR,ERR,ERR,ERR,ERR,ERR,ERR,ERR,ERR,ERR,ERR,ERR,ERR,ERR,ERR,ERR,ERR,ERR,ERR,ERR,ERR,ERR,ERR,ERR,ERR,ERR,ERR,ERR,ERR,ERR,ERR,ERR,ERR,ERR,ERR,ERR,ERR,ERR,ERR,ERR,ERR,ERR,ERR,ERR,ERR,ERR,ERR,ERR,ERR,ERR,ERR,ERR,ERR,ERR,ERR,ERR,ERR,ERR,ERR,ERR,ERR,ERR,ERR,ERR,ERR,ERR,ERR,ERR,ERR,ERR,ERR,ERR,ERR,ERR,ERR,ERR,ERR,ERR,ERR,ERR,ERR,ERR,ERR,ERR,ERR,ERR,ERR,ERR,ERR,ERR,ERR,ERR,ERR,ERR,ERR,ERR,ERR,0.0,-0.0,3.028208139652935e+23,0.0,0.0,1.3936040501711995e+18,7.805,0.0,0,0,4,0,7300,-0.0,0,0.0,0.0,0.0,0.0,0.0,0,0,0,0,0.0,0,0,0,0,0,0,0,0,0,0,0,0,0,0,0,0,0,0,0,0,0,0,0,0,0,0,0,0,0,0,0,0,0,32,30,30,62,65476,0,300,0,0,8,21553,0.0,-107605600.0,0.0,0.0,0.0,0.0,0.0,0.0,0.0,0.0,0.0,0.0,0.0,0.0,0.0,0.0,0.0,0.0,0.0,0.0,0.0,0.0,-0.0,-0.0,2.004,0.0,0.0,0.0,0.0,0.0,5511.0,-8608198656.0,6938.0,0.0,-0.0,-0.0,0.0,0.0,0.0,0.0,0.0,63,-0.059,0.0,0.0,0.0,0.0,0.0,0.0,0.0,0.0,0,0,0,0.0,0.0,0.0,0.0,0.0,0.0,0.0,0.0,0.0,0.0,0.0,0.0,0.0,0.0,0.0,0.0,0,-107875648.0,63,0.0,126,2.7184242562605685e+23,2.842318642297501e+23,ERR,ERR,ERR,ERR,ERR,ERR,ERR,ERR,ERR,ERR,ERR,ERR,ERR,ERR,ERR,ERR,ERR,ERR,ERR,ERR,ERR,ERR,ERR,ERR,ERR,ERR,ERR,ERR,ERR,ERR,ERR,ERR,ERR,ERR,ERR,ERR,ERR,ERR,ERR,ERR,ERR,ERR,ERR,ERR,ERR,ERR,ERR,ERR,ERR,ERR,ERR,ERR,ERR,ERR,ERR,ERR,ERR,ERR,ERR,ERR,ERR,ERR,ERR,ERR,ERR,ERR,ERR,34.0,80.0,35,0.0,0.0,0.0,0.0,0.0,0.0,0.0,0.0,0.0,0.0,0.0,0.0,0.0,0.0,0.0,0.0,64.8,0,116,56,49,65476,0,300,0,0,8,20529,65476,0,0,57672,80.0,0.0,0.0,0.0,0.0,0.0
2026-06-17T04:59:29,ERR,ERR,ERR,ERR,ERR,ERR,ERR,ERR,ERR,ERR,ERR,ERR,ERR,ERR,ERR,ERR,ERR,ERR,ERR,ERR,ERR,ERR,ERR,ERR,ERR,ERR,ERR,ERR,ERR,ERR,ERR,ERR,ERR,ERR,ERR,ERR,ERR,ERR,ERR,ERR,ERR,ERR,ERR,ERR,ERR,ERR,ERR,ERR,ERR,ERR,ERR,ERR,ERR,ERR,ERR,ERR,ERR,ERR,ERR,ERR,ERR,ERR,ERR,ERR,ERR,ERR,ERR,ERR,ERR,ERR,ERR,ERR,ERR,ERR,ERR,ERR,ERR,ERR,ERR,ERR,ERR,ERR,ERR,ERR,ERR,ERR,ERR,ERR,ERR,ERR,ERR,ERR,ERR,ERR,ERR,ERR,ERR,ERR,ERR,ERR,ERR,ERR,ERR,ERR,ERR,ERR,ERR,ERR,ERR,ERR,ERR,ERR,ERR,ERR,ERR,ERR,ERR,ERR,ERR,ERR,ERR,ERR,ERR,ERR,ERR,0.0,-0.0,3.028208139652935e+23,0.0,0.0,1.3936040501711995e+18,7.805,0.0,0,0,4,0,7300,-0.0,0,0.0,0.0,0.0,0.0,0.0,0,0,0,0,0.0,0,0,0,0,0,0,0,0,0,0,0,0,0,0,0,0,0,0,0,0,0,0,0,0,0,0,0,0,0,0,0,0,0,32,30,30,62,65476,0,300,0,0,8,21553,0.0,-107605600.0,0.0,0.0,0.0,0.0,0.0,0.0,0.0,0.0,0.0,0.0,0.0,0.0,0.0,0.0,0.0,0.0,0.0,0.0,0.0,0.0,-0.0,-0.0,2.004,0.0,0.0,0.0,0.0,0.0,5511.0,-8608198656.0,6938.0,0.0,-0.0,-0.0,0.0,0.0,0.0,0.0,0.0,63,-0.059,0.0,0.0,0.0,0.0,0.0,0.0,0.0,0.0,0,0,0,0.0,0.0,0.0,0.0,0.0,0.0,0.0,0.0,0.0,0.0,0.0,0.0,0.0,0.0,0.0,0.0,0,-107875648.0,63,0.0,126,2.7184242562605685e+23,2.842318642297501e+23,ERR,ERR,ERR,ERR,ERR,ERR,ERR,ERR,ERR,ERR,ERR,ERR,ERR,ERR,ERR,ERR,ERR,ERR,ERR,ERR,ERR,ERR,ERR,ERR,ERR,ERR,ERR,ERR,ERR,ERR,ERR,ERR,ERR,ERR,ERR,ERR,ERR,ERR,ERR,ERR,ERR,ERR,ERR,ERR,ERR,ERR,ERR,ERR,ERR,ERR,ERR,ERR,ERR,ERR,ERR,ERR,ERR,ERR,ERR,ERR,ERR,ERR,ERR,ERR,ERR,ERR,ERR,34.0,80.0,35,0.0,0.0,0.0,0.0,0.0,0.0,0.0,0.0,0.0,0.0,0.0,0.0,0.0,0.0,0.0,0.0,64.8,0,116,56,49,65476,0,300,0,0,8,20529,65476,0,0,57672,80.0,0.0,0.0,0.0,0.0,0.0
2026-06-17T04:59:30,ERR,ERR,ERR,ERR,ERR,ERR,ERR,ERR,ERR,ERR,ERR,ERR,ERR,ERR,ERR,ERR,ERR,ERR,ERR,ERR,ERR,ERR,ERR,ERR,ERR,ERR,ERR,ERR,ERR,ERR,ERR,ERR,ERR,ERR,ERR,ERR,ERR,ERR,ERR,ERR,ERR,ERR,ERR,ERR,ERR,ERR,ERR,ERR,ERR,ERR,ERR,ERR,ERR,ERR,ERR,ERR,ERR,ERR,ERR,ERR,ERR,ERR,ERR,ERR,ERR,ERR,ERR,ERR,ERR,ERR,ERR,ERR,ERR,ERR,ERR,ERR,ERR,ERR,ERR,ERR,ERR,ERR,ERR,ERR,ERR,ERR,ERR,ERR,ERR,ERR,ERR,ERR,ERR,ERR,ERR,ERR,ERR,ERR,ERR,ERR,ERR,ERR,ERR,ERR,ERR,ERR,ERR,ERR,ERR,ERR,ERR,ERR,ERR,ERR,ERR,ERR,ERR,ERR,ERR,ERR,ERR,ERR,ERR,ERR,ERR,0.0,-0.0,3.028208139652935e+23,0.0,0.0,1.3936040501711995e+18,7.805,0.0,0,0,4,0,7300,-0.0,0,0.0,0.0,0.0,0.0,0.0,0,0,0,0,0.0,0,0,0,0,0,0,0,0,0,0,0,0,0,0,0,0,0,0,0,0,0,0,0,0,0,0,0,0,0,0,0,0,0,32,30,30,62,65476,0,300,0,0,8,21553,0.0,-107605600.0,0.0,0.0,0.0,0.0,0.0,0.0,0.0,0.0,0.0,0.0,0.0,0.0,0.0,0.0,0.0,0.0,0.0,0.0,0.0,0.0,-0.0,-0.0,2.004,0.0,0.0,0.0,0.0,0.0,5511.0,-8608198656.0,6938.0,0.0,-0.0,-0.0,0.0,0.0,0.0,0.0,0.0,63,-0.059,0.0,0.0,0.0,0.0,0.0,0.0,0.0,0.0,0,0,0,0.0,0.0,0.0,0.0,0.0,0.0,0.0,0.0,0.0,0.0,0.0,0.0,0.0,0.0,0.0,0.0,0,-107875648.0,63,0.0,126,2.7184242562605685e+23,2.842318642297501e+23,ERR,ERR,ERR,ERR,ERR,ERR,ERR,ERR,ERR,ERR,ERR,ERR,ERR,ERR,ERR,ERR,ERR,ERR,ERR,ERR,ERR,ERR,ERR,ERR,ERR,ERR,ERR,ERR,ERR,ERR,ERR,ERR,ERR,ERR,ERR,ERR,ERR,ERR,ERR,ERR,ERR,ERR,ERR,ERR,ERR,ERR,ERR,ERR,ERR,ERR,ERR,ERR,ERR,ERR,ERR,ERR,ERR,ERR,ERR,ERR,ERR,ERR,ERR,ERR,ERR,ERR,ERR,34.0,80.0,35,0.0,0.0,0.0,0.0,0.0,0.0,0.0,0.0,0.0,0.0,0.0,0.0,0.0,0.0,0.0,0.0,64.4,0,116,56,49,65476,0,300,0,0,8,20529,65476,0,0,57672,80.0,0.0,0.0,0.0,0.0,0.0
2026-06-17T04:59:31,ERR,ERR,ERR,ERR,ERR,ERR,ERR,ERR,ERR,ERR,ERR,ERR,ERR,ERR,ERR,ERR,ERR,ERR,ERR,ERR,ERR,ERR,ERR,ERR,ERR,ERR,ERR,ERR,ERR,ERR,ERR,ERR,ERR,ERR,ERR,ERR,ERR,ERR,ERR,ERR,ERR,ERR,ERR,ERR,ERR,ERR,ERR,ERR,ERR,ERR,ERR,ERR,ERR,ERR,ERR,ERR,ERR,ERR,ERR,ERR,ERR,ERR,ERR,ERR,ERR,ERR,ERR,ERR,ERR,ERR,ERR,ERR,ERR,ERR,ERR,ERR,ERR,ERR,ERR,ERR,ERR,ERR,ERR,ERR,ERR,ERR,ERR,ERR,ERR,ERR,ERR,ERR,ERR,ERR,ERR,ERR,ERR,ERR,ERR,ERR,ERR,ERR,ERR,ERR,ERR,ERR,ERR,ERR,ERR,ERR,ERR,ERR,ERR,ERR,ERR,ERR,ERR,ERR,ERR,ERR,ERR,ERR,ERR,ERR,ERR,0.0,-0.0,3.028208139652935e+23,0.0,0.0,1.3936040501711995e+18,7.805,0.0,0,0,4,0,7300,-0.0,0,0.0,0.0,0.0,0.0,0.0,0,0,0,0,0.0,0,0,0,0,0,0,0,0,0,0,0,0,0,0,0,0,0,0,0,0,0,0,0,0,0,0,0,0,0,0,0,0,0,32,30,30,62,65476,0,300,0,0,8,21553,0.0,-107605600.0,0.0,0.0,0.0,0.0,0.0,0.0,0.0,0.0,0.0,0.0,0.0,0.0,0.0,0.0,0.0,0.0,0.0,0.0,0.0,0.0,-0.0,-0.0,2.004,0.0,0.0,0.0,0.0,0.0,5511.0,-8608198656.0,6938.0,0.0,-0.0,-0.0,0.0,0.0,0.0,0.0,0.0,63,-0.059,0.0,0.0,0.0,0.0,0.0,0.0,0.0,0.0,0,0,0,0.0,0.0,0.0,0.0,0.0,0.0,0.0,0.0,0.0,0.0,0.0,0.0,0.0,0.0,0.0,0.0,0,-107875648.0,63,0.0,126,2.7184242562605685e+23,2.842318642297501e+23,ERR,ERR,ERR,ERR,ERR,ERR,ERR,ERR,ERR,ERR,ERR,ERR,ERR,ERR,ERR,ERR,ERR,ERR,ERR,ERR,ERR,ERR,ERR,ERR,ERR,ERR,ERR,ERR,ERR,ERR,ERR,ERR,ERR,ERR,ERR,ERR,ERR,ERR,ERR,ERR,ERR,ERR,ERR,ERR,ERR,ERR,ERR,ERR,ERR,ERR,ERR,ERR,ERR,ERR,ERR,ERR,ERR,ERR,ERR,ERR,ERR,ERR,ERR,ERR,ERR,ERR,ERR,34.0,80.0,35,0.0,0.0,0.0,0.0,0.0,0.0,0.0,0.0,0.0,0.0,0.0,0.0,0.0,0.0,0.0,0.0,64.4,0,116,56,49,65476,0,300,0,0,8,20529,65476,0,0,57672,80.0,0.0,0.0,0.0,0.0,0.0
2026-06-17T04:59:32,ERR,ERR,ERR,ERR,ERR,ERR,ERR,ERR,ERR,ERR,ERR,ERR,ERR,ERR,ERR,ERR,ERR,ERR,ERR,ERR,ERR,ERR,ERR,ERR,ERR,ERR,ERR,ERR,ERR,ERR,ERR,ERR,ERR,ERR,ERR,ERR,ERR,ERR,ERR,ERR,ERR,ERR,ERR,ERR,ERR,ERR,ERR,ERR,ERR,ERR,ERR,ERR,ERR,ERR,ERR,ERR,ERR,ERR,ERR,ERR,ERR,ERR,ERR,ERR,ERR,ERR,ERR,ERR,ERR,ERR,ERR,ERR,ERR,ERR,ERR,ERR,ERR,ERR,ERR,ERR,ERR,ERR,ERR,ERR,ERR,ERR,ERR,ERR,ERR,ERR,ERR,ERR,ERR,ERR,ERR,ERR,ERR,ERR,ERR,ERR,ERR,ERR,ERR,ERR,ERR,ERR,ERR,ERR,ERR,ERR,ERR,ERR,ERR,ERR,ERR,ERR,ERR,ERR,ERR,ERR,ERR,ERR,ERR,ERR,ERR,0.0,-0.0,3.028208139652935e+23,0.0,0.0,1.3936040501711995e+18,7.805,0.0,0,0,4,0,7300,-0.0,0,0.0,0.0,0.0,0.0,0.0,0,0,0,0,0.0,0,0,0,0,0,0,0,0,0,0,0,0,0,0,0,0,0,0,0,0,0,0,0,0,0,0,0,0,0,0,0,0,0,32,30,30,62,65476,0,300,0,0,8,21553,0.0,-107605600.0,0.0,0.0,0.0,0.0,0.0,0.0,0.0,0.0,0.0,0.0,0.0,0.0,0.0,0.0,0.0,0.0,0.0,0.0,0.0,0.0,-0.0,-0.0,2.004,0.0,0.0,0.0,0.0,0.0,5511.0,-8608198656.0,6938.0,0.0,-0.0,-0.0,0.0,0.0,0.0,0.0,0.0,63,-0.059,0.0,0.0,0.0,0.0,0.0,0.0,0.0,0.0,0,0,0,0.0,0.0,0.0,0.0,0.0,0.0,0.0,0.0,0.0,0.0,0.0,0.0,0.0,0.0,0.0,0.0,0,-107875648.0,63,0.0,126,2.7184242562605685e+23,2.842318642297501e+23,ERR,ERR,ERR,ERR,ERR,ERR,ERR,ERR,ERR,ERR,ERR,ERR,ERR,ERR,ERR,ERR,ERR,ERR,ERR,ERR,ERR,ERR,ERR,ERR,ERR,ERR,ERR,ERR,ERR,ERR,ERR,ERR,ERR,ERR,ERR,ERR,ERR,ERR,ERR,ERR,ERR,ERR,ERR,ERR,ERR,ERR,ERR,ERR,ERR,ERR,ERR,ERR,ERR,ERR,ERR,ERR,ERR,ERR,ERR,ERR,ERR,ERR,ERR,ERR,ERR,ERR,ERR,34.0,80.0,35,0.0,0.0,0.0,0.0,0.0,0.0,0.0,0.0,0.0,0.0,0.0,0.0,0.0,0.0,0.0,0.0,64.4,0,116,56,49,65476,0,300,0,0,8,20529,65476,0,0,57672,80.0,0.0,0.0,0.0,0.0,0.0
2026-06-17T04:59:33,ERR,ERR,ERR,ERR,ERR,ERR,ERR,ERR,ERR,ERR,ERR,ERR,ERR,ERR,ERR,ERR,ERR,ERR,ERR,ERR,ERR,ERR,ERR,ERR,ERR,ERR,ERR,ERR,ERR,ERR,ERR,ERR,ERR,ERR,ERR,ERR,ERR,ERR,ERR,ERR,ERR,ERR,ERR,ERR,ERR,ERR,ERR,ERR,ERR,ERR,ERR,ERR,ERR,ERR,ERR,ERR,ERR,ERR,ERR,ERR,ERR,ERR,ERR,ERR,ERR,ERR,ERR,ERR,ERR,ERR,ERR,ERR,ERR,ERR,ERR,ERR,ERR,ERR,ERR,ERR,ERR,ERR,ERR,ERR,ERR,ERR,ERR,ERR,ERR,ERR,ERR,ERR,ERR,ERR,ERR,ERR,ERR,ERR,ERR,ERR,ERR,ERR,ERR,ERR,ERR,ERR,ERR,ERR,ERR,ERR,ERR,ERR,ERR,ERR,ERR,ERR,ERR,ERR,ERR,ERR,ERR,ERR,ERR,ERR,ERR,0.0,-0.0,3.028208139652935e+23,0.0,0.0,1.3936040501711995e+18,7.805,0.0,0,0,4,0,7300,-0.0,0,0.0,0.0,0.0,0.0,0.0,0,0,0,0,0.0,0,0,0,0,0,0,0,0,0,0,0,0,0,0,0,0,0,0,0,0,0,0,0,0,0,0,0,0,0,0,0,0,0,32,30,30,62,65476,0,300,0,0,8,21553,0.0,-107605600.0,0.0,0.0,0.0,0.0,0.0,0.0,0.0,0.0,0.0,0.0,0.0,0.0,0.0,0.0,0.0,0.0,0.0,0.0,0.0,0.0,-0.0,-0.0,2.004,0.0,0.0,0.0,0.0,0.0,5511.0,-8608198656.0,6938.0,0.0,-0.0,-0.0,0.0,0.0,0.0,0.0,0.0,63,-0.059,0.0,0.0,0.0,0.0,0.0,0.0,0.0,0.0,0,0,0,0.0,0.0,0.0,0.0,0.0,0.0,0.0,0.0,0.0,0.0,0.0,0.0,0.0,0.0,0.0,0.0,0,-107875648.0,63,0.0,126,2.7184242562605685e+23,2.842318642297501e+23,ERR,ERR,ERR,ERR,ERR,ERR,ERR,ERR,ERR,ERR,ERR,ERR,ERR,ERR,ERR,ERR,ERR,ERR,ERR,ERR,ERR,ERR,ERR,ERR,ERR,ERR,ERR,ERR,ERR,ERR,ERR,ERR,ERR,ERR,ERR,ERR,ERR,ERR,ERR,ERR,ERR,ERR,ERR,ERR,ERR,ERR,ERR,ERR,ERR,ERR,ERR,ERR,ERR,ERR,ERR,ERR,ERR,ERR,ERR,ERR,ERR,ERR,ERR,ERR,ERR,ERR,ERR,34.0,80.0,35,0.0,0.0,0.0,0.0,0.0,0.0,0.0,0.0,0.0,0.0,0.0,0.0,0.0,0.0,0.0,0.0,64.4,0,116,56,49,65476,0,300,0,0,8,20529,65476,0,0,57672,80.0,0.0,0.0,0.0,0.0,0.0
2026-06-17T04:59:34,ERR,ERR,ERR,ERR,ERR,ERR,ERR,ERR,ERR,ERR,ERR,ERR,ERR,ERR,ERR,ERR,ERR,ERR,ERR,ERR,ERR,ERR,ERR,ERR,ERR,ERR,ERR,ERR,ERR,ERR,ERR,ERR,ERR,ERR,ERR,ERR,ERR,ERR,ERR,ERR,ERR,ERR,ERR,ERR,ERR,ERR,ERR,ERR,ERR,ERR,ERR,ERR,ERR,ERR,ERR,ERR,ERR,ERR,ERR,ERR,ERR,ERR,ERR,ERR,ERR,ERR,ERR,ERR,ERR,ERR,ERR,ERR,ERR,ERR,ERR,ERR,ERR,ERR,ERR,ERR,ERR,ERR,ERR,ERR,ERR,ERR,ERR,ERR,ERR,ERR,ERR,ERR,ERR,ERR,ERR,ERR,ERR,ERR,ERR,ERR,ERR,ERR,ERR,ERR,ERR,ERR,ERR,ERR,ERR,ERR,ERR,ERR,ERR,ERR,ERR,ERR,ERR,ERR,ERR,ERR,ERR,ERR,ERR,ERR,ERR,0.0,2.7184296605801213e+23,-100793952.0,0.0,0.0,1.3936040501711995e+18,7.805,0.0,0,0,4,0,7300,-0.0,0,0.0,0.0,0.0,0.0,0.0,0,0,0,0,0.0,0,0,0,0,0,0,0,0,0,0,0,0,0,0,0,0,0,0,0,0,0,0,0,0,0,0,0,0,0,0,0,0,0,32,30,30,62,65476,0,300,0,0,8,21553,0.0,-107605600.0,0.0,0.0,0.0,0.0,0.0,0.0,0.0,0.0,0.0,0.0,0.0,0.0,0.0,0.0,0.0,0.0,0.0,0.0,0.0,0.0,2.004,-0.0,2.004,0.0,0.0,0.0,0.0,0.0,5513.0,-8608198656.0,6938.0,0.0,2.7184296605801213e+23,-0.0,0.0,0.0,0.0,0.0,0.0,63,-89221.07,0.0,0.0,0.0,0.0,0.0,0.0,0.0,0.0,0,0,0,0.0,0.0,0.0,0.0,0.0,0.0,0.0,0.0,0.0,0.0,0.0,0.0,0.0,0.0,0.0,0.0,0,-107875648.0,63,0.0,126,2.7184242562605685e+23,2.842318642297501e+23,ERR,ERR,ERR,ERR,ERR,ERR,ERR,ERR,ERR,ERR,ERR,ERR,ERR,ERR,ERR,ERR,ERR,ERR,ERR,ERR,ERR,ERR,ERR,ERR,ERR,ERR,ERR,ERR,ERR,ERR,ERR,ERR,ERR,ERR,ERR,ERR,ERR,ERR,ERR,ERR,ERR,ERR,ERR,ERR,ERR,ERR,ERR,ERR,ERR,ERR,ERR,ERR,ERR,ERR,ERR,ERR,ERR,ERR,ERR,ERR,ERR,ERR,ERR,ERR,ERR,ERR,ERR,34.0,80.0,35,0.0,0.0,0.0,0.0,0.0,0.0,0.0,0.0,0.0,0.0,0.0,0.0,0.0,0.0,0.0,0.0,64.8,0,116,56,49,65476,0,300,0,0,8,20529,65476,0,0,57672,80.0,0.0,0.0,0.0,0.0,0.0
2026-06-17T04:59:35,ERR,ERR,ERR,ERR,ERR,ERR,ERR,ERR,ERR,ERR,ERR,ERR,ERR,ERR,ERR,ERR,ERR,ERR,ERR,ERR,ERR,ERR,ERR,ERR,ERR,ERR,ERR,ERR,ERR,ERR,ERR,ERR,ERR,ERR,ERR,ERR,ERR,ERR,ERR,ERR,ERR,ERR,ERR,ERR,ERR,ERR,ERR,ERR,ERR,ERR,ERR,ERR,ERR,ERR,ERR,ERR,ERR,ERR,ERR,ERR,ERR,ERR,ERR,ERR,ERR,ERR,ERR,ERR,ERR,ERR,ERR,ERR,ERR,ERR,ERR,ERR,ERR,ERR,ERR,ERR,ERR,ERR,ERR,ERR,ERR,ERR,ERR,ERR,ERR,ERR,ERR,ERR,ERR,ERR,ERR,ERR,ERR,ERR,ERR,ERR,ERR,ERR,ERR,ERR,ERR,ERR,ERR,ERR,ERR,ERR,ERR,ERR,ERR,ERR,ERR,ERR,ERR,ERR,ERR,ERR,ERR,ERR,ERR,ERR,ERR,0.0,2.7184296605801213e+23,-100793952.0,0.0,0.0,1.3936040501711995e+18,7.805,0.0,0,0,4,0,7300,-0.0,0,0.0,0.0,0.0,0.0,0.0,0,0,0,0,0.0,0,0,0,0,0,0,0,0,0,0,0,0,0,0,0,0,0,0,0,0,0,0,0,0,0,0,0,0,0,0,0,0,0,32,30,30,62,65476,0,300,0,0,8,21553,0.0,-107605600.0,0.0,0.0,0.0,0.0,0.0,0.0,0.0,0.0,0.0,0.0,0.0,0.0,0.0,0.0,0.0,0.0,0.0,0.0,0.0,0.0,2.004,-0.0,2.004,0.0,0.0,0.0,0.0,0.0,5513.0,-8608198656.0,6938.0,0.0,2.7184296605801213e+23,-0.0,0.0,0.0,0.0,0.0,0.0,63,-89221.07,0.0,0.0,0.0,0.0,0.0,0.0,0.0,0.0,0,0,0,0.0,0.0,0.0,0.0,0.0,0.0,0.0,0.0,0.0,0.0,0.0,0.0,0.0,0.0,0.0,0.0,0,-107875648.0,63,0.0,126,2.7184242562605685e+23,2.842318642297501e+23,ERR,ERR,ERR,ERR,ERR,ERR,ERR,ERR,ERR,ERR,ERR,ERR,ERR,ERR,ERR,ERR,ERR,ERR,ERR,ERR,ERR,ERR,ERR,ERR,ERR,ERR,ERR,ERR,ERR,ERR,ERR,ERR,ERR,ERR,ERR,ERR,ERR,ERR,ERR,ERR,ERR,ERR,ERR,ERR,ERR,ERR,ERR,ERR,ERR,ERR,ERR,ERR,ERR,ERR,ERR,ERR,ERR,ERR,ERR,ERR,ERR,ERR,ERR,ERR,ERR,ERR,ERR,34.0,80.0,35,0.0,0.0,0.0,0.0,0.0,0.0,0.0,0.0,0.0,0.0,0.0,0.0,0.0,0.0,0.0,0.0,64.4,0,116,56,49,65476,0,300,0,0,8,20529,65476,0,0,57672,80.0,0.0,0.0,0.0,0.0,0.0
2026-06-17T04:59:36,ERR,ERR,ERR,ERR,ERR,ERR,ERR,ERR,ERR,ERR,ERR,ERR,ERR,ERR,ERR,ERR,ERR,ERR,ERR,ERR,ERR,ERR,ERR,ERR,ERR,ERR,ERR,ERR,ERR,ERR,ERR,ERR,ERR,ERR,ERR,ERR,ERR,ERR,ERR,ERR,ERR,ERR,ERR,ERR,ERR,ERR,ERR,ERR,ERR,ERR,ERR,ERR,ERR,ERR,ERR,ERR,ERR,ERR,ERR,ERR,ERR,ERR,ERR,ERR,ERR,ERR,ERR,ERR,ERR,ERR,ERR,ERR,ERR,ERR,ERR,ERR,ERR,ERR,ERR,ERR,ERR,ERR,ERR,ERR,ERR,ERR,ERR,ERR,ERR,ERR,ERR,ERR,ERR,ERR,ERR,ERR,ERR,ERR,ERR,ERR,ERR,ERR,ERR,ERR,ERR,ERR,ERR,ERR,ERR,ERR,ERR,ERR,ERR,ERR,ERR,ERR,ERR,ERR,ERR,ERR,ERR,ERR,ERR,ERR,ERR,0.0,2.7184296605801213e+23,-100793952.0,0.0,0.0,1.3936040501711995e+18,7.805,0.0,0,0,4,0,7300,-0.0,0,0.0,0.0,0.0,0.0,0.0,0,0,0,0,0.0,0,0,0,0,0,0,0,0,0,0,0,0,0,0,0,0,0,0,0,0,0,0,0,0,0,0,0,0,0,0,0,0,0,32,30,30,62,65476,0,300,0,0,8,21553,0.0,-107605600.0,0.0,0.0,0.0,0.0,0.0,0.0,0.0,0.0,0.0,0.0,0.0,0.0,0.0,0.0,0.0,0.0,0.0,0.0,0.0,0.0,2.004,-0.0,2.004,0.0,0.0,0.0,0.0,0.0,5513.0,-8608198656.0,6938.0,0.0,2.7184296605801213e+23,-0.0,0.0,0.0,0.0,0.0,0.0,63,-89221.07,0.0,0.0,0.0,0.0,0.0,0.0,0.0,0.0,0,0,0,0.0,0.0,0.0,0.0,0.0,0.0,0.0,0.0,0.0,0.0,0.0,0.0,0.0,0.0,0.0,0.0,0,-107875648.0,63,0.0,126,2.7184242562605685e+23,2.842318642297501e+23,ERR,ERR,ERR,ERR,ERR,ERR,ERR,ERR,ERR,ERR,ERR,ERR,ERR,ERR,ERR,ERR,ERR,ERR,ERR,ERR,ERR,ERR,ERR,ERR,ERR,ERR,ERR,ERR,ERR,ERR,ERR,ERR,ERR,ERR,ERR,ERR,ERR,ERR,ERR,ERR,ERR,ERR,ERR,ERR,ERR,ERR,ERR,ERR,ERR,ERR,ERR,ERR,ERR,ERR,ERR,ERR,ERR,ERR,ERR,ERR,ERR,ERR,ERR,ERR,ERR,ERR,ERR,34.0,80.0,35,0.0,0.0,0.0,0.0,0.0,0.0,0.0,0.0,0.0,0.0,0.0,0.0,0.0,0.0,0.0,0.0,64.4,0,116,56,49,65476,0,300,0,0,8,20529,65476,0,0,57672,80.0,0.0,0.0,0.0,0.0,0.0
2026-06-17T04:59:37,ERR,ERR,ERR,ERR,ERR,ERR,ERR,ERR,ERR,ERR,ERR,ERR,ERR,ERR,ERR,ERR,ERR,ERR,ERR,ERR,ERR,ERR,ERR,ERR,ERR,ERR,ERR,ERR,ERR,ERR,ERR,ERR,ERR,ERR,ERR,ERR,ERR,ERR,ERR,ERR,ERR,ERR,ERR,ERR,ERR,ERR,ERR,ERR,ERR,ERR,ERR,ERR,ERR,ERR,ERR,ERR,ERR,ERR,ERR,ERR,ERR,ERR,ERR,ERR,ERR,ERR,ERR,ERR,ERR,ERR,ERR,ERR,ERR,ERR,ERR,ERR,ERR,ERR,ERR,ERR,ERR,ERR,ERR,ERR,ERR,ERR,ERR,ERR,ERR,ERR,ERR,ERR,ERR,ERR,ERR,ERR,ERR,ERR,ERR,ERR,ERR,ERR,ERR,ERR,ERR,ERR,ERR,ERR,ERR,ERR,ERR,ERR,ERR,ERR,ERR,ERR,ERR,ERR,ERR,ERR,ERR,ERR,ERR,ERR,ERR,0.0,2.7184296605801213e+23,-100793952.0,0.0,0.0,1.3936040501711995e+18,7.805,0.0,0,0,4,0,7300,-0.0,0,0.0,0.0,0.0,0.0,0.0,0,0,0,0,0.0,0,0,0,0,0,0,0,0,0,0,0,0,0,0,0,0,0,0,0,0,0,0,0,0,0,0,0,0,0,0,0,0,0,32,30,30,62,65476,0,300,0,0,8,21553,0.0,-107605600.0,0.0,0.0,0.0,0.0,0.0,0.0,0.0,0.0,0.0,0.0,0.0,0.0,0.0,0.0,0.0,0.0,0.0,0.0,0.0,0.0,2.004,-0.0,2.004,0.0,0.0,0.0,0.0,0.0,5513.0,-8608198656.0,6938.0,0.0,2.7184296605801213e+23,-0.0,0.0,0.0,0.0,0.0,0.0,63,-89221.07,0.0,0.0,0.0,0.0,0.0,0.0,0.0,0.0,0,0,0,0.0,0.0,0.0,0.0,0.0,0.0,0.0,0.0,0.0,0.0,0.0,0.0,0.0,0.0,0.0,0.0,0,-107875648.0,63,0.0,126,2.7184242562605685e+23,2.842318642297501e+23,ERR,ERR,ERR,ERR,ERR,ERR,ERR,ERR,ERR,ERR,ERR,ERR,ERR,ERR,ERR,ERR,ERR,ERR,ERR,ERR,ERR,ERR,ERR,ERR,ERR,ERR,ERR,ERR,ERR,ERR,ERR,ERR,ERR,ERR,ERR,ERR,ERR,ERR,ERR,ERR,ERR,ERR,ERR,ERR,ERR,ERR,ERR,ERR,ERR,ERR,ERR,ERR,ERR,ERR,ERR,ERR,ERR,ERR,ERR,ERR,ERR,ERR,ERR,ERR,ERR,ERR,ERR,34.0,80.0,35,0.0,0.0,0.0,0.0,0.0,0.0,0.0,0.0,0.0,0.0,0.0,0.0,0.0,0.0,0.0,0.0,64.4,0,116,56,49,65476,0,300,0,0,8,20529,65476,0,0,57672,80.0,0.0,0.0,0.0,0.0,0.0
2026-06-17T04:59:38,ERR,ERR,ERR,ERR,ERR,ERR,ERR,ERR,ERR,ERR,ERR,ERR,ERR,ERR,ERR,ERR,ERR,ERR,ERR,ERR,ERR,ERR,ERR,ERR,ERR,ERR,ERR,ERR,ERR,ERR,ERR,ERR,ERR,ERR,ERR,ERR,ERR,ERR,ERR,ERR,ERR,ERR,ERR,ERR,ERR,ERR,ERR,ERR,ERR,ERR,ERR,ERR,ERR,ERR,ERR,ERR,ERR,ERR,ERR,ERR,ERR,ERR,ERR,ERR,ERR,ERR,ERR,ERR,ERR,ERR,ERR,ERR,ERR,ERR,ERR,ERR,ERR,ERR,ERR,ERR,ERR,ERR,ERR,ERR,ERR,ERR,ERR,ERR,ERR,ERR,ERR,ERR,ERR,ERR,ERR,ERR,ERR,ERR,ERR,ERR,ERR,ERR,ERR,ERR,ERR,ERR,ERR,ERR,ERR,ERR,ERR,ERR,ERR,ERR,ERR,ERR,ERR,ERR,ERR,ERR,ERR,ERR,ERR,ERR,ERR,0.0,2.7184296605801213e+23,-100793952.0,0.0,0.0,1.3936040501711995e+18,7.805,0.0,0,0,4,0,7300,-0.0,0,0.0,0.0,0.0,0.0,0.0,0,0,0,0,0.0,0,0,0,0,0,0,0,0,0,0,0,0,0,0,0,0,0,0,0,0,0,0,0,0,0,0,0,0,0,0,0,0,0,32,30,30,62,65476,0,300,0,0,8,21553,0.0,-107605600.0,0.0,0.0,0.0,0.0,0.0,0.0,0.0,0.0,0.0,0.0,0.0,0.0,0.0,0.0,0.0,0.0,0.0,0.0,0.0,0.0,2.004,-0.0,2.004,0.0,0.0,0.0,0.0,0.0,5513.0,-8608198656.0,6938.0,0.0,2.7184296605801213e+23,-0.0,0.0,0.0,0.0,0.0,0.0,63,-89221.07,0.0,0.0,0.0,0.0,0.0,0.0,0.0,0.0,0,0,0,0.0,0.0,0.0,0.0,0.0,0.0,0.0,0.0,0.0,0.0,0.0,0.0,0.0,0.0,0.0,0.0,0,-107875648.0,63,0.0,126,2.7184242562605685e+23,2.842318642297501e+23,ERR,ERR,ERR,ERR,ERR,ERR,ERR,ERR,ERR,ERR,ERR,ERR,ERR,ERR,ERR,ERR,ERR,ERR,ERR,ERR,ERR,ERR,ERR,ERR,ERR,ERR,ERR,ERR,ERR,ERR,ERR,ERR,ERR,ERR,ERR,ERR,ERR,ERR,ERR,ERR,ERR,ERR,ERR,ERR,ERR,ERR,ERR,ERR,ERR,ERR,ERR,ERR,ERR,ERR,ERR,ERR,ERR,ERR,ERR,ERR,ERR,ERR,ERR,ERR,ERR,ERR,ERR,34.0,80.0,35,0.0,0.0,0.0,0.0,0.0,0.0,0.0,0.0,0.0,0.0,0.0,0.0,0.0,0.0,0.0,0.0,64.4,0,116,56,49,65476,0,300,0,0,8,20529,65476,0,0,57672,80.0,0.0,0.0,0.0,0.0,0.0
2026-06-17T04:59:39,ERR,ERR,ERR,ERR,ERR,ERR,ERR,ERR,ERR,ERR,ERR,ERR,ERR,ERR,ERR,ERR,ERR,ERR,ERR,ERR,ERR,ERR,ERR,ERR,ERR,ERR,ERR,ERR,ERR,ERR,ERR,ERR,ERR,ERR,ERR,ERR,ERR,ERR,ERR,ERR,ERR,ERR,ERR,ERR,ERR,ERR,ERR,ERR,ERR,ERR,ERR,ERR,ERR,ERR,ERR,ERR,ERR,ERR,ERR,ERR,ERR,ERR,ERR,ERR,ERR,ERR,ERR,ERR,ERR,ERR,ERR,ERR,ERR,ERR,ERR,ERR,ERR,ERR,ERR,ERR,ERR,ERR,ERR,ERR,ERR,ERR,ERR,ERR,ERR,ERR,ERR,ERR,ERR,ERR,ERR,ERR,ERR,ERR,ERR,ERR,ERR,ERR,ERR,ERR,ERR,ERR,ERR,ERR,ERR,ERR,ERR,ERR,ERR,ERR,ERR,ERR,ERR,ERR,ERR,ERR,ERR,ERR,ERR,ERR,ERR,0.0,2.7184296605801213e+23,-0.0,0.0,0.0,1.3936040501711995e+18,7.805,0.0,0,0,4,0,7300,-0.0,0,0.0,0.0,0.0,0.0,0.0,0,0,0,0,0.0,0,0,0,0,0,0,0,0,0,0,0,0,0,0,0,0,0,0,0,0,0,0,0,0,0,0,0,0,0,0,0,0,0,32,30,30,62,65476,0,300,0,0,8,21553,0.0,-107605600.0,0.0,0.0,0.0,0.0,0.0,0.0,0.0,0.0,0.0,0.0,0.0,0.0,0.0,0.0,0.0,0.0,0.0,0.0,0.0,0.0,2.004,-2.004,2.004,0.0,0.0,0.0,0.0,0.0,5511.0,-1.040667361561035e+34,6943.0,0.0,2.7184296605801213e+23,-0.0,0.0,0.0,0.0,0.0,0.0,63,-0.059,2.718421193812822e+23,0.0,0.0,0.0,0.0,0.0,0.0,0.0,0,0,0,0.0,0.0,0.0,0.0,0.0,0.0,0.0,0.0,0.0,0.0,0.0,0.0,0.0,0.0,0.0,0.0,0,-107875648.0,63,0.0,126,2.7184242562605685e+23,2.842318642297501e+23,ERR,ERR,ERR,ERR,ERR,ERR,ERR,ERR,ERR,ERR,ERR,ERR,ERR,ERR,ERR,ERR,ERR,ERR,ERR,ERR,ERR,ERR,ERR,ERR,ERR,ERR,ERR,ERR,ERR,ERR,ERR,ERR,ERR,ERR,ERR,ERR,ERR,ERR,ERR,ERR,ERR,ERR,ERR,ERR,ERR,ERR,ERR,ERR,ERR,ERR,ERR,ERR,ERR,ERR,ERR,ERR,ERR,ERR,ERR,ERR,ERR,ERR,ERR,ERR,ERR,ERR,ERR,34.0,80.0,35,0.0,0.0,0.0,0.0,0.0,0.0,0.0,0.0,0.0,0.0,0.0,0.0,0.0,0.0,0.0,0.0,64.4,0,116,56,49,65476,0,300,0,0,8,20529,65476,0,0,57672,80.0,0.0,0.0,0.0,0.0,0.0
2026-06-17T04:59:40,ERR,ERR,ERR,ERR,ERR,ERR,ERR,ERR,ERR,ERR,ERR,ERR,ERR,ERR,ERR,ERR,ERR,ERR,ERR,ERR,ERR,ERR,ERR,ERR,ERR,ERR,ERR,ERR,ERR,ERR,ERR,ERR,ERR,ERR,ERR,ERR,ERR,ERR,ERR,ERR,ERR,ERR,ERR,ERR,ERR,ERR,ERR,ERR,ERR,ERR,ERR,ERR,ERR,ERR,ERR,ERR,ERR,ERR,ERR,ERR,ERR,ERR,ERR,ERR,ERR,ERR,ERR,ERR,ERR,ERR,ERR,ERR,ERR,ERR,ERR,ERR,ERR,ERR,ERR,ERR,ERR,ERR,ERR,ERR,ERR,ERR,ERR,ERR,ERR,ERR,ERR,ERR,ERR,ERR,ERR,ERR,ERR,ERR,ERR,ERR,ERR,ERR,ERR,ERR,ERR,ERR,ERR,ERR,ERR,ERR,ERR,ERR,ERR,ERR,ERR,ERR,ERR,ERR,ERR,ERR,ERR,ERR,ERR,ERR,ERR,0.0,2.7184296605801213e+23,-0.0,0.0,0.0,1.3936040501711995e+18,7.805,0.0,0,0,4,0,7300,-0.0,0,0.0,0.0,0.0,0.0,0.0,0,0,0,0,0.0,0,0,0,0,0,0,0,0,0,0,0,0,0,0,0,0,0,0,0,0,0,0,0,0,0,0,0,0,0,0,0,0,0,32,30,30,62,65476,0,300,0,0,8,21553,0.0,-107605600.0,0.0,0.0,0.0,0.0,0.0,0.0,0.0,0.0,0.0,0.0,0.0,0.0,0.0,0.0,0.0,0.0,0.0,0.0,0.0,0.0,2.004,-2.004,2.004,0.0,0.0,0.0,0.0,0.0,5511.0,-1.040667361561035e+34,6943.0,0.0,2.7184296605801213e+23,-0.0,0.0,0.0,0.0,0.0,0.0,63,-0.059,2.718421193812822e+23,0.0,0.0,0.0,0.0,0.0,0.0,0.0,0,0,0,0.0,0.0,0.0,0.0,0.0,0.0,0.0,0.0,0.0,0.0,0.0,0.0,0.0,0.0,0.0,0.0,0,-107875648.0,63,0.0,126,2.7184242562605685e+23,2.842318642297501e+23,ERR,ERR,ERR,ERR,ERR,ERR,ERR,ERR,ERR,ERR,ERR,ERR,ERR,ERR,ERR,ERR,ERR,ERR,ERR,ERR,ERR,ERR,ERR,ERR,ERR,ERR,ERR,ERR,ERR,ERR,ERR,ERR,ERR,ERR,ERR,ERR,ERR,ERR,ERR,ERR,ERR,ERR,ERR,ERR,ERR,ERR,ERR,ERR,ERR,ERR,ERR,ERR,ERR,ERR,ERR,ERR,ERR,ERR,ERR,ERR,ERR,ERR,ERR,ERR,ERR,ERR,ERR,34.0,80.0,35,0.0,0.0,0.0,0.0,0.0,0.0,0.0,0.0,0.0,0.0,0.0,0.0,0.0,0.0,0.0,0.0,64.4,0,116,56,49,65476,0,300,0,0,8,20529,65476,0,0,57672,80.0,0.0,0.0,0.0,0.0,0.0
2026-06-17T04:59:41,ERR,ERR,ERR,ERR,ERR,ERR,ERR,ERR,ERR,ERR,ERR,ERR,ERR,ERR,ERR,ERR,ERR,ERR,ERR,ERR,ERR,ERR,ERR,ERR,ERR,ERR,ERR,ERR,ERR,ERR,ERR,ERR,ERR,ERR,ERR,ERR,ERR,ERR,ERR,ERR,ERR,ERR,ERR,ERR,ERR,ERR,ERR,ERR,ERR,ERR,ERR,ERR,ERR,ERR,ERR,ERR,ERR,ERR,ERR,ERR,ERR,ERR,ERR,ERR,ERR,ERR,ERR,ERR,ERR,ERR,ERR,ERR,ERR,ERR,ERR,ERR,ERR,ERR,ERR,ERR,ERR,ERR,ERR,ERR,ERR,ERR,ERR,ERR,ERR,ERR,ERR,ERR,ERR,ERR,ERR,ERR,ERR,ERR,ERR,ERR,ERR,ERR,ERR,ERR,ERR,ERR,ERR,ERR,ERR,ERR,ERR,ERR,ERR,ERR,ERR,ERR,ERR,ERR,ERR,ERR,ERR,ERR,ERR,ERR,ERR,0.0,2.7184296605801213e+23,-0.0,0.0,0.0,1.3936040501711995e+18,7.805,0.0,0,0,4,0,7300,-0.0,0,0.0,0.0,0.0,0.0,0.0,0,0,0,0,0.0,0,0,0,0,0,0,0,0,0,0,0,0,0,0,0,0,0,0,0,0,0,0,0,0,0,0,0,0,0,0,0,0,0,32,30,30,62,65476,0,300,0,0,8,21553,0.0,-107605600.0,0.0,0.0,0.0,0.0,0.0,0.0,0.0,0.0,0.0,0.0,0.0,0.0,0.0,0.0,0.0,0.0,0.0,0.0,0.0,0.0,2.004,-2.004,2.004,0.0,0.0,0.0,0.0,0.0,5511.0,-1.040667361561035e+34,6943.0,0.0,2.7184296605801213e+23,-0.0,0.0,0.0,0.0,0.0,0.0,63,-0.059,2.718421193812822e+23,0.0,0.0,0.0,0.0,0.0,0.0,0.0,0,0,0,0.0,0.0,0.0,0.0,0.0,0.0,0.0,0.0,0.0,0.0,0.0,0.0,0.0,0.0,0.0,0.0,0,-107875648.0,63,0.0,126,2.7184242562605685e+23,2.842318642297501e+23,ERR,ERR,ERR,ERR,ERR,ERR,ERR,ERR,ERR,ERR,ERR,ERR,ERR,ERR,ERR,ERR,ERR,ERR,ERR,ERR,ERR,ERR,ERR,ERR,ERR,ERR,ERR,ERR,ERR,ERR,ERR,ERR,ERR,ERR,ERR,ERR,ERR,ERR,ERR,ERR,ERR,ERR,ERR,ERR,ERR,ERR,ERR,ERR,ERR,ERR,ERR,ERR,ERR,ERR,ERR,ERR,ERR,ERR,ERR,ERR,ERR,ERR,ERR,ERR,ERR,ERR,ERR,34.0,80.0,35,0.0,0.0,0.0,0.0,0.0,0.0,0.0,0.0,0.0,0.0,0.0,0.0,0.0,0.0,0.0,0.0,64.4,0,116,56,49,65476,0,300,0,0,8,20529,65476,0,0,57672,80.0,0.0,0.0,0.0,0.0,0.0
2026-06-17T04:59:42,ERR,ERR,ERR,ERR,ERR,ERR,ERR,ERR,ERR,ERR,ERR,ERR,ERR,ERR,ERR,ERR,ERR,ERR,ERR,ERR,ERR,ERR,ERR,ERR,ERR,ERR,ERR,ERR,ERR,ERR,ERR,ERR,ERR,ERR,ERR,ERR,ERR,ERR,ERR,ERR,ERR,ERR,ERR,ERR,ERR,ERR,ERR,ERR,ERR,ERR,ERR,ERR,ERR,ERR,ERR,ERR,ERR,ERR,ERR,ERR,ERR,ERR,ERR,ERR,ERR,ERR,ERR,ERR,ERR,ERR,ERR,ERR,ERR,ERR,ERR,ERR,ERR,ERR,ERR,ERR,ERR,ERR,ERR,ERR,ERR,ERR,ERR,ERR,ERR,ERR,ERR,ERR,ERR,ERR,ERR,ERR,ERR,ERR,ERR,ERR,ERR,ERR,ERR,ERR,ERR,ERR,ERR,ERR,ERR,ERR,ERR,ERR,ERR,ERR,ERR,ERR,ERR,ERR,ERR,ERR,ERR,ERR,ERR,ERR,ERR,0.0,2.7184296605801213e+23,-0.0,0.0,0.0,1.3936040501711995e+18,7.805,0.0,0,0,4,0,7300,-0.0,0,0.0,0.0,0.0,0.0,0.0,0,0,0,0,0.0,0,0,0,0,0,0,0,0,0,0,0,0,0,0,0,0,0,0,0,0,0,0,0,0,0,0,0,0,0,0,0,0,0,32,30,30,62,65476,0,300,0,0,8,21553,0.0,-107605600.0,0.0,0.0,0.0,0.0,0.0,0.0,0.0,0.0,0.0,0.0,0.0,0.0,0.0,0.0,0.0,0.0,0.0,0.0,0.0,0.0,2.004,-2.004,2.004,0.0,0.0,0.0,0.0,0.0,5511.0,-1.040667361561035e+34,6943.0,0.0,2.7184296605801213e+23,-0.0,0.0,0.0,0.0,0.0,0.0,63,-0.059,2.718421193812822e+23,0.0,0.0,0.0,0.0,0.0,0.0,0.0,0,0,0,0.0,0.0,0.0,0.0,0.0,0.0,0.0,0.0,0.0,0.0,0.0,0.0,0.0,0.0,0.0,0.0,0,-107875648.0,63,0.0,126,2.7184242562605685e+23,2.842318642297501e+23,ERR,ERR,ERR,ERR,ERR,ERR,ERR,ERR,ERR,ERR,ERR,ERR,ERR,ERR,ERR,ERR,ERR,ERR,ERR,ERR,ERR,ERR,ERR,ERR,ERR,ERR,ERR,ERR,ERR,ERR,ERR,ERR,ERR,ERR,ERR,ERR,ERR,ERR,ERR,ERR,ERR,ERR,ERR,ERR,ERR,ERR,ERR,ERR,ERR,ERR,ERR,ERR,ERR,ERR,ERR,ERR,ERR,ERR,ERR,ERR,ERR,ERR,ERR,ERR,ERR,ERR,ERR,34.0,80.0,35,0.0,0.0,0.0,0.0,0.0,0.0,0.0,0.0,0.0,0.0,0.0,0.0,0.0,0.0,0.0,0.0,64.4,0,116,56,49,65476,0,300,0,0,8,20529,65476,0,0,57672,80.0,0.0,0.0,0.0,0.0,0.0
2026-06-17T04:59:43,ERR,ERR,ERR,ERR,ERR,ERR,ERR,ERR,ERR,ERR,ERR,ERR,ERR,ERR,ERR,ERR,ERR,ERR,ERR,ERR,ERR,ERR,ERR,ERR,ERR,ERR,ERR,ERR,ERR,ERR,ERR,ERR,ERR,ERR,ERR,ERR,ERR,ERR,ERR,ERR,ERR,ERR,ERR,ERR,ERR,ERR,ERR,ERR,ERR,ERR,ERR,ERR,ERR,ERR,ERR,ERR,ERR,ERR,ERR,ERR,ERR,ERR,ERR,ERR,ERR,ERR,ERR,ERR,ERR,ERR,ERR,ERR,ERR,ERR,ERR,ERR,ERR,ERR,ERR,ERR,ERR,ERR,ERR,ERR,ERR,ERR,ERR,ERR,ERR,ERR,ERR,ERR,ERR,ERR,ERR,ERR,ERR,ERR,ERR,ERR,ERR,ERR,ERR,ERR,ERR,ERR,ERR,ERR,ERR,ERR,ERR,ERR,ERR,ERR,ERR,ERR,ERR,ERR,ERR,ERR,ERR,ERR,ERR,ERR,ERR,0.0,2.7184296605801213e+23,-0.0,0.0,0.0,1.3936040501711995e+18,7.805,0.0,0,0,4,0,7300,-0.0,0,0.0,0.0,0.0,0.0,0.0,0,0,0,0,0.0,0,0,0,0,0,0,0,0,0,0,0,0,0,0,0,0,0,0,0,0,0,0,0,0,0,0,0,0,0,0,0,0,0,32,30,30,62,65476,0,300,0,0,8,21553,0.0,-107605600.0,0.0,0.0,0.0,0.0,0.0,0.0,0.0,0.0,0.0,0.0,0.0,0.0,0.0,0.0,0.0,0.0,0.0,0.0,0.0,0.0,2.004,-2.004,2.004,0.0,0.0,0.0,0.0,0.0,5511.0,-1.040667361561035e+34,6943.0,0.0,2.7184296605801213e+23,-0.0,0.0,0.0,0.0,0.0,0.0,63,-0.059,2.718421193812822e+23,0.0,0.0,0.0,0.0,0.0,0.0,0.0,0,0,0,0.0,0.0,0.0,0.0,0.0,0.0,0.0,0.0,0.0,0.0,0.0,0.0,0.0,0.0,0.0,0.0,0,-107875648.0,63,0.0,126,2.7184242562605685e+23,2.842318642297501e+23,ERR,ERR,ERR,ERR,ERR,ERR,ERR,ERR,ERR,ERR,ERR,ERR,ERR,ERR,ERR,ERR,ERR,ERR,ERR,ERR,ERR,ERR,ERR,ERR,ERR,ERR,ERR,ERR,ERR,ERR,ERR,ERR,ERR,ERR,ERR,ERR,ERR,ERR,ERR,ERR,ERR,ERR,ERR,ERR,ERR,ERR,ERR,ERR,ERR,ERR,ERR,ERR,ERR,ERR,ERR,ERR,ERR,ERR,ERR,ERR,ERR,ERR,ERR,ERR,ERR,ERR,ERR,34.0,80.0,35,0.0,0.0,0.0,0.0,0.0,0.0,0.0,0.0,0.0,0.0,0.0,0.0,0.0,0.0,0.0,0.0,64.8,0,116,56,49,65476,0,300,0,0,8,20529,65476,0,0,57672,80.0,0.0,0.0,0.0,0.0,0.0
2026-06-17T04:59:44,ERR,ERR,ERR,ERR,ERR,ERR,ERR,ERR,ERR,ERR,ERR,ERR,ERR,ERR,ERR,ERR,ERR,ERR,ERR,ERR,ERR,ERR,ERR,ERR,ERR,ERR,ERR,ERR,ERR,ERR,ERR,ERR,ERR,ERR,ERR,ERR,ERR,ERR,ERR,ERR,ERR,ERR,ERR,ERR,ERR,ERR,ERR,ERR,ERR,ERR,ERR,ERR,ERR,ERR,ERR,ERR,ERR,ERR,ERR,ERR,ERR,ERR,ERR,ERR,ERR,ERR,ERR,ERR,ERR,ERR,ERR,ERR,ERR,ERR,ERR,ERR,ERR,ERR,ERR,ERR,ERR,ERR,ERR,ERR,ERR,ERR,ERR,ERR,ERR,ERR,ERR,ERR,ERR,ERR,ERR,ERR,ERR,ERR,ERR,ERR,ERR,ERR,ERR,ERR,ERR,ERR,ERR,ERR,ERR,ERR,ERR,ERR,ERR,ERR,ERR,ERR,ERR,ERR,ERR,ERR,ERR,ERR,ERR,ERR,ERR,0.0,2.7184296605801213e+23,-100793952.0,0.0,0.0,1.3936040501711995e+18,7.805,0.0,0,0,4,0,7300,-0.0,0,0.0,0.0,0.0,0.0,0.0,0,0,0,0,0.0,0,0,0,0,0,0,0,0,0,0,0,0,0,0,0,0,0,0,0,0,0,0,0,0,0,0,0,0,0,0,0,0,0,32,30,30,62,65476,0,300,0,0,8,21553,0.0,-107605600.0,0.0,0.0,0.0,0.0,0.0,0.0,0.0,0.0,0.0,0.0,0.0,0.0,0.0,0.0,0.0,0.0,0.0,0.0,0.0,0.0,-0.0,-2.004,2.004,0.0,0.0,0.0,0.0,0.0,5513.0,-0.0,6932.0,0.0,2.7184296605801213e+23,-0.0,0.0,0.0,0.0,0.0,0.0,63,-89221.07,-4.950409255073651e+32,0.0,0.0,0.0,0.0,0.0,0.0,0.0,0,0,0,0.0,0.0,0.0,0.0,0.0,0.0,0.0,0.0,0.0,0.0,0.0,0.0,0.0,0.0,0.0,0.0,0,-107875648.0,63,0.0,126,2.7184242562605685e+23,2.842318642297501e+23,ERR,ERR,ERR,ERR,ERR,ERR,ERR,ERR,ERR,ERR,ERR,ERR,ERR,ERR,ERR,ERR,ERR,ERR,ERR,ERR,ERR,ERR,ERR,ERR,ERR,ERR,ERR,ERR,ERR,ERR,ERR,ERR,ERR,ERR,ERR,ERR,ERR,ERR,ERR,ERR,ERR,ERR,ERR,ERR,ERR,ERR,ERR,ERR,ERR,ERR,ERR,ERR,ERR,ERR,ERR,ERR,ERR,ERR,ERR,ERR,ERR,ERR,ERR,ERR,ERR,ERR,ERR,34.0,80.0,35,0.0,0.0,0.0,0.0,0.0,0.0,0.0,0.0,0.0,0.0,0.0,0.0,0.0,0.0,0.0,0.0,64.8,0,116,56,49,65476,0,300,0,0,8,20529,65476,0,0,57672,80.0,0.0,0.0,0.0,0.0,0.0
2026-06-17T04:59:45,ERR,ERR,ERR,ERR,ERR,ERR,ERR,ERR,ERR,ERR,ERR,ERR,ERR,ERR,ERR,ERR,ERR,ERR,ERR,ERR,ERR,ERR,ERR,ERR,ERR,ERR,ERR,ERR,ERR,ERR,ERR,ERR,ERR,ERR,ERR,ERR,ERR,ERR,ERR,ERR,ERR,ERR,ERR,ERR,ERR,ERR,ERR,ERR,ERR,ERR,ERR,ERR,ERR,ERR,ERR,ERR,ERR,ERR,ERR,ERR,ERR,ERR,ERR,ERR,ERR,ERR,ERR,ERR,ERR,ERR,ERR,ERR,ERR,ERR,ERR,ERR,ERR,ERR,ERR,ERR,ERR,ERR,ERR,ERR,ERR,ERR,ERR,ERR,ERR,ERR,ERR,ERR,ERR,ERR,ERR,ERR,ERR,ERR,ERR,ERR,ERR,ERR,ERR,ERR,ERR,ERR,ERR,ERR,ERR,ERR,ERR,ERR,ERR,ERR,ERR,ERR,ERR,ERR,ERR,ERR,ERR,ERR,ERR,ERR,ERR,0.0,2.7184296605801213e+23,-100793952.0,0.0,0.0,1.3936040501711995e+18,7.805,0.0,0,0,4,0,7300,-0.0,0,0.0,0.0,0.0,0.0,0.0,0,0,0,0,0.0,0,0,0,0,0,0,0,0,0,0,0,0,0,0,0,0,0,0,0,0,0,0,0,0,0,0,0,0,0,0,0,0,0,32,30,30,62,65476,0,300,0,0,8,21553,0.0,-107605600.0,0.0,0.0,0.0,0.0,0.0,0.0,0.0,0.0,0.0,0.0,0.0,0.0,0.0,0.0,0.0,0.0,0.0,0.0,0.0,0.0,-0.0,-2.004,2.004,0.0,0.0,0.0,0.0,0.0,5513.0,-0.0,6932.0,0.0,2.7184296605801213e+23,-0.0,0.0,0.0,0.0,0.0,0.0,63,-89221.07,-4.950409255073651e+32,0.0,0.0,0.0,0.0,0.0,0.0,0.0,0,0,0,0.0,0.0,0.0,0.0,0.0,0.0,0.0,0.0,0.0,0.0,0.0,0.0,0.0,0.0,0.0,0.0,0,-107875648.0,63,0.0,126,2.7184242562605685e+23,2.842318642297501e+23,ERR,ERR,ERR,ERR,ERR,ERR,ERR,ERR,ERR,ERR,ERR,ERR,ERR,ERR,ERR,ERR,ERR,ERR,ERR,ERR,ERR,ERR,ERR,ERR,ERR,ERR,ERR,ERR,ERR,ERR,ERR,ERR,ERR,ERR,ERR,ERR,ERR,ERR,ERR,ERR,ERR,ERR,ERR,ERR,ERR,ERR,ERR,ERR,ERR,ERR,ERR,ERR,ERR,ERR,ERR,ERR,ERR,ERR,ERR,ERR,ERR,ERR,ERR,ERR,ERR,ERR,ERR,34.0,80.0,35,0.0,0.0,0.0,0.0,0.0,0.0,0.0,0.0,0.0,0.0,0.0,0.0,0.0,0.0,0.0,0.0,64.4,0,116,56,49,65476,0,300,0,0,8,20529,65476,0,0,57672,80.0,0.0,0.0,0.0,0.0,0.0
2026-06-17T04:59:46,ERR,ERR,ERR,ERR,ERR,ERR,ERR,ERR,ERR,ERR,ERR,ERR,ERR,ERR,ERR,ERR,ERR,ERR,ERR,ERR,ERR,ERR,ERR,ERR,ERR,ERR,ERR,ERR,ERR,ERR,ERR,ERR,ERR,ERR,ERR,ERR,ERR,ERR,ERR,ERR,ERR,ERR,ERR,ERR,ERR,ERR,ERR,ERR,ERR,ERR,ERR,ERR,ERR,ERR,ERR,ERR,ERR,ERR,ERR,ERR,ERR,ERR,ERR,ERR,ERR,ERR,ERR,ERR,ERR,ERR,ERR,ERR,ERR,ERR,ERR,ERR,ERR,ERR,ERR,ERR,ERR,ERR,ERR,ERR,ERR,ERR,ERR,ERR,ERR,ERR,ERR,ERR,ERR,ERR,ERR,ERR,ERR,ERR,ERR,ERR,ERR,ERR,ERR,ERR,ERR,ERR,ERR,ERR,ERR,ERR,ERR,ERR,ERR,ERR,ERR,ERR,ERR,ERR,ERR,ERR,ERR,ERR,ERR,ERR,ERR,0.0,2.7184296605801213e+23,-100793952.0,0.0,0.0,1.3936040501711995e+18,7.805,0.0,0,0,4,0,7300,-0.0,0,0.0,0.0,0.0,0.0,0.0,0,0,0,0,0.0,0,0,0,0,0,0,0,0,0,0,0,0,0,0,0,0,0,0,0,0,0,0,0,0,0,0,0,0,0,0,0,0,0,32,30,30,62,65476,0,300,0,0,8,21553,0.0,-107605600.0,0.0,0.0,0.0,0.0,0.0,0.0,0.0,0.0,0.0,0.0,0.0,0.0,0.0,0.0,0.0,0.0,0.0,0.0,0.0,0.0,-0.0,-2.004,2.004,0.0,0.0,0.0,0.0,0.0,5513.0,-0.0,6932.0,0.0,2.7184296605801213e+23,-0.0,0.0,0.0,0.0,0.0,0.0,63,-89221.07,-4.950409255073651e+32,0.0,0.0,0.0,0.0,0.0,0.0,0.0,0,0,0,0.0,0.0,0.0,0.0,0.0,0.0,0.0,0.0,0.0,0.0,0.0,0.0,0.0,0.0,0.0,0.0,0,-107875648.0,63,0.0,126,2.7184242562605685e+23,2.842318642297501e+23,ERR,ERR,ERR,ERR,ERR,ERR,ERR,ERR,ERR,ERR,ERR,ERR,ERR,ERR,ERR,ERR,ERR,ERR,ERR,ERR,ERR,ERR,ERR,ERR,ERR,ERR,ERR,ERR,ERR,ERR,ERR,ERR,ERR,ERR,ERR,ERR,ERR,ERR,ERR,ERR,ERR,ERR,ERR,ERR,ERR,ERR,ERR,ERR,ERR,ERR,ERR,ERR,ERR,ERR,ERR,ERR,ERR,ERR,ERR,ERR,ERR,ERR,ERR,ERR,ERR,ERR,ERR,34.0,80.0,35,0.0,0.0,0.0,0.0,0.0,0.0,0.0,0.0,0.0,0.0,0.0,0.0,0.0,0.0,0.0,0.0,64.8,0,116,56,49,65476,0,300,0,0,8,20529,65476,0,0,57672,80.0,0.0,0.0,0.0,0.0,0.0
2026-06-17T04:59:47,ERR,ERR,ERR,ERR,ERR,ERR,ERR,ERR,ERR,ERR,ERR,ERR,ERR,ERR,ERR,ERR,ERR,ERR,ERR,ERR,ERR,ERR,ERR,ERR,ERR,ERR,ERR,ERR,ERR,ERR,ERR,ERR,ERR,ERR,ERR,ERR,ERR,ERR,ERR,ERR,ERR,ERR,ERR,ERR,ERR,ERR,ERR,ERR,ERR,ERR,ERR,ERR,ERR,ERR,ERR,ERR,ERR,ERR,ERR,ERR,ERR,ERR,ERR,ERR,ERR,ERR,ERR,ERR,ERR,ERR,ERR,ERR,ERR,ERR,ERR,ERR,ERR,ERR,ERR,ERR,ERR,ERR,ERR,ERR,ERR,ERR,ERR,ERR,ERR,ERR,ERR,ERR,ERR,ERR,ERR,ERR,ERR,ERR,ERR,ERR,ERR,ERR,ERR,ERR,ERR,ERR,ERR,ERR,ERR,ERR,ERR,ERR,ERR,ERR,ERR,ERR,ERR,ERR,ERR,ERR,ERR,ERR,ERR,ERR,ERR,0.0,2.7184296605801213e+23,-100793952.0,0.0,0.0,1.3936040501711995e+18,7.805,0.0,0,0,4,0,7300,-0.0,0,0.0,0.0,0.0,0.0,0.0,0,0,0,0,0.0,0,0,0,0,0,0,0,0,0,0,0,0,0,0,0,0,0,0,0,0,0,0,0,0,0,0,0,0,0,0,0,0,0,32,30,30,62,65476,0,300,0,0,8,21553,0.0,-107605600.0,0.0,0.0,0.0,0.0,0.0,0.0,0.0,0.0,0.0,0.0,0.0,0.0,0.0,0.0,0.0,0.0,0.0,0.0,0.0,0.0,-0.0,-2.004,2.004,0.0,0.0,0.0,0.0,0.0,5513.0,-0.0,6932.0,0.0,2.7184296605801213e+23,-0.0,0.0,0.0,0.0,0.0,0.0,63,-89221.07,-4.950409255073651e+32,0.0,0.0,0.0,0.0,0.0,0.0,0.0,0,0,0,0.0,0.0,0.0,0.0,0.0,0.0,0.0,0.0,0.0,0.0,0.0,0.0,0.0,0.0,0.0,0.0,0,-107875648.0,63,0.0,126,2.7184242562605685e+23,2.842318642297501e+23,ERR,ERR,ERR,ERR,ERR,ERR,ERR,ERR,ERR,ERR,ERR,ERR,ERR,ERR,ERR,ERR,ERR,ERR,ERR,ERR,ERR,ERR,ERR,ERR,ERR,ERR,ERR,ERR,ERR,ERR,ERR,ERR,ERR,ERR,ERR,ERR,ERR,ERR,ERR,ERR,ERR,ERR,ERR,ERR,ERR,ERR,ERR,ERR,ERR,ERR,ERR,ERR,ERR,ERR,ERR,ERR,ERR,ERR,ERR,ERR,ERR,ERR,ERR,ERR,ERR,ERR,ERR,34.0,80.0,35,0.0,0.0,0.0,0.0,0.0,0.0,0.0,0.0,0.0,0.0,0.0,0.0,0.0,0.0,0.0,0.0,64.8,0,116,56,49,65476,0,300,0,0,8,20529,65476,0,0,57672,80.0,0.0,0.0,0.0,0.0,0.0
2026-06-17T04:59:48,ERR,ERR,ERR,ERR,ERR,ERR,ERR,ERR,ERR,ERR,ERR,ERR,ERR,ERR,ERR,ERR,ERR,ERR,ERR,ERR,ERR,ERR,ERR,ERR,ERR,ERR,ERR,ERR,ERR,ERR,ERR,ERR,ERR,ERR,ERR,ERR,ERR,ERR,ERR,ERR,ERR,ERR,ERR,ERR,ERR,ERR,ERR,ERR,ERR,ERR,ERR,ERR,ERR,ERR,ERR,ERR,ERR,ERR,ERR,ERR,ERR,ERR,ERR,ERR,ERR,ERR,ERR,ERR,ERR,ERR,ERR,ERR,ERR,ERR,ERR,ERR,ERR,ERR,ERR,ERR,ERR,ERR,ERR,ERR,ERR,ERR,ERR,ERR,ERR,ERR,ERR,ERR,ERR,ERR,ERR,ERR,ERR,ERR,ERR,ERR,ERR,ERR,ERR,ERR,ERR,ERR,ERR,ERR,ERR,ERR,ERR,ERR,ERR,ERR,ERR,ERR,ERR,ERR,ERR,ERR,ERR,ERR,ERR,ERR,ERR,0.0,2.7184296605801213e+23,-100793952.0,0.0,0.0,1.3936040501711995e+18,7.805,0.0,0,0,4,0,7300,-0.0,0,0.0,0.0,0.0,0.0,0.0,0,0,0,0,0.0,0,0,0,0,0,0,0,0,0,0,0,0,0,0,0,0,0,0,0,0,0,0,0,0,0,0,0,0,0,0,0,0,0,32,30,30,62,65476,0,300,0,0,8,21553,0.0,-107605600.0,0.0,0.0,0.0,0.0,0.0,0.0,0.0,0.0,0.0,0.0,0.0,0.0,0.0,0.0,0.0,0.0,0.0,0.0,0.0,0.0,-0.0,-2.004,2.004,0.0,0.0,0.0,0.0,0.0,5513.0,-0.0,6932.0,0.0,2.7184296605801213e+23,-0.0,0.0,0.0,0.0,0.0,0.0,63,-89221.07,-4.950409255073651e+32,0.0,0.0,0.0,0.0,0.0,0.0,0.0,0,0,0,0.0,0.0,0.0,0.0,0.0,0.0,0.0,0.0,0.0,0.0,0.0,0.0,0.0,0.0,0.0,0.0,0,-107875648.0,63,0.0,126,2.7184242562605685e+23,2.842318642297501e+23,ERR,ERR,ERR,ERR,ERR,ERR,ERR,ERR,ERR,ERR,ERR,ERR,ERR,ERR,ERR,ERR,ERR,ERR,ERR,ERR,ERR,ERR,ERR,ERR,ERR,ERR,ERR,ERR,ERR,ERR,ERR,ERR,ERR,ERR,ERR,ERR,ERR,ERR,ERR,ERR,ERR,ERR,ERR,ERR,ERR,ERR,ERR,ERR,ERR,ERR,ERR,ERR,ERR,ERR,ERR,ERR,ERR,ERR,ERR,ERR,ERR,ERR,ERR,ERR,ERR,ERR,ERR,34.0,80.0,35,0.0,0.0,0.0,0.0,0.0,0.0,0.0,0.0,0.0,0.0,0.0,0.0,0.0,0.0,0.0,0.0,64.4,0,116,56,49,65476,0,300,0,0,8,20529,65476,0,0,57672,80.0,0.0,0.0,0.0,0.0,0.0
2026-06-17T04:59:49,ERR,ERR,ERR,ERR,ERR,ERR,ERR,ERR,ERR,ERR,ERR,ERR,ERR,ERR,ERR,ERR,ERR,ERR,ERR,ERR,ERR,ERR,ERR,ERR,ERR,ERR,ERR,ERR,ERR,ERR,ERR,ERR,ERR,ERR,ERR,ERR,ERR,ERR,ERR,ERR,ERR,ERR,ERR,ERR,ERR,ERR,ERR,ERR,ERR,ERR,ERR,ERR,ERR,ERR,ERR,ERR,ERR,ERR,ERR,ERR,ERR,ERR,ERR,ERR,ERR,ERR,ERR,ERR,ERR,ERR,ERR,ERR,ERR,ERR,ERR,ERR,ERR,ERR,ERR,ERR,ERR,ERR,ERR,ERR,ERR,ERR,ERR,ERR,ERR,ERR,ERR,ERR,ERR,ERR,ERR,ERR,ERR,ERR,ERR,ERR,ERR,ERR,ERR,ERR,ERR,ERR,ERR,ERR,ERR,ERR,ERR,ERR,ERR,ERR,ERR,ERR,ERR,ERR,ERR,ERR,ERR,ERR,ERR,ERR,ERR,0.0,2.7184296605801213e+23,-0.0,0.0,0.0,1.3936040501711995e+18,7.805,0.0,0,0,4,0,7300,-0.0,0,0.0,0.0,0.0,0.0,0.0,0,0,0,0,0.0,0,0,0,0,0,0,0,0,0,0,0,0,0,0,0,0,0,0,0,0,0,0,0,0,0,0,0,0,0,0,0,0,0,32,30,30,62,65476,0,300,0,0,8,21553,0.0,-107605600.0,0.0,0.0,0.0,0.0,0.0,0.0,0.0,0.0,0.0,0.0,0.0,0.0,0.0,0.0,0.0,0.0,0.0,0.0,0.0,0.0,2.004,-0.0,2.004,0.0,0.0,0.0,0.0,0.0,5513.0,-0.0,6935.0,0.0,2.7184296605801213e+23,-0.0,0.0,0.0,0.0,0.0,0.0,63,-89221.07,0.0,0.0,0.0,0.0,0.0,0.0,0.0,0.0,0,0,0,0.0,0.0,0.0,0.0,0.0,0.0,0.0,0.0,0.0,0.0,0.0,0.0,0.0,0.0,0.0,0.0,0,-107875648.0,63,0.0,126,2.7184242562605685e+23,2.842318642297501e+23,ERR,ERR,ERR,ERR,ERR,ERR,ERR,ERR,ERR,ERR,ERR,ERR,ERR,ERR,ERR,ERR,ERR,ERR,ERR,ERR,ERR,ERR,ERR,ERR,ERR,ERR,ERR,ERR,ERR,ERR,ERR,ERR,ERR,ERR,ERR,ERR,ERR,ERR,ERR,ERR,ERR,ERR,ERR,ERR,ERR,ERR,ERR,ERR,ERR,ERR,ERR,ERR,ERR,ERR,ERR,ERR,ERR,ERR,ERR,ERR,ERR,ERR,ERR,ERR,ERR,ERR,ERR,34.0,80.0,35,0.0,0.0,0.0,0.0,0.0,0.0,0.0,0.0,0.0,0.0,0.0,0.0,0.0,0.0,0.0,0.0,64.4,0,116,56,49,65476,0,300,0,0,8,20529,65476,0,0,57672,80.0,0.0,0.0,0.0,0.0,0.0
2026-06-17T04:59:50,ERR,ERR,ERR,ERR,ERR,ERR,ERR,ERR,ERR,ERR,ERR,ERR,ERR,ERR,ERR,ERR,ERR,ERR,ERR,ERR,ERR,ERR,ERR,ERR,ERR,ERR,ERR,ERR,ERR,ERR,ERR,ERR,ERR,ERR,ERR,ERR,ERR,ERR,ERR,ERR,ERR,ERR,ERR,ERR,ERR,ERR,ERR,ERR,ERR,ERR,ERR,ERR,ERR,ERR,ERR,ERR,ERR,ERR,ERR,ERR,ERR,ERR,ERR,ERR,ERR,ERR,ERR,ERR,ERR,ERR,ERR,ERR,ERR,ERR,ERR,ERR,ERR,ERR,ERR,ERR,ERR,ERR,ERR,ERR,ERR,ERR,ERR,ERR,ERR,ERR,ERR,ERR,ERR,ERR,ERR,ERR,ERR,ERR,ERR,ERR,ERR,ERR,ERR,ERR,ERR,ERR,ERR,ERR,ERR,ERR,ERR,ERR,ERR,ERR,ERR,ERR,ERR,ERR,ERR,ERR,ERR,ERR,ERR,ERR,ERR,0.0,2.7184296605801213e+23,-0.0,0.0,0.0,1.3936040501711995e+18,7.805,0.0,0,0,4,0,7300,-0.0,0,0.0,0.0,0.0,0.0,0.0,0,0,0,0,0.0,0,0,0,0,0,0,0,0,0,0,0,0,0,0,0,0,0,0,0,0,0,0,0,0,0,0,0,0,0,0,0,0,0,32,30,30,62,65476,0,300,0,0,8,21553,0.0,-107605600.0,0.0,0.0,0.0,0.0,0.0,0.0,0.0,0.0,0.0,0.0,0.0,0.0,0.0,0.0,0.0,0.0,0.0,0.0,0.0,0.0,2.004,-0.0,2.004,0.0,0.0,0.0,0.0,0.0,5513.0,-0.0,6935.0,0.0,2.7184296605801213e+23,-0.0,0.0,0.0,0.0,0.0,0.0,63,-89221.07,0.0,0.0,0.0,0.0,0.0,0.0,0.0,0.0,0,0,0,0.0,0.0,0.0,0.0,0.0,0.0,0.0,0.0,0.0,0.0,0.0,0.0,0.0,0.0,0.0,0.0,0,-107875648.0,63,0.0,126,2.7184242562605685e+23,2.842318642297501e+23,ERR,ERR,ERR,ERR,ERR,ERR,ERR,ERR,ERR,ERR,ERR,ERR,ERR,ERR,ERR,ERR,ERR,ERR,ERR,ERR,ERR,ERR,ERR,ERR,ERR,ERR,ERR,ERR,ERR,ERR,ERR,ERR,ERR,ERR,ERR,ERR,ERR,ERR,ERR,ERR,ERR,ERR,ERR,ERR,ERR,ERR,ERR,ERR,ERR,ERR,ERR,ERR,ERR,ERR,ERR,ERR,ERR,ERR,ERR,ERR,ERR,ERR,ERR,ERR,ERR,ERR,ERR,34.0,80.0,35,0.0,0.0,0.0,0.0,0.0,0.0,0.0,0.0,0.0,0.0,0.0,0.0,0.0,0.0,0.0,0.0,64.8,0,116,56,49,65476,0,300,0,0,8,20529,65476,0,0,57672,80.0,0.0,0.0,0.0,0.0,0.0
2026-06-17T04:59:51,ERR,ERR,ERR,ERR,ERR,ERR,ERR,ERR,ERR,ERR,ERR,ERR,ERR,ERR,ERR,ERR,ERR,ERR,ERR,ERR,ERR,ERR,ERR,ERR,ERR,ERR,ERR,ERR,ERR,ERR,ERR,ERR,ERR,ERR,ERR,ERR,ERR,ERR,ERR,ERR,ERR,ERR,ERR,ERR,ERR,ERR,ERR,ERR,ERR,ERR,ERR,ERR,ERR,ERR,ERR,ERR,ERR,ERR,ERR,ERR,ERR,ERR,ERR,ERR,ERR,ERR,ERR,ERR,ERR,ERR,ERR,ERR,ERR,ERR,ERR,ERR,ERR,ERR,ERR,ERR,ERR,ERR,ERR,ERR,ERR,ERR,ERR,ERR,ERR,ERR,ERR,ERR,ERR,ERR,ERR,ERR,ERR,ERR,ERR,ERR,ERR,ERR,ERR,ERR,ERR,ERR,ERR,ERR,ERR,ERR,ERR,ERR,ERR,ERR,ERR,ERR,ERR,ERR,ERR,ERR,ERR,ERR,ERR,ERR,ERR,0.0,2.7184296605801213e+23,-0.0,0.0,0.0,1.3936040501711995e+18,7.805,0.0,0,0,4,0,7300,-0.0,0,0.0,0.0,0.0,0.0,0.0,0,0,0,0,0.0,0,0,0,0,0,0,0,0,0,0,0,0,0,0,0,0,0,0,0,0,0,0,0,0,0,0,0,0,0,0,0,0,0,32,30,30,62,65476,0,300,0,0,8,21553,0.0,-107605600.0,0.0,0.0,0.0,0.0,0.0,0.0,0.0,0.0,0.0,0.0,0.0,0.0,0.0,0.0,0.0,0.0,0.0,0.0,0.0,0.0,2.004,-0.0,2.004,0.0,0.0,0.0,0.0,0.0,5513.0,-0.0,6935.0,0.0,2.7184296605801213e+23,-0.0,0.0,0.0,0.0,0.0,0.0,63,-89221.07,0.0,0.0,0.0,0.0,0.0,0.0,0.0,0.0,0,0,0,0.0,0.0,0.0,0.0,0.0,0.0,0.0,0.0,0.0,0.0,0.0,0.0,0.0,0.0,0.0,0.0,0,-107875648.0,63,0.0,126,2.7184242562605685e+23,2.842318642297501e+23,ERR,ERR,ERR,ERR,ERR,ERR,ERR,ERR,ERR,ERR,ERR,ERR,ERR,ERR,ERR,ERR,ERR,ERR,ERR,ERR,ERR,ERR,ERR,ERR,ERR,ERR,ERR,ERR,ERR,ERR,ERR,ERR,ERR,ERR,ERR,ERR,ERR,ERR,ERR,ERR,ERR,ERR,ERR,ERR,ERR,ERR,ERR,ERR,ERR,ERR,ERR,ERR,ERR,ERR,ERR,ERR,ERR,ERR,ERR,ERR,ERR,ERR,ERR,ERR,ERR,ERR,ERR,34.0,80.0,35,0.0,0.0,0.0,0.0,0.0,0.0,0.0,0.0,0.0,0.0,0.0,0.0,0.0,0.0,0.0,0.0,64.8,0,116,56,49,65476,0,300,0,0,8,20529,65476,0,0,57672,80.0,0.0,0.0,0.0,0.0,0.0
2026-06-17T04:59:52,ERR,ERR,ERR,ERR,ERR,ERR,ERR,ERR,ERR,ERR,ERR,ERR,ERR,ERR,ERR,ERR,ERR,ERR,ERR,ERR,ERR,ERR,ERR,ERR,ERR,ERR,ERR,ERR,ERR,ERR,ERR,ERR,ERR,ERR,ERR,ERR,ERR,ERR,ERR,ERR,ERR,ERR,ERR,ERR,ERR,ERR,ERR,ERR,ERR,ERR,ERR,ERR,ERR,ERR,ERR,ERR,ERR,ERR,ERR,ERR,ERR,ERR,ERR,ERR,ERR,ERR,ERR,ERR,ERR,ERR,ERR,ERR,ERR,ERR,ERR,ERR,ERR,ERR,ERR,ERR,ERR,ERR,ERR,ERR,ERR,ERR,ERR,ERR,ERR,ERR,ERR,ERR,ERR,ERR,ERR,ERR,ERR,ERR,ERR,ERR,ERR,ERR,ERR,ERR,ERR,ERR,ERR,ERR,ERR,ERR,ERR,ERR,ERR,ERR,ERR,ERR,ERR,ERR,ERR,ERR,ERR,ERR,ERR,ERR,ERR,0.0,2.7184296605801213e+23,-0.0,0.0,0.0,1.3936040501711995e+18,7.805,0.0,0,0,4,0,7300,-0.0,0,0.0,0.0,0.0,0.0,0.0,0,0,0,0,0.0,0,0,0,0,0,0,0,0,0,0,0,0,0,0,0,0,0,0,0,0,0,0,0,0,0,0,0,0,0,0,0,0,0,32,30,30,62,65476,0,300,0,0,8,21553,0.0,-107605600.0,0.0,0.0,0.0,0.0,0.0,0.0,0.0,0.0,0.0,0.0,0.0,0.0,0.0,0.0,0.0,0.0,0.0,0.0,0.0,0.0,2.004,-0.0,2.004,0.0,0.0,0.0,0.0,0.0,5513.0,-0.0,6935.0,0.0,2.7184296605801213e+23,-0.0,0.0,0.0,0.0,0.0,0.0,63,-89221.07,0.0,0.0,0.0,0.0,0.0,0.0,0.0,0.0,0,0,0,0.0,0.0,0.0,0.0,0.0,0.0,0.0,0.0,0.0,0.0,0.0,0.0,0.0,0.0,0.0,0.0,0,-107875648.0,63,0.0,126,2.7184242562605685e+23,2.842318642297501e+23,ERR,ERR,ERR,ERR,ERR,ERR,ERR,ERR,ERR,ERR,ERR,ERR,ERR,ERR,ERR,ERR,ERR,ERR,ERR,ERR,ERR,ERR,ERR,ERR,ERR,ERR,ERR,ERR,ERR,ERR,ERR,ERR,ERR,ERR,ERR,ERR,ERR,ERR,ERR,ERR,ERR,ERR,ERR,ERR,ERR,ERR,ERR,ERR,ERR,ERR,ERR,ERR,ERR,ERR,ERR,ERR,ERR,ERR,ERR,ERR,ERR,ERR,ERR,ERR,ERR,ERR,ERR,34.0,80.0,35,0.0,0.0,0.0,0.0,0.0,0.0,0.0,0.0,0.0,0.0,0.0,0.0,0.0,0.0,0.0,0.0,64.4,0,116,56,49,65476,0,300,0,0,8,20529,65476,0,0,57672,80.0,0.0,0.0,0.0,0.0,0.0
2026-06-17T04:59:53,ERR,ERR,ERR,ERR,ERR,ERR,ERR,ERR,ERR,ERR,ERR,ERR,ERR,ERR,ERR,ERR,ERR,ERR,ERR,ERR,ERR,ERR,ERR,ERR,ERR,ERR,ERR,ERR,ERR,ERR,ERR,ERR,ERR,ERR,ERR,ERR,ERR,ERR,ERR,ERR,ERR,ERR,ERR,ERR,ERR,ERR,ERR,ERR,ERR,ERR,ERR,ERR,ERR,ERR,ERR,ERR,ERR,ERR,ERR,ERR,ERR,ERR,ERR,ERR,ERR,ERR,ERR,ERR,ERR,ERR,ERR,ERR,ERR,ERR,ERR,ERR,ERR,ERR,ERR,ERR,ERR,ERR,ERR,ERR,ERR,ERR,ERR,ERR,ERR,ERR,ERR,ERR,ERR,ERR,ERR,ERR,ERR,ERR,ERR,ERR,ERR,ERR,ERR,ERR,ERR,ERR,ERR,ERR,ERR,ERR,ERR,ERR,ERR,ERR,ERR,ERR,ERR,ERR,ERR,ERR,ERR,ERR,ERR,ERR,ERR,0.0,2.7184296605801213e+23,-0.0,0.0,0.0,1.3936040501711995e+18,7.805,0.0,0,0,4,0,7300,-0.0,0,0.0,0.0,0.0,0.0,0.0,0,0,0,0,0.0,0,0,0,0,0,0,0,0,0,0,0,0,0,0,0,0,0,0,0,0,0,0,0,0,0,0,0,0,0,0,0,0,0,32,30,30,62,65476,0,300,0,0,8,21553,0.0,-107605600.0,0.0,0.0,0.0,0.0,0.0,0.0,0.0,0.0,0.0,0.0,0.0,0.0,0.0,0.0,0.0,0.0,0.0,0.0,0.0,0.0,2.004,-0.0,2.004,0.0,0.0,0.0,0.0,0.0,5513.0,-0.0,6935.0,0.0,2.7184296605801213e+23,-0.0,0.0,0.0,0.0,0.0,0.0,63,-89221.07,0.0,0.0,0.0,0.0,0.0,0.0,0.0,0.0,0,0,0,0.0,0.0,0.0,0.0,0.0,0.0,0.0,0.0,0.0,0.0,0.0,0.0,0.0,0.0,0.0,0.0,0,-107875648.0,63,0.0,126,2.7184242562605685e+23,2.842318642297501e+23,ERR,ERR,ERR,ERR,ERR,ERR,ERR,ERR,ERR,ERR,ERR,ERR,ERR,ERR,ERR,ERR,ERR,ERR,ERR,ERR,ERR,ERR,ERR,ERR,ERR,ERR,ERR,ERR,ERR,ERR,ERR,ERR,ERR,ERR,ERR,ERR,ERR,ERR,ERR,ERR,ERR,ERR,ERR,ERR,ERR,ERR,ERR,ERR,ERR,ERR,ERR,ERR,ERR,ERR,ERR,ERR,ERR,ERR,ERR,ERR,ERR,ERR,ERR,ERR,ERR,ERR,ERR,34.0,80.0,35,0.0,0.0,0.0,0.0,0.0,0.0,0.0,0.0,0.0,0.0,0.0,0.0,0.0,0.0,0.0,0.0,64.4,0,116,56,49,65476,0,300,0,0,8,20529,65476,0,0,57672,80.0,0.0,0.0,0.0,0.0,0.0
2026-06-17T04:59:54,ERR,ERR,ERR,ERR,ERR,ERR,ERR,ERR,ERR,ERR,ERR,ERR,ERR,ERR,ERR,ERR,ERR,ERR,ERR,ERR,ERR,ERR,ERR,ERR,ERR,ERR,ERR,ERR,ERR,ERR,ERR,ERR,ERR,ERR,ERR,ERR,ERR,ERR,ERR,ERR,ERR,ERR,ERR,ERR,ERR,ERR,ERR,ERR,ERR,ERR,ERR,ERR,ERR,ERR,ERR,ERR,ERR,ERR,ERR,ERR,ERR,ERR,ERR,ERR,ERR,ERR,ERR,ERR,ERR,ERR,ERR,ERR,ERR,ERR,ERR,ERR,ERR,ERR,ERR,ERR,ERR,ERR,ERR,ERR,ERR,ERR,ERR,ERR,ERR,ERR,ERR,ERR,ERR,ERR,ERR,ERR,ERR,ERR,ERR,ERR,ERR,ERR,ERR,ERR,ERR,ERR,ERR,ERR,ERR,ERR,ERR,ERR,ERR,ERR,ERR,ERR,ERR,ERR,ERR,ERR,ERR,ERR,ERR,ERR,ERR,0.0,2.7184296605801213e+23,-0.0,0.0,0.0,1.3936040501711995e+18,7.805,0.0,0,0,4,0,7300,-0.0,0,0.0,0.0,0.0,0.0,0.0,0,0,0,0,0.0,0,0,0,0,0,0,0,0,0,0,0,0,0,0,0,0,0,0,0,0,0,0,0,0,0,0,0,0,0,0,0,0,0,32,30,30,62,65476,0,300,0,0,8,21553,0.0,-107605600.0,0.0,0.0,0.0,0.0,0.0,0.0,0.0,0.0,0.0,0.0,0.0,0.0,0.0,0.0,0.0,0.0,0.0,0.0,0.0,0.0,2.004,-0.0,2.004,0.0,0.0,0.0,0.0,0.0,5513.0,-0.0,6935.0,0.0,2.7184296605801213e+23,-0.0,0.0,0.0,0.0,0.0,0.0,63,-89221.07,0.0,0.0,0.0,0.0,0.0,0.0,0.0,0.0,0,0,0,0.0,0.0,0.0,0.0,0.0,0.0,0.0,0.0,0.0,0.0,0.0,0.0,0.0,0.0,0.0,0.0,0,-107875648.0,63,0.0,126,2.7184242562605685e+23,2.842318642297501e+23,ERR,ERR,ERR,ERR,ERR,ERR,ERR,ERR,ERR,ERR,ERR,ERR,ERR,ERR,ERR,ERR,ERR,ERR,ERR,ERR,ERR,ERR,ERR,ERR,ERR,ERR,ERR,ERR,ERR,ERR,ERR,ERR,ERR,ERR,ERR,ERR,ERR,ERR,ERR,ERR,ERR,ERR,ERR,ERR,ERR,ERR,ERR,ERR,ERR,ERR,ERR,ERR,ERR,ERR,ERR,ERR,ERR,ERR,ERR,ERR,ERR,ERR,ERR,ERR,ERR,ERR,ERR,34.0,80.0,35,0.0,0.0,0.0,0.0,0.0,0.0,0.0,0.0,0.0,0.0,0.0,0.0,0.0,0.0,0.0,0.0,64.8,0,116,56,49,65476,0,300,0,0,8,20529,65476,0,0,57672,80.0,0.0,0.0,0.0,0.0,0.0
2026-06-17T04:59:55,ERR,ERR,ERR,ERR,ERR,ERR,ERR,ERR,ERR,ERR,ERR,ERR,ERR,ERR,ERR,ERR,ERR,ERR,ERR,ERR,ERR,ERR,ERR,ERR,ERR,ERR,ERR,ERR,ERR,ERR,ERR,ERR,ERR,ERR,ERR,ERR,ERR,ERR,ERR,ERR,ERR,ERR,ERR,ERR,ERR,ERR,ERR,ERR,ERR,ERR,ERR,ERR,ERR,ERR,ERR,ERR,ERR,ERR,ERR,ERR,ERR,ERR,ERR,ERR,ERR,ERR,ERR,ERR,ERR,ERR,ERR,ERR,ERR,ERR,ERR,ERR,ERR,ERR,ERR,ERR,ERR,ERR,ERR,ERR,ERR,ERR,ERR,ERR,ERR,ERR,ERR,ERR,ERR,ERR,ERR,ERR,ERR,ERR,ERR,ERR,ERR,ERR,ERR,ERR,ERR,ERR,ERR,ERR,ERR,ERR,ERR,ERR,ERR,ERR,ERR,ERR,ERR,ERR,ERR,ERR,ERR,ERR,ERR,ERR,ERR,0.0,2.7184296605801213e+23,-100793952.0,0.0,0.0,1.3936040501711995e+18,7.805,0.0,0,0,4,0,7300,-0.0,0,0.0,0.0,0.0,0.0,0.0,0,0,0,0,0.0,0,0,0,0,0,0,0,0,0,0,0,0,0,0,0,0,0,0,0,0,0,0,0,0,0,0,0,0,0,0,0,0,0,32,30,30,62,65476,0,300,0,0,8,21553,0.0,-107605600.0,0.0,0.0,0.0,0.0,0.0,0.0,0.0,0.0,0.0,0.0,0.0,0.0,0.0,0.0,0.0,0.0,0.0,0.0,0.0,0.0,-0.0,-0.0,2.004,0.0,0.0,0.0,0.0,0.0,5543.0,0.0,6919.0,0.0,2.7184296605801213e+23,-0.0,0.0,0.0,0.0,0.0,0.0,63,-0.059,-0.0,0.0,0.0,0.0,0.0,0.0,0.0,0.0,0,0,0,0.0,0.0,0.0,0.0,0.0,0.0,0.0,0.0,0.0,0.0,0.0,0.0,0.0,0.0,0.0,0.0,0,-107875648.0,63,0.0,126,2.7184242562605685e+23,2.842318642297501e+23,ERR,ERR,ERR,ERR,ERR,ERR,ERR,ERR,ERR,ERR,ERR,ERR,ERR,ERR,ERR,ERR,ERR,ERR,ERR,ERR,ERR,ERR,ERR,ERR,ERR,ERR,ERR,ERR,ERR,ERR,ERR,ERR,ERR,ERR,ERR,ERR,ERR,ERR,ERR,ERR,ERR,ERR,ERR,ERR,ERR,ERR,ERR,ERR,ERR,ERR,ERR,ERR,ERR,ERR,ERR,ERR,ERR,ERR,ERR,ERR,ERR,ERR,ERR,ERR,ERR,ERR,ERR,34.0,80.0,35,0.0,0.0,0.0,0.0,0.0,0.0,0.0,0.0,0.0,0.0,0.0,0.0,0.0,0.0,0.0,0.0,64.8,0,116,56,49,65476,0,300,0,0,8,20529,65476,0,0,57672,80.0,0.0,0.0,0.0,0.0,0.0
2026-06-17T04:59:56,ERR,ERR,ERR,ERR,ERR,ERR,ERR,ERR,ERR,ERR,ERR,ERR,ERR,ERR,ERR,ERR,ERR,ERR,ERR,ERR,ERR,ERR,ERR,ERR,ERR,ERR,ERR,ERR,ERR,ERR,ERR,ERR,ERR,ERR,ERR,ERR,ERR,ERR,ERR,ERR,ERR,ERR,ERR,ERR,ERR,ERR,ERR,ERR,ERR,ERR,ERR,ERR,ERR,ERR,ERR,ERR,ERR,ERR,ERR,ERR,ERR,ERR,ERR,ERR,ERR,ERR,ERR,ERR,ERR,ERR,ERR,ERR,ERR,ERR,ERR,ERR,ERR,ERR,ERR,ERR,ERR,ERR,ERR,ERR,ERR,ERR,ERR,ERR,ERR,ERR,ERR,ERR,ERR,ERR,ERR,ERR,ERR,ERR,ERR,ERR,ERR,ERR,ERR,ERR,ERR,ERR,ERR,ERR,ERR,ERR,ERR,ERR,ERR,ERR,ERR,ERR,ERR,ERR,ERR,ERR,ERR,ERR,ERR,ERR,ERR,0.0,2.7184296605801213e+23,-100793952.0,0.0,0.0,1.3936040501711995e+18,7.805,0.0,0,0,4,0,7300,-0.0,0,0.0,0.0,0.0,0.0,0.0,0,0,0,0,0.0,0,0,0,0,0,0,0,0,0,0,0,0,0,0,0,0,0,0,0,0,0,0,0,0,0,0,0,0,0,0,0,0,0,32,30,30,62,65476,0,300,0,0,8,21553,0.0,-107605600.0,0.0,0.0,0.0,0.0,0.0,0.0,0.0,0.0,0.0,0.0,0.0,0.0,0.0,0.0,0.0,0.0,0.0,0.0,0.0,0.0,-0.0,-0.0,2.004,0.0,0.0,0.0,0.0,0.0,5543.0,0.0,6919.0,0.0,2.7184296605801213e+23,-0.0,0.0,0.0,0.0,0.0,0.0,63,-0.059,-0.0,0.0,0.0,0.0,0.0,0.0,0.0,0.0,0,0,0,0.0,0.0,0.0,0.0,0.0,0.0,0.0,0.0,0.0,0.0,0.0,0.0,0.0,0.0,0.0,0.0,0,-107875648.0,63,0.0,126,2.7184242562605685e+23,2.842318642297501e+23,ERR,ERR,ERR,ERR,ERR,ERR,ERR,ERR,ERR,ERR,ERR,ERR,ERR,ERR,ERR,ERR,ERR,ERR,ERR,ERR,ERR,ERR,ERR,ERR,ERR,ERR,ERR,ERR,ERR,ERR,ERR,ERR,ERR,ERR,ERR,ERR,ERR,ERR,ERR,ERR,ERR,ERR,ERR,ERR,ERR,ERR,ERR,ERR,ERR,ERR,ERR,ERR,ERR,ERR,ERR,ERR,ERR,ERR,ERR,ERR,ERR,ERR,ERR,ERR,ERR,ERR,ERR,34.0,80.0,35,0.0,0.0,0.0,0.0,0.0,0.0,0.0,0.0,0.0,0.0,0.0,0.0,0.0,0.0,0.0,0.0,64.4,0,116,56,49,65476,0,300,0,0,8,20529,65476,0,0,57672,80.0,0.0,0.0,0.0,0.0,0.0
2026-06-17T04:59:57,ERR,ERR,ERR,ERR,ERR,ERR,ERR,ERR,ERR,ERR,ERR,ERR,ERR,ERR,ERR,ERR,ERR,ERR,ERR,ERR,ERR,ERR,ERR,ERR,ERR,ERR,ERR,ERR,ERR,ERR,ERR,ERR,ERR,ERR,ERR,ERR,ERR,ERR,ERR,ERR,ERR,ERR,ERR,ERR,ERR,ERR,ERR,ERR,ERR,ERR,ERR,ERR,ERR,ERR,ERR,ERR,ERR,ERR,ERR,ERR,ERR,ERR,ERR,ERR,ERR,ERR,ERR,ERR,ERR,ERR,ERR,ERR,ERR,ERR,ERR,ERR,ERR,ERR,ERR,ERR,ERR,ERR,ERR,ERR,ERR,ERR,ERR,ERR,ERR,ERR,ERR,ERR,ERR,ERR,ERR,ERR,ERR,ERR,ERR,ERR,ERR,ERR,ERR,ERR,ERR,ERR,ERR,ERR,ERR,ERR,ERR,ERR,ERR,ERR,ERR,ERR,ERR,ERR,ERR,ERR,ERR,ERR,ERR,ERR,ERR,0.0,2.7184296605801213e+23,-100793952.0,0.0,0.0,1.3936040501711995e+18,7.805,0.0,0,0,4,0,7300,-0.0,0,0.0,0.0,0.0,0.0,0.0,0,0,0,0,0.0,0,0,0,0,0,0,0,0,0,0,0,0,0,0,0,0,0,0,0,0,0,0,0,0,0,0,0,0,0,0,0,0,0,32,30,30,62,65476,0,300,0,0,8,21553,0.0,-107605600.0,0.0,0.0,0.0,0.0,0.0,0.0,0.0,0.0,0.0,0.0,0.0,0.0,0.0,0.0,0.0,0.0,0.0,0.0,0.0,0.0,-0.0,-0.0,2.004,0.0,0.0,0.0,0.0,0.0,5543.0,0.0,6919.0,0.0,2.7184296605801213e+23,-0.0,0.0,0.0,0.0,0.0,0.0,63,-0.059,-0.0,0.0,0.0,0.0,0.0,0.0,0.0,0.0,0,0,0,0.0,0.0,0.0,0.0,0.0,0.0,0.0,0.0,0.0,0.0,0.0,0.0,0.0,0.0,0.0,0.0,0,-107875648.0,63,0.0,126,2.7184242562605685e+23,2.842318642297501e+23,ERR,ERR,ERR,ERR,ERR,ERR,ERR,ERR,ERR,ERR,ERR,ERR,ERR,ERR,ERR,ERR,ERR,ERR,ERR,ERR,ERR,ERR,ERR,ERR,ERR,ERR,ERR,ERR,ERR,ERR,ERR,ERR,ERR,ERR,ERR,ERR,ERR,ERR,ERR,ERR,ERR,ERR,ERR,ERR,ERR,ERR,ERR,ERR,ERR,ERR,ERR,ERR,ERR,ERR,ERR,ERR,ERR,ERR,ERR,ERR,ERR,ERR,ERR,ERR,ERR,ERR,ERR,34.0,80.0,35,0.0,0.0,0.0,0.0,0.0,0.0,0.0,0.0,0.0,0.0,0.0,0.0,0.0,0.0,0.0,0.0,64.4,0,116,56,49,65476,0,300,0,0,8,20529,65476,0,0,57672,80.0,0.0,0.0,0.0,0.0,0.0
2026-06-17T04:59:58,ERR,ERR,ERR,ERR,ERR,ERR,ERR,ERR,ERR,ERR,ERR,ERR,ERR,ERR,ERR,ERR,ERR,ERR,ERR,ERR,ERR,ERR,ERR,ERR,ERR,ERR,ERR,ERR,ERR,ERR,ERR,ERR,ERR,ERR,ERR,ERR,ERR,ERR,ERR,ERR,ERR,ERR,ERR,ERR,ERR,ERR,ERR,ERR,ERR,ERR,ERR,ERR,ERR,ERR,ERR,ERR,ERR,ERR,ERR,ERR,ERR,ERR,ERR,ERR,ERR,ERR,ERR,ERR,ERR,ERR,ERR,ERR,ERR,ERR,ERR,ERR,ERR,ERR,ERR,ERR,ERR,ERR,ERR,ERR,ERR,ERR,ERR,ERR,ERR,ERR,ERR,ERR,ERR,ERR,ERR,ERR,ERR,ERR,ERR,ERR,ERR,ERR,ERR,ERR,ERR,ERR,ERR,ERR,ERR,ERR,ERR,ERR,ERR,ERR,ERR,ERR,ERR,ERR,ERR,ERR,ERR,ERR,ERR,ERR,ERR,0.0,2.7184296605801213e+23,-100793952.0,0.0,0.0,1.3936040501711995e+18,7.805,0.0,0,0,4,0,7300,-0.0,0,0.0,0.0,0.0,0.0,0.0,0,0,0,0,0.0,0,0,0,0,0,0,0,0,0,0,0,0,0,0,0,0,0,0,0,0,0,0,0,0,0,0,0,0,0,0,0,0,0,32,30,30,62,65476,0,300,0,0,8,21553,0.0,-107605600.0,0.0,0.0,0.0,0.0,0.0,0.0,0.0,0.0,0.0,0.0,0.0,0.0,0.0,0.0,0.0,0.0,0.0,0.0,0.0,0.0,-0.0,-0.0,2.004,0.0,0.0,0.0,0.0,0.0,5543.0,0.0,6919.0,0.0,2.7184296605801213e+23,-0.0,0.0,0.0,0.0,0.0,0.0,63,-0.059,-0.0,0.0,0.0,0.0,0.0,0.0,0.0,0.0,0,0,0,0.0,0.0,0.0,0.0,0.0,0.0,0.0,0.0,0.0,0.0,0.0,0.0,0.0,0.0,0.0,0.0,0,-107875648.0,63,0.0,126,2.7184242562605685e+23,2.842318642297501e+23,ERR,ERR,ERR,ERR,ERR,ERR,ERR,ERR,ERR,ERR,ERR,ERR,ERR,ERR,ERR,ERR,ERR,ERR,ERR,ERR,ERR,ERR,ERR,ERR,ERR,ERR,ERR,ERR,ERR,ERR,ERR,ERR,ERR,ERR,ERR,ERR,ERR,ERR,ERR,ERR,ERR,ERR,ERR,ERR,ERR,ERR,ERR,ERR,ERR,ERR,ERR,ERR,ERR,ERR,ERR,ERR,ERR,ERR,ERR,ERR,ERR,ERR,ERR,ERR,ERR,ERR,ERR,34.0,80.0,35,0.0,0.0,0.0,0.0,0.0,0.0,0.0,0.0,0.0,0.0,0.0,0.0,0.0,0.0,0.0,0.0,64.4,0,116,56,49,65476,0,300,0,0,8,20529,65476,0,0,57672,80.0,0.0,0.0,0.0,0.0,0.0
2026-06-17T04:59:59,ERR,ERR,ERR,ERR,ERR,ERR,ERR,ERR,ERR,ERR,ERR,ERR,ERR,ERR,ERR,ERR,ERR,ERR,ERR,ERR,ERR,ERR,ERR,ERR,ERR,ERR,ERR,ERR,ERR,ERR,ERR,ERR,ERR,ERR,ERR,ERR,ERR,ERR,ERR,ERR,ERR,ERR,ERR,ERR,ERR,ERR,ERR,ERR,ERR,ERR,ERR,ERR,ERR,ERR,ERR,ERR,ERR,ERR,ERR,ERR,ERR,ERR,ERR,ERR,ERR,ERR,ERR,ERR,ERR,ERR,ERR,ERR,ERR,ERR,ERR,ERR,ERR,ERR,ERR,ERR,ERR,ERR,ERR,ERR,ERR,ERR,ERR,ERR,ERR,ERR,ERR,ERR,ERR,ERR,ERR,ERR,ERR,ERR,ERR,ERR,ERR,ERR,ERR,ERR,ERR,ERR,ERR,ERR,ERR,ERR,ERR,ERR,ERR,ERR,ERR,ERR,ERR,ERR,ERR,ERR,ERR,ERR,ERR,ERR,ERR,0.0,2.7184296605801213e+23,-100793952.0,0.0,0.0,1.3936040501711995e+18,7.805,0.0,0,0,4,0,7300,-0.0,0,0.0,0.0,0.0,0.0,0.0,0,0,0,0,0.0,0,0,0,0,0,0,0,0,0,0,0,0,0,0,0,0,0,0,0,0,0,0,0,0,0,0,0,0,0,0,0,0,0,32,30,30,62,65476,0,300,0,0,8,21553,0.0,-107605600.0,0.0,0.0,0.0,0.0,0.0,0.0,0.0,0.0,0.0,0.0,0.0,0.0,0.0,0.0,0.0,0.0,0.0,0.0,0.0,0.0,-0.0,-0.0,2.004,0.0,0.0,0.0,0.0,0.0,5543.0,0.0,6919.0,0.0,2.7184296605801213e+23,-0.0,0.0,0.0,0.0,0.0,0.0,63,-0.059,-0.0,0.0,0.0,0.0,0.0,0.0,0.0,0.0,0,0,0,0.0,0.0,0.0,0.0,0.0,0.0,0.0,0.0,0.0,0.0,0.0,0.0,0.0,0.0,0.0,0.0,0,-107875648.0,63,0.0,126,2.7184242562605685e+23,2.842318642297501e+23,ERR,ERR,ERR,ERR,ERR,ERR,ERR,ERR,ERR,ERR,ERR,ERR,ERR,ERR,ERR,ERR,ERR,ERR,ERR,ERR,ERR,ERR,ERR,ERR,ERR,ERR,ERR,ERR,ERR,ERR,ERR,ERR,ERR,ERR,ERR,ERR,ERR,ERR,ERR,ERR,ERR,ERR,ERR,ERR,ERR,ERR,ERR,ERR,ERR,ERR,ERR,ERR,ERR,ERR,ERR,ERR,ERR,ERR,ERR,ERR,ERR,ERR,ERR,ERR,ERR,ERR,ERR,34.0,80.0,35,0.0,0.0,0.0,0.0,0.0,0.0,0.0,0.0,0.0,0.0,0.0,0.0,0.0,0.0,0.0,0.0,64.4,0,116,56,49,65476,0,300,0,0,8,20529,65476,0,0,57672,80.0,0.0,0.0,0.0,0.0,0.0
